waveform;Bridge;FTC1;FTC2;Bridge (Filtered);T_env;T_cell
t0;02/12/2021  12:05:21,195958;02/12/2021  12:05:21,195958;02/12/2021  12:05:21,195958;02/12/2021  12:05:21,195958;02/12/2021  12:05:17,284489;02/12/2021  12:05:17,284489
delta t;0,000100;0,000100;0,000100;0,000100;0,512821;0,512821

time;Bridge;FTC1;FTC2;Bridge (Filtered);T_env;T_cell
02/12/2021  12:05:21,195958;9,172386E-1;1,474434E-1;1,310007E-1;2,673429E-5;1,081912E+2;1,087729E+2
02/12/2021  12:05:21,196058;9,175903E-1;1,152668E-1;1,423743E-1;1,837913E-4;;
02/12/2021  12:05:21,196158;9,170211E-1;1,665582E-1;1,543797E-1;6,417536E-4;;
02/12/2021  12:05:21,196258;9,165949E-1;1,624167E-1;1,401627E-1;1,575455E-3;;
02/12/2021  12:05:21,196358;9,156263E-1;1,541336E-1;1,505885E-1;3,135285E-3;;
02/12/2021  12:05:21,196458;9,154236E-1;1,557265E-1;1,401627E-1;5,448786E-3;;
02/12/2021  12:05:21,196558;9,163088E-1;1,652839E-1;1,518522E-1;8,622310E-3;;
02/12/2021  12:05:21,196658;9,165114E-1;1,254614E-1;1,373193E-1;1,274266E-2;;
02/12/2021  12:05:21,196758;9,165979E-1;1,353374E-1;1,297370E-1;1,787860E-2;;
02/12/2021  12:05:21,196858;9,168750E-1;1,267357E-1;1,376353E-1;2,408223E-2;;
02/12/2021  12:05:21,196958;9,172297E-1;1,356559E-1;1,420583E-1;3,139029E-2;;
02/12/2021  12:05:21,197058;9,177185E-1;1,127182E-1;8,961361E-2;3,982549E-2;;
02/12/2021  12:05:21,197158;9,173787E-1;1,299215E-1;1,019350E-1;4,939772E-2;;
02/12/2021  12:05:21,197258;9,179122E-1;1,238685E-1;1,253139E-1;6,010521E-2;;
02/12/2021  12:05:21,197358;9,169287E-1;1,369303E-1;1,392149E-1;7,193562E-2;;
02/12/2021  12:05:21,197458;9,178883E-1;1,372488E-1;1,300529E-1;8,486709E-2;;
02/12/2021  12:05:21,197558;9,183831E-1;1,423461E-1;1,455336E-1;9,886929E-2;;
02/12/2021  12:05:21,197658;9,184516E-1;1,146297E-1;1,196272E-1;1,139045E-1;;
02/12/2021  12:05:21,197758;9,174294E-1;1,178155E-1;1,275255E-1;1,299285E-1;;
02/12/2021  12:05:21,197858;9,165293E-1;4,135626E-2;9,277293E-2;1,468912E-1;;
02/12/2021  12:05:21,197958;9,178883E-1;4,040052E-2;9,308886E-2;1,647374E-1;;
02/12/2021  12:05:21,198058;9,178615E-1;1,742041E-1;2,046129E-1;1,834079E-1;;
02/12/2021  12:05:21,198158;9,183115E-1;1,267357E-1;1,268936E-1;2,028404E-1;;
02/12/2021  12:05:21,198258;9,176350E-1;1,232313E-1;1,436380E-1;2,229696E-1;;
02/12/2021  12:05:21,198358;9,172744E-1;1,305587E-1;1,208909E-1;2,437282E-1;;
02/12/2021  12:05:21,198458;9,184367E-1;1,210013E-1;1,227865E-1;2,650475E-1;;
02/12/2021  12:05:21,198558;9,194172E-1;1,031608E-1;1,177316E-1;2,868578E-1;;
02/12/2021  12:05:21,198658;9,194441E-1;1,286472E-1;1,297370E-1;3,090892E-1;;
02/12/2021  12:05:21,198758;9,193070E-1;1,267357E-1;1,332122E-1;3,316718E-1;;
02/12/2021  12:05:21,198858;9,201027E-1;1,213198E-1;1,221546E-1;3,545364E-1;;
02/12/2021  12:05:21,198958;9,221412E-1;1,168597E-1;1,136244E-1;3,776145E-1;;
02/12/2021  12:05:21,199058;9,232767E-1;1,311958E-1;1,338441E-1;4,008391E-1;;
02/12/2021  12:05:21,199158;9,236373E-1;1,391603E-1;1,395309E-1;4,241448E-1;;
02/12/2021  12:05:21,199258;9,240814E-1;1,299215E-1;1,344760E-1;4,474684E-1;;
02/12/2021  12:05:21,199358;9,245076E-1;2,001140E-2;7,318515E-2;4,707484E-1;;
02/12/2021  12:05:21,199458;9,265610E-1;1,095324E-1;8,992954E-2;4,939258E-1;;
02/12/2021  12:05:21,199558;9,273478E-1;1,267357E-1;1,297370E-1;5,169441E-1;;
02/12/2021  12:05:21,199658;9,284028E-1;1,429833E-1;1,385831E-1;5,397496E-1;;
02/12/2021  12:05:21,199758;9,285519E-1;1,311958E-1;1,294210E-1;5,622912E-1;;
02/12/2021  12:05:21,199858;9,291360E-1;1,146297E-1;1,325804E-1;5,845210E-1;;
02/12/2021  12:05:21,199958;9,302655E-1;1,254614E-1;1,344760E-1;6,063937E-1;;
02/12/2021  12:05:21,200058;9,311477E-1;1,353374E-1;1,388990E-1;6,278672E-1;;
02/12/2021  12:05:21,200158;9,309391E-1;1,139925E-1;1,221546E-1;6,489024E-1;;
02/12/2021  12:05:21,200258;9,309152E-1;1,241871E-1;1,303688E-1;6,694631E-1;;
02/12/2021  12:05:21,200358;9,317676E-1;1,181340E-1;1,193112E-1;6,895162E-1;;
02/12/2021  12:05:21,200458;9,325604E-1;1,318330E-1;1,360556E-1;7,090317E-1;;
02/12/2021  12:05:21,200558;9,332250E-1;1,382046E-1;1,338441E-1;7,279826E-1;;
02/12/2021  12:05:21,200658;9,329240E-1;1,257800E-1;1,373193E-1;7,463449E-1;;
02/12/2021  12:05:21,200758;9,327511E-1;1,206827E-1;1,338441E-1;7,640974E-1;;
02/12/2021  12:05:21,200858;9,332339E-1;1,299215E-1;1,325804E-1;7,812221E-1;;
02/12/2021  12:05:21,200958;9,347270E-1;1,382046E-1;1,417424E-1;7,977033E-1;;
02/12/2021  12:05:21,201058;9,342591E-1;1,238685E-1;1,246821E-1;8,135285E-1;;
02/12/2021  12:05:21,201158;9,348343E-1;1,254614E-1;1,294210E-1;8,286877E-1;;
02/12/2021  12:05:21,201258;9,346764E-1;1,340630E-1;1,117289E-1;8,431736E-1;;
02/12/2021  12:05:21,201358;9,355913E-1;1,550893E-1;1,600664E-1;8,569814E-1;;
02/12/2021  12:05:21,201458;9,370129E-1;6,312458E-3;8,297904E-2;8,701084E-1;;
02/12/2021  12:05:21,201558;9,371172E-1;1,194084E-1;1,294210E-1;8,825547E-1;;
02/12/2021  12:05:21,201658;9,374898E-1;1,296029E-1;1,322644E-1;8,943224E-1;;
02/12/2021  12:05:21,201758;9,375106E-1;1,969282E-2;7,855599E-2;9,054158E-1;;
02/12/2021  12:05:21,201858;9,384822E-1;6,949618E-3;4,727872E-2;9,158410E-1;;
02/12/2021  12:05:21,201958;9,398383E-1;1,296029E-1;1,275255E-1;9,256059E-1;;
02/12/2021  12:05:21,202058;9,404969E-1;1,276914E-1;1,189953E-1;9,347205E-1;;
02/12/2021  12:05:21,202158;9,407115E-1;2,235840E-1;2,144068E-1;9,431961E-1;;
02/12/2021  12:05:21,202258;9,407234E-1;1,213198E-1;1,227865E-1;9,510458E-1;;
02/12/2021  12:05:21,202358;9,415102E-1;1,331073E-1;1,316326E-1;9,582836E-1;;
02/12/2021  12:05:21,202458;9,434176E-1;1,442576E-1;1,986102E-1;9,649252E-1;;
02/12/2021  12:05:21,202558;9,437961E-1;1,181340E-1;1,208909E-1;9,709871E-1;;
02/12/2021  12:05:21,202658;9,437782E-1;1,375674E-1;1,423743E-1;9,764872E-1;;
02/12/2021  12:05:21,202758;9,448720E-1;1,286472E-1;1,240502E-1;9,814439E-1;;
02/12/2021  12:05:21,202858;9,465648E-1;1,292843E-1;1,262617E-1;9,858767E-1;;
02/12/2021  12:05:21,202958;9,474589E-1;1,210013E-1;1,363715E-1;9,898057E-1;;
02/12/2021  12:05:21,203058;9,478165E-1;1,222756E-1;1,338441E-1;9,932517E-1;;
02/12/2021  12:05:21,203158;9,486480E-1;1,159040E-1;1,054102E-1;9,962359E-1;;
02/12/2021  12:05:21,203258;9,493186E-1;1,225942E-1;1,275255E-1;9,987799E-1;;
02/12/2021  12:05:21,203358;9,510293E-1;1,480806E-1;1,398468E-1;1,000906E+0;;
02/12/2021  12:05:21,203458;9,523794E-1;1,359745E-1;1,388990E-1;1,002635E+0;;
02/12/2021  12:05:21,203558;9,535178E-1;1,493549E-1;1,433221E-1;1,003990E+0;;
02/12/2021  12:05:21,203658;9,536102E-1;1,267357E-1;1,275255E-1;1,004994E+0;;
02/12/2021  12:05:21,203758;9,545550E-1;1,388417E-1;1,768108E-1;1,005668E+0;;
02/12/2021  12:05:21,203858;9,567753E-1;1,372488E-1;1,581709E-1;1,006035E+0;;
02/12/2021  12:05:21,203958;9,575561E-1;1,305587E-1;1,328963E-1;1,006116E+0;;
02/12/2021  12:05:21,204058;9,580360E-1;1,213198E-1;1,186794E-1;1,005933E+0;;
02/12/2021  12:05:21,204158;9,582446E-1;1,324701E-1;1,281573E-1;1,005508E+0;;
02/12/2021  12:05:21,204258;9,586916E-1;9,710776E-2;1,521681E-1;1,004861E+0;;
02/12/2021  12:05:21,204358;9,605007E-1;1,225942E-1;1,256299E-1;1,004012E+0;;
02/12/2021  12:05:21,204458;9,615617E-1;1,286472E-1;1,322644E-1;1,002981E+0;;
02/12/2021  12:05:21,204558;9,627091E-1;1,203641E-1;1,259458E-1;1,001787E+0;;
02/12/2021  12:05:21,204658;9,628313E-1;8,309024E-2;1,278414E-1;1,000449E+0;;
02/12/2021  12:05:21,204758;9,634840E-1;1,225942E-1;1,281573E-1;9,989843E-1;;
02/12/2021  12:05:21,204858;9,649950E-1;1,410718E-1;1,477451E-1;9,974113E-1;;
02/12/2021  12:05:21,204958;9,657758E-1;1,375674E-1;1,373193E-1;9,957459E-1;;
02/12/2021  12:05:21,205058;9,660679E-1;1,276914E-1;1,205749E-1;9,940043E-1;;
02/12/2021  12:05:21,205158;9,665686E-1;1,289658E-1;1,388990E-1;9,922015E-1;;
02/12/2021  12:05:21,205258;9,666550E-1;1,331073E-1;1,297370E-1;9,903519E-1;;
02/12/2021  12:05:21,205358;9,681541E-1;1,162226E-1;1,107811E-1;9,884690E-1;;
02/12/2021  12:05:21,205458;9,686458E-1;1,229127E-1;1,215227E-1;9,865657E-1;;
02/12/2021  12:05:21,205558;9,692210E-1;1,229127E-1;1,158360E-1;9,846539E-1;;
02/12/2021  12:05:21,205658;9,689051E-1;1,442576E-1;1,395309E-1;9,827450E-1;;
02/12/2021  12:05:21,205758;9,699125E-1;1,391603E-1;1,357397E-1;9,808494E-1;;
02/12/2021  12:05:21,205858;9,720344E-1;4,645354E-2;4,822652E-2;9,789767E-1;;
02/12/2021  12:05:21,205958;9,723593E-1;1,327887E-1;1,679647E-1;9,771360E-1;;
02/12/2021  12:05:21,206058;9,727765E-1;1,260985E-1;1,281573E-1;9,753358E-1;;
02/12/2021  12:05:21,206158;9,732742E-1;1,311958E-1;1,278414E-1;9,735838E-1;;
02/12/2021  12:05:21,206258;9,741177E-1;9,710776E-2;1,126766E-1;9,718870E-1;;
02/12/2021  12:05:21,206358;9,752502E-1;4,613496E-2;8,076751E-2;9,702518E-1;;
02/12/2021  12:05:21,206458;9,756644E-1;1,267357E-1;1,231024E-1;9,686837E-1;;
02/12/2021  12:05:21,206558;9,759356E-1;1,499920E-1;1,354238E-1;9,671879E-1;;
02/12/2021  12:05:21,206658;9,760370E-1;1,331073E-1;1,243661E-1;9,657688E-1;;
02/12/2021  12:05:21,206758;9,771307E-1;1,477620E-1;1,414265E-1;9,644300E-1;;
02/12/2021  12:05:21,206858;9,782513E-1;1,197269E-1;1,272095E-1;9,631748E-1;;
02/12/2021  12:05:21,206958;9,779980E-1;1,359745E-1;1,306848E-1;9,620057E-1;;
02/12/2021  12:05:21,207058;9,775688E-1;1,206827E-1;1,278414E-1;9,609249E-1;;
02/12/2021  12:05:21,207158;9,771814E-1;1,095324E-1;1,142563E-1;9,599338E-1;;
02/12/2021  12:05:21,207258;9,782215E-1;1,015679E-1;1,095173E-1;9,590330E-1;;
02/12/2021  12:05:21,207358;9,786686E-1;1,168597E-1;1,357397E-1;9,582229E-1;;
02/12/2021  12:05:21,207458;9,784808E-1;1,289658E-1;1,237343E-1;9,575034E-1;;
02/12/2021  12:05:21,207558;9,779980E-1;1,098510E-1;1,218387E-1;9,568739E-1;;
02/12/2021  12:05:21,207658;9,778192E-1;1,037979E-1;1,145722E-1;9,563334E-1;;
02/12/2021  12:05:21,207758;9,786894E-1;9,551486E-2;1,013031E-1;9,558803E-1;;
02/12/2021  12:05:21,207858;9,793928E-1;1,022050E-1;1,088855E-1;9,555129E-1;;
02/12/2021  12:05:21,207958;9,789159E-1;1,082581E-1;1,120448E-1;9,552293E-1;;
02/12/2021  12:05:21,208058;9,789636E-1;1,015679E-1;1,035146E-1;9,550270E-1;;
02/12/2021  12:05:21,208158;9,782513E-1;1,331073E-1;1,430061E-1;9,549037E-1;;
02/12/2021  12:05:21,208258;9,790054E-1;3,912620E-2;9,688005E-2;9,548563E-1;;
02/12/2021  12:05:21,208358;9,794166E-1;1,053908E-1;1,126766E-1;9,548819E-1;;
02/12/2021  12:05:21,208458;9,794524E-1;1,018865E-1;1,133085E-1;9,549773E-1;;
02/12/2021  12:05:21,208558;9,786626E-1;8,054160E-2;9,498445E-2;9,551393E-1;;
02/12/2021  12:05:21,208658;9,785553E-1;1,187712E-1;1,398468E-1;9,553643E-1;;
02/12/2021  12:05:21,208758;9,798816E-1;1,066652E-1;1,215227E-1;9,556487E-1;;
02/12/2021  12:05:21,208858;9,795001E-1;1,069837E-1;1,136244E-1;9,559890E-1;;
02/12/2021  12:05:21,208958;9,789249E-1;1,098510E-1;1,243661E-1;9,563815E-1;;
02/12/2021  12:05:21,209058;9,778311E-1;7,417000E-2;1,164678E-1;9,568225E-1;;
02/12/2021  12:05:21,209158;9,775003E-1;1,334259E-1;1,388990E-1;9,573081E-1;;
02/12/2021  12:05:21,209258;9,777417E-1;1,283286E-1;1,319485E-1;9,578342E-1;;
02/12/2021  12:05:21,209358;9,779056E-1;1,327887E-1;1,313166E-1;9,583969E-1;;
02/12/2021  12:05:21,209458;9,769996E-1;1,429833E-1;1,328963E-1;9,589923E-1;;
02/12/2021  12:05:21,209558;9,760876E-1;1,640096E-1;1,512204E-1;9,596163E-1;;
02/12/2021  12:05:21,209658;9,757986E-1;1,742041E-1;1,496407E-1;9,602650E-1;;
02/12/2021  12:05:21,209758;9,760996E-1;1,805757E-1;1,480610E-1;9,609345E-1;;
02/12/2021  12:05:21,209858;9,758760E-1;1,748413E-1;1,559593E-1;9,616209E-1;;
02/12/2021  12:05:21,209958;9,749223E-1;1,592309E-1;1,490088E-1;9,623205E-1;;
02/12/2021  12:05:21,210058;9,737839E-1;1,560451E-1;1,306848E-1;9,630297E-1;;
02/12/2021  12:05:21,210158;9,734322E-1;1,477620E-1;1,420583E-1;9,637447E-1;;
02/12/2021  12:05:21,210258;9,732862E-1;1,334259E-1;1,442698E-1;9,644622E-1;;
02/12/2021  12:05:21,210358;9,733934E-1;1,560451E-1;1,553275E-1;9,651785E-1;;
02/12/2021  12:05:21,210458;9,726573E-1;1,413904E-1;1,385831E-1;9,658905E-1;;
02/12/2021  12:05:21,210558;9,712953E-1;1,315144E-1;1,370034E-1;9,665951E-1;;
02/12/2021  12:05:21,210658;9,710152E-1;8,213450E-2;8,898175E-2;9,672893E-1;;
02/12/2021  12:05:21,210758;9,712178E-1;1,213198E-1;1,152041E-1;9,679702E-1;;
02/12/2021  12:05:21,210858;9,708065E-1;1,324701E-1;1,117289E-1;9,686352E-1;;
02/12/2021  12:05:21,210958;9,700883E-1;1,458505E-1;1,464814E-1;9,692817E-1;;
02/12/2021  12:05:21,211058;9,692449E-1;1,423461E-1;1,373193E-1;9,699076E-1;;
02/12/2021  12:05:21,211158;9,689349E-1;1,238685E-1;1,076217E-1;9,705106E-1;;
02/12/2021  12:05:21,211258;9,688485E-1;1,210013E-1;1,050943E-1;9,710887E-1;;
02/12/2021  12:05:21,211358;9,680021E-1;1,273729E-1;1,155200E-1;9,716401E-1;;
02/12/2021  12:05:21,211458;9,673941E-1;1,229127E-1;1,262617E-1;9,721633E-1;;
02/12/2021  12:05:21,211558;9,659934E-1;1,331073E-1;1,294210E-1;9,726565E-1;;
02/12/2021  12:05:21,211658;9,657907E-1;1,229127E-1;1,170997E-1;9,731184E-1;;
02/12/2021  12:05:21,211758;9,661632E-1;1,241871E-1;1,414265E-1;9,735477E-1;;
02/12/2021  12:05:21,211858;9,653168E-1;1,436204E-1;1,376353E-1;9,739434E-1;;
02/12/2021  12:05:21,211958;9,638088E-1;1,356559E-1;1,158360E-1;9,743044E-1;;
02/12/2021  12:05:21,212058;9,619044E-1;3,721472E-2;1,202590E-1;9,746300E-1;;
02/12/2021  12:05:21,212158;9,618448E-1;1,114439E-1;1,272095E-1;9,749194E-1;;
02/12/2021  12:05:21,212258;9,608851E-1;1,315144E-1;1,322644E-1;9,751715E-1;;
02/12/2021  12:05:21,212358;9,601132E-1;1,331073E-1;1,303688E-1;9,753858E-1;;
02/12/2021  12:05:21,212458;9,583101E-1;1,197269E-1;1,177316E-1;9,755617E-1;;
02/12/2021  12:05:21,212558;9,579883E-1;9,519628E-2;7,286922E-2;9,756985E-1;;
02/12/2021  12:05:21,212658;9,580658E-1;1,605052E-1;1,695444E-1;9,757960E-1;;
02/12/2021  12:05:21,212758;9,570793E-1;1,229127E-1;1,253139E-1;9,758538E-1;;
02/12/2021  12:05:21,212858;9,560958E-1;1,280100E-1;1,445858E-1;9,758720E-1;;
02/12/2021  12:05:21,212958;9,545967E-1;1,184526E-1;1,268936E-1;9,758505E-1;;
02/12/2021  12:05:21,213058;9,536609E-1;1,353374E-1;1,316326E-1;9,757894E-1;;
02/12/2021  12:05:21,213158;9,534821E-1;1,197269E-1;1,107811E-1;9,756889E-1;;
02/12/2021  12:05:21,213258;9,531751E-1;1,311958E-1;1,338441E-1;9,755492E-1;;
02/12/2021  12:05:21,213358;9,519889E-1;1,366117E-1;1,452176E-1;9,753707E-1;;
02/12/2021  12:05:21,213458;9,504928E-1;1,375674E-1;1,404787E-1;9,751540E-1;;
02/12/2021  12:05:21,213558;9,498848E-1;1,311958E-1;1,199431E-1;9,748995E-1;;
02/12/2021  12:05:21,213658;9,494795E-1;1,350188E-1;1,458495E-1;9,746080E-1;;
02/12/2021  12:05:21,213758;9,489341E-1;1,073023E-1;1,221546E-1;9,742801E-1;;
02/12/2021  12:05:21,213858;9,474321E-1;1,200455E-1;1,107811E-1;9,739165E-1;;
02/12/2021  12:05:21,213958;9,459330E-1;1,429833E-1;1,483770E-1;9,735182E-1;;
02/12/2021  12:05:21,214058;9,444905E-1;1,366117E-1;1,332122E-1;9,730859E-1;;
02/12/2021  12:05:21,214158;9,442610E-1;9,424054E-2;8,677022E-2;9,726203E-1;;
02/12/2021  12:05:21,214258;9,431047E-1;1,270543E-1;1,278414E-1;9,721222E-1;;
02/12/2021  12:05:21,214358;9,421510E-1;1,190898E-1;1,218387E-1;9,715923E-1;;
02/12/2021  12:05:21,214458;9,404701E-1;1,286472E-1;1,379512E-1;9,710316E-1;;
02/12/2021  12:05:21,214558;9,398114E-1;1,235499E-1;1,243661E-1;9,704408E-1;;
02/12/2021  12:05:21,214658;9,393525E-1;8,149734E-2;6,370719E-2;9,698209E-1;;
02/12/2021  12:05:21,214758;9,389531E-1;1,178155E-1;8,171531E-2;9,691726E-1;;
02/12/2021  12:05:21,214858;9,375613E-1;1,324701E-1;1,316326E-1;9,684971E-1;;
02/12/2021  12:05:21,214958;9,358745E-1;1,318330E-1;1,268936E-1;9,677955E-1;;
02/12/2021  12:05:21,215058;9,355615E-1;1,254614E-1;9,972343E-2;9,670687E-1;;
02/12/2021  12:05:21,215158;9,355109E-1;1,216384E-1;1,341600E-1;9,663177E-1;;
02/12/2021  12:05:21,215258;9,344439E-1;1,238685E-1;1,275255E-1;9,655437E-1;;
02/12/2021  12:05:21,215358;9,323637E-1;1,069837E-1;1,249980E-1;9,647479E-1;;
02/12/2021  12:05:21,215458;9,317080E-1;1,194084E-1;1,129926E-1;9,639313E-1;;
02/12/2021  12:05:21,215558;9,302119E-1;1,331073E-1;1,259458E-1;9,630950E-1;;
02/12/2021  12:05:21,215658;9,305367E-1;1,299215E-1;1,316326E-1;9,622400E-1;;
02/12/2021  12:05:21,215758;9,289393E-1;1,436204E-1;1,366875E-1;9,613672E-1;;
02/12/2021  12:05:21,215858;9,271124E-1;1,382046E-1;1,467973E-1;9,604776E-1;;
02/12/2021  12:05:21,215958;9,255865E-1;1,229127E-1;1,227865E-1;9,595723E-1;;
02/12/2021  12:05:21,216058;9,245463E-1;1,248242E-1;1,278414E-1;9,586519E-1;;
02/12/2021  12:05:21,216158;9,238817E-1;1,302401E-1;1,439539E-1;9,577172E-1;;
02/12/2021  12:05:21,216258;9,232439E-1;1,292843E-1;1,281573E-1;9,567689E-1;;
02/12/2021  12:05:21,216358;9,212978E-1;1,174969E-1;1,265777E-1;9,558076E-1;;
02/12/2021  12:05:21,216458;9,201295E-1;1,194084E-1;1,237343E-1;9,548342E-1;;
02/12/2021  12:05:21,216558;9,201713E-1;1,187712E-1;1,158360E-1;9,538493E-1;;
02/12/2021  12:05:21,216658;9,199596E-1;1,337445E-1;1,354238E-1;9,528535E-1;;
02/12/2021  12:05:21,216758;9,187228E-1;1,315144E-1;1,341600E-1;9,518479E-1;;
02/12/2021  12:05:21,216858;9,178347E-1;1,200455E-1;1,275255E-1;9,508332E-1;;
02/12/2021  12:05:21,216958;9,171790E-1;8,340882E-2;9,308886E-2;9,498104E-1;;
02/12/2021  12:05:21,217058;9,169704E-1;1,420275E-1;1,619620E-1;9,487804E-1;;
02/12/2021  12:05:21,217158;9,166396E-1;1,251428E-1;1,272095E-1;9,477441E-1;;
02/12/2021  12:05:21,217258;9,159780E-1;1,353374E-1;1,370034E-1;9,467028E-1;;
02/12/2021  12:05:21,217358;9,155637E-1;1,382046E-1;1,243661E-1;9,456574E-1;;
02/12/2021  12:05:21,217458;9,151077E-1;1,589123E-1;1,442698E-1;9,446092E-1;;
02/12/2021  12:05:21,217558;9,151554E-1;1,404346E-1;1,455336E-1;9,435593E-1;;
02/12/2021  12:05:21,217658;9,154505E-1;1,225942E-1;1,303688E-1;9,425089E-1;;
02/12/2021  12:05:21,217758;9,141838E-1;1,270543E-1;1,351078E-1;9,414595E-1;;
02/12/2021  12:05:21,217858;9,129410E-1;1,382046E-1;1,385831E-1;9,404123E-1;;
02/12/2021  12:05:21,217958;9,126967E-1;1,302401E-1;1,164678E-1;9,393684E-1;;
02/12/2021  12:05:21,218058;9,128039E-1;1,257800E-1;1,199431E-1;9,383290E-1;;
02/12/2021  12:05:21,218158;9,125894E-1;1,388417E-1;1,313166E-1;9,372951E-1;;
02/12/2021  12:05:21,218258;9,118592E-1;1,487177E-1;1,531159E-1;9,362679E-1;;
02/12/2021  12:05:21,218358;9,111737E-1;9,615202E-2;1,291051E-1;9,352485E-1;;
02/12/2021  12:05:21,218458;9,115254E-1;1,219570E-1;1,218387E-1;9,342379E-1;;
02/12/2021  12:05:21,218558;9,112005E-1;1,168597E-1;1,275255E-1;9,332371E-1;;
02/12/2021  12:05:21,218658;9,111856E-1;1,311958E-1;1,335282E-1;9,322472E-1;;
02/12/2021  12:05:21,218758;9,108071E-1;1,356559E-1;1,275255E-1;9,312691E-1;;
02/12/2021  12:05:21,218858;9,095554E-1;9,647060E-2;8,519056E-2;9,303039E-1;;
02/12/2021  12:05:21,218958;9,100293E-1;1,308772E-1;1,310007E-1;9,293524E-1;;
02/12/2021  12:05:21,219058;9,103839E-1;1,311958E-1;1,625939E-1;9,284155E-1;;
02/12/2021  12:05:21,219158;9,106164E-1;1,095324E-1;1,407946E-1;9,274940E-1;;
02/12/2021  12:05:21,219258;9,109591E-1;1,120810E-1;1,047783E-1;9,265888E-1;;
02/12/2021  12:05:21,219358;9,099786E-1;1,181340E-1;1,237343E-1;9,257010E-1;;
02/12/2021  12:05:21,219458;9,102260E-1;1,136739E-1;1,110970E-1;9,248313E-1;;
02/12/2021  12:05:21,219558;9,111886E-1;1,458505E-1;1,272095E-1;9,239807E-1;;
02/12/2021  12:05:21,219658;9,112989E-1;1,350188E-1;1,193112E-1;9,231500E-1;;
02/12/2021  12:05:21,219758;9,108489E-1;1,331073E-1;1,294210E-1;9,223401E-1;;
02/12/2021  12:05:21,219858;9,109323E-1;1,200455E-1;1,202590E-1;9,215517E-1;;
02/12/2021  12:05:21,219958;9,111380E-1;1,308772E-1;1,155200E-1;9,207858E-1;;
02/12/2021  12:05:21,220058;9,113257E-1;1,088952E-1;9,593225E-2;9,200429E-1;;
02/12/2021  12:05:21,220158;9,115254E-1;9,487770E-2;1,069899E-1;9,193237E-1;;
02/12/2021  12:05:21,220258;9,110605E-1;1,251428E-1;1,224705E-1;9,186287E-1;;
02/12/2021  12:05:21,220358;9,108042E-1;1,273729E-1;1,246821E-1;9,179586E-1;;
02/12/2021  12:05:21,220458;9,108489E-1;1,190898E-1;1,306848E-1;9,173135E-1;;
02/12/2021  12:05:21,220558;9,122168E-1;1,159040E-1;1,407946E-1;9,166939E-1;;
02/12/2021  12:05:21,220658;9,123271E-1;1,028422E-1;1,107811E-1;9,160999E-1;;
02/12/2021  12:05:21,220758;9,118652E-1;9,105474E-2;9,087734E-2;9,155321E-1;;
02/12/2021  12:05:21,220858;9,114539E-1;1,085766E-1;1,357397E-1;9,149905E-1;;
02/12/2021  12:05:21,220958;9,125596E-1;1,108067E-1;1,218387E-1;9,144754E-1;;
02/12/2021  12:05:21,221058;9,131944E-1;9,742634E-2;1,186794E-1;9,139869E-1;;
02/12/2021  12:05:21,221158;9,127443E-1;1,028422E-1;1,069899E-1;9,135250E-1;;
02/12/2021  12:05:21,221258;9,127801E-1;9,392196E-2;1,013031E-1;9,130898E-1;;
02/12/2021  12:05:21,221358;9,128397E-1;9,965640E-2;1,480610E-1;9,126813E-1;;
02/12/2021  12:05:21,221458;9,141361E-1;1,241871E-1;1,546956E-1;9,122995E-1;;
02/12/2021  12:05:21,221558;9,145385E-1;9,169190E-2;1,107811E-1;9,119441E-1;;
02/12/2021  12:05:21,221658;9,143328E-1;1,073023E-1;1,347919E-1;9,116153E-1;;
02/12/2021  12:05:21,221758;9,140140E-1;1,088952E-1;1,221546E-1;9,113129E-1;;
02/12/2021  12:05:21,221858;9,138381E-1;1,155854E-1;1,439539E-1;9,110366E-1;;
02/12/2021  12:05:21,221958;9,155846E-1;8,818752E-2;8,487463E-2;9,107862E-1;;
02/12/2021  12:05:21,222058;9,162224E-1;9,360338E-2;1,129926E-1;9,105613E-1;;
02/12/2021  12:05:21,222158;9,162045E-1;1,069837E-1;1,313166E-1;9,103618E-1;;
02/12/2021  12:05:21,222258;9,168572E-1;1,095324E-1;1,205749E-1;9,101875E-1;;
02/12/2021  12:05:21,222358;9,175903E-1;1,066652E-1;1,202590E-1;9,100382E-1;;
02/12/2021  12:05:21,222458;9,195245E-1;1,369303E-1;1,635417E-1;9,099137E-1;;
02/12/2021  12:05:21,222558;9,201951E-1;1,235499E-1;1,316326E-1;9,098140E-1;;
02/12/2021  12:05:21,222658;9,206362E-1;1,273729E-1;1,202590E-1;9,097393E-1;;
02/12/2021  12:05:21,222758;9,205140E-1;2,261327E-1;1,828136E-1;9,096896E-1;;
02/12/2021  12:05:21,222858;9,214915E-1;1,468062E-1;1,332122E-1;9,096648E-1;;
02/12/2021  12:05:21,222958;9,229161E-1;3,434750E-2;7,634447E-2;9,096649E-1;;
02/12/2021  12:05:21,223058;9,242751E-1;1,691068E-1;1,442698E-1;9,096899E-1;;
02/12/2021  12:05:21,223158;9,244390E-1;1,678325E-1;1,357397E-1;9,097399E-1;;
02/12/2021  12:05:21,223258;9,254374E-1;1,448948E-1;1,505885E-1;9,098148E-1;;
02/12/2021  12:05:21,223358;9,263524E-1;1,566822E-1;1,499566E-1;9,099149E-1;;
02/12/2021  12:05:21,223458;9,280810E-1;6,588692E-2;9,308886E-2;9,100402E-1;;
02/12/2021  12:05:21,223558;9,285012E-1;1,280100E-1;1,682807E-1;9,101906E-1;;
02/12/2021  12:05:21,223658;9,292224E-1;1,292843E-1;1,313166E-1;9,103665E-1;;
02/12/2021  12:05:21,223758;9,289929E-1;1,190898E-1;1,221546E-1;9,105677E-1;;
02/12/2021  12:05:21,223858;9,299079E-1;1,088952E-1;1,246821E-1;9,107941E-1;;
02/12/2021  12:05:21,223958;9,309778E-1;1,375674E-1;1,407946E-1;9,110455E-1;;
02/12/2021  12:05:21,224058;9,317646E-1;1,311958E-1;1,332122E-1;9,113217E-1;;
02/12/2021  12:05:21,224158;9,325961E-1;1,286472E-1;1,313166E-1;9,116223E-1;;
02/12/2021  12:05:21,224258;9,316573E-1;1,232313E-1;1,253139E-1;9,119470E-1;;
02/12/2021  12:05:21,224358;9,337733E-1;7,385142E-2;1,006712E-1;9,122954E-1;;
02/12/2021  12:05:21,224458;9,342710E-1;1,327887E-1;1,322644E-1;9,126668E-1;;
02/12/2021  12:05:21,224558;9,353887E-1;1,280100E-1;1,208909E-1;9,130609E-1;;
02/12/2021  12:05:21,224658;9,350429E-1;1,213198E-1;1,357397E-1;9,134771E-1;;
02/12/2021  12:05:21,224758;9,346346E-1;1,311958E-1;1,322644E-1;9,139147E-1;;
02/12/2021  12:05:21,224858;9,359907E-1;1,353374E-1;1,328963E-1;9,143731E-1;;
02/12/2021  12:05:21,224958;9,372812E-1;1,229127E-1;1,360556E-1;9,148513E-1;;
02/12/2021  12:05:21,225058;9,375196E-1;1,238685E-1;1,189953E-1;9,153485E-1;;
02/12/2021  12:05:21,225158;9,378683E-1;1,257800E-1;1,373193E-1;9,158640E-1;;
02/12/2021  12:05:21,225258;9,381961E-1;1,359745E-1;1,363715E-1;9,163969E-1;;
02/12/2021  12:05:21,225358;9,393197E-1;9,583344E-2;9,372073E-2;9,169464E-1;;
02/12/2021  12:05:21,225458;9,412211E-1;1,241871E-1;1,259458E-1;9,175116E-1;;
02/12/2021  12:05:21,225558;9,415966E-1;1,222756E-1;1,227865E-1;9,180919E-1;;
02/12/2021  12:05:21,225658;9,412301E-1;1,337445E-1;1,297370E-1;9,186865E-1;;
02/12/2021  12:05:21,225758;9,421629E-1;1,149482E-1;9,972343E-2;9,192947E-1;;
02/12/2021  12:05:21,225858;9,431047E-1;1,378860E-1;1,632258E-1;9,199159E-1;;
02/12/2021  12:05:21,225958;9,440584E-1;1,241871E-1;1,284732E-1;9,205491E-1;;
02/12/2021  12:05:21,226058;9,449912E-1;1,159040E-1;1,265777E-1;9,211937E-1;;
02/12/2021  12:05:21,226158;9,450866E-1;1,213198E-1;1,234183E-1;9,218492E-1;;
02/12/2021  12:05:21,226258;9,459449E-1;1,245056E-1;1,360556E-1;9,225147E-1;;
02/12/2021  12:05:21,226358;9,477271E-1;1,181340E-1;1,231024E-1;9,231898E-1;;
02/12/2021  12:05:21,226458;9,486361E-1;1,111253E-1;1,120448E-1;9,238738E-1;;
02/12/2021  12:05:21,226558;9,488775E-1;1,417090E-1;1,417424E-1;9,245663E-1;;
02/12/2021  12:05:21,226658;9,483738E-1;1,324701E-1;1,313166E-1;9,252668E-1;;
02/12/2021  12:05:21,226758;9,493991E-1;1,133553E-1;1,088855E-1;9,259748E-1;;
02/12/2021  12:05:21,226858;9,509071E-1;1,076209E-1;1,031987E-1;9,266896E-1;;
02/12/2021  12:05:21,226958;9,507283E-1;1,286472E-1;1,275255E-1;9,274107E-1;;
02/12/2021  12:05:21,227058;9,509011E-1;1,305587E-1;1,265777E-1;9,281373E-1;;
02/12/2021  12:05:21,227158;9,513154E-1;1,146297E-1;1,347919E-1;9,288690E-1;;
02/12/2021  12:05:21,227258;9,516283E-1;1,331073E-1;1,366875E-1;9,296048E-1;;
02/12/2021  12:05:21,227358;9,524419E-1;1,168597E-1;1,414265E-1;9,303441E-1;;
02/12/2021  12:05:21,227458;9,524241E-1;1,394789E-1;1,401627E-1;9,310862E-1;;
02/12/2021  12:05:21,227558;9,522601E-1;1,305587E-1;1,262617E-1;9,318301E-1;;
02/12/2021  12:05:21,227658;9,509935E-1;4,199342E-2;8,834988E-2;9,325751E-1;;
02/12/2021  12:05:21,227758;9,516611E-1;1,194084E-1;1,221546E-1;9,333199E-1;;
02/12/2021  12:05:21,227858;9,517952E-1;1,490363E-1;1,606983E-1;9,340635E-1;;
02/12/2021  12:05:21,227958;9,512558E-1;1,327887E-1;1,243661E-1;9,348046E-1;;
02/12/2021  12:05:21,228058;9,514257E-1;1,321516E-1;1,227865E-1;9,355420E-1;;
02/12/2021  12:05:21,228158;9,504541E-1;1,181340E-1;1,268936E-1;9,362745E-1;;
02/12/2021  12:05:21,228258;9,511485E-1;1,283286E-1;1,319485E-1;9,370006E-1;;
02/12/2021  12:05:21,228358;9,516075E-1;1,311958E-1;1,180475E-1;9,377191E-1;;
02/12/2021  12:05:21,228458;9,510770E-1;8,213450E-2;5,991600E-2;9,384289E-1;;
02/12/2021  12:05:21,228558;9,499743E-1;1,098510E-1;1,114129E-1;9,391286E-1;;
02/12/2021  12:05:21,228658;9,499236E-1;1,327887E-1;1,278414E-1;9,398172E-1;;
02/12/2021  12:05:21,228758;9,503557E-1;1,162226E-1;8,740209E-2;9,404931E-1;;
02/12/2021  12:05:21,228858;9,506478E-1;1,270543E-1;1,208909E-1;9,411554E-1;;
02/12/2021  12:05:21,228958;9,504064E-1;3,020596E-2;8,329497E-2;9,418029E-1;;
02/12/2021  12:05:21,229058;9,496613E-1;1,216384E-1;1,249980E-1;9,424346E-1;;
02/12/2021  12:05:21,229158;9,495898E-1;1,324701E-1;1,272095E-1;9,430495E-1;;
02/12/2021  12:05:21,229258;9,500637E-1;1,057094E-1;1,170997E-1;9,436468E-1;;
02/12/2021  12:05:21,229358;9,503408E-1;1,296029E-1;1,534319E-1;9,442256E-1;;
02/12/2021  12:05:21,229458;9,504034E-1;1,327887E-1;1,313166E-1;9,447852E-1;;
02/12/2021  12:05:21,229558;9,496047E-1;7,448858E-2;8,361090E-2;9,453251E-1;;
02/12/2021  12:05:21,229658;9,482636E-1;1,203641E-1;1,543797E-1;9,458447E-1;;
02/12/2021  12:05:21,229758;9,491249E-1;1,391603E-1;1,360556E-1;9,463435E-1;;
02/12/2021  12:05:21,229858;9,498819E-1;1,213198E-1;1,262617E-1;9,468207E-1;;
02/12/2021  12:05:21,229958;9,490295E-1;1,216384E-1;1,265777E-1;9,472761E-1;;
02/12/2021  12:05:21,230058;9,483232E-1;6,301970E-2;9,403666E-2;9,477093E-1;;
02/12/2021  12:05:21,230158;9,473307E-1;1,385232E-1;1,328963E-1;9,481201E-1;;
02/12/2021  12:05:21,230258;9,483858E-1;1,480806E-1;1,581709E-1;9,485081E-1;;
02/12/2021  12:05:21,230358;9,478195E-1;1,235499E-1;1,249980E-1;9,488730E-1;;
02/12/2021  12:05:21,230458;9,470923E-1;1,442576E-1;1,632258E-1;9,492146E-1;;
02/12/2021  12:05:21,230558;9,465082E-1;1,264171E-1;1,284732E-1;9,495328E-1;;
02/12/2021  12:05:21,230658;9,456379E-1;1,311958E-1;1,085695E-1;9,498273E-1;;
02/12/2021  12:05:21,230758;9,462399E-1;1,190898E-1;1,193112E-1;9,500980E-1;;
02/12/2021  12:05:21,230858;9,461773E-1;1,194084E-1;1,328963E-1;9,503448E-1;;
02/12/2021  12:05:21,230958;9,452535E-1;1,423461E-1;1,483770E-1;9,505677E-1;;
02/12/2021  12:05:21,231058;9,447021E-1;1,190898E-1;1,262617E-1;9,507667E-1;;
02/12/2021  12:05:21,231158;9,452475E-1;1,041165E-1;1,063580E-1;9,509419E-1;;
02/12/2021  12:05:21,231258;9,454502E-1;1,385232E-1;1,376353E-1;9,510935E-1;;
02/12/2021  12:05:21,231358;9,452833E-1;1,503106E-1;1,430061E-1;9,512217E-1;;
02/12/2021  12:05:21,231458;9,442610E-1;1,241871E-1;9,845971E-2;9,513271E-1;;
02/12/2021  12:05:21,231558;9,431881E-1;9,774492E-2;1,407946E-1;9,514099E-1;;
02/12/2021  12:05:21,231658;9,421212E-1;1,388417E-1;1,275255E-1;9,514704E-1;;
02/12/2021  12:05:21,231758;9,426546E-1;1,404346E-1;1,313166E-1;9,515089E-1;;
02/12/2021  12:05:21,231858;9,420407E-1;1,493549E-1;1,407946E-1;9,515255E-1;;
02/12/2021  12:05:21,231958;9,404909E-1;8,532030E-2;1,073058E-1;9,515205E-1;;
02/12/2021  12:05:21,232058;9,400528E-1;6,429402E-2;9,656411E-2;9,514941E-1;;
02/12/2021  12:05:21,232158;9,401482E-1;1,334259E-1;1,347919E-1;9,514464E-1;;
02/12/2021  12:05:21,232258;9,403211E-1;1,413904E-1;1,249980E-1;9,513777E-1;;
02/12/2021  12:05:21,232358;9,397310E-1;1,251428E-1;1,262617E-1;9,512884E-1;;
02/12/2021  12:05:21,232458;9,387922E-1;1,123996E-1;1,265777E-1;9,511788E-1;;
02/12/2021  12:05:21,232558;9,386193E-1;1,216384E-1;1,041465E-1;9,510495E-1;;
02/12/2021  12:05:21,232658;9,391140E-1;8,723178E-2;7,444887E-2;9,509008E-1;;
02/12/2021  12:05:21,232758;9,388905E-1;-4,837842E-3;5,422923E-2;9,507332E-1;;
02/12/2021  12:05:21,232858;9,387951E-1;1,334259E-1;1,253139E-1;9,505476E-1;;
02/12/2021  12:05:21,232958;9,382229E-1;1,356559E-1;1,363715E-1;9,503447E-1;;
02/12/2021  12:05:21,233058;9,380024E-1;1,433019E-1;1,373193E-1;9,501251E-1;;
02/12/2021  12:05:21,233158;9,387266E-1;1,127182E-1;1,249980E-1;9,498898E-1;;
02/12/2021  12:05:21,233258;9,394985E-1;1,308772E-1;1,253139E-1;9,496397E-1;;
02/12/2021  12:05:21,233358;9,387355E-1;1,200455E-1;1,240502E-1;9,493757E-1;;
02/12/2021  12:05:21,233458;9,381961E-1;1,229127E-1;1,493248E-1;9,490991E-1;;
02/12/2021  12:05:21,233558;9,369563E-1;1,305587E-1;1,316326E-1;9,488109E-1;;
02/12/2021  12:05:21,233658;9,375196E-1;1,162226E-1;1,174156E-1;9,485120E-1;;
02/12/2021  12:05:21,233758;9,374600E-1;1,149482E-1;1,439539E-1;9,482031E-1;;
02/12/2021  12:05:21,233858;9,369235E-1;1,076209E-1;1,092014E-1;9,478853E-1;;
02/12/2021  12:05:21,233958;9,359460E-1;1,324701E-1;1,411105E-1;9,475593E-1;;
02/12/2021  12:05:21,234058;9,356181E-1;9,710776E-2;1,155200E-1;9,472260E-1;;
02/12/2021  12:05:21,234158;9,359370E-1;1,114439E-1;1,189953E-1;9,468860E-1;;
02/12/2021  12:05:21,234258;9,360086E-1;1,098510E-1;1,240502E-1;9,465400E-1;;
02/12/2021  12:05:21,234358;9,349327E-1;1,165411E-1;1,268936E-1;9,461887E-1;;
02/12/2021  12:05:21,234458;9,341369E-1;9,647060E-2;9,340479E-2;9,458328E-1;;
02/12/2021  12:05:21,234558;9,336422E-1;9,933782E-2;1,208909E-1;9,454728E-1;;
02/12/2021  12:05:21,234658;9,343456E-1;7,863012E-2;1,954508E-1;9,451092E-1;;
02/12/2021  12:05:21,234758;9,342710E-1;9,455912E-2;1,117289E-1;9,447424E-1;;
02/12/2021  12:05:21,234858;9,335111E-1;9,838208E-2;1,133085E-1;9,443731E-1;;
02/12/2021  12:05:21,234958;9,329836E-1;9,678918E-2;1,025668E-1;9,440018E-1;;
02/12/2021  12:05:21,235058;9,332101E-1;9,774492E-2;9,498445E-2;9,436290E-1;;
02/12/2021  12:05:21,235158;9,343843E-1;9,296622E-2;1,199431E-1;9,432551E-1;;
02/12/2021  12:05:21,235258;9,338687E-1;1,041165E-1;1,212068E-1;9,428808E-1;;
02/12/2021  12:05:21,235358;9,339879E-1;1,095324E-1;1,291051E-1;9,425068E-1;;
02/12/2021  12:05:21,235458;9,328107E-1;1,152668E-1;1,268936E-1;9,421338E-1;;
02/12/2021  12:05:21,235558;9,329806E-1;1,031608E-1;9,688005E-2;9,417623E-1;;
02/12/2021  12:05:21,235658;9,336959E-1;1,276914E-1;1,404787E-1;9,413929E-1;;
02/12/2021  12:05:21,235758;9,331981E-1;1,566822E-1;1,512204E-1;9,410261E-1;;
02/12/2021  12:05:21,235858;9,328047E-1;1,356559E-1;1,433221E-1;9,406625E-1;;
02/12/2021  12:05:21,235958;9,325723E-1;1,442576E-1;1,575390E-1;9,403026E-1;;
02/12/2021  12:05:21,236058;9,326229E-1;1,506292E-1;1,357397E-1;9,399468E-1;;
02/12/2021  12:05:21,236158;9,325008E-1;1,589123E-1;1,777586E-1;9,395955E-1;;
02/12/2021  12:05:21,236258;9,326975E-1;1,617795E-1;1,458495E-1;9,392491E-1;;
02/12/2021  12:05:21,236358;9,323905E-1;1,585937E-1;1,287892E-1;9,389081E-1;;
02/12/2021  12:05:21,236458;9,315083E-1;1,694254E-1;1,483770E-1;9,385727E-1;;
02/12/2021  12:05:21,236558;9,322981E-1;1,573194E-1;1,569071E-1;9,382432E-1;;
02/12/2021  12:05:21,236658;9,333412E-1;1,468062E-1;1,404787E-1;9,379200E-1;;
02/12/2021  12:05:21,236758;9,325604E-1;1,264171E-1;1,357397E-1;9,376033E-1;;
02/12/2021  12:05:21,236858;9,327600E-1;1,356559E-1;1,297370E-1;9,372937E-1;;
02/12/2021  12:05:21,236958;9,324322E-1;1,245056E-1;1,303688E-1;9,369915E-1;;
02/12/2021  12:05:21,237058;9,331505E-1;1,296029E-1;1,234183E-1;9,366970E-1;;
02/12/2021  12:05:21,237158;9,336571E-1;1,343816E-1;1,129926E-1;9,364105E-1;;
02/12/2021  12:05:21,237258;9,333770E-1;7,448858E-2;8,171531E-2;9,361326E-1;;
02/12/2021  12:05:21,237358;9,335349E-1;1,302401E-1;1,341600E-1;9,358635E-1;;
02/12/2021  12:05:21,237458;9,324531E-1;1,353374E-1;1,366875E-1;9,356036E-1;;
02/12/2021  12:05:21,237558;9,328375E-1;7,480716E-2;7,255328E-2;9,353532E-1;;
02/12/2021  12:05:21,237658;9,336184E-1;1,123996E-1;1,287892E-1;9,351123E-1;;
02/12/2021  12:05:21,237758;9,335021E-1;1,327887E-1;1,347919E-1;9,348811E-1;;
02/12/2021  12:05:21,237858;9,332667E-1;1,442576E-1;1,401627E-1;9,346599E-1;;
02/12/2021  12:05:21,237958;9,328435E-1;1,245056E-1;1,142563E-1;9,344488E-1;;
02/12/2021  12:05:21,238058;9,334813E-1;7,448858E-2;1,025668E-1;9,342478E-1;;
02/12/2021  12:05:21,238158;9,340028E-1;1,321516E-1;1,635417E-1;9,340570E-1;;
02/12/2021  12:05:21,238258;9,337793E-1;1,283286E-1;1,189953E-1;9,338764E-1;;
02/12/2021  12:05:21,238358;9,330759E-1;4,581638E-2;8,582243E-2;9,337062E-1;;
02/12/2021  12:05:21,238458;9,330372E-1;1,276914E-1;1,262617E-1;9,335463E-1;;
02/12/2021  12:05:21,238558;9,340356E-1;1,117624E-1;1,133085E-1;9,333965E-1;;
02/12/2021  12:05:21,238658;9,348194E-1;1,225942E-1;1,332122E-1;9,332569E-1;;
02/12/2021  12:05:21,238758;9,338300E-1;1,334259E-1;1,306848E-1;9,331275E-1;;
02/12/2021  12:05:21,238858;9,340952E-1;1,155854E-1;1,268936E-1;9,330083E-1;;
02/12/2021  12:05:21,238958;9,342412E-1;1,165411E-1;1,246821E-1;9,328992E-1;;
02/12/2021  12:05:21,239058;9,349595E-1;1,270543E-1;1,278414E-1;9,328000E-1;;
02/12/2021  12:05:21,239158;9,357195E-1;1,315144E-1;1,436380E-1;9,327109E-1;;
02/12/2021  12:05:21,239258;9,361993E-1;1,426647E-1;1,676488E-1;9,326319E-1;;
02/12/2021  12:05:21,239358;9,351562E-1;1,114439E-1;1,136244E-1;9,325630E-1;;
02/12/2021  12:05:21,239458;9,351115E-1;1,187712E-1;1,265777E-1;9,325043E-1;;
02/12/2021  12:05:21,239558;9,359430E-1;1,245056E-1;1,452176E-1;9,324557E-1;;
02/12/2021  12:05:21,239658;9,364139E-1;1,353374E-1;1,382671E-1;9,324171E-1;;
02/12/2021  12:05:21,239758;9,359728E-1;1,318330E-1;1,278414E-1;9,323885E-1;;
02/12/2021  12:05:21,239858;9,353857E-1;1,225942E-1;1,278414E-1;9,323696E-1;;
02/12/2021  12:05:21,239958;9,360831E-1;1,108067E-1;1,243661E-1;9,323603E-1;;
02/12/2021  12:05:21,240058;9,367447E-1;1,155854E-1;1,262617E-1;9,323604E-1;;
02/12/2021  12:05:21,240158;9,370517E-1;1,222756E-1;1,136244E-1;9,323697E-1;;
02/12/2021  12:05:21,240258;9,368699E-1;8,659462E-2;8,834988E-2;9,323881E-1;;
02/12/2021  12:05:21,240358;9,366970E-1;1,165411E-1;9,972343E-2;9,324153E-1;;
02/12/2021  12:05:21,240458;9,368639E-1;1,292843E-1;1,370034E-1;9,324513E-1;;
02/12/2021  12:05:21,240558;9,379934E-1;1,222756E-1;1,303688E-1;9,324957E-1;;
02/12/2021  12:05:21,240658;9,378534E-1;1,206827E-1;1,253139E-1;9,325483E-1;;
02/12/2021  12:05:21,240758;9,381484E-1;1,034794E-1;1,101492E-1;9,326091E-1;;
02/12/2021  12:05:21,240858;9,382945E-1;1,442576E-1;1,370034E-1;9,326779E-1;;
02/12/2021  12:05:21,240958;9,384077E-1;1,305587E-1;1,297370E-1;9,327546E-1;;
02/12/2021  12:05:21,241058;9,388816E-1;5,282514E-2;8,361090E-2;9,328389E-1;;
02/12/2021  12:05:21,241158;9,399753E-1;1,238685E-1;1,313166E-1;9,329307E-1;;
02/12/2021  12:05:21,241258;9,387177E-1;1,362931E-1;1,366875E-1;9,330299E-1;;
02/12/2021  12:05:21,241358;9,378444E-1;1,544522E-1;1,449017E-1;9,331364E-1;;
02/12/2021  12:05:21,241458;9,383898E-1;1,388417E-1;1,543797E-1;9,332498E-1;;
02/12/2021  12:05:21,241558;9,389322E-1;1,123996E-1;1,050943E-1;9,333696E-1;;
02/12/2021  12:05:21,241658;9,387057E-1;1,292843E-1;1,325804E-1;9,334953E-1;;
02/12/2021  12:05:21,241758;9,380978E-1;1,366117E-1;1,379512E-1;9,336266E-1;;
02/12/2021  12:05:21,241858;9,371321E-1;1,388417E-1;1,328963E-1;9,337630E-1;;
02/12/2021  12:05:21,241958;9,383630E-1;1,101695E-1;1,177316E-1;9,339037E-1;;
02/12/2021  12:05:21,242058;9,388130E-1;1,251428E-1;1,155200E-1;9,340483E-1;;
02/12/2021  12:05:21,242158;9,380501E-1;1,162226E-1;1,107811E-1;9,341961E-1;;
02/12/2021  12:05:21,242258;9,376090E-1;1,417090E-1;1,578549E-1;9,343467E-1;;
02/12/2021  12:05:21,242358;9,362798E-1;1,187712E-1;1,193112E-1;9,344995E-1;;
02/12/2021  12:05:21,242458;9,373139E-1;1,321516E-1;1,322644E-1;9,346536E-1;;
02/12/2021  12:05:21,242558;9,371739E-1;1,362931E-1;1,550115E-1;9,348084E-1;;
02/12/2021  12:05:21,242658;9,370606E-1;1,382046E-1;1,328963E-1;9,349632E-1;;
02/12/2021  12:05:21,242758;9,356450E-1;1,420275E-1;1,461654E-1;9,351173E-1;;
02/12/2021  12:05:21,242858;9,358864E-1;1,114439E-1;1,155200E-1;9,352699E-1;;
02/12/2021  12:05:21,242958;9,368907E-1;9,455912E-2;1,265777E-1;9,354203E-1;;
02/12/2021  12:05:21,243058;9,372871E-1;1,270543E-1;1,328963E-1;9,355679E-1;;
02/12/2021  12:05:21,243158;9,374570E-1;1,225942E-1;1,256299E-1;9,357123E-1;;
02/12/2021  12:05:21,243258;9,359251E-1;1,168597E-1;1,076217E-1;9,358531E-1;;
02/12/2021  12:05:21,243358;9,358208E-1;1,445762E-1;1,531159E-1;9,359900E-1;;
02/12/2021  12:05:21,243458;9,371828E-1;1,598680E-1;1,622780E-1;9,361224E-1;;
02/12/2021  12:05:21,243558;9,380352E-1;1,254614E-1;1,243661E-1;9,362500E-1;;
02/12/2021  12:05:21,243658;9,378593E-1;1,216384E-1;1,240502E-1;9,363727E-1;;
02/12/2021  12:05:21,243758;9,374928E-1;1,245056E-1;1,199431E-1;9,364905E-1;;
02/12/2021  12:05:21,243858;9,383898E-1;1,439390E-1;1,660692E-1;9,366036E-1;;
02/12/2021  12:05:21,243958;9,396803E-1;1,331073E-1;1,291051E-1;9,367118E-1;;
02/12/2021  12:05:21,244058;9,403896E-1;1,353374E-1;1,319485E-1;9,368157E-1;;
02/12/2021  12:05:21,244158;9,412628E-1;1,340630E-1;1,357397E-1;9,369156E-1;;
02/12/2021  12:05:21,244258;9,401065E-1;1,174969E-1;1,272095E-1;9,370122E-1;;
02/12/2021  12:05:21,244358;9,412807E-1;9,519628E-2;9,087734E-2;9,371060E-1;;
02/12/2021  12:05:21,244458;9,424907E-1;1,203641E-1;1,189953E-1;9,371975E-1;;
02/12/2021  12:05:21,244558;9,429348E-1;1,260985E-1;1,253139E-1;9,372875E-1;;
02/12/2021  12:05:21,244658;9,433848E-1;1,302401E-1;1,287892E-1;9,373767E-1;;
02/12/2021  12:05:21,244758;9,434355E-1;2,670158E-2;9,656411E-2;9,374659E-1;;
02/12/2021  12:05:21,244858;9,439481E-1;1,347002E-1;1,351078E-1;9,375558E-1;;
02/12/2021  12:05:21,244958;9,462042E-1;8,436456E-2;1,262617E-1;9,376472E-1;;
02/12/2021  12:05:21,245058;9,463591E-1;1,216384E-1;1,218387E-1;9,377409E-1;;
02/12/2021  12:05:21,245158;9,460552E-1;1,206827E-1;1,177316E-1;9,378380E-1;;
02/12/2021  12:05:21,245258;9,460790E-1;8,818752E-2;8,992954E-2;9,379392E-1;;
02/12/2021  12:05:21,245358;9,462548E-1;1,353374E-1;1,338441E-1;9,380452E-1;;
02/12/2021  12:05:21,245458;9,480102E-1;1,331073E-1;1,262617E-1;9,381567E-1;;
02/12/2021  12:05:21,245558;9,481652E-1;1,273729E-1;1,265777E-1;9,382743E-1;;
02/12/2021  12:05:21,245658;9,477897E-1;1,270543E-1;1,268936E-1;9,383985E-1;;
02/12/2021  12:05:21,245758;9,474768E-1;1,493549E-1;1,436380E-1;9,385300E-1;;
02/12/2021  12:05:21,245858;9,482367E-1;1,216384E-1;1,158360E-1;9,386691E-1;;
02/12/2021  12:05:21,245958;9,492471E-1;1,127182E-1;1,041465E-1;9,388161E-1;;
02/12/2021  12:05:21,246058;9,496107E-1;1,232313E-1;1,013031E-1;9,389712E-1;;
02/12/2021  12:05:21,246158;9,488596E-1;1,436204E-1;1,351078E-1;9,391347E-1;;
02/12/2021  12:05:21,246258;9,483440E-1;1,394789E-1;1,291051E-1;9,393068E-1;;
02/12/2021  12:05:21,246358;9,489222E-1;6,970988E-2;5,991600E-2;9,394875E-1;;
02/12/2021  12:05:21,246458;9,499117E-1;1,340630E-1;1,291051E-1;9,396765E-1;;
02/12/2021  12:05:21,246558;9,495332E-1;5,038138E-3;7,128955E-2;9,398737E-1;;
02/12/2021  12:05:21,246658;9,488179E-1;1,232313E-1;1,240502E-1;9,400790E-1;;
02/12/2021  12:05:21,246758;9,489222E-1;8,818752E-2;9,340479E-2;9,402921E-1;;
02/12/2021  12:05:21,246858;9,500547E-1;7,640006E-2;8,866581E-2;9,405126E-1;;
02/12/2021  12:05:21,246958;9,504511E-1;1,448948E-1;1,809180E-1;9,407399E-1;;
02/12/2021  12:05:21,247058;9,500607E-1;1,069837E-1;1,092014E-1;9,409740E-1;;
02/12/2021  12:05:21,247158;9,498491E-1;9,009900E-2;8,076751E-2;9,412143E-1;;
02/12/2021  12:05:21,247258;9,494736E-1;1,063466E-1;1,088855E-1;9,414605E-1;;
02/12/2021  12:05:21,247358;9,506418E-1;9,392196E-2;9,087734E-2;9,417120E-1;;
02/12/2021  12:05:21,247458;9,512081E-1;1,143111E-1;1,281573E-1;9,419683E-1;;
02/12/2021  12:05:21,247558;9,507342E-1;9,105474E-2;1,057261E-1;9,422291E-1;;
02/12/2021  12:05:21,247658;9,501531E-1;8,213450E-2;9,245700E-2;9,424938E-1;;
02/12/2021  12:05:21,247758;9,499921E-1;8,213450E-2;8,898175E-2;9,427620E-1;;
02/12/2021  12:05:21,247858;9,510412E-1;1,114439E-1;1,158360E-1;9,430330E-1;;
02/12/2021  12:05:21,247958;9,518846E-1;1,006121E-1;1,177316E-1;9,433064E-1;;
02/12/2021  12:05:21,248058;9,516998E-1;1,076209E-1;1,328963E-1;9,435816E-1;;
02/12/2021  12:05:21,248158;9,516879E-1;9,519628E-2;1,101492E-1;9,438584E-1;;
02/12/2021  12:05:21,248258;9,512766E-1;1,159040E-1;1,076217E-1;9,441363E-1;;
02/12/2021  12:05:21,248358;9,527638E-1;1,076209E-1;1,155200E-1;9,444150E-1;;
02/12/2021  12:05:21,248458;9,528085E-1;8,882468E-2;1,000394E-1;9,446942E-1;;
02/12/2021  12:05:21,248558;9,529426E-1;9,774492E-2;1,164678E-1;9,449735E-1;;
02/12/2021  12:05:21,248658;9,522065E-1;1,037979E-1;1,227865E-1;9,452527E-1;;
02/12/2021  12:05:21,248758;9,530767E-1;9,774492E-2;1,287892E-1;9,455316E-1;;
02/12/2021  12:05:21,248858;9,541795E-1;7,544432E-2;1,174156E-1;9,458098E-1;;
02/12/2021  12:05:21,248958;9,546176E-1;1,372488E-1;1,363715E-1;9,460872E-1;;
02/12/2021  12:05:21,249058;9,543225E-1;1,305587E-1;1,073058E-1;9,463638E-1;;
02/12/2021  12:05:21,249158;9,534165E-1;1,534964E-1;1,436380E-1;9,466395E-1;;
02/12/2021  12:05:21,249258;9,537652E-1;1,248242E-1;1,259458E-1;9,469142E-1;;
02/12/2021  12:05:21,249358;9,553954E-1;1,700626E-1;1,603824E-1;9,471874E-1;;
02/12/2021  12:05:21,249458;9,556994E-1;1,633724E-1;1,474292E-1;9,474592E-1;;
02/12/2021  12:05:21,249558;9,560690E-1;1,420275E-1;1,433221E-1;9,477296E-1;;
02/12/2021  12:05:21,249658;9,559021E-1;9,997498E-2;1,035146E-1;9,479986E-1;;
02/12/2021  12:05:21,249758;9,552583E-1;1,512664E-1;1,474292E-1;9,482663E-1;;
02/12/2021  12:05:21,249858;9,565905E-1;9,169190E-2;9,340479E-2;9,485327E-1;;
02/12/2021  12:05:21,249958;9,570048E-1;1,356559E-1;1,357397E-1;9,487976E-1;;
02/12/2021  12:05:21,250058;9,567038E-1;1,522221E-1;1,395309E-1;9,490612E-1;;
02/12/2021  12:05:21,250158;9,560392E-1;1,289658E-1;1,126766E-1;9,493235E-1;;
02/12/2021  12:05:21,250258;9,563044E-1;1,315144E-1;1,477451E-1;9,495844E-1;;
02/12/2021  12:05:21,250358;9,572641E-1;1,519035E-1;1,477451E-1;9,498436E-1;;
02/12/2021  12:05:21,250458;9,580360E-1;1,417090E-1;1,439539E-1;9,501012E-1;;
02/12/2021  12:05:21,250558;9,576217E-1;1,337445E-1;1,357397E-1;9,503572E-1;;
02/12/2021  12:05:21,250658;9,568796E-1;1,082581E-1;9,814378E-2;9,506116E-1;;
02/12/2021  12:05:21,250758;9,577946E-1;1,079395E-1;1,193112E-1;9,508643E-1;;
02/12/2021  12:05:21,250858;9,577469E-1;1,362931E-1;1,303688E-1;9,511153E-1;;
02/12/2021  12:05:21,250958;9,577051E-1;1,404346E-1;1,303688E-1;9,513643E-1;;
02/12/2021  12:05:21,251058;9,569601E-1;1,417090E-1;1,581709E-1;9,516113E-1;;
02/12/2021  12:05:21,251158;9,559915E-1;1,063466E-1;1,202590E-1;9,518560E-1;;
02/12/2021  12:05:21,251258;9,570107E-1;1,123996E-1;1,114129E-1;9,520980E-1;;
02/12/2021  12:05:21,251358;9,575502E-1;1,700626E-1;1,989261E-1;9,523370E-1;;
02/12/2021  12:05:21,251458;9,571568E-1;1,267357E-1;1,208909E-1;9,525726E-1;;
02/12/2021  12:05:21,251558;9,569690E-1;1,334259E-1;1,155200E-1;9,528047E-1;;
02/12/2021  12:05:21,251658;9,563253E-1;1,254614E-1;1,221546E-1;9,530330E-1;;
02/12/2021  12:05:21,251758;9,570495E-1;4,932076E-2;9,214107E-2;9,532570E-1;;
02/12/2021  12:05:21,251858;9,577856E-1;1,515849E-1;1,524841E-1;9,534766E-1;;
02/12/2021  12:05:21,251958;9,577260E-1;1,232313E-1;1,284732E-1;9,536914E-1;;
02/12/2021  12:05:21,252058;9,568617E-1;1,238685E-1;1,158360E-1;9,539015E-1;;
02/12/2021  12:05:21,252158;9,566918E-1;9,615202E-2;1,145722E-1;9,541067E-1;;
02/12/2021  12:05:21,252258;9,579615E-1;1,334259E-1;1,338441E-1;9,543066E-1;;
02/12/2021  12:05:21,252358;9,581641E-1;1,251428E-1;1,262617E-1;9,545012E-1;;
02/12/2021  12:05:21,252458;9,580002E-1;1,350188E-1;1,373193E-1;9,546905E-1;;
02/12/2021  12:05:21,252558;9,572223E-1;1,206827E-1;1,104651E-1;9,548744E-1;;
02/12/2021  12:05:21,252658;9,570495E-1;1,965047E-1;1,689125E-1;9,550530E-1;;
02/12/2021  12:05:21,252758;9,580985E-1;1,184526E-1;1,370034E-1;9,552260E-1;;
02/12/2021  12:05:21,252858;9,587334E-1;1,197269E-1;1,275255E-1;9,553935E-1;;
02/12/2021  12:05:21,252958;9,575055E-1;1,315144E-1;1,581709E-1;9,555554E-1;;
02/12/2021  12:05:21,253058;9,565279E-1;1,280100E-1;1,291051E-1;9,557119E-1;;
02/12/2021  12:05:21,253158;9,564028E-1;1,404346E-1;1,313166E-1;9,558628E-1;;
02/12/2021  12:05:21,253258;9,574041E-1;1,289658E-1;1,294210E-1;9,560078E-1;;
02/12/2021  12:05:21,253358;9,571121E-1;1,123996E-1;1,262617E-1;9,561467E-1;;
02/12/2021  12:05:21,253458;9,563730E-1;1,245056E-1;1,316326E-1;9,562796E-1;;
02/12/2021  12:05:21,253558;9,554550E-1;1,483991E-1;1,505885E-1;9,564061E-1;;
02/12/2021  12:05:21,253658;9,559885E-1;1,139925E-1;1,224705E-1;9,565261E-1;;
02/12/2021  12:05:21,253758;9,569929E-1;1,050723E-1;1,651214E-1;9,566393E-1;;
02/12/2021  12:05:21,253858;9,558752E-1;1,238685E-1;1,316326E-1;9,567457E-1;;
02/12/2021  12:05:21,253958;9,560421E-1;7,353284E-2;9,403666E-2;9,568450E-1;;
02/12/2021  12:05:21,254058;9,550735E-1;1,200455E-1;1,284732E-1;9,569374E-1;;
02/12/2021  12:05:21,254158;9,551272E-1;1,413904E-1;1,752312E-1;9,570225E-1;;
02/12/2021  12:05:21,254258;9,561226E-1;2,797590E-2;6,275939E-2;9,571002E-1;;
02/12/2021  12:05:21,254358;9,551302E-1;1,123996E-1;1,291051E-1;9,571704E-1;;
02/12/2021  12:05:21,254458;9,546056E-1;9,073616E-2;9,466852E-2;9,572332E-1;;
02/12/2021  12:05:21,254558;9,537712E-1;1,276914E-1;1,281573E-1;9,572884E-1;;
02/12/2021  12:05:21,254658;9,540692E-1;1,356559E-1;1,310007E-1;9,573358E-1;;
02/12/2021  12:05:21,254758;9,548232E-1;1,219570E-1;1,164678E-1;9,573751E-1;;
02/12/2021  12:05:21,254858;9,543136E-1;1,350188E-1;1,660692E-1;9,574065E-1;;
02/12/2021  12:05:21,254958;9,529814E-1;1,260985E-1;1,246821E-1;9,574298E-1;;
02/12/2021  12:05:21,255058;9,512677E-1;1,168597E-1;1,208909E-1;9,574449E-1;;
02/12/2021  12:05:21,255158;9,522065E-1;1,101695E-1;1,208909E-1;9,574515E-1;;
02/12/2021  12:05:21,255258;9,519532E-1;1,292843E-1;1,158360E-1;9,574493E-1;;
02/12/2021  12:05:21,255358;9,505107E-1;1,397975E-1;1,218387E-1;9,574380E-1;;
02/12/2021  12:05:21,255458;9,492709E-1;1,241871E-1;1,231024E-1;9,574173E-1;;
02/12/2021  12:05:21,255558;9,481205E-1;1,225942E-1;1,231024E-1;9,573867E-1;;
02/12/2021  12:05:21,255658;9,476317E-1;1,404346E-1;1,420583E-1;9,573456E-1;;
02/12/2021  12:05:21,255758;9,469314E-1;1,748413E-1;2,036651E-1;9,572933E-1;;
02/12/2021  12:05:21,255858;9,460194E-1;1,257800E-1;1,170997E-1;9,572292E-1;;
02/12/2021  12:05:21,255958;9,438766E-1;1,203641E-1;1,310007E-1;9,571526E-1;;
02/12/2021  12:05:21,256058;9,429080E-1;1,238685E-1;1,347919E-1;9,570627E-1;;
02/12/2021  12:05:21,256158;9,420407E-1;1,448948E-1;1,739675E-1;9,569586E-1;;
02/12/2021  12:05:21,256258;9,417725E-1;1,337445E-1;1,395309E-1;9,568393E-1;;
02/12/2021  12:05:21,256358;9,403002E-1;1,315144E-1;1,208909E-1;9,567041E-1;;
02/12/2021  12:05:21,256458;9,395849E-1;1,337445E-1;1,452176E-1;9,565521E-1;;
02/12/2021  12:05:21,256558;9,379934E-1;1,267357E-1;1,300529E-1;9,563825E-1;;
02/12/2021  12:05:21,256658;9,389531E-1;1,324701E-1;1,275255E-1;9,561946E-1;;
02/12/2021  12:05:21,256758;9,387832E-1;1,321516E-1;1,313166E-1;9,559878E-1;;
02/12/2021  12:05:21,256858;9,386491E-1;1,098510E-1;1,152041E-1;9,557619E-1;;
02/12/2021  12:05:21,256958;9,380083E-1;8,595746E-2;7,887192E-2;9,555168E-1;;
02/12/2021  12:05:21,257058;9,370755E-1;4,804644E-2;7,602853E-2;9,552525E-1;;
02/12/2021  12:05:21,257158;9,378146E-1;1,047537E-1;9,845971E-2;9,549691E-1;;
02/12/2021  12:05:21,257258;9,379815E-1;1,168597E-1;1,123607E-1;9,546669E-1;;
02/12/2021  12:05:21,257358;9,376179E-1;1,318330E-1;1,385831E-1;9,543464E-1;;
02/12/2021  12:05:21,257458;9,364675E-1;1,448948E-1;1,360556E-1;9,540081E-1;;
02/12/2021  12:05:21,257558;9,366940E-1;1,123996E-1;1,569071E-1;9,536528E-1;;
02/12/2021  12:05:21,257658;9,374689E-1;1,085766E-1;1,028828E-1;9,532810E-1;;
02/12/2021  12:05:21,257758;9,367179E-1;1,257800E-1;1,243661E-1;9,528937E-1;;
02/12/2021  12:05:21,257858;9,362619E-1;1,448948E-1;1,505885E-1;9,524918E-1;;
02/12/2021  12:05:21,257958;9,342860E-1;1,566822E-1;1,774427E-1;9,520761E-1;;
02/12/2021  12:05:21,258058;9,338329E-1;1,433019E-1;1,395309E-1;9,516475E-1;;
02/12/2021  12:05:21,258158;9,343903E-1;1,359745E-1;1,360556E-1;9,512065E-1;;
02/12/2021  12:05:21,258258;9,335021E-1;1,222756E-1;1,341600E-1;9,507539E-1;;
02/12/2021  12:05:21,258358;9,328435E-1;1,318330E-1;1,395309E-1;9,502903E-1;;
02/12/2021  12:05:21,258458;9,312997E-1;1,219570E-1;1,256299E-1;9,498165E-1;;
02/12/2021  12:05:21,258558;9,307364E-1;1,254614E-1;1,202590E-1;9,493329E-1;;
02/12/2021  12:05:21,258658;9,314904E-1;5,919674E-2;3,938042E-2;9,488401E-1;;
02/12/2021  12:05:21,258758;9,313176E-1;1,350188E-1;1,344760E-1;9,483386E-1;;
02/12/2021  12:05:21,258858;9,305665E-1;1,238685E-1;9,782784E-2;9,478291E-1;;
02/12/2021  12:05:21,258958;9,286889E-1;1,143111E-1;1,044624E-1;9,473123E-1;;
02/12/2021  12:05:21,259058;9,288469E-1;9,264764E-2;1,123607E-1;9,467887E-1;;
02/12/2021  12:05:21,259158;9,291271E-1;1,245056E-1;1,357397E-1;9,462588E-1;;
02/12/2021  12:05:21,259258;9,291449E-1;1,385232E-1;1,344760E-1;9,457232E-1;;
02/12/2021  12:05:21,259358;9,279379E-1;1,283286E-1;1,177316E-1;9,451827E-1;;
02/12/2021  12:05:21,259458;9,271422E-1;7,863012E-2;8,992954E-2;9,446377E-1;;
02/12/2021  12:05:21,259558;9,268352E-1;1,436204E-1;1,366875E-1;9,440888E-1;;
02/12/2021  12:05:21,259658;9,276131E-1;1,410718E-1;1,379512E-1;9,435366E-1;;
02/12/2021  12:05:21,259758;9,273299E-1;1,152668E-1;1,177316E-1;9,429817E-1;;
02/12/2021  12:05:21,259858;9,268054E-1;1,098510E-1;1,170997E-1;9,424249E-1;;
02/12/2021  12:05:21,259958;9,254285E-1;1,034794E-1;1,183634E-1;9,418667E-1;;
02/12/2021  12:05:21,260058;9,255239E-1;1,159040E-1;1,259458E-1;9,413078E-1;;
02/12/2021  12:05:21,260158;9,258666E-1;1,710183E-1;2,099837E-1;9,407487E-1;;
02/12/2021  12:05:21,260258;9,248771E-1;5,123224E-2;7,792413E-2;9,401899E-1;;
02/12/2021  12:05:21,260358;9,240367E-1;9,328480E-2;1,069899E-1;9,396321E-1;;
02/12/2021  12:05:21,260458;9,225108E-1;1,123996E-1;1,227865E-1;9,390756E-1;;
02/12/2021  12:05:21,260558;9,229936E-1;1,190898E-1;1,291051E-1;9,385207E-1;;
02/12/2021  12:05:21,260658;9,226985E-1;8,914326E-2;1,092014E-1;9,379676E-1;;
02/12/2021  12:05:21,260758;9,221859E-1;9,009900E-2;1,013031E-1;9,374166E-1;;
02/12/2021  12:05:21,260858;9,197510E-1;1,123996E-1;1,455336E-1;9,368678E-1;;
02/12/2021  12:05:21,260958;9,176827E-1;1,149482E-1;1,227865E-1;9,363214E-1;;
02/12/2021  12:05:21,261058;9,175993E-1;1,041165E-1;1,202590E-1;9,357770E-1;;
02/12/2021  12:05:21,261158;9,174502E-1;8,627604E-2;1,038306E-1;9,352340E-1;;
02/12/2021  12:05:21,261258;9,175039E-1;8,054160E-2;9,845971E-2;9,346923E-1;;
02/12/2021  12:05:21,261358;9,163445E-1;9,997498E-2;1,291051E-1;9,341516E-1;;
02/12/2021  12:05:21,261458;9,155846E-1;-2,490838E-2;2,010857E-2;9,336116E-1;;
02/12/2021  12:05:21,261558;9,163356E-1;9,615202E-2;1,148882E-1;9,330722E-1;;
02/12/2021  12:05:21,261658;9,167052E-1;1,155854E-1;1,256299E-1;9,325332E-1;;
02/12/2021  12:05:21,261758;9,174264E-1;1,200455E-1;1,322644E-1;9,319949E-1;;
02/12/2021  12:05:21,261858;9,166932E-1;1,190898E-1;1,278414E-1;9,314576E-1;;
02/12/2021  12:05:21,261958;9,171820E-1;1,327887E-1;1,477451E-1;9,309216E-1;;
02/12/2021  12:05:21,262058;9,189911E-1;1,260985E-1;1,325804E-1;9,303876E-1;;
02/12/2021  12:05:21,262158;9,199656E-1;1,433019E-1;1,373193E-1;9,298564E-1;;
02/12/2021  12:05:21,262258;9,202875E-1;1,828058E-1;1,758630E-1;9,293291E-1;;
02/12/2021  12:05:21,262358;9,200729E-1;2,105222E-1;1,685966E-1;9,288069E-1;;
02/12/2021  12:05:21,262458;9,204603E-1;1,620981E-1;1,373193E-1;9,282909E-1;;
02/12/2021  12:05:21,262558;9,212412E-1;1,719741E-1;1,565912E-1;9,277825E-1;;
02/12/2021  12:05:21,262658;9,222873E-1;1,662396E-1;1,562753E-1;9,272827E-1;;
02/12/2021  12:05:21,262758;9,223975E-1;1,627352E-1;1,562753E-1;9,267930E-1;;
02/12/2021  12:05:21,262858;9,217359E-1;1,439390E-1;1,486929E-1;9,263145E-1;;
02/12/2021  12:05:21,262958;9,214856E-1;1,260985E-1;1,054102E-1;9,258486E-1;;
02/12/2021  12:05:21,263058;9,230234E-1;1,044459E+1;3,082386E-1;9,253962E-1;;
02/12/2021  12:05:21,263158;9,234228E-1;1,044459E+1;1,246821E-1;9,249582E-1;;
02/12/2021  12:05:21,263258;9,232499E-1;1,044459E+1;1,234183E-1;9,245358E-1;;
02/12/2021  12:05:21,263358;9,225883E-1;1,044459E+1;8,234717E-2;9,241298E-1;;
02/12/2021  12:05:21,263458;9,231992E-1;1,044459E+1;1,789705E-2;9,237410E-1;;
02/12/2021  12:05:21,263558;9,249815E-1;1,044459E+1;1,663332E-2;9,233701E-1;;
02/12/2021  12:05:21,263658;9,256997E-1;1,044459E+1;1,505366E-2;9,230179E-1;;
02/12/2021  12:05:21,263758;9,264716E-1;1,044459E+1;1,852891E-2;9,226853E-1;;
02/12/2021  12:05:21,263858;9,259918E-1;1,044459E+1;1,821298E-2;9,223730E-1;;
02/12/2021  12:05:21,263958;9,269872E-1;1,044459E+1;1,916077E-2;9,220820E-1;;
02/12/2021  12:05:21,264058;9,281614E-1;1,044459E+1;1,726518E-2;9,218129E-1;;
02/12/2021  12:05:21,264158;9,295324E-1;1,044459E+1;1,694925E-2;9,215664E-1;;
02/12/2021  12:05:21,264258;9,301523E-1;1,044459E+1;1,726518E-2;9,213433E-1;;
02/12/2021  12:05:21,264358;9,295920E-1;1,044459E+1;1,884484E-2;9,211445E-1;;
02/12/2021  12:05:21,264458;9,314815E-1;1,044459E+1;1,916077E-2;9,209705E-1;;
02/12/2021  12:05:21,264558;9,327332E-1;1,044459E+1;1,758111E-2;9,208220E-1;;
02/12/2021  12:05:21,264658;9,341578E-1;1,044459E+1;1,726518E-2;9,206998E-1;;
02/12/2021  12:05:21,264758;9,340416E-1;1,044459E+1;1,916077E-2;9,206044E-1;;
02/12/2021  12:05:21,264858;9,338478E-1;1,044459E+1;1,726518E-2;9,205367E-1;;
02/12/2021  12:05:21,264958;9,344081E-1;1,044459E+1;1,916077E-2;9,204968E-1;;
02/12/2021  12:05:21,265058;9,353231E-1;1,044459E+1;1,758111E-2;9,204850E-1;;
02/12/2021  12:05:21,265158;9,363394E-1;1,044459E+1;1,821298E-2;9,205016E-1;;
02/12/2021  12:05:21,265258;9,366225E-1;1,044459E+1;1,852891E-2;9,205465E-1;;
02/12/2021  12:05:21,265358;9,360413E-1;1,044459E+1;2,674314E-2;9,206197E-1;;
02/12/2021  12:05:21,265458;9,374779E-1;1,044459E+1;1,442179E-2;9,207211E-1;;
02/12/2021  12:05:21,265558;9,389531E-1;1,044459E+1;1,726518E-2;9,208504E-1;;
02/12/2021  12:05:21,265658;9,397220E-1;1,044459E+1;1,821298E-2;9,210074E-1;;
02/12/2021  12:05:21,265758;9,394240E-1;1,044459E+1;1,947671E-2;9,211918E-1;;
02/12/2021  12:05:21,265858;9,393763E-1;1,044459E+1;9,372073E-2;9,214035E-1;;
02/12/2021  12:05:21,265958;9,408009E-1;1,044459E+1;8,419087E-3;9,216418E-1;;
02/12/2021  12:05:21,266058;9,419662E-1;1,044459E+1;1,726518E-2;9,219062E-1;;
02/12/2021  12:05:21,266158;9,434951E-1;1,044459E+1;2,674314E-2;9,221962E-1;;
02/12/2021  12:05:21,266258;9,429616E-1;1,044459E+1;1,174156E-1;9,225115E-1;;
02/12/2021  12:05:21,266358;9,433252E-1;1,044459E+1;6,054787E-2;9,228515E-1;;
02/12/2021  12:05:21,266458;9,446037E-1;1,044459E+1;1,852891E-2;9,232156E-1;;
02/12/2021  12:05:21,266558;9,452803E-1;1,044459E+1;1,947671E-2;9,236031E-1;;
02/12/2021  12:05:21,266658;9,454382E-1;1,044459E+1;6,339125E-2;9,240135E-1;;
02/12/2021  12:05:21,266758;9,443832E-1;1,044459E+1;1,790224E-1;9,244459E-1;;
02/12/2021  12:05:21,266858;9,441388E-1;1,044459E+1;1,568552E-2;9,248994E-1;;
02/12/2021  12:05:21,266958;9,446455E-1;1,044459E+1;1,694925E-2;9,253727E-1;;
02/12/2021  12:05:21,267058;9,446127E-1;1,044459E+1;1,789705E-2;9,258644E-1;;
02/12/2021  12:05:21,267158;9,447736E-1;1,044459E+1;1,082536E-1;9,263731E-1;;
02/12/2021  12:05:21,267258;9,428603E-1;1,044459E+1;1,884484E-2;9,268974E-1;;
02/12/2021  12:05:21,267358;9,420943E-1;1,044459E+1;1,821298E-2;9,274354E-1;;
02/12/2021  12:05:21,267458;9,427858E-1;1,044459E+1;1,979264E-2;9,279853E-1;;
02/12/2021  12:05:21,267558;9,432537E-1;1,044459E+1;4,159195E-2;9,285450E-1;;
02/12/2021  12:05:21,267658;9,431970E-1;1,044459E+1;1,180475E-1;9,291126E-1;;
02/12/2021  12:05:21,267758;9,424877E-1;1,044459E+1;1,568552E-2;9,296863E-1;;
02/12/2021  12:05:21,267858;9,429199E-1;1,044459E+1;1,726518E-2;9,302642E-1;;
02/12/2021  12:05:21,267958;9,443087E-1;1,044459E+1;1,157841E-2;9,308447E-1;;
02/12/2021  12:05:21,268058;9,451521E-1;1,044459E+1;2,074043E-2;9,314261E-1;;
02/12/2021  12:05:21,268158;9,453756E-1;1,044459E+1;1,821298E-2;9,320072E-1;;
02/12/2021  12:05:21,268258;9,448392E-1;1,044459E+1;1,694925E-2;9,325868E-1;;
02/12/2021  12:05:21,268358;9,455425E-1;1,044459E+1;3,274585E-2;9,331638E-1;;
02/12/2021  12:05:21,268458;9,470178E-1;1,044459E+1;8,582243E-2;9,337371E-1;;
02/12/2021  12:05:21,268558;9,486689E-1;1,044459E+1;2,235688E-1;9,343060E-1;;
02/12/2021  12:05:21,268658;9,482606E-1;1,044459E+1;1,694925E-2;9,348698E-1;;
02/12/2021  12:05:21,268758;9,480937E-1;1,044459E+1;1,821298E-2;9,354283E-1;;
02/12/2021  12:05:21,268858;9,483530E-1;1,044459E+1;1,694925E-2;9,359810E-1;;
02/12/2021  12:05:21,268958;9,488805E-1;1,044459E+1;1,663332E-2;9,365273E-1;;
02/12/2021  12:05:21,269058;9,494229E-1;1,044459E+1;1,473773E-2;9,370669E-1;;
02/12/2021  12:05:21,269158;9,486450E-1;1,044459E+1;1,663332E-2;9,375994E-1;;
02/12/2021  12:05:21,269258;9,475930E-1;1,044459E+1;2,010857E-2;9,381244E-1;;
02/12/2021  12:05:21,269358;9,481741E-1;1,044459E+1;1,821298E-2;9,386412E-1;;
02/12/2021  12:05:21,269458;9,495391E-1;1,044459E+1;1,631739E-2;9,391494E-1;;
02/12/2021  12:05:21,269558;9,495868E-1;1,044459E+1;1,758111E-2;9,396484E-1;;
02/12/2021  12:05:21,269658;9,489162E-1;1,044459E+1;1,315807E-2;9,401380E-1;;
02/12/2021  12:05:21,269758;9,483261E-1;1,044459E+1;1,473773E-2;9,406178E-1;;
02/12/2021  12:05:21,269858;9,488954E-1;1,044459E+1;1,505366E-2;9,410874E-1;;
02/12/2021  12:05:21,269958;9,505018E-1;1,044459E+1;1,568552E-2;9,415463E-1;;
02/12/2021  12:05:21,270058;9,501888E-1;1,044459E+1;1,821298E-2;9,419943E-1;;
02/12/2021  12:05:21,270158;9,498938E-1;1,044459E+1;1,473773E-2;9,424314E-1;;
02/12/2021  12:05:21,270258;9,500041E-1;1,044459E+1;2,927060E-2;9,428574E-1;;
02/12/2021  12:05:21,270358;9,504869E-1;1,044459E+1;1,947671E-2;9,432722E-1;;
02/12/2021  12:05:21,270458;9,511276E-1;1,044459E+1;7,155359E-3;9,436757E-1;;
02/12/2021  12:05:21,270558;9,520426E-1;1,044459E+1;1,600145E-2;9,440681E-1;;
02/12/2021  12:05:21,270658;9,503468E-1;1,044459E+1;1,821298E-2;9,444494E-1;;
02/12/2021  12:05:21,270758;9,498997E-1;1,044459E+1;1,821298E-2;9,448196E-1;;
02/12/2021  12:05:21,270858;9,508981E-1;1,044459E+1;1,252620E-2;9,451788E-1;;
02/12/2021  12:05:21,270958;9,512856E-1;1,044459E+1;1,094654E-2;9,455268E-1;;
02/12/2021  12:05:21,271058;9,509577E-1;1,044459E+1;1,979264E-2;9,458637E-1;;
02/12/2021  12:05:21,271158;9,497090E-1;1,044459E+1;1,663332E-2;9,461895E-1;;
02/12/2021  12:05:21,271258;9,497984E-1;1,044459E+1;1,694925E-2;9,465041E-1;;
02/12/2021  12:05:21,271358;9,501829E-1;1,044459E+1;1,094654E-2;9,468073E-1;;
02/12/2021  12:05:21,271458;9,509637E-1;1,044459E+1;1,947671E-2;9,470990E-1;;
02/12/2021  12:05:21,271558;9,503080E-1;1,044459E+1;1,473773E-2;9,473793E-1;;
02/12/2021  12:05:21,271658;9,488835E-1;1,044459E+1;1,947671E-2;9,476482E-1;;
02/12/2021  12:05:21,271758;9,481652E-1;1,044459E+1;1,631739E-2;9,479054E-1;;
02/12/2021  12:05:21,271858;9,491368E-1;1,044459E+1;1,378993E-2;9,481507E-1;;
02/12/2021  12:05:21,271958;9,498431E-1;1,044459E+1;1,663332E-2;9,483838E-1;;
02/12/2021  12:05:21,272058;9,485407E-1;1,044459E+1;1,663332E-2;9,486048E-1;;
02/12/2021  12:05:21,272158;9,472681E-1;1,044459E+1;1,726518E-2;9,488134E-1;;
02/12/2021  12:05:21,272258;9,469045E-1;1,044459E+1;1,600145E-2;9,490095E-1;;
02/12/2021  12:05:21,272358;9,478612E-1;1,044459E+1;7,155359E-3;9,491927E-1;;
02/12/2021  12:05:21,272458;9,471281E-1;1,044459E+1;2,358382E-2;9,493627E-1;;
02/12/2021  12:05:21,272558;9,461595E-1;1,044459E+1;1,663332E-2;9,495194E-1;;
02/12/2021  12:05:21,272658;9,446127E-1;1,044459E+1;1,726518E-2;9,496626E-1;;
02/12/2021  12:05:21,272758;9,436679E-1;1,044459E+1;1,157841E-2;9,497917E-1;;
02/12/2021  12:05:21,272858;9,437335E-1;1,044459E+1;1,410586E-2;9,499062E-1;;
02/12/2021  12:05:21,272958;9,433073E-1;1,044459E+1;1,631739E-2;9,500056E-1;;
02/12/2021  12:05:21,273058;9,424401E-1;1,044459E+1;1,663332E-2;9,500894E-1;;
02/12/2021  12:05:21,273158;9,407085E-1;1,044459E+1;1,758111E-2;9,501570E-1;;
02/12/2021  12:05:21,273258;9,405654E-1;1,044459E+1;3,085026E-2;9,502081E-1;;
02/12/2021  12:05:21,273358;9,406310E-1;1,044459E+1;1,600145E-2;9,502418E-1;;
02/12/2021  12:05:21,273458;9,395283E-1;1,044459E+1;1,600145E-2;9,502579E-1;;
02/12/2021  12:05:21,273558;9,379100E-1;1,044459E+1;1,852891E-2;9,502557E-1;;
02/12/2021  12:05:21,273658;9,356360E-1;1,044459E+1;1,568552E-2;9,502348E-1;;
02/12/2021  12:05:21,273758;9,356599E-1;1,044459E+1;1,631739E-2;9,501944E-1;;
02/12/2021  12:05:21,273858;9,353589E-1;1,044459E+1;1,852891E-2;9,501339E-1;;
02/12/2021  12:05:21,273958;9,347956E-1;1,044459E+1;1,726518E-2;9,500525E-1;;
02/12/2021  12:05:21,274058;9,328465E-1;1,044459E+1;1,947671E-2;9,499498E-1;;
02/12/2021  12:05:21,274158;9,320537E-1;1,044459E+1;1,789705E-2;9,498253E-1;;
02/12/2021  12:05:21,274258;9,316871E-1;1,044459E+1;2,042450E-2;9,496786E-1;;
02/12/2021  12:05:21,274358;9,314129E-1;1,044459E+1;1,789705E-2;9,495090E-1;;
02/12/2021  12:05:21,274458;9,310941E-1;1,044459E+1;2,137230E-2;9,493165E-1;;
02/12/2021  12:05:21,274558;9,288618E-1;1,044459E+1;2,042450E-2;9,491008E-1;;
02/12/2021  12:05:21,274658;9,282449E-1;1,044459E+1;2,042450E-2;9,488618E-1;;
02/12/2021  12:05:21,274758;9,279767E-1;1,044459E+1;1,505366E-2;9,485992E-1;;
02/12/2021  12:05:21,274858;9,278604E-1;1,044459E+1;1,284213E-2;9,483132E-1;;
02/12/2021  12:05:21,274958;9,276488E-1;1,044459E+1;1,536959E-2;9,480037E-1;;
02/12/2021  12:05:21,275058;9,257802E-1;1,044459E+1;1,631739E-2;9,476710E-1;;
02/12/2021  12:05:21,275158;9,254285E-1;1,044459E+1;1,568552E-2;9,473154E-1;;
02/12/2021  12:05:21,275258;9,264895E-1;1,044459E+1;1,252620E-2;9,469372E-1;;
02/12/2021  12:05:21,275358;9,264776E-1;1,044459E+1;1,473773E-2;9,465369E-1;;
02/12/2021  12:05:21,275458;9,260991E-1;1,044459E+1;1,631739E-2;9,461155E-1;;
02/12/2021  12:05:21,275558;9,251931E-1;1,044459E+1;1,315807E-2;9,456737E-1;;
02/12/2021  12:05:21,275658;9,246059E-1;1,044459E+1;4,627903E-3;9,452126E-1;;
02/12/2021  12:05:21,275758;9,258577E-1;1,044459E+1;8,419087E-3;9,447332E-1;;
02/12/2021  12:05:21,275858;9,270945E-1;1,044459E+1;1,442179E-2;9,442365E-1;;
02/12/2021  12:05:21,275958;9,264954E-1;1,044459E+1;1,252620E-2;9,437241E-1;;
02/12/2021  12:05:21,276058;9,258934E-1;1,044459E+1;3,680107E-3;9,431976E-1;;
02/12/2021  12:05:21,276158;9,261736E-1;1,044459E+1;3,996039E-3;9,426585E-1;;
02/12/2021  12:05:21,276258;9,270647E-1;1,044459E+1;4,311971E-3;9,421085E-1;;
02/12/2021  12:05:21,276358;9,270021E-1;1,044459E+1;3,996039E-3;9,415492E-1;;
02/12/2021  12:05:21,276458;9,265938E-1;1,044459E+1;3,680107E-3;9,409824E-1;;
02/12/2021  12:05:21,276558;9,251901E-1;1,044459E+1;3,680107E-3;9,404097E-1;;
02/12/2021  12:05:21,276658;9,248235E-1;1,044459E+1;3,680107E-3;9,398327E-1;;
02/12/2021  12:05:21,276758;9,255268E-1;1,044459E+1;7,155359E-3;9,392526E-1;;
02/12/2021  12:05:21,276858;9,260246E-1;1,044459E+1;9,050951E-3;9,386709E-1;;
02/12/2021  12:05:21,276958;9,251543E-1;1,044459E+1;3,680107E-3;9,380889E-1;;
02/12/2021  12:05:21,277058;9,240784E-1;1,044459E+1;3,364175E-3;9,375079E-1;;
02/12/2021  12:05:21,277158;9,247102E-1;1,044459E+1;3,996039E-3;9,369292E-1;;
02/12/2021  12:05:21,277258;9,255984E-1;1,044459E+1;3,996039E-3;9,363537E-1;;
02/12/2021  12:05:21,277358;9,256133E-1;1,044459E+1;3,680107E-3;9,357827E-1;;
02/12/2021  12:05:21,277458;9,256371E-1;1,044459E+1;3,680107E-3;9,352174E-1;;
02/12/2021  12:05:21,277558;9,244688E-1;1,044459E+1;3,364175E-3;9,346590E-1;;
02/12/2021  12:05:21,277658;9,255656E-1;1,044459E+1;3,680107E-3;9,341086E-1;;
02/12/2021  12:05:21,277758;9,272465E-1;1,044459E+1;3,680107E-3;9,335672E-1;;
02/12/2021  12:05:21,277858;9,273329E-1;1,044459E+1;3,680107E-3;9,330360E-1;;
02/12/2021  12:05:21,277958;9,267369E-1;1,044459E+1;3,680107E-3;9,325162E-1;;
02/12/2021  12:05:21,278058;9,261795E-1;1,044459E+1;3,680107E-3;9,320091E-1;;
02/12/2021  12:05:21,278158;9,276250E-1;1,044459E+1;3,364175E-3;9,315155E-1;;
02/12/2021  12:05:21,278258;9,274789E-1;1,044459E+1;3,048243E-3;9,310364E-1;;
02/12/2021  12:05:21,278358;9,277680E-1;1,044459E+1;3,680107E-3;9,305729E-1;;
02/12/2021  12:05:21,278458;9,267637E-1;1,044459E+1;4,311971E-3;9,301256E-1;;
02/12/2021  12:05:21,278558;9,253659E-1;1,044459E+1;8,735019E-3;9,296953E-1;;
02/12/2021  12:05:21,278658;9,263524E-1;1,044459E+1;3,996039E-3;9,292822E-1;;
02/12/2021  12:05:21,278758;9,264776E-1;1,044459E+1;3,680107E-3;9,288866E-1;;
02/12/2021  12:05:21,278858;9,269693E-1;1,044459E+1;3,364175E-3;9,285088E-1;;
02/12/2021  12:05:21,278958;9,267756E-1;1,044459E+1;3,680107E-3;9,281490E-1;;
02/12/2021  12:05:21,279058;9,264537E-1;1,044459E+1;9,682815E-3;9,278073E-1;;
02/12/2021  12:05:21,279158;9,272137E-1;1,044459E+1;3,680107E-3;9,274839E-1;;
02/12/2021  12:05:21,279258;9,285578E-1;1,044459E+1;1,157841E-2;9,271789E-1;;
02/12/2021  12:05:21,279358;9,288737E-1;1,044459E+1;6,523495E-3;9,268924E-1;;
02/12/2021  12:05:21,279458;9,287694E-1;1,044459E+1;7,155359E-3;9,266248E-1;;
02/12/2021  12:05:21,279558;9,291688E-1;1,044459E+1;4,943835E-3;9,263762E-1;;
02/12/2021  12:05:21,279658;9,307126E-1;1,044459E+1;4,627903E-3;9,261470E-1;;
02/12/2021  12:05:21,279758;9,321342E-1;1,044459E+1;1,568552E-2;9,259374E-1;;
02/12/2021  12:05:21,279858;9,324262E-1;1,044459E+1;1,505366E-2;9,257479E-1;;
02/12/2021  12:05:21,279958;9,326706E-1;1,044459E+1;1,473773E-2;9,255789E-1;;
02/12/2021  12:05:21,280058;9,331326E-1;1,044459E+1;7,787223E-3;9,254310E-1;;
02/12/2021  12:05:21,280158;9,354900E-1;1,044459E+1;1,568552E-2;9,253045E-1;;
02/12/2021  12:05:21,280258;9,360324E-1;1,044459E+1;1,758111E-2;9,251998E-1;;
02/12/2021  12:05:21,280358;9,364973E-1;1,044459E+1;1,663332E-2;9,251177E-1;;
02/12/2021  12:05:21,280458;9,361904E-1;1,044459E+1;1,378993E-2;9,250586E-1;;
02/12/2021  12:05:21,280558;9,365987E-1;1,044459E+1;4,627903E-3;9,250228E-1;;
02/12/2021  12:05:21,280658;9,377312E-1;1,044459E+1;1,758111E-2;9,250106E-1;;
02/12/2021  12:05:21,280758;9,380501E-1;1,044459E+1;1,631739E-2;9,250221E-1;;
02/12/2021  12:05:21,280858;9,378862E-1;1,044459E+1;1,063061E-2;9,250573E-1;;
02/12/2021  12:05:21,280958;9,381365E-1;1,044459E+1;1,347400E-2;9,251163E-1;;
02/12/2021  12:05:21,281058;9,385984E-1;1,044459E+1;1,726518E-2;9,251988E-1;;
02/12/2021  12:05:21,281158;9,406101E-1;1,044459E+1;1,126247E-2;9,253045E-1;;
02/12/2021  12:05:21,281258;9,411138E-1;1,044459E+1;9,998747E-3;9,254333E-1;;
02/12/2021  12:05:21,281358;9,408694E-1;1,044459E+1;1,631739E-2;9,255850E-1;;
02/12/2021  12:05:21,281458;9,400707E-1;1,044459E+1;1,884484E-2;9,257594E-1;;
02/12/2021  12:05:21,281558;9,409171E-1;1,044459E+1;1,694925E-2;9,259560E-1;;
02/12/2021  12:05:21,281658;9,418559E-1;1,044459E+1;1,758111E-2;9,261742E-1;;
02/12/2021  12:05:21,281758;9,425026E-1;1,044459E+1;1,505366E-2;9,264133E-1;;
02/12/2021  12:05:21,281858;9,425682E-1;1,044459E+1;1,821298E-2;9,266728E-1;;
02/12/2021  12:05:21,281958;9,428901E-1;1,044459E+1;1,631739E-2;9,269521E-1;;
02/12/2021  12:05:21,282058;9,436113E-1;1,044459E+1;1,505366E-2;9,272505E-1;;
02/12/2021  12:05:21,282158;9,445024E-1;1,044459E+1;1,663332E-2;9,275673E-1;;
02/12/2021  12:05:21,282258;9,441805E-1;1,044459E+1;1,821298E-2;9,279019E-1;;
02/12/2021  12:05:21,282358;9,439272E-1;1,044459E+1;9,050951E-3;9,282535E-1;;
02/12/2021  12:05:21,282458;9,430033E-1;1,044459E+1;1,726518E-2;9,286211E-1;;
02/12/2021  12:05:21,282558;9,440345E-1;1,044459E+1;1,410586E-2;9,290038E-1;;
02/12/2021  12:05:21,282658;9,450419E-1;1,044459E+1;1,536959E-2;9,294003E-1;;
02/12/2021  12:05:21,282758;9,451581E-1;1,044459E+1;1,789705E-2;9,298097E-1;;
02/12/2021  12:05:21,282858;9,449584E-1;1,044459E+1;1,694925E-2;9,302310E-1;;
02/12/2021  12:05:21,282958;9,446604E-1;1,044459E+1;1,947671E-2;9,306631E-1;;
02/12/2021  12:05:21,283058;9,453756E-1;1,044459E+1;1,442179E-2;9,311049E-1;;
02/12/2021  12:05:21,283158;9,454949E-1;1,044459E+1;1,758111E-2;9,315553E-1;;
02/12/2021  12:05:21,283258;9,468688E-1;1,044459E+1;1,694925E-2;9,320133E-1;;
02/12/2021  12:05:21,283358;9,463353E-1;1,044459E+1;1,726518E-2;9,324779E-1;;
02/12/2021  12:05:21,283458;9,469552E-1;1,044459E+1;1,473773E-2;9,329482E-1;;
02/12/2021  12:05:21,283558;9,480728E-1;1,044459E+1;1,631739E-2;9,334233E-1;;
02/12/2021  12:05:21,283658;9,486778E-1;1,044459E+1;1,631739E-2;9,339025E-1;;
02/12/2021  12:05:21,283758;9,493752E-1;1,044459E+1;1,884484E-2;9,343852E-1;;
02/12/2021  12:05:21,283858;9,492590E-1;1,044459E+1;1,536959E-2;9,348708E-1;;
02/12/2021  12:05:21,283958;9,488686E-1;1,044459E+1;1,442179E-2;9,353588E-1;;
02/12/2021  12:05:21,284058;9,504779E-1;1,044459E+1;1,726518E-2;9,358485E-1;;
02/12/2021  12:05:21,284158;9,510114E-1;1,044459E+1;1,789705E-2;9,363395E-1;;
02/12/2021  12:05:21,284258;9,514048E-1;1,044459E+1;1,568552E-2;9,368313E-1;;
02/12/2021  12:05:21,284358;9,507283E-1;1,044459E+1;2,168823E-2;9,373235E-1;;
02/12/2021  12:05:21,284458;9,498282E-1;1,044459E+1;1,442179E-2;9,378157E-1;;
02/12/2021  12:05:21,284558;9,510770E-1;1,044459E+1;1,663332E-2;9,383073E-1;;
02/12/2021  12:05:21,284658;9,511634E-1;1,044459E+1;1,789705E-2;9,387975E-1;;
02/12/2021  12:05:21,284758;9,505643E-1;1,044459E+1;1,694925E-2;9,392859E-1;;
02/12/2021  12:05:21,284858;9,499087E-1;1,044459E+1;1,410586E-2;9,397716E-1;;
02/12/2021  12:05:21,284958;9,499146E-1;1,044459E+1;1,410586E-2;9,402540E-1;;
02/12/2021  12:05:21,285058;9,514137E-1;1,044459E+1;1,726518E-2;9,407323E-1;;
02/12/2021  12:05:21,285158;9,514286E-1;1,044459E+1;1,726518E-2;9,412056E-1;;
02/12/2021  12:05:21,285258;9,509935E-1;1,044459E+1;1,758111E-2;9,416736E-1;;
02/12/2021  12:05:21,285358;9,496196E-1;1,044459E+1;1,568552E-2;9,421355E-1;;
02/12/2021  12:05:21,285458;9,493216E-1;1,044459E+1;1,631739E-2;9,425907E-1;;
02/12/2021  12:05:21,285558;9,508654E-1;1,044459E+1;1,505366E-2;9,430383E-1;;
02/12/2021  12:05:21,285658;9,508236E-1;1,044459E+1;1,663332E-2;9,434775E-1;;
02/12/2021  12:05:21,285758;9,502931E-1;1,044459E+1;1,663332E-2;9,439079E-1;;
02/12/2021  12:05:21,285858;9,495540E-1;1,044459E+1;9,530039E-2;9,443288E-1;;
02/12/2021  12:05:21,285958;9,502127E-1;1,044459E+1;6,054787E-2;9,447397E-1;;
02/12/2021  12:05:21,286058;9,506269E-1;1,044459E+1;3,495737E-2;9,451399E-1;;
02/12/2021  12:05:21,286158;9,508534E-1;1,044459E+1;1,852891E-2;9,455290E-1;;
02/12/2021  12:05:21,286258;9,500160E-1;1,044459E+1;7,602853E-2;9,459067E-1;;
02/12/2021  12:05:21,286358;9,486152E-1;1,044459E+1;6,339125E-2;9,462725E-1;;
02/12/2021  12:05:21,286458;9,487315E-1;1,044459E+1;1,505366E-2;9,466259E-1;;
02/12/2021  12:05:21,286558;9,493752E-1;1,044459E+1;1,600145E-2;9,469664E-1;;
02/12/2021  12:05:21,286658;9,500935E-1;1,044459E+1;1,600145E-2;9,472935E-1;;
02/12/2021  12:05:21,286758;9,492977E-1;1,044459E+1;1,486929E-1;9,476068E-1;;
02/12/2021  12:05:21,286858;9,482248E-1;1,044459E+1;1,344760E-1;9,479063E-1;;
02/12/2021  12:05:21,286958;9,496315E-1;1,044459E+1;1,947671E-2;9,481915E-1;;
02/12/2021  12:05:21,287058;9,491845E-1;1,044459E+1;2,295196E-2;9,484624E-1;;
02/12/2021  12:05:21,287158;9,494378E-1;1,044459E+1;1,979264E-2;9,487187E-1;;
02/12/2021  12:05:21,287258;9,486957E-1;1,044459E+1;1,821298E-2;9,489604E-1;;
02/12/2021  12:05:21,287358;9,480728E-1;1,044459E+1;1,979264E-2;9,491876E-1;;
02/12/2021  12:05:21,287458;9,493842E-1;1,044459E+1;1,758111E-2;9,494002E-1;;
02/12/2021  12:05:21,287558;9,499325E-1;1,044459E+1;1,568552E-2;9,495981E-1;;
02/12/2021  12:05:21,287658;9,506895E-1;1,044459E+1;3,685297E-2;9,497817E-1;;
02/12/2021  12:05:21,287758;9,505763E-1;1,044459E+1;1,663332E-2;9,499515E-1;;
02/12/2021  12:05:21,287858;9,515568E-1;1,044459E+1;1,600145E-2;9,501080E-1;;
02/12/2021  12:05:21,287958;9,532258E-1;1,044459E+1;1,378993E-2;9,502518E-1;;
02/12/2021  12:05:21,288058;9,550229E-1;1,044459E+1;1,600145E-2;9,503840E-1;;
02/12/2021  12:05:21,288158;9,558007E-1;1,044459E+1;1,884484E-2;9,505059E-1;;
02/12/2021  12:05:21,288258;9,552971E-1;1,044459E+1;1,916077E-2;9,506187E-1;;
02/12/2021  12:05:21,288358;9,563342E-1;1,044459E+1;1,631739E-2;9,507240E-1;;
02/12/2021  12:05:21,288458;9,579227E-1;1,044459E+1;1,947671E-2;9,508231E-1;;
02/12/2021  12:05:21,288558;9,587781E-1;1,044459E+1;1,916077E-2;9,509175E-1;;
02/12/2021  12:05:21,288658;9,595082E-1;1,044459E+1;1,694925E-2;9,510087E-1;;
02/12/2021  12:05:21,288758;9,588794E-1;1,044459E+1;1,852891E-2;9,510983E-1;;
02/12/2021  12:05:21,288858;9,589897E-1;1,044459E+1;1,852891E-2;9,511877E-1;;
02/12/2021  12:05:21,288958;9,611981E-1;1,044459E+1;2,137230E-2;9,512782E-1;;
02/12/2021  12:05:21,289058;9,616809E-1;1,044459E+1;1,663332E-2;9,513711E-1;;
02/12/2021  12:05:21,289158;9,621786E-1;1,044459E+1;1,663332E-2;9,514676E-1;;
02/12/2021  12:05:21,289258;9,621518E-1;1,044459E+1;2,295196E-2;9,515691E-1;;
02/12/2021  12:05:21,289358;9,637790E-1;1,044459E+1;6,523495E-3;9,516768E-1;;
02/12/2021  12:05:21,289458;9,655165E-1;1,044459E+1;1,663332E-2;9,517918E-1;;
02/12/2021  12:05:21,289558;9,666759E-1;1,044459E+1;1,505366E-2;9,519154E-1;;
02/12/2021  12:05:21,289658;9,681094E-1;1,044459E+1;1,694925E-2;9,520489E-1;;
02/12/2021  12:05:21,289758;9,686548E-1;1,044459E+1;1,410586E-2;9,521939E-1;;
02/12/2021  12:05:21,289858;9,710390E-1;1,044459E+1;1,536959E-2;9,523516E-1;;
02/12/2021  12:05:21,289958;9,733189E-1;1,044459E+1;6,207563E-3;9,525236E-1;;
02/12/2021  12:05:21,290058;9,752055E-1;1,044459E+1;1,442179E-2;9,527114E-1;;
02/12/2021  12:05:21,290158;9,762039E-1;1,044459E+1;1,789705E-2;9,529169E-1;;
02/12/2021  12:05:21,290258;9,761472E-1;1,044459E+1;1,947671E-2;9,531417E-1;;
02/12/2021  12:05:21,290358;9,783378E-1;1,044459E+1;1,568552E-2;9,533873E-1;;
02/12/2021  12:05:21,290458;9,805939E-1;1,044459E+1;1,284213E-2;9,536550E-1;;
02/12/2021  12:05:21,290558;9,814611E-1;1,044459E+1;1,410586E-2;9,539463E-1;;
02/12/2021  12:05:21,290658;9,820780E-1;1,044459E+1;1,852891E-2;9,542625E-1;;
02/12/2021  12:05:21,290758;9,826056E-1;1,044459E+1;1,694925E-2;9,546048E-1;;
02/12/2021  12:05:21,290858;9,843043E-1;1,044459E+1;1,568552E-2;9,549741E-1;;
02/12/2021  12:05:21,290958;9,860389E-1;1,044459E+1;1,221027E-2;9,553712E-1;;
02/12/2021  12:05:21,291058;9,877764E-1;1,044459E+1;1,600145E-2;9,557968E-1;;
02/12/2021  12:05:21,291158;9,883277E-1;1,044459E+1;1,252620E-2;9,562518E-1;;
02/12/2021  12:05:21,291258;9,885960E-1;1,044459E+1;1,505366E-2;9,567366E-1;;
02/12/2021  12:05:21,291358;9,902411E-1;1,044459E+1;6,207563E-3;9,572516E-1;;
02/12/2021  12:05:21,291458;9,923184E-1;1,044459E+1;1,694925E-2;9,577972E-1;;
02/12/2021  12:05:21,291558;9,937161E-1;1,044459E+1;1,758111E-2;9,583734E-1;;
02/12/2021  12:05:21,291658;9,942019E-1;1,044459E+1;1,663332E-2;9,589805E-1;;
02/12/2021  12:05:21,291758;9,952599E-1;1,044459E+1;1,916077E-2;9,596185E-1;;
02/12/2021  12:05:21,291858;9,967799E-1;1,044459E+1;1,694925E-2;9,602874E-1;;
02/12/2021  12:05:21,291958;9,986813E-1;1,044459E+1;1,789705E-2;9,609869E-1;;
02/12/2021  12:05:21,292058;9,993936E-1;1,044459E+1;1,884484E-2;9,617170E-1;;
02/12/2021  12:05:21,292158;1,000186E+0;1,044459E+1;1,789705E-2;9,624772E-1;;
02/12/2021  12:05:21,292258;1,000404E+0;1,044459E+1;1,852891E-2;9,632673E-1;;
02/12/2021  12:05:21,292358;1,002219E+0;1,044459E+1;1,947671E-2;9,640865E-1;;
02/12/2021  12:05:21,292458;1,003489E+0;1,044459E+1;1,568552E-2;9,649342E-1;;
02/12/2021  12:05:21,292558;1,003924E+0;1,044459E+1;1,789705E-2;9,658095E-1;;
02/12/2021  12:05:21,292658;1,003965E+0;1,044459E+1;1,663332E-2;9,667118E-1;;
02/12/2021  12:05:21,292758;1,005765E+0;1,044459E+1;1,284213E-2;9,676398E-1;;
02/12/2021  12:05:21,292858;1,006558E+0;1,044459E+1;1,789705E-2;9,685924E-1;;
02/12/2021  12:05:21,292958;1,008343E+0;1,044459E+1;1,726518E-2;9,695687E-1;;
02/12/2021  12:05:21,293058;1,008606E+0;1,044459E+1;1,884484E-2;9,705674E-1;;
02/12/2021  12:05:21,293158;1,008317E+0;1,044459E+1;1,947671E-2;9,715874E-1;;
02/12/2021  12:05:21,293258;1,008868E+0;1,044459E+1;1,852891E-2;9,726274E-1;;
02/12/2021  12:05:21,293358;1,010880E+0;1,044459E+1;1,536959E-2;9,736858E-1;;
02/12/2021  12:05:21,293458;1,011207E+0;1,044459E+1;1,758111E-2;9,747611E-1;;
02/12/2021  12:05:21,293558;1,011690E+0;1,044459E+1;1,600145E-2;9,758520E-1;;
02/12/2021  12:05:21,293658;1,011365E+0;1,044459E+1;1,726518E-2;9,769569E-1;;
02/12/2021  12:05:21,293758;1,012704E+0;1,044459E+1;1,916077E-2;9,780742E-1;;
02/12/2021  12:05:21,293858;1,014075E+0;1,044459E+1;1,221027E-2;9,792022E-1;;
02/12/2021  12:05:21,293958;1,014826E+0;1,044459E+1;1,631739E-2;9,803393E-1;;
02/12/2021  12:05:21,294058;1,015034E+0;1,044459E+1;1,821298E-2;9,814842E-1;;
02/12/2021  12:05:21,294158;1,014995E+0;1,044459E+1;1,694925E-2;9,826352E-1;;
02/12/2021  12:05:21,294258;1,015857E+0;1,044459E+1;1,378993E-2;9,837909E-1;;
02/12/2021  12:05:21,294358;1,018333E+0;1,044459E+1;1,852891E-2;9,849497E-1;;
02/12/2021  12:05:21,294458;1,018798E+0;1,044459E+1;1,947671E-2;9,861103E-1;;
02/12/2021  12:05:21,294558;1,019061E+0;1,044459E+1;1,979264E-2;9,872714E-1;;
02/12/2021  12:05:21,294658;1,019219E+0;1,044459E+1;1,789705E-2;9,884319E-1;;
02/12/2021  12:05:21,294758;1,020345E+0;1,044459E+1;1,821298E-2;9,895906E-1;;
02/12/2021  12:05:21,294858;1,021770E+0;1,044459E+1;1,568552E-2;9,907463E-1;;
02/12/2021  12:05:21,294958;1,021436E+0;1,044459E+1;1,410586E-2;9,918980E-1;;
02/12/2021  12:05:21,295058;1,021823E+0;1,044459E+1;1,758111E-2;9,930445E-1;;
02/12/2021  12:05:21,295158;1,021418E+0;1,044459E+1;1,821298E-2;9,941849E-1;;
02/12/2021  12:05:21,295258;1,021767E+0;1,044459E+1;1,347400E-2;9,953179E-1;;
02/12/2021  12:05:21,295358;1,022086E+0;1,044459E+1;1,378993E-2;9,964422E-1;;
02/12/2021  12:05:21,295458;1,022145E+0;1,044459E+1;1,536959E-2;9,975566E-1;;
02/12/2021  12:05:21,295558;1,020506E+0;1,044459E+1;1,663332E-2;9,986598E-1;;
02/12/2021  12:05:21,295658;1,019713E+0;1,044459E+1;1,505366E-2;9,997503E-1;;
02/12/2021  12:05:21,295758;1,019996E+0;1,044459E+1;7,471291E-3;1,000826E+0;;
02/12/2021  12:05:21,295858;1,019299E+0;1,044459E+1;1,221027E-2;1,001887E+0;;
02/12/2021  12:05:21,295958;1,018441E+0;1,044459E+1;1,568552E-2;1,002929E+0;;
02/12/2021  12:05:21,296058;1,017046E+0;1,044459E+1;1,157841E-2;1,003952E+0;;
02/12/2021  12:05:21,296158;1,015267E+0;1,044459E+1;3,996039E-3;1,004953E+0;;
02/12/2021  12:05:21,296258;1,014700E+0;1,044459E+1;5,575699E-3;1,005930E+0;;
02/12/2021  12:05:21,296358;1,013806E+0;1,044459E+1;4,311971E-3;1,006882E+0;;
02/12/2021  12:05:21,296458;1,012406E+0;1,044459E+1;5,891631E-3;1,007805E+0;;
02/12/2021  12:05:21,296558;1,011690E+0;1,044459E+1;3,364175E-3;1,008698E+0;;
02/12/2021  12:05:21,296658;1,009723E+0;1,044459E+1;3,680107E-3;1,009559E+0;;
02/12/2021  12:05:21,296758;1,009905E+0;1,044459E+1;1,221027E-2;1,010385E+0;;
02/12/2021  12:05:21,296858;1,008966E+0;1,044459E+1;1,252620E-2;1,011174E+0;;
02/12/2021  12:05:21,296958;1,007691E+0;1,044459E+1;3,364175E-3;1,011925E+0;;
02/12/2021  12:05:21,297058;1,006385E+0;1,044459E+1;3,680107E-3;1,012635E+0;;
02/12/2021  12:05:21,297158;1,004687E+0;1,044459E+1;6,523495E-3;1,013304E+0;;
02/12/2021  12:05:21,297258;1,004281E+0;1,044459E+1;3,364175E-3;1,013929E+0;;
02/12/2021  12:05:21,297358;1,003345E+0;1,044459E+1;3,680107E-3;1,014508E+0;;
02/12/2021  12:05:21,297458;1,002314E+0;1,044459E+1;3,996039E-3;1,015040E+0;;
02/12/2021  12:05:21,297558;1,001223E+0;1,044459E+1;3,996039E-3;1,015525E+0;;
02/12/2021  12:05:21,297658;1,000285E+0;1,044459E+1;3,048243E-3;1,015961E+0;;
02/12/2021  12:05:21,297758;9,995456E-1;1,044459E+1;3,364175E-3;1,016346E+0;;
02/12/2021  12:05:21,297858;9,985472E-1;1,044459E+1;3,364175E-3;1,016681E+0;;
02/12/2021  12:05:21,297958;9,968573E-1;1,044459E+1;3,364175E-3;1,016965E+0;;
02/12/2021  12:05:21,298058;9,954775E-1;1,044459E+1;3,996039E-3;1,017196E+0;;
02/12/2021  12:05:21,298158;9,939933E-1;1,044459E+1;4,943835E-3;1,017376E+0;;
02/12/2021  12:05:21,298258;9,936088E-1;1,044459E+1;3,680107E-3;1,017503E+0;;
02/12/2021  12:05:21,298358;9,927356E-1;1,044459E+1;3,680107E-3;1,017577E+0;;
02/12/2021  12:05:21,298458;9,914362E-1;1,044459E+1;3,680107E-3;1,017598E+0;;
02/12/2021  12:05:21,298558;9,896331E-1;1,044459E+1;4,943835E-3;1,017566E+0;;
02/12/2021  12:05:21,298658;9,885334E-1;1,044459E+1;4,311971E-3;1,017482E+0;;
02/12/2021  12:05:21,298758;9,878837E-1;1,044459E+1;3,364175E-3;1,017345E+0;;
02/12/2021  12:05:21,298858;9,865187E-1;1,044459E+1;9,366883E-3;1,017156E+0;;
02/12/2021  12:05:21,298958;9,852789E-1;1,044459E+1;1,031468E-2;1,016916E+0;;
02/12/2021  12:05:21,299058;9,833119E-1;1,044459E+1;1,126247E-2;1,016625E+0;;
02/12/2021  12:05:21,299158;9,820542E-1;1,044459E+1;9,050951E-3;1,016284E+0;;
02/12/2021  12:05:21,299258;9,821734E-1;1,044459E+1;3,680107E-3;1,015893E+0;;
02/12/2021  12:05:21,299358;9,798637E-1;1,044459E+1;1,221027E-2;1,015453E+0;;
02/12/2021  12:05:21,299458;9,789428E-1;1,044459E+1;9,050951E-3;1,014965E+0;;
02/12/2021  12:05:21,299558;9,773692E-1;1,044459E+1;7,471291E-3;1,014430E+0;;
02/12/2021  12:05:21,299658;9,770592E-1;1,044459E+1;1,126247E-2;1,013850E+0;;
02/12/2021  12:05:21,299758;9,765675E-1;1,044459E+1;1,505366E-2;1,013224E+0;;
02/12/2021  12:05:21,299858;9,758433E-1;1,044459E+1;1,758111E-2;1,012556E+0;;
02/12/2021  12:05:21,299958;9,747554E-1;1,044459E+1;1,631739E-2;1,011845E+0;;
02/12/2021  12:05:21,300058;9,737362E-1;1,044459E+1;5,575699E-3;1,011094E+0;;
02/12/2021  12:05:21,300158;9,742160E-1;1,044459E+1;1,979264E-2;1,010304E+0;;
02/12/2021  12:05:21,300258;9,731997E-1;1,044459E+1;2,105637E-2;1,009478E+0;;
02/12/2021  12:05:21,300358;9,724547E-1;1,044459E+1;1,916077E-2;1,008617E+0;;
02/12/2021  12:05:21,300458;9,716768E-1;1,044459E+1;1,473773E-2;1,007723E+0;;
02/12/2021  12:05:21,300558;9,717841E-1;1,044459E+1;1,600145E-2;1,006798E+0;;
02/12/2021  12:05:21,300658;9,718675E-1;1,044459E+1;1,221027E-2;1,005846E+0;;
02/12/2021  12:05:21,300758;9,727646E-1;1,044459E+1;1,347400E-2;1,004867E+0;;
02/12/2021  12:05:21,300858;9,723384E-1;1,044459E+1;5,891631E-3;1,003865E+0;;
02/12/2021  12:05:21,300958;9,719391E-1;1,044459E+1;9,366883E-3;1,002842E+0;;
02/12/2021  12:05:21,301058;9,722132E-1;1,044459E+1;1,347400E-2;1,001801E+0;;
02/12/2021  12:05:21,301158;9,724099E-1;1,044459E+1;1,442179E-2;1,000745E+0;;
02/12/2021  12:05:21,301258;9,730775E-1;1,044459E+1;1,221027E-2;9,996775E-1;;
02/12/2021  12:05:21,301358;9,733726E-1;1,044459E+1;1,473773E-2;9,986004E-1;;
02/12/2021  12:05:21,301458;9,739657E-1;1,044459E+1;1,789705E-2;9,975170E-1;;
02/12/2021  12:05:21,301558;9,735156E-1;1,044459E+1;1,568552E-2;9,964305E-1;;
02/12/2021  12:05:21,301658;9,743144E-1;1,044459E+1;1,789705E-2;9,953440E-1;;
02/12/2021  12:05:21,301758;9,750505E-1;1,044459E+1;1,726518E-2;9,942602E-1;;
02/12/2021  12:05:21,301858;9,745140E-1;1,044459E+1;1,852891E-2;9,931824E-1;;
02/12/2021  12:05:21,301958;9,740402E-1;1,044459E+1;1,726518E-2;9,921132E-1;;
02/12/2021  12:05:21,302058;9,735693E-1;1,044459E+1;2,295196E-2;9,910554E-1;;
02/12/2021  12:05:21,302158;9,748836E-1;1,044459E+1;1,726518E-2;9,900112E-1;;
02/12/2021  12:05:21,302258;9,750594E-1;1,044459E+1;1,789705E-2;9,889832E-1;;
02/12/2021  12:05:21,302358;9,744217E-1;1,044459E+1;1,758111E-2;9,879736E-1;;
02/12/2021  12:05:21,302458;9,752502E-1;1,044459E+1;1,789705E-2;9,869844E-1;;
02/12/2021  12:05:21,302558;9,758015E-1;1,044459E+1;1,473773E-2;9,860178E-1;;
02/12/2021  12:05:21,302658;9,764989E-1;1,044459E+1;8,103155E-3;9,850756E-1;;
02/12/2021  12:05:21,302758;9,772202E-1;1,044459E+1;1,852891E-2;9,841598E-1;;
02/12/2021  12:05:21,302858;9,770354E-1;1,044459E+1;1,694925E-2;9,832722E-1;;
02/12/2021  12:05:21,302958;9,773751E-1;1,044459E+1;1,568552E-2;9,824145E-1;;
02/12/2021  12:05:21,303058;9,780815E-1;1,044459E+1;1,568552E-2;9,815883E-1;;
02/12/2021  12:05:21,303158;9,797027E-1;1,044459E+1;1,947671E-2;9,807951E-1;;
02/12/2021  12:05:21,303258;9,799769E-1;1,044459E+1;1,758111E-2;9,800361E-1;;
02/12/2021  12:05:21,303358;9,800187E-1;1,044459E+1;1,789705E-2;9,793130E-1;;
02/12/2021  12:05:21,303458;9,808055E-1;1,044459E+1;1,694925E-2;9,786268E-1;;
02/12/2021  12:05:21,303558;9,820184E-1;1,044459E+1;1,852891E-2;9,779788E-1;;
02/12/2021  12:05:21,303658;9,831897E-1;1,044459E+1;1,631739E-2;9,773698E-1;;
02/12/2021  12:05:21,303758;9,832195E-1;1,044459E+1;1,947671E-2;9,768011E-1;;
02/12/2021  12:05:21,303858;9,839199E-1;1,044459E+1;1,821298E-2;9,762733E-1;;
02/12/2021  12:05:21,303958;9,838454E-1;1,044459E+1;1,758111E-2;9,757873E-1;;
02/12/2021  12:05:21,304058;9,845964E-1;1,044459E+1;1,473773E-2;9,753435E-1;;
02/12/2021  12:05:21,304158;9,861938E-1;1,044459E+1;1,126247E-2;9,749424E-1;;
02/12/2021  12:05:21,304258;9,866558E-1;1,044459E+1;1,600145E-2;9,745842E-1;;
02/12/2021  12:05:21,304358;9,868286E-1;1,044459E+1;1,694925E-2;9,742692E-1;;
02/12/2021  12:05:21,304458;9,871207E-1;1,044459E+1;1,600145E-2;9,739975E-1;;
02/12/2021  12:05:21,304558;9,887539E-1;1,044459E+1;1,378993E-2;9,737690E-1;;
02/12/2021  12:05:21,304658;9,896838E-1;1,044459E+1;2,074043E-2;9,735837E-1;;
02/12/2021  12:05:21,304758;9,899133E-1;1,044459E+1;1,631739E-2;9,734414E-1;;
02/12/2021  12:05:21,304858;9,903126E-1;1,044459E+1;9,682815E-3;9,733418E-1;;
02/12/2021  12:05:21,304958;9,901517E-1;1,044459E+1;1,631739E-2;9,732846E-1;;
02/12/2021  12:05:21,305058;9,914541E-1;1,044459E+1;1,789705E-2;9,732691E-1;;
02/12/2021  12:05:21,305158;9,920680E-1;1,044459E+1;1,758111E-2;9,732946E-1;;
02/12/2021  12:05:21,305258;9,923064E-1;1,044459E+1;1,789705E-2;9,733604E-1;;
02/12/2021  12:05:21,305358;9,926849E-1;1,044459E+1;1,473773E-2;9,734656E-1;;
02/12/2021  12:05:21,305458;9,925627E-1;1,044459E+1;1,726518E-2;9,736092E-1;;
02/12/2021  12:05:21,305558;9,940171E-1;1,044459E+1;1,821298E-2;9,737901E-1;;
02/12/2021  12:05:21,305658;9,942913E-1;1,044459E+1;1,789705E-2;9,740071E-1;;
02/12/2021  12:05:21,305758;9,937280E-1;1,044459E+1;2,042450E-2;9,742591E-1;;
02/12/2021  12:05:21,305858;9,939486E-1;1,044459E+1;2,326789E-2;9,745446E-1;;
02/12/2021  12:05:21,305958;9,934926E-1;1,044459E+1;2,105637E-2;9,748621E-1;;
02/12/2021  12:05:21,306058;9,949112E-1;1,044459E+1;9,682815E-3;9,752100E-1;;
02/12/2021  12:05:21,306158;9,950811E-1;1,044459E+1;1,884484E-2;9,755865E-1;;
02/12/2021  12:05:21,306258;9,949827E-1;1,044459E+1;2,263603E-2;9,759900E-1;;
02/12/2021  12:05:21,306358;9,952450E-1;1,044459E+1;1,101492E-1;9,764188E-1;;
02/12/2021  12:05:21,306458;9,953642E-1;1,044459E+1;1,852891E-2;9,768712E-1;;
02/12/2021  12:05:21,306558;9,966547E-1;1,044459E+1;1,726518E-2;9,773455E-1;;
02/12/2021  12:05:21,306658;9,963984E-1;1,044459E+1;1,789705E-2;9,778398E-1;;
02/12/2021  12:05:21,306758;9,960109E-1;1,044459E+1;1,019350E-1;9,783525E-1;;
02/12/2021  12:05:21,306858;9,960348E-1;1,044459E+1;3,874856E-2;9,788819E-1;;
02/12/2021  12:05:21,306958;9,961719E-1;1,044459E+1;1,663332E-2;9,794262E-1;;
02/12/2021  12:05:21,307058;9,969915E-1;1,044459E+1;1,947671E-2;9,799835E-1;;
02/12/2021  12:05:21,307158;9,970391E-1;1,044459E+1;1,821298E-2;9,805521E-1;;
02/12/2021  12:05:21,307258;9,969378E-1;1,044459E+1;9,340479E-2;9,811303E-1;;
02/12/2021  12:05:21,307358;9,967977E-1;1,044459E+1;4,854245E-2;9,817165E-1;;
02/12/2021  12:05:21,307458;9,969944E-1;1,044459E+1;1,852891E-2;9,823089E-1;;
02/12/2021  12:05:21,307558;9,975488E-1;1,044459E+1;1,852891E-2;9,829060E-1;;
02/12/2021  12:05:21,307658;9,975041E-1;1,044459E+1;6,023194E-2;9,835062E-1;;
02/12/2021  12:05:21,307758;9,969080E-1;1,044459E+1;5,770448E-2;9,841079E-1;;
02/12/2021  12:05:21,307858;9,965057E-1;1,044459E+1;1,631739E-2;9,847096E-1;;
02/12/2021  12:05:21,307958;9,976263E-1;1,044459E+1;2,168823E-2;9,853098E-1;;
02/12/2021  12:05:21,308058;9,975249E-1;1,044459E+1;2,042450E-2;9,859070E-1;;
02/12/2021  12:05:21,308158;9,974743E-1;1,044459E+1;1,852891E-2;9,864999E-1;;
02/12/2021  12:05:21,308258;9,974236E-1;1,044459E+1;3,369365E-2;9,870872E-1;;
02/12/2021  12:05:21,308358;9,965087E-1;1,044459E+1;1,821298E-2;9,876677E-1;;
02/12/2021  12:05:21,308458;9,966666E-1;1,044459E+1;2,421569E-2;9,882402E-1;;
02/12/2021  12:05:21,308558;9,974474E-1;1,044459E+1;1,758111E-2;9,888034E-1;;
02/12/2021  12:05:21,308658;9,969795E-1;1,044459E+1;1,631739E-2;9,893562E-1;;
02/12/2021  12:05:21,308758;9,964699E-1;1,044459E+1;1,947671E-2;9,898975E-1;;
02/12/2021  12:05:21,308858;9,957397E-1;1,044459E+1;1,600145E-2;9,904265E-1;;
02/12/2021  12:05:21,308958;9,955490E-1;1,044459E+1;1,789705E-2;9,909419E-1;;
02/12/2021  12:05:21,309058;9,954596E-1;1,044459E+1;2,295196E-2;9,914427E-1;;
02/12/2021  12:05:21,309158;9,951735E-1;1,044459E+1;1,821298E-2;9,919281E-1;;
02/12/2021  12:05:21,309258;9,943718E-1;1,044459E+1;1,789705E-2;9,923969E-1;;
02/12/2021  12:05:21,309358;9,933764E-1;1,044459E+1;1,694925E-2;9,928483E-1;;
02/12/2021  12:05:21,309458;9,947205E-1;1,044459E+1;1,663332E-2;9,932813E-1;;
02/12/2021  12:05:21,309558;9,936446E-1;1,044459E+1;1,600145E-2;9,936952E-1;;
02/12/2021  12:05:21,309658;9,934389E-1;1,044459E+1;1,726518E-2;9,940891E-1;;
02/12/2021  12:05:21,309758;9,923869E-1;1,044459E+1;1,852891E-2;9,944626E-1;;
02/12/2021  12:05:21,309858;9,915584E-1;1,044459E+1;1,884484E-2;9,948148E-1;;
02/12/2021  12:05:21,309958;9,915971E-1;1,044459E+1;1,758111E-2;9,951452E-1;;
02/12/2021  12:05:21,310058;9,911799E-1;1,044459E+1;1,694925E-2;9,954529E-1;;
02/12/2021  12:05:21,310158;9,903245E-1;1,044459E+1;1,663332E-2;9,957376E-1;;
02/12/2021  12:05:21,310258;9,899103E-1;1,044459E+1;1,852891E-2;9,959986E-1;;
02/12/2021  12:05:21,310358;9,892159E-1;1,044459E+1;1,410586E-2;9,962356E-1;;
02/12/2021  12:05:21,310458;9,888761E-1;1,044459E+1;1,315807E-2;9,964479E-1;;
02/12/2021  12:05:21,310558;9,885304E-1;1,044459E+1;1,600145E-2;9,966354E-1;;
02/12/2021  12:05:21,310658;9,874634E-1;1,044459E+1;1,600145E-2;9,967977E-1;;
02/12/2021  12:05:21,310758;9,856455E-1;1,044459E+1;1,821298E-2;9,969344E-1;;
02/12/2021  12:05:21,310858;9,851388E-1;1,044459E+1;2,927060E-2;9,970453E-1;;
02/12/2021  12:05:21,310958;9,859167E-1;1,044459E+1;1,189434E-2;9,971299E-1;;
02/12/2021  12:05:21,311058;9,850196E-1;1,044459E+1;1,694925E-2;9,971879E-1;;
02/12/2021  12:05:21,311158;9,842715E-1;1,044459E+1;1,726518E-2;9,972194E-1;;
02/12/2021  12:05:21,311258;9,831152E-1;1,044459E+1;2,263603E-2;9,972242E-1;;
02/12/2021  12:05:21,311358;9,829185E-1;1,044459E+1;1,063061E-2;9,972024E-1;;
02/12/2021  12:05:21,311458;9,831569E-1;1,044459E+1;1,694925E-2;9,971539E-1;;
02/12/2021  12:05:21,311558;9,821734E-1;1,044459E+1;1,600145E-2;9,970791E-1;;
02/12/2021  12:05:21,311658;9,821645E-1;1,044459E+1;1,694925E-2;9,969781E-1;;
02/12/2021  12:05:21,311758;9,817174E-1;1,044459E+1;1,221027E-2;9,968514E-1;;
02/12/2021  12:05:21,311858;9,819857E-1;1,044459E+1;1,789705E-2;9,966994E-1;;
02/12/2021  12:05:21,311958;9,820810E-1;1,044459E+1;1,157841E-2;9,965228E-1;;
02/12/2021  12:05:21,312058;9,822837E-1;1,044459E+1;1,694925E-2;9,963225E-1;;
02/12/2021  12:05:21,312158;9,824983E-1;1,044459E+1;1,694925E-2;9,960993E-1;;
02/12/2021  12:05:21,312258;9,815326E-1;1,044459E+1;1,789705E-2;9,958544E-1;;
02/12/2021  12:05:21,312358;9,829155E-1;1,044459E+1;1,663332E-2;9,955890E-1;;
02/12/2021  12:05:21,312458;9,831659E-1;1,044459E+1;1,252620E-2;9,953043E-1;;
02/12/2021  12:05:21,312558;9,838960E-1;1,044459E+1;8,735019E-3;9,950018E-1;;
02/12/2021  12:05:21,312658;9,845845E-1;1,044459E+1;1,694925E-2;9,946832E-1;;
02/12/2021  12:05:21,312758;9,837977E-1;1,044459E+1;1,852891E-2;9,943502E-1;;
02/12/2021  12:05:21,312858;9,851954E-1;1,044459E+1;1,663332E-2;9,940045E-1;;
02/12/2021  12:05:21,312958;9,861253E-1;1,044459E+1;1,916077E-2;9,936482E-1;;
02/12/2021  12:05:21,313058;9,861670E-1;1,044459E+1;1,315807E-2;9,932830E-1;;
02/12/2021  12:05:21,313158;9,863220E-1;1,044459E+1;2,168823E-2;9,929110E-1;;
02/12/2021  12:05:21,313258;9,863279E-1;1,044459E+1;1,916077E-2;9,925343E-1;;
02/12/2021  12:05:21,313358;9,875231E-1;1,044459E+1;2,010857E-2;9,921546E-1;;
02/12/2021  12:05:21,313458;9,884618E-1;1,044459E+1;1,947671E-2;9,917740E-1;;
02/12/2021  12:05:21,313558;9,884320E-1;1,044459E+1;1,884484E-2;9,913943E-1;;
02/12/2021  12:05:21,313658;9,883605E-1;1,044459E+1;1,536959E-2;9,910176E-1;;
02/12/2021  12:05:21,313758;9,876154E-1;1,044459E+1;1,157841E-2;9,906456E-1;;
02/12/2021  12:05:21,313858;9,890877E-1;1,044459E+1;1,347400E-2;9,902799E-1;;
02/12/2021  12:05:21,313958;9,894841E-1;1,044459E+1;9,050951E-3;9,899220E-1;;
02/12/2021  12:05:21,314058;9,902172E-1;1,044459E+1;1,663332E-2;9,895734E-1;;
02/12/2021  12:05:21,314158;9,905153E-1;1,044459E+1;1,568552E-2;9,892356E-1;;
02/12/2021  12:05:21,314258;9,911978E-1;1,044459E+1;1,694925E-2;9,889101E-1;;
02/12/2021  12:05:21,314358;9,929234E-1;1,044459E+1;1,789705E-2;9,885984E-1;;
02/12/2021  12:05:21,314458;9,936237E-1;1,044459E+1;1,821298E-2;9,883018E-1;;
02/12/2021  12:05:21,314558;9,940171E-1;1,044459E+1;2,074043E-2;9,880218E-1;;
02/12/2021  12:05:21,314658;9,947860E-1;1,044459E+1;1,884484E-2;9,877600E-1;;
02/12/2021  12:05:21,314758;9,954983E-1;1,044459E+1;2,958653E-2;9,875176E-1;;
02/12/2021  12:05:21,314858;9,973104E-1;1,044459E+1;1,631739E-2;9,872959E-1;;
02/12/2021  12:05:21,314958;9,988959E-1;1,044459E+1;1,694925E-2;9,870962E-1;;
02/12/2021  12:05:21,315058;9,991641E-1;1,044459E+1;1,979264E-2;9,869199E-1;;
02/12/2021  12:05:21,315158;1,000174E+0;1,044459E+1;1,852891E-2;9,867684E-1;;
02/12/2021  12:05:21,315258;1,001596E+0;1,044459E+1;1,473773E-2;9,866429E-1;;
02/12/2021  12:05:21,315358;1,003846E+0;1,044459E+1;1,789705E-2;9,865445E-1;;
02/12/2021  12:05:21,315458;1,005137E+0;1,044459E+1;1,852891E-2;9,864746E-1;;
02/12/2021  12:05:21,315558;1,005599E+0;1,044459E+1;8,103155E-3;9,864344E-1;;
02/12/2021  12:05:21,315658;1,006585E+0;1,044459E+1;1,789705E-2;9,864251E-1;;
02/12/2021  12:05:21,315758;1,008558E+0;1,044459E+1;5,575699E-3;9,864479E-1;;
02/12/2021  12:05:21,315858;1,010856E+0;1,044459E+1;1,600145E-2;9,865036E-1;;
02/12/2021  12:05:21,315958;1,012027E+0;1,044459E+1;1,410586E-2;9,865935E-1;;
02/12/2021  12:05:21,316058;1,013645E+0;1,044459E+1;1,063061E-2;9,867185E-1;;
02/12/2021  12:05:21,316158;1,014519E+0;1,044459E+1;3,996039E-3;9,868796E-1;;
02/12/2021  12:05:21,316258;1,016962E+0;1,044459E+1;3,996039E-3;9,870779E-1;;
02/12/2021  12:05:21,316358;1,019579E+0;1,044459E+1;1,157841E-2;9,873142E-1;;
02/12/2021  12:05:21,316458;1,021755E+0;1,044459E+1;6,839427E-3;9,875895E-1;;
02/12/2021  12:05:21,316558;1,023263E+0;1,044459E+1;4,311971E-3;9,879049E-1;;
02/12/2021  12:05:21,316658;1,024202E+0;1,044459E+1;3,996039E-3;9,882613E-1;;
02/12/2021  12:05:21,316758;1,027140E+0;1,044459E+1;7,155359E-3;9,886597E-1;;
02/12/2021  12:05:21,316858;1,028681E+0;1,044459E+1;1,315807E-2;9,891008E-1;;
02/12/2021  12:05:21,316958;1,030466E+0;1,044459E+1;3,680107E-3;9,895853E-1;;
02/12/2021  12:05:21,317058;1,032055E+0;1,044459E+1;3,048243E-3;9,901139E-1;;
02/12/2021  12:05:21,317158;1,033175E+0;1,044459E+1;4,627903E-3;9,906872E-1;;
02/12/2021  12:05:21,317258;1,035503E+0;1,044459E+1;3,680107E-3;9,913054E-1;;
02/12/2021  12:05:21,317358;1,038337E+0;1,044459E+1;3,680107E-3;9,919689E-1;;
02/12/2021  12:05:21,317458;1,038394E+0;1,044459E+1;3,996039E-3;9,926778E-1;;
02/12/2021  12:05:21,317558;1,039950E+0;1,044459E+1;3,996039E-3;9,934322E-1;;
02/12/2021  12:05:21,317658;1,040024E+0;1,044459E+1;3,364175E-3;9,942319E-1;;
02/12/2021  12:05:21,317758;1,041657E+0;1,044459E+1;3,996039E-3;9,950764E-1;;
02/12/2021  12:05:21,317858;1,043860E+0;1,044459E+1;3,680107E-3;9,959649E-1;;
02/12/2021  12:05:21,317958;1,044480E+0;1,044459E+1;3,048243E-3;9,968967E-1;;
02/12/2021  12:05:21,318058;1,044697E+0;1,044459E+1;3,996039E-3;9,978708E-1;;
02/12/2021  12:05:21,318158;1,045561E+0;1,044459E+1;3,364175E-3;9,988860E-1;;
02/12/2021  12:05:21,318258;1,047847E+0;1,044459E+1;4,311971E-3;9,999408E-1;;
02/12/2021  12:05:21,318358;1,049558E+0;1,044459E+1;3,680107E-3;1,001034E+0;;
02/12/2021  12:05:21,318458;1,050395E+0;1,044459E+1;3,048243E-3;1,002164E+0;;
02/12/2021  12:05:21,318558;1,051048E+0;1,044459E+1;3,996039E-3;1,003329E+0;;
02/12/2021  12:05:21,318658;1,051829E+0;1,044459E+1;3,996039E-3;1,004528E+0;;
02/12/2021  12:05:21,318758;1,053811E+0;1,044459E+1;3,048243E-3;1,005758E+0;;
02/12/2021  12:05:21,318858;1,055057E+0;1,044459E+1;3,364175E-3;1,007019E+0;;
02/12/2021  12:05:21,318958;1,056556E+0;1,044459E+1;3,680107E-3;1,008309E+0;;
02/12/2021  12:05:21,319058;1,056836E+0;1,044459E+1;5,575699E-3;1,009625E+0;;
02/12/2021  12:05:21,319158;1,058016E+0;1,044459E+1;3,996039E-3;1,010966E+0;;
02/12/2021  12:05:21,319258;1,060150E+0;1,044459E+1;3,680107E-3;1,012329E+0;;
02/12/2021  12:05:21,319358;1,060809E+0;1,044459E+1;4,311971E-3;1,013715E+0;;
02/12/2021  12:05:21,319458;1,061968E+0;1,044459E+1;3,996039E-3;1,015119E+0;;
02/12/2021  12:05:21,319558;1,062054E+0;1,044459E+1;4,311971E-3;1,016542E+0;;
02/12/2021  12:05:21,319658;1,062811E+0;1,044459E+1;1,221027E-2;1,017980E+0;;
02/12/2021  12:05:21,319758;1,064492E+0;1,044459E+1;9,050951E-3;1,019432E+0;;
02/12/2021  12:05:21,319858;1,064704E+0;1,044459E+1;1,600145E-2;1,020896E+0;;
02/12/2021  12:05:21,319958;1,065541E+0;1,044459E+1;1,063061E-2;1,022370E+0;;
02/12/2021  12:05:21,320058;1,065017E+0;1,044459E+1;1,378993E-2;1,023852E+0;;
02/12/2021  12:05:21,320158;1,065640E+0;1,044459E+1;9,682815E-3;1,025340E+0;;
02/12/2021  12:05:21,320258;1,067079E+0;1,044459E+1;1,600145E-2;1,026832E+0;;
02/12/2021  12:05:21,320358;1,067693E+0;1,044459E+1;1,789705E-2;1,028325E+0;;
02/12/2021  12:05:21,320458;1,067532E+0;1,044459E+1;1,505366E-2;1,029817E+0;;
02/12/2021  12:05:21,320558;1,067473E+0;1,044459E+1;1,916077E-2;1,031308E+0;;
02/12/2021  12:05:21,320658;1,068396E+0;1,044459E+1;1,252620E-2;1,032793E+0;;
02/12/2021  12:05:21,320758;1,070143E+0;1,044459E+1;1,789705E-2;1,034272E+0;;
02/12/2021  12:05:21,320858;1,070605E+0;1,044459E+1;1,600145E-2;1,035742E+0;;
02/12/2021  12:05:21,320958;1,070536E+0;1,044459E+1;1,031468E-2;1,037203E+0;;
02/12/2021  12:05:21,321058;1,070799E+0;1,044459E+1;1,189434E-2;1,038651E+0;;
02/12/2021  12:05:21,321158;1,072217E+0;1,044459E+1;1,631739E-2;1,040085E+0;;
02/12/2021  12:05:21,321258;1,073233E+0;1,044459E+1;1,505366E-2;1,041505E+0;;
02/12/2021  12:05:21,321358;1,074148E+0;1,044459E+1;8,735019E-3;1,042908E+0;;
02/12/2021  12:05:21,321458;1,073612E+0;1,044459E+1;1,852891E-2;1,044293E+0;;
02/12/2021  12:05:21,321558;1,073296E+0;1,044459E+1;1,221027E-2;1,045660E+0;;
02/12/2021  12:05:21,321658;1,074572E+0;1,044459E+1;1,789705E-2;1,047007E+0;;
02/12/2021  12:05:21,321758;1,075224E+0;1,044459E+1;1,758111E-2;1,048332E+0;;
02/12/2021  12:05:21,321858;1,074300E+0;1,044459E+1;1,568552E-2;1,049636E+0;;
02/12/2021  12:05:21,321958;1,074283E+0;1,044459E+1;1,821298E-2;1,050916E+0;;
02/12/2021  12:05:21,322058;1,074289E+0;1,044459E+1;1,221027E-2;1,052171E+0;;
02/12/2021  12:05:21,322158;1,074998E+0;1,044459E+1;1,600145E-2;1,053401E+0;;
02/12/2021  12:05:21,322258;1,075338E+0;1,044459E+1;1,442179E-2;1,054605E+0;;
02/12/2021  12:05:21,322358;1,075156E+0;1,044459E+1;1,821298E-2;1,055781E+0;;
02/12/2021  12:05:21,322458;1,074998E+0;1,044459E+1;8,103155E-3;1,056929E+0;;
02/12/2021  12:05:21,322558;1,073421E+0;1,044459E+1;1,568552E-2;1,058048E+0;;
02/12/2021  12:05:21,322658;1,074306E+0;1,044459E+1;1,852891E-2;1,059137E+0;;
02/12/2021  12:05:21,322758;1,074464E+0;1,044459E+1;1,663332E-2;1,060195E+0;;
02/12/2021  12:05:21,322858;1,073180E+0;1,044459E+1;1,789705E-2;1,061221E+0;;
02/12/2021  12:05:21,322958;1,073070E+0;1,044459E+1;1,568552E-2;1,062214E+0;;
02/12/2021  12:05:21,323058;1,072083E+0;1,044459E+1;1,884484E-2;1,063174E+0;;
02/12/2021  12:05:21,323158;1,073815E+0;1,044459E+1;1,947671E-2;1,064100E+0;;
02/12/2021  12:05:21,323258;1,072989E+0;1,044459E+1;1,726518E-2;1,064991E+0;;
02/12/2021  12:05:21,323358;1,072170E+0;1,044459E+1;2,200416E-2;1,065847E+0;;
02/12/2021  12:05:21,323458;1,070939E+0;1,044459E+1;1,852891E-2;1,066666E+0;;
02/12/2021  12:05:21,323558;1,069699E+0;1,044459E+1;1,315807E-2;1,067449E+0;;
02/12/2021  12:05:21,323658;1,069842E+0;1,044459E+1;1,663332E-2;1,068195E+0;;
02/12/2021  12:05:21,323758;1,069013E+0;1,044459E+1;1,600145E-2;1,068903E+0;;
02/12/2021  12:05:21,323858;1,067711E+0;1,044459E+1;1,347400E-2;1,069573E+0;;
02/12/2021  12:05:21,323958;1,066388E+0;1,044459E+1;1,568552E-2;1,070203E+0;;
02/12/2021  12:05:21,324058;1,065622E+0;1,044459E+1;1,979264E-2;1,070793E+0;;
02/12/2021  12:05:21,324158;1,064904E+0;1,044459E+1;8,419087E-3;1,071343E+0;;
02/12/2021  12:05:21,324258;1,063926E+0;1,044459E+1;1,694925E-2;1,071852E+0;;
02/12/2021  12:05:21,324358;1,062796E+0;1,044459E+1;1,315807E-2;1,072319E+0;;
02/12/2021  12:05:21,324458;1,061488E+0;1,044459E+1;1,505366E-2;1,072743E+0;;
02/12/2021  12:05:21,324558;1,060669E+0;1,044459E+1;1,568552E-2;1,073125E+0;;
02/12/2021  12:05:21,324658;1,060847E+0;1,044459E+1;1,821298E-2;1,073463E+0;;
02/12/2021  12:05:21,324758;1,059181E+0;1,044459E+1;1,568552E-2;1,073758E+0;;
02/12/2021  12:05:21,324858;1,058433E+0;1,044459E+1;1,442179E-2;1,074008E+0;;
02/12/2021  12:05:21,324958;1,056505E+0;1,044459E+1;1,726518E-2;1,074215E+0;;
02/12/2021  12:05:21,325058;1,056010E+0;1,044459E+1;1,410586E-2;1,074377E+0;;
02/12/2021  12:05:21,325158;1,054970E+0;1,044459E+1;1,758111E-2;1,074494E+0;;
02/12/2021  12:05:21,325258;1,053847E+0;1,044459E+1;1,663332E-2;1,074567E+0;;
02/12/2021  12:05:21,325358;1,052726E+0;1,044459E+1;1,568552E-2;1,074596E+0;;
02/12/2021  12:05:21,325458;1,050267E+0;1,044459E+1;1,631739E-2;1,074580E+0;;
02/12/2021  12:05:21,325558;1,048870E+0;1,044459E+1;1,221027E-2;1,074519E+0;;
02/12/2021  12:05:21,325658;1,048250E+0;1,044459E+1;2,358382E-2;1,074414E+0;;
02/12/2021  12:05:21,325758;1,045856E+0;1,044459E+1;1,884484E-2;1,074265E+0;;
02/12/2021  12:05:21,325858;1,044098E+0;1,044459E+1;1,467973E-1;1,074071E+0;;
02/12/2021  12:05:21,325958;1,042155E+0;1,044459E+1;2,959172E-1;1,073832E+0;;
02/12/2021  12:05:21,326058;1,041165E+0;1,044459E+1;1,442179E-2;1,073548E+0;;
02/12/2021  12:05:21,326158;1,040775E+0;1,044459E+1;1,979264E-2;1,073219E+0;;
02/12/2021  12:05:21,326258;1,037831E+0;1,044459E+1;2,010857E-2;1,072846E+0;;
02/12/2021  12:05:21,326358;1,036862E+0;1,044459E+1;2,421569E-2;1,072428E+0;;
02/12/2021  12:05:21,326458;1,034153E+0;1,044459E+1;2,010857E-2;1,071966E+0;;
02/12/2021  12:05:21,326558;1,033587E+0;1,044459E+1;2,010857E-2;1,071460E+0;;
02/12/2021  12:05:21,326658;1,033408E+0;1,044459E+1;1,979264E-2;1,070909E+0;;
02/12/2021  12:05:21,326758;1,030645E+0;1,044459E+1;1,347400E-2;1,070315E+0;;
02/12/2021  12:05:21,326858;1,029137E+0;1,044459E+1;1,884484E-2;1,069678E+0;;
02/12/2021  12:05:21,326958;1,027730E+0;1,044459E+1;1,694925E-2;1,068998E+0;;
02/12/2021  12:05:21,327058;1,027709E+0;1,044459E+1;1,473773E-2;1,068276E+0;;
02/12/2021  12:05:21,327158;1,026425E+0;1,044459E+1;1,663332E-2;1,067513E+0;;
02/12/2021  12:05:21,327258;1,024434E+0;1,044459E+1;2,737501E-2;1,066710E+0;;
02/12/2021  12:05:21,327358;1,021588E+0;1,044459E+1;7,160549E-2;1,065867E+0;;
02/12/2021  12:05:21,327458;1,020545E+0;1,044459E+1;1,789705E-2;1,064986E+0;;
02/12/2021  12:05:21,327558;1,020280E+0;1,044459E+1;3,116619E-2;1,064067E+0;;
02/12/2021  12:05:21,327658;1,018825E+0;1,044459E+1;1,852891E-2;1,063112E+0;;
02/12/2021  12:05:21,327758;1,016909E+0;1,044459E+1;1,884484E-2;1,062121E+0;;
02/12/2021  12:05:21,327858;1,015478E+0;1,044459E+1;1,694925E-2;1,061095E+0;;
02/12/2021  12:05:21,327958;1,014206E+0;1,044459E+1;1,473773E-2;1,060037E+0;;
02/12/2021  12:05:21,328058;1,014113E+0;1,044459E+1;2,010857E-2;1,058945E+0;;
02/12/2021  12:05:21,328158;1,013186E+0;1,044459E+1;2,074043E-2;1,057824E+0;;
02/12/2021  12:05:21,328258;1,011205E+0;1,044459E+1;1,947671E-2;1,056672E+0;;
02/12/2021  12:05:21,328358;1,010188E+0;1,044459E+1;1,947671E-2;1,055493E+0;;
02/12/2021  12:05:21,328458;1,009297E+0;1,044459E+1;1,473773E-2;1,054288E+0;;
02/12/2021  12:05:21,328558;1,009154E+0;1,044459E+1;1,663332E-2;1,053057E+0;;
02/12/2021  12:05:21,328658;1,008248E+0;1,044459E+1;1,694925E-2;1,051804E+0;;
02/12/2021  12:05:21,328758;1,006514E+0;1,044459E+1;1,821298E-2;1,050529E+0;;
02/12/2021  12:05:21,328858;1,004669E+0;1,044459E+1;2,010857E-2;1,049235E+0;;
02/12/2021  12:05:21,328958;1,004544E+0;1,044459E+1;1,821298E-2;1,047922E+0;;
02/12/2021  12:05:21,329058;1,004937E+0;1,044459E+1;1,726518E-2;1,046594E+0;;
02/12/2021  12:05:21,329158;1,004427E+0;1,044459E+1;1,726518E-2;1,045250E+0;;
02/12/2021  12:05:21,329258;1,002955E+0;1,044459E+1;1,726518E-2;1,043895E+0;;
02/12/2021  12:05:21,329358;1,001551E+0;1,044459E+1;1,979264E-2;1,042529E+0;;
02/12/2021  12:05:21,329458;1,001405E+0;1,044459E+1;1,694925E-2;1,041154E+0;;
02/12/2021  12:05:21,329558;1,001426E+0;1,044459E+1;1,442179E-2;1,039773E+0;;
02/12/2021  12:05:21,329658;1,000937E+0;1,044459E+1;1,916077E-2;1,038387E+0;;
02/12/2021  12:05:21,329758;1,000449E+0;1,044459E+1;1,758111E-2;1,036998E+0;;
02/12/2021  12:05:21,329858;9,994800E-1;1,044459E+1;1,947671E-2;1,035608E+0;;
02/12/2021  12:05:21,329958;1,000285E+0;1,044459E+1;1,789705E-2;1,034220E+0;;
02/12/2021  12:05:21,330058;1,000753E+0;1,044459E+1;1,126247E-2;1,032834E+0;;
02/12/2021  12:05:21,330158;1,000651E+0;1,044459E+1;1,189434E-2;1,031454E+0;;
02/12/2021  12:05:21,330258;9,998078E-1;1,044459E+1;1,789705E-2;1,030081E+0;;
02/12/2021  12:05:21,330358;1,000306E+0;1,044459E+1;1,884484E-2;1,028719E+0;;
02/12/2021  12:05:21,330458;1,001060E+0;1,044459E+1;1,600145E-2;1,027368E+0;;
02/12/2021  12:05:21,330558;1,001787E+0;1,044459E+1;1,663332E-2;1,026031E+0;;
02/12/2021  12:05:21,330658;1,001882E+0;1,044459E+1;1,821298E-2;1,024711E+0;;
02/12/2021  12:05:21,330758;1,001939E+0;1,044459E+1;1,852891E-2;1,023410E+0;;
02/12/2021  12:05:21,330858;1,001978E+0;1,044459E+1;1,694925E-2;1,022130E+0;;
02/12/2021  12:05:21,330958;1,003411E+0;1,044459E+1;1,473773E-2;1,020873E+0;;
02/12/2021  12:05:21,331058;1,004475E+0;1,044459E+1;1,789705E-2;1,019642E+0;;
02/12/2021  12:05:21,331158;1,004389E+0;1,044459E+1;1,821298E-2;1,018439E+0;;
02/12/2021  12:05:21,331258;1,003918E+0;1,044459E+1;1,758111E-2;1,017265E+0;;
02/12/2021  12:05:21,331358;1,004019E+0;1,044459E+1;1,505366E-2;1,016124E+0;;
02/12/2021  12:05:21,331458;1,005059E+0;1,044459E+1;1,979264E-2;1,015016E+0;;
02/12/2021  12:05:21,331558;1,005408E+0;1,044459E+1;1,694925E-2;1,013943E+0;;
02/12/2021  12:05:21,331658;1,005414E+0;1,044459E+1;1,631739E-2;1,012908E+0;;
02/12/2021  12:05:21,331758;1,005882E+0;1,044459E+1;1,252620E-2;1,011911E+0;;
02/12/2021  12:05:21,331858;1,006055E+0;1,044459E+1;1,789705E-2;1,010954E+0;;
02/12/2021  12:05:21,331958;1,008001E+0;1,044459E+1;1,694925E-2;1,010038E+0;;
02/12/2021  12:05:21,332058;1,008019E+0;1,044459E+1;1,694925E-2;1,009163E+0;;
02/12/2021  12:05:21,332158;1,008334E+0;1,044459E+1;2,105637E-2;1,008332E+0;;
02/12/2021  12:05:21,332258;1,008484E+0;1,044459E+1;1,916077E-2;1,007545E+0;;
02/12/2021  12:05:21,332358;1,009056E+0;1,044459E+1;1,694925E-2;1,006803E+0;;
02/12/2021  12:05:21,332458;1,011026E+0;1,044459E+1;1,852891E-2;1,006106E+0;;
02/12/2021  12:05:21,332558;1,010912E+0;1,044459E+1;1,789705E-2;1,005456E+0;;
02/12/2021  12:05:21,332658;1,011756E+0;1,044459E+1;1,568552E-2;1,004852E+0;;
02/12/2021  12:05:21,332758;1,011708E+0;1,044459E+1;1,884484E-2;1,004295E+0;;
02/12/2021  12:05:21,332858;1,012298E+0;1,044459E+1;1,568552E-2;1,003786E+0;;
02/12/2021  12:05:21,332958;1,014224E+0;1,044459E+1;1,852891E-2;1,003323E+0;;
02/12/2021  12:05:21,333058;1,014039E+0;1,044459E+1;1,505366E-2;1,002909E+0;;
02/12/2021  12:05:21,333158;1,014140E+0;1,044459E+1;1,600145E-2;1,002542E+0;;
02/12/2021  12:05:21,333258;1,013926E+0;1,044459E+1;1,505366E-2;1,002222E+0;;
02/12/2021  12:05:21,333358;1,014173E+0;1,044459E+1;1,947671E-2;1,001949E+0;;
02/12/2021  12:05:21,333458;1,015025E+0;1,044459E+1;1,916077E-2;1,001721E+0;;
02/12/2021  12:05:21,333558;1,016056E+0;1,044459E+1;1,947671E-2;1,001540E+0;;
02/12/2021  12:05:21,333658;1,015836E+0;1,044459E+1;1,947671E-2;1,001402E+0;;
02/12/2021  12:05:21,333758;1,016340E+0;1,044459E+1;1,947671E-2;1,001309E+0;;
02/12/2021  12:05:21,333858;1,017231E+0;1,044459E+1;1,789705E-2;1,001258E+0;;
02/12/2021  12:05:21,333958;1,018843E+0;1,044459E+1;1,536959E-2;1,001248E+0;;
02/12/2021  12:05:21,334058;1,019445E+0;1,044459E+1;1,789705E-2;1,001280E+0;;
02/12/2021  12:05:21,334158;1,019877E+0;1,044459E+1;1,852891E-2;1,001351E+0;;
02/12/2021  12:05:21,334258;1,020148E+0;1,044459E+1;1,916077E-2;1,001461E+0;;
02/12/2021  12:05:21,334358;1,020694E+0;1,044459E+1;1,568552E-2;1,001609E+0;;
02/12/2021  12:05:21,334458;1,022694E+0;1,044459E+1;1,410586E-2;1,001793E+0;;
02/12/2021  12:05:21,334558;1,022932E+0;1,044459E+1;1,947671E-2;1,002013E+0;;
02/12/2021  12:05:21,334658;1,023060E+0;1,044459E+1;1,852891E-2;1,002268E+0;;
02/12/2021  12:05:21,334758;1,023197E+0;1,044459E+1;1,758111E-2;1,002556E+0;;
02/12/2021  12:05:21,334858;1,025021E+0;1,044459E+1;1,126247E-2;1,002876E+0;;
02/12/2021  12:05:21,334958;1,026231E+0;1,044459E+1;1,821298E-2;1,003228E+0;;
02/12/2021  12:05:21,335058;1,026398E+0;1,044459E+1;1,884484E-2;1,003609E+0;;
02/12/2021  12:05:21,335158;1,026422E+0;1,044459E+1;1,916077E-2;1,004020E+0;;
02/12/2021  12:05:21,335258;1,026166E+0;1,044459E+1;1,821298E-2;1,004458E+0;;
02/12/2021  12:05:21,335358;1,026774E+0;1,044459E+1;1,821298E-2;1,004923E+0;;
02/12/2021  12:05:21,335458;1,028219E+0;1,044459E+1;1,726518E-2;1,005413E+0;;
02/12/2021  12:05:21,335558;1,028440E+0;1,044459E+1;1,631739E-2;1,005926E+0;;
02/12/2021  12:05:21,335658;1,028598E+0;1,044459E+1;7,155359E-3;1,006461E+0;;
02/12/2021  12:05:21,335758;1,029277E+0;1,044459E+1;9,366883E-3;1,007017E+0;;
02/12/2021  12:05:21,335858;1,030565E+0;1,044459E+1;1,189434E-2;1,007593E+0;;
02/12/2021  12:05:21,335958;1,031694E+0;1,044459E+1;1,821298E-2;1,008187E+0;;
02/12/2021  12:05:21,336058;1,032532E+0;1,044459E+1;7,787223E-3;1,008798E+0;;
02/12/2021  12:05:21,336158;1,032788E+0;1,044459E+1;3,680107E-3;1,009425E+0;;
02/12/2021  12:05:21,336258;1,033867E+0;1,044459E+1;3,364175E-3;1,010066E+0;;
02/12/2021  12:05:21,336358;1,035151E+0;1,044459E+1;9,682815E-3;1,010722E+0;;
02/12/2021  12:05:21,336458;1,036090E+0;1,044459E+1;5,259767E-3;1,011391E+0;;
02/12/2021  12:05:21,336558;1,037085E+0;1,044459E+1;3,996039E-3;1,012072E+0;;
02/12/2021  12:05:21,336658;1,036901E+0;1,044459E+1;4,943835E-3;1,012764E+0;;
02/12/2021  12:05:21,336758;1,037589E+0;1,044459E+1;7,155359E-3;1,013468E+0;;
02/12/2021  12:05:21,336858;1,039240E+0;1,044459E+1;3,996039E-3;1,014181E+0;;
02/12/2021  12:05:21,336958;1,040113E+0;1,044459E+1;3,996039E-3;1,014903E+0;;
02/12/2021  12:05:21,337058;1,039875E+0;1,044459E+1;3,680107E-3;1,015634E+0;;
02/12/2021  12:05:21,337158;1,040113E+0;1,044459E+1;3,364175E-3;1,016373E+0;;
02/12/2021  12:05:21,337258;1,040426E+0;1,044459E+1;1,031468E-2;1,017119E+0;;
02/12/2021  12:05:21,337358;1,042256E+0;1,044459E+1;3,048243E-3;1,017871E+0;;
02/12/2021  12:05:21,337458;1,042465E+0;1,044459E+1;3,364175E-3;1,018629E+0;;
02/12/2021  12:05:21,337558;1,042972E+0;1,044459E+1;3,364175E-3;1,019392E+0;;
02/12/2021  12:05:21,337658;1,043132E+0;1,044459E+1;4,311971E-3;1,020158E+0;;
02/12/2021  12:05:21,337758;1,044161E+0;1,044459E+1;3,680107E-3;1,020928E+0;;
02/12/2021  12:05:21,337858;1,046301E+0;1,044459E+1;3,048243E-3;1,021701E+0;;
02/12/2021  12:05:21,337958;1,046745E+0;1,044459E+1;3,996039E-3;1,022475E+0;;
02/12/2021  12:05:21,338058;1,047069E+0;1,044459E+1;3,680107E-3;1,023252E+0;;
02/12/2021  12:05:21,338158;1,046953E+0;1,044459E+1;3,996039E-3;1,024030E+0;;
02/12/2021  12:05:21,338258;1,048169E+0;1,044459E+1;3,364175E-3;1,024809E+0;;
02/12/2021  12:05:21,338358;1,049582E+0;1,044459E+1;3,996039E-3;1,025589E+0;;
02/12/2021  12:05:21,338458;1,049618E+0;1,044459E+1;2,416379E-3;1,026369E+0;;
02/12/2021  12:05:21,338558;1,050860E+0;1,044459E+1;3,680107E-3;1,027148E+0;;
02/12/2021  12:05:21,338658;1,050968E+0;1,044459E+1;3,364175E-3;1,027928E+0;;
02/12/2021  12:05:21,338758;1,052127E+0;1,044459E+1;3,364175E-3;1,028706E+0;;
02/12/2021  12:05:21,338858;1,053432E+0;1,044459E+1;3,048243E-3;1,029484E+0;;
02/12/2021  12:05:21,338958;1,053429E+0;1,044459E+1;8,419087E-3;1,030260E+0;;
02/12/2021  12:05:21,339058;1,052964E+0;1,044459E+1;3,680107E-3;1,031035E+0;;
02/12/2021  12:05:21,339158;1,053078E+0;1,044459E+1;3,048243E-3;1,031809E+0;;
02/12/2021  12:05:21,339258;1,053465E+0;1,044459E+1;3,680107E-3;1,032580E+0;;
02/12/2021  12:05:21,339358;1,054934E+0;1,044459E+1;5,575699E-3;1,033349E+0;;
02/12/2021  12:05:21,339458;1,054312E+0;1,044459E+1;1,315807E-2;1,034115E+0;;
02/12/2021  12:05:21,339558;1,054291E+0;1,044459E+1;3,680107E-3;1,034877E+0;;
02/12/2021  12:05:21,339658;1,054404E+0;1,044459E+1;4,311971E-3;1,035634E+0;;
02/12/2021  12:05:21,339758;1,055575E+0;1,044459E+1;1,252620E-2;1,036387E+0;;
02/12/2021  12:05:21,339858;1,056255E+0;1,044459E+1;1,442179E-2;1,037135E+0;;
02/12/2021  12:05:21,339958;1,056419E+0;1,044459E+1;6,207563E-3;1,037877E+0;;
02/12/2021  12:05:21,340058;1,056240E+0;1,044459E+1;3,364175E-3;1,038612E+0;;
02/12/2021  12:05:21,340158;1,056323E+0;1,044459E+1;8,419087E-3;1,039341E+0;;
02/12/2021  12:05:21,340258;1,057140E+0;1,044459E+1;8,735019E-3;1,040062E+0;;
02/12/2021  12:05:21,340358;1,058192E+0;1,044459E+1;1,189434E-2;1,040775E+0;;
02/12/2021  12:05:21,340458;1,057879E+0;1,044459E+1;1,221027E-2;1,041481E+0;;
02/12/2021  12:05:21,340558;1,058162E+0;1,044459E+1;9,998747E-3;1,042177E+0;;
02/12/2021  12:05:21,340658;1,058570E+0;1,044459E+1;1,726518E-2;1,042865E+0;;
02/12/2021  12:05:21,340758;1,059706E+0;1,044459E+1;1,694925E-2;1,043543E+0;;
02/12/2021  12:05:21,340858;1,061133E+0;1,044459E+1;1,821298E-2;1,044212E+0;;
02/12/2021  12:05:21,340958;1,061277E+0;1,044459E+1;1,884484E-2;1,044872E+0;;
02/12/2021  12:05:21,341058;1,060919E+0;1,044459E+1;1,758111E-2;1,045522E+0;;
02/12/2021  12:05:21,341158;1,061747E+0;1,044459E+1;2,168823E-2;1,046163E+0;;
02/12/2021  12:05:21,341258;1,063211E+0;1,044459E+1;2,168823E-2;1,046794E+0;;
02/12/2021  12:05:21,341358;1,064746E+0;1,044459E+1;1,284213E-2;1,047416E+0;;
02/12/2021  12:05:21,341458;1,065515E+0;1,044459E+1;1,694925E-2;1,048030E+0;;
02/12/2021  12:05:21,341558;1,066081E+0;1,044459E+1;1,916077E-2;1,048635E+0;;
02/12/2021  12:05:21,341658;1,067771E+0;1,044459E+1;1,979264E-2;1,049232E+0;;
02/12/2021  12:05:21,341758;1,069857E+0;1,044459E+1;1,789705E-2;1,049822E+0;;
02/12/2021  12:05:21,341858;1,071252E+0;1,044459E+1;1,758111E-2;1,050407E+0;;
02/12/2021  12:05:21,341958;1,072733E+0;1,044459E+1;1,884484E-2;1,050986E+0;;
02/12/2021  12:05:21,342058;1,073353E+0;1,044459E+1;1,694925E-2;1,051562E+0;;
02/12/2021  12:05:21,342158;1,075576E+0;1,044459E+1;1,536959E-2;1,052135E+0;;
02/12/2021  12:05:21,342258;1,076822E+0;1,044459E+1;1,726518E-2;1,052707E+0;;
02/12/2021  12:05:21,342358;1,077397E+0;1,044459E+1;1,789705E-2;1,053280E+0;;
02/12/2021  12:05:21,342458;1,078941E+0;1,044459E+1;1,789705E-2;1,053854E+0;;
02/12/2021  12:05:21,342558;1,079662E+0;1,044459E+1;1,789705E-2;1,054431E+0;;
02/12/2021  12:05:21,342658;1,081465E+0;1,044459E+1;1,852891E-2;1,055012E+0;;
02/12/2021  12:05:21,342758;1,083164E+0;1,044459E+1;1,726518E-2;1,055598E+0;;
02/12/2021  12:05:21,342858;1,084341E+0;1,044459E+1;1,726518E-2;1,056192E+0;;
02/12/2021  12:05:21,342958;1,085259E+0;1,044459E+1;1,852891E-2;1,056793E+0;;
02/12/2021  12:05:21,343058;1,085381E+0;1,044459E+1;1,126247E-2;1,057403E+0;;
02/12/2021  12:05:21,343158;1,086865E+0;1,044459E+1;1,852891E-2;1,058024E+0;;
02/12/2021  12:05:21,343258;1,087700E+0;1,044459E+1;2,074043E-2;1,058655E+0;;
02/12/2021  12:05:21,343358;1,088683E+0;1,044459E+1;1,852891E-2;1,059298E+0;;
02/12/2021  12:05:21,343458;1,089342E+0;1,044459E+1;1,758111E-2;1,059954E+0;;
02/12/2021  12:05:21,343558;1,089986E+0;1,044459E+1;1,694925E-2;1,060622E+0;;
02/12/2021  12:05:21,343658;1,091705E+0;1,044459E+1;1,063061E-2;1,061304E+0;;
02/12/2021  12:05:21,343758;1,092635E+0;1,044459E+1;1,694925E-2;1,062000E+0;;
02/12/2021  12:05:21,343858;1,093401E+0;1,044459E+1;1,410586E-2;1,062709E+0;;
02/12/2021  12:05:21,343958;1,093202E+0;1,044459E+1;1,789705E-2;1,063433E+0;;
02/12/2021  12:05:21,344058;1,093672E+0;1,044459E+1;1,852891E-2;1,064170E+0;;
02/12/2021  12:05:21,344158;1,094844E+0;1,044459E+1;1,568552E-2;1,064922E+0;;
02/12/2021  12:05:21,344258;1,095666E+0;1,044459E+1;1,631739E-2;1,065687E+0;;
02/12/2021  12:05:21,344358;1,095547E+0;1,044459E+1;1,315807E-2;1,066466E+0;;
02/12/2021  12:05:21,344458;1,095776E+0;1,044459E+1;1,884484E-2;1,067258E+0;;
02/12/2021  12:05:21,344558;1,096298E+0;1,044459E+1;1,789705E-2;1,068061E+0;;
02/12/2021  12:05:21,344658;1,097875E+0;1,044459E+1;1,758111E-2;1,068876E+0;;
02/12/2021  12:05:21,344758;1,098614E+0;1,044459E+1;1,852891E-2;1,069702E+0;;
02/12/2021  12:05:21,344858;1,098542E+0;1,044459E+1;1,758111E-2;1,070538E+0;;
02/12/2021  12:05:21,344958;1,098801E+0;1,044459E+1;1,473773E-2;1,071383E+0;;
02/12/2021  12:05:21,345058;1,098816E+0;1,044459E+1;1,884484E-2;1,072237E+0;;
02/12/2021  12:05:21,345158;1,099746E+0;1,044459E+1;1,694925E-2;1,073098E+0;;
02/12/2021  12:05:21,345258;1,100220E+0;1,044459E+1;1,694925E-2;1,073965E+0;;
02/12/2021  12:05:21,345358;1,100813E+0;1,044459E+1;1,789705E-2;1,074838E+0;;
02/12/2021  12:05:21,345458;1,100915E+0;1,044459E+1;1,568552E-2;1,075714E+0;;
02/12/2021  12:05:21,345558;1,101078E+0;1,044459E+1;1,442179E-2;1,076595E+0;;
02/12/2021  12:05:21,345658;1,102083E+0;1,044459E+1;2,074043E-2;1,077477E+0;;
02/12/2021  12:05:21,345758;1,102777E+0;1,044459E+1;1,758111E-2;1,078360E+0;;
02/12/2021  12:05:21,345858;1,103022E+0;1,044459E+1;2,010857E-2;1,079243E+0;;
02/12/2021  12:05:21,345958;1,102575E+0;1,044459E+1;1,284732E-1;1,080126E+0;;
02/12/2021  12:05:21,346058;1,103257E+0;1,044459E+1;2,010857E-2;1,081006E+0;;
02/12/2021  12:05:21,346158;1,104831E+0;1,044459E+1;1,347400E-2;1,081884E+0;;
02/12/2021  12:05:21,346258;1,104351E+0;1,044459E+1;1,884484E-2;1,082757E+0;;
02/12/2021  12:05:21,346358;1,104723E+0;1,044459E+1;5,422923E-2;1,083626E+0;;
02/12/2021  12:05:21,346458;1,104911E+0;1,044459E+1;1,509044E-1;1,084489E+0;;
02/12/2021  12:05:21,346558;1,104318E+0;1,044459E+1;1,663332E-2;1,085346E+0;;
02/12/2021  12:05:21,346658;1,105892E+0;1,044459E+1;1,852891E-2;1,086195E+0;;
02/12/2021  12:05:21,346758;1,106106E+0;1,044459E+1;3,021839E-2;1,087036E+0;;
02/12/2021  12:05:21,346858;1,105355E+0;1,044459E+1;1,006712E-1;1,087867E+0;;
02/12/2021  12:05:21,346958;1,104810E+0;1,044459E+1;2,263603E-2;1,088689E+0;;
02/12/2021  12:05:21,347058;1,104816E+0;1,044459E+1;1,789705E-2;1,089499E+0;;
02/12/2021  12:05:21,347158;1,104789E+0;1,044459E+1;2,927060E-2;1,090298E+0;;
02/12/2021  12:05:21,347258;1,104854E+0;1,044459E+1;6,686651E-2;1,091083E+0;;
02/12/2021  12:05:21,347358;1,104264E+0;1,044459E+1;9,624818E-2;1,091855E+0;;
02/12/2021  12:05:21,347458;1,103159E+0;1,044459E+1;1,663332E-2;1,092611E+0;;
02/12/2021  12:05:21,347558;1,103063E+0;1,044459E+1;1,758111E-2;1,093351E+0;;
02/12/2021  12:05:21,347658;1,103159E+0;1,044459E+1;1,663332E-2;1,094073E+0;;
02/12/2021  12:05:21,347758;1,103120E+0;1,044459E+1;3,811669E-2;1,094777E+0;;
02/12/2021  12:05:21,347858;1,102476E+0;1,044459E+1;1,694925E-2;1,095462E+0;;
02/12/2021  12:05:21,347958;1,100980E+0;1,044459E+1;1,852891E-2;1,096126E+0;;
02/12/2021  12:05:21,348058;1,100953E+0;1,044459E+1;1,852891E-2;1,096768E+0;;
02/12/2021  12:05:21,348158;1,100989E+0;1,044459E+1;8,392683E-2;1,097387E+0;;
02/12/2021  12:05:21,348258;1,100631E+0;1,044459E+1;1,726518E-2;1,097983E+0;;
02/12/2021  12:05:21,348358;1,099591E+0;1,044459E+1;1,852891E-2;1,098554E+0;;
02/12/2021  12:05:21,348458;1,098506E+0;1,044459E+1;1,884484E-2;1,099099E+0;;
02/12/2021  12:05:21,348558;1,099076E+0;1,044459E+1;3,716890E-2;1,099618E+0;;
02/12/2021  12:05:21,348658;1,099210E+0;1,044459E+1;1,726518E-2;1,100109E+0;;
02/12/2021  12:05:21,348758;1,098229E+0;1,044459E+1;1,568552E-2;1,100573E+0;;
02/12/2021  12:05:21,348858;1,096781E+0;1,044459E+1;2,326789E-2;1,101008E+0;;
02/12/2021  12:05:21,348958;1,095273E+0;1,044459E+1;1,916077E-2;1,101414E+0;;
02/12/2021  12:05:21,349058;1,094745E+0;1,044459E+1;1,789705E-2;1,101789E+0;;
02/12/2021  12:05:21,349158;1,094277E+0;1,044459E+1;1,726518E-2;1,102135E+0;;
02/12/2021  12:05:21,349258;1,092212E+0;1,044459E+1;1,884484E-2;1,102448E+0;;
02/12/2021  12:05:21,349358;1,089920E+0;1,044459E+1;2,263603E-2;1,102730E+0;;
02/12/2021  12:05:21,349458;1,087667E+0;1,044459E+1;1,821298E-2;1,102978E+0;;
02/12/2021  12:05:21,349558;1,087366E+0;1,044459E+1;1,694925E-2;1,103193E+0;;
02/12/2021  12:05:21,349658;1,084958E+0;1,044459E+1;1,821298E-2;1,103371E+0;;
02/12/2021  12:05:21,349758;1,083310E+0;1,044459E+1;1,916077E-2;1,103513E+0;;
02/12/2021  12:05:21,349858;1,081197E+0;1,044459E+1;1,631739E-2;1,103617E+0;;
02/12/2021  12:05:21,349958;1,079343E+0;1,044459E+1;8,419087E-3;1,103682E+0;;
02/12/2021  12:05:21,350058;1,078532E+0;1,044459E+1;1,157841E-2;1,103707E+0;;
02/12/2021  12:05:21,350158;1,077197E+0;1,044459E+1;5,891631E-3;1,103690E+0;;
02/12/2021  12:05:21,350258;1,075746E+0;1,044459E+1;1,758111E-2;1,103630E+0;;
02/12/2021  12:05:21,350358;1,074688E+0;1,044459E+1;1,631739E-2;1,103527E+0;;
02/12/2021  12:05:21,350458;1,073621E+0;1,044459E+1;1,221027E-2;1,103380E+0;;
02/12/2021  12:05:21,350558;1,074297E+0;1,044459E+1;1,536959E-2;1,103188E+0;;
02/12/2021  12:05:21,350658;1,073412E+0;1,044459E+1;1,694925E-2;1,102952E+0;;
02/12/2021  12:05:21,350758;1,072363E+0;1,044459E+1;1,758111E-2;1,102670E+0;;
02/12/2021  12:05:21,350858;1,070867E+0;1,044459E+1;1,663332E-2;1,102345E+0;;
02/12/2021  12:05:21,350958;1,069124E+0;1,044459E+1;1,442179E-2;1,101976E+0;;
02/12/2021  12:05:21,351058;1,069189E+0;1,044459E+1;1,600145E-2;1,101563E+0;;
02/12/2021  12:05:21,351158;1,068206E+0;1,044459E+1;1,568552E-2;1,101108E+0;;
02/12/2021  12:05:21,351258;1,067228E+0;1,044459E+1;1,758111E-2;1,100611E+0;;
02/12/2021  12:05:21,351358;1,065029E+0;1,044459E+1;1,157841E-2;1,100072E+0;;
02/12/2021  12:05:21,351458;1,063959E+0;1,044459E+1;1,726518E-2;1,099494E+0;;
02/12/2021  12:05:21,351558;1,063369E+0;1,044459E+1;1,126247E-2;1,098876E+0;;
02/12/2021  12:05:21,351658;1,061873E+0;1,044459E+1;1,631739E-2;1,098219E+0;;
02/12/2021  12:05:21,351758;1,060376E+0;1,044459E+1;1,473773E-2;1,097526E+0;;
02/12/2021  12:05:21,351858;1,058263E+0;1,044459E+1;1,126247E-2;1,096795E+0;;
02/12/2021  12:05:21,351958;1,057530E+0;1,044459E+1;9,998747E-3;1,096030E+0;;
02/12/2021  12:05:21,352058;1,056627E+0;1,044459E+1;1,758111E-2;1,095229E+0;;
02/12/2021  12:05:21,352158;1,055787E+0;1,044459E+1;1,694925E-2;1,094395E+0;;
02/12/2021  12:05:21,352258;1,054246E+0;1,044459E+1;1,726518E-2;1,093529E+0;;
02/12/2021  12:05:21,352358;1,053352E+0;1,044459E+1;1,947671E-2;1,092632E+0;;
02/12/2021  12:05:21,352458;1,052702E+0;1,044459E+1;2,168823E-2;1,091704E+0;;
02/12/2021  12:05:21,352558;1,052899E+0;1,044459E+1;2,074043E-2;1,090748E+0;;
02/12/2021  12:05:21,352658;1,052655E+0;1,044459E+1;2,358382E-2;1,089764E+0;;
02/12/2021  12:05:21,352758;1,051093E+0;1,044459E+1;2,168823E-2;1,088755E+0;;
02/12/2021  12:05:21,352858;1,048628E+0;1,044459E+1;2,168823E-2;1,087723E+0;;
02/12/2021  12:05:21,352958;1,048697E+0;1,044459E+1;1,600145E-2;1,086668E+0;;
02/12/2021  12:05:21,353058;1,048008E+0;1,044459E+1;1,789705E-2;1,085593E+0;;
02/12/2021  12:05:21,353158;1,047913E+0;1,044459E+1;1,410586E-2;1,084498E+0;;
02/12/2021  12:05:21,353258;1,046014E+0;1,044459E+1;1,505366E-2;1,083386E+0;;
02/12/2021  12:05:21,353358;1,044810E+0;1,044459E+1;1,505366E-2;1,082259E+0;;
02/12/2021  12:05:21,353458;1,044590E+0;1,044459E+1;1,600145E-2;1,081117E+0;;
02/12/2021  12:05:21,353558;1,043723E+0;1,044459E+1;1,063061E-2;1,079962E+0;;
02/12/2021  12:05:21,353658;1,042247E+0;1,044459E+1;1,410586E-2;1,078797E+0;;
02/12/2021  12:05:21,353758;1,040709E+0;1,044459E+1;1,663332E-2;1,077622E+0;;
02/12/2021  12:05:21,353858;1,039702E+0;1,044459E+1;3,590517E-2;1,076438E+0;;
02/12/2021  12:05:21,353958;1,039777E+0;1,044459E+1;1,410586E-2;1,075248E+0;;
02/12/2021  12:05:21,354058;1,040042E+0;1,044459E+1;1,600145E-2;1,074051E+0;;
02/12/2021  12:05:21,354158;1,038805E+0;1,044459E+1;1,852891E-2;1,072850E+0;;
02/12/2021  12:05:21,354258;1,037923E+0;1,044459E+1;1,821298E-2;1,071647E+0;;
02/12/2021  12:05:21,354358;1,037571E+0;1,044459E+1;1,821298E-2;1,070441E+0;;
02/12/2021  12:05:21,354458;1,038075E+0;1,044459E+1;1,916077E-2;1,069236E+0;;
02/12/2021  12:05:21,354558;1,038480E+0;1,044459E+1;1,884484E-2;1,068032E+0;;
02/12/2021  12:05:21,354658;1,037753E+0;1,044459E+1;1,694925E-2;1,066831E+0;;
02/12/2021  12:05:21,354758;1,037175E+0;1,044459E+1;1,821298E-2;1,065635E+0;;
02/12/2021  12:05:21,354858;1,036016E+0;1,044459E+1;1,726518E-2;1,064445E+0;;
02/12/2021  12:05:21,354958;1,036567E+0;1,044459E+1;1,821298E-2;1,063262E+0;;
02/12/2021  12:05:21,355058;1,037208E+0;1,044459E+1;1,884484E-2;1,062090E+0;;
02/12/2021  12:05:21,355158;1,037005E+0;1,044459E+1;2,074043E-2;1,060928E+0;;
02/12/2021  12:05:21,355258;1,036197E+0;1,044459E+1;1,821298E-2;1,059778E+0;;
02/12/2021  12:05:21,355358;1,036802E+0;1,044459E+1;1,758111E-2;1,058643E+0;;
02/12/2021  12:05:21,355458;1,037658E+0;1,044459E+1;1,821298E-2;1,057523E+0;;
02/12/2021  12:05:21,355558;1,037884E+0;1,044459E+1;1,789705E-2;1,056420E+0;;
02/12/2021  12:05:21,355658;1,038427E+0;1,044459E+1;1,473773E-2;1,055336E+0;;
02/12/2021  12:05:21,355758;1,037631E+0;1,044459E+1;1,410586E-2;1,054272E+0;;
02/12/2021  12:05:21,355858;1,038060E+0;1,044459E+1;1,189434E-2;1,053230E+0;;
02/12/2021  12:05:21,355958;1,039675E+0;1,044459E+1;9,366883E-3;1,052212E+0;;
02/12/2021  12:05:21,356058;1,039523E+0;1,044459E+1;4,311971E-3;1,051219E+0;;
02/12/2021  12:05:21,356158;1,039908E+0;1,044459E+1;3,364175E-3;1,050253E+0;;
02/12/2021  12:05:21,356258;1,040215E+0;1,044459E+1;9,682815E-3;1,049314E+0;;
02/12/2021  12:05:21,356358;1,040537E+0;1,044459E+1;7,787223E-3;1,048406E+0;;
02/12/2021  12:05:21,356458;1,042477E+0;1,044459E+1;9,050951E-3;1,047527E+0;;
02/12/2021  12:05:21,356558;1,042873E+0;1,044459E+1;3,996039E-3;1,046681E+0;;
02/12/2021  12:05:21,356658;1,043040E+0;1,044459E+1;3,680107E-3;1,045869E+0;;
02/12/2021  12:05:21,356758;1,042572E+0;1,044459E+1;3,680107E-3;1,045091E+0;;
02/12/2021  12:05:21,356858;1,043329E+0;1,044459E+1;3,364175E-3;1,044350E+0;;
02/12/2021  12:05:21,356958;1,044468E+0;1,044459E+1;6,207563E-3;1,043645E+0;;
02/12/2021  12:05:21,357058;1,044769E+0;1,044459E+1;3,680107E-3;1,042977E+0;;
02/12/2021  12:05:21,357158;1,045445E+0;1,044459E+1;3,680107E-3;1,042348E+0;;
02/12/2021  12:05:21,357258;1,044825E+0;1,044459E+1;3,996039E-3;1,041758E+0;;
02/12/2021  12:05:21,357358;1,045737E+0;1,044459E+1;3,680107E-3;1,041208E+0;;
02/12/2021  12:05:21,357458;1,046730E+0;1,044459E+1;3,996039E-3;1,040698E+0;;
02/12/2021  12:05:21,357558;1,047952E+0;1,044459E+1;3,048243E-3;1,040228E+0;;
02/12/2021  12:05:21,357658;1,047403E+0;1,044459E+1;3,996039E-3;1,039798E+0;;
02/12/2021  12:05:21,357758;1,046649E+0;1,044459E+1;3,996039E-3;1,039409E+0;;
02/12/2021  12:05:21,357858;1,048020E+0;1,044459E+1;3,680107E-3;1,039061E+0;;
02/12/2021  12:05:21,357958;1,048876E+0;1,044459E+1;3,680107E-3;1,038753E+0;;
02/12/2021  12:05:21,358058;1,050103E+0;1,044459E+1;3,680107E-3;1,038484E+0;;
02/12/2021  12:05:21,358158;1,050226E+0;1,044459E+1;3,680107E-3;1,038256E+0;;
02/12/2021  12:05:21,358258;1,050348E+0;1,044459E+1;3,364175E-3;1,038067E+0;;
02/12/2021  12:05:21,358358;1,052863E+0;1,044459E+1;3,996039E-3;1,037918E+0;;
02/12/2021  12:05:21,358458;1,054517E+0;1,044459E+1;3,996039E-3;1,037807E+0;;
02/12/2021  12:05:21,358558;1,055382E+0;1,044459E+1;3,996039E-3;1,037735E+0;;
02/12/2021  12:05:21,358658;1,055903E+0;1,044459E+1;4,311971E-3;1,037701E+0;;
02/12/2021  12:05:21,358758;1,057185E+0;1,044459E+1;3,680107E-3;1,037706E+0;;
02/12/2021  12:05:21,358858;1,058955E+0;1,044459E+1;3,364175E-3;1,037749E+0;;
02/12/2021  12:05:21,358958;1,061083E+0;1,044459E+1;3,364175E-3;1,037831E+0;;
02/12/2021  12:05:21,359058;1,062001E+0;1,044459E+1;4,627903E-3;1,037951E+0;;
02/12/2021  12:05:21,359158;1,062102E+0;1,044459E+1;5,259767E-3;1,038110E+0;;
02/12/2021  12:05:21,359258;1,063485E+0;1,044459E+1;3,996039E-3;1,038306E+0;;
02/12/2021  12:05:21,359358;1,065577E+0;1,044459E+1;8,103155E-3;1,038541E+0;;
02/12/2021  12:05:21,359458;1,066823E+0;1,044459E+1;9,682815E-3;1,038814E+0;;
02/12/2021  12:05:21,359558;1,067556E+0;1,044459E+1;9,366883E-3;1,039124E+0;;
02/12/2021  12:05:21,359658;1,067169E+0;1,044459E+1;7,787223E-3;1,039472E+0;;
02/12/2021  12:05:21,359758;1,067446E+0;1,044459E+1;1,378993E-2;1,039857E+0;;
02/12/2021  12:05:21,359858;1,069174E+0;1,044459E+1;1,473773E-2;1,040278E+0;;
02/12/2021  12:05:21,359958;1,070369E+0;1,044459E+1;1,568552E-2;1,040735E+0;;
02/12/2021  12:05:21,360058;1,070963E+0;1,044459E+1;3,364175E-3;1,041227E+0;;
02/12/2021  12:05:21,360158;1,071234E+0;1,044459E+1;1,094654E-2;1,041753E+0;;
02/12/2021  12:05:21,360258;1,072038E+0;1,044459E+1;1,758111E-2;1,042311E+0;;
02/12/2021  12:05:21,360358;1,075227E+0;1,044459E+1;1,536959E-2;1,042902E+0;;
02/12/2021  12:05:21,360458;1,076142E+0;1,044459E+1;1,694925E-2;1,043523E+0;;
02/12/2021  12:05:21,360558;1,077141E+0;1,044459E+1;1,189434E-2;1,044174E+0;;
02/12/2021  12:05:21,360658;1,078106E+0;1,044459E+1;1,694925E-2;1,044855E+0;;
02/12/2021  12:05:21,360758;1,079161E+0;1,044459E+1;1,884484E-2;1,045565E+0;;
02/12/2021  12:05:21,360858;1,082157E+0;1,044459E+1;2,074043E-2;1,046302E+0;;
02/12/2021  12:05:21,360958;1,084198E+0;1,044459E+1;1,568552E-2;1,047067E+0;;
02/12/2021  12:05:21,361058;1,085044E+0;1,044459E+1;1,694925E-2;1,047858E+0;;
02/12/2021  12:05:21,361158;1,084448E+0;1,044459E+1;1,916077E-2;1,048676E+0;;
02/12/2021  12:05:21,361258;1,086487E+0;1,044459E+1;1,536959E-2;1,049519E+0;;
02/12/2021  12:05:21,361358;1,087971E+0;1,044459E+1;1,600145E-2;1,050387E+0;;
02/12/2021  12:05:21,361458;1,088755E+0;1,044459E+1;1,663332E-2;1,051280E+0;;
02/12/2021  12:05:21,361558;1,088785E+0;1,044459E+1;1,884484E-2;1,052196E+0;;
02/12/2021  12:05:21,361658;1,088299E+0;1,044459E+1;1,852891E-2;1,053134E+0;;
02/12/2021  12:05:21,361758;1,088862E+0;1,044459E+1;1,821298E-2;1,054094E+0;;
02/12/2021  12:05:21,361858;1,089798E+0;1,044459E+1;1,789705E-2;1,055073E+0;;
02/12/2021  12:05:21,361958;1,090108E+0;1,044459E+1;1,821298E-2;1,056071E+0;;
02/12/2021  12:05:21,362058;1,089270E+0;1,044459E+1;1,789705E-2;1,057085E+0;;
02/12/2021  12:05:21,362158;1,088132E+0;1,044459E+1;1,473773E-2;1,058115E+0;;
02/12/2021  12:05:21,362258;1,089574E+0;1,044459E+1;1,631739E-2;1,059157E+0;;
02/12/2021  12:05:21,362358;1,089661E+0;1,044459E+1;1,442179E-2;1,060209E+0;;
02/12/2021  12:05:21,362458;1,090311E+0;1,044459E+1;1,631739E-2;1,061271E+0;;
02/12/2021  12:05:21,362558;1,089828E+0;1,044459E+1;1,852891E-2;1,062338E+0;;
02/12/2021  12:05:21,362658;1,089721E+0;1,044459E+1;1,789705E-2;1,063410E+0;;
02/12/2021  12:05:21,362758;1,090731E+0;1,044459E+1;1,821298E-2;1,064484E+0;;
02/12/2021  12:05:21,362858;1,091592E+0;1,044459E+1;1,821298E-2;1,065559E+0;;
02/12/2021  12:05:21,362958;1,092990E+0;1,044459E+1;1,884484E-2;1,066631E+0;;
02/12/2021  12:05:21,363058;1,092602E+0;1,044459E+1;2,010857E-2;1,067700E+0;;
02/12/2021  12:05:21,363158;1,092668E+0;1,044459E+1;2,042450E-2;1,068764E+0;;
02/12/2021  12:05:21,363258;1,094161E+0;1,044459E+1;2,232009E-2;1,069822E+0;;
02/12/2021  12:05:21,363358;1,095699E+0;1,044459E+1;1,726518E-2;1,070871E+0;;
02/12/2021  12:05:21,363458;1,095601E+0;1,044459E+1;1,726518E-2;1,071912E+0;;
02/12/2021  12:05:21,363558;1,094841E+0;1,044459E+1;1,568552E-2;1,072942E+0;;
02/12/2021  12:05:21,363658;1,094212E+0;1,044459E+1;1,821298E-2;1,073961E+0;;
02/12/2021  12:05:21,363758;1,095124E+0;1,044459E+1;1,442179E-2;1,074967E+0;;
02/12/2021  12:05:21,363858;1,095565E+0;1,044459E+1;1,505366E-2;1,075959E+0;;
02/12/2021  12:05:21,363958;1,096048E+0;1,044459E+1;1,726518E-2;1,076937E+0;;
02/12/2021  12:05:21,364058;1,094522E+0;1,044459E+1;1,694925E-2;1,077898E+0;;
02/12/2021  12:05:21,364158;1,093637E+0;1,044459E+1;1,600145E-2;1,078842E+0;;
02/12/2021  12:05:21,364258;1,094501E+0;1,044459E+1;1,410586E-2;1,079768E+0;;
02/12/2021  12:05:21,364358;1,094310E+0;1,044459E+1;1,758111E-2;1,080675E+0;;
02/12/2021  12:05:21,364458;1,093151E+0;1,044459E+1;1,663332E-2;1,081561E+0;;
02/12/2021  12:05:21,364558;1,091917E+0;1,044459E+1;2,516348E-2;1,082424E+0;;
02/12/2021  12:05:21,364658;1,090549E+0;1,044459E+1;1,568552E-2;1,083265E+0;;
02/12/2021  12:05:21,364758;1,091953E+0;1,044459E+1;2,042450E-2;1,084080E+0;;
02/12/2021  12:05:21,364858;1,091392E+0;1,044459E+1;1,663332E-2;1,084870E+0;;
02/12/2021  12:05:21,364958;1,091539E+0;1,044459E+1;1,726518E-2;1,085632E+0;;
02/12/2021  12:05:21,365058;1,090656E+0;1,044459E+1;1,442179E-2;1,086366E+0;;
02/12/2021  12:05:21,365158;1,090680E+0;1,044459E+1;1,631739E-2;1,087071E+0;;
02/12/2021  12:05:21,365258;1,091360E+0;1,044459E+1;9,366883E-3;1,087746E+0;;
02/12/2021  12:05:21,365358;1,091986E+0;1,044459E+1;1,600145E-2;1,088390E+0;;
02/12/2021  12:05:21,365458;1,091842E+0;1,044459E+1;1,600145E-2;1,089004E+0;;
02/12/2021  12:05:21,365558;1,091506E+0;1,044459E+1;1,284213E-2;1,089586E+0;;
02/12/2021  12:05:21,365658;1,091223E+0;1,044459E+1;1,262617E-1;1,090137E+0;;
02/12/2021  12:05:21,365758;1,092531E+0;1,044459E+1;1,600145E-2;1,090657E+0;;
02/12/2021  12:05:21,365858;1,093088E+0;1,044459E+1;1,947671E-2;1,091146E+0;;
02/12/2021  12:05:21,365958;1,092391E+0;1,044459E+1;1,812339E-1;1,091604E+0;;
02/12/2021  12:05:21,366058;1,091792E+0;1,044459E+1;7,539667E-2;1,092032E+0;;
02/12/2021  12:05:21,366158;1,091941E+0;1,044459E+1;1,852891E-2;1,092431E+0;;
02/12/2021  12:05:21,366258;1,092242E+0;1,044459E+1;2,105637E-2;1,092800E+0;;
02/12/2021  12:05:21,366358;1,092376E+0;1,044459E+1;2,547941E-2;1,093141E+0;;
02/12/2021  12:05:21,366458;1,091369E+0;1,044459E+1;7,981972E-2;1,093454E+0;;
02/12/2021  12:05:21,366558;1,089685E+0;1,044459E+1;1,821298E-2;1,093739E+0;;
02/12/2021  12:05:21,366658;1,090382E+0;1,044459E+1;1,473773E-2;1,093998E+0;;
02/12/2021  12:05:21,366758;1,089548E+0;1,044459E+1;1,378993E-2;1,094230E+0;;
02/12/2021  12:05:21,366858;1,089220E+0;1,044459E+1;2,042450E-2;1,094436E+0;;
02/12/2021  12:05:21,366958;1,088037E+0;1,044459E+1;2,832280E-2;1,094617E+0;;
02/12/2021  12:05:21,367058;1,086243E+0;1,044459E+1;2,042450E-2;1,094772E+0;;
02/12/2021  12:05:21,367158;1,086436E+0;1,044459E+1;1,789705E-2;1,094901E+0;;
02/12/2021  12:05:21,367258;1,086266E+0;1,044459E+1;1,726518E-2;1,095006E+0;;
02/12/2021  12:05:21,367358;1,086788E+0;1,044459E+1;9,372073E-2;1,095085E+0;;
02/12/2021  12:05:21,367458;1,084979E+0;1,044459E+1;1,315807E-2;1,095140E+0;;
02/12/2021  12:05:21,367558;1,083748E+0;1,044459E+1;1,694925E-2;1,095170E+0;;
02/12/2021  12:05:21,367658;1,084955E+0;1,044459E+1;2,010857E-2;1,095177E+0;;
02/12/2021  12:05:21,367758;1,085581E+0;1,044459E+1;1,663332E-2;1,095159E+0;;
02/12/2021  12:05:21,367858;1,085503E+0;1,044459E+1;1,568552E-2;1,095119E+0;;
02/12/2021  12:05:21,367958;1,084517E+0;1,044459E+1;1,663332E-2;1,095056E+0;;
02/12/2021  12:05:21,368058;1,084240E+0;1,044459E+1;1,442179E-2;1,094971E+0;;
02/12/2021  12:05:21,368158;1,084436E+0;1,044459E+1;1,726518E-2;1,094865E+0;;
02/12/2021  12:05:21,368258;1,084669E+0;1,044459E+1;1,758111E-2;1,094739E+0;;
02/12/2021  12:05:21,368358;1,084442E+0;1,044459E+1;1,979264E-2;1,094594E+0;;
02/12/2021  12:05:21,368458;1,082112E+0;1,044459E+1;1,947671E-2;1,094430E+0;;
02/12/2021  12:05:21,368558;1,081373E+0;1,044459E+1;1,442179E-2;1,094249E+0;;
02/12/2021  12:05:21,368658;1,081316E+0;1,044459E+1;1,663332E-2;1,094051E+0;;
02/12/2021  12:05:21,368758;1,081233E+0;1,044459E+1;1,758111E-2;1,093837E+0;;
02/12/2021  12:05:21,368858;1,081337E+0;1,044459E+1;1,916077E-2;1,093606E+0;;
02/12/2021  12:05:21,368958;1,079307E+0;1,044459E+1;1,094654E-2;1,093361E+0;;
02/12/2021  12:05:21,369058;1,079334E+0;1,044459E+1;1,821298E-2;1,093100E+0;;
02/12/2021  12:05:21,369158;1,079671E+0;1,044459E+1;1,663332E-2;1,092826E+0;;
02/12/2021  12:05:21,369258;1,080517E+0;1,044459E+1;1,758111E-2;1,092537E+0;;
02/12/2021  12:05:21,369358;1,080693E+0;1,044459E+1;1,631739E-2;1,092236E+0;;
02/12/2021  12:05:21,369458;1,080231E+0;1,044459E+1;1,189434E-2;1,091923E+0;;
02/12/2021  12:05:21,369558;1,080562E+0;1,044459E+1;1,694925E-2;1,091599E+0;;
02/12/2021  12:05:21,369658;1,081987E+0;1,044459E+1;1,536959E-2;1,091266E+0;;
02/12/2021  12:05:21,369758;1,083465E+0;1,044459E+1;1,726518E-2;1,090924E+0;;
02/12/2021  12:05:21,369858;1,082991E+0;1,044459E+1;1,758111E-2;1,090575E+0;;
02/12/2021  12:05:21,369958;1,082642E+0;1,044459E+1;1,789705E-2;1,090220E+0;;
02/12/2021  12:05:21,370058;1,083539E+0;1,044459E+1;1,505366E-2;1,089862E+0;;
02/12/2021  12:05:21,370158;1,084451E+0;1,044459E+1;1,031468E-2;1,089502E+0;;
02/12/2021  12:05:21,370258;1,085125E+0;1,044459E+1;2,547941E-2;1,089141E+0;;
02/12/2021  12:05:21,370358;1,085307E+0;1,044459E+1;1,821298E-2;1,088781E+0;;
02/12/2021  12:05:21,370458;1,084955E+0;1,044459E+1;1,631739E-2;1,088424E+0;;
02/12/2021  12:05:21,370558;1,085185E+0;1,044459E+1;1,568552E-2;1,088070E+0;;
02/12/2021  12:05:21,370658;1,086287E+0;1,044459E+1;1,758111E-2;1,087723E+0;;
02/12/2021  12:05:21,370758;1,087473E+0;1,044459E+1;1,916077E-2;1,087382E+0;;
02/12/2021  12:05:21,370858;1,087080E+0;1,044459E+1;1,758111E-2;1,087051E+0;;
02/12/2021  12:05:21,370958;1,087271E+0;1,044459E+1;1,568552E-2;1,086729E+0;;
02/12/2021  12:05:21,371058;1,088215E+0;1,044459E+1;1,157841E-2;1,086418E+0;;
02/12/2021  12:05:21,371158;1,090671E+0;1,044459E+1;2,200416E-2;1,086120E+0;;
02/12/2021  12:05:21,371258;1,091226E+0;1,044459E+1;1,694925E-2;1,085836E+0;;
02/12/2021  12:05:21,371358;1,090913E+0;1,044459E+1;1,694925E-2;1,085568E+0;;
02/12/2021  12:05:21,371458;1,090591E+0;1,044459E+1;1,252620E-2;1,085316E+0;;
02/12/2021  12:05:21,371558;1,091476E+0;1,044459E+1;1,442179E-2;1,085083E+0;;
02/12/2021  12:05:21,371658;1,092668E+0;1,044459E+1;1,726518E-2;1,084869E+0;;
02/12/2021  12:05:21,371758;1,092963E+0;1,044459E+1;1,694925E-2;1,084674E+0;;
02/12/2021  12:05:21,371858;1,092811E+0;1,044459E+1;1,694925E-2;1,084501E+0;;
02/12/2021  12:05:21,371958;1,092781E+0;1,044459E+1;1,916077E-2;1,084350E+0;;
02/12/2021  12:05:21,372058;1,094355E+0;1,044459E+1;1,726518E-2;1,084221E+0;;
02/12/2021  12:05:21,372158;1,095100E+0;1,044459E+1;1,758111E-2;1,084114E+0;;
02/12/2021  12:05:21,372258;1,095812E+0;1,044459E+1;2,137230E-2;1,084031E+0;;
02/12/2021  12:05:21,372358;1,095827E+0;1,044459E+1;1,821298E-2;1,083972E+0;;
02/12/2021  12:05:21,372458;1,095750E+0;1,044459E+1;1,663332E-2;1,083937E+0;;
02/12/2021  12:05:21,372558;1,097434E+0;1,044459E+1;1,758111E-2;1,083926E+0;;
02/12/2021  12:05:21,372658;1,099481E+0;1,044459E+1;1,758111E-2;1,083940E+0;;
02/12/2021  12:05:21,372758;1,100521E+0;1,044459E+1;1,821298E-2;1,083979E+0;;
02/12/2021  12:05:21,372858;1,100763E+0;1,044459E+1;1,852891E-2;1,084043E+0;;
02/12/2021  12:05:21,372958;1,101821E+0;1,044459E+1;1,726518E-2;1,084133E+0;;
02/12/2021  12:05:21,373058;1,103376E+0;1,044459E+1;1,852891E-2;1,084249E+0;;
02/12/2021  12:05:21,373158;1,105203E+0;1,044459E+1;1,758111E-2;1,084392E+0;;
02/12/2021  12:05:21,373258;1,105218E+0;1,044459E+1;1,378993E-2;1,084562E+0;;
02/12/2021  12:05:21,373358;1,105677E+0;1,044459E+1;2,326789E-2;1,084758E+0;;
02/12/2021  12:05:21,373458;1,106601E+0;1,044459E+1;1,852891E-2;1,084983E+0;;
02/12/2021  12:05:21,373558;1,107999E+0;1,044459E+1;1,789705E-2;1,085235E+0;;
02/12/2021  12:05:21,373658;1,109373E+0;1,044459E+1;1,758111E-2;1,085514E+0;;
02/12/2021  12:05:21,373758;1,109665E+0;1,044459E+1;1,189434E-2;1,085822E+0;;
02/12/2021  12:05:21,373858;1,109262E+0;1,044459E+1;1,315807E-2;1,086157E+0;;
02/12/2021  12:05:21,373958;1,110437E+0;1,044459E+1;1,631739E-2;1,086519E+0;;
02/12/2021  12:05:21,374058;1,112296E+0;1,044459E+1;1,252620E-2;1,086908E+0;;
02/12/2021  12:05:21,374158;1,113566E+0;1,044459E+1;1,821298E-2;1,087324E+0;;
02/12/2021  12:05:21,374258;1,113563E+0;1,044459E+1;1,758111E-2;1,087767E+0;;
02/12/2021  12:05:21,374358;1,113283E+0;1,044459E+1;1,726518E-2;1,088235E+0;;
02/12/2021  12:05:21,374458;1,114004E+0;1,044459E+1;1,916077E-2;1,088729E+0;;
02/12/2021  12:05:21,374558;1,115119E+0;1,044459E+1;1,663332E-2;1,089248E+0;;
02/12/2021  12:05:21,374658;1,115324E+0;1,044459E+1;1,947671E-2;1,089790E+0;;
02/12/2021  12:05:21,374758;1,115157E+0;1,044459E+1;1,947671E-2;1,090355E+0;;
02/12/2021  12:05:21,374858;1,114460E+0;1,044459E+1;1,694925E-2;1,090943E+0;;
02/12/2021  12:05:21,374958;1,115169E+0;1,044459E+1;2,263603E-2;1,091551E+0;;
02/12/2021  12:05:21,375058;1,116260E+0;1,044459E+1;1,821298E-2;1,092178E+0;;
02/12/2021  12:05:21,375158;1,116373E+0;1,044459E+1;1,536959E-2;1,092823E+0;;
02/12/2021  12:05:21,375258;1,116013E+0;1,044459E+1;1,947671E-2;1,093484E+0;;
02/12/2021  12:05:21,375358;1,114666E+0;1,044459E+1;1,726518E-2;1,094161E+0;;
02/12/2021  12:05:21,375458;1,115345E+0;1,044459E+1;1,821298E-2;1,094850E+0;;
02/12/2021  12:05:21,375558;1,116627E+0;1,044459E+1;1,631739E-2;1,095551E+0;;
02/12/2021  12:05:21,375658;1,116534E+0;1,044459E+1;1,505366E-2;1,096262E+0;;
02/12/2021  12:05:21,375758;1,115920E+0;1,044459E+1;6,523495E-3;1,096981E+0;;
02/12/2021  12:05:21,375858;1,116072E+0;1,044459E+1;1,252620E-2;1,097705E+0;;
02/12/2021  12:05:21,375958;1,116928E+0;1,044459E+1;9,050951E-3;1,098435E+0;;
02/12/2021  12:05:21,376058;1,118314E+0;1,044459E+1;1,031468E-2;1,099168E+0;;
02/12/2021  12:05:21,376158;1,118144E+0;1,044459E+1;3,680107E-3;1,099902E+0;;
02/12/2021  12:05:21,376258;1,116713E+0;1,044459E+1;3,996039E-3;1,100636E+0;;
02/12/2021  12:05:21,376358;1,115911E+0;1,044459E+1;1,473773E-2;1,101369E+0;;
02/12/2021  12:05:21,376458;1,116826E+0;1,044459E+1;5,575699E-3;1,102099E+0;;
02/12/2021  12:05:21,376558;1,116698E+0;1,044459E+1;3,680107E-3;1,102824E+0;;
02/12/2021  12:05:21,376658;1,116826E+0;1,044459E+1;3,680107E-3;1,103543E+0;;
02/12/2021  12:05:21,376758;1,115315E+0;1,044459E+1;3,680107E-3;1,104255E+0;;
02/12/2021  12:05:21,376858;1,114773E+0;1,044459E+1;1,315807E-2;1,104957E+0;;
02/12/2021  12:05:21,376958;1,115315E+0;1,044459E+1;3,996039E-3;1,105649E+0;;
02/12/2021  12:05:21,377058;1,116236E+0;1,044459E+1;3,680107E-3;1,106329E+0;;
02/12/2021  12:05:21,377158;1,115560E+0;1,044459E+1;3,364175E-3;1,106994E+0;;
02/12/2021  12:05:21,377258;1,114222E+0;1,044459E+1;3,996039E-3;1,107645E+0;;
02/12/2021  12:05:21,377358;1,114356E+0;1,044459E+1;5,575699E-3;1,108279E+0;;
02/12/2021  12:05:21,377458;1,115563E+0;1,044459E+1;3,680107E-3;1,108897E+0;;
02/12/2021  12:05:21,377558;1,115762E+0;1,044459E+1;3,048243E-3;1,109495E+0;;
02/12/2021  12:05:21,377658;1,115342E+0;1,044459E+1;3,680107E-3;1,110075E+0;;
02/12/2021  12:05:21,377758;1,113772E+0;1,044459E+1;3,364175E-3;1,110634E+0;;
02/12/2021  12:05:21,377858;1,113155E+0;1,044459E+1;3,680107E-3;1,111173E+0;;
02/12/2021  12:05:21,377958;1,113566E+0;1,044459E+1;2,732311E-3;1,111689E+0;;
02/12/2021  12:05:21,378058;1,112943E+0;1,044459E+1;3,680107E-3;1,112184E+0;;
02/12/2021  12:05:21,378158;1,111891E+0;1,044459E+1;3,680107E-3;1,112655E+0;;
02/12/2021  12:05:21,378258;1,109736E+0;1,044459E+1;4,311971E-3;1,113102E+0;;
02/12/2021  12:05:21,378358;1,108878E+0;1,044459E+1;3,680107E-3;1,113524E+0;;
02/12/2021  12:05:21,378458;1,108392E+0;1,044459E+1;3,364175E-3;1,113920E+0;;
02/12/2021  12:05:21,378558;1,107790E+0;1,044459E+1;5,575699E-3;1,114289E+0;;
02/12/2021  12:05:21,378658;1,106541E+0;1,044459E+1;4,627903E-3;1,114629E+0;;
02/12/2021  12:05:21,378758;1,105054E+0;1,044459E+1;3,364175E-3;1,114941E+0;;
02/12/2021  12:05:21,378858;1,104127E+0;1,044459E+1;3,680107E-3;1,115223E+0;;
02/12/2021  12:05:21,378958;1,105254E+0;1,044459E+1;3,680107E-3;1,115474E+0;;
02/12/2021  12:05:21,379058;1,104965E+0;1,044459E+1;3,996039E-3;1,115693E+0;;
02/12/2021  12:05:21,379158;1,104404E+0;1,044459E+1;3,680107E-3;1,115881E+0;;
02/12/2021  12:05:21,379258;1,102694E+0;1,044459E+1;6,207563E-3;1,116036E+0;;
02/12/2021  12:05:21,379358;1,103078E+0;1,044459E+1;4,311971E-3;1,116158E+0;;
02/12/2021  12:05:21,379458;1,103257E+0;1,044459E+1;1,315807E-2;1,116249E+0;;
02/12/2021  12:05:21,379558;1,102566E+0;1,044459E+1;5,891631E-3;1,116306E+0;;
02/12/2021  12:05:21,379658;1,101242E+0;1,044459E+1;3,996039E-3;1,116332E+0;;
02/12/2021  12:05:21,379758;1,100268E+0;1,044459E+1;5,891631E-3;1,116325E+0;;
02/12/2021  12:05:21,379858;1,100399E+0;1,044459E+1;8,103155E-3;1,116287E+0;;
02/12/2021  12:05:21,379958;1,100402E+0;1,044459E+1;5,575699E-3;1,116218E+0;;
02/12/2021  12:05:21,380058;1,099830E+0;1,044459E+1;7,787223E-3;1,116117E+0;;
02/12/2021  12:05:21,380158;1,098158E+0;1,044459E+1;4,627903E-3;1,115987E+0;;
02/12/2021  12:05:21,380258;1,097025E+0;1,044459E+1;1,505366E-2;1,115826E+0;;
02/12/2021  12:05:21,380358;1,097758E+0;1,044459E+1;1,821298E-2;1,115637E+0;;
02/12/2021  12:05:21,380458;1,098036E+0;1,044459E+1;1,631739E-2;1,115419E+0;;
02/12/2021  12:05:21,380558;1,098211E+0;1,044459E+1;1,252620E-2;1,115173E+0;;
02/12/2021  12:05:21,380658;1,097451E+0;1,044459E+1;1,600145E-2;1,114900E+0;;
02/12/2021  12:05:21,380758;1,096739E+0;1,044459E+1;1,821298E-2;1,114602E+0;;
02/12/2021  12:05:21,380858;1,098143E+0;1,044459E+1;1,505366E-2;1,114280E+0;;
02/12/2021  12:05:21,380958;1,098876E+0;1,044459E+1;1,473773E-2;1,113934E+0;;
02/12/2021  12:05:21,381058;1,098450E+0;1,044459E+1;1,694925E-2;1,113567E+0;;
02/12/2021  12:05:21,381158;1,097603E+0;1,044459E+1;1,884484E-2;1,113180E+0;;
02/12/2021  12:05:21,381258;1,097881E+0;1,044459E+1;6,207563E-3;1,112776E+0;;
02/12/2021  12:05:21,381358;1,098846E+0;1,044459E+1;1,600145E-2;1,112355E+0;;
02/12/2021  12:05:21,381458;1,099201E+0;1,044459E+1;1,758111E-2;1,111919E+0;;
02/12/2021  12:05:21,381558;1,098143E+0;1,044459E+1;1,821298E-2;1,111470E+0;;
02/12/2021  12:05:21,381658;1,097621E+0;1,044459E+1;1,852891E-2;1,111010E+0;;
02/12/2021  12:05:21,381758;1,097097E+0;1,044459E+1;1,821298E-2;1,110541E+0;;
02/12/2021  12:05:21,381858;1,097445E+0;1,044459E+1;1,694925E-2;1,110064E+0;;
02/12/2021  12:05:21,381958;1,098119E+0;1,044459E+1;1,726518E-2;1,109580E+0;;
02/12/2021  12:05:21,382058;1,097416E+0;1,044459E+1;1,726518E-2;1,109092E+0;;
02/12/2021  12:05:21,382158;1,096721E+0;1,044459E+1;2,137230E-2;1,108600E+0;;
02/12/2021  12:05:21,382258;1,096411E+0;1,044459E+1;1,631739E-2;1,108105E+0;;
02/12/2021  12:05:21,382358;1,097073E+0;1,044459E+1;1,758111E-2;1,107610E+0;;
02/12/2021  12:05:21,382458;1,097994E+0;1,044459E+1;1,789705E-2;1,107115E+0;;
02/12/2021  12:05:21,382558;1,097320E+0;1,044459E+1;1,789705E-2;1,106622E+0;;
02/12/2021  12:05:21,382658;1,095592E+0;1,044459E+1;1,821298E-2;1,106132E+0;;
02/12/2021  12:05:21,382758;1,095812E+0;1,044459E+1;1,694925E-2;1,105645E+0;;
02/12/2021  12:05:21,382858;1,097231E+0;1,044459E+1;1,852891E-2;1,105163E+0;;
02/12/2021  12:05:21,382958;1,097332E+0;1,044459E+1;1,821298E-2;1,104687E+0;;
02/12/2021  12:05:21,383058;1,096355E+0;1,044459E+1;1,789705E-2;1,104218E+0;;
02/12/2021  12:05:21,383158;1,096352E+0;1,044459E+1;1,505366E-2;1,103756E+0;;
02/12/2021  12:05:21,383258;1,096295E+0;1,044459E+1;1,094654E-2;1,103302E+0;;
02/12/2021  12:05:21,383358;1,097565E+0;1,044459E+1;1,442179E-2;1,102858E+0;;
02/12/2021  12:05:21,383458;1,098191E+0;1,044459E+1;1,663332E-2;1,102423E+0;;
02/12/2021  12:05:21,383558;1,097559E+0;1,044459E+1;1,758111E-2;1,101999E+0;;
02/12/2021  12:05:21,383658;1,097171E+0;1,044459E+1;1,094654E-2;1,101587E+0;;
02/12/2021  12:05:21,383758;1,098942E+0;1,044459E+1;1,536959E-2;1,101188E+0;;
02/12/2021  12:05:21,383858;1,100238E+0;1,044459E+1;1,726518E-2;1,100801E+0;;
02/12/2021  12:05:21,383958;1,100482E+0;1,044459E+1;1,726518E-2;1,100429E+0;;
02/12/2021  12:05:21,384058;1,100169E+0;1,044459E+1;1,979264E-2;1,100071E+0;;
02/12/2021  12:05:21,384158;1,099204E+0;1,044459E+1;1,758111E-2;1,099730E+0;;
02/12/2021  12:05:21,384258;1,100476E+0;1,044459E+1;1,663332E-2;1,099405E+0;;
02/12/2021  12:05:21,384358;1,101263E+0;1,044459E+1;1,947671E-2;1,099097E+0;;
02/12/2021  12:05:21,384458;1,101561E+0;1,044459E+1;1,694925E-2;1,098807E+0;;
02/12/2021  12:05:21,384558;1,101272E+0;1,044459E+1;1,821298E-2;1,098535E+0;;
02/12/2021  12:05:21,384658;1,100849E+0;1,044459E+1;1,631739E-2;1,098282E+0;;
02/12/2021  12:05:21,384758;1,102062E+0;1,044459E+1;1,568552E-2;1,098049E+0;;
02/12/2021  12:05:21,384858;1,103504E+0;1,044459E+1;1,568552E-2;1,097834E+0;;
02/12/2021  12:05:21,384958;1,103621E+0;1,044459E+1;1,789705E-2;1,097640E+0;;
02/12/2021  12:05:21,385058;1,104533E+0;1,044459E+1;1,600145E-2;1,097466E+0;;
02/12/2021  12:05:21,385158;1,104795E+0;1,044459E+1;1,694925E-2;1,097312E+0;;
02/12/2021  12:05:21,385258;1,106732E+0;1,044459E+1;1,726518E-2;1,097180E+0;;
02/12/2021  12:05:21,385358;1,108327E+0;1,044459E+1;1,568552E-2;1,097069E+0;;
02/12/2021  12:05:21,385458;1,109340E+0;1,044459E+1;1,979264E-2;1,096980E+0;;
02/12/2021  12:05:21,385558;1,109879E+0;1,044459E+1;1,378993E-2;1,096915E+0;;
02/12/2021  12:05:21,385658;1,110755E+0;1,044459E+1;9,624818E-2;1,096873E+0;;
02/12/2021  12:05:21,385758;1,113375E+0;1,044459E+1;1,884484E-2;1,096856E+0;;
02/12/2021  12:05:21,385858;1,114365E+0;1,044459E+1;1,884484E-2;1,096864E+0;;
02/12/2021  12:05:21,385958;1,114955E+0;1,044459E+1;2,010857E-2;1,096898E+0;;
02/12/2021  12:05:21,386058;1,115193E+0;1,044459E+1;1,133085E-1;1,096959E+0;;
02/12/2021  12:05:21,386158;1,115104E+0;1,044459E+1;1,473773E-2;1,097047E+0;;
02/12/2021  12:05:21,386258;1,115855E+0;1,044459E+1;1,473773E-2;1,097163E+0;;
02/12/2021  12:05:21,386358;1,116385E+0;1,044459E+1;1,884484E-2;1,097308E+0;;
02/12/2021  12:05:21,386458;1,116463E+0;1,044459E+1;9,751191E-2;1,097480E+0;;
02/12/2021  12:05:21,386558;1,116072E+0;1,044459E+1;2,263603E-2;1,097680E+0;;
02/12/2021  12:05:21,386658;1,116111E+0;1,044459E+1;1,821298E-2;1,097907E+0;;
02/12/2021  12:05:21,386758;1,117232E+0;1,044459E+1;2,105637E-2;1,098162E+0;;
02/12/2021  12:05:21,386858;1,118319E+0;1,044459E+1;2,010857E-2;1,098442E+0;;
02/12/2021  12:05:21,386958;1,119196E+0;1,044459E+1;1,031987E-1;1,098748E+0;;
02/12/2021  12:05:21,387058;1,118784E+0;1,044459E+1;2,074043E-2;1,099078E+0;;
02/12/2021  12:05:21,387158;1,120045E+0;1,044459E+1;1,852891E-2;1,099433E+0;;
02/12/2021  12:05:21,387258;1,121574E+0;1,044459E+1;6,970989E-2;1,099811E+0;;
02/12/2021  12:05:21,387358;1,122331E+0;1,044459E+1;1,016190E-1;1,100213E+0;;
02/12/2021  12:05:21,387458;1,123660E+0;1,044459E+1;4,601499E-2;1,100636E+0;;
02/12/2021  12:05:21,387558;1,124152E+0;1,044459E+1;1,979264E-2;1,101081E+0;;
02/12/2021  12:05:21,387658;1,125520E+0;1,044459E+1;2,421569E-2;1,101547E+0;;
02/12/2021  12:05:21,387758;1,127967E+0;1,044459E+1;8,708615E-2;1,102034E+0;;
02/12/2021  12:05:21,387858;1,128745E+0;1,044459E+1;1,613302E-1;1,102542E+0;;
02/12/2021  12:05:21,387958;1,129171E+0;1,044459E+1;2,389975E-2;1,103070E+0;;
02/12/2021  12:05:21,388058;1,129114E+0;1,044459E+1;1,789705E-2;1,103618E+0;;
02/12/2021  12:05:21,388158;1,129475E+0;1,044459E+1;1,821298E-2;1,104185E+0;;
02/12/2021  12:05:21,388258;1,130512E+0;1,044459E+1;1,884484E-2;1,104772E+0;;
02/12/2021  12:05:21,388358;1,131540E+0;1,044459E+1;1,473773E-2;1,105377E+0;;
02/12/2021  12:05:21,388458;1,130771E+0;1,044459E+1;1,694925E-2;1,106000E+0;;
02/12/2021  12:05:21,388558;1,131016E+0;1,044459E+1;1,442179E-2;1,106640E+0;;
02/12/2021  12:05:21,388658;1,131683E+0;1,044459E+1;1,758111E-2;1,107296E+0;;
02/12/2021  12:05:21,388758;1,132425E+0;1,044459E+1;1,758111E-2;1,107967E+0;;
02/12/2021  12:05:21,388858;1,132303E+0;1,044459E+1;1,694925E-2;1,108652E+0;;
02/12/2021  12:05:21,388958;1,132810E+0;1,044459E+1;2,042450E-2;1,109350E+0;;
02/12/2021  12:05:21,389058;1,131933E+0;1,044459E+1;1,758111E-2;1,110059E+0;;
02/12/2021  12:05:21,389158;1,132887E+0;1,044459E+1;1,789705E-2;1,110778E+0;;
02/12/2021  12:05:21,389258;1,133331E+0;1,044459E+1;1,821298E-2;1,111507E+0;;
02/12/2021  12:05:21,389358;1,133605E+0;1,044459E+1;1,947671E-2;1,112242E+0;;
02/12/2021  12:05:21,389458;1,133981E+0;1,044459E+1;1,852891E-2;1,112984E+0;;
02/12/2021  12:05:21,389558;1,134243E+0;1,044459E+1;1,694925E-2;1,113731E+0;;
02/12/2021  12:05:21,389658;1,135110E+0;1,044459E+1;1,694925E-2;1,114481E+0;;
02/12/2021  12:05:21,389758;1,135984E+0;1,044459E+1;1,442179E-2;1,115234E+0;;
02/12/2021  12:05:21,389858;1,136219E+0;1,044459E+1;1,663332E-2;1,115988E+0;;
02/12/2021  12:05:21,389958;1,135733E+0;1,044459E+1;1,789705E-2;1,116743E+0;;
02/12/2021  12:05:21,390058;1,135581E+0;1,044459E+1;1,473773E-2;1,117496E+0;;
02/12/2021  12:05:21,390158;1,136639E+0;1,044459E+1;1,063061E-2;1,118248E+0;;
02/12/2021  12:05:21,390258;1,136735E+0;1,044459E+1;1,663332E-2;1,118997E+0;;
02/12/2021  12:05:21,390358;1,136708E+0;1,044459E+1;1,821298E-2;1,119742E+0;;
02/12/2021  12:05:21,390458;1,136261E+0;1,044459E+1;1,568552E-2;1,120482E+0;;
02/12/2021  12:05:21,390558;1,136216E+0;1,044459E+1;1,473773E-2;1,121216E+0;;
02/12/2021  12:05:21,390658;1,136732E+0;1,044459E+1;1,694925E-2;1,121943E+0;;
02/12/2021  12:05:21,390758;1,136794E+0;1,044459E+1;1,568552E-2;1,122661E+0;;
02/12/2021  12:05:21,390858;1,136565E+0;1,044459E+1;1,631739E-2;1,123370E+0;;
02/12/2021  12:05:21,390958;1,135429E+0;1,044459E+1;1,726518E-2;1,124069E+0;;
02/12/2021  12:05:21,391058;1,135319E+0;1,044459E+1;1,473773E-2;1,124757E+0;;
02/12/2021  12:05:21,391158;1,135164E+0;1,044459E+1;1,631739E-2;1,125431E+0;;
02/12/2021  12:05:21,391258;1,136183E+0;1,044459E+1;1,631739E-2;1,126093E+0;;
02/12/2021  12:05:21,391358;1,135376E+0;1,044459E+1;1,631739E-2;1,126739E+0;;
02/12/2021  12:05:21,391458;1,134804E+0;1,044459E+1;1,663332E-2;1,127370E+0;;
02/12/2021  12:05:21,391558;1,134979E+0;1,044459E+1;1,694925E-2;1,127984E+0;;
02/12/2021  12:05:21,391658;1,135590E+0;1,044459E+1;1,789705E-2;1,128581E+0;;
02/12/2021  12:05:21,391758;1,135328E+0;1,044459E+1;1,852891E-2;1,129160E+0;;
02/12/2021  12:05:21,391858;1,135268E+0;1,044459E+1;1,473773E-2;1,129720E+0;;
02/12/2021  12:05:21,391958;1,134532E+0;1,044459E+1;1,663332E-2;1,130260E+0;;
02/12/2021  12:05:21,392058;1,134735E+0;1,044459E+1;2,042450E-2;1,130781E+0;;
02/12/2021  12:05:21,392158;1,134938E+0;1,044459E+1;2,263603E-2;1,131281E+0;;
02/12/2021  12:05:21,392258;1,134169E+0;1,044459E+1;2,326789E-2;1,131760E+0;;
02/12/2021  12:05:21,392358;1,134744E+0;1,044459E+1;2,168823E-2;1,132218E+0;;
02/12/2021  12:05:21,392458;1,133898E+0;1,044459E+1;1,758111E-2;1,132655E+0;;
02/12/2021  12:05:21,392558;1,134002E+0;1,044459E+1;1,473773E-2;1,133069E+0;;
02/12/2021  12:05:21,392658;1,133835E+0;1,044459E+1;1,505366E-2;1,133461E+0;;
02/12/2021  12:05:21,392758;1,133209E+0;1,044459E+1;1,189434E-2;1,133831E+0;;
02/12/2021  12:05:21,392858;1,132825E+0;1,044459E+1;1,157841E-2;1,134179E+0;;
02/12/2021  12:05:21,392958;1,131230E+0;1,044459E+1;1,063061E-2;1,134504E+0;;
02/12/2021  12:05:21,393058;1,131150E+0;1,044459E+1;1,378993E-2;1,134807E+0;;
02/12/2021  12:05:21,393158;1,130870E+0;1,044459E+1;1,758111E-2;1,135086E+0;;
02/12/2021  12:05:21,393258;1,130244E+0;1,044459E+1;1,694925E-2;1,135341E+0;;
02/12/2021  12:05:21,393358;1,128521E+0;1,044459E+1;1,979264E-2;1,135573E+0;;
02/12/2021  12:05:21,393458;1,127833E+0;1,044459E+1;1,758111E-2;1,135781E+0;;
02/12/2021  12:05:21,393558;1,127937E+0;1,044459E+1;1,884484E-2;1,135965E+0;;
02/12/2021  12:05:21,393658;1,127624E+0;1,044459E+1;1,821298E-2;1,136123E+0;;
02/12/2021  12:05:21,393758;1,127222E+0;1,044459E+1;1,852891E-2;1,136257E+0;;
02/12/2021  12:05:21,393858;1,126193E+0;1,044459E+1;1,884484E-2;1,136366E+0;;
02/12/2021  12:05:21,393958;1,125290E+0;1,044459E+1;3,148212E-2;1,136449E+0;;
02/12/2021  12:05:21,394058;1,124924E+0;1,044459E+1;1,947671E-2;1,136507E+0;;
02/12/2021  12:05:21,394158;1,125460E+0;1,044459E+1;1,726518E-2;1,136540E+0;;
02/12/2021  12:05:21,394258;1,125156E+0;1,044459E+1;1,947671E-2;1,136548E+0;;
02/12/2021  12:05:21,394358;1,124703E+0;1,044459E+1;1,473773E-2;1,136531E+0;;
02/12/2021  12:05:21,394458;1,124444E+0;1,044459E+1;1,252620E-2;1,136489E+0;;
02/12/2021  12:05:21,394558;1,125356E+0;1,044459E+1;2,010857E-2;1,136423E+0;;
02/12/2021  12:05:21,394658;1,125845E+0;1,044459E+1;1,726518E-2;1,136333E+0;;
02/12/2021  12:05:21,394758;1,125907E+0;1,044459E+1;2,137230E-2;1,136221E+0;;
02/12/2021  12:05:21,394858;1,124781E+0;1,044459E+1;1,821298E-2;1,136088E+0;;
02/12/2021  12:05:21,394958;1,124742E+0;1,044459E+1;1,821298E-2;1,135934E+0;;
02/12/2021  12:05:21,395058;1,125803E+0;1,044459E+1;1,694925E-2;1,135760E+0;;
02/12/2021  12:05:21,395158;1,125654E+0;1,044459E+1;1,726518E-2;1,135568E+0;;
02/12/2021  12:05:21,395258;1,125496E+0;1,044459E+1;2,042450E-2;1,135359E+0;;
02/12/2021  12:05:21,395358;1,124334E+0;1,044459E+1;1,378993E-2;1,135134E+0;;
02/12/2021  12:05:21,395458;1,124787E+0;1,044459E+1;1,821298E-2;1,134894E+0;;
02/12/2021  12:05:21,395558;1,125553E+0;1,044459E+1;1,821298E-2;1,134641E+0;;
02/12/2021  12:05:21,395658;1,125216E+0;1,044459E+1;1,536959E-2;1,134375E+0;;
02/12/2021  12:05:21,395758;1,124843E+0;1,044459E+1;6,839427E-3;1,134098E+0;;
02/12/2021  12:05:21,395858;1,124051E+0;1,044459E+1;3,364175E-3;1,133811E+0;;
02/12/2021  12:05:21,395958;1,123735E+0;1,044459E+1;9,050951E-3;1,133516E+0;;
02/12/2021  12:05:21,396058;1,124313E+0;1,044459E+1;1,315807E-2;1,133212E+0;;
02/12/2021  12:05:21,396158;1,123833E+0;1,044459E+1;3,996039E-3;1,132902E+0;;
02/12/2021  12:05:21,396258;1,123642E+0;1,044459E+1;3,680107E-3;1,132586E+0;;
02/12/2021  12:05:21,396358;1,122668E+0;1,044459E+1;5,259767E-3;1,132265E+0;;
02/12/2021  12:05:21,396458;1,122826E+0;1,044459E+1;5,575699E-3;1,131940E+0;;
02/12/2021  12:05:21,396558;1,123273E+0;1,044459E+1;7,787223E-3;1,131611E+0;;
02/12/2021  12:05:21,396658;1,123478E+0;1,044459E+1;3,680107E-3;1,131280E+0;;
02/12/2021  12:05:21,396758;1,122614E+0;1,044459E+1;3,680107E-3;1,130948E+0;;
02/12/2021  12:05:21,396858;1,121753E+0;1,044459E+1;4,627903E-3;1,130614E+0;;
02/12/2021  12:05:21,396958;1,121994E+0;1,044459E+1;5,575699E-3;1,130280E+0;;
02/12/2021  12:05:21,397058;1,122715E+0;1,044459E+1;3,680107E-3;1,129946E+0;;
02/12/2021  12:05:21,397158;1,122715E+0;1,044459E+1;3,680107E-3;1,129613E+0;;
02/12/2021  12:05:21,397258;1,121678E+0;1,044459E+1;3,048243E-3;1,129282E+0;;
02/12/2021  12:05:21,397358;1,121172E+0;1,044459E+1;3,996039E-3;1,128953E+0;;
02/12/2021  12:05:21,397458;1,122501E+0;1,044459E+1;4,311971E-3;1,128626E+0;;
02/12/2021  12:05:21,397558;1,123493E+0;1,044459E+1;3,680107E-3;1,128302E+0;;
02/12/2021  12:05:21,397658;1,122653E+0;1,044459E+1;3,680107E-3;1,127982E+0;;
02/12/2021  12:05:21,397758;1,122367E+0;1,044459E+1;3,680107E-3;1,127667E+0;;
02/12/2021  12:05:21,397858;1,122405E+0;1,044459E+1;3,048243E-3;1,127357E+0;;
02/12/2021  12:05:21,397958;1,122692E+0;1,044459E+1;4,311971E-3;1,127052E+0;;
02/12/2021  12:05:21,398058;1,123404E+0;1,044459E+1;3,364175E-3;1,126754E+0;;
02/12/2021  12:05:21,398158;1,123505E+0;1,044459E+1;3,364175E-3;1,126462E+0;;
02/12/2021  12:05:21,398258;1,123425E+0;1,044459E+1;3,996039E-3;1,126178E+0;;
02/12/2021  12:05:21,398358;1,123365E+0;1,044459E+1;3,680107E-3;1,125902E+0;;
02/12/2021  12:05:21,398458;1,125064E+0;1,044459E+1;3,996039E-3;1,125634E+0;;
02/12/2021  12:05:21,398558;1,126077E+0;1,044459E+1;3,364175E-3;1,125375E+0;;
02/12/2021  12:05:21,398658;1,126629E+0;1,044459E+1;3,680107E-3;1,125126E+0;;
02/12/2021  12:05:21,398758;1,126593E+0;1,044459E+1;3,680107E-3;1,124888E+0;;
02/12/2021  12:05:21,398858;1,127162E+0;1,044459E+1;3,364175E-3;1,124662E+0;;
02/12/2021  12:05:21,398958;1,128622E+0;1,044459E+1;3,680107E-3;1,124448E+0;;
02/12/2021  12:05:21,399058;1,129931E+0;1,044459E+1;3,364175E-3;1,124248E+0;;
02/12/2021  12:05:21,399158;1,129850E+0;1,044459E+1;4,311971E-3;1,124062E+0;;
02/12/2021  12:05:21,399258;1,129990E+0;1,044459E+1;3,680107E-3;1,123891E+0;;
02/12/2021  12:05:21,399358;1,130571E+0;1,044459E+1;3,680107E-3;1,123737E+0;;
02/12/2021  12:05:21,399458;1,132145E+0;1,044459E+1;3,680107E-3;1,123600E+0;;
02/12/2021  12:05:21,399558;1,133194E+0;1,044459E+1;1,157841E-2;1,123481E+0;;
02/12/2021  12:05:21,399658;1,133170E+0;1,044459E+1;3,996039E-3;1,123380E+0;;
02/12/2021  12:05:21,399758;1,133859E+0;1,044459E+1;7,471291E-3;1,123299E+0;;
02/12/2021  12:05:21,399858;1,134404E+0;1,044459E+1;1,157841E-2;1,123238E+0;;
02/12/2021  12:05:21,399958;1,135355E+0;1,044459E+1;1,631739E-2;1,123198E+0;;
02/12/2021  12:05:21,400058;1,136207E+0;1,044459E+1;1,600145E-2;1,123180E+0;;
02/12/2021  12:05:21,400158;1,136151E+0;1,044459E+1;3,680107E-3;1,123183E+0;;
02/12/2021  12:05:21,400258;1,136443E+0;1,044459E+1;1,094654E-2;1,123208E+0;;
02/12/2021  12:05:21,400358;1,137176E+0;1,044459E+1;1,758111E-2;1,123256E+0;;
02/12/2021  12:05:21,400458;1,139024E+0;1,044459E+1;1,410586E-2;1,123327E+0;;
02/12/2021  12:05:21,400558;1,139727E+0;1,044459E+1;8,419087E-3;1,123421E+0;;
02/12/2021  12:05:21,400658;1,139790E+0;1,044459E+1;1,126247E-2;1,123538E+0;;
02/12/2021  12:05:21,400758;1,139998E+0;1,044459E+1;1,378993E-2;1,123679E+0;;
02/12/2021  12:05:21,400858;1,140517E+0;1,044459E+1;1,916077E-2;1,123842E+0;;
02/12/2021  12:05:21,400958;1,141765E+0;1,044459E+1;1,758111E-2;1,124030E+0;;
02/12/2021  12:05:21,401058;1,142645E+0;1,044459E+1;8,735019E-3;1,124240E+0;;
02/12/2021  12:05:21,401158;1,142284E+0;1,044459E+1;1,916077E-2;1,124474E+0;;
02/12/2021  12:05:21,401258;1,143265E+0;1,044459E+1;1,852891E-2;1,124730E+0;;
02/12/2021  12:05:21,401358;1,144439E+0;1,044459E+1;8,103155E-3;1,125009E+0;;
02/12/2021  12:05:21,401458;1,145932E+0;1,044459E+1;1,726518E-2;1,125310E+0;;
02/12/2021  12:05:21,401558;1,146701E+0;1,044459E+1;1,884484E-2;1,125633E+0;;
02/12/2021  12:05:21,401658;1,146883E+0;1,044459E+1;1,600145E-2;1,125978E+0;;
02/12/2021  12:05:21,401758;1,147386E+0;1,044459E+1;1,758111E-2;1,126344E+0;;
02/12/2021  12:05:21,401858;1,147947E+0;1,044459E+1;1,568552E-2;1,126732E+0;;
02/12/2021  12:05:21,401958;1,149619E+0;1,044459E+1;1,821298E-2;1,127140E+0;;
02/12/2021  12:05:21,402058;1,149708E+0;1,044459E+1;1,568552E-2;1,127569E+0;;
02/12/2021  12:05:21,402158;1,150158E+0;1,044459E+1;1,821298E-2;1,128018E+0;;
02/12/2021  12:05:21,402258;1,150182E+0;1,044459E+1;1,726518E-2;1,128487E+0;;
02/12/2021  12:05:21,402358;1,151457E+0;1,044459E+1;1,663332E-2;1,128974E+0;;
02/12/2021  12:05:21,402458;1,152897E+0;1,044459E+1;1,916077E-2;1,129479E+0;;
02/12/2021  12:05:21,402558;1,152951E+0;1,044459E+1;1,852891E-2;1,130002E+0;;
02/12/2021  12:05:21,402658;1,152518E+0;1,044459E+1;1,473773E-2;1,130542E+0;;
02/12/2021  12:05:21,402758;1,152971E+0;1,044459E+1;1,694925E-2;1,131098E+0;;
02/12/2021  12:05:21,402858;1,154053E+0;1,044459E+1;1,473773E-2;1,131669E+0;;
02/12/2021  12:05:21,402958;1,155093E+0;1,044459E+1;1,663332E-2;1,132255E+0;;
02/12/2021  12:05:21,403058;1,155260E+0;1,044459E+1;1,663332E-2;1,132855E+0;;
02/12/2021  12:05:21,403158;1,155710E+0;1,044459E+1;1,442179E-2;1,133467E+0;;
02/12/2021  12:05:21,403258;1,155579E+0;1,044459E+1;2,295196E-2;1,134092E+0;;
02/12/2021  12:05:21,403358;1,157150E+0;1,044459E+1;1,979264E-2;1,134727E+0;;
02/12/2021  12:05:21,403458;1,158288E+0;1,044459E+1;1,568552E-2;1,135373E+0;;
02/12/2021  12:05:21,403558;1,158515E+0;1,044459E+1;1,758111E-2;1,136028E+0;;
02/12/2021  12:05:21,403658;1,158470E+0;1,044459E+1;1,852891E-2;1,136691E+0;;
02/12/2021  12:05:21,403758;1,158700E+0;1,044459E+1;1,410586E-2;1,137363E+0;;
02/12/2021  12:05:21,403858;1,160121E+0;1,044459E+1;1,315807E-2;1,138042E+0;;
02/12/2021  12:05:21,403958;1,159921E+0;1,044459E+1;1,663332E-2;1,138727E+0;;
02/12/2021  12:05:21,404058;1,160583E+0;1,044459E+1;1,789705E-2;1,139418E+0;;
02/12/2021  12:05:21,404158;1,159951E+0;1,044459E+1;1,663332E-2;1,140113E+0;;
02/12/2021  12:05:21,404258;1,160863E+0;1,044459E+1;1,600145E-2;1,140812E+0;;
02/12/2021  12:05:21,404358;1,162073E+0;1,044459E+1;1,821298E-2;1,141513E+0;;
02/12/2021  12:05:21,404458;1,161906E+0;1,044459E+1;1,536959E-2;1,142217E+0;;
02/12/2021  12:05:21,404558;1,161972E+0;1,044459E+1;1,378993E-2;1,142922E+0;;
02/12/2021  12:05:21,404658;1,161716E+0;1,044459E+1;1,852891E-2;1,143627E+0;;
02/12/2021  12:05:21,404758;1,161874E+0;1,044459E+1;1,631739E-2;1,144331E+0;;
02/12/2021  12:05:21,404858;1,162264E+0;1,044459E+1;1,442179E-2;1,145034E+0;;
02/12/2021  12:05:21,404958;1,162315E+0;1,044459E+1;1,631739E-2;1,145734E+0;;
02/12/2021  12:05:21,405058;1,161966E+0;1,044459E+1;1,663332E-2;1,146431E+0;;
02/12/2021  12:05:21,405158;1,161525E+0;1,044459E+1;1,663332E-2;1,147123E+0;;
02/12/2021  12:05:21,405258;1,161707E+0;1,044459E+1;1,821298E-2;1,147810E+0;;
02/12/2021  12:05:21,405358;1,162985E+0;1,044459E+1;7,471291E-3;1,148490E+0;;
02/12/2021  12:05:21,405458;1,162330E+0;1,044459E+1;2,705907E-2;1,149162E+0;;
02/12/2021  12:05:21,405558;1,161847E+0;1,044459E+1;2,042450E-2;1,149825E+0;;
02/12/2021  12:05:21,405658;1,161230E+0;1,044459E+1;1,616461E-1;1,150479E+0;;
02/12/2021  12:05:21,405758;1,161886E+0;1,044459E+1;2,137230E-2;1,151122E+0;;
02/12/2021  12:05:21,405858;1,162154E+0;1,044459E+1;1,031468E-2;1,151754E+0;;
02/12/2021  12:05:21,405958;1,161239E+0;1,044459E+1;1,916077E-2;1,152373E+0;;
02/12/2021  12:05:21,406058;1,160869E+0;1,044459E+1;1,256299E-1;1,152979E+0;;
02/12/2021  12:05:21,406158;1,160220E+0;1,044459E+1;1,852891E-2;1,153570E+0;;
02/12/2021  12:05:21,406258;1,161227E+0;1,044459E+1;1,378993E-2;1,154147E+0;;
02/12/2021  12:05:21,406358;1,160664E+0;1,044459E+1;1,884484E-2;1,154707E+0;;
02/12/2021  12:05:21,406458;1,160476E+0;1,044459E+1;4,380347E-2;1,155250E+0;;
02/12/2021  12:05:21,406558;1,159662E+0;1,044459E+1;2,927060E-2;1,155775E+0;;
02/12/2021  12:05:21,406658;1,158607E+0;1,044459E+1;1,821298E-2;1,156282E+0;;
02/12/2021  12:05:21,406758;1,158974E+0;1,044459E+1;1,758111E-2;1,156770E+0;;
02/12/2021  12:05:21,406858;1,158825E+0;1,044459E+1;2,042450E-2;1,157238E+0;;
02/12/2021  12:05:21,406958;1,158437E+0;1,044459E+1;1,054102E-1;1,157685E+0;;
02/12/2021  12:05:21,407058;1,156631E+0;1,044459E+1;1,916077E-2;1,158110E+0;;
02/12/2021  12:05:21,407158;1,155761E+0;1,044459E+1;2,010857E-2;1,158514E+0;;
02/12/2021  12:05:21,407258;1,155868E+0;1,044459E+1;3,590517E-2;1,158894E+0;;
02/12/2021  12:05:21,407358;1,156139E+0;1,044459E+1;1,852891E-2;1,159251E+0;;
02/12/2021  12:05:21,407458;1,155093E+0;1,044459E+1;1,758111E-2;1,159584E+0;;
02/12/2021  12:05:21,407558;1,153246E+0;1,044459E+1;1,568552E-2;1,159892E+0;;
02/12/2021  12:05:21,407658;1,152080E+0;1,044459E+1;1,758111E-2;1,160174E+0;;
02/12/2021  12:05:21,407758;1,151869E+0;1,044459E+1;3,843263E-2;1,160430E+0;;
02/12/2021  12:05:21,407858;1,151419E+0;1,044459E+1;8,803395E-2;1,160659E+0;;
02/12/2021  12:05:21,407958;1,150519E+0;1,044459E+1;1,726518E-2;1,160861E+0;;
02/12/2021  12:05:21,408058;1,149082E+0;1,044459E+1;2,042450E-2;1,161034E+0;;
02/12/2021  12:05:21,408158;1,148298E+0;1,044459E+1;2,137230E-2;1,161179E+0;;
02/12/2021  12:05:21,408258;1,148811E+0;1,044459E+1;2,295196E-2;1,161294E+0;;
02/12/2021  12:05:21,408358;1,148355E+0;1,044459E+1;1,600145E-2;1,161380E+0;;
02/12/2021  12:05:21,408458;1,147744E+0;1,044459E+1;1,884484E-2;1,161436E+0;;
02/12/2021  12:05:21,408558;1,145863E+0;1,044459E+1;1,947671E-2;1,161463E+0;;
02/12/2021  12:05:21,408658;1,145020E+0;1,044459E+1;5,738855E-2;1,161459E+0;;
02/12/2021  12:05:21,408758;1,145604E+0;1,044459E+1;1,758111E-2;1,161426E+0;;
02/12/2021  12:05:21,408858;1,144376E+0;1,044459E+1;1,694925E-2;1,161363E+0;;
02/12/2021  12:05:21,408958;1,143804E+0;1,044459E+1;1,821298E-2;1,161269E+0;;
02/12/2021  12:05:21,409058;1,142251E+0;1,044459E+1;1,947671E-2;1,161147E+0;;
02/12/2021  12:05:21,409158;1,142016E+0;1,044459E+1;1,694925E-2;1,160994E+0;;
02/12/2021  12:05:21,409258;1,142165E+0;1,044459E+1;1,378993E-2;1,160813E+0;;
02/12/2021  12:05:21,409358;1,141652E+0;1,044459E+1;1,631739E-2;1,160602E+0;;
02/12/2021  12:05:21,409458;1,140806E+0;1,044459E+1;1,663332E-2;1,160364E+0;;
02/12/2021  12:05:21,409558;1,139229E+0;1,044459E+1;9,050951E-3;1,160098E+0;;
02/12/2021  12:05:21,409658;1,139548E+0;1,044459E+1;1,694925E-2;1,159804E+0;;
02/12/2021  12:05:21,409758;1,139647E+0;1,044459E+1;1,536959E-2;1,159485E+0;;
02/12/2021  12:05:21,409858;1,139077E+0;1,044459E+1;1,568552E-2;1,159139E+0;;
02/12/2021  12:05:21,409958;1,138892E+0;1,044459E+1;1,947671E-2;1,158769E+0;;
02/12/2021  12:05:21,410058;1,138887E+0;1,044459E+1;1,568552E-2;1,158375E+0;;
02/12/2021  12:05:21,410158;1,139596E+0;1,044459E+1;1,189434E-2;1,157958E+0;;
02/12/2021  12:05:21,410258;1,140511E+0;1,044459E+1;1,505366E-2;1,157521E+0;;
02/12/2021  12:05:21,410358;1,140204E+0;1,044459E+1;1,631739E-2;1,157063E+0;;
02/12/2021  12:05:21,410458;1,140058E+0;1,044459E+1;1,631739E-2;1,156588E+0;;
02/12/2021  12:05:21,410558;1,140323E+0;1,044459E+1;1,536959E-2;1,156097E+0;;
02/12/2021  12:05:21,410658;1,141050E+0;1,044459E+1;1,031468E-2;1,155592E+0;;
02/12/2021  12:05:21,410758;1,142090E+0;1,044459E+1;1,568552E-2;1,155074E+0;;
02/12/2021  12:05:21,410858;1,142418E+0;1,044459E+1;1,378993E-2;1,154546E+0;;
02/12/2021  12:05:21,410958;1,142216E+0;1,044459E+1;1,726518E-2;1,154009E+0;;
02/12/2021  12:05:21,411058;1,141900E+0;1,044459E+1;1,726518E-2;1,153467E+0;;
02/12/2021  12:05:21,411158;1,142925E+0;1,044459E+1;1,694925E-2;1,152921E+0;;
02/12/2021  12:05:21,411258;1,143747E+0;1,044459E+1;1,821298E-2;1,152373E+0;;
02/12/2021  12:05:21,411358;1,143434E+0;1,044459E+1;1,789705E-2;1,151825E+0;;
02/12/2021  12:05:21,411458;1,142725E+0;1,044459E+1;1,473773E-2;1,151279E+0;;
02/12/2021  12:05:21,411558;1,142978E+0;1,044459E+1;1,536959E-2;1,150737E+0;;
02/12/2021  12:05:21,411658;1,143253E+0;1,044459E+1;1,916077E-2;1,150201E+0;;
02/12/2021  12:05:21,411758;1,143977E+0;1,044459E+1;1,663332E-2;1,149672E+0;;
02/12/2021  12:05:21,411858;1,144475E+0;1,044459E+1;1,694925E-2;1,149153E+0;;
02/12/2021  12:05:21,411958;1,144388E+0;1,044459E+1;1,852891E-2;1,148643E+0;;
02/12/2021  12:05:21,412058;1,145130E+0;1,044459E+1;1,631739E-2;1,148146E+0;;
02/12/2021  12:05:21,412158;1,146644E+0;1,044459E+1;1,947671E-2;1,147662E+0;;
02/12/2021  12:05:21,412258;1,147371E+0;1,044459E+1;1,663332E-2;1,147193E+0;;
02/12/2021  12:05:21,412358;1,147836E+0;1,044459E+1;1,821298E-2;1,146741E+0;;
02/12/2021  12:05:21,412458;1,148146E+0;1,044459E+1;1,884484E-2;1,146306E+0;;
02/12/2021  12:05:21,412558;1,148724E+0;1,044459E+1;1,726518E-2;1,145891E+0;;
02/12/2021  12:05:21,412658;1,150542E+0;1,044459E+1;1,758111E-2;1,145498E+0;;
02/12/2021  12:05:21,412758;1,150852E+0;1,044459E+1;1,821298E-2;1,145126E+0;;
02/12/2021  12:05:21,412858;1,152194E+0;1,044459E+1;2,010857E-2;1,144778E+0;;
02/12/2021  12:05:21,412958;1,152098E+0;1,044459E+1;1,947671E-2;1,144455E+0;;
02/12/2021  12:05:21,413058;1,153106E+0;1,044459E+1;1,726518E-2;1,144158E+0;;
02/12/2021  12:05:21,413158;1,155502E+0;1,044459E+1;1,758111E-2;1,143888E+0;;
02/12/2021  12:05:21,413258;1,155847E+0;1,044459E+1;1,726518E-2;1,143647E+0;;
02/12/2021  12:05:21,413358;1,155895E+0;1,044459E+1;1,884484E-2;1,143435E+0;;
02/12/2021  12:05:21,413458;1,156247E+0;1,044459E+1;1,821298E-2;1,143254E+0;;
02/12/2021  12:05:21,413558;1,157084E+0;1,044459E+1;1,568552E-2;1,143104E+0;;
02/12/2021  12:05:21,413658;1,158387E+0;1,044459E+1;1,663332E-2;1,142986E+0;;
02/12/2021  12:05:21,413758;1,158956E+0;1,044459E+1;1,884484E-2;1,142900E+0;;
02/12/2021  12:05:21,413858;1,158756E+0;1,044459E+1;1,884484E-2;1,142847E+0;;
02/12/2021  12:05:21,413958;1,159206E+0;1,044459E+1;1,315807E-2;1,142828E+0;;
02/12/2021  12:05:21,414058;1,160538E+0;1,044459E+1;1,884484E-2;1,142841E+0;;
02/12/2021  12:05:21,414158;1,161424E+0;1,044459E+1;1,663332E-2;1,142887E+0;;
02/12/2021  12:05:21,414258;1,162625E+0;1,044459E+1;1,758111E-2;1,142967E+0;;
02/12/2021  12:05:21,414358;1,162362E+0;1,044459E+1;1,758111E-2;1,143079E+0;;
02/12/2021  12:05:21,414458;1,162181E+0;1,044459E+1;1,663332E-2;1,143224E+0;;
02/12/2021  12:05:21,414558;1,163492E+0;1,044459E+1;1,347400E-2;1,143401E+0;;
02/12/2021  12:05:21,414658;1,164371E+0;1,044459E+1;1,378993E-2;1,143611E+0;;
02/12/2021  12:05:21,414758;1,164475E+0;1,044459E+1;1,852891E-2;1,143851E+0;;
02/12/2021  12:05:21,414858;1,164314E+0;1,044459E+1;1,884484E-2;1,144122E+0;;
02/12/2021  12:05:21,414958;1,164952E+0;1,044459E+1;1,694925E-2;1,144422E+0;;
02/12/2021  12:05:21,415058;1,165733E+0;1,044459E+1;1,663332E-2;1,144752E+0;;
02/12/2021  12:05:21,415158;1,166448E+0;1,044459E+1;1,916077E-2;1,145109E+0;;
02/12/2021  12:05:21,415258;1,166538E+0;1,044459E+1;1,347400E-2;1,145492E+0;;
02/12/2021  12:05:21,415358;1,165736E+0;1,044459E+1;1,947671E-2;1,145902E+0;;
02/12/2021  12:05:21,415458;1,164908E+0;1,044459E+1;1,884484E-2;1,146335E+0;;
02/12/2021  12:05:21,415558;1,165495E+0;1,044459E+1;2,010857E-2;1,146791E+0;;
02/12/2021  12:05:21,415658;1,166222E+0;1,044459E+1;1,505366E-2;1,147269E+0;;
02/12/2021  12:05:21,415758;1,166079E+0;1,044459E+1;1,568552E-2;1,147765E+0;;
02/12/2021  12:05:21,415858;1,165265E+0;1,044459E+1;4,311971E-3;1,148280E+0;;
02/12/2021  12:05:21,415958;1,165209E+0;1,044459E+1;8,103155E-3;1,148810E+0;;
02/12/2021  12:05:21,416058;1,166129E+0;1,044459E+1;1,347400E-2;1,149355E+0;;
02/12/2021  12:05:21,416158;1,166764E+0;1,044459E+1;9,366883E-3;1,149911E+0;;
02/12/2021  12:05:21,416258;1,166344E+0;1,044459E+1;5,575699E-3;1,150478E+0;;
02/12/2021  12:05:21,416358;1,165197E+0;1,044459E+1;4,311971E-3;1,151054E+0;;
02/12/2021  12:05:21,416458;1,165331E+0;1,044459E+1;1,157841E-2;1,151638E+0;;
02/12/2021  12:05:21,416558;1,166270E+0;1,044459E+1;6,839427E-3;1,152226E+0;;
02/12/2021  12:05:21,416658;1,166082E+0;1,044459E+1;3,048243E-3;1,152817E+0;;
02/12/2021  12:05:21,416758;1,165992E+0;1,044459E+1;3,048243E-3;1,153411E+0;;
02/12/2021  12:05:21,416858;1,165244E+0;1,044459E+1;4,943835E-3;1,154005E+0;;
02/12/2021  12:05:21,416958;1,165200E+0;1,044459E+1;5,575699E-3;1,154597E+0;;
02/12/2021  12:05:21,417058;1,165802E+0;1,044459E+1;8,735019E-3;1,155186E+0;;
02/12/2021  12:05:21,417158;1,165790E+0;1,044459E+1;4,311971E-3;1,155770E+0;;
02/12/2021  12:05:21,417258;1,165441E+0;1,044459E+1;3,364175E-3;1,156349E+0;;
02/12/2021  12:05:21,417358;1,163987E+0;1,044459E+1;3,048243E-3;1,156920E+0;;
02/12/2021  12:05:21,417458;1,164103E+0;1,044459E+1;3,364175E-3;1,157482E+0;;
02/12/2021  12:05:21,417558;1,164079E+0;1,044459E+1;3,364175E-3;1,158034E+0;;
02/12/2021  12:05:21,417658;1,163194E+0;1,044459E+1;3,996039E-3;1,158574E+0;;
02/12/2021  12:05:21,417758;1,162893E+0;1,044459E+1;3,364175E-3;1,159100E+0;;
02/12/2021  12:05:21,417858;1,161230E+0;1,044459E+1;1,252620E-2;1,159612E+0;;
02/12/2021  12:05:21,417958;1,161120E+0;1,044459E+1;3,680107E-3;1,160109E+0;;
02/12/2021  12:05:21,418058;1,161605E+0;1,044459E+1;3,048243E-3;1,160587E+0;;
02/12/2021  12:05:21,418158;1,160372E+0;1,044459E+1;3,048243E-3;1,161047E+0;;
02/12/2021  12:05:21,418258;1,159385E+0;1,044459E+1;3,048243E-3;1,161487E+0;;
02/12/2021  12:05:21,418358;1,157576E+0;1,044459E+1;3,364175E-3;1,161906E+0;;
02/12/2021  12:05:21,418458;1,157123E+0;1,044459E+1;3,680107E-3;1,162303E+0;;
02/12/2021  12:05:21,418558;1,156590E+0;1,044459E+1;3,680107E-3;1,162675E+0;;
02/12/2021  12:05:21,418658;1,155520E+0;1,044459E+1;3,996039E-3;1,163023E+0;;
02/12/2021  12:05:21,418758;1,153421E+0;1,044459E+1;3,996039E-3;1,163343E+0;;
02/12/2021  12:05:21,418858;1,151699E+0;1,044459E+1;4,311971E-3;1,163637E+0;;
02/12/2021  12:05:21,418958;1,152051E+0;1,044459E+1;3,680107E-3;1,163901E+0;;
02/12/2021  12:05:21,419058;1,150998E+0;1,044459E+1;4,627903E-3;1,164135E+0;;
02/12/2021  12:05:21,419158;1,149809E+0;1,044459E+1;4,627903E-3;1,164337E+0;;
02/12/2021  12:05:21,419258;1,148000E+0;1,044459E+1;3,364175E-3;1,164507E+0;;
02/12/2021  12:05:21,419358;1,145336E+0;1,044459E+1;3,680107E-3;1,164643E+0;;
02/12/2021  12:05:21,419458;1,144311E+0;1,044459E+1;3,364175E-3;1,164745E+0;;
02/12/2021  12:05:21,419558;1,143110E+0;1,044459E+1;5,575699E-3;1,164810E+0;;
02/12/2021  12:05:21,419658;1,140934E+0;1,044459E+1;3,680107E-3;1,164838E+0;;
02/12/2021  12:05:21,419758;1,138514E+0;1,044459E+1;4,311971E-3;1,164828E+0;;
02/12/2021  12:05:21,419858;1,136538E+0;1,044459E+1;1,284213E-2;1,164779E+0;;
02/12/2021  12:05:21,419958;1,135167E+0;1,044459E+1;1,694925E-2;1,164688E+0;;
02/12/2021  12:05:21,420058;1,134041E+0;1,044459E+1;1,852891E-2;1,164555E+0;;
02/12/2021  12:05:21,420158;1,131826E+0;1,044459E+1;1,410586E-2;1,164379E+0;;
02/12/2021  12:05:21,420258;1,129522E+0;1,044459E+1;1,189434E-2;1,164159E+0;;
02/12/2021  12:05:21,420358;1,126524E+0;1,044459E+1;1,473773E-2;1,163894E+0;;
02/12/2021  12:05:21,420458;1,125207E+0;1,044459E+1;1,916077E-2;1,163583E+0;;
02/12/2021  12:05:21,420558;1,123100E+0;1,044459E+1;1,347400E-2;1,163224E+0;;
02/12/2021  12:05:21,420658;1,121178E+0;1,044459E+1;1,663332E-2;1,162817E+0;;
02/12/2021  12:05:21,420758;1,118275E+0;1,044459E+1;1,473773E-2;1,162362E+0;;
02/12/2021  12:05:21,420858;1,115473E+0;1,044459E+1;1,852891E-2;1,161856E+0;;
02/12/2021  12:05:21,420958;1,114457E+0;1,044459E+1;1,947671E-2;1,161299E+0;;
02/12/2021  12:05:21,421058;1,113074E+0;1,044459E+1;1,473773E-2;1,160691E+0;;
02/12/2021  12:05:21,421158;1,110565E+0;1,044459E+1;1,600145E-2;1,160032E+0;;
02/12/2021  12:05:21,421258;1,107462E+0;1,044459E+1;1,221027E-2;1,159320E+0;;
02/12/2021  12:05:21,421358;1,105185E+0;1,044459E+1;1,789705E-2;1,158555E+0;;
02/12/2021  12:05:21,421458;1,103510E+0;1,044459E+1;1,600145E-2;1,157737E+0;;
02/12/2021  12:05:21,421558;1,101999E+0;1,044459E+1;1,852891E-2;1,156867E+0;;
02/12/2021  12:05:21,421658;1,098992E+0;1,044459E+1;1,758111E-2;1,155943E+0;;
02/12/2021  12:05:21,421758;1,096772E+0;1,044459E+1;1,378993E-2;1,154966E+0;;
02/12/2021  12:05:21,421858;1,094441E+0;1,044459E+1;1,916077E-2;1,153936E+0;;
02/12/2021  12:05:21,421958;1,093356E+0;1,044459E+1;1,852891E-2;1,152853E+0;;
02/12/2021  12:05:21,422058;1,091869E+0;1,044459E+1;1,852891E-2;1,151718E+0;;
02/12/2021  12:05:21,422158;1,089563E+0;1,044459E+1;1,726518E-2;1,150531E+0;;
02/12/2021  12:05:21,422258;1,086821E+0;1,044459E+1;1,505366E-2;1,149293E+0;;
02/12/2021  12:05:21,422358;1,084791E+0;1,044459E+1;1,947671E-2;1,148006E+0;;
02/12/2021  12:05:21,422458;1,084052E+0;1,044459E+1;1,189434E-2;1,146669E+0;;
02/12/2021  12:05:21,422558;1,082356E+0;1,044459E+1;1,758111E-2;1,145284E+0;;
02/12/2021  12:05:21,422658;1,080428E+0;1,044459E+1;1,631739E-2;1,143852E+0;;
02/12/2021  12:05:21,422758;1,078226E+0;1,044459E+1;1,442179E-2;1,142374E+0;;
02/12/2021  12:05:21,422858;1,077370E+0;1,044459E+1;1,821298E-2;1,140853E+0;;
02/12/2021  12:05:21,422958;1,076533E+0;1,044459E+1;1,315807E-2;1,139289E+0;;
02/12/2021  12:05:21,423058;1,074798E+0;1,044459E+1;1,568552E-2;1,137685E+0;;
02/12/2021  12:05:21,423158;1,072876E+0;1,044459E+1;1,600145E-2;1,136042E+0;;
02/12/2021  12:05:21,423258;1,070861E+0;1,044459E+1;1,821298E-2;1,134363E+0;;
02/12/2021  12:05:21,423358;1,069210E+0;1,044459E+1;1,789705E-2;1,132650E+0;;
02/12/2021  12:05:21,423458;1,068668E+0;1,044459E+1;1,221027E-2;1,130904E+0;;
02/12/2021  12:05:21,423558;1,067631E+0;1,044459E+1;1,821298E-2;1,129128E+0;;
02/12/2021  12:05:21,423658;1,066131E+0;1,044459E+1;1,758111E-2;1,127324E+0;;
02/12/2021  12:05:21,423758;1,064483E+0;1,044459E+1;1,789705E-2;1,125494E+0;;
02/12/2021  12:05:21,423858;1,063968E+0;1,044459E+1;1,789705E-2;1,123641E+0;;
02/12/2021  12:05:21,423958;1,063339E+0;1,044459E+1;1,821298E-2;1,121768E+0;;
02/12/2021  12:05:21,424058;1,062704E+0;1,044459E+1;1,600145E-2;1,119876E+0;;
02/12/2021  12:05:21,424158;1,061929E+0;1,044459E+1;1,821298E-2;1,117969E+0;;
02/12/2021  12:05:21,424258;1,060925E+0;1,044459E+1;1,852891E-2;1,116048E+0;;
02/12/2021  12:05:21,424358;1,060463E+0;1,044459E+1;1,663332E-2;1,114119E+0;;
02/12/2021  12:05:21,424458;1,061139E+0;1,044459E+1;1,852891E-2;1,112182E+0;;
02/12/2021  12:05:21,424558;1,060144E+0;1,044459E+1;1,694925E-2;1,110240E+0;;
02/12/2021  12:05:21,424658;1,059262E+0;1,044459E+1;1,916077E-2;1,108298E+0;;
02/12/2021  12:05:21,424758;1,058633E+0;1,044459E+1;1,694925E-2;1,106358E+0;;
02/12/2021  12:05:21,424858;1,058773E+0;1,044459E+1;1,884484E-2;1,104423E+0;;
02/12/2021  12:05:21,424958;1,059336E+0;1,044459E+1;1,663332E-2;1,102495E+0;;
02/12/2021  12:05:21,425058;1,059253E+0;1,044459E+1;1,852891E-2;1,100579E+0;;
02/12/2021  12:05:21,425158;1,058398E+0;1,044459E+1;1,758111E-2;1,098676E+0;;
02/12/2021  12:05:21,425258;1,057402E+0;1,044459E+1;1,821298E-2;1,096790E+0;;
02/12/2021  12:05:21,425358;1,057426E+0;1,044459E+1;1,600145E-2;1,094924E+0;;
02/12/2021  12:05:21,425458;1,057855E+0;1,044459E+1;1,568552E-2;1,093079E+0;;
02/12/2021  12:05:21,425558;1,057602E+0;1,044459E+1;1,758111E-2;1,091260E+0;;
02/12/2021  12:05:21,425658;1,056797E+0;1,044459E+1;1,158360E-1;1,089468E+0;;
02/12/2021  12:05:21,425758;1,056413E+0;1,044459E+1;2,295196E-2;1,087705E+0;;
02/12/2021  12:05:21,425858;1,057423E+0;1,044459E+1;2,168823E-2;1,085974E+0;;
02/12/2021  12:05:21,425958;1,057897E+0;1,044459E+1;1,916077E-2;1,084277E+0;;
02/12/2021  12:05:21,426058;1,057524E+0;1,044459E+1;7,697633E-2;1,082616E+0;;
02/12/2021  12:05:21,426158;1,057518E+0;1,044459E+1;1,085695E-1;1,080994E+0;;
02/12/2021  12:05:21,426258;1,057343E+0;1,044459E+1;1,758111E-2;1,079411E+0;;
02/12/2021  12:05:21,426358;1,058150E+0;1,044459E+1;1,852891E-2;1,077870E+0;;
02/12/2021  12:05:21,426458;1,059146E+0;1,044459E+1;1,789705E-2;1,076372E+0;;
02/12/2021  12:05:21,426558;1,059158E+0;1,044459E+1;1,758111E-2;1,074920E+0;;
02/12/2021  12:05:21,426658;1,058949E+0;1,044459E+1;2,579535E-2;1,073514E+0;;
02/12/2021  12:05:21,426758;1,059426E+0;1,044459E+1;1,916077E-2;1,072156E+0;;
02/12/2021  12:05:21,426858;1,061050E+0;1,044459E+1;1,726518E-2;1,070847E+0;;
02/12/2021  12:05:21,426958;1,061697E+0;1,044459E+1;1,022509E-1;1,069589E+0;;
02/12/2021  12:05:21,427058;1,062120E+0;1,044459E+1;2,042450E-2;1,068383E+0;;
02/12/2021  12:05:21,427158;1,062144E+0;1,044459E+1;1,663332E-2;1,067229E+0;;
02/12/2021  12:05:21,427258;1,062773E+0;1,044459E+1;4,222381E-2;1,066130E+0;;
02/12/2021  12:05:21,427358;1,063708E+0;1,044459E+1;2,326789E-2;1,065086E+0;;
02/12/2021  12:05:21,427458;1,065073E+0;1,044459E+1;1,694925E-2;1,064097E+0;;
02/12/2021  12:05:21,427558;1,065944E+0;1,044459E+1;8,834988E-2;1,063164E+0;;
02/12/2021  12:05:21,427658;1,066507E+0;1,044459E+1;1,947671E-2;1,062288E+0;;
02/12/2021  12:05:21,427758;1,068042E+0;1,044459E+1;3,464144E-2;1,061470E+0;;
02/12/2021  12:05:21,427858;1,070101E+0;1,044459E+1;1,050943E-1;1,060710E+0;;
02/12/2021  12:05:21,427958;1,071353E+0;1,044459E+1;1,473773E-2;1,060009E+0;;
02/12/2021  12:05:21,428058;1,072634E+0;1,044459E+1;1,884484E-2;1,059367E+0;;
02/12/2021  12:05:21,428158;1,073028E+0;1,044459E+1;2,042450E-2;1,058785E+0;;
02/12/2021  12:05:21,428258;1,075320E+0;1,044459E+1;1,082536E-1;1,058264E+0;;
02/12/2021  12:05:21,428358;1,077606E+0;1,044459E+1;1,631739E-2;1,057804E+0;;
02/12/2021  12:05:21,428458;1,078923E+0;1,044459E+1;1,821298E-2;1,057405E+0;;
02/12/2021  12:05:21,428558;1,080309E+0;1,044459E+1;1,852891E-2;1,057067E+0;;
02/12/2021  12:05:21,428658;1,081203E+0;1,044459E+1;6,781430E-2;1,056793E+0;;
02/12/2021  12:05:21,428758;1,083337E+0;1,044459E+1;1,821298E-2;1,056580E+0;;
02/12/2021  12:05:21,428858;1,085030E+0;1,044459E+1;1,378993E-2;1,056431E+0;;
02/12/2021  12:05:21,428958;1,086067E+0;1,044459E+1;1,694925E-2;1,056344E+0;;
02/12/2021  12:05:21,429058;1,087107E+0;1,044459E+1;1,726518E-2;1,056320E+0;;
02/12/2021  12:05:21,429158;1,086630E+0;1,044459E+1;1,631739E-2;1,056359E+0;;
02/12/2021  12:05:21,429258;1,088215E+0;1,044459E+1;1,631739E-2;1,056460E+0;;
02/12/2021  12:05:21,429358;1,089104E+0;1,044459E+1;1,473773E-2;1,056622E+0;;
02/12/2021  12:05:21,429458;1,089893E+0;1,044459E+1;1,884484E-2;1,056844E+0;;
02/12/2021  12:05:21,429558;1,090340E+0;1,044459E+1;1,694925E-2;1,057126E+0;;
02/12/2021  12:05:21,429658;1,091211E+0;1,044459E+1;1,536959E-2;1,057465E+0;;
02/12/2021  12:05:21,429758;1,093124E+0;1,044459E+1;1,947671E-2;1,057861E+0;;
02/12/2021  12:05:21,429858;1,094406E+0;1,044459E+1;1,694925E-2;1,058311E+0;;
02/12/2021  12:05:21,429958;1,095517E+0;1,044459E+1;1,631739E-2;1,058815E+0;;
02/12/2021  12:05:21,430058;1,095949E+0;1,044459E+1;1,126247E-2;1,059370E+0;;
02/12/2021  12:05:21,430158;1,097213E+0;1,044459E+1;1,631739E-2;1,059976E+0;;
02/12/2021  12:05:21,430258;1,098426E+0;1,044459E+1;1,473773E-2;1,060629E+0;;
02/12/2021  12:05:21,430358;1,099949E+0;1,044459E+1;1,536959E-2;1,061329E+0;;
02/12/2021  12:05:21,430458;1,101940E+0;1,044459E+1;1,694925E-2;1,062074E+0;;
02/12/2021  12:05:21,430558;1,101400E+0;1,044459E+1;1,284213E-2;1,062862E+0;;
02/12/2021  12:05:21,430658;1,103186E+0;1,044459E+1;1,631739E-2;1,063691E+0;;
02/12/2021  12:05:21,430758;1,104452E+0;1,044459E+1;1,442179E-2;1,064559E+0;;
02/12/2021  12:05:21,430858;1,106127E+0;1,044459E+1;1,631739E-2;1,065465E+0;;
02/12/2021  12:05:21,430958;1,106753E+0;1,044459E+1;1,726518E-2;1,066407E+0;;
02/12/2021  12:05:21,431058;1,106455E+0;1,044459E+1;9,050951E-3;1,067382E+0;;
02/12/2021  12:05:21,431158;1,107009E+0;1,044459E+1;1,852891E-2;1,068389E+0;;
02/12/2021  12:05:21,431258;1,108338E+0;1,044459E+1;1,726518E-2;1,069426E+0;;
02/12/2021  12:05:21,431358;1,108663E+0;1,044459E+1;1,884484E-2;1,070491E+0;;
02/12/2021  12:05:21,431458;1,109772E+0;1,044459E+1;2,042450E-2;1,071581E+0;;
02/12/2021  12:05:21,431558;1,109456E+0;1,044459E+1;1,063061E-2;1,072695E+0;;
02/12/2021  12:05:21,431658;1,110043E+0;1,044459E+1;2,137230E-2;1,073829E+0;;
02/12/2021  12:05:21,431758;1,112094E+0;1,044459E+1;1,442179E-2;1,074982E+0;;
02/12/2021  12:05:21,431858;1,112311E+0;1,044459E+1;1,789705E-2;1,076151E+0;;
02/12/2021  12:05:21,431958;1,113214E+0;1,044459E+1;1,726518E-2;1,077335E+0;;
02/12/2021  12:05:21,432058;1,113924E+0;1,044459E+1;1,536959E-2;1,078531E+0;;
02/12/2021  12:05:21,432158;1,114776E+0;1,044459E+1;1,315807E-2;1,079737E+0;;
02/12/2021  12:05:21,432258;1,116341E+0;1,044459E+1;9,682815E-3;1,080951E+0;;
02/12/2021  12:05:21,432358;1,118054E+0;1,044459E+1;1,157841E-2;1,082172E+0;;
02/12/2021  12:05:21,432458;1,118972E+0;1,044459E+1;1,505366E-2;1,083398E+0;;
02/12/2021  12:05:21,432558;1,119971E+0;1,044459E+1;1,252620E-2;1,084628E+0;;
02/12/2021  12:05:21,432658;1,121464E+0;1,044459E+1;1,821298E-2;1,085860E+0;;
02/12/2021  12:05:21,432758;1,123070E+0;1,044459E+1;1,821298E-2;1,087093E+0;;
02/12/2021  12:05:21,432858;1,124566E+0;1,044459E+1;1,821298E-2;1,088327E+0;;
02/12/2021  12:05:21,432958;1,125413E+0;1,044459E+1;2,042450E-2;1,089560E+0;;
02/12/2021  12:05:21,433058;1,125121E+0;1,044459E+1;1,789705E-2;1,090791E+0;;
02/12/2021  12:05:21,433158;1,126271E+0;1,044459E+1;1,789705E-2;1,092021E+0;;
02/12/2021  12:05:21,433258;1,127162E+0;1,044459E+1;2,295196E-2;1,093248E+0;;
02/12/2021  12:05:21,433358;1,127845E+0;1,044459E+1;1,979264E-2;1,094471E+0;;
02/12/2021  12:05:21,433458;1,127698E+0;1,044459E+1;1,852891E-2;1,095690E+0;;
02/12/2021  12:05:21,433558;1,127523E+0;1,044459E+1;1,726518E-2;1,096903E+0;;
02/12/2021  12:05:21,433658;1,129105E+0;1,044459E+1;1,916077E-2;1,098109E+0;;
02/12/2021  12:05:21,433758;1,129698E+0;1,044459E+1;1,947671E-2;1,099309E+0;;
02/12/2021  12:05:21,433858;1,130267E+0;1,044459E+1;1,821298E-2;1,100500E+0;;
02/12/2021  12:05:21,433958;1,130408E+0;1,044459E+1;1,884484E-2;1,101681E+0;;
02/12/2021  12:05:21,434058;1,130324E+0;1,044459E+1;1,663332E-2;1,102853E+0;;
02/12/2021  12:05:21,434158;1,131156E+0;1,044459E+1;1,789705E-2;1,104014E+0;;
02/12/2021  12:05:21,434258;1,131913E+0;1,044459E+1;1,726518E-2;1,105162E+0;;
02/12/2021  12:05:21,434358;1,132384E+0;1,044459E+1;1,884484E-2;1,106298E+0;;
02/12/2021  12:05:21,434458;1,132488E+0;1,044459E+1;1,758111E-2;1,107421E+0;;
02/12/2021  12:05:21,434558;1,132428E+0;1,044459E+1;1,505366E-2;1,108529E+0;;
02/12/2021  12:05:21,434658;1,134252E+0;1,044459E+1;1,852891E-2;1,109622E+0;;
02/12/2021  12:05:21,434758;1,135003E+0;1,044459E+1;1,789705E-2;1,110699E+0;;
02/12/2021  12:05:21,434858;1,135784E+0;1,044459E+1;2,074043E-2;1,111760E+0;;
02/12/2021  12:05:21,434958;1,135337E+0;1,044459E+1;1,726518E-2;1,112805E+0;;
02/12/2021  12:05:21,435058;1,134768E+0;1,044459E+1;1,884484E-2;1,113832E+0;;
02/12/2021  12:05:21,435158;1,135951E+0;1,044459E+1;1,916077E-2;1,114842E+0;;
02/12/2021  12:05:21,435258;1,136556E+0;1,044459E+1;1,758111E-2;1,115834E+0;;
02/12/2021  12:05:21,435358;1,136496E+0;1,044459E+1;2,010857E-2;1,116808E+0;;
02/12/2021  12:05:21,435458;1,136744E+0;1,044459E+1;1,947671E-2;1,117763E+0;;
02/12/2021  12:05:21,435558;1,137185E+0;1,044459E+1;1,758111E-2;1,118699E+0;;
02/12/2021  12:05:21,435658;1,138135E+0;1,044459E+1;1,758111E-2;1,119616E+0;;
02/12/2021  12:05:21,435758;1,139256E+0;1,044459E+1;1,600145E-2;1,120513E+0;;
02/12/2021  12:05:21,435858;1,139518E+0;1,044459E+1;4,311971E-3;1,121390E+0;;
02/12/2021  12:05:21,435958;1,139590E+0;1,044459E+1;1,221027E-2;1,122248E+0;;
02/12/2021  12:05:21,436058;1,140517E+0;1,044459E+1;1,568552E-2;1,123086E+0;;
02/12/2021  12:05:21,436158;1,141926E+0;1,044459E+1;1,473773E-2;1,123906E+0;;
02/12/2021  12:05:21,436258;1,142564E+0;1,044459E+1;3,364175E-3;1,124706E+0;;
02/12/2021  12:05:21,436358;1,143065E+0;1,044459E+1;3,048243E-3;1,125488E+0;;
02/12/2021  12:05:21,436458;1,143342E+0;1,044459E+1;4,311971E-3;1,126252E+0;;
02/12/2021  12:05:21,436558;1,144063E+0;1,044459E+1;1,063061E-2;1,126998E+0;;
02/12/2021  12:05:21,436658;1,146471E+0;1,044459E+1;4,311971E-3;1,127728E+0;;
02/12/2021  12:05:21,436758;1,147130E+0;1,044459E+1;4,311971E-3;1,128441E+0;;
02/12/2021  12:05:21,436858;1,147711E+0;1,044459E+1;3,680107E-3;1,129139E+0;;
02/12/2021  12:05:21,436958;1,148400E+0;1,044459E+1;3,996039E-3;1,129823E+0;;
02/12/2021  12:05:21,437058;1,149028E+0;1,044459E+1;3,364175E-3;1,130494E+0;;
02/12/2021  12:05:21,437158;1,151413E+0;1,044459E+1;3,996039E-3;1,131152E+0;;
02/12/2021  12:05:21,437258;1,152554E+0;1,044459E+1;3,680107E-3;1,131799E+0;;
02/12/2021  12:05:21,437358;1,153699E+0;1,044459E+1;3,364175E-3;1,132436E+0;;
02/12/2021  12:05:21,437458;1,154074E+0;1,044459E+1;3,680107E-3;1,133065E+0;;
02/12/2021  12:05:21,437558;1,156080E+0;1,044459E+1;3,680107E-3;1,133686E+0;;
02/12/2021  12:05:21,437658;1,158261E+0;1,044459E+1;3,364175E-3;1,134301E+0;;
02/12/2021  12:05:21,437758;1,159865E+0;1,044459E+1;3,364175E-3;1,134912E+0;;
02/12/2021  12:05:21,437858;1,161149E+0;1,044459E+1;3,680107E-3;1,135520E+0;;
02/12/2021  12:05:21,437958;1,162285E+0;1,044459E+1;3,680107E-3;1,136127E+0;;
02/12/2021  12:05:21,438058;1,164335E+0;1,044459E+1;3,680107E-3;1,136734E+0;;
02/12/2021  12:05:21,438158;1,165781E+0;1,044459E+1;3,680107E-3;1,137344E+0;;
02/12/2021  12:05:21,438258;1,166818E+0;1,044459E+1;3,364175E-3;1,137958E+0;;
02/12/2021  12:05:21,438358;1,168260E+0;1,044459E+1;3,680107E-3;1,138577E+0;;
02/12/2021  12:05:21,438458;1,169029E+0;1,044459E+1;3,048243E-3;1,139204E+0;;
02/12/2021  12:05:21,438558;1,171363E+0;1,044459E+1;3,680107E-3;1,139840E+0;;
02/12/2021  12:05:21,438658;1,173181E+0;1,044459E+1;3,996039E-3;1,140485E+0;;
02/12/2021  12:05:21,438758;1,174963E+0;1,044459E+1;3,364175E-3;1,141142E+0;;
02/12/2021  12:05:21,438858;1,175508E+0;1,044459E+1;3,364175E-3;1,141813E+0;;
02/12/2021  12:05:21,438958;1,175678E+0;1,044459E+1;3,680107E-3;1,142497E+0;;
02/12/2021  12:05:21,439058;1,177982E+0;1,044459E+1;3,680107E-3;1,143198E+0;;
02/12/2021  12:05:21,439158;1,179892E+0;1,044459E+1;3,364175E-3;1,143914E+0;;
02/12/2021  12:05:21,439258;1,181174E+0;1,044459E+1;3,996039E-3;1,144648E+0;;
02/12/2021  12:05:21,439358;1,182423E+0;1,044459E+1;3,996039E-3;1,145400E+0;;
02/12/2021  12:05:21,439458;1,184005E+0;1,044459E+1;3,680107E-3;1,146172E+0;;
02/12/2021  12:05:21,439558;1,185478E+0;1,044459E+1;6,207563E-3;1,146963E+0;;
02/12/2021  12:05:21,439658;1,187719E+0;1,044459E+1;5,575699E-3;1,147775E+0;;
02/12/2021  12:05:21,439758;1,189733E+0;1,044459E+1;6,523495E-3;1,148608E+0;;
02/12/2021  12:05:21,439858;1,190586E+0;1,044459E+1;7,471291E-3;1,149463E+0;;
02/12/2021  12:05:21,439958;1,192314E+0;1,044459E+1;1,694925E-2;1,150341E+0;;
02/12/2021  12:05:21,440058;1,194442E+0;1,044459E+1;8,419087E-3;1,151242E+0;;
02/12/2021  12:05:21,440158;1,196168E+0;1,044459E+1;1,378993E-2;1,152167E+0;;
02/12/2021  12:05:21,440258;1,197265E+0;1,044459E+1;1,094654E-2;1,153116E+0;;
02/12/2021  12:05:21,440358;1,198054E+0;1,044459E+1;1,631739E-2;1,154089E+0;;
02/12/2021  12:05:21,440458;1,199929E+0;1,044459E+1;1,758111E-2;1,155087E+0;;
02/12/2021  12:05:21,440558;1,201595E+0;1,044459E+1;8,419087E-3;1,156110E+0;;
02/12/2021  12:05:21,440658;1,203568E+0;1,044459E+1;1,631739E-2;1,157158E+0;;
02/12/2021  12:05:21,440758;1,203941E+0;1,044459E+1;1,568552E-2;1,158230E+0;;
02/12/2021  12:05:21,440858;1,204441E+0;1,044459E+1;1,568552E-2;1,159327E+0;;
02/12/2021  12:05:21,440958;1,205413E+0;1,044459E+1;1,631739E-2;1,160449E+0;;
02/12/2021  12:05:21,441058;1,206465E+0;1,044459E+1;1,221027E-2;1,161593E+0;;
02/12/2021  12:05:21,441158;1,207323E+0;1,044459E+1;1,789705E-2;1,162760E+0;;
02/12/2021  12:05:21,441258;1,208074E+0;1,044459E+1;1,726518E-2;1,163950E+0;;
02/12/2021  12:05:21,441358;1,208432E+0;1,044459E+1;2,800687E-2;1,165159E+0;;
02/12/2021  12:05:21,441458;1,209582E+0;1,044459E+1;1,821298E-2;1,166389E+0;;
02/12/2021  12:05:21,441558;1,210706E+0;1,044459E+1;1,884484E-2;1,167636E+0;;
02/12/2021  12:05:21,441658;1,211651E+0;1,044459E+1;1,821298E-2;1,168900E+0;;
02/12/2021  12:05:21,441758;1,212011E+0;1,044459E+1;1,916077E-2;1,170180E+0;;
02/12/2021  12:05:21,441858;1,212390E+0;1,044459E+1;1,821298E-2;1,171473E+0;;
02/12/2021  12:05:21,441958;1,214202E+0;1,044459E+1;1,884484E-2;1,172779E+0;;
02/12/2021  12:05:21,442058;1,215230E+0;1,044459E+1;1,821298E-2;1,174096E+0;;
02/12/2021  12:05:21,442158;1,215754E+0;1,044459E+1;1,663332E-2;1,175423E+0;;
02/12/2021  12:05:21,442258;1,216649E+0;1,044459E+1;1,600145E-2;1,176757E+0;;
02/12/2021  12:05:21,442358;1,217718E+0;1,044459E+1;1,726518E-2;1,178097E+0;;
02/12/2021  12:05:21,442458;1,218678E+0;1,044459E+1;1,726518E-2;1,179443E+0;;
02/12/2021  12:05:21,442558;1,219709E+0;1,044459E+1;1,568552E-2;1,180793E+0;;
02/12/2021  12:05:21,442658;1,220103E+0;1,044459E+1;1,726518E-2;1,182144E+0;;
02/12/2021  12:05:21,442758;1,220314E+0;1,044459E+1;1,852891E-2;1,183497E+0;;
02/12/2021  12:05:21,442858;1,219781E+0;1,044459E+1;1,663332E-2;1,184849E+0;;
02/12/2021  12:05:21,442958;1,220633E+0;1,044459E+1;1,631739E-2;1,186199E+0;;
02/12/2021  12:05:21,443058;1,220657E+0;1,044459E+1;1,663332E-2;1,187545E+0;;
02/12/2021  12:05:21,443158;1,219837E+0;1,044459E+1;1,694925E-2;1,188886E+0;;
02/12/2021  12:05:21,443258;1,219742E+0;1,044459E+1;1,789705E-2;1,190219E+0;;
02/12/2021  12:05:21,443358;1,219238E+0;1,044459E+1;3,969635E-2;1,191543E+0;;
02/12/2021  12:05:21,443458;1,219325E+0;1,044459E+1;1,789705E-2;1,192856E+0;;
02/12/2021  12:05:21,443558;1,218496E+0;1,044459E+1;1,568552E-2;1,194155E+0;;
02/12/2021  12:05:21,443658;1,218070E+0;1,044459E+1;1,631739E-2;1,195439E+0;;
02/12/2021  12:05:21,443758;1,217155E+0;1,044459E+1;1,505366E-2;1,196705E+0;;
02/12/2021  12:05:21,443858;1,216395E+0;1,044459E+1;1,758111E-2;1,197951E+0;;
02/12/2021  12:05:21,443958;1,216589E+0;1,044459E+1;1,568552E-2;1,199174E+0;;
02/12/2021  12:05:21,444058;1,215737E+0;1,044459E+1;1,631739E-2;1,200373E+0;;
02/12/2021  12:05:21,444158;1,215185E+0;1,044459E+1;1,789705E-2;1,201545E+0;;
02/12/2021  12:05:21,444258;1,213418E+0;1,044459E+1;1,884484E-2;1,202688E+0;;
02/12/2021  12:05:21,444358;1,213609E+0;1,044459E+1;1,536959E-2;1,203800E+0;;
02/12/2021  12:05:21,444458;1,213776E+0;1,044459E+1;1,852891E-2;1,204879E+0;;
02/12/2021  12:05:21,444558;1,213287E+0;1,044459E+1;1,821298E-2;1,205922E+0;;
02/12/2021  12:05:21,444658;1,212244E+0;1,044459E+1;1,979264E-2;1,206928E+0;;
02/12/2021  12:05:21,444758;1,211028E+0;1,044459E+1;2,168823E-2;1,207896E+0;;
02/12/2021  12:05:21,444858;1,210041E+0;1,044459E+1;1,979264E-2;1,208824E+0;;
02/12/2021  12:05:21,444958;1,209302E+0;1,044459E+1;1,505366E-2;1,209710E+0;;
02/12/2021  12:05:21,445058;1,208447E+0;1,044459E+1;2,010857E-2;1,210552E+0;;
02/12/2021  12:05:21,445158;1,206566E+0;1,044459E+1;1,821298E-2;1,211350E+0;;
02/12/2021  12:05:21,445258;1,205267E+0;1,044459E+1;1,663332E-2;1,212101E+0;;
02/12/2021  12:05:21,445358;1,204066E+0;1,044459E+1;1,378993E-2;1,212805E+0;;
02/12/2021  12:05:21,445458;1,203204E+0;1,044459E+1;1,315807E-2;1,213459E+0;;
02/12/2021  12:05:21,445558;1,201765E+0;1,044459E+1;9,050951E-3;1,214063E+0;;
02/12/2021  12:05:21,445658;1,200066E+0;1,044459E+1;1,315807E-2;1,214616E+0;;
02/12/2021  12:05:21,445758;1,198037E+0;1,044459E+1;1,916077E-2;1,215116E+0;;
02/12/2021  12:05:21,445858;1,196800E+0;1,044459E+1;1,884484E-2;1,215562E+0;;
02/12/2021  12:05:21,445958;1,195739E+0;1,044459E+1;1,663332E-2;1,215953E+0;;
02/12/2021  12:05:21,446058;1,194469E+0;1,044459E+1;9,182514E-2;1,216288E+0;;
02/12/2021  12:05:21,446158;1,192416E+0;1,044459E+1;1,025668E-1;1,216566E+0;;
02/12/2021  12:05:21,446258;1,190774E+0;1,044459E+1;2,389975E-2;1,216787E+0;;
02/12/2021  12:05:21,446358;1,189611E+0;1,044459E+1;1,758111E-2;1,216950E+0;;
02/12/2021  12:05:21,446458;1,188649E+0;1,044459E+1;2,958653E-2;1,217054E+0;;
02/12/2021  12:05:21,446558;1,185951E+0;1,044459E+1;1,104651E-1;1,217099E+0;;
02/12/2021  12:05:21,446658;1,183973E+0;1,044459E+1;2,105637E-2;1,217085E+0;;
02/12/2021  12:05:21,446758;1,182315E+0;1,044459E+1;1,789705E-2;1,217011E+0;;
02/12/2021  12:05:21,446858;1,179368E+0;1,044459E+1;1,821298E-2;1,216876E+0;;
02/12/2021  12:05:21,446958;1,177362E+0;1,044459E+1;1,821298E-2;1,216682E+0;;
02/12/2021  12:05:21,447058;1,175401E+0;1,044459E+1;2,516348E-2;1,216426E+0;;
02/12/2021  12:05:21,447158;1,172877E+0;1,044459E+1;2,074043E-2;1,216110E+0;;
02/12/2021  12:05:21,447258;1,170478E+0;1,044459E+1;2,232009E-2;1,215732E+0;;
02/12/2021  12:05:21,447358;1,168564E+0;1,044459E+1;1,473773E-2;1,215293E+0;;
02/12/2021  12:05:21,447458;1,166368E+0;1,044459E+1;1,821298E-2;1,214792E+0;;
02/12/2021  12:05:21,447558;1,164168E+0;1,044459E+1;1,631739E-2;1,214229E+0;;
02/12/2021  12:05:21,447658;1,161388E+0;1,044459E+1;1,189434E-2;1,213604E+0;;
02/12/2021  12:05:21,447758;1,157919E+0;1,044459E+1;4,159195E-2;1,212917E+0;;
02/12/2021  12:05:21,447858;1,156467E+0;1,044459E+1;1,663332E-2;1,212168E+0;;
02/12/2021  12:05:21,447958;1,153943E+0;1,044459E+1;1,758111E-2;1,211358E+0;;
02/12/2021  12:05:21,448058;1,150775E+0;1,044459E+1;1,884484E-2;1,210485E+0;;
02/12/2021  12:05:21,448158;1,149198E+0;1,044459E+1;1,852891E-2;1,209551E+0;;
02/12/2021  12:05:21,448258;1,146403E+0;1,044459E+1;7,981972E-2;1,208555E+0;;
02/12/2021  12:05:21,448358;1,144925E+0;1,044459E+1;1,505366E-2;1,207498E+0;;
02/12/2021  12:05:21,448458;1,142472E+0;1,044459E+1;1,821298E-2;1,206381E+0;;
02/12/2021  12:05:21,448558;1,139933E+0;1,044459E+1;1,821298E-2;1,205203E+0;;
02/12/2021  12:05:21,448658;1,137387E+0;1,044459E+1;2,421569E-2;1,203967E+0;;
02/12/2021  12:05:21,448758;1,134830E+0;1,044459E+1;1,726518E-2;1,202672E+0;;
02/12/2021  12:05:21,448858;1,132670E+0;1,044459E+1;1,694925E-2;1,201320E+0;;
02/12/2021  12:05:21,448958;1,130577E+0;1,044459E+1;1,694925E-2;1,199911E+0;;
02/12/2021  12:05:21,449058;1,128229E+0;1,044459E+1;1,821298E-2;1,198446E+0;;
02/12/2021  12:05:21,449158;1,125451E+0;1,044459E+1;1,852891E-2;1,196927E+0;;
02/12/2021  12:05:21,449258;1,123431E+0;1,044459E+1;1,442179E-2;1,195355E+0;;
02/12/2021  12:05:21,449358;1,121708E+0;1,044459E+1;1,694925E-2;1,193731E+0;;
02/12/2021  12:05:21,449458;1,118951E+0;1,044459E+1;1,884484E-2;1,192056E+0;;
02/12/2021  12:05:21,449558;1,116633E+0;1,044459E+1;1,694925E-2;1,190332E+0;;
02/12/2021  12:05:21,449658;1,113995E+0;1,044459E+1;1,568552E-2;1,188561E+0;;
02/12/2021  12:05:21,449758;1,111700E+0;1,044459E+1;1,157841E-2;1,186743E+0;;
02/12/2021  12:05:21,449858;1,110046E+0;1,044459E+1;1,916077E-2;1,184881E+0;;
02/12/2021  12:05:21,449958;1,107272E+0;1,044459E+1;1,663332E-2;1,182975E+0;;
02/12/2021  12:05:21,450058;1,104780E+0;1,044459E+1;1,821298E-2;1,181029E+0;;
02/12/2021  12:05:21,450158;1,102035E+0;1,044459E+1;1,694925E-2;1,179042E+0;;
02/12/2021  12:05:21,450258;1,100178E+0;1,044459E+1;1,315807E-2;1,177018E+0;;
02/12/2021  12:05:21,450358;1,098417E+0;1,044459E+1;1,568552E-2;1,174956E+0;;
02/12/2021  12:05:21,450458;1,097204E+0;1,044459E+1;1,884484E-2;1,172860E+0;;
02/12/2021  12:05:21,450558;1,094745E+0;1,044459E+1;1,663332E-2;1,170731E+0;;
02/12/2021  12:05:21,450658;1,091771E+0;1,044459E+1;1,568552E-2;1,168572E+0;;
02/12/2021  12:05:21,450758;1,090328E+0;1,044459E+1;1,758111E-2;1,166383E+0;;
02/12/2021  12:05:21,450858;1,089509E+0;1,044459E+1;1,916077E-2;1,164167E+0;;
02/12/2021  12:05:21,450958;1,087861E+0;1,044459E+1;1,663332E-2;1,161925E+0;;
02/12/2021  12:05:21,451058;1,086290E+0;1,044459E+1;1,726518E-2;1,159661E+0;;
02/12/2021  12:05:21,451158;1,083846E+0;1,044459E+1;1,916077E-2;1,157377E+0;;
02/12/2021  12:05:21,451258;1,082916E+0;1,044459E+1;1,852891E-2;1,155074E+0;;
02/12/2021  12:05:21,451358;1,082270E+0;1,044459E+1;1,726518E-2;1,152755E+0;;
02/12/2021  12:05:21,451458;1,080502E+0;1,044459E+1;1,789705E-2;1,150423E+0;;
02/12/2021  12:05:21,451558;1,078380E+0;1,044459E+1;1,694925E-2;1,148079E+0;;
02/12/2021  12:05:21,451658;1,075725E+0;1,044459E+1;1,694925E-2;1,145727E+0;;
02/12/2021  12:05:21,451758;1,075397E+0;1,044459E+1;1,758111E-2;1,143369E+0;;
02/12/2021  12:05:21,451858;1,074148E+0;1,044459E+1;1,821298E-2;1,141006E+0;;
02/12/2021  12:05:21,451958;1,072530E+0;1,044459E+1;1,916077E-2;1,138642E+0;;
02/12/2021  12:05:21,452058;1,070495E+0;1,044459E+1;1,884484E-2;1,136277E+0;;
02/12/2021  12:05:21,452158;1,069240E+0;1,044459E+1;2,263603E-2;1,133915E+0;;
02/12/2021  12:05:21,452258;1,068894E+0;1,044459E+1;1,979264E-2;1,131558E+0;;
02/12/2021  12:05:21,452358;1,067741E+0;1,044459E+1;1,821298E-2;1,129207E+0;;
02/12/2021  12:05:21,452458;1,067064E+0;1,044459E+1;1,884484E-2;1,126865E+0;;
02/12/2021  12:05:21,452558;1,064501E+0;1,044459E+1;1,852891E-2;1,124535E+0;;
02/12/2021  12:05:21,452658;1,063917E+0;1,044459E+1;1,726518E-2;1,122217E+0;;
02/12/2021  12:05:21,452758;1,063604E+0;1,044459E+1;1,378993E-2;1,119914E+0;;
02/12/2021  12:05:21,452858;1,062361E+0;1,044459E+1;1,821298E-2;1,117628E+0;;
02/12/2021  12:05:21,452958;1,061831E+0;1,044459E+1;2,042450E-2;1,115360E+0;;
02/12/2021  12:05:21,453058;1,060517E+0;1,044459E+1;2,105637E-2;1,113114E+0;;
02/12/2021  12:05:21,453158;1,060043E+0;1,044459E+1;1,694925E-2;1,110890E+0;;
02/12/2021  12:05:21,453258;1,060296E+0;1,044459E+1;1,821298E-2;1,108690E+0;;
02/12/2021  12:05:21,453358;1,060317E+0;1,044459E+1;1,821298E-2;1,106517E+0;;
02/12/2021  12:05:21,453458;1,059387E+0;1,044459E+1;1,694925E-2;1,104372E+0;;
02/12/2021  12:05:21,453558;1,058195E+0;1,044459E+1;1,979264E-2;1,102257E+0;;
02/12/2021  12:05:21,453658;1,058067E+0;1,044459E+1;1,789705E-2;1,100174E+0;;
02/12/2021  12:05:21,453758;1,058141E+0;1,044459E+1;1,347400E-2;1,098125E+0;;
02/12/2021  12:05:21,453858;1,058049E+0;1,044459E+1;1,758111E-2;1,096111E+0;;
02/12/2021  12:05:21,453958;1,057715E+0;1,044459E+1;1,758111E-2;1,094134E+0;;
02/12/2021  12:05:21,454058;1,057146E+0;1,044459E+1;1,758111E-2;1,092195E+0;;
02/12/2021  12:05:21,454158;1,056571E+0;1,044459E+1;1,663332E-2;1,090297E+0;;
02/12/2021  12:05:21,454258;1,057241E+0;1,044459E+1;1,726518E-2;1,088440E+0;;
02/12/2021  12:05:21,454358;1,057047E+0;1,044459E+1;2,484755E-2;1,086625E+0;;
02/12/2021  12:05:21,454458;1,056282E+0;1,044459E+1;1,694925E-2;1,084855E+0;;
02/12/2021  12:05:21,454558;1,055408E+0;1,044459E+1;1,758111E-2;1,083130E+0;;
02/12/2021  12:05:21,454658;1,054940E+0;1,044459E+1;1,979264E-2;1,081451E+0;;
02/12/2021  12:05:21,454758;1,056371E+0;1,044459E+1;1,884484E-2;1,079819E+0;;
02/12/2021  12:05:21,454858;1,055963E+0;1,044459E+1;1,758111E-2;1,078234E+0;;
02/12/2021  12:05:21,454958;1,056183E+0;1,044459E+1;1,821298E-2;1,076698E+0;;
02/12/2021  12:05:21,455058;1,055566E+0;1,044459E+1;1,884484E-2;1,075210E+0;;
02/12/2021  12:05:21,455158;1,056600E+0;1,044459E+1;1,600145E-2;1,073773E+0;;
02/12/2021  12:05:21,455258;1,056961E+0;1,044459E+1;1,789705E-2;1,072385E+0;;
02/12/2021  12:05:21,455358;1,057396E+0;1,044459E+1;1,347400E-2;1,071049E+0;;
02/12/2021  12:05:21,455458;1,057354E+0;1,044459E+1;1,726518E-2;1,069763E+0;;
02/12/2021  12:05:21,455558;1,057953E+0;1,044459E+1;1,758111E-2;1,068530E+0;;
02/12/2021  12:05:21,455658;1,058782E+0;1,044459E+1;1,600145E-2;1,067348E+0;;
02/12/2021  12:05:21,455758;1,059733E+0;1,044459E+1;1,347400E-2;1,066219E+0;;
02/12/2021  12:05:21,455858;1,059909E+0;1,044459E+1;1,189434E-2;1,065142E+0;;
02/12/2021  12:05:21,455958;1,059751E+0;1,044459E+1;1,252620E-2;1,064119E+0;;
02/12/2021  12:05:21,456058;1,060573E+0;1,044459E+1;1,663332E-2;1,063150E+0;;
02/12/2021  12:05:21,456158;1,061589E+0;1,044459E+1;1,410586E-2;1,062234E+0;;
02/12/2021  12:05:21,456258;1,062063E+0;1,044459E+1;4,627903E-3;1,061371E+0;;
02/12/2021  12:05:21,456358;1,062710E+0;1,044459E+1;3,680107E-3;1,060563E+0;;
02/12/2021  12:05:21,456458;1,062802E+0;1,044459E+1;4,943835E-3;1,059808E+0;;
02/12/2021  12:05:21,456558;1,063014E+0;1,044459E+1;1,442179E-2;1,059106E+0;;
02/12/2021  12:05:21,456658;1,064477E+0;1,044459E+1;3,364175E-3;1,058458E+0;;
02/12/2021  12:05:21,456758;1,065059E+0;1,044459E+1;3,680107E-3;1,057863E+0;;
02/12/2021  12:05:21,456858;1,065878E+0;1,044459E+1;4,943835E-3;1,057320E+0;;
02/12/2021  12:05:21,456958;1,066033E+0;1,044459E+1;6,523495E-3;1,056829E+0;;
02/12/2021  12:05:21,457058;1,066722E+0;1,044459E+1;3,996039E-3;1,056391E+0;;
02/12/2021  12:05:21,457158;1,069449E+0;1,044459E+1;3,680107E-3;1,056003E+0;;
02/12/2021  12:05:21,457258;1,070411E+0;1,044459E+1;3,364175E-3;1,055667E+0;;
02/12/2021  12:05:21,457358;1,071720E+0;1,044459E+1;3,364175E-3;1,055381E+0;;
02/12/2021  12:05:21,457458;1,071958E+0;1,044459E+1;3,364175E-3;1,055145E+0;;
02/12/2021  12:05:21,457558;1,072563E+0;1,044459E+1;3,996039E-3;1,054960E+0;;
02/12/2021  12:05:21,457658;1,074494E+0;1,044459E+1;3,364175E-3;1,054824E+0;;
02/12/2021  12:05:21,457758;1,075803E+0;1,044459E+1;3,996039E-3;1,054737E+0;;
02/12/2021  12:05:21,457858;1,077078E+0;1,044459E+1;3,364175E-3;1,054699E+0;;
02/12/2021  12:05:21,457958;1,078282E+0;1,044459E+1;2,416379E-3;1,054709E+0;;
02/12/2021  12:05:21,458058;1,079149E+0;1,044459E+1;3,364175E-3;1,054767E+0;;
02/12/2021  12:05:21,458158;1,081259E+0;1,044459E+1;3,996039E-3;1,054872E+0;;
02/12/2021  12:05:21,458258;1,083519E+0;1,044459E+1;3,680107E-3;1,055024E+0;;
02/12/2021  12:05:21,458358;1,085244E+0;1,044459E+1;4,311971E-3;1,055222E+0;;
02/12/2021  12:05:21,458458;1,085122E+0;1,044459E+1;3,996039E-3;1,055468E+0;;
02/12/2021  12:05:21,458558;1,086874E+0;1,044459E+1;4,311971E-3;1,055759E+0;;
02/12/2021  12:05:21,458658;1,088615E+0;1,044459E+1;3,680107E-3;1,056096E+0;;
02/12/2021  12:05:21,458758;1,090713E+0;1,044459E+1;3,364175E-3;1,056478E+0;;
02/12/2021  12:05:21,458858;1,092039E+0;1,044459E+1;4,311971E-3;1,056905E+0;;
02/12/2021  12:05:21,458958;1,092918E+0;1,044459E+1;3,680107E-3;1,057376E+0;;
02/12/2021  12:05:21,459058;1,095067E+0;1,044459E+1;9,366883E-3;1,057891E+0;;
02/12/2021  12:05:21,459158;1,097508E+0;1,044459E+1;5,259767E-3;1,058449E+0;;
02/12/2021  12:05:21,459258;1,099406E+0;1,044459E+1;3,364175E-3;1,059051E+0;;
02/12/2021  12:05:21,459358;1,100229E+0;1,044459E+1;3,680107E-3;1,059695E+0;;
02/12/2021  12:05:21,459458;1,100828E+0;1,044459E+1;3,996039E-3;1,060381E+0;;
02/12/2021  12:05:21,459558;1,103588E+0;1,044459E+1;3,996039E-3;1,061109E+0;;
02/12/2021  12:05:21,459658;1,105480E+0;1,044459E+1;5,259767E-3;1,061878E+0;;
02/12/2021  12:05:21,459758;1,107140E+0;1,044459E+1;1,126247E-2;1,062688E+0;;
02/12/2021  12:05:21,459858;1,108204E+0;1,044459E+1;1,189434E-2;1,063538E+0;;
02/12/2021  12:05:21,459958;1,109072E+0;1,044459E+1;1,663332E-2;1,064426E+0;;
02/12/2021  12:05:21,460058;1,111018E+0;1,044459E+1;1,726518E-2;1,065354E+0;;
02/12/2021  12:05:21,460158;1,112445E+0;1,044459E+1;6,523495E-3;1,066319E+0;;
02/12/2021  12:05:21,460258;1,114236E+0;1,044459E+1;3,680107E-3;1,067321E+0;;
02/12/2021  12:05:21,460358;1,114523E+0;1,044459E+1;1,568552E-2;1,068358E+0;;
02/12/2021  12:05:21,460458;1,115402E+0;1,044459E+1;1,063061E-2;1,069430E+0;;
02/12/2021  12:05:21,460558;1,117324E+0;1,044459E+1;1,600145E-2;1,070536E+0;;
02/12/2021  12:05:21,460658;1,118245E+0;1,044459E+1;1,031468E-2;1,071673E+0;;
02/12/2021  12:05:21,460758;1,119777E+0;1,044459E+1;1,758111E-2;1,072842E+0;;
02/12/2021  12:05:21,460858;1,120525E+0;1,044459E+1;2,137230E-2;1,074039E+0;;
02/12/2021  12:05:21,460958;1,121586E+0;1,044459E+1;1,221027E-2;1,075265E+0;;
02/12/2021  12:05:21,461058;1,123991E+0;1,044459E+1;1,505366E-2;1,076517E+0;;
02/12/2021  12:05:21,461158;1,125723E+0;1,044459E+1;1,600145E-2;1,077793E+0;;
02/12/2021  12:05:21,461258;1,127320E+0;1,044459E+1;1,852891E-2;1,079094E+0;;
02/12/2021  12:05:21,461358;1,128289E+0;1,044459E+1;2,453162E-2;1,080416E+0;;
02/12/2021  12:05:21,461458;1,129198E+0;1,044459E+1;1,758111E-2;1,081760E+0;;
02/12/2021  12:05:21,461558;1,131448E+0;1,044459E+1;1,821298E-2;1,083123E+0;;
02/12/2021  12:05:21,461658;1,133152E+0;1,044459E+1;1,631739E-2;1,084505E+0;;
02/12/2021  12:05:21,461758;1,134404E+0;1,044459E+1;1,600145E-2;1,085904E+0;;
02/12/2021  12:05:21,461858;1,135265E+0;1,044459E+1;1,568552E-2;1,087320E+0;;
02/12/2021  12:05:21,461958;1,135966E+0;1,044459E+1;1,568552E-2;1,088750E+0;;
02/12/2021  12:05:21,462058;1,137954E+0;1,044459E+1;1,252620E-2;1,090195E+0;;
02/12/2021  12:05:21,462158;1,138779E+0;1,044459E+1;1,726518E-2;1,091651E+0;;
02/12/2021  12:05:21,462258;1,139420E+0;1,044459E+1;1,821298E-2;1,093119E+0;;
02/12/2021  12:05:21,462358;1,138645E+0;1,044459E+1;2,010857E-2;1,094597E+0;;
02/12/2021  12:05:21,462458;1,139173E+0;1,044459E+1;1,694925E-2;1,096083E+0;;
02/12/2021  12:05:21,462558;1,140025E+0;1,044459E+1;1,821298E-2;1,097576E+0;;
02/12/2021  12:05:21,462658;1,140710E+0;1,044459E+1;1,789705E-2;1,099073E+0;;
02/12/2021  12:05:21,462758;1,141321E+0;1,044459E+1;1,821298E-2;1,100573E+0;;
02/12/2021  12:05:21,462858;1,140529E+0;1,044459E+1;1,916077E-2;1,102074E+0;;
02/12/2021  12:05:21,462958;1,141423E+0;1,044459E+1;1,726518E-2;1,103573E+0;;
02/12/2021  12:05:21,463058;1,142257E+0;1,044459E+1;1,600145E-2;1,105070E+0;;
02/12/2021  12:05:21,463158;1,143431E+0;1,044459E+1;1,094654E-2;1,106561E+0;;
02/12/2021  12:05:21,463258;1,143917E+0;1,044459E+1;1,600145E-2;1,108045E+0;;
02/12/2021  12:05:21,463358;1,143792E+0;1,044459E+1;1,884484E-2;1,109521E+0;;
02/12/2021  12:05:21,463458;1,144570E+0;1,044459E+1;1,694925E-2;1,110986E+0;;
02/12/2021  12:05:21,463558;1,146319E+0;1,044459E+1;1,473773E-2;1,112439E+0;;
02/12/2021  12:05:21,463658;1,147875E+0;1,044459E+1;1,726518E-2;1,113878E+0;;
02/12/2021  12:05:21,463758;1,148134E+0;1,044459E+1;1,821298E-2;1,115303E+0;;
02/12/2021  12:05:21,463858;1,148543E+0;1,044459E+1;1,663332E-2;1,116711E+0;;
02/12/2021  12:05:21,463958;1,150012E+0;1,044459E+1;1,789705E-2;1,118103E+0;;
02/12/2021  12:05:21,464058;1,151240E+0;1,044459E+1;1,821298E-2;1,119477E+0;;
02/12/2021  12:05:21,464158;1,151803E+0;1,044459E+1;1,284213E-2;1,120833E+0;;
02/12/2021  12:05:21,464258;1,152074E+0;1,044459E+1;1,852891E-2;1,122170E+0;;
02/12/2021  12:05:21,464358;1,151901E+0;1,044459E+1;1,442179E-2;1,123487E+0;;
02/12/2021  12:05:21,464458;1,152912E+0;1,044459E+1;1,726518E-2;1,124783E+0;;
02/12/2021  12:05:21,464558;1,154435E+0;1,044459E+1;1,252620E-2;1,126059E+0;;
02/12/2021  12:05:21,464658;1,154649E+0;1,044459E+1;1,663332E-2;1,127314E+0;;
02/12/2021  12:05:21,464758;1,154092E+0;1,044459E+1;1,821298E-2;1,128547E+0;;
02/12/2021  12:05:21,464858;1,154095E+0;1,044459E+1;1,631739E-2;1,129758E+0;;
02/12/2021  12:05:21,464958;1,155335E+0;1,139925E-1;1,509044E-1;1,130946E+0;;
02/12/2021  12:05:21,465058;1,157051E+0;1,385232E-1;1,300529E-1;1,132111E+0;;
02/12/2021  12:05:21,465158;1,157394E+0;1,356559E-1;1,328963E-1;1,133253E+0;;
02/12/2021  12:05:21,465258;1,157493E+0;1,452133E-1;1,467973E-1;1,134372E+0;;
02/12/2021  12:05:21,465358;1,157531E+0;9,201048E-2;1,104651E-1;1,135467E+0;;
02/12/2021  12:05:21,465458;1,159266E+0;1,254614E-1;1,275255E-1;1,136539E+0;;
02/12/2021  12:05:21,465558;1,160178E+0;1,283286E-1;1,262617E-1;1,137588E+0;;
02/12/2021  12:05:21,465658;1,161224E+0;1,289658E-1;1,284732E-1;1,138614E+0;;
02/12/2021  12:05:21,465758;1,161573E+0;1,101695E-1;1,243661E-1;1,139617E+0;;
02/12/2021  12:05:21,465858;1,162598E+0;1,283286E-1;1,202590E-1;1,140597E+0;;
02/12/2021  12:05:21,465958;1,164604E+0;1,920446E-1;1,758630E-1;1,141556E+0;;
02/12/2021  12:05:21,466058;1,165361E+0;1,219570E-1;1,193112E-1;1,142494E+0;;
02/12/2021  12:05:21,466158;1,165346E+0;1,385232E-1;1,540637E-1;1,143412E+0;;
02/12/2021  12:05:21,466258;1,165459E+0;1,299215E-1;1,240502E-1;1,144310E+0;;
02/12/2021  12:05:21,466358;1,166278E+0;1,305587E-1;1,325804E-1;1,145189E+0;;
02/12/2021  12:05:21,466458;1,166842E+0;1,429833E-1;1,543797E-1;1,146051E+0;;
02/12/2021  12:05:21,466558;1,166940E+0;1,143111E-1;1,158360E-1;1,146894E+0;;
02/12/2021  12:05:21,466658;1,167274E+0;1,229127E-1;1,316326E-1;1,147721E+0;;
02/12/2021  12:05:21,466758;1,166103E+0;9,264764E-2;1,076217E-1;1,148531E+0;;
02/12/2021  12:05:21,466858;1,166341E+0;1,315144E-1;1,268936E-1;1,149325E+0;;
02/12/2021  12:05:21,466958;1,167336E+0;1,136739E-1;1,193112E-1;1,150103E+0;;
02/12/2021  12:05:21,467058;1,167661E+0;1,136739E-1;1,199431E-1;1,150865E+0;;
02/12/2021  12:05:21,467158;1,167015E+0;1,334259E-1;1,379512E-1;1,151611E+0;;
02/12/2021  12:05:21,467258;1,166368E+0;1,353374E-1;1,117289E-1;1,152342E+0;;
02/12/2021  12:05:21,467358;1,166270E+0;1,254614E-1;1,035146E-1;1,153056E+0;;
02/12/2021  12:05:21,467458;1,167012E+0;1,095324E-1;1,180475E-1;1,153754E+0;;
02/12/2021  12:05:21,467558;1,167611E+0;1,222756E-1;1,300529E-1;1,154436E+0;;
02/12/2021  12:05:21,467658;1,167611E+0;1,433019E-1;1,420583E-1;1,155102E+0;;
02/12/2021  12:05:21,467758;1,166898E+0;1,439390E-1;1,310007E-1;1,155751E+0;;
02/12/2021  12:05:21,467858;1,167280E+0;1,280100E-1;1,139404E-1;1,156384E+0;;
02/12/2021  12:05:21,467958;1,168201E+0;1,229127E-1;1,215227E-1;1,157000E+0;;
02/12/2021  12:05:21,468058;1,167554E+0;1,257800E-1;1,417424E-1;1,157600E+0;;
02/12/2021  12:05:21,468158;1,166466E+0;1,229127E-1;1,240502E-1;1,158182E+0;;
02/12/2021  12:05:21,468258;1,165125E+0;1,194084E-1;1,148882E-1;1,158748E+0;;
02/12/2021  12:05:21,468358;1,164744E+0;1,095324E-1;1,180475E-1;1,159296E+0;;
02/12/2021  12:05:21,468458;1,164621E+0;1,327887E-1;1,259458E-1;1,159826E+0;;
02/12/2021  12:05:21,468558;1,164043E+0;1,468062E-1;1,458495E-1;1,160338E+0;;
02/12/2021  12:05:21,468658;1,163215E+0;1,528593E-1;1,338441E-1;1,160830E+0;;
02/12/2021  12:05:21,468758;1,161933E+0;1,375674E-1;1,183634E-1;1,161302E+0;;
02/12/2021  12:05:21,468858;1,161978E+0;1,289658E-1;1,196272E-1;1,161754E+0;;
02/12/2021  12:05:21,468958;1,162136E+0;1,305587E-1;1,442698E-1;1,162184E+0;;
02/12/2021  12:05:21,469058;1,161546E+0;1,366117E-1;1,249980E-1;1,162591E+0;;
02/12/2021  12:05:21,469158;1,160613E+0;1,748413E-1;1,761790E-1;1,162977E+0;;
02/12/2021  12:05:21,469258;1,159504E+0;-3,000566E-2;4,064415E-2;1,163338E+0;;
02/12/2021  12:05:21,469358;1,159740E+0;1,273729E-1;1,385831E-1;1,163676E+0;;
02/12/2021  12:05:21,469458;1,160106E+0;1,305587E-1;1,370034E-1;1,163990E+0;;
02/12/2021  12:05:21,469558;1,159510E+0;8,914326E-2;1,009872E-1;1,164278E+0;;
02/12/2021  12:05:21,469658;1,159036E+0;1,417090E-1;1,509044E-1;1,164542E+0;;
02/12/2021  12:05:21,469758;1,157528E+0;1,123996E-1;1,730197E-1;1,164780E+0;;
02/12/2021  12:05:21,469858;1,157811E+0;1,219570E-1;1,395309E-1;1,164993E+0;;
02/12/2021  12:05:21,469958;1,157406E+0;9,710776E-2;1,152041E-1;1,165180E+0;;
02/12/2021  12:05:21,470058;1,156777E+0;1,127182E-1;1,155200E-1;1,165341E+0;;
02/12/2021  12:05:21,470158;1,154947E+0;1,022050E-1;8,361090E-2;1,165476E+0;;
02/12/2021  12:05:21,470258;1,154170E+0;1,002936E-1;1,148882E-1;1,165585E+0;;
02/12/2021  12:05:21,470358;1,153868E+0;1,079395E-1;1,199431E-1;1,165667E+0;;
02/12/2021  12:05:21,470458;1,153633E+0;9,965640E-2;1,088855E-1;1,165723E+0;;
02/12/2021  12:05:21,470558;1,153871E+0;8,882468E-2;8,929768E-2;1,165753E+0;;
02/12/2021  12:05:21,470658;1,152092E+0;8,914326E-2;9,909157E-2;1,165756E+0;;
02/12/2021  12:05:21,470758;1,151484E+0;9,328480E-2;1,063580E-1;1,165732E+0;;
02/12/2021  12:05:21,470858;1,151952E+0;1,069837E-1;1,142563E-1;1,165682E+0;;
02/12/2021  12:05:21,470958;1,152107E+0;8,563888E-2;1,079377E-1;1,165607E+0;;
02/12/2021  12:05:21,471058;1,151007E+0;7,894870E-2;1,076217E-1;1,165505E+0;;
02/12/2021  12:05:21,471158;1,149908E+0;7,257710E-2;1,272095E-1;1,165379E+0;;
02/12/2021  12:05:21,471258;1,149237E+0;1,047537E-1;1,148882E-1;1,165227E+0;;
02/12/2021  12:05:21,471358;1,149338E+0;1,140974E-2;7,255328E-2;1,165051E+0;;
02/12/2021  12:05:21,471458;1,148742E+0;1,082581E-1;1,205749E-1;1,164852E+0;;
02/12/2021  12:05:21,471558;1,148128E+0;1,283286E-1;1,420583E-1;1,164629E+0;;
02/12/2021  12:05:21,471658;1,147470E+0;1,114439E-1;1,126766E-1;1,164384E+0;;
02/12/2021  12:05:21,471758;1,147392E+0;1,620981E-1;1,518522E-1;1,164116E+0;;
02/12/2021  12:05:21,471858;1,147726E+0;1,665582E-1;1,354238E-1;1,163827E+0;;
02/12/2021  12:05:21,471958;1,147526E+0;2,239026E-1;2,633762E-1;1,163518E+0;;
02/12/2021  12:05:21,472058;1,146647E+0;1,942747E-1;1,632258E-1;1,163189E+0;;
02/12/2021  12:05:21,472158;1,144704E+0;1,729298E-1;1,480610E-1;1,162841E+0;;
02/12/2021  12:05:21,472258;1,144633E+0;1,773899E-1;1,452176E-1;1,162475E+0;;
02/12/2021  12:05:21,472358;1,144272E+0;1,219570E-1;1,063580E-1;1,162092E+0;;
02/12/2021  12:05:21,472458;1,144448E+0;1,372488E-1;1,325804E-1;1,161693E+0;;
02/12/2021  12:05:21,472558;1,143512E+0;1,366117E-1;1,338441E-1;1,161278E+0;;
02/12/2021  12:05:21,472658;1,142037E+0;1,241871E-1;1,218387E-1;1,160848E+0;;
02/12/2021  12:05:21,472758;1,141685E+0;9,360338E-2;1,050943E-1;1,160404E+0;;
02/12/2021  12:05:21,472858;1,141208E+0;1,273729E-1;1,332122E-1;1,159946E+0;;
02/12/2021  12:05:21,472958;1,141211E+0;1,382046E-1;1,117289E-1;1,159476E+0;;
02/12/2021  12:05:21,473058;1,139080E+0;1,181340E-1;1,202590E-1;1,158993E+0;;
02/12/2021  12:05:21,473158;1,137593E+0;1,143111E-1;1,265777E-1;1,158498E+0;;
02/12/2021  12:05:21,473258;1,136896E+0;1,238685E-1;1,316326E-1;1,157992E+0;;
02/12/2021  12:05:21,473358;1,136720E+0;1,270543E-1;1,619620E-1;1,157475E+0;;
02/12/2021  12:05:21,473458;1,136726E+0;1,276914E-1;1,221546E-1;1,156947E+0;;
02/12/2021  12:05:21,473558;1,135254E+0;9,997498E-2;1,588027E-1;1,156409E+0;;
02/12/2021  12:05:21,473658;1,134207E+0;1,404346E-1;1,347919E-1;1,155860E+0;;
02/12/2021  12:05:21,473758;1,134097E+0;1,229127E-1;1,256299E-1;1,155302E+0;;
02/12/2021  12:05:21,473858;1,134732E+0;1,359745E-1;1,395309E-1;1,154734E+0;;
02/12/2021  12:05:21,473958;1,133555E+0;1,222756E-1;1,278414E-1;1,154157E+0;;
02/12/2021  12:05:21,474058;1,132765E+0;1,206827E-1;1,294210E-1;1,153572E+0;;
02/12/2021  12:05:21,474158;1,131030E+0;1,018865E-1;8,740209E-2;1,152979E+0;;
02/12/2021  12:05:21,474258;1,130586E+0;1,362931E-1;1,281573E-1;1,152379E+0;;
02/12/2021  12:05:21,474358;1,130309E+0;1,315144E-1;1,199431E-1;1,151771E+0;;
02/12/2021  12:05:21,474458;1,128974E+0;1,143111E-1;1,164678E-1;1,151156E+0;;
02/12/2021  12:05:21,474558;1,127454E+0;1,235499E-1;1,180475E-1;1,150535E+0;;
02/12/2021  12:05:21,474658;1,125967E+0;1,375674E-1;1,452176E-1;1,149907E+0;;
02/12/2021  12:05:21,474758;1,125603E+0;1,165411E-1;1,303688E-1;1,149272E+0;;
02/12/2021  12:05:21,474858;1,125818E+0;1,120810E-1;1,196272E-1;1,148631E+0;;
02/12/2021  12:05:21,474958;1,124519E+0;1,190898E-1;1,341600E-1;1,147983E+0;;
02/12/2021  12:05:21,475058;1,122864E+0;1,401161E-1;1,366875E-1;1,147329E+0;;
02/12/2021  12:05:21,475158;1,122364E+0;1,238685E-1;1,281573E-1;1,146669E+0;;
02/12/2021  12:05:21,475258;1,123043E+0;1,299215E-1;1,325804E-1;1,146002E+0;;
02/12/2021  12:05:21,475358;1,123040E+0;1,216384E-1;1,259458E-1;1,145329E+0;;
02/12/2021  12:05:21,475458;1,123028E+0;1,238685E-1;1,347919E-1;1,144651E+0;;
02/12/2021  12:05:21,475558;1,122194E+0;1,203641E-1;1,388990E-1;1,143967E+0;;
02/12/2021  12:05:21,475658;1,122325E+0;1,276914E-1;1,316326E-1;1,143279E+0;;
02/12/2021  12:05:21,475758;1,122364E+0;1,522221E-1;1,505885E-1;1,142587E+0;;
02/12/2021  12:05:21,475858;1,122134E+0;9,774492E-2;1,107811E-1;1,141892E+0;;
02/12/2021  12:05:21,475958;1,121330E+0;1,359745E-1;1,215227E-1;1,141194E+0;;
02/12/2021  12:05:21,476058;1,118975E+0;2,925022E-2;7,223735E-2;1,140496E+0;;
02/12/2021  12:05:21,476158;1,118826E+0;1,350188E-1;1,591187E-1;1,139796E+0;;
02/12/2021  12:05:21,476258;1,117944E+0;1,139925E-1;1,145722E-1;1,139096E+0;;
02/12/2021  12:05:21,476358;1,117360E+0;1,280100E-1;1,398468E-1;1,138396E+0;;
02/12/2021  12:05:21,476458;1,116805E+0;1,407532E-1;1,354238E-1;1,137695E+0;;
02/12/2021  12:05:21,476558;1,114731E+0;1,012493E-1;1,155200E-1;1,136995E+0;;
02/12/2021  12:05:21,476658;1,114040E+0;9,806350E-2;8,139938E-2;1,136296E+0;;
02/12/2021  12:05:21,476758;1,114609E+0;1,356559E-1;1,303688E-1;1,135597E+0;;
02/12/2021  12:05:21,476858;1,114698E+0;1,401161E-1;1,227865E-1;1,134899E+0;;
02/12/2021  12:05:21,476958;1,113524E+0;1,302401E-1;1,319485E-1;1,134201E+0;;
02/12/2021  12:05:21,477058;1,113032E+0;1,225942E-1;1,265777E-1;1,133505E+0;;
02/12/2021  12:05:21,477158;1,112091E+0;1,315144E-1;1,370034E-1;1,132810E+0;;
02/12/2021  12:05:21,477258;1,112705E+0;1,276914E-1;1,341600E-1;1,132117E+0;;
02/12/2021  12:05:21,477358;1,112979E+0;1,229127E-1;1,189953E-1;1,131426E+0;;
02/12/2021  12:05:21,477458;1,111393E+0;1,241871E-1;1,278414E-1;1,130737E+0;;
02/12/2021  12:05:21,477558;1,110222E+0;1,130368E-1;1,133085E-1;1,130050E+0;;
02/12/2021  12:05:21,477658;1,111533E+0;1,493549E-1;1,543797E-1;1,129367E+0;;
02/12/2021  12:05:21,477758;1,111071E+0;1,570008E-1;1,733356E-1;1,128687E+0;;
02/12/2021  12:05:21,477858;1,110750E+0;1,506292E-1;1,404787E-1;1,128011E+0;;
02/12/2021  12:05:21,477958;1,109450E+0;9,870066E-2;1,265777E-1;1,127339E+0;;
02/12/2021  12:05:21,478058;1,107730E+0;1,873708E-2;8,929768E-2;1,126672E+0;;
02/12/2021  12:05:21,478158;1,108142E+0;1,802571E-1;1,824976E-1;1,126010E+0;;
02/12/2021  12:05:21,478258;1,108064E+0;1,359745E-1;1,338441E-1;1,125353E+0;;
02/12/2021  12:05:21,478358;1,108139E+0;1,273729E-1;1,275255E-1;1,124700E+0;;
02/12/2021  12:05:21,478458;1,106717E+0;1,350188E-1;1,392149E-1;1,124053E+0;;
02/12/2021  12:05:21,478558;1,105957E+0;1,092138E-1;1,183634E-1;1,123412E+0;;
02/12/2021  12:05:21,478658;1,106869E+0;1,401161E-1;1,603824E-1;1,122776E+0;;
02/12/2021  12:05:21,478758;1,107736E+0;1,187712E-1;1,240502E-1;1,122146E+0;;
02/12/2021  12:05:21,478858;1,107131E+0;1,174969E-1;1,253139E-1;1,121523E+0;;
02/12/2021  12:05:21,478958;1,106878E+0;1,296029E-1;1,294210E-1;1,120906E+0;;
02/12/2021  12:05:21,479058;1,106804E+0;1,280100E-1;1,253139E-1;1,120296E+0;;
02/12/2021  12:05:21,479158;1,107316E+0;1,331073E-1;1,310007E-1;1,119694E+0;;
02/12/2021  12:05:21,479258;1,107993E+0;1,280100E-1;1,243661E-1;1,119101E+0;;
02/12/2021  12:05:21,479358;1,108011E+0;1,550893E-1;1,685966E-1;1,118516E+0;;
02/12/2021  12:05:21,479458;1,107686E+0;1,388417E-1;1,395309E-1;1,117941E+0;;
02/12/2021  12:05:21,479558;1,107757E+0;1,200455E-1;1,189953E-1;1,117376E+0;;
02/12/2021  12:05:21,479658;1,108929E+0;1,296029E-1;1,155200E-1;1,116823E+0;;
02/12/2021  12:05:21,479758;1,109337E+0;1,248242E-1;1,243661E-1;1,116281E+0;;
02/12/2021  12:05:21,479858;1,109054E+0;1,369303E-1;1,382671E-1;1,115752E+0;;
02/12/2021  12:05:21,479958;1,108461E+0;1,401161E-1;1,603824E-1;1,115237E+0;;
02/12/2021  12:05:21,480058;1,108386E+0;1,101695E-1;1,025668E-1;1,114735E+0;;
02/12/2021  12:05:21,480158;1,109280E+0;1,114439E-1;1,202590E-1;1,114249E+0;;
02/12/2021  12:05:21,480258;1,109385E+0;1,114439E-1;1,221546E-1;1,113778E+0;;
02/12/2021  12:05:21,480358;1,109155E+0;1,264171E-1;1,370034E-1;1,113322E+0;;
02/12/2021  12:05:21,480458;1,108380E+0;4,103768E-2;9,214107E-2;1,112883E+0;;
02/12/2021  12:05:21,480558;1,109164E+0;1,235499E-1;1,205749E-1;1,112461E+0;;
02/12/2021  12:05:21,480658;1,110320E+0;8,882468E-2;7,950379E-2;1,112055E+0;;
02/12/2021  12:05:21,480758;1,110454E+0;1,267357E-1;1,344760E-1;1,111667E+0;;
02/12/2021  12:05:21,480858;1,110538E+0;1,375674E-1;1,354238E-1;1,111297E+0;;
02/12/2021  12:05:21,480958;1,109227E+0;1,194084E-1;1,202590E-1;1,110945E+0;;
02/12/2021  12:05:21,481058;1,109998E+0;1,047537E-1;1,009872E-1;1,110611E+0;;
02/12/2021  12:05:21,481158;1,111033E+0;9,965640E-2;8,992954E-2;1,110296E+0;;
02/12/2021  12:05:21,481258;1,111355E+0;1,366117E-1;1,322644E-1;1,110000E+0;;
02/12/2021  12:05:21,481358;1,111825E+0;1,267357E-1;1,278414E-1;1,109722E+0;;
02/12/2021  12:05:21,481458;1,111673E+0;9,647060E-2;1,088855E-1;1,109463E+0;;
02/12/2021  12:05:21,481558;1,112338E+0;1,034794E-1;7,539667E-2;1,109224E+0;;
02/12/2021  12:05:21,481658;1,114177E+0;1,366117E-1;1,316326E-1;1,109004E+0;;
02/12/2021  12:05:21,481758;1,114305E+0;1,197269E-1;1,133085E-1;1,108804E+0;;
02/12/2021  12:05:21,481858;1,114132E+0;1,037979E-1;1,897641E-1;1,108624E+0;;
02/12/2021  12:05:21,481958;1,113995E+0;1,334259E-1;1,193112E-1;1,108465E+0;;
02/12/2021  12:05:21,482058;1,115041E+0;1,589123E-1;1,404787E-1;1,108326E+0;;
02/12/2021  12:05:21,482158;1,116162E+0;1,289658E-1;1,430061E-1;1,108207E+0;;
02/12/2021  12:05:21,482258;1,117339E+0;1,238685E-1;1,249980E-1;1,108109E+0;;
02/12/2021  12:05:21,482358;1,116695E+0;1,359745E-1;1,449017E-1;1,108032E+0;;
02/12/2021  12:05:21,482458;1,116803E+0;1,362931E-1;1,360556E-1;1,107976E+0;;
02/12/2021  12:05:21,482558;1,118555E+0;1,203641E-1;1,212068E-1;1,107941E+0;;
02/12/2021  12:05:21,482658;1,119589E+0;1,203641E-1;1,243661E-1;1,107927E+0;;
02/12/2021  12:05:21,482758;1,120486E+0;1,248242E-1;1,208909E-1;1,107934E+0;;
02/12/2021  12:05:21,482858;1,120909E+0;9,328480E-2;1,057261E-1;1,107963E+0;;
02/12/2021  12:05:21,482958;1,121166E+0;8,245308E-2;1,199431E-1;1,108014E+0;;
02/12/2021  12:05:21,483058;1,123434E+0;1,104881E-1;1,616461E-1;1,108087E+0;;
02/12/2021  12:05:21,483158;1,124602E+0;1,006121E-1;1,095173E-1;1,108182E+0;;
02/12/2021  12:05:21,483258;1,125174E+0;1,002936E-1;1,136244E-1;1,108299E+0;;
02/12/2021  12:05:21,483358;1,125842E+0;1,111253E-1;1,208909E-1;1,108440E+0;;
02/12/2021  12:05:21,483458;1,126941E+0;1,219570E-1;1,088855E-1;1,108603E+0;;
02/12/2021  12:05:21,483558;1,129412E+0;8,468314E-2;1,114129E-1;1,108789E+0;;
02/12/2021  12:05:21,483658;1,130110E+0;1,034794E-1;1,155200E-1;1,109000E+0;;
02/12/2021  12:05:21,483758;1,131412E+0;1,088952E-1;1,265777E-1;1,109235E+0;;
02/12/2021  12:05:21,483858;1,130750E+0;8,563888E-2;1,016190E-1;1,109494E+0;;
02/12/2021  12:05:21,483958;1,131561E+0;8,436456E-2;8,898175E-2;1,109778E+0;;
02/12/2021  12:05:21,484058;1,132729E+0;9,870066E-2;1,073058E-1;1,110087E+0;;
02/12/2021  12:05:21,484158;1,133433E+0;1,057094E-1;1,170997E-1;1,110421E+0;;
02/12/2021  12:05:21,484258;1,134273E+0;8,659462E-2;1,136244E-1;1,110779E+0;;
02/12/2021  12:05:21,484358;1,133331E+0;2,489498E-3;6,497092E-2;1,111162E+0;;
02/12/2021  12:05:21,484458;1,134175E+0;9,647060E-2;1,126766E-1;1,111569E+0;;
02/12/2021  12:05:21,484558;1,135316E+0;5,218798E-2;1,092014E-1;1,112000E+0;;
02/12/2021  12:05:21,484658;1,135996E+0;8,786894E-2;1,142563E-1;1,112453E+0;;
02/12/2021  12:05:21,484758;1,135921E+0;1,104881E-1;1,246821E-1;1,112929E+0;;
02/12/2021  12:05:21,484858;1,135483E+0;9,137332E-2;1,253139E-1;1,113427E+0;;
02/12/2021  12:05:21,484958;1,136639E+0;1,031608E-1;1,212068E-1;1,113944E+0;;
02/12/2021  12:05:21,485058;1,138338E+0;1,582751E-1;2,159864E-1;1,114482E+0;;
02/12/2021  12:05:21,485158;1,138943E+0;1,624167E-1;1,543797E-1;1,115038E+0;;
02/12/2021  12:05:21,485258;1,139441E+0;1,777085E-1;1,559593E-1;1,115612E+0;;
02/12/2021  12:05:21,485358;1,139977E+0;1,710183E-1;1,546956E-1;1,116203E+0;;
02/12/2021  12:05:21,485458;1,141965E+0;1,656025E-1;1,562753E-1;1,116810E+0;;
02/12/2021  12:05:21,485558;1,143530E+0;1,783457E-1;1,417424E-1;1,117433E+0;;
02/12/2021  12:05:21,485658;1,145014E+0;1,057094E-1;1,060421E-1;1,118071E+0;;
02/12/2021  12:05:21,485758;1,145255E+0;1,343816E-1;1,186794E-1;1,118723E+0;;
02/12/2021  12:05:21,485858;1,145860E+0;1,382046E-1;1,322644E-1;1,119390E+0;;
02/12/2021  12:05:21,485958;1,147157E+0;9,455912E-2;7,981972E-2;1,120071E+0;;
02/12/2021  12:05:21,486058;1,149267E+0;1,369303E-1;1,401627E-1;1,120765E+0;;
02/12/2021  12:05:21,486158;1,149890E+0;9,201048E-2;1,079377E-1;1,121473E+0;;
02/12/2021  12:05:21,486258;1,150218E+0;1,302401E-1;1,272095E-1;1,122193E+0;;
02/12/2021  12:05:21,486358;1,150241E+0;9,901924E-2;1,038306E-1;1,122927E+0;;
02/12/2021  12:05:21,486458;1,152205E+0;1,608238E-1;1,505885E-1;1,123672E+0;;
02/12/2021  12:05:21,486558;1,153368E+0;1,168597E-1;1,426902E-1;1,124429E+0;;
02/12/2021  12:05:21,486658;1,154348E+0;1,133553E-1;1,123607E-1;1,125198E+0;;
02/12/2021  12:05:21,486758;1,154444E+0;-9,935122E-3;4,759465E-2;1,125978E+0;;
02/12/2021  12:05:21,486858;1,154903E+0;1,108067E-1;1,711241E-1;1,126768E+0;;
02/12/2021  12:05:21,486958;1,156843E+0;1,477620E-1;1,660692E-1;1,127569E+0;;
02/12/2021  12:05:21,487058;1,158527E+0;8,659462E-2;1,145722E-1;1,128380E+0;;
02/12/2021  12:05:21,487158;1,158410E+0;1,069837E-1;1,167838E-1;1,129200E+0;;
02/12/2021  12:05:21,487258;1,158473E+0;6,907272E-2;9,245700E-2;1,130029E+0;;
02/12/2021  12:05:21,487358;1,159752E+0;1,289658E-1;1,294210E-1;1,130868E+0;;
02/12/2021  12:05:21,487458;1,161966E+0;1,684697E-1;1,572231E-1;1,131714E+0;;
02/12/2021  12:05:21,487558;1,163188E+0;1,197269E-1;1,253139E-1;1,132568E+0;;
02/12/2021  12:05:21,487658;1,163873E+0;1,407532E-1;1,284732E-1;1,133430E+0;;
02/12/2021  12:05:21,487758;1,163319E+0;1,283286E-1;1,319485E-1;1,134299E+0;;
02/12/2021  12:05:21,487858;1,164180E+0;1,241871E-1;1,328963E-1;1,135175E+0;;
02/12/2021  12:05:21,487958;1,165197E+0;1,101695E-1;1,316326E-1;1,136058E+0;;
02/12/2021  12:05:21,488058;1,166448E+0;1,146297E-1;1,212068E-1;1,136947E+0;;
02/12/2021  12:05:21,488158;1,166976E+0;1,340630E-1;1,322644E-1;1,137841E+0;;
02/12/2021  12:05:21,488258;1,166243E+0;1,324701E-1;1,275255E-1;1,138740E+0;;
02/12/2021  12:05:21,488358;1,167530E+0;1,178155E-1;1,199431E-1;1,139644E+0;;
02/12/2021  12:05:21,488458;1,169363E+0;4,103768E-2;9,150920E-2;1,140551E+0;;
02/12/2021  12:05:21,488558;1,169551E+0;1,334259E-1;1,373193E-1;1,141461E+0;;
02/12/2021  12:05:21,488658;1,169816E+0;1,168597E-1;1,303688E-1;1,142374E+0;;
02/12/2021  12:05:21,488758;1,168991E+0;8,054160E-2;1,284732E-1;1,143289E+0;;
02/12/2021  12:05:21,488858;1,169527E+0;1,101695E-1;1,152041E-1;1,144205E+0;;
02/12/2021  12:05:21,488958;1,171273E+0;9,009900E-2;9,466852E-2;1,145121E+0;;
02/12/2021  12:05:21,489058;1,171959E+0;1,515849E-1;1,388990E-1;1,146037E+0;;
02/12/2021  12:05:21,489158;1,171452E+0;1,283286E-1;1,227865E-1;1,146951E+0;;
02/12/2021  12:05:21,489258;1,171163E+0;1,146297E-1;1,215227E-1;1,147863E+0;;
02/12/2021  12:05:21,489358;1,171831E+0;1,168597E-1;1,246821E-1;1,148772E+0;;
02/12/2021  12:05:21,489458;1,173243E+0;9,647060E-2;7,792413E-2;1,149677E+0;;
02/12/2021  12:05:21,489558;1,172764E+0;1,117624E-1;1,060421E-1;1,150578E+0;;
02/12/2021  12:05:21,489658;1,172334E+0;1,267357E-1;1,215227E-1;1,151472E+0;;
02/12/2021  12:05:21,489758;1,171381E+0;1,324701E-1;1,186794E-1;1,152360E+0;;
02/12/2021  12:05:21,489858;1,172588E+0;1,206827E-1;1,164678E-1;1,153241E+0;;
02/12/2021  12:05:21,489958;1,173103E+0;1,251428E-1;9,435259E-2;1,154112E+0;;
02/12/2021  12:05:21,490058;1,172665E+0;1,359745E-1;1,382671E-1;1,154974E+0;;
02/12/2021  12:05:21,490158;1,172621E+0;1,251428E-1;1,227865E-1;1,155825E+0;;
02/12/2021  12:05:21,490258;1,171211E+0;1,114439E-1;1,205749E-1;1,156664E+0;;
02/12/2021  12:05:21,490358;1,172328E+0;1,608238E-1;1,749153E-1;1,157490E+0;;
02/12/2021  12:05:21,490458;1,173088E+0;1,343816E-1;1,265777E-1;1,158303E+0;;
02/12/2021  12:05:21,490558;1,171837E+0;4,932076E-2;5,928414E-2;1,159100E+0;;
02/12/2021  12:05:21,490658;1,170856E+0;1,254614E-1;1,202590E-1;1,159881E+0;;
02/12/2021  12:05:21,490758;1,169572E+0;1,417090E-1;1,414265E-1;1,160644E+0;;
02/12/2021  12:05:21,490858;1,170496E+0;1,229127E-1;1,272095E-1;1,161390E+0;;
02/12/2021  12:05:21,490958;1,170192E+0;1,076209E-1;1,455336E-1;1,162115E+0;;
02/12/2021  12:05:21,491058;1,168713E+0;1,114439E-1;1,088855E-1;1,162820E+0;;
02/12/2021  12:05:21,491158;1,167694E+0;1,439390E-1;1,370034E-1;1,163503E+0;;
02/12/2021  12:05:21,491258;1,166889E+0;1,362931E-1;1,578549E-1;1,164163E+0;;
02/12/2021  12:05:21,491358;1,167220E+0;2,988738E-2;8,297904E-2;1,164798E+0;;
02/12/2021  12:05:21,491458;1,166216E+0;1,276914E-1;1,240502E-1;1,165407E+0;;
02/12/2021  12:05:21,491558;1,165346E+0;1,318330E-1;1,306848E-1;1,165990E+0;;
02/12/2021  12:05:21,491658;1,163462E+0;1,420275E-1;1,486929E-1;1,166544E+0;;
02/12/2021  12:05:21,491758;1,162547E+0;1,286472E-1;1,370034E-1;1,167070E+0;;
02/12/2021  12:05:21,491858;1,162637E+0;1,305587E-1;1,303688E-1;1,167564E+0;;
02/12/2021  12:05:21,491958;1,161865E+0;1,022050E-1;1,110970E-1;1,168027E+0;;
02/12/2021  12:05:21,492058;1,161039E+0;1,311958E-1;1,335282E-1;1,168457E+0;;
02/12/2021  12:05:21,492158;1,159576E+0;1,146297E-1;1,054102E-1;1,168854E+0;;
02/12/2021  12:05:21,492258;1,159272E+0;1,627352E-1;1,581709E-1;1,169216E+0;;
02/12/2021  12:05:21,492358;1,159814E+0;1,200455E-1;1,328963E-1;1,169542E+0;;
02/12/2021  12:05:21,492458;1,159182E+0;1,321516E-1;1,357397E-1;1,169833E+0;;
02/12/2021  12:05:21,492558;1,158467E+0;1,656025E-1;1,689125E-1;1,170088E+0;;
02/12/2021  12:05:21,492658;1,157385E+0;1,095324E-1;1,161519E-1;1,170306E+0;;
02/12/2021  12:05:21,492758;1,156938E+0;1,283286E-1;1,240502E-1;1,170487E+0;;
02/12/2021  12:05:21,492858;1,157370E+0;1,267357E-1;1,278414E-1;1,170632E+0;;
02/12/2021  12:05:21,492958;1,156891E+0;1,391603E-1;1,404787E-1;1,170740E+0;;
02/12/2021  12:05:21,493058;1,156053E+0;1,206827E-1;1,322644E-1;1,170812E+0;;
02/12/2021  12:05:21,493158;1,154360E+0;1,426647E-1;1,262617E-1;1,170849E+0;;
02/12/2021  12:05:21,493258;1,153952E+0;1,283286E-1;1,294210E-1;1,170849E+0;;
02/12/2021  12:05:21,493358;1,154259E+0;1,101695E-1;1,196272E-1;1,170815E+0;;
02/12/2021  12:05:21,493458;1,153433E+0;1,254614E-1;1,291051E-1;1,170746E+0;;
02/12/2021  12:05:21,493558;1,152053E+0;7,257710E-2;9,656411E-2;1,170642E+0;;
02/12/2021  12:05:21,493658;1,149556E+0;1,404346E-1;1,404787E-1;1,170506E+0;;
02/12/2021  12:05:21,493758;1,148701E+0;1,643281E-1;1,528000E-1;1,170336E+0;;
02/12/2021  12:05:21,493858;1,148286E+0;1,308772E-1;1,253139E-1;1,170133E+0;;
02/12/2021  12:05:21,493958;1,147061E+0;1,464877E-1;1,354238E-1;1,169898E+0;;
02/12/2021  12:05:21,494058;1,146105E+0;1,117624E-1;1,114129E-1;1,169630E+0;;
02/12/2021  12:05:21,494158;1,143694E+0;1,289658E-1;1,268936E-1;1,169331E+0;;
02/12/2021  12:05:21,494258;1,143199E+0;1,315144E-1;1,294210E-1;1,169000E+0;;
02/12/2021  12:05:21,494358;1,143151E+0;1,366117E-1;1,205749E-1;1,168638E+0;;
02/12/2021  12:05:21,494458;1,141956E+0;1,321516E-1;1,076217E-1;1,168245E+0;;
02/12/2021  12:05:21,494558;1,139483E+0;1,162226E-1;1,249980E-1;1,167821E+0;;
02/12/2021  12:05:21,494658;1,138305E+0;1,321516E-1;1,313166E-1;1,167368E+0;;
02/12/2021  12:05:21,494758;1,137519E+0;1,101695E-1;1,199431E-1;1,166884E+0;;
02/12/2021  12:05:21,494858;1,136824E+0;1,200455E-1;1,136244E-1;1,166371E+0;;
02/12/2021  12:05:21,494958;1,135817E+0;1,267357E-1;1,237343E-1;1,165829E+0;;
02/12/2021  12:05:21,495058;1,133963E+0;1,404346E-1;1,373193E-1;1,165258E+0;;
02/12/2021  12:05:21,495158;1,132321E+0;1,057094E-1;1,098333E-1;1,164659E+0;;
02/12/2021  12:05:21,495258;1,131966E+0;4,709070E-2;6,876210E-2;1,164033E+0;;
02/12/2021  12:05:21,495358;1,132023E+0;1,662396E-1;1,812339E-1;1,163379E+0;;
02/12/2021  12:05:21,495458;1,130425E+0;1,187712E-1;1,202590E-1;1,162698E+0;;
02/12/2021  12:05:21,495558;1,129028E+0;1,378860E-1;1,556434E-1;1,161992E+0;;
02/12/2021  12:05:21,495658;1,127350E+0;1,257800E-1;1,278414E-1;1,161260E+0;;
02/12/2021  12:05:21,495758;1,127034E+0;2,925022E-2;8,992954E-2;1,160503E+0;;
02/12/2021  12:05:21,495858;1,126539E+0;1,047537E-1;1,183634E-1;1,159723E+0;;
02/12/2021  12:05:21,495958;1,125034E+0;1,289658E-1;1,316326E-1;1,158920E+0;;
02/12/2021  12:05:21,496058;1,123607E+0;1,404346E-1;1,458495E-1;1,158094E+0;;
02/12/2021  12:05:21,496158;1,122984E+0;8,468314E-2;1,133085E-1;1,157247E+0;;
02/12/2021  12:05:21,496258;1,122501E+0;1,066652E-1;1,177316E-1;1,156380E+0;;
02/12/2021  12:05:21,496358;1,122200E+0;1,060280E-1;1,234183E-1;1,155493E+0;;
02/12/2021  12:05:21,496458;1,121106E+0;1,060280E-1;1,177316E-1;1,154587E+0;;
02/12/2021  12:05:21,496558;1,119777E+0;9,360338E-2;9,877564E-2;1,153663E+0;;
02/12/2021  12:05:21,496658;1,118716E+0;1,280100E-1;1,104651E-1;1,152724E+0;;
02/12/2021  12:05:21,496758;1,118558E+0;1,088952E-1;1,164678E-1;1,151768E+0;;
02/12/2021  12:05:21,496858;1,118543E+0;9,933782E-2;1,189953E-1;1,150799E+0;;
02/12/2021  12:05:21,496958;1,117124E+0;1,130368E-1;1,243661E-1;1,149816E+0;;
02/12/2021  12:05:21,497058;1,116707E+0;8,659462E-2;1,066739E-1;1,148822E+0;;
02/12/2021  12:05:21,497158;1,115709E+0;4,995792E-2;8,297904E-2;1,147817E+0;;
02/12/2021  12:05:21,497258;1,116308E+0;9,455912E-2;1,316326E-1;1,146802E+0;;
02/12/2021  12:05:21,497358;1,115885E+0;1,066652E-1;1,196272E-1;1,145780E+0;;
02/12/2021  12:05:21,497458;1,115077E+0;1,050723E-1;1,189953E-1;1,144751E+0;;
02/12/2021  12:05:21,497558;1,114165E+0;-6,791668E-2;3,464144E-2;1,143717E+0;;
02/12/2021  12:05:21,497658;1,113652E+0;1,002936E-1;1,183634E-1;1,142679E+0;;
02/12/2021  12:05:21,497758;1,113676E+0;1,251428E-1;1,727037E-1;1,141639E+0;;
02/12/2021  12:05:21,497858;1,113327E+0;9,201048E-2;1,148882E-1;1,140598E+0;;
02/12/2021  12:05:21,497958;1,113202E+0;1,149482E-1;1,335282E-1;1,139557E+0;;
02/12/2021  12:05:21,498058;1,111381E+0;7,289568E-2;8,803395E-2;1,138518E+0;;
02/12/2021  12:05:21,498158;1,111393E+0;1,305587E-1;1,433221E-1;1,137482E+0;;
02/12/2021  12:05:21,498258;1,112073E+0;1,541336E-1;1,471132E-1;1,136450E+0;;
02/12/2021  12:05:21,498358;1,111018E+0;1,847173E-1;1,613302E-1;1,135423E+0;;
02/12/2021  12:05:21,498458;1,110443E+0;1,799386E-1;1,572231E-1;1,134404E+0;;
02/12/2021  12:05:21,498558;1,108794E+0;1,828058E-1;1,572231E-1;1,133392E+0;;
02/12/2021  12:05:21,498658;1,109268E+0;1,557265E-1;1,262617E-1;1,132389E+0;;
02/12/2021  12:05:21,498758;1,109289E+0;1,649653E-1;1,366875E-1;1,131396E+0;;
02/12/2021  12:05:21,498858;1,108166E+0;1,362931E-1;1,265777E-1;1,130413E+0;;
02/12/2021  12:05:21,498958;1,107334E+0;1,063466E-1;1,205749E-1;1,129441E+0;;
02/12/2021  12:05:21,499058;1,106193E+0;1,012493E-1;1,107811E-1;1,128482E+0;;
02/12/2021  12:05:21,499158;1,106425E+0;1,687883E-1;1,474292E-1;1,127536E+0;;
02/12/2021  12:05:21,499258;1,106628E+0;1,311958E-1;1,297370E-1;1,126602E+0;;
02/12/2021  12:05:21,499358;1,105191E+0;7,193994E-2;8,550650E-2;1,125682E+0;;
02/12/2021  12:05:21,499458;1,104613E+0;1,362931E-1;1,455336E-1;1,124777E+0;;
02/12/2021  12:05:21,499558;1,103266E+0;1,340630E-1;1,256299E-1;1,123886E+0;;
02/12/2021  12:05:21,499658;1,102935E+0;1,060280E-1;1,167838E-1;1,123009E+0;;
02/12/2021  12:05:21,499758;1,103263E+0;1,426647E-1;1,638576E-1;1,122147E+0;;
02/12/2021  12:05:21,499858;1,102080E+0;1,397975E-1;1,332122E-1;1,121300E+0;;
02/12/2021  12:05:21,499958;1,101266E+0;1,388417E-1;1,430061E-1;1,120468E+0;;
02/12/2021  12:05:21,500058;1,100313E+0;1,216384E-1;1,272095E-1;1,119651E+0;;
02/12/2021  12:05:21,500158;1,101266E+0;1,174969E-1;1,177316E-1;1,118848E+0;;
02/12/2021  12:05:21,500258;1,101508E+0;1,331073E-1;1,366875E-1;1,118060E+0;;
02/12/2021  12:05:21,500358;1,101025E+0;1,280100E-1;1,338441E-1;1,117287E+0;;
02/12/2021  12:05:21,500458;1,100599E+0;1,270543E-1;1,354238E-1;1,116529E+0;;
02/12/2021  12:05:21,500558;1,100035E+0;4,326774E-2;8,424277E-2;1,115785E+0;;
02/12/2021  12:05:21,500658;1,100196E+0;1,136739E-1;1,158360E-1;1,115057E+0;;
02/12/2021  12:05:21,500758;1,100602E+0;1,318330E-1;1,420583E-1;1,114344E+0;;
02/12/2021  12:05:21,500858;1,099946E+0;1,436204E-1;1,445858E-1;1,113646E+0;;
02/12/2021  12:05:21,500958;1,099323E+0;6,397544E-2;7,255328E-2;1,112963E+0;;
02/12/2021  12:05:21,501058;1,099252E+0;8,659462E-2;8,203124E-2;1,112296E+0;;
02/12/2021  12:05:21,501158;1,100059E+0;1,194084E-1;1,388990E-1;1,111645E+0;;
02/12/2021  12:05:21,501258;1,100900E+0;1,391603E-1;1,426902E-1;1,111009E+0;;
02/12/2021  12:05:21,501358;1,099842E+0;1,442576E-1;1,648054E-1;1,110390E+0;;
02/12/2021  12:05:21,501458;1,099460E+0;1,197269E-1;1,240502E-1;1,109786E+0;;
02/12/2021  12:05:21,501558;1,099338E+0;1,229127E-1;1,259458E-1;1,109199E+0;;
02/12/2021  12:05:21,501658;1,100876E+0;1,493549E-1;1,464814E-1;1,108628E+0;;
02/12/2021  12:05:21,501758;1,100634E+0;1,155854E-1;1,272095E-1;1,108075E+0;;
02/12/2021  12:05:21,501858;1,100569E+0;1,340630E-1;1,477451E-1;1,107538E+0;;
02/12/2021  12:05:21,501958;1,100819E+0;1,461691E-1;1,474292E-1;1,107019E+0;;
02/12/2021  12:05:21,502058;1,100655E+0;1,267357E-1;1,300529E-1;1,106517E+0;;
02/12/2021  12:05:21,502158;1,102464E+0;1,420275E-1;1,483770E-1;1,106033E+0;;
02/12/2021  12:05:21,502258;1,102640E+0;1,302401E-1;1,300529E-1;1,105567E+0;;
02/12/2021  12:05:21,502358;1,102142E+0;1,372488E-1;1,363715E-1;1,105121E+0;;
02/12/2021  12:05:21,502458;1,101785E+0;1,009307E-1;1,202590E-1;1,104693E+0;;
02/12/2021  12:05:21,502558;1,101829E+0;1,289658E-1;1,654373E-1;1,104285E+0;;
02/12/2021  12:05:21,502658;1,102873E+0;9,105474E-2;1,224705E-1;1,103896E+0;;
02/12/2021  12:05:21,502758;1,103102E+0;1,190898E-1;1,227865E-1;1,103527E+0;;
02/12/2021  12:05:21,502858;1,103287E+0;1,108067E-1;9,561632E-2;1,103178E+0;;
02/12/2021  12:05:21,502958;1,102595E+0;1,439390E-1;1,401627E-1;1,102849E+0;;
02/12/2021  12:05:21,503058;1,103019E+0;1,436204E-1;1,341600E-1;1,102540E+0;;
02/12/2021  12:05:21,503158;1,104607E+0;1,111253E-1;1,101492E-1;1,102252E+0;;
02/12/2021  12:05:21,503258;1,104148E+0;1,206827E-1;1,534319E-1;1,101983E+0;;
02/12/2021  12:05:21,503358;1,104443E+0;1,305587E-1;1,278414E-1;1,101735E+0;;
02/12/2021  12:05:21,503458;1,103549E+0;1,296029E-1;1,253139E-1;1,101508E+0;;
02/12/2021  12:05:21,503558;1,104291E+0;1,200455E-1;1,158360E-1;1,101300E+0;;
02/12/2021  12:05:21,503658;1,104744E+0;1,311958E-1;1,227865E-1;1,101113E+0;;
02/12/2021  12:05:21,503758;1,105057E+0;1,347002E-1;1,366875E-1;1,100945E+0;;
02/12/2021  12:05:21,503858;1,105242E+0;1,120810E-1;1,234183E-1;1,100796E+0;;
02/12/2021  12:05:21,503958;1,104849E+0;1,082581E-1;1,155200E-1;1,100668E+0;;
02/12/2021  12:05:21,504058;1,105930E+0;1,280100E-1;1,351078E-1;1,100558E+0;;
02/12/2021  12:05:21,504158;1,106923E+0;1,506292E-1;1,853410E-1;1,100466E+0;;
02/12/2021  12:05:21,504258;1,107131E+0;1,296029E-1;1,243661E-1;1,100394E+0;;
02/12/2021  12:05:21,504358;1,107328E+0;1,853544E-1;1,856569E-1;1,100340E+0;;
02/12/2021  12:05:21,504458;1,106702E+0;1,420275E-1;1,376353E-1;1,100304E+0;;
02/12/2021  12:05:21,504558;1,107847E+0;1,168597E-1;1,673329E-1;1,100286E+0;;
02/12/2021  12:05:21,504658;1,108708E+0;1,238685E-1;1,357397E-1;1,100285E+0;;
02/12/2021  12:05:21,504758;1,108634E+0;1,254614E-1;1,120448E-1;1,100302E+0;;
02/12/2021  12:05:21,504858;1,108246E+0;1,190898E-1;1,328963E-1;1,100337E+0;;
02/12/2021  12:05:21,504958;1,107811E+0;1,210013E-1;1,246821E-1;1,100387E+0;;
02/12/2021  12:05:21,505058;1,109608E+0;1,369303E-1;1,347919E-1;1,100454E+0;;
02/12/2021  12:05:21,505158;1,109668E+0;1,391603E-1;1,423743E-1;1,100537E+0;;
02/12/2021  12:05:21,505258;1,109727E+0;1,104881E-1;1,224705E-1;1,100635E+0;;
02/12/2021  12:05:21,505358;1,108586E+0;1,171783E-1;1,133085E-1;1,100748E+0;;
02/12/2021  12:05:21,505458;1,108255E+0;1,534964E-1;1,079377E-1;1,100876E+0;;
02/12/2021  12:05:21,505558;1,109239E+0;1,245056E-1;1,287892E-1;1,101016E+0;;
02/12/2021  12:05:21,505658;1,109414E+0;1,350188E-1;1,341600E-1;1,101170E+0;;
02/12/2021  12:05:21,505758;1,109778E+0;1,213198E-1;1,205749E-1;1,101335E+0;;
02/12/2021  12:05:21,505858;1,109385E+0;1,401161E-1;1,287892E-1;1,101512E+0;;
02/12/2021  12:05:21,505958;1,109590E+0;1,394789E-1;1,562753E-1;1,101699E+0;;
02/12/2021  12:05:21,506058;1,110857E+0;1,117624E-1;1,531159E-1;1,101896E+0;;
02/12/2021  12:05:21,506158;1,112052E+0;1,321516E-1;1,325804E-1;1,102102E+0;;
02/12/2021  12:05:21,506258;1,112261E+0;1,117624E-1;1,256299E-1;1,102317E+0;;
02/12/2021  12:05:21,506358;1,113152E+0;1,276914E-1;1,569071E-1;1,102540E+0;;
02/12/2021  12:05:21,506458;1,113840E+0;1,299215E-1;1,275255E-1;1,102771E+0;;
02/12/2021  12:05:21,506558;1,116046E+0;1,101695E-1;1,676488E-1;1,103010E+0;;
02/12/2021  12:05:21,506658;1,117363E+0;9,169190E-2;8,740209E-2;1,103258E+0;;
02/12/2021  12:05:21,506758;1,117282E+0;1,238685E-1;1,249980E-1;1,103514E+0;;
02/12/2021  12:05:21,506858;1,118179E+0;1,296029E-1;1,344760E-1;1,103778E+0;;
02/12/2021  12:05:21,506958;1,119708E+0;1,375674E-1;1,319485E-1;1,104052E+0;;
02/12/2021  12:05:21,507058;1,122078E+0;7,130278E-2;8,487463E-2;1,104335E+0;;
02/12/2021  12:05:21,507158;1,122999E+0;1,155854E-1;1,174156E-1;1,104629E+0;;
02/12/2021  12:05:21,507258;1,123350E+0;1,353374E-1;1,158360E-1;1,104933E+0;;
02/12/2021  12:05:21,507358;1,123899E+0;1,108067E-1;1,035146E-1;1,105250E+0;;
02/12/2021  12:05:21,507458;1,125320E+0;1,066652E-1;8,866581E-2;1,105578E+0;;
02/12/2021  12:05:21,507558;1,126658E+0;1,187712E-1;1,262617E-1;1,105919E+0;;
02/12/2021  12:05:21,507658;1,127955E+0;1,235499E-1;1,310007E-1;1,106275E+0;;
02/12/2021  12:05:21,507758;1,128676E+0;1,254614E-1;1,281573E-1;1,106644E+0;;
02/12/2021  12:05:21,507858;1,128682E+0;1,225942E-1;1,227865E-1;1,107028E+0;;
02/12/2021  12:05:21,507958;1,130449E+0;1,260985E-1;1,095173E-1;1,107428E+0;;
02/12/2021  12:05:21,508058;1,132059E+0;1,120810E-1;1,104651E-1;1,107843E+0;;
02/12/2021  12:05:21,508158;1,133012E+0;1,455319E-1;1,313166E-1;1,108275E+0;;
02/12/2021  12:05:21,508258;1,132926E+0;1,557265E-1;1,325804E-1;1,108724E+0;;
02/12/2021  12:05:21,508358;1,133611E+0;1,487177E-1;1,385831E-1;1,109190E+0;;
02/12/2021  12:05:21,508458;1,135027E+0;1,299215E-1;1,281573E-1;1,109673E+0;;
02/12/2021  12:05:21,508558;1,135984E+0;1,729298E-1;1,960827E-1;1,110175E+0;;
02/12/2021  12:05:21,508658;1,137128E+0;1,452133E-1;1,221546E-1;1,110694E+0;;
02/12/2021  12:05:21,508758;1,137462E+0;1,022050E-1;1,079377E-1;1,111231E+0;;
02/12/2021  12:05:21,508858;1,138159E+0;1,149482E-1;1,110970E-1;1,111786E+0;;
02/12/2021  12:05:21,508958;1,139334E+0;1,088952E-1;1,388990E-1;1,112359E+0;;
02/12/2021  12:05:21,509058;1,140773E+0;1,203641E-1;1,287892E-1;1,112949E+0;;
02/12/2021  12:05:21,509158;1,140961E+0;1,123996E-1;1,161519E-1;1,113558E+0;;
02/12/2021  12:05:21,509258;1,141372E+0;1,031608E-1;1,196272E-1;1,114183E+0;;
02/12/2021  12:05:21,509358;1,141560E+0;6,206396E-2;1,009872E-1;1,114826E+0;;
02/12/2021  12:05:21,509458;1,143160E+0;9,105474E-2;1,060421E-1;1,115486E+0;;
02/12/2021  12:05:21,509558;1,143893E+0;1,069837E-1;1,107811E-1;1,116161E+0;;
02/12/2021  12:05:21,509658;1,144650E+0;1,088952E-1;1,183634E-1;1,116852E+0;;
02/12/2021  12:05:21,509758;1,145860E+0;1,002936E-1;1,110970E-1;1,117559E+0;;
02/12/2021  12:05:21,509858;1,145893E+0;-4,051880E-2;3,364175E-3;1,118280E+0;;
02/12/2021  12:05:21,509958;1,147362E+0;1,299215E-1;1,401627E-1;1,119015E+0;;
02/12/2021  12:05:21,510058;1,148602E+0;1,101695E-1;1,193112E-1;1,119764E+0;;
02/12/2021  12:05:21,510158;1,148531E+0;1,079395E-1;1,392149E-1;1,120525E+0;;
02/12/2021  12:05:21,510258;1,149070E+0;9,073616E-2;1,031987E-1;1,121299E+0;;
02/12/2021  12:05:21,510358;1,149845E+0;1,082581E-1;1,221546E-1;1,122085E+0;;
02/12/2021  12:05:21,510458;1,151174E+0;9,806350E-2;9,624818E-2;1,122882E+0;;
02/12/2021  12:05:21,510558;1,152265E+0;8,914326E-2;1,054102E-1;1,123690E+0;;
02/12/2021  12:05:21,510658;1,153079E+0;9,774492E-2;1,253139E-1;1,124507E+0;;
02/12/2021  12:05:21,510758;1,152757E+0;9,519628E-2;1,243661E-1;1,125333E+0;;
02/12/2021  12:05:21,510858;1,152897E+0;1,025236E-1;1,212068E-1;1,126167E+0;;
02/12/2021  12:05:21,510958;1,155207E+0;1,130368E-1;1,224705E-1;1,127010E+0;;
02/12/2021  12:05:21,511058;1,155365E+0;1,044351E-1;1,142563E-1;1,127859E+0;;
02/12/2021  12:05:21,511158;1,155713E+0;1,296029E-1;1,363715E-1;1,128714E+0;;
02/12/2021  12:05:21,511258;1,155302E+0;1,506292E-1;1,518522E-1;1,129575E+0;;
02/12/2021  12:05:21,511358;1,155743E+0;1,229127E-1;1,221546E-1;1,130441E+0;;
02/12/2021  12:05:21,511458;1,156652E+0;1,942747E-1;1,338441E-1;1,131310E+0;;
02/12/2021  12:05:21,511558;1,156870E+0;1,598680E-1;1,502726E-1;1,132181E+0;;
02/12/2021  12:05:21,511658;1,157197E+0;4,294916E-2;9,688005E-2;1,133055E+0;;
02/12/2021  12:05:21,511758;1,157266E+0;1,742041E-1;1,490088E-1;1,133929E+0;;
02/12/2021  12:05:21,511858;1,158083E+0;1,060280E-1;1,110970E-1;1,134803E+0;;
02/12/2021  12:05:21,511958;1,159576E+0;-1,471382E-2;5,138584E-2;1,135675E+0;;
02/12/2021  12:05:21,512058;1,159796E+0;1,538150E-1;1,155200E-1;1,136546E+0;;
02/12/2021  12:05:21,512158;1,159311E+0;1,630538E-1;1,505885E-1;1,137413E+0;;
02/12/2021  12:05:21,512258;1,159522E+0;1,162226E-1;1,275255E-1;1,138277E+0;;
02/12/2021  12:05:21,512358;1,160374E+0;1,210013E-1;1,142563E-1;1,139136E+0;;
02/12/2021  12:05:21,512458;1,160962E+0;1,315144E-1;1,231024E-1;1,139990E+0;;
02/12/2021  12:05:21,512558;1,161516E+0;1,270543E-1;1,281573E-1;1,140837E+0;;
02/12/2021  12:05:21,512658;1,160765E+0;1,296029E-1;1,291051E-1;1,141677E+0;;
02/12/2021  12:05:21,512758;1,160822E+0;1,315144E-1;1,328963E-1;1,142510E+0;;
02/12/2021  12:05:21,512858;1,161331E+0;1,366117E-1;1,253139E-1;1,143334E+0;;
02/12/2021  12:05:21,512958;1,161695E+0;1,563636E-1;2,099837E-1;1,144148E+0;;
02/12/2021  12:05:21,513058;1,161716E+0;1,254614E-1;1,050943E-1;1,144952E+0;;
02/12/2021  12:05:21,513158;1,160196E+0;1,219570E-1;1,284732E-1;1,145745E+0;;
02/12/2021  12:05:21,513258;1,158723E+0;9,105474E-2;1,123607E-1;1,146526E+0;;
02/12/2021  12:05:21,513358;1,158625E+0;9,487770E-2;1,174156E-1;1,147294E+0;;
02/12/2021  12:05:21,513458;1,158863E+0;1,375674E-1;1,445858E-1;1,148047E+0;;
02/12/2021  12:05:21,513558;1,158375E+0;1,433019E-1;1,303688E-1;1,148784E+0;;
02/12/2021  12:05:21,513658;1,157549E+0;1,143111E-1;1,262617E-1;1,149504E+0;;
02/12/2021  12:05:21,513758;1,157412E+0;1,308772E-1;1,373193E-1;1,150206E+0;;
02/12/2021  12:05:21,513858;1,157761E+0;1,098510E-1;1,701763E-1;1,150888E+0;;
02/12/2021  12:05:21,513958;1,157954E+0;1,206827E-1;1,249980E-1;1,151549E+0;;
02/12/2021  12:05:21,514058;1,157391E+0;1,181340E-1;1,231024E-1;1,152189E+0;;
02/12/2021  12:05:21,514158;1,156542E+0;1,219570E-1;1,300529E-1;1,152806E+0;;
02/12/2021  12:05:21,514258;1,156485E+0;1,184526E-1;1,025668E-1;1,153399E+0;;
02/12/2021  12:05:21,514358;1,157174E+0;1,136739E-1;1,202590E-1;1,153969E+0;;
02/12/2021  12:05:21,514458;1,157650E+0;1,203641E-1;1,278414E-1;1,154514E+0;;
02/12/2021  12:05:21,514558;1,157850E+0;1,254614E-1;1,303688E-1;1,155033E+0;;
02/12/2021  12:05:21,514658;1,156828E+0;1,095324E-1;1,107811E-1;1,155527E+0;;
02/12/2021  12:05:21,514758;1,157186E+0;1,235499E-1;1,218387E-1;1,155996E+0;;
02/12/2021  12:05:21,514858;1,158965E+0;1,101695E-1;1,300529E-1;1,156439E+0;;
02/12/2021  12:05:21,514958;1,158863E+0;1,391603E-1;1,310007E-1;1,156856E+0;;
02/12/2021  12:05:21,515058;1,159030E+0;1,098510E-1;1,347919E-1;1,157248E+0;;
02/12/2021  12:05:21,515158;1,158121E+0;1,203641E-1;1,622780E-1;1,157616E+0;;
02/12/2021  12:05:21,515258;1,158023E+0;1,283286E-1;1,281573E-1;1,157959E+0;;
02/12/2021  12:05:21,515358;1,158154E+0;1,267357E-1;1,268936E-1;1,158278E+0;;
02/12/2021  12:05:21,515458;1,158410E+0;1,088952E-1;1,199431E-1;1,158575E+0;;
02/12/2021  12:05:21,515558;1,158801E+0;1,321516E-1;1,411105E-1;1,158848E+0;;
02/12/2021  12:05:21,515658;1,158104E+0;1,458505E-1;1,458495E-1;1,159099E+0;;
02/12/2021  12:05:21,515758;1,158774E+0;1,034794E-1;1,120448E-1;1,159329E+0;;
02/12/2021  12:05:21,515858;1,160020E+0;1,260985E-1;1,253139E-1;1,159538E+0;;
02/12/2021  12:05:21,515958;1,159615E+0;1,283286E-1;1,347919E-1;1,159727E+0;;
02/12/2021  12:05:21,516058;1,159430E+0;1,318330E-1;1,221546E-1;1,159896E+0;;
02/12/2021  12:05:21,516158;1,158852E+0;1,037979E-1;8,866581E-2;1,160048E+0;;
02/12/2021  12:05:21,516258;1,159385E+0;1,178155E-1;1,107811E-1;1,160183E+0;;
02/12/2021  12:05:21,516358;1,160267E+0;9,838208E-2;1,076217E-1;1,160301E+0;;
02/12/2021  12:05:21,516458;1,160297E+0;9,774492E-2;1,227865E-1;1,160403E+0;;
02/12/2021  12:05:21,516558;1,160640E+0;1,245056E-1;1,167838E-1;1,160491E+0;;
02/12/2021  12:05:21,516658;1,159948E+0;4,040052E-2;8,171531E-2;1,160566E+0;;
02/12/2021  12:05:21,516758;1,160830E+0;1,347002E-1;1,177316E-1;1,160629E+0;;
02/12/2021  12:05:21,516858;1,161754E+0;1,283286E-1;1,357397E-1;1,160680E+0;;
02/12/2021  12:05:21,516958;1,161689E+0;1,413904E-1;1,480610E-1;1,160720E+0;;
02/12/2021  12:05:21,517058;1,161719E+0;1,302401E-1;1,303688E-1;1,160752E+0;;
02/12/2021  12:05:21,517158;1,160294E+0;8,914326E-2;1,031987E-1;1,160775E+0;;
02/12/2021  12:05:21,517258;1,160237E+0;1,280100E-1;1,313166E-1;1,160791E+0;;
02/12/2021  12:05:21,517358;1,160431E+0;1,984162E-1;2,166183E-1;1,160801E+0;;
02/12/2021  12:05:21,517458;1,159957E+0;1,356559E-1;1,360556E-1;1,160804E+0;;
02/12/2021  12:05:21,517558;1,159275E+0;1,245056E-1;1,281573E-1;1,160802E+0;;
02/12/2021  12:05:21,517658;1,158574E+0;1,359745E-1;1,328963E-1;1,160795E+0;;
02/12/2021  12:05:21,517758;1,158813E+0;1,589123E-1;1,524841E-1;1,160782E+0;;
02/12/2021  12:05:21,517858;1,158348E+0;1,181340E-1;1,366875E-1;1,160765E+0;;
02/12/2021  12:05:21,517958;1,157552E+0;1,299215E-1;1,272095E-1;1,160744E+0;;
02/12/2021  12:05:21,518058;1,156333E+0;1,123996E-1;1,281573E-1;1,160718E+0;;
02/12/2021  12:05:21,518158;1,155189E+0;1,318330E-1;1,291051E-1;1,160687E+0;;
02/12/2021  12:05:21,518258;1,155275E+0;1,417090E-1;1,477451E-1;1,160652E+0;;
02/12/2021  12:05:21,518358;1,154777E+0;1,356559E-1;1,401627E-1;1,160611E+0;;
02/12/2021  12:05:21,518458;1,153833E+0;1,343816E-1;1,322644E-1;1,160564E+0;;
02/12/2021  12:05:21,518558;1,152614E+0;1,162226E-1;1,395309E-1;1,160510E+0;;
02/12/2021  12:05:21,518658;1,152268E+0;1,519035E-1;1,948190E-1;1,160450E+0;;
02/12/2021  12:05:21,518758;1,152918E+0;1,404346E-1;1,417424E-1;1,160383E+0;;
02/12/2021  12:05:21,518858;1,152238E+0;1,229127E-1;1,224705E-1;1,160308E+0;;
02/12/2021  12:05:21,518958;1,151356E+0;1,181340E-1;1,262617E-1;1,160224E+0;;
02/12/2021  12:05:21,519058;1,150447E+0;1,452133E-1;1,208909E-1;1,160132E+0;;
02/12/2021  12:05:21,519158;1,149392E+0;1,439390E-1;1,363715E-1;1,160031E+0;;
02/12/2021  12:05:21,519258;1,149282E+0;1,095324E-1;1,205749E-1;1,159920E+0;;
02/12/2021  12:05:21,519358;1,149452E+0;1,098510E-1;1,196272E-1;1,159799E+0;;
02/12/2021  12:05:21,519458;1,147857E+0;1,280100E-1;1,366875E-1;1,159668E+0;;
02/12/2021  12:05:21,519558;1,147628E+0;1,318330E-1;1,186794E-1;1,159526E+0;;
02/12/2021  12:05:21,519658;1,147509E+0;1,002936E-1;1,092014E-1;1,159372E+0;;
02/12/2021  12:05:21,519758;1,148477E+0;9,487770E-2;1,284732E-1;1,159207E+0;;
02/12/2021  12:05:21,519858;1,147672E+0;1,378860E-1;1,414265E-1;1,159031E+0;;
02/12/2021  12:05:21,519958;1,147669E+0;1,171783E-1;1,224705E-1;1,158842E+0;;
02/12/2021  12:05:21,520058;1,146197E+0;1,343816E-1;1,449017E-1;1,158643E+0;;
02/12/2021  12:05:21,520158;1,146296E+0;2,797590E-2;8,677022E-2;1,158432E+0;;
02/12/2021  12:05:21,520258;1,146802E+0;6,843556E-2;9,814378E-2;1,158210E+0;;
02/12/2021  12:05:21,520358;1,146564E+0;1,394789E-1;1,436380E-1;1,157977E+0;;
02/12/2021  12:05:21,520458;1,146039E+0;1,471248E-1;1,382671E-1;1,157733E+0;;
02/12/2021  12:05:21,520558;1,144889E+0;1,382046E-1;1,344760E-1;1,157479E+0;;
02/12/2021  12:05:21,520658;1,144737E+0;1,053908E-1;1,145722E-1;1,157215E+0;;
02/12/2021  12:05:21,520758;1,145637E+0;1,171783E-1;1,088855E-1;1,156941E+0;;
02/12/2021  12:05:21,520858;1,145610E+0;1,595494E-1;2,084040E-1;1,156658E+0;;
02/12/2021  12:05:21,520958;1,144534E+0;1,356559E-1;1,243661E-1;1,156366E+0;;
02/12/2021  12:05:21,521058;1,143798E+0;1,104881E-1;1,145722E-1;1,156065E+0;;
02/12/2021  12:05:21,521158;1,143330E+0;1,343816E-1;1,287892E-1;1,155757E+0;;
02/12/2021  12:05:21,521258;1,144177E+0;1,347002E-1;1,243661E-1;1,155441E+0;;
02/12/2021  12:05:21,521358;1,142961E+0;1,210013E-1;1,287892E-1;1,155119E+0;;
02/12/2021  12:05:21,521458;1,142743E+0;1,241871E-1;1,224705E-1;1,154789E+0;;
02/12/2021  12:05:21,521558;1,142007E+0;1,241871E-1;1,253139E-1;1,154454E+0;;
02/12/2021  12:05:21,521658;1,142233E+0;1,746276E-2;8,234717E-2;1,154113E+0;;
02/12/2021  12:05:21,521758;1,142746E+0;1,671954E-1;1,531159E-1;1,153766E+0;;
02/12/2021  12:05:21,521858;1,141700E+0;1,245056E-1;8,708615E-2;1,153415E+0;;
02/12/2021  12:05:21,521958;1,140913E+0;1,362931E-1;1,284732E-1;1,153059E+0;;
02/12/2021  12:05:21,522058;1,139903E+0;1,184526E-1;1,291051E-1;1,152699E+0;;
02/12/2021  12:05:21,522158;1,139801E+0;1,410718E-1;1,581709E-1;1,152335E+0;;
02/12/2021  12:05:21,522258;1,138618E+0;1,178155E-1;1,385831E-1;1,151968E+0;;
02/12/2021  12:05:21,522358;1,137846E+0;1,095324E-1;1,063580E-1;1,151597E+0;;
02/12/2021  12:05:21,522458;1,136329E+0;1,050723E-1;1,155200E-1;1,151223E+0;;
02/12/2021  12:05:21,522558;1,134467E+0;1,308772E-1;1,275255E-1;1,150845E+0;;
02/12/2021  12:05:21,522658;1,135206E+0;6,620550E-2;1,622780E-1;1,150464E+0;;
02/12/2021  12:05:21,522758;1,133743E+0;9,710776E-2;1,126766E-1;1,150077E+0;;
02/12/2021  12:05:21,522858;1,132366E+0;1,002936E-1;1,098333E-1;1,149687E+0;;
02/12/2021  12:05:21,522958;1,130852E+0;1,073023E-1;1,278414E-1;1,149290E+0;;
02/12/2021  12:05:21,523058;1,129025E+0;1,174969E-1;1,322644E-1;1,148889E+0;;
02/12/2021  12:05:21,523158;1,129278E+0;9,424054E-2;1,123607E-1;1,148480E+0;;
02/12/2021  12:05:21,523258;1,127865E+0;9,296622E-2;1,038306E-1;1,148064E+0;;
02/12/2021  12:05:21,523358;1,127386E+0;1,047537E-1;1,126766E-1;1,147641E+0;;
02/12/2021  12:05:21,523458;1,125174E+0;8,723178E-2;1,050943E-1;1,147208E+0;;
02/12/2021  12:05:21,523558;1,124638E+0;1,034794E-1;1,240502E-1;1,146766E+0;;
02/12/2021  12:05:21,523658;1,124668E+0;1,280100E-1;1,423743E-1;1,146315E+0;;
02/12/2021  12:05:21,523758;1,124271E+0;8,914326E-2;9,751191E-2;1,145852E+0;;
02/12/2021  12:05:21,523858;1,123446E+0;9,742634E-2;1,366875E-1;1,145379E+0;;
02/12/2021  12:05:21,523958;1,122349E+0;7,257710E-2;9,782784E-2;1,144894E+0;;
02/12/2021  12:05:21,524058;1,122215E+0;1,015679E-1;1,155200E-1;1,144398E+0;;
02/12/2021  12:05:21,524158;1,121860E+0;1,190898E-1;1,376353E-1;1,143890E+0;;
02/12/2021  12:05:21,524258;1,121622E+0;1,203641E-1;1,294210E-1;1,143371E+0;;
02/12/2021  12:05:21,524358;1,121511E+0;1,372488E-1;1,483770E-1;1,142840E+0;;
02/12/2021  12:05:21,524458;1,120328E+0;1,493549E-1;1,474292E-1;1,142298E+0;;
02/12/2021  12:05:21,524558;1,120385E+0;1,563636E-1;1,471132E-1;1,141744E+0;;
02/12/2021  12:05:21,524658;1,120313E+0;1,722926E-1;1,597505E-1;1,141181E+0;;
02/12/2021  12:05:21,524758;1,119923E+0;2,000091E-1;1,679647E-1;1,140607E+0;;
02/12/2021  12:05:21,524858;1,118269E+0;1,726112E-1;1,512204E-1;1,140023E+0;;
02/12/2021  12:05:21,524958;1,117387E+0;1,818500E-1;1,603824E-1;1,139431E+0;;
02/12/2021  12:05:21,525058;1,117008E+0;1,519035E-1;1,376353E-1;1,138830E+0;;
02/12/2021  12:05:21,525158;1,117035E+0;1,413904E-1;1,199431E-1;1,138220E+0;;
02/12/2021  12:05:21,525258;1,116466E+0;1,490363E-1;1,550115E-1;1,137603E+0;;
02/12/2021  12:05:21,525358;1,115396E+0;8,468314E-2;1,041465E-1;1,136979E+0;;
02/12/2021  12:05:21,525458;1,114707E+0;1,203641E-1;1,278414E-1;1,136348E+0;;
02/12/2021  12:05:21,525558;1,115008E+0;1,063466E-1;1,114129E-1;1,135710E+0;;
02/12/2021  12:05:21,525658;1,115885E+0;1,270543E-1;1,082536E-1;1,135067E+0;;
02/12/2021  12:05:21,525758;1,115163E+0;1,219570E-1;1,110970E-1;1,134419E+0;;
02/12/2021  12:05:21,525858;1,114764E+0;1,155854E-1;1,205749E-1;1,133767E+0;;
02/12/2021  12:05:21,525958;1,114081E+0;1,280100E-1;1,341600E-1;1,133112E+0;;
02/12/2021  12:05:21,526058;1,115274E+0;1,461691E-1;1,442698E-1;1,132454E+0;;
02/12/2021  12:05:21,526158;1,116093E+0;1,305587E-1;1,328963E-1;1,131795E+0;;
02/12/2021  12:05:21,526258;1,115339E+0;1,022050E-1;1,123607E-1;1,131136E+0;;
02/12/2021  12:05:21,526358;1,115783E+0;1,159040E-1;1,202590E-1;1,130478E+0;;
02/12/2021  12:05:21,526458;1,115762E+0;1,248242E-1;1,167838E-1;1,129822E+0;;
02/12/2021  12:05:21,526558;1,117199E+0;1,260985E-1;1,215227E-1;1,129170E+0;;
02/12/2021  12:05:21,526658;1,117396E+0;1,187712E-1;1,335282E-1;1,128522E+0;;
02/12/2021  12:05:21,526758;1,117282E+0;1,296029E-1;1,218387E-1;1,127881E+0;;
02/12/2021  12:05:21,526858;1,117139E+0;1,292843E-1;1,701763E-1;1,127248E+0;;
02/12/2021  12:05:21,526958;1,115971E+0;1,044351E-1;9,909157E-2;1,126624E+0;;
02/12/2021  12:05:21,527058;1,116788E+0;1,257800E-1;1,284732E-1;1,126011E+0;;
02/12/2021  12:05:21,527158;1,116615E+0;9,838208E-2;1,107811E-1;1,125408E+0;;
02/12/2021  12:05:21,527258;1,116820E+0;1,139925E-1;1,152041E-1;1,124819E+0;;
02/12/2021  12:05:21,527358;1,115587E+0;1,487177E-1;1,534319E-1;1,124242E+0;;
02/12/2021  12:05:21,527458;1,115569E+0;1,378860E-1;6,844617E-2;1,123680E+0;;
02/12/2021  12:05:21,527558;1,116037E+0;1,359745E-1;1,297370E-1;1,123132E+0;;
02/12/2021  12:05:21,527658;1,115384E+0;1,025236E-1;1,145722E-1;1,122599E+0;;
02/12/2021  12:05:21,527758;1,114958E+0;1,356559E-1;1,392149E-1;1,122083E+0;;
02/12/2021  12:05:21,527858;1,113745E+0;2,256004E-2;6,339125E-2;1,121582E+0;;
02/12/2021  12:05:21,527958;1,113405E+0;1,168597E-1;1,237343E-1;1,121097E+0;;
02/12/2021  12:05:21,528058;1,113867E+0;1,076209E-1;1,129926E-1;1,120628E+0;;
02/12/2021  12:05:21,528158;1,113521E+0;1,442576E-1;1,392149E-1;1,120175E+0;;
02/12/2021  12:05:21,528258;1,112714E+0;1,483991E-1;1,423743E-1;1,119738E+0;;
02/12/2021  12:05:21,528358;1,112404E+0;9,965640E-2;1,038306E-1;1,119316E+0;;
02/12/2021  12:05:21,528458;1,111614E+0;9,137332E-2;1,003553E-1;1,118910E+0;;
02/12/2021  12:05:21,528558;1,111983E+0;9,583344E-2;1,136244E-1;1,118518E+0;;
02/12/2021  12:05:21,528658;1,111766E+0;1,359745E-1;1,357397E-1;1,118141E+0;;
02/12/2021  12:05:21,528758;1,110800E+0;1,127182E-1;1,262617E-1;1,117778E+0;;
02/12/2021  12:05:21,528858;1,109379E+0;1,407532E-1;1,395309E-1;1,117428E+0;;
02/12/2021  12:05:21,528958;1,108419E+0;1,420275E-1;1,679647E-1;1,117091E+0;;
02/12/2021  12:05:21,529058;1,109045E+0;1,232313E-1;1,291051E-1;1,116766E+0;;
02/12/2021  12:05:21,529158;1,107978E+0;1,391603E-1;1,357397E-1;1,116451E+0;;
02/12/2021  12:05:21,529258;1,107871E+0;1,225942E-1;1,240502E-1;1,116146E+0;;
02/12/2021  12:05:21,529358;1,106762E+0;1,391603E-1;1,401627E-1;1,115851E+0;;
02/12/2021  12:05:21,529458;1,107060E+0;1,155854E-1;1,104651E-1;1,115564E+0;;
02/12/2021  12:05:21,529558;1,107853E+0;1,315144E-1;1,069899E-1;1,115284E+0;;
02/12/2021  12:05:21,529658;1,107865E+0;1,531778E-1;7,444887E-2;1,115011E+0;;
02/12/2021  12:05:21,529758;1,107459E+0;1,117624E-1;1,120448E-1;1,114744E+0;;
02/12/2021  12:05:21,529858;1,107111E+0;1,305587E-1;1,281573E-1;1,114483E+0;;
02/12/2021  12:05:21,529958;1,107400E+0;1,353374E-1;1,344760E-1;1,114228E+0;;
02/12/2021  12:05:21,530058;1,108815E+0;1,149482E-1;1,035146E-1;1,113977E+0;;
02/12/2021  12:05:21,530158;1,108842E+0;1,133553E-1;1,202590E-1;1,113731E+0;;
02/12/2021  12:05:21,530258;1,109182E+0;1,219570E-1;1,142563E-1;1,113490E+0;;
02/12/2021  12:05:21,530358;1,109262E+0;1,238685E-1;1,370034E-1;1,113255E+0;;
02/12/2021  12:05:21,530458;1,110648E+0;6,588692E-2;1,016190E-1;1,113024E+0;;
02/12/2021  12:05:21,530558;1,112368E+0;1,273729E-1;1,262617E-1;1,112799E+0;;
02/12/2021  12:05:21,530658;1,112728E+0;1,130368E-1;9,056141E-2;1,112581E+0;;
02/12/2021  12:05:21,530758;1,112919E+0;1,283286E-1;1,284732E-1;1,112369E+0;;
02/12/2021  12:05:21,530858;1,112722E+0;1,413904E-1;1,411105E-1;1,112166E+0;;
02/12/2021  12:05:21,530958;1,113962E+0;1,359745E-1;1,695444E-1;1,111971E+0;;
02/12/2021  12:05:21,531058;1,114892E+0;1,280100E-1;1,373193E-1;1,111785E+0;;
02/12/2021  12:05:21,531158;1,115333E+0;8,595746E-2;9,561632E-2;1,111610E+0;;
02/12/2021  12:05:21,531258;1,115607E+0;1,353374E-1;1,411105E-1;1,111446E+0;;
02/12/2021  12:05:21,531358;1,115756E+0;1,286472E-1;1,158360E-1;1,111293E+0;;
02/12/2021  12:05:21,531458;1,117428E+0;1,225942E-1;1,231024E-1;1,111154E+0;;
02/12/2021  12:05:21,531558;1,118316E+0;1,057094E-1;1,164678E-1;1,111028E+0;;
02/12/2021  12:05:21,531658;1,118093E+0;1,366117E-1;1,373193E-1;1,110916E+0;;
02/12/2021  12:05:21,531758;1,117574E+0;1,433019E-1;1,433221E-1;1,110819E+0;;
02/12/2021  12:05:21,531858;1,117416E+0;5,601094E-2;8,076751E-2;1,110738E+0;;
02/12/2021  12:05:21,531958;1,117825E+0;1,136739E-1;1,262617E-1;1,110674E+0;;
02/12/2021  12:05:21,532058;1,117601E+0;1,286472E-1;1,332122E-1;1,110625E+0;;
02/12/2021  12:05:21,532158;1,117956E+0;1,378860E-1;1,370034E-1;1,110593E+0;;
02/12/2021  12:05:21,532258;1,117220E+0;1,245056E-1;1,376353E-1;1,110577E+0;;
02/12/2021  12:05:21,532358;1,117106E+0;1,337445E-1;1,259458E-1;1,110577E+0;;
02/12/2021  12:05:21,532458;1,117956E+0;1,751599E-1;1,619620E-1;1,110593E+0;;
02/12/2021  12:05:21,532558;1,117750E+0;1,219570E-1;1,328963E-1;1,110624E+0;;
02/12/2021  12:05:21,532658;1,116853E+0;1,372488E-1;1,578549E-1;1,110670E+0;;
02/12/2021  12:05:21,532758;1,115768E+0;1,321516E-1;1,291051E-1;1,110731E+0;;
02/12/2021  12:05:21,532858;1,115506E+0;1,270543E-1;1,275255E-1;1,110805E+0;;
02/12/2021  12:05:21,532958;1,115977E+0;1,490363E-1;1,474292E-1;1,110892E+0;;
02/12/2021  12:05:21,533058;1,115908E+0;1,433019E-1;1,395309E-1;1,110991E+0;;
02/12/2021  12:05:21,533158;1,115628E+0;1,503106E-1;1,597505E-1;1,111100E+0;;
02/12/2021  12:05:21,533258;1,114838E+0;9,232906E-2;1,069899E-1;1,111219E+0;;
02/12/2021  12:05:21,533358;1,115342E+0;1,394789E-1;1,366875E-1;1,111346E+0;;
02/12/2021  12:05:21,533458;1,115905E+0;1,382046E-1;1,379512E-1;1,111481E+0;;
02/12/2021  12:05:21,533558;1,116612E+0;1,139925E-1;1,262617E-1;1,111623E+0;;
02/12/2021  12:05:21,533658;1,116224E+0;1,286472E-1;1,341600E-1;1,111771E+0;;
02/12/2021  12:05:21,533758;1,115950E+0;9,487770E-2;1,360556E-1;1,111924E+0;;
02/12/2021  12:05:21,533858;1,116525E+0;1,085766E-1;1,069899E-1;1,112081E+0;;
02/12/2021  12:05:21,533958;1,117354E+0;1,050723E-1;9,150920E-2;1,112242E+0;;
02/12/2021  12:05:21,534058;1,117151E+0;7,193994E-2;1,009872E-1;1,112406E+0;;
02/12/2021  12:05:21,534158;1,117512E+0;1,267357E-1;1,322644E-1;1,112574E+0;;
02/12/2021  12:05:21,534258;1,117592E+0;1,404346E-1;1,392149E-1;1,112743E+0;;
02/12/2021  12:05:21,534358;1,118597E+0;1,483991E-1;1,231024E-1;1,112914E+0;;
02/12/2021  12:05:21,534458;1,120018E+0;1,461691E-1;1,338441E-1;1,113087E+0;;
02/12/2021  12:05:21,534558;1,120215E+0;1,410718E-1;1,480610E-1;1,113262E+0;;
02/12/2021  12:05:21,534658;1,120519E+0;1,270543E-1;1,287892E-1;1,113439E+0;;
02/12/2021  12:05:21,534758;1,120635E+0;1,369303E-1;1,300529E-1;1,113617E+0;;
02/12/2021  12:05:21,534858;1,121949E+0;1,334259E-1;1,291051E-1;1,113798E+0;;
02/12/2021  12:05:21,534958;1,123198E+0;1,200455E-1;1,208909E-1;1,113980E+0;;
02/12/2021  12:05:21,535058;1,123803E+0;1,123996E-1;1,208909E-1;1,114166E+0;;
02/12/2021  12:05:21,535158;1,123762E+0;1,101695E-1;1,114129E-1;1,114354E+0;;
02/12/2021  12:05:21,535258;1,124471E+0;1,095324E-1;1,095173E-1;1,114546E+0;;
02/12/2021  12:05:21,535358;1,126310E+0;9,328480E-2;1,047783E-1;1,114742E+0;;
02/12/2021  12:05:21,535458;1,127165E+0;1,037979E-1;1,313166E-1;1,114943E+0;;
02/12/2021  12:05:21,535558;1,128184E+0;1,079395E-1;1,136244E-1;1,115149E+0;;
02/12/2021  12:05:21,535658;1,128530E+0;1,155854E-1;1,565912E-1;1,115361E+0;;
02/12/2021  12:05:21,535758;1,129019E+0;1,127182E-1;1,420583E-1;1,115580E+0;;
02/12/2021  12:05:21,535858;1,130411E+0;1,229127E-1;1,357397E-1;1,115806E+0;;
02/12/2021  12:05:21,535958;1,130962E+0;1,069837E-1;1,262617E-1;1,116041E+0;;
02/12/2021  12:05:21,536058;1,131054E+0;1,117624E-1;1,243661E-1;1,116284E+0;;
02/12/2021  12:05:21,536158;1,131272E+0;1,283286E-1;1,505885E-1;1,116538E+0;;
02/12/2021  12:05:21,536258;1,131179E+0;8,532030E-2;1,073058E-1;1,116801E+0;;
02/12/2021  12:05:21,536358;1,133269E+0;9,551486E-2;1,243661E-1;1,117074E+0;;
02/12/2021  12:05:21,536458;1,133892E+0;9,965640E-2;1,186794E-1;1,117358E+0;;
02/12/2021  12:05:21,536558;1,134336E+0;1,165411E-1;1,256299E-1;1,117653E+0;;
02/12/2021  12:05:21,536658;1,133439E+0;8,659462E-2;8,013565E-2;1,117959E+0;;
02/12/2021  12:05:21,536758;1,132887E+0;8,946184E-2;1,082536E-1;1,118277E+0;;
02/12/2021  12:05:21,536858;1,133439E+0;9,137332E-2;1,158360E-1;1,118606E+0;;
02/12/2021  12:05:21,536958;1,133704E+0;1,034794E-1;1,246821E-1;1,118946E+0;;
02/12/2021  12:05:21,537058;1,134681E+0;9,933782E-2;1,057261E-1;1,119297E+0;;
02/12/2021  12:05:21,537158;1,134127E+0;9,519628E-2;1,019350E-1;1,119658E+0;;
02/12/2021  12:05:21,537258;1,134765E+0;6,747982E-2;9,751191E-2;1,120029E+0;;
02/12/2021  12:05:21,537358;1,135721E+0;1,509478E-1;1,591187E-1;1,120409E+0;;
02/12/2021  12:05:21,537458;1,136091E+0;1,706997E-1;1,531159E-1;1,120798E+0;;
02/12/2021  12:05:21,537558;1,136136E+0;1,754784E-1;1,622780E-1;1,121196E+0;;
02/12/2021  12:05:21,537658;1,135772E+0;2,159381E-1;1,982942E-1;1,121602E+0;;
02/12/2021  12:05:21,537758;1,136210E+0;2,159381E-1;2,106156E-1;1,122015E+0;;
02/12/2021  12:05:21,537858;1,137358E+0;1,824872E-1;1,796542E-1;1,122435E+0;;
02/12/2021  12:05:21,537958;1,137545E+0;1,506292E-1;1,411105E-1;1,122862E+0;;
02/12/2021  12:05:21,538058;1,139027E+0;1,251428E-1;1,259458E-1;1,123294E+0;;
02/12/2021  12:05:21,538158;1,138311E+0;1,143111E-1;1,310007E-1;1,123732E+0;;
02/12/2021  12:05:21,538258;1,139092E+0;1,528593E-1;1,458495E-1;1,124175E+0;;
02/12/2021  12:05:21,538358;1,140773E+0;1,149482E-1;9,972343E-2;1,124623E+0;;
02/12/2021  12:05:21,538458;1,140445E+0;1,216384E-1;1,310007E-1;1,125076E+0;;
02/12/2021  12:05:21,538558;1,140862E+0;1,190898E-1;1,152041E-1;1,125532E+0;;
02/12/2021  12:05:21,538658;1,139262E+0;1,452133E-1;1,373193E-1;1,125993E+0;;
02/12/2021  12:05:21,538758;1,139745E+0;1,340630E-1;1,259458E-1;1,126457E+0;;
02/12/2021  12:05:21,538858;1,140582E+0;1,311958E-1;1,117289E-1;1,126923E+0;;
02/12/2021  12:05:21,538958;1,141402E+0;1,299215E-1;1,208909E-1;1,127392E+0;;
02/12/2021  12:05:21,539058;1,140979E+0;1,321516E-1;1,325804E-1;1,127862E+0;;
02/12/2021  12:05:21,539158;1,141098E+0;1,267357E-1;1,300529E-1;1,128333E+0;;
02/12/2021  12:05:21,539258;1,142019E+0;1,318330E-1;1,404787E-1;1,128804E+0;;
02/12/2021  12:05:21,539358;1,142606E+0;1,190898E-1;1,234183E-1;1,129275E+0;;
02/12/2021  12:05:21,539458;1,143902E+0;8,404598E-2;7,918786E-2;1,129746E+0;;
02/12/2021  12:05:21,539558;1,144135E+0;1,305587E-1;1,284732E-1;1,130216E+0;;
02/12/2021  12:05:21,539658;1,144254E+0;1,229127E-1;1,303688E-1;1,130686E+0;;
02/12/2021  12:05:21,539758;1,145983E+0;9,806350E-2;1,673329E-1;1,131154E+0;;
02/12/2021  12:05:21,539858;1,147005E+0;1,203641E-1;1,534319E-1;1,131621E+0;;
02/12/2021  12:05:21,539958;1,147917E+0;6,047106E-2;1,016190E-1;1,132088E+0;;
02/12/2021  12:05:21,540058;1,148358E+0;1,321516E-1;1,328963E-1;1,132554E+0;;
02/12/2021  12:05:21,540158;1,149845E+0;1,187712E-1;1,240502E-1;1,133019E+0;;
02/12/2021  12:05:21,540258;1,151672E+0;1,162226E-1;1,215227E-1;1,133485E+0;;
02/12/2021  12:05:21,540358;1,153401E+0;1,353374E-1;1,417424E-1;1,133951E+0;;
02/12/2021  12:05:21,540458;1,154560E+0;1,394789E-1;1,338441E-1;1,134419E+0;;
02/12/2021  12:05:21,540558;1,155028E+0;1,251428E-1;1,398468E-1;1,134890E+0;;
02/12/2021  12:05:21,540658;1,154772E+0;1,171783E-1;1,208909E-1;1,135364E+0;;
02/12/2021  12:05:21,540758;1,156455E+0;1,257800E-1;1,344760E-1;1,135842E+0;;
02/12/2021  12:05:21,540858;1,156715E+0;1,280100E-1;1,224705E-1;1,136325E+0;;
02/12/2021  12:05:21,540958;1,157668E+0;1,238685E-1;1,224705E-1;1,136813E+0;;
02/12/2021  12:05:21,541058;1,157466E+0;1,149482E-1;1,272095E-1;1,137307E+0;;
02/12/2021  12:05:21,541158;1,158229E+0;1,260985E-1;1,442698E-1;1,137807E+0;;
02/12/2021  12:05:21,541258;1,159075E+0;4,231200E-2;1,031987E-1;1,138314E+0;;
02/12/2021  12:05:21,541358;1,159498E+0;1,347002E-1;1,357397E-1;1,138828E+0;;
02/12/2021  12:05:21,541458;1,159033E+0;1,382046E-1;1,524841E-1;1,139349E+0;;
02/12/2021  12:05:21,541558;1,158151E+0;1,229127E-1;1,218387E-1;1,139876E+0;;
02/12/2021  12:05:21,541658;1,158446E+0;1,273729E-1;1,284732E-1;1,140411E+0;;
02/12/2021  12:05:21,541758;1,158235E+0;1,506292E-1;1,600664E-1;1,140952E+0;;
02/12/2021  12:05:21,541858;1,158527E+0;1,273729E-1;1,265777E-1;1,141498E+0;;
02/12/2021  12:05:21,541958;1,157764E+0;1,321516E-1;1,445858E-1;1,142049E+0;;
02/12/2021  12:05:21,542058;1,157102E+0;1,149482E-1;1,407946E-1;1,142604E+0;;
02/12/2021  12:05:21,542158;1,157797E+0;1,347002E-1;1,354238E-1;1,143163E+0;;
02/12/2021  12:05:21,542258;1,157943E+0;1,190898E-1;1,101492E-1;1,143723E+0;;
02/12/2021  12:05:21,542358;1,157329E+0;1,213198E-1;1,243661E-1;1,144283E+0;;
02/12/2021  12:05:21,542458;1,156271E+0;1,299215E-1;1,303688E-1;1,144844E+0;;
02/12/2021  12:05:21,542558;1,154727E+0;1,159040E-1;1,268936E-1;1,145403E+0;;
02/12/2021  12:05:21,542658;1,153857E+0;1,174969E-1;1,262617E-1;1,145959E+0;;
02/12/2021  12:05:21,542758;1,153550E+0;1,394789E-1;1,449017E-1;1,146510E+0;;
02/12/2021  12:05:21,542858;1,152864E+0;1,283286E-1;1,294210E-1;1,147054E+0;;
02/12/2021  12:05:21,542958;1,151437E+0;7,958586E-2;1,019350E-1;1,147590E+0;;
02/12/2021  12:05:21,543058;1,150101E+0;1,254614E-1;1,278414E-1;1,148116E+0;;
02/12/2021  12:05:21,543158;1,149410E+0;1,143111E-1;1,019350E-1;1,148629E+0;;
02/12/2021  12:05:21,543258;1,149920E+0;1,219570E-1;1,158360E-1;1,149129E+0;;
02/12/2021  12:05:21,543358;1,148724E+0;1,210013E-1;1,104651E-1;1,149612E+0;;
02/12/2021  12:05:21,543458;1,148117E+0;1,296029E-1;1,259458E-1;1,150077E+0;;
02/12/2021  12:05:21,543558;1,146823E+0;1,340630E-1;1,328963E-1;1,150523E+0;;
02/12/2021  12:05:21,543658;1,146841E+0;1,308772E-1;1,322644E-1;1,150948E+0;;
02/12/2021  12:05:21,543758;1,147008E+0;1,200455E-1;1,199431E-1;1,151350E+0;;
02/12/2021  12:05:21,543858;1,146260E+0;1,292843E-1;1,300529E-1;1,151728E+0;;
02/12/2021  12:05:21,543958;1,146459E+0;1,391603E-1;1,344760E-1;1,152081E+0;;
02/12/2021  12:05:21,544058;1,146451E+0;1,117624E-1;1,082536E-1;1,152407E+0;;
02/12/2021  12:05:21,544158;1,147559E+0;1,292843E-1;1,278414E-1;1,152708E+0;;
02/12/2021  12:05:21,544258;1,147929E+0;1,206827E-1;1,553275E-1;1,152981E+0;;
02/12/2021  12:05:21,544358;1,148638E+0;1,311958E-1;1,189953E-1;1,153227E+0;;
02/12/2021  12:05:21,544458;1,148441E+0;1,232313E-1;1,262617E-1;1,153446E+0;;
02/12/2021  12:05:21,544558;1,149422E+0;1,174969E-1;1,221546E-1;1,153639E+0;;
02/12/2021  12:05:21,544658;1,150262E+0;1,181340E-1;1,344760E-1;1,153806E+0;;
02/12/2021  12:05:21,544758;1,151699E+0;1,366117E-1;1,328963E-1;1,153948E+0;;
02/12/2021  12:05:21,544858;1,151606E+0;1,350188E-1;1,313166E-1;1,154066E+0;;
02/12/2021  12:05:21,544958;1,152486E+0;1,356559E-1;1,433221E-1;1,154162E+0;;
02/12/2021  12:05:21,545058;1,152644E+0;1,375674E-1;1,357397E-1;1,154237E+0;;
02/12/2021  12:05:21,545158;1,154089E+0;1,372488E-1;1,455336E-1;1,154293E+0;;
02/12/2021  12:05:21,545258;1,155219E+0;1,308772E-1;1,310007E-1;1,154332E+0;;
02/12/2021  12:05:21,545358;1,156190E+0;1,241871E-1;1,272095E-1;1,154354E+0;;
02/12/2021  12:05:21,545458;1,156315E+0;1,203641E-1;1,120448E-1;1,154363E+0;;
02/12/2021  12:05:21,545558;1,156411E+0;1,391603E-1;1,373193E-1;1,154359E+0;;
02/12/2021  12:05:21,545658;1,156947E+0;1,187712E-1;1,000394E-1;1,154346E+0;;
02/12/2021  12:05:21,545758;1,157171E+0;1,318330E-1;1,259458E-1;1,154325E+0;;
02/12/2021  12:05:21,545858;1,157823E+0;1,012493E-1;1,193112E-1;1,154298E+0;;
02/12/2021  12:05:21,545958;1,156822E+0;1,296029E-1;1,297370E-1;1,154265E+0;;
02/12/2021  12:05:21,546058;1,157215E+0;6,556834E-2;9,688005E-2;1,154230E+0;;
02/12/2021  12:05:21,546158;1,157847E+0;1,101695E-1;1,066739E-1;1,154193E+0;;
02/12/2021  12:05:21,546258;1,157546E+0;1,270543E-1;1,205749E-1;1,154155E+0;;
02/12/2021  12:05:21,546358;1,156810E+0;1,407532E-1;1,354238E-1;1,154118E+0;;
02/12/2021  12:05:21,546458;1,155099E+0;1,031608E-1;1,310007E-1;1,154082E+0;;
02/12/2021  12:05:21,546558;1,154348E+0;1,808943E-1;1,714400E-1;1,154048E+0;;
02/12/2021  12:05:21,546658;1,154092E+0;1,331073E-1;1,625939E-1;1,154016E+0;;
02/12/2021  12:05:21,546758;1,154128E+0;1,159040E-1;1,193112E-1;1,153986E+0;;
02/12/2021  12:05:21,546858;1,152420E+0;1,216384E-1;1,259458E-1;1,153959E+0;;
02/12/2021  12:05:21,546958;1,151252E+0;8,659462E-2;1,120448E-1;1,153933E+0;;
02/12/2021  12:05:21,547058;1,151413E+0;1,276914E-1;1,338441E-1;1,153909E+0;;
02/12/2021  12:05:21,547158;1,150933E+0;8,723178E-2;7,476481E-2;1,153886E+0;;
02/12/2021  12:05:21,547258;1,150537E+0;1,222756E-1;1,208909E-1;1,153863E+0;;
02/12/2021  12:05:21,547358;1,149359E+0;1,487177E-1;1,341600E-1;1,153839E+0;;
02/12/2021  12:05:21,547458;1,148376E+0;1,238685E-1;1,189953E-1;1,153815E+0;;
02/12/2021  12:05:21,547558;1,148519E+0;1,162226E-1;9,593225E-2;1,153788E+0;;
02/12/2021  12:05:21,547658;1,147827E+0;1,082581E-1;7,887192E-2;1,153759E+0;;
02/12/2021  12:05:21,547758;1,147732E+0;1,200455E-1;1,208909E-1;1,153727E+0;;
02/12/2021  12:05:21,547858;1,146409E+0;1,216384E-1;1,177316E-1;1,153690E+0;;
02/12/2021  12:05:21,547958;1,145720E+0;1,232313E-1;1,158360E-1;1,153649E+0;;
02/12/2021  12:05:21,548058;1,146656E+0;1,257800E-1;1,133085E-1;1,153601E+0;;
02/12/2021  12:05:21,548158;1,146877E+0;1,178155E-1;1,158360E-1;1,153547E+0;;
02/12/2021  12:05:21,548258;1,145610E+0;1,187712E-1;1,031987E-1;1,153486E+0;;
02/12/2021  12:05:21,548358;1,145384E+0;1,088952E-1;1,202590E-1;1,153418E+0;;
02/12/2021  12:05:21,548458;1,144785E+0;9,997498E-2;9,656411E-2;1,153342E+0;;
02/12/2021  12:05:21,548558;1,145255E+0;1,069837E-1;9,909157E-2;1,153257E+0;;
02/12/2021  12:05:21,548658;1,145702E+0;1,190898E-1;1,433221E-1;1,153164E+0;;
02/12/2021  12:05:21,548758;1,145148E+0;9,774492E-2;9,214107E-2;1,153062E+0;;
02/12/2021  12:05:21,548858;1,144495E+0;1,101695E-1;1,215227E-1;1,152951E+0;;
02/12/2021  12:05:21,548958;1,144010E+0;1,031608E-1;1,082536E-1;1,152832E+0;;
02/12/2021  12:05:21,549058;1,144868E+0;9,870066E-2;1,183634E-1;1,152704E+0;;
02/12/2021  12:05:21,549158;1,144492E+0;1,127182E-1;1,259458E-1;1,152567E+0;;
02/12/2021  12:05:21,549258;1,144302E+0;9,360338E-2;1,050943E-1;1,152421E+0;;
02/12/2021  12:05:21,549358;1,143411E+0;8,723178E-2;1,082536E-1;1,152267E+0;;
02/12/2021  12:05:21,549458;1,142943E+0;9,838208E-2;1,073058E-1;1,152105E+0;;
02/12/2021  12:05:21,549558;1,143542E+0;1,066652E-1;1,123607E-1;1,151934E+0;;
02/12/2021  12:05:21,549658;1,143339E+0;8,850610E-2;1,044624E-1;1,151756E+0;;
02/12/2021  12:05:21,549758;1,143050E+0;9,710776E-2;1,161519E-1;1,151570E+0;;
02/12/2021  12:05:21,549858;1,143092E+0;1,852338E-3;4,949025E-2;1,151376E+0;;
02/12/2021  12:05:21,549958;1,142406E+0;1,041165E-1;1,050943E-1;1,151176E+0;;
02/12/2021  12:05:21,550058;1,143583E+0;3,211744E-2;9,561632E-2;1,150969E+0;;
02/12/2021  12:05:21,550158;1,144031E+0;1,174969E-1;1,218387E-1;1,150755E+0;;
02/12/2021  12:05:21,550258;1,143068E+0;1,238685E-1;1,556434E-1;1,150537E+0;;
02/12/2021  12:05:21,550358;1,142809E+0;1,429833E-1;1,325804E-1;1,150313E+0;;
02/12/2021  12:05:21,550458;1,142442E+0;1,665582E-1;1,509044E-1;1,150084E+0;;
02/12/2021  12:05:21,550558;1,143330E+0;1,824872E-1;1,490088E-1;1,149852E+0;;
02/12/2021  12:05:21,550658;1,143601E+0;1,656025E-1;1,471132E-1;1,149616E+0;;
02/12/2021  12:05:21,550758;1,143411E+0;1,767528E-1;1,701763E-1;1,149378E+0;;
02/12/2021  12:05:21,550858;1,142487E+0;9,041758E-2;1,281573E-1;1,149137E+0;;
02/12/2021  12:05:21,550958;1,142466E+0;1,630538E-1;1,442698E-1;1,148895E+0;;
02/12/2021  12:05:21,551058;1,143065E+0;1,420275E-1;1,347919E-1;1,148652E+0;;
02/12/2021  12:05:21,551158;1,142543E+0;1,315144E-1;1,278414E-1;1,148408E+0;;
02/12/2021  12:05:21,551258;1,141494E+0;1,388417E-1;1,423743E-1;1,148165E+0;;
02/12/2021  12:05:21,551358;1,139995E+0;1,719741E-1;1,414265E-1;1,147921E+0;;
02/12/2021  12:05:21,551458;1,138964E+0;1,254614E-1;1,262617E-1;1,147678E+0;;
02/12/2021  12:05:21,551558;1,139101E+0;1,382046E-1;1,426902E-1;1,147435E+0;;
02/12/2021  12:05:21,551658;1,137873E+0;1,350188E-1;1,351078E-1;1,147193E+0;;
02/12/2021  12:05:21,551758;1,136878E+0;1,245056E-1;1,170997E-1;1,146950E+0;;
02/12/2021  12:05:21,551858;1,135403E+0;1,238685E-1;1,272095E-1;1,146706E+0;;
02/12/2021  12:05:21,551958;1,134663E+0;9,742634E-2;7,824006E-2;1,146461E+0;;
02/12/2021  12:05:21,552058;1,135382E+0;1,286472E-1;1,249980E-1;1,146214E+0;;
02/12/2021  12:05:21,552158;1,134345E+0;1,350188E-1;1,572231E-1;1,145964E+0;;
02/12/2021  12:05:21,552258;1,133960E+0;1,206827E-1;1,142563E-1;1,145711E+0;;
02/12/2021  12:05:21,552358;1,132041E+0;1,257800E-1;1,278414E-1;1,145455E+0;;
02/12/2021  12:05:21,552458;1,132738E+0;1,311958E-1;1,306848E-1;1,145195E+0;;
02/12/2021  12:05:21,552558;1,132923E+0;1,327887E-1;1,275255E-1;1,144930E+0;;
02/12/2021  12:05:21,552658;1,132908E+0;1,407532E-1;1,420583E-1;1,144660E+0;;
02/12/2021  12:05:21,552758;1,132744E+0;1,299215E-1;1,297370E-1;1,144385E+0;;
02/12/2021  12:05:21,552858;1,132616E+0;8,309024E-2;9,624818E-2;1,144104E+0;;
02/12/2021  12:05:21,552958;1,132848E+0;1,280100E-1;1,291051E-1;1,143818E+0;;
02/12/2021  12:05:21,553058;1,133829E+0;1,410718E-1;1,692285E-1;1,143528E+0;;
02/12/2021  12:05:21,553158;1,133361E+0;1,296029E-1;1,215227E-1;1,143232E+0;;
02/12/2021  12:05:21,553258;1,132628E+0;1,337445E-1;1,268936E-1;1,142932E+0;;
02/12/2021  12:05:21,553358;1,132744E+0;1,168597E-1;1,667010E-1;1,142628E+0;;
02/12/2021  12:05:21,553458;1,133376E+0;1,671954E-1;1,667010E-1;1,142320E+0;;
02/12/2021  12:05:21,553558;1,133227E+0;1,267357E-1;1,366875E-1;1,142010E+0;;
02/12/2021  12:05:21,553658;1,132935E+0;1,222756E-1;1,221546E-1;1,141697E+0;;
02/12/2021  12:05:21,553758;1,132667E+0;1,260985E-1;1,287892E-1;1,141382E+0;;
02/12/2021  12:05:21,553858;1,131874E+0;1,165411E-1;1,253139E-1;1,141066E+0;;
02/12/2021  12:05:21,553958;1,133003E+0;1,356559E-1;1,524841E-1;1,140748E+0;;
02/12/2021  12:05:21,554058;1,133108E+0;1,267357E-1;1,313166E-1;1,140431E+0;;
02/12/2021  12:05:21,554158;1,132744E+0;1,254614E-1;1,167838E-1;1,140113E+0;;
02/12/2021  12:05:21,554258;1,131629E+0;1,324701E-1;1,354238E-1;1,139797E+0;;
02/12/2021  12:05:21,554358;1,131475E+0;1,391603E-1;1,370034E-1;1,139481E+0;;
02/12/2021  12:05:21,554458;1,131439E+0;1,200455E-1;1,253139E-1;1,139167E+0;;
02/12/2021  12:05:21,554558;1,131627E+0;1,222756E-1;1,303688E-1;1,138855E+0;;
02/12/2021  12:05:21,554658;1,131039E+0;1,289658E-1;1,306848E-1;1,138545E+0;;
02/12/2021  12:05:21,554758;1,130500E+0;1,321516E-1;1,325804E-1;1,138238E+0;;
02/12/2021  12:05:21,554858;1,130643E+0;1,522221E-1;1,559593E-1;1,137934E+0;;
02/12/2021  12:05:21,554958;1,132127E+0;9,105474E-2;1,420583E-1;1,137632E+0;;
02/12/2021  12:05:21,555058;1,132634E+0;1,187712E-1;1,291051E-1;1,137334E+0;;
02/12/2021  12:05:21,555158;1,132699E+0;1,206827E-1;1,344760E-1;1,137040E+0;;
02/12/2021  12:05:21,555258;1,132154E+0;1,598680E-1;1,303688E-1;1,136750E+0;;
02/12/2021  12:05:21,555358;1,132354E+0;1,299215E-1;1,281573E-1;1,136466E+0;;
02/12/2021  12:05:21,555458;1,133209E+0;1,700626E-1;1,657532E-1;1,136187E+0;;
02/12/2021  12:05:21,555558;1,133555E+0;1,337445E-1;1,335282E-1;1,135915E+0;;
02/12/2021  12:05:21,555658;1,133421E+0;1,423461E-1;1,420583E-1;1,135649E+0;;
02/12/2021  12:05:21,555758;1,132825E+0;1,397975E-1;1,347919E-1;1,135391E+0;;
02/12/2021  12:05:21,555858;1,132968E+0;1,292843E-1;1,325804E-1;1,135141E+0;;
02/12/2021  12:05:21,555958;1,133772E+0;1,225942E-1;1,107811E-1;1,134899E+0;;
02/12/2021  12:05:21,556058;1,133167E+0;1,299215E-1;1,240502E-1;1,134666E+0;;
02/12/2021  12:05:21,556158;1,132795E+0;1,174969E-1;9,656411E-2;1,134442E+0;;
02/12/2021  12:05:21,556258;1,131677E+0;1,235499E-1;1,155200E-1;1,134228E+0;;
02/12/2021  12:05:21,556358;1,130846E+0;1,311958E-1;1,246821E-1;1,134023E+0;;
02/12/2021  12:05:21,556458;1,131394E+0;1,483991E-1;1,546956E-1;1,133826E+0;;
02/12/2021  12:05:21,556558;1,130840E+0;1,302401E-1;1,398468E-1;1,133639E+0;;
02/12/2021  12:05:21,556658;1,129868E+0;1,139925E-1;1,133085E-1;1,133461E+0;;
02/12/2021  12:05:21,556758;1,128733E+0;1,337445E-1;1,310007E-1;1,133290E+0;;
02/12/2021  12:05:21,556858;1,129481E+0;1,331073E-1;1,354238E-1;1,133127E+0;;
02/12/2021  12:05:21,556958;1,129642E+0;1,375674E-1;1,357397E-1;1,132971E+0;;
02/12/2021  12:05:21,557058;1,130455E+0;1,283286E-1;1,177316E-1;1,132821E+0;;
02/12/2021  12:05:21,557158;1,129764E+0;1,267357E-1;1,253139E-1;1,132677E+0;;
02/12/2021  12:05:21,557258;1,129302E+0;1,168597E-1;1,272095E-1;1,132539E+0;;
02/12/2021  12:05:21,557358;1,130145E+0;1,378860E-1;1,430061E-1;1,132407E+0;;
02/12/2021  12:05:21,557458;1,130750E+0;1,547707E-1;1,793383E-1;1,132280E+0;;
02/12/2021  12:05:21,557558;1,131799E+0;1,225942E-1;1,268936E-1;1,132158E+0;;
02/12/2021  12:05:21,557658;1,131853E+0;1,095324E-1;1,158360E-1;1,132041E+0;;
02/12/2021  12:05:21,557758;1,132324E+0;1,213198E-1;1,246821E-1;1,131929E+0;;
02/12/2021  12:05:21,557858;1,132905E+0;1,241871E-1;1,249980E-1;1,131823E+0;;
02/12/2021  12:05:21,557958;1,133355E+0;1,280100E-1;1,227865E-1;1,131723E+0;;
02/12/2021  12:05:21,558058;1,133540E+0;1,397975E-1;1,360556E-1;1,131629E+0;;
02/12/2021  12:05:21,558158;1,133352E+0;1,327887E-1;1,559593E-1;1,131541E+0;;
02/12/2021  12:05:21,558258;1,132842E+0;1,515849E-1;1,439539E-1;1,131461E+0;;
02/12/2021  12:05:21,558358;1,133585E+0;1,353374E-1;1,385831E-1;1,131387E+0;;
02/12/2021  12:05:21,558458;1,133269E+0;1,194084E-1;1,243661E-1;1,131321E+0;;
02/12/2021  12:05:21,558558;1,133120E+0;1,280100E-1;1,246821E-1;1,131262E+0;;
02/12/2021  12:05:21,558658;1,132264E+0;1,429833E-1;1,461654E-1;1,131210E+0;;
02/12/2021  12:05:21,558758;1,131886E+0;1,372488E-1;1,578549E-1;1,131166E+0;;
02/12/2021  12:05:21,558858;1,131907E+0;1,203641E-1;1,354238E-1;1,131128E+0;;
02/12/2021  12:05:21,558958;1,131746E+0;1,210013E-1;1,262617E-1;1,131097E+0;;
02/12/2021  12:05:21,559058;1,131522E+0;1,152668E-1;1,704922E-1;1,131072E+0;;
02/12/2021  12:05:21,559158;1,131239E+0;1,315144E-1;1,224705E-1;1,131053E+0;;
02/12/2021  12:05:21,559258;1,131352E+0;1,168597E-1;1,237343E-1;1,131038E+0;;
02/12/2021  12:05:21,559358;1,132068E+0;1,216384E-1;1,237343E-1;1,131029E+0;;
02/12/2021  12:05:21,559458;1,132285E+0;1,321516E-1;1,294210E-1;1,131025E+0;;
02/12/2021  12:05:21,559558;1,132541E+0;1,448948E-1;1,366875E-1;1,131024E+0;;
02/12/2021  12:05:21,559658;1,132291E+0;2,829448E-2;7,602853E-2;1,131028E+0;;
02/12/2021  12:05:21,559758;1,132547E+0;1,047537E-1;1,183634E-1;1,131035E+0;;
02/12/2021  12:05:21,559858;1,133459E+0;1,178155E-1;1,164678E-1;1,131047E+0;;
02/12/2021  12:05:21,559958;1,133126E+0;1,280100E-1;1,310007E-1;1,131061E+0;;
02/12/2021  12:05:21,560058;1,133135E+0;1,216384E-1;1,243661E-1;1,131080E+0;;
02/12/2021  12:05:21,560158;1,131716E+0;8,882468E-2;7,350108E-2;1,131102E+0;;
02/12/2021  12:05:21,560258;1,131156E+0;1,210013E-1;1,183634E-1;1,131127E+0;;
02/12/2021  12:05:21,560358;1,130735E+0;1,273729E-1;1,426902E-1;1,131155E+0;;
02/12/2021  12:05:21,560458;1,129594E+0;1,397975E-1;1,351078E-1;1,131185E+0;;
02/12/2021  12:05:21,560558;1,128438E+0;1,308772E-1;1,322644E-1;1,131217E+0;;
02/12/2021  12:05:21,560658;1,126342E+0;1,299215E-1;1,313166E-1;1,131249E+0;;
02/12/2021  12:05:21,560758;1,125848E+0;1,270543E-1;1,038306E-1;1,131280E+0;;
02/12/2021  12:05:21,560858;1,125311E+0;1,519035E-1;1,354238E-1;1,131309E+0;;
02/12/2021  12:05:21,560958;1,124054E+0;1,397975E-1;1,117289E-1;1,131335E+0;;
02/12/2021  12:05:21,561058;1,123276E+0;1,410718E-1;1,325804E-1;1,131356E+0;;
02/12/2021  12:05:21,561158;1,121395E+0;1,280100E-1;1,265777E-1;1,131371E+0;;
02/12/2021  12:05:21,561258;1,121511E+0;1,401161E-1;1,407946E-1;1,131379E+0;;
02/12/2021  12:05:21,561358;1,121216E+0;1,130368E-1;1,199431E-1;1,131378E+0;;
02/12/2021  12:05:21,561458;1,121401E+0;1,139925E-1;1,183634E-1;1,131366E+0;;
02/12/2021  12:05:21,561558;1,120728E+0;1,044351E-1;1,107811E-1;1,131343E+0;;
02/12/2021  12:05:21,561658;1,119750E+0;9,179678E-3;7,192142E-2;1,131308E+0;;
02/12/2021  12:05:21,561758;1,120850E+0;1,108067E-1;1,019350E-1;1,131259E+0;;
02/12/2021  12:05:21,561858;1,121085E+0;1,382046E-1;1,708081E-1;1,131197E+0;;
02/12/2021  12:05:21,561958;1,120719E+0;1,069837E-1;1,079377E-1;1,131121E+0;;
02/12/2021  12:05:21,562058;1,120033E+0;1,037979E-1;1,177316E-1;1,131031E+0;;
02/12/2021  12:05:21,562158;1,119199E+0;1,136739E-1;1,275255E-1;1,130926E+0;;
02/12/2021  12:05:21,562258;1,119148E+0;1,012493E-1;1,006712E-1;1,130807E+0;;
02/12/2021  12:05:21,562358;1,118638E+0;1,088952E-1;1,231024E-1;1,130673E+0;;
02/12/2021  12:05:21,562458;1,118203E+0;1,022050E-1;1,076217E-1;1,130524E+0;;
02/12/2021  12:05:21,562558;1,117047E+0;1,104881E-1;1,205749E-1;1,130361E+0;;
02/12/2021  12:05:21,562658;1,115613E+0;1,101695E-1;1,231024E-1;1,130183E+0;;
02/12/2021  12:05:21,562758;1,115220E+0;1,098510E-1;1,370034E-1;1,129989E+0;;
02/12/2021  12:05:21,562858;1,114996E+0;9,838208E-2;1,152041E-1;1,129781E+0;;
02/12/2021  12:05:21,562958;1,114192E+0;8,404598E-2;1,092014E-1;1,129558E+0;;
02/12/2021  12:05:21,563058;1,112630E+0;1,002936E-1;1,212068E-1;1,129319E+0;;
02/12/2021  12:05:21,563158;1,111855E+0;9,551486E-2;9,435259E-2;1,129064E+0;;
02/12/2021  12:05:21,563258;1,111223E+0;9,774492E-2;1,110970E-1;1,128794E+0;;
02/12/2021  12:05:21,563358;1,111283E+0;9,965640E-2;1,145722E-1;1,128508E+0;;
02/12/2021  12:05:21,563458;1,110615E+0;1,114439E-1;1,240502E-1;1,128206E+0;;
02/12/2021  12:05:21,563558;1,109495E+0;1,114439E-1;1,278414E-1;1,127888E+0;;
02/12/2021  12:05:21,563658;1,109399E+0;1,388417E-1;1,357397E-1;1,127554E+0;;
02/12/2021  12:05:21,563758;1,109647E+0;2,299556E-1;1,843932E-1;1,127205E+0;;
02/12/2021  12:05:21,563858;1,109504E+0;1,726112E-1;1,550115E-1;1,126840E+0;;
02/12/2021  12:05:21,563958;1,108449E+0;1,859916E-1;1,657532E-1;1,126460E+0;;
02/12/2021  12:05:21,564058;1,106857E+0;1,914074E-1;1,834454E-1;1,126066E+0;;
02/12/2021  12:05:21,564158;1,106914E+0;1,828058E-1;1,603824E-1;1,125657E+0;;
02/12/2021  12:05:21,564258;1,106574E+0;1,159040E-1;1,246821E-1;1,125234E+0;;
02/12/2021  12:05:21,564358;1,106407E+0;1,563636E-1;1,499566E-1;1,124798E+0;;
02/12/2021  12:05:21,564458;1,105480E+0;1,433019E-1;1,461654E-1;1,124349E+0;;
02/12/2021  12:05:21,564558;1,104464E+0;1,210013E-1;1,360556E-1;1,123887E+0;;
02/12/2021  12:05:21,564658;1,103779E+0;1,340630E-1;1,306848E-1;1,123413E+0;;
02/12/2021  12:05:21,564758;1,103716E+0;1,041165E-1;8,234717E-2;1,122928E+0;;
02/12/2021  12:05:21,564858;1,103835E+0;1,324701E-1;1,291051E-1;1,122431E+0;;
02/12/2021  12:05:21,564958;1,102348E+0;1,213198E-1;1,092014E-1;1,121924E+0;;
02/12/2021  12:05:21,565058;1,100569E+0;1,280100E-1;1,142563E-1;1,121407E+0;;
02/12/2021  12:05:21,565158;1,100327E+0;1,292843E-1;1,202590E-1;1,120880E+0;;
02/12/2021  12:05:21,565258;1,099824E+0;1,388417E-1;1,291051E-1;1,120343E+0;;
02/12/2021  12:05:21,565358;1,099666E+0;1,229127E-1;1,231024E-1;1,119798E+0;;
02/12/2021  12:05:21,565458;1,098819E+0;1,203641E-1;1,133085E-1;1,119243E+0;;
02/12/2021  12:05:21,565558;1,097821E+0;1,254614E-1;1,152041E-1;1,118680E+0;;
02/12/2021  12:05:21,565658;1,097684E+0;1,343816E-1;1,243661E-1;1,118109E+0;;
02/12/2021  12:05:21,565758;1,097988E+0;1,257800E-1;1,246821E-1;1,117531E+0;;
02/12/2021  12:05:21,565858;1,097887E+0;1,216384E-1;1,275255E-1;1,116945E+0;;
02/12/2021  12:05:21,565958;1,097022E+0;1,280100E-1;1,313166E-1;1,116353E+0;;
02/12/2021  12:05:21,566058;1,095884E+0;1,347002E-1;1,319485E-1;1,115756E+0;;
02/12/2021  12:05:21,566158;1,096528E+0;1,184526E-1;1,224705E-1;1,115153E+0;;
02/12/2021  12:05:21,566258;1,096560E+0;1,429833E-1;1,657532E-1;1,114545E+0;;
02/12/2021  12:05:21,566358;1,096957E+0;1,260985E-1;1,262617E-1;1,113934E+0;;
02/12/2021  12:05:21,566458;1,096665E+0;1,343816E-1;1,363715E-1;1,113320E+0;;
02/12/2021  12:05:21,566558;1,095931E+0;1,420275E-1;1,322644E-1;1,112703E+0;;
02/12/2021  12:05:21,566658;1,097192E+0;1,225942E-1;1,227865E-1;1,112086E+0;;
02/12/2021  12:05:21,566758;1,097958E+0;1,098510E-1;1,234183E-1;1,111469E+0;;
02/12/2021  12:05:21,566858;1,098071E+0;1,165411E-1;1,212068E-1;1,110853E+0;;
02/12/2021  12:05:21,566958;1,098101E+0;1,366117E-1;1,518522E-1;1,110240E+0;;
02/12/2021  12:05:21,567058;1,098027E+0;1,143111E-1;1,054102E-1;1,109631E+0;;
02/12/2021  12:05:21,567158;1,098909E+0;1,216384E-1;1,227865E-1;1,109027E+0;;
02/12/2021  12:05:21,567258;1,100321E+0;1,139925E-1;1,205749E-1;1,108430E+0;;
02/12/2021  12:05:21,567358;1,100697E+0;1,407532E-1;1,442698E-1;1,107840E+0;;
02/12/2021  12:05:21,567458;1,100438E+0;1,210013E-1;1,202590E-1;1,107261E+0;;
02/12/2021  12:05:21,567558;1,100029E+0;1,420275E-1;1,038306E-1;1,106693E+0;;
02/12/2021  12:05:21,567658;1,102098E+0;1,143111E-1;1,202590E-1;1,106137E+0;;
02/12/2021  12:05:21,567758;1,103105E+0;1,187712E-1;1,262617E-1;1,105595E+0;;
02/12/2021  12:05:21,567858;1,103257E+0;1,267357E-1;1,256299E-1;1,105069E+0;;
02/12/2021  12:05:21,567958;1,102694E+0;1,219570E-1;1,041465E-1;1,104560E+0;;
02/12/2021  12:05:21,568058;1,103013E+0;1,337445E-1;1,328963E-1;1,104070E+0;;
02/12/2021  12:05:21,568158;1,104249E+0;1,260985E-1;1,303688E-1;1,103599E+0;;
02/12/2021  12:05:21,568258;1,104956E+0;1,388417E-1;1,417424E-1;1,103148E+0;;
02/12/2021  12:05:21,568358;1,105141E+0;1,162226E-1;1,246821E-1;1,102720E+0;;
02/12/2021  12:05:21,568458;1,105090E+0;1,305587E-1;1,249980E-1;1,102315E+0;;
02/12/2021  12:05:21,568558;1,106687E+0;1,289658E-1;1,246821E-1;1,101933E+0;;
02/12/2021  12:05:21,568658;1,107704E+0;1,213198E-1;1,357397E-1;1,101577E+0;;
02/12/2021  12:05:21,568758;1,108431E+0;1,375674E-1;1,322644E-1;1,101246E+0;;
02/12/2021  12:05:21,568858;1,109030E+0;1,372488E-1;1,344760E-1;1,100942E+0;;
02/12/2021  12:05:21,568958;1,109012E+0;1,254614E-1;1,338441E-1;1,100665E+0;;
02/12/2021  12:05:21,569058;1,110115E+0;1,174969E-1;1,133085E-1;1,100417E+0;;
02/12/2021  12:05:21,569158;1,111378E+0;1,251428E-1;1,370034E-1;1,100198E+0;;
02/12/2021  12:05:21,569258;1,112553E+0;1,241871E-1;1,174156E-1;1,100008E+0;;
02/12/2021  12:05:21,569358;1,113378E+0;1,066652E-1;1,003553E-1;1,099848E+0;;
02/12/2021  12:05:21,569458;1,113772E+0;1,241871E-1;1,249980E-1;1,099720E+0;;
02/12/2021  12:05:21,569558;1,115050E+0;1,382046E-1;1,297370E-1;1,099623E+0;;
02/12/2021  12:05:21,569658;1,116585E+0;1,308772E-1;1,170997E-1;1,099557E+0;;
02/12/2021  12:05:21,569758;1,117667E+0;1,280100E-1;1,613302E-1;1,099525E+0;;
02/12/2021  12:05:21,569858;1,117613E+0;1,162226E-1;1,155200E-1;1,099525E+0;;
02/12/2021  12:05:21,569958;1,117709E+0;1,225942E-1;1,265777E-1;1,099558E+0;;
02/12/2021  12:05:21,570058;1,117834E+0;1,327887E-1;1,256299E-1;1,099624E+0;;
02/12/2021  12:05:21,570158;1,119169E+0;1,245056E-1;1,092014E-1;1,099724E+0;;
02/12/2021  12:05:21,570258;1,119765E+0;1,257800E-1;1,278414E-1;1,099856E+0;;
02/12/2021  12:05:21,570358;1,120179E+0;1,353374E-1;1,328963E-1;1,100021E+0;;
02/12/2021  12:05:21,570458;1,120433E+0;1,382046E-1;1,363715E-1;1,100218E+0;;
02/12/2021  12:05:21,570558;1,120900E+0;1,216384E-1;1,208909E-1;1,100447E+0;;
02/12/2021  12:05:21,570658;1,122832E+0;1,382046E-1;1,853410E-1;1,100707E+0;;
02/12/2021  12:05:21,570758;1,123344E+0;1,318330E-1;1,142563E-1;1,100997E+0;;
02/12/2021  12:05:21,570858;1,123478E+0;1,525407E-1;1,392149E-1;1,101316E+0;;
02/12/2021  12:05:21,570958;1,122996E+0;1,350188E-1;1,322644E-1;1,101665E+0;;
02/12/2021  12:05:21,571058;1,125016E+0;1,324701E-1;1,616461E-1;1,102042E+0;;
02/12/2021  12:05:21,571158;1,127061E+0;1,260985E-1;1,354238E-1;1,102446E+0;;
02/12/2021  12:05:21,571258;1,128277E+0;1,283286E-1;1,189953E-1;1,102877E+0;;
02/12/2021  12:05:21,571358;1,128602E+0;1,404346E-1;1,483770E-1;1,103333E+0;;
02/12/2021  12:05:21,571458;1,128742E+0;1,229127E-1;1,208909E-1;1,103815E+0;;
02/12/2021  12:05:21,571558;1,131054E+0;1,216384E-1;1,231024E-1;1,104322E+0;;
02/12/2021  12:05:21,571658;1,132631E+0;1,245056E-1;1,281573E-1;1,104853E+0;;
02/12/2021  12:05:21,571758;1,133546E+0;1,369303E-1;1,354238E-1;1,105408E+0;;
02/12/2021  12:05:21,571858;1,133737E+0;1,229127E-1;1,253139E-1;1,105986E+0;;
02/12/2021  12:05:21,571958;1,134148E+0;7,586778E-3;5,802041E-2;1,106586E+0;;
02/12/2021  12:05:21,572058;1,135727E+0;1,241871E-1;1,177316E-1;1,107209E+0;;
02/12/2021  12:05:21,572158;1,136920E+0;1,270543E-1;1,411105E-1;1,107853E+0;;
02/12/2021  12:05:21,572258;1,138174E+0;1,369303E-1;1,335282E-1;1,108518E+0;;
02/12/2021  12:05:21,572358;1,138100E+0;1,245056E-1;1,133085E-1;1,109203E+0;;
02/12/2021  12:05:21,572458;1,138401E+0;1,385232E-1;1,606983E-1;1,109907E+0;;
02/12/2021  12:05:21,572558;1,140576E+0;1,372488E-1;1,449017E-1;1,110630E+0;;
02/12/2021  12:05:21,572658;1,141637E+0;1,483991E-1;1,452176E-1;1,111372E+0;;
02/12/2021  12:05:21,572758;1,141846E+0;1,318330E-1;1,401627E-1;1,112130E+0;;
02/12/2021  12:05:21,572858;1,141786E+0;1,378860E-1;1,720719E-1;1,112906E+0;;
02/12/2021  12:05:21,572958;1,142159E+0;1,305587E-1;1,341600E-1;1,113697E+0;;
02/12/2021  12:05:21,573058;1,143643E+0;1,337445E-1;1,363715E-1;1,114502E+0;;
02/12/2021  12:05:21,573158;1,145050E+0;1,127182E-1;1,054102E-1;1,115322E+0;;
02/12/2021  12:05:21,573258;1,145521E+0;1,248242E-1;1,322644E-1;1,116154E+0;;
02/12/2021  12:05:21,573358;1,145017E+0;1,206827E-1;1,249980E-1;1,116999E+0;;
02/12/2021  12:05:21,573458;1,146600E+0;1,305587E-1;1,344760E-1;1,117854E+0;;
02/12/2021  12:05:21,573558;1,148406E+0;1,251428E-1;1,199431E-1;1,118720E+0;;
02/12/2021  12:05:21,573658;1,149231E+0;1,088952E-1;1,246821E-1;1,119595E+0;;
02/12/2021  12:05:21,573758;1,149836E+0;1,159040E-1;1,044624E-1;1,120479E+0;;
02/12/2021  12:05:21,573858;1,149857E+0;1,318330E-1;1,186794E-1;1,121370E+0;;
02/12/2021  12:05:21,573958;1,149967E+0;8,054160E-2;6,117973E-2;1,122268E+0;;
02/12/2021  12:05:21,574058;1,150545E+0;1,442576E-1;1,306848E-1;1,123173E+0;;
02/12/2021  12:05:21,574158;1,150942E+0;1,512664E-1;1,528000E-1;1,124082E+0;;
02/12/2021  12:05:21,574258;1,151314E+0;1,394789E-1;1,306848E-1;1,124996E+0;;
02/12/2021  12:05:21,574358;1,150537E+0;5,378088E-2;8,013565E-2;1,125913E+0;;
02/12/2021  12:05:21,574458;1,150808E+0;1,146297E-1;1,063580E-1;1,126831E+0;;
02/12/2021  12:05:21,574558;1,151574E+0;1,149482E-1;1,170997E-1;1,127750E+0;;
02/12/2021  12:05:21,574658;1,151159E+0;1,184526E-1;1,167838E-1;1,128668E+0;;
02/12/2021  12:05:21,574758;1,150376E+0;1,292843E-1;1,287892E-1;1,129584E+0;;
02/12/2021  12:05:21,574858;1,149067E+0;1,174969E-1;1,227865E-1;1,130496E+0;;
02/12/2021  12:05:21,574958;1,149672E+0;1,130368E-1;1,227865E-1;1,131403E+0;;
02/12/2021  12:05:21,575058;1,150462E+0;1,649653E-1;1,948190E-1;1,132302E+0;;
02/12/2021  12:05:21,575158;1,151109E+0;8,086018E-2;8,361090E-2;1,133193E+0;;
02/12/2021  12:05:21,575258;1,150066E+0;9,169190E-2;1,167838E-1;1,134073E+0;;
02/12/2021  12:05:21,575358;1,149255E+0;1,050723E-1;1,104651E-1;1,134942E+0;;
02/12/2021  12:05:21,575458;1,150101E+0;1,050723E-1;1,155200E-1;1,135798E+0;;
02/12/2021  12:05:21,575558;1,150984E+0;1,034794E-1;1,234183E-1;1,136640E+0;;
02/12/2021  12:05:21,575658;1,150760E+0;1,213198E-1;1,284732E-1;1,137465E+0;;
02/12/2021  12:05:21,575758;1,149386E+0;1,041165E-1;1,275255E-1;1,138274E+0;;
02/12/2021  12:05:21,575858;1,148522E+0;8,595746E-2;9,624818E-2;1,139065E+0;;
02/12/2021  12:05:21,575958;1,149061E+0;1,012493E-1;1,344760E-1;1,139837E+0;;
02/12/2021  12:05:21,576058;1,149648E+0;1,053908E-1;1,218387E-1;1,140588E+0;;
02/12/2021  12:05:21,576158;1,149622E+0;1,012493E-1;1,145722E-1;1,141317E+0;;
02/12/2021  12:05:21,576258;1,149037E+0;9,455912E-2;1,142563E-1;1,142024E+0;;
02/12/2021  12:05:21,576358;1,148802E+0;2,829448E-2;4,538313E-2;1,142708E+0;;
02/12/2021  12:05:21,576458;1,150325E+0;1,098510E-1;1,404787E-1;1,143367E+0;;
02/12/2021  12:05:21,576558;1,150501E+0;1,152668E-1;1,303688E-1;1,144003E+0;;
02/12/2021  12:05:21,576658;1,150581E+0;1,210013E-1;1,306848E-1;1,144613E+0;;
02/12/2021  12:05:21,576758;1,149583E+0;1,165411E-1;1,256299E-1;1,145199E+0;;
02/12/2021  12:05:21,576858;1,149875E+0;1,085766E-1;1,341600E-1;1,145759E+0;;
02/12/2021  12:05:21,576958;1,151198E+0;1,509478E-1;1,366875E-1;1,146294E+0;;
02/12/2021  12:05:21,577058;1,151282E+0;1,620981E-1;1,439539E-1;1,146804E+0;;
02/12/2021  12:05:21,577158;1,151240E+0;1,773899E-1;1,711241E-1;1,147288E+0;;
02/12/2021  12:05:21,577258;1,149833E+0;1,308772E-1;1,464814E-1;1,147748E+0;;
02/12/2021  12:05:21,577358;1,149657E+0;1,863102E-1;1,622780E-1;1,148184E+0;;
02/12/2021  12:05:21,577458;1,149538E+0;1,910889E-1;1,695444E-1;1,148595E+0;;
02/12/2021  12:05:21,577558;1,149076E+0;1,452133E-1;1,360556E-1;1,148982E+0;;
02/12/2021  12:05:21,577658;1,147404E+0;1,452133E-1;1,439539E-1;1,149345E+0;;
02/12/2021  12:05:21,577758;1,145625E+0;1,525407E-1;1,531159E-1;1,149683E+0;;
02/12/2021  12:05:21,577858;1,145449E+0;1,391603E-1;1,430061E-1;1,149997E+0;;
02/12/2021  12:05:21,577958;1,144871E+0;1,286472E-1;1,202590E-1;1,150286E+0;;
02/12/2021  12:05:21,578058;1,144099E+0;1,187712E-1;1,237343E-1;1,150550E+0;;
02/12/2021  12:05:21,578158;1,143485E+0;1,340630E-1;1,392149E-1;1,150788E+0;;
02/12/2021  12:05:21,578258;1,141113E+0;1,417090E-1;1,502726E-1;1,150999E+0;;
02/12/2021  12:05:21,578358;1,141986E+0;1,232313E-1;1,281573E-1;1,151185E+0;;
02/12/2021  12:05:21,578458;1,142925E+0;1,047537E-1;1,000394E-1;1,151343E+0;;
02/12/2021  12:05:21,578558;1,141858E+0;1,283286E-1;9,719598E-2;1,151474E+0;;
02/12/2021  12:05:21,578658;1,141128E+0;1,423461E-1;1,404787E-1;1,151579E+0;;
02/12/2021  12:05:21,578758;1,139706E+0;1,455319E-1;1,436380E-1;1,151656E+0;;
02/12/2021  12:05:21,578858;1,140132E+0;1,452133E-1;1,193112E-1;1,151707E+0;;
02/12/2021  12:05:21,578958;1,140818E+0;1,251428E-1;1,145722E-1;1,151731E+0;;
02/12/2021  12:05:21,579058;1,140517E+0;1,334259E-1;1,332122E-1;1,151728E+0;;
02/12/2021  12:05:21,579158;1,139593E+0;1,359745E-1;1,354238E-1;1,151700E+0;;
02/12/2021  12:05:21,579258;1,137867E+0;1,311958E-1;1,351078E-1;1,151646E+0;;
02/12/2021  12:05:21,579358;1,138752E+0;5,664810E-2;9,119327E-2;1,151567E+0;;
02/12/2021  12:05:21,579458;1,138568E+0;1,025236E-1;1,458495E-1;1,151464E+0;;
02/12/2021  12:05:21,579558;1,137423E+0;1,426647E-1;1,316326E-1;1,151337E+0;;
02/12/2021  12:05:21,579658;1,136198E+0;7,544432E-2;1,758630E-1;1,151187E+0;;
02/12/2021  12:05:21,579758;1,134154E+0;1,092138E-1;1,243661E-1;1,151013E+0;;
02/12/2021  12:05:21,579858;1,134100E+0;1,149482E-1;1,218387E-1;1,150818E+0;;
02/12/2021  12:05:21,579958;1,133704E+0;1,276914E-1;1,404787E-1;1,150600E+0;;
02/12/2021  12:05:21,580058;1,133683E+0;1,238685E-1;1,265777E-1;1,150360E+0;;
02/12/2021  12:05:21,580158;1,132142E+0;1,229127E-1;1,354238E-1;1,150099E+0;;
02/12/2021  12:05:21,580258;1,131236E+0;1,292843E-1;1,480610E-1;1,149816E+0;;
02/12/2021  12:05:21,580358;1,131677E+0;9,742634E-2;1,104651E-1;1,149513E+0;;
02/12/2021  12:05:21,580458;1,132038E+0;1,493549E-1;1,449017E-1;1,149189E+0;;
02/12/2021  12:05:21,580558;1,131826E+0;1,296029E-1;1,300529E-1;1,148847E+0;;
02/12/2021  12:05:21,580658;1,130405E+0;1,098510E-1;1,101492E-1;1,148485E+0;;
02/12/2021  12:05:21,580758;1,130253E+0;1,088952E-1;1,073058E-1;1,148105E+0;;
02/12/2021  12:05:21,580858;1,131019E+0;1,433019E-1;1,407946E-1;1,147709E+0;;
02/12/2021  12:05:21,580958;1,131475E+0;1,305587E-1;1,287892E-1;1,147296E+0;;
02/12/2021  12:05:21,581058;1,131337E+0;1,178155E-1;1,231024E-1;1,146868E+0;;
02/12/2021  12:05:21,581158;1,131194E+0;1,248242E-1;1,303688E-1;1,146426E+0;;
02/12/2021  12:05:21,581258;1,131102E+0;1,283286E-1;1,265777E-1;1,145972E+0;;
02/12/2021  12:05:21,581358;1,132074E+0;1,327887E-1;1,366875E-1;1,145507E+0;;
02/12/2021  12:05:21,581458;1,132738E+0;1,136739E-1;1,158360E-1;1,145033E+0;;
02/12/2021  12:05:21,581558;1,132354E+0;1,165411E-1;1,275255E-1;1,144550E+0;;
02/12/2021  12:05:21,581658;1,130804E+0;1,238685E-1;1,347919E-1;1,144061E+0;;
02/12/2021  12:05:21,581758;1,130598E+0;1,308772E-1;1,221546E-1;1,143567E+0;;
02/12/2021  12:05:21,581858;1,131069E+0;1,216384E-1;1,193112E-1;1,143070E+0;;
02/12/2021  12:05:21,581958;1,130589E+0;1,181340E-1;1,240502E-1;1,142570E+0;;
02/12/2021  12:05:21,582058;1,130053E+0;1,203641E-1;1,291051E-1;1,142068E+0;;
02/12/2021  12:05:21,582158;1,128691E+0;1,356559E-1;1,417424E-1;1,141567E+0;;
02/12/2021  12:05:21,582258;1,128333E+0;1,334259E-1;1,325804E-1;1,141066E+0;;
02/12/2021  12:05:21,582358;1,129072E+0;1,041165E-1;9,751191E-2;1,140566E+0;;
02/12/2021  12:05:21,582458;1,128968E+0;1,213198E-1;1,253139E-1;1,140068E+0;;
02/12/2021  12:05:21,582558;1,128968E+0;1,321516E-1;1,256299E-1;1,139574E+0;;
02/12/2021  12:05:21,582658;1,127353E+0;1,260985E-1;1,009872E-1;1,139082E+0;;
02/12/2021  12:05:21,582758;1,127645E+0;1,082581E-1;1,038306E-1;1,138595E+0;;
02/12/2021  12:05:21,582858;1,129552E+0;4,326774E-2;8,613836E-2;1,138113E+0;;
02/12/2021  12:05:21,582958;1,130121E+0;1,194084E-1;1,287892E-1;1,137637E+0;;
02/12/2021  12:05:21,583058;1,130309E+0;1,337445E-1;1,316326E-1;1,137167E+0;;
02/12/2021  12:05:21,583158;1,130560E+0;1,260985E-1;1,256299E-1;1,136704E+0;;
02/12/2021  12:05:21,583258;1,132115E+0;1,120810E-1;8,708615E-2;1,136250E+0;;
02/12/2021  12:05:21,583358;1,134172E+0;1,292843E-1;1,240502E-1;1,135806E+0;;
02/12/2021  12:05:21,583458;1,134660E+0;1,302401E-1;1,404787E-1;1,135373E+0;;
02/12/2021  12:05:21,583558;1,134652E+0;1,334259E-1;1,335282E-1;1,134953E+0;;
02/12/2021  12:05:21,583658;1,134190E+0;1,225942E-1;1,227865E-1;1,134547E+0;;
02/12/2021  12:05:21,583758;1,135119E+0;1,127182E-1;1,158360E-1;1,134157E+0;;
02/12/2021  12:05:21,583858;1,136249E+0;1,327887E-1;1,335282E-1;1,133783E+0;;
02/12/2021  12:05:21,583958;1,136356E+0;1,203641E-1;1,126766E-1;1,133427E+0;;
02/12/2021  12:05:21,584058;1,135948E+0;1,327887E-1;1,351078E-1;1,133091E+0;;
02/12/2021  12:05:21,584158;1,135423E+0;1,168597E-1;1,170997E-1;1,132774E+0;;
02/12/2021  12:05:21,584258;1,136204E+0;1,139925E-1;1,107811E-1;1,132478E+0;;
02/12/2021  12:05:21,584358;1,136300E+0;1,302401E-1;1,449017E-1;1,132202E+0;;
02/12/2021  12:05:21,584458;1,136580E+0;1,292843E-1;1,281573E-1;1,131949E+0;;
02/12/2021  12:05:21,584558;1,135456E+0;1,162226E-1;1,174156E-1;1,131717E+0;;
02/12/2021  12:05:21,584658;1,135382E+0;-5,867786E-2;1,044624E-1;1,131507E+0;;
02/12/2021  12:05:21,584758;1,135870E+0;1,697440E-1;1,581709E-1;1,131320E+0;;
02/12/2021  12:05:21,584858;1,136666E+0;1,483991E-1;1,464814E-1;1,131153E+0;;
02/12/2021  12:05:21,584958;1,136508E+0;1,292843E-1;1,332122E-1;1,131009E+0;;
02/12/2021  12:05:21,585058;1,136154E+0;1,025236E-1;9,877564E-2;1,130885E+0;;
02/12/2021  12:05:21,585158;1,136511E+0;1,222756E-1;1,733356E-1;1,130783E+0;;
02/12/2021  12:05:21,585258;1,137870E+0;1,331073E-1;1,490088E-1;1,130701E+0;;
02/12/2021  12:05:21,585358;1,139280E+0;1,181340E-1;1,249980E-1;1,130640E+0;;
02/12/2021  12:05:21,585458;1,139629E+0;1,219570E-1;1,951349E-1;1,130598E+0;;
02/12/2021  12:05:21,585558;1,139486E+0;1,315144E-1;1,272095E-1;1,130577E+0;;
02/12/2021  12:05:21,585658;1,139787E+0;1,219570E-1;1,196272E-1;1,130576E+0;;
02/12/2021  12:05:21,585758;1,142019E+0;1,315144E-1;1,284732E-1;1,130595E+0;;
02/12/2021  12:05:21,585858;1,142573E+0;1,149482E-1;1,180475E-1;1,130633E+0;;
02/12/2021  12:05:21,585958;1,143122E+0;1,085766E-1;1,310007E-1;1,130691E+0;;
02/12/2021  12:05:21,586058;1,143578E+0;1,073023E-1;1,145722E-1;1,130769E+0;;
02/12/2021  12:05:21,586158;1,144242E+0;1,420275E-1;1,341600E-1;1,130867E+0;;
02/12/2021  12:05:21,586258;1,145729E+0;1,315144E-1;1,237343E-1;1,130985E+0;;
02/12/2021  12:05:21,586358;1,146397E+0;1,254614E-1;1,268936E-1;1,131122E+0;;
02/12/2021  12:05:21,586458;1,146585E+0;1,267357E-1;1,268936E-1;1,131280E+0;;
02/12/2021  12:05:21,586558;1,145032E+0;1,382046E-1;1,528000E-1;1,131458E+0;;
02/12/2021  12:05:21,586658;1,145708E+0;1,264171E-1;1,249980E-1;1,131655E+0;;
02/12/2021  12:05:21,586758;1,146376E+0;1,350188E-1;1,338441E-1;1,131872E+0;;
02/12/2021  12:05:21,586858;1,146120E+0;1,031608E-1;1,126766E-1;1,132107E+0;;
02/12/2021  12:05:21,586958;1,146215E+0;1,305587E-1;1,098333E-1;1,132360E+0;;
02/12/2021  12:05:21,587058;1,145214E+0;1,232313E-1;1,208909E-1;1,132631E+0;;
02/12/2021  12:05:21,587158;1,146042E+0;1,245056E-1;1,205749E-1;1,132918E+0;;
02/12/2021  12:05:21,587258;1,146898E+0;1,302401E-1;1,082536E-1;1,133220E+0;;
02/12/2021  12:05:21,587358;1,147228E+0;1,671954E-1;2,106156E-1;1,133536E+0;;
02/12/2021  12:05:21,587458;1,146984E+0;1,455319E-1;1,332122E-1;1,133866E+0;;
02/12/2021  12:05:21,587558;1,146316E+0;1,111253E-1;1,158360E-1;1,134208E+0;;
02/12/2021  12:05:21,587658;1,146737E+0;1,219570E-1;1,133085E-1;1,134562E+0;;
02/12/2021  12:05:21,587758;1,148000E+0;1,162226E-1;1,016190E-1;1,134926E+0;;
02/12/2021  12:05:21,587858;1,148277E+0;1,439390E-1;1,417424E-1;1,135300E+0;;
02/12/2021  12:05:21,587958;1,147905E+0;1,251428E-1;1,208909E-1;1,135682E+0;;
02/12/2021  12:05:21,588058;1,147085E+0;1,104881E-1;1,117289E-1;1,136071E+0;;
02/12/2021  12:05:21,588158;1,147875E+0;2,096714E-2;8,424277E-2;1,136468E+0;;
02/12/2021  12:05:21,588258;1,149076E+0;1,108067E-1;1,246821E-1;1,136869E+0;;
02/12/2021  12:05:21,588358;1,148865E+0;1,073023E-1;8,645429E-2;1,137275E+0;;
02/12/2021  12:05:21,588458;1,147786E+0;8,436456E-2;9,751191E-2;1,137685E+0;;
02/12/2021  12:05:21,588558;1,147279E+0;1,012493E-1;1,063580E-1;1,138098E+0;;
02/12/2021  12:05:21,588658;1,147750E+0;1,219570E-1;1,310007E-1;1,138512E+0;;
02/12/2021  12:05:21,588758;1,148683E+0;1,260985E-1;1,486929E-1;1,138927E+0;;
02/12/2021  12:05:21,588858;1,148286E+0;1,123996E-1;1,186794E-1;1,139342E+0;;
02/12/2021  12:05:21,588958;1,146677E+0;1,101695E-1;1,325804E-1;1,139755E+0;;
02/12/2021  12:05:21,589058;1,146376E+0;5,983390E-2;1,120448E-1;1,140166E+0;;
02/12/2021  12:05:21,589158;1,146507E+0;7,894870E-2;1,158360E-1;1,140573E+0;;
02/12/2021  12:05:21,589258;1,146006E+0;1,066652E-1;1,174156E-1;1,140976E+0;;
02/12/2021  12:05:21,589358;1,145023E+0;1,098510E-1;1,139404E-1;1,141373E+0;;
02/12/2021  12:05:21,589458;1,143536E+0;8,850610E-2;7,887192E-2;1,141762E+0;;
02/12/2021  12:05:21,589558;1,141685E+0;1,439390E-1;1,449017E-1;1,142143E+0;;
02/12/2021  12:05:21,589658;1,141399E+0;1,034794E-1;1,316326E-1;1,142514E+0;;
02/12/2021  12:05:21,589758;1,141783E+0;8,882468E-2;1,088855E-1;1,142873E+0;;
02/12/2021  12:05:21,589858;1,141372E+0;7,735580E-2;9,498445E-2;1,143218E+0;;
02/12/2021  12:05:21,589958;1,140436E+0;8,818752E-2;9,845971E-2;1,143549E+0;;
02/12/2021  12:05:21,590058;1,140237E+0;1,073023E-1;1,278414E-1;1,143863E+0;;
02/12/2021  12:05:21,590158;1,141301E+0;1,965047E-1;1,818658E-1;1,144161E+0;;
02/12/2021  12:05:21,590258;1,141220E+0;1,037979E-1;1,041465E-1;1,144440E+0;;
02/12/2021  12:05:21,590358;1,141190E+0;1,299215E-1;1,458495E-1;1,144700E+0;;
02/12/2021  12:05:21,590458;1,140743E+0;1,719741E-1;1,606983E-1;1,144941E+0;;
02/12/2021  12:05:21,590558;1,141235E+0;1,773899E-1;1,578549E-1;1,145163E+0;;
02/12/2021  12:05:21,590658;1,142347E+0;1,783457E-1;1,543797E-1;1,145364E+0;;
02/12/2021  12:05:21,590758;1,142719E+0;1,515849E-1;1,420583E-1;1,145546E+0;;
02/12/2021  12:05:21,590858;1,142436E+0;1,856730E-1;1,698603E-1;1,145708E+0;;
02/12/2021  12:05:21,590958;1,141539E+0;1,608238E-1;1,499566E-1;1,145850E+0;;
02/12/2021  12:05:21,591058;1,141068E+0;1,458505E-1;1,373193E-1;1,145974E+0;;
02/12/2021  12:05:21,591158;1,141906E+0;1,541336E-1;1,433221E-1;1,146079E+0;;
02/12/2021  12:05:21,591258;1,141664E+0;1,353374E-1;1,376353E-1;1,146166E+0;;
02/12/2021  12:05:21,591358;1,140386E+0;1,391603E-1;1,136244E-1;1,146235E+0;;
02/12/2021  12:05:21,591458;1,138562E+0;8,850610E-2;7,918786E-2;1,146287E+0;;
02/12/2021  12:05:21,591558;1,138004E+0;4,804644E-2;6,402312E-2;1,146321E+0;;
02/12/2021  12:05:21,591658;1,137888E+0;1,350188E-1;1,354238E-1;1,146338E+0;;
02/12/2021  12:05:21,591758;1,136693E+0;1,834429E-1;1,657532E-1;1,146338E+0;;
02/12/2021  12:05:21,591858;1,136133E+0;1,324701E-1;1,281573E-1;1,146320E+0;;
02/12/2021  12:05:21,591958;1,134565E+0;1,152668E-1;1,215227E-1;1,146284E+0;;
02/12/2021  12:05:21,592058;1,134324E+0;7,799296E-2;7,824006E-2;1,146230E+0;;
02/12/2021  12:05:21,592158;1,134291E+0;1,289658E-1;1,167838E-1;1,146159E+0;;
02/12/2021  12:05:21,592258;1,133707E+0;1,286472E-1;1,174156E-1;1,146069E+0;;
02/12/2021  12:05:21,592358;1,131790E+0;1,069837E-1;1,208909E-1;1,145962E+0;;
02/12/2021  12:05:21,592458;1,130253E+0;1,257800E-1;1,256299E-1;1,145835E+0;;
02/12/2021  12:05:21,592558;1,129946E+0;1,311958E-1;1,379512E-1;1,145690E+0;;
02/12/2021  12:05:21,592658;1,129633E+0;1,334259E-1;1,325804E-1;1,145526E+0;;
02/12/2021  12:05:21,592758;1,129174E+0;1,267357E-1;1,268936E-1;1,145343E+0;;
02/12/2021  12:05:21,592858;1,128080E+0;1,184526E-1;1,253139E-1;1,145141E+0;;
02/12/2021  12:05:21,592958;1,127189E+0;1,260985E-1;1,319485E-1;1,144919E+0;;
02/12/2021  12:05:21,593058;1,127576E+0;1,337445E-1;1,354238E-1;1,144677E+0;;
02/12/2021  12:05:21,593158;1,127272E+0;1,362931E-1;1,480610E-1;1,144416E+0;;
02/12/2021  12:05:21,593258;1,126864E+0;1,401161E-1;1,335282E-1;1,144135E+0;;
02/12/2021  12:05:21,593358;1,125740E+0;1,257800E-1;1,385831E-1;1,143836E+0;;
02/12/2021  12:05:21,593458;1,125052E+0;1,601866E-1;1,903959E-1;1,143518E+0;;
02/12/2021  12:05:21,593558;1,125037E+0;4,836502E-2;9,814378E-2;1,143182E+0;;
02/12/2021  12:05:21,593658;1,125159E+0;1,187712E-1;1,243661E-1;1,142828E+0;;
02/12/2021  12:05:21,593758;1,123756E+0;1,149482E-1;1,205749E-1;1,142456E+0;;
02/12/2021  12:05:21,593858;1,123234E+0;1,225942E-1;1,310007E-1;1,142068E+0;;
02/12/2021  12:05:21,593958;1,122975E+0;7,448858E-2;5,486109E-2;1,141663E+0;;
02/12/2021  12:05:21,594058;1,123419E+0;1,292843E-1;1,366875E-1;1,141243E+0;;
02/12/2021  12:05:21,594158;1,123383E+0;1,184526E-1;1,243661E-1;1,140808E+0;;
02/12/2021  12:05:21,594258;1,122939E+0;1,302401E-1;1,300529E-1;1,140359E+0;;
02/12/2021  12:05:21,594358;1,121577E+0;1,382046E-1;1,357397E-1;1,139896E+0;;
02/12/2021  12:05:21,594458;1,121118E+0;1,375674E-1;1,272095E-1;1,139421E+0;;
02/12/2021  12:05:21,594558;1,121702E+0;1,238685E-1;1,246821E-1;1,138934E+0;;
02/12/2021  12:05:21,594658;1,121893E+0;1,280100E-1;1,287892E-1;1,138437E+0;;
02/12/2021  12:05:21,594758;1,121574E+0;1,305587E-1;1,515363E-1;1,137930E+0;;
02/12/2021  12:05:21,594858;1,121464E+0;1,318330E-1;1,351078E-1;1,137414E+0;;
02/12/2021  12:05:21,594958;1,121192E+0;1,044351E-1;1,148882E-1;1,136891E+0;;
02/12/2021  12:05:21,595058;1,122218E+0;1,280100E-1;1,325804E-1;1,136361E+0;;
02/12/2021  12:05:21,595158;1,122832E+0;1,296029E-1;1,281573E-1;1,135826E+0;;
02/12/2021  12:05:21,595258;1,122352E+0;1,318330E-1;1,344760E-1;1,135287E+0;;
02/12/2021  12:05:21,595358;1,122301E+0;1,264171E-1;1,493248E-1;1,134745E+0;;
02/12/2021  12:05:21,595458;1,122352E+0;1,337445E-1;1,341600E-1;1,134203E+0;;
02/12/2021  12:05:21,595558;1,123276E+0;1,165411E-1;1,256299E-1;1,133660E+0;;
02/12/2021  12:05:21,595658;1,123204E+0;1,401161E-1;1,411105E-1;1,133120E+0;;
02/12/2021  12:05:21,595758;1,123288E+0;1,104881E-1;1,063580E-1;1,132582E+0;;
02/12/2021  12:05:21,595858;1,122861E+0;7,193994E-2;8,929768E-2;1,132049E+0;;
02/12/2021  12:05:21,595958;1,122757E+0;1,937424E-2;5,833634E-2;1,131522E+0;;
02/12/2021  12:05:21,596058;1,124229E+0;1,203641E-1;1,120448E-1;1,131002E+0;;
02/12/2021  12:05:21,596158;1,124051E+0;7,417000E-2;5,264957E-2;1,130489E+0;;
02/12/2021  12:05:21,596258;1,123982E+0;1,327887E-1;1,303688E-1;1,129987E+0;;
02/12/2021  12:05:21,596358;1,123303E+0;1,225942E-1;1,262617E-1;1,129494E+0;;
02/12/2021  12:05:21,596458;1,123651E+0;1,366117E-1;1,351078E-1;1,129014E+0;;
02/12/2021  12:05:21,596558;1,124364E+0;1,340630E-1;1,145722E-1;1,128545E+0;;
02/12/2021  12:05:21,596658;1,124215E+0;1,296029E-1;1,313166E-1;1,128091E+0;;
02/12/2021  12:05:21,596758;1,124048E+0;1,200455E-1;1,243661E-1;1,127650E+0;;
02/12/2021  12:05:21,596858;1,123452E+0;1,200455E-1;1,281573E-1;1,127224E+0;;
02/12/2021  12:05:21,596958;1,124125E+0;1,464877E-1;1,322644E-1;1,126813E+0;;
02/12/2021  12:05:21,597058;1,125067E+0;1,410718E-1;1,297370E-1;1,126419E+0;;
02/12/2021  12:05:21,597158;1,124909E+0;1,235499E-1;1,170997E-1;1,126041E+0;;
02/12/2021  12:05:21,597258;1,124477E+0;1,264171E-1;1,328963E-1;1,125680E+0;;
02/12/2021  12:05:21,597358;1,123660E+0;1,356559E-1;1,379512E-1;1,125337E+0;;
02/12/2021  12:05:21,597458;1,124718E+0;1,452133E-1;1,461654E-1;1,125011E+0;;
02/12/2021  12:05:21,597558;1,125690E+0;1,162226E-1;1,360556E-1;1,124703E+0;;
02/12/2021  12:05:21,597658;1,125755E+0;1,210013E-1;1,161519E-1;1,124412E+0;;
02/12/2021  12:05:21,597758;1,125645E+0;1,713369E-1;1,667010E-1;1,124141E+0;;
02/12/2021  12:05:21,597858;1,126032E+0;1,652839E-1;1,528000E-1;1,123887E+0;;
02/12/2021  12:05:21,597958;1,126861E+0;1,404346E-1;1,376353E-1;1,123652E+0;;
02/12/2021  12:05:21,598058;1,128044E+0;1,296029E-1;1,360556E-1;1,123436E+0;;
02/12/2021  12:05:21,598158;1,127451E+0;1,324701E-1;1,319485E-1;1,123240E+0;;
02/12/2021  12:05:21,598258;1,127767E+0;1,174969E-1;1,120448E-1;1,123062E+0;;
02/12/2021  12:05:21,598358;1,128098E+0;1,022050E-1;1,066739E-1;1,122904E+0;;
02/12/2021  12:05:21,598458;1,129361E+0;1,334259E-1;1,559593E-1;1,122765E+0;;
02/12/2021  12:05:21,598558;1,130539E+0;1,149482E-1;1,196272E-1;1,122646E+0;;
02/12/2021  12:05:21,598658;1,130050E+0;1,353374E-1;1,382671E-1;1,122546E+0;;
02/12/2021  12:05:21,598758;1,129776E+0;1,321516E-1;1,310007E-1;1,122467E+0;;
02/12/2021  12:05:21,598858;1,130193E+0;1,270543E-1;1,224705E-1;1,122407E+0;;
02/12/2021  12:05:21,598958;1,131993E+0;1,120810E-1;1,287892E-1;1,122368E+0;;
02/12/2021  12:05:21,599058;1,132288E+0;1,289658E-1;1,303688E-1;1,122348E+0;;
02/12/2021  12:05:21,599158;1,131844E+0;1,353374E-1;1,509044E-1;1,122348E+0;;
02/12/2021  12:05:21,599258;1,131990E+0;1,401161E-1;1,347919E-1;1,122367E+0;;
02/12/2021  12:05:21,599358;1,132083E+0;1,327887E-1;1,281573E-1;1,122407E+0;;
02/12/2021  12:05:21,599458;1,133009E+0;1,413904E-1;1,357397E-1;1,122465E+0;;
02/12/2021  12:05:21,599558;1,133832E+0;1,433019E-1;1,442698E-1;1,122542E+0;;
02/12/2021  12:05:21,599658;1,133981E+0;1,296029E-1;1,363715E-1;1,122638E+0;;
02/12/2021  12:05:21,599758;1,134380E+0;1,388417E-1;1,322644E-1;1,122753E+0;;
02/12/2021  12:05:21,599858;1,135388E+0;1,104881E-1;1,164678E-1;1,122885E+0;;
02/12/2021  12:05:21,599958;1,137536E+0;9,870066E-2;1,155200E-1;1,123035E+0;;
02/12/2021  12:05:21,600058;1,138138E+0;1,401161E-1;1,341600E-1;1,123203E+0;;
02/12/2021  12:05:21,600158;1,137769E+0;1,222756E-1;1,079377E-1;1,123388E+0;;
02/12/2021  12:05:21,600258;1,137605E+0;3,243602E-2;5,675668E-2;1,123591E+0;;
02/12/2021  12:05:21,600358;1,138749E+0;1,117624E-1;1,322644E-1;1,123811E+0;;
02/12/2021  12:05:21,600458;1,139965E+0;1,499920E-1;1,584868E-1;1,124049E+0;;
02/12/2021  12:05:21,600558;1,139754E+0;1,222756E-1;1,262617E-1;1,124304E+0;;
02/12/2021  12:05:21,600658;1,138788E+0;1,353374E-1;1,246821E-1;1,124575E+0;;
02/12/2021  12:05:21,600758;1,138124E+0;1,235499E-1;1,253139E-1;1,124862E+0;;
02/12/2021  12:05:21,600858;1,138594E+0;1,009307E-1;7,760819E-2;1,125164E+0;;
02/12/2021  12:05:21,600958;1,139584E+0;1,585937E-1;1,382671E-1;1,125481E+0;;
02/12/2021  12:05:21,601058;1,138347E+0;1,120810E-1;1,294210E-1;1,125812E+0;;
02/12/2021  12:05:21,601158;1,137587E+0;1,101695E-1;1,158360E-1;1,126154E+0;;
02/12/2021  12:05:21,601258;1,137364E+0;1,203641E-1;1,253139E-1;1,126509E+0;;
02/12/2021  12:05:21,601358;1,137447E+0;1,321516E-1;1,322644E-1;1,126873E+0;;
02/12/2021  12:05:21,601458;1,138454E+0;1,104881E-1;1,133085E-1;1,127246E+0;;
02/12/2021  12:05:21,601558;1,138732E+0;1,143111E-1;1,218387E-1;1,127626E+0;;
02/12/2021  12:05:21,601658;1,138299E+0;1,108067E-1;1,073058E-1;1,128013E+0;;
02/12/2021  12:05:21,601758;1,138392E+0;1,076209E-1;1,189953E-1;1,128404E+0;;
02/12/2021  12:05:21,601858;1,139912E+0;1,092138E-1;1,180475E-1;1,128800E+0;;
02/12/2021  12:05:21,601958;1,140180E+0;1,076209E-1;1,366875E-1;1,129199E+0;;
02/12/2021  12:05:21,602058;1,140785E+0;9,901924E-2;1,085695E-1;1,129600E+0;;
02/12/2021  12:05:21,602158;1,140189E+0;1,092138E-1;1,328963E-1;1,130003E+0;;
02/12/2021  12:05:21,602258;1,140460E+0;5,123224E-2;1,085695E-1;1,130406E+0;;
02/12/2021  12:05:21,602358;1,141456E+0;1,155854E-1;1,341600E-1;1,130810E+0;;
02/12/2021  12:05:21,602458;1,141676E+0;8,882468E-2;1,063580E-1;1,131214E+0;;
02/12/2021  12:05:21,602558;1,141622E+0;9,455912E-2;1,133085E-1;1,131616E+0;;
02/12/2021  12:05:21,602658;1,141464E+0;1,034794E-1;1,256299E-1;1,132017E+0;;
02/12/2021  12:05:21,602758;1,141700E+0;-3,637726E-2;5,075397E-2;1,132417E+0;;
02/12/2021  12:05:21,602858;1,142570E+0;1,025236E-1;1,392149E-1;1,132814E+0;;
02/12/2021  12:05:21,602958;1,143038E+0;9,806350E-2;1,139404E-1;1,133208E+0;;
02/12/2021  12:05:21,603058;1,142344E+0;1,053908E-1;1,224705E-1;1,133598E+0;;
02/12/2021  12:05:21,603158;1,141718E+0;9,774492E-2;1,066739E-1;1,133985E+0;;
02/12/2021  12:05:21,603258;1,141926E+0;9,360338E-2;9,845971E-2;1,134368E+0;;
02/12/2021  12:05:21,603358;1,142412E+0;1,012493E-1;1,202590E-1;1,134747E+0;;
02/12/2021  12:05:21,603458;1,142886E+0;1,181340E-1;1,325804E-1;1,135120E+0;;
02/12/2021  12:05:21,603558;1,142171E+0;1,754784E-1;1,499566E-1;1,135488E+0;;
02/12/2021  12:05:21,603658;1,141754E+0;1,487177E-1;1,385831E-1;1,135849E+0;;
02/12/2021  12:05:21,603758;1,142561E+0;1,719741E-1;1,572231E-1;1,136205E+0;;
02/12/2021  12:05:21,603858;1,144257E+0;1,789828E-1;1,584868E-1;1,136553E+0;;
02/12/2021  12:05:21,603958;1,143908E+0;1,850358E-1;1,667010E-1;1,136895E+0;;
02/12/2021  12:05:21,604058;1,143759E+0;1,767528E-1;1,562753E-1;1,137229E+0;;
02/12/2021  12:05:21,604158;1,143873E+0;9,169190E-2;1,379512E-1;1,137557E+0;;
02/12/2021  12:05:21,604258;1,144507E+0;1,436204E-1;1,420583E-1;1,137877E+0;;
02/12/2021  12:05:21,604358;1,146898E+0;4,517922E-2;8,329497E-2;1,138190E+0;;
02/12/2021  12:05:21,604458;1,147735E+0;1,426647E-1;1,417424E-1;1,138496E+0;;
02/12/2021  12:05:21,604558;1,147541E+0;1,245056E-1;1,237343E-1;1,138796E+0;;
02/12/2021  12:05:21,604658;1,148233E+0;-1,652042E-3;7,350108E-2;1,139091E+0;;
02/12/2021  12:05:21,604758;1,149699E+0;1,264171E-1;1,306848E-1;1,139380E+0;;
02/12/2021  12:05:21,604858;1,151448E+0;1,066652E-1;8,329497E-2;1,139665E+0;;
02/12/2021  12:05:21,604958;1,151839E+0;1,203641E-1;1,262617E-1;1,139947E+0;;
02/12/2021  12:05:21,605058;1,151887E+0;1,267357E-1;1,240502E-1;1,140227E+0;;
02/12/2021  12:05:21,605158;1,151544E+0;1,340630E-1;1,253139E-1;1,140505E+0;;
02/12/2021  12:05:21,605258;1,152006E+0;1,280100E-1;1,193112E-1;1,140782E+0;;
02/12/2021  12:05:21,605358;1,153111E+0;5,780180E-4;4,348754E-2;1,141059E+0;;
02/12/2021  12:05:21,605458;1,152846E+0;1,241871E-1;1,231024E-1;1,141338E+0;;
02/12/2021  12:05:21,605558;1,152989E+0;1,283286E-1;1,284732E-1;1,141617E+0;;
02/12/2021  12:05:21,605658;1,151952E+0;1,350188E-1;1,322644E-1;1,141898E+0;;
02/12/2021  12:05:21,605758;1,152152E+0;1,404346E-1;1,351078E-1;1,142180E+0;;
02/12/2021  12:05:21,605858;1,152232E+0;1,213198E-1;1,202590E-1;1,142465E+0;;
02/12/2021  12:05:21,605958;1,151878E+0;7,034704E-2;6,212753E-2;1,142752E+0;;
02/12/2021  12:05:21,606058;1,150897E+0;1,238685E-1;1,249980E-1;1,143040E+0;;
02/12/2021  12:05:21,606158;1,150331E+0;1,401161E-1;1,338441E-1;1,143330E+0;;
02/12/2021  12:05:21,606258;1,150754E+0;1,069837E-1;1,177316E-1;1,143620E+0;;
02/12/2021  12:05:21,606358;1,151207E+0;1,210013E-1;1,493248E-1;1,143911E+0;;
02/12/2021  12:05:21,606458;1,151034E+0;1,149482E-1;1,082536E-1;1,144201E+0;;
02/12/2021  12:05:21,606558;1,150447E+0;1,413904E-1;1,417424E-1;1,144490E+0;;
02/12/2021  12:05:21,606658;1,149783E+0;1,216384E-1;1,231024E-1;1,144779E+0;;
02/12/2021  12:05:21,606758;1,150399E+0;1,123996E-1;1,136244E-1;1,145065E+0;;
02/12/2021  12:05:21,606858;1,150542E+0;1,155854E-1;1,227865E-1;1,145348E+0;;
02/12/2021  12:05:21,606958;1,149619E+0;1,286472E-1;1,284732E-1;1,145628E+0;;
02/12/2021  12:05:21,607058;1,148999E+0;1,324701E-1;1,335282E-1;1,145904E+0;;
02/12/2021  12:05:21,607158;1,148271E+0;1,347002E-1;1,234183E-1;1,146176E+0;;
02/12/2021  12:05:21,607258;1,148516E+0;1,710183E-1;1,818658E-1;1,146442E+0;;
02/12/2021  12:05:21,607358;1,148057E+0;1,082581E-1;1,092014E-1;1,146701E+0;;
02/12/2021  12:05:21,607458;1,148027E+0;1,302401E-1;1,275255E-1;1,146954E+0;;
02/12/2021  12:05:21,607558;1,146251E+0;1,139925E-1;1,167838E-1;1,147199E+0;;
02/12/2021  12:05:21,607658;1,145944E+0;1,162226E-1;1,291051E-1;1,147434E+0;;
02/12/2021  12:05:21,607758;1,146194E+0;1,013542E-2;8,487463E-2;1,147660E+0;;
02/12/2021  12:05:21,607858;1,145375E+0;1,149482E-1;1,278414E-1;1,147876E+0;;
02/12/2021  12:05:21,607958;1,144972E+0;1,770713E-1;1,755471E-1;1,148080E+0;;
02/12/2021  12:05:21,608058;1,143098E+0;1,152668E-1;1,183634E-1;1,148272E+0;;
02/12/2021  12:05:21,608158;1,142451E+0;1,098510E-1;1,180475E-1;1,148450E+0;;
02/12/2021  12:05:21,608258;1,143044E+0;1,200455E-1;1,300529E-1;1,148614E+0;;
02/12/2021  12:05:21,608358;1,141646E+0;1,311958E-1;1,278414E-1;1,148764E+0;;
02/12/2021  12:05:21,608458;1,141146E+0;1,219570E-1;1,262617E-1;1,148897E+0;;
02/12/2021  12:05:21,608558;1,140460E+0;1,203641E-1;1,275255E-1;1,149013E+0;;
02/12/2021  12:05:21,608658;1,139894E+0;1,429833E-1;1,679647E-1;1,149112E+0;;
02/12/2021  12:05:21,608758;1,140889E+0;1,413904E-1;1,505885E-1;1,149193E+0;;
02/12/2021  12:05:21,608858;1,141098E+0;1,270543E-1;1,281573E-1;1,149254E+0;;
02/12/2021  12:05:21,608958;1,139688E+0;1,123996E-1;1,170997E-1;1,149297E+0;;
02/12/2021  12:05:21,609058;1,138550E+0;6,620550E-2;1,186794E-1;1,149321E+0;;
02/12/2021  12:05:21,609158;1,138428E+0;1,375674E-1;1,341600E-1;1,149326E+0;;
02/12/2021  12:05:21,609258;1,138958E+0;1,519035E-1;1,543797E-1;1,149310E+0;;
02/12/2021  12:05:21,609358;1,138615E+0;1,401161E-1;1,325804E-1;1,149275E+0;;
02/12/2021  12:05:21,609458;1,138159E+0;4,008194E-2;8,550650E-2;1,149221E+0;;
02/12/2021  12:05:21,609558;1,137489E+0;1,254614E-1;1,344760E-1;1,149147E+0;;
02/12/2021  12:05:21,609658;1,136958E+0;1,222756E-1;1,082536E-1;1,149054E+0;;
02/12/2021  12:05:21,609758;1,136955E+0;1,197269E-1;1,145722E-1;1,148942E+0;;
02/12/2021  12:05:21,609858;1,136213E+0;1,152668E-1;1,003553E-1;1,148811E+0;;
02/12/2021  12:05:21,609958;1,134801E+0;1,289658E-1;1,243661E-1;1,148662E+0;;
02/12/2021  12:05:21,610058;1,133534E+0;1,477620E-1;1,370034E-1;1,148495E+0;;
02/12/2021  12:05:21,610158;1,132470E+0;1,327887E-1;1,291051E-1;1,148309E+0;;
02/12/2021  12:05:21,610258;1,132208E+0;1,187712E-1;1,189953E-1;1,148105E+0;;
02/12/2021  12:05:21,610358;1,130417E+0;1,165411E-1;1,227865E-1;1,147883E+0;;
02/12/2021  12:05:21,610458;1,128622E+0;1,366117E-1;1,357397E-1;1,147642E+0;;
02/12/2021  12:05:21,610558;1,126721E+0;1,101695E-1;1,057261E-1;1,147382E+0;;
02/12/2021  12:05:21,610658;1,125776E+0;1,251428E-1;1,199431E-1;1,147104E+0;;
02/12/2021  12:05:21,610758;1,125135E+0;1,299215E-1;1,543797E-1;1,146805E+0;;
02/12/2021  12:05:21,610858;1,123177E+0;1,417090E-1;1,300529E-1;1,146487E+0;;
02/12/2021  12:05:21,610958;1,121032E+0;1,700626E-1;1,581709E-1;1,146148E+0;;
02/12/2021  12:05:21,611058;1,119166E+0;6,907272E-2;1,727037E-1;1,145787E+0;;
02/12/2021  12:05:21,611158;1,118558E+0;1,697440E-1;1,398468E-1;1,145404E+0;;
02/12/2021  12:05:21,611258;1,117190E+0;1,206827E-1;1,234183E-1;1,144998E+0;;
02/12/2021  12:05:21,611358;1,116597E+0;1,359745E-1;1,297370E-1;1,144569E+0;;
02/12/2021  12:05:21,611458;1,114284E+0;1,350188E-1;1,313166E-1;1,144115E+0;;
02/12/2021  12:05:21,611558;1,113581E+0;1,267357E-1;1,284732E-1;1,143637E+0;;
02/12/2021  12:05:21,611658;1,113754E+0;1,222756E-1;1,344760E-1;1,143133E+0;;
02/12/2021  12:05:21,611758;1,112842E+0;1,200455E-1;1,262617E-1;1,142604E+0;;
02/12/2021  12:05:21,611858;1,112287E+0;1,257800E-1;1,278414E-1;1,142050E+0;;
02/12/2021  12:05:21,611958;1,110529E+0;1,123996E-1;1,193112E-1;1,141471E+0;;
02/12/2021  12:05:21,612058;1,109900E+0;1,407532E-1;1,354238E-1;1,140866E+0;;
02/12/2021  12:05:21,612158;1,109519E+0;1,273729E-1;1,310007E-1;1,140237E+0;;
02/12/2021  12:05:21,612258;1,109036E+0;1,382046E-1;1,303688E-1;1,139583E+0;;
02/12/2021  12:05:21,612358;1,109075E+0;1,331073E-1;1,300529E-1;1,138906E+0;;
02/12/2021  12:05:21,612458;1,108073E+0;5,027650E-2;7,918786E-2;1,138206E+0;;
02/12/2021  12:05:21,612558;1,108243E+0;1,404346E-1;1,439539E-1;1,137483E+0;;
02/12/2021  12:05:21,612658;1,108237E+0;1,531778E-1;1,730197E-1;1,136740E+0;;
02/12/2021  12:05:21,612758;1,108678E+0;1,353374E-1;1,313166E-1;1,135977E+0;;
02/12/2021  12:05:21,612858;1,108014E+0;1,286472E-1;1,370034E-1;1,135196E+0;;
02/12/2021  12:05:21,612958;1,106848E+0;1,213198E-1;1,569071E-1;1,134398E+0;;
02/12/2021  12:05:21,613058;1,106729E+0;1,324701E-1;1,275255E-1;1,133585E+0;;
02/12/2021  12:05:21,613158;1,106684E+0;1,793014E-1;1,657532E-1;1,132758E+0;;
02/12/2021  12:05:21,613258;1,107498E+0;1,225942E-1;1,284732E-1;1,131919E+0;;
02/12/2021  12:05:21,613358;1,106520E+0;1,232313E-1;1,328963E-1;1,131070E+0;;
02/12/2021  12:05:21,613458;1,106240E+0;1,114439E-1;1,373193E-1;1,130212E+0;;
02/12/2021  12:05:21,613558;1,107513E+0;1,382046E-1;1,335282E-1;1,129348E+0;;
02/12/2021  12:05:21,613658;1,107304E+0;8,149734E-2;6,686651E-2;1,128478E+0;;
02/12/2021  12:05:21,613758;1,107653E+0;1,356559E-1;1,297370E-1;1,127606E+0;;
02/12/2021  12:05:21,613858;1,107418E+0;1,296029E-1;1,139404E-1;1,126733E+0;;
02/12/2021  12:05:21,613958;1,107388E+0;1,433019E-1;1,341600E-1;1,125861E+0;;
02/12/2021  12:05:21,614058;1,107623E+0;1,318330E-1;1,215227E-1;1,124992E+0;;
02/12/2021  12:05:21,614158;1,108774E+0;7,894870E-2;7,508074E-2;1,124128E+0;;
02/12/2021  12:05:21,614258;1,109042E+0;1,149482E-1;1,205749E-1;1,123271E+0;;
02/12/2021  12:05:21,614358;1,109203E+0;1,098510E-1;1,104651E-1;1,122423E+0;;
02/12/2021  12:05:21,614458;1,109215E+0;1,327887E-1;1,297370E-1;1,121586E+0;;
02/12/2021  12:05:21,614558;1,109975E+0;1,264171E-1;1,208909E-1;1,120762E+0;;
02/12/2021  12:05:21,614658;1,110693E+0;1,139925E-1;1,186794E-1;1,119953E+0;;
02/12/2021  12:05:21,614758;1,111757E+0;1,120810E-1;1,231024E-1;1,119161E+0;;
02/12/2021  12:05:21,614858;1,111408E+0;1,098510E-1;1,218387E-1;1,118388E+0;;
02/12/2021  12:05:21,614958;1,111447E+0;1,085766E-1;1,101492E-1;1,117635E+0;;
02/12/2021  12:05:21,615058;1,111581E+0;9,615202E-2;1,101492E-1;1,116905E+0;;
02/12/2021  12:05:21,615158;1,112255E+0;1,063466E-1;1,420583E-1;1,116198E+0;;
02/12/2021  12:05:21,615258;1,112907E+0;1,162226E-1;1,237343E-1;1,115516E+0;;
02/12/2021  12:05:21,615358;1,112320E+0;1,092138E-1;1,212068E-1;1,114860E+0;;
02/12/2021  12:05:21,615458;1,112150E+0;9,901924E-2;1,088855E-1;1,114232E+0;;
02/12/2021  12:05:21,615558;1,113155E+0;1,060280E-1;1,180475E-1;1,113632E+0;;
02/12/2021  12:05:21,615658;1,113530E+0;1,108067E-1;1,313166E-1;1,113062E+0;;
02/12/2021  12:05:21,615758;1,113482E+0;1,053908E-1;1,196272E-1;1,112522E+0;;
02/12/2021  12:05:21,615858;1,113223E+0;9,105474E-2;1,240502E-1;1,112012E+0;;
02/12/2021  12:05:21,615958;1,113459E+0;7,289568E-2;8,550650E-2;1,111533E+0;;
02/12/2021  12:05:21,616058;1,114126E+0;9,710776E-2;1,126766E-1;1,111085E+0;;
02/12/2021  12:05:21,616158;1,114684E+0;1,114439E-1;1,278414E-1;1,110669E+0;;
02/12/2021  12:05:21,616258;1,115151E+0;1,098510E-1;1,221546E-1;1,110285E+0;;
02/12/2021  12:05:21,616358;1,115274E+0;1,057094E-1;1,265777E-1;1,109932E+0;;
02/12/2021  12:05:21,616458;1,115998E+0;1,028422E-1;1,085695E-1;1,109611E+0;;
02/12/2021  12:05:21,616558;1,117548E+0;1,219570E-1;1,395309E-1;1,109323E+0;;
02/12/2021  12:05:21,616658;1,118567E+0;1,299215E-1;1,388990E-1;1,109066E+0;;
02/12/2021  12:05:21,616758;1,119214E+0;2,500262E-1;2,245166E-1;1,108841E+0;;
02/12/2021  12:05:21,616858;1,119220E+0;1,506292E-1;1,196272E-1;1,108649E+0;;
02/12/2021  12:05:21,616958;1,119953E+0;1,761156E-1;1,619620E-1;1,108489E+0;;
02/12/2021  12:05:21,617058;1,120611E+0;2,063807E-1;1,755471E-1;1,108361E+0;;
02/12/2021  12:05:21,617158;1,121511E+0;1,761156E-1;1,584868E-1;1,108266E+0;;
02/12/2021  12:05:21,617258;1,122060E+0;5,792242E-2;1,366875E-1;1,108203E+0;;
02/12/2021  12:05:21,617358;1,121964E+0;1,522221E-1;1,237343E-1;1,108171E+0;;
02/12/2021  12:05:21,617458;1,122763E+0;1,595494E-1;1,496407E-1;1,108171E+0;;
02/12/2021  12:05:21,617558;1,123449E+0;1,611423E-1;1,509044E-1;1,108203E+0;;
02/12/2021  12:05:21,617658;1,123961E+0;1,394789E-1;1,347919E-1;1,108265E+0;;
02/12/2021  12:05:21,617758;1,124790E+0;1,318330E-1;1,338441E-1;1,108357E+0;;
02/12/2021  12:05:21,617858;1,124051E+0;1,496735E-1;1,085695E-1;1,108479E+0;;
02/12/2021  12:05:21,617958;1,125135E+0;1,308772E-1;1,249980E-1;1,108631E+0;;
02/12/2021  12:05:21,618058;1,127019E+0;1,397975E-1;1,594346E-1;1,108810E+0;;
02/12/2021  12:05:21,618158;1,128232E+0;1,206827E-1;1,278414E-1;1,109017E+0;;
02/12/2021  12:05:21,618258;1,129552E+0;1,324701E-1;1,420583E-1;1,109252E+0;;
02/12/2021  12:05:21,618358;1,130333E+0;1,407532E-1;1,370034E-1;1,109513E+0;;
02/12/2021  12:05:21,618458;1,132026E+0;1,315144E-1;9,972343E-2;1,109801E+0;;
02/12/2021  12:05:21,618558;1,133659E+0;1,069837E-1;1,095173E-1;1,110115E+0;;
02/12/2021  12:05:21,618658;1,135227E+0;1,353374E-1;1,613302E-1;1,110455E+0;;
02/12/2021  12:05:21,618758;1,136523E+0;1,452133E-1;1,373193E-1;1,110821E+0;;
02/12/2021  12:05:21,618858;1,136499E+0;1,222756E-1;1,234183E-1;1,111214E+0;;
02/12/2021  12:05:21,618958;1,138049E+0;1,315144E-1;1,278414E-1;1,111633E+0;;
02/12/2021  12:05:21,619058;1,140019E+0;1,254614E-1;1,196272E-1;1,112078E+0;;
02/12/2021  12:05:21,619158;1,140743E+0;1,382046E-1;1,452176E-1;1,112549E+0;;
02/12/2021  12:05:21,619258;1,141804E+0;1,343816E-1;1,291051E-1;1,113046E+0;;
02/12/2021  12:05:21,619358;1,142418E+0;6,907272E-2;1,006712E-1;1,113569E+0;;
02/12/2021  12:05:21,619458;1,144042E+0;1,143111E-1;1,161519E-1;1,114118E+0;;
02/12/2021  12:05:21,619558;1,145354E+0;1,331073E-1;1,632258E-1;1,114691E+0;;
02/12/2021  12:05:21,619658;1,146272E+0;9,551486E-2;9,308886E-2;1,115291E+0;;
02/12/2021  12:05:21,619758;1,146355E+0;1,292843E-1;1,316326E-1;1,115915E+0;;
02/12/2021  12:05:21,619858;1,146388E+0;1,206827E-1;1,174156E-1;1,116563E+0;;
02/12/2021  12:05:21,619958;1,147109E+0;1,053908E-1;1,284732E-1;1,117235E+0;;
02/12/2021  12:05:21,620058;1,147240E+0;1,334259E-1;1,407946E-1;1,117931E+0;;
02/12/2021  12:05:21,620158;1,148397E+0;1,136739E-1;1,177316E-1;1,118648E+0;;
02/12/2021  12:05:21,620258;1,148143E+0;1,350188E-1;1,294210E-1;1,119386E+0;;
02/12/2021  12:05:21,620358;1,148039E+0;1,162226E-1;1,243661E-1;1,120144E+0;;
02/12/2021  12:05:21,620458;1,149198E+0;1,385232E-1;1,565912E-1;1,120921E+0;;
02/12/2021  12:05:21,620558;1,149240E+0;1,439390E-1;1,455336E-1;1,121715E+0;;
02/12/2021  12:05:21,620658;1,149571E+0;1,229127E-1;1,183634E-1;1,122524E+0;;
02/12/2021  12:05:21,620758;1,148587E+0;1,184526E-1;1,316326E-1;1,123348E+0;;
02/12/2021  12:05:21,620858;1,148170E+0;1,366117E-1;1,363715E-1;1,124183E+0;;
02/12/2021  12:05:21,620958;1,149103E+0;1,397975E-1;1,442698E-1;1,125030E+0;;
02/12/2021  12:05:21,621058;1,148769E+0;1,308772E-1;1,370034E-1;1,125885E+0;;
02/12/2021  12:05:21,621158;1,149133E+0;1,254614E-1;1,234183E-1;1,126747E+0;;
02/12/2021  12:05:21,621258;1,148331E+0;1,257800E-1;1,310007E-1;1,127614E+0;;
02/12/2021  12:05:21,621358;1,148829E+0;1,429833E-1;1,572231E-1;1,128483E+0;;
02/12/2021  12:05:21,621458;1,149291E+0;1,114439E-1;1,388990E-1;1,129354E+0;;
02/12/2021  12:05:21,621558;1,149863E+0;1,203641E-1;1,262617E-1;1,130223E+0;;
02/12/2021  12:05:21,621658;1,149258E+0;1,442576E-1;1,575390E-1;1,131090E+0;;
02/12/2021  12:05:21,621758;1,148355E+0;5,314372E-2;1,050943E-1;1,131952E+0;;
02/12/2021  12:05:21,621858;1,148066E+0;1,308772E-1;1,167838E-1;1,132808E+0;;
02/12/2021  12:05:21,621958;1,148489E+0;7,066562E-2;1,167838E-1;1,133656E+0;;
02/12/2021  12:05:21,622058;1,148915E+0;1,159040E-1;1,161519E-1;1,134493E+0;;
02/12/2021  12:05:21,622158;1,148480E+0;1,267357E-1;1,319485E-1;1,135319E+0;;
02/12/2021  12:05:21,622258;1,147789E+0;-3,777220E-4;6,591871E-2;1,136132E+0;;
02/12/2021  12:05:21,622358;1,147842E+0;1,232313E-1;1,249980E-1;1,136930E+0;;
02/12/2021  12:05:21,622458;1,148581E+0;1,225942E-1;1,148882E-1;1,137712E+0;;
02/12/2021  12:05:21,622558;1,148456E+0;1,181340E-1;1,202590E-1;1,138476E+0;;
02/12/2021  12:05:21,622658;1,148131E+0;1,391603E-1;1,414265E-1;1,139222E+0;;
02/12/2021  12:05:21,622758;1,147333E+0;1,238685E-1;1,243661E-1;1,139947E+0;;
02/12/2021  12:05:21,622858;1,147646E+0;1,280100E-1;1,262617E-1;1,140652E+0;;
02/12/2021  12:05:21,622958;1,148093E+0;1,267357E-1;1,104651E-1;1,141334E+0;;
02/12/2021  12:05:21,623058;1,148713E+0;1,407532E-1;1,458495E-1;1,141994E+0;;
02/12/2021  12:05:21,623158;1,149028E+0;1,219570E-1;1,126766E-1;1,142630E+0;;
02/12/2021  12:05:21,623258;1,148787E+0;1,273729E-1;1,262617E-1;1,143242E+0;;
02/12/2021  12:05:21,623358;1,149726E+0;1,136739E-1;1,183634E-1;1,143829E+0;;
02/12/2021  12:05:21,623458;1,151815E+0;1,235499E-1;1,322644E-1;1,144393E+0;;
02/12/2021  12:05:21,623558;1,152286E+0;1,241871E-1;1,227865E-1;1,144932E+0;;
02/12/2021  12:05:21,623658;1,153284E+0;1,216384E-1;1,183634E-1;1,145447E+0;;
02/12/2021  12:05:21,623758;1,153085E+0;1,216384E-1;1,202590E-1;1,145940E+0;;
02/12/2021  12:05:21,623858;1,155022E+0;8,818752E-2;9,435259E-2;1,146411E+0;;
02/12/2021  12:05:21,623958;1,156286E+0;1,308772E-1;1,572231E-1;1,146860E+0;;
02/12/2021  12:05:21,624058;1,157427E+0;1,350188E-1;1,341600E-1;1,147290E+0;;
02/12/2021  12:05:21,624158;1,157797E+0;1,190898E-1;1,237343E-1;1,147702E+0;;
02/12/2021  12:05:21,624258;1,158351E+0;1,222756E-1;1,180475E-1;1,148096E+0;;
02/12/2021  12:05:21,624358;1,159513E+0;1,289658E-1;1,294210E-1;1,148475E+0;;
02/12/2021  12:05:21,624458;1,159314E+0;1,280100E-1;1,297370E-1;1,148840E+0;;
02/12/2021  12:05:21,624558;1,159609E+0;1,324701E-1;1,193112E-1;1,149192E+0;;
02/12/2021  12:05:21,624658;1,158607E+0;1,299215E-1;1,313166E-1;1,149533E+0;;
02/12/2021  12:05:21,624758;1,157791E+0;1,356559E-1;1,363715E-1;1,149864E+0;;
02/12/2021  12:05:21,624858;1,157272E+0;1,289658E-1;1,335282E-1;1,150185E+0;;
02/12/2021  12:05:21,624958;1,156533E+0;1,168597E-1;1,227865E-1;1,150498E+0;;
02/12/2021  12:05:21,625058;1,155609E+0;1,187712E-1;1,205749E-1;1,150801E+0;;
02/12/2021  12:05:21,625158;1,154962E+0;1,238685E-1;1,379512E-1;1,151096E+0;;
02/12/2021  12:05:21,625258;1,153699E+0;1,257800E-1;1,632258E-1;1,151382E+0;;
02/12/2021  12:05:21,625358;1,152888E+0;1,362931E-1;1,388990E-1;1,151659E+0;;
02/12/2021  12:05:21,625458;1,153049E+0;1,324701E-1;1,313166E-1;1,151926E+0;;
02/12/2021  12:05:21,625558;1,151976E+0;1,238685E-1;1,265777E-1;1,152183E+0;;
02/12/2021  12:05:21,625658;1,151225E+0;1,232313E-1;1,284732E-1;1,152429E+0;;
02/12/2021  12:05:21,625758;1,150271E+0;1,391603E-1;1,733356E-1;1,152663E+0;;
02/12/2021  12:05:21,625858;1,151076E+0;1,378860E-1;1,581709E-1;1,152885E+0;;
02/12/2021  12:05:21,625958;1,150972E+0;1,178155E-1;1,117289E-1;1,153094E+0;;
02/12/2021  12:05:21,626058;1,150614E+0;1,464877E-1;1,366875E-1;1,153289E+0;;
02/12/2021  12:05:21,626158;1,150092E+0;1,468062E-1;1,376353E-1;1,153471E+0;;
02/12/2021  12:05:21,626258;1,150566E+0;1,143111E-1;1,117289E-1;1,153638E+0;;
02/12/2021  12:05:21,626358;1,150542E+0;1,139925E-1;1,133085E-1;1,153790E+0;;
02/12/2021  12:05:21,626458;1,150385E+0;1,104881E-1;1,174156E-1;1,153928E+0;;
02/12/2021  12:05:21,626558;1,149878E+0;1,088952E-1;1,303688E-1;1,154051E+0;;
02/12/2021  12:05:21,626658;1,148608E+0;1,264171E-1;1,268936E-1;1,154159E+0;;
02/12/2021  12:05:21,626758;1,148117E+0;1,238685E-1;1,215227E-1;1,154252E+0;;
02/12/2021  12:05:21,626858;1,147813E+0;6,939130E-2;1,322644E-1;1,154330E+0;;
02/12/2021  12:05:21,626958;1,147354E+0;1,343816E-1;1,287892E-1;1,154392E+0;;
02/12/2021  12:05:21,627058;1,146656E+0;1,506292E-1;1,417424E-1;1,154438E+0;;
02/12/2021  12:05:21,627158;1,146111E+0;1,468062E-1;1,385831E-1;1,154468E+0;;
02/12/2021  12:05:21,627258;1,145330E+0;1,098510E-1;9,877564E-2;1,154482E+0;;
02/12/2021  12:05:21,627358;1,145285E+0;1,264171E-1;1,218387E-1;1,154480E+0;;
02/12/2021  12:05:21,627458;1,145387E+0;1,264171E-1;1,047783E-1;1,154460E+0;;
02/12/2021  12:05:21,627558;1,145223E+0;1,174969E-1;9,308886E-2;1,154425E+0;;
02/12/2021  12:05:21,627658;1,144138E+0;1,104881E-1;1,041465E-1;1,154373E+0;;
02/12/2021  12:05:21,627758;1,143646E+0;1,127182E-1;1,101492E-1;1,154304E+0;;
02/12/2021  12:05:21,627858;1,143956E+0;1,143111E-1;1,281573E-1;1,154219E+0;;
02/12/2021  12:05:21,627958;1,144057E+0;1,171783E-1;1,215227E-1;1,154117E+0;;
02/12/2021  12:05:21,628058;1,144263E+0;9,838208E-2;1,054102E-1;1,154000E+0;;
02/12/2021  12:05:21,628158;1,143589E+0;8,691320E-2;1,076217E-1;1,153867E+0;;
02/12/2021  12:05:21,628258;1,143840E+0;6,429402E-2;8,455870E-2;1,153719E+0;;
02/12/2021  12:05:21,628358;1,145059E+0;1,123996E-1;1,622780E-1;1,153556E+0;;
02/12/2021  12:05:21,628458;1,145288E+0;1,022050E-1;1,107811E-1;1,153380E+0;;
02/12/2021  12:05:21,628558;1,144910E+0;1,057094E-1;1,158360E-1;1,153191E+0;;
02/12/2021  12:05:21,628658;1,143917E+0;1,053908E-1;1,129926E-1;1,152990E+0;;
02/12/2021  12:05:21,628758;1,143962E+0;1,369303E-1;1,474292E-1;1,152779E+0;;
02/12/2021  12:05:21,628858;1,144188E+0;1,025236E-1;1,189953E-1;1,152557E+0;;
02/12/2021  12:05:21,628958;1,144370E+0;1,025236E-1;1,139404E-1;1,152326E+0;;
02/12/2021  12:05:21,629058;1,143303E+0;8,627604E-2;1,019350E-1;1,152086E+0;;
02/12/2021  12:05:21,629158;1,142967E+0;1,101695E-1;1,202590E-1;1,151839E+0;;
02/12/2021  12:05:21,629258;1,143154E+0;1,159040E-1;1,347919E-1;1,151585E+0;;
02/12/2021  12:05:21,629358;1,142981E+0;9,933782E-2;1,183634E-1;1,151325E+0;;
02/12/2021  12:05:21,629458;1,141959E+0;9,551486E-2;1,110970E-1;1,151060E+0;;
02/12/2021  12:05:21,629558;1,140868E+0;1,069837E-1;1,398468E-1;1,150789E+0;;
02/12/2021  12:05:21,629658;1,139658E+0;1,503106E-1;1,461654E-1;1,150514E+0;;
02/12/2021  12:05:21,629758;1,139280E+0;1,069837E-1;1,193112E-1;1,150234E+0;;
02/12/2021  12:05:21,629858;1,138600E+0;1,391603E-1;1,344760E-1;1,149950E+0;;
02/12/2021  12:05:21,629958;1,137706E+0;1,576380E-1;1,455336E-1;1,149662E+0;;
02/12/2021  12:05:21,630058;1,136437E+0;1,850358E-1;1,708081E-1;1,149369E+0;;
02/12/2021  12:05:21,630158;1,135486E+0;1,930003E-1;1,790224E-1;1,149071E+0;;
02/12/2021  12:05:21,630258;1,135277E+0;1,117624E-1;1,379512E-1;1,148769E+0;;
02/12/2021  12:05:21,630358;1,134544E+0;1,585937E-1;1,420583E-1;1,148461E+0;;
02/12/2021  12:05:21,630458;1,133930E+0;1,382046E-1;1,818658E-1;1,148148E+0;;
02/12/2021  12:05:21,630558;1,131826E+0;1,531778E-1;1,540637E-1;1,147829E+0;;
02/12/2021  12:05:21,630658;1,130530E+0;1,356559E-1;1,174156E-1;1,147504E+0;;
02/12/2021  12:05:21,630758;1,130127E+0;1,525407E-1;1,098333E-1;1,147171E+0;;
02/12/2021  12:05:21,630858;1,129108E+0;1,267357E-1;1,325804E-1;1,146831E+0;;
02/12/2021  12:05:21,630958;1,128602E+0;1,388417E-1;1,505885E-1;1,146483E+0;;
02/12/2021  12:05:21,631058;1,127564E+0;1,401161E-1;1,433221E-1;1,146125E+0;;
02/12/2021  12:05:21,631158;1,127192E+0;1,235499E-1;1,234183E-1;1,145759E+0;;
02/12/2021  12:05:21,631258;1,126879E+0;1,248242E-1;1,050943E-1;1,145382E+0;;
02/12/2021  12:05:21,631358;1,125967E+0;1,407532E-1;1,379512E-1;1,144995E+0;;
02/12/2021  12:05:21,631458;1,125433E+0;1,251428E-1;1,227865E-1;1,144598E+0;;
02/12/2021  12:05:21,631558;1,123717E+0;1,280100E-1;1,275255E-1;1,144189E+0;;
02/12/2021  12:05:21,631658;1,124215E+0;1,197269E-1;1,167838E-1;1,143770E+0;;
02/12/2021  12:05:21,631758;1,123592E+0;1,350188E-1;1,322644E-1;1,143339E+0;;
02/12/2021  12:05:21,631858;1,122325E+0;1,245056E-1;1,249980E-1;1,142897E+0;;
02/12/2021  12:05:21,631958;1,121821E+0;8,723178E-2;9,593225E-2;1,142443E+0;;
02/12/2021  12:05:21,632058;1,120874E+0;1,550893E-1;1,388990E-1;1,141978E+0;;
02/12/2021  12:05:21,632158;1,120838E+0;1,241871E-1;1,202590E-1;1,141501E+0;;
02/12/2021  12:05:21,632258;1,121172E+0;1,321516E-1;1,310007E-1;1,141012E+0;;
02/12/2021  12:05:21,632358;1,121091E+0;1,311958E-1;1,335282E-1;1,140512E+0;;
02/12/2021  12:05:21,632458;1,120096E+0;1,260985E-1;1,294210E-1;1,140002E+0;;
02/12/2021  12:05:21,632558;1,119565E+0;1,197269E-1;1,265777E-1;1,139481E+0;;
02/12/2021  12:05:21,632658;1,119062E+0;1,203641E-1;9,909157E-2;1,138950E+0;;
02/12/2021  12:05:21,632758;1,119339E+0;1,525407E-1;1,761790E-1;1,138410E+0;;
02/12/2021  12:05:21,632858;1,119297E+0;1,289658E-1;1,316326E-1;1,137861E+0;;
02/12/2021  12:05:21,632958;1,118567E+0;1,245056E-1;1,275255E-1;1,137304E+0;;
02/12/2021  12:05:21,633058;1,118194E+0;1,362931E-1;1,335282E-1;1,136739E+0;;
02/12/2021  12:05:21,633158;1,118716E+0;1,417090E-1;1,414265E-1;1,136168E+0;;
02/12/2021  12:05:21,633258;1,118686E+0;1,248242E-1;1,373193E-1;1,135591E+0;;
02/12/2021  12:05:21,633358;1,118466E+0;1,232313E-1;1,186794E-1;1,135009E+0;;
02/12/2021  12:05:21,633458;1,117884E+0;1,270543E-1;1,265777E-1;1,134423E+0;;
02/12/2021  12:05:21,633558;1,117077E+0;1,299215E-1;1,313166E-1;1,133834E+0;;
02/12/2021  12:05:21,633658;1,118278E+0;1,299215E-1;1,328963E-1;1,133243E+0;;
02/12/2021  12:05:21,633758;1,117640E+0;1,292843E-1;1,313166E-1;1,132652E+0;;
02/12/2021  12:05:21,633858;1,117390E+0;1,353374E-1;1,347919E-1;1,132059E+0;;
02/12/2021  12:05:21,633958;1,116537E+0;1,334259E-1;1,449017E-1;1,131468E+0;;
02/12/2021  12:05:21,634058;1,116054E+0;1,375674E-1;9,498445E-2;1,130879E+0;;
02/12/2021  12:05:21,634158;1,115971E+0;1,165411E-1;1,265777E-1;1,130291E+0;;
02/12/2021  12:05:21,634258;1,115759E+0;1,165411E-1;1,246821E-1;1,129707E+0;;
02/12/2021  12:05:21,634358;1,114719E+0;1,257800E-1;1,300529E-1;1,129126E+0;;
02/12/2021  12:05:21,634458;1,113265E+0;1,343816E-1;1,351078E-1;1,128550E+0;;
02/12/2021  12:05:21,634558;1,111968E+0;1,426647E-1;1,370034E-1;1,127978E+0;;
02/12/2021  12:05:21,634658;1,111697E+0;5,091366E-2;1,284732E-1;1,127411E+0;;
02/12/2021  12:05:21,634758;1,110487E+0;1,251428E-1;1,347919E-1;1,126849E+0;;
02/12/2021  12:05:21,634858;1,109757E+0;1,318330E-1;1,385831E-1;1,126291E+0;;
02/12/2021  12:05:21,634958;1,108163E+0;1,025236E-1;1,167838E-1;1,125737E+0;;
02/12/2021  12:05:21,635058;1,107051E+0;1,079395E-1;1,076217E-1;1,125187E+0;;
02/12/2021  12:05:21,635158;1,106950E+0;1,650702E-2;7,034176E-2;1,124640E+0;;
02/12/2021  12:05:21,635258;1,106535E+0;1,391603E-1;1,398468E-1;1,124097E+0;;
02/12/2021  12:05:21,635358;1,105489E+0;1,254614E-1;1,319485E-1;1,123555E+0;;
02/12/2021  12:05:21,635458;1,104396E+0;1,273729E-1;1,341600E-1;1,123016E+0;;
02/12/2021  12:05:21,635558;1,103680E+0;1,213198E-1;1,231024E-1;1,122478E+0;;
02/12/2021  12:05:21,635658;1,103701E+0;8,723178E-2;1,193112E-1;1,121941E+0;;
02/12/2021  12:05:21,635758;1,103650E+0;1,264171E-1;1,341600E-1;1,121405E+0;;
02/12/2021  12:05:21,635858;1,102533E+0;1,136739E-1;1,237343E-1;1,120869E+0;;
02/12/2021  12:05:21,635958;1,101844E+0;1,340630E-1;1,291051E-1;1,120333E+0;;
02/12/2021  12:05:21,636058;1,101824E+0;-1,014882E-3;3,053433E-2;1,119796E+0;;
02/12/2021  12:05:21,636158;1,102077E+0;1,483991E-1;1,291051E-1;1,119259E+0;;
02/12/2021  12:05:21,636258;1,102044E+0;1,480806E-1;1,815498E-1;1,118722E+0;;
02/12/2021  12:05:21,636358;1,101207E+0;1,302401E-1;1,224705E-1;1,118184E+0;;
02/12/2021  12:05:21,636458;1,100298E+0;3,084312E-2;5,138584E-2;1,117645E+0;;
02/12/2021  12:05:21,636558;1,100727E+0;1,340630E-1;1,363715E-1;1,117106E+0;;
02/12/2021  12:05:21,636658;1,100631E+0;1,378860E-1;1,325804E-1;1,116567E+0;;
02/12/2021  12:05:21,636758;1,101093E+0;1,299215E-1;1,287892E-1;1,116028E+0;;
02/12/2021  12:05:21,636858;1,100906E+0;1,267357E-1;1,256299E-1;1,115490E+0;;
02/12/2021  12:05:21,636958;1,100953E+0;1,362931E-1;1,388990E-1;1,114952E+0;;
02/12/2021  12:05:21,637058;1,101606E+0;1,079395E-1;1,196272E-1;1,114416E+0;;
02/12/2021  12:05:21,637158;1,102604E+0;2,289999E-1;2,393654E-1;1,113882E+0;;
02/12/2021  12:05:21,637258;1,103299E+0;1,069837E-1;1,025668E-1;1,113352E+0;;
02/12/2021  12:05:21,637358;1,103212E+0;1,296029E-1;1,322644E-1;1,112825E+0;;
02/12/2021  12:05:21,637458;1,103212E+0;1,302401E-1;1,363715E-1;1,112304E+0;;
02/12/2021  12:05:21,637558;1,104741E+0;5,473662E-2;8,424277E-2;1,111789E+0;;
02/12/2021  12:05:21,637658;1,105886E+0;1,493549E-1;1,543797E-1;1,111281E+0;;
02/12/2021  12:05:21,637758;1,106035E+0;1,286472E-1;1,101492E-1;1,110783E+0;;
02/12/2021  12:05:21,637858;1,106336E+0;1,359745E-1;1,426902E-1;1,110295E+0;;
02/12/2021  12:05:21,637958;1,107421E+0;1,331073E-1;1,344760E-1;1,109819E+0;;
02/12/2021  12:05:21,638058;1,108878E+0;9,519628E-2;1,831295E-1;1,109356E+0;;
02/12/2021  12:05:21,638158;1,109680E+0;1,079395E-1;1,218387E-1;1,108908E+0;;
02/12/2021  12:05:21,638258;1,109841E+0;1,117624E-1;1,174156E-1;1,108476E+0;;
02/12/2021  12:05:21,638358;1,110139E+0;1,315144E-1;1,360556E-1;1,108062E+0;;
02/12/2021  12:05:21,638458;1,109835E+0;-8,129704E-2;1,568552E-2;1,107667E+0;;
02/12/2021  12:05:21,638558;1,110767E+0;1,276914E-1;1,344760E-1;1,107292E+0;;
02/12/2021  12:05:21,638658;1,111748E+0;1,340630E-1;1,414265E-1;1,106939E+0;;
02/12/2021  12:05:21,638758;1,111107E+0;1,563636E-1;1,537478E-1;1,106609E+0;;
02/12/2021  12:05:21,638858;1,110618E+0;1,139925E-1;1,287892E-1;1,106302E+0;;
02/12/2021  12:05:21,638958;1,110335E+0;1,506292E-1;1,584868E-1;1,106018E+0;;
02/12/2021  12:05:21,639058;1,110282E+0;1,611423E-1;1,534319E-1;1,105759E+0;;
02/12/2021  12:05:21,639158;1,110529E+0;1,458505E-1;1,395309E-1;1,105524E+0;;
02/12/2021  12:05:21,639258;1,109888E+0;1,522221E-1;1,559593E-1;1,105313E+0;;
02/12/2021  12:05:21,639358;1,109477E+0;1,710183E-1;1,913437E-1;1,105127E+0;;
02/12/2021  12:05:21,639458;1,108014E+0;1,372488E-1;1,388990E-1;1,104964E+0;;
02/12/2021  12:05:21,639558;1,108806E+0;2,861306E-2;1,095173E-1;1,104824E+0;;
02/12/2021  12:05:21,639658;1,108687E+0;1,222756E-1;1,253139E-1;1,104706E+0;;
02/12/2021  12:05:21,639758;1,108407E+0;1,213198E-1;1,297370E-1;1,104609E+0;;
02/12/2021  12:05:21,639858;1,108014E+0;1,286472E-1;1,272095E-1;1,104533E+0;;
02/12/2021  12:05:21,639958;1,108300E+0;1,302401E-1;1,287892E-1;1,104476E+0;;
02/12/2021  12:05:21,640058;1,109528E+0;1,289658E-1;1,395309E-1;1,104437E+0;;
02/12/2021  12:05:21,640158;1,109274E+0;1,525407E-1;1,430061E-1;1,104416E+0;;
02/12/2021  12:05:21,640258;1,109116E+0;6,301970E-2;6,023194E-2;1,104412E+0;;
02/12/2021  12:05:21,640358;1,108145E+0;1,206827E-1;9,877564E-2;1,104424E+0;;
02/12/2021  12:05:21,640458;1,108833E+0;1,123996E-1;1,139404E-1;1,104451E+0;;
02/12/2021  12:05:21,640558;1,109247E+0;1,127182E-1;1,322644E-1;1,104491E+0;;
02/12/2021  12:05:21,640658;1,109489E+0;1,420275E-1;1,404787E-1;1,104545E+0;;
02/12/2021  12:05:21,640758;1,109835E+0;7,831154E-2;8,803395E-2;1,104611E+0;;
02/12/2021  12:05:21,640858;1,109718E+0;7,385142E-2;9,688005E-2;1,104689E+0;;
02/12/2021  12:05:21,640958;1,110264E+0;1,194084E-1;1,180475E-1;1,104777E+0;;
02/12/2021  12:05:21,641058;1,112192E+0;1,174969E-1;1,199431E-1;1,104875E+0;;
02/12/2021  12:05:21,641158;1,112246E+0;1,031608E-1;1,063580E-1;1,104983E+0;;
02/12/2021  12:05:21,641258;1,113110E+0;1,063466E-1;1,142563E-1;1,105101E+0;;
02/12/2021  12:05:21,641358;1,113852E+0;1,149482E-1;1,221546E-1;1,105227E+0;;
02/12/2021  12:05:21,641458;1,115318E+0;1,190898E-1;1,221546E-1;1,105363E+0;;
02/12/2021  12:05:21,641558;1,117059E+0;1,633724E-1;2,058766E-1;1,105508E+0;;
02/12/2021  12:05:21,641658;1,118510E+0;9,583344E-2;1,079377E-1;1,105663E+0;;
02/12/2021  12:05:21,641758;1,119440E+0;1,088952E-1;1,208909E-1;1,105828E+0;;
02/12/2021  12:05:21,641858;1,120090E+0;1,069837E-1;1,120448E-1;1,106003E+0;;
02/12/2021  12:05:21,641958;1,122498E+0;1,015679E-1;1,136244E-1;1,106191E+0;;
02/12/2021  12:05:21,642058;1,124048E+0;9,169190E-2;1,180475E-1;1,106390E+0;;
02/12/2021  12:05:21,642158;1,125925E+0;9,615202E-2;1,054102E-1;1,106603E+0;;
02/12/2021  12:05:21,642258;1,126965E+0;1,114439E-1;1,455336E-1;1,106830E+0;;
02/12/2021  12:05:21,642358;1,127427E+0;7,894870E-2;8,992954E-2;1,107072E+0;;
02/12/2021  12:05:21,642458;1,129713E+0;1,140974E-2;8,139938E-2;1,107332E+0;;
02/12/2021  12:05:21,642558;1,130795E+0;7,831154E-2;1,006712E-1;1,107609E+0;;
02/12/2021  12:05:21,642658;1,131641E+0;9,615202E-2;1,145722E-1;1,107905E+0;;
02/12/2021  12:05:21,642758;1,133507E+0;1,060280E-1;1,275255E-1;1,108222E+0;;
02/12/2021  12:05:21,642858;1,135191E+0;9,296622E-2;7,824006E-2;1,108559E+0;;
02/12/2021  12:05:21,642958;1,137313E+0;1,238685E-1;1,338441E-1;1,108918E+0;;
02/12/2021  12:05:21,643058;1,138958E+0;1,292843E-1;1,313166E-1;1,109301E+0;;
02/12/2021  12:05:21,643158;1,140362E+0;1,573194E-1;1,486929E-1;1,109708E+0;;
02/12/2021  12:05:21,643258;1,140871E+0;1,633724E-1;1,392149E-1;1,110141E+0;;
02/12/2021  12:05:21,643358;1,142099E+0;1,726112E-1;1,594346E-1;1,110600E+0;;
02/12/2021  12:05:21,643458;1,144242E+0;1,751599E-1;1,499566E-1;1,111086E+0;;
02/12/2021  12:05:21,643558;1,145911E+0;1,894960E-1;1,625939E-1;1,111600E+0;;
02/12/2021  12:05:21,643658;1,147449E+0;2,414245E-1;2,014535E-1;1,112143E+0;;
02/12/2021  12:05:21,643758;1,147297E+0;1,315144E-1;1,319485E-1;1,112715E+0;;
02/12/2021  12:05:21,643858;1,149484E+0;1,388417E-1;1,297370E-1;1,113317E+0;;
02/12/2021  12:05:21,643958;1,150745E+0;1,248242E-1;1,414265E-1;1,113949E+0;;
02/12/2021  12:05:21,644058;1,151076E+0;1,276914E-1;1,284732E-1;1,114611E+0;;
02/12/2021  12:05:21,644158;1,151520E+0;1,216384E-1;1,256299E-1;1,115303E+0;;
02/12/2021  12:05:21,644258;1,151350E+0;1,340630E-1;1,417424E-1;1,116026E+0;;
02/12/2021  12:05:21,644358;1,152766E+0;1,286472E-1;1,218387E-1;1,116778E+0;;
02/12/2021  12:05:21,644458;1,153240E+0;1,257800E-1;1,186794E-1;1,117559E+0;;
02/12/2021  12:05:21,644558;1,153949E+0;1,273729E-1;1,259458E-1;1,118368E+0;;
02/12/2021  12:05:21,644658;1,154468E+0;1,238685E-1;1,259458E-1;1,119204E+0;;
02/12/2021  12:05:21,644758;1,154488E+0;1,238685E-1;1,357397E-1;1,120065E+0;;
02/12/2021  12:05:21,644858;1,155317E+0;1,190898E-1;1,208909E-1;1,120951E+0;;
02/12/2021  12:05:21,644958;1,155996E+0;1,302401E-1;1,161519E-1;1,121861E+0;;
02/12/2021  12:05:21,645058;1,156813E+0;1,407532E-1;1,016190E-1;1,122791E+0;;
02/12/2021  12:05:21,645158;1,156911E+0;1,165411E-1;1,174156E-1;1,123742E+0;;
02/12/2021  12:05:21,645258;1,156935E+0;1,305587E-1;1,328963E-1;1,124711E+0;;
02/12/2021  12:05:21,645358;1,157132E+0;1,350188E-1;1,297370E-1;1,125697E+0;;
02/12/2021  12:05:21,645458;1,158917E+0;1,187712E-1;1,101492E-1;1,126698E+0;;
02/12/2021  12:05:21,645558;1,159078E+0;1,203641E-1;1,234183E-1;1,127712E+0;;
02/12/2021  12:05:21,645658;1,158554E+0;1,327887E-1;1,294210E-1;1,128737E+0;;
02/12/2021  12:05:21,645758;1,159099E+0;1,413904E-1;1,373193E-1;1,129772E+0;;
02/12/2021  12:05:21,645858;1,160509E+0;4,008194E-2;7,034176E-2;1,130815E+0;;
02/12/2021  12:05:21,645958;1,161692E+0;1,378860E-1;1,268936E-1;1,131863E+0;;
02/12/2021  12:05:21,646058;1,161888E+0;1,210013E-1;1,009872E-1;1,132916E+0;;
02/12/2021  12:05:21,646158;1,161406E+0;1,340630E-1;1,357397E-1;1,133972E+0;;
02/12/2021  12:05:21,646258;1,161522E+0;1,283286E-1;1,322644E-1;1,135029E+0;;
02/12/2021  12:05:21,646358;1,163036E+0;7,703722E-2;1,373193E-1;1,136086E+0;;
02/12/2021  12:05:21,646458;1,163459E+0;1,108067E-1;1,246821E-1;1,137141E+0;;
02/12/2021  12:05:21,646558;1,163984E+0;1,063466E-1;1,060421E-1;1,138192E+0;;
02/12/2021  12:05:21,646658;1,164118E+0;1,289658E-1;1,284732E-1;1,139239E+0;;
02/12/2021  12:05:21,646758;1,164255E+0;1,123996E-1;1,057261E-1;1,140280E+0;;
02/12/2021  12:05:21,646858;1,165718E+0;1,359745E-1;1,316326E-1;1,141313E+0;;
02/12/2021  12:05:21,646958;1,166222E+0;1,168597E-1;1,243661E-1;1,142338E+0;;
02/12/2021  12:05:21,647058;1,166934E+0;1,353374E-1;1,354238E-1;1,143354E+0;;
02/12/2021  12:05:21,647158;1,166222E+0;1,305587E-1;1,370034E-1;1,144359E+0;;
02/12/2021  12:05:21,647258;1,166612E+0;9,647060E-2;1,025668E-1;1,145353E+0;;
02/12/2021  12:05:21,647358;1,167825E+0;1,168597E-1;1,114129E-1;1,146335E+0;;
02/12/2021  12:05:21,647458;1,168213E+0;1,238685E-1;1,240502E-1;1,147303E+0;;
02/12/2021  12:05:21,647558;1,169017E+0;1,200455E-1;1,193112E-1;1,148258E+0;;
02/12/2021  12:05:21,647658;1,169268E+0;1,165411E-1;1,256299E-1;1,149198E+0;;
02/12/2021  12:05:21,647758;1,170221E+0;1,194084E-1;1,183634E-1;1,150124E+0;;
02/12/2021  12:05:21,647858;1,171619E+0;6,270112E-2;1,117289E-1;1,151034E+0;;
02/12/2021  12:05:21,647958;1,172200E+0;1,063466E-1;1,215227E-1;1,151928E+0;;
02/12/2021  12:05:21,648058;1,172072E+0;1,114439E-1;1,303688E-1;1,152807E+0;;
02/12/2021  12:05:21,648158;1,171843E+0;9,615202E-2;9,972343E-2;1,153670E+0;;
02/12/2021  12:05:21,648258;1,171789E+0;1,235499E-1;1,215227E-1;1,154518E+0;;
02/12/2021  12:05:21,648358;1,172925E+0;1,041165E-1;1,651214E-1;1,155349E+0;;
02/12/2021  12:05:21,648458;1,173074E+0;1,388417E-1;1,354238E-1;1,156164E+0;;
02/12/2021  12:05:21,648558;1,172877E+0;1,296029E-1;1,433221E-1;1,156962E+0;;
02/12/2021  12:05:21,648658;1,172451E+0;1,073023E-1;1,227865E-1;1,157744E+0;;
02/12/2021  12:05:21,648758;1,173226E+0;1,187712E-1;1,215227E-1;1,158509E+0;;
02/12/2021  12:05:21,648858;1,173857E+0;1,018865E-1;1,272095E-1;1,159257E+0;;
02/12/2021  12:05:21,648958;1,173056E+0;1,206827E-1;1,221546E-1;1,159987E+0;;
02/12/2021  12:05:21,649058;1,173288E+0;8,309024E-2;8,424277E-2;1,160701E+0;;
02/12/2021  12:05:21,649158;1,171718E+0;1,232313E-1;1,079377E-1;1,161396E+0;;
02/12/2021  12:05:21,649258;1,172489E+0;1,401161E-1;1,224705E-1;1,162074E+0;;
02/12/2021  12:05:21,649358;1,172951E+0;4,804644E-2;5,391329E-2;1,162733E+0;;
02/12/2021  12:05:21,649458;1,172325E+0;1,267357E-1;1,256299E-1;1,163373E+0;;
02/12/2021  12:05:21,649558;1,171431E+0;7,958586E-2;9,688005E-2;1,163994E+0;;
02/12/2021  12:05:21,649658;1,170522E+0;1,305587E-1;1,253139E-1;1,164595E+0;;
02/12/2021  12:05:21,649758;1,170770E+0;1,391603E-1;1,183634E-1;1,165176E+0;;
02/12/2021  12:05:21,649858;1,171482E+0;1,350188E-1;1,287892E-1;1,165737E+0;;
02/12/2021  12:05:21,649958;1,170689E+0;1,321516E-1;1,379512E-1;1,166276E+0;;
02/12/2021  12:05:21,650058;1,169146E+0;1,251428E-1;1,278414E-1;1,166794E+0;;
02/12/2021  12:05:21,650158;1,167977E+0;1,292843E-1;1,303688E-1;1,167290E+0;;
02/12/2021  12:05:21,650258;1,168305E+0;1,101695E-1;1,142563E-1;1,167763E+0;;
02/12/2021  12:05:21,650358;1,167870E+0;1,260985E-1;1,344760E-1;1,168213E+0;;
02/12/2021  12:05:21,650458;1,166809E+0;1,267357E-1;1,310007E-1;1,168639E+0;;
02/12/2021  12:05:21,650558;1,165539E+0;1,528593E-1;1,325804E-1;1,169040E+0;;
02/12/2021  12:05:21,650658;1,164726E+0;1,273729E-1;1,139404E-1;1,169416E+0;;
02/12/2021  12:05:21,650758;1,165185E+0;1,270543E-1;1,231024E-1;1,169766E+0;;
02/12/2021  12:05:21,650858;1,164919E+0;1,296029E-1;1,442698E-1;1,170090E+0;;
02/12/2021  12:05:21,650958;1,164374E+0;1,417090E-1;1,351078E-1;1,170386E+0;;
02/12/2021  12:05:21,651058;1,162681E+0;1,318330E-1;1,591187E-1;1,170655E+0;;
02/12/2021  12:05:21,651158;1,161519E+0;2,956880E-2;6,907803E-2;1,170897E+0;;
02/12/2021  12:05:21,651258;1,161421E+0;1,343816E-1;1,347919E-1;1,171110E+0;;
02/12/2021  12:05:21,651358;1,162151E+0;1,397975E-1;1,426902E-1;1,171294E+0;;
02/12/2021  12:05:21,651458;1,161584E+0;1,448948E-1;1,392149E-1;1,171450E+0;;
02/12/2021  12:05:21,651558;1,159948E+0;1,410718E-1;1,521681E-1;1,171577E+0;;
02/12/2021  12:05:21,651658;1,159936E+0;1,611423E-1;2,074562E-1;1,171674E+0;;
02/12/2021  12:05:21,651758;1,160723E+0;1,273729E-1;1,373193E-1;1,171743E+0;;
02/12/2021  12:05:21,651858;1,160526E+0;1,318330E-1;1,338441E-1;1,171784E+0;;
02/12/2021  12:05:21,651958;1,159987E+0;1,385232E-1;1,341600E-1;1,171796E+0;;
02/12/2021  12:05:21,652058;1,158378E+0;3,116170E-2;6,876210E-2;1,171780E+0;;
02/12/2021  12:05:21,652158;1,157773E+0;1,305587E-1;1,243661E-1;1,171737E+0;;
02/12/2021  12:05:21,652258;1,157978E+0;1,426647E-1;1,433221E-1;1,171668E+0;;
02/12/2021  12:05:21,652358;1,158160E+0;1,289658E-1;1,306848E-1;1,171572E+0;;
02/12/2021  12:05:21,652458;1,156804E+0;1,245056E-1;1,243661E-1;1,171450E+0;;
02/12/2021  12:05:21,652558;1,154959E+0;1,012493E-1;9,782784E-2;1,171303E+0;;
02/12/2021  12:05:21,652658;1,154050E+0;7,289568E-2;1,114129E-1;1,171132E+0;;
02/12/2021  12:05:21,652758;1,153883E+0;1,053908E-1;1,458495E-1;1,170936E+0;;
02/12/2021  12:05:21,652858;1,153693E+0;1,174969E-1;1,265777E-1;1,170716E+0;;
02/12/2021  12:05:21,652958;1,151699E+0;1,296029E-1;1,360556E-1;1,170473E+0;;
02/12/2021  12:05:21,653058;1,150641E+0;1,404346E-1;1,509044E-1;1,170206E+0;;
02/12/2021  12:05:21,653158;1,150027E+0;1,452133E-1;1,354238E-1;1,169917E+0;;
02/12/2021  12:05:21,653258;1,149490E+0;1,429833E-1;1,445858E-1;1,169605E+0;;
02/12/2021  12:05:21,653358;1,148394E+0;1,353374E-1;1,370034E-1;1,169271E+0;;
02/12/2021  12:05:21,653458;1,147345E+0;1,496735E-1;1,439539E-1;1,168915E+0;;
02/12/2021  12:05:21,653558;1,146045E+0;1,369303E-1;1,338441E-1;1,168537E+0;;
02/12/2021  12:05:21,653658;1,146212E+0;1,410718E-1;1,338441E-1;1,168137E+0;;
02/12/2021  12:05:21,653758;1,146129E+0;1,181340E-1;1,006712E-1;1,167717E+0;;
02/12/2021  12:05:21,653858;1,145816E+0;1,525407E-1;2,084040E-1;1,167276E+0;;
02/12/2021  12:05:21,653958;1,144940E+0;1,143111E-1;1,035146E-1;1,166815E+0;;
02/12/2021  12:05:21,654058;1,143759E+0;1,136739E-1;1,180475E-1;1,166335E+0;;
02/12/2021  12:05:21,654158;1,143136E+0;1,165411E-1;1,189953E-1;1,165837E+0;;
02/12/2021  12:05:21,654258;1,143804E+0;8,659462E-2;7,950379E-2;1,165320E+0;;
02/12/2021  12:05:21,654358;1,143253E+0;1,012493E-1;1,152041E-1;1,164787E+0;;
02/12/2021  12:05:21,654458;1,142067E+0;1,133553E-1;1,167838E-1;1,164237E+0;;
02/12/2021  12:05:21,654558;1,140874E+0;1,178155E-1;1,227865E-1;1,163672E+0;;
02/12/2021  12:05:21,654658;1,141396E+0;1,213198E-1;1,360556E-1;1,163092E+0;;
02/12/2021  12:05:21,654758;1,141375E+0;1,302401E-1;1,278414E-1;1,162499E+0;;
02/12/2021  12:05:21,654858;1,140794E+0;1,114439E-1;1,170997E-1;1,161893E+0;;
02/12/2021  12:05:21,654958;1,139146E+0;1,006121E-1;1,117289E-1;1,161276E+0;;
02/12/2021  12:05:21,655058;1,137930E+0;9,678918E-2;9,403666E-2;1,160647E+0;;
02/12/2021  12:05:21,655158;1,138153E+0;1,018865E-1;1,120448E-1;1,160009E+0;;
02/12/2021  12:05:21,655258;1,137143E+0;1,085766E-1;1,370034E-1;1,159362E+0;;
02/12/2021  12:05:21,655358;1,136186E+0;8,723178E-2;9,119327E-2;1,158706E+0;;
02/12/2021  12:05:21,655458;1,135322E+0;9,583344E-2;1,117289E-1;1,158042E+0;;
02/12/2021  12:05:21,655558;1,134696E+0;9,901924E-2;1,136244E-1;1,157371E+0;;
02/12/2021  12:05:21,655658;1,134795E+0;8,723178E-2;1,079377E-1;1,156693E+0;;
02/12/2021  12:05:21,655758;1,134267E+0;1,066652E-1;1,262617E-1;1,156009E+0;;
02/12/2021  12:05:21,655858;1,133784E+0;1,092138E-1;1,202590E-1;1,155320E+0;;
02/12/2021  12:05:21,655958;1,132601E+0;1,092138E-1;1,395309E-1;1,154626E+0;;
02/12/2021  12:05:21,656058;1,132154E+0;1,589123E-1;1,493248E-1;1,153927E+0;;
02/12/2021  12:05:21,656158;1,132351E+0;1,477620E-1;1,569071E-1;1,153226E+0;;
02/12/2021  12:05:21,656258;1,132032E+0;1,735670E-1;1,584868E-1;1,152521E+0;;
02/12/2021  12:05:21,656358;1,132425E+0;1,464877E-1;1,360556E-1;1,151815E+0;;
02/12/2021  12:05:21,656458;1,131042E+0;1,643281E-1;1,531159E-1;1,151107E+0;;
02/12/2021  12:05:21,656558;1,131084E+0;1,722926E-1;1,717559E-1;1,150399E+0;;
02/12/2021  12:05:21,656658;1,131600E+0;1,942747E-1;1,730197E-1;1,149691E+0;;
02/12/2021  12:05:21,656758;1,131355E+0;1,770713E-1;1,562753E-1;1,148984E+0;;
02/12/2021  12:05:21,656858;1,130649E+0;1,793014E-1;1,859729E-1;1,148279E+0;;
02/12/2021  12:05:21,656958;1,129713E+0;1,617795E-1;1,474292E-1;1,147577E+0;;
02/12/2021  12:05:21,657058;1,129356E+0;1,413904E-1;1,455336E-1;1,146879E+0;;
02/12/2021  12:05:21,657158;1,129150E+0;1,334259E-1;1,404787E-1;1,146185E+0;;
02/12/2021  12:05:21,657258;1,128834E+0;1,203641E-1;1,240502E-1;1,145496E+0;;
02/12/2021  12:05:21,657358;1,128411E+0;1,311958E-1;1,436380E-1;1,144812E+0;;
02/12/2021  12:05:21,657458;1,127010E+0;1,216384E-1;1,341600E-1;1,144135E+0;;
02/12/2021  12:05:21,657558;1,126509E+0;1,372488E-1;1,328963E-1;1,143464E+0;;
02/12/2021  12:05:21,657658;1,126107E+0;1,375674E-1;1,385831E-1;1,142799E+0;;
02/12/2021  12:05:21,657758;1,125553E+0;1,073023E-1;1,148882E-1;1,142142E+0;;
02/12/2021  12:05:21,657858;1,124018E+0;1,321516E-1;1,388990E-1;1,141492E+0;;
02/12/2021  12:05:21,657958;1,122346E+0;1,155854E-1;8,613836E-2;1,140848E+0;;
02/12/2021  12:05:21,658058;1,120689E+0;1,037979E-1;9,845971E-2;1,140212E+0;;
02/12/2021  12:05:21,658158;1,120382E+0;1,130368E-1;1,170997E-1;1,139582E+0;;
02/12/2021  12:05:21,658258;1,118919E+0;1,773899E-1;1,654373E-1;1,138957E+0;;
02/12/2021  12:05:21,658358;1,117497E+0;1,496735E-1;1,467973E-1;1,138338E+0;;
02/12/2021  12:05:21,658458;1,115289E+0;1,149482E-1;1,205749E-1;1,137723E+0;;
02/12/2021  12:05:21,658558;1,114338E+0;1,276914E-1;1,202590E-1;1,137111E+0;;
02/12/2021  12:05:21,658658;1,113479E+0;1,165411E-1;1,177316E-1;1,136502E+0;;
02/12/2021  12:05:21,658758;1,112046E+0;1,315144E-1;1,246821E-1;1,135893E+0;;
02/12/2021  12:05:21,658858;1,110332E+0;1,257800E-1;1,231024E-1;1,135285E+0;;
02/12/2021  12:05:21,658958;1,108729E+0;1,296029E-1;1,297370E-1;1,134676E+0;;
02/12/2021  12:05:21,659058;1,108565E+0;1,394789E-1;1,379512E-1;1,134064E+0;;
02/12/2021  12:05:21,659158;1,108231E+0;1,270543E-1;1,291051E-1;1,133448E+0;;
02/12/2021  12:05:21,659258;1,107477E+0;1,299215E-1;1,328963E-1;1,132829E+0;;
02/12/2021  12:05:21,659358;1,107435E+0;1,257800E-1;1,316326E-1;1,132204E+0;;
02/12/2021  12:05:21,659458;1,106616E+0;1,143111E-1;1,110970E-1;1,131573E+0;;
02/12/2021  12:05:21,659558;1,106857E+0;1,245056E-1;1,310007E-1;1,130936E+0;;
02/12/2021  12:05:21,659658;1,107409E+0;1,350188E-1;1,543797E-1;1,130292E+0;;
02/12/2021  12:05:21,659758;1,106464E+0;1,550893E-1;1,417424E-1;1,129642E+0;;
02/12/2021  12:05:21,659858;1,104819E+0;1,605052E-1;1,768108E-1;1,128986E+0;;
02/12/2021  12:05:21,659958;1,103588E+0;1,362931E-1;1,657532E-1;1,128323E+0;;
02/12/2021  12:05:21,660058;1,103978E+0;1,413904E-1;1,445858E-1;1,127654E+0;;
02/12/2021  12:05:21,660158;1,103907E+0;1,286472E-1;1,300529E-1;1,126980E+0;;
02/12/2021  12:05:21,660258;1,102864E+0;1,028422E-1;1,133085E-1;1,126299E+0;;
02/12/2021  12:05:21,660358;1,101824E+0;1,327887E-1;1,442698E-1;1,125613E+0;;
02/12/2021  12:05:21,660458;1,100527E+0;4,709070E-2;5,738855E-2;1,124921E+0;;
02/12/2021  12:05:21,660558;1,100500E+0;1,216384E-1;1,379512E-1;1,124225E+0;;
02/12/2021  12:05:21,660658;1,100509E+0;1,216384E-1;1,237343E-1;1,123523E+0;;
02/12/2021  12:05:21,660758;1,099532E+0;1,235499E-1;1,265777E-1;1,122816E+0;;
02/12/2021  12:05:21,660858;1,098465E+0;8,213450E-2;8,771802E-2;1,122106E+0;;
02/12/2021  12:05:21,660958;1,097571E+0;1,343816E-1;1,433221E-1;1,121391E+0;;
02/12/2021  12:05:21,661058;1,097791E+0;1,280100E-1;1,249980E-1;1,120673E+0;;
02/12/2021  12:05:21,661158;1,097866E+0;1,362931E-1;1,303688E-1;1,119951E+0;;
02/12/2021  12:05:21,661258;1,097830E+0;1,139925E-1;1,148882E-1;1,119227E+0;;
02/12/2021  12:05:21,661358;1,096802E+0;1,136739E-1;1,129926E-1;1,118500E+0;;
02/12/2021  12:05:21,661458;1,097326E+0;5,951532E-2;9,909157E-2;1,117772E+0;;
02/12/2021  12:05:21,661558;1,098009E+0;8,595746E-2;1,126766E-1;1,117043E+0;;
02/12/2021  12:05:21,661658;1,098620E+0;1,222756E-1;1,306848E-1;1,116313E+0;;
02/12/2021  12:05:21,661758;1,097621E+0;1,324701E-1;1,388990E-1;1,115585E+0;;
02/12/2021  12:05:21,661858;1,096581E+0;9,009900E-2;1,464814E-1;1,114860E+0;;
02/12/2021  12:05:21,661958;1,095559E+0;1,525407E-1;1,651214E-1;1,114137E+0;;
02/12/2021  12:05:21,662058;1,096244E+0;1,401161E-1;1,313166E-1;1,113418E+0;;
02/12/2021  12:05:21,662158;1,095475E+0;1,222756E-1;1,256299E-1;1,112704E+0;;
02/12/2021  12:05:21,662258;1,094811E+0;1,280100E-1;1,351078E-1;1,111995E+0;;
02/12/2021  12:05:21,662358;1,093887E+0;9,806350E-2;1,347919E-1;1,111291E+0;;
02/12/2021  12:05:21,662458;1,093050E+0;1,219570E-1;1,256299E-1;1,110595E+0;;
02/12/2021  12:05:21,662558;1,093175E+0;1,299215E-1;1,006712E-1;1,109905E+0;;
02/12/2021  12:05:21,662658;1,093333E+0;-2,809418E-2;2,326789E-2;1,109222E+0;;
02/12/2021  12:05:21,662758;1,092582E+0;1,366117E-1;1,224705E-1;1,108546E+0;;
02/12/2021  12:05:21,662858;1,090945E+0;1,241871E-1;1,196272E-1;1,107879E+0;;
02/12/2021  12:05:21,662958;1,090480E+0;1,283286E-1;1,231024E-1;1,107219E+0;;
02/12/2021  12:05:21,663058;1,090928E+0;1,123996E-1;1,000394E-1;1,106568E+0;;
02/12/2021  12:05:21,663158;1,090832E+0;1,311958E-1;1,351078E-1;1,105925E+0;;
02/12/2021  12:05:21,663258;1,090674E+0;1,296029E-1;1,234183E-1;1,105290E+0;;
02/12/2021  12:05:21,663358;1,089986E+0;1,130368E-1;1,240502E-1;1,104664E+0;;
02/12/2021  12:05:21,663458;1,090877E+0;1,190898E-1;1,417424E-1;1,104047E+0;;
02/12/2021  12:05:21,663558;1,091291E+0;1,318330E-1;1,310007E-1;1,103439E+0;;
02/12/2021  12:05:21,663658;1,091610E+0;8,309024E-2;7,602853E-2;1,102841E+0;;
02/12/2021  12:05:21,663758;1,090767E+0;1,273729E-1;1,310007E-1;1,102253E+0;;
02/12/2021  12:05:21,663858;1,089780E+0;1,331073E-1;1,275255E-1;1,101675E+0;;
02/12/2021  12:05:21,663958;1,090874E+0;1,461691E-1;1,376353E-1;1,101109E+0;;
02/12/2021  12:05:21,664058;1,091232E+0;1,213198E-1;1,423743E-1;1,100554E+0;;
02/12/2021  12:05:21,664158;1,092003E+0;3,594040E-2;7,350108E-2;1,100011E+0;;
02/12/2021  12:05:21,664258;1,091261E+0;1,276914E-1;1,316326E-1;1,099480E+0;;
02/12/2021  12:05:21,664358;1,090886E+0;1,276914E-1;1,240502E-1;1,098963E+0;;
02/12/2021  12:05:21,664458;1,091947E+0;1,264171E-1;1,284732E-1;1,098459E+0;;
02/12/2021  12:05:21,664558;1,092695E+0;1,260985E-1;1,335282E-1;1,097969E+0;;
02/12/2021  12:05:21,664658;1,093523E+0;1,356559E-1;1,313166E-1;1,097493E+0;;
02/12/2021  12:05:21,664758;1,093193E+0;9,997498E-2;1,249980E-1;1,097032E+0;;
02/12/2021  12:05:21,664858;1,093124E+0;1,222756E-1;1,205749E-1;1,096588E+0;;
02/12/2021  12:05:21,664958;1,094590E+0;1,334259E-1;1,325804E-1;1,096160E+0;;
02/12/2021  12:05:21,665058;1,095890E+0;1,022050E-1;1,224705E-1;1,095749E+0;;
02/12/2021  12:05:21,665158;1,096444E+0;1,331073E-1;1,332122E-1;1,095356E+0;;
02/12/2021  12:05:21,665258;1,096849E+0;1,429833E-1;1,483770E-1;1,094983E+0;;
02/12/2021  12:05:21,665358;1,097654E+0;1,496735E-1;1,300529E-1;1,094629E+0;;
02/12/2021  12:05:21,665458;1,099189E+0;9,137332E-2;1,398468E-1;1,094296E+0;;
02/12/2021  12:05:21,665558;1,100324E+0;1,280100E-1;1,262617E-1;1,093984E+0;;
02/12/2021  12:05:21,665658;1,101156E+0;1,410718E-1;1,632258E-1;1,093695E+0;;
02/12/2021  12:05:21,665758;1,101603E+0;1,362931E-1;1,221546E-1;1,093430E+0;;
02/12/2021  12:05:21,665858;1,101883E+0;1,213198E-1;1,218387E-1;1,093190E+0;;
02/12/2021  12:05:21,665958;1,104062E+0;1,264171E-1;1,237343E-1;1,092975E+0;;
02/12/2021  12:05:21,666058;1,104768E+0;1,327887E-1;1,287892E-1;1,092787E+0;;
02/12/2021  12:05:21,666158;1,105927E+0;1,337445E-1;1,505885E-1;1,092626E+0;;
02/12/2021  12:05:21,666258;1,106723E+0;-4,752756E-2;4,538313E-2;1,092493E+0;;
02/12/2021  12:05:21,666358;1,108192E+0;1,130368E-1;1,117289E-1;1,092390E+0;;
02/12/2021  12:05:21,666458;1,110526E+0;1,194084E-1;1,215227E-1;1,092317E+0;;
02/12/2021  12:05:21,666558;1,111968E+0;1,311958E-1;1,287892E-1;1,092275E+0;;
02/12/2021  12:05:21,666658;1,113032E+0;1,270543E-1;1,297370E-1;1,092264E+0;;
02/12/2021  12:05:21,666758;1,113655E+0;1,085766E-1;1,092014E-1;1,092287E+0;;
02/12/2021  12:05:21,666858;1,115694E+0;1,190898E-1;1,174156E-1;1,092344E+0;;
02/12/2021  12:05:21,666958;1,117992E+0;1,225942E-1;1,306848E-1;1,092435E+0;;
02/12/2021  12:05:21,667058;1,119223E+0;1,181340E-1;1,287892E-1;1,092562E+0;;
02/12/2021  12:05:21,667158;1,120629E+0;1,219570E-1;1,221546E-1;1,092726E+0;;
02/12/2021  12:05:21,667258;1,120713E+0;1,034794E-1;1,107811E-1;1,092927E+0;;
02/12/2021  12:05:21,667358;1,122999E+0;9,551486E-2;7,666040E-2;1,093166E+0;;
02/12/2021  12:05:21,667458;1,125040E+0;1,190898E-1;1,164678E-1;1,093443E+0;;
02/12/2021  12:05:21,667558;1,126581E+0;1,037979E-1;1,278414E-1;1,093760E+0;;
02/12/2021  12:05:21,667658;1,127064E+0;1,101695E-1;1,073058E-1;1,094116E+0;;
02/12/2021  12:05:21,667758;1,126807E+0;1,006121E-1;1,095173E-1;1,094512E+0;;
02/12/2021  12:05:21,667858;1,128944E+0;9,870066E-2;1,092014E-1;1,094947E+0;;
02/12/2021  12:05:21,667958;1,130783E+0;9,901924E-2;1,063580E-1;1,095422E+0;;
02/12/2021  12:05:21,668058;1,131990E+0;1,025236E-1;1,117289E-1;1,095937E+0;;
02/12/2021  12:05:21,668158;1,133030E+0;1,069837E-1;1,117289E-1;1,096492E+0;;
02/12/2021  12:05:21,668258;1,133880E+0;5,824100E-2;7,381701E-2;1,097085E+0;;
02/12/2021  12:05:21,668358;1,135313E+0;1,073023E-1;1,133085E-1;1,097717E+0;;
02/12/2021  12:05:21,668458;1,137158E+0;1,127182E-1;1,436380E-1;1,098387E+0;;
02/12/2021  12:05:21,668558;1,138785E+0;8,277166E-2;9,624818E-2;1,099094E+0;;
02/12/2021  12:05:21,668658;1,138720E+0;7,799296E-2;9,782784E-2;1,099838E+0;;
02/12/2021  12:05:21,668758;1,139238E+0;1,245056E-1;1,540637E-1;1,100619E+0;;
02/12/2021  12:05:21,668858;1,141307E+0;8,054160E-2;1,136244E-1;1,101434E+0;;
02/12/2021  12:05:21,668958;1,142672E+0;7,608148E-2;1,016190E-1;1,102284E+0;;
02/12/2021  12:05:21,669058;1,143992E+0;1,009307E-1;1,142563E-1;1,103167E+0;;
02/12/2021  12:05:21,669158;1,143107E+0;1,130368E-1;1,385831E-1;1,104082E+0;;
02/12/2021  12:05:21,669258;1,144621E+0;1,203641E-1;1,351078E-1;1,105028E+0;;
02/12/2021  12:05:21,669358;1,146746E+0;1,283286E-1;1,606983E-1;1,106003E+0;;
02/12/2021  12:05:21,669458;1,148298E+0;1,254614E-1;1,325804E-1;1,107007E+0;;
02/12/2021  12:05:21,669558;1,149198E+0;1,659210E-1;1,461654E-1;1,108037E+0;;
02/12/2021  12:05:21,669658;1,148367E+0;1,410718E-1;1,073058E-1;1,109093E+0;;
02/12/2021  12:05:21,669758;1,149380E+0;1,700626E-1;1,420583E-1;1,110173E+0;;
02/12/2021  12:05:21,669858;1,150888E+0;1,726112E-1;1,556434E-1;1,111275E+0;;
02/12/2021  12:05:21,669958;1,151940E+0;1,716555E-1;1,521681E-1;1,112398E+0;;
02/12/2021  12:05:21,670058;1,152563E+0;1,761156E-1;1,588027E-1;1,113540E+0;;
02/12/2021  12:05:21,670158;1,152384E+0;1,678325E-1;1,477451E-1;1,114700E+0;;
02/12/2021  12:05:21,670258;1,152888E+0;1,200455E-1;1,319485E-1;1,115876E+0;;
02/12/2021  12:05:21,670358;1,153773E+0;7,544432E-2;1,016190E-1;1,117066E+0;;
02/12/2021  12:05:21,670458;1,155499E+0;1,213198E-1;1,275255E-1;1,118268E+0;;
02/12/2021  12:05:21,670558;1,154831E+0;1,359745E-1;1,430061E-1;1,119481E+0;;
02/12/2021  12:05:21,670658;1,154608E+0;1,318330E-1;1,243661E-1;1,120701E+0;;
02/12/2021  12:05:21,670758;1,155529E+0;1,276914E-1;1,275255E-1;1,121929E+0;;
02/12/2021  12:05:21,670858;1,156509E+0;4,740928E-2;8,803395E-2;1,123161E+0;;
02/12/2021  12:05:21,670958;1,157653E+0;1,439390E-1;1,423743E-1;1,124396E+0;;
02/12/2021  12:05:21,671058;1,158074E+0;1,181340E-1;1,180475E-1;1,125632E+0;;
02/12/2021  12:05:21,671158;1,158044E+0;1,229127E-1;1,265777E-1;1,126867E+0;;
02/12/2021  12:05:21,671258;1,159617E+0;1,219570E-1;1,335282E-1;1,128100E+0;;
02/12/2021  12:05:21,671358;1,161179E+0;1,171783E-1;1,152041E-1;1,129329E+0;;
02/12/2021  12:05:21,671458;1,162085E+0;1,299215E-1;1,313166E-1;1,130553E+0;;
02/12/2021  12:05:21,671558;1,162350E+0;1,324701E-1;1,300529E-1;1,131771E+0;;
02/12/2021  12:05:21,671658;1,161212E+0;1,257800E-1;1,180475E-1;1,132982E+0;;
02/12/2021  12:05:21,671758;1,162288E+0;1,088952E-1;9,403666E-2;1,134184E+0;;
02/12/2021  12:05:21,671858;1,163352E+0;3,402892E-2;8,613836E-2;1,135376E+0;;
02/12/2021  12:05:21,671958;1,163489E+0;1,311958E-1;1,332122E-1;1,136557E+0;;
02/12/2021  12:05:21,672058;1,163459E+0;1,257800E-1;1,259458E-1;1,137725E+0;;
02/12/2021  12:05:21,672158;1,161778E+0;1,280100E-1;1,246821E-1;1,138881E+0;;
02/12/2021  12:05:21,672258;1,162181E+0;1,531778E-1;1,553275E-1;1,140022E+0;;
02/12/2021  12:05:21,672358;1,162815E+0;1,410718E-1;1,430061E-1;1,141147E+0;;
02/12/2021  12:05:21,672458;1,162729E+0;1,905566E-2;4,411940E-2;1,142254E+0;;
02/12/2021  12:05:21,672558;1,161227E+0;1,200455E-1;1,218387E-1;1,143343E+0;;
02/12/2021  12:05:21,672658;1,160684E+0;1,292843E-1;1,310007E-1;1,144412E+0;;
02/12/2021  12:05:21,672758;1,161012E+0;1,356559E-1;1,354238E-1;1,145459E+0;;
02/12/2021  12:05:21,672858;1,161593E+0;1,362931E-1;1,676488E-1;1,146483E+0;;
02/12/2021  12:05:21,672958;1,160878E+0;1,305587E-1;1,227865E-1;1,147483E+0;;
02/12/2021  12:05:21,673058;1,160664E+0;1,353374E-1;1,341600E-1;1,148457E+0;;
02/12/2021  12:05:21,673158;1,160032E+0;1,544522E-1;1,907119E-1;1,149404E+0;;
02/12/2021  12:05:21,673258;1,160646E+0;7,417000E-2;1,205749E-1;1,150323E+0;;
02/12/2021  12:05:21,673358;1,161054E+0;1,318330E-1;1,354238E-1;1,151213E+0;;
02/12/2021  12:05:21,673458;1,160670E+0;1,280100E-1;1,268936E-1;1,152073E+0;;
02/12/2021  12:05:21,673558;1,158732E+0;1,350188E-1;1,376353E-1;1,152903E+0;;
02/12/2021  12:05:21,673658;1,157898E+0;1,353374E-1;1,310007E-1;1,153700E+0;;
02/12/2021  12:05:21,673758;1,157582E+0;1,582751E-1;1,821817E-1;1,154466E+0;;
02/12/2021  12:05:21,673858;1,157385E+0;1,098510E-1;1,215227E-1;1,155198E+0;;
02/12/2021  12:05:21,673958;1,157266E+0;1,206827E-1;1,265777E-1;1,155895E+0;;
02/12/2021  12:05:21,674058;1,155818E+0;1,267357E-1;1,291051E-1;1,156558E+0;;
02/12/2021  12:05:21,674158;1,154795E+0;1,289658E-1;1,512204E-1;1,157184E+0;;
02/12/2021  12:05:21,674258;1,155436E+0;1,159040E-1;1,310007E-1;1,157774E+0;;
02/12/2021  12:05:21,674358;1,155758E+0;1,372488E-1;1,316326E-1;1,158327E+0;;
02/12/2021  12:05:21,674458;1,155171E+0;1,436204E-1;1,543797E-1;1,158843E+0;;
02/12/2021  12:05:21,674558;1,153505E+0;1,143111E-1;1,196272E-1;1,159321E+0;;
02/12/2021  12:05:21,674658;1,152751E+0;1,270543E-1;1,341600E-1;1,159761E+0;;
02/12/2021  12:05:21,674758;1,152983E+0;1,187712E-1;1,268936E-1;1,160163E+0;;
02/12/2021  12:05:21,674858;1,152942E+0;1,254614E-1;1,291051E-1;1,160527E+0;;
02/12/2021  12:05:21,674958;1,151842E+0;1,299215E-1;1,401627E-1;1,160852E+0;;
02/12/2021  12:05:21,675058;1,149484E+0;1,547707E-1;1,278414E-1;1,161140E+0;;
02/12/2021  12:05:21,675158;1,148879E+0;1,378860E-1;1,319485E-1;1,161390E+0;;
02/12/2021  12:05:21,675258;1,148429E+0;-2,926362E-3;6,149566E-2;1,161601E+0;;
02/12/2021  12:05:21,675358;1,147661E+0;1,257800E-1;1,303688E-1;1,161774E+0;;
02/12/2021  12:05:21,675458;1,145080E+0;4,400978E-3;5,896821E-2;1,161909E+0;;
02/12/2021  12:05:21,675558;1,143488E+0;1,343816E-1;1,559593E-1;1,162005E+0;;
02/12/2021  12:05:21,675658;1,142385E+0;1,232313E-1;1,202590E-1;1,162063E+0;;
02/12/2021  12:05:21,675758;1,142034E+0;7,417000E-2;1,155200E-1;1,162082E+0;;
02/12/2021  12:05:21,675858;1,141250E+0;1,506292E-1;1,392149E-1;1,162062E+0;;
02/12/2021  12:05:21,675958;1,140073E+0;1,210013E-1;1,174156E-1;1,162002E+0;;
02/12/2021  12:05:21,676058;1,137876E+0;1,315144E-1;1,291051E-1;1,161904E+0;;
02/12/2021  12:05:21,676158;1,137653E+0;1,321516E-1;1,341600E-1;1,161766E+0;;
02/12/2021  12:05:21,676258;1,137981E+0;1,324701E-1;1,193112E-1;1,161590E+0;;
02/12/2021  12:05:21,676358;1,137060E+0;1,111253E-1;1,019350E-1;1,161375E+0;;
02/12/2021  12:05:21,676458;1,135757E+0;1,136739E-1;1,199431E-1;1,161122E+0;;
02/12/2021  12:05:21,676558;1,133573E+0;1,362931E-1;1,300529E-1;1,160831E+0;;
02/12/2021  12:05:21,676658;1,133582E+0;1,321516E-1;1,344760E-1;1,160503E+0;;
02/12/2021  12:05:21,676758;1,133254E+0;1,318330E-1;1,249980E-1;1,160139E+0;;
02/12/2021  12:05:21,676858;1,132160E+0;1,200455E-1;1,262617E-1;1,159739E+0;;
02/12/2021  12:05:21,676958;1,130703E+0;1,292843E-1;1,401627E-1;1,159304E+0;;
02/12/2021  12:05:21,677058;1,128527E+0;9,232906E-2;1,009872E-1;1,158834E+0;;
02/12/2021  12:05:21,677158;1,129284E+0;9,965640E-2;1,110970E-1;1,158331E+0;;
02/12/2021  12:05:21,677258;1,128914E+0;1,515849E-1;1,701763E-1;1,157796E+0;;
02/12/2021  12:05:21,677358;1,127937E+0;1,015679E-1;1,152041E-1;1,157229E+0;;
02/12/2021  12:05:21,677458;1,126027E+0;1,560451E-1;1,764949E-1;1,156631E+0;;
02/12/2021  12:05:21,677558;1,125562E+0;1,474434E-1;1,471132E-1;1,156004E+0;;
02/12/2021  12:05:21,677658;1,125693E+0;1,426647E-1;1,392149E-1;1,155348E+0;;
02/12/2021  12:05:21,677758;1,125937E+0;1,296029E-1;1,366875E-1;1,154666E+0;;
02/12/2021  12:05:21,677858;1,126146E+0;1,455319E-1;1,417424E-1;1,153957E+0;;
02/12/2021  12:05:21,677958;1,124578E+0;1,471248E-1;1,528000E-1;1,153225E+0;;
02/12/2021  12:05:21,678058;1,124694E+0;1,047537E-1;1,199431E-1;1,152470E+0;;
02/12/2021  12:05:21,678158;1,125475E+0;1,617795E-1;1,667010E-1;1,151695E+0;;
02/12/2021  12:05:21,678258;1,125359E+0;1,299215E-1;1,300529E-1;1,150901E+0;;
02/12/2021  12:05:21,678358;1,125484E+0;1,503106E-1;1,461654E-1;1,150090E+0;;
02/12/2021  12:05:21,678458;1,124325E+0;1,340630E-1;1,272095E-1;1,149265E+0;;
02/12/2021  12:05:21,678558;1,123413E+0;1,305587E-1;1,177316E-1;1,148427E+0;;
02/12/2021  12:05:21,678658;1,124519E+0;1,257800E-1;1,224705E-1;1,147578E+0;;
02/12/2021  12:05:21,678758;1,124948E+0;1,216384E-1;1,281573E-1;1,146721E+0;;
02/12/2021  12:05:21,678858;1,125413E+0;1,359745E-1;1,306848E-1;1,145858E+0;;
02/12/2021  12:05:21,678958;1,123970E+0;1,069837E-1;1,177316E-1;1,144990E+0;;
02/12/2021  12:05:21,679058;1,124501E+0;1,308772E-1;1,218387E-1;1,144120E+0;;
02/12/2021  12:05:21,679158;1,125851E+0;1,229127E-1;1,322644E-1;1,143250E+0;;
02/12/2021  12:05:21,679258;1,125422E+0;1,417090E-1;1,455336E-1;1,142381E+0;;
02/12/2021  12:05:21,679358;1,124650E+0;1,299215E-1;1,341600E-1;1,141517E+0;;
02/12/2021  12:05:21,679458;1,123463E+0;6,524976E-2;8,361090E-2;1,140660E+0;;
02/12/2021  12:05:21,679558;1,122584E+0;1,229127E-1;1,218387E-1;1,139809E+0;;
02/12/2021  12:05:21,679658;1,123308E+0;1,448948E-1;1,420583E-1;1,138968E+0;;
02/12/2021  12:05:21,679758;1,122444E+0;1,318330E-1;1,275255E-1;1,138138E+0;;
02/12/2021  12:05:21,679858;1,121857E+0;1,334259E-1;1,357397E-1;1,137319E+0;;
02/12/2021  12:05:21,679958;1,119792E+0;1,069837E-1;1,019350E-1;1,136514E+0;;
02/12/2021  12:05:21,680058;1,119354E+0;1,477620E-1;1,430061E-1;1,135721E+0;;
02/12/2021  12:05:21,680158;1,119661E+0;3,625898E-2;4,601499E-2;1,134943E+0;;
02/12/2021  12:05:21,680258;1,119714E+0;1,178155E-1;1,215227E-1;1,134179E+0;;
02/12/2021  12:05:21,680358;1,118433E+0;1,149482E-1;1,136244E-1;1,133430E+0;;
02/12/2021  12:05:21,680458;1,116975E+0;1,165411E-1;1,148882E-1;1,132696E+0;;
02/12/2021  12:05:21,680558;1,117625E+0;1,069837E-1;1,025668E-1;1,131977E+0;;
02/12/2021  12:05:21,680658;1,118719E+0;1,181340E-1;1,249980E-1;1,131274E+0;;
02/12/2021  12:05:21,680758;1,118719E+0;1,098510E-1;1,193112E-1;1,130586E+0;;
02/12/2021  12:05:21,680858;1,119133E+0;8,500172E-2;1,082536E-1;1,129915E+0;;
02/12/2021  12:05:21,680958;1,118412E+0;1,184526E-1;1,281573E-1;1,129260E+0;;
02/12/2021  12:05:21,681058;1,119467E+0;1,232313E-1;1,265777E-1;1,128622E+0;;
02/12/2021  12:05:21,681158;1,121014E+0;9,774492E-2;1,069899E-1;1,128001E+0;;
02/12/2021  12:05:21,681258;1,120710E+0;7,671864E-2;7,697633E-2;1,127399E+0;;
02/12/2021  12:05:21,681358;1,120608E+0;1,194084E-1;1,291051E-1;1,126814E+0;;
02/12/2021  12:05:21,681458;1,120182E+0;1,359745E-1;1,357397E-1;1,126250E+0;;
02/12/2021  12:05:21,681558;1,121276E+0;8,372740E-2;1,050943E-1;1,125705E+0;;
02/12/2021  12:05:21,681658;1,121857E+0;1,159040E-1;1,550115E-1;1,125180E+0;;
02/12/2021  12:05:21,681758;1,122155E+0;9,392196E-2;1,013031E-1;1,124677E+0;;
02/12/2021  12:05:21,681858;1,120975E+0;1,095324E-1;1,268936E-1;1,124194E+0;;
02/12/2021  12:05:21,681958;1,120641E+0;9,296622E-2;1,107811E-1;1,123734E+0;;
02/12/2021  12:05:21,682058;1,121547E+0;1,006121E-1;1,035146E-1;1,123295E+0;;
02/12/2021  12:05:21,682158;1,122653E+0;8,882468E-2;1,167838E-1;1,122879E+0;;
02/12/2021  12:05:21,682258;1,122870E+0;8,595746E-2;1,123607E-1;1,122485E+0;;
02/12/2021  12:05:21,682358;1,121848E+0;9,201048E-2;1,215227E-1;1,122113E+0;;
02/12/2021  12:05:21,682458;1,122790E+0;2,105222E-1;1,802861E-1;1,121765E+0;;
02/12/2021  12:05:21,682558;1,124128E+0;9,424054E-2;1,095173E-1;1,121439E+0;;
02/12/2021  12:05:21,682658;1,125469E+0;1,203641E-1;1,341600E-1;1,121135E+0;;
02/12/2021  12:05:21,682758;1,125714E+0;1,579565E-1;1,509044E-1;1,120856E+0;;
02/12/2021  12:05:21,682858;1,125314E+0;1,334259E-1;1,092014E-1;1,120599E+0;;
02/12/2021  12:05:21,682958;1,125949E+0;1,598680E-1;1,240502E-1;1,120367E+0;;
02/12/2021  12:05:21,683058;1,127994E+0;1,761156E-1;1,663851E-1;1,120159E+0;;
02/12/2021  12:05:21,683158;1,129484E+0;1,856730E-1;1,619620E-1;1,119975E+0;;
02/12/2021  12:05:21,683258;1,130563E+0;1,627352E-1;1,749153E-1;1,119815E+0;;
02/12/2021  12:05:21,683358;1,130113E+0;1,448948E-1;1,341600E-1;1,119682E+0;;
02/12/2021  12:05:21,683458;1,130938E+0;1,436204E-1;1,322644E-1;1,119574E+0;;
02/12/2021  12:05:21,683558;1,132512E+0;1,585937E-1;1,474292E-1;1,119492E+0;;
02/12/2021  12:05:21,683658;1,133602E+0;1,187712E-1;1,262617E-1;1,119436E+0;;
02/12/2021  12:05:21,683758;1,134395E+0;1,149482E-1;1,373193E-1;1,119408E+0;;
02/12/2021  12:05:21,683858;1,134669E+0;9,328480E-2;1,120448E-1;1,119407E+0;;
02/12/2021  12:05:21,683958;1,135331E+0;1,264171E-1;1,259458E-1;1,119434E+0;;
02/12/2021  12:05:21,684058;1,137444E+0;1,289658E-1;1,347919E-1;1,119488E+0;;
02/12/2021  12:05:21,684158;1,138118E+0;1,257800E-1;1,272095E-1;1,119571E+0;;
02/12/2021  12:05:21,684258;1,138097E+0;1,407532E-1;1,357397E-1;1,119682E+0;;
02/12/2021  12:05:21,684358;1,137596E+0;5,569236E-2;9,119327E-2;1,119822E+0;;
02/12/2021  12:05:21,684458;1,137998E+0;8,532030E-2;1,306848E-1;1,119990E+0;;
02/12/2021  12:05:21,684558;1,139250E+0;1,168597E-1;1,199431E-1;1,120186E+0;;
02/12/2021  12:05:21,684658;1,139647E+0;1,136739E-1;1,215227E-1;1,120409E+0;;
02/12/2021  12:05:21,684758;1,138770E+0;1,178155E-1;1,066739E-1;1,120660E+0;;
02/12/2021  12:05:21,684858;1,137826E+0;1,280100E-1;1,212068E-1;1,120936E+0;;
02/12/2021  12:05:21,684958;1,139179E+0;1,397975E-1;1,294210E-1;1,121238E+0;;
02/12/2021  12:05:21,685058;1,139626E+0;9,870066E-2;1,142563E-1;1,121564E+0;;
02/12/2021  12:05:21,685158;1,138797E+0;1,292843E-1;1,575390E-1;1,121913E+0;;
02/12/2021  12:05:21,685258;1,138821E+0;1,245056E-1;1,275255E-1;1,122284E+0;;
02/12/2021  12:05:21,685358;1,137721E+0;1,251428E-1;1,275255E-1;1,122676E+0;;
02/12/2021  12:05:21,685458;1,138308E+0;1,257800E-1;1,253139E-1;1,123086E+0;;
02/12/2021  12:05:21,685558;1,139176E+0;1,270543E-1;1,183634E-1;1,123512E+0;;
02/12/2021  12:05:21,685658;1,139539E+0;1,369303E-1;1,357397E-1;1,123955E+0;;
02/12/2021  12:05:21,685758;1,138940E+0;1,229127E-1;1,243661E-1;1,124411E+0;;
02/12/2021  12:05:21,685858;1,138341E+0;3,785188E-2;7,918786E-2;1,124880E+0;;
02/12/2021  12:05:21,685958;1,139244E+0;1,286472E-1;1,366875E-1;1,125360E+0;;
02/12/2021  12:05:21,686058;1,139971E+0;1,541336E-1;1,843932E-1;1,125849E+0;;
02/12/2021  12:05:21,686158;1,140123E+0;1,181340E-1;1,218387E-1;1,126345E+0;;
02/12/2021  12:05:21,686258;1,138925E+0;1,576380E-1;1,711241E-1;1,126848E+0;;
02/12/2021  12:05:21,686358;1,138410E+0;1,203641E-1;1,148882E-1;1,127355E+0;;
02/12/2021  12:05:21,686458;1,139429E+0;1,101695E-1;1,689125E-1;1,127866E+0;;
02/12/2021  12:05:21,686558;1,139584E+0;1,222756E-1;1,310007E-1;1,128379E+0;;
02/12/2021  12:05:21,686658;1,139095E+0;1,347002E-1;1,275255E-1;1,128892E+0;;
02/12/2021  12:05:21,686758;1,137316E+0;1,225942E-1;1,275255E-1;1,129403E+0;;
02/12/2021  12:05:21,686858;1,137182E+0;8,786894E-2;1,186794E-1;1,129913E+0;;
02/12/2021  12:05:21,686958;1,138159E+0;1,047537E-1;1,123607E-1;1,130418E+0;;
02/12/2021  12:05:21,687058;1,137319E+0;1,318330E-1;1,382671E-1;1,130917E+0;;
02/12/2021  12:05:21,687158;1,136699E+0;1,025236E-1;1,082536E-1;1,131409E+0;;
02/12/2021  12:05:21,687258;1,135921E+0;1,117624E-1;9,656411E-2;1,131892E+0;;
02/12/2021  12:05:21,687358;1,135027E+0;8,786894E-2;1,076217E-1;1,132366E+0;;
02/12/2021  12:05:21,687458;1,135346E+0;1,305587E-1;1,493248E-1;1,132827E+0;;
02/12/2021  12:05:21,687558;1,135295E+0;1,305587E-1;1,335282E-1;1,133276E+0;;
02/12/2021  12:05:21,687658;1,134625E+0;1,296029E-1;1,300529E-1;1,133710E+0;;
02/12/2021  12:05:21,687758;1,134371E+0;1,280100E-1;1,227865E-1;1,134129E+0;;
02/12/2021  12:05:21,687858;1,134583E+0;1,200455E-1;1,420583E-1;1,134531E+0;;
02/12/2021  12:05:21,687958;1,135191E+0;1,047537E-1;1,158360E-1;1,134916E+0;;
02/12/2021  12:05:21,688058;1,136040E+0;1,143111E-1;1,164678E-1;1,135282E+0;;
02/12/2021  12:05:21,688158;1,135650E+0;1,162226E-1;1,183634E-1;1,135630E+0;;
02/12/2021  12:05:21,688258;1,135346E+0;1,280100E-1;1,543797E-1;1,135958E+0;;
02/12/2021  12:05:21,688358;1,135254E+0;1,350188E-1;1,401627E-1;1,136267E+0;;
02/12/2021  12:05:21,688458;1,136803E+0;1,729298E-1;1,856569E-1;1,136557E+0;;
02/12/2021  12:05:21,688558;1,137823E+0;9,615202E-2;1,092014E-1;1,136827E+0;;
02/12/2021  12:05:21,688658;1,137313E+0;1,162226E-1;1,152041E-1;1,137078E+0;;
02/12/2021  12:05:21,688758;1,136410E+0;1,245056E-1;1,303688E-1;1,137311E+0;;
02/12/2021  12:05:21,688858;1,137426E+0;1,582751E-1;1,572231E-1;1,137526E+0;;
02/12/2021  12:05:21,688958;1,138285E+0;2,606442E-2;7,413294E-2;1,137723E+0;;
02/12/2021  12:05:21,689058;1,137706E+0;1,270543E-1;1,259458E-1;1,137903E+0;;
02/12/2021  12:05:21,689158;1,137224E+0;1,350188E-1;1,240502E-1;1,138066E+0;;
02/12/2021  12:05:21,689258;1,136133E+0;1,225942E-1;1,183634E-1;1,138214E+0;;
02/12/2021  12:05:21,689358;1,135617E+0;1,022050E-1;8,677022E-2;1,138347E+0;;
02/12/2021  12:05:21,689458;1,135736E+0;9,105474E-2;8,266311E-2;1,138464E+0;;
02/12/2021  12:05:21,689558;1,134982E+0;1,369303E-1;1,354238E-1;1,138567E+0;;
02/12/2021  12:05:21,689658;1,134839E+0;1,229127E-1;1,294210E-1;1,138655E+0;;
02/12/2021  12:05:21,689758;1,132491E+0;1,426647E-1;1,341600E-1;1,138729E+0;;
02/12/2021  12:05:21,689858;1,133611E+0;1,311958E-1;1,164678E-1;1,138789E+0;;
02/12/2021  12:05:21,689958;1,133599E+0;1,037979E-1;1,142563E-1;1,138834E+0;;
02/12/2021  12:05:21,690058;1,132953E+0;1,254614E-1;1,215227E-1;1,138865E+0;;
02/12/2021  12:05:21,690158;1,131793E+0;1,458505E-1;1,373193E-1;1,138881E+0;;
02/12/2021  12:05:21,690258;1,131182E+0;1,152668E-1;1,117289E-1;1,138884E+0;;
02/12/2021  12:05:21,690358;1,131311E+0;1,155854E-1;1,164678E-1;1,138872E+0;;
02/12/2021  12:05:21,690458;1,131451E+0;1,436204E-1;1,768108E-1;1,138847E+0;;
02/12/2021  12:05:21,690558;1,131296E+0;1,378860E-1;1,218387E-1;1,138807E+0;;
02/12/2021  12:05:21,690658;1,130348E+0;1,213198E-1;1,256299E-1;1,138753E+0;;
02/12/2021  12:05:21,690758;1,129618E+0;1,168597E-1;1,155200E-1;1,138686E+0;;
02/12/2021  12:05:21,690858;1,130175E+0;1,082581E-1;1,098333E-1;1,138605E+0;;
02/12/2021  12:05:21,690958;1,130762E+0;1,289658E-1;1,401627E-1;1,138511E+0;;
02/12/2021  12:05:21,691058;1,129612E+0;1,302401E-1;1,291051E-1;1,138403E+0;;
02/12/2021  12:05:21,691158;1,128464E+0;1,165411E-1;1,215227E-1;1,138284E+0;;
02/12/2021  12:05:21,691258;1,127374E+0;9,455912E-2;1,606983E-1;1,138151E+0;;
02/12/2021  12:05:21,691358;1,128098E+0;1,165411E-1;1,208909E-1;1,138006E+0;;
02/12/2021  12:05:21,691458;1,128014E+0;1,538150E-1;1,486929E-1;1,137849E+0;;
02/12/2021  12:05:21,691558;1,127541E+0;1,382046E-1;1,382671E-1;1,137680E+0;;
02/12/2021  12:05:21,691658;1,126506E+0;8,223938E-3;6,181159E-2;1,137500E+0;;
02/12/2021  12:05:21,691758;1,126438E+0;1,617795E-1;1,783905E-1;1,137308E+0;;
02/12/2021  12:05:21,691858;1,126742E+0;1,519035E-1;1,562753E-1;1,137105E+0;;
02/12/2021  12:05:21,691958;1,126763E+0;1,423461E-1;1,354238E-1;1,136891E+0;;
02/12/2021  12:05:21,692058;1,126867E+0;1,260985E-1;1,505885E-1;1,136667E+0;;
02/12/2021  12:05:21,692158;1,125895E+0;1,254614E-1;1,278414E-1;1,136433E+0;;
02/12/2021  12:05:21,692258;1,125737E+0;1,241871E-1;1,265777E-1;1,136190E+0;;
02/12/2021  12:05:21,692358;1,127096E+0;1,251428E-1;1,246821E-1;1,135939E+0;;
02/12/2021  12:05:21,692458;1,127475E+0;1,210013E-1;1,262617E-1;1,135679E+0;;
02/12/2021  12:05:21,692558;1,127305E+0;1,340630E-1;1,404787E-1;1,135411E+0;;
02/12/2021  12:05:21,692658;1,127031E+0;1,649653E-1;1,578549E-1;1,135138E+0;;
02/12/2021  12:05:21,692758;1,127186E+0;1,372488E-1;1,366875E-1;1,134859E+0;;
02/12/2021  12:05:21,692858;1,128432E+0;1,120810E-1;1,534319E-1;1,134576E+0;;
02/12/2021  12:05:21,692958;1,129013E+0;1,353374E-1;1,316326E-1;1,134289E+0;;
02/12/2021  12:05:21,693058;1,128840E+0;7,958586E-2;6,813023E-2;1,134000E+0;;
02/12/2021  12:05:21,693158;1,128274E+0;1,305587E-1;1,385831E-1;1,133709E+0;;
02/12/2021  12:05:21,693258;1,129102E+0;1,570008E-1;1,717559E-1;1,133419E+0;;
02/12/2021  12:05:21,693358;1,129543E+0;1,445762E-1;1,603824E-1;1,133130E+0;;
02/12/2021  12:05:21,693458;1,130035E+0;1,066652E-1;1,186794E-1;1,132843E+0;;
02/12/2021  12:05:21,693558;1,130157E+0;1,206827E-1;1,177316E-1;1,132559E+0;;
02/12/2021  12:05:21,693658;1,129639E+0;1,149482E-1;1,161519E-1;1,132279E+0;;
02/12/2021  12:05:21,693758;1,130682E+0;9,264764E-2;1,031987E-1;1,132004E+0;;
02/12/2021  12:05:21,693858;1,131698E+0;1,283286E-1;1,170997E-1;1,131736E+0;;
02/12/2021  12:05:21,693958;1,131549E+0;1,155854E-1;9,561632E-2;1,131476E+0;;
02/12/2021  12:05:21,694058;1,131436E+0;1,178155E-1;1,202590E-1;1,131223E+0;;
02/12/2021  12:05:21,694158;1,131150E+0;9,710776E-2;1,142563E-1;1,130980E+0;;
02/12/2021  12:05:21,694258;1,132139E+0;1,088952E-1;1,060421E-1;1,130747E+0;;
02/12/2021  12:05:21,694358;1,133430E+0;1,136739E-1;1,123607E-1;1,130525E+0;;
02/12/2021  12:05:21,694458;1,133632E+0;8,659462E-2;1,104651E-1;1,130315E+0;;
02/12/2021  12:05:21,694558;1,133611E+0;1,053908E-1;1,202590E-1;1,130117E+0;;
02/12/2021  12:05:21,694658;1,133570E+0;9,487770E-2;1,139404E-1;1,129933E+0;;
02/12/2021  12:05:21,694758;1,134714E+0;1,012493E-1;1,044624E-1;1,129762E+0;;
02/12/2021  12:05:21,694858;1,135817E+0;1,245056E-1;1,733356E-1;1,129606E+0;;
02/12/2021  12:05:21,694958;1,136040E+0;1,114439E-1;1,107811E-1;1,129466E+0;;
02/12/2021  12:05:21,695058;1,136139E+0;1,165411E-1;1,559593E-1;1,129341E+0;;
02/12/2021  12:05:21,695158;1,136055E+0;9,519628E-2;1,202590E-1;1,129234E+0;;
02/12/2021  12:05:21,695258;1,138183E+0;6,174538E-2;1,322644E-1;1,129143E+0;;
02/12/2021  12:05:21,695358;1,138362E+0;1,206827E-1;1,376353E-1;1,129070E+0;;
02/12/2021  12:05:21,695458;1,139343E+0;1,350188E-1;1,347919E-1;1,129015E+0;;
02/12/2021  12:05:21,695558;1,139968E+0;1,178155E-1;1,382671E-1;1,128978E+0;;
02/12/2021  12:05:21,695658;1,140904E+0;2,041506E-1;1,922915E-1;1,128961E+0;;
02/12/2021  12:05:21,695758;1,142740E+0;1,563636E-1;1,376353E-1;1,128964E+0;;
02/12/2021  12:05:21,695858;1,143825E+0;1,738855E-1;1,521681E-1;1,128988E+0;;
02/12/2021  12:05:21,695958;1,121827E+0;1,385232E-1;1,344760E-1;1,129032E+0;;
02/12/2021  12:05:21,696058;1,122149E+0;1,509478E-1;1,493248E-1;1,129094E+0;;
02/12/2021  12:05:21,696158;1,122647E+0;1,171783E-1;1,212068E-1;1,129172E+0;;
02/12/2021  12:05:21,696258;1,121428E+0;1,260985E-1;1,287892E-1;1,129260E+0;;
02/12/2021  12:05:21,696358;1,119905E+0;9,009900E-2;8,361090E-2;1,129356E+0;;
02/12/2021  12:05:21,696458;1,119082E+0;3,179886E-2;6,623464E-2;1,129456E+0;;
02/12/2021  12:05:21,696558;1,119175E+0;1,359745E-1;1,461654E-1;1,129555E+0;;
02/12/2021  12:05:21,696658;1,119953E+0;8,277166E-2;1,101492E-1;1,129653E+0;;
02/12/2021  12:05:21,696758;1,118281E+0;1,292843E-1;1,174156E-1;1,129744E+0;;
02/12/2021  12:05:21,696858;1,116576E+0;1,238685E-1;1,253139E-1;1,129827E+0;;
02/12/2021  12:05:21,696958;1,115476E+0;1,206827E-1;9,782784E-2;1,129900E+0;;
02/12/2021  12:05:21,697058;1,114537E+0;1,149482E-1;1,215227E-1;1,129959E+0;;
02/12/2021  12:05:21,697158;1,113634E+0;1,159040E-1;1,363715E-1;1,130003E+0;;
02/12/2021  12:05:21,697258;1,111808E+0;1,318330E-1;1,265777E-1;1,130029E+0;;
02/12/2021  12:05:21,697358;1,109277E+0;1,292843E-1;1,306848E-1;1,130035E+0;;
02/12/2021  12:05:21,697458;1,107677E+0;1,391603E-1;1,310007E-1;1,130019E+0;;
02/12/2021  12:05:21,697558;1,107394E+0;1,251428E-1;1,253139E-1;1,129979E+0;;
02/12/2021  12:05:21,697658;1,106765E+0;1,321516E-1;1,385831E-1;1,129912E+0;;
02/12/2021  12:05:21,697758;1,104455E+0;1,347002E-1;1,322644E-1;1,129817E+0;;
02/12/2021  12:05:21,697858;1,102691E+0;1,203641E-1;1,177316E-1;1,129692E+0;;
02/12/2021  12:05:21,697958;1,102089E+0;1,276914E-1;1,284732E-1;1,129536E+0;;
02/12/2021  12:05:21,698058;1,102744E+0;1,382046E-1;1,537478E-1;1,129347E+0;;
02/12/2021  12:05:21,698158;1,102947E+0;1,362931E-1;1,278414E-1;1,129124E+0;;
02/12/2021  12:05:21,698258;1,100983E+0;1,468062E-1;1,641736E-1;1,128867E+0;;
02/12/2021  12:05:21,698358;1,100062E+0;5,314372E-2;8,961361E-2;1,128575E+0;;
02/12/2021  12:05:21,698458;1,100792E+0;8,117876E-2;1,262617E-1;1,128247E+0;;
02/12/2021  12:05:21,698558;1,101534E+0;1,289658E-1;1,335282E-1;1,127885E+0;;
02/12/2021  12:05:21,698658;1,101996E+0;1,267357E-1;1,322644E-1;1,127489E+0;;
02/12/2021  12:05:21,698758;1,101284E+0;1,267357E-1;1,354238E-1;1,127059E+0;;
02/12/2021  12:05:21,698858;1,101144E+0;1,232313E-1;1,420583E-1;1,126596E+0;;
02/12/2021  12:05:21,698958;1,102175E+0;1,235499E-1;1,531159E-1;1,126103E+0;;
02/12/2021  12:05:21,699058;1,103188E+0;1,388417E-1;1,385831E-1;1,125581E+0;;
02/12/2021  12:05:21,699158;1,104017E+0;1,375674E-1;1,227865E-1;1,125030E+0;;
02/12/2021  12:05:21,699258;1,102801E+0;1,111253E-1;9,909157E-2;1,124455E+0;;
02/12/2021  12:05:21,699358;1,102712E+0;1,248242E-1;1,303688E-1;1,123857E+0;;
02/12/2021  12:05:21,699458;1,103504E+0;1,522221E-1;1,537478E-1;1,123237E+0;;
02/12/2021  12:05:21,699558;1,104512E+0;1,391603E-1;1,373193E-1;1,122600E+0;;
02/12/2021  12:05:21,699658;1,104661E+0;1,219570E-1;1,606983E-1;1,121946E+0;;
02/12/2021  12:05:21,699758;1,104288E+0;1,238685E-1;1,234183E-1;1,121279E+0;;
02/12/2021  12:05:21,699858;1,104089E+0;1,372488E-1;1,363715E-1;1,120601E+0;;
02/12/2021  12:05:21,699958;1,105468E+0;1,394789E-1;1,347919E-1;1,119915E+0;;
02/12/2021  12:05:21,700058;1,106732E+0;1,391603E-1;1,417424E-1;1,119223E+0;;
02/12/2021  12:05:21,700158;1,106672E+0;1,362931E-1;1,341600E-1;1,118527E+0;;
02/12/2021  12:05:21,700258;1,105570E+0;1,302401E-1;1,433221E-1;1,117831E+0;;
02/12/2021  12:05:21,700358;1,106416E+0;1,369303E-1;1,641736E-1;1,117137E+0;;
02/12/2021  12:05:21,700458;1,106604E+0;-3,255430E-2;2,295196E-2;1,116447E+0;;
02/12/2021  12:05:21,700558;1,108702E+0;1,174969E-1;1,215227E-1;1,115763E+0;;
02/12/2021  12:05:21,700658;1,108997E+0;1,162226E-1;1,202590E-1;1,115088E+0;;
02/12/2021  12:05:21,700758;1,108428E+0;1,238685E-1;1,268936E-1;1,114424E+0;;
02/12/2021  12:05:21,700858;1,109173E+0;1,353374E-1;1,310007E-1;1,113773E+0;;
02/12/2021  12:05:21,700958;1,110475E+0;1,413904E-1;1,114129E-1;1,113138E+0;;
02/12/2021  12:05:21,701058;1,111903E+0;8,117876E-2;1,227865E-1;1,112521E+0;;
02/12/2021  12:05:21,701158;1,111909E+0;1,452133E-1;1,347919E-1;1,111923E+0;;
02/12/2021  12:05:21,701258;1,110237E+0;1,238685E-1;1,193112E-1;1,111346E+0;;
02/12/2021  12:05:21,701358;1,111295E+0;1,260985E-1;1,224705E-1;1,110793E+0;;
02/12/2021  12:05:21,701458;1,112335E+0;1,190898E-1;1,041465E-1;1,110264E+0;;
02/12/2021  12:05:21,701558;1,112961E+0;1,413904E-1;1,407946E-1;1,109761E+0;;
02/12/2021  12:05:21,701658;1,112520E+0;1,570008E-1;1,382671E-1;1,109285E+0;;
02/12/2021  12:05:21,701758;1,111965E+0;1,283286E-1;1,341600E-1;1,108837E+0;;
02/12/2021  12:05:21,701858;1,113018E+0;9,933782E-2;1,073058E-1;1,108418E+0;;
02/12/2021  12:05:21,701958;1,113506E+0;1,203641E-1;1,297370E-1;1,108029E+0;;
02/12/2021  12:05:21,702058;1,114150E+0;4,581638E-2;8,329497E-2;1,107670E+0;;
02/12/2021  12:05:21,702158;1,113795E+0;1,350188E-1;1,297370E-1;1,107341E+0;;
02/12/2021  12:05:21,702258;1,112880E+0;1,433019E-1;1,322644E-1;1,107044E+0;;
02/12/2021  12:05:21,702358;1,113667E+0;1,079395E-1;1,322644E-1;1,106777E+0;;
02/12/2021  12:05:21,702458;1,114651E+0;1,369303E-1;1,629098E-1;1,106541E+0;;
02/12/2021  12:05:21,702558;1,115640E+0;1,276914E-1;1,126766E-1;1,106336E+0;;
02/12/2021  12:05:21,702658;1,114859E+0;1,232313E-1;1,234183E-1;1,106161E+0;;
02/12/2021  12:05:21,702758;1,114701E+0;1,069837E-1;1,066739E-1;1,106016E+0;;
02/12/2021  12:05:21,702858;1,116382E+0;1,251428E-1;1,306848E-1;1,105902E+0;;
02/12/2021  12:05:21,702958;1,117086E+0;1,241871E-1;1,221546E-1;1,105817E+0;;
02/12/2021  12:05:21,703058;1,118287E+0;1,324701E-1;1,224705E-1;1,105761E+0;;
02/12/2021  12:05:21,703158;1,117196E+0;1,165411E-1;1,319485E-1;1,105733E+0;;
02/12/2021  12:05:21,703258;1,116680E+0;1,229127E-1;1,291051E-1;1,105734E+0;;
02/12/2021  12:05:21,703358;1,117348E+0;1,490363E-1;1,458495E-1;1,105763E+0;;
02/12/2021  12:05:21,703458;1,117923E+0;1,117624E-1;1,221546E-1;1,105819E+0;;
02/12/2021  12:05:21,703558;1,117801E+0;1,235499E-1;1,234183E-1;1,105901E+0;;
02/12/2021  12:05:21,703658;1,117199E+0;4,868360E-2;8,866581E-2;1,106008E+0;;
02/12/2021  12:05:21,703758;1,116513E+0;1,442576E-1;1,474292E-1;1,106138E+0;;
02/12/2021  12:05:21,703858;1,117834E+0;3,466608E-2;1,028828E-1;1,106292E+0;;
02/12/2021  12:05:21,703958;1,118433E+0;1,359745E-1;1,246821E-1;1,106467E+0;;
02/12/2021  12:05:21,704058;1,118439E+0;1,372488E-1;1,524841E-1;1,106663E+0;;
02/12/2021  12:05:21,704158;1,117694E+0;1,283286E-1;1,278414E-1;1,106877E+0;;
02/12/2021  12:05:21,704258;1,117783E+0;1,251428E-1;1,325804E-1;1,107110E+0;;
02/12/2021  12:05:21,704358;1,119115E+0;1,238685E-1;1,256299E-1;1,107360E+0;;
02/12/2021  12:05:21,704458;1,120075E+0;1,254614E-1;1,145722E-1;1,107625E+0;;
02/12/2021  12:05:21,704558;1,120307E+0;9,678918E-2;1,262617E-1;1,107905E+0;;
02/12/2021  12:05:21,704658;1,119488E+0;1,601866E-1;1,610142E-1;1,108198E+0;;
02/12/2021  12:05:21,704758;1,120003E+0;1,356559E-1;1,313166E-1;1,108504E+0;;
02/12/2021  12:05:21,704858;1,121288E+0;1,589123E-1;1,398468E-1;1,108821E+0;;
02/12/2021  12:05:21,704958;1,121398E+0;1,229127E-1;1,215227E-1;1,109149E+0;;
02/12/2021  12:05:21,705058;1,121416E+0;1,060280E-1;1,110970E-1;1,109487E+0;;
02/12/2021  12:05:21,705158;1,119774E+0;1,200455E-1;1,174156E-1;1,109834E+0;;
02/12/2021  12:05:21,705258;1,119917E+0;1,009307E-1;1,107811E-1;1,110188E+0;;
02/12/2021  12:05:21,705358;1,120707E+0;1,436204E-1;1,328963E-1;1,110549E+0;;
02/12/2021  12:05:21,705458;1,122009E+0;1,267357E-1;1,284732E-1;1,110916E+0;;
02/12/2021  12:05:21,705558;1,121565E+0;1,159040E-1;1,076217E-1;1,111287E+0;;
02/12/2021  12:05:21,705658;1,121020E+0;1,146297E-1;1,272095E-1;1,111662E+0;;
02/12/2021  12:05:21,705758;1,122647E+0;7,417000E-2;8,677022E-2;1,112039E+0;;
02/12/2021  12:05:21,705858;1,123544E+0;1,210013E-1;1,158360E-1;1,112419E+0;;
02/12/2021  12:05:21,705958;1,125278E+0;1,111253E-1;1,123607E-1;1,112801E+0;;
02/12/2021  12:05:21,706058;1,126140E+0;1,149482E-1;1,158360E-1;1,113183E+0;;
02/12/2021  12:05:21,706158;1,125705E+0;9,232906E-2;1,158360E-1;1,113567E+0;;
02/12/2021  12:05:21,706258;1,127278E+0;1,082581E-1;1,158360E-1;1,113952E+0;;
02/12/2021  12:05:21,706358;1,129147E+0;1,041165E-1;1,133085E-1;1,114338E+0;;
02/12/2021  12:05:21,706458;1,130086E+0;1,130368E-1;1,208909E-1;1,114726E+0;;
02/12/2021  12:05:21,706558;1,130104E+0;1,095324E-1;1,164678E-1;1,115116E+0;;
02/12/2021  12:05:21,706658;1,129823E+0;7,289568E-2;8,740209E-2;1,115508E+0;;
02/12/2021  12:05:21,706758;1,130506E+0;9,041758E-2;9,593225E-2;1,115902E+0;;
02/12/2021  12:05:21,706858;1,131799E+0;1,034794E-1;1,373193E-1;1,116299E+0;;
02/12/2021  12:05:21,706958;1,132017E+0;8,691320E-2;9,561632E-2;1,116699E+0;;
02/12/2021  12:05:21,707058;1,131910E+0;9,901924E-2;1,433221E-1;1,117102E+0;;
02/12/2021  12:05:21,707158;1,131233E+0;1,012493E-1;1,455336E-1;1,117509E+0;;
02/12/2021  12:05:21,707258;1,132705E+0;9,105474E-2;1,335282E-1;1,117918E+0;;
02/12/2021  12:05:21,707358;1,133602E+0;8,723178E-2;1,120448E-1;1,118331E+0;;
02/12/2021  12:05:21,707458;1,134032E+0;1,044351E-1;1,177316E-1;1,118748E+0;;
02/12/2021  12:05:21,707558;1,133367E+0;1,034794E-1;1,262617E-1;1,119167E+0;;
02/12/2021  12:05:21,707658;1,134133E+0;1,104881E-1;1,246821E-1;1,119590E+0;;
02/12/2021  12:05:21,707758;1,135617E+0;1,143111E-1;1,546956E-1;1,120016E+0;;
02/12/2021  12:05:21,707858;1,137000E+0;1,232313E-1;1,325804E-1;1,120445E+0;;
02/12/2021  12:05:21,707958;1,137417E+0;1,311958E-1;1,310007E-1;1,120877E+0;;
02/12/2021  12:05:21,708058;1,137668E+0;1,241871E-1;1,212068E-1;1,121313E+0;;
02/12/2021  12:05:21,708158;1,137852E+0;1,579565E-1;1,414265E-1;1,121752E+0;;
02/12/2021  12:05:21,708258;1,139420E+0;1,538150E-1;1,351078E-1;1,122196E+0;;
02/12/2021  12:05:21,708358;1,140624E+0;1,636910E-1;1,426902E-1;1,122643E+0;;
02/12/2021  12:05:21,708458;1,141360E+0;1,601866E-1;1,654373E-1;1,123095E+0;;
02/12/2021  12:05:21,708558;1,141262E+0;1,764342E-1;1,594346E-1;1,123551E+0;;
02/12/2021  12:05:21,708658;1,141149E+0;1,633724E-1;1,376353E-1;1,124012E+0;;
02/12/2021  12:05:21,708758;1,143059E+0;1,289658E-1;1,335282E-1;1,124478E+0;;
02/12/2021  12:05:21,708858;1,143989E+0;1,232313E-1;1,294210E-1;1,124949E+0;;
02/12/2021  12:05:21,708958;1,144752E+0;1,280100E-1;1,341600E-1;1,125426E+0;;
02/12/2021  12:05:21,709058;1,144144E+0;7,321426E-2;1,164678E-1;1,125908E+0;;
02/12/2021  12:05:21,709158;1,144004E+0;1,394789E-1;1,606983E-1;1,126396E+0;;
02/12/2021  12:05:21,709258;1,145357E+0;4,263058E-2;7,666040E-2;1,126890E+0;;
02/12/2021  12:05:21,709358;1,146194E+0;1,127182E-1;1,208909E-1;1,127389E+0;;
02/12/2021  12:05:21,709458;1,146531E+0;1,133553E-1;1,253139E-1;1,127894E+0;;
02/12/2021  12:05:21,709558;1,145238E+0;6,907272E-2;8,834988E-2;1,128404E+0;;
02/12/2021  12:05:21,709658;1,144940E+0;1,143111E-1;1,139404E-1;1,128920E+0;;
02/12/2021  12:05:21,709758;1,146060E+0;9,742634E-2;7,634447E-2;1,129440E+0;;
02/12/2021  12:05:21,709858;1,147050E+0;1,273729E-1;1,291051E-1;1,129964E+0;;
02/12/2021  12:05:21,709958;1,146647E+0;1,407532E-1;1,344760E-1;1,130491E+0;;
02/12/2021  12:05:21,710058;1,145500E+0;1,324701E-1;1,243661E-1;1,131022E+0;;
02/12/2021  12:05:21,710158;1,146835E+0;1,108067E-1;1,057261E-1;1,131555E+0;;
02/12/2021  12:05:21,710258;1,147520E+0;6,047106E-2;8,519056E-2;1,132089E+0;;
02/12/2021  12:05:21,710358;1,148152E+0;1,190898E-1;1,256299E-1;1,132625E+0;;
02/12/2021  12:05:21,710458;1,148918E+0;1,123996E-1;1,177316E-1;1,133161E+0;;
02/12/2021  12:05:21,710558;1,147926E+0;1,108067E-1;1,076217E-1;1,133698E+0;;
02/12/2021  12:05:21,710658;1,149374E+0;1,254614E-1;1,186794E-1;1,134234E+0;;
02/12/2021  12:05:21,710758;1,150677E+0;1,378860E-1;1,262617E-1;1,134769E+0;;
02/12/2021  12:05:21,710858;1,151630E+0;1,241871E-1;1,104651E-1;1,135303E+0;;
02/12/2021  12:05:21,710958;1,151338E+0;1,123996E-1;1,278414E-1;1,135836E+0;;
02/12/2021  12:05:21,711058;1,151264E+0;1,187712E-1;1,259458E-1;1,136368E+0;;
02/12/2021  12:05:21,711158;1,151040E+0;1,229127E-1;1,262617E-1;1,136898E+0;;
02/12/2021  12:05:21,711258;1,151910E+0;1,394789E-1;1,546956E-1;1,137426E+0;;
02/12/2021  12:05:21,711358;1,151925E+0;1,203641E-1;1,155200E-1;1,137952E+0;;
02/12/2021  12:05:21,711458;1,150906E+0;1,426647E-1;1,392149E-1;1,138475E+0;;
02/12/2021  12:05:21,711558;1,149353E+0;1,260985E-1;1,284732E-1;1,138995E+0;;
02/12/2021  12:05:21,711658;1,149896E+0;1,442576E-1;1,376353E-1;1,139511E+0;;
02/12/2021  12:05:21,711758;1,151022E+0;1,318330E-1;1,404787E-1;1,140022E+0;;
02/12/2021  12:05:21,711858;1,150694E+0;1,225942E-1;1,310007E-1;1,140528E+0;;
02/12/2021  12:05:21,711958;1,150081E+0;1,130368E-1;1,253139E-1;1,141028E+0;;
02/12/2021  12:05:21,712058;1,149127E+0;1,356559E-1;1,357397E-1;1,141520E+0;;
02/12/2021  12:05:21,712158;1,150042E+0;1,436204E-1;1,704922E-1;1,142005E+0;;
02/12/2021  12:05:21,712258;1,151222E+0;1,136739E-1;1,183634E-1;1,142481E+0;;
02/12/2021  12:05:21,712358;1,151505E+0;1,324701E-1;1,316326E-1;1,142948E+0;;
02/12/2021  12:05:21,712458;1,150608E+0;7,990444E-2;9,940750E-2;1,143405E+0;;
02/12/2021  12:05:21,712558;1,150000E+0;1,174969E-1;1,133085E-1;1,143852E+0;;
02/12/2021  12:05:21,712658;1,151857E+0;1,206827E-1;1,351078E-1;1,144289E+0;;
02/12/2021  12:05:21,712758;1,152554E+0;1,213198E-1;1,227865E-1;1,144714E+0;;
02/12/2021  12:05:21,712858;1,151884E+0;1,308772E-1;1,543797E-1;1,145129E+0;;
02/12/2021  12:05:21,712958;1,150846E+0;1,232313E-1;1,208909E-1;1,145532E+0;;
02/12/2021  12:05:21,713058;1,150328E+0;1,308772E-1;1,262617E-1;1,145924E+0;;
02/12/2021  12:05:21,713158;1,151475E+0;1,267357E-1;1,294210E-1;1,146305E+0;;
02/12/2021  12:05:21,713258;1,151451E+0;1,108067E-1;1,221546E-1;1,146673E+0;;
02/12/2021  12:05:21,713358;1,150805E+0;1,311958E-1;1,455336E-1;1,147029E+0;;
02/12/2021  12:05:21,713458;1,150057E+0;1,123996E-1;9,814378E-2;1,147372E+0;;
02/12/2021  12:05:21,713558;1,149628E+0;1,321516E-1;1,325804E-1;1,147702E+0;;
02/12/2021  12:05:21,713658;1,150319E+0;1,315144E-1;1,594346E-1;1,148020E+0;;
02/12/2021  12:05:21,713758;1,151314E+0;1,315144E-1;1,357397E-1;1,148324E+0;;
02/12/2021  12:05:21,713858;1,150814E+0;1,101695E-1;9,656411E-2;1,148614E+0;;
02/12/2021  12:05:21,713958;1,149526E+0;1,292843E-1;1,082536E-1;1,148891E+0;;
02/12/2021  12:05:21,714058;1,150054E+0;9,201048E-2;1,531159E-1;1,149154E+0;;
02/12/2021  12:05:21,714158;1,150784E+0;1,401161E-1;1,512204E-1;1,149404E+0;;
02/12/2021  12:05:21,714258;1,151511E+0;1,366117E-1;1,360556E-1;1,149639E+0;;
02/12/2021  12:05:21,714358;1,150861E+0;1,053908E-1;9,593225E-2;1,149862E+0;;
02/12/2021  12:05:21,714458;1,149332E+0;1,159040E-1;1,180475E-1;1,150071E+0;;
02/12/2021  12:05:21,714558;1,149857E+0;1,203641E-1;1,234183E-1;1,150266E+0;;
02/12/2021  12:05:21,714658;1,149878E+0;1,267357E-1;1,208909E-1;1,150449E+0;;
02/12/2021  12:05:21,714758;1,149696E+0;1,321516E-1;1,581709E-1;1,150618E+0;;
02/12/2021  12:05:21,714858;1,148799E+0;1,245056E-1;1,284732E-1;1,150775E+0;;
02/12/2021  12:05:21,714958;1,146144E+0;1,194084E-1;1,227865E-1;1,150918E+0;;
02/12/2021  12:05:21,715058;1,146454E+0;1,222756E-1;1,272095E-1;1,151048E+0;;
02/12/2021  12:05:21,715158;1,146090E+0;1,382046E-1;1,300529E-1;1,151165E+0;;
02/12/2021  12:05:21,715258;1,145509E+0;1,334259E-1;1,328963E-1;1,151267E+0;;
02/12/2021  12:05:21,715358;1,144734E+0;1,235499E-1;1,215227E-1;1,151355E+0;;
02/12/2021  12:05:21,715458;1,143002E+0;1,012493E-1;1,019350E-1;1,151428E+0;;
02/12/2021  12:05:21,715558;1,143274E+0;1,445762E-1;1,392149E-1;1,151485E+0;;
02/12/2021  12:05:21,715658;1,143691E+0;1,471248E-1;1,679647E-1;1,151526E+0;;
02/12/2021  12:05:21,715758;1,143414E+0;1,143111E-1;1,174156E-1;1,151552E+0;;
02/12/2021  12:05:21,715858;1,142308E+0;1,417090E-1;1,594346E-1;1,151560E+0;;
02/12/2021  12:05:21,715958;1,140761E+0;1,302401E-1;1,572231E-1;1,151553E+0;;
02/12/2021  12:05:21,716058;1,141315E+0;1,917260E-1;1,938712E-1;1,151528E+0;;
02/12/2021  12:05:21,716158;1,142072E+0;1,241871E-1;1,354238E-1;1,151487E+0;;
02/12/2021  12:05:21,716258;1,141259E+0;1,302401E-1;1,234183E-1;1,151428E+0;;
02/12/2021  12:05:21,716358;1,140117E+0;1,394789E-1;1,467973E-1;1,151352E+0;;
02/12/2021  12:05:21,716458;1,138815E+0;1,206827E-1;1,262617E-1;1,151260E+0;;
02/12/2021  12:05:21,716558;1,139590E+0;1,366117E-1;1,654373E-1;1,151150E+0;;
02/12/2021  12:05:21,716658;1,139354E+0;1,251428E-1;1,259458E-1;1,151024E+0;;
02/12/2021  12:05:21,716758;1,138624E+0;1,318330E-1;1,249980E-1;1,150880E+0;;
02/12/2021  12:05:21,716858;1,137247E+0;1,174969E-1;1,041465E-1;1,150721E+0;;
02/12/2021  12:05:21,716958;1,136031E+0;1,299215E-1;1,278414E-1;1,150545E+0;;
02/12/2021  12:05:21,717058;1,136800E+0;1,366117E-1;1,328963E-1;1,150353E+0;;
02/12/2021  12:05:21,717158;1,136061E+0;1,165411E-1;1,265777E-1;1,150144E+0;;
02/12/2021  12:05:21,717258;1,136168E+0;1,289658E-1;1,332122E-1;1,149920E+0;;
02/12/2021  12:05:21,717358;1,134616E+0;1,299215E-1;1,265777E-1;1,149679E+0;;
02/12/2021  12:05:21,717458;1,133740E+0;1,241871E-1;1,297370E-1;1,149424E+0;;
02/12/2021  12:05:21,717558;1,133710E+0;1,327887E-1;1,363715E-1;1,149153E+0;;
02/12/2021  12:05:21,717658;1,133707E+0;1,337445E-1;1,370034E-1;1,148866E+0;;
02/12/2021  12:05:21,717758;1,133400E+0;1,464877E-1;1,385831E-1;1,148566E+0;;
02/12/2021  12:05:21,717858;1,131653E+0;1,139925E-1;1,129926E-1;1,148250E+0;;
02/12/2021  12:05:21,717958;1,131433E+0;1,327887E-1;1,300529E-1;1,147921E+0;;
02/12/2021  12:05:21,718058;1,131704E+0;1,452133E-1;1,663851E-1;1,147578E+0;;
02/12/2021  12:05:21,718158;1,131874E+0;1,417090E-1;1,262617E-1;1,147222E+0;;
02/12/2021  12:05:21,718258;1,130762E+0;1,375674E-1;1,322644E-1;1,146853E+0;;
02/12/2021  12:05:21,718358;1,129066E+0;1,611423E-1;1,594346E-1;1,146472E+0;;
02/12/2021  12:05:21,718458;1,128843E+0;1,254614E-1;1,297370E-1;1,146078E+0;;
02/12/2021  12:05:21,718558;1,128458E+0;8,117876E-2;6,655058E-2;1,145674E+0;;
02/12/2021  12:05:21,718658;1,128199E+0;1,302401E-1;1,306848E-1;1,145258E+0;;
02/12/2021  12:05:21,718758;1,126888E+0;1,216384E-1;1,193112E-1;1,144831E+0;;
02/12/2021  12:05:21,718858;1,124447E+0;1,117624E-1;1,073058E-1;1,144394E+0;;
02/12/2021  12:05:21,718958;1,123702E+0;1,092138E-1;1,006712E-1;1,143946E+0;;
02/12/2021  12:05:21,719058;1,123177E+0;8,818752E-2;1,373193E-1;1,143488E+0;;
02/12/2021  12:05:21,719158;1,122191E+0;1,225942E-1;1,262617E-1;1,143019E+0;;
02/12/2021  12:05:21,719258;1,120152E+0;1,006121E-1;1,117289E-1;1,142540E+0;;
02/12/2021  12:05:21,719358;1,117691E+0;1,120810E-1;1,202590E-1;1,142049E+0;;
02/12/2021  12:05:21,719458;1,117434E+0;1,146297E-1;1,139404E-1;1,141548E+0;;
02/12/2021  12:05:21,719558;1,117303E+0;9,870066E-2;1,079377E-1;1,141034E+0;;
02/12/2021  12:05:21,719658;1,116248E+0;7,034704E-2;6,749837E-2;1,140508E+0;;
02/12/2021  12:05:21,719758;1,114612E+0;1,022050E-1;1,101492E-1;1,139969E+0;;
02/12/2021  12:05:21,719858;1,112669E+0;1,165411E-1;1,202590E-1;1,139417E+0;;
02/12/2021  12:05:21,719958;1,112606E+0;1,143111E-1;1,249980E-1;1,138852E+0;;
02/12/2021  12:05:21,720058;1,113143E+0;1,069837E-1;1,534319E-1;1,138274E+0;;
02/12/2021  12:05:21,720158;1,113029E+0;8,818752E-2;9,245700E-2;1,137681E+0;;
02/12/2021  12:05:21,720258;1,112362E+0;9,742634E-2;1,158360E-1;1,137075E+0;;
02/12/2021  12:05:21,720358;1,111021E+0;1,238685E-1;1,300529E-1;1,136456E+0;;
02/12/2021  12:05:21,720458;1,111524E+0;1,318330E-1;1,502726E-1;1,135824E+0;;
02/12/2021  12:05:21,720558;1,112454E+0;1,104881E-1;1,189953E-1;1,135179E+0;;
02/12/2021  12:05:21,720658;1,112639E+0;9,997498E-2;1,208909E-1;1,134523E+0;;
02/12/2021  12:05:21,720758;1,111214E+0;1,334259E-1;1,439539E-1;1,133856E+0;;
02/12/2021  12:05:21,720858;1,110520E+0;1,334259E-1;1,351078E-1;1,133179E+0;;
02/12/2021  12:05:21,720958;1,110681E+0;1,627352E-1;1,802861E-1;1,132494E+0;;
02/12/2021  12:05:21,721058;1,111152E+0;1,302401E-1;1,272095E-1;1,131801E+0;;
02/12/2021  12:05:21,721158;1,111208E+0;1,608238E-1;1,471132E-1;1,131101E+0;;
02/12/2021  12:05:21,721258;1,110174E+0;1,777085E-1;1,433221E-1;1,130395E+0;;
02/12/2021  12:05:21,721358;1,109456E+0;1,777085E-1;1,752312E-1;1,129686E+0;;
02/12/2021  12:05:21,721458;1,110752E+0;2,012834E-1;1,783905E-1;1,128973E+0;;
02/12/2021  12:05:21,721558;1,111024E+0;1,732484E-1;1,553275E-1;1,128258E+0;;
02/12/2021  12:05:21,721658;1,111453E+0;1,576380E-1;1,862888E-1;1,127542E+0;;
02/12/2021  12:05:21,721758;1,110282E+0;1,509478E-1;1,486929E-1;1,126828E+0;;
02/12/2021  12:05:21,721858;1,109790E+0;1,350188E-1;1,398468E-1;1,126116E+0;;
02/12/2021  12:05:21,721958;1,111247E+0;1,289658E-1;1,155200E-1;1,125407E+0;;
02/12/2021  12:05:21,722058;1,111861E+0;1,267357E-1;1,300529E-1;1,124703E+0;;
02/12/2021  12:05:21,722158;1,112272E+0;1,311958E-1;1,319485E-1;1,124005E+0;;
02/12/2021  12:05:21,722258;1,111727E+0;4,868360E-2;8,329497E-2;1,123315E+0;;
02/12/2021  12:05:21,722358;1,112299E+0;1,318330E-1;1,259458E-1;1,122635E+0;;
02/12/2021  12:05:21,722458;1,113441E+0;1,289658E-1;1,395309E-1;1,121965E+0;;
02/12/2021  12:05:21,722558;1,115128E+0;1,308772E-1;1,272095E-1;1,121307E+0;;
02/12/2021  12:05:21,722658;1,115208E+0;9,647060E-2;5,928414E-2;1,120664E+0;;
02/12/2021  12:05:21,722758;1,115098E+0;6,939130E-2;7,097362E-2;1,120036E+0;;
02/12/2021  12:05:21,722858;1,116549E+0;8,723178E-2;1,013031E-1;1,119426E+0;;
02/12/2021  12:05:21,722958;1,118349E+0;1,292843E-1;1,234183E-1;1,118834E+0;;
02/12/2021  12:05:21,723058;1,119524E+0;1,296029E-1;1,278414E-1;1,118263E+0;;
02/12/2021  12:05:21,723158;1,120614E+0;7,894870E-2;9,466852E-2;1,117715E+0;;
02/12/2021  12:05:21,723258;1,120194E+0;1,117624E-1;1,272095E-1;1,117191E+0;;
02/12/2021  12:05:21,723358;1,121049E+0;1,362931E-1;1,360556E-1;1,116693E+0;;
02/12/2021  12:05:21,723458;1,123347E+0;1,104881E-1;1,114129E-1;1,116223E+0;;
02/12/2021  12:05:21,723558;1,124679E+0;1,203641E-1;1,041465E-1;1,115782E+0;;
02/12/2021  12:05:21,723658;1,124349E+0;1,311958E-1;1,265777E-1;1,115372E+0;;
02/12/2021  12:05:21,723758;1,123934E+0;1,404346E-1;1,379512E-1;1,114994E+0;;
02/12/2021  12:05:21,723858;1,124697E+0;1,321516E-1;1,212068E-1;1,114649E+0;;
02/12/2021  12:05:21,723958;1,126101E+0;1,292843E-1;1,240502E-1;1,114339E+0;;
02/12/2021  12:05:21,724058;1,126167E+0;1,219570E-1;1,170997E-1;1,114064E+0;;
02/12/2021  12:05:21,724158;1,126852E+0;1,178155E-1;1,275255E-1;1,113824E+0;;
02/12/2021  12:05:21,724258;1,126563E+0;1,013542E-2;7,476481E-2;1,113621E+0;;
02/12/2021  12:05:21,724358;1,127147E+0;1,216384E-1;1,152041E-1;1,113454E+0;;
02/12/2021  12:05:21,724458;1,128700E+0;1,413904E-1;1,685966E-1;1,113324E+0;;
02/12/2021  12:05:21,724558;1,129421E+0;1,229127E-1;1,133085E-1;1,113230E+0;;
02/12/2021  12:05:21,724658;1,129072E+0;1,859916E-1;1,847091E-1;1,113173E+0;;
02/12/2021  12:05:21,724758;1,128715E+0;1,375674E-1;1,335282E-1;1,113152E+0;;
02/12/2021  12:05:21,724858;1,130399E+0;3,020596E-2;8,487463E-2;1,113167E+0;;
02/12/2021  12:05:21,724958;1,131385E+0;1,133553E-1;1,237343E-1;1,113218E+0;;
02/12/2021  12:05:21,725058;1,133006E+0;1,165411E-1;1,208909E-1;1,113304E+0;;
02/12/2021  12:05:21,725158;1,132664E+0;1,413904E-1;1,502726E-1;1,113424E+0;;
02/12/2021  12:05:21,725258;1,132711E+0;1,241871E-1;1,281573E-1;1,113579E+0;;
02/12/2021  12:05:21,725358;1,134264E+0;1,455319E-1;1,663851E-1;1,113767E+0;;
02/12/2021  12:05:21,725458;1,134821E+0;1,286472E-1;1,287892E-1;1,113987E+0;;
02/12/2021  12:05:21,725558;1,135349E+0;1,260985E-1;1,347919E-1;1,114240E+0;;
02/12/2021  12:05:21,725658;1,135057E+0;8,436456E-2;9,814378E-2;1,114524E+0;;
02/12/2021  12:05:21,725758;1,134833E+0;1,327887E-1;1,231024E-1;1,114839E+0;;
02/12/2021  12:05:21,725858;1,135543E+0;1,238685E-1;1,227865E-1;1,115182E+0;;
02/12/2021  12:05:21,725958;1,136320E+0;1,225942E-1;1,284732E-1;1,115554E+0;;
02/12/2021  12:05:21,726058;1,136896E+0;1,362931E-1;1,328963E-1;1,115952E+0;;
02/12/2021  12:05:21,726158;1,136264E+0;1,442576E-1;1,281573E-1;1,116375E+0;;
02/12/2021  12:05:21,726258;1,136762E+0;1,251428E-1;1,414265E-1;1,116822E+0;;
02/12/2021  12:05:21,726358;1,137775E+0;1,092138E-1;1,316326E-1;1,117292E+0;;
02/12/2021  12:05:21,726458;1,138195E+0;1,213198E-1;1,297370E-1;1,117783E+0;;
02/12/2021  12:05:21,726558;1,138162E+0;1,190898E-1;1,344760E-1;1,118294E+0;;
02/12/2021  12:05:21,726658;1,138201E+0;1,159040E-1;1,388990E-1;1,118823E+0;;
02/12/2021  12:05:21,726758;1,137849E+0;1,260985E-1;1,265777E-1;1,119368E+0;;
02/12/2021  12:05:21,726858;1,139343E+0;1,324701E-1;1,278414E-1;1,119929E+0;;
02/12/2021  12:05:21,726958;1,139915E+0;1,165411E-1;1,259458E-1;1,120504E+0;;
02/12/2021  12:05:21,727058;1,140585E+0;1,168597E-1;1,303688E-1;1,121090E+0;;
02/12/2021  12:05:21,727158;1,140731E+0;5,218798E-2;8,929768E-2;1,121688E+0;;
02/12/2021  12:05:21,727258;1,141423E+0;1,213198E-1;1,262617E-1;1,122296E+0;;
02/12/2021  12:05:21,727358;1,142937E+0;8,723178E-2;7,476481E-2;1,122912E+0;;
02/12/2021  12:05:21,727458;1,144340E+0;1,254614E-1;1,275255E-1;1,123535E+0;;
02/12/2021  12:05:21,727558;1,145166E+0;1,238685E-1;1,098333E-1;1,124166E+0;;
02/12/2021  12:05:21,727658;1,144901E+0;1,152668E-1;1,123607E-1;1,124803E+0;;
02/12/2021  12:05:21,727758;1,146090E+0;9,710776E-2;8,108345E-2;1,125445E+0;;
02/12/2021  12:05:21,727858;1,147666E+0;1,149482E-1;1,155200E-1;1,126092E+0;;
02/12/2021  12:05:21,727958;1,148903E+0;1,111253E-1;1,183634E-1;1,126743E+0;;
02/12/2021  12:05:21,728058;1,149172E+0;1,229127E-1;1,287892E-1;1,127399E+0;;
02/12/2021  12:05:21,728158;1,149905E+0;1,302401E-1;1,133085E-1;1,128059E+0;;
02/12/2021  12:05:21,728258;1,150578E+0;1,388417E-1;1,224705E-1;1,128722E+0;;
02/12/2021  12:05:21,728358;1,151732E+0;1,168597E-1;1,265777E-1;1,129388E+0;;
02/12/2021  12:05:21,728458;1,152545E+0;1,308772E-1;1,351078E-1;1,130058E+0;;
02/12/2021  12:05:21,728558;1,152110E+0;1,267357E-1;1,306848E-1;1,130731E+0;;
02/12/2021  12:05:21,728658;1,152104E+0;1,194084E-1;1,246821E-1;1,131407E+0;;
02/12/2021  12:05:21,728758;1,152167E+0;1,165411E-1;1,145722E-1;1,132085E+0;;
02/12/2021  12:05:21,728858;1,153255E+0;1,627352E-1;1,799702E-1;1,132764E+0;;
02/12/2021  12:05:21,728958;1,153001E+0;1,229127E-1;1,133085E-1;1,133445E+0;;
02/12/2021  12:05:21,729058;1,153314E+0;1,117624E-1;1,275255E-1;1,134127E+0;;
02/12/2021  12:05:21,729158;1,152816E+0;1,200455E-1;1,268936E-1;1,134809E+0;;
02/12/2021  12:05:21,729258;1,153496E+0;1,044351E-1;1,101492E-1;1,135491E+0;;
02/12/2021  12:05:21,729358;1,154280E+0;1,143111E-1;1,300529E-1;1,136170E+0;;
02/12/2021  12:05:21,729458;1,154080E+0;1,257800E-1;1,303688E-1;1,136848E+0;;
02/12/2021  12:05:21,729558;1,153675E+0;1,260985E-1;1,275255E-1;1,137523E+0;;
02/12/2021  12:05:21,729658;1,153907E+0;1,299215E-1;1,218387E-1;1,138195E+0;;
02/12/2021  12:05:21,729758;1,154041E+0;1,200455E-1;1,262617E-1;1,138862E+0;;
02/12/2021  12:05:21,729858;1,153997E+0;1,410718E-1;1,385831E-1;1,139524E+0;;
02/12/2021  12:05:21,729958;1,154476E+0;1,436204E-1;1,404787E-1;1,140180E+0;;
02/12/2021  12:05:21,730058;1,153854E+0;1,296029E-1;1,310007E-1;1,140829E+0;;
02/12/2021  12:05:21,730158;1,153666E+0;8,181592E-2;7,887192E-2;1,141470E+0;;
02/12/2021  12:05:21,730258;1,154003E+0;1,235499E-1;1,351078E-1;1,142103E+0;;
02/12/2021  12:05:21,730358;1,154056E+0;1,315144E-1;1,310007E-1;1,142726E+0;;
02/12/2021  12:05:21,730458;1,154152E+0;9,710776E-2;1,622780E-1;1,143339E+0;;
02/12/2021  12:05:21,730558;1,153639E+0;1,149482E-1;1,158360E-1;1,143941E+0;;
02/12/2021  12:05:21,730658;1,152825E+0;1,203641E-1;1,227865E-1;1,144532E+0;;
02/12/2021  12:05:21,730758;1,153100E+0;1,283286E-1;1,246821E-1;1,145109E+0;;
02/12/2021  12:05:21,730858;1,153740E+0;1,206827E-1;1,284732E-1;1,145673E+0;;
02/12/2021  12:05:21,730958;1,153645E+0;1,340630E-1;1,477451E-1;1,146223E+0;;
02/12/2021  12:05:21,731058;1,152733E+0;1,483991E-1;1,420583E-1;1,146758E+0;;
02/12/2021  12:05:21,731158;1,152635E+0;1,273729E-1;1,341600E-1;1,147277E+0;;
02/12/2021  12:05:21,731258;1,153097E+0;1,225942E-1;1,420583E-1;1,147780E+0;;
02/12/2021  12:05:21,731358;1,153153E+0;1,270543E-1;1,272095E-1;1,148266E+0;;
02/12/2021  12:05:21,731458;1,152697E+0;1,283286E-1;1,253139E-1;1,148735E+0;;
02/12/2021  12:05:21,731558;1,152936E+0;1,331073E-1;1,449017E-1;1,149187E+0;;
02/12/2021  12:05:21,731658;1,151985E+0;1,461691E-1;1,752312E-1;1,149620E+0;;
02/12/2021  12:05:21,731758;1,153153E+0;6,843556E-2;5,517702E-2;1,150035E+0;;
02/12/2021  12:05:21,731858;1,153132E+0;1,028422E-1;1,234183E-1;1,150432E+0;;
02/12/2021  12:05:21,731958;1,152697E+0;1,108067E-1;1,063580E-1;1,150809E+0;;
02/12/2021  12:05:21,732058;1,152417E+0;1,162226E-1;1,158360E-1;1,151168E+0;;
02/12/2021  12:05:21,732158;1,152462E+0;1,079395E-1;1,079377E-1;1,151508E+0;;
02/12/2021  12:05:21,732258;1,152369E+0;1,560451E-1;1,692285E-1;1,151830E+0;;
02/12/2021  12:05:21,732358;1,153165E+0;9,519628E-2;1,477451E-1;1,152132E+0;;
02/12/2021  12:05:21,732458;1,152408E+0;1,149482E-1;1,202590E-1;1,152416E+0;;
02/12/2021  12:05:21,732558;1,151487E+0;9,710776E-2;1,142563E-1;1,152681E+0;;
02/12/2021  12:05:21,732658;1,151854E+0;8,500172E-2;9,624818E-2;1,152927E+0;;
02/12/2021  12:05:21,732758;1,152021E+0;8,468314E-2;9,087734E-2;1,153156E+0;;
02/12/2021  12:05:21,732858;1,151705E+0;9,933782E-2;1,164678E-1;1,153366E+0;;
02/12/2021  12:05:21,732958;1,151475E+0;1,025236E-1;1,142563E-1;1,153559E+0;;
02/12/2021  12:05:21,733058;1,150700E+0;9,742634E-2;1,092014E-1;1,153733E+0;;
02/12/2021  12:05:21,733158;1,150602E+0;7,735580E-2;1,092014E-1;1,153891E+0;;
02/12/2021  12:05:21,733258;1,150498E+0;8,340882E-2;1,531159E-1;1,154031E+0;;
02/12/2021  12:05:21,733358;1,149833E+0;1,063466E-1;1,098333E-1;1,154154E+0;;
02/12/2021  12:05:21,733458;1,149100E+0;1,057094E-1;1,344760E-1;1,154260E+0;;
02/12/2021  12:05:21,733558;1,148009E+0;9,041758E-2;1,107811E-1;1,154349E+0;;
02/12/2021  12:05:21,733658;1,147988E+0;1,353374E-1;1,780746E-1;1,154422E+0;;
02/12/2021  12:05:21,733758;1,147479E+0;1,251428E-1;1,461654E-1;1,154477E+0;;
02/12/2021  12:05:21,733858;1,147708E+0;1,413904E-1;1,471132E-1;1,154516E+0;;
02/12/2021  12:05:21,733958;1,147035E+0;9,710776E-2;1,275255E-1;1,154538E+0;;
02/12/2021  12:05:21,734058;1,145846E+0;1,525407E-1;1,663851E-1;1,154544E+0;;
02/12/2021  12:05:21,734158;1,146343E+0;1,452133E-1;1,275255E-1;1,154533E+0;;
02/12/2021  12:05:21,734258;1,146173E+0;1,630538E-1;1,518522E-1;1,154505E+0;;
02/12/2021  12:05:21,734358;1,146451E+0;1,617795E-1;1,363715E-1;1,154461E+0;;
02/12/2021  12:05:21,734458;1,145500E+0;1,773899E-1;1,357397E-1;1,154401E+0;;
02/12/2021  12:05:21,734558;1,145336E+0;8,659462E-2;4,885838E-2;1,154326E+0;;
02/12/2021  12:05:21,734658;1,144957E+0;1,601866E-1;1,572231E-1;1,154235E+0;;
02/12/2021  12:05:21,734758;1,145431E+0;1,570008E-1;1,524841E-1;1,154130E+0;;
02/12/2021  12:05:21,734858;1,145857E+0;1,318330E-1;1,385831E-1;1,154010E+0;;
02/12/2021  12:05:21,734958;1,144266E+0;1,229127E-1;1,221546E-1;1,153876E+0;;
02/12/2021  12:05:21,735058;1,144603E+0;1,251428E-1;1,328963E-1;1,153729E+0;;
02/12/2021  12:05:21,735158;1,145586E+0;1,366117E-1;1,347919E-1;1,153569E+0;;
02/12/2021  12:05:21,735258;1,145393E+0;1,382046E-1;1,360556E-1;1,153397E+0;;
02/12/2021  12:05:21,735358;1,146027E+0;1,197269E-1;1,287892E-1;1,153214E+0;;
02/12/2021  12:05:21,735458;1,144487E+0;1,375674E-1;1,689125E-1;1,153021E+0;;
02/12/2021  12:05:21,735558;1,144928E+0;1,257800E-1;1,392149E-1;1,152818E+0;;
02/12/2021  12:05:21,735658;1,145559E+0;1,276914E-1;1,354238E-1;1,152606E+0;;
02/12/2021  12:05:21,735758;1,146164E+0;1,280100E-1;1,322644E-1;1,152386E+0;;
02/12/2021  12:05:21,735858;1,145866E+0;1,292843E-1;1,268936E-1;1,152159E+0;;
02/12/2021  12:05:21,735958;1,145011E+0;1,458505E-1;1,483770E-1;1,151927E+0;;
02/12/2021  12:05:21,736058;1,145941E+0;1,257800E-1;1,243661E-1;1,151689E+0;;
02/12/2021  12:05:21,736158;1,146129E+0;9,551486E-2;1,076217E-1;1,151448E+0;;
02/12/2021  12:05:21,736258;1,146641E+0;1,283286E-1;1,303688E-1;1,151203E+0;;
02/12/2021  12:05:21,736358;1,146784E+0;1,139925E-1;1,177316E-1;1,150956E+0;;
02/12/2021  12:05:21,736458;1,146048E+0;1,305587E-1;1,180475E-1;1,150708E+0;;
02/12/2021  12:05:21,736558;1,146498E+0;1,044351E-1;8,361090E-2;1,150460E+0;;
02/12/2021  12:05:21,736658;1,147017E+0;1,627352E-1;1,866047E-1;1,150213E+0;;
02/12/2021  12:05:21,736758;1,147553E+0;1,251428E-1;1,281573E-1;1,149968E+0;;
02/12/2021  12:05:21,736858;1,147377E+0;1,350188E-1;1,332122E-1;1,149725E+0;;
02/12/2021  12:05:21,736958;1,146504E+0;1,347002E-1;1,313166E-1;1,149486E+0;;
02/12/2021  12:05:21,737058;1,146847E+0;1,241871E-1;1,133085E-1;1,149250E+0;;
02/12/2021  12:05:21,737158;1,147032E+0;9,965640E-2;1,006712E-1;1,149020E+0;;
02/12/2021  12:05:21,737258;1,146975E+0;9,296622E-2;6,813023E-2;1,148796E+0;;
02/12/2021  12:05:21,737358;1,146862E+0;1,385232E-1;1,363715E-1;1,148577E+0;;
02/12/2021  12:05:21,737458;1,145485E+0;1,146297E-1;1,186794E-1;1,148365E+0;;
02/12/2021  12:05:21,737558;1,145875E+0;1,302401E-1;1,338441E-1;1,148160E+0;;
02/12/2021  12:05:21,737658;1,146248E+0;1,761156E-1;2,197776E-1;1,147962E+0;;
02/12/2021  12:05:21,737758;1,145384E+0;1,152668E-1;1,066739E-1;1,147771E+0;;
02/12/2021  12:05:21,737858;1,144397E+0;1,219570E-1;1,249980E-1;1,147587E+0;;
02/12/2021  12:05:21,737958;1,143294E+0;1,296029E-1;1,253139E-1;1,147410E+0;;
02/12/2021  12:05:21,738058;1,142883E+0;1,369303E-1;1,300529E-1;1,147240E+0;;
02/12/2021  12:05:21,738158;1,142639E+0;1,327887E-1;1,338441E-1;1,147076E+0;;
02/12/2021  12:05:21,738258;1,142171E+0;1,318330E-1;1,278414E-1;1,146917E+0;;
02/12/2021  12:05:21,738358;1,139503E+0;1,270543E-1;1,338441E-1;1,146764E+0;;
02/12/2021  12:05:21,738458;1,138517E+0;8,850610E-2;9,814378E-2;1,146615E+0;;
02/12/2021  12:05:21,738558;1,138279E+0;1,235499E-1;1,240502E-1;1,146469E+0;;
02/12/2021  12:05:21,738658;1,137903E+0;1,324701E-1;1,287892E-1;1,146325E+0;;
02/12/2021  12:05:21,738758;1,137358E+0;1,334259E-1;1,388990E-1;1,146181E+0;;
02/12/2021  12:05:21,738858;1,135525E+0;1,034794E-1;1,117289E-1;1,146037E+0;;
02/12/2021  12:05:21,738958;1,134577E+0;-2,267832E-2;5,207870E-4;1,145892E+0;;
02/12/2021  12:05:21,739058;1,134902E+0;1,375674E-1;1,417424E-1;1,145744E+0;;
02/12/2021  12:05:21,739158;1,135116E+0;1,331073E-1;1,291051E-1;1,145593E+0;;
02/12/2021  12:05:21,739258;1,134121E+0;1,372488E-1;1,695444E-1;1,145436E+0;;
02/12/2021  12:05:21,739358;1,133224E+0;1,260985E-1;1,268936E-1;1,145274E+0;;
02/12/2021  12:05:21,739458;1,132366E+0;1,464877E-1;1,398468E-1;1,145106E+0;;
02/12/2021  12:05:21,739558;1,132106E+0;1,200455E-1;1,167838E-1;1,144930E+0;;
02/12/2021  12:05:21,739658;1,132121E+0;1,165411E-1;1,164678E-1;1,144746E+0;;
02/12/2021  12:05:21,739758;1,131647E+0;1,353374E-1;1,423743E-1;1,144553E+0;;
02/12/2021  12:05:21,739858;1,129847E+0;1,388417E-1;1,531159E-1;1,144351E+0;;
02/12/2021  12:05:21,739958;1,129528E+0;1,458505E-1;1,436380E-1;1,144139E+0;;
02/12/2021  12:05:21,740058;1,129490E+0;1,327887E-1;1,319485E-1;1,143917E+0;;
02/12/2021  12:05:21,740158;1,129892E+0;1,187712E-1;1,278414E-1;1,143683E+0;;
02/12/2021  12:05:21,740258;1,128259E+0;1,236548E-2;5,991600E-2;1,143438E+0;;
02/12/2021  12:05:21,740358;1,126611E+0;1,350188E-1;1,433221E-1;1,143182E+0;;
02/12/2021  12:05:21,740458;1,125886E+0;1,254614E-1;1,837613E-1;1,142914E+0;;
02/12/2021  12:05:21,740558;1,125284E+0;1,305587E-1;1,278414E-1;1,142633E+0;;
02/12/2021  12:05:21,740658;1,125389E+0;1,273729E-1;1,278414E-1;1,142339E+0;;
02/12/2021  12:05:21,740758;1,124235E+0;1,184526E-1;1,183634E-1;1,142032E+0;;
02/12/2021  12:05:21,740858;1,123502E+0;1,366117E-1;1,404787E-1;1,141712E+0;;
02/12/2021  12:05:21,740958;1,123079E+0;1,178155E-1;1,158360E-1;1,141378E+0;;
02/12/2021  12:05:21,741058;1,123693E+0;1,133553E-1;1,041465E-1;1,141030E+0;;
02/12/2021  12:05:21,741158;1,123195E+0;1,210013E-1;9,593225E-2;1,140668E+0;;
02/12/2021  12:05:21,741258;1,122674E+0;1,429833E-1;1,347919E-1;1,140293E+0;;
02/12/2021  12:05:21,741358;1,122140E+0;1,257800E-1;1,202590E-1;1,139905E+0;;
02/12/2021  12:05:21,741458;1,122483E+0;1,397975E-1;1,237343E-1;1,139504E+0;;
02/12/2021  12:05:21,741558;1,123183E+0;1,302401E-1;1,183634E-1;1,139090E+0;;
02/12/2021  12:05:21,741658;1,123627E+0;1,321516E-1;1,278414E-1;1,138665E+0;;
02/12/2021  12:05:21,741758;1,123243E+0;1,165411E-1;1,205749E-1;1,138229E+0;;
02/12/2021  12:05:21,741858;1,122715E+0;1,241871E-1;1,265777E-1;1,137783E+0;;
02/12/2021  12:05:21,741958;1,123964E+0;1,117624E-1;1,259458E-1;1,137328E+0;;
02/12/2021  12:05:21,742058;1,124715E+0;1,805757E-1;2,371539E-1;1,136866E+0;;
02/12/2021  12:05:21,742158;1,124009E+0;1,477620E-1;1,262617E-1;1,136397E+0;;
02/12/2021  12:05:21,742258;1,124247E+0;1,630538E-1;1,806020E-1;1,135923E+0;;
02/12/2021  12:05:21,742358;1,123145E+0;1,178155E-1;1,208909E-1;1,135446E+0;;
02/12/2021  12:05:21,742458;1,123472E+0;1,503106E-1;1,505885E-1;1,134965E+0;;
02/12/2021  12:05:21,742558;1,124560E+0;1,340630E-1;1,407946E-1;1,134484E+0;;
02/12/2021  12:05:21,742658;1,124453E+0;1,216384E-1;1,202590E-1;1,134002E+0;;
02/12/2021  12:05:21,742758;1,123216E+0;1,254614E-1;1,300529E-1;1,133522E+0;;
02/12/2021  12:05:21,742858;1,123842E+0;1,292843E-1;1,199431E-1;1,133044E+0;;
02/12/2021  12:05:21,742958;1,124748E+0;1,353374E-1;1,259458E-1;1,132569E+0;;
02/12/2021  12:05:21,743058;1,125255E+0;1,225942E-1;1,183634E-1;1,132098E+0;;
02/12/2021  12:05:21,743158;1,125490E+0;1,238685E-1;1,240502E-1;1,131633E+0;;
02/12/2021  12:05:21,743258;1,124501E+0;1,117624E-1;1,114129E-1;1,131175E+0;;
02/12/2021  12:05:21,743358;1,124963E+0;4,071910E-2;7,697633E-2;1,130726E+0;;
02/12/2021  12:05:21,743458;1,125550E+0;1,267357E-1;1,224705E-1;1,130285E+0;;
02/12/2021  12:05:21,743558;1,125639E+0;1,260985E-1;1,215227E-1;1,129854E+0;;
02/12/2021  12:05:21,743658;1,126456E+0;1,337445E-1;1,379512E-1;1,129434E+0;;
02/12/2021  12:05:21,743758;1,125436E+0;1,286472E-1;1,262617E-1;1,129026E+0;;
02/12/2021  12:05:21,743858;1,125565E+0;1,659210E-1;1,490088E-1;1,128630E+0;;
02/12/2021  12:05:21,743958;1,126304E+0;6,047106E-2;1,129926E-1;1,128248E+0;;
02/12/2021  12:05:21,744058;1,126494E+0;1,267357E-1;1,243661E-1;1,127881E+0;;
02/12/2021  12:05:21,744158;1,126718E+0;1,219570E-1;1,325804E-1;1,127528E+0;;
02/12/2021  12:05:21,744258;1,125714E+0;1,366117E-1;1,723878E-1;1,127190E+0;;
02/12/2021  12:05:21,744358;1,125836E+0;1,417090E-1;1,297370E-1;1,126868E+0;;
02/12/2021  12:05:21,744458;1,126152E+0;1,245056E-1;1,183634E-1;1,126562E+0;;
02/12/2021  12:05:21,744558;1,127171E+0;1,289658E-1;1,246821E-1;1,126273E+0;;
02/12/2021  12:05:21,744658;1,126226E+0;1,206827E-1;1,357397E-1;1,125999E+0;;
02/12/2021  12:05:21,744758;1,125395E+0;1,353374E-1;1,341600E-1;1,125743E+0;;
02/12/2021  12:05:21,744858;1,126152E+0;1,117624E-1;1,180475E-1;1,125503E+0;;
02/12/2021  12:05:21,744958;1,126941E+0;1,162226E-1;1,129926E-1;1,125280E+0;;
02/12/2021  12:05:21,745058;1,126751E+0;1,241871E-1;1,262617E-1;1,125073E+0;;
02/12/2021  12:05:21,745158;1,126193E+0;1,232313E-1;1,167838E-1;1,124883E+0;;
02/12/2021  12:05:21,745258;1,125183E+0;9,105474E-2;8,139938E-2;1,124709E+0;;
02/12/2021  12:05:21,745358;1,126500E+0;5,664810E-2;5,328143E-2;1,124551E+0;;
02/12/2021  12:05:21,745458;1,127272E+0;9,647060E-2;1,186794E-1;1,124408E+0;;
02/12/2021  12:05:21,745558;1,127216E+0;1,092138E-1;1,272095E-1;1,124281E+0;;
02/12/2021  12:05:21,745658;1,127785E+0;1,117624E-1;1,170997E-1;1,124168E+0;;
02/12/2021  12:05:21,745758;1,126295E+0;1,098510E-1;1,183634E-1;1,124071E+0;;
02/12/2021  12:05:21,745858;1,127698E+0;9,328480E-2;8,013565E-2;1,123987E+0;;
02/12/2021  12:05:21,745958;1,128810E+0;1,088952E-1;1,101492E-1;1,123919E+0;;
02/12/2021  12:05:21,746058;1,128759E+0;9,360338E-2;1,120448E-1;1,123864E+0;;
02/12/2021  12:05:21,746158;1,128211E+0;1,088952E-1;1,202590E-1;1,123823E+0;;
02/12/2021  12:05:21,746258;1,126962E+0;7,958586E-2;1,054102E-1;1,123795E+0;;
02/12/2021  12:05:21,746358;1,127400E+0;9,455912E-2;1,082536E-1;1,123781E+0;;
02/12/2021  12:05:21,746458;1,128154E+0;1,085766E-1;1,518522E-1;1,123779E+0;;
02/12/2021  12:05:21,746558;1,128870E+0;3,052454E-2;6,117973E-2;1,123789E+0;;
02/12/2021  12:05:21,746658;1,128226E+0;1,041165E-1;1,129926E-1;1,123810E+0;;
02/12/2021  12:05:21,746758;1,127433E+0;1,060280E-1;1,088855E-1;1,123843E+0;;
02/12/2021  12:05:21,746858;1,128503E+0;8,181592E-2;1,028828E-1;1,123886E+0;;
02/12/2021  12:05:21,746958;1,129683E+0;1,149482E-1;1,395309E-1;1,123939E+0;;
02/12/2021  12:05:21,747058;1,128697E+0;1,302401E-1;1,360556E-1;1,124001E+0;;
02/12/2021  12:05:21,747158;1,128643E+0;1,254614E-1;1,328963E-1;1,124073E+0;;
02/12/2021  12:05:21,747258;1,127660E+0;8,086018E-2;1,673329E-1;1,124153E+0;;
02/12/2021  12:05:21,747358;1,128166E+0;6,970988E-2;9,340479E-2;1,124242E+0;;
02/12/2021  12:05:21,747458;1,129195E+0;1,617795E-1;1,458495E-1;1,124337E+0;;
02/12/2021  12:05:21,747558;1,129159E+0;1,789828E-1;1,603824E-1;1,124439E+0;;
02/12/2021  12:05:21,747658;1,128226E+0;1,605052E-1;1,502726E-1;1,124548E+0;;
02/12/2021  12:05:21,747758;1,127564E+0;1,665582E-1;2,046129E-1;1,124662E+0;;
02/12/2021  12:05:21,747858;1,127818E+0;1,280100E-1;1,524841E-1;1,124781E+0;;
02/12/2021  12:05:21,747958;1,128429E+0;1,353374E-1;1,379512E-1;1,124904E+0;;
02/12/2021  12:05:21,748058;1,127970E+0;1,480806E-1;2,150386E-1;1,125031E+0;;
02/12/2021  12:05:21,748158;1,126518E+0;1,296029E-1;1,294210E-1;1,125161E+0;;
02/12/2021  12:05:21,748258;1,125961E+0;1,296029E-1;1,287892E-1;1,125292E+0;;
02/12/2021  12:05:21,748358;1,126277E+0;1,178155E-1;1,044624E-1;1,125425E+0;;
02/12/2021  12:05:21,748458;1,126757E+0;1,210013E-1;1,281573E-1;1,125558E+0;;
02/12/2021  12:05:21,748558;1,126286E+0;1,547707E-1;1,354238E-1;1,125691E+0;;
02/12/2021  12:05:21,748658;1,125153E+0;1,245056E-1;1,101492E-1;1,125822E+0;;
02/12/2021  12:05:21,748758;1,125606E+0;1,178155E-1;1,170997E-1;1,125951E+0;;
02/12/2021  12:05:21,748858;1,125991E+0;1,276914E-1;1,360556E-1;1,126077E+0;;
02/12/2021  12:05:21,748958;1,126199E+0;1,194084E-1;1,268936E-1;1,126200E+0;;
02/12/2021  12:05:21,749058;1,126462E+0;1,219570E-1;1,237343E-1;1,126318E+0;;
02/12/2021  12:05:21,749158;1,125103E+0;1,305587E-1;1,430061E-1;1,126432E+0;;
02/12/2021  12:05:21,749258;1,125648E+0;7,130278E-2;1,006712E-1;1,126541E+0;;
02/12/2021  12:05:21,749358;1,125907E+0;6,429402E-2;1,069899E-1;1,126645E+0;;
02/12/2021  12:05:21,749458;1,126170E+0;1,041165E-1;1,231024E-1;1,126743E+0;;
02/12/2021  12:05:21,749558;1,125577E+0;1,248242E-1;1,240502E-1;1,126835E+0;;
02/12/2021  12:05:21,749658;1,125231E+0;9,360338E-2;9,024547E-2;1,126921E+0;;
02/12/2021  12:05:21,749758;1,125693E+0;1,200455E-1;1,297370E-1;1,127000E+0;;
02/12/2021  12:05:21,749858;1,126074E+0;1,382046E-1;1,278414E-1;1,127073E+0;;
02/12/2021  12:05:21,749958;1,126095E+0;1,773899E-1;2,172501E-1;1,127140E+0;;
02/12/2021  12:05:21,750058;1,125085E+0;1,203641E-1;1,205749E-1;1,127200E+0;;
02/12/2021  12:05:21,750158;1,124510E+0;1,085766E-1;1,139404E-1;1,127253E+0;;
02/12/2021  12:05:21,750258;1,124715E+0;7,576290E-2;1,297370E-1;1,127299E+0;;
02/12/2021  12:05:21,750358;1,124659E+0;8,723178E-2;8,487463E-2;1,127339E+0;;
02/12/2021  12:05:21,750458;1,125052E+0;1,302401E-1;1,237343E-1;1,127371E+0;;
02/12/2021  12:05:21,750558;1,124048E+0;1,251428E-1;1,196272E-1;1,127397E+0;;
02/12/2021  12:05:21,750658;1,123532E+0;1,229127E-1;1,268936E-1;1,127415E+0;;
02/12/2021  12:05:21,750758;1,123767E+0;1,184526E-1;1,246821E-1;1,127426E+0;;
02/12/2021  12:05:21,750858;1,124700E+0;1,429833E-1;1,423743E-1;1,127430E+0;;
02/12/2021  12:05:21,750958;1,124417E+0;9,232906E-2;7,666040E-2;1,127427E+0;;
02/12/2021  12:05:21,751058;1,123833E+0;1,079395E-1;1,139404E-1;1,127417E+0;;
02/12/2021  12:05:21,751158;1,123767E+0;1,203641E-1;1,268936E-1;1,127399E+0;;
02/12/2021  12:05:21,751258;1,124828E+0;1,375674E-1;1,569071E-1;1,127375E+0;;
02/12/2021  12:05:21,751358;1,125442E+0;1,264171E-1;1,426902E-1;1,127345E+0;;
02/12/2021  12:05:21,751458;1,125764E+0;1,292843E-1;1,189953E-1;1,127309E+0;;
02/12/2021  12:05:21,751558;1,125192E+0;1,327887E-1;1,341600E-1;1,127267E+0;;
02/12/2021  12:05:21,751658;1,125243E+0;1,420275E-1;1,439539E-1;1,127220E+0;;
02/12/2021  12:05:21,751758;1,126739E+0;1,184526E-1;1,237343E-1;1,127169E+0;;
02/12/2021  12:05:21,751858;1,126733E+0;1,117624E-1;1,227865E-1;1,127114E+0;;
02/12/2021  12:05:21,751958;1,126414E+0;1,299215E-1;1,249980E-1;1,127055E+0;;
02/12/2021  12:05:21,752058;1,126128E+0;1,401161E-1;1,455336E-1;1,126995E+0;;
02/12/2021  12:05:21,752158;1,125720E+0;1,722926E-1;1,534319E-1;1,126932E+0;;
02/12/2021  12:05:21,752258;1,126104E+0;1,378860E-1;1,565912E-1;1,126869E+0;;
02/12/2021  12:05:21,752358;1,126301E+0;1,174969E-1;1,202590E-1;1,126804E+0;;
02/12/2021  12:05:21,752458;1,125749E+0;1,280100E-1;1,338441E-1;1,126738E+0;;
02/12/2021  12:05:21,752558;1,125049E+0;1,296029E-1;1,287892E-1;1,126673E+0;;
02/12/2021  12:05:21,752658;1,124828E+0;1,159040E-1;1,281573E-1;1,126607E+0;;
02/12/2021  12:05:21,752758;1,125603E+0;-1,014882E-3;8,677022E-2;1,126542E+0;;
02/12/2021  12:05:21,752858;1,125788E+0;1,034794E-1;1,092014E-1;1,126477E+0;;
02/12/2021  12:05:21,752958;1,124998E+0;1,458505E-1;1,556434E-1;1,126412E+0;;
02/12/2021  12:05:21,753058;1,124700E+0;1,076209E-1;1,095173E-1;1,126348E+0;;
02/12/2021  12:05:21,753158;1,124927E+0;1,213198E-1;1,278414E-1;1,126285E+0;;
02/12/2021  12:05:21,753258;1,125255E+0;1,002936E-1;1,133085E-1;1,126222E+0;;
02/12/2021  12:05:21,753358;1,125821E+0;1,283286E-1;1,316326E-1;1,126161E+0;;
02/12/2021  12:05:21,753458;1,125407E+0;1,334259E-1;1,357397E-1;1,126100E+0;;
02/12/2021  12:05:21,753558;1,125052E+0;1,273729E-1;1,316326E-1;1,126041E+0;;
02/12/2021  12:05:21,753658;1,125147E+0;1,216384E-1;1,215227E-1;1,125983E+0;;
02/12/2021  12:05:21,753758;1,126471E+0;1,302401E-1;1,205749E-1;1,125927E+0;;
02/12/2021  12:05:21,753858;1,126193E+0;1,382046E-1;1,401627E-1;1,125872E+0;;
02/12/2021  12:05:21,753958;1,126092E+0;7,958586E-2;7,002583E-2;1,125820E+0;;
02/12/2021  12:05:21,754058;1,124995E+0;1,031608E-1;9,182514E-2;1,125769E+0;;
02/12/2021  12:05:21,754158;1,124769E+0;1,041165E-1;1,031987E-1;1,125721E+0;;
02/12/2021  12:05:21,754258;1,125386E+0;1,331073E-1;1,193112E-1;1,125674E+0;;
02/12/2021  12:05:21,754358;1,125195E+0;1,691068E-1;1,670170E-1;1,125630E+0;;
02/12/2021  12:05:21,754458;1,125079E+0;8,277166E-2;8,392683E-2;1,125588E+0;;
02/12/2021  12:05:21,754558;1,124203E+0;1,181340E-1;1,227865E-1;1,125548E+0;;
02/12/2021  12:05:21,754658;1,124739E+0;1,439390E-1;1,354238E-1;1,125510E+0;;
02/12/2021  12:05:21,754758;1,125487E+0;1,442576E-1;1,316326E-1;1,125473E+0;;
02/12/2021  12:05:21,754858;1,125442E+0;1,311958E-1;1,231024E-1;1,125439E+0;;
02/12/2021  12:05:21,754958;1,125743E+0;1,123996E-1;1,120448E-1;1,125405E+0;;
02/12/2021  12:05:21,755058;1,124730E+0;1,276914E-1;1,325804E-1;1,125374E+0;;
02/12/2021  12:05:21,755158;1,125648E+0;1,442576E-1;1,433221E-1;1,125345E+0;;
02/12/2021  12:05:21,755258;1,126608E+0;1,436204E-1;1,385831E-1;1,125317E+0;;
02/12/2021  12:05:21,755358;1,127278E+0;1,187712E-1;1,221546E-1;1,125291E+0;;
02/12/2021  12:05:21,755458;1,126393E+0;1,210013E-1;1,281573E-1;1,125268E+0;;
02/12/2021  12:05:21,755558;1,126995E+0;1,337445E-1;1,325804E-1;1,125247E+0;;
02/12/2021  12:05:21,755658;1,127862E+0;1,270543E-1;1,246821E-1;1,125229E+0;;
02/12/2021  12:05:21,755758;1,128625E+0;1,270543E-1;1,401627E-1;1,125214E+0;;
02/12/2021  12:05:21,755858;1,128634E+0;1,251428E-1;1,253139E-1;1,125203E+0;;
02/12/2021  12:05:21,755958;1,128596E+0;1,385232E-1;1,654373E-1;1,125195E+0;;
02/12/2021  12:05:21,756058;1,128849E+0;2,733874E-2;8,866581E-2;1,125192E+0;;
02/12/2021  12:05:21,756158;1,129573E+0;1,382046E-1;1,370034E-1;1,125194E+0;;
02/12/2021  12:05:21,756258;1,130604E+0;1,378860E-1;1,379512E-1;1,125201E+0;;
02/12/2021  12:05:21,756358;1,131397E+0;1,296029E-1;1,227865E-1;1,125213E+0;;
02/12/2021  12:05:21,756458;1,131427E+0;1,585937E-1;1,657532E-1;1,125231E+0;;
02/12/2021  12:05:21,756558;1,131337E+0;1,057094E-1;6,370719E-2;1,125256E+0;;
02/12/2021  12:05:21,756658;1,132234E+0;1,181340E-1;1,237343E-1;1,125289E+0;;
02/12/2021  12:05:21,756758;1,133930E+0;1,254614E-1;1,253139E-1;1,125329E+0;;
02/12/2021  12:05:21,756858;1,134434E+0;1,407532E-1;1,335282E-1;1,125377E+0;;
02/12/2021  12:05:21,756958;1,134267E+0;1,251428E-1;1,136244E-1;1,125434E+0;;
02/12/2021  12:05:21,757058;1,135268E+0;1,136739E-1;1,177316E-1;1,125501E+0;;
02/12/2021  12:05:21,757158;1,136884E+0;1,229127E-1;1,205749E-1;1,125578E+0;;
02/12/2021  12:05:21,757258;1,137378E+0;1,359745E-1;1,281573E-1;1,125666E+0;;
02/12/2021  12:05:21,757358;1,137912E+0;1,442576E-1;1,354238E-1;1,125765E+0;;
02/12/2021  12:05:21,757458;1,137826E+0;1,286472E-1;1,177316E-1;1,125877E+0;;
02/12/2021  12:05:21,757558;1,138150E+0;5,155082E-2;9,182514E-2;1,126001E+0;;
02/12/2021  12:05:21,757658;1,139530E+0;1,404346E-1;1,420583E-1;1,126139E+0;;
02/12/2021  12:05:21,757758;1,139581E+0;1,213198E-1;1,234183E-1;1,126290E+0;;
02/12/2021  12:05:21,757858;1,140016E+0;1,286472E-1;1,300529E-1;1,126455E+0;;
02/12/2021  12:05:21,757958;1,139277E+0;1,254614E-1;1,325804E-1;1,126634E+0;;
02/12/2021  12:05:21,758058;1,139810E+0;1,327887E-1;1,584868E-1;1,126827E+0;;
02/12/2021  12:05:21,758158;1,140368E+0;1,171783E-1;1,300529E-1;1,127035E+0;;
02/12/2021  12:05:21,758258;1,140204E+0;1,213198E-1;1,215227E-1;1,127256E+0;;
02/12/2021  12:05:21,758358;1,140237E+0;1,114439E-1;1,237343E-1;1,127491E+0;;
02/12/2021  12:05:21,758458;1,140031E+0;1,015679E-1;1,177316E-1;1,127740E+0;;
02/12/2021  12:05:21,758558;1,140210E+0;9,870066E-2;1,101492E-1;1,128001E+0;;
02/12/2021  12:05:21,758658;1,141602E+0;1,149482E-1;1,152041E-1;1,128275E+0;;
02/12/2021  12:05:21,758758;1,142001E+0;9,169190E-2;6,655058E-2;1,128560E+0;;
02/12/2021  12:05:21,758858;1,141491E+0;1,111253E-1;1,189953E-1;1,128857E+0;;
02/12/2021  12:05:21,758958;1,140418E+0;1,114439E-1;1,193112E-1;1,129165E+0;;
02/12/2021  12:05:21,759058;1,141068E+0;1,219570E-1;1,268936E-1;1,129483E+0;;
02/12/2021  12:05:21,759158;1,141968E+0;9,519628E-2;1,035146E-1;1,129809E+0;;
02/12/2021  12:05:21,759258;1,142177E+0;9,105474E-2;1,025668E-1;1,130145E+0;;
02/12/2021  12:05:21,759358;1,141852E+0;9,169190E-2;1,013031E-1;1,130488E+0;;
02/12/2021  12:05:21,759458;1,140755E+0;9,615202E-2;1,152041E-1;1,130838E+0;;
02/12/2021  12:05:21,759558;1,140758E+0;1,273729E-1;1,553275E-1;1,131195E+0;;
02/12/2021  12:05:21,759658;1,141158E+0;1,095324E-1;1,142563E-1;1,131556E+0;;
02/12/2021  12:05:21,759758;1,140871E+0;1,082581E-1;1,310007E-1;1,131921E+0;;
02/12/2021  12:05:21,759858;1,139831E+0;1,171783E-1;1,357397E-1;1,132289E+0;;
02/12/2021  12:05:21,759958;1,138183E+0;1,382046E-1;1,208909E-1;1,132659E+0;;
02/12/2021  12:05:21,760058;1,138687E+0;1,327887E-1;1,294210E-1;1,133030E+0;;
02/12/2021  12:05:21,760158;1,139116E+0;1,108067E-1;1,398468E-1;1,133399E+0;;
02/12/2021  12:05:21,760258;1,138913E+0;1,302401E-1;1,161519E-1;1,133765E+0;;
02/12/2021  12:05:21,760358;1,138380E+0;1,742041E-1;1,534319E-1;1,134129E+0;;
02/12/2021  12:05:21,760458;1,138329E+0;1,808943E-1;1,461654E-1;1,134487E+0;;
02/12/2021  12:05:21,760558;1,138684E+0;1,066652E-1;1,821817E-1;1,134840E+0;;
02/12/2021  12:05:21,760658;1,138952E+0;1,738855E-1;1,546956E-1;1,135185E+0;;
02/12/2021  12:05:21,760758;1,139164E+0;1,831244E-1;1,660692E-1;1,135523E+0;;
02/12/2021  12:05:21,760858;1,138672E+0;1,958676E-1;1,919756E-1;1,135852E+0;;
02/12/2021  12:05:21,760958;1,139188E+0;9,360338E-2;1,101492E-1;1,136173E+0;;
02/12/2021  12:05:21,761058;1,139906E+0;1,324701E-1;1,294210E-1;1,136483E+0;;
02/12/2021  12:05:21,761158;1,140451E+0;1,296029E-1;1,259458E-1;1,136783E+0;;
02/12/2021  12:05:21,761258;1,141116E+0;1,337445E-1;1,347919E-1;1,137073E+0;;
02/12/2021  12:05:21,761358;1,140544E+0;1,229127E-1;1,281573E-1;1,137353E+0;;
02/12/2021  12:05:21,761458;1,140633E+0;1,289658E-1;1,202590E-1;1,137622E+0;;
02/12/2021  12:05:21,761558;1,142221E+0;1,283286E-1;1,303688E-1;1,137880E+0;;
02/12/2021  12:05:21,761658;1,141745E+0;1,448948E-1;1,455336E-1;1,138128E+0;;
02/12/2021  12:05:21,761758;1,141795E+0;1,143111E-1;1,208909E-1;1,138367E+0;;
02/12/2021  12:05:21,761858;1,141292E+0;8,086018E-2;6,813023E-2;1,138595E+0;;
02/12/2021  12:05:21,761958;1,140696E+0;1,168597E-1;1,316326E-1;1,138814E+0;;
02/12/2021  12:05:21,762058;1,140752E+0;7,990444E-2;1,193112E-1;1,139023E+0;;
02/12/2021  12:05:21,762158;1,141059E+0;1,445762E-1;1,401627E-1;1,139223E+0;;
02/12/2021  12:05:21,762258;1,140478E+0;1,404346E-1;1,493248E-1;1,139414E+0;;
02/12/2021  12:05:21,762358;1,139444E+0;9,774492E-2;1,265777E-1;1,139594E+0;;
02/12/2021  12:05:21,762458;1,139804E+0;1,299215E-1;1,284732E-1;1,139766E+0;;
02/12/2021  12:05:21,762558;1,139667E+0;1,273729E-1;1,095173E-1;1,139927E+0;;
02/12/2021  12:05:21,762658;1,139760E+0;1,366117E-1;1,240502E-1;1,140079E+0;;
02/12/2021  12:05:21,762758;1,138726E+0;1,315144E-1;1,294210E-1;1,140221E+0;;
02/12/2021  12:05:21,762858;1,137873E+0;8,404598E-2;1,316326E-1;1,140353E+0;;
02/12/2021  12:05:21,762958;1,137742E+0;1,359745E-1;1,246821E-1;1,140474E+0;;
02/12/2021  12:05:21,763058;1,137730E+0;1,299215E-1;1,265777E-1;1,140586E+0;;
02/12/2021  12:05:21,763158;1,137501E+0;5,951532E-2;9,877564E-2;1,140686E+0;;
02/12/2021  12:05:21,763258;1,137015E+0;1,079395E-1;1,152041E-1;1,140776E+0;;
02/12/2021  12:05:21,763358;1,136195E+0;1,073023E-1;1,199431E-1;1,140854E+0;;
02/12/2021  12:05:21,763458;1,135721E+0;1,296029E-1;1,152041E-1;1,140921E+0;;
02/12/2021  12:05:21,763558;1,135808E+0;1,299215E-1;1,272095E-1;1,140976E+0;;
02/12/2021  12:05:21,763658;1,135549E+0;1,152668E-1;1,338441E-1;1,141020E+0;;
02/12/2021  12:05:21,763758;1,133975E+0;1,308772E-1;1,126766E-1;1,141051E+0;;
02/12/2021  12:05:21,763858;1,132467E+0;1,413904E-1;1,442698E-1;1,141070E+0;;
02/12/2021  12:05:21,763958;1,131996E+0;1,034794E-1;1,736515E-1;1,141076E+0;;
02/12/2021  12:05:21,764058;1,130971E+0;1,362931E-1;1,850251E-1;1,141069E+0;;
02/12/2021  12:05:21,764158;1,130464E+0;1,165411E-1;1,196272E-1;1,141048E+0;;
02/12/2021  12:05:21,764258;1,129153E+0;1,302401E-1;1,227865E-1;1,141012E+0;;
02/12/2021  12:05:21,764358;1,127684E+0;1,273729E-1;1,164678E-1;1,140960E+0;;
02/12/2021  12:05:21,764458;1,127505E+0;1,171783E-1;1,142563E-1;1,140893E+0;;
02/12/2021  12:05:21,764558;1,127240E+0;1,162226E-1;1,351078E-1;1,140809E+0;;
02/12/2021  12:05:21,764658;1,126643E+0;8,532030E-2;7,981972E-2;1,140708E+0;;
02/12/2021  12:05:21,764758;1,125925E+0;1,257800E-1;1,249980E-1;1,140589E+0;;
02/12/2021  12:05:21,764858;1,125472E+0;1,210013E-1;1,164678E-1;1,140452E+0;;
02/12/2021  12:05:21,764958;1,126024E+0;9,997498E-2;1,183634E-1;1,140296E+0;;
02/12/2021  12:05:21,765058;1,126849E+0;1,197269E-1;1,237343E-1;1,140123E+0;;
02/12/2021  12:05:21,765158;1,126515E+0;1,420275E-1;1,392149E-1;1,139931E+0;;
02/12/2021  12:05:21,765258;1,126226E+0;1,407532E-1;1,310007E-1;1,139721E+0;;
02/12/2021  12:05:21,765358;1,126810E+0;1,152668E-1;1,167838E-1;1,139494E+0;;
02/12/2021  12:05:21,765458;1,127985E+0;1,022050E-1;1,164678E-1;1,139251E+0;;
02/12/2021  12:05:21,765558;1,128989E+0;1,216384E-1;1,303688E-1;1,138992E+0;;
02/12/2021  12:05:21,765658;1,129221E+0;1,366117E-1;1,332122E-1;1,138719E+0;;
02/12/2021  12:05:21,765758;1,128852E+0;1,238685E-1;1,354238E-1;1,138433E+0;;
02/12/2021  12:05:21,765858;1,128992E+0;1,181340E-1;1,196272E-1;1,138135E+0;;
02/12/2021  12:05:21,765958;1,129430E+0;1,369303E-1;1,366875E-1;1,137828E+0;;
02/12/2021  12:05:21,766058;1,130357E+0;1,267357E-1;1,328963E-1;1,137512E+0;;
02/12/2021  12:05:21,766158;1,130184E+0;1,203641E-1;1,189953E-1;1,137188E+0;;
02/12/2021  12:05:21,766258;1,130044E+0;1,194084E-1;1,253139E-1;1,136860E+0;;
02/12/2021  12:05:21,766358;1,130098E+0;1,350188E-1;1,445858E-1;1,136527E+0;;
02/12/2021  12:05:21,766458;1,130604E+0;1,254614E-1;1,265777E-1;1,136192E+0;;
02/12/2021  12:05:21,766558;1,130870E+0;1,229127E-1;1,294210E-1;1,135855E+0;;
02/12/2021  12:05:21,766658;1,130348E+0;1,334259E-1;1,670170E-1;1,135518E+0;;
02/12/2021  12:05:21,766758;1,129102E+0;9,870066E-2;1,512204E-1;1,135183E+0;;
02/12/2021  12:05:21,766858;1,129397E+0;1,168597E-1;1,155200E-1;1,134851E+0;;
02/12/2021  12:05:21,766958;1,130214E+0;1,286472E-1;1,246821E-1;1,134521E+0;;
02/12/2021  12:05:21,767058;1,130163E+0;1,225942E-1;1,256299E-1;1,134196E+0;;
02/12/2021  12:05:21,767158;1,129862E+0;1,187712E-1;1,249980E-1;1,133877E+0;;
02/12/2021  12:05:21,767258;1,129043E+0;1,286472E-1;1,281573E-1;1,133563E+0;;
02/12/2021  12:05:21,767358;1,129448E+0;1,375674E-1;1,322644E-1;1,133255E+0;;
02/12/2021  12:05:21,767458;1,129391E+0;1,251428E-1;1,212068E-1;1,132955E+0;;
02/12/2021  12:05:21,767558;1,129367E+0;1,159040E-1;1,180475E-1;1,132663E+0;;
02/12/2021  12:05:21,767658;1,128849E+0;1,162226E-1;1,221546E-1;1,132378E+0;;
02/12/2021  12:05:21,767758;1,127794E+0;1,292843E-1;1,313166E-1;1,132102E+0;;
02/12/2021  12:05:21,767858;1,128008E+0;1,308772E-1;1,291051E-1;1,131835E+0;;
02/12/2021  12:05:21,767958;1,127785E+0;1,200455E-1;1,246821E-1;1,131576E+0;;
02/12/2021  12:05:21,768058;1,127526E+0;1,273729E-1;1,224705E-1;1,131326E+0;;
02/12/2021  12:05:21,768158;1,126685E+0;1,241871E-1;1,177316E-1;1,131085E+0;;
02/12/2021  12:05:21,768258;1,125723E+0;1,299215E-1;1,287892E-1;1,130851E+0;;
02/12/2021  12:05:21,768358;1,125651E+0;1,181340E-1;1,240502E-1;1,130626E+0;;
02/12/2021  12:05:21,768458;1,126152E+0;1,332122E-2;1,237343E-1;1,130409E+0;;
02/12/2021  12:05:21,768558;1,126131E+0;1,235499E-1;1,224705E-1;1,130199E+0;;
02/12/2021  12:05:21,768658;1,124972E+0;1,296029E-1;1,253139E-1;1,129995E+0;;
02/12/2021  12:05:21,768758;1,124232E+0;7,894870E-2;8,961361E-2;1,129799E+0;;
02/12/2021  12:05:21,768858;1,124986E+0;1,069837E-1;9,561632E-2;1,129608E+0;;
02/12/2021  12:05:21,768958;1,125273E+0;1,283286E-1;1,411105E-1;1,129423E+0;;
02/12/2021  12:05:21,769058;1,125118E+0;8,181592E-2;7,887192E-2;1,129243E+0;;
02/12/2021  12:05:21,769158;1,125258E+0;1,305587E-1;1,262617E-1;1,129068E+0;;
02/12/2021  12:05:21,769258;1,124462E+0;1,216384E-1;1,227865E-1;1,128898E+0;;
02/12/2021  12:05:21,769358;1,125949E+0;1,337445E-1;1,338441E-1;1,128733E+0;;
02/12/2021  12:05:21,769458;1,126351E+0;1,299215E-1;1,360556E-1;1,128571E+0;;
02/12/2021  12:05:21,769558;1,126757E+0;1,251428E-1;1,133085E-1;1,128415E+0;;
02/12/2021  12:05:21,769658;1,126611E+0;1,210013E-1;1,177316E-1;1,128263E+0;;
02/12/2021  12:05:21,769758;1,126170E+0;1,088952E-1;1,139404E-1;1,128116E+0;;
02/12/2021  12:05:21,769858;1,127079E+0;1,213198E-1;1,306848E-1;1,127974E+0;;
02/12/2021  12:05:21,769958;1,127862E+0;1,356559E-1;1,291051E-1;1,127836E+0;;
02/12/2021  12:05:21,770058;1,128104E+0;1,292843E-1;1,275255E-1;1,127705E+0;;
02/12/2021  12:05:21,770158;1,128193E+0;1,178155E-1;1,262617E-1;1,127579E+0;;
02/12/2021  12:05:21,770258;1,128524E+0;1,327887E-1;1,376353E-1;1,127459E+0;;
02/12/2021  12:05:21,770358;1,129966E+0;1,499920E-1;1,471132E-1;1,127346E+0;;
02/12/2021  12:05:21,770458;1,130557E+0;1,439390E-1;1,328963E-1;1,127240E+0;;
02/12/2021  12:05:21,770558;1,131281E+0;1,337445E-1;1,294210E-1;1,127142E+0;;
02/12/2021  12:05:21,770658;1,131251E+0;1,123996E-1;1,224705E-1;1,127051E+0;;
02/12/2021  12:05:21,770758;1,132473E+0;1,229127E-1;1,480610E-1;1,126970E+0;;
02/12/2021  12:05:21,770858;1,132959E+0;1,225942E-1;1,316326E-1;1,126899E+0;;
02/12/2021  12:05:21,770958;1,134109E+0;9,965640E-2;1,047783E-1;1,126838E+0;;
02/12/2021  12:05:21,771058;1,134380E+0;9,838208E-2;1,177316E-1;1,126788E+0;;
02/12/2021  12:05:21,771158;1,135012E+0;3,084312E-2;6,528685E-2;1,126751E+0;;
02/12/2021  12:05:21,771258;1,136019E+0;1,152668E-1;1,186794E-1;1,126726E+0;;
02/12/2021  12:05:21,771358;1,137086E+0;7,417000E-2;6,970989E-2;1,126714E+0;;
02/12/2021  12:05:21,771458;1,138022E+0;1,037979E-1;1,126766E-1;1,126717E+0;;
02/12/2021  12:05:21,771558;1,138425E+0;9,933782E-2;1,208909E-1;1,126734E+0;;
02/12/2021  12:05:21,771658;1,137411E+0;4,645354E-2;7,634447E-2;1,126768E+0;;
02/12/2021  12:05:21,771758;1,137808E+0;9,870066E-2;1,063580E-1;1,126817E+0;;
02/12/2021  12:05:21,771858;1,138752E+0;9,455912E-2;9,688005E-2;1,126884E+0;;
02/12/2021  12:05:21,771958;1,139489E+0;9,073616E-2;1,057261E-1;1,126967E+0;;
02/12/2021  12:05:21,772058;1,139542E+0;1,012493E-1;1,177316E-1;1,127067E+0;;
02/12/2021  12:05:21,772158;1,139444E+0;1,063466E-1;1,202590E-1;1,127184E+0;;
02/12/2021  12:05:21,772258;1,139495E+0;1,044351E-1;1,148882E-1;1,127318E+0;;
02/12/2021  12:05:21,772358;1,140308E+0;8,245308E-2;9,877564E-2;1,127469E+0;;
02/12/2021  12:05:21,772458;1,140672E+0;8,850610E-2;9,751191E-2;1,127637E+0;;
02/12/2021  12:05:21,772558;1,140463E+0;1,006121E-1;9,909157E-2;1,127822E+0;;
02/12/2021  12:05:21,772658;1,139897E+0;1,178155E-1;1,272095E-1;1,128023E+0;;
02/12/2021  12:05:21,772758;1,140627E+0;1,302401E-1;1,373193E-1;1,128239E+0;;
02/12/2021  12:05:21,772858;1,140779E+0;1,111253E-1;1,262617E-1;1,128471E+0;;
02/12/2021  12:05:21,772958;1,140910E+0;1,595494E-1;1,572231E-1;1,128716E+0;;
02/12/2021  12:05:21,773058;1,139742E+0;1,503106E-1;1,360556E-1;1,128976E+0;;
02/12/2021  12:05:21,773158;1,139301E+0;1,133553E-1;1,060421E-1;1,129248E+0;;
02/12/2021  12:05:21,773258;1,139840E+0;1,318330E-1;1,107811E-1;1,129533E+0;;
02/12/2021  12:05:21,773358;1,140263E+0;1,611423E-1;1,641736E-1;1,129828E+0;;
02/12/2021  12:05:21,773458;1,140159E+0;1,796200E-1;1,619620E-1;1,130132E+0;;
02/12/2021  12:05:21,773558;1,139405E+0;1,487177E-1;1,442698E-1;1,130445E+0;;
02/12/2021  12:05:21,773658;1,138919E+0;1,560451E-1;1,505885E-1;1,130766E+0;;
02/12/2021  12:05:21,773758;1,139474E+0;1,353374E-1;1,316326E-1;1,131092E+0;;
02/12/2021  12:05:21,773858;1,139927E+0;1,423461E-1;1,480610E-1;1,131424E+0;;
02/12/2021  12:05:21,773958;1,139751E+0;1,302401E-1;1,237343E-1;1,131760E+0;;
02/12/2021  12:05:21,774058;1,139411E+0;1,041165E-1;1,196272E-1;1,132098E+0;;
02/12/2021  12:05:21,774158;1,139462E+0;1,229127E-1;1,278414E-1;1,132439E+0;;
02/12/2021  12:05:21,774258;1,140430E+0;1,359745E-1;1,433221E-1;1,132780E+0;;
02/12/2021  12:05:21,774358;1,141497E+0;1,445762E-1;1,404787E-1;1,133121E+0;;
02/12/2021  12:05:21,774458;1,142275E+0;1,299215E-1;1,240502E-1;1,133461E+0;;
02/12/2021  12:05:21,774558;1,141789E+0;1,232313E-1;1,395309E-1;1,133800E+0;;
02/12/2021  12:05:21,774658;1,142585E+0;1,280100E-1;1,335282E-1;1,134137E+0;;
02/12/2021  12:05:21,774758;1,144278E+0;1,452133E-1;1,445858E-1;1,134473E+0;;
02/12/2021  12:05:21,774858;1,145223E+0;1,206827E-1;1,208909E-1;1,134806E+0;;
02/12/2021  12:05:21,774958;1,146155E+0;1,022050E-1;1,073058E-1;1,135137E+0;;
02/12/2021  12:05:21,775058;1,146620E+0;1,235499E-1;1,291051E-1;1,135467E+0;;
02/12/2021  12:05:21,775158;1,147038E+0;1,461691E-1;1,569071E-1;1,135795E+0;;
02/12/2021  12:05:21,775258;1,148403E+0;1,181340E-1;1,212068E-1;1,136122E+0;;
02/12/2021  12:05:21,775358;1,150277E+0;1,178155E-1;1,218387E-1;1,136449E+0;;
02/12/2021  12:05:21,775458;1,150379E+0;1,327887E-1;1,600664E-1;1,136775E+0;;
02/12/2021  12:05:21,775558;1,149619E+0;1,168597E-1;1,164678E-1;1,137103E+0;;
02/12/2021  12:05:21,775658;1,150873E+0;1,095324E-1;1,041465E-1;1,137431E+0;;
02/12/2021  12:05:21,775758;1,151624E+0;1,366117E-1;1,392149E-1;1,137762E+0;;
02/12/2021  12:05:21,775858;1,151717E+0;1,267357E-1;1,287892E-1;1,138095E+0;;
02/12/2021  12:05:21,775958;1,151907E+0;1,213198E-1;1,265777E-1;1,138431E+0;;
02/12/2021  12:05:21,776058;1,151362E+0;1,117624E-1;1,145722E-1;1,138769E+0;;
02/12/2021  12:05:21,776158;1,151311E+0;1,305587E-1;1,284732E-1;1,139111E+0;;
02/12/2021  12:05:21,776258;1,152045E+0;1,254614E-1;1,199431E-1;1,139456E+0;;
02/12/2021  12:05:21,776358;1,152214E+0;1,155854E-1;1,189953E-1;1,139805E+0;;
02/12/2021  12:05:21,776458;1,152056E+0;1,394789E-1;1,395309E-1;1,140156E+0;;
02/12/2021  12:05:21,776558;1,150593E+0;1,273729E-1;1,265777E-1;1,140511E+0;;
02/12/2021  12:05:21,776658;1,150373E+0;1,391603E-1;1,297370E-1;1,140867E+0;;
02/12/2021  12:05:21,776758;1,150924E+0;1,222756E-1;1,218387E-1;1,141226E+0;;
02/12/2021  12:05:21,776858;1,150909E+0;1,267357E-1;1,275255E-1;1,141586E+0;;
02/12/2021  12:05:21,776958;1,149693E+0;1,308772E-1;1,253139E-1;1,141947E+0;;
02/12/2021  12:05:21,777058;1,148900E+0;1,270543E-1;1,256299E-1;1,142308E+0;;
02/12/2021  12:05:21,777158;1,148993E+0;1,299215E-1;1,240502E-1;1,142667E+0;;
02/12/2021  12:05:21,777258;1,148683E+0;9,678918E-2;1,186794E-1;1,143024E+0;;
02/12/2021  12:05:21,777358;1,148468E+0;1,337445E-1;1,351078E-1;1,143378E+0;;
02/12/2021  12:05:21,777458;1,147440E+0;1,267357E-1;1,275255E-1;1,143728E+0;;
02/12/2021  12:05:21,777558;1,145047E+0;8,149734E-2;5,549295E-2;1,144073E+0;;
02/12/2021  12:05:21,777658;1,144561E+0;1,165411E-1;1,082536E-1;1,144411E+0;;
02/12/2021  12:05:21,777758;1,144186E+0;1,378860E-1;1,464814E-1;1,144741E+0;;
02/12/2021  12:05:21,777858;1,142838E+0;1,455319E-1;1,426902E-1;1,145061E+0;;
02/12/2021  12:05:21,777958;1,141539E+0;1,334259E-1;1,335282E-1;1,145370E+0;;
02/12/2021  12:05:21,778058;1,140168E+0;1,331073E-1;1,268936E-1;1,145665E+0;;
02/12/2021  12:05:21,778158;1,139703E+0;1,417090E-1;1,363715E-1;1,145946E+0;;
02/12/2021  12:05:21,778258;1,138964E+0;1,426647E-1;1,404787E-1;1,146211E+0;;
02/12/2021  12:05:21,778358;1,137173E+0;1,299215E-1;1,237343E-1;1,146458E+0;;
02/12/2021  12:05:21,778458;1,135948E+0;1,280100E-1;1,297370E-1;1,146684E+0;;
02/12/2021  12:05:21,778558;1,134789E+0;1,401161E-1;1,401627E-1;1,146890E+0;;
02/12/2021  12:05:21,778658;1,135209E+0;1,308772E-1;1,310007E-1;1,147072E+0;;
02/12/2021  12:05:21,778758;1,134589E+0;1,353374E-1;1,322644E-1;1,147231E+0;;
02/12/2021  12:05:21,778858;1,134005E+0;1,257800E-1;1,322644E-1;1,147363E+0;;
02/12/2021  12:05:21,778958;1,133683E+0;1,280100E-1;1,392149E-1;1,147469E+0;;
02/12/2021  12:05:21,779058;1,132845E+0;1,273729E-1;1,098333E-1;1,147548E+0;;
02/12/2021  12:05:21,779158;1,132923E+0;1,331073E-1;1,306848E-1;1,147598E+0;;
02/12/2021  12:05:21,779258;1,132804E+0;1,340630E-1;1,313166E-1;1,147620E+0;;
02/12/2021  12:05:21,779358;1,132604E+0;1,299215E-1;1,272095E-1;1,147614E+0;;
02/12/2021  12:05:21,779458;1,131841E+0;1,232313E-1;9,624818E-2;1,147578E+0;;
02/12/2021  12:05:21,779558;1,131880E+0;1,464877E-1;1,404787E-1;1,147514E+0;;
02/12/2021  12:05:21,779658;1,132306E+0;1,337445E-1;1,322644E-1;1,147421E+0;;
02/12/2021  12:05:21,779758;1,132112E+0;1,273729E-1;1,284732E-1;1,147301E+0;;
02/12/2021  12:05:21,779858;1,132273E+0;1,515849E-1;1,673329E-1;1,147153E+0;;
02/12/2021  12:05:21,779958;1,131564E+0;2,066993E-1;1,815498E-1;1,146978E+0;;
02/12/2021  12:05:21,780058;1,131108E+0;1,235499E-1;1,183634E-1;1,146778E+0;;
02/12/2021  12:05:21,780158;1,131585E+0;1,235499E-1;1,272095E-1;1,146553E+0;;
02/12/2021  12:05:21,780258;1,132115E+0;1,178155E-1;1,183634E-1;1,146304E+0;;
02/12/2021  12:05:21,780358;1,131323E+0;1,471248E-1;1,455336E-1;1,146033E+0;;
02/12/2021  12:05:21,780458;1,130563E+0;9,933782E-2;1,471132E-1;1,145741E+0;;
02/12/2021  12:05:21,780558;1,130574E+0;1,305587E-1;1,224705E-1;1,145429E+0;;
02/12/2021  12:05:21,780658;1,130551E+0;1,388417E-1;1,471132E-1;1,145097E+0;;
02/12/2021  12:05:21,780758;1,130723E+0;1,206827E-1;1,234183E-1;1,144749E+0;;
02/12/2021  12:05:21,780858;1,130282E+0;1,362931E-1;1,398468E-1;1,144384E+0;;
02/12/2021  12:05:21,780958;1,129505E+0;1,280100E-1;1,199431E-1;1,144004E+0;;
02/12/2021  12:05:21,781058;1,130315E+0;1,114439E-1;8,266311E-2;1,143610E+0;;
02/12/2021  12:05:21,781158;1,129880E+0;1,216384E-1;1,180475E-1;1,143205E+0;;
02/12/2021  12:05:21,781258;1,129561E+0;1,372488E-1;1,575390E-1;1,142788E+0;;
02/12/2021  12:05:21,781358;1,129609E+0;1,385232E-1;1,234183E-1;1,142361E+0;;
02/12/2021  12:05:21,781458;1,127994E+0;1,210013E-1;1,161519E-1;1,141926E+0;;
02/12/2021  12:05:21,781558;1,127713E+0;1,060280E-1;1,142563E-1;1,141484E+0;;
02/12/2021  12:05:21,781658;1,127496E+0;1,280100E-1;1,272095E-1;1,141035E+0;;
02/12/2021  12:05:21,781758;1,127535E+0;1,372488E-1;1,316326E-1;1,140581E+0;;
02/12/2021  12:05:21,781858;1,126676E+0;1,283286E-1;1,183634E-1;1,140122E+0;;
02/12/2021  12:05:21,781958;1,125779E+0;9,678918E-2;9,340479E-2;1,139660E+0;;
02/12/2021  12:05:21,782058;1,125457E+0;1,391603E-1;1,379512E-1;1,139194E+0;;
02/12/2021  12:05:21,782158;1,125305E+0;1,656025E-1;1,815498E-1;1,138726E+0;;
02/12/2021  12:05:21,782258;1,125430E+0;1,337445E-1;1,231024E-1;1,138256E+0;;
02/12/2021  12:05:21,782358;1,124399E+0;1,296029E-1;1,256299E-1;1,137785E+0;;
02/12/2021  12:05:21,782458;1,122936E+0;1,315144E-1;1,297370E-1;1,137314E+0;;
02/12/2021  12:05:21,782558;1,123565E+0;1,404346E-1;1,638576E-1;1,136842E+0;;
02/12/2021  12:05:21,782658;1,123404E+0;1,296029E-1;1,322644E-1;1,136370E+0;;
02/12/2021  12:05:21,782758;1,122921E+0;1,404346E-1;1,303688E-1;1,135898E+0;;
02/12/2021  12:05:21,782858;1,122593E+0;1,171783E-1;1,161519E-1;1,135428E+0;;
02/12/2021  12:05:21,782958;1,122125E+0;1,474434E-1;1,407946E-1;1,134959E+0;;
02/12/2021  12:05:21,783058;1,122730E+0;1,480806E-1;1,600664E-1;1,134491E+0;;
02/12/2021  12:05:21,783158;1,122772E+0;1,245056E-1;1,256299E-1;1,134025E+0;;
02/12/2021  12:05:21,783258;1,123127E+0;1,251428E-1;1,104651E-1;1,133562E+0;;
02/12/2021  12:05:21,783358;1,122313E+0;1,308772E-1;1,240502E-1;1,133102E+0;;
02/12/2021  12:05:21,783458;1,122265E+0;1,366117E-1;1,306848E-1;1,132646E+0;;
02/12/2021  12:05:21,783558;1,123183E+0;1,155854E-1;1,098333E-1;1,132194E+0;;
02/12/2021  12:05:21,783658;1,123019E+0;1,095324E-1;1,186794E-1;1,131747E+0;;
02/12/2021  12:05:21,783758;1,123612E+0;1,098510E-1;1,183634E-1;1,131306E+0;;
02/12/2021  12:05:21,783858;1,123139E+0;9,710776E-2;1,082536E-1;1,130870E+0;;
02/12/2021  12:05:21,783958;1,123151E+0;1,305587E-1;1,455336E-1;1,130442E+0;;
02/12/2021  12:05:21,784058;1,124885E+0;7,608148E-2;9,056141E-2;1,130021E+0;;
02/12/2021  12:05:21,784158;1,125344E+0;1,044351E-1;1,139404E-1;1,129608E+0;;
02/12/2021  12:05:21,784258;1,125636E+0;1,130368E-1;1,221546E-1;1,129205E+0;;
02/12/2021  12:05:21,784358;1,125526E+0;8,914326E-2;9,372073E-2;1,128812E+0;;
02/12/2021  12:05:21,784458;1,126462E+0;1,063466E-1;1,174156E-1;1,128430E+0;;
02/12/2021  12:05:21,784558;1,126670E+0;-3,860732E-2;1,094654E-2;1,128060E+0;;
02/12/2021  12:05:21,784658;1,127773E+0;9,583344E-2;1,164678E-1;1,127703E+0;;
02/12/2021  12:05:21,784758;1,128348E+0;1,114439E-1;1,268936E-1;1,127360E+0;;
02/12/2021  12:05:21,784858;1,129209E+0;7,480716E-2;8,392683E-2;1,127033E+0;;
02/12/2021  12:05:21,784958;1,129919E+0;8,818752E-2;9,340479E-2;1,126721E+0;;
02/12/2021  12:05:21,785058;1,131016E+0;1,682560E-2;1,221027E-2;1,126426E+0;;
02/12/2021  12:05:21,785158;1,131916E+0;1,041165E-1;1,101492E-1;1,126150E+0;;
02/12/2021  12:05:21,785258;1,132267E+0;1,031608E-1;9,877564E-2;1,125892E+0;;
02/12/2021  12:05:21,785358;1,132971E+0;1,018865E-1;1,009872E-1;1,125655E+0;;
02/12/2021  12:05:21,785458;1,133006E+0;9,806350E-2;1,060421E-1;1,125440E+0;;
02/12/2021  12:05:21,785558;1,133725E+0;7,098420E-2;7,476481E-2;1,125246E+0;;
02/12/2021  12:05:21,785658;1,134833E+0;1,159040E-1;1,287892E-1;1,125075E+0;;
02/12/2021  12:05:21,785758;1,135066E+0;1,299215E-1;1,202590E-1;1,124928E+0;;
02/12/2021  12:05:21,785858;1,135203E+0;1,299215E-1;1,284732E-1;1,124805E+0;;
02/12/2021  12:05:21,785958;1,136410E+0;1,382046E-1;1,344760E-1;1,124706E+0;;
02/12/2021  12:05:21,786058;1,137197E+0;1,605052E-1;1,502726E-1;1,124632E+0;;
02/12/2021  12:05:21,786158;1,137376E+0;1,636910E-1;1,379512E-1;1,124584E+0;;
02/12/2021  12:05:21,786258;1,137930E+0;1,783457E-1;1,553275E-1;1,124562E+0;;
02/12/2021  12:05:21,786358;1,137587E+0;1,506292E-1;1,388990E-1;1,124565E+0;;
02/12/2021  12:05:21,786458;1,137942E+0;1,812129E-1;1,654373E-1;1,124594E+0;;
02/12/2021  12:05:21,786558;1,139056E+0;1,821686E-1;2,005057E-1;1,124649E+0;;
02/12/2021  12:05:21,786658;1,140272E+0;1,566822E-1;1,556434E-1;1,124730E+0;;
02/12/2021  12:05:21,786758;1,139766E+0;1,334259E-1;1,328963E-1;1,124836E+0;;
02/12/2021  12:05:21,786858;1,139492E+0;1,331073E-1;1,338441E-1;1,124966E+0;;
02/12/2021  12:05:21,786958;1,140675E+0;1,397975E-1;1,433221E-1;1,125122E+0;;
02/12/2021  12:05:21,787058;1,140800E+0;1,120810E-1;1,139404E-1;1,125302E+0;;
02/12/2021  12:05:21,787158;1,141691E+0;1,318330E-1;1,275255E-1;1,125505E+0;;
02/12/2021  12:05:21,787258;1,140505E+0;1,219570E-1;1,395309E-1;1,125731E+0;;
02/12/2021  12:05:21,787358;1,140100E+0;1,283286E-1;1,205749E-1;1,125979E+0;;
02/12/2021  12:05:21,787458;1,140636E+0;1,203641E-1;1,325804E-1;1,126248E+0;;
02/12/2021  12:05:21,787558;1,140353E+0;1,159040E-1;1,205749E-1;1,126537E+0;;
02/12/2021  12:05:21,787658;1,141074E+0;1,251428E-1;1,297370E-1;1,126845E+0;;
02/12/2021  12:05:21,787758;1,141149E+0;1,190898E-1;1,310007E-1;1,127171E+0;;
02/12/2021  12:05:21,787858;1,140168E+0;1,216384E-1;1,619620E-1;1,127512E+0;;
02/12/2021  12:05:21,787958;1,141244E+0;1,104881E-1;1,278414E-1;1,127869E+0;;
02/12/2021  12:05:21,788058;1,141968E+0;1,165411E-1;1,218387E-1;1,128239E+0;;
02/12/2021  12:05:21,788158;1,142013E+0;1,181340E-1;1,249980E-1;1,128621E+0;;
02/12/2021  12:05:21,788258;1,141765E+0;1,216384E-1;1,123607E-1;1,129015E+0;;
02/12/2021  12:05:21,788358;1,141211E+0;1,318330E-1;1,366875E-1;1,129418E+0;;
02/12/2021  12:05:21,788458;1,141673E+0;1,171783E-1;1,196272E-1;1,129831E+0;;
02/12/2021  12:05:21,788558;1,142531E+0;1,194084E-1;1,227865E-1;1,130251E+0;;
02/12/2021  12:05:21,788658;1,142052E+0;1,397975E-1;1,306848E-1;1,130677E+0;;
02/12/2021  12:05:21,788758;1,141336E+0;5,409946E-2;9,308886E-2;1,131108E+0;;
02/12/2021  12:05:21,788858;1,142031E+0;1,187712E-1;1,208909E-1;1,131542E+0;;
02/12/2021  12:05:21,788958;1,142475E+0;9,933782E-2;1,142563E-1;1,131980E+0;;
02/12/2021  12:05:21,789058;1,142975E+0;1,260985E-1;1,310007E-1;1,132419E+0;;
02/12/2021  12:05:21,789158;1,142826E+0;1,229127E-1;1,259458E-1;1,132858E+0;;
02/12/2021  12:05:21,789258;1,141852E+0;1,778134E-2;7,444887E-2;1,133297E+0;;
02/12/2021  12:05:21,789358;1,141986E+0;1,108067E-1;1,069899E-1;1,133734E+0;;
02/12/2021  12:05:21,789458;1,141637E+0;1,225942E-1;1,439539E-1;1,134169E+0;;
02/12/2021  12:05:21,789558;1,142695E+0;1,136739E-1;1,265777E-1;1,134600E+0;;
02/12/2021  12:05:21,789658;1,142436E+0;1,327887E-1;1,310007E-1;1,135026E+0;;
02/12/2021  12:05:21,789758;1,141590E+0;1,273729E-1;1,341600E-1;1,135447E+0;;
02/12/2021  12:05:21,789858;1,141929E+0;9,041758E-2;8,961361E-2;1,135861E+0;;
02/12/2021  12:05:21,789958;1,142850E+0;1,321516E-1;1,240502E-1;1,136269E+0;;
02/12/2021  12:05:21,790058;1,143366E+0;1,350188E-1;1,129926E-1;1,136668E+0;;
02/12/2021  12:05:21,790158;1,142937E+0;1,108067E-1;1,129926E-1;1,137059E+0;;
02/12/2021  12:05:21,790258;1,141593E+0;1,194084E-1;1,231024E-1;1,137441E+0;;
02/12/2021  12:05:21,790358;1,141786E+0;1,334259E-1;1,332122E-1;1,137814E+0;;
02/12/2021  12:05:21,790458;1,141754E+0;1,404346E-1;1,300529E-1;1,138176E+0;;
02/12/2021  12:05:21,790558;1,142356E+0;1,264171E-1;1,227865E-1;1,138528E+0;;
02/12/2021  12:05:21,790658;1,141572E+0;1,123996E-1;1,193112E-1;1,138868E+0;;
02/12/2021  12:05:21,790758;1,140865E+0;9,838208E-2;1,123607E-1;1,139197E+0;;
02/12/2021  12:05:21,790858;1,140719E+0;1,286472E-1;1,133085E-1;1,139513E+0;;
02/12/2021  12:05:21,790958;1,141357E+0;1,633724E-1;1,866047E-1;1,139817E+0;;
02/12/2021  12:05:21,791058;1,141470E+0;1,248242E-1;1,057261E-1;1,140107E+0;;
02/12/2021  12:05:21,791158;1,140177E+0;1,031608E-1;1,189953E-1;1,140384E+0;;
02/12/2021  12:05:21,791258;1,138660E+0;1,334259E-1;1,373193E-1;1,140647E+0;;
02/12/2021  12:05:21,791358;1,138505E+0;1,241871E-1;1,152041E-1;1,140896E+0;;
02/12/2021  12:05:21,791458;1,138979E+0;1,159040E-1;1,262617E-1;1,141129E+0;;
02/12/2021  12:05:21,791558;1,139226E+0;1,047537E-1;1,022509E-1;1,141347E+0;;
02/12/2021  12:05:21,791658;1,138371E+0;1,146297E-1;1,221546E-1;1,141550E+0;;
02/12/2021  12:05:21,791758;1,138135E+0;1,299215E-1;1,294210E-1;1,141736E+0;;
02/12/2021  12:05:21,791858;1,138216E+0;1,499920E-1;1,654373E-1;1,141906E+0;;
02/12/2021  12:05:21,791958;1,139259E+0;1,308772E-1;1,294210E-1;1,142059E+0;;
02/12/2021  12:05:21,792058;1,139909E+0;1,369303E-1;1,373193E-1;1,142196E+0;;
02/12/2021  12:05:21,792158;1,138681E+0;1,506292E-1;1,509044E-1;1,142317E+0;;
02/12/2021  12:05:21,792258;1,137888E+0;1,656025E-1;1,572231E-1;1,142422E+0;;
02/12/2021  12:05:21,792358;1,139292E+0;1,136739E-1;1,208909E-1;1,142511E+0;;
02/12/2021  12:05:21,792458;1,140466E+0;1,292843E-1;1,221546E-1;1,142585E+0;;
02/12/2021  12:05:21,792558;1,139942E+0;1,388417E-1;1,357397E-1;1,142645E+0;;
02/12/2021  12:05:21,792658;1,139813E+0;1,315144E-1;1,287892E-1;1,142690E+0;;
02/12/2021  12:05:21,792758;1,139438E+0;1,273729E-1;1,338441E-1;1,142722E+0;;
02/12/2021  12:05:21,792858;1,139855E+0;1,270543E-1;1,515363E-1;1,142741E+0;;
02/12/2021  12:05:21,792958;1,140311E+0;1,292843E-1;1,382671E-1;1,142748E+0;;
02/12/2021  12:05:21,793058;1,140052E+0;1,229127E-1;1,347919E-1;1,142744E+0;;
02/12/2021  12:05:21,793158;1,139146E+0;1,382046E-1;1,543797E-1;1,142729E+0;;
02/12/2021  12:05:21,793258;1,138425E+0;1,241871E-1;1,249980E-1;1,142705E+0;;
02/12/2021  12:05:21,793358;1,138290E+0;8,965980E-4;3,053433E-2;1,142670E+0;;
02/12/2021  12:05:21,793458;1,138892E+0;1,407532E-1;1,379512E-1;1,142627E+0;;
02/12/2021  12:05:21,793558;1,138434E+0;1,257800E-1;1,316326E-1;1,142575E+0;;
02/12/2021  12:05:21,793658;1,137095E+0;1,267357E-1;1,360556E-1;1,142515E+0;;
02/12/2021  12:05:21,793758;1,136896E+0;1,123996E-1;1,145722E-1;1,142447E+0;;
02/12/2021  12:05:21,793858;1,136949E+0;4,740928E-2;8,108345E-2;1,142371E+0;;
02/12/2021  12:05:21,793958;1,138377E+0;1,452133E-1;1,477451E-1;1,142288E+0;;
02/12/2021  12:05:21,794058;1,137784E+0;1,187712E-1;1,069899E-1;1,142197E+0;;
02/12/2021  12:05:21,794158;1,137355E+0;1,248242E-1;1,139404E-1;1,142100E+0;;
02/12/2021  12:05:21,794258;1,136711E+0;1,334259E-1;1,231024E-1;1,141997E+0;;
02/12/2021  12:05:21,794358;1,137423E+0;3,976336E-2;7,128955E-2;1,141888E+0;;
02/12/2021  12:05:21,794458;1,138282E+0;1,302401E-1;1,379512E-1;1,141774E+0;;
02/12/2021  12:05:21,794558;1,137781E+0;1,222756E-1;1,152041E-1;1,141654E+0;;
02/12/2021  12:05:21,794658;1,137039E+0;1,331073E-1;1,332122E-1;1,141531E+0;;
02/12/2021  12:05:21,794758;1,136303E+0;1,347002E-1;1,205749E-1;1,141403E+0;;
02/12/2021  12:05:21,794858;1,136627E+0;1,429833E-1;1,316326E-1;1,141272E+0;;
02/12/2021  12:05:21,794958;1,136580E+0;1,356559E-1;1,328963E-1;1,141138E+0;;
02/12/2021  12:05:21,795058;1,135403E+0;1,139925E-1;1,177316E-1;1,141001E+0;;
02/12/2021  12:05:21,795158;1,132929E+0;1,324701E-1;1,351078E-1;1,140860E+0;;
02/12/2021  12:05:21,795258;1,132038E+0;1,356559E-1;1,360556E-1;1,140717E+0;;
02/12/2021  12:05:21,795358;1,131844E+0;1,620981E-1;1,837613E-1;1,140570E+0;;
02/12/2021  12:05:21,795458;1,131212E+0;1,117624E-1;1,212068E-1;1,140419E+0;;
02/12/2021  12:05:21,795558;1,129549E+0;1,241871E-1;1,335282E-1;1,140264E+0;;
02/12/2021  12:05:21,795658;1,128220E+0;1,404346E-1;1,316326E-1;1,140103E+0;;
02/12/2021  12:05:21,795758;1,127761E+0;1,305587E-1;1,275255E-1;1,139936E+0;;
02/12/2021  12:05:21,795858;1,127752E+0;1,251428E-1;1,332122E-1;1,139763E+0;;
02/12/2021  12:05:21,795958;1,127701E+0;1,257800E-1;1,287892E-1;1,139582E+0;;
02/12/2021  12:05:21,796058;1,125964E+0;1,493549E-1;1,622780E-1;1,139393E+0;;
02/12/2021  12:05:21,796158;1,124519E+0;1,318330E-1;1,202590E-1;1,139194E+0;;
02/12/2021  12:05:21,796258;1,124924E+0;1,053908E-1;9,087734E-2;1,138987E+0;;
02/12/2021  12:05:21,796358;1,125094E+0;1,302401E-1;1,281573E-1;1,138769E+0;;
02/12/2021  12:05:21,796458;1,125627E+0;1,439390E-1;1,404787E-1;1,138541E+0;;
02/12/2021  12:05:21,796558;1,124492E+0;1,334259E-1;1,259458E-1;1,138302E+0;;
02/12/2021  12:05:21,796658;1,124095E+0;1,241871E-1;7,697633E-2;1,138052E+0;;
02/12/2021  12:05:21,796758;1,124939E+0;1,238685E-1;1,347919E-1;1,137792E+0;;
02/12/2021  12:05:21,796858;1,126310E+0;1,130368E-1;1,205749E-1;1,137520E+0;;
02/12/2021  12:05:21,796958;1,125386E+0;1,213198E-1;1,287892E-1;1,137239E+0;;
02/12/2021  12:05:21,797058;1,124599E+0;1,057094E-1;1,041465E-1;1,136947E+0;;
02/12/2021  12:05:21,797158;1,124432E+0;1,063466E-1;1,129926E-1;1,136646E+0;;
02/12/2021  12:05:21,797258;1,124653E+0;1,047537E-1;1,123607E-1;1,136337E+0;;
02/12/2021  12:05:21,797358;1,125526E+0;1,168597E-1;1,278414E-1;1,136019E+0;;
02/12/2021  12:05:21,797458;1,125982E+0;1,315144E-1;1,505885E-1;1,135694E+0;;
02/12/2021  12:05:21,797558;1,124605E+0;1,044351E-1;1,231024E-1;1,135362E+0;;
02/12/2021  12:05:21,797658;1,124724E+0;9,328480E-2;1,038306E-1;1,135025E+0;;
02/12/2021  12:05:21,797758;1,124933E+0;1,095324E-1;1,265777E-1;1,134683E+0;;
02/12/2021  12:05:21,797858;1,125776E+0;1,092138E-1;1,199431E-1;1,134336E+0;;
02/12/2021  12:05:21,797958;1,125445E+0;1,098510E-1;1,189953E-1;1,133986E+0;;
02/12/2021  12:05:21,798058;1,123988E+0;1,073023E-1;1,237343E-1;1,133634E+0;;
02/12/2021  12:05:21,798158;1,123797E+0;9,806350E-2;1,088855E-1;1,133281E+0;;
02/12/2021  12:05:21,798258;1,124670E+0;4,008194E-2;6,339125E-2;1,132926E+0;;
02/12/2021  12:05:21,798358;1,126381E+0;1,022050E-1;1,180475E-1;1,132571E+0;;
02/12/2021  12:05:21,798458;1,126116E+0;8,946184E-2;1,047783E-1;1,132218E+0;;
02/12/2021  12:05:21,798558;1,125320E+0;1,136739E-1;1,240502E-1;1,131865E+0;;
02/12/2021  12:05:21,798658;1,125830E+0;1,190898E-1;1,284732E-1;1,131516E+0;;
02/12/2021  12:05:21,798758;1,126959E+0;1,318330E-1;1,287892E-1;1,131170E+0;;
02/12/2021  12:05:21,798858;1,127696E+0;1,483991E-1;1,856569E-1;1,130829E+0;;
02/12/2021  12:05:21,798958;1,126921E+0;1,311958E-1;1,291051E-1;1,130493E+0;;
02/12/2021  12:05:21,799058;1,126426E+0;1,474434E-1;1,379512E-1;1,130165E+0;;
02/12/2021  12:05:21,799158;1,125919E+0;1,487177E-1;1,373193E-1;1,129843E+0;;
02/12/2021  12:05:21,799258;1,126286E+0;1,582751E-1;1,316326E-1;1,129530E+0;;
02/12/2021  12:05:21,799358;1,126241E+0;1,678325E-1;1,496407E-1;1,129226E+0;;
02/12/2021  12:05:21,799458;1,125550E+0;1,821686E-1;1,562753E-1;1,128930E+0;;
02/12/2021  12:05:21,799558;1,124060E+0;1,850358E-1;1,663851E-1;1,128645E+0;;
02/12/2021  12:05:21,799658;1,123177E+0;1,585937E-1;1,471132E-1;1,128368E+0;;
02/12/2021  12:05:21,799758;1,123607E+0;1,904517E-1;2,216732E-1;1,128101E+0;;
02/12/2021  12:05:21,799858;1,123642E+0;1,302401E-1;1,196272E-1;1,127844E+0;;
02/12/2021  12:05:21,799958;1,122680E+0;1,356559E-1;1,423743E-1;1,127595E+0;;
02/12/2021  12:05:21,800058;1,121237E+0;1,362931E-1;1,328963E-1;1,127355E+0;;
02/12/2021  12:05:21,800158;1,121300E+0;4,326774E-2;5,865227E-2;1,127122E+0;;
02/12/2021  12:05:21,800258;1,121303E+0;1,216384E-1;1,363715E-1;1,126898E+0;;
02/12/2021  12:05:21,800358;1,121753E+0;1,372488E-1;1,218387E-1;1,126680E+0;;
02/12/2021  12:05:21,800458;1,120987E+0;1,397975E-1;1,957668E-1;1,126469E+0;;
02/12/2021  12:05:21,800558;1,119765E+0;1,464877E-1;1,414265E-1;1,126264E+0;;
02/12/2021  12:05:21,800658;1,119980E+0;1,241871E-1;1,284732E-1;1,126065E+0;;
02/12/2021  12:05:21,800758;1,120829E+0;1,280100E-1;1,344760E-1;1,125870E+0;;
02/12/2021  12:05:21,800858;1,120686E+0;1,458505E-1;1,032929E+1;1,125680E+0;;
02/12/2021  12:05:21,800958;1,118933E+0;1,041165E-1;1,032929E+1;1,125494E+0;;
02/12/2021  12:05:21,801058;1,117613E+0;-7,874840E-2;1,032929E+1;1,125312E+0;;
02/12/2021  12:05:21,801158;1,117691E+0;1,555128E-2;1,032929E+1;1,125132E+0;;
02/12/2021  12:05:21,801258;1,118391E+0;1,491412E-2;1,032929E+1;1,124955E+0;;
02/12/2021  12:05:21,801358;1,118102E+0;1,714418E-2;1,032929E+1;1,124780E+0;;
02/12/2021  12:05:21,801458;1,117452E+0;1,523270E-2;1,032929E+1;1,124605E+0;;
02/12/2021  12:05:21,801558;1,116501E+0;1,140974E-2;1,032929E+1;1,124432E+0;;
02/12/2021  12:05:21,801658;1,117014E+0;7,268198E-3;1,032929E+1;1,124258E+0;;
02/12/2021  12:05:21,801758;1,117613E+0;1,300264E-2;1,032929E+1;1,124084E+0;;
02/12/2021  12:05:21,801858;1,117866E+0;9,498258E-3;1,032929E+1;1,123910E+0;;
02/12/2021  12:05:21,801958;1,116791E+0;8,965980E-4;1,032929E+1;1,123735E+0;;
02/12/2021  12:05:21,802058;1,116579E+0;1,533758E-3;1,032929E+1;1,123559E+0;;
02/12/2021  12:05:21,802158;1,117324E+0;5,780180E-4;1,032929E+1;1,123382E+0;;
02/12/2021  12:05:21,802258;1,118349E+0;1,215178E-3;1,032929E+1;1,123204E+0;;
02/12/2021  12:05:21,802358;1,118424E+0;1,215178E-3;1,032929E+1;1,123025E+0;;
02/12/2021  12:05:21,802458;1,117196E+0;8,965980E-4;1,032929E+1;1,122845E+0;;
02/12/2021  12:05:21,802558;1,117214E+0;8,965980E-4;1,032929E+1;1,122665E+0;;
02/12/2021  12:05:21,802658;1,117628E+0;1,533758E-3;1,032929E+1;1,122484E+0;;
02/12/2021  12:05:21,802758;1,117965E+0;1,533758E-3;1,032929E+1;1,122304E+0;;
02/12/2021  12:05:21,802858;1,116859E+0;1,533758E-3;1,032929E+1;1,122123E+0;;
02/12/2021  12:05:21,802958;1,116487E+0;1,533758E-3;1,032929E+1;1,121943E+0;;
02/12/2021  12:05:21,803058;1,116218E+0;1,852338E-3;1,032929E+1;1,121764E+0;;
02/12/2021  12:05:21,803158;1,115664E+0;9,498258E-3;1,032929E+1;1,121584E+0;;
02/12/2021  12:05:21,803258;1,116403E+0;2,808078E-3;1,032929E+1;1,121405E+0;;
02/12/2021  12:05:21,803358;1,115595E+0;2,808078E-3;1,032929E+1;1,121227E+0;;
02/12/2021  12:05:21,803458;1,114862E+0;7,586778E-3;1,032929E+1;1,121049E+0;;
02/12/2021  12:05:21,803558;1,115539E+0;1,459554E-2;1,032929E+1;1,120871E+0;;
02/12/2021  12:05:21,803658;1,117408E+0;1,459554E-2;1,032929E+1;1,120693E+0;;
02/12/2021  12:05:21,803758;1,117887E+0;1,204690E-2;1,032929E+1;1,120516E+0;;
02/12/2021  12:05:21,803858;1,117989E+0;1,140974E-2;1,032929E+1;1,120340E+0;;
02/12/2021  12:05:21,803958;1,117798E+0;1,650702E-2;1,032929E+1;1,120166E+0;;
02/12/2021  12:05:21,804058;1,118796E+0;1,555128E-2;1,032929E+1;1,119994E+0;;
02/12/2021  12:05:21,804158;1,119816E+0;1,332122E-2;1,032929E+1;1,119825E+0;;
02/12/2021  12:05:21,804258;1,120456E+0;8,861098E-3;1,032929E+1;1,119659E+0;;
02/12/2021  12:05:21,804358;1,120358E+0;1,555128E-2;1,032929E+1;1,119498E+0;;
02/12/2021  12:05:21,804458;1,119518E+0;1,746276E-2;1,032929E+1;1,119343E+0;;
02/12/2021  12:05:21,804558;1,120972E+0;1,332122E-2;1,032929E+1;1,119193E+0;;
02/12/2021  12:05:21,804658;1,121914E+0;1,204690E-2;1,032929E+1;1,119050E+0;;
02/12/2021  12:05:21,804758;1,122033E+0;1,618844E-2;1,032929E+1;1,118914E+0;;
02/12/2021  12:05:21,804858;1,121008E+0;1,746276E-2;1,032929E+1;1,118787E+0;;
02/12/2021  12:05:21,804958;1,120182E+0;1,395838E-2;1,032929E+1;1,118669E+0;;
02/12/2021  12:05:21,805058;1,121252E+0;9,816838E-3;1,032929E+1;1,118559E+0;;
02/12/2021  12:05:21,805158;1,121705E+0;1,236548E-2;1,032929E+1;1,118459E+0;;
02/12/2021  12:05:21,805258;1,122554E+0;1,459554E-2;1,032929E+1;1,118369E+0;;
02/12/2021  12:05:21,805358;1,122349E+0;1,363980E-2;1,032929E+1;1,118289E+0;;
02/12/2021  12:05:21,805458;1,122090E+0;1,204690E-2;1,032929E+1;1,118219E+0;;
02/12/2021  12:05:21,805558;1,122858E+0;1,395838E-2;1,032929E+1;1,118160E+0;;
02/12/2021  12:05:21,805658;1,124831E+0;1,395838E-2;1,032929E+1;1,118112E+0;;
02/12/2021  12:05:21,805758;1,125043E+0;1,332122E-2;1,032929E+1;1,118075E+0;;
02/12/2021  12:05:21,805858;1,124420E+0;1,650702E-2;1,032929E+1;1,118049E+0;;
02/12/2021  12:05:21,805958;1,124623E+0;1,300264E-2;1,032929E+1;1,118036E+0;;
02/12/2021  12:05:21,806058;1,125362E+0;1,332122E-2;1,032929E+1;1,118035E+0;;
02/12/2021  12:05:21,806158;1,126429E+0;1,523270E-2;1,032929E+1;1,118047E+0;;
02/12/2021  12:05:21,806258;1,127198E+0;1,618844E-2;1,032929E+1;1,118072E+0;;
02/12/2021  12:05:21,806358;1,127010E+0;1,523270E-2;1,032929E+1;1,118109E+0;;
02/12/2021  12:05:21,806458;1,126998E+0;1,714418E-2;1,032929E+1;1,118160E+0;;
02/12/2021  12:05:21,806558;1,129069E+0;9,816838E-3;1,032929E+1;1,118225E+0;;
02/12/2021  12:05:21,806658;1,129466E+0;1,300264E-2;1,032929E+1;1,118303E+0;;
02/12/2021  12:05:21,806758;1,129549E+0;1,491412E-2;1,032929E+1;1,118395E+0;;
02/12/2021  12:05:21,806858;1,129180E+0;1,523270E-2;1,032929E+1;1,118502E+0;;
02/12/2021  12:05:21,806958;1,129621E+0;1,523270E-2;1,032929E+1;1,118623E+0;;
02/12/2021  12:05:21,807058;1,130375E+0;1,523270E-2;1,032929E+1;1,118758E+0;;
02/12/2021  12:05:21,807158;1,131543E+0;1,682560E-2;1,032929E+1;1,118908E+0;;
02/12/2021  12:05:21,807258;1,130652E+0;1,268406E-2;1,032929E+1;1,119072E+0;;
02/12/2021  12:05:21,807358;1,130008E+0;1,363980E-2;1,032929E+1;1,119250E+0;;
02/12/2021  12:05:21,807458;1,129969E+0;1,459554E-2;1,032929E+1;1,119441E+0;;
02/12/2021  12:05:21,807558;1,130598E+0;1,491412E-2;1,032929E+1;1,119647E+0;;
02/12/2021  12:05:21,807658;1,132214E+0;1,555128E-2;1,032929E+1;1,119864E+0;;
02/12/2021  12:05:21,807758;1,131653E+0;1,555128E-2;1,032929E+1;1,120094E+0;;
02/12/2021  12:05:21,807858;1,130646E+0;1,650702E-2;1,032929E+1;1,120336E+0;;
02/12/2021  12:05:21,807958;1,131734E+0;1,523270E-2;1,032929E+1;1,120589E+0;;
02/12/2021  12:05:21,808058;1,133260E+0;1,268406E-2;1,032929E+1;1,120853E+0;;
02/12/2021  12:05:21,808158;1,134312E+0;1,395838E-2;1,032929E+1;1,121127E+0;;
02/12/2021  12:05:21,808258;1,134833E+0;1,363980E-2;1,032929E+1;1,121411E+0;;
02/12/2021  12:05:21,808358;1,135608E+0;1,491412E-2;1,032929E+1;1,121704E+0;;
02/12/2021  12:05:21,808458;1,136672E+0;1,395838E-2;1,032929E+1;1,122007E+0;;
02/12/2021  12:05:21,808558;1,138776E+0;1,523270E-2;1,032929E+1;1,122320E+0;;
02/12/2021  12:05:21,808658;1,139921E+0;1,841850E-2;1,032929E+1;1,122642E+0;;
02/12/2021  12:05:21,808758;1,139825E+0;1,714418E-2;1,032929E+1;1,122975E+0;;
02/12/2021  12:05:21,808858;1,139766E+0;1,586986E-2;1,032929E+1;1,123317E+0;;
02/12/2021  12:05:21,808958;1,140305E+0;1,618844E-2;1,032929E+1;1,123671E+0;;
02/12/2021  12:05:21,809058;1,140907E+0;1,459554E-2;1,032929E+1;1,124034E+0;;
02/12/2021  12:05:21,809158;1,141226E+0;1,555128E-2;1,032929E+1;1,124409E+0;;
02/12/2021  12:05:21,809258;1,140421E+0;1,650702E-2;1,032929E+1;1,124793E+0;;
02/12/2021  12:05:21,809358;1,139858E+0;1,746276E-2;1,032929E+1;1,125188E+0;;
02/12/2021  12:05:21,809458;1,139417E+0;1,363980E-2;1,032929E+1;1,125592E+0;;
02/12/2021  12:05:21,809558;1,140675E+0;1,363980E-2;1,032929E+1;1,126005E+0;;
02/12/2021  12:05:21,809658;1,140472E+0;7,735580E-2;1,032929E+1;1,126425E+0;;
02/12/2021  12:05:21,809758;1,139176E+0;4,199342E-2;1,032929E+1;1,126853E+0;;
02/12/2021  12:05:21,809858;1,138574E+0;1,013542E-2;1,032929E+1;1,127287E+0;;
02/12/2021  12:05:21,809958;1,139170E+0;1,395838E-2;1,032929E+1;1,127726E+0;;
02/12/2021  12:05:21,810058;1,140144E+0;1,586986E-2;1,032929E+1;1,128169E+0;;
02/12/2021  12:05:21,810158;1,139679E+0;9,583344E-2;1,032929E+1;1,128615E+0;;
02/12/2021  12:05:21,810258;1,139521E+0;1,012493E-1;1,032929E+1;1,129063E+0;;
02/12/2021  12:05:21,810358;1,138845E+0;1,459554E-2;1,032929E+1;1,129512E+0;;
02/12/2021  12:05:21,810458;1,139754E+0;1,714418E-2;1,032929E+1;1,129960E+0;;
02/12/2021  12:05:21,810558;1,139974E+0;1,332122E-2;1,032929E+1;1,130407E+0;;
02/12/2021  12:05:21,810658;1,139605E+0;1,236548E-2;1,032929E+1;1,130852E+0;;
02/12/2021  12:05:21,810758;1,138410E+0;4,772786E-2;1,032929E+1;1,131293E+0;;
02/12/2021  12:05:21,810858;1,138034E+0;1,332122E-2;1,032929E+1;1,131731E+0;;
02/12/2021  12:05:21,810958;1,138338E+0;1,136739E-1;1,032929E+1;1,132163E+0;;
02/12/2021  12:05:21,811058;1,138466E+0;1,423461E-1;1,032929E+1;1,132588E+0;;
02/12/2021  12:05:21,811158;1,138735E+0;1,140974E-2;1,032929E+1;1,133006E+0;;
02/12/2021  12:05:21,811258;1,137173E+0;1,395838E-2;1,032929E+1;1,133416E+0;;
02/12/2021  12:05:21,811358;1,137608E+0;1,363980E-2;1,032929E+1;1,133816E+0;;
02/12/2021  12:05:21,811458;1,138502E+0;9,179678E-3;1,032929E+1;1,134206E+0;;
02/12/2021  12:05:21,811558;1,139047E+0;1,204690E-2;1,032929E+1;1,134585E+0;;
02/12/2021  12:05:21,811658;1,138997E+0;1,268406E-2;1,032929E+1;1,134953E+0;;
02/12/2021  12:05:21,811758;1,138514E+0;1,459554E-2;1,032929E+1;1,135309E+0;;
02/12/2021  12:05:21,811858;1,138717E+0;1,172832E-2;1,032929E+1;1,135652E+0;;
02/12/2021  12:05:21,811958;1,139518E+0;1,682560E-2;1,032929E+1;1,135983E+0;;
02/12/2021  12:05:21,812058;1,140141E+0;1,395838E-2;1,032929E+1;1,136301E+0;;
02/12/2021  12:05:21,812158;1,139620E+0;1,778134E-2;1,032929E+1;1,136606E+0;;
02/12/2021  12:05:21,812258;1,138296E+0;1,650702E-2;1,032929E+1;1,136899E+0;;
02/12/2021  12:05:21,812358;1,138431E+0;1,586986E-2;1,032929E+1;1,137178E+0;;
02/12/2021  12:05:21,812458;1,139152E+0;1,746276E-2;1,032929E+1;1,137444E+0;;
02/12/2021  12:05:21,812558;1,139459E+0;1,172832E-2;1,032929E+1;1,137697E+0;;
02/12/2021  12:05:21,812658;1,138580E+0;1,714418E-2;1,032929E+1;1,137937E+0;;
02/12/2021  12:05:21,812758;1,137581E+0;1,300264E-2;1,032929E+1;1,138164E+0;;
02/12/2021  12:05:21,812858;1,137814E+0;1,491412E-2;1,032929E+1;1,138378E+0;;
02/12/2021  12:05:21,812958;1,138526E+0;1,300264E-2;1,032929E+1;1,138578E+0;;
02/12/2021  12:05:21,813058;1,138729E+0;9,816838E-3;1,032929E+1;1,138765E+0;;
02/12/2021  12:05:21,813158;1,138004E+0;1,746276E-2;1,032929E+1;1,138938E+0;;
02/12/2021  12:05:21,813258;1,137283E+0;2,797590E-2;1,032929E+1;1,139099E+0;;
02/12/2021  12:05:21,813358;1,137304E+0;7,268198E-3;1,032929E+1;1,139247E+0;;
02/12/2021  12:05:21,813458;1,137680E+0;1,395838E-2;1,032929E+1;1,139381E+0;;
02/12/2021  12:05:21,813558;1,137626E+0;1,714418E-2;1,032929E+1;1,139503E+0;;
02/12/2021  12:05:21,813658;1,136201E+0;1,300264E-2;1,032929E+1;1,139612E+0;;
02/12/2021  12:05:21,813758;1,134976E+0;7,268198E-3;1,032929E+1;1,139708E+0;;
02/12/2021  12:05:21,813858;1,134902E+0;9,498258E-3;1,032929E+1;1,139792E+0;;
02/12/2021  12:05:21,813958;1,135096E+0;1,204690E-2;1,032929E+1;1,139862E+0;;
02/12/2021  12:05:21,814058;1,134666E+0;1,618844E-2;1,032929E+1;1,139920E+0;;
02/12/2021  12:05:21,814158;1,132804E+0;1,491412E-2;1,032929E+1;1,139964E+0;;
02/12/2021  12:05:21,814258;1,131746E+0;6,949618E-3;1,032929E+1;1,139995E+0;;
02/12/2021  12:05:21,814358;1,131957E+0;1,172832E-2;1,032929E+1;1,140012E+0;;
02/12/2021  12:05:21,814458;1,131972E+0;1,395838E-2;1,032929E+1;1,140015E+0;;
02/12/2021  12:05:21,814558;1,131156E+0;1,077258E-2;1,032929E+1;1,140003E+0;;
02/12/2021  12:05:21,814658;1,129847E+0;1,491412E-2;1,032929E+1;1,139977E+0;;
02/12/2021  12:05:21,814758;1,128861E+0;1,268406E-2;1,032929E+1;1,139935E+0;;
02/12/2021  12:05:21,814858;1,129356E+0;1,491412E-2;1,032929E+1;1,139879E+0;;
02/12/2021  12:05:21,814958;1,128935E+0;1,714418E-2;1,032929E+1;1,139807E+0;;
02/12/2021  12:05:21,815058;1,128873E+0;1,045400E-2;1,032929E+1;1,139719E+0;;
02/12/2021  12:05:21,815158;1,127943E+0;1,077258E-2;1,032929E+1;1,139615E+0;;
02/12/2021  12:05:21,815258;1,127347E+0;1,491412E-2;1,032929E+1;1,139496E+0;;
02/12/2021  12:05:21,815358;1,127541E+0;1,045400E-2;1,032929E+1;1,139360E+0;;
02/12/2021  12:05:21,815458;1,127290E+0;1,332122E-2;1,032929E+1;1,139210E+0;;
02/12/2021  12:05:21,815558;1,127341E+0;1,523270E-2;1,032929E+1;1,139043E+0;;
02/12/2021  12:05:21,815658;1,125994E+0;1,586986E-2;1,032929E+1;1,138862E+0;;
02/12/2021  12:05:21,815758;1,126399E+0;1,300264E-2;1,032929E+1;1,138665E+0;;
02/12/2021  12:05:21,815858;1,126921E+0;4,400978E-3;1,032929E+1;1,138454E+0;;
02/12/2021  12:05:21,815958;1,127517E+0;1,395838E-2;1,032929E+1;1,138229E+0;;
02/12/2021  12:05:21,816058;1,127248E+0;9,498258E-3;1,032929E+1;1,137991E+0;;
02/12/2021  12:05:21,816158;1,126331E+0;1,204690E-2;1,032929E+1;1,137740E+0;;
02/12/2021  12:05:21,816258;1,126399E+0;1,204690E-2;1,032929E+1;1,137477E+0;;
02/12/2021  12:05:21,816358;1,127177E+0;1,650702E-2;1,032929E+1;1,137204E+0;;
02/12/2021  12:05:21,816458;1,127499E+0;1,650702E-2;1,032929E+1;1,136920E+0;;
02/12/2021  12:05:21,816558;1,126989E+0;1,714418E-2;1,032929E+1;1,136627E+0;;
02/12/2021  12:05:21,816658;1,125663E+0;1,650702E-2;1,032929E+1;1,136326E+0;;
02/12/2021  12:05:21,816758;1,125165E+0;1,650702E-2;1,032929E+1;1,136017E+0;;
02/12/2021  12:05:21,816858;1,125508E+0;1,363980E-2;1,032929E+1;1,135702E+0;;
02/12/2021  12:05:21,816958;1,124980E+0;1,682560E-2;1,032929E+1;1,135381E+0;;
02/12/2021  12:05:21,817058;1,124191E+0;1,778134E-2;1,032929E+1;1,135055E+0;;
02/12/2021  12:05:21,817158;1,122832E+0;1,586986E-2;1,032929E+1;1,134724E+0;;
02/12/2021  12:05:21,817258;1,122352E+0;1,555128E-2;1,032929E+1;1,134388E+0;;
02/12/2021  12:05:21,817358;1,122802E+0;1,586986E-2;1,032929E+1;1,134049E+0;;
02/12/2021  12:05:21,817458;1,122736E+0;1,618844E-2;1,032929E+1;1,133705E+0;;
02/12/2021  12:05:21,817558;1,122027E+0;1,555128E-2;1,032929E+1;1,133359E+0;;
02/12/2021  12:05:21,817658;1,120382E+0;1,746276E-2;1,032929E+1;1,133009E+0;;
02/12/2021  12:05:21,817758;1,120990E+0;1,746276E-2;1,032929E+1;1,132656E+0;;
02/12/2021  12:05:21,817858;1,121809E+0;1,491412E-2;1,032929E+1;1,132300E+0;;
02/12/2021  12:05:21,817958;1,121508E+0;1,650702E-2;1,032929E+1;1,131942E+0;;
02/12/2021  12:05:21,818058;1,121565E+0;1,841850E-2;1,032929E+1;1,131583E+0;;
02/12/2021  12:05:21,818158;1,121145E+0;1,586986E-2;1,032929E+1;1,131221E+0;;
02/12/2021  12:05:21,818258;1,121449E+0;1,714418E-2;1,032929E+1;1,130859E+0;;
02/12/2021  12:05:21,818358;1,122498E+0;1,682560E-2;1,032929E+1;1,130497E+0;;
02/12/2021  12:05:21,818458;1,122954E+0;1,809992E-2;1,032929E+1;1,130135E+0;;
02/12/2021  12:05:21,818558;1,121595E+0;1,236548E-2;1,032929E+1;1,129774E+0;;
02/12/2021  12:05:21,818658;1,121538E+0;1,714418E-2;1,032929E+1;1,129416E+0;;
02/12/2021  12:05:21,818758;1,121690E+0;1,618844E-2;1,032929E+1;1,129059E+0;;
02/12/2021  12:05:21,818858;1,121958E+0;1,618844E-2;1,032929E+1;1,128706E+0;;
02/12/2021  12:05:21,818958;1,121893E+0;1,427696E-2;1,032929E+1;1,128357E+0;;
02/12/2021  12:05:21,819058;1,120942E+0;1,555128E-2;1,032929E+1;1,128011E+0;;
02/12/2021  12:05:21,819158;1,120936E+0;1,841850E-2;1,032929E+1;1,127671E+0;;
02/12/2021  12:05:21,819258;1,121586E+0;1,523270E-2;1,032929E+1;1,127336E+0;;
02/12/2021  12:05:21,819358;1,122441E+0;1,714418E-2;1,032929E+1;1,127006E+0;;
02/12/2021  12:05:21,819458;1,122549E+0;1,618844E-2;1,032929E+1;1,126683E+0;;
02/12/2021  12:05:21,819558;1,122155E+0;1,650702E-2;1,032929E+1;1,126366E+0;;
02/12/2021  12:05:21,819658;1,121634E+0;1,459554E-2;1,032929E+1;1,126056E+0;;
02/12/2021  12:05:21,819758;1,122543E+0;1,459554E-2;1,032929E+1;1,125755E+0;;
02/12/2021  12:05:21,819858;1,123568E+0;6,312458E-3;1,032929E+1;1,125462E+0;;
02/12/2021  12:05:21,819958;1,123592E+0;1,852338E-3;1,032929E+1;1,125177E+0;;
02/12/2021  12:05:21,820058;1,123031E+0;9,816838E-3;1,032929E+1;1,124902E+0;;
02/12/2021  12:05:21,820158;1,124432E+0;1,109116E-2;1,032929E+1;1,124638E+0;;
02/12/2021  12:05:21,820258;1,124733E+0;4,082398E-3;1,032929E+1;1,124383E+0;;
02/12/2021  12:05:21,820358;1,125836E+0;8,965980E-4;1,032929E+1;1,124140E+0;;
02/12/2021  12:05:21,820458;1,125988E+0;1,215178E-3;1,032929E+1;1,123909E+0;;
02/12/2021  12:05:21,820558;1,125079E+0;4,400978E-3;1,032929E+1;1,123691E+0;;
02/12/2021  12:05:21,820658;1,125296E+0;4,400978E-3;1,032929E+1;1,123485E+0;;
02/12/2021  12:05:21,820758;1,126316E+0;5,780180E-4;1,032929E+1;1,123293E+0;;
02/12/2021  12:05:21,820858;1,126989E+0;5,356718E-3;1,032929E+1;1,123116E+0;;
02/12/2021  12:05:21,820958;1,126593E+0;1,852338E-3;1,032929E+1;1,122952E+0;;
02/12/2021  12:05:21,821058;1,125943E+0;1,852338E-3;1,032929E+1;1,122804E+0;;
02/12/2021  12:05:21,821158;1,126718E+0;1,215178E-3;1,032929E+1;1,122670E+0;;
02/12/2021  12:05:21,821258;1,126894E+0;1,852338E-3;1,032929E+1;1,122551E+0;;
02/12/2021  12:05:21,821358;1,128107E+0;8,965980E-4;1,032929E+1;1,122448E+0;;
02/12/2021  12:05:21,821458;1,128038E+0;1,215178E-3;1,032929E+1;1,122359E+0;;
02/12/2021  12:05:21,821558;1,127061E+0;1,215178E-3;1,032929E+1;1,122286E+0;;
02/12/2021  12:05:21,821658;1,127853E+0;1,215178E-3;1,032929E+1;1,122229E+0;;
02/12/2021  12:05:21,821758;1,128885E+0;8,965980E-4;1,032929E+1;1,122186E+0;;
02/12/2021  12:05:21,821858;1,129630E+0;5,780180E-4;1,032929E+1;1,122159E+0;;
02/12/2021  12:05:21,821958;1,129561E+0;1,533758E-3;1,032929E+1;1,122147E+0;;
02/12/2021  12:05:21,822058;1,129487E+0;1,533758E-3;1,032929E+1;1,122150E+0;;
02/12/2021  12:05:21,822158;1,130333E+0;8,965980E-4;1,032929E+1;1,122169E+0;;
02/12/2021  12:05:21,822258;1,131734E+0;1,533758E-3;1,032929E+1;1,122202E+0;;
02/12/2021  12:05:21,822358;1,132536E+0;1,533758E-3;1,032929E+1;1,122251E+0;;
02/12/2021  12:05:21,822458;1,131978E+0;1,852338E-3;1,032929E+1;1,122314E+0;;
02/12/2021  12:05:21,822558;1,131781E+0;1,852338E-3;1,032929E+1;1,122393E+0;;
02/12/2021  12:05:21,822658;1,133254E+0;2,489498E-3;1,032929E+1;1,122487E+0;;
02/12/2021  12:05:21,822758;1,134112E+0;1,215178E-3;1,032929E+1;1,122597E+0;;
02/12/2021  12:05:21,822858;1,134497E+0;1,215178E-3;1,032929E+1;1,122721E+0;;
02/12/2021  12:05:21,822958;1,134812E+0;8,965980E-4;1,032929E+1;1,122860E+0;;
02/12/2021  12:05:21,823058;1,134643E+0;5,038138E-3;1,032929E+1;1,123014E+0;;
02/12/2021  12:05:21,823158;1,135912E+0;6,949618E-3;1,032929E+1;1,123183E+0;;
02/12/2021  12:05:21,823258;1,136139E+0;3,445238E-3;1,032929E+1;1,123367E+0;;
02/12/2021  12:05:21,823358;1,137089E+0;2,170918E-3;1,032929E+1;1,123565E+0;;
02/12/2021  12:05:21,823458;1,136782E+0;8,223938E-3;1,032929E+1;1,123777E+0;;
02/12/2021  12:05:21,823558;1,136201E+0;9,498258E-3;1,032929E+1;1,124004E+0;;
02/12/2021  12:05:21,823658;1,137343E+0;1,109116E-2;1,032929E+1;1,124244E+0;;
02/12/2021  12:05:21,823758;1,137650E+0;8,861098E-3;1,032929E+1;1,124498E+0;;
02/12/2021  12:05:21,823858;1,137307E+0;1,172832E-2;1,032929E+1;1,124765E+0;;
02/12/2021  12:05:21,823958;1,137051E+0;1,459554E-2;1,032929E+1;1,125044E+0;;
02/12/2021  12:05:21,824058;1,137352E+0;6,631038E-3;1,032929E+1;1,125335E+0;;
02/12/2021  12:05:21,824158;1,138371E+0;3,126658E-3;1,032929E+1;1,125637E+0;;
02/12/2021  12:05:21,824258;1,138392E+0;1,204690E-2;1,032929E+1;1,125949E+0;;
02/12/2021  12:05:21,824358;1,137983E+0;1,268406E-2;1,032929E+1;1,126271E+0;;
02/12/2021  12:05:21,824458;1,137054E+0;1,109116E-2;1,032929E+1;1,126602E+0;;
02/12/2021  12:05:21,824558;1,137116E+0;1,268406E-2;1,032929E+1;1,126942E+0;;
02/12/2021  12:05:21,824658;1,137414E+0;1,236548E-2;1,032929E+1;1,127288E+0;;
02/12/2021  12:05:21,824758;1,137411E+0;1,523270E-2;1,032929E+1;1,127640E+0;;
02/12/2021  12:05:21,824858;1,137662E+0;1,268406E-2;1,032929E+1;1,127997E+0;;
02/12/2021  12:05:21,824958;1,136842E+0;1,395838E-2;1,032929E+1;1,128358E+0;;
02/12/2021  12:05:21,825058;1,137727E+0;1,618844E-2;1,032929E+1;1,128722E+0;;
02/12/2021  12:05:21,825158;1,138714E+0;1,459554E-2;1,032929E+1;1,129088E+0;;
02/12/2021  12:05:21,825258;1,139420E+0;1,236548E-2;1,032929E+1;1,129455E+0;;
02/12/2021  12:05:21,825358;1,138991E+0;1,363980E-2;1,032929E+1;1,129823E+0;;
02/12/2021  12:05:21,825458;1,139462E+0;1,714418E-2;1,032929E+1;1,130191E+0;;
02/12/2021  12:05:21,825558;1,139730E+0;1,586986E-2;1,032929E+1;1,130558E+0;;
02/12/2021  12:05:21,825658;1,141023E+0;1,172832E-2;1,032929E+1;1,130924E+0;;
02/12/2021  12:05:21,825758;1,141715E+0;1,077258E-2;1,032929E+1;1,131289E+0;;
02/12/2021  12:05:21,825858;1,142132E+0;9,816838E-3;1,032929E+1;1,131653E+0;;
02/12/2021  12:05:21,825958;1,142445E+0;1,077258E-2;1,032929E+1;1,132015E+0;;
02/12/2021  12:05:21,826058;1,144188E+0;1,013542E-2;1,032929E+1;1,132375E+0;;
02/12/2021  12:05:21,826158;1,145437E+0;1,363980E-2;1,032929E+1;1,132733E+0;;
02/12/2021  12:05:21,826258;1,146161E+0;6,312458E-3;1,032929E+1;1,133091E+0;;
02/12/2021  12:05:21,826358;1,145694E+0;1,523270E-2;1,032929E+1;1,133448E+0;;
02/12/2021  12:05:21,826458;1,145816E+0;1,459554E-2;1,032929E+1;1,133804E+0;;
02/12/2021  12:05:21,826558;1,146829E+0;1,459554E-2;1,032929E+1;1,134160E+0;;
02/12/2021  12:05:21,826658;1,147801E+0;1,491412E-2;1,032929E+1;1,134517E+0;;
02/12/2021  12:05:21,826758;1,147976E+0;1,459554E-2;1,032929E+1;1,134874E+0;;
02/12/2021  12:05:21,826858;1,148820E+0;1,618844E-2;1,032929E+1;1,135232E+0;;
02/12/2021  12:05:21,826958;1,148131E+0;1,555128E-2;1,032929E+1;1,135591E+0;;
02/12/2021  12:05:21,827058;1,148918E+0;1,555128E-2;1,032929E+1;1,135952E+0;;
02/12/2021  12:05:21,827158;1,149526E+0;1,491412E-2;1,032929E+1;1,136314E+0;;
02/12/2021  12:05:21,827258;1,149315E+0;1,618844E-2;1,032929E+1;1,136678E+0;;
02/12/2021  12:05:21,827358;1,149434E+0;1,586986E-2;1,032929E+1;1,137044E+0;;
02/12/2021  12:05:21,827458;1,148939E+0;1,586986E-2;1,032929E+1;1,137411E+0;;
02/12/2021  12:05:21,827558;1,149660E+0;1,363980E-2;1,032929E+1;1,137781E+0;;
02/12/2021  12:05:21,827658;1,149657E+0;1,332122E-2;1,032929E+1;1,138151E+0;;
02/12/2021  12:05:21,827758;1,149216E+0;1,586986E-2;1,032929E+1;1,138524E+0;;
02/12/2021  12:05:21,827858;1,148182E+0;1,555128E-2;1,032929E+1;1,138897E+0;;
02/12/2021  12:05:21,827958;1,147851E+0;1,523270E-2;1,032929E+1;1,139270E+0;;
02/12/2021  12:05:21,828058;1,148423E+0;9,498258E-3;1,032929E+1;1,139643E+0;;
02/12/2021  12:05:21,828158;1,148537E+0;1,491412E-2;1,032929E+1;1,140015E+0;;
02/12/2021  12:05:21,828258;1,147944E+0;1,332122E-2;1,032929E+1;1,140385E+0;;
02/12/2021  12:05:21,828358;1,146909E+0;1,586986E-2;1,032929E+1;1,140753E+0;;
02/12/2021  12:05:21,828458;1,146433E+0;1,523270E-2;1,032929E+1;1,141118E+0;;
02/12/2021  12:05:21,828558;1,146144E+0;1,427696E-2;1,032929E+1;1,141478E+0;;
02/12/2021  12:05:21,828658;1,146060E+0;1,459554E-2;1,032929E+1;1,141834E+0;;
02/12/2021  12:05:21,828758;1,145643E+0;1,459554E-2;1,032929E+1;1,142183E+0;;
02/12/2021  12:05:21,828858;1,145139E+0;1,013542E-2;1,032929E+1;1,142525E+0;;
02/12/2021  12:05:21,828958;1,145050E+0;1,523270E-2;1,032929E+1;1,142859E+0;;
02/12/2021  12:05:21,829058;1,145327E+0;5,675298E-3;1,032929E+1;1,143184E+0;;
02/12/2021  12:05:21,829158;1,145923E+0;1,523270E-2;1,032929E+1;1,143499E+0;;
02/12/2021  12:05:21,829258;1,144990E+0;9,498258E-3;1,032929E+1;1,143803E+0;;
02/12/2021  12:05:21,829358;1,144710E+0;1,077258E-2;1,032929E+1;1,144096E+0;;
02/12/2021  12:05:21,829458;1,144454E+0;1,363980E-2;1,032929E+1;1,144377E+0;;
02/12/2021  12:05:21,829558;1,145431E+0;1,523270E-2;1,032929E+1;1,144646E+0;;
02/12/2021  12:05:21,829658;1,145503E+0;1,682560E-2;1,032929E+1;1,144903E+0;;
02/12/2021  12:05:21,829758;1,145354E+0;1,308772E-1;1,032929E+1;1,145146E+0;;
02/12/2021  12:05:21,829858;1,144656E+0;1,332122E-2;1,032929E+1;1,145376E+0;;
02/12/2021  12:05:21,829958;1,144931E+0;1,077258E-2;1,032929E+1;1,145592E+0;;
02/12/2021  12:05:21,830058;1,145449E+0;1,650702E-2;1,032929E+1;1,145795E+0;;
02/12/2021  12:05:21,830158;1,145610E+0;1,101695E-1;1,032929E+1;1,145984E+0;;
02/12/2021  12:05:21,830258;1,145461E+0;4,517922E-2;1,032929E+1;1,146160E+0;;
02/12/2021  12:05:21,830358;1,143899E+0;1,586986E-2;1,032929E+1;1,146323E+0;;
02/12/2021  12:05:21,830458;1,144540E+0;1,491412E-2;1,032929E+1;1,146472E+0;;
02/12/2021  12:05:21,830558;1,144776E+0;1,586986E-2;1,032929E+1;1,146607E+0;;
02/12/2021  12:05:21,830658;1,145071E+0;1,427696E-2;1,032929E+1;1,146730E+0;;
02/12/2021  12:05:21,830758;1,144659E+0;1,682560E-2;1,032929E+1;1,146839E+0;;
02/12/2021  12:05:21,830858;1,144269E+0;1,523270E-2;1,032929E+1;1,146936E+0;;
02/12/2021  12:05:21,830958;1,145196E+0;2,606442E-2;1,032929E+1;1,147020E+0;;
02/12/2021  12:05:21,831058;1,145440E+0;1,618844E-2;1,032929E+1;1,147092E+0;;
02/12/2021  12:05:21,831158;1,145434E+0;1,682560E-2;1,032929E+1;1,147153E+0;;
02/12/2021  12:05:21,831258;1,144770E+0;1,650702E-2;1,032929E+1;1,147202E+0;;
02/12/2021  12:05:21,831358;1,144183E+0;2,001140E-2;1,032929E+1;1,147241E+0;;
02/12/2021  12:05:21,831458;1,144406E+0;1,618844E-2;1,032929E+1;1,147269E+0;;
02/12/2021  12:05:21,831558;1,144665E+0;1,363980E-2;1,032929E+1;1,147287E+0;;
02/12/2021  12:05:21,831658;1,144698E+0;1,650702E-2;1,032929E+1;1,147296E+0;;
02/12/2021  12:05:21,831758;1,143724E+0;1,650702E-2;1,032929E+1;1,147295E+0;;
02/12/2021  12:05:21,831858;1,143446E+0;1,363980E-2;1,032929E+1;1,147286E+0;;
02/12/2021  12:05:21,831958;1,144120E+0;1,682560E-2;1,032929E+1;1,147268E+0;;
02/12/2021  12:05:21,832058;1,143491E+0;1,459554E-2;1,032929E+1;1,147242E+0;;
02/12/2021  12:05:21,832158;1,142818E+0;1,459554E-2;1,032929E+1;1,147208E+0;;
02/12/2021  12:05:21,832258;1,141825E+0;1,586986E-2;1,032929E+1;1,147167E+0;;
02/12/2021  12:05:21,832358;1,140964E+0;1,714418E-2;1,032929E+1;1,147117E+0;;
02/12/2021  12:05:21,832458;1,140919E+0;1,650702E-2;1,032929E+1;1,147061E+0;;
02/12/2021  12:05:21,832558;1,140710E+0;1,586986E-2;1,032929E+1;1,146996E+0;;
02/12/2021  12:05:21,832658;1,139974E+0;1,714418E-2;1,032929E+1;1,146924E+0;;
02/12/2021  12:05:21,832758;1,139131E+0;1,809992E-2;1,032929E+1;1,146843E+0;;
02/12/2021  12:05:21,832858;1,139465E+0;9,179678E-3;1,032929E+1;1,146755E+0;;
02/12/2021  12:05:21,832958;1,139599E+0;1,109116E-2;1,032929E+1;1,146659E+0;;
02/12/2021  12:05:21,833058;1,139661E+0;1,650702E-2;1,032929E+1;1,146554E+0;;
02/12/2021  12:05:21,833158;1,139074E+0;1,650702E-2;1,032929E+1;1,146441E+0;;
02/12/2021  12:05:21,833258;1,138019E+0;1,778134E-2;1,032929E+1;1,146320E+0;;
02/12/2021  12:05:21,833358;1,138943E+0;1,427696E-2;1,032929E+1;1,146192E+0;;
02/12/2021  12:05:21,833458;1,139167E+0;1,045400E-2;1,032929E+1;1,146055E+0;;
02/12/2021  12:05:21,833558;1,139134E+0;1,523270E-2;1,032929E+1;1,145911E+0;;
02/12/2021  12:05:21,833658;1,139226E+0;1,586986E-2;1,032929E+1;1,145760E+0;;
02/12/2021  12:05:21,833758;1,138210E+0;1,204690E-2;1,032929E+1;1,145602E+0;;
02/12/2021  12:05:21,833858;1,139182E+0;1,555128E-2;1,032929E+1;1,145438E+0;;
02/12/2021  12:05:21,833958;1,140088E+0;1,363980E-2;1,032929E+1;1,145267E+0;;
02/12/2021  12:05:21,834058;1,139632E+0;1,555128E-2;1,032929E+1;1,145091E+0;;
02/12/2021  12:05:21,834158;1,139512E+0;1,523270E-2;1,032929E+1;1,144911E+0;;
02/12/2021  12:05:21,834258;1,139098E+0;6,949618E-3;1,032929E+1;1,144726E+0;;
02/12/2021  12:05:21,834358;1,139709E+0;1,555128E-2;1,032929E+1;1,144538E+0;;
02/12/2021  12:05:21,834458;1,140779E+0;6,949618E-3;1,032929E+1;1,144347E+0;;
02/12/2021  12:05:21,834558;1,141140E+0;1,618844E-2;1,032929E+1;1,144154E+0;;
02/12/2021  12:05:21,834658;1,141119E+0;1,459554E-2;1,032929E+1;1,143960E+0;;
02/12/2021  12:05:21,834758;1,140448E+0;1,109116E-2;1,032929E+1;1,143765E+0;;
02/12/2021  12:05:21,834858;1,141763E+0;1,140974E-2;1,032929E+1;1,143571E+0;;
02/12/2021  12:05:21,834958;1,142719E+0;1,650702E-2;1,032929E+1;1,143378E+0;;
02/12/2021  12:05:21,835058;1,142686E+0;1,363980E-2;1,032929E+1;1,143188E+0;;
02/12/2021  12:05:21,835158;1,142475E+0;1,586986E-2;1,032929E+1;1,143000E+0;;
02/12/2021  12:05:21,835258;1,142081E+0;1,459554E-2;1,032929E+1;1,142817E+0;;
02/12/2021  12:05:21,835358;1,142770E+0;1,618844E-2;1,032929E+1;1,142639E+0;;
02/12/2021  12:05:21,835458;1,143303E+0;1,204690E-2;1,032929E+1;1,142466E+0;;
02/12/2021  12:05:21,835558;1,143399E+0;1,523270E-2;1,032929E+1;1,142300E+0;;
02/12/2021  12:05:21,835658;1,142663E+0;1,236548E-2;1,032929E+1;1,142140E+0;;
02/12/2021  12:05:21,835758;1,141777E+0;1,555128E-2;1,032929E+1;1,141988E+0;;
02/12/2021  12:05:21,835858;1,142427E+0;1,618844E-2;1,032929E+1;1,141844E+0;;
02/12/2021  12:05:21,835958;1,142725E+0;1,427696E-2;1,032929E+1;1,141707E+0;;
02/12/2021  12:05:21,836058;1,142373E+0;1,363980E-2;1,032929E+1;1,141579E+0;;
02/12/2021  12:05:21,836158;1,141548E+0;1,586986E-2;1,032929E+1;1,141460E+0;;
02/12/2021  12:05:21,836258;1,140675E+0;1,459554E-2;1,032929E+1;1,141349E+0;;
02/12/2021  12:05:21,836358;1,140937E+0;1,332122E-2;1,032929E+1;1,141246E+0;;
02/12/2021  12:05:21,836458;1,140836E+0;1,332122E-2;1,032929E+1;1,141151E+0;;
02/12/2021  12:05:21,836558;1,140150E+0;1,586986E-2;1,032929E+1;1,141063E+0;;
02/12/2021  12:05:21,836658;1,139036E+0;1,172832E-2;1,032929E+1;1,140983E+0;;
02/12/2021  12:05:21,836758;1,138803E+0;1,300264E-2;1,032929E+1;1,140909E+0;;
02/12/2021  12:05:21,836858;1,138943E+0;1,268406E-2;1,032929E+1;1,140841E+0;;
02/12/2021  12:05:21,836958;1,138937E+0;1,332122E-2;1,032929E+1;1,140778E+0;;
02/12/2021  12:05:21,837058;1,138684E+0;1,427696E-2;1,032929E+1;1,140720E+0;;
02/12/2021  12:05:21,837158;1,137739E+0;1,332122E-2;1,032929E+1;1,140667E+0;;
02/12/2021  12:05:21,837258;1,137298E+0;1,427696E-2;1,032929E+1;1,140616E+0;;
02/12/2021  12:05:21,837358;1,137817E+0;1,268406E-2;1,032929E+1;1,140568E+0;;
02/12/2021  12:05:21,837458;1,137656E+0;1,204690E-2;1,032929E+1;1,140522E+0;;
02/12/2021  12:05:21,837558;1,137009E+0;1,395838E-2;1,032929E+1;1,140478E+0;;
02/12/2021  12:05:21,837658;1,136198E+0;9,816838E-3;1,032929E+1;1,140435E+0;;
02/12/2021  12:05:21,837758;1,135903E+0;1,459554E-2;1,032929E+1;1,140391E+0;;
02/12/2021  12:05:21,837858;1,137221E+0;1,586986E-2;1,032929E+1;1,140347E+0;;
02/12/2021  12:05:21,837958;1,136070E+0;1,714418E-2;1,032929E+1;1,140302E+0;;
02/12/2021  12:05:21,838058;1,135990E+0;8,861098E-3;1,032929E+1;1,140256E+0;;
02/12/2021  12:05:21,838158;1,135236E+0;1,013542E-2;1,032929E+1;1,140208E+0;;
02/12/2021  12:05:21,838258;1,135027E+0;1,109116E-2;1,032929E+1;1,140157E+0;;
02/12/2021  12:05:21,838358;1,135552E+0;1,618844E-2;1,032929E+1;1,140104E+0;;
02/12/2021  12:05:21,838458;1,136517E+0;1,682560E-2;1,032929E+1;1,140047E+0;;
02/12/2021  12:05:21,838558;1,135385E+0;1,778134E-2;1,032929E+1;1,139987E+0;;
02/12/2021  12:05:21,838658;1,134881E+0;1,459554E-2;1,032929E+1;1,139923E+0;;
02/12/2021  12:05:21,838758;1,135191E+0;8,223938E-3;1,032929E+1;1,139855E+0;;
02/12/2021  12:05:21,838858;1,135829E+0;1,332122E-2;1,032929E+1;1,139784E+0;;
02/12/2021  12:05:21,838958;1,135599E+0;1,236548E-2;1,032929E+1;1,139708E+0;;
02/12/2021  12:05:21,839058;1,135862E+0;1,491412E-2;1,032929E+1;1,139629E+0;;
02/12/2021  12:05:21,839158;1,134964E+0;1,523270E-2;1,032929E+1;1,139546E+0;;
02/12/2021  12:05:21,839258;1,134881E+0;1,332122E-2;1,032929E+1;1,139459E+0;;
02/12/2021  12:05:21,839358;1,136395E+0;1,618844E-2;1,032929E+1;1,139369E+0;;
02/12/2021  12:05:21,839458;1,136124E+0;1,459554E-2;1,032929E+1;1,139275E+0;;
02/12/2021  12:05:21,839558;1,134991E+0;1,491412E-2;1,032929E+1;1,139178E+0;;
02/12/2021  12:05:21,839658;1,135197E+0;1,236548E-2;1,032929E+1;1,139078E+0;;
02/12/2021  12:05:21,839758;1,136011E+0;4,400978E-3;1,032929E+1;1,138976E+0;;
02/12/2021  12:05:21,839858;1,136174E+0;4,082398E-3;1,032929E+1;1,138871E+0;;
02/12/2021  12:05:21,839958;1,136446E+0;2,808078E-3;1,032929E+1;1,138765E+0;;
02/12/2021  12:05:21,840058;1,135260E+0;1,215178E-3;1,032929E+1;1,138656E+0;;
02/12/2021  12:05:21,840158;1,134550E+0;8,223938E-3;1,032929E+1;1,138547E+0;;
02/12/2021  12:05:21,840258;1,135447E+0;6,949618E-3;1,032929E+1;1,138436E+0;;
02/12/2021  12:05:21,840358;1,135745E+0;8,965980E-4;1,032929E+1;1,138324E+0;;
02/12/2021  12:05:21,840458;1,136166E+0;1,215178E-3;1,032929E+1;1,138212E+0;;
02/12/2021  12:05:21,840558;1,136043E+0;1,215178E-3;1,032929E+1;1,138099E+0;;
02/12/2021  12:05:21,840658;1,134929E+0;2,808078E-3;1,032929E+1;1,137987E+0;;
02/12/2021  12:05:21,840758;1,136505E+0;1,852338E-3;1,032929E+1;1,137874E+0;;
02/12/2021  12:05:21,840858;1,136943E+0;1,533758E-3;1,032929E+1;1,137763E+0;;
02/12/2021  12:05:21,840958;1,137137E+0;2,489498E-3;1,032929E+1;1,137652E+0;;
02/12/2021  12:05:21,841058;1,135677E+0;1,215178E-3;1,032929E+1;1,137543E+0;;
02/12/2021  12:05:21,841158;1,136261E+0;8,965980E-4;1,032929E+1;1,137436E+0;;
02/12/2021  12:05:21,841258;1,137057E+0;8,965980E-4;1,032929E+1;1,137331E+0;;
02/12/2021  12:05:21,841358;1,136854E+0;8,965980E-4;1,032929E+1;1,137229E+0;;
02/12/2021  12:05:21,841458;1,136368E+0;5,780180E-4;1,032929E+1;1,137129E+0;;
02/12/2021  12:05:21,841558;1,135975E+0;1,215178E-3;1,032929E+1;1,137033E+0;;
02/12/2021  12:05:21,841658;1,135158E+0;5,780180E-4;1,032929E+1;1,136940E+0;;
02/12/2021  12:05:21,841758;1,135784E+0;8,965980E-4;1,032929E+1;1,136850E+0;;
02/12/2021  12:05:21,841858;1,135689E+0;8,965980E-4;1,032929E+1;1,136763E+0;;
02/12/2021  12:05:21,841958;1,135227E+0;1,533758E-3;1,032929E+1;1,136680E+0;;
02/12/2021  12:05:21,842058;1,134029E+0;2,170918E-3;1,032929E+1;1,136600E+0;;
02/12/2021  12:05:21,842158;1,133251E+0;8,965980E-4;1,032929E+1;1,136523E+0;;
02/12/2021  12:05:21,842258;1,133829E+0;1,215178E-3;1,032929E+1;1,136448E+0;;
02/12/2021  12:05:21,842358;1,134100E+0;1,215178E-3;1,032929E+1;1,136375E+0;;
02/12/2021  12:05:21,842458;1,133394E+0;8,965980E-4;1,032929E+1;1,136304E+0;;
02/12/2021  12:05:21,842558;1,132285E+0;1,852338E-3;1,032929E+1;1,136234E+0;;
02/12/2021  12:05:21,842658;1,132375E+0;1,852338E-3;1,032929E+1;1,136166E+0;;
02/12/2021  12:05:21,842758;1,132935E+0;3,445238E-3;1,032929E+1;1,136098E+0;;
02/12/2021  12:05:21,842858;1,132989E+0;1,215178E-3;1,032929E+1;1,136030E+0;;
02/12/2021  12:05:21,842958;1,131442E+0;1,215178E-3;1,032929E+1;1,135962E+0;;
02/12/2021  12:05:21,843058;1,130604E+0;5,356718E-3;1,032929E+1;1,135894E+0;;
02/12/2021  12:05:21,843158;1,130893E+0;9,498258E-3;1,032929E+1;1,135824E+0;;
02/12/2021  12:05:21,843258;1,131159E+0;3,445238E-3;1,032929E+1;1,135753E+0;;
02/12/2021  12:05:21,843358;1,130721E+0;1,533758E-3;1,032929E+1;1,135680E+0;;
02/12/2021  12:05:21,843458;1,130163E+0;1,533758E-3;1,032929E+1;1,135605E+0;;
02/12/2021  12:05:21,843558;1,129320E+0;1,268406E-2;1,032929E+1;1,135527E+0;;
02/12/2021  12:05:21,843658;1,129752E+0;8,223938E-3;1,032929E+1;1,135445E+0;;
02/12/2021  12:05:21,843758;1,130184E+0;1,300264E-2;1,032929E+1;1,135361E+0;;
02/12/2021  12:05:21,843858;1,130488E+0;1,172832E-2;1,032929E+1;1,135272E+0;;
02/12/2021  12:05:21,843958;1,128998E+0;1,395838E-2;1,032929E+1;1,135180E+0;;
02/12/2021  12:05:21,844058;1,128238E+0;1,332122E-2;1,032929E+1;1,135083E+0;;
02/12/2021  12:05:21,844158;1,129263E+0;1,491412E-2;1,032929E+1;1,134983E+0;;
02/12/2021  12:05:21,844258;1,129332E+0;1,215178E-3;1,032929E+1;1,134877E+0;;
02/12/2021  12:05:21,844358;1,129421E+0;1,109116E-2;1,032929E+1;1,134768E+0;;
02/12/2021  12:05:21,844458;1,129499E+0;1,491412E-2;1,032929E+1;1,134653E+0;;
02/12/2021  12:05:21,844558;1,129388E+0;1,523270E-2;1,032929E+1;1,134535E+0;;
02/12/2021  12:05:21,844658;1,129633E+0;1,618844E-2;1,032929E+1;1,134412E+0;;
02/12/2021  12:05:21,844758;1,129671E+0;1,332122E-2;1,032929E+1;1,134286E+0;;
02/12/2021  12:05:21,844858;1,129770E+0;1,778134E-2;1,032929E+1;1,134156E+0;;
02/12/2021  12:05:21,844958;1,129671E+0;1,586986E-2;1,032929E+1;1,134023E+0;;
02/12/2021  12:05:21,845058;1,129654E+0;1,045400E-2;1,032929E+1;1,133887E+0;;
02/12/2021  12:05:21,845158;1,129972E+0;1,395838E-2;1,032929E+1;1,133748E+0;;
02/12/2021  12:05:21,845258;1,130244E+0;1,204690E-2;1,032929E+1;1,133607E+0;;
02/12/2021  12:05:21,845358;1,130187E+0;1,714418E-2;1,032929E+1;1,133465E+0;;
02/12/2021  12:05:21,845458;1,129332E+0;1,363980E-2;1,032929E+1;1,133321E+0;;
02/12/2021  12:05:21,845558;1,128953E+0;1,491412E-2;1,032929E+1;1,133177E+0;;
02/12/2021  12:05:21,845658;1,129519E+0;1,555128E-2;1,032929E+1;1,133032E+0;;
02/12/2021  12:05:21,845758;1,130002E+0;1,523270E-2;1,032929E+1;1,132886E+0;;
02/12/2021  12:05:21,845858;1,128771E+0;1,555128E-2;1,032929E+1;1,132741E+0;;
02/12/2021  12:05:21,845958;1,127895E+0;1,491412E-2;1,032929E+1;1,132595E+0;;
02/12/2021  12:05:21,846058;1,126828E+0;1,555128E-2;1,032929E+1;1,132450E+0;;
02/12/2021  12:05:21,846158;1,127538E+0;1,586986E-2;1,032929E+1;1,132306E+0;;
02/12/2021  12:05:21,846258;1,127725E+0;1,523270E-2;1,032929E+1;1,132161E+0;;
02/12/2021  12:05:21,846358;1,126766E+0;1,523270E-2;1,032929E+1;1,132016E+0;;
02/12/2021  12:05:21,846458;1,126009E+0;7,905358E-3;1,032929E+1;1,131871E+0;;
02/12/2021  12:05:21,846558;1,125952E+0;1,459554E-2;1,032929E+1;1,131726E+0;;
02/12/2021  12:05:21,846658;1,126384E+0;1,363980E-2;1,032929E+1;1,131580E+0;;
02/12/2021  12:05:21,846758;1,126500E+0;1,491412E-2;1,032929E+1;1,131434E+0;;
02/12/2021  12:05:21,846858;1,126027E+0;8,223938E-3;1,032929E+1;1,131287E+0;;
02/12/2021  12:05:21,846958;1,124849E+0;6,949618E-3;1,032929E+1;1,131139E+0;;
02/12/2021  12:05:21,847058;1,124954E+0;9,498258E-3;1,032929E+1;1,130991E+0;;
02/12/2021  12:05:21,847158;1,125207E+0;1,013542E-2;1,032929E+1;1,130841E+0;;
02/12/2021  12:05:21,847258;1,125541E+0;1,427696E-2;1,032929E+1;1,130690E+0;;
02/12/2021  12:05:21,847358;1,124611E+0;1,459554E-2;1,032929E+1;1,130538E+0;;
02/12/2021  12:05:21,847458;1,123636E+0;1,523270E-2;1,032929E+1;1,130385E+0;;
02/12/2021  12:05:21,847558;1,124247E+0;1,491412E-2;1,032929E+1;1,130230E+0;;
02/12/2021  12:05:21,847658;1,124179E+0;1,555128E-2;1,032929E+1;1,130074E+0;;
02/12/2021  12:05:21,847758;1,123911E+0;1,586986E-2;1,032929E+1;1,129916E+0;;
02/12/2021  12:05:21,847858;1,123219E+0;1,459554E-2;1,032929E+1;1,129756E+0;;
02/12/2021  12:05:21,847958;1,121586E+0;1,459554E-2;1,032929E+1;1,129595E+0;;
02/12/2021  12:05:21,848058;1,122319E+0;1,555128E-2;1,032929E+1;1,129431E+0;;
02/12/2021  12:05:21,848158;1,122641E+0;1,523270E-2;1,032929E+1;1,129266E+0;;
02/12/2021  12:05:21,848258;1,121863E+0;1,586986E-2;1,032929E+1;1,129098E+0;;
02/12/2021  12:05:21,848358;1,121783E+0;1,523270E-2;1,032929E+1;1,128927E+0;;
02/12/2021  12:05:21,848458;1,121645E+0;1,650702E-2;1,032929E+1;1,128754E+0;;
02/12/2021  12:05:21,848558;1,122554E+0;1,555128E-2;1,032929E+1;1,128578E+0;;
02/12/2021  12:05:21,848658;1,123207E+0;1,618844E-2;1,032929E+1;1,128399E+0;;
02/12/2021  12:05:21,848758;1,123353E+0;1,682560E-2;1,032929E+1;1,128219E+0;;
02/12/2021  12:05:21,848858;1,123642E+0;1,586986E-2;1,032929E+1;1,128036E+0;;
02/12/2021  12:05:21,848958;1,123151E+0;1,427696E-2;1,032929E+1;1,127852E+0;;
02/12/2021  12:05:21,849058;1,123931E+0;1,172832E-2;1,032929E+1;1,127667E+0;;
02/12/2021  12:05:21,849158;1,125007E+0;1,077258E-2;1,032929E+1;1,127482E+0;;
02/12/2021  12:05:21,849258;1,125502E+0;1,523270E-2;1,032929E+1;1,127297E+0;;
02/12/2021  12:05:21,849358;1,124817E+0;1,363980E-2;1,032929E+1;1,127114E+0;;
02/12/2021  12:05:21,849458;1,125234E+0;1,427696E-2;1,032929E+1;1,126932E+0;;
02/12/2021  12:05:21,849558;1,125985E+0;1,236548E-2;1,032929E+1;1,126753E+0;;
02/12/2021  12:05:21,849658;1,126316E+0;1,555128E-2;1,032929E+1;1,126577E+0;;
02/12/2021  12:05:21,849758;1,126158E+0;1,111253E-1;1,032929E+1;1,126405E+0;;
02/12/2021  12:05:21,849858;1,125416E+0;9,901924E-2;1,032929E+1;1,126238E+0;;
02/12/2021  12:05:21,849958;1,124992E+0;1,395838E-2;1,032929E+1;1,126076E+0;;
02/12/2021  12:05:21,850058;1,125025E+0;1,459554E-2;1,032929E+1;1,125920E+0;;
02/12/2021  12:05:21,850158;1,125571E+0;1,395838E-2;1,032929E+1;1,125770E+0;;
02/12/2021  12:05:21,850258;1,125219E+0;1,363980E-2;1,032929E+1;1,125626E+0;;
02/12/2021  12:05:21,850358;1,124766E+0;1,077258E-2;1,032929E+1;1,125489E+0;;
02/12/2021  12:05:21,850458;1,124870E+0;1,363980E-2;1,032929E+1;1,125358E+0;;
02/12/2021  12:05:21,850558;1,125377E+0;1,332122E-2;1,032929E+1;1,125234E+0;;
02/12/2021  12:05:21,850658;1,126015E+0;1,140974E-2;1,032929E+1;1,125117E+0;;
02/12/2021  12:05:21,850758;1,126274E+0;1,172832E-2;1,032929E+1;1,125007E+0;;
02/12/2021  12:05:21,850858;1,125496E+0;1,332122E-2;1,032929E+1;1,124904E+0;;
02/12/2021  12:05:21,850958;1,125803E+0;2,702016E-2;1,032929E+1;1,124808E+0;;
02/12/2021  12:05:21,851058;1,127242E+0;1,586986E-2;1,032929E+1;1,124719E+0;;
02/12/2021  12:05:21,851158;1,127552E+0;1,427696E-2;1,032929E+1;1,124639E+0;;
02/12/2021  12:05:21,851258;1,127880E+0;1,491412E-2;1,032929E+1;1,124566E+0;;
02/12/2021  12:05:21,851358;1,127675E+0;7,905358E-3;1,032929E+1;1,124501E+0;;
02/12/2021  12:05:21,851458;1,127839E+0;9,774492E-2;1,032929E+1;1,124445E+0;;
02/12/2021  12:05:21,851558;1,129597E+0;4,581638E-2;1,032929E+1;1,124398E+0;;
02/12/2021  12:05:21,851658;1,130086E+0;1,809992E-2;1,032929E+1;1,124359E+0;;
02/12/2021  12:05:21,851758;1,129972E+0;1,491412E-2;1,032929E+1;1,124330E+0;;
02/12/2021  12:05:21,851858;1,130110E+0;1,714418E-2;1,032929E+1;1,124311E+0;;
02/12/2021  12:05:21,851958;1,130217E+0;1,618844E-2;1,032929E+1;1,124303E+0;;
02/12/2021  12:05:21,852058;1,131501E+0;8,861098E-3;1,032929E+1;1,124304E+0;;
02/12/2021  12:05:21,852158;1,132217E+0;1,682560E-2;1,032929E+1;1,124317E+0;;
02/12/2021  12:05:21,852258;1,132011E+0;2,128572E-2;1,032929E+1;1,124340E+0;;
02/12/2021  12:05:21,852358;1,131874E+0;1,969282E-2;1,032929E+1;1,124375E+0;;
02/12/2021  12:05:21,852458;1,132705E+0;1,300264E-2;1,032929E+1;1,124422E+0;;
02/12/2021  12:05:21,852558;1,134252E+0;1,236548E-2;1,032929E+1;1,124480E+0;;
02/12/2021  12:05:21,852658;1,134419E+0;1,427696E-2;1,032929E+1;1,124551E+0;;
02/12/2021  12:05:21,852758;1,134798E+0;1,873708E-2;1,032929E+1;1,124634E+0;;
02/12/2021  12:05:21,852858;1,134860E+0;1,586986E-2;1,032929E+1;1,124729E+0;;
02/12/2021  12:05:21,852958;1,134792E+0;1,586986E-2;1,032929E+1;1,124837E+0;;
02/12/2021  12:05:21,853058;1,136326E+0;1,140974E-2;1,032929E+1;1,124958E+0;;
02/12/2021  12:05:21,853158;1,136762E+0;1,140974E-2;1,032929E+1;1,125092E+0;;
02/12/2021  12:05:21,853258;1,136064E+0;1,746276E-2;1,032929E+1;1,125239E+0;;
02/12/2021  12:05:21,853358;1,135942E+0;1,586986E-2;1,032929E+1;1,125399E+0;;
02/12/2021  12:05:21,853458;1,136854E+0;8,861098E-3;1,032929E+1;1,125572E+0;;
02/12/2021  12:05:21,853558;1,137891E+0;1,491412E-2;1,032929E+1;1,125757E+0;;
02/12/2021  12:05:21,853658;1,137936E+0;1,586986E-2;1,032929E+1;1,125955E+0;;
02/12/2021  12:05:21,853758;1,137718E+0;1,427696E-2;1,032929E+1;1,126165E+0;;
02/12/2021  12:05:21,853858;1,136601E+0;1,523270E-2;1,032929E+1;1,126387E+0;;
02/12/2021  12:05:21,853958;1,137072E+0;1,077258E-2;1,032929E+1;1,126621E+0;;
02/12/2021  12:05:21,854058;1,137879E+0;1,523270E-2;1,032929E+1;1,126865E+0;;
02/12/2021  12:05:21,854158;1,137966E+0;1,363980E-2;1,032929E+1;1,127120E+0;;
02/12/2021  12:05:21,854258;1,137927E+0;1,236548E-2;1,032929E+1;1,127384E+0;;
02/12/2021  12:05:21,854358;1,137736E+0;1,077258E-2;1,032929E+1;1,127658E+0;;
02/12/2021  12:05:21,854458;1,138389E+0;1,650702E-2;1,032929E+1;1,127940E+0;;
02/12/2021  12:05:21,854558;1,138839E+0;1,491412E-2;1,032929E+1;1,128229E+0;;
02/12/2021  12:05:21,854658;1,138439E+0;1,523270E-2;1,032929E+1;1,128526E+0;;
02/12/2021  12:05:21,854758;1,137906E+0;9,816838E-3;1,032929E+1;1,128829E+0;;
02/12/2021  12:05:21,854858;1,137736E+0;1,586986E-2;1,032929E+1;1,129137E+0;;
02/12/2021  12:05:21,854958;1,138222E+0;1,682560E-2;1,032929E+1;1,129451E+0;;
02/12/2021  12:05:21,855058;1,138693E+0;1,523270E-2;1,032929E+1;1,129768E+0;;
02/12/2021  12:05:21,855158;1,138597E+0;1,523270E-2;1,032929E+1;1,130088E+0;;
02/12/2021  12:05:21,855258;1,139083E+0;1,873708E-2;1,032929E+1;1,130411E+0;;
02/12/2021  12:05:21,855358;1,138994E+0;1,491412E-2;1,032929E+1;1,130736E+0;;
02/12/2021  12:05:21,855458;1,139679E+0;1,459554E-2;1,032929E+1;1,131061E+0;;
02/12/2021  12:05:21,855558;1,140174E+0;1,268406E-2;1,032929E+1;1,131388E+0;;
02/12/2021  12:05:21,855658;1,139822E+0;1,268406E-2;1,032929E+1;1,131714E+0;;
02/12/2021  12:05:21,855758;1,139360E+0;1,618844E-2;1,032929E+1;1,132040E+0;;
02/12/2021  12:05:21,855858;1,139420E+0;1,395838E-2;1,032929E+1;1,132365E+0;;
02/12/2021  12:05:21,855958;1,139906E+0;9,816838E-3;1,032929E+1;1,132688E+0;;
02/12/2021  12:05:21,856058;1,140305E+0;1,491412E-2;1,032929E+1;1,133009E+0;;
02/12/2021  12:05:21,856158;1,140466E+0;1,682560E-2;1,032929E+1;1,133328E+0;;
02/12/2021  12:05:21,856258;1,139736E+0;1,555128E-2;1,032929E+1;1,133644E+0;;
02/12/2021  12:05:21,856358;1,139840E+0;8,223938E-3;1,032929E+1;1,133956E+0;;
02/12/2021  12:05:21,856458;1,140639E+0;1,618844E-2;1,032929E+1;1,134264E+0;;
02/12/2021  12:05:21,856558;1,140380E+0;1,586986E-2;1,032929E+1;1,134569E+0;;
02/12/2021  12:05:21,856658;1,140022E+0;1,650702E-2;1,032929E+1;1,134868E+0;;
02/12/2021  12:05:21,856758;1,139480E+0;1,650702E-2;1,032929E+1;1,135162E+0;;
02/12/2021  12:05:21,856858;1,139271E+0;1,682560E-2;1,032929E+1;1,135451E+0;;
02/12/2021  12:05:21,856958;1,139950E+0;1,618844E-2;1,032929E+1;1,135734E+0;;
02/12/2021  12:05:21,857058;1,140138E+0;1,555128E-2;1,032929E+1;1,136010E+0;;
02/12/2021  12:05:21,857158;1,139256E+0;1,555128E-2;1,032929E+1;1,136280E+0;;
02/12/2021  12:05:21,857258;1,139047E+0;1,491412E-2;1,032929E+1;1,136542E+0;;
02/12/2021  12:05:21,857358;1,139956E+0;1,491412E-2;1,032929E+1;1,136796E+0;;
02/12/2021  12:05:21,857458;1,139825E+0;1,618844E-2;1,032929E+1;1,137043E+0;;
02/12/2021  12:05:21,857558;1,139977E+0;1,650702E-2;1,032929E+1;1,137281E+0;;
02/12/2021  12:05:21,857658;1,139974E+0;1,746276E-2;1,032929E+1;1,137512E+0;;
02/12/2021  12:05:21,857758;1,138845E+0;1,523270E-2;1,032929E+1;1,137733E+0;;
02/12/2021  12:05:21,857858;1,139119E+0;1,555128E-2;1,032929E+1;1,137946E+0;;
02/12/2021  12:05:21,857958;1,139840E+0;1,491412E-2;1,032929E+1;1,138150E+0;;
02/12/2021  12:05:21,858058;1,140141E+0;1,459554E-2;1,032929E+1;1,138345E+0;;
02/12/2021  12:05:21,858158;1,139560E+0;1,491412E-2;1,032929E+1;1,138531E+0;;
02/12/2021  12:05:21,858258;1,139602E+0;1,682560E-2;1,032929E+1;1,138708E+0;;
02/12/2021  12:05:21,858358;1,139408E+0;1,618844E-2;1,032929E+1;1,138876E+0;;
02/12/2021  12:05:21,858458;1,139784E+0;1,523270E-2;1,032929E+1;1,139035E+0;;
02/12/2021  12:05:21,858558;1,139840E+0;1,618844E-2;1,032929E+1;1,139184E+0;;
02/12/2021  12:05:21,858658;1,138693E+0;1,682560E-2;1,032929E+1;1,139325E+0;;
02/12/2021  12:05:21,858758;1,138565E+0;1,809992E-2;1,032929E+1;1,139457E+0;;
02/12/2021  12:05:21,858858;1,139235E+0;1,650702E-2;1,032929E+1;1,139580E+0;;
02/12/2021  12:05:21,858958;1,139796E+0;1,650702E-2;1,032929E+1;1,139694E+0;;
02/12/2021  12:05:21,859058;1,139483E+0;1,618844E-2;1,032929E+1;1,139799E+0;;
02/12/2021  12:05:21,859158;1,138478E+0;1,714418E-2;1,032929E+1;1,139895E+0;;
02/12/2021  12:05:21,859258;1,138887E+0;1,491412E-2;1,032929E+1;1,139983E+0;;
02/12/2021  12:05:21,859358;1,139387E+0;1,140974E-2;1,032929E+1;1,140063E+0;;
02/12/2021  12:05:21,859458;1,139876E+0;1,555128E-2;1,032929E+1;1,140134E+0;;
02/12/2021  12:05:21,859558;1,139366E+0;1,523270E-2;1,032929E+1;1,140198E+0;;
02/12/2021  12:05:21,859658;1,138672E+0;1,332122E-2;1,032929E+1;1,140254E+0;;
02/12/2021  12:05:21,859758;1,138183E+0;1,332122E-2;1,032929E+1;1,140302E+0;;
02/12/2021  12:05:21,859858;1,138749E+0;3,126658E-3;1,032929E+1;1,140344E+0;;
02/12/2021  12:05:21,859958;1,139015E+0;4,082398E-3;1,032929E+1;1,140378E+0;;
02/12/2021  12:05:21,860058;1,138454E+0;3,126658E-3;1,032929E+1;1,140405E+0;;
02/12/2021  12:05:21,860158;1,137912E+0;1,268406E-2;1,032929E+1;1,140426E+0;;
02/12/2021  12:05:21,860258;1,137584E+0;3,126658E-3;1,032929E+1;1,140439E+0;;
02/12/2021  12:05:21,860358;1,137638E+0;8,965980E-4;1,032929E+1;1,140447E+0;;
02/12/2021  12:05:21,860458;1,137730E+0;1,533758E-3;1,032929E+1;1,140448E+0;;
02/12/2021  12:05:21,860558;1,137229E+0;1,204690E-2;1,032929E+1;1,140442E+0;;
02/12/2021  12:05:21,860658;1,136291E+0;6,631038E-3;1,032929E+1;1,140431E+0;;
02/12/2021  12:05:21,860758;1,135754E+0;1,533758E-3;1,032929E+1;1,140413E+0;;
02/12/2021  12:05:21,860858;1,136508E+0;1,533758E-3;1,032929E+1;1,140388E+0;;
02/12/2021  12:05:21,860958;1,136499E+0;8,965980E-4;1,032929E+1;1,140357E+0;;
02/12/2021  12:05:21,861058;1,135966E+0;1,852338E-3;1,032929E+1;1,140320E+0;;
02/12/2021  12:05:21,861158;1,135361E+0;1,852338E-3;1,032929E+1;1,140276E+0;;
02/12/2021  12:05:21,861258;1,135426E+0;1,215178E-3;1,032929E+1;1,140226E+0;;
02/12/2021  12:05:21,861358;1,135423E+0;1,215178E-3;1,032929E+1;1,140170E+0;;
02/12/2021  12:05:21,861458;1,135012E+0;1,215178E-3;1,032929E+1;1,140107E+0;;
02/12/2021  12:05:21,861558;1,133412E+0;8,965980E-4;1,032929E+1;1,140038E+0;;
02/12/2021  12:05:21,861658;1,131978E+0;1,215178E-3;1,032929E+1;1,139963E+0;;
02/12/2021  12:05:21,861758;1,131719E+0;5,780180E-4;1,032929E+1;1,139881E+0;;
02/12/2021  12:05:21,861858;1,130998E+0;8,965980E-4;1,032929E+1;1,139792E+0;;
02/12/2021  12:05:21,861958;1,130715E+0;1,215178E-3;1,032929E+1;1,139695E+0;;
02/12/2021  12:05:21,862058;1,129758E+0;1,215178E-3;1,032929E+1;1,139590E+0;;
02/12/2021  12:05:21,862158;1,127427E+0;1,215178E-3;1,032929E+1;1,139476E+0;;
02/12/2021  12:05:21,862258;1,127761E+0;1,533758E-3;1,032929E+1;1,139353E+0;;
02/12/2021  12:05:21,862358;1,127245E+0;1,215178E-3;1,032929E+1;1,139220E+0;;
02/12/2021  12:05:21,862458;1,126354E+0;1,533758E-3;1,032929E+1;1,139076E+0;;
02/12/2021  12:05:21,862558;1,125809E+0;8,965980E-4;1,032929E+1;1,138921E+0;;
02/12/2021  12:05:21,862658;1,125174E+0;8,965980E-4;1,032929E+1;1,138755E+0;;
02/12/2021  12:05:21,862758;1,125529E+0;1,215178E-3;1,032929E+1;1,138576E+0;;
02/12/2021  12:05:21,862858;1,126000E+0;1,533758E-3;1,032929E+1;1,138385E+0;;
02/12/2021  12:05:21,862958;1,125615E+0;5,675298E-3;1,032929E+1;1,138181E+0;;
02/12/2021  12:05:21,863058;1,125442E+0;1,215178E-3;1,032929E+1;1,137965E+0;;
02/12/2021  12:05:21,863158;1,125726E+0;2,808078E-3;1,032929E+1;1,137736E+0;;
02/12/2021  12:05:21,863258;1,126065E+0;1,533758E-3;1,032929E+1;1,137496E+0;;
02/12/2021  12:05:21,863358;1,126447E+0;1,852338E-3;1,032929E+1;1,137243E+0;;
02/12/2021  12:05:21,863458;1,126667E+0;8,965980E-4;1,032929E+1;1,136980E+0;;
02/12/2021  12:05:21,863558;1,125726E+0;5,356718E-3;1,032929E+1;1,136707E+0;;
02/12/2021  12:05:21,863658;1,125690E+0;1,013542E-2;1,032929E+1;1,136424E+0;;
02/12/2021  12:05:21,863758;1,126161E+0;6,949618E-3;1,032929E+1;1,136133E+0;;
02/12/2021  12:05:21,863858;1,125702E+0;2,489498E-3;1,032929E+1;1,135834E+0;;
02/12/2021  12:05:21,863958;1,126334E+0;8,542518E-3;1,032929E+1;1,135527E+0;;
02/12/2021  12:05:21,864058;1,125264E+0;1,268406E-2;1,032929E+1;1,135215E+0;;
02/12/2021  12:05:21,864158;1,125425E+0;8,223938E-3;1,032929E+1;1,134896E+0;;
02/12/2021  12:05:21,864258;1,126787E+0;1,109116E-2;1,032929E+1;1,134574E+0;;
02/12/2021  12:05:21,864358;1,127481E+0;8,861098E-3;1,032929E+1;1,134247E+0;;
02/12/2021  12:05:21,864458;1,127442E+0;1,491412E-2;1,032929E+1;1,133918E+0;;
02/12/2021  12:05:21,864558;1,126116E+0;1,363980E-2;1,032929E+1;1,133587E+0;;
02/12/2021  12:05:21,864658;1,126775E+0;1,395838E-2;1,032929E+1;1,133256E+0;;
02/12/2021  12:05:21,864758;1,127204E+0;1,555128E-2;1,032929E+1;1,132926E+0;;
02/12/2021  12:05:21,864858;1,127505E+0;1,937424E-2;1,032929E+1;1,132597E+0;;
02/12/2021  12:05:21,864958;1,126974E+0;1,682560E-2;1,032929E+1;1,132270E+0;;
02/12/2021  12:05:21,865058;1,126968E+0;1,555128E-2;1,032929E+1;1,131947E+0;;
02/12/2021  12:05:21,865158;1,126846E+0;1,395838E-2;1,032929E+1;1,131628E+0;;
02/12/2021  12:05:21,865258;1,126980E+0;1,204690E-2;1,032929E+1;1,131314E+0;;
02/12/2021  12:05:21,865358;1,126262E+0;1,746276E-2;1,032929E+1;1,131006E+0;;
02/12/2021  12:05:21,865458;1,125845E+0;8,223938E-3;1,032929E+1;1,130703E+0;;
02/12/2021  12:05:21,865558;1,124167E+0;8,542518E-3;1,032929E+1;1,130407E+0;;
02/12/2021  12:05:21,865658;1,123824E+0;1,077258E-2;1,032929E+1;1,130118E+0;;
02/12/2021  12:05:21,865758;1,123866E+0;1,363980E-2;1,032929E+1;1,129836E+0;;
02/12/2021  12:05:21,865858;1,122668E+0;1,268406E-2;1,032929E+1;1,129559E+0;;
02/12/2021  12:05:21,865958;1,122215E+0;1,586986E-2;1,032929E+1;1,129289E+0;;
02/12/2021  12:05:21,866058;1,121178E+0;1,236548E-2;1,032929E+1;1,129025E+0;;
02/12/2021  12:05:21,866158;1,121073E+0;1,618844E-2;1,032929E+1;1,128767E+0;;
02/12/2021  12:05:21,866258;1,121133E+0;1,236548E-2;1,032929E+1;1,128513E+0;;
02/12/2021  12:05:21,866358;1,120450E+0;1,523270E-2;1,032929E+1;1,128264E+0;;
02/12/2021  12:05:21,866458;1,119887E+0;1,491412E-2;1,032929E+1;1,128018E+0;;
02/12/2021  12:05:21,866558;1,118933E+0;1,586986E-2;1,032929E+1;1,127776E+0;;
02/12/2021  12:05:21,866658;1,118656E+0;1,586986E-2;1,032929E+1;1,127537E+0;;
02/12/2021  12:05:21,866758;1,118525E+0;1,268406E-2;1,032929E+1;1,127301E+0;;
02/12/2021  12:05:21,866858;1,118802E+0;1,555128E-2;1,032929E+1;1,127066E+0;;
02/12/2021  12:05:21,866958;1,117980E+0;1,618844E-2;1,032929E+1;1,126832E+0;;
02/12/2021  12:05:21,867058;1,117804E+0;1,427696E-2;1,032929E+1;1,126599E+0;;
02/12/2021  12:05:21,867158;1,118725E+0;1,491412E-2;1,032929E+1;1,126367E+0;;
02/12/2021  12:05:21,867258;1,118236E+0;1,459554E-2;1,032929E+1;1,126134E+0;;
02/12/2021  12:05:21,867358;1,118790E+0;1,682560E-2;1,032929E+1;1,125902E+0;;
02/12/2021  12:05:21,867458;1,118239E+0;1,586986E-2;1,032929E+1;1,125670E+0;;
02/12/2021  12:05:21,867558;1,118227E+0;5,780180E-4;1,032929E+1;1,125438E+0;;
02/12/2021  12:05:21,867658;1,117765E+0;1,586986E-2;1,032929E+1;1,125206E+0;;
02/12/2021  12:05:21,867758;1,118671E+0;1,459554E-2;1,032929E+1;1,124974E+0;;
02/12/2021  12:05:21,867858;1,119175E+0;1,395838E-2;1,032929E+1;1,124742E+0;;
02/12/2021  12:05:21,867958;1,118862E+0;1,491412E-2;1,032929E+1;1,124511E+0;;
02/12/2021  12:05:21,868058;1,119261E+0;1,618844E-2;1,032929E+1;1,124280E+0;;
02/12/2021  12:05:21,868158;1,120221E+0;1,236548E-2;1,032929E+1;1,124051E+0;;
02/12/2021  12:05:21,868258;1,121106E+0;1,427696E-2;1,032929E+1;1,123824E+0;;
02/12/2021  12:05:21,868358;1,121803E+0;1,650702E-2;1,032929E+1;1,123599E+0;;
02/12/2021  12:05:21,868458;1,121359E+0;9,816838E-3;1,032929E+1;1,123377E+0;;
02/12/2021  12:05:21,868558;1,122033E+0;1,013542E-2;1,032929E+1;1,123160E+0;;
02/12/2021  12:05:21,868658;1,123091E+0;1,013542E-2;1,032929E+1;1,122947E+0;;
02/12/2021  12:05:21,868758;1,123893E+0;1,491412E-2;1,032929E+1;1,122740E+0;;
02/12/2021  12:05:21,868858;1,124146E+0;1,363980E-2;1,032929E+1;1,122540E+0;;
02/12/2021  12:05:21,868958;1,125594E+0;1,523270E-2;1,032929E+1;1,122348E+0;;
02/12/2021  12:05:21,869058;1,126331E+0;1,555128E-2;1,032929E+1;1,122165E+0;;
02/12/2021  12:05:21,869158;1,127853E+0;1,682560E-2;1,032929E+1;1,121992E+0;;
02/12/2021  12:05:21,869258;1,128554E+0;1,555128E-2;1,032929E+1;1,121830E+0;;
02/12/2021  12:05:21,869358;1,129046E+0;1,523270E-2;1,032929E+1;1,121680E+0;;
02/12/2021  12:05:21,869458;1,129105E+0;1,523270E-2;1,032929E+1;1,121545E+0;;
02/12/2021  12:05:21,869558;1,129260E+0;1,586986E-2;1,032929E+1;1,121424E+0;;
02/12/2021  12:05:21,869658;1,130309E+0;1,746276E-2;1,032929E+1;1,121320E+0;;
02/12/2021  12:05:21,869758;1,130926E+0;1,133553E-1;1,032929E+1;1,121232E+0;;
02/12/2021  12:05:21,869858;1,131406E+0;3,944478E-2;1,032929E+1;1,121162E+0;;
02/12/2021  12:05:21,869958;1,131731E+0;1,045400E-2;1,032929E+1;1,121110E+0;;
02/12/2021  12:05:21,870058;1,132240E+0;1,650702E-2;1,032929E+1;1,121077E+0;;
02/12/2021  12:05:21,870158;1,132974E+0;1,362931E-1;1,032929E+1;1,121064E+0;;
02/12/2021  12:05:21,870258;1,132845E+0;1,300264E-2;1,032929E+1;1,121071E+0;;
02/12/2021  12:05:21,870358;1,133412E+0;1,300264E-2;1,032929E+1;1,121098E+0;;
02/12/2021  12:05:21,870458;1,133108E+0;1,555128E-2;1,032929E+1;1,121146E+0;;
02/12/2021  12:05:21,870558;1,133716E+0;2,351578E-2;1,032929E+1;1,121215E+0;;
02/12/2021  12:05:21,870658;1,134407E+0;6,270112E-2;1,032929E+1;1,121303E+0;;
02/12/2021  12:05:21,870758;1,134413E+0;1,555128E-2;1,032929E+1;1,121413E+0;;
02/12/2021  12:05:21,870858;1,134732E+0;1,778134E-2;1,032929E+1;1,121542E+0;;
02/12/2021  12:05:21,870958;1,134088E+0;2,224146E-2;1,032929E+1;1,121692E+0;;
02/12/2021  12:05:21,871058;1,134696E+0;1,682560E-2;1,032929E+1;1,121861E+0;;
02/12/2021  12:05:21,871158;1,134294E+0;1,459554E-2;1,032929E+1;1,122049E+0;;
02/12/2021  12:05:21,871258;1,134368E+0;1,395838E-2;1,032929E+1;1,122255E+0;;
02/12/2021  12:05:21,871358;1,134213E+0;1,841850E-2;1,032929E+1;1,122478E+0;;
02/12/2021  12:05:21,871458;1,133456E+0;1,076209E-1;1,032929E+1;1,122718E+0;;
02/12/2021  12:05:21,871558;1,133394E+0;1,809992E-2;1,032929E+1;1,122973E+0;;
02/12/2021  12:05:21,871658;1,133442E+0;1,459554E-2;1,032929E+1;1,123242E+0;;
02/12/2021  12:05:21,871758;1,133674E+0;1,778134E-2;1,032929E+1;1,123523E+0;;
02/12/2021  12:05:21,871858;1,133236E+0;2,893164E-2;1,032929E+1;1,123817E+0;;
02/12/2021  12:05:21,871958;1,132252E+0;1,165411E-1;1,032929E+1;1,124120E+0;;
02/12/2021  12:05:21,872058;1,132720E+0;1,268406E-2;1,032929E+1;1,124433E+0;;
02/12/2021  12:05:21,872158;1,132533E+0;1,523270E-2;1,032929E+1;1,124753E+0;;
02/12/2021  12:05:21,872258;1,133042E+0;1,809992E-2;1,032929E+1;1,125079E+0;;
02/12/2021  12:05:21,872358;1,132708E+0;4,581638E-2;1,032929E+1;1,125410E+0;;
02/12/2021  12:05:21,872458;1,132381E+0;1,555128E-2;1,032929E+1;1,125744E+0;;
02/12/2021  12:05:21,872558;1,132980E+0;1,459554E-2;1,032929E+1;1,126081E+0;;
02/12/2021  12:05:21,872658;1,133373E+0;1,523270E-2;1,032929E+1;1,126419E+0;;
02/12/2021  12:05:21,872758;1,134193E+0;1,618844E-2;1,032929E+1;1,126757E+0;;
02/12/2021  12:05:21,872858;1,133623E+0;7,905358E-3;1,032929E+1;1,127094E+0;;
02/12/2021  12:05:21,872958;1,134604E+0;1,109116E-2;1,032929E+1;1,127429E+0;;
02/12/2021  12:05:21,873058;1,135268E+0;1,300264E-2;1,032929E+1;1,127762E+0;;
02/12/2021  12:05:21,873158;1,136100E+0;1,809992E-2;1,032929E+1;1,128093E+0;;
02/12/2021  12:05:21,873258;1,136455E+0;1,650702E-2;1,032929E+1;1,128420E+0;;
02/12/2021  12:05:21,873358;1,135876E+0;1,714418E-2;1,032929E+1;1,128745E+0;;
02/12/2021  12:05:21,873458;1,136824E+0;1,523270E-2;1,032929E+1;1,129065E+0;;
02/12/2021  12:05:21,873558;1,137623E+0;1,586986E-2;1,032929E+1;1,129382E+0;;
02/12/2021  12:05:21,873658;1,138276E+0;1,523270E-2;1,032929E+1;1,129695E+0;;
02/12/2021  12:05:21,873758;1,138785E+0;1,618844E-2;1,032929E+1;1,130005E+0;;
02/12/2021  12:05:21,873858;1,139191E+0;1,618844E-2;1,032929E+1;1,130311E+0;;
02/12/2021  12:05:21,873958;1,140266E+0;1,268406E-2;1,032929E+1;1,130613E+0;;
02/12/2021  12:05:21,874058;1,141390E+0;1,586986E-2;1,032929E+1;1,130913E+0;;
02/12/2021  12:05:21,874158;1,141447E+0;1,459554E-2;1,032929E+1;1,131210E+0;;
02/12/2021  12:05:21,874258;1,141515E+0;1,491412E-2;1,032929E+1;1,131505E+0;;
02/12/2021  12:05:21,874358;1,141488E+0;6,312458E-3;1,032929E+1;1,131798E+0;;
02/12/2021  12:05:21,874458;1,142198E+0;1,746276E-2;1,032929E+1;1,132090E+0;;
02/12/2021  12:05:21,874558;1,142764E+0;1,746276E-2;1,032929E+1;1,132381E+0;;
02/12/2021  12:05:21,874658;1,143664E+0;1,555128E-2;1,032929E+1;1,132672E+0;;
02/12/2021  12:05:21,874758;1,143637E+0;1,459554E-2;1,032929E+1;1,132962E+0;;
02/12/2021  12:05:21,874858;1,143300E+0;7,905358E-3;1,032929E+1;1,133252E+0;;
02/12/2021  12:05:21,874958;1,144075E+0;1,905566E-2;1,032929E+1;1,133543E+0;;
02/12/2021  12:05:21,875058;1,144364E+0;1,045400E-2;1,032929E+1;1,133834E+0;;
02/12/2021  12:05:21,875158;1,144522E+0;8,861098E-3;1,032929E+1;1,134126E+0;;
02/12/2021  12:05:21,875258;1,144174E+0;1,618844E-2;1,032929E+1;1,134419E+0;;
02/12/2021  12:05:21,875358;1,143411E+0;1,969282E-2;1,032929E+1;1,134713E+0;;
02/12/2021  12:05:21,875458;1,143259E+0;1,778134E-2;1,032929E+1;1,135008E+0;;
02/12/2021  12:05:21,875558;1,143369E+0;1,363980E-2;1,032929E+1;1,135303E+0;;
02/12/2021  12:05:21,875658;1,142123E+0;1,491412E-2;1,032929E+1;1,135599E+0;;
02/12/2021  12:05:21,875758;1,142141E+0;1,682560E-2;1,032929E+1;1,135894E+0;;
02/12/2021  12:05:21,875858;1,141250E+0;1,586986E-2;1,032929E+1;1,136188E+0;;
02/12/2021  12:05:21,875958;1,141640E+0;1,682560E-2;1,032929E+1;1,136481E+0;;
02/12/2021  12:05:21,876058;1,141462E+0;1,395838E-2;1,032929E+1;1,136771E+0;;
02/12/2021  12:05:21,876158;1,140520E+0;1,555128E-2;1,032929E+1;1,137058E+0;;
02/12/2021  12:05:21,876258;1,140231E+0;1,586986E-2;1,032929E+1;1,137341E+0;;
02/12/2021  12:05:21,876358;1,138898E+0;1,045400E-2;1,032929E+1;1,137619E+0;;
02/12/2021  12:05:21,876458;1,139936E+0;1,332122E-2;1,032929E+1;1,137891E+0;;
02/12/2021  12:05:21,876558;1,139983E+0;1,236548E-2;1,032929E+1;1,138156E+0;;
02/12/2021  12:05:21,876658;1,140272E+0;1,363980E-2;1,032929E+1;1,138414E+0;;
02/12/2021  12:05:21,876758;1,139649E+0;1,332122E-2;1,032929E+1;1,138664E+0;;
02/12/2021  12:05:21,876858;1,139852E+0;1,332122E-2;1,032929E+1;1,138904E+0;;
02/12/2021  12:05:21,876958;1,140597E+0;1,332122E-2;1,032929E+1;1,139136E+0;;
02/12/2021  12:05:21,877058;1,140651E+0;1,427696E-2;1,032929E+1;1,139358E+0;;
02/12/2021  12:05:21,877158;1,140854E+0;1,395838E-2;1,032929E+1;1,139571E+0;;
02/12/2021  12:05:21,877258;1,140344E+0;1,332122E-2;1,032929E+1;1,139773E+0;;
02/12/2021  12:05:21,877358;1,140308E+0;9,179678E-3;1,032929E+1;1,139966E+0;;
02/12/2021  12:05:21,877458;1,140862E+0;1,363980E-2;1,032929E+1;1,140148E+0;;
02/12/2021  12:05:21,877558;1,141047E+0;1,459554E-2;1,032929E+1;1,140321E+0;;
02/12/2021  12:05:21,877658;1,141011E+0;1,618844E-2;1,032929E+1;1,140483E+0;;
02/12/2021  12:05:21,877758;1,141006E+0;1,650702E-2;1,032929E+1;1,140635E+0;;
02/12/2021  12:05:21,877858;1,141074E+0;1,555128E-2;1,032929E+1;1,140777E+0;;
02/12/2021  12:05:21,877958;1,141241E+0;1,650702E-2;1,032929E+1;1,140910E+0;;
02/12/2021  12:05:21,878058;1,141470E+0;1,841850E-2;1,032929E+1;1,141033E+0;;
02/12/2021  12:05:21,878158;1,141450E+0;1,714418E-2;1,032929E+1;1,141148E+0;;
02/12/2021  12:05:21,878258;1,141494E+0;1,650702E-2;1,032929E+1;1,141253E+0;;
02/12/2021  12:05:21,878358;1,141244E+0;1,714418E-2;1,032929E+1;1,141350E+0;;
02/12/2021  12:05:21,878458;1,141998E+0;1,268406E-2;1,032929E+1;1,141439E+0;;
02/12/2021  12:05:21,878558;1,142129E+0;1,109116E-2;1,032929E+1;1,141520E+0;;
02/12/2021  12:05:21,878658;1,141566E+0;1,013542E-2;1,032929E+1;1,141593E+0;;
02/12/2021  12:05:21,878758;1,142013E+0;1,491412E-2;1,032929E+1;1,141660E+0;;
02/12/2021  12:05:21,878858;1,141962E+0;1,618844E-2;1,032929E+1;1,141720E+0;;
02/12/2021  12:05:21,878958;1,142180E+0;1,586986E-2;1,032929E+1;1,141774E+0;;
02/12/2021  12:05:21,879058;1,142093E+0;1,300264E-2;1,032929E+1;1,141822E+0;;
02/12/2021  12:05:21,879158;1,141834E+0;1,618844E-2;1,032929E+1;1,141865E+0;;
02/12/2021  12:05:21,879258;1,140830E+0;1,746276E-2;1,032929E+1;1,141902E+0;;
02/12/2021  12:05:21,879358;1,141160E+0;1,491412E-2;1,032929E+1;1,141935E+0;;
02/12/2021  12:05:21,879458;1,140502E+0;1,363980E-2;1,032929E+1;1,141963E+0;;
02/12/2021  12:05:21,879558;1,140284E+0;1,586986E-2;1,032929E+1;1,141986E+0;;
02/12/2021  12:05:21,879658;1,138952E+0;1,491412E-2;1,032929E+1;1,142005E+0;;
02/12/2021  12:05:21,879758;1,137861E+0;1,618844E-2;1,032929E+1;1,142019E+0;;
02/12/2021  12:05:21,879858;1,137981E+0;1,618844E-2;1,032929E+1;1,142027E+0;;
02/12/2021  12:05:21,879958;1,137265E+0;4,400978E-3;1,032929E+1;1,142030E+0;;
02/12/2021  12:05:21,880058;1,136398E+0;2,808078E-3;1,032929E+1;1,142027E+0;;
02/12/2021  12:05:21,880158;1,135784E+0;5,038138E-3;1,032929E+1;1,142018E+0;;
02/12/2021  12:05:21,880258;1,134622E+0;5,675298E-3;1,032929E+1;1,142001E+0;;
02/12/2021  12:05:21,880358;1,134938E+0;1,852338E-3;1,032929E+1;1,141977E+0;;
02/12/2021  12:05:21,880458;1,135066E+0;5,780180E-4;1,032929E+1;1,141945E+0;;
02/12/2021  12:05:21,880558;1,134035E+0;5,993878E-3;1,032929E+1;1,141904E+0;;
02/12/2021  12:05:21,880658;1,133030E+0;1,852338E-3;1,032929E+1;1,141854E+0;;
02/12/2021  12:05:21,880758;1,132854E+0;8,965980E-4;1,032929E+1;1,141795E+0;;
02/12/2021  12:05:21,880858;1,133260E+0;8,965980E-4;1,032929E+1;1,141725E+0;;
02/12/2021  12:05:21,880958;1,133072E+0;5,780180E-4;1,032929E+1;1,141645E+0;;
02/12/2021  12:05:21,881058;1,133021E+0;1,533758E-3;1,032929E+1;1,141555E+0;;
02/12/2021  12:05:21,881158;1,132452E+0;1,533758E-3;1,032929E+1;1,141454E+0;;
02/12/2021  12:05:21,881258;1,131546E+0;1,215178E-3;1,032929E+1;1,141342E+0;;
02/12/2021  12:05:21,881358;1,132157E+0;1,215178E-3;1,032929E+1;1,141219E+0;;
02/12/2021  12:05:21,881458;1,132112E+0;1,852338E-3;1,032929E+1;1,141086E+0;;
02/12/2021  12:05:21,881558;1,131278E+0;5,780180E-4;1,032929E+1;1,140942E+0;;
02/12/2021  12:05:21,881658;1,131024E+0;8,965980E-4;1,032929E+1;1,140788E+0;;
02/12/2021  12:05:21,881758;1,130843E+0;1,533758E-3;1,032929E+1;1,140623E+0;;
02/12/2021  12:05:21,881858;1,131823E+0;8,965980E-4;1,032929E+1;1,140448E+0;;
02/12/2021  12:05:21,881958;1,132682E+0;1,215178E-3;1,032929E+1;1,140263E+0;;
02/12/2021  12:05:21,882058;1,132452E+0;1,533758E-3;1,032929E+1;1,140070E+0;;
02/12/2021  12:05:21,882158;1,131895E+0;1,215178E-3;1,032929E+1;1,139867E+0;;
02/12/2021  12:05:21,882258;1,130914E+0;1,533758E-3;1,032929E+1;1,139657E+0;;
02/12/2021  12:05:21,882358;1,131281E+0;1,215178E-3;1,032929E+1;1,139440E+0;;
02/12/2021  12:05:21,882458;1,132217E+0;1,533758E-3;1,032929E+1;1,139216E+0;;
02/12/2021  12:05:21,882558;1,132717E+0;1,215178E-3;1,032929E+1;1,138986E+0;;
02/12/2021  12:05:21,882658;1,133257E+0;8,965980E-4;1,032929E+1;1,138751E+0;;
02/12/2021  12:05:21,882758;1,133754E+0;1,215178E-3;1,032929E+1;1,138511E+0;;
02/12/2021  12:05:21,882858;1,135122E+0;4,400978E-3;1,032929E+1;1,138269E+0;;
02/12/2021  12:05:21,882958;1,134994E+0;1,215178E-3;1,032929E+1;1,138025E+0;;
02/12/2021  12:05:21,883058;1,134497E+0;1,215178E-3;1,032929E+1;1,137780E+0;;
02/12/2021  12:05:21,883158;1,134798E+0;1,852338E-3;1,032929E+1;1,137536E+0;;
02/12/2021  12:05:21,883258;1,135015E+0;1,852338E-3;1,032929E+1;1,137293E+0;;
02/12/2021  12:05:21,883358;1,135975E+0;1,852338E-3;1,032929E+1;1,137053E+0;;
02/12/2021  12:05:21,883458;1,136654E+0;2,170918E-3;1,032929E+1;1,136817E+0;;
02/12/2021  12:05:21,883558;1,136538E+0;4,719558E-3;1,032929E+1;1,136586E+0;;
02/12/2021  12:05:21,883658;1,136157E+0;1,300264E-2;1,032929E+1;1,136360E+0;;
02/12/2021  12:05:21,883758;1,136252E+0;1,332122E-2;1,032929E+1;1,136142E+0;;
02/12/2021  12:05:21,883858;1,136273E+0;1,332122E-2;1,032929E+1;1,135931E+0;;
02/12/2021  12:05:21,883958;1,136344E+0;1,140974E-2;1,032929E+1;1,135729E+0;;
02/12/2021  12:05:21,884058;1,136547E+0;1,618844E-2;1,032929E+1;1,135536E+0;;
02/12/2021  12:05:21,884158;1,136762E+0;1,268406E-2;1,032929E+1;1,135352E+0;;
02/12/2021  12:05:21,884258;1,137322E+0;1,268406E-2;1,032929E+1;1,135179E+0;;
02/12/2021  12:05:21,884358;1,137229E+0;2,808078E-3;1,032929E+1;1,135016E+0;;
02/12/2021  12:05:21,884458;1,136568E+0;1,395838E-2;1,032929E+1;1,134864E+0;;
02/12/2021  12:05:21,884558;1,135334E+0;1,682560E-2;1,032929E+1;1,134724E+0;;
02/12/2021  12:05:21,884658;1,135063E+0;1,459554E-2;1,032929E+1;1,134595E+0;;
02/12/2021  12:05:21,884758;1,135710E+0;1,363980E-2;1,032929E+1;1,134477E+0;;
02/12/2021  12:05:21,884858;1,136398E+0;6,631038E-3;1,032929E+1;1,134369E+0;;
02/12/2021  12:05:21,884958;1,136437E+0;1,809992E-2;1,032929E+1;1,134273E+0;;
02/12/2021  12:05:21,885058;1,135236E+0;1,395838E-2;1,032929E+1;1,134187E+0;;
02/12/2021  12:05:21,885158;1,134419E+0;1,204690E-2;1,032929E+1;1,134112E+0;;
02/12/2021  12:05:21,885258;1,134169E+0;1,395838E-2;1,032929E+1;1,134046E+0;;
02/12/2021  12:05:21,885358;1,133966E+0;1,682560E-2;1,032929E+1;1,133990E+0;;
02/12/2021  12:05:21,885458;1,133823E+0;1,682560E-2;1,032929E+1;1,133942E+0;;
02/12/2021  12:05:21,885558;1,132944E+0;1,491412E-2;1,032929E+1;1,133902E+0;;
02/12/2021  12:05:21,885658;1,132398E+0;1,746276E-2;1,032929E+1;1,133869E+0;;
02/12/2021  12:05:21,885758;1,133042E+0;1,555128E-2;1,032929E+1;1,133843E+0;;
02/12/2021  12:05:21,885858;1,132878E+0;1,650702E-2;1,032929E+1;1,133822E+0;;
02/12/2021  12:05:21,885958;1,132279E+0;1,778134E-2;1,032929E+1;1,133806E+0;;
02/12/2021  12:05:21,886058;1,130163E+0;1,523270E-2;1,032929E+1;1,133794E+0;;
02/12/2021  12:05:21,886158;1,129549E+0;1,586986E-2;1,032929E+1;1,133785E+0;;
02/12/2021  12:05:21,886258;1,128858E+0;1,268406E-2;1,032929E+1;1,133778E+0;;
02/12/2021  12:05:21,886358;1,128602E+0;1,395838E-2;1,032929E+1;1,133771E+0;;
02/12/2021  12:05:21,886458;1,128059E+0;1,491412E-2;1,032929E+1;1,133764E+0;;
02/12/2021  12:05:21,886558;1,126226E+0;1,363980E-2;1,032929E+1;1,133755E+0;;
02/12/2021  12:05:21,886658;1,125487E+0;1,586986E-2;1,032929E+1;1,133742E+0;;
02/12/2021  12:05:21,886758;1,126378E+0;1,586986E-2;1,032929E+1;1,133726E+0;;
02/12/2021  12:05:21,886858;1,126128E+0;1,555128E-2;1,032929E+1;1,133704E+0;;
02/12/2021  12:05:21,886958;1,124656E+0;1,491412E-2;1,032929E+1;1,133676E+0;;
02/12/2021  12:05:21,887058;1,122626E+0;6,949618E-3;1,032929E+1;1,133639E+0;;
02/12/2021  12:05:21,887158;1,121249E+0;1,300264E-2;1,032929E+1;1,133595E+0;;
02/12/2021  12:05:21,887258;1,121485E+0;1,491412E-2;1,032929E+1;1,133540E+0;;
02/12/2021  12:05:21,887358;1,120620E+0;1,332122E-2;1,032929E+1;1,133474E+0;;
02/12/2021  12:05:21,887458;1,120263E+0;1,586986E-2;1,032929E+1;1,133396E+0;;
02/12/2021  12:05:21,887558;1,118635E+0;1,682560E-2;1,032929E+1;1,133304E+0;;
02/12/2021  12:05:21,887658;1,118147E+0;1,555128E-2;1,032929E+1;1,133198E+0;;
02/12/2021  12:05:21,887758;1,118018E+0;1,523270E-2;1,032929E+1;1,133077E+0;;
02/12/2021  12:05:21,887858;1,118641E+0;1,555128E-2;1,032929E+1;1,132939E+0;;
02/12/2021  12:05:21,887958;1,117399E+0;1,586986E-2;1,032929E+1;1,132785E+0;;
02/12/2021  12:05:21,888058;1,116078E+0;1,523270E-2;1,032929E+1;1,132614E+0;;
02/12/2021  12:05:21,888158;1,116025E+0;1,650702E-2;1,032929E+1;1,132426E+0;;
02/12/2021  12:05:21,888258;1,116189E+0;1,586986E-2;1,032929E+1;1,132220E+0;;
02/12/2021  12:05:21,888358;1,115995E+0;1,555128E-2;1,032929E+1;1,131996E+0;;
02/12/2021  12:05:21,888458;1,115530E+0;1,714418E-2;1,032929E+1;1,131754E+0;;
02/12/2021  12:05:21,888558;1,114231E+0;1,332122E-2;1,032929E+1;1,131494E+0;;
02/12/2021  12:05:21,888658;1,113772E+0;1,459554E-2;1,032929E+1;1,131217E+0;;
02/12/2021  12:05:21,888758;1,113563E+0;1,268406E-2;1,032929E+1;1,130922E+0;;
02/12/2021  12:05:21,888858;1,113357E+0;1,555128E-2;1,032929E+1;1,130610E+0;;
02/12/2021  12:05:21,888958;1,112433E+0;1,300264E-2;1,032929E+1;1,130280E+0;;
02/12/2021  12:05:21,889058;1,110589E+0;1,332122E-2;1,032929E+1;1,129934E+0;;
02/12/2021  12:05:21,889158;1,109733E+0;1,300264E-2;1,032929E+1;1,129572E+0;;
02/12/2021  12:05:21,889258;1,109247E+0;1,395838E-2;1,032929E+1;1,129193E+0;;
02/12/2021  12:05:21,889358;1,108914E+0;1,523270E-2;1,032929E+1;1,128798E+0;;
02/12/2021  12:05:21,889458;1,107146E+0;1,204690E-2;1,032929E+1;1,128387E+0;;
02/12/2021  12:05:21,889558;1,105510E+0;6,631038E-3;1,032929E+1;1,127960E+0;;
02/12/2021  12:05:21,889658;1,105147E+0;1,459554E-2;1,032929E+1;1,127517E+0;;
02/12/2021  12:05:21,889758;1,105424E+0;6,270112E-2;1,032929E+1;1,127057E+0;;
02/12/2021  12:05:21,889858;1,105123E+0;9,169190E-2;1,032929E+1;1,126583E+0;;
02/12/2021  12:05:21,889958;1,104524E+0;7,066562E-2;1,032929E+1;1,126092E+0;;
02/12/2021  12:05:21,890058;1,102873E+0;1,459554E-2;1,032929E+1;1,125587E+0;;
02/12/2021  12:05:21,890158;1,102190E+0;1,459554E-2;1,032929E+1;1,125067E+0;;
02/12/2021  12:05:21,890258;1,102133E+0;1,077258E-2;1,032929E+1;1,124532E+0;;
02/12/2021  12:05:21,890358;1,102151E+0;9,179678E-3;1,032929E+1;1,123984E+0;;
02/12/2021  12:05:21,890458;1,101850E+0;1,268406E-2;1,032929E+1;1,123422E+0;;
02/12/2021  12:05:21,890558;1,100867E+0;3,445238E-3;1,032929E+1;1,122847E+0;;
02/12/2021  12:05:21,890658;1,101353E+0;8,542518E-3;1,032929E+1;1,122261E+0;;
02/12/2021  12:05:21,890758;1,101412E+0;1,236548E-2;1,032929E+1;1,121663E+0;;
02/12/2021  12:05:21,890858;1,101216E+0;1,332122E-2;1,032929E+1;1,121055E+0;;
02/12/2021  12:05:21,890958;1,099544E+0;1,523270E-2;1,032929E+1;1,120438E+0;;
02/12/2021  12:05:21,891058;1,098751E+0;1,618844E-2;1,032929E+1;1,119812E+0;;
02/12/2021  12:05:21,891158;1,098876E+0;1,140974E-2;1,032929E+1;1,119178E+0;;
02/12/2021  12:05:21,891258;1,098685E+0;1,714418E-2;1,032929E+1;1,118538E+0;;
02/12/2021  12:05:21,891358;1,098509E+0;1,841850E-2;1,032929E+1;1,117892E+0;;
02/12/2021  12:05:21,891458;1,097943E+0;3,211744E-2;1,032929E+1;1,117241E+0;;
02/12/2021  12:05:21,891558;1,097568E+0;8,563888E-2;1,032929E+1;1,116586E+0;;
02/12/2021  12:05:21,891658;1,097061E+0;1,491412E-2;1,032929E+1;1,115928E+0;;
02/12/2021  12:05:21,891758;1,096966E+0;1,077258E-2;1,032929E+1;1,115267E+0;;
02/12/2021  12:05:21,891858;1,096632E+0;1,841850E-2;1,032929E+1;1,114604E+0;;
02/12/2021  12:05:21,891958;1,095017E+0;2,797590E-2;1,032929E+1;1,113941E+0;;
02/12/2021  12:05:21,892058;1,094963E+0;5,218798E-2;1,032929E+1;1,113278E+0;;
02/12/2021  12:05:21,892158;1,095899E+0;1,268406E-2;1,032929E+1;1,112616E+0;;
02/12/2021  12:05:21,892258;1,096045E+0;1,427696E-2;1,032929E+1;1,111955E+0;;
02/12/2021  12:05:21,892358;1,096012E+0;2,415294E-2;1,032929E+1;1,111297E+0;;
02/12/2021  12:05:21,892458;1,095410E+0;1,618844E-2;1,032929E+1;1,110641E+0;;
02/12/2021  12:05:21,892558;1,095347E+0;7,905358E-3;1,032929E+1;1,109990E+0;;
02/12/2021  12:05:21,892658;1,095097E+0;1,523270E-2;1,032929E+1;1,109344E+0;;
02/12/2021  12:05:21,892758;1,095464E+0;1,395838E-2;1,032929E+1;1,108704E+0;;
02/12/2021  12:05:21,892858;1,095025E+0;1,427696E-2;1,032929E+1;1,108070E+0;;
02/12/2021  12:05:21,892958;1,093762E+0;1,459554E-2;1,032929E+1;1,107445E+0;;
02/12/2021  12:05:21,893058;1,094385E+0;1,427696E-2;1,032929E+1;1,106827E+0;;
02/12/2021  12:05:21,893158;1,093500E+0;9,816838E-3;1,032929E+1;1,106218E+0;;
02/12/2021  12:05:21,893258;1,093109E+0;1,555128E-2;1,032929E+1;1,105618E+0;;
02/12/2021  12:05:21,893358;1,092453E+0;1,618844E-2;1,032929E+1;1,105028E+0;;
02/12/2021  12:05:21,893458;1,090355E+0;1,618844E-2;1,032929E+1;1,104448E+0;;
02/12/2021  12:05:21,893558;1,089348E+0;1,491412E-2;1,032929E+1;1,103879E+0;;
02/12/2021  12:05:21,893658;1,089515E+0;1,682560E-2;1,032929E+1;1,103318E+0;;
02/12/2021  12:05:21,893758;1,089139E+0;1,650702E-2;1,032929E+1;1,102768E+0;;
02/12/2021  12:05:21,893858;1,088388E+0;1,523270E-2;1,032929E+1;1,102226E+0;;
02/12/2021  12:05:21,893958;1,086755E+0;1,459554E-2;1,032929E+1;1,101694E+0;;
02/12/2021  12:05:21,894058;1,086856E+0;1,236548E-2;1,032929E+1;1,101169E+0;;
02/12/2021  12:05:21,894158;1,087295E+0;1,395838E-2;1,032929E+1;1,100653E+0;;
02/12/2021  12:05:21,894258;1,087652E+0;1,459554E-2;1,032929E+1;1,100145E+0;;
02/12/2021  12:05:21,894358;1,087500E+0;1,077258E-2;1,032929E+1;1,099644E+0;;
02/12/2021  12:05:21,894458;1,087941E+0;1,172832E-2;1,032929E+1;1,099150E+0;;
02/12/2021  12:05:21,894558;1,089178E+0;1,714418E-2;1,032929E+1;1,098665E+0;;
02/12/2021  12:05:21,894658;1,089884E+0;1,332122E-2;1,032929E+1;1,098187E+0;;
02/12/2021  12:05:21,894758;1,090394E+0;2,489498E-3;1,032929E+1;1,097717E+0;;
02/12/2021  12:05:21,894858;1,090206E+0;1,268406E-2;1,032929E+1;1,097256E+0;;
02/12/2021  12:05:21,894958;1,090686E+0;1,809992E-2;1,032929E+1;1,096806E+0;;
02/12/2021  12:05:21,895058;1,091613E+0;1,586986E-2;1,032929E+1;1,096365E+0;;
02/12/2021  12:05:21,895158;1,092701E+0;1,395838E-2;1,032929E+1;1,095936E+0;;
02/12/2021  12:05:21,895258;1,093610E+0;1,109116E-2;1,032929E+1;1,095519E+0;;
02/12/2021  12:05:21,895358;1,093690E+0;1,268406E-2;1,032929E+1;1,095115E+0;;
02/12/2021  12:05:21,895458;1,093270E+0;1,586986E-2;1,032929E+1;1,094725E+0;;
02/12/2021  12:05:21,895558;1,095240E+0;1,491412E-2;1,032929E+1;1,094350E+0;;
02/12/2021  12:05:21,895658;1,095565E+0;1,459554E-2;1,032929E+1;1,093992E+0;;
02/12/2021  12:05:21,895758;1,096072E+0;1,459554E-2;1,032929E+1;1,093650E+0;;
02/12/2021  12:05:21,895858;1,096173E+0;1,586986E-2;1,032929E+1;1,093327E+0;;
02/12/2021  12:05:21,895958;1,097261E+0;1,491412E-2;1,032929E+1;1,093022E+0;;
02/12/2021  12:05:21,896058;1,099269E+0;1,300264E-2;1,032929E+1;1,092738E+0;;
02/12/2021  12:05:21,896158;1,100667E+0;1,427696E-2;1,032929E+1;1,092474E+0;;
02/12/2021  12:05:21,896258;1,101323E+0;1,618844E-2;1,032929E+1;1,092232E+0;;
02/12/2021  12:05:21,896358;1,102351E+0;1,650702E-2;1,032929E+1;1,092014E+0;;
02/12/2021  12:05:21,896458;1,103108E+0;4,400978E-3;1,032929E+1;1,091820E+0;;
02/12/2021  12:05:21,896558;1,105591E+0;1,650702E-2;1,032929E+1;1,091651E+0;;
02/12/2021  12:05:21,896658;1,107307E+0;1,650702E-2;1,032929E+1;1,091509E+0;;
02/12/2021  12:05:21,896758;1,107900E+0;1,682560E-2;1,032929E+1;1,091395E+0;;
02/12/2021  12:05:21,896858;1,108416E+0;1,586986E-2;1,032929E+1;1,091311E+0;;
02/12/2021  12:05:21,896958;1,110297E+0;1,268406E-2;1,032929E+1;1,091257E+0;;
02/12/2021  12:05:21,897058;1,112043E+0;1,459554E-2;1,032929E+1;1,091234E+0;;
02/12/2021  12:05:21,897158;1,113369E+0;1,459554E-2;1,032929E+1;1,091244E+0;;
02/12/2021  12:05:21,897258;1,113760E+0;1,586986E-2;1,032929E+1;1,091287E+0;;
02/12/2021  12:05:21,897358;1,114540E+0;1,427696E-2;1,032929E+1;1,091365E+0;;
02/12/2021  12:05:21,897458;1,116272E+0;8,542518E-3;1,032929E+1;1,091478E+0;;
02/12/2021  12:05:21,897558;1,118024E+0;1,523270E-2;1,032929E+1;1,091628E+0;;
02/12/2021  12:05:21,897658;1,119243E+0;1,618844E-2;1,032929E+1;1,091813E+0;;
02/12/2021  12:05:21,897758;1,119526E+0;1,523270E-2;1,032929E+1;1,092035E+0;;
02/12/2021  12:05:21,897858;1,119804E+0;1,555128E-2;1,032929E+1;1,092295E+0;;
02/12/2021  12:05:21,897958;1,120978E+0;1,332122E-2;1,032929E+1;1,092593E+0;;
02/12/2021  12:05:21,898058;1,122385E+0;1,332122E-2;1,032929E+1;1,092927E+0;;
02/12/2021  12:05:21,898158;1,123553E+0;1,714418E-2;1,032929E+1;1,093299E+0;;
02/12/2021  12:05:21,898258;1,123630E+0;1,491412E-2;1,032929E+1;1,093708E+0;;
02/12/2021  12:05:21,898358;1,123875E+0;1,714418E-2;1,032929E+1;1,094153E+0;;
02/12/2021  12:05:21,898458;1,125922E+0;1,682560E-2;1,032929E+1;1,094635E+0;;
02/12/2021  12:05:21,898558;1,127144E+0;1,618844E-2;1,032929E+1;1,095151E+0;;
02/12/2021  12:05:21,898658;1,128664E+0;1,586986E-2;1,032929E+1;1,095703E+0;;
02/12/2021  12:05:21,898758;1,128682E+0;1,650702E-2;1,032929E+1;1,096288E+0;;
02/12/2021  12:05:21,898858;1,129722E+0;1,618844E-2;1,032929E+1;1,096906E+0;;
02/12/2021  12:05:21,898958;1,131323E+0;1,650702E-2;1,032929E+1;1,097557E+0;;
02/12/2021  12:05:21,899058;1,133293E+0;1,650702E-2;1,032929E+1;1,098240E+0;;
02/12/2021  12:05:21,899158;1,135578E+0;1,650702E-2;1,032929E+1;1,098953E+0;;
02/12/2021  12:05:21,899258;1,136207E+0;1,714418E-2;1,032929E+1;1,099696E+0;;
02/12/2021  12:05:21,899358;1,137888E+0;1,491412E-2;1,032929E+1;1,100469E+0;;
02/12/2021  12:05:21,899458;1,140278E+0;1,491412E-2;1,032929E+1;1,101271E+0;;
02/12/2021  12:05:21,899558;1,142302E+0;1,491412E-2;1,032929E+1;1,102102E+0;;
02/12/2021  12:05:21,899658;1,143882E+0;7,905358E-3;1,032929E+1;1,102961E+0;;
02/12/2021  12:05:21,899758;1,144555E+0;1,236548E-2;1,032929E+1;1,103848E+0;;
02/12/2021  12:05:21,899858;1,146322E+0;1,363980E-2;1,032929E+1;1,104762E+0;;
02/12/2021  12:05:21,899958;1,148525E+0;7,586778E-3;1,032929E+1;1,105704E+0;;
02/12/2021  12:05:21,900058;1,150289E+0;1,533758E-3;1,032929E+1;1,106672E+0;;
02/12/2021  12:05:21,900158;1,151052E+0;1,852338E-3;1,032929E+1;1,107667E+0;;
02/12/2021  12:05:21,900258;1,151818E+0;6,631038E-3;1,032929E+1;1,108688E+0;;
02/12/2021  12:05:21,900358;1,153472E+0;5,993878E-3;1,032929E+1;1,109734E+0;;
02/12/2021  12:05:21,900458;1,154503E+0;3,126658E-3;1,032929E+1;1,110806E+0;;
02/12/2021  12:05:21,900558;1,155886E+0;1,852338E-3;1,032929E+1;1,111902E+0;;
02/12/2021  12:05:21,900658;1,156554E+0;4,082398E-3;1,032929E+1;1,113021E+0;;
02/12/2021  12:05:21,900758;1,156742E+0;1,852338E-3;1,032929E+1;1,114163E+0;;
02/12/2021  12:05:21,900858;1,158112E+0;1,852338E-3;1,032929E+1;1,115326E+0;;
02/12/2021  12:05:21,900958;1,159790E+0;1,852338E-3;1,032929E+1;1,116509E+0;;
02/12/2021  12:05:21,901058;1,161534E+0;1,533758E-3;1,032929E+1;1,117712E+0;;
02/12/2021  12:05:21,901158;1,162467E+0;1,852338E-3;1,032929E+1;1,118932E+0;;
02/12/2021  12:05:21,901258;1,163176E+0;1,533758E-3;1,032929E+1;1,120170E+0;;
02/12/2021  12:05:21,901358;1,165149E+0;1,533758E-3;1,032929E+1;1,121424E+0;;
02/12/2021  12:05:21,901458;1,167024E+0;1,215178E-3;1,032929E+1;1,122693E+0;;
02/12/2021  12:05:21,901558;1,168845E+0;1,533758E-3;1,032929E+1;1,123975E+0;;
02/12/2021  12:05:21,901658;1,170174E+0;1,533758E-3;1,032929E+1;1,125271E+0;;
02/12/2021  12:05:21,901758;1,170549E+0;1,215178E-3;1,032929E+1;1,126580E+0;;
02/12/2021  12:05:21,901858;1,172284E+0;1,852338E-3;1,032929E+1;1,127900E+0;;
02/12/2021  12:05:21,901958;1,173953E+0;1,215178E-3;1,032929E+1;1,129231E+0;;
02/12/2021  12:05:21,902058;1,173798E+0;1,215178E-3;1,032929E+1;1,130572E+0;;
02/12/2021  12:05:21,902158;1,173610E+0;1,215178E-3;1,032929E+1;1,131922E+0;;
02/12/2021  12:05:21,902258;1,174397E+0;8,965980E-4;1,032929E+1;1,133280E+0;;
02/12/2021  12:05:21,902358;1,175616E+0;1,533758E-3;1,032929E+1;1,134644E+0;;
02/12/2021  12:05:21,902458;1,176170E+0;2,594380E-4;1,032929E+1;1,136014E+0;;
02/12/2021  12:05:21,902558;1,176590E+0;1,533758E-3;1,032929E+1;1,137388E+0;;
02/12/2021  12:05:21,902658;1,176295E+0;1,215178E-3;1,032929E+1;1,138764E+0;;
02/12/2021  12:05:21,902758;1,175833E+0;1,852338E-3;1,032929E+1;1,140141E+0;;
02/12/2021  12:05:21,902858;1,176298E+0;1,215178E-3;1,032929E+1;1,141517E+0;;
02/12/2021  12:05:21,902958;1,176644E+0;1,215178E-3;1,032929E+1;1,142891E+0;;
02/12/2021  12:05:21,903058;1,176897E+0;1,215178E-3;1,032929E+1;1,144260E+0;;
02/12/2021  12:05:21,903158;1,176793E+0;1,533758E-3;1,032929E+1;1,145622E+0;;
02/12/2021  12:05:21,903258;1,176006E+0;2,489498E-3;1,032929E+1;1,146976E+0;;
02/12/2021  12:05:21,903358;1,177136E+0;4,082398E-3;1,032929E+1;1,148319E+0;;
02/12/2021  12:05:21,903458;1,177499E+0;8,861098E-3;1,032929E+1;1,149651E+0;;
02/12/2021  12:05:21,903558;1,177034E+0;2,489498E-3;1,032929E+1;1,150967E+0;;
02/12/2021  12:05:21,903658;1,176081E+0;1,172832E-2;1,032929E+1;1,152268E+0;;
02/12/2021  12:05:21,903758;1,175929E+0;1,268406E-2;1,032929E+1;1,153551E+0;;
02/12/2021  12:05:21,903858;1,176644E+0;9,816838E-3;1,032929E+1;1,154814E+0;;
02/12/2021  12:05:21,903958;1,177005E+0;6,312458E-3;1,032929E+1;1,156055E+0;;
02/12/2021  12:05:21,904058;1,177291E+0;1,491412E-2;1,032929E+1;1,157273E+0;;
02/12/2021  12:05:21,904158;1,176742E+0;6,949618E-3;1,032929E+1;1,158465E+0;;
02/12/2021  12:05:21,904258;1,176471E+0;1,363980E-2;1,032929E+1;1,159631E+0;;
02/12/2021  12:05:21,904358;1,177005E+0;6,312458E-3;1,032929E+1;1,160770E+0;;
02/12/2021  12:05:21,904458;1,177130E+0;7,586778E-3;1,032929E+1;1,161879E+0;;
02/12/2021  12:05:21,904558;1,176492E+0;2,001140E-2;1,032929E+1;1,162958E+0;;
02/12/2021  12:05:21,904658;1,175097E+0;8,542518E-3;1,032929E+1;1,164005E+0;;
02/12/2021  12:05:21,904758;1,174525E+0;9,498258E-3;1,032929E+1;1,165020E+0;;
02/12/2021  12:05:21,904858;1,174990E+0;2,808078E-3;1,032929E+1;1,166001E+0;;
02/12/2021  12:05:21,904958;1,174692E+0;1,586986E-2;1,032929E+1;1,166947E+0;;
02/12/2021  12:05:21,905058;1,172850E+0;1,969282E-2;1,032929E+1;1,167858E+0;;
02/12/2021  12:05:21,905158;1,170812E+0;6,949618E-3;1,032929E+1;1,168731E+0;;
02/12/2021  12:05:21,905258;1,170603E+0;7,905358E-3;1,032929E+1;1,169566E+0;;
02/12/2021  12:05:21,905358;1,170534E+0;1,109116E-2;1,032929E+1;1,170361E+0;;
02/12/2021  12:05:21,905458;1,169688E+0;1,300264E-2;1,032929E+1;1,171116E+0;;
02/12/2021  12:05:21,905558;1,169181E+0;1,363980E-2;1,032929E+1;1,171829E+0;;
02/12/2021  12:05:21,905658;1,168558E+0;1,491412E-2;1,032929E+1;1,172500E+0;;
02/12/2021  12:05:21,905758;1,168895E+0;1,586986E-2;1,032929E+1;1,173128E+0;;
02/12/2021  12:05:21,905858;1,169515E+0;1,523270E-2;1,032929E+1;1,173712E+0;;
02/12/2021  12:05:21,905958;1,169646E+0;1,300264E-2;1,032929E+1;1,174252E+0;;
02/12/2021  12:05:21,906058;1,169137E+0;1,459554E-2;1,032929E+1;1,174749E+0;;
02/12/2021  12:05:21,906158;1,168424E+0;1,204690E-2;1,032929E+1;1,175202E+0;;
02/12/2021  12:05:21,906258;1,169143E+0;1,109116E-2;1,032929E+1;1,175612E+0;;
02/12/2021  12:05:21,906358;1,169926E+0;1,459554E-2;1,032929E+1;1,175979E+0;;
02/12/2021  12:05:21,906458;1,169649E+0;1,586986E-2;1,032929E+1;1,176305E+0;;
02/12/2021  12:05:21,906558;1,168523E+0;1,427696E-2;1,032929E+1;1,176590E+0;;
02/12/2021  12:05:21,906658;1,166931E+0;1,586986E-2;1,032929E+1;1,176836E+0;;
02/12/2021  12:05:21,906758;1,166356E+0;1,491412E-2;1,032929E+1;1,177042E+0;;
02/12/2021  12:05:21,906858;1,166064E+0;1,363980E-2;1,032929E+1;1,177210E+0;;
02/12/2021  12:05:21,906958;1,164964E+0;1,491412E-2;1,032929E+1;1,177340E+0;;
02/12/2021  12:05:21,907058;1,163322E+0;1,586986E-2;1,032929E+1;1,177434E+0;;
02/12/2021  12:05:21,907158;1,161480E+0;1,523270E-2;1,032929E+1;1,177491E+0;;
02/12/2021  12:05:21,907258;1,161072E+0;1,523270E-2;1,032929E+1;1,177512E+0;;
02/12/2021  12:05:21,907358;1,161033E+0;1,363980E-2;1,032929E+1;1,177498E+0;;
02/12/2021  12:05:21,907458;1,159781E+0;1,332122E-2;1,032929E+1;1,177448E+0;;
02/12/2021  12:05:21,907558;1,158011E+0;1,650702E-2;1,032929E+1;1,177364E+0;;
02/12/2021  12:05:21,907658;1,157293E+0;1,491412E-2;1,032929E+1;1,177246E+0;;
02/12/2021  12:05:21,907758;1,157150E+0;1,363980E-2;1,032929E+1;1,177094E+0;;
02/12/2021  12:05:21,907858;1,156765E+0;1,363980E-2;1,032929E+1;1,176908E+0;;
02/12/2021  12:05:21,907958;1,156342E+0;1,268406E-2;1,032929E+1;1,176690E+0;;
02/12/2021  12:05:21,908058;1,154998E+0;1,650702E-2;1,032929E+1;1,176440E+0;;
02/12/2021  12:05:21,908158;1,154029E+0;1,204690E-2;1,032929E+1;1,176158E+0;;
02/12/2021  12:05:21,908258;1,154360E+0;1,459554E-2;1,032929E+1;1,175846E+0;;
02/12/2021  12:05:21,908358;1,153961E+0;1,395838E-2;1,032929E+1;1,175504E+0;;
02/12/2021  12:05:21,908458;1,152998E+0;1,459554E-2;1,032929E+1;1,175134E+0;;
02/12/2021  12:05:21,908558;1,151234E+0;8,223938E-3;1,032929E+1;1,174736E+0;;
02/12/2021  12:05:21,908658;1,150244E+0;1,427696E-2;1,032929E+1;1,174311E+0;;
02/12/2021  12:05:21,908758;1,150212E+0;1,332122E-2;1,032929E+1;1,173861E+0;;
02/12/2021  12:05:21,908858;1,149997E+0;1,555128E-2;1,032929E+1;1,173385E+0;;
02/12/2021  12:05:21,908958;1,149687E+0;1,491412E-2;1,032929E+1;1,172885E+0;;
02/12/2021  12:05:21,909058;1,148057E+0;5,675298E-3;1,032929E+1;1,172362E+0;;
02/12/2021  12:05:21,909158;1,147765E+0;1,459554E-2;1,032929E+1;1,171817E+0;;
02/12/2021  12:05:21,909258;1,148346E+0;1,523270E-2;1,032929E+1;1,171252E+0;;
02/12/2021  12:05:21,909358;1,148614E+0;1,459554E-2;1,032929E+1;1,170666E+0;;
02/12/2021  12:05:21,909458;1,147860E+0;1,586986E-2;1,032929E+1;1,170062E+0;;
02/12/2021  12:05:21,909558;1,146188E+0;1,491412E-2;1,032929E+1;1,169442E+0;;
02/12/2021  12:05:21,909658;1,146614E+0;1,491412E-2;1,032929E+1;1,168806E+0;;
02/12/2021  12:05:21,909758;1,147064E+0;1,332122E-2;1,032929E+1;1,168156E+0;;
02/12/2021  12:05:21,909858;1,146778E+0;2,064856E-2;1,032929E+1;1,167493E+0;;
02/12/2021  12:05:21,909958;1,145443E+0;1,650702E-2;1,032929E+1;1,166818E+0;;
02/12/2021  12:05:21,910058;1,143822E+0;1,332122E-2;1,032929E+1;1,166134E+0;;
02/12/2021  12:05:21,910158;1,144221E+0;4,103768E-2;1,032929E+1;1,165441E+0;;
02/12/2021  12:05:21,910258;1,144358E+0;1,490363E-1;1,032929E+1;1,164741E+0;;
02/12/2021  12:05:21,910358;1,143786E+0;9,647060E-2;1,032929E+1;1,164034E+0;;
02/12/2021  12:05:21,910458;1,142594E+0;2,415294E-2;1,032929E+1;1,163322E+0;;
02/12/2021  12:05:21,910558;1,141098E+0;1,778134E-2;1,032929E+1;1,162606E+0;;
02/12/2021  12:05:21,910658;1,141086E+0;1,905566E-2;1,032929E+1;1,161887E+0;;
02/12/2021  12:05:21,910758;1,141432E+0;1,841850E-2;1,032929E+1;1,161166E+0;;
02/12/2021  12:05:21,910858;1,140761E+0;1,618844E-2;1,032929E+1;1,160443E+0;;
02/12/2021  12:05:21,910958;1,139933E+0;1,618844E-2;1,032929E+1;1,159720E+0;;
02/12/2021  12:05:21,911058;1,139274E+0;1,809992E-2;1,032929E+1;1,158997E+0;;
02/12/2021  12:05:21,911158;1,140058E+0;7,268198E-3;1,032929E+1;1,158275E+0;;
02/12/2021  12:05:21,911258;1,140064E+0;1,427696E-2;1,032929E+1;1,157555E+0;;
02/12/2021  12:05:21,911358;1,139939E+0;1,746276E-2;1,032929E+1;1,156837E+0;;
02/12/2021  12:05:21,911458;1,138133E+0;2,096714E-2;1,032929E+1;1,156124E+0;;
02/12/2021  12:05:21,911558;1,136812E+0;2,256004E-2;1,032929E+1;1,155415E+0;;
02/12/2021  12:05:21,911658;1,136723E+0;1,586986E-2;1,032929E+1;1,154711E+0;;
02/12/2021  12:05:21,911758;1,136240E+0;1,650702E-2;1,032929E+1;1,154012E+0;;
02/12/2021  12:05:21,911858;1,135727E+0;1,841850E-2;1,032929E+1;1,153319E+0;;
02/12/2021  12:05:21,911958;1,133847E+0;1,066652E-1;1,032929E+1;1,152633E+0;;
02/12/2021  12:05:21,912058;1,133117E+0;2,829448E-2;1,032929E+1;1,151952E+0;;
02/12/2021  12:05:21,912158;1,132884E+0;1,491412E-2;1,032929E+1;1,151278E+0;;
02/12/2021  12:05:21,912258;1,132807E+0;1,268406E-2;1,032929E+1;1,150610E+0;;
02/12/2021  12:05:21,912358;1,132038E+0;1,650702E-2;1,032929E+1;1,149947E+0;;
02/12/2021  12:05:21,912458;1,130077E+0;1,586986E-2;1,032929E+1;1,149291E+0;;
02/12/2021  12:05:21,912558;1,129305E+0;7,586778E-3;1,032929E+1;1,148641E+0;;
02/12/2021  12:05:21,912658;1,129686E+0;1,491412E-2;1,032929E+1;1,147997E+0;;
02/12/2021  12:05:21,912758;1,129457E+0;1,618844E-2;1,032929E+1;1,147358E+0;;
02/12/2021  12:05:21,912858;1,128858E+0;1,650702E-2;1,032929E+1;1,146724E+0;;
02/12/2021  12:05:21,912958;1,127660E+0;1,873708E-2;1,032929E+1;1,146095E+0;;
02/12/2021  12:05:21,913058;1,127657E+0;1,523270E-2;1,032929E+1;1,145471E+0;;
02/12/2021  12:05:21,913158;1,128023E+0;1,523270E-2;1,032929E+1;1,144852E+0;;
02/12/2021  12:05:21,913258;1,127666E+0;1,491412E-2;1,032929E+1;1,144238E+0;;
02/12/2021  12:05:21,913358;1,126342E+0;1,491412E-2;1,032929E+1;1,143628E+0;;
02/12/2021  12:05:21,913458;1,125746E+0;7,586778E-3;1,032929E+1;1,143024E+0;;
02/12/2021  12:05:21,913558;1,125597E+0;1,045400E-2;1,032929E+1;1,142424E+0;;
02/12/2021  12:05:21,913658;1,126119E+0;1,172832E-2;1,032929E+1;1,141829E+0;;
02/12/2021  12:05:21,913758;1,126533E+0;1,555128E-2;1,032929E+1;1,141239E+0;;
02/12/2021  12:05:21,913858;1,126003E+0;1,427696E-2;1,032929E+1;1,140653E+0;;
02/12/2021  12:05:21,913958;1,124802E+0;1,332122E-2;1,032929E+1;1,140073E+0;;
02/12/2021  12:05:21,914058;1,125320E+0;1,682560E-2;1,032929E+1;1,139499E+0;;
02/12/2021  12:05:21,914158;1,125639E+0;1,714418E-2;1,032929E+1;1,138930E+0;;
02/12/2021  12:05:21,914258;1,126074E+0;1,618844E-2;1,032929E+1;1,138367E+0;;
02/12/2021  12:05:21,914358;1,125144E+0;1,555128E-2;1,032929E+1;1,137811E+0;;
02/12/2021  12:05:21,914458;1,124641E+0;1,491412E-2;1,032929E+1;1,137262E+0;;
02/12/2021  12:05:21,914558;1,124590E+0;1,045400E-2;1,032929E+1;1,136720E+0;;
02/12/2021  12:05:21,914658;1,124927E+0;1,491412E-2;1,032929E+1;1,136186E+0;;
02/12/2021  12:05:21,914758;1,124882E+0;1,332122E-2;1,032929E+1;1,135659E+0;;
02/12/2021  12:05:21,914858;1,123070E+0;4,719558E-3;1,032929E+1;1,135141E+0;;
02/12/2021  12:05:21,914958;1,122757E+0;6,949618E-3;1,032929E+1;1,134631E+0;;
02/12/2021  12:05:21,915058;1,122721E+0;9,498258E-3;1,032929E+1;1,134130E+0;;
02/12/2021  12:05:21,915158;1,123607E+0;1,332122E-2;1,032929E+1;1,133637E+0;;
02/12/2021  12:05:21,915258;1,122855E+0;1,300264E-2;1,032929E+1;1,133153E+0;;
02/12/2021  12:05:21,915358;1,121690E+0;1,427696E-2;1,032929E+1;1,132678E+0;;
02/12/2021  12:05:21,915458;1,121070E+0;1,459554E-2;1,032929E+1;1,132212E+0;;
02/12/2021  12:05:21,915558;1,120897E+0;1,491412E-2;1,032929E+1;1,131754E+0;;
02/12/2021  12:05:21,915658;1,121073E+0;1,204690E-2;1,032929E+1;1,131305E+0;;
02/12/2021  12:05:21,915758;1,121175E+0;1,523270E-2;1,032929E+1;1,130864E+0;;
02/12/2021  12:05:21,915858;1,121040E+0;1,332122E-2;1,032929E+1;1,130431E+0;;
02/12/2021  12:05:21,915958;1,119935E+0;1,395838E-2;1,032929E+1;1,130007E+0;;
02/12/2021  12:05:21,916058;1,121297E+0;1,204690E-2;1,032929E+1;1,129591E+0;;
02/12/2021  12:05:21,916158;1,121443E+0;1,268406E-2;1,032929E+1;1,129183E+0;;
02/12/2021  12:05:21,916258;1,120233E+0;1,395838E-2;1,032929E+1;1,128784E+0;;
02/12/2021  12:05:21,916358;1,119258E+0;1,204690E-2;1,032929E+1;1,128393E+0;;
02/12/2021  12:05:21,916458;1,118623E+0;1,268406E-2;1,032929E+1;1,128010E+0;;
02/12/2021  12:05:21,916558;1,118477E+0;8,542518E-3;1,032929E+1;1,127635E+0;;
02/12/2021  12:05:21,916658;1,118576E+0;1,427696E-2;1,032929E+1;1,127268E+0;;
02/12/2021  12:05:21,916758;1,117104E+0;1,236548E-2;1,032929E+1;1,126909E+0;;
02/12/2021  12:05:21,916858;1,115587E+0;1,300264E-2;1,032929E+1;1,126556E+0;;
02/12/2021  12:05:21,916958;1,114630E+0;1,395838E-2;1,032929E+1;1,126210E+0;;
02/12/2021  12:05:21,917058;1,114967E+0;9,816838E-3;1,032929E+1;1,125869E+0;;
02/12/2021  12:05:21,917158;1,114827E+0;1,459554E-2;1,032929E+1;1,125533E+0;;
02/12/2021  12:05:21,917258;1,113912E+0;1,555128E-2;1,032929E+1;1,125202E+0;;
02/12/2021  12:05:21,917358;1,111998E+0;1,809992E-2;1,032929E+1;1,124873E+0;;
02/12/2021  12:05:21,917458;1,111620E+0;1,746276E-2;1,032929E+1;1,124548E+0;;
02/12/2021  12:05:21,917558;1,112094E+0;1,491412E-2;1,032929E+1;1,124225E+0;;
02/12/2021  12:05:21,917658;1,111793E+0;1,650702E-2;1,032929E+1;1,123903E+0;;
02/12/2021  12:05:21,917758;1,111065E+0;1,523270E-2;1,032929E+1;1,123581E+0;;
02/12/2021  12:05:21,917858;1,109924E+0;1,555128E-2;1,032929E+1;1,123260E+0;;
02/12/2021  12:05:21,917958;1,109537E+0;1,618844E-2;1,032929E+1;1,122938E+0;;
02/12/2021  12:05:21,918058;1,110225E+0;1,236548E-2;1,032929E+1;1,122614E+0;;
02/12/2021  12:05:21,918158;1,110860E+0;1,268406E-2;1,032929E+1;1,122289E+0;;
02/12/2021  12:05:21,918258;1,109405E+0;1,650702E-2;1,032929E+1;1,121962E+0;;
02/12/2021  12:05:21,918358;1,108079E+0;1,459554E-2;1,032929E+1;1,121633E+0;;
02/12/2021  12:05:21,918458;1,108803E+0;1,172832E-2;1,032929E+1;1,121302E+0;;
02/12/2021  12:05:21,918558;1,109152E+0;1,459554E-2;1,032929E+1;1,120968E+0;;
02/12/2021  12:05:21,918658;1,108601E+0;1,650702E-2;1,032929E+1;1,120631E+0;;
02/12/2021  12:05:21,918758;1,108046E+0;1,778134E-2;1,032929E+1;1,120292E+0;;
02/12/2021  12:05:21,918858;1,107334E+0;1,204690E-2;1,032929E+1;1,119949E+0;;
02/12/2021  12:05:21,918958;1,108189E+0;1,778134E-2;1,032929E+1;1,119604E+0;;
02/12/2021  12:05:21,919058;1,108482E+0;1,778134E-2;1,032929E+1;1,119257E+0;;
02/12/2021  12:05:21,919158;1,108634E+0;1,268406E-2;1,032929E+1;1,118907E+0;;
02/12/2021  12:05:21,919258;1,108014E+0;1,650702E-2;1,032929E+1;1,118556E+0;;
02/12/2021  12:05:21,919358;1,107072E+0;1,618844E-2;1,032929E+1;1,118202E+0;;
02/12/2021  12:05:21,919458;1,107942E+0;1,555128E-2;1,032929E+1;1,117848E+0;;
02/12/2021  12:05:21,919558;1,108687E+0;1,459554E-2;1,032929E+1;1,117493E+0;;
02/12/2021  12:05:21,919658;1,108437E+0;1,268406E-2;1,032929E+1;1,117137E+0;;
02/12/2021  12:05:21,919758;1,107969E+0;1,523270E-2;1,032929E+1;1,116781E+0;;
02/12/2021  12:05:21,919858;1,107474E+0;1,395838E-2;1,032929E+1;1,116427E+0;;
02/12/2021  12:05:21,919958;1,108538E+0;1,077258E-2;1,032929E+1;1,116074E+0;;
02/12/2021  12:05:21,920058;1,108973E+0;1,533758E-3;1,032929E+1;1,115722E+0;;
02/12/2021  12:05:21,920158;1,108899E+0;1,852338E-3;1,032929E+1;1,115374E+0;;
02/12/2021  12:05:21,920258;1,108192E+0;4,719558E-3;1,032929E+1;1,115028E+0;;
02/12/2021  12:05:21,920358;1,107948E+0;8,542518E-3;1,032929E+1;1,114686E+0;;
02/12/2021  12:05:21,920458;1,109122E+0;1,533758E-3;1,032929E+1;1,114349E+0;;
02/12/2021  12:05:21,920558;1,109402E+0;8,965980E-4;1,032929E+1;1,114017E+0;;
02/12/2021  12:05:21,920658;1,109551E+0;1,533758E-3;1,032929E+1;1,113691E+0;;
02/12/2021  12:05:21,920758;1,109730E+0;2,808078E-3;1,032929E+1;1,113371E+0;;
02/12/2021  12:05:21,920858;1,109686E+0;1,215178E-3;1,032929E+1;1,113058E+0;;
02/12/2021  12:05:21,920958;1,111286E+0;5,780180E-4;1,032929E+1;1,112754E+0;;
02/12/2021  12:05:21,921058;1,111808E+0;1,215178E-3;1,032929E+1;1,112457E+0;;
02/12/2021  12:05:21,921158;1,111456E+0;1,215178E-3;1,032929E+1;1,112171E+0;;
02/12/2021  12:05:21,921258;1,110800E+0;1,215178E-3;1,032929E+1;1,111894E+0;;
02/12/2021  12:05:21,921358;1,110723E+0;8,965980E-4;1,032929E+1;1,111629E+0;;
02/12/2021  12:05:21,921458;1,112031E+0;1,533758E-3;1,032929E+1;1,111375E+0;;
02/12/2021  12:05:21,921558;1,112579E+0;1,215178E-3;1,032929E+1;1,111133E+0;;
02/12/2021  12:05:21,921658;1,111617E+0;8,965980E-4;1,032929E+1;1,110904E+0;;
02/12/2021  12:05:21,921758;1,110845E+0;1,533758E-3;1,032929E+1;1,110687E+0;;
02/12/2021  12:05:21,921858;1,111590E+0;8,965980E-4;1,032929E+1;1,110484E+0;;
02/12/2021  12:05:21,921958;1,111572E+0;1,215178E-3;1,032929E+1;1,110294E+0;;
02/12/2021  12:05:21,922058;1,111563E+0;8,965980E-4;1,032929E+1;1,110117E+0;;
02/12/2021  12:05:21,922158;1,111018E+0;1,533758E-3;1,032929E+1;1,109954E+0;;
02/12/2021  12:05:21,922258;1,109689E+0;1,215178E-3;1,032929E+1;1,109804E+0;;
02/12/2021  12:05:21,922358;1,109465E+0;1,533758E-3;1,032929E+1;1,109667E+0;;
02/12/2021  12:05:21,922458;1,111089E+0;4,400978E-3;1,032929E+1;1,109543E+0;;
02/12/2021  12:05:21,922558;1,110204E+0;1,215178E-3;1,032929E+1;1,109431E+0;;
02/12/2021  12:05:21,922658;1,109751E+0;8,965980E-4;1,032929E+1;1,109330E+0;;
02/12/2021  12:05:21,922758;1,109289E+0;8,965980E-4;1,032929E+1;1,109241E+0;;
02/12/2021  12:05:21,922858;1,110150E+0;1,533758E-3;1,032929E+1;1,109162E+0;;
02/12/2021  12:05:21,922958;1,110520E+0;1,533758E-3;1,032929E+1;1,109094E+0;;
02/12/2021  12:05:21,923058;1,110615E+0;1,215178E-3;1,032929E+1;1,109035E+0;;
02/12/2021  12:05:21,923158;1,110955E+0;5,780180E-4;1,032929E+1;1,108985E+0;;
02/12/2021  12:05:21,923258;1,110794E+0;4,719558E-3;1,032929E+1;1,108945E+0;;
02/12/2021  12:05:21,923358;1,111635E+0;8,223938E-3;1,032929E+1;1,108913E+0;;
02/12/2021  12:05:21,923458;1,113390E+0;5,038138E-3;1,032929E+1;1,108890E+0;;
02/12/2021  12:05:21,923558;1,113962E+0;1,533758E-3;1,032929E+1;1,108875E+0;;
02/12/2021  12:05:21,923658;1,114731E+0;2,808078E-3;1,032929E+1;1,108869E+0;;
02/12/2021  12:05:21,923758;1,114692E+0;7,586778E-3;1,032929E+1;1,108872E+0;;
02/12/2021  12:05:21,923858;1,117086E+0;9,498258E-3;1,032929E+1;1,108884E+0;;
02/12/2021  12:05:21,923958;1,118448E+0;7,586778E-3;1,032929E+1;1,108906E+0;;
02/12/2021  12:05:21,924058;1,119190E+0;1,459554E-2;1,032929E+1;1,108938E+0;;
02/12/2021  12:05:21,924158;1,119372E+0;1,363980E-2;1,032929E+1;1,108982E+0;;
02/12/2021  12:05:21,924258;1,119395E+0;1,204690E-2;1,032929E+1;1,109038E+0;;
02/12/2021  12:05:21,924358;1,120155E+0;1,236548E-2;1,032929E+1;1,109106E+0;;
02/12/2021  12:05:21,924458;1,121875E+0;3,126658E-3;1,032929E+1;1,109187E+0;;
02/12/2021  12:05:21,924558;1,122569E+0;1,523270E-2;1,032929E+1;1,109283E+0;;
02/12/2021  12:05:21,924658;1,122596E+0;1,618844E-2;1,032929E+1;1,109392E+0;;
02/12/2021  12:05:21,924758;1,122468E+0;1,459554E-2;1,032929E+1;1,109517E+0;;
02/12/2021  12:05:21,924858;1,124226E+0;1,109116E-2;1,032929E+1;1,109657E+0;;
02/12/2021  12:05:21,924958;1,125940E+0;1,586986E-2;1,032929E+1;1,109813E+0;;
02/12/2021  12:05:21,925058;1,125848E+0;1,714418E-2;1,032929E+1;1,109985E+0;;
02/12/2021  12:05:21,925158;1,125883E+0;1,523270E-2;1,032929E+1;1,110174E+0;;
02/12/2021  12:05:21,925258;1,125970E+0;6,312458E-3;1,032929E+1;1,110380E+0;;
02/12/2021  12:05:21,925358;1,127693E+0;1,682560E-2;1,032929E+1;1,110603E+0;;
02/12/2021  12:05:21,925458;1,128953E+0;1,300264E-2;1,032929E+1;1,110844E+0;;
02/12/2021  12:05:21,925558;1,129648E+0;1,459554E-2;1,032929E+1;1,111102E+0;;
02/12/2021  12:05:21,925658;1,129588E+0;1,491412E-2;1,032929E+1;1,111378E+0;;
02/12/2021  12:05:21,925758;1,129981E+0;1,491412E-2;1,032929E+1;1,111672E+0;;
02/12/2021  12:05:21,925858;1,131671E+0;4,719558E-3;1,032929E+1;1,111984E+0;;
02/12/2021  12:05:21,925958;1,132902E+0;1,523270E-2;1,032929E+1;1,112314E+0;;
02/12/2021  12:05:21,926058;1,132735E+0;1,523270E-2;1,032929E+1;1,112662E+0;;
02/12/2021  12:05:21,926158;1,132714E+0;1,395838E-2;1,032929E+1;1,113028E+0;;
02/12/2021  12:05:21,926258;1,132941E+0;1,682560E-2;1,032929E+1;1,113412E+0;;
02/12/2021  12:05:21,926358;1,134264E+0;1,523270E-2;1,032929E+1;1,113813E+0;;
02/12/2021  12:05:21,926458;1,134732E+0;1,555128E-2;1,032929E+1;1,114232E+0;;
02/12/2021  12:05:21,926558;1,134428E+0;1,523270E-2;1,032929E+1;1,114667E+0;;
02/12/2021  12:05:21,926658;1,134798E+0;1,586986E-2;1,032929E+1;1,115118E+0;;
02/12/2021  12:05:21,926758;1,135215E+0;1,332122E-2;1,032929E+1;1,115585E+0;;
02/12/2021  12:05:21,926858;1,136577E+0;1,140974E-2;1,032929E+1;1,116067E+0;;
02/12/2021  12:05:21,926958;1,137221E+0;1,459554E-2;1,032929E+1;1,116563E+0;;
02/12/2021  12:05:21,927058;1,136911E+0;1,555128E-2;1,032929E+1;1,117073E+0;;
02/12/2021  12:05:21,927158;1,136535E+0;1,555128E-2;1,032929E+1;1,117596E+0;;
02/12/2021  12:05:21,927258;1,136648E+0;1,395838E-2;1,032929E+1;1,118131E+0;;
02/12/2021  12:05:21,927358;1,138043E+0;7,905358E-3;1,032929E+1;1,118676E+0;;
02/12/2021  12:05:21,927458;1,138526E+0;1,363980E-2;1,032929E+1;1,119232E+0;;
02/12/2021  12:05:21,927558;1,138386E+0;1,586986E-2;1,032929E+1;1,119798E+0;;
02/12/2021  12:05:21,927658;1,138383E+0;1,650702E-2;1,032929E+1;1,120371E+0;;
02/12/2021  12:05:21,927758;1,138574E+0;1,332122E-2;1,032929E+1;1,120952E+0;;
02/12/2021  12:05:21,927858;1,140088E+0;1,586986E-2;1,032929E+1;1,121540E+0;;
02/12/2021  12:05:21,927958;1,139667E+0;1,714418E-2;1,032929E+1;1,122133E+0;;
02/12/2021  12:05:21,928058;1,139605E+0;1,618844E-2;1,032929E+1;1,122730E+0;;
02/12/2021  12:05:21,928158;1,139614E+0;1,523270E-2;1,032929E+1;1,123332E+0;;
02/12/2021  12:05:21,928258;1,140061E+0;1,395838E-2;1,032929E+1;1,123936E+0;;
02/12/2021  12:05:21,928358;1,140654E+0;1,586986E-2;1,032929E+1;1,124541E+0;;
02/12/2021  12:05:21,928458;1,140296E+0;1,268406E-2;1,032929E+1;1,125148E+0;;
02/12/2021  12:05:21,928558;1,140436E+0;1,523270E-2;1,032929E+1;1,125754E+0;;
02/12/2021  12:05:21,928658;1,140347E+0;1,427696E-2;1,032929E+1;1,126359E+0;;
02/12/2021  12:05:21,928758;1,141286E+0;1,140974E-2;1,032929E+1;1,126961E+0;;
02/12/2021  12:05:21,928858;1,142171E+0;1,300264E-2;1,032929E+1;1,127561E+0;;
02/12/2021  12:05:21,928958;1,143107E+0;1,491412E-2;1,032929E+1;1,128156E+0;;
02/12/2021  12:05:21,929058;1,142567E+0;1,204690E-2;1,032929E+1;1,128748E+0;;
02/12/2021  12:05:21,929158;1,142239E+0;-6,963020E-4;1,032929E+1;1,129334E+0;;
02/12/2021  12:05:21,929258;1,143879E+0;1,236548E-2;1,032929E+1;1,129915E+0;;
02/12/2021  12:05:21,929358;1,144287E+0;1,268406E-2;1,032929E+1;1,130490E+0;;
02/12/2021  12:05:21,929458;1,144677E+0;1,332122E-2;1,032929E+1;1,131059E+0;;
02/12/2021  12:05:21,929558;1,143870E+0;7,268198E-3;1,032929E+1;1,131621E+0;;
02/12/2021  12:05:21,929658;1,144260E+0;5,780180E-4;1,032929E+1;1,132175E+0;;
02/12/2021  12:05:21,929758;1,145217E+0;1,618844E-2;1,032929E+1;1,132723E+0;;
02/12/2021  12:05:21,929858;1,146251E+0;1,077258E-2;1,032929E+1;1,133262E+0;;
02/12/2021  12:05:21,929958;1,145437E+0;1,491412E-2;1,032929E+1;1,133794E+0;;
02/12/2021  12:05:21,930058;1,145187E+0;1,077258E-2;1,032929E+1;1,134318E+0;;
02/12/2021  12:05:21,930158;1,144981E+0;1,236548E-2;1,032929E+1;1,134833E+0;;
02/12/2021  12:05:21,930258;1,145807E+0;1,109116E-2;1,032929E+1;1,135340E+0;;
02/12/2021  12:05:21,930358;1,145968E+0;1,204690E-2;1,032929E+1;1,135837E+0;;
02/12/2021  12:05:21,930458;1,146245E+0;1,491412E-2;1,032929E+1;1,136326E+0;;
02/12/2021  12:05:21,930558;1,145947E+0;3,084312E-2;1,032929E+1;1,136804E+0;;
02/12/2021  12:05:21,930658;1,145482E+0;1,586986E-2;1,032929E+1;1,137273E+0;;
02/12/2021  12:05:21,930758;1,146331E+0;1,491412E-2;1,032929E+1;1,137732E+0;;
02/12/2021  12:05:21,930858;1,146540E+0;1,523270E-2;1,032929E+1;1,138181E+0;;
02/12/2021  12:05:21,930958;1,146063E+0;1,746276E-2;1,032929E+1;1,138620E+0;;
02/12/2021  12:05:21,931058;1,145297E+0;1,937424E-2;1,032929E+1;1,139047E+0;;
02/12/2021  12:05:21,931158;1,144761E+0;1,714418E-2;1,032929E+1;1,139464E+0;;
02/12/2021  12:05:21,931258;1,145369E+0;1,300264E-2;1,032929E+1;1,139870E+0;;
02/12/2021  12:05:21,931358;1,145723E+0;7,905358E-3;1,032929E+1;1,140263E+0;;
02/12/2021  12:05:21,931458;1,144683E+0;1,363980E-2;1,032929E+1;1,140645E+0;;
02/12/2021  12:05:21,931558;1,143810E+0;1,459554E-2;1,032929E+1;1,141014E+0;;
02/12/2021  12:05:21,931658;1,143825E+0;1,682560E-2;1,032929E+1;1,141371E+0;;
02/12/2021  12:05:21,931758;1,144326E+0;1,682560E-2;1,032929E+1;1,141714E+0;;
02/12/2021  12:05:21,931858;1,144257E+0;1,586986E-2;1,032929E+1;1,142043E+0;;
02/12/2021  12:05:21,931958;1,143440E+0;1,327887E-1;1,032929E+1;1,142359E+0;;
02/12/2021  12:05:21,932058;1,142537E+0;1,127182E-1;1,032929E+1;1,142660E+0;;
02/12/2021  12:05:21,932158;1,142776E+0;1,555128E-2;1,032929E+1;1,142946E+0;;
02/12/2021  12:05:21,932258;1,143113E+0;1,395838E-2;1,032929E+1;1,143218E+0;;
02/12/2021  12:05:21,932358;1,143011E+0;1,714418E-2;1,032929E+1;1,143473E+0;;
02/12/2021  12:05:21,932458;1,142564E+0;1,650702E-2;1,032929E+1;1,143714E+0;;
02/12/2021  12:05:21,932558;1,142123E+0;1,523270E-2;1,032929E+1;1,143938E+0;;
02/12/2021  12:05:21,932658;1,142913E+0;1,459554E-2;1,032929E+1;1,144147E+0;;
02/12/2021  12:05:21,932758;1,143345E+0;1,300264E-2;1,032929E+1;1,144340E+0;;
02/12/2021  12:05:21,932858;1,143774E+0;1,682560E-2;1,032929E+1;1,144518E+0;;
02/12/2021  12:05:21,932958;1,142704E+0;1,586986E-2;1,032929E+1;1,144679E+0;;
02/12/2021  12:05:21,933058;1,142320E+0;1,491412E-2;1,032929E+1;1,144826E+0;;
02/12/2021  12:05:21,933158;1,142436E+0;1,300264E-2;1,032929E+1;1,144958E+0;;
02/12/2021  12:05:21,933258;1,143259E+0;1,395838E-2;1,032929E+1;1,145076E+0;;
02/12/2021  12:05:21,933358;1,142520E+0;1,427696E-2;1,032929E+1;1,145179E+0;;
02/12/2021  12:05:21,933458;1,141491E+0;1,523270E-2;1,032929E+1;1,145267E+0;;
02/12/2021  12:05:21,933558;1,140156E+0;1,077258E-2;1,032929E+1;1,145343E+0;;
02/12/2021  12:05:21,933658;1,140481E+0;1,523270E-2;1,032929E+1;1,145404E+0;;
02/12/2021  12:05:21,933758;1,140657E+0;1,491412E-2;1,032929E+1;1,145452E+0;;
02/12/2021  12:05:21,933858;1,140499E+0;1,555128E-2;1,032929E+1;1,145486E+0;;
02/12/2021  12:05:21,933958;1,138347E+0;1,363980E-2;1,032929E+1;1,145507E+0;;
02/12/2021  12:05:21,934058;1,137241E+0;-1,662530E-2;1,032929E+1;1,145515E+0;;
02/12/2021  12:05:21,934158;1,137629E+0;1,555128E-2;1,032929E+1;1,145508E+0;;
02/12/2021  12:05:21,934258;1,136440E+0;1,491412E-2;1,032929E+1;1,145488E+0;;
02/12/2021  12:05:21,934358;1,135766E+0;1,523270E-2;1,032929E+1;1,145454E+0;;
02/12/2021  12:05:21,934458;1,134836E+0;3,763818E-3;1,032929E+1;1,145406E+0;;
02/12/2021  12:05:21,934558;1,134210E+0;5,356718E-3;1,032929E+1;1,145343E+0;;
02/12/2021  12:05:21,934658;1,134225E+0;1,363980E-2;1,032929E+1;1,145265E+0;;
02/12/2021  12:05:21,934758;1,133912E+0;1,172832E-2;1,032929E+1;1,145171E+0;;
02/12/2021  12:05:21,934858;1,133200E+0;1,077258E-2;1,032929E+1;1,145063E+0;;
02/12/2021  12:05:21,934958;1,131925E+0;1,300264E-2;1,032929E+1;1,144939E+0;;
02/12/2021  12:05:21,935058;1,131418E+0;1,523270E-2;1,032929E+1;1,144799E+0;;
02/12/2021  12:05:21,935158;1,131293E+0;1,045400E-2;1,032929E+1;1,144644E+0;;
02/12/2021  12:05:21,935258;1,130858E+0;1,852338E-3;1,032929E+1;1,144473E+0;;
02/12/2021  12:05:21,935358;1,130083E+0;1,268406E-2;1,032929E+1;1,144286E+0;;
02/12/2021  12:05:21,935458;1,129150E+0;1,523270E-2;1,032929E+1;1,144083E+0;;
02/12/2021  12:05:21,935558;1,128363E+0;1,395838E-2;1,032929E+1;1,143864E+0;;
02/12/2021  12:05:21,935658;1,127928E+0;1,332122E-2;1,032929E+1;1,143630E+0;;
02/12/2021  12:05:21,935758;1,127335E+0;1,523270E-2;1,032929E+1;1,143379E+0;;
02/12/2021  12:05:21,935858;1,125830E+0;1,650702E-2;1,032929E+1;1,143112E+0;;
02/12/2021  12:05:21,935958;1,124188E+0;1,586986E-2;1,032929E+1;1,142830E+0;;
02/12/2021  12:05:21,936058;1,123204E+0;1,363980E-2;1,032929E+1;1,142531E+0;;
02/12/2021  12:05:21,936158;1,123019E+0;1,077258E-2;1,032929E+1;1,142216E+0;;
02/12/2021  12:05:21,936258;1,122039E+0;1,905566E-2;1,032929E+1;1,141884E+0;;
02/12/2021  12:05:21,936358;1,120984E+0;1,618844E-2;1,032929E+1;1,141536E+0;;
02/12/2021  12:05:21,936458;1,119330E+0;1,650702E-2;1,032929E+1;1,141170E+0;;
02/12/2021  12:05:21,936558;1,118620E+0;1,172832E-2;1,032929E+1;1,140788E+0;;
02/12/2021  12:05:21,936658;1,118957E+0;1,491412E-2;1,032929E+1;1,140388E+0;;
02/12/2021  12:05:21,936758;1,118677E+0;1,555128E-2;1,032929E+1;1,139970E+0;;
02/12/2021  12:05:21,936858;1,117077E+0;1,555128E-2;1,032929E+1;1,139535E+0;;
02/12/2021  12:05:21,936958;1,116671E+0;1,555128E-2;1,032929E+1;1,139083E+0;;
02/12/2021  12:05:21,937058;1,116165E+0;1,618844E-2;1,032929E+1;1,138614E+0;;
02/12/2021  12:05:21,937158;1,115926E+0;1,459554E-2;1,032929E+1;1,138129E+0;;
02/12/2021  12:05:21,937258;1,115375E+0;1,268406E-2;1,032929E+1;1,137627E+0;;
02/12/2021  12:05:21,937358;1,114946E+0;1,523270E-2;1,032929E+1;1,137109E+0;;
02/12/2021  12:05:21,937458;1,113775E+0;1,682560E-2;1,032929E+1;1,136576E+0;;
02/12/2021  12:05:21,937558;1,113566E+0;1,459554E-2;1,032929E+1;1,136028E+0;;
02/12/2021  12:05:21,937658;1,114278E+0;1,395838E-2;1,032929E+1;1,135466E+0;;
02/12/2021  12:05:21,937758;1,113086E+0;1,459554E-2;1,032929E+1;1,134890E+0;;
02/12/2021  12:05:21,937858;1,112100E+0;1,618844E-2;1,032929E+1;1,134302E+0;;
02/12/2021  12:05:21,937958;1,111891E+0;1,172832E-2;1,032929E+1;1,133702E+0;;
02/12/2021  12:05:21,938058;1,111787E+0;1,427696E-2;1,032929E+1;1,133090E+0;;
02/12/2021  12:05:21,938158;1,112186E+0;1,300264E-2;1,032929E+1;1,132468E+0;;
02/12/2021  12:05:21,938258;1,112374E+0;1,586986E-2;1,032929E+1;1,131837E+0;;
02/12/2021  12:05:21,938358;1,111837E+0;8,223938E-3;1,032929E+1;1,131198E+0;;
02/12/2021  12:05:21,938458;1,111393E+0;1,586986E-2;1,032929E+1;1,130552E+0;;
02/12/2021  12:05:21,938558;1,112609E+0;1,746276E-2;1,032929E+1;1,129899E+0;;
02/12/2021  12:05:21,938658;1,113351E+0;1,650702E-2;1,032929E+1;1,129243E+0;;
02/12/2021  12:05:21,938758;1,113441E+0;1,459554E-2;1,032929E+1;1,128583E+0;;
02/12/2021  12:05:21,938858;1,113146E+0;1,650702E-2;1,032929E+1;1,127922E+0;;
02/12/2021  12:05:21,938958;1,112365E+0;1,650702E-2;1,032929E+1;1,127261E+0;;
02/12/2021  12:05:21,939058;1,113667E+0;1,618844E-2;1,032929E+1;1,126601E+0;;
02/12/2021  12:05:21,939158;1,113912E+0;1,459554E-2;1,032929E+1;1,125945E+0;;
02/12/2021  12:05:21,939258;1,114138E+0;1,586986E-2;1,032929E+1;1,125293E+0;;
02/12/2021  12:05:21,939358;1,112874E+0;1,714418E-2;1,032929E+1;1,124648E+0;;
02/12/2021  12:05:21,939458;1,113569E+0;1,682560E-2;1,032929E+1;1,124010E+0;;
02/12/2021  12:05:21,939558;1,114388E+0;1,013542E-2;1,032929E+1;1,123381E+0;;
02/12/2021  12:05:21,939658;1,114457E+0;1,077258E-2;1,032929E+1;1,122762E+0;;
02/12/2021  12:05:21,939758;1,114639E+0;1,268406E-2;1,032929E+1;1,122155E+0;;
02/12/2021  12:05:21,939858;1,113307E+0;1,204690E-2;1,032929E+1;1,121560E+0;;
02/12/2021  12:05:21,939958;1,113614E+0;9,816838E-3;1,032929E+1;1,120980E+0;;
02/12/2021  12:05:21,940058;1,114040E+0;5,356718E-3;1,032929E+1;1,120414E+0;;
02/12/2021  12:05:21,940158;1,114013E+0;2,170918E-3;1,032929E+1;1,119864E+0;;
02/12/2021  12:05:21,940258;1,113968E+0;1,013542E-2;1,032929E+1;1,119331E+0;;
02/12/2021  12:05:21,940358;1,112830E+0;9,179678E-3;1,032929E+1;1,118814E+0;;
02/12/2021  12:05:21,940458;1,113301E+0;4,082398E-3;1,032929E+1;1,118315E+0;;
02/12/2021  12:05:21,940558;1,113646E+0;1,215178E-3;1,032929E+1;1,117834E+0;;
02/12/2021  12:05:21,940658;1,113548E+0;1,533758E-3;1,032929E+1;1,117372E+0;;
02/12/2021  12:05:21,940758;1,112690E+0;2,170918E-3;1,032929E+1;1,116928E+0;;
02/12/2021  12:05:21,940858;1,111372E+0;1,533758E-3;1,032929E+1;1,116503E+0;;
02/12/2021  12:05:21,940958;1,111447E+0;2,170918E-3;1,032929E+1;1,116096E+0;;
02/12/2021  12:05:21,941058;1,111438E+0;5,993878E-3;1,032929E+1;1,115708E+0;;
02/12/2021  12:05:21,941158;1,110937E+0;1,852338E-3;1,032929E+1;1,115338E+0;;
02/12/2021  12:05:21,941258;1,110353E+0;1,215178E-3;1,032929E+1;1,114985E+0;;
02/12/2021  12:05:21,941358;1,109653E+0;1,852338E-3;1,032929E+1;1,114650E+0;;
02/12/2021  12:05:21,941458;1,109730E+0;2,489498E-3;1,032929E+1;1,114331E+0;;
02/12/2021  12:05:21,941558;1,109462E+0;1,215178E-3;1,032929E+1;1,114027E+0;;
02/12/2021  12:05:21,941658;1,110326E+0;1,533758E-3;1,032929E+1;1,113739E+0;;
02/12/2021  12:05:21,941758;1,109259E+0;1,215178E-3;1,032929E+1;1,113466E+0;;
02/12/2021  12:05:21,941858;1,108598E+0;1,215178E-3;1,032929E+1;1,113206E+0;;
02/12/2021  12:05:21,941958;1,108332E+0;1,533758E-3;1,032929E+1;1,112959E+0;;
02/12/2021  12:05:21,942058;1,109167E+0;1,215178E-3;1,032929E+1;1,112725E+0;;
02/12/2021  12:05:21,942158;1,109098E+0;1,215178E-3;1,032929E+1;1,112502E+0;;
02/12/2021  12:05:21,942258;1,109110E+0;8,965980E-4;1,032929E+1;1,112291E+0;;
02/12/2021  12:05:21,942358;1,108011E+0;2,808078E-3;1,032929E+1;1,112090E+0;;
02/12/2021  12:05:21,942458;1,108800E+0;3,763818E-3;1,032929E+1;1,111900E+0;;
02/12/2021  12:05:21,942558;1,108648E+0;8,965980E-4;1,032929E+1;1,111719E+0;;
02/12/2021  12:05:21,942658;1,108303E+0;1,215178E-3;1,032929E+1;1,111546E+0;;
02/12/2021  12:05:21,942758;1,107310E+0;1,852338E-3;1,032929E+1;1,111382E+0;;
02/12/2021  12:05:21,942858;1,106383E+0;3,763818E-3;1,032929E+1;1,111226E+0;;
02/12/2021  12:05:21,942958;1,106774E+0;8,965980E-4;1,032929E+1;1,111077E+0;;
02/12/2021  12:05:21,943058;1,106947E+0;1,533758E-3;1,032929E+1;1,110934E+0;;
02/12/2021  12:05:21,943158;1,106371E+0;1,852338E-3;1,032929E+1;1,110797E+0;;
02/12/2021  12:05:21,943258;1,105558E+0;1,077258E-2;1,032929E+1;1,110664E+0;;
02/12/2021  12:05:21,943358;1,105179E+0;1,045400E-2;1,032929E+1;1,110536E+0;;
02/12/2021  12:05:21,943458;1,105552E+0;3,445238E-3;1,032929E+1;1,110411E+0;;
02/12/2021  12:05:21,943558;1,105319E+0;8,965980E-4;1,032929E+1;1,110289E+0;;
02/12/2021  12:05:21,943658;1,104503E+0;5,780180E-4;1,032929E+1;1,110170E+0;;
02/12/2021  12:05:21,943758;1,102601E+0;1,077258E-2;1,032929E+1;1,110051E+0;;
02/12/2021  12:05:21,943858;1,102303E+0;7,268198E-3;1,032929E+1;1,109934E+0;;
02/12/2021  12:05:21,943958;1,102244E+0;7,586778E-3;1,032929E+1;1,109816E+0;;
02/12/2021  12:05:21,944058;1,102899E+0;6,949618E-3;1,032929E+1;1,109698E+0;;
02/12/2021  12:05:21,944158;1,103659E+0;1,172832E-2;1,032929E+1;1,109577E+0;;
02/12/2021  12:05:21,944258;1,104342E+0;1,332122E-2;1,032929E+1;1,109455E+0;;
02/12/2021  12:05:21,944358;1,106336E+0;4,082398E-3;1,032929E+1;1,109330E+0;;
02/12/2021  12:05:21,944458;1,107519E+0;2,170918E-3;1,032929E+1;1,109203E+0;;
02/12/2021  12:05:21,944558;1,107564E+0;9,179678E-3;1,032929E+1;1,109076E+0;;
02/12/2021  12:05:21,944658;1,107507E+0;1,363980E-2;1,032929E+1;1,108947E+0;;
02/12/2021  12:05:21,944758;1,107033E+0;9,179678E-3;1,032929E+1;1,108818E+0;;
02/12/2021  12:05:21,944858;1,109173E+0;4,719558E-3;1,032929E+1;1,108690E+0;;
02/12/2021  12:05:21,944958;1,112040E+0;1,586986E-2;1,032929E+1;1,108564E+0;;
02/12/2021  12:05:21,945058;1,115250E+0;1,555128E-2;1,032929E+1;1,108440E+0;;
02/12/2021  12:05:21,945158;1,116534E+0;1,491412E-2;1,032929E+1;1,108321E+0;;
02/12/2021  12:05:21,945258;1,116972E+0;1,491412E-2;1,032929E+1;1,108208E+0;;
02/12/2021  12:05:21,945358;1,117792E+0;7,268198E-3;1,032929E+1;1,108104E+0;;
02/12/2021  12:05:21,945458;1,118772E+0;1,523270E-2;1,032929E+1;1,108010E+0;;
02/12/2021  12:05:21,945558;1,119211E+0;1,586986E-2;1,032929E+1;1,107929E+0;;
02/12/2021  12:05:21,945658;1,119288E+0;1,618844E-2;1,032929E+1;1,107861E+0;;
02/12/2021  12:05:21,945758;1,119580E+0;1,618844E-2;1,032929E+1;1,107809E+0;;
02/12/2021  12:05:21,945858;1,121294E+0;1,650702E-2;1,032929E+1;1,107774E+0;;
02/12/2021  12:05:21,945958;1,121440E+0;1,618844E-2;1,032929E+1;1,107757E+0;;
02/12/2021  12:05:21,946058;1,121395E+0;7,268198E-3;1,032929E+1;1,107759E+0;;
02/12/2021  12:05:21,946158;1,120611E+0;1,459554E-2;1,032929E+1;1,107781E+0;;
02/12/2021  12:05:21,946258;1,119267E+0;1,586986E-2;1,032929E+1;1,107824E+0;;
02/12/2021  12:05:21,946358;1,118495E+0;1,555128E-2;1,032929E+1;1,107887E+0;;
02/12/2021  12:05:21,946458;1,118948E+0;1,332122E-2;1,032929E+1;1,107970E+0;;
02/12/2021  12:05:21,946558;1,118457E+0;1,395838E-2;1,032929E+1;1,108074E+0;;
02/12/2021  12:05:21,946658;1,117965E+0;1,459554E-2;1,032929E+1;1,108196E+0;;
02/12/2021  12:05:21,946758;1,117974E+0;8,861098E-3;1,032929E+1;1,108337E+0;;
02/12/2021  12:05:21,946858;1,119276E+0;1,300264E-2;1,032929E+1;1,108496E+0;;
02/12/2021  12:05:21,946958;1,119875E+0;1,268406E-2;1,032929E+1;1,108671E+0;;
02/12/2021  12:05:21,947058;1,119231E+0;1,459554E-2;1,032929E+1;1,108862E+0;;
02/12/2021  12:05:21,947158;1,119014E+0;1,491412E-2;1,032929E+1;1,109068E+0;;
02/12/2021  12:05:21,947258;1,118507E+0;1,682560E-2;1,032929E+1;1,109288E+0;;
02/12/2021  12:05:21,947358;1,119568E+0;1,459554E-2;1,032929E+1;1,109521E+0;;
02/12/2021  12:05:21,947458;1,120316E+0;1,236548E-2;1,032929E+1;1,109767E+0;;
02/12/2021  12:05:21,947558;1,120304E+0;1,555128E-2;1,032929E+1;1,110023E+0;;
02/12/2021  12:05:21,947658;1,121148E+0;1,555128E-2;1,032929E+1;1,110291E+0;;
02/12/2021  12:05:21,947758;1,120585E+0;1,395838E-2;1,032929E+1;1,110567E+0;;
02/12/2021  12:05:21,947858;1,122110E+0;1,491412E-2;1,032929E+1;1,110853E+0;;
02/12/2021  12:05:21,947958;1,122283E+0;1,395838E-2;1,032929E+1;1,111147E+0;;
02/12/2021  12:05:21,948058;1,121151E+0;1,618844E-2;1,032929E+1;1,111448E+0;;
02/12/2021  12:05:21,948158;1,121079E+0;1,555128E-2;1,032929E+1;1,111757E+0;;
02/12/2021  12:05:21,948258;1,121344E+0;1,523270E-2;1,032929E+1;1,112072E+0;;
02/12/2021  12:05:21,948358;1,123213E+0;1,363980E-2;1,032929E+1;1,112391E+0;;
02/12/2021  12:05:21,948458;1,124882E+0;1,459554E-2;1,032929E+1;1,112716E+0;;
02/12/2021  12:05:21,948558;1,125946E+0;1,586986E-2;1,032929E+1;1,113044E+0;;
02/12/2021  12:05:21,948658;1,125991E+0;9,498258E-3;1,032929E+1;1,113378E+0;;
02/12/2021  12:05:21,948758;1,126441E+0;1,332122E-2;1,032929E+1;1,113715E+0;;
02/12/2021  12:05:21,948858;1,127427E+0;7,905358E-3;1,032929E+1;1,114056E+0;;
02/12/2021  12:05:21,948958;1,127320E+0;1,427696E-2;1,032929E+1;1,114402E+0;;
02/12/2021  12:05:21,949058;1,127684E+0;8,861098E-3;1,032929E+1;1,114752E+0;;
02/12/2021  12:05:21,949158;1,128303E+0;9,498258E-3;1,032929E+1;1,115106E+0;;
02/12/2021  12:05:21,949258;1,129499E+0;1,523270E-2;1,032929E+1;1,115464E+0;;
02/12/2021  12:05:21,949358;1,130691E+0;1,395838E-2;1,032929E+1;1,115826E+0;;
02/12/2021  12:05:21,949458;1,130911E+0;1,682560E-2;1,032929E+1;1,116193E+0;;
02/12/2021  12:05:21,949558;1,129725E+0;1,555128E-2;1,032929E+1;1,116564E+0;;
02/12/2021  12:05:21,949658;1,127588E+0;1,682560E-2;1,032929E+1;1,116939E+0;;
02/12/2021  12:05:21,949758;1,126569E+0;1,841850E-2;1,032929E+1;1,117319E+0;;
02/12/2021  12:05:21,949858;1,126536E+0;1,618844E-2;1,032929E+1;1,117701E+0;;
02/12/2021  12:05:21,949958;1,126015E+0;1,586986E-2;1,032929E+1;1,118085E+0;;
02/12/2021  12:05:21,950058;1,124828E+0;1,586986E-2;1,032929E+1;1,118470E+0;;
02/12/2021  12:05:21,950158;1,123207E+0;1,650702E-2;1,032929E+1;1,118854E+0;;
02/12/2021  12:05:21,950258;1,122620E+0;7,640006E-2;1,032929E+1;1,119236E+0;;
02/12/2021  12:05:21,950358;1,122590E+0;1,650702E-2;1,032929E+1;1,119615E+0;;
02/12/2021  12:05:21,950458;1,120880E+0;1,459554E-2;1,032929E+1;1,119988E+0;;
02/12/2021  12:05:21,950558;1,119810E+0;1,618844E-2;1,032929E+1;1,120354E+0;;
02/12/2021  12:05:21,950658;1,119240E+0;5,314372E-2;1,032929E+1;1,120711E+0;;
02/12/2021  12:05:21,950758;1,120048E+0;1,714418E-2;1,032929E+1;1,121057E+0;;
02/12/2021  12:05:21,950858;1,120567E+0;1,268406E-2;1,032929E+1;1,121391E+0;;
02/12/2021  12:05:21,950958;1,120474E+0;1,586986E-2;1,032929E+1;1,121712E+0;;
02/12/2021  12:05:21,951058;1,120120E+0;1,841850E-2;1,032929E+1;1,122018E+0;;
02/12/2021  12:05:21,951158;1,119047E+0;9,678918E-2;1,032929E+1;1,122309E+0;;
02/12/2021  12:05:21,951258;1,120325E+0;1,077258E-2;1,032929E+1;1,122583E+0;;
02/12/2021  12:05:21,951358;1,121288E+0;1,300264E-2;1,032929E+1;1,122840E+0;;
02/12/2021  12:05:21,951458;1,121175E+0;1,841850E-2;1,032929E+1;1,123080E+0;;
02/12/2021  12:05:21,951558;1,121058E+0;2,606442E-2;1,032929E+1;1,123302E+0;;
02/12/2021  12:05:21,951658;1,120495E+0;1,969282E-2;1,032929E+1;1,123506E+0;;
02/12/2021  12:05:21,951758;1,121553E+0;1,586986E-2;1,032929E+1;1,123693E+0;;
02/12/2021  12:05:21,951858;1,122221E+0;1,682560E-2;1,032929E+1;1,123862E+0;;
02/12/2021  12:05:21,951958;1,122194E+0;9,933782E-2;1,032929E+1;1,124014E+0;;
02/12/2021  12:05:21,952058;1,121493E+0;2,638300E-2;1,032929E+1;1,124149E+0;;
02/12/2021  12:05:21,952158;1,122188E+0;1,650702E-2;1,032929E+1;1,124268E+0;;
02/12/2021  12:05:21,952258;1,123645E+0;1,395838E-2;1,032929E+1;1,124371E+0;;
02/12/2021  12:05:21,952358;1,124423E+0;1,714418E-2;1,032929E+1;1,124460E+0;;
02/12/2021  12:05:21,952458;1,125034E+0;1,459554E-2;1,032929E+1;1,124534E+0;;
02/12/2021  12:05:21,952558;1,124423E+0;6,238254E-2;1,032929E+1;1,124596E+0;;
02/12/2021  12:05:21,952658;1,124811E+0;1,555128E-2;1,032929E+1;1,124645E+0;;
02/12/2021  12:05:21,952758;1,126512E+0;1,555128E-2;1,032929E+1;1,124685E+0;;
02/12/2021  12:05:21,952858;1,127418E+0;1,459554E-2;1,032929E+1;1,124714E+0;;
02/12/2021  12:05:21,952958;1,127341E+0;1,363980E-2;1,032929E+1;1,124736E+0;;
02/12/2021  12:05:21,953058;1,126298E+0;8,861098E-3;1,032929E+1;1,124751E+0;;
02/12/2021  12:05:21,953158;1,127290E+0;1,427696E-2;1,032929E+1;1,124760E+0;;
02/12/2021  12:05:21,953258;1,127606E+0;1,077258E-2;1,032929E+1;1,124765E+0;;
02/12/2021  12:05:21,953358;1,127946E+0;1,586986E-2;1,032929E+1;1,124767E+0;;
02/12/2021  12:05:21,953458;1,126971E+0;1,650702E-2;1,032929E+1;1,124766E+0;;
02/12/2021  12:05:21,953558;1,125168E+0;1,332122E-2;1,032929E+1;1,124764E+0;;
02/12/2021  12:05:21,953658;1,125132E+0;1,013542E-2;1,032929E+1;1,124761E+0;;
02/12/2021  12:05:21,953758;1,125135E+0;1,746276E-2;1,032929E+1;1,124757E+0;;
02/12/2021  12:05:21,953858;1,124375E+0;1,236548E-2;1,032929E+1;1,124753E+0;;
02/12/2021  12:05:21,953958;1,123174E+0;1,650702E-2;1,032929E+1;1,124748E+0;;
02/12/2021  12:05:21,954058;1,122045E+0;1,714418E-2;1,032929E+1;1,124743E+0;;
02/12/2021  12:05:21,954158;1,121261E+0;1,809992E-2;1,032929E+1;1,124737E+0;;
02/12/2021  12:05:21,954258;1,120978E+0;1,618844E-2;1,032929E+1;1,124729E+0;;
02/12/2021  12:05:21,954358;1,119950E+0;1,427696E-2;1,032929E+1;1,124719E+0;;
02/12/2021  12:05:21,954458;1,118406E+0;1,459554E-2;1,032929E+1;1,124707E+0;;
02/12/2021  12:05:21,954558;1,117145E+0;1,523270E-2;1,032929E+1;1,124690E+0;;
02/12/2021  12:05:21,954658;1,116868E+0;1,427696E-2;1,032929E+1;1,124670E+0;;
02/12/2021  12:05:21,954758;1,117422E+0;1,268406E-2;1,032929E+1;1,124643E+0;;
02/12/2021  12:05:21,954858;1,116624E+0;1,077258E-2;1,032929E+1;1,124609E+0;;
02/12/2021  12:05:21,954958;1,115575E+0;1,395838E-2;1,032929E+1;1,124569E+0;;
02/12/2021  12:05:21,955058;1,113849E+0;1,459554E-2;1,032929E+1;1,124520E+0;;
02/12/2021  12:05:21,955158;1,113640E+0;8,861098E-3;1,032929E+1;1,124461E+0;;
02/12/2021  12:05:21,955258;1,113536E+0;8,861098E-3;1,032929E+1;1,124393E+0;;
02/12/2021  12:05:21,955358;1,113485E+0;1,172832E-2;1,032929E+1;1,124314E+0;;
02/12/2021  12:05:21,955458;1,113244E+0;1,268406E-2;1,032929E+1;1,124223E+0;;
02/12/2021  12:05:21,955558;1,111802E+0;1,077258E-2;1,032929E+1;1,124120E+0;;
02/12/2021  12:05:21,955658;1,112895E+0;9,816838E-3;1,032929E+1;1,124004E+0;;
02/12/2021  12:05:21,955758;1,112618E+0;1,204690E-2;1,032929E+1;1,123876E+0;;
02/12/2021  12:05:21,955858;1,112916E+0;1,395838E-2;1,032929E+1;1,123734E+0;;
02/12/2021  12:05:21,955958;1,112213E+0;1,236548E-2;1,032929E+1;1,123580E+0;;
02/12/2021  12:05:21,956058;1,112299E+0;1,236548E-2;1,032929E+1;1,123412E+0;;
02/12/2021  12:05:21,956158;1,113980E+0;1,555128E-2;1,032929E+1;1,123231E+0;;
02/12/2021  12:05:21,956258;1,115020E+0;9,498258E-3;1,032929E+1;1,123039E+0;;
02/12/2021  12:05:21,956358;1,116233E+0;1,395838E-2;1,032929E+1;1,122834E+0;;
02/12/2021  12:05:21,956458;1,115759E+0;1,491412E-2;1,032929E+1;1,122620E+0;;
02/12/2021  12:05:21,956558;1,116594E+0;1,555128E-2;1,032929E+1;1,122396E+0;;
02/12/2021  12:05:21,956658;1,118883E+0;1,236548E-2;1,032929E+1;1,122165E+0;;
02/12/2021  12:05:21,956758;1,119428E+0;1,682560E-2;1,032929E+1;1,121928E+0;;
02/12/2021  12:05:21,956858;1,119300E+0;1,459554E-2;1,032929E+1;1,121686E+0;;
02/12/2021  12:05:21,956958;1,120075E+0;1,905566E-2;1,032929E+1;1,121441E+0;;
02/12/2021  12:05:21,957058;1,121148E+0;1,300264E-2;1,032929E+1;1,121196E+0;;
02/12/2021  12:05:21,957158;1,122888E+0;1,427696E-2;1,032929E+1;1,120951E+0;;
02/12/2021  12:05:21,957258;1,124146E+0;1,395838E-2;1,032929E+1;1,120709E+0;;
02/12/2021  12:05:21,957358;1,124861E+0;9,498258E-3;1,032929E+1;1,120472E+0;;
02/12/2021  12:05:21,957458;1,123753E+0;1,268406E-2;1,032929E+1;1,120242E+0;;
02/12/2021  12:05:21,957558;1,124554E+0;6,949618E-3;1,032929E+1;1,120021E+0;;
02/12/2021  12:05:21,957658;1,126217E+0;1,427696E-2;1,032929E+1;1,119809E+0;;
02/12/2021  12:05:21,957758;1,127332E+0;1,395838E-2;1,032929E+1;1,119610E+0;;
02/12/2021  12:05:21,957858;1,127898E+0;1,236548E-2;1,032929E+1;1,119425E+0;;
02/12/2021  12:05:21,957958;1,128533E+0;1,586986E-2;1,032929E+1;1,119255E+0;;
02/12/2021  12:05:21,958058;1,129373E+0;1,714418E-2;1,032929E+1;1,119101E+0;;
02/12/2021  12:05:21,958158;1,130870E+0;1,363980E-2;1,032929E+1;1,118966E+0;;
02/12/2021  12:05:21,958258;1,131394E+0;1,491412E-2;1,032929E+1;1,118851E+0;;
02/12/2021  12:05:21,958358;1,131278E+0;1,586986E-2;1,032929E+1;1,118756E+0;;
02/12/2021  12:05:21,958458;1,131293E+0;1,491412E-2;1,032929E+1;1,118684E+0;;
02/12/2021  12:05:21,958558;1,132568E+0;1,427696E-2;1,032929E+1;1,118635E+0;;
02/12/2021  12:05:21,958658;1,133024E+0;1,459554E-2;1,032929E+1;1,118609E+0;;
02/12/2021  12:05:21,958758;1,134011E+0;1,682560E-2;1,032929E+1;1,118609E+0;;
02/12/2021  12:05:21,958858;1,134008E+0;1,778134E-2;1,032929E+1;1,118633E+0;;
02/12/2021  12:05:21,958958;1,133233E+0;1,586986E-2;1,032929E+1;1,118682E+0;;
02/12/2021  12:05:21,959058;1,134058E+0;1,109116E-2;1,032929E+1;1,118757E+0;;
02/12/2021  12:05:21,959158;1,134610E+0;1,459554E-2;1,032929E+1;1,118858E+0;;
02/12/2021  12:05:21,959258;1,135093E+0;1,586986E-2;1,032929E+1;1,118984E+0;;
02/12/2021  12:05:21,959358;1,135188E+0;1,618844E-2;1,032929E+1;1,119135E+0;;
02/12/2021  12:05:21,959458;1,134619E+0;1,650702E-2;1,032929E+1;1,119311E+0;;
02/12/2021  12:05:21,959558;1,135212E+0;1,586986E-2;1,032929E+1;1,119511E+0;;
02/12/2021  12:05:21,959658;1,136005E+0;5,780180E-4;1,032929E+1;1,119735E+0;;
02/12/2021  12:05:21,959758;1,136326E+0;1,013542E-2;1,032929E+1;1,119982E+0;;
02/12/2021  12:05:21,959858;1,135882E+0;1,172832E-2;1,032929E+1;1,120250E+0;;
02/12/2021  12:05:21,959958;1,135575E+0;4,719558E-3;1,032929E+1;1,120540E+0;;
02/12/2021  12:05:21,960058;1,136422E+0;2,489498E-3;1,032929E+1;1,120850E+0;;
02/12/2021  12:05:21,960158;1,137194E+0;2,170918E-3;1,032929E+1;1,121179E+0;;
02/12/2021  12:05:21,960258;1,137155E+0;1,109116E-2;1,032929E+1;1,121526E+0;;
02/12/2021  12:05:21,960358;1,136705E+0;6,631038E-3;1,032929E+1;1,121889E+0;;
02/12/2021  12:05:21,960458;1,136207E+0;1,215178E-3;1,032929E+1;1,122269E+0;;
02/12/2021  12:05:21,960558;1,137107E+0;1,215178E-3;1,032929E+1;1,122663E+0;;
02/12/2021  12:05:21,960658;1,136899E+0;1,852338E-3;1,032929E+1;1,123071E+0;;
02/12/2021  12:05:21,960758;1,136666E+0;5,038138E-3;1,032929E+1;1,123490E+0;;
02/12/2021  12:05:21,960858;1,135578E+0;1,215178E-3;1,032929E+1;1,123920E+0;;
02/12/2021  12:05:21,960958;1,135066E+0;1,215178E-3;1,032929E+1;1,124358E+0;;
02/12/2021  12:05:21,961058;1,135715E+0;1,852338E-3;1,032929E+1;1,124804E+0;;
02/12/2021  12:05:21,961158;1,135811E+0;8,965980E-4;1,032929E+1;1,125256E+0;;
02/12/2021  12:05:21,961258;1,134801E+0;1,215178E-3;1,032929E+1;1,125711E+0;;
02/12/2021  12:05:21,961358;1,133111E+0;1,215178E-3;1,032929E+1;1,126170E+0;;
02/12/2021  12:05:21,961458;1,131728E+0;1,215178E-3;1,032929E+1;1,126628E+0;;
02/12/2021  12:05:21,961558;1,131114E+0;8,965980E-4;1,032929E+1;1,127086E+0;;
02/12/2021  12:05:21,961658;1,130494E+0;1,533758E-3;1,032929E+1;1,127540E+0;;
02/12/2021  12:05:21,961758;1,129278E+0;1,852338E-3;1,032929E+1;1,127988E+0;;
02/12/2021  12:05:21,961858;1,127484E+0;1,215178E-3;1,032929E+1;1,128428E+0;;
02/12/2021  12:05:21,961958;1,125898E+0;1,215178E-3;1,032929E+1;1,128858E+0;;
02/12/2021  12:05:21,962058;1,125618E+0;1,215178E-3;1,032929E+1;1,129275E+0;;
02/12/2021  12:05:21,962158;1,124533E+0;1,533758E-3;1,032929E+1;1,129678E+0;;
02/12/2021  12:05:21,962258;1,122769E+0;1,215178E-3;1,032929E+1;1,130063E+0;;
02/12/2021  12:05:21,962358;1,120072E+0;8,965980E-4;1,032929E+1;1,130429E+0;;
02/12/2021  12:05:21,962458;1,118647E+0;1,533758E-3;1,032929E+1;1,130773E+0;;
02/12/2021  12:05:21,962558;1,118293E+0;1,215178E-3;1,032929E+1;1,131092E+0;;
02/12/2021  12:05:21,962658;1,117428E+0;1,215178E-3;1,032929E+1;1,131384E+0;;
02/12/2021  12:05:21,962758;1,115083E+0;8,965980E-4;1,032929E+1;1,131647E+0;;
02/12/2021  12:05:21,962858;1,114016E+0;5,780180E-4;1,032929E+1;1,131879E+0;;
02/12/2021  12:05:21,962958;1,112985E+0;1,215178E-3;1,032929E+1;1,132078E+0;;
02/12/2021  12:05:21,963058;1,112517E+0;1,215178E-3;1,032929E+1;1,132242E+0;;
02/12/2021  12:05:21,963158;1,111405E+0;1,533758E-3;1,032929E+1;1,132369E+0;;
02/12/2021  12:05:21,963258;1,109846E+0;1,215178E-3;1,032929E+1;1,132459E+0;;
02/12/2021  12:05:21,963358;1,107170E+0;5,993878E-3;1,032929E+1;1,132508E+0;;
02/12/2021  12:05:21,963458;1,106479E+0;1,533758E-3;1,032929E+1;1,132518E+0;;
02/12/2021  12:05:21,963558;1,105847E+0;1,852338E-3;1,032929E+1;1,132485E+0;;
02/12/2021  12:05:21,963658;1,104449E+0;1,852338E-3;1,032929E+1;1,132410E+0;;
02/12/2021  12:05:21,963758;1,103171E+0;1,236548E-2;1,032929E+1;1,132291E+0;;
02/12/2021  12:05:21,963858;1,100658E+0;3,445238E-3;1,032929E+1;1,132128E+0;;
02/12/2021  12:05:21,963958;1,100894E+0;5,675298E-3;1,032929E+1;1,131920E+0;;
02/12/2021  12:05:21,964058;1,100220E+0;8,542518E-3;1,032929E+1;1,131667E+0;;
02/12/2021  12:05:21,964158;1,099061E+0;1,714418E-2;1,032929E+1;1,131369E+0;;
02/12/2021  12:05:21,964258;1,098751E+0;1,459554E-2;1,032929E+1;1,131025E+0;;
02/12/2021  12:05:21,964358;1,097645E+0;1,236548E-2;1,032929E+1;1,130637E+0;;
02/12/2021  12:05:21,964458;1,096650E+0;9,179678E-3;1,032929E+1;1,130204E+0;;
02/12/2021  12:05:21,964558;1,096736E+0;9,179678E-3;1,032929E+1;1,129728E+0;;
02/12/2021  12:05:21,964658;1,095982E+0;1,555128E-2;1,032929E+1;1,129209E+0;;
02/12/2021  12:05:21,964758;1,094301E+0;1,268406E-2;1,032929E+1;1,128649E+0;;
02/12/2021  12:05:21,964858;1,093565E+0;1,300264E-2;1,032929E+1;1,128048E+0;;
02/12/2021  12:05:21,964958;1,094018E+0;1,363980E-2;1,032929E+1;1,127409E+0;;
02/12/2021  12:05:21,965058;1,093991E+0;1,555128E-2;1,032929E+1;1,126731E+0;;
02/12/2021  12:05:21,965158;1,093714E+0;1,459554E-2;1,032929E+1;1,126018E+0;;
02/12/2021  12:05:21,965258;1,091688E+0;1,395838E-2;1,032929E+1;1,125271E+0;;
02/12/2021  12:05:21,965358;1,090764E+0;1,013542E-2;1,032929E+1;1,124491E+0;;
02/12/2021  12:05:21,965458;1,091157E+0;1,109116E-2;1,032929E+1;1,123682E+0;;
02/12/2021  12:05:21,965558;1,090889E+0;1,586986E-2;1,032929E+1;1,122844E+0;;
02/12/2021  12:05:21,965658;1,090448E+0;1,459554E-2;1,032929E+1;1,121979E+0;;
02/12/2021  12:05:21,965758;1,088785E+0;1,555128E-2;1,032929E+1;1,121090E+0;;
02/12/2021  12:05:21,965858;1,089327E+0;1,363980E-2;1,032929E+1;1,120179E+0;;
02/12/2021  12:05:21,965958;1,089896E+0;1,300264E-2;1,032929E+1;1,119248E+0;;
02/12/2021  12:05:21,966058;1,090779E+0;1,586986E-2;1,032929E+1;1,118299E+0;;
02/12/2021  12:05:21,966158;1,090644E+0;9,498258E-3;1,032929E+1;1,117334E+0;;
02/12/2021  12:05:21,966258;1,089694E+0;1,077258E-2;1,032929E+1;1,116357E+0;;
02/12/2021  12:05:21,966358;1,090817E+0;1,491412E-2;1,032929E+1;1,115369E+0;;
02/12/2021  12:05:21,966458;1,091419E+0;1,586986E-2;1,032929E+1;1,114374E+0;;
02/12/2021  12:05:21,966558;1,092477E+0;1,332122E-2;1,032929E+1;1,113374E+0;;
02/12/2021  12:05:21,966658;1,092623E+0;1,077258E-2;1,032929E+1;1,112372E+0;;
02/12/2021  12:05:21,966758;1,093002E+0;1,268406E-2;1,032929E+1;1,111371E+0;;
02/12/2021  12:05:21,966858;1,093655E+0;1,332122E-2;1,032929E+1;1,110374E+0;;
02/12/2021  12:05:21,966958;1,095472E+0;6,631038E-3;1,032929E+1;1,109384E+0;;
02/12/2021  12:05:21,967058;1,096849E+0;1,523270E-2;1,032929E+1;1,108403E+0;;
02/12/2021  12:05:21,967158;1,097341E+0;1,618844E-2;1,032929E+1;1,107435E+0;;
02/12/2021  12:05:21,967258;1,097633E+0;1,555128E-2;1,032929E+1;1,106483E+0;;
02/12/2021  12:05:21,967358;1,099275E+0;1,300264E-2;1,032929E+1;1,105550E+0;;
02/12/2021  12:05:21,967458;1,101055E+0;1,013542E-2;1,032929E+1;1,104638E+0;;
02/12/2021  12:05:21,967558;1,102464E+0;1,172832E-2;1,032929E+1;1,103752E+0;;
02/12/2021  12:05:21,967658;1,103653E+0;1,523270E-2;1,032929E+1;1,102894E+0;;
02/12/2021  12:05:21,967758;1,103877E+0;1,363980E-2;1,032929E+1;1,102067E+0;;
02/12/2021  12:05:21,967858;1,105781E+0;7,905358E-3;1,032929E+1;1,101273E+0;;
02/12/2021  12:05:21,967958;1,107748E+0;1,395838E-2;1,032929E+1;1,100516E+0;;
02/12/2021  12:05:21,968058;1,108988E+0;1,459554E-2;1,032929E+1;1,099798E+0;;
02/12/2021  12:05:21,968158;1,109426E+0;1,459554E-2;1,032929E+1;1,099122E+0;;
02/12/2021  12:05:21,968258;1,110305E+0;1,204690E-2;1,032929E+1;1,098489E+0;;
02/12/2021  12:05:21,968358;1,111280E+0;1,332122E-2;1,032929E+1;1,097903E+0;;
02/12/2021  12:05:21,968458;1,113563E+0;1,363980E-2;1,032929E+1;1,097365E+0;;
02/12/2021  12:05:21,968558;1,114540E+0;1,268406E-2;1,032929E+1;1,096877E+0;;
02/12/2021  12:05:21,968658;1,113909E+0;1,268406E-2;1,032929E+1;1,096440E+0;;
02/12/2021  12:05:21,968758;1,114475E+0;1,363980E-2;1,032929E+1;1,096055E+0;;
02/12/2021  12:05:21,968858;1,116737E+0;1,045400E-2;1,032929E+1;1,095725E+0;;
02/12/2021  12:05:21,968958;1,118010E+0;1,013542E-2;1,032929E+1;1,095448E+0;;
02/12/2021  12:05:21,969058;1,117926E+0;1,268406E-2;1,032929E+1;1,095226E+0;;
02/12/2021  12:05:21,969158;1,118120E+0;9,498258E-3;1,032929E+1;1,095060E+0;;
02/12/2021  12:05:21,969258;1,118024E+0;9,816838E-3;1,032929E+1;1,094949E+0;;
02/12/2021  12:05:21,969358;1,119640E+0;1,363980E-2;1,032929E+1;1,094894E+0;;
02/12/2021  12:05:21,969458;1,119646E+0;1,427696E-2;1,032929E+1;1,094892E+0;;
02/12/2021  12:05:21,969558;1,120015E+0;1,650702E-2;1,032929E+1;1,094945E+0;;
02/12/2021  12:05:21,969658;1,119121E+0;1,459554E-2;1,032929E+1;1,095050E+0;;
02/12/2021  12:05:21,969758;1,119020E+0;2,032998E-2;1,032929E+1;1,095208E+0;;
02/12/2021  12:05:21,969858;1,119982E+0;1,841850E-2;1,032929E+1;1,095415E+0;;
02/12/2021  12:05:21,969958;1,120585E+0;1,555128E-2;1,032929E+1;1,095670E+0;;
02/12/2021  12:05:21,970058;1,120099E+0;1,618844E-2;1,032929E+1;1,095972E+0;;
02/12/2021  12:05:21,970158;1,118969E+0;1,618844E-2;1,032929E+1;1,096317E+0;;
02/12/2021  12:05:21,970258;1,119011E+0;2,064856E-2;1,032929E+1;1,096705E+0;;
02/12/2021  12:05:21,970358;1,119422E+0;1,459554E-2;1,032929E+1;1,097132E+0;;
02/12/2021  12:05:21,970458;1,119792E+0;8,223938E-3;1,032929E+1;1,097596E+0;;
02/12/2021  12:05:21,970558;1,119977E+0;1,172832E-2;1,032929E+1;1,098095E+0;;
02/12/2021  12:05:21,970658;1,119076E+0;2,670158E-2;1,032929E+1;1,098624E+0;;
02/12/2021  12:05:21,970758;1,119580E+0;2,383436E-2;1,032929E+1;1,099183E+0;;
02/12/2021  12:05:21,970858;1,121005E+0;1,204690E-2;1,032929E+1;1,099768E+0;;
02/12/2021  12:05:21,970958;1,121142E+0;1,714418E-2;1,032929E+1;1,100376E+0;;
02/12/2021  12:05:21,971058;1,120963E+0;1,873708E-2;1,032929E+1;1,101005E+0;;
02/12/2021  12:05:21,971158;1,120278E+0;3,562182E-2;1,032929E+1;1,101653E+0;;
02/12/2021  12:05:21,971258;1,121136E+0;1,523270E-2;1,032929E+1;1,102318E+0;;
02/12/2021  12:05:21,971358;1,122790E+0;1,459554E-2;1,032929E+1;1,102996E+0;;
02/12/2021  12:05:21,971458;1,122757E+0;1,523270E-2;1,032929E+1;1,103685E+0;;
02/12/2021  12:05:21,971558;1,122942E+0;1,491412E-2;1,032929E+1;1,104384E+0;;
02/12/2021  12:05:21,971658;1,123237E+0;1,618844E-2;1,032929E+1;1,105091E+0;;
02/12/2021  12:05:21,971758;1,123955E+0;1,586986E-2;1,032929E+1;1,105804E+0;;
02/12/2021  12:05:21,971858;1,125636E+0;1,491412E-2;1,032929E+1;1,106520E+0;;
02/12/2021  12:05:21,971958;1,126292E+0;1,873708E-2;1,032929E+1;1,107240E+0;;
02/12/2021  12:05:21,972058;1,126283E+0;1,714418E-2;1,032929E+1;1,107961E+0;;
02/12/2021  12:05:21,972158;1,126846E+0;1,523270E-2;1,032929E+1;1,108682E+0;;
02/12/2021  12:05:21,972258;1,128405E+0;1,586986E-2;1,032929E+1;1,109402E+0;;
02/12/2021  12:05:21,972358;1,129186E+0;1,650702E-2;1,032929E+1;1,110120E+0;;
02/12/2021  12:05:21,972458;1,129731E+0;5,537378E-2;1,032929E+1;1,110836E+0;;
02/12/2021  12:05:21,972558;1,129138E+0;1,555128E-2;1,032929E+1;1,111549E+0;;
02/12/2021  12:05:21,972658;1,129376E+0;1,236548E-2;1,032929E+1;1,112258E+0;;
02/12/2021  12:05:21,972758;1,131367E+0;1,013542E-2;1,032929E+1;1,112963E+0;;
02/12/2021  12:05:21,972858;1,132032E+0;1,873708E-2;1,032929E+1;1,113663E+0;;
02/12/2021  12:05:21,972958;1,132288E+0;1,491412E-2;1,032929E+1;1,114357E+0;;
02/12/2021  12:05:21,973058;1,132673E+0;1,523270E-2;1,032929E+1;1,115045E+0;;
02/12/2021  12:05:21,973158;1,132381E+0;1,523270E-2;1,032929E+1;1,115728E+0;;
02/12/2021  12:05:21,973258;1,133164E+0;1,682560E-2;1,032929E+1;1,116404E+0;;
02/12/2021  12:05:21,973358;1,133602E+0;1,555128E-2;1,032929E+1;1,117074E+0;;
02/12/2021  12:05:21,973458;1,134139E+0;1,555128E-2;1,032929E+1;1,117737E+0;;
02/12/2021  12:05:21,973558;1,134076E+0;1,459554E-2;1,032929E+1;1,118392E+0;;
02/12/2021  12:05:21,973658;1,133963E+0;1,586986E-2;1,032929E+1;1,119040E+0;;
02/12/2021  12:05:21,973758;1,135426E+0;1,523270E-2;1,032929E+1;1,119680E+0;;
02/12/2021  12:05:21,973858;1,136055E+0;1,363980E-2;1,032929E+1;1,120312E+0;;
02/12/2021  12:05:21,973958;1,135769E+0;1,172832E-2;1,032929E+1;1,120935E+0;;
02/12/2021  12:05:21,974058;1,135388E+0;1,523270E-2;1,032929E+1;1,121551E+0;;
02/12/2021  12:05:21,974158;1,135841E+0;1,172832E-2;1,032929E+1;1,122158E+0;;
02/12/2021  12:05:21,974258;1,136791E+0;1,172832E-2;1,032929E+1;1,122756E+0;;
02/12/2021  12:05:21,974358;1,137346E+0;1,045400E-2;1,032929E+1;1,123345E+0;;
02/12/2021  12:05:21,974458;1,137137E+0;1,204690E-2;1,032929E+1;1,123925E+0;;
02/12/2021  12:05:21,974558;1,136961E+0;1,332122E-2;1,032929E+1;1,124496E+0;;
02/12/2021  12:05:21,974658;1,136869E+0;6,949618E-3;1,032929E+1;1,125058E+0;;
02/12/2021  12:05:21,974758;1,138395E+0;1,427696E-2;1,032929E+1;1,125610E+0;;
02/12/2021  12:05:21,974858;1,138255E+0;6,312458E-3;1,032929E+1;1,126153E+0;;
02/12/2021  12:05:21,974958;1,139161E+0;3,126658E-3;1,032929E+1;1,126686E+0;;
02/12/2021  12:05:21,975058;1,137820E+0;1,140974E-2;1,032929E+1;1,127210E+0;;
02/12/2021  12:05:21,975158;1,138535E+0;1,555128E-2;1,032929E+1;1,127724E+0;;
02/12/2021  12:05:21,975258;1,139766E+0;1,140974E-2;1,032929E+1;1,128228E+0;;
02/12/2021  12:05:21,975358;1,140049E+0;4,719558E-3;1,032929E+1;1,128722E+0;;
02/12/2021  12:05:21,975458;1,139936E+0;1,586986E-2;1,032929E+1;1,129207E+0;;
02/12/2021  12:05:21,975558;1,140070E+0;1,013542E-2;1,032929E+1;1,129682E+0;;
02/12/2021  12:05:21,975658;1,141125E+0;1,523270E-2;1,032929E+1;1,130148E+0;;
02/12/2021  12:05:21,975758;1,141384E+0;1,172832E-2;1,032929E+1;1,130604E+0;;
02/12/2021  12:05:21,975858;1,141858E+0;1,778134E-2;1,032929E+1;1,131052E+0;;
02/12/2021  12:05:21,975958;1,140973E+0;1,555128E-2;1,032929E+1;1,131490E+0;;
02/12/2021  12:05:21,976058;1,140857E+0;1,523270E-2;1,032929E+1;1,131920E+0;;
02/12/2021  12:05:21,976158;1,141721E+0;1,204690E-2;1,032929E+1;1,132342E+0;;
02/12/2021  12:05:21,976258;1,142064E+0;7,905358E-3;1,032929E+1;1,132754E+0;;
02/12/2021  12:05:21,976358;1,141429E+0;1,523270E-2;1,032929E+1;1,133158E+0;;
02/12/2021  12:05:21,976458;1,140490E+0;1,682560E-2;1,032929E+1;1,133554E+0;;
02/12/2021  12:05:21,976558;1,140386E+0;1,395838E-2;1,032929E+1;1,133941E+0;;
02/12/2021  12:05:21,976658;1,140588E+0;1,140974E-2;1,032929E+1;1,134319E+0;;
02/12/2021  12:05:21,976758;1,140097E+0;1,586986E-2;1,032929E+1;1,134688E+0;;
02/12/2021  12:05:21,976858;1,139751E+0;1,459554E-2;1,032929E+1;1,135048E+0;;
02/12/2021  12:05:21,976958;1,138019E+0;1,586986E-2;1,032929E+1;1,135397E+0;;
02/12/2021  12:05:21,977058;1,137459E+0;1,650702E-2;1,032929E+1;1,135736E+0;;
02/12/2021  12:05:21,977158;1,137614E+0;1,618844E-2;1,032929E+1;1,136064E+0;;
02/12/2021  12:05:21,977258;1,136437E+0;1,969282E-2;1,032929E+1;1,136380E+0;;
02/12/2021  12:05:21,977358;1,135093E+0;1,427696E-2;1,032929E+1;1,136683E+0;;
02/12/2021  12:05:21,977458;1,133468E+0;1,586986E-2;1,032929E+1;1,136973E+0;;
02/12/2021  12:05:21,977558;1,131892E+0;1,714418E-2;1,032929E+1;1,137248E+0;;
02/12/2021  12:05:21,977658;1,131430E+0;1,586986E-2;1,032929E+1;1,137506E+0;;
02/12/2021  12:05:21,977758;1,130408E+0;1,523270E-2;1,032929E+1;1,137748E+0;;
02/12/2021  12:05:21,977858;1,128718E+0;1,491412E-2;1,032929E+1;1,137970E+0;;
02/12/2021  12:05:21,977958;1,126229E+0;1,363980E-2;1,032929E+1;1,138172E+0;;
02/12/2021  12:05:21,978058;1,124322E+0;1,268406E-2;1,032929E+1;1,138353E+0;;
02/12/2021  12:05:21,978158;1,123571E+0;1,586986E-2;1,032929E+1;1,138510E+0;;
02/12/2021  12:05:21,978258;1,122289E+0;1,459554E-2;1,032929E+1;1,138642E+0;;
02/12/2021  12:05:21,978358;1,120087E+0;1,682560E-2;1,032929E+1;1,138747E+0;;
02/12/2021  12:05:21,978458;1,117822E+0;1,586986E-2;1,032929E+1;1,138823E+0;;
02/12/2021  12:05:21,978558;1,116043E+0;1,650702E-2;1,032929E+1;1,138869E+0;;
02/12/2021  12:05:21,978658;1,114803E+0;1,714418E-2;1,032929E+1;1,138882E+0;;
02/12/2021  12:05:21,978758;1,113751E+0;1,523270E-2;1,032929E+1;1,138862E+0;;
02/12/2021  12:05:21,978858;1,111456E+0;1,523270E-2;1,032929E+1;1,138805E+0;;
02/12/2021  12:05:21,978958;1,109325E+0;1,650702E-2;1,032929E+1;1,138712E+0;;
02/12/2021  12:05:21,979058;1,107429E+0;1,586986E-2;1,032929E+1;1,138580E+0;;
02/12/2021  12:05:21,979158;1,106947E+0;1,555128E-2;1,032929E+1;1,138408E+0;;
02/12/2021  12:05:21,979258;1,105117E+0;1,650702E-2;1,032929E+1;1,138195E+0;;
02/12/2021  12:05:21,979358;1,102980E+0;1,809992E-2;1,032929E+1;1,137939E+0;;
02/12/2021  12:05:21,979458;1,101019E+0;1,969282E-2;1,032929E+1;1,137639E+0;;
02/12/2021  12:05:21,979558;1,100131E+0;1,586986E-2;1,032929E+1;1,137295E+0;;
02/12/2021  12:05:21,979658;1,099356E+0;1,533758E-3;1,032929E+1;1,136906E+0;;
02/12/2021  12:05:21,979758;1,098116E+0;6,631038E-3;1,032929E+1;1,136471E+0;;
02/12/2021  12:05:21,979858;1,096334E+0;8,542518E-3;1,032929E+1;1,135991E+0;;
02/12/2021  12:05:21,979958;1,094635E+0;8,542518E-3;1,032929E+1;1,135464E+0;;
02/12/2021  12:05:21,980058;1,093708E+0;1,215178E-3;1,032929E+1;1,134891E+0;;
02/12/2021  12:05:21,980158;1,092635E+0;6,312458E-3;1,032929E+1;1,134272E+0;;
02/12/2021  12:05:21,980258;1,090933E+0;9,498258E-3;1,032929E+1;1,133607E+0;;
02/12/2021  12:05:21,980358;1,089503E+0;6,631038E-3;1,032929E+1;1,132897E+0;;
02/12/2021  12:05:21,980458;1,088397E+0;1,533758E-3;1,032929E+1;1,132143E+0;;
02/12/2021  12:05:21,980558;1,087408E+0;1,215178E-3;1,032929E+1;1,131345E+0;;
02/12/2021  12:05:21,980658;1,087378E+0;1,533758E-3;1,032929E+1;1,130504E+0;;
02/12/2021  12:05:21,980758;1,086475E+0;4,082398E-3;1,032929E+1;1,129621E+0;;
02/12/2021  12:05:21,980858;1,084928E+0;5,038138E-3;1,032929E+1;1,128698E+0;;
02/12/2021  12:05:21,980958;1,083566E+0;1,215178E-3;1,032929E+1;1,127736E+0;;
02/12/2021  12:05:21,981058;1,083182E+0;1,215178E-3;1,032929E+1;1,126737E+0;;
02/12/2021  12:05:21,981158;1,083182E+0;1,852338E-3;1,032929E+1;1,125702E+0;;
02/12/2021  12:05:21,981258;1,081844E+0;1,215178E-3;1,032929E+1;1,124632E+0;;
02/12/2021  12:05:21,981358;1,080696E+0;1,852338E-3;1,032929E+1;1,123531E+0;;
02/12/2021  12:05:21,981458;1,079868E+0;8,965980E-4;1,032929E+1;1,122400E+0;;
02/12/2021  12:05:21,981558;1,079361E+0;5,038138E-3;1,032929E+1;1,121241E+0;;
02/12/2021  12:05:21,981658;1,079325E+0;8,965980E-4;1,032929E+1;1,120056E+0;;
02/12/2021  12:05:21,981758;1,077671E+0;1,215178E-3;1,032929E+1;1,118848E+0;;
02/12/2021  12:05:21,981858;1,075546E+0;1,852338E-3;1,032929E+1;1,117618E+0;;
02/12/2021  12:05:21,981958;1,073618E+0;1,533758E-3;1,032929E+1;1,116368E+0;;
02/12/2021  12:05:21,982058;1,073543E+0;8,965980E-4;1,032929E+1;1,115100E+0;;
02/12/2021  12:05:21,982158;1,073290E+0;8,965980E-4;1,032929E+1;1,113817E+0;;
02/12/2021  12:05:21,982258;1,072628E+0;5,780180E-4;1,032929E+1;1,112519E+0;;
02/12/2021  12:05:21,982358;1,070843E+0;5,780180E-4;1,032929E+1;1,111208E+0;;
02/12/2021  12:05:21,982458;1,069234E+0;8,965980E-4;1,032929E+1;1,109887E+0;;
02/12/2021  12:05:21,982558;1,068802E+0;8,965980E-4;1,032929E+1;1,108557E+0;;
02/12/2021  12:05:21,982658;1,067604E+0;2,594380E-4;1,032929E+1;1,107220E+0;;
02/12/2021  12:05:21,982758;1,066498E+0;8,965980E-4;1,032929E+1;1,105877E+0;;
02/12/2021  12:05:21,982858;1,064638E+0;8,965980E-4;1,032929E+1;1,104530E+0;;
02/12/2021  12:05:21,982958;1,063252E+0;2,170918E-3;1,032929E+1;1,103179E+0;;
02/12/2021  12:05:21,983058;1,063911E+0;1,533758E-3;1,032929E+1;1,101827E+0;;
02/12/2021  12:05:21,983158;1,063285E+0;1,852338E-3;1,032929E+1;1,100473E+0;;
02/12/2021  12:05:21,983258;1,062236E+0;2,170918E-3;1,032929E+1;1,099120E+0;;
02/12/2021  12:05:21,983358;1,060010E+0;3,126658E-3;1,032929E+1;1,097769E+0;;
02/12/2021  12:05:21,983458;1,058556E+0;2,808078E-3;1,032929E+1;1,096421E+0;;
02/12/2021  12:05:21,983558;1,058347E+0;8,965980E-4;1,032929E+1;1,095077E+0;;
02/12/2021  12:05:21,983658;1,057292E+0;1,215178E-3;1,032929E+1;1,093737E+0;;
02/12/2021  12:05:21,983758;1,056040E+0;6,949618E-3;1,032929E+1;1,092403E+0;;
02/12/2021  12:05:21,983858;1,054315E+0;7,586778E-3;1,032929E+1;1,091076E+0;;
02/12/2021  12:05:21,983958;1,052750E+0;1,236548E-2;1,032929E+1;1,089755E+0;;
02/12/2021  12:05:21,984058;1,052053E+0;4,400978E-3;1,032929E+1;1,088441E+0;;
02/12/2021  12:05:21,984158;1,051397E+0;1,459554E-2;1,032929E+1;1,087135E+0;;
02/12/2021  12:05:21,984258;1,048494E+0;1,618844E-2;1,032929E+1;1,085836E+0;;
02/12/2021  12:05:21,984358;1,046461E+0;1,204690E-2;1,032929E+1;1,084546E+0;;
02/12/2021  12:05:21,984458;1,045123E+0;7,905358E-3;1,032929E+1;1,083264E+0;;
02/12/2021  12:05:21,984558;1,045442E+0;1,204690E-2;1,032929E+1;1,081989E+0;;
02/12/2021  12:05:21,984658;1,044390E+0;1,332122E-2;1,032929E+1;1,080722E+0;;
02/12/2021  12:05:21,984758;1,042259E+0;1,395838E-2;1,032929E+1;1,079463E+0;;
02/12/2021  12:05:21,984858;1,040087E+0;1,268406E-2;1,032929E+1;1,078211E+0;;
02/12/2021  12:05:21,984958;1,038853E+0;1,491412E-2;1,032929E+1;1,076966E+0;;
02/12/2021  12:05:21,985058;1,038170E+0;1,045400E-2;1,032929E+1;1,075727E+0;;
02/12/2021  12:05:21,985158;1,037085E+0;1,459554E-2;1,032929E+1;1,074495E+0;;
02/12/2021  12:05:21,985258;1,034418E+0;1,395838E-2;1,032929E+1;1,073268E+0;;
02/12/2021  12:05:21,985358;1,032934E+0;4,400978E-3;1,032929E+1;1,072047E+0;;
02/12/2021  12:05:21,985458;1,032353E+0;1,714418E-2;1,032929E+1;1,070830E+0;;
02/12/2021  12:05:21,985558;1,032108E+0;1,618844E-2;1,032929E+1;1,069617E+0;;
02/12/2021  12:05:21,985658;1,031021E+0;1,140974E-2;1,032929E+1;1,068409E+0;;
02/12/2021  12:05:21,985758;1,028237E+0;1,332122E-2;1,032929E+1;1,067204E+0;;
02/12/2021  12:05:21,985858;1,026088E+0;1,650702E-2;1,032929E+1;1,066002E+0;;
02/12/2021  12:05:21,985958;1,025289E+0;1,618844E-2;1,032929E+1;1,064802E+0;;
02/12/2021  12:05:21,986058;1,024342E+0;1,459554E-2;1,032929E+1;1,063604E+0;;
02/12/2021  12:05:21,986158;1,023406E+0;1,045400E-2;1,032929E+1;1,062408E+0;;
02/12/2021  12:05:21,986258;1,021785E+0;1,395838E-2;1,032929E+1;1,061213E+0;;
02/12/2021  12:05:21,986358;1,019910E+0;1,586986E-2;1,032929E+1;1,060018E+0;;
02/12/2021  12:05:21,986458;1,019859E+0;1,300264E-2;1,032929E+1;1,058823E+0;;
02/12/2021  12:05:21,986558;1,019806E+0;1,236548E-2;1,032929E+1;1,057629E+0;;
02/12/2021  12:05:21,986658;1,018095E+0;1,586986E-2;1,032929E+1;1,056433E+0;;
02/12/2021  12:05:21,986758;1,016435E+0;1,523270E-2;1,032929E+1;1,055238E+0;;
02/12/2021  12:05:21,986858;1,014849E+0;1,427696E-2;1,032929E+1;1,054042E+0;;
02/12/2021  12:05:21,986958;1,014680E+0;1,427696E-2;1,032929E+1;1,052845E+0;;
02/12/2021  12:05:21,987058;1,015425E+0;1,395838E-2;1,032929E+1;1,051648E+0;;
02/12/2021  12:05:21,987158;1,014238E+0;1,427696E-2;1,032929E+1;1,050451E+0;;
02/12/2021  12:05:21,987258;1,012933E+0;1,523270E-2;1,032929E+1;1,049254E+0;;
02/12/2021  12:05:21,987358;1,012412E+0;1,873708E-2;1,032929E+1;1,048057E+0;;
02/12/2021  12:05:21,987458;1,012733E+0;1,395838E-2;1,032929E+1;1,046861E+0;;
02/12/2021  12:05:21,987558;1,012727E+0;1,491412E-2;1,032929E+1;1,045667E+0;;
02/12/2021  12:05:21,987658;1,011660E+0;1,586986E-2;1,032929E+1;1,044475E+0;;
02/12/2021  12:05:21,987758;1,010149E+0;1,650702E-2;1,032929E+1;1,043287E+0;;
02/12/2021  12:05:21,987858;1,009702E+0;1,300264E-2;1,032929E+1;1,042103E+0;;
02/12/2021  12:05:21,987958;1,010200E+0;1,332122E-2;1,032929E+1;1,040923E+0;;
02/12/2021  12:05:21,988058;1,010352E+0;1,427696E-2;1,032929E+1;1,039749E+0;;
02/12/2021  12:05:21,988158;1,008922E+0;1,427696E-2;1,032929E+1;1,038582E+0;;
02/12/2021  12:05:21,988258;1,007184E+0;1,332122E-2;1,032929E+1;1,037422E+0;;
02/12/2021  12:05:21,988358;1,006657E+0;1,491412E-2;1,032929E+1;1,036271E+0;;
02/12/2021  12:05:21,988458;1,007238E+0;1,459554E-2;1,032929E+1;1,035128E+0;;
02/12/2021  12:05:21,988558;1,007169E+0;1,523270E-2;1,032929E+1;1,033996E+0;;
02/12/2021  12:05:21,988658;1,006248E+0;1,459554E-2;1,032929E+1;1,032873E+0;;
02/12/2021  12:05:21,988758;1,005250E+0;1,459554E-2;1,032929E+1;1,031762E+0;;
02/12/2021  12:05:21,988858;1,004627E+0;8,542518E-3;1,032929E+1;1,030663E+0;;
02/12/2021  12:05:21,988958;1,006224E+0;5,356718E-3;1,032929E+1;1,029577E+0;;
02/12/2021  12:05:21,989058;1,005864E+0;1,395838E-2;1,032929E+1;1,028505E+0;;
02/12/2021  12:05:21,989158;1,004403E+0;1,363980E-2;1,032929E+1;1,027447E+0;;
02/12/2021  12:05:21,989258;1,003638E+0;1,363980E-2;1,032929E+1;1,026404E+0;;
02/12/2021  12:05:21,989358;1,004180E+0;1,236548E-2;1,032929E+1;1,025377E+0;;
02/12/2021  12:05:21,989458;1,005160E+0;1,491412E-2;1,032929E+1;1,024366E+0;;
02/12/2021  12:05:21,989558;1,004934E+0;1,395838E-2;1,032929E+1;1,023373E+0;;
02/12/2021  12:05:21,989658;1,004001E+0;1,459554E-2;1,032929E+1;1,022399E+0;;
02/12/2021  12:05:21,989758;1,002824E+0;1,682560E-2;1,032929E+1;1,021443E+0;;
02/12/2021  12:05:21,989858;1,003083E+0;1,778134E-2;1,032929E+1;1,020507E+0;;
02/12/2021  12:05:21,989958;1,004108E+0;7,002846E-2;1,032929E+1;1,019591E+0;;
02/12/2021  12:05:21,990058;1,003521E+0;1,459554E-2;1,032929E+1;1,018695E+0;;
02/12/2021  12:05:21,990158;1,003021E+0;1,746276E-2;1,032929E+1;1,017821E+0;;
02/12/2021  12:05:21,990258;1,002135E+0;3,976336E-2;1,032929E+1;1,016968E+0;;
02/12/2021  12:05:21,990358;1,002141E+0;1,905566E-2;1,032929E+1;1,016138E+0;;
02/12/2021  12:05:21,990458;1,002088E+0;1,172832E-2;1,032929E+1;1,015329E+0;;
02/12/2021  12:05:21,990558;1,002329E+0;1,618844E-2;1,032929E+1;1,014544E+0;;
02/12/2021  12:05:21,990658;9,998198E-1;2,192288E-2;1,032929E+1;1,013780E+0;;
02/12/2021  12:05:21,990758;9,986515E-1;1,235499E-1;1,032929E+1;1,013040E+0;;
02/12/2021  12:05:21,990858;9,987349E-1;5,378088E-2;1,032929E+1;1,012321E+0;;
02/12/2021  12:05:21,990958;9,981925E-1;1,491412E-2;1,032929E+1;1,011624E+0;;
02/12/2021  12:05:21,991058;9,970093E-1;1,618844E-2;1,032929E+1;1,010948E+0;;
02/12/2021  12:05:21,991158;9,957070E-1;3,434750E-2;1,032929E+1;1,010292E+0;;
02/12/2021  12:05:21,991258;9,944373E-1;1,778134E-2;1,032929E+1;1,009656E+0;;
02/12/2021  12:05:21,991358;9,945774E-1;1,300264E-2;1,032929E+1;1,009038E+0;;
02/12/2021  12:05:21,991458;9,943777E-1;1,586986E-2;1,032929E+1;1,008438E+0;;
02/12/2021  12:05:21,991558;9,943986E-1;1,746276E-2;1,032929E+1;1,007854E+0;;
02/12/2021  12:05:21,991658;9,925508E-1;1,047537E-1;1,032929E+1;1,007286E+0;;
02/12/2021  12:05:21,991758;9,916806E-1;3,371034E-2;1,032929E+1;1,006732E+0;;
02/12/2021  12:05:21,991858;9,922975E-1;7,586778E-3;1,032929E+1;1,006192E+0;;
02/12/2021  12:05:21,991958;9,928518E-1;1,778134E-2;1,032929E+1;1,005665E+0;;
02/12/2021  12:05:21,992058;9,923184E-1;1,037979E-1;1,032929E+1;1,005150E+0;;
02/12/2021  12:05:21,992158;9,912276E-1;1,018865E-1;1,032929E+1;1,004646E+0;;
02/12/2021  12:05:21,992258;9,909534E-1;1,236548E-2;1,032929E+1;1,004153E+0;;
02/12/2021  12:05:21,992358;9,918534E-1;1,746276E-2;1,032929E+1;1,003670E+0;;
02/12/2021  12:05:21,992458;9,921753E-1;2,638300E-2;1,032929E+1;1,003196E+0;;
02/12/2021  12:05:21,992558;9,917700E-1;1,714418E-2;1,032929E+1;1,002732E+0;;
02/12/2021  12:05:21,992658;9,906196E-1;1,395838E-2;1,032929E+1;1,002277E+0;;
02/12/2021  12:05:21,992758;9,898685E-1;1,523270E-2;1,032929E+1;1,001830E+0;;
02/12/2021  12:05:21,992858;9,910040E-1;1,714418E-2;1,032929E+1;1,001391E+0;;
02/12/2021  12:05:21,992958;9,912812E-1;1,491412E-2;1,032929E+1;1,000961E+0;;
02/12/2021  12:05:21,993058;9,904527E-1;1,459554E-2;1,032929E+1;1,000538E+0;;
02/12/2021  12:05:21,993158;9,894334E-1;1,586986E-2;1,032929E+1;1,000123E+0;;
02/12/2021  12:05:21,993258;9,894841E-1;1,650702E-2;1,032929E+1;9,997159E-1;;
02/12/2021  12:05:21,993358;9,909832E-1;1,618844E-2;1,032929E+1;9,993156E-1;;
02/12/2021  12:05:21,993458;9,914034E-1;1,395838E-2;1,032929E+1;9,989225E-1;;
02/12/2021  12:05:21,993558;9,914928E-1;1,332122E-2;1,032929E+1;9,985368E-1;;
02/12/2021  12:05:21,993658;9,902351E-1;1,586986E-2;1,032929E+1;9,981587E-1;;
02/12/2021  12:05:21,993758;9,915226E-1;8,223938E-3;1,032929E+1;9,977885E-1;;
02/12/2021  12:05:21,993858;9,926104E-1;1,236548E-2;1,032929E+1;9,974263E-1;;
02/12/2021  12:05:21,993958;9,938800E-1;1,268406E-2;1,032929E+1;9,970725E-1;;
02/12/2021  12:05:21,994058;9,942377E-1;1,395838E-2;1,032929E+1;9,967280E-1;;
02/12/2021  12:05:21,994158;9,929532E-1;1,332122E-2;1,032929E+1;9,963933E-1;;
02/12/2021  12:05:21,994258;9,939665E-1;1,395838E-2;1,032929E+1;9,960692E-1;;
02/12/2021  12:05:21,994358;9,948546E-1;1,268406E-2;1,032929E+1;9,957562E-1;;
02/12/2021  12:05:21,994458;9,954298E-1;1,268406E-2;1,032929E+1;9,954550E-1;;
02/12/2021  12:05:21,994558;9,953732E-1;1,395838E-2;1,032929E+1;9,951662E-1;;
02/12/2021  12:05:21,994658;9,943718E-1;1,363980E-2;1,032929E+1;9,948906E-1;;
02/12/2021  12:05:21,994758;9,949380E-1;1,332122E-2;1,032929E+1;9,946286E-1;;
02/12/2021  12:05:21,994858;9,964043E-1;7,905358E-3;1,032929E+1;9,943805E-1;;
02/12/2021  12:05:21,994958;9,960050E-1;1,109116E-2;1,032929E+1;9,941469E-1;;
02/12/2021  12:05:21,995058;9,960884E-1;1,395838E-2;1,032929E+1;9,939281E-1;;
02/12/2021  12:05:21,995158;9,960497E-1;1,236548E-2;1,032929E+1;9,937245E-1;;
02/12/2021  12:05:21,995258;9,972031E-1;1,077258E-2;1,032929E+1;9,935364E-1;;
02/12/2021  12:05:21,995358;9,986813E-1;5,780180E-4;1,032929E+1;9,933641E-1;;
02/12/2021  12:05:21,995458;9,994293E-1;1,555128E-2;1,032929E+1;9,932080E-1;;
02/12/2021  12:05:21,995558;9,995217E-1;1,459554E-2;1,032929E+1;9,930687E-1;;
02/12/2021  12:05:21,995658;9,989287E-1;6,949618E-3;1,032929E+1;9,929467E-1;;
02/12/2021  12:05:21,995758;1,000237E+0;1,045400E-2;1,032929E+1;9,928423E-1;;
02/12/2021  12:05:21,995858;1,001867E+0;1,363980E-2;1,032929E+1;9,927558E-1;;
02/12/2021  12:05:21,995958;1,002842E+0;1,778134E-2;1,032929E+1;9,926877E-1;;
02/12/2021  12:05:21,996058;1,002314E+0;9,498258E-3;1,032929E+1;9,926385E-1;;
02/12/2021  12:05:21,996158;1,002976E+0;1,045400E-2;1,032929E+1;9,926087E-1;;
02/12/2021  12:05:21,996258;1,003691E+0;7,905358E-3;1,032929E+1;9,925984E-1;;
02/12/2021  12:05:21,996358;1,005131E+0;7,905358E-3;1,032929E+1;9,926081E-1;;
02/12/2021  12:05:21,996458;1,005056E+0;1,204690E-2;1,032929E+1;9,926381E-1;;
02/12/2021  12:05:21,996558;1,004609E+0;1,586986E-2;1,032929E+1;9,926885E-1;;
02/12/2021  12:05:21,996658;1,004088E+0;9,498258E-3;1,032929E+1;9,927594E-1;;
02/12/2021  12:05:21,996758;1,005202E+0;1,077258E-2;1,032929E+1;9,928506E-1;;
02/12/2021  12:05:21,996858;1,006278E+0;1,555128E-2;1,032929E+1;9,929618E-1;;
02/12/2021  12:05:21,996958;1,006737E+0;1,427696E-2;1,032929E+1;9,930929E-1;;
02/12/2021  12:05:21,997058;1,005998E+0;1,332122E-2;1,032929E+1;9,932436E-1;;
02/12/2021  12:05:21,997158;1,006174E+0;1,555128E-2;1,032929E+1;9,934135E-1;;
02/12/2021  12:05:21,997258;1,006388E+0;1,332122E-2;1,032929E+1;9,936021E-1;;
02/12/2021  12:05:21,997358;1,008141E+0;1,555128E-2;1,032929E+1;9,938089E-1;;
02/12/2021  12:05:21,997458;1,008314E+0;1,268406E-2;1,032929E+1;9,940332E-1;;
02/12/2021  12:05:21,997558;1,006794E+0;1,714418E-2;1,032929E+1;9,942747E-1;;
02/12/2021  12:05:21,997658;1,006800E+0;1,109116E-2;1,032929E+1;9,945325E-1;;
02/12/2021  12:05:21,997758;1,008036E+0;5,038138E-3;1,032929E+1;9,948059E-1;;
02/12/2021  12:05:21,997858;1,008030E+0;1,555128E-2;1,032929E+1;9,950940E-1;;
02/12/2021  12:05:21,997958;1,007765E+0;1,586986E-2;1,032929E+1;9,953958E-1;;
02/12/2021  12:05:21,998058;1,006239E+0;1,714418E-2;1,032929E+1;9,957104E-1;;
02/12/2021  12:05:21,998158;1,006323E+0;1,618844E-2;1,032929E+1;9,960367E-1;;
02/12/2021  12:05:21,998258;1,007020E+0;1,618844E-2;1,032929E+1;9,963733E-1;;
02/12/2021  12:05:21,998358;1,007327E+0;1,682560E-2;1,032929E+1;9,967190E-1;;
02/12/2021  12:05:21,998458;1,006484E+0;1,650702E-2;1,032929E+1;9,970726E-1;;
02/12/2021  12:05:21,998558;1,004487E+0;1,523270E-2;1,032929E+1;9,974328E-1;;
02/12/2021  12:05:21,998658;1,005378E+0;7,905358E-3;1,032929E+1;9,977980E-1;;
02/12/2021  12:05:21,998758;1,006233E+0;1,300264E-2;1,032929E+1;9,981669E-1;;
02/12/2021  12:05:21,998858;1,005804E+0;1,459554E-2;1,032929E+1;9,985379E-1;;
02/12/2021  12:05:21,998958;1,005447E+0;1,714418E-2;1,032929E+1;9,989099E-1;;
02/12/2021  12:05:21,999058;1,004296E+0;1,491412E-2;1,032929E+1;9,992816E-1;;
02/12/2021  12:05:21,999158;1,004752E+0;1,013542E-2;1,032929E+1;9,996516E-1;;
02/12/2021  12:05:21,999258;1,006239E+0;1,618844E-2;1,032929E+1;1,000019E+0;;
02/12/2021  12:05:21,999358;1,005864E+0;1,682560E-2;1,032929E+1;1,000381E+0;;
02/12/2021  12:05:21,999458;1,005545E+0;1,586986E-2;1,032929E+1;1,000739E+0;;
02/12/2021  12:05:21,999558;1,004561E+0;1,555128E-2;1,032929E+1;1,001092E+0;;
02/12/2021  12:05:21,999658;1,005613E+0;1,533758E-3;1,032929E+1;1,001437E+0;;
02/12/2021  12:05:21,999758;1,006081E+0;1,533758E-3;1,032929E+1;1,001775E+0;;
02/12/2021  12:05:21,999858;1,006749E+0;1,586986E-2;1,032929E+1;1,002104E+0;;
02/12/2021  12:05:21,999958;1,006442E+0;1,204690E-2;1,032929E+1;1,002425E+0;;
02/12/2021  12:05:22,000058;1,005837E+0;5,038138E-3;1,032929E+1;1,002737E+0;;
02/12/2021  12:05:22,000158;1,007732E+0;1,852338E-3;1,032929E+1;1,003040E+0;;
02/12/2021  12:05:22,000258;1,008674E+0;1,533758E-3;1,032929E+1;1,003332E+0;;
02/12/2021  12:05:22,000358;1,008793E+0;2,489498E-3;1,032929E+1;1,003616E+0;;
02/12/2021  12:05:22,000458;1,007905E+0;2,489498E-3;1,032929E+1;1,003890E+0;;
02/12/2021  12:05:22,000558;1,007211E+0;2,489498E-3;1,032929E+1;1,004155E+0;;
02/12/2021  12:05:22,000658;1,007834E+0;8,965980E-4;1,032929E+1;1,004410E+0;;
02/12/2021  12:05:22,000758;1,008194E+0;1,533758E-3;1,032929E+1;1,004656E+0;;
02/12/2021  12:05:22,000858;1,008326E+0;3,763818E-3;1,032929E+1;1,004894E+0;;
02/12/2021  12:05:22,000958;1,007101E+0;1,533758E-3;1,032929E+1;1,005122E+0;;
02/12/2021  12:05:22,001058;1,006514E+0;1,215178E-3;1,032929E+1;1,005341E+0;;
02/12/2021  12:05:22,001158;1,006552E+0;1,533758E-3;1,032929E+1;1,005551E+0;;
02/12/2021  12:05:22,001258;1,006922E+0;1,533758E-3;1,032929E+1;1,005751E+0;;
02/12/2021  12:05:22,001358;1,006621E+0;1,215178E-3;1,032929E+1;1,005942E+0;;
02/12/2021  12:05:22,001458;1,005003E+0;1,533758E-3;1,032929E+1;1,006123E+0;;
02/12/2021  12:05:22,001558;1,004704E+0;1,215178E-3;1,032929E+1;1,006294E+0;;
02/12/2021  12:05:22,001658;1,005768E+0;1,533758E-3;1,032929E+1;1,006455E+0;;
02/12/2021  12:05:22,001758;1,005989E+0;1,215178E-3;1,032929E+1;1,006605E+0;;
02/12/2021  12:05:22,001858;1,006016E+0;5,780180E-4;1,032929E+1;1,006745E+0;;
02/12/2021  12:05:22,001958;1,005065E+0;1,215178E-3;1,032929E+1;1,006874E+0;;
02/12/2021  12:05:22,002058;1,005679E+0;8,965980E-4;1,032929E+1;1,006993E+0;;
02/12/2021  12:05:22,002158;1,006615E+0;1,215178E-3;1,032929E+1;1,007102E+0;;
02/12/2021  12:05:22,002258;1,007509E+0;1,215178E-3;1,032929E+1;1,007200E+0;;
02/12/2021  12:05:22,002358;1,006767E+0;8,965980E-4;1,032929E+1;1,007288E+0;;
02/12/2021  12:05:22,002458;1,005780E+0;1,215178E-3;1,032929E+1;1,007367E+0;;
02/12/2021  12:05:22,002558;1,004687E+0;1,852338E-3;1,032929E+1;1,007436E+0;;
02/12/2021  12:05:22,002658;1,005724E+0;1,852338E-3;1,032929E+1;1,007497E+0;;
02/12/2021  12:05:22,002758;1,005739E+0;8,965980E-4;1,032929E+1;1,007549E+0;;
02/12/2021  12:05:22,002858;1,004535E+0;1,215178E-3;1,032929E+1;1,007592E+0;;
02/12/2021  12:05:22,002958;1,003915E+0;1,215178E-3;1,032929E+1;1,007626E+0;;
02/12/2021  12:05:22,003058;1,003557E+0;5,993878E-3;1,032929E+1;1,007652E+0;;
02/12/2021  12:05:22,003158;1,004558E+0;8,965980E-4;1,032929E+1;1,007669E+0;;
02/12/2021  12:05:22,003258;1,004034E+0;5,675298E-3;1,032929E+1;1,007678E+0;;
02/12/2021  12:05:22,003358;1,003477E+0;8,542518E-3;1,032929E+1;1,007678E+0;;
02/12/2021  12:05:22,003458;1,002982E+0;2,489498E-3;1,032929E+1;1,007670E+0;;
02/12/2021  12:05:22,003558;1,003798E+0;2,489498E-3;1,032929E+1;1,007653E+0;;
02/12/2021  12:05:22,003658;1,005101E+0;2,808078E-3;1,032929E+1;1,007628E+0;;
02/12/2021  12:05:22,003758;1,005250E+0;1,077258E-2;1,032929E+1;1,007596E+0;;
02/12/2021  12:05:22,003858;1,004770E+0;1,332122E-2;1,032929E+1;1,007556E+0;;
02/12/2021  12:05:22,003958;1,004326E+0;1,204690E-2;1,032929E+1;1,007510E+0;;
02/12/2021  12:05:22,004058;1,005155E+0;1,533758E-3;1,032929E+1;1,007457E+0;;
02/12/2021  12:05:22,004158;1,005238E+0;4,400978E-3;1,032929E+1;1,007399E+0;;
02/12/2021  12:05:22,004258;1,006019E+0;1,586986E-2;1,032929E+1;1,007335E+0;;
02/12/2021  12:05:22,004358;1,003840E+0;1,459554E-2;1,032929E+1;1,007267E+0;;
02/12/2021  12:05:22,004458;1,003390E+0;1,300264E-2;1,032929E+1;1,007195E+0;;
02/12/2021  12:05:22,004558;1,003539E+0;1,491412E-2;1,032929E+1;1,007119E+0;;
02/12/2021  12:05:22,004658;1,003736E+0;1,586986E-2;1,032929E+1;1,007039E+0;;
02/12/2021  12:05:22,004758;1,003375E+0;1,618844E-2;1,032929E+1;1,006956E+0;;
02/12/2021  12:05:22,004858;1,001715E+0;1,491412E-2;1,032929E+1;1,006870E+0;;
02/12/2021  12:05:22,004958;1,001173E+0;1,363980E-2;1,032929E+1;1,006780E+0;;
02/12/2021  12:05:22,005058;1,001668E+0;1,778134E-2;1,032929E+1;1,006687E+0;;
02/12/2021  12:05:22,005158;1,002475E+0;1,586986E-2;1,032929E+1;1,006590E+0;;
02/12/2021  12:05:22,005258;1,001918E+0;1,523270E-2;1,032929E+1;1,006490E+0;;
02/12/2021  12:05:22,005358;1,000139E+0;1,045400E-2;1,032929E+1;1,006386E+0;;
02/12/2021  12:05:22,005458;9,995277E-1;6,949618E-3;1,032929E+1;1,006279E+0;;
02/12/2021  12:05:22,005558;1,000270E+0;1,555128E-2;1,032929E+1;1,006169E+0;;
02/12/2021  12:05:22,005658;1,000285E+0;1,395838E-2;1,032929E+1;1,006054E+0;;
02/12/2021  12:05:22,005758;9,991194E-1;1,332122E-2;1,032929E+1;1,005935E+0;;
02/12/2021  12:05:22,005858;9,975667E-1;1,555128E-2;1,032929E+1;1,005812E+0;;
02/12/2021  12:05:22,005958;9,976024E-1;1,682560E-2;1,032929E+1;1,005685E+0;;
02/12/2021  12:05:22,006058;9,974564E-1;1,491412E-2;1,032929E+1;1,005552E+0;;
02/12/2021  12:05:22,006158;9,977693E-1;1,682560E-2;1,032929E+1;1,005415E+0;;
02/12/2021  12:05:22,006258;9,965802E-1;1,778134E-2;1,032929E+1;1,005272E+0;;
02/12/2021  12:05:22,006358;9,946042E-1;1,586986E-2;1,032929E+1;1,005123E+0;;
02/12/2021  12:05:22,006458;9,944970E-1;5,356718E-3;1,032929E+1;1,004968E+0;;
02/12/2021  12:05:22,006558;9,955520E-1;1,363980E-2;1,032929E+1;1,004807E+0;;
02/12/2021  12:05:22,006658;9,957993E-1;1,555128E-2;1,032929E+1;1,004638E+0;;
02/12/2021  12:05:22,006758;9,957785E-1;1,332122E-2;1,032929E+1;1,004463E+0;;
02/12/2021  12:05:22,006858;9,942883E-1;1,300264E-2;1,032929E+1;1,004280E+0;;
02/12/2021  12:05:22,006958;9,952212E-1;1,236548E-2;1,032929E+1;1,004091E+0;;
02/12/2021  12:05:22,007058;9,964282E-1;6,312458E-3;1,032929E+1;1,003895E+0;;
02/12/2021  12:05:22,007158;9,966577E-1;1,268406E-2;1,032929E+1;1,003692E+0;;
02/12/2021  12:05:22,007258;9,962136E-1;1,459554E-2;1,032929E+1;1,003484E+0;;
02/12/2021  12:05:22,007358;9,951973E-1;1,459554E-2;1,032929E+1;1,003270E+0;;
02/12/2021  12:05:22,007458;9,957368E-1;1,109116E-2;1,032929E+1;1,003051E+0;;
02/12/2021  12:05:22,007558;9,969170E-1;1,236548E-2;1,032929E+1;1,002827E+0;;
02/12/2021  12:05:22,007658;9,974653E-1;1,077258E-2;1,032929E+1;1,002600E+0;;
02/12/2021  12:05:22,007758;9,954506E-1;1,268406E-2;1,032929E+1;1,002370E+0;;
02/12/2021  12:05:22,007858;9,946311E-1;1,204690E-2;1,032929E+1;1,002137E+0;;
02/12/2021  12:05:22,007958;9,955848E-1;1,300264E-2;1,032929E+1;1,001902E+0;;
02/12/2021  12:05:22,008058;9,964192E-1;1,427696E-2;1,032929E+1;1,001665E+0;;
02/12/2021  12:05:22,008158;9,950513E-1;1,140974E-2;1,032929E+1;1,001428E+0;;
02/12/2021  12:05:22,008258;9,941095E-1;3,126658E-3;1,032929E+1;1,001190E+0;;
02/12/2021  12:05:22,008358;9,933406E-1;1,204690E-2;1,032929E+1;1,000951E+0;;
02/12/2021  12:05:22,008458;9,933615E-1;1,427696E-2;1,032929E+1;1,000713E+0;;
02/12/2021  12:05:22,008558;9,946251E-1;1,236548E-2;1,032929E+1;1,000474E+0;;
02/12/2021  12:05:22,008658;9,936863E-1;1,363980E-2;1,032929E+1;1,000236E+0;;
02/12/2021  12:05:22,008758;9,924852E-1;1,363980E-2;1,032929E+1;9,999975E-1;;
02/12/2021  12:05:22,008858;9,912425E-1;1,140974E-2;1,032929E+1;9,997598E-1;;
02/12/2021  12:05:22,008958;9,934479E-1;8,861098E-3;1,032929E+1;9,995224E-1;;
02/12/2021  12:05:22,009058;9,929114E-1;1,459554E-2;1,032929E+1;9,992855E-1;;
02/12/2021  12:05:22,009158;9,922856E-1;1,650702E-2;1,032929E+1;9,990492E-1;;
02/12/2021  12:05:22,009258;9,917879E-1;1,459554E-2;1,032929E+1;9,988136E-1;;
02/12/2021  12:05:22,009358;9,915375E-1;1,268406E-2;1,032929E+1;9,985788E-1;;
02/12/2021  12:05:22,009458;9,921813E-1;1,300264E-2;1,032929E+1;9,983449E-1;;
02/12/2021  12:05:22,009558;9,928518E-1;1,077258E-2;1,032929E+1;9,981120E-1;;
02/12/2021  12:05:22,009658;9,922707E-1;1,268406E-2;1,032929E+1;9,978803E-1;;
02/12/2021  12:05:22,009758;9,913527E-1;1,714418E-2;1,032929E+1;9,976500E-1;;
02/12/2021  12:05:22,009858;9,907507E-1;1,618844E-2;1,032929E+1;9,974214E-1;;
02/12/2021  12:05:22,009958;9,920442E-1;1,586986E-2;1,032929E+1;9,971945E-1;;
02/12/2021  12:05:22,010058;9,922796E-1;1,650702E-2;1,032929E+1;9,969694E-1;;
02/12/2021  12:05:22,010158;9,918385E-1;1,427696E-2;1,032929E+1;9,967463E-1;;
02/12/2021  12:05:22,010258;9,906762E-1;2,479010E-2;1,032929E+1;9,965256E-1;;
02/12/2021  12:05:22,010358;9,906226E-1;1,045400E-2;1,032929E+1;9,963073E-1;;
02/12/2021  12:05:22,010458;9,915047E-1;1,491412E-2;1,032929E+1;9,960915E-1;;
02/12/2021  12:05:22,010558;9,913319E-1;1,586986E-2;1,032929E+1;9,958783E-1;;
02/12/2021  12:05:22,010658;9,914004E-1;1,586986E-2;1,032929E+1;9,956679E-1;;
02/12/2021  12:05:22,010758;9,907001E-1;2,861306E-2;1,032929E+1;9,954605E-1;;
02/12/2021  12:05:22,010858;9,906226E-1;1,586986E-2;1,032929E+1;9,952561E-1;;
02/12/2021  12:05:22,010958;9,915882E-1;1,109116E-2;1,032929E+1;9,950550E-1;;
02/12/2021  12:05:22,011058;9,922319E-1;1,586986E-2;1,032929E+1;9,948572E-1;;
02/12/2021  12:05:22,011158;9,914451E-1;1,714418E-2;1,032929E+1;9,946632E-1;;
02/12/2021  12:05:22,011258;9,905510E-1;1,778134E-2;1,032929E+1;9,944731E-1;;
02/12/2021  12:05:22,011358;9,915912E-1;1,459554E-2;1,032929E+1;9,942872E-1;;
02/12/2021  12:05:22,011458;9,926492E-1;1,363980E-2;1,032929E+1;9,941056E-1;;
02/12/2021  12:05:22,011558;9,928936E-1;1,523270E-2;1,032929E+1;9,939286E-1;;
02/12/2021  12:05:22,011658;9,926015E-1;1,356559E-1;1,032929E+1;9,937568E-1;;
02/12/2021  12:05:22,011758;9,924197E-1;1,873708E-2;1,032929E+1;9,935904E-1;;
02/12/2021  12:05:22,011858;9,930455E-1;1,555128E-2;1,032929E+1;9,934298E-1;;
02/12/2021  12:05:22,011958;9,938621E-1;1,618844E-2;1,032929E+1;9,932754E-1;;
02/12/2021  12:05:22,012058;9,940827E-1;1,650702E-2;1,032929E+1;9,931276E-1;;
02/12/2021  12:05:22,012158;9,931648E-1;1,618844E-2;1,032929E+1;9,929869E-1;;
02/12/2021  12:05:22,012258;9,919011E-1;1,459554E-2;1,032929E+1;9,928535E-1;;
02/12/2021  12:05:22,012358;9,919905E-1;1,618844E-2;1,032929E+1;9,927276E-1;;
02/12/2021  12:05:22,012458;9,922885E-1;1,586986E-2;1,032929E+1;9,926089E-1;;
02/12/2021  12:05:22,012558;9,913498E-1;1,746276E-2;1,032929E+1;9,924975E-1;;
02/12/2021  12:05:22,012658;9,904467E-1;1,427696E-2;1,032929E+1;9,923930E-1;;
02/12/2021  12:05:22,012758;9,890490E-1;1,586986E-2;1,032929E+1;9,922950E-1;;
02/12/2021  12:05:22,012858;9,891741E-1;1,809992E-2;1,032929E+1;9,922030E-1;;
02/12/2021  12:05:22,012958;9,890728E-1;1,809992E-2;1,032929E+1;9,921161E-1;;
02/12/2021  12:05:22,013058;9,884797E-1;1,491412E-2;1,032929E+1;9,920338E-1;;
02/12/2021  12:05:22,013158;9,870104E-1;1,586986E-2;1,032929E+1;9,919552E-1;;
02/12/2021  12:05:22,013258;9,863727E-1;1,555128E-2;1,032929E+1;9,918796E-1;;
02/12/2021  12:05:22,013358;9,873800E-1;1,459554E-2;1,032929E+1;9,918059E-1;;
02/12/2021  12:05:22,013458;9,874962E-1;1,300264E-2;1,032929E+1;9,917334E-1;;
02/12/2021  12:05:22,013558;9,877883E-1;1,172832E-2;1,032929E+1;9,916615E-1;;
02/12/2021  12:05:22,013658;9,869568E-1;1,586986E-2;1,032929E+1;9,915896E-1;;
02/12/2021  12:05:22,013758;9,871177E-1;1,586986E-2;1,032929E+1;9,915172E-1;;
02/12/2021  12:05:22,013858;9,884142E-1;1,395838E-2;1,032929E+1;9,914440E-1;;
02/12/2021  12:05:22,013958;9,890788E-1;1,395838E-2;1,032929E+1;9,913698E-1;;
02/12/2021  12:05:22,014058;9,893828E-1;8,861098E-3;1,032929E+1;9,912945E-1;;
02/12/2021  12:05:22,014158;9,886854E-1;1,491412E-2;1,032929E+1;9,912184E-1;;
02/12/2021  12:05:22,014258;9,895497E-1;1,395838E-2;1,032929E+1;9,911416E-1;;
02/12/2021  12:05:22,014358;9,900265E-1;1,491412E-2;1,032929E+1;9,910642E-1;;
02/12/2021  12:05:22,014458;9,905689E-1;1,332122E-2;1,032929E+1;9,909867E-1;;
02/12/2021  12:05:22,014558;9,898626E-1;1,300264E-2;1,032929E+1;9,909094E-1;;
02/12/2021  12:05:22,014658;9,891205E-1;1,778134E-2;1,032929E+1;9,908327E-1;;
02/12/2021  12:05:22,014758;9,891175E-1;1,204690E-2;1,032929E+1;9,907567E-1;;
02/12/2021  12:05:22,014858;9,894871E-1;1,077258E-2;1,032929E+1;9,906816E-1;;
02/12/2021  12:05:22,014958;9,899103E-1;8,542518E-3;1,032929E+1;9,906074E-1;;
02/12/2021  12:05:22,015058;9,890996E-1;1,332122E-2;1,032929E+1;9,905345E-1;;
02/12/2021  12:05:22,015158;9,876035E-1;1,522221E-1;3,224555E-1;9,904628E-1;;
02/12/2021  12:05:22,015258;9,877943E-1;1,073023E-1;1,433221E-1;9,903924E-1;;
02/12/2021  12:05:22,015358;9,885542E-1;1,139925E-1;1,477451E-1;9,903229E-1;;
02/12/2021  12:05:22,015458;9,884171E-1;1,378860E-1;1,550115E-1;9,902543E-1;;
02/12/2021  12:05:22,015558;9,878330E-1;1,216384E-1;1,297370E-1;9,901866E-1;;
02/12/2021  12:05:22,015658;9,871654E-1;4,071910E-2;1,145722E-1;9,901195E-1;;
02/12/2021  12:05:22,015758;9,873472E-1;7,512574E-2;8,961361E-2;9,900530E-1;;
02/12/2021  12:05:22,015858;9,882353E-1;1,748413E-1;1,698603E-1;9,899869E-1;;
02/12/2021  12:05:22,015958;9,884052E-1;1,678325E-1;2,355742E-1;9,899210E-1;;
02/12/2021  12:05:22,016058;9,879135E-1;1,334259E-1;1,373193E-1;9,898555E-1;;
02/12/2021  12:05:22,016158;9,872161E-1;1,331073E-1;1,376353E-1;9,897903E-1;;
02/12/2021  12:05:22,016258;9,870492E-1;1,289658E-1;1,243661E-1;9,897254E-1;;
02/12/2021  12:05:22,016358;9,882115E-1;1,241871E-1;1,069899E-1;9,896606E-1;;
02/12/2021  12:05:22,016458;9,885125E-1;1,095324E-1;1,237343E-1;9,895960E-1;;
02/12/2021  12:05:22,016558;9,877466E-1;1,152668E-1;1,313166E-1;9,895316E-1;;
02/12/2021  12:05:22,016658;9,875022E-1;1,232313E-1;1,253139E-1;9,894676E-1;;
02/12/2021  12:05:22,016758;9,877913E-1;1,334259E-1;1,256299E-1;9,894040E-1;;
02/12/2021  12:05:22,016858;9,884857E-1;1,331073E-1;1,344760E-1;9,893408E-1;;
02/12/2021  12:05:22,016958;9,883635E-1;1,280100E-1;1,284732E-1;9,892782E-1;;
02/12/2021  12:05:22,017058;9,876244E-1;1,248242E-1;1,376353E-1;9,892162E-1;;
02/12/2021  12:05:22,017158;9,864829E-1;1,391603E-1;1,224705E-1;9,891550E-1;;
02/12/2021  12:05:22,017258;9,871326E-1;1,375674E-1;1,635417E-1;9,890945E-1;;
02/12/2021  12:05:22,017358;9,877883E-1;1,337445E-1;1,613302E-1;9,890345E-1;;
02/12/2021  12:05:22,017458;9,869419E-1;1,174969E-1;1,237343E-1;9,889750E-1;;
02/12/2021  12:05:22,017558;9,864382E-1;1,286472E-1;1,227865E-1;9,889159E-1;;
02/12/2021  12:05:22,017658;9,859971E-1;1,337445E-1;1,310007E-1;9,888572E-1;;
02/12/2021  12:05:22,017758;9,869270E-1;1,359745E-1;1,411105E-1;9,887987E-1;;
02/12/2021  12:05:22,017858;9,872161E-1;1,292843E-1;1,341600E-1;9,887402E-1;;
02/12/2021  12:05:22,017958;9,863995E-1;1,232313E-1;1,313166E-1;9,886817E-1;;
02/12/2021  12:05:22,018058;9,858720E-1;1,264171E-1;1,363715E-1;9,886233E-1;;
02/12/2021  12:05:22,018158;9,849391E-1;9,360338E-2;1,161519E-1;9,885646E-1;;
02/12/2021  12:05:22,018258;9,852848E-1;1,347002E-1;1,316326E-1;9,885055E-1;;
02/12/2021  12:05:22,018358;9,856961E-1;1,337445E-1;1,325804E-1;9,884457E-1;;
02/12/2021  12:05:22,018458;9,852819E-1;1,385232E-1;1,404787E-1;9,883850E-1;;
02/12/2021  12:05:22,018558;9,840480E-1;1,490363E-1;1,388990E-1;9,883233E-1;;
02/12/2021  12:05:22,018658;9,839825E-1;1,458505E-1;1,531159E-1;9,882602E-1;;
02/12/2021  12:05:22,018758;9,843759E-1;1,334259E-1;1,376353E-1;9,881955E-1;;
02/12/2021  12:05:22,018858;9,841076E-1;1,311958E-1;1,360556E-1;9,881288E-1;;
02/12/2021  12:05:22,018958;9,829155E-1;1,331073E-1;1,392149E-1;9,880600E-1;;
02/12/2021  12:05:22,019058;9,812018E-1;1,302401E-1;1,221546E-1;9,879886E-1;;
02/12/2021  12:05:22,019158;9,811094E-1;1,216384E-1;1,360556E-1;9,879142E-1;;
02/12/2021  12:05:22,019258;9,809783E-1;1,267357E-1;1,284732E-1;9,878361E-1;;
02/12/2021  12:05:22,019358;9,806415E-1;1,305587E-1;1,316326E-1;9,877538E-1;;
02/12/2021  12:05:22,019458;9,796044E-1;1,299215E-1;1,335282E-1;9,876667E-1;;
02/12/2021  12:05:22,019558;9,780099E-1;8,850610E-2;1,170997E-1;9,875742E-1;;
02/12/2021  12:05:22,019658;9,778550E-1;9,901924E-2;1,019350E-1;9,874755E-1;;
02/12/2021  12:05:22,019758;9,776612E-1;1,200455E-1;1,272095E-1;9,873701E-1;;
02/12/2021  12:05:22,019858;9,767880E-1;1,557265E-1;1,445858E-1;9,872571E-1;;
02/12/2021  12:05:22,019958;9,756853E-1;1,413904E-1;1,354238E-1;9,871359E-1;;
02/12/2021  12:05:22,020058;9,743203E-1;9,041758E-2;1,167838E-1;9,870059E-1;;
02/12/2021  12:05:22,020158;9,743561E-1;2,733874E-2;7,444887E-2;9,868662E-1;;
02/12/2021  12:05:22,020258;9,744455E-1;1,063466E-1;1,771268E-1;9,867161E-1;;
02/12/2021  12:05:22,020358;9,741475E-1;9,583344E-2;1,110970E-1;9,865551E-1;;
02/12/2021  12:05:22,020458;9,731163E-1;1,076209E-1;1,180475E-1;9,863828E-1;;
02/12/2021  12:05:22,020558;9,724815E-1;1,139925E-1;1,158360E-1;9,861987E-1;;
02/12/2021  12:05:22,020658;9,726514E-1;1,031608E-1;1,199431E-1;9,860025E-1;;
02/12/2021  12:05:22,020758;9,742816E-1;1,331073E-1;1,215227E-1;9,857940E-1;;
02/12/2021  12:05:22,020858;9,732862E-1;8,213450E-2;6,560278E-2;9,855733E-1;;
02/12/2021  12:05:22,020958;9,731401E-1;1,332122E-2;1,505366E-2;9,853406E-1;;
02/12/2021  12:05:22,021058;9,723861E-1;1,300264E-2;1,663332E-2;9,850962E-1;;
02/12/2021  12:05:22,021158;9,735097E-1;1,268406E-2;1,284213E-2;9,848404E-1;;
02/12/2021  12:05:22,021258;9,747197E-1;6,949618E-3;9,366883E-3;9,845738E-1;;
02/12/2021  12:05:22,021358;9,741504E-1;8,861098E-3;1,252620E-2;9,842971E-1;;
02/12/2021  12:05:22,021458;9,738524E-1;1,077258E-2;1,315807E-2;9,840111E-1;;
02/12/2021  12:05:22,021558;9,732951E-1;1,236548E-2;1,473773E-2;9,837167E-1;;
02/12/2021  12:05:22,021658;9,745170E-1;1,268406E-2;1,568552E-2;9,834148E-1;;
02/12/2021  12:05:22,021758;9,743799E-1;2,489498E-3;8,735019E-3;9,831061E-1;;
02/12/2021  12:05:22,021858;9,740432E-1;1,215178E-3;3,996039E-3;9,827918E-1;;
02/12/2021  12:05:22,021958;9,728242E-1;2,594380E-4;3,048243E-3;9,824727E-1;;
02/12/2021  12:05:22,022058;9,720315E-1;2,170918E-3;6,523495E-3;9,821495E-1;;
02/12/2021  12:05:22,022158;9,721596E-1;4,719558E-3;8,103155E-3;9,818230E-1;;
02/12/2021  12:05:22,022258;9,719659E-1;1,215178E-3;3,680107E-3;9,814937E-1;;
02/12/2021  12:05:22,022358;9,710360E-1;5,780180E-4;3,996039E-3;9,811619E-1;;
02/12/2021  12:05:22,022458;9,700913E-1;1,533758E-3;3,364175E-3;9,808283E-1;;
02/12/2021  12:05:22,022558;9,690571E-1;1,852338E-3;3,996039E-3;9,804930E-1;;
02/12/2021  12:05:22,022658;9,699452E-1;1,533758E-3;4,311971E-3;9,801562E-1;;
02/12/2021  12:05:22,022758;9,690154E-1;1,533758E-3;3,680107E-3;9,798181E-1;;
02/12/2021  12:05:22,022858;9,681064E-1;2,489498E-3;3,680107E-3;9,794788E-1;;
02/12/2021  12:05:22,022958;9,667802E-1;2,489498E-3;4,943835E-3;9,791384E-1;;
02/12/2021  12:05:22,023058;9,660768E-1;3,445238E-3;4,943835E-3;9,787967E-1;;
02/12/2021  12:05:22,023158;9,665984E-1;2,808078E-3;5,575699E-3;9,784536E-1;;
02/12/2021  12:05:22,023258;9,661126E-1;3,445238E-3;6,839427E-3;9,781090E-1;;
02/12/2021  12:05:22,023358;9,642707E-1;6,312458E-3;8,735019E-3;9,777627E-1;;
02/12/2021  12:05:22,023458;9,633856E-1;1,363980E-2;1,568552E-2;9,774145E-1;;
02/12/2021  12:05:22,023558;9,630607E-1;1,204690E-2;1,347400E-2;9,770641E-1;;
02/12/2021  12:05:22,023658;9,632962E-1;1,045400E-2;1,473773E-2;9,767111E-1;;
02/12/2021  12:05:22,023758;9,627359E-1;1,523270E-2;1,726518E-2;9,763552E-1;;
02/12/2021  12:05:22,023858;9,619312E-1;1,395838E-2;1,347400E-2;9,759961E-1;;
02/12/2021  12:05:22,023958;9,610759E-1;9,498258E-3;1,631739E-2;9,756338E-1;;
02/12/2021  12:05:22,024058;9,612666E-1;1,523270E-2;1,694925E-2;9,752680E-1;;
02/12/2021  12:05:22,024158;9,616689E-1;1,682560E-2;1,916077E-2;9,748985E-1;;
02/12/2021  12:05:22,024258;9,615646E-1;1,491412E-2;1,663332E-2;9,745252E-1;;
02/12/2021  12:05:22,024358;9,604470E-1;2,160430E-2;4,538313E-2;9,741484E-1;;
02/12/2021  12:05:22,024458;9,598688E-1;1,140974E-2;1,284213E-2;9,737681E-1;;
02/12/2021  12:05:22,024558;9,608404E-1;1,618844E-2;1,852891E-2;9,733844E-1;;
02/12/2021  12:05:22,024658;9,614424E-1;2,319720E-2;2,579535E-2;9,729975E-1;;
02/12/2021  12:05:22,024758;9,614842E-1;3,721472E-2;4,159195E-2;9,726078E-1;;
02/12/2021  12:05:22,024858;9,607749E-1;1,618844E-2;1,916077E-2;9,722158E-1;;
02/12/2021  12:05:22,024958;9,603368E-1;1,618844E-2;1,758111E-2;9,718221E-1;;
02/12/2021  12:05:22,025058;9,612875E-1;1,459554E-2;1,852891E-2;9,714271E-1;;
02/12/2021  12:05:22,025158;9,618090E-1;2,765732E-2;5,833634E-2;9,710316E-1;;
02/12/2021  12:05:22,025258;9,618895E-1;1,101695E-1;1,073058E-1;9,706361E-1;;
02/12/2021  12:05:22,025358;9,609209E-1;1,555128E-2;1,726518E-2;9,702414E-1;;
02/12/2021  12:05:22,025458;9,612487E-1;1,618844E-2;1,947671E-2;9,698484E-1;;
02/12/2021  12:05:22,025558;9,611385E-1;1,296029E-1;1,417424E-1;9,694576E-1;;
02/12/2021  12:05:22,025658;9,617047E-1;1,276914E-1;1,284732E-1;9,690698E-1;;
02/12/2021  12:05:22,025758;9,617941E-1;1,267357E-1;1,208909E-1;9,686856E-1;;
02/12/2021  12:05:22,025858;9,606735E-1;1,523270E-2;2,074043E-2;9,683057E-1;;
02/12/2021  12:05:22,025958;9,601490E-1;1,248242E-1;1,256299E-1;9,679308E-1;;
02/12/2021  12:05:22,026058;9,606944E-1;1,343816E-1;1,363715E-1;9,675613E-1;;
02/12/2021  12:05:22,026158;9,610878E-1;2,096714E-2;4,569906E-2;9,671975E-1;;
02/12/2021  12:05:22,026258;9,599672E-1;1,181340E-1;1,237343E-1;9,668401E-1;;
02/12/2021  12:05:22,026358;9,596006E-1;5,728526E-2;8,392683E-2;9,664893E-1;;
02/12/2021  12:05:22,026458;9,592907E-1;1,302401E-1;1,322644E-1;9,661453E-1;;
02/12/2021  12:05:22,026558;9,597049E-1;1,248242E-1;1,325804E-1;9,658084E-1;;
02/12/2021  12:05:22,026658;9,597645E-1;5,951532E-2;7,160549E-2;9,654787E-1;;
02/12/2021  12:05:22,026758;9,589718E-1;1,292843E-1;1,322644E-1;9,651564E-1;;
02/12/2021  12:05:22,026858;9,584443E-1;1,324701E-1;1,275255E-1;9,648416E-1;;
02/12/2021  12:05:22,026958;9,575502E-1;6,429402E-2;7,981972E-2;9,645343E-1;;
02/12/2021  12:05:22,027058;9,582029E-1;3,052454E-2;6,244346E-2;9,642343E-1;;
02/12/2021  12:05:22,027158;9,577469E-1;6,779840E-2;8,171531E-2;9,639416E-1;;
02/12/2021  12:05:22,027258;9,573863E-1;1,302401E-1;1,322644E-1;9,636559E-1;;
02/12/2021  12:05:22,027358;9,558574E-1;1,241871E-1;1,275255E-1;9,633771E-1;;
02/12/2021  12:05:22,027458;9,556040E-1;1,232313E-1;1,142563E-1;9,631048E-1;;
02/12/2021  12:05:22,027558;9,569571E-1;4,486064E-2;7,065769E-2;9,628386E-1;;
02/12/2021  12:05:22,027658;9,566591E-1;6,142680E-2;7,034176E-2;9,625783E-1;;
02/12/2021  12:05:22,027758;9,555325E-1;9,009900E-2;1,019350E-1;9,623235E-1;;
02/12/2021  12:05:22,027858;9,538188E-1;1,245056E-1;1,240502E-1;9,620740E-1;;
02/12/2021  12:05:22,027958;9,535655E-1;8,723178E-2;9,024547E-2;9,618293E-1;;
02/12/2021  12:05:22,028058;9,542689E-1;1,079395E-1;1,155200E-1;9,615888E-1;;
02/12/2021  12:05:22,028158;9,539589E-1;1,331073E-1;1,382671E-1;9,613520E-1;;
02/12/2021  12:05:22,028258;9,533688E-1;7,831154E-2;9,435259E-2;9,611184E-1;;
02/12/2021  12:05:22,028358;9,526029E-1;8,723178E-2;9,561632E-2;9,608877E-1;;
02/12/2021  12:05:22,028458;9,524151E-1;1,251428E-1;1,291051E-1;9,606592E-1;;
02/12/2021  12:05:22,028558;9,530887E-1;8,149734E-2;7,508074E-2;9,604326E-1;;
02/12/2021  12:05:22,028658;9,519144E-1;1,388417E-1;1,385831E-1;9,602075E-1;;
02/12/2021  12:05:22,028758;9,512200E-1;1,260985E-1;1,281573E-1;9,599835E-1;;
02/12/2021  12:05:22,028858;9,502008E-1;1,289658E-1;1,426902E-1;9,597602E-1;;
02/12/2021  12:05:22,028958;9,493603E-1;7,958586E-2;8,992954E-2;9,595370E-1;;
02/12/2021  12:05:22,029058;9,493543E-1;1,738855E-1;2,014535E-1;9,593132E-1;;
02/12/2021  12:05:22,029158;9,487911E-1;1,108067E-1;1,120448E-1;9,590883E-1;;
02/12/2021  12:05:22,029258;9,466989E-1;1,085766E-1;1,129926E-1;9,588616E-1;;
02/12/2021  12:05:22,029358;9,451134E-1;3,912620E-2;5,138584E-2;9,586324E-1;;
02/12/2021  12:05:22,029458;9,448004E-1;8,054160E-2;9,214107E-2;9,583998E-1;;
02/12/2021  12:05:22,029558;9,445948E-1;1,015679E-1;1,003553E-1;9,581627E-1;;
02/12/2021  12:05:22,029658;9,434921E-1;1,006121E-1;1,335282E-1;9,579202E-1;;
02/12/2021  12:05:22,029758;9,418827E-1;1,187712E-1;1,208909E-1;9,576715E-1;;
02/12/2021  12:05:22,029858;9,406072E-1;1,248242E-1;1,275255E-1;9,574156E-1;;
02/12/2021  12:05:22,029958;9,398561E-1;9,806350E-2;7,666040E-2;9,571515E-1;;
02/12/2021  12:05:22,030058;9,396803E-1;1,235499E-1;1,303688E-1;9,568782E-1;;
02/12/2021  12:05:22,030158;9,385508E-1;2,351578E-2;7,950379E-2;9,565948E-1;;
02/12/2021  12:05:22,030258;9,376626E-1;1,308772E-1;1,398468E-1;9,563004E-1;;
02/12/2021  12:05:22,030358;9,367000E-1;1,210013E-1;1,205749E-1;9,559942E-1;;
02/12/2021  12:05:22,030458;9,366613E-1;1,232313E-1;1,332122E-1;9,556756E-1;;
02/12/2021  12:05:22,030558;9,363900E-1;1,350188E-1;1,613302E-1;9,553438E-1;;
02/12/2021  12:05:22,030658;9,352069E-1;1,235499E-1;1,237343E-1;9,549985E-1;;
02/12/2021  12:05:22,030758;9,338419E-1;8,659462E-2;7,887192E-2;9,546392E-1;;
02/12/2021  12:05:22,030858;9,327571E-1;1,292843E-1;1,325804E-1;9,542656E-1;;
02/12/2021  12:05:22,030958;9,322623E-1;1,187712E-1;1,183634E-1;9,538772E-1;;
02/12/2021  12:05:22,031058;9,320895E-1;1,165411E-1;1,291051E-1;9,534736E-1;;
02/12/2021  12:05:22,031158;9,308884E-1;1,229127E-1;1,294210E-1;9,530547E-1;;
02/12/2021  12:05:22,031258;9,293029E-1;8,914326E-2;8,898175E-2;9,526201E-1;;
02/12/2021  12:05:22,031358;9,283909E-1;1,092138E-1;1,177316E-1;9,521696E-1;;
02/12/2021  12:05:22,031458;9,293416E-1;1,210013E-1;1,167838E-1;9,517032E-1;;
02/12/2021  12:05:22,031558;9,283879E-1;1,378860E-1;1,366875E-1;9,512207E-1;;
02/12/2021  12:05:22,031658;9,280065E-1;1,200455E-1;1,629098E-1;9,507222E-1;;
02/12/2021  12:05:22,031758;9,265759E-1;1,347002E-1;1,385831E-1;9,502082E-1;;
02/12/2021  12:05:22,031858;9,260067E-1;1,232313E-1;1,303688E-1;9,496787E-1;;
02/12/2021  12:05:22,031958;9,265819E-1;1,254614E-1;1,467973E-1;9,491342E-1;;
02/12/2021  12:05:22,032058;9,267279E-1;1,155854E-1;1,164678E-1;9,485750E-1;;
02/12/2021  12:05:22,032158;9,257742E-1;1,554079E-1;1,518522E-1;9,480018E-1;;
02/12/2021  12:05:22,032258;9,250649E-1;1,171783E-1;1,193112E-1;9,474154E-1;;
02/12/2021  12:05:22,032358;9,251752E-1;1,095324E-1;1,167838E-1;9,468165E-1;;
02/12/2021  12:05:22,032458;9,264507E-1;1,426647E-1;1,414265E-1;9,462059E-1;;
02/12/2021  12:05:22,032558;9,264001E-1;1,334259E-1;1,347919E-1;9,455848E-1;;
02/12/2021  12:05:22,032658;9,254166E-1;1,229127E-1;1,088855E-1;9,449543E-1;;
02/12/2021  12:05:22,032758;9,249069E-1;-5,156422E-3;5,454516E-2;9,443158E-1;;
02/12/2021  12:05:22,032858;9,251931E-1;1,391603E-1;1,360556E-1;9,436704E-1;;
02/12/2021  12:05:22,032958;9,256520E-1;1,327887E-1;1,287892E-1;9,430193E-1;;
02/12/2021  12:05:22,033058;9,258398E-1;1,375674E-1;1,303688E-1;9,423639E-1;;
02/12/2021  12:05:22,033158;9,258577E-1;1,044351E-1;1,000394E-1;9,417055E-1;;
02/12/2021  12:05:22,033258;9,252735E-1;4,231200E-2;8,013565E-2;9,410456E-1;;
02/12/2021  12:05:22,033358;9,260573E-1;1,391603E-1;1,363715E-1;9,403857E-1;;
02/12/2021  12:05:22,033458;9,271064E-1;9,424054E-2;1,227865E-1;9,397271E-1;;
02/12/2021  12:05:22,033558;9,269067E-1;9,455912E-2;1,073058E-1;9,390713E-1;;
02/12/2021  12:05:22,033658;9,265074E-1;1,066652E-1;1,158360E-1;9,384201E-1;;
02/12/2021  12:05:22,033758;9,255686E-1;1,139925E-1;1,063580E-1;9,377749E-1;;
02/12/2021  12:05:22,033858;9,262034E-1;1,248242E-1;1,512204E-1;9,371369E-1;;
02/12/2021  12:05:22,033958;9,271392E-1;3,848904E-2;8,866581E-2;9,365075E-1;;
02/12/2021  12:05:22,034058;9,275654E-1;1,041165E-1;1,205749E-1;9,358878E-1;;
02/12/2021  12:05:22,034158;9,269604E-1;1,092138E-1;1,265777E-1;9,352793E-1;;
02/12/2021  12:05:22,034258;9,265461E-1;1,085766E-1;1,057261E-1;9,346831E-1;;
02/12/2021  12:05:22,034358;9,273270E-1;-4,051880E-2;5,833634E-2;9,341004E-1;;
02/12/2021  12:05:22,034458;9,284237E-1;1,022050E-1;1,120448E-1;9,335321E-1;;
02/12/2021  12:05:22,034558;9,291956E-1;1,092138E-1;1,088855E-1;9,329795E-1;;
02/12/2021  12:05:22,034658;9,287903E-1;1,264171E-1;1,537478E-1;9,324437E-1;;
02/12/2021  12:05:22,034758;9,290853E-1;1,069837E-1;1,212068E-1;9,319257E-1;;
02/12/2021  12:05:22,034858;9,307841E-1;9,137332E-2;9,909157E-2;9,314267E-1;;
02/12/2021  12:05:22,034958;9,322295E-1;1,031608E-1;1,486929E-1;9,309477E-1;;
02/12/2021  12:05:22,035058;9,322057E-1;9,870066E-2;1,126766E-1;9,304900E-1;;
02/12/2021  12:05:22,035158;9,331207E-1;8,978042E-2;1,227865E-1;9,300547E-1;;
02/12/2021  12:05:22,035258;9,341250E-1;7,831154E-2;9,245700E-2;9,296430E-1;;
02/12/2021  12:05:22,035358;9,361874E-1;9,487770E-2;1,170997E-1;9,292562E-1;;
02/12/2021  12:05:22,035458;9,374898E-1;1,225942E-1;1,420583E-1;9,288954E-1;;
02/12/2021  12:05:22,035558;9,384166E-1;1,213198E-1;1,370034E-1;9,285621E-1;;
02/12/2021  12:05:22,035658;9,397518E-1;1,238685E-1;1,256299E-1;9,282576E-1;;
02/12/2021  12:05:22,035758;9,406638E-1;1,522221E-1;1,670170E-1;9,279833E-1;;
02/12/2021  12:05:22,035858;9,425771E-1;1,939561E-1;2,005057E-1;9,277405E-1;;
02/12/2021  12:05:22,035958;9,443683E-1;1,786642E-1;1,610142E-1;9,275305E-1;;
02/12/2021  12:05:22,036058;9,455932E-1;1,859916E-1;1,644895E-1;9,273546E-1;;
02/12/2021  12:05:22,036158;9,466661E-1;1,732484E-1;1,426902E-1;9,272143E-1;;
02/12/2021  12:05:22,036258;9,479924E-1;1,863102E-1;1,850251E-1;9,271107E-1;;
02/12/2021  12:05:22,036358;9,505286E-1;1,808943E-1;1,752312E-1;9,270450E-1;;
02/12/2021  12:05:22,036458;9,522870E-1;1,519035E-1;1,483770E-1;9,270184E-1;;
02/12/2021  12:05:22,036558;9,540692E-1;1,308772E-1;1,407946E-1;9,270322E-1;;
02/12/2021  12:05:22,036658;9,551302E-1;1,353374E-1;1,344760E-1;9,270875E-1;;
02/12/2021  12:05:22,036758;9,564385E-1;1,283286E-1;1,079377E-1;9,271855E-1;;
02/12/2021  12:05:22,036858;9,588019E-1;1,347002E-1;1,259458E-1;9,273271E-1;;
02/12/2021  12:05:22,036958;9,605275E-1;1,302401E-1;1,272095E-1;9,275131E-1;;
02/12/2021  12:05:22,037058;9,622024E-1;1,190898E-1;1,306848E-1;9,277446E-1;;
02/12/2021  12:05:22,037158;9,628521E-1;1,187712E-1;1,300529E-1;9,280221E-1;;
02/12/2021  12:05:22,037258;9,648489E-1;1,162226E-1;1,366875E-1;9,283464E-1;;
02/12/2021  12:05:22,037358;9,675610E-1;1,178155E-1;1,278414E-1;9,287178E-1;;
02/12/2021  12:05:22,037458;9,687978E-1;1,369303E-1;1,338441E-1;9,291368E-1;;
02/12/2021  12:05:22,037558;9,702045E-1;1,324701E-1;1,281573E-1;9,296038E-1;;
02/12/2021  12:05:22,037658;9,709645E-1;8,149734E-2;1,050943E-1;9,301190E-1;;
02/12/2021  12:05:22,037758;9,719331E-1;1,331073E-1;1,322644E-1;9,306823E-1;;
02/12/2021  12:05:22,037858;9,738792E-1;1,439390E-1;1,512204E-1;9,312935E-1;;
02/12/2021  12:05:22,037958;9,750356E-1;1,155854E-1;1,253139E-1;9,319522E-1;;
02/12/2021  12:05:22,038058;9,757628E-1;1,260985E-1;1,189953E-1;9,326579E-1;;
02/12/2021  12:05:22,038158;9,766271E-1;1,410718E-1;1,373193E-1;9,334097E-1;;
02/12/2021  12:05:22,038258;9,784063E-1;1,299215E-1;1,287892E-1;9,342068E-1;;
02/12/2021  12:05:22,038358;9,797296E-1;1,219570E-1;1,076217E-1;9,350481E-1;;
02/12/2021  12:05:22,038458;9,807488E-1;1,420275E-1;1,249980E-1;9,359325E-1;;
02/12/2021  12:05:22,038558;9,817711E-1;1,404346E-1;1,341600E-1;9,368588E-1;;
02/12/2021  12:05:22,038658;9,817770E-1;1,178155E-1;1,243661E-1;9,378255E-1;;
02/12/2021  12:05:22,038758;9,843282E-1;2,489498E-3;4,443533E-2;9,388312E-1;;
02/12/2021  12:05:22,038858;9,858004E-1;1,136739E-1;1,227865E-1;9,398742E-1;;
02/12/2021  12:05:22,038958;9,870134E-1;1,407532E-1;1,407946E-1;9,409530E-1;;
02/12/2021  12:05:22,039058;9,876035E-1;1,267357E-1;1,265777E-1;9,420660E-1;;
02/12/2021  12:05:22,039158;9,878598E-1;1,178155E-1;1,069899E-1;9,432117E-1;;
02/12/2021  12:05:22,039258;9,896391E-1;1,429833E-1;1,423743E-1;9,443882E-1;;
02/12/2021  12:05:22,039358;9,911739E-1;1,777085E-1;2,055607E-1;9,455937E-1;;
02/12/2021  12:05:22,039458;9,918326E-1;1,289658E-1;1,310007E-1;9,468263E-1;;
02/12/2021  12:05:22,039558;9,914302E-1;5,983390E-2;5,928414E-2;9,480842E-1;;
02/12/2021  12:05:22,039658;9,909713E-1;1,318330E-1;1,193112E-1;9,493654E-1;;
02/12/2021  12:05:22,039758;9,926134E-1;1,159040E-1;1,360556E-1;9,506676E-1;;
02/12/2021  12:05:22,039858;9,931111E-1;1,276914E-1;1,411105E-1;9,519883E-1;;
02/12/2021  12:05:22,039958;9,938115E-1;1,382046E-1;1,237343E-1;9,533253E-1;;
02/12/2021  12:05:22,040058;9,935164E-1;1,149482E-1;1,145722E-1;9,546762E-1;;
02/12/2021  12:05:22,040158;9,931022E-1;1,206827E-1;1,262617E-1;9,560386E-1;;
02/12/2021  12:05:22,040258;9,948307E-1;1,264171E-1;1,319485E-1;9,574099E-1;;
02/12/2021  12:05:22,040358;9,948337E-1;1,219570E-1;1,316326E-1;9,587875E-1;;
02/12/2021  12:05:22,040458;9,948248E-1;1,697440E-1;1,685966E-1;9,601691E-1;;
02/12/2021  12:05:22,040558;9,937966E-1;1,222756E-1;1,215227E-1;9,615521E-1;;
02/12/2021  12:05:22,040658;9,932005E-1;1,557265E-1;1,553275E-1;9,629338E-1;;
02/12/2021  12:05:22,040758;9,937429E-1;1,448948E-1;1,445858E-1;9,643115E-1;;
02/12/2021  12:05:22,040858;9,942019E-1;1,375674E-1;1,414265E-1;9,656825E-1;;
02/12/2021  12:05:22,040958;9,935135E-1;1,407532E-1;1,332122E-1;9,670441E-1;;
02/12/2021  12:05:22,041058;9,926760E-1;1,311958E-1;1,341600E-1;9,683936E-1;;
02/12/2021  12:05:22,041158;9,919518E-1;6,939130E-2;9,814378E-2;9,697284E-1;;
02/12/2021  12:05:22,041258;9,924167E-1;1,225942E-1;1,259458E-1;9,710458E-1;;
02/12/2021  12:05:22,041358;9,915465E-1;1,159040E-1;1,180475E-1;9,723432E-1;;
02/12/2021  12:05:22,041458;9,905719E-1;2,351578E-2;3,716890E-2;9,736179E-1;;
02/12/2021  12:05:22,041558;9,892218E-1;1,522221E-1;1,648054E-1;9,748674E-1;;
02/12/2021  12:05:22,041658;9,880148E-1;1,321516E-1;1,259458E-1;9,760891E-1;;
02/12/2021  12:05:22,041758;9,883248E-1;1,200455E-1;1,259458E-1;9,772802E-1;;
02/12/2021  12:05:22,041858;9,871058E-1;9,264764E-2;1,035146E-1;9,784383E-1;;
02/12/2021  12:05:22,041958;9,862385E-1;4,103768E-2;7,539667E-2;9,795609E-1;;
02/12/2021  12:05:22,042058;9,848348E-1;1,356559E-1;1,366875E-1;9,806456E-1;;
02/12/2021  12:05:22,042158;9,845278E-1;1,216384E-1;1,196272E-1;9,816901E-1;;
02/12/2021  12:05:22,042258;9,841881E-1;7,544432E-2;1,003553E-1;9,826924E-1;;
02/12/2021  12:05:22,042358;9,828768E-1;1,433019E-1;1,398468E-1;9,836504E-1;;
02/12/2021  12:05:22,042458;9,821943E-1;1,487177E-1;1,445858E-1;9,845623E-1;;
02/12/2021  12:05:22,042558;9,798786E-1;1,184526E-1;1,101492E-1;9,854265E-1;;
02/12/2021  12:05:22,042658;9,791424E-1;8,946184E-2;1,458495E-1;9,862411E-1;;
02/12/2021  12:05:22,042758;9,789130E-1;1,318330E-1;9,214107E-2;9,870046E-1;;
02/12/2021  12:05:22,042858;9,774824E-1;1,270543E-1;1,256299E-1;9,877157E-1;;
02/12/2021  12:05:22,042958;9,758015E-1;1,311958E-1;1,278414E-1;9,883729E-1;;
02/12/2021  12:05:22,043058;9,739776E-1;1,770713E-1;1,588027E-1;9,889752E-1;;
02/12/2021  12:05:22,043158;9,728391E-1;1,401161E-1;1,227865E-1;9,895213E-1;;
02/12/2021  12:05:22,043258;9,727020E-1;1,350188E-1;1,328963E-1;9,900103E-1;;
02/12/2021  12:05:22,043358;9,711403E-1;1,347002E-1;1,237343E-1;9,904412E-1;;
02/12/2021  12:05:22,043458;9,690869E-1;1,257800E-1;1,606983E-1;9,908133E-1;;
02/12/2021  12:05:22,043558;9,668338E-1;1,146297E-1;1,142563E-1;9,911261E-1;;
02/12/2021  12:05:22,043658;9,663361E-1;1,264171E-1;1,193112E-1;9,913790E-1;;
02/12/2021  12:05:22,043758;9,652274E-1;1,464877E-1;1,490088E-1;9,915713E-1;;
02/12/2021  12:05:22,043858;9,639310E-1;1,216384E-1;1,152041E-1;9,917029E-1;;
02/12/2021  12:05:22,043958;9,620743E-1;1,388417E-1;1,433221E-1;9,917735E-1;;
02/12/2021  12:05:22,044058;9,604262E-1;1,082581E-1;1,164678E-1;9,917832E-1;;
02/12/2021  12:05:22,044158;9,600924E-1;1,570008E-1;1,648054E-1;9,917320E-1;;
02/12/2021  12:05:22,044258;9,594933E-1;1,235499E-1;1,325804E-1;9,916202E-1;;
02/12/2021  12:05:22,044358;9,576426E-1;1,184526E-1;1,205749E-1;9,914482E-1;;
02/12/2021  12:05:22,044458;9,562150E-1;1,391603E-1;1,253139E-1;9,912167E-1;;
02/12/2021  12:05:22,044558;9,551302E-1;1,751599E-1;2,137749E-1;9,909266E-1;;
02/12/2021  12:05:22,044658;9,547517E-1;1,885402E-1;1,834454E-1;9,905785E-1;;
02/12/2021  12:05:22,044758;9,540841E-1;1,413904E-1;1,366875E-1;9,901737E-1;;
02/12/2021  12:05:22,044858;9,530469E-1;1,235499E-1;1,221546E-1;9,897135E-1;;
02/12/2021  12:05:22,044958;9,516045E-1;1,382046E-1;1,224705E-1;9,891992E-1;;
02/12/2021  12:05:22,045058;9,503080E-1;1,085766E-1;9,498445E-2;9,886324E-1;;
02/12/2021  12:05:22,045158;9,506269E-1;1,375674E-1;1,486929E-1;9,880147E-1;;
02/12/2021  12:05:22,045258;9,499892E-1;1,190898E-1;1,170997E-1;9,873480E-1;;
02/12/2021  12:05:22,045358;9,490027E-1;1,088952E-1;1,272095E-1;9,866342E-1;;
02/12/2021  12:05:22,045458;9,473128E-1;1,512664E-1;1,512204E-1;9,858753E-1;;
02/12/2021  12:05:22,045558;9,459806E-1;1,254614E-1;9,751191E-2;9,850735E-1;;
02/12/2021  12:05:22,045658;9,459956E-1;1,152668E-1;1,035146E-1;9,842307E-1;;
02/12/2021  12:05:22,045758;9,456081E-1;1,270543E-1;1,272095E-1;9,833491E-1;;
02/12/2021  12:05:22,045858;9,448392E-1;1,407532E-1;1,366875E-1;9,824309E-1;;
02/12/2021  12:05:22,045958;9,437931E-1;1,824872E-1;1,679647E-1;9,814785E-1;;
02/12/2021  12:05:22,046058;9,428633E-1;1,343816E-1;1,310007E-1;9,804941E-1;;
02/12/2021  12:05:22,046158;9,428633E-1;1,359745E-1;1,388990E-1;9,794801E-1;;
02/12/2021  12:05:22,046258;9,428364E-1;1,340630E-1;1,322644E-1;9,784389E-1;;
02/12/2021  12:05:22,046358;9,415281E-1;1,283286E-1;1,243661E-1;9,773729E-1;;
02/12/2021  12:05:22,046458;9,406608E-1;1,184526E-1;1,344760E-1;9,762848E-1;;
02/12/2021  12:05:22,046558;9,405565E-1;1,213198E-1;1,249980E-1;9,751767E-1;;
02/12/2021  12:05:22,046658;9,402585E-1;1,037979E-1;1,050943E-1;9,740512E-1;;
02/12/2021  12:05:22,046758;9,400648E-1;1,114439E-1;1,186794E-1;9,729107E-1;;
02/12/2021  12:05:22,046858;9,399783E-1;1,139925E-1;1,139404E-1;9,717576E-1;;
02/12/2021  12:05:22,046958;9,391021E-1;1,066652E-1;1,196272E-1;9,705945E-1;;
02/12/2021  12:05:22,047058;9,392690E-1;1,066652E-1;1,189953E-1;9,694237E-1;;
02/12/2021  12:05:22,047158;9,395790E-1;9,169190E-2;8,203124E-2;9,682478E-1;;
02/12/2021  12:05:22,047258;9,398681E-1;1,181340E-1;1,528000E-1;9,670691E-1;;
02/12/2021  12:05:22,047358;9,395402E-1;9,742634E-2;1,107811E-1;9,658903E-1;;
02/12/2021  12:05:22,047458;9,389293E-1;9,137332E-2;1,038306E-1;9,647138E-1;;
02/12/2021  12:05:22,047558;9,391736E-1;9,838208E-2;1,098333E-1;9,635421E-1;;
02/12/2021  12:05:22,047658;9,396684E-1;1,238685E-1;9,814378E-2;9,623773E-1;;
02/12/2021  12:05:22,047758;9,397429E-1;9,933782E-2;1,158360E-1;9,612220E-1;;
02/12/2021  12:05:22,047858;9,397310E-1;9,041758E-2;1,104651E-1;9,600783E-1;;
02/12/2021  12:05:22,047958;9,394478E-1;-4,848330E-2;2,137230E-2;9,589485E-1;;
02/12/2021  12:05:22,048058;9,403419E-1;7,225852E-2;8,045158E-2;9,578347E-1;;
02/12/2021  12:05:22,048158;9,412599E-1;1,716555E-1;1,960827E-1;9,567389E-1;;
02/12/2021  12:05:22,048258;9,412926E-1;8,245308E-2;1,063580E-1;9,556634E-1;;
02/12/2021  12:05:22,048358;9,415311E-1;9,933782E-2;1,275255E-1;9,546103E-1;;
02/12/2021  12:05:22,048458;9,411585E-1;1,123996E-1;1,382671E-1;9,535814E-1;;
02/12/2021  12:05:22,048558;9,424788E-1;1,331073E-1;1,461654E-1;9,525786E-1;;
02/12/2021  12:05:22,048658;9,435219E-1;1,665582E-1;1,787064E-1;9,516037E-1;;
02/12/2021  12:05:22,048758;9,436292E-1;1,589123E-1;1,540637E-1;9,506584E-1;;
02/12/2021  12:05:22,048858;9,439928E-1;1,783457E-1;1,755471E-1;9,497446E-1;;
02/12/2021  12:05:22,048958;9,430957E-1;1,850358E-1;1,667010E-1;9,488637E-1;;
02/12/2021  12:05:22,049058;9,446574E-1;1,777085E-1;1,480610E-1;9,480171E-1;;
02/12/2021  12:05:22,049158;9,462250E-1;1,404346E-1;1,275255E-1;9,472060E-1;;
02/12/2021  12:05:22,049258;9,466691E-1;1,499920E-1;1,363715E-1;9,464317E-1;;
02/12/2021  12:05:22,049358;9,455843E-1;1,273729E-1;1,237343E-1;9,456954E-1;;
02/12/2021  12:05:22,049458;9,446246E-1;1,146297E-1;1,442698E-1;9,449982E-1;;
02/12/2021  12:05:22,049558;9,464545E-1;1,031608E-1;1,695444E-1;9,443405E-1;;
02/12/2021  12:05:22,049658;9,467794E-1;1,152668E-1;1,183634E-1;9,437228E-1;;
02/12/2021  12:05:22,049758;9,469761E-1;1,302401E-1;1,319485E-1;9,431456E-1;;
02/12/2021  12:05:22,049858;9,469910E-1;1,299215E-1;1,385831E-1;9,426091E-1;;
02/12/2021  12:05:22,049958;9,467019E-1;1,506292E-1;1,616461E-1;9,421135E-1;;
02/12/2021  12:05:22,050058;9,478821E-1;1,264171E-1;1,287892E-1;9,416587E-1;;
02/12/2021  12:05:22,050158;9,480490E-1;1,159040E-1;1,275255E-1;9,412444E-1;;
02/12/2021  12:05:22,050258;9,482725E-1;1,286472E-1;1,363715E-1;9,408706E-1;;
02/12/2021  12:05:22,050358;9,482040E-1;1,165411E-1;1,739675E-1;9,405368E-1;;
02/12/2021  12:05:22,050458;9,477390E-1;1,184526E-1;1,126766E-1;9,402425E-1;;
02/12/2021  12:05:22,050558;9,494318E-1;1,120810E-1;1,155200E-1;9,399870E-1;;
02/12/2021  12:05:22,050658;9,498968E-1;1,315144E-1;1,322644E-1;9,397698E-1;;
02/12/2021  12:05:22,050758;9,503349E-1;1,417090E-1;1,423743E-1;9,395900E-1;;
02/12/2021  12:05:22,050858;9,503975E-1;1,273729E-1;1,360556E-1;9,394471E-1;;
02/12/2021  12:05:22,050958;9,507372E-1;1,123996E-1;1,177316E-1;9,393403E-1;;
02/12/2021  12:05:22,051058;9,523287E-1;1,270543E-1;1,354238E-1;9,392687E-1;;
02/12/2021  12:05:22,051158;9,525671E-1;1,257800E-1;1,303688E-1;9,392316E-1;;
02/12/2021  12:05:22,051258;9,531155E-1;1,200455E-1;1,234183E-1;9,392282E-1;;
02/12/2021  12:05:22,051358;9,521469E-1;1,117624E-1;8,297904E-2;9,392577E-1;;
02/12/2021  12:05:22,051458;9,532913E-1;1,302401E-1;1,287892E-1;9,393191E-1;;
02/12/2021  12:05:22,051558;9,540364E-1;1,292843E-1;1,417424E-1;9,394115E-1;;
02/12/2021  12:05:22,051658;9,541288E-1;1,324701E-1;1,354238E-1;9,395337E-1;;
02/12/2021  12:05:22,051758;9,541437E-1;1,088952E-1;1,167838E-1;9,396847E-1;;
02/12/2021  12:05:22,051858;9,533927E-1;7,767438E-2;9,530039E-2;9,398634E-1;;
02/12/2021  12:05:22,051958;9,543791E-1;1,037979E-1;1,205749E-1;9,400684E-1;;
02/12/2021  12:05:22,052058;9,550944E-1;1,337445E-1;1,268936E-1;9,402984E-1;;
02/12/2021  12:05:22,052158;9,545669E-1;1,299215E-1;1,085695E-1;9,405522E-1;;
02/12/2021  12:05:22,052258;9,540871E-1;1,579565E-1;1,565912E-1;9,408282E-1;;
02/12/2021  12:05:22,052358;9,545281E-1;1,264171E-1;1,306848E-1;9,411252E-1;;
02/12/2021  12:05:22,052458;9,545669E-1;1,560451E-1;1,385831E-1;9,414414E-1;;
02/12/2021  12:05:22,052558;9,553537E-1;7,225852E-2;1,809180E-1;9,417754E-1;;
02/12/2021  12:05:22,052658;9,547368E-1;1,088952E-1;1,092014E-1;9,421258E-1;;
02/12/2021  12:05:22,052758;9,540304E-1;1,248242E-1;1,259458E-1;9,424909E-1;;
02/12/2021  12:05:22,052858;9,533986E-1;1,347002E-1;1,291051E-1;9,428692E-1;;
02/12/2021  12:05:22,052958;9,541735E-1;1,359745E-1;1,354238E-1;9,432589E-1;;
02/12/2021  12:05:22,053058;9,543642E-1;1,241871E-1;1,398468E-1;9,436582E-1;;
02/12/2021  12:05:22,053158;9,537026E-1;1,260985E-1;1,322644E-1;9,440657E-1;;
02/12/2021  12:05:22,053258;9,525075E-1;1,165411E-1;9,593225E-2;9,444795E-1;;
02/12/2021  12:05:22,053358;9,512349E-1;1,111253E-1;1,328963E-1;9,448980E-1;;
02/12/2021  12:05:22,053458;9,512141E-1;1,394789E-1;1,455336E-1;9,453192E-1;;
02/12/2021  12:05:22,053558;9,510382E-1;1,302401E-1;1,294210E-1;9,457411E-1;;
02/12/2021  12:05:22,053658;9,506865E-1;1,280100E-1;1,306848E-1;9,461618E-1;;
02/12/2021  12:05:22,053758;9,488656E-1;1,356559E-1;1,253139E-1;9,465794E-1;;
02/12/2021  12:05:22,053858;9,481443E-1;1,194084E-1;8,803395E-2;9,469919E-1;;
02/12/2021  12:05:22,053958;9,480996E-1;1,254614E-1;1,401627E-1;9,473974E-1;;
02/12/2021  12:05:22,054058;9,478582E-1;1,104881E-1;1,256299E-1;9,477938E-1;;
02/12/2021  12:05:22,054158;9,472026E-1;1,162226E-1;1,496407E-1;9,481795E-1;;
02/12/2021  12:05:22,054258;9,458108E-1;1,225942E-1;1,221546E-1;9,485526E-1;;
02/12/2021  12:05:22,054358;9,452237E-1;1,210013E-1;1,193112E-1;9,489115E-1;;
02/12/2021  12:05:22,054458;9,451015E-1;1,241871E-1;1,284732E-1;9,492544E-1;;
02/12/2021  12:05:22,054558;9,448243E-1;1,429833E-1;1,474292E-1;9,495799E-1;;
02/12/2021  12:05:22,054658;9,439153E-1;1,515849E-1;1,546956E-1;9,498864E-1;;
02/12/2021  12:05:22,054758;9,430659E-1;1,452133E-1;1,467973E-1;9,501726E-1;;
02/12/2021  12:05:22,054858;9,428364E-1;1,238685E-1;1,249980E-1;9,504374E-1;;
02/12/2021  12:05:22,054958;9,429884E-1;1,687883E-1;1,670170E-1;9,506797E-1;;
02/12/2021  12:05:22,055058;9,423685E-1;1,407532E-1;1,395309E-1;9,508984E-1;;
02/12/2021  12:05:22,055158;9,415966E-1;1,382046E-1;1,063580E-1;9,510928E-1;;
02/12/2021  12:05:22,055258;9,404045E-1;1,308772E-1;1,338441E-1;9,512623E-1;;
02/12/2021  12:05:22,055358;9,397935E-1;1,210013E-1;1,253139E-1;9,514062E-1;;
02/12/2021  12:05:22,055458;9,401273E-1;1,222756E-1;1,231024E-1;9,515238E-1;;
02/12/2021  12:05:22,055558;9,391975E-1;1,257800E-1;1,325804E-1;9,516146E-1;;
02/12/2021  12:05:22,055658;9,382945E-1;1,197269E-1;1,142563E-1;9,516784E-1;;
02/12/2021  12:05:22,055758;9,373974E-1;1,002936E-1;1,212068E-1;9,517149E-1;;
02/12/2021  12:05:22,055858;9,369086E-1;1,276914E-1;1,294210E-1;9,517238E-1;;
02/12/2021  12:05:22,055958;9,368818E-1;1,452133E-1;1,246821E-1;9,517049E-1;;
02/12/2021  12:05:22,056058;9,360115E-1;1,426647E-1;1,060421E-1;9,516582E-1;;
02/12/2021  12:05:22,056158;9,346257E-1;1,362931E-1;1,328963E-1;9,515837E-1;;
02/12/2021  12:05:22,056258;9,336571E-1;1,343816E-1;1,303688E-1;9,514815E-1;;
02/12/2021  12:05:22,056358;9,330372E-1;1,407532E-1;1,325804E-1;9,513515E-1;;
02/12/2021  12:05:22,056458;9,335886E-1;1,280100E-1;1,193112E-1;9,511939E-1;;
02/12/2021  12:05:22,056558;9,319077E-1;1,337445E-1;1,335282E-1;9,510087E-1;;
02/12/2021  12:05:22,056658;9,314904E-1;1,203641E-1;1,202590E-1;9,507965E-1;;
02/12/2021  12:05:22,056758;9,300301E-1;1,394789E-1;1,401627E-1;9,505574E-1;;
02/12/2021  12:05:22,056858;9,303937E-1;1,155854E-1;1,388990E-1;9,502918E-1;;
02/12/2021  12:05:22,056958;9,305248E-1;1,439390E-1;1,641736E-1;9,500001E-1;;
02/12/2021  12:05:22,057058;9,297201E-1;1,257800E-1;1,088855E-1;9,496829E-1;;
02/12/2021  12:05:22,057158;9,282896E-1;1,378860E-1;1,606983E-1;9,493411E-1;;
02/12/2021  12:05:22,057258;9,267607E-1;1,356559E-1;1,306848E-1;9,489751E-1;;
02/12/2021  12:05:22,057358;9,267011E-1;1,197269E-1;1,249980E-1;9,485856E-1;;
02/12/2021  12:05:22,057458;9,254047E-1;1,391603E-1;1,493248E-1;9,481731E-1;;
02/12/2021  12:05:22,057558;9,247818E-1;1,423461E-1;1,316326E-1;9,477381E-1;;
02/12/2021  12:05:22,057658;9,238311E-1;1,382046E-1;1,445858E-1;9,472813E-1;;
02/12/2021  12:05:22,057758;9,226568E-1;1,334259E-1;1,287892E-1;9,468032E-1;;
02/12/2021  12:05:22,057858;9,225048E-1;9,774492E-2;1,006712E-1;9,463042E-1;;
02/12/2021  12:05:22,057958;9,221293E-1;1,165411E-1;1,249980E-1;9,457850E-1;;
02/12/2021  12:05:22,058058;9,213276E-1;1,289658E-1;1,278414E-1;9,452464E-1;;
02/12/2021  12:05:22,058158;9,205676E-1;1,270543E-1;1,164678E-1;9,446889E-1;;
02/12/2021  12:05:22,058258;9,184546E-1;-4,051880E-2;2,421569E-2;9,441134E-1;;
02/12/2021  12:05:22,058358;9,191192E-1;1,343816E-1;1,341600E-1;9,435205E-1;;
02/12/2021  12:05:22,058458;9,189195E-1;1,324701E-1;1,344760E-1;9,429108E-1;;
02/12/2021  12:05:22,058558;9,179003E-1;1,385232E-1;1,335282E-1;9,422852E-1;;
02/12/2021  12:05:22,058658;9,171373E-1;1,372488E-1;1,275255E-1;9,416445E-1;;
02/12/2021  12:05:22,058758;9,167350E-1;1,420275E-1;1,278414E-1;9,409897E-1;;
02/12/2021  12:05:22,058858;9,168840E-1;1,445762E-1;1,423743E-1;9,403214E-1;;
02/12/2021  12:05:22,058958;9,164280E-1;1,292843E-1;1,237343E-1;9,396409E-1;;
02/12/2021  12:05:22,059058;9,161210E-1;1,426647E-1;1,423743E-1;9,389490E-1;;
02/12/2021  12:05:22,059158;9,149051E-1;9,647060E-2;1,117289E-1;9,382469E-1;;
02/12/2021  12:05:22,059258;9,141004E-1;1,184526E-1;1,114129E-1;9,375356E-1;;
02/12/2021  12:05:22,059358;9,137755E-1;1,136739E-1;1,170997E-1;9,368160E-1;;
02/12/2021  12:05:22,059458;9,140050E-1;1,203641E-1;1,212068E-1;9,360890E-1;;
02/12/2021  12:05:22,059558;9,137994E-1;1,143111E-1;1,221546E-1;9,353558E-1;;
02/12/2021  12:05:22,059658;9,126013E-1;1,037979E-1;1,196272E-1;9,346172E-1;;
02/12/2021  12:05:22,059758;9,129261E-1;1,028422E-1;1,133085E-1;9,338744E-1;;
02/12/2021  12:05:22,059858;9,137994E-1;2,256004E-2;7,729226E-2;9,331285E-1;;
02/12/2021  12:05:22,059958;9,134626E-1;1,149482E-1;1,164678E-1;9,323805E-1;;
02/12/2021  12:05:22,060058;9,137874E-1;9,806350E-2;1,038306E-1;9,316319E-1;;
02/12/2021  12:05:22,060158;9,130543E-1;8,818752E-2;8,708615E-2;9,308840E-1;;
02/12/2021  12:05:22,060258;9,142166E-1;6,939130E-2;7,097362E-2;9,301380E-1;;
02/12/2021  12:05:22,060358;9,151256E-1;1,047537E-1;1,218387E-1;9,293955E-1;;
02/12/2021  12:05:22,060458;9,150213E-1;9,933782E-2;1,107811E-1;9,286579E-1;;
02/12/2021  12:05:22,060558;9,155577E-1;9,519628E-2;1,101492E-1;9,279269E-1;;
02/12/2021  12:05:22,060658;9,157693E-1;1,171783E-1;1,294210E-1;9,272041E-1;;
02/12/2021  12:05:22,060758;9,165502E-1;9,901924E-2;8,582243E-2;9,264911E-1;;
02/12/2021  12:05:22,060858;9,171135E-1;9,774492E-2;1,000394E-1;9,257897E-1;;
02/12/2021  12:05:22,060958;9,186900E-1;9,838208E-2;1,164678E-1;9,251014E-1;;
02/12/2021  12:05:22,061058;9,184904E-1;9,328480E-2;1,123607E-1;9,244280E-1;;
02/12/2021  12:05:22,061158;9,179658E-1;9,678918E-2;1,114129E-1;9,237713E-1;;
02/12/2021  12:05:22,061258;9,185172E-1;8,914326E-2;8,834988E-2;9,231329E-1;;
02/12/2021  12:05:22,061358;9,197391E-1;1,047537E-1;1,104651E-1;9,225141E-1;;
02/12/2021  12:05:22,061458;9,199805E-1;8,755036E-2;9,435259E-2;9,219164E-1;;
02/12/2021  12:05:22,061558;9,211100E-1;1,429833E-1;1,493248E-1;9,213411E-1;;
02/12/2021  12:05:22,061658;9,207613E-1;1,483991E-1;1,388990E-1;9,207896E-1;;
02/12/2021  12:05:22,061758;9,223826E-1;1,229127E-1;1,202590E-1;9,202632E-1;;
02/12/2021  12:05:22,061858;9,240367E-1;1,608238E-1;1,537478E-1;9,197631E-1;;
02/12/2021  12:05:22,061958;9,245553E-1;1,840801E-1;1,588027E-1;9,192906E-1;;
02/12/2021  12:05:22,062058;9,251960E-1;1,898145E-1;1,622780E-1;9,188471E-1;;
02/12/2021  12:05:22,062158;9,260663E-1;4,486064E-2;1,047783E-1;9,184337E-1;;
02/12/2021  12:05:22,062258;9,272107E-1;8,532030E-2;9,940750E-2;9,180517E-1;;
02/12/2021  12:05:22,062358;9,293476E-1;1,620981E-1;1,569071E-1;9,177021E-1;;
02/12/2021  12:05:22,062458;9,298364E-1;1,684697E-1;1,606983E-1;9,173862E-1;;
02/12/2021  12:05:22,062558;9,312222E-1;8,022302E-2;9,308886E-2;9,171051E-1;;
02/12/2021  12:05:22,062658;9,322355E-1;1,458505E-1;1,831295E-1;9,168598E-1;;
02/12/2021  12:05:22,062758;9,338270E-1;1,315144E-1;1,376353E-1;9,166515E-1;;
02/12/2021  12:05:22,062858;9,354512E-1;1,420275E-1;1,401627E-1;9,164810E-1;;
02/12/2021  12:05:22,062958;9,363722E-1;7,799296E-2;1,758630E-1;9,163495E-1;;
02/12/2021  12:05:22,063058;9,367417E-1;1,283286E-1;1,272095E-1;9,162577E-1;;
02/12/2021  12:05:22,063158;9,373288E-1;9,009900E-2;1,322644E-1;9,162064E-1;;
02/12/2021  12:05:22,063258;9,389144E-1;1,111253E-1;9,561632E-2;9,161960E-1;;
02/12/2021  12:05:22,063358;9,398084E-1;1,343816E-1;1,341600E-1;9,162270E-1;;
02/12/2021  12:05:22,063458;9,409439E-1;1,356559E-1;1,379512E-1;9,162996E-1;;
02/12/2021  12:05:22,063558;9,416115E-1;1,200455E-1;1,196272E-1;9,164139E-1;;
02/12/2021  12:05:22,063658;9,424907E-1;1,213198E-1;1,243661E-1;9,165700E-1;;
02/12/2021  12:05:22,063758;9,445501E-1;1,041165E-1;1,505885E-1;9,167678E-1;;
02/12/2021  12:05:22,063858;9,455902E-1;1,286472E-1;1,291051E-1;9,170072E-1;;
02/12/2021  12:05:22,063958;9,464277E-1;1,210013E-1;1,275255E-1;9,172880E-1;;
02/12/2021  12:05:22,064058;9,468330E-1;1,286472E-1;1,524841E-1;9,176099E-1;;
02/12/2021  12:05:22,064158;9,480251E-1;1,289658E-1;1,275255E-1;9,179726E-1;;
02/12/2021  12:05:22,064258;9,498103E-1;1,063466E-1;9,909157E-2;9,183754E-1;;
02/12/2021  12:05:22,064358;9,513273E-1;1,139925E-1;1,152041E-1;9,188178E-1;;
02/12/2021  12:05:22,064458;9,519979E-1;1,082581E-1;1,047783E-1;9,192993E-1;;
02/12/2021  12:05:22,064558;9,527012E-1;1,493549E-1;1,486929E-1;9,198193E-1;;
02/12/2021  12:05:22,064658;9,544924E-1;1,334259E-1;1,208909E-1;9,203770E-1;;
02/12/2021  12:05:22,064758;9,559170E-1;-1,274911E-1;-3,359987E-2;9,209717E-1;;
02/12/2021  12:05:22,064858;9,572760E-1;1,299215E-1;1,733356E-1;9,216026E-1;;
02/12/2021  12:05:22,064958;9,578542E-1;1,251428E-1;1,262617E-1;9,222691E-1;;
02/12/2021  12:05:22,065058;9,585754E-1;1,299215E-1;1,294210E-1;9,229701E-1;;
02/12/2021  12:05:22,065158;9,595351E-1;1,037979E-1;1,145722E-1;9,237048E-1;;
02/12/2021  12:05:22,065258;9,614067E-1;1,098510E-1;9,372073E-2;9,244721E-1;;
02/12/2021  12:05:22,065358;9,616570E-1;1,101695E-1;1,180475E-1;9,252710E-1;;
02/12/2021  12:05:22,065458;9,622650E-1;1,324701E-1;1,423743E-1;9,261002E-1;;
02/12/2021  12:05:22,065558;9,627717E-1;1,267357E-1;1,265777E-1;9,269585E-1;;
02/12/2021  12:05:22,065658;9,639697E-1;2,160430E-2;7,476481E-2;9,278445E-1;;
02/12/2021  12:05:22,065758;9,652751E-1;1,286472E-1;1,234183E-1;9,287567E-1;;
02/12/2021  12:05:22,065858;9,662765E-1;1,276914E-1;1,205749E-1;9,296939E-1;;
02/12/2021  12:05:22,065958;9,664285E-1;1,324701E-1;1,423743E-1;9,306545E-1;;
02/12/2021  12:05:22,066058;9,664434E-1;1,245056E-1;1,306848E-1;9,316370E-1;;
02/12/2021  12:05:22,066158;9,676236E-1;1,251428E-1;1,256299E-1;9,326399E-1;;
02/12/2021  12:05:22,066258;9,688217E-1;1,050723E-1;1,335282E-1;9,336615E-1;;
02/12/2021  12:05:22,066358;9,697932E-1;1,359745E-1;1,341600E-1;9,347001E-1;;
02/12/2021  12:05:22,066458;9,694147E-1;1,267357E-1;1,385831E-1;9,357543E-1;;
02/12/2021  12:05:22,066558;9,698767E-1;1,238685E-1;1,177316E-1;9,368222E-1;;
02/12/2021  12:05:22,066658;9,712357E-1;1,063466E-1;1,025668E-1;9,379022E-1;;
02/12/2021  12:05:22,066758;9,718139E-1;1,359745E-1;1,382671E-1;9,389927E-1;;
02/12/2021  12:05:22,066858;9,722282E-1;1,442576E-1;1,423743E-1;9,400919E-1;;
02/12/2021  12:05:22,066958;9,717781E-1;1,280100E-1;1,291051E-1;9,411983E-1;;
02/12/2021  12:05:22,067058;9,710569E-1;1,506292E-1;1,588027E-1;9,423100E-1;;
02/12/2021  12:05:22,067158;9,713728E-1;1,337445E-1;1,581709E-1;9,434251E-1;;
02/12/2021  12:05:22,067258;9,720195E-1;1,318330E-1;1,344760E-1;9,445415E-1;;
02/12/2021  12:05:22,067358;9,712745E-1;1,245056E-1;1,272095E-1;9,456574E-1;;
02/12/2021  12:05:22,067458;9,704906E-1;1,302401E-1;1,294210E-1;9,467706E-1;;
02/12/2021  12:05:22,067558;9,696979E-1;1,276914E-1;1,373193E-1;9,478788E-1;;
02/12/2021  12:05:22,067658;9,704221E-1;1,152668E-1;1,259458E-1;9,489799E-1;;
02/12/2021  12:05:22,067758;9,698827E-1;1,213198E-1;1,259458E-1;9,500716E-1;;
02/12/2021  12:05:22,067858;9,688604E-1;1,174969E-1;1,278414E-1;9,511516E-1;;
02/12/2021  12:05:22,067958;9,680378E-1;1,232313E-1;1,294210E-1;9,522176E-1;;
02/12/2021  12:05:22,068058;9,670067E-1;1,120810E-1;1,133085E-1;9,532674E-1;;
02/12/2021  12:05:22,068158;9,673852E-1;1,299215E-1;1,265777E-1;9,542985E-1;;
02/12/2021  12:05:22,068258;9,664613E-1;1,280100E-1;1,291051E-1;9,553086E-1;;
02/12/2021  12:05:22,068358;9,654271E-1;1,165411E-1;1,265777E-1;9,562954E-1;;
02/12/2021  12:05:22,068458;9,644198E-1;1,015679E-1;1,107811E-1;9,572568E-1;;
02/12/2021  12:05:22,068558;9,635674E-1;1,315144E-1;1,319485E-1;9,581906E-1;;
02/12/2021  12:05:22,068658;9,639936E-1;1,216384E-1;1,313166E-1;9,590945E-1;;
02/12/2021  12:05:22,068758;9,630071E-1;1,171783E-1;1,259458E-1;9,599667E-1;;
02/12/2021  12:05:22,068858;9,626226E-1;1,302401E-1;1,328963E-1;9,608052E-1;;
02/12/2021  12:05:22,068958;9,607540E-1;4,868360E-2;6,591871E-2;9,616084E-1;;
02/12/2021  12:05:22,069058;9,598092E-1;1,375674E-1;1,306848E-1;9,623745E-1;;
02/12/2021  12:05:22,069158;9,602235E-1;1,331073E-1;1,499566E-1;9,631020E-1;;
02/12/2021  12:05:22,069258;9,598778E-1;1,560451E-1;1,540637E-1;9,637894E-1;;
02/12/2021  12:05:22,069358;9,585218E-1;1,267357E-1;1,310007E-1;9,644354E-1;;
02/12/2021  12:05:22,069458;9,564504E-1;1,296029E-1;1,310007E-1;9,650390E-1;;
02/12/2021  12:05:22,069558;9,564802E-1;1,267357E-1;1,265777E-1;9,655991E-1;;
02/12/2021  12:05:22,069658;9,563789E-1;1,095324E-1;1,101492E-1;9,661146E-1;;
02/12/2021  12:05:22,069758;9,552762E-1;1,178155E-1;9,624818E-2;9,665848E-1;;
02/12/2021  12:05:22,069858;9,537831E-1;1,410718E-1;1,417424E-1;9,670089E-1;;
02/12/2021  12:05:22,069958;9,528473E-1;1,248242E-1;1,243661E-1;9,673865E-1;;
02/12/2021  12:05:22,070058;9,520992E-1;1,108067E-1;1,019350E-1;9,677171E-1;;
02/12/2021  12:05:22,070158;9,517952E-1;9,838208E-2;9,403666E-2;9,680001E-1;;
02/12/2021  12:05:22,070258;9,502246E-1;1,108067E-1;1,114129E-1;9,682355E-1;;
02/12/2021  12:05:22,070358;9,488060E-1;1,251428E-1;1,177316E-1;9,684231E-1;;
02/12/2021  12:05:22,070458;9,475513E-1;1,181340E-1;1,101492E-1;9,685627E-1;;
02/12/2021  12:05:22,070558;9,470267E-1;7,894870E-2;8,929768E-2;9,686542E-1;;
02/12/2021  12:05:22,070658;9,459330E-1;1,407532E-1;1,588027E-1;9,686978E-1;;
02/12/2021  12:05:22,070758;9,444786E-1;1,573194E-1;1,540637E-1;9,686935E-1;;
02/12/2021  12:05:22,070858;9,428782E-1;1,321516E-1;1,155200E-1;9,686415E-1;;
02/12/2021  12:05:22,070958;9,411496E-1;1,280100E-1;1,622780E-1;9,685421E-1;;
02/12/2021  12:05:22,071058;9,404224E-1;1,178155E-1;1,186794E-1;9,683953E-1;;
02/12/2021  12:05:22,071158;9,397518E-1;1,327887E-1;1,360556E-1;9,682015E-1;;
02/12/2021  12:05:22,071258;9,379905E-1;1,041165E-1;1,196272E-1;9,679610E-1;;
02/12/2021  12:05:22,071358;9,362798E-1;1,149482E-1;1,117289E-1;9,676743E-1;;
02/12/2021  12:05:22,071458;9,344558E-1;1,044351E-1;6,275939E-2;9,673418E-1;;
02/12/2021  12:05:22,071558;9,338866E-1;1,573194E-1;1,733356E-1;9,669639E-1;;
02/12/2021  12:05:22,071658;9,325902E-1;1,487177E-1;1,442698E-1;9,665412E-1;;
02/12/2021  12:05:22,071758;9,308288E-1;1,248242E-1;1,379512E-1;9,660741E-1;;
02/12/2021  12:05:22,071858;9,290466E-1;1,296029E-1;1,259458E-1;9,655634E-1;;
02/12/2021  12:05:22,071958;9,275445E-1;1,394789E-1;1,354238E-1;9,650095E-1;;
02/12/2021  12:05:22,072058;9,269961E-1;1,375674E-1;1,351078E-1;9,644132E-1;;
02/12/2021  12:05:22,072158;9,253570E-1;1,356559E-1;1,316326E-1;9,637751E-1;;
02/12/2021  12:05:22,072258;9,237774E-1;1,318330E-1;1,218387E-1;9,630961E-1;;
02/12/2021  12:05:22,072358;9,221591E-1;1,327887E-1;1,385831E-1;9,623769E-1;;
02/12/2021  12:05:22,072458;9,210385E-1;5,314372E-2;1,098333E-1;9,616183E-1;;
02/12/2021  12:05:22,072558;9,210087E-1;9,774492E-2;1,041465E-1;9,608213E-1;;
02/12/2021  12:05:22,072658;9,196706E-1;1,082581E-1;1,180475E-1;9,599869E-1;;
02/12/2021  12:05:22,072758;9,178913E-1;1,174969E-1;1,101492E-1;9,591164E-1;;
02/12/2021  12:05:22,072858;9,160465E-1;1,273729E-1;1,414265E-1;9,582109E-1;;
02/12/2021  12:05:22,072958;9,156621E-1;1,420275E-1;1,379512E-1;9,572717E-1;;
02/12/2021  12:05:22,073058;9,155607E-1;1,022050E-1;1,471132E-1;9,562999E-1;;
02/12/2021  12:05:22,073158;9,145623E-1;1,088952E-1;1,227865E-1;9,552970E-1;;
02/12/2021  12:05:22,073258;9,139096E-1;1,168597E-1;1,177316E-1;9,542645E-1;;
02/12/2021  12:05:22,073358;9,128308E-1;1,491412E-2;5,960007E-2;9,532043E-1;;
02/12/2021  12:05:22,073458;9,124135E-1;1,095324E-1;1,189953E-1;9,521180E-1;;
02/12/2021  12:05:22,073558;9,133464E-1;1,375674E-1;1,373193E-1;9,510075E-1;;
02/12/2021  12:05:22,073658;9,129112E-1;9,901924E-2;7,444887E-2;9,498749E-1;;
02/12/2021  12:05:22,073758;9,122615E-1;1,108067E-1;1,186794E-1;9,487224E-1;;
02/12/2021  12:05:22,073858;9,118592E-1;1,101695E-1;1,208909E-1;9,475524E-1;;
02/12/2021  12:05:22,073958;9,123599E-1;8,563888E-2;9,751191E-2;9,463673E-1;;
02/12/2021  12:05:22,074058;9,127950E-1;8,149734E-2;9,719598E-2;9,451694E-1;;
02/12/2021  12:05:22,074158;9,129440E-1;8,818752E-2;9,972343E-2;9,439616E-1;;
02/12/2021  12:05:22,074258;9,135341E-1;1,006121E-1;1,139404E-1;9,427464E-1;;
02/12/2021  12:05:22,074358;9,131914E-1;9,392196E-2;1,101492E-1;9,415269E-1;;
02/12/2021  12:05:22,074458;9,144580E-1;1,971419E-1;1,730197E-1;9,403058E-1;;
02/12/2021  12:05:22,074558;9,158826E-1;1,098510E-1;1,319485E-1;9,390861E-1;;
02/12/2021  12:05:22,074658;9,162432E-1;1,350188E-1;1,407946E-1;9,378709E-1;;
02/12/2021  12:05:22,074758;9,154445E-1;1,187712E-1;1,461654E-1;9,366635E-1;;
02/12/2021  12:05:22,074858;9,158945E-1;1,429833E-1;1,414265E-1;9,354670E-1;;
02/12/2021  12:05:22,074958;9,169913E-1;1,633724E-1;1,458495E-1;9,342841E-1;;
02/12/2021  12:05:22,075058;9,184308E-1;1,789828E-1;1,821817E-1;9,331178E-1;;
02/12/2021  12:05:22,075158;9,190626E-1;1,920446E-1;1,610142E-1;9,319710E-1;;
02/12/2021  12:05:22,075258;9,191252E-1;1,987348E-1;1,774427E-1;9,308468E-1;;
02/12/2021  12:05:22,075358;9,195305E-1;1,805757E-1;1,594346E-1;9,297478E-1;;
02/12/2021  12:05:22,075458;9,209670E-1;1,525407E-1;1,461654E-1;9,286768E-1;;
02/12/2021  12:05:22,075558;9,220995E-1;1,503106E-1;1,493248E-1;9,276363E-1;;
02/12/2021  12:05:22,075658;9,224542E-1;1,372488E-1;1,335282E-1;9,266288E-1;;
02/12/2021  12:05:22,075758;9,226419E-1;1,165411E-1;1,088855E-1;9,256568E-1;;
02/12/2021  12:05:22,075858;9,236016E-1;-2,607782E-3;4,253974E-2;9,247225E-1;;
02/12/2021  12:05:22,075958;9,249397E-1;1,385232E-1;1,366875E-1;9,238279E-1;;
02/12/2021  12:05:22,076058;9,256610E-1;1,130368E-1;1,110970E-1;9,229750E-1;;
02/12/2021  12:05:22,076158;9,264418E-1;1,210013E-1;1,256299E-1;9,221655E-1;;
02/12/2021  12:05:22,076258;9,267011E-1;1,139925E-1;1,142563E-1;9,214012E-1;;
02/12/2021  12:05:22,076358;9,277949E-1;1,311958E-1;1,300529E-1;9,206835E-1;;
02/12/2021  12:05:22,076458;9,296337E-1;9,933782E-2;1,569071E-1;9,200137E-1;;
02/12/2021  12:05:22,076558;9,307096E-1;1,267357E-1;1,268936E-1;9,193931E-1;;
02/12/2021  12:05:22,076658;9,309570E-1;1,347002E-1;1,449017E-1;9,188229E-1;;
02/12/2021  12:05:22,076758;9,318153E-1;1,353374E-1;1,338441E-1;9,183040E-1;;
02/12/2021  12:05:22,076858;9,323458E-1;1,347002E-1;1,357397E-1;9,178374E-1;;
02/12/2021  12:05:22,076958;9,339194E-1;1,270543E-1;1,328963E-1;9,174235E-1;;
02/12/2021  12:05:22,077058;9,352486E-1;1,296029E-1;1,322644E-1;9,170628E-1;;
02/12/2021  12:05:22,077158;9,353708E-1;1,276914E-1;1,357397E-1;9,167557E-1;;
02/12/2021  12:05:22,077258;9,359966E-1;9,551486E-2;1,281573E-1;9,165025E-1;;
02/12/2021  12:05:22,077358;9,375494E-1;1,391603E-1;1,379512E-1;9,163031E-1;;
02/12/2021  12:05:22,077458;9,390216E-1;8,978042E-2;1,054102E-1;9,161575E-1;;
02/12/2021  12:05:22,077558;9,393703E-1;1,318330E-1;1,322644E-1;9,160654E-1;;
02/12/2021  12:05:22,077658;9,389501E-1;1,159040E-1;1,057261E-1;9,160266E-1;;
02/12/2021  12:05:22,077758;9,389114E-1;1,334259E-1;1,294210E-1;9,160404E-1;;
02/12/2021  12:05:22,077858;9,400558E-1;1,200455E-1;1,442698E-1;9,161060E-1;;
02/12/2021  12:05:22,077958;9,411734E-1;1,608238E-1;1,698603E-1;9,162221E-1;;
02/12/2021  12:05:22,078058;9,419781E-1;1,168597E-1;1,322644E-1;9,163877E-1;;
02/12/2021  12:05:22,078158;9,420258E-1;1,401161E-1;1,253139E-1;9,166015E-1;;
02/12/2021  12:05:22,078258;9,424609E-1;1,324701E-1;1,297370E-1;9,168623E-1;;
02/12/2021  12:05:22,078358;9,433759E-1;1,101695E-1;8,929768E-2;9,171684E-1;;
02/12/2021  12:05:22,078458;9,445918E-1;1,337445E-1;1,294210E-1;9,175184E-1;;
02/12/2021  12:05:22,078558;9,442878E-1;1,334259E-1;1,423743E-1;9,179106E-1;;
02/12/2021  12:05:22,078658;9,447230E-1;1,260985E-1;1,243661E-1;9,183433E-1;;
02/12/2021  12:05:22,078758;9,443504E-1;1,372488E-1;1,351078E-1;9,188147E-1;;
02/12/2021  12:05:22,078858;9,445143E-1;1,248242E-1;1,035146E-1;9,193228E-1;;
02/12/2021  12:05:22,078958;9,448809E-1;1,347002E-1;1,272095E-1;9,198654E-1;;
02/12/2021  12:05:22,079058;9,450359E-1;1,385232E-1;1,354238E-1;9,204403E-1;;
02/12/2021  12:05:22,079158;9,448392E-1;1,267357E-1;1,275255E-1;9,210451E-1;;
02/12/2021  12:05:22,079258;9,446991E-1;1,114439E-1;1,104651E-1;9,216775E-1;;
02/12/2021  12:05:22,079358;9,455604E-1;1,305587E-1;1,328963E-1;9,223349E-1;;
02/12/2021  12:05:22,079458;9,459300E-1;1,439390E-1;1,606983E-1;9,230150E-1;;
02/12/2021  12:05:22,079558;9,459628E-1;1,382046E-1;1,262617E-1;9,237155E-1;;
02/12/2021  12:05:22,079658;9,454502E-1;1,888588E-1;1,809180E-1;9,244338E-1;;
02/12/2021  12:05:22,079758;9,451640E-1;1,448948E-1;1,616461E-1;9,251677E-1;;
02/12/2021  12:05:22,079858;9,463532E-1;1,687883E-1;1,799702E-1;9,259147E-1;;
02/12/2021  12:05:22,079958;9,467287E-1;1,382046E-1;1,382671E-1;9,266724E-1;;
02/12/2021  12:05:22,080058;9,463770E-1;1,162226E-1;1,199431E-1;9,274386E-1;;
02/12/2021  12:05:22,080158;9,462250E-1;1,178155E-1;1,344760E-1;9,282111E-1;;
02/12/2021  12:05:22,080258;9,461654E-1;1,047537E-1;1,221546E-1;9,289879E-1;;
02/12/2021  12:05:22,080358;9,473963E-1;1,397975E-1;1,512204E-1;9,297667E-1;;
02/12/2021  12:05:22,080458;9,474946E-1;1,225942E-1;1,212068E-1;9,305456E-1;;
02/12/2021  12:05:22,080558;9,470595E-1;1,216384E-1;1,231024E-1;9,313229E-1;;
02/12/2021  12:05:22,080658;9,463889E-1;1,273729E-1;1,098333E-1;9,320966E-1;;
02/12/2021  12:05:22,080758;9,458257E-1;1,448948E-1;1,464814E-1;9,328651E-1;;
02/12/2021  12:05:22,080858;9,457899E-1;1,168597E-1;1,028828E-1;9,336264E-1;;
02/12/2021  12:05:22,080958;9,455008E-1;1,194084E-1;1,205749E-1;9,343786E-1;;
02/12/2021  12:05:22,081058;9,438497E-1;1,225942E-1;1,237343E-1;9,351199E-1;;
02/12/2021  12:05:22,081158;9,425861E-1;1,372488E-1;1,284732E-1;9,358484E-1;;
02/12/2021  12:05:22,081258;9,418082E-1;1,120810E-1;1,259458E-1;9,365620E-1;;
02/12/2021  12:05:22,081358;9,416175E-1;1,413904E-1;1,430061E-1;9,372586E-1;;
02/12/2021  12:05:22,081458;9,405237E-1;1,334259E-1;1,313166E-1;9,379362E-1;;
02/12/2021  12:05:22,081558;9,400350E-1;1,439390E-1;1,499566E-1;9,385927E-1;;
02/12/2021  12:05:22,081658;9,382855E-1;6,365686E-2;1,000394E-1;9,392263E-1;;
02/12/2021  12:05:22,081758;9,380620E-1;7,162136E-2;1,325804E-1;9,398351E-1;;
02/12/2021  12:05:22,081858;9,382438E-1;-4,434176E-2;1,600145E-2;9,404170E-1;;
02/12/2021  12:05:22,081958;9,381156E-1;1,229127E-1;1,310007E-1;9,409707E-1;;
02/12/2021  12:05:22,082058;9,374242E-1;1,302401E-1;1,328963E-1;9,414946E-1;;
02/12/2021  12:05:22,082158;9,367179E-1;8,022302E-2;1,019350E-1;9,419877E-1;;
02/12/2021  12:05:22,082258;9,373348E-1;1,260985E-1;1,246821E-1;9,424487E-1;;
02/12/2021  12:05:22,082358;9,383898E-1;1,123996E-1;8,898175E-2;9,428770E-1;;
02/12/2021  12:05:22,082458;9,385508E-1;1,245056E-1;1,401627E-1;9,432721E-1;;
02/12/2021  12:05:22,082558;9,381633E-1;1,394789E-1;1,189953E-1;9,436338E-1;;
02/12/2021  12:05:22,082658;9,371113E-1;1,238685E-1;1,183634E-1;9,439622E-1;;
02/12/2021  12:05:22,082758;9,379577E-1;1,216384E-1;1,123607E-1;9,442574E-1;;
02/12/2021  12:05:22,082858;9,383123E-1;4,326774E-2;5,802041E-2;9,445196E-1;;
02/12/2021  12:05:22,082958;9,375375E-1;1,563636E-1;1,467973E-1;9,447493E-1;;
02/12/2021  12:05:22,083058;9,370725E-1;1,245056E-1;1,278414E-1;9,449471E-1;;
02/12/2021  12:05:22,083158;9,360861E-1;1,101695E-1;1,164678E-1;9,451134E-1;;
02/12/2021  12:05:22,083258;9,355824E-1;1,394789E-1;1,496407E-1;9,452487E-1;;
02/12/2021  12:05:22,083358;9,360235E-1;1,337445E-1;1,316326E-1;9,453537E-1;;
02/12/2021  12:05:22,083458;9,354542E-1;1,152668E-1;8,203124E-2;9,454288E-1;;
02/12/2021  12:05:22,083558;9,336213E-1;1,159040E-1;1,234183E-1;9,454747E-1;;
02/12/2021  12:05:22,083658;9,327362E-1;1,238685E-1;1,114129E-1;9,454921E-1;;
02/12/2021  12:05:22,083758;9,322713E-1;1,420275E-1;1,411105E-1;9,454812E-1;;
02/12/2021  12:05:22,083858;9,319613E-1;1,483991E-1;1,654373E-1;9,454425E-1;;
02/12/2021  12:05:22,083958;9,309242E-1;1,273729E-1;1,145722E-1;9,453765E-1;;
02/12/2021  12:05:22,084058;9,295056E-1;1,232313E-1;1,262617E-1;9,452835E-1;;
02/12/2021  12:05:22,084158;9,285459E-1;1,331073E-1;1,328963E-1;9,451640E-1;;
02/12/2021  12:05:22,084258;9,285042E-1;1,350188E-1;1,259458E-1;9,450182E-1;;
02/12/2021  12:05:22,084358;9,282985E-1;1,229127E-1;1,240502E-1;9,448464E-1;;
02/12/2021  12:05:22,084458;9,280780E-1;1,044351E-1;1,073058E-1;9,446492E-1;;
02/12/2021  12:05:22,084558;9,271690E-1;1,187712E-1;1,366875E-1;9,444271E-1;;
02/12/2021  12:05:22,084658;9,260037E-1;1,356559E-1;1,332122E-1;9,441808E-1;;
02/12/2021  12:05:22,084758;9,274551E-1;1,254614E-1;1,379512E-1;9,439108E-1;;
02/12/2021  12:05:22,084858;9,278634E-1;1,206827E-1;1,227865E-1;9,436180E-1;;
02/12/2021  12:05:22,084958;9,287188E-1;1,238685E-1;1,240502E-1;9,433034E-1;;
02/12/2021  12:05:22,085058;9,292522E-1;1,554079E-1;1,502726E-1;9,429685E-1;;
02/12/2021  12:05:22,085158;9,285608E-1;1,356559E-1;1,534319E-1;9,426148E-1;;
02/12/2021  12:05:22,085258;9,300539E-1;1,557265E-1;1,518522E-1;9,422439E-1;;
02/12/2021  12:05:22,085358;9,312103E-1;1,200455E-1;1,199431E-1;9,418575E-1;;
02/12/2021  12:05:22,085458;9,313355E-1;1,458505E-1;1,433221E-1;9,414578E-1;;
02/12/2021  12:05:22,085558;9,305785E-1;1,388417E-1;1,221546E-1;9,410467E-1;;
02/12/2021  12:05:22,085658;9,300450E-1;1,299215E-1;1,256299E-1;9,406262E-1;;
02/12/2021  12:05:22,085758;9,315471E-1;1,194084E-1;1,167838E-1;9,401982E-1;;
02/12/2021  12:05:22,085858;9,316752E-1;1,114439E-1;1,183634E-1;9,397645E-1;;
02/12/2021  12:05:22,085958;9,319017E-1;1,108067E-1;1,278414E-1;9,393270E-1;;
02/12/2021  12:05:22,086058;9,309897E-1;1,197269E-1;1,259458E-1;9,388876E-1;;
02/12/2021  12:05:22,086158;9,308556E-1;1,012493E-1;1,117289E-1;9,384479E-1;;
02/12/2021  12:05:22,086258;9,313533E-1;-3,414720E-2;4,190788E-2;9,380095E-1;;
02/12/2021  12:05:22,086358;9,305636E-1;1,053908E-1;1,221546E-1;9,375738E-1;;
02/12/2021  12:05:22,086458;9,298870E-1;6,365686E-2;8,961361E-2;9,371421E-1;;
02/12/2021  12:05:22,086558;9,289721E-1;1,347002E-1;1,300529E-1;9,367155E-1;;
02/12/2021  12:05:22,086658;9,293208E-1;1,165411E-1;1,272095E-1;9,362947E-1;;
02/12/2021  12:05:22,086758;9,309182E-1;1,127182E-1;1,354238E-1;9,358806E-1;;
02/12/2021  12:05:22,086858;9,314070E-1;1,117624E-1;1,291051E-1;9,354741E-1;;
02/12/2021  12:05:22,086958;9,325604E-1;8,627604E-2;1,044624E-1;9,350763E-1;;
02/12/2021  12:05:22,087058;9,325484E-1;9,424054E-2;1,133085E-1;9,346882E-1;;
02/12/2021  12:05:22,087158;9,339790E-1;8,436456E-2;1,019350E-1;9,343111E-1;;
02/12/2021  12:05:22,087258;9,354989E-1;1,120810E-1;1,148882E-1;9,339463E-1;;
02/12/2021  12:05:22,087358;9,372156E-1;1,012493E-1;1,038306E-1;9,335951E-1;;
02/12/2021  12:05:22,087458;9,375851E-1;9,742634E-2;1,025668E-1;9,332590E-1;;
02/12/2021  12:05:22,087558;9,373795E-1;9,009900E-2;1,082536E-1;9,329398E-1;;
02/12/2021  12:05:22,087658;9,385806E-1;9,710776E-2;1,123607E-1;9,326388E-1;;
02/12/2021  12:05:22,087758;9,404164E-1;1,006121E-1;1,114129E-1;9,323573E-1;;
02/12/2021  12:05:22,087858;9,405714E-1;9,806350E-2;1,186794E-1;9,320968E-1;;
02/12/2021  12:05:22,087958;9,417337E-1;1,063466E-1;1,215227E-1;9,318586E-1;;
02/12/2021  12:05:22,088058;9,409618E-1;9,965640E-2;1,088855E-1;9,316440E-1;;
02/12/2021  12:05:22,088158;9,419811E-1;2,331414E-1;1,755471E-1;9,314539E-1;;
02/12/2021  12:05:22,088258;9,429199E-1;1,700626E-1;1,885003E-1;9,312893E-1;;
02/12/2021  12:05:22,088358;9,433222E-1;1,474434E-1;1,477451E-1;9,311510E-1;;
02/12/2021  12:05:22,088458;9,430003E-1;1,745227E-1;1,739675E-1;9,310396E-1;;
02/12/2021  12:05:22,088558;9,420496E-1;1,748413E-1;1,771268E-1;9,309555E-1;;
02/12/2021  12:05:22,088658;9,426606E-1;1,933189E-1;1,708081E-1;9,308988E-1;;
02/12/2021  12:05:22,088758;9,432388E-1;1,582751E-1;1,509044E-1;9,308695E-1;;
02/12/2021  12:05:22,088858;9,436053E-1;1,538150E-1;1,483770E-1;9,308673E-1;;
02/12/2021  12:05:22,088958;9,430152E-1;1,385232E-1;1,436380E-1;9,308919E-1;;
02/12/2021  12:05:22,089058;9,434593E-1;1,397975E-1;1,502726E-1;9,309429E-1;;
02/12/2021  12:05:22,089158;9,446276E-1;1,225942E-1;1,243661E-1;9,310198E-1;;
02/12/2021  12:05:22,089258;9,459091E-1;1,232313E-1;1,278414E-1;9,311219E-1;;
02/12/2021  12:05:22,089358;9,467853E-1;1,248242E-1;1,170997E-1;9,312488E-1;;
02/12/2021  12:05:22,089458;9,463502E-1;1,267357E-1;1,221546E-1;9,314002E-1;;
02/12/2021  12:05:22,089558;9,465588E-1;1,372488E-1;1,199431E-1;9,315755E-1;;
02/12/2021  12:05:22,089658;9,486123E-1;1,232313E-1;1,253139E-1;9,317742E-1;;
02/12/2021  12:05:22,089758;9,502961E-1;1,200455E-1;1,287892E-1;9,319958E-1;;
02/12/2021  12:05:22,089858;9,512021E-1;1,480806E-1;1,464814E-1;9,322400E-1;;
02/12/2021  12:05:22,089958;9,519830E-1;1,283286E-1;1,316326E-1;9,325067E-1;;
02/12/2021  12:05:22,090058;9,526446E-1;6,588692E-2;8,771802E-2;9,327957E-1;;
02/12/2021  12:05:22,090158;9,539679E-1;9,933782E-2;1,145722E-1;9,331068E-1;;
02/12/2021  12:05:22,090258;9,555772E-1;1,229127E-1;1,300529E-1;9,334399E-1;;
02/12/2021  12:05:22,090358;9,560779E-1;1,296029E-1;1,287892E-1;9,337949E-1;;
02/12/2021  12:05:22,090458;9,558752E-1;1,340630E-1;1,306848E-1;9,341717E-1;;
02/12/2021  12:05:22,090558;9,558991E-1;1,171783E-1;1,212068E-1;9,345700E-1;;
02/12/2021  12:05:22,090658;9,576485E-1;1,241871E-1;1,322644E-1;9,349895E-1;;
02/12/2021  12:05:22,090758;9,577260E-1;1,385232E-1;1,436380E-1;9,354296E-1;;
02/12/2021  12:05:22,090858;9,585963E-1;1,248242E-1;1,291051E-1;9,358898E-1;;
02/12/2021  12:05:22,090958;9,576873E-1;6,301970E-2;9,688005E-2;9,363697E-1;;
02/12/2021  12:05:22,091058;9,582118E-1;1,174969E-1;1,212068E-1;9,368683E-1;;
02/12/2021  12:05:22,091158;9,598182E-1;1,302401E-1;1,411105E-1;9,373850E-1;;
02/12/2021  12:05:22,091258;9,612487E-1;1,292843E-1;1,180475E-1;9,379187E-1;;
02/12/2021  12:05:22,091358;9,620802E-1;1,334259E-1;1,275255E-1;9,384689E-1;;
02/12/2021  12:05:22,091458;9,620922E-1;1,225942E-1;1,142563E-1;9,390349E-1;;
02/12/2021  12:05:22,091558;9,636568E-1;4,326774E-2;5,264957E-2;9,396163E-1;;
02/12/2021  12:05:22,091658;9,664255E-1;1,522221E-1;1,366875E-1;9,402123E-1;;
02/12/2021  12:05:22,091758;9,687352E-1;1,178155E-1;1,161519E-1;9,408227E-1;;
02/12/2021  12:05:22,091858;9,693551E-1;1,082581E-1;1,117289E-1;9,414476E-1;;
02/12/2021  12:05:22,091958;9,701151E-1;1,213198E-1;1,275255E-1;9,420871E-1;;
02/12/2021  12:05:22,092058;9,722311E-1;2,489498E-3;6,844617E-2;9,427412E-1;;
02/12/2021  12:05:22,092158;9,745319E-1;1,385232E-1;1,344760E-1;9,434102E-1;;
02/12/2021  12:05:22,092258;9,757419E-1;1,120810E-1;1,126766E-1;9,440943E-1;;
02/12/2021  12:05:22,092358;9,763708E-1;1,187712E-1;1,546956E-1;9,447939E-1;;
02/12/2021  12:05:22,092458;9,762635E-1;1,296029E-1;1,335282E-1;9,455095E-1;;
02/12/2021  12:05:22,092558;9,774884E-1;1,222756E-1;1,186794E-1;9,462410E-1;;
02/12/2021  12:05:22,092658;9,780159E-1;1,241871E-1;1,540637E-1;9,469884E-1;;
02/12/2021  12:05:22,092758;9,787043E-1;1,194084E-1;1,193112E-1;9,477515E-1;;
02/12/2021  12:05:22,092858;9,781888E-1;1,483991E-1;1,638576E-1;9,485300E-1;;
02/12/2021  12:05:22,092958;9,773930E-1;1,337445E-1;1,328963E-1;9,493233E-1;;
02/12/2021  12:05:22,093058;9,781947E-1;1,506292E-1;1,404787E-1;9,501306E-1;;
02/12/2021  12:05:22,093158;9,793958E-1;1,111253E-1;1,205749E-1;9,509508E-1;;
02/12/2021  12:05:22,093258;9,788474E-1;1,238685E-1;1,259458E-1;9,517829E-1;;
02/12/2021  12:05:22,093358;9,779056E-1;1,292843E-1;1,256299E-1;9,526256E-1;;
02/12/2021  12:05:22,093458;9,770264E-1;1,719741E-1;1,824976E-1;9,534777E-1;;
02/12/2021  12:05:22,093558;9,781291E-1;1,407532E-1;1,392149E-1;9,543373E-1;;
02/12/2021  12:05:22,093658;9,777775E-1;1,229127E-1;1,227865E-1;9,552028E-1;;
02/12/2021  12:05:22,093758;9,782722E-1;1,391603E-1;1,423743E-1;9,560725E-1;;
02/12/2021  12:05:22,093858;9,773155E-1;1,232313E-1;1,291051E-1;9,569445E-1;;
02/12/2021  12:05:22,093958;9,764125E-1;1,111253E-1;1,054102E-1;9,578171E-1;;
02/12/2021  12:05:22,094058;9,771129E-1;1,127182E-1;1,300529E-1;9,586883E-1;;
02/12/2021  12:05:22,094158;9,765019E-1;1,267357E-1;1,243661E-1;9,595562E-1;;
02/12/2021  12:05:22,094258;9,759714E-1;1,404346E-1;1,436380E-1;9,604187E-1;;
02/12/2021  12:05:22,094358;9,733726E-1;1,254614E-1;1,243661E-1;9,612739E-1;;
02/12/2021  12:05:22,094458;9,725768E-1;1,009307E-1;8,866581E-2;9,621195E-1;;
02/12/2021  12:05:22,094558;9,724815E-1;1,194084E-1;1,253139E-1;9,629531E-1;;
02/12/2021  12:05:22,094658;9,712238E-1;1,423461E-1;1,442698E-1;9,637721E-1;;
02/12/2021  12:05:22,094758;9,702075E-1;1,362931E-1;1,379512E-1;9,645742E-1;;
02/12/2021  12:05:22,094858;9,676921E-1;-3,542152E-2;4,885838E-2;9,653570E-1;;
02/12/2021  12:05:22,094958;9,662854E-1;1,270543E-1;1,306848E-1;9,661178E-1;;
02/12/2021  12:05:22,095058;9,657013E-1;4,263058E-2;8,866581E-2;9,668539E-1;;
02/12/2021  12:05:22,095158;9,648072E-1;1,353374E-1;1,325804E-1;9,675626E-1;;
02/12/2021  12:05:22,095258;9,630101E-1;1,203641E-1;1,164678E-1;9,682416E-1;;
02/12/2021  12:05:22,095358;9,602771E-1;6,493118E-2;5,580889E-2;9,688882E-1;;
02/12/2021  12:05:22,095458;9,589062E-1;1,302401E-1;1,379512E-1;9,694998E-1;;
02/12/2021  12:05:22,095558;9,585098E-1;1,401161E-1;1,316326E-1;9,700740E-1;;
02/12/2021  12:05:22,095658;9,573714E-1;1,388417E-1;1,335282E-1;9,706082E-1;;
02/12/2021  12:05:22,095758;9,542420E-1;1,289658E-1;1,202590E-1;9,711003E-1;;
02/12/2021  12:05:22,095858;9,521260E-1;1,327887E-1;1,278414E-1;9,715481E-1;;
02/12/2021  12:05:22,095958;9,505554E-1;1,413904E-1;1,433221E-1;9,719493E-1;;
02/12/2021  12:05:22,096058;9,503796E-1;1,238685E-1;9,877564E-2;9,723016E-1;;
02/12/2021  12:05:22,096158;9,489848E-1;9,870066E-2;1,284732E-1;9,726033E-1;;
02/12/2021  12:05:22,096258;9,472592E-1;1,264171E-1;1,246821E-1;9,728527E-1;;
02/12/2021  12:05:22,096358;9,442431E-1;1,159040E-1;1,249980E-1;9,730483E-1;;
02/12/2021  12:05:22,096458;9,435577E-1;1,257800E-1;1,373193E-1;9,731888E-1;;
02/12/2021  12:05:22,096558;9,424997E-1;2,829448E-2;4,727872E-2;9,732728E-1;;
02/12/2021  12:05:22,096658;9,411138E-1;1,245056E-1;1,284732E-1;9,732993E-1;;
02/12/2021  12:05:22,096758;9,388011E-1;1,257800E-1;1,297370E-1;9,732676E-1;;
02/12/2021  12:05:22,096858;9,364586E-1;1,257800E-1;1,218387E-1;9,731770E-1;;
02/12/2021  12:05:22,096958;9,356539E-1;1,452133E-1;1,294210E-1;9,730268E-1;;
02/12/2021  12:05:22,097058;9,350161E-1;1,544522E-1;1,843932E-1;9,728166E-1;;
02/12/2021  12:05:22,097158;9,331445E-1;1,270543E-1;1,227865E-1;9,725462E-1;;
02/12/2021  12:05:22,097258;9,304026E-1;1,350188E-1;1,370034E-1;9,722158E-1;;
02/12/2021  12:05:22,097358;9,284595E-1;1,401161E-1;1,351078E-1;9,718253E-1;;
02/12/2021  12:05:22,097458;9,272554E-1;1,283286E-1;1,319485E-1;9,713749E-1;;
02/12/2021  12:05:22,097558;9,269663E-1;1,143111E-1;1,227865E-1;9,708649E-1;;
02/12/2021  12:05:22,097658;9,254196E-1;1,260985E-1;1,281573E-1;9,702957E-1;;
02/12/2021  12:05:22,097758;9,232290E-1;1,267357E-1;1,322644E-1;9,696683E-1;;
02/12/2021  12:05:22,097858;9,219863E-1;1,296029E-1;1,284732E-1;9,689835E-1;;
02/12/2021  12:05:22,097958;9,212233E-1;1,311958E-1;1,199431E-1;9,682423E-1;;
02/12/2021  12:05:22,098058;9,208865E-1;1,222756E-1;1,231024E-1;9,674459E-1;;
02/12/2021  12:05:22,098158;9,188718E-1;1,229127E-1;1,704922E-1;9,665958E-1;;
02/12/2021  12:05:22,098258;9,163594E-1;1,401161E-1;1,344760E-1;9,656937E-1;;
02/12/2021  12:05:22,098358;9,146398E-1;1,483991E-1;1,455336E-1;9,647410E-1;;
02/12/2021  12:05:22,098458;9,135550E-1;1,538150E-1;1,556434E-1;9,637392E-1;;
02/12/2021  12:05:22,098558;9,122586E-1;1,359745E-1;1,322644E-1;9,626899E-1;;
02/12/2021  12:05:22,098658;9,099488E-1;1,382046E-1;1,332122E-1;9,615947E-1;;
02/12/2021  12:05:22,098758;9,078030E-1;1,324701E-1;1,297370E-1;9,604553E-1;;
02/12/2021  12:05:22,098858;9,058479E-1;7,735580E-2;1,013031E-1;9,592731E-1;;
02/12/2021  12:05:22,098958;9,057317E-1;1,283286E-1;1,281573E-1;9,580497E-1;;
02/12/2021  12:05:22,099058;9,040597E-1;1,130368E-1;1,253139E-1;9,567867E-1;;
02/12/2021  12:05:22,099158;9,023282E-1;-4,837842E-3;3,906449E-2;9,554859E-1;;
02/12/2021  12:05:22,099258;8,995297E-1;1,022050E-1;1,366875E-1;9,541490E-1;;
02/12/2021  12:05:22,099358;8,987697E-1;1,174969E-1;1,180475E-1;9,527776E-1;;
02/12/2021  12:05:22,099458;8,977296E-1;1,190898E-1;1,208909E-1;9,513734E-1;;
02/12/2021  12:05:22,099558;8,976581E-1;1,216384E-1;1,249980E-1;9,499381E-1;;
02/12/2021  12:05:22,099658;8,957089E-1;4,677212E-2;8,740209E-2;9,484737E-1;;
02/12/2021  12:05:22,099758;8,937658E-1;1,586986E-2;7,413294E-2;9,469822E-1;;
02/12/2021  12:05:22,099858;8,930028E-1;1,229127E-1;1,328963E-1;9,454656E-1;;
02/12/2021  12:05:22,099958;8,933903E-1;-1,280234E-2;5,296550E-2;9,439257E-1;;
02/12/2021  12:05:22,100058;8,925677E-1;1,031608E-1;1,101492E-1;9,423648E-1;;
02/12/2021  12:05:22,100158;8,902133E-1;7,831154E-2;9,656411E-2;9,407852E-1;;
02/12/2021  12:05:22,100258;8,882344E-1;1,018865E-1;1,054102E-1;9,391890E-1;;
02/12/2021  12:05:22,100358;8,875191E-1;1,047537E-1;1,325804E-1;9,375783E-1;;
02/12/2021  12:05:22,100458;8,876353E-1;1,123996E-1;1,392149E-1;9,359549E-1;;
02/12/2021  12:05:22,100558;8,866012E-1;9,774492E-2;1,158360E-1;9,343211E-1;;
02/12/2021  12:05:22,100658;8,857190E-1;6,716124E-2;1,063580E-1;9,326788E-1;;
02/12/2021  12:05:22,100758;8,853286E-1;1,063466E-1;1,148882E-1;9,310303E-1;;
02/12/2021  12:05:22,100858;8,854627E-1;4,868360E-2;8,013565E-2;9,293778E-1;;
02/12/2021  12:05:22,100958;8,863448E-1;9,647060E-2;1,101492E-1;9,277236E-1;;
02/12/2021  12:05:22,101058;8,869320E-1;1,098510E-1;1,092014E-1;9,260701E-1;;
02/12/2021  12:05:22,101158;8,858799E-1;1,570008E-1;1,758630E-1;9,244203E-1;;
02/12/2021  12:05:22,101258;8,862465E-1;1,512664E-1;1,442698E-1;9,227767E-1;;
02/12/2021  12:05:22,101358;8,869260E-1;1,512664E-1;1,344760E-1;9,211422E-1;;
02/12/2021  12:05:22,101458;8,877515E-1;2,041506E-1;2,049288E-1;9,195196E-1;;
02/12/2021  12:05:22,101558;8,884877E-1;1,882216E-1;1,603824E-1;9,179119E-1;;
02/12/2021  12:05:22,101658;8,874058E-1;2,070179E-1;1,859729E-1;9,163219E-1;;
02/12/2021  12:05:22,101758;8,869677E-1;1,719741E-1;1,455336E-1;9,147526E-1;;
02/12/2021  12:05:22,101858;8,882522E-1;4,326774E-2;9,751191E-2;9,132067E-1;;
02/12/2021  12:05:22,101958;8,886874E-1;1,566822E-1;1,524841E-1;9,116867E-1;;
02/12/2021  12:05:22,102058;8,895725E-1;1,617795E-1;1,512204E-1;9,101952E-1;;
02/12/2021  12:05:22,102158;8,892655E-1;1,468062E-1;1,344760E-1;9,087348E-1;;
02/12/2021  12:05:22,102258;8,893788E-1;1,060280E-1;1,180475E-1;9,073080E-1;;
02/12/2021  12:05:22,102358;8,916081E-1;1,194084E-1;1,196272E-1;9,059172E-1;;
02/12/2021  12:05:22,102458;8,935900E-1;1,359745E-1;1,392149E-1;9,045646E-1;;
02/12/2021  12:05:22,102558;8,944483E-1;1,356559E-1;1,322644E-1;9,032529E-1;;
02/12/2021  12:05:22,102658;8,946450E-1;1,276914E-1;1,142563E-1;9,019846E-1;;
02/12/2021  12:05:22,102758;8,957328E-1;1,464877E-1;1,512204E-1;9,007620E-1;;
02/12/2021  12:05:22,102858;8,976849E-1;1,280100E-1;1,433221E-1;8,995875E-1;;
02/12/2021  12:05:22,102958;9,000304E-1;1,315144E-1;1,351078E-1;8,984633E-1;;
02/12/2021  12:05:22,103058;9,013566E-1;1,280100E-1;1,354238E-1;8,973918E-1;;
02/12/2021  12:05:22,103158;9,007874E-1;1,190898E-1;1,205749E-1;8,963752E-1;;
02/12/2021  12:05:22,103258;9,021315E-1;4,868360E-2;9,308886E-2;8,954156E-1;;
02/12/2021  12:05:22,103358;9,035352E-1;1,417090E-1;1,404787E-1;8,945148E-1;;
02/12/2021  12:05:22,103458;9,044412E-1;1,254614E-1;1,256299E-1;8,936742E-1;;
02/12/2021  12:05:22,103558;9,057466E-1;1,321516E-1;1,366875E-1;8,928954E-1;;
02/12/2021  12:05:22,103658;9,056512E-1;1,439390E-1;1,436380E-1;8,921795E-1;;
02/12/2021  12:05:22,103758;9,071235E-1;1,181340E-1;1,328963E-1;8,915274E-1;;
02/12/2021  12:05:22,103858;9,096538E-1;1,229127E-1;1,430061E-1;8,909401E-1;;
02/12/2021  12:05:22,103958;9,119873E-1;1,190898E-1;1,202590E-1;8,904181E-1;;
02/12/2021  12:05:22,104058;9,121393E-1;1,143111E-1;1,145722E-1;8,899622E-1;;
02/12/2021  12:05:22,104158;9,126907E-1;1,152668E-1;1,193112E-1;8,895732E-1;;
02/12/2021  12:05:22,104258;9,148484E-1;9,519628E-2;1,170997E-1;8,892513E-1;;
02/12/2021  12:05:22,104358;9,169764E-1;9,487770E-2;1,291051E-1;8,889967E-1;;
02/12/2021  12:05:22,104458;9,190983E-1;1,149482E-1;1,240502E-1;8,888096E-1;;
02/12/2021  12:05:22,104558;9,202666E-1;1,044351E-1;1,110970E-1;8,886901E-1;;
02/12/2021  12:05:22,104658;9,211369E-1;1,436204E-1;1,458495E-1;8,886384E-1;;
02/12/2021  12:05:22,104758;9,228714E-1;1,359745E-1;1,243661E-1;8,886544E-1;;
02/12/2021  12:05:22,104858;9,256788E-1;9,519628E-2;7,097362E-2;8,887376E-1;;
02/12/2021  12:05:22,104958;9,269097E-1;1,076209E-1;7,887192E-2;8,888879E-1;;
02/12/2021  12:05:22,105058;9,287992E-1;1,334259E-1;1,341600E-1;8,891050E-1;;
02/12/2021  12:05:22,105158;9,292284E-1;1,687883E-1;1,392149E-1;8,893883E-1;;
02/12/2021  12:05:22,105258;9,322951E-1;1,254614E-1;1,208909E-1;8,897373E-1;;
02/12/2021  12:05:22,105358;9,351800E-1;1,203641E-1;1,110970E-1;8,901513E-1;;
02/12/2021  12:05:22,105458;9,376507E-1;1,085766E-1;1,117289E-1;8,906297E-1;;
02/12/2021  12:05:22,105558;9,389442E-1;1,483991E-1;1,581709E-1;8,911720E-1;;
02/12/2021  12:05:22,105658;9,408307E-1;9,201048E-2;9,593225E-2;8,917778E-1;;
02/12/2021  12:05:22,105758;9,440345E-1;1,302401E-1;1,240502E-1;8,924464E-1;;
02/12/2021  12:05:22,105858;9,459717E-1;1,522221E-1;1,888163E-1;8,931771E-1;;
02/12/2021  12:05:22,105958;9,478106E-1;1,331073E-1;1,363715E-1;8,939693E-1;;
02/12/2021  12:05:22,106058;9,486927E-1;1,369303E-1;1,189953E-1;8,948223E-1;;
02/12/2021  12:05:22,106158;9,493394E-1;1,299215E-1;1,287892E-1;8,957350E-1;;
02/12/2021  12:05:22,106258;9,521976E-1;5,780180E-4;3,306178E-2;8,967063E-1;;
02/12/2021  12:05:22,106358;9,538457E-1;1,302401E-1;1,417424E-1;8,977347E-1;;
02/12/2021  12:05:22,106458;9,552881E-1;1,391603E-1;1,253139E-1;8,988190E-1;;
02/12/2021  12:05:22,106558;9,553537E-1;1,238685E-1;1,240502E-1;8,999574E-1;;
02/12/2021  12:05:22,106658;9,564475E-1;1,248242E-1;1,265777E-1;9,011482E-1;;
02/12/2021  12:05:22,106758;9,589479E-1;1,229127E-1;1,199431E-1;9,023893E-1;;
02/12/2021  12:05:22,106858;9,609388E-1;1,359745E-1;1,423743E-1;9,036787E-1;;
02/12/2021  12:05:22,106958;9,627717E-1;1,241871E-1;1,420583E-1;9,050143E-1;;
02/12/2021  12:05:22,107058;9,629117E-1;1,168597E-1;1,234183E-1;9,063942E-1;;
02/12/2021  12:05:22,107158;9,642380E-1;1,305587E-1;1,319485E-1;9,078161E-1;;
02/12/2021  12:05:22,107258;9,670871E-1;1,327887E-1;1,379512E-1;9,092778E-1;;
02/12/2021  12:05:22,107358;9,690273E-1;1,299215E-1;1,319485E-1;9,107771E-1;;
02/12/2021  12:05:22,107458;9,699989E-1;1,292843E-1;1,354238E-1;9,123119E-1;;
02/12/2021  12:05:22,107558;9,709049E-1;1,280100E-1;1,284732E-1;9,138801E-1;;
02/12/2021  12:05:22,107658;9,714384E-1;1,155854E-1;1,316326E-1;9,154795E-1;;
02/12/2021  12:05:22,107758;9,735246E-1;1,299215E-1;1,366875E-1;9,171077E-1;;
02/12/2021  12:05:22,107858;9,746303E-1;1,283286E-1;1,297370E-1;9,187624E-1;;
02/12/2021  12:05:22,107958;9,746631E-1;1,260985E-1;1,050943E-1;9,204412E-1;;
02/12/2021  12:05:22,108058;9,743144E-1;1,369303E-1;1,297370E-1;9,221416E-1;;
02/12/2021  12:05:22,108158;9,734531E-1;1,366117E-1;1,404787E-1;9,238608E-1;;
02/12/2021  12:05:22,108258;9,753902E-1;1,299215E-1;1,407946E-1;9,255958E-1;;
02/12/2021  12:05:22,108358;9,754797E-1;1,104881E-1;1,123607E-1;9,273434E-1;;
02/12/2021  12:05:22,108458;9,756108E-1;1,057094E-1;1,148882E-1;9,291005E-1;;
02/12/2021  12:05:22,108558;9,746511E-1;1,219570E-1;1,294210E-1;9,308640E-1;;
02/12/2021  12:05:22,108658;9,750982E-1;1,391603E-1;1,366875E-1;9,326306E-1;;
02/12/2021  12:05:22,108758;9,762635E-1;4,422348E-2;7,413294E-2;9,343970E-1;;
02/12/2021  12:05:22,108858;9,772976E-1;1,257800E-1;1,278414E-1;9,361598E-1;;
02/12/2021  12:05:22,108958;9,767671E-1;1,308772E-1;1,291051E-1;9,379161E-1;;
02/12/2021  12:05:22,109058;9,756078E-1;1,315144E-1;1,360556E-1;9,396628E-1;;
02/12/2021  12:05:22,109158;9,765138E-1;1,299215E-1;1,253139E-1;9,413970E-1;;
02/12/2021  12:05:22,109258;9,781291E-1;1,219570E-1;1,196272E-1;9,431155E-1;;
02/12/2021  12:05:22,109358;9,785762E-1;1,206827E-1;1,224705E-1;9,448157E-1;;
02/12/2021  12:05:22,109458;9,781202E-1;1,315144E-1;1,306848E-1;9,464950E-1;;
02/12/2021  12:05:22,109558;9,779146E-1;1,088952E-1;1,088855E-1;9,481511E-1;;
02/12/2021  12:05:22,109658;9,787401E-1;1,203641E-1;8,645429E-2;9,497816E-1;;
02/12/2021  12:05:22,109758;9,799382E-1;1,149482E-1;1,202590E-1;9,513843E-1;;
02/12/2021  12:05:22,109858;9,795686E-1;1,257800E-1;1,278414E-1;9,529573E-1;;
02/12/2021  12:05:22,109958;9,787252E-1;1,343816E-1;1,474292E-1;9,544988E-1;;
02/12/2021  12:05:22,110058;9,773006E-1;1,248242E-1;1,069899E-1;9,560069E-1;;
02/12/2021  12:05:22,110158;9,773125E-1;1,452133E-1;1,588027E-1;9,574798E-1;;
02/12/2021  12:05:22,110258;9,774794E-1;1,777085E-1;1,932393E-1;9,589156E-1;;
02/12/2021  12:05:22,110358;9,767552E-1;1,522221E-1;1,430061E-1;9,603123E-1;;
02/12/2021  12:05:22,110458;9,753515E-1;9,498258E-3;6,813023E-2;9,616684E-1;;
02/12/2021  12:05:22,110558;9,739239E-1;1,222756E-1;1,234183E-1;9,629819E-1;;
02/12/2021  12:05:22,110658;9,734471E-1;2,765732E-2;7,192142E-2;9,642512E-1;;
02/12/2021  12:05:22,110758;9,736349E-1;1,280100E-1;1,392149E-1;9,654744E-1;;
02/12/2021  12:05:22,110858;9,726543E-1;1,318330E-1;1,328963E-1;9,666499E-1;;
02/12/2021  12:05:22,110958;9,708393E-1;1,200455E-1;1,183634E-1;9,677761E-1;;
02/12/2021  12:05:22,111058;9,700376E-1;1,210013E-1;1,240502E-1;9,688517E-1;;
02/12/2021  12:05:22,111158;9,705145E-1;1,652839E-1;1,644895E-1;9,698752E-1;;
02/12/2021  12:05:22,111258;9,708483E-1;1,483991E-1;1,404787E-1;9,708453E-1;;
02/12/2021  12:05:22,111358;9,697336E-1;1,318330E-1;1,328963E-1;9,717613E-1;;
02/12/2021  12:05:22,111458;9,687621E-1;1,350188E-1;1,347919E-1;9,726224E-1;;
02/12/2021  12:05:22,111558;9,681064E-1;1,203641E-1;1,060421E-1;9,734280E-1;;
02/12/2021  12:05:22,111658;9,686250E-1;1,598680E-1;1,708081E-1;9,741778E-1;;
02/12/2021  12:05:22,111758;9,687412E-1;1,327887E-1;1,221546E-1;9,748715E-1;;
02/12/2021  12:05:22,111858;9,677994E-1;1,165411E-1;1,158360E-1;9,755091E-1;;
02/12/2021  12:05:22,111958;9,664792E-1;1,222756E-1;1,202590E-1;9,760909E-1;;
02/12/2021  12:05:22,112058;9,652870E-1;8,054160E-2;9,403666E-2;9,766172E-1;;
02/12/2021  12:05:22,112158;9,651410E-1;1,299215E-1;1,284732E-1;9,770882E-1;;
02/12/2021  12:05:22,112258;9,647774E-1;1,025236E-1;1,155200E-1;9,775042E-1;;
02/12/2021  12:05:22,112358;9,634124E-1;9,742634E-2;1,079377E-1;9,778658E-1;;
02/12/2021  12:05:22,112458;9,618031E-1;1,455319E-1;1,512204E-1;9,781734E-1;;
02/12/2021  12:05:22,112558;9,604917E-1;1,197269E-1;1,120448E-1;9,784277E-1;;
02/12/2021  12:05:22,112658;9,604530E-1;1,203641E-1;1,354238E-1;9,786289E-1;;
02/12/2021  12:05:22,112758;9,593562E-1;1,092138E-1;1,152041E-1;9,787778E-1;;
02/12/2021  12:05:22,112858;9,582535E-1;1,117624E-1;1,196272E-1;9,788749E-1;;
02/12/2021  12:05:22,112958;9,556994E-1;1,101695E-1;1,401627E-1;9,789210E-1;;
02/12/2021  12:05:22,113058;9,546205E-1;1,069837E-1;1,152041E-1;9,789166E-1;;
02/12/2021  12:05:22,113158;9,546414E-1;8,372740E-2;5,896821E-2;9,788623E-1;;
02/12/2021  12:05:22,113258;9,538904E-1;8,468314E-2;1,003553E-1;9,787587E-1;;
02/12/2021  12:05:22,113358;9,519919E-1;1,120810E-1;1,218387E-1;9,786066E-1;;
02/12/2021  12:05:22,113458;9,501382E-1;1,168597E-1;1,268936E-1;9,784068E-1;;
02/12/2021  12:05:22,113558;9,499027E-1;9,647060E-2;1,092014E-1;9,781602E-1;;
02/12/2021  12:05:22,113658;9,496554E-1;6,620550E-2;5,486109E-2;9,778675E-1;;
02/12/2021  12:05:22,113758;9,483917E-1;8,054160E-2;1,038306E-1;9,775297E-1;;
02/12/2021  12:05:22,113858;9,474410E-1;1,037979E-1;1,240502E-1;9,771479E-1;;
02/12/2021  12:05:22,113958;9,450091E-1;8,436456E-2;8,550650E-2;9,767233E-1;;
02/12/2021  12:05:22,114058;9,445233E-1;9,296622E-2;9,688005E-2;9,762570E-1;;
02/12/2021  12:05:22,114158;9,446961E-1;1,028422E-1;1,180475E-1;9,757500E-1;;
02/12/2021  12:05:22,114258;9,432298E-1;1,216384E-1;1,278414E-1;9,752035E-1;;
02/12/2021  12:05:22,114358;9,421808E-1;1,843987E-1;1,922915E-1;9,746189E-1;;
02/12/2021  12:05:22,114458;9,410572E-1;1,649653E-1;1,556434E-1;9,739974E-1;;
02/12/2021  12:05:22,114558;9,411377E-1;1,531778E-1;1,407946E-1;9,733406E-1;;
02/12/2021  12:05:22,114658;9,404492E-1;2,812470E-1;2,741179E-1;9,726498E-1;;
02/12/2021  12:05:22,114758;9,398770E-1;2,006463E-1;1,698603E-1;9,719266E-1;;
02/12/2021  12:05:22,114858;9,382229E-1;1,767528E-1;1,638576E-1;9,711728E-1;;
02/12/2021  12:05:22,114958;9,367954E-1;1,684697E-1;1,515363E-1;9,703899E-1;;
02/12/2021  12:05:22,115058;9,369503E-1;1,608238E-1;1,755471E-1;9,695795E-1;;
02/12/2021  12:05:22,115158;9,369533E-1;1,773899E-1;1,777586E-1;9,687431E-1;;
02/12/2021  12:05:22,115258;9,361665E-1;1,417090E-1;1,411105E-1;9,678826E-1;;
02/12/2021  12:05:22,115358;9,352337E-1;1,066652E-1;1,076217E-1;9,669996E-1;;
02/12/2021  12:05:22,115458;9,343396E-1;1,216384E-1;1,275255E-1;9,660960E-1;;
02/12/2021  12:05:22,115558;9,356152E-1;1,353374E-1;1,287892E-1;9,651736E-1;;
02/12/2021  12:05:22,115658;9,352665E-1;1,238685E-1;1,262617E-1;9,642344E-1;;
02/12/2021  12:05:22,115758;9,350936E-1;1,340630E-1;1,685966E-1;9,632803E-1;;
02/12/2021  12:05:22,115858;9,343456E-1;1,232313E-1;1,262617E-1;9,623137E-1;;
02/12/2021  12:05:22,115958;9,339790E-1;1,662396E-1;1,224705E-1;9,613365E-1;;
02/12/2021  12:05:22,116058;9,348433E-1;1,305587E-1;1,294210E-1;9,603509E-1;;
02/12/2021  12:05:22,116158;9,350877E-1;1,037979E-1;1,208909E-1;9,593590E-1;;
02/12/2021  12:05:22,116258;9,352695E-1;1,353374E-1;1,512204E-1;9,583631E-1;;
02/12/2021  12:05:22,116358;9,354721E-1;1,276914E-1;1,354238E-1;9,573656E-1;;
02/12/2021  12:05:22,116458;9,350102E-1;1,474434E-1;1,610142E-1;9,563687E-1;;
02/12/2021  12:05:22,116558;9,359728E-1;1,410718E-1;1,316326E-1;9,553749E-1;;
02/12/2021  12:05:22,116658;9,367983E-1;1,340630E-1;1,351078E-1;9,543863E-1;;
02/12/2021  12:05:22,116758;9,359639E-1;-2,289202E-3;5,644075E-2;9,534053E-1;;
02/12/2021  12:05:22,116858;9,357552E-1;1,710183E-1;2,049288E-1;9,524342E-1;;
02/12/2021  12:05:22,116958;9,354632E-1;1,270543E-1;1,227865E-1;9,514751E-1;;
02/12/2021  12:05:22,117058;9,364646E-1;1,276914E-1;1,268936E-1;9,505299E-1;;
02/12/2021  12:05:22,117158;9,369354E-1;1,289658E-1;1,262617E-1;9,496005E-1;;
02/12/2021  12:05:22,117258;9,362768E-1;1,350188E-1;1,373193E-1;9,486887E-1;;
02/12/2021  12:05:22,117358;9,355705E-1;1,407532E-1;1,420583E-1;9,477963E-1;;
02/12/2021  12:05:22,117458;9,358953E-1;1,235499E-1;1,253139E-1;9,469248E-1;;
02/12/2021  12:05:22,117558;9,364139E-1;1,251428E-1;1,291051E-1;9,460754E-1;;
02/12/2021  12:05:22,117658;9,361337E-1;1,225942E-1;1,272095E-1;9,452495E-1;;
02/12/2021  12:05:22,117758;9,356390E-1;1,203641E-1;1,310007E-1;9,444482E-1;;
02/12/2021  12:05:22,117858;9,349953E-1;1,165411E-1;9,466852E-2;9,436724E-1;;
02/12/2021  12:05:22,117958;9,355496E-1;1,541336E-1;1,455336E-1;9,429228E-1;;
02/12/2021  12:05:22,118058;9,361159E-1;1,299215E-1;1,392149E-1;9,422001E-1;;
02/12/2021  12:05:22,118158;9,365301E-1;1,382046E-1;1,430061E-1;9,415050E-1;;
02/12/2021  12:05:22,118258;9,367507E-1;1,356559E-1;1,332122E-1;9,408379E-1;;
02/12/2021  12:05:22,118358;9,359281E-1;1,200455E-1;1,212068E-1;9,401995E-1;;
02/12/2021  12:05:22,118458;9,366106E-1;1,152668E-1;1,114129E-1;9,395901E-1;;
02/12/2021  12:05:22,118558;9,383123E-1;1,187712E-1;1,177316E-1;9,390100E-1;;
02/12/2021  12:05:22,118658;9,382468E-1;1,334259E-1;1,126766E-1;9,384598E-1;;
02/12/2021  12:05:22,118758;9,386789E-1;1,483991E-1;1,799702E-1;9,379396E-1;;
02/12/2021  12:05:22,118858;9,386044E-1;1,251428E-1;1,265777E-1;9,374500E-1;;
02/12/2021  12:05:22,118958;9,405535E-1;1,276914E-1;1,199431E-1;9,369913E-1;;
02/12/2021  12:05:22,119058;9,417903E-1;5,887816E-2;1,556434E-1;9,365636E-1;;
02/12/2021  12:05:22,119158;9,417278E-1;1,225942E-1;1,139404E-1;9,361677E-1;;
02/12/2021  12:05:22,119258;9,420884E-1;1,260985E-1;1,275255E-1;9,358038E-1;;
02/12/2021  12:05:22,119358;9,425324E-1;1,308772E-1;1,281573E-1;9,354722E-1;;
02/12/2021  12:05:22,119458;9,434534E-1;1,404346E-1;1,370034E-1;9,351732E-1;;
02/12/2021  12:05:22,119558;9,445024E-1;1,276914E-1;1,382671E-1;9,349070E-1;;
02/12/2021  12:05:22,119658;9,448720E-1;1,311958E-1;1,319485E-1;9,346738E-1;;
02/12/2021  12:05:22,119758;9,446812E-1;1,216384E-1;1,031987E-1;9,344735E-1;;
02/12/2021  12:05:22,119858;9,446932E-1;7,417000E-2;1,114129E-1;9,343063E-1;;
02/12/2021  12:05:22,119958;9,454591E-1;9,328480E-2;1,445858E-1;9,341718E-1;;
02/12/2021  12:05:22,120058;9,463323E-1;1,235499E-1;1,240502E-1;9,340698E-1;;
02/12/2021  12:05:22,120158;9,469343E-1;1,123996E-1;1,164678E-1;9,339999E-1;;
02/12/2021  12:05:22,120258;9,470238E-1;1,210013E-1;1,142563E-1;9,339618E-1;;
02/12/2021  12:05:22,120358;9,466840E-1;-1,652042E-3;3,369365E-2;9,339549E-1;;
02/12/2021  12:05:22,120458;9,476794E-1;1,483991E-1;1,556434E-1;9,339787E-1;;
02/12/2021  12:05:22,120558;9,482278E-1;1,213198E-1;1,272095E-1;9,340325E-1;;
02/12/2021  12:05:22,120658;9,483500E-1;1,203641E-1;1,420583E-1;9,341156E-1;;
02/12/2021  12:05:22,120758;9,486957E-1;1,461691E-1;1,376353E-1;9,342272E-1;;
02/12/2021  12:05:22,120858;9,480698E-1;1,378860E-1;1,325804E-1;9,343664E-1;;
02/12/2021  12:05:22,120958;9,489878E-1;1,060280E-1;1,028828E-1;9,345322E-1;;
02/12/2021  12:05:22,121058;9,487523E-1;1,206827E-1;1,224705E-1;9,347237E-1;;
02/12/2021  12:05:22,121158;9,489699E-1;1,289658E-1;1,439539E-1;9,349395E-1;;
02/12/2021  12:05:22,121258;9,476526E-1;1,499920E-1;1,407946E-1;9,351785E-1;;
02/12/2021  12:05:22,121358;9,469343E-1;1,311958E-1;1,306848E-1;9,354393E-1;;
02/12/2021  12:05:22,121458;9,476645E-1;1,302401E-1;1,426902E-1;9,357201E-1;;
02/12/2021  12:05:22,121558;9,470714E-1;1,280100E-1;1,319485E-1;9,360192E-1;;
02/12/2021  12:05:22,121658;9,459240E-1;1,391603E-1;1,180475E-1;9,363350E-1;;
02/12/2021  12:05:22,121758;9,443653E-1;1,391603E-1;1,401627E-1;9,366655E-1;;
02/12/2021  12:05:22,121858;9,431374E-1;1,483991E-1;1,344760E-1;9,370084E-1;;
02/12/2021  12:05:22,121958;9,431196E-1;1,079395E-1;9,782784E-2;9,373615E-1;;
02/12/2021  12:05:22,122058;9,429199E-1;1,337445E-1;1,423743E-1;9,377223E-1;;
02/12/2021  12:05:22,122158;9,430749E-1;1,394789E-1;1,265777E-1;9,380886E-1;;
02/12/2021  12:05:22,122258;9,416711E-1;1,178155E-1;1,215227E-1;9,384581E-1;;
02/12/2021  12:05:22,122358;9,413642E-1;1,168597E-1;1,174156E-1;9,388286E-1;;
02/12/2021  12:05:22,122458;9,407860E-1;8,818752E-2;7,792413E-2;9,391980E-1;;
02/12/2021  12:05:22,122558;9,409559E-1;1,343816E-1;1,031987E-1;9,395641E-1;;
02/12/2021  12:05:22,122658;9,400439E-1;1,267357E-1;1,246821E-1;9,399250E-1;;
02/12/2021  12:05:22,122758;9,387802E-1;1,248242E-1;1,246821E-1;9,402787E-1;;
02/12/2021  12:05:22,122858;9,385090E-1;1,468062E-1;1,256299E-1;9,406234E-1;;
02/12/2021  12:05:22,122958;9,388398E-1;1,560451E-1;1,613302E-1;9,409571E-1;;
02/12/2021  12:05:22,123058;9,383064E-1;1,267357E-1;1,240502E-1;9,412781E-1;;
02/12/2021  12:05:22,123158;9,375434E-1;1,270543E-1;1,278414E-1;9,415851E-1;;
02/12/2021  12:05:22,123258;9,366344E-1;1,270543E-1;1,227865E-1;9,418764E-1;;
02/12/2021  12:05:22,123358;9,362798E-1;1,573194E-1;1,490088E-1;9,421508E-1;;
02/12/2021  12:05:22,123458;9,368788E-1;1,640096E-1;1,496407E-1;9,424069E-1;;
02/12/2021  12:05:22,123558;9,361635E-1;1,375674E-1;1,253139E-1;9,426436E-1;;
02/12/2021  12:05:22,123658;9,352993E-1;1,194084E-1;1,328963E-1;9,428602E-1;;
02/12/2021  12:05:22,123758;9,341548E-1;1,286472E-1;1,360556E-1;9,430556E-1;;
02/12/2021  12:05:22,123858;9,340684E-1;1,318330E-1;1,322644E-1;9,432290E-1;;
02/12/2021  12:05:22,123958;9,338419E-1;1,203641E-1;1,338441E-1;9,433797E-1;;
02/12/2021  12:05:22,124058;9,333501E-1;1,254614E-1;1,186794E-1;9,435070E-1;;
02/12/2021  12:05:22,124158;9,331028E-1;1,085766E-1;1,186794E-1;9,436105E-1;;
02/12/2021  12:05:22,124258;9,323964E-1;1,375674E-1;1,341600E-1;9,436897E-1;;
02/12/2021  12:05:22,124358;9,327779E-1;1,480806E-1;1,310007E-1;9,437445E-1;;
02/12/2021  12:05:22,124458;9,322206E-1;1,305587E-1;1,284732E-1;9,437748E-1;;
02/12/2021  12:05:22,124558;9,319077E-1;1,222756E-1;1,205749E-1;9,437804E-1;;
02/12/2021  12:05:22,124658;9,312162E-1;1,426647E-1;1,363715E-1;9,437617E-1;;
02/12/2021  12:05:22,124758;9,303937E-1;1,069837E-1;1,461654E-1;9,437187E-1;;
02/12/2021  12:05:22,124858;9,308646E-1;9,264764E-2;8,992954E-2;9,436516E-1;;
02/12/2021  12:05:22,124958;9,302715E-1;1,181340E-1;1,218387E-1;9,435608E-1;;
02/12/2021  12:05:22,125058;9,294966E-1;1,171783E-1;1,193112E-1;9,434467E-1;;
02/12/2021  12:05:22,125158;9,289393E-1;1,362931E-1;1,354238E-1;9,433096E-1;;
02/12/2021  12:05:22,125258;9,280839E-1;1,057094E-1;1,420583E-1;9,431500E-1;;
02/12/2021  12:05:22,125358;9,290943E-1;1,229127E-1;1,442698E-1;9,429684E-1;;
02/12/2021  12:05:22,125458;9,286353E-1;9,296622E-2;1,013031E-1;9,427653E-1;;
02/12/2021  12:05:22,125558;9,281257E-1;1,168597E-1;1,249980E-1;9,425415E-1;;
02/12/2021  12:05:22,125658;9,264716E-1;8,340882E-2;9,940750E-2;9,422977E-1;;
02/12/2021  12:05:22,125758;9,262064E-1;1,155854E-1;1,145722E-1;9,420346E-1;;
02/12/2021  12:05:22,125858;9,266951E-1;9,615202E-2;1,095173E-1;9,417527E-1;;
02/12/2021  12:05:22,125958;9,260186E-1;1,092138E-1;1,183634E-1;9,414528E-1;;
02/12/2021  12:05:22,126058;9,257057E-1;9,997498E-2;1,136244E-1;9,411357E-1;;
02/12/2021  12:05:22,126158;9,255447E-1;1,108067E-1;1,253139E-1;9,408021E-1;;
02/12/2021  12:05:22,126258;9,252765E-1;9,296622E-2;9,877564E-2;9,404529E-1;;
02/12/2021  12:05:22,126358;9,257206E-1;1,101695E-1;1,275255E-1;9,400890E-1;;
02/12/2021  12:05:22,126458;9,254464E-1;1,015679E-1;1,101492E-1;9,397114E-1;;
02/12/2021  12:05:22,126558;9,254583E-1;1,034794E-1;1,126766E-1;9,393212E-1;;
02/12/2021  12:05:22,126658;9,246208E-1;1,012493E-1;1,221546E-1;9,389194E-1;;
02/12/2021  12:05:22,126758;9,247788E-1;8,404598E-2;1,063580E-1;9,385071E-1;;
02/12/2021  12:05:22,126858;9,253510E-1;2,797590E-2;7,824006E-2;9,380854E-1;;
02/12/2021  12:05:22,126958;9,257534E-1;9,328480E-2;1,133085E-1;9,376555E-1;;
02/12/2021  12:05:22,127058;9,250649E-1;1,037979E-1;1,189953E-1;9,372185E-1;;
02/12/2021  12:05:22,127158;9,247997E-1;1,006121E-1;1,139404E-1;9,367759E-1;;
02/12/2021  12:05:22,127258;9,254702E-1;3,084312E-2;5,833634E-2;9,363286E-1;;
02/12/2021  12:05:22,127358;9,258577E-1;1,369303E-1;1,224705E-1;9,358780E-1;;
02/12/2021  12:05:22,127458;9,257235E-1;1,353374E-1;1,294210E-1;9,354254E-1;;
02/12/2021  12:05:22,127558;9,260365E-1;1,706997E-1;1,872366E-1;9,349719E-1;;
02/12/2021  12:05:22,127658;9,251245E-1;1,726112E-1;1,606983E-1;9,345190E-1;;
02/12/2021  12:05:22,127758;9,262123E-1;1,910889E-1;1,644895E-1;9,340678E-1;;
02/12/2021  12:05:22,127858;9,265223E-1;1,885402E-1;1,581709E-1;9,336194E-1;;
02/12/2021  12:05:22,127958;9,263405E-1;1,687883E-1;1,442698E-1;9,331751E-1;;
02/12/2021  12:05:22,128058;9,269127E-1;1,656025E-1;1,670170E-1;9,327360E-1;;
02/12/2021  12:05:22,128158;9,268978E-1;1,448948E-1;1,363715E-1;9,323034E-1;;
02/12/2021  12:05:22,128258;9,282032E-1;1,362931E-1;1,366875E-1;9,318783E-1;;
02/12/2021  12:05:22,128358;9,280988E-1;1,232313E-1;1,420583E-1;9,314621E-1;;
02/12/2021  12:05:22,128458;9,286234E-1;1,098510E-1;1,212068E-1;9,310558E-1;;
02/12/2021  12:05:22,128558;9,288886E-1;1,257800E-1;1,180475E-1;9,306608E-1;;
02/12/2021  12:05:22,128658;9,285459E-1;1,260985E-1;1,281573E-1;9,302779E-1;;
02/12/2021  12:05:22,128758;9,297887E-1;1,286472E-1;1,284732E-1;9,299084E-1;;
02/12/2021  12:05:22,128858;9,302417E-1;1,216384E-1;1,272095E-1;9,295531E-1;;
02/12/2021  12:05:22,128958;9,304324E-1;1,245056E-1;1,291051E-1;9,292130E-1;;
02/12/2021  12:05:22,129058;9,305427E-1;1,248242E-1;1,272095E-1;9,288892E-1;;
02/12/2021  12:05:22,129158;9,308169E-1;8,786894E-2;1,641736E-1;9,285823E-1;;
02/12/2021  12:05:22,129258;9,323577E-1;1,200455E-1;1,249980E-1;9,282932E-1;;
02/12/2021  12:05:22,129358;9,330402E-1;1,245056E-1;1,262617E-1;9,280227E-1;;
02/12/2021  12:05:22,129458;9,337495E-1;1,452133E-1;1,682807E-1;9,277716E-1;;
02/12/2021  12:05:22,129558;9,334932E-1;1,308772E-1;1,328963E-1;9,275407E-1;;
02/12/2021  12:05:22,129658;9,337495E-1;1,219570E-1;1,294210E-1;9,273307E-1;;
02/12/2021  12:05:22,129758;9,353827E-1;1,206827E-1;1,246821E-1;9,271423E-1;;
02/12/2021  12:05:22,129858;9,360950E-1;1,340630E-1;1,310007E-1;9,269760E-1;;
02/12/2021  12:05:22,129958;9,371292E-1;1,350188E-1;1,385831E-1;9,268324E-1;;
02/12/2021  12:05:22,130058;9,374302E-1;9,647060E-2;1,126766E-1;9,267122E-1;;
02/12/2021  12:05:22,130158;9,387206E-1;1,123996E-1;1,095173E-1;9,266159E-1;;
02/12/2021  12:05:22,130258;9,403509E-1;1,165411E-1;1,193112E-1;9,265442E-1;;
02/12/2021  12:05:22,130358;9,409380E-1;1,347002E-1;1,370034E-1;9,264976E-1;;
02/12/2021  12:05:22,130458;9,420407E-1;1,203641E-1;1,057261E-1;9,264769E-1;;
02/12/2021  12:05:22,130558;9,421361E-1;1,216384E-1;1,537478E-1;9,264825E-1;;
02/12/2021  12:05:22,130658;9,434802E-1;1,082581E-1;1,186794E-1;9,265151E-1;;
02/12/2021  12:05:22,130758;9,449137E-1;1,260985E-1;1,423743E-1;9,265750E-1;;
02/12/2021  12:05:22,130858;9,451253E-1;1,260985E-1;1,259458E-1;9,266626E-1;;
02/12/2021  12:05:22,130958;9,453399E-1;1,222756E-1;1,202590E-1;9,267783E-1;;
02/12/2021  12:05:22,131058;9,457512E-1;9,009900E-2;9,245700E-2;9,269221E-1;;
02/12/2021  12:05:22,131158;9,467615E-1;1,321516E-1;1,294210E-1;9,270942E-1;;
02/12/2021  12:05:22,131258;9,480341E-1;1,420275E-1;1,256299E-1;9,272944E-1;;
02/12/2021  12:05:22,131358;9,491636E-1;1,550893E-1;1,973464E-1;9,275226E-1;;
02/12/2021  12:05:22,131458;9,496762E-1;1,311958E-1;1,259458E-1;9,277787E-1;;
02/12/2021  12:05:22,131558;9,493752E-1;1,200455E-1;1,265777E-1;9,280626E-1;;
02/12/2021  12:05:22,131658;9,506627E-1;1,299215E-1;1,306848E-1;9,283739E-1;;
02/12/2021  12:05:22,131758;9,520456E-1;1,069837E-1;8,834988E-2;9,287122E-1;;
02/12/2021  12:05:22,131858;9,524062E-1;1,216384E-1;1,104651E-1;9,290772E-1;;
02/12/2021  12:05:22,131958;9,532705E-1;1,273729E-1;1,294210E-1;9,294683E-1;;
02/12/2021  12:05:22,132058;9,532824E-1;1,308772E-1;1,360556E-1;9,298851E-1;;
02/12/2021  12:05:22,132158;9,538844E-1;1,206827E-1;1,019350E-1;9,303270E-1;;
02/12/2021  12:05:22,132258;9,548023E-1;1,025236E-1;1,009872E-1;9,307931E-1;;
02/12/2021  12:05:22,132358;9,554997E-1;1,079395E-1;1,028828E-1;9,312828E-1;;
02/12/2021  12:05:22,132458;9,553775E-1;1,257800E-1;1,449017E-1;9,317952E-1;;
02/12/2021  12:05:22,132558;9,551868E-1;1,340630E-1;1,218387E-1;9,323294E-1;;
02/12/2021  12:05:22,132658;9,561673E-1;1,382046E-1;1,227865E-1;9,328843E-1;;
02/12/2021  12:05:22,132758;9,569720E-1;1,289658E-1;1,483770E-1;9,334586E-1;;
02/12/2021  12:05:22,132858;9,570972E-1;1,267357E-1;1,319485E-1;9,340514E-1;;
02/12/2021  12:05:22,132958;9,566471E-1;1,299215E-1;1,464814E-1;9,346614E-1;;
02/12/2021  12:05:22,133058;9,566889E-1;1,194084E-1;1,193112E-1;9,352873E-1;;
02/12/2021  12:05:22,133158;9,576604E-1;9,870066E-2;9,814378E-2;9,359277E-1;;
02/12/2021  12:05:22,133258;9,585307E-1;1,123996E-1;1,227865E-1;9,365811E-1;;
02/12/2021  12:05:22,133358;9,591953E-1;1,506292E-1;1,486929E-1;9,372464E-1;;
02/12/2021  12:05:22,133458;9,588794E-1;1,487177E-1;1,442698E-1;9,379221E-1;;
02/12/2021  12:05:22,133558;9,589032E-1;1,856730E-1;1,809180E-1;9,386071E-1;;
02/12/2021  12:05:22,133658;9,599910E-1;1,401161E-1;1,638576E-1;9,393000E-1;;
02/12/2021  12:05:22,133758;9,606616E-1;1,232313E-1;1,246821E-1;9,399995E-1;;
02/12/2021  12:05:22,133858;9,610431E-1;1,474434E-1;1,464814E-1;9,407046E-1;;
02/12/2021  12:05:22,133958;9,613501E-1;1,289658E-1;1,278414E-1;9,414140E-1;;
02/12/2021  12:05:22,134058;9,622263E-1;1,340630E-1;1,379512E-1;9,421266E-1;;
02/12/2021  12:05:22,134158;9,635078E-1;1,162226E-1;1,212068E-1;9,428416E-1;;
02/12/2021  12:05:22,134258;9,647178E-1;1,327887E-1;1,325804E-1;9,435581E-1;;
02/12/2021  12:05:22,134358;9,649175E-1;1,334259E-1;1,401627E-1;9,442755E-1;;
02/12/2021  12:05:22,134458;9,646165E-1;1,296029E-1;1,370034E-1;9,449931E-1;;
02/12/2021  12:05:22,134558;9,657967E-1;1,104881E-1;1,092014E-1;9,457103E-1;;
02/12/2021  12:05:22,134658;9,670394E-1;1,315144E-1;1,344760E-1;9,464265E-1;;
02/12/2021  12:05:22,134758;9,665090E-1;1,474434E-1;1,395309E-1;9,471413E-1;;
02/12/2021  12:05:22,134858;9,666252E-1;1,337445E-1;1,379512E-1;9,478541E-1;;
02/12/2021  12:05:22,134958;9,661960E-1;1,194084E-1;1,297370E-1;9,485643E-1;;
02/12/2021  12:05:22,135058;9,661752E-1;1,066652E-1;1,044624E-1;9,492711E-1;;
02/12/2021  12:05:22,135158;9,667891E-1;1,477620E-1;1,287892E-1;9,499739E-1;;
02/12/2021  12:05:22,135258;9,666311E-1;1,340630E-1;1,376353E-1;9,506718E-1;;
02/12/2021  12:05:22,135358;9,665030E-1;1,315144E-1;1,297370E-1;9,513639E-1;;
02/12/2021  12:05:22,135458;9,650575E-1;1,018865E-1;1,164678E-1;9,520495E-1;;
02/12/2021  12:05:22,135558;9,647387E-1;1,213198E-1;9,435259E-2;9,527275E-1;;
02/12/2021  12:05:22,135658;9,652662E-1;1,544522E-1;1,433221E-1;9,533967E-1;;
02/12/2021  12:05:22,135758;9,642946E-1;1,620981E-1;1,619620E-1;9,540559E-1;;
02/12/2021  12:05:22,135858;9,636956E-1;1,315144E-1;1,322644E-1;9,547041E-1;;
02/12/2021  12:05:22,135958;9,625213E-1;1,206827E-1;1,243661E-1;9,553398E-1;;
02/12/2021  12:05:22,136058;9,625273E-1;1,302401E-1;1,344760E-1;9,559619E-1;;
02/12/2021  12:05:22,136158;9,623574E-1;1,350188E-1;1,221546E-1;9,565688E-1;;
02/12/2021  12:05:22,136258;9,618150E-1;1,178155E-1;8,834988E-2;9,571594E-1;;
02/12/2021  12:05:22,136358;9,611772E-1;1,292843E-1;1,287892E-1;9,577324E-1;;
02/12/2021  12:05:22,136458;9,597109E-1;1,334259E-1;1,278414E-1;9,582865E-1;;
02/12/2021  12:05:22,136558;9,593324E-1;1,340630E-1;1,133085E-1;9,588204E-1;;
02/12/2021  12:05:22,136658;9,594635E-1;1,216384E-1;1,054102E-1;9,593328E-1;;
02/12/2021  12:05:22,136758;9,582893E-1;9,328480E-2;9,624818E-2;9,598225E-1;;
02/12/2021  12:05:22,136858;9,574578E-1;1,404346E-1;1,341600E-1;9,602883E-1;;
02/12/2021  12:05:22,136958;9,558663E-1;1,241871E-1;1,152041E-1;9,607292E-1;;
02/12/2021  12:05:22,137058;9,560600E-1;1,264171E-1;1,278414E-1;9,611438E-1;;
02/12/2021  12:05:22,137158;9,557620E-1;1,238685E-1;1,458495E-1;9,615312E-1;;
02/12/2021  12:05:22,137258;9,541854E-1;1,369303E-1;1,338441E-1;9,618903E-1;;
02/12/2021  12:05:22,137358;9,531125E-1;1,397975E-1;1,177316E-1;9,622202E-1;;
02/12/2021  12:05:22,137458;9,512081E-1;1,340630E-1;1,727037E-1;9,625200E-1;;
02/12/2021  12:05:22,137558;9,515031E-1;1,334259E-1;1,313166E-1;9,627886E-1;;
02/12/2021  12:05:22,137658;9,501769E-1;1,350188E-1;1,319485E-1;9,630251E-1;;
02/12/2021  12:05:22,137758;9,489550E-1;1,442576E-1;1,385831E-1;9,632287E-1;;
02/12/2021  12:05:22,137858;9,478046E-1;1,385232E-1;1,240502E-1;9,633987E-1;;
02/12/2021  12:05:22,137958;9,471012E-1;1,452133E-1;7,223735E-2;9,635341E-1;;
02/12/2021  12:05:22,138058;9,461922E-1;1,538150E-1;1,717559E-1;9,636345E-1;;
02/12/2021  12:05:22,138158;9,452922E-1;1,248242E-1;1,303688E-1;9,636992E-1;;
02/12/2021  12:05:22,138258;9,445412E-1;1,280100E-1;1,467973E-1;9,637278E-1;;
02/12/2021  12:05:22,138358;9,425414E-1;1,184526E-1;1,177316E-1;9,637200E-1;;
02/12/2021  12:05:22,138458;9,411198E-1;1,585937E-1;1,041465E-1;9,636753E-1;;
02/12/2021  12:05:22,138558;9,412748E-1;9,296622E-2;9,245700E-2;9,635934E-1;;
02/12/2021  12:05:22,138658;9,402436E-1;1,174969E-1;1,240502E-1;9,634742E-1;;
02/12/2021  12:05:22,138758;9,387564E-1;1,194084E-1;1,300529E-1;9,633174E-1;;
02/12/2021  12:05:22,138858;9,369950E-1;1,025236E-1;1,129926E-1;9,631233E-1;;
02/12/2021  12:05:22,138958;9,359966E-1;1,088952E-1;1,189953E-1;9,628916E-1;;
02/12/2021  12:05:22,139058;9,355913E-1;1,375674E-1;1,518522E-1;9,626224E-1;;
02/12/2021  12:05:22,139158;9,341369E-1;9,965640E-2;1,186794E-1;9,623159E-1;;
02/12/2021  12:05:22,139258;9,321640E-1;1,037979E-1;9,624818E-2;9,619722E-1;;
02/12/2021  12:05:22,139358;9,298542E-1;1,210013E-1;1,420583E-1;9,615915E-1;;
02/12/2021  12:05:22,139458;9,284595E-1;1,165411E-1;1,240502E-1;9,611738E-1;;
02/12/2021  12:05:22,139558;9,273985E-1;1,025236E-1;1,142563E-1;9,607192E-1;;
02/12/2021  12:05:22,139658;9,261915E-1;1,101695E-1;1,240502E-1;9,602276E-1;;
02/12/2021  12:05:22,139758;9,237685E-1;9,583344E-2;1,013031E-1;9,596992E-1;;
02/12/2021  12:05:22,139858;9,217896E-1;1,969282E-2;9,214107E-2;9,591340E-1;;
02/12/2021  12:05:22,139958;9,210266E-1;1,044351E-1;1,205749E-1;9,585322E-1;;
02/12/2021  12:05:22,140058;9,198971E-1;4,008194E-2;6,655058E-2;9,578938E-1;;
02/12/2021  12:05:22,140158;9,185678E-1;6,620550E-2;4,348754E-2;9,572190E-1;;
02/12/2021  12:05:22,140258;9,160823E-1;1,057094E-1;1,183634E-1;9,565082E-1;;
02/12/2021  12:05:22,140358;9,144223E-1;1,283286E-1;1,325804E-1;9,557617E-1;;
02/12/2021  12:05:22,140458;9,139812E-1;1,264171E-1;1,398468E-1;9,549797E-1;;
02/12/2021  12:05:22,140558;9,135848E-1;1,340630E-1;1,569071E-1;9,541627E-1;;
02/12/2021  12:05:22,140658;9,122049E-1;1,315144E-1;1,224705E-1;9,533114E-1;;
02/12/2021  12:05:22,140758;9,101515E-1;1,471248E-1;1,458495E-1;9,524265E-1;;
02/12/2021  12:05:22,140858;9,094481E-1;1,863102E-1;1,629098E-1;9,515089E-1;;
02/12/2021  12:05:22,140958;9,082113E-1;1,786642E-1;1,471132E-1;9,505594E-1;;
02/12/2021  12:05:22,141058;9,089057E-1;1,828058E-1;1,575390E-1;9,495790E-1;;
02/12/2021  12:05:22,141158;9,075854E-1;1,726112E-1;1,490088E-1;9,485690E-1;;
02/12/2021  12:05:22,141258;9,062771E-1;1,697440E-1;1,714400E-1;9,475309E-1;;
02/12/2021  12:05:22,141358;9,051863E-1;1,480806E-1;1,452176E-1;9,464659E-1;;
02/12/2021  12:05:22,141458;9,048436E-1;1,324701E-1;1,310007E-1;9,453757E-1;;
02/12/2021  12:05:22,141558;9,048793E-1;1,229127E-1;1,442698E-1;9,442618E-1;;
02/12/2021  12:05:22,141658;9,043220E-1;1,347002E-1;1,319485E-1;9,431259E-1;;
02/12/2021  12:05:22,141758;9,034518E-1;1,382046E-1;1,392149E-1;9,419699E-1;;
02/12/2021  12:05:22,141858;9,023878E-1;1,362931E-1;1,332122E-1;9,407958E-1;;
02/12/2021  12:05:22,141958;9,028795E-1;1,037979E-1;1,016190E-1;9,396054E-1;;
02/12/2021  12:05:22,142058;9,027365E-1;1,324701E-1;1,385831E-1;9,384007E-1;;
02/12/2021  12:05:22,142158;9,027723E-1;1,391603E-1;1,376353E-1;9,371841E-1;;
02/12/2021  12:05:22,142258;9,020808E-1;1,171783E-1;1,117289E-1;9,359576E-1;;
02/12/2021  12:05:22,142358;9,010437E-1;-5,931502E-2;2,326789E-2;9,347236E-1;;
02/12/2021  12:05:22,142458;9,023699E-1;1,426647E-1;1,771268E-1;9,334843E-1;;
02/12/2021  12:05:22,142558;9,024116E-1;1,461691E-1;1,328963E-1;9,322420E-1;;
02/12/2021  12:05:22,142658;9,021106E-1;1,302401E-1;1,284732E-1;9,309991E-1;;
02/12/2021  12:05:22,142758;9,019020E-1;1,171783E-1;1,174156E-1;9,297580E-1;;
02/12/2021  12:05:22,142858;9,020212E-1;1,241871E-1;1,237343E-1;9,285212E-1;;
02/12/2021  12:05:22,142958;9,027276E-1;1,245056E-1;1,420583E-1;9,272910E-1;;
02/12/2021  12:05:22,143058;9,036902E-1;1,302401E-1;1,291051E-1;9,260699E-1;;
02/12/2021  12:05:22,143158;9,041194E-1;1,235499E-1;1,275255E-1;9,248602E-1;;
02/12/2021  12:05:22,143258;9,035412E-1;1,210013E-1;1,237343E-1;9,236647E-1;;
02/12/2021  12:05:22,143358;9,037975E-1;1,388417E-1;1,215227E-1;9,224856E-1;;
02/12/2021  12:05:22,143458;9,043041E-1;1,458505E-1;1,430061E-1;9,213254E-1;;
02/12/2021  12:05:22,143558;9,050164E-1;1,359745E-1;1,366875E-1;9,201863E-1;;
02/12/2021  12:05:22,143658;9,055261E-1;1,225942E-1;1,294210E-1;9,190704E-1;;
02/12/2021  12:05:22,143758;9,055648E-1;2,415294E-2;7,918786E-2;9,179799E-1;;
02/12/2021  12:05:22,143858;9,064082E-1;1,362931E-1;1,357397E-1;9,169170E-1;;
02/12/2021  12:05:22,143958;9,077881E-1;1,423461E-1;1,423743E-1;9,158835E-1;;
02/12/2021  12:05:22,144058;9,084468E-1;1,206827E-1;1,167838E-1;9,148816E-1;;
02/12/2021  12:05:22,144158;9,089057E-1;1,216384E-1;1,202590E-1;9,139132E-1;;
02/12/2021  12:05:22,144258;9,087686E-1;1,515849E-1;1,404787E-1;9,129801E-1;;
02/12/2021  12:05:22,144358;9,098505E-1;1,331073E-1;1,401627E-1;9,120842E-1;;
02/12/2021  12:05:22,144458;9,119039E-1;1,308772E-1;1,635417E-1;9,112268E-1;;
02/12/2021  12:05:22,144558;9,127324E-1;7,098420E-2;9,498445E-2;9,104097E-1;;
02/12/2021  12:05:22,144658;9,133732E-1;1,305587E-1;1,278414E-1;9,096345E-1;;
02/12/2021  12:05:22,144758;9,138292E-1;1,318330E-1;1,275255E-1;9,089027E-1;;
02/12/2021  12:05:22,144858;9,158439E-1;1,219570E-1;1,262617E-1;9,082156E-1;;
02/12/2021  12:05:22,144958;9,180999E-1;1,289658E-1;1,133085E-1;9,075746E-1;;
02/12/2021  12:05:22,145058;9,194023E-1;8,309024E-2;8,234717E-2;9,069810E-1;;
02/12/2021  12:05:22,145158;9,204037E-1;1,286472E-1;1,354238E-1;9,064364E-1;;
02/12/2021  12:05:22,145258;9,207405E-1;1,254614E-1;1,268936E-1;9,059420E-1;;
02/12/2021  12:05:22,145358;9,224244E-1;1,130368E-1;9,940750E-2;9,054989E-1;;
02/12/2021  12:05:22,145458;9,243496E-1;9,487770E-2;8,139938E-2;9,051081E-1;;
02/12/2021  12:05:22,145558;9,258755E-1;8,532030E-2;9,814378E-2;9,047705E-1;;
02/12/2021  12:05:22,145658;9,266415E-1;1,483991E-1;1,414265E-1;9,044871E-1;;
02/12/2021  12:05:22,145758;9,279737E-1;1,366117E-1;1,281573E-1;9,042585E-1;;
02/12/2021  12:05:22,145858;9,296575E-1;1,538150E-1;1,562753E-1;9,040854E-1;;
02/12/2021  12:05:22,145958;9,313742E-1;1,407532E-1;1,613302E-1;9,039683E-1;;
02/12/2021  12:05:22,146058;9,326468E-1;1,433019E-1;1,344760E-1;9,039075E-1;;
02/12/2021  12:05:22,146158;9,336869E-1;1,082581E-1;9,688005E-2;9,039035E-1;;
02/12/2021  12:05:22,146258;9,345780E-1;1,203641E-1;1,486929E-1;9,039562E-1;;
02/12/2021  12:05:22,146358;9,363930E-1;1,162226E-1;1,170997E-1;9,040658E-1;;
02/12/2021  12:05:22,146458;9,376805E-1;1,257800E-1;1,325804E-1;9,042320E-1;;
02/12/2021  12:05:22,146558;9,389620E-1;1,276914E-1;1,237343E-1;9,044546E-1;;
02/12/2021  12:05:22,146658;9,396356E-1;1,044351E-1;1,063580E-1;9,047331E-1;;
02/12/2021  12:05:22,146758;9,404611E-1;1,152668E-1;1,237343E-1;9,050670E-1;;
02/12/2021  12:05:22,146858;9,418917E-1;1,493549E-1;1,546956E-1;9,054555E-1;;
02/12/2021  12:05:22,146958;9,435726E-1;1,331073E-1;1,281573E-1;9,058976E-1;;
02/12/2021  12:05:22,147058;9,443594E-1;1,327887E-1;1,524841E-1;9,063923E-1;;
02/12/2021  12:05:22,147158;9,450001E-1;1,264171E-1;1,272095E-1;9,069386E-1;;
02/12/2021  12:05:22,147258;9,457989E-1;1,238685E-1;1,325804E-1;9,075351E-1;;
02/12/2021  12:05:22,147358;9,462966E-1;8,054160E-2;8,866581E-2;9,081805E-1;;
02/12/2021  12:05:22,147458;9,479655E-1;1,257800E-1;1,259458E-1;9,088730E-1;;
02/12/2021  12:05:22,147558;9,484990E-1;1,471248E-1;1,521681E-1;9,096110E-1;;
02/12/2021  12:05:22,147658;9,487613E-1;1,251428E-1;1,303688E-1;9,103926E-1;;
02/12/2021  12:05:22,147758;9,494885E-1;1,162226E-1;1,249980E-1;9,112160E-1;;
02/12/2021  12:05:22,147858;9,509369E-1;1,608238E-1;1,524841E-1;9,120791E-1;;
02/12/2021  12:05:22,147958;9,512826E-1;1,257800E-1;1,310007E-1;9,129797E-1;;
02/12/2021  12:05:22,148058;9,517565E-1;1,187712E-1;1,092014E-1;9,139157E-1;;
02/12/2021  12:05:22,148158;9,519800E-1;1,372488E-1;1,379512E-1;9,148849E-1;;
02/12/2021  12:05:22,148258;9,531155E-1;1,216384E-1;1,193112E-1;9,158848E-1;;
02/12/2021  12:05:22,148358;9,545580E-1;1,260985E-1;1,265777E-1;9,169132E-1;;
02/12/2021  12:05:22,148458;9,547904E-1;1,280100E-1;1,297370E-1;9,179678E-1;;
02/12/2021  12:05:22,148558;9,557650E-1;1,104881E-1;1,098333E-1;9,190463E-1;;
02/12/2021  12:05:22,148658;9,552255E-1;1,174969E-1;1,360556E-1;9,201464E-1;;
02/12/2021  12:05:22,148758;9,557918E-1;1,213198E-1;1,275255E-1;9,212658E-1;;
02/12/2021  12:05:22,148858;9,575591E-1;1,289658E-1;1,284732E-1;9,224020E-1;;
02/12/2021  12:05:22,148958;9,583578E-1;1,101695E-1;1,202590E-1;9,235529E-1;;
02/12/2021  12:05:22,149058;9,581671E-1;1,257800E-1;1,284732E-1;9,247162E-1;;
02/12/2021  12:05:22,149158;9,581254E-1;1,241871E-1;1,227865E-1;9,258897E-1;;
02/12/2021  12:05:22,149258;9,587304E-1;1,248242E-1;1,351078E-1;9,270713E-1;;
02/12/2021  12:05:22,149358;9,596006E-1;8,149734E-2;1,170997E-1;9,282586E-1;;
02/12/2021  12:05:22,149458;9,597109E-1;1,391603E-1;1,407946E-1;9,294496E-1;;
02/12/2021  12:05:22,149558;9,594605E-1;1,382046E-1;1,351078E-1;9,306420E-1;;
02/12/2021  12:05:22,149658;9,591983E-1;1,280100E-1;1,310007E-1;9,318338E-1;;
02/12/2021  12:05:22,149758;9,594576E-1;8,054160E-2;1,253139E-1;9,330228E-1;;
02/12/2021  12:05:22,149858;9,596930E-1;1,289658E-1;1,262617E-1;9,342067E-1;;
02/12/2021  12:05:22,149958;9,595649E-1;1,321516E-1;1,231024E-1;9,353835E-1;;
02/12/2021  12:05:22,150058;9,594456E-1;1,238685E-1;1,385831E-1;9,365509E-1;;
02/12/2021  12:05:22,150158;9,579704E-1;1,257800E-1;1,174156E-1;9,377070E-1;;
02/12/2021  12:05:22,150258;9,584681E-1;1,219570E-1;1,174156E-1;9,388494E-1;;
02/12/2021  12:05:22,150358;9,585128E-1;1,286472E-1;1,562753E-1;9,399761E-1;;
02/12/2021  12:05:22,150458;9,581462E-1;1,356559E-1;1,322644E-1;9,410850E-1;;
02/12/2021  12:05:22,150558;9,571180E-1;1,162226E-1;1,388990E-1;9,421740E-1;;
02/12/2021  12:05:22,150658;9,563461E-1;1,088952E-1;1,098333E-1;9,432411E-1;;
02/12/2021  12:05:22,150758;9,568826E-1;1,280100E-1;1,351078E-1;9,442844E-1;;
02/12/2021  12:05:22,150858;9,560898E-1;1,474434E-1;1,407946E-1;9,453018E-1;;
02/12/2021  12:05:22,150958;9,554550E-1;1,397975E-1;1,316326E-1;9,462917E-1;;
02/12/2021  12:05:22,151058;9,545311E-1;1,420275E-1;1,325804E-1;9,472522E-1;;
02/12/2021  12:05:22,151158;9,537682E-1;1,455319E-1;1,474292E-1;9,481815E-1;;
02/12/2021  12:05:22,151258;9,538278E-1;1,958676E-1;2,014535E-1;9,490781E-1;;
02/12/2021  12:05:22,151358;9,528175E-1;1,299215E-1;1,287892E-1;9,499402E-1;;
02/12/2021  12:05:22,151458;9,521409E-1;1,139925E-1;1,205749E-1;9,507665E-1;;
02/12/2021  12:05:22,151558;9,510978E-1;1,127182E-1;1,164678E-1;9,515556E-1;;
02/12/2021  12:05:22,151658;9,503647E-1;1,369303E-1;1,417424E-1;9,523060E-1;;
02/12/2021  12:05:22,151758;9,503885E-1;1,108067E-1;1,193112E-1;9,530166E-1;;
02/12/2021  12:05:22,151858;9,503796E-1;1,130368E-1;1,183634E-1;9,536863E-1;;
02/12/2021  12:05:22,151958;9,490772E-1;1,015679E-1;1,186794E-1;9,543141E-1;;
02/12/2021  12:05:22,152058;9,486629E-1;1,076209E-1;1,186794E-1;9,548994E-1;;
02/12/2021  12:05:22,152158;9,476675E-1;1,060280E-1;9,940750E-2;9,554415E-1;;
02/12/2021  12:05:22,152258;9,479774E-1;1,063466E-1;1,057261E-1;9,559399E-1;;
02/12/2021  12:05:22,152358;9,480967E-1;1,006121E-1;1,076217E-1;9,563943E-1;;
02/12/2021  12:05:22,152458;9,470238E-1;1,104881E-1;1,268936E-1;9,568045E-1;;
02/12/2021  12:05:22,152558;9,462101E-1;7,225852E-2;1,294210E-1;9,571706E-1;;
02/12/2021  12:05:22,152658;9,459210E-1;1,028422E-1;1,104651E-1;9,574926E-1;;
02/12/2021  12:05:22,152758;9,467049E-1;1,044351E-1;1,155200E-1;9,577709E-1;;
02/12/2021  12:05:22,152858;9,463383E-1;9,073616E-2;1,117289E-1;9,580059E-1;;
02/12/2021  12:05:22,152958;9,459419E-1;9,232906E-2;1,095173E-1;9,581982E-1;;
02/12/2021  12:05:22,153058;9,439689E-1;8,818752E-2;1,208909E-1;9,583486E-1;;
02/12/2021  12:05:22,153158;9,438259E-1;9,615202E-2;1,107811E-1;9,584579E-1;;
02/12/2021  12:05:22,153258;9,438617E-1;9,232906E-2;1,044624E-1;9,585268E-1;;
02/12/2021  12:05:22,153358;9,432954E-1;1,057094E-1;1,259458E-1;9,585561E-1;;
02/12/2021  12:05:22,153458;9,420556E-1;1,104881E-1;1,291051E-1;9,585468E-1;;
02/12/2021  12:05:22,153558;9,412509E-1;1,248242E-1;1,414265E-1;9,584998E-1;;
02/12/2021  12:05:22,153658;9,408426E-1;1,264171E-1;1,322644E-1;9,584159E-1;;
02/12/2021  12:05:22,153758;9,415817E-1;1,452133E-1;1,253139E-1;9,582962E-1;;
02/12/2021  12:05:22,153858;9,405595E-1;6,875414E-2;6,465498E-2;9,581417E-1;;
02/12/2021  12:05:22,153958;9,394836E-1;1,805757E-1;1,518522E-1;9,579536E-1;;
02/12/2021  12:05:22,154058;9,394001E-1;1,847173E-1;1,575390E-1;9,577332E-1;;
02/12/2021  12:05:22,154158;9,384941E-1;1,675139E-1;1,477451E-1;9,574815E-1;;
02/12/2021  12:05:22,154258;9,382885E-1;1,837615E-1;1,616461E-1;9,571999E-1;;
02/12/2021  12:05:22,154358;9,372424E-1;1,585937E-1;1,509044E-1;9,568895E-1;;
02/12/2021  12:05:22,154458;9,373288E-1;1,576380E-1;1,471132E-1;9,565515E-1;;
02/12/2021  12:05:22,154558;9,366881E-1;1,213198E-1;1,076217E-1;9,561871E-1;;
02/12/2021  12:05:22,154658;9,366791E-1;9,933782E-2;1,322644E-1;9,557977E-1;;
02/12/2021  12:05:22,154758;9,368520E-1;1,477620E-1;1,749153E-1;9,553847E-1;;
02/12/2021  12:05:22,154858;9,351026E-1;1,372488E-1;1,385831E-1;9,549494E-1;;
02/12/2021  12:05:22,154958;9,348582E-1;6,716124E-2;9,435259E-2;9,544932E-1;;
02/12/2021  12:05:22,155058;9,333084E-1;1,397975E-1;1,442698E-1;9,540174E-1;;
02/12/2021  12:05:22,155158;9,335170E-1;1,452133E-1;1,398468E-1;9,535231E-1;;
02/12/2021  12:05:22,155258;9,333382E-1;1,404346E-1;1,430061E-1;9,530115E-1;;
02/12/2021  12:05:22,155358;9,325216E-1;1,280100E-1;1,300529E-1;9,524838E-1;;
02/12/2021  12:05:22,155458;9,311715E-1;1,213198E-1;1,275255E-1;9,519411E-1;;
02/12/2021  12:05:22,155558;9,310702E-1;1,378860E-1;1,366875E-1;9,513845E-1;;
02/12/2021  12:05:22,155658;9,316096E-1;1,499920E-1;1,370034E-1;9,508150E-1;;
02/12/2021  12:05:22,155758;9,313146E-1;1,260985E-1;1,354238E-1;9,502338E-1;;
02/12/2021  12:05:22,155858;9,310642E-1;1,448948E-1;1,569071E-1;9,496421E-1;;
02/12/2021  12:05:22,155958;9,306291E-1;1,311958E-1;1,316326E-1;9,490411E-1;;
02/12/2021  12:05:22,156058;9,300331E-1;1,433019E-1;1,278414E-1;9,484321E-1;;
02/12/2021  12:05:22,156158;9,309659E-1;1,423461E-1;1,310007E-1;9,478163E-1;;
02/12/2021  12:05:22,156258;9,314189E-1;1,073023E-1;1,227865E-1;9,471950E-1;;
02/12/2021  12:05:22,156358;9,308199E-1;1,506292E-1;1,461654E-1;9,465696E-1;;
02/12/2021  12:05:22,156458;9,309838E-1;1,519035E-1;1,474292E-1;9,459415E-1;;
02/12/2021  12:05:22,156558;9,314159E-1;1,079395E-1;1,098333E-1;9,453122E-1;;
02/12/2021  12:05:22,156658;9,323488E-1;1,257800E-1;1,300529E-1;9,446832E-1;;
02/12/2021  12:05:22,156758;9,323160E-1;1,321516E-1;1,319485E-1;9,440559E-1;;
02/12/2021  12:05:22,156858;9,321819E-1;7,193994E-2;6,907803E-2;9,434321E-1;;
02/12/2021  12:05:22,156958;9,318004E-1;1,302401E-1;1,133085E-1;9,428131E-1;;
02/12/2021  12:05:22,157058;9,314129E-1;1,264171E-1;1,218387E-1;9,422006E-1;;
02/12/2021  12:05:22,157158;9,320299E-1;1,350188E-1;1,360556E-1;9,415957E-1;;
02/12/2021  12:05:22,157258;9,324292E-1;1,200455E-1;1,256299E-1;9,409996E-1;;
02/12/2021  12:05:22,157358;9,317557E-1;1,324701E-1;1,363715E-1;9,404136E-1;;
02/12/2021  12:05:22,157458;9,319077E-1;1,455319E-1;1,133085E-1;9,398389E-1;;
02/12/2021  12:05:22,157558;9,319494E-1;1,340630E-1;1,341600E-1;9,392764E-1;;
02/12/2021  12:05:22,157658;9,327779E-1;1,459554E-2;7,760819E-2;9,387272E-1;;
02/12/2021  12:05:22,157758;9,333203E-1;1,426647E-1;1,313166E-1;9,381921E-1;;
02/12/2021  12:05:22,157858;9,331117E-1;1,210013E-1;1,316326E-1;9,376723E-1;;
02/12/2021  12:05:22,157958;9,326766E-1;1,254614E-1;1,145722E-1;9,371686E-1;;
02/12/2021  12:05:22,158058;9,334783E-1;1,308772E-1;1,512204E-1;9,366818E-1;;
02/12/2021  12:05:22,158158;9,349953E-1;1,299215E-1;1,455336E-1;9,362127E-1;;
02/12/2021  12:05:22,158258;9,350459E-1;1,241871E-1;1,240502E-1;9,357623E-1;;
02/12/2021  12:05:22,158358;9,351711E-1;1,264171E-1;1,249980E-1;9,353312E-1;;
02/12/2021  12:05:22,158458;9,354900E-1;1,375674E-1;1,316326E-1;9,349204E-1;;
02/12/2021  12:05:22,158558;9,371143E-1;8,691320E-2;1,139404E-1;9,345306E-1;;
02/12/2021  12:05:22,158658;9,384584E-1;1,407532E-1;1,373193E-1;9,341627E-1;;
02/12/2021  12:05:22,158758;9,383868E-1;1,337445E-1;1,249980E-1;9,338174E-1;;
02/12/2021  12:05:22,158858;9,387415E-1;1,366117E-1;1,537478E-1;9,334957E-1;;
02/12/2021  12:05:22,158958;9,386968E-1;1,200455E-1;1,218387E-1;9,331984E-1;;
02/12/2021  12:05:22,159058;9,397131E-1;1,311958E-1;1,275255E-1;9,329261E-1;;
02/12/2021  12:05:22,159158;9,406072E-1;1,563636E-1;1,654373E-1;9,326792E-1;;
02/12/2021  12:05:22,159258;9,406608E-1;1,305587E-1;1,237343E-1;9,324583E-1;;
02/12/2021  12:05:22,159358;9,406847E-1;1,464877E-1;1,521681E-1;9,322638E-1;;
02/12/2021  12:05:22,159458;9,412658E-1;1,178155E-1;1,275255E-1;9,320960E-1;;
02/12/2021  12:05:22,159558;9,427470E-1;1,308772E-1;1,284732E-1;9,319551E-1;;
02/12/2021  12:05:22,159658;9,439868E-1;1,302401E-1;1,272095E-1;9,318413E-1;;
02/12/2021  12:05:22,159758;9,441031E-1;1,219570E-1;1,253139E-1;9,317549E-1;;
02/12/2021  12:05:22,159858;9,438885E-1;1,337445E-1;1,249980E-1;9,316961E-1;;
02/12/2021  12:05:22,159958;9,443951E-1;1,926818E-1;1,941871E-1;9,316649E-1;;
02/12/2021  12:05:22,160058;9,461356E-1;1,506292E-1;1,524841E-1;9,316613E-1;;
02/12/2021  12:05:22,160158;9,470685E-1;1,369303E-1;1,291051E-1;9,316852E-1;;
02/12/2021  12:05:22,160258;9,472026E-1;1,347002E-1;1,287892E-1;9,317366E-1;;
02/12/2021  12:05:22,160358;9,483649E-1;1,337445E-1;1,300529E-1;9,318156E-1;;
02/12/2021  12:05:22,160458;9,486778E-1;1,391603E-1;1,224705E-1;9,319219E-1;;
02/12/2021  12:05:22,160558;9,507640E-1;1,222756E-1;1,366875E-1;9,320556E-1;;
02/12/2021  12:05:22,160658;9,515180E-1;1,104881E-1;1,167838E-1;9,322164E-1;;
02/12/2021  12:05:22,160758;9,522065E-1;1,190898E-1;1,303688E-1;9,324045E-1;;
02/12/2021  12:05:22,160858;9,521171E-1;1,372488E-1;1,354238E-1;9,326197E-1;;
02/12/2021  12:05:22,160958;9,522452E-1;8,914326E-2;8,013565E-2;9,328618E-1;;
02/12/2021  12:05:22,161058;9,535715E-1;1,066652E-1;1,136244E-1;9,331304E-1;;
02/12/2021  12:05:22,161158;9,537533E-1;1,257800E-1;1,259458E-1;9,334250E-1;;
02/12/2021  12:05:22,161258;9,544209E-1;1,468062E-1;1,461654E-1;9,337451E-1;;
02/12/2021  12:05:22,161358;9,540930E-1;9,647060E-2;1,189953E-1;9,340901E-1;;
02/12/2021  12:05:22,161458;9,548917E-1;1,308772E-1;1,265777E-1;9,344592E-1;;
02/12/2021  12:05:22,161558;9,558067E-1;9,073616E-2;8,961361E-2;9,348516E-1;;
02/12/2021  12:05:22,161658;9,567246E-1;1,404346E-1;1,332122E-1;9,352665E-1;;
02/12/2021  12:05:22,161758;9,557054E-1;1,382046E-1;1,246821E-1;9,357029E-1;;
02/12/2021  12:05:22,161858;9,553507E-1;-1,630672E-2;4,285567E-2;9,361600E-1;;
02/12/2021  12:05:22,161958;9,560213E-1;1,235499E-1;1,272095E-1;9,366365E-1;;
02/12/2021  12:05:22,162058;9,568945E-1;1,264171E-1;1,237343E-1;9,371311E-1;;
02/12/2021  12:05:22,162158;9,566144E-1;1,375674E-1;1,395309E-1;9,376425E-1;;
02/12/2021  12:05:22,162258;9,566471E-1;1,251428E-1;1,202590E-1;9,381695E-1;;
02/12/2021  12:05:22,162358;9,564862E-1;1,248242E-1;1,265777E-1;9,387106E-1;;
02/12/2021  12:05:22,162458;9,572372E-1;1,264171E-1;1,265777E-1;9,392645E-1;;
02/12/2021  12:05:22,162558;9,583936E-1;1,442576E-1;1,158360E-1;9,398298E-1;;
02/12/2021  12:05:22,162658;9,586320E-1;1,391603E-1;1,553275E-1;9,404050E-1;;
02/12/2021  12:05:22,162758;9,586529E-1;1,257800E-1;1,281573E-1;9,409891E-1;;
02/12/2021  12:05:22,162858;9,577975E-1;1,222756E-1;1,224705E-1;9,415808E-1;;
02/12/2021  12:05:22,162958;9,588466E-1;9,487770E-2;1,167838E-1;9,421788E-1;;
02/12/2021  12:05:22,163058;9,591774E-1;1,311958E-1;1,376353E-1;9,427818E-1;;
02/12/2021  12:05:22,163158;9,590373E-1;1,292843E-1;1,294210E-1;9,433886E-1;;
02/12/2021  12:05:22,163258;9,587006E-1;1,222756E-1;1,221546E-1;9,439978E-1;;
02/12/2021  12:05:22,163358;9,586886E-1;1,015679E-1;1,133085E-1;9,446084E-1;;
02/12/2021  12:05:22,163458;9,596245E-1;1,382046E-1;1,284732E-1;9,452188E-1;;
02/12/2021  12:05:22,163558;9,601341E-1;1,509478E-1;1,749153E-1;9,458281E-1;;
02/12/2021  12:05:22,163658;9,600119E-1;1,238685E-1;1,189953E-1;9,464350E-1;;
02/12/2021  12:05:22,163758;9,595202E-1;1,245056E-1;1,310007E-1;9,470387E-1;;
02/12/2021  12:05:22,163858;9,586410E-1;1,468062E-1;1,430061E-1;9,476380E-1;;
02/12/2021  12:05:22,163958;9,594635E-1;1,378860E-1;1,275255E-1;9,482318E-1;;
02/12/2021  12:05:22,164058;9,593354E-1;1,452133E-1;1,433221E-1;9,488189E-1;;
02/12/2021  12:05:22,164158;9,590671E-1;1,471248E-1;1,360556E-1;9,493982E-1;;
02/12/2021  12:05:22,164258;9,587930E-1;1,245056E-1;1,338441E-1;9,499688E-1;;
02/12/2021  12:05:22,164358;9,581075E-1;1,331073E-1;1,351078E-1;9,505296E-1;;
02/12/2021  12:05:22,164458;9,592579E-1;1,194084E-1;1,126766E-1;9,510795E-1;;
02/12/2021  12:05:22,164558;9,591625E-1;1,098510E-1;1,117289E-1;9,516176E-1;;
02/12/2021  12:05:22,164658;9,590880E-1;1,525407E-1;1,682807E-1;9,521431E-1;;
02/12/2021  12:05:22,164758;9,577856E-1;1,264171E-1;1,272095E-1;9,526552E-1;;
02/12/2021  12:05:22,164858;9,574071E-1;1,225942E-1;1,246821E-1;9,531532E-1;;
02/12/2021  12:05:22,164958;9,582356E-1;1,028422E-1;1,281573E-1;9,536361E-1;;
02/12/2021  12:05:22,165058;9,574757E-1;9,519628E-2;1,152041E-1;9,541031E-1;;
02/12/2021  12:05:22,165158;9,569273E-1;6,811698E-2;1,344760E-1;9,545536E-1;;
02/12/2021  12:05:22,165258;9,556338E-1;1,028422E-1;1,095173E-1;9,549869E-1;;
02/12/2021  12:05:22,165358;9,548381E-1;6,747982E-2;9,308886E-2;9,554020E-1;;
02/12/2021  12:05:22,165458;9,556785E-1;9,551486E-2;1,110970E-1;9,557981E-1;;
02/12/2021  12:05:22,165558;9,545758E-1;1,117624E-1;1,234183E-1;9,561745E-1;;
02/12/2021  12:05:22,165658;9,534791E-1;9,105474E-2;8,424277E-2;9,565305E-1;;
02/12/2021  12:05:22,165758;9,521707E-1;1,136739E-1;1,524841E-1;9,568651E-1;;
02/12/2021  12:05:22,165858;9,513541E-1;9,455912E-2;1,082536E-1;9,571777E-1;;
02/12/2021  12:05:22,165958;9,515031E-1;1,025236E-1;1,155200E-1;9,574672E-1;;
02/12/2021  12:05:22,166058;9,508147E-1;9,551486E-2;1,114129E-1;9,577330E-1;;
02/12/2021  12:05:22,166158;9,501590E-1;4,103768E-2;7,192142E-2;9,579742E-1;;
02/12/2021  12:05:22,166258;9,485377E-1;1,022050E-1;1,196272E-1;9,581903E-1;;
02/12/2021  12:05:22,166358;9,485705E-1;1,025236E-1;1,082536E-1;9,583806E-1;;
02/12/2021  12:05:22,166458;9,489073E-1;1,028422E-1;1,208909E-1;9,585446E-1;;
02/12/2021  12:05:22,166558;9,477122E-1;1,050723E-1;1,167838E-1;9,586818E-1;;
02/12/2021  12:05:22,166658;9,468032E-1;1,082581E-1;1,224705E-1;9,587919E-1;;
02/12/2021  12:05:22,166758;9,456051E-1;1,194084E-1;1,303688E-1;9,588747E-1;;
02/12/2021  12:05:22,166858;9,451938E-1;1,123996E-1;1,092014E-1;9,589297E-1;;
02/12/2021  12:05:22,166958;9,451164E-1;1,503106E-1;1,306848E-1;9,589569E-1;;
02/12/2021  12:05:22,167058;9,444071E-1;1,767528E-1;1,584868E-1;9,589560E-1;;
02/12/2021  12:05:22,167158;9,433371E-1;1,719741E-1;1,572231E-1;9,589270E-1;;
02/12/2021  12:05:22,167258;9,414387E-1;1,777085E-1;1,515363E-1;9,588699E-1;;
02/12/2021  12:05:22,167358;9,412479E-1;-2,108542E-2;4,506720E-2;9,587847E-1;;
02/12/2021  12:05:22,167458;9,416115E-1;1,375674E-1;1,193112E-1;9,586712E-1;;
02/12/2021  12:05:22,167558;9,412688E-1;1,429833E-1;1,152041E-1;9,585296E-1;;
02/12/2021  12:05:22,167658;9,392720E-1;1,366117E-1;1,398468E-1;9,583603E-1;;
02/12/2021  12:05:22,167758;9,370934E-1;1,401161E-1;1,370034E-1;9,581634E-1;;
02/12/2021  12:05:22,167858;9,374957E-1;1,372488E-1;1,262617E-1;9,579390E-1;;
02/12/2021  12:05:22,167958;9,371679E-1;1,474434E-1;1,790224E-1;9,576874E-1;;
02/12/2021  12:05:22,168058;9,358446E-1;1,235499E-1;1,202590E-1;9,574086E-1;;
02/12/2021  12:05:22,168158;9,352188E-1;1,509478E-1;1,594346E-1;9,571032E-1;;
02/12/2021  12:05:22,168258;9,330819E-1;1,273729E-1;1,240502E-1;9,567714E-1;;
02/12/2021  12:05:22,168358;9,334902E-1;1,528593E-1;1,363715E-1;9,564135E-1;;
02/12/2021  12:05:22,168458;9,334962E-1;1,276914E-1;1,338441E-1;9,560299E-1;;
02/12/2021  12:05:22,168558;9,320597E-1;1,149482E-1;1,240502E-1;9,556212E-1;;
02/12/2021  12:05:22,168658;9,307573E-1;1,216384E-1;1,215227E-1;9,551878E-1;;
02/12/2021  12:05:22,168758;9,289989E-1;1,197269E-1;1,423743E-1;9,547303E-1;;
02/12/2021  12:05:22,168858;9,293655E-1;1,292843E-1;1,401627E-1;9,542493E-1;;
02/12/2021  12:05:22,168958;9,287128E-1;1,203641E-1;1,237343E-1;9,537450E-1;;
02/12/2021  12:05:22,169058;9,277442E-1;1,289658E-1;1,325804E-1;9,532183E-1;;
02/12/2021  12:05:22,169158;9,263345E-1;1,302401E-1;1,205749E-1;9,526696E-1;;
02/12/2021  12:05:22,169258;9,253838E-1;9,933782E-2;1,461654E-1;9,520997E-1;;
02/12/2021  12:05:22,169358;9,256133E-1;1,267357E-1;1,370034E-1;9,515092E-1;;
02/12/2021  12:05:22,169458;9,253361E-1;1,232313E-1;1,284732E-1;9,508987E-1;;
02/12/2021  12:05:22,169558;9,245761E-1;1,299215E-1;1,382671E-1;9,502691E-1;;
02/12/2021  12:05:22,169658;9,235777E-1;1,213198E-1;1,237343E-1;9,496214E-1;;
02/12/2021  12:05:22,169758;9,237566E-1;1,215178E-3;5,359736E-2;9,489564E-1;;
02/12/2021  12:05:22,169858;9,241470E-1;1,143111E-1;1,098333E-1;9,482753E-1;;
02/12/2021  12:05:22,169958;9,241947E-1;1,391603E-1;1,382671E-1;9,475792E-1;;
02/12/2021  12:05:22,170058;9,230860E-1;1,318330E-1;1,370034E-1;9,468695E-1;;
02/12/2021  12:05:22,170158;9,234973E-1;1,257800E-1;1,423743E-1;9,461475E-1;;
02/12/2021  12:05:22,170258;9,238877E-1;1,187712E-1;1,205749E-1;9,454147E-1;;
02/12/2021  12:05:22,170358;9,255596E-1;1,366117E-1;1,509044E-1;9,446728E-1;;
02/12/2021  12:05:22,170458;9,262600E-1;1,292843E-1;1,335282E-1;9,439235E-1;;
02/12/2021  12:05:22,170558;9,257146E-1;1,120810E-1;1,028828E-1;9,431689E-1;;
02/12/2021  12:05:22,170658;9,258308E-1;1,194084E-1;1,221546E-1;9,424111E-1;;
02/12/2021  12:05:22,170758;9,266296E-1;1,245056E-1;1,249980E-1;9,416523E-1;;
02/12/2021  12:05:22,170858;9,278336E-1;1,299215E-1;1,234183E-1;9,408945E-1;;
02/12/2021  12:05:22,170958;9,282330E-1;1,194084E-1;1,227865E-1;9,401399E-1;;
02/12/2021  12:05:22,171058;9,291479E-1;1,203641E-1;1,133085E-1;9,393909E-1;;
02/12/2021  12:05:22,171158;9,285548E-1;1,289658E-1;1,341600E-1;9,386496E-1;;
02/12/2021  12:05:22,171258;9,294281E-1;1,372488E-1;1,360556E-1;9,379184E-1;;
02/12/2021  12:05:22,171358;9,314457E-1;1,229127E-1;1,196272E-1;9,371994E-1;;
02/12/2021  12:05:22,171458;9,317557E-1;1,194084E-1;1,028828E-1;9,364948E-1;;
02/12/2021  12:05:22,171558;9,320418E-1;1,184526E-1;1,177316E-1;9,358068E-1;;
02/12/2021  12:05:22,171658;9,323428E-1;1,490363E-1;1,404787E-1;9,351377E-1;;
02/12/2021  12:05:22,171758;9,340088E-1;1,229127E-1;1,287892E-1;9,344893E-1;;
02/12/2021  12:05:22,171858;9,349684E-1;1,407532E-1;1,351078E-1;9,338637E-1;;
02/12/2021  12:05:22,171958;9,357999E-1;1,385232E-1;1,382671E-1;9,332630E-1;;
02/12/2021  12:05:22,172058;9,363841E-1;1,229127E-1;1,294210E-1;9,326890E-1;;
02/12/2021  12:05:22,172158;9,365599E-1;1,350188E-1;1,363715E-1;9,321435E-1;;
02/12/2021  12:05:22,172258;9,381156E-1;1,260985E-1;1,268936E-1;9,316283E-1;;
02/12/2021  12:05:22,172358;9,397906E-1;1,528593E-1;1,897641E-1;9,311448E-1;;
02/12/2021  12:05:22,172458;9,402316E-1;1,267357E-1;1,240502E-1;9,306946E-1;;
02/12/2021  12:05:22,172558;9,396594E-1;1,442576E-1;1,654373E-1;9,302793E-1;;
02/12/2021  12:05:22,172658;9,401214E-1;1,289658E-1;1,278414E-1;9,298999E-1;;
02/12/2021  12:05:22,172758;9,420824E-1;1,404346E-1;1,695444E-1;9,295575E-1;;
02/12/2021  12:05:22,172858;9,428096E-1;1,120810E-1;1,291051E-1;9,292527E-1;;
02/12/2021  12:05:22,172958;9,429646E-1;1,302401E-1;1,259458E-1;9,289865E-1;;
02/12/2021  12:05:22,173058;9,434712E-1;1,276914E-1;1,382671E-1;9,287595E-1;;
02/12/2021  12:05:22,173158;9,433997E-1;2,146638E-1;1,635417E-1;9,285720E-1;;
02/12/2021  12:05:22,173258;9,451670E-1;1,292843E-1;1,224705E-1;9,284243E-1;;
02/12/2021  12:05:22,173358;9,462250E-1;1,165411E-1;1,373193E-1;9,283164E-1;;
02/12/2021  12:05:22,173458;9,467585E-1;1,452133E-1;1,455336E-1;9,282485E-1;;
02/12/2021  12:05:22,173558;9,468122E-1;1,200455E-1;1,177316E-1;9,282206E-1;;
02/12/2021  12:05:22,173658;9,474231E-1;1,311958E-1;1,013031E-1;9,282325E-1;;
02/12/2021  12:05:22,173758;9,493692E-1;1,257800E-1;1,268936E-1;9,282838E-1;;
02/12/2021  12:05:22,173858;9,502067E-1;1,369303E-1;1,385831E-1;9,283742E-1;;
02/12/2021  12:05:22,173958;9,504958E-1;1,448948E-1;1,332122E-1;9,285035E-1;;
02/12/2021  12:05:22,174058;9,508356E-1;1,353374E-1;1,303688E-1;9,286710E-1;;
02/12/2021  12:05:22,174158;9,514406E-1;1,238685E-1;1,265777E-1;9,288763E-1;;
02/12/2021  12:05:22,174258;9,535804E-1;1,334259E-1;1,379512E-1;9,291186E-1;;
02/12/2021  12:05:22,174358;9,540841E-1;1,420275E-1;1,388990E-1;9,293972E-1;;
02/12/2021  12:05:22,174458;9,541646E-1;1,245056E-1;1,294210E-1;9,297114E-1;;
02/12/2021  12:05:22,174558;9,540245E-1;1,331073E-1;1,550115E-1;9,300605E-1;;
02/12/2021  12:05:22,174658;9,545639E-1;1,315144E-1;1,341600E-1;9,304433E-1;;
02/12/2021  12:05:22,174758;9,560392E-1;1,401161E-1;1,420583E-1;9,308587E-1;;
02/12/2021  12:05:22,174858;9,564236E-1;1,292843E-1;1,234183E-1;9,313055E-1;;
02/12/2021  12:05:22,174958;9,562537E-1;1,095324E-1;1,256299E-1;9,317825E-1;;
02/12/2021  12:05:22,175058;9,553984E-1;1,168597E-1;1,335282E-1;9,322883E-1;;
02/12/2021  12:05:22,175158;9,556487E-1;5,473662E-2;8,961361E-2;9,328214E-1;;
02/12/2021  12:05:22,175258;9,568945E-1;1,452133E-1;1,262617E-1;9,333799E-1;;
02/12/2021  12:05:22,175358;9,569601E-1;1,264171E-1;1,237343E-1;9,339622E-1;;
02/12/2021  12:05:22,175458;9,562597E-1;1,480806E-1;1,275255E-1;9,345664E-1;;
02/12/2021  12:05:22,175558;9,556607E-1;1,331073E-1;1,164678E-1;9,351907E-1;;
02/12/2021  12:05:22,175658;9,564981E-1;2,489498E-3;3,906449E-2;9,358331E-1;;
02/12/2021  12:05:22,175758;9,568170E-1;1,442576E-1;9,530039E-2;9,364914E-1;;
02/12/2021  12:05:22,175858;9,566442E-1;1,305587E-1;1,294210E-1;9,371636E-1;;
02/12/2021  12:05:22,175958;9,561137E-1;1,327887E-1;1,259458E-1;9,378478E-1;;
02/12/2021  12:05:22,176058;9,565965E-1;-3,563522E-3;6,465498E-2;9,385419E-1;;
02/12/2021  12:05:22,176158;9,563849E-1;1,254614E-1;1,129926E-1;9,392437E-1;;
02/12/2021  12:05:22,176258;9,577469E-1;1,276914E-1;1,300529E-1;9,399513E-1;;
02/12/2021  12:05:22,176358;9,578482E-1;1,245056E-1;1,310007E-1;9,406629E-1;;
02/12/2021  12:05:22,176458;9,573535E-1;1,324701E-1;1,322644E-1;9,413766E-1;;
02/12/2021  12:05:22,176558;9,563670E-1;1,187712E-1;1,287892E-1;9,420909E-1;;
02/12/2021  12:05:22,176658;9,572343E-1;1,417090E-1;1,401627E-1;9,428039E-1;;
02/12/2021  12:05:22,176758;9,576247E-1;2,028763E-1;2,014535E-1;9,435138E-1;;
02/12/2021  12:05:22,176858;9,576157E-1;6,429402E-2;8,139938E-2;9,442191E-1;;
02/12/2021  12:05:22,176958;9,568647E-1;1,519035E-1;1,417424E-1;9,449182E-1;;
02/12/2021  12:05:22,177058;9,563342E-1;1,388417E-1;1,231024E-1;9,456096E-1;;
02/12/2021  12:05:22,177158;9,573088E-1;1,353374E-1;1,347919E-1;9,462919E-1;;
02/12/2021  12:05:22,177258;9,580568E-1;1,273729E-1;1,417424E-1;9,469635E-1;;
02/12/2021  12:05:22,177358;9,574846E-1;1,375674E-1;1,341600E-1;9,476233E-1;;
02/12/2021  12:05:22,177458;9,574548E-1;1,273729E-1;1,373193E-1;9,482702E-1;;
02/12/2021  12:05:22,177558;9,570346E-1;9,647060E-2;1,003553E-1;9,489031E-1;;
02/12/2021  12:05:22,177658;9,580181E-1;1,264171E-1;1,423743E-1;9,495212E-1;;
02/12/2021  12:05:22,177758;9,580926E-1;1,248242E-1;1,297370E-1;9,501234E-1;;
02/12/2021  12:05:22,177858;9,578869E-1;1,200455E-1;1,221546E-1;9,507091E-1;;
02/12/2021  12:05:22,177958;9,572015E-1;1,073023E-1;1,208909E-1;9,512776E-1;;
02/12/2021  12:05:22,178058;9,569839E-1;1,493549E-1;1,079377E-1;9,518282E-1;;
02/12/2021  12:05:22,178158;9,581313E-1;1,031608E-1;1,306848E-1;9,523604E-1;;
02/12/2021  12:05:22,178258;9,583847E-1;1,044351E-1;1,126766E-1;9,528737E-1;;
02/12/2021  12:05:22,178358;9,578273E-1;1,098510E-1;1,152041E-1;9,533676E-1;;
02/12/2021  12:05:22,178458;9,566978E-1;1,120810E-1;1,114129E-1;9,538421E-1;;
02/12/2021  12:05:22,178558;9,561465E-1;1,111253E-1;1,202590E-1;9,542967E-1;;
02/12/2021  12:05:22,178658;9,566412E-1;1,015679E-1;1,085695E-1;9,547309E-1;;
02/12/2021  12:05:22,178758;9,560213E-1;1,025236E-1;1,133085E-1;9,551445E-1;;
02/12/2021  12:05:22,178858;9,551004E-1;1,200455E-1;1,395309E-1;9,555370E-1;;
02/12/2021  12:05:22,178958;9,536341E-1;-1,333462E-3;7,634447E-2;9,559081E-1;;
02/12/2021  12:05:22,179058;9,530708E-1;9,328480E-2;1,120448E-1;9,562572E-1;;
02/12/2021  12:05:22,179158;9,533390E-1;8,532030E-2;1,155200E-1;9,565838E-1;;
02/12/2021  12:05:22,179258;9,529486E-1;1,098510E-1;1,170997E-1;9,568873E-1;;
02/12/2021  12:05:22,179358;9,518906E-1;1,041165E-1;1,231024E-1;9,571673E-1;;
02/12/2021  12:05:22,179458;9,500905E-1;1,216384E-1;1,455336E-1;9,574235E-1;;
02/12/2021  12:05:22,179558;9,499027E-1;1,910889E-1;1,998739E-1;9,576552E-1;;
02/12/2021  12:05:22,179658;9,493514E-1;1,397975E-1;1,382671E-1;9,578620E-1;;
02/12/2021  12:05:22,179758;9,496077E-1;1,372488E-1;1,347919E-1;9,580434E-1;;
02/12/2021  12:05:22,179858;9,476705E-1;1,636910E-1;1,461654E-1;9,581989E-1;;
02/12/2021  12:05:22,179958;9,462995E-1;1,965047E-1;1,711241E-1;9,583283E-1;;
02/12/2021  12:05:22,180058;9,467138E-1;1,875845E-1;1,657532E-1;9,584311E-1;;
02/12/2021  12:05:22,180158;9,465827E-1;1,818500E-1;1,477451E-1;9,585070E-1;;
02/12/2021  12:05:22,180258;9,468122E-1;1,786642E-1;1,926074E-1;9,585558E-1;;
02/12/2021  12:05:22,180358;9,446008E-1;1,506292E-1;1,445858E-1;9,585775E-1;;
02/12/2021  12:05:22,180458;9,429676E-1;1,417090E-1;1,445858E-1;9,585721E-1;;
02/12/2021  12:05:22,180558;9,423387E-1;1,238685E-1;1,152041E-1;9,585395E-1;;
02/12/2021  12:05:22,180658;9,422046E-1;1,235499E-1;1,155200E-1;9,584794E-1;;
02/12/2021  12:05:22,180758;9,419185E-1;1,280100E-1;1,275255E-1;9,583918E-1;;
02/12/2021  12:05:22,180858;9,397906E-1;1,378860E-1;1,366875E-1;9,582767E-1;;
02/12/2021  12:05:22,180958;9,381842E-1;1,350188E-1;1,354238E-1;9,581340E-1;;
02/12/2021  12:05:22,181058;9,381812E-1;1,225942E-1;1,202590E-1;9,579637E-1;;
02/12/2021  12:05:22,181158;9,378474E-1;6,588692E-2;1,464814E-1;9,577657E-1;;
02/12/2021  12:05:22,181258;9,362828E-1;1,267357E-1;1,139404E-1;9,575401E-1;;
02/12/2021  12:05:22,181358;9,341429E-1;1,190898E-1;1,227865E-1;9,572869E-1;;
02/12/2021  12:05:22,181458;9,328375E-1;1,194084E-1;1,268936E-1;9,570061E-1;;
02/12/2021  12:05:22,181558;9,322176E-1;1,245056E-1;1,256299E-1;9,566976E-1;;
02/12/2021  12:05:22,181658;9,315739E-1;1,433019E-1;1,543797E-1;9,563613E-1;;
02/12/2021  12:05:22,181758;9,310523E-1;1,426647E-1;1,341600E-1;9,559972E-1;;
02/12/2021  12:05:22,181858;9,297172E-1;1,327887E-1;1,540637E-1;9,556056E-1;;
02/12/2021  12:05:22,181958;9,289005E-1;1,245056E-1;1,303688E-1;9,551865E-1;;
02/12/2021  12:05:22,182058;9,291092E-1;1,194084E-1;1,218387E-1;9,547404E-1;;
02/12/2021  12:05:22,182158;9,291211E-1;1,280100E-1;1,306848E-1;9,542677E-1;;
02/12/2021  12:05:22,182258;9,287366E-1;1,280100E-1;1,246821E-1;9,537691E-1;;
02/12/2021  12:05:22,182358;9,275028E-1;1,066652E-1;8,361090E-2;9,532455E-1;;
02/12/2021  12:05:22,182458;9,270408E-1;1,204690E-2;6,275939E-2;9,526978E-1;;
02/12/2021  12:05:22,182558;9,271541E-1;1,343816E-1;1,354238E-1;9,521269E-1;;
02/12/2021  12:05:22,182658;9,278098E-1;1,232313E-1;1,278414E-1;9,515341E-1;;
02/12/2021  12:05:22,182758;9,273895E-1;1,225942E-1;1,278414E-1;9,509204E-1;;
02/12/2021  12:05:22,182858;9,269902E-1;1,149482E-1;1,180475E-1;9,502876E-1;;
02/12/2021  12:05:22,182958;9,263315E-1;1,305587E-1;1,376353E-1;9,496369E-1;;
02/12/2021  12:05:22,183058;9,275237E-1;1,257800E-1;1,275255E-1;9,489701E-1;;
02/12/2021  12:05:22,183158;9,273508E-1;1,289658E-1;1,284732E-1;9,482886E-1;;
02/12/2021  12:05:22,183258;9,277978E-1;1,251428E-1;1,328963E-1;9,475944E-1;;
02/12/2021  12:05:22,183358;9,262332E-1;1,442576E-1;1,509044E-1;9,468894E-1;;
02/12/2021  12:05:22,183458;9,256580E-1;1,311958E-1;1,338441E-1;9,461752E-1;;
02/12/2021  12:05:22,183558;9,260156E-1;1,251428E-1;1,265777E-1;9,454535E-1;;
02/12/2021  12:05:22,183658;9,260037E-1;1,203641E-1;1,208909E-1;9,447260E-1;;
02/12/2021  12:05:22,183758;9,250768E-1;1,248242E-1;1,316326E-1;9,439941E-1;;
02/12/2021  12:05:22,183858;9,236701E-1;1,350188E-1;1,379512E-1;9,432595E-1;;
02/12/2021  12:05:22,183958;9,241142E-1;1,423461E-1;1,313166E-1;9,425235E-1;;
02/12/2021  12:05:22,184058;9,243794E-1;1,034794E-1;1,193112E-1;9,417872E-1;;
02/12/2021  12:05:22,184158;9,254434E-1;1,130368E-1;1,189953E-1;9,410521E-1;;
02/12/2021  12:05:22,184258;9,247728E-1;1,133553E-1;1,025668E-1;9,403196E-1;;
02/12/2021  12:05:22,184358;9,238519E-1;1,308772E-1;1,054102E-1;9,395911E-1;;
02/12/2021  12:05:22,184458;9,235807E-1;7,735580E-2;6,465498E-2;9,388679E-1;;
02/12/2021  12:05:22,184558;9,252169E-1;1,203641E-1;1,208909E-1;9,381512E-1;;
02/12/2021  12:05:22,184658;9,259828E-1;1,417090E-1;1,439539E-1;9,374423E-1;;
02/12/2021  12:05:22,184758;9,272048E-1;1,433019E-1;1,445858E-1;9,367427E-1;;
02/12/2021  12:05:22,184858;9,263464E-1;1,324701E-1;1,284732E-1;9,360540E-1;;
02/12/2021  12:05:22,184958;9,279528E-1;1,044351E-1;9,087734E-2;9,353777E-1;;
02/12/2021  12:05:22,185058;9,296367E-1;1,127182E-1;9,940750E-2;9,347156E-1;;
02/12/2021  12:05:22,185158;9,305099E-1;1,347002E-1;1,347919E-1;9,340693E-1;;
02/12/2021  12:05:22,185258;9,302387E-1;1,225942E-1;1,224705E-1;9,334407E-1;;
02/12/2021  12:05:22,185358;9,296337E-1;1,190898E-1;1,164678E-1;9,328316E-1;;
02/12/2021  12:05:22,185458;9,316484E-1;1,276914E-1;1,272095E-1;9,322434E-1;;
02/12/2021  12:05:22,185558;9,322117E-1;1,292843E-1;1,278414E-1;9,316778E-1;;
02/12/2021  12:05:22,185658;9,335260E-1;1,123996E-1;1,167838E-1;9,311361E-1;;
02/12/2021  12:05:22,185758;9,332667E-1;1,248242E-1;1,291051E-1;9,306200E-1;;
02/12/2021  12:05:22,185858;9,327004E-1;1,372488E-1;1,338441E-1;9,301307E-1;;
02/12/2021  12:05:22,185958;9,336005E-1;1,327887E-1;1,316326E-1;9,296693E-1;;
02/12/2021  12:05:22,186058;9,345363E-1;1,420275E-1;1,521681E-1;9,292368E-1;;
02/12/2021  12:05:22,186158;9,345482E-1;1,499920E-1;1,351078E-1;9,288340E-1;;
02/12/2021  12:05:22,186258;9,343724E-1;1,286472E-1;1,303688E-1;9,284617E-1;;
02/12/2021  12:05:22,186358;9,336660E-1;1,216384E-1;1,426902E-1;9,281203E-1;;
02/12/2021  12:05:22,186458;9,349923E-1;4,772786E-2;1,050943E-1;9,278102E-1;;
02/12/2021  12:05:22,186558;9,358774E-1;1,321516E-1;1,366875E-1;9,275314E-1;;
02/12/2021  12:05:22,186658;9,352993E-1;1,117624E-1;1,215227E-1;9,272840E-1;;
02/12/2021  12:05:22,186758;9,347330E-1;-2,873134E-2;4,822652E-2;9,270681E-1;;
02/12/2021  12:05:22,186858;9,340773E-1;-4,816472E-2;7,471291E-3;9,268834E-1;;
02/12/2021  12:05:22,186958;9,351085E-1;1,474434E-1;1,594346E-1;9,267294E-1;;
02/12/2021  12:05:22,187058;9,357761E-1;1,292843E-1;1,300529E-1;9,266053E-1;;
02/12/2021  12:05:22,187158;9,360443E-1;1,152668E-1;1,654373E-1;9,265107E-1;;
02/12/2021  12:05:22,187258;9,350996E-1;1,117624E-1;1,272095E-1;9,264448E-1;;
02/12/2021  12:05:22,187358;9,346078E-1;1,321516E-1;1,294210E-1;9,264069E-1;;
02/12/2021  12:05:22,187458;9,363930E-1;1,280100E-1;1,291051E-1;9,263960E-1;;
02/12/2021  12:05:22,187558;9,365629E-1;1,222756E-1;1,272095E-1;9,264111E-1;;
02/12/2021  12:05:22,187658;9,366851E-1;1,334259E-1;1,512204E-1;9,264513E-1;;
02/12/2021  12:05:22,187758;9,366374E-1;1,095324E-1;1,193112E-1;9,265158E-1;;
02/12/2021  12:05:22,187858;9,367864E-1;1,225942E-1;1,240502E-1;9,266036E-1;;
02/12/2021  12:05:22,187958;9,387534E-1;1,433019E-1;1,537478E-1;9,267136E-1;;
02/12/2021  12:05:22,188058;9,391200E-1;1,206827E-1;1,272095E-1;9,268451E-1;;
02/12/2021  12:05:22,188158;9,391707E-1;-1,471382E-2;2,705907E-2;9,269974E-1;;
02/12/2021  12:05:22,188258;9,392988E-1;1,401161E-1;1,420583E-1;9,271696E-1;;
02/12/2021  12:05:22,188358;9,385478E-1;1,302401E-1;1,275255E-1;9,273609E-1;;
02/12/2021  12:05:22,188458;9,400141E-1;1,270543E-1;1,186794E-1;9,275705E-1;;
02/12/2021  12:05:22,188558;9,401393E-1;1,366117E-1;1,376353E-1;9,277974E-1;;
02/12/2021  12:05:22,188658;9,406400E-1;1,264171E-1;1,161519E-1;9,280408E-1;;
02/12/2021  12:05:22,188758;9,403360E-1;1,327887E-1;1,338441E-1;9,282997E-1;;
02/12/2021  12:05:22,188858;9,410661E-1;9,933782E-2;1,170997E-1;9,285733E-1;;
02/12/2021  12:05:22,188958;9,424013E-1;1,111253E-1;1,025668E-1;9,288608E-1;;
02/12/2021  12:05:22,189058;9,432239E-1;1,206827E-1;9,656411E-2;9,291613E-1;;
02/12/2021  12:05:22,189158;9,432537E-1;1,296029E-1;1,287892E-1;9,294744E-1;;
02/12/2021  12:05:22,189258;9,425473E-1;1,337445E-1;1,240502E-1;9,297994E-1;;
02/12/2021  12:05:22,189358;9,437633E-1;2,192288E-2;7,666040E-2;9,301357E-1;;
02/12/2021  12:05:22,189458;9,456558E-1;1,088952E-1;9,845971E-2;9,304825E-1;;
02/12/2021  12:05:22,189558;9,465529E-1;1,337445E-1;1,335282E-1;9,308393E-1;;
02/12/2021  12:05:22,189658;9,462250E-1;1,366117E-1;1,328963E-1;9,312060E-1;;
02/12/2021  12:05:22,189758;9,460611E-1;1,264171E-1;1,205749E-1;9,315821E-1;;
02/12/2021  12:05:22,189858;9,466691E-1;7,703722E-2;9,656411E-2;9,319672E-1;;
02/12/2021  12:05:22,189958;9,473426E-1;1,493549E-1;1,433221E-1;9,323608E-1;;
02/12/2021  12:05:22,190058;9,477807E-1;1,464877E-1;1,306848E-1;9,327625E-1;;
02/12/2021  12:05:22,190158;9,469910E-1;1,200455E-1;1,319485E-1;9,331718E-1;;
02/12/2021  12:05:22,190258;9,456886E-1;1,117624E-1;1,199431E-1;9,335880E-1;;
02/12/2021  12:05:22,190358;9,460879E-1;1,069837E-1;1,155200E-1;9,340103E-1;;
02/12/2021  12:05:22,190458;9,463383E-1;1,009307E-1;1,354238E-1;9,344378E-1;;
02/12/2021  12:05:22,190558;9,465827E-1;1,034794E-1;1,057261E-1;9,348693E-1;;
02/12/2021  12:05:22,190658;9,451402E-1;1,012493E-1;1,161519E-1;9,353040E-1;;
02/12/2021  12:05:22,190758;9,442223E-1;1,057094E-1;1,139404E-1;9,357407E-1;;
02/12/2021  12:05:22,190858;9,447259E-1;8,723178E-2;9,308886E-2;9,361782E-1;;
02/12/2021  12:05:22,190958;9,446365E-1;1,143111E-1;1,227865E-1;9,366150E-1;;
02/12/2021  12:05:22,191058;9,447796E-1;8,659462E-2;1,022509E-1;9,370501E-1;;
02/12/2021  12:05:22,191158;9,438408E-1;8,755036E-2;9,909157E-2;9,374821E-1;;
02/12/2021  12:05:22,191258;9,429050E-1;8,117876E-2;1,133085E-1;9,379098E-1;;
02/12/2021  12:05:22,191358;9,436530E-1;1,165411E-1;1,553275E-1;9,383319E-1;;
02/12/2021  12:05:22,191458;9,437871E-1;9,647060E-2;1,076217E-1;9,387473E-1;;
02/12/2021  12:05:22,191558;9,430600E-1;8,595746E-2;9,909157E-2;9,391547E-1;;
02/12/2021  12:05:22,191658;9,412151E-1;9,774492E-2;1,129926E-1;9,395531E-1;;
02/12/2021  12:05:22,191758;9,405565E-1;1,025236E-1;1,133085E-1;9,399412E-1;;
02/12/2021  12:05:22,191858;9,412777E-1;9,105474E-2;1,205749E-1;9,403178E-1;;
02/12/2021  12:05:22,191958;9,409499E-1;9,997498E-2;1,041465E-1;9,406815E-1;;
02/12/2021  12:05:22,192058;9,399068E-1;8,149734E-2;1,117289E-1;9,410313E-1;;
02/12/2021  12:05:22,192158;9,377163E-1;1,162226E-1;1,310007E-1;9,413661E-1;;
02/12/2021  12:05:22,192258;9,367477E-1;1,034794E-1;1,025668E-1;9,416846E-1;;
02/12/2021  12:05:22,192358;9,369056E-1;1,283286E-1;1,297370E-1;9,419854E-1;;
02/12/2021  12:05:22,192458;9,368013E-1;1,474434E-1;1,404787E-1;9,422673E-1;;
02/12/2021  12:05:22,192558;9,358297E-1;1,649653E-1;1,625939E-1;9,425292E-1;;
02/12/2021  12:05:22,192658;9,345393E-1;1,926818E-1;1,685966E-1;9,427699E-1;;
02/12/2021  12:05:22,192758;9,339432E-1;1,668768E-1;1,505885E-1;9,429885E-1;;
02/12/2021  12:05:22,192858;9,344230E-1;1,483991E-1;1,569071E-1;9,431841E-1;;
02/12/2021  12:05:22,192958;9,346555E-1;1,534964E-1;1,411105E-1;9,433558E-1;;
02/12/2021  12:05:22,193058;9,332667E-1;1,713369E-1;1,502726E-1;9,435030E-1;;
02/12/2021  12:05:22,193158;9,316454E-1;1,057094E-1;8,898175E-2;9,436254E-1;;
02/12/2021  12:05:22,193258;9,308824E-1;1,241871E-1;1,338441E-1;9,437224E-1;;
02/12/2021  12:05:22,193358;9,311358E-1;1,417090E-1;1,736515E-1;9,437934E-1;;
02/12/2021  12:05:22,193458;9,302000E-1;1,423461E-1;1,445858E-1;9,438380E-1;;
02/12/2021  12:05:22,193558;9,286889E-1;1,308772E-1;1,268936E-1;9,438558E-1;;
02/12/2021  12:05:22,193658;9,274313E-1;1,127182E-1;1,231024E-1;9,438465E-1;;
02/12/2021  12:05:22,193758;9,266296E-1;1,213198E-1;1,240502E-1;9,438098E-1;;
02/12/2021  12:05:22,193858;9,271034E-1;1,378860E-1;1,208909E-1;9,437453E-1;;
02/12/2021  12:05:22,193958;9,260216E-1;1,337445E-1;1,177316E-1;9,436527E-1;;
02/12/2021  12:05:22,194058;9,253451E-1;1,292843E-1;1,322644E-1;9,435321E-1;;
02/12/2021  12:05:22,194158;9,232350E-1;1,165411E-1;1,249980E-1;9,433834E-1;;
02/12/2021  12:05:22,194258;9,230860E-1;1,337445E-1;1,221546E-1;9,432067E-1;;
02/12/2021  12:05:22,194358;9,239056E-1;1,053908E-1;9,656411E-2;9,430019E-1;;
02/12/2021  12:05:22,194458;9,230890E-1;9,933782E-2;9,119327E-2;9,427693E-1;;
02/12/2021  12:05:22,194558;9,222962E-1;1,251428E-1;1,231024E-1;9,425093E-1;;
02/12/2021  12:05:22,194658;9,205468E-1;1,248242E-1;1,174156E-1;9,422224E-1;;
02/12/2021  12:05:22,194758;9,216554E-1;1,442576E-1;1,534319E-1;9,419091E-1;;
02/12/2021  12:05:22,194858;9,215690E-1;1,401161E-1;1,531159E-1;9,415699E-1;;
02/12/2021  12:05:22,194958;9,214617E-1;1,241871E-1;1,227865E-1;9,412058E-1;;
02/12/2021  12:05:22,195058;9,206511E-1;1,066652E-1;9,719598E-2;9,408178E-1;;
02/12/2021  12:05:22,195158;9,202368E-1;1,404346E-1;1,632258E-1;9,404067E-1;;
02/12/2021  12:05:22,195258;9,205170E-1;1,270543E-1;1,322644E-1;9,399739E-1;;
02/12/2021  12:05:22,195358;9,209431E-1;1,235499E-1;1,221546E-1;9,395204E-1;;
02/12/2021  12:05:22,195458;9,205378E-1;1,229127E-1;1,262617E-1;9,390476E-1;;
02/12/2021  12:05:22,195558;9,195305E-1;1,260985E-1;1,208909E-1;9,385569E-1;;
02/12/2021  12:05:22,195658;9,189106E-1;1,808943E-1;2,188298E-1;9,380497E-1;;
02/12/2021  12:05:22,195758;9,208657E-1;1,178155E-1;1,606983E-1;9,375274E-1;;
02/12/2021  12:05:22,195858;9,208299E-1;1,203641E-1;1,262617E-1;9,369914E-1;;
02/12/2021  12:05:22,195958;9,235718E-1;1,200455E-1;1,249980E-1;9,364436E-1;;
02/12/2021  12:05:22,196058;9,235211E-1;1,184526E-1;1,234183E-1;9,358859E-1;;
02/12/2021  12:05:22,196158;9,225972E-1;6,493118E-2;7,508074E-2;9,353208E-1;;
02/12/2021  12:05:22,196258;9,224035E-1;1,273729E-1;1,227865E-1;9,347502E-1;;
02/12/2021  12:05:22,196358;9,231396E-1;1,245056E-1;1,243661E-1;9,341763E-1;;
02/12/2021  12:05:22,196458;9,232529E-1;1,436204E-1;1,632258E-1;9,336009E-1;;
02/12/2021  12:05:22,196558;9,241619E-1;1,229127E-1;1,142563E-1;9,330260E-1;;
02/12/2021  12:05:22,196658;9,234257E-1;6,907272E-2;9,214107E-2;9,324535E-1;;
02/12/2021  12:05:22,196758;9,232052E-1;1,601866E-1;1,657532E-1;9,318854E-1;;
02/12/2021  12:05:22,196858;9,237953E-1;1,190898E-1;1,268936E-1;9,313232E-1;;
02/12/2021  12:05:22,196958;9,248056E-1;3,848904E-2;7,666040E-2;9,307686E-1;;
02/12/2021  12:05:22,197058;9,247073E-1;1,187712E-1;1,253139E-1;9,302232E-1;;
02/12/2021  12:05:22,197158;9,243228E-1;1,382046E-1;1,411105E-1;9,296886E-1;;
02/12/2021  12:05:22,197258;9,235807E-1;1,235499E-1;9,940750E-2;9,291661E-1;;
02/12/2021  12:05:22,197358;9,242334E-1;1,117624E-1;1,287892E-1;9,286571E-1;;
02/12/2021  12:05:22,197458;9,244927E-1;1,127182E-1;1,565912E-1;9,281625E-1;;
02/12/2021  12:05:22,197558;9,243139E-1;1,394789E-1;1,449017E-1;9,276834E-1;;
02/12/2021  12:05:22,197658;9,242334E-1;1,232313E-1;1,249980E-1;9,272205E-1;;
02/12/2021  12:05:22,197758;9,234883E-1;1,248242E-1;1,234183E-1;9,267748E-1;;
02/12/2021  12:05:22,197858;9,240397E-1;1,363980E-2;2,326789E-2;9,263467E-1;;
02/12/2021  12:05:22,197958;9,242662E-1;1,273729E-1;1,237343E-1;9,259368E-1;;
02/12/2021  12:05:22,198058;9,245374E-1;1,162226E-1;1,101492E-1;9,255454E-1;;
02/12/2021  12:05:22,198158;9,236642E-1;1,276914E-1;1,445858E-1;9,251729E-1;;
02/12/2021  12:05:22,198258;9,234019E-1;9,774492E-2;1,133085E-1;9,248196E-1;;
02/12/2021  12:05:22,198358;9,243943E-1;1,117624E-1;1,180475E-1;9,244855E-1;;
02/12/2021  12:05:22,198458;9,251990E-1;1,464877E-1;1,809180E-1;9,241707E-1;;
02/12/2021  12:05:22,198558;9,247699E-1;1,273729E-1;1,262617E-1;9,238753E-1;;
02/12/2021  12:05:22,198658;9,243705E-1;1,359745E-1;1,452176E-1;9,235994E-1;;
02/12/2021  12:05:22,198758;9,243317E-1;1,178155E-1;1,193112E-1;9,233429E-1;;
02/12/2021  12:05:22,198858;9,255567E-1;1,347002E-1;1,319485E-1;9,231058E-1;;
02/12/2021  12:05:22,198958;9,270408E-1;1,375674E-1;1,388990E-1;9,228878E-1;;
02/12/2021  12:05:22,199058;9,268054E-1;1,280100E-1;1,275255E-1;9,226892E-1;;
02/12/2021  12:05:22,199158;9,263703E-1;1,165411E-1;1,022509E-1;9,225100E-1;;
02/12/2021  12:05:22,199258;9,260395E-1;1,216384E-1;1,167838E-1;9,223501E-1;;
02/12/2021  12:05:22,199358;9,267398E-1;1,808943E-1;1,670170E-1;9,222095E-1;;
02/12/2021  12:05:22,199458;9,272226E-1;1,060280E-1;1,133085E-1;9,220878E-1;;
02/12/2021  12:05:22,199558;9,267041E-1;1,210013E-1;1,224705E-1;9,219847E-1;;
02/12/2021  12:05:22,199658;9,265670E-1;1,245056E-1;1,212068E-1;9,219001E-1;;
02/12/2021  12:05:22,199758;9,271928E-1;1,362931E-1;1,467973E-1;9,218334E-1;;
02/12/2021  12:05:22,199858;9,276786E-1;1,143111E-1;1,351078E-1;9,217843E-1;;
02/12/2021  12:05:22,199958;9,277680E-1;1,378860E-1;1,388990E-1;9,217523E-1;;
02/12/2021  12:05:22,200058;9,277174E-1;1,283286E-1;1,360556E-1;9,217370E-1;;
02/12/2021  12:05:22,200158;9,272316E-1;1,127182E-1;1,224705E-1;9,217379E-1;;
02/12/2021  12:05:22,200258;9,280005E-1;1,190898E-1;9,719598E-2;9,217545E-1;;
02/12/2021  12:05:22,200358;9,291360E-1;1,264171E-1;1,142563E-1;9,217862E-1;;
02/12/2021  12:05:22,200458;9,291896E-1;1,245056E-1;1,272095E-1;9,218325E-1;;
02/12/2021  12:05:22,200558;9,289900E-1;1,347002E-1;1,395309E-1;9,218931E-1;;
02/12/2021  12:05:22,200658;9,287217E-1;1,238685E-1;1,300529E-1;9,219675E-1;;
02/12/2021  12:05:22,200758;9,298930E-1;1,369303E-1;1,316326E-1;9,220552E-1;;
02/12/2021  12:05:22,200858;9,307960E-1;1,968233E-1;2,068244E-1;9,221557E-1;;
02/12/2021  12:05:22,200958;9,311864E-1;1,229127E-1;1,287892E-1;9,222686E-1;;
02/12/2021  12:05:22,201058;9,313772E-1;1,337445E-1;1,193112E-1;9,223936E-1;;
02/12/2021  12:05:22,201158;9,307036E-1;1,155854E-1;9,056141E-2;9,225305E-1;;
02/12/2021  12:05:22,201258;9,316663E-1;1,299215E-1;1,275255E-1;9,226789E-1;;
02/12/2021  12:05:22,201358;9,319136E-1;1,327887E-1;1,237343E-1;9,228383E-1;;
02/12/2021  12:05:22,201458;9,331207E-1;1,267357E-1;1,347919E-1;9,230083E-1;;
02/12/2021  12:05:22,201558;9,320209E-1;1,203641E-1;1,174156E-1;9,231887E-1;;
02/12/2021  12:05:22,201658;9,319405E-1;1,369303E-1;1,354238E-1;9,233790E-1;;
02/12/2021  12:05:22,201758;9,329567E-1;1,308772E-1;1,259458E-1;9,235787E-1;;
02/12/2021  12:05:22,201858;9,335021E-1;1,245056E-1;1,050943E-1;9,237874E-1;;
02/12/2021  12:05:22,201958;9,340505E-1;1,302401E-1;1,129926E-1;9,240047E-1;;
02/12/2021  12:05:22,202058;9,340445E-1;1,324701E-1;1,268936E-1;9,242302E-1;;
02/12/2021  12:05:22,202158;9,337376E-1;1,426647E-1;1,341600E-1;9,244636E-1;;
02/12/2021  12:05:22,202258;9,342740E-1;1,050723E-1;1,120448E-1;9,247045E-1;;
02/12/2021  12:05:22,202358;9,346853E-1;1,152668E-1;1,095173E-1;9,249523E-1;;
02/12/2021  12:05:22,202458;9,351026E-1;1,165411E-1;1,221546E-1;9,252067E-1;;
02/12/2021  12:05:22,202558;9,348820E-1;1,127182E-1;1,196272E-1;9,254674E-1;;
02/12/2021  12:05:22,202658;9,342830E-1;9,455912E-2;9,751191E-2;9,257337E-1;;
02/12/2021  12:05:22,202758;9,352903E-1;4,772786E-2;9,782784E-2;9,260053E-1;;
02/12/2021  12:05:22,202858;9,363275E-1;1,499920E-1;1,818658E-1;9,262816E-1;;
02/12/2021  12:05:22,202958;9,364139E-1;9,933782E-2;1,006712E-1;9,265623E-1;;
02/12/2021  12:05:22,203058;9,356718E-1;7,257710E-2;9,972343E-2;9,268469E-1;;
02/12/2021  12:05:22,203158;9,356867E-1;9,806350E-2;1,104651E-1;9,271352E-1;;
02/12/2021  12:05:22,203258;9,363275E-1;1,098510E-1;1,202590E-1;9,274265E-1;;
02/12/2021  12:05:22,203358;9,375524E-1;1,053908E-1;1,237343E-1;9,277205E-1;;
02/12/2021  12:05:22,203458;9,375047E-1;1,114439E-1;1,215227E-1;9,280168E-1;;
02/12/2021  12:05:22,203558;9,372990E-1;1,079395E-1;1,180475E-1;9,283152E-1;;
02/12/2021  12:05:22,203658;9,379040E-1;9,137332E-2;1,101492E-1;9,286153E-1;;
02/12/2021  12:05:22,203758;9,390932E-1;9,615202E-2;1,041465E-1;9,289170E-1;;
02/12/2021  12:05:22,203858;9,398502E-1;8,659462E-2;1,079377E-1;9,292200E-1;;
02/12/2021  12:05:22,203958;9,402197E-1;1,037979E-1;1,373193E-1;9,295243E-1;;
02/12/2021  12:05:22,204058;9,402138E-1;1,057094E-1;1,180475E-1;9,298301E-1;;
02/12/2021  12:05:22,204158;9,400677E-1;1,280100E-1;1,480610E-1;9,301373E-1;;
02/12/2021  12:05:22,204258;9,418470E-1;1,101695E-1;1,619620E-1;9,304458E-1;;
02/12/2021  12:05:22,204358;9,426248E-1;1,123996E-1;1,303688E-1;9,307558E-1;;
02/12/2021  12:05:22,204458;9,430868E-1;2,688224E-1;2,399972E-1;9,310675E-1;;
02/12/2021  12:05:22,204558;9,428036E-1;1,528593E-1;1,540637E-1;9,313810E-1;;
02/12/2021  12:05:22,204658;9,440941E-1;1,085766E-1;1,120448E-1;9,316966E-1;;
02/12/2021  12:05:22,204758;9,449346E-1;1,506292E-1;1,430061E-1;9,320146E-1;;
02/12/2021  12:05:22,204858;9,456349E-1;1,608238E-1;1,313166E-1;9,323352E-1;;
02/12/2021  12:05:22,204958;9,457750E-1;1,662396E-1;1,177316E-1;9,326588E-1;;
02/12/2021  12:05:22,205058;9,455247E-1;1,483991E-1;1,569071E-1;9,329856E-1;;
02/12/2021  12:05:22,205158;9,465290E-1;1,843987E-1;1,651214E-1;9,333159E-1;;
02/12/2021  12:05:22,205258;9,470029E-1;1,592309E-1;1,559593E-1;9,336499E-1;;
02/12/2021  12:05:22,205358;9,476854E-1;1,442576E-1;1,471132E-1;9,339876E-1;;
02/12/2021  12:05:22,205458;9,477450E-1;1,015679E-1;1,022509E-1;9,343294E-1;;
02/12/2021  12:05:22,205558;9,479745E-1;4,103768E-2;8,740209E-2;9,346753E-1;;
02/12/2021  12:05:22,205658;9,483708E-1;1,260985E-1;1,234183E-1;9,350254E-1;;
02/12/2021  12:05:22,205758;9,490951E-1;8,659462E-2;9,719598E-2;9,353798E-1;;
02/12/2021  12:05:22,205858;9,493901E-1;1,382046E-1;1,370034E-1;9,357384E-1;;
02/12/2021  12:05:22,205958;9,494169E-1;1,471248E-1;1,423743E-1;9,361013E-1;;
02/12/2021  12:05:22,206058;9,493037E-1;1,270543E-1;1,164678E-1;9,364684E-1;;
02/12/2021  12:05:22,206158;9,498491E-1;1,668768E-1;1,922915E-1;9,368395E-1;;
02/12/2021  12:05:22,206258;9,508743E-1;1,353374E-1;1,294210E-1;9,372145E-1;;
02/12/2021  12:05:22,206358;9,513333E-1;1,385232E-1;1,291051E-1;9,375932E-1;;
02/12/2021  12:05:22,206458;9,510919E-1;1,194084E-1;1,275255E-1;9,379756E-1;;
02/12/2021  12:05:22,206558;9,508803E-1;1,203641E-1;1,328963E-1;9,383614E-1;;
02/12/2021  12:05:22,206658;9,514137E-1;5,250656E-2;9,656411E-2;9,387505E-1;;
02/12/2021  12:05:22,206758;9,526148E-1;1,464877E-1;1,262617E-1;9,391425E-1;;
02/12/2021  12:05:22,206858;9,526297E-1;1,289658E-1;1,265777E-1;9,395372E-1;;
02/12/2021  12:05:22,206958;9,522423E-1;1,362931E-1;1,603824E-1;9,399344E-1;;
02/12/2021  12:05:22,207058;9,514853E-1;1,251428E-1;1,231024E-1;9,403338E-1;;
02/12/2021  12:05:22,207158;9,521678E-1;1,286472E-1;1,300529E-1;9,407349E-1;;
02/12/2021  12:05:22,207258;9,531989E-1;1,716555E-1;1,711241E-1;9,411373E-1;;
02/12/2021  12:05:22,207358;9,530738E-1;1,318330E-1;1,268936E-1;9,415406E-1;;
02/12/2021  12:05:22,207458;9,529933E-1;1,429833E-1;1,521681E-1;9,419443E-1;;
02/12/2021  12:05:22,207558;9,529754E-1;1,366117E-1;1,417424E-1;9,423480E-1;;
02/12/2021  12:05:22,207658;9,539142E-1;1,203641E-1;1,373193E-1;9,427513E-1;;
02/12/2021  12:05:22,207758;9,543911E-1;1,299215E-1;1,335282E-1;9,431539E-1;;
02/12/2021  12:05:22,207858;9,549603E-1;1,130368E-1;1,196272E-1;9,435554E-1;;
02/12/2021  12:05:22,207958;9,548023E-1;1,203641E-1;1,221546E-1;9,439555E-1;;
02/12/2021  12:05:22,208058;9,549692E-1;6,716124E-2;1,152041E-1;9,443541E-1;;
02/12/2021  12:05:22,208158;9,558127E-1;1,423461E-1;1,480610E-1;9,447510E-1;;
02/12/2021  12:05:22,208258;9,564594E-1;1,270543E-1;1,278414E-1;9,451458E-1;;
02/12/2021  12:05:22,208358;9,563402E-1;1,289658E-1;1,328963E-1;9,455386E-1;;
02/12/2021  12:05:22,208458;9,562925E-1;1,455319E-1;1,363715E-1;9,459291E-1;;
02/12/2021  12:05:22,208558;9,566352E-1;1,200455E-1;1,129926E-1;9,463173E-1;;
02/12/2021  12:05:22,208658;9,582416E-1;1,184526E-1;1,249980E-1;9,467030E-1;;
02/12/2021  12:05:22,208758;9,585158E-1;1,187712E-1;1,174156E-1;9,470862E-1;;
02/12/2021  12:05:22,208858;9,585933E-1;1,315144E-1;1,379512E-1;9,474669E-1;;
02/12/2021  12:05:22,208958;9,579555E-1;1,276914E-1;1,395309E-1;9,478453E-1;;
02/12/2021  12:05:22,209058;9,580598E-1;9,647060E-2;9,372073E-2;9,482212E-1;;
02/12/2021  12:05:22,209158;9,583042E-1;1,308772E-1;1,199431E-1;9,485946E-1;;
02/12/2021  12:05:22,209258;9,591685E-1;1,117624E-1;1,259458E-1;9,489653E-1;;
02/12/2021  12:05:22,209358;9,593473E-1;1,308772E-1;1,392149E-1;9,493331E-1;;
02/12/2021  12:05:22,209458;9,589420E-1;1,461691E-1;1,486929E-1;9,496979E-1;;
02/12/2021  12:05:22,209558;9,583191E-1;1,187712E-1;1,215227E-1;9,500598E-1;;
02/12/2021  12:05:22,209658;9,594874E-1;7,958586E-2;1,019350E-1;9,504183E-1;;
02/12/2021  12:05:22,209758;9,590820E-1;1,350188E-1;1,354238E-1;9,507733E-1;;
02/12/2021  12:05:22,209858;9,583549E-1;1,439390E-1;1,322644E-1;9,511245E-1;;
02/12/2021  12:05:22,209958;9,578333E-1;1,174969E-1;1,366875E-1;9,514715E-1;;
02/12/2021  12:05:22,210058;9,581284E-1;1,155854E-1;1,234183E-1;9,518140E-1;;
02/12/2021  12:05:22,210158;9,587095E-1;1,331073E-1;1,246821E-1;9,521514E-1;;
02/12/2021  12:05:22,210258;9,589152E-1;1,311958E-1;1,297370E-1;9,524832E-1;;
02/12/2021  12:05:22,210358;9,587393E-1;1,248242E-1;1,196272E-1;9,528093E-1;;
02/12/2021  12:05:22,210458;9,582029E-1;1,299215E-1;1,344760E-1;9,531292E-1;;
02/12/2021  12:05:22,210558;9,582386E-1;1,079395E-1;1,092014E-1;9,534426E-1;;
02/12/2021  12:05:22,210658;9,588704E-1;1,114439E-1;9,308886E-2;9,537492E-1;;
02/12/2021  12:05:22,210758;9,592907E-1;1,213198E-1;1,439539E-1;9,540486E-1;;
02/12/2021  12:05:22,210858;9,584174E-1;1,213198E-1;1,253139E-1;9,543406E-1;;
02/12/2021  12:05:22,210958;9,575859E-1;1,190898E-1;1,164678E-1;9,546250E-1;;
02/12/2021  12:05:22,211058;9,577946E-1;1,372488E-1;1,436380E-1;9,549015E-1;;
02/12/2021  12:05:22,211158;9,588853E-1;1,302401E-1;1,164678E-1;9,551696E-1;;
02/12/2021  12:05:22,211258;9,584651E-1;1,331073E-1;1,300529E-1;9,554291E-1;;
02/12/2021  12:05:22,211358;9,583370E-1;1,139925E-1;1,246821E-1;9,556798E-1;;
02/12/2021  12:05:22,211458;9,584025E-1;1,204690E-2;8,045158E-2;9,559216E-1;;
02/12/2021  12:05:22,211558;9,584651E-1;7,671864E-2;1,009872E-1;9,561544E-1;;
02/12/2021  12:05:22,211658;9,588943E-1;1,503106E-1;1,790224E-1;9,563780E-1;;
02/12/2021  12:05:22,211758;9,586469E-1;1,248242E-1;1,218387E-1;9,565925E-1;;
02/12/2021  12:05:22,211858;9,586052E-1;1,210013E-1;1,319485E-1;9,567979E-1;;
02/12/2021  12:05:22,211958;9,577469E-1;1,388417E-1;1,392149E-1;9,569941E-1;;
02/12/2021  12:05:22,212058;9,588257E-1;9,264764E-2;1,591187E-1;9,571810E-1;;
02/12/2021  12:05:22,212158;9,593950E-1;1,031608E-1;1,284732E-1;9,573588E-1;;
02/12/2021  12:05:22,212258;9,590344E-1;1,162226E-1;1,177316E-1;9,575276E-1;;
02/12/2021  12:05:22,212358;9,586320E-1;1,210013E-1;1,325804E-1;9,576875E-1;;
02/12/2021  12:05:22,212458;9,583727E-1;1,308772E-1;1,196272E-1;9,578388E-1;;
02/12/2021  12:05:22,212558;9,590344E-1;1,232313E-1;1,139404E-1;9,579814E-1;;
02/12/2021  12:05:22,212658;9,590910E-1;1,369303E-1;1,325804E-1;9,581157E-1;;
02/12/2021  12:05:22,212758;9,586350E-1;1,206827E-1;1,306848E-1;9,582417E-1;;
02/12/2021  12:05:22,212858;9,576604E-1;1,299215E-1;1,262617E-1;9,583596E-1;;
02/12/2021  12:05:22,212958;9,572253E-1;1,139925E-1;1,202590E-1;9,584696E-1;;
02/12/2021  12:05:22,213058;9,573863E-1;1,257800E-1;1,376353E-1;9,585714E-1;;
02/12/2021  12:05:22,213158;9,573505E-1;1,296029E-1;1,284732E-1;9,586651E-1;;
02/12/2021  12:05:22,213258;9,574280E-1;1,359745E-1;1,338441E-1;9,587506E-1;;
02/12/2021  12:05:22,213358;9,562746E-1;1,388417E-1;1,278414E-1;9,588280E-1;;
02/12/2021  12:05:22,213458;9,560451E-1;1,264171E-1;1,480610E-1;9,588971E-1;;
02/12/2021  12:05:22,213558;9,571717E-1;1,267357E-1;1,202590E-1;9,589578E-1;;
02/12/2021  12:05:22,213658;9,565697E-1;1,280100E-1;1,284732E-1;9,590101E-1;;
02/12/2021  12:05:22,213758;9,562299E-1;1,133553E-1;1,310007E-1;9,590542E-1;;
02/12/2021  12:05:22,213858;9,552226E-1;1,369303E-1;1,704922E-1;9,590899E-1;;
02/12/2021  12:05:22,213958;9,547785E-1;1,270543E-1;1,253139E-1;9,591173E-1;;
02/12/2021  12:05:22,214058;9,550348E-1;1,576380E-1;1,411105E-1;9,591363E-1;;
02/12/2021  12:05:22,214158;9,549722E-1;1,200455E-1;1,259458E-1;9,591466E-1;;
02/12/2021  12:05:22,214258;9,541646E-1;1,296029E-1;1,335282E-1;9,591483E-1;;
02/12/2021  12:05:22,214358;9,532198E-1;1,162226E-1;1,145722E-1;9,591412E-1;;
02/12/2021  12:05:22,214458;9,531811E-1;1,146297E-1;1,193112E-1;9,591252E-1;;
02/12/2021  12:05:22,214558;9,533718E-1;8,723178E-2;9,214107E-2;9,591002E-1;;
02/12/2021  12:05:22,214658;9,526893E-1;1,318330E-1;1,272095E-1;9,590659E-1;;
02/12/2021  12:05:22,214758;9,517177E-1;1,254614E-1;1,073058E-1;9,590224E-1;;
02/12/2021  12:05:22,214858;9,501233E-1;1,149482E-1;9,751191E-2;9,589693E-1;;
02/12/2021  12:05:22,214958;9,500428E-1;1,178155E-1;9,340479E-2;9,589064E-1;;
02/12/2021  12:05:22,215058;9,500488E-1;1,108067E-1;8,582243E-2;9,588332E-1;;
02/12/2021  12:05:22,215158;9,490861E-1;1,187712E-1;1,278414E-1;9,587495E-1;;
02/12/2021  12:05:22,215258;9,482993E-1;1,060280E-1;1,142563E-1;9,586549E-1;;
02/12/2021  12:05:22,215358;9,471847E-1;1,123996E-1;1,234183E-1;9,585491E-1;;
02/12/2021  12:05:22,215458;9,470118E-1;1,178155E-1;1,054102E-1;9,584317E-1;;
02/12/2021  12:05:22,215558;9,469612E-1;8,850610E-2;9,182514E-2;9,583022E-1;;
02/12/2021  12:05:22,215658;9,456528E-1;9,615202E-2;1,003553E-1;9,581605E-1;;
02/12/2021  12:05:22,215758;9,442402E-1;9,710776E-2;1,088855E-1;9,580061E-1;;
02/12/2021  12:05:22,215858;9,428066E-1;1,098510E-1;1,167838E-1;9,578386E-1;;
02/12/2021  12:05:22,215958;9,428960E-1;9,933782E-2;1,126766E-1;9,576576E-1;;
02/12/2021  12:05:22,216058;9,428126E-1;1,757970E-1;1,957668E-1;9,574624E-1;;
02/12/2021  12:05:22,216158;9,418440E-1;9,455912E-2;9,593225E-2;9,572529E-1;;
02/12/2021  12:05:22,216258;9,409857E-1;8,723178E-2;1,000394E-1;9,570287E-1;;
02/12/2021  12:05:22,216358;9,396892E-1;9,901924E-2;1,120448E-1;9,567894E-1;;
02/12/2021  12:05:22,216458;9,394419E-1;1,031608E-1;1,044624E-1;9,565350E-1;;
02/12/2021  12:05:22,216558;9,396654E-1;8,627604E-2;1,117289E-1;9,562650E-1;;
02/12/2021  12:05:22,216658;9,393584E-1;8,850610E-2;1,120448E-1;9,559793E-1;;
02/12/2021  12:05:22,216758;9,380829E-1;1,085766E-1;1,262617E-1;9,556782E-1;;
02/12/2021  12:05:22,216858;9,368967E-1;5,218798E-2;7,034176E-2;9,553615E-1;;
02/12/2021  12:05:22,216958;9,369503E-1;3,689614E-2;6,623464E-2;9,550293E-1;;
02/12/2021  12:05:22,217058;9,371232E-1;7,958586E-2;9,814378E-2;9,546816E-1;;
02/12/2021  12:05:22,217158;9,366374E-1;1,063466E-1;1,224705E-1;9,543188E-1;;
02/12/2021  12:05:22,217258;9,355436E-1;1,085766E-1;1,180475E-1;9,539412E-1;;
02/12/2021  12:05:22,217358;9,350817E-1;3,207509E-1;2,482115E-1;9,535490E-1;;
02/12/2021  12:05:22,217458;9,354691E-1;1,331073E-1;1,461654E-1;9,531427E-1;;
02/12/2021  12:05:22,217558;9,352605E-1;1,280100E-1;1,344760E-1;9,527228E-1;;
02/12/2021  12:05:22,217658;9,343962E-1;1,614609E-1;1,907119E-1;9,522898E-1;;
02/12/2021  12:05:22,217758;9,329120E-1;1,353374E-1;1,186794E-1;9,518443E-1;;
02/12/2021  12:05:22,217858;9,321729E-1;1,461691E-1;1,246821E-1;9,513869E-1;;
02/12/2021  12:05:22,217958;9,323339E-1;1,646467E-1;1,404787E-1;9,509179E-1;;
02/12/2021  12:05:22,218058;9,317318E-1;1,780271E-1;1,619620E-1;9,504377E-1;;
02/12/2021  12:05:22,218158;9,309242E-1;1,796200E-1;1,660692E-1;9,499470E-1;;
02/12/2021  12:05:22,218258;9,294042E-1;1,894960E-1;1,657532E-1;9,494461E-1;;
02/12/2021  12:05:22,218358;9,288022E-1;1,292843E-1;1,335282E-1;9,489354E-1;;
02/12/2021  12:05:22,218458;9,290496E-1;1,417090E-1;1,471132E-1;9,484152E-1;;
02/12/2021  12:05:22,218558;9,287903E-1;1,203641E-1;1,303688E-1;9,478860E-1;;
02/12/2021  12:05:22,218658;9,282687E-1;1,210013E-1;1,234183E-1;9,473481E-1;;
02/12/2021  12:05:22,218758;9,267130E-1;1,321516E-1;1,357397E-1;9,468022E-1;;
02/12/2021  12:05:22,218858;9,263792E-1;6,461260E-2;9,214107E-2;9,462486E-1;;
02/12/2021  12:05:22,218958;9,265193E-1;1,531778E-1;1,354238E-1;9,456878E-1;;
02/12/2021  12:05:22,219058;9,264925E-1;1,248242E-1;1,310007E-1;9,451203E-1;;
02/12/2021  12:05:22,219158;9,257832E-1;1,178155E-1;1,227865E-1;9,445465E-1;;
02/12/2021  12:05:22,219258;9,246119E-1;1,222756E-1;1,300529E-1;9,439672E-1;;
02/12/2021  12:05:22,219358;9,246238E-1;1,133553E-1;1,212068E-1;9,433828E-1;;
02/12/2021  12:05:22,219458;9,252974E-1;1,174969E-1;1,041465E-1;9,427939E-1;;
02/12/2021  12:05:22,219558;9,253778E-1;1,292843E-1;1,073058E-1;9,422012E-1;;
02/12/2021  12:05:22,219658;9,246298E-1;1,184526E-1;1,152041E-1;9,416055E-1;;
02/12/2021  12:05:22,219758;9,239831E-1;1,165411E-1;1,221546E-1;9,410075E-1;;
02/12/2021  12:05:22,219858;9,240933E-1;1,232313E-1;1,167838E-1;9,404081E-1;;
02/12/2021  12:05:22,219958;9,248473E-1;1,178155E-1;1,104651E-1;9,398080E-1;;
02/12/2021  12:05:22,220058;9,245404E-1;1,009307E-1;9,530039E-2;9,392081E-1;;
02/12/2021  12:05:22,220158;9,242930E-1;1,270543E-1;1,347919E-1;9,386093E-1;;
02/12/2021  12:05:22,220258;9,234526E-1;1,410718E-1;1,363715E-1;9,380126E-1;;
02/12/2021  12:05:22,220358;9,233572E-1;1,359745E-1;1,246821E-1;9,374188E-1;;
02/12/2021  12:05:22,220458;9,239294E-1;1,334259E-1;2,200935E-1;9,368286E-1;;
02/12/2021  12:05:22,220558;9,233512E-1;1,257800E-1;1,186794E-1;9,362429E-1;;
02/12/2021  12:05:22,220658;9,218402E-1;1,404346E-1;1,471132E-1;9,356624E-1;;
02/12/2021  12:05:22,220758;9,208746E-1;1,194084E-1;1,243661E-1;9,350876E-1;;
02/12/2021  12:05:22,220858;9,202607E-1;1,254614E-1;1,284732E-1;9,345189E-1;;
02/12/2021  12:05:22,220958;9,207315E-1;1,308772E-1;1,423743E-1;9,339565E-1;;
02/12/2021  12:05:22,221058;9,206421E-1;1,401161E-1;1,316326E-1;9,334007E-1;;
02/12/2021  12:05:22,221158;9,194232E-1;1,439390E-1;1,496407E-1;9,328518E-1;;
02/12/2021  12:05:22,221258;9,181864E-1;1,260985E-1;1,310007E-1;9,323098E-1;;
02/12/2021  12:05:22,221358;9,182102E-1;1,225942E-1;1,249980E-1;9,317749E-1;;
02/12/2021  12:05:22,221458;9,184635E-1;1,286472E-1;1,366875E-1;9,312469E-1;;
02/12/2021  12:05:22,221558;9,181476E-1;1,321516E-1;1,322644E-1;9,307260E-1;;
02/12/2021  12:05:22,221658;9,169376E-1;1,241871E-1;1,101492E-1;9,302120E-1;;
02/12/2021  12:05:22,221758;9,166336E-1;1,592309E-1;1,208909E-1;9,297051E-1;;
02/12/2021  12:05:22,221858;9,177304E-1;1,159040E-1;1,249980E-1;9,292051E-1;;
02/12/2021  12:05:22,221958;9,183175E-1;1,267357E-1;1,177316E-1;9,287121E-1;;
02/12/2021  12:05:22,222058;9,182043E-1;1,292843E-1;1,306848E-1;9,282264E-1;;
02/12/2021  12:05:22,222158;9,176320E-1;1,155854E-1;1,199431E-1;9,277482E-1;;
02/12/2021  12:05:22,222258;9,179301E-1;1,165411E-1;1,139404E-1;9,272779E-1;;
02/12/2021  12:05:22,222358;9,188540E-1;1,267357E-1;1,395309E-1;9,268158E-1;;
02/12/2021  12:05:22,222458;9,194709E-1;1,391603E-1;1,325804E-1;9,263623E-1;;
02/12/2021  12:05:22,222558;9,191699E-1;1,181340E-1;1,316326E-1;9,259182E-1;;
02/12/2021  12:05:22,222658;9,182937E-1;1,675139E-1;2,333627E-1;9,254838E-1;;
02/12/2021  12:05:22,222758;9,185887E-1;1,359745E-1;1,366875E-1;9,250597E-1;;
02/12/2021  12:05:22,222858;9,193785E-1;1,181340E-1;1,322644E-1;9,246463E-1;;
02/12/2021  12:05:22,222958;9,203799E-1;1,216384E-1;1,278414E-1;9,242440E-1;;
02/12/2021  12:05:22,223058;9,206153E-1;1,315144E-1;1,354238E-1;9,238534E-1;;
02/12/2021  12:05:22,223158;9,206868E-1;1,483991E-1;1,455336E-1;9,234751E-1;;
02/12/2021  12:05:22,223258;9,214409E-1;1,238685E-1;1,287892E-1;9,231099E-1;;
02/12/2021  12:05:22,223358;9,232708E-1;1,257800E-1;1,316326E-1;9,227584E-1;;
02/12/2021  12:05:22,223458;9,244063E-1;1,267357E-1;1,300529E-1;9,224216E-1;;
02/12/2021  12:05:22,223558;9,248652E-1;1,206827E-1;1,152041E-1;9,221003E-1;;
02/12/2021  12:05:22,223658;9,243437E-1;1,117624E-1;1,063580E-1;9,217957E-1;;
02/12/2021  12:05:22,223758;9,256759E-1;8,054160E-2;8,392683E-2;9,215087E-1;;
02/12/2021  12:05:22,223858;9,273776E-1;1,267357E-1;1,161519E-1;9,212402E-1;;
02/12/2021  12:05:22,223958;9,292582E-1;1,139925E-1;1,224705E-1;9,209912E-1;;
02/12/2021  12:05:22,224058;9,293476E-1;1,315144E-1;1,275255E-1;9,207630E-1;;
02/12/2021  12:05:22,224158;9,296039E-1;1,299215E-1;1,322644E-1;9,205565E-1;;
02/12/2021  12:05:22,224258;9,308139E-1;1,229127E-1;1,035146E-1;9,203730E-1;;
02/12/2021  12:05:22,224358;9,315262E-1;1,251428E-1;1,224705E-1;9,202134E-1;;
02/12/2021  12:05:22,224458;9,322057E-1;1,073023E-1;1,328963E-1;9,200784E-1;;
02/12/2021  12:05:22,224558;9,328584E-1;1,455319E-1;1,430061E-1;9,199690E-1;;
02/12/2021  12:05:22,224658;9,321968E-1;1,216384E-1;1,272095E-1;9,198859E-1;;
02/12/2021  12:05:22,224758;9,329061E-1;1,187712E-1;1,262617E-1;9,198294E-1;;
02/12/2021  12:05:22,224858;9,343217E-1;1,235499E-1;1,505885E-1;9,197998E-1;;
02/12/2021  12:05:22,224958;9,352993E-1;1,025236E-1;1,057261E-1;9,197975E-1;;
02/12/2021  12:05:22,225058;9,351204E-1;1,461691E-1;1,464814E-1;9,198227E-1;;
02/12/2021  12:05:22,225158;9,354006E-1;1,347002E-1;1,325804E-1;9,198755E-1;;
02/12/2021  12:05:22,225258;9,365569E-1;1,190898E-1;1,129926E-1;9,199559E-1;;
02/12/2021  12:05:22,225358;9,377878E-1;1,280100E-1;1,452176E-1;9,200638E-1;;
02/12/2021  12:05:22,225458;9,385478E-1;1,347002E-1;1,325804E-1;9,201992E-1;;
02/12/2021  12:05:22,225558;9,387564E-1;1,283286E-1;1,344760E-1;9,203619E-1;;
02/12/2021  12:05:22,225658;9,385478E-1;6,078964E-2;1,619620E-1;9,205519E-1;;
02/12/2021  12:05:22,225758;9,392780E-1;9,105474E-2;9,814378E-2;9,207686E-1;;
02/12/2021  12:05:22,225858;9,409380E-1;1,477620E-1;1,467973E-1;9,210118E-1;;
02/12/2021  12:05:22,225958;9,411645E-1;1,394789E-1;1,319485E-1;9,212808E-1;;
02/12/2021  12:05:22,226058;9,410661E-1;1,022050E-1;1,275255E-1;9,215753E-1;;
02/12/2021  12:05:22,226158;9,406161E-1;1,601866E-1;1,104651E-1;9,218947E-1;;
02/12/2021  12:05:22,226258;9,418201E-1;1,331073E-1;1,546956E-1;9,222380E-1;;
02/12/2021  12:05:22,226358;9,421629E-1;1,327887E-1;1,278414E-1;9,226045E-1;;
02/12/2021  12:05:22,226458;9,425384E-1;1,493549E-1;1,992420E-1;9,229932E-1;;
02/12/2021  12:05:22,226558;9,417635E-1;1,353374E-1;1,287892E-1;9,234031E-1;;
02/12/2021  12:05:22,226658;9,413195E-1;1,452133E-1;1,338441E-1;9,238331E-1;;
02/12/2021  12:05:22,226758;9,421539E-1;1,394789E-1;1,420583E-1;9,242818E-1;;
02/12/2021  12:05:22,226858;9,423745E-1;1,334259E-1;1,306848E-1;9,247479E-1;;
02/12/2021  12:05:22,226958;9,424460E-1;1,327887E-1;1,452176E-1;9,252300E-1;;
02/12/2021  12:05:22,227058;9,415072E-1;8,786894E-2;9,087734E-2;9,257265E-1;;
02/12/2021  12:05:22,227158;9,413493E-1;1,407532E-1;1,445858E-1;9,262360E-1;;
02/12/2021  12:05:22,227258;9,424490E-1;1,401161E-1;1,354238E-1;9,267568E-1;;
02/12/2021  12:05:22,227358;9,437395E-1;1,394789E-1;1,300529E-1;9,272874E-1;;
02/12/2021  12:05:22,227458;9,436948E-1;1,308772E-1;1,357397E-1;9,278263E-1;;
02/12/2021  12:05:22,227558;9,428245E-1;1,369303E-1;1,505885E-1;9,283724E-1;;
02/12/2021  12:05:22,227658;9,430719E-1;1,483991E-1;1,600664E-1;9,289241E-1;;
02/12/2021  12:05:22,227758;9,442551E-1;8,818752E-2;9,182514E-2;9,294803E-1;;
02/12/2021  12:05:22,227858;9,452833E-1;1,273729E-1;1,249980E-1;9,300395E-1;;
02/12/2021  12:05:22,227958;9,457392E-1;1,321516E-1;1,148882E-1;9,306008E-1;;
02/12/2021  12:05:22,228058;9,454353E-1;1,570008E-1;1,493248E-1;9,311633E-1;;
02/12/2021  12:05:22,228158;9,455336E-1;1,331073E-1;1,325804E-1;9,317261E-1;;
02/12/2021  12:05:22,228258;9,468271E-1;1,165411E-1;9,719598E-2;9,322883E-1;;
02/12/2021  12:05:22,228358;9,473903E-1;1,245056E-1;1,638576E-1;9,328491E-1;;
02/12/2021  12:05:22,228458;9,468509E-1;1,174969E-1;1,237343E-1;9,334078E-1;;
02/12/2021  12:05:22,228558;9,455872E-1;1,143111E-1;1,186794E-1;9,339638E-1;;
02/12/2021  12:05:22,228658;9,461118E-1;4,358632E-2;5,960007E-2;9,345162E-1;;
02/12/2021  12:05:22,228758;9,466840E-1;9,455912E-2;8,898175E-2;9,350641E-1;;
02/12/2021  12:05:22,228858;9,471638E-1;1,047537E-1;1,262617E-1;9,356066E-1;;
02/12/2021  12:05:22,228958;9,463323E-1;1,331073E-1;1,376353E-1;9,361431E-1;;
02/12/2021  12:05:22,229058;9,457869E-1;1,053908E-1;1,208909E-1;9,366728E-1;;
02/12/2021  12:05:22,229158;9,459032E-1;9,933782E-2;1,092014E-1;9,371947E-1;;
02/12/2021  12:05:22,229258;9,463651E-1;1,053908E-1;1,234183E-1;9,377082E-1;;
02/12/2021  12:05:22,229358;9,467376E-1;1,229127E-1;1,218387E-1;9,382124E-1;;
02/12/2021  12:05:22,229458;9,455396E-1;1,308772E-1;1,509044E-1;9,387065E-1;;
02/12/2021  12:05:22,229558;9,451074E-1;1,041165E-1;1,133085E-1;9,391900E-1;;
02/12/2021  12:05:22,229658;9,456498E-1;1,050723E-1;1,152041E-1;9,396619E-1;;
02/12/2021  12:05:22,229758;9,469045E-1;1,073023E-1;1,322644E-1;9,401217E-1;;
02/12/2021  12:05:22,229858;9,466870E-1;9,615202E-2;1,085695E-1;9,405688E-1;;
02/12/2021  12:05:22,229958;9,455992E-1;9,073616E-2;1,205749E-1;9,410027E-1;;
02/12/2021  12:05:22,230058;9,453876E-1;9,933782E-2;1,073058E-1;9,414232E-1;;
02/12/2021  12:05:22,230158;9,458912E-1;-3,542152E-2;3,274585E-2;9,418297E-1;;
02/12/2021  12:05:22,230258;9,459926E-1;1,088952E-1;1,319485E-1;9,422217E-1;;
02/12/2021  12:05:22,230358;9,467525E-1;1,108067E-1;1,259458E-1;9,425991E-1;;
02/12/2021  12:05:22,230458;9,458227E-1;1,098510E-1;1,167838E-1;9,429616E-1;;
02/12/2021  12:05:22,230558;9,446157E-1;1,841850E-2;5,612482E-2;9,433091E-1;;
02/12/2021  12:05:22,230658;9,454680E-1;1,378860E-1;1,695444E-1;9,436412E-1;;
02/12/2021  12:05:22,230758;9,458585E-1;1,413904E-1;1,344760E-1;9,439578E-1;;
02/12/2021  12:05:22,230858;9,458734E-1;1,506292E-1;1,430061E-1;9,442588E-1;;
02/12/2021  12:05:22,230958;9,451462E-1;1,461691E-1;1,344760E-1;9,445441E-1;;
02/12/2021  12:05:22,231058;9,444816E-1;1,732484E-1;1,625939E-1;9,448137E-1;;
02/12/2021  12:05:22,231158;9,450687E-1;1,761156E-1;1,528000E-1;9,450676E-1;;
02/12/2021  12:05:22,231258;9,451313E-1;1,713369E-1;1,569071E-1;9,453056E-1;;
02/12/2021  12:05:22,231358;9,452207E-1;1,624167E-1;1,591187E-1;9,455279E-1;;
02/12/2021  12:05:22,231458;9,440762E-1;1,455319E-1;1,322644E-1;9,457346E-1;;
02/12/2021  12:05:22,231558;9,433252E-1;1,566822E-1;1,449017E-1;9,459258E-1;;
02/12/2021  12:05:22,231658;9,433431E-1;1,270543E-1;1,325804E-1;9,461013E-1;;
02/12/2021  12:05:22,231758;9,436769E-1;1,260985E-1;1,322644E-1;9,462611E-1;;
02/12/2021  12:05:22,231858;9,435070E-1;1,219570E-1;1,291051E-1;9,464054E-1;;
02/12/2021  12:05:22,231958;9,417546E-1;1,324701E-1;1,382671E-1;9,465341E-1;;
02/12/2021  12:05:22,232058;9,414536E-1;1,139925E-1;1,193112E-1;9,466472E-1;;
02/12/2021  12:05:22,232158;9,427589E-1;6,747982E-2;9,561632E-2;9,467447E-1;;
02/12/2021  12:05:22,232258;9,425593E-1;1,210013E-1;1,167838E-1;9,468266E-1;;
02/12/2021  12:05:22,232358;9,417963E-1;1,203641E-1;1,231024E-1;9,468931E-1;;
02/12/2021  12:05:22,232458;9,398293E-1;1,018865E-1;8,645429E-2;9,469445E-1;;
02/12/2021  12:05:22,232558;9,394329E-1;1,216384E-1;1,246821E-1;9,469806E-1;;
02/12/2021  12:05:22,232658;9,397190E-1;1,359745E-1;1,581709E-1;9,470014E-1;;
02/12/2021  12:05:22,232758;9,391736E-1;1,366117E-1;1,461654E-1;9,470069E-1;;
02/12/2021  12:05:22,232858;9,385895E-1;1,337445E-1;1,351078E-1;9,469969E-1;;
02/12/2021  12:05:22,232958;9,363900E-1;1,321516E-1;1,259458E-1;9,469715E-1;;
02/12/2021  12:05:22,233058;9,365957E-1;7,002846E-2;7,539667E-2;9,469305E-1;;
02/12/2021  12:05:22,233158;9,368132E-1;1,280100E-1;1,212068E-1;9,468736E-1;;
02/12/2021  12:05:22,233258;9,367358E-1;1,047537E-1;9,056141E-2;9,468008E-1;;
02/12/2021  12:05:22,233358;9,358059E-1;1,203641E-1;1,161519E-1;9,467120E-1;;
02/12/2021  12:05:22,233458;9,347509E-1;1,280100E-1;1,300529E-1;9,466075E-1;;
02/12/2021  12:05:22,233558;9,352665E-1;1,273729E-1;1,265777E-1;9,464871E-1;;
02/12/2021  12:05:22,233658;9,350191E-1;1,296029E-1;1,249980E-1;9,463511E-1;;
02/12/2021  12:05:22,233758;9,351562E-1;9,901924E-2;1,057261E-1;9,461996E-1;;
02/12/2021  12:05:22,233858;9,345512E-1;1,200455E-1;1,215227E-1;9,460329E-1;;
02/12/2021  12:05:22,233958;9,334127E-1;1,229127E-1;1,167838E-1;9,458514E-1;;
02/12/2021  12:05:22,234058;9,345184E-1;1,213198E-1;1,287892E-1;9,456555E-1;;
02/12/2021  12:05:22,234158;9,346674E-1;1,219570E-1;1,455336E-1;9,454456E-1;;
02/12/2021  12:05:22,234258;9,346495E-1;1,321516E-1;1,360556E-1;9,452224E-1;;
02/12/2021  12:05:22,234358;9,345512E-1;1,104881E-1;9,087734E-2;9,449865E-1;;
02/12/2021  12:05:22,234458;9,338180E-1;4,167484E-2;9,909157E-2;9,447387E-1;;
02/12/2021  12:05:22,234558;9,348850E-1;1,311958E-1;1,297370E-1;9,444799E-1;;
02/12/2021  12:05:22,234658;9,352903E-1;1,222756E-1;1,278414E-1;9,442109E-1;;
02/12/2021  12:05:22,234758;9,356241E-1;1,060280E-1;1,098333E-1;9,439327E-1;;
02/12/2021  12:05:22,234858;9,350489E-1;1,136739E-1;1,044624E-1;9,436465E-1;;
02/12/2021  12:05:22,234958;9,347300E-1;1,085766E-1;7,539667E-2;9,433532E-1;;
02/12/2021  12:05:22,235058;9,360056E-1;1,601866E-1;1,632258E-1;9,430541E-1;;
02/12/2021  12:05:22,235158;9,370964E-1;1,085766E-1;1,243661E-1;9,427501E-1;;
02/12/2021  12:05:22,235258;9,372394E-1;1,111253E-1;1,202590E-1;9,424426E-1;;
02/12/2021  12:05:22,235358;9,368222E-1;1,184526E-1;1,212068E-1;9,421330E-1;;
02/12/2021  12:05:22,235458;9,363364E-1;1,327887E-1;1,275255E-1;9,418226E-1;;
02/12/2021  12:05:22,235558;9,381842E-1;1,031608E-1;9,561632E-2;9,415126E-1;;
02/12/2021  12:05:22,235658;9,384435E-1;1,232313E-1;1,249980E-1;9,412043E-1;;
02/12/2021  12:05:22,235758;9,391349E-1;1,283286E-1;1,328963E-1;9,408989E-1;;
02/12/2021  12:05:22,235858;9,382915E-1;1,200455E-1;1,300529E-1;9,405979E-1;;
02/12/2021  12:05:22,235958;9,383451E-1;1,238685E-1;1,189953E-1;9,403025E-1;;
02/12/2021  12:05:22,236058;9,399128E-1;1,375674E-1;1,496407E-1;9,400138E-1;;
02/12/2021  12:05:22,236158;9,401780E-1;1,037979E-1;1,126766E-1;9,397328E-1;;
02/12/2021  12:05:22,236258;9,401452E-1;1,076209E-1;9,877564E-2;9,394608E-1;;
02/12/2021  12:05:22,236358;9,383272E-1;1,286472E-1;1,344760E-1;9,391988E-1;;
02/12/2021  12:05:22,236458;9,377282E-1;1,343816E-1;1,177316E-1;9,389475E-1;;
02/12/2021  12:05:22,236558;9,385984E-1;6,716124E-2;7,950379E-2;9,387074E-1;;
02/12/2021  12:05:22,236658;9,386968E-1;1,130368E-1;1,208909E-1;9,384787E-1;;
02/12/2021  12:05:22,236758;9,383600E-1;1,184526E-1;1,218387E-1;9,382619E-1;;
02/12/2021  12:05:22,236858;9,369176E-1;1,111253E-1;1,196272E-1;9,380570E-1;;
02/12/2021  12:05:22,236958;9,372663E-1;1,159040E-1;1,221546E-1;9,378642E-1;;
02/12/2021  12:05:22,237058;9,380531E-1;7,958586E-2;6,686651E-2;9,376832E-1;;
02/12/2021  12:05:22,237158;9,379219E-1;1,474434E-1;9,782784E-2;9,375140E-1;;
02/12/2021  12:05:22,237258;9,377312E-1;1,318330E-1;1,300529E-1;9,373565E-1;;
02/12/2021  12:05:22,237358;9,367864E-1;1,264171E-1;1,224705E-1;9,372106E-1;;
02/12/2021  12:05:22,237458;9,372037E-1;5,780180E-4;2,674314E-2;9,370759E-1;;
02/12/2021  12:05:22,237558;9,383213E-1;1,152668E-1;1,322644E-1;9,369523E-1;;
02/12/2021  12:05:22,237658;9,383719E-1;1,210013E-1;1,237343E-1;9,368394E-1;;
02/12/2021  12:05:22,237758;9,380054E-1;1,210013E-1;1,174156E-1;9,367371E-1;;
02/12/2021  12:05:22,237858;9,386193E-1;1,225942E-1;1,186794E-1;9,366453E-1;;
02/12/2021  12:05:22,237958;9,395611E-1;8,723178E-2;8,740209E-2;9,365639E-1;;
02/12/2021  12:05:22,238058;9,403300E-1;1,254614E-1;1,287892E-1;9,364927E-1;;
02/12/2021  12:05:22,238158;9,399545E-1;1,245056E-1;1,227865E-1;9,364319E-1;;
02/12/2021  12:05:22,238258;9,401571E-1;1,143111E-1;1,237343E-1;9,363816E-1;;
02/12/2021  12:05:22,238358;9,394419E-1;9,838208E-2;1,170997E-1;9,363416E-1;;
02/12/2021  12:05:22,238458;9,396386E-1;1,318330E-1;1,319485E-1;9,363120E-1;;
02/12/2021  12:05:22,238558;9,398174E-1;1,286472E-1;1,332122E-1;9,362924E-1;;
02/12/2021  12:05:22,238658;9,399813E-1;1,190898E-1;1,208909E-1;9,362826E-1;;
02/12/2021  12:05:22,238758;9,395194E-1;1,165411E-1;1,237343E-1;9,362825E-1;;
02/12/2021  12:05:22,238858;9,386014E-1;1,289658E-1;1,319485E-1;9,362915E-1;;
02/12/2021  12:05:22,238958;9,398621E-1;1,442576E-1;1,439539E-1;9,363092E-1;;
02/12/2021  12:05:22,239058;9,404671E-1;1,139925E-1;1,186794E-1;9,363353E-1;;
02/12/2021  12:05:22,239158;9,409886E-1;1,216384E-1;1,262617E-1;9,363694E-1;;
02/12/2021  12:05:22,239258;9,401452E-1;1,296029E-1;1,227865E-1;9,364113E-1;;
02/12/2021  12:05:22,239358;9,392392E-1;1,184526E-1;1,205749E-1;9,364606E-1;;
02/12/2021  12:05:22,239458;9,407085E-1;1,331073E-1;1,360556E-1;9,365171E-1;;
02/12/2021  12:05:22,239558;9,413165E-1;1,216384E-1;1,186794E-1;9,365802E-1;;
02/12/2021  12:05:22,239658;9,414983E-1;1,213198E-1;1,202590E-1;9,366497E-1;;
02/12/2021  12:05:22,239758;9,417725E-1;1,382046E-1;1,404787E-1;9,367255E-1;;
02/12/2021  12:05:22,239858;9,417307E-1;1,426647E-1;1,328963E-1;9,368073E-1;;
02/12/2021  12:05:22,239958;9,426129E-1;1,458505E-1;1,644895E-1;9,368952E-1;;
02/12/2021  12:05:22,240058;9,431613E-1;1,098510E-1;1,139404E-1;9,369888E-1;;
02/12/2021  12:05:22,240158;9,434474E-1;7,098420E-2;6,181159E-2;9,370884E-1;;
02/12/2021  12:05:22,240258;9,422434E-1;1,362931E-1;1,742834E-1;9,371937E-1;;
02/12/2021  12:05:22,240358;9,421748E-1;1,216384E-1;1,303688E-1;9,373047E-1;;
02/12/2021  12:05:22,240458;9,430957E-1;1,448948E-1;1,704922E-1;9,374211E-1;;
02/12/2021  12:05:22,240558;9,431941E-1;1,181340E-1;1,287892E-1;9,375426E-1;;
02/12/2021  12:05:22,240658;9,427709E-1;1,397975E-1;1,243661E-1;9,376690E-1;;
02/12/2021  12:05:22,240758;9,417903E-1;1,171783E-1;1,382671E-1;9,378001E-1;;
02/12/2021  12:05:22,240858;9,415221E-1;1,257800E-1;1,202590E-1;9,379353E-1;;
02/12/2021  12:05:22,240958;9,413969E-1;1,009307E-1;1,351078E-1;9,380740E-1;;
02/12/2021  12:05:22,241058;9,423119E-1;1,423461E-1;1,366875E-1;9,382158E-1;;
02/12/2021  12:05:22,241158;9,417158E-1;1,595494E-1;1,493248E-1;9,383599E-1;;
02/12/2021  12:05:22,241258;9,410334E-1;1,079395E-1;1,430061E-1;9,385059E-1;;
02/12/2021  12:05:22,241358;9,416562E-1;1,152668E-1;1,066739E-1;9,386532E-1;;
02/12/2021  12:05:22,241458;9,422106E-1;8,436456E-2;6,655058E-2;9,388012E-1;;
02/12/2021  12:05:22,241558;9,423328E-1;1,108067E-1;1,325804E-1;9,389495E-1;;
02/12/2021  12:05:22,241658;9,418440E-1;1,139925E-1;1,174156E-1;9,390978E-1;;
02/12/2021  12:05:22,241758;9,415162E-1;1,085766E-1;1,158360E-1;9,392455E-1;;
02/12/2021  12:05:22,241858;9,422434E-1;1,088952E-1;1,183634E-1;9,393923E-1;;
02/12/2021  12:05:22,241958;9,428066E-1;1,203641E-1;1,126766E-1;9,395379E-1;;
02/12/2021  12:05:22,242058;9,434176E-1;1,229127E-1;1,180475E-1;9,396820E-1;;
02/12/2021  12:05:22,242158;9,423447E-1;1,149482E-1;1,543797E-1;9,398245E-1;;
02/12/2021  12:05:22,242258;9,416205E-1;1,066652E-1;1,152041E-1;9,399652E-1;;
02/12/2021  12:05:22,242358;9,418619E-1;1,114439E-1;1,231024E-1;9,401038E-1;;
02/12/2021  12:05:22,242458;9,425026E-1;1,143111E-1;1,170997E-1;9,402400E-1;;
02/12/2021  12:05:22,242558;9,421718E-1;1,117624E-1;1,174156E-1;9,403734E-1;;
02/12/2021  12:05:22,242658;9,413344E-1;1,050723E-1;1,275255E-1;9,405039E-1;;
02/12/2021  12:05:22,242758;9,403270E-1;9,806350E-2;1,050943E-1;9,406312E-1;;
02/12/2021  12:05:22,242858;9,408724E-1;1,063466E-1;1,430061E-1;9,407547E-1;;
02/12/2021  12:05:22,242958;9,417367E-1;9,742634E-2;1,256299E-1;9,408740E-1;;
02/12/2021  12:05:22,243058;9,421271E-1;9,965640E-2;1,079377E-1;9,409889E-1;;
02/12/2021  12:05:22,243158;9,413105E-1;8,372740E-2;1,013031E-1;9,410992E-1;;
02/12/2021  12:05:22,243258;9,406549E-1;1,098510E-1;1,278414E-1;9,412047E-1;;
02/12/2021  12:05:22,243358;9,414089E-1;8,340882E-2;8,961361E-2;9,413052E-1;;
02/12/2021  12:05:22,243458;9,427113E-1;1,095324E-1;1,253139E-1;9,414007E-1;;
02/12/2021  12:05:22,243558;9,420079E-1;1,057094E-1;1,284732E-1;9,414910E-1;;
02/12/2021  12:05:22,243658;9,417874E-1;1,331073E-1;1,363715E-1;9,415763E-1;;
02/12/2021  12:05:22,243758;9,415102E-1;1,633724E-1;2,099837E-1;9,416567E-1;;
02/12/2021  12:05:22,243858;9,422135E-1;1,382046E-1;1,310007E-1;9,417322E-1;;
02/12/2021  12:05:22,243958;9,424967E-1;1,487177E-1;1,370034E-1;9,418028E-1;;
02/12/2021  12:05:22,244058;9,414327E-1;1,694254E-1;1,569071E-1;9,418687E-1;;
02/12/2021  12:05:22,244158;9,404015E-1;1,796200E-1;1,543797E-1;9,419300E-1;;
02/12/2021  12:05:22,244258;9,394419E-1;1,490363E-1;1,859729E-1;9,419864E-1;;
02/12/2021  12:05:22,244358;9,400081E-1;1,585937E-1;1,474292E-1;9,420379E-1;;
02/12/2021  12:05:22,244458;9,394985E-1;1,442576E-1;1,458495E-1;9,420839E-1;;
02/12/2021  12:05:22,244558;9,397786E-1;1,560451E-1;1,591187E-1;9,421243E-1;;
02/12/2021  12:05:22,244658;9,385388E-1;1,452133E-1;1,467973E-1;9,421589E-1;;
02/12/2021  12:05:22,244758;9,387385E-1;-1,885536E-2;4,601499E-2;9,421873E-1;;
02/12/2021  12:05:22,244858;9,395462E-1;1,646467E-1;1,518522E-1;9,422094E-1;;
02/12/2021  12:05:22,244958;9,400826E-1;1,321516E-1;1,436380E-1;9,422250E-1;;
02/12/2021  12:05:22,245058;9,395015E-1;1,522221E-1;1,455336E-1;9,422341E-1;;
02/12/2021  12:05:22,245158;9,383183E-1;1,433019E-1;1,774427E-1;9,422369E-1;;
02/12/2021  12:05:22,245258;9,388697E-1;8,436456E-2;9,877564E-2;9,422333E-1;;
02/12/2021  12:05:22,245358;9,399992E-1;1,296029E-1;1,436380E-1;9,422234E-1;;
02/12/2021  12:05:22,245458;9,402406E-1;1,423461E-1;1,417424E-1;9,422072E-1;;
02/12/2021  12:05:22,245558;9,398859E-1;1,490363E-1;1,379512E-1;9,421851E-1;;
02/12/2021  12:05:22,245658;9,390932E-1;9,838208E-2;1,259458E-1;9,421575E-1;;
02/12/2021  12:05:22,245758;9,393346E-1;1,025236E-1;1,016190E-1;9,421246E-1;;
02/12/2021  12:05:22,245858;9,398651E-1;8,723178E-2;1,123607E-1;9,420866E-1;;
02/12/2021  12:05:22,245958;9,399485E-1;1,694254E-1;2,121952E-1;9,420438E-1;;
02/12/2021  12:05:22,246058;9,388488E-1;1,165411E-1;1,253139E-1;9,419966E-1;;
02/12/2021  12:05:22,246158;9,380620E-1;1,222756E-1;1,259458E-1;9,419452E-1;;
02/12/2021  12:05:22,246258;9,384703E-1;1,321516E-1;1,133085E-1;9,418896E-1;;
02/12/2021  12:05:22,246358;9,388011E-1;1,280100E-1;1,158360E-1;9,418300E-1;;
02/12/2021  12:05:22,246458;9,386879E-1;1,006121E-1;9,719598E-2;9,417666E-1;;
02/12/2021  12:05:22,246558;9,379011E-1;1,308772E-1;1,322644E-1;9,416994E-1;;
02/12/2021  12:05:22,246658;9,365420E-1;1,308772E-1;1,278414E-1;9,416286E-1;;
02/12/2021  12:05:22,246758;9,368103E-1;1,471248E-1;1,382671E-1;9,415542E-1;;
02/12/2021  12:05:22,246858;9,372215E-1;1,413904E-1;1,347919E-1;9,414761E-1;;
02/12/2021  12:05:22,246958;9,369682E-1;1,286472E-1;1,212068E-1;9,413941E-1;;
02/12/2021  12:05:22,247058;9,363394E-1;7,799296E-2;1,006712E-1;9,413083E-1;;
02/12/2021  12:05:22,247158;9,350966E-1;1,455319E-1;1,401627E-1;9,412187E-1;;
02/12/2021  12:05:22,247258;9,355138E-1;1,509478E-1;1,616461E-1;9,411252E-1;;
02/12/2021  12:05:22,247358;9,354751E-1;1,356559E-1;1,594346E-1;9,410274E-1;;
02/12/2021  12:05:22,247458;9,354244E-1;1,257800E-1;1,310007E-1;9,409255E-1;;
02/12/2021  12:05:22,247558;9,351562E-1;1,264171E-1;1,268936E-1;9,408193E-1;;
02/12/2021  12:05:22,247658;9,349923E-1;1,480806E-1;1,379512E-1;9,407087E-1;;
02/12/2021  12:05:22,247758;9,356479E-1;3,307318E-2;8,329497E-2;9,405939E-1;;
02/12/2021  12:05:22,247858;9,358655E-1;1,264171E-1;1,284732E-1;9,404750E-1;;
02/12/2021  12:05:22,247958;9,351800E-1;1,270543E-1;1,347919E-1;9,403521E-1;;
02/12/2021  12:05:22,248058;9,343485E-1;1,375674E-1;1,338441E-1;9,402255E-1;;
02/12/2021  12:05:22,248158;9,336511E-1;1,487177E-1;1,480610E-1;9,400953E-1;;
02/12/2021  12:05:22,248258;9,335111E-1;1,203641E-1;1,294210E-1;9,399615E-1;;
02/12/2021  12:05:22,248358;9,330998E-1;1,232313E-1;1,240502E-1;9,398239E-1;;
02/12/2021  12:05:22,248458;9,327809E-1;1,047537E-1;1,562753E-1;9,396825E-1;;
02/12/2021  12:05:22,248558;9,310464E-1;1,200455E-1;1,126766E-1;9,395372E-1;;
02/12/2021  12:05:22,248658;9,301731E-1;1,245056E-1;1,363715E-1;9,393876E-1;;
02/12/2021  12:05:22,248758;9,309927E-1;1,073023E-1;1,205749E-1;9,392335E-1;;
02/12/2021  12:05:22,248858;9,305576E-1;1,315144E-1;1,373193E-1;9,390745E-1;;
02/12/2021  12:05:22,248958;9,300688E-1;1,331073E-1;1,370034E-1;9,389103E-1;;
02/12/2021  12:05:22,249058;9,295801E-1;1,515849E-1;1,606983E-1;9,387408E-1;;
02/12/2021  12:05:22,249158;9,293863E-1;1,073023E-1;1,414265E-1;9,385657E-1;;
02/12/2021  12:05:22,249258;9,304831E-1;1,417090E-1;1,720719E-1;9,383850E-1;;
02/12/2021  12:05:22,249358;9,308586E-1;1,264171E-1;1,360556E-1;9,381986E-1;;
02/12/2021  12:05:22,249458;9,309957E-1;1,334259E-1;1,240502E-1;9,380067E-1;;
02/12/2021  12:05:22,249558;9,308586E-1;3,912620E-2;7,634447E-2;9,378099E-1;;
02/12/2021  12:05:22,249658;9,317110E-1;1,318330E-1;1,357397E-1;9,376084E-1;;
02/12/2021  12:05:22,249758;9,331683E-1;1,136739E-1;1,433221E-1;9,374030E-1;;
02/12/2021  12:05:22,249858;9,330521E-1;1,292843E-1;1,376353E-1;9,371944E-1;;
02/12/2021  12:05:22,249958;9,333650E-1;1,184526E-1;1,180475E-1;9,369834E-1;;
02/12/2021  12:05:22,250058;9,332726E-1;9,678918E-2;8,203124E-2;9,367711E-1;;
02/12/2021  12:05:22,250158;9,332935E-1;1,184526E-1;1,057261E-1;9,365583E-1;;
02/12/2021  12:05:22,250258;9,344707E-1;1,429833E-1;1,325804E-1;9,363460E-1;;
02/12/2021  12:05:22,250358;9,344499E-1;1,738855E-1;1,638576E-1;9,361350E-1;;
02/12/2021  12:05:22,250458;9,337584E-1;1,267357E-1;1,148882E-1;9,359263E-1;;
02/12/2021  12:05:22,250558;9,333889E-1;1,095324E-1;1,212068E-1;9,357206E-1;;
02/12/2021  12:05:22,250658;9,335826E-1;1,251428E-1;1,291051E-1;9,355188E-1;;
02/12/2021  12:05:22,250758;9,344320E-1;1,270543E-1;1,145722E-1;9,353213E-1;;
02/12/2021  12:05:22,250858;9,347777E-1;1,076209E-1;9,150920E-2;9,351287E-1;;
02/12/2021  12:05:22,250958;9,337137E-1;1,206827E-1;1,291051E-1;9,349418E-1;;
02/12/2021  12:05:22,251058;9,327124E-1;1,436204E-1;1,407946E-1;9,347610E-1;;
02/12/2021  12:05:22,251158;9,339045E-1;1,477620E-1;1,357397E-1;9,345866E-1;;
02/12/2021  12:05:22,251258;9,352665E-1;1,149482E-1;1,231024E-1;9,344190E-1;;
02/12/2021  12:05:22,251358;9,344022E-1;1,127182E-1;1,110970E-1;9,342584E-1;;
02/12/2021  12:05:22,251458;9,341429E-1;1,375674E-1;1,328963E-1;9,341054E-1;;
02/12/2021  12:05:22,251558;9,348582E-1;1,324701E-1;1,268936E-1;9,339603E-1;;
02/12/2021  12:05:22,251658;9,355407E-1;1,305587E-1;1,272095E-1;9,338232E-1;;
02/12/2021  12:05:22,251758;9,365003E-1;1,362931E-1;1,606983E-1;9,336947E-1;;
02/12/2021  12:05:22,251858;9,364824E-1;1,334259E-1;1,291051E-1;9,335751E-1;;
02/12/2021  12:05:22,251958;9,368580E-1;1,088952E-1;1,013031E-1;9,334650E-1;;
02/12/2021  12:05:22,252058;9,368103E-1;1,311958E-1;1,303688E-1;9,333648E-1;;
02/12/2021  12:05:22,252158;9,383690E-1;1,165411E-1;1,319485E-1;9,332748E-1;;
02/12/2021  12:05:22,252258;9,388905E-1;1,076209E-1;1,221546E-1;9,331956E-1;;
02/12/2021  12:05:22,252358;9,393256E-1;1,171783E-1;1,174156E-1;9,331277E-1;;
02/12/2021  12:05:22,252458;9,396803E-1;1,254614E-1;1,231024E-1;9,330716E-1;;
02/12/2021  12:05:22,252558;9,394389E-1;7,225852E-2;5,043804E-2;9,330278E-1;;
02/12/2021  12:05:22,252658;9,403091E-1;1,270543E-1;1,256299E-1;9,329968E-1;;
02/12/2021  12:05:22,252758;9,407204E-1;1,251428E-1;1,278414E-1;9,329789E-1;;
02/12/2021  12:05:22,252858;9,401869E-1;1,366117E-1;1,540637E-1;9,329743E-1;;
02/12/2021  12:05:22,252958;9,398084E-1;1,286472E-1;1,234183E-1;9,329834E-1;;
02/12/2021  12:05:22,253058;9,403479E-1;7,990444E-2;9,656411E-2;9,330059E-1;;
02/12/2021  12:05:22,253158;9,404045E-1;1,076209E-1;9,877564E-2;9,330419E-1;;
02/12/2021  12:05:22,253258;9,406042E-1;1,388417E-1;1,351078E-1;9,330913E-1;;
02/12/2021  12:05:22,253358;9,397369E-1;1,334259E-1;1,505885E-1;9,331536E-1;;
02/12/2021  12:05:22,253458;9,392929E-1;1,136739E-1;1,186794E-1;9,332287E-1;;
02/12/2021  12:05:22,253558;9,401512E-1;1,136739E-1;1,155200E-1;9,333159E-1;;
02/12/2021  12:05:22,253658;9,412271E-1;1,554079E-1;1,518522E-1;9,334148E-1;;
02/12/2021  12:05:22,253758;9,407621E-1;1,289658E-1;1,306848E-1;9,335248E-1;;
02/12/2021  12:05:22,253858;9,412718E-1;1,092138E-1;9,530039E-2;9,336457E-1;;
02/12/2021  12:05:22,253958;9,405237E-1;1,474434E-1;1,442698E-1;9,337768E-1;;
02/12/2021  12:05:22,254058;9,408098E-1;1,283286E-1;1,243661E-1;9,339178E-1;;
02/12/2021  12:05:22,254158;9,423566E-1;1,331073E-1;1,319485E-1;9,340681E-1;;
02/12/2021  12:05:22,254258;9,423536E-1;1,299215E-1;1,193112E-1;9,342272E-1;;
02/12/2021  12:05:22,254358;9,425920E-1;1,111253E-1;9,972343E-2;9,343947E-1;;
02/12/2021  12:05:22,254458;9,420318E-1;1,015679E-1;1,016190E-1;9,345704E-1;;
02/12/2021  12:05:22,254558;9,429884E-1;1,232313E-1;1,284732E-1;9,347537E-1;;
02/12/2021  12:05:22,254658;9,437335E-1;1,181340E-1;1,164678E-1;9,349444E-1;;
02/12/2021  12:05:22,254758;9,440733E-1;-5,156422E-3;2,705907E-2;9,351420E-1;;
02/12/2021  12:05:22,254858;9,425771E-1;1,050723E-1;1,110970E-1;9,353464E-1;;
02/12/2021  12:05:22,254958;9,418649E-1;1,053908E-1;1,088855E-1;9,355570E-1;;
02/12/2021  12:05:22,255058;9,425324E-1;1,184526E-1;1,436380E-1;9,357731E-1;;
02/12/2021  12:05:22,255158;9,422612E-1;-5,421774E-2;3,780076E-2;9,359942E-1;;
02/12/2021  12:05:22,255258;9,420139E-1;8,786894E-2;9,751191E-2;9,362193E-1;;
02/12/2021  12:05:22,255358;9,406966E-1;1,053908E-1;1,085695E-1;9,364479E-1;;
02/12/2021  12:05:22,255458;9,404433E-1;8,786894E-2;1,133085E-1;9,366788E-1;;
02/12/2021  12:05:22,255558;9,403360E-1;6,015248E-2;8,013565E-2;9,369112E-1;;
02/12/2021  12:05:22,255658;9,407800E-1;9,615202E-2;1,076217E-1;9,371439E-1;;
02/12/2021  12:05:22,255758;9,395849E-1;9,105474E-2;9,751191E-2;9,373760E-1;;
02/12/2021  12:05:22,255858;9,394955E-1;9,870066E-2;1,376353E-1;9,376065E-1;;
02/12/2021  12:05:22,255958;9,383421E-1;1,050723E-1;1,161519E-1;9,378344E-1;;
02/12/2021  12:05:22,256058;9,397757E-1;8,372740E-2;9,340479E-2;9,380586E-1;;
02/12/2021  12:05:22,256158;9,396654E-1;7,385142E-2;1,025668E-1;9,382782E-1;;
02/12/2021  12:05:22,256258;9,390246E-1;8,946184E-2;1,000394E-1;9,384923E-1;;
02/12/2021  12:05:22,256358;9,388726E-1;1,041165E-1;1,278414E-1;9,387003E-1;;
02/12/2021  12:05:22,256458;9,384584E-1;1,159040E-1;1,215227E-1;9,389015E-1;;
02/12/2021  12:05:22,256558;9,405237E-1;1,015679E-1;1,183634E-1;9,390951E-1;;
02/12/2021  12:05:22,256658;9,404552E-1;1,114439E-1;1,354238E-1;9,392808E-1;;
02/12/2021  12:05:22,256758;9,410095E-1;1,337445E-1;1,414265E-1;9,394584E-1;;
02/12/2021  12:05:22,256858;9,408426E-1;1,194084E-1;1,224705E-1;9,396278E-1;;
02/12/2021  12:05:22,256958;9,407174E-1;1,136739E-1;1,275255E-1;9,397890E-1;;
02/12/2021  12:05:22,257058;9,421748E-1;1,474434E-1;1,875525E-1;9,399422E-1;;
02/12/2021  12:05:22,257158;9,424967E-1;1,589123E-1;1,414265E-1;9,400875E-1;;
02/12/2021  12:05:22,257258;9,425473E-1;1,802571E-1;1,556434E-1;9,402252E-1;;
02/12/2021  12:05:22,257358;9,423238E-1;1,796200E-1;1,559593E-1;9,403558E-1;;
02/12/2021  12:05:22,257458;9,429378E-1;1,671954E-1;1,423743E-1;9,404797E-1;;
02/12/2021  12:05:22,257558;9,441537E-1;1,388417E-1;1,524841E-1;9,405972E-1;;
02/12/2021  12:05:22,257658;9,443445E-1;1,547707E-1;1,521681E-1;9,407090E-1;;
02/12/2021  12:05:22,257758;9,441060E-1;1,401161E-1;1,392149E-1;9,408157E-1;;
02/12/2021  12:05:22,257858;9,428662E-1;1,273729E-1;1,272095E-1;9,409179E-1;;
02/12/2021  12:05:22,257958;9,426785E-1;1,133553E-1;1,016190E-1;9,410160E-1;;
02/12/2021  12:05:22,258058;9,437752E-1;1,397975E-1;1,265777E-1;9,411101E-1;;
02/12/2021  12:05:22,258158;9,428811E-1;1,327887E-1;1,265777E-1;9,412007E-1;;
02/12/2021  12:05:22,258258;9,430272E-1;9,424054E-2;1,095173E-1;9,412878E-1;;
02/12/2021  12:05:22,258358;9,424490E-1;1,391603E-1;1,742834E-1;9,413717E-1;;
02/12/2021  12:05:22,258458;9,427798E-1;1,181340E-1;1,256299E-1;9,414524E-1;;
02/12/2021  12:05:22,258558;9,435636E-1;7,066562E-2;9,814378E-2;9,415301E-1;;
02/12/2021  12:05:22,258658;9,438706E-1;1,092138E-1;1,205749E-1;9,416049E-1;;
02/12/2021  12:05:22,258758;9,433908E-1;1,216384E-1;1,205749E-1;9,416771E-1;;
02/12/2021  12:05:22,258858;9,423655E-1;1,037979E-1;1,521681E-1;9,417468E-1;;
02/12/2021  12:05:22,258958;9,431732E-1;1,264171E-1;1,417424E-1;9,418142E-1;;
02/12/2021  12:05:22,259058;9,435845E-1;1,251428E-1;1,771268E-1;9,418793E-1;;
02/12/2021  12:05:22,259158;9,431881E-1;1,203641E-1;1,208909E-1;9,419422E-1;;
02/12/2021  12:05:22,259258;9,430391E-1;1,088952E-1;1,133085E-1;9,420030E-1;;
02/12/2021  12:05:22,259358;9,426397E-1;1,251428E-1;1,351078E-1;9,420619E-1;;
02/12/2021  12:05:22,259458;9,429974E-1;1,474434E-1;1,423743E-1;9,421187E-1;;
02/12/2021  12:05:22,259558;9,438050E-1;1,391603E-1;1,177316E-1;9,421735E-1;;
02/12/2021  12:05:22,259658;9,430272E-1;1,088952E-1;1,265777E-1;9,422264E-1;;
02/12/2021  12:05:22,259758;9,430391E-1;1,210013E-1;1,265777E-1;9,422776E-1;;
02/12/2021  12:05:22,259858;9,428782E-1;1,308772E-1;1,351078E-1;9,423269E-1;;
02/12/2021  12:05:22,259958;9,428662E-1;1,028422E-1;7,792413E-2;9,423745E-1;;
02/12/2021  12:05:22,260058;9,439242E-1;6,270112E-2;7,602853E-2;9,424203E-1;;
02/12/2021  12:05:22,260158;9,439302E-1;8,245308E-2;7,918786E-2;9,424645E-1;;
02/12/2021  12:05:22,260258;9,437603E-1;1,448948E-1;1,420583E-1;9,425071E-1;;
02/12/2021  12:05:22,260358;9,440375E-1;1,066652E-1;1,060421E-1;9,425485E-1;;
02/12/2021  12:05:22,260458;9,449077E-1;1,006121E-1;1,019350E-1;9,425888E-1;;
02/12/2021  12:05:22,260558;9,452177E-1;1,267357E-1;1,540637E-1;9,426282E-1;;
02/12/2021  12:05:22,260658;9,452564E-1;1,334259E-1;1,341600E-1;9,426672E-1;;
02/12/2021  12:05:22,260758;9,447051E-1;1,213198E-1;1,082536E-1;9,427060E-1;;
02/12/2021  12:05:22,260858;9,451730E-1;1,337445E-1;1,417424E-1;9,427450E-1;;
02/12/2021  12:05:22,260958;9,460552E-1;1,308772E-1;1,256299E-1;9,427844E-1;;
02/12/2021  12:05:22,261058;9,458525E-1;1,098510E-1;1,268936E-1;9,428245E-1;;
02/12/2021  12:05:22,261158;9,459091E-1;1,343816E-1;1,373193E-1;9,428656E-1;;
02/12/2021  12:05:22,261258;9,459687E-1;1,123996E-1;1,107811E-1;9,429080E-1;;
02/12/2021  12:05:22,261358;9,456349E-1;1,127182E-1;1,224705E-1;9,429520E-1;;
02/12/2021  12:05:22,261458;9,469314E-1;1,216384E-1;1,259458E-1;9,429978E-1;;
02/12/2021  12:05:22,261558;9,471281E-1;1,324701E-1;1,430061E-1;9,430455E-1;;
02/12/2021  12:05:22,261658;9,474678E-1;1,448948E-1;1,603824E-1;9,430955E-1;;
02/12/2021  12:05:22,261758;9,469016E-1;1,299215E-1;1,297370E-1;9,431482E-1;;
02/12/2021  12:05:22,261858;9,469940E-1;1,178155E-1;1,199431E-1;9,432037E-1;;
02/12/2021  12:05:22,261958;9,479566E-1;1,251428E-1;1,335282E-1;9,432623E-1;;
02/12/2021  12:05:22,262058;9,477331E-1;1,299215E-1;1,284732E-1;9,433241E-1;;
02/12/2021  12:05:22,262158;9,472562E-1;1,324701E-1;1,433221E-1;9,433893E-1;;
02/12/2021  12:05:22,262258;9,476019E-1;1,299215E-1;1,316326E-1;9,434580E-1;;
02/12/2021  12:05:22,262358;9,475662E-1;1,299215E-1;1,243661E-1;9,435302E-1;;
02/12/2021  12:05:22,262458;9,485526E-1;1,311958E-1;1,322644E-1;9,436059E-1;;
02/12/2021  12:05:22,262558;9,488388E-1;1,270543E-1;1,294210E-1;9,436853E-1;;
02/12/2021  12:05:22,262658;9,483798E-1;1,095324E-1;1,003553E-1;9,437684E-1;;
02/12/2021  12:05:22,262758;9,480102E-1;1,143111E-1;9,498445E-2;9,438554E-1;;
02/12/2021  12:05:22,262858;9,488060E-1;1,280100E-1;1,281573E-1;9,439461E-1;;
02/12/2021  12:05:22,262958;9,498521E-1;1,375674E-1;1,363715E-1;9,440405E-1;;
02/12/2021  12:05:22,263058;9,497209E-1;1,315144E-1;1,268936E-1;9,441387E-1;;
02/12/2021  12:05:22,263158;9,498908E-1;1,101695E-1;1,148882E-1;9,442409E-1;;
02/12/2021  12:05:22,263258;9,496345E-1;1,296029E-1;1,069899E-1;9,443471E-1;;
02/12/2021  12:05:22,263358;9,512170E-1;1,423461E-1;1,313166E-1;9,444574E-1;;
02/12/2021  12:05:22,263458;9,523495E-1;3,625898E-2;7,729226E-2;9,445719E-1;;
02/12/2021  12:05:22,263558;9,528234E-1;1,206827E-1;1,278414E-1;9,446909E-1;;
02/12/2021  12:05:22,263658;9,522572E-1;1,423461E-1;1,407946E-1;9,448149E-1;;
02/12/2021  12:05:22,263758;9,526565E-1;1,388417E-1;1,186794E-1;9,449441E-1;;
02/12/2021  12:05:22,263858;9,533241E-1;1,350188E-1;1,537478E-1;9,450787E-1;;
02/12/2021  12:05:22,263958;9,544328E-1;1,305587E-1;1,357397E-1;9,452190E-1;;
02/12/2021  12:05:22,264058;9,551272E-1;1,276914E-1;1,328963E-1;9,453654E-1;;
02/12/2021  12:05:22,264158;9,548828E-1;1,283286E-1;1,357397E-1;9,455182E-1;;
02/12/2021  12:05:22,264258;9,547636E-1;1,337445E-1;1,325804E-1;9,456776E-1;;
02/12/2021  12:05:22,264358;9,551987E-1;1,452133E-1;1,411105E-1;9,458440E-1;;
02/12/2021  12:05:22,264458;9,570703E-1;1,308772E-1;1,208909E-1;9,460174E-1;;
02/12/2021  12:05:22,264558;9,569750E-1;1,184526E-1;1,155200E-1;9,461982E-1;;
02/12/2021  12:05:22,264658;9,568260E-1;1,442576E-1;1,600664E-1;9,463865E-1;;
02/12/2021  12:05:22,264758;9,564862E-1;1,375674E-1;1,328963E-1;9,465826E-1;;
02/12/2021  12:05:22,264858;9,580062E-1;1,190898E-1;1,167838E-1;9,467866E-1;;
02/12/2021  12:05:22,264958;9,583072E-1;1,448948E-1;1,720719E-1;9,469983E-1;;
02/12/2021  12:05:22,265058;9,580568E-1;1,509478E-1;1,493248E-1;9,472180E-1;;
02/12/2021  12:05:22,265158;9,577499E-1;1,375674E-1;1,512204E-1;9,474457E-1;;
02/12/2021  12:05:22,265258;9,574995E-1;1,088952E-1;1,152041E-1;9,476811E-1;;
02/12/2021  12:05:22,265358;9,594814E-1;1,340630E-1;1,347919E-1;9,479240E-1;;
02/12/2021  12:05:22,265458;9,596036E-1;1,474434E-1;1,502726E-1;9,481742E-1;;
02/12/2021  12:05:22,265558;9,595827E-1;1,512664E-1;1,414265E-1;9,484317E-1;;
02/12/2021  12:05:22,265658;9,590105E-1;1,327887E-1;1,215227E-1;9,486963E-1;;
02/12/2021  12:05:22,265758;9,593086E-1;1,340630E-1;1,439539E-1;9,489676E-1;;
02/12/2021  12:05:22,265858;9,604232E-1;1,225942E-1;2,020854E-1;9,492454E-1;;
02/12/2021  12:05:22,265958;9,604291E-1;1,283286E-1;1,316326E-1;9,495293E-1;;
02/12/2021  12:05:22,266058;9,597377E-1;1,324701E-1;1,287892E-1;9,498190E-1;;
02/12/2021  12:05:22,266158;9,593920E-1;1,155854E-1;1,114129E-1;9,501140E-1;;
02/12/2021  12:05:22,266258;9,596900E-1;1,391603E-1;1,556434E-1;9,504140E-1;;
02/12/2021  12:05:22,266358;9,608017E-1;1,436204E-1;1,512204E-1;9,507181E-1;;
02/12/2021  12:05:22,266458;9,607808E-1;1,410718E-1;1,398468E-1;9,510260E-1;;
02/12/2021  12:05:22,266558;9,598539E-1;1,359745E-1;1,395309E-1;9,513371E-1;;
02/12/2021  12:05:22,266658;9,592579E-1;1,149482E-1;1,249980E-1;9,516509E-1;;
02/12/2021  12:05:22,266758;9,587334E-1;1,114439E-1;1,016190E-1;9,519667E-1;;
02/12/2021  12:05:22,266858;9,595500E-1;1,292843E-1;1,183634E-1;9,522835E-1;;
02/12/2021  12:05:22,266958;9,589390E-1;1,264171E-1;1,231024E-1;9,526005E-1;;
02/12/2021  12:05:22,267058;9,578482E-1;1,216384E-1;1,284732E-1;9,529169E-1;;
02/12/2021  12:05:22,267158;9,574816E-1;8,946184E-2;1,215227E-1;9,532318E-1;;
02/12/2021  12:05:22,267258;9,571389E-1;1,624167E-1;1,458495E-1;9,535440E-1;;
02/12/2021  12:05:22,267358;9,577499E-1;1,069837E-1;1,129926E-1;9,538525E-1;;
02/12/2021  12:05:22,267458;9,571657E-1;1,219570E-1;1,268936E-1;9,541563E-1;;
02/12/2021  12:05:22,267558;9,563014E-1;1,359745E-1;1,199431E-1;9,544546E-1;;
02/12/2021  12:05:22,267658;9,548530E-1;2,224146E-2;6,591871E-2;9,547462E-1;;
02/12/2021  12:05:22,267758;9,541735E-1;1,187712E-1;1,259458E-1;9,550300E-1;;
02/12/2021  12:05:22,267858;9,542867E-1;1,232313E-1;1,180475E-1;9,553048E-1;;
02/12/2021  12:05:22,267958;9,538665E-1;1,190898E-1;1,212068E-1;9,555694E-1;;
02/12/2021  12:05:22,268058;9,527698E-1;1,139925E-1;1,243661E-1;9,558227E-1;;
02/12/2021  12:05:22,268158;9,520158E-1;1,162226E-1;1,259458E-1;9,560636E-1;;
02/12/2021  12:05:22,268258;9,516373E-1;1,047537E-1;1,120448E-1;9,562910E-1;;
02/12/2021  12:05:22,268358;9,513690E-1;8,914326E-2;8,266311E-2;9,565037E-1;;
02/12/2021  12:05:22,268458;9,506001E-1;1,006121E-1;1,019350E-1;9,567008E-1;;
02/12/2021  12:05:22,268558;9,496941E-1;1,225942E-1;1,240502E-1;9,568813E-1;;
02/12/2021  12:05:22,268658;9,480520E-1;1,149482E-1;1,145722E-1;9,570443E-1;;
02/12/2021  12:05:22,268758;9,482755E-1;-2,618270E-2;4,475127E-2;9,571888E-1;;
02/12/2021  12:05:22,268858;9,481980E-1;1,057094E-1;1,079377E-1;9,573138E-1;;
02/12/2021  12:05:22,268958;9,471221E-1;1,085766E-1;1,313166E-1;9,574186E-1;;
02/12/2021  12:05:22,269058;9,462787E-1;1,022050E-1;1,142563E-1;9,575025E-1;;
02/12/2021  12:05:22,269158;9,449614E-1;7,225852E-2;8,139938E-2;9,575648E-1;;
02/12/2021  12:05:22,269258;9,452117E-1;4,008194E-2;8,171531E-2;9,576049E-1;;
02/12/2021  12:05:22,269358;9,445829E-1;1,225942E-1;1,730197E-1;9,576222E-1;;
02/12/2021  12:05:22,269458;9,438199E-1;1,123996E-1;1,202590E-1;9,576163E-1;;
02/12/2021  12:05:22,269558;9,422761E-1;1,012493E-1;1,202590E-1;9,575868E-1;;
02/12/2021  12:05:22,269658;9,406966E-1;9,424054E-2;1,142563E-1;9,575333E-1;;
02/12/2021  12:05:22,269758;9,407621E-1;1,095324E-1;1,246821E-1;9,574553E-1;;
02/12/2021  12:05:22,269858;9,405744E-1;1,248242E-1;1,445858E-1;9,573524E-1;;
02/12/2021  12:05:22,269958;9,396296E-1;1,238685E-1;1,300529E-1;9,572245E-1;;
02/12/2021  12:05:22,270058;9,381246E-1;9,360338E-2;8,329497E-2;9,570713E-1;;
02/12/2021  12:05:22,270158;9,377282E-1;1,270543E-1;1,294210E-1;9,568927E-1;;
02/12/2021  12:05:22,270258;9,374242E-1;1,697440E-1;1,515363E-1;9,566887E-1;;
02/12/2021  12:05:22,270358;9,367715E-1;1,662396E-1;1,486929E-1;9,564593E-1;;
02/12/2021  12:05:22,270458;9,359013E-1;1,483991E-1;1,821817E-1;9,562046E-1;;
02/12/2021  12:05:22,270558;9,346257E-1;1,570008E-1;1,420583E-1;9,559248E-1;;
02/12/2021  12:05:22,270658;9,339790E-1;1,840801E-1;1,708081E-1;9,556201E-1;;
02/12/2021  12:05:22,270758;9,341548E-1;1,627352E-1;1,543797E-1;9,552908E-1;;
02/12/2021  12:05:22,270858;9,337435E-1;1,299215E-1;1,388990E-1;9,549372E-1;;
02/12/2021  12:05:22,270958;9,326587E-1;1,382046E-1;1,603824E-1;9,545599E-1;;
02/12/2021  12:05:22,271058;9,314845E-1;1,232313E-1;1,303688E-1;9,541593E-1;;
02/12/2021  12:05:22,271158;9,313682E-1;3,179886E-2;1,025668E-1;9,537361E-1;;
02/12/2021  12:05:22,271258;9,321550E-1;5,632952E-2;9,372073E-2;9,532909E-1;;
02/12/2021  12:05:22,271358;9,315441E-1;1,286472E-1;1,218387E-1;9,528245E-1;;
02/12/2021  12:05:22,271458;9,303996E-1;1,225942E-1;8,866581E-2;9,523378E-1;;
02/12/2021  12:05:22,271558;9,295324E-1;1,369303E-1;1,622780E-1;9,518318E-1;;
02/12/2021  12:05:22,271658;9,287038E-1;1,296029E-1;1,243661E-1;9,513074E-1;;
02/12/2021  12:05:22,271758;9,292910E-1;1,276914E-1;1,338441E-1;9,507655E-1;;
02/12/2021  12:05:22,271858;9,286860E-1;1,136739E-1;1,208909E-1;9,502070E-1;;
02/12/2021  12:05:22,271958;9,279588E-1;1,165411E-1;1,129926E-1;9,496330E-1;;
02/12/2021  12:05:22,272058;9,271153E-1;1,273729E-1;1,325804E-1;9,490445E-1;;
02/12/2021  12:05:22,272158;9,271452E-1;1,292843E-1;1,240502E-1;9,484425E-1;;
02/12/2021  12:05:22,272258;9,280392E-1;1,073023E-1;1,287892E-1;9,478282E-1;;
02/12/2021  12:05:22,272358;9,276697E-1;1,241871E-1;1,253139E-1;9,472026E-1;;
02/12/2021  12:05:22,272458;9,270408E-1;1,308772E-1;1,319485E-1;9,465673E-1;;
02/12/2021  12:05:22,272558;9,260007E-1;1,053908E-1;1,246821E-1;9,459234E-1;;
02/12/2021  12:05:22,272658;9,257802E-1;2,797590E-2;6,844617E-2;9,452721E-1;;
02/12/2021  12:05:22,272758;9,269037E-1;1,127182E-1;1,003553E-1;9,446147E-1;;
02/12/2021  12:05:22,272858;9,262809E-1;1,289658E-1;1,237343E-1;9,439524E-1;;
02/12/2021  12:05:22,272958;9,254702E-1;1,216384E-1;1,262617E-1;9,432864E-1;;
02/12/2021  12:05:22,273058;9,240725E-1;1,331073E-1;1,240502E-1;9,426181E-1;;
02/12/2021  12:05:22,273158;9,249844E-1;1,197269E-1;1,050943E-1;9,419484E-1;;
02/12/2021  12:05:22,273258;9,251126E-1;1,283286E-1;1,193112E-1;9,412784E-1;;
02/12/2021  12:05:22,273358;9,241976E-1;1,350188E-1;1,303688E-1;9,406092E-1;;
02/12/2021  12:05:22,273458;9,231307E-1;1,308772E-1;1,458495E-1;9,399419E-1;;
02/12/2021  12:05:22,273558;9,222247E-1;9,551486E-2;8,329497E-2;9,392772E-1;;
02/12/2021  12:05:22,273658;9,228356E-1;1,181340E-1;1,297370E-1;9,386159E-1;;
02/12/2021  12:05:22,273758;9,229429E-1;1,659210E-1;1,881844E-1;9,379587E-1;;
02/12/2021  12:05:22,273858;9,225674E-1;1,321516E-1;1,259458E-1;9,373064E-1;;
02/12/2021  12:05:22,273958;9,221055E-1;1,280100E-1;1,382671E-1;9,366597E-1;;
02/12/2021  12:05:22,274058;9,215750E-1;1,203641E-1;1,240502E-1;9,360194E-1;;
02/12/2021  12:05:22,274158;9,223618E-1;1,114439E-1;1,126766E-1;9,353862E-1;;
02/12/2021  12:05:22,274258;9,233155E-1;1,356559E-1;1,347919E-1;9,347606E-1;;
02/12/2021  12:05:22,274358;9,222515E-1;1,136739E-1;1,215227E-1;9,341437E-1;;
02/12/2021  12:05:22,274458;9,224810E-1;1,222756E-1;1,177316E-1;9,335361E-1;;
02/12/2021  12:05:22,274558;9,224065E-1;9,360338E-2;1,256299E-1;9,329386E-1;;
02/12/2021  12:05:22,274658;9,233393E-1;1,879031E-1;1,783905E-1;9,323520E-1;;
02/12/2021  12:05:22,274758;9,239473E-1;1,130368E-1;1,174156E-1;9,317771E-1;;
02/12/2021  12:05:22,274858;9,242394E-1;1,181340E-1;1,180475E-1;9,312148E-1;;
02/12/2021  12:05:22,274958;9,245553E-1;1,248242E-1;1,205749E-1;9,306660E-1;;
02/12/2021  12:05:22,275058;9,248175E-1;1,146297E-1;1,088855E-1;9,301317E-1;;
02/12/2021  12:05:22,275158;9,259441E-1;1,248242E-1;1,303688E-1;9,296128E-1;;
02/12/2021  12:05:22,275258;9,270379E-1;1,092138E-1;1,092014E-1;9,291103E-1;;
02/12/2021  12:05:22,275358;9,268799E-1;1,082581E-1;1,227865E-1;9,286254E-1;;
02/12/2021  12:05:22,275458;9,266534E-1;1,257800E-1;1,294210E-1;9,281590E-1;;
02/12/2021  12:05:22,275558;9,265670E-1;1,002936E-1;9,561632E-2;9,277121E-1;;
02/12/2021  12:05:22,275658;9,274372E-1;1,334259E-1;1,170997E-1;9,272854E-1;;
02/12/2021  12:05:22,275758;9,280333E-1;1,088952E-1;1,246821E-1;9,268795E-1;;
02/12/2021  12:05:22,275858;9,279290E-1;1,120810E-1;1,268936E-1;9,264952E-1;;
02/12/2021  12:05:22,275958;9,277174E-1;1,506292E-1;1,584868E-1;9,261331E-1;;
02/12/2021  12:05:22,276058;9,286144E-1;1,168597E-1;1,183634E-1;9,257935E-1;;
02/12/2021  12:05:22,276158;9,296456E-1;1,063466E-1;1,186794E-1;9,254769E-1;;
02/12/2021  12:05:22,276258;9,302238E-1;1,206827E-1;1,189953E-1;9,251837E-1;;
02/12/2021  12:05:22,276358;9,298334E-1;1,397975E-1;1,265777E-1;9,249144E-1;;
02/12/2021  12:05:22,276458;9,301165E-1;1,213198E-1;1,366875E-1;9,246693E-1;;
02/12/2021  12:05:22,276558;9,313146E-1;1,041165E-1;1,139404E-1;9,244486E-1;;
02/12/2021  12:05:22,276658;9,322832E-1;9,232906E-2;9,624818E-2;9,242526E-1;;
02/12/2021  12:05:22,276758;9,328643E-1;1,127182E-1;1,189953E-1;9,240814E-1;;
02/12/2021  12:05:22,276858;9,335617E-1;1,264171E-1;1,231024E-1;9,239354E-1;;
02/12/2021  12:05:22,276958;9,328137E-1;1,216384E-1;1,253139E-1;9,238148E-1;;
02/12/2021  12:05:22,277058;9,338866E-1;1,187712E-1;1,098333E-1;9,237196E-1;;
02/12/2021  12:05:22,277158;9,354214E-1;1,095324E-1;9,182514E-2;9,236500E-1;;
02/12/2021  12:05:22,277258;9,352456E-1;1,455319E-1;1,648054E-1;9,236058E-1;;
02/12/2021  12:05:22,277358;9,344886E-1;1,143111E-1;1,234183E-1;9,235871E-1;;
02/12/2021  12:05:22,277458;9,341071E-1;1,114439E-1;1,139404E-1;9,235936E-1;;
02/12/2021  12:05:22,277558;9,347568E-1;1,232313E-1;1,332122E-1;9,236249E-1;;
02/12/2021  12:05:22,277658;9,356867E-1;1,178155E-1;1,186794E-1;9,236803E-1;;
02/12/2021  12:05:22,277758;9,354334E-1;1,324701E-1;1,246821E-1;9,237593E-1;;
02/12/2021  12:05:22,277858;9,353469E-1;1,280100E-1;1,313166E-1;9,238612E-1;;
02/12/2021  12:05:22,277958;9,352635E-1;2,383436E-2;6,686651E-2;9,239852E-1;;
02/12/2021  12:05:22,278058;9,365271E-1;5,378088E-2;8,613836E-2;9,241306E-1;;
02/12/2021  12:05:22,278158;9,375136E-1;1,710183E-1;2,068244E-1;9,242964E-1;;
02/12/2021  12:05:22,278258;9,375226E-1;1,133553E-1;1,104651E-1;9,244821E-1;;
02/12/2021  12:05:22,278358;9,380352E-1;1,171783E-1;1,215227E-1;9,246869E-1;;
02/12/2021  12:05:22,278458;9,377371E-1;1,260985E-1;1,275255E-1;9,249102E-1;;
02/12/2021  12:05:22,278558;9,397250E-1;1,280100E-1;1,287892E-1;9,251511E-1;;
02/12/2021  12:05:22,278658;9,407532E-1;1,238685E-1;1,291051E-1;9,254091E-1;;
02/12/2021  12:05:22,278758;9,408843E-1;1,101695E-1;1,095173E-1;9,256836E-1;;
02/12/2021  12:05:22,278858;9,410125E-1;1,095324E-1;1,224705E-1;9,259742E-1;;
02/12/2021  12:05:22,278958;9,417158E-1;1,340630E-1;1,354238E-1;9,262804E-1;;
02/12/2021  12:05:22,279058;9,435815E-1;1,337445E-1;1,193112E-1;9,266017E-1;;
02/12/2021  12:05:22,279158;9,441448E-1;1,248242E-1;1,208909E-1;9,269377E-1;;
02/12/2021  12:05:22,279258;9,440584E-1;1,245056E-1;1,310007E-1;9,272880E-1;;
02/12/2021  12:05:22,279358;9,444190E-1;1,356559E-1;1,357397E-1;9,276524E-1;;
02/12/2021  12:05:22,279458;9,447826E-1;1,404346E-1;1,474292E-1;9,280303E-1;;
02/12/2021  12:05:22,279558;9,456916E-1;9,232906E-2;9,403666E-2;9,284214E-1;;
02/12/2021  12:05:22,279658;9,465380E-1;1,031608E-1;1,139404E-1;9,288252E-1;;
02/12/2021  12:05:22,279758;9,463949E-1;1,378860E-1;1,335282E-1;9,292411E-1;;
02/12/2021  12:05:22,279858;9,467168E-1;1,407532E-1;1,351078E-1;9,296688E-1;;
02/12/2021  12:05:22,279958;9,472711E-1;1,385232E-1;1,426902E-1;9,301076E-1;;
02/12/2021  12:05:22,280058;9,486123E-1;1,254614E-1;1,215227E-1;9,305571E-1;;
02/12/2021  12:05:22,280158;9,486272E-1;1,251428E-1;1,231024E-1;9,310167E-1;;
02/12/2021  12:05:22,280258;9,486093E-1;1,420275E-1;1,471132E-1;9,314859E-1;;
02/12/2021  12:05:22,280358;9,482844E-1;1,423461E-1;1,840773E-1;9,319642E-1;;
02/12/2021  12:05:22,280458;9,484960E-1;1,280100E-1;1,221546E-1;9,324508E-1;;
02/12/2021  12:05:22,280558;9,491934E-1;1,219570E-1;1,177316E-1;9,329449E-1;;
02/12/2021  12:05:22,280658;9,497567E-1;1,085766E-1;1,193112E-1;9,334459E-1;;
02/12/2021  12:05:22,280758;9,495481E-1;1,190898E-1;1,265777E-1;9,339528E-1;;
02/12/2021  12:05:22,280858;9,492471E-1;1,181340E-1;1,183634E-1;9,344650E-1;;
02/12/2021  12:05:22,280958;9,504273E-1;1,104881E-1;1,167838E-1;9,349816E-1;;
02/12/2021  12:05:22,281058;9,512617E-1;1,057094E-1;1,202590E-1;9,355018E-1;;
02/12/2021  12:05:22,281158;9,515538E-1;1,200455E-1;1,294210E-1;9,360249E-1;;
02/12/2021  12:05:22,281258;9,511872E-1;1,181340E-1;1,205749E-1;9,365504E-1;;
02/12/2021  12:05:22,281358;9,507879E-1;8,818752E-2;9,245700E-2;9,370775E-1;;
02/12/2021  12:05:22,281458;9,511217E-1;1,232313E-1;1,591187E-1;9,376054E-1;;
02/12/2021  12:05:22,281558;9,519532E-1;9,328480E-2;8,929768E-2;9,381335E-1;;
02/12/2021  12:05:22,281658;9,518369E-1;1,108067E-1;1,303688E-1;9,386608E-1;;
02/12/2021  12:05:22,281758;9,515061E-1;1,006121E-1;1,205749E-1;9,391867E-1;;
02/12/2021  12:05:22,281858;9,510114E-1;-2,926362E-3;5,359736E-2;9,397104E-1;;
02/12/2021  12:05:22,281958;9,517863E-1;-5,914200E-5;6,023194E-2;9,402311E-1;;
02/12/2021  12:05:22,282058;9,519711E-1;9,487770E-2;1,110970E-1;9,407480E-1;;
02/12/2021  12:05:22,282158;9,525194E-1;9,710776E-2;9,435259E-2;9,412602E-1;;
02/12/2021  12:05:22,282258;9,516432E-1;1,219570E-1;1,572231E-1;9,417672E-1;;
02/12/2021  12:05:22,282358;9,512290E-1;1,037979E-1;1,193112E-1;9,422683E-1;;
02/12/2021  12:05:22,282458;9,521201E-1;1,092138E-1;1,170997E-1;9,427626E-1;;
02/12/2021  12:05:22,282558;9,524419E-1;1,882216E-1;1,859729E-1;9,432495E-1;;
02/12/2021  12:05:22,282658;9,526744E-1;1,318330E-1;1,297370E-1;9,437284E-1;;
02/12/2021  12:05:22,282758;9,514525E-1;3,768210E-1;2,377857E-1;9,441987E-1;;
02/12/2021  12:05:22,282858;9,515866E-1;1,359745E-1;1,322644E-1;9,446598E-1;;
02/12/2021  12:05:22,282958;9,517505E-1;1,343816E-1;1,155200E-1;9,451112E-1;;
02/12/2021  12:05:22,283058;9,533509E-1;1,573194E-1;1,521681E-1;9,455522E-1;;
02/12/2021  12:05:22,283158;9,531334E-1;1,662396E-1;1,512204E-1;9,459824E-1;;
02/12/2021  12:05:22,283258;9,517475E-1;1,563636E-1;1,401627E-1;9,464016E-1;;
02/12/2021  12:05:22,283358;9,514257E-1;1,267357E-1;1,370034E-1;9,468095E-1;;
02/12/2021  12:05:22,283458;9,515061E-1;1,598680E-1;1,556434E-1;9,472055E-1;;
02/12/2021  12:05:22,283558;9,521499E-1;1,560451E-1;1,486929E-1;9,475891E-1;;
02/12/2021  12:05:22,283658;9,518101E-1;1,483991E-1;1,493248E-1;9,479601E-1;;
02/12/2021  12:05:22,283758;9,514853E-1;1,461691E-1;1,351078E-1;9,483181E-1;;
02/12/2021  12:05:22,283858;9,514882E-1;1,888588E-1;2,153545E-1;9,486629E-1;;
02/12/2021  12:05:22,283958;9,518280E-1;1,382046E-1;1,509044E-1;9,489940E-1;;
02/12/2021  12:05:22,284058;9,519562E-1;1,302401E-1;1,310007E-1;9,493114E-1;;
02/12/2021  12:05:22,284158;9,515628E-1;1,171783E-1;1,360556E-1;9,496150E-1;;
02/12/2021  12:05:22,284258;9,506091E-1;1,264171E-1;1,275255E-1;9,499046E-1;;
02/12/2021  12:05:22,284358;9,507163E-1;1,257800E-1;1,253139E-1;9,501800E-1;;
02/12/2021  12:05:22,284458;9,511664E-1;1,203641E-1;1,101492E-1;9,504411E-1;;
02/12/2021  12:05:22,284558;9,507551E-1;1,241871E-1;1,322644E-1;9,506877E-1;;
02/12/2021  12:05:22,284658;9,503647E-1;1,483991E-1;1,480610E-1;9,509199E-1;;
02/12/2021  12:05:22,284758;9,499653E-1;1,783457E-1;1,651214E-1;9,511375E-1;;
02/12/2021  12:05:22,284858;9,500905E-1;1,018865E-1;1,180475E-1;9,513404E-1;;
02/12/2021  12:05:22,284958;9,507312E-1;1,337445E-1;1,518522E-1;9,515286E-1;;
02/12/2021  12:05:22,285058;9,500994E-1;1,382046E-1;1,464814E-1;9,517023E-1;;
02/12/2021  12:05:22,285158;9,496047E-1;1,388417E-1;1,275255E-1;9,518615E-1;;
02/12/2021  12:05:22,285258;9,481294E-1;1,324701E-1;1,341600E-1;9,520062E-1;;
02/12/2021  12:05:22,285358;9,480013E-1;1,238685E-1;1,246821E-1;9,521365E-1;;
02/12/2021  12:05:22,285458;9,480698E-1;1,506292E-1;1,401627E-1;9,522521E-1;;
02/12/2021  12:05:22,285558;9,474261E-1;1,340630E-1;1,417424E-1;9,523529E-1;;
02/12/2021  12:05:22,285658;9,473695E-1;1,324701E-1;1,275255E-1;9,524390E-1;;
02/12/2021  12:05:22,285758;9,461356E-1;1,388417E-1;1,363715E-1;9,525101E-1;;
02/12/2021  12:05:22,285858;9,461654E-1;1,302401E-1;1,328963E-1;9,525662E-1;;
02/12/2021  12:05:22,285958;9,464247E-1;1,127182E-1;9,593225E-2;9,526073E-1;;
02/12/2021  12:05:22,286058;9,460432E-1;1,356559E-1;1,066739E-1;9,526332E-1;;
02/12/2021  12:05:22,286158;9,452594E-1;1,308772E-1;1,278414E-1;9,526442E-1;;
02/12/2021  12:05:22,286258;9,447945E-1;1,123996E-1;1,126766E-1;9,526402E-1;;
02/12/2021  12:05:22,286358;9,448511E-1;1,483991E-1;1,657532E-1;9,526212E-1;;
02/12/2021  12:05:22,286458;9,450389E-1;1,101695E-1;1,142563E-1;9,525875E-1;;
02/12/2021  12:05:22,286558;9,449554E-1;1,178155E-1;1,133085E-1;9,525392E-1;;
02/12/2021  12:05:22,286658;9,443832E-1;1,073023E-1;1,104651E-1;9,524765E-1;;
02/12/2021  12:05:22,286758;9,433878E-1;1,286472E-1;1,300529E-1;9,523999E-1;;
02/12/2021  12:05:22,286858;9,439481E-1;1,582751E-1;1,493248E-1;9,523095E-1;;
02/12/2021  12:05:22,286958;9,440762E-1;9,232906E-2;1,550115E-1;9,522056E-1;;
02/12/2021  12:05:22,287058;9,436918E-1;1,359745E-1;1,287892E-1;9,520887E-1;;
02/12/2021  12:05:22,287158;9,428871E-1;1,241871E-1;1,379512E-1;9,519593E-1;;
02/12/2021  12:05:22,287258;9,415370E-1;1,509478E-1;1,515363E-1;9,518176E-1;;
02/12/2021  12:05:22,287358;9,417188E-1;1,248242E-1;1,284732E-1;9,516640E-1;;
02/12/2021  12:05:22,287458;9,413344E-1;1,270543E-1;1,373193E-1;9,514987E-1;;
02/12/2021  12:05:22,287558;9,412867E-1;1,321516E-1;1,284732E-1;9,513219E-1;;
02/12/2021  12:05:22,287658;9,397697E-1;1,219570E-1;1,351078E-1;9,511340E-1;;
02/12/2021  12:05:22,287758;9,395551E-1;1,324701E-1;1,265777E-1;9,509351E-1;;
02/12/2021  12:05:22,287858;9,398502E-1;1,222756E-1;1,186794E-1;9,507254E-1;;
02/12/2021  12:05:22,287958;9,396594E-1;1,174969E-1;1,227865E-1;9,505051E-1;;
02/12/2021  12:05:22,288058;9,388160E-1;1,063466E-1;1,259458E-1;9,502746E-1;;
02/12/2021  12:05:22,288158;9,383451E-1;1,464877E-1;1,395309E-1;9,500342E-1;;
02/12/2021  12:05:22,288258;9,378176E-1;1,257800E-1;1,417424E-1;9,497841E-1;;
02/12/2021  12:05:22,288358;9,377014E-1;1,101695E-1;1,417424E-1;9,495246E-1;;
02/12/2021  12:05:22,288458;9,376507E-1;1,200455E-1;1,167838E-1;9,492559E-1;;
02/12/2021  12:05:22,288558;9,372424E-1;1,429833E-1;1,373193E-1;9,489785E-1;;
02/12/2021  12:05:22,288658;9,364646E-1;1,280100E-1;1,249980E-1;9,486926E-1;;
02/12/2021  12:05:22,288758;9,360861E-1;1,037979E-1;1,518522E-1;9,483986E-1;;
02/12/2021  12:05:22,288858;9,366404E-1;1,136739E-1;1,240502E-1;9,480967E-1;;
02/12/2021  12:05:22,288958;9,363841E-1;1,477620E-1;1,496407E-1;9,477875E-1;;
02/12/2021  12:05:22,289058;9,359072E-1;1,267357E-1;1,319485E-1;9,474714E-1;;
02/12/2021  12:05:22,289158;9,339343E-1;2,178496E-1;1,711241E-1;9,471487E-1;;
02/12/2021  12:05:22,289258;9,342979E-1;1,308772E-1;1,205749E-1;9,468198E-1;;
02/12/2021  12:05:22,289358;9,338121E-1;1,327887E-1;1,351078E-1;9,464850E-1;;
02/12/2021  12:05:22,289458;9,334246E-1;1,410718E-1;1,407946E-1;9,461444E-1;;
02/12/2021  12:05:22,289558;9,338896E-1;1,413904E-1;1,404787E-1;9,457983E-1;;
02/12/2021  12:05:22,289658;9,327183E-1;1,123996E-1;1,360556E-1;9,454471E-1;;
02/12/2021  12:05:22,289758;9,327630E-1;1,133553E-1;1,221546E-1;9,450910E-1;;
02/12/2021  12:05:22,289858;9,329567E-1;1,509478E-1;1,565912E-1;9,447304E-1;;
02/12/2021  12:05:22,289958;9,328196E-1;1,407532E-1;1,392149E-1;9,443657E-1;;
02/12/2021  12:05:22,290058;9,323011E-1;1,385232E-1;1,265777E-1;9,439974E-1;;
02/12/2021  12:05:22,290158;9,314785E-1;1,041165E-1;9,214107E-2;9,436259E-1;;
02/12/2021  12:05:22,290258;9,325186E-1;1,873708E-2;8,361090E-2;9,432515E-1;;
02/12/2021  12:05:22,290358;9,328107E-1;1,426647E-1;1,433221E-1;9,428748E-1;;
02/12/2021  12:05:22,290458;9,323428E-1;1,066652E-1;1,139404E-1;9,424963E-1;;
02/12/2021  12:05:22,290558;9,320388E-1;1,174969E-1;1,164678E-1;9,421168E-1;;
02/12/2021  12:05:22,290658;9,316365E-1;1,308772E-1;1,300529E-1;9,417367E-1;;
02/12/2021  12:05:22,290758;9,316096E-1;9,551486E-2;7,792413E-2;9,413567E-1;;
02/12/2021  12:05:22,290858;9,320358E-1;1,270543E-1;1,180475E-1;9,409772E-1;;
02/12/2021  12:05:22,290958;9,320001E-1;1,245056E-1;1,114129E-1;9,405989E-1;;
02/12/2021  12:05:22,291058;9,310881E-1;1,347002E-1;1,392149E-1;9,402222E-1;;
02/12/2021  12:05:22,291158;9,304175E-1;1,213198E-1;1,275255E-1;9,398478E-1;;
02/12/2021  12:05:22,291258;9,301612E-1;1,184526E-1;1,110970E-1;9,394760E-1;;
02/12/2021  12:05:22,291358;9,300480E-1;1,337445E-1;1,332122E-1;9,391070E-1;;
02/12/2021  12:05:22,291458;9,299377E-1;1,088952E-1;1,031987E-1;9,387412E-1;;
02/12/2021  12:05:22,291558;9,290078E-1;1,350188E-1;1,322644E-1;9,383787E-1;;
02/12/2021  12:05:22,291658;9,277561E-1;1,439390E-1;1,303688E-1;9,380198E-1;;
02/12/2021  12:05:22,291758;9,287784E-1;1,436204E-1;1,458495E-1;9,376644E-1;;
02/12/2021  12:05:22,291858;9,288201E-1;1,165411E-1;1,310007E-1;9,373125E-1;;
02/12/2021  12:05:22,291958;9,278068E-1;1,225942E-1;1,240502E-1;9,369643E-1;;
02/12/2021  12:05:22,292058;9,274640E-1;1,235499E-1;1,120448E-1;9,366199E-1;;
02/12/2021  12:05:22,292158;9,270915E-1;1,127182E-1;1,730197E-1;9,362792E-1;;
02/12/2021  12:05:22,292258;9,268084E-1;1,429833E-1;1,518522E-1;9,359421E-1;;
02/12/2021  12:05:22,292358;9,271183E-1;1,216384E-1;1,234183E-1;9,356087E-1;;
02/12/2021  12:05:22,292458;9,273031E-1;1,289658E-1;1,341600E-1;9,352790E-1;;
02/12/2021  12:05:22,292558;9,262093E-1;1,022050E-1;9,877564E-2;9,349529E-1;;
02/12/2021  12:05:22,292658;9,261885E-1;-1,949252E-2;2,895467E-2;9,346306E-1;;
02/12/2021  12:05:22,292758;9,276339E-1;1,257800E-1;1,436380E-1;9,343120E-1;;
02/12/2021  12:05:22,292858;9,275415E-1;1,165411E-1;1,231024E-1;9,339973E-1;;
02/12/2021  12:05:22,292958;9,274283E-1;1,327887E-1;1,414265E-1;9,336868E-1;;
02/12/2021  12:05:22,293058;9,264746E-1;1,404346E-1;1,332122E-1;9,333808E-1;;
02/12/2021  12:05:22,293158;9,260275E-1;1,292843E-1;1,442698E-1;9,330795E-1;;
02/12/2021  12:05:22,293258;9,266832E-1;1,111253E-1;9,530039E-2;9,327830E-1;;
02/12/2021  12:05:22,293358;9,272673E-1;1,369303E-1;1,319485E-1;9,324915E-1;;
02/12/2021  12:05:22,293458;9,271183E-1;1,350188E-1;1,439539E-1;9,322051E-1;;
02/12/2021  12:05:22,293558;9,268650E-1;9,583344E-2;1,145722E-1;9,319241E-1;;
02/12/2021  12:05:22,293658;9,265372E-1;1,238685E-1;1,262617E-1;9,316488E-1;;
02/12/2021  12:05:22,293758;9,273895E-1;1,522221E-1;1,575390E-1;9,313795E-1;;
02/12/2021  12:05:22,293858;9,278813E-1;1,315144E-1;1,335282E-1;9,311164E-1;;
02/12/2021  12:05:22,293958;9,279171E-1;9,424054E-2;9,403666E-2;9,308597E-1;;
02/12/2021  12:05:22,294058;9,274611E-1;1,120810E-1;1,404787E-1;9,306101E-1;;
02/12/2021  12:05:22,294158;9,276488E-1;1,044351E-1;1,057261E-1;9,303676E-1;;
02/12/2021  12:05:22,294258;9,285340E-1;9,232906E-2;9,435259E-2;9,301327E-1;;
02/12/2021  12:05:22,294358;9,293446E-1;1,028422E-1;1,129926E-1;9,299057E-1;;
02/12/2021  12:05:22,294458;9,291896E-1;1,009307E-1;9,972343E-2;9,296871E-1;;
02/12/2021  12:05:22,294558;9,292701E-1;1,111253E-1;1,259458E-1;9,294774E-1;;
02/12/2021  12:05:22,294658;9,301582E-1;1,018865E-1;1,098333E-1;9,292770E-1;;
02/12/2021  12:05:22,294758;9,307036E-1;5,059508E-2;3,400958E-2;9,290864E-1;;
02/12/2021  12:05:22,294858;9,311686E-1;1,037979E-1;1,524841E-1;9,289062E-1;;
02/12/2021  12:05:22,294958;9,306708E-1;7,735580E-2;9,845971E-2;9,287368E-1;;
02/12/2021  12:05:22,295058;9,299407E-1;8,946184E-2;1,095173E-1;9,285787E-1;;
02/12/2021  12:05:22,295158;9,302923E-1;-8,979382E-3;4,443533E-2;9,284322E-1;;
02/12/2021  12:05:22,295258;9,310970E-1;7,162136E-2;7,476481E-2;9,282973E-1;;
02/12/2021  12:05:22,295358;9,307573E-1;7,703722E-2;9,688005E-2;9,281743E-1;;
02/12/2021  12:05:22,295458;9,308556E-1;1,114439E-1;1,253139E-1;9,280633E-1;;
02/12/2021  12:05:22,295558;9,302894E-1;1,034794E-1;1,237343E-1;9,279643E-1;;
02/12/2021  12:05:22,295658;9,314547E-1;1,458505E-1;1,499566E-1;9,278771E-1;;
02/12/2021  12:05:22,295758;9,315322E-1;1,098510E-1;1,227865E-1;9,278019E-1;;
02/12/2021  12:05:22,295858;9,318421E-1;1,254614E-1;1,224705E-1;9,277385E-1;;
02/12/2021  12:05:22,295958;9,319703E-1;1,620981E-1;1,701763E-1;9,276870E-1;;
02/12/2021  12:05:22,296058;9,313295E-1;1,347002E-1;1,177316E-1;9,276473E-1;;
02/12/2021  12:05:22,296158;9,323398E-1;1,429833E-1;1,249980E-1;9,276191E-1;;
02/12/2021  12:05:22,296258;9,332488E-1;1,531778E-1;1,420583E-1;9,276025E-1;;
02/12/2021  12:05:22,296358;9,332876E-1;1,777085E-1;1,569071E-1;9,275974E-1;;
02/12/2021  12:05:22,296458;9,330581E-1;1,726112E-1;1,692285E-1;9,276036E-1;;
02/12/2021  12:05:22,296558;9,325157E-1;1,560451E-1;1,395309E-1;9,276212E-1;;
02/12/2021  12:05:22,296658;9,339879E-1;9,615202E-2;9,372073E-2;9,276498E-1;;
02/12/2021  12:05:22,296758;9,342085E-1;1,114439E-1;1,205749E-1;9,276894E-1;;
02/12/2021  12:05:22,296858;9,339015E-1;1,372488E-1;1,328963E-1;9,277397E-1;;
02/12/2021  12:05:22,296958;9,328673E-1;1,311958E-1;1,262617E-1;9,278006E-1;;
02/12/2021  12:05:22,297058;9,320507E-1;1,216384E-1;1,531159E-1;9,278716E-1;;
02/12/2021  12:05:22,297158;9,324650E-1;9,965640E-2;1,414265E-1;9,279522E-1;;
02/12/2021  12:05:22,297258;9,328435E-1;1,235499E-1;1,291051E-1;9,280417E-1;;
02/12/2021  12:05:22,297358;9,317706E-1;1,391603E-1;1,370034E-1;9,281394E-1;;
02/12/2021  12:05:22,297458;9,312669E-1;1,088952E-1;1,139404E-1;9,282445E-1;;
02/12/2021  12:05:22,297558;9,314934E-1;1,098510E-1;1,221546E-1;9,283563E-1;;
02/12/2021  12:05:22,297658;9,313772E-1;1,382046E-1;1,379512E-1;9,284738E-1;;
02/12/2021  12:05:22,297758;9,314576E-1;1,420275E-1;1,354238E-1;9,285962E-1;;
02/12/2021  12:05:22,297858;9,315798E-1;1,241871E-1;1,328963E-1;9,287227E-1;;
02/12/2021  12:05:22,297958;9,305934E-1;1,257800E-1;1,189953E-1;9,288525E-1;;
02/12/2021  12:05:22,298058;9,296069E-1;1,311958E-1;1,341600E-1;9,289847E-1;;
02/12/2021  12:05:22,298158;9,307781E-1;1,225942E-1;1,240502E-1;9,291185E-1;;
02/12/2021  12:05:22,298258;9,314934E-1;1,111253E-1;1,101492E-1;9,292529E-1;;
02/12/2021  12:05:22,298358;9,312341E-1;1,178155E-1;1,212068E-1;9,293873E-1;;
02/12/2021  12:05:22,298458;9,313861E-1;1,350188E-1;1,275255E-1;9,295212E-1;;
02/12/2021  12:05:22,298558;9,315500E-1;1,331073E-1;1,351078E-1;9,296540E-1;;
02/12/2021  12:05:22,298658;9,325455E-1;1,130368E-1;1,268936E-1;9,297854E-1;;
02/12/2021  12:05:22,298758;9,328196E-1;1,149482E-1;1,322644E-1;9,299152E-1;;
02/12/2021  12:05:22,298858;9,323249E-1;1,015679E-1;1,110970E-1;9,300431E-1;;
02/12/2021  12:05:22,298958;9,318242E-1;8,309024E-2;7,602853E-2;9,301690E-1;;
02/12/2021  12:05:22,299058;9,321014E-1;1,299215E-1;1,265777E-1;9,302927E-1;;
02/12/2021  12:05:22,299158;9,327392E-1;1,413904E-1;1,613302E-1;9,304140E-1;;
02/12/2021  12:05:22,299258;9,324471E-1;1,455319E-1;1,452176E-1;9,305328E-1;;
02/12/2021  12:05:22,299358;9,327004E-1;1,213198E-1;1,234183E-1;9,306488E-1;;
02/12/2021  12:05:22,299458;9,324739E-1;1,509478E-1;1,524841E-1;9,307621E-1;;
02/12/2021  12:05:22,299558;9,327898E-1;7,799296E-2;6,686651E-2;9,308726E-1;;
02/12/2021  12:05:22,299658;9,336243E-1;1,289658E-1;1,205749E-1;9,309803E-1;;
02/12/2021  12:05:22,299758;9,330104E-1;1,127182E-1;8,929768E-2;9,310851E-1;;
02/12/2021  12:05:22,299858;9,328167E-1;1,289658E-1;1,262617E-1;9,311872E-1;;
02/12/2021  12:05:22,299958;9,329716E-1;1,407532E-1;1,373193E-1;9,312865E-1;;
02/12/2021  12:05:22,300058;9,330730E-1;1,343816E-1;1,076217E-1;9,313830E-1;;
02/12/2021  12:05:22,300158;9,341608E-1;1,280100E-1;1,265777E-1;9,314769E-1;;
02/12/2021  12:05:22,300258;9,339462E-1;6,907272E-2;7,981972E-2;9,315681E-1;;
02/12/2021  12:05:22,300358;9,339760E-1;1,066652E-1;1,208909E-1;9,316569E-1;;
02/12/2021  12:05:22,300458;9,341399E-1;1,190898E-1;1,129926E-1;9,317434E-1;;
02/12/2021  12:05:22,300558;9,352635E-1;1,245056E-1;1,246821E-1;9,318280E-1;;
02/12/2021  12:05:22,300658;9,365152E-1;1,241871E-1;1,471132E-1;9,319108E-1;;
02/12/2021  12:05:22,300758;9,374361E-1;1,356559E-1;1,332122E-1;9,319924E-1;;
02/12/2021  12:05:22,300858;9,366642E-1;1,254614E-1;1,095173E-1;9,320735E-1;;
02/12/2021  12:05:22,300958;9,364735E-1;8,532030E-2;1,351078E-1;9,321547E-1;;
02/12/2021  12:05:22,301058;9,375315E-1;1,206827E-1;1,268936E-1;9,322364E-1;;
02/12/2021  12:05:22,301158;9,384465E-1;1,296029E-1;1,401627E-1;9,323191E-1;;
02/12/2021  12:05:22,301258;9,387892E-1;1,334259E-1;1,360556E-1;9,324034E-1;;
02/12/2021  12:05:22,301358;9,388011E-1;8,213450E-2;9,561632E-2;9,324900E-1;;
02/12/2021  12:05:22,301458;9,389918E-1;1,210013E-1;7,981972E-2;9,325793E-1;;
02/12/2021  12:05:22,301558;9,405714E-1;1,547707E-1;1,698603E-1;9,326720E-1;;
02/12/2021  12:05:22,301658;9,414387E-1;1,152668E-1;1,224705E-1;9,327686E-1;;
02/12/2021  12:05:22,301758;9,420228E-1;1,241871E-1;1,370034E-1;9,328698E-1;;
02/12/2021  12:05:22,301858;9,422135E-1;1,276914E-1;1,268936E-1;9,329765E-1;;
02/12/2021  12:05:22,301958;9,427887E-1;1,315144E-1;1,174156E-1;9,330893E-1;;
02/12/2021  12:05:22,302058;9,438259E-1;9,678918E-2;9,214107E-2;9,332089E-1;;
02/12/2021  12:05:22,302158;9,442670E-1;1,347002E-1;1,300529E-1;9,333360E-1;;
02/12/2021  12:05:22,302258;9,450925E-1;1,554079E-1;1,632258E-1;9,334712E-1;;
02/12/2021  12:05:22,302358;9,458674E-1;1,162226E-1;1,208909E-1;9,336152E-1;;
02/12/2021  12:05:22,302458;9,459777E-1;1,331073E-1;1,284732E-1;9,337687E-1;;
02/12/2021  12:05:22,302558;9,476377E-1;1,608238E-1;1,657532E-1;9,339324E-1;;
02/12/2021  12:05:22,302658;9,486957E-1;1,190898E-1;1,294210E-1;9,341067E-1;;
02/12/2021  12:05:22,302758;9,489133E-1;1,225942E-1;1,114129E-1;9,342925E-1;;
02/12/2021  12:05:22,302858;9,484901E-1;1,155854E-1;1,357397E-1;9,344904E-1;;
02/12/2021  12:05:22,302958;9,493335E-1;1,560451E-1;1,490088E-1;9,347008E-1;;
02/12/2021  12:05:22,303058;9,506538E-1;6,716124E-2;8,455870E-2;9,349240E-1;;
02/12/2021  12:05:22,303158;9,509995E-1;1,273729E-1;1,322644E-1;9,351605E-1;;
02/12/2021  12:05:22,303258;9,522661E-1;1,143111E-1;1,110970E-1;9,354106E-1;;
02/12/2021  12:05:22,303358;9,518846E-1;1,187712E-1;1,325804E-1;9,356746E-1;;
02/12/2021  12:05:22,303458;9,527370E-1;1,385232E-1;1,373193E-1;9,359527E-1;;
02/12/2021  12:05:22,303558;9,544566E-1;7,034704E-2;7,097362E-2;9,362452E-1;;
02/12/2021  12:05:22,303658;9,552166E-1;1,394789E-1;1,003553E-1;9,365522E-1;;
02/12/2021  12:05:22,303758;9,552971E-1;1,308772E-1;1,303688E-1;9,368741E-1;;
02/12/2021  12:05:22,303858;9,556696E-1;1,385232E-1;1,303688E-1;9,372109E-1;;
02/12/2021  12:05:22,303958;9,568796E-1;1,292843E-1;1,376353E-1;9,375627E-1;;
02/12/2021  12:05:22,304058;9,579048E-1;1,369303E-1;1,531159E-1;9,379296E-1;;
02/12/2021  12:05:22,304158;9,582356E-1;1,162226E-1;1,218387E-1;9,383117E-1;;
02/12/2021  12:05:22,304258;9,588406E-1;1,245056E-1;1,243661E-1;9,387089E-1;;
02/12/2021  12:05:22,304358;9,593592E-1;1,474434E-1;1,430061E-1;9,391212E-1;;
02/12/2021  12:05:22,304458;9,613411E-1;1,522221E-1;1,449017E-1;9,395485E-1;;
02/12/2021  12:05:22,304558;9,623753E-1;1,311958E-1;1,297370E-1;9,399907E-1;;
02/12/2021  12:05:22,304658;9,627001E-1;1,547707E-1;1,439539E-1;9,404480E-1;;
02/12/2021  12:05:22,304758;9,631472E-1;1,375674E-1;1,496407E-1;9,409203E-1;;
02/12/2021  12:05:22,304858;9,628611E-1;1,251428E-1;1,294210E-1;9,414075E-1;;
02/12/2021  12:05:22,304958;9,630637E-1;1,238685E-1;1,268936E-1;9,419094E-1;;
02/12/2021  12:05:22,305058;9,642409E-1;1,464877E-1;1,644895E-1;9,424255E-1;;
02/12/2021  12:05:22,305158;9,642469E-1;1,232313E-1;1,246821E-1;9,429552E-1;;
02/12/2021  12:05:22,305258;9,637254E-1;1,327887E-1;1,373193E-1;9,434981E-1;;
02/12/2021  12:05:22,305358;9,629177E-1;1,254614E-1;1,294210E-1;9,440533E-1;;
02/12/2021  12:05:22,305458;9,641575E-1;1,194084E-1;1,180475E-1;9,446199E-1;;
02/12/2021  12:05:22,305558;9,643989E-1;1,474434E-1;1,430061E-1;9,451969E-1;;
02/12/2021  12:05:22,305658;9,640562E-1;1,311958E-1;1,284732E-1;9,457832E-1;;
02/12/2021  12:05:22,305758;9,639519E-1;1,426647E-1;1,382671E-1;9,463777E-1;;
02/12/2021  12:05:22,305858;9,629028E-1;1,388417E-1;9,182514E-2;9,469792E-1;;
02/12/2021  12:05:22,305958;9,636508E-1;1,570008E-1;1,796542E-1;9,475864E-1;;
02/12/2021  12:05:22,306058;9,631889E-1;1,327887E-1;1,272095E-1;9,481977E-1;;
02/12/2021  12:05:22,306158;9,632634E-1;1,547707E-1;1,420583E-1;9,488119E-1;;
02/12/2021  12:05:22,306258;9,624647E-1;1,340630E-1;1,259458E-1;9,494273E-1;;
02/12/2021  12:05:22,306358;9,621547E-1;1,474434E-1;1,376353E-1;9,500426E-1;;
02/12/2021  12:05:22,306458;9,624557E-1;1,461691E-1;1,553275E-1;9,506561E-1;;
02/12/2021  12:05:22,306558;9,624379E-1;1,171783E-1;1,170997E-1;9,512662E-1;;
02/12/2021  12:05:22,306658;9,620653E-1;1,168597E-1;1,193112E-1;9,518715E-1;;
02/12/2021  12:05:22,306758;9,608523E-1;1,098510E-1;1,177316E-1;9,524706E-1;;
02/12/2021  12:05:22,306858;9,598688E-1;1,229127E-1;1,152041E-1;9,530618E-1;;
02/12/2021  12:05:22,306958;9,605066E-1;1,203641E-1;1,227865E-1;9,536436E-1;;
02/12/2021  12:05:22,307058;9,599165E-1;1,149482E-1;1,196272E-1;9,542143E-1;;
02/12/2021  12:05:22,307158;9,593801E-1;1,216384E-1;1,354238E-1;9,547725E-1;;
02/12/2021  12:05:22,307258;9,583191E-1;1,136739E-1;1,322644E-1;9,553166E-1;;
02/12/2021  12:05:22,307358;9,581462E-1;1,101695E-1;1,208909E-1;9,558452E-1;;
02/12/2021  12:05:22,307458;9,589301E-1;1,554079E-1;1,401627E-1;9,563569E-1;;
02/12/2021  12:05:22,307558;9,585992E-1;1,057094E-1;1,170997E-1;9,568504E-1;;
02/12/2021  12:05:22,307658;9,580896E-1;1,254614E-1;1,291051E-1;9,573247E-1;;
02/12/2021  12:05:22,307758;9,573356E-1;5,792242E-2;8,929768E-2;9,577789E-1;;
02/12/2021  12:05:22,307858;9,572968E-1;1,120810E-1;1,303688E-1;9,582119E-1;;
02/12/2021  12:05:22,307958;9,575353E-1;1,171783E-1;1,455336E-1;9,586230E-1;;
02/12/2021  12:05:22,308058;9,575323E-1;8,914326E-2;1,117289E-1;9,590113E-1;;
02/12/2021  12:05:22,308158;9,571389E-1;1,063466E-1;1,161519E-1;9,593766E-1;;
02/12/2021  12:05:22,308258;9,563104E-1;9,870066E-2;1,092014E-1;9,597182E-1;;
02/12/2021  12:05:22,308358;9,567366E-1;4,549780E-2;7,318515E-2;9,600358E-1;;
02/12/2021  12:05:22,308458;9,574190E-1;1,092138E-1;1,009872E-1;9,603292E-1;;
02/12/2021  12:05:22,308558;9,569303E-1;1,225942E-1;1,208909E-1;9,605983E-1;;
02/12/2021  12:05:22,308658;9,561226E-1;1,066652E-1;1,199431E-1;9,608431E-1;;
02/12/2021  12:05:22,308758;9,554908E-1;1,146297E-1;1,297370E-1;9,610637E-1;;
02/12/2021  12:05:22,308858;9,554818E-1;1,006121E-1;8,297904E-2;9,612602E-1;;
02/12/2021  12:05:22,308958;9,562627E-1;1,506292E-1;1,338441E-1;9,614327E-1;;
02/12/2021  12:05:22,309058;9,559498E-1;1,605052E-1;1,455336E-1;9,615814E-1;;
02/12/2021  12:05:22,309158;9,554967E-1;1,706997E-1;1,464814E-1;9,617068E-1;;
02/12/2021  12:05:22,309258;9,553835E-1;1,828058E-1;1,534319E-1;9,618092E-1;;
02/12/2021  12:05:22,309358;9,552494E-1;1,659210E-1;1,606983E-1;9,618893E-1;;
02/12/2021  12:05:22,309458;9,558454E-1;1,847173E-1;1,922915E-1;9,619475E-1;;
02/12/2021  12:05:22,309558;9,558335E-1;1,630538E-1;1,515363E-1;9,619844E-1;;
02/12/2021  12:05:22,309658;9,549365E-1;1,455319E-1;1,534319E-1;9,620010E-1;;
02/12/2021  12:05:22,309758;9,545818E-1;8,627604E-2;1,306848E-1;9,619978E-1;;
02/12/2021  12:05:22,309858;9,548649E-1;9,169190E-2;1,164678E-1;9,619757E-1;;
02/12/2021  12:05:22,309958;9,549096E-1;1,474434E-1;1,483770E-1;9,619353E-1;;
02/12/2021  12:05:22,310058;9,543046E-1;1,216384E-1;1,234183E-1;9,618773E-1;;
02/12/2021  12:05:22,310158;9,536907E-1;1,152668E-1;1,246821E-1;9,618027E-1;;
02/12/2021  12:05:22,310258;9,532228E-1;1,417090E-1;2,011376E-1;9,617121E-1;;
02/12/2021  12:05:22,310358;9,536400E-1;1,468062E-1;1,654373E-1;9,616060E-1;;
02/12/2021  12:05:22,310458;9,533122E-1;1,159040E-1;1,133085E-1;9,614854E-1;;
02/12/2021  12:05:22,310558;9,534105E-1;1,359745E-1;1,313166E-1;9,613508E-1;;
02/12/2021  12:05:22,310658;9,527042E-1;1,257800E-1;1,284732E-1;9,612030E-1;;
02/12/2021  12:05:22,310758;9,517684E-1;1,159040E-1;1,101492E-1;9,610427E-1;;
02/12/2021  12:05:22,310858;9,522631E-1;1,222756E-1;1,237343E-1;9,608706E-1;;
02/12/2021  12:05:22,310958;9,515628E-1;1,235499E-1;1,246821E-1;9,606873E-1;;
02/12/2021  12:05:22,311058;9,513243E-1;1,187712E-1;1,325804E-1;9,604933E-1;;
02/12/2021  12:05:22,311158;9,505643E-1;1,289658E-1;1,338441E-1;9,602892E-1;;
02/12/2021  12:05:22,311258;9,503378E-1;9,806350E-2;9,909157E-2;9,600755E-1;;
02/12/2021  12:05:22,311358;9,499921E-1;1,289658E-1;1,398468E-1;9,598527E-1;;
02/12/2021  12:05:22,311458;9,497269E-1;1,117624E-1;1,139404E-1;9,596212E-1;;
02/12/2021  12:05:22,311558;9,486450E-1;1,273729E-1;1,344760E-1;9,593815E-1;;
02/12/2021  12:05:22,311658;9,473456E-1;6,811698E-2;9,182514E-2;9,591338E-1;;
02/12/2021  12:05:22,311758;9,468747E-1;1,197269E-1;1,237343E-1;9,588784E-1;;
02/12/2021  12:05:22,311858;9,463800E-1;8,149734E-2;7,855599E-2;9,586152E-1;;
02/12/2021  12:05:22,311958;9,458763E-1;1,225942E-1;1,246821E-1;9,583444E-1;;
02/12/2021  12:05:22,312058;9,452892E-1;1,423461E-1;1,452176E-1;9,580659E-1;;
02/12/2021  12:05:22,312158;9,437484E-1;1,714418E-2;7,792413E-2;9,577798E-1;;
02/12/2021  12:05:22,312258;9,430242E-1;1,327887E-1;1,278414E-1;9,574860E-1;;
02/12/2021  12:05:22,312358;9,433818E-1;1,098510E-1;8,582243E-2;9,571842E-1;;
02/12/2021  12:05:22,312458;9,426338E-1;1,519035E-1;2,096678E-1;9,568743E-1;;
02/12/2021  12:05:22,312558;9,410721E-1;1,273729E-1;1,246821E-1;9,565564E-1;;
02/12/2021  12:05:22,312658;9,394776E-1;1,076209E-1;1,148882E-1;9,562302E-1;;
02/12/2021  12:05:22,312758;9,387564E-1;1,315144E-1;1,246821E-1;9,558953E-1;;
02/12/2021  12:05:22,312858;9,384107E-1;1,171783E-1;1,332122E-1;9,555514E-1;;
02/12/2021  12:05:22,312958;9,366911E-1;1,343816E-1;1,373193E-1;9,551980E-1;;
02/12/2021  12:05:22,313058;9,353797E-1;1,292843E-1;1,294210E-1;9,548348E-1;;
02/12/2021  12:05:22,313158;9,337376E-1;1,264171E-1;1,208909E-1;9,544611E-1;;
02/12/2021  12:05:22,313258;9,334574E-1;9,009900E-2;9,403666E-2;9,540763E-1;;
02/12/2021  12:05:22,313358;9,326378E-1;1,276914E-1;1,262617E-1;9,536798E-1;;
02/12/2021  12:05:22,313458;9,306470E-1;9,742634E-2;8,803395E-2;9,532710E-1;;
02/12/2021  12:05:22,313558;9,301314E-1;1,190898E-1;1,202590E-1;9,528493E-1;;
02/12/2021  12:05:22,313658;9,280810E-1;1,299215E-1;1,291051E-1;9,524140E-1;;
02/12/2021  12:05:22,313758;9,274521E-1;1,311958E-1;1,306848E-1;9,519646E-1;;
02/12/2021  12:05:22,313858;9,275326E-1;1,382046E-1;1,610142E-1;9,515003E-1;;
02/12/2021  12:05:22,313958;9,267637E-1;1,216384E-1;1,142563E-1;9,510207E-1;;
02/12/2021  12:05:22,314058;9,258338E-1;1,245056E-1;1,272095E-1;9,505256E-1;;
02/12/2021  12:05:22,314158;9,254911E-1;1,318330E-1;1,284732E-1;9,500147E-1;;
02/12/2021  12:05:22,314258;9,256759E-1;1,088952E-1;1,177316E-1;9,494880E-1;;
02/12/2021  12:05:22,314358;9,259799E-1;1,260985E-1;1,313166E-1;9,489457E-1;;
02/12/2021  12:05:22,314458;9,252139E-1;1,267357E-1;1,275255E-1;9,483881E-1;;
02/12/2021  12:05:22,314558;9,246208E-1;1,197269E-1;1,341600E-1;9,478158E-1;;
02/12/2021  12:05:22,314658;9,237148E-1;7,926728E-2;1,006712E-1;9,472293E-1;;
02/12/2021  12:05:22,314758;9,243973E-1;1,496735E-1;1,654373E-1;9,466294E-1;;
02/12/2021  12:05:22,314858;9,241261E-1;1,168597E-1;1,227865E-1;9,460166E-1;;
02/12/2021  12:05:22,314958;9,233125E-1;1,047537E-1;1,076217E-1;9,453918E-1;;
02/12/2021  12:05:22,315058;9,236731E-1;1,159040E-1;1,177316E-1;9,447561E-1;;
02/12/2021  12:05:22,315158;9,227015E-1;1,347002E-1;1,414265E-1;9,441104E-1;;
02/12/2021  12:05:22,315258;9,230413E-1;4,677212E-2;1,025668E-1;9,434557E-1;;
02/12/2021  12:05:22,315358;9,232201E-1;1,321516E-1;1,284732E-1;9,427930E-1;;
02/12/2021  12:05:22,315458;9,225942E-1;1,515849E-1;1,708081E-1;9,421236E-1;;
02/12/2021  12:05:22,315558;9,218700E-1;1,308772E-1;1,344760E-1;9,414487E-1;;
02/12/2021  12:05:22,315658;9,219982E-1;1,130368E-1;1,170997E-1;9,407693E-1;;
02/12/2021  12:05:22,315758;9,225585E-1;1,159040E-1;1,126766E-1;9,400865E-1;;
02/12/2021  12:05:22,315858;9,226419E-1;9,710776E-2;1,136244E-1;9,394017E-1;;
02/12/2021  12:05:22,315958;9,228744E-1;1,318330E-1;1,509044E-1;9,387161E-1;;
02/12/2021  12:05:22,316058;9,226807E-1;1,210013E-1;1,095173E-1;9,380311E-1;;
02/12/2021  12:05:22,316158;9,230085E-1;1,369303E-1;1,300529E-1;9,373481E-1;;
02/12/2021  12:05:22,316258;9,249010E-1;1,714418E-2;6,876210E-2;9,366685E-1;;
02/12/2021  12:05:22,316358;9,253480E-1;1,114439E-1;1,183634E-1;9,359939E-1;;
02/12/2021  12:05:22,316458;9,254762E-1;1,321516E-1;1,322644E-1;9,353261E-1;;
02/12/2021  12:05:22,316558;9,249993E-1;1,057094E-1;1,249980E-1;9,346667E-1;;
02/12/2021  12:05:22,316658;9,250798E-1;1,162226E-1;1,167838E-1;9,340175E-1;;
02/12/2021  12:05:22,316758;9,255000E-1;1,280100E-1;1,455336E-1;9,333799E-1;;
02/12/2021  12:05:22,316858;9,257146E-1;1,015679E-1;1,205749E-1;9,327552E-1;;
02/12/2021  12:05:22,316958;9,258249E-1;6,461260E-2;7,729226E-2;9,321449E-1;;
02/12/2021  12:05:22,317058;9,252229E-1;1,101695E-1;1,193112E-1;9,315503E-1;;
02/12/2021  12:05:22,317158;9,253659E-1;9,105474E-2;9,182514E-2;9,309723E-1;;
02/12/2021  12:05:22,317258;9,267309E-1;1,235499E-1;1,240502E-1;9,304119E-1;;
02/12/2021  12:05:22,317358;9,264060E-1;1,276914E-1;1,193112E-1;9,298703E-1;;
02/12/2021  12:05:22,317458;9,262093E-1;1,034794E-1;1,139404E-1;9,293482E-1;;
02/12/2021  12:05:22,317558;9,256878E-1;1,299215E-1;1,243661E-1;9,288465E-1;;
02/12/2021  12:05:22,317658;9,262332E-1;1,366117E-1;1,344760E-1;9,283658E-1;;
02/12/2021  12:05:22,317758;9,259948E-1;1,302401E-1;1,221546E-1;9,279065E-1;;
02/12/2021  12:05:22,317858;9,261587E-1;1,331073E-1;1,319485E-1;9,274691E-1;;
02/12/2021  12:05:22,317958;9,258338E-1;1,251428E-1;1,227865E-1;9,270538E-1;;
02/12/2021  12:05:22,318058;9,253123E-1;9,105474E-2;9,087734E-2;9,266608E-1;;
02/12/2021  12:05:22,318158;9,264954E-1;1,238685E-1;1,205749E-1;9,262901E-1;;
02/12/2021  12:05:22,318258;9,269365E-1;1,407532E-1;1,629098E-1;9,259418E-1;;
02/12/2021  12:05:22,318358;9,267547E-1;1,254614E-1;1,177316E-1;9,256158E-1;;
02/12/2021  12:05:22,318458;9,262064E-1;1,343816E-1;1,319485E-1;9,253122E-1;;
02/12/2021  12:05:22,318558;9,257295E-1;1,318330E-1;1,941871E-1;9,250308E-1;;
02/12/2021  12:05:22,318658;9,264597E-1;1,732484E-1;1,436380E-1;9,247712E-1;;
02/12/2021  12:05:22,318758;9,268203E-1;1,200455E-1;1,275255E-1;9,245333E-1;;
02/12/2021  12:05:22,318858;9,271571E-1;1,194084E-1;1,098333E-1;9,243165E-1;;
02/12/2021  12:05:22,318958;9,269246E-1;1,576380E-1;1,546956E-1;9,241207E-1;;
02/12/2021  12:05:22,319058;9,266325E-1;1,331073E-1;1,316326E-1;9,239453E-1;;
02/12/2021  12:05:22,319158;9,271362E-1;1,426647E-1;1,452176E-1;9,237900E-1;;
02/12/2021  12:05:22,319258;9,274730E-1;1,280100E-1;1,262617E-1;9,236543E-1;;
02/12/2021  12:05:22,319358;9,277144E-1;1,353374E-1;1,354238E-1;9,235377E-1;;
02/12/2021  12:05:22,319458;9,264776E-1;9,360338E-2;8,613836E-2;9,234396E-1;;
02/12/2021  12:05:22,319558;9,257593E-1;1,245056E-1;1,234183E-1;9,233595E-1;;
02/12/2021  12:05:22,319658;9,263911E-1;1,117624E-1;1,167838E-1;9,232965E-1;;
02/12/2021  12:05:22,319758;9,263047E-1;1,031608E-1;1,155200E-1;9,232497E-1;;
02/12/2021  12:05:22,319858;9,261199E-1;1,034794E-1;1,104651E-1;9,232182E-1;;
02/12/2021  12:05:22,319958;9,248742E-1;1,104881E-1;1,079377E-1;9,232011E-1;;
02/12/2021  12:05:22,320058;9,250023E-1;1,181340E-1;1,303688E-1;9,231974E-1;;
02/12/2021  12:05:22,320158;9,261915E-1;9,997498E-2;1,180475E-1;9,232061E-1;;
02/12/2021  12:05:22,320258;9,268173E-1;9,742634E-2;1,155200E-1;9,232260E-1;;
02/12/2021  12:05:22,320358;9,278902E-1;1,146297E-1;1,306848E-1;9,232566E-1;;
02/12/2021  12:05:22,320458;9,267488E-1;8,277166E-2;1,622780E-1;9,232973E-1;;
02/12/2021  12:05:22,320558;9,270110E-1;1,060280E-1;1,085695E-1;9,233475E-1;;
02/12/2021  12:05:22,320658;9,290257E-1;8,850610E-2;1,120448E-1;9,234065E-1;;
02/12/2021  12:05:22,320758;9,306649E-1;1,018865E-1;1,133085E-1;9,234742E-1;;
02/12/2021  12:05:22,320858;9,315947E-1;1,015679E-1;1,129926E-1;9,235503E-1;;
02/12/2021  12:05:22,320958;9,315351E-1;6,716124E-2;1,297370E-1;9,236350E-1;;
02/12/2021  12:05:22,321058;9,328524E-1;1,382046E-1;1,616461E-1;9,237287E-1;;
02/12/2021  12:05:22,321158;9,348582E-1;5,792242E-2;9,624818E-2;9,238315E-1;;
02/12/2021  12:05:22,321258;9,349804E-1;9,933782E-2;1,082536E-1;9,239440E-1;;
02/12/2021  12:05:22,321358;9,360443E-1;1,034794E-1;1,098333E-1;9,240667E-1;;
02/12/2021  12:05:22,321458;9,349535E-1;1,028422E-1;1,095173E-1;9,242001E-1;;
02/12/2021  12:05:22,321558;9,355824E-1;9,678918E-2;9,182514E-2;9,243446E-1;;
02/12/2021  12:05:22,321658;9,367268E-1;1,417090E-1;1,515363E-1;9,245006E-1;;
02/12/2021  12:05:22,321758;9,374957E-1;1,302401E-1;1,341600E-1;9,246681E-1;;
02/12/2021  12:05:22,321858;9,365212E-1;1,382046E-1;1,388990E-1;9,248475E-1;;
02/12/2021  12:05:22,321958;9,362708E-1;1,433019E-1;1,357397E-1;9,250388E-1;;
02/12/2021  12:05:22,322058;9,365599E-1;2,022392E-1;1,793383E-1;9,252420E-1;;
02/12/2021  12:05:22,322158;9,371590E-1;1,719741E-1;1,502726E-1;9,254567E-1;;
02/12/2021  12:05:22,322258;9,379696E-1;1,305587E-1;1,013031E-1;9,256827E-1;;
02/12/2021  12:05:22,322358;9,372037E-1;1,706997E-1;1,556434E-1;9,259199E-1;;
02/12/2021  12:05:22,322458;9,370397E-1;1,659210E-1;1,597505E-1;9,261677E-1;;
02/12/2021  12:05:22,322558;9,378206E-1;1,531778E-1;1,480610E-1;9,264257E-1;;
02/12/2021  12:05:22,322658;9,390574E-1;1,560451E-1;1,708081E-1;9,266935E-1;;
02/12/2021  12:05:22,322758;9,406161E-1;1,286472E-1;1,164678E-1;9,269707E-1;;
02/12/2021  12:05:22,322858;9,404850E-1;1,372488E-1;1,404787E-1;9,272572E-1;;
02/12/2021  12:05:22,322958;9,407472E-1;1,337445E-1;1,351078E-1;9,275527E-1;;
02/12/2021  12:05:22,323058;9,421867E-1;1,254614E-1;1,218387E-1;9,278572E-1;;
02/12/2021  12:05:22,323158;9,435904E-1;1,337445E-1;1,338441E-1;9,281706E-1;;
02/12/2021  12:05:22,323258;9,447945E-1;1,324701E-1;1,316326E-1;9,284930E-1;;
02/12/2021  12:05:22,323358;9,445054E-1;1,203641E-1;1,281573E-1;9,288245E-1;;
02/12/2021  12:05:22,323458;9,442521E-1;1,327887E-1;1,360556E-1;9,291654E-1;;
02/12/2021  12:05:22,323558;9,455306E-1;1,254614E-1;1,284732E-1;9,295156E-1;;
02/12/2021  12:05:22,323658;9,460015E-1;1,216384E-1;1,262617E-1;9,298750E-1;;
02/12/2021  12:05:22,323758;9,468598E-1;1,378860E-1;1,376353E-1;9,302437E-1;;
02/12/2021  12:05:22,323858;9,462101E-1;1,305587E-1;1,186794E-1;9,306216E-1;;
02/12/2021  12:05:22,323958;9,457273E-1;1,264171E-1;1,129926E-1;9,310085E-1;;
02/12/2021  12:05:22,324058;9,463740E-1;1,114439E-1;1,297370E-1;9,314041E-1;;
02/12/2021  12:05:22,324158;9,468688E-1;1,286472E-1;1,294210E-1;9,318078E-1;;
02/12/2021  12:05:22,324258;9,462846E-1;1,391603E-1;1,550115E-1;9,322193E-1;;
02/12/2021  12:05:22,324358;9,446187E-1;1,372488E-1;1,338441E-1;9,326378E-1;;
02/12/2021  12:05:22,324458;9,437484E-1;1,267357E-1;1,268936E-1;9,330625E-1;;
02/12/2021  12:05:22,324558;9,439064E-1;1,375674E-1;1,300529E-1;9,334921E-1;;
02/12/2021  12:05:22,324658;9,437544E-1;1,404346E-1;1,426902E-1;9,339255E-1;;
02/12/2021  12:05:22,324758;9,434683E-1;1,260985E-1;1,322644E-1;9,343612E-1;;
02/12/2021  12:05:22,324858;9,416741E-1;1,114439E-1;1,038306E-1;9,347979E-1;;
02/12/2021  12:05:22,324958;9,408009E-1;1,114439E-1;1,246821E-1;9,352341E-1;;
02/12/2021  12:05:22,325058;9,412956E-1;5,728526E-2;1,155200E-1;9,356682E-1;;
02/12/2021  12:05:22,325158;9,411615E-1;1,280100E-1;1,319485E-1;9,360984E-1;;
02/12/2021  12:05:22,325258;9,411079E-1;1,283286E-1;1,104651E-1;9,365234E-1;;
02/12/2021  12:05:22,325358;9,403956E-1;1,557265E-1;9,688005E-2;9,369417E-1;;
02/12/2021  12:05:22,325458;9,400379E-1;1,687883E-1;1,824976E-1;9,373518E-1;;
02/12/2021  12:05:22,325558;9,407055E-1;9,551486E-2;1,420583E-1;9,377525E-1;;
02/12/2021  12:05:22,325658;9,413314E-1;1,331073E-1;1,338441E-1;9,381426E-1;;
02/12/2021  12:05:22,325758;9,411287E-1;1,270543E-1;1,202590E-1;9,385211E-1;;
02/12/2021  12:05:22,325858;9,402167E-1;1,267357E-1;1,262617E-1;9,388873E-1;;
02/12/2021  12:05:22,325958;9,409320E-1;1,512664E-1;1,449017E-1;9,392403E-1;;
02/12/2021  12:05:22,326058;9,410959E-1;1,557265E-1;1,313166E-1;9,395795E-1;;
02/12/2021  12:05:22,326158;9,416890E-1;1,264171E-1;1,404787E-1;9,399043E-1;;
02/12/2021  12:05:22,326258;9,412181E-1;1,302401E-1;1,287892E-1;9,402145E-1;;
02/12/2021  12:05:22,326358;9,400916E-1;1,327887E-1;1,360556E-1;9,405097E-1;;
02/12/2021  12:05:22,326458;9,402585E-1;1,439390E-1;1,480610E-1;9,407896E-1;;
02/12/2021  12:05:22,326558;9,406250E-1;1,079395E-1;1,088855E-1;9,410538E-1;;
02/12/2021  12:05:22,326658;9,408098E-1;1,254614E-1;1,243661E-1;9,413021E-1;;
02/12/2021  12:05:22,326758;9,396684E-1;1,267357E-1;1,313166E-1;9,415345E-1;;
02/12/2021  12:05:22,326858;9,383719E-1;1,168597E-1;1,133085E-1;9,417507E-1;;
02/12/2021  12:05:22,326958;9,386312E-1;1,490363E-1;1,439539E-1;9,419505E-1;;
02/12/2021  12:05:22,327058;9,391051E-1;1,397975E-1;1,610142E-1;9,421336E-1;;
02/12/2021  12:05:22,327158;9,392988E-1;1,213198E-1;1,196272E-1;9,422999E-1;;
02/12/2021  12:05:22,327258;9,386640E-1;1,267357E-1;1,411105E-1;9,424494E-1;;
02/12/2021  12:05:22,327358;9,380054E-1;1,397975E-1;1,351078E-1;9,425821E-1;;
02/12/2021  12:05:22,327458;9,390515E-1;1,512664E-1;1,685966E-1;9,426982E-1;;
02/12/2021  12:05:22,327558;9,401124E-1;1,194084E-1;1,231024E-1;9,427978E-1;;
02/12/2021  12:05:22,327658;9,408128E-1;1,337445E-1;1,370034E-1;9,428814E-1;;
02/12/2021  12:05:22,327758;9,410900E-1;1,394789E-1;1,471132E-1;9,429497E-1;;
02/12/2021  12:05:22,327858;9,402048E-1;1,181340E-1;1,268936E-1;9,430034E-1;;
02/12/2021  12:05:22,327958;9,417516E-1;1,197269E-1;1,142563E-1;9,430435E-1;;
02/12/2021  12:05:22,328058;9,420139E-1;1,347002E-1;1,297370E-1;9,430707E-1;;
02/12/2021  12:05:22,328158;9,427649E-1;1,216384E-1;1,679647E-1;9,430860E-1;;
02/12/2021  12:05:22,328258;9,422851E-1;1,353374E-1;1,265777E-1;9,430907E-1;;
02/12/2021  12:05:22,328358;9,417576E-1;1,353374E-1;1,310007E-1;9,430857E-1;;
02/12/2021  12:05:22,328458;9,426040E-1;1,318330E-1;1,619620E-1;9,430720E-1;;
02/12/2021  12:05:22,328558;9,425920E-1;1,442576E-1;1,445858E-1;9,430506E-1;;
02/12/2021  12:05:22,328658;9,423804E-1;1,318330E-1;1,300529E-1;9,430223E-1;;
02/12/2021  12:05:22,328758;9,415758E-1;1,292843E-1;1,316326E-1;9,429881E-1;;
02/12/2021  12:05:22,328858;9,406876E-1;8,850610E-2;1,006712E-1;9,429487E-1;;
02/12/2021  12:05:22,328958;9,414536E-1;1,171783E-1;1,249980E-1;9,429045E-1;;
02/12/2021  12:05:22,329058;9,427440E-1;1,347002E-1;1,328963E-1;9,428561E-1;;
02/12/2021  12:05:22,329158;9,428096E-1;1,353374E-1;1,354238E-1;9,428041E-1;;
02/12/2021  12:05:22,329258;9,419066E-1;3,371034E-2;9,814378E-2;9,427493E-1;;
02/12/2021  12:05:22,329358;9,419394E-1;1,213198E-1;1,272095E-1;9,426924E-1;;
02/12/2021  12:05:22,329458;9,430391E-1;1,082581E-1;2,140908E-1;9,426338E-1;;
02/12/2021  12:05:22,329558;9,437722E-1;1,216384E-1;1,199431E-1;9,425742E-1;;
02/12/2021  12:05:22,329658;9,441507E-1;1,178155E-1;1,164678E-1;9,425142E-1;;
02/12/2021  12:05:22,329758;9,432209E-1;3,763818E-3;7,666040E-2;9,424548E-1;;
02/12/2021  12:05:22,329858;9,443832E-1;1,331073E-1;1,338441E-1;9,423965E-1;;
02/12/2021  12:05:22,329958;9,452475E-1;1,289658E-1;1,202590E-1;9,423400E-1;;
02/12/2021  12:05:22,330058;9,453667E-1;1,302401E-1;1,297370E-1;9,422861E-1;;
02/12/2021  12:05:22,330158;9,449882E-1;1,270543E-1;1,262617E-1;9,422355E-1;;
02/12/2021  12:05:22,330258;9,441925E-1;1,283286E-1;1,136244E-1;9,421889E-1;;
02/12/2021  12:05:22,330358;9,443415E-1;1,436204E-1;1,562753E-1;9,421467E-1;;
02/12/2021  12:05:22,330458;9,451551E-1;2,415294E-2;6,749837E-2;9,421093E-1;;
02/12/2021  12:05:22,330558;9,459538E-1;1,321516E-1;1,322644E-1;9,420769E-1;;
02/12/2021  12:05:22,330658;9,453756E-1;1,276914E-1;1,265777E-1;9,420500E-1;;
02/12/2021  12:05:22,330758;9,447677E-1;1,187712E-1;1,259458E-1;9,420290E-1;;
02/12/2021  12:05:22,330858;9,454472E-1;1,560451E-1;1,521681E-1;9,420140E-1;;
02/12/2021  12:05:22,330958;9,465618E-1;1,104881E-1;1,114129E-1;9,420052E-1;;
02/12/2021  12:05:22,331058;9,463144E-1;1,044351E-1;8,519056E-2;9,420029E-1;;
02/12/2021  12:05:22,331158;9,459389E-1;1,210013E-1;1,253139E-1;9,420073E-1;;
02/12/2021  12:05:22,331258;9,447855E-1;1,254614E-1;1,208909E-1;9,420185E-1;;
02/12/2021  12:05:22,331358;9,454561E-1;1,133553E-1;1,120448E-1;9,420364E-1;;
02/12/2021  12:05:22,331458;9,456677E-1;1,480806E-1;1,790224E-1;9,420609E-1;;
02/12/2021  12:05:22,331558;9,455187E-1;1,219570E-1;1,183634E-1;9,420918E-1;;
02/12/2021  12:05:22,331658;9,447200E-1;1,566822E-1;1,392149E-1;9,421289E-1;;
02/12/2021  12:05:22,331758;9,435964E-1;1,213198E-1;1,170997E-1;9,421719E-1;;
02/12/2021  12:05:22,331858;9,446604E-1;1,630538E-1;1,458495E-1;9,422202E-1;;
02/12/2021  12:05:22,331958;9,450717E-1;1,289658E-1;1,344760E-1;9,422735E-1;;
02/12/2021  12:05:22,332058;9,444875E-1;1,343816E-1;1,373193E-1;9,423312E-1;;
02/12/2021  12:05:22,332158;9,440375E-1;1,337445E-1;1,101492E-1;9,423930E-1;;
02/12/2021  12:05:22,332258;9,433997E-1;7,193994E-2;9,688005E-2;9,424584E-1;;
02/12/2021  12:05:22,332358;9,439719E-1;1,388417E-1;1,401627E-1;9,425267E-1;;
02/12/2021  12:05:22,332458;9,443832E-1;1,264171E-1;1,275255E-1;9,425976E-1;;
02/12/2021  12:05:22,332558;9,453786E-1;1,286472E-1;1,313166E-1;9,426704E-1;;
02/12/2021  12:05:22,332658;9,437365E-1;1,178155E-1;1,107811E-1;9,427449E-1;;
02/12/2021  12:05:22,332758;9,434891E-1;1,327887E-1;1,509044E-1;9,428208E-1;;
02/12/2021  12:05:22,332858;9,454323E-1;1,165411E-1;1,294210E-1;9,428976E-1;;
02/12/2021  12:05:22,332958;9,458227E-1;1,114439E-1;1,291051E-1;9,429750E-1;;
02/12/2021  12:05:22,333058;9,450955E-1;1,073023E-1;1,231024E-1;9,430530E-1;;
02/12/2021  12:05:22,333158;9,450240E-1;1,006121E-1;1,107811E-1;9,431314E-1;;
02/12/2021  12:05:22,333258;9,439391E-1;6,556834E-2;6,149566E-2;9,432101E-1;;
02/12/2021  12:05:22,333358;9,449256E-1;1,031608E-1;1,041465E-1;9,432888E-1;;
02/12/2021  12:05:22,333458;9,453458E-1;1,136739E-1;1,202590E-1;9,433672E-1;;
02/12/2021  12:05:22,333558;9,444458E-1;1,028422E-1;1,224705E-1;9,434451E-1;;
02/12/2021  12:05:22,333658;9,438408E-1;1,213198E-1;1,357397E-1;9,435224E-1;;
02/12/2021  12:05:22,333758;9,442342E-1;9,870066E-2;1,088855E-1;9,435987E-1;;
02/12/2021  12:05:22,333858;9,453846E-1;-1,662530E-2;6,781430E-2;9,436737E-1;;
02/12/2021  12:05:22,333958;9,455962E-1;9,647060E-2;1,107811E-1;9,437474E-1;;
02/12/2021  12:05:22,334058;9,454680E-1;9,424054E-2;9,561632E-2;9,438196E-1;;
02/12/2021  12:05:22,334158;9,438020E-1;8,372740E-2;1,025668E-1;9,438904E-1;;
02/12/2021  12:05:22,334258;9,436650E-1;9,424054E-2;1,082536E-1;9,439597E-1;;
02/12/2021  12:05:22,334358;9,444667E-1;1,031608E-1;1,066739E-1;9,440270E-1;;
02/12/2021  12:05:22,334458;9,443683E-1;9,678918E-2;1,095173E-1;9,440922E-1;;
02/12/2021  12:05:22,334558;9,437156E-1;8,723178E-2;1,013031E-1;9,441550E-1;;
02/12/2021  12:05:22,334658;9,418380E-1;1,066652E-1;1,246821E-1;9,442153E-1;;
02/12/2021  12:05:22,334758;9,418798E-1;1,066652E-1;1,208909E-1;9,442724E-1;;
02/12/2021  12:05:22,334858;9,425891E-1;1,006121E-1;9,245700E-2;9,443260E-1;;
02/12/2021  12:05:22,334958;9,421361E-1;1,143111E-1;1,038306E-1;9,443756E-1;;
02/12/2021  12:05:22,335058;9,410274E-1;1,372488E-1;1,344760E-1;9,444206E-1;;
02/12/2021  12:05:22,335158;9,393614E-1;1,471248E-1;1,291051E-1;9,444607E-1;;
02/12/2021  12:05:22,335258;9,395521E-1;1,483991E-1;1,259458E-1;9,444952E-1;;
02/12/2021  12:05:22,335358;9,401303E-1;1,171783E-1;1,347919E-1;9,445234E-1;;
02/12/2021  12:05:22,335458;9,394449E-1;1,633724E-1;1,461654E-1;9,445446E-1;;
02/12/2021  12:05:22,335558;9,383213E-1;1,675139E-1;1,524841E-1;9,445585E-1;;
02/12/2021  12:05:22,335658;9,369205E-1;1,079395E-1;1,092014E-1;9,445643E-1;;
02/12/2021  12:05:22,335758;9,362768E-1;1,178155E-1;1,218387E-1;9,445615E-1;;
02/12/2021  12:05:22,335858;9,366732E-1;1,713369E-1;2,058766E-1;9,445493E-1;;
02/12/2021  12:05:22,335958;9,360503E-1;1,404346E-1;1,316326E-1;9,445269E-1;;
02/12/2021  12:05:22,336058;9,347092E-1;1,305587E-1;1,328963E-1;9,444939E-1;;
02/12/2021  12:05:22,336158;9,328316E-1;1,143111E-1;1,202590E-1;9,444494E-1;;
02/12/2021  12:05:22,336258;9,324739E-1;1,101695E-1;1,249980E-1;9,443928E-1;;
02/12/2021  12:05:22,336358;9,329091E-1;1,181340E-1;1,300529E-1;9,443233E-1;;
02/12/2021  12:05:22,336458;9,318153E-1;1,343816E-1;1,316326E-1;9,442400E-1;;
02/12/2021  12:05:22,336558;9,304920E-1;9,264764E-2;8,740209E-2;9,441425E-1;;
02/12/2021  12:05:22,336658;9,293476E-1;1,098510E-1;1,073058E-1;9,440301E-1;;
02/12/2021  12:05:22,336758;9,299735E-1;1,165411E-1;1,155200E-1;9,439021E-1;;
02/12/2021  12:05:22,336858;9,305397E-1;1,331073E-1;1,398468E-1;9,437580E-1;;
02/12/2021  12:05:22,336958;9,307066E-1;1,426647E-1;1,578549E-1;9,435977E-1;;
02/12/2021  12:05:22,337058;9,295860E-1;1,152668E-1;1,155200E-1;9,434212E-1;;
02/12/2021  12:05:22,337158;9,289989E-1;1,372488E-1;1,243661E-1;9,432285E-1;;
02/12/2021  12:05:22,337258;9,299139E-1;1,165411E-1;1,240502E-1;9,430197E-1;;
02/12/2021  12:05:22,337358;9,308974E-1;1,155854E-1;1,196272E-1;9,427952E-1;;
02/12/2021  12:05:22,337458;9,310553E-1;1,197269E-1;1,262617E-1;9,425556E-1;;
02/12/2021  12:05:22,337558;9,302447E-1;1,190898E-1;1,202590E-1;9,423016E-1;;
02/12/2021  12:05:22,337658;9,304265E-1;1,117624E-1;1,373193E-1;9,420341E-1;;
02/12/2021  12:05:22,337758;9,312460E-1;1,337445E-1;1,420583E-1;9,417540E-1;;
02/12/2021  12:05:22,337858;9,309123E-1;1,229127E-1;1,221546E-1;9,414621E-1;;
02/12/2021  12:05:22,337958;9,305010E-1;1,095324E-1;9,688005E-2;9,411597E-1;;
02/12/2021  12:05:22,338058;9,293536E-1;1,273729E-1;1,316326E-1;9,408476E-1;;
02/12/2021  12:05:22,338158;9,289184E-1;1,225942E-1;1,385831E-1;9,405268E-1;;
02/12/2021  12:05:22,338258;9,293893E-1;1,037979E-1;1,606983E-1;9,401979E-1;;
02/12/2021  12:05:22,338358;9,293089E-1;1,286472E-1;1,300529E-1;9,398619E-1;;
02/12/2021  12:05:22,338458;9,293714E-1;1,139925E-1;1,104651E-1;9,395196E-1;;
02/12/2021  12:05:22,338558;9,282866E-1;1,378860E-1;1,414265E-1;9,391717E-1;;
02/12/2021  12:05:22,338658;9,281257E-1;1,235499E-1;1,205749E-1;9,388190E-1;;
02/12/2021  12:05:22,338758;9,292582E-1;1,222756E-1;1,249980E-1;9,384624E-1;;
02/12/2021  12:05:22,338858;9,295503E-1;1,200455E-1;1,164678E-1;9,381025E-1;;
02/12/2021  12:05:22,338958;9,294012E-1;1,308772E-1;1,278414E-1;9,377404E-1;;
02/12/2021  12:05:22,339058;9,275326E-1;1,353374E-1;1,407946E-1;9,373770E-1;;
02/12/2021  12:05:22,339158;9,282747E-1;1,213198E-1;1,183634E-1;9,370130E-1;;
02/12/2021  12:05:22,339258;9,287247E-1;1,108067E-1;1,161519E-1;9,366491E-1;;
02/12/2021  12:05:22,339358;9,286919E-1;1,111253E-1;1,196272E-1;9,362859E-1;;
02/12/2021  12:05:22,339458;9,280839E-1;1,343816E-1;1,366875E-1;9,359244E-1;;
02/12/2021  12:05:22,339558;9,264507E-1;1,595494E-1;1,493248E-1;9,355651E-1;;
02/12/2021  12:05:22,339658;9,270706E-1;1,057094E-1;8,771802E-2;9,352085E-1;;
02/12/2021  12:05:22,339758;9,269544E-1;1,238685E-1;1,152041E-1;9,348549E-1;;
02/12/2021  12:05:22,339858;9,266832E-1;1,595494E-1;1,493248E-1;9,345047E-1;;
02/12/2021  12:05:22,339958;9,251603E-1;1,452133E-1;1,531159E-1;9,341583E-1;;
02/12/2021  12:05:22,340058;9,237983E-1;1,292843E-1;1,139404E-1;9,338157E-1;;
02/12/2021  12:05:22,340158;9,239682E-1;1,442576E-1;1,733356E-1;9,334770E-1;;
02/12/2021  12:05:22,340258;9,248324E-1;1,652839E-1;1,929234E-1;9,331419E-1;;
02/12/2021  12:05:22,340358;9,240337E-1;1,426647E-1;1,379512E-1;9,328103E-1;;
02/12/2021  12:05:22,340458;9,238847E-1;6,949618E-3;7,634447E-2;9,324824E-1;;
02/12/2021  12:05:22,340558;9,234645E-1;1,235499E-1;1,227865E-1;9,321581E-1;;
02/12/2021  12:05:22,340658;9,244569E-1;6,015248E-2;1,025668E-1;9,318374E-1;;
02/12/2021  12:05:22,340758;9,248384E-1;1,270543E-1;1,351078E-1;9,315204E-1;;
02/12/2021  12:05:22,340858;9,249606E-1;1,391603E-1;1,376353E-1;9,312073E-1;;
02/12/2021  12:05:22,340958;9,248354E-1;1,267357E-1;1,234183E-1;9,308985E-1;;
02/12/2021  12:05:22,341058;9,256192E-1;1,254614E-1;1,272095E-1;9,305944E-1;;
02/12/2021  12:05:22,341158;9,264835E-1;1,589123E-1;1,556434E-1;9,302954E-1;;
02/12/2021  12:05:22,341258;9,272018E-1;1,238685E-1;1,231024E-1;9,300021E-1;;
02/12/2021  12:05:22,341358;9,272048E-1;1,362931E-1;1,316326E-1;9,297152E-1;;
02/12/2021  12:05:22,341458;9,262749E-1;1,260985E-1;1,212068E-1;9,294353E-1;;
02/12/2021  12:05:22,341558;9,265014E-1;1,225942E-1;1,060421E-1;9,291632E-1;;
02/12/2021  12:05:22,341658;9,281406E-1;1,238685E-1;1,480610E-1;9,288993E-1;;
02/12/2021  12:05:22,341758;9,286651E-1;1,225942E-1;1,227865E-1;9,286442E-1;;
02/12/2021  12:05:22,341858;9,287038E-1;1,350188E-1;1,347919E-1;9,283985E-1;;
02/12/2021  12:05:22,341958;9,273925E-1;1,238685E-1;1,243661E-1;9,281631E-1;;
02/12/2021  12:05:22,342058;9,278753E-1;1,483991E-1;1,284732E-1;9,279384E-1;;
02/12/2021  12:05:22,342158;9,285429E-1;1,499920E-1;2,061925E-1;9,277248E-1;;
02/12/2021  12:05:22,342258;9,290436E-1;1,343816E-1;1,328963E-1;9,275226E-1;;
02/12/2021  12:05:22,342358;9,291569E-1;4,103768E-2;9,435259E-2;9,273322E-1;;
02/12/2021  12:05:22,342458;9,280512E-1;1,420275E-1;1,477451E-1;9,271540E-1;;
02/12/2021  12:05:22,342558;9,284833E-1;1,222756E-1;1,136244E-1;9,269882E-1;;
02/12/2021  12:05:22,342658;9,303073E-1;1,347002E-1;1,401627E-1;9,268350E-1;;
02/12/2021  12:05:22,342758;9,312043E-1;1,391603E-1;1,344760E-1;9,266945E-1;;
02/12/2021  12:05:22,342858;9,305367E-1;1,305587E-1;1,240502E-1;9,265672E-1;;
02/12/2021  12:05:22,342958;9,299884E-1;1,296029E-1;1,385831E-1;9,264535E-1;;
02/12/2021  12:05:22,343058;9,308020E-1;9,360338E-2;8,203124E-2;9,263533E-1;;
02/12/2021  12:05:22,343158;9,328107E-1;-1,089086E-2;7,381701E-2;9,262671E-1;;
02/12/2021  12:05:22,343258;9,339611E-1;1,232313E-1;1,300529E-1;9,261949E-1;;
02/12/2021  12:05:22,343358;9,340445E-1;1,299215E-1;1,300529E-1;9,261373E-1;;
02/12/2021  12:05:22,343458;9,341429E-1;1,401161E-1;1,436380E-1;9,260948E-1;;
02/12/2021  12:05:22,343558;9,355138E-1;1,264171E-1;1,133085E-1;9,260678E-1;;
02/12/2021  12:05:22,343658;9,366046E-1;1,117624E-1;9,909157E-2;9,260568E-1;;
02/12/2021  12:05:22,343758;9,370964E-1;3,402892E-2;1,000394E-1;9,260622E-1;;
02/12/2021  12:05:22,343858;9,371530E-1;1,331073E-1;1,319485E-1;9,260846E-1;;
02/12/2021  12:05:22,343958;9,368937E-1;1,053908E-1;9,182514E-2;9,261243E-1;;
02/12/2021  12:05:22,344058;9,383928E-1;1,359745E-1;1,186794E-1;9,261817E-1;;
02/12/2021  12:05:22,344158;9,396445E-1;1,445762E-1;1,275255E-1;9,262568E-1;;
02/12/2021  12:05:22,344258;9,399366E-1;1,324701E-1;1,215227E-1;9,263501E-1;;
02/12/2021  12:05:22,344358;9,398323E-1;1,480806E-1;1,543797E-1;9,264617E-1;;
02/12/2021  12:05:22,344458;9,394568E-1;9,710776E-2;1,076217E-1;9,265918E-1;;
02/12/2021  12:05:22,344558;9,408367E-1;1,334259E-1;1,313166E-1;9,267404E-1;;
02/12/2021  12:05:22,344658;9,421212E-1;1,984162E-1;2,254644E-1;9,269073E-1;;
02/12/2021  12:05:22,344758;9,425354E-1;1,308772E-1;1,328963E-1;9,270926E-1;;
02/12/2021  12:05:22,344858;9,430421E-1;1,216384E-1;1,142563E-1;9,272962E-1;;
02/12/2021  12:05:22,344958;9,432716E-1;1,133553E-1;1,107811E-1;9,275182E-1;;
02/12/2021  12:05:22,345058;9,455336E-1;1,369303E-1;1,354238E-1;9,277583E-1;;
02/12/2021  12:05:22,345158;9,465588E-1;1,534964E-1;1,534319E-1;9,280167E-1;;
02/12/2021  12:05:22,345258;9,470208E-1;1,315144E-1;1,338441E-1;9,282934E-1;;
02/12/2021  12:05:22,345358;9,468658E-1;1,397975E-1;1,360556E-1;9,285885E-1;;
02/12/2021  12:05:22,345458;9,482040E-1;1,347002E-1;1,310007E-1;9,289021E-1;;
02/12/2021  12:05:22,345558;9,501113E-1;1,547707E-1;1,439539E-1;9,292339E-1;;
02/12/2021  12:05:22,345658;9,507909E-1;1,235499E-1;1,205749E-1;9,295842E-1;;
02/12/2021  12:05:22,345758;9,516343E-1;1,391603E-1;1,616461E-1;9,299529E-1;;
02/12/2021  12:05:22,345858;9,503885E-1;1,187712E-1;1,262617E-1;9,303402E-1;;
02/12/2021  12:05:22,345958;9,501650E-1;1,554079E-1;1,575390E-1;9,307457E-1;;
02/12/2021  12:05:22,346058;9,508266E-1;1,426647E-1;1,439539E-1;9,311690E-1;;
02/12/2021  12:05:22,346158;9,507819E-1;1,222756E-1;1,259458E-1;9,316094E-1;;
02/12/2021  12:05:22,346258;9,506150E-1;1,251428E-1;1,376353E-1;9,320661E-1;;
02/12/2021  12:05:22,346358;9,494110E-1;1,178155E-1;1,278414E-1;9,325381E-1;;
02/12/2021  12:05:22,346458;9,493424E-1;1,092138E-1;1,464814E-1;9,330244E-1;;
02/12/2021  12:05:22,346558;9,497567E-1;1,171783E-1;1,208909E-1;9,335234E-1;;
02/12/2021  12:05:22,346658;9,496643E-1;1,139925E-1;1,174156E-1;9,340338E-1;;
02/12/2021  12:05:22,346758;9,489639E-1;1,092138E-1;1,025668E-1;9,345542E-1;;
02/12/2021  12:05:22,346858;9,483410E-1;7,353284E-2;1,341600E-1;9,350830E-1;;
02/12/2021  12:05:22,346958;9,487404E-1;7,576290E-2;1,411105E-1;9,356185E-1;;
02/12/2021  12:05:22,347058;9,502186E-1;1,044351E-1;1,047783E-1;9,361591E-1;;
02/12/2021  12:05:22,347158;9,507014E-1;9,105474E-2;1,088855E-1;9,367033E-1;;
02/12/2021  12:05:22,347258;9,510263E-1;1,104881E-1;1,158360E-1;9,372500E-1;;
02/12/2021  12:05:22,347358;9,512468E-1;1,152668E-1;1,158360E-1;9,377980E-1;;
02/12/2021  12:05:22,347458;9,520307E-1;5,186940E-2;7,855599E-2;9,383463E-1;;
02/12/2021  12:05:22,347558;9,537473E-1;9,933782E-2;1,126766E-1;9,388940E-1;;
02/12/2021  12:05:22,347658;9,535625E-1;1,130368E-1;1,253139E-1;9,394403E-1;;
02/12/2021  12:05:22,347758;9,529814E-1;1,216384E-1;1,313166E-1;9,399848E-1;;
02/12/2021  12:05:22,347858;9,525373E-1;1,101695E-1;1,240502E-1;9,405267E-1;;
02/12/2021  12:05:22,347958;9,535804E-1;1,006121E-1;1,085695E-1;9,410653E-1;;
02/12/2021  12:05:22,348058;9,536788E-1;9,678918E-2;1,073058E-1;9,415999E-1;;
02/12/2021  12:05:22,348158;9,538725E-1;1,506292E-1;1,553275E-1;9,421297E-1;;
02/12/2021  12:05:22,348258;9,528383E-1;1,445762E-1;1,420583E-1;9,426543E-1;;
02/12/2021  12:05:22,348358;9,522154E-1;1,114439E-1;1,126766E-1;9,431728E-1;;
02/12/2021  12:05:22,348458;9,525403E-1;1,232313E-1;1,019350E-1;9,436844E-1;;
02/12/2021  12:05:22,348558;9,529009E-1;1,624167E-1;1,461654E-1;9,441882E-1;;
02/12/2021  12:05:22,348658;9,524360E-1;1,687883E-1;1,420583E-1;9,446835E-1;;
02/12/2021  12:05:22,348758;9,513929E-1;1,726112E-1;1,629098E-1;9,451694E-1;;
02/12/2021  12:05:22,348858;9,507223E-1;1,487177E-1;1,107811E-1;9,456450E-1;;
02/12/2021  12:05:22,348958;9,510829E-1;1,608238E-1;1,490088E-1;9,461095E-1;;
02/12/2021  12:05:22,349058;9,512319E-1;2,188053E-1;2,516867E-1;9,465619E-1;;
02/12/2021  12:05:22,349158;9,501829E-1;1,538150E-1;1,426902E-1;9,470013E-1;;
02/12/2021  12:05:22,349258;9,496285E-1;1,241871E-1;1,287892E-1;9,474270E-1;;
02/12/2021  12:05:22,349358;9,487255E-1;1,238685E-1;1,259458E-1;9,478379E-1;;
02/12/2021  12:05:22,349458;9,493812E-1;1,512664E-1;1,537478E-1;9,482332E-1;;
02/12/2021  12:05:22,349558;9,492679E-1;1,331073E-1;1,417424E-1;9,486121E-1;;
02/12/2021  12:05:22,349658;9,488060E-1;1,289658E-1;1,287892E-1;9,489738E-1;;
02/12/2021  12:05:22,349758;9,474112E-1;1,296029E-1;1,212068E-1;9,493178E-1;;
02/12/2021  12:05:22,349858;9,471668E-1;1,391603E-1;1,379512E-1;9,496433E-1;;
02/12/2021  12:05:22,349958;9,475572E-1;1,433019E-1;1,404787E-1;9,499497E-1;;
02/12/2021  12:05:22,350058;9,478582E-1;1,178155E-1;1,310007E-1;9,502363E-1;;
02/12/2021  12:05:22,350158;9,472175E-1;1,181340E-1;1,284732E-1;9,505028E-1;;
02/12/2021  12:05:22,350258;9,455157E-1;1,283286E-1;1,272095E-1;9,507490E-1;;
02/12/2021  12:05:22,350358;9,456320E-1;1,114439E-1;8,455870E-2;9,509743E-1;;
02/12/2021  12:05:22,350458;9,458257E-1;1,362931E-1;1,483770E-1;9,511784E-1;;
02/12/2021  12:05:22,350558;9,454084E-1;1,168597E-1;1,205749E-1;9,513610E-1;;
02/12/2021  12:05:22,350658;9,443325E-1;1,206827E-1;1,297370E-1;9,515220E-1;;
02/12/2021  12:05:22,350758;9,428335E-1;1,264171E-1;1,272095E-1;9,516611E-1;;
02/12/2021  12:05:22,350858;9,418172E-1;2,829448E-2;1,205749E-1;9,517781E-1;;
02/12/2021  12:05:22,350958;9,426040E-1;1,181340E-1;1,208909E-1;9,518725E-1;;
02/12/2021  12:05:22,351058;9,415489E-1;1,273729E-1;1,262617E-1;9,519441E-1;;
02/12/2021  12:05:22,351158;9,405356E-1;1,296029E-1;1,310007E-1;9,519927E-1;;
02/12/2021  12:05:22,351258;9,392511E-1;1,859916E-1;1,423743E-1;9,520182E-1;;
02/12/2021  12:05:22,351358;9,394449E-1;1,305587E-1;1,332122E-1;9,520201E-1;;
02/12/2021  12:05:22,351458;9,398740E-1;1,152668E-1;1,452176E-1;9,519985E-1;;
02/12/2021  12:05:22,351558;9,388518E-1;1,194084E-1;1,297370E-1;9,519533E-1;;
02/12/2021  12:05:22,351658;9,381276E-1;1,120810E-1;1,212068E-1;9,518847E-1;;
02/12/2021  12:05:22,351758;9,367656E-1;1,283286E-1;1,341600E-1;9,517928E-1;;
02/12/2021  12:05:22,351858;9,369980E-1;1,241871E-1;1,291051E-1;9,516778E-1;;
02/12/2021  12:05:22,351958;9,376090E-1;8,691320E-2;8,582243E-2;9,515397E-1;;
02/12/2021  12:05:22,352058;9,372573E-1;1,378860E-1;1,341600E-1;9,513791E-1;;
02/12/2021  12:05:22,352158;9,360056E-1;1,362931E-1;1,262617E-1;9,511964E-1;;
02/12/2021  12:05:22,352258;9,353201E-1;1,168597E-1;1,246821E-1;9,509921E-1;;
02/12/2021  12:05:22,352358;9,354870E-1;1,174969E-1;1,224705E-1;9,507668E-1;;
02/12/2021  12:05:22,352458;9,363632E-1;1,079395E-1;8,708615E-2;9,505211E-1;;
02/12/2021  12:05:22,352558;9,347539E-1;1,375674E-1;1,092014E-1;9,502557E-1;;
02/12/2021  12:05:22,352658;9,339343E-1;1,251428E-1;1,208909E-1;9,499714E-1;;
02/12/2021  12:05:22,352758;9,329091E-1;1,225942E-1;1,215227E-1;9,496689E-1;;
02/12/2021  12:05:22,352858;9,335081E-1;1,547707E-1;1,499566E-1;9,493487E-1;;
02/12/2021  12:05:22,352958;9,336541E-1;1,296029E-1;1,436380E-1;9,490117E-1;;
02/12/2021  12:05:22,353058;9,330521E-1;1,203641E-1;1,202590E-1;9,486585E-1;;
02/12/2021  12:05:22,353158;9,315918E-1;1,203641E-1;1,215227E-1;9,482902E-1;;
02/12/2021  12:05:22,353258;9,307871E-1;1,178155E-1;1,275255E-1;9,479074E-1;;
02/12/2021  12:05:22,353358;9,310404E-1;1,324701E-1;1,287892E-1;9,475107E-1;;
02/12/2021  12:05:22,353458;9,308735E-1;1,474434E-1;1,404787E-1;9,471009E-1;;
02/12/2021  12:05:22,353558;9,305129E-1;1,311958E-1;1,249980E-1;9,466788E-1;;
02/12/2021  12:05:22,353658;9,293416E-1;1,248242E-1;1,341600E-1;9,462451E-1;;
02/12/2021  12:05:22,353758;9,286979E-1;1,225942E-1;1,240502E-1;9,458005E-1;;
02/12/2021  12:05:22,353858;9,297112E-1;1,331073E-1;1,332122E-1;9,453457E-1;;
02/12/2021  12:05:22,353958;9,296367E-1;1,308772E-1;1,420583E-1;9,448815E-1;;
02/12/2021  12:05:22,354058;9,288260E-1;1,248242E-1;1,224705E-1;9,444088E-1;;
02/12/2021  12:05:22,354158;9,282121E-1;1,308772E-1;1,366875E-1;9,439286E-1;;
02/12/2021  12:05:22,354258;9,282508E-1;1,331073E-1;1,278414E-1;9,434415E-1;;
02/12/2021  12:05:22,354358;9,291688E-1;1,206827E-1;1,139404E-1;9,429486E-1;;
02/12/2021  12:05:22,354458;9,293357E-1;1,184526E-1;1,265777E-1;9,424507E-1;;
02/12/2021  12:05:22,354558;9,296575E-1;1,136739E-1;1,161519E-1;9,419490E-1;;
02/12/2021  12:05:22,354658;9,288827E-1;1,273729E-1;1,256299E-1;9,414447E-1;;
02/12/2021  12:05:22,354758;9,290943E-1;5,696668E-2;1,038306E-1;9,409389E-1;;
02/12/2021  12:05:22,354858;9,302149E-1;1,034794E-1;1,363715E-1;9,404328E-1;;
02/12/2021  12:05:22,354958;9,299735E-1;1,079395E-1;1,041465E-1;9,399275E-1;;
02/12/2021  12:05:22,355058;9,306589E-1;1,232313E-1;1,246821E-1;9,394244E-1;;
02/12/2021  12:05:22,355158;9,301195E-1;1,347002E-1;1,278414E-1;9,389248E-1;;
02/12/2021  12:05:22,355258;9,309182E-1;1,120810E-1;1,480610E-1;9,384298E-1;;
02/12/2021  12:05:22,355358;9,330402E-1;1,184526E-1;1,322644E-1;9,379408E-1;;
02/12/2021  12:05:22,355458;9,323786E-1;1,092138E-1;1,155200E-1;9,374593E-1;;
02/12/2021  12:05:22,355558;9,323100E-1;1,219570E-1;1,297370E-1;9,369866E-1;;
02/12/2021  12:05:22,355658;9,317736E-1;1,022050E-1;1,224705E-1;9,365242E-1;;
02/12/2021  12:05:22,355758;9,320805E-1;1,171783E-1;1,041465E-1;9,360731E-1;;
02/12/2021  12:05:22,355858;9,342204E-1;1,213198E-1;1,193112E-1;9,356344E-1;;
02/12/2021  12:05:22,355958;9,340416E-1;1,350188E-1;1,357397E-1;9,352093E-1;;
02/12/2021  12:05:22,356058;9,346853E-1;1,433019E-1;1,404787E-1;9,347990E-1;;
02/12/2021  12:05:22,356158;9,340535E-1;1,270543E-1;1,347919E-1;9,344045E-1;;
02/12/2021  12:05:22,356258;9,349148E-1;1,133553E-1;1,180475E-1;9,340270E-1;;
02/12/2021  12:05:22,356358;9,357642E-1;1,267357E-1;1,407946E-1;9,336673E-1;;
02/12/2021  12:05:22,356458;9,361486E-1;1,292843E-1;1,300529E-1;9,333263E-1;;
02/12/2021  12:05:22,356558;9,362768E-1;1,241871E-1;1,183634E-1;9,330048E-1;;
02/12/2021  12:05:22,356658;9,361427E-1;1,123996E-1;9,688005E-2;9,327038E-1;;
02/12/2021  12:05:22,356758;9,365957E-1;1,318330E-1;1,328963E-1;9,324237E-1;;
02/12/2021  12:05:22,356858;9,376865E-1;1,356559E-1;1,559593E-1;9,321651E-1;;
02/12/2021  12:05:22,356958;9,379428E-1;1,232313E-1;1,281573E-1;9,319285E-1;;
02/12/2021  12:05:22,357058;9,374063E-1;1,057094E-1;1,114129E-1;9,317144E-1;;
02/12/2021  12:05:22,357158;9,374123E-1;1,044351E-1;1,101492E-1;9,315230E-1;;
02/12/2021  12:05:22,357258;9,385299E-1;2,479010E-2;3,590517E-2;9,313545E-1;;
02/12/2021  12:05:22,357358;9,395849E-1;1,391603E-1;1,193112E-1;9,312090E-1;;
02/12/2021  12:05:22,357458;9,394419E-1;1,331073E-1;1,110970E-1;9,310866E-1;;
02/12/2021  12:05:22,357558;9,396863E-1;1,245056E-1;1,237343E-1;9,309874E-1;;
02/12/2021  12:05:22,357658;9,395909E-1;1,171783E-1;1,256299E-1;9,309115E-1;;
02/12/2021  12:05:22,357758;9,405267E-1;1,343816E-1;1,268936E-1;9,308586E-1;;
02/12/2021  12:05:22,357858;9,417546E-1;1,280100E-1;1,076217E-1;9,308287E-1;;
02/12/2021  12:05:22,357958;9,410721E-1;1,123996E-1;1,050943E-1;9,308215E-1;;
02/12/2021  12:05:22,358058;9,406966E-1;1,350188E-1;1,338441E-1;9,308369E-1;;
02/12/2021  12:05:22,358158;9,408903E-1;1,391603E-1;1,344760E-1;9,308745E-1;;
02/12/2021  12:05:22,358258;9,424758E-1;1,366117E-1;1,376353E-1;9,309337E-1;;
02/12/2021  12:05:22,358358;9,437186E-1;1,270543E-1;1,411105E-1;9,310142E-1;;
02/12/2021  12:05:22,358458;9,438050E-1;1,292843E-1;1,268936E-1;9,311155E-1;;
02/12/2021  12:05:22,358558;9,435308E-1;1,359745E-1;1,202590E-1;9,312373E-1;;
02/12/2021  12:05:22,358658;9,433699E-1;-1,535098E-2;4,601499E-2;9,313793E-1;;
02/12/2021  12:05:22,358758;9,444488E-1;1,232313E-1;1,126766E-1;9,315409E-1;;
02/12/2021  12:05:22,358858;9,451700E-1;1,305587E-1;1,249980E-1;9,317215E-1;;
02/12/2021  12:05:22,358958;9,455217E-1;1,241871E-1;1,177316E-1;9,319206E-1;;
02/12/2021  12:05:22,359058;9,450568E-1;1,254614E-1;1,193112E-1;9,321376E-1;;
02/12/2021  12:05:22,359158;9,454978E-1;1,184526E-1;1,632258E-1;9,323719E-1;;
02/12/2021  12:05:22,359258;9,471489E-1;1,181340E-1;1,550115E-1;9,326228E-1;;
02/12/2021  12:05:22,359358;9,482099E-1;8,946184E-2;1,038306E-1;9,328897E-1;;
02/12/2021  12:05:22,359458;9,477539E-1;1,235499E-1;1,471132E-1;9,331722E-1;;
02/12/2021  12:05:22,359558;9,479089E-1;1,264171E-1;1,281573E-1;9,334698E-1;;
02/12/2021  12:05:22,359658;9,475721E-1;9,710776E-2;1,120448E-1;9,337819E-1;;
02/12/2021  12:05:22,359758;9,497209E-1;1,076209E-1;1,044624E-1;9,341078E-1;;
02/12/2021  12:05:22,359858;9,494408E-1;1,037979E-1;1,196272E-1;9,344469E-1;;
02/12/2021  12:05:22,359958;9,502544E-1;1,267357E-1;1,455336E-1;9,347987E-1;;
02/12/2021  12:05:22,360058;9,499444E-1;1,009307E-1;1,142563E-1;9,351625E-1;;
02/12/2021  12:05:22,360158;9,504809E-1;9,933782E-2;1,145722E-1;9,355379E-1;;
02/12/2021  12:05:22,360258;9,521976E-1;1,092138E-1;1,322644E-1;9,359241E-1;;
02/12/2021  12:05:22,360358;9,526237E-1;1,057094E-1;1,145722E-1;9,363207E-1;;
02/12/2021  12:05:22,360458;9,529665E-1;1,076209E-1;1,022509E-1;9,367272E-1;;
02/12/2021  12:05:22,360558;9,525045E-1;1,025236E-1;1,246821E-1;9,371432E-1;;
02/12/2021  12:05:22,360658;9,536698E-1;1,034794E-1;1,088855E-1;9,375683E-1;;
02/12/2021  12:05:22,360758;9,543136E-1;4,581638E-2;7,634447E-2;9,380018E-1;;
02/12/2021  12:05:22,360858;9,551063E-1;1,053908E-1;1,180475E-1;9,384434E-1;;
02/12/2021  12:05:22,360958;9,548798E-1;1,104881E-1;1,142563E-1;9,388927E-1;;
02/12/2021  12:05:22,361058;9,550288E-1;1,139925E-1;1,294210E-1;9,393491E-1;;
02/12/2021  12:05:22,361158;9,562269E-1;1,127182E-1;1,227865E-1;9,398123E-1;;
02/12/2021  12:05:22,361258;9,573088E-1;9,073616E-2;9,782784E-2;9,402816E-1;;
02/12/2021  12:05:22,361358;9,577051E-1;1,442576E-1;1,894481E-1;9,407569E-1;;
02/12/2021  12:05:22,361458;9,577171E-1;1,318330E-1;1,370034E-1;9,412377E-1;;
02/12/2021  12:05:22,361558;9,585635E-1;1,359745E-1;1,306848E-1;9,417239E-1;;
02/12/2021  12:05:22,361658;9,586708E-1;1,993719E-1;1,588027E-1;9,422149E-1;;
02/12/2021  12:05:22,361758;9,603338E-1;1,687883E-1;1,439539E-1;9,427106E-1;;
02/12/2021  12:05:22,361858;9,607153E-1;1,646467E-1;1,499566E-1;9,432107E-1;;
02/12/2021  12:05:22,361958;9,610699E-1;1,700626E-1;1,518522E-1;9,437149E-1;;
02/12/2021  12:05:22,362058;9,614842E-1;1,821686E-1;1,679647E-1;9,442232E-1;;
02/12/2021  12:05:22,362158;9,621696E-1;1,286472E-1;1,139404E-1;9,447354E-1;;
02/12/2021  12:05:22,362258;9,634482E-1;1,464877E-1;1,430061E-1;9,452511E-1;;
02/12/2021  12:05:22,362358;9,630846E-1;1,299215E-1;1,363715E-1;9,457704E-1;;
02/12/2021  12:05:22,362458;9,638982E-1;1,292843E-1;1,388990E-1;9,462931E-1;;
02/12/2021  12:05:22,362558;9,625452E-1;1,388417E-1;1,357397E-1;9,468188E-1;;
02/12/2021  12:05:22,362658;9,633230E-1;1,305587E-1;1,268936E-1;9,473474E-1;;
02/12/2021  12:05:22,362758;9,641933E-1;1,302401E-1;1,439539E-1;9,478782E-1;;
02/12/2021  12:05:22,362858;9,637224E-1;1,350188E-1;1,303688E-1;9,484108E-1;;
02/12/2021  12:05:22,362958;9,633171E-1;1,292843E-1;1,411105E-1;9,489447E-1;;
02/12/2021  12:05:22,363058;9,629147E-1;1,337445E-1;1,303688E-1;9,494791E-1;;
02/12/2021  12:05:22,363158;9,638416E-1;1,267357E-1;1,249980E-1;9,500135E-1;;
02/12/2021  12:05:22,363258;9,644376E-1;1,283286E-1;1,310007E-1;9,505470E-1;;
02/12/2021  12:05:22,363358;9,640502E-1;1,331073E-1;1,316326E-1;9,510789E-1;;
02/12/2021  12:05:22,363458;9,630309E-1;1,401161E-1;1,388990E-1;9,516087E-1;;
02/12/2021  12:05:22,363558;9,626703E-1;1,292843E-1;1,436380E-1;9,521354E-1;;
02/12/2021  12:05:22,363658;9,631800E-1;1,181340E-1;1,423743E-1;9,526581E-1;;
02/12/2021  12:05:22,363758;9,634869E-1;1,289658E-1;1,335282E-1;9,531759E-1;;
02/12/2021  12:05:22,363858;9,636985E-1;1,267357E-1;1,322644E-1;9,536879E-1;;
02/12/2021  12:05:22,363958;9,619163E-1;1,155854E-1;1,291051E-1;9,541934E-1;;
02/12/2021  12:05:22,364058;9,619938E-1;1,241871E-1;1,306848E-1;9,546914E-1;;
02/12/2021  12:05:22,364158;9,628581E-1;8,309024E-2;1,202590E-1;9,551809E-1;;
02/12/2021  12:05:22,364258;9,624021E-1;1,388417E-1;1,360556E-1;9,556610E-1;;
02/12/2021  12:05:22,364358;9,614275E-1;1,404346E-1;1,385831E-1;9,561310E-1;;
02/12/2021  12:05:22,364458;9,602652E-1;1,347002E-1;1,297370E-1;9,565898E-1;;
02/12/2021  12:05:22,364558;9,601252E-1;1,203641E-1;1,164678E-1;9,570366E-1;;
02/12/2021  12:05:22,364658;9,603517E-1;1,315144E-1;1,328963E-1;9,574702E-1;;
02/12/2021  12:05:22,364758;9,600745E-1;1,292843E-1;1,322644E-1;9,578896E-1;;
02/12/2021  12:05:22,364858;9,590135E-1;1,216384E-1;1,265777E-1;9,582940E-1;;
02/12/2021  12:05:22,364958;9,581909E-1;1,130368E-1;1,170997E-1;9,586825E-1;;
02/12/2021  12:05:22,365058;9,578959E-1;1,321516E-1;1,322644E-1;9,590541E-1;;
02/12/2021  12:05:22,365158;9,583191E-1;1,601866E-1;1,581709E-1;9,594078E-1;;
02/12/2021  12:05:22,365258;9,574876E-1;1,362931E-1;1,385831E-1;9,597430E-1;;
02/12/2021  12:05:22,365358;9,567038E-1;1,197269E-1;1,253139E-1;9,600589E-1;;
02/12/2021  12:05:22,365458;9,561733E-1;7,576290E-2;8,708615E-2;9,603547E-1;;
02/12/2021  12:05:22,365558;9,553537E-1;1,187712E-1;1,344760E-1;9,606298E-1;;
02/12/2021  12:05:22,365658;9,554312E-1;1,410718E-1;1,499566E-1;9,608835E-1;;
02/12/2021  12:05:22,365758;9,547547E-1;1,617795E-1;1,553275E-1;9,611152E-1;;
02/12/2021  12:05:22,365858;9,535268E-1;1,299215E-1;1,322644E-1;9,613243E-1;;
02/12/2021  12:05:22,365958;9,524568E-1;1,331073E-1;1,366875E-1;9,615104E-1;;
02/12/2021  12:05:22,366058;9,520813E-1;1,391603E-1;1,373193E-1;9,616727E-1;;
02/12/2021  12:05:22,366158;9,523585E-1;1,286472E-1;1,234183E-1;9,618108E-1;;
02/12/2021  12:05:22,366258;9,512826E-1;1,127182E-1;9,877564E-2;9,619243E-1;;
02/12/2021  12:05:22,366358;9,505167E-1;1,238685E-1;1,237343E-1;9,620128E-1;;
02/12/2021  12:05:22,366458;9,492560E-1;1,503106E-1;1,452176E-1;9,620761E-1;;
02/12/2021  12:05:22,366558;9,491666E-1;1,404346E-1;1,177316E-1;9,621139E-1;;
02/12/2021  12:05:22,366658;9,491398E-1;9,519628E-2;8,803395E-2;9,621259E-1;;
02/12/2021  12:05:22,366758;9,478731E-1;1,257800E-1;1,129926E-1;9,621120E-1;;
02/12/2021  12:05:22,366858;9,464515E-1;1,410718E-1;1,401627E-1;9,620722E-1;;
02/12/2021  12:05:22,366958;9,459538E-1;1,350188E-1;1,268936E-1;9,620063E-1;;
02/12/2021  12:05:22,367058;9,461684E-1;1,245056E-1;1,224705E-1;9,619143E-1;;
02/12/2021  12:05:22,367158;9,457541E-1;1,101695E-1;1,395309E-1;9,617963E-1;;
02/12/2021  12:05:22,367258;9,447379E-1;1,382046E-1;1,398468E-1;9,616525E-1;;
02/12/2021  12:05:22,367358;9,431196E-1;1,362931E-1;1,139404E-1;9,614830E-1;;
02/12/2021  12:05:22,367458;9,419185E-1;1,353374E-1;1,486929E-1;9,612881E-1;;
02/12/2021  12:05:22,367558;9,417009E-1;1,264171E-1;1,310007E-1;9,610679E-1;;
02/12/2021  12:05:22,367658;9,410244E-1;1,206827E-1;1,300529E-1;9,608224E-1;;
02/12/2021  12:05:22,367758;9,401273E-1;1,350188E-1;1,458495E-1;9,605519E-1;;
02/12/2021  12:05:22,367858;9,388398E-1;1,257800E-1;1,167838E-1;9,602567E-1;;
02/12/2021  12:05:22,367958;9,373974E-1;1,254614E-1;8,076751E-2;9,599370E-1;;
02/12/2021  12:05:22,368058;9,378087E-1;1,404346E-1;1,556434E-1;9,595929E-1;;
02/12/2021  12:05:22,368158;9,374153E-1;1,420275E-1;1,426902E-1;9,592248E-1;;
02/12/2021  12:05:22,368258;9,356509E-1;1,474434E-1;1,524841E-1;9,588330E-1;;
02/12/2021  12:05:22,368358;9,339671E-1;1,350188E-1;1,351078E-1;9,584180E-1;;
02/12/2021  12:05:22,368458;9,337286E-1;1,420275E-1;1,534319E-1;9,579802E-1;;
02/12/2021  12:05:22,368558;9,333561E-1;1,127182E-1;1,038306E-1;9,575197E-1;;
02/12/2021  12:05:22,368658;9,330312E-1;1,452133E-1;1,433221E-1;9,570371E-1;;
02/12/2021  12:05:22,368758;9,311596E-1;1,187712E-1;1,354238E-1;9,565329E-1;;
02/12/2021  12:05:22,368858;9,300122E-1;1,216384E-1;1,218387E-1;9,560077E-1;;
02/12/2021  12:05:22,368958;9,297291E-1;1,210013E-1;1,199431E-1;9,554617E-1;;
02/12/2021  12:05:22,369058;9,301165E-1;1,729298E-1;1,793383E-1;9,548956E-1;;
02/12/2021  12:05:22,369158;9,293983E-1;1,410718E-1;1,388990E-1;9,543100E-1;;
02/12/2021  12:05:22,369258;9,275982E-1;1,254614E-1;1,079377E-1;9,537058E-1;;
02/12/2021  12:05:22,369358;9,267369E-1;1,257800E-1;1,231024E-1;9,530836E-1;;
02/12/2021  12:05:22,369458;9,267369E-1;1,299215E-1;1,291051E-1;9,524441E-1;;
02/12/2021  12:05:22,369558;9,266206E-1;1,429833E-1;1,392149E-1;9,517881E-1;;
02/12/2021  12:05:22,369658;9,260216E-1;1,171783E-1;1,212068E-1;9,511165E-1;;
02/12/2021  12:05:22,369758;9,258428E-1;1,276914E-1;1,193112E-1;9,504301E-1;;
02/12/2021  12:05:22,369858;9,250649E-1;1,264171E-1;1,439539E-1;9,497301E-1;;
02/12/2021  12:05:22,369958;9,252229E-1;1,464877E-1;1,480610E-1;9,490175E-1;;
02/12/2021  12:05:22,370058;9,260752E-1;3,466608E-2;6,876210E-2;9,482935E-1;;
02/12/2021  12:05:22,370158;9,258636E-1;1,101695E-1;7,508074E-2;9,475594E-1;;
02/12/2021  12:05:22,370258;9,253987E-1;1,327887E-1;1,265777E-1;9,468168E-1;;
02/12/2021  12:05:22,370358;9,250530E-1;1,433019E-1;1,407946E-1;9,460670E-1;;
02/12/2021  12:05:22,370458;9,259232E-1;1,286472E-1;1,338441E-1;9,453116E-1;;
02/12/2021  12:05:22,370558;9,263435E-1;1,423461E-1;1,499566E-1;9,445522E-1;;
02/12/2021  12:05:22,370658;9,263136E-1;1,280100E-1;1,177316E-1;9,437905E-1;;
02/12/2021  12:05:22,370758;9,259530E-1;1,382046E-1;1,332122E-1;9,430282E-1;;
02/12/2021  12:05:22,370858;9,260335E-1;1,362931E-1;1,341600E-1;9,422670E-1;;
02/12/2021  12:05:22,370958;9,266862E-1;1,109116E-2;6,813023E-2;9,415086E-1;;
02/12/2021  12:05:22,371058;9,277531E-1;1,216384E-1;1,227865E-1;9,407546E-1;;
02/12/2021  12:05:22,371158;9,272465E-1;1,245056E-1;1,199431E-1;9,400070E-1;;
02/12/2021  12:05:22,371258;9,267309E-1;1,254614E-1;1,382671E-1;9,392674E-1;;
02/12/2021  12:05:22,371358;9,261795E-1;1,276914E-1;1,272095E-1;9,385374E-1;;
02/12/2021  12:05:22,371458;9,268203E-1;1,241871E-1;1,246821E-1;9,378184E-1;;
02/12/2021  12:05:22,371558;9,271869E-1;1,219570E-1;1,420583E-1;9,371118E-1;;
02/12/2021  12:05:22,371658;9,267845E-1;1,315144E-1;1,287892E-1;9,364188E-1;;
02/12/2021  12:05:22,371758;9,266832E-1;1,391603E-1;1,379512E-1;9,357408E-1;;
02/12/2021  12:05:22,371858;9,265759E-1;1,337445E-1;1,249980E-1;9,350788E-1;;
02/12/2021  12:05:22,371958;9,275415E-1;1,216384E-1;1,246821E-1;9,344338E-1;;
02/12/2021  12:05:22,372058;9,283194E-1;1,382046E-1;1,376353E-1;9,338069E-1;;
02/12/2021  12:05:22,372158;9,273419E-1;1,458505E-1;1,401627E-1;9,331989E-1;;
02/12/2021  12:05:22,372258;9,273270E-1;1,187712E-1;1,215227E-1;9,326110E-1;;
02/12/2021  12:05:22,372358;9,278902E-1;3,434750E-2;6,275939E-2;9,320437E-1;;
02/12/2021  12:05:22,372458;9,287426E-1;1,296029E-1;1,663851E-1;9,314978E-1;;
02/12/2021  12:05:22,372558;9,292701E-1;1,194084E-1;1,215227E-1;9,309741E-1;;
02/12/2021  12:05:22,372658;9,298393E-1;1,171783E-1;1,193112E-1;9,304732E-1;;
02/12/2021  12:05:22,372758;9,296546E-1;1,159040E-1;1,177316E-1;9,299959E-1;;
02/12/2021  12:05:22,372858;9,310166E-1;1,123996E-1;1,145722E-1;9,295429E-1;;
02/12/2021  12:05:22,372958;9,313414E-1;9,965640E-2;1,212068E-1;9,291147E-1;;
02/12/2021  12:05:22,373058;9,316305E-1;1,022050E-1;1,104651E-1;9,287121E-1;;
02/12/2021  12:05:22,373158;9,319285E-1;1,057094E-1;1,142563E-1;9,283356E-1;;
02/12/2021  12:05:22,373258;9,308616E-1;1,012493E-1;1,123607E-1;9,279856E-1;;
02/12/2021  12:05:22,373358;9,310404E-1;1,041165E-1;1,035146E-1;9,276623E-1;;
02/12/2021  12:05:22,373458;9,322236E-1;1,114439E-1;1,205749E-1;9,273659E-1;;
02/12/2021  12:05:22,373558;9,327213E-1;1,022050E-1;1,155200E-1;9,270962E-1;;
02/12/2021  12:05:22,373658;9,325633E-1;8,245308E-2;1,044624E-1;9,268533E-1;;
02/12/2021  12:05:22,373758;9,322266E-1;-2,681986E-2;8,677022E-2;9,266372E-1;;
02/12/2021  12:05:22,373858;9,331236E-1;9,997498E-2;1,167838E-1;9,264476E-1;;
02/12/2021  12:05:22,373958;9,338598E-1;8,404598E-2;1,164678E-1;9,262843E-1;;
02/12/2021  12:05:22,374058;9,346644E-1;9,360338E-2;1,066739E-1;9,261470E-1;;
02/12/2021  12:05:22,374158;9,353857E-1;1,066652E-1;1,161519E-1;9,260355E-1;;
02/12/2021  12:05:22,374258;9,346823E-1;5,760384E-2;8,677022E-2;9,259498E-1;;
02/12/2021  12:05:22,374358;9,358774E-1;1,101695E-1;1,275255E-1;9,258894E-1;;
02/12/2021  12:05:22,374458;9,374004E-1;1,327887E-1;1,619620E-1;9,258541E-1;;
02/12/2021  12:05:22,374558;9,379845E-1;9,455912E-2;1,186794E-1;9,258437E-1;;
02/12/2021  12:05:22,374658;9,378057E-1;1,267357E-1;1,303688E-1;9,258580E-1;;
02/12/2021  12:05:22,374758;9,381156E-1;1,448948E-1;1,382671E-1;9,258969E-1;;
02/12/2021  12:05:22,374858;9,390246E-1;1,452133E-1;1,338441E-1;9,259599E-1;;
02/12/2021  12:05:22,374958;9,407174E-1;1,560451E-1;1,177316E-1;9,260467E-1;;
02/12/2021  12:05:22,375058;9,405356E-1;9,901924E-2;8,834988E-2;9,261571E-1;;
02/12/2021  12:05:22,375158;9,399426E-1;1,656025E-1;1,524841E-1;9,262909E-1;;
02/12/2021  12:05:22,375258;9,395849E-1;1,659210E-1;1,553275E-1;9,264474E-1;;
02/12/2021  12:05:22,375358;9,401035E-1;1,283286E-1;1,092014E-1;9,266260E-1;;
02/12/2021  12:05:22,375458;9,408992E-1;7,512574E-2;6,876210E-2;9,268260E-1;;
02/12/2021  12:05:22,375558;9,400022E-1;8,340882E-2;9,308886E-2;9,270464E-1;;
02/12/2021  12:05:22,375658;9,403270E-1;1,455319E-1;1,398468E-1;9,272865E-1;;
02/12/2021  12:05:22,375758;9,398681E-1;1,002936E-1;1,009872E-1;9,275450E-1;;
02/12/2021  12:05:22,375858;9,401780E-1;1,251428E-1;1,284732E-1;9,278209E-1;;
02/12/2021  12:05:22,375958;9,411734E-1;1,248242E-1;1,502726E-1;9,281130E-1;;
02/12/2021  12:05:22,376058;9,405833E-1;1,324701E-1;1,341600E-1;9,284201E-1;;
02/12/2021  12:05:22,376158;9,397727E-1;1,098510E-1;9,814378E-2;9,287411E-1;;
02/12/2021  12:05:22,376258;9,398293E-1;8,309024E-2;1,347919E-1;9,290747E-1;;
02/12/2021  12:05:22,376358;9,410691E-1;1,194084E-1;1,161519E-1;9,294196E-1;;
02/12/2021  12:05:22,376458;9,413522E-1;1,260985E-1;1,310007E-1;9,297743E-1;;
02/12/2021  12:05:22,376558;9,412062E-1;1,241871E-1;1,224705E-1;9,301379E-1;;
02/12/2021  12:05:22,376658;9,401840E-1;1,028422E-1;1,041465E-1;9,305092E-1;;
02/12/2021  12:05:22,376758;9,399873E-1;1,146297E-1;1,787064E-1;9,308869E-1;;
02/12/2021  12:05:22,376858;9,415698E-1;1,276914E-1;1,461654E-1;9,312697E-1;;
02/12/2021  12:05:22,376958;9,414953E-1;1,327887E-1;1,376353E-1;9,316565E-1;;
02/12/2021  12:05:22,377058;9,410870E-1;1,165411E-1;1,357397E-1;9,320462E-1;;
02/12/2021  12:05:22,377158;9,410870E-1;1,088952E-1;1,079377E-1;9,324378E-1;;
02/12/2021  12:05:22,377258;9,402287E-1;9,360338E-2;1,013031E-1;9,328302E-1;;
02/12/2021  12:05:22,377358;9,418529E-1;9,296622E-2;9,466852E-2;9,332223E-1;;
02/12/2021  12:05:22,377458;9,412807E-1;1,159040E-1;1,145722E-1;9,336131E-1;;
02/12/2021  12:05:22,377558;9,409946E-1;1,292843E-1;1,436380E-1;9,340017E-1;;
02/12/2021  12:05:22,377658;9,408456E-1;1,006121E-1;1,189953E-1;9,343872E-1;;
02/12/2021  12:05:22,377758;9,407115E-1;1,283286E-1;1,287892E-1;9,347687E-1;;
02/12/2021  12:05:22,377858;9,421212E-1;7,958586E-2;1,505885E-1;9,351453E-1;;
02/12/2021  12:05:22,377958;9,425026E-1;1,146297E-1;1,196272E-1;9,355164E-1;;
02/12/2021  12:05:22,378058;9,412420E-1;1,002936E-1;9,182514E-2;9,358813E-1;;
02/12/2021  12:05:22,378158;9,408426E-1;7,257710E-2;1,155200E-1;9,362395E-1;;
02/12/2021  12:05:22,378258;9,411704E-1;1,385232E-1;1,310007E-1;9,365904E-1;;
02/12/2021  12:05:22,378358;9,417069E-1;1,289658E-1;1,300529E-1;9,369333E-1;;
02/12/2021  12:05:22,378458;9,415489E-1;1,327887E-1;1,332122E-1;9,372677E-1;;
02/12/2021  12:05:22,378558;9,415102E-1;1,012493E-1;9,435259E-2;9,375931E-1;;
02/12/2021  12:05:22,378658;9,406101E-1;9,137332E-2;1,328963E-1;9,379092E-1;;
02/12/2021  12:05:22,378758;9,407115E-1;1,174969E-1;1,136244E-1;9,382154E-1;;
02/12/2021  12:05:22,378858;9,411198E-1;1,311958E-1;1,237343E-1;9,385113E-1;;
02/12/2021  12:05:22,378958;9,413701E-1;1,031608E-1;1,471132E-1;9,387966E-1;;
02/12/2021  12:05:22,379058;9,409708E-1;1,353374E-1;1,385831E-1;9,390708E-1;;
02/12/2021  12:05:22,379158;9,394180E-1;1,321516E-1;1,322644E-1;9,393339E-1;;
02/12/2021  12:05:22,379258;9,402167E-1;1,127182E-1;1,281573E-1;9,395854E-1;;
02/12/2021  12:05:22,379358;9,406638E-1;9,806350E-2;1,107811E-1;9,398249E-1;;
02/12/2021  12:05:22,379458;9,409052E-1;1,069837E-1;1,281573E-1;9,400523E-1;;
02/12/2021  12:05:22,379558;9,409797E-1;1,280100E-1;1,303688E-1;9,402675E-1;;
02/12/2021  12:05:22,379658;9,397131E-1;1,276914E-1;1,212068E-1;9,404704E-1;;
02/12/2021  12:05:22,379758;9,398055E-1;1,219570E-1;1,641736E-1;9,406610E-1;;
02/12/2021  12:05:22,379858;9,408486E-1;1,229127E-1;1,243661E-1;9,408393E-1;;
02/12/2021  12:05:22,379958;9,407562E-1;1,331073E-1;1,278414E-1;9,410052E-1;;
02/12/2021  12:05:22,380058;9,403002E-1;1,359745E-1;1,467973E-1;9,411589E-1;;
02/12/2021  12:05:22,380158;9,394240E-1;1,197269E-1;1,199431E-1;9,413005E-1;;
02/12/2021  12:05:22,380258;9,403002E-1;1,245056E-1;1,237343E-1;9,414303E-1;;
02/12/2021  12:05:22,380358;9,402138E-1;1,439390E-1;1,625939E-1;9,415481E-1;;
02/12/2021  12:05:22,380458;9,396475E-1;1,525407E-1;1,430061E-1;9,416544E-1;;
02/12/2021  12:05:22,380558;9,393048E-1;1,397975E-1;1,559593E-1;9,417492E-1;;
02/12/2021  12:05:22,380658;9,386968E-1;1,101695E-1;1,158360E-1;9,418327E-1;;
02/12/2021  12:05:22,380758;9,392988E-1;4,071910E-2;9,688005E-2;9,419049E-1;;
02/12/2021  12:05:22,380858;9,399932E-1;1,347002E-1;1,407946E-1;9,419661E-1;;
02/12/2021  12:05:22,380958;9,391856E-1;1,299215E-1;1,272095E-1;9,420165E-1;;
02/12/2021  12:05:22,381058;9,381335E-1;1,101695E-1;1,180475E-1;9,420564E-1;;
02/12/2021  12:05:22,381158;9,380232E-1;1,324701E-1;1,322644E-1;9,420860E-1;;
02/12/2021  12:05:22,381258;9,391885E-1;1,687883E-1;1,821817E-1;9,421054E-1;;
02/12/2021  12:05:22,381358;9,388637E-1;1,143111E-1;1,170997E-1;9,421148E-1;;
02/12/2021  12:05:22,381458;9,393018E-1;1,222756E-1;1,256299E-1;9,421147E-1;;
02/12/2021  12:05:22,381558;9,389680E-1;1,219570E-1;1,189953E-1;9,421054E-1;;
02/12/2021  12:05:22,381658;9,388011E-1;1,359745E-1;1,480610E-1;9,420873E-1;;
02/12/2021  12:05:22,381758;9,402018E-1;1,296029E-1;1,373193E-1;9,420610E-1;;
02/12/2021  12:05:22,381858;9,407443E-1;1,280100E-1;1,262617E-1;9,420271E-1;;
02/12/2021  12:05:22,381958;9,410184E-1;1,362931E-1;1,385831E-1;9,419863E-1;;
02/12/2021  12:05:22,382058;9,406429E-1;1,178155E-1;1,133085E-1;9,419393E-1;;
02/12/2021  12:05:22,382158;9,410810E-1;1,245056E-1;1,133085E-1;9,418871E-1;;
02/12/2021  12:05:22,382258;9,424341E-1;1,289658E-1;1,243661E-1;9,418305E-1;;
02/12/2021  12:05:22,382358;9,425295E-1;1,264171E-1;1,275255E-1;9,417703E-1;;
02/12/2021  12:05:22,382458;9,421212E-1;1,276914E-1;1,338441E-1;9,417075E-1;;
02/12/2021  12:05:22,382558;9,416980E-1;1,812129E-1;1,938712E-1;9,416431E-1;;
02/12/2021  12:05:22,382658;9,419245E-1;1,280100E-1;1,310007E-1;9,415777E-1;;
02/12/2021  12:05:22,382758;9,434534E-1;7,544432E-2;1,164678E-1;9,415121E-1;;
02/12/2021  12:05:22,382858;9,436650E-1;1,245056E-1;1,328963E-1;9,414471E-1;;
02/12/2021  12:05:22,382958;9,431494E-1;1,280100E-1;1,344760E-1;9,413834E-1;;
02/12/2021  12:05:22,383058;9,422404E-1;1,206827E-1;1,145722E-1;9,413219E-1;;
02/12/2021  12:05:22,383158;9,421361E-1;1,283286E-1;1,246821E-1;9,412630E-1;;
02/12/2021  12:05:22,383258;9,430331E-1;1,662396E-1;1,768108E-1;9,412072E-1;;
02/12/2021  12:05:22,383358;9,429348E-1;1,382046E-1;1,376353E-1;9,411548E-1;;
02/12/2021  12:05:22,383458;9,425026E-1;1,366117E-1;1,303688E-1;9,411062E-1;;
02/12/2021  12:05:22,383558;9,423834E-1;1,350188E-1;1,322644E-1;9,410616E-1;;
02/12/2021  12:05:22,383658;9,425563E-1;1,283286E-1;1,262617E-1;9,410213E-1;;
02/12/2021  12:05:22,383758;9,437067E-1;1,210013E-1;1,104651E-1;9,409855E-1;;
02/12/2021  12:05:22,383858;9,427500E-1;9,360338E-2;7,413294E-2;9,409542E-1;;
02/12/2021  12:05:22,383958;9,424937E-1;1,356559E-1;1,284732E-1;9,409277E-1;;
02/12/2021  12:05:22,384058;9,421212E-1;1,369303E-1;1,322644E-1;9,409061E-1;;
02/12/2021  12:05:22,384158;9,428335E-1;8,086018E-2;6,876210E-2;9,408893E-1;;
02/12/2021  12:05:22,384258;9,429527E-1;8,022302E-2;1,262617E-1;9,408771E-1;;
02/12/2021  12:05:22,384358;9,429229E-1;1,289658E-1;1,319485E-1;9,408697E-1;;
02/12/2021  12:05:22,384458;9,427530E-1;1,235499E-1;1,249980E-1;9,408669E-1;;
02/12/2021  12:05:22,384558;9,425622E-1;1,136739E-1;1,142563E-1;9,408688E-1;;
02/12/2021  12:05:22,384658;9,431345E-1;1,340630E-1;1,445858E-1;9,408751E-1;;
02/12/2021  12:05:22,384758;9,435755E-1;1,671954E-1;1,802861E-1;9,408858E-1;;
02/12/2021  12:05:22,384858;9,436560E-1;1,305587E-1;1,268936E-1;9,409009E-1;;
02/12/2021  12:05:22,384958;9,429795E-1;9,392196E-2;7,539667E-2;9,409202E-1;;
02/12/2021  12:05:22,385058;9,419423E-1;1,245056E-1;1,316326E-1;9,409438E-1;;
02/12/2021  12:05:22,385158;9,426457E-1;1,522221E-1;1,483770E-1;9,409713E-1;;
02/12/2021  12:05:22,385258;9,430212E-1;1,321516E-1;1,379512E-1;9,410024E-1;;
02/12/2021  12:05:22,385358;9,428126E-1;1,225942E-1;1,240502E-1;9,410369E-1;;
02/12/2021  12:05:22,385458;9,431047E-1;7,098420E-2;8,803395E-2;9,410745E-1;;
02/12/2021  12:05:22,385558;9,428692E-1;1,018865E-1;1,126766E-1;9,411150E-1;;
02/12/2021  12:05:22,385658;9,438020E-1;1,413904E-1;1,322644E-1;9,411583E-1;;
02/12/2021  12:05:22,385758;9,442133E-1;1,174969E-1;1,240502E-1;9,412043E-1;;
02/12/2021  12:05:22,385858;9,438885E-1;1,079395E-1;1,366875E-1;9,412528E-1;;
02/12/2021  12:05:22,385958;9,439093E-1;1,088952E-1;1,202590E-1;9,413039E-1;;
02/12/2021  12:05:22,386058;9,443683E-1;1,375674E-1;1,556434E-1;9,413576E-1;;
02/12/2021  12:05:22,386158;9,457333E-1;1,044351E-1;1,186794E-1;9,414138E-1;;
02/12/2021  12:05:22,386258;9,456767E-1;9,551486E-2;1,101492E-1;9,414726E-1;;
02/12/2021  12:05:22,386358;9,459270E-1;1,133553E-1;1,382671E-1;9,415343E-1;;
02/12/2021  12:05:22,386458;9,449316E-1;1,229127E-1;1,303688E-1;9,415990E-1;;
02/12/2021  12:05:22,386558;9,454353E-1;9,169190E-2;1,022509E-1;9,416669E-1;;
02/12/2021  12:05:22,386658;9,467168E-1;1,044351E-1;1,177316E-1;9,417379E-1;;
02/12/2021  12:05:22,386758;9,464307E-1;9,615202E-2;1,114129E-1;9,418121E-1;;
02/12/2021  12:05:22,386858;9,458138E-1;6,684266E-2;6,876210E-2;9,418897E-1;;
02/12/2021  12:05:22,386958;9,449405E-1;4,549780E-2;1,129926E-1;9,419707E-1;;
02/12/2021  12:05:22,387058;9,449048E-1;1,053908E-1;1,085695E-1;9,420549E-1;;
02/12/2021  12:05:22,387158;9,451044E-1;9,774492E-2;1,092014E-1;9,421419E-1;;
02/12/2021  12:05:22,387258;9,450061E-1;1,037979E-1;1,110970E-1;9,422316E-1;;
02/12/2021  12:05:22,387358;9,445888E-1;1,018865E-1;1,155200E-1;9,423235E-1;;
02/12/2021  12:05:22,387458;9,445233E-1;1,627352E-1;1,373193E-1;9,424173E-1;;
02/12/2021  12:05:22,387558;9,447528E-1;1,194084E-1;1,310007E-1;9,425126E-1;;
02/12/2021  12:05:22,387658;9,451879E-1;7,671864E-2;1,006712E-1;9,426091E-1;;
02/12/2021  12:05:22,387758;9,449673E-1;1,382046E-1;1,332122E-1;9,427065E-1;;
02/12/2021  12:05:22,387858;9,444577E-1;1,487177E-1;1,354238E-1;9,428044E-1;;
02/12/2021  12:05:22,387958;9,444696E-1;1,477620E-1;1,170997E-1;9,429025E-1;;
02/12/2021  12:05:22,388058;9,448243E-1;1,433019E-1;1,120448E-1;9,430005E-1;;
02/12/2021  12:05:22,388158;9,453786E-1;1,098510E-1;1,619620E-1;9,430981E-1;;
02/12/2021  12:05:22,388258;9,455396E-1;1,955490E-1;1,701763E-1;9,431950E-1;;
02/12/2021  12:05:22,388358;9,451372E-1;1,576380E-1;1,471132E-1;9,432912E-1;;
02/12/2021  12:05:22,388458;9,449971E-1;1,519035E-1;1,486929E-1;9,433865E-1;;
02/12/2021  12:05:22,388558;9,453339E-1;9,137332E-2;1,117289E-1;9,434807E-1;;
02/12/2021  12:05:22,388658;9,461893E-1;1,452133E-1;1,436380E-1;9,435737E-1;;
02/12/2021  12:05:22,388758;9,461624E-1;1,283286E-1;1,148882E-1;9,436655E-1;;
02/12/2021  12:05:22,388858;9,445531E-1;1,305587E-1;1,287892E-1;9,437559E-1;;
02/12/2021  12:05:22,388958;9,436471E-1;1,388417E-1;1,316326E-1;9,438450E-1;;
02/12/2021  12:05:22,389058;9,448034E-1;1,168597E-1;1,237343E-1;9,439323E-1;;
02/12/2021  12:05:22,389158;9,445203E-1;1,620981E-1;1,815498E-1;9,440174E-1;;
02/12/2021  12:05:22,389258;9,435785E-1;1,251428E-1;1,183634E-1;9,441002E-1;;
02/12/2021  12:05:22,389358;9,436352E-1;1,229127E-1;1,227865E-1;9,441803E-1;;
02/12/2021  12:05:22,389458;9,421778E-1;1,292843E-1;1,306848E-1;9,442572E-1;;
02/12/2021  12:05:22,389558;9,422851E-1;1,576380E-1;1,401627E-1;9,443305E-1;;
02/12/2021  12:05:22,389658;9,426725E-1;1,538150E-1;1,376353E-1;9,443996E-1;;
02/12/2021  12:05:22,389758;9,416205E-1;1,034794E-1;1,060421E-1;9,444640E-1;;
02/12/2021  12:05:22,389858;9,405565E-1;1,041165E-1;1,009872E-1;9,445233E-1;;
02/12/2021  12:05:22,389958;9,396296E-1;1,439390E-1;1,559593E-1;9,445768E-1;;
02/12/2021  12:05:22,390058;9,398949E-1;1,426647E-1;1,436380E-1;9,446238E-1;;
02/12/2021  12:05:22,390158;9,398651E-1;1,194084E-1;1,177316E-1;9,446636E-1;;
02/12/2021  12:05:22,390258;9,394657E-1;1,181340E-1;1,196272E-1;9,446956E-1;;
02/12/2021  12:05:22,390358;9,382110E-1;1,417090E-1;1,341600E-1;9,447193E-1;;
02/12/2021  12:05:22,390458;9,376477E-1;1,417090E-1;1,297370E-1;9,447342E-1;;
02/12/2021  12:05:22,390558;9,380918E-1;1,347002E-1;1,449017E-1;9,447396E-1;;
02/12/2021  12:05:22,390658;9,379338E-1;1,203641E-1;1,253139E-1;9,447351E-1;;
02/12/2021  12:05:22,390758;9,372484E-1;1,229127E-1;1,420583E-1;9,447202E-1;;
02/12/2021  12:05:22,390858;9,349744E-1;1,340630E-1;1,347919E-1;9,446945E-1;;
02/12/2021  12:05:22,390958;9,345363E-1;1,079395E-1;8,992954E-2;9,446576E-1;;
02/12/2021  12:05:22,391058;9,351890E-1;1,388417E-1;1,212068E-1;9,446087E-1;;
02/12/2021  12:05:22,391158;9,345840E-1;1,159040E-1;1,136244E-1;9,445474E-1;;
02/12/2021  12:05:22,391258;9,338657E-1;1,257800E-1;1,366875E-1;9,444733E-1;;
02/12/2021  12:05:22,391358;9,328226E-1;3,339176E-2;8,613836E-2;9,443861E-1;;
02/12/2021  12:05:22,391458;9,326259E-1;1,168597E-1;1,237343E-1;9,442853E-1;;
02/12/2021  12:05:22,391558;9,332607E-1;1,082581E-1;1,170997E-1;9,441707E-1;;
02/12/2021  12:05:22,391658;9,327511E-1;1,194084E-1;1,231024E-1;9,440422E-1;;
02/12/2021  12:05:22,391758;9,324173E-1;1,331073E-1;1,126766E-1;9,438996E-1;;
02/12/2021  12:05:22,391858;9,313504E-1;9,487770E-2;7,318515E-2;9,437430E-1;;
02/12/2021  12:05:22,391958;9,320895E-1;1,155854E-1;1,231024E-1;9,435726E-1;;
02/12/2021  12:05:22,392058;9,320954E-1;1,184526E-1;1,164678E-1;9,433884E-1;;
02/12/2021  12:05:22,392158;9,324888E-1;1,296029E-1;1,347919E-1;9,431908E-1;;
02/12/2021  12:05:22,392258;9,317557E-1;1,104881E-1;1,139404E-1;9,429802E-1;;
02/12/2021  12:05:22,392358;9,306649E-1;1,187712E-1;1,256299E-1;9,427572E-1;;
02/12/2021  12:05:22,392458;9,319047E-1;1,286472E-1;1,300529E-1;9,425221E-1;;
02/12/2021  12:05:22,392558;9,321640E-1;1,120810E-1;9,119327E-2;9,422757E-1;;
02/12/2021  12:05:22,392658;9,323100E-1;1,429833E-1;1,543797E-1;9,420185E-1;;
02/12/2021  12:05:22,392758;9,316126E-1;1,267357E-1;1,237343E-1;9,417514E-1;;
02/12/2021  12:05:22,392858;9,301284E-1;1,143111E-1;1,208909E-1;9,414752E-1;;
02/12/2021  12:05:22,392958;9,297440E-1;1,206827E-1;1,297370E-1;9,411906E-1;;
02/12/2021  12:05:22,393058;9,301314E-1;1,280100E-1;1,180475E-1;9,408980E-1;;
02/12/2021  12:05:22,393158;9,300807E-1;1,331073E-1;1,294210E-1;9,405980E-1;;
02/12/2021  12:05:22,393258;9,288380E-1;1,216384E-1;1,218387E-1;9,402911E-1;;
02/12/2021  12:05:22,393358;9,277800E-1;8,755036E-2;9,972343E-2;9,399779E-1;;
02/12/2021  12:05:22,393458;9,273478E-1;1,429833E-1;1,509044E-1;9,396587E-1;;
02/12/2021  12:05:22,393558;9,275445E-1;1,525407E-1;1,806020E-1;9,393337E-1;;
02/12/2021  12:05:22,393658;9,266623E-1;1,229127E-1;1,227865E-1;9,390032E-1;;
02/12/2021  12:05:22,393758;9,257921E-1;1,216384E-1;1,306848E-1;9,386675E-1;;
02/12/2021  12:05:22,393858;9,250589E-1;1,254614E-1;1,319485E-1;9,383267E-1;;
02/12/2021  12:05:22,393958;9,252765E-1;1,181340E-1;1,174156E-1;9,379810E-1;;
02/12/2021  12:05:22,394058;9,259024E-1;1,254614E-1;1,325804E-1;9,376305E-1;;
02/12/2021  12:05:22,394158;9,253689E-1;1,280100E-1;1,272095E-1;9,372755E-1;;
02/12/2021  12:05:22,394258;9,240754E-1;1,232313E-1;1,335282E-1;9,369164E-1;;
02/12/2021  12:05:22,394358;9,238996E-1;1,273729E-1;1,319485E-1;9,365534E-1;;
02/12/2021  12:05:22,394458;9,241708E-1;1,251428E-1;1,193112E-1;9,361867E-1;;
02/12/2021  12:05:22,394558;9,246030E-1;1,114439E-1;1,139404E-1;9,358168E-1;;
02/12/2021  12:05:22,394658;9,244659E-1;4,836502E-2;1,467973E-1;9,354438E-1;;
02/12/2021  12:05:22,394758;9,231873E-1;1,324701E-1;1,316326E-1;9,350685E-1;;
02/12/2021  12:05:22,394858;9,232350E-1;1,369303E-1;1,401627E-1;9,346911E-1;;
02/12/2021  12:05:22,394958;9,234287E-1;1,006121E-1;1,092014E-1;9,343120E-1;;
02/12/2021  12:05:22,395058;9,237059E-1;1,136739E-1;1,189953E-1;9,339317E-1;;
02/12/2021  12:05:22,395158;9,238340E-1;1,286472E-1;1,328963E-1;9,335506E-1;;
02/12/2021  12:05:22,395258;9,228714E-1;1,375674E-1;1,360556E-1;9,331693E-1;;
02/12/2021  12:05:22,395358;9,233244E-1;7,990444E-2;9,814378E-2;9,327884E-1;;
02/12/2021  12:05:22,395458;9,244152E-1;1,120810E-1;1,123607E-1;9,324083E-1;;
02/12/2021  12:05:22,395558;9,248026E-1;1,181340E-1;1,205749E-1;9,320298E-1;;
02/12/2021  12:05:22,395658;9,250977E-1;9,105474E-2;7,981972E-2;9,316536E-1;;
02/12/2021  12:05:22,395758;9,249546E-1;1,321516E-1;1,588027E-1;9,312807E-1;;
02/12/2021  12:05:22,395858;9,249815E-1;1,241871E-1;1,215227E-1;9,309120E-1;;
02/12/2021  12:05:22,395958;9,260395E-1;1,222756E-1;1,205749E-1;9,305483E-1;;
02/12/2021  12:05:22,396058;9,264954E-1;1,114439E-1;1,256299E-1;9,301904E-1;;
02/12/2021  12:05:22,396158;9,266981E-1;6,524976E-2;8,898175E-2;9,298394E-1;;
02/12/2021  12:05:22,396258;9,270915E-1;8,340882E-2;9,688005E-2;9,294963E-1;;
02/12/2021  12:05:22,396358;9,274342E-1;1,028422E-1;1,060421E-1;9,291621E-1;;
02/12/2021  12:05:22,396458;9,290078E-1;4,103768E-2;9,435259E-2;9,288376E-1;;
02/12/2021  12:05:22,396558;9,300182E-1;1,369303E-1;1,319485E-1;9,285241E-1;;
02/12/2021  12:05:22,396658;9,302268E-1;1,378860E-1;1,300529E-1;9,282227E-1;;
02/12/2021  12:05:22,396758;9,296546E-1;1,053908E-1;9,308886E-2;9,279346E-1;;
02/12/2021  12:05:22,396858;9,300420E-1;1,251428E-1;1,430061E-1;9,276607E-1;;
02/12/2021  12:05:22,396958;9,305725E-1;9,615202E-2;9,245700E-2;9,274020E-1;;
02/12/2021  12:05:22,397058;9,319017E-1;1,289658E-1;1,300529E-1;9,271592E-1;;
02/12/2021  12:05:22,397158;9,316633E-1;1,168597E-1;1,202590E-1;9,269332E-1;;
02/12/2021  12:05:22,397258;9,307334E-1;1,082581E-1;8,076751E-2;9,267247E-1;;
02/12/2021  12:05:22,397358;9,319613E-1;1,238685E-1;1,287892E-1;9,265342E-1;;
02/12/2021  12:05:22,397458;9,334097E-1;1,203641E-1;1,208909E-1;9,263623E-1;;
02/12/2021  12:05:22,397558;9,337286E-1;1,190898E-1;1,095173E-1;9,262093E-1;;
02/12/2021  12:05:22,397658;9,335945E-1;1,155854E-1;1,398468E-1;9,260759E-1;;
02/12/2021  12:05:22,397758;9,327600E-1;1,229127E-1;1,227865E-1;9,259624E-1;;
02/12/2021  12:05:22,397858;9,338955E-1;1,210013E-1;1,133085E-1;9,258691E-1;;
02/12/2021  12:05:22,397958;9,346406E-1;1,681511E-1;1,749153E-1;9,257960E-1;;
02/12/2021  12:05:22,398058;9,348075E-1;1,327887E-1;1,148882E-1;9,257433E-1;;
02/12/2021  12:05:22,398158;9,349863E-1;1,235499E-1;1,496407E-1;9,257109E-1;;
02/12/2021  12:05:22,398258;9,350042E-1;1,429833E-1;1,392149E-1;9,256989E-1;;
02/12/2021  12:05:22,398358;9,369265E-1;1,162226E-1;1,041465E-1;9,257071E-1;;
02/12/2021  12:05:22,398458;9,380531E-1;9,901924E-2;1,129926E-1;9,257356E-1;;
02/12/2021  12:05:22,398558;9,386104E-1;1,123996E-1;1,227865E-1;9,257844E-1;;
02/12/2021  12:05:22,398658;9,384941E-1;1,315144E-1;1,218387E-1;9,258537E-1;;
02/12/2021  12:05:22,398758;9,379189E-1;1,012493E-1;1,338441E-1;9,259434E-1;;
02/12/2021  12:05:22,398858;9,400618E-1;1,171783E-1;1,347919E-1;9,260534E-1;;
02/12/2021  12:05:22,398958;9,409380E-1;1,085766E-1;1,183634E-1;9,261837E-1;;
02/12/2021  12:05:22,399058;9,411943E-1;1,066652E-1;1,202590E-1;9,263340E-1;;
02/12/2021  12:05:22,399158;9,413761E-1;1,066652E-1;1,063580E-1;9,265044E-1;;
02/12/2021  12:05:22,399258;9,427649E-1;1,200455E-1;1,398468E-1;9,266948E-1;;
02/12/2021  12:05:22,399358;9,441925E-1;9,137332E-2;1,095173E-1;9,269049E-1;;
02/12/2021  12:05:22,399458;9,457065E-1;9,392196E-2;1,031987E-1;9,271349E-1;;
02/12/2021  12:05:22,399558;9,466423E-1;1,022050E-1;1,281573E-1;9,273847E-1;;
02/12/2021  12:05:22,399658;9,465707E-1;1,168597E-1;1,202590E-1;9,276547E-1;;
02/12/2021  12:05:22,399758;9,466661E-1;3,721472E-2;4,759465E-2;9,279448E-1;;
02/12/2021  12:05:22,399858;9,493067E-1;8,786894E-2;9,719598E-2;9,282549E-1;;
02/12/2021  12:05:22,399958;9,497388E-1;1,041165E-1;1,227865E-1;9,285851E-1;;
02/12/2021  12:05:22,400058;9,506925E-1;1,210013E-1;1,347919E-1;9,289354E-1;;
02/12/2021  12:05:22,400158;9,504988E-1;8,786894E-2;1,120448E-1;9,293058E-1;;
02/12/2021  12:05:22,400258;9,519204E-1;9,041758E-2;1,031987E-1;9,296963E-1;;
02/12/2021  12:05:22,400358;9,543255E-1;-3,563522E-3;7,981972E-2;9,301066E-1;;
02/12/2021  12:05:22,400458;9,554252E-1;1,092138E-1;1,294210E-1;9,305368E-1;;
02/12/2021  12:05:22,400558;9,558335E-1;1,127182E-1;1,180475E-1;9,309870E-1;;
02/12/2021  12:05:22,400658;9,552881E-1;1,273729E-1;1,430061E-1;9,314573E-1;;
02/12/2021  12:05:22,400758;9,563879E-1;1,445762E-1;1,401627E-1;9,319475E-1;;
02/12/2021  12:05:22,400858;9,575681E-1;1,490363E-1;1,322644E-1;9,324573E-1;;
02/12/2021  12:05:22,400958;9,579287E-1;1,483991E-1;1,407946E-1;9,329863E-1;;
02/12/2021  12:05:22,401058;9,584353E-1;1,620981E-1;1,287892E-1;9,335342E-1;;
02/12/2021  12:05:22,401158;9,586767E-1;1,745227E-1;1,553275E-1;9,341005E-1;;
02/12/2021  12:05:22,401258;9,594814E-1;1,735670E-1;1,559593E-1;9,346846E-1;;
02/12/2021  12:05:22,401358;9,602682E-1;1,407532E-1;1,208909E-1;9,352858E-1;;
02/12/2021  12:05:22,401458;9,608762E-1;1,624167E-1;1,385831E-1;9,359034E-1;;
02/12/2021  12:05:22,401558;9,609477E-1;1,519035E-1;1,382671E-1;9,365368E-1;;
02/12/2021  12:05:22,401658;9,606914E-1;1,334259E-1;1,385831E-1;9,371850E-1;;
02/12/2021  12:05:22,401758;9,614126E-1;1,483991E-1;1,392149E-1;9,378472E-1;;
02/12/2021  12:05:22,401858;9,624826E-1;2,956880E-2;7,887192E-2;9,385223E-1;;
02/12/2021  12:05:22,401958;9,619431E-1;1,273729E-1;1,303688E-1;9,392093E-1;;
02/12/2021  12:05:22,402058;9,615855E-1;1,155854E-1;1,208909E-1;9,399070E-1;;
02/12/2021  12:05:22,402158;9,610580E-1;8,563888E-2;1,095173E-1;9,406142E-1;;
02/12/2021  12:05:22,402258;9,617941E-1;9,933782E-2;1,253139E-1;9,413295E-1;;
02/12/2021  12:05:22,402358;9,625332E-1;1,146297E-1;1,881844E-1;9,420515E-1;;
02/12/2021  12:05:22,402458;9,624230E-1;1,404346E-1;1,322644E-1;9,427786E-1;;
02/12/2021  12:05:22,402558;9,614484E-1;1,375674E-1;1,414265E-1;9,435096E-1;;
02/12/2021  12:05:22,402658;9,615229E-1;1,347002E-1;1,354238E-1;9,442430E-1;;
02/12/2021  12:05:22,402758;9,614782E-1;1,264171E-1;1,294210E-1;9,449771E-1;;
02/12/2021  12:05:22,402858;9,617137E-1;1,299215E-1;1,392149E-1;9,457104E-1;;
02/12/2021  12:05:22,402958;9,620951E-1;1,225942E-1;1,174156E-1;9,464414E-1;;
02/12/2021  12:05:22,403058;9,614335E-1;1,229127E-1;1,373193E-1;9,471685E-1;;
02/12/2021  12:05:22,403158;9,605305E-1;1,347002E-1;1,325804E-1;9,478902E-1;;
02/12/2021  12:05:22,403258;9,617435E-1;1,308772E-1;1,208909E-1;9,486051E-1;;
02/12/2021  12:05:22,403358;9,623783E-1;1,241871E-1;1,287892E-1;9,493117E-1;;
02/12/2021  12:05:22,403458;9,618269E-1;1,369303E-1;1,802861E-1;9,500087E-1;;
02/12/2021  12:05:22,403558;9,613441E-1;1,366117E-1;1,319485E-1;9,506950E-1;;
02/12/2021  12:05:22,403658;9,607838E-1;9,678918E-2;1,490088E-1;9,513693E-1;;
02/12/2021  12:05:22,403758;9,620147E-1;1,519035E-1;1,363715E-1;9,520305E-1;;
02/12/2021  12:05:22,403858;9,617047E-1;1,324701E-1;1,328963E-1;9,526774E-1;;
02/12/2021  12:05:22,403958;9,611236E-1;1,369303E-1;1,325804E-1;9,533092E-1;;
02/12/2021  12:05:22,404058;9,611027E-1;1,296029E-1;1,278414E-1;9,539248E-1;;
02/12/2021  12:05:22,404158;9,607749E-1;5,601094E-2;1,095173E-1;9,545234E-1;;
02/12/2021  12:05:22,404258;9,615736E-1;1,267357E-1;1,351078E-1;9,551042E-1;;
02/12/2021  12:05:22,404358;9,616153E-1;1,407532E-1;1,338441E-1;9,556664E-1;;
02/12/2021  12:05:22,404458;9,606229E-1;1,618844E-2;5,138584E-2;9,562094E-1;;
02/12/2021  12:05:22,404558;9,591923E-1;1,308772E-1;1,553275E-1;9,567327E-1;;
02/12/2021  12:05:22,404658;9,590910E-1;1,270543E-1;1,218387E-1;9,572355E-1;;
02/12/2021  12:05:22,404758;9,592489E-1;1,426647E-1;1,423743E-1;9,577171E-1;;
02/12/2021  12:05:22,404858;9,589181E-1;1,340630E-1;1,275255E-1;9,581767E-1;;
02/12/2021  12:05:22,404958;9,583072E-1;1,420275E-1;1,414265E-1;9,586139E-1;;
02/12/2021  12:05:22,405058;9,574935E-1;1,331073E-1;1,332122E-1;9,590280E-1;;
02/12/2021  12:05:22,405158;9,566591E-1;1,213198E-1;1,370034E-1;9,594185E-1;;
02/12/2021  12:05:22,405258;9,577409E-1;1,270543E-1;1,426902E-1;9,597849E-1;;
02/12/2021  12:05:22,405358;9,568528E-1;1,235499E-1;1,240502E-1;9,601266E-1;;
02/12/2021  12:05:22,405458;9,557113E-1;1,219570E-1;1,164678E-1;9,604434E-1;;
02/12/2021  12:05:22,405558;9,548381E-1;1,229127E-1;1,079377E-1;9,607350E-1;;
02/12/2021  12:05:22,405658;9,549275E-1;2,096714E-2;8,361090E-2;9,610010E-1;;
02/12/2021  12:05:22,405758;9,548202E-1;1,490363E-1;1,588027E-1;9,612410E-1;;
02/12/2021  12:05:22,405858;9,540334E-1;1,232313E-1;1,297370E-1;9,614548E-1;;
02/12/2021  12:05:22,405958;9,532973E-1;1,302401E-1;1,325804E-1;9,616423E-1;;
02/12/2021  12:05:22,406058;9,518042E-1;1,213198E-1;1,092014E-1;9,618035E-1;;
02/12/2021  12:05:22,406158;9,516641E-1;6,270112E-2;7,824006E-2;9,619380E-1;;
02/12/2021  12:05:22,406258;9,514674E-1;1,318330E-1;1,294210E-1;9,620457E-1;;
02/12/2021  12:05:22,406358;9,515538E-1;1,235499E-1;1,133085E-1;9,621265E-1;;
02/12/2021  12:05:22,406458;9,508177E-1;1,640096E-1;1,859729E-1;9,621806E-1;;
02/12/2021  12:05:22,406558;9,499027E-1;1,493549E-1;1,505885E-1;9,622080E-1;;
02/12/2021  12:05:22,406658;9,492113E-1;1,442576E-1;1,338441E-1;9,622091E-1;;
02/12/2021  12:05:22,406758;9,497776E-1;1,573194E-1;1,676488E-1;9,621839E-1;;
02/12/2021  12:05:22,406858;9,489311E-1;1,203641E-1;1,139404E-1;9,621329E-1;;
02/12/2021  12:05:22,406958;9,478016E-1;1,433019E-1;1,420583E-1;9,620563E-1;;
02/12/2021  12:05:22,407058;9,470595E-1;1,401161E-1;1,303688E-1;9,619547E-1;;
02/12/2021  12:05:22,407158;9,474887E-1;1,165411E-1;1,129926E-1;9,618283E-1;;
02/12/2021  12:05:22,407258;9,474201E-1;1,206827E-1;1,316326E-1;9,616776E-1;;
02/12/2021  12:05:22,407358;9,467227E-1;1,436204E-1;1,433221E-1;9,615033E-1;;
02/12/2021  12:05:22,407458;9,458704E-1;1,308772E-1;1,186794E-1;9,613059E-1;;
02/12/2021  12:05:22,407558;9,450180E-1;8,563888E-2;9,656411E-2;9,610863E-1;;
02/12/2021  12:05:22,407658;9,450895E-1;1,388417E-1;1,480610E-1;9,608450E-1;;
02/12/2021  12:05:22,407758;9,448303E-1;1,200455E-1;1,278414E-1;9,605826E-1;;
02/12/2021  12:05:22,407858;9,440971E-1;1,477620E-1;1,373193E-1;9,602999E-1;;
02/12/2021  12:05:22,407958;9,426159E-1;1,168597E-1;1,139404E-1;9,599976E-1;;
02/12/2021  12:05:22,408058;9,427828E-1;1,159040E-1;9,814378E-2;9,596764E-1;;
02/12/2021  12:05:22,408158;9,426964E-1;1,382046E-1;1,512204E-1;9,593370E-1;;
02/12/2021  12:05:22,408258;9,423596E-1;1,385232E-1;1,382671E-1;9,589801E-1;;
02/12/2021  12:05:22,408358;9,412807E-1;1,311958E-1;1,600664E-1;9,586065E-1;;
02/12/2021  12:05:22,408458;9,398144E-1;1,292843E-1;1,265777E-1;9,582169E-1;;
02/12/2021  12:05:22,408558;9,392034E-1;1,311958E-1;1,338441E-1;9,578121E-1;;
02/12/2021  12:05:22,408658;9,391111E-1;1,213198E-1;1,047783E-1;9,573924E-1;;
02/12/2021  12:05:22,408758;9,386819E-1;1,452133E-1;1,363715E-1;9,569586E-1;;
02/12/2021  12:05:22,408858;9,376626E-1;1,321516E-1;1,433221E-1;9,565111E-1;;
02/12/2021  12:05:22,408958;9,370964E-1;1,394789E-1;1,385831E-1;9,560506E-1;;
02/12/2021  12:05:22,409058;9,371113E-1;1,184526E-1;1,322644E-1;9,555777E-1;;
02/12/2021  12:05:22,409158;9,372513E-1;1,445762E-1;1,483770E-1;9,550930E-1;;
02/12/2021  12:05:22,409258;9,371023E-1;1,369303E-1;1,291051E-1;9,545972E-1;;
02/12/2021  12:05:22,409358;9,365778E-1;6,716124E-2;6,560278E-2;9,540913E-1;;
02/12/2021  12:05:22,409458;9,354393E-1;1,143111E-1;1,297370E-1;9,535760E-1;;
02/12/2021  12:05:22,409558;9,354811E-1;1,531778E-1;1,888163E-1;9,530521E-1;;
02/12/2021  12:05:22,409658;9,359877E-1;1,461691E-1;9,719598E-2;9,525204E-1;;
02/12/2021  12:05:22,409758;9,360264E-1;1,289658E-1;1,278414E-1;9,519819E-1;;
02/12/2021  12:05:22,409858;9,352665E-1;1,165411E-1;1,060421E-1;9,514374E-1;;
02/12/2021  12:05:22,409958;9,345095E-1;1,455319E-1;1,515363E-1;9,508880E-1;;
02/12/2021  12:05:22,410058;9,350042E-1;1,324701E-1;1,347919E-1;9,503345E-1;;
02/12/2021  12:05:22,410158;9,359281E-1;1,350188E-1;1,152041E-1;9,497780E-1;;
02/12/2021  12:05:22,410258;9,353738E-1;1,356559E-1;1,584868E-1;9,492194E-1;;
02/12/2021  12:05:22,410358;9,353797E-1;1,248242E-1;1,281573E-1;9,486599E-1;;
02/12/2021  12:05:22,410458;9,339909E-1;1,321516E-1;1,398468E-1;9,481005E-1;;
02/12/2021  12:05:22,410558;9,344052E-1;1,241871E-1;1,133085E-1;9,475423E-1;;
02/12/2021  12:05:22,410658;9,347866E-1;1,388417E-1;1,208909E-1;9,469861E-1;;
02/12/2021  12:05:22,410758;9,339969E-1;1,197269E-1;1,265777E-1;9,464328E-1;;
02/12/2021  12:05:22,410858;9,331862E-1;1,413904E-1;1,366875E-1;9,458832E-1;;
02/12/2021  12:05:22,410958;9,324739E-1;1,359745E-1;1,319485E-1;9,453381E-1;;
02/12/2021  12:05:22,411058;9,330044E-1;1,375674E-1;1,294210E-1;9,447980E-1;;
02/12/2021  12:05:22,411158;9,334008E-1;2,124337E-1;2,194617E-1;9,442635E-1;;
02/12/2021  12:05:22,411258;9,323845E-1;1,347002E-1;1,227865E-1;9,437353E-1;;
02/12/2021  12:05:22,411358;9,319494E-1;1,394789E-1;1,373193E-1;9,432138E-1;;
02/12/2021  12:05:22,411458;9,311119E-1;1,114439E-1;1,215227E-1;9,426996E-1;;
02/12/2021  12:05:22,411558;9,310225E-1;1,200455E-1;1,208909E-1;9,421929E-1;;
02/12/2021  12:05:22,411658;9,314964E-1;1,149482E-1;1,281573E-1;9,416941E-1;;
02/12/2021  12:05:22,411758;9,308050E-1;1,152668E-1;1,196272E-1;9,412032E-1;;
02/12/2021  12:05:22,411858;9,309331E-1;1,213198E-1;1,411105E-1;9,407208E-1;;
02/12/2021  12:05:22,411958;9,301106E-1;1,095324E-1;1,158360E-1;9,402469E-1;;
02/12/2021  12:05:22,412058;9,318749E-1;1,034794E-1;1,155200E-1;9,397818E-1;;
02/12/2021  12:05:22,412158;9,327213E-1;9,455912E-2;1,161519E-1;9,393258E-1;;
02/12/2021  12:05:22,412258;9,321014E-1;1,098510E-1;1,174156E-1;9,388796E-1;;
02/12/2021  12:05:22,412358;9,313831E-1;9,870066E-2;1,158360E-1;9,384436E-1;;
02/12/2021  12:05:22,412458;9,316305E-1;1,085766E-1;8,266311E-2;9,380184E-1;;
02/12/2021  12:05:22,412558;9,325663E-1;1,108067E-1;1,218387E-1;9,376041E-1;;
02/12/2021  12:05:22,412658;9,332607E-1;1,101695E-1;1,196272E-1;9,372015E-1;;
02/12/2021  12:05:22,412758;9,334664E-1;1,101695E-1;1,202590E-1;9,368108E-1;;
02/12/2021  12:05:22,412858;9,337018E-1;7,894870E-2;9,940750E-2;9,364329E-1;;
02/12/2021  12:05:22,412958;9,340028E-1;9,551486E-2;1,129926E-1;9,360683E-1;;
02/12/2021  12:05:22,413058;9,356032E-1;9,742634E-2;1,088855E-1;9,357175E-1;;
02/12/2021  12:05:22,413158;9,363126E-1;9,838208E-2;1,095173E-1;9,353814E-1;;
02/12/2021  12:05:22,413258;9,364198E-1;1,002936E-1;1,234183E-1;9,350607E-1;;
02/12/2021  12:05:22,413358;9,362291E-1;1,640096E-1;1,986102E-1;9,347563E-1;;
02/12/2021  12:05:22,413458;9,363960E-1;1,127182E-1;1,281573E-1;9,344687E-1;;
02/12/2021  12:05:22,413558;9,373348E-1;1,060280E-1;1,180475E-1;9,341987E-1;;
02/12/2021  12:05:22,413658;9,376179E-1;1,015679E-1;1,262617E-1;9,339466E-1;;
02/12/2021  12:05:22,413758;9,382021E-1;1,296029E-1;1,388990E-1;9,337131E-1;;
02/12/2021  12:05:22,413858;9,375762E-1;1,468062E-1;1,423743E-1;9,334986E-1;;
02/12/2021  12:05:22,413958;9,385716E-1;1,585937E-1;1,392149E-1;9,333034E-1;;
02/12/2021  12:05:22,414058;9,400469E-1;1,095324E-1;9,435259E-2;9,331279E-1;;
02/12/2021  12:05:22,414158;9,406966E-1;1,796200E-1;1,581709E-1;9,329725E-1;;
02/12/2021  12:05:22,414258;9,403836E-1;1,340630E-1;1,066739E-1;9,328376E-1;;
02/12/2021  12:05:22,414358;9,397101E-1;1,531778E-1;1,170997E-1;9,327235E-1;;
02/12/2021  12:05:22,414458;9,400141E-1;-1,333462E-3;7,539667E-2;9,326303E-1;;
02/12/2021  12:05:22,414558;9,409261E-1;1,388417E-1;1,499566E-1;9,325580E-1;;
02/12/2021  12:05:22,414658;9,414804E-1;1,369303E-1;1,407946E-1;9,325065E-1;;
02/12/2021  12:05:22,414758;9,408396E-1;1,308772E-1;1,240502E-1;9,324756E-1;;
02/12/2021  12:05:22,414858;9,404134E-1;1,299215E-1;1,278414E-1;9,324653E-1;;
02/12/2021  12:05:22,414958;9,401065E-1;1,181340E-1;1,088855E-1;9,324749E-1;;
02/12/2021  12:05:22,415058;9,408307E-1;1,104881E-1;1,152041E-1;9,325040E-1;;
02/12/2021  12:05:22,415158;9,402466E-1;1,130368E-1;1,148882E-1;9,325519E-1;;
02/12/2021  12:05:22,415258;9,397220E-1;1,031608E-1;1,231024E-1;9,326178E-1;;
02/12/2021  12:05:22,415358;9,386193E-1;1,101695E-1;1,126766E-1;9,327009E-1;;
02/12/2021  12:05:22,415458;9,384852E-1;1,133553E-1;1,079377E-1;9,328000E-1;;
02/12/2021  12:05:22,415558;9,392332E-1;1,767528E-1;1,856569E-1;9,329139E-1;;
02/12/2021  12:05:22,415658;9,380918E-1;1,165411E-1;1,193112E-1;9,330414E-1;;
02/12/2021  12:05:22,415758;9,374391E-1;1,270543E-1;1,237343E-1;9,331811E-1;;
02/12/2021  12:05:22,415858;9,376507E-1;1,120810E-1;1,114129E-1;9,333319E-1;;
02/12/2021  12:05:22,415958;9,385657E-1;1,047537E-1;1,142563E-1;9,334922E-1;;
02/12/2021  12:05:22,416058;9,386640E-1;1,095324E-1;1,322644E-1;9,336609E-1;;
02/12/2021  12:05:22,416158;9,385299E-1;1,283286E-1;1,262617E-1;9,338368E-1;;
02/12/2021  12:05:22,416258;9,375524E-1;1,155854E-1;1,231024E-1;9,340189E-1;;
02/12/2021  12:05:22,416358;9,370964E-1;9,169190E-2;9,308886E-2;9,342061E-1;;
02/12/2021  12:05:22,416458;9,376537E-1;1,283286E-1;1,212068E-1;9,343971E-1;;
02/12/2021  12:05:22,416558;9,377193E-1;1,391603E-1;1,439539E-1;9,345909E-1;;
02/12/2021  12:05:22,416658;9,377044E-1;1,292843E-1;1,357397E-1;9,347864E-1;;
02/12/2021  12:05:22,416758;9,371143E-1;1,143111E-1;1,246821E-1;9,349826E-1;;
02/12/2021  12:05:22,416858;9,367507E-1;-5,071336E-2;8,367190E-4;9,351786E-1;;
02/12/2021  12:05:22,416958;9,380083E-1;1,359745E-1;1,464814E-1;9,353734E-1;;
02/12/2021  12:05:22,417058;9,383809E-1;1,041165E-1;1,101492E-1;9,355662E-1;;
02/12/2021  12:05:22,417158;9,382408E-1;1,238685E-1;1,243661E-1;9,357564E-1;;
02/12/2021  12:05:22,417258;9,376597E-1;1,260985E-1;1,098333E-1;9,359436E-1;;
02/12/2021  12:05:22,417358;9,376656E-1;1,213198E-1;1,234183E-1;9,361271E-1;;
02/12/2021  12:05:22,417458;9,386938E-1;1,251428E-1;1,291051E-1;9,363066E-1;;
02/12/2021  12:05:22,417558;9,389829E-1;1,159040E-1;1,196272E-1;9,364815E-1;;
02/12/2021  12:05:22,417658;9,384077E-1;1,324701E-1;1,493248E-1;9,366516E-1;;
02/12/2021  12:05:22,417758;9,380650E-1;1,111253E-1;8,803395E-2;9,368168E-1;;
02/12/2021  12:05:22,417858;9,383243E-1;1,340630E-1;1,291051E-1;9,369768E-1;;
02/12/2021  12:05:22,417958;9,392005E-1;1,254614E-1;1,227865E-1;9,371313E-1;;
02/12/2021  12:05:22,418058;9,395015E-1;1,159040E-1;1,240502E-1;9,372802E-1;;
02/12/2021  12:05:22,418158;9,389144E-1;1,028422E-1;1,079377E-1;9,374235E-1;;
02/12/2021  12:05:22,418258;9,381186E-1;1,289658E-1;1,354238E-1;9,375613E-1;;
02/12/2021  12:05:22,418358;9,383272E-1;8,946184E-2;1,212068E-1;9,376935E-1;;
02/12/2021  12:05:22,418458;9,396177E-1;7,990444E-2;9,056141E-2;9,378198E-1;;
02/12/2021  12:05:22,418558;9,395462E-1;1,127182E-1;1,161519E-1;9,379404E-1;;
02/12/2021  12:05:22,418658;9,391885E-1;1,267357E-1;1,291051E-1;9,380554E-1;;
02/12/2021  12:05:22,418758;9,387624E-1;1,426647E-1;1,417424E-1;9,381649E-1;;
02/12/2021  12:05:22,418858;9,397339E-1;1,187712E-1;1,243661E-1;9,382689E-1;;
02/12/2021  12:05:22,418958;9,409886E-1;1,152668E-1;9,814378E-2;9,383677E-1;;
02/12/2021  12:05:22,419058;9,416085E-1;1,337445E-1;1,114129E-1;9,384615E-1;;
02/12/2021  12:05:22,419158;9,414059E-1;1,108067E-1;1,148882E-1;9,385510E-1;;
02/12/2021  12:05:22,419258;9,405744E-1;1,155854E-1;1,155200E-1;9,386366E-1;;
02/12/2021  12:05:22,419358;9,412599E-1;1,254614E-1;1,164678E-1;9,387187E-1;;
02/12/2021  12:05:22,419458;9,422135E-1;1,031608E-1;8,550650E-2;9,387977E-1;;
02/12/2021  12:05:22,419558;9,426338E-1;1,283286E-1;1,370034E-1;9,388741E-1;;
02/12/2021  12:05:22,419658;9,415847E-1;1,241871E-1;1,212068E-1;9,389483E-1;;
02/12/2021  12:05:22,419758;9,408247E-1;1,356559E-1;1,392149E-1;9,390209E-1;;
02/12/2021  12:05:22,419858;9,414566E-1;1,009307E-1;1,044624E-1;9,390919E-1;;
02/12/2021  12:05:22,419958;9,417754E-1;1,289658E-1;1,310007E-1;9,391617E-1;;
02/12/2021  12:05:22,420058;9,421718E-1;1,168597E-1;1,057261E-1;9,392304E-1;;
02/12/2021  12:05:22,420158;9,407890E-1;1,372488E-1;1,714400E-1;9,392982E-1;;
02/12/2021  12:05:22,420258;9,396982E-1;1,254614E-1;1,262617E-1;9,393652E-1;;
02/12/2021  12:05:22,420358;9,397697E-1;1,359745E-1;1,325804E-1;9,394312E-1;;
02/12/2021  12:05:22,420458;9,402167E-1;1,468062E-1;1,619620E-1;9,394961E-1;;
02/12/2021  12:05:22,420558;9,406578E-1;1,171783E-1;1,193112E-1;9,395595E-1;;
02/12/2021  12:05:22,420658;9,403658E-1;1,356559E-1;1,486929E-1;9,396214E-1;;
02/12/2021  12:05:22,420758;9,398621E-1;1,254614E-1;1,265777E-1;9,396817E-1;;
02/12/2021  12:05:22,420858;9,401333E-1;1,404346E-1;1,370034E-1;9,397402E-1;;
02/12/2021  12:05:22,420958;9,414864E-1;1,311958E-1;1,335282E-1;9,397969E-1;;
02/12/2021  12:05:22,421058;9,423357E-1;1,324701E-1;1,262617E-1;9,398517E-1;;
02/12/2021  12:05:22,421158;9,418351E-1;1,356559E-1;1,199431E-1;9,399051E-1;;
02/12/2021  12:05:22,421258;9,410334E-1;7,098420E-2;9,972343E-2;9,399571E-1;;
02/12/2021  12:05:22,421358;9,421569E-1;1,324701E-1;1,351078E-1;9,400080E-1;;
02/12/2021  12:05:22,421458;9,435219E-1;1,292843E-1;1,262617E-1;9,400579E-1;;
02/12/2021  12:05:22,421558;9,429914E-1;1,321516E-1;1,297370E-1;9,401072E-1;;
02/12/2021  12:05:22,421658;9,426189E-1;1,069837E-1;1,139404E-1;9,401564E-1;;
02/12/2021  12:05:22,421758;9,418440E-1;1,305587E-1;1,218387E-1;9,402056E-1;;
02/12/2021  12:05:22,421858;9,424967E-1;1,420275E-1;1,480610E-1;9,402550E-1;;
02/12/2021  12:05:22,421958;9,419513E-1;1,101695E-1;1,054102E-1;9,403047E-1;;
02/12/2021  12:05:22,422058;9,414387E-1;1,197269E-1;1,344760E-1;9,403547E-1;;
02/12/2021  12:05:22,422158;9,397578E-1;1,257800E-1;1,262617E-1;9,404048E-1;;
02/12/2021  12:05:22,422258;9,393197E-1;1,337445E-1;1,335282E-1;9,404548E-1;;
02/12/2021  12:05:22,422358;9,396505E-1;1,296029E-1;1,316326E-1;9,405042E-1;;
02/12/2021  12:05:22,422458;9,391647E-1;1,362931E-1;1,291051E-1;9,405523E-1;;
02/12/2021  12:05:22,422558;9,380143E-1;1,506292E-1;1,467973E-1;9,405987E-1;;
02/12/2021  12:05:22,422658;9,372513E-1;1,404346E-1;1,401627E-1;9,406429E-1;;
02/12/2021  12:05:22,422758;9,366613E-1;1,369303E-1;1,385831E-1;9,406839E-1;;
02/12/2021  12:05:22,422858;9,377610E-1;9,169190E-2;1,445858E-1;9,407212E-1;;
02/12/2021  12:05:22,422958;9,380978E-1;1,308772E-1;1,316326E-1;9,407540E-1;;
02/12/2021  12:05:22,423058;9,378444E-1;1,362931E-1;1,272095E-1;9,407820E-1;;
02/12/2021  12:05:22,423158;9,373139E-1;1,136739E-1;9,214107E-2;9,408048E-1;;
02/12/2021  12:05:22,423258;9,374749E-1;4,740928E-2;6,718244E-2;9,408222E-1;;
02/12/2021  12:05:22,423358;9,387594E-1;1,245056E-1;1,328963E-1;9,408339E-1;;
02/12/2021  12:05:22,423458;9,393793E-1;1,273729E-1;1,297370E-1;9,408399E-1;;
02/12/2021  12:05:22,423558;9,395372E-1;1,369303E-1;1,313166E-1;9,408403E-1;;
02/12/2021  12:05:22,423658;9,388548E-1;1,305587E-1;1,306848E-1;9,408355E-1;;
02/12/2021  12:05:22,423758;9,399217E-1;1,149482E-1;8,771802E-2;9,408258E-1;;
02/12/2021  12:05:22,423858;9,410155E-1;1,426647E-1;1,205749E-1;9,408115E-1;;
02/12/2021  12:05:22,423958;9,410870E-1;1,410718E-1;1,414265E-1;9,407932E-1;;
02/12/2021  12:05:22,424058;9,405744E-1;1,353374E-1;1,303688E-1;9,407715E-1;;
02/12/2021  12:05:22,424158;9,394478E-1;1,270543E-1;1,275255E-1;9,407469E-1;;
02/12/2021  12:05:22,424258;9,403985E-1;1,302401E-1;1,332122E-1;9,407198E-1;;
02/12/2021  12:05:22,424358;9,406131E-1;1,270543E-1;1,313166E-1;9,406905E-1;;
02/12/2021  12:05:22,424458;9,410035E-1;6,875414E-2;8,266311E-2;9,406596E-1;;
02/12/2021  12:05:22,424558;9,398383E-1;1,251428E-1;1,246821E-1;9,406273E-1;;
02/12/2021  12:05:22,424658;9,387475E-1;1,095324E-1;1,174156E-1;9,405940E-1;;
02/12/2021  12:05:22,424758;9,397190E-1;1,296029E-1;1,284732E-1;9,405599E-1;;
02/12/2021  12:05:22,424858;9,399575E-1;1,210013E-1;1,420583E-1;9,405249E-1;;
02/12/2021  12:05:22,424958;9,394061E-1;1,178155E-1;1,215227E-1;9,404893E-1;;
02/12/2021  12:05:22,425058;9,386998E-1;1,085766E-1;1,259458E-1;9,404531E-1;;
02/12/2021  12:05:22,425158;9,384941E-1;3,179886E-2;1,189953E-1;9,404165E-1;;
02/12/2021  12:05:22,425258;9,391349E-1;1,037979E-1;1,202590E-1;9,403792E-1;;
02/12/2021  12:05:22,425358;9,397310E-1;1,041165E-1;1,095173E-1;9,403414E-1;;
02/12/2021  12:05:22,425458;9,401661E-1;1,041165E-1;1,114129E-1;9,403031E-1;;
02/12/2021  12:05:22,425558;9,398383E-1;-1,917394E-2;5,707262E-2;9,402646E-1;;
02/12/2021  12:05:22,425658;9,392213E-1;1,305587E-1;1,888163E-1;9,402260E-1;;
02/12/2021  12:05:22,425758;9,404850E-1;1,120810E-1;1,332122E-1;9,401877E-1;;
02/12/2021  12:05:22,425858;9,412509E-1;8,946184E-2;1,038306E-1;9,401497E-1;;
02/12/2021  12:05:22,425958;9,410900E-1;9,424054E-2;1,107811E-1;9,401124E-1;;
02/12/2021  12:05:22,426058;9,402734E-1;1,006121E-1;1,126766E-1;9,400762E-1;;
02/12/2021  12:05:22,426158;9,396028E-1;8,978042E-2;1,136244E-1;9,400415E-1;;
02/12/2021  12:05:22,426258;9,407472E-1;6,970988E-2;6,813023E-2;9,400082E-1;;
02/12/2021  12:05:22,426358;9,408635E-1;1,251428E-1;1,237343E-1;9,399766E-1;;
02/12/2021  12:05:22,426458;9,406549E-1;1,350188E-1;1,619620E-1;9,399468E-1;;
02/12/2021  12:05:22,426558;9,391260E-1;1,439390E-1;1,537478E-1;9,399190E-1;;
02/12/2021  12:05:22,426658;9,390932E-1;1,299215E-1;1,382671E-1;9,398931E-1;;
02/12/2021  12:05:22,426758;9,392511E-1;1,114439E-1;1,313166E-1;9,398689E-1;;
02/12/2021  12:05:22,426858;9,395283E-1;1,471248E-1;1,335282E-1;9,398464E-1;;
02/12/2021  12:05:22,426958;9,393286E-1;1,748413E-1;1,540637E-1;9,398253E-1;;
02/12/2021  12:05:22,427058;9,377908E-1;1,837615E-1;1,755471E-1;9,398054E-1;;
02/12/2021  12:05:22,427158;9,377699E-1;1,805757E-1;1,578549E-1;9,397866E-1;;
02/12/2021  12:05:22,427258;9,388548E-1;7,225852E-2;1,136244E-1;9,397683E-1;;
02/12/2021  12:05:22,427358;9,392243E-1;1,710183E-1;1,638576E-1;9,397504E-1;;
02/12/2021  12:05:22,427458;9,383183E-1;1,499920E-1;1,310007E-1;9,397328E-1;;
02/12/2021  12:05:22,427558;9,379070E-1;1,245056E-1;1,382671E-1;9,397152E-1;;
02/12/2021  12:05:22,427658;9,384673E-1;1,120810E-1;1,028828E-1;9,396974E-1;;
02/12/2021  12:05:22,427758;9,392482E-1;1,101695E-1;8,582243E-2;9,396794E-1;;
02/12/2021  12:05:22,427858;9,394478E-1;1,614609E-1;1,973464E-1;9,396610E-1;;
02/12/2021  12:05:22,427958;9,388935E-1;1,362931E-1;1,316326E-1;9,396423E-1;;
02/12/2021  12:05:22,428058;9,378027E-1;1,366117E-1;1,373193E-1;9,396234E-1;;
02/12/2021  12:05:22,428158;9,382348E-1;1,273729E-1;1,332122E-1;9,396041E-1;;
02/12/2021  12:05:22,428258;9,383660E-1;9,997498E-2;8,550650E-2;9,395843E-1;;
02/12/2021  12:05:22,428358;9,389412E-1;1,206827E-1;1,224705E-1;9,395639E-1;;
02/12/2021  12:05:22,428458;9,377431E-1;1,238685E-1;1,259458E-1;9,395428E-1;;
02/12/2021  12:05:22,428558;9,365271E-1;1,283286E-1;1,278414E-1;9,395211E-1;;
02/12/2021  12:05:22,428658;9,367387E-1;1,595494E-1;1,613302E-1;9,394983E-1;;
02/12/2021  12:05:22,428758;9,373348E-1;1,490363E-1;1,411105E-1;9,394742E-1;;
02/12/2021  12:05:22,428858;9,368818E-1;1,190898E-1;1,148882E-1;9,394485E-1;;
02/12/2021  12:05:22,428958;9,361397E-1;1,206827E-1;1,338441E-1;9,394210E-1;;
02/12/2021  12:05:22,429058;9,352009E-1;1,324701E-1;1,341600E-1;9,393914E-1;;
02/12/2021  12:05:22,429158;9,359072E-1;1,232313E-1;1,335282E-1;9,393594E-1;;
02/12/2021  12:05:22,429258;9,362082E-1;1,324701E-1;1,417424E-1;9,393246E-1;;
02/12/2021  12:05:22,429358;9,356122E-1;1,305587E-1;1,240502E-1;9,392868E-1;;
02/12/2021  12:05:22,429458;9,348880E-1;1,362931E-1;1,461654E-1;9,392459E-1;;
02/12/2021  12:05:22,429558;9,339790E-1;1,353374E-1;1,240502E-1;9,392015E-1;;
02/12/2021  12:05:22,429658;9,350608E-1;9,965640E-2;9,087734E-2;9,391533E-1;;
02/12/2021  12:05:22,429758;9,352277E-1;1,270543E-1;1,278414E-1;9,391011E-1;;
02/12/2021  12:05:22,429858;9,351085E-1;1,120810E-1;1,164678E-1;9,390448E-1;;
02/12/2021  12:05:22,429958;9,338955E-1;1,241871E-1;1,268936E-1;9,389843E-1;;
02/12/2021  12:05:22,430058;9,327809E-1;1,388417E-1;1,897641E-1;9,389195E-1;;
02/12/2021  12:05:22,430158;9,337137E-1;1,534964E-1;1,714400E-1;9,388501E-1;;
02/12/2021  12:05:22,430258;9,343843E-1;1,203641E-1;1,218387E-1;9,387760E-1;;
02/12/2021  12:05:22,430358;9,345095E-1;1,366117E-1;1,395309E-1;9,386970E-1;;
02/12/2021  12:05:22,430458;9,340594E-1;1,394789E-1;1,423743E-1;9,386134E-1;;
02/12/2021  12:05:22,430558;9,339641E-1;1,334259E-1;1,379512E-1;9,385253E-1;;
02/12/2021  12:05:22,430658;9,353231E-1;1,273729E-1;1,319485E-1;9,384328E-1;;
02/12/2021  12:05:22,430758;9,359102E-1;1,127182E-1;1,249980E-1;9,383363E-1;;
02/12/2021  12:05:22,430858;9,357105E-1;1,468062E-1;1,509044E-1;9,382362E-1;;
02/12/2021  12:05:22,430958;9,353142E-1;1,302401E-1;1,310007E-1;9,381332E-1;;
02/12/2021  12:05:22,431058;9,352814E-1;1,241871E-1;1,133085E-1;9,380277E-1;;
02/12/2021  12:05:22,431158;9,367477E-1;1,229127E-1;1,205749E-1;9,379202E-1;;
02/12/2021  12:05:22,431258;9,367775E-1;1,311958E-1;1,328963E-1;9,378113E-1;;
02/12/2021  12:05:22,431358;9,363960E-1;1,238685E-1;1,316326E-1;9,377017E-1;;
02/12/2021  12:05:22,431458;9,351413E-1;1,155854E-1;1,098333E-1;9,375919E-1;;
02/12/2021  12:05:22,431558;9,353708E-1;1,238685E-1;1,189953E-1;9,374823E-1;;
02/12/2021  12:05:22,431658;9,360294E-1;1,337445E-1;1,268936E-1;9,373733E-1;;
02/12/2021  12:05:22,431758;9,353231E-1;1,216384E-1;1,212068E-1;9,372652E-1;;
02/12/2021  12:05:22,431858;9,343307E-1;1,324701E-1;1,297370E-1;9,371582E-1;;
02/12/2021  12:05:22,431958;9,332816E-1;7,926728E-2;7,002583E-2;9,370525E-1;;
02/12/2021  12:05:22,432058;9,332607E-1;1,104881E-1;1,189953E-1;9,369479E-1;;
02/12/2021  12:05:22,432158;9,334187E-1;1,382046E-1;1,540637E-1;9,368442E-1;;
02/12/2021  12:05:22,432258;9,333770E-1;1,557265E-1;1,629098E-1;9,367413E-1;;
02/12/2021  12:05:22,432358;9,329061E-1;9,137332E-2;1,133085E-1;9,366390E-1;;
02/12/2021  12:05:22,432458;9,317855E-1;1,206827E-1;1,259458E-1;9,365372E-1;;
02/12/2021  12:05:22,432558;9,321014E-1;1,203641E-1;1,246821E-1;9,364355E-1;;
02/12/2021  12:05:22,432658;9,328316E-1;1,251428E-1;1,196272E-1;9,363338E-1;;
02/12/2021  12:05:22,432758;9,325842E-1;1,031608E-1;8,740209E-2;9,362319E-1;;
02/12/2021  12:05:22,432858;9,320150E-1;1,136739E-1;1,202590E-1;9,361296E-1;;
02/12/2021  12:05:22,432958;9,300241E-1;1,385232E-1;1,354238E-1;9,360268E-1;;
02/12/2021  12:05:22,433058;9,307036E-1;1,229127E-1;1,057261E-1;9,359232E-1;;
02/12/2021  12:05:22,433158;9,312371E-1;1,165411E-1;9,940750E-2;9,358184E-1;;
02/12/2021  12:05:22,433258;9,302089E-1;1,232313E-1;1,139404E-1;9,357122E-1;;
02/12/2021  12:05:22,433358;9,288499E-1;1,289658E-1;1,193112E-1;9,356042E-1;;
02/12/2021  12:05:22,433458;9,278843E-1;1,171783E-1;1,186794E-1;9,354941E-1;;
02/12/2021  12:05:22,433558;9,288678E-1;8,818752E-2;1,016190E-1;9,353813E-1;;
02/12/2021  12:05:22,433658;9,286949E-1;1,327887E-1;1,505885E-1;9,352653E-1;;
02/12/2021  12:05:22,433758;9,285161E-1;1,210013E-1;1,227865E-1;9,351459E-1;;
02/12/2021  12:05:22,433858;9,271630E-1;1,171783E-1;1,066739E-1;9,350227E-1;;
02/12/2021  12:05:22,433958;9,263584E-1;1,190898E-1;1,278414E-1;9,348954E-1;;
02/12/2021  12:05:22,434058;9,272495E-1;1,260985E-1;1,388990E-1;9,347636E-1;;
02/12/2021  12:05:22,434158;9,273031E-1;1,181340E-1;1,265777E-1;9,346269E-1;;
02/12/2021  12:05:22,434258;9,273001E-1;1,165411E-1;1,259458E-1;9,344851E-1;;
02/12/2021  12:05:22,434358;9,263673E-1;1,302401E-1;1,249980E-1;9,343383E-1;;
02/12/2021  12:05:22,434458;9,255090E-1;1,181340E-1;6,939396E-2;9,341863E-1;;
02/12/2021  12:05:22,434558;9,264805E-1;1,407532E-1;1,474292E-1;9,340290E-1;;
02/12/2021  12:05:22,434658;9,273001E-1;1,248242E-1;1,249980E-1;9,338662E-1;;
02/12/2021  12:05:22,434758;9,268501E-1;1,468062E-1;1,534319E-1;9,336982E-1;;
02/12/2021  12:05:22,434858;9,257534E-1;1,404346E-1;1,341600E-1;9,335253E-1;;
02/12/2021  12:05:22,434958;9,258487E-1;1,139925E-1;1,041465E-1;9,333475E-1;;
02/12/2021  12:05:22,435058;9,271034E-1;1,136739E-1;1,060421E-1;9,331651E-1;;
02/12/2021  12:05:22,435158;9,281376E-1;1,063466E-1;1,158360E-1;9,329784E-1;;
02/12/2021  12:05:22,435258;9,285071E-1;1,216384E-1;1,265777E-1;9,327880E-1;;
02/12/2021  12:05:22,435358;9,273061E-1;1,162226E-1;1,170997E-1;9,325947E-1;;
02/12/2021  12:05:22,435458;9,280631E-1;2,542726E-2;8,329497E-2;9,323991E-1;;
02/12/2021  12:05:22,435558;9,294996E-1;1,143111E-1;1,016190E-1;9,322018E-1;;
02/12/2021  12:05:22,435658;9,298453E-1;1,216384E-1;1,300529E-1;9,320038E-1;;
02/12/2021  12:05:22,435758;9,295026E-1;1,334259E-1;1,193112E-1;9,318059E-1;;
02/12/2021  12:05:22,435858;9,280899E-1;1,162226E-1;1,474292E-1;9,316091E-1;;
02/12/2021  12:05:22,435958;9,282926E-1;1,232313E-1;1,243661E-1;9,314140E-1;;
02/12/2021  12:05:22,436058;9,294519E-1;1,117624E-1;1,278414E-1;9,312211E-1;;
02/12/2021  12:05:22,436158;9,290496E-1;1,194084E-1;1,249980E-1;9,310310E-1;;
02/12/2021  12:05:22,436258;9,284893E-1;1,302401E-1;1,202590E-1;9,308444E-1;;
02/12/2021  12:05:22,436358;9,271779E-1;3,148028E-2;1,076217E-1;9,306616E-1;;
02/12/2021  12:05:22,436458;9,280512E-1;1,283286E-1;1,328963E-1;9,304830E-1;;
02/12/2021  12:05:22,436558;9,280541E-1;5,123224E-2;9,119327E-2;9,303087E-1;;
02/12/2021  12:05:22,436658;9,282479E-1;9,201048E-2;6,370719E-2;9,301389E-1;;
02/12/2021  12:05:22,436758;9,280482E-1;1,088952E-1;1,136244E-1;9,299739E-1;;
02/12/2021  12:05:22,436858;9,270945E-1;1,181340E-1;1,218387E-1;9,298138E-1;;
02/12/2021  12:05:22,436958;9,279916E-1;1,366117E-1;1,164678E-1;9,296588E-1;;
02/12/2021  12:05:22,437058;9,295771E-1;1,458505E-1;1,234183E-1;9,295090E-1;;
02/12/2021  12:05:22,437158;9,291986E-1;1,350188E-1;1,246821E-1;9,293645E-1;;
02/12/2021  12:05:22,437258;9,290674E-1;1,155854E-1;1,123607E-1;9,292259E-1;;
02/12/2021  12:05:22,437358;9,285638E-1;1,369303E-1;1,366875E-1;9,290934E-1;;
02/12/2021  12:05:22,437458;9,295681E-1;1,324701E-1;1,164678E-1;9,289672E-1;;
02/12/2021  12:05:22,437558;9,300241E-1;1,162226E-1;1,180475E-1;9,288476E-1;;
02/12/2021  12:05:22,437658;9,304682E-1;1,130368E-1;1,092014E-1;9,287348E-1;;
02/12/2021  12:05:22,437758;9,298066E-1;1,111253E-1;1,227865E-1;9,286292E-1;;
02/12/2021  12:05:22,437858;9,288558E-1;1,229127E-1;1,148882E-1;9,285311E-1;;
02/12/2021  12:05:22,437958;9,291777E-1;1,260985E-1;1,464814E-1;9,284404E-1;;
02/12/2021  12:05:22,438058;9,297738E-1;1,044351E-1;1,351078E-1;9,283571E-1;;
02/12/2021  12:05:22,438158;9,303043E-1;9,838208E-2;1,076217E-1;9,282813E-1;;
02/12/2021  12:05:22,438258;9,294370E-1;7,863012E-2;9,688005E-2;9,282130E-1;;
02/12/2021  12:05:22,438358;9,296009E-1;1,047537E-1;1,123607E-1;9,281521E-1;;
02/12/2021  12:05:22,438458;9,311805E-1;1,015679E-1;1,076217E-1;9,280986E-1;;
02/12/2021  12:05:22,438558;9,323607E-1;1,069837E-1;1,237343E-1;9,280527E-1;;
02/12/2021  12:05:22,438658;9,330491E-1;1,178155E-1;1,196272E-1;9,280145E-1;;
02/12/2021  12:05:22,438758;9,327839E-1;1,085766E-1;1,205749E-1;9,279845E-1;;
02/12/2021  12:05:22,438858;9,332965E-1;4,454206E-2;8,582243E-2;9,279631E-1;;
02/12/2021  12:05:22,438958;9,351443E-1;9,296622E-2;1,161519E-1;9,279507E-1;;
02/12/2021  12:05:22,439058;9,363662E-1;8,086018E-2;9,087734E-2;9,279478E-1;;
02/12/2021  12:05:22,439158;9,370159E-1;1,194084E-1;1,370034E-1;9,279551E-1;;
02/12/2021  12:05:22,439258;9,362679E-1;1,063466E-1;1,158360E-1;9,279733E-1;;
02/12/2021  12:05:22,439358;9,368729E-1;9,041758E-2;9,466852E-2;9,280030E-1;;
02/12/2021  12:05:22,439458;9,390157E-1;9,742634E-2;1,246821E-1;9,280447E-1;;
02/12/2021  12:05:22,439558;9,400350E-1;9,774492E-2;1,142563E-1;9,280990E-1;;
02/12/2021  12:05:22,439658;9,395551E-1;1,079395E-1;1,253139E-1;9,281666E-1;;
02/12/2021  12:05:22,439758;9,393286E-1;1,155854E-1;1,471132E-1;9,282481E-1;;
02/12/2021  12:05:22,439858;9,396505E-1;1,108067E-1;1,313166E-1;9,283439E-1;;
02/12/2021  12:05:22,439958;9,409469E-1;1,506292E-1;1,733356E-1;9,284543E-1;;
02/12/2021  12:05:22,440058;9,415430E-1;1,375674E-1;1,297370E-1;9,285795E-1;;
02/12/2021  12:05:22,440158;9,415817E-1;1,353374E-1;1,180475E-1;9,287198E-1;;
02/12/2021  12:05:22,440258;9,411883E-1;1,009307E-1;1,221546E-1;9,288753E-1;;
02/12/2021  12:05:22,440358;9,422374E-1;1,793014E-1;1,708081E-1;9,290461E-1;;
02/12/2021  12:05:22,440458;9,437097E-1;1,468062E-1;1,572231E-1;9,292320E-1;;
02/12/2021  12:05:22,440558;9,448750E-1;1,729298E-1;1,531159E-1;9,294332E-1;;
02/12/2021  12:05:22,440658;9,446902E-1;1,748413E-1;1,619620E-1;9,296498E-1;;
02/12/2021  12:05:22,440758;9,440852E-1;9,647060E-2;8,550650E-2;9,298818E-1;;
02/12/2021  12:05:22,440858;9,451611E-1;1,515849E-1;1,379512E-1;9,301293E-1;;
02/12/2021  12:05:22,440958;9,468420E-1;1,260985E-1;1,177316E-1;9,303919E-1;;
02/12/2021  12:05:22,441058;9,470565E-1;8,372740E-2;1,120448E-1;9,306696E-1;;
02/12/2021  12:05:22,441158;9,472085E-1;1,254614E-1;1,278414E-1;9,309624E-1;;
02/12/2021  12:05:22,441258;9,471698E-1;1,417090E-1;1,338441E-1;9,312700E-1;;
02/12/2021  12:05:22,441358;9,482725E-1;1,433019E-1;1,423743E-1;9,315923E-1;;
02/12/2021  12:05:22,441458;9,494885E-1;1,162226E-1;1,085695E-1;9,319289E-1;;
02/12/2021  12:05:22,441558;9,498878E-1;1,245056E-1;1,136244E-1;9,322796E-1;;
02/12/2021  12:05:22,441658;9,496494E-1;1,308772E-1;1,509044E-1;9,326443E-1;;
02/12/2021  12:05:22,441758;9,489490E-1;1,394789E-1;1,483770E-1;9,330225E-1;;
02/12/2021  12:05:22,441858;9,494348E-1;1,331073E-1;1,313166E-1;9,334137E-1;;
02/12/2021  12:05:22,441958;9,503229E-1;1,321516E-1;1,287892E-1;9,338172E-1;;
02/12/2021  12:05:22,442058;9,500905E-1;1,200455E-1;1,218387E-1;9,342325E-1;;
02/12/2021  12:05:22,442158;9,494289E-1;1,308772E-1;1,423743E-1;9,346586E-1;;
02/12/2021  12:05:22,442258;9,493275E-1;1,229127E-1;1,155200E-1;9,350948E-1;;
02/12/2021  12:05:22,442358;9,495123E-1;1,525407E-1;1,565912E-1;9,355401E-1;;
02/12/2021  12:05:22,442458;9,504511E-1;1,410718E-1;1,622780E-1;9,359933E-1;;
02/12/2021  12:05:22,442558;9,506359E-1;1,324701E-1;1,322644E-1;9,364535E-1;;
02/12/2021  12:05:22,442658;9,495689E-1;1,382046E-1;1,313166E-1;9,369198E-1;;
02/12/2021  12:05:22,442758;9,492739E-1;1,315144E-1;1,347919E-1;9,373910E-1;;
02/12/2021  12:05:22,442858;9,510501E-1;1,162226E-1;9,814378E-2;9,378661E-1;;
02/12/2021  12:05:22,442958;9,513899E-1;1,324701E-1;1,347919E-1;9,383440E-1;;
02/12/2021  12:05:22,443058;9,516432E-1;1,210013E-1;1,328963E-1;9,388238E-1;;
02/12/2021  12:05:22,443158;9,514346E-1;1,315144E-1;1,341600E-1;9,393047E-1;;
02/12/2021  12:05:22,443258;9,512170E-1;1,203641E-1;1,284732E-1;9,397860E-1;;
02/12/2021  12:05:22,443358;9,527817E-1;1,327887E-1;1,319485E-1;9,402668E-1;;
02/12/2021  12:05:22,443458;9,532943E-1;1,350188E-1;1,398468E-1;9,407465E-1;;
02/12/2021  12:05:22,443558;9,532794E-1;1,324701E-1;1,417424E-1;9,412244E-1;;
02/12/2021  12:05:22,443658;9,521290E-1;1,302401E-1;1,303688E-1;9,417001E-1;;
02/12/2021  12:05:22,443758;9,516700E-1;1,273729E-1;1,600664E-1;9,421728E-1;;
02/12/2021  12:05:22,443858;9,524777E-1;1,283286E-1;1,313166E-1;9,426419E-1;;
02/12/2021  12:05:22,443958;9,526208E-1;1,302401E-1;1,313166E-1;9,431066E-1;;
02/12/2021  12:05:22,444058;9,514853E-1;1,347002E-1;1,344760E-1;9,435660E-1;;
02/12/2021  12:05:22,444158;9,510025E-1;1,331073E-1;1,376353E-1;9,440195E-1;;
02/12/2021  12:05:22,444258;9,500607E-1;-6,218224E-2;4,222381E-2;9,444662E-1;;
02/12/2021  12:05:22,444358;9,508177E-1;1,114439E-1;1,783905E-1;9,449049E-1;;
02/12/2021  12:05:22,444458;9,504243E-1;1,331073E-1;1,303688E-1;9,453348E-1;;
02/12/2021  12:05:22,444558;9,497954E-1;1,260985E-1;1,215227E-1;9,457550E-1;;
02/12/2021  12:05:22,444658;9,483768E-1;1,104881E-1;1,186794E-1;9,461644E-1;;
02/12/2021  12:05:22,444758;9,481741E-1;1,448948E-1;1,445858E-1;9,465622E-1;;
02/12/2021  12:05:22,444858;9,491964E-1;1,550893E-1;1,619620E-1;9,469472E-1;;
02/12/2021  12:05:22,444958;9,491934E-1;1,280100E-1;1,275255E-1;9,473185E-1;;
02/12/2021  12:05:22,445058;9,491904E-1;1,340630E-1;1,335282E-1;9,476755E-1;;
02/12/2021  12:05:22,445158;9,482546E-1;1,248242E-1;1,117289E-1;9,480176E-1;;
02/12/2021  12:05:22,445258;9,489520E-1;1,012493E-1;9,972343E-2;9,483441E-1;;
02/12/2021  12:05:22,445358;9,500547E-1;1,143111E-1;1,392149E-1;9,486548E-1;;
02/12/2021  12:05:22,445458;9,499534E-1;1,461691E-1;1,341600E-1;9,489493E-1;;
02/12/2021  12:05:22,445558;9,497776E-1;1,439390E-1;1,407946E-1;9,492276E-1;;
02/12/2021  12:05:22,445658;9,490086E-1;1,461691E-1;1,480610E-1;9,494898E-1;;
02/12/2021  12:05:22,445758;9,495630E-1;1,219570E-1;1,139404E-1;9,497358E-1;;
02/12/2021  12:05:22,445858;9,499117E-1;7,831154E-2;7,097362E-2;9,499656E-1;;
02/12/2021  12:05:22,445958;9,499057E-1;1,155854E-1;1,218387E-1;9,501795E-1;;
02/12/2021  12:05:22,446058;9,493305E-1;1,260985E-1;1,297370E-1;9,503777E-1;;
02/12/2021  12:05:22,446158;9,480013E-1;1,429833E-1;1,332122E-1;9,505603E-1;;
02/12/2021  12:05:22,446258;9,483887E-1;1,283286E-1;1,205749E-1;9,507275E-1;;
02/12/2021  12:05:22,446358;9,492411E-1;1,273729E-1;1,272095E-1;9,508793E-1;;
02/12/2021  12:05:22,446458;9,481712E-1;1,385232E-1;1,300529E-1;9,510158E-1;;
02/12/2021  12:05:22,446558;9,475095E-1;1,506292E-1;1,512204E-1;9,511375E-1;;
02/12/2021  12:05:22,446658;9,462727E-1;1,190898E-1;9,972343E-2;9,512442E-1;;
02/12/2021  12:05:22,446758;9,463264E-1;1,429833E-1;1,569071E-1;9,513360E-1;;
02/12/2021  12:05:22,446858;9,469820E-1;1,347002E-1;1,610142E-1;9,514130E-1;;
02/12/2021  12:05:22,446958;9,458644E-1;1,585937E-1;1,518522E-1;9,514750E-1;;
02/12/2021  12:05:22,447058;9,445531E-1;1,506292E-1;1,546956E-1;9,515223E-1;;
02/12/2021  12:05:22,447158;9,434325E-1;1,372488E-1;1,354238E-1;9,515547E-1;;
02/12/2021  12:05:22,447258;9,441388E-1;9,647060E-2;1,347919E-1;9,515721E-1;;
02/12/2021  12:05:22,447358;9,435577E-1;1,327887E-1;1,417424E-1;9,515742E-1;;
02/12/2021  12:05:22,447458;9,430659E-1;1,407532E-1;1,370034E-1;9,515611E-1;;
02/12/2021  12:05:22,447558;9,416175E-1;1,292843E-1;1,265777E-1;9,515327E-1;;
02/12/2021  12:05:22,447658;9,406727E-1;1,439390E-1;1,328963E-1;9,514888E-1;;
02/12/2021  12:05:22,447758;9,405088E-1;1,340630E-1;1,227865E-1;9,514293E-1;;
02/12/2021  12:05:22,447858;9,409141E-1;1,382046E-1;1,430061E-1;9,513539E-1;;
02/12/2021  12:05:22,447958;9,397012E-1;1,308772E-1;1,322644E-1;9,512625E-1;;
02/12/2021  12:05:22,448058;9,386640E-1;1,264171E-1;1,300529E-1;9,511551E-1;;
02/12/2021  12:05:22,448158;9,380531E-1;1,273729E-1;1,376353E-1;9,510316E-1;;
02/12/2021  12:05:22,448258;9,387236E-1;1,458505E-1;1,531159E-1;9,508918E-1;;
02/12/2021  12:05:22,448358;9,384703E-1;1,347002E-1;1,272095E-1;9,507360E-1;;
02/12/2021  12:05:22,448458;9,381901E-1;1,222756E-1;1,281573E-1;9,505641E-1;;
02/12/2021  12:05:22,448558;9,363841E-1;1,235499E-1;1,215227E-1;9,503764E-1;;
02/12/2021  12:05:22,448658;9,362500E-1;1,254614E-1;1,142563E-1;9,501733E-1;;
02/12/2021  12:05:22,448758;9,360324E-1;1,413904E-1;1,366875E-1;9,499546E-1;;
02/12/2021  12:05:22,448858;9,358059E-1;1,260985E-1;1,265777E-1;9,497208E-1;;
02/12/2021  12:05:22,448958;9,349088E-1;1,283286E-1;1,376353E-1;9,494720E-1;;
02/12/2021  12:05:22,449058;9,333174E-1;1,595494E-1;1,316326E-1;9,492085E-1;;
02/12/2021  12:05:22,449158;9,328524E-1;1,464877E-1;1,433221E-1;9,489304E-1;;
02/12/2021  12:05:22,449258;9,336988E-1;1,178155E-1;1,439539E-1;9,486380E-1;;
02/12/2021  12:05:22,449358;9,329597E-1;1,238685E-1;1,246821E-1;9,483313E-1;;
02/12/2021  12:05:22,449458;9,320209E-1;1,190898E-1;1,310007E-1;9,480108E-1;;
02/12/2021  12:05:22,449558;9,312222E-1;1,503106E-1;1,613302E-1;9,476769E-1;;
02/12/2021  12:05:22,449658;9,311119E-1;1,417090E-1;1,411105E-1;9,473298E-1;;
02/12/2021  12:05:22,449758;9,315232E-1;1,433019E-1;1,471132E-1;9,469699E-1;;
02/12/2021  12:05:22,449858;9,311000E-1;1,203641E-1;1,243661E-1;9,465977E-1;;
02/12/2021  12:05:22,449958;9,313861E-1;1,397975E-1;1,366875E-1;9,462138E-1;;
02/12/2021  12:05:22,450058;9,297917E-1;1,321516E-1;1,335282E-1;9,458188E-1;;
02/12/2021  12:05:22,450158;9,300927E-1;1,343816E-1;1,294210E-1;9,454134E-1;;
02/12/2021  12:05:22,450258;9,304622E-1;1,257800E-1;1,088855E-1;9,449983E-1;;
02/12/2021  12:05:22,450358;9,303877E-1;2,287862E-2;4,696279E-2;9,445741E-1;;
02/12/2021  12:05:22,450458;9,296456E-1;1,471248E-1;1,373193E-1;9,441417E-1;;
02/12/2021  12:05:22,450558;9,286234E-1;1,302401E-1;1,256299E-1;9,437019E-1;;
02/12/2021  12:05:22,450658;9,284893E-1;9,583344E-2;8,992954E-2;9,432555E-1;;
02/12/2021  12:05:22,450758;9,288678E-1;1,273729E-1;1,237343E-1;9,428030E-1;;
02/12/2021  12:05:22,450858;9,284744E-1;9,965640E-2;1,110970E-1;9,423452E-1;;
02/12/2021  12:05:22,450958;9,274015E-1;1,238685E-1;1,268936E-1;9,418829E-1;;
02/12/2021  12:05:22,451058;9,265342E-1;1,022050E-1;1,073058E-1;9,414166E-1;;
02/12/2021  12:05:22,451158;9,262004E-1;1,063466E-1;1,253139E-1;9,409469E-1;;
02/12/2021  12:05:22,451258;9,262779E-1;1,222756E-1;1,619620E-1;9,404743E-1;;
02/12/2021  12:05:22,451358;9,259292E-1;1,133553E-1;1,227865E-1;9,399993E-1;;
02/12/2021  12:05:22,451458;9,244748E-1;3,466608E-2;4,664686E-2;9,395222E-1;;
02/12/2021  12:05:22,451558;9,229310E-1;1,203641E-1;1,272095E-1;9,390435E-1;;
02/12/2021  12:05:22,451658;9,235122E-1;9,774492E-2;1,069899E-1;9,385634E-1;;
02/12/2021  12:05:22,451758;9,233930E-1;1,114439E-1;1,297370E-1;9,380819E-1;;
02/12/2021  12:05:22,451858;9,229578E-1;1,073023E-1;1,208909E-1;9,375993E-1;;
02/12/2021  12:05:22,451958;9,221830E-1;5,696668E-2;8,171531E-2;9,371159E-1;;
02/12/2021  12:05:22,452058;9,214498E-1;9,296622E-2;1,022509E-1;9,366320E-1;;
02/12/2021  12:05:22,452158;9,220190E-1;9,519628E-2;1,095173E-1;9,361476E-1;;
02/12/2021  12:05:22,452258;9,231128E-1;9,742634E-2;1,126766E-1;9,356630E-1;;
02/12/2021  12:05:22,452358;9,232499E-1;1,127182E-1;1,395309E-1;9,351789E-1;;
02/12/2021  12:05:22,452458;9,226181E-1;9,519628E-2;1,069899E-1;9,346957E-1;;
02/12/2021  12:05:22,452558;9,232261E-1;1,155854E-1;1,363715E-1;9,342143E-1;;
02/12/2021  12:05:22,452658;9,248533E-1;7,385142E-2;9,877564E-2;9,337352E-1;;
02/12/2021  12:05:22,452758;9,250917E-1;9,806350E-2;1,142563E-1;9,332596E-1;;
02/12/2021  12:05:22,452858;9,257563E-1;5,218798E-2;1,449017E-1;9,327884E-1;;
02/12/2021  12:05:22,452958;9,256610E-1;1,190898E-1;1,297370E-1;9,323229E-1;;
02/12/2021  12:05:22,453058;9,266743E-1;1,174969E-1;1,227865E-1;9,318643E-1;;
02/12/2021  12:05:22,453158;9,280035E-1;1,458505E-1;1,445858E-1;9,314138E-1;;
02/12/2021  12:05:22,453258;9,291479E-1;1,420275E-1;1,388990E-1;9,309728E-1;;
02/12/2021  12:05:22,453358;9,294132E-1;1,187712E-1;8,677022E-2;9,305429E-1;;
02/12/2021  12:05:22,453458;9,288886E-1;1,366117E-1;1,202590E-1;9,301254E-1;;
02/12/2021  12:05:22,453558;9,298155E-1;1,691068E-1;1,455336E-1;9,297218E-1;;
02/12/2021  12:05:22,453658;9,306470E-1;1,773899E-1;1,565912E-1;9,293333E-1;;
02/12/2021  12:05:22,453758;9,320209E-1;1,538150E-1;1,518522E-1;9,289613E-1;;
02/12/2021  12:05:22,453858;9,320209E-1;1,417090E-1;1,281573E-1;9,286070E-1;;
02/12/2021  12:05:22,453958;9,319434E-1;1,123996E-1;1,120448E-1;9,282716E-1;;
02/12/2021  12:05:22,454058;9,333054E-1;1,305587E-1;1,328963E-1;9,279563E-1;;
02/12/2021  12:05:22,454158;9,340535E-1;1,114439E-1;1,022509E-1;9,276622E-1;;
02/12/2021  12:05:22,454258;9,349833E-1;1,200455E-1;1,167838E-1;9,273902E-1;;
02/12/2021  12:05:22,454358;9,351085E-1;1,241871E-1;1,246821E-1;9,271413E-1;;
02/12/2021  12:05:22,454458;9,350668E-1;1,260985E-1;1,167838E-1;9,269166E-1;;
02/12/2021  12:05:22,454558;9,352158E-1;1,436204E-1;1,603824E-1;9,267166E-1;;
02/12/2021  12:05:22,454658;9,370845E-1;6,556834E-2;7,413294E-2;9,265420E-1;;
02/12/2021  12:05:22,454758;9,374242E-1;1,302401E-1;1,284732E-1;9,263932E-1;;
02/12/2021  12:05:22,454858;9,373527E-1;1,273729E-1;1,284732E-1;9,262708E-1;;
02/12/2021  12:05:22,454958;9,370755E-1;1,273729E-1;1,297370E-1;9,261751E-1;;
02/12/2021  12:05:22,455058;9,379279E-1;8,818752E-2;9,845971E-2;9,261063E-1;;
02/12/2021  12:05:22,455158;9,390991E-1;1,108067E-1;1,177316E-1;9,260644E-1;;
02/12/2021  12:05:22,455258;9,391528E-1;1,353374E-1;1,221546E-1;9,260494E-1;;
02/12/2021  12:05:22,455358;9,380024E-1;1,184526E-1;1,445858E-1;9,260612E-1;;
02/12/2021  12:05:22,455458;9,382706E-1;1,181340E-1;1,164678E-1;9,260995E-1;;
02/12/2021  12:05:22,455558;9,396416E-1;1,245056E-1;1,240502E-1;9,261637E-1;;
02/12/2021  12:05:22,455658;9,405714E-1;1,461691E-1;1,679647E-1;9,262534E-1;;
02/12/2021  12:05:22,455758;9,409201E-1;1,273729E-1;1,253139E-1;9,263680E-1;;
02/12/2021  12:05:22,455858;9,404820E-1;1,181340E-1;1,272095E-1;9,265072E-1;;
02/12/2021  12:05:22,455958;9,404522E-1;1,073023E-1;1,101492E-1;9,266702E-1;;
02/12/2021  12:05:22,456058;9,421927E-1;1,171783E-1;1,212068E-1;9,268564E-1;;
02/12/2021  12:05:22,456158;9,426725E-1;1,219570E-1;1,234183E-1;9,270650E-1;;
02/12/2021  12:05:22,456258;9,433312E-1;1,200455E-1;1,174156E-1;9,272955E-1;;
02/12/2021  12:05:22,456358;9,435189E-1;1,104881E-1;1,142563E-1;9,275472E-1;;
02/12/2021  12:05:22,456458;9,437037E-1;1,417090E-1;1,723878E-1;9,278194E-1;;
02/12/2021  12:05:22,456558;9,454055E-1;1,401161E-1;2,087200E-1;9,281115E-1;;
02/12/2021  12:05:22,456658;9,462787E-1;1,248242E-1;1,256299E-1;9,284229E-1;;
02/12/2021  12:05:22,456758;9,462608E-1;1,165411E-1;1,189953E-1;9,287529E-1;;
02/12/2021  12:05:22,456858;9,461714E-1;1,229127E-1;1,164678E-1;9,291012E-1;;
02/12/2021  12:05:22,456958;9,471251E-1;1,139925E-1;1,101492E-1;9,294668E-1;;
02/12/2021  12:05:22,457058;9,487941E-1;1,375674E-1;1,502726E-1;9,298493E-1;;
02/12/2021  12:05:22,457158;9,500309E-1;1,165411E-1;1,205749E-1;9,302481E-1;;
02/12/2021  12:05:22,457258;9,500875E-1;1,165411E-1;1,259458E-1;9,306627E-1;;
02/12/2021  12:05:22,457358;9,497328E-1;1,229127E-1;1,256299E-1;9,310927E-1;;
02/12/2021  12:05:22,457458;9,503855E-1;1,088952E-1;9,119327E-2;9,315376E-1;;
02/12/2021  12:05:22,457558;9,514733E-1;1,200455E-1;1,129926E-1;9,319967E-1;;
02/12/2021  12:05:22,457658;9,526893E-1;1,372488E-1;1,281573E-1;9,324694E-1;;
02/12/2021  12:05:22,457758;9,520992E-1;1,254614E-1;1,294210E-1;9,329552E-1;;
02/12/2021  12:05:22,457858;9,524062E-1;9,137332E-2;1,170997E-1;9,334535E-1;;
02/12/2021  12:05:22,457958;9,534612E-1;1,299215E-1;1,275255E-1;9,339636E-1;;
02/12/2021  12:05:22,458058;9,546861E-1;8,372740E-2;7,571260E-2;9,344849E-1;;
02/12/2021  12:05:22,458158;9,557948E-1;1,130368E-1;1,161519E-1;9,350167E-1;;
02/12/2021  12:05:22,458258;9,550318E-1;1,203641E-1;1,196272E-1;9,355587E-1;;
02/12/2021  12:05:22,458358;9,556517E-1;3,625898E-2;5,138584E-2;9,361102E-1;;
02/12/2021  12:05:22,458458;9,564683E-1;1,130368E-1;1,164678E-1;9,366707E-1;;
02/12/2021  12:05:22,458558;9,582297E-1;1,114439E-1;1,183634E-1;9,372395E-1;;
02/12/2021  12:05:22,458658;9,582565E-1;1,139925E-1;1,202590E-1;9,378162E-1;;
02/12/2021  12:05:22,458758;9,590910E-1;1,407532E-1;1,347919E-1;9,384004E-1;;
02/12/2021  12:05:22,458858;9,591029E-1;1,152668E-1;1,218387E-1;9,389916E-1;;
02/12/2021  12:05:22,458958;9,599285E-1;1,216384E-1;1,278414E-1;9,395894E-1;;
02/12/2021  12:05:22,459058;9,611176E-1;1,232313E-1;9,909157E-2;9,401933E-1;;
02/12/2021  12:05:22,459158;9,608911E-1;1,350188E-1;1,562753E-1;9,408029E-1;;
02/12/2021  12:05:22,459258;9,612994E-1;1,302401E-1;1,240502E-1;9,414178E-1;;
02/12/2021  12:05:22,459358;9,612666E-1;1,184526E-1;1,208909E-1;9,420375E-1;;
02/12/2021  12:05:22,459458;9,620355E-1;1,254614E-1;1,306848E-1;9,426612E-1;;
02/12/2021  12:05:22,459558;9,629207E-1;1,700626E-1;1,708081E-1;9,432886E-1;;
02/12/2021  12:05:22,459658;9,626942E-1;1,334259E-1;1,328963E-1;9,439190E-1;;
02/12/2021  12:05:22,459758;9,625750E-1;1,155854E-1;1,196272E-1;9,445517E-1;;
02/12/2021  12:05:22,459858;9,626614E-1;7,990444E-2;9,119327E-2;9,451863E-1;;
02/12/2021  12:05:22,459958;9,637134E-1;1,458505E-1;1,594346E-1;9,458218E-1;;
02/12/2021  12:05:22,460058;9,635376E-1;1,735670E-1;1,935552E-1;9,464576E-1;;
02/12/2021  12:05:22,460158;9,636002E-1;1,225942E-1;1,253139E-1;9,470930E-1;;
02/12/2021  12:05:22,460258;9,637611E-1;1,229127E-1;1,332122E-1;9,477272E-1;;
02/12/2021  12:05:22,460358;9,637790E-1;1,066652E-1;1,133085E-1;9,483595E-1;;
02/12/2021  12:05:22,460458;9,644496E-1;1,302401E-1;1,310007E-1;9,489891E-1;;
02/12/2021  12:05:22,460558;9,650426E-1;1,340630E-1;1,325804E-1;9,496152E-1;;
02/12/2021  12:05:22,460658;9,651440E-1;1,302401E-1;1,249980E-1;9,502372E-1;;
02/12/2021  12:05:22,460758;9,648936E-1;1,270543E-1;1,303688E-1;9,508545E-1;;
02/12/2021  12:05:22,460858;9,646641E-1;1,289658E-1;1,335282E-1;9,514664E-1;;
02/12/2021  12:05:22,460958;9,653973E-1;1,378860E-1;1,303688E-1;9,520723E-1;;
02/12/2021  12:05:22,461058;9,658742E-1;1,245056E-1;1,300529E-1;9,526714E-1;;
02/12/2021  12:05:22,461158;9,645539E-1;1,656025E-1;2,134590E-1;9,532631E-1;;
02/12/2021  12:05:22,461258;9,641068E-1;1,210013E-1;1,278414E-1;9,538468E-1;;
02/12/2021  12:05:22,461358;9,631472E-1;1,334259E-1;1,347919E-1;9,544216E-1;;
02/12/2021  12:05:22,461458;9,634303E-1;1,260985E-1;1,430061E-1;9,549865E-1;;
02/12/2021  12:05:22,461558;9,631353E-1;1,267357E-1;1,253139E-1;9,555405E-1;;
02/12/2021  12:05:22,461658;9,626733E-1;1,512664E-1;1,445858E-1;9,560826E-1;;
02/12/2021  12:05:22,461758;9,621518E-1;1,305587E-1;1,341600E-1;9,566119E-1;;
02/12/2021  12:05:22,461858;9,614454E-1;9,901924E-2;1,208909E-1;9,571273E-1;;
02/12/2021  12:05:22,461958;9,621816E-1;1,257800E-1;1,249980E-1;9,576279E-1;;
02/12/2021  12:05:22,462058;9,616958E-1;1,296029E-1;1,262617E-1;9,581128E-1;;
02/12/2021  12:05:22,462158;9,611236E-1;5,728526E-2;8,329497E-2;9,585810E-1;;
02/12/2021  12:05:22,462258;9,604470E-1;1,512664E-1;1,736515E-1;9,590319E-1;;
02/12/2021  12:05:22,462358;9,602444E-1;1,394789E-1;1,335282E-1;9,594645E-1;;
02/12/2021  12:05:22,462458;9,601639E-1;1,241871E-1;1,253139E-1;9,598781E-1;;
02/12/2021  12:05:22,462558;9,600834E-1;1,299215E-1;1,300529E-1;9,602721E-1;;
02/12/2021  12:05:22,462658;9,594576E-1;1,066652E-1;1,079377E-1;9,606457E-1;;
02/12/2021  12:05:22,462758;9,587214E-1;1,356559E-1;1,373193E-1;9,609985E-1;;
02/12/2021  12:05:22,462858;9,584800E-1;1,324701E-1;1,294210E-1;9,613299E-1;;
02/12/2021  12:05:22,462958;9,589599E-1;1,433019E-1;1,388990E-1;9,616394E-1;;
02/12/2021  12:05:22,463058;9,593533E-1;1,503106E-1;1,445858E-1;9,619266E-1;;
02/12/2021  12:05:22,463158;9,582684E-1;1,468062E-1;1,385831E-1;9,621915E-1;;
02/12/2021  12:05:22,463258;9,571836E-1;1,353374E-1;1,208909E-1;9,624338E-1;;
02/12/2021  12:05:22,463358;9,576783E-1;1,458505E-1;1,651214E-1;9,626535E-1;;
02/12/2021  12:05:22,463458;9,575293E-1;5,473662E-2;1,227865E-1;9,628504E-1;;
02/12/2021  12:05:22,463558;9,569213E-1;1,318330E-1;1,376353E-1;9,630244E-1;;
02/12/2021  12:05:22,463658;9,570852E-1;1,241871E-1;1,300529E-1;9,631758E-1;;
02/12/2021  12:05:22,463758;9,557382E-1;1,194084E-1;1,174156E-1;9,633046E-1;;
02/12/2021  12:05:22,463858;9,558872E-1;1,203641E-1;1,063580E-1;9,634109E-1;;
02/12/2021  12:05:22,463958;9,562269E-1;1,225942E-1;1,221546E-1;9,634948E-1;;
02/12/2021  12:05:22,464058;9,556636E-1;1,095324E-1;1,082536E-1;9,635567E-1;;
02/12/2021  12:05:22,464158;9,544983E-1;1,082581E-1;1,360556E-1;9,635969E-1;;
02/12/2021  12:05:22,464258;9,536281E-1;9,774492E-2;1,076217E-1;9,636156E-1;;
02/12/2021  12:05:22,464358;9,533658E-1;1,190898E-1;1,164678E-1;9,636131E-1;;
02/12/2021  12:05:22,464458;9,535536E-1;1,468062E-1;1,821817E-1;9,635896E-1;;
02/12/2021  12:05:22,464558;9,525492E-1;1,123996E-1;1,152041E-1;9,635453E-1;;
02/12/2021  12:05:22,464658;9,512856E-1;1,130368E-1;1,379512E-1;9,634804E-1;;
02/12/2021  12:05:22,464758;9,505822E-1;1,069837E-1;1,221546E-1;9,633953E-1;;
02/12/2021  12:05:22,464858;9,504451E-1;1,165411E-1;1,202590E-1;9,632901E-1;;
02/12/2021  12:05:22,464958;9,503438E-1;9,583344E-2;1,193112E-1;9,631649E-1;;
02/12/2021  12:05:22,465058;9,492649E-1;9,551486E-2;1,107811E-1;9,630200E-1;;
02/12/2021  12:05:22,465158;9,483202E-1;1,079395E-1;1,158360E-1;9,628558E-1;;
02/12/2021  12:05:22,465258;9,469731E-1;1,235499E-1;1,281573E-1;9,626723E-1;;
02/12/2021  12:05:22,465358;9,469582E-1;8,086018E-2;1,050943E-1;9,624697E-1;;
02/12/2021  12:05:22,465458;9,466780E-1;1,114439E-1;1,218387E-1;9,622482E-1;;
02/12/2021  12:05:22,465558;9,462697E-1;1,143111E-1;1,328963E-1;9,620081E-1;;
02/12/2021  12:05:22,465658;9,452564E-1;1,210013E-1;1,306848E-1;9,617496E-1;;
02/12/2021  12:05:22,465758;9,438915E-1;2,548049E-1;2,346264E-1;9,614730E-1;;
02/12/2021  12:05:22,465858;9,441895E-1;1,347002E-1;1,483770E-1;9,611786E-1;;
02/12/2021  12:05:22,465958;9,437961E-1;1,359745E-1;1,284732E-1;9,608666E-1;;
02/12/2021  12:05:22,466058;9,427709E-1;1,410718E-1;1,442698E-1;9,605376E-1;;
02/12/2021  12:05:22,466158;9,412628E-1;1,729298E-1;1,512204E-1;9,601917E-1;;
02/12/2021  12:05:22,466258;9,393078E-1;2,267698E-1;1,834454E-1;9,598293E-1;;
02/12/2021  12:05:22,466358;9,395194E-1;1,002936E-1;1,625939E-1;9,594505E-1;;
02/12/2021  12:05:22,466458;9,387534E-1;1,745227E-1;1,597505E-1;9,590553E-1;;
02/12/2021  12:05:22,466558;9,379815E-1;1,882216E-1;1,837613E-1;9,586439E-1;;
02/12/2021  12:05:22,466658;9,366046E-1;1,452133E-1;1,562753E-1;9,582164E-1;;
02/12/2021  12:05:22,466758;9,357552E-1;1,397975E-1;1,376353E-1;9,577730E-1;;
02/12/2021  12:05:22,466858;9,359311E-1;4,486064E-2;8,645429E-2;9,573138E-1;;
02/12/2021  12:05:22,466958;9,353291E-1;1,385232E-1;1,395309E-1;9,568391E-1;;
02/12/2021  12:05:22,467058;9,345929E-1;1,503106E-1;1,411105E-1;9,563491E-1;;
02/12/2021  12:05:22,467158;9,332816E-1;1,324701E-1;1,376353E-1;9,558442E-1;;
02/12/2021  12:05:22,467258;9,331534E-1;1,391603E-1;1,370034E-1;9,553249E-1;;
02/12/2021  12:05:22,467358;9,332130E-1;1,241871E-1;1,205749E-1;9,547914E-1;;
02/12/2021  12:05:22,467458;9,331594E-1;1,436204E-1;1,423743E-1;9,542444E-1;;
02/12/2021  12:05:22,467558;9,331236E-1;1,378860E-1;1,215227E-1;9,536844E-1;;
02/12/2021  12:05:22,467658;9,321908E-1;1,264171E-1;1,363715E-1;9,531123E-1;;
02/12/2021  12:05:22,467758;9,322862E-1;1,267357E-1;1,265777E-1;9,525290E-1;;
02/12/2021  12:05:22,467858;9,327630E-1;1,433019E-1;1,234183E-1;9,519353E-1;;
02/12/2021  12:05:22,467958;9,327511E-1;1,433019E-1;1,205749E-1;9,513322E-1;;
02/12/2021  12:05:22,468058;9,322146E-1;1,210013E-1;1,202590E-1;9,507210E-1;;
02/12/2021  12:05:22,468158;9,311805E-1;1,248242E-1;1,224705E-1;9,501027E-1;;
02/12/2021  12:05:22,468258;9,313980E-1;1,318330E-1;1,294210E-1;9,494785E-1;;
02/12/2021  12:05:22,468358;9,315411E-1;1,490363E-1;1,458495E-1;9,488494E-1;;
02/12/2021  12:05:22,468458;9,316543E-1;1,267357E-1;1,268936E-1;9,482165E-1;;
02/12/2021  12:05:22,468558;9,307036E-1;1,350188E-1;1,363715E-1;9,475809E-1;;
02/12/2021  12:05:22,468658;9,301106E-1;7,863012E-2;8,645429E-2;9,469439E-1;;
02/12/2021  12:05:22,468758;9,301225E-1;1,143111E-1;1,139404E-1;9,463063E-1;;
02/12/2021  12:05:22,468858;9,306351E-1;1,570008E-1;1,970305E-1;9,456692E-1;;
02/12/2021  12:05:22,468958;9,299019E-1;1,251428E-1;1,256299E-1;9,450335E-1;;
02/12/2021  12:05:22,469058;9,291420E-1;1,165411E-1;1,287892E-1;9,444003E-1;;
02/12/2021  12:05:22,469158;9,281525E-1;1,375674E-1;1,357397E-1;9,437705E-1;;
02/12/2021  12:05:22,469258;9,278634E-1;1,267357E-1;1,328963E-1;9,431446E-1;;
02/12/2021  12:05:22,469358;9,280184E-1;1,321516E-1;1,379512E-1;9,425234E-1;;
02/12/2021  12:05:22,469458;9,279230E-1;1,165411E-1;1,142563E-1;9,419073E-1;;
02/12/2021  12:05:22,469558;9,269276E-1;1,260985E-1;1,354238E-1;9,412971E-1;;
02/12/2021  12:05:22,469658;9,256848E-1;1,490363E-1;1,442698E-1;9,406932E-1;;
02/12/2021  12:05:22,469758;9,264954E-1;1,276914E-1;1,158360E-1;9,400960E-1;;
02/12/2021  12:05:22,469858;9,267041E-1;1,130368E-1;1,170997E-1;9,395058E-1;;
02/12/2021  12:05:22,469958;9,267816E-1;1,254614E-1;1,265777E-1;9,389230E-1;;
02/12/2021  12:05:22,470058;9,253540E-1;1,499920E-1;1,461654E-1;9,383483E-1;;
02/12/2021  12:05:22,470158;9,251662E-1;1,585937E-1;1,638576E-1;9,377818E-1;;
02/12/2021  12:05:22,470258;9,257414E-1;8,542518E-3;7,350108E-2;9,372240E-1;;
02/12/2021  12:05:22,470358;9,261348E-1;1,063466E-1;1,164678E-1;9,366752E-1;;
02/12/2021  12:05:22,470458;9,254970E-1;1,318330E-1;1,319485E-1;9,361358E-1;;
02/12/2021  12:05:22,470558;9,251692E-1;1,343816E-1;1,310007E-1;9,356061E-1;;
02/12/2021  12:05:22,470658;9,244897E-1;1,448948E-1;1,524841E-1;9,350865E-1;;
02/12/2021  12:05:22,470758;9,256788E-1;1,264171E-1;1,287892E-1;9,345773E-1;;
02/12/2021  12:05:22,470858;9,256818E-1;1,057094E-1;1,246821E-1;9,340787E-1;;
02/12/2021  12:05:22,470958;9,253659E-1;1,299215E-1;1,310007E-1;9,335912E-1;;
02/12/2021  12:05:22,471058;9,239890E-1;1,410718E-1;1,682807E-1;9,331150E-1;;
02/12/2021  12:05:22,471158;9,244212E-1;1,178155E-1;1,142563E-1;9,326504E-1;;
02/12/2021  12:05:22,471258;9,252616E-1;1,267357E-1;1,246821E-1;9,321974E-1;;
02/12/2021  12:05:22,471358;9,257086E-1;1,401161E-1;1,332122E-1;9,317564E-1;;
02/12/2021  12:05:22,471458;9,253927E-1;1,350188E-1;1,319485E-1;9,313276E-1;;
02/12/2021  12:05:22,471558;9,245910E-1;1,229127E-1;1,303688E-1;9,309113E-1;;
02/12/2021  12:05:22,471658;9,255745E-1;1,194084E-1;1,253139E-1;9,305077E-1;;
02/12/2021  12:05:22,471758;9,269634E-1;1,273729E-1;1,411105E-1;9,301171E-1;;
02/12/2021  12:05:22,471858;9,276101E-1;1,241871E-1;1,249980E-1;9,297400E-1;;
02/12/2021  12:05:22,471958;9,274998E-1;1,225942E-1;1,234183E-1;9,293767E-1;;
02/12/2021  12:05:22,472058;9,266206E-1;1,143111E-1;1,009872E-1;9,290280E-1;;
02/12/2021  12:05:22,472158;9,269455E-1;1,382046E-1;1,379512E-1;9,286941E-1;;
02/12/2021  12:05:22,472258;9,286323E-1;1,289658E-1;1,505885E-1;9,283754E-1;;
02/12/2021  12:05:22,472358;9,284267E-1;1,245056E-1;1,218387E-1;9,280723E-1;;
02/12/2021  12:05:22,472458;9,284744E-1;1,088952E-1;1,177316E-1;9,277852E-1;;
02/12/2021  12:05:22,472558;9,281644E-1;2,170918E-3;6,686651E-2;9,275144E-1;;
02/12/2021  12:05:22,472658;9,288558E-1;1,155854E-1;1,031987E-1;9,272603E-1;;
02/12/2021  12:05:22,472758;9,295413E-1;1,372488E-1;1,278414E-1;9,270230E-1;;
02/12/2021  12:05:22,472858;9,296486E-1;1,225942E-1;1,142563E-1;9,268027E-1;;
02/12/2021  12:05:22,472958;9,291092E-1;1,433019E-1;1,635417E-1;9,265997E-1;;
02/12/2021  12:05:22,473058;9,287038E-1;1,334259E-1;1,344760E-1;9,264141E-1;;
02/12/2021  12:05:22,473158;9,289244E-1;1,264171E-1;1,205749E-1;9,262457E-1;;
02/12/2021  12:05:22,473258;9,295264E-1;1,930003E-1;1,878685E-1;9,260944E-1;;
02/12/2021  12:05:22,473358;9,289959E-1;1,190898E-1;1,114129E-1;9,259600E-1;;
02/12/2021  12:05:22,473458;9,289393E-1;1,168597E-1;1,594346E-1;9,258422E-1;;
02/12/2021  12:05:22,473558;9,281138E-1;1,340630E-1;1,291051E-1;9,257406E-1;;
02/12/2021  12:05:22,473658;9,295443E-1;2,287862E-2;7,539667E-2;9,256548E-1;;
02/12/2021  12:05:22,473758;9,296724E-1;1,264171E-1;1,338441E-1;9,255842E-1;;
02/12/2021  12:05:22,473858;9,297529E-1;1,264171E-1;1,275255E-1;9,255286E-1;;
02/12/2021  12:05:22,473958;9,295830E-1;1,251428E-1;1,158360E-1;9,254874E-1;;
02/12/2021  12:05:22,474058;9,286085E-1;2,096714E-2;4,569906E-2;9,254603E-1;;
02/12/2021  12:05:22,474158;9,299317E-1;1,496735E-1;1,502726E-1;9,254467E-1;;
02/12/2021  12:05:22,474258;9,299854E-1;1,238685E-1;1,259458E-1;9,254459E-1;;
02/12/2021  12:05:22,474358;9,299556E-1;1,216384E-1;1,249980E-1;9,254576E-1;;
02/12/2021  12:05:22,474458;9,293744E-1;1,327887E-1;1,243661E-1;9,254811E-1;;
02/12/2021  12:05:22,474558;9,292284E-1;1,761156E-1;1,123607E-1;9,255159E-1;;
02/12/2021  12:05:22,474658;9,306768E-1;1,133553E-1;1,376353E-1;9,255614E-1;;
02/12/2021  12:05:22,474758;9,317914E-1;1,136739E-1;1,199431E-1;9,256169E-1;;
02/12/2021  12:05:22,474858;9,320150E-1;1,413904E-1;1,483770E-1;9,256822E-1;;
02/12/2021  12:05:22,474958;9,310762E-1;1,340630E-1;1,294210E-1;9,257571E-1;;
02/12/2021  12:05:22,475058;9,304384E-1;6,631038E-3;5,170177E-2;9,258412E-1;;
02/12/2021  12:05:22,475158;9,315769E-1;1,206827E-1;1,088855E-1;9,259339E-1;;
02/12/2021  12:05:22,475258;9,320150E-1;1,318330E-1;1,313166E-1;9,260349E-1;;
02/12/2021  12:05:22,475358;9,323070E-1;1,337445E-1;1,351078E-1;9,261437E-1;;
02/12/2021  12:05:22,475458;9,320895E-1;9,424054E-2;1,433221E-1;9,262599E-1;;
02/12/2021  12:05:22,475558;9,325484E-1;1,155854E-1;1,221546E-1;9,263833E-1;;
02/12/2021  12:05:22,475658;9,336124E-1;1,324701E-1;1,439539E-1;9,265135E-1;;
02/12/2021  12:05:22,475758;9,347449E-1;1,190898E-1;1,278414E-1;9,266504E-1;;
02/12/2021  12:05:22,475858;9,348492E-1;1,101695E-1;1,054102E-1;9,267938E-1;;
02/12/2021  12:05:22,475958;9,345750E-1;1,139925E-1;1,240502E-1;9,269437E-1;;
02/12/2021  12:05:22,476058;9,350429E-1;1,222756E-1;1,237343E-1;9,271002E-1;;
02/12/2021  12:05:22,476158;9,367179E-1;1,302401E-1;1,145722E-1;9,272632E-1;;
02/12/2021  12:05:22,476258;9,376269E-1;1,257800E-1;1,231024E-1;9,274326E-1;;
02/12/2021  12:05:22,476358;9,376298E-1;1,270543E-1;1,208909E-1;9,276088E-1;;
02/12/2021  12:05:22,476458;9,376060E-1;1,088952E-1;1,161519E-1;9,277920E-1;;
02/12/2021  12:05:22,476558;9,392243E-1;1,283286E-1;1,347919E-1;9,279823E-1;;
02/12/2021  12:05:22,476658;9,402466E-1;1,092138E-1;7,950379E-2;9,281800E-1;;
02/12/2021  12:05:22,476758;9,408277E-1;1,143111E-1;1,496407E-1;9,283854E-1;;
02/12/2021  12:05:22,476858;9,409648E-1;1,031608E-1;1,095173E-1;9,285989E-1;;
02/12/2021  12:05:22,476958;9,401095E-1;1,159040E-1;1,275255E-1;9,288209E-1;;
02/12/2021  12:05:22,477058;9,413850E-1;8,500172E-2;1,313166E-1;9,290514E-1;;
02/12/2021  12:05:22,477158;9,426815E-1;1,009307E-1;1,164678E-1;9,292906E-1;;
02/12/2021  12:05:22,477258;9,427470E-1;8,850610E-2;1,041465E-1;9,295386E-1;;
02/12/2021  12:05:22,477358;9,431523E-1;9,678918E-2;1,076217E-1;9,297957E-1;;
02/12/2021  12:05:22,477458;9,426904E-1;1,088952E-1;1,231024E-1;9,300619E-1;;
02/12/2021  12:05:22,477558;9,431851E-1;1,219570E-1;1,281573E-1;9,303372E-1;;
02/12/2021  12:05:22,477658;9,442670E-1;7,894870E-2;1,512204E-1;9,306215E-1;;
02/12/2021  12:05:22,477758;9,448779E-1;1,130368E-1;1,193112E-1;9,309147E-1;;
02/12/2021  12:05:22,477858;9,444518E-1;1,073023E-1;1,265777E-1;9,312168E-1;;
02/12/2021  12:05:22,477958;9,438110E-1;9,455912E-2;1,142563E-1;9,315276E-1;;
02/12/2021  12:05:22,478058;9,447081E-1;8,691320E-2;9,940750E-2;9,318469E-1;;
02/12/2021  12:05:22,478158;9,456528E-1;7,576290E-2;1,016190E-1;9,321741E-1;;
02/12/2021  12:05:22,478258;9,459836E-1;9,296622E-2;1,016190E-1;9,325090E-1;;
02/12/2021  12:05:22,478358;9,458614E-1;9,901924E-2;1,174156E-1;9,328514E-1;;
02/12/2021  12:05:22,478458;9,460373E-1;1,063466E-1;1,189953E-1;9,332008E-1;;
02/12/2021  12:05:22,478558;9,467496E-1;8,532030E-2;9,530039E-2;9,335569E-1;;
02/12/2021  12:05:22,478658;9,481384E-1;1,069837E-1;1,268936E-1;9,339193E-1;;
02/12/2021  12:05:22,478758;9,482963E-1;1,311958E-1;1,452176E-1;9,342878E-1;;
02/12/2021  12:05:22,478858;9,477509E-1;1,229127E-1;1,325804E-1;9,346621E-1;;
02/12/2021  12:05:22,478958;9,472056E-1;-3,510294E-2;8,367190E-4;9,350420E-1;;
02/12/2021  12:05:22,479058;9,483321E-1;1,315144E-1;1,452176E-1;9,354269E-1;;
02/12/2021  12:05:22,479158;9,485139E-1;1,595494E-1;1,467973E-1;9,358164E-1;;
02/12/2021  12:05:22,479258;9,486838E-1;1,773899E-1;1,534319E-1;9,362099E-1;;
02/12/2021  12:05:22,479358;9,488179E-1;1,697440E-1;1,458495E-1;9,366070E-1;;
02/12/2021  12:05:22,479458;9,482367E-1;1,069837E-1;1,521681E-1;9,370072E-1;;
02/12/2021  12:05:22,479558;9,500935E-1;1,528593E-1;1,455336E-1;9,374100E-1;;
02/12/2021  12:05:22,479658;9,497448E-1;1,608238E-1;1,546956E-1;9,378148E-1;;
02/12/2021  12:05:22,479758;9,498491E-1;1,534964E-1;1,480610E-1;9,382212E-1;;
02/12/2021  12:05:22,479858;9,501560E-1;1,493549E-1;1,366875E-1;9,386287E-1;;
02/12/2021  12:05:22,479958;9,497507E-1;9,328480E-2;1,114129E-1;9,390370E-1;;
02/12/2021  12:05:22,480058;9,510740E-1;1,270543E-1;1,319485E-1;9,394455E-1;;
02/12/2021  12:05:22,480158;9,519263E-1;1,264171E-1;1,284732E-1;9,398538E-1;;
02/12/2021  12:05:22,480258;9,524181E-1;1,165411E-1;1,281573E-1;9,402616E-1;;
02/12/2021  12:05:22,480358;9,517118E-1;1,197269E-1;1,319485E-1;9,406687E-1;;
02/12/2021  12:05:22,480458;9,529456E-1;1,270543E-1;1,281573E-1;9,410750E-1;;
02/12/2021  12:05:22,480558;9,535357E-1;1,506292E-1;1,401627E-1;9,414802E-1;;
02/12/2021  12:05:22,480658;9,538367E-1;1,206827E-1;1,221546E-1;9,418841E-1;;
02/12/2021  12:05:22,480758;9,540424E-1;1,257800E-1;1,221546E-1;9,422869E-1;;
02/12/2021  12:05:22,480858;9,534910E-1;1,111253E-1;9,340479E-2;9,426882E-1;;
02/12/2021  12:05:22,480958;9,535804E-1;1,350188E-1;1,360556E-1;9,430880E-1;;
02/12/2021  12:05:22,481058;9,544030E-1;1,401161E-1;1,543797E-1;9,434860E-1;;
02/12/2021  12:05:22,481158;9,547964E-1;1,474434E-1;1,515363E-1;9,438819E-1;;
02/12/2021  12:05:22,481258;9,541437E-1;1,372488E-1;1,341600E-1;9,442756E-1;;
02/12/2021  12:05:22,481358;9,538635E-1;1,270543E-1;1,284732E-1;9,446668E-1;;
02/12/2021  12:05:22,481458;9,537741E-1;1,273729E-1;1,035146E-1;9,450552E-1;;
02/12/2021  12:05:22,481558;9,546474E-1;1,133553E-1;1,259458E-1;9,454402E-1;;
02/12/2021  12:05:22,481658;9,542391E-1;1,200455E-1;1,167838E-1;9,458216E-1;;
02/12/2021  12:05:22,481758;9,539530E-1;1,292843E-1;1,376353E-1;9,461990E-1;;
02/12/2021  12:05:22,481858;9,534046E-1;1,391603E-1;1,344760E-1;9,465718E-1;;
02/12/2021  12:05:22,481958;9,542271E-1;1,254614E-1;1,095173E-1;9,469397E-1;;
02/12/2021  12:05:22,482058;9,546563E-1;1,321516E-1;1,291051E-1;9,473021E-1;;
02/12/2021  12:05:22,482158;9,548768E-1;9,169190E-2;8,866581E-2;9,476586E-1;;
02/12/2021  12:05:22,482258;9,540215E-1;1,321516E-1;1,366875E-1;9,480091E-1;;
02/12/2021  12:05:22,482358;9,540513E-1;1,286472E-1;1,234183E-1;9,483531E-1;;
02/12/2021  12:05:22,482458;9,552106E-1;1,216384E-1;1,265777E-1;9,486903E-1;;
02/12/2021  12:05:22,482558;9,555176E-1;1,254614E-1;1,407946E-1;9,490205E-1;;
02/12/2021  12:05:22,482658;9,555623E-1;1,372488E-1;1,392149E-1;9,493434E-1;;
02/12/2021  12:05:22,482758;9,545192E-1;1,190898E-1;9,940750E-2;9,496590E-1;;
02/12/2021  12:05:22,482858;9,536639E-1;1,050723E-1;1,385831E-1;9,499671E-1;;
02/12/2021  12:05:22,482958;9,543791E-1;1,299215E-1;1,467973E-1;9,502673E-1;;
02/12/2021  12:05:22,483058;9,545043E-1;1,359745E-1;1,366875E-1;9,505593E-1;;
02/12/2021  12:05:22,483158;9,541020E-1;1,225942E-1;1,385831E-1;9,508427E-1;;
02/12/2021  12:05:22,483258;9,534135E-1;1,165411E-1;1,142563E-1;9,511174E-1;;
02/12/2021  12:05:22,483358;9,532168E-1;4,135626E-2;4,854245E-2;9,513829E-1;;
02/12/2021  12:05:22,483458;9,537950E-1;1,429833E-1;1,534319E-1;9,516389E-1;;
02/12/2021  12:05:22,483558;9,539708E-1;1,385232E-1;1,376353E-1;9,518851E-1;;
02/12/2021  12:05:22,483658;9,537294E-1;1,388417E-1;1,455336E-1;9,521212E-1;;
02/12/2021  12:05:22,483758;9,527519E-1;1,276914E-1;1,291051E-1;9,523472E-1;;
02/12/2021  12:05:22,483858;9,523466E-1;1,283286E-1;1,237343E-1;9,525628E-1;;
02/12/2021  12:05:22,483958;9,535208E-1;1,213198E-1;1,104651E-1;9,527676E-1;;
02/12/2021  12:05:22,484058;9,526446E-1;1,372488E-1;1,366875E-1;9,529616E-1;;
02/12/2021  12:05:22,484158;9,525612E-1;1,366117E-1;1,442698E-1;9,531444E-1;;
02/12/2021  12:05:22,484258;9,520843E-1;1,079395E-1;1,193112E-1;9,533161E-1;;
02/12/2021  12:05:22,484358;9,521856E-1;1,260985E-1;1,231024E-1;9,534764E-1;;
02/12/2021  12:05:22,484458;9,525880E-1;1,579565E-1;1,641736E-1;9,536253E-1;;
02/12/2021  12:05:22,484558;9,518608E-1;1,337445E-1;1,347919E-1;9,537626E-1;;
02/12/2021  12:05:22,484658;9,511366E-1;1,353374E-1;1,174156E-1;9,538884E-1;;
02/12/2021  12:05:22,484758;9,496196E-1;1,410718E-1;1,562753E-1;9,540025E-1;;
02/12/2021  12:05:22,484858;9,497418E-1;1,394789E-1;1,423743E-1;9,541046E-1;;
02/12/2021  12:05:22,484958;9,491994E-1;9,806350E-2;1,047783E-1;9,541945E-1;;
02/12/2021  12:05:22,485058;9,487225E-1;1,229127E-1;1,272095E-1;9,542717E-1;;
02/12/2021  12:05:22,485158;9,479715E-1;1,219570E-1;1,152041E-1;9,543360E-1;;
02/12/2021  12:05:22,485258;9,468420E-1;1,624167E-1;1,569071E-1;9,543870E-1;;
02/12/2021  12:05:22,485358;9,465320E-1;1,483991E-1;1,480610E-1;9,544243E-1;;
02/12/2021  12:05:22,485458;9,466274E-1;5,951532E-2;6,970989E-2;9,544474E-1;;
02/12/2021  12:05:22,485558;9,454800E-1;1,245056E-1;9,624818E-2;9,544561E-1;;
02/12/2021  12:05:22,485658;9,452922E-1;1,362931E-1;1,379512E-1;9,544499E-1;;
02/12/2021  12:05:22,485758;9,441150E-1;1,458505E-1;1,379512E-1;9,544286E-1;;
02/12/2021  12:05:22,485858;9,443653E-1;4,868360E-2;5,802041E-2;9,543919E-1;;
02/12/2021  12:05:22,485958;9,447796E-1;1,292843E-1;1,370034E-1;9,543395E-1;;
02/12/2021  12:05:22,486058;9,437007E-1;1,296029E-1;1,268936E-1;9,542714E-1;;
02/12/2021  12:05:22,486158;9,436381E-1;1,509478E-1;1,483770E-1;9,541875E-1;;
02/12/2021  12:05:22,486258;9,429258E-1;1,356559E-1;1,310007E-1;9,540879E-1;;
02/12/2021  12:05:22,486358;9,426487E-1;1,136739E-1;1,136244E-1;9,539726E-1;;
02/12/2021  12:05:22,486458;9,428036E-1;1,152668E-1;1,224705E-1;9,538417E-1;;
02/12/2021  12:05:22,486558;9,419096E-1;1,254614E-1;1,284732E-1;9,536956E-1;;
02/12/2021  12:05:22,486658;9,412718E-1;1,305587E-1;1,328963E-1;9,535342E-1;;
02/12/2021  12:05:22,486758;9,394419E-1;1,331073E-1;1,265777E-1;9,533579E-1;;
02/12/2021  12:05:22,486858;9,392839E-1;1,362931E-1;1,310007E-1;9,531666E-1;;
02/12/2021  12:05:22,486958;9,385090E-1;1,327887E-1;1,452176E-1;9,529603E-1;;
02/12/2021  12:05:22,487058;9,377729E-1;1,691068E-1;1,572231E-1;9,527390E-1;;
02/12/2021  12:05:22,487158;9,361725E-1;1,302401E-1;1,376353E-1;9,525027E-1;;
02/12/2021  12:05:22,487258;9,350519E-1;1,254614E-1;1,262617E-1;9,522512E-1;;
02/12/2021  12:05:22,487358;9,353142E-1;1,088952E-1;1,006712E-1;9,519843E-1;;
02/12/2021  12:05:22,487458;9,350489E-1;1,445762E-1;1,423743E-1;9,517019E-1;;
02/12/2021  12:05:22,487558;9,344081E-1;1,487177E-1;1,379512E-1;9,514041E-1;;
02/12/2021  12:05:22,487658;9,328792E-1;1,225942E-1;1,205749E-1;9,510909E-1;;
02/12/2021  12:05:22,487758;9,319941E-1;9,678918E-2;1,240502E-1;9,507622E-1;;
02/12/2021  12:05:22,487858;9,320865E-1;1,331073E-1;1,622780E-1;9,504182E-1;;
02/12/2021  12:05:22,487958;9,318689E-1;1,280100E-1;1,351078E-1;9,500589E-1;;
02/12/2021  12:05:22,488058;9,316663E-1;1,235499E-1;1,215227E-1;9,496845E-1;;
02/12/2021  12:05:22,488158;9,307841E-1;1,276914E-1;1,212068E-1;9,492953E-1;;
02/12/2021  12:05:22,488258;9,305755E-1;1,544522E-1;1,388990E-1;9,488917E-1;;
02/12/2021  12:05:22,488358;9,309748E-1;1,388417E-1;1,423743E-1;9,484741E-1;;
02/12/2021  12:05:22,488458;9,304533E-1;1,413904E-1;1,249980E-1;9,480430E-1;;
02/12/2021  12:05:22,488558;9,299794E-1;1,280100E-1;1,287892E-1;9,475993E-1;;
02/12/2021  12:05:22,488658;9,281108E-1;1,184526E-1;1,265777E-1;9,471434E-1;;
02/12/2021  12:05:22,488758;9,282687E-1;1,302401E-1;1,237343E-1;9,466761E-1;;
02/12/2021  12:05:22,488858;9,280512E-1;1,359745E-1;1,322644E-1;9,461977E-1;;
02/12/2021  12:05:22,488958;9,282955E-1;1,229127E-1;1,186794E-1;9,457088E-1;;
02/12/2021  12:05:22,489058;9,274342E-1;1,098510E-1;1,167838E-1;9,452103E-1;;
02/12/2021  12:05:22,489158;9,268412E-1;1,506292E-1;1,461654E-1;9,447027E-1;;
02/12/2021  12:05:22,489258;9,264776E-1;1,525407E-1;1,452176E-1;9,441868E-1;;
02/12/2021  12:05:22,489358;9,271571E-1;1,337445E-1;1,433221E-1;9,436633E-1;;
02/12/2021  12:05:22,489458;9,276399E-1;1,197269E-1;1,142563E-1;9,431330E-1;;
02/12/2021  12:05:22,489558;9,264805E-1;1,350188E-1;1,328963E-1;9,425968E-1;;
02/12/2021  12:05:22,489658;9,258636E-1;1,104881E-1;9,435259E-2;9,420557E-1;;
02/12/2021  12:05:22,489758;9,259620E-1;1,324701E-1;1,313166E-1;9,415106E-1;;
02/12/2021  12:05:22,489858;9,271630E-1;1,410718E-1;1,622780E-1;9,409624E-1;;
02/12/2021  12:05:22,489958;9,270349E-1;1,178155E-1;1,240502E-1;9,404120E-1;;
02/12/2021  12:05:22,490058;9,272673E-1;1,410718E-1;1,411105E-1;9,398605E-1;;
02/12/2021  12:05:22,490158;9,262421E-1;1,200455E-1;1,249980E-1;9,393093E-1;;
02/12/2021  12:05:22,490258;9,272673E-1;7,193994E-2;7,223735E-2;9,387593E-1;;
02/12/2021  12:05:22,490358;9,277472E-1;1,057094E-1;9,751191E-2;9,382116E-1;;
02/12/2021  12:05:22,490458;9,275117E-1;1,018865E-1;9,940750E-2;9,376675E-1;;
02/12/2021  12:05:22,490558;9,259322E-1;1,197269E-1;1,215227E-1;9,371282E-1;;
02/12/2021  12:05:22,490658;9,255537E-1;1,104881E-1;1,186794E-1;9,365944E-1;;
02/12/2021  12:05:22,490758;9,259173E-1;9,360338E-2;9,119327E-2;9,360671E-1;;
02/12/2021  12:05:22,490858;9,255537E-1;1,073023E-1;1,152041E-1;9,355469E-1;;
02/12/2021  12:05:22,490958;9,253749E-1;7,894870E-2;9,182514E-2;9,350345E-1;;
02/12/2021  12:05:22,491058;9,246268E-1;1,101695E-1;1,177316E-1;9,345304E-1;;
02/12/2021  12:05:22,491158;9,238191E-1;9,615202E-2;1,085695E-1;9,340351E-1;;
02/12/2021  12:05:22,491258;9,250470E-1;1,066652E-1;1,243661E-1;9,335489E-1;;
02/12/2021  12:05:22,491358;9,250172E-1;1,063466E-1;1,313166E-1;9,330722E-1;;
02/12/2021  12:05:22,491458;9,242543E-1;1,088952E-1;1,142563E-1;9,326055E-1;;
02/12/2021  12:05:22,491558;9,236165E-1;5,038138E-3;6,054787E-2;9,321491E-1;;
02/12/2021  12:05:22,491658;9,228416E-1;1,006121E-1;1,370034E-1;9,317032E-1;;
02/12/2021  12:05:22,491758;9,233483E-1;7,066562E-2;8,677022E-2;9,312678E-1;;
02/12/2021  12:05:22,491858;9,233423E-1;8,468314E-2;1,123607E-1;9,308431E-1;;
02/12/2021  12:05:22,491958;9,233125E-1;1,015679E-1;1,126766E-1;9,304291E-1;;
02/12/2021  12:05:22,492058;9,222932E-1;6,206396E-2;8,424277E-2;9,300258E-1;;
02/12/2021  12:05:22,492158;9,219088E-1;1,270543E-1;1,881844E-1;9,296333E-1;;
02/12/2021  12:05:22,492258;9,226181E-1;1,251428E-1;1,606983E-1;9,292515E-1;;
02/12/2021  12:05:22,492358;9,226717E-1;1,356559E-1;1,388990E-1;9,288802E-1;;
02/12/2021  12:05:22,492458;9,212322E-1;1,321516E-1;1,834454E-1;9,285194E-1;;
02/12/2021  12:05:22,492558;9,200401E-1;1,404346E-1;1,268936E-1;9,281690E-1;;
02/12/2021  12:05:22,492658;9,195633E-1;1,719741E-1;1,806020E-1;9,278285E-1;;
02/12/2021  12:05:22,492758;9,196974E-1;1,452133E-1;1,107811E-1;9,274974E-1;;
02/12/2021  12:05:22,492858;9,190507E-1;1,649653E-1;1,480610E-1;9,271752E-1;;
02/12/2021  12:05:22,492958;9,189165E-1;1,700626E-1;1,692285E-1;9,268613E-1;;
02/12/2021  12:05:22,493058;9,172774E-1;1,576380E-1;1,537478E-1;9,265553E-1;;
02/12/2021  12:05:22,493158;9,169853E-1;1,512664E-1;1,499566E-1;9,262564E-1;;
02/12/2021  12:05:22,493258;9,177423E-1;1,257800E-1;1,196272E-1;9,259640E-1;;
02/12/2021  12:05:22,493358;9,178019E-1;1,213198E-1;1,234183E-1;9,256773E-1;;
02/12/2021  12:05:22,493458;9,172565E-1;1,178155E-1;1,281573E-1;9,253960E-1;;
02/12/2021  12:05:22,493558;9,166605E-1;1,088952E-1;1,578549E-1;9,251196E-1;;
02/12/2021  12:05:22,493658;9,170390E-1;1,340630E-1;1,303688E-1;9,248476E-1;;
02/12/2021  12:05:22,493758;9,182043E-1;1,515849E-1;1,629098E-1;9,245798E-1;;
02/12/2021  12:05:22,493858;9,187467E-1;1,053908E-1;1,215227E-1;9,243159E-1;;
02/12/2021  12:05:22,493958;9,183950E-1;9,806350E-2;9,435259E-2;9,240560E-1;;
02/12/2021  12:05:22,494058;9,179330E-1;8,946184E-2;1,180475E-1;9,238003E-1;;
02/12/2021  12:05:22,494158;9,194500E-1;1,190898E-1;1,164678E-1;9,235488E-1;;
02/12/2021  12:05:22,494258;9,208865E-1;1,241871E-1;1,227865E-1;9,233018E-1;;
02/12/2021  12:05:22,494358;9,208835E-1;1,633724E-1;2,071403E-1;9,230598E-1;;
02/12/2021  12:05:22,494458;9,205408E-1;1,331073E-1;1,351078E-1;9,228235E-1;;
02/12/2021  12:05:22,494558;9,202785E-1;1,343816E-1;1,310007E-1;9,225933E-1;;
02/12/2021  12:05:22,494658;9,210713E-1;1,079395E-1;1,212068E-1;9,223698E-1;;
02/12/2021  12:05:22,494758;9,218909E-1;1,841850E-2;5,644075E-2;9,221535E-1;;
02/12/2021  12:05:22,494858;9,217776E-1;1,264171E-1;1,306848E-1;9,219448E-1;;
02/12/2021  12:05:22,494958;9,218223E-1;1,200455E-1;1,265777E-1;9,217444E-1;;
02/12/2021  12:05:22,495058;9,222813E-1;1,127182E-1;1,158360E-1;9,215528E-1;;
02/12/2021  12:05:22,495158;9,233393E-1;1,531778E-1;1,543797E-1;9,213704E-1;;
02/12/2021  12:05:22,495258;9,244748E-1;1,340630E-1;1,287892E-1;9,211980E-1;;
02/12/2021  12:05:22,495358;9,248712E-1;1,308772E-1;1,221546E-1;9,210361E-1;;
02/12/2021  12:05:22,495458;9,249040E-1;1,050723E-1;1,338441E-1;9,208855E-1;;
02/12/2021  12:05:22,495558;9,254434E-1;1,111253E-1;1,212068E-1;9,207470E-1;;
02/12/2021  12:05:22,495658;9,262987E-1;1,149482E-1;1,164678E-1;9,206212E-1;;
02/12/2021  12:05:22,495758;9,272137E-1;1,225942E-1;1,467973E-1;9,205087E-1;;
02/12/2021  12:05:22,495858;9,273091E-1;1,388417E-1;1,275255E-1;9,204102E-1;;
02/12/2021  12:05:22,495958;9,275296E-1;1,283286E-1;1,366875E-1;9,203263E-1;;
02/12/2021  12:05:22,496058;9,274760E-1;9,838208E-2;1,035146E-1;9,202577E-1;;
02/12/2021  12:05:22,496158;9,290555E-1;7,671864E-2;8,708615E-2;9,202047E-1;;
02/12/2021  12:05:22,496258;9,296426E-1;1,324701E-1;1,360556E-1;9,201677E-1;;
02/12/2021  12:05:22,496358;9,299407E-1;1,041165E-1;1,126766E-1;9,201473E-1;;
02/12/2021  12:05:22,496458;9,292612E-1;1,085766E-1;1,107811E-1;9,201438E-1;;
02/12/2021  12:05:22,496558;9,296516E-1;9,105474E-2;8,645429E-2;9,201575E-1;;
02/12/2021  12:05:22,496658;9,301493E-1;1,557265E-1;1,742834E-1;9,201885E-1;;
02/12/2021  12:05:22,496758;9,306202E-1;1,069837E-1;1,066739E-1;9,202367E-1;;
02/12/2021  12:05:22,496858;9,314338E-1;1,117624E-1;1,196272E-1;9,203021E-1;;
02/12/2021  12:05:22,496958;9,316275E-1;1,235499E-1;1,306848E-1;9,203848E-1;;
02/12/2021  12:05:22,497058;9,322653E-1;1,254614E-1;1,505885E-1;9,204846E-1;;
02/12/2021  12:05:22,497158;9,336571E-1;1,203641E-1;1,319485E-1;9,206016E-1;;
02/12/2021  12:05:22,497258;9,340893E-1;1,123996E-1;1,177316E-1;9,207357E-1;;
02/12/2021  12:05:22,497358;9,347896E-1;1,308772E-1;1,341600E-1;9,208870E-1;;
02/12/2021  12:05:22,497458;9,347479E-1;1,174969E-1;1,224705E-1;9,210554E-1;;
02/12/2021  12:05:22,497558;9,353857E-1;1,420275E-1;1,205749E-1;9,212410E-1;;
02/12/2021  12:05:22,497658;9,369295E-1;1,251428E-1;1,218387E-1;9,214436E-1;;
02/12/2021  12:05:22,497758;9,384643E-1;1,229127E-1;1,268936E-1;9,216631E-1;;
02/12/2021  12:05:22,497858;9,388697E-1;1,235499E-1;1,338441E-1;9,218997E-1;;
02/12/2021  12:05:22,497958;9,393495E-1;1,471248E-1;1,613302E-1;9,221536E-1;;
02/12/2021  12:05:22,498058;9,405505E-1;1,225942E-1;1,170997E-1;9,224247E-1;;
02/12/2021  12:05:22,498158;9,425056E-1;7,926728E-2;1,066739E-1;9,227132E-1;;
02/12/2021  12:05:22,498258;9,432686E-1;1,108067E-1;1,158360E-1;9,230194E-1;;
02/12/2021  12:05:22,498358;9,439451E-1;1,260985E-1;1,284732E-1;9,233435E-1;;
02/12/2021  12:05:22,498458;9,439123E-1;3,084312E-2;8,076751E-2;9,236856E-1;;
02/12/2021  12:05:22,498558;9,454144E-1;1,104881E-1;1,164678E-1;9,240460E-1;;
02/12/2021  12:05:22,498658;9,467764E-1;1,101695E-1;1,373193E-1;9,244247E-1;;
02/12/2021  12:05:22,498758;9,471400E-1;1,684697E-1;1,591187E-1;9,248218E-1;;
02/12/2021  12:05:22,498858;9,478821E-1;1,171783E-1;1,199431E-1;9,252373E-1;;
02/12/2021  12:05:22,498958;9,482367E-1;1,181340E-1;1,199431E-1;9,256712E-1;;
02/12/2021  12:05:22,499058;9,490474E-1;1,219570E-1;1,199431E-1;9,261235E-1;;
02/12/2021  12:05:22,499158;9,506389E-1;1,378860E-1;1,284732E-1;9,265939E-1;;
02/12/2021  12:05:22,499258;9,513333E-1;1,254614E-1;1,038306E-1;9,270822E-1;;
02/12/2021  12:05:22,499358;9,511366E-1;1,305587E-1;1,370034E-1;9,275884E-1;;
02/12/2021  12:05:22,499458;9,518042E-1;1,222756E-1;1,208909E-1;9,281121E-1;;
02/12/2021  12:05:22,499558;9,529426E-1;1,095324E-1;9,530039E-2;9,286529E-1;;
02/12/2021  12:05:22,499658;9,537443E-1;1,417090E-1;1,193112E-1;9,292103E-1;;
02/12/2021  12:05:22,499758;9,537384E-1;1,159040E-1;1,095173E-1;9,297840E-1;;
02/12/2021  12:05:22,499858;9,546056E-1;1,248242E-1;1,199431E-1;9,303734E-1;;
02/12/2021  12:05:22,499958;9,548888E-1;1,165411E-1;1,107811E-1;9,309779E-1;;
02/12/2021  12:05:22,500058;9,561733E-1;1,423461E-1;1,483770E-1;9,315969E-1;;
02/12/2021  12:05:22,500158;9,575084E-1;1,480806E-1;1,629098E-1;9,322297E-1;;
02/12/2021  12:05:22,500258;9,570554E-1;1,041165E-1;1,180475E-1;9,328758E-1;;
02/12/2021  12:05:22,500358;9,576455E-1;1,063466E-1;9,372073E-2;9,335346E-1;;
02/12/2021  12:05:22,500458;9,565488E-1;1,187712E-1;1,189953E-1;9,342052E-1;;
02/12/2021  12:05:22,500558;9,573058E-1;1,394789E-1;1,505885E-1;9,348868E-1;;
02/12/2021  12:05:22,500658;9,582863E-1;1,260985E-1;1,294210E-1;9,355782E-1;;
02/12/2021  12:05:22,500758;9,584532E-1;1,283286E-1;1,344760E-1;9,362785E-1;;
02/12/2021  12:05:22,500858;9,576515E-1;1,190898E-1;1,199431E-1;9,369865E-1;;
02/12/2021  12:05:22,500958;9,580389E-1;-1,042348E-1;-2,380598E-2;9,377011E-1;;
02/12/2021  12:05:22,501058;9,601520E-1;1,433019E-1;1,528000E-1;9,384210E-1;;
02/12/2021  12:05:22,501158;9,595082E-1;1,260985E-1;1,284732E-1;9,391452E-1;;
02/12/2021  12:05:22,501258;9,595351E-1;1,257800E-1;1,913437E-1;9,398727E-1;;
02/12/2021  12:05:22,501358;9,585009E-1;1,359745E-1;1,322644E-1;9,406023E-1;;
02/12/2021  12:05:22,501458;9,592549E-1;5,091366E-2;8,076751E-2;9,413327E-1;;
02/12/2021  12:05:22,501558;9,599493E-1;1,108067E-1;9,435259E-2;9,420627E-1;;
02/12/2021  12:05:22,501658;9,604411E-1;1,216384E-1;1,218387E-1;9,427910E-1;;
02/12/2021  12:05:22,501758;9,600268E-1;1,512664E-1;1,502726E-1;9,435166E-1;;
02/12/2021  12:05:22,501858;9,597288E-1;1,308772E-1;1,363715E-1;9,442384E-1;;
02/12/2021  12:05:22,501958;9,609686E-1;1,225942E-1;1,177316E-1;9,449552E-1;;
02/12/2021  12:05:22,502058;9,616302E-1;1,366117E-1;1,708081E-1;9,456660E-1;;
02/12/2021  12:05:22,502158;9,618686E-1;1,299215E-1;1,344760E-1;9,463700E-1;;
02/12/2021  12:05:22,502258;9,614663E-1;1,321516E-1;1,139404E-1;9,470663E-1;;
02/12/2021  12:05:22,502358;9,612875E-1;5,537378E-2;8,455870E-2;9,477542E-1;;
02/12/2021  12:05:22,502458;9,617613E-1;1,251428E-1;1,221546E-1;9,484328E-1;;
02/12/2021  12:05:22,502558;9,622292E-1;8,149734E-2;8,108345E-2;9,491014E-1;;
02/12/2021  12:05:22,502658;9,621130E-1;1,289658E-1;1,347919E-1;9,497592E-1;;
02/12/2021  12:05:22,502758;9,619878E-1;1,337445E-1;1,164678E-1;9,504056E-1;;
02/12/2021  12:05:22,502858;9,615855E-1;5,760384E-2;9,561632E-2;9,510400E-1;;
02/12/2021  12:05:22,502958;9,619968E-1;1,359745E-1;1,306848E-1;9,516616E-1;;
02/12/2021  12:05:22,503058;9,632008E-1;7,799296E-2;5,644075E-2;9,522698E-1;;
02/12/2021  12:05:22,503158;9,627001E-1;4,932076E-2;6,275939E-2;9,528641E-1;;
02/12/2021  12:05:22,503258;9,618984E-1;1,324701E-1;1,300529E-1;9,534442E-1;;
02/12/2021  12:05:22,503358;9,614156E-1;1,181340E-1;1,148882E-1;9,540095E-1;;
02/12/2021  12:05:22,503458;9,617345E-1;1,178155E-1;1,426902E-1;9,545595E-1;;
02/12/2021  12:05:22,503558;9,625154E-1;1,025236E-1;1,306848E-1;9,550936E-1;;
02/12/2021  12:05:22,503658;9,615736E-1;1,299215E-1;1,227865E-1;9,556114E-1;;
02/12/2021  12:05:22,503758;9,609537E-1;1,037979E-1;1,126766E-1;9,561126E-1;;
02/12/2021  12:05:22,503858;9,608792E-1;1,076209E-1;1,183634E-1;9,565966E-1;;
02/12/2021  12:05:22,503958;9,614335E-1;8,500172E-2;1,104651E-1;9,570629E-1;;
02/12/2021  12:05:22,504058;9,624796E-1;1,159040E-1;1,249980E-1;9,575114E-1;;
02/12/2021  12:05:22,504158;9,618716E-1;1,079395E-1;1,085695E-1;9,579417E-1;;
02/12/2021  12:05:22,504258;9,611057E-1;1,155854E-1;1,449017E-1;9,583538E-1;;
02/12/2021  12:05:22,504358;9,606914E-1;1,155854E-1;1,215227E-1;9,587477E-1;;
02/12/2021  12:05:22,504458;9,608494E-1;9,870066E-2;1,047783E-1;9,591230E-1;;
02/12/2021  12:05:22,504558;9,608643E-1;1,066652E-1;1,433221E-1;9,594797E-1;;
02/12/2021  12:05:22,504658;9,598301E-1;9,965640E-2;1,050943E-1;9,598177E-1;;
02/12/2021  12:05:22,504758;9,593562E-1;7,640006E-2;1,363715E-1;9,601367E-1;;
02/12/2021  12:05:22,504858;9,587274E-1;9,838208E-2;1,164678E-1;9,604366E-1;;
02/12/2021  12:05:22,504958;9,590642E-1;1,098510E-1;1,158360E-1;9,607172E-1;;
02/12/2021  12:05:22,505058;9,592847E-1;1,117624E-1;1,221546E-1;9,609782E-1;;
02/12/2021  12:05:22,505158;9,583906E-1;9,137332E-2;1,076217E-1;9,612197E-1;;
02/12/2021  12:05:22,505258;9,574608E-1;1,002936E-1;1,016190E-1;9,614415E-1;;
02/12/2021  12:05:22,505358;9,569094E-1;1,321516E-1;1,584868E-1;9,616436E-1;;
02/12/2021  12:05:22,505458;9,567455E-1;1,216384E-1;1,319485E-1;9,618259E-1;;
02/12/2021  12:05:22,505558;9,577141E-1;1,143111E-1;1,227865E-1;9,619881E-1;;
02/12/2021  12:05:22,505658;9,563104E-1;1,296029E-1;1,360556E-1;9,621304E-1;;
02/12/2021  12:05:22,505758;9,567157E-1;1,547707E-1;1,414265E-1;9,622528E-1;;
02/12/2021  12:05:22,505858;9,560868E-1;1,464877E-1;1,167838E-1;9,623555E-1;;
02/12/2021  12:05:22,505958;9,569988E-1;1,570008E-1;1,436380E-1;9,624387E-1;;
02/12/2021  12:05:22,506058;9,570048E-1;1,627352E-1;1,411105E-1;9,625027E-1;;
02/12/2021  12:05:22,506158;9,559796E-1;1,656025E-1;1,667010E-1;9,625480E-1;;
02/12/2021  12:05:22,506258;9,553239E-1;1,824872E-1;1,619620E-1;9,625750E-1;;
02/12/2021  12:05:22,506358;9,549156E-1;1,761156E-1;1,622780E-1;9,625842E-1;;
02/12/2021  12:05:22,506458;9,557322E-1;1,624167E-1;1,540637E-1;9,625757E-1;;
02/12/2021  12:05:22,506558;9,558544E-1;1,420275E-1;1,376353E-1;9,625502E-1;;
02/12/2021  12:05:22,506658;9,550884E-1;1,662396E-1;1,619620E-1;9,625082E-1;;
02/12/2021  12:05:22,506758;9,541318E-1;1,267357E-1;1,114129E-1;9,624502E-1;;
02/12/2021  12:05:22,506858;9,543553E-1;1,235499E-1;1,249980E-1;9,623769E-1;;
02/12/2021  12:05:22,506958;9,541288E-1;4,326774E-2;1,107811E-1;9,622886E-1;;
02/12/2021  12:05:22,507058;9,543613E-1;1,429833E-1;1,461654E-1;9,621858E-1;;
02/12/2021  12:05:22,507158;9,533509E-1;1,289658E-1;1,066739E-1;9,620693E-1;;
02/12/2021  12:05:22,507258;9,527131E-1;1,088952E-1;1,212068E-1;9,619395E-1;;
02/12/2021  12:05:22,507358;9,531542E-1;1,267357E-1;1,294210E-1;9,617968E-1;;
02/12/2021  12:05:22,507458;9,533569E-1;1,589123E-1;1,708081E-1;9,616419E-1;;
02/12/2021  12:05:22,507558;9,532317E-1;1,483991E-1;1,436380E-1;9,614753E-1;;
02/12/2021  12:05:22,507658;9,521797E-1;1,359745E-1;1,294210E-1;9,612977E-1;;
02/12/2021  12:05:22,507758;9,517267E-1;1,194084E-1;1,316326E-1;9,611096E-1;;
02/12/2021  12:05:22,507858;9,525761E-1;1,334259E-1;1,338441E-1;9,609116E-1;;
02/12/2021  12:05:22,507958;9,522691E-1;1,216384E-1;1,221546E-1;9,607043E-1;;
02/12/2021  12:05:22,508058;9,517922E-1;1,353374E-1;1,436380E-1;9,604883E-1;;
02/12/2021  12:05:22,508158;9,507193E-1;1,254614E-1;1,205749E-1;9,602642E-1;;
02/12/2021  12:05:22,508258;9,489103E-1;1,280100E-1;1,265777E-1;9,600325E-1;;
02/12/2021  12:05:22,508358;9,485825E-1;1,308772E-1;1,376353E-1;9,597934E-1;;
02/12/2021  12:05:22,508458;9,488686E-1;1,397975E-1;1,278414E-1;9,595470E-1;;
02/12/2021  12:05:22,508558;9,473903E-1;1,289658E-1;1,281573E-1;9,592934E-1;;
02/12/2021  12:05:22,508658;9,459210E-1;1,009307E-1;1,063580E-1;9,590327E-1;;
02/12/2021  12:05:22,508758;9,440911E-1;1,318330E-1;1,325804E-1;9,587646E-1;;
02/12/2021  12:05:22,508858;9,439958E-1;1,327887E-1;1,322644E-1;9,584890E-1;;
02/12/2021  12:05:22,508958;9,436918E-1;1,327887E-1;1,546956E-1;9,582053E-1;;
02/12/2021  12:05:22,509058;9,423864E-1;1,232313E-1;1,177316E-1;9,579132E-1;;
02/12/2021  12:05:22,509158;9,403389E-1;1,375674E-1;1,622780E-1;9,576123E-1;;
02/12/2021  12:05:22,509258;9,391945E-1;1,429833E-1;1,894481E-1;9,573020E-1;;
02/12/2021  12:05:22,509358;9,387683E-1;1,025236E-1;1,123607E-1;9,569817E-1;;
02/12/2021  12:05:22,509458;9,387743E-1;1,184526E-1;1,231024E-1;9,566508E-1;;
02/12/2021  12:05:22,509558;9,372722E-1;1,178155E-1;1,167838E-1;9,563086E-1;;
02/12/2021  12:05:22,509658;9,367030E-1;1,477620E-1;1,553275E-1;9,559549E-1;;
02/12/2021  12:05:22,509758;9,363483E-1;1,366117E-1;1,357397E-1;9,555890E-1;;
02/12/2021  12:05:22,509858;9,369354E-1;1,439390E-1;1,638576E-1;9,552108E-1;;
02/12/2021  12:05:22,509958;9,366016E-1;1,206827E-1;1,227865E-1;9,548200E-1;;
02/12/2021  12:05:22,510058;9,363573E-1;1,225942E-1;1,310007E-1;9,544169E-1;;
02/12/2021  12:05:22,510158;9,349029E-1;1,350188E-1;1,265777E-1;9,540016E-1;;
02/12/2021  12:05:22,510258;9,343724E-1;1,210013E-1;1,237343E-1;9,535742E-1;;
02/12/2021  12:05:22,510358;9,349506E-1;1,108067E-1;1,246821E-1;9,531350E-1;;
02/12/2021  12:05:22,510458;9,349595E-1;1,174969E-1;1,240502E-1;9,526843E-1;;
02/12/2021  12:05:22,510558;9,341936E-1;1,292843E-1;1,338441E-1;9,522225E-1;;
02/12/2021  12:05:22,510658;9,332488E-1;1,318330E-1;1,275255E-1;9,517503E-1;;
02/12/2021  12:05:22,510758;9,328375E-1;5,792242E-2;1,003553E-1;9,512680E-1;;
02/12/2021  12:05:22,510858;9,334336E-1;1,841850E-2;8,139938E-2;9,507762E-1;;
02/12/2021  12:05:22,510958;9,339045E-1;1,139925E-1;1,328963E-1;9,502755E-1;;
02/12/2021  12:05:22,511058;9,324352E-1;1,289658E-1;1,322644E-1;9,497667E-1;;
02/12/2021  12:05:22,511158;9,319136E-1;1,382046E-1;1,613302E-1;9,492506E-1;;
02/12/2021  12:05:22,511258;9,320656E-1;1,353374E-1;1,319485E-1;9,487278E-1;;
02/12/2021  12:05:22,511358;9,327928E-1;6,461260E-2;8,550650E-2;9,481992E-1;;
02/12/2021  12:05:22,511458;9,335141E-1;1,267357E-1;1,300529E-1;9,476655E-1;;
02/12/2021  12:05:22,511558;9,327690E-1;1,219570E-1;1,313166E-1;9,471279E-1;;
02/12/2021  12:05:22,511658;9,325872E-1;1,503106E-1;1,581709E-1;9,465874E-1;;
02/12/2021  12:05:22,511758;9,329627E-1;1,225942E-1;1,256299E-1;9,460452E-1;;
02/12/2021  12:05:22,511858;9,341667E-1;1,028422E-1;7,981972E-2;9,455024E-1;;
02/12/2021  12:05:22,511958;9,342860E-1;1,340630E-1;1,303688E-1;9,449601E-1;;
02/12/2021  12:05:22,512058;9,337018E-1;1,372488E-1;1,208909E-1;9,444198E-1;;
02/12/2021  12:05:22,512158;9,334127E-1;1,088952E-1;1,114129E-1;9,438826E-1;;
02/12/2021  12:05:22,512258;9,334485E-1;1,139925E-1;9,498445E-2;9,433499E-1;;
02/12/2021  12:05:22,512358;9,340296E-1;6,365686E-2;8,898175E-2;9,428226E-1;;
02/12/2021  12:05:22,512458;9,337942E-1;1,206827E-1;1,243661E-1;9,423018E-1;;
02/12/2021  12:05:22,512558;9,330521E-1;1,079395E-1;1,174156E-1;9,417886E-1;;
02/12/2021  12:05:22,512658;9,315828E-1;1,299215E-1;1,303688E-1;9,412838E-1;;
02/12/2021  12:05:22,512758;9,320060E-1;1,366117E-1;1,458495E-1;9,407881E-1;;
02/12/2021  12:05:22,512858;9,329478E-1;1,104881E-1;1,145722E-1;9,403020E-1;;
02/12/2021  12:05:22,512958;9,326706E-1;1,206827E-1;1,164678E-1;9,398260E-1;;
02/12/2021  12:05:22,513058;9,315649E-1;1,181340E-1;1,246821E-1;9,393608E-1;;
02/12/2021  12:05:22,513158;9,306351E-1;1,232313E-1;1,234183E-1;9,389068E-1;;
02/12/2021  12:05:22,513258;9,312937E-1;1,203641E-1;1,218387E-1;9,384641E-1;;
02/12/2021  12:05:22,513358;9,312878E-1;1,362931E-1;1,654373E-1;9,380331E-1;;
02/12/2021  12:05:22,513458;9,313891E-1;9,424054E-2;8,834988E-2;9,376137E-1;;
02/12/2021  12:05:22,513558;9,306530E-1;1,213198E-1;1,234183E-1;9,372063E-1;;
02/12/2021  12:05:22,513658;9,296039E-1;1,324701E-1;1,319485E-1;9,368110E-1;;
02/12/2021  12:05:22,513758;9,301791E-1;1,251428E-1;1,259458E-1;9,364276E-1;;
02/12/2021  12:05:22,513858;9,307185E-1;1,213198E-1;1,300529E-1;9,360561E-1;;
02/12/2021  12:05:22,513958;9,302298E-1;1,283286E-1;1,284732E-1;9,356964E-1;;
02/12/2021  12:05:22,514058;9,291926E-1;1,315144E-1;1,483770E-1;9,353486E-1;;
02/12/2021  12:05:22,514158;9,282240E-1;1,257800E-1;1,215227E-1;9,350124E-1;;
02/12/2021  12:05:22,514258;9,280690E-1;1,480806E-1;2,052447E-1;9,346875E-1;;
02/12/2021  12:05:22,514358;9,282806E-1;1,216384E-1;1,256299E-1;9,343734E-1;;
02/12/2021  12:05:22,514458;9,283224E-1;1,222756E-1;1,268936E-1;9,340697E-1;;
02/12/2021  12:05:22,514558;9,263286E-1;1,334259E-1;1,332122E-1;9,337760E-1;;
02/12/2021  12:05:22,514658;9,265670E-1;1,270543E-1;1,420583E-1;9,334917E-1;;
02/12/2021  12:05:22,514758;9,262958E-1;1,098510E-1;1,183634E-1;9,332163E-1;;
02/12/2021  12:05:22,514858;9,264776E-1;1,296029E-1;1,297370E-1;9,329490E-1;;
02/12/2021  12:05:22,514958;9,251782E-1;1,324701E-1;2,017695E-1;9,326894E-1;;
02/12/2021  12:05:22,515058;9,237595E-1;1,203641E-1;1,073058E-1;9,324368E-1;;
02/12/2021  12:05:22,515158;9,233959E-1;1,210013E-1;1,174156E-1;9,321903E-1;;
02/12/2021  12:05:22,515258;9,239771E-1;1,187712E-1;1,231024E-1;9,319491E-1;;
02/12/2021  12:05:22,515358;9,235300E-1;1,337445E-1;1,363715E-1;9,317124E-1;;
02/12/2021  12:05:22,515458;9,231456E-1;1,305587E-1;1,458495E-1;9,314795E-1;;
02/12/2021  12:05:22,515558;9,230115E-1;8,786894E-2;9,719598E-2;9,312497E-1;;
02/12/2021  12:05:22,515658;9,229549E-1;1,088952E-1;1,085695E-1;9,310226E-1;;
02/12/2021  12:05:22,515758;9,241440E-1;1,260985E-1;1,328963E-1;9,307975E-1;;
02/12/2021  12:05:22,515858;9,241440E-1;1,238685E-1;1,218387E-1;9,305743E-1;;
02/12/2021  12:05:22,515958;9,249844E-1;1,238685E-1;1,240502E-1;9,303527E-1;;
02/12/2021  12:05:22,516058;9,236671E-1;1,079395E-1;8,045158E-2;9,301329E-1;;
02/12/2021  12:05:22,516158;9,254494E-1;1,480806E-1;1,660692E-1;9,299149E-1;;
02/12/2021  12:05:22,516258;9,270379E-1;6,301970E-2;1,237343E-1;9,296990E-1;;
02/12/2021  12:05:22,516358;9,281853E-1;1,025236E-1;1,107811E-1;9,294856E-1;;
02/12/2021  12:05:22,516458;9,286293E-1;8,245308E-2;8,834988E-2;9,292755E-1;;
02/12/2021  12:05:22,516558;9,288082E-1;1,146297E-1;1,202590E-1;9,290696E-1;;
02/12/2021  12:05:22,516658;9,300629E-1;1,302401E-1;1,325804E-1;9,288690E-1;;
02/12/2021  12:05:22,516758;9,314904E-1;1,264171E-1;1,240502E-1;9,286745E-1;;
02/12/2021  12:05:22,516858;9,322534E-1;1,073023E-1;1,054102E-1;9,284874E-1;;
02/12/2021  12:05:22,516958;9,320448E-1;9,933782E-2;1,044624E-1;9,283089E-1;;
02/12/2021  12:05:22,517058;9,318779E-1;9,328480E-2;1,082536E-1;9,281402E-1;;
02/12/2021  12:05:22,517158;9,321193E-1;9,137332E-2;9,719598E-2;9,279822E-1;;
02/12/2021  12:05:22,517258;9,329806E-1;9,615202E-2;1,006712E-1;9,278358E-1;;
02/12/2021  12:05:22,517358;9,336333E-1;9,169190E-2;1,073058E-1;9,277018E-1;;
02/12/2021  12:05:22,517458;9,329120E-1;1,184526E-1;1,259458E-1;9,275810E-1;;
02/12/2021  12:05:22,517558;9,327064E-1;8,563888E-2;9,372073E-2;9,274740E-1;;
02/12/2021  12:05:22,517658;9,338002E-1;1,251428E-1;1,243661E-1;9,273813E-1;;
02/12/2021  12:05:22,517758;9,350668E-1;9,933782E-2;1,464814E-1;9,273032E-1;;
02/12/2021  12:05:22,517858;9,353797E-1;1,009307E-1;1,088855E-1;9,272403E-1;;
02/12/2021  12:05:22,517958;9,351383E-1;1,305587E-1;1,682807E-1;9,271930E-1;;
02/12/2021  12:05:22,518058;9,348343E-1;9,328480E-2;1,038306E-1;9,271617E-1;;
02/12/2021  12:05:22,518158;9,363602E-1;1,127182E-1;1,398468E-1;9,271465E-1;;
02/12/2021  12:05:22,518258;9,373050E-1;1,012493E-1;1,177316E-1;9,271478E-1;;
02/12/2021  12:05:22,518358;9,384524E-1;1,184526E-1;1,243661E-1;9,271659E-1;;
02/12/2021  12:05:22,518458;9,385090E-1;8,436456E-2;1,126766E-1;9,272009E-1;;
02/12/2021  12:05:22,518558;9,384435E-1;8,850610E-2;1,038306E-1;9,272534E-1;;
02/12/2021  12:05:22,518658;9,400946E-1;9,678918E-2;1,107811E-1;9,273235E-1;;
02/12/2021  12:05:22,518758;9,417427E-1;1,018865E-1;1,221546E-1;9,274115E-1;;
02/12/2021  12:05:22,518858;9,413165E-1;1,225942E-1;1,259458E-1;9,275177E-1;;
02/12/2021  12:05:22,518958;9,409410E-1;1,375674E-1;1,265777E-1;9,276424E-1;;
02/12/2021  12:05:22,519058;9,407711E-1;1,331073E-1;1,085695E-1;9,277856E-1;;
02/12/2021  12:05:22,519158;9,423626E-1;1,232313E-1;1,291051E-1;9,279472E-1;;
02/12/2021  12:05:22,519258;9,420884E-1;1,563636E-1;1,505885E-1;9,281270E-1;;
02/12/2021  12:05:22,519358;9,429139E-1;1,617795E-1;1,414265E-1;9,283249E-1;;
02/12/2021  12:05:22,519458;9,421510E-1;1,652839E-1;1,445858E-1;9,285405E-1;;
02/12/2021  12:05:22,519558;9,416324E-1;1,722926E-1;1,619620E-1;9,287734E-1;;
02/12/2021  12:05:22,519658;9,421688E-1;1,426647E-1;1,597505E-1;9,290230E-1;;
02/12/2021  12:05:22,519758;9,427679E-1;1,668768E-1;1,540637E-1;9,292885E-1;;
02/12/2021  12:05:22,519858;9,426159E-1;1,404346E-1;1,442698E-1;9,295691E-1;;
02/12/2021  12:05:22,519958;9,407115E-1;3,817046E-2;9,182514E-2;9,298640E-1;;
02/12/2021  12:05:22,520058;9,407532E-1;1,022050E-1;1,240502E-1;9,301721E-1;;
02/12/2021  12:05:22,520158;9,415817E-1;1,442576E-1;1,682807E-1;9,304921E-1;;
02/12/2021  12:05:22,520258;9,408963E-1;1,203641E-1;1,268936E-1;9,308227E-1;;
02/12/2021  12:05:22,520358;9,397459E-1;1,385232E-1;1,319485E-1;9,311628E-1;;
02/12/2021  12:05:22,520458;9,382915E-1;3,020596E-2;6,465498E-2;9,315107E-1;;
02/12/2021  12:05:22,520558;9,380531E-1;1,050723E-1;1,193112E-1;9,318648E-1;;
02/12/2021  12:05:22,520658;9,385448E-1;1,289658E-1;1,562753E-1;9,322233E-1;;
02/12/2021  12:05:22,520758;9,387504E-1;1,187712E-1;1,189953E-1;9,325844E-1;;
02/12/2021  12:05:22,520858;9,378742E-1;1,181340E-1;1,167838E-1;9,329467E-1;;
02/12/2021  12:05:22,520958;9,362261E-1;1,206827E-1;1,180475E-1;9,333085E-1;;
02/12/2021  12:05:22,521058;9,369146E-1;9,232906E-2;8,834988E-2;9,336682E-1;;
02/12/2021  12:05:22,521158;9,373348E-1;9,169190E-2;7,476481E-2;9,340241E-1;;
02/12/2021  12:05:22,521258;9,370725E-1;1,076209E-1;1,114129E-1;9,343747E-1;;
02/12/2021  12:05:22,521358;9,374928E-1;1,260985E-1;1,297370E-1;9,347188E-1;;
02/12/2021  12:05:22,521458;9,369235E-1;9,424054E-2;1,335282E-1;9,350553E-1;;
02/12/2021  12:05:22,521558;9,371947E-1;1,388417E-1;1,436380E-1;9,353830E-1;;
02/12/2021  12:05:22,521658;9,380173E-1;1,028422E-1;1,189953E-1;9,357011E-1;;
02/12/2021  12:05:22,521758;9,378564E-1;1,296029E-1;1,224705E-1;9,360088E-1;;
02/12/2021  12:05:22,521858;9,372007E-1;1,579565E-1;1,764949E-1;9,363054E-1;;
02/12/2021  12:05:22,521958;9,366732E-1;1,245056E-1;1,240502E-1;9,365904E-1;;
02/12/2021  12:05:22,522058;9,369742E-1;1,302401E-1;1,224705E-1;9,368633E-1;;
02/12/2021  12:05:22,522158;9,378772E-1;1,624167E-1;1,809180E-1;9,371234E-1;;
02/12/2021  12:05:22,522258;9,376984E-1;1,238685E-1;1,218387E-1;9,373704E-1;;
02/12/2021  12:05:22,522358;9,370874E-1;1,359745E-1;1,344760E-1;9,376041E-1;;
02/12/2021  12:05:22,522458;9,363871E-1;1,283286E-1;1,265777E-1;9,378244E-1;;
02/12/2021  12:05:22,522558;9,372633E-1;1,114439E-1;1,041465E-1;9,380310E-1;;
02/12/2021  12:05:22,522658;9,378713E-1;1,225942E-1;1,249980E-1;9,382237E-1;;
02/12/2021  12:05:22,522758;9,391081E-1;1,388417E-1;1,351078E-1;9,384027E-1;;
02/12/2021  12:05:22,522858;9,385329E-1;1,203641E-1;1,133085E-1;9,385682E-1;;
02/12/2021  12:05:22,522958;9,385776E-1;1,809992E-2;6,402312E-2;9,387207E-1;;
02/12/2021  12:05:22,523058;9,399366E-1;1,139925E-1;1,363715E-1;9,388605E-1;;
02/12/2021  12:05:22,523158;9,406936E-1;1,337445E-1;1,344760E-1;9,389884E-1;;
02/12/2021  12:05:22,523258;9,410751E-1;1,260985E-1;1,313166E-1;9,391050E-1;;
02/12/2021  12:05:22,523358;9,411853E-1;1,210013E-1;1,152041E-1;9,392112E-1;;
02/12/2021  12:05:22,523458;9,411943E-1;1,378860E-1;1,139404E-1;9,393079E-1;;
02/12/2021  12:05:22,523558;9,428871E-1;1,318330E-1;1,486929E-1;9,393960E-1;;
02/12/2021  12:05:22,523658;9,437216E-1;1,324701E-1;1,341600E-1;9,394766E-1;;
02/12/2021  12:05:22,523758;9,441984E-1;1,276914E-1;1,366875E-1;9,395507E-1;;
02/12/2021  12:05:22,523858;9,424311E-1;1,280100E-1;1,313166E-1;9,396196E-1;;
02/12/2021  12:05:22,523958;9,423238E-1;7,926728E-2;6,560278E-2;9,396841E-1;;
02/12/2021  12:05:22,524058;9,430510E-1;1,203641E-1;1,167838E-1;9,397452E-1;;
02/12/2021  12:05:22,524158;9,429229E-1;1,327887E-1;1,294210E-1;9,398033E-1;;
02/12/2021  12:05:22,524258;9,427589E-1;1,340630E-1;1,373193E-1;9,398592E-1;;
02/12/2021  12:05:22,524358;9,410840E-1;1,442576E-1;1,496407E-1;9,399133E-1;;
02/12/2021  12:05:22,524458;9,411228E-1;1,264171E-1;1,319485E-1;9,399660E-1;;
02/12/2021  12:05:22,524558;9,415370E-1;1,401161E-1;1,439539E-1;9,400173E-1;;
02/12/2021  12:05:22,524658;9,412748E-1;1,254614E-1;1,253139E-1;9,400674E-1;;
02/12/2021  12:05:22,524758;9,409559E-1;1,009307E-1;1,025668E-1;9,401162E-1;;
02/12/2021  12:05:22,524858;9,400528E-1;1,053908E-1;1,265777E-1;9,401639E-1;;
02/12/2021  12:05:22,524958;9,397906E-1;8,659462E-2;1,303688E-1;9,402102E-1;;
02/12/2021  12:05:22,525058;9,411079E-1;4,581638E-2;5,170177E-2;9,402551E-1;;
02/12/2021  12:05:22,525158;9,410751E-1;1,222756E-1;1,278414E-1;9,402983E-1;;
02/12/2021  12:05:22,525258;9,404105E-1;1,397975E-1;1,344760E-1;9,403399E-1;;
02/12/2021  12:05:22,525358;9,393703E-1;1,512664E-1;1,382671E-1;9,403799E-1;;
02/12/2021  12:05:22,525458;9,390306E-1;1,544522E-1;1,670170E-1;9,404180E-1;;
02/12/2021  12:05:22,525558;9,400916E-1;1,079395E-1;1,085695E-1;9,404540E-1;;
02/12/2021  12:05:22,525658;9,399783E-1;1,343816E-1;1,518522E-1;9,404876E-1;;
02/12/2021  12:05:22,525758;9,396654E-1;1,362931E-1;1,325804E-1;9,405188E-1;;
02/12/2021  12:05:22,525858;9,380531E-1;1,442576E-1;1,392149E-1;9,405474E-1;;
02/12/2021  12:05:22,525958;9,385835E-1;1,394789E-1;1,445858E-1;9,405731E-1;;
02/12/2021  12:05:22,526058;9,390515E-1;1,302401E-1;1,180475E-1;9,405956E-1;;
02/12/2021  12:05:22,526158;9,386014E-1;1,216384E-1;1,325804E-1;9,406147E-1;;
02/12/2021  12:05:22,526258;9,384077E-1;1,378860E-1;1,417424E-1;9,406302E-1;;
02/12/2021  12:05:22,526358;9,369980E-1;2,574584E-2;7,255328E-2;9,406419E-1;;
02/12/2021  12:05:22,526458;9,382498E-1;1,873708E-2;7,381701E-2;9,406495E-1;;
02/12/2021  12:05:22,526558;9,389173E-1;1,624167E-1;1,862888E-1;9,406528E-1;;
02/12/2021  12:05:22,526658;9,388071E-1;1,487177E-1;1,433221E-1;9,406517E-1;;
02/12/2021  12:05:22,526758;9,382438E-1;1,433019E-1;1,442698E-1;9,406464E-1;;
02/12/2021  12:05:22,526858;9,377491E-1;1,289658E-1;1,338441E-1;9,406369E-1;;
02/12/2021  12:05:22,526958;9,383719E-1;1,311958E-1;1,291051E-1;9,406231E-1;;
02/12/2021  12:05:22,527058;9,390634E-1;1,372488E-1;1,464814E-1;9,406051E-1;;
02/12/2021  12:05:22,527158;9,384137E-1;1,292843E-1;1,256299E-1;9,405831E-1;;
02/12/2021  12:05:22,527258;9,370666E-1;1,251428E-1;1,341600E-1;9,405571E-1;;
02/12/2021  12:05:22,527358;9,361665E-1;1,219570E-1;1,221546E-1;9,405272E-1;;
02/12/2021  12:05:22,527458;9,367626E-1;1,531778E-1;1,452176E-1;9,404933E-1;;
02/12/2021  12:05:22,527558;9,372603E-1;1,331073E-1;1,360556E-1;9,404550E-1;;
02/12/2021  12:05:22,527658;9,366106E-1;1,260985E-1;1,316326E-1;9,404125E-1;;
02/12/2021  12:05:22,527758;9,357642E-1;1,238685E-1;1,256299E-1;9,403656E-1;;
02/12/2021  12:05:22,527858;9,348910E-1;1,302401E-1;1,370034E-1;9,403142E-1;;
02/12/2021  12:05:22,527958;9,360324E-1;1,726112E-1;1,787064E-1;9,402582E-1;;
02/12/2021  12:05:22,528058;9,367328E-1;1,382046E-1;1,354238E-1;9,401974E-1;;
02/12/2021  12:05:22,528158;9,373378E-1;1,522221E-1;1,395309E-1;9,401319E-1;;
02/12/2021  12:05:22,528258;9,369027E-1;1,225942E-1;1,253139E-1;9,400620E-1;;
02/12/2021  12:05:22,528358;9,365778E-1;1,159040E-1;1,291051E-1;9,399880E-1;;
02/12/2021  12:05:22,528458;9,383034E-1;1,359745E-1;1,325804E-1;9,399102E-1;;
02/12/2021  12:05:22,528558;9,387117E-1;1,248242E-1;1,300529E-1;9,398292E-1;;
02/12/2021  12:05:22,528658;9,384822E-1;1,041165E-1;1,142563E-1;9,397455E-1;;
02/12/2021  12:05:22,528758;9,377818E-1;1,404346E-1;1,777586E-1;9,396597E-1;;
02/12/2021  12:05:22,528858;9,378057E-1;1,378860E-1;1,240502E-1;9,395723E-1;;
02/12/2021  12:05:22,528958;9,388518E-1;1,213198E-1;1,221546E-1;9,394839E-1;;
02/12/2021  12:05:22,529058;9,395045E-1;1,264171E-1;1,243661E-1;9,393950E-1;;
02/12/2021  12:05:22,529158;9,395551E-1;1,229127E-1;1,300529E-1;9,393061E-1;;
02/12/2021  12:05:22,529258;9,395402E-1;1,382046E-1;1,426902E-1;9,392180E-1;;
02/12/2021  12:05:22,529358;9,395283E-1;1,433019E-1;1,420583E-1;9,391312E-1;;
02/12/2021  12:05:22,529458;9,412479E-1;1,423461E-1;1,322644E-1;9,390464E-1;;
02/12/2021  12:05:22,529558;9,412807E-1;1,464877E-1;1,341600E-1;9,389644E-1;;
02/12/2021  12:05:22,529658;9,414148E-1;1,276914E-1;1,291051E-1;9,388858E-1;;
02/12/2021  12:05:22,529758;9,407949E-1;1,480806E-1;1,284732E-1;9,388114E-1;;
02/12/2021  12:05:22,529858;9,415251E-1;1,187712E-1;1,461654E-1;9,387417E-1;;
02/12/2021  12:05:22,529958;9,423924E-1;7,512574E-2;7,950379E-2;9,386774E-1;;
02/12/2021  12:05:22,530058;9,425146E-1;1,139925E-1;1,243661E-1;9,386191E-1;;
02/12/2021  12:05:22,530158;9,419841E-1;1,264171E-1;1,322644E-1;9,385672E-1;;
02/12/2021  12:05:22,530258;9,406340E-1;1,308772E-1;8,645429E-2;9,385223E-1;;
02/12/2021  12:05:22,530358;9,411585E-1;9,360338E-2;1,212068E-1;9,384845E-1;;
02/12/2021  12:05:22,530458;9,415966E-1;1,165411E-1;1,164678E-1;9,384538E-1;;
02/12/2021  12:05:22,530558;9,411973E-1;1,276914E-1;1,177316E-1;9,384304E-1;;
02/12/2021  12:05:22,530658;9,403956E-1;1,219570E-1;1,546956E-1;9,384141E-1;;
02/12/2021  12:05:22,530758;9,394568E-1;9,870066E-2;1,114129E-1;9,384048E-1;;
02/12/2021  12:05:22,530858;9,390097E-1;9,455912E-2;1,000394E-1;9,384021E-1;;
02/12/2021  12:05:22,530958;9,394896E-1;1,499920E-1;1,768108E-1;9,384055E-1;;
02/12/2021  12:05:22,531058;9,389799E-1;9,710776E-2;1,050943E-1;9,384144E-1;;
02/12/2021  12:05:22,531158;9,379845E-1;1,092138E-1;1,322644E-1;9,384283E-1;;
02/12/2021  12:05:22,531258;9,378504E-1;9,424054E-2;1,063580E-1;9,384464E-1;;
02/12/2021  12:05:22,531358;9,384256E-1;8,659462E-2;9,498445E-2;9,384682E-1;;
02/12/2021  12:05:22,531458;9,391617E-1;9,774492E-2;1,231024E-1;9,384929E-1;;
02/12/2021  12:05:22,531558;9,388130E-1;9,583344E-2;1,117289E-1;9,385200E-1;;
02/12/2021  12:05:22,531658;9,370308E-1;1,006121E-1;1,088855E-1;9,385491E-1;;
02/12/2021  12:05:22,531758;9,372364E-1;9,201048E-2;1,047783E-1;9,385797E-1;;
02/12/2021  12:05:22,531858;9,374093E-1;1,589123E-1;1,521681E-1;9,386110E-1;;
02/12/2021  12:05:22,531958;9,370397E-1;1,044351E-1;1,186794E-1;9,386425E-1;;
02/12/2021  12:05:22,532058;9,364705E-1;1,041165E-1;1,227865E-1;9,386734E-1;;
02/12/2021  12:05:22,532158;9,352486E-1;1,123996E-1;1,205749E-1;9,387033E-1;;
02/12/2021  12:05:22,532258;9,349327E-1;1,726112E-1;1,723878E-1;9,387313E-1;;
02/12/2021  12:05:22,532358;9,357850E-1;1,649653E-1;1,777586E-1;9,387566E-1;;
02/12/2021  12:05:22,532458;9,364526E-1;1,245056E-1;1,284732E-1;9,387787E-1;;
02/12/2021  12:05:22,532558;9,361218E-1;1,525407E-1;1,505885E-1;9,387971E-1;;
02/12/2021  12:05:22,532658;9,357344E-1;1,582751E-1;1,382671E-1;9,388114E-1;;
02/12/2021  12:05:22,532758;9,356956E-1;8,245308E-2;1,660692E-1;9,388215E-1;;
02/12/2021  12:05:22,532858;9,374480E-1;1,706997E-1;1,543797E-1;9,388270E-1;;
02/12/2021  12:05:22,532958;9,391528E-1;1,665582E-1;1,550115E-1;9,388280E-1;;
02/12/2021  12:05:22,533058;9,386044E-1;1,547707E-1;1,531159E-1;9,388248E-1;;
02/12/2021  12:05:22,533158;9,384435E-1;1,162226E-1;1,458495E-1;9,388179E-1;;
02/12/2021  12:05:22,533258;9,388697E-1;1,499920E-1;1,581709E-1;9,388078E-1;;
02/12/2021  12:05:22,533358;9,400439E-1;1,378860E-1;1,452176E-1;9,387949E-1;;
02/12/2021  12:05:22,533458;9,398740E-1;1,238685E-1;1,287892E-1;9,387797E-1;;
02/12/2021  12:05:22,533558;9,393227E-1;1,235499E-1;1,278414E-1;9,387629E-1;;
02/12/2021  12:05:22,533658;9,386312E-1;1,359745E-1;1,363715E-1;9,387450E-1;;
02/12/2021  12:05:22,533758;9,381007E-1;9,424054E-2;1,031987E-1;9,387262E-1;;
02/12/2021  12:05:22,533858;9,393644E-1;1,143111E-1;1,486929E-1;9,387069E-1;;
02/12/2021  12:05:22,533958;9,391319E-1;1,063466E-1;1,234183E-1;9,386871E-1;;
02/12/2021  12:05:22,534058;9,387862E-1;1,353374E-1;1,262617E-1;9,386673E-1;;
02/12/2021  12:05:22,534158;9,379756E-1;1,280100E-1;1,287892E-1;9,386475E-1;;
02/12/2021  12:05:22,534258;9,378564E-1;1,222756E-1;1,208909E-1;9,386279E-1;;
02/12/2021  12:05:22,534358;9,389173E-1;1,063466E-1;8,550650E-2;9,386085E-1;;
02/12/2021  12:05:22,534458;9,391289E-1;1,171783E-1;8,013565E-2;9,385894E-1;;
02/12/2021  12:05:22,534558;9,391826E-1;1,136739E-1;1,268936E-1;9,385707E-1;;
02/12/2021  12:05:22,534658;9,384852E-1;1,085766E-1;6,149566E-2;9,385527E-1;;
02/12/2021  12:05:22,534758;9,390902E-1;1,178155E-1;1,057261E-1;9,385354E-1;;
02/12/2021  12:05:22,534858;9,399813E-1;1,194084E-1;1,098333E-1;9,385190E-1;;
02/12/2021  12:05:22,534958;9,396714E-1;1,165411E-1;1,088855E-1;9,385038E-1;;
02/12/2021  12:05:22,535058;9,384763E-1;1,372488E-1;1,512204E-1;9,384900E-1;;
02/12/2021  12:05:22,535158;9,373408E-1;8,691320E-2;7,981972E-2;9,384775E-1;;
02/12/2021  12:05:22,535258;9,376477E-1;1,133553E-1;1,212068E-1;9,384663E-1;;
02/12/2021  12:05:22,535358;9,377193E-1;1,885402E-1;2,311511E-1;9,384561E-1;;
02/12/2021  12:05:22,535458;9,371053E-1;1,123996E-1;1,224705E-1;9,384467E-1;;
02/12/2021  12:05:22,535558;9,357016E-1;8,468314E-2;8,203124E-2;9,384377E-1;;
02/12/2021  12:05:22,535658;9,343664E-1;1,181340E-1;1,183634E-1;9,384286E-1;;
02/12/2021  12:05:22,535758;9,346227E-1;1,299215E-1;1,445858E-1;9,384188E-1;;
02/12/2021  12:05:22,535858;9,355168E-1;1,311958E-1;1,366875E-1;9,384077E-1;;
02/12/2021  12:05:22,535958;9,354721E-1;1,241871E-1;1,221546E-1;9,383945E-1;;
02/12/2021  12:05:22,536058;9,349506E-1;1,190898E-1;1,167838E-1;9,383791E-1;;
02/12/2021  12:05:22,536158;9,348403E-1;1,152668E-1;1,246821E-1;9,383609E-1;;
02/12/2021  12:05:22,536258;9,362231E-1;1,104881E-1;1,092014E-1;9,383398E-1;;
02/12/2021  12:05:22,536358;9,372066E-1;1,152668E-1;1,243661E-1;9,383155E-1;;
02/12/2021  12:05:22,536458;9,372454E-1;1,235499E-1;1,392149E-1;9,382883E-1;;
02/12/2021  12:05:22,536558;9,367983E-1;1,283286E-1;1,202590E-1;9,382583E-1;;
02/12/2021  12:05:22,536658;9,365569E-1;1,547707E-1;1,050943E-1;9,382259E-1;;
02/12/2021  12:05:22,536758;9,377282E-1;1,178155E-1;1,278414E-1;9,381912E-1;;
02/12/2021  12:05:22,536858;9,390991E-1;1,018865E-1;1,183634E-1;9,381546E-1;;
02/12/2021  12:05:22,536958;9,383988E-1;9,678918E-2;1,193112E-1;9,381166E-1;;
02/12/2021  12:05:22,537058;9,374272E-1;1,216384E-1;1,291051E-1;9,380776E-1;;
02/12/2021  12:05:22,537158;9,373229E-1;1,085766E-1;1,455336E-1;9,380381E-1;;
02/12/2021  12:05:22,537258;9,380531E-1;1,143111E-1;1,142563E-1;9,379983E-1;;
02/12/2021  12:05:22,537358;9,384077E-1;1,206827E-1;1,291051E-1;9,379585E-1;;
02/12/2021  12:05:22,537458;9,374868E-1;1,245056E-1;1,129926E-1;9,379190E-1;;
02/12/2021  12:05:22,537558;9,365301E-1;1,343816E-1;1,407946E-1;9,378800E-1;;
02/12/2021  12:05:22,537658;9,363841E-1;9,997498E-2;1,265777E-1;9,378416E-1;;
02/12/2021  12:05:22,537758;9,370994E-1;6,270112E-2;1,249980E-1;9,378036E-1;;
02/12/2021  12:05:22,537858;9,376209E-1;1,146297E-1;1,139404E-1;9,377661E-1;;
02/12/2021  12:05:22,537958;9,371560E-1;1,423461E-1;1,306848E-1;9,377292E-1;;
02/12/2021  12:05:22,538058;9,364556E-1;1,206827E-1;1,284732E-1;9,376930E-1;;
02/12/2021  12:05:22,538158;9,367894E-1;3,530324E-2;6,497092E-2;9,376574E-1;;
02/12/2021  12:05:22,538258;9,375166E-1;1,225942E-1;1,316326E-1;9,376225E-1;;
02/12/2021  12:05:22,538358;9,381961E-1;1,187712E-1;1,262617E-1;9,375882E-1;;
02/12/2021  12:05:22,538458;9,375911E-1;1,260985E-1;1,284732E-1;9,375549E-1;;
02/12/2021  12:05:22,538558;9,365957E-1;1,117624E-1;1,224705E-1;9,375227E-1;;
02/12/2021  12:05:22,538658;9,372364E-1;1,241871E-1;1,120448E-1;9,374916E-1;;
02/12/2021  12:05:22,538758;9,386670E-1;9,009900E-2;1,044624E-1;9,374617E-1;;
02/12/2021  12:05:22,538858;9,386789E-1;1,308772E-1;1,262617E-1;9,374330E-1;;
02/12/2021  12:05:22,538958;9,384494E-1;1,222756E-1;1,218387E-1;9,374060E-1;;
02/12/2021  12:05:22,539058;9,379547E-1;7,417000E-2;9,340479E-2;9,373809E-1;;
02/12/2021  12:05:22,539158;9,392273E-1;5,824100E-2;5,960007E-2;9,373579E-1;;
02/12/2021  12:05:22,539258;9,394836E-1;1,404346E-1;1,376353E-1;9,373372E-1;;
02/12/2021  12:05:22,539358;9,398621E-1;1,311958E-1;1,256299E-1;9,373191E-1;;
02/12/2021  12:05:22,539458;9,391409E-1;1,114439E-1;1,360556E-1;9,373040E-1;;
02/12/2021  12:05:22,539558;9,389710E-1;1,155854E-1;9,561632E-2;9,372921E-1;;
02/12/2021  12:05:22,539658;9,392869E-1;1,222756E-1;1,764949E-1;9,372836E-1;;
02/12/2021  12:05:22,539758;9,399873E-1;1,057094E-1;1,739675E-1;9,372786E-1;;
02/12/2021  12:05:22,539858;9,390365E-1;1,321516E-1;1,300529E-1;9,372773E-1;;
02/12/2021  12:05:22,539958;9,381514E-1;1,248242E-1;1,268936E-1;9,372796E-1;;
02/12/2021  12:05:22,540058;9,376597E-1;1,273729E-1;1,205749E-1;9,372855E-1;;
02/12/2021  12:05:22,540158;9,383034E-1;1,187712E-1;1,395309E-1;9,372946E-1;;
02/12/2021  12:05:22,540258;9,386044E-1;1,216384E-1;1,275255E-1;9,373068E-1;;
02/12/2021  12:05:22,540358;9,383272E-1;1,139925E-1;1,180475E-1;9,373218E-1;;
02/12/2021  12:05:22,540458;9,376000E-1;1,251428E-1;1,256299E-1;9,373394E-1;;
02/12/2021  12:05:22,540558;9,364318E-1;1,315144E-1;1,436380E-1;9,373592E-1;;
02/12/2021  12:05:22,540658;9,374570E-1;1,289658E-1;1,287892E-1;9,373809E-1;;
02/12/2021  12:05:22,540758;9,382587E-1;1,245056E-1;1,246821E-1;9,374041E-1;;
02/12/2021  12:05:22,540858;9,381365E-1;1,289658E-1;1,319485E-1;9,374284E-1;;
02/12/2021  12:05:22,540958;9,377669E-1;1,203641E-1;1,262617E-1;9,374537E-1;;
02/12/2021  12:05:22,541058;9,382617E-1;9,201048E-2;6,212753E-2;9,374798E-1;;
02/12/2021  12:05:22,541158;9,396594E-1;1,512664E-1;1,730197E-1;9,375066E-1;;
02/12/2021  12:05:22,541258;9,402406E-1;1,210013E-1;1,246821E-1;9,375342E-1;;
02/12/2021  12:05:22,541358;9,401124E-1;1,340630E-1;1,347919E-1;9,375627E-1;;
02/12/2021  12:05:22,541458;9,394091E-1;1,474434E-1;1,382671E-1;9,375926E-1;;
02/12/2021  12:05:22,541558;9,393048E-1;7,257710E-2;1,227865E-1;9,376238E-1;;
02/12/2021  12:05:22,541658;9,402018E-1;1,251428E-1;1,227865E-1;9,376564E-1;;
02/12/2021  12:05:22,541758;9,406906E-1;1,299215E-1;1,268936E-1;9,376906E-1;;
02/12/2021  12:05:22,541858;9,395849E-1;1,356559E-1;1,338441E-1;9,377265E-1;;
02/12/2021  12:05:22,541958;9,381931E-1;2,923973E-1;1,995579E-1;9,377641E-1;;
02/12/2021  12:05:22,542058;9,384137E-1;5,569236E-2;9,593225E-2;9,378033E-1;;
02/12/2021  12:05:22,542158;9,388100E-1;1,480806E-1;1,512204E-1;9,378438E-1;;
02/12/2021  12:05:22,542258;9,389293E-1;1,222756E-1;1,297370E-1;9,378852E-1;;
02/12/2021  12:05:22,542358;9,382796E-1;1,401161E-1;1,310007E-1;9,379274E-1;;
02/12/2021  12:05:22,542458;9,374302E-1;1,369303E-1;1,385831E-1;9,379701E-1;;
02/12/2021  12:05:22,542558;9,374391E-1;1,452133E-1;1,373193E-1;9,380130E-1;;
02/12/2021  12:05:22,542658;9,390544E-1;1,388417E-1;8,424277E-2;9,380555E-1;;
02/12/2021  12:05:22,542758;9,392839E-1;1,397975E-1;1,366875E-1;9,380976E-1;;
02/12/2021  12:05:22,542858;9,397220E-1;1,464877E-1;1,373193E-1;9,381391E-1;;
02/12/2021  12:05:22,542958;9,391796E-1;1,117624E-1;1,259458E-1;9,381802E-1;;
02/12/2021  12:05:22,543058;9,403509E-1;1,159040E-1;1,170997E-1;9,382208E-1;;
02/12/2021  12:05:22,543158;9,421152E-1;9,838208E-2;7,444887E-2;9,382613E-1;;
02/12/2021  12:05:22,543258;9,435219E-1;9,455912E-2;1,079377E-1;9,383019E-1;;
02/12/2021  12:05:22,543358;9,423000E-1;1,190898E-1;1,275255E-1;9,383434E-1;;
02/12/2021  12:05:22,543458;9,418500E-1;7,448858E-2;9,214107E-2;9,383864E-1;;
02/12/2021  12:05:22,543558;9,430033E-1;1,286472E-1;1,205749E-1;9,384312E-1;;
02/12/2021  12:05:22,543658;9,437246E-1;1,069837E-1;1,050943E-1;9,384784E-1;;
02/12/2021  12:05:22,543758;9,429735E-1;9,647060E-2;1,022509E-1;9,385283E-1;;
02/12/2021  12:05:22,543858;9,425086E-1;1,047537E-1;1,196272E-1;9,385815E-1;;
02/12/2021  12:05:22,543958;9,414506E-1;1,053908E-1;1,158360E-1;9,386380E-1;;
02/12/2021  12:05:22,544058;9,422612E-1;1,181340E-1;1,196272E-1;9,386979E-1;;
02/12/2021  12:05:22,544158;9,430331E-1;1,382046E-1;1,297370E-1;9,387611E-1;;
02/12/2021  12:05:22,544258;9,425175E-1;1,162226E-1;1,189953E-1;9,388277E-1;;
02/12/2021  12:05:22,544358;9,410751E-1;6,524976E-2;7,855599E-2;9,388975E-1;;
02/12/2021  12:05:22,544458;9,404462E-1;9,901924E-2;1,136244E-1;9,389705E-1;;
02/12/2021  12:05:22,544558;9,408039E-1;6,939130E-2;4,759465E-2;9,390462E-1;;
02/12/2021  12:05:22,544658;9,414446E-1;8,277166E-2;1,155200E-1;9,391240E-1;;
02/12/2021  12:05:22,544758;9,411585E-1;8,245308E-2;9,940750E-2;9,392037E-1;;
02/12/2021  12:05:22,544858;9,402942E-1;9,615202E-2;1,038306E-1;9,392848E-1;;
02/12/2021  12:05:22,544958;9,401512E-1;1,315144E-1;1,379512E-1;9,393670E-1;;
02/12/2021  12:05:22,545058;9,409737E-1;7,066562E-2;9,624818E-2;9,394497E-1;;
02/12/2021  12:05:22,545158;9,417516E-1;1,200455E-1;1,347919E-1;9,395326E-1;;
02/12/2021  12:05:22,545258;9,405386E-1;1,251428E-1;1,411105E-1;9,396155E-1;;
02/12/2021  12:05:22,545358;9,396177E-1;1,337445E-1;1,455336E-1;9,396980E-1;;
02/12/2021  12:05:22,545458;9,398323E-1;9,487770E-2;1,196272E-1;9,397797E-1;;
02/12/2021  12:05:22,545558;9,406817E-1;1,477620E-1;1,363715E-1;9,398601E-1;;
02/12/2021  12:05:22,545658;9,411049E-1;1,589123E-1;1,398468E-1;9,399389E-1;;
02/12/2021  12:05:22,545758;9,405416E-1;1,716555E-1;1,654373E-1;9,400159E-1;;
02/12/2021  12:05:22,545858;9,396475E-1;1,898145E-1;1,667010E-1;9,400910E-1;;
02/12/2021  12:05:22,545958;9,398144E-1;1,130368E-1;1,635417E-1;9,401637E-1;;
02/12/2021  12:05:22,546058;9,410304E-1;1,882216E-1;1,812339E-1;9,402338E-1;;
02/12/2021  12:05:22,546158;9,413135E-1;1,649653E-1;1,553275E-1;9,403012E-1;;
02/12/2021  12:05:22,546258;9,409588E-1;1,073023E-1;1,069899E-1;9,403658E-1;;
02/12/2021  12:05:22,546358;9,409827E-1;1,241871E-1;1,562753E-1;9,404277E-1;;
02/12/2021  12:05:22,546458;9,411704E-1;2,893164E-2;8,076751E-2;9,404869E-1;;
02/12/2021  12:05:22,546558;9,410840E-1;1,493549E-1;1,679647E-1;9,405434E-1;;
02/12/2021  12:05:22,546658;9,410900E-1;1,404346E-1;1,370034E-1;9,405972E-1;;
02/12/2021  12:05:22,546758;9,399545E-1;9,392196E-2;9,782784E-2;9,406483E-1;;
02/12/2021  12:05:22,546858;9,383868E-1;1,229127E-1;1,341600E-1;9,406967E-1;;
02/12/2021  12:05:22,546958;9,385508E-1;1,187712E-1;1,139404E-1;9,407419E-1;;
02/12/2021  12:05:22,547058;9,394866E-1;8,818752E-2;1,303688E-1;9,407836E-1;;
02/12/2021  12:05:22,547158;9,400171E-1;1,257800E-1;1,246821E-1;9,408215E-1;;
02/12/2021  12:05:22,547258;9,383272E-1;1,264171E-1;1,212068E-1;9,408553E-1;;
02/12/2021  12:05:22,547358;9,366642E-1;1,433019E-1;1,388990E-1;9,408850E-1;;
02/12/2021  12:05:22,547458;9,368371E-1;1,267357E-1;1,101492E-1;9,409099E-1;;
02/12/2021  12:05:22,547558;9,376656E-1;6,142680E-2;7,539667E-2;9,409297E-1;;
02/12/2021  12:05:22,547658;9,379517E-1;1,544522E-1;1,505885E-1;9,409439E-1;;
02/12/2021  12:05:22,547758;9,376984E-1;1,337445E-1;1,379512E-1;9,409523E-1;;
02/12/2021  12:05:22,547858;9,371202E-1;8,468314E-2;9,940750E-2;9,409547E-1;;
02/12/2021  12:05:22,547958;9,387236E-1;1,044351E-1;9,624818E-2;9,409512E-1;;
02/12/2021  12:05:22,548058;9,390157E-1;1,420275E-1;1,278414E-1;9,409417E-1;;
02/12/2021  12:05:22,548158;9,386402E-1;1,308772E-1;1,117289E-1;9,409265E-1;;
02/12/2021  12:05:22,548258;9,375077E-1;1,069837E-1;1,723878E-1;9,409058E-1;;
02/12/2021  12:05:22,548358;9,370815E-1;1,343816E-1;1,310007E-1;9,408797E-1;;
02/12/2021  12:05:22,548458;9,380411E-1;1,413904E-1;1,284732E-1;9,408484E-1;;
02/12/2021  12:05:22,548558;9,379905E-1;1,047537E-1;9,340479E-2;9,408119E-1;;
02/12/2021  12:05:22,548658;9,379100E-1;1,139925E-1;1,044624E-1;9,407704E-1;;
02/12/2021  12:05:22,548758;9,368132E-1;1,280100E-1;1,328963E-1;9,407241E-1;;
02/12/2021  12:05:22,548858;9,357135E-1;1,321516E-1;1,237343E-1;9,406731E-1;;
02/12/2021  12:05:22,548958;9,353887E-1;1,315144E-1;1,297370E-1;9,406173E-1;;
02/12/2021  12:05:22,549058;9,356301E-1;1,264171E-1;1,458495E-1;9,405566E-1;;
02/12/2021  12:05:22,549158;9,339551E-1;1,241871E-1;1,338441E-1;9,404907E-1;;
02/12/2021  12:05:22,549258;9,329418E-1;1,254614E-1;1,095173E-1;9,404195E-1;;
02/12/2021  12:05:22,549358;9,323339E-1;3,052454E-2;8,740209E-2;9,403423E-1;;
02/12/2021  12:05:22,549458;9,328733E-1;1,041165E-1;1,152041E-1;9,402589E-1;;
02/12/2021  12:05:22,549558;9,324978E-1;1,232313E-1;1,265777E-1;9,401686E-1;;
02/12/2021  12:05:22,549658;9,325544E-1;1,375674E-1;1,401627E-1;9,400714E-1;;
02/12/2021  12:05:22,549758;9,312013E-1;1,327887E-1;1,218387E-1;9,399667E-1;;
02/12/2021  12:05:22,549858;9,311686E-1;1,468062E-1;1,073058E-1;9,398546E-1;;
02/12/2021  12:05:22,549958;9,324352E-1;1,296029E-1;1,458495E-1;9,397346E-1;;
02/12/2021  12:05:22,550058;9,334813E-1;1,280100E-1;1,313166E-1;9,396068E-1;;
02/12/2021  12:05:22,550158;9,333859E-1;1,382046E-1;1,509044E-1;9,394714E-1;;
02/12/2021  12:05:22,550258;9,330163E-1;1,216384E-1;1,189953E-1;9,393290E-1;;
02/12/2021  12:05:22,550358;9,335856E-1;1,015679E-1;1,253139E-1;9,391798E-1;;
02/12/2021  12:05:22,550458;9,351741E-1;1,098510E-1;9,435259E-2;9,390246E-1;;
02/12/2021  12:05:22,550558;9,360682E-1;1,503106E-1;1,502726E-1;9,388641E-1;;
02/12/2021  12:05:22,550658;9,360682E-1;1,114439E-1;1,281573E-1;9,386992E-1;;
02/12/2021  12:05:22,550758;9,360115E-1;1,219570E-1;1,259458E-1;9,385312E-1;;
02/12/2021  12:05:22,550858;9,360771E-1;1,203641E-1;1,155200E-1;9,383609E-1;;
02/12/2021  12:05:22,550958;9,381544E-1;1,445762E-1;1,569071E-1;9,381894E-1;;
02/12/2021  12:05:22,551058;9,382110E-1;1,197269E-1;1,325804E-1;9,380179E-1;;
02/12/2021  12:05:22,551158;9,375702E-1;1,299215E-1;1,126766E-1;9,378475E-1;;
02/12/2021  12:05:22,551258;9,369325E-1;1,388417E-1;1,445858E-1;9,376794E-1;;
02/12/2021  12:05:22,551358;9,370785E-1;1,149482E-1;1,234183E-1;9,375145E-1;;
02/12/2021  12:05:22,551458;9,381693E-1;9,137332E-2;1,003553E-1;9,373535E-1;;
02/12/2021  12:05:22,551558;9,378206E-1;1,280100E-1;1,284732E-1;9,371972E-1;;
02/12/2021  12:05:22,551658;9,370099E-1;1,197269E-1;1,148882E-1;9,370462E-1;;
02/12/2021  12:05:22,551758;9,371798E-1;1,276914E-1;1,310007E-1;9,369013E-1;;
02/12/2021  12:05:22,551858;9,373914E-1;1,337445E-1;1,325804E-1;9,367627E-1;;
02/12/2021  12:05:22,551958;9,390246E-1;8,468314E-2;6,718244E-2;9,366309E-1;;
02/12/2021  12:05:22,552058;9,388041E-1;1,254614E-1;9,308886E-2;9,365065E-1;;
02/12/2021  12:05:22,552158;9,383332E-1;1,270543E-1;1,240502E-1;9,363899E-1;;
02/12/2021  12:05:22,552258;9,376597E-1;1,270543E-1;1,272095E-1;9,362817E-1;;
02/12/2021  12:05:22,552358;9,382468E-1;8,965980E-4;5,296550E-2;9,361819E-1;;
02/12/2021  12:05:22,552458;9,391617E-1;1,245056E-1;1,344760E-1;9,360909E-1;;
02/12/2021  12:05:22,552558;9,395074E-1;1,299215E-1;1,243661E-1;9,360088E-1;;
02/12/2021  12:05:22,552658;9,388846E-1;1,241871E-1;1,338441E-1;9,359359E-1;;
02/12/2021  12:05:22,552758;9,386044E-1;1,101695E-1;1,193112E-1;9,358725E-1;;
02/12/2021  12:05:22,552858;9,398979E-1;1,232313E-1;1,253139E-1;9,358185E-1;;
02/12/2021  12:05:22,552958;9,403002E-1;1,149482E-1;1,205749E-1;9,357741E-1;;
02/12/2021  12:05:22,553058;9,404283E-1;1,187712E-1;1,142563E-1;9,357395E-1;;
02/12/2021  12:05:22,553158;9,393942E-1;1,225942E-1;1,344760E-1;9,357147E-1;;
02/12/2021  12:05:22,553258;9,392392E-1;1,315144E-1;1,243661E-1;9,356998E-1;;
02/12/2021  12:05:22,553358;9,397399E-1;1,382046E-1;1,373193E-1;9,356946E-1;;
02/12/2021  12:05:22,553458;9,405327E-1;1,101695E-1;1,328963E-1;9,356989E-1;;
02/12/2021  12:05:22,553558;9,412360E-1;1,289658E-1;1,268936E-1;9,357126E-1;;
02/12/2021  12:05:22,553658;9,409767E-1;1,350188E-1;1,351078E-1;9,357357E-1;;
02/12/2021  12:05:22,553758;9,411108E-1;1,225942E-1;1,237343E-1;9,357680E-1;;
02/12/2021  12:05:22,553858;9,422642E-1;1,015679E-1;1,025668E-1;9,358097E-1;;
02/12/2021  12:05:22,553958;9,434623E-1;1,324701E-1;1,338441E-1;9,358606E-1;;
02/12/2021  12:05:22,554058;9,436381E-1;1,401161E-1;1,395309E-1;9,359209E-1;;
02/12/2021  12:05:22,554158;9,435398E-1;1,171783E-1;1,139404E-1;9,359907E-1;;
02/12/2021  12:05:22,554258;9,441627E-1;1,018865E-1;1,028828E-1;9,360703E-1;;
02/12/2021  12:05:22,554358;9,460730E-1;1,429833E-1;1,689125E-1;9,361598E-1;;
02/12/2021  12:05:22,554458;9,475721E-1;1,152668E-1;1,249980E-1;9,362595E-1;;
02/12/2021  12:05:22,554558;9,480520E-1;1,283286E-1;1,284732E-1;9,363698E-1;;
02/12/2021  12:05:22,554658;9,481205E-1;1,257800E-1;1,186794E-1;9,364913E-1;;
02/12/2021  12:05:22,554758;9,482189E-1;1,388417E-1;1,262617E-1;9,366245E-1;;
02/12/2021  12:05:22,554858;9,506001E-1;1,433019E-1;1,442698E-1;9,367698E-1;;
02/12/2021  12:05:22,554958;9,516998E-1;1,343816E-1;1,234183E-1;9,369278E-1;;
02/12/2021  12:05:22,555058;9,527906E-1;1,238685E-1;1,215227E-1;9,370989E-1;;
02/12/2021  12:05:22,555158;9,527877E-1;1,114439E-1;1,180475E-1;9,372840E-1;;
02/12/2021  12:05:22,555258;9,531989E-1;8,946184E-2;9,245700E-2;9,374836E-1;;
02/12/2021  12:05:22,555358;9,548530E-1;1,315144E-1;1,370034E-1;9,376982E-1;;
02/12/2021  12:05:22,555458;9,549752E-1;1,273729E-1;1,313166E-1;9,379283E-1;;
02/12/2021  12:05:22,555558;9,556666E-1;5,038138E-3;5,170177E-2;9,381742E-1;;
02/12/2021  12:05:22,555658;9,555325E-1;1,123996E-1;1,262617E-1;9,384364E-1;;
02/12/2021  12:05:22,555758;9,567515E-1;1,280100E-1;1,189953E-1;9,387150E-1;;
02/12/2021  12:05:22,555858;9,581224E-1;1,413904E-1;1,524841E-1;9,390101E-1;;
02/12/2021  12:05:22,555958;9,586171E-1;1,235499E-1;1,253139E-1;9,393219E-1;;
02/12/2021  12:05:22,556058;9,587393E-1;1,260985E-1;1,240502E-1;9,396505E-1;;
02/12/2021  12:05:22,556158;9,577409E-1;1,120810E-1;1,398468E-1;9,399961E-1;;
02/12/2021  12:05:22,556258;9,589807E-1;9,360338E-2;8,329497E-2;9,403582E-1;;
02/12/2021  12:05:22,556358;9,597794E-1;1,229127E-1;1,101492E-1;9,407366E-1;;
02/12/2021  12:05:22,556458;9,609954E-1;1,073023E-1;1,139404E-1;9,411310E-1;;
02/12/2021  12:05:22,556558;9,607480E-1;1,133553E-1;1,183634E-1;9,415410E-1;;
02/12/2021  12:05:22,556658;9,608762E-1;1,098510E-1;1,205749E-1;9,419662E-1;;
02/12/2021  12:05:22,556758;9,621041E-1;1,104881E-1;1,152041E-1;9,424063E-1;;
02/12/2021  12:05:22,556858;9,633111E-1;1,085766E-1;1,003553E-1;9,428607E-1;;
02/12/2021  12:05:22,556958;9,636807E-1;6,907272E-2;7,887192E-2;9,433290E-1;;
02/12/2021  12:05:22,557058;9,631263E-1;1,206827E-1;1,761790E-1;9,438107E-1;;
02/12/2021  12:05:22,557158;9,630846E-1;1,022050E-1;1,164678E-1;9,443054E-1;;
02/12/2021  12:05:22,557258;9,639608E-1;1,028422E-1;1,136244E-1;9,448124E-1;;
02/12/2021  12:05:22,557358;9,647714E-1;1,012493E-1;1,104651E-1;9,453308E-1;;
02/12/2021  12:05:22,557458;9,654927E-1;9,232906E-2;1,016190E-1;9,458600E-1;;
02/12/2021  12:05:22,557558;9,651499E-1;1,136739E-1;1,584868E-1;9,463992E-1;;
02/12/2021  12:05:22,557658;9,647953E-1;8,213450E-2;9,277293E-2;9,469478E-1;;
02/12/2021  12:05:22,557758;9,654658E-1;8,309024E-2;9,688005E-2;9,475049E-1;;
02/12/2021  12:05:22,557858;9,656953E-1;9,615202E-2;1,227865E-1;9,480694E-1;;
02/12/2021  12:05:22,557958;9,647834E-1;1,120810E-1;1,170997E-1;9,486405E-1;;
02/12/2021  12:05:22,558058;9,651261E-1;1,031608E-1;1,013031E-1;9,492171E-1;;
02/12/2021  12:05:22,558158;9,642857E-1;9,901924E-2;1,129926E-1;9,497980E-1;;
02/12/2021  12:05:22,558258;9,652513E-1;1,053908E-1;1,253139E-1;9,503819E-1;;
02/12/2021  12:05:22,558358;9,651738E-1;9,455912E-2;1,152041E-1;9,509676E-1;;
02/12/2021  12:05:22,558458;9,647059E-1;1,251428E-1;1,325804E-1;9,515539E-1;;
02/12/2021  12:05:22,558558;9,638923E-1;9,806350E-2;1,117289E-1;9,521395E-1;;
02/12/2021  12:05:22,558658;9,632604E-1;1,292843E-1;1,875525E-1;9,527231E-1;;
02/12/2021  12:05:22,558758;9,645479E-1;1,662396E-1;1,654373E-1;9,533032E-1;;
02/12/2021  12:05:22,558858;9,643840E-1;1,490363E-1;1,388990E-1;9,538785E-1;;
02/12/2021  12:05:22,558958;9,640115E-1;1,659210E-1;1,584868E-1;9,544478E-1;;
02/12/2021  12:05:22,559058;9,633051E-1;1,464877E-1;1,284732E-1;9,550098E-1;;
02/12/2021  12:05:22,559158;9,630399E-1;1,538150E-1;1,423743E-1;9,555634E-1;;
02/12/2021  12:05:22,559258;9,632336E-1;1,742041E-1;1,597505E-1;9,561074E-1;;
02/12/2021  12:05:22,559358;9,624230E-1;1,732484E-1;1,584868E-1;9,566404E-1;;
02/12/2021  12:05:22,559458;9,622680E-1;1,595494E-1;1,534319E-1;9,571614E-1;;
02/12/2021  12:05:22,559558;9,614991E-1;1,528593E-1;1,474292E-1;9,576691E-1;;
02/12/2021  12:05:22,559658;9,613352E-1;1,433019E-1;1,474292E-1;9,581625E-1;;
02/12/2021  12:05:22,559758;9,620385E-1;1,570008E-1;1,651214E-1;9,586403E-1;;
02/12/2021  12:05:22,559858;9,616898E-1;1,308772E-1;1,319485E-1;9,591017E-1;;
02/12/2021  12:05:22,559958;9,611325E-1;1,181340E-1;1,095173E-1;9,595458E-1;;
02/12/2021  12:05:22,560058;9,599612E-1;1,442576E-1;1,812339E-1;9,599718E-1;;
02/12/2021  12:05:22,560158;9,594129E-1;1,273729E-1;1,373193E-1;9,603790E-1;;
02/12/2021  12:05:22,560258;9,599016E-1;3,689614E-2;7,223735E-2;9,607663E-1;;
02/12/2021  12:05:22,560358;9,591357E-1;1,280100E-1;1,303688E-1;9,611332E-1;;
02/12/2021  12:05:22,560458;9,591387E-1;9,870066E-2;9,530039E-2;9,614789E-1;;
02/12/2021  12:05:22,560558;9,577350E-1;1,120810E-1;1,284732E-1;9,618028E-1;;
02/12/2021  12:05:22,560658;9,576604E-1;1,375674E-1;1,316326E-1;9,621044E-1;;
02/12/2021  12:05:22,560758;9,580449E-1;3,763818E-3;4,885838E-2;9,623831E-1;;
02/12/2021  12:05:22,560858;9,570763E-1;1,506292E-1;1,960827E-1;9,626385E-1;;
02/12/2021  12:05:22,560958;9,565965E-1;1,216384E-1;1,272095E-1;9,628703E-1;;
02/12/2021  12:05:22,561058;9,553298E-1;1,404346E-1;1,385831E-1;9,630782E-1;;
02/12/2021  12:05:22,561158;9,554073E-1;1,155854E-1;1,177316E-1;9,632617E-1;;
02/12/2021  12:05:22,561258;9,549931E-1;1,359745E-1;1,411105E-1;9,634208E-1;;
02/12/2021  12:05:22,561358;9,548292E-1;1,184526E-1;1,249980E-1;9,635550E-1;;
02/12/2021  12:05:22,561458;9,541407E-1;1,334259E-1;1,411105E-1;9,636645E-1;;
02/12/2021  12:05:22,561558;9,525075E-1;1,366117E-1;1,363715E-1;9,637491E-1;;
02/12/2021  12:05:22,561658;9,526446E-1;9,838208E-2;1,050943E-1;9,638087E-1;;
02/12/2021  12:05:22,561758;9,527340E-1;1,152668E-1;1,284732E-1;9,638433E-1;;
02/12/2021  12:05:22,561858;9,515329E-1;1,308772E-1;1,208909E-1;9,638529E-1;;
02/12/2021  12:05:22,561958;9,506240E-1;1,353374E-1;1,458495E-1;9,638377E-1;;
02/12/2021  12:05:22,562058;9,490802E-1;1,292843E-1;1,347919E-1;9,637977E-1;;
02/12/2021  12:05:22,562158;9,493245E-1;1,280100E-1;1,268936E-1;9,637330E-1;;
02/12/2021  12:05:22,562258;9,486003E-1;1,296029E-1;1,455336E-1;9,636435E-1;;
02/12/2021  12:05:22,562358;9,481891E-1;1,401161E-1;1,344760E-1;9,635294E-1;;
02/12/2021  12:05:22,562458;9,466542E-1;1,343816E-1;1,458495E-1;9,633908E-1;;
02/12/2021  12:05:22,562558;9,454829E-1;1,174969E-1;1,193112E-1;9,632280E-1;;
02/12/2021  12:05:22,562658;9,445501E-1;1,015679E-1;1,085695E-1;9,630410E-1;;
02/12/2021  12:05:22,562758;9,446037E-1;1,359745E-1;1,357397E-1;9,628298E-1;;
02/12/2021  12:05:22,562858;9,434086E-1;1,327887E-1;1,360556E-1;9,625946E-1;;
02/12/2021  12:05:22,562958;9,412450E-1;1,210013E-1;1,259458E-1;9,623356E-1;;
02/12/2021  12:05:22,563058;9,398353E-1;-2,607782E-3;7,381701E-2;9,620527E-1;;
02/12/2021  12:05:22,563158;9,393376E-1;1,554079E-1;1,787064E-1;9,617460E-1;;
02/12/2021  12:05:22,563258;9,383004E-1;1,283286E-1;1,249980E-1;9,614152E-1;;
02/12/2021  12:05:22,563358;9,369921E-1;1,146297E-1;1,281573E-1;9,610604E-1;;
02/12/2021  12:05:22,563458;9,349446E-1;1,257800E-1;1,294210E-1;9,606815E-1;;
02/12/2021  12:05:22,563558;9,336094E-1;1,337445E-1;1,496407E-1;9,602783E-1;;
02/12/2021  12:05:22,563658;9,338657E-1;1,305587E-1;1,376353E-1;9,598507E-1;;
02/12/2021  12:05:22,563758;9,329001E-1;1,404346E-1;1,354238E-1;9,593986E-1;;
02/12/2021  12:05:22,563858;9,314338E-1;1,362931E-1;1,360556E-1;9,589221E-1;;
02/12/2021  12:05:22,563958;9,299705E-1;1,296029E-1;1,313166E-1;9,584212E-1;;
02/12/2021  12:05:22,564058;9,293804E-1;1,308772E-1;1,189953E-1;9,578962E-1;;
02/12/2021  12:05:22,564158;9,290436E-1;1,378860E-1;1,287892E-1;9,573470E-1;;
02/12/2021  12:05:22,564258;9,282538E-1;1,270543E-1;1,268936E-1;9,567741E-1;;
02/12/2021  12:05:22,564358;9,269634E-1;1,229127E-1;1,294210E-1;9,561778E-1;;
02/12/2021  12:05:22,564458;9,253808E-1;7,448858E-2;9,688005E-2;9,555585E-1;;
02/12/2021  12:05:22,564558;9,254583E-1;1,299215E-1;1,300529E-1;9,549167E-1;;
02/12/2021  12:05:22,564658;9,253868E-1;1,088952E-1;1,164678E-1;9,542529E-1;;
02/12/2021  12:05:22,564758;9,244003E-1;1,197269E-1;1,193112E-1;9,535678E-1;;
02/12/2021  12:05:22,564858;9,231635E-1;1,315144E-1;1,284732E-1;9,528621E-1;;
02/12/2021  12:05:22,564958;9,215481E-1;8,149734E-2;1,063580E-1;9,521368E-1;;
02/12/2021  12:05:22,565058;9,204782E-1;1,289658E-1;1,310007E-1;9,513923E-1;;
02/12/2021  12:05:22,565158;9,215124E-1;1,397975E-1;1,524841E-1;9,506295E-1;;
02/12/2021  12:05:22,565258;9,206213E-1;1,691068E-1;1,701763E-1;9,498492E-1;;
02/12/2021  12:05:22,565358;9,195037E-1;1,382046E-1;1,430061E-1;9,490523E-1;;
02/12/2021  12:05:22,565458;9,187884E-1;1,378860E-1;1,341600E-1;9,482399E-1;;
02/12/2021  12:05:22,565558;9,190387E-1;1,356559E-1;1,319485E-1;9,474130E-1;;
02/12/2021  12:05:22,565658;9,197063E-1;1,264171E-1;1,224705E-1;9,465728E-1;;
02/12/2021  12:05:22,565758;9,191371E-1;1,034794E-1;9,466852E-2;9,457205E-1;;
02/12/2021  12:05:22,565858;9,186751E-1;1,585937E-1;1,556434E-1;9,448577E-1;;
02/12/2021  12:05:22,565958;9,180433E-1;1,273729E-1;1,306848E-1;9,439859E-1;;
02/12/2021  12:05:22,566058;9,183115E-1;1,229127E-1;1,044624E-1;9,431066E-1;;
02/12/2021  12:05:22,566158;9,187973E-1;1,079395E-1;9,656411E-2;9,422212E-1;;
02/12/2021  12:05:22,566258;9,184069E-1;1,308772E-1;1,202590E-1;9,413314E-1;;
02/12/2021  12:05:22,566358;9,178675E-1;1,359745E-1;1,253139E-1;9,404389E-1;;
02/12/2021  12:05:22,566458;9,165412E-1;1,327887E-1;1,189953E-1;9,395454E-1;;
02/12/2021  12:05:22,566558;9,172595E-1;7,735580E-2;1,205749E-1;9,386522E-1;;
02/12/2021  12:05:22,566658;9,171999E-1;1,531778E-1;1,745993E-1;9,377609E-1;;
02/12/2021  12:05:22,566758;9,164667E-1;1,350188E-1;1,379512E-1;9,368728E-1;;
02/12/2021  12:05:22,566858;9,156025E-1;1,264171E-1;1,041465E-1;9,359895E-1;;
02/12/2021  12:05:22,566958;9,144848E-1;1,018865E-1;1,398468E-1;9,351121E-1;;
02/12/2021  12:05:22,567058;9,151316E-1;1,267357E-1;1,268936E-1;9,342417E-1;;
02/12/2021  12:05:22,567158;9,150392E-1;1,445762E-1;1,430061E-1;9,333793E-1;;
02/12/2021  12:05:22,567258;9,147233E-1;1,397975E-1;1,401627E-1;9,325260E-1;;
02/12/2021  12:05:22,567358;9,132868E-1;1,248242E-1;1,174156E-1;9,316828E-1;;
02/12/2021  12:05:22,567458;9,143716E-1;7,417000E-2;8,550650E-2;9,308506E-1;;
02/12/2021  12:05:22,567558;9,148991E-1;1,601866E-1;1,559593E-1;9,300302E-1;;
02/12/2021  12:05:22,567658;9,159988E-1;1,302401E-1;1,303688E-1;9,292227E-1;;
02/12/2021  12:05:22,567758;9,154862E-1;1,311958E-1;1,483770E-1;9,284292E-1;;
02/12/2021  12:05:22,567858;9,152061E-1;1,283286E-1;1,303688E-1;9,276508E-1;;
02/12/2021  12:05:22,567958;9,152448E-1;1,675139E-1;1,528000E-1;9,268885E-1;;
02/12/2021  12:05:22,568058;9,168125E-1;1,471248E-1;1,388990E-1;9,261435E-1;;
02/12/2021  12:05:22,568158;9,178824E-1;1,302401E-1;1,347919E-1;9,254167E-1;;
02/12/2021  12:05:22,568258;9,170628E-1;1,337445E-1;1,354238E-1;9,247093E-1;;
02/12/2021  12:05:22,568358;9,169048E-1;1,331073E-1;1,376353E-1;9,240226E-1;;
02/12/2021  12:05:22,568458;9,172446E-1;5,537378E-2;8,013565E-2;9,233574E-1;;
02/12/2021  12:05:22,568558;9,191371E-1;1,308772E-1;1,347919E-1;9,227147E-1;;
02/12/2021  12:05:22,568658;9,199358E-1;1,382046E-1;1,363715E-1;9,220954E-1;;
02/12/2021  12:05:22,568758;9,202636E-1;1,155854E-1;1,054102E-1;9,215008E-1;;
02/12/2021  12:05:22,568858;9,194113E-1;8,468314E-2;1,294210E-1;9,209318E-1;;
02/12/2021  12:05:22,568958;9,195543E-1;1,356559E-1;1,360556E-1;9,203893E-1;;
02/12/2021  12:05:22,569058;9,211369E-1;1,235499E-1;1,038306E-1;9,198740E-1;;
02/12/2021  12:05:22,569158;9,214558E-1;1,101695E-1;1,177316E-1;9,193866E-1;;
02/12/2021  12:05:22,569258;9,220190E-1;1,296029E-1;1,237343E-1;9,189277E-1;;
02/12/2021  12:05:22,569358;9,217717E-1;1,088952E-1;1,237343E-1;9,184980E-1;;
02/12/2021  12:05:22,569458;9,224005E-1;1,248242E-1;1,205749E-1;9,180980E-1;;
02/12/2021  12:05:22,569558;9,236940E-1;1,257800E-1;1,313166E-1;9,177280E-1;;
02/12/2021  12:05:22,569658;9,244182E-1;8,340882E-2;9,498445E-2;9,173885E-1;;
02/12/2021  12:05:22,569758;9,247937E-1;1,397975E-1;1,385831E-1;9,170798E-1;;
02/12/2021  12:05:22,569858;9,243109E-1;1,174969E-1;1,272095E-1;9,168023E-1;;
02/12/2021  12:05:22,569958;9,248533E-1;9,169190E-2;9,340479E-2;9,165561E-1;;
02/12/2021  12:05:22,570058;9,259083E-1;1,241871E-1;1,215227E-1;9,163413E-1;;
02/12/2021  12:05:22,570158;9,270587E-1;1,232313E-1;1,167838E-1;9,161579E-1;;
02/12/2021  12:05:22,570258;9,267726E-1;1,187712E-1;1,202590E-1;9,160058E-1;;
02/12/2021  12:05:22,570358;9,269783E-1;1,063466E-1;1,098333E-1;9,158850E-1;;
02/12/2021  12:05:22,570458;9,284058E-1;7,417000E-2;5,928414E-2;9,157952E-1;;
02/12/2021  12:05:22,570558;9,292403E-1;9,041758E-2;1,101492E-1;9,157363E-1;;
02/12/2021  12:05:22,570658;9,294489E-1;1,181340E-1;1,126766E-1;9,157081E-1;;
02/12/2021  12:05:22,570758;9,296784E-1;1,289658E-1;1,521681E-1;9,157103E-1;;
02/12/2021  12:05:22,570858;9,296873E-1;9,806350E-2;1,063580E-1;9,157424E-1;;
02/12/2021  12:05:22,570958;9,306291E-1;1,002936E-1;1,085695E-1;9,158042E-1;;
02/12/2021  12:05:22,571058;9,312103E-1;1,095324E-1;1,401627E-1;9,158948E-1;;
02/12/2021  12:05:22,571158;9,320448E-1;9,583344E-2;9,972343E-2;9,160138E-1;;
02/12/2021  12:05:22,571258;9,316961E-1;9,742634E-2;1,212068E-1;9,161606E-1;;
02/12/2021  12:05:22,571358;9,316156E-1;8,914326E-2;1,041465E-1;9,163344E-1;;
02/12/2021  12:05:22,571458;9,333561E-1;9,806350E-2;1,142563E-1;9,165344E-1;;
02/12/2021  12:05:22,571558;9,342532E-1;1,015679E-1;1,177316E-1;9,167598E-1;;
02/12/2021  12:05:22,571658;9,344320E-1;9,647060E-2;1,057261E-1;9,170099E-1;;
02/12/2021  12:05:22,571758;9,348999E-1;1,006121E-1;1,088855E-1;9,172839E-1;;
02/12/2021  12:05:22,571858;9,348790E-1;1,123996E-1;1,493248E-1;9,175812E-1;;
02/12/2021  12:05:22,571958;9,360384E-1;1,582751E-1;2,030332E-1;9,179008E-1;;
02/12/2021  12:05:22,572058;9,377401E-1;1,120810E-1;1,202590E-1;9,182419E-1;;
02/12/2021  12:05:22,572158;9,377163E-1;1,410718E-1;1,445858E-1;9,186038E-1;;
02/12/2021  12:05:22,572258;9,379458E-1;1,321516E-1;1,183634E-1;9,189858E-1;;
02/12/2021  12:05:22,572358;9,384673E-1;1,611423E-1;1,351078E-1;9,193871E-1;;
02/12/2021  12:05:22,572458;9,404671E-1;1,487177E-1;1,480610E-1;9,198070E-1;;
02/12/2021  12:05:22,572558;9,410512E-1;1,585937E-1;1,433221E-1;9,202449E-1;;
02/12/2021  12:05:22,572658;9,414506E-1;1,681511E-1;1,569071E-1;9,207000E-1;;
02/12/2021  12:05:22,572758;9,415102E-1;1,678325E-1;1,531159E-1;9,211719E-1;;
02/12/2021  12:05:22,572858;9,420377E-1;1,439390E-1;1,234183E-1;9,216598E-1;;
02/12/2021  12:05:22,572958;9,436232E-1;1,404346E-1;1,316326E-1;9,221631E-1;;
02/12/2021  12:05:22,573058;9,437782E-1;1,331073E-1;1,316326E-1;9,226810E-1;;
02/12/2021  12:05:22,573158;9,440256E-1;1,327887E-1;1,373193E-1;9,232129E-1;;
02/12/2021  12:05:22,573258;9,448064E-1;1,334259E-1;1,572231E-1;9,237581E-1;;
02/12/2021  12:05:22,573358;9,458376E-1;1,254614E-1;1,268936E-1;9,243159E-1;;
02/12/2021  12:05:22,573458;9,475781E-1;1,359745E-1;1,505885E-1;9,248856E-1;;
02/12/2021  12:05:22,573558;9,482069E-1;1,194084E-1;1,249980E-1;9,254668E-1;;
02/12/2021  12:05:22,573658;9,479327E-1;1,184526E-1;1,170997E-1;9,260590E-1;;
02/12/2021  12:05:22,573758;9,479715E-1;1,178155E-1;1,019350E-1;9,266618E-1;;
02/12/2021  12:05:22,573858;9,493275E-1;1,299215E-1;1,319485E-1;9,272744E-1;;
02/12/2021  12:05:22,573958;9,505077E-1;1,299215E-1;1,205749E-1;9,278963E-1;;
02/12/2021  12:05:22,574058;9,513422E-1;1,178155E-1;1,294210E-1;9,285270E-1;;
02/12/2021  12:05:22,574158;9,517565E-1;1,362931E-1;1,303688E-1;9,291659E-1;;
02/12/2021  12:05:22,574258;9,517237E-1;1,315144E-1;1,347919E-1;9,298127E-1;;
02/12/2021  12:05:22,574358;9,527817E-1;1,127182E-1;1,199431E-1;9,304669E-1;;
02/12/2021  12:05:22,574458;9,542689E-1;1,245056E-1;1,019350E-1;9,311278E-1;;
02/12/2021  12:05:22,574558;9,546503E-1;1,022050E-1;7,223735E-2;9,317952E-1;;
02/12/2021  12:05:22,574658;9,550557E-1;1,136739E-1;1,139404E-1;9,324685E-1;;
02/12/2021  12:05:22,574758;9,549305E-1;1,178155E-1;1,142563E-1;9,331474E-1;;
02/12/2021  12:05:22,574858;9,559706E-1;1,077258E-2;5,960007E-2;9,338315E-1;;
02/12/2021  12:05:22,574958;9,566978E-1;1,420275E-1;1,370034E-1;9,345200E-1;;
02/12/2021  12:05:22,575058;9,568766E-1;1,238685E-1;1,199431E-1;9,352127E-1;;
02/12/2021  12:05:22,575158;9,561941E-1;1,031608E-1;1,092014E-1;9,359088E-1;;
02/12/2021  12:05:22,575258;9,566740E-1;9,360338E-2;9,688005E-2;9,366077E-1;;
02/12/2021  12:05:22,575358;9,573773E-1;6,939130E-2;1,003553E-1;9,373087E-1;;
02/12/2021  12:05:22,575458;9,584234E-1;1,324701E-1;1,562753E-1;9,380110E-1;;
02/12/2021  12:05:22,575558;9,582952E-1;1,139925E-1;1,114129E-1;9,387139E-1;;
02/12/2021  12:05:22,575658;9,577290E-1;1,139925E-1;1,268936E-1;9,394168E-1;;
02/12/2021  12:05:22,575758;9,576515E-1;1,210013E-1;1,385831E-1;9,401188E-1;;
02/12/2021  12:05:22,575858;9,585873E-1;1,315144E-1;1,287892E-1;9,408192E-1;;
02/12/2021  12:05:22,575958;9,589867E-1;1,235499E-1;1,284732E-1;9,415169E-1;;
02/12/2021  12:05:22,576058;9,586350E-1;1,079395E-1;1,123607E-1;9,422112E-1;;
02/12/2021  12:05:22,576158;9,580211E-1;1,130368E-1;1,227865E-1;9,429014E-1;;
02/12/2021  12:05:22,576258;9,578661E-1;1,260985E-1;1,278414E-1;9,435864E-1;;
02/12/2021  12:05:22,576358;9,589062E-1;1,324701E-1;1,224705E-1;9,442652E-1;;
02/12/2021  12:05:22,576458;9,587125E-1;1,143111E-1;1,155200E-1;9,449369E-1;;
02/12/2021  12:05:22,576558;9,590731E-1;1,283286E-1;1,606983E-1;9,456007E-1;;
02/12/2021  12:05:22,576658;9,580985E-1;1,235499E-1;1,306848E-1;9,462557E-1;;
02/12/2021  12:05:22,576758;9,575084E-1;1,225942E-1;1,341600E-1;9,469011E-1;;
02/12/2021  12:05:22,576858;9,586797E-1;1,034794E-1;1,268936E-1;9,475357E-1;;
02/12/2021  12:05:22,576958;9,582267E-1;1,009307E-1;1,054102E-1;9,481589E-1;;
02/12/2021  12:05:22,577058;9,582893E-1;1,576380E-1;1,641736E-1;9,487696E-1;;
02/12/2021  12:05:22,577158;9,579525E-1;1,225942E-1;1,215227E-1;9,493673E-1;;
02/12/2021  12:05:22,577258;9,587006E-1;9,487770E-2;1,123607E-1;9,499510E-1;;
02/12/2021  12:05:22,577358;9,594248E-1;1,149482E-1;1,189953E-1;9,505201E-1;;
02/12/2021  12:05:22,577458;9,589152E-1;1,104881E-1;1,205749E-1;9,510742E-1;;
02/12/2021  12:05:22,577558;9,596543E-1;9,997498E-2;9,340479E-2;9,516130E-1;;
02/12/2021  12:05:22,577658;9,587810E-1;1,050723E-1;9,466852E-2;9,521359E-1;;
02/12/2021  12:05:22,577758;9,591268E-1;1,194084E-1;1,126766E-1;9,526428E-1;;
02/12/2021  12:05:22,577858;9,598271E-1;1,222756E-1;1,183634E-1;9,531334E-1;;
02/12/2021  12:05:22,577958;9,598718E-1;1,257800E-1;1,303688E-1;9,536074E-1;;
02/12/2021  12:05:22,578058;9,597437E-1;1,057094E-1;1,129926E-1;9,540648E-1;;
02/12/2021  12:05:22,578158;9,590850E-1;1,337445E-1;1,366875E-1;9,545056E-1;;
02/12/2021  12:05:22,578258;9,598599E-1;1,123996E-1;1,170997E-1;9,549296E-1;;
02/12/2021  12:05:22,578358;9,604679E-1;1,257800E-1;1,246821E-1;9,553368E-1;;
02/12/2021  12:05:22,578458;9,600953E-1;1,347002E-1;1,335282E-1;9,557273E-1;;
02/12/2021  12:05:22,578558;9,595708E-1;1,264171E-1;1,189953E-1;9,561013E-1;;
02/12/2021  12:05:22,578658;9,583370E-1;1,155854E-1;1,079377E-1;9,564589E-1;;
02/12/2021  12:05:22,578758;9,588675E-1;1,238685E-1;1,360556E-1;9,567999E-1;;
02/12/2021  12:05:22,578858;9,587900E-1;1,012493E-1;1,569071E-1;9,571244E-1;;
02/12/2021  12:05:22,578958;9,584383E-1;1,241871E-1;1,278414E-1;9,574322E-1;;
02/12/2021  12:05:22,579058;9,578393E-1;1,152668E-1;1,183634E-1;9,577233E-1;;
02/12/2021  12:05:22,579158;9,571389E-1;1,171783E-1;1,215227E-1;9,579977E-1;;
02/12/2021  12:05:22,579258;9,579257E-1;1,459554E-2;1,088855E-1;9,582553E-1;;
02/12/2021  12:05:22,579358;9,581164E-1;1,385232E-1;1,310007E-1;9,584960E-1;;
02/12/2021  12:05:22,579458;9,577737E-1;1,248242E-1;1,186794E-1;9,587199E-1;;
02/12/2021  12:05:22,579558;9,574965E-1;1,267357E-1;1,486929E-1;9,589271E-1;;
02/12/2021  12:05:22,579658;9,568081E-1;1,248242E-1;1,246821E-1;9,591179E-1;;
02/12/2021  12:05:22,579758;9,567962E-1;1,391603E-1;1,328963E-1;9,592923E-1;;
02/12/2021  12:05:22,579858;9,573833E-1;1,433019E-1;1,761790E-1;9,594505E-1;;
02/12/2021  12:05:22,579958;9,570137E-1;1,152668E-1;1,069899E-1;9,595925E-1;;
02/12/2021  12:05:22,580058;9,561465E-1;1,315144E-1;1,430061E-1;9,597188E-1;;
02/12/2021  12:05:22,580158;9,555355E-1;1,385232E-1;1,316326E-1;9,598295E-1;;
02/12/2021  12:05:22,580258;9,564624E-1;1,528593E-1;1,420583E-1;9,599247E-1;;
02/12/2021  12:05:22,580358;9,567366E-1;1,369303E-1;1,392149E-1;9,600047E-1;;
02/12/2021  12:05:22,580458;9,564236E-1;1,117624E-1;1,205749E-1;9,600699E-1;;
02/12/2021  12:05:22,580558;9,558514E-1;1,366117E-1;1,379512E-1;9,601207E-1;;
02/12/2021  12:05:22,580658;9,548917E-1;1,407532E-1;1,417424E-1;9,601575E-1;;
02/12/2021  12:05:22,580758;9,553388E-1;1,439390E-1;1,505885E-1;9,601806E-1;;
02/12/2021  12:05:22,580858;9,553835E-1;1,174969E-1;1,202590E-1;9,601903E-1;;
02/12/2021  12:05:22,580958;9,549752E-1;1,299215E-1;1,313166E-1;9,601870E-1;;
02/12/2021  12:05:22,581058;9,540632E-1;1,353374E-1;1,322644E-1;9,601709E-1;;
02/12/2021  12:05:22,581158;9,535804E-1;1,324701E-1;1,442698E-1;9,601425E-1;;
02/12/2021  12:05:22,581258;9,545431E-1;1,174969E-1;1,287892E-1;9,601020E-1;;
02/12/2021  12:05:22,581358;9,541407E-1;1,187712E-1;1,170997E-1;9,600496E-1;;
02/12/2021  12:05:22,581458;9,534999E-1;1,426647E-1;1,411105E-1;9,599859E-1;;
02/12/2021  12:05:22,581558;9,521648E-1;1,397975E-1;1,306848E-1;9,599110E-1;;
02/12/2021  12:05:22,581658;9,515777E-1;8,181592E-2;8,013565E-2;9,598254E-1;;
02/12/2021  12:05:22,581758;9,524926E-1;1,235499E-1;1,155200E-1;9,597289E-1;;
02/12/2021  12:05:22,581858;9,517296E-1;1,327887E-1;1,335282E-1;9,596220E-1;;
02/12/2021  12:05:22,581958;9,505226E-1;1,499920E-1;1,578549E-1;9,595046E-1;;
02/12/2021  12:05:22,582058;9,502455E-1;2,032998E-2;9,182514E-2;9,593771E-1;;
02/12/2021  12:05:22,582158;9,501590E-1;1,229127E-1;1,253139E-1;9,592394E-1;;
02/12/2021  12:05:22,582258;9,503945E-1;1,190898E-1;1,275255E-1;9,590917E-1;;
02/12/2021  12:05:22,582358;9,498282E-1;1,464877E-1;1,407946E-1;9,589342E-1;;
02/12/2021  12:05:22,582458;9,484185E-1;1,413904E-1;1,231024E-1;9,587670E-1;;
02/12/2021  12:05:22,582558;9,469612E-1;1,165411E-1;9,530039E-2;9,585903E-1;;
02/12/2021  12:05:22,582658;9,465350E-1;1,426647E-1;1,373193E-1;9,584040E-1;;
02/12/2021  12:05:22,582758;9,466065E-1;1,315144E-1;1,215227E-1;9,582078E-1;;
02/12/2021  12:05:22,582858;9,457094E-1;1,359745E-1;1,332122E-1;9,580017E-1;;
02/12/2021  12:05:22,582958;9,449673E-1;1,324701E-1;1,243661E-1;9,577855E-1;;
02/12/2021  12:05:22,583058;9,439153E-1;1,305587E-1;1,303688E-1;9,575592E-1;;
02/12/2021  12:05:22,583158;9,437752E-1;1,241871E-1;1,265777E-1;9,573225E-1;;
02/12/2021  12:05:22,583258;9,437246E-1;1,311958E-1;1,221546E-1;9,570752E-1;;
02/12/2021  12:05:22,583358;9,428752E-1;1,229127E-1;1,148882E-1;9,568173E-1;;
02/12/2021  12:05:22,583458;9,425026E-1;1,155854E-1;1,136244E-1;9,565488E-1;;
02/12/2021  12:05:22,583558;9,410989E-1;1,171783E-1;1,215227E-1;9,562696E-1;;
02/12/2021  12:05:22,583658;9,413642E-1;1,136739E-1;1,208909E-1;9,559797E-1;;
02/12/2021  12:05:22,583758;9,413940E-1;1,152668E-1;1,170997E-1;9,556790E-1;;
02/12/2021  12:05:22,583858;9,407890E-1;1,063466E-1;1,177316E-1;9,553677E-1;;
02/12/2021  12:05:22,583958;9,400737E-1;1,123996E-1;1,193112E-1;9,550460E-1;;
02/12/2021  12:05:22,584058;9,396505E-1;8,309024E-2;9,340479E-2;9,547140E-1;;
02/12/2021  12:05:22,584158;9,400469E-1;1,165411E-1;1,104651E-1;9,543719E-1;;
02/12/2021  12:05:22,584258;9,400707E-1;1,168597E-1;1,632258E-1;9,540201E-1;;
02/12/2021  12:05:22,584358;9,398025E-1;9,583344E-2;1,117289E-1;9,536589E-1;;
02/12/2021  12:05:22,584458;9,389382E-1;1,060280E-1;1,278414E-1;9,532890E-1;;
02/12/2021  12:05:22,584558;9,374480E-1;1,127182E-1;1,152041E-1;9,529107E-1;;
02/12/2021  12:05:22,584658;9,375792E-1;1,088952E-1;1,126766E-1;9,525245E-1;;
02/12/2021  12:05:22,584758;9,375434E-1;1,085766E-1;1,272095E-1;9,521305E-1;;
02/12/2021  12:05:22,584858;9,365391E-1;1,073023E-1;1,161519E-1;9,517293E-1;;
02/12/2021  12:05:22,584958;9,357314E-1;1,155854E-1;1,351078E-1;9,513210E-1;;
02/12/2021  12:05:22,585058;9,354065E-1;1,139925E-1;1,246821E-1;9,509061E-1;;
02/12/2021  12:05:22,585158;9,354811E-1;1,025236E-1;1,088855E-1;9,504847E-1;;
02/12/2021  12:05:22,585258;9,355496E-1;9,360338E-2;1,170997E-1;9,500572E-1;;
02/12/2021  12:05:22,585358;9,345035E-1;1,260985E-1;1,341600E-1;9,496241E-1;;
02/12/2021  12:05:22,585458;9,338598E-1;1,490363E-1;1,445858E-1;9,491857E-1;;
02/12/2021  12:05:22,585558;9,326200E-1;1,519035E-1;1,170997E-1;9,487424E-1;;
02/12/2021  12:05:22,585658;9,335290E-1;1,528593E-1;1,439539E-1;9,482944E-1;;
02/12/2021  12:05:22,585758;9,325246E-1;1,624167E-1;1,521681E-1;9,478419E-1;;
02/12/2021  12:05:22,585858;9,317110E-1;1,793014E-1;1,581709E-1;9,473854E-1;;
02/12/2021  12:05:22,585958;9,316543E-1;1,703812E-1;1,467973E-1;9,469251E-1;;
02/12/2021  12:05:22,586058;9,310762E-1;9,615202E-2;1,300529E-1;9,464613E-1;;
02/12/2021  12:05:22,586158;9,317944E-1;1,777085E-1;1,641736E-1;9,459942E-1;;
02/12/2021  12:05:22,586258;9,311954E-1;1,726112E-1;1,606983E-1;9,455243E-1;;
02/12/2021  12:05:22,586358;9,307513E-1;1,477620E-1;1,480610E-1;9,450520E-1;;
02/12/2021  12:05:22,586458;9,290794E-1;1,506292E-1;1,603824E-1;9,445778E-1;;
02/12/2021  12:05:22,586558;9,289512E-1;1,315144E-1;1,275255E-1;9,441018E-1;;
02/12/2021  12:05:22,586658;9,292612E-1;1,280100E-1;1,316326E-1;9,436245E-1;;
02/12/2021  12:05:22,586758;9,285161E-1;1,382046E-1;1,392149E-1;9,431459E-1;;
02/12/2021  12:05:22,586858;9,282181E-1;1,308772E-1;1,284732E-1;9,426664E-1;;
02/12/2021  12:05:22,586958;9,272316E-1;8,818752E-2;9,245700E-2;9,421863E-1;;
02/12/2021  12:05:22,587058;9,270855E-1;1,305587E-1;1,284732E-1;9,417057E-1;;
02/12/2021  12:05:22,587158;9,273597E-1;1,464877E-1;1,483770E-1;9,412250E-1;;
02/12/2021  12:05:22,587258;9,268203E-1;1,448948E-1;1,306848E-1;9,407442E-1;;
02/12/2021  12:05:22,587358;9,259858E-1;1,254614E-1;1,221546E-1;9,402638E-1;;
02/12/2021  12:05:22,587458;9,253391E-1;1,210013E-1;1,148882E-1;9,397840E-1;;
02/12/2021  12:05:22,587558;9,252288E-1;1,155854E-1;1,278414E-1;9,393049E-1;;
02/12/2021  12:05:22,587658;9,252944E-1;5,282514E-2;5,517702E-2;9,388267E-1;;
02/12/2021  12:05:22,587758;9,250709E-1;1,229127E-1;1,177316E-1;9,383496E-1;;
02/12/2021  12:05:22,587858;9,240874E-1;1,229127E-1;1,224705E-1;9,378738E-1;;
02/12/2021  12:05:22,587958;9,233751E-1;1,216384E-1;1,221546E-1;9,373997E-1;;
02/12/2021  12:05:22,588058;9,239652E-1;1,509478E-1;1,458495E-1;9,369272E-1;;
02/12/2021  12:05:22,588158;9,237774E-1;1,315144E-1;1,316326E-1;9,364566E-1;;
02/12/2021  12:05:22,588258;9,231217E-1;1,270543E-1;1,265777E-1;9,359882E-1;;
02/12/2021  12:05:22,588358;9,220071E-1;1,429833E-1;1,689125E-1;9,355220E-1;;
02/12/2021  12:05:22,588458;9,204514E-1;1,471248E-1;1,404787E-1;9,350583E-1;;
02/12/2021  12:05:22,588558;9,204872E-1;1,292843E-1;1,152041E-1;9,345969E-1;;
02/12/2021  12:05:22,588658;9,198464E-1;1,652839E-1;1,739675E-1;9,341377E-1;;
02/12/2021  12:05:22,588758;9,193755E-1;1,238685E-1;1,164678E-1;9,336805E-1;;
02/12/2021  12:05:22,588858;9,182460E-1;1,601866E-1;1,711241E-1;9,332250E-1;;
02/12/2021  12:05:22,588958;9,173102E-1;1,407532E-1;1,335282E-1;9,327711E-1;;
02/12/2021  12:05:22,589058;9,171492E-1;9,041758E-2;7,824006E-2;9,323184E-1;;
02/12/2021  12:05:22,589158;9,170419E-1;1,136739E-1;1,170997E-1;9,318666E-1;;
02/12/2021  12:05:22,589258;9,164429E-1;1,340630E-1;1,306848E-1;9,314153E-1;;
02/12/2021  12:05:22,589358;9,151643E-1;1,410718E-1;1,272095E-1;9,309645E-1;;
02/12/2021  12:05:22,589458;9,150034E-1;1,108067E-1;1,370034E-1;9,305137E-1;;
02/12/2021  12:05:22,589558;9,158737E-1;1,222756E-1;1,445858E-1;9,300628E-1;;
02/12/2021  12:05:22,589658;9,156472E-1;1,241871E-1;1,313166E-1;9,296117E-1;;
02/12/2021  12:05:22,589758;9,159511E-1;1,401161E-1;1,433221E-1;9,291603E-1;;
02/12/2021  12:05:22,589858;9,155220E-1;1,241871E-1;1,193112E-1;9,287090E-1;;
02/12/2021  12:05:22,589958;9,157455E-1;1,174969E-1;9,972343E-2;9,282580E-1;;
02/12/2021  12:05:22,590058;9,166873E-1;1,241871E-1;1,417424E-1;9,278076E-1;;
02/12/2021  12:05:22,590158;9,171731E-1;1,362931E-1;1,363715E-1;9,273584E-1;;
02/12/2021  12:05:22,590258;9,170926E-1;1,522221E-1;1,518522E-1;9,269110E-1;;
02/12/2021  12:05:22,590358;9,167648E-1;1,429833E-1;1,420583E-1;9,264662E-1;;
02/12/2021  12:05:22,590458;9,162700E-1;6,747982E-2;7,065769E-2;9,260247E-1;;
02/12/2021  12:05:22,590558;9,176916E-1;1,280100E-1;1,246821E-1;9,255872E-1;;
02/12/2021  12:05:22,590658;9,173668E-1;1,324701E-1;1,319485E-1;9,251544E-1;;
02/12/2021  12:05:22,590758;9,174204E-1;1,280100E-1;1,325804E-1;9,247270E-1;;
02/12/2021  12:05:22,590858;9,177602E-1;1,496735E-1;1,477451E-1;9,243059E-1;;
02/12/2021  12:05:22,590958;9,185440E-1;1,232313E-1;1,259458E-1;9,238919E-1;;
02/12/2021  12:05:22,591058;9,193159E-1;1,404346E-1;1,433221E-1;9,234858E-1;;
02/12/2021  12:05:22,591158;9,204186E-1;1,101695E-1;1,196272E-1;9,230886E-1;;
02/12/2021  12:05:22,591258;9,197033E-1;1,155854E-1;1,152041E-1;9,227013E-1;;
02/12/2021  12:05:22,591358;9,194649E-1;1,127182E-1;1,287892E-1;9,223250E-1;;
02/12/2021  12:05:22,591458;9,203411E-1;1,203641E-1;1,278414E-1;9,219605E-1;;
02/12/2021  12:05:22,591558;9,211726E-1;1,197269E-1;1,085695E-1;9,216086E-1;;
02/12/2021  12:05:22,591658;9,223200E-1;1,184526E-1;1,196272E-1;9,212702E-1;;
02/12/2021  12:05:22,591758;9,223498E-1;1,210013E-1;1,174156E-1;9,209463E-1;;
02/12/2021  12:05:22,591858;9,227552E-1;1,283286E-1;1,357397E-1;9,206379E-1;;
02/12/2021  12:05:22,591958;9,234347E-1;1,286472E-1;1,366875E-1;9,203458E-1;;
02/12/2021  12:05:22,592058;9,247013E-1;1,216384E-1;9,814378E-2;9,200709E-1;;
02/12/2021  12:05:22,592158;9,254136E-1;1,178155E-1;1,455336E-1;9,198141E-1;;
02/12/2021  12:05:22,592258;9,248354E-1;1,143111E-1;1,186794E-1;9,195763E-1;;
02/12/2021  12:05:22,592358;9,242006E-1;1,337445E-1;1,332122E-1;9,193583E-1;;
02/12/2021  12:05:22,592458;9,249725E-1;1,375674E-1;1,474292E-1;9,191605E-1;;
02/12/2021  12:05:22,592558;9,258398E-1;3,445238E-3;6,117973E-2;9,189834E-1;;
02/12/2021  12:05:22,592658;9,260097E-1;1,171783E-1;1,227865E-1;9,188272E-1;;
02/12/2021  12:05:22,592758;9,258219E-1;1,085766E-1;1,234183E-1;9,186923E-1;;
02/12/2021  12:05:22,592858;9,257802E-1;6,301970E-2;8,708615E-2;9,185788E-1;;
02/12/2021  12:05:22,592958;9,263941E-1;9,710776E-2;9,751191E-2;9,184867E-1;;
02/12/2021  12:05:22,593058;9,277770E-1;1,544522E-1;1,903959E-1;9,184159E-1;;
02/12/2021  12:05:22,593158;9,272793E-1;1,382046E-1;1,322644E-1;9,183666E-1;;
02/12/2021  12:05:22,593258;9,272822E-1;1,264171E-1;1,357397E-1;9,183385E-1;;
02/12/2021  12:05:22,593358;9,266951E-1;1,254614E-1;1,313166E-1;9,183314E-1;;
02/12/2021  12:05:22,593458;9,277293E-1;1,219570E-1;1,199431E-1;9,183450E-1;;
02/12/2021  12:05:22,593558;9,287038E-1;1,200455E-1;1,294210E-1;9,183789E-1;;
02/12/2021  12:05:22,593658;9,287128E-1;1,289658E-1;1,265777E-1;9,184327E-1;;
02/12/2021  12:05:22,593758;9,279767E-1;1,362931E-1;1,392149E-1;9,185059E-1;;
02/12/2021  12:05:22,593858;9,287158E-1;1,296029E-1;1,351078E-1;9,185981E-1;;
02/12/2021  12:05:22,593958;9,296695E-1;1,174969E-1;1,139404E-1;9,187086E-1;;
02/12/2021  12:05:22,594058;9,303222E-1;1,229127E-1;1,272095E-1;9,188370E-1;;
02/12/2021  12:05:22,594158;9,304980E-1;1,445762E-1;1,534319E-1;9,189827E-1;;
02/12/2021  12:05:22,594258;9,298721E-1;1,216384E-1;1,240502E-1;9,191454E-1;;
02/12/2021  12:05:22,594358;9,302417E-1;1,101695E-1;1,275255E-1;9,193243E-1;;
02/12/2021  12:05:22,594458;9,317050E-1;1,503106E-1;1,461654E-1;9,195188E-1;;
02/12/2021  12:05:22,594558;9,319911E-1;1,388417E-1;1,363715E-1;9,197283E-1;;
02/12/2021  12:05:22,594658;9,323517E-1;1,299215E-1;1,227865E-1;9,199524E-1;;
02/12/2021  12:05:22,594758;9,332846E-1;1,286472E-1;1,246821E-1;9,201904E-1;;
02/12/2021  12:05:22,594858;9,337674E-1;8,404598E-2;1,092014E-1;9,204421E-1;;
02/12/2021  12:05:22,594958;9,350578E-1;1,296029E-1;1,344760E-1;9,207069E-1;;
02/12/2021  12:05:22,595058;9,368371E-1;1,273729E-1;1,278414E-1;9,209847E-1;;
02/12/2021  12:05:22,595158;9,372454E-1;1,088952E-1;1,129926E-1;9,212753E-1;;
02/12/2021  12:05:22,595258;9,367387E-1;1,123996E-1;1,537478E-1;9,215788E-1;;
02/12/2021  12:05:22,595358;9,383660E-1;1,184526E-1;1,120448E-1;9,218949E-1;;
02/12/2021  12:05:22,595458;9,400737E-1;1,321516E-1;1,272095E-1;9,222237E-1;;
02/12/2021  12:05:22,595558;9,411585E-1;1,210013E-1;1,202590E-1;9,225652E-1;;
02/12/2021  12:05:22,595658;9,410214E-1;1,123996E-1;1,205749E-1;9,229195E-1;;
02/12/2021  12:05:22,595758;9,412807E-1;1,245056E-1;1,325804E-1;9,232867E-1;;
02/12/2021  12:05:22,595858;9,424520E-1;1,445762E-1;1,417424E-1;9,236669E-1;;
02/12/2021  12:05:22,595958;9,443206E-1;1,292843E-1;1,313166E-1;9,240600E-1;;
02/12/2021  12:05:22,596058;9,446395E-1;1,139925E-1;1,152041E-1;9,244661E-1;;
02/12/2021  12:05:22,596158;9,446991E-1;1,171783E-1;1,164678E-1;9,248853E-1;;
02/12/2021  12:05:22,596258;9,443862E-1;1,305587E-1;1,189953E-1;9,253177E-1;;
02/12/2021  12:05:22,596358;9,455962E-1;9,870066E-2;1,644895E-1;9,257629E-1;;
02/12/2021  12:05:22,596458;9,469820E-1;3,625898E-2;8,329497E-2;9,262209E-1;;
02/12/2021  12:05:22,596558;9,473218E-1;1,190898E-1;1,291051E-1;9,266913E-1;;
02/12/2021  12:05:22,596658;9,477569E-1;1,111253E-1;1,224705E-1;9,271740E-1;;
02/12/2021  12:05:22,596758;9,480073E-1;9,073616E-2;8,139938E-2;9,276688E-1;;
02/12/2021  12:05:22,596858;9,499832E-1;2,319720E-2;3,085026E-2;9,281755E-1;;
02/12/2021  12:05:22,596958;9,510829E-1;9,933782E-2;9,782784E-2;9,286937E-1;;
02/12/2021  12:05:22,597058;9,517445E-1;1,047537E-1;1,013031E-1;9,292234E-1;;
02/12/2021  12:05:22,597158;9,518906E-1;1,353374E-1;1,641736E-1;9,297645E-1;;
02/12/2021  12:05:22,597258;9,521141E-1;1,123996E-1;1,202590E-1;9,303168E-1;;
02/12/2021  12:05:22,597358;9,537443E-1;1,006121E-1;1,041465E-1;9,308801E-1;;
02/12/2021  12:05:22,597458;9,555116E-1;1,786642E-1;1,967146E-1;9,314542E-1;;
02/12/2021  12:05:22,597558;9,552434E-1;1,044351E-1;1,114129E-1;9,320389E-1;;
02/12/2021  12:05:22,597658;9,556368E-1;1,159040E-1;1,373193E-1;9,326341E-1;;
02/12/2021  12:05:22,597758;9,561017E-1;8,818752E-2;9,530039E-2;9,332396E-1;;
02/12/2021  12:05:22,597858;9,574190E-1;2,861306E-2;4,664686E-2;9,338551E-1;;
02/12/2021  12:05:22,597958;9,583549E-1;9,583344E-2;1,212068E-1;9,344801E-1;;
02/12/2021  12:05:22,598058;9,591983E-1;1,149482E-1;1,281573E-1;9,351145E-1;;
02/12/2021  12:05:22,598158;9,586857E-1;9,392196E-2;1,035146E-1;9,357580E-1;;
02/12/2021  12:05:22,598258;9,591685E-1;1,840801E-1;1,948190E-1;9,364102E-1;;
02/12/2021  12:05:22,598358;9,606765E-1;1,222756E-1;1,300529E-1;9,370707E-1;;
02/12/2021  12:05:22,598458;9,614842E-1;1,280100E-1;1,382671E-1;9,377390E-1;;
02/12/2021  12:05:22,598558;9,616362E-1;1,206827E-1;1,297370E-1;9,384146E-1;;
02/12/2021  12:05:22,598658;9,615110E-1;1,327887E-1;1,300529E-1;9,390972E-1;;
02/12/2021  12:05:22,598758;9,617286E-1;2,082922E-1;2,071403E-1;9,397861E-1;;
02/12/2021  12:05:22,598858;9,632276E-1;1,493549E-1;1,559593E-1;9,404808E-1;;
02/12/2021  12:05:22,598958;9,635436E-1;1,563636E-1;1,436380E-1;9,411806E-1;;
02/12/2021  12:05:22,599058;9,642290E-1;1,528593E-1;1,366875E-1;9,418850E-1;;
02/12/2021  12:05:22,599158;9,637343E-1;1,554079E-1;1,313166E-1;9,425933E-1;;
02/12/2021  12:05:22,599258;9,641188E-1;3,339176E-2;7,792413E-2;9,433050E-1;;
02/12/2021  12:05:22,599358;9,651946E-1;1,824872E-1;1,610142E-1;9,440192E-1;;
02/12/2021  12:05:22,599458;9,654808E-1;1,611423E-1;1,534319E-1;9,447353E-1;;
02/12/2021  12:05:22,599558;9,651917E-1;1,315144E-1;1,480610E-1;9,454526E-1;;
02/12/2021  12:05:22,599658;9,648996E-1;1,394789E-1;1,423743E-1;9,461704E-1;;
02/12/2021  12:05:22,599758;9,656238E-1;1,296029E-1;1,354238E-1;9,468876E-1;;
02/12/2021  12:05:22,599858;9,677100E-1;1,069837E-1;1,189953E-1;9,476037E-1;;
02/12/2021  12:05:22,599958;9,678411E-1;1,260985E-1;1,284732E-1;9,483177E-1;;
02/12/2021  12:05:22,600058;9,677041E-1;1,254614E-1;1,208909E-1;9,490294E-1;;
02/12/2021  12:05:22,600158;9,666967E-1;1,477620E-1;1,490088E-1;9,497380E-1;;
02/12/2021  12:05:22,600258;9,665805E-1;1,260985E-1;1,341600E-1;9,504429E-1;;
02/12/2021  12:05:22,600358;9,678710E-1;1,146297E-1;1,136244E-1;9,511432E-1;;
02/12/2021  12:05:22,600458;9,672332E-1;1,206827E-1;1,303688E-1;9,518380E-1;;
02/12/2021  12:05:22,600558;9,665835E-1;1,318330E-1;1,221546E-1;9,525266E-1;;
02/12/2021  12:05:22,600658;9,659248E-1;1,347002E-1;1,398468E-1;9,532079E-1;;
02/12/2021  12:05:22,600758;9,658622E-1;1,391603E-1;1,338441E-1;9,538810E-1;;
02/12/2021  12:05:22,600858;9,667414E-1;1,165411E-1;9,751191E-2;9,545446E-1;;
02/12/2021  12:05:22,600958;9,662586E-1;1,184526E-1;9,814378E-2;9,551980E-1;;
02/12/2021  12:05:22,601058;9,649890E-1;1,251428E-1;1,278414E-1;9,558399E-1;;
02/12/2021  12:05:22,601158;9,641664E-1;1,401161E-1;1,360556E-1;9,564695E-1;;
02/12/2021  12:05:22,601258;9,644019E-1;9,360338E-2;1,183634E-1;9,570854E-1;;
02/12/2021  12:05:22,601358;9,644913E-1;1,219570E-1;1,310007E-1;9,576865E-1;;
02/12/2021  12:05:22,601458;9,636657E-1;1,311958E-1;1,310007E-1;9,582717E-1;;
02/12/2021  12:05:22,601558;9,625720E-1;1,372488E-1;1,351078E-1;9,588399E-1;;
02/12/2021  12:05:22,601658;9,619431E-1;6,015248E-2;8,519056E-2;9,593900E-1;;
02/12/2021  12:05:22,601758;9,622590E-1;6,652408E-2;9,972343E-2;9,599208E-1;;
02/12/2021  12:05:22,601858;9,623455E-1;1,404346E-1;2,229369E-1;9,604313E-1;;
02/12/2021  12:05:22,601958;9,614246E-1;1,362931E-1;1,404787E-1;9,609205E-1;;
02/12/2021  12:05:22,602058;9,602444E-1;1,276914E-1;1,366875E-1;9,613875E-1;;
02/12/2021  12:05:22,602158;9,589777E-1;1,321516E-1;1,265777E-1;9,618315E-1;;
02/12/2021  12:05:22,602258;9,591864E-1;1,347002E-1;1,303688E-1;9,622513E-1;;
02/12/2021  12:05:22,602358;9,594039E-1;1,458505E-1;1,524841E-1;9,626462E-1;;
02/12/2021  12:05:22,602458;9,587781E-1;1,407532E-1;1,300529E-1;9,630153E-1;;
02/12/2021  12:05:22,602558;9,579495E-1;1,299215E-1;1,382671E-1;9,633581E-1;;
02/12/2021  12:05:22,602658;9,575859E-1;1,232313E-1;1,262617E-1;9,636741E-1;;
02/12/2021  12:05:22,602758;9,575293E-1;1,162226E-1;1,092014E-1;9,639626E-1;;
02/12/2021  12:05:22,602858;9,574429E-1;1,394789E-1;1,385831E-1;9,642234E-1;;
02/12/2021  12:05:22,602958;9,576157E-1;1,353374E-1;1,294210E-1;9,644563E-1;;
02/12/2021  12:05:22,603058;9,566352E-1;1,251428E-1;1,224705E-1;9,646612E-1;;
02/12/2021  12:05:22,603158;9,557948E-1;-9,786320E-2;-3,991851E-2;9,648382E-1;;
02/12/2021  12:05:22,603258;9,563789E-1;1,257800E-1;1,294210E-1;9,649873E-1;;
02/12/2021  12:05:22,603358;9,564892E-1;1,280100E-1;1,313166E-1;9,651086E-1;;
02/12/2021  12:05:22,603458;9,555444E-1;9,232906E-2;1,152041E-1;9,652025E-1;;
02/12/2021  12:05:22,603558;9,547457E-1;1,168597E-1;1,215227E-1;9,652693E-1;;
02/12/2021  12:05:22,603658;9,546354E-1;1,397975E-1;1,319485E-1;9,653095E-1;;
02/12/2021  12:05:22,603758;9,553775E-1;1,327887E-1;1,357397E-1;9,653235E-1;;
02/12/2021  12:05:22,603858;9,551749E-1;1,311958E-1;1,322644E-1;9,653118E-1;;
02/12/2021  12:05:22,603958;9,534105E-1;1,267357E-1;1,319485E-1;9,652751E-1;;
02/12/2021  12:05:22,604058;9,525731E-1;1,487177E-1;2,336786E-1;9,652141E-1;;
02/12/2021  12:05:22,604158;9,519383E-1;1,324701E-1;1,328963E-1;9,651293E-1;;
02/12/2021  12:05:22,604258;9,530618E-1;1,340630E-1;1,366875E-1;9,650212E-1;;
02/12/2021  12:05:22,604358;9,521916E-1;1,391603E-1;1,300529E-1;9,648904E-1;;
02/12/2021  12:05:22,604458;9,515478E-1;1,276914E-1;1,291051E-1;9,647376E-1;;
02/12/2021  12:05:22,604558;9,499027E-1;1,385232E-1;1,414265E-1;9,645634E-1;;
02/12/2021  12:05:22,604658;9,505077E-1;1,573194E-1;1,426902E-1;9,643686E-1;;
02/12/2021  12:05:22,604758;9,501799E-1;1,308772E-1;1,445858E-1;9,641537E-1;;
02/12/2021  12:05:22,604858;9,494408E-1;1,229127E-1;1,205749E-1;9,639194E-1;;
02/12/2021  12:05:22,604958;9,489371E-1;1,433019E-1;1,328963E-1;9,636664E-1;;
02/12/2021  12:05:22,605058;9,467347E-1;1,200455E-1;1,180475E-1;9,633953E-1;;
02/12/2021  12:05:22,605158;9,469433E-1;4,836502E-2;9,972343E-2;9,631067E-1;;
02/12/2021  12:05:22,605258;9,469671E-1;1,216384E-1;1,420583E-1;9,628009E-1;;
02/12/2021  12:05:22,605358;9,458376E-1;1,289658E-1;1,275255E-1;9,624786E-1;;
02/12/2021  12:05:22,605458;9,446991E-1;1,538150E-1;1,436380E-1;9,621402E-1;;
02/12/2021  12:05:22,605558;9,431643E-1;1,318330E-1;1,281573E-1;9,617862E-1;;
02/12/2021  12:05:22,605658;9,432537E-1;1,245056E-1;1,164678E-1;9,614169E-1;;
02/12/2021  12:05:22,605758;9,432567E-1;1,343816E-1;1,388990E-1;9,610325E-1;;
02/12/2021  12:05:22,605858;9,422434E-1;1,273729E-1;1,401627E-1;9,606335E-1;;
02/12/2021  12:05:22,605958;9,402555E-1;1,366117E-1;1,344760E-1;9,602203E-1;;
02/12/2021  12:05:22,606058;9,394419E-1;1,248242E-1;1,202590E-1;9,597932E-1;;
02/12/2021  12:05:22,606158;9,388965E-1;1,232313E-1;1,101492E-1;9,593523E-1;;
02/12/2021  12:05:22,606258;9,382050E-1;1,388417E-1;1,692285E-1;9,588978E-1;;
02/12/2021  12:05:22,606358;9,373408E-1;1,534964E-1;1,471132E-1;9,584298E-1;;
02/12/2021  12:05:22,606458;9,355883E-1;1,388417E-1;1,338441E-1;9,579485E-1;;
02/12/2021  12:05:22,606558;9,338806E-1;1,270543E-1;1,221546E-1;9,574540E-1;;
02/12/2021  12:05:22,606658;9,335856E-1;1,203641E-1;1,306848E-1;9,569462E-1;;
02/12/2021  12:05:22,606758;9,329806E-1;1,420275E-1;1,480610E-1;9,564249E-1;;
02/12/2021  12:05:22,606858;9,314904E-1;1,366117E-1;1,215227E-1;9,558902E-1;;
02/12/2021  12:05:22,606958;9,298304E-1;1,343816E-1;1,458495E-1;9,553420E-1;;
02/12/2021  12:05:22,607058;9,277949E-1;1,206827E-1;1,215227E-1;9,547801E-1;;
02/12/2021  12:05:22,607158;9,277502E-1;1,534964E-1;1,682807E-1;9,542042E-1;;
02/12/2021  12:05:22,607258;9,276280E-1;1,315144E-1;1,328963E-1;9,536141E-1;;
02/12/2021  12:05:22,607358;9,264567E-1;1,229127E-1;1,249980E-1;9,530097E-1;;
02/12/2021  12:05:22,607458;9,253629E-1;1,088952E-1;1,193112E-1;9,523910E-1;;
02/12/2021  12:05:22,607558;9,247520E-1;-3,127998E-2;5,707262E-2;9,517580E-1;;
02/12/2021  12:05:22,607658;9,256103E-1;1,477620E-1;1,512204E-1;9,511110E-1;;
02/12/2021  12:05:22,607758;9,255984E-1;1,324701E-1;1,291051E-1;9,504502E-1;;
02/12/2021  12:05:22,607858;9,254345E-1;1,407532E-1;1,313166E-1;9,497763E-1;;
02/12/2021  12:05:22,607958;9,246000E-1;1,302401E-1;1,189953E-1;9,490900E-1;;
02/12/2021  12:05:22,608058;9,242930E-1;1,499920E-1;1,502726E-1;9,483923E-1;;
02/12/2021  12:05:22,608158;9,254851E-1;1,260985E-1;1,152041E-1;9,476841E-1;;
02/12/2021  12:05:22,608258;9,259560E-1;1,190898E-1;1,237343E-1;9,469664E-1;;
02/12/2021  12:05:22,608358;9,252735E-1;1,267357E-1;1,262617E-1;9,462406E-1;;
02/12/2021  12:05:22,608458;9,247371E-1;1,372488E-1;1,202590E-1;9,455082E-1;;
02/12/2021  12:05:22,608558;9,251841E-1;1,378860E-1;1,325804E-1;9,447705E-1;;
02/12/2021  12:05:22,608658;9,261795E-1;1,347002E-1;1,303688E-1;9,440289E-1;;
02/12/2021  12:05:22,608758;9,264567E-1;1,187712E-1;1,193112E-1;9,432851E-1;;
02/12/2021  12:05:22,608858;9,259709E-1;1,305587E-1;1,382671E-1;9,425407E-1;;
02/12/2021  12:05:22,608958;9,245642E-1;1,417090E-1;1,509044E-1;9,417975E-1;;
02/12/2021  12:05:22,609058;9,246357E-1;1,114439E-1;1,063580E-1;9,410568E-1;;
02/12/2021  12:05:22,609158;9,257355E-1;1,216384E-1;1,161519E-1;9,403200E-1;;
02/12/2021  12:05:22,609258;9,260544E-1;1,280100E-1;1,281573E-1;9,395884E-1;;
02/12/2021  12:05:22,609358;9,260246E-1;1,522221E-1;1,458495E-1;9,388637E-1;;
02/12/2021  12:05:22,609458;9,251782E-1;1,458505E-1;1,407946E-1;9,381472E-1;;
02/12/2021  12:05:22,609558;9,261974E-1;1,276914E-1;1,306848E-1;9,374404E-1;;
02/12/2021  12:05:22,609658;9,276041E-1;1,104881E-1;1,038306E-1;9,367445E-1;;
02/12/2021  12:05:22,609758;9,273657E-1;1,426647E-1;1,831295E-1;9,360610E-1;;
02/12/2021  12:05:22,609858;9,274104E-1;1,350188E-1;1,332122E-1;9,353914E-1;;
02/12/2021  12:05:22,609958;9,264507E-1;1,073023E-1;1,133085E-1;9,347371E-1;;
02/12/2021  12:05:22,610058;9,271511E-1;4,932076E-2;9,972343E-2;9,340993E-1;;
02/12/2021  12:05:22,610158;9,275922E-1;3,912620E-2;6,275939E-2;9,334789E-1;;
02/12/2021  12:05:22,610258;9,274193E-1;1,171783E-1;1,275255E-1;9,328771E-1;;
02/12/2021  12:05:22,610358;9,264656E-1;1,095324E-1;1,139404E-1;9,322947E-1;;
02/12/2021  12:05:22,610458;9,258845E-1;8,755036E-2;1,063580E-1;9,317324E-1;;
02/12/2021  12:05:22,610558;9,259679E-1;8,691320E-2;9,624818E-2;9,311907E-1;;
02/12/2021  12:05:22,610658;9,255835E-1;1,378860E-1;1,347919E-1;9,306699E-1;;
02/12/2021  12:05:22,610758;9,252199E-1;8,850610E-2;8,076751E-2;9,301702E-1;;
02/12/2021  12:05:22,610858;9,247818E-1;9,392196E-2;1,047783E-1;9,296915E-1;;
02/12/2021  12:05:22,610958;9,244480E-1;1,012493E-1;1,167838E-1;9,292340E-1;;
02/12/2021  12:05:22,611058;9,244927E-1;-2,235974E-2;4,759465E-2;9,287972E-1;;
02/12/2021  12:05:22,611158;9,246834E-1;9,806350E-2;1,249980E-1;9,283810E-1;;
02/12/2021  12:05:22,611258;9,252944E-1;9,774492E-2;1,019350E-1;9,279851E-1;;
02/12/2021  12:05:22,611358;9,247937E-1;1,155854E-1;1,695444E-1;9,276093E-1;;
02/12/2021  12:05:22,611458;9,236701E-1;7,098420E-2;1,035146E-1;9,272533E-1;;
02/12/2021  12:05:22,611558;9,250709E-1;5,919674E-2;1,335282E-1;9,269167E-1;;
02/12/2021  12:05:22,611658;9,257414E-1;1,050723E-1;1,177316E-1;9,265991E-1;;
02/12/2021  12:05:22,611758;9,254881E-1;1,044351E-1;1,227865E-1;9,263004E-1;;
02/12/2021  12:05:22,611858;9,246655E-1;1,053908E-1;1,262617E-1;9,260201E-1;;
02/12/2021  12:05:22,611958;9,247639E-1;1,570008E-1;1,569071E-1;9,257581E-1;;
02/12/2021  12:05:22,612058;9,253212E-1;1,452133E-1;1,407946E-1;9,255138E-1;;
02/12/2021  12:05:22,612158;9,262451E-1;1,203641E-1;1,202590E-1;9,252869E-1;;
02/12/2021  12:05:22,612258;9,264984E-1;1,483991E-1;1,363715E-1;9,250770E-1;;
02/12/2021  12:05:22,612358;9,264150E-1;1,563636E-1;1,347919E-1;9,248840E-1;;
02/12/2021  12:05:22,612458;9,258159E-1;1,783457E-1;1,588027E-1;9,247076E-1;;
02/12/2021  12:05:22,612558;9,267428E-1;1,665582E-1;1,543797E-1;9,245475E-1;;
02/12/2021  12:05:22,612658;9,279767E-1;1,611423E-1;1,518522E-1;9,244034E-1;;
02/12/2021  12:05:22,612758;9,279886E-1;1,605052E-1;1,638576E-1;9,242752E-1;;
02/12/2021  12:05:22,612858;9,265372E-1;1,159040E-1;1,240502E-1;9,241626E-1;;
02/12/2021  12:05:22,612958;9,264776E-1;1,350188E-1;1,313166E-1;9,240654E-1;;
02/12/2021  12:05:22,613058;9,282717E-1;1,289658E-1;1,310007E-1;9,239831E-1;;
02/12/2021  12:05:22,613158;9,288558E-1;1,210013E-1;1,272095E-1;9,239154E-1;;
02/12/2021  12:05:22,613258;9,292373E-1;1,210013E-1;1,325804E-1;9,238621E-1;;
02/12/2021  12:05:22,613358;9,284207E-1;1,321516E-1;1,423743E-1;9,238230E-1;;
02/12/2021  12:05:22,613458;9,287515E-1;1,238685E-1;1,218387E-1;9,237980E-1;;
02/12/2021  12:05:22,613558;9,301374E-1;7,193994E-2;7,539667E-2;9,237867E-1;;
02/12/2021  12:05:22,613658;9,312609E-1;1,238685E-1;1,287892E-1;9,237889E-1;;
02/12/2021  12:05:22,613758;9,311447E-1;1,257800E-1;1,076217E-1;9,238046E-1;;
02/12/2021  12:05:22,613858;9,304175E-1;1,130368E-1;9,498445E-2;9,238338E-1;;
02/12/2021  12:05:22,613958;9,312907E-1;5,664810E-2;1,177316E-1;9,238762E-1;;
02/12/2021  12:05:22,614058;9,330163E-1;1,353374E-1;1,528000E-1;9,239318E-1;;
02/12/2021  12:05:22,614158;9,344618E-1;1,547707E-1;1,528000E-1;9,240004E-1;;
02/12/2021  12:05:22,614258;9,353618E-1;1,117624E-1;1,123607E-1;9,240824E-1;;
02/12/2021  12:05:22,614358;9,350102E-1;1,190898E-1;1,199431E-1;9,241779E-1;;
02/12/2021  12:05:22,614458;9,359788E-1;1,219570E-1;1,085695E-1;9,242873E-1;;
02/12/2021  12:05:22,614558;9,380262E-1;1,362931E-1;1,303688E-1;9,244108E-1;;
02/12/2021  12:05:22,614658;9,390544E-1;1,270543E-1;1,186794E-1;9,245488E-1;;
02/12/2021  12:05:22,614758;9,389918E-1;1,260985E-1;1,272095E-1;9,247017E-1;;
02/12/2021  12:05:22,614858;9,388577E-1;1,219570E-1;1,218387E-1;9,248700E-1;;
02/12/2021  12:05:22,614958;9,396207E-1;1,088952E-1;1,129926E-1;9,250540E-1;;
02/12/2021  12:05:22,615058;9,402823E-1;1,308772E-1;1,306848E-1;9,252538E-1;;
02/12/2021  12:05:22,615158;9,407711E-1;1,109116E-2;5,486109E-2;9,254694E-1;;
02/12/2021  12:05:22,615258;9,400320E-1;1,050723E-1;1,101492E-1;9,257009E-1;;
02/12/2021  12:05:22,615358;9,390574E-1;1,146297E-1;1,117289E-1;9,259481E-1;;
02/12/2021  12:05:22,615458;9,389442E-1;3,817046E-2;9,372073E-2;9,262106E-1;;
02/12/2021  12:05:22,615558;9,397429E-1;1,331073E-1;1,474292E-1;9,264876E-1;;
02/12/2021  12:05:22,615658;9,396833E-1;1,063466E-1;1,101492E-1;9,267784E-1;;
02/12/2021  12:05:22,615758;9,396117E-1;9,041758E-2;1,215227E-1;9,270823E-1;;
02/12/2021  12:05:22,615858;9,381425E-1;6,429402E-2;1,095173E-1;9,273984E-1;;
02/12/2021  12:05:22,615958;9,391945E-1;8,436456E-2;1,231024E-1;9,277256E-1;;
02/12/2021  12:05:22,616058;9,400946E-1;1,133553E-1;1,189953E-1;9,280629E-1;;
02/12/2021  12:05:22,616158;9,404939E-1;1,133553E-1;1,196272E-1;9,284092E-1;;
02/12/2021  12:05:22,616258;9,405952E-1;1,302401E-1;1,272095E-1;9,287638E-1;;
02/12/2021  12:05:22,616358;9,403151E-1;1,299215E-1;8,361090E-2;9,291258E-1;;
02/12/2021  12:05:22,616458;9,423655E-1;1,331073E-1;1,458495E-1;9,294943E-1;;
02/12/2021  12:05:22,616558;9,431047E-1;1,114439E-1;1,221546E-1;9,298688E-1;;
02/12/2021  12:05:22,616658;9,442968E-1;1,178155E-1;1,287892E-1;9,302487E-1;;
02/12/2021  12:05:22,616758;9,435159E-1;1,347002E-1;1,265777E-1;9,306337E-1;;
02/12/2021  12:05:22,616858;9,435279E-1;1,382046E-1;1,316326E-1;9,310235E-1;;
02/12/2021  12:05:22,616958;9,445412E-1;1,260985E-1;1,227865E-1;9,314176E-1;;
02/12/2021  12:05:22,617058;9,449971E-1;1,127182E-1;1,117289E-1;9,318156E-1;;
02/12/2021  12:05:22,617158;9,451164E-1;1,410718E-1;1,606983E-1;9,322171E-1;;
02/12/2021  12:05:22,617258;9,441448E-1;1,286472E-1;1,262617E-1;9,326217E-1;;
02/12/2021  12:05:22,617358;9,439749E-1;9,583344E-2;1,142563E-1;9,330289E-1;;
02/12/2021  12:05:22,617458;9,444100E-1;1,037979E-1;1,114129E-1;9,334381E-1;;
02/12/2021  12:05:22,617558;9,449644E-1;1,270543E-1;1,370034E-1;9,338484E-1;;
02/12/2021  12:05:22,617658;9,446514E-1;1,375674E-1;1,322644E-1;9,342594E-1;;
02/12/2021  12:05:22,617758;9,432686E-1;1,047537E-1;1,272095E-1;9,346703E-1;;
02/12/2021  12:05:22,617858;9,424281E-1;1,292843E-1;1,303688E-1;9,350803E-1;;
02/12/2021  12:05:22,617958;9,429646E-1;7,894870E-2;1,161519E-1;9,354884E-1;;
02/12/2021  12:05:22,618058;9,424579E-1;1,280100E-1;1,407946E-1;9,358934E-1;;
02/12/2021  12:05:22,618158;9,427649E-1;7,417000E-2;8,550650E-2;9,362945E-1;;
02/12/2021  12:05:22,618258;9,410810E-1;1,037979E-1;1,073058E-1;9,366905E-1;;
02/12/2021  12:05:22,618358;9,416682E-1;8,723178E-2;9,751191E-2;9,370804E-1;;
02/12/2021  12:05:22,618458;9,423566E-1;1,095324E-1;1,044624E-1;9,374632E-1;;
02/12/2021  12:05:22,618558;9,427709E-1;1,356559E-1;9,214107E-2;9,378379E-1;;
02/12/2021  12:05:22,618658;9,427679E-1;1,260985E-1;1,262617E-1;9,382039E-1;;
02/12/2021  12:05:22,618758;9,417039E-1;1,222756E-1;1,167838E-1;9,385605E-1;;
02/12/2021  12:05:22,618858;9,423268E-1;1,248242E-1;1,180475E-1;9,389070E-1;;
02/12/2021  12:05:22,618958;9,433431E-1;1,155854E-1;1,145722E-1;9,392431E-1;;
02/12/2021  12:05:22,619058;9,443802E-1;1,286472E-1;1,278414E-1;9,395682E-1;;
02/12/2021  12:05:22,619158;9,440464E-1;1,120810E-1;1,142563E-1;9,398823E-1;;
02/12/2021  12:05:22,619258;9,435338E-1;1,181340E-1;1,180475E-1;9,401853E-1;;
02/12/2021  12:05:22,619358;9,450270E-1;1,324701E-1;1,278414E-1;9,404772E-1;;
02/12/2021  12:05:22,619458;9,456051E-1;1,356559E-1;1,341600E-1;9,407581E-1;;
02/12/2021  12:05:22,619558;9,464128E-1;1,149482E-1;1,028828E-1;9,410284E-1;;
02/12/2021  12:05:22,619658;9,454889E-1;1,101695E-1;1,164678E-1;9,412884E-1;;
02/12/2021  12:05:22,619758;9,445680E-1;1,356559E-1;1,370034E-1;9,415384E-1;;
02/12/2021  12:05:22,619858;9,452505E-1;1,210013E-1;1,237343E-1;9,417787E-1;;
02/12/2021  12:05:22,619958;9,454680E-1;1,222756E-1;1,414265E-1;9,420094E-1;;
02/12/2021  12:05:22,620058;9,452982E-1;1,139925E-1;1,092014E-1;9,422308E-1;;
02/12/2021  12:05:22,620158;9,448571E-1;1,350188E-1;1,480610E-1;9,424430E-1;;
02/12/2021  12:05:22,620258;9,436769E-1;9,901924E-2;1,227865E-1;9,426462E-1;;
02/12/2021  12:05:22,620358;9,447140E-1;1,047537E-1;1,218387E-1;9,428403E-1;;
02/12/2021  12:05:22,620458;9,457124E-1;1,184526E-1;1,253139E-1;9,430254E-1;;
02/12/2021  12:05:22,620558;9,455813E-1;1,022050E-1;1,167838E-1;9,432017E-1;;
02/12/2021  12:05:22,620658;9,450866E-1;1,241871E-1;1,120448E-1;9,433694E-1;;
02/12/2021  12:05:22,620758;9,440852E-1;1,028422E-1;1,319485E-1;9,435289E-1;;
02/12/2021  12:05:22,620858;9,456796E-1;1,321516E-1;1,354238E-1;9,436801E-1;;
02/12/2021  12:05:22,620958;9,466751E-1;1,168597E-1;1,224705E-1;9,438233E-1;;
02/12/2021  12:05:22,621058;9,472890E-1;1,321516E-1;1,347919E-1;9,439590E-1;;
02/12/2021  12:05:22,621158;9,471787E-1;1,366117E-1;1,291051E-1;9,440876E-1;;
02/12/2021  12:05:22,621258;9,467406E-1;1,260985E-1;1,180475E-1;9,442099E-1;;
02/12/2021  12:05:22,621358;9,476258E-1;1,257800E-1;1,275255E-1;9,443262E-1;;
02/12/2021  12:05:22,621458;9,489550E-1;1,206827E-1;1,193112E-1;9,444373E-1;;
02/12/2021  12:05:22,621558;9,479059E-1;1,423461E-1;1,411105E-1;9,445437E-1;;
02/12/2021  12:05:22,621658;9,470118E-1;1,299215E-1;1,268936E-1;9,446460E-1;;
02/12/2021  12:05:22,621758;9,456886E-1;1,283286E-1;1,186794E-1;9,447447E-1;;
02/12/2021  12:05:22,621858;9,466989E-1;1,232313E-1;1,234183E-1;9,448399E-1;;
02/12/2021  12:05:22,621958;9,474976E-1;1,197269E-1;1,227865E-1;9,449317E-1;;
02/12/2021  12:05:22,622058;9,467585E-1;1,292843E-1;1,322644E-1;9,450202E-1;;
02/12/2021  12:05:22,622158;9,452952E-1;8,181592E-2;1,319485E-1;9,451056E-1;;
02/12/2021  12:05:22,622258;9,455187E-1;1,286472E-1;1,291051E-1;9,451880E-1;;
02/12/2021  12:05:22,622358;9,458704E-1;1,076209E-1;1,294210E-1;9,452671E-1;;
02/12/2021  12:05:22,622458;9,461297E-1;1,490363E-1;1,417424E-1;9,453429E-1;;
02/12/2021  12:05:22,622558;9,456886E-1;1,445762E-1;1,319485E-1;9,454154E-1;;
02/12/2021  12:05:22,622658;9,447438E-1;9,328480E-2;7,097362E-2;9,454844E-1;;
02/12/2021  12:05:22,622758;9,444905E-1;8,946184E-2;9,435259E-2;9,455499E-1;;
02/12/2021  12:05:22,622858;9,456022E-1;1,394789E-1;1,392149E-1;9,456116E-1;;
02/12/2021  12:05:22,622958;9,460999E-1;1,229127E-1;1,287892E-1;9,456694E-1;;
02/12/2021  12:05:22,623058;9,453786E-1;1,305587E-1;1,262617E-1;9,457234E-1;;
02/12/2021  12:05:22,623158;9,435904E-1;1,305587E-1;1,335282E-1;9,457734E-1;;
02/12/2021  12:05:22,623258;9,441716E-1;1,104881E-1;1,177316E-1;9,458195E-1;;
02/12/2021  12:05:22,623358;9,449346E-1;1,171783E-1;1,057261E-1;9,458612E-1;;
02/12/2021  12:05:22,623458;9,441597E-1;1,069837E-1;9,719598E-2;9,458986E-1;;
02/12/2021  12:05:22,623558;9,434057E-1;1,028422E-1;1,107811E-1;9,459314E-1;;
02/12/2021  12:05:22,623658;9,418261E-1;1,168597E-1;1,234183E-1;9,459595E-1;;
02/12/2021  12:05:22,623758;9,420288E-1;1,012493E-1;9,593225E-2;9,459824E-1;;
02/12/2021  12:05:22,623858;9,416115E-1;1,114439E-1;1,079377E-1;9,459996E-1;;
02/12/2021  12:05:22,623958;9,412271E-1;3,275460E-2;6,465498E-2;9,460108E-1;;
02/12/2021  12:05:22,624058;9,399277E-1;9,965640E-2;1,139404E-1;9,460155E-1;;
02/12/2021  12:05:22,624158;9,385478E-1;1,079395E-1;1,164678E-1;9,460131E-1;;
02/12/2021  12:05:22,624258;9,393256E-1;1,200455E-1;1,341600E-1;9,460029E-1;;
02/12/2021  12:05:22,624358;9,401303E-1;1,060280E-1;1,322644E-1;9,459843E-1;;
02/12/2021  12:05:22,624458;9,406966E-1;1,082581E-1;1,152041E-1;9,459571E-1;;
02/12/2021  12:05:22,624558;9,391766E-1;8,054160E-2;8,708615E-2;9,459210E-1;;
02/12/2021  12:05:22,624658;9,381484E-1;1,299215E-1;2,020854E-1;9,458760E-1;;
02/12/2021  12:05:22,624758;9,387385E-1;4,900218E-2;1,278414E-1;9,458217E-1;;
02/12/2021  12:05:22,624858;9,393614E-1;1,012493E-1;1,167838E-1;9,457581E-1;;
02/12/2021  12:05:22,624958;9,386879E-1;1,076209E-1;1,227865E-1;9,456851E-1;;
02/12/2021  12:05:22,625058;9,380799E-1;1,018865E-1;1,107811E-1;9,456027E-1;;
02/12/2021  12:05:22,625158;9,376597E-1;1,184526E-1;2,039810E-1;9,455109E-1;;
02/12/2021  12:05:22,625258;9,385895E-1;1,777085E-1;2,308352E-1;9,454099E-1;;
02/12/2021  12:05:22,625358;9,387147E-1;1,187712E-1;1,310007E-1;9,452998E-1;;
02/12/2021  12:05:22,625458;9,383660E-1;1,356559E-1;1,629098E-1;9,451807E-1;;
02/12/2021  12:05:22,625558;9,368758E-1;1,433019E-1;1,442698E-1;9,450532E-1;;
02/12/2021  12:05:22,625658;9,364973E-1;1,534964E-1;1,114129E-1;9,449174E-1;;
02/12/2021  12:05:22,625758;9,375226E-1;1,165411E-1;7,981972E-2;9,447733E-1;;
02/12/2021  12:05:22,625858;9,379040E-1;1,662396E-1;1,493248E-1;9,446213E-1;;
02/12/2021  12:05:22,625958;9,383004E-1;1,930003E-1;1,736515E-1;9,444618E-1;;
02/12/2021  12:05:22,626058;9,365957E-1;1,824872E-1;1,594346E-1;9,442952E-1;;
02/12/2021  12:05:22,626158;9,372931E-1;1,385232E-1;1,325804E-1;9,441221E-1;;
02/12/2021  12:05:22,626258;9,387326E-1;1,770713E-1;2,014535E-1;9,439428E-1;;
02/12/2021  12:05:22,626358;9,393227E-1;1,748413E-1;1,619620E-1;9,437581E-1;;
02/12/2021  12:05:22,626458;9,392660E-1;1,458505E-1;1,322644E-1;9,435687E-1;;
02/12/2021  12:05:22,626558;9,384375E-1;1,280100E-1;1,578549E-1;9,433757E-1;;
02/12/2021  12:05:22,626658;9,388398E-1;1,347002E-1;1,379512E-1;9,431797E-1;;
02/12/2021  12:05:22,626758;9,396028E-1;6,811698E-2;9,403666E-2;9,429816E-1;;
02/12/2021  12:05:22,626858;9,403270E-1;1,235499E-1;1,256299E-1;9,427821E-1;;
02/12/2021  12:05:22,626958;9,404403E-1;1,273729E-1;1,148882E-1;9,425823E-1;;
02/12/2021  12:05:22,627058;9,388458E-1;1,289658E-1;1,272095E-1;9,423830E-1;;
02/12/2021  12:05:22,627158;9,389233E-1;1,366117E-1;1,392149E-1;9,421849E-1;;
02/12/2021  12:05:22,627258;9,395372E-1;5,780180E-4;7,666040E-2;9,419888E-1;;
02/12/2021  12:05:22,627358;9,394687E-1;1,458505E-1;2,099837E-1;9,417951E-1;;
02/12/2021  12:05:22,627458;9,392213E-1;1,315144E-1;1,231024E-1;9,416045E-1;;
02/12/2021  12:05:22,627558;9,379040E-1;1,111253E-1;1,158360E-1;9,414173E-1;;
02/12/2021  12:05:22,627658;9,382050E-1;1,382046E-1;1,347919E-1;9,412339E-1;;
02/12/2021  12:05:22,627758;9,380203E-1;1,050723E-1;1,259458E-1;9,410544E-1;;
02/12/2021  12:05:22,627858;9,373676E-1;1,178155E-1;1,249980E-1;9,408791E-1;;
02/12/2021  12:05:22,627958;9,368699E-1;1,267357E-1;1,313166E-1;9,407079E-1;;
02/12/2021  12:05:22,628058;9,354542E-1;1,394789E-1;1,477451E-1;9,405408E-1;;
02/12/2021  12:05:22,628158;9,358983E-1;2,025577E-1;1,850251E-1;9,403774E-1;;
02/12/2021  12:05:22,628258;9,367358E-1;1,174969E-1;1,183634E-1;9,402176E-1;;
02/12/2021  12:05:22,628358;9,363781E-1;1,385232E-1;1,253139E-1;9,400611E-1;;
02/12/2021  12:05:22,628458;9,351651E-1;1,382046E-1;1,471132E-1;9,399078E-1;;
02/12/2021  12:05:22,628558;9,340296E-1;1,433019E-1;1,426902E-1;9,397574E-1;;
02/12/2021  12:05:22,628658;9,339015E-1;1,216384E-1;1,221546E-1;9,396096E-1;;
02/12/2021  12:05:22,628758;9,343247E-1;1,331073E-1;1,537478E-1;9,394639E-1;;
02/12/2021  12:05:22,628858;9,336035E-1;1,391603E-1;1,291051E-1;9,393197E-1;;
02/12/2021  12:05:22,628958;9,327660E-1;1,238685E-1;1,407946E-1;9,391767E-1;;
02/12/2021  12:05:22,629058;9,326587E-1;1,305587E-1;1,221546E-1;9,390344E-1;;
02/12/2021  12:05:22,629158;9,329538E-1;8,022302E-2;8,898175E-2;9,388924E-1;;
02/12/2021  12:05:22,629258;9,335379E-1;1,152668E-1;1,202590E-1;9,387501E-1;;
02/12/2021  12:05:22,629358;9,330104E-1;1,385232E-1;1,439539E-1;9,386075E-1;;
02/12/2021  12:05:22,629458;9,318749E-1;1,417090E-1;1,373193E-1;9,384642E-1;;
02/12/2021  12:05:22,629558;9,305189E-1;7,608148E-2;7,034176E-2;9,383200E-1;;
02/12/2021  12:05:22,629658;9,312788E-1;1,114439E-1;1,531159E-1;9,381745E-1;;
02/12/2021  12:05:22,629758;9,316782E-1;1,251428E-1;1,265777E-1;9,380271E-1;;
02/12/2021  12:05:22,629858;9,311954E-1;1,401161E-1;1,401627E-1;9,378777E-1;;
02/12/2021  12:05:22,629958;9,306828E-1;1,203641E-1;1,234183E-1;9,377260E-1;;
02/12/2021  12:05:22,630058;9,293744E-1;1,292843E-1;1,401627E-1;9,375718E-1;;
02/12/2021  12:05:22,630158;9,301702E-1;1,222756E-1;1,313166E-1;9,374149E-1;;
02/12/2021  12:05:22,630258;9,307573E-1;1,525407E-1;1,474292E-1;9,372549E-1;;
02/12/2021  12:05:22,630358;9,296724E-1;1,238685E-1;1,351078E-1;9,370917E-1;;
02/12/2021  12:05:22,630458;9,290853E-1;1,133553E-1;1,199431E-1;9,369253E-1;;
02/12/2021  12:05:22,630558;9,287903E-1;1,206827E-1;1,117289E-1;9,367556E-1;;
02/12/2021  12:05:22,630658;9,298572E-1;1,340630E-1;1,300529E-1;9,365823E-1;;
02/12/2021  12:05:22,630758;9,299228E-1;1,302401E-1;1,287892E-1;9,364055E-1;;
02/12/2021  12:05:22,630858;9,297589E-1;1,286472E-1;1,341600E-1;9,362254E-1;;
02/12/2021  12:05:22,630958;9,288439E-1;6,811698E-2;9,119327E-2;9,360421E-1;;
02/12/2021  12:05:22,631058;9,286562E-1;9,360338E-2;1,022509E-1;9,358558E-1;;
02/12/2021  12:05:22,631158;9,295026E-1;4,677212E-2;8,013565E-2;9,356666E-1;;
02/12/2021  12:05:22,631258;9,297589E-1;1,025236E-1;1,167838E-1;9,354747E-1;;
02/12/2021  12:05:22,631358;9,293476E-1;1,267357E-1;1,240502E-1;9,352804E-1;;
02/12/2021  12:05:22,631458;9,288648E-1;1,459554E-2;6,149566E-2;9,350840E-1;;
02/12/2021  12:05:22,631558;9,281585E-1;1,050723E-1;7,855599E-2;9,348859E-1;;
02/12/2021  12:05:22,631658;9,291181E-1;1,168597E-1;1,401627E-1;9,346862E-1;;
02/12/2021  12:05:22,631758;9,290734E-1;6,015248E-2;1,000394E-1;9,344852E-1;;
02/12/2021  12:05:22,631858;9,279409E-1;1,127182E-1;1,224705E-1;9,342832E-1;;
02/12/2021  12:05:22,631958;9,271332E-1;1,267357E-1;1,300529E-1;9,340804E-1;;
02/12/2021  12:05:22,632058;9,279767E-1;1,251428E-1;1,268936E-1;9,338770E-1;;
02/12/2021  12:05:22,632158;9,290019E-1;2,170918E-3;6,528685E-2;9,336730E-1;;
02/12/2021  12:05:22,632258;9,288499E-1;1,225942E-1;9,498445E-2;9,334688E-1;;
02/12/2021  12:05:22,632358;9,280005E-1;1,426647E-1;1,449017E-1;9,332648E-1;;
02/12/2021  12:05:22,632458;9,280929E-1;1,200455E-1;1,224705E-1;9,330614E-1;;
02/12/2021  12:05:22,632558;9,280780E-1;1,232313E-1;1,205749E-1;9,328587E-1;;
02/12/2021  12:05:22,632658;9,291390E-1;1,165411E-1;1,208909E-1;9,326572E-1;;
02/12/2021  12:05:22,632758;9,294936E-1;1,270543E-1;1,215227E-1;9,324572E-1;;
02/12/2021  12:05:22,632858;9,292552E-1;1,165411E-1;1,395309E-1;9,322592E-1;;
02/12/2021  12:05:22,632958;9,283850E-1;1,232313E-1;1,148882E-1;9,320637E-1;;
02/12/2021  12:05:22,633058;9,291807E-1;1,726112E-1;1,540637E-1;9,318712E-1;;
02/12/2021  12:05:22,633158;9,296367E-1;1,165411E-1;1,471132E-1;9,316820E-1;;
02/12/2021  12:05:22,633258;9,294847E-1;1,264171E-1;1,303688E-1;9,314965E-1;;
02/12/2021  12:05:22,633358;9,282181E-1;1,257800E-1;1,110970E-1;9,313152E-1;;
02/12/2021  12:05:22,633458;9,266325E-1;1,190898E-1;1,199431E-1;9,311382E-1;;
02/12/2021  12:05:22,633558;9,273955E-1;1,165411E-1;1,041465E-1;9,309656E-1;;
02/12/2021  12:05:22,633658;9,280631E-1;1,283286E-1;1,306848E-1;9,307972E-1;;
02/12/2021  12:05:22,633758;9,279379E-1;1,382046E-1;1,363715E-1;9,306331E-1;;
02/12/2021  12:05:22,633858;9,267547E-1;1,171783E-1;1,164678E-1;9,304732E-1;;
02/12/2021  12:05:22,633958;9,267816E-1;1,085766E-1;1,145722E-1;9,303174E-1;;
02/12/2021  12:05:22,634058;9,282181E-1;1,181340E-1;1,199431E-1;9,301658E-1;;
02/12/2021  12:05:22,634158;9,291002E-1;1,206827E-1;1,253139E-1;9,300183E-1;;
02/12/2021  12:05:22,634258;9,294221E-1;1,216384E-1;1,376353E-1;9,298751E-1;;
02/12/2021  12:05:22,634358;9,292790E-1;1,324701E-1;1,294210E-1;9,297367E-1;;
02/12/2021  12:05:22,634458;9,297887E-1;1,343816E-1;1,806020E-1;9,296033E-1;;
02/12/2021  12:05:22,634558;9,315471E-1;1,178155E-1;1,259458E-1;9,294755E-1;;
02/12/2021  12:05:22,634658;9,331296E-1;1,369303E-1;1,341600E-1;9,293537E-1;;
02/12/2021  12:05:22,634758;9,334187E-1;1,283286E-1;1,287892E-1;9,292388E-1;;
02/12/2021  12:05:22,634858;9,327124E-1;1,130368E-1;1,183634E-1;9,291318E-1;;
02/12/2021  12:05:22,634958;9,330223E-1;3,562182E-2;9,403666E-2;9,290333E-1;;
02/12/2021  12:05:22,635058;9,340416E-1;1,410718E-1;1,648054E-1;9,289441E-1;;
02/12/2021  12:05:22,635158;9,347241E-1;1,251428E-1;1,196272E-1;9,288647E-1;;
02/12/2021  12:05:22,635258;9,342621E-1;9,965640E-2;8,487463E-2;9,287959E-1;;
02/12/2021  12:05:22,635358;9,330640E-1;1,002936E-1;1,114129E-1;9,287382E-1;;
02/12/2021  12:05:22,635458;9,334544E-1;8,532030E-2;1,000394E-1;9,286918E-1;;
02/12/2021  12:05:22,635558;9,347449E-1;1,248242E-1;1,335282E-1;9,286569E-1;;
02/12/2021  12:05:22,635658;9,345601E-1;9,965640E-2;1,126766E-1;9,286336E-1;;
02/12/2021  12:05:22,635758;9,342144E-1;1,050723E-1;1,123607E-1;9,286221E-1;;
02/12/2021  12:05:22,635858;9,335856E-1;8,086018E-2;9,940750E-2;9,286224E-1;;
02/12/2021  12:05:22,635958;9,336988E-1;9,647060E-2;9,624818E-2;9,286344E-1;;
02/12/2021  12:05:22,636058;9,359668E-1;5,505520E-2;6,149566E-2;9,286579E-1;;
02/12/2021  12:05:22,636158;9,361129E-1;1,260985E-1;1,237343E-1;9,286927E-1;;
02/12/2021  12:05:22,636258;9,364586E-1;1,257800E-1;1,262617E-1;9,287389E-1;;
02/12/2021  12:05:22,636358;9,360861E-1;1,372488E-1;1,373193E-1;9,287966E-1;;
02/12/2021  12:05:22,636458;9,368430E-1;1,050723E-1;1,009872E-1;9,288658E-1;;
02/12/2021  12:05:22,636558;9,380113E-1;1,139925E-1;9,403666E-2;9,289464E-1;;
02/12/2021  12:05:22,636658;9,382855E-1;7,799296E-2;8,550650E-2;9,290384E-1;;
02/12/2021  12:05:22,636758;9,375106E-1;1,171783E-1;1,231024E-1;9,291420E-1;;
02/12/2021  12:05:22,636858;9,376716E-1;1,222756E-1;1,256299E-1;9,292569E-1;;
02/12/2021  12:05:22,636958;9,384196E-1;1,095324E-1;9,845971E-2;9,293831E-1;;
02/12/2021  12:05:22,637058;9,402316E-1;1,006121E-1;1,120448E-1;9,295202E-1;;
02/12/2021  12:05:22,637158;9,395194E-1;9,678918E-2;1,031987E-1;9,296684E-1;;
02/12/2021  12:05:22,637258;9,393554E-1;1,155854E-1;1,212068E-1;9,298275E-1;;
02/12/2021  12:05:22,637358;9,384137E-1;8,372740E-2;8,582243E-2;9,299973E-1;;
02/12/2021  12:05:22,637458;9,393644E-1;9,360338E-2;1,202590E-1;9,301774E-1;;
02/12/2021  12:05:22,637558;9,394091E-1;1,060280E-1;1,395309E-1;9,303673E-1;;
02/12/2021  12:05:22,637658;9,399217E-1;1,009307E-1;1,170997E-1;9,305666E-1;;
02/12/2021  12:05:22,637758;9,394389E-1;8,786894E-2;9,277293E-2;9,307748E-1;;
02/12/2021  12:05:22,637858;9,392422E-1;9,041758E-2;1,076217E-1;9,309914E-1;;
02/12/2021  12:05:22,637958;9,398472E-1;8,914326E-2;1,069899E-1;9,312158E-1;;
02/12/2021  12:05:22,638058;9,411257E-1;8,468314E-2;1,110970E-1;9,314474E-1;;
02/12/2021  12:05:22,638158;9,406578E-1;9,424054E-2;1,019350E-1;9,316858E-1;;
02/12/2021  12:05:22,638258;9,402466E-1;8,563888E-2;9,909157E-2;9,319305E-1;;
02/12/2021  12:05:22,638358;9,405893E-1;8,850610E-2;1,060421E-1;9,321810E-1;;
02/12/2021  12:05:22,638458;9,414387E-1;1,095324E-1;1,325804E-1;9,324368E-1;;
02/12/2021  12:05:22,638558;9,427083E-1;1,181340E-1;1,328963E-1;9,326973E-1;;
02/12/2021  12:05:22,638658;9,438080E-1;1,260985E-1;1,433221E-1;9,329623E-1;;
02/12/2021  12:05:22,638758;9,435100E-1;1,047537E-1;1,240502E-1;9,332318E-1;;
02/12/2021  12:05:22,638858;9,441686E-1;1,251428E-1;1,174156E-1;9,335055E-1;;
02/12/2021  12:05:22,638958;9,457899E-1;1,347002E-1;1,499566E-1;9,337835E-1;;
02/12/2021  12:05:22,639058;9,463830E-1;1,299215E-1;1,152041E-1;9,340659E-1;;
02/12/2021  12:05:22,639158;9,466751E-1;1,493549E-1;1,341600E-1;9,343528E-1;;
02/12/2021  12:05:22,639258;9,462578E-1;9,264764E-2;1,806020E-1;9,346445E-1;;
02/12/2021  12:05:22,639358;9,465946E-1;1,914074E-1;1,847091E-1;9,349409E-1;;
02/12/2021  12:05:22,639458;9,477629E-1;1,722926E-1;1,853410E-1;9,352421E-1;;
02/12/2021  12:05:22,639558;9,479059E-1;1,617795E-1;1,505885E-1;9,355481E-1;;
02/12/2021  12:05:22,639658;9,474142E-1;1,149482E-1;1,066739E-1;9,358589E-1;;
02/12/2021  12:05:22,639758;9,467138E-1;1,636910E-1;1,761790E-1;9,361745E-1;;
02/12/2021  12:05:22,639858;9,460730E-1;1,225942E-1;1,512204E-1;9,364943E-1;;
02/12/2021  12:05:22,639958;9,467406E-1;1,015679E-1;1,069899E-1;9,368181E-1;;
02/12/2021  12:05:22,640058;9,465320E-1;1,292843E-1;1,278414E-1;9,371452E-1;;
02/12/2021  12:05:22,640158;9,460283E-1;1,085766E-1;1,155200E-1;9,374749E-1;;
02/12/2021  12:05:22,640258;9,450895E-1;1,331073E-1;1,202590E-1;9,378067E-1;;
02/12/2021  12:05:22,640358;9,460313E-1;1,120810E-1;1,057261E-1;9,381397E-1;;
02/12/2021  12:05:22,640458;9,469284E-1;1,152668E-1;1,095173E-1;9,384730E-1;;
02/12/2021  12:05:22,640558;9,470655E-1;1,200455E-1;1,202590E-1;9,388061E-1;;
02/12/2021  12:05:22,640658;9,472175E-1;1,391603E-1;1,385831E-1;9,391385E-1;;
02/12/2021  12:05:22,640758;9,471281E-1;1,483991E-1;1,426902E-1;9,394697E-1;;
02/12/2021  12:05:22,640858;9,488864E-1;1,146297E-1;1,227865E-1;9,397992E-1;;
02/12/2021  12:05:22,640958;9,495421E-1;1,171783E-1;9,498445E-2;9,401267E-1;;
02/12/2021  12:05:22,641058;9,504124E-1;1,270543E-1;1,278414E-1;9,404523E-1;;
02/12/2021  12:05:22,641158;9,499355E-1;1,436204E-1;2,036651E-1;9,407758E-1;;
02/12/2021  12:05:22,641258;9,492709E-1;1,264171E-1;1,351078E-1;9,410975E-1;;
02/12/2021  12:05:22,641358;9,497746E-1;1,372488E-1;1,297370E-1;9,414171E-1;;
02/12/2021  12:05:22,641458;9,502484E-1;1,289658E-1;1,186794E-1;9,417344E-1;;
02/12/2021  12:05:22,641558;9,499743E-1;1,225942E-1;1,240502E-1;9,420495E-1;;
02/12/2021  12:05:22,641658;9,496583E-1;1,315144E-1;1,414265E-1;9,423619E-1;;
02/12/2021  12:05:22,641758;9,484364E-1;1,127182E-1;1,170997E-1;9,426716E-1;;
02/12/2021  12:05:22,641858;9,489192E-1;1,187712E-1;1,569071E-1;9,429780E-1;;
02/12/2021  12:05:22,641958;9,486748E-1;1,388417E-1;1,648054E-1;9,432808E-1;;
02/12/2021  12:05:22,642058;9,482576E-1;1,337445E-1;1,265777E-1;9,435792E-1;;
02/12/2021  12:05:22,642158;9,467078E-1;1,302401E-1;1,177316E-1;9,438729E-1;;
02/12/2021  12:05:22,642258;9,458257E-1;1,254614E-1;1,246821E-1;9,441610E-1;;
02/12/2021  12:05:22,642358;9,467883E-1;1,334259E-1;1,338441E-1;9,444427E-1;;
02/12/2021  12:05:22,642458;9,471430E-1;1,324701E-1;1,414265E-1;9,447171E-1;;
02/12/2021  12:05:22,642558;9,461803E-1;1,216384E-1;1,272095E-1;9,449835E-1;;
02/12/2021  12:05:22,642658;9,455247E-1;1,232313E-1;1,240502E-1;9,452414E-1;;
02/12/2021  12:05:22,642758;9,446872E-1;1,305587E-1;1,328963E-1;9,454899E-1;;
02/12/2021  12:05:22,642858;9,459628E-1;1,423461E-1;1,212068E-1;9,457284E-1;;
02/12/2021  12:05:22,642958;9,460432E-1;1,267357E-1;1,265777E-1;9,459562E-1;;
02/12/2021  12:05:22,643058;9,449822E-1;1,292843E-1;1,445858E-1;9,461729E-1;;
02/12/2021  12:05:22,643158;9,440256E-1;1,273729E-1;1,297370E-1;9,463779E-1;;
02/12/2021  12:05:22,643258;9,434057E-1;1,210013E-1;1,341600E-1;9,465708E-1;;
02/12/2021  12:05:22,643358;9,440852E-1;1,222756E-1;1,275255E-1;9,467510E-1;;
02/12/2021  12:05:22,643458;9,438795E-1;1,321516E-1;1,300529E-1;9,469180E-1;;
02/12/2021  12:05:22,643558;9,433639E-1;1,286472E-1;1,354238E-1;9,470713E-1;;
02/12/2021  12:05:22,643658;9,422404E-1;1,178155E-1;1,234183E-1;9,472107E-1;;
02/12/2021  12:05:22,643758;9,422016E-1;1,429833E-1;1,458495E-1;9,473357E-1;;
02/12/2021  12:05:22,643858;9,423208E-1;1,041165E-1;1,436380E-1;9,474460E-1;;
02/12/2021  12:05:22,643958;9,424550E-1;1,219570E-1;1,231024E-1;9,475413E-1;;
02/12/2021  12:05:22,644058;9,414625E-1;1,219570E-1;1,155200E-1;9,476215E-1;;
02/12/2021  12:05:22,644158;9,397667E-1;1,245056E-1;9,182514E-2;9,476864E-1;;
02/12/2021  12:05:22,644258;9,393942E-1;1,458505E-1;1,496407E-1;9,477356E-1;;
02/12/2021  12:05:22,644358;9,398591E-1;9,583344E-2;9,688005E-2;9,477689E-1;;
02/12/2021  12:05:22,644458;9,396624E-1;1,299215E-1;1,310007E-1;9,477860E-1;;
02/12/2021  12:05:22,644558;9,388041E-1;1,458505E-1;1,417424E-1;9,477867E-1;;
02/12/2021  12:05:22,644658;9,378236E-1;1,413904E-1;1,237343E-1;9,477710E-1;;
02/12/2021  12:05:22,644758;9,374391E-1;1,238685E-1;1,174156E-1;9,477387E-1;;
02/12/2021  12:05:22,644858;9,378295E-1;1,283286E-1;1,376353E-1;9,476898E-1;;
02/12/2021  12:05:22,644958;9,375136E-1;1,407532E-1;1,366875E-1;9,476241E-1;;
02/12/2021  12:05:22,645058;9,374689E-1;1,340630E-1;1,328963E-1;9,475419E-1;;
02/12/2021  12:05:22,645158;9,365391E-1;1,194084E-1;1,319485E-1;9,474432E-1;;
02/12/2021  12:05:22,645258;9,372812E-1;1,050723E-1;9,087734E-2;9,473285E-1;;
02/12/2021  12:05:22,645358;9,377282E-1;1,289658E-1;1,174156E-1;9,471979E-1;;
02/12/2021  12:05:22,645458;9,380262E-1;1,461691E-1;1,471132E-1;9,470521E-1;;
02/12/2021  12:05:22,645558;9,380978E-1;1,426647E-1;1,420583E-1;9,468918E-1;;
02/12/2021  12:05:22,645658;9,376269E-1;1,382046E-1;1,322644E-1;9,467177E-1;;
02/12/2021  12:05:22,645758;9,384643E-1;1,270543E-1;1,509044E-1;9,465308E-1;;
02/12/2021  12:05:22,645858;9,392243E-1;1,305587E-1;1,278414E-1;9,463319E-1;;
02/12/2021  12:05:22,645958;9,391468E-1;1,429833E-1;1,306848E-1;9,461222E-1;;
02/12/2021  12:05:22,646058;9,383511E-1;1,232313E-1;1,341600E-1;9,459028E-1;;
02/12/2021  12:05:22,646158;9,370964E-1;1,267357E-1;1,085695E-1;9,456748E-1;;
02/12/2021  12:05:22,646258;9,376447E-1;1,270543E-1;1,265777E-1;9,454390E-1;;
02/12/2021  12:05:22,646358;9,384166E-1;1,566822E-1;1,853410E-1;9,451962E-1;;
02/12/2021  12:05:22,646458;9,375226E-1;1,206827E-1;1,215227E-1;9,449474E-1;;
02/12/2021  12:05:22,646558;9,368013E-1;1,260985E-1;1,338441E-1;9,446933E-1;;
02/12/2021  12:05:22,646658;9,353469E-1;1,181340E-1;1,035146E-1;9,444347E-1;;
02/12/2021  12:05:22,646758;9,354960E-1;1,171783E-1;1,231024E-1;9,441721E-1;;
02/12/2021  12:05:22,646858;9,357731E-1;1,426647E-1;1,414265E-1;9,439059E-1;;
02/12/2021  12:05:22,646958;9,351324E-1;1,448948E-1;1,417424E-1;9,436365E-1;;
02/12/2021  12:05:22,647058;9,335886E-1;1,483991E-1;1,360556E-1;9,433643E-1;;
02/12/2021  12:05:22,647158;9,330849E-1;1,101695E-1;1,284732E-1;9,430895E-1;;
02/12/2021  12:05:22,647258;9,329448E-1;1,773899E-1;2,017695E-1;9,428122E-1;;
02/12/2021  12:05:22,647358;9,329210E-1;1,200455E-1;1,202590E-1;9,425325E-1;;
02/12/2021  12:05:22,647458;9,325306E-1;1,286472E-1;1,262617E-1;9,422504E-1;;
02/12/2021  12:05:22,647558;9,320656E-1;1,219570E-1;1,221546E-1;9,419660E-1;;
02/12/2021  12:05:22,647658;9,316096E-1;1,671954E-1;1,774427E-1;9,416794E-1;;
02/12/2021  12:05:22,647758;9,323637E-1;1,372488E-1;1,335282E-1;9,413908E-1;;
02/12/2021  12:05:22,647858;9,329120E-1;1,108067E-1;1,167838E-1;9,411002E-1;;
02/12/2021  12:05:22,647958;9,324859E-1;1,203641E-1;1,310007E-1;9,408081E-1;;
02/12/2021  12:05:22,648058;9,323517E-1;1,382046E-1;1,357397E-1;9,405149E-1;;
02/12/2021  12:05:22,648158;9,320418E-1;1,114439E-1;9,024547E-2;9,402209E-1;;
02/12/2021  12:05:22,648258;9,338359E-1;1,372488E-1;1,246821E-1;9,399266E-1;;
02/12/2021  12:05:22,648358;9,337853E-1;1,225942E-1;1,325804E-1;9,396325E-1;;
02/12/2021  12:05:22,648458;9,344290E-1;1,471248E-1;1,493248E-1;9,393393E-1;;
02/12/2021  12:05:22,648558;9,339253E-1;6,312458E-3;8,045158E-2;9,390479E-1;;
02/12/2021  12:05:22,648658;9,344916E-1;1,299215E-1;1,303688E-1;9,387591E-1;;
02/12/2021  12:05:22,648758;9,356211E-1;1,455319E-1;1,272095E-1;9,384736E-1;;
02/12/2021  12:05:22,648858;9,356927E-1;1,251428E-1;1,278414E-1;9,381923E-1;;
02/12/2021  12:05:22,648958;9,362649E-1;1,394789E-1;1,376353E-1;9,379161E-1;;
02/12/2021  12:05:22,649058;9,356211E-1;3,307318E-2;6,339125E-2;9,376461E-1;;
02/12/2021  12:05:22,649158;9,366642E-1;1,394789E-1;1,240502E-1;9,373830E-1;;
02/12/2021  12:05:22,649258;9,373378E-1;1,267357E-1;1,183634E-1;9,371278E-1;;
02/12/2021  12:05:22,649358;9,376447E-1;1,499920E-1;1,442698E-1;9,368812E-1;;
02/12/2021  12:05:22,649458;9,382289E-1;1,391603E-1;1,347919E-1;9,366443E-1;;
02/12/2021  12:05:22,649558;9,376388E-1;1,382046E-1;1,360556E-1;9,364178E-1;;
02/12/2021  12:05:22,649658;9,387624E-1;1,241871E-1;1,208909E-1;9,362027E-1;;
02/12/2021  12:05:22,649758;9,398770E-1;1,318330E-1;1,114129E-1;9,359995E-1;;
02/12/2021  12:05:22,649858;9,402942E-1;1,407532E-1;1,180475E-1;9,358092E-1;;
02/12/2021  12:05:22,649958;9,399098E-1;1,257800E-1;1,275255E-1;9,356326E-1;;
02/12/2021  12:05:22,650058;9,400081E-1;1,123996E-1;1,170997E-1;9,354703E-1;;
02/12/2021  12:05:22,650158;9,408873E-1;1,123996E-1;1,208909E-1;9,353230E-1;;
02/12/2021  12:05:22,650258;9,415936E-1;9,519628E-2;8,076751E-2;9,351911E-1;;
02/12/2021  12:05:22,650358;9,417069E-1;1,162226E-1;1,237343E-1;9,350753E-1;;
02/12/2021  12:05:22,650458;9,417069E-1;1,069837E-1;1,025668E-1;9,349759E-1;;
02/12/2021  12:05:22,650558;9,415102E-1;9,009900E-2;8,834988E-2;9,348934E-1;;
02/12/2021  12:05:22,650658;9,423775E-1;1,041165E-1;1,092014E-1;9,348278E-1;;
02/12/2021  12:05:22,650758;9,429974E-1;1,356559E-1;1,793383E-1;9,347794E-1;;
02/12/2021  12:05:22,650858;9,430868E-1;1,165411E-1;1,281573E-1;9,347483E-1;;
02/12/2021  12:05:22,650958;9,428126E-1;1,012493E-1;1,177316E-1;9,347347E-1;;
02/12/2021  12:05:22,651058;9,434325E-1;1,073023E-1;1,161519E-1;9,347384E-1;;
02/12/2021  12:05:22,651158;9,435636E-1;1,098510E-1;1,208909E-1;9,347593E-1;;
02/12/2021  12:05:22,651258;9,440256E-1;1,092138E-1;1,174156E-1;9,347974E-1;;
02/12/2021  12:05:22,651358;9,441388E-1;9,424054E-2;1,114129E-1;9,348524E-1;;
02/12/2021  12:05:22,651458;9,441954E-1;9,009900E-2;1,069899E-1;9,349240E-1;;
02/12/2021  12:05:22,651558;9,444547E-1;8,818752E-2;1,110970E-1;9,350120E-1;;
02/12/2021  12:05:22,651658;9,455813E-1;9,424054E-2;1,025668E-1;9,351159E-1;;
02/12/2021  12:05:22,651758;9,468211E-1;8,436456E-2;1,069899E-1;9,352355E-1;;
02/12/2021  12:05:22,651858;9,471519E-1;1,257800E-1;1,638576E-1;9,353705E-1;;
02/12/2021  12:05:22,651958;9,468747E-1;1,139925E-1;1,205749E-1;9,355208E-1;;
02/12/2021  12:05:22,652058;9,475155E-1;1,178155E-1;1,401627E-1;9,356862E-1;;
02/12/2021  12:05:22,652158;9,488149E-1;1,178155E-1;1,385831E-1;9,358664E-1;;
02/12/2021  12:05:22,652258;9,496911E-1;1,187712E-1;1,325804E-1;9,360613E-1;;
02/12/2021  12:05:22,652358;9,502514E-1;1,302401E-1;1,256299E-1;9,362708E-1;;
02/12/2021  12:05:22,652458;9,504511E-1;1,423461E-1;1,354238E-1;9,364947E-1;;
02/12/2021  12:05:22,652558;9,510799E-1;1,315144E-1;1,246821E-1;9,367329E-1;;
02/12/2021  12:05:22,652658;9,526714E-1;1,624167E-1;1,420583E-1;9,369854E-1;;
02/12/2021  12:05:22,652758;9,529367E-1;1,576380E-1;1,452176E-1;9,372521E-1;;
02/12/2021  12:05:22,652858;9,530976E-1;1,452133E-1;9,688005E-2;9,375329E-1;;
02/12/2021  12:05:22,652958;9,537741E-1;1,770713E-1;1,768108E-1;9,378277E-1;;
02/12/2021  12:05:22,653058;9,541407E-1;1,563636E-1;1,411105E-1;9,381364E-1;;
02/12/2021  12:05:22,653158;9,550586E-1;1,340630E-1;1,417424E-1;9,384588E-1;;
02/12/2021  12:05:22,653258;9,558365E-1;1,324701E-1;1,398468E-1;9,387946E-1;;
02/12/2021  12:05:22,653358;9,565011E-1;1,009307E-1;9,845971E-2;9,391438E-1;;
02/12/2021  12:05:22,653458;9,560809E-1;1,031608E-1;1,170997E-1;9,395061E-1;;
02/12/2021  12:05:22,653558;9,566829E-1;1,251428E-1;1,246821E-1;9,398812E-1;;
02/12/2021  12:05:22,653658;9,587870E-1;1,114439E-1;1,006712E-1;9,402689E-1;;
02/12/2021  12:05:22,653758;9,588138E-1;1,248242E-1;1,278414E-1;9,406688E-1;;
02/12/2021  12:05:22,653858;9,592698E-1;1,222756E-1;1,240502E-1;9,410807E-1;;
02/12/2021  12:05:22,653958;9,596423E-1;1,178155E-1;1,123607E-1;9,415045E-1;;
02/12/2021  12:05:22,654058;9,599016E-1;1,452133E-1;1,723878E-1;9,419398E-1;;
02/12/2021  12:05:22,654158;9,620653E-1;1,092138E-1;1,177316E-1;9,423863E-1;;
02/12/2021  12:05:22,654258;9,620713E-1;1,248242E-1;1,170997E-1;9,428437E-1;;
02/12/2021  12:05:22,654358;9,621547E-1;1,190898E-1;1,243661E-1;9,433119E-1;;
02/12/2021  12:05:22,654458;9,621875E-1;1,101695E-1;1,107811E-1;9,437905E-1;;
02/12/2021  12:05:22,654558;9,639787E-1;1,197269E-1;1,025668E-1;9,442791E-1;;
02/12/2021  12:05:22,654658;9,647953E-1;1,385232E-1;1,351078E-1;9,447774E-1;;
02/12/2021  12:05:22,654758;9,652513E-1;1,292843E-1;1,256299E-1;9,452851E-1;;
02/12/2021  12:05:22,654858;9,649264E-1;1,037979E-1;1,351078E-1;9,458020E-1;;
02/12/2021  12:05:22,654958;9,647476E-1;1,190898E-1;1,227865E-1;9,463278E-1;;
02/12/2021  12:05:22,655058;9,657549E-1;1,327887E-1;1,249980E-1;9,468618E-1;;
02/12/2021  12:05:22,655158;9,667295E-1;1,678325E-1;1,802861E-1;9,474035E-1;;
02/12/2021  12:05:22,655258;9,667444E-1;1,238685E-1;1,148882E-1;9,479524E-1;;
02/12/2021  12:05:22,655358;9,669590E-1;1,289658E-1;1,401627E-1;9,485081E-1;;
02/12/2021  12:05:22,655458;9,664553E-1;1,219570E-1;1,272095E-1;9,490699E-1;;
02/12/2021  12:05:22,655558;9,677398E-1;1,111253E-1;1,145722E-1;9,496371E-1;;
02/12/2021  12:05:22,655658;9,677637E-1;1,066652E-1;1,183634E-1;9,502091E-1;;
02/12/2021  12:05:22,655758;9,679782E-1;1,088952E-1;1,095173E-1;9,507851E-1;;
02/12/2021  12:05:22,655858;9,680855E-1;1,085766E-1;1,126766E-1;9,513645E-1;;
02/12/2021  12:05:22,655958;9,675848E-1;1,219570E-1;1,259458E-1;9,519465E-1;;
02/12/2021  12:05:22,656058;9,673732E-1;1,340630E-1;1,303688E-1;9,525302E-1;;
02/12/2021  12:05:22,656158;9,681213E-1;1,197269E-1;1,107811E-1;9,531148E-1;;
02/12/2021  12:05:22,656258;9,678024E-1;1,095324E-1;1,189953E-1;9,536992E-1;;
02/12/2021  12:05:22,656358;9,670454E-1;1,210013E-1;1,306848E-1;9,542824E-1;;
02/12/2021  12:05:22,656458;9,670543E-1;8,882468E-2;9,561632E-2;9,548635E-1;;
02/12/2021  12:05:22,656558;9,670693E-1;1,159040E-1;1,423743E-1;9,554412E-1;;
02/12/2021  12:05:22,656658;9,666908E-1;1,162226E-1;1,193112E-1;9,560146E-1;;
02/12/2021  12:05:22,656758;9,662944E-1;1,315144E-1;1,357397E-1;9,565823E-1;;
02/12/2021  12:05:22,656858;9,653615E-1;1,359745E-1;1,253139E-1;9,571433E-1;;
02/12/2021  12:05:22,656958;9,639876E-1;8,627604E-2;1,540637E-1;9,576962E-1;;
02/12/2021  12:05:22,657058;9,647774E-1;1,146297E-1;1,300529E-1;9,582397E-1;;
02/12/2021  12:05:22,657158;9,638744E-1;1,235499E-1;1,297370E-1;9,587722E-1;;
02/12/2021  12:05:22,657258;9,631978E-1;1,324701E-1;1,354238E-1;9,592926E-1;;
02/12/2021  12:05:22,657358;9,624021E-1;1,382046E-1;1,401627E-1;9,597993E-1;;
02/12/2021  12:05:22,657458;9,622859E-1;1,350188E-1;1,297370E-1;9,602911E-1;;
02/12/2021  12:05:22,657558;9,625154E-1;1,140974E-2;6,497092E-2;9,607665E-1;;
02/12/2021  12:05:22,657658;9,617971E-1;1,203641E-1;1,306848E-1;9,612245E-1;;
02/12/2021  12:05:22,657758;9,611832E-1;1,388417E-1;1,297370E-1;9,616640E-1;;
02/12/2021  12:05:22,657858;9,594814E-1;1,168597E-1;1,275255E-1;9,620837E-1;;
02/12/2021  12:05:22,657958;9,592787E-1;1,130368E-1;1,202590E-1;9,624827E-1;;
02/12/2021  12:05:22,658058;9,590969E-1;1,146297E-1;1,063580E-1;9,628598E-1;;
02/12/2021  12:05:22,658158;9,584055E-1;1,270543E-1;1,262617E-1;9,632139E-1;;
02/12/2021  12:05:22,658258;9,572372E-1;1,270543E-1;1,155200E-1;9,635441E-1;;
02/12/2021  12:05:22,658358;9,562031E-1;1,117624E-1;1,215227E-1;9,638495E-1;;
02/12/2021  12:05:22,658458;9,554640E-1;1,181340E-1;1,278414E-1;9,641291E-1;;
02/12/2021  12:05:22,658558;9,555951E-1;1,280100E-1;1,088855E-1;9,643820E-1;;
02/12/2021  12:05:22,658658;9,547547E-1;1,257800E-1;1,540637E-1;9,646074E-1;;
02/12/2021  12:05:22,658758;9,532049E-1;1,216384E-1;1,268936E-1;9,648048E-1;;
02/12/2021  12:05:22,658858;9,523138E-1;1,229127E-1;1,246821E-1;9,649734E-1;;
02/12/2021  12:05:22,658958;9,521111E-1;9,933782E-2;1,016190E-1;9,651126E-1;;
02/12/2021  12:05:22,659058;9,518369E-1;9,264764E-2;1,120448E-1;9,652219E-1;;
02/12/2021  12:05:22,659158;9,511157E-1;1,276914E-1;1,294210E-1;9,653009E-1;;
02/12/2021  12:05:22,659258;9,496077E-1;1,149482E-1;1,177316E-1;9,653494E-1;;
02/12/2021  12:05:22,659358;9,489639E-1;7,894870E-2;9,656411E-2;9,653670E-1;;
02/12/2021  12:05:22,659458;9,487225E-1;7,958586E-2;7,760819E-2;9,653537E-1;;
02/12/2021  12:05:22,659558;9,479745E-1;1,646467E-1;1,998739E-1;9,653093E-1;;
02/12/2021  12:05:22,659658;9,474470E-1;1,069837E-1;1,025668E-1;9,652338E-1;;
02/12/2021  12:05:22,659758;9,458555E-1;1,082581E-1;1,284732E-1;9,651274E-1;;
02/12/2021  12:05:22,659858;9,442580E-1;1,286472E-1;1,328963E-1;9,649901E-1;;
02/12/2021  12:05:22,659958;9,446514E-1;1,200455E-1;1,142563E-1;9,648220E-1;;
02/12/2021  12:05:22,660058;9,433818E-1;1,254614E-1;1,354238E-1;9,646232E-1;;
02/12/2021  12:05:22,660158;9,421152E-1;1,165411E-1;1,265777E-1;9,643940E-1;;
02/12/2021  12:05:22,660258;9,404999E-1;1,340630E-1;1,461654E-1;9,641346E-1;;
02/12/2021  12:05:22,660358;9,393793E-1;1,448948E-1;1,373193E-1;9,638450E-1;;
02/12/2021  12:05:22,660458;9,398621E-1;1,162226E-1;1,148882E-1;9,635256E-1;;
02/12/2021  12:05:22,660558;9,392809E-1;1,178155E-1;1,189953E-1;9,631765E-1;;
02/12/2021  12:05:22,660658;9,377461E-1;1,184526E-1;1,341600E-1;9,627982E-1;;
02/12/2021  12:05:22,660758;9,362977E-1;1,337445E-1;1,363715E-1;9,623914E-1;;
02/12/2021  12:05:22,660858;9,355287E-1;1,076209E-1;1,426902E-1;9,619563E-1;;
02/12/2021  12:05:22,660958;9,350698E-1;1,331073E-1;1,297370E-1;9,614936E-1;;
02/12/2021  12:05:22,661058;9,346257E-1;1,362931E-1;1,322644E-1;9,610037E-1;;
02/12/2021  12:05:22,661158;9,339462E-1;1,337445E-1;1,414265E-1;9,604874E-1;;
02/12/2021  12:05:22,661258;9,332637E-1;1,286472E-1;1,310007E-1;9,599453E-1;;
02/12/2021  12:05:22,661358;9,322951E-1;1,280100E-1;1,411105E-1;9,593784E-1;;
02/12/2021  12:05:22,661458;9,324322E-1;1,334259E-1;1,313166E-1;9,587876E-1;;
02/12/2021  12:05:22,661558;9,317795E-1;1,337445E-1;1,357397E-1;9,581738E-1;;
02/12/2021  12:05:22,661658;9,302566E-1;1,350188E-1;1,328963E-1;9,575381E-1;;
02/12/2021  12:05:22,661758;9,289780E-1;1,598680E-1;1,885003E-1;9,568815E-1;;
02/12/2021  12:05:22,661858;9,278574E-1;1,229127E-1;1,133085E-1;9,562050E-1;;
02/12/2021  12:05:22,661958;9,279439E-1;1,273729E-1;1,221546E-1;9,555094E-1;;
02/12/2021  12:05:22,662058;9,265580E-1;1,337445E-1;1,328963E-1;9,547956E-1;;
02/12/2021  12:05:22,662158;9,256729E-1;1,260985E-1;1,234183E-1;9,540645E-1;;
02/12/2021  12:05:22,662258;9,240605E-1;1,053908E-1;1,325804E-1;9,533169E-1;;
02/12/2021  12:05:22,662358;9,235360E-1;1,311958E-1;1,294210E-1;9,525537E-1;;
02/12/2021  12:05:22,662458;9,232112E-1;1,382046E-1;1,379512E-1;9,517756E-1;;
02/12/2021  12:05:22,662558;9,221263E-1;1,251428E-1;1,297370E-1;9,509834E-1;;
02/12/2021  12:05:22,662658;9,209849E-1;1,397975E-1;1,328963E-1;9,501779E-1;;
02/12/2021  12:05:22,662758;9,197719E-1;1,337445E-1;1,177316E-1;9,493600E-1;;
02/12/2021  12:05:22,662858;9,196110E-1;1,531778E-1;1,499566E-1;9,485302E-1;;
02/12/2021  12:05:22,662958;9,191639E-1;1,114439E-1;1,208909E-1;9,476894E-1;;
02/12/2021  12:05:22,663058;9,182251E-1;1,509478E-1;1,499566E-1;9,468384E-1;;
02/12/2021  12:05:22,663158;9,178287E-1;1,369303E-1;1,328963E-1;9,459781E-1;;
02/12/2021  12:05:22,663258;9,175724E-1;2,032998E-2;6,023194E-2;9,451093E-1;;
02/12/2021  12:05:22,663358;9,180731E-1;2,128572E-2;6,591871E-2;9,442330E-1;;
02/12/2021  12:05:22,663458;9,183384E-1;1,229127E-1;1,196272E-1;9,433504E-1;;
02/12/2021  12:05:22,663558;9,171910E-1;1,184526E-1;1,063580E-1;9,424627E-1;;
02/12/2021  12:05:22,663658;9,169346E-1;1,232313E-1;1,648054E-1;9,415713E-1;;
02/12/2021  12:05:22,663758;9,160972E-1;1,225942E-1;1,161519E-1;9,406773E-1;;
02/12/2021  12:05:22,663858;9,167707E-1;1,073023E-1;1,079377E-1;9,397821E-1;;
02/12/2021  12:05:22,663958;9,170986E-1;1,426647E-1;1,603824E-1;9,388869E-1;;
02/12/2021  12:05:22,664058;9,165502E-1;9,615202E-2;9,972343E-2;9,379930E-1;;
02/12/2021  12:05:22,664158;9,161359E-1;1,222756E-1;1,493248E-1;9,371019E-1;;
02/12/2021  12:05:22,664258;9,153759E-1;1,168597E-1;1,164678E-1;9,362150E-1;;
02/12/2021  12:05:22,664358;9,167677E-1;7,385142E-2;9,087734E-2;9,353334E-1;;
02/12/2021  12:05:22,664458;9,164220E-1;1,063466E-1;1,262617E-1;9,344586E-1;;
02/12/2021  12:05:22,664558;9,158230E-1;1,203641E-1;1,275255E-1;9,335918E-1;;
02/12/2021  12:05:22,664658;9,148961E-1;1,069837E-1;1,161519E-1;9,327345E-1;;
02/12/2021  12:05:22,664758;9,143805E-1;1,077258E-2;2,674314E-2;9,318875E-1;;
02/12/2021  12:05:22,664858;9,147054E-1;1,037979E-1;1,145722E-1;9,310521E-1;;
02/12/2021  12:05:22,664958;9,149468E-1;9,328480E-2;1,085695E-1;9,302290E-1;;
02/12/2021  12:05:22,665058;9,141838E-1;1,111253E-1;1,313166E-1;9,294191E-1;;
02/12/2021  12:05:22,665158;9,139782E-1;1,111253E-1;1,164678E-1;9,286235E-1;;
02/12/2021  12:05:22,665258;9,137278E-1;1,340630E-1;1,205749E-1;9,278427E-1;;
02/12/2021  12:05:22,665358;9,149110E-1;1,088952E-1;1,385831E-1;9,270776E-1;;
02/12/2021  12:05:22,665458;9,148663E-1;1,123996E-1;1,392149E-1;9,263289E-1;;
02/12/2021  12:05:22,665558;9,148157E-1;1,248242E-1;1,490088E-1;9,255975E-1;;
02/12/2021  12:05:22,665658;9,139514E-1;1,190898E-1;1,205749E-1;9,248840E-1;;
02/12/2021  12:05:22,665758;9,139931E-1;6,716124E-2;8,677022E-2;9,241892E-1;;
02/12/2021  12:05:22,665858;9,153014E-1;1,442576E-1;1,291051E-1;9,235136E-1;;
02/12/2021  12:05:22,665958;9,148723E-1;1,764342E-1;1,512204E-1;9,228578E-1;;
02/12/2021  12:05:22,666058;9,148007E-1;1,522221E-1;1,426902E-1;9,222224E-1;;
02/12/2021  12:05:22,666158;9,148037E-1;2,337786E-1;2,065085E-1;9,216079E-1;;
02/12/2021  12:05:22,666258;9,155965E-1;1,735670E-1;1,546956E-1;9,210147E-1;;
02/12/2021  12:05:22,666358;9,157336E-1;1,866287E-1;1,745993E-1;9,204434E-1;;
02/12/2021  12:05:22,666458;9,159720E-1;1,687883E-1;1,591187E-1;9,198944E-1;;
02/12/2021  12:05:22,666558;9,154803E-1;1,576380E-1;1,458495E-1;9,193680E-1;;
02/12/2021  12:05:22,666658;9,152180E-1;1,550893E-1;1,486929E-1;9,188647E-1;;
02/12/2021  12:05:22,666758;9,161270E-1;1,525407E-1;1,518522E-1;9,183845E-1;;
02/12/2021  12:05:22,666858;9,171403E-1;1,455319E-1;1,335282E-1;9,179277E-1;;
02/12/2021  12:05:22,666958;9,173966E-1;1,375674E-1;1,388990E-1;9,174946E-1;;
02/12/2021  12:05:22,667058;9,179748E-1;1,178155E-1;1,218387E-1;9,170853E-1;;
02/12/2021  12:05:22,667158;9,181089E-1;1,283286E-1;1,382671E-1;9,167003E-1;;
02/12/2021  12:05:22,667258;9,189762E-1;1,267357E-1;1,322644E-1;9,163397E-1;;
02/12/2021  12:05:22,667358;9,210117E-1;1,200455E-1;8,929768E-2;9,160040E-1;;
02/12/2021  12:05:22,667458;9,212322E-1;1,273729E-1;1,019350E-1;9,156935E-1;;
02/12/2021  12:05:22,667558;9,218760E-1;1,254614E-1;1,155200E-1;9,154087E-1;;
02/12/2021  12:05:22,667658;9,213783E-1;1,407532E-1;1,363715E-1;9,151502E-1;;
02/12/2021  12:05:22,667758;9,232767E-1;1,149482E-1;1,388990E-1;9,149182E-1;;
02/12/2021  12:05:22,667858;9,253510E-1;1,206827E-1;1,335282E-1;9,147130E-1;;
02/12/2021  12:05:22,667958;9,255149E-1;1,232313E-1;1,287892E-1;9,145353E-1;;
02/12/2021  12:05:22,668058;9,264031E-1;1,420275E-1;1,357397E-1;9,143856E-1;;
02/12/2021  12:05:22,668158;9,266564E-1;1,174969E-1;1,291051E-1;9,142644E-1;;
02/12/2021  12:05:22,668258;9,287515E-1;1,057094E-1;1,069899E-1;9,141720E-1;;
02/12/2021  12:05:22,668358;9,292910E-1;8,022302E-2;1,502726E-1;9,141090E-1;;
02/12/2021  12:05:22,668458;9,303907E-1;1,347002E-1;1,360556E-1;9,140757E-1;;
02/12/2021  12:05:22,668558;9,307662E-1;1,375674E-1;1,458495E-1;9,140725E-1;;
02/12/2021  12:05:22,668658;9,306172E-1;1,340630E-1;1,328963E-1;9,140998E-1;;
02/12/2021  12:05:22,668758;9,320328E-1;1,286472E-1;1,294210E-1;9,141577E-1;;
02/12/2021  12:05:22,668858;9,329269E-1;1,149482E-1;1,303688E-1;9,142461E-1;;
02/12/2021  12:05:22,668958;9,325902E-1;1,496735E-1;1,439539E-1;9,143649E-1;;
02/12/2021  12:05:22,669058;9,329955E-1;1,413904E-1;1,363715E-1;9,145141E-1;;
02/12/2021  12:05:22,669158;9,330283E-1;1,254614E-1;1,224705E-1;9,146932E-1;;
02/12/2021  12:05:22,669258;9,346555E-1;1,069837E-1;1,088855E-1;9,149016E-1;;
02/12/2021  12:05:22,669358;9,356628E-1;1,362931E-1;1,436380E-1;9,151388E-1;;
02/12/2021  12:05:22,669458;9,355705E-1;1,302401E-1;1,180475E-1;9,154044E-1;;
02/12/2021  12:05:22,669558;9,351949E-1;1,092138E-1;1,155200E-1;9,156977E-1;;
02/12/2021  12:05:22,669658;9,354632E-1;-1,217567E-1;2,295196E-2;9,160178E-1;;
02/12/2021  12:05:22,669758;9,366076E-1;1,276914E-1;1,505885E-1;9,163639E-1;;
02/12/2021  12:05:22,669858;9,367060E-1;1,315144E-1;1,382671E-1;9,167348E-1;;
02/12/2021  12:05:22,669958;9,371202E-1;1,276914E-1;1,272095E-1;9,171297E-1;;
02/12/2021  12:05:22,670058;9,370070E-1;1,286472E-1;1,303688E-1;9,175473E-1;;
02/12/2021  12:05:22,670158;9,374421E-1;1,570008E-1;1,483770E-1;9,179865E-1;;
02/12/2021  12:05:22,670258;9,385716E-1;1,241871E-1;1,426902E-1;9,184461E-1;;
02/12/2021  12:05:22,670358;9,391468E-1;1,289658E-1;1,310007E-1;9,189249E-1;;
02/12/2021  12:05:22,670458;9,392213E-1;1,178155E-1;1,174156E-1;9,194216E-1;;
02/12/2021  12:05:22,670558;9,383630E-1;1,617795E-1;1,332122E-1;9,199352E-1;;
02/12/2021  12:05:22,670658;9,382706E-1;1,350188E-1;1,272095E-1;9,204643E-1;;
02/12/2021  12:05:22,670758;9,391021E-1;1,423461E-1;1,404787E-1;9,210074E-1;;
02/12/2021  12:05:22,670858;9,402316E-1;1,343816E-1;1,316326E-1;9,215630E-1;;
02/12/2021  12:05:22,670958;9,400737E-1;1,114439E-1;1,268936E-1;9,221299E-1;;
02/12/2021  12:05:22,671058;9,404075E-1;1,315144E-1;1,379512E-1;9,227066E-1;;
02/12/2021  12:05:22,671158;9,405237E-1;1,401161E-1;1,376353E-1;9,232920E-1;;
02/12/2021  12:05:22,671258;9,422076E-1;1,311958E-1;1,398468E-1;9,238847E-1;;
02/12/2021  12:05:22,671358;9,431196E-1;1,206827E-1;1,167838E-1;9,244837E-1;;
02/12/2021  12:05:22,671458;9,429795E-1;1,308772E-1;1,278414E-1;9,250881E-1;;
02/12/2021  12:05:22,671558;9,432865E-1;1,232313E-1;1,044624E-1;9,256969E-1;;
02/12/2021  12:05:22,671658;9,445471E-1;1,149482E-1;1,275255E-1;9,263093E-1;;
02/12/2021  12:05:22,671758;9,461505E-1;1,305587E-1;1,553275E-1;9,269246E-1;;
02/12/2021  12:05:22,671858;9,468241E-1;1,133553E-1;1,202590E-1;9,275422E-1;;
02/12/2021  12:05:22,671958;9,468479E-1;1,159040E-1;1,205749E-1;9,281617E-1;;
02/12/2021  12:05:22,672058;9,473993E-1;1,276914E-1;1,322644E-1;9,287826E-1;;
02/12/2021  12:05:22,672158;9,484185E-1;1,063466E-1;7,760819E-2;9,294047E-1;;
02/12/2021  12:05:22,672258;9,501829E-1;1,302401E-1;1,189953E-1;9,300275E-1;;
02/12/2021  12:05:22,672358;9,503140E-1;1,181340E-1;1,092014E-1;9,306509E-1;;
02/12/2021  12:05:22,672458;9,502365E-1;1,200455E-1;1,227865E-1;9,312748E-1;;
02/12/2021  12:05:22,672558;9,497537E-1;1,270543E-1;1,253139E-1;9,318989E-1;;
02/12/2021  12:05:22,672658;9,505018E-1;1,168597E-1;1,069899E-1;9,325230E-1;;
02/12/2021  12:05:22,672758;9,507551E-1;1,350188E-1;1,360556E-1;9,331467E-1;;
02/12/2021  12:05:22,672858;9,507193E-1;1,213198E-1;1,117289E-1;9,337694E-1;;
02/12/2021  12:05:22,672958;9,503259E-1;1,327887E-1;1,313166E-1;9,343906E-1;;
02/12/2021  12:05:22,673058;9,500994E-1;1,063466E-1;1,155200E-1;9,350098E-1;;
02/12/2021  12:05:22,673158;9,513422E-1;1,178155E-1;1,297370E-1;9,356263E-1;;
02/12/2021  12:05:22,673258;9,517118E-1;1,197269E-1;1,262617E-1;9,362394E-1;;
02/12/2021  12:05:22,673358;9,518876E-1;1,315144E-1;1,268936E-1;9,368486E-1;;
02/12/2021  12:05:22,673458;9,514853E-1;1,143111E-1;1,066739E-1;9,374534E-1;;
02/12/2021  12:05:22,673558;9,513154E-1;-2,745702E-2;1,193112E-1;9,380531E-1;;
02/12/2021  12:05:22,673658;9,521409E-1;1,681511E-1;1,502726E-1;9,386472E-1;;
02/12/2021  12:05:22,673758;9,525969E-1;1,190898E-1;1,294210E-1;9,392350E-1;;
02/12/2021  12:05:22,673858;9,524777E-1;1,276914E-1;1,278414E-1;9,398160E-1;;
02/12/2021  12:05:22,673958;9,518071E-1;1,133553E-1;1,063580E-1;9,403897E-1;;
02/12/2021  12:05:22,674058;9,520068E-1;5,441804E-2;1,107811E-1;9,409556E-1;;
02/12/2021  12:05:22,674158;9,526953E-1;1,324701E-1;1,622780E-1;9,415130E-1;;
02/12/2021  12:05:22,674258;9,529814E-1;1,334259E-1;1,338441E-1;9,420613E-1;;
02/12/2021  12:05:22,674358;9,524896E-1;1,340630E-1;1,417424E-1;9,426002E-1;;
02/12/2021  12:05:22,674458;9,516194E-1;1,178155E-1;1,284732E-1;9,431291E-1;;
02/12/2021  12:05:22,674558;9,512468E-1;9,997498E-2;1,297370E-1;9,436474E-1;;
02/12/2021  12:05:22,674658;9,517624E-1;1,184526E-1;1,088855E-1;9,441545E-1;;
02/12/2021  12:05:22,674758;9,522661E-1;1,181340E-1;1,218387E-1;9,446497E-1;;
02/12/2021  12:05:22,674858;9,519472E-1;1,143111E-1;1,281573E-1;9,451325E-1;;
02/12/2021  12:05:22,674958;9,508743E-1;1,130368E-1;1,120448E-1;9,456025E-1;;
02/12/2021  12:05:22,675058;9,517624E-1;1,458505E-1;1,344760E-1;9,460590E-1;;
02/12/2021  12:05:22,675158;9,528711E-1;1,378860E-1;1,379512E-1;9,465016E-1;;
02/12/2021  12:05:22,675258;9,529486E-1;1,257800E-1;1,205749E-1;9,469301E-1;;
02/12/2021  12:05:22,675358;9,538188E-1;1,114439E-1;1,063580E-1;9,473445E-1;;
02/12/2021  12:05:22,675458;9,525850E-1;1,248242E-1;1,464814E-1;9,477446E-1;;
02/12/2021  12:05:22,675558;9,536907E-1;1,267357E-1;1,319485E-1;9,481306E-1;;
02/12/2021  12:05:22,675658;9,545758E-1;7,321426E-2;7,381701E-2;9,485025E-1;;
02/12/2021  12:05:22,675758;9,546831E-1;1,143111E-1;1,088855E-1;9,488606E-1;;
02/12/2021  12:05:22,675858;9,541198E-1;1,101695E-1;1,126766E-1;9,492051E-1;;
02/12/2021  12:05:22,675958;9,538427E-1;1,391603E-1;1,373193E-1;9,495365E-1;;
02/12/2021  12:05:22,676058;9,549305E-1;1,264171E-1;1,265777E-1;9,498548E-1;;
02/12/2021  12:05:22,676158;9,546354E-1;2,702016E-2;1,347400E-2;9,501604E-1;;
02/12/2021  12:05:22,676258;9,557054E-1;1,308772E-1;1,755471E-1;9,504536E-1;;
02/12/2021  12:05:22,676358;9,545490E-1;1,340630E-1;1,332122E-1;9,507348E-1;;
02/12/2021  12:05:22,676458;9,533003E-1;1,337445E-1;1,237343E-1;9,510043E-1;;
02/12/2021  12:05:22,676558;9,539947E-1;6,716124E-2;7,128955E-2;9,512623E-1;;
02/12/2021  12:05:22,676658;9,535566E-1;1,260985E-1;1,275255E-1;9,515088E-1;;
02/12/2021  12:05:22,676758;9,542152E-1;1,241871E-1;1,325804E-1;9,517439E-1;;
02/12/2021  12:05:22,676858;9,531840E-1;1,292843E-1;1,335282E-1;9,519678E-1;;
02/12/2021  12:05:22,676958;9,519472E-1;1,028422E-1;1,180475E-1;9,521804E-1;;
02/12/2021  12:05:22,677058;9,522303E-1;8,659462E-2;1,189953E-1;9,523817E-1;;
02/12/2021  12:05:22,677158;9,526655E-1;1,028422E-1;1,038306E-1;9,525715E-1;;
02/12/2021  12:05:22,677258;9,523555E-1;1,028422E-1;1,133085E-1;9,527498E-1;;
02/12/2021  12:05:22,677358;9,521588E-1;1,009307E-1;1,158360E-1;9,529165E-1;;
02/12/2021  12:05:22,677458;9,516134E-1;9,774492E-2;1,104651E-1;9,530716E-1;;
02/12/2021  12:05:22,677558;9,524270E-1;9,901924E-2;1,088855E-1;9,532151E-1;;
02/12/2021  12:05:22,677658;9,520754E-1;9,933782E-2;1,262617E-1;9,533470E-1;;
02/12/2021  12:05:22,677758;9,520932E-1;9,392196E-2;1,161519E-1;9,534676E-1;;
02/12/2021  12:05:22,677858;9,516790E-1;9,424054E-2;1,155200E-1;9,535769E-1;;
02/12/2021  12:05:22,677958;9,515568E-1;7,767438E-2;1,047783E-1;9,536750E-1;;
02/12/2021  12:05:22,678058;9,526416E-1;8,755036E-2;9,087734E-2;9,537621E-1;;
02/12/2021  12:05:22,678158;9,525433E-1;1,165411E-1;1,189953E-1;9,538385E-1;;
02/12/2021  12:05:22,678258;9,523913E-1;9,615202E-2;1,073058E-1;9,539047E-1;;
02/12/2021  12:05:22,678358;9,513482E-1;8,914326E-2;1,060421E-1;9,539608E-1;;
02/12/2021  12:05:22,678458;9,514346E-1;1,120810E-1;1,379512E-1;9,540073E-1;;
02/12/2021  12:05:22,678558;9,516164E-1;1,168597E-1;1,458495E-1;9,540443E-1;;
02/12/2021  12:05:22,678658;9,522899E-1;8,213450E-2;1,066739E-1;9,540722E-1;;
02/12/2021  12:05:22,678758;9,519353E-1;1,034794E-1;1,199431E-1;9,540913E-1;;
02/12/2021  12:05:22,678858;9,514674E-1;1,123996E-1;1,265777E-1;9,541020E-1;;
02/12/2021  12:05:22,678958;9,514435E-1;1,235499E-1;1,338441E-1;9,541047E-1;;
02/12/2021  12:05:22,679058;9,528473E-1;1,340630E-1;1,452176E-1;9,540997E-1;;
02/12/2021  12:05:22,679158;9,529396E-1;1,366117E-1;1,376353E-1;9,540875E-1;;
02/12/2021  12:05:22,679258;9,532228E-1;1,407532E-1;1,284732E-1;9,540688E-1;;
02/12/2021  12:05:22,679358;9,522363E-1;1,225942E-1;1,360556E-1;9,540442E-1;;
02/12/2021  12:05:22,679458;9,522810E-1;1,509478E-1;1,234183E-1;9,540142E-1;;
02/12/2021  12:05:22,679558;9,534433E-1;1,477620E-1;1,256299E-1;9,539794E-1;;
02/12/2021  12:05:22,679658;9,536400E-1;1,585937E-1;1,382671E-1;9,539403E-1;;
02/12/2021  12:05:22,679758;9,533390E-1;1,534964E-1;1,467973E-1;9,538977E-1;;
02/12/2021  12:05:22,679858;9,530231E-1;1,630538E-1;1,704922E-1;9,538520E-1;;
02/12/2021  12:05:22,679958;9,530887E-1;1,426647E-1;1,360556E-1;9,538039E-1;;
02/12/2021  12:05:22,680058;9,537205E-1;8,309024E-2;1,092014E-1;9,537539E-1;;
02/12/2021  12:05:22,680158;9,536341E-1;1,143111E-1;1,227865E-1;9,537024E-1;;
02/12/2021  12:05:22,680258;9,524002E-1;1,343816E-1;1,360556E-1;9,536499E-1;;
02/12/2021  12:05:22,680358;9,510561E-1;1,050723E-1;1,013031E-1;9,535968E-1;;
02/12/2021  12:05:22,680458;9,513929E-1;1,203641E-1;1,215227E-1;9,535432E-1;;
02/12/2021  12:05:22,680558;9,519412E-1;1,483991E-1;1,606983E-1;9,534889E-1;;
02/12/2021  12:05:22,680658;9,514018E-1;1,633724E-1;1,553275E-1;9,534341E-1;;
02/12/2021  12:05:22,680758;9,505077E-1;1,311958E-1;1,411105E-1;9,533787E-1;;
02/12/2021  12:05:22,680858;9,496434E-1;1,257800E-1;1,142563E-1;9,533226E-1;;
02/12/2021  12:05:22,680958;9,497805E-1;7,671864E-2;8,424277E-2;9,532657E-1;;
02/12/2021  12:05:22,681058;9,505942E-1;1,302401E-1;1,193112E-1;9,532075E-1;;
02/12/2021  12:05:22,681158;9,501531E-1;9,105474E-2;8,234717E-2;9,531481E-1;;
02/12/2021  12:05:22,681258;9,492202E-1;1,311958E-1;1,328963E-1;9,530872E-1;;
02/12/2021  12:05:22,681358;9,485020E-1;1,359745E-1;1,284732E-1;9,530247E-1;;
02/12/2021  12:05:22,681458;9,488060E-1;1,159040E-1;1,208909E-1;9,529603E-1;;
02/12/2021  12:05:22,681558;9,492918E-1;8,595746E-2;7,666040E-2;9,528937E-1;;
02/12/2021  12:05:22,681658;9,479715E-1;1,222756E-1;1,155200E-1;9,528247E-1;;
02/12/2021  12:05:22,681758;9,473367E-1;1,197269E-1;1,291051E-1;9,527532E-1;;
02/12/2021  12:05:22,681858;9,468986E-1;1,171783E-1;1,092014E-1;9,526787E-1;;
02/12/2021  12:05:22,681958;9,473814E-1;1,420275E-1;1,366875E-1;9,526009E-1;;
02/12/2021  12:05:22,682058;9,479655E-1;1,474434E-1;1,562753E-1;9,525195E-1;;
02/12/2021  12:05:22,682158;9,465648E-1;1,241871E-1;1,335282E-1;9,524343E-1;;
02/12/2021  12:05:22,682258;9,459002E-1;5,951532E-2;8,834988E-2;9,523452E-1;;
02/12/2021  12:05:22,682358;9,456558E-1;1,267357E-1;1,430061E-1;9,522519E-1;;
02/12/2021  12:05:22,682458;9,456856E-1;1,311958E-1;1,316326E-1;9,521540E-1;;
02/12/2021  12:05:22,682558;9,461267E-1;1,213198E-1;1,341600E-1;9,520514E-1;;
02/12/2021  12:05:22,682658;9,453935E-1;1,318330E-1;1,335282E-1;9,519439E-1;;
02/12/2021  12:05:22,682758;9,447319E-1;6,524976E-2;8,740209E-2;9,518314E-1;;
02/12/2021  12:05:22,682858;9,445352E-1;1,069837E-1;7,887192E-2;9,517137E-1;;
02/12/2021  12:05:22,682958;9,452445E-1;1,544522E-1;1,644895E-1;9,515907E-1;;
02/12/2021  12:05:22,683058;9,446157E-1;1,232313E-1;1,294210E-1;9,514623E-1;;
02/12/2021  12:05:22,683158;9,439391E-1;1,420275E-1;1,452176E-1;9,513286E-1;;
02/12/2021  12:05:22,683258;9,426725E-1;1,305587E-1;1,300529E-1;9,511895E-1;;
02/12/2021  12:05:22,683358;9,423596E-1;1,044351E-1;1,474292E-1;9,510448E-1;;
02/12/2021  12:05:22,683458;9,428752E-1;9,997498E-2;8,329497E-2;9,508943E-1;;
02/12/2021  12:05:22,683558;9,420884E-1;1,292843E-1;1,351078E-1;9,507379E-1;;
02/12/2021  12:05:22,683658;9,407204E-1;1,490363E-1;1,622780E-1;9,505753E-1;;
02/12/2021  12:05:22,683758;9,395432E-1;1,245056E-1;1,291051E-1;9,504064E-1;;
02/12/2021  12:05:22,683858;9,394866E-1;1,187712E-1;1,193112E-1;9,502308E-1;;
02/12/2021  12:05:22,683958;9,393644E-1;1,308772E-1;1,259458E-1;9,500481E-1;;
02/12/2021  12:05:22,684058;9,386014E-1;1,334259E-1;1,341600E-1;9,498580E-1;;
02/12/2021  12:05:22,684158;9,374272E-1;1,108067E-1;9,972343E-2;9,496602E-1;;
02/12/2021  12:05:22,684258;9,356599E-1;1,069837E-1;1,382671E-1;9,494542E-1;;
02/12/2021  12:05:22,684358;9,353797E-1;1,337445E-1;1,291051E-1;9,492396E-1;;
02/12/2021  12:05:22,684458;9,350787E-1;7,767438E-2;8,613836E-2;9,490158E-1;;
02/12/2021  12:05:22,684558;9,348403E-1;1,232313E-1;1,310007E-1;9,487823E-1;;
02/12/2021  12:05:22,684658;9,335856E-1;1,002936E-1;9,845971E-2;9,485386E-1;;
02/12/2021  12:05:22,684758;9,318123E-1;1,512664E-1;1,382671E-1;9,482845E-1;;
02/12/2021  12:05:22,684858;9,314934E-1;1,238685E-1;1,196272E-1;9,480194E-1;;
02/12/2021  12:05:22,684958;9,316991E-1;6,779840E-2;5,612482E-2;9,477427E-1;;
02/12/2021  12:05:22,685058;9,307007E-1;1,362931E-1;9,656411E-2;9,474541E-1;;
02/12/2021  12:05:22,685158;9,299198E-1;1,452133E-1;1,376353E-1;9,471532E-1;;
02/12/2021  12:05:22,685258;9,288171E-1;1,232313E-1;1,253139E-1;9,468398E-1;;
02/12/2021  12:05:22,685358;9,282598E-1;1,216384E-1;1,167838E-1;9,465136E-1;;
02/12/2021  12:05:22,685458;9,286204E-1;1,433019E-1;1,496407E-1;9,461743E-1;;
02/12/2021  12:05:22,685558;9,275684E-1;1,417090E-1;1,363715E-1;9,458217E-1;;
02/12/2021  12:05:22,685658;9,270468E-1;1,181340E-1;1,199431E-1;9,454560E-1;;
02/12/2021  12:05:22,685758;9,260067E-1;1,178155E-1;1,202590E-1;9,450770E-1;;
02/12/2021  12:05:22,685858;9,263375E-1;1,512664E-1;1,272095E-1;9,446848E-1;;
02/12/2021  12:05:22,685958;9,262004E-1;1,595494E-1;1,562753E-1;9,442796E-1;;
02/12/2021  12:05:22,686058;9,258696E-1;1,407532E-1;1,275255E-1;9,438616E-1;;
02/12/2021  12:05:22,686158;9,247281E-1;1,404346E-1;1,540637E-1;9,434312E-1;;
02/12/2021  12:05:22,686258;9,230979E-1;1,254614E-1;1,212068E-1;9,429887E-1;;
02/12/2021  12:05:22,686358;9,239711E-1;1,245056E-1;1,325804E-1;9,425344E-1;;
02/12/2021  12:05:22,686458;9,234168E-1;1,315144E-1;1,496407E-1;9,420686E-1;;
02/12/2021  12:05:22,686558;9,232946E-1;1,149482E-1;1,016190E-1;9,415918E-1;;
02/12/2021  12:05:22,686658;9,224333E-1;1,296029E-1;1,423743E-1;9,411045E-1;;
02/12/2021  12:05:22,686758;9,217478E-1;1,315144E-1;1,338441E-1;9,406071E-1;;
02/12/2021  12:05:22,686858;9,219028E-1;1,133553E-1;1,212068E-1;9,401004E-1;;
02/12/2021  12:05:22,686958;9,223707E-1;1,267357E-1;1,300529E-1;9,395847E-1;;
02/12/2021  12:05:22,687058;9,216703E-1;1,203641E-1;1,243661E-1;9,390609E-1;;
02/12/2021  12:05:22,687158;9,207703E-1;1,225942E-1;1,170997E-1;9,385298E-1;;
02/12/2021  12:05:22,687258;9,203024E-1;9,232906E-2;9,056141E-2;9,379919E-1;;
02/12/2021  12:05:22,687358;9,207256E-1;1,407532E-1;1,360556E-1;9,374482E-1;;
02/12/2021  12:05:22,687458;9,206719E-1;1,292843E-1;1,322644E-1;9,368991E-1;;
02/12/2021  12:05:22,687558;9,199716E-1;1,331073E-1;1,294210E-1;9,363457E-1;;
02/12/2021  12:05:22,687658;9,193546E-1;1,464877E-1;1,379512E-1;9,357886E-1;;
02/12/2021  12:05:22,687758;9,195901E-1;1,178155E-1;1,205749E-1;9,352288E-1;;
02/12/2021  12:05:22,687858;9,200461E-1;1,171783E-1;1,284732E-1;9,346668E-1;;
02/12/2021  12:05:22,687958;9,192503E-1;1,155854E-1;1,193112E-1;9,341037E-1;;
02/12/2021  12:05:22,688058;9,189940E-1;1,296029E-1;1,332122E-1;9,335402E-1;;
02/12/2021  12:05:22,688158;9,176887E-1;1,420275E-1;1,379512E-1;9,329771E-1;;
02/12/2021  12:05:22,688258;9,178079E-1;1,378860E-1;1,164678E-1;9,324151E-1;;
02/12/2021  12:05:22,688358;9,180523E-1;1,362931E-1;1,249980E-1;9,318549E-1;;
02/12/2021  12:05:22,688458;9,171760E-1;1,155854E-1;1,205749E-1;9,312969E-1;;
02/12/2021  12:05:22,688558;9,171910E-1;1,448948E-1;1,458495E-1;9,307419E-1;;
02/12/2021  12:05:22,688658;9,160167E-1;1,318330E-1;1,515363E-1;9,301903E-1;;
02/12/2021  12:05:22,688758;9,170002E-1;1,273729E-1;1,262617E-1;9,296426E-1;;
02/12/2021  12:05:22,688858;9,172595E-1;1,331073E-1;1,685966E-1;9,290994E-1;;
02/12/2021  12:05:22,688958;9,177453E-1;1,464877E-1;1,417424E-1;9,285613E-1;;
02/12/2021  12:05:22,689058;9,173191E-1;1,538150E-1;1,385831E-1;9,280290E-1;;
02/12/2021  12:05:22,689158;9,171105E-1;1,459554E-2;6,465498E-2;9,275033E-1;;
02/12/2021  12:05:22,689258;9,176887E-1;1,101695E-1;1,193112E-1;9,269848E-1;;
02/12/2021  12:05:22,689358;9,188182E-1;1,445762E-1;1,862888E-1;9,264742E-1;;
02/12/2021  12:05:22,689458;9,188778E-1;1,299215E-1;1,379512E-1;9,259725E-1;;
02/12/2021  12:05:22,689558;9,187616E-1;1,232313E-1;1,231024E-1;9,254806E-1;;
02/12/2021  12:05:22,689658;9,191341E-1;1,302401E-1;1,221546E-1;9,249993E-1;;
02/12/2021  12:05:22,689758;9,206839E-1;1,429833E-1;1,310007E-1;9,245296E-1;;
02/12/2021  12:05:22,689858;9,219624E-1;1,493549E-1;1,379512E-1;9,240724E-1;;
02/12/2021  12:05:22,689958;9,220190E-1;1,337445E-1;1,117289E-1;9,236290E-1;;
02/12/2021  12:05:22,690058;9,221174E-1;1,082581E-1;1,199431E-1;9,232005E-1;;
02/12/2021  12:05:22,690158;9,211071E-1;1,041165E-1;1,107811E-1;9,227880E-1;;
02/12/2021  12:05:22,690258;9,225406E-1;1,159040E-1;1,069899E-1;9,223924E-1;;
02/12/2021  12:05:22,690358;9,232857E-1;2,670158E-2;6,718244E-2;9,220144E-1;;
02/12/2021  12:05:22,690458;9,235360E-1;8,914326E-2;8,361090E-2;9,216551E-1;;
02/12/2021  12:05:22,690558;9,234704E-1;1,066652E-1;1,212068E-1;9,213151E-1;;
02/12/2021  12:05:22,690658;9,228386E-1;1,025236E-1;1,073058E-1;9,209952E-1;;
02/12/2021  12:05:22,690758;9,242811E-1;1,222756E-1;1,395309E-1;9,206958E-1;;
02/12/2021  12:05:22,690858;9,250887E-1;1,133553E-1;1,420583E-1;9,204174E-1;;
02/12/2021  12:05:22,690958;9,251573E-1;1,060280E-1;1,142563E-1;9,201606E-1;;
02/12/2021  12:05:22,691058;9,244927E-1;9,551486E-2;8,866581E-2;9,199258E-1;;
02/12/2021  12:05:22,691158;9,244837E-1;1,140974E-2;8,455870E-2;9,197132E-1;;
02/12/2021  12:05:22,691258;9,254345E-1;1,031608E-1;1,243661E-1;9,195229E-1;;
02/12/2021  12:05:22,691358;9,261944E-1;9,901924E-2;1,139404E-1;9,193550E-1;;
02/12/2021  12:05:22,691458;9,257861E-1;9,647060E-2;1,120448E-1;9,192096E-1;;
02/12/2021  12:05:22,691558;9,264507E-1;6,110822E-2;8,329497E-2;9,190865E-1;;
02/12/2021  12:05:22,691658;9,270021E-1;6,843556E-2;1,474292E-1;9,189858E-1;;
02/12/2021  12:05:22,691758;9,280601E-1;1,455319E-1;1,752312E-1;9,189073E-1;;
02/12/2021  12:05:22,691858;9,293983E-1;1,037979E-1;1,095173E-1;9,188510E-1;;
02/12/2021  12:05:22,691958;9,303549E-1;9,296622E-2;1,300529E-1;9,188171E-1;;
02/12/2021  12:05:22,692058;9,300509E-1;1,066652E-1;1,199431E-1;9,188056E-1;;
02/12/2021  12:05:22,692158;9,305397E-1;-3,882102E-3;6,339125E-2;9,188166E-1;;
02/12/2021  12:05:22,692258;9,325425E-1;5,282514E-2;4,506720E-2;9,188502E-1;;
02/12/2021  12:05:22,692358;9,335856E-1;1,002936E-1;1,224705E-1;9,189064E-1;;
02/12/2021  12:05:22,692458;9,341846E-1;1,391603E-1;1,556434E-1;9,189853E-1;;
02/12/2021  12:05:22,692558;9,348224E-1;1,331073E-1;1,291051E-1;9,190873E-1;;
02/12/2021  12:05:22,692658;9,356867E-1;1,162226E-1;1,281573E-1;9,192123E-1;;
02/12/2021  12:05:22,692758;9,377520E-1;1,684697E-1;1,505885E-1;9,193607E-1;;
02/12/2021  12:05:22,692858;9,388816E-1;1,557265E-1;1,436380E-1;9,195325E-1;;
02/12/2021  12:05:22,692958;9,397012E-1;1,544522E-1;1,237343E-1;9,197281E-1;;
02/12/2021  12:05:22,693058;9,406668E-1;4,486064E-2;8,108345E-2;9,199478E-1;;
02/12/2021  12:05:22,693158;9,418142E-1;1,687883E-1;1,543797E-1;9,201919E-1;;
02/12/2021  12:05:22,693258;9,439153E-1;1,241871E-1;1,243661E-1;9,204607E-1;;
02/12/2021  12:05:22,693358;9,446037E-1;1,311958E-1;1,404787E-1;9,207545E-1;;
02/12/2021  12:05:22,693458;9,450180E-1;1,251428E-1;1,167838E-1;9,210736E-1;;
02/12/2021  12:05:22,693558;9,463502E-1;2,542726E-2;8,866581E-2;9,214183E-1;;
02/12/2021  12:05:22,693658;9,478940E-1;1,248242E-1;1,294210E-1;9,217887E-1;;
02/12/2021  12:05:22,693758;9,498431E-1;1,251428E-1;1,291051E-1;9,221850E-1;;
02/12/2021  12:05:22,693858;9,512349E-1;1,152668E-1;1,588027E-1;9,226075E-1;;
02/12/2021  12:05:22,693958;9,510293E-1;1,260985E-1;1,218387E-1;9,230564E-1;;
02/12/2021  12:05:22,694058;9,515121E-1;1,136739E-1;1,202590E-1;9,235319E-1;;
02/12/2021  12:05:22,694158;9,525462E-1;1,216384E-1;1,218387E-1;9,240338E-1;;
02/12/2021  12:05:22,694258;9,543165E-1;9,041758E-2;1,193112E-1;9,245620E-1;;
02/12/2021  12:05:22,694358;9,544358E-1;1,174969E-1;1,275255E-1;9,251161E-1;;
02/12/2021  12:05:22,694458;9,547040E-1;1,117624E-1;1,208909E-1;9,256959E-1;;
02/12/2021  12:05:22,694558;9,550706E-1;1,203641E-1;1,256299E-1;9,263008E-1;;
02/12/2021  12:05:22,694658;9,558097E-1;8,691320E-2;1,268936E-1;9,269302E-1;;
02/12/2021  12:05:22,694758;9,572045E-1;1,171783E-1;1,215227E-1;9,275831E-1;;
02/12/2021  12:05:22,694858;9,571866E-1;9,933782E-2;1,044624E-1;9,282588E-1;;
02/12/2021  12:05:22,694958;9,571210E-1;1,190898E-1;1,366875E-1;9,289564E-1;;
02/12/2021  12:05:22,695058;9,567425E-1;1,296029E-1;1,338441E-1;9,296747E-1;;
02/12/2021  12:05:22,695158;9,572939E-1;1,417090E-1;1,344760E-1;9,304124E-1;;
02/12/2021  12:05:22,695258;9,572253E-1;1,299215E-1;1,480610E-1;9,311681E-1;;
02/12/2021  12:05:22,695358;9,573445E-1;1,197269E-1;1,114129E-1;9,319402E-1;;
02/12/2021  12:05:22,695458;9,576604E-1;1,127182E-1;1,373193E-1;9,327270E-1;;
02/12/2021  12:05:22,695558;9,572283E-1;1,311958E-1;1,328963E-1;9,335269E-1;;
02/12/2021  12:05:22,695658;9,581105E-1;-1,280234E-2;5,043804E-2;9,343379E-1;;
02/12/2021  12:05:22,695758;9,590493E-1;1,092138E-1;1,142563E-1;9,351584E-1;;
02/12/2021  12:05:22,695858;9,583578E-1;1,267357E-1;1,284732E-1;9,359867E-1;;
02/12/2021  12:05:22,695958;9,788772E-1;1,197269E-1;1,467973E-1;9,368216E-1;;
02/12/2021  12:05:22,696058;9,783020E-1;1,289658E-1;1,291051E-1;9,376637E-1;;
02/12/2021  12:05:22,696158;9,779146E-1;1,302401E-1;1,294210E-1;9,385150E-1;;
02/12/2021  12:05:22,696258;9,771576E-1;1,187712E-1;1,278414E-1;9,393773E-1;;
02/12/2021  12:05:22,696358;9,772172E-1;3,498466E-2;3,432551E-2;9,402520E-1;;
02/12/2021  12:05:22,696458;9,775361E-1;1,190898E-1;1,243661E-1;9,411398E-1;;
02/12/2021  12:05:22,696558;9,763737E-1;1,152668E-1;1,186794E-1;9,420412E-1;;
02/12/2021  12:05:22,696658;9,757002E-1;1,095324E-1;1,278414E-1;9,429560E-1;;
02/12/2021  12:05:22,696758;9,743620E-1;8,723178E-2;1,076217E-1;9,438838E-1;;
02/12/2021  12:05:22,696858;9,745647E-1;9,647060E-2;1,028828E-1;9,448234E-1;;
02/12/2021  12:05:22,696958;9,736796E-1;1,178155E-1;1,385831E-1;9,457736E-1;;
02/12/2021  12:05:22,697058;9,732891E-1;9,774492E-2;1,085695E-1;9,467328E-1;;
02/12/2021  12:05:22,697158;9,716589E-1;9,901924E-2;1,227865E-1;9,476991E-1;;
02/12/2021  12:05:22,697258;9,709228E-1;1,002936E-1;1,183634E-1;9,486703E-1;;
02/12/2021  12:05:22,697358;9,714861E-1;6,047106E-2;8,234717E-2;9,496442E-1;;
02/12/2021  12:05:22,697458;9,702433E-1;8,818752E-2;1,114129E-1;9,506183E-1;;
02/12/2021  12:05:22,697558;9,698827E-1;1,022050E-1;1,095173E-1;9,515902E-1;;
02/12/2021  12:05:22,697658;9,684879E-1;1,002936E-1;1,079377E-1;9,525574E-1;;
02/12/2021  12:05:22,697758;9,671050E-1;1,041165E-1;1,373193E-1;9,535171E-1;;
02/12/2021  12:05:22,697858;9,670722E-1;1,181340E-1;1,689125E-1;9,544667E-1;;
02/12/2021  12:05:22,697958;9,659785E-1;9,392196E-2;1,088855E-1;9,554033E-1;;
02/12/2021  12:05:22,698058;9,650277E-1;1,041165E-1;1,139404E-1;9,563242E-1;;
02/12/2021  12:05:22,698158;9,637730E-1;9,201048E-2;1,155200E-1;9,572267E-1;;
02/12/2021  12:05:22,698258;9,630935E-1;1,155854E-1;1,133085E-1;9,581080E-1;;
02/12/2021  12:05:22,698358;9,627299E-1;1,190898E-1;1,354238E-1;9,589655E-1;;
02/12/2021  12:05:22,698458;9,626018E-1;1,238685E-1;1,284732E-1;9,597966E-1;;
02/12/2021  12:05:22,698558;9,607361E-1;1,296029E-1;1,370034E-1;9,605991E-1;;
02/12/2021  12:05:22,698658;9,586082E-1;1,429833E-1;1,407946E-1;9,613705E-1;;
02/12/2021  12:05:22,698758;9,579138E-1;1,598680E-1;1,199431E-1;9,621087E-1;;
02/12/2021  12:05:22,698858;9,575323E-1;1,420275E-1;1,313166E-1;9,628113E-1;;
02/12/2021  12:05:22,698958;9,571180E-1;1,512664E-1;1,360556E-1;9,634762E-1;;
02/12/2021  12:05:22,699058;9,554431E-1;1,643281E-1;1,537478E-1;9,641015E-1;;
02/12/2021  12:05:22,699158;9,540662E-1;1,748413E-1;1,736515E-1;9,646855E-1;;
02/12/2021  12:05:22,699258;9,527012E-1;1,401161E-1;1,376353E-1;9,652264E-1;;
02/12/2021  12:05:22,699358;9,522750E-1;7,162136E-2;9,308886E-2;9,657228E-1;;
02/12/2021  12:05:22,699458;9,509995E-1;1,423461E-1;1,395309E-1;9,661730E-1;;
02/12/2021  12:05:22,699558;9,494914E-1;1,327887E-1;1,385831E-1;9,665760E-1;;
02/12/2021  12:05:22,699658;9,475870E-1;1,286472E-1;1,215227E-1;9,669304E-1;;
02/12/2021  12:05:22,699758;9,465141E-1;1,079395E-1;1,114129E-1;9,672352E-1;;
02/12/2021  12:05:22,699858;9,462191E-1;1,442576E-1;1,733356E-1;9,674893E-1;;
02/12/2021  12:05:22,699958;9,445382E-1;1,178155E-1;1,249980E-1;9,676920E-1;;
02/12/2021  12:05:22,700058;9,425920E-1;1,318330E-1;1,278414E-1;9,678425E-1;;
02/12/2021  12:05:22,700158;9,407890E-1;1,302401E-1;1,202590E-1;9,679403E-1;;
02/12/2021  12:05:22,700258;9,400588E-1;1,108067E-1;1,240502E-1;9,679848E-1;;
02/12/2021  12:05:22,700358;9,390336E-1;1,203641E-1;1,123607E-1;9,679755E-1;;
02/12/2021  12:05:22,700458;9,378534E-1;1,618844E-2;8,424277E-2;9,679123E-1;;
02/12/2021  12:05:22,700558;9,356330E-1;1,149482E-1;1,218387E-1;9,677950E-1;;
02/12/2021  12:05:22,700658;9,338449E-1;9,965640E-2;1,028828E-1;9,676237E-1;;
02/12/2021  12:05:22,700758;9,325186E-1;1,047537E-1;8,487463E-2;9,673983E-1;;
02/12/2021  12:05:22,700858;9,315411E-1;1,066652E-1;9,119327E-2;9,671189E-1;;
02/12/2021  12:05:22,700958;9,296516E-1;5,473662E-2;8,803395E-2;9,667858E-1;;
02/12/2021  12:05:22,701058;9,282806E-1;1,194084E-1;1,294210E-1;9,663992E-1;;
02/12/2021  12:05:22,701158;9,264239E-1;1,057094E-1;1,060421E-1;9,659596E-1;;
02/12/2021  12:05:22,701258;9,258606E-1;9,678918E-2;1,082536E-1;9,654674E-1;;
02/12/2021  12:05:22,701358;9,249904E-1;1,190898E-1;1,550115E-1;9,649234E-1;;
02/12/2021  12:05:22,701458;9,237595E-1;1,152668E-1;1,183634E-1;9,643284E-1;;
02/12/2021  12:05:22,701558;9,217299E-1;1,194084E-1;1,044624E-1;9,636834E-1;;
02/12/2021  12:05:22,701658;9,199507E-1;1,289658E-1;1,622780E-1;9,629895E-1;;
02/12/2021  12:05:22,701758;9,198941E-1;1,420275E-1;1,370034E-1;9,622477E-1;;
02/12/2021  12:05:22,701858;9,188003E-1;1,241871E-1;1,325804E-1;9,614592E-1;;
02/12/2021  12:05:22,701958;9,180105E-1;1,260985E-1;1,278414E-1;9,606256E-1;;
02/12/2021  12:05:22,702058;9,167439E-1;1,082581E-1;1,066739E-1;9,597483E-1;;
02/12/2021  12:05:22,702158;9,154534E-1;1,366117E-1;1,351078E-1;9,588291E-1;;
02/12/2021  12:05:22,702258;9,150153E-1;1,315144E-1;1,208909E-1;9,578696E-1;;
02/12/2021  12:05:22,702358;9,149468E-1;1,232313E-1;1,240502E-1;9,568717E-1;;
02/12/2021  12:05:22,702458;9,135967E-1;1,245056E-1;1,493248E-1;9,558375E-1;;
02/12/2021  12:05:22,702558;9,120857E-1;1,254614E-1;1,297370E-1;9,547691E-1;;
02/12/2021  12:05:22,702658;9,111141E-1;1,174969E-1;1,218387E-1;9,536684E-1;;
02/12/2021  12:05:22,702758;9,108519E-1;1,098510E-1;1,189953E-1;9,525377E-1;;
02/12/2021  12:05:22,702858;9,107326E-1;1,034794E-1;1,114129E-1;9,513791E-1;;
02/12/2021  12:05:22,702958;9,099369E-1;1,152668E-1;1,385831E-1;9,501947E-1;;
02/12/2021  12:05:22,703058;9,091203E-1;1,184526E-1;1,240502E-1;9,489871E-1;;
02/12/2021  12:05:22,703158;9,084557E-1;1,442576E-1;1,360556E-1;9,477585E-1;;
02/12/2021  12:05:22,703258;9,086226E-1;1,216384E-1;1,275255E-1;9,465114E-1;;
02/12/2021  12:05:22,703358;9,086673E-1;1,190898E-1;1,262617E-1;9,452483E-1;;
02/12/2021  12:05:22,703458;9,081249E-1;1,331073E-1;1,268936E-1;9,439716E-1;;
02/12/2021  12:05:22,703558;9,076868E-1;1,292843E-1;1,041465E-1;9,426840E-1;;
02/12/2021  12:05:22,703658;9,075556E-1;1,302401E-1;1,332122E-1;9,413881E-1;;
02/12/2021  12:05:22,703758;9,085183E-1;8,542518E-3;6,591871E-2;9,400865E-1;;
02/12/2021  12:05:22,703858;9,081606E-1;1,299215E-1;1,360556E-1;9,387820E-1;;
02/12/2021  12:05:22,703958;9,082709E-1;1,302401E-1;1,139404E-1;9,374771E-1;;
02/12/2021  12:05:22,704058;9,082173E-1;1,104881E-1;1,063580E-1;9,361748E-1;;
02/12/2021  12:05:22,704158;9,080623E-1;1,155854E-1;1,170997E-1;9,348777E-1;;
02/12/2021  12:05:22,704258;9,089832E-1;1,203641E-1;1,262617E-1;9,335885E-1;;
02/12/2021  12:05:22,704358;9,092514E-1;1,238685E-1;1,278414E-1;9,323097E-1;;
02/12/2021  12:05:22,704458;9,081547E-1;1,085766E-1;1,155200E-1;9,310441E-1;;
02/12/2021  12:05:22,704558;9,078388E-1;9,647060E-2;1,082536E-1;9,297941E-1;;
02/12/2021  12:05:22,704658;9,084766E-1;8,786894E-2;8,803395E-2;9,285620E-1;;
02/12/2021  12:05:22,704758;9,089921E-1;1,413904E-1;1,272095E-1;9,273499E-1;;
02/12/2021  12:05:22,704858;9,094004E-1;1,334259E-1;1,363715E-1;9,261599E-1;;
02/12/2021  12:05:22,704958;9,091501E-1;1,245056E-1;1,246821E-1;9,249942E-1;;
02/12/2021  12:05:22,705058;9,093855E-1;1,340630E-1;1,221546E-1;9,238547E-1;;
02/12/2021  12:05:22,705158;9,101694E-1;1,082581E-1;1,152041E-1;9,227433E-1;;
02/12/2021  12:05:22,705258;9,116834E-1;1,350188E-1;1,319485E-1;9,216618E-1;;
02/12/2021  12:05:22,705358;9,119695E-1;1,276914E-1;1,221546E-1;9,206120E-1;;
02/12/2021  12:05:22,705458;9,119277E-1;1,229127E-1;1,347919E-1;9,195958E-1;;
02/12/2021  12:05:22,705558;9,126460E-1;1,136739E-1;1,019350E-1;9,186149E-1;;
02/12/2021  12:05:22,705658;9,141004E-1;1,219570E-1;1,129926E-1;9,176708E-1;;
02/12/2021  12:05:22,705758;9,157217E-1;1,397975E-1;1,764949E-1;9,167651E-1;;
02/12/2021  12:05:22,705858;9,160197E-1;1,146297E-1;1,155200E-1;9,158993E-1;;
02/12/2021  12:05:22,705958;9,161449E-1;1,359745E-1;1,417424E-1;9,150752E-1;;
02/12/2021  12:05:22,706058;9,166783E-1;1,353374E-1;1,294210E-1;9,142939E-1;;
02/12/2021  12:05:22,706158;9,180612E-1;1,127182E-1;1,215227E-1;9,135567E-1;;
02/12/2021  12:05:22,706258;9,190894E-1;1,251428E-1;1,357397E-1;9,128647E-1;;
02/12/2021  12:05:22,706358;9,197749E-1;1,308772E-1;1,243661E-1;9,122189E-1;;
02/12/2021  12:05:22,706458;9,196706E-1;1,391603E-1;1,281573E-1;9,116202E-1;;
02/12/2021  12:05:22,706558;9,199298E-1;1,264171E-1;1,388990E-1;9,110692E-1;;
02/12/2021  12:05:22,706658;9,205766E-1;1,557265E-1;1,945030E-1;9,105665E-1;;
02/12/2021  12:05:22,706758;9,216346E-1;1,213198E-1;1,259458E-1;9,101122E-1;;
02/12/2021  12:05:22,706858;9,222575E-1;1,260985E-1;1,291051E-1;9,097066E-1;;
02/12/2021  12:05:22,706958;9,225585E-1;1,347002E-1;1,335282E-1;9,093497E-1;;
02/12/2021  12:05:22,707058;9,233751E-1;1,442576E-1;1,565912E-1;9,090414E-1;;
02/12/2021  12:05:22,707158;9,251096E-1;1,404346E-1;1,395309E-1;9,087814E-1;;
02/12/2021  12:05:22,707258;9,261766E-1;1,181340E-1;1,303688E-1;9,085697E-1;;
02/12/2021  12:05:22,707358;9,263464E-1;1,327887E-1;1,351078E-1;9,084059E-1;;
02/12/2021  12:05:22,707458;9,266415E-1;1,410718E-1;1,354238E-1;9,082898E-1;;
02/12/2021  12:05:22,707558;9,274968E-1;1,174969E-1;9,877564E-2;9,082208E-1;;
02/12/2021  12:05:22,707658;9,292105E-1;1,410718E-1;1,341600E-1;9,081984E-1;;
02/12/2021  12:05:22,707758;9,300897E-1;1,327887E-1;1,322644E-1;9,082218E-1;;
02/12/2021  12:05:22,707858;9,304890E-1;1,477620E-1;1,411105E-1;9,082904E-1;;
02/12/2021  12:05:22,707958;9,309272E-1;5,664810E-2;9,340479E-2;9,084036E-1;;
02/12/2021  12:05:22,708058;9,322117E-1;1,213198E-1;1,265777E-1;9,085604E-1;;
02/12/2021  12:05:22,708158;9,337853E-1;1,624167E-1;1,885003E-1;9,087600E-1;;
02/12/2021  12:05:22,708258;9,343605E-1;1,327887E-1;1,278414E-1;9,090015E-1;;
02/12/2021  12:05:22,708358;9,343456E-1;1,347002E-1;1,281573E-1;9,092839E-1;;
02/12/2021  12:05:22,708458;9,344767E-1;1,264171E-1;1,025668E-1;9,096062E-1;;
02/12/2021  12:05:22,708558;9,353857E-1;1,471248E-1;1,351078E-1;9,099672E-1;;
02/12/2021  12:05:22,708658;9,372990E-1;1,327887E-1;1,265777E-1;9,103655E-1;;
02/12/2021  12:05:22,708758;9,375226E-1;1,385232E-1;1,310007E-1;9,107999E-1;;
02/12/2021  12:05:22,708858;9,376924E-1;1,286472E-1;1,227865E-1;9,112690E-1;;
02/12/2021  12:05:22,708958;9,378355E-1;1,241871E-1;1,246821E-1;9,117714E-1;;
02/12/2021  12:05:22,709058;9,393137E-1;1,318330E-1;1,379512E-1;9,123058E-1;;
02/12/2021  12:05:22,709158;9,408724E-1;1,397975E-1;1,196272E-1;9,128705E-1;;
02/12/2021  12:05:22,709258;9,410214E-1;1,353374E-1;1,114129E-1;9,134641E-1;;
02/12/2021  12:05:22,709358;9,412956E-1;1,171783E-1;1,284732E-1;9,140854E-1;;
02/12/2021  12:05:22,709458;9,414804E-1;1,241871E-1;1,335282E-1;9,147327E-1;;
02/12/2021  12:05:22,709558;9,421152E-1;1,308772E-1;1,388990E-1;9,154045E-1;;
02/12/2021  12:05:22,709658;9,430778E-1;1,057094E-1;7,160549E-2;9,160993E-1;;
02/12/2021  12:05:22,709758;9,433192E-1;1,069837E-1;1,129926E-1;9,168153E-1;;
02/12/2021  12:05:22,709858;9,435964E-1;1,108067E-1;1,152041E-1;9,175509E-1;;
02/12/2021  12:05:22,709958;9,434742E-1;1,082581E-1;1,057261E-1;9,183046E-1;;
02/12/2021  12:05:22,710058;9,446485E-1;2,001140E-2;8,329497E-2;9,190745E-1;;
02/12/2021  12:05:22,710158;9,455038E-1;1,353374E-1;1,739675E-1;9,198591E-1;;
02/12/2021  12:05:22,710258;9,454204E-1;1,073023E-1;1,180475E-1;9,206566E-1;;
02/12/2021  12:05:22,710358;9,455396E-1;1,031608E-1;1,183634E-1;9,214655E-1;;
02/12/2021  12:05:22,710458;9,451640E-1;1,066652E-1;1,256299E-1;9,222841E-1;;
02/12/2021  12:05:22,710558;9,458495E-1;9,742634E-2;1,069899E-1;9,231107E-1;;
02/12/2021  12:05:22,710658;9,463234E-1;8,786894E-2;1,016190E-1;9,239436E-1;;
02/12/2021  12:05:22,710758;9,468032E-1;9,264764E-2;1,110970E-1;9,247811E-1;;
02/12/2021  12:05:22,710858;9,468837E-1;1,139925E-1;1,193112E-1;9,256216E-1;;
02/12/2021  12:05:22,710958;9,474172E-1;1,028422E-1;1,183634E-1;9,264635E-1;;
02/12/2021  12:05:22,711058;9,484543E-1;9,615202E-2;1,123607E-1;9,273054E-1;;
02/12/2021  12:05:22,711158;9,494736E-1;9,933782E-2;1,174156E-1;9,281460E-1;;
02/12/2021  12:05:22,711258;9,500130E-1;1,200455E-1;1,711241E-1;9,289841E-1;;
02/12/2021  12:05:22,711358;9,500845E-1;1,308772E-1;1,284732E-1;9,298188E-1;;
02/12/2021  12:05:22,711458;9,508922E-1;1,251428E-1;1,493248E-1;9,306489E-1;;
02/12/2021  12:05:22,711558;9,516402E-1;1,350188E-1;1,246821E-1;9,314738E-1;;
02/12/2021  12:05:22,711658;9,525761E-1;1,499920E-1;1,423743E-1;9,322925E-1;;
02/12/2021  12:05:22,711758;9,526237E-1;2,360086E-1;2,071403E-1;9,331045E-1;;
02/12/2021  12:05:22,711858;9,530410E-1;1,668768E-1;1,477451E-1;9,339090E-1;;
02/12/2021  12:05:22,711958;9,537801E-1;1,570008E-1;1,392149E-1;9,347057E-1;;
02/12/2021  12:05:22,712058;9,552941E-1;1,620981E-1;1,433221E-1;9,354939E-1;;
02/12/2021  12:05:22,712158;9,551302E-1;1,649653E-1;1,575390E-1;9,362733E-1;;
02/12/2021  12:05:22,712258;9,556636E-1;1,267357E-1;8,677022E-2;9,370437E-1;;
02/12/2021  12:05:22,712358;9,549007E-1;1,308772E-1;1,426902E-1;9,378047E-1;;
02/12/2021  12:05:22,712458;9,549335E-1;1,433019E-1;1,398468E-1;9,385561E-1;;
02/12/2021  12:05:22,712558;9,559706E-1;1,280100E-1;1,354238E-1;9,392972E-1;;
02/12/2021  12:05:22,712658;9,563223E-1;1,372488E-1;1,351078E-1;9,400276E-1;;
02/12/2021  12:05:22,712758;9,559557E-1;1,082581E-1;1,044624E-1;9,407471E-1;;
02/12/2021  12:05:22,712858;9,561256E-1;3,116170E-2;7,318515E-2;9,414552E-1;;
02/12/2021  12:05:22,712958;9,558395E-1;1,347002E-1;1,278414E-1;9,421515E-1;;
02/12/2021  12:05:22,713058;9,572730E-1;1,429833E-1;1,398468E-1;9,428356E-1;;
02/12/2021  12:05:22,713158;9,569660E-1;1,225942E-1;1,193112E-1;9,435071E-1;;
02/12/2021  12:05:22,713258;9,563283E-1;1,270543E-1;1,306848E-1;9,441657E-1;;
02/12/2021  12:05:22,713358;9,557054E-1;1,216384E-1;1,183634E-1;9,448111E-1;;
02/12/2021  12:05:22,713458;9,560272E-1;1,108067E-1;1,534319E-1;9,454427E-1;;
02/12/2021  12:05:22,713558;9,564206E-1;1,162226E-1;1,041465E-1;9,460600E-1;;
02/12/2021  12:05:22,713658;9,565190E-1;1,197269E-1;1,202590E-1;9,466625E-1;;
02/12/2021  12:05:22,713758;9,557858E-1;1,254614E-1;1,297370E-1;9,472499E-1;;
02/12/2021  12:05:22,713858;9,545520E-1;1,340630E-1;1,227865E-1;9,478216E-1;;
02/12/2021  12:05:22,713958;9,554044E-1;3,912620E-2;8,108345E-2;9,483771E-1;;
02/12/2021  12:05:22,714058;9,561792E-1;1,420275E-1;1,338441E-1;9,489160E-1;;
02/12/2021  12:05:22,714158;9,564087E-1;1,289658E-1;1,155200E-1;9,494377E-1;;
02/12/2021  12:05:22,714258;9,549394E-1;1,388417E-1;1,701763E-1;9,499420E-1;;
02/12/2021  12:05:22,714358;9,537920E-1;1,296029E-1;1,354238E-1;9,504286E-1;;
02/12/2021  12:05:22,714458;9,539231E-1;1,270543E-1;1,170997E-1;9,508970E-1;;
02/12/2021  12:05:22,714558;9,545878E-1;1,509478E-1;1,616461E-1;9,513467E-1;;
02/12/2021  12:05:22,714658;9,539619E-1;1,280100E-1;1,246821E-1;9,517773E-1;;
02/12/2021  12:05:22,714758;9,539708E-1;1,550893E-1;1,641736E-1;9,521884E-1;;
02/12/2021  12:05:22,714858;9,524896E-1;1,442576E-1;1,401627E-1;9,525797E-1;;
02/12/2021  12:05:22,714958;9,529903E-1;6,939130E-2;1,114129E-1;9,529508E-1;;
02/12/2021  12:05:22,715058;9,538427E-1;1,152668E-1;1,256299E-1;9,533016E-1;;
02/12/2021  12:05:22,715158;9,525999E-1;1,302401E-1;1,284732E-1;9,536317E-1;;
02/12/2021  12:05:22,715258;9,521320E-1;1,292843E-1;1,227865E-1;9,539410E-1;;
02/12/2021  12:05:22,715358;9,516700E-1;6,588692E-2;1,183634E-1;9,542295E-1;;
02/12/2021  12:05:22,715458;9,520456E-1;1,468062E-1;1,524841E-1;9,544970E-1;;
02/12/2021  12:05:22,715558;9,524092E-1;1,327887E-1;1,303688E-1;9,547433E-1;;
02/12/2021  12:05:22,715658;9,517386E-1;1,216384E-1;1,300529E-1;9,549686E-1;;
02/12/2021  12:05:22,715758;9,511664E-1;1,203641E-1;1,221546E-1;9,551731E-1;;
02/12/2021  12:05:22,715858;9,506389E-1;1,254614E-1;1,066739E-1;9,553567E-1;;
02/12/2021  12:05:22,715958;9,511366E-1;1,206827E-1;1,354238E-1;9,555197E-1;;
02/12/2021  12:05:22,716058;9,509518E-1;1,276914E-1;1,287892E-1;9,556622E-1;;
02/12/2021  12:05:22,716158;9,506091E-1;1,267357E-1;1,370034E-1;9,557844E-1;;
02/12/2021  12:05:22,716258;9,488149E-1;1,334259E-1;1,319485E-1;9,558868E-1;;
02/12/2021  12:05:22,716358;9,490831E-1;5,951532E-2;7,160549E-2;9,559694E-1;;
02/12/2021  12:05:22,716458;9,492888E-1;1,162226E-1;1,205749E-1;9,560324E-1;;
02/12/2021  12:05:22,716558;9,485556E-1;1,216384E-1;1,227865E-1;9,560760E-1;;
02/12/2021  12:05:22,716658;9,483053E-1;1,238685E-1;1,310007E-1;9,561005E-1;;
02/12/2021  12:05:22,716758;9,473516E-1;1,382046E-1;1,423743E-1;9,561063E-1;;
02/12/2021  12:05:22,716858;9,473814E-1;1,235499E-1;1,259458E-1;9,560934E-1;;
02/12/2021  12:05:22,716958;9,481056E-1;-9,297962E-3;7,571260E-2;9,560624E-1;;
02/12/2021  12:05:22,717058;9,478910E-1;1,114439E-1;1,234183E-1;9,560135E-1;;
02/12/2021  12:05:22,717158;9,480371E-1;1,190898E-1;1,212068E-1;9,559474E-1;;
02/12/2021  12:05:22,717258;9,470059E-1;1,130368E-1;1,240502E-1;9,558647E-1;;
02/12/2021  12:05:22,717358;9,472294E-1;1,235499E-1;1,268936E-1;9,557660E-1;;
02/12/2021  12:05:22,717458;9,478851E-1;1,197269E-1;1,180475E-1;9,556520E-1;;
02/12/2021  12:05:22,717558;9,482010E-1;1,200455E-1;1,294210E-1;9,555234E-1;;
02/12/2021  12:05:22,717658;9,475542E-1;1,318330E-1;1,268936E-1;9,553811E-1;;
02/12/2021  12:05:22,717758;9,474321E-1;1,200455E-1;1,240502E-1;9,552260E-1;;
02/12/2021  12:05:22,717858;9,478433E-1;1,324701E-1;1,319485E-1;9,550589E-1;;
02/12/2021  12:05:22,717958;9,480728E-1;1,136739E-1;9,150920E-2;9,548808E-1;;
02/12/2021  12:05:22,718058;9,486987E-1;1,200455E-1;1,467973E-1;9,546927E-1;;
02/12/2021  12:05:22,718158;9,477957E-1;1,216384E-1;1,278414E-1;9,544956E-1;;
02/12/2021  12:05:22,718258;9,473307E-1;1,353374E-1;1,316326E-1;9,542906E-1;;
02/12/2021  12:05:22,718358;9,477807E-1;1,356559E-1;1,366875E-1;9,540785E-1;;
02/12/2021  12:05:22,718458;9,484871E-1;9,073616E-2;1,095173E-1;9,538602E-1;;
02/12/2021  12:05:22,718558;9,483977E-1;1,222756E-1;1,284732E-1;9,536368E-1;;
02/12/2021  12:05:22,718658;9,474261E-1;1,178155E-1;1,268936E-1;9,534091E-1;;
02/12/2021  12:05:22,718758;9,471996E-1;3,848904E-2;7,539667E-2;9,531781E-1;;
02/12/2021  12:05:22,718858;9,480192E-1;2,925022E-2;7,729226E-2;9,529446E-1;;
02/12/2021  12:05:22,718958;9,482695E-1;1,652839E-1;1,907119E-1;9,527092E-1;;
02/12/2021  12:05:22,719058;9,480371E-1;1,305587E-1;1,243661E-1;9,524729E-1;;
02/12/2021  12:05:22,719158;9,475185E-1;1,222756E-1;1,322644E-1;9,522365E-1;;
02/12/2021  12:05:22,719258;9,471757E-1;1,241871E-1;1,202590E-1;9,520006E-1;;
02/12/2021  12:05:22,719358;9,477986E-1;1,241871E-1;1,227865E-1;9,517659E-1;;
02/12/2021  12:05:22,719458;9,478970E-1;1,146297E-1;1,291051E-1;9,515329E-1;;
02/12/2021  12:05:22,719558;9,472115E-1;1,251428E-1;1,344760E-1;9,513023E-1;;
02/12/2021  12:05:22,719658;9,473277E-1;1,178155E-1;1,246821E-1;9,510746E-1;;
02/12/2021  12:05:22,719758;9,467645E-1;1,171783E-1;1,152041E-1;9,508502E-1;;
02/12/2021  12:05:22,719858;9,473158E-1;1,095324E-1;1,107811E-1;9,506295E-1;;
02/12/2021  12:05:22,719958;9,481920E-1;1,407532E-1;1,366875E-1;9,504128E-1;;
02/12/2021  12:05:22,720058;9,473784E-1;1,299215E-1;1,442698E-1;9,502007E-1;;
02/12/2021  12:05:22,720158;9,465290E-1;1,225942E-1;1,262617E-1;9,499935E-1;;
02/12/2021  12:05:22,720258;9,460254E-1;1,222756E-1;1,417424E-1;9,497914E-1;;
02/12/2021  12:05:22,720358;9,462846E-1;3,148028E-2;8,234717E-2;9,495946E-1;;
02/12/2021  12:05:22,720458;9,461118E-1;1,299215E-1;1,253139E-1;9,494031E-1;;
02/12/2021  12:05:22,720558;9,462608E-1;1,143111E-1;1,215227E-1;9,492168E-1;;
02/12/2021  12:05:22,720658;9,455455E-1;1,088952E-1;1,104651E-1;9,490358E-1;;
02/12/2021  12:05:22,720758;9,452266E-1;1,350188E-1;1,433221E-1;9,488601E-1;;
02/12/2021  12:05:22,720858;9,449405E-1;1,299215E-1;1,338441E-1;9,486895E-1;;
02/12/2021  12:05:22,720958;9,453935E-1;1,171783E-1;1,240502E-1;9,485238E-1;;
02/12/2021  12:05:22,721058;9,447885E-1;1,165411E-1;1,174156E-1;9,483629E-1;;
02/12/2021  12:05:22,721158;9,436292E-1;1,031608E-1;1,682807E-1;9,482066E-1;;
02/12/2021  12:05:22,721258;9,440375E-1;1,092138E-1;1,167838E-1;9,480545E-1;;
02/12/2021  12:05:22,721358;9,445143E-1;1,162226E-1;1,167838E-1;9,479064E-1;;
02/12/2021  12:05:22,721458;9,444518E-1;1,257800E-1;1,249980E-1;9,477620E-1;;
02/12/2021  12:05:22,721558;9,436650E-1;1,276914E-1;1,202590E-1;9,476212E-1;;
02/12/2021  12:05:22,721658;9,428126E-1;1,187712E-1;1,335282E-1;9,474835E-1;;
02/12/2021  12:05:22,721758;9,431583E-1;1,528593E-1;1,483770E-1;9,473489E-1;;
02/12/2021  12:05:22,721858;9,438110E-1;1,436204E-1;1,392149E-1;9,472168E-1;;
02/12/2021  12:05:22,721958;9,437812E-1;1,108067E-1;1,246821E-1;9,470871E-1;;
02/12/2021  12:05:22,722058;9,427440E-1;1,222756E-1;1,205749E-1;9,469596E-1;;
02/12/2021  12:05:22,722158;9,422076E-1;1,286472E-1;1,085695E-1;9,468342E-1;;
02/12/2021  12:05:22,722258;9,424877E-1;1,232313E-1;1,177316E-1;9,467104E-1;;
02/12/2021  12:05:22,722358;9,427530E-1;1,155854E-1;1,354238E-1;9,465881E-1;;
02/12/2021  12:05:22,722458;9,420198E-1;1,203641E-1;1,332122E-1;9,464670E-1;;
02/12/2021  12:05:22,722558;9,412539E-1;1,181340E-1;1,205749E-1;9,463468E-1;;
02/12/2021  12:05:22,722658;9,408039E-1;7,289568E-2;8,992954E-2;9,462273E-1;;
02/12/2021  12:05:22,722758;9,412211E-1;4,900218E-2;8,297904E-2;9,461080E-1;;
02/12/2021  12:05:22,722858;9,413075E-1;9,647060E-2;1,025668E-1;9,459887E-1;;
02/12/2021  12:05:22,722958;9,409976E-1;9,710776E-2;9,150920E-2;9,458690E-1;;
02/12/2021  12:05:22,723058;9,400588E-1;1,168597E-1;1,474292E-1;9,457488E-1;;
02/12/2021  12:05:22,723158;9,400260E-1;1,178155E-1;1,215227E-1;9,456277E-1;;
02/12/2021  12:05:22,723258;9,400469E-1;9,264764E-2;9,909157E-2;9,455056E-1;;
02/12/2021  12:05:22,723358;9,405774E-1;1,665582E-1;2,153545E-1;9,453821E-1;;
02/12/2021  12:05:22,723458;9,398025E-1;9,392196E-2;9,940750E-2;9,452572E-1;;
02/12/2021  12:05:22,723558;9,389322E-1;9,965640E-2;1,246821E-1;9,451306E-1;;
02/12/2021  12:05:22,723658;9,389769E-1;8,946184E-2;9,751191E-2;9,450022E-1;;
02/12/2021  12:05:22,723758;9,386223E-1;1,523270E-2;6,181159E-2;9,448718E-1;;
02/12/2021  12:05:22,723858;9,387653E-1;1,034794E-1;1,310007E-1;9,447390E-1;;
02/12/2021  12:05:22,723958;9,388637E-1;1,184526E-1;1,237343E-1;9,446039E-1;;
02/12/2021  12:05:22,724058;9,367864E-1;1,022050E-1;1,107811E-1;9,444661E-1;;
02/12/2021  12:05:22,724158;9,362947E-1;7,034704E-2;7,602853E-2;9,443255E-1;;
02/12/2021  12:05:22,724258;9,368103E-1;8,054160E-2;1,328963E-1;9,441817E-1;;
02/12/2021  12:05:22,724358;9,365122E-1;1,289658E-1;1,392149E-1;9,440344E-1;;
02/12/2021  12:05:22,724458;9,353350E-1;1,213198E-1;1,268936E-1;9,438832E-1;;
02/12/2021  12:05:22,724558;9,342800E-1;1,302401E-1;1,180475E-1;9,437278E-1;;
02/12/2021  12:05:22,724658;9,333948E-1;2,073364E-1;1,992420E-1;9,435679E-1;;
02/12/2021  12:05:22,724758;9,335737E-1;1,643281E-1;1,679647E-1;9,434029E-1;;
02/12/2021  12:05:22,724858;9,330014E-1;1,640096E-1;1,496407E-1;9,432322E-1;;
02/12/2021  12:05:22,724958;9,323815E-1;1,598680E-1;1,534319E-1;9,430555E-1;;
02/12/2021  12:05:22,725058;9,306768E-1;1,627352E-1;1,512204E-1;9,428723E-1;;
02/12/2021  12:05:22,725158;9,304116E-1;1,563636E-1;1,486929E-1;9,426821E-1;;
02/12/2021  12:05:22,725258;9,303281E-1;1,576380E-1;1,445858E-1;9,424843E-1;;
02/12/2021  12:05:22,725358;9,300271E-1;1,522221E-1;1,385831E-1;9,422784E-1;;
02/12/2021  12:05:22,725458;9,289005E-1;1,366117E-1;1,528000E-1;9,420641E-1;;
02/12/2021  12:05:22,725558;9,286353E-1;1,241871E-1;1,332122E-1;9,418409E-1;;
02/12/2021  12:05:22,725658;9,281316E-1;1,321516E-1;1,347919E-1;9,416085E-1;;
02/12/2021  12:05:22,725758;9,283462E-1;1,315144E-1;1,401627E-1;9,413667E-1;;
02/12/2021  12:05:22,725858;9,279677E-1;1,305587E-1;1,300529E-1;9,411152E-1;;
02/12/2021  12:05:22,725958;9,271183E-1;1,311958E-1;1,205749E-1;9,408539E-1;;
02/12/2021  12:05:22,726058;9,252437E-1;1,490363E-1;1,471132E-1;9,405829E-1;;
02/12/2021  12:05:22,726158;9,255656E-1;1,225942E-1;1,272095E-1;9,403018E-1;;
02/12/2021  12:05:22,726258;9,255060E-1;1,232313E-1;1,212068E-1;9,400106E-1;;
02/12/2021  12:05:22,726358;9,248235E-1;1,251428E-1;1,253139E-1;9,397091E-1;;
02/12/2021  12:05:22,726458;9,240933E-1;1,187712E-1;1,212068E-1;9,393973E-1;;
02/12/2021  12:05:22,726558;9,239562E-1;1,267357E-1;1,363715E-1;9,390753E-1;;
02/12/2021  12:05:22,726658;9,234555E-1;1,210013E-1;1,268936E-1;9,387431E-1;;
02/12/2021  12:05:22,726758;9,239264E-1;1,152668E-1;8,266311E-2;9,384009E-1;;
02/12/2021  12:05:22,726858;9,232618E-1;1,229127E-1;1,041465E-1;9,380489E-1;;
02/12/2021  12:05:22,726958;9,224929E-1;1,385232E-1;1,344760E-1;9,376874E-1;;
02/12/2021  12:05:22,727058;9,215839E-1;1,286472E-1;1,272095E-1;9,373167E-1;;
02/12/2021  12:05:22,727158;9,218849E-1;1,022050E-1;1,243661E-1;9,369371E-1;;
02/12/2021  12:05:22,727258;9,220220E-1;1,111253E-1;9,972343E-2;9,365489E-1;;
02/12/2021  12:05:22,727358;9,214349E-1;1,388417E-1;1,351078E-1;9,361526E-1;;
02/12/2021  12:05:22,727458;9,210147E-1;1,452133E-1;1,351078E-1;9,357485E-1;;
02/12/2021  12:05:22,727558;9,192623E-1;1,213198E-1;1,303688E-1;9,353372E-1;;
02/12/2021  12:05:22,727658;9,205348E-1;1,369303E-1;1,401627E-1;9,349190E-1;;
02/12/2021  12:05:22,727758;9,206928E-1;1,859916E-1;2,245166E-1;9,344943E-1;;
02/12/2021  12:05:22,727858;9,200312E-1;1,343816E-1;1,338441E-1;9,340637E-1;;
02/12/2021  12:05:22,727958;9,193159E-1;1,248242E-1;1,370034E-1;9,336279E-1;;
02/12/2021  12:05:22,728058;9,184695E-1;1,276914E-1;1,316326E-1;9,331873E-1;;
02/12/2021  12:05:22,728158;9,188271E-1;1,452133E-1;1,370034E-1;9,327424E-1;;
02/12/2021  12:05:22,728258;9,185559E-1;1,283286E-1;1,417424E-1;9,322938E-1;;
02/12/2021  12:05:22,728358;9,179152E-1;1,366117E-1;1,303688E-1;9,318420E-1;;
02/12/2021  12:05:22,728458;9,174979E-1;1,327887E-1;1,373193E-1;9,313873E-1;;
02/12/2021  12:05:22,728558;9,170121E-1;1,289658E-1;1,313166E-1;9,309304E-1;;
02/12/2021  12:05:22,728658;9,179599E-1;1,139925E-1;1,088855E-1;9,304717E-1;;
02/12/2021  12:05:22,728758;9,182013E-1;1,302401E-1;1,328963E-1;9,300117E-1;;
02/12/2021  12:05:22,728858;9,173459E-1;1,318330E-1;1,268936E-1;9,295511E-1;;
02/12/2021  12:05:22,728958;9,174145E-1;1,114439E-1;1,218387E-1;9,290906E-1;;
02/12/2021  12:05:22,729058;9,166724E-1;-1,029605E-1;1,758111E-2;9,286308E-1;;
02/12/2021  12:05:22,729158;9,176589E-1;1,369303E-1;1,543797E-1;9,281723E-1;;
02/12/2021  12:05:22,729258;9,175426E-1;1,276914E-1;1,275255E-1;9,277158E-1;;
02/12/2021  12:05:22,729358;9,179956E-1;1,178155E-1;1,240502E-1;9,272620E-1;;
02/12/2021  12:05:22,729458;9,179152E-1;1,362931E-1;1,376353E-1;9,268116E-1;;
02/12/2021  12:05:22,729558;9,179181E-1;1,834429E-1;1,679647E-1;9,263655E-1;;
02/12/2021  12:05:22,729658;9,192295E-1;1,245056E-1;1,347919E-1;9,259245E-1;;
02/12/2021  12:05:22,729758;9,195305E-1;1,174969E-1;1,240502E-1;9,254895E-1;;
02/12/2021  12:05:22,729858;9,197659E-1;1,280100E-1;1,281573E-1;9,250615E-1;;
02/12/2021  12:05:22,729958;9,187675E-1;1,375674E-1;2,169342E-1;9,246416E-1;;
02/12/2021  12:05:22,730058;9,187616E-1;1,429833E-1;1,385831E-1;9,242305E-1;;
02/12/2021  12:05:22,730158;9,204395E-1;1,334259E-1;1,284732E-1;9,238291E-1;;
02/12/2021  12:05:22,730258;9,202875E-1;1,334259E-1;1,306848E-1;9,234381E-1;;
02/12/2021  12:05:22,730358;9,198017E-1;1,229127E-1;1,360556E-1;9,230583E-1;;
02/12/2021  12:05:22,730458;9,195722E-1;1,347002E-1;1,417424E-1;9,226906E-1;;
02/12/2021  12:05:22,730558;9,201146E-1;1,264171E-1;1,215227E-1;9,223355E-1;;
02/12/2021  12:05:22,730658;9,209789E-1;1,286472E-1;1,275255E-1;9,219936E-1;;
02/12/2021  12:05:22,730758;9,210028E-1;1,181340E-1;1,256299E-1;9,216654E-1;;
02/12/2021  12:05:22,730858;9,208150E-1;1,522221E-1;1,477451E-1;9,213516E-1;;
02/12/2021  12:05:22,730958;9,213425E-1;1,327887E-1;1,073058E-1;9,210526E-1;;
02/12/2021  12:05:22,731058;9,215124E-1;6,747982E-2;6,370719E-2;9,207689E-1;;
02/12/2021  12:05:22,731158;9,225257E-1;1,146297E-1;1,202590E-1;9,205009E-1;;
02/12/2021  12:05:22,731258;9,227582E-1;1,321516E-1;1,376353E-1;9,202492E-1;;
02/12/2021  12:05:22,731358;9,230502E-1;1,519035E-1;1,420583E-1;9,200140E-1;;
02/12/2021  12:05:22,731458;9,228833E-1;1,276914E-1;1,338441E-1;9,197960E-1;;
02/12/2021  12:05:22,731558;9,242423E-1;1,018865E-1;8,329497E-2;9,195953E-1;;
02/12/2021  12:05:22,731658;9,260663E-1;1,429833E-1;1,284732E-1;9,194125E-1;;
02/12/2021  12:05:22,731758;9,263256E-1;1,541336E-1;1,407946E-1;9,192480E-1;;
02/12/2021  12:05:22,731858;9,264060E-1;1,550893E-1;1,644895E-1;9,191024E-1;;
02/12/2021  12:05:22,731958;9,263911E-1;1,280100E-1;1,319485E-1;9,189763E-1;;
02/12/2021  12:05:22,732058;9,274551E-1;1,267357E-1;1,066739E-1;9,188700E-1;;
02/12/2021  12:05:22,732158;9,283939E-1;1,260985E-1;1,338441E-1;9,187839E-1;;
02/12/2021  12:05:22,732258;9,292135E-1;1,404346E-1;1,215227E-1;9,187184E-1;;
02/12/2021  12:05:22,732358;9,298721E-1;1,251428E-1;1,316326E-1;9,186738E-1;;
02/12/2021  12:05:22,732458;9,305069E-1;1,213198E-1;1,196272E-1;9,186505E-1;;
02/12/2021  12:05:22,732558;9,320001E-1;1,356559E-1;1,388990E-1;9,186489E-1;;
02/12/2021  12:05:22,732658;9,336303E-1;1,302401E-1;1,420583E-1;9,186694E-1;;
02/12/2021  12:05:22,732758;9,342800E-1;1,257800E-1;1,224705E-1;9,187125E-1;;
02/12/2021  12:05:22,732858;9,346764E-1;1,190898E-1;1,076217E-1;9,187788E-1;;
02/12/2021  12:05:22,732958;9,354781E-1;1,786642E-1;1,606983E-1;9,188687E-1;;
02/12/2021  12:05:22,733058;9,371739E-1;1,802571E-1;1,575390E-1;9,189826E-1;;
02/12/2021  12:05:22,733158;9,384107E-1;1,225942E-1;1,291051E-1;9,191208E-1;;
02/12/2021  12:05:22,733258;9,394896E-1;1,299215E-1;1,310007E-1;9,192839E-1;;
02/12/2021  12:05:22,733358;9,401065E-1;1,280100E-1;1,164678E-1;9,194722E-1;;
02/12/2021  12:05:22,733458;9,411466E-1;-7,067902E-3;3,811669E-2;9,196861E-1;;
02/12/2021  12:05:22,733558;9,432239E-1;1,426647E-1;1,625939E-1;9,199261E-1;;
02/12/2021  12:05:22,733658;9,446574E-1;1,299215E-1;1,234183E-1;9,201923E-1;;
02/12/2021  12:05:22,733758;9,455604E-1;1,280100E-1;1,404787E-1;9,204854E-1;;
02/12/2021  12:05:22,733858;9,453995E-1;1,324701E-1;1,385831E-1;9,208057E-1;;
02/12/2021  12:05:22,733958;9,458257E-1;1,200455E-1;1,398468E-1;9,211533E-1;;
02/12/2021  12:05:22,734058;9,480907E-1;1,276914E-1;1,167838E-1;9,215284E-1;;
02/12/2021  12:05:22,734158;9,481503E-1;1,088952E-1;1,139404E-1;9,219307E-1;;
02/12/2021  12:05:22,734258;9,485020E-1;1,286472E-1;1,382671E-1;9,223603E-1;;
02/12/2021  12:05:22,734358;9,488686E-1;1,417090E-1;1,306848E-1;9,228168E-1;;
02/12/2021  12:05:22,734458;9,501799E-1;1,474434E-1;1,351078E-1;9,232998E-1;;
02/12/2021  12:05:22,734558;9,512856E-1;1,245056E-1;1,382671E-1;9,238087E-1;;
02/12/2021  12:05:22,734658;9,526357E-1;1,340630E-1;1,313166E-1;9,243431E-1;;
02/12/2021  12:05:22,734758;9,530827E-1;1,388417E-1;1,272095E-1;9,249024E-1;;
02/12/2021  12:05:22,734858;9,533688E-1;1,439390E-1;1,426902E-1;9,254862E-1;;
02/12/2021  12:05:22,734958;9,538308E-1;1,267357E-1;1,208909E-1;9,260936E-1;;
02/12/2021  12:05:22,735058;9,549543E-1;1,114439E-1;1,016190E-1;9,267241E-1;;
02/12/2021  12:05:22,735158;9,558633E-1;1,289658E-1;1,272095E-1;9,273766E-1;;
02/12/2021  12:05:22,735258;9,556636E-1;1,111253E-1;1,167838E-1;9,280503E-1;;
02/12/2021  12:05:22,735358;9,563283E-1;1,149482E-1;1,170997E-1;9,287443E-1;;
02/12/2021  12:05:22,735458;9,573654E-1;1,139925E-1;1,189953E-1;9,294574E-1;;
02/12/2021  12:05:22,735558;9,591685E-1;7,098420E-2;6,402312E-2;9,301887E-1;;
02/12/2021  12:05:22,735658;9,598480E-1;1,222756E-1;1,730197E-1;9,309371E-1;;
02/12/2021  12:05:22,735758;9,595559E-1;1,162226E-1;1,256299E-1;9,317018E-1;;
02/12/2021  12:05:22,735858;9,596870E-1;1,085766E-1;1,073058E-1;9,324819E-1;;
02/12/2021  12:05:22,735958;9,603815E-1;7,640006E-2;9,435259E-2;9,332760E-1;;
02/12/2021  12:05:22,736058;9,616928E-1;1,178155E-1;1,294210E-1;9,340831E-1;;
02/12/2021  12:05:22,736158;9,621518E-1;1,190898E-1;1,275255E-1;9,349020E-1;;
02/12/2021  12:05:22,736258;9,625899E-1;9,933782E-2;1,148882E-1;9,357316E-1;;
02/12/2021  12:05:22,736358;9,627776E-1;9,073616E-2;1,060421E-1;9,365708E-1;;
02/12/2021  12:05:22,736458;9,640711E-1;9,073616E-2;1,234183E-1;9,374184E-1;;
02/12/2021  12:05:22,736558;9,654331E-1;1,203641E-1;1,227865E-1;9,382733E-1;;
02/12/2021  12:05:22,736658;9,657132E-1;7,671864E-2;1,000394E-1;9,391347E-1;;
02/12/2021  12:05:22,736758;9,650695E-1;9,009900E-2;1,025668E-1;9,400015E-1;;
02/12/2021  12:05:22,736858;9,660112E-1;9,965640E-2;1,139404E-1;9,408727E-1;;
02/12/2021  12:05:22,736958;9,675997E-1;9,615202E-2;1,092014E-1;9,417472E-1;;
02/12/2021  12:05:22,737058;9,681064E-1;9,774492E-2;1,268936E-1;9,426241E-1;;
02/12/2021  12:05:22,737158;9,686458E-1;9,264764E-2;1,152041E-1;9,435026E-1;;
02/12/2021  12:05:22,737258;9,687114E-1;1,127182E-1;1,281573E-1;9,443819E-1;;
02/12/2021  12:05:22,737358;9,688515E-1;1,127182E-1;1,300529E-1;9,452610E-1;;
02/12/2021  12:05:22,737458;9,696323E-1;1,267357E-1;1,218387E-1;9,461391E-1;;
02/12/2021  12:05:22,737558;9,700615E-1;1,382046E-1;1,382671E-1;9,470153E-1;;
02/12/2021  12:05:22,737658;9,695220E-1;1,474434E-1;1,385831E-1;9,478887E-1;;
02/12/2021  12:05:22,737758;9,699631E-1;1,483991E-1;1,363715E-1;9,487583E-1;;
02/12/2021  12:05:22,737858;9,691167E-1;1,324701E-1;1,076217E-1;9,496232E-1;;
02/12/2021  12:05:22,737958;9,696979E-1;1,605052E-1;1,629098E-1;9,504822E-1;;
02/12/2021  12:05:22,738058;9,697962E-1;1,550893E-1;1,483770E-1;9,513343E-1;;
02/12/2021  12:05:22,738158;9,701390E-1;1,703812E-1;1,518522E-1;9,521781E-1;;
02/12/2021  12:05:22,738258;9,686369E-1;1,547707E-1;1,471132E-1;9,530128E-1;;
02/12/2021  12:05:22,738358;9,684372E-1;1,413904E-1;1,395309E-1;9,538371E-1;;
02/12/2021  12:05:22,738458;9,692180E-1;1,296029E-1;1,363715E-1;9,546496E-1;;
02/12/2021  12:05:22,738558;9,684253E-1;1,219570E-1;1,272095E-1;9,554491E-1;;
02/12/2021  12:05:22,738658;9,678561E-1;1,264171E-1;1,161519E-1;9,562345E-1;;
02/12/2021  12:05:22,738758;9,666908E-1;9,647060E-2;1,136244E-1;9,570043E-1;;
02/12/2021  12:05:22,738858;9,664106E-1;1,114439E-1;1,126766E-1;9,577573E-1;;
02/12/2021  12:05:22,738958;9,666460E-1;1,178155E-1;1,177316E-1;9,584919E-1;;
02/12/2021  12:05:22,739058;9,656149E-1;1,162226E-1;1,259458E-1;9,592069E-1;;
02/12/2021  12:05:22,739158;9,641366E-1;1,206827E-1;1,253139E-1;9,599009E-1;;
02/12/2021  12:05:22,739258;9,636449E-1;1,331073E-1;1,313166E-1;9,605725E-1;;
02/12/2021  12:05:22,739358;9,627895E-1;1,139925E-1;1,158360E-1;9,612203E-1;;
02/12/2021  12:05:22,739458;9,631651E-1;9,806350E-2;1,227865E-1;9,618427E-1;;
02/12/2021  12:05:22,739558;9,618209E-1;1,194084E-1;1,316326E-1;9,624386E-1;;
02/12/2021  12:05:22,739658;9,603099E-1;1,187712E-1;1,212068E-1;9,630066E-1;;
02/12/2021  12:05:22,739758;9,594963E-1;7,385142E-2;6,907803E-2;9,635454E-1;;
02/12/2021  12:05:22,739858;9,591476E-1;1,171783E-1;1,218387E-1;9,640538E-1;;
02/12/2021  12:05:22,739958;9,584502E-1;1,483991E-1;1,673329E-1;9,645305E-1;;
02/12/2021  12:05:22,740058;9,582207E-1;1,665582E-1;1,578549E-1;9,649745E-1;;
02/12/2021  12:05:22,740158;9,571747E-1;1,133553E-1;1,224705E-1;9,653848E-1;;
02/12/2021  12:05:22,740258;9,560392E-1;1,165411E-1;1,243661E-1;9,657606E-1;;
02/12/2021  12:05:22,740358;9,562239E-1;9,583344E-2;9,340479E-2;9,661011E-1;;
02/12/2021  12:05:22,740458;9,558425E-1;1,251428E-1;1,294210E-1;9,664057E-1;;
02/12/2021  12:05:22,740558;9,551540E-1;1,165411E-1;1,044624E-1;9,666739E-1;;
02/12/2021  12:05:22,740658;9,541497E-1;1,206827E-1;1,202590E-1;9,669056E-1;;
02/12/2021  12:05:22,740758;9,528413E-1;1,276914E-1;1,243661E-1;9,671004E-1;;
02/12/2021  12:05:22,740858;9,528890E-1;1,181340E-1;1,306848E-1;9,672581E-1;;
02/12/2021  12:05:22,740958;9,528860E-1;1,359745E-1;1,376353E-1;9,673786E-1;;
02/12/2021  12:05:22,741058;9,518727E-1;9,997498E-2;9,782784E-2;9,674621E-1;;
02/12/2021  12:05:22,741158;9,506448E-1;1,066652E-1;1,145722E-1;9,675087E-1;;
02/12/2021  12:05:22,741258;9,497507E-1;1,178155E-1;1,205749E-1;9,675187E-1;;
02/12/2021  12:05:22,741358;9,499266E-1;1,442576E-1;1,379512E-1;9,674923E-1;;
02/12/2021  12:05:22,741458;9,499206E-1;1,159040E-1;1,344760E-1;9,674299E-1;;
02/12/2021  12:05:22,741558;9,489490E-1;1,139925E-1;1,256299E-1;9,673322E-1;;
02/12/2021  12:05:22,741658;9,468956E-1;1,114439E-1;1,272095E-1;9,671997E-1;;
02/12/2021  12:05:22,741758;9,455634E-1;8,850610E-2;1,310007E-1;9,670331E-1;;
02/12/2021  12:05:22,741858;9,453041E-1;9,806350E-2;1,060421E-1;9,668328E-1;;
02/12/2021  12:05:22,741958;9,452147E-1;1,012493E-1;1,218387E-1;9,665992E-1;;
02/12/2021  12:05:22,742058;9,445829E-1;1,299215E-1;1,275255E-1;9,663331E-1;;
02/12/2021  12:05:22,742158;9,431702E-1;9,742634E-2;1,069899E-1;9,660352E-1;;
02/12/2021  12:05:22,742258;9,420377E-1;1,031608E-1;6,149566E-2;9,657062E-1;;
02/12/2021  12:05:22,742358;9,420616E-1;1,407532E-1;1,534319E-1;9,653468E-1;;
02/12/2021  12:05:22,742458;9,416503E-1;1,171783E-1;1,123607E-1;9,649579E-1;;
02/12/2021  12:05:22,742558;9,406340E-1;1,267357E-1;1,461654E-1;9,645404E-1;;
02/12/2021  12:05:22,742658;9,391438E-1;1,216384E-1;1,227865E-1;9,640952E-1;;
02/12/2021  12:05:22,742758;9,382527E-1;1,206827E-1;1,145722E-1;9,636232E-1;;
02/12/2021  12:05:22,742858;9,385955E-1;1,152668E-1;1,167838E-1;9,631252E-1;;
02/12/2021  12:05:22,742958;9,378385E-1;1,203641E-1;1,278414E-1;9,626022E-1;;
02/12/2021  12:05:22,743058;9,364288E-1;1,436204E-1;1,591187E-1;9,620553E-1;;
02/12/2021  12:05:22,743158;9,354602E-1;1,229127E-1;1,218387E-1;9,614853E-1;;
02/12/2021  12:05:22,743258;9,347717E-1;1,123996E-1;1,208909E-1;9,608934E-1;;
02/12/2021  12:05:22,743358;9,341936E-1;1,063466E-1;1,215227E-1;9,602804E-1;;
02/12/2021  12:05:22,743458;9,340118E-1;1,302401E-1;1,347919E-1;9,596472E-1;;
02/12/2021  12:05:22,743558;9,335141E-1;1,321516E-1;1,275255E-1;9,589950E-1;;
02/12/2021  12:05:22,743658;9,319524E-1;1,165411E-1;1,332122E-1;9,583247E-1;;
02/12/2021  12:05:22,743758;9,315202E-1;1,248242E-1;1,294210E-1;9,576376E-1;;
02/12/2021  12:05:22,743858;9,316573E-1;2,861306E-2;7,508074E-2;9,569345E-1;;
02/12/2021  12:05:22,743958;9,311626E-1;1,458505E-1;1,423743E-1;9,562166E-1;;
02/12/2021  12:05:22,744058;9,302029E-1;5,218798E-2;8,487463E-2;9,554851E-1;;
02/12/2021  12:05:22,744158;9,293923E-1;1,012493E-1;1,170997E-1;9,547411E-1;;
02/12/2021  12:05:22,744258;9,292761E-1;1,331073E-1;1,344760E-1;9,539858E-1;;
02/12/2021  12:05:22,744358;9,298781E-1;1,162226E-1;9,814378E-2;9,532203E-1;;
02/12/2021  12:05:22,744458;9,286681E-1;1,286472E-1;8,992954E-2;9,524458E-1;;
02/12/2021  12:05:22,744558;9,281108E-1;1,302401E-1;1,278414E-1;9,516636E-1;;
02/12/2021  12:05:22,744658;9,269961E-1;1,139925E-1;1,170997E-1;9,508750E-1;;
02/12/2021  12:05:22,744758;9,265431E-1;1,283286E-1;1,265777E-1;9,500809E-1;;
02/12/2021  12:05:22,744858;9,263673E-1;9,678918E-2;8,740209E-2;9,492825E-1;;
02/12/2021  12:05:22,744958;9,260097E-1;1,366117E-1;1,249980E-1;9,484808E-1;;
02/12/2021  12:05:22,745058;9,253033E-1;1,171783E-1;1,202590E-1;9,476767E-1;;
02/12/2021  12:05:22,745158;9,247669E-1;1,245056E-1;1,272095E-1;9,468714E-1;;
02/12/2021  12:05:22,745258;9,254136E-1;1,404346E-1;1,354238E-1;9,460657E-1;;
02/12/2021  12:05:22,745358;9,260722E-1;1,251428E-1;1,202590E-1;9,452608E-1;;
02/12/2021  12:05:22,745458;9,252288E-1;1,187712E-1;1,095173E-1;9,444579E-1;;
02/12/2021  12:05:22,745558;9,248026E-1;1,254614E-1;1,303688E-1;9,436581E-1;;
02/12/2021  12:05:22,745658;9,241768E-1;1,340630E-1;1,325804E-1;9,428626E-1;;
02/12/2021  12:05:22,745758;9,248324E-1;1,200455E-1;1,322644E-1;9,420724E-1;;
02/12/2021  12:05:22,745858;9,252378E-1;1,254614E-1;1,411105E-1;9,412886E-1;;
02/12/2021  12:05:22,745958;9,255239E-1;1,241871E-1;1,199431E-1;9,405125E-1;;
02/12/2021  12:05:22,746058;9,255298E-1;1,538150E-1;1,565912E-1;9,397451E-1;;
02/12/2021  12:05:22,746158;9,250053E-1;1,522221E-1;1,521681E-1;9,389878E-1;;
02/12/2021  12:05:22,746258;9,259381E-1;1,076209E-1;1,284732E-1;9,382416E-1;;
02/12/2021  12:05:22,746358;9,261348E-1;1,362931E-1;1,325804E-1;9,375079E-1;;
02/12/2021  12:05:22,746458;9,254255E-1;1,260985E-1;1,297370E-1;9,367877E-1;;
02/12/2021  12:05:22,746558;9,257385E-1;7,289568E-2;9,972343E-2;9,360822E-1;;
02/12/2021  12:05:22,746658;9,248801E-1;1,044351E-1;7,192142E-2;9,353923E-1;;
02/12/2021  12:05:22,746758;9,263911E-1;1,388417E-1;1,335282E-1;9,347188E-1;;
02/12/2021  12:05:22,746858;9,264567E-1;1,270543E-1;1,281573E-1;9,340628E-1;;
02/12/2021  12:05:22,746958;9,262332E-1;1,366117E-1;1,382671E-1;9,334250E-1;;
02/12/2021  12:05:22,747058;9,264984E-1;1,394789E-1;1,234183E-1;9,328064E-1;;
02/12/2021  12:05:22,747158;9,265908E-1;1,219570E-1;1,164678E-1;9,322076E-1;;
02/12/2021  12:05:22,747258;9,272644E-1;1,267357E-1;1,294210E-1;9,316295E-1;;
02/12/2021  12:05:22,747358;9,273895E-1;1,331073E-1;1,313166E-1;9,310727E-1;;
02/12/2021  12:05:22,747458;9,275952E-1;1,493549E-1;1,546956E-1;9,305379E-1;;
02/12/2021  12:05:22,747558;9,269961E-1;1,382046E-1;1,341600E-1;9,300256E-1;;
02/12/2021  12:05:22,747658;9,267994E-1;1,439390E-1;1,395309E-1;9,295363E-1;;
02/12/2021  12:05:22,747758;9,273210E-1;1,426647E-1;1,303688E-1;9,290702E-1;;
02/12/2021  12:05:22,747858;9,274968E-1;1,133553E-1;1,297370E-1;9,286276E-1;;
02/12/2021  12:05:22,747958;9,274551E-1;1,264171E-1;1,332122E-1;9,282086E-1;;
02/12/2021  12:05:22,748058;9,271511E-1;1,076209E-1;1,212068E-1;9,278133E-1;;
02/12/2021  12:05:22,748158;9,268114E-1;1,162226E-1;1,126766E-1;9,274417E-1;;
02/12/2021  12:05:22,748258;9,280750E-1;1,267357E-1;1,332122E-1;9,270936E-1;;
02/12/2021  12:05:22,748358;9,280661E-1;1,302401E-1;1,310007E-1;9,267689E-1;;
02/12/2021  12:05:22,748458;9,290943E-1;1,098510E-1;1,003553E-1;9,264674E-1;;
02/12/2021  12:05:22,748558;9,282568E-1;4,677212E-2;5,960007E-2;9,261892E-1;;
02/12/2021  12:05:22,748658;9,288171E-1;2,988738E-2;5,549295E-2;9,259340E-1;;
02/12/2021  12:05:22,748758;9,298542E-1;1,149482E-1;1,253139E-1;9,257017E-1;;
02/12/2021  12:05:22,748858;9,301016E-1;1,006121E-1;1,177316E-1;9,254921E-1;;
02/12/2021  12:05:22,748958;9,305189E-1;1,063466E-1;1,085695E-1;9,253050E-1;;
02/12/2021  12:05:22,749058;9,302834E-1;1,085766E-1;1,164678E-1;9,251404E-1;;
02/12/2021  12:05:22,749158;9,316812E-1;8,563888E-2;6,528685E-2;9,249980E-1;;
02/12/2021  12:05:22,749258;9,327094E-1;-1,343950E-2;5,960007E-2;9,248777E-1;;
02/12/2021  12:05:22,749358;9,323279E-1;9,455912E-2;1,136244E-1;9,247794E-1;;
02/12/2021  12:05:22,749458;9,324143E-1;6,843556E-2;1,025668E-1;9,247030E-1;;
02/12/2021  12:05:22,749558;9,317676E-1;1,041165E-1;1,202590E-1;9,246483E-1;;
02/12/2021  12:05:22,749658;9,318063E-1;1,025236E-1;1,092014E-1;9,246148E-1;;
02/12/2021  12:05:22,749758;9,328018E-1;1,120810E-1;1,167838E-1;9,246020E-1;;
02/12/2021  12:05:22,749858;9,325961E-1;1,143111E-1;1,218387E-1;9,246093E-1;;
02/12/2021  12:05:22,749958;9,326855E-1;1,276914E-1;1,458495E-1;9,246362E-1;;
02/12/2021  12:05:22,750058;9,324620E-1;1,283286E-1;1,205749E-1;9,246819E-1;;
02/12/2021  12:05:22,750158;9,332905E-1;1,292843E-1;1,370034E-1;9,247459E-1;;
02/12/2021  12:05:22,750258;9,343545E-1;1,251428E-1;1,477451E-1;9,248274E-1;;
02/12/2021  12:05:22,750358;9,345333E-1;1,515849E-1;1,363715E-1;9,249259E-1;;
02/12/2021  12:05:22,750458;9,345095E-1;1,757970E-1;1,717559E-1;9,250408E-1;;
02/12/2021  12:05:22,750558;9,339432E-1;1,496735E-1;1,531159E-1;9,251714E-1;;
02/12/2021  12:05:22,750658;9,351711E-1;1,726112E-1;1,594346E-1;9,253173E-1;;
02/12/2021  12:05:22,750758;9,365748E-1;1,780271E-1;1,578549E-1;9,254776E-1;;
02/12/2021  12:05:22,750858;9,366463E-1;1,875845E-1;1,698603E-1;9,256519E-1;;
02/12/2021  12:05:22,750958;9,358983E-1;1,640096E-1;1,644895E-1;9,258398E-1;;
02/12/2021  12:05:22,751058;9,360205E-1;1,410718E-1;1,954508E-1;9,260408E-1;;
02/12/2021  12:05:22,751158;9,369086E-1;1,337445E-1;1,540637E-1;9,262541E-1;;
02/12/2021  12:05:22,751258;9,379011E-1;1,382046E-1;1,338441E-1;9,264792E-1;;
02/12/2021  12:05:22,751358;9,380471E-1;1,315144E-1;1,366875E-1;9,267155E-1;;
02/12/2021  12:05:22,751458;9,375196E-1;1,375674E-1;1,180475E-1;9,269627E-1;;
02/12/2021  12:05:22,751558;9,378891E-1;1,241871E-1;1,249980E-1;9,272201E-1;;
02/12/2021  12:05:22,751658;9,395968E-1;1,245056E-1;1,272095E-1;9,274871E-1;;
02/12/2021  12:05:22,751758;9,398979E-1;1,401161E-1;1,445858E-1;9,277633E-1;;
02/12/2021  12:05:22,751858;9,402734E-1;1,289658E-1;1,300529E-1;9,280484E-1;;
02/12/2021  12:05:22,751958;9,404582E-1;1,251428E-1;1,095173E-1;9,283420E-1;;
02/12/2021  12:05:22,752058;9,409678E-1;9,201048E-2;1,031987E-1;9,286438E-1;;
02/12/2021  12:05:22,752158;9,429437E-1;1,401161E-1;1,546956E-1;9,289534E-1;;
02/12/2021  12:05:22,752258;9,431047E-1;1,439390E-1;1,449017E-1;9,292708E-1;;
02/12/2021  12:05:22,752358;9,445561E-1;1,260985E-1;1,319485E-1;9,295958E-1;;
02/12/2021  12:05:22,752458;9,442223E-1;1,640096E-1;1,752312E-1;9,299285E-1;;
02/12/2021  12:05:22,752558;9,446604E-1;1,407532E-1;1,540637E-1;9,302689E-1;;
02/12/2021  12:05:22,752658;9,451670E-1;5,993878E-3;7,571260E-2;9,306170E-1;;
02/12/2021  12:05:22,752758;9,460790E-1;1,241871E-1;1,268936E-1;9,309726E-1;;
02/12/2021  12:05:22,752858;9,461744E-1;1,229127E-1;1,272095E-1;9,313356E-1;;
02/12/2021  12:05:22,752958;9,459330E-1;8,532030E-2;1,155200E-1;9,317060E-1;;
02/12/2021  12:05:22,753058;9,461297E-1;1,483991E-1;1,467973E-1;9,320834E-1;;
02/12/2021  12:05:22,753158;9,468777E-1;1,165411E-1;9,150920E-2;9,324677E-1;;
02/12/2021  12:05:22,753258;9,469075E-1;1,585937E-1;2,061925E-1;9,328585E-1;;
02/12/2021  12:05:22,753358;9,466363E-1;1,238685E-1;1,174156E-1;9,332553E-1;;
02/12/2021  12:05:22,753458;9,451044E-1;1,270543E-1;1,287892E-1;9,336577E-1;;
02/12/2021  12:05:22,753558;9,449793E-1;7,130278E-2;8,645429E-2;9,340649E-1;;
02/12/2021  12:05:22,753658;9,455694E-1;6,556834E-2;8,740209E-2;9,344760E-1;;
02/12/2021  12:05:22,753758;9,458346E-1;1,267357E-1;1,306848E-1;9,348901E-1;;
02/12/2021  12:05:22,753858;9,455008E-1;1,216384E-1;1,174156E-1;9,353063E-1;;
02/12/2021  12:05:22,753958;9,450806E-1;1,585937E-1;1,559593E-1;9,357237E-1;;
02/12/2021  12:05:22,754058;9,455604E-1;4,740928E-2;9,624818E-2;9,361413E-1;;
02/12/2021  12:05:22,754158;9,463949E-1;1,143111E-1;1,272095E-1;9,365583E-1;;
02/12/2021  12:05:22,754258;9,464068E-1;1,044351E-1;9,624818E-2;9,369739E-1;;
02/12/2021  12:05:22,754358;9,459240E-1;1,382046E-1;1,370034E-1;9,373874E-1;;
02/12/2021  12:05:22,754458;9,452803E-1;1,362931E-1;1,319485E-1;9,377980E-1;;
02/12/2021  12:05:22,754558;9,457452E-1;1,165411E-1;1,167838E-1;9,382048E-1;;
02/12/2021  12:05:22,754658;9,465529E-1;1,203641E-1;1,467973E-1;9,386073E-1;;
02/12/2021  12:05:22,754758;9,462876E-1;1,350188E-1;1,240502E-1;9,390045E-1;;
02/12/2021  12:05:22,754858;9,454114E-1;1,225942E-1;1,278414E-1;9,393960E-1;;
02/12/2021  12:05:22,754958;9,451164E-1;1,248242E-1;1,240502E-1;9,397811E-1;;
02/12/2021  12:05:22,755058;9,452028E-1;1,251428E-1;1,193112E-1;9,401590E-1;;
02/12/2021  12:05:22,755158;9,452892E-1;1,155854E-1;1,218387E-1;9,405289E-1;;
02/12/2021  12:05:22,755258;9,446336E-1;1,397975E-1;1,382671E-1;9,408903E-1;;
02/12/2021  12:05:22,755358;9,434414E-1;2,351578E-2;4,727872E-2;9,412423E-1;;
02/12/2021  12:05:22,755458;9,420616E-1;1,200455E-1;1,452176E-1;9,415842E-1;;
02/12/2021  12:05:22,755558;9,425444E-1;1,018865E-1;1,136244E-1;9,419150E-1;;
02/12/2021  12:05:22,755658;9,421212E-1;1,264171E-1;1,347919E-1;9,422336E-1;;
02/12/2021  12:05:22,755758;9,414953E-1;1,229127E-1;1,120448E-1;9,425393E-1;;
02/12/2021  12:05:22,755858;9,400230E-1;1,088952E-1;1,079377E-1;9,428310E-1;;
02/12/2021  12:05:22,755958;9,398770E-1;1,174969E-1;1,268936E-1;9,431078E-1;;
02/12/2021  12:05:22,756058;9,402406E-1;1,318330E-1;1,395309E-1;9,433688E-1;;
02/12/2021  12:05:22,756158;9,404671E-1;1,359745E-1;1,366875E-1;9,436132E-1;;
02/12/2021  12:05:22,756258;9,402018E-1;1,139925E-1;1,376353E-1;9,438404E-1;;
02/12/2021  12:05:22,756358;9,390634E-1;1,241871E-1;1,253139E-1;9,440499E-1;;
02/12/2021  12:05:22,756458;9,387653E-1;1,225942E-1;1,265777E-1;9,442412E-1;;
02/12/2021  12:05:22,756558;9,401512E-1;1,311958E-1;1,351078E-1;9,444139E-1;;
02/12/2021  12:05:22,756658;9,402615E-1;1,225942E-1;1,268936E-1;9,445678E-1;;
02/12/2021  12:05:22,756758;9,404999E-1;1,318330E-1;1,328963E-1;9,447030E-1;;
02/12/2021  12:05:22,756858;9,400051E-1;6,270112E-2;9,498445E-2;9,448196E-1;;
02/12/2021  12:05:22,756958;9,407979E-1;1,101695E-1;1,240502E-1;9,449180E-1;;
02/12/2021  12:05:22,757058;9,416920E-1;1,117624E-1;1,025668E-1;9,449985E-1;;
02/12/2021  12:05:22,757158;9,423059E-1;1,181340E-1;1,246821E-1;9,450618E-1;;
02/12/2021  12:05:22,757258;9,423059E-1;1,149482E-1;1,060421E-1;9,451087E-1;;
02/12/2021  12:05:22,757358;9,413433E-1;1,222756E-1;1,379512E-1;9,451402E-1;;
02/12/2021  12:05:22,757458;9,412271E-1;1,299215E-1;1,316326E-1;9,451570E-1;;
02/12/2021  12:05:22,757558;9,419543E-1;1,296029E-1;1,227865E-1;9,451599E-1;;
02/12/2021  12:05:22,757658;9,422344E-1;1,111253E-1;1,180475E-1;9,451497E-1;;
02/12/2021  12:05:22,757758;9,423894E-1;1,229127E-1;1,218387E-1;9,451273E-1;;
02/12/2021  12:05:22,757858;9,412509E-1;1,318330E-1;1,310007E-1;9,450936E-1;;
02/12/2021  12:05:22,757958;9,416413E-1;1,232313E-1;1,240502E-1;9,450495E-1;;
02/12/2021  12:05:22,758058;9,422225E-1;1,225942E-1;1,215227E-1;9,449956E-1;;
02/12/2021  12:05:22,758158;9,427262E-1;1,315144E-1;1,164678E-1;9,449328E-1;;
02/12/2021  12:05:22,758258;9,427440E-1;1,394789E-1;1,303688E-1;9,448621E-1;;
02/12/2021  12:05:22,758358;9,421688E-1;1,273729E-1;1,357397E-1;9,447844E-1;;
02/12/2021  12:05:22,758458;9,431047E-1;1,216384E-1;1,240502E-1;9,447004E-1;;
02/12/2021  12:05:22,758558;9,444339E-1;8,850610E-2;8,834988E-2;9,446113E-1;;
02/12/2021  12:05:22,758658;9,446932E-1;1,229127E-1;1,259458E-1;9,445180E-1;;
02/12/2021  12:05:22,758758;9,443951E-1;1,241871E-1;1,300529E-1;9,444216E-1;;
02/12/2021  12:05:22,758858;9,441627E-1;1,276914E-1;1,170997E-1;9,443233E-1;;
02/12/2021  12:05:22,758958;9,455872E-1;1,385232E-1;1,426902E-1;9,442240E-1;;
02/12/2021  12:05:22,759058;9,462399E-1;1,337445E-1;1,644895E-1;9,441247E-1;;
02/12/2021  12:05:22,759158;9,470029E-1;1,394789E-1;1,382671E-1;9,440266E-1;;
02/12/2021  12:05:22,759258;9,458972E-1;8,086018E-2;9,119327E-2;9,439308E-1;;
02/12/2021  12:05:22,759358;9,450687E-1;1,190898E-1;1,474292E-1;9,438383E-1;;
02/12/2021  12:05:22,759458;9,461833E-1;1,009307E-1;1,152041E-1;9,437497E-1;;
02/12/2021  12:05:22,759558;9,466751E-1;1,181340E-1;1,139404E-1;9,436658E-1;;
02/12/2021  12:05:22,759658;9,465618E-1;1,350188E-1;1,253139E-1;9,435872E-1;;
02/12/2021  12:05:22,759758;9,462966E-1;1,057094E-1;1,167838E-1;9,435146E-1;;
02/12/2021  12:05:22,759858;9,450478E-1;9,105474E-2;9,940750E-2;9,434484E-1;;
02/12/2021  12:05:22,759958;9,458197E-1;1,331073E-1;1,695444E-1;9,433889E-1;;
02/12/2021  12:05:22,760058;9,459508E-1;1,321516E-1;1,347919E-1;9,433363E-1;;
02/12/2021  12:05:22,760158;9,454829E-1;1,159040E-1;1,480610E-1;9,432907E-1;;
02/12/2021  12:05:22,760258;9,453339E-1;1,162226E-1;1,180475E-1;9,432521E-1;;
02/12/2021  12:05:22,760358;9,442133E-1;1,327887E-1;1,120448E-1;9,432205E-1;;
02/12/2021  12:05:22,760458;9,450508E-1;1,369303E-1;1,411105E-1;9,431957E-1;;
02/12/2021  12:05:22,760558;9,450866E-1;1,334259E-1;1,240502E-1;9,431774E-1;;
02/12/2021  12:05:22,760658;9,449197E-1;1,385232E-1;1,420583E-1;9,431655E-1;;
02/12/2021  12:05:22,760758;9,445888E-1;1,264171E-1;1,278414E-1;9,431596E-1;;
02/12/2021  12:05:22,760858;9,439749E-1;1,117624E-1;1,177316E-1;9,431594E-1;;
02/12/2021  12:05:22,760958;9,452773E-1;1,292843E-1;1,376353E-1;9,431647E-1;;
02/12/2021  12:05:22,761058;9,453965E-1;1,057094E-1;1,076217E-1;9,431750E-1;;
02/12/2021  12:05:22,761158;9,447319E-1;7,385142E-2;6,718244E-2;9,431901E-1;;
02/12/2021  12:05:22,761258;9,433192E-1;8,500172E-2;1,148882E-1;9,432098E-1;;
02/12/2021  12:05:22,761358;9,427262E-1;1,076209E-1;1,161519E-1;9,432336E-1;;
02/12/2021  12:05:22,761458;9,433431E-1;9,742634E-2;9,403666E-2;9,432608E-1;;
02/12/2021  12:05:22,761558;9,432626E-1;9,392196E-2;1,069899E-1;9,432908E-1;;
02/12/2021  12:05:22,761658;9,433967E-1;8,965980E-4;5,612482E-2;9,433230E-1;;
02/12/2021  12:05:22,761758;9,420824E-1;8,309024E-2;9,782784E-2;9,433569E-1;;
02/12/2021  12:05:22,761858;9,427351E-1;8,818752E-2;1,148882E-1;9,433919E-1;;
02/12/2021  12:05:22,761958;9,436411E-1;5,186940E-2;7,824006E-2;9,434274E-1;;
02/12/2021  12:05:22,762058;9,431792E-1;6,588692E-2;8,487463E-2;9,434631E-1;;
02/12/2021  12:05:22,762158;9,429586E-1;9,392196E-2;1,101492E-1;9,434987E-1;;
02/12/2021  12:05:22,762258;9,414059E-1;1,063466E-1;1,161519E-1;9,435337E-1;;
02/12/2021  12:05:22,762358;9,416950E-1;1,012493E-1;1,325804E-1;9,435676E-1;;
02/12/2021  12:05:22,762458;9,425682E-1;7,353284E-2;8,771802E-2;9,436000E-1;;
02/12/2021  12:05:22,762558;9,431643E-1;8,054160E-2;1,038306E-1;9,436304E-1;;
02/12/2021  12:05:22,762658;9,422910E-1;1,034794E-1;1,148882E-1;9,436587E-1;;
02/12/2021  12:05:22,762758;9,413284E-1;9,933782E-2;1,120448E-1;9,436846E-1;;
02/12/2021  12:05:22,762858;9,422434E-1;8,627604E-2;1,161519E-1;9,437078E-1;;
02/12/2021  12:05:22,762958;9,426636E-1;1,143111E-1;1,253139E-1;9,437281E-1;;
02/12/2021  12:05:22,763058;9,422374E-1;1,340630E-1;1,366875E-1;9,437453E-1;;
02/12/2021  12:05:22,763158;9,417278E-1;1,429833E-1;1,610142E-1;9,437593E-1;;
02/12/2021  12:05:22,763258;9,409082E-1;1,159040E-1;1,275255E-1;9,437700E-1;;
02/12/2021  12:05:22,763358;9,415132E-1;1,031608E-1;9,561632E-2;9,437772E-1;;
02/12/2021  12:05:22,763458;9,421182E-1;1,506292E-1;1,622780E-1;9,437807E-1;;
02/12/2021  12:05:22,763558;9,423536E-1;1,700626E-1;1,411105E-1;9,437803E-1;;
02/12/2021  12:05:22,763658;9,422195E-1;1,863102E-1;1,733356E-1;9,437762E-1;;
02/12/2021  12:05:22,763758;9,411198E-1;1,786642E-1;1,632258E-1;9,437685E-1;;
02/12/2021  12:05:22,763858;9,430898E-1;1,738855E-1;1,591187E-1;9,437572E-1;;
02/12/2021  12:05:22,763958;9,439034E-1;1,461691E-1;1,572231E-1;9,437425E-1;;
02/12/2021  12:05:22,764058;9,449673E-1;1,442576E-1;1,414265E-1;9,437249E-1;;
02/12/2021  12:05:22,764158;9,443802E-1;1,238685E-1;1,227865E-1;9,437048E-1;;
02/12/2021  12:05:22,764258;9,442133E-1;7,576290E-2;1,382671E-1;9,436830E-1;;
02/12/2021  12:05:22,764358;9,455276E-1;1,490363E-1;1,546956E-1;9,436600E-1;;
02/12/2021  12:05:22,764458;9,458376E-1;1,366117E-1;1,335282E-1;9,436364E-1;;
02/12/2021  12:05:22,764558;9,459926E-1;1,350188E-1;1,306848E-1;9,436130E-1;;
02/12/2021  12:05:22,764658;9,450180E-1;1,031608E-1;1,142563E-1;9,435902E-1;;
02/12/2021  12:05:22,764758;9,452386E-1;1,292843E-1;1,259458E-1;9,435688E-1;;
02/12/2021  12:05:22,764858;9,463472E-1;1,426647E-1;1,483770E-1;9,435491E-1;;
02/12/2021  12:05:22,764958;9,460671E-1;1,095324E-1;1,215227E-1;9,435315E-1;;
02/12/2021  12:05:22,765058;9,454740E-1;1,213198E-1;1,297370E-1;9,435166E-1;;
02/12/2021  12:05:22,765158;9,442580E-1;1,254614E-1;1,256299E-1;9,435045E-1;;
02/12/2021  12:05:22,765258;9,432954E-1;1,343816E-1;1,025668E-1;9,434954E-1;;
02/12/2021  12:05:22,765358;9,433163E-1;1,088952E-1;1,082536E-1;9,434891E-1;;
02/12/2021  12:05:22,765458;9,433580E-1;1,248242E-1;1,256299E-1;9,434853E-1;;
02/12/2021  12:05:22,765558;9,423566E-1;1,152668E-1;1,265777E-1;9,434836E-1;;
02/12/2021  12:05:22,765658;9,407919E-1;1,662396E-1;1,856569E-1;9,434837E-1;;
02/12/2021  12:05:22,765758;9,405476E-1;1,280100E-1;1,278414E-1;9,434848E-1;;
02/12/2021  12:05:22,765858;9,414953E-1;8,086018E-2;1,272095E-1;9,434863E-1;;
02/12/2021  12:05:22,765958;9,408396E-1;1,369303E-1;1,316326E-1;9,434876E-1;;
02/12/2021  12:05:22,766058;9,398859E-1;1,168597E-1;1,227865E-1;9,434880E-1;;
02/12/2021  12:05:22,766158;9,383719E-1;1,503106E-1;1,840773E-1;9,434869E-1;;
02/12/2021  12:05:22,766258;9,386879E-1;1,296029E-1;1,310007E-1;9,434835E-1;;
02/12/2021  12:05:22,766358;9,390515E-1;1,248242E-1;1,177316E-1;9,434770E-1;;
02/12/2021  12:05:22,766458;9,388846E-1;1,267357E-1;1,313166E-1;9,434667E-1;;
02/12/2021  12:05:22,766558;9,388518E-1;1,324701E-1;1,325804E-1;9,434521E-1;;
02/12/2021  12:05:22,766658;9,372364E-1;1,493549E-1;1,445858E-1;9,434327E-1;;
02/12/2021  12:05:22,766758;9,375941E-1;1,184526E-1;1,237343E-1;9,434080E-1;;
02/12/2021  12:05:22,766858;9,381365E-1;1,245056E-1;1,022509E-1;9,433774E-1;;
02/12/2021  12:05:22,766958;9,376269E-1;2,096714E-2;6,686651E-2;9,433405E-1;;
02/12/2021  12:05:22,767058;9,363632E-1;1,340630E-1;1,325804E-1;9,432971E-1;;
02/12/2021  12:05:22,767158;9,356718E-1;1,222756E-1;1,145722E-1;9,432466E-1;;
02/12/2021  12:05:22,767258;9,350400E-1;1,098510E-1;8,203124E-2;9,431888E-1;;
02/12/2021  12:05:22,767358;9,354423E-1;1,229127E-1;1,319485E-1;9,431230E-1;;
02/12/2021  12:05:22,767458;9,347300E-1;2,542726E-2;8,392683E-2;9,430489E-1;;
02/12/2021  12:05:22,767558;9,338240E-1;1,423461E-1;1,439539E-1;9,429661E-1;;
02/12/2021  12:05:22,767658;9,323935E-1;1,114439E-1;1,069899E-1;9,428741E-1;;
02/12/2021  12:05:22,767758;9,330253E-1;1,283286E-1;1,313166E-1;9,427725E-1;;
02/12/2021  12:05:22,767858;9,339641E-1;1,452133E-1;1,727037E-1;9,426609E-1;;
02/12/2021  12:05:22,767958;9,338419E-1;1,391603E-1;1,332122E-1;9,425391E-1;;
02/12/2021  12:05:22,768058;9,326051E-1;1,047537E-1;8,992954E-2;9,424072E-1;;
02/12/2021  12:05:22,768158;9,323666E-1;1,283286E-1;1,322644E-1;9,422651E-1;;
02/12/2021  12:05:22,768258;9,333889E-1;1,350188E-1;1,341600E-1;9,421129E-1;;
02/12/2021  12:05:22,768358;9,342561E-1;1,378860E-1;1,373193E-1;9,419508E-1;;
02/12/2021  12:05:22,768458;9,345721E-1;1,260985E-1;1,287892E-1;9,417792E-1;;
02/12/2021  12:05:22,768558;9,341906E-1;1,136739E-1;1,085695E-1;9,415987E-1;;
02/12/2021  12:05:22,768658;9,343903E-1;1,343816E-1;1,287892E-1;9,414100E-1;;
02/12/2021  12:05:22,768758;9,358417E-1;1,480806E-1;1,439539E-1;9,412138E-1;;
02/12/2021  12:05:22,768858;9,356927E-1;1,248242E-1;1,272095E-1;9,410111E-1;;
02/12/2021  12:05:22,768958;9,360413E-1;1,334259E-1;1,490088E-1;9,408028E-1;;
02/12/2021  12:05:22,769058;9,347062E-1;1,302401E-1;1,237343E-1;9,405899E-1;;
02/12/2021  12:05:22,769158;9,338478E-1;1,426647E-1;1,439539E-1;9,403733E-1;;
02/12/2021  12:05:22,769258;9,341816E-1;1,375674E-1;1,385831E-1;9,401536E-1;;
02/12/2021  12:05:22,769358;9,337793E-1;1,181340E-1;1,231024E-1;9,399314E-1;;
02/12/2021  12:05:22,769458;9,331117E-1;1,267357E-1;1,370034E-1;9,397071E-1;;
02/12/2021  12:05:22,769558;9,310225E-1;1,194084E-1;1,234183E-1;9,394812E-1;;
02/12/2021  12:05:22,769658;9,310464E-1;1,382046E-1;1,224705E-1;9,392538E-1;;
02/12/2021  12:05:22,769758;9,311447E-1;1,286472E-1;1,287892E-1;9,390248E-1;;
02/12/2021  12:05:22,769858;9,313057E-1;1,257800E-1;1,287892E-1;9,387943E-1;;
02/12/2021  12:05:22,769958;9,305755E-1;9,647060E-2;8,740209E-2;9,385624E-1;;
02/12/2021  12:05:22,770058;9,294757E-1;1,445762E-1;1,148882E-1;9,383290E-1;;
02/12/2021  12:05:22,770158;9,291390E-1;7,289568E-2;1,588027E-1;9,380942E-1;;
02/12/2021  12:05:22,770258;9,296546E-1;3,785188E-2;8,550650E-2;9,378579E-1;;
02/12/2021  12:05:22,770358;9,302149E-1;1,216384E-1;1,231024E-1;9,376199E-1;;
02/12/2021  12:05:22,770458;9,295562E-1;1,455319E-1;1,363715E-1;9,373804E-1;;
02/12/2021  12:05:22,770558;9,286681E-1;1,375674E-1;1,136244E-1;9,371396E-1;;
02/12/2021  12:05:22,770658;9,289602E-1;1,331073E-1;1,325804E-1;9,368974E-1;;
02/12/2021  12:05:22,770758;9,299377E-1;3,211744E-2;7,981972E-2;9,366541E-1;;
02/12/2021  12:05:22,770858;9,291956E-1;1,461691E-1;1,480610E-1;9,364098E-1;;
02/12/2021  12:05:22,770958;9,286085E-1;1,311958E-1;1,246821E-1;9,361647E-1;;
02/12/2021  12:05:22,771058;9,271362E-1;1,280100E-1;1,234183E-1;9,359191E-1;;
02/12/2021  12:05:22,771158;9,276846E-1;7,480716E-2;6,813023E-2;9,356729E-1;;
02/12/2021  12:05:22,771258;9,279796E-1;1,159040E-1;1,300529E-1;9,354261E-1;;
02/12/2021  12:05:22,771358;9,279349E-1;1,483991E-1;1,524841E-1;9,351789E-1;;
02/12/2021  12:05:22,771458;9,269872E-1;1,499920E-1;1,382671E-1;9,349313E-1;;
02/12/2021  12:05:22,771558;9,263643E-1;1,216384E-1;1,291051E-1;9,346835E-1;;
02/12/2021  12:05:22,771658;9,273210E-1;9,137332E-2;8,866581E-2;9,344355E-1;;
02/12/2021  12:05:22,771758;9,282926E-1;1,477620E-1;1,423743E-1;9,341873E-1;;
02/12/2021  12:05:22,771858;9,285608E-1;1,401161E-1;1,268936E-1;9,339393E-1;;
02/12/2021  12:05:22,771958;9,275356E-1;1,350188E-1;1,392149E-1;9,336920E-1;;
02/12/2021  12:05:22,772058;9,276309E-1;1,203641E-1;1,057261E-1;9,334458E-1;;
02/12/2021  12:05:22,772158;9,286740E-1;1,742041E-1;1,847091E-1;9,332010E-1;;
02/12/2021  12:05:22,772258;9,298185E-1;1,773899E-1;1,989261E-1;9,329581E-1;;
02/12/2021  12:05:22,772358;9,285995E-1;1,292843E-1;1,262617E-1;9,327177E-1;;
02/12/2021  12:05:22,772458;9,282926E-1;8,500172E-2;9,024547E-2;9,324804E-1;;
02/12/2021  12:05:22,772558;9,278783E-1;1,359745E-1;1,313166E-1;9,322467E-1;;
02/12/2021  12:05:22,772658;9,289333E-1;1,388417E-1;1,335282E-1;9,320169E-1;;
02/12/2021  12:05:22,772758;9,296307E-1;1,289658E-1;1,360556E-1;9,317914E-1;;
02/12/2021  12:05:22,772858;9,296277E-1;1,311958E-1;1,196272E-1;9,315707E-1;;
02/12/2021  12:05:22,772958;9,285608E-1;1,350188E-1;1,338441E-1;9,313555E-1;;
02/12/2021  12:05:22,773058;9,288976E-1;1,235499E-1;1,332122E-1;9,311460E-1;;
02/12/2021  12:05:22,773158;9,299913E-1;1,452133E-1;1,439539E-1;9,309427E-1;;
02/12/2021  12:05:22,773258;9,308705E-1;1,245056E-1;1,262617E-1;9,307460E-1;;
02/12/2021  12:05:22,773358;9,306768E-1;1,251428E-1;1,208909E-1;9,305563E-1;;
02/12/2021  12:05:22,773458;9,303341E-1;1,407532E-1;1,351078E-1;9,303744E-1;;
02/12/2021  12:05:22,773558;9,311477E-1;1,566822E-1;1,562753E-1;9,302006E-1;;
02/12/2021  12:05:22,773658;9,325484E-1;1,534964E-1;1,559593E-1;9,300354E-1;;
02/12/2021  12:05:22,773758;9,334992E-1;1,139925E-1;1,177316E-1;9,298795E-1;;
02/12/2021  12:05:22,773858;9,336660E-1;1,229127E-1;1,306848E-1;9,297337E-1;;
02/12/2021  12:05:22,773958;9,327302E-1;1,433019E-1;1,477451E-1;9,295985E-1;;
02/12/2021  12:05:22,774058;9,330551E-1;6,939130E-2;1,199431E-1;9,294746E-1;;
02/12/2021  12:05:22,774158;9,351920E-1;1,241871E-1;1,954508E-1;9,293625E-1;;
02/12/2021  12:05:22,774258;9,358595E-1;1,117624E-1;1,152041E-1;9,292626E-1;;
02/12/2021  12:05:22,774358;9,358476E-1;8,309024E-2;1,013031E-1;9,291757E-1;;
02/12/2021  12:05:22,774458;9,359430E-1;7,289568E-2;1,016190E-1;9,291025E-1;;
02/12/2021  12:05:22,774558;9,369205E-1;4,517922E-2;9,940750E-2;9,290434E-1;;
02/12/2021  12:05:22,774658;9,384912E-1;3,594040E-2;8,424277E-2;9,289990E-1;;
02/12/2021  12:05:22,774758;9,383421E-1;1,031608E-1;1,098333E-1;9,289698E-1;;
02/12/2021  12:05:22,774858;9,387862E-1;1,111253E-1;1,189953E-1;9,289565E-1;;
02/12/2021  12:05:22,774958;9,378027E-1;6,312458E-3;5,770448E-2;9,289595E-1;;
02/12/2021  12:05:22,775058;9,389293E-1;7,321426E-2;7,697633E-2;9,289790E-1;;
02/12/2021  12:05:22,775158;9,404999E-1;8,309024E-2;1,031987E-1;9,290153E-1;;
02/12/2021  12:05:22,775258;9,404492E-1;1,050723E-1;1,158360E-1;9,290684E-1;;
02/12/2021  12:05:22,775358;9,401244E-1;1,022050E-1;1,126766E-1;9,291388E-1;;
02/12/2021  12:05:22,775458;9,392869E-1;9,678918E-2;1,107811E-1;9,292263E-1;;
02/12/2021  12:05:22,775558;9,399306E-1;9,360338E-2;1,031987E-1;9,293307E-1;;
02/12/2021  12:05:22,775658;9,409559E-1;7,576290E-2;8,203124E-2;9,294519E-1;;
02/12/2021  12:05:22,775758;9,405774E-1;1,073023E-1;8,297904E-2;9,295894E-1;;
02/12/2021  12:05:22,775858;9,407204E-1;8,563888E-2;1,003553E-1;9,297429E-1;;
02/12/2021  12:05:22,775958;9,392929E-1;1,018865E-1;1,170997E-1;9,299119E-1;;
02/12/2021  12:05:22,776058;9,403479E-1;1,066652E-1;1,180475E-1;9,300957E-1;;
02/12/2021  12:05:22,776158;9,417903E-1;1,327887E-1;1,338441E-1;9,302936E-1;;
02/12/2021  12:05:22,776258;9,425980E-1;1,260985E-1;1,231024E-1;9,305049E-1;;
02/12/2021  12:05:22,776358;9,425771E-1;1,397975E-1;1,518522E-1;9,307293E-1;;
02/12/2021  12:05:22,776458;9,420019E-1;1,483991E-1;1,313166E-1;9,309662E-1;;
02/12/2021  12:05:22,776558;9,433937E-1;1,554079E-1;1,376353E-1;9,312152E-1;;
02/12/2021  12:05:22,776658;9,440047E-1;1,990534E-1;1,948190E-1;9,314756E-1;;
02/12/2021  12:05:22,776758;9,438259E-1;1,656025E-1;1,483770E-1;9,317472E-1;;
02/12/2021  12:05:22,776858;9,430898E-1;1,582751E-1;1,338441E-1;9,320292E-1;;
02/12/2021  12:05:22,776958;9,422910E-1;1,554079E-1;1,486929E-1;9,323212E-1;;
02/12/2021  12:05:22,777058;9,429318E-1;1,037979E-1;8,487463E-2;9,326223E-1;;
02/12/2021  12:05:22,777158;9,432000E-1;1,315144E-1;1,385831E-1;9,329314E-1;;
02/12/2021  12:05:22,777258;9,425831E-1;9,360338E-2;1,085695E-1;9,332479E-1;;
02/12/2021  12:05:22,777358;9,414595E-1;1,232313E-1;1,215227E-1;9,335706E-1;;
02/12/2021  12:05:22,777458;9,411585E-1;1,296029E-1;1,303688E-1;9,338985E-1;;
02/12/2021  12:05:22,777558;9,420467E-1;1,213198E-1;1,208909E-1;9,342304E-1;;
02/12/2021  12:05:22,777658;9,427619E-1;1,152668E-1;1,183634E-1;9,345650E-1;;
02/12/2021  12:05:22,777758;9,424967E-1;1,206827E-1;1,344760E-1;9,349016E-1;;
02/12/2021  12:05:22,777858;9,408992E-1;1,286472E-1;1,341600E-1;9,352389E-1;;
02/12/2021  12:05:22,777958;9,406817E-1;1,382046E-1;1,300529E-1;9,355762E-1;;
02/12/2021  12:05:22,778058;9,425086E-1;1,245056E-1;1,300529E-1;9,359121E-1;;
02/12/2021  12:05:22,778158;9,432179E-1;1,149482E-1;1,227865E-1;9,362458E-1;;
02/12/2021  12:05:22,778258;9,432298E-1;1,238685E-1;1,328963E-1;9,365765E-1;;
02/12/2021  12:05:22,778358;9,426248E-1;1,264171E-1;1,284732E-1;9,369038E-1;;
02/12/2021  12:05:22,778458;9,435428E-1;1,305587E-1;1,499566E-1;9,372270E-1;;
02/12/2021  12:05:22,778558;9,449495E-1;1,229127E-1;1,253139E-1;9,375458E-1;;
02/12/2021  12:05:22,778658;9,450299E-1;1,114439E-1;1,164678E-1;9,378598E-1;;
02/12/2021  12:05:22,778758;9,447766E-1;1,315144E-1;1,145722E-1;9,381689E-1;;
02/12/2021  12:05:22,778858;9,440464E-1;1,002936E-1;1,183634E-1;9,384730E-1;;
02/12/2021  12:05:22,778958;9,445233E-1;1,276914E-1;1,376353E-1;9,387719E-1;;
02/12/2021  12:05:22,779058;9,452535E-1;1,092138E-1;1,388990E-1;9,390653E-1;;
02/12/2021  12:05:22,779158;9,450061E-1;1,210013E-1;1,243661E-1;9,393531E-1;;
02/12/2021  12:05:22,779258;9,443236E-1;1,404346E-1;1,370034E-1;9,396351E-1;;
02/12/2021  12:05:22,779358;9,429735E-1;9,870066E-2;1,079377E-1;9,399112E-1;;
02/12/2021  12:05:22,779458;9,442819E-1;9,264764E-2;8,771802E-2;9,401808E-1;;
02/12/2021  12:05:22,779558;9,448183E-1;1,165411E-1;1,265777E-1;9,404438E-1;;
02/12/2021  12:05:22,779658;9,446783E-1;1,302401E-1;1,316326E-1;9,406998E-1;;
02/12/2021  12:05:22,779758;9,444369E-1;1,187712E-1;1,205749E-1;9,409487E-1;;
02/12/2021  12:05:22,779858;9,430003E-1;1,216384E-1;1,275255E-1;9,411903E-1;;
02/12/2021  12:05:22,779958;9,432686E-1;3,307318E-2;7,697633E-2;9,414244E-1;;
02/12/2021  12:05:22,780058;9,437633E-1;1,085766E-1;1,038306E-1;9,416506E-1;;
02/12/2021  12:05:22,780158;9,437544E-1;1,203641E-1;1,212068E-1;9,418686E-1;;
02/12/2021  12:05:22,780258;9,427113E-1;1,108067E-1;1,145722E-1;9,420782E-1;;
02/12/2021  12:05:22,780358;9,418112E-1;1,280100E-1;1,436380E-1;9,422790E-1;;
02/12/2021  12:05:22,780458;9,426636E-1;1,018865E-1;8,740209E-2;9,424707E-1;;
02/12/2021  12:05:22,780558;9,439004E-1;1,391603E-1;1,259458E-1;9,426530E-1;;
02/12/2021  12:05:22,780658;9,436411E-1;1,391603E-1;1,401627E-1;9,428258E-1;;
02/12/2021  12:05:22,780758;9,423626E-1;1,012493E-1;1,243661E-1;9,429890E-1;;
02/12/2021  12:05:22,780858;9,416890E-1;1,146297E-1;1,082536E-1;9,431427E-1;;
02/12/2021  12:05:22,780958;9,425235E-1;1,315144E-1;1,885003E-1;9,432865E-1;;
02/12/2021  12:05:22,781058;9,430540E-1;1,557265E-1;1,780746E-1;9,434205E-1;;
02/12/2021  12:05:22,781158;9,423357E-1;1,031608E-1;1,060421E-1;9,435445E-1;;
02/12/2021  12:05:22,781258;9,415638E-1;1,229127E-1;1,259458E-1;9,436587E-1;;
02/12/2021  12:05:22,781358;9,416652E-1;1,455319E-1;1,455336E-1;9,437629E-1;;
02/12/2021  12:05:22,781458;9,426040E-1;1,159040E-1;1,114129E-1;9,438571E-1;;
02/12/2021  12:05:22,781558;9,426457E-1;1,146297E-1;1,272095E-1;9,439415E-1;;
02/12/2021  12:05:22,781658;9,420794E-1;1,022050E-1;1,114129E-1;9,440161E-1;;
02/12/2021  12:05:22,781758;9,413373E-1;1,229127E-1;1,313166E-1;9,440813E-1;;
02/12/2021  12:05:22,781858;9,408098E-1;1,251428E-1;1,303688E-1;9,441371E-1;;
02/12/2021  12:05:22,781958;9,413791E-1;1,499920E-1;1,423743E-1;9,441835E-1;;
02/12/2021  12:05:22,782058;9,413522E-1;1,251428E-1;1,319485E-1;9,442206E-1;;
02/12/2021  12:05:22,782158;9,408247E-1;1,194084E-1;1,272095E-1;9,442485E-1;;
02/12/2021  12:05:22,782258;9,396237E-1;1,366117E-1;1,376353E-1;9,442674E-1;;
02/12/2021  12:05:22,782358;9,389799E-1;1,206827E-1;9,340479E-2;9,442772E-1;;
02/12/2021  12:05:22,782458;9,393763E-1;1,181340E-1;1,338441E-1;9,442777E-1;;
02/12/2021  12:05:22,782558;9,397369E-1;1,187712E-1;1,208909E-1;9,442690E-1;;
02/12/2021  12:05:22,782658;9,390872E-1;1,331073E-1;1,366875E-1;9,442511E-1;;
02/12/2021  12:05:22,782758;9,373884E-1;1,407532E-1;1,395309E-1;9,442239E-1;;
02/12/2021  12:05:22,782858;9,374689E-1;1,108067E-1;1,496407E-1;9,441875E-1;;
02/12/2021  12:05:22,782958;9,379279E-1;1,120810E-1;1,177316E-1;9,441416E-1;;
02/12/2021  12:05:22,783058;9,380441E-1;1,270543E-1;1,325804E-1;9,440862E-1;;
02/12/2021  12:05:22,783158;9,372513E-1;1,190898E-1;1,294210E-1;9,440214E-1;;
02/12/2021  12:05:22,783258;9,365599E-1;1,385232E-1;1,502726E-1;9,439472E-1;;
02/12/2021  12:05:22,783358;9,366523E-1;4,900218E-2;7,476481E-2;9,438637E-1;;
02/12/2021  12:05:22,783458;9,370219E-1;1,382046E-1;1,426902E-1;9,437709E-1;;
02/12/2021  12:05:22,783558;9,371321E-1;1,245056E-1;1,259458E-1;9,436690E-1;;
02/12/2021  12:05:22,783658;9,363602E-1;1,276914E-1;1,259458E-1;9,435583E-1;;
02/12/2021  12:05:22,783758;9,356420E-1;1,168597E-1;1,328963E-1;9,434389E-1;;
02/12/2021  12:05:22,783858;9,354214E-1;1,241871E-1;1,275255E-1;9,433111E-1;;
02/12/2021  12:05:22,783958;9,359609E-1;1,382046E-1;1,335282E-1;9,431750E-1;;
02/12/2021  12:05:22,784058;9,354960E-1;1,433019E-1;1,370034E-1;9,430308E-1;;
02/12/2021  12:05:22,784158;9,348939E-1;1,385232E-1;1,325804E-1;9,428788E-1;;
02/12/2021  12:05:22,784258;9,334455E-1;1,120810E-1;1,120448E-1;9,427192E-1;;
02/12/2021  12:05:22,784358;9,335558E-1;1,385232E-1;1,411105E-1;9,425521E-1;;
02/12/2021  12:05:22,784458;9,340952E-1;1,394789E-1;1,145722E-1;9,423775E-1;;
02/12/2021  12:05:22,784558;9,330730E-1;1,343816E-1;1,597505E-1;9,421957E-1;;
02/12/2021  12:05:22,784658;9,321819E-1;1,127182E-1;1,180475E-1;9,420066E-1;;
02/12/2021  12:05:22,784758;9,304473E-1;1,206827E-1;1,202590E-1;9,418104E-1;;
02/12/2021  12:05:22,784858;9,306917E-1;1,394789E-1;1,461654E-1;9,416069E-1;;
02/12/2021  12:05:22,784958;9,312520E-1;6,206396E-2;8,771802E-2;9,413960E-1;;
02/12/2021  12:05:22,785058;9,307245E-1;1,324701E-1;1,291051E-1;9,411776E-1;;
02/12/2021  12:05:22,785158;9,299258E-1;1,299215E-1;1,272095E-1;9,409517E-1;;
02/12/2021  12:05:22,785258;9,292463E-1;2,606442E-2;9,087734E-2;9,407185E-1;;
02/12/2021  12:05:22,785358;9,301463E-1;3,402892E-2;7,602853E-2;9,404779E-1;;
02/12/2021  12:05:22,785458;9,305695E-1;1,751599E-1;1,989261E-1;9,402301E-1;;
02/12/2021  12:05:22,785558;9,302059E-1;1,260985E-1;1,300529E-1;9,399754E-1;;
02/12/2021  12:05:22,785658;9,297350E-1;1,047537E-1;1,189953E-1;9,397143E-1;;
02/12/2021  12:05:22,785758;9,296337E-1;1,394789E-1;1,360556E-1;9,394471E-1;;
02/12/2021  12:05:22,785858;9,308526E-1;1,235499E-1;1,215227E-1;9,391743E-1;;
02/12/2021  12:05:22,785958;9,319732E-1;1,229127E-1;1,366875E-1;9,388964E-1;;
02/12/2021  12:05:22,786058;9,316186E-1;1,276914E-1;1,265777E-1;9,386144E-1;;
02/12/2021  12:05:22,786158;9,312818E-1;1,375674E-1;1,379512E-1;9,383291E-1;;
02/12/2021  12:05:22,786258;9,318302E-1;1,515849E-1;1,420583E-1;9,380414E-1;;
02/12/2021  12:05:22,786358;9,334217E-1;1,222756E-1;1,114129E-1;9,377523E-1;;
02/12/2021  12:05:22,786458;9,345840E-1;1,362931E-1;1,316326E-1;9,374628E-1;;
02/12/2021  12:05:22,786558;9,346138E-1;1,573194E-1;1,572231E-1;9,371743E-1;;
02/12/2021  12:05:22,786658;9,340356E-1;1,375674E-1;1,313166E-1;9,368882E-1;;
02/12/2021  12:05:22,786758;9,342085E-1;1,420275E-1;1,452176E-1;9,366055E-1;;
02/12/2021  12:05:22,786858;9,352724E-1;2,670158E-2;8,866581E-2;9,363275E-1;;
02/12/2021  12:05:22,786958;9,359490E-1;1,260985E-1;1,341600E-1;9,360552E-1;;
02/12/2021  12:05:22,787058;9,359996E-1;1,123996E-1;1,227865E-1;9,357899E-1;;
02/12/2021  12:05:22,787158;9,349267E-1;1,146297E-1;1,164678E-1;9,355326E-1;;
02/12/2021  12:05:22,787258;9,348313E-1;1,343816E-1;1,521681E-1;9,352844E-1;;
02/12/2021  12:05:22,787358;9,363155E-1;1,095324E-1;1,218387E-1;9,350458E-1;;
02/12/2021  12:05:22,787458;9,363215E-1;1,079395E-1;1,208909E-1;9,348176E-1;;
02/12/2021  12:05:22,787558;9,359251E-1;1,152668E-1;1,240502E-1;9,346005E-1;;
02/12/2021  12:05:22,787658;9,351592E-1;9,424054E-2;1,562753E-1;9,343953E-1;;
02/12/2021  12:05:22,787758;9,354393E-1;8,117876E-2;9,340479E-2;9,342021E-1;;
02/12/2021  12:05:22,787858;9,370576E-1;1,002936E-1;1,107811E-1;9,340215E-1;;
02/12/2021  12:05:22,787958;9,370666E-1;1,060280E-1;1,186794E-1;9,338536E-1;;
02/12/2021  12:05:22,788058;9,366940E-1;1,018865E-1;1,088855E-1;9,336989E-1;;
02/12/2021  12:05:22,788158;9,358804E-1;1,018865E-1;1,161519E-1;9,335578E-1;;
02/12/2021  12:05:22,788258;9,366911E-1;1,079395E-1;1,164678E-1;9,334302E-1;;
02/12/2021  12:05:22,788358;9,375851E-1;1,200455E-1;1,316326E-1;9,333163E-1;;
02/12/2021  12:05:22,788458;9,377699E-1;8,627604E-2;1,104651E-1;9,332162E-1;;
02/12/2021  12:05:22,788558;9,376865E-1;1,006121E-1;1,126766E-1;9,331299E-1;;
02/12/2021  12:05:22,788658;9,371232E-1;1,060280E-1;1,022509E-1;9,330575E-1;;
02/12/2021  12:05:22,788758;9,380531E-1;1,461691E-1;1,528000E-1;9,329989E-1;;
02/12/2021  12:05:22,788858;9,392899E-1;1,350188E-1;1,556434E-1;9,329541E-1;;
02/12/2021  12:05:22,788958;9,395909E-1;1,429833E-1;1,493248E-1;9,329230E-1;;
02/12/2021  12:05:22,789058;9,394061E-1;1,506292E-1;1,452176E-1;9,329058E-1;;
02/12/2021  12:05:22,789158;9,398084E-1;5,250656E-2;8,677022E-2;9,329025E-1;;
02/12/2021  12:05:22,789258;9,408456E-1;1,875845E-1;1,455336E-1;9,329131E-1;;
02/12/2021  12:05:22,789358;9,423000E-1;1,643281E-1;1,370034E-1;9,329375E-1;;
02/12/2021  12:05:22,789458;9,427113E-1;1,608238E-1;1,237343E-1;9,329761E-1;;
02/12/2021  12:05:22,789558;9,418827E-1;1,828058E-1;1,935552E-1;9,330289E-1;;
02/12/2021  12:05:22,789658;9,425473E-1;1,840801E-1;1,670170E-1;9,330961E-1;;
02/12/2021  12:05:22,789758;9,433937E-1;1,595494E-1;1,464814E-1;9,331777E-1;;
02/12/2021  12:05:22,789858;9,447021E-1;1,802571E-1;2,033491E-1;9,332736E-1;;
02/12/2021  12:05:22,789958;9,450836E-1;1,245056E-1;1,152041E-1;9,333841E-1;;
02/12/2021  12:05:22,790058;9,457094E-1;1,557265E-1;1,588027E-1;9,335091E-1;;
02/12/2021  12:05:22,790158;9,450806E-1;1,337445E-1;1,268936E-1;9,336489E-1;;
02/12/2021  12:05:22,790258;9,471191E-1;2,510868E-2;8,171531E-2;9,338035E-1;;
02/12/2021  12:05:22,790358;9,481592E-1;1,257800E-1;1,357397E-1;9,339728E-1;;
02/12/2021  12:05:22,790458;9,488209E-1;1,538150E-1;1,496407E-1;9,341571E-1;;
02/12/2021  12:05:22,790558;9,489580E-1;1,404346E-1;1,221546E-1;9,343566E-1;;
02/12/2021  12:05:22,790658;9,490951E-1;9,742634E-2;8,582243E-2;9,345713E-1;;
02/12/2021  12:05:22,790758;9,506567E-1;1,206827E-1;1,243661E-1;9,348014E-1;;
02/12/2021  12:05:22,790858;9,511694E-1;1,305587E-1;1,392149E-1;9,350468E-1;;
02/12/2021  12:05:22,790958;9,528502E-1;1,442576E-1;1,423743E-1;9,353077E-1;;
02/12/2021  12:05:22,791058;9,524181E-1;1,452133E-1;1,281573E-1;9,355842E-1;;
02/12/2021  12:05:22,791158;9,531781E-1;1,608238E-1;1,885003E-1;9,358763E-1;;
02/12/2021  12:05:22,791258;9,552077E-1;1,229127E-1;1,388990E-1;9,361842E-1;;
02/12/2021  12:05:22,791358;9,561494E-1;1,426647E-1;1,426902E-1;9,365079E-1;;
02/12/2021  12:05:22,791458;9,563044E-1;1,413904E-1;1,477451E-1;9,368476E-1;;
02/12/2021  12:05:22,791558;9,567634E-1;1,267357E-1;1,240502E-1;9,372034E-1;;
02/12/2021  12:05:22,791658;9,570048E-1;5,824100E-2;7,950379E-2;9,375753E-1;;
02/12/2021  12:05:22,791758;9,578631E-1;1,318330E-1;1,262617E-1;9,379633E-1;;
02/12/2021  12:05:22,791858;9,589479E-1;1,534964E-1;1,414265E-1;9,383671E-1;;
02/12/2021  12:05:22,791958;9,587989E-1;1,171783E-1;1,237343E-1;9,387867E-1;;
02/12/2021  12:05:22,792058;9,585963E-1;1,041165E-1;1,363715E-1;9,392216E-1;;
02/12/2021  12:05:22,792158;9,589330E-1;1,394789E-1;1,366875E-1;9,396715E-1;;
02/12/2021  12:05:22,792258;9,604709E-1;1,503106E-1;1,622780E-1;9,401359E-1;;
02/12/2021  12:05:22,792358;9,607957E-1;1,296029E-1;1,246821E-1;9,406141E-1;;
02/12/2021  12:05:22,792458;9,609805E-1;1,254614E-1;1,136244E-1;9,411057E-1;;
02/12/2021  12:05:22,792558;9,605573E-1;1,340630E-1;1,401627E-1;9,416101E-1;;
02/12/2021  12:05:22,792658;9,611802E-1;1,299215E-1;1,294210E-1;9,421267E-1;;
02/12/2021  12:05:22,792758;9,623783E-1;1,104881E-1;1,129926E-1;9,426545E-1;;
02/12/2021  12:05:22,792858;9,629535E-1;1,305587E-1;1,294210E-1;9,431929E-1;;
02/12/2021  12:05:22,792958;9,632157E-1;1,203641E-1;1,183634E-1;9,437412E-1;;
02/12/2021  12:05:22,793058;9,627955E-1;1,245056E-1;1,338441E-1;9,442987E-1;;
02/12/2021  12:05:22,793158;9,641158E-1;1,413904E-1;1,404787E-1;9,448646E-1;;
02/12/2021  12:05:22,793258;9,648549E-1;1,276914E-1;1,028828E-1;9,454383E-1;;
02/12/2021  12:05:22,793358;9,651410E-1;1,152668E-1;9,372073E-2;9,460189E-1;;
02/12/2021  12:05:22,793458;9,654569E-1;1,149482E-1;1,167838E-1;9,466059E-1;;
02/12/2021  12:05:22,793558;9,644198E-1;1,417090E-1;1,411105E-1;9,471985E-1;;
02/12/2021  12:05:22,793658;9,648221E-1;1,324701E-1;1,215227E-1;9,477959E-1;;
02/12/2021  12:05:22,793758;9,657758E-1;3,530324E-2;7,128955E-2;9,483972E-1;;
02/12/2021  12:05:22,793858;9,651857E-1;1,136739E-1;1,129926E-1;9,490013E-1;;
02/12/2021  12:05:22,793958;9,649652E-1;1,442576E-1;1,426902E-1;9,496074E-1;;
02/12/2021  12:05:22,794058;9,645896E-1;1,302401E-1;1,278414E-1;9,502143E-1;;
02/12/2021  12:05:22,794158;9,649443E-1;1,356559E-1;1,328963E-1;9,508211E-1;;
02/12/2021  12:05:22,794258;9,649592E-1;8,117876E-2;1,467973E-1;9,514265E-1;;
02/12/2021  12:05:22,794358;9,644794E-1;1,101695E-1;1,243661E-1;9,520294E-1;;
02/12/2021  12:05:22,794458;9,636508E-1;1,359745E-1;1,442698E-1;9,526287E-1;;
02/12/2021  12:05:22,794558;9,630756E-1;1,420275E-1;1,385831E-1;9,532230E-1;;
02/12/2021  12:05:22,794658;9,635138E-1;1,248242E-1;1,303688E-1;9,538109E-1;;
02/12/2021  12:05:22,794758;9,636657E-1;1,041165E-1;1,148882E-1;9,543913E-1;;
02/12/2021  12:05:22,794858;9,629088E-1;1,404346E-1;1,341600E-1;9,549629E-1;;
02/12/2021  12:05:22,794958;9,626644E-1;1,225942E-1;1,265777E-1;9,555243E-1;;
02/12/2021  12:05:22,795058;9,627925E-1;1,347002E-1;1,316326E-1;9,560746E-1;;
02/12/2021  12:05:22,795158;9,633856E-1;1,143111E-1;1,114129E-1;9,566125E-1;;
02/12/2021  12:05:22,795258;9,631740E-1;1,283286E-1;1,291051E-1;9,571370E-1;;
02/12/2021  12:05:22,795358;9,627776E-1;1,410718E-1;1,370034E-1;9,576474E-1;;
02/12/2021  12:05:22,795458;9,624945E-1;1,178155E-1;1,180475E-1;9,581428E-1;;
02/12/2021  12:05:22,795558;9,618418E-1;-1,402343E-1;2,674314E-2;9,586224E-1;;
02/12/2021  12:05:22,795658;9,622620E-1;1,267357E-1;1,426902E-1;9,590854E-1;;
02/12/2021  12:05:22,795758;9,616779E-1;1,311958E-1;1,303688E-1;9,595311E-1;;
02/12/2021  12:05:22,795858;9,619670E-1;1,260985E-1;1,265777E-1;9,599588E-1;;
02/12/2021  12:05:22,795958;9,604679E-1;1,146297E-1;1,256299E-1;9,603680E-1;;
02/12/2021  12:05:22,796058;9,605245E-1;1,573194E-1;1,648054E-1;9,607580E-1;;
02/12/2021  12:05:22,796158;9,608255E-1;1,130368E-1;1,246821E-1;9,611283E-1;;
02/12/2021  12:05:22,796258;9,604977E-1;1,267357E-1;1,281573E-1;9,614783E-1;;
02/12/2021  12:05:22,796358;9,595023E-1;1,296029E-1;1,287892E-1;9,618077E-1;;
02/12/2021  12:05:22,796458;9,583906E-1;1,174969E-1;1,202590E-1;9,621160E-1;;
02/12/2021  12:05:22,796558;9,582207E-1;1,292843E-1;1,291051E-1;9,624028E-1;;
02/12/2021  12:05:22,796658;9,582654E-1;1,334259E-1;1,246821E-1;9,626676E-1;;
02/12/2021  12:05:22,796758;9,572611E-1;1,318330E-1;1,366875E-1;9,629100E-1;;
02/12/2021  12:05:22,796858;9,570942E-1;1,041165E-1;1,136244E-1;9,631297E-1;;
02/12/2021  12:05:22,796958;9,562806E-1;1,315144E-1;1,373193E-1;9,633263E-1;;
02/12/2021  12:05:22,797058;9,559140E-1;1,321516E-1;1,316326E-1;9,634997E-1;;
02/12/2021  12:05:22,797158;9,560690E-1;1,270543E-1;1,294210E-1;9,636495E-1;;
02/12/2021  12:05:22,797258;9,554282E-1;1,159040E-1;1,224705E-1;9,637757E-1;;
02/12/2021  12:05:22,797358;9,547010E-1;1,280100E-1;1,243661E-1;9,638783E-1;;
02/12/2021  12:05:22,797458;9,536192E-1;1,267357E-1;1,133085E-1;9,639572E-1;;
02/12/2021  12:05:22,797558;9,535655E-1;1,044351E-1;1,104651E-1;9,640124E-1;;
02/12/2021  12:05:22,797658;9,533927E-1;1,296029E-1;1,471132E-1;9,640438E-1;;
02/12/2021  12:05:22,797758;9,523764E-1;1,174969E-1;1,180475E-1;9,640516E-1;;
02/12/2021  12:05:22,797858;9,511723E-1;1,311958E-1;1,275255E-1;9,640359E-1;;
02/12/2021  12:05:22,797958;9,501769E-1;1,343816E-1;1,328963E-1;9,639967E-1;;
02/12/2021  12:05:22,798058;9,501859E-1;1,331073E-1;7,887192E-2;9,639339E-1;;
02/12/2021  12:05:22,798158;9,490474E-1;1,315144E-1;1,256299E-1;9,638477E-1;;
02/12/2021  12:05:22,798258;9,481592E-1;1,187712E-1;1,082536E-1;9,637380E-1;;
02/12/2021  12:05:22,798358;9,469731E-1;1,305587E-1;1,398468E-1;9,636049E-1;;
02/12/2021  12:05:22,798458;9,455038E-1;1,200455E-1;1,272095E-1;9,634485E-1;;
02/12/2021  12:05:22,798558;9,450031E-1;1,203641E-1;1,054102E-1;9,632685E-1;;
02/12/2021  12:05:22,798658;9,439600E-1;1,254614E-1;1,095173E-1;9,630649E-1;;
02/12/2021  12:05:22,798758;9,429586E-1;1,276914E-1;1,142563E-1;9,628377E-1;;
02/12/2021  12:05:22,798858;9,414238E-1;1,461691E-1;1,458495E-1;9,625867E-1;;
02/12/2021  12:05:22,798958;9,398442E-1;1,187712E-1;1,145722E-1;9,623118E-1;;
02/12/2021  12:05:22,799058;9,395462E-1;1,232313E-1;1,205749E-1;9,620129E-1;;
02/12/2021  12:05:22,799158;9,384137E-1;1,139925E-1;1,325804E-1;9,616897E-1;;
02/12/2021  12:05:22,799258;9,370964E-1;1,401161E-1;1,322644E-1;9,613421E-1;;
02/12/2021  12:05:22,799358;9,355705E-1;1,143111E-1;1,028828E-1;9,609702E-1;;
02/12/2021  12:05:22,799458;9,345125E-1;-4,752756E-2;9,782784E-2;9,605736E-1;;
02/12/2021  12:05:22,799558;9,337108E-1;1,206827E-1;1,240502E-1;9,601524E-1;;
02/12/2021  12:05:22,799658;9,329985E-1;1,146297E-1;1,167838E-1;9,597064E-1;;
02/12/2021  12:05:22,799758;9,315888E-1;1,184526E-1;1,227865E-1;9,592356E-1;;
02/12/2021  12:05:22,799858;9,305993E-1;9,392196E-2;9,782784E-2;9,587402E-1;;
02/12/2021  12:05:22,799958;9,298334E-1;-5,708496E-2;1,315807E-2;9,582201E-1;;
02/12/2021  12:05:22,800058;9,291628E-1;1,187712E-1;1,528000E-1;9,576757E-1;;
02/12/2021  12:05:22,800158;9,288290E-1;1,095324E-1;1,133085E-1;9,571072E-1;;
02/12/2021  12:05:22,800258;9,281883E-1;1,015679E-1;1,284732E-1;9,565150E-1;;
02/12/2021  12:05:22,800358;9,265372E-1;8,946184E-2;1,035146E-1;9,558997E-1;;
02/12/2021  12:05:22,800458;9,259918E-1;1,047537E-1;1,249980E-1;9,552619E-1;;
02/12/2021  12:05:22,800558;9,258398E-1;1,101695E-1;1,054102E-1;9,546022E-1;;
02/12/2021  12:05:22,800658;9,257653E-1;1,069837E-1;1,212068E-1;9,539212E-1;;
02/12/2021  12:05:22,800758;9,248086E-1;8,309024E-2;1,139404E-1;9,532200E-1;;
02/12/2021  12:05:22,800858;9,241976E-1;8,595746E-2;1,035146E-1;9,524995E-1;;
02/12/2021  12:05:22,800958;9,238966E-1;1,136739E-1;1,275255E-1;9,517606E-1;;
02/12/2021  12:05:22,801058;9,237595E-1;8,946184E-2;1,183634E-1;9,510046E-1;;
02/12/2021  12:05:22,801158;9,238430E-1;9,838208E-2;1,088855E-1;9,502327E-1;;
02/12/2021  12:05:22,801258;9,233065E-1;9,870066E-2;9,877564E-2;9,494461E-1;;
02/12/2021  12:05:22,801358;9,226002E-1;1,006121E-1;1,328963E-1;9,486464E-1;;
02/12/2021  12:05:22,801458;9,228952E-1;1,022050E-1;1,177316E-1;9,478349E-1;;
02/12/2021  12:05:22,801558;9,234526E-1;4,581638E-2;8,234717E-2;9,470132E-1;;
02/12/2021  12:05:22,801658;9,230234E-1;9,583344E-2;1,177316E-1;9,461828E-1;;
02/12/2021  12:05:22,801758;9,222634E-1;1,114439E-1;1,196272E-1;9,453455E-1;;
02/12/2021  12:05:22,801858;9,210653E-1;1,499920E-1;1,436380E-1;9,445029E-1;;
02/12/2021  12:05:22,801958;9,215988E-1;1,350188E-1;1,265777E-1;9,436565E-1;;
02/12/2021  12:05:22,802058;9,220101E-1;1,241871E-1;7,539667E-2;9,428077E-1;;
02/12/2021  12:05:22,802158;9,206988E-1;1,611423E-1;1,888163E-1;9,419582E-1;;
02/12/2021  12:05:22,802258;9,199805E-1;1,828058E-1;1,654373E-1;9,411092E-1;;
02/12/2021  12:05:22,802358;9,191430E-1;1,630538E-1;1,531159E-1;9,402622E-1;;
02/12/2021  12:05:22,802458;9,184337E-1;1,073023E-1;1,088855E-1;9,394183E-1;;
02/12/2021  12:05:22,802558;9,183920E-1;1,506292E-1;1,496407E-1;9,385784E-1;;
02/12/2021  12:05:22,802658;9,174502E-1;1,480806E-1;1,483770E-1;9,377436E-1;;
02/12/2021  12:05:22,802758;9,170866E-1;1,531778E-1;1,524841E-1;9,369147E-1;;
02/12/2021  12:05:22,802858;9,159839E-1;1,267357E-1;1,259458E-1;9,360924E-1;;
02/12/2021  12:05:22,802958;9,168542E-1;1,257800E-1;1,063580E-1;9,352775E-1;;
02/12/2021  12:05:22,803058;9,172655E-1;1,213198E-1;1,287892E-1;9,344707E-1;;
02/12/2021  12:05:22,803158;9,168631E-1;1,216384E-1;1,208909E-1;9,336729E-1;;
02/12/2021  12:05:22,803258;9,162551E-1;1,181340E-1;1,183634E-1;9,328848E-1;;
02/12/2021  12:05:22,803358;9,162045E-1;1,200455E-1;1,174156E-1;9,321073E-1;;
02/12/2021  12:05:22,803458;9,168780E-1;1,031608E-1;1,085695E-1;9,313412E-1;;
02/12/2021  12:05:22,803558;9,177781E-1;1,225942E-1;1,436380E-1;9,305873E-1;;
02/12/2021  12:05:22,803658;9,177095E-1;1,388417E-1;1,385831E-1;9,298465E-1;;
02/12/2021  12:05:22,803758;9,184606E-1;1,241871E-1;1,401627E-1;9,291199E-1;;
02/12/2021  12:05:22,803858;9,180493E-1;9,965640E-2;1,092014E-1;9,284086E-1;;
02/12/2021  12:05:22,803958;9,193755E-1;1,190898E-1;1,164678E-1;9,277135E-1;;
02/12/2021  12:05:22,804058;9,202040E-1;1,366117E-1;1,385831E-1;9,270357E-1;;
02/12/2021  12:05:22,804158;9,201474E-1;1,238685E-1;1,344760E-1;9,263765E-1;;
02/12/2021  12:05:22,804258;9,196169E-1;1,108067E-1;1,126766E-1;9,257370E-1;;
02/12/2021  12:05:22,804358;9,201921E-1;4,549780E-2;9,719598E-2;9,251181E-1;;
02/12/2021  12:05:22,804458;9,210892E-1;1,499920E-1;1,679647E-1;9,245209E-1;;
02/12/2021  12:05:22,804558;9,211071E-1;1,114439E-1;1,215227E-1;9,239461E-1;;
02/12/2021  12:05:22,804658;9,214677E-1;1,206827E-1;1,265777E-1;9,233946E-1;;
02/12/2021  12:05:22,804758;9,216286E-1;1,241871E-1;1,240502E-1;9,228672E-1;;
02/12/2021  12:05:22,804858;9,219922E-1;1,452133E-1;1,505885E-1;9,223647E-1;;
02/12/2021  12:05:22,804958;9,229101E-1;1,299215E-1;1,316326E-1;9,218876E-1;;
02/12/2021  12:05:22,805058;9,231307E-1;1,232313E-1;1,284732E-1;9,214365E-1;;
02/12/2021  12:05:22,805158;9,230383E-1;1,302401E-1;1,303688E-1;9,210121E-1;;
02/12/2021  12:05:22,805258;9,231217E-1;1,136739E-1;1,227865E-1;9,206147E-1;;
02/12/2021  12:05:22,805358;9,230532E-1;1,241871E-1;1,129926E-1;9,202446E-1;;
02/12/2021  12:05:22,805458;9,251633E-1;1,232313E-1;1,208909E-1;9,199021E-1;;
02/12/2021  12:05:22,805558;9,250172E-1;1,292843E-1;1,300529E-1;9,195873E-1;;
02/12/2021  12:05:22,805658;9,251484E-1;1,187712E-1;1,231024E-1;9,193005E-1;;
02/12/2021  12:05:22,805758;9,252944E-1;1,385232E-1;1,376353E-1;9,190418E-1;;
02/12/2021  12:05:22,805858;9,255358E-1;1,327887E-1;1,332122E-1;9,188114E-1;;
02/12/2021  12:05:22,805958;9,265521E-1;1,238685E-1;1,325804E-1;9,186089E-1;;
02/12/2021  12:05:22,806058;9,265759E-1;1,184526E-1;1,291051E-1;9,184345E-1;;
02/12/2021  12:05:22,806158;9,265849E-1;1,305587E-1;1,338441E-1;9,182879E-1;;
02/12/2021  12:05:22,806258;9,262153E-1;8,563888E-2;8,392683E-2;9,181687E-1;;
02/12/2021  12:05:22,806358;9,262958E-1;1,257800E-1;1,291051E-1;9,180767E-1;;
02/12/2021  12:05:22,806458;9,270498E-1;1,503106E-1;1,613302E-1;9,180111E-1;;
02/12/2021  12:05:22,806558;9,271988E-1;1,681511E-1;1,692285E-1;9,179713E-1;;
02/12/2021  12:05:22,806658;9,270617E-1;1,101695E-1;1,183634E-1;9,179568E-1;;
02/12/2021  12:05:22,806758;9,266415E-1;1,334259E-1;1,357397E-1;9,179666E-1;;
02/12/2021  12:05:22,806858;9,274819E-1;8,850610E-2;8,803395E-2;9,180001E-1;;
02/12/2021  12:05:22,806958;9,284893E-1;1,276914E-1;1,234183E-1;9,180563E-1;;
02/12/2021  12:05:22,807058;9,284326E-1;1,315144E-1;1,022509E-1;9,181344E-1;;
02/12/2021  12:05:22,807158;9,282926E-1;1,452133E-1;1,370034E-1;9,182336E-1;;
02/12/2021  12:05:22,807258;9,280184E-1;1,512664E-1;1,452176E-1;9,183531E-1;;
02/12/2021  12:05:22,807358;9,289512E-1;1,225942E-1;1,215227E-1;9,184918E-1;;
02/12/2021  12:05:22,807458;9,296546E-1;1,018865E-1;9,593225E-2;9,186490E-1;;
02/12/2021  12:05:22,807558;9,296516E-1;1,181340E-1;1,104651E-1;9,188237E-1;;
02/12/2021  12:05:22,807658;9,299437E-1;1,324701E-1;1,328963E-1;9,190150E-1;;
02/12/2021  12:05:22,807758;9,296099E-1;1,254614E-1;1,174156E-1;9,192222E-1;;
02/12/2021  12:05:22,807858;9,310941E-1;1,464877E-1;1,411105E-1;9,194443E-1;;
02/12/2021  12:05:22,807958;9,320239E-1;1,534964E-1;1,708081E-1;9,196806E-1;;
02/12/2021  12:05:22,808058;9,322951E-1;1,267357E-1;1,237343E-1;9,199303E-1;;
02/12/2021  12:05:22,808158;9,325425E-1;1,155854E-1;9,435259E-2;9,201929E-1;;
02/12/2021  12:05:22,808258;9,321491E-1;1,060280E-1;1,676488E-1;9,204677E-1;;
02/12/2021  12:05:22,808358;9,332548E-1;1,423461E-1;1,398468E-1;9,207542E-1;;
02/12/2021  12:05:22,808458;9,348075E-1;1,292843E-1;1,360556E-1;9,210517E-1;;
02/12/2021  12:05:22,808558;9,347390E-1;1,366117E-1;1,319485E-1;9,213597E-1;;
02/12/2021  12:05:22,808658;9,349386E-1;1,009307E-1;9,782784E-2;9,216778E-1;;
02/12/2021  12:05:22,808758;9,355198E-1;1,299215E-1;9,150920E-2;9,220056E-1;;
02/12/2021  12:05:22,808858;9,364586E-1;1,570008E-1;1,692285E-1;9,223426E-1;;
02/12/2021  12:05:22,808958;9,372066E-1;1,286472E-1;1,259458E-1;9,226886E-1;;
02/12/2021  12:05:22,809058;9,373020E-1;1,267357E-1;1,467973E-1;9,230431E-1;;
02/12/2021  12:05:22,809158;9,372156E-1;1,270543E-1;1,297370E-1;9,234058E-1;;
02/12/2021  12:05:22,809258;9,373944E-1;1,401161E-1;1,265777E-1;9,237765E-1;;
02/12/2021  12:05:22,809358;9,385388E-1;1,429833E-1;1,411105E-1;9,241546E-1;;
02/12/2021  12:05:22,809458;9,391349E-1;1,171783E-1;1,145722E-1;9,245397E-1;;
02/12/2021  12:05:22,809558;9,396416E-1;1,369303E-1;1,433221E-1;9,249314E-1;;
02/12/2021  12:05:22,809658;9,392541E-1;1,439390E-1;1,404787E-1;9,253296E-1;;
02/12/2021  12:05:22,809758;9,406429E-1;1,340630E-1;1,325804E-1;9,257338E-1;;
02/12/2021  12:05:22,809858;9,417784E-1;1,241871E-1;1,616461E-1;9,261438E-1;;
02/12/2021  12:05:22,809958;9,426815E-1;1,184526E-1;1,212068E-1;9,265593E-1;;
02/12/2021  12:05:22,810058;9,425593E-1;1,426647E-1;1,265777E-1;9,269803E-1;;
02/12/2021  12:05:22,810158;9,424460E-1;1,139925E-1;1,253139E-1;9,274067E-1;;
02/12/2021  12:05:22,810258;9,431285E-1;1,331073E-1;1,275255E-1;9,278383E-1;;
02/12/2021  12:05:22,810358;9,437782E-1;4,486064E-2;8,108345E-2;9,282747E-1;;
02/12/2021  12:05:22,810458;9,446693E-1;1,305587E-1;1,300529E-1;9,287159E-1;;
02/12/2021  12:05:22,810558;9,446306E-1;1,343816E-1;1,243661E-1;9,291616E-1;;
02/12/2021  12:05:22,810658;9,441478E-1;1,382046E-1;1,442698E-1;9,296116E-1;;
02/12/2021  12:05:22,810758;9,449435E-1;1,397975E-1;1,442698E-1;9,300656E-1;;
02/12/2021  12:05:22,810858;9,460075E-1;1,203641E-1;1,101492E-1;9,305232E-1;;
02/12/2021  12:05:22,810958;9,464575E-1;1,362931E-1;9,940750E-2;9,309841E-1;;
02/12/2021  12:05:22,811058;9,471161E-1;1,366117E-1;1,291051E-1;9,314481E-1;;
02/12/2021  12:05:22,811158;9,462310E-1;1,334259E-1;1,284732E-1;9,319150E-1;;
02/12/2021  12:05:22,811258;9,471608E-1;1,136739E-1;9,530039E-2;9,323845E-1;;
02/12/2021  12:05:22,811358;9,481563E-1;1,471248E-1;1,502726E-1;9,328562E-1;;
02/12/2021  12:05:22,811458;9,478880E-1;1,238685E-1;1,338441E-1;9,333299E-1;;
02/12/2021  12:05:22,811558;9,482695E-1;1,165411E-1;1,167838E-1;9,338052E-1;;
02/12/2021  12:05:22,811658;9,482457E-1;1,171783E-1;1,142563E-1;9,342819E-1;;
02/12/2021  12:05:22,811758;9,485854E-1;1,499920E-1;1,445858E-1;9,347596E-1;;
02/12/2021  12:05:22,811858;9,503557E-1;1,560451E-1;1,401627E-1;9,352378E-1;;
02/12/2021  12:05:22,811958;9,504273E-1;1,461691E-1;1,303688E-1;9,357163E-1;;
02/12/2021  12:05:22,812058;9,498968E-1;1,410718E-1;1,449017E-1;9,361951E-1;;
02/12/2021  12:05:22,812158;9,499713E-1;1,308772E-1;1,376353E-1;9,366737E-1;;
02/12/2021  12:05:22,812258;9,504213E-1;1,311958E-1;1,306848E-1;9,371518E-1;;
02/12/2021  12:05:22,812358;9,512975E-1;1,225942E-1;1,370034E-1;9,376292E-1;;
02/12/2021  12:05:22,812458;9,511187E-1;1,302401E-1;1,227865E-1;9,381053E-1;;
02/12/2021  12:05:22,812558;9,507044E-1;1,174969E-1;1,319485E-1;9,385800E-1;;
02/12/2021  12:05:22,812658;9,512409E-1;1,187712E-1;1,249980E-1;9,390528E-1;;
02/12/2021  12:05:22,812758;9,519472E-1;9,551486E-2;9,024547E-2;9,395234E-1;;
02/12/2021  12:05:22,812858;9,526923E-1;1,260985E-1;1,344760E-1;9,399912E-1;;
02/12/2021  12:05:22,812958;9,529844E-1;9,742634E-2;1,025668E-1;9,404562E-1;;
02/12/2021  12:05:22,813058;9,518846E-1;9,838208E-2;1,170997E-1;9,409181E-1;;
02/12/2021  12:05:22,813158;9,519532E-1;6,939130E-2;7,508074E-2;9,413766E-1;;
02/12/2021  12:05:22,813258;9,527906E-1;1,174969E-1;1,657532E-1;9,418312E-1;;
02/12/2021  12:05:22,813358;9,531185E-1;9,901924E-2;1,063580E-1;9,422815E-1;;
02/12/2021  12:05:22,813458;9,526327E-1;1,063466E-1;1,082536E-1;9,427273E-1;;
02/12/2021  12:05:22,813558;9,517535E-1;1,152668E-1;1,253139E-1;9,431681E-1;;
02/12/2021  12:05:22,813658;9,521052E-1;9,296622E-2;1,038306E-1;9,436033E-1;;
02/12/2021  12:05:22,813758;9,527370E-1;9,551486E-2;1,136244E-1;9,440326E-1;;
02/12/2021  12:05:22,813858;9,531185E-1;8,117876E-2;9,624818E-2;9,444554E-1;;
02/12/2021  12:05:22,813958;9,526804E-1;9,710776E-2;1,148882E-1;9,448713E-1;;
02/12/2021  12:05:22,814058;9,521588E-1;1,085766E-1;1,161519E-1;9,452800E-1;;
02/12/2021  12:05:22,814158;9,511068E-1;1,015679E-1;9,782784E-2;9,456809E-1;;
02/12/2021  12:05:22,814258;9,521022E-1;1,069837E-1;1,155200E-1;9,460735E-1;;
02/12/2021  12:05:22,814358;9,519263E-1;9,487770E-2;1,092014E-1;9,464572E-1;;
02/12/2021  12:05:22,814458;9,523495E-1;1,251428E-1;1,404787E-1;9,468316E-1;;
02/12/2021  12:05:22,814558;9,514763E-1;1,210013E-1;1,395309E-1;9,471962E-1;;
02/12/2021  12:05:22,814658;9,509220E-1;1,162226E-1;1,231024E-1;9,475506E-1;;
02/12/2021  12:05:22,814758;9,523883E-1;1,834429E-1;1,455336E-1;9,478943E-1;;
02/12/2021  12:05:22,814858;9,523704E-1;1,640096E-1;1,455336E-1;9,482270E-1;;
02/12/2021  12:05:22,814958;9,524539E-1;1,888588E-1;1,610142E-1;9,485485E-1;;
02/12/2021  12:05:22,815058;9,513720E-1;1,573194E-1;1,347919E-1;9,488586E-1;;
02/12/2021  12:05:22,815158;9,521081E-1;2,287862E-2;7,697633E-2;9,491571E-1;;
02/12/2021  12:05:22,815258;9,525701E-1;1,092138E-1;1,512204E-1;9,494439E-1;;
02/12/2021  12:05:22,815358;9,532436E-1;1,429833E-1;1,543797E-1;9,497189E-1;;
02/12/2021  12:05:22,815458;9,529039E-1;1,433019E-1;1,385831E-1;9,499823E-1;;
02/12/2021  12:05:22,815558;9,524390E-1;1,436204E-1;1,388990E-1;9,502341E-1;;
02/12/2021  12:05:22,815658;9,538188E-1;1,308772E-1;1,303688E-1;9,504745E-1;;
02/12/2021  12:05:22,815758;9,545520E-1;1,165411E-1;1,139404E-1;9,507038E-1;;
02/12/2021  12:05:22,815858;9,547189E-1;1,241871E-1;1,328963E-1;9,509224E-1;;
02/12/2021  12:05:22,815958;9,544983E-1;1,178155E-1;1,224705E-1;9,511308E-1;;
02/12/2021  12:05:22,816058;9,536460E-1;1,155854E-1;1,246821E-1;9,513294E-1;;
02/12/2021  12:05:22,816158;9,535148E-1;9,933782E-2;8,771802E-2;9,515185E-1;;
02/12/2021  12:05:22,816258;9,543851E-1;1,283286E-1;1,221546E-1;9,516986E-1;;
02/12/2021  12:05:22,816358;9,536460E-1;1,337445E-1;1,370034E-1;9,518698E-1;;
02/12/2021  12:05:22,816458;9,540692E-1;1,104881E-1;1,180475E-1;9,520324E-1;;
02/12/2021  12:05:22,816558;9,532913E-1;1,178155E-1;1,098333E-1;9,521866E-1;;
02/12/2021  12:05:22,816658;9,535476E-1;1,299215E-1;1,439539E-1;9,523327E-1;;
02/12/2021  12:05:22,816758;9,542003E-1;1,296029E-1;1,509044E-1;9,524709E-1;;
02/12/2021  12:05:22,816858;9,538844E-1;1,159040E-1;1,193112E-1;9,526013E-1;;
02/12/2021  12:05:22,816958;9,538069E-1;1,254614E-1;1,360556E-1;9,527244E-1;;
02/12/2021  12:05:22,817058;9,529814E-1;1,073023E-1;1,224705E-1;9,528402E-1;;
02/12/2021  12:05:22,817158;9,534701E-1;7,512574E-2;9,751191E-2;9,529489E-1;;
02/12/2021  12:05:22,817258;9,541288E-1;1,229127E-1;1,249980E-1;9,530508E-1;;
02/12/2021  12:05:22,817358;9,539231E-1;1,232313E-1;1,272095E-1;9,531460E-1;;
02/12/2021  12:05:22,817458;9,531244E-1;1,111253E-1;1,284732E-1;9,532347E-1;;
02/12/2021  12:05:22,817558;9,523764E-1;1,483991E-1;1,992420E-1;9,533172E-1;;
02/12/2021  12:05:22,817658;9,530231E-1;1,292843E-1;1,670170E-1;9,533934E-1;;
02/12/2021  12:05:22,817758;9,531393E-1;1,276914E-1;1,316326E-1;9,534635E-1;;
02/12/2021  12:05:22,817858;9,528234E-1;1,085766E-1;1,180475E-1;9,535275E-1;;
02/12/2021  12:05:22,817958;9,511515E-1;1,273729E-1;1,291051E-1;9,535855E-1;;
02/12/2021  12:05:22,818058;9,504183E-1;2,128572E-2;5,675668E-2;9,536374E-1;;
02/12/2021  12:05:22,818158;9,507283E-1;1,111253E-1;1,287892E-1;9,536830E-1;;
02/12/2021  12:05:22,818258;9,504541E-1;1,085766E-1;1,170997E-1;9,537218E-1;;
02/12/2021  12:05:22,818358;9,495987E-1;1,238685E-1;1,806020E-1;9,537538E-1;;
02/12/2021  12:05:22,818458;9,483381E-1;1,372488E-1;1,316326E-1;9,537785E-1;;
02/12/2021  12:05:22,818558;9,478940E-1;1,044351E-1;1,117289E-1;9,537955E-1;;
02/12/2021  12:05:22,818658;9,485318E-1;1,111253E-1;1,385831E-1;9,538044E-1;;
02/12/2021  12:05:22,818758;9,486957E-1;1,289658E-1;1,303688E-1;9,538047E-1;;
02/12/2021  12:05:22,818858;9,481682E-1;1,327887E-1;1,370034E-1;9,537963E-1;;
02/12/2021  12:05:22,818958;9,470059E-1;7,417000E-2;9,435259E-2;9,537789E-1;;
02/12/2021  12:05:22,819058;9,467883E-1;1,187712E-1;1,202590E-1;9,537522E-1;;
02/12/2021  12:05:22,819158;9,476913E-1;5,059508E-2;8,550650E-2;9,537161E-1;;
02/12/2021  12:05:22,819258;9,474291E-1;1,159040E-1;1,189953E-1;9,536704E-1;;
02/12/2021  12:05:22,819358;9,470357E-1;7,193994E-2;7,255328E-2;9,536151E-1;;
02/12/2021  12:05:22,819458;9,465558E-1;2,574584E-2;7,413294E-2;9,535502E-1;;
02/12/2021  12:05:22,819558;9,466065E-1;1,178155E-1;1,193112E-1;9,534758E-1;;
02/12/2021  12:05:22,819658;9,479059E-1;8,882468E-2;6,560278E-2;9,533920E-1;;
02/12/2021  12:05:22,819758;9,475751E-1;1,611423E-1;2,106156E-1;9,532991E-1;;
02/12/2021  12:05:22,819858;9,468449E-1;1,267357E-1;1,300529E-1;9,531974E-1;;
02/12/2021  12:05:22,819958;9,453101E-1;9,424054E-2;9,498445E-2;9,530874E-1;;
02/12/2021  12:05:22,820058;9,447885E-1;1,225942E-1;1,370034E-1;9,529692E-1;;
02/12/2021  12:05:22,820158;9,451015E-1;7,958586E-2;1,363715E-1;9,528427E-1;;
02/12/2021  12:05:22,820258;9,447617E-1;1,181340E-1;1,272095E-1;9,527082E-1;;
02/12/2021  12:05:22,820358;9,441388E-1;1,296029E-1;1,259458E-1;9,525656E-1;;
02/12/2021  12:05:22,820458;9,434563E-1;1,235499E-1;1,202590E-1;9,524151E-1;;
02/12/2021  12:05:22,820558;9,427172E-1;2,162567E-1;1,859729E-1;9,522567E-1;;
02/12/2021  12:05:22,820658;9,430927E-1;1,076209E-1;1,155200E-1;9,520904E-1;;
02/12/2021  12:05:22,820758;9,426874E-1;1,136739E-1;1,069899E-1;9,519162E-1;;
02/12/2021  12:05:22,820858;9,423000E-1;1,149482E-1;1,120448E-1;9,517341E-1;;
02/12/2021  12:05:22,820958;9,406042E-1;1,273729E-1;1,259458E-1;9,515443E-1;;
02/12/2021  12:05:22,821058;9,409320E-1;1,225942E-1;1,227865E-1;9,513466E-1;;
02/12/2021  12:05:22,821158;9,417456E-1;1,168597E-1;1,442698E-1;9,511412E-1;;
02/12/2021  12:05:22,821258;9,409171E-1;1,264171E-1;1,259458E-1;9,509280E-1;;
02/12/2021  12:05:22,821358;9,400260E-1;1,353374E-1;1,559593E-1;9,507073E-1;;
02/12/2021  12:05:22,821458;9,395223E-1;1,315144E-1;1,322644E-1;9,504791E-1;;
02/12/2021  12:05:22,821558;9,397071E-1;1,184526E-1;1,218387E-1;9,502437E-1;;
02/12/2021  12:05:22,821658;9,400528E-1;1,044351E-1;1,129926E-1;9,500010E-1;;
02/12/2021  12:05:22,821758;9,401869E-1;1,159040E-1;1,243661E-1;9,497514E-1;;
02/12/2021  12:05:22,821858;9,389322E-1;1,337445E-1;1,215227E-1;9,494952E-1;;
02/12/2021  12:05:22,821958;9,371828E-1;9,551486E-2;1,085695E-1;9,492327E-1;;
02/12/2021  12:05:22,822058;9,372335E-1;1,378860E-1;1,625939E-1;9,489639E-1;;
02/12/2021  12:05:22,822158;9,372692E-1;9,870066E-2;1,139404E-1;9,486890E-1;;
02/12/2021  12:05:22,822258;9,365480E-1;1,203641E-1;1,227865E-1;9,484079E-1;;
02/12/2021  12:05:22,822358;9,356152E-1;1,095324E-1;1,107811E-1;9,481207E-1;;
02/12/2021  12:05:22,822458;9,350668E-1;1,206827E-1;1,379512E-1;9,478274E-1;;
02/12/2021  12:05:22,822558;9,355019E-1;1,353374E-1;1,360556E-1;9,475281E-1;;
02/12/2021  12:05:22,822658;9,354721E-1;1,401161E-1;1,445858E-1;9,472227E-1;;
02/12/2021  12:05:22,822758;9,347449E-1;1,190898E-1;1,376353E-1;9,469115E-1;;
02/12/2021  12:05:22,822858;9,337108E-1;1,260985E-1;1,310007E-1;9,465946E-1;;
02/12/2021  12:05:22,822958;9,328882E-1;1,117624E-1;1,009872E-1;9,462721E-1;;
02/12/2021  12:05:22,823058;9,334366E-1;1,155854E-1;1,139404E-1;9,459441E-1;;
02/12/2021  12:05:22,823158;9,333054E-1;1,324701E-1;1,354238E-1;9,456107E-1;;
02/12/2021  12:05:22,823258;9,330700E-1;1,219570E-1;1,221546E-1;9,452720E-1;;
02/12/2021  12:05:22,823358;9,317527E-1;1,273729E-1;1,240502E-1;9,449283E-1;;
02/12/2021  12:05:22,823458;9,317616E-1;1,187712E-1;1,234183E-1;9,445798E-1;;
02/12/2021  12:05:22,823558;9,322057E-1;1,614609E-1;1,768108E-1;9,442266E-1;;
02/12/2021  12:05:22,823658;9,320239E-1;1,324701E-1;1,347919E-1;9,438691E-1;;
02/12/2021  12:05:22,823758;9,313206E-1;1,143111E-1;1,221546E-1;9,435076E-1;;
02/12/2021  12:05:22,823858;9,299407E-1;5,951532E-2;1,069899E-1;9,431423E-1;;
02/12/2021  12:05:22,823958;9,293655E-1;1,216384E-1;1,328963E-1;9,427736E-1;;
02/12/2021  12:05:22,824058;9,287754E-1;1,509478E-1;1,439539E-1;9,424014E-1;;
02/12/2021  12:05:22,824158;9,290674E-1;9,933782E-2;1,041465E-1;9,420258E-1;;
02/12/2021  12:05:22,824258;9,289989E-1;1,324701E-1;1,310007E-1;9,416469E-1;;
02/12/2021  12:05:22,824358;9,278992E-1;1,359745E-1;1,376353E-1;9,412649E-1;;
02/12/2021  12:05:22,824458;9,276160E-1;1,426647E-1;1,430061E-1;9,408800E-1;;
02/12/2021  12:05:22,824558;9,282359E-1;1,318330E-1;1,183634E-1;9,404922E-1;;
02/12/2021  12:05:22,824658;9,275624E-1;1,088952E-1;8,171531E-2;9,401019E-1;;
02/12/2021  12:05:22,824758;9,274819E-1;1,385232E-1;1,287892E-1;9,397093E-1;;
02/12/2021  12:05:22,824858;9,262779E-1;1,331073E-1;1,373193E-1;9,393146E-1;;
02/12/2021  12:05:22,824958;9,264090E-1;1,410718E-1;1,316326E-1;9,389182E-1;;
02/12/2021  12:05:22,825058;9,273687E-1;1,324701E-1;1,332122E-1;9,385202E-1;;
02/12/2021  12:05:22,825158;9,273806E-1;9,041758E-2;8,961361E-2;9,381211E-1;;
02/12/2021  12:05:22,825258;9,268024E-1;1,194084E-1;1,265777E-1;9,377212E-1;;
02/12/2021  12:05:22,825358;9,264597E-1;1,123996E-1;1,284732E-1;9,373213E-1;;
02/12/2021  12:05:22,825458;9,267458E-1;1,216384E-1;1,189953E-1;9,369216E-1;;
02/12/2021  12:05:22,825558;9,268412E-1;1,117624E-1;1,534319E-1;9,365227E-1;;
02/12/2021  12:05:22,825658;9,269991E-1;1,184526E-1;1,196272E-1;9,361252E-1;;
02/12/2021  12:05:22,825758;9,264865E-1;1,225942E-1;1,354238E-1;9,357296E-1;;
02/12/2021  12:05:22,825858;9,250947E-1;1,257800E-1;1,572231E-1;9,353364E-1;;
02/12/2021  12:05:22,825958;9,256997E-1;9,678918E-2;1,170997E-1;9,349461E-1;;
02/12/2021  12:05:22,826058;9,259977E-1;1,018865E-1;1,133085E-1;9,345590E-1;;
02/12/2021  12:05:22,826158;9,254672E-1;1,123996E-1;1,180475E-1;9,341754E-1;;
02/12/2021  12:05:22,826258;9,249129E-1;6,524976E-2;9,150920E-2;9,337958E-1;;
02/12/2021  12:05:22,826358;9,244122E-1;6,939130E-2;8,550650E-2;9,334204E-1;;
02/12/2021  12:05:22,826458;9,251513E-1;1,104881E-1;1,215227E-1;9,330495E-1;;
02/12/2021  12:05:22,826558;9,250262E-1;9,901924E-2;1,104651E-1;9,326834E-1;;
02/12/2021  12:05:22,826658;9,249815E-1;1,171783E-1;1,505885E-1;9,323223E-1;;
02/12/2021  12:05:22,826758;9,243645E-1;9,965640E-2;1,107811E-1;9,319666E-1;;
02/12/2021  12:05:22,826858;9,232946E-1;1,168597E-1;1,310007E-1;9,316165E-1;;
02/12/2021  12:05:22,826958;9,241529E-1;8,627604E-2;1,246821E-1;9,312722E-1;;
02/12/2021  12:05:22,827058;9,239234E-1;1,101695E-1;1,265777E-1;9,309337E-1;;
02/12/2021  12:05:22,827158;9,238430E-1;1,480806E-1;1,534319E-1;9,306011E-1;;
02/12/2021  12:05:22,827258;9,236850E-1;1,305587E-1;1,360556E-1;9,302748E-1;;
02/12/2021  12:05:22,827358;9,233304E-1;1,251428E-1;1,287892E-1;9,299547E-1;;
02/12/2021  12:05:22,827458;9,246894E-1;1,474434E-1;1,442698E-1;9,296410E-1;;
02/12/2021  12:05:22,827558;9,244688E-1;1,608238E-1;1,411105E-1;9,293339E-1;;
02/12/2021  12:05:22,827658;9,240278E-1;1,385232E-1;1,041465E-1;9,290338E-1;;
02/12/2021  12:05:22,827758;9,236254E-1;1,706997E-1;2,450522E-1;9,287409E-1;;
02/12/2021  12:05:22,827858;9,232380E-1;1,761156E-1;1,556434E-1;9,284553E-1;;
02/12/2021  12:05:22,827958;9,240427E-1;1,745227E-1;1,540637E-1;9,281771E-1;;
02/12/2021  12:05:22,828058;9,237387E-1;1,614609E-1;1,550115E-1;9,279064E-1;;
02/12/2021  12:05:22,828158;9,236701E-1;1,085766E-1;1,073058E-1;9,276434E-1;;
02/12/2021  12:05:22,828258;9,232290E-1;1,372488E-1;1,325804E-1;9,273881E-1;;
02/12/2021  12:05:22,828358;9,230323E-1;1,315144E-1;1,426902E-1;9,271406E-1;;
02/12/2021  12:05:22,828458;9,244033E-1;1,187712E-1;1,613302E-1;9,269008E-1;;
02/12/2021  12:05:22,828558;9,242811E-1;1,088952E-1;1,142563E-1;9,266690E-1;;
02/12/2021  12:05:22,828658;9,245463E-1;1,280100E-1;1,287892E-1;9,264451E-1;;
02/12/2021  12:05:22,828758;9,241470E-1;1,369303E-1;1,303688E-1;9,262296E-1;;
02/12/2021  12:05:22,828858;9,242453E-1;1,362931E-1;1,521681E-1;9,260224E-1;;
02/12/2021  12:05:22,828958;9,259948E-1;1,442576E-1;1,486929E-1;9,258239E-1;;
02/12/2021  12:05:22,829058;9,255209E-1;1,350188E-1;1,392149E-1;9,256341E-1;;
02/12/2021  12:05:22,829158;9,261468E-1;1,257800E-1;1,287892E-1;9,254535E-1;;
02/12/2021  12:05:22,829258;9,261259E-1;1,445762E-1;1,458495E-1;9,252824E-1;;
02/12/2021  12:05:22,829358;9,274670E-1;1,022050E-1;1,189953E-1;9,251212E-1;;
02/12/2021  12:05:22,829458;9,285459E-1;1,426647E-1;1,310007E-1;9,249703E-1;;
02/12/2021  12:05:22,829558;9,289780E-1;1,385232E-1;1,291051E-1;9,248302E-1;;
02/12/2021  12:05:22,829658;9,294459E-1;1,458505E-1;1,613302E-1;9,247016E-1;;
02/12/2021  12:05:22,829758;9,296695E-1;1,229127E-1;1,338441E-1;9,245851E-1;;
02/12/2021  12:05:22,829858;9,306053E-1;1,257800E-1;1,177316E-1;9,244814E-1;;
02/12/2021  12:05:22,829958;9,314547E-1;1,270543E-1;1,433221E-1;9,243909E-1;;
02/12/2021  12:05:22,830058;9,319971E-1;1,292843E-1;1,243661E-1;9,243144E-1;;
02/12/2021  12:05:22,830158;9,324441E-1;1,436204E-1;1,531159E-1;9,242525E-1;;
02/12/2021  12:05:22,830258;9,330163E-1;1,356559E-1;1,322644E-1;9,242057E-1;;
02/12/2021  12:05:22,830358;9,342681E-1;1,385232E-1;1,246821E-1;9,241746E-1;;
02/12/2021  12:05:22,830458;9,357165E-1;1,165411E-1;1,328963E-1;9,241599E-1;;
02/12/2021  12:05:22,830558;9,369563E-1;1,474434E-1;1,426902E-1;9,241621E-1;;
02/12/2021  12:05:22,830658;9,367030E-1;1,264171E-1;1,212068E-1;9,241822E-1;;
02/12/2021  12:05:22,830758;9,373944E-1;8,309024E-2;1,553275E-1;9,242207E-1;;
02/12/2021  12:05:22,830858;9,388190E-1;1,522221E-1;2,235688E-1;9,242783E-1;;
02/12/2021  12:05:22,830958;9,397578E-1;1,474434E-1;1,385831E-1;9,243555E-1;;
02/12/2021  12:05:22,831058;9,408426E-1;1,541336E-1;1,373193E-1;9,244529E-1;;
02/12/2021  12:05:22,831158;9,413463E-1;1,267357E-1;1,246821E-1;9,245711E-1;;
02/12/2021  12:05:22,831258;9,418321E-1;1,334259E-1;1,221546E-1;9,247106E-1;;
02/12/2021  12:05:22,831358;9,429705E-1;1,356559E-1;1,445858E-1;9,248718E-1;;
02/12/2021  12:05:22,831458;9,438110E-1;1,388417E-1;1,385831E-1;9,250551E-1;;
02/12/2021  12:05:22,831558;9,442402E-1;1,296029E-1;1,335282E-1;9,252608E-1;;
02/12/2021  12:05:22,831658;9,442491E-1;1,426647E-1;1,363715E-1;9,254891E-1;;
02/12/2021  12:05:22,831758;9,444845E-1;1,187712E-1;9,624818E-2;9,257400E-1;;
02/12/2021  12:05:22,831858;9,456171E-1;1,308772E-1;1,310007E-1;9,260134E-1;;
02/12/2021  12:05:22,831958;9,464903E-1;1,315144E-1;1,275255E-1;9,263091E-1;;
02/12/2021  12:05:22,832058;9,460075E-1;1,254614E-1;1,310007E-1;9,266268E-1;;
02/12/2021  12:05:22,832158;9,461714E-1;1,028422E-1;1,013031E-1;9,269663E-1;;
02/12/2021  12:05:22,832258;9,462876E-1;1,251428E-1;1,262617E-1;9,273268E-1;;
02/12/2021  12:05:22,832358;9,477092E-1;1,267357E-1;1,496407E-1;9,277079E-1;;
02/12/2021  12:05:22,832458;9,477957E-1;1,321516E-1;1,215227E-1;9,281086E-1;;
02/12/2021  12:05:22,832558;9,485735E-1;1,190898E-1;1,243661E-1;9,285284E-1;;
02/12/2021  12:05:22,832658;9,480996E-1;1,270543E-1;9,372073E-2;9,289666E-1;;
02/12/2021  12:05:22,832758;9,480311E-1;1,519035E-1;1,477451E-1;9,294221E-1;;
02/12/2021  12:05:22,832858;9,492292E-1;1,289658E-1;1,224705E-1;9,298941E-1;;
02/12/2021  12:05:22,832958;9,495689E-1;1,229127E-1;1,275255E-1;9,303815E-1;;
02/12/2021  12:05:22,833058;9,496852E-1;1,375674E-1;1,332122E-1;9,308833E-1;;
02/12/2021  12:05:22,833158;9,496852E-1;1,474434E-1;1,407946E-1;9,313986E-1;;
02/12/2021  12:05:22,833258;9,505286E-1;1,206827E-1;1,253139E-1;9,319263E-1;;
02/12/2021  12:05:22,833358;9,510084E-1;1,216384E-1;1,050943E-1;9,324653E-1;;
02/12/2021  12:05:22,833458;9,511574E-1;7,130278E-2;1,006712E-1;9,330146E-1;;
02/12/2021  12:05:22,833558;9,514286E-1;1,296029E-1;1,306848E-1;9,335731E-1;;
02/12/2021  12:05:22,833658;9,511336E-1;1,340630E-1;1,300529E-1;9,341399E-1;;
02/12/2021  12:05:22,833758;9,513243E-1;9,105474E-2;6,560278E-2;9,347138E-1;;
02/12/2021  12:05:22,833858;9,514882E-1;1,251428E-1;1,278414E-1;9,352935E-1;;
02/12/2021  12:05:22,833958;9,517773E-1;1,190898E-1;1,328963E-1;9,358781E-1;;
02/12/2021  12:05:22,834058;9,518876E-1;1,382046E-1;1,382671E-1;9,364663E-1;;
02/12/2021  12:05:22,834158;9,511485E-1;1,104881E-1;1,035146E-1;9,370568E-1;;
02/12/2021  12:05:22,834258;9,519353E-1;-5,262484E-2;3,906449E-2;9,376486E-1;;
02/12/2021  12:05:22,834358;9,525552E-1;1,480806E-1;1,742834E-1;9,382405E-1;;
02/12/2021  12:05:22,834458;9,522929E-1;1,401161E-1;1,417424E-1;9,388313E-1;;
02/12/2021  12:05:22,834558;9,521141E-1;5,887816E-2;7,666040E-2;9,394200E-1;;
02/12/2021  12:05:22,834658;9,517952E-1;1,114439E-1;1,227865E-1;9,400055E-1;;
02/12/2021  12:05:22,834758;9,519562E-1;1,273729E-1;1,212068E-1;9,405867E-1;;
02/12/2021  12:05:22,834858;9,527429E-1;1,385232E-1;1,395309E-1;9,411626E-1;;
02/12/2021  12:05:22,834958;9,528294E-1;1,337445E-1;1,338441E-1;9,417322E-1;;
02/12/2021  12:05:22,835058;9,528979E-1;1,618844E-2;8,803395E-2;9,422946E-1;;
02/12/2021  12:05:22,835158;9,527787E-1;1,292843E-1;1,297370E-1;9,428490E-1;;
02/12/2021  12:05:22,835258;9,540036E-1;1,378860E-1;1,249980E-1;9,433947E-1;;
02/12/2021  12:05:22,835358;9,541526E-1;1,267357E-1;1,335282E-1;9,439310E-1;;
02/12/2021  12:05:22,835458;9,542480E-1;1,359745E-1;1,572231E-1;9,444576E-1;;
02/12/2021  12:05:22,835558;9,541109E-1;1,276914E-1;1,234183E-1;9,449739E-1;;
02/12/2021  12:05:22,835658;9,544030E-1;1,206827E-1;1,246821E-1;9,454795E-1;;
02/12/2021  12:05:22,835758;9,546146E-1;1,222756E-1;1,458495E-1;9,459741E-1;;
02/12/2021  12:05:22,835858;9,552375E-1;1,337445E-1;1,297370E-1;9,464574E-1;;
02/12/2021  12:05:22,835958;9,558276E-1;1,264171E-1;1,240502E-1;9,469292E-1;;
02/12/2021  12:05:22,836058;9,549156E-1;1,123996E-1;1,167838E-1;9,473892E-1;;
02/12/2021  12:05:22,836158;9,554312E-1;8,022302E-2;1,013031E-1;9,478375E-1;;
02/12/2021  12:05:22,836258;9,563014E-1;1,289658E-1;1,272095E-1;9,482739E-1;;
02/12/2021  12:05:22,836358;9,567753E-1;1,238685E-1;1,208909E-1;9,486984E-1;;
02/12/2021  12:05:22,836458;9,567187E-1;1,206827E-1;1,281573E-1;9,491110E-1;;
02/12/2021  12:05:22,836558;9,564981E-1;4,517922E-2;1,069899E-1;9,495120E-1;;
02/12/2021  12:05:22,836658;9,569094E-1;1,366117E-1;1,316326E-1;9,499015E-1;;
02/12/2021  12:05:22,836758;9,580151E-1;1,079395E-1;1,170997E-1;9,502795E-1;;
02/12/2021  12:05:22,836858;9,579078E-1;1,178155E-1;1,227865E-1;9,506464E-1;;
02/12/2021  12:05:22,836958;9,585605E-1;1,210013E-1;1,291051E-1;9,510024E-1;;
02/12/2021  12:05:22,837058;9,582923E-1;2,861306E-2;7,666040E-2;9,513480E-1;;
02/12/2021  12:05:22,837158;9,594456E-1;1,203641E-1;1,237343E-1;9,516835E-1;;
02/12/2021  12:05:22,837258;9,598033E-1;5,409946E-2;7,413294E-2;9,520093E-1;;
02/12/2021  12:05:22,837358;9,601103E-1;1,343816E-1;1,316326E-1;9,523260E-1;;
02/12/2021  12:05:22,837458;9,595529E-1;1,225942E-1;1,155200E-1;9,526341E-1;;
02/12/2021  12:05:22,837558;9,593145E-1;1,359745E-1;1,186794E-1;9,529340E-1;;
02/12/2021  12:05:22,837658;9,596483E-1;1,238685E-1;1,401627E-1;9,532260E-1;;
02/12/2021  12:05:22,837758;9,595738E-1;8,850610E-2;1,076217E-1;9,535103E-1;;
02/12/2021  12:05:22,837858;9,598569E-1;1,197269E-1;1,297370E-1;9,537874E-1;;
02/12/2021  12:05:22,837958;9,594844E-1;1,245056E-1;1,215227E-1;9,540572E-1;;
02/12/2021  12:05:22,838058;9,591476E-1;5,792242E-2;1,044624E-1;9,543201E-1;;
02/12/2021  12:05:22,838158;9,593741E-1;3,084312E-2;9,909157E-2;9,545761E-1;;
02/12/2021  12:05:22,838258;9,595082E-1;1,037979E-1;1,152041E-1;9,548253E-1;;
02/12/2021  12:05:22,838358;9,588436E-1;8,659462E-2;8,455870E-2;9,550676E-1;;
02/12/2021  12:05:22,838458;9,579078E-1;1,079395E-1;1,148882E-1;9,553031E-1;;
02/12/2021  12:05:22,838558;9,575591E-1;1,041165E-1;1,110970E-1;9,555315E-1;;
02/12/2021  12:05:22,838658;9,578542E-1;1,155854E-1;1,208909E-1;9,557527E-1;;
02/12/2021  12:05:22,838758;9,571896E-1;1,260985E-1;1,774427E-1;9,559662E-1;;
02/12/2021  12:05:22,838858;9,566918E-1;9,583344E-2;1,063580E-1;9,561718E-1;;
02/12/2021  12:05:22,838958;9,560988E-1;9,615202E-2;1,088855E-1;9,563690E-1;;
02/12/2021  12:05:22,839058;9,557948E-1;9,296622E-2;1,025668E-1;9,565575E-1;;
02/12/2021  12:05:22,839158;9,567842E-1;8,723178E-2;9,466852E-2;9,567368E-1;;
02/12/2021  12:05:22,839258;9,565041E-1;8,277166E-2;1,186794E-1;9,569065E-1;;
02/12/2021  12:05:22,839358;9,557382E-1;1,028422E-1;1,057261E-1;9,570665E-1;;
02/12/2021  12:05:22,839458;9,550020E-1;9,232906E-2;1,047783E-1;9,572165E-1;;
02/12/2021  12:05:22,839558;9,547815E-1;2,489498E-3;7,508074E-2;9,573561E-1;;
02/12/2021  12:05:22,839658;9,545520E-1;9,328480E-2;1,092014E-1;9,574850E-1;;
02/12/2021  12:05:22,839758;9,546950E-1;1,057094E-1;1,234183E-1;9,576030E-1;;
02/12/2021  12:05:22,839858;9,536400E-1;8,595746E-2;1,016190E-1;9,577096E-1;;
02/12/2021  12:05:22,839958;9,530916E-1;4,231200E-2;7,760819E-2;9,578046E-1;;
02/12/2021  12:05:22,840058;9,527668E-1;1,028422E-1;1,259458E-1;9,578877E-1;;
02/12/2021  12:05:22,840158;9,526774E-1;1,410718E-1;1,404787E-1;9,579585E-1;;
02/12/2021  12:05:22,840258;9,525790E-1;1,238685E-1;1,297370E-1;9,580168E-1;;
02/12/2021  12:05:22,840358;9,516313E-1;1,665582E-1;1,963986E-1;9,580623E-1;;
02/12/2021  12:05:22,840458;9,506716E-1;1,490363E-1;1,354238E-1;9,580948E-1;;
02/12/2021  12:05:22,840558;9,507253E-1;1,770713E-1;1,588027E-1;9,581140E-1;;
02/12/2021  12:05:22,840658;9,524896E-1;1,541336E-1;1,436380E-1;9,581197E-1;;
02/12/2021  12:05:22,840758;9,509577E-1;1,570008E-1;1,502726E-1;9,581118E-1;;
02/12/2021  12:05:22,840858;9,507104E-1;1,487177E-1;1,556434E-1;9,580905E-1;;
02/12/2021  12:05:22,840958;9,501918E-1;1,321516E-1;1,499566E-1;9,580559E-1;;
02/12/2021  12:05:22,841058;9,501113E-1;1,490363E-1;1,464814E-1;9,580080E-1;;
02/12/2021  12:05:22,841158;9,508862E-1;1,547707E-1;1,695444E-1;9,579469E-1;;
02/12/2021  12:05:22,841258;9,500726E-1;1,190898E-1;1,218387E-1;9,578729E-1;;
02/12/2021  12:05:22,841358;9,493543E-1;1,276914E-1;1,319485E-1;9,577863E-1;;
02/12/2021  12:05:22,841458;9,471787E-1;1,022050E-1;1,155200E-1;9,576873E-1;;
02/12/2021  12:05:22,841558;9,473695E-1;1,401161E-1;1,559593E-1;9,575758E-1;;
02/12/2021  12:05:22,841658;9,473367E-1;1,031608E-1;1,117289E-1;9,574519E-1;;
02/12/2021  12:05:22,841758;9,463085E-1;1,210013E-1;1,199431E-1;9,573156E-1;;
02/12/2021  12:05:22,841858;9,449614E-1;1,308772E-1;1,303688E-1;9,571667E-1;;
02/12/2021  12:05:22,841958;9,432924E-1;1,324701E-1;1,366875E-1;9,570052E-1;;
02/12/2021  12:05:22,842058;9,429854E-1;1,079395E-1;1,202590E-1;9,568308E-1;;
02/12/2021  12:05:22,842158;9,432775E-1;1,219570E-1;1,231024E-1;9,566431E-1;;
02/12/2021  12:05:22,842258;9,419841E-1;1,315144E-1;1,101492E-1;9,564419E-1;;
02/12/2021  12:05:22,842358;9,405982E-1;1,200455E-1;1,205749E-1;9,562270E-1;;
02/12/2021  12:05:22,842458;9,391915E-1;1,002936E-1;1,133085E-1;9,559981E-1;;
02/12/2021  12:05:22,842558;9,394717E-1;1,229127E-1;1,243661E-1;9,557547E-1;;
02/12/2021  12:05:22,842658;9,391975E-1;1,270543E-1;1,237343E-1;9,554967E-1;;
02/12/2021  12:05:22,842758;9,387028E-1;1,299215E-1;1,338441E-1;9,552238E-1;;
02/12/2021  12:05:22,842858;9,374331E-1;1,139925E-1;1,199431E-1;9,549359E-1;;
02/12/2021  12:05:22,842958;9,371560E-1;1,219570E-1;1,231024E-1;9,546330E-1;;
02/12/2021  12:05:22,843058;9,377222E-1;1,136739E-1;1,275255E-1;9,543151E-1;;
02/12/2021  12:05:22,843158;9,379040E-1;1,554079E-1;1,891322E-1;9,539824E-1;;
02/12/2021  12:05:22,843258;9,371232E-1;1,321516E-1;1,139404E-1;9,536352E-1;;
02/12/2021  12:05:22,843358;9,361218E-1;1,213198E-1;1,237343E-1;9,532740E-1;;
02/12/2021  12:05:22,843458;9,354244E-1;1,213198E-1;1,262617E-1;9,528991E-1;;
02/12/2021  12:05:22,843558;9,352695E-1;1,369303E-1;1,903959E-1;9,525111E-1;;
02/12/2021  12:05:22,843658;9,354006E-1;1,257800E-1;1,268936E-1;9,521102E-1;;
02/12/2021  12:05:22,843758;9,345810E-1;1,018865E-1;1,095173E-1;9,516970E-1;;
02/12/2021  12:05:22,843858;9,335975E-1;1,241871E-1;1,268936E-1;9,512721E-1;;
02/12/2021  12:05:22,843958;9,331803E-1;1,276914E-1;1,310007E-1;9,508359E-1;;
02/12/2021  12:05:22,844058;9,338240E-1;1,347002E-1;1,625939E-1;9,503890E-1;;
02/12/2021  12:05:22,844158;9,339849E-1;1,187712E-1;1,310007E-1;9,499319E-1;;
02/12/2021  12:05:22,844258;9,333352E-1;1,190898E-1;1,265777E-1;9,494654E-1;;
02/12/2021  12:05:22,844358;9,320418E-1;1,299215E-1;1,325804E-1;9,489903E-1;;
02/12/2021  12:05:22,844458;9,311984E-1;1,445762E-1;1,471132E-1;9,485073E-1;;
02/12/2021  12:05:22,844558;9,323011E-1;1,401161E-1;1,363715E-1;9,480169E-1;;
02/12/2021  12:05:22,844658;9,326915E-1;1,178155E-1;1,212068E-1;9,475199E-1;;
02/12/2021  12:05:22,844758;9,320239E-1;1,200455E-1;1,215227E-1;9,470172E-1;;
02/12/2021  12:05:22,844858;9,313206E-1;1,321516E-1;1,256299E-1;9,465095E-1;;
02/12/2021  12:05:22,844958;9,313623E-1;1,541336E-1;1,673329E-1;9,459979E-1;;
02/12/2021  12:05:22,845058;9,327720E-1;1,270543E-1;1,095173E-1;9,454830E-1;;
02/12/2021  12:05:22,845158;9,317706E-1;1,146297E-1;1,246821E-1;9,449660E-1;;
02/12/2021  12:05:22,845258;9,308526E-1;1,232313E-1;1,398468E-1;9,444477E-1;;
02/12/2021  12:05:22,845358;9,299168E-1;1,401161E-1;1,606983E-1;9,439292E-1;;
02/12/2021  12:05:22,845458;9,295801E-1;1,213198E-1;1,152041E-1;9,434110E-1;;
02/12/2021  12:05:22,845558;9,303698E-1;1,340630E-1;1,341600E-1;9,428938E-1;;
02/12/2021  12:05:22,845658;9,294966E-1;1,171783E-1;1,224705E-1;9,423781E-1;;
02/12/2021  12:05:22,845758;9,292731E-1;1,337445E-1;1,360556E-1;9,418647E-1;;
02/12/2021  12:05:22,845858;9,282389E-1;1,194084E-1;1,363715E-1;9,413542E-1;;
02/12/2021  12:05:22,845958;9,281734E-1;1,152668E-1;1,243661E-1;9,408469E-1;;
02/12/2021  12:05:22,846058;9,294400E-1;6,047106E-2;9,466852E-2;9,403433E-1;;
02/12/2021  12:05:22,846158;9,294698E-1;1,289658E-1;1,281573E-1;9,398440E-1;;
02/12/2021  12:05:22,846258;9,288409E-1;1,232313E-1;1,110970E-1;9,393496E-1;;
02/12/2021  12:05:22,846358;9,279588E-1;1,270543E-1;1,104651E-1;9,388608E-1;;
02/12/2021  12:05:22,846458;9,282181E-1;1,206827E-1;1,079377E-1;9,383780E-1;;
02/12/2021  12:05:22,846558;9,291837E-1;9,519628E-2;1,199431E-1;9,379018E-1;;
02/12/2021  12:05:22,846658;9,297291E-1;1,331073E-1;1,313166E-1;9,374327E-1;;
02/12/2021  12:05:22,846758;9,292522E-1;1,321516E-1;1,249980E-1;9,369713E-1;;
02/12/2021  12:05:22,846858;9,280959E-1;1,815315E-1;1,783905E-1;9,365183E-1;;
02/12/2021  12:05:22,846958;9,294757E-1;1,280100E-1;1,161519E-1;9,360744E-1;;
02/12/2021  12:05:22,847058;9,305636E-1;1,413904E-1;1,354238E-1;9,356399E-1;;
02/12/2021  12:05:22,847158;9,304801E-1;1,480806E-1;1,442698E-1;9,352157E-1;;
02/12/2021  12:05:22,847258;9,301046E-1;1,073023E-1;1,265777E-1;9,348025E-1;;
02/12/2021  12:05:22,847358;9,293595E-1;1,302401E-1;1,338441E-1;9,344008E-1;;
02/12/2021  12:05:22,847458;9,295324E-1;1,305587E-1;1,158360E-1;9,340113E-1;;
02/12/2021  12:05:22,847558;9,301463E-1;1,777085E-1;2,001898E-1;9,336343E-1;;
02/12/2021  12:05:22,847658;9,307454E-1;1,276914E-1;1,287892E-1;9,332702E-1;;
02/12/2021  12:05:22,847758;9,291449E-1;1,426647E-1;1,354238E-1;9,329194E-1;;
02/12/2021  12:05:22,847858;9,290168E-1;1,445762E-1;1,325804E-1;9,325822E-1;;
02/12/2021  12:05:22,847958;9,299943E-1;1,286472E-1;1,351078E-1;9,322586E-1;;
02/12/2021  12:05:22,848058;9,299973E-1;1,311958E-1;1,385831E-1;9,319490E-1;;
02/12/2021  12:05:22,848158;9,307752E-1;1,331073E-1;1,265777E-1;9,316532E-1;;
02/12/2021  12:05:22,848258;9,298691E-1;1,286472E-1;1,471132E-1;9,313717E-1;;
02/12/2021  12:05:22,848358;9,291479E-1;1,216384E-1;1,262617E-1;9,311044E-1;;
02/12/2021  12:05:22,848458;9,300152E-1;1,448948E-1;1,414265E-1;9,308513E-1;;
02/12/2021  12:05:22,848558;9,313951E-1;1,369303E-1;1,303688E-1;9,306124E-1;;
02/12/2021  12:05:22,848658;9,310941E-1;1,254614E-1;1,306848E-1;9,303877E-1;;
02/12/2021  12:05:22,848758;9,308646E-1;1,372488E-1;1,385831E-1;9,301773E-1;;
02/12/2021  12:05:22,848858;9,306172E-1;1,162226E-1;1,161519E-1;9,299813E-1;;
02/12/2021  12:05:22,848958;9,321610E-1;1,267357E-1;1,332122E-1;9,297995E-1;;
02/12/2021  12:05:22,849058;9,327422E-1;1,194084E-1;1,243661E-1;9,296322E-1;;
02/12/2021  12:05:22,849158;9,329687E-1;1,382046E-1;1,663851E-1;9,294793E-1;;
02/12/2021  12:05:22,849258;9,325037E-1;1,547707E-1;1,385831E-1;9,293411E-1;;
02/12/2021  12:05:22,849358;9,321938E-1;1,305587E-1;1,262617E-1;9,292176E-1;;
02/12/2021  12:05:22,849458;9,336780E-1;1,302401E-1;1,300529E-1;9,291087E-1;;
02/12/2021  12:05:22,849558;9,343575E-1;1,302401E-1;1,341600E-1;9,290145E-1;;
02/12/2021  12:05:22,849658;9,350877E-1;1,404346E-1;1,531159E-1;9,289351E-1;;
02/12/2021  12:05:22,849758;9,345125E-1;1,732484E-1;1,768108E-1;9,288706E-1;;
02/12/2021  12:05:22,849858;9,348254E-1;1,257800E-1;1,234183E-1;9,288210E-1;;
02/12/2021  12:05:22,849958;9,364556E-1;2,000091E-1;1,875525E-1;9,287865E-1;;
02/12/2021  12:05:22,850058;9,374004E-1;1,296029E-1;1,316326E-1;9,287670E-1;;
02/12/2021  12:05:22,850158;9,375762E-1;1,541336E-1;1,471132E-1;9,287629E-1;;
02/12/2021  12:05:22,850258;9,372424E-1;1,423461E-1;1,477451E-1;9,287743E-1;;
02/12/2021  12:05:22,850358;9,386312E-1;4,517922E-2;3,748483E-2;9,288014E-1;;
02/12/2021  12:05:22,850458;9,398651E-1;1,146297E-1;1,000394E-1;9,288442E-1;;
02/12/2021  12:05:22,850558;9,404462E-1;1,385232E-1;1,414265E-1;9,289031E-1;;
02/12/2021  12:05:22,850658;9,410453E-1;1,114439E-1;1,019350E-1;9,289783E-1;;
02/12/2021  12:05:22,850758;9,409976E-1;9,615202E-2;9,466852E-2;9,290701E-1;;
02/12/2021  12:05:22,850858;9,412062E-1;1,047537E-1;1,044624E-1;9,291785E-1;;
02/12/2021  12:05:22,850958;9,428096E-1;1,194084E-1;1,117289E-1;9,293037E-1;;
02/12/2021  12:05:22,851058;9,433997E-1;1,267357E-1;1,588027E-1;9,294458E-1;;
02/12/2021  12:05:22,851158;9,436620E-1;1,130368E-1;1,253139E-1;9,296048E-1;;
02/12/2021  12:05:22,851258;9,431434E-1;1,120810E-1;1,129926E-1;9,297809E-1;;
02/12/2021  12:05:22,851358;9,440226E-1;1,197269E-1;1,202590E-1;9,299738E-1;;
02/12/2021  12:05:22,851458;9,448750E-1;1,053908E-1;1,041465E-1;9,301835E-1;;
02/12/2021  12:05:22,851558;9,460105E-1;1,066652E-1;1,174156E-1;9,304097E-1;;
02/12/2021  12:05:22,851658;9,461028E-1;9,232906E-2;1,035146E-1;9,306524E-1;;
02/12/2021  12:05:22,851758;9,454889E-1;9,678918E-2;1,082536E-1;9,309113E-1;;
02/12/2021  12:05:22,851858;9,461833E-1;1,852338E-3;5,580889E-2;9,311861E-1;;
02/12/2021  12:05:22,851958;9,475364E-1;1,550893E-1;1,938712E-1;9,314764E-1;;
02/12/2021  12:05:22,852058;9,480013E-1;1,130368E-1;1,158360E-1;9,317819E-1;;
02/12/2021  12:05:22,852158;9,478851E-1;1,159040E-1;1,253139E-1;9,321022E-1;;
02/12/2021  12:05:22,852258;9,470655E-1;1,076209E-1;1,218387E-1;9,324369E-1;;
02/12/2021  12:05:22,852358;9,486033E-1;1,149482E-1;1,442698E-1;9,327854E-1;;
02/12/2021  12:05:22,852458;9,491040E-1;1,098510E-1;1,294210E-1;9,331470E-1;;
02/12/2021  12:05:22,852558;9,495928E-1;1,047537E-1;1,189953E-1;9,335212E-1;;
02/12/2021  12:05:22,852658;9,492381E-1;1,350188E-1;1,531159E-1;9,339075E-1;;
02/12/2021  12:05:22,852758;9,486331E-1;1,455319E-1;1,518522E-1;9,343051E-1;;
02/12/2021  12:05:22,852858;9,489282E-1;1,136739E-1;1,202590E-1;9,347134E-1;;
02/12/2021  12:05:22,852958;9,493514E-1;1,353374E-1;1,363715E-1;9,351312E-1;;
02/12/2021  12:05:22,853058;9,490742E-1;1,506292E-1;1,370034E-1;9,355578E-1;;
02/12/2021  12:05:22,853158;9,476973E-1;1,544522E-1;1,234183E-1;9,359921E-1;;
02/12/2021  12:05:22,853258;9,466035E-1;4,868360E-2;7,918786E-2;9,364328E-1;;
02/12/2021  12:05:22,853358;9,466453E-1;1,770713E-1;1,524841E-1;9,368786E-1;;
02/12/2021  12:05:22,853458;9,463383E-1;1,503106E-1;1,505885E-1;9,373278E-1;;
02/12/2021  12:05:22,853558;9,457392E-1;1,585937E-1;1,588027E-1;9,377790E-1;;
02/12/2021  12:05:22,853658;9,441180E-1;1,601866E-1;1,490088E-1;9,382305E-1;;
02/12/2021  12:05:22,853758;9,434951E-1;9,742634E-2;1,477451E-1;9,386804E-1;;
02/12/2021  12:05:22,853858;9,437275E-1;9,615202E-2;1,073058E-1;9,391270E-1;;
02/12/2021  12:05:22,853958;9,438199E-1;1,210013E-1;1,205749E-1;9,395685E-1;;
02/12/2021  12:05:22,854058;9,431315E-1;1,468062E-1;1,493248E-1;9,400031E-1;;
02/12/2021  12:05:22,854158;9,416354E-1;1,757970E-1;1,878685E-1;9,404293E-1;;
02/12/2021  12:05:22,854258;9,417158E-1;1,079395E-1;1,180475E-1;9,408454E-1;;
02/12/2021  12:05:22,854358;9,423417E-1;1,120810E-1;1,186794E-1;9,412499E-1;;
02/12/2021  12:05:22,854458;9,420556E-1;1,356559E-1;1,404787E-1;9,416414E-1;;
02/12/2021  12:05:22,854558;9,421510E-1;1,353374E-1;1,322644E-1;9,420185E-1;;
02/12/2021  12:05:22,854658;9,408068E-1;1,181340E-1;1,177316E-1;9,423803E-1;;
02/12/2021  12:05:22,854758;9,409678E-1;1,299215E-1;1,486929E-1;9,427258E-1;;
02/12/2021  12:05:22,854858;9,416592E-1;5,282514E-2;9,561632E-2;9,430539E-1;;
02/12/2021  12:05:22,854958;9,419930E-1;1,245056E-1;1,341600E-1;9,433639E-1;;
02/12/2021  12:05:22,855058;9,409201E-1;1,337445E-1;1,180475E-1;9,436553E-1;;
02/12/2021  12:05:22,855158;9,394270E-1;1,149482E-1;1,009872E-1;9,439275E-1;;
02/12/2021  12:05:22,855258;9,391438E-1;6,397544E-2;7,634447E-2;9,441801E-1;;
02/12/2021  12:05:22,855358;9,394091E-1;1,152668E-1;9,214107E-2;9,444123E-1;;
02/12/2021  12:05:22,855458;9,386610E-1;1,404346E-1;1,363715E-1;9,446238E-1;;
02/12/2021  12:05:22,855558;9,381454E-1;1,420275E-1;1,319485E-1;9,448140E-1;;
02/12/2021  12:05:22,855658;9,369027E-1;1,069837E-1;1,142563E-1;9,449825E-1;;
02/12/2021  12:05:22,855758;9,365748E-1;1,190898E-1;1,044624E-1;9,451291E-1;;
02/12/2021  12:05:22,855858;9,370368E-1;1,241871E-1;1,170997E-1;9,452532E-1;;
02/12/2021  12:05:22,855958;9,364586E-1;1,203641E-1;1,208909E-1;9,453547E-1;;
02/12/2021  12:05:22,856058;9,358327E-1;1,165411E-1;1,189953E-1;9,454335E-1;;
02/12/2021  12:05:22,856158;9,349178E-1;1,286472E-1;1,275255E-1;9,454894E-1;;
02/12/2021  12:05:22,856258;9,351920E-1;1,448948E-1;1,376353E-1;9,455225E-1;;
02/12/2021  12:05:22,856358;9,354870E-1;8,850610E-2;1,764949E-1;9,455327E-1;;
02/12/2021  12:05:22,856458;9,357552E-1;8,149734E-2;8,834988E-2;9,455204E-1;;
02/12/2021  12:05:22,856558;9,346555E-1;1,155854E-1;1,202590E-1;9,454860E-1;;
02/12/2021  12:05:22,856658;9,339760E-1;1,292843E-1;1,294210E-1;9,454298E-1;;
02/12/2021  12:05:22,856758;9,347449E-1;1,149482E-1;1,110970E-1;9,453524E-1;;
02/12/2021  12:05:22,856858;9,341369E-1;1,213198E-1;1,347919E-1;9,452542E-1;;
02/12/2021  12:05:22,856958;9,339432E-1;1,337445E-1;1,272095E-1;9,451358E-1;;
02/12/2021  12:05:22,857058;9,323219E-1;1,168597E-1;1,249980E-1;9,449979E-1;;
02/12/2021  12:05:22,857158;9,314755E-1;9,105474E-2;1,145722E-1;9,448411E-1;;
02/12/2021  12:05:22,857258;9,315620E-1;1,276914E-1;1,300529E-1;9,446657E-1;;
02/12/2021  12:05:22,857358;9,313831E-1;1,152668E-1;1,240502E-1;9,444721E-1;;
02/12/2021  12:05:22,857458;9,306083E-1;1,187712E-1;1,234183E-1;9,442609E-1;;
02/12/2021  12:05:22,857558;9,297976E-1;7,863012E-2;8,803395E-2;9,440326E-1;;
02/12/2021  12:05:22,857658;9,284237E-1;1,050723E-1;8,234717E-2;9,437876E-1;;
02/12/2021  12:05:22,857758;9,288171E-1;1,229127E-1;1,363715E-1;9,435263E-1;;
02/12/2021  12:05:22,857858;9,294191E-1;1,331073E-1;1,347919E-1;9,432491E-1;;
02/12/2021  12:05:22,857958;9,287337E-1;1,305587E-1;1,606983E-1;9,429566E-1;;
02/12/2021  12:05:22,858058;9,269842E-1;1,194084E-1;1,221546E-1;9,426494E-1;;
02/12/2021  12:05:22,858158;9,264120E-1;1,216384E-1;1,193112E-1;9,423281E-1;;
02/12/2021  12:05:22,858258;9,269246E-1;1,203641E-1;1,259458E-1;9,419930E-1;;
02/12/2021  12:05:22,858358;9,273329E-1;1,315144E-1;1,366875E-1;9,416448E-1;;
02/12/2021  12:05:22,858458;9,264746E-1;1,229127E-1;1,313166E-1;9,412841E-1;;
02/12/2021  12:05:22,858558;9,250351E-1;1,174969E-1;1,174156E-1;9,409116E-1;;
02/12/2021  12:05:22,858658;9,247520E-1;1,104881E-1;1,164678E-1;9,405278E-1;;
02/12/2021  12:05:22,858758;9,245434E-1;1,410718E-1;1,531159E-1;9,401334E-1;;
02/12/2021  12:05:22,858858;9,246030E-1;1,219570E-1;1,180475E-1;9,397288E-1;;
02/12/2021  12:05:22,858958;9,235092E-1;8,723178E-2;5,770448E-2;9,393147E-1;;
02/12/2021  12:05:22,859058;9,220101E-1;1,162226E-1;1,297370E-1;9,388915E-1;;
02/12/2021  12:05:22,859158;9,212531E-1;1,139925E-1;1,158360E-1;9,384598E-1;;
02/12/2021  12:05:22,859258;9,220310E-1;1,260985E-1;1,224705E-1;9,380198E-1;;
02/12/2021  12:05:22,859358;9,217299E-1;1,382046E-1;1,316326E-1;9,375718E-1;;
02/12/2021  12:05:22,859458;9,206928E-1;1,232313E-1;1,098333E-1;9,371165E-1;;
02/12/2021  12:05:22,859558;9,193427E-1;1,028422E-1;1,227865E-1;9,366542E-1;;
02/12/2021  12:05:22,859658;9,195007E-1;1,178155E-1;1,240502E-1;9,361853E-1;;
02/12/2021  12:05:22,859758;9,202100E-1;1,347002E-1;1,262617E-1;9,357102E-1;;
02/12/2021  12:05:22,859858;9,201236E-1;9,201048E-2;7,065769E-2;9,352293E-1;;
02/12/2021  12:05:22,859958;9,195424E-1;1,127182E-1;1,117289E-1;9,347433E-1;;
02/12/2021  12:05:22,860058;9,186215E-1;1,200455E-1;1,189953E-1;9,342529E-1;;
02/12/2021  12:05:22,860158;9,189940E-1;1,318330E-1;1,237343E-1;9,337586E-1;;
02/12/2021  12:05:22,860258;9,193189E-1;5,824100E-2;5,422923E-2;9,332611E-1;;
02/12/2021  12:05:22,860358;9,193368E-1;1,159040E-1;1,164678E-1;9,327611E-1;;
02/12/2021  12:05:22,860458;9,184367E-1;1,174969E-1;1,246821E-1;9,322593E-1;;
02/12/2021  12:05:22,860558;9,174026E-1;1,085766E-1;1,215227E-1;9,317566E-1;;
02/12/2021  12:05:22,860658;9,181357E-1;1,136739E-1;1,164678E-1;9,312534E-1;;
02/12/2021  12:05:22,860758;9,189911E-1;1,292843E-1;1,180475E-1;9,307504E-1;;
02/12/2021  12:05:22,860858;9,188063E-1;1,139925E-1;1,180475E-1;9,302485E-1;;
02/12/2021  12:05:22,860958;9,181476E-1;1,194084E-1;1,388990E-1;9,297484E-1;;
02/12/2021  12:05:22,861058;9,165263E-1;1,503106E-1;1,407946E-1;9,292509E-1;;
02/12/2021  12:05:22,861158;9,170360E-1;1,289658E-1;1,407946E-1;9,287566E-1;;
02/12/2021  12:05:22,861258;9,184635E-1;9,583344E-2;1,218387E-1;9,282661E-1;;
02/12/2021  12:05:22,861358;9,191103E-1;1,232313E-1;1,221546E-1;9,277800E-1;;
02/12/2021  12:05:22,861458;9,179539E-1;1,397975E-1;1,439539E-1;9,272992E-1;;
02/12/2021  12:05:22,861558;9,184546E-1;1,216384E-1;1,167838E-1;9,268245E-1;;
02/12/2021  12:05:22,861658;9,191997E-1;1,092138E-1;1,003553E-1;9,263567E-1;;
02/12/2021  12:05:22,861758;9,209133E-1;1,292843E-1;1,287892E-1;9,258967E-1;;
02/12/2021  12:05:22,861858;9,210355E-1;1,439390E-1;1,455336E-1;9,254455E-1;;
02/12/2021  12:05:22,861958;9,199686E-1;1,133553E-1;1,193112E-1;9,250043E-1;;
02/12/2021  12:05:22,862058;9,206719E-1;-8,979382E-3;5,043804E-2;9,245742E-1;;
02/12/2021  12:05:22,862158;9,224720E-1;1,117624E-1;1,379512E-1;9,241559E-1;;
02/12/2021  12:05:22,862258;9,239205E-1;1,190898E-1;1,262617E-1;9,237506E-1;;
02/12/2021  12:05:22,862358;9,242990E-1;1,305587E-1;1,310007E-1;9,233595E-1;;
02/12/2021  12:05:22,862458;9,239652E-1;1,257800E-1;1,205749E-1;9,229840E-1;;
02/12/2021  12:05:22,862558;9,242721E-1;1,391603E-1;1,347919E-1;9,226253E-1;;
02/12/2021  12:05:22,862658;9,256222E-1;1,108067E-1;1,164678E-1;9,222842E-1;;
02/12/2021  12:05:22,862758;9,269455E-1;1,340630E-1;1,366875E-1;9,219620E-1;;
02/12/2021  12:05:22,862858;9,269008E-1;1,225942E-1;1,215227E-1;9,216596E-1;;
02/12/2021  12:05:22,862958;9,262034E-1;1,022050E-1;1,098333E-1;9,213782E-1;;
02/12/2021  12:05:22,863058;9,269365E-1;1,264171E-1;1,183634E-1;9,211186E-1;;
02/12/2021  12:05:22,863158;9,280601E-1;1,385232E-1;1,341600E-1;9,208813E-1;;
02/12/2021  12:05:22,863258;9,284714E-1;1,436204E-1;1,417424E-1;9,206670E-1;;
02/12/2021  12:05:22,863358;9,283820E-1;1,041165E-1;1,189953E-1;9,204764E-1;;
02/12/2021  12:05:22,863458;9,275952E-1;1,037979E-1;1,243661E-1;9,203097E-1;;
02/12/2021  12:05:22,863558;9,278187E-1;1,066652E-1;1,221546E-1;9,201673E-1;;
02/12/2021  12:05:22,863658;9,290108E-1;1,257800E-1;1,357397E-1;9,200490E-1;;
02/12/2021  12:05:22,863758;9,297559E-1;9,838208E-2;1,092014E-1;9,199549E-1;;
02/12/2021  12:05:22,863858;9,299586E-1;9,647060E-2;1,022509E-1;9,198850E-1;;
02/12/2021  12:05:22,863958;9,288767E-1;7,576290E-2;8,550650E-2;9,198392E-1;;
02/12/2021  12:05:22,864058;9,295503E-1;1,079395E-1;1,243661E-1;9,198172E-1;;
02/12/2021  12:05:22,864158;9,311477E-1;1,120810E-1;1,347919E-1;9,198187E-1;;
02/12/2021  12:05:22,864258;9,312878E-1;8,850610E-2;1,063580E-1;9,198433E-1;;
02/12/2021  12:05:22,864358;9,313831E-1;7,703722E-2;1,025668E-1;9,198907E-1;;
02/12/2021  12:05:22,864458;9,315888E-1;9,901924E-2;1,212068E-1;9,199605E-1;;
02/12/2021  12:05:22,864558;9,330789E-1;4,231200E-2;5,738855E-2;9,200524E-1;;
02/12/2021  12:05:22,864658;9,346764E-1;8,404598E-2;1,025668E-1;9,201659E-1;;
02/12/2021  12:05:22,864758;9,356867E-1;8,245308E-2;9,340479E-2;9,203008E-1;;
02/12/2021  12:05:22,864858;9,350698E-1;1,187712E-1;1,853410E-1;9,204570E-1;;
02/12/2021  12:05:22,864958;9,345244E-1;1,085766E-1;1,316326E-1;9,206344E-1;;
02/12/2021  12:05:22,865058;9,358119E-1;1,076209E-1;1,180475E-1;9,208324E-1;;
02/12/2021  12:05:22,865158;9,372424E-1;1,152668E-1;1,294210E-1;9,210506E-1;;
02/12/2021  12:05:22,865258;9,375375E-1;1,433019E-1;1,328963E-1;9,212886E-1;;
02/12/2021  12:05:22,865358;9,369235E-1;1,694254E-1;1,809180E-1;9,215460E-1;;
02/12/2021  12:05:22,865458;9,370934E-1;1,286472E-1;1,300529E-1;9,218223E-1;;
02/12/2021  12:05:22,865558;9,381395E-1;1,299215E-1;1,120448E-1;9,221168E-1;;
02/12/2021  12:05:22,865658;9,401065E-1;1,426647E-1;1,461654E-1;9,224289E-1;;
02/12/2021  12:05:22,865758;9,405952E-1;1,681511E-1;1,483770E-1;9,227581E-1;;
02/12/2021  12:05:22,865858;9,403538E-1;1,748413E-1;1,483770E-1;9,231041E-1;;
02/12/2021  12:05:22,865958;9,408396E-1;1,700626E-1;1,490088E-1;9,234663E-1;;
02/12/2021  12:05:22,866058;9,428305E-1;1,464877E-1;1,177316E-1;9,238443E-1;;
02/12/2021  12:05:22,866158;9,446306E-1;1,448948E-1;1,433221E-1;9,242376E-1;;
02/12/2021  12:05:22,866258;9,457810E-1;1,534964E-1;1,512204E-1;9,246462E-1;;
02/12/2021  12:05:22,866358;9,456558E-1;1,382046E-1;1,373193E-1;9,250699E-1;;
02/12/2021  12:05:22,866458;9,463740E-1;6,397544E-2;1,092014E-1;9,255087E-1;;
02/12/2021  12:05:22,866558;9,482725E-1;1,238685E-1;1,591187E-1;9,259625E-1;;
02/12/2021  12:05:22,866658;9,494736E-1;1,302401E-1;1,316326E-1;9,264311E-1;;
02/12/2021  12:05:22,866758;9,495659E-1;1,483991E-1;1,521681E-1;9,269145E-1;;
02/12/2021  12:05:22,866858;9,493484E-1;1,101695E-1;1,174156E-1;9,274128E-1;;
02/12/2021  12:05:22,866958;9,494855E-1;1,283286E-1;1,812339E-1;9,279256E-1;;
02/12/2021  12:05:22,867058;9,505912E-1;1,200455E-1;1,325804E-1;9,284525E-1;;
02/12/2021  12:05:22,867158;9,512588E-1;1,311958E-1;1,328963E-1;9,289932E-1;;
02/12/2021  12:05:22,867258;9,509995E-1;1,235499E-1;1,287892E-1;9,295470E-1;;
02/12/2021  12:05:22,867358;9,497418E-1;1,334259E-1;1,354238E-1;9,301133E-1;;
02/12/2021  12:05:22,867458;9,504362E-1;1,037979E-1;1,562753E-1;9,306914E-1;;
02/12/2021  12:05:22,867558;9,512170E-1;1,404346E-1;1,474292E-1;9,312801E-1;;
02/12/2021  12:05:22,867658;9,518906E-1;1,315144E-1;1,303688E-1;9,318785E-1;;
02/12/2021  12:05:22,867758;9,515836E-1;1,324701E-1;1,275255E-1;9,324856E-1;;
02/12/2021  12:05:22,867858;9,513988E-1;1,391603E-1;1,509044E-1;9,331004E-1;;
02/12/2021  12:05:22,867958;9,516551E-1;1,433019E-1;1,234183E-1;9,337218E-1;;
02/12/2021  12:05:22,868058;9,527906E-1;1,369303E-1;1,392149E-1;9,343488E-1;;
02/12/2021  12:05:22,868158;9,533956E-1;1,273729E-1;1,259458E-1;9,349801E-1;;
02/12/2021  12:05:22,868258;9,533956E-1;1,047537E-1;1,196272E-1;9,356150E-1;;
02/12/2021  12:05:22,868358;9,521528E-1;1,245056E-1;1,177316E-1;9,362523E-1;;
02/12/2021  12:05:22,868458;9,528175E-1;1,311958E-1;1,227865E-1;9,368912E-1;;
02/12/2021  12:05:22,868558;9,534433E-1;-6,112162E-3;2,421569E-2;9,375303E-1;;
02/12/2021  12:05:22,868658;9,532854E-1;1,225942E-1;1,787064E-1;9,381687E-1;;
02/12/2021  12:05:22,868758;9,522095E-1;1,308772E-1;1,385831E-1;9,388052E-1;;
02/12/2021  12:05:22,868858;9,512945E-1;1,417090E-1;1,347919E-1;9,394386E-1;;
02/12/2021  12:05:22,868958;9,516283E-1;1,232313E-1;1,205749E-1;9,400677E-1;;
02/12/2021  12:05:22,869058;9,521260E-1;1,318330E-1;1,142563E-1;9,406909E-1;;
02/12/2021  12:05:22,869158;9,521171E-1;1,018865E-1;1,047783E-1;9,413071E-1;;
02/12/2021  12:05:22,869258;9,516343E-1;1,528593E-1;1,512204E-1;9,419151E-1;;
02/12/2021  12:05:22,869358;9,519085E-1;1,401161E-1;1,388990E-1;9,425137E-1;;
02/12/2021  12:05:22,869458;9,527608E-1;1,382046E-1;1,253139E-1;9,431018E-1;;
02/12/2021  12:05:22,869558;9,540453E-1;1,369303E-1;1,303688E-1;9,436787E-1;;
02/12/2021  12:05:22,869658;9,543911E-1;1,232313E-1;1,297370E-1;9,442436E-1;;
02/12/2021  12:05:22,869758;9,538367E-1;9,424054E-2;1,025668E-1;9,447961E-1;;
02/12/2021  12:05:22,869858;9,542212E-1;1,337445E-1;1,240502E-1;9,453358E-1;;
02/12/2021  12:05:22,869958;9,550288E-1;2,001140E-2;6,433905E-2;9,458624E-1;;
02/12/2021  12:05:22,870058;9,560332E-1;1,245056E-1;1,471132E-1;9,463756E-1;;
02/12/2021  12:05:22,870158;9,560511E-1;1,480806E-1;1,480610E-1;9,468754E-1;;
02/12/2021  12:05:22,870258;9,553984E-1;1,289658E-1;1,208909E-1;9,473618E-1;;
02/12/2021  12:05:22,870358;9,552345E-1;1,044351E-1;1,133085E-1;9,478347E-1;;
02/12/2021  12:05:22,870458;9,558812E-1;8,786894E-2;9,087734E-2;9,482941E-1;;
02/12/2021  12:05:22,870558;9,568200E-1;1,283286E-1;1,325804E-1;9,487400E-1;;
02/12/2021  12:05:22,870658;9,561763E-1;1,490363E-1;1,613302E-1;9,491724E-1;;
02/12/2021  12:05:22,870758;9,544179E-1;1,299215E-1;1,249980E-1;9,495914E-1;;
02/12/2021  12:05:22,870858;9,539589E-1;1,573194E-1;1,471132E-1;9,499969E-1;;
02/12/2021  12:05:22,870958;9,544149E-1;1,474434E-1;1,509044E-1;9,503884E-1;;
02/12/2021  12:05:22,871058;9,545937E-1;1,366117E-1;1,392149E-1;9,507658E-1;;
02/12/2021  12:05:22,871158;9,542689E-1;1,302401E-1;1,455336E-1;9,511288E-1;;
02/12/2021  12:05:22,871258;9,526446E-1;1,063466E-1;1,158360E-1;9,514772E-1;;
02/12/2021  12:05:22,871358;9,529128E-1;1,318330E-1;1,376353E-1;9,518105E-1;;
02/12/2021  12:05:22,871458;9,533658E-1;1,372488E-1;1,414265E-1;9,521285E-1;;
02/12/2021  12:05:22,871558;9,531185E-1;1,436204E-1;1,363715E-1;9,524308E-1;;
02/12/2021  12:05:22,871658;9,531751E-1;1,098510E-1;9,909157E-2;9,527174E-1;;
02/12/2021  12:05:22,871758;9,519442E-1;1,235499E-1;1,449017E-1;9,529879E-1;;
02/12/2021  12:05:22,871858;9,520962E-1;1,356559E-1;1,297370E-1;9,532422E-1;;
02/12/2021  12:05:22,871958;9,533778E-1;1,448948E-1;1,610142E-1;9,534803E-1;;
02/12/2021  12:05:22,872058;9,535655E-1;1,213198E-1;1,224705E-1;9,537020E-1;;
02/12/2021  12:05:22,872158;9,525939E-1;9,838208E-2;8,708615E-2;9,539076E-1;;
02/12/2021  12:05:22,872258;9,523138E-1;1,280100E-1;1,332122E-1;9,540973E-1;;
02/12/2021  12:05:22,872358;9,528890E-1;1,563636E-1;1,474292E-1;9,542712E-1;;
02/12/2021  12:05:22,872458;9,534433E-1;1,181340E-1;1,278414E-1;9,544296E-1;;
02/12/2021  12:05:22,872558;9,532645E-1;1,190898E-1;1,262617E-1;9,545728E-1;;
02/12/2021  12:05:22,872658;9,525820E-1;1,241871E-1;1,256299E-1;9,547012E-1;;
02/12/2021  12:05:22,872758;9,516730E-1;1,260985E-1;1,449017E-1;9,548153E-1;;
02/12/2021  12:05:22,872858;9,515806E-1;1,248242E-1;1,129926E-1;9,549152E-1;;
02/12/2021  12:05:22,872958;9,519234E-1;1,133553E-1;1,114129E-1;9,550012E-1;;
02/12/2021  12:05:22,873058;9,510561E-1;1,598680E-1;1,588027E-1;9,550735E-1;;
02/12/2021  12:05:22,873158;9,502216E-1;1,347002E-1;1,379512E-1;9,551324E-1;;
02/12/2021  12:05:22,873258;9,486987E-1;1,483991E-1;1,414265E-1;9,551779E-1;;
02/12/2021  12:05:22,873358;9,498193E-1;1,257800E-1;1,243661E-1;9,552100E-1;;
02/12/2021  12:05:22,873458;9,502991E-1;1,181340E-1;1,180475E-1;9,552287E-1;;
02/12/2021  12:05:22,873558;9,489460E-1;1,257800E-1;1,117289E-1;9,552342E-1;;
02/12/2021  12:05:22,873658;9,476943E-1;1,525407E-1;1,654373E-1;9,552266E-1;;
02/12/2021  12:05:22,873758;9,466095E-1;8,022302E-2;9,340479E-2;9,552060E-1;;
02/12/2021  12:05:22,873858;9,470685E-1;1,079395E-1;1,079377E-1;9,551722E-1;;
02/12/2021  12:05:22,873958;9,471102E-1;1,194084E-1;1,240502E-1;9,551251E-1;;
02/12/2021  12:05:22,874058;9,472175E-1;1,347002E-1;1,240502E-1;9,550647E-1;;
02/12/2021  12:05:22,874158;9,458436E-1;1,331073E-1;1,370034E-1;9,549912E-1;;
02/12/2021  12:05:22,874258;9,455038E-1;1,216384E-1;1,158360E-1;9,549046E-1;;
02/12/2021  12:05:22,874358;9,463264E-1;1,423461E-1;1,439539E-1;9,548051E-1;;
02/12/2021  12:05:22,874458;9,462310E-1;1,378860E-1;1,540637E-1;9,546928E-1;;
02/12/2021  12:05:22,874558;9,456051E-1;1,356559E-1;1,303688E-1;9,545681E-1;;
02/12/2021  12:05:22,874658;9,439183E-1;1,331073E-1;1,170997E-1;9,544312E-1;;
02/12/2021  12:05:22,874758;9,435547E-1;1,187712E-1;1,193112E-1;9,542824E-1;;
02/12/2021  12:05:22,874858;9,429109E-1;1,394789E-1;1,231024E-1;9,541217E-1;;
02/12/2021  12:05:22,874958;9,427262E-1;1,499920E-1;1,553275E-1;9,539492E-1;;
02/12/2021  12:05:22,875058;9,415936E-1;1,197269E-1;1,265777E-1;9,537650E-1;;
02/12/2021  12:05:22,875158;9,398681E-1;1,324701E-1;1,275255E-1;9,535689E-1;;
02/12/2021  12:05:22,875258;9,394329E-1;1,009307E-1;7,602853E-2;9,533609E-1;;
02/12/2021  12:05:22,875358;9,393137E-1;1,366117E-1;1,768108E-1;9,531407E-1;;
02/12/2021  12:05:22,875458;9,387445E-1;1,404346E-1;1,344760E-1;9,529082E-1;;
02/12/2021  12:05:22,875558;9,385567E-1;1,318330E-1;1,354238E-1;9,526632E-1;;
02/12/2021  12:05:22,875658;9,371590E-1;1,257800E-1;1,246821E-1;9,524058E-1;;
02/12/2021  12:05:22,875758;9,372305E-1;1,423461E-1;1,641736E-1;9,521360E-1;;
02/12/2021  12:05:22,875858;9,384494E-1;1,455319E-1;1,420583E-1;9,518536E-1;;
02/12/2021  12:05:22,875958;9,387475E-1;1,127182E-1;1,076217E-1;9,515591E-1;;
02/12/2021  12:05:22,876058;9,389829E-1;1,286472E-1;1,249980E-1;9,512530E-1;;
02/12/2021  12:05:22,876158;9,385627E-1;1,194084E-1;1,205749E-1;9,509359E-1;;
02/12/2021  12:05:22,876258;9,390276E-1;5,919674E-2;9,182514E-2;9,506087E-1;;
02/12/2021  12:05:22,876358;9,405446E-1;9,870066E-2;1,370034E-1;9,502722E-1;;
02/12/2021  12:05:22,876458;9,408754E-1;1,044351E-1;1,107811E-1;9,499275E-1;;
02/12/2021  12:05:22,876558;9,405863E-1;1,133553E-1;1,114129E-1;9,495759E-1;;
02/12/2021  12:05:22,876658;9,392720E-1;7,512574E-2;1,227865E-1;9,492188E-1;;
02/12/2021  12:05:22,876758;9,396177E-1;3,466608E-2;7,444887E-2;9,488571E-1;;
02/12/2021  12:05:22,876858;9,406787E-1;9,965640E-2;1,180475E-1;9,484920E-1;;
02/12/2021  12:05:22,876958;9,402346E-1;1,009307E-1;1,126766E-1;9,481245E-1;;
02/12/2021  12:05:22,877058;9,395432E-1;1,076209E-1;1,189953E-1;9,477558E-1;;
02/12/2021  12:05:22,877158;9,383719E-1;5,664810E-2;1,123607E-1;9,473869E-1;;
02/12/2021  12:05:22,877258;9,389591E-1;1,076209E-1;1,199431E-1;9,470186E-1;;
02/12/2021  12:05:22,877358;9,391707E-1;8,149734E-2;9,119327E-2;9,466515E-1;;
02/12/2021  12:05:22,877458;9,382557E-1;9,997498E-2;7,002583E-2;9,462864E-1;;
02/12/2021  12:05:22,877558;9,377967E-1;1,044351E-1;1,145722E-1;9,459240E-1;;
02/12/2021  12:05:22,877658;9,365629E-1;9,519628E-2;1,088855E-1;9,455646E-1;;
02/12/2021  12:05:22,877758;9,368907E-1;8,086018E-2;9,024547E-2;9,452087E-1;;
02/12/2021  12:05:22,877858;9,373020E-1;9,041758E-2;9,087734E-2;9,448565E-1;;
02/12/2021  12:05:22,877958;9,365063E-1;1,088952E-1;1,205749E-1;9,445084E-1;;
02/12/2021  12:05:22,878058;9,355466E-1;9,392196E-2;1,114129E-1;9,441644E-1;;
02/12/2021  12:05:22,878158;9,343605E-1;1,012493E-1;1,183634E-1;9,438249E-1;;
02/12/2021  12:05:22,878258;9,351949E-1;1,079395E-1;1,126766E-1;9,434896E-1;;
02/12/2021  12:05:22,878358;9,352486E-1;1,203641E-1;1,231024E-1;9,431586E-1;;
02/12/2021  12:05:22,878458;9,350221E-1;1,343816E-1;1,363715E-1;9,428319E-1;;
02/12/2021  12:05:22,878558;9,336690E-1;1,417090E-1;1,439539E-1;9,425095E-1;;
02/12/2021  12:05:22,878658;9,327630E-1;1,614609E-1;1,357397E-1;9,421913E-1;;
02/12/2021  12:05:22,878758;9,333799E-1;1,729298E-1;1,727037E-1;9,418772E-1;;
02/12/2021  12:05:22,878858;9,329776E-1;1,643281E-1;1,651214E-1;9,415669E-1;;
02/12/2021  12:05:22,878958;9,332101E-1;1,713369E-1;1,496407E-1;9,412602E-1;;
02/12/2021  12:05:22,879058;9,326229E-1;1,528593E-1;1,467973E-1;9,409572E-1;;
02/12/2021  12:05:22,879158;9,321133E-1;1,471248E-1;1,433221E-1;9,406575E-1;;
02/12/2021  12:05:22,879258;9,328345E-1;1,573194E-1;1,455336E-1;9,403612E-1;;
02/12/2021  12:05:22,879358;9,329418E-1;1,554079E-1;1,559593E-1;9,400683E-1;;
02/12/2021  12:05:22,879458;9,326110E-1;1,082581E-1;1,142563E-1;9,397786E-1;;
02/12/2021  12:05:22,879558;9,315620E-1;1,066652E-1;1,117289E-1;9,394923E-1;;
02/12/2021  12:05:22,879658;9,306738E-1;9,296622E-2;1,167838E-1;9,392094E-1;;
02/12/2021  12:05:22,879758;9,313802E-1;1,321516E-1;1,246821E-1;9,389296E-1;;
02/12/2021  12:05:22,879858;9,315918E-1;1,114439E-1;1,155200E-1;9,386529E-1;;
02/12/2021  12:05:22,879958;9,316573E-1;1,152668E-1;1,133085E-1;9,383792E-1;;
02/12/2021  12:05:22,880058;9,300003E-1;1,286472E-1;1,332122E-1;9,381085E-1;;
02/12/2021  12:05:22,880158;9,300420E-1;1,133553E-1;1,180475E-1;9,378407E-1;;
02/12/2021  12:05:22,880258;9,311060E-1;1,270543E-1;1,370034E-1;9,375758E-1;;
02/12/2021  12:05:22,880358;9,309093E-1;1,092138E-1;1,114129E-1;9,373136E-1;;
02/12/2021  12:05:22,880458;9,308974E-1;9,360338E-2;1,092014E-1;9,370543E-1;;
02/12/2021  12:05:22,880558;9,298840E-1;1,168597E-1;1,287892E-1;9,367979E-1;;
02/12/2021  12:05:22,880658;9,299168E-1;1,327887E-1;1,663851E-1;9,365445E-1;;
02/12/2021  12:05:22,880758;9,310046E-1;1,366117E-1;1,363715E-1;9,362941E-1;;
02/12/2021  12:05:22,880858;9,306381E-1;1,002936E-1;1,038306E-1;9,360468E-1;;
02/12/2021  12:05:22,880958;9,302327E-1;1,238685E-1;1,351078E-1;9,358028E-1;;
02/12/2021  12:05:22,881058;9,284356E-1;-4,147454E-2;4,949025E-2;9,355622E-1;;
02/12/2021  12:05:22,881158;9,292224E-1;1,197269E-1;1,227865E-1;9,353249E-1;;
02/12/2021  12:05:22,881258;9,294996E-1;1,111253E-1;1,221546E-1;9,350908E-1;;
02/12/2021  12:05:22,881358;9,289453E-1;1,085766E-1;1,101492E-1;9,348598E-1;;
02/12/2021  12:05:22,881458;9,279081E-1;1,433019E-1;1,423743E-1;9,346320E-1;;
02/12/2021  12:05:22,881558;9,264329E-1;1,264171E-1;1,240502E-1;9,344071E-1;;
02/12/2021  12:05:22,881658;9,269663E-1;1,216384E-1;1,145722E-1;9,341848E-1;;
02/12/2021  12:05:22,881758;9,273329E-1;1,302401E-1;1,562753E-1;9,339647E-1;;
02/12/2021  12:05:22,881858;9,267249E-1;1,146297E-1;1,363715E-1;9,337466E-1;;
02/12/2021  12:05:22,881958;9,256759E-1;1,340630E-1;1,325804E-1;9,335302E-1;;
02/12/2021  12:05:22,882058;9,243198E-1;1,165411E-1;1,240502E-1;9,333151E-1;;
02/12/2021  12:05:22,882158;9,252169E-1;1,095324E-1;1,139404E-1;9,331009E-1;;
02/12/2021  12:05:22,882258;9,252735E-1;1,066652E-1;1,000394E-1;9,328872E-1;;
02/12/2021  12:05:22,882358;9,251573E-1;1,053908E-1;9,530039E-2;9,326735E-1;;
02/12/2021  12:05:22,882458;9,242900E-1;1,289658E-1;1,284732E-1;9,324598E-1;;
02/12/2021  12:05:22,882558;9,229072E-1;1,079395E-1;1,205749E-1;9,322457E-1;;
02/12/2021  12:05:22,882658;9,238370E-1;9,041758E-2;8,013565E-2;9,320310E-1;;
02/12/2021  12:05:22,882758;9,240278E-1;9,583344E-2;8,455870E-2;9,318151E-1;;
02/12/2021  12:05:22,882858;9,237655E-1;9,933782E-2;9,688005E-2;9,315981E-1;;
02/12/2021  12:05:22,882958;9,232588E-1;1,018865E-1;1,120448E-1;9,313798E-1;;
02/12/2021  12:05:22,883058;9,226300E-1;1,181340E-1;1,193112E-1;9,311601E-1;;
02/12/2021  12:05:22,883158;9,235450E-1;1,168597E-1;1,310007E-1;9,309388E-1;;
02/12/2021  12:05:22,883258;9,246387E-1;1,448948E-1;1,654373E-1;9,307161E-1;;
02/12/2021  12:05:22,883358;9,247609E-1;1,270543E-1;1,303688E-1;9,304922E-1;;
02/12/2021  12:05:22,883458;9,241857E-1;9,041758E-2;8,424277E-2;9,302673E-1;;
02/12/2021  12:05:22,883558;9,243288E-1;1,267357E-1;1,376353E-1;9,300420E-1;;
02/12/2021  12:05:22,883658;9,250560E-1;1,222756E-1;1,328963E-1;9,298166E-1;;
02/12/2021  12:05:22,883758;9,256103E-1;1,187712E-1;1,231024E-1;9,295916E-1;;
02/12/2021  12:05:22,883858;9,258934E-1;1,181340E-1;1,202590E-1;9,293676E-1;;
02/12/2021  12:05:22,883958;9,256431E-1;8,181592E-2;9,624818E-2;9,291452E-1;;
02/12/2021  12:05:22,884058;9,259620E-1;1,372488E-1;2,099837E-1;9,289251E-1;;
02/12/2021  12:05:22,884158;9,271988E-1;1,302401E-1;1,363715E-1;9,287079E-1;;
02/12/2021  12:05:22,884258;9,272375E-1;1,238685E-1;1,297370E-1;9,284944E-1;;
02/12/2021  12:05:22,884358;9,274581E-1;1,143111E-1;1,474292E-1;9,282854E-1;;
02/12/2021  12:05:22,884458;9,270468E-1;1,235499E-1;1,313166E-1;9,280816E-1;;
02/12/2021  12:05:22,884558;9,269693E-1;1,270543E-1;1,259458E-1;9,278837E-1;;
02/12/2021  12:05:22,884658;9,276667E-1;7,831154E-2;6,907803E-2;9,276922E-1;;
02/12/2021  12:05:22,884758;9,284267E-1;1,123996E-1;1,180475E-1;9,275079E-1;;
02/12/2021  12:05:22,884858;9,287426E-1;1,413904E-1;1,502726E-1;9,273312E-1;;
02/12/2021  12:05:22,884958;9,276280E-1;1,515849E-1;1,502726E-1;9,271627E-1;;
02/12/2021  12:05:22,885058;9,283701E-1;1,098510E-1;1,177316E-1;9,270031E-1;;
02/12/2021  12:05:22,885158;9,290019E-1;1,216384E-1;1,521681E-1;9,268527E-1;;
02/12/2021  12:05:22,885258;9,293804E-1;1,206827E-1;1,221546E-1;9,267120E-1;;
02/12/2021  12:05:22,885358;9,287933E-1;1,245056E-1;1,174156E-1;9,265813E-1;;
02/12/2021  12:05:22,885458;9,283552E-1;1,139925E-1;1,095173E-1;9,264610E-1;;
02/12/2021  12:05:22,885558;9,289602E-1;1,388417E-1;1,363715E-1;9,263513E-1;;
02/12/2021  12:05:22,885658;9,297022E-1;1,426647E-1;1,325804E-1;9,262523E-1;;
02/12/2021  12:05:22,885758;9,294489E-1;1,012493E-1;1,281573E-1;9,261641E-1;;
02/12/2021  12:05:22,885858;9,294251E-1;1,254614E-1;1,193112E-1;9,260869E-1;;
02/12/2021  12:05:22,885958;9,291330E-1;1,190898E-1;1,281573E-1;9,260207E-1;;
02/12/2021  12:05:22,886058;9,291956E-1;1,324701E-1;1,253139E-1;9,259656E-1;;
02/12/2021  12:05:22,886158;9,299705E-1;1,088952E-1;1,148882E-1;9,259212E-1;;
02/12/2021  12:05:22,886258;9,304056E-1;1,601866E-1;2,121952E-1;9,258877E-1;;
02/12/2021  12:05:22,886358;9,299913E-1;1,385232E-1;1,322644E-1;9,258648E-1;;
02/12/2021  12:05:22,886458;9,294698E-1;1,174969E-1;1,183634E-1;9,258525E-1;;
02/12/2021  12:05:22,886558;9,301284E-1;1,216384E-1;1,426902E-1;9,258506E-1;;
02/12/2021  12:05:22,886658;9,307394E-1;1,088952E-1;1,404787E-1;9,258589E-1;;
02/12/2021  12:05:22,886758;9,309510E-1;1,359745E-1;1,335282E-1;9,258770E-1;;
02/12/2021  12:05:22,886858;9,309152E-1;1,302401E-1;1,328963E-1;9,259048E-1;;
02/12/2021  12:05:22,886958;9,313504E-1;1,337445E-1;1,300529E-1;9,259423E-1;;
02/12/2021  12:05:22,887058;9,326855E-1;3,371034E-2;8,708615E-2;9,259891E-1;;
02/12/2021  12:05:22,887158;9,334306E-1;1,327887E-1;1,328963E-1;9,260454E-1;;
02/12/2021  12:05:22,887258;9,345333E-1;1,375674E-1;1,231024E-1;9,261111E-1;;
02/12/2021  12:05:22,887358;9,342561E-1;1,079395E-1;1,208909E-1;9,261865E-1;;
02/12/2021  12:05:22,887458;9,342860E-1;1,356559E-1;1,316326E-1;9,262718E-1;;
02/12/2021  12:05:22,887558;9,354393E-1;1,426647E-1;1,344760E-1;9,263671E-1;;
02/12/2021  12:05:22,887658;9,367834E-1;1,468062E-1;1,651214E-1;9,264725E-1;;
02/12/2021  12:05:22,887758;9,370040E-1;1,327887E-1;1,284732E-1;9,265883E-1;;
02/12/2021  12:05:22,887858;9,376239E-1;1,210013E-1;1,376353E-1;9,267148E-1;;
02/12/2021  12:05:22,887958;9,375404E-1;1,286472E-1;1,300529E-1;9,268523E-1;;
02/12/2021  12:05:22,888058;9,392482E-1;3,179886E-2;8,550650E-2;9,270010E-1;;
02/12/2021  12:05:22,888158;9,402674E-1;1,280100E-1;1,316326E-1;9,271612E-1;;
02/12/2021  12:05:22,888258;9,405058E-1;1,356559E-1;1,341600E-1;9,273332E-1;;
02/12/2021  12:05:22,888358;9,406608E-1;1,420275E-1;1,284732E-1;9,275175E-1;;
02/12/2021  12:05:22,888458;9,409171E-1;1,401161E-1;1,417424E-1;9,277142E-1;;
02/12/2021  12:05:22,888558;9,423745E-1;1,480806E-1;1,654373E-1;9,279236E-1;;
02/12/2021  12:05:22,888658;9,444279E-1;1,315144E-1;1,303688E-1;9,281459E-1;;
02/12/2021  12:05:22,888758;9,451998E-1;1,273729E-1;1,278414E-1;9,283814E-1;;
02/12/2021  12:05:22,888858;9,453697E-1;1,315144E-1;1,278414E-1;9,286307E-1;;
02/12/2021  12:05:22,888958;9,464158E-1;1,206827E-1;1,445858E-1;9,288943E-1;;
02/12/2021  12:05:22,889058;9,492083E-1;1,184526E-1;1,272095E-1;9,291724E-1;;
02/12/2021  12:05:22,889158;9,508534E-1;1,155854E-1;1,212068E-1;9,294658E-1;;
02/12/2021  12:05:22,889258;9,514286E-1;1,155854E-1;1,196272E-1;9,297753E-1;;
02/12/2021  12:05:22,889358;9,523495E-1;1,350188E-1;1,370034E-1;9,301015E-1;;
02/12/2021  12:05:22,889458;9,531662E-1;1,155854E-1;1,066739E-1;9,304454E-1;;
02/12/2021  12:05:22,889558;9,551719E-1;9,806350E-2;1,101492E-1;9,308074E-1;;
02/12/2021  12:05:22,889658;9,567127E-1;9,901924E-2;1,167838E-1;9,311883E-1;;
02/12/2021  12:05:22,889758;9,574012E-1;1,254614E-1;1,328963E-1;9,315889E-1;;
02/12/2021  12:05:22,889858;9,581075E-1;1,429833E-1;1,635417E-1;9,320097E-1;;
02/12/2021  12:05:22,889958;9,588883E-1;4,486064E-2;6,181159E-2;9,324513E-1;;
02/12/2021  12:05:22,890058;9,614871E-1;1,047537E-1;1,196272E-1;9,329142E-1;;
02/12/2021  12:05:22,890158;9,626167E-1;1,165411E-1;1,300529E-1;9,333988E-1;;
02/12/2021  12:05:22,890258;9,627359E-1;1,085766E-1;1,167838E-1;9,339056E-1;;
02/12/2021  12:05:22,890358;9,635376E-1;8,723178E-2;1,272095E-1;9,344351E-1;;
02/12/2021  12:05:22,890458;9,645360E-1;8,277166E-2;1,028828E-1;9,349874E-1;;
02/12/2021  12:05:22,890558;9,663659E-1;4,932076E-2;7,729226E-2;9,355625E-1;;
02/12/2021  12:05:22,890658;9,681422E-1;8,500172E-2;1,025668E-1;9,361606E-1;;
02/12/2021  12:05:22,890758;9,685177E-1;1,104881E-1;1,177316E-1;9,367817E-1;;
02/12/2021  12:05:22,890858;9,694177E-1;1,009307E-1;1,069899E-1;9,374261E-1;;
02/12/2021  12:05:22,890958;9,709913E-1;1,123996E-1;1,272095E-1;9,380935E-1;;
02/12/2021  12:05:22,891058;9,727139E-1;1,254614E-1;1,189953E-1;9,387839E-1;;
02/12/2021  12:05:22,891158;9,732713E-1;1,152668E-1;8,550650E-2;9,394973E-1;;
02/12/2021  12:05:22,891258;9,738554E-1;1,426647E-1;1,392149E-1;9,402335E-1;;
02/12/2021  12:05:22,891358;9,741147E-1;1,066652E-1;1,142563E-1;9,409922E-1;;
02/12/2021  12:05:22,891458;9,757300E-1;1,601866E-1;1,445858E-1;9,417728E-1;;
02/12/2021  12:05:22,891558;9,771278E-1;1,789828E-1;1,543797E-1;9,425750E-1;;
02/12/2021  12:05:22,891658;9,773185E-1;1,617795E-1;1,335282E-1;9,433981E-1;;
02/12/2021  12:05:22,891758;9,769102E-1;1,697440E-1;1,505885E-1;9,442414E-1;;
02/12/2021  12:05:22,891858;9,777864E-1;1,732484E-1;1,449017E-1;9,451042E-1;;
02/12/2021  12:05:22,891958;9,784480E-1;1,512664E-1;1,667010E-1;9,459854E-1;;
02/12/2021  12:05:22,892058;9,796312E-1;1,611423E-1;1,869207E-1;9,468838E-1;;
02/12/2021  12:05:22,892158;9,800753E-1;1,477620E-1;1,420583E-1;9,477983E-1;;
02/12/2021  12:05:22,892258;9,790203E-1;9,201048E-2;7,318515E-2;9,487279E-1;;
02/12/2021  12:05:22,892358;9,785225E-1;1,544522E-1;1,433221E-1;9,496710E-1;;
02/12/2021  12:05:22,892458;9,795478E-1;1,531778E-1;1,493248E-1;9,506261E-1;;
02/12/2021  12:05:22,892558;9,797236E-1;1,283286E-1;1,328963E-1;9,515914E-1;;
02/12/2021  12:05:22,892658;9,801796E-1;1,270543E-1;1,234183E-1;9,525651E-1;;
02/12/2021  12:05:22,892758;9,800991E-1;1,168597E-1;1,212068E-1;9,535455E-1;;
02/12/2021  12:05:22,892858;9,799978E-1;1,308772E-1;1,284732E-1;9,545309E-1;;
02/12/2021  12:05:22,892958;9,807637E-1;1,257800E-1;1,221546E-1;9,555195E-1;;
02/12/2021  12:05:22,893058;9,810796E-1;1,117624E-1;1,079377E-1;9,565094E-1;;
02/12/2021  12:05:22,893158;9,809515E-1;1,522221E-1;1,660692E-1;9,574990E-1;;
02/12/2021  12:05:22,893258;9,806445E-1;1,404346E-1;1,398468E-1;9,584865E-1;;
02/12/2021  12:05:22,893358;9,807488E-1;1,471248E-1;1,572231E-1;9,594702E-1;;
02/12/2021  12:05:22,893458;9,814254E-1;4,231200E-2;6,086380E-2;9,604483E-1;;
02/12/2021  12:05:22,893558;9,815177E-1;1,184526E-1;1,196272E-1;9,614191E-1;;
02/12/2021  12:05:22,893658;9,810260E-1;1,570008E-1;1,603824E-1;9,623811E-1;;
02/12/2021  12:05:22,893758;9,804776E-1;1,413904E-1;1,376353E-1;9,633326E-1;;
02/12/2021  12:05:22,893858;9,806654E-1;1,060280E-1;1,313166E-1;9,642721E-1;;
02/12/2021  12:05:22,893958;9,810945E-1;6,811698E-2;9,909157E-2;9,651979E-1;;
02/12/2021  12:05:22,894058;9,811005E-1;1,410718E-1;1,366875E-1;9,661085E-1;;
02/12/2021  12:05:22,894158;9,805313E-1;1,235499E-1;1,079377E-1;9,670025E-1;;
02/12/2021  12:05:22,894258;9,794166E-1;9,965640E-2;9,308886E-2;9,678786E-1;;
02/12/2021  12:05:22,894358;9,791812E-1;1,104881E-1;1,136244E-1;9,687353E-1;;
02/12/2021  12:05:22,894458;9,793958E-1;1,289658E-1;1,341600E-1;9,695711E-1;;
02/12/2021  12:05:22,894558;9,788176E-1;1,375674E-1;1,379512E-1;9,703847E-1;;
02/12/2021  12:05:22,894658;9,780338E-1;1,270543E-1;1,177316E-1;9,711747E-1;;
02/12/2021  12:05:22,894758;9,773423E-1;8,723178E-2;8,297904E-2;9,719398E-1;;
02/12/2021  12:05:22,894858;9,766360E-1;9,870066E-2;1,148882E-1;9,726788E-1;;
02/12/2021  12:05:22,894958;9,764781E-1;1,178155E-1;9,909157E-2;9,733904E-1;;
02/12/2021  12:05:22,895058;9,756436E-1;1,254614E-1;1,212068E-1;9,740732E-1;;
02/12/2021  12:05:22,895158;9,745468E-1;1,257800E-1;1,256299E-1;9,747263E-1;;
02/12/2021  12:05:22,895258;9,737064E-1;1,162226E-1;1,123607E-1;9,753483E-1;;
02/12/2021  12:05:22,895358;9,733249E-1;1,292843E-1;1,575390E-1;9,759382E-1;;
02/12/2021  12:05:22,895458;9,731163E-1;8,659462E-2;1,325804E-1;9,764949E-1;;
02/12/2021  12:05:22,895558;9,726692E-1;1,092138E-1;1,177316E-1;9,770175E-1;;
02/12/2021  12:05:22,895658;9,719987E-1;1,181340E-1;1,234183E-1;9,775052E-1;;
02/12/2021  12:05:22,895758;9,702015E-1;1,311958E-1;1,332122E-1;9,779573E-1;;
02/12/2021  12:05:22,895858;9,700645E-1;1,318330E-1;1,351078E-1;9,783733E-1;;
02/12/2021  12:05:22,895958;9,701926E-1;1,257800E-1;1,234183E-1;9,787523E-1;;
02/12/2021  12:05:22,896058;9,687710E-1;1,356559E-1;1,237343E-1;9,790940E-1;;
02/12/2021  12:05:22,896158;9,669620E-1;1,375674E-1;1,480610E-1;9,793980E-1;;
02/12/2021  12:05:22,896258;9,653347E-1;1,235499E-1;1,360556E-1;9,796638E-1;;
02/12/2021  12:05:22,896358;9,649830E-1;1,302401E-1;1,212068E-1;9,798909E-1;;
02/12/2021  12:05:22,896458;9,637879E-1;1,375674E-1;1,600664E-1;9,800788E-1;;
02/12/2021  12:05:22,896558;9,623157E-1;1,108067E-1;1,104651E-1;9,802270E-1;;
02/12/2021  12:05:22,896658;9,604411E-1;1,254614E-1;1,417424E-1;9,803351E-1;;
02/12/2021  12:05:22,896758;9,588734E-1;1,378860E-1;1,328963E-1;9,804027E-1;;
02/12/2021  12:05:22,896858;9,582714E-1;1,257800E-1;1,161519E-1;9,804292E-1;;
02/12/2021  12:05:22,896958;9,568289E-1;9,838208E-2;1,193112E-1;9,804142E-1;;
02/12/2021  12:05:22,897058;9,553179E-1;1,235499E-1;1,259458E-1;9,803574E-1;;
02/12/2021  12:05:22,897158;9,526118E-1;1,216384E-1;1,208909E-1;9,802584E-1;;
02/12/2021  12:05:22,897258;9,507879E-1;1,311958E-1;1,733356E-1;9,801168E-1;;
02/12/2021  12:05:22,897358;9,498878E-1;1,949118E-1;2,232528E-1;9,799320E-1;;
02/12/2021  12:05:22,897458;9,483649E-1;1,264171E-1;1,259458E-1;9,797037E-1;;
02/12/2021  12:05:22,897558;9,465946E-1;1,413904E-1;1,370034E-1;9,794314E-1;;
02/12/2021  12:05:22,897658;9,448154E-1;1,178155E-1;1,208909E-1;9,791150E-1;;
02/12/2021  12:05:22,897758;9,434802E-1;1,248242E-1;1,170997E-1;9,787541E-1;;
02/12/2021  12:05:22,897858;9,425205E-1;1,181340E-1;1,316326E-1;9,783486E-1;;
02/12/2021  12:05:22,897958;9,406042E-1;1,152668E-1;1,189953E-1;9,778984E-1;;
02/12/2021  12:05:22,898058;9,389561E-1;1,184526E-1;1,322644E-1;9,774037E-1;;
02/12/2021  12:05:22,898158;9,368937E-1;1,296029E-1;1,319485E-1;9,768645E-1;;
02/12/2021  12:05:22,898258;9,348254E-1;1,264171E-1;1,076217E-1;9,762810E-1;;
02/12/2021  12:05:22,898358;9,338866E-1;1,114439E-1;1,164678E-1;9,756532E-1;;
02/12/2021  12:05:22,898458;9,324709E-1;1,254614E-1;1,284732E-1;9,749813E-1;;
02/12/2021  12:05:22,898558;9,313146E-1;1,267357E-1;1,322644E-1;9,742657E-1;;
02/12/2021  12:05:22,898658;9,289453E-1;3,848904E-2;9,972343E-2;9,735069E-1;;
02/12/2021  12:05:22,898758;9,277651E-1;1,057094E-1;1,041465E-1;9,727054E-1;;
02/12/2021  12:05:22,898858;9,273359E-1;7,767438E-2;1,275255E-1;9,718619E-1;;
02/12/2021  12:05:22,898958;9,264567E-1;1,458505E-1;1,370034E-1;9,709770E-1;;
02/12/2021  12:05:22,899058;9,243228E-1;1,101695E-1;1,066739E-1;9,700519E-1;;
02/12/2021  12:05:22,899158;9,231396E-1;-1,652042E-3;5,422923E-2;9,690876E-1;;
02/12/2021  12:05:22,899258;9,219147E-1;1,343816E-1;1,297370E-1;9,680853E-1;;
02/12/2021  12:05:22,899358;9,217538E-1;1,522221E-1;1,404787E-1;9,670461E-1;;
02/12/2021  12:05:22,899458;9,208299E-1;1,187712E-1;1,262617E-1;9,659715E-1;;
02/12/2021  12:05:22,899558;9,193189E-1;1,101695E-1;1,110970E-1;9,648631E-1;;
02/12/2021  12:05:22,899658;9,184099E-1;1,152668E-1;1,281573E-1;9,637224E-1;;
02/12/2021  12:05:22,899758;9,177363E-1;1,088952E-1;1,183634E-1;9,625513E-1;;
02/12/2021  12:05:22,899858;9,182043E-1;1,248242E-1;1,035146E-1;9,613514E-1;;
02/12/2021  12:05:22,899958;9,167469E-1;1,181340E-1;1,344760E-1;9,601249E-1;;
02/12/2021  12:05:22,900058;9,155995E-1;1,181340E-1;1,199431E-1;9,588738E-1;;
02/12/2021  12:05:22,900158;9,135818E-1;1,232313E-1;1,291051E-1;9,576003E-1;;
02/12/2021  12:05:22,900258;9,136623E-1;8,691320E-2;7,413294E-2;9,563062E-1;;
02/12/2021  12:05:22,900358;9,127116E-1;1,286472E-1;1,325804E-1;9,549936E-1;;
02/12/2021  12:05:22,900458;9,120380E-1;1,006121E-1;1,098333E-1;9,536644E-1;;
02/12/2021  12:05:22,900558;9,108548E-1;1,133553E-1;1,224705E-1;9,523206E-1;;
02/12/2021  12:05:22,900658;9,093945E-1;1,101695E-1;9,245700E-2;9,509643E-1;;
02/12/2021  12:05:22,900758;9,091233E-1;3,179886E-2;8,961361E-2;9,495973E-1;;
02/12/2021  12:05:22,900858;9,091799E-1;1,410718E-1;1,761790E-1;9,482216E-1;;
02/12/2021  12:05:22,900958;9,085749E-1;1,187712E-1;1,281573E-1;9,468390E-1;;
02/12/2021  12:05:22,901058;9,072218E-1;3,530324E-2;9,530039E-2;9,454517E-1;;
02/12/2021  12:05:22,901158;9,062383E-1;1,210013E-1;1,272095E-1;9,440614E-1;;
02/12/2021  12:05:22,901258;9,066377E-1;1,079395E-1;1,186794E-1;9,426701E-1;;
02/12/2021  12:05:22,901358;9,066079E-1;1,194084E-1;1,221546E-1;9,412797E-1;;
02/12/2021  12:05:22,901458;9,058748E-1;1,372488E-1;1,351078E-1;9,398920E-1;;
02/12/2021  12:05:22,901558;9,051446E-1;1,092138E-1;1,152041E-1;9,385090E-1;;
02/12/2021  12:05:22,901658;9,046200E-1;1,321516E-1;1,300529E-1;9,371325E-1;;
02/12/2021  12:05:22,901758;9,047601E-1;1,353374E-1;1,316326E-1;9,357645E-1;;
02/12/2021  12:05:22,901858;9,053770E-1;1,079395E-1;1,215227E-1;9,344065E-1;;
02/12/2021  12:05:22,901958;9,044174E-1;1,305587E-1;1,632258E-1;9,330606E-1;;
02/12/2021  12:05:22,902058;9,038034E-1;1,101695E-1;1,158360E-1;9,317284E-1;;
02/12/2021  12:05:22,902158;9,027484E-1;1,088952E-1;1,107811E-1;9,304117E-1;;
02/12/2021  12:05:22,902258;9,035263E-1;1,066652E-1;1,142563E-1;9,291120E-1;;
02/12/2021  12:05:22,902358;9,034279E-1;1,187712E-1;1,265777E-1;9,278307E-1;;
02/12/2021  12:05:22,902458;9,035233E-1;1,254614E-1;1,398468E-1;9,265693E-1;;
02/12/2021  12:05:22,902558;9,030047E-1;8,436456E-2;9,308886E-2;9,253292E-1;;
02/12/2021  12:05:22,902658;9,027782E-1;4,486064E-2;8,203124E-2;9,241119E-1;;
02/12/2021  12:05:22,902758;9,043131E-1;9,551486E-2;1,114129E-1;9,229187E-1;;
02/12/2021  12:05:22,902858;9,043667E-1;8,659462E-2;1,082536E-1;9,217508E-1;;
02/12/2021  12:05:22,902958;9,043697E-1;6,365686E-2;7,634447E-2;9,206099E-1;;
02/12/2021  12:05:22,903058;9,045783E-1;1,047537E-1;1,407946E-1;9,194971E-1;;
02/12/2021  12:05:22,903158;9,051476E-1;1,127182E-1;1,208909E-1;9,184139E-1;;
02/12/2021  12:05:22,903258;9,066347E-1;9,073616E-2;1,085695E-1;9,173615E-1;;
02/12/2021  12:05:22,903358;9,072487E-1;9,264764E-2;1,104651E-1;9,163413E-1;;
02/12/2021  12:05:22,903458;9,069328E-1;3,402892E-2;5,865227E-2;9,153548E-1;;
02/12/2021  12:05:22,903558;9,067450E-1;7,926728E-2;9,845971E-2;9,144031E-1;;
02/12/2021  12:05:22,903658;9,078179E-1;1,050723E-1;1,167838E-1;9,134874E-1;;
02/12/2021  12:05:22,903758;9,088103E-1;6,206396E-2;8,929768E-2;9,126087E-1;;
02/12/2021  12:05:22,903858;9,094481E-1;1,155854E-1;1,297370E-1;9,117681E-1;;
02/12/2021  12:05:22,903958;9,099846E-1;9,455912E-2;1,208909E-1;9,109666E-1;;
02/12/2021  12:05:22,904058;9,097640E-1;1,165411E-1;1,212068E-1;9,102050E-1;;
02/12/2021  12:05:22,904158;9,103720E-1;1,168597E-1;1,388990E-1;9,094842E-1;;
02/12/2021  12:05:22,904258;9,117966E-1;1,296029E-1;1,449017E-1;9,088048E-1;;
02/12/2021  12:05:22,904358;9,132063E-1;1,299215E-1;1,265777E-1;9,081674E-1;;
02/12/2021  12:05:22,904458;9,134686E-1;1,225942E-1;1,110970E-1;9,075727E-1;;
02/12/2021  12:05:22,904558;9,139603E-1;1,888588E-1;1,651214E-1;9,070213E-1;;
02/12/2021  12:05:22,904658;9,152597E-1;1,713369E-1;1,689125E-1;9,065137E-1;;
02/12/2021  12:05:22,904758;9,162641E-1;1,678325E-1;1,518522E-1;9,060503E-1;;
02/12/2021  12:05:22,904858;9,178645E-1;1,585937E-1;1,423743E-1;9,056316E-1;;
02/12/2021  12:05:22,904958;9,180076E-1;1,627352E-1;1,783905E-1;9,052580E-1;;
02/12/2021  12:05:22,905058;9,183115E-1;1,429833E-1;1,414265E-1;9,049299E-1;;
02/12/2021  12:05:22,905158;9,198434E-1;1,286472E-1;1,205749E-1;9,046473E-1;;
02/12/2021  12:05:22,905258;9,208657E-1;1,630538E-1;1,951349E-1;9,044104E-1;;
02/12/2021  12:05:22,905358;9,219475E-1;1,229127E-1;1,259458E-1;9,042191E-1;;
02/12/2021  12:05:22,905458;9,225346E-1;1,582751E-1;1,629098E-1;9,040735E-1;;
02/12/2021  12:05:22,905558;9,235926E-1;1,299215E-1;1,294210E-1;9,039735E-1;;
02/12/2021  12:05:22,905658;9,253510E-1;1,687883E-1;1,907119E-1;9,039190E-1;;
02/12/2021  12:05:22,905758;9,264031E-1;1,187712E-1;1,341600E-1;9,039096E-1;;
02/12/2021  12:05:22,905858;9,275833E-1;1,423461E-1;1,392149E-1;9,039454E-1;;
02/12/2021  12:05:22,905958;9,284773E-1;1,410718E-1;1,259458E-1;9,040260E-1;;
02/12/2021  12:05:22,906058;9,288648E-1;1,095324E-1;1,180475E-1;9,041511E-1;;
02/12/2021  12:05:22,906158;9,302774E-1;1,385232E-1;1,458495E-1;9,043204E-1;;
02/12/2021  12:05:22,906258;9,320477E-1;1,362931E-1;1,417424E-1;9,045332E-1;;
02/12/2021  12:05:22,906358;9,329150E-1;1,289658E-1;1,202590E-1;9,047892E-1;;
02/12/2021  12:05:22,906458;9,337257E-1;1,292843E-1;1,278414E-1;9,050876E-1;;
02/12/2021  12:05:22,906558;9,350161E-1;1,448948E-1;1,518522E-1;9,054280E-1;;
02/12/2021  12:05:22,906658;9,364944E-1;1,366117E-1;1,464814E-1;9,058097E-1;;
02/12/2021  12:05:22,906758;9,384971E-1;1,197269E-1;1,284732E-1;9,062320E-1;;
02/12/2021  12:05:22,906858;9,398263E-1;1,324701E-1;1,388990E-1;9,066943E-1;;
02/12/2021  12:05:22,906958;9,405714E-1;1,283286E-1;1,272095E-1;9,071960E-1;;
02/12/2021  12:05:22,907058;9,419155E-1;3,530324E-2;7,034176E-2;9,077366E-1;;
02/12/2021  12:05:22,907158;9,441209E-1;1,194084E-1;1,189953E-1;9,083153E-1;;
02/12/2021  12:05:22,907258;9,452773E-1;1,280100E-1;1,310007E-1;9,089315E-1;;
02/12/2021  12:05:22,907358;9,466929E-1;1,394789E-1;1,452176E-1;9,095846E-1;;
02/12/2021  12:05:22,907458;9,468688E-1;1,426647E-1;1,480610E-1;9,102739E-1;;
02/12/2021  12:05:22,907558;9,477569E-1;1,388417E-1;1,360556E-1;9,109987E-1;;
02/12/2021  12:05:22,907658;9,502633E-1;1,200455E-1;1,373193E-1;9,117578E-1;;
02/12/2021  12:05:22,907758;9,511127E-1;1,308772E-1;1,338441E-1;9,125506E-1;;
02/12/2021  12:05:22,907858;9,513064E-1;1,260985E-1;1,199431E-1;9,133759E-1;;
02/12/2021  12:05:22,907958;9,519711E-1;1,347002E-1;1,357397E-1;9,142328E-1;;
02/12/2021  12:05:22,908058;9,527161E-1;1,436204E-1;1,379512E-1;9,151199E-1;;
02/12/2021  12:05:22,908158;9,531572E-1;1,206827E-1;1,161519E-1;9,160360E-1;;
02/12/2021  12:05:22,908258;9,541467E-1;1,292843E-1;1,202590E-1;9,169795E-1;;
02/12/2021  12:05:22,908358;9,543613E-1;1,254614E-1;1,227865E-1;9,179489E-1;;
02/12/2021  12:05:22,908458;9,546712E-1;1,331073E-1;1,376353E-1;9,189424E-1;;
02/12/2021  12:05:22,908558;9,557441E-1;1,254614E-1;1,303688E-1;9,199583E-1;;
02/12/2021  12:05:22,908658;9,570197E-1;1,108067E-1;9,024547E-2;9,209947E-1;;
02/12/2021  12:05:22,908758;9,573058E-1;1,366117E-1;1,164678E-1;9,220499E-1;;
02/12/2021  12:05:22,908858;9,577081E-1;1,200455E-1;1,227865E-1;9,231221E-1;;
02/12/2021  12:05:22,908958;9,571180E-1;1,423461E-1;1,363715E-1;9,242095E-1;;
02/12/2021  12:05:22,909058;9,584323E-1;1,372488E-1;1,265777E-1;9,253101E-1;;
02/12/2021  12:05:22,909158;9,590314E-1;1,353374E-1;1,404787E-1;9,264219E-1;;
02/12/2021  12:05:22,909258;9,589211E-1;1,235499E-1;1,316326E-1;9,275430E-1;;
02/12/2021  12:05:22,909358;9,589897E-1;1,493549E-1;1,445858E-1;9,286714E-1;;
02/12/2021  12:05:22,909458;9,592013E-1;7,905358E-3;8,455870E-2;9,298050E-1;;
02/12/2021  12:05:22,909558;9,596841E-1;3,753330E-2;7,034176E-2;9,309419E-1;;
02/12/2021  12:05:22,909658;9,609328E-1;1,630538E-1;1,897641E-1;9,320799E-1;;
02/12/2021  12:05:22,909758;9,609179E-1;1,331073E-1;1,272095E-1;9,332173E-1;;
02/12/2021  12:05:22,909858;9,605960E-1;1,353374E-1;1,379512E-1;9,343521E-1;;
02/12/2021  12:05:22,909958;9,603487E-1;1,356559E-1;1,379512E-1;9,354827E-1;;
02/12/2021  12:05:22,910058;9,607451E-1;1,254614E-1;1,275255E-1;9,366069E-1;;
02/12/2021  12:05:22,910158;9,612487E-1;1,356559E-1;1,347919E-1;9,377231E-1;;
02/12/2021  12:05:22,910258;9,612189E-1;1,210013E-1;1,256299E-1;9,388294E-1;;
02/12/2021  12:05:22,910358;9,609567E-1;1,264171E-1;1,275255E-1;9,399241E-1;;
02/12/2021  12:05:22,910458;9,603695E-1;1,111253E-1;1,114129E-1;9,410055E-1;;
02/12/2021  12:05:22,910558;9,615050E-1;1,190898E-1;1,180475E-1;9,420719E-1;;
02/12/2021  12:05:22,910658;9,619342E-1;1,397975E-1;1,335282E-1;9,431217E-1;;
02/12/2021  12:05:22,910758;9,613054E-1;1,464877E-1;1,373193E-1;9,441535E-1;;
02/12/2021  12:05:22,910858;9,605305E-1;1,280100E-1;1,322644E-1;9,451659E-1;;
02/12/2021  12:05:22,910958;9,600655E-1;1,464877E-1;1,499566E-1;9,461575E-1;;
02/12/2021  12:05:22,911058;9,613977E-1;7,544432E-2;9,340479E-2;9,471269E-1;;
02/12/2021  12:05:22,911158;9,615408E-1;1,178155E-1;1,193112E-1;9,480727E-1;;
02/12/2021  12:05:22,911258;9,613620E-1;1,280100E-1;1,291051E-1;9,489940E-1;;
02/12/2021  12:05:22,911358;9,604858E-1;1,219570E-1;1,196272E-1;9,498898E-1;;
02/12/2021  12:05:22,911458;9,602116E-1;1,327887E-1;1,332122E-1;9,507592E-1;;
02/12/2021  12:05:22,911558;9,610967E-1;1,592309E-1;1,562753E-1;9,516011E-1;;
02/12/2021  12:05:22,911658;9,608583E-1;1,210013E-1;1,215227E-1;9,524149E-1;;
02/12/2021  12:05:22,911758;9,609030E-1;1,347002E-1;1,332122E-1;9,531998E-1;;
02/12/2021  12:05:22,911858;9,596125E-1;1,468062E-1;1,654373E-1;9,539552E-1;;
02/12/2021  12:05:22,911958;9,589002E-1;1,417090E-1;1,354238E-1;9,546807E-1;;
02/12/2021  12:05:22,912058;9,591446E-1;1,276914E-1;1,120448E-1;9,553756E-1;;
02/12/2021  12:05:22,912158;9,584890E-1;1,362931E-1;1,278414E-1;9,560392E-1;;
02/12/2021  12:05:22,912258;9,580479E-1;1,397975E-1;1,426902E-1;9,566710E-1;;
02/12/2021  12:05:22,912358;9,567604E-1;1,203641E-1;1,291051E-1;9,572705E-1;;
02/12/2021  12:05:22,912458;9,563938E-1;1,340630E-1;1,404787E-1;9,578372E-1;;
02/12/2021  12:05:22,912558;9,561166E-1;1,200455E-1;1,291051E-1;9,583706E-1;;
02/12/2021  12:05:22,912658;9,559438E-1;1,127182E-1;1,199431E-1;9,588702E-1;;
02/12/2021  12:05:22,912758;9,548143E-1;1,254614E-1;1,240502E-1;9,593356E-1;;
02/12/2021  12:05:22,912858;9,538874E-1;1,391603E-1;1,136244E-1;9,597666E-1;;
02/12/2021  12:05:22,912958;9,532436E-1;1,152668E-1;1,177316E-1;9,601628E-1;;
02/12/2021  12:05:22,913058;9,535566E-1;1,092138E-1;1,275255E-1;9,605240E-1;;
02/12/2021  12:05:22,913158;9,526893E-1;1,337445E-1;1,316326E-1;9,608499E-1;;
02/12/2021  12:05:22,913258;9,518042E-1;1,308772E-1;1,316326E-1;9,611406E-1;;
02/12/2021  12:05:22,913358;9,513959E-1;2,001140E-2;7,539667E-2;9,613960E-1;;
02/12/2021  12:05:22,913458;9,511217E-1;1,187712E-1;1,076217E-1;9,616161E-1;;
02/12/2021  12:05:22,913558;9,512558E-1;1,251428E-1;1,136244E-1;9,618011E-1;;
02/12/2021  12:05:22,913658;9,514227E-1;1,311958E-1;1,256299E-1;9,619513E-1;;
02/12/2021  12:05:22,913758;9,502902E-1;1,534964E-1;1,802861E-1;9,620672E-1;;
02/12/2021  12:05:22,913858;9,488745E-1;1,245056E-1;1,265777E-1;9,621494E-1;;
02/12/2021  12:05:22,913958;9,489103E-1;1,178155E-1;9,751191E-2;9,621984E-1;;
02/12/2021  12:05:22,914058;9,489729E-1;1,971419E-1;2,058766E-1;9,622147E-1;;
02/12/2021  12:05:22,914158;9,486778E-1;1,267357E-1;1,193112E-1;9,621988E-1;;
02/12/2021  12:05:22,914258;9,475751E-1;1,343816E-1;1,272095E-1;9,621516E-1;;
02/12/2021  12:05:22,914358;9,472622E-1;1,397975E-1;1,281573E-1;9,620739E-1;;
02/12/2021  12:05:22,914458;9,462995E-1;1,213198E-1;1,193112E-1;9,619663E-1;;
02/12/2021  12:05:22,914558;9,468867E-1;1,417090E-1;1,442698E-1;9,618298E-1;;
02/12/2021  12:05:22,914658;9,462727E-1;1,407532E-1;1,354238E-1;9,616651E-1;;
02/12/2021  12:05:22,914758;9,452415E-1;1,152668E-1;1,054102E-1;9,614732E-1;;
02/12/2021  12:05:22,914858;9,450329E-1;4,581638E-2;8,992954E-2;9,612552E-1;;
02/12/2021  12:05:22,914958;9,445054E-1;1,522221E-1;1,597505E-1;9,610118E-1;;
02/12/2021  12:05:22,915058;9,451640E-1;1,337445E-1;1,338441E-1;9,607442E-1;;
02/12/2021  12:05:22,915158;9,438199E-1;1,069837E-1;1,145722E-1;9,604535E-1;;
02/12/2021  12:05:22,915258;9,439064E-1;9,264764E-2;9,877564E-2;9,601406E-1;;
02/12/2021  12:05:22,915358;9,425622E-1;9,041758E-2;9,340479E-2;9,598068E-1;;
02/12/2021  12:05:22,915458;9,426099E-1;1,171783E-1;1,401627E-1;9,594531E-1;;
02/12/2021  12:05:22,915558;9,420079E-1;1,009307E-1;1,107811E-1;9,590805E-1;;
02/12/2021  12:05:22,915658;9,415221E-1;1,219570E-1;1,575390E-1;9,586901E-1;;
02/12/2021  12:05:22,915758;9,405923E-1;1,034794E-1;1,158360E-1;9,582827E-1;;
02/12/2021  12:05:22,915858;9,395462E-1;9,838208E-2;1,069899E-1;9,578595E-1;;
02/12/2021  12:05:22,915958;9,393376E-1;9,455912E-2;8,740209E-2;9,574212E-1;;
02/12/2021  12:05:22,916058;9,390693E-1;1,047537E-1;1,133085E-1;9,569686E-1;;
02/12/2021  12:05:22,916158;9,387385E-1;1,041165E-1;1,234183E-1;9,565025E-1;;
02/12/2021  12:05:22,916258;9,378265E-1;1,111253E-1;1,328963E-1;9,560240E-1;;
02/12/2021  12:05:22,916358;9,370189E-1;9,901924E-2;1,073058E-1;9,555337E-1;;
02/12/2021  12:05:22,916458;9,370308E-1;9,264764E-2;1,152041E-1;9,550324E-1;;
02/12/2021  12:05:22,916558;9,370219E-1;8,532030E-2;1,038306E-1;9,545209E-1;;
02/12/2021  12:05:22,916658;9,362291E-1;5,282514E-2;6,497092E-2;9,540001E-1;;
02/12/2021  12:05:22,916758;9,356062E-1;9,838208E-2;1,332122E-1;9,534708E-1;;
02/12/2021  12:05:22,916858;9,355913E-1;1,254614E-1;1,648054E-1;9,529338E-1;;
02/12/2021  12:05:22,916958;9,361725E-1;2,032998E-2;4,696279E-2;9,523899E-1;;
02/12/2021  12:05:22,917058;9,350787E-1;1,165411E-1;1,284732E-1;9,518401E-1;;
02/12/2021  12:05:22,917158;9,350131E-1;1,069837E-1;1,120448E-1;9,512851E-1;;
02/12/2021  12:05:22,917258;9,347330E-1;1,334259E-1;1,325804E-1;9,507260E-1;;
02/12/2021  12:05:22,917358;9,350519E-1;1,394789E-1;1,322644E-1;9,501637E-1;;
02/12/2021  12:05:22,917458;9,359698E-1;1,519035E-1;1,215227E-1;9,495990E-1;;
02/12/2021  12:05:22,917558;9,356062E-1;1,751599E-1;1,840773E-1;9,490331E-1;;
02/12/2021  12:05:22,917658;9,350251E-1;1,767528E-1;1,584868E-1;9,484671E-1;;
02/12/2021  12:05:22,917758;9,347062E-1;1,630538E-1;1,363715E-1;9,479021E-1;;
02/12/2021  12:05:22,917858;9,349953E-1;1,611423E-1;1,812339E-1;9,473392E-1;;
02/12/2021  12:05:22,917958;9,353857E-1;1,210013E-1;1,019350E-1;9,467792E-1;;
02/12/2021  12:05:22,918058;9,350578E-1;1,448948E-1;1,449017E-1;9,462232E-1;;
02/12/2021  12:05:22,918158;9,348850E-1;1,289658E-1;1,366875E-1;9,456722E-1;;
02/12/2021  12:05:22,918258;9,347956E-1;1,257800E-1;1,253139E-1;9,451271E-1;;
02/12/2021  12:05:22,918358;9,354870E-1;1,280100E-1;1,275255E-1;9,445890E-1;;
02/12/2021  12:05:22,918458;9,361606E-1;1,120810E-1;1,531159E-1;9,440586E-1;;
02/12/2021  12:05:22,918558;9,356688E-1;1,362931E-1;1,306848E-1;9,435370E-1;;
02/12/2021  12:05:22,918658;9,353291E-1;1,203641E-1;1,461654E-1;9,430251E-1;;
02/12/2021  12:05:22,918758;9,347151E-1;1,225942E-1;1,208909E-1;9,425238E-1;;
02/12/2021  12:05:22,918858;9,353231E-1;1,273729E-1;1,562753E-1;9,420339E-1;;
02/12/2021  12:05:22,918958;9,358864E-1;1,315144E-1;1,452176E-1;9,415558E-1;;
02/12/2021  12:05:22,919058;9,354483E-1;1,238685E-1;1,253139E-1;9,410903E-1;;
02/12/2021  12:05:22,919158;9,355228E-1;1,273729E-1;1,354238E-1;9,406380E-1;;
02/12/2021  12:05:22,919258;9,354095E-1;1,254614E-1;1,319485E-1;9,401995E-1;;
02/12/2021  12:05:22,919358;9,369414E-1;9,519628E-2;9,877564E-2;9,397753E-1;;
02/12/2021  12:05:22,919458;9,372066E-1;1,168597E-1;1,208909E-1;9,393660E-1;;
02/12/2021  12:05:22,919558;9,368937E-1;1,114439E-1;1,164678E-1;9,389721E-1;;
02/12/2021  12:05:22,919658;9,360920E-1;1,092138E-1;9,466852E-2;9,385944E-1;;
02/12/2021  12:05:22,919758;9,360741E-1;-1,577562E-1;-1,401209E-2;9,382331E-1;;
02/12/2021  12:05:22,919858;9,363185E-1;1,391603E-1;1,483770E-1;9,378884E-1;;
02/12/2021  12:05:22,919958;9,366046E-1;1,159040E-1;1,316326E-1;9,375607E-1;;
02/12/2021  12:05:22,920058;9,364258E-1;1,047537E-1;1,136244E-1;9,372499E-1;;
02/12/2021  12:05:22,920158;9,363006E-1;1,127182E-1;1,170997E-1;9,369561E-1;;
02/12/2021  12:05:22,920258;9,371798E-1;1,267357E-1;1,272095E-1;9,366794E-1;;
02/12/2021  12:05:22,920358;9,379011E-1;1,130368E-1;1,177316E-1;9,364199E-1;;
02/12/2021  12:05:22,920458;9,381156E-1;1,114439E-1;1,164678E-1;9,361776E-1;;
02/12/2021  12:05:22,920558;9,376835E-1;1,139925E-1;1,256299E-1;9,359526E-1;;
02/12/2021  12:05:22,920658;9,371172E-1;1,276914E-1;1,316326E-1;9,357451E-1;;
02/12/2021  12:05:22,920758;9,378206E-1;1,171783E-1;1,129926E-1;9,355548E-1;;
02/12/2021  12:05:22,920858;9,388398E-1;1,123996E-1;1,145722E-1;9,353816E-1;;
02/12/2021  12:05:22,920958;9,386968E-1;1,044351E-1;1,133085E-1;9,352255E-1;;
02/12/2021  12:05:22,921058;9,388249E-1;1,184526E-1;1,275255E-1;9,350863E-1;;
02/12/2021  12:05:22,921158;9,384763E-1;1,073023E-1;1,167838E-1;9,349639E-1;;
02/12/2021  12:05:22,921258;9,390395E-1;1,143111E-1;1,155200E-1;9,348581E-1;;
02/12/2021  12:05:22,921358;9,396505E-1;1,397975E-1;1,455336E-1;9,347687E-1;;
02/12/2021  12:05:22,921458;9,396714E-1;1,206827E-1;1,268936E-1;9,346953E-1;;
02/12/2021  12:05:22,921558;9,391677E-1;1,203641E-1;1,196272E-1;9,346379E-1;;
02/12/2021  12:05:22,921658;9,381365E-1;1,111253E-1;9,466852E-2;9,345959E-1;;
02/12/2021  12:05:22,921758;9,384017E-1;1,117624E-1;1,215227E-1;9,345689E-1;;
02/12/2021  12:05:22,921858;9,387087E-1;1,280100E-1;1,490088E-1;9,345562E-1;;
02/12/2021  12:05:22,921958;9,385210E-1;1,391603E-1;1,430061E-1;9,345571E-1;;
02/12/2021  12:05:22,922058;9,381097E-1;1,378860E-1;1,322644E-1;9,345709E-1;;
02/12/2021  12:05:22,922158;9,371590E-1;1,025236E-1;1,060421E-1;9,345968E-1;;
02/12/2021  12:05:22,922258;9,373557E-1;8,245308E-2;7,824006E-2;9,346340E-1;;
02/12/2021  12:05:22,922358;9,378832E-1;1,171783E-1;1,183634E-1;9,346815E-1;;
02/12/2021  12:05:22,922458;9,366791E-1;1,203641E-1;1,066739E-1;9,347384E-1;;
02/12/2021  12:05:22,922558;9,359102E-1;1,289658E-1;1,272095E-1;9,348037E-1;;
02/12/2021  12:05:22,922658;9,352247E-1;1,082581E-1;1,088855E-1;9,348763E-1;;
02/12/2021  12:05:22,922758;9,349327E-1;1,283286E-1;1,196272E-1;9,349550E-1;;
02/12/2021  12:05:22,922858;9,353171E-1;1,267357E-1;1,224705E-1;9,350385E-1;;
02/12/2021  12:05:22,922958;9,348403E-1;1,190898E-1;1,133085E-1;9,351257E-1;;
02/12/2021  12:05:22,923058;9,341548E-1;1,155854E-1;1,199431E-1;9,352155E-1;;
02/12/2021  12:05:22,923158;9,329657E-1;9,647060E-2;1,110970E-1;9,353067E-1;;
02/12/2021  12:05:22,923258;9,334634E-1;1,378860E-1;1,379512E-1;9,353982E-1;;
02/12/2021  12:05:22,923358;9,337763E-1;1,219570E-1;1,366875E-1;9,354886E-1;;
02/12/2021  12:05:22,923458;9,331117E-1;1,353374E-1;1,275255E-1;9,355772E-1;;
02/12/2021  12:05:22,923558;9,321401E-1;1,060280E-1;9,056141E-2;9,356628E-1;;
02/12/2021  12:05:22,923658;9,313325E-1;1,120810E-1;1,423743E-1;9,357445E-1;;
02/12/2021  12:05:22,923758;9,317587E-1;1,229127E-1;1,426902E-1;9,358213E-1;;
02/12/2021  12:05:22,923858;9,316931E-1;1,238685E-1;1,332122E-1;9,358922E-1;;
02/12/2021  12:05:22,923958;9,316663E-1;1,213198E-1;1,313166E-1;9,359564E-1;;
02/12/2021  12:05:22,924058;9,311447E-1;1,149482E-1;1,088855E-1;9,360132E-1;;
02/12/2021  12:05:22,924158;9,301255E-1;1,013542E-2;3,337771E-2;9,360619E-1;;
02/12/2021  12:05:22,924258;9,311447E-1;1,178155E-1;1,354238E-1;9,361021E-1;;
02/12/2021  12:05:22,924358;9,314904E-1;1,270543E-1;1,310007E-1;9,361330E-1;;
02/12/2021  12:05:22,924458;9,306291E-1;1,238685E-1;1,347919E-1;9,361545E-1;;
02/12/2021  12:05:22,924558;9,299526E-1;1,327887E-1;1,332122E-1;9,361662E-1;;
02/12/2021  12:05:22,924658;9,295532E-1;1,340630E-1;1,243661E-1;9,361680E-1;;
02/12/2021  12:05:22,924758;9,303728E-1;1,028422E-1;1,057261E-1;9,361593E-1;;
02/12/2021  12:05:22,924858;9,306798E-1;1,286472E-1;1,357397E-1;9,361403E-1;;
02/12/2021  12:05:22,924958;9,297708E-1;1,111253E-1;1,284732E-1;9,361108E-1;;
02/12/2021  12:05:22,925058;9,295175E-1;1,127182E-1;1,262617E-1;9,360709E-1;;
02/12/2021  12:05:22,925158;9,297052E-1;1,232313E-1;1,224705E-1;9,360207E-1;;
02/12/2021  12:05:22,925258;9,306232E-1;1,378860E-1;1,515363E-1;9,359603E-1;;
02/12/2021  12:05:22,925358;9,302685E-1;1,174969E-1;1,164678E-1;9,358899E-1;;
02/12/2021  12:05:22,925458;9,294847E-1;1,350188E-1;1,262617E-1;9,358100E-1;;
02/12/2021  12:05:22,925558;9,285399E-1;1,474434E-1;1,578549E-1;9,357209E-1;;
02/12/2021  12:05:22,925658;9,279111E-1;1,174969E-1;1,186794E-1;9,356227E-1;;
02/12/2021  12:05:22,925758;9,288380E-1;1,232313E-1;1,158360E-1;9,355156E-1;;
02/12/2021  12:05:22,925858;9,277293E-1;1,413904E-1;1,379512E-1;9,353996E-1;;
02/12/2021  12:05:22,925958;9,277084E-1;1,353374E-1;1,246821E-1;9,352751E-1;;
02/12/2021  12:05:22,926058;9,270081E-1;1,362931E-1;1,357397E-1;9,351422E-1;;
02/12/2021  12:05:22,926158;9,256669E-1;1,334259E-1;1,291051E-1;9,350009E-1;;
02/12/2021  12:05:22,926258;9,266027E-1;9,009900E-2;7,666040E-2;9,348514E-1;;
02/12/2021  12:05:22,926358;9,258338E-1;1,184526E-1;9,024547E-2;9,346937E-1;;
02/12/2021  12:05:22,926458;9,256371E-1;1,318330E-1;1,300529E-1;9,345279E-1;;
02/12/2021  12:05:22,926558;9,246983E-1;1,225942E-1;1,193112E-1;9,343541E-1;;
02/12/2021  12:05:22,926658;9,246000E-1;4,740928E-2;5,738855E-2;9,341724E-1;;
02/12/2021  12:05:22,926758;9,242900E-1;1,347002E-1;1,417424E-1;9,339828E-1;;
02/12/2021  12:05:22,926858;9,242394E-1;1,347002E-1;1,278414E-1;9,337855E-1;;
02/12/2021  12:05:22,926958;9,237536E-1;1,353374E-1;1,401627E-1;9,335805E-1;;
02/12/2021  12:05:22,927058;9,233363E-1;1,098510E-1;1,186794E-1;9,333681E-1;;
02/12/2021  12:05:22,927158;9,239205E-1;1,347002E-1;1,243661E-1;9,331483E-1;;
02/12/2021  12:05:22,927258;9,243168E-1;1,458505E-1;1,262617E-1;9,329216E-1;;
02/12/2021  12:05:22,927358;9,239652E-1;1,448948E-1;1,335282E-1;9,326882E-1;;
02/12/2021  12:05:22,927458;9,233810E-1;1,331073E-1;1,423743E-1;9,324486E-1;;
02/12/2021  12:05:22,927558;9,225764E-1;1,503106E-1;1,445858E-1;9,322033E-1;;
02/12/2021  12:05:22,927658;9,234168E-1;1,426647E-1;1,436380E-1;9,319526E-1;;
02/12/2021  12:05:22,927758;9,236373E-1;1,152668E-1;1,262617E-1;9,316970E-1;;
02/12/2021  12:05:22,927858;9,238579E-1;1,264171E-1;1,249980E-1;9,314369E-1;;
02/12/2021  12:05:22,927958;9,230323E-1;1,162226E-1;1,316326E-1;9,311729E-1;;
02/12/2021  12:05:22,928058;9,231516E-1;1,238685E-1;1,294210E-1;9,309057E-1;;
02/12/2021  12:05:22,928158;9,241738E-1;9,965640E-2;1,050943E-1;9,306358E-1;;
02/12/2021  12:05:22,928258;9,249457E-1;1,143111E-1;1,199431E-1;9,303639E-1;;
02/12/2021  12:05:22,928358;9,255626E-1;1,225942E-1;1,281573E-1;9,300908E-1;;
02/12/2021  12:05:22,928458;9,248444E-1;1,037979E-1;1,092014E-1;9,298175E-1;;
02/12/2021  12:05:22,928558;9,254315E-1;7,417000E-2;9,308886E-2;9,295450E-1;;
02/12/2021  12:05:22,928658;9,260991E-1;1,104881E-1;1,490088E-1;9,292742E-1;;
02/12/2021  12:05:22,928758;9,273180E-1;1,085766E-1;1,161519E-1;9,290060E-1;;
02/12/2021  12:05:22,928858;9,277084E-1;1,044351E-1;1,167838E-1;9,287415E-1;;
02/12/2021  12:05:22,928958;9,272882E-1;1,197269E-1;1,215227E-1;9,284819E-1;;
02/12/2021  12:05:22,929058;9,279796E-1;1,203641E-1;1,278414E-1;9,282283E-1;;
02/12/2021  12:05:22,929158;9,294698E-1;8,532030E-2;9,972343E-2;9,279818E-1;;
02/12/2021  12:05:22,929258;9,300778E-1;9,647060E-2;1,161519E-1;9,277435E-1;;
02/12/2021  12:05:22,929358;9,303579E-1;1,159040E-1;1,319485E-1;9,275146E-1;;
02/12/2021  12:05:22,929458;9,299198E-1;1,082581E-1;1,186794E-1;9,272963E-1;;
02/12/2021  12:05:22,929558;9,295890E-1;8,882468E-2;1,000394E-1;9,270895E-1;;
02/12/2021  12:05:22,929658;9,311477E-1;1,044351E-1;1,095173E-1;9,268951E-1;;
02/12/2021  12:05:22,929758;9,313653E-1;1,299215E-1;1,382671E-1;9,267138E-1;;
02/12/2021  12:05:22,929858;9,311268E-1;1,245056E-1;1,332122E-1;9,265465E-1;;
02/12/2021  12:05:22,929958;9,315024E-1;1,401161E-1;1,477451E-1;9,263939E-1;;
02/12/2021  12:05:22,930058;9,317467E-1;1,372488E-1;1,433221E-1;9,262563E-1;;
02/12/2021  12:05:22,930158;9,331534E-1;1,458505E-1;1,461654E-1;9,261345E-1;;
02/12/2021  12:05:22,930258;9,333740E-1;1,483991E-1;1,426902E-1;9,260288E-1;;
02/12/2021  12:05:22,930358;9,332756E-1;1,582751E-1;1,357397E-1;9,259398E-1;;
02/12/2021  12:05:22,930458;9,332190E-1;1,292843E-1;9,340479E-2;9,258679E-1;;
02/12/2021  12:05:22,930558;9,337614E-1;1,681511E-1;1,417424E-1;9,258133E-1;;
02/12/2021  12:05:22,930658;9,348611E-1;1,923632E-1;1,903959E-1;9,257762E-1;;
02/12/2021  12:05:22,930758;9,358983E-1;1,738855E-1;1,606983E-1;9,257568E-1;;
02/12/2021  12:05:22,930858;9,359281E-1;1,560451E-1;1,467973E-1;9,257554E-1;;
02/12/2021  12:05:22,930958;9,359430E-1;1,401161E-1;1,411105E-1;9,257721E-1;;
02/12/2021  12:05:22,931058;9,379279E-1;1,388417E-1;1,262617E-1;9,258072E-1;;
02/12/2021  12:05:22,931158;9,393614E-1;1,222756E-1;1,170997E-1;9,258609E-1;;
02/12/2021  12:05:22,931258;9,394329E-1;1,184526E-1;9,877564E-2;9,259335E-1;;
02/12/2021  12:05:22,931358;9,400797E-1;1,257800E-1;1,256299E-1;9,260253E-1;;
02/12/2021  12:05:22,931458;9,401810E-1;1,391603E-1;1,401627E-1;9,261367E-1;;
02/12/2021  12:05:22,931558;9,409469E-1;1,509478E-1;1,316326E-1;9,262677E-1;;
02/12/2021  12:05:22,931658;9,420228E-1;1,324701E-1;1,101492E-1;9,264185E-1;;
02/12/2021  12:05:22,931758;9,424967E-1;1,210013E-1;1,129926E-1;9,265891E-1;;
02/12/2021  12:05:22,931858;9,425235E-1;1,448948E-1;1,303688E-1;9,267795E-1;;
02/12/2021  12:05:22,931958;9,432477E-1;1,433019E-1;1,373193E-1;9,269898E-1;;
02/12/2021  12:05:22,932058;9,445739E-1;8,117876E-2;9,119327E-2;9,272197E-1;;
02/12/2021  12:05:22,932158;9,466453E-1;1,429833E-1;1,499566E-1;9,274691E-1;;
02/12/2021  12:05:22,932258;9,466006E-1;1,257800E-1;1,246821E-1;9,277383E-1;;
02/12/2021  12:05:22,932358;9,469165E-1;1,302401E-1;1,275255E-1;9,280271E-1;;
02/12/2021  12:05:22,932458;9,474857E-1;7,385142E-2;1,126766E-1;9,283357E-1;;
02/12/2021  12:05:22,932558;9,495123E-1;1,190898E-1;1,202590E-1;9,286637E-1;;
02/12/2021  12:05:22,932658;9,504451E-1;1,155854E-1;1,139404E-1;9,290112E-1;;
02/12/2021  12:05:22,932758;9,510382E-1;1,302401E-1;1,316326E-1;9,293782E-1;;
02/12/2021  12:05:22,932858;9,518965E-1;1,311958E-1;1,205749E-1;9,297647E-1;;
02/12/2021  12:05:22,932958;9,520396E-1;1,487177E-1;1,818658E-1;9,301706E-1;;
02/12/2021  12:05:22,933058;9,543106E-1;1,362931E-1;1,648054E-1;9,305957E-1;;
02/12/2021  12:05:22,933158;9,551242E-1;1,280100E-1;1,319485E-1;9,310401E-1;;
02/12/2021  12:05:22,933258;9,553835E-1;1,305587E-1;1,480610E-1;9,315035E-1;;
02/12/2021  12:05:22,933358;9,555325E-1;1,139925E-1;1,161519E-1;9,319860E-1;;
02/12/2021  12:05:22,933458;9,558961E-1;1,069837E-1;1,249980E-1;9,324871E-1;;
02/12/2021  12:05:22,933558;9,578601E-1;1,225942E-1;1,101492E-1;9,330066E-1;;
02/12/2021  12:05:22,933658;9,582416E-1;1,286472E-1;1,310007E-1;9,335440E-1;;
02/12/2021  12:05:22,933758;9,587661E-1;1,471248E-1;1,499566E-1;9,340989E-1;;
02/12/2021  12:05:22,933858;9,589628E-1;1,273729E-1;1,328963E-1;9,346709E-1;;
02/12/2021  12:05:22,933958;9,592877E-1;1,299215E-1;1,310007E-1;9,352595E-1;;
02/12/2021  12:05:22,934058;9,610818E-1;1,296029E-1;1,382671E-1;9,358640E-1;;
02/12/2021  12:05:22,934158;9,618925E-1;1,359745E-1;1,347919E-1;9,364838E-1;;
02/12/2021  12:05:22,934258;9,617047E-1;1,232313E-1;1,095173E-1;9,371183E-1;;
02/12/2021  12:05:22,934358;9,619342E-1;1,053908E-1;1,562753E-1;9,377670E-1;;
02/12/2021  12:05:22,934458;9,621965E-1;1,286472E-1;1,237343E-1;9,384289E-1;;
02/12/2021  12:05:22,934558;9,632723E-1;1,025236E-1;1,041465E-1;9,391033E-1;;
02/12/2021  12:05:22,934658;9,643184E-1;1,362931E-1;1,379512E-1;9,397893E-1;;
02/12/2021  12:05:22,934758;9,635525E-1;1,047537E-1;1,028828E-1;9,404860E-1;;
02/12/2021  12:05:22,934858;9,636508E-1;9,901924E-2;1,129926E-1;9,411926E-1;;
02/12/2021  12:05:22,934958;9,642320E-1;1,245056E-1;1,275255E-1;9,419080E-1;;
02/12/2021  12:05:22,935058;9,649115E-1;6,684266E-2;4,380347E-2;9,426310E-1;;
02/12/2021  12:05:22,935158;9,650456E-1;1,439390E-1;1,875525E-1;9,433606E-1;;
02/12/2021  12:05:22,935258;9,646522E-1;1,388417E-1;1,363715E-1;9,440957E-1;;
02/12/2021  12:05:22,935358;9,633111E-1;1,331073E-1;1,294210E-1;9,448350E-1;;
02/12/2021  12:05:22,935458;9,639161E-1;1,037979E-1;1,170997E-1;9,455772E-1;;
02/12/2021  12:05:22,935558;9,648519E-1;1,343816E-1;1,351078E-1;9,463208E-1;;
02/12/2021  12:05:22,935658;9,642320E-1;1,331073E-1;1,373193E-1;9,470644E-1;;
02/12/2021  12:05:22,935758;9,641813E-1;1,238685E-1;1,306848E-1;9,478065E-1;;
02/12/2021  12:05:22,935858;9,635644E-1;1,426647E-1;1,373193E-1;9,485458E-1;;
02/12/2021  12:05:22,935958;9,646254E-1;1,159040E-1;1,152041E-1;9,492808E-1;;
02/12/2021  12:05:22,936058;9,650993E-1;1,423461E-1;1,423743E-1;9,500100E-1;;
02/12/2021  12:05:22,936158;9,646969E-1;1,114439E-1;1,167838E-1;9,507324E-1;;
02/12/2021  12:05:22,936258;9,644615E-1;1,292843E-1;1,518522E-1;9,514467E-1;;
02/12/2021  12:05:22,936358;9,643810E-1;1,340630E-1;1,313166E-1;9,521517E-1;;
02/12/2021  12:05:22,936458;9,651917E-1;1,270543E-1;1,237343E-1;9,528463E-1;;
02/12/2021  12:05:22,936558;9,660709E-1;1,245056E-1;1,474292E-1;9,535294E-1;;
02/12/2021  12:05:22,936658;9,655791E-1;1,292843E-1;1,221546E-1;9,542002E-1;;
02/12/2021  12:05:22,936758;9,653586E-1;1,385232E-1;1,458495E-1;9,548579E-1;;
02/12/2021  12:05:22,936858;9,650486E-1;1,165411E-1;1,177316E-1;9,555017E-1;;
02/12/2021  12:05:22,936958;9,660977E-1;7,586778E-3;7,350108E-2;9,561309E-1;;
02/12/2021  12:05:22,937058;9,657520E-1;1,018865E-1;1,208909E-1;9,567448E-1;;
02/12/2021  12:05:22,937158;9,656149E-1;1,260985E-1;1,332122E-1;9,573428E-1;;
02/12/2021  12:05:22,937258;9,652215E-1;1,184526E-1;1,060421E-1;9,579245E-1;;
02/12/2021  12:05:22,937358;9,638923E-1;1,570008E-1;1,152041E-1;9,584891E-1;;
02/12/2021  12:05:22,937458;9,650397E-1;1,302401E-1;1,610142E-1;9,590360E-1;;
02/12/2021  12:05:22,937558;9,649741E-1;1,216384E-1;1,259458E-1;9,595647E-1;;
02/12/2021  12:05:22,937658;9,643393E-1;1,165411E-1;1,284732E-1;9,600746E-1;;
02/12/2021  12:05:22,937758;9,637343E-1;1,136739E-1;1,120448E-1;9,605653E-1;;
02/12/2021  12:05:22,937858;9,634303E-1;1,257800E-1;1,366875E-1;9,610363E-1;;
02/12/2021  12:05:22,937958;9,639578E-1;1,318330E-1;1,742834E-1;9,614871E-1;;
02/12/2021  12:05:22,938058;9,641456E-1;1,388417E-1;1,360556E-1;9,619174E-1;;
02/12/2021  12:05:22,938158;9,623485E-1;1,331073E-1;1,433221E-1;9,623267E-1;;
02/12/2021  12:05:22,938258;9,622590E-1;1,264171E-1;1,234183E-1;9,627149E-1;;
02/12/2021  12:05:22,938358;9,621369E-1;1,225942E-1;1,253139E-1;9,630816E-1;;
02/12/2021  12:05:22,938458;9,628432E-1;1,190898E-1;1,253139E-1;9,634264E-1;;
02/12/2021  12:05:22,938558;9,619461E-1;1,283286E-1;1,291051E-1;9,637491E-1;;
02/12/2021  12:05:22,938658;9,615438E-1;9,551486E-2;1,114129E-1;9,640497E-1;;
02/12/2021  12:05:22,938758;9,608166E-1;1,477620E-1;1,606983E-1;9,643280E-1;;
02/12/2021  12:05:22,938858;9,603397E-1;1,210013E-1;1,231024E-1;9,645839E-1;;
02/12/2021  12:05:22,938958;9,612845E-1;1,614609E-1;1,395309E-1;9,648173E-1;;
02/12/2021  12:05:22,939058;9,608047E-1;1,286472E-1;1,287892E-1;9,650283E-1;;
02/12/2021  12:05:22,939158;9,596394E-1;1,130368E-1;8,961361E-2;9,652168E-1;;
02/12/2021  12:05:22,939258;9,584890E-1;5,664810E-2;9,182514E-2;9,653831E-1;;
02/12/2021  12:05:22,939358;9,575234E-1;1,235499E-1;1,411105E-1;9,655270E-1;;
02/12/2021  12:05:22,939458;9,571240E-1;1,101695E-1;1,246821E-1;9,656485E-1;;
02/12/2021  12:05:22,939558;9,567932E-1;1,445762E-1;1,445858E-1;9,657473E-1;;
02/12/2021  12:05:22,939658;9,550765E-1;1,057094E-1;9,909157E-2;9,658234E-1;;
02/12/2021  12:05:22,939758;9,535268E-1;1,350188E-1;1,338441E-1;9,658765E-1;;
02/12/2021  12:05:22,939858;9,527996E-1;1,225942E-1;1,088855E-1;9,659063E-1;;
02/12/2021  12:05:22,939958;9,526863E-1;1,248242E-1;1,287892E-1;9,659123E-1;;
02/12/2021  12:05:22,940058;9,505077E-1;1,197269E-1;1,164678E-1;9,658943E-1;;
02/12/2021  12:05:22,940158;9,485377E-1;1,257800E-1;1,224705E-1;9,658518E-1;;
02/12/2021  12:05:22,940258;9,469582E-1;1,146297E-1;1,275255E-1;9,657842E-1;;
02/12/2021  12:05:22,940358;9,465767E-1;9,965640E-2;7,981972E-2;9,656909E-1;;
02/12/2021  12:05:22,940458;9,458138E-1;1,206827E-1;1,123607E-1;9,655711E-1;;
02/12/2021  12:05:22,940558;9,444398E-1;1,248242E-1;1,126766E-1;9,654243E-1;;
02/12/2021  12:05:22,940658;9,435070E-1;1,347002E-1;1,325804E-1;9,652501E-1;;
02/12/2021  12:05:22,940758;9,418440E-1;1,359745E-1;1,174156E-1;9,650479E-1;;
02/12/2021  12:05:22,940858;9,420794E-1;1,162226E-1;1,177316E-1;9,648174E-1;;
02/12/2021  12:05:22,940958;9,415072E-1;1,041165E-1;1,392149E-1;9,645583E-1;;
02/12/2021  12:05:22,941058;9,406757E-1;1,108067E-1;1,066739E-1;9,642706E-1;;
02/12/2021  12:05:22,941158;9,392690E-1;1,225942E-1;1,771268E-1;9,639542E-1;;
02/12/2021  12:05:22,941258;9,385329E-1;1,171783E-1;1,496407E-1;9,636093E-1;;
02/12/2021  12:05:22,941358;9,385508E-1;1,123996E-1;1,420583E-1;9,632361E-1;;
02/12/2021  12:05:22,941458;9,384286E-1;9,678918E-2;1,237343E-1;9,628349E-1;;
02/12/2021  12:05:22,941558;9,379398E-1;1,232313E-1;1,278414E-1;9,624062E-1;;
02/12/2021  12:05:22,941658;9,360533E-1;1,114439E-1;1,328963E-1;9,619508E-1;;
02/12/2021  12:05:22,941758;9,356092E-1;7,512574E-2;3,400958E-2;9,614692E-1;;
02/12/2021  12:05:22,941858;9,360264E-1;8,850610E-2;1,253139E-1;9,609622E-1;;
02/12/2021  12:05:22,941958;9,362887E-1;1,159040E-1;1,284732E-1;9,604306E-1;;
02/12/2021  12:05:22,942058;9,354602E-1;1,206827E-1;1,253139E-1;9,598755E-1;;
02/12/2021  12:05:22,942158;9,340893E-1;9,105474E-2;8,708615E-2;9,592982E-1;;
02/12/2021  12:05:22,942258;9,336720E-1;1,143111E-1;1,205749E-1;9,586997E-1;;
02/12/2021  12:05:22,942358;9,340475E-1;1,114439E-1;1,212068E-1;9,580812E-1;;
02/12/2021  12:05:22,942458;9,331117E-1;9,455912E-2;1,028828E-1;9,574439E-1;;
02/12/2021  12:05:22,942558;9,319941E-1;8,181592E-2;9,561632E-2;9,567891E-1;;
02/12/2021  12:05:22,942658;9,314010E-1;9,009900E-2;9,814378E-2;9,561179E-1;;
02/12/2021  12:05:22,942758;9,310523E-1;8,500172E-2;1,110970E-1;9,554316E-1;;
02/12/2021  12:05:22,942858;9,318153E-1;1,079395E-1;1,253139E-1;9,547313E-1;;
02/12/2021  12:05:22,942958;9,317110E-1;1,159040E-1;1,253139E-1;9,540184E-1;;
02/12/2021  12:05:22,943058;9,314427E-1;1,159040E-1;1,376353E-1;9,532944E-1;;
02/12/2021  12:05:22,943158;9,297708E-1;9,870066E-2;9,972343E-2;9,525606E-1;;
02/12/2021  12:05:22,943258;9,297857E-1;2,376015E-1;2,317830E-1;9,518187E-1;;
02/12/2021  12:05:22,943358;9,306202E-1;1,311958E-1;1,177316E-1;9,510698E-1;;
02/12/2021  12:05:22,943458;9,299168E-1;1,286472E-1;1,278414E-1;9,503153E-1;;
02/12/2021  12:05:22,943558;9,296128E-1;1,522221E-1;1,370034E-1;9,495568E-1;;
02/12/2021  12:05:22,943658;9,286591E-1;1,547707E-1;1,385831E-1;9,487956E-1;;
02/12/2021  12:05:22,943758;9,281346E-1;1,923632E-1;1,742834E-1;9,480330E-1;;
02/12/2021  12:05:22,943858;9,290108E-1;1,483991E-1;1,189953E-1;9,472702E-1;;
02/12/2021  12:05:22,943958;9,287992E-1;1,289658E-1;6,970989E-2;9,465085E-1;;
02/12/2021  12:05:22,944058;9,281108E-1;1,359745E-1;1,303688E-1;9,457491E-1;;
02/12/2021  12:05:22,944158;9,273120E-1;1,436204E-1;1,379512E-1;9,449933E-1;;
02/12/2021  12:05:22,944258;9,271452E-1;1,315144E-1;1,253139E-1;9,442421E-1;;
02/12/2021  12:05:22,944358;9,279349E-1;8,436456E-2;6,117973E-2;9,434966E-1;;
02/12/2021  12:05:22,944458;9,268263E-1;1,353374E-1;1,360556E-1;9,427578E-1;;
02/12/2021  12:05:22,944558;9,267041E-1;1,276914E-1;1,325804E-1;9,420266E-1;;
02/12/2021  12:05:22,944658;9,257355E-1;1,289658E-1;1,332122E-1;9,413041E-1;;
02/12/2021  12:05:22,944758;9,257563E-1;1,375674E-1;1,458495E-1;9,405908E-1;;
02/12/2021  12:05:22,944858;9,266772E-1;1,012493E-1;1,063580E-1;9,398876E-1;;
02/12/2021  12:05:22,944958;9,254374E-1;1,200455E-1;1,262617E-1;9,391951E-1;;
02/12/2021  12:05:22,945058;9,240725E-1;1,104881E-1;1,174156E-1;9,385140E-1;;
02/12/2021  12:05:22,945158;9,227045E-1;1,359745E-1;1,401627E-1;9,378447E-1;;
02/12/2021  12:05:22,945258;9,222426E-1;1,251428E-1;1,926074E-1;9,371874E-1;;
02/12/2021  12:05:22,945358;9,227582E-1;1,225942E-1;1,493248E-1;9,365421E-1;;
02/12/2021  12:05:22,945458;9,222187E-1;1,098510E-1;1,101492E-1;9,359088E-1;;
02/12/2021  12:05:22,945558;9,215452E-1;1,318330E-1;1,319485E-1;9,352875E-1;;
02/12/2021  12:05:22,945658;9,201563E-1;1,216384E-1;1,275255E-1;9,346782E-1;;
02/12/2021  12:05:22,945758;9,206332E-1;1,334259E-1;1,328963E-1;9,340808E-1;;
02/12/2021  12:05:22,945858;9,211905E-1;1,420275E-1;1,449017E-1;9,334951E-1;;
02/12/2021  12:05:22,945958;9,218164E-1;1,347002E-1;1,294210E-1;9,329210E-1;;
02/12/2021  12:05:22,946058;9,208210E-1;1,245056E-1;1,341600E-1;9,323586E-1;;
02/12/2021  12:05:22,946158;9,204425E-1;6,939130E-2;1,076217E-1;9,318081E-1;;
02/12/2021  12:05:22,946258;9,220399E-1;1,318330E-1;1,291051E-1;9,312696E-1;;
02/12/2021  12:05:22,946358;9,230323E-1;1,276914E-1;1,291051E-1;9,307433E-1;;
02/12/2021  12:05:22,946458;9,236284E-1;1,302401E-1;1,284732E-1;9,302296E-1;;
02/12/2021  12:05:22,946558;9,230800E-1;1,139925E-1;1,158360E-1;9,297291E-1;;
02/12/2021  12:05:22,946658;9,233095E-1;1,123996E-1;1,120448E-1;9,292425E-1;;
02/12/2021  12:05:22,946758;9,247371E-1;9,169190E-2;1,202590E-1;9,287703E-1;;
02/12/2021  12:05:22,946858;9,258517E-1;1,280100E-1;1,297370E-1;9,283132E-1;;
02/12/2021  12:05:22,946958;9,273597E-1;1,429833E-1;1,670170E-1;9,278720E-1;;
02/12/2021  12:05:22,947058;9,268471E-1;1,245056E-1;1,237343E-1;9,274478E-1;;
02/12/2021  12:05:22,947158;9,273746E-1;1,311958E-1;1,310007E-1;9,270414E-1;;
02/12/2021  12:05:22,947258;9,288380E-1;1,420275E-1;1,357397E-1;9,266539E-1;;
02/12/2021  12:05:22,947358;9,299079E-1;1,248242E-1;1,208909E-1;9,262862E-1;;
02/12/2021  12:05:22,947458;9,307364E-1;1,264171E-1;1,388990E-1;9,259393E-1;;
02/12/2021  12:05:22,947558;9,306649E-1;1,238685E-1;1,101492E-1;9,256144E-1;;
02/12/2021  12:05:22,947658;9,319494E-1;1,366117E-1;1,328963E-1;9,253123E-1;;
02/12/2021  12:05:22,947758;9,338985E-1;1,028422E-1;9,593225E-2;9,250341E-1;;
02/12/2021  12:05:22,947858;9,349655E-1;1,238685E-1;1,237343E-1;9,247809E-1;;
02/12/2021  12:05:22,947958;9,365480E-1;5,919674E-2;7,192142E-2;9,245536E-1;;
02/12/2021  12:05:22,948058;9,367983E-1;1,178155E-1;1,338441E-1;9,243536E-1;;
02/12/2021  12:05:22,948158;9,376775E-1;1,162226E-1;1,701763E-1;9,241819E-1;;
02/12/2021  12:05:22,948258;9,390067E-1;9,232906E-2;8,455870E-2;9,240395E-1;;
02/12/2021  12:05:22,948358;9,401035E-1;7,162136E-2;1,082536E-1;9,239273E-1;;
02/12/2021  12:05:22,948458;9,403687E-1;1,273729E-1;1,215227E-1;9,238462E-1;;
02/12/2021  12:05:22,948558;9,403926E-1;1,391603E-1;1,319485E-1;9,237969E-1;;
02/12/2021  12:05:22,948658;9,417635E-1;1,324701E-1;1,278414E-1;9,237799E-1;;
02/12/2021  12:05:22,948758;9,425980E-1;9,392196E-2;8,898175E-2;9,237956E-1;;
02/12/2021  12:05:22,948858;9,431196E-1;1,337445E-1;1,433221E-1;9,238442E-1;;
02/12/2021  12:05:22,948958;9,427589E-1;1,372488E-1;1,357397E-1;9,239259E-1;;
02/12/2021  12:05:22,949058;9,412271E-1;1,324701E-1;1,373193E-1;9,240406E-1;;
02/12/2021  12:05:22,949158;9,422106E-1;1,098510E-1;9,340479E-2;9,241878E-1;;
02/12/2021  12:05:22,949258;9,432835E-1;1,315144E-1;1,272095E-1;9,243667E-1;;
02/12/2021  12:05:22,949358;9,433580E-1;1,369303E-1;1,433221E-1;9,245765E-1;;
02/12/2021  12:05:22,949458;9,439511E-1;1,321516E-1;1,284732E-1;9,248165E-1;;
02/12/2021  12:05:22,949558;9,434653E-1;1,152668E-1;1,079377E-1;9,250856E-1;;
02/12/2021  12:05:22,949658;9,444190E-1;1,299215E-1;1,594346E-1;9,253828E-1;;
02/12/2021  12:05:22,949758;9,457363E-1;1,554079E-1;1,752312E-1;9,257070E-1;;
02/12/2021  12:05:22,949858;9,463830E-1;1,382046E-1;1,385831E-1;9,260571E-1;;
02/12/2021  12:05:22,949958;9,463085E-1;1,410718E-1;1,550115E-1;9,264322E-1;;
02/12/2021  12:05:22,950058;9,455962E-1;1,025236E-1;1,761790E-1;9,268312E-1;;
02/12/2021  12:05:22,950158;9,471668E-1;1,184526E-1;9,877564E-2;9,272528E-1;;
02/12/2021  12:05:22,950258;9,487017E-1;1,343816E-1;1,354238E-1;9,276959E-1;;
02/12/2021  12:05:22,950358;9,491576E-1;1,324701E-1;1,265777E-1;9,281593E-1;;
02/12/2021  12:05:22,950458;9,489878E-1;1,229127E-1;1,291051E-1;9,286420E-1;;
02/12/2021  12:05:22,950558;9,483708E-1;1,289658E-1;1,287892E-1;9,291430E-1;;
02/12/2021  12:05:22,950658;9,491457E-1;1,123996E-1;1,963986E-1;9,296610E-1;;
02/12/2021  12:05:22,950758;9,493931E-1;1,490363E-1;1,433221E-1;9,301947E-1;;
02/12/2021  12:05:22,950858;9,490325E-1;1,168597E-1;1,145722E-1;9,307428E-1;;
02/12/2021  12:05:22,950958;9,476824E-1;1,187712E-1;1,180475E-1;9,313039E-1;;
02/12/2021  12:05:22,951058;9,468062E-1;1,378860E-1;1,189953E-1;9,318762E-1;;
02/12/2021  12:05:22,951158;9,468479E-1;1,483991E-1;1,373193E-1;9,324579E-1;;
02/12/2021  12:05:22,951258;9,472860E-1;1,321516E-1;1,287892E-1;9,330471E-1;;
02/12/2021  12:05:22,951358;9,462697E-1;1,531778E-1;1,417424E-1;9,336417E-1;;
02/12/2021  12:05:22,951458;9,450448E-1;1,315144E-1;1,388990E-1;9,342398E-1;;
02/12/2021  12:05:22,951558;9,443981E-1;1,375674E-1;1,411105E-1;9,348393E-1;;
02/12/2021  12:05:22,951658;9,441388E-1;1,257800E-1;1,272095E-1;9,354380E-1;;
02/12/2021  12:05:22,951758;9,449226E-1;1,178155E-1;1,212068E-1;9,360337E-1;;
02/12/2021  12:05:22,951858;9,442580E-1;1,280100E-1;1,265777E-1;9,366243E-1;;
02/12/2021  12:05:22,951958;9,428931E-1;1,139925E-1;1,518522E-1;9,372081E-1;;
02/12/2021  12:05:22,952058;9,423596E-1;1,525407E-1;1,395309E-1;9,377829E-1;;
02/12/2021  12:05:22,952158;9,430093E-1;7,448858E-2;1,092014E-1;9,383469E-1;;
02/12/2021  12:05:22,952258;9,428752E-1;1,206827E-1;1,186794E-1;9,388982E-1;;
02/12/2021  12:05:22,952358;9,422374E-1;1,053908E-1;1,148882E-1;9,394352E-1;;
02/12/2021  12:05:22,952458;9,415072E-1;1,595494E-1;1,550115E-1;9,399563E-1;;
02/12/2021  12:05:22,952558;9,416145E-1;1,152668E-1;1,202590E-1;9,404602E-1;;
02/12/2021  12:05:22,952658;9,421361E-1;4,294916E-2;6,244346E-2;9,409455E-1;;
02/12/2021  12:05:22,952758;9,419662E-1;1,397975E-1;1,363715E-1;9,414110E-1;;
02/12/2021  12:05:22,952858;9,411973E-1;1,359745E-1;1,328963E-1;9,418558E-1;;
02/12/2021  12:05:22,952958;9,394478E-1;1,254614E-1;1,114129E-1;9,422789E-1;;
02/12/2021  12:05:22,953058;9,393167E-1;1,356559E-1;1,509044E-1;9,426794E-1;;
02/12/2021  12:05:22,953158;9,390604E-1;7,257710E-2;7,887192E-2;9,430564E-1;;
02/12/2021  12:05:22,953258;9,389084E-1;1,385232E-1;1,442698E-1;9,434089E-1;;
02/12/2021  12:05:22,953358;9,382825E-1;1,321516E-1;1,237343E-1;9,437362E-1;;
02/12/2021  12:05:22,953458;9,370546E-1;1,506292E-1;1,313166E-1;9,440377E-1;;
02/12/2021  12:05:22,953558;9,368371E-1;8,978042E-2;1,025668E-1;9,443127E-1;;
02/12/2021  12:05:22,953658;9,374093E-1;1,445762E-1;1,385831E-1;9,445608E-1;;
02/12/2021  12:05:22,953758;9,370904E-1;1,401161E-1;1,174156E-1;9,447814E-1;;
02/12/2021  12:05:22,953858;9,358387E-1;1,206827E-1;1,183634E-1;9,449745E-1;;
02/12/2021  12:05:22,953958;9,346674E-1;1,165411E-1;1,170997E-1;9,451399E-1;;
02/12/2021  12:05:22,954058;9,347300E-1;1,162226E-1;1,180475E-1;9,452774E-1;;
02/12/2021  12:05:22,954158;9,355049E-1;1,270543E-1;1,711241E-1;9,453868E-1;;
02/12/2021  12:05:22,954258;9,356241E-1;1,069837E-1;1,025668E-1;9,454684E-1;;
02/12/2021  12:05:22,954358;9,345393E-1;1,210013E-1;1,445858E-1;9,455223E-1;;
02/12/2021  12:05:22,954458;9,333323E-1;1,053908E-1;1,110970E-1;9,455491E-1;;
02/12/2021  12:05:22,954558;9,338836E-1;1,187712E-1;1,328963E-1;9,455490E-1;;
02/12/2021  12:05:22,954658;9,345005E-1;1,143111E-1;1,272095E-1;9,455225E-1;;
02/12/2021  12:05:22,954758;9,335141E-1;1,002936E-1;1,088855E-1;9,454703E-1;;
02/12/2021  12:05:22,954858;9,320835E-1;8,404598E-2;6,970989E-2;9,453930E-1;;
02/12/2021  12:05:22,954958;9,305516E-1;1,044351E-1;1,196272E-1;9,452912E-1;;
02/12/2021  12:05:22,955058;9,306977E-1;1,241871E-1;1,376353E-1;9,451653E-1;;
02/12/2021  12:05:22,955158;9,305457E-1;1,069837E-1;1,164678E-1;9,450157E-1;;
02/12/2021  12:05:22,955258;9,302089E-1;9,838208E-2;1,152041E-1;9,448430E-1;;
02/12/2021  12:05:22,955358;9,286591E-1;7,735580E-2;9,340479E-2;9,446477E-1;;
02/12/2021  12:05:22,955458;9,271332E-1;1,006121E-1;1,265777E-1;9,444304E-1;;
02/12/2021  12:05:22,955558;9,273895E-1;1,085766E-1;1,234183E-1;9,441914E-1;;
02/12/2021  12:05:22,955658;9,270647E-1;9,137332E-2;1,028828E-1;9,439311E-1;;
02/12/2021  12:05:22,955758;9,262332E-1;7,735580E-2;1,120448E-1;9,436500E-1;;
02/12/2021  12:05:22,955858;9,248503E-1;1,149482E-1;1,256299E-1;9,433487E-1;;
02/12/2021  12:05:22,955958;9,232052E-1;1,155854E-1;1,265777E-1;9,430275E-1;;
02/12/2021  12:05:22,956058;9,237864E-1;1,123996E-1;1,287892E-1;9,426868E-1;;
02/12/2021  12:05:22,956158;9,240576E-1;1,162226E-1;1,294210E-1;9,423269E-1;;
02/12/2021  12:05:22,956258;9,238251E-1;1,397975E-1;1,452176E-1;9,419484E-1;;
02/12/2021  12:05:22,956358;9,221233E-1;1,461691E-1;1,202590E-1;9,415520E-1;;
02/12/2021  12:05:22,956458;9,212769E-1;1,468062E-1;1,328963E-1;9,411384E-1;;
02/12/2021  12:05:22,956558;9,227134E-1;1,334259E-1;1,294210E-1;9,407082E-1;;
02/12/2021  12:05:22,956658;9,224989E-1;1,703812E-1;1,524841E-1;9,402622E-1;;
02/12/2021  12:05:22,956758;9,211786E-1;1,665582E-1;1,471132E-1;9,398012E-1;;
02/12/2021  12:05:22,956858;9,198077E-1;1,245056E-1;1,019350E-1;9,393262E-1;;
02/12/2021  12:05:22,956958;9,193368E-1;1,512664E-1;1,483770E-1;9,388380E-1;;
02/12/2021  12:05:22,957058;9,196735E-1;1,343816E-1;1,300529E-1;9,383372E-1;;
02/12/2021  12:05:22,957158;9,194768E-1;1,311958E-1;1,366875E-1;9,378245E-1;;
02/12/2021  12:05:22,957258;9,184010E-1;1,302401E-1;1,262617E-1;9,373010E-1;;
02/12/2021  12:05:22,957358;9,170777E-1;9,965640E-2;1,193112E-1;9,367672E-1;;
02/12/2021  12:05:22,957458;9,173459E-1;1,184526E-1;1,262617E-1;9,362240E-1;;
02/12/2021  12:05:22,957558;9,178794E-1;1,181340E-1;1,082536E-1;9,356720E-1;;
02/12/2021  12:05:22,957658;9,181595E-1;1,315144E-1;1,142563E-1;9,351122E-1;;
02/12/2021  12:05:22,957758;9,175933E-1;1,254614E-1;1,240502E-1;9,345454E-1;;
02/12/2021  12:05:22,957858;9,168274E-1;1,200455E-1;1,205749E-1;9,339728E-1;;
02/12/2021  12:05:22,957958;9,168870E-1;1,235499E-1;1,180475E-1;9,333953E-1;;
02/12/2021  12:05:22,958058;9,185112E-1;1,483991E-1;1,499566E-1;9,328139E-1;;
02/12/2021  12:05:22,958158;9,190894E-1;1,273729E-1;1,268936E-1;9,322299E-1;;
02/12/2021  12:05:22,958258;9,185321E-1;1,159040E-1;1,215227E-1;9,316445E-1;;
02/12/2021  12:05:22,958358;9,182162E-1;1,057094E-1;1,000394E-1;9,310593E-1;;
02/12/2021  12:05:22,958458;9,192205E-1;1,321516E-1;1,142563E-1;9,304756E-1;;
02/12/2021  12:05:22,958558;9,196676E-1;1,391603E-1;1,739675E-1;9,298947E-1;;
02/12/2021  12:05:22,958658;9,205378E-1;1,251428E-1;1,240502E-1;9,293180E-1;;
02/12/2021  12:05:22,958758;9,197689E-1;1,347002E-1;1,328963E-1;9,287473E-1;;
02/12/2021  12:05:22,958858;9,193159E-1;1,254614E-1;1,268936E-1;9,281837E-1;;
02/12/2021  12:05:22,958958;9,204961E-1;1,101695E-1;1,243661E-1;9,276288E-1;;
02/12/2021  12:05:22,959058;9,211071E-1;1,302401E-1;1,351078E-1;9,270836E-1;;
02/12/2021  12:05:22,959158;9,216137E-1;9,838208E-2;1,038306E-1;9,265497E-1;;
02/12/2021  12:05:22,959258;9,217419E-1;1,060280E-1;1,167838E-1;9,260282E-1;;
02/12/2021  12:05:22,959358;9,219117E-1;1,235499E-1;1,287892E-1;9,255206E-1;;
02/12/2021  12:05:22,959458;9,239592E-1;1,200455E-1;1,164678E-1;9,250281E-1;;
02/12/2021  12:05:22,959558;9,253570E-1;1,152668E-1;1,133085E-1;9,245520E-1;;
02/12/2021  12:05:22,959658;9,266504E-1;1,378860E-1;1,559593E-1;9,240940E-1;;
02/12/2021  12:05:22,959758;9,267160E-1;1,331073E-1;1,382671E-1;9,236555E-1;;
02/12/2021  12:05:22,959858;9,271988E-1;1,455319E-1;1,493248E-1;9,232383E-1;;
02/12/2021  12:05:22,959958;9,290913E-1;9,201048E-2;1,287892E-1;9,228437E-1;;
02/12/2021  12:05:22,960058;9,309987E-1;1,053908E-1;1,107811E-1;9,224732E-1;;
02/12/2021  12:05:22,960158;9,316394E-1;1,216384E-1;1,423743E-1;9,221285E-1;;
02/12/2021  12:05:22,960258;9,312401E-1;1,292843E-1;1,278414E-1;9,218110E-1;;
02/12/2021  12:05:22,960358;9,316037E-1;1,034794E-1;1,060421E-1;9,215222E-1;;
02/12/2021  12:05:22,960458;9,330342E-1;1,292843E-1;1,310007E-1;9,212630E-1;;
02/12/2021  12:05:22,960558;9,342442E-1;1,088952E-1;1,174156E-1;9,210346E-1;;
02/12/2021  12:05:22,960658;9,344588E-1;6,779840E-2;6,749837E-2;9,208378E-1;;
02/12/2021  12:05:22,960758;9,339700E-1;5,409946E-2;1,060421E-1;9,206734E-1;;
02/12/2021  12:05:22,960858;9,343336E-1;1,152668E-1;1,170997E-1;9,205420E-1;;
02/12/2021  12:05:22,960958;9,364020E-1;1,022050E-1;1,098333E-1;9,204438E-1;;
02/12/2021  12:05:22,961058;9,371321E-1;1,216384E-1;1,243661E-1;9,203793E-1;;
02/12/2021  12:05:22,961158;9,371530E-1;7,863012E-2;9,751191E-2;9,203485E-1;;
02/12/2021  12:05:22,961258;9,370934E-1;3,434750E-2;8,392683E-2;9,203517E-1;;
02/12/2021  12:05:22,961358;9,376984E-1;1,197269E-1;1,262617E-1;9,203888E-1;;
02/12/2021  12:05:22,961458;9,391736E-1;9,169190E-2;8,045158E-2;9,204594E-1;;
02/12/2021  12:05:22,961558;9,400379E-1;1,280100E-1;1,310007E-1;9,205634E-1;;
02/12/2021  12:05:22,961658;9,396565E-1;1,139925E-1;1,202590E-1;9,207003E-1;;
02/12/2021  12:05:22,961758;9,393376E-1;1,136739E-1;1,066739E-1;9,208698E-1;;
02/12/2021  12:05:22,961858;9,395104E-1;5,887816E-2;1,259458E-1;9,210711E-1;;
02/12/2021  12:05:22,961958;9,411228E-1;1,359745E-1;1,243661E-1;9,213033E-1;;
02/12/2021  12:05:22,962058;9,423715E-1;1,276914E-1;1,246821E-1;9,215655E-1;;
02/12/2021  12:05:22,962158;9,420735E-1;1,210013E-1;1,313166E-1;9,218570E-1;;
02/12/2021  12:05:22,962258;9,420049E-1;1,034794E-1;1,256299E-1;9,221768E-1;;
02/12/2021  12:05:22,962358;9,429825E-1;4,326774E-2;9,182514E-2;9,225240E-1;;
02/12/2021  12:05:22,962458;9,448034E-1;1,273729E-1;1,262617E-1;9,228974E-1;;
02/12/2021  12:05:22,962558;9,459061E-1;1,289658E-1;1,180475E-1;9,232962E-1;;
02/12/2021  12:05:22,962658;9,456558E-1;1,264171E-1;1,490088E-1;9,237195E-1;;
02/12/2021  12:05:22,962758;9,453071E-1;1,222756E-1;1,215227E-1;9,241665E-1;;
02/12/2021  12:05:22,962858;9,463562E-1;1,362931E-1;1,316326E-1;9,246361E-1;;
02/12/2021  12:05:22,962958;9,477658E-1;1,493549E-1;1,654373E-1;9,251271E-1;;
02/12/2021  12:05:22,963058;9,486063E-1;1,178155E-1;1,183634E-1;9,256386E-1;;
02/12/2021  12:05:22,963158;9,479804E-1;1,159040E-1;1,325804E-1;9,261697E-1;;
02/12/2021  12:05:22,963258;9,472503E-1;1,324701E-1;1,325804E-1;9,267192E-1;;
02/12/2021  12:05:22,963358;9,483440E-1;1,280100E-1;1,126766E-1;9,272858E-1;;
02/12/2021  12:05:22,963458;9,495123E-1;1,174969E-1;1,199431E-1;9,278683E-1;;
02/12/2021  12:05:22,963558;9,492232E-1;1,216384E-1;1,237343E-1;9,284655E-1;;
02/12/2021  12:05:22,963658;9,492143E-1;1,299215E-1;1,278414E-1;9,290759E-1;;
02/12/2021  12:05:22,963758;9,484901E-1;4,836502E-2;9,530039E-2;9,296984E-1;;
02/12/2021  12:05:22,963858;9,503319E-1;2,452475E-1;3,041314E-1;9,303314E-1;;
02/12/2021  12:05:22,963958;9,520128E-1;1,235499E-1;1,231024E-1;9,309736E-1;;
02/12/2021  12:05:22,964058;9,525075E-1;1,245056E-1;1,262617E-1;9,316239E-1;;
02/12/2021  12:05:22,964158;9,525403E-1;1,340630E-1;1,322644E-1;9,322814E-1;;
02/12/2021  12:05:22,964258;9,531453E-1;1,487177E-1;1,281573E-1;9,329451E-1;;
02/12/2021  12:05:22,964358;9,552941E-1;1,273729E-1;1,445858E-1;9,336141E-1;;
02/12/2021  12:05:22,964458;9,558186E-1;1,037979E-1;1,139404E-1;9,342878E-1;;
02/12/2021  12:05:22,964558;9,561137E-1;1,184526E-1;1,325804E-1;9,349655E-1;;
02/12/2021  12:05:22,964658;9,553954E-1;1,302401E-1;1,335282E-1;9,356468E-1;;
02/12/2021  12:05:22,964758;9,550765E-1;4,900218E-2;1,000394E-1;9,363308E-1;;
02/12/2021  12:05:22,964858;9,555355E-1;1,047537E-1;1,063580E-1;9,370168E-1;;
02/12/2021  12:05:22,964958;9,563193E-1;1,257800E-1;1,221546E-1;9,377037E-1;;
02/12/2021  12:05:22,965058;9,564147E-1;1,452133E-1;1,423743E-1;9,383907E-1;;
02/12/2021  12:05:22,965158;9,547606E-1;1,468062E-1;1,521681E-1;9,390768E-1;;
02/12/2021  12:05:22,965258;9,553000E-1;1,104881E-1;9,466852E-2;9,397611E-1;;
02/12/2021  12:05:22,965358;9,562567E-1;1,238685E-1;1,322644E-1;9,404423E-1;;
02/12/2021  12:05:22,965458;9,571717E-1;1,315144E-1;1,335282E-1;9,411195E-1;;
02/12/2021  12:05:22,965558;9,566084E-1;1,203641E-1;1,180475E-1;9,417918E-1;;
02/12/2021  12:05:22,965658;9,560988E-1;1,238685E-1;1,284732E-1;9,424583E-1;;
02/12/2021  12:05:22,965758;9,572313E-1;8,755036E-2;1,167838E-1;9,431181E-1;;
02/12/2021  12:05:22,965858;9,577677E-1;1,206827E-1;1,183634E-1;9,437704E-1;;
02/12/2021  12:05:22,965958;9,584800E-1;1,315144E-1;1,328963E-1;9,444145E-1;;
02/12/2021  12:05:22,966058;9,580896E-1;1,350188E-1;1,310007E-1;9,450499E-1;;
02/12/2021  12:05:22,966158;9,567753E-1;1,308772E-1;1,338441E-1;9,456759E-1;;
02/12/2021  12:05:22,966258;9,571091E-1;1,343816E-1;1,199431E-1;9,462918E-1;;
02/12/2021  12:05:22,966358;9,581611E-1;1,305587E-1;1,019350E-1;9,468969E-1;;
02/12/2021  12:05:22,966458;9,569213E-1;1,337445E-1;1,202590E-1;9,474906E-1;;
02/12/2021  12:05:22,966558;9,555325E-1;1,439390E-1;1,385831E-1;9,480720E-1;;
02/12/2021  12:05:22,966658;9,542599E-1;1,213198E-1;1,322644E-1;9,486404E-1;;
02/12/2021  12:05:22,966758;9,540275E-1;1,391603E-1;1,303688E-1;9,491945E-1;;
02/12/2021  12:05:22,966858;9,542867E-1;1,280100E-1;1,155200E-1;9,497332E-1;;
02/12/2021  12:05:22,966958;9,540364E-1;1,082581E-1;1,104651E-1;9,502555E-1;;
02/12/2021  12:05:22,967058;9,529516E-1;1,296029E-1;1,436380E-1;9,507603E-1;;
02/12/2021  12:05:22,967158;9,531274E-1;8,755036E-2;8,961361E-2;9,512467E-1;;
02/12/2021  12:05:22,967258;9,537413E-1;1,257800E-1;1,341600E-1;9,517137E-1;;
02/12/2021  12:05:22,967358;9,544685E-1;1,509478E-1;1,783905E-1;9,521606E-1;;
02/12/2021  12:05:22,967458;9,555116E-1;1,149482E-1;1,205749E-1;9,525871E-1;;
02/12/2021  12:05:22,967558;9,542331E-1;1,076209E-1;1,092014E-1;9,529929E-1;;
02/12/2021  12:05:22,967658;9,534374E-1;1,082581E-1;1,123607E-1;9,533779E-1;;
02/12/2021  12:05:22,967758;9,549752E-1;1,139925E-1;1,243661E-1;9,537419E-1;;
02/12/2021  12:05:22,967858;9,553507E-1;1,050723E-1;1,249980E-1;9,540849E-1;;
02/12/2021  12:05:22,967958;9,551898E-1;1,251428E-1;1,310007E-1;9,544070E-1;;
02/12/2021  12:05:22,968058;9,539470E-1;1,133553E-1;1,208909E-1;9,547086E-1;;
02/12/2021  12:05:22,968158;9,528562E-1;1,159040E-1;1,199431E-1;9,549897E-1;;
02/12/2021  12:05:22,968258;9,531423E-1;9,551486E-2;1,038306E-1;9,552505E-1;;
02/12/2021  12:05:22,968358;9,527996E-1;9,360338E-2;1,082536E-1;9,554909E-1;;
02/12/2021  12:05:22,968458;9,526297E-1;1,130368E-1;1,426902E-1;9,557110E-1;;
02/12/2021  12:05:22,968558;9,512111E-1;1,098510E-1;1,243661E-1;9,559108E-1;;
02/12/2021  12:05:22,968658;9,507342E-1;1,190898E-1;1,262617E-1;9,560903E-1;;
02/12/2021  12:05:22,968758;9,502514E-1;1,187712E-1;1,265777E-1;9,562495E-1;;
02/12/2021  12:05:22,968858;9,504809E-1;1,264171E-1;1,363715E-1;9,563883E-1;;
02/12/2021  12:05:22,968958;9,500875E-1;1,343816E-1;1,490088E-1;9,565066E-1;;
02/12/2021  12:05:22,969058;9,485139E-1;1,382046E-1;1,325804E-1;9,566046E-1;;
02/12/2021  12:05:22,969158;9,474976E-1;8,723178E-2;1,528000E-1;9,566821E-1;;
02/12/2021  12:05:22,969258;9,483828E-1;1,331073E-1;1,294210E-1;9,567391E-1;;
02/12/2021  12:05:22,969358;9,479208E-1;1,605052E-1;1,455336E-1;9,567755E-1;;
02/12/2021  12:05:22,969458;9,469940E-1;1,716555E-1;1,376353E-1;9,567915E-1;;
02/12/2021  12:05:22,969558;9,456081E-1;1,557265E-1;1,606983E-1;9,567871E-1;;
02/12/2021  12:05:22,969658;9,445948E-1;1,697440E-1;1,676488E-1;9,567624E-1;;
02/12/2021  12:05:22,969758;9,443951E-1;1,506292E-1;1,638576E-1;9,567172E-1;;
02/12/2021  12:05:22,969858;9,442223E-1;1,742041E-1;1,682807E-1;9,566514E-1;;
02/12/2021  12:05:22,969958;9,429616E-1;1,471248E-1;1,452176E-1;9,565651E-1;;
02/12/2021  12:05:22,970058;9,416443E-1;1,232313E-1;1,291051E-1;9,564583E-1;;
02/12/2021  12:05:22,970158;9,406549E-1;5,155082E-2;8,740209E-2;9,563308E-1;;
02/12/2021  12:05:22,970258;9,414506E-1;1,327887E-1;1,426902E-1;9,561826E-1;;
02/12/2021  12:05:22,970358;9,413254E-1;1,337445E-1;1,303688E-1;9,560137E-1;;
02/12/2021  12:05:22,970458;9,401661E-1;1,382046E-1;1,338441E-1;9,558242E-1;;
02/12/2021  12:05:22,970558;9,385448E-1;1,257800E-1;1,240502E-1;9,556145E-1;;
02/12/2021  12:05:22,970658;9,385597E-1;1,362931E-1;1,322644E-1;9,553847E-1;;
02/12/2021  12:05:22,970758;9,383928E-1;1,047537E-1;9,150920E-2;9,551350E-1;;
02/12/2021  12:05:22,970858;9,376477E-1;1,216384E-1;1,278414E-1;9,548657E-1;;
02/12/2021  12:05:22,970958;9,365748E-1;1,327887E-1;1,193112E-1;9,545770E-1;;
02/12/2021  12:05:22,971058;9,348999E-1;9,965640E-2;1,262617E-1;9,542693E-1;;
02/12/2021  12:05:22,971158;9,353589E-1;1,117624E-1;8,929768E-2;9,539428E-1;;
02/12/2021  12:05:22,971258;9,353082E-1;1,123996E-1;1,085695E-1;9,535977E-1;;
02/12/2021  12:05:22,971358;9,348135E-1;1,254614E-1;1,205749E-1;9,532345E-1;;
02/12/2021  12:05:22,971458;9,337733E-1;1,130368E-1;1,291051E-1;9,528538E-1;;
02/12/2021  12:05:22,971558;9,324024E-1;1,302401E-1;1,183634E-1;9,524559E-1;;
02/12/2021  12:05:22,971658;9,324978E-1;1,471248E-1;1,676488E-1;9,520414E-1;;
02/12/2021  12:05:22,971758;9,333680E-1;1,885402E-1;2,049288E-1;9,516108E-1;;
02/12/2021  12:05:22,971858;9,332041E-1;1,254614E-1;1,249980E-1;9,511646E-1;;
02/12/2021  12:05:22,971958;9,332160E-1;1,149482E-1;1,092014E-1;9,507039E-1;;
02/12/2021  12:05:22,972058;9,325186E-1;1,401161E-1;1,332122E-1;9,502297E-1;;
02/12/2021  12:05:22,972158;9,334783E-1;1,334259E-1;1,379512E-1;9,497428E-1;;
02/12/2021  12:05:22,972258;9,339253E-1;1,216384E-1;1,370034E-1;9,492446E-1;;
02/12/2021  12:05:22,972358;9,337614E-1;1,372488E-1;1,341600E-1;9,487364E-1;;
02/12/2021  12:05:22,972458;9,328524E-1;1,413904E-1;1,319485E-1;9,482195E-1;;
02/12/2021  12:05:22,972558;9,322385E-1;1,283286E-1;1,215227E-1;9,476953E-1;;
02/12/2021  12:05:22,972658;9,321044E-1;1,503106E-1;1,328963E-1;9,471648E-1;;
02/12/2021  12:05:22,972758;9,323309E-1;1,315144E-1;1,313166E-1;9,466294E-1;;
02/12/2021  12:05:22,972858;9,319881E-1;1,276914E-1;1,351078E-1;9,460900E-1;;
02/12/2021  12:05:22,972958;9,304890E-1;1,366117E-1;1,341600E-1;9,455479E-1;;
02/12/2021  12:05:22,973058;9,301791E-1;1,057094E-1;1,436380E-1;9,450039E-1;;
02/12/2021  12:05:22,973158;9,303818E-1;1,139925E-1;1,303688E-1;9,444589E-1;;
02/12/2021  12:05:22,973258;9,302834E-1;1,232313E-1;1,300529E-1;9,439136E-1;;
02/12/2021  12:05:22,973358;9,302208E-1;1,382046E-1;1,332122E-1;9,433690E-1;;
02/12/2021  12:05:22,973458;9,296665E-1;1,232313E-1;1,202590E-1;9,428258E-1;;
02/12/2021  12:05:22,973558;9,288290E-1;4,740928E-2;6,749837E-2;9,422849E-1;;
02/12/2021  12:05:22,973658;9,302953E-1;1,302401E-1;1,360556E-1;9,417468E-1;;
02/12/2021  12:05:22,973758;9,299794E-1;1,464877E-1;1,490088E-1;9,412125E-1;;
02/12/2021  12:05:22,973858;9,308467E-1;1,324701E-1;1,256299E-1;9,406827E-1;;
02/12/2021  12:05:22,973958;9,299198E-1;1,324701E-1;1,363715E-1;9,401583E-1;;
02/12/2021  12:05:22,974058;9,308199E-1;1,477620E-1;1,455336E-1;9,396404E-1;;
02/12/2021  12:05:22,974158;9,315500E-1;1,493549E-1;1,559593E-1;9,391297E-1;;
02/12/2021  12:05:22,974258;9,324590E-1;1,452133E-1;1,411105E-1;9,386273E-1;;
02/12/2021  12:05:22,974358;9,322295E-1;1,280100E-1;1,189953E-1;9,381344E-1;;
02/12/2021  12:05:22,974458;9,320984E-1;1,130368E-1;1,281573E-1;9,376520E-1;;
02/12/2021  12:05:22,974558;9,316275E-1;8,022302E-2;9,561632E-2;9,371811E-1;;
02/12/2021  12:05:22,974658;9,329299E-1;1,092138E-1;1,129926E-1;9,367226E-1;;
02/12/2021  12:05:22,974758;9,329061E-1;1,174969E-1;1,164678E-1;9,362773E-1;;
02/12/2021  12:05:22,974858;9,325276E-1;1,257800E-1;1,180475E-1;9,358462E-1;;
02/12/2021  12:05:22,974958;9,317408E-1;1,229127E-1;1,303688E-1;9,354299E-1;;
02/12/2021  12:05:22,975058;9,316275E-1;1,292843E-1;1,319485E-1;9,350290E-1;;
02/12/2021  12:05:22,975158;9,331087E-1;8,340882E-2;8,108345E-2;9,346439E-1;;
02/12/2021  12:05:22,975258;9,322921E-1;7,671864E-2;6,370719E-2;9,342749E-1;;
02/12/2021  12:05:22,975358;9,324084E-1;1,171783E-1;1,174156E-1;9,339225E-1;;
02/12/2021  12:05:22,975458;9,314576E-1;1,324701E-1;9,056141E-2;9,335869E-1;;
02/12/2021  12:05:22,975558;9,318779E-1;1,308772E-1;1,208909E-1;9,332682E-1;;
02/12/2021  12:05:22,975658;9,326557E-1;1,280100E-1;1,278414E-1;9,329663E-1;;
02/12/2021  12:05:22,975758;9,323488E-1;1,238685E-1;1,208909E-1;9,326814E-1;;
02/12/2021  12:05:22,975858;9,317140E-1;1,280100E-1;1,291051E-1;9,324134E-1;;
02/12/2021  12:05:22,975958;9,317616E-1;2,096714E-2;8,361090E-2;9,321622E-1;;
02/12/2021  12:05:22,976058;9,324709E-1;9,009900E-2;1,189953E-1;9,319276E-1;;
02/12/2021  12:05:22,976158;9,333948E-1;1,595494E-1;2,273600E-1;9,317094E-1;;
02/12/2021  12:05:22,976258;9,332905E-1;1,235499E-1;1,243661E-1;9,315076E-1;;
02/12/2021  12:05:22,976358;9,325604E-1;9,073616E-2;7,571260E-2;9,313219E-1;;
02/12/2021  12:05:22,976458;9,321580E-1;1,302401E-1;1,208909E-1;9,311524E-1;;
02/12/2021  12:05:22,976558;9,330432E-1;1,385232E-1;1,524841E-1;9,309986E-1;;
02/12/2021  12:05:22,976658;9,332786E-1;1,143111E-1;1,231024E-1;9,308601E-1;;
02/12/2021  12:05:22,976758;9,339730E-1;1,334259E-1;1,275255E-1;9,307368E-1;;
02/12/2021  12:05:22,976858;9,331654E-1;7,831154E-2;9,150920E-2;9,306284E-1;;
02/12/2021  12:05:22,976958;9,323488E-1;1,174969E-1;1,170997E-1;9,305344E-1;;
02/12/2021  12:05:22,977058;9,335439E-1;1,260985E-1;1,272095E-1;9,304546E-1;;
02/12/2021  12:05:22,977158;9,334306E-1;1,238685E-1;1,278414E-1;9,303884E-1;;
02/12/2021  12:05:22,977258;9,334038E-1;1,748413E-1;1,828136E-1;9,303354E-1;;
02/12/2021  12:05:22,977358;9,326706E-1;1,219570E-1;1,253139E-1;9,302950E-1;;
02/12/2021  12:05:22,977458;9,317199E-1;1,732484E-1;1,407946E-1;9,302668E-1;;
02/12/2021  12:05:22,977558;9,326319E-1;1,200455E-1;9,214107E-2;9,302500E-1;;
02/12/2021  12:05:22,977658;9,330879E-1;1,111253E-1;1,259458E-1;9,302438E-1;;
02/12/2021  12:05:22,977758;9,326915E-1;1,245056E-1;1,253139E-1;9,302477E-1;;
02/12/2021  12:05:22,977858;9,321610E-1;1,292843E-1;1,272095E-1;9,302609E-1;;
02/12/2021  12:05:22,977958;9,317557E-1;1,327887E-1;1,376353E-1;9,302828E-1;;
02/12/2021  12:05:22,978058;9,329955E-1;1,308772E-1;1,335282E-1;9,303127E-1;;
02/12/2021  12:05:22,978158;9,331475E-1;1,280100E-1;1,234183E-1;9,303498E-1;;
02/12/2021  12:05:22,978258;9,329329E-1;1,210013E-1;1,224705E-1;9,303937E-1;;
02/12/2021  12:05:22,978358;9,324084E-1;7,544432E-2;1,559593E-1;9,304438E-1;;
02/12/2021  12:05:22,978458;9,329418E-1;1,219570E-1;1,205749E-1;9,304996E-1;;
02/12/2021  12:05:22,978558;9,334544E-1;1,308772E-1;1,221546E-1;9,305605E-1;;
02/12/2021  12:05:22,978658;9,339998E-1;1,347002E-1;1,291051E-1;9,306261E-1;;
02/12/2021  12:05:22,978758;9,336273E-1;1,143111E-1;1,202590E-1;9,306960E-1;;
02/12/2021  12:05:22,978858;9,333740E-1;1,225942E-1;1,306848E-1;9,307700E-1;;
02/12/2021  12:05:22,978958;9,338657E-1;1,238685E-1;1,303688E-1;9,308477E-1;;
02/12/2021  12:05:22,979058;9,344707E-1;1,254614E-1;1,249980E-1;9,309287E-1;;
02/12/2021  12:05:22,979158;9,351234E-1;1,130368E-1;1,126766E-1;9,310129E-1;;
02/12/2021  12:05:22,979258;9,345125E-1;1,073023E-1;1,145722E-1;9,311000E-1;;
02/12/2021  12:05:22,979358;9,331445E-1;1,305587E-1;1,085695E-1;9,311899E-1;;
02/12/2021  12:05:22,979458;9,337376E-1;1,353374E-1;1,347919E-1;9,312823E-1;;
02/12/2021  12:05:22,979558;9,343515E-1;1,235499E-1;1,325804E-1;9,313768E-1;;
02/12/2021  12:05:22,979658;9,334783E-1;1,063466E-1;1,133085E-1;9,314729E-1;;
02/12/2021  12:05:22,979758;9,335677E-1;1,289658E-1;1,313166E-1;9,315704E-1;;
02/12/2021  12:05:22,979858;9,319703E-1;1,114439E-1;1,193112E-1;9,316689E-1;;
02/12/2021  12:05:22,979958;9,314785E-1;1,143111E-1;9,308886E-2;9,317677E-1;;
02/12/2021  12:05:22,980058;9,323368E-1;1,015679E-1;1,041465E-1;9,318661E-1;;
02/12/2021  12:05:22,980158;9,310046E-1;9,647060E-2;9,340479E-2;9,319634E-1;;
02/12/2021  12:05:22,980258;9,304861E-1;1,079395E-1;1,973464E-1;9,320590E-1;;
02/12/2021  12:05:22,980358;9,289721E-1;1,143111E-1;1,199431E-1;9,321521E-1;;
02/12/2021  12:05:22,980458;9,287366E-1;1,085766E-1;1,035146E-1;9,322416E-1;;
02/12/2021  12:05:22,980558;9,288111E-1;9,232906E-2;1,357397E-1;9,323267E-1;;
02/12/2021  12:05:22,980658;9,281853E-1;9,615202E-2;1,031987E-1;9,324064E-1;;
02/12/2021  12:05:22,980758;9,272822E-1;1,127182E-1;1,490088E-1;9,324797E-1;;
02/12/2021  12:05:22,980858;9,267488E-1;8,277166E-2;9,940750E-2;9,325459E-1;;
02/12/2021  12:05:22,980958;9,270796E-1;7,640006E-2;8,708615E-2;9,326041E-1;;
02/12/2021  12:05:22,981058;9,273299E-1;9,009900E-2;1,142563E-1;9,326533E-1;;
02/12/2021  12:05:22,981158;9,276131E-1;1,012493E-1;1,088855E-1;9,326932E-1;;
02/12/2021  12:05:22,981258;9,265849E-1;9,105474E-2;9,056141E-2;9,327231E-1;;
02/12/2021  12:05:22,981358;9,261915E-1;5,091366E-2;1,063580E-1;9,327428E-1;;
02/12/2021  12:05:22,981458;9,268859E-1;8,691320E-2;1,038306E-1;9,327519E-1;;
02/12/2021  12:05:22,981558;9,272882E-1;1,034794E-1;1,231024E-1;9,327502E-1;;
02/12/2021  12:05:22,981658;9,270498E-1;9,710776E-2;1,114129E-1;9,327375E-1;;
02/12/2021  12:05:22,981758;9,269991E-1;9,615202E-2;1,041465E-1;9,327140E-1;;
02/12/2021  12:05:22,981858;9,267607E-1;1,659210E-1;1,063580E-1;9,326798E-1;;
02/12/2021  12:05:22,981958;9,272375E-1;1,311958E-1;1,663851E-1;9,326350E-1;;
02/12/2021  12:05:22,982058;9,269783E-1;1,512664E-1;1,531159E-1;9,325800E-1;;
02/12/2021  12:05:22,982158;9,265342E-1;1,324701E-1;1,471132E-1;9,325150E-1;;
02/12/2021  12:05:22,982258;9,265163E-1;1,391603E-1;1,313166E-1;9,324404E-1;;
02/12/2021  12:05:22,982358;9,265819E-1;1,474434E-1;1,316326E-1;9,323564E-1;;
02/12/2021  12:05:22,982458;9,272852E-1;1,656025E-1;1,385831E-1;9,322635E-1;;
02/12/2021  12:05:22,982558;9,273419E-1;1,687883E-1;1,420583E-1;9,321621E-1;;
02/12/2021  12:05:22,982658;9,277114E-1;1,722926E-1;1,629098E-1;9,320528E-1;;
02/12/2021  12:05:22,982758;9,271243E-1;1,582751E-1;1,379512E-1;9,319364E-1;;
02/12/2021  12:05:22,982858;9,280452E-1;1,544522E-1;1,471132E-1;9,318134E-1;;
02/12/2021  12:05:22,982958;9,293774E-1;1,458505E-1;1,540637E-1;9,316846E-1;;
02/12/2021  12:05:22,983058;9,296993E-1;1,143111E-1;1,180475E-1;9,315510E-1;;
02/12/2021  12:05:22,983158;9,297678E-1;1,095324E-1;1,079377E-1;9,314135E-1;;
02/12/2021  12:05:22,983258;9,293714E-1;1,254614E-1;1,461654E-1;9,312732E-1;;
02/12/2021  12:05:22,983358;9,294161E-1;1,372488E-1;1,310007E-1;9,311310E-1;;
02/12/2021  12:05:22,983458;9,305487E-1;1,037979E-1;9,530039E-2;9,309880E-1;;
02/12/2021  12:05:22,983558;9,301165E-1;1,117624E-1;1,167838E-1;9,308448E-1;;
02/12/2021  12:05:22,983658;9,305665E-1;1,139925E-1;1,183634E-1;9,307026E-1;;
02/12/2021  12:05:22,983758;9,296784E-1;1,369303E-1;1,449017E-1;9,305621E-1;;
02/12/2021  12:05:22,983858;9,308467E-1;1,311958E-1;1,306848E-1;9,304240E-1;;
02/12/2021  12:05:22,983958;9,309570E-1;9,742634E-2;6,749837E-2;9,302891E-1;;
02/12/2021  12:05:22,984058;9,313563E-1;1,133553E-1;1,556434E-1;9,301581E-1;;
02/12/2021  12:05:22,984158;9,315232E-1;1,311958E-1;1,354238E-1;9,300317E-1;;
02/12/2021  12:05:22,984258;9,311894E-1;1,448948E-1;1,373193E-1;9,299107E-1;;
02/12/2021  12:05:22,984358;9,317974E-1;1,254614E-1;1,009872E-1;9,297955E-1;;
02/12/2021  12:05:22,984458;9,329716E-1;1,146297E-1;1,189953E-1;9,296869E-1;;
02/12/2021  12:05:22,984558;9,334992E-1;1,337445E-1;1,335282E-1;9,295854E-1;;
02/12/2021  12:05:22,984658;9,334902E-1;1,331073E-1;1,385831E-1;9,294917E-1;;
02/12/2021  12:05:22,984758;9,344976E-1;1,273729E-1;1,202590E-1;9,294067E-1;;
02/12/2021  12:05:22,984858;9,354691E-1;1,210013E-1;1,218387E-1;9,293309E-1;;
02/12/2021  12:05:22,984958;9,372901E-1;1,362931E-1;1,313166E-1;9,292652E-1;;
02/12/2021  12:05:22,985058;9,373408E-1;1,356559E-1;1,354238E-1;9,292105E-1;;
02/12/2021  12:05:22,985158;9,381454E-1;1,289658E-1;1,417424E-1;9,291677E-1;;
02/12/2021  12:05:22,985258;9,388458E-1;1,210013E-1;1,256299E-1;9,291378E-1;;
02/12/2021  12:05:22,985358;9,409499E-1;1,120810E-1;1,155200E-1;9,291217E-1;;
02/12/2021  12:05:22,985458;9,412807E-1;1,280100E-1;1,467973E-1;9,291204E-1;;
02/12/2021  12:05:22,985558;9,429258E-1;1,369303E-1;1,306848E-1;9,291350E-1;;
02/12/2021  12:05:22,985658;9,435070E-1;1,324701E-1;1,411105E-1;9,291664E-1;;
02/12/2021  12:05:22,985758;9,445263E-1;1,305587E-1;1,294210E-1;9,292157E-1;;
02/12/2021  12:05:22,985858;9,458585E-1;1,079395E-1;1,050943E-1;9,292839E-1;;
02/12/2021  12:05:22,985958;9,469403E-1;1,426647E-1;1,461654E-1;9,293721E-1;;
02/12/2021  12:05:22,986058;9,477867E-1;1,302401E-1;1,332122E-1;9,294811E-1;;
02/12/2021  12:05:22,986158;9,481801E-1;1,264171E-1;1,212068E-1;9,296118E-1;;
02/12/2021  12:05:22,986258;9,484036E-1;2,594380E-4;6,181159E-2;9,297651E-1;;
02/12/2021  12:05:22,986358;9,502484E-1;1,439390E-1;1,550115E-1;9,299414E-1;;
02/12/2021  12:05:22,986458;9,513273E-1;1,308772E-1;1,297370E-1;9,301413E-1;;
02/12/2021  12:05:22,986558;9,517118E-1;1,222756E-1;1,272095E-1;9,303654E-1;;
02/12/2021  12:05:22,986658;9,529695E-1;1,238685E-1;1,152041E-1;9,306140E-1;;
02/12/2021  12:05:22,986758;9,537145E-1;9,838208E-2;1,619620E-1;9,308876E-1;;
02/12/2021  12:05:22,986858;9,551361E-1;1,302401E-1;1,351078E-1;9,311864E-1;;
02/12/2021  12:05:22,986958;9,564802E-1;1,213198E-1;1,253139E-1;9,315108E-1;;
02/12/2021  12:05:22,987058;9,572402E-1;1,369303E-1;1,354238E-1;9,318609E-1;;
02/12/2021  12:05:22,987158;9,581760E-1;1,069837E-1;1,117289E-1;9,322370E-1;;
02/12/2021  12:05:22,987258;9,596870E-1;1,426647E-1;1,300529E-1;9,326392E-1;;
02/12/2021  12:05:22,987358;9,615915E-1;1,308772E-1;1,284732E-1;9,330677E-1;;
02/12/2021  12:05:22,987458;9,624975E-1;1,241871E-1;1,272095E-1;9,335226E-1;;
02/12/2021  12:05:22,987558;9,633528E-1;1,216384E-1;1,310007E-1;9,340042E-1;;
02/12/2021  12:05:22,987658;9,635436E-1;1,353374E-1;1,392149E-1;9,345125E-1;;
02/12/2021  12:05:22,987758;9,650814E-1;1,391603E-1;1,325804E-1;9,350473E-1;;
02/12/2021  12:05:22,987858;9,668875E-1;1,315144E-1;1,297370E-1;9,356086E-1;;
02/12/2021  12:05:22,987958;9,677339E-1;1,210013E-1;1,268936E-1;9,361961E-1;;
02/12/2021  12:05:22,988058;9,688425E-1;1,331073E-1;1,332122E-1;9,368097E-1;;
02/12/2021  12:05:22,988158;9,686041E-1;1,299215E-1;1,079377E-1;9,374492E-1;;
02/12/2021  12:05:22,988258;9,701986E-1;1,340630E-1;1,322644E-1;9,381141E-1;;
02/12/2021  12:05:22,988358;9,705920E-1;1,114439E-1;1,351078E-1;9,388038E-1;;
02/12/2021  12:05:22,988458;9,718139E-1;1,483991E-1;1,461654E-1;9,395179E-1;;
02/12/2021  12:05:22,988558;9,723861E-1;1,353374E-1;1,259458E-1;9,402555E-1;;
02/12/2021  12:05:22,988658;9,721417E-1;1,315144E-1;1,272095E-1;9,410159E-1;;
02/12/2021  12:05:22,988758;9,733964E-1;4,517922E-2;6,718244E-2;9,417981E-1;;
02/12/2021  12:05:22,988858;9,743650E-1;1,369303E-1;1,287892E-1;9,426012E-1;;
02/12/2021  12:05:22,988958;9,749730E-1;1,225942E-1;1,092014E-1;9,434240E-1;;
02/12/2021  12:05:22,989058;9,748449E-1;1,327887E-1;1,335282E-1;9,442655E-1;;
02/12/2021  12:05:22,989158;9,749551E-1;1,222756E-1;1,215227E-1;9,451244E-1;;
02/12/2021  12:05:22,989258;9,754767E-1;1,171783E-1;1,050943E-1;9,459995E-1;;
02/12/2021  12:05:22,989358;9,768566E-1;1,206827E-1;1,047783E-1;9,468891E-1;;
02/12/2021  12:05:22,989458;9,762694E-1;1,445762E-1;1,316326E-1;9,477920E-1;;
02/12/2021  12:05:22,989558;9,765853E-1;1,557265E-1;1,442698E-1;9,487066E-1;;
02/12/2021  12:05:22,989658;9,763559E-1;1,289658E-1;1,231024E-1;9,496314E-1;;
02/12/2021  12:05:22,989758;9,767195E-1;1,340630E-1;1,366875E-1;9,505646E-1;;
02/12/2021  12:05:22,989858;9,777924E-1;1,528593E-1;1,651214E-1;9,515045E-1;;
02/12/2021  12:05:22,989958;9,780904E-1;1,155854E-1;1,227865E-1;9,524495E-1;;
02/12/2021  12:05:22,990058;9,776463E-1;1,206827E-1;1,003553E-1;9,533980E-1;;
02/12/2021  12:05:22,990158;9,769132E-1;-3,244942E-3;7,634447E-2;9,543483E-1;;
02/12/2021  12:05:22,990258;9,774169E-1;1,464877E-1;1,452176E-1;9,552986E-1;;
02/12/2021  12:05:22,990358;9,774169E-1;1,506292E-1;1,509044E-1;9,562471E-1;;
02/12/2021  12:05:22,990458;9,779354E-1;1,375674E-1;1,268936E-1;9,571921E-1;;
02/12/2021  12:05:22,990558;9,773185E-1;1,311958E-1;1,275255E-1;9,581317E-1;;
02/12/2021  12:05:22,990658;9,769966E-1;7,767438E-2;5,486109E-2;9,590644E-1;;
02/12/2021  12:05:22,990758;9,779444E-1;1,595494E-1;1,676488E-1;9,599883E-1;;
02/12/2021  12:05:22,990858;9,778281E-1;1,257800E-1;1,205749E-1;9,609019E-1;;
02/12/2021  12:05:22,990958;9,780338E-1;1,280100E-1;1,335282E-1;9,618036E-1;;
02/12/2021  12:05:22,991058;9,776106E-1;1,308772E-1;1,234183E-1;9,626920E-1;;
02/12/2021  12:05:22,991158;9,770771E-1;1,480806E-1;1,382671E-1;9,635657E-1;;
02/12/2021  12:05:22,991258;9,781083E-1;1,509478E-1;1,354238E-1;9,644233E-1;;
02/12/2021  12:05:22,991358;9,780695E-1;1,149482E-1;1,167838E-1;9,652635E-1;;
02/12/2021  12:05:22,991458;9,779086E-1;1,273729E-1;1,344760E-1;9,660852E-1;;
02/12/2021  12:05:22,991558;9,775063E-1;1,184526E-1;1,322644E-1;9,668873E-1;;
02/12/2021  12:05:22,991658;9,769072E-1;1,085766E-1;1,398468E-1;9,676689E-1;;
02/12/2021  12:05:22,991758;9,776404E-1;1,311958E-1;1,347919E-1;9,684288E-1;;
02/12/2021  12:05:22,991858;9,774526E-1;1,299215E-1;1,278414E-1;9,691662E-1;;
02/12/2021  12:05:22,991958;9,775867E-1;1,547707E-1;1,401627E-1;9,698803E-1;;
02/12/2021  12:05:22,992058;9,768059E-1;1,671954E-1;1,588027E-1;9,705704E-1;;
02/12/2021  12:05:22,992158;9,766390E-1;1,359745E-1;1,341600E-1;9,712358E-1;;
02/12/2021  12:05:22,992258;9,769221E-1;1,171783E-1;1,379512E-1;9,718758E-1;;
02/12/2021  12:05:22,992358;9,766211E-1;1,347002E-1;1,202590E-1;9,724900E-1;;
02/12/2021  12:05:22,992458;9,763976E-1;1,477620E-1;1,347919E-1;9,730779E-1;;
02/12/2021  12:05:22,992558;9,754350E-1;1,519035E-1;1,401627E-1;9,736391E-1;;
02/12/2021  12:05:22,992658;9,755363E-1;1,458505E-1;1,404787E-1;9,741731E-1;;
02/12/2021  12:05:22,992758;9,754797E-1;3,052454E-2;5,549295E-2;9,746797E-1;;
02/12/2021  12:05:22,992858;9,752323E-1;1,305587E-1;9,972343E-2;9,751585E-1;;
02/12/2021  12:05:22,992958;9,734024E-1;1,334259E-1;1,313166E-1;9,756093E-1;;
02/12/2021  12:05:22,993058;9,724934E-1;1,088952E-1;1,158360E-1;9,760319E-1;;
02/12/2021  12:05:22,993158;9,717960E-1;8,117876E-2;8,519056E-2;9,764257E-1;;
02/12/2021  12:05:22,993258;9,715874E-1;1,162226E-1;1,170997E-1;9,767904E-1;;
02/12/2021  12:05:22,993358;9,702254E-1;1,276914E-1;1,259458E-1;9,771254E-1;;
02/12/2021  12:05:22,993458;9,687740E-1;1,073023E-1;1,126766E-1;9,774304E-1;;
02/12/2021  12:05:22,993558;9,672600E-1;9,774492E-2;1,092014E-1;9,777049E-1;;
02/12/2021  12:05:22,993658;9,664613E-1;9,774492E-2;8,582243E-2;9,779481E-1;;
02/12/2021  12:05:22,993758;9,662199E-1;1,203641E-1;1,278414E-1;9,781595E-1;;
02/12/2021  12:05:22,993858;9,646254E-1;1,006121E-1;1,079377E-1;9,783384E-1;;
02/12/2021  12:05:22,993958;9,623097E-1;9,870066E-2;1,145722E-1;9,784844E-1;;
02/12/2021  12:05:22,994058;9,605662E-1;9,806350E-2;9,624818E-2;9,785968E-1;;
02/12/2021  12:05:22,994158;9,598301E-1;1,257800E-1;1,496407E-1;9,786747E-1;;
02/12/2021  12:05:22,994258;9,587155E-1;1,108067E-1;1,237343E-1;9,787174E-1;;
02/12/2021  12:05:22,994358;9,569273E-1;9,806350E-2;1,076217E-1;9,787242E-1;;
02/12/2021  12:05:22,994458;9,552315E-1;8,659462E-2;1,041465E-1;9,786943E-1;;
02/12/2021  12:05:22,994558;9,533629E-1;9,487770E-2;1,133085E-1;9,786270E-1;;
02/12/2021  12:05:22,994658;9,519055E-1;1,133553E-1;1,240502E-1;9,785216E-1;;
02/12/2021  12:05:22,994758;9,504898E-1;1,152668E-1;1,313166E-1;9,783774E-1;;
02/12/2021  12:05:22,994858;9,482218E-1;9,360338E-2;1,025668E-1;9,781935E-1;;
02/12/2021  12:05:22,994958;9,457929E-1;1,066652E-1;1,177316E-1;9,779693E-1;;
02/12/2021  12:05:22,995058;9,435338E-1;1,127182E-1;1,208909E-1;9,777039E-1;;
02/12/2021  12:05:22,995158;9,423596E-1;1,477620E-1;1,692285E-1;9,773965E-1;;
02/12/2021  12:05:22,995258;9,405416E-1;1,362931E-1;1,300529E-1;9,770463E-1;;
02/12/2021  12:05:22,995358;9,384703E-1;1,420275E-1;1,297370E-1;9,766526E-1;;
02/12/2021  12:05:22,995458;9,367387E-1;1,675139E-1;1,461654E-1;9,762146E-1;;
02/12/2021  12:05:22,995558;9,344022E-1;1,767528E-1;1,455336E-1;9,757319E-1;;
02/12/2021  12:05:22,995658;9,335677E-1;1,684697E-1;1,559593E-1;9,752039E-1;;
02/12/2021  12:05:22,995758;9,321312E-1;1,563636E-1;1,445858E-1;9,746302E-1;;
02/12/2021  12:05:22,995858;9,292582E-1;1,455319E-1;1,464814E-1;9,740106E-1;;
02/12/2021  12:05:22,995958;9,273806E-1;1,474434E-1;1,515363E-1;9,733450E-1;;
02/12/2021  12:05:22,996058;9,251156E-1;1,356559E-1;1,265777E-1;9,726331E-1;;
02/12/2021  12:05:22,996158;9,249099E-1;1,305587E-1;1,215227E-1;9,718748E-1;;
02/12/2021  12:05:22,996258;9,234347E-1;1,264171E-1;1,237343E-1;9,710704E-1;;
02/12/2021  12:05:22,996358;9,215154E-1;1,251428E-1;1,351078E-1;9,702200E-1;;
02/12/2021  12:05:22,996458;9,200312E-1;1,057094E-1;1,458495E-1;9,693242E-1;;
02/12/2021  12:05:22,996558;9,189404E-1;1,308772E-1;1,338441E-1;9,683837E-1;;
02/12/2021  12:05:22,996658;9,188122E-1;1,280100E-1;1,360556E-1;9,673991E-1;;
02/12/2021  12:05:22,996758;9,175694E-1;1,267357E-1;1,294210E-1;9,663717E-1;;
02/12/2021  12:05:22,996858;9,166575E-1;1,337445E-1;1,328963E-1;9,653026E-1;;
02/12/2021  12:05:22,996958;9,150392E-1;9,328480E-2;6,560278E-2;9,641934E-1;;
02/12/2021  12:05:22,997058;9,143448E-1;1,245056E-1;1,287892E-1;9,630456E-1;;
02/12/2021  12:05:22,997158;9,142554E-1;1,372488E-1;1,597505E-1;9,618610E-1;;
02/12/2021  12:05:22,997258;9,136831E-1;1,149482E-1;1,259458E-1;9,606414E-1;;
02/12/2021  12:05:22,997358;9,125506E-1;1,251428E-1;1,240502E-1;9,593891E-1;;
02/12/2021  12:05:22,997458;9,119724E-1;1,159040E-1;1,221546E-1;9,581061E-1;;
02/12/2021  12:05:22,997558;9,109651E-1;1,213198E-1;1,262617E-1;9,567949E-1;;
02/12/2021  12:05:22,997658;9,106581E-1;1,178155E-1;1,098333E-1;9,554577E-1;;
02/12/2021  12:05:22,997758;9,098475E-1;1,200455E-1;9,972343E-2;9,540970E-1;;
02/12/2021  12:05:22,997858;9,084795E-1;1,216384E-1;1,212068E-1;9,527153E-1;;
02/12/2021  12:05:22,997958;9,068284E-1;1,101695E-1;1,240502E-1;9,513149E-1;;
02/12/2021  12:05:22,998058;9,064023E-1;1,104881E-1;9,214107E-2;9,498982E-1;;
02/12/2021  12:05:22,998158;9,060357E-1;1,025236E-1;9,182514E-2;9,484673E-1;;
02/12/2021  12:05:22,998258;9,052340E-1;9,806350E-2;1,006712E-1;9,470245E-1;;
02/12/2021  12:05:22,998358;9,032759E-1;1,152668E-1;1,170997E-1;9,455721E-1;;
02/12/2021  12:05:22,998458;9,026352E-1;1,245056E-1;1,215227E-1;9,441121E-1;;
02/12/2021  12:05:22,998558;9,028378E-1;1,302401E-1;1,328963E-1;9,426466E-1;;
02/12/2021  12:05:22,998658;9,028289E-1;1,296029E-1;1,464814E-1;9,411777E-1;;
02/12/2021  12:05:22,998758;9,018722E-1;1,222756E-1;1,243661E-1;9,397075E-1;;
02/12/2021  12:05:22,998858;9,006682E-1;1,127182E-1;1,038306E-1;9,382381E-1;;
02/12/2021  12:05:22,998958;9,004208E-1;1,267357E-1;1,761790E-1;9,367717E-1;;
02/12/2021  12:05:22,999058;9,009483E-1;1,171783E-1;1,164678E-1;9,353101E-1;;
02/12/2021  12:05:22,999158;9,005668E-1;1,060280E-1;1,129926E-1;9,338554E-1;;
02/12/2021  12:05:22,999258;9,005937E-1;1,101695E-1;1,120448E-1;9,324096E-1;;
02/12/2021  12:05:22,999358;8,997860E-1;1,012493E-1;1,031987E-1;9,309749E-1;;
02/12/2021  12:05:22,999458;8,992257E-1;1,573194E-1;2,005057E-1;9,295532E-1;;
02/12/2021  12:05:22,999558;8,999946E-1;1,448948E-1;1,616461E-1;9,281463E-1;;
02/12/2021  12:05:22,999658;9,005728E-1;1,139925E-1;1,240502E-1;9,267563E-1;;
02/12/2021  12:05:22,999758;8,999052E-1;1,079395E-1;1,379512E-1;9,253850E-1;;
02/12/2021  12:05:22,999858;8,988830E-1;1,289658E-1;1,351078E-1;9,240343E-1;;
02/12/2021  12:05:22,999958;8,988085E-1;1,493549E-1;1,528000E-1;9,227060E-1;;
02/12/2021  12:05:23,000058;8,991542E-1;1,015679E-1;8,771802E-2;9,214016E-1;;
02/12/2021  12:05:23,000158;9,003940E-1;1,159040E-1;1,186794E-1;9,201225E-1;;
02/12/2021  12:05:23,000258;9,000483E-1;1,331073E-1;1,480610E-1;9,188704E-1;;
02/12/2021  12:05:23,000358;8,992525E-1;1,417090E-1;1,439539E-1;9,176468E-1;;
02/12/2021  12:05:23,000458;8,999022E-1;1,232313E-1;1,249980E-1;9,164531E-1;;
02/12/2021  12:05:23,000558;9,014192E-1;1,178155E-1;1,486929E-1;9,152907E-1;;
02/12/2021  12:05:23,000658;9,021375E-1;1,095324E-1;1,205749E-1;9,141609E-1;;
02/12/2021  12:05:23,000758;9,027156E-1;1,241871E-1;1,177316E-1;9,130652E-1;;
02/12/2021  12:05:23,000858;9,026799E-1;1,174969E-1;1,278414E-1;9,120051E-1;;
02/12/2021  12:05:23,000958;9,030673E-1;1,190898E-1;1,167838E-1;9,109819E-1;;
02/12/2021  12:05:23,001058;9,046975E-1;3,848904E-2;8,171531E-2;9,099970E-1;;
02/12/2021  12:05:23,001158;9,052131E-1;1,289658E-1;1,338441E-1;9,090515E-1;;
02/12/2021  12:05:23,001258;9,059731E-1;1,289658E-1;1,218387E-1;9,081467E-1;;
02/12/2021  12:05:23,001358;9,061936E-1;1,098510E-1;1,114129E-1;9,072839E-1;;
02/12/2021  12:05:23,001458;9,069775E-1;1,047537E-1;1,126766E-1;9,064641E-1;;
02/12/2021  12:05:23,001558;9,084617E-1;3,625898E-2;5,170177E-2;9,056882E-1;;
02/12/2021  12:05:23,001658;9,091948E-1;1,624167E-1;2,033491E-1;9,049573E-1;;
02/12/2021  12:05:23,001758;9,088431E-1;1,350188E-1;1,363715E-1;9,042721E-1;;
02/12/2021  12:05:23,001858;9,085362E-1;1,031608E-1;9,561632E-2;9,036334E-1;;
02/12/2021  12:05:23,001958;9,096001E-1;8,245308E-2;1,145722E-1;9,030416E-1;;
02/12/2021  12:05:23,002058;9,107952E-1;1,410718E-1;1,461654E-1;9,024969E-1;;
02/12/2021  12:05:23,002158;9,114330E-1;1,270543E-1;1,328963E-1;9,019995E-1;;
02/12/2021  12:05:23,002258;9,116416E-1;1,152668E-1;1,281573E-1;9,015495E-1;;
02/12/2021  12:05:23,002358;9,116029E-1;1,139925E-1;1,139404E-1;9,011469E-1;;
02/12/2021  12:05:23,002458;9,128665E-1;1,350188E-1;1,082536E-1;9,007916E-1;;
02/12/2021  12:05:23,002558;9,142703E-1;1,445762E-1;1,325804E-1;9,004833E-1;;
02/12/2021  12:05:23,002658;9,150302E-1;1,276914E-1;1,227865E-1;9,002217E-1;;
02/12/2021  12:05:23,002758;9,153819E-1;1,372488E-1;1,452176E-1;9,000065E-1;;
02/12/2021  12:05:23,002858;9,162760E-1;1,280100E-1;1,297370E-1;8,998374E-1;;
02/12/2021  12:05:23,002958;9,176976E-1;1,302401E-1;1,284732E-1;8,997139E-1;;
02/12/2021  12:05:23,003058;9,192086E-1;1,241871E-1;1,414265E-1;8,996356E-1;;
02/12/2021  12:05:23,003158;9,202428E-1;1,216384E-1;1,202590E-1;8,996021E-1;;
02/12/2021  12:05:23,003258;9,213127E-1;1,248242E-1;1,313166E-1;8,996131E-1;;
02/12/2021  12:05:23,003358;9,223141E-1;1,359745E-1;1,373193E-1;8,996680E-1;;
02/12/2021  12:05:23,003458;9,237357E-1;8,500172E-2;9,688005E-2;8,997666E-1;;
02/12/2021  12:05:23,003558;9,259918E-1;1,098510E-1;1,202590E-1;8,999084E-1;;
02/12/2021  12:05:23,003658;9,265908E-1;1,101695E-1;1,215227E-1;9,000930E-1;;
02/12/2021  12:05:23,003758;9,270528E-1;1,318330E-1;1,189953E-1;9,003201E-1;;
02/12/2021  12:05:23,003858;9,281644E-1;1,362931E-1;1,199431E-1;9,005893E-1;;
02/12/2021  12:05:23,003958;9,295443E-1;1,534964E-1;1,695444E-1;9,008999E-1;;
02/12/2021  12:05:23,004058;9,314725E-1;1,155854E-1;1,186794E-1;9,012512E-1;;
02/12/2021  12:05:23,004158;9,324024E-1;1,276914E-1;1,370034E-1;9,016428E-1;;
02/12/2021  12:05:23,004258;9,340863E-1;1,464877E-1;1,395309E-1;9,020741E-1;;
02/12/2021  12:05:23,004358;9,352844E-1;1,305587E-1;1,417424E-1;9,025444E-1;;
02/12/2021  12:05:23,004458;9,370666E-1;1,159040E-1;1,275255E-1;9,030533E-1;;
02/12/2021  12:05:23,004558;9,389591E-1;1,130368E-1;1,256299E-1;9,036003E-1;;
02/12/2021  12:05:23,004658;9,400946E-1;1,366117E-1;1,430061E-1;9,041848E-1;;
02/12/2021  12:05:23,004758;9,406698E-1;1,350188E-1;1,325804E-1;9,048063E-1;;
02/12/2021  12:05:23,004858;9,420735E-1;1,280100E-1;1,110970E-1;9,054643E-1;;
02/12/2021  12:05:23,004958;9,440137E-1;1,159040E-1;1,155200E-1;9,061580E-1;;
02/12/2021  12:05:23,005058;9,451670E-1;1,324701E-1;1,347919E-1;9,068867E-1;;
02/12/2021  12:05:23,005158;9,458257E-1;1,413904E-1;1,373193E-1;9,076498E-1;;
02/12/2021  12:05:23,005258;9,465499E-1;9,551486E-2;1,129926E-1;9,084465E-1;;
02/12/2021  12:05:23,005358;9,479566E-1;1,251428E-1;1,170997E-1;9,092756E-1;;
02/12/2021  12:05:23,005458;9,496852E-1;9,487770E-2;1,231024E-1;9,101364E-1;;
02/12/2021  12:05:23,005558;9,502693E-1;1,324701E-1;1,357397E-1;9,110276E-1;;
02/12/2021  12:05:23,005658;9,511366E-1;1,216384E-1;1,123607E-1;9,119484E-1;;
02/12/2021  12:05:23,005758;9,509577E-1;8,882468E-2;1,063580E-1;9,128974E-1;;
02/12/2021  12:05:23,005858;9,520724E-1;1,104881E-1;1,139404E-1;9,138733E-1;;
02/12/2021  12:05:23,005958;9,534195E-1;1,471248E-1;1,704922E-1;9,148747E-1;;
02/12/2021  12:05:23,006058;9,540573E-1;1,477620E-1;1,433221E-1;9,159000E-1;;
02/12/2021  12:05:23,006158;9,544447E-1;1,120810E-1;1,167838E-1;9,169477E-1;;
02/12/2021  12:05:23,006258;9,551630E-1;1,101695E-1;1,170997E-1;9,180162E-1;;
02/12/2021  12:05:23,006358;9,562597E-1;1,111253E-1;1,196272E-1;9,191039E-1;;
02/12/2021  12:05:23,006458;9,581641E-1;1,213198E-1;1,152041E-1;9,202091E-1;;
02/12/2021  12:05:23,006558;9,584949E-1;9,360338E-2;8,203124E-2;9,213302E-1;;
02/12/2021  12:05:23,006658;9,588377E-1;1,123996E-1;1,240502E-1;9,224659E-1;;
02/12/2021  12:05:23,006758;9,590642E-1;9,742634E-2;1,054102E-1;9,236145E-1;;
02/12/2021  12:05:23,006858;9,600119E-1;8,436456E-2;7,729226E-2;9,247743E-1;;
02/12/2021  12:05:23,006958;9,616123E-1;1,104881E-1;1,129926E-1;9,259437E-1;;
02/12/2021  12:05:23,007058;9,623157E-1;4,400978E-3;5,517702E-2;9,271213E-1;;
02/12/2021  12:05:23,007158;9,623753E-1;1,002936E-1;1,120448E-1;9,283053E-1;;
02/12/2021  12:05:23,007258;9,625839E-1;9,424054E-2;9,972343E-2;9,294945E-1;;
02/12/2021  12:05:23,007358;9,643423E-1;1,213198E-1;1,291051E-1;9,306872E-1;;
02/12/2021  12:05:23,007458;9,655225E-1;1,006121E-1;1,392149E-1;9,318820E-1;;
02/12/2021  12:05:23,007558;9,664672E-1;1,044351E-1;1,085695E-1;9,330776E-1;;
02/12/2021  12:05:23,007658;9,658145E-1;6,970988E-2;7,065769E-2;9,342728E-1;;
02/12/2021  12:05:23,007758;9,663152E-1;1,761156E-1;1,929234E-1;9,354663E-1;;
02/12/2021  12:05:23,007858;9,669620E-1;1,359745E-1;1,407946E-1;9,366568E-1;;
02/12/2021  12:05:23,007958;9,679842E-1;1,385232E-1;1,411105E-1;9,378429E-1;;
02/12/2021  12:05:23,008058;9,680587E-1;1,544522E-1;1,445858E-1;9,390234E-1;;
02/12/2021  12:05:23,008158;9,683925E-1;5,378088E-2;8,424277E-2;9,401971E-1;;
02/12/2021  12:05:23,008258;9,691853E-1;8,659462E-2;6,813023E-2;9,413628E-1;;
02/12/2021  12:05:23,008358;9,694803E-1;1,793014E-1;1,878685E-1;9,425192E-1;;
02/12/2021  12:05:23,008458;9,702284E-1;1,764342E-1;1,603824E-1;9,436654E-1;;
02/12/2021  12:05:23,008558;9,702641E-1;1,875845E-1;1,850251E-1;9,448002E-1;;
02/12/2021  12:05:23,008658;9,697694E-1;1,519035E-1;1,512204E-1;9,459225E-1;;
02/12/2021  12:05:23,008758;9,691346E-1;1,554079E-1;1,600664E-1;9,470314E-1;;
02/12/2021  12:05:23,008858;9,703178E-1;7,640006E-2;9,940750E-2;9,481254E-1;;
02/12/2021  12:05:23,008958;9,707440E-1;1,337445E-1;1,325804E-1;9,492035E-1;;
02/12/2021  12:05:23,009058;9,698946E-1;1,490363E-1;1,594346E-1;9,502646E-1;;
02/12/2021  12:05:23,009158;9,704847E-1;1,257800E-1;1,227865E-1;9,513076E-1;;
02/12/2021  12:05:23,009258;9,699959E-1;1,120810E-1;1,098333E-1;9,523315E-1;;
02/12/2021  12:05:23,009358;9,709228E-1;1,311958E-1;1,376353E-1;9,533352E-1;;
02/12/2021  12:05:23,009458;9,706754E-1;1,509478E-1;1,407946E-1;9,543177E-1;;
02/12/2021  12:05:23,009558;9,704638E-1;1,350188E-1;1,079377E-1;9,552783E-1;;
02/12/2021  12:05:23,009658;9,692896E-1;1,219570E-1;1,354238E-1;9,562160E-1;;
02/12/2021  12:05:23,009758;9,689915E-1;1,088952E-1;1,161519E-1;9,571299E-1;;
02/12/2021  12:05:23,009858;9,698469E-1;1,331073E-1;1,379512E-1;9,580189E-1;;
02/12/2021  12:05:23,009958;9,687114E-1;1,299215E-1;1,268936E-1;9,588821E-1;;
02/12/2021  12:05:23,010058;9,680021E-1;7,640006E-2;8,645429E-2;9,597187E-1;;
02/12/2021  12:05:23,010158;9,670573E-1;1,127182E-1;1,328963E-1;9,605278E-1;;
02/12/2021  12:05:23,010258;9,671378E-1;1,184526E-1;1,325804E-1;9,613082E-1;;
02/12/2021  12:05:23,010358;9,675014E-1;1,483991E-1;1,692285E-1;9,620591E-1;;
02/12/2021  12:05:23,010458;9,669828E-1;4,963934E-2;5,486109E-2;9,627797E-1;;
02/12/2021  12:05:23,010558;9,665328E-1;1,222756E-1;1,215227E-1;9,634694E-1;;
02/12/2021  12:05:23,010658;9,654927E-1;1,171783E-1;1,129926E-1;9,641274E-1;;
02/12/2021  12:05:23,010758;9,650307E-1;1,503106E-1;1,638576E-1;9,647532E-1;;
02/12/2021  12:05:23,010858;9,655702E-1;1,289658E-1;1,076217E-1;9,653462E-1;;
02/12/2021  12:05:23,010958;9,641754E-1;1,334259E-1;1,243661E-1;9,659058E-1;;
02/12/2021  12:05:23,011058;9,634810E-1;1,190898E-1;1,167838E-1;9,664317E-1;;
02/12/2021  12:05:23,011158;9,626197E-1;1,442576E-1;1,464814E-1;9,669234E-1;;
02/12/2021  12:05:23,011258;9,627925E-1;1,630538E-1;1,486929E-1;9,673805E-1;;
02/12/2021  12:05:23,011358;9,628164E-1;1,238685E-1;1,120448E-1;9,678026E-1;;
02/12/2021  12:05:23,011458;9,626435E-1;1,174969E-1;1,133085E-1;9,681897E-1;;
02/12/2021  12:05:23,011558;9,610103E-1;1,267357E-1;1,486929E-1;9,685416E-1;;
02/12/2021  12:05:23,011658;9,597258E-1;1,375674E-1;1,316326E-1;9,688585E-1;;
02/12/2021  12:05:23,011758;9,598063E-1;1,311958E-1;1,249980E-1;9,691402E-1;;
02/12/2021  12:05:23,011858;9,597496E-1;1,139925E-1;1,449017E-1;9,693866E-1;;
02/12/2021  12:05:23,011958;9,585843E-1;1,311958E-1;1,272095E-1;9,695979E-1;;
02/12/2021  12:05:23,012058;9,574518E-1;1,522221E-1;1,610142E-1;9,697741E-1;;
02/12/2021  12:05:23,012158;9,558395E-1;1,273729E-1;1,297370E-1;9,699155E-1;;
02/12/2021  12:05:23,012258;9,560332E-1;1,267357E-1;1,310007E-1;9,700219E-1;;
02/12/2021  12:05:23,012358;9,555146E-1;1,311958E-1;1,335282E-1;9,700935E-1;;
02/12/2021  12:05:23,012458;9,542033E-1;1,560451E-1;1,502726E-1;9,701306E-1;;
02/12/2021  12:05:23,012558;9,532019E-1;1,429833E-1;1,351078E-1;9,701333E-1;;
02/12/2021  12:05:23,012658;9,518429E-1;1,334259E-1;1,543797E-1;9,701018E-1;;
02/12/2021  12:05:23,012758;9,519591E-1;9,137332E-2;1,979783E-1;9,700364E-1;;
02/12/2021  12:05:23,012858;9,514346E-1;1,359745E-1;1,322644E-1;9,699374E-1;;
02/12/2021  12:05:23,012958;9,498997E-1;1,433019E-1;1,407946E-1;9,698050E-1;;
02/12/2021  12:05:23,013058;9,490623E-1;1,308772E-1;1,243661E-1;9,696399E-1;;
02/12/2021  12:05:23,013158;9,485139E-1;1,334259E-1;1,155200E-1;9,694422E-1;;
02/12/2021  12:05:23,013258;9,478761E-1;1,254614E-1;1,243661E-1;9,692127E-1;;
02/12/2021  12:05:23,013358;9,476437E-1;1,442576E-1;1,335282E-1;9,689517E-1;;
02/12/2021  12:05:23,013458;9,464456E-1;1,289658E-1;1,357397E-1;9,686599E-1;;
02/12/2021  12:05:23,013558;9,452743E-1;1,206827E-1;1,202590E-1;9,683381E-1;;
02/12/2021  12:05:23,013658;9,444220E-1;1,006121E-1;9,940750E-2;9,679870E-1;;
02/12/2021  12:05:23,013758;9,445352E-1;1,184526E-1;1,189953E-1;9,676071E-1;;
02/12/2021  12:05:23,013858;9,433639E-1;1,359745E-1;1,322644E-1;9,671993E-1;;
02/12/2021  12:05:23,013958;9,423626E-1;1,276914E-1;1,272095E-1;9,667643E-1;;
02/12/2021  12:05:23,014058;9,410095E-1;1,006121E-1;1,303688E-1;9,663030E-1;;
02/12/2021  12:05:23,014158;9,401989E-1;1,264171E-1;1,325804E-1;9,658162E-1;;
02/12/2021  12:05:23,014258;9,410751E-1;1,480806E-1;1,385831E-1;9,653045E-1;;
02/12/2021  12:05:23,014358;9,401393E-1;1,391603E-1;1,347919E-1;9,647690E-1;;
02/12/2021  12:05:23,014458;9,393852E-1;1,225942E-1;1,167838E-1;9,642106E-1;;
02/12/2021  12:05:23,014558;9,380292E-1;1,251428E-1;1,249980E-1;9,636304E-1;;
02/12/2021  12:05:23,014658;9,381544E-1;1,334259E-1;1,316326E-1;9,630294E-1;;
02/12/2021  12:05:23,014758;9,385180E-1;1,401161E-1;1,240502E-1;9,624088E-1;;
02/12/2021  12:05:23,014858;9,380322E-1;1,286472E-1;1,281573E-1;9,617697E-1;;
02/12/2021  12:05:23,014958;9,371679E-1;1,458505E-1;1,313166E-1;9,611134E-1;;
02/12/2021  12:05:23,015058;9,368639E-1;1,324701E-1;1,398468E-1;9,604414E-1;;
02/12/2021  12:05:23,015158;9,377222E-1;1,308772E-1;1,265777E-1;9,597550E-1;;
02/12/2021  12:05:23,015258;9,382796E-1;1,203641E-1;1,025668E-1;9,590556E-1;;
02/12/2021  12:05:23,015358;9,376209E-1;9,519628E-2;7,350108E-2;9,583450E-1;;
02/12/2021  12:05:23,015458;9,368520E-1;1,235499E-1;1,246821E-1;9,576249E-1;;
02/12/2021  12:05:23,015558;9,360473E-1;1,305587E-1;1,291051E-1;9,568969E-1;;
02/12/2021  12:05:23,015658;9,362291E-1;4,071910E-2;5,486109E-2;9,561625E-1;;
02/12/2021  12:05:23,015758;9,366374E-1;1,076209E-1;1,357397E-1;9,554232E-1;;
02/12/2021  12:05:23,015858;9,361814E-1;1,194084E-1;1,221546E-1;9,546805E-1;;
02/12/2021  12:05:23,015958;9,349625E-1;1,292843E-1;1,347919E-1;9,539360E-1;;
02/12/2021  12:05:23,016058;9,348135E-1;1,197269E-1;1,139404E-1;9,531910E-1;;
02/12/2021  12:05:23,016158;9,351026E-1;6,078964E-2;9,972343E-2;9,524468E-1;;
02/12/2021  12:05:23,016258;9,349267E-1;1,324701E-1;1,594346E-1;9,517047E-1;;
02/12/2021  12:05:23,016358;9,344827E-1;1,267357E-1;1,284732E-1;9,509658E-1;;
02/12/2021  12:05:23,016458;9,335975E-1;6,811698E-2;9,877564E-2;9,502316E-1;;
02/12/2021  12:05:23,016558;9,333799E-1;1,331073E-1;1,344760E-1;9,495028E-1;;
02/12/2021  12:05:23,016658;9,335111E-1;1,225942E-1;1,262617E-1;9,487807E-1;;
02/12/2021  12:05:23,016758;9,343992E-1;1,267357E-1;1,325804E-1;9,480660E-1;;
02/12/2021  12:05:23,016858;9,334962E-1;1,327887E-1;1,303688E-1;9,473598E-1;;
02/12/2021  12:05:23,016958;9,331177E-1;1,044351E-1;1,126766E-1;9,466631E-1;;
02/12/2021  12:05:23,017058;9,330909E-1;1,283286E-1;1,158360E-1;9,459768E-1;;
02/12/2021  12:05:23,017158;9,338806E-1;1,359745E-1;1,256299E-1;9,453017E-1;;
02/12/2021  12:05:23,017258;9,339283E-1;1,203641E-1;1,256299E-1;9,446386E-1;;
02/12/2021  12:05:23,017358;9,334455E-1;1,385232E-1;1,673329E-1;9,439885E-1;;
02/12/2021  12:05:23,017458;9,322325E-1;1,187712E-1;1,243661E-1;9,433520E-1;;
02/12/2021  12:05:23,017558;9,318928E-1;1,168597E-1;1,237343E-1;9,427299E-1;;
02/12/2021  12:05:23,017658;9,323219E-1;1,187712E-1;1,373193E-1;9,421225E-1;;
02/12/2021  12:05:23,017758;9,322772E-1;1,251428E-1;1,303688E-1;9,415301E-1;;
02/12/2021  12:05:23,017858;9,313802E-1;1,649653E-1;1,692285E-1;9,409532E-1;;
02/12/2021  12:05:23,017958;9,303341E-1;1,210013E-1;1,253139E-1;9,403920E-1;;
02/12/2021  12:05:23,018058;9,302476E-1;1,050723E-1;1,114129E-1;9,398464E-1;;
02/12/2021  12:05:23,018158;9,307215E-1;1,305587E-1;1,294210E-1;9,393166E-1;;
02/12/2021  12:05:23,018258;9,307513E-1;1,254614E-1;1,281573E-1;9,388023E-1;;
02/12/2021  12:05:23,018358;9,295830E-1;1,057094E-1;9,688005E-2;9,383037E-1;;
02/12/2021  12:05:23,018458;9,290198E-1;1,162226E-1;1,009872E-1;9,378205E-1;;
02/12/2021  12:05:23,018558;9,289929E-1;1,413904E-1;1,335282E-1;9,373526E-1;;
02/12/2021  12:05:23,018658;9,295056E-1;1,321516E-1;1,297370E-1;9,368996E-1;;
02/12/2021  12:05:23,018758;9,293834E-1;1,206827E-1;1,240502E-1;9,364614E-1;;
02/12/2021  12:05:23,018858;9,292016E-1;6,684266E-2;7,318515E-2;9,360376E-1;;
02/12/2021  12:05:23,018958;9,289155E-1;1,184526E-1;1,031987E-1;9,356281E-1;;
02/12/2021  12:05:23,019058;9,287486E-1;1,127182E-1;1,177316E-1;9,352327E-1;;
02/12/2021  12:05:23,019158;9,303073E-1;1,404346E-1;1,426902E-1;9,348512E-1;;
02/12/2021  12:05:23,019258;9,303609E-1;1,028422E-1;1,088855E-1;9,344835E-1;;
02/12/2021  12:05:23,019358;9,296724E-1;8,468314E-2;1,104651E-1;9,341295E-1;;
02/12/2021  12:05:23,019458;9,285757E-1;1,108067E-1;1,107811E-1;9,337894E-1;;
02/12/2021  12:05:23,019558;9,290555E-1;1,210013E-1;1,379512E-1;9,334628E-1;;
02/12/2021  12:05:23,019658;9,294996E-1;8,372740E-2;1,351078E-1;9,331495E-1;;
02/12/2021  12:05:23,019758;9,291330E-1;7,767438E-2;1,019350E-1;9,328493E-1;;
02/12/2021  12:05:23,019858;9,284565E-1;1,057094E-1;1,193112E-1;9,325620E-1;;
02/12/2021  12:05:23,019958;9,279647E-1;9,615202E-2;1,054102E-1;9,322873E-1;;
02/12/2021  12:05:23,020058;9,281585E-1;-5,166910E-2;2,168823E-2;9,320247E-1;;
02/12/2021  12:05:23,020158;9,285697E-1;9,105474E-2;1,009872E-1;9,317739E-1;;
02/12/2021  12:05:23,020258;9,276637E-1;9,137332E-2;9,909157E-2;9,315345E-1;;
02/12/2021  12:05:23,020358;9,271243E-1;1,187712E-1;1,471132E-1;9,313061E-1;;
02/12/2021  12:05:23,020458;9,263017E-1;9,933782E-2;1,123607E-1;9,310881E-1;;
02/12/2021  12:05:23,020558;9,264120E-1;9,424054E-2;1,025668E-1;9,308798E-1;;
02/12/2021  12:05:23,020658;9,275087E-1;1,082581E-1;1,597505E-1;9,306807E-1;;
02/12/2021  12:05:23,020758;9,267547E-1;1,050723E-1;1,170997E-1;9,304903E-1;;
02/12/2021  12:05:23,020858;9,262242E-1;1,362931E-1;1,417424E-1;9,303080E-1;;
02/12/2021  12:05:23,020958;9,260275E-1;1,025236E-1;1,253139E-1;9,301333E-1;;
02/12/2021  12:05:23,021058;9,266385E-1;1,225942E-1;1,275255E-1;9,299658E-1;;
02/12/2021  12:05:23,021158;9,272107E-1;1,238685E-1;1,306848E-1;9,298050E-1;;
02/12/2021  12:05:23,021258;9,267249E-1;1,499920E-1;1,439539E-1;9,296506E-1;;
02/12/2021  12:05:23,021358;9,255298E-1;1,509478E-1;1,281573E-1;9,295022E-1;;
02/12/2021  12:05:23,021458;9,246894E-1;6,970988E-2;5,991600E-2;9,293594E-1;;
02/12/2021  12:05:23,021558;9,253868E-1;1,729298E-1;1,641736E-1;9,292218E-1;;
02/12/2021  12:05:23,021658;9,256312E-1;1,738855E-1;1,603824E-1;9,290886E-1;;
02/12/2021  12:05:23,021758;9,248056E-1;1,614609E-1;1,569071E-1;9,289596E-1;;
02/12/2021  12:05:23,021858;9,241827E-1;1,496735E-1;1,376353E-1;9,288342E-1;;
02/12/2021  12:05:23,021958;9,239652E-1;1,407532E-1;1,597505E-1;9,287120E-1;;
02/12/2021  12:05:23,022058;9,249308E-1;1,318330E-1;1,464814E-1;9,285924E-1;;
02/12/2021  12:05:23,022158;9,248324E-1;1,155854E-1;1,237343E-1;9,284751E-1;;
02/12/2021  12:05:23,022258;9,247162E-1;1,127182E-1;1,237343E-1;9,283597E-1;;
02/12/2021  12:05:23,022358;9,233691E-1;1,143111E-1;1,164678E-1;9,282460E-1;;
02/12/2021  12:05:23,022458;9,232439E-1;9,742634E-2;9,150920E-2;9,281336E-1;;
02/12/2021  12:05:23,022558;9,238460E-1;1,127182E-1;1,183634E-1;9,280222E-1;;
02/12/2021  12:05:23,022658;9,238191E-1;1,257800E-1;1,300529E-1;9,279114E-1;;
02/12/2021  12:05:23,022758;9,234198E-1;1,324701E-1;1,300529E-1;9,278009E-1;;
02/12/2021  12:05:23,022858;9,224482E-1;7,321426E-2;9,814378E-2;9,276905E-1;;
02/12/2021  12:05:23,022958;9,224422E-1;1,334259E-1;1,328963E-1;9,275800E-1;;
02/12/2021  12:05:23,023058;9,236910E-1;1,002936E-1;9,530039E-2;9,274690E-1;;
02/12/2021  12:05:23,023158;9,234526E-1;1,149482E-1;1,240502E-1;9,273573E-1;;
02/12/2021  12:05:23,023258;9,227880E-1;1,210013E-1;1,161519E-1;9,272450E-1;;
02/12/2021  12:05:23,023358;9,218343E-1;8,149734E-2;8,424277E-2;9,271318E-1;;
02/12/2021  12:05:23,023458;9,210206E-1;1,375674E-1;1,351078E-1;9,270177E-1;;
02/12/2021  12:05:23,023558;9,216256E-1;1,162226E-1;1,183634E-1;9,269022E-1;;
02/12/2021  12:05:23,023658;9,215839E-1;1,069837E-1;1,180475E-1;9,267852E-1;;
02/12/2021  12:05:23,023758;9,205170E-1;1,200455E-1;1,218387E-1;9,266664E-1;;
02/12/2021  12:05:23,023858;9,197779E-1;1,436204E-1;1,420583E-1;9,265455E-1;;
02/12/2021  12:05:23,023958;9,205736E-1;1,321516E-1;1,310007E-1;9,264223E-1;;
02/12/2021  12:05:23,024058;9,213425E-1;1,165411E-1;1,050943E-1;9,262965E-1;;
02/12/2021  12:05:23,024158;9,210892E-1;1,168597E-1;1,177316E-1;9,261681E-1;;
02/12/2021  12:05:23,024258;9,206511E-1;1,420275E-1;1,423743E-1;9,260370E-1;;
02/12/2021  12:05:23,024358;9,199358E-1;1,267357E-1;1,300529E-1;9,259035E-1;;
02/12/2021  12:05:23,024458;9,199746E-1;1,238685E-1;1,259458E-1;9,257673E-1;;
02/12/2021  12:05:23,024558;9,206541E-1;1,210013E-1;1,133085E-1;9,256286E-1;;
02/12/2021  12:05:23,024658;9,200193E-1;1,206827E-1;1,098333E-1;9,254874E-1;;
02/12/2021  12:05:23,024758;9,199537E-1;1,410718E-1;1,341600E-1;9,253438E-1;;
02/12/2021  12:05:23,024858;9,204276E-1;1,082581E-1;1,038306E-1;9,251979E-1;;
02/12/2021  12:05:23,024958;9,213306E-1;1,248242E-1;1,136244E-1;9,250498E-1;;
02/12/2021  12:05:23,025058;9,235092E-1;1,423461E-1;1,809180E-1;9,249001E-1;;
02/12/2021  12:05:23,025158;9,234317E-1;1,340630E-1;1,335282E-1;9,247494E-1;;
02/12/2021  12:05:23,025258;9,231307E-1;1,190898E-1;1,243661E-1;9,245985E-1;;
02/12/2021  12:05:23,025358;9,229310E-1;1,296029E-1;1,287892E-1;9,244483E-1;;
02/12/2021  12:05:23,025458;9,240814E-1;1,232313E-1;1,249980E-1;9,242995E-1;;
02/12/2021  12:05:23,025558;9,248295E-1;1,429833E-1;1,474292E-1;9,241528E-1;;
02/12/2021  12:05:23,025658;9,258606E-1;1,356559E-1;1,287892E-1;9,240091E-1;;
02/12/2021  12:05:23,025758;9,257027E-1;1,127182E-1;1,256299E-1;9,238695E-1;;
02/12/2021  12:05:23,025858;9,258845E-1;1,210013E-1;1,246821E-1;9,237348E-1;;
02/12/2021  12:05:23,025958;9,281465E-1;1,238685E-1;1,237343E-1;9,236061E-1;;
02/12/2021  12:05:23,026058;9,283373E-1;1,378860E-1;1,354238E-1;9,234843E-1;;
02/12/2021  12:05:23,026158;9,286860E-1;1,512664E-1;1,515363E-1;9,233706E-1;;
02/12/2021  12:05:23,026258;9,290496E-1;1,337445E-1;1,351078E-1;9,232661E-1;;
02/12/2021  12:05:23,026358;9,287903E-1;1,442576E-1;1,518522E-1;9,231717E-1;;
02/12/2021  12:05:23,026458;9,309540E-1;1,401161E-1;1,278414E-1;9,230883E-1;;
02/12/2021  12:05:23,026558;9,313563E-1;1,238685E-1;1,167838E-1;9,230168E-1;;
02/12/2021  12:05:23,026658;9,317110E-1;1,273729E-1;1,246821E-1;9,229582E-1;;
02/12/2021  12:05:23,026758;9,316633E-1;1,331073E-1;1,300529E-1;9,229134E-1;;
02/12/2021  12:05:23,026858;9,321878E-1;1,028422E-1;1,139404E-1;9,228832E-1;;
02/12/2021  12:05:23,026958;9,340237E-1;1,433019E-1;1,486929E-1;9,228681E-1;;
02/12/2021  12:05:23,027058;9,347449E-1;1,296029E-1;1,284732E-1;9,228689E-1;;
02/12/2021  12:05:23,027158;9,354900E-1;8,723178E-2;5,580889E-2;9,228864E-1;;
02/12/2021  12:05:23,027258;9,346943E-1;1,394789E-1;1,569071E-1;9,229213E-1;;
02/12/2021  12:05:23,027358;9,353022E-1;1,286472E-1;1,300529E-1;9,229741E-1;;
02/12/2021  12:05:23,027458;9,366046E-1;1,213198E-1;1,237343E-1;9,230451E-1;;
02/12/2021  12:05:23,027558;9,367447E-1;1,286472E-1;1,240502E-1;9,231348E-1;;
02/12/2021  12:05:23,027658;9,368490E-1;9,360338E-2;9,435259E-2;9,232433E-1;;
02/12/2021  12:05:23,027758;9,364288E-1;1,088952E-1;1,155200E-1;9,233708E-1;;
02/12/2021  12:05:23,027858;9,375404E-1;1,394789E-1;1,376353E-1;9,235173E-1;;
02/12/2021  12:05:23,027958;9,394329E-1;3,211744E-2;7,824006E-2;9,236825E-1;;
02/12/2021  12:05:23,028058;9,392780E-1;1,181340E-1;1,253139E-1;9,238666E-1;;
02/12/2021  12:05:23,028158;9,393048E-1;1,286472E-1;1,291051E-1;9,240696E-1;;
02/12/2021  12:05:23,028258;9,388816E-1;1,305587E-1;1,148882E-1;9,242911E-1;;
02/12/2021  12:05:23,028358;9,394836E-1;1,417090E-1;1,701763E-1;9,245310E-1;;
02/12/2021  12:05:23,028458;9,411049E-1;1,034794E-1;6,528685E-2;9,247887E-1;;
02/12/2021  12:05:23,028558;9,419394E-1;1,353374E-1;1,328963E-1;9,250639E-1;;
02/12/2021  12:05:23,028658;9,420616E-1;1,423461E-1;1,325804E-1;9,253563E-1;;
02/12/2021  12:05:23,028758;9,418708E-1;1,369303E-1;1,265777E-1;9,256657E-1;;
02/12/2021  12:05:23,028858;9,436292E-1;1,123996E-1;1,313166E-1;9,259915E-1;;
02/12/2021  12:05:23,028958;9,447855E-1;1,305587E-1;1,278414E-1;9,263334E-1;;
02/12/2021  12:05:23,029058;9,453011E-1;1,483991E-1;1,347919E-1;9,266911E-1;;
02/12/2021  12:05:23,029158;9,453727E-1;1,340630E-1;1,603824E-1;9,270645E-1;;
02/12/2021  12:05:23,029258;9,459836E-1;1,347002E-1;1,313166E-1;9,274531E-1;;
02/12/2021  12:05:23,029358;9,469940E-1;1,248242E-1;1,246821E-1;9,278567E-1;;
02/12/2021  12:05:23,029458;9,484662E-1;1,828058E-1;1,929234E-1;9,282748E-1;;
02/12/2021  12:05:23,029558;9,485199E-1;1,413904E-1;1,347919E-1;9,287073E-1;;
02/12/2021  12:05:23,029658;9,487255E-1;1,420275E-1;1,515363E-1;9,291539E-1;;
02/12/2021  12:05:23,029758;9,492471E-1;1,232313E-1;1,253139E-1;9,296141E-1;;
02/12/2021  12:05:23,029858;9,502902E-1;9,328480E-2;1,148882E-1;9,300875E-1;;
02/12/2021  12:05:23,029958;9,516551E-1;1,490363E-1;1,430061E-1;9,305738E-1;;
02/12/2021  12:05:23,030058;9,519889E-1;1,410718E-1;1,303688E-1;9,310726E-1;;
02/12/2021  12:05:23,030158;9,523794E-1;1,324701E-1;1,224705E-1;9,315836E-1;;
02/12/2021  12:05:23,030258;9,528383E-1;1,063466E-1;1,224705E-1;9,321064E-1;;
02/12/2021  12:05:23,030358;9,542391E-1;1,617795E-1;1,572231E-1;9,326407E-1;;
02/12/2021  12:05:23,030458;9,558425E-1;1,404346E-1;1,398468E-1;9,331860E-1;;
02/12/2021  12:05:23,030558;9,562776E-1;1,187712E-1;1,237343E-1;9,337422E-1;;
02/12/2021  12:05:23,030658;9,563283E-1;1,229127E-1;1,164678E-1;9,343090E-1;;
02/12/2021  12:05:23,030758;9,571776E-1;1,327887E-1;1,142563E-1;9,348863E-1;;
02/12/2021  12:05:23,030858;9,587423E-1;1,417090E-1;1,455336E-1;9,354736E-1;;
02/12/2021  12:05:23,030958;9,596513E-1;1,264171E-1;1,224705E-1;9,360709E-1;;
02/12/2021  12:05:23,031058;9,598837E-1;1,296029E-1;1,310007E-1;9,366778E-1;;
02/12/2021  12:05:23,031158;9,593175E-1;1,318330E-1;1,294210E-1;9,372942E-1;;
02/12/2021  12:05:23,031258;9,601401E-1;4,581638E-2;6,339125E-2;9,379197E-1;;
02/12/2021  12:05:23,031358;9,614335E-1;1,315144E-1;1,079377E-1;9,385537E-1;;
02/12/2021  12:05:23,031458;9,605901E-1;1,331073E-1;1,237343E-1;9,391958E-1;;
02/12/2021  12:05:23,031558;9,618925E-1;1,401161E-1;1,354238E-1;9,398453E-1;;
02/12/2021  12:05:23,031658;9,606586E-1;1,627352E-1;1,603824E-1;9,405018E-1;;
02/12/2021  12:05:23,031758;9,608553E-1;1,483991E-1;1,436380E-1;9,411642E-1;;
02/12/2021  12:05:23,031858;9,617762E-1;1,190898E-1;1,341600E-1;9,418319E-1;;
02/12/2021  12:05:23,031958;9,622024E-1;1,108067E-1;1,199431E-1;9,425037E-1;;
02/12/2021  12:05:23,032058;9,618150E-1;1,155854E-1;1,142563E-1;9,431788E-1;;
02/12/2021  12:05:23,032158;9,607987E-1;1,101695E-1;1,287892E-1;9,438563E-1;;
02/12/2021  12:05:23,032258;9,607331E-1;1,229127E-1;1,401627E-1;9,445349E-1;;
02/12/2021  12:05:23,032358;9,618031E-1;9,997498E-2;1,120448E-1;9,452135E-1;;
02/12/2021  12:05:23,032458;9,619044E-1;1,181340E-1;1,265777E-1;9,458908E-1;;
02/12/2021  12:05:23,032558;9,617405E-1;1,315144E-1;1,275255E-1;9,465658E-1;;
02/12/2021  12:05:23,032658;9,613918E-1;1,044351E-1;1,098333E-1;9,472373E-1;;
02/12/2021  12:05:23,032758;9,619670E-1;1,031608E-1;1,322644E-1;9,479041E-1;;
02/12/2021  12:05:23,032858;9,632843E-1;1,025236E-1;1,145722E-1;9,485653E-1;;
02/12/2021  12:05:23,032958;9,629058E-1;1,200455E-1;1,452176E-1;9,492199E-1;;
02/12/2021  12:05:23,033058;9,628611E-1;1,088952E-1;1,148882E-1;9,498671E-1;;
02/12/2021  12:05:23,033158;9,623693E-1;1,085766E-1;1,139404E-1;9,505061E-1;;
02/12/2021  12:05:23,033258;9,629117E-1;1,044351E-1;1,243661E-1;9,511361E-1;;
02/12/2021  12:05:23,033358;9,643542E-1;9,392196E-2;9,593225E-2;9,517562E-1;;
02/12/2021  12:05:23,033458;9,646552E-1;1,053908E-1;1,167838E-1;9,523658E-1;;
02/12/2021  12:05:23,033558;9,639280E-1;8,691320E-2;1,035146E-1;9,529645E-1;;
02/12/2021  12:05:23,033658;9,635823E-1;4,517922E-2;7,192142E-2;9,535518E-1;;
02/12/2021  12:05:23,033758;9,644227E-1;1,123996E-1;1,354238E-1;9,541273E-1;;
02/12/2021  12:05:23,033858;9,652602E-1;1,264171E-1;1,768108E-1;9,546904E-1;;
02/12/2021  12:05:23,033958;9,654688E-1;1,235499E-1;1,268936E-1;9,552408E-1;;
02/12/2021  12:05:23,034058;9,648608E-1;1,168597E-1;1,442698E-1;9,557784E-1;;
02/12/2021  12:05:23,034158;9,644347E-1;1,229127E-1;1,186794E-1;9,563028E-1;;
02/12/2021  12:05:23,034258;9,652334E-1;1,894960E-1;2,106156E-1;9,568139E-1;;
02/12/2021  12:05:23,034358;9,659457E-1;1,512664E-1;1,496407E-1;9,573113E-1;;
02/12/2021  12:05:23,034458;9,653794E-1;1,665582E-1;1,395309E-1;9,577950E-1;;
02/12/2021  12:05:23,034558;9,647267E-1;1,697440E-1;1,575390E-1;9,582647E-1;;
02/12/2021  12:05:23,034658;9,648400E-1;1,843987E-1;1,613302E-1;9,587204E-1;;
02/12/2021  12:05:23,034758;9,657371E-1;1,843987E-1;1,594346E-1;9,591618E-1;;
02/12/2021  12:05:23,034858;9,659367E-1;1,468062E-1;1,502726E-1;9,595889E-1;;
02/12/2021  12:05:23,034958;9,656357E-1;1,324701E-1;1,335282E-1;9,600015E-1;;
02/12/2021  12:05:23,035058;9,645032E-1;1,378860E-1;1,376353E-1;9,603998E-1;;
02/12/2021  12:05:23,035158;9,638356E-1;7,926728E-2;8,992954E-2;9,607835E-1;;
02/12/2021  12:05:23,035258;9,647714E-1;1,356559E-1;1,325804E-1;9,611525E-1;;
02/12/2021  12:05:23,035358;9,641068E-1;1,375674E-1;1,294210E-1;9,615065E-1;;
02/12/2021  12:05:23,035458;9,640979E-1;1,219570E-1;1,253139E-1;9,618453E-1;;
02/12/2021  12:05:23,035558;9,626793E-1;1,413904E-1;1,398468E-1;9,621689E-1;;
02/12/2021  12:05:23,035658;9,624379E-1;1,270543E-1;1,297370E-1;9,624769E-1;;
02/12/2021  12:05:23,035758;9,628819E-1;1,222756E-1;1,281573E-1;9,627689E-1;;
02/12/2021  12:05:23,035858;9,631382E-1;1,187712E-1;1,221546E-1;9,630447E-1;;
02/12/2021  12:05:23,035958;9,623932E-1;1,302401E-1;1,411105E-1;9,633042E-1;;
02/12/2021  12:05:23,036058;9,613024E-1;1,251428E-1;1,534319E-1;9,635473E-1;;
02/12/2021  12:05:23,036158;9,609179E-1;1,210013E-1;1,237343E-1;9,637736E-1;;
02/12/2021  12:05:23,036258;9,617941E-1;1,340630E-1;1,344760E-1;9,639830E-1;;
02/12/2021  12:05:23,036358;9,613977E-1;1,270543E-1;1,316326E-1;9,641754E-1;;
02/12/2021  12:05:23,036458;9,605037E-1;1,111253E-1;1,347919E-1;9,643506E-1;;
02/12/2021  12:05:23,036558;9,602086E-1;1,187712E-1;1,278414E-1;9,645087E-1;;
02/12/2021  12:05:23,036658;9,601579E-1;1,229127E-1;1,249980E-1;9,646496E-1;;
02/12/2021  12:05:23,036758;9,608225E-1;9,296622E-2;9,719598E-2;9,647732E-1;;
02/12/2021  12:05:23,036858;9,603278E-1;1,251428E-1;1,303688E-1;9,648797E-1;;
02/12/2021  12:05:23,036958;9,599165E-1;1,353374E-1;1,278414E-1;9,649693E-1;;
02/12/2021  12:05:23,037058;9,580717E-1;1,149482E-1;1,038306E-1;9,650421E-1;;
02/12/2021  12:05:23,037158;9,579555E-1;9,742634E-2;8,740209E-2;9,650983E-1;;
02/12/2021  12:05:23,037258;9,577886E-1;7,576290E-2;7,666040E-2;9,651377E-1;;
02/12/2021  12:05:23,037358;9,572700E-1;1,270543E-1;1,376353E-1;9,651603E-1;;
02/12/2021  12:05:23,037458;9,561554E-1;1,324701E-1;1,294210E-1;9,651663E-1;;
02/12/2021  12:05:23,037558;9,549782E-1;1,174969E-1;1,177316E-1;9,651554E-1;;
02/12/2021  12:05:23,037658;9,544805E-1;1,171783E-1;1,057261E-1;9,651276E-1;;
02/12/2021  12:05:23,037758;9,545401E-1;1,194084E-1;1,164678E-1;9,650826E-1;;
02/12/2021  12:05:23,037858;9,527012E-1;7,512574E-2;7,602853E-2;9,650203E-1;;
02/12/2021  12:05:23,037958;9,512528E-1;1,095324E-1;1,054102E-1;9,649406E-1;;
02/12/2021  12:05:23,038058;9,497984E-1;1,028422E-1;1,202590E-1;9,648430E-1;;
02/12/2021  12:05:23,038158;9,490504E-1;1,296029E-1;1,202590E-1;9,647270E-1;;
02/12/2021  12:05:23,038258;9,492143E-1;1,617795E-1;2,033491E-1;9,645922E-1;;
02/12/2021  12:05:23,038358;9,479804E-1;6,110822E-2;7,824006E-2;9,644381E-1;;
02/12/2021  12:05:23,038458;9,465171E-1;1,245056E-1;1,243661E-1;9,642644E-1;;
02/12/2021  12:05:23,038558;9,452982E-1;1,276914E-1;1,246821E-1;9,640707E-1;;
02/12/2021  12:05:23,038658;9,450746E-1;1,152668E-1;1,117289E-1;9,638566E-1;;
02/12/2021  12:05:23,038758;9,456349E-1;1,203641E-1;1,385831E-1;9,636217E-1;;
02/12/2021  12:05:23,038858;9,448869E-1;1,264171E-1;1,316326E-1;9,633660E-1;;
02/12/2021  12:05:23,038958;9,429318E-1;1,111253E-1;1,278414E-1;9,630895E-1;;
02/12/2021  12:05:23,039058;9,420079E-1;8,914326E-2;7,792413E-2;9,627922E-1;;
02/12/2021  12:05:23,039158;9,423775E-1;1,184526E-1;1,085695E-1;9,624740E-1;;
02/12/2021  12:05:23,039258;9,420765E-1;1,241871E-1;1,246821E-1;9,621350E-1;;
02/12/2021  12:05:23,039358;9,412002E-1;1,190898E-1;1,246821E-1;9,617755E-1;;
02/12/2021  12:05:23,039458;9,407383E-1;1,267357E-1;1,335282E-1;9,613959E-1;;
02/12/2021  12:05:23,039558;9,401512E-1;1,296029E-1;1,417424E-1;9,609964E-1;;
02/12/2021  12:05:23,039658;9,400051E-1;8,054160E-2;1,120448E-1;9,605777E-1;;
02/12/2021  12:05:23,039758;9,396147E-1;1,041165E-1;1,142563E-1;9,601402E-1;;
02/12/2021  12:05:23,039858;9,391736E-1;1,394789E-1;1,502726E-1;9,596846E-1;;
02/12/2021  12:05:23,039958;9,375643E-1;1,296029E-1;1,265777E-1;9,592116E-1;;
02/12/2021  12:05:23,040058;9,366136E-1;1,267357E-1;1,202590E-1;9,587219E-1;;
02/12/2021  12:05:23,040158;9,369950E-1;1,203641E-1;1,240502E-1;9,582160E-1;;
02/12/2021  12:05:23,040258;9,363513E-1;1,235499E-1;1,316326E-1;9,576945E-1;;
02/12/2021  12:05:23,040358;9,361546E-1;1,232313E-1;1,379512E-1;9,571582E-1;;
02/12/2021  12:05:23,040458;9,342681E-1;1,429833E-1;1,398468E-1;9,566079E-1;;
02/12/2021  12:05:23,040558;9,336571E-1;1,155854E-1;1,174156E-1;9,560441E-1;;
02/12/2021  12:05:23,040658;9,342114E-1;1,219570E-1;1,208909E-1;9,554675E-1;;
02/12/2021  12:05:23,040758;9,338598E-1;1,302401E-1;1,335282E-1;9,548789E-1;;
02/12/2021  12:05:23,040858;9,332458E-1;1,257800E-1;1,262617E-1;9,542791E-1;;
02/12/2021  12:05:23,040958;9,314010E-1;1,426647E-1;1,445858E-1;9,536688E-1;;
02/12/2021  12:05:23,041058;9,309123E-1;1,375674E-1;1,303688E-1;9,530488E-1;;
02/12/2021  12:05:23,041158;9,312311E-1;1,117624E-1;1,224705E-1;9,524198E-1;;
02/12/2021  12:05:23,041258;9,314457E-1;1,101695E-1;1,284732E-1;9,517825E-1;;
02/12/2021  12:05:23,041358;9,296784E-1;1,009307E-1;9,214107E-2;9,511375E-1;;
02/12/2021  12:05:23,041458;9,280601E-1;1,066652E-1;9,909157E-2;9,504858E-1;;
02/12/2021  12:05:23,041558;9,280303E-1;1,009307E-1;1,038306E-1;9,498279E-1;;
02/12/2021  12:05:23,041658;9,279469E-1;1,483991E-1;1,392149E-1;9,491643E-1;;
02/12/2021  12:05:23,041758;9,276935E-1;1,225942E-1;9,087734E-2;9,484955E-1;;
02/12/2021  12:05:23,041858;9,265670E-1;1,178155E-1;1,193112E-1;9,478222E-1;;
02/12/2021  12:05:23,041958;9,250977E-1;1,120810E-1;1,189953E-1;9,471450E-1;;
02/12/2021  12:05:23,042058;9,257414E-1;1,085766E-1;1,158360E-1;9,464644E-1;;
02/12/2021  12:05:23,042158;9,263673E-1;1,149482E-1;1,076217E-1;9,457809E-1;;
02/12/2021  12:05:23,042258;9,261319E-1;1,308772E-1;1,234183E-1;9,450952E-1;;
02/12/2021  12:05:23,042358;9,254345E-1;1,283286E-1;1,287892E-1;9,444082E-1;;
02/12/2021  12:05:23,042458;9,248026E-1;1,190898E-1;1,262617E-1;9,437206E-1;;
02/12/2021  12:05:23,042558;9,261229E-1;1,904517E-1;1,843932E-1;9,430333E-1;;
02/12/2021  12:05:23,042658;9,274640E-1;1,025236E-1;1,704922E-1;9,423472E-1;;
02/12/2021  12:05:23,042758;9,277531E-1;1,203641E-1;1,129926E-1;9,416636E-1;;
02/12/2021  12:05:23,042858;9,269634E-1;9,009900E-2;1,888163E-1;9,409838E-1;;
02/12/2021  12:05:23,042958;9,260633E-1;1,455319E-1;1,407946E-1;9,403090E-1;;
02/12/2021  12:05:23,043058;9,270259E-1;1,509478E-1;1,512204E-1;9,396405E-1;;
02/12/2021  12:05:23,043158;9,275862E-1;1,210013E-1;1,325804E-1;9,389795E-1;;
02/12/2021  12:05:23,043258;9,273717E-1;1,308772E-1;1,249980E-1;9,383270E-1;;
02/12/2021  12:05:23,043358;9,269008E-1;1,522221E-1;1,610142E-1;9,376843E-1;;
02/12/2021  12:05:23,043458;9,269127E-1;1,206827E-1;1,287892E-1;9,370524E-1;;
02/12/2021  12:05:23,043558;9,273120E-1;1,127182E-1;1,202590E-1;9,364325E-1;;
02/12/2021  12:05:23,043658;9,284952E-1;1,073023E-1;1,050943E-1;9,358253E-1;;
02/12/2021  12:05:23,043758;9,282181E-1;1,311958E-1;1,316326E-1;9,352321E-1;;
02/12/2021  12:05:23,043858;9,276518E-1;2,479010E-2;7,729226E-2;9,346538E-1;;
02/12/2021  12:05:23,043958;9,271541E-1;2,261327E-1;1,847091E-1;9,340913E-1;;
02/12/2021  12:05:23,044058;9,286234E-1;1,273729E-1;1,373193E-1;9,335454E-1;;
02/12/2021  12:05:23,044158;9,292880E-1;1,238685E-1;1,272095E-1;9,330168E-1;;
02/12/2021  12:05:23,044258;9,301642E-1;1,318330E-1;1,360556E-1;9,325063E-1;;
02/12/2021  12:05:23,044358;9,292105E-1;1,433019E-1;1,284732E-1;9,320149E-1;;
02/12/2021  12:05:23,044458;9,296426E-1;1,315144E-1;1,322644E-1;9,315434E-1;;
02/12/2021  12:05:23,044558;9,312252E-1;1,324701E-1;1,436380E-1;9,310923E-1;;
02/12/2021  12:05:23,044658;9,310553E-1;1,369303E-1;1,392149E-1;9,306624E-1;;
02/12/2021  12:05:23,044758;9,314696E-1;1,359745E-1;1,486929E-1;9,302545E-1;;
02/12/2021  12:05:23,044858;9,305248E-1;8,595746E-2;1,357397E-1;9,298691E-1;;
02/12/2021  12:05:23,044958;9,310285E-1;9,583344E-2;1,101492E-1;9,295066E-1;;
02/12/2021  12:05:23,045058;9,322862E-1;1,203641E-1;1,287892E-1;9,291674E-1;;
02/12/2021  12:05:23,045158;9,331594E-1;1,235499E-1;1,284732E-1;9,288517E-1;;
02/12/2021  12:05:23,045258;9,335349E-1;1,006121E-1;1,155200E-1;9,285601E-1;;
02/12/2021  12:05:23,045358;9,327571E-1;1,155854E-1;1,259458E-1;9,282927E-1;;
02/12/2021  12:05:23,045458;9,329895E-1;1,069837E-1;1,174156E-1;9,280499E-1;;
02/12/2021  12:05:23,045558;9,347241E-1;8,627604E-2;8,519056E-2;9,278317E-1;;
02/12/2021  12:05:23,045658;9,353767E-1;1,006121E-1;1,142563E-1;9,276382E-1;;
02/12/2021  12:05:23,045758;9,358715E-1;1,015679E-1;9,877564E-2;9,274696E-1;;
02/12/2021  12:05:23,045858;9,342323E-1;8,946184E-2;8,929768E-2;9,273261E-1;;
02/12/2021  12:05:23,045958;9,345661E-1;4,868360E-2;7,508074E-2;9,272074E-1;;
02/12/2021  12:05:23,046058;9,350817E-1;-1,566956E-2;4,001229E-2;9,271134E-1;;
02/12/2021  12:05:23,046158;9,357284E-1;9,455912E-2;1,076217E-1;9,270435E-1;;
02/12/2021  12:05:23,046258;9,348731E-1;9,901924E-2;1,047783E-1;9,269973E-1;;
02/12/2021  12:05:23,046358;9,342740E-1;9,742634E-2;1,126766E-1;9,269743E-1;;
02/12/2021  12:05:23,046458;9,348343E-1;1,095324E-1;1,031987E-1;9,269737E-1;;
02/12/2021  12:05:23,046558;9,357165E-1;1,088952E-1;1,095173E-1;9,269948E-1;;
02/12/2021  12:05:23,046658;9,357552E-1;1,181340E-1;1,306848E-1;9,270366E-1;;
02/12/2021  12:05:23,046758;9,351175E-1;1,216384E-1;1,294210E-1;9,270984E-1;;
02/12/2021  12:05:23,046858;9,347688E-1;1,397975E-1;1,420583E-1;9,271793E-1;;
02/12/2021  12:05:23,046958;9,356181E-1;1,585937E-1;1,512204E-1;9,272784E-1;;
02/12/2021  12:05:23,047058;9,364616E-1;1,684697E-1;1,502726E-1;9,273947E-1;;
02/12/2021  12:05:23,047158;9,375226E-1;4,040052E-2;8,677022E-2;9,275272E-1;;
02/12/2021  12:05:23,047258;9,373884E-1;1,799386E-1;1,546956E-1;9,276754E-1;;
02/12/2021  12:05:23,047358;9,372692E-1;1,506292E-1;1,376353E-1;9,278384E-1;;
02/12/2021  12:05:23,047458;9,388875E-1;1,375674E-1;1,205749E-1;9,280156E-1;;
02/12/2021  12:05:23,047558;9,400737E-1;1,726112E-1;1,685966E-1;9,282065E-1;;
02/12/2021  12:05:23,047658;9,404015E-1;1,608238E-1;1,490088E-1;9,284106E-1;;
02/12/2021  12:05:23,047758;9,400379E-1;1,474434E-1;1,559593E-1;9,286276E-1;;
02/12/2021  12:05:23,047858;9,403717E-1;4,517922E-2;1,404787E-1;9,288571E-1;;
02/12/2021  12:05:23,047958;9,409588E-1;9,742634E-2;1,123607E-1;9,290986E-1;;
02/12/2021  12:05:23,048058;9,420109E-1;1,095324E-1;1,158360E-1;9,293516E-1;;
02/12/2021  12:05:23,048158;9,422940E-1;1,356559E-1;1,328963E-1;9,296157E-1;;
02/12/2021  12:05:23,048258;9,417576E-1;1,407532E-1;1,366875E-1;9,298906E-1;;
02/12/2021  12:05:23,048358;9,411138E-1;1,041165E-1;6,275939E-2;9,301759E-1;;
02/12/2021  12:05:23,048458;9,420347E-1;1,347002E-1;1,515363E-1;9,304708E-1;;
02/12/2021  12:05:23,048558;9,422791E-1;1,378860E-1;1,392149E-1;9,307746E-1;;
02/12/2021  12:05:23,048658;9,419304E-1;1,656025E-1;1,682807E-1;9,310869E-1;;
02/12/2021  12:05:23,048758;9,407323E-1;1,165411E-1;1,202590E-1;9,314067E-1;;
02/12/2021  12:05:23,048858;9,401869E-1;1,216384E-1;1,189953E-1;9,317331E-1;;
02/12/2021  12:05:23,048958;9,408694E-1;1,327887E-1;1,310007E-1;9,320652E-1;;
02/12/2021  12:05:23,049058;9,404134E-1;1,318330E-1;1,303688E-1;9,324017E-1;;
02/12/2021  12:05:23,049158;9,398561E-1;1,388417E-1;1,449017E-1;9,327416E-1;;
02/12/2021  12:05:23,049258;9,380888E-1;1,219570E-1;1,328963E-1;9,330837E-1;;
02/12/2021  12:05:23,049358;9,373110E-1;1,334259E-1;1,253139E-1;9,334265E-1;;
02/12/2021  12:05:23,049458;9,379070E-1;1,260985E-1;1,313166E-1;9,337686E-1;;
02/12/2021  12:05:23,049558;9,379160E-1;1,429833E-1;1,426902E-1;9,341085E-1;;
02/12/2021  12:05:23,049658;9,370696E-1;1,213198E-1;1,249980E-1;9,344448E-1;;
02/12/2021  12:05:23,049758;9,362470E-1;1,254614E-1;1,430061E-1;9,347761E-1;;
02/12/2021  12:05:23,049858;9,360115E-1;1,299215E-1;1,297370E-1;9,351011E-1;;
02/12/2021  12:05:23,049958;9,363990E-1;8,468314E-2;1,167838E-1;9,354184E-1;;
02/12/2021  12:05:23,050058;9,360682E-1;1,391603E-1;1,376353E-1;9,357269E-1;;
02/12/2021  12:05:23,050158;9,356241E-1;1,111253E-1;1,079377E-1;9,360252E-1;;
02/12/2021  12:05:23,050258;9,343247E-1;1,334259E-1;1,426902E-1;9,363126E-1;;
02/12/2021  12:05:23,050358;9,342472E-1;1,235499E-1;1,322644E-1;9,365877E-1;;
02/12/2021  12:05:23,050458;9,352575E-1;1,060280E-1;8,929768E-2;9,368496E-1;;
02/12/2021  12:05:23,050558;9,351920E-1;1,359745E-1;1,698603E-1;9,370975E-1;;
02/12/2021  12:05:23,050658;9,347807E-1;1,308772E-1;1,284732E-1;9,373307E-1;;
02/12/2021  12:05:23,050758;9,332518E-1;1,534964E-1;1,442698E-1;9,375486E-1;;
02/12/2021  12:05:23,050858;9,327511E-1;8,542518E-3;6,623464E-2;9,377507E-1;;
02/12/2021  12:05:23,050958;9,332488E-1;9,965640E-2;9,466852E-2;9,379363E-1;;
02/12/2021  12:05:23,051058;9,332548E-1;1,257800E-1;1,303688E-1;9,381048E-1;;
02/12/2021  12:05:23,051158;9,325395E-1;1,324701E-1;1,373193E-1;9,382559E-1;;
02/12/2021  12:05:23,051258;9,310166E-1;1,299215E-1;1,196272E-1;9,383892E-1;;
02/12/2021  12:05:23,051358;9,320507E-1;-1,535098E-2;6,907803E-2;9,385043E-1;;
02/12/2021  12:05:23,051458;9,327869E-1;1,267357E-1;1,578549E-1;9,386011E-1;;
02/12/2021  12:05:23,051558;9,325335E-1;1,076209E-1;1,028828E-1;9,386795E-1;;
02/12/2021  12:05:23,051658;9,318868E-1;1,675139E-1;1,850251E-1;9,387396E-1;;
02/12/2021  12:05:23,051758;9,303371E-1;1,369303E-1;1,395309E-1;9,387816E-1;;
02/12/2021  12:05:23,051858;9,308050E-1;1,260985E-1;1,234183E-1;9,388056E-1;;
02/12/2021  12:05:23,051958;9,311894E-1;9,583344E-2;1,303688E-1;9,388117E-1;;
02/12/2021  12:05:23,052058;9,317408E-1;1,404346E-1;1,407946E-1;9,388001E-1;;
02/12/2021  12:05:23,052158;9,314338E-1;1,506292E-1;1,534319E-1;9,387712E-1;;
02/12/2021  12:05:23,052258;9,308050E-1;1,200455E-1;1,208909E-1;9,387257E-1;;
02/12/2021  12:05:23,052358;9,312907E-1;1,060280E-1;1,050943E-1;9,386640E-1;;
02/12/2021  12:05:23,052458;9,318332E-1;1,512664E-1;1,483770E-1;9,385868E-1;;
02/12/2021  12:05:23,052558;9,312103E-1;1,410718E-1;1,458495E-1;9,384948E-1;;
02/12/2021  12:05:23,052658;9,295592E-1;1,257800E-1;1,259458E-1;9,383887E-1;;
02/12/2021  12:05:23,052758;9,290227E-1;1,778134E-2;9,593225E-2;9,382691E-1;;
02/12/2021  12:05:23,052858;9,297052E-1;1,417090E-1;1,575390E-1;9,381364E-1;;
02/12/2021  12:05:23,052958;9,300807E-1;1,302401E-1;1,294210E-1;9,379912E-1;;
02/12/2021  12:05:23,053058;9,300569E-1;1,385232E-1;1,354238E-1;9,378341E-1;;
02/12/2021  12:05:23,053158;9,289363E-1;1,257800E-1;1,155200E-1;9,376657E-1;;
02/12/2021  12:05:23,053258;9,285727E-1;1,299215E-1;1,351078E-1;9,374868E-1;;
02/12/2021  12:05:23,053358;9,282300E-1;1,296029E-1;1,310007E-1;9,372978E-1;;
02/12/2021  12:05:23,053458;9,285548E-1;1,350188E-1;1,325804E-1;9,370993E-1;;
02/12/2021  12:05:23,053558;9,281853E-1;1,130368E-1;1,253139E-1;9,368918E-1;;
02/12/2021  12:05:23,053658;9,266594E-1;1,060280E-1;1,060421E-1;9,366758E-1;;
02/12/2021  12:05:23,053758;9,266415E-1;1,251428E-1;1,256299E-1;9,364518E-1;;
02/12/2021  12:05:23,053858;9,269514E-1;1,391603E-1;1,338441E-1;9,362202E-1;;
02/12/2021  12:05:23,053958;9,276756E-1;1,267357E-1;1,281573E-1;9,359813E-1;;
02/12/2021  12:05:23,054058;9,273091E-1;1,254614E-1;1,275255E-1;9,357357E-1;;
02/12/2021  12:05:23,054158;9,259292E-1;1,241871E-1;1,306848E-1;9,354840E-1;;
02/12/2021  12:05:23,054258;9,260186E-1;1,445762E-1;1,401627E-1;9,352268E-1;;
02/12/2021  12:05:23,054358;9,274789E-1;1,057094E-1;1,325804E-1;9,349644E-1;;
02/12/2021  12:05:23,054458;9,275028E-1;1,229127E-1;1,237343E-1;9,346975E-1;;
02/12/2021  12:05:23,054558;9,262600E-1;1,286472E-1;1,262617E-1;9,344268E-1;;
02/12/2021  12:05:23,054658;9,253242E-1;9,742634E-2;8,834988E-2;9,341529E-1;;
02/12/2021  12:05:23,054758;9,248116E-1;1,429833E-1;1,395309E-1;9,338764E-1;;
02/12/2021  12:05:23,054858;9,251782E-1;1,468062E-1;1,600664E-1;9,335974E-1;;
02/12/2021  12:05:23,054958;9,251185E-1;1,385232E-1;1,366875E-1;9,333164E-1;;
02/12/2021  12:05:23,055058;9,239622E-1;1,190898E-1;1,079377E-1;9,330337E-1;;
02/12/2021  12:05:23,055158;9,229250E-1;1,162226E-1;1,294210E-1;9,327495E-1;;
02/12/2021  12:05:23,055258;9,233244E-1;8,468314E-2;7,034176E-2;9,324640E-1;;
02/12/2021  12:05:23,055358;9,245195E-1;1,238685E-1;1,193112E-1;9,321773E-1;;
02/12/2021  12:05:23,055458;9,243794E-1;1,133553E-1;9,719598E-2;9,318896E-1;;
02/12/2021  12:05:23,055558;9,234973E-1;1,311958E-1;1,294210E-1;9,316015E-1;;
02/12/2021  12:05:23,055658;9,228446E-1;1,353374E-1;1,268936E-1;9,313132E-1;;
02/12/2021  12:05:23,055758;9,231516E-1;1,050723E-1;9,782784E-2;9,310251E-1;;
02/12/2021  12:05:23,055858;9,242543E-1;7,480716E-2;6,939396E-2;9,307374E-1;;
02/12/2021  12:05:23,055958;9,242304E-1;1,149482E-1;1,088855E-1;9,304504E-1;;
02/12/2021  12:05:23,056058;9,233542E-1;1,382046E-1;1,325804E-1;9,301648E-1;;
02/12/2021  12:05:23,056158;9,225674E-1;1,254614E-1;1,142563E-1;9,298808E-1;;
02/12/2021  12:05:23,056258;9,232171E-1;1,382046E-1;1,385831E-1;9,295989E-1;;
02/12/2021  12:05:23,056358;9,235807E-1;1,296029E-1;1,490088E-1;9,293193E-1;;
02/12/2021  12:05:23,056458;9,231098E-1;1,311958E-1;1,363715E-1;9,290424E-1;;
02/12/2021  12:05:23,056558;9,222843E-1;1,162226E-1;9,814378E-2;9,287684E-1;;
02/12/2021  12:05:23,056658;9,214051E-1;7,162136E-2;1,180475E-1;9,284977E-1;;
02/12/2021  12:05:23,056758;9,226777E-1;1,104881E-1;1,221546E-1;9,282304E-1;;
02/12/2021  12:05:23,056858;9,229101E-1;1,283286E-1;1,351078E-1;9,279665E-1;;
02/12/2021  12:05:23,056958;9,232112E-1;1,334259E-1;1,234183E-1;9,277064E-1;;
02/12/2021  12:05:23,057058;9,224065E-1;1,225942E-1;1,104651E-1;9,274503E-1;;
02/12/2021  12:05:23,057158;9,228178E-1;1,216384E-1;8,234717E-2;9,271987E-1;;
02/12/2021  12:05:23,057258;9,253123E-1;1,570008E-1;1,654373E-1;9,269519E-1;;
02/12/2021  12:05:23,057358;9,261736E-1;1,283286E-1;1,303688E-1;9,267104E-1;;
02/12/2021  12:05:23,057458;9,276756E-1;1,292843E-1;1,379512E-1;9,264751E-1;;
02/12/2021  12:05:23,057558;9,278038E-1;1,280100E-1;1,246821E-1;9,262471E-1;;
02/12/2021  12:05:23,057658;9,289959E-1;1,401161E-1;1,316326E-1;9,260275E-1;;
02/12/2021  12:05:23,057758;9,306083E-1;1,194084E-1;1,063580E-1;9,258175E-1;;
02/12/2021  12:05:23,057858;9,322206E-1;1,041165E-1;1,177316E-1;9,256185E-1;;
02/12/2021  12:05:23,057958;9,328316E-1;1,143111E-1;1,313166E-1;9,254320E-1;;
02/12/2021  12:05:23,058058;9,327660E-1;1,057094E-1;1,158360E-1;9,252594E-1;;
02/12/2021  12:05:23,058158;9,337942E-1;1,041165E-1;1,101492E-1;9,251021E-1;;
02/12/2021  12:05:23,058258;9,355407E-1;1,200455E-1;1,398468E-1;9,249615E-1;;
02/12/2021  12:05:23,058358;9,364675E-1;1,012493E-1;1,186794E-1;9,248388E-1;;
02/12/2021  12:05:23,058458;9,369295E-1;1,018865E-1;9,688005E-2;9,247354E-1;;
02/12/2021  12:05:23,058558;9,363364E-1;4,231200E-2;1,110970E-1;9,246525E-1;;
02/12/2021  12:05:23,058658;9,361874E-1;1,114439E-1;1,199431E-1;9,245911E-1;;
02/12/2021  12:05:23,058758;9,379189E-1;9,816838E-3;7,602853E-2;9,245518E-1;;
02/12/2021  12:05:23,058858;9,384912E-1;9,424054E-2;9,845971E-2;9,245354E-1;;
02/12/2021  12:05:23,058958;9,386670E-1;9,965640E-2;1,076217E-1;9,245423E-1;;
02/12/2021  12:05:23,059058;9,376120E-1;1,047537E-1;1,212068E-1;9,245729E-1;;
02/12/2021  12:05:23,059158;9,382229E-1;1,012493E-1;1,060421E-1;9,246275E-1;;
02/12/2021  12:05:23,059258;9,397101E-1;2,670158E-2;7,350108E-2;9,247059E-1;;
02/12/2021  12:05:23,059358;9,404373E-1;9,710776E-2;6,623464E-2;9,248082E-1;;
02/12/2021  12:05:23,059458;9,395849E-1;9,328480E-2;1,095173E-1;9,249341E-1;;
02/12/2021  12:05:23,059558;9,389978E-1;9,455912E-2;1,117289E-1;9,250836E-1;;
02/12/2021  12:05:23,059658;9,404164E-1;7,958586E-2;8,961361E-2;9,252560E-1;;
02/12/2021  12:05:23,059758;9,418172E-1;9,838208E-2;1,060421E-1;9,254509E-1;;
02/12/2021  12:05:23,059858;9,422463E-1;1,149482E-1;1,199431E-1;9,256678E-1;;
02/12/2021  12:05:23,059958;9,415281E-1;1,092138E-1;1,284732E-1;9,259063E-1;;
02/12/2021  12:05:23,060058;9,420735E-1;1,248242E-1;1,373193E-1;9,261658E-1;;
02/12/2021  12:05:23,060158;9,437842E-1;1,296029E-1;1,215227E-1;9,264457E-1;;
02/12/2021  12:05:23,060258;9,448660E-1;1,391603E-1;1,328963E-1;9,267453E-1;;
02/12/2021  12:05:23,060358;9,451849E-1;1,550893E-1;1,404787E-1;9,270642E-1;;
02/12/2021  12:05:23,060458;9,449644E-1;1,710183E-1;1,546956E-1;9,274019E-1;;
02/12/2021  12:05:23,060558;9,441090E-1;1,656025E-1;1,351078E-1;9,277579E-1;;
02/12/2021  12:05:23,060658;9,459836E-1;1,490363E-1;1,616461E-1;9,281314E-1;;
02/12/2021  12:05:23,060758;9,469761E-1;1,560451E-1;1,600664E-1;9,285215E-1;;
02/12/2021  12:05:23,060858;9,468628E-1;1,547707E-1;1,496407E-1;9,289276E-1;;
02/12/2021  12:05:23,060958;9,458078E-1;1,264171E-1;1,224705E-1;9,293489E-1;;
02/12/2021  12:05:23,061058;9,462638E-1;1,060280E-1;1,303688E-1;9,297846E-1;;
02/12/2021  12:05:23,061158;9,475691E-1;1,197269E-1;1,297370E-1;9,302337E-1;;
02/12/2021  12:05:23,061258;9,484096E-1;1,359745E-1;1,357397E-1;9,306951E-1;;
02/12/2021  12:05:23,061358;9,480669E-1;1,117624E-1;1,120448E-1;9,311681E-1;;
02/12/2021  12:05:23,061458;9,476496E-1;1,152668E-1;1,139404E-1;9,316517E-1;;
02/12/2021  12:05:23,061558;9,483500E-1;9,455912E-2;1,073058E-1;9,321450E-1;;
02/12/2021  12:05:23,061658;9,501292E-1;1,187712E-1;1,303688E-1;9,326470E-1;;
02/12/2021  12:05:23,061758;9,511038E-1;1,203641E-1;1,262617E-1;9,331569E-1;;
02/12/2021  12:05:23,061858;9,515449E-1;1,114439E-1;1,189953E-1;9,336741E-1;;
02/12/2021  12:05:23,061958;9,513511E-1;1,149482E-1;1,170997E-1;9,341979E-1;;
02/12/2021  12:05:23,062058;9,521081E-1;1,159040E-1;1,193112E-1;9,347279E-1;;
02/12/2021  12:05:23,062158;9,540036E-1;1,270543E-1;1,379512E-1;9,352634E-1;;
02/12/2021  12:05:23,062258;9,548202E-1;1,178155E-1;1,231024E-1;9,358040E-1;;
02/12/2021  12:05:23,062358;9,547606E-1;1,109116E-2;6,370719E-2;9,363496E-1;;
02/12/2021  12:05:23,062458;9,539202E-1;1,245056E-1;1,828136E-1;9,368996E-1;;
02/12/2021  12:05:23,062558;9,539231E-1;9,774492E-2;1,139404E-1;9,374538E-1;;
02/12/2021  12:05:23,062658;9,549871E-1;1,305587E-1;1,407946E-1;9,380114E-1;;
02/12/2021  12:05:23,062758;9,550616E-1;1,006121E-1;1,110970E-1;9,385717E-1;;
02/12/2021  12:05:23,062858;9,548500E-1;1,181340E-1;1,164678E-1;9,391343E-1;;
02/12/2021  12:05:23,062958;9,534433E-1;1,401161E-1;1,537478E-1;9,396983E-1;;
02/12/2021  12:05:23,063058;9,539559E-1;1,232313E-1;1,164678E-1;9,402628E-1;;
02/12/2021  12:05:23,063158;9,551510E-1;1,165411E-1;1,430061E-1;9,408269E-1;;
02/12/2021  12:05:23,063258;9,552613E-1;1,213198E-1;1,268936E-1;9,413897E-1;;
02/12/2021  12:05:23,063358;9,553358E-1;1,378860E-1;1,379512E-1;9,419505E-1;;
02/12/2021  12:05:23,063458;9,535417E-1;1,060280E-1;1,107811E-1;9,425084E-1;;
02/12/2021  12:05:23,063558;9,539112E-1;1,123996E-1;1,047783E-1;9,430624E-1;;
02/12/2021  12:05:23,063658;9,553537E-1;8,946184E-2;6,749837E-2;9,436117E-1;;
02/12/2021  12:05:23,063758;9,552285E-1;1,149482E-1;1,253139E-1;9,441552E-1;;
02/12/2021  12:05:23,063858;9,543464E-1;1,369303E-1;1,395309E-1;9,446922E-1;;
02/12/2021  12:05:23,063958;9,539053E-1;1,331073E-1;1,376353E-1;9,452220E-1;;
02/12/2021  12:05:23,064058;9,549335E-1;1,159040E-1;1,158360E-1;9,457435E-1;;
02/12/2021  12:05:23,064158;9,558305E-1;1,079395E-1;1,016190E-1;9,462562E-1;;
02/12/2021  12:05:23,064258;9,553656E-1;1,267357E-1;1,347919E-1;9,467593E-1;;
02/12/2021  12:05:23,064358;9,544983E-1;1,404346E-1;1,698603E-1;9,472522E-1;;
02/12/2021  12:05:23,064458;9,535715E-1;1,139925E-1;1,221546E-1;9,477345E-1;;
02/12/2021  12:05:23,064558;9,542510E-1;1,232313E-1;1,180475E-1;9,482053E-1;;
02/12/2021  12:05:23,064658;9,549424E-1;1,327887E-1;1,338441E-1;9,486640E-1;;
02/12/2021  12:05:23,064758;9,550557E-1;1,496735E-1;1,445858E-1;9,491099E-1;;
02/12/2021  12:05:23,064858;9,536728E-1;1,219570E-1;1,388990E-1;9,495427E-1;;
02/12/2021  12:05:23,064958;9,533629E-1;1,152668E-1;1,193112E-1;9,499618E-1;;
02/12/2021  12:05:23,065058;9,544507E-1;-1,014882E-3;8,361090E-2;9,503667E-1;;
02/12/2021  12:05:23,065158;9,551212E-1;1,375674E-1;1,537478E-1;9,507570E-1;;
02/12/2021  12:05:23,065258;9,553507E-1;1,340630E-1;1,278414E-1;9,511325E-1;;
02/12/2021  12:05:23,065358;9,542271E-1;1,251428E-1;1,237343E-1;9,514930E-1;;
02/12/2021  12:05:23,065458;9,536132E-1;1,311958E-1;1,366875E-1;9,518385E-1;;
02/12/2021  12:05:23,065558;9,550318E-1;8,340882E-2;8,329497E-2;9,521688E-1;;
02/12/2021  12:05:23,065658;9,551719E-1;1,276914E-1;1,306848E-1;9,524837E-1;;
02/12/2021  12:05:23,065758;9,542599E-1;1,216384E-1;1,227865E-1;9,527834E-1;;
02/12/2021  12:05:23,065858;9,534999E-1;1,168597E-1;1,205749E-1;9,530678E-1;;
02/12/2021  12:05:23,065958;9,526833E-1;1,366117E-1;1,951349E-1;9,533370E-1;;
02/12/2021  12:05:23,066058;9,537950E-1;1,375674E-1;1,313166E-1;9,535906E-1;;
02/12/2021  12:05:23,066158;9,536132E-1;1,270543E-1;1,208909E-1;9,538287E-1;;
02/12/2021  12:05:23,066258;9,521499E-1;1,146297E-1;1,322644E-1;9,540512E-1;;
02/12/2021  12:05:23,066358;9,507909E-1;1,238685E-1;1,291051E-1;9,542581E-1;;
02/12/2021  12:05:23,066458;9,496256E-1;1,353374E-1;1,900800E-1;9,544490E-1;;
02/12/2021  12:05:23,066558;9,503677E-1;1,267357E-1;1,272095E-1;9,546235E-1;;
02/12/2021  12:05:23,066658;9,494497E-1;1,248242E-1;1,268936E-1;9,547811E-1;;
02/12/2021  12:05:23,066758;9,478463E-1;1,356559E-1;1,376353E-1;9,549216E-1;;
02/12/2021  12:05:23,066858;9,464307E-1;1,512664E-1;1,474292E-1;9,550445E-1;;
02/12/2021  12:05:23,066958;9,456856E-1;1,079395E-1;1,123607E-1;9,551491E-1;;
02/12/2021  12:05:23,067058;9,461028E-1;1,264171E-1;1,319485E-1;9,552347E-1;;
02/12/2021  12:05:23,067158;9,455008E-1;1,264171E-1;1,297370E-1;9,553008E-1;;
02/12/2021  12:05:23,067258;9,447557E-1;1,254614E-1;1,221546E-1;9,553469E-1;;
02/12/2021  12:05:23,067358;9,428543E-1;8,245308E-2;9,561632E-2;9,553727E-1;;
02/12/2021  12:05:23,067458;9,431076E-1;1,260985E-1;1,388990E-1;9,553777E-1;;
02/12/2021  12:05:23,067558;9,432835E-1;1,503106E-1;1,528000E-1;9,553615E-1;;
02/12/2021  12:05:23,067658;9,427589E-1;1,248242E-1;1,278414E-1;9,553239E-1;;
02/12/2021  12:05:23,067758;9,419006E-1;1,356559E-1;1,351078E-1;9,552647E-1;;
02/12/2021  12:05:23,067858;9,405684E-1;3,562182E-2;9,340479E-2;9,551839E-1;;
02/12/2021  12:05:23,067958;9,406161E-1;9,392196E-2;9,561632E-2;9,550815E-1;;
02/12/2021  12:05:23,068058;9,413493E-1;1,028422E-1;1,183634E-1;9,549573E-1;;
02/12/2021  12:05:23,068158;9,402942E-1;1,710183E-1;2,175661E-1;9,548116E-1;;
02/12/2021  12:05:23,068258;9,390932E-1;1,464877E-1;1,398468E-1;9,546447E-1;;
02/12/2021  12:05:23,068358;9,374570E-1;1,190898E-1;1,170997E-1;9,544568E-1;;
02/12/2021  12:05:23,068458;9,379428E-1;1,104881E-1;1,063580E-1;9,542480E-1;;
02/12/2021  12:05:23,068558;9,376328E-1;1,203641E-1;1,028828E-1;9,540185E-1;;
02/12/2021  12:05:23,068658;9,365033E-1;1,347002E-1;1,363715E-1;9,537686E-1;;
02/12/2021  12:05:23,068758;9,358715E-1;1,257800E-1;1,300529E-1;9,534986E-1;;
02/12/2021  12:05:23,068858;9,353350E-1;1,353374E-1;1,284732E-1;9,532089E-1;;
02/12/2021  12:05:23,068958;9,352158E-1;1,525407E-1;1,272095E-1;9,528997E-1;;
02/12/2021  12:05:23,069058;9,348343E-1;1,254614E-1;1,313166E-1;9,525716E-1;;
02/12/2021  12:05:23,069158;9,344052E-1;1,512664E-1;1,392149E-1;9,522251E-1;;
02/12/2021  12:05:23,069258;9,333978E-1;1,385232E-1;1,449017E-1;9,518608E-1;;
02/12/2021  12:05:23,069358;9,323190E-1;1,296029E-1;1,205749E-1;9,514791E-1;;
02/12/2021  12:05:23,069458;9,329776E-1;1,480806E-1;1,663851E-1;9,510807E-1;;
02/12/2021  12:05:23,069558;9,332250E-1;1,407532E-1;1,632258E-1;9,506662E-1;;
02/12/2021  12:05:23,069658;9,328942E-1;1,334259E-1;1,265777E-1;9,502364E-1;;
02/12/2021  12:05:23,069758;9,315322E-1;1,015679E-1;9,751191E-2;9,497922E-1;;
02/12/2021  12:05:23,069858;9,308854E-1;1,292843E-1;1,291051E-1;9,493344E-1;;
02/12/2021  12:05:23,069958;9,318958E-1;1,037979E-1;1,145722E-1;9,488638E-1;;
02/12/2021  12:05:23,070058;9,322206E-1;1,407532E-1;1,392149E-1;9,483814E-1;;
02/12/2021  12:05:23,070158;9,318093E-1;1,238685E-1;1,259458E-1;9,478881E-1;;
02/12/2021  12:05:23,070258;9,306470E-1;1,260985E-1;1,174156E-1;9,473852E-1;;
02/12/2021  12:05:23,070358;9,297708E-1;1,824872E-1;1,749153E-1;9,468736E-1;;
02/12/2021  12:05:23,070458;9,303818E-1;1,388417E-1;1,291051E-1;9,463543E-1;;
02/12/2021  12:05:23,070558;9,298155E-1;1,257800E-1;1,234183E-1;9,458282E-1;;
02/12/2021  12:05:23,070658;9,289095E-1;1,254614E-1;1,449017E-1;9,452962E-1;;
02/12/2021  12:05:23,070758;9,278515E-1;1,474434E-1;1,411105E-1;9,447593E-1;;
02/12/2021  12:05:23,070858;9,270885E-1;1,407532E-1;1,524841E-1;9,442180E-1;;
02/12/2021  12:05:23,070958;9,274193E-1;1,222756E-1;1,338441E-1;9,436730E-1;;
02/12/2021  12:05:23,071058;9,271481E-1;1,085766E-1;1,139404E-1;9,431248E-1;;
02/12/2021  12:05:23,071158;9,259918E-1;9,774492E-2;1,155200E-1;9,425742E-1;;
02/12/2021  12:05:23,071258;9,249755E-1;1,382046E-1;1,644895E-1;9,420217E-1;;
02/12/2021  12:05:23,071358;9,252318E-1;1,143111E-1;1,310007E-1;9,414677E-1;;
02/12/2021  12:05:23,071458;9,255239E-1;1,216384E-1;1,477451E-1;9,409127E-1;;
02/12/2021  12:05:23,071558;9,257325E-1;1,101695E-1;1,177316E-1;9,403572E-1;;
02/12/2021  12:05:23,071658;9,256639E-1;1,213198E-1;1,221546E-1;9,398019E-1;;
02/12/2021  12:05:23,071758;9,258040E-1;1,069837E-1;1,133085E-1;9,392475E-1;;
02/12/2021  12:05:23,071858;9,264537E-1;9,328480E-2;1,110970E-1;9,386948E-1;;
02/12/2021  12:05:23,071958;9,281257E-1;5,601094E-2;9,150920E-2;9,381449E-1;;
02/12/2021  12:05:23,072058;9,286532E-1;9,933782E-2;1,066739E-1;9,375988E-1;;
02/12/2021  12:05:23,072158;9,278276E-1;1,076209E-1;1,054102E-1;9,370578E-1;;
02/12/2021  12:05:23,072258;9,274879E-1;2,797590E-2;8,139938E-2;9,365233E-1;;
02/12/2021  12:05:23,072358;9,285101E-1;9,073616E-2;8,898175E-2;9,359963E-1;;
02/12/2021  12:05:23,072458;9,295324E-1;1,018865E-1;1,107811E-1;9,354780E-1;;
02/12/2021  12:05:23,072558;9,296814E-1;1,245056E-1;1,483770E-1;9,349697E-1;;
02/12/2021  12:05:23,072658;9,292463E-1;1,002936E-1;1,095173E-1;9,344725E-1;;
02/12/2021  12:05:23,072758;9,285012E-1;9,264764E-2;1,069899E-1;9,339875E-1;;
02/12/2021  12:05:23,072858;9,287664E-1;1,044351E-1;1,104651E-1;9,335158E-1;;
02/12/2021  12:05:23,072958;9,285876E-1;1,267357E-1;1,268936E-1;9,330581E-1;;
02/12/2021  12:05:23,073058;9,289929E-1;1,324701E-1;1,189953E-1;9,326149E-1;;
02/12/2021  12:05:23,073158;9,283343E-1;1,665582E-1;1,812339E-1;9,321871E-1;;
02/12/2021  12:05:23,073258;9,269037E-1;1,181340E-1;1,202590E-1;9,317749E-1;;
02/12/2021  12:05:23,073358;9,284118E-1;1,554079E-1;1,430061E-1;9,313786E-1;;
02/12/2021  12:05:23,073458;9,283432E-1;1,608238E-1;1,480610E-1;9,309985E-1;;
02/12/2021  12:05:23,073558;9,279856E-1;1,544522E-1;1,249980E-1;9,306347E-1;;
02/12/2021  12:05:23,073658;9,279290E-1;1,691068E-1;1,534319E-1;9,302874E-1;;
02/12/2021  12:05:23,073758;9,279141E-1;1,659210E-1;1,370034E-1;9,299567E-1;;
02/12/2021  12:05:23,073858;9,289989E-1;1,843987E-1;1,597505E-1;9,296425E-1;;
02/12/2021  12:05:23,073958;9,294638E-1;1,592309E-1;1,815498E-1;9,293449E-1;;
02/12/2021  12:05:23,074058;9,296546E-1;1,350188E-1;1,227865E-1;9,290642E-1;;
02/12/2021  12:05:23,074158;9,290406E-1;1,235499E-1;1,117289E-1;9,288003E-1;;
02/12/2021  12:05:23,074258;9,293595E-1;1,343816E-1;1,360556E-1;9,285535E-1;;
02/12/2021  12:05:23,074358;9,304712E-1;3,179886E-2;6,086380E-2;9,283237E-1;;
02/12/2021  12:05:23,074458;9,313921E-1;1,136739E-1;1,189953E-1;9,281109E-1;;
02/12/2021  12:05:23,074558;9,316126E-1;1,334259E-1;1,268936E-1;9,279154E-1;;
02/12/2021  12:05:23,074658;9,317438E-1;1,194084E-1;1,246821E-1;9,277372E-1;;
02/12/2021  12:05:23,074758;9,313325E-1;1,149482E-1;1,215227E-1;9,275767E-1;;
02/12/2021  12:05:23,074858;9,326378E-1;1,436204E-1;1,537478E-1;9,274338E-1;;
02/12/2021  12:05:23,074958;9,327064E-1;1,181340E-1;1,253139E-1;9,273086E-1;;
02/12/2021  12:05:23,075058;9,325127E-1;1,308772E-1;1,322644E-1;9,272010E-1;;
02/12/2021  12:05:23,075158;9,323517E-1;1,499920E-1;1,411105E-1;9,271111E-1;;
02/12/2021  12:05:23,075258;9,316424E-1;1,468062E-1;1,351078E-1;9,270387E-1;;
02/12/2021  12:05:23,075358;9,334425E-1;1,235499E-1;1,291051E-1;9,269834E-1;;
02/12/2021  12:05:23,075458;9,330074E-1;1,130368E-1;1,240502E-1;9,269449E-1;;
02/12/2021  12:05:23,075558;9,334068E-1;1,321516E-1;1,417424E-1;9,269230E-1;;
02/12/2021  12:05:23,075658;9,329150E-1;1,260985E-1;1,253139E-1;9,269172E-1;;
02/12/2021  12:05:23,075758;9,329180E-1;1,487177E-1;1,572231E-1;9,269272E-1;;
02/12/2021  12:05:23,075858;9,341995E-1;1,159040E-1;1,401627E-1;9,269525E-1;;
02/12/2021  12:05:23,075958;9,337316E-1;1,340630E-1;1,158360E-1;9,269927E-1;;
02/12/2021  12:05:23,076058;9,342651E-1;1,174969E-1;1,085695E-1;9,270472E-1;;
02/12/2021  12:05:23,076158;9,334395E-1;1,292843E-1;1,578549E-1;9,271156E-1;;
02/12/2021  12:05:23,076258;9,341191E-1;1,088952E-1;1,259458E-1;9,271974E-1;;
02/12/2021  12:05:23,076358;9,351622E-1;3,275460E-2;9,087734E-2;9,272919E-1;;
02/12/2021  12:05:23,076458;9,359430E-1;1,235499E-1;1,338441E-1;9,273987E-1;;
02/12/2021  12:05:23,076558;9,356062E-1;1,264171E-1;1,221546E-1;9,275173E-1;;
02/12/2021  12:05:23,076658;9,358774E-1;1,394789E-1;1,262617E-1;9,276476E-1;;
02/12/2021  12:05:23,076758;9,364496E-1;1,139925E-1;1,234183E-1;9,277889E-1;;
02/12/2021  12:05:23,076858;9,373706E-1;1,267357E-1;1,297370E-1;9,279410E-1;;
02/12/2021  12:05:23,076958;9,371619E-1;9,009900E-2;1,000394E-1;9,281036E-1;;
02/12/2021  12:05:23,077058;9,371202E-1;1,149482E-1;1,218387E-1;9,282763E-1;;
02/12/2021  12:05:23,077158;9,358983E-1;1,130368E-1;1,117289E-1;9,284587E-1;;
02/12/2021  12:05:23,077258;9,370785E-1;1,216384E-1;1,392149E-1;9,286503E-1;;
02/12/2021  12:05:23,077358;9,384315E-1;6,620550E-2;1,477451E-1;9,288504E-1;;
02/12/2021  12:05:23,077458;9,377282E-1;1,187712E-1;1,199431E-1;9,290587E-1;;
02/12/2021  12:05:23,077558;9,377133E-1;1,270543E-1;1,272095E-1;9,292747E-1;;
02/12/2021  12:05:23,077658;9,369831E-1;1,197269E-1;1,256299E-1;9,294978E-1;;
02/12/2021  12:05:23,077758;9,377699E-1;1,560451E-1;1,546956E-1;9,297275E-1;;
02/12/2021  12:05:23,077858;9,381395E-1;1,178155E-1;1,107811E-1;9,299632E-1;;
02/12/2021  12:05:23,077958;9,386700E-1;1,200455E-1;1,170997E-1;9,302042E-1;;
02/12/2021  12:05:23,078058;9,376597E-1;1,324701E-1;1,445858E-1;9,304500E-1;;
02/12/2021  12:05:23,078158;9,369265E-1;1,197269E-1;1,259458E-1;9,307001E-1;;
02/12/2021  12:05:23,078258;9,379636E-1;1,289658E-1;1,256299E-1;9,309536E-1;;
02/12/2021  12:05:23,078358;9,384852E-1;1,299215E-1;1,474292E-1;9,312100E-1;;
02/12/2021  12:05:23,078458;9,386640E-1;1,127182E-1;1,142563E-1;9,314686E-1;;
02/12/2021  12:05:23,078558;9,385418E-1;1,238685E-1;1,404787E-1;9,317288E-1;;
02/12/2021  12:05:23,078658;9,382021E-1;1,238685E-1;1,297370E-1;9,319902E-1;;
02/12/2021  12:05:23,078758;9,394598E-1;1,315144E-1;1,278414E-1;9,322523E-1;;
02/12/2021  12:05:23,078858;9,404939E-1;1,117624E-1;1,262617E-1;9,325146E-1;;
02/12/2021  12:05:23,078958;9,406638E-1;1,273729E-1;1,275255E-1;9,327769E-1;;
02/12/2021  12:05:23,079058;9,413850E-1;1,331073E-1;1,306848E-1;9,330391E-1;;
02/12/2021  12:05:23,079158;9,410781E-1;8,914326E-2;1,467973E-1;9,333012E-1;;
02/12/2021  12:05:23,079258;9,422255E-1;1,566822E-1;2,061925E-1;9,335631E-1;;
02/12/2021  12:05:23,079358;9,433103E-1;1,130368E-1;1,202590E-1;9,338248E-1;;
02/12/2021  12:05:23,079458;9,437693E-1;1,321516E-1;1,300529E-1;9,340865E-1;;
02/12/2021  12:05:23,079558;9,431315E-1;1,235499E-1;1,275255E-1;9,343485E-1;;
02/12/2021  12:05:23,079658;9,433967E-1;1,210013E-1;1,069899E-1;9,346109E-1;;
02/12/2021  12:05:23,079758;9,448660E-1;1,114439E-1;1,133085E-1;9,348738E-1;;
02/12/2021  12:05:23,079858;9,454829E-1;1,197269E-1;1,208909E-1;9,351375E-1;;
02/12/2021  12:05:23,079958;9,449733E-1;1,299215E-1;1,385831E-1;9,354022E-1;;
02/12/2021  12:05:23,080058;9,446246E-1;1,276914E-1;1,303688E-1;9,356681E-1;;
02/12/2021  12:05:23,080158;9,445680E-1;1,018865E-1;8,961361E-2;9,359353E-1;;
02/12/2021  12:05:23,080258;9,458912E-1;9,583344E-2;1,098333E-1;9,362037E-1;;
02/12/2021  12:05:23,080358;9,460283E-1;1,174969E-1;1,249980E-1;9,364733E-1;;
02/12/2021  12:05:23,080458;9,461475E-1;1,235499E-1;1,300529E-1;9,367442E-1;;
02/12/2021  12:05:23,080558;9,462101E-1;1,146297E-1;9,182514E-2;9,370165E-1;;
02/12/2021  12:05:23,080658;9,464843E-1;1,114439E-1;1,218387E-1;9,372901E-1;;
02/12/2021  12:05:23,080758;9,469224E-1;1,299215E-1;1,218387E-1;9,375651E-1;;
02/12/2021  12:05:23,080858;9,474857E-1;1,413904E-1;1,363715E-1;9,378413E-1;;
02/12/2021  12:05:23,080958;9,477301E-1;1,206827E-1;1,278414E-1;9,381188E-1;;
02/12/2021  12:05:23,081058;9,467198E-1;1,139925E-1;1,142563E-1;9,383976E-1;;
02/12/2021  12:05:23,081158;9,460641E-1;1,079395E-1;1,164678E-1;9,386775E-1;;
02/12/2021  12:05:23,081258;9,471996E-1;1,474434E-1;1,363715E-1;9,389582E-1;;
02/12/2021  12:05:23,081358;9,472383E-1;1,127182E-1;1,152041E-1;9,392394E-1;;
02/12/2021  12:05:23,081458;9,467138E-1;1,315144E-1;1,284732E-1;9,395207E-1;;
02/12/2021  12:05:23,081558;9,458406E-1;1,296029E-1;1,341600E-1;9,398019E-1;;
02/12/2021  12:05:23,081658;9,465260E-1;1,197269E-1;1,231024E-1;9,400824E-1;;
02/12/2021  12:05:23,081758;9,471340E-1;1,385232E-1;1,202590E-1;9,403617E-1;;
02/12/2021  12:05:23,081858;9,468002E-1;1,146297E-1;1,297370E-1;9,406394E-1;;
02/12/2021  12:05:23,081958;9,462042E-1;1,108067E-1;1,158360E-1;9,409151E-1;;
02/12/2021  12:05:23,082058;9,461803E-1;1,190898E-1;1,215227E-1;9,411884E-1;;
02/12/2021  12:05:23,082158;9,468837E-1;1,251428E-1;9,593225E-2;9,414587E-1;;
02/12/2021  12:05:23,082258;9,467973E-1;8,850610E-2;9,056141E-2;9,417256E-1;;
02/12/2021  12:05:23,082358;9,470148E-1;7,703722E-2;9,087734E-2;9,419887E-1;;
02/12/2021  12:05:23,082458;9,474023E-1;1,076209E-1;1,183634E-1;9,422477E-1;;
02/12/2021  12:05:23,082558;9,468092E-1;1,123996E-1;1,158360E-1;9,425023E-1;;
02/12/2021  12:05:23,082658;9,484781E-1;6,620550E-2;7,602853E-2;9,427524E-1;;
02/12/2021  12:05:23,082758;9,487970E-1;1,292843E-1;1,619620E-1;9,429977E-1;;
02/12/2021  12:05:23,082858;9,486301E-1;1,311958E-1;1,259458E-1;9,432384E-1;;
02/12/2021  12:05:23,082958;9,487851E-1;8,850610E-2;8,677022E-2;9,434744E-1;;
02/12/2021  12:05:23,083058;9,486778E-1;1,382046E-1;1,455336E-1;9,437059E-1;;
02/12/2021  12:05:23,083158;9,494020E-1;1,276914E-1;1,313166E-1;9,439328E-1;;
02/12/2021  12:05:23,083258;9,503557E-1;1,267357E-1;1,300529E-1;9,441553E-1;;
02/12/2021  12:05:23,083358;9,504064E-1;1,340630E-1;1,357397E-1;9,443735E-1;;
02/12/2021  12:05:23,083458;9,504749E-1;9,551486E-2;1,066739E-1;9,445878E-1;;
02/12/2021  12:05:23,083558;9,506538E-1;1,308772E-1;1,155200E-1;9,447985E-1;;
02/12/2021  12:05:23,083658;9,518727E-1;1,296029E-1;1,161519E-1;9,450057E-1;;
02/12/2021  12:05:23,083758;9,522363E-1;1,108067E-1;1,237343E-1;9,452099E-1;;
02/12/2021  12:05:23,083858;9,526357E-1;1,273729E-1;1,755471E-1;9,454115E-1;;
02/12/2021  12:05:23,083958;9,520515E-1;1,280100E-1;1,316326E-1;9,456109E-1;;
02/12/2021  12:05:23,084058;9,521052E-1;1,037979E-1;1,120448E-1;9,458085E-1;;
02/12/2021  12:05:23,084158;9,533360E-1;3,339176E-2;5,770448E-2;9,460046E-1;;
02/12/2021  12:05:23,084258;9,538665E-1;1,127182E-1;1,221546E-1;9,461995E-1;;
02/12/2021  12:05:23,084358;9,541944E-1;1,509478E-1;1,556434E-1;9,463937E-1;;
02/12/2021  12:05:23,084458;9,544954E-1;1,037979E-1;1,196272E-1;9,465875E-1;;
02/12/2021  12:05:23,084558;9,548262E-1;8,086018E-2;1,120448E-1;9,467814E-1;;
02/12/2021  12:05:23,084658;9,556636E-1;1,079395E-1;1,205749E-1;9,469758E-1;;
02/12/2021  12:05:23,084758;9,561554E-1;1,229127E-1;1,335282E-1;9,471712E-1;;
02/12/2021  12:05:23,084858;9,565995E-1;4,836502E-2;7,286922E-2;9,473681E-1;;
02/12/2021  12:05:23,084958;9,562180E-1;2,032998E-2;9,403666E-2;9,475670E-1;;
02/12/2021  12:05:23,085058;9,567693E-1;1,012493E-1;9,940750E-2;9,477681E-1;;
02/12/2021  12:05:23,085158;9,577648E-1;1,101695E-1;1,259458E-1;9,479719E-1;;
02/12/2021  12:05:23,085258;9,578840E-1;1,127182E-1;1,202590E-1;9,481786E-1;;
02/12/2021  12:05:23,085358;9,587721E-1;7,289568E-2;7,981972E-2;9,483888E-1;;
02/12/2021  12:05:23,085458;9,582923E-1;3,020596E-2;5,960007E-2;9,486027E-1;;
02/12/2021  12:05:23,085558;9,592966E-1;1,031608E-1;1,193112E-1;9,488207E-1;;
02/12/2021  12:05:23,085658;9,604291E-1;9,201048E-2;1,287892E-1;9,490430E-1;;
02/12/2021  12:05:23,085758;9,613352E-1;1,041165E-1;1,107811E-1;9,492701E-1;;
02/12/2021  12:05:23,085858;9,606735E-1;1,111253E-1;1,287892E-1;9,495023E-1;;
02/12/2021  12:05:23,085958;9,615110E-1;1,149482E-1;1,139404E-1;9,497401E-1;;
02/12/2021  12:05:23,086058;9,622829E-1;1,464877E-1;1,676488E-1;9,499838E-1;;
02/12/2021  12:05:23,086158;9,632753E-1;3,912620E-2;1,208909E-1;9,502336E-1;;
02/12/2021  12:05:23,086258;9,643900E-1;1,321516E-1;1,357397E-1;9,504899E-1;;
02/12/2021  12:05:23,086358;9,642082E-1;1,375674E-1;1,347919E-1;9,507533E-1;;
02/12/2021  12:05:23,086458;9,643870E-1;1,130368E-1;1,430061E-1;9,510239E-1;;
02/12/2021  12:05:23,086558;9,655731E-1;3,657756E-2;1,129926E-1;9,513023E-1;;
02/12/2021  12:05:23,086658;9,663540E-1;1,793014E-1;1,493248E-1;9,515885E-1;;
02/12/2021  12:05:23,086758;9,665775E-1;1,624167E-1;1,388990E-1;9,518830E-1;;
02/12/2021  12:05:23,086858;9,668875E-1;1,726112E-1;1,796542E-1;9,521860E-1;;
02/12/2021  12:05:23,086958;9,666908E-1;1,630538E-1;1,584868E-1;9,524976E-1;;
02/12/2021  12:05:23,087058;9,677100E-1;1,503106E-1;1,373193E-1;9,528179E-1;;
02/12/2021  12:05:23,087158;9,686011E-1;1,614609E-1;1,796542E-1;9,531469E-1;;
02/12/2021  12:05:23,087258;9,686101E-1;1,311958E-1;1,313166E-1;9,534847E-1;;
02/12/2021  12:05:23,087358;9,682912E-1;1,503106E-1;1,445858E-1;9,538313E-1;;
02/12/2021  12:05:23,087458;9,682554E-1;1,362931E-1;1,313166E-1;9,541864E-1;;
02/12/2021  12:05:23,087558;9,688097E-1;1,248242E-1;1,281573E-1;9,545498E-1;;
02/12/2021  12:05:23,087658;9,698081E-1;1,241871E-1;1,335282E-1;9,549212E-1;;
02/12/2021  12:05:23,087758;9,701598E-1;1,210013E-1;1,347919E-1;9,553002E-1;;
02/12/2021  12:05:23,087858;9,694177E-1;1,308772E-1;1,174156E-1;9,556866E-1;;
02/12/2021  12:05:23,087958;9,694744E-1;1,178155E-1;1,388990E-1;9,560799E-1;;
02/12/2021  12:05:23,088058;9,701717E-1;1,687883E-1;1,730197E-1;9,564796E-1;;
02/12/2021  12:05:23,088158;9,699959E-1;1,334259E-1;1,338441E-1;9,568852E-1;;
02/12/2021  12:05:23,088258;9,699691E-1;1,378860E-1;1,395309E-1;9,572960E-1;;
02/12/2021  12:05:23,088358;9,693164E-1;1,267357E-1;1,268936E-1;9,577114E-1;;
02/12/2021  12:05:23,088458;9,692568E-1;1,366117E-1;1,486929E-1;9,581305E-1;;
02/12/2021  12:05:23,088558;9,691078E-1;1,337445E-1;1,442698E-1;9,585525E-1;;
02/12/2021  12:05:23,088658;9,692002E-1;1,194084E-1;1,370034E-1;9,589765E-1;;
02/12/2021  12:05:23,088758;9,685892E-1;1,375674E-1;1,382671E-1;9,594014E-1;;
02/12/2021  12:05:23,088858;9,674299E-1;1,340630E-1;1,297370E-1;9,598263E-1;;
02/12/2021  12:05:23,088958;9,668010E-1;1,076209E-1;9,940750E-2;9,602499E-1;;
02/12/2021  12:05:23,089058;9,671348E-1;1,327887E-1;1,300529E-1;9,606710E-1;;
02/12/2021  12:05:23,089158;9,666550E-1;1,534964E-1;1,505885E-1;9,610882E-1;;
02/12/2021  12:05:23,089258;9,661990E-1;1,331073E-1;1,259458E-1;9,615003E-1;;
02/12/2021  12:05:23,089358;9,646880E-1;1,152668E-1;1,385831E-1;9,619060E-1;;
02/12/2021  12:05:23,089458;9,642737E-1;1,280100E-1;1,322644E-1;9,623039E-1;;
02/12/2021  12:05:23,089558;9,642111E-1;1,401161E-1;1,139404E-1;9,626926E-1;;
02/12/2021  12:05:23,089658;9,634005E-1;1,334259E-1;1,325804E-1;9,630707E-1;;
02/12/2021  12:05:23,089758;9,624230E-1;1,340630E-1;1,202590E-1;9,634368E-1;;
02/12/2021  12:05:23,089858;9,608374E-1;7,034704E-2;9,308886E-2;9,637895E-1;;
02/12/2021  12:05:23,089958;9,606765E-1;1,515849E-1;1,464814E-1;9,641274E-1;;
02/12/2021  12:05:23,090058;9,600208E-1;1,241871E-1;1,234183E-1;9,644489E-1;;
02/12/2021  12:05:23,090158;9,596096E-1;1,187712E-1;1,249980E-1;9,647527E-1;;
02/12/2021  12:05:23,090258;9,584651E-1;1,092138E-1;1,136244E-1;9,650375E-1;;
02/12/2021  12:05:23,090358;9,577171E-1;1,321516E-1;1,328963E-1;9,653020E-1;;
02/12/2021  12:05:23,090458;9,571925E-1;1,394789E-1;1,310007E-1;9,655451E-1;;
02/12/2021  12:05:23,090558;9,573117E-1;1,280100E-1;1,038306E-1;9,657657E-1;;
02/12/2021  12:05:23,090658;9,557888E-1;1,356559E-1;1,145722E-1;9,659627E-1;;
02/12/2021  12:05:23,090758;9,553895E-1;1,219570E-1;1,300529E-1;9,661353E-1;;
02/12/2021  12:05:23,090858;9,543642E-1;1,445762E-1;1,404787E-1;9,662828E-1;;
02/12/2021  12:05:23,090958;9,541586E-1;1,194084E-1;1,249980E-1;9,664042E-1;;
02/12/2021  12:05:23,091058;9,539589E-1;1,232313E-1;8,266311E-2;9,664991E-1;;
02/12/2021  12:05:23,091158;9,530618E-1;1,184526E-1;1,095173E-1;9,665669E-1;;
02/12/2021  12:05:23,091258;9,522750E-1;1,490363E-1;1,423743E-1;9,666072E-1;;
02/12/2021  12:05:23,091358;9,511723E-1;1,362931E-1;1,205749E-1;9,666199E-1;;
02/12/2021  12:05:23,091458;9,505435E-1;1,232313E-1;1,129926E-1;9,666045E-1;;
02/12/2021  12:05:23,091558;9,508326E-1;1,573194E-1;1,929234E-1;9,665609E-1;;
02/12/2021  12:05:23,091658;9,495272E-1;1,366117E-1;1,366875E-1;9,664889E-1;;
02/12/2021  12:05:23,091758;9,478493E-1;1,362931E-1;1,439539E-1;9,663887E-1;;
02/12/2021  12:05:23,091858;9,466661E-1;1,241871E-1;1,272095E-1;9,662602E-1;;
02/12/2021  12:05:23,091958;9,458793E-1;1,254614E-1;1,199431E-1;9,661032E-1;;
02/12/2021  12:05:23,092058;9,449584E-1;1,334259E-1;1,332122E-1;9,659176E-1;;
02/12/2021  12:05:23,092158;9,435159E-1;1,391603E-1;1,411105E-1;9,657033E-1;;
02/12/2021  12:05:23,092258;9,419453E-1;5,696668E-2;9,308886E-2;9,654604E-1;;
02/12/2021  12:05:23,092358;9,407592E-1;1,165411E-1;1,186794E-1;9,651886E-1;;
02/12/2021  12:05:23,092458;9,406370E-1;1,139925E-1;1,158360E-1;9,648879E-1;;
02/12/2021  12:05:23,092558;9,398740E-1;1,289658E-1;1,404787E-1;9,645581E-1;;
02/12/2021  12:05:23,092658;9,382647E-1;1,203641E-1;1,695444E-1;9,641996E-1;;
02/12/2021  12:05:23,092758;9,365689E-1;1,334259E-1;1,212068E-1;9,638123E-1;;
02/12/2021  12:05:23,092858;9,355436E-1;1,455319E-1;1,471132E-1;9,633963E-1;;
02/12/2021  12:05:23,092958;9,350698E-1;1,257800E-1;1,414265E-1;9,629518E-1;;
02/12/2021  12:05:23,093058;9,341369E-1;1,343816E-1;1,212068E-1;9,624790E-1;;
02/12/2021  12:05:23,093158;9,330193E-1;1,468062E-1;1,398468E-1;9,619780E-1;;
02/12/2021  12:05:23,093258;9,313146E-1;1,127182E-1;1,164678E-1;9,614493E-1;;
02/12/2021  12:05:23,093358;9,306708E-1;7,894870E-2;1,082536E-1;9,608931E-1;;
02/12/2021  12:05:23,093458;9,304414E-1;1,474434E-1;1,420583E-1;9,603099E-1;;
02/12/2021  12:05:23,093558;9,289482E-1;1,302401E-1;1,287892E-1;9,597001E-1;;
02/12/2021  12:05:23,093658;9,281793E-1;6,206396E-2;7,602853E-2;9,590643E-1;;
02/12/2021  12:05:23,093758;9,259471E-1;1,241871E-1;1,423743E-1;9,584032E-1;;
02/12/2021  12:05:23,093858;9,251633E-1;1,327887E-1;1,313166E-1;9,577171E-1;;
02/12/2021  12:05:23,093958;9,254434E-1;1,391603E-1;1,414265E-1;9,570066E-1;;
02/12/2021  12:05:23,094058;9,243019E-1;1,168597E-1;1,133085E-1;9,562725E-1;;
02/12/2021  12:05:23,094158;9,238638E-1;9,201048E-2;9,403666E-2;9,555155E-1;;
02/12/2021  12:05:23,094258;9,224631E-1;1,123996E-1;1,272095E-1;9,547365E-1;;
02/12/2021  12:05:23,094358;9,222724E-1;1,471248E-1;1,420583E-1;9,539364E-1;;
02/12/2021  12:05:23,094458;9,221919E-1;2,001140E-2;8,076751E-2;9,531163E-1;;
02/12/2021  12:05:23,094558;9,214498E-1;1,162226E-1;1,189953E-1;9,522772E-1;;
02/12/2021  12:05:23,094658;9,210028E-1;1,299215E-1;1,313166E-1;9,514206E-1;;
02/12/2021  12:05:23,094758;9,192861E-1;1,362931E-1;1,256299E-1;9,505475E-1;;
02/12/2021  12:05:23,094858;9,191937E-1;1,458505E-1;1,641736E-1;9,496592E-1;;
02/12/2021  12:05:23,094958;9,191371E-1;1,522221E-1;1,259458E-1;9,487571E-1;;
02/12/2021  12:05:23,095058;9,186394E-1;1,203641E-1;1,202590E-1;9,478423E-1;;
02/12/2021  12:05:23,095158;9,181178E-1;1,337445E-1;1,310007E-1;9,469164E-1;;
02/12/2021  12:05:23,095258;9,166783E-1;1,560451E-1;1,641736E-1;9,459806E-1;;
02/12/2021  12:05:23,095358;9,164936E-1;1,076209E-1;1,041465E-1;9,450364E-1;;
02/12/2021  12:05:23,095458;9,161598E-1;1,366117E-1;1,297370E-1;9,440851E-1;;
02/12/2021  12:05:23,095558;9,151167E-1;1,334259E-1;1,259458E-1;9,431278E-1;;
02/12/2021  12:05:23,095658;9,138560E-1;1,394789E-1;1,717559E-1;9,421659E-1;;
02/12/2021  12:05:23,095758;9,129857E-1;1,311958E-1;1,291051E-1;9,412006E-1;;
02/12/2021  12:05:23,095858;9,126698E-1;1,283286E-1;1,240502E-1;9,402327E-1;;
02/12/2021  12:05:23,095958;9,116953E-1;1,630538E-1;1,812339E-1;9,392634E-1;;
02/12/2021  12:05:23,096058;9,112423E-1;1,219570E-1;1,224705E-1;9,382934E-1;;
02/12/2021  12:05:23,096158;9,101485E-1;1,413904E-1;1,461654E-1;9,373238E-1;;
02/12/2021  12:05:23,096258;9,097104E-1;1,388417E-1;1,303688E-1;9,363553E-1;;
02/12/2021  12:05:23,096358;9,099905E-1;1,423461E-1;1,291051E-1;9,353888E-1;;
02/12/2021  12:05:23,096458;9,102170E-1;1,248242E-1;1,313166E-1;9,344251E-1;;
02/12/2021  12:05:23,096558;9,096269E-1;1,404346E-1;1,328963E-1;9,334654E-1;;
02/12/2021  12:05:23,096658;9,089296E-1;1,267357E-1;1,148882E-1;9,325105E-1;;
02/12/2021  12:05:23,096758;9,086673E-1;1,359745E-1;1,809180E-1;9,315614E-1;;
02/12/2021  12:05:23,096858;9,093677E-1;1,455319E-1;1,458495E-1;9,306193E-1;;
02/12/2021  12:05:23,096958;9,096150E-1;1,388417E-1;1,360556E-1;9,296850E-1;;
02/12/2021  12:05:23,097058;9,088431E-1;1,047537E-1;1,145722E-1;9,287598E-1;;
02/12/2021  12:05:23,097158;9,085421E-1;1,060280E-1;1,092014E-1;9,278448E-1;;
02/12/2021  12:05:23,097258;9,089683E-1;1,165411E-1;1,047783E-1;9,269409E-1;;
02/12/2021  12:05:23,097358;9,104972E-1;1,280100E-1;1,442698E-1;9,260494E-1;;
02/12/2021  12:05:23,097458;9,104316E-1;1,057094E-1;1,164678E-1;9,251714E-1;;
02/12/2021  12:05:23,097558;9,105061E-1;1,117624E-1;1,265777E-1;9,243083E-1;;
02/12/2021  12:05:23,097658;9,098266E-1;1,082581E-1;1,174156E-1;9,234613E-1;;
02/12/2021  12:05:23,097758;9,100978E-1;5,346230E-2;5,043804E-2;9,226318E-1;;
02/12/2021  12:05:23,097858;9,109830E-1;1,012493E-1;1,035146E-1;9,218207E-1;;
02/12/2021  12:05:23,097958;9,114837E-1;1,015679E-1;1,098333E-1;9,210291E-1;;
02/12/2021  12:05:23,098058;9,114241E-1;9,806350E-2;1,170997E-1;9,202583E-1;;
02/12/2021  12:05:23,098158;9,115165E-1;1,143111E-1;1,347919E-1;9,195094E-1;;
02/12/2021  12:05:23,098258;9,121364E-1;1,041165E-1;1,161519E-1;9,187834E-1;;
02/12/2021  12:05:23,098358;9,136414E-1;1,152668E-1;1,319485E-1;9,180812E-1;;
02/12/2021  12:05:23,098458;9,137100E-1;6,461260E-2;9,530039E-2;9,174041E-1;;
02/12/2021  12:05:23,098558;9,137338E-1;8,786894E-2;9,719598E-2;9,167530E-1;;
02/12/2021  12:05:23,098658;9,139722E-1;9,328480E-2;1,218387E-1;9,161289E-1;;
02/12/2021  12:05:23,098758;9,153551E-1;9,838208E-2;1,016190E-1;9,155327E-1;;
02/12/2021  12:05:23,098858;9,162015E-1;9,169190E-2;9,340479E-2;9,149654E-1;;
02/12/2021  12:05:23,098958;9,168721E-1;1,025236E-1;1,148882E-1;9,144277E-1;;
02/12/2021  12:05:23,099058;9,172088E-1;1,123996E-1;1,256299E-1;9,139206E-1;;
02/12/2021  12:05:23,099158;9,167797E-1;1,200455E-1;1,370034E-1;9,134449E-1;;
02/12/2021  12:05:23,099258;9,177691E-1;1,267357E-1;1,357397E-1;9,130012E-1;;
02/12/2021  12:05:23,099358;9,189255E-1;1,060280E-1;8,582243E-2;9,125900E-1;;
02/12/2021  12:05:23,099458;9,199298E-1;1,410718E-1;1,588027E-1;9,122118E-1;;
02/12/2021  12:05:23,099558;9,192086E-1;1,601866E-1;1,458495E-1;9,118671E-1;;
02/12/2021  12:05:23,099658;9,193189E-1;1,589123E-1;1,354238E-1;9,115563E-1;;
02/12/2021  12:05:23,099758;9,201027E-1;1,601866E-1;1,512204E-1;9,112793E-1;;
02/12/2021  12:05:23,099858;9,208597E-1;1,076209E-1;1,092014E-1;9,110364E-1;;
02/12/2021  12:05:23,099958;9,215332E-1;1,649653E-1;1,562753E-1;9,108273E-1;;
02/12/2021  12:05:23,100058;9,219356E-1;1,410718E-1;1,493248E-1;9,106520E-1;;
02/12/2021  12:05:23,100158;9,222843E-1;6,365686E-2;8,424277E-2;9,105105E-1;;
02/12/2021  12:05:23,100258;9,232588E-1;3,116170E-2;8,171531E-2;9,104024E-1;;
02/12/2021  12:05:23,100358;9,243049E-1;1,952304E-1;2,166183E-1;9,103275E-1;;
02/12/2021  12:05:23,100458;9,241350E-1;1,474434E-1;1,398468E-1;9,102856E-1;;
02/12/2021  12:05:23,100558;9,243049E-1;1,162226E-1;1,268936E-1;9,102763E-1;;
02/12/2021  12:05:23,100658;9,247460E-1;1,130368E-1;1,133085E-1;9,102990E-1;;
02/12/2021  12:05:23,100758;9,261736E-1;1,187712E-1;1,227865E-1;9,103532E-1;;
02/12/2021  12:05:23,100858;9,270170E-1;1,171783E-1;1,363715E-1;9,104383E-1;;
02/12/2021  12:05:23,100958;9,273508E-1;1,229127E-1;1,272095E-1;9,105537E-1;;
02/12/2021  12:05:23,101058;9,270945E-1;1,235499E-1;1,281573E-1;9,106989E-1;;
02/12/2021  12:05:23,101158;9,275594E-1;1,257800E-1;1,253139E-1;9,108732E-1;;
02/12/2021  12:05:23,101258;9,296516E-1;1,200455E-1;1,199431E-1;9,110757E-1;;
02/12/2021  12:05:23,101358;9,305993E-1;1,423461E-1;1,376353E-1;9,113057E-1;;
02/12/2021  12:05:23,101458;9,313921E-1;1,270543E-1;1,291051E-1;9,115627E-1;;
02/12/2021  12:05:23,101558;9,311507E-1;1,101695E-1;1,189953E-1;9,118462E-1;;
02/12/2021  12:05:23,101658;9,313861E-1;8,340882E-2;1,167838E-1;9,121553E-1;;
02/12/2021  12:05:23,101758;9,334068E-1;1,002936E-1;1,000394E-1;9,124893E-1;;
02/12/2021  12:05:23,101858;9,338806E-1;1,200455E-1;1,202590E-1;9,128476E-1;;
02/12/2021  12:05:23,101958;9,350042E-1;1,066652E-1;1,120448E-1;9,132295E-1;;
02/12/2021  12:05:23,102058;9,354006E-1;1,238685E-1;1,272095E-1;9,136342E-1;;
02/12/2021  12:05:23,102158;9,368132E-1;1,595494E-1;1,622780E-1;9,140613E-1;;
02/12/2021  12:05:23,102258;9,386431E-1;1,235499E-1;1,294210E-1;9,145101E-1;;
02/12/2021  12:05:23,102358;9,393227E-1;1,117624E-1;1,231024E-1;9,149802E-1;;
02/12/2021  12:05:23,102458;9,401035E-1;1,085766E-1;1,234183E-1;9,154712E-1;;
02/12/2021  12:05:23,102558;9,407770E-1;1,595494E-1;1,790224E-1;9,159827E-1;;
02/12/2021  12:05:23,102658;9,422404E-1;1,213198E-1;1,152041E-1;9,165142E-1;;
02/12/2021  12:05:23,102758;9,436203E-1;1,206827E-1;1,212068E-1;9,170654E-1;;
02/12/2021  12:05:23,102858;9,451432E-1;1,069837E-1;1,158360E-1;9,176360E-1;;
02/12/2021  12:05:23,102958;9,458972E-1;1,276914E-1;1,401627E-1;9,182256E-1;;
02/12/2021  12:05:23,103058;9,460224E-1;1,372488E-1;1,423743E-1;9,188342E-1;;
02/12/2021  12:05:23,103158;9,476466E-1;1,251428E-1;1,246821E-1;9,194613E-1;;
02/12/2021  12:05:23,103258;9,491278E-1;1,120810E-1;1,284732E-1;9,201065E-1;;
02/12/2021  12:05:23,103358;9,499146E-1;1,015679E-1;1,133085E-1;9,207697E-1;;
02/12/2021  12:05:23,103458;9,500905E-1;1,343816E-1;1,360556E-1;9,214506E-1;;
02/12/2021  12:05:23,103558;9,504898E-1;1,152668E-1;9,877564E-2;9,221486E-1;;
02/12/2021  12:05:23,103658;9,518667E-1;1,417090E-1;1,411105E-1;9,228633E-1;;
02/12/2021  12:05:23,103758;9,536758E-1;1,143111E-1;1,325804E-1;9,235941E-1;;
02/12/2021  12:05:23,103858;9,539977E-1;1,299215E-1;1,430061E-1;9,243406E-1;;
02/12/2021  12:05:23,103958;9,545729E-1;1,503106E-1;1,534319E-1;9,251023E-1;;
02/12/2021  12:05:23,104058;9,546682E-1;5,537378E-2;7,539667E-2;9,258787E-1;;
02/12/2021  12:05:23,104158;9,564624E-1;1,289658E-1;1,098333E-1;9,266690E-1;;
02/12/2021  12:05:23,104258;9,576426E-1;1,260985E-1;1,196272E-1;9,274726E-1;;
02/12/2021  12:05:23,104358;9,582625E-1;1,334259E-1;1,208909E-1;9,282890E-1;;
02/12/2021  12:05:23,104458;9,580449E-1;1,458505E-1;1,518522E-1;9,291175E-1;;
02/12/2021  12:05:23,104558;9,582684E-1;1,216384E-1;1,234183E-1;9,299575E-1;;
02/12/2021  12:05:23,104658;9,595470E-1;1,219570E-1;1,202590E-1;9,308080E-1;;
02/12/2021  12:05:23,104758;9,606288E-1;1,076209E-1;1,866047E-1;9,316683E-1;;
02/12/2021  12:05:23,104858;9,604351E-1;1,120810E-1;1,104651E-1;9,325373E-1;;
02/12/2021  12:05:23,104958;9,606288E-1;1,219570E-1;1,174156E-1;9,334143E-1;;
02/12/2021  12:05:23,105058;9,610759E-1;1,162226E-1;1,136244E-1;9,342983E-1;;
02/12/2021  12:05:23,105158;9,620832E-1;6,779840E-2;9,940750E-2;9,351881E-1;;
02/12/2021  12:05:23,105258;9,633171E-1;1,369303E-1;1,490088E-1;9,360828E-1;;
02/12/2021  12:05:23,105358;9,634780E-1;1,382046E-1;1,370034E-1;9,369814E-1;;
02/12/2021  12:05:23,105458;9,630429E-1;1,073023E-1;1,079377E-1;9,378831E-1;;
02/12/2021  12:05:23,105558;9,631531E-1;7,321426E-2;9,119327E-2;9,387868E-1;;
02/12/2021  12:05:23,105658;9,640323E-1;1,573194E-1;1,493248E-1;9,396913E-1;;
02/12/2021  12:05:23,105758;9,646522E-1;1,318330E-1;1,303688E-1;9,405956E-1;;
02/12/2021  12:05:23,105858;9,652453E-1;1,289658E-1;1,319485E-1;9,414986E-1;;
02/12/2021  12:05:23,105958;9,644436E-1;1,257800E-1;1,180475E-1;9,423993E-1;;
02/12/2021  12:05:23,106058;9,647416E-1;2,363272E-1;2,140908E-1;9,432966E-1;;
02/12/2021  12:05:23,106158;9,654688E-1;1,267357E-1;1,480610E-1;9,441893E-1;;
02/12/2021  12:05:23,106258;9,660917E-1;1,251428E-1;1,316326E-1;9,450764E-1;;
02/12/2021  12:05:23,106358;9,666490E-1;1,219570E-1;1,221546E-1;9,459569E-1;;
02/12/2021  12:05:23,106458;9,655821E-1;1,184526E-1;1,272095E-1;9,468299E-1;;
02/12/2021  12:05:23,106558;9,651440E-1;1,378860E-1;1,366875E-1;9,476943E-1;;
02/12/2021  12:05:23,106658;9,667235E-1;1,219570E-1;1,101492E-1;9,485489E-1;;
02/12/2021  12:05:23,106758;9,665030E-1;1,382046E-1;1,366875E-1;9,493929E-1;;
02/12/2021  12:05:23,106858;9,664851E-1;1,197269E-1;1,344760E-1;9,502252E-1;;
02/12/2021  12:05:23,106958;9,661036E-1;2,366458E-1;2,106156E-1;9,510450E-1;;
02/12/2021  12:05:23,107058;9,663093E-1;1,350188E-1;1,246821E-1;9,518513E-1;;
02/12/2021  12:05:23,107158;9,669232E-1;1,353374E-1;1,442698E-1;9,526431E-1;;
02/12/2021  12:05:23,107258;9,666580E-1;1,337445E-1;1,366875E-1;9,534197E-1;;
02/12/2021  12:05:23,107358;9,661394E-1;1,433019E-1;1,268936E-1;9,541803E-1;;
02/12/2021  12:05:23,107458;9,648012E-1;1,538150E-1;1,486929E-1;9,549239E-1;;
02/12/2021  12:05:23,107558;9,645777E-1;1,232313E-1;1,294210E-1;9,556498E-1;;
02/12/2021  12:05:23,107658;9,655463E-1;1,210013E-1;1,164678E-1;9,563567E-1;;
02/12/2021  12:05:23,107758;9,653526E-1;1,216384E-1;1,328963E-1;9,570439E-1;;
02/12/2021  12:05:23,107858;9,645241E-1;1,362931E-1;1,262617E-1;9,577105E-1;;
02/12/2021  12:05:23,107958;9,639399E-1;1,391603E-1;1,379512E-1;9,583559E-1;;
02/12/2021  12:05:23,108058;9,643423E-1;1,318330E-1;1,300529E-1;9,589791E-1;;
02/12/2021  12:05:23,108158;9,648877E-1;1,095324E-1;8,740209E-2;9,595795E-1;;
02/12/2021  12:05:23,108258;9,639280E-1;1,245056E-1;9,498445E-2;9,601565E-1;;
02/12/2021  12:05:23,108358;9,635167E-1;1,388417E-1;1,319485E-1;9,607097E-1;;
02/12/2021  12:05:23,108458;9,625660E-1;1,356559E-1;1,294210E-1;9,612385E-1;;
02/12/2021  12:05:23,108558;9,627061E-1;9,392196E-2;6,970989E-2;9,617424E-1;;
02/12/2021  12:05:23,108658;9,632873E-1;1,248242E-1;1,126766E-1;9,622209E-1;;
02/12/2021  12:05:23,108758;9,627627E-1;1,407532E-1;1,322644E-1;9,626736E-1;;
02/12/2021  12:05:23,108858;9,617792E-1;1,397975E-1;1,322644E-1;9,631004E-1;;
02/12/2021  12:05:23,108958;9,616332E-1;1,197269E-1;1,275255E-1;9,635009E-1;;
02/12/2021  12:05:23,109058;9,617226E-1;1,206827E-1;1,474292E-1;9,638751E-1;;
02/12/2021  12:05:23,109158;9,620117E-1;1,595494E-1;1,486929E-1;9,642227E-1;;
02/12/2021  12:05:23,109258;9,610520E-1;1,324701E-1;1,319485E-1;9,645438E-1;;
02/12/2021  12:05:23,109358;9,607123E-1;1,270543E-1;1,351078E-1;9,648385E-1;;
02/12/2021  12:05:23,109458;9,588287E-1;1,327887E-1;1,262617E-1;9,651067E-1;;
02/12/2021  12:05:23,109558;9,592102E-1;1,620981E-1;1,452176E-1;9,653485E-1;;
02/12/2021  12:05:23,109658;9,594337E-1;1,372488E-1;1,480610E-1;9,655637E-1;;
02/12/2021  12:05:23,109758;9,585545E-1;1,417090E-1;1,287892E-1;9,657524E-1;;
02/12/2021  12:05:23,109858;9,572164E-1;1,280100E-1;1,325804E-1;9,659148E-1;;
02/12/2021  12:05:23,109958;9,558365E-1;1,289658E-1;1,401627E-1;9,660509E-1;;
02/12/2021  12:05:23,110058;9,563908E-1;1,206827E-1;1,189953E-1;9,661606E-1;;
02/12/2021  12:05:23,110158;9,562269E-1;1,378860E-1;1,218387E-1;9,662440E-1;;
02/12/2021  12:05:23,110258;9,548351E-1;1,178155E-1;1,180475E-1;9,663011E-1;;
02/12/2021  12:05:23,110358;9,539589E-1;1,085766E-1;1,170997E-1;9,663322E-1;;
02/12/2021  12:05:23,110458;9,531513E-1;2,447152E-2;2,484755E-2;9,663373E-1;;
02/12/2021  12:05:23,110558;9,528741E-1;1,181340E-1;1,133085E-1;9,663165E-1;;
02/12/2021  12:05:23,110658;9,524092E-1;1,006121E-1;1,054102E-1;9,662699E-1;;
02/12/2021  12:05:23,110758;9,512051E-1;1,041165E-1;1,202590E-1;9,661976E-1;;
02/12/2021  12:05:23,110858;9,499653E-1;1,203641E-1;1,249980E-1;9,661000E-1;;
02/12/2021  12:05:23,110958;9,494855E-1;1,063466E-1;1,126766E-1;9,659770E-1;;
02/12/2021  12:05:23,111058;9,494885E-1;8,818752E-2;1,136244E-1;9,658288E-1;;
02/12/2021  12:05:23,111158;9,488745E-1;9,870066E-2;1,050943E-1;9,656557E-1;;
02/12/2021  12:05:23,111258;9,471579E-1;1,130368E-1;1,243661E-1;9,654579E-1;;
02/12/2021  12:05:23,111358;9,457273E-1;1,044351E-1;1,310007E-1;9,652358E-1;;
02/12/2021  12:05:23,111458;9,447408E-1;1,018865E-1;1,066739E-1;9,649895E-1;;
02/12/2021  12:05:23,111558;9,448601E-1;9,264764E-2;1,063580E-1;9,647190E-1;;
02/12/2021  12:05:23,111658;9,439749E-1;9,201048E-2;1,085695E-1;9,644246E-1;;
02/12/2021  12:05:23,111758;9,434027E-1;9,774492E-2;1,126766E-1;9,641066E-1;;
02/12/2021  12:05:23,111858;9,412777E-1;1,082581E-1;1,199431E-1;9,637652E-1;;
02/12/2021  12:05:23,111958;9,410989E-1;1,053908E-1;1,158360E-1;9,634008E-1;;
02/12/2021  12:05:23,112058;9,411704E-1;5,027650E-2;1,186794E-1;9,630136E-1;;
02/12/2021  12:05:23,112158;9,404373E-1;1,260985E-1;1,388990E-1;9,626039E-1;;
02/12/2021  12:05:23,112258;9,393584E-1;1,311958E-1;1,310007E-1;9,621724E-1;;
02/12/2021  12:05:23,112358;9,379547E-1;1,085766E-1;1,013031E-1;9,617196E-1;;
02/12/2021  12:05:23,112458;9,379219E-1;8,340882E-2;8,961361E-2;9,612459E-1;;
02/12/2021  12:05:23,112558;9,383064E-1;1,168597E-1;1,183634E-1;9,607518E-1;;
02/12/2021  12:05:23,112658;9,376149E-1;1,640096E-1;1,442698E-1;9,602382E-1;;
02/12/2021  12:05:23,112758;9,366404E-1;1,662396E-1;1,407946E-1;9,597057E-1;;
02/12/2021  12:05:23,112858;9,361069E-1;1,675139E-1;1,449017E-1;9,591553E-1;;
02/12/2021  12:05:23,112958;9,362529E-1;1,477620E-1;1,133085E-1;9,585879E-1;;
02/12/2021  12:05:23,113058;9,365271E-1;1,742041E-1;1,591187E-1;9,580043E-1;;
02/12/2021  12:05:23,113158;9,356539E-1;1,442576E-1;1,256299E-1;9,574057E-1;;
02/12/2021  12:05:23,113258;9,345780E-1;1,471248E-1;1,417424E-1;9,567932E-1;;
02/12/2021  12:05:23,113358;9,332369E-1;1,413904E-1;1,351078E-1;9,561679E-1;;
02/12/2021  12:05:23,113458;9,334693E-1;1,445762E-1;1,253139E-1;9,555306E-1;;
02/12/2021  12:05:23,113558;9,331773E-1;1,426647E-1;1,325804E-1;9,548824E-1;;
02/12/2021  12:05:23,113658;9,320835E-1;1,114439E-1;1,044624E-1;9,542242E-1;;
02/12/2021  12:05:23,113758;9,312788E-1;1,283286E-1;1,278414E-1;9,535568E-1;;
02/12/2021  12:05:23,113858;9,299913E-1;1,168597E-1;1,215227E-1;9,528813E-1;;
02/12/2021  12:05:23,113958;9,301940E-1;1,210013E-1;1,265777E-1;9,521982E-1;;
02/12/2021  12:05:23,114058;9,301255E-1;1,245056E-1;1,338441E-1;9,515084E-1;;
02/12/2021  12:05:23,114158;9,296873E-1;1,162226E-1;1,142563E-1;9,508127E-1;;
02/12/2021  12:05:23,114258;9,284803E-1;9,933782E-2;9,245700E-2;9,501119E-1;;
02/12/2021  12:05:23,114358;9,271809E-1;5,409946E-2;1,060421E-1;9,494069E-1;;
02/12/2021  12:05:23,114458;9,274968E-1;1,528593E-1;1,505885E-1;9,486984E-1;;
02/12/2021  12:05:23,114558;9,271541E-1;1,002936E-1;1,114129E-1;9,479869E-1;;
02/12/2021  12:05:23,114658;9,265163E-1;1,028422E-1;1,107811E-1;9,472731E-1;;
02/12/2021  12:05:23,114758;9,257802E-1;1,229127E-1;1,215227E-1;9,465578E-1;;
02/12/2021  12:05:23,114858;9,251096E-1;-3,064282E-2;6,023194E-2;9,458416E-1;;
02/12/2021  12:05:23,114958;9,259679E-1;1,407532E-1;1,581709E-1;9,451252E-1;;
02/12/2021  12:05:23,115058;9,256431E-1;1,238685E-1;1,240502E-1;9,444092E-1;;
02/12/2021  12:05:23,115158;9,248920E-1;1,394789E-1;1,537478E-1;9,436944E-1;;
02/12/2021  12:05:23,115258;9,238549E-1;1,245056E-1;1,306848E-1;9,429816E-1;;
02/12/2021  12:05:23,115358;9,232350E-1;1,018865E-1;1,316326E-1;9,422714E-1;;
02/12/2021  12:05:23,115458;9,243258E-1;1,168597E-1;1,016190E-1;9,415644E-1;;
02/12/2021  12:05:23,115558;9,237267E-1;1,031608E-1;1,202590E-1;9,408613E-1;;
02/12/2021  12:05:23,115658;9,233214E-1;1,382046E-1;1,505885E-1;9,401627E-1;;
02/12/2021  12:05:23,115758;9,226926E-1;1,213198E-1;1,218387E-1;9,394694E-1;;
02/12/2021  12:05:23,115858;9,232827E-1;1,302401E-1;1,212068E-1;9,387819E-1;;
02/12/2021  12:05:23,115958;9,236463E-1;1,334259E-1;1,452176E-1;9,381009E-1;;
02/12/2021  12:05:23,116058;9,235479E-1;1,257800E-1;1,291051E-1;9,374273E-1;;
02/12/2021  12:05:23,116158;9,232499E-1;1,241871E-1;1,170997E-1;9,367618E-1;;
02/12/2021  12:05:23,116258;9,231307E-1;1,260985E-1;1,486929E-1;9,361052E-1;;
02/12/2021  12:05:23,116358;9,229489E-1;1,165411E-1;1,186794E-1;9,354582E-1;;
02/12/2021  12:05:23,116458;9,237387E-1;1,057094E-1;1,025668E-1;9,348216E-1;;
02/12/2021  12:05:23,116558;9,244212E-1;1,378860E-1;1,357397E-1;9,341961E-1;;
02/12/2021  12:05:23,116658;9,232946E-1;1,050723E-1;1,063580E-1;9,335826E-1;;
02/12/2021  12:05:23,116758;9,231724E-1;1,276914E-1;1,370034E-1;9,329819E-1;;
02/12/2021  12:05:23,116858;9,240427E-1;1,111253E-1;1,227865E-1;9,323945E-1;;
02/12/2021  12:05:23,116958;9,248920E-1;5,059508E-2;2,705907E-2;9,318213E-1;;
02/12/2021  12:05:23,117058;9,251096E-1;1,388417E-1;1,755471E-1;9,312629E-1;;
02/12/2021  12:05:23,117158;9,245344E-1;1,069837E-1;1,205749E-1;9,307203E-1;;
02/12/2021  12:05:23,117258;9,232529E-1;1,308772E-1;1,284732E-1;9,301940E-1;;
02/12/2021  12:05:23,117358;9,236344E-1;2,383436E-2;6,560278E-2;9,296846E-1;;
02/12/2021  12:05:23,117458;9,237327E-1;1,302401E-1;1,325804E-1;9,291924E-1;;
02/12/2021  12:05:23,117558;9,236850E-1;1,216384E-1;1,259458E-1;9,287176E-1;;
02/12/2021  12:05:23,117658;9,225287E-1;1,165411E-1;1,221546E-1;9,282605E-1;;
02/12/2021  12:05:23,117758;9,219982E-1;1,171783E-1;1,170997E-1;9,278210E-1;;
02/12/2021  12:05:23,117858;9,223260E-1;1,280100E-1;1,515363E-1;9,273991E-1;;
02/12/2021  12:05:23,117958;9,225525E-1;1,362931E-1;1,328963E-1;9,269946E-1;;
02/12/2021  12:05:23,118058;9,214587E-1;1,168597E-1;1,177316E-1;9,266072E-1;;
02/12/2021  12:05:23,118158;9,209253E-1;1,219570E-1;1,373193E-1;9,262367E-1;;
02/12/2021  12:05:23,118258;9,203829E-1;1,184526E-1;1,234183E-1;9,258826E-1;;
02/12/2021  12:05:23,118358;9,206481E-1;1,203641E-1;1,234183E-1;9,255444E-1;;
02/12/2021  12:05:23,118458;9,211726E-1;1,117624E-1;1,379512E-1;9,252215E-1;;
02/12/2021  12:05:23,118558;9,200520E-1;1,251428E-1;1,231024E-1;9,249135E-1;;
02/12/2021  12:05:23,118658;9,196706E-1;1,407532E-1;1,502726E-1;9,246197E-1;;
02/12/2021  12:05:23,118758;9,196765E-1;1,025236E-1;1,186794E-1;9,243396E-1;;
02/12/2021  12:05:23,118858;9,196467E-1;1,155854E-1;1,082536E-1;9,240726E-1;;
02/12/2021  12:05:23,118958;9,205497E-1;1,190898E-1;1,249980E-1;9,238179E-1;;
02/12/2021  12:05:23,119058;9,203411E-1;1,254614E-1;1,287892E-1;9,235753E-1;;
02/12/2021  12:05:23,119158;9,190775E-1;1,327887E-1;1,338441E-1;9,233442E-1;;
02/12/2021  12:05:23,119258;9,187079E-1;1,404346E-1;1,458495E-1;9,231240E-1;;
02/12/2021  12:05:23,119358;9,194381E-1;1,232313E-1;1,455336E-1;9,229143E-1;;
02/12/2021  12:05:23,119458;9,195215E-1;9,806350E-2;1,101492E-1;9,227143E-1;;
02/12/2021  12:05:23,119558;9,195961E-1;1,331073E-1;1,363715E-1;9,225237E-1;;
02/12/2021  12:05:23,119658;9,188301E-1;1,315144E-1;1,174156E-1;9,223420E-1;;
02/12/2021  12:05:23,119758;9,188867E-1;1,229127E-1;1,300529E-1;9,221687E-1;;
02/12/2021  12:05:23,119858;9,205825E-1;1,108067E-1;1,224705E-1;9,220035E-1;;
02/12/2021  12:05:23,119958;9,207912E-1;1,146297E-1;1,253139E-1;9,218460E-1;;
02/12/2021  12:05:23,120058;9,203352E-1;1,417090E-1;1,420583E-1;9,216961E-1;;
02/12/2021  12:05:23,120158;9,206153E-1;1,063466E-1;1,136244E-1;9,215539E-1;;
02/12/2021  12:05:23,120258;9,206004E-1;1,041165E-1;9,245700E-2;9,214191E-1;;
02/12/2021  12:05:23,120358;9,215392E-1;1,050723E-1;1,098333E-1;9,212917E-1;;
02/12/2021  12:05:23,120458;9,224691E-1;1,292843E-1;1,338441E-1;9,211718E-1;;
02/12/2021  12:05:23,120558;9,217657E-1;1,216384E-1;1,319485E-1;9,210595E-1;;
02/12/2021  12:05:23,120658;9,217210E-1;1,114439E-1;1,215227E-1;9,209549E-1;;
02/12/2021  12:05:23,120758;9,227641E-1;1,168597E-1;1,196272E-1;9,208582E-1;;
02/12/2021  12:05:23,120858;9,240099E-1;1,174969E-1;1,278414E-1;9,207694E-1;;
02/12/2021  12:05:23,120958;9,240397E-1;1,210013E-1;1,278414E-1;9,206888E-1;;
02/12/2021  12:05:23,121058;9,247579E-1;1,130368E-1;1,152041E-1;9,206169E-1;;
02/12/2021  12:05:23,121158;9,235151E-1;8,277166E-2;7,729226E-2;9,205539E-1;;
02/12/2021  12:05:23,121258;9,245344E-1;1,229127E-1;1,294210E-1;9,205002E-1;;
02/12/2021  12:05:23,121358;9,253152E-1;1,671954E-1;1,739675E-1;9,204559E-1;;
02/12/2021  12:05:23,121458;9,249338E-1;1,773899E-1;1,708081E-1;9,204211E-1;;
02/12/2021  12:05:23,121558;9,249218E-1;1,063466E-1;1,057261E-1;9,203963E-1;;
02/12/2021  12:05:23,121658;9,247997E-1;1,139925E-1;1,205749E-1;9,203813E-1;;
02/12/2021  12:05:23,121758;9,254464E-1;3,721472E-2;6,370719E-2;9,203762E-1;;
02/12/2021  12:05:23,121858;9,268501E-1;1,225942E-1;1,129926E-1;9,203810E-1;;
02/12/2021  12:05:23,121958;9,263882E-1;1,031608E-1;9,277293E-2;9,203958E-1;;
02/12/2021  12:05:23,122058;9,264984E-1;1,213198E-1;1,234183E-1;9,204208E-1;;
02/12/2021  12:05:23,122158;9,266176E-1;1,273729E-1;1,347919E-1;9,204560E-1;;
02/12/2021  12:05:23,122258;9,271899E-1;1,076209E-1;9,593225E-2;9,205014E-1;;
02/12/2021  12:05:23,122358;9,276727E-1;1,181340E-1;1,164678E-1;9,205569E-1;;
02/12/2021  12:05:23,122458;9,273866E-1;7,544432E-2;8,740209E-2;9,206224E-1;;
02/12/2021  12:05:23,122558;9,274134E-1;1,241871E-1;1,221546E-1;9,206981E-1;;
02/12/2021  12:05:23,122658;9,277889E-1;1,366117E-1;1,259458E-1;9,207836E-1;;
02/12/2021  12:05:23,122758;9,285608E-1;1,401161E-1;1,338441E-1;9,208788E-1;;
02/12/2021  12:05:23,122858;9,292731E-1;1,372488E-1;1,537478E-1;9,209836E-1;;
02/12/2021  12:05:23,122958;9,293476E-1;1,069837E-1;1,186794E-1;9,210979E-1;;
02/12/2021  12:05:23,123058;9,289155E-1;1,155854E-1;1,038306E-1;9,212216E-1;;
02/12/2021  12:05:23,123158;9,287068E-1;9,647060E-2;1,351078E-1;9,213545E-1;;
02/12/2021  12:05:23,123258;9,300003E-1;1,057094E-1;1,170997E-1;9,214965E-1;;
02/12/2021  12:05:23,123358;9,302745E-1;1,060280E-1;1,189953E-1;9,216471E-1;;
02/12/2021  12:05:23,123458;9,305099E-1;1,174969E-1;1,155200E-1;9,218063E-1;;
02/12/2021  12:05:23,123558;9,304682E-1;1,197269E-1;1,133085E-1;9,219739E-1;;
02/12/2021  12:05:23,123658;9,307483E-1;8,309024E-2;5,865227E-2;9,221496E-1;;
02/12/2021  12:05:23,123758;9,322444E-1;1,267357E-1;1,509044E-1;9,223332E-1;;
02/12/2021  12:05:23,123858;9,330253E-1;9,647060E-2;1,193112E-1;9,225246E-1;;
02/12/2021  12:05:23,123958;9,332697E-1;1,117624E-1;1,354238E-1;9,227238E-1;;
02/12/2021  12:05:23,124058;9,335826E-1;1,002936E-1;1,107811E-1;9,229308E-1;;
02/12/2021  12:05:23,124158;9,335677E-1;6,811698E-2;7,571260E-2;9,231456E-1;;
02/12/2021  12:05:23,124258;9,348343E-1;5,027650E-2;6,370719E-2;9,233683E-1;;
02/12/2021  12:05:23,124358;9,355883E-1;9,487770E-2;1,199431E-1;9,235987E-1;;
02/12/2021  12:05:23,124458;9,358268E-1;1,095324E-1;1,284732E-1;9,238371E-1;;
02/12/2021  12:05:23,124558;9,360682E-1;9,296622E-2;1,069899E-1;9,240834E-1;;
02/12/2021  12:05:23,124658;9,367030E-1;6,875414E-2;8,992954E-2;9,243376E-1;;
02/12/2021  12:05:23,124758;9,383779E-1;1,092138E-1;1,388990E-1;9,246000E-1;;
02/12/2021  12:05:23,124858;9,388398E-1;1,114439E-1;1,256299E-1;9,248705E-1;;
02/12/2021  12:05:23,124958;9,386104E-1;1,187712E-1;1,114129E-1;9,251494E-1;;
02/12/2021  12:05:23,125058;9,382676E-1;9,201048E-2;1,246821E-1;9,254368E-1;;
02/12/2021  12:05:23,125158;9,387057E-1;1,216384E-1;1,363715E-1;9,257327E-1;;
02/12/2021  12:05:23,125258;9,399068E-1;1,006121E-1;1,183634E-1;9,260369E-1;;
02/12/2021  12:05:23,125358;9,398144E-1;1,347002E-1;1,306848E-1;9,263493E-1;;
02/12/2021  12:05:23,125458;9,402018E-1;1,404346E-1;1,272095E-1;9,266698E-1;;
02/12/2021  12:05:23,125558;9,400856E-1;2,111594E-1;1,670170E-1;9,269981E-1;;
02/12/2021  12:05:23,125658;9,408903E-1;2,022392E-1;1,685966E-1;9,273341E-1;;
02/12/2021  12:05:23,125758;9,424669E-1;6,970988E-2;8,297904E-2;9,276775E-1;;
02/12/2021  12:05:23,125858;9,420616E-1;1,745227E-1;1,098333E-1;9,280281E-1;;
02/12/2021  12:05:23,125958;9,427798E-1;1,627352E-1;1,531159E-1;9,283858E-1;;
02/12/2021  12:05:23,126058;9,421748E-1;1,496735E-1;1,423743E-1;9,287505E-1;;
02/12/2021  12:05:23,126158;9,432835E-1;1,245056E-1;1,347919E-1;9,291219E-1;;
02/12/2021  12:05:23,126258;9,442133E-1;1,356559E-1;1,512204E-1;9,294996E-1;;
02/12/2021  12:05:23,126358;9,445888E-1;1,350188E-1;1,275255E-1;9,298835E-1;;
02/12/2021  12:05:23,126458;9,444935E-1;1,127182E-1;1,202590E-1;9,302734E-1;;
02/12/2021  12:05:23,126558;9,447796E-1;1,362931E-1;1,316326E-1;9,306690E-1;;
02/12/2021  12:05:23,126658;9,456260E-1;8,117876E-2;1,215227E-1;9,310701E-1;;
02/12/2021  12:05:23,126758;9,466691E-1;1,292843E-1;1,325804E-1;9,314765E-1;;
02/12/2021  12:05:23,126858;9,467525E-1;1,174969E-1;1,221546E-1;9,318879E-1;;
02/12/2021  12:05:23,126958;9,470059E-1;1,280100E-1;1,398468E-1;9,323041E-1;;
02/12/2021  12:05:23,127058;9,467049E-1;1,461691E-1;1,388990E-1;9,327250E-1;;
02/12/2021  12:05:23,127158;9,473337E-1;1,146297E-1;1,193112E-1;9,331502E-1;;
02/12/2021  12:05:23,127258;9,481384E-1;1,299215E-1;1,344760E-1;9,335794E-1;;
02/12/2021  12:05:23,127358;9,486123E-1;1,417090E-1;1,338441E-1;9,340122E-1;;
02/12/2021  12:05:23,127458;9,482546E-1;1,372488E-1;1,426902E-1;9,344485E-1;;
02/12/2021  12:05:23,127558;9,486152E-1;1,270543E-1;1,313166E-1;9,348878E-1;;
02/12/2021  12:05:23,127658;9,497299E-1;1,114439E-1;1,073058E-1;9,353298E-1;;
02/12/2021  12:05:23,127758;9,508385E-1;1,417090E-1;1,385831E-1;9,357741E-1;;
02/12/2021  12:05:23,127858;9,509369E-1;1,165411E-1;1,246821E-1;9,362207E-1;;
02/12/2021  12:05:23,127958;9,515985E-1;1,375674E-1;1,322644E-1;9,366695E-1;;
02/12/2021  12:05:23,128058;9,519562E-1;1,120810E-1;9,466852E-2;9,371202E-1;;
02/12/2021  12:05:23,128158;9,529873E-1;1,423461E-1;1,755471E-1;9,375727E-1;;
02/12/2021  12:05:23,128258;9,537145E-1;1,241871E-1;1,272095E-1;9,380272E-1;;
02/12/2021  12:05:23,128358;9,543583E-1;1,299215E-1;1,287892E-1;9,384835E-1;;
02/12/2021  12:05:23,128458;9,539202E-1;1,347002E-1;1,332122E-1;9,389417E-1;;
02/12/2021  12:05:23,128558;9,545788E-1;1,120810E-1;1,161519E-1;9,394018E-1;;
02/12/2021  12:05:23,128658;9,563372E-1;1,260985E-1;1,357397E-1;9,398638E-1;;
02/12/2021  12:05:23,128758;9,569482E-1;1,356559E-1;1,341600E-1;9,403276E-1;;
02/12/2021  12:05:23,128858;9,564773E-1;1,362931E-1;1,370034E-1;9,407934E-1;;
02/12/2021  12:05:23,128958;9,564594E-1;1,222756E-1;1,268936E-1;9,412612E-1;;
02/12/2021  12:05:23,129058;9,567008E-1;1,327887E-1;1,253139E-1;9,417311E-1;;
02/12/2021  12:05:23,129158;9,580538E-1;1,566822E-1;1,467973E-1;9,422027E-1;;
02/12/2021  12:05:23,129258;9,584145E-1;1,184526E-1;1,221546E-1;9,426760E-1;;
02/12/2021  12:05:23,129358;9,585068E-1;1,241871E-1;1,275255E-1;9,431510E-1;;
02/12/2021  12:05:23,129458;9,584443E-1;6,015248E-2;1,205749E-1;9,436274E-1;;
02/12/2021  12:05:23,129558;9,591744E-1;1,429833E-1;1,411105E-1;9,441053E-1;;
02/12/2021  12:05:23,129658;9,604500E-1;1,264171E-1;1,414265E-1;9,445842E-1;;
02/12/2021  12:05:23,129758;9,605960E-1;1,420275E-1;1,338441E-1;9,450643E-1;;
02/12/2021  12:05:23,129858;9,609388E-1;1,401161E-1;1,351078E-1;9,455453E-1;;
02/12/2021  12:05:23,129958;9,607719E-1;1,123996E-1;1,186794E-1;9,460273E-1;;
02/12/2021  12:05:23,130058;9,613799E-1;1,353374E-1;1,376353E-1;9,465100E-1;;
02/12/2021  12:05:23,130158;9,628015E-1;1,267357E-1;1,926074E-1;9,469932E-1;;
02/12/2021  12:05:23,130258;9,625928E-1;1,190898E-1;1,253139E-1;9,474770E-1;;
02/12/2021  12:05:23,130358;9,626793E-1;1,264171E-1;1,243661E-1;9,479612E-1;;
02/12/2021  12:05:23,130458;9,628074E-1;1,445762E-1;1,373193E-1;9,484456E-1;;
02/12/2021  12:05:23,130558;9,635674E-1;1,490363E-1;1,442698E-1;9,489300E-1;;
02/12/2021  12:05:23,130658;9,646791E-1;1,108067E-1;1,041465E-1;9,494143E-1;;
02/12/2021  12:05:23,130758;9,643661E-1;6,461260E-2;8,677022E-2;9,498983E-1;;
02/12/2021  12:05:23,130858;9,639399E-1;1,273729E-1;1,313166E-1;9,503820E-1;;
02/12/2021  12:05:23,130958;9,644585E-1;1,397975E-1;1,363715E-1;9,508649E-1;;
02/12/2021  12:05:23,131058;9,653437E-1;7,034704E-2;5,296550E-2;9,513469E-1;;
02/12/2021  12:05:23,131158;9,653347E-1;1,276914E-1;1,167838E-1;9,518277E-1;;
02/12/2021  12:05:23,131258;9,649562E-1;1,382046E-1;1,376353E-1;9,523069E-1;;
02/12/2021  12:05:23,131358;9,650397E-1;1,366117E-1;1,354238E-1;9,527844E-1;;
02/12/2021  12:05:23,131458;9,649830E-1;1,254614E-1;1,243661E-1;9,532597E-1;;
02/12/2021  12:05:23,131558;9,652393E-1;4,932076E-2;9,372073E-2;9,537323E-1;;
02/12/2021  12:05:23,131658;9,655016E-1;1,235499E-1;1,449017E-1;9,542017E-1;;
02/12/2021  12:05:23,131758;9,656208E-1;1,429833E-1;1,351078E-1;9,546675E-1;;
02/12/2021  12:05:23,131858;9,644227E-1;1,385232E-1;1,388990E-1;9,551292E-1;;
02/12/2021  12:05:23,131958;9,644108E-1;1,203641E-1;1,667010E-1;9,555862E-1;;
02/12/2021  12:05:23,132058;9,646343E-1;1,254614E-1;1,486929E-1;9,560379E-1;;
02/12/2021  12:05:23,132158;9,641694E-1;1,366117E-1;1,411105E-1;9,564835E-1;;
02/12/2021  12:05:23,132258;9,642082E-1;1,292843E-1;1,284732E-1;9,569224E-1;;
02/12/2021  12:05:23,132358;9,636628E-1;1,168597E-1;1,287892E-1;9,573538E-1;;
02/12/2021  12:05:23,132458;9,633618E-1;6,142680E-2;1,597505E-1;9,577770E-1;;
02/12/2021  12:05:23,132558;9,645479E-1;1,417090E-1;1,569071E-1;9,581912E-1;;
02/12/2021  12:05:23,132658;9,644645E-1;1,206827E-1;1,360556E-1;9,585958E-1;;
02/12/2021  12:05:23,132758;9,638624E-1;1,200455E-1;1,183634E-1;9,589904E-1;;
02/12/2021  12:05:23,132858;9,634690E-1;1,283286E-1;1,212068E-1;9,593745E-1;;
02/12/2021  12:05:23,132958;9,632545E-1;1,229127E-1;1,054102E-1;9,597474E-1;;
02/12/2021  12:05:23,133058;9,636836E-1;1,366117E-1;1,360556E-1;9,601086E-1;;
02/12/2021  12:05:23,133158;9,636032E-1;1,270543E-1;1,227865E-1;9,604578E-1;;
02/12/2021  12:05:23,133258;9,636538E-1;1,570008E-1;1,524841E-1;9,607944E-1;;
02/12/2021  12:05:23,133358;9,631949E-1;1,366117E-1;1,354238E-1;9,611182E-1;;
02/12/2021  12:05:23,133458;9,624677E-1;1,308772E-1;1,325804E-1;9,614288E-1;;
02/12/2021  12:05:23,133558;9,631889E-1;1,557265E-1;1,464814E-1;9,617259E-1;;
02/12/2021  12:05:23,133658;9,634571E-1;1,305587E-1;1,328963E-1;9,620092E-1;;
02/12/2021  12:05:23,133758;9,624557E-1;1,139925E-1;1,272095E-1;9,622785E-1;;
02/12/2021  12:05:23,133858;9,620534E-1;6,238254E-2;8,455870E-2;9,625336E-1;;
02/12/2021  12:05:23,133958;9,617524E-1;1,589123E-1;1,692285E-1;9,627743E-1;;
02/12/2021  12:05:23,134058;9,617762E-1;1,139925E-1;1,095173E-1;9,630003E-1;;
02/12/2021  12:05:23,134158;9,609954E-1;1,229127E-1;1,098333E-1;9,632115E-1;;
02/12/2021  12:05:23,134258;9,612934E-1;1,127182E-1;1,224705E-1;9,634076E-1;;
02/12/2021  12:05:23,134358;9,604023E-1;9,328480E-2;1,158360E-1;9,635884E-1;;
02/12/2021  12:05:23,134458;9,603368E-1;1,382046E-1;1,335282E-1;9,637539E-1;;
02/12/2021  12:05:23,134558;9,607480E-1;1,098510E-1;8,297904E-2;9,639037E-1;;
02/12/2021  12:05:23,134658;9,598748E-1;1,391603E-1;2,052447E-1;9,640379E-1;;
02/12/2021  12:05:23,134758;9,595887E-1;1,372488E-1;1,351078E-1;9,641565E-1;;
02/12/2021  12:05:23,134858;9,583012E-1;1,162226E-1;1,073058E-1;9,642594E-1;;
02/12/2021  12:05:23,134958;9,574310E-1;1,210013E-1;1,003553E-1;9,643464E-1;;
02/12/2021  12:05:23,135058;9,577558E-1;7,831154E-2;7,444887E-2;9,644173E-1;;
02/12/2021  12:05:23,135158;9,568200E-1;1,296029E-1;1,319485E-1;9,644719E-1;;
02/12/2021  12:05:23,135258;9,553567E-1;1,375674E-1;1,363715E-1;9,645100E-1;;
02/12/2021  12:05:23,135358;9,537324E-1;1,347002E-1;1,310007E-1;9,645313E-1;;
02/12/2021  12:05:23,135458;9,535208E-1;1,417090E-1;1,313166E-1;9,645353E-1;;
02/12/2021  12:05:23,135558;9,527459E-1;1,248242E-1;1,158360E-1;9,645215E-1;;
02/12/2021  12:05:23,135658;9,516671E-1;1,171783E-1;9,593225E-2;9,644895E-1;;
02/12/2021  12:05:23,135758;9,488000E-1;1,547707E-1;1,436380E-1;9,644386E-1;;
02/12/2021  12:05:23,135858;9,480579E-1;1,327887E-1;1,366875E-1;9,643683E-1;;
02/12/2021  12:05:23,135958;9,474887E-1;1,299215E-1;1,294210E-1;9,642776E-1;;
02/12/2021  12:05:23,136058;9,464784E-1;1,331073E-1;1,625939E-1;9,641658E-1;;
02/12/2021  12:05:23,136158;9,455336E-1;1,270543E-1;1,278414E-1;9,640321E-1;;
02/12/2021  12:05:23,136258;9,444100E-1;1,063466E-1;1,142563E-1;9,638760E-1;;
02/12/2021  12:05:23,136358;9,432656E-1;1,407532E-1;1,338441E-1;9,636968E-1;;
02/12/2021  12:05:23,136458;9,431106E-1;1,232313E-1;1,376353E-1;9,634938E-1;;
02/12/2021  12:05:23,136558;9,423655E-1;1,088952E-1;1,231024E-1;9,632668E-1;;
02/12/2021  12:05:23,136658;9,413403E-1;1,041165E-1;1,177316E-1;9,630154E-1;;
02/12/2021  12:05:23,136758;9,399873E-1;1,034794E-1;1,126766E-1;9,627393E-1;;
02/12/2021  12:05:23,136858;9,390157E-1;5,027650E-2;8,203124E-2;9,624383E-1;;
02/12/2021  12:05:23,136958;9,389293E-1;9,870066E-2;1,107811E-1;9,621123E-1;;
02/12/2021  12:05:23,137058;9,376626E-1;1,034794E-1;1,161519E-1;9,617611E-1;;
02/12/2021  12:05:23,137158;9,374749E-1;1,015679E-1;1,164678E-1;9,613849E-1;;
02/12/2021  12:05:23,137258;9,360205E-1;8,595746E-2;1,003553E-1;9,609838E-1;;
02/12/2021  12:05:23,137358;9,347390E-1;9,774492E-2;1,212068E-1;9,605580E-1;;
02/12/2021  12:05:23,137458;9,351353E-1;9,583344E-2;1,152041E-1;9,601077E-1;;
02/12/2021  12:05:23,137558;9,348761E-1;9,137332E-2;1,110970E-1;9,596332E-1;;
02/12/2021  12:05:23,137658;9,341727E-1;9,328480E-2;1,310007E-1;9,591351E-1;;
02/12/2021  12:05:23,137758;9,327541E-1;9,774492E-2;1,110970E-1;9,586140E-1;;
02/12/2021  12:05:23,137858;9,317050E-1;9,933782E-2;1,142563E-1;9,580706E-1;;
02/12/2021  12:05:23,137958;9,324620E-1;1,095324E-1;1,215227E-1;9,575056E-1;;
02/12/2021  12:05:23,138058;9,328882E-1;1,127182E-1;1,281573E-1;9,569196E-1;;
02/12/2021  12:05:23,138158;9,325246E-1;1,270543E-1;1,417424E-1;9,563139E-1;;
02/12/2021  12:05:23,138258;9,313593E-1;1,276914E-1;1,461654E-1;9,556895E-1;;
02/12/2021  12:05:23,138358;9,313593E-1;1,640096E-1;1,783905E-1;9,550477E-1;;
02/12/2021  12:05:23,138458;9,324292E-1;8,468314E-2;1,098333E-1;9,543899E-1;;
02/12/2021  12:05:23,138558;9,324084E-1;1,534964E-1;1,417424E-1;9,537175E-1;;
02/12/2021  12:05:23,138658;9,320388E-1;1,439390E-1;1,022509E-1;9,530320E-1;;
02/12/2021  12:05:23,138758;9,308288E-1;1,493549E-1;1,499566E-1;9,523352E-1;;
02/12/2021  12:05:23,138858;9,300688E-1;1,560451E-1;1,455336E-1;9,516285E-1;;
02/12/2021  12:05:23,138958;9,301523E-1;1,280100E-1;1,344760E-1;9,509135E-1;;
02/12/2021  12:05:23,139058;9,296814E-1;7,353284E-2;1,076217E-1;9,501915E-1;;
02/12/2021  12:05:23,139158;9,292820E-1;9,073616E-2;9,940750E-2;9,494638E-1;;
02/12/2021  12:05:23,139258;9,275237E-1;1,238685E-1;1,281573E-1;9,487318E-1;;
02/12/2021  12:05:23,139358;9,278366E-1;7,257710E-2;6,370719E-2;9,479965E-1;;
02/12/2021  12:05:23,139458;9,281346E-1;1,213198E-1;1,193112E-1;9,472591E-1;;
02/12/2021  12:05:23,139558;9,278872E-1;1,366117E-1;1,224705E-1;9,465206E-1;;
02/12/2021  12:05:23,139658;9,277323E-1;1,474434E-1;1,433221E-1;9,457823E-1;;
02/12/2021  12:05:23,139758;9,266176E-1;1,079395E-1;1,148882E-1;9,450454E-1;;
02/12/2021  12:05:23,139858;9,265372E-1;1,152668E-1;1,158360E-1;9,443108E-1;;
02/12/2021  12:05:23,139958;9,270736E-1;1,162226E-1;1,142563E-1;9,435795E-1;;
02/12/2021  12:05:23,140058;9,266534E-1;1,289658E-1;1,319485E-1;9,428527E-1;;
02/12/2021  12:05:23,140158;9,267726E-1;1,053908E-1;1,142563E-1;9,421313E-1;;
02/12/2021  12:05:23,140258;9,260901E-1;5,537378E-2;6,813023E-2;9,414164E-1;;
02/12/2021  12:05:23,140358;9,264537E-1;1,299215E-1;1,272095E-1;9,407090E-1;;
02/12/2021  12:05:23,140458;9,262272E-1;1,276914E-1;1,603824E-1;9,400099E-1;;
02/12/2021  12:05:23,140558;9,270379E-1;1,276914E-1;1,174156E-1;9,393201E-1;;
02/12/2021  12:05:23,140658;9,259858E-1;1,123996E-1;1,635417E-1;9,386406E-1;;
02/12/2021  12:05:23,140758;9,249338E-1;1,085766E-1;1,951349E-1;9,379722E-1;;
02/12/2021  12:05:23,140858;9,250142E-1;1,455319E-1;1,638576E-1;9,373156E-1;;
02/12/2021  12:05:23,140958;9,248801E-1;1,394789E-1;1,398468E-1;9,366714E-1;;
02/12/2021  12:05:23,141058;9,249934E-1;1,366117E-1;1,325804E-1;9,360401E-1;;
02/12/2021  12:05:23,141158;9,242036E-1;1,123996E-1;1,202590E-1;9,354222E-1;;
02/12/2021  12:05:23,141258;9,231635E-1;1,222756E-1;1,253139E-1;9,348179E-1;;
02/12/2021  12:05:23,141358;9,237834E-1;1,388417E-1;1,629098E-1;9,342277E-1;;
02/12/2021  12:05:23,141458;9,240516E-1;1,178155E-1;1,316326E-1;9,336516E-1;;
02/12/2021  12:05:23,141558;9,241172E-1;1,104881E-1;1,189953E-1;9,330899E-1;;
02/12/2021  12:05:23,141658;9,234913E-1;9,615202E-2;7,855599E-2;9,325429E-1;;
02/12/2021  12:05:23,141758;9,227582E-1;1,487177E-1;1,521681E-1;9,320108E-1;;
02/12/2021  12:05:23,141858;9,235032E-1;1,203641E-1;1,227865E-1;9,314937E-1;;
02/12/2021  12:05:23,141958;9,240188E-1;1,461691E-1;1,433221E-1;9,309917E-1;;
02/12/2021  12:05:23,142058;9,246149E-1;1,235499E-1;1,234183E-1;9,305049E-1;;
02/12/2021  12:05:23,142158;9,240486E-1;1,260985E-1;1,278414E-1;9,300337E-1;;
02/12/2021  12:05:23,142258;9,244212E-1;1,382046E-1;1,467973E-1;9,295783E-1;;
02/12/2021  12:05:23,142358;9,253927E-1;1,044351E-1;1,161519E-1;9,291389E-1;;
02/12/2021  12:05:23,142458;9,262958E-1;1,260985E-1;1,221546E-1;9,287160E-1;;
02/12/2021  12:05:23,142558;9,261974E-1;1,101695E-1;1,221546E-1;9,283099E-1;;
02/12/2021  12:05:23,142658;9,259650E-1;1,222756E-1;1,202590E-1;9,279212E-1;;
02/12/2021  12:05:23,142758;9,258964E-1;1,426647E-1;1,401627E-1;9,275501E-1;;
02/12/2021  12:05:23,142858;9,267935E-1;3,434750E-2;1,028828E-1;9,271970E-1;;
02/12/2021  12:05:23,142958;9,269514E-1;1,025236E-1;1,158360E-1;9,268622E-1;;
02/12/2021  12:05:23,143058;9,275624E-1;1,241871E-1;1,306848E-1;9,265458E-1;;
02/12/2021  12:05:23,143158;9,273627E-1;8,468314E-2;1,291051E-1;9,262483E-1;;
02/12/2021  12:05:23,143258;9,276160E-1;1,037979E-1;1,117289E-1;9,259697E-1;;
02/12/2021  12:05:23,143358;9,287098E-1;8,022302E-2;7,697633E-2;9,257104E-1;;
02/12/2021  12:05:23,143458;9,294847E-1;1,401161E-1;1,373193E-1;9,254704E-1;;
02/12/2021  12:05:23,143558;9,296486E-1;1,327887E-1;1,253139E-1;9,252502E-1;;
02/12/2021  12:05:23,143658;9,286889E-1;1,299215E-1;1,278414E-1;9,250499E-1;;
02/12/2021  12:05:23,143758;9,301404E-1;1,031608E-1;8,519056E-2;9,248696E-1;;
02/12/2021  12:05:23,143858;9,313265E-1;1,280100E-1;1,360556E-1;9,247095E-1;;
02/12/2021  12:05:23,143958;9,319345E-1;1,108067E-1;1,174156E-1;9,245696E-1;;
02/12/2021  12:05:23,144058;9,324560E-1;1,273729E-1;1,294210E-1;9,244503E-1;;
02/12/2021  12:05:23,144158;9,320358E-1;1,340630E-1;1,300529E-1;9,243517E-1;;
02/12/2021  12:05:23,144258;9,335439E-1;1,436204E-1;1,515363E-1;9,242740E-1;;
02/12/2021  12:05:23,144358;9,346794E-1;1,299215E-1;1,284732E-1;9,242173E-1;;
02/12/2021  12:05:23,144458;9,360562E-1;1,098510E-1;9,182514E-2;9,241819E-1;;
02/12/2021  12:05:23,144558;9,360682E-1;1,331073E-1;1,360556E-1;9,241681E-1;;
02/12/2021  12:05:23,144658;9,356032E-1;1,181340E-1;1,227865E-1;9,241762E-1;;
02/12/2021  12:05:23,144758;9,365957E-1;1,305587E-1;1,300529E-1;9,242062E-1;;
02/12/2021  12:05:23,144858;9,368758E-1;1,397975E-1;1,606983E-1;9,242581E-1;;
02/12/2021  12:05:23,144958;9,376477E-1;9,328480E-2;1,000394E-1;9,243319E-1;;
02/12/2021  12:05:23,145058;9,373735E-1;1,165411E-1;1,218387E-1;9,244275E-1;;
02/12/2021  12:05:23,145158;9,367805E-1;1,174969E-1;1,227865E-1;9,245446E-1;;
02/12/2021  12:05:23,145258;9,380888E-1;1,410718E-1;1,411105E-1;9,246827E-1;;
02/12/2021  12:05:23,145358;9,392511E-1;1,165411E-1;1,259458E-1;9,248414E-1;;
02/12/2021  12:05:23,145458;9,393882E-1;1,327887E-1;1,316326E-1;9,250204E-1;;
02/12/2021  12:05:23,145558;9,386938E-1;1,264171E-1;1,338441E-1;9,252191E-1;;
02/12/2021  12:05:23,145658;9,386730E-1;1,350188E-1;1,341600E-1;9,254370E-1;;
02/12/2021  12:05:23,145758;9,395998E-1;1,598680E-1;1,878685E-1;9,256734E-1;;
02/12/2021  12:05:23,145858;9,406996E-1;1,327887E-1;1,297370E-1;9,259276E-1;;
02/12/2021  12:05:23,145958;9,407919E-1;1,436204E-1;1,420583E-1;9,261989E-1;;
02/12/2021  12:05:23,146058;9,412718E-1;5,155082E-2;8,898175E-2;9,264866E-1;;
02/12/2021  12:05:23,146158;9,411824E-1;1,356559E-1;1,240502E-1;9,267901E-1;;
02/12/2021  12:05:23,146258;9,423655E-1;1,267357E-1;1,256299E-1;9,271088E-1;;
02/12/2021  12:05:23,146358;9,424788E-1;1,264171E-1;1,275255E-1;9,274418E-1;;
02/12/2021  12:05:23,146458;9,422553E-1;1,248242E-1;1,426902E-1;9,277886E-1;;
02/12/2021  12:05:23,146558;9,409976E-1;1,200455E-1;1,287892E-1;9,281484E-1;;
02/12/2021  12:05:23,146658;9,403121E-1;1,356559E-1;1,354238E-1;9,285200E-1;;
02/12/2021  12:05:23,146758;9,409916E-1;1,127182E-1;1,183634E-1;9,289024E-1;;
02/12/2021  12:05:23,146858;9,409797E-1;1,245056E-1;1,215227E-1;9,292941E-1;;
02/12/2021  12:05:23,146958;9,406876E-1;1,311958E-1;1,366875E-1;9,296939E-1;;
02/12/2021  12:05:23,147058;9,396207E-1;3,594040E-2;9,530039E-2;9,301006E-1;;
02/12/2021  12:05:23,147158;9,389650E-1;1,311958E-1;1,322644E-1;9,305126E-1;;
02/12/2021  12:05:23,147258;9,390962E-1;1,579565E-1;1,575390E-1;9,309284E-1;;
02/12/2021  12:05:23,147358;9,395909E-1;1,426647E-1;1,430061E-1;9,313464E-1;;
02/12/2021  12:05:23,147458;9,401720E-1;1,111253E-1;9,466852E-2;9,317653E-1;;
02/12/2021  12:05:23,147558;9,390395E-1;8,500172E-2;7,476481E-2;9,321836E-1;;
02/12/2021  12:05:23,147658;9,389084E-1;4,103768E-2;1,126766E-1;9,326002E-1;;
02/12/2021  12:05:23,147758;9,405297E-1;1,778134E-2;5,170177E-2;9,330136E-1;;
02/12/2021  12:05:23,147858;9,405148E-1;1,283286E-1;1,291051E-1;9,334230E-1;;
02/12/2021  12:05:23,147958;9,413642E-1;1,362931E-1;1,256299E-1;9,338273E-1;;
02/12/2021  12:05:23,148058;9,407115E-1;1,452133E-1;1,445858E-1;9,342259E-1;;
02/12/2021  12:05:23,148158;9,407741E-1;1,082581E-1;1,133085E-1;9,346181E-1;;
02/12/2021  12:05:23,148258;9,417963E-1;1,401161E-1;1,231024E-1;9,350032E-1;;
02/12/2021  12:05:23,148358;9,425861E-1;1,394789E-1;1,505885E-1;9,353808E-1;;
02/12/2021  12:05:23,148458;9,427560E-1;1,407532E-1;1,360556E-1;9,357506E-1;;
02/12/2021  12:05:23,148558;9,419245E-1;1,324701E-1;1,287892E-1;9,361124E-1;;
02/12/2021  12:05:23,148658;9,421480E-1;1,404346E-1;1,376353E-1;9,364658E-1;;
02/12/2021  12:05:23,148758;9,425980E-1;1,493549E-1;1,338441E-1;9,368107E-1;;
02/12/2021  12:05:23,148858;9,433550E-1;1,159040E-1;1,205749E-1;9,371469E-1;;
02/12/2021  12:05:23,148958;9,425801E-1;1,184526E-1;1,253139E-1;9,374742E-1;;
02/12/2021  12:05:23,149058;9,408396E-1;6,939130E-2;8,992954E-2;9,377925E-1;;
02/12/2021  12:05:23,149158;9,420079E-1;1,018865E-1;9,530039E-2;9,381016E-1;;
02/12/2021  12:05:23,149258;9,425682E-1;1,251428E-1;1,572231E-1;9,384010E-1;;
02/12/2021  12:05:23,149358;9,437395E-1;1,127182E-1;1,095173E-1;9,386908E-1;;
02/12/2021  12:05:23,149458;9,426636E-1;1,267357E-1;1,420583E-1;9,389708E-1;;
02/12/2021  12:05:23,149558;9,417218E-1;1,178155E-1;1,278414E-1;9,392411E-1;;
02/12/2021  12:05:23,149658;9,421748E-1;8,340882E-2;9,814378E-2;9,395016E-1;;
02/12/2021  12:05:23,149758;9,428782E-1;1,057094E-1;1,306848E-1;9,397522E-1;;
02/12/2021  12:05:23,149858;9,434504E-1;1,069837E-1;1,177316E-1;9,399929E-1;;
02/12/2021  12:05:23,149958;9,426636E-1;1,031608E-1;1,256299E-1;9,402238E-1;;
02/12/2021  12:05:23,150058;9,422612E-1;1,194084E-1;1,167838E-1;9,404450E-1;;
02/12/2021  12:05:23,150158;9,431970E-1;1,069837E-1;1,110970E-1;9,406565E-1;;
02/12/2021  12:05:23,150258;9,434772E-1;9,424054E-2;1,003553E-1;9,408584E-1;;
02/12/2021  12:05:23,150358;9,436560E-1;9,678918E-2;1,054102E-1;9,410511E-1;;
02/12/2021  12:05:23,150458;9,426129E-1;1,111253E-1;1,202590E-1;9,412346E-1;;
02/12/2021  12:05:23,150558;9,414238E-1;1,111253E-1;1,215227E-1;9,414091E-1;;
02/12/2021  12:05:23,150658;9,420884E-1;1,296029E-1;1,546956E-1;9,415747E-1;;
02/12/2021  12:05:23,150758;9,419900E-1;9,997498E-2;1,085695E-1;9,417312E-1;;
02/12/2021  12:05:23,150858;9,419364E-1;1,257800E-1;1,379512E-1;9,418786E-1;;
02/12/2021  12:05:23,150958;9,411168E-1;1,155854E-1;1,256299E-1;9,420169E-1;;
02/12/2021  12:05:23,151058;9,400409E-1;7,448858E-2;1,189953E-1;9,421461E-1;;
02/12/2021  12:05:23,151158;9,398323E-1;1,445762E-1;1,430061E-1;9,422659E-1;;
02/12/2021  12:05:23,151258;9,396535E-1;1,605052E-1;1,537478E-1;9,423760E-1;;
02/12/2021  12:05:23,151358;9,394001E-1;1,560451E-1;1,546956E-1;9,424762E-1;;
02/12/2021  12:05:23,151458;9,376865E-1;1,697440E-1;1,689125E-1;9,425661E-1;;
02/12/2021  12:05:23,151558;9,375613E-1;1,697440E-1;1,512204E-1;9,426454E-1;;
02/12/2021  12:05:23,151658;9,385120E-1;1,324701E-1;1,483770E-1;9,427138E-1;;
02/12/2021  12:05:23,151758;9,388518E-1;1,843987E-1;1,663851E-1;9,427708E-1;;
02/12/2021  12:05:23,151858;9,381127E-1;1,824872E-1;1,657532E-1;9,428164E-1;;
02/12/2021  12:05:23,151958;9,366314E-1;1,025236E-1;1,101492E-1;9,428505E-1;;
02/12/2021  12:05:23,152058;9,361695E-1;1,362931E-1;1,363715E-1;9,428731E-1;;
02/12/2021  12:05:23,152158;9,370457E-1;1,413904E-1;1,341600E-1;9,428838E-1;;
02/12/2021  12:05:23,152258;9,371232E-1;1,423461E-1;1,404787E-1;9,428826E-1;;
02/12/2021  12:05:23,152358;9,365063E-1;1,296029E-1;1,215227E-1;9,428694E-1;;
02/12/2021  12:05:23,152458;9,347598E-1;1,356559E-1;1,167838E-1;9,428443E-1;;
02/12/2021  12:05:23,152558;9,352724E-1;1,385232E-1;1,385831E-1;9,428072E-1;;
02/12/2021  12:05:23,152658;9,347658E-1;1,347002E-1;1,471132E-1;9,427581E-1;;
02/12/2021  12:05:23,152758;9,341906E-1;1,289658E-1;1,303688E-1;9,426969E-1;;
02/12/2021  12:05:23,152858;9,331862E-1;1,280100E-1;1,300529E-1;9,426235E-1;;
02/12/2021  12:05:23,152958;9,318272E-1;1,143111E-1;1,047783E-1;9,425378E-1;;
02/12/2021  12:05:23,153058;9,323041E-1;3,530324E-2;9,877564E-2;9,424396E-1;;
02/12/2021  12:05:23,153158;9,324113E-1;1,334259E-1;1,278414E-1;9,423287E-1;;
02/12/2021  12:05:23,153258;9,323696E-1;8,946184E-2;7,950379E-2;9,422051E-1;;
02/12/2021  12:05:23,153358;9,316067E-1;1,318330E-1;1,313166E-1;9,420688E-1;;
02/12/2021  12:05:23,153458;9,303669E-1;1,410718E-1;1,357397E-1;9,419201E-1;;
02/12/2021  12:05:23,153558;9,302745E-1;1,436204E-1;1,376353E-1;9,417588E-1;;
02/12/2021  12:05:23,153658;9,307543E-1;1,700626E-1;1,951349E-1;9,415850E-1;;
02/12/2021  12:05:23,153758;9,308079E-1;1,143111E-1;1,079377E-1;9,413990E-1;;
02/12/2021  12:05:23,153858;9,302238E-1;1,305587E-1;1,208909E-1;9,412009E-1;;
02/12/2021  12:05:23,153958;9,295175E-1;1,391603E-1;1,300529E-1;9,409913E-1;;
02/12/2021  12:05:23,154058;9,300182E-1;2,574584E-2;8,108345E-2;9,407703E-1;;
02/12/2021  12:05:23,154158;9,303162E-1;1,203641E-1;1,243661E-1;9,405384E-1;;
02/12/2021  12:05:23,154258;9,302476E-1;1,283286E-1;1,294210E-1;9,402962E-1;;
02/12/2021  12:05:23,154358;9,289035E-1;1,267357E-1;1,104651E-1;9,400443E-1;;
02/12/2021  12:05:23,154458;9,285489E-1;1,238685E-1;1,275255E-1;9,397832E-1;;
02/12/2021  12:05:23,154558;9,295324E-1;1,238685E-1;1,373193E-1;9,395133E-1;;
02/12/2021  12:05:23,154658;9,307513E-1;1,190898E-1;1,227865E-1;9,392354E-1;;
02/12/2021  12:05:23,154758;9,310225E-1;1,197269E-1;1,278414E-1;9,389502E-1;;
02/12/2021  12:05:23,154858;9,306589E-1;1,334259E-1;1,215227E-1;9,386587E-1;;
02/12/2021  12:05:23,154958;9,306798E-1;1,506292E-1;1,581709E-1;9,383620E-1;;
02/12/2021  12:05:23,155058;9,321342E-1;1,229127E-1;1,297370E-1;9,380612E-1;;
02/12/2021  12:05:23,155158;9,334276E-1;1,060280E-1;1,164678E-1;9,377574E-1;;
02/12/2021  12:05:23,155258;9,339253E-1;1,436204E-1;1,584868E-1;9,374519E-1;;
02/12/2021  12:05:23,155358;9,337882E-1;1,200455E-1;1,215227E-1;9,371463E-1;;
02/12/2021  12:05:23,155458;9,337465E-1;7,034704E-2;7,160549E-2;9,368421E-1;;
02/12/2021  12:05:23,155558;9,360652E-1;1,130368E-1;1,038306E-1;9,365407E-1;;
02/12/2021  12:05:23,155658;9,366672E-1;1,382046E-1;1,433221E-1;9,362435E-1;;
02/12/2021  12:05:23,155758;9,374302E-1;1,315144E-1;1,347919E-1;9,359523E-1;;
02/12/2021  12:05:23,155858;9,363185E-1;1,372488E-1;1,455336E-1;9,356686E-1;;
02/12/2021  12:05:23,155958;9,367268E-1;1,273729E-1;1,284732E-1;9,353940E-1;;
02/12/2021  12:05:23,156058;9,374898E-1;1,315144E-1;1,382671E-1;9,351296E-1;;
02/12/2021  12:05:23,156158;9,383153E-1;1,308772E-1;1,398468E-1;9,348766E-1;;
02/12/2021  12:05:23,156258;9,385895E-1;1,264171E-1;1,145722E-1;9,346364E-1;;
02/12/2021  12:05:23,156358;9,383094E-1;1,362931E-1;1,388990E-1;9,344098E-1;;
02/12/2021  12:05:23,156458;9,380113E-1;1,232313E-1;1,227865E-1;9,341980E-1;;
02/12/2021  12:05:23,156558;9,389918E-1;1,219570E-1;1,221546E-1;9,340017E-1;;
02/12/2021  12:05:23,156658;9,395551E-1;1,248242E-1;1,284732E-1;9,338216E-1;;
02/12/2021  12:05:23,156758;9,399187E-1;1,197269E-1;1,170997E-1;9,336582E-1;;
02/12/2021  12:05:23,156858;9,383272E-1;1,225942E-1;1,243661E-1;9,335123E-1;;
02/12/2021  12:05:23,156958;9,378146E-1;1,213198E-1;1,275255E-1;9,333840E-1;;
02/12/2021  12:05:23,157058;9,388011E-1;1,213198E-1;9,814378E-2;9,332735E-1;;
02/12/2021  12:05:23,157158;9,397935E-1;1,225942E-1;1,054102E-1;9,331805E-1;;
02/12/2021  12:05:23,157258;9,384852E-1;1,079395E-1;1,180475E-1;9,331052E-1;;
02/12/2021  12:05:23,157358;9,379666E-1;1,187712E-1;1,215227E-1;9,330473E-1;;
02/12/2021  12:05:23,157458;9,380739E-1;1,257800E-1;1,243661E-1;9,330064E-1;;
02/12/2021  12:05:23,157558;9,385537E-1;5,569236E-2;8,550650E-2;9,329821E-1;;
02/12/2021  12:05:23,157658;9,391140E-1;1,210013E-1;1,142563E-1;9,329737E-1;;
02/12/2021  12:05:23,157758;9,389680E-1;1,369303E-1;1,338441E-1;9,329809E-1;;
02/12/2021  12:05:23,157858;9,377610E-1;9,137332E-2;8,171531E-2;9,330031E-1;;
02/12/2021  12:05:23,157958;9,387206E-1;1,614609E-1;1,373193E-1;9,330396E-1;;
02/12/2021  12:05:23,158058;9,399455E-1;1,181340E-1;1,843932E-1;9,330898E-1;;
02/12/2021  12:05:23,158158;9,399902E-1;1,159040E-1;1,202590E-1;9,331531E-1;;
02/12/2021  12:05:23,158258;9,401422E-1;1,181340E-1;1,281573E-1;9,332291E-1;;
02/12/2021  12:05:23,158358;9,394955E-1;1,270543E-1;1,253139E-1;9,333172E-1;;
02/12/2021  12:05:23,158458;9,399157E-1;1,308772E-1;1,316326E-1;9,334170E-1;;
02/12/2021  12:05:23,158558;9,407055E-1;1,197269E-1;1,294210E-1;9,335278E-1;;
02/12/2021  12:05:23,158658;9,408039E-1;1,292843E-1;1,272095E-1;9,336492E-1;;
02/12/2021  12:05:23,158758;9,398740E-1;7,735580E-2;9,214107E-2;9,337805E-1;;
02/12/2021  12:05:23,158858;9,398323E-1;1,133553E-1;1,221546E-1;9,339211E-1;;
02/12/2021  12:05:23,158958;9,402674E-1;1,216384E-1;1,268936E-1;9,340704E-1;;
02/12/2021  12:05:23,159058;9,409678E-1;1,168597E-1;1,253139E-1;9,342277E-1;;
02/12/2021  12:05:23,159158;9,408039E-1;1,296029E-1;1,654373E-1;9,343923E-1;;
02/12/2021  12:05:23,159258;9,409052E-1;1,286472E-1;1,240502E-1;9,345637E-1;;
02/12/2021  12:05:23,159358;9,405327E-1;1,366117E-1;1,221546E-1;9,347412E-1;;
02/12/2021  12:05:23,159458;9,423953E-1;1,178155E-1;1,259458E-1;9,349244E-1;;
02/12/2021  12:05:23,159558;9,423983E-1;1,283286E-1;1,287892E-1;9,351127E-1;;
02/12/2021  12:05:23,159658;9,438944E-1;1,343816E-1;1,433221E-1;9,353058E-1;;
02/12/2021  12:05:23,159758;9,438557E-1;1,264171E-1;1,259458E-1;9,355036E-1;;
02/12/2021  12:05:23,159858;9,437722E-1;1,203641E-1;1,392149E-1;9,357060E-1;;
02/12/2021  12:05:23,159958;9,452535E-1;1,222756E-1;1,221546E-1;9,359130E-1;;
02/12/2021  12:05:23,160058;9,458912E-1;1,356559E-1;1,306848E-1;9,361244E-1;;
02/12/2021  12:05:23,160158;9,457154E-1;1,152668E-1;9,751191E-2;9,363403E-1;;
02/12/2021  12:05:23,160258;9,445561E-1;1,006121E-1;1,234183E-1;9,365609E-1;;
02/12/2021  12:05:23,160358;9,447200E-1;9,838208E-2;1,303688E-1;9,367860E-1;;
02/12/2021  12:05:23,160458;9,447259E-1;1,197269E-1;1,695444E-1;9,370152E-1;;
02/12/2021  12:05:23,160558;9,448928E-1;1,238685E-1;1,297370E-1;9,372482E-1;;
02/12/2021  12:05:23,160658;9,446008E-1;1,069837E-1;1,076217E-1;9,374845E-1;;
02/12/2021  12:05:23,160758;9,431881E-1;1,165411E-1;1,205749E-1;9,377238E-1;;
02/12/2021  12:05:23,160858;9,431494E-1;1,053908E-1;1,436380E-1;9,379654E-1;;
02/12/2021  12:05:23,160958;9,438855E-1;1,391603E-1;1,426902E-1;9,382085E-1;;
02/12/2021  12:05:23,161058;9,442729E-1;1,270543E-1;1,259458E-1;9,384524E-1;;
02/12/2021  12:05:23,161158;9,440524E-1;1,324701E-1;1,300529E-1;9,386965E-1;;
02/12/2021  12:05:23,161258;9,432477E-1;1,267357E-1;1,430061E-1;9,389402E-1;;
02/12/2021  12:05:23,161358;9,430689E-1;1,331073E-1;1,325804E-1;9,391830E-1;;
02/12/2021  12:05:23,161458;9,438050E-1;9,583344E-2;1,054102E-1;9,394241E-1;;
02/12/2021  12:05:23,161558;9,436679E-1;1,037979E-1;1,079377E-1;9,396629E-1;;
02/12/2021  12:05:23,161658;9,431672E-1;9,997498E-2;1,095173E-1;9,398988E-1;;
02/12/2021  12:05:23,161758;9,424788E-1;9,169190E-2;8,108345E-2;9,401313E-1;;
02/12/2021  12:05:23,161858;9,426874E-1;8,914326E-2;8,045158E-2;9,403597E-1;;
02/12/2021  12:05:23,161958;9,428871E-1;1,203641E-1;1,221546E-1;9,405834E-1;;
02/12/2021  12:05:23,162058;9,424132E-1;8,436456E-2;1,050943E-1;9,408017E-1;;
02/12/2021  12:05:23,162158;9,409082E-1;1,044351E-1;1,253139E-1;9,410142E-1;;
02/12/2021  12:05:23,162258;9,399277E-1;1,079395E-1;1,044624E-1;9,412201E-1;;
02/12/2021  12:05:23,162358;9,398770E-1;1,146297E-1;1,534319E-1;9,414185E-1;;
02/12/2021  12:05:23,162458;9,402555E-1;1,799386E-1;2,055607E-1;9,416085E-1;;
02/12/2021  12:05:23,162558;9,406668E-1;1,168597E-1;1,212068E-1;9,417894E-1;;
02/12/2021  12:05:23,162658;9,399128E-1;6,939130E-2;9,245700E-2;9,419606E-1;;
02/12/2021  12:05:23,162758;9,395641E-1;1,041165E-1;1,133085E-1;9,421216E-1;;
02/12/2021  12:05:23,162858;9,399932E-1;3,243602E-2;7,887192E-2;9,422720E-1;;
02/12/2021  12:05:23,162958;9,415847E-1;9,455912E-2;1,183634E-1;9,424112E-1;;
02/12/2021  12:05:23,163058;9,411526E-1;9,328480E-2;1,082536E-1;9,425393E-1;;
02/12/2021  12:05:23,163158;9,408307E-1;1,041165E-1;1,120448E-1;9,426562E-1;;
02/12/2021  12:05:23,163258;9,406638E-1;9,455912E-2;1,126766E-1;9,427621E-1;;
02/12/2021  12:05:23,163358;9,418768E-1;2,675481E-1;2,295715E-1;9,428571E-1;;
02/12/2021  12:05:23,163458;9,427291E-1;1,034794E-1;1,218387E-1;9,429414E-1;;
02/12/2021  12:05:23,163558;9,424430E-1;1,407532E-1;1,499566E-1;9,430155E-1;;
02/12/2021  12:05:23,163658;9,420437E-1;1,092138E-1;1,322644E-1;9,430799E-1;;
02/12/2021  12:05:23,163758;9,418380E-1;1,407532E-1;1,199431E-1;9,431351E-1;;
02/12/2021  12:05:23,163858;9,429288E-1;1,350188E-1;1,483770E-1;9,431815E-1;;
02/12/2021  12:05:23,163958;9,432716E-1;1,506292E-1;1,433221E-1;9,432196E-1;;
02/12/2021  12:05:23,164058;9,432090E-1;1,691068E-1;1,502726E-1;9,432502E-1;;
02/12/2021  12:05:23,164158;9,427947E-1;1,719741E-1;1,461654E-1;9,432738E-1;;
02/12/2021  12:05:23,164258;9,419781E-1;8,786894E-2;9,498445E-2;9,432910E-1;;
02/12/2021  12:05:23,164358;9,430659E-1;1,522221E-1;1,701763E-1;9,433023E-1;;
02/12/2021  12:05:23,164458;9,430302E-1;1,445762E-1;1,436380E-1;9,433082E-1;;
02/12/2021  12:05:23,164558;9,429825E-1;1,031608E-1;1,145722E-1;9,433090E-1;;
02/12/2021  12:05:23,164658;9,422225E-1;1,200455E-1;1,303688E-1;9,433054E-1;;
02/12/2021  12:05:23,164758;9,418917E-1;1,509478E-1;1,648054E-1;9,432977E-1;;
02/12/2021  12:05:23,164858;9,427440E-1;1,560451E-1;1,594346E-1;9,432862E-1;;
02/12/2021  12:05:23,164958;9,431106E-1;1,299215E-1;1,297370E-1;9,432713E-1;;
02/12/2021  12:05:23,165058;9,422434E-1;1,257800E-1;1,291051E-1;9,432532E-1;;
02/12/2021  12:05:23,165158;9,416652E-1;1,203641E-1;1,316326E-1;9,432325E-1;;
02/12/2021  12:05:23,165258;9,410363E-1;3,116170E-2;7,381701E-2;9,432091E-1;;
02/12/2021  12:05:23,165358;9,415132E-1;7,353284E-2;8,582243E-2;9,431833E-1;;
02/12/2021  12:05:23,165458;9,416801E-1;1,334259E-1;1,354238E-1;9,431550E-1;;
02/12/2021  12:05:23,165558;9,413314E-1;1,241871E-1;1,221546E-1;9,431244E-1;;
02/12/2021  12:05:23,165658;9,400916E-1;1,308772E-1;1,360556E-1;9,430916E-1;;
02/12/2021  12:05:23,165758;9,407055E-1;1,343816E-1;1,259458E-1;9,430565E-1;;
02/12/2021  12:05:23,165858;9,413642E-1;1,053908E-1;8,139938E-2;9,430191E-1;;
02/12/2021  12:05:23,165958;9,407741E-1;8,914326E-2;9,782784E-2;9,429795E-1;;
02/12/2021  12:05:23,166058;9,396535E-1;1,229127E-1;1,246821E-1;9,429376E-1;;
02/12/2021  12:05:23,166158;9,383153E-1;1,133553E-1;1,022509E-1;9,428935E-1;;
02/12/2021  12:05:23,166258;9,388100E-1;1,248242E-1;1,110970E-1;9,428468E-1;;
02/12/2021  12:05:23,166358;9,398532E-1;1,334259E-1;1,212068E-1;9,427972E-1;;
02/12/2021  12:05:23,166458;9,390395E-1;1,149482E-1;1,095173E-1;9,427447E-1;;
02/12/2021  12:05:23,166558;9,381335E-1;1,372488E-1;1,338441E-1;9,426890E-1;;
02/12/2021  12:05:23,166658;9,371321E-1;6,811698E-2;8,992954E-2;9,426301E-1;;
02/12/2021  12:05:23,166758;9,374600E-1;1,251428E-1;1,183634E-1;9,425676E-1;;
02/12/2021  12:05:23,166858;9,382021E-1;2,188053E-1;2,343105E-1;9,425012E-1;;
02/12/2021  12:05:23,166958;9,373378E-1;1,305587E-1;1,272095E-1;9,424308E-1;;
02/12/2021  12:05:23,167058;9,362768E-1;1,225942E-1;1,139404E-1;9,423561E-1;;
02/12/2021  12:05:23,167158;9,355407E-1;1,292843E-1;1,205749E-1;9,422770E-1;;
02/12/2021  12:05:23,167258;9,360801E-1;1,159040E-1;1,240502E-1;9,421931E-1;;
02/12/2021  12:05:23,167358;9,363781E-1;1,324701E-1;1,445858E-1;9,421041E-1;;
02/12/2021  12:05:23,167458;9,362023E-1;1,366117E-1;1,360556E-1;9,420099E-1;;
02/12/2021  12:05:23,167558;9,351324E-1;1,391603E-1;1,360556E-1;9,419104E-1;;
02/12/2021  12:05:23,167658;9,349267E-1;1,260985E-1;1,208909E-1;9,418055E-1;;
02/12/2021  12:05:23,167758;9,354662E-1;1,315144E-1;1,193112E-1;9,416951E-1;;
02/12/2021  12:05:23,167858;9,356986E-1;1,420275E-1;1,388990E-1;9,415792E-1;;
02/12/2021  12:05:23,167958;9,350310E-1;1,468062E-1;1,695444E-1;9,414577E-1;;
02/12/2021  12:05:23,168058;9,338300E-1;1,280100E-1;1,344760E-1;9,413308E-1;;
02/12/2021  12:05:23,168158;9,331952E-1;9,838208E-2;1,120448E-1;9,411985E-1;;
02/12/2021  12:05:23,168258;9,331594E-1;1,382046E-1;1,414265E-1;9,410606E-1;;
02/12/2021  12:05:23,168358;9,329836E-1;1,251428E-1;1,240502E-1;9,409169E-1;;
02/12/2021  12:05:23,168458;9,319554E-1;1,235499E-1;1,363715E-1;9,407673E-1;;
02/12/2021  12:05:23,168558;9,299049E-1;1,343816E-1;1,363715E-1;9,406116E-1;;
02/12/2021  12:05:23,168658;9,296665E-1;6,206396E-2;1,218387E-1;9,404494E-1;;
02/12/2021  12:05:23,168758;9,300211E-1;1,331073E-1;1,360556E-1;9,402803E-1;;
02/12/2021  12:05:23,168858;9,294936E-1;1,340630E-1;1,325804E-1;9,401039E-1;;
02/12/2021  12:05:23,168958;9,289512E-1;1,324701E-1;1,196272E-1;9,399199E-1;;
02/12/2021  12:05:23,169058;9,278336E-1;5,314372E-2;1,287892E-1;9,397280E-1;;
02/12/2021  12:05:23,169158;9,283611E-1;1,362931E-1;1,597505E-1;9,395279E-1;;
02/12/2021  12:05:23,169258;9,292314E-1;1,636910E-1;1,546956E-1;9,393195E-1;;
02/12/2021  12:05:23,169358;9,295711E-1;1,302401E-1;1,303688E-1;9,391028E-1;;
02/12/2021  12:05:23,169458;9,294579E-1;1,327887E-1;1,272095E-1;9,388780E-1;;
02/12/2021  12:05:23,169558;9,294996E-1;1,493549E-1;1,505885E-1;9,386457E-1;;
02/12/2021  12:05:23,169658;9,303877E-1;1,190898E-1;1,215227E-1;9,384062E-1;;
02/12/2021  12:05:23,169758;9,312490E-1;1,296029E-1;1,319485E-1;9,381602E-1;;
02/12/2021  12:05:23,169858;9,312967E-1;1,155854E-1;1,196272E-1;9,379086E-1;;
02/12/2021  12:05:23,169958;9,311507E-1;1,318330E-1;1,300529E-1;9,376522E-1;;
02/12/2021  12:05:23,170058;9,301970E-1;1,385232E-1;1,363715E-1;9,373920E-1;;
02/12/2021  12:05:23,170158;9,304265E-1;1,429833E-1;1,265777E-1;9,371287E-1;;
02/12/2021  12:05:23,170258;9,306232E-1;1,270543E-1;1,407946E-1;9,368631E-1;;
02/12/2021  12:05:23,170358;9,303758E-1;1,474434E-1;1,512204E-1;9,365960E-1;;
02/12/2021  12:05:23,170458;9,295234E-1;1,337445E-1;1,347919E-1;9,363279E-1;;
02/12/2021  12:05:23,170558;9,294757E-1;1,362931E-1;1,306848E-1;9,360595E-1;;
02/12/2021  12:05:23,170658;9,293714E-1;7,926728E-2;6,686651E-2;9,357913E-1;;
02/12/2021  12:05:23,170758;9,299824E-1;1,171783E-1;1,129926E-1;9,355238E-1;;
02/12/2021  12:05:23,170858;9,299288E-1;1,216384E-1;1,142563E-1;9,352574E-1;;
02/12/2021  12:05:23,170958;9,290168E-1;1,433019E-1;1,426902E-1;9,349926E-1;;
02/12/2021  12:05:23,171058;9,280184E-1;1,165411E-1;9,688005E-2;9,347300E-1;;
02/12/2021  12:05:23,171158;9,284535E-1;1,152668E-1;1,167838E-1;9,344698E-1;;
02/12/2021  12:05:23,171258;9,290943E-1;1,276914E-1;1,363715E-1;9,342121E-1;;
02/12/2021  12:05:23,171358;9,287605E-1;1,292843E-1;1,332122E-1;9,339573E-1;;
02/12/2021  12:05:23,171458;9,280214E-1;1,254614E-1;1,268936E-1;9,337057E-1;;
02/12/2021  12:05:23,171558;9,274879E-1;1,260985E-1;1,164678E-1;9,334575E-1;;
02/12/2021  12:05:23,171658;9,285310E-1;1,292843E-1;1,341600E-1;9,332128E-1;;
02/12/2021  12:05:23,171758;9,287784E-1;1,480806E-1;1,572231E-1;9,329718E-1;;
02/12/2021  12:05:23,171858;9,283701E-1;1,458505E-1;1,420583E-1;9,327348E-1;;
02/12/2021  12:05:23,171958;9,274611E-1;1,356559E-1;1,291051E-1;9,325020E-1;;
02/12/2021  12:05:23,172058;9,272673E-1;1,245056E-1;1,259458E-1;9,322736E-1;;
02/12/2021  12:05:23,172158;9,277621E-1;1,420275E-1;1,303688E-1;9,320496E-1;;
02/12/2021  12:05:23,172258;9,281555E-1;1,229127E-1;1,278414E-1;9,318302E-1;;
02/12/2021  12:05:23,172358;9,272703E-1;1,401161E-1;1,366875E-1;9,316153E-1;;
02/12/2021  12:05:23,172458;9,267309E-1;1,318330E-1;1,259458E-1;9,314052E-1;;
02/12/2021  12:05:23,172558;9,264776E-1;1,143111E-1;9,972343E-2;9,311997E-1;;
02/12/2021  12:05:23,172658;9,278604E-1;1,560451E-1;1,660692E-1;9,309989E-1;;
02/12/2021  12:05:23,172758;9,278992E-1;1,302401E-1;1,335282E-1;9,308027E-1;;
02/12/2021  12:05:23,172858;9,282300E-1;1,146297E-1;1,199431E-1;9,306113E-1;;
02/12/2021  12:05:23,172958;9,282002E-1;1,216384E-1;1,231024E-1;9,304249E-1;;
02/12/2021  12:05:23,173058;9,283403E-1;1,311958E-1;1,550115E-1;9,302439E-1;;
02/12/2021  12:05:23,173158;9,290078E-1;1,433019E-1;1,376353E-1;9,300684E-1;;
02/12/2021  12:05:23,173258;9,296188E-1;1,245056E-1;1,259458E-1;9,298988E-1;;
02/12/2021  12:05:23,173358;9,294102E-1;1,292843E-1;1,316326E-1;9,297355E-1;;
02/12/2021  12:05:23,173458;9,290108E-1;1,022050E-1;1,129926E-1;9,295787E-1;;
02/12/2021  12:05:23,173558;9,297470E-1;1,528593E-1;1,509044E-1;9,294289E-1;;
02/12/2021  12:05:23,173658;9,311239E-1;1,598680E-1;1,619620E-1;9,292864E-1;;
02/12/2021  12:05:23,173758;9,319911E-1;1,283286E-1;1,243661E-1;9,291515E-1;;
02/12/2021  12:05:23,173858;9,321401E-1;1,417090E-1;1,262617E-1;9,290250E-1;;
02/12/2021  12:05:23,173958;9,318034E-1;1,544522E-1;1,502726E-1;9,289073E-1;;
02/12/2021  12:05:23,174058;9,322921E-1;1,426647E-1;1,322644E-1;9,287991E-1;;
02/12/2021  12:05:23,174158;9,341220E-1;1,088952E-1;1,095173E-1;9,287009E-1;;
02/12/2021  12:05:23,174258;9,342383E-1;1,222756E-1;1,224705E-1;9,286132E-1;;
02/12/2021  12:05:23,174358;9,345631E-1;1,133553E-1;1,234183E-1;9,285366E-1;;
02/12/2021  12:05:23,174458;9,342025E-1;1,509478E-1;1,486929E-1;9,284719E-1;;
02/12/2021  12:05:23,174558;9,352844E-1;1,108067E-1;1,123607E-1;9,284194E-1;;
02/12/2021  12:05:23,174658;9,359400E-1;8,213450E-2;6,718244E-2;9,283795E-1;;
02/12/2021  12:05:23,174758;9,364526E-1;1,143111E-1;8,740209E-2;9,283529E-1;;
02/12/2021  12:05:23,174858;9,357940E-1;1,324701E-1;1,300529E-1;9,283398E-1;;
02/12/2021  12:05:23,174958;9,350221E-1;1,165411E-1;1,183634E-1;9,283406E-1;;
02/12/2021  12:05:23,175058;9,366553E-1;1,248242E-1;1,360556E-1;9,283553E-1;;
02/12/2021  12:05:23,175158;9,373914E-1;1,018865E-1;1,249980E-1;9,283840E-1;;
02/12/2021  12:05:23,175258;9,376895E-1;1,123996E-1;1,212068E-1;9,284267E-1;;
02/12/2021  12:05:23,175358;9,367387E-1;1,101695E-1;1,174156E-1;9,284837E-1;;
02/12/2021  12:05:23,175458;9,358417E-1;9,965640E-2;1,110970E-1;9,285547E-1;;
02/12/2021  12:05:23,175558;9,374182E-1;1,092138E-1;1,208909E-1;9,286395E-1;;
02/12/2021  12:05:23,175658;9,374689E-1;1,101695E-1;1,253139E-1;9,287378E-1;;
02/12/2021  12:05:23,175758;9,375613E-1;1,069837E-1;1,136244E-1;9,288491E-1;;
02/12/2021  12:05:23,175858;9,368520E-1;1,002936E-1;1,202590E-1;9,289732E-1;;
02/12/2021  12:05:23,175958;9,362082E-1;8,468314E-2;1,054102E-1;9,291096E-1;;
02/12/2021  12:05:23,176058;9,376775E-1;9,806350E-2;1,120448E-1;9,292575E-1;;
02/12/2021  12:05:23,176158;9,379547E-1;1,012493E-1;1,310007E-1;9,294164E-1;;
02/12/2021  12:05:23,176258;9,374391E-1;1,095324E-1;1,189953E-1;9,295857E-1;;
02/12/2021  12:05:23,176358;9,368729E-1;1,095324E-1;1,249980E-1;9,297648E-1;;
02/12/2021  12:05:23,176458;9,370785E-1;1,181340E-1;1,300529E-1;9,299529E-1;;
02/12/2021  12:05:23,176558;9,378295E-1;1,117624E-1;1,193112E-1;9,301494E-1;;
02/12/2021  12:05:23,176658;9,390425E-1;1,327887E-1;1,332122E-1;9,303536E-1;;
02/12/2021  12:05:23,176758;9,386730E-1;1,321516E-1;1,313166E-1;9,305648E-1;;
02/12/2021  12:05:23,176858;9,379994E-1;1,439390E-1;1,278414E-1;9,307826E-1;;
02/12/2021  12:05:23,176958;9,387594E-1;-1,233496E-1;7,155359E-3;9,310064E-1;;
02/12/2021  12:05:23,177058;9,403717E-1;1,773899E-1;1,828136E-1;9,312357E-1;;
02/12/2021  12:05:23,177158;9,406310E-1;1,627352E-1;1,452176E-1;9,314700E-1;;
02/12/2021  12:05:23,177258;9,409737E-1;1,646467E-1;1,509044E-1;9,317091E-1;;
02/12/2021  12:05:23,177358;9,408724E-1;1,668768E-1;1,540637E-1;9,319529E-1;;
02/12/2021  12:05:23,177458;9,417963E-1;1,270543E-1;1,325804E-1;9,322011E-1;;
02/12/2021  12:05:23,177558;9,432328E-1;1,165411E-1;1,360556E-1;9,324535E-1;;
02/12/2021  12:05:23,177658;9,436828E-1;1,299215E-1;1,287892E-1;9,327101E-1;;
02/12/2021  12:05:23,177758;9,441597E-1;1,229127E-1;1,297370E-1;9,329711E-1;;
02/12/2021  12:05:23,177858;9,435040E-1;1,085766E-1;1,202590E-1;9,332365E-1;;
02/12/2021  12:05:23,177958;9,443892E-1;1,327887E-1;1,234183E-1;9,335064E-1;;
02/12/2021  12:05:23,178058;9,453488E-1;1,267357E-1;1,262617E-1;9,337807E-1;;
02/12/2021  12:05:23,178158;9,458346E-1;1,130368E-1;1,199431E-1;9,340595E-1;;
02/12/2021  12:05:23,178258;9,451551E-1;1,168597E-1;1,234183E-1;9,343429E-1;;
02/12/2021  12:05:23,178358;9,449733E-1;1,270543E-1;1,373193E-1;9,346308E-1;;
02/12/2021  12:05:23,178458;9,453309E-1;1,225942E-1;1,259458E-1;9,349230E-1;;
02/12/2021  12:05:23,178558;9,468151E-1;1,241871E-1;1,275255E-1;9,352194E-1;;
02/12/2021  12:05:23,178658;9,466423E-1;1,238685E-1;1,268936E-1;9,355198E-1;;
02/12/2021  12:05:23,178758;9,458674E-1;1,283286E-1;1,281573E-1;9,358241E-1;;
02/12/2021  12:05:23,178858;9,454204E-1;9,901924E-2;9,087734E-2;9,361321E-1;;
02/12/2021  12:05:23,178958;9,454382E-1;1,143111E-1;1,246821E-1;9,364432E-1;;
02/12/2021  12:05:23,179058;9,465529E-1;1,238685E-1;1,436380E-1;9,367570E-1;;
02/12/2021  12:05:23,179158;9,460075E-1;1,047537E-1;1,196272E-1;9,370730E-1;;
02/12/2021  12:05:23,179258;9,457929E-1;1,270543E-1;1,275255E-1;9,373908E-1;;
02/12/2021  12:05:23,179358;9,447289E-1;1,225942E-1;1,231024E-1;9,377097E-1;;
02/12/2021  12:05:23,179458;9,453697E-1;6,047106E-2;8,740209E-2;9,380292E-1;;
02/12/2021  12:05:23,179558;9,460552E-1;1,251428E-1;1,215227E-1;9,383485E-1;;
02/12/2021  12:05:23,179658;9,450031E-1;1,264171E-1;1,164678E-1;9,386669E-1;;
02/12/2021  12:05:23,179758;9,453637E-1;1,229127E-1;1,272095E-1;9,389838E-1;;
02/12/2021  12:05:23,179858;9,447557E-1;1,025236E-1;1,114129E-1;9,392987E-1;;
02/12/2021  12:05:23,179958;9,455068E-1;1,184526E-1;1,063580E-1;9,396106E-1;;
02/12/2021  12:05:23,180058;9,458883E-1;1,248242E-1;1,066739E-1;9,399191E-1;;
02/12/2021  12:05:23,180158;9,456081E-1;1,302401E-1;1,107811E-1;9,402236E-1;;
02/12/2021  12:05:23,180258;9,457631E-1;1,155854E-1;1,208909E-1;9,405236E-1;;
02/12/2021  12:05:23,180358;9,452892E-1;1,187712E-1;1,221546E-1;9,408187E-1;;
02/12/2021  12:05:23,180458;9,462876E-1;1,270543E-1;1,325804E-1;9,411084E-1;;
02/12/2021  12:05:23,180558;9,468390E-1;1,286472E-1;1,449017E-1;9,413924E-1;;
02/12/2021  12:05:23,180658;9,464605E-1;1,111253E-1;1,117289E-1;9,416704E-1;;
02/12/2021  12:05:23,180758;9,466602E-1;9,774492E-2;9,877564E-2;9,419422E-1;;
02/12/2021  12:05:23,180858;9,467108E-1;9,169190E-2;1,199431E-1;9,422078E-1;;
02/12/2021  12:05:23,180958;9,481116E-1;1,340630E-1;1,313166E-1;9,424669E-1;;
02/12/2021  12:05:23,181058;9,483023E-1;1,276914E-1;1,262617E-1;9,427196E-1;;
02/12/2021  12:05:23,181158;9,486093E-1;1,139925E-1;1,189953E-1;9,429660E-1;;
02/12/2021  12:05:23,181258;9,478761E-1;1,012493E-1;1,025668E-1;9,432064E-1;;
02/12/2021  12:05:23,181358;9,485079E-1;6,684266E-2;1,275255E-1;9,434409E-1;;
02/12/2021  12:05:23,181458;9,496881E-1;1,305587E-1;1,644895E-1;9,436696E-1;;
02/12/2021  12:05:23,181558;9,505852E-1;1,248242E-1;1,265777E-1;9,438929E-1;;
02/12/2021  12:05:23,181658;9,506627E-1;1,187712E-1;1,360556E-1;9,441111E-1;;
02/12/2021  12:05:23,181758;9,500607E-1;1,404346E-1;1,417424E-1;9,443247E-1;;
02/12/2021  12:05:23,181858;9,506985E-1;1,337445E-1;1,341600E-1;9,445342E-1;;
02/12/2021  12:05:23,181958;9,518518E-1;1,197269E-1;1,306848E-1;9,447399E-1;;
02/12/2021  12:05:23,182058;9,521439E-1;1,136739E-1;1,183634E-1;9,449422E-1;;
02/12/2021  12:05:23,182158;9,526476E-1;1,280100E-1;1,351078E-1;9,451418E-1;;
02/12/2021  12:05:23,182258;9,529844E-1;1,394789E-1;1,379512E-1;9,453392E-1;;
02/12/2021  12:05:23,182358;9,537145E-1;3,371034E-2;3,938042E-2;9,455349E-1;;
02/12/2021  12:05:23,182458;9,553477E-1;1,190898E-1;1,180475E-1;9,457296E-1;;
02/12/2021  12:05:23,182558;9,557560E-1;1,225942E-1;1,262617E-1;9,459240E-1;;
02/12/2021  12:05:23,182658;9,553626E-1;1,327887E-1;1,325804E-1;9,461189E-1;;
02/12/2021  12:05:23,182758;9,556994E-1;1,041165E-1;1,376353E-1;9,463151E-1;;
02/12/2021  12:05:23,182858;9,566114E-1;1,130368E-1;1,249980E-1;9,465131E-1;;
02/12/2021  12:05:23,182958;9,580568E-1;7,162136E-2;8,834988E-2;9,467135E-1;;
02/12/2021  12:05:23,183058;9,580240E-1;1,162226E-1;1,268936E-1;9,469171E-1;;
02/12/2021  12:05:23,183158;9,586678E-1;1,280100E-1;1,212068E-1;9,471246E-1;;
02/12/2021  12:05:23,183258;9,586767E-1;1,178155E-1;1,373193E-1;9,473366E-1;;
02/12/2021  12:05:23,183358;9,590165E-1;1,165411E-1;1,186794E-1;9,475536E-1;;
02/12/2021  12:05:23,183458;9,604232E-1;9,870066E-2;1,054102E-1;9,477762E-1;;
02/12/2021  12:05:23,183558;9,609596E-1;1,547707E-1;1,976624E-1;9,480049E-1;;
02/12/2021  12:05:23,183658;9,609567E-1;1,299215E-1;1,332122E-1;9,482401E-1;;
02/12/2021  12:05:23,183758;9,607182E-1;1,041165E-1;1,161519E-1;9,484824E-1;;
02/12/2021  12:05:23,183858;9,621488E-1;1,210013E-1;1,104651E-1;9,487321E-1;;
02/12/2021  12:05:23,183958;9,627866E-1;1,420275E-1;1,360556E-1;9,489894E-1;;
02/12/2021  12:05:23,184058;9,636449E-1;1,378860E-1;1,366875E-1;9,492547E-1;;
02/12/2021  12:05:23,184158;9,636777E-1;1,241871E-1;1,265777E-1;9,495284E-1;;
02/12/2021  12:05:23,184258;9,638416E-1;1,210013E-1;1,202590E-1;9,498107E-1;;
02/12/2021  12:05:23,184358;9,656685E-1;6,556834E-2;1,155200E-1;9,501019E-1;;
02/12/2021  12:05:23,184458;9,664583E-1;1,417090E-1;1,363715E-1;9,504022E-1;;
02/12/2021  12:05:23,184558;9,663868E-1;1,139925E-1;1,114129E-1;9,507119E-1;;
02/12/2021  12:05:23,184658;9,663838E-1;1,127182E-1;1,281573E-1;9,510314E-1;;
02/12/2021  12:05:23,184758;9,661275E-1;1,162226E-1;1,117289E-1;9,513607E-1;;
02/12/2021  12:05:23,184858;9,672928E-1;4,613496E-2;9,340479E-2;9,516997E-1;;
02/12/2021  12:05:23,184958;9,674269E-1;1,455319E-1;1,641736E-1;9,520484E-1;;
02/12/2021  12:05:23,185058;9,670245E-1;1,324701E-1;1,335282E-1;9,524065E-1;;
02/12/2021  12:05:23,185158;9,663868E-1;2,170918E-3;7,539667E-2;9,527739E-1;;
02/12/2021  12:05:23,185258;9,664255E-1;1,203641E-1;1,249980E-1;9,531499E-1;;
02/12/2021  12:05:23,185358;9,674388E-1;1,232313E-1;1,120448E-1;9,535339E-1;;
02/12/2021  12:05:23,185458;9,676146E-1;1,347002E-1;1,316326E-1;9,539253E-1;;
02/12/2021  12:05:23,185558;9,665924E-1;1,334259E-1;1,382671E-1;9,543236E-1;;
02/12/2021  12:05:23,185658;9,655791E-1;1,436204E-1;1,395309E-1;9,547278E-1;;
02/12/2021  12:05:23,185758;9,652483E-1;1,783457E-1;1,885003E-1;9,551371E-1;;
02/12/2021  12:05:23,185858;9,657847E-1;1,439390E-1;1,663851E-1;9,555503E-1;;
02/12/2021  12:05:23,185958;9,654033E-1;1,225942E-1;1,284732E-1;9,559662E-1;;
02/12/2021  12:05:23,186058;9,649413E-1;1,391603E-1;1,382671E-1;9,563837E-1;;
02/12/2021  12:05:23,186158;9,641992E-1;1,362931E-1;1,338441E-1;9,568016E-1;;
02/12/2021  12:05:23,186258;9,640740E-1;1,366117E-1;1,420583E-1;9,572186E-1;;
02/12/2021  12:05:23,186358;9,652870E-1;1,382046E-1;1,414265E-1;9,576334E-1;;
02/12/2021  12:05:23,186458;9,647714E-1;1,391603E-1;1,328963E-1;9,580450E-1;;
02/12/2021  12:05:23,186558;9,645271E-1;1,382046E-1;1,401627E-1;9,584522E-1;;
02/12/2021  12:05:23,186658;9,635674E-1;1,315144E-1;1,325804E-1;9,588541E-1;;
02/12/2021  12:05:23,186758;9,634124E-1;1,264171E-1;1,126766E-1;9,592495E-1;;
02/12/2021  12:05:23,186858;9,639787E-1;1,347002E-1;1,221546E-1;9,596374E-1;;
02/12/2021  12:05:23,186958;9,636807E-1;1,372488E-1;1,313166E-1;9,600167E-1;;
02/12/2021  12:05:23,187058;9,634363E-1;1,499920E-1;1,449017E-1;9,603866E-1;;
02/12/2021  12:05:23,187158;9,621845E-1;1,448948E-1;1,303688E-1;9,607462E-1;;
02/12/2021  12:05:23,187258;9,624975E-1;1,181340E-1;1,193112E-1;9,610945E-1;;
02/12/2021  12:05:23,187358;9,635167E-1;1,216384E-1;1,303688E-1;9,614308E-1;;
02/12/2021  12:05:23,187458;9,631591E-1;1,197269E-1;1,268936E-1;9,617543E-1;;
02/12/2021  12:05:23,187558;9,619104E-1;1,257800E-1;1,246821E-1;9,620645E-1;;
02/12/2021  12:05:23,187658;9,607898E-1;3,445238E-3;5,960007E-2;9,623608E-1;;
02/12/2021  12:05:23,187758;9,608523E-1;1,155854E-1;1,227865E-1;9,626424E-1;;
02/12/2021  12:05:23,187858;9,612547E-1;1,413904E-1;1,610142E-1;9,629087E-1;;
02/12/2021  12:05:23,187958;9,607510E-1;1,477620E-1;1,524841E-1;9,631591E-1;;
02/12/2021  12:05:23,188058;9,598480E-1;1,101695E-1;1,139404E-1;9,633930E-1;;
02/12/2021  12:05:23,188158;9,587155E-1;1,088952E-1;1,152041E-1;9,636100E-1;;
02/12/2021  12:05:23,188258;9,585098E-1;9,742634E-2;1,129926E-1;9,638095E-1;;
02/12/2021  12:05:23,188358;9,590493E-1;1,187712E-1;1,139404E-1;9,639910E-1;;
02/12/2021  12:05:23,188458;9,577499E-1;1,015679E-1;8,866581E-2;9,641540E-1;;
02/12/2021  12:05:23,188558;9,569482E-1;1,146297E-1;1,199431E-1;9,642980E-1;;
02/12/2021  12:05:23,188658;9,557531E-1;9,838208E-2;1,098333E-1;9,644228E-1;;
02/12/2021  12:05:23,188758;9,556160E-1;9,870066E-2;9,403666E-2;9,645278E-1;;
02/12/2021  12:05:23,188858;9,557829E-1;6,015248E-2;6,275939E-2;9,646125E-1;;
02/12/2021  12:05:23,188958;9,546176E-1;5,696668E-2;7,192142E-2;9,646766E-1;;
02/12/2021  12:05:23,189058;9,539768E-1;9,392196E-2;1,076217E-1;9,647198E-1;;
02/12/2021  12:05:23,189158;9,530767E-1;1,130368E-1;1,180475E-1;9,647419E-1;;
02/12/2021  12:05:23,189258;9,530797E-1;1,369303E-1;1,354238E-1;9,647426E-1;;
02/12/2021  12:05:23,189358;9,527042E-1;1,174969E-1;1,502726E-1;9,647217E-1;;
02/12/2021  12:05:23,189458;9,517088E-1;1,257800E-1;1,379512E-1;9,646792E-1;;
02/12/2021  12:05:23,189558;9,501799E-1;1,181340E-1;1,095173E-1;9,646149E-1;;
02/12/2021  12:05:23,189658;9,486719E-1;1,417090E-1;1,859729E-1;9,645287E-1;;
02/12/2021  12:05:23,189758;9,488209E-1;1,464877E-1;1,354238E-1;9,644203E-1;;
02/12/2021  12:05:23,189858;9,484513E-1;1,385232E-1;1,373193E-1;9,642896E-1;;
02/12/2021  12:05:23,189958;9,464992E-1;1,620981E-1;1,423743E-1;9,641364E-1;;
02/12/2021  12:05:23,190058;9,445352E-1;1,773899E-1;1,452176E-1;9,639605E-1;;
02/12/2021  12:05:23,190158;9,434772E-1;1,633724E-1;1,104651E-1;9,637617E-1;;
02/12/2021  12:05:23,190258;9,432119E-1;2,124337E-1;2,011376E-1;9,635395E-1;;
02/12/2021  12:05:23,190358;9,425593E-1;1,598680E-1;1,581709E-1;9,632937E-1;;
02/12/2021  12:05:23,190458;9,409886E-1;1,570008E-1;1,682807E-1;9,630240E-1;;
02/12/2021  12:05:23,190558;9,389740E-1;1,550893E-1;1,505885E-1;9,627302E-1;;
02/12/2021  12:05:23,190658;9,381186E-1;1,187712E-1;7,413294E-2;9,624120E-1;;
02/12/2021  12:05:23,190758;9,379249E-1;1,028422E-1;9,214107E-2;9,620692E-1;;
02/12/2021  12:05:23,190858;9,370159E-1;1,213198E-1;1,215227E-1;9,617014E-1;;
02/12/2021  12:05:23,190958;9,353261E-1;1,531778E-1;1,588027E-1;9,613088E-1;;
02/12/2021  12:05:23,191058;9,341816E-1;1,260985E-1;1,275255E-1;9,608911E-1;;
02/12/2021  12:05:23,191158;9,333293E-1;1,143111E-1;1,129926E-1;9,604484E-1;;
02/12/2021  12:05:23,191258;9,331922E-1;1,388417E-1;1,543797E-1;9,599806E-1;;
02/12/2021  12:05:23,191358;9,321938E-1;1,356559E-1;1,379512E-1;9,594878E-1;;
02/12/2021  12:05:23,191458;9,310672E-1;1,050723E-1;9,277293E-2;9,589704E-1;;
02/12/2021  12:05:23,191558;9,292254E-1;1,037979E-1;1,411105E-1;9,584287E-1;;
02/12/2021  12:05:23,191658;9,284326E-1;1,286472E-1;1,287892E-1;9,578628E-1;;
02/12/2021  12:05:23,191758;9,279141E-1;1,391603E-1;1,404787E-1;9,572731E-1;;
02/12/2021  12:05:23,191858;9,275147E-1;1,458505E-1;1,411105E-1;9,566598E-1;;
02/12/2021  12:05:23,191958;9,267726E-1;1,296029E-1;1,205749E-1;9,560236E-1;;
02/12/2021  12:05:23,192058;9,253212E-1;2,893164E-2;1,101492E-1;9,553649E-1;;
02/12/2021  12:05:23,192158;9,251692E-1;1,155854E-1;1,234183E-1;9,546844E-1;;
02/12/2021  12:05:23,192258;9,253540E-1;6,556834E-2;8,171531E-2;9,539829E-1;;
02/12/2021  12:05:23,192358;9,243854E-1;1,315144E-1;7,981972E-2;9,532612E-1;;
02/12/2021  12:05:23,192458;9,235211E-1;1,334259E-1;1,297370E-1;9,525204E-1;;
02/12/2021  12:05:23,192558;9,226240E-1;1,241871E-1;1,170997E-1;9,517614E-1;;
02/12/2021  12:05:23,192658;9,230055E-1;3,721472E-2;1,142563E-1;9,509853E-1;;
02/12/2021  12:05:23,192758;9,228744E-1;1,413904E-1;1,518522E-1;9,501932E-1;;
02/12/2021  12:05:23,192858;9,218402E-1;1,123996E-1;1,123607E-1;9,493865E-1;;
02/12/2021  12:05:23,192958;9,212352E-1;1,190898E-1;1,193112E-1;9,485663E-1;;
02/12/2021  12:05:23,193058;9,203739E-1;1,133553E-1;1,281573E-1;9,477341E-1;;
02/12/2021  12:05:23,193158;9,209193E-1;1,372488E-1;1,133085E-1;9,468909E-1;;
02/12/2021  12:05:23,193258;9,203232E-1;1,210013E-1;1,227865E-1;9,460383E-1;;
02/12/2021  12:05:23,193358;9,199358E-1;1,302401E-1;1,253139E-1;9,451776E-1;;
02/12/2021  12:05:23,193458;9,186662E-1;1,302401E-1;1,433221E-1;9,443101E-1;;
02/12/2021  12:05:23,193558;9,175963E-1;1,350188E-1;1,338441E-1;9,434371E-1;;
02/12/2021  12:05:23,193658;9,171403E-1;1,343816E-1;1,294210E-1;9,425598E-1;;
02/12/2021  12:05:23,193758;9,177393E-1;1,127182E-1;1,300529E-1;9,416793E-1;;
02/12/2021  12:05:23,193858;9,167201E-1;1,190898E-1;1,183634E-1;9,407968E-1;;
02/12/2021  12:05:23,193958;9,158379E-1;1,461691E-1;1,461654E-1;9,399133E-1;;
02/12/2021  12:05:23,194058;9,157008E-1;1,394789E-1;1,354238E-1;9,390299E-1;;
02/12/2021  12:05:23,194158;9,160108E-1;1,356559E-1;1,360556E-1;9,381477E-1;;
02/12/2021  12:05:23,194258;9,159005E-1;1,085766E-1;1,158360E-1;9,372679E-1;;
02/12/2021  12:05:23,194358;9,151286E-1;1,248242E-1;1,294210E-1;9,363914E-1;;
02/12/2021  12:05:23,194458;9,146011E-1;1,433019E-1;1,401627E-1;9,355196E-1;;
02/12/2021  12:05:23,194558;9,134984E-1;7,608148E-2;1,101492E-1;9,346533E-1;;
02/12/2021  12:05:23,194658;9,144670E-1;1,222756E-1;1,616461E-1;9,337935E-1;;
02/12/2021  12:05:23,194758;9,142345E-1;1,190898E-1;1,227865E-1;9,329411E-1;;
02/12/2021  12:05:23,194858;9,146219E-1;1,429833E-1;1,411105E-1;9,320971E-1;;
02/12/2021  12:05:23,194958;9,140497E-1;1,315144E-1;1,278414E-1;9,312625E-1;;
02/12/2021  12:05:23,195058;9,134864E-1;1,187712E-1;1,152041E-1;9,304383E-1;;
02/12/2021  12:05:23,195158;9,142375E-1;1,184526E-1;1,294210E-1;9,296256E-1;;
02/12/2021  12:05:23,195258;9,149736E-1;1,206827E-1;1,284732E-1;9,288252E-1;;
02/12/2021  12:05:23,195358;9,144968E-1;1,286472E-1;1,297370E-1;9,280381E-1;;
02/12/2021  12:05:23,195458;9,138381E-1;1,292843E-1;1,306848E-1;9,272654E-1;;
02/12/2021  12:05:23,195558;9,141272E-1;9,360338E-2;8,013565E-2;9,265081E-1;;
02/12/2021  12:05:23,195658;9,146488E-1;1,206827E-1;1,231024E-1;9,257669E-1;;
02/12/2021  12:05:23,195758;9,151196E-1;1,350188E-1;1,395309E-1;9,250427E-1;;
02/12/2021  12:05:23,195858;9,149825E-1;1,251428E-1;1,300529E-1;9,243364E-1;;
02/12/2021  12:05:23,195958;9,251841E-1;1,022050E-1;1,000394E-1;9,236492E-1;;
02/12/2021  12:05:23,196058;9,257802E-1;1,152668E-1;1,802861E-1;9,229829E-1;;
02/12/2021  12:05:23,196158;9,259262E-1;1,235499E-1;1,243661E-1;9,223404E-1;;
02/12/2021  12:05:23,196258;9,247251E-1;1,251428E-1;1,316326E-1;9,217242E-1;;
02/12/2021  12:05:23,196358;9,246179E-1;1,560451E-1;1,461654E-1;9,211366E-1;;
02/12/2021  12:05:23,196458;9,247430E-1;1,656025E-1;1,417424E-1;9,205793E-1;;
02/12/2021  12:05:23,196558;9,257534E-1;1,461691E-1;1,433221E-1;9,200539E-1;;
02/12/2021  12:05:23,196658;9,254374E-1;1,534964E-1;1,392149E-1;9,195616E-1;;
02/12/2021  12:05:23,196758;9,254136E-1;4,517922E-2;9,656411E-2;9,191034E-1;;
02/12/2021  12:05:23,196858;9,252050E-1;1,620981E-1;1,502726E-1;9,186802E-1;;
02/12/2021  12:05:23,196958;9,259590E-1;1,474434E-1;1,423743E-1;9,182924E-1;;
02/12/2021  12:05:23,197058;9,266892E-1;1,391603E-1;1,411105E-1;9,179406E-1;;
02/12/2021  12:05:23,197158;9,262958E-1;1,512664E-1;1,720719E-1;9,176248E-1;;
02/12/2021  12:05:23,197258;9,253719E-1;1,251428E-1;1,338441E-1;9,173452E-1;;
02/12/2021  12:05:23,197358;9,250321E-1;1,382046E-1;1,395309E-1;9,171015E-1;;
02/12/2021  12:05:23,197458;9,259858E-1;1,133553E-1;1,193112E-1;9,168932E-1;;
02/12/2021  12:05:23,197558;9,269425E-1;1,104881E-1;1,193112E-1;9,167197E-1;;
02/12/2021  12:05:23,197658;9,270379E-1;1,391603E-1;1,512204E-1;9,165804E-1;;
02/12/2021  12:05:23,197758;9,261080E-1;1,337445E-1;1,351078E-1;9,164747E-1;;
02/12/2021  12:05:23,197858;9,271124E-1;1,200455E-1;1,458495E-1;9,164016E-1;;
02/12/2021  12:05:23,197958;9,285608E-1;8,149734E-2;1,003553E-1;9,163605E-1;;
02/12/2021  12:05:23,198058;9,297380E-1;1,184526E-1;1,294210E-1;9,163504E-1;;
02/12/2021  12:05:23,198158;9,304533E-1;1,165411E-1;1,104651E-1;9,163707E-1;;
02/12/2021  12:05:23,198258;9,299258E-1;8,468314E-2;1,351078E-1;9,164209E-1;;
02/12/2021  12:05:23,198358;9,311447E-1;1,006121E-1;1,104651E-1;9,165003E-1;;
02/12/2021  12:05:23,198458;9,333978E-1;1,283286E-1;1,490088E-1;9,166082E-1;;
02/12/2021  12:05:23,198558;9,341608E-1;1,417090E-1;1,395309E-1;9,167440E-1;;
02/12/2021  12:05:23,198658;9,347777E-1;1,174969E-1;1,189953E-1;9,169075E-1;;
02/12/2021  12:05:23,198758;9,340714E-1;1,190898E-1;1,281573E-1;9,170982E-1;;
02/12/2021  12:05:23,198858;9,345780E-1;1,022050E-1;8,424277E-2;9,173156E-1;;
02/12/2021  12:05:23,198958;9,365987E-1;1,289658E-1;1,363715E-1;9,175589E-1;;
02/12/2021  12:05:23,199058;9,366851E-1;1,187712E-1;1,246821E-1;9,178275E-1;;
02/12/2021  12:05:23,199158;9,366255E-1;1,248242E-1;1,316326E-1;9,181207E-1;;
02/12/2021  12:05:23,199258;9,364049E-1;1,267357E-1;1,265777E-1;9,184380E-1;;
02/12/2021  12:05:23,199358;9,370755E-1;1,174969E-1;1,139404E-1;9,187782E-1;;
02/12/2021  12:05:23,199458;9,384673E-1;9,774492E-2;1,370034E-1;9,191405E-1;;
02/12/2021  12:05:23,199558;9,390544E-1;1,222756E-1;1,341600E-1;9,195240E-1;;
02/12/2021  12:05:23,199658;9,394329E-1;1,225942E-1;1,300529E-1;9,199278E-1;;
02/12/2021  12:05:23,199758;9,391230E-1;6,907272E-2;8,487463E-2;9,203510E-1;;
02/12/2021  12:05:23,199858;9,403896E-1;1,136739E-1;9,751191E-2;9,207927E-1;;
02/12/2021  12:05:23,199958;9,416592E-1;1,445762E-1;1,313166E-1;9,212519E-1;;
02/12/2021  12:05:23,200058;9,423328E-1;1,210013E-1;1,101492E-1;9,217279E-1;;
02/12/2021  12:05:23,200158;9,422493E-1;1,264171E-1;1,310007E-1;9,222198E-1;;
02/12/2021  12:05:23,200258;9,417307E-1;1,146297E-1;1,006712E-1;9,227268E-1;;
02/12/2021  12:05:23,200358;9,427887E-1;1,034794E-1;1,866047E-1;9,232480E-1;;
02/12/2021  12:05:23,200458;9,433759E-1;1,668768E-1;2,144068E-1;9,237824E-1;;
02/12/2021  12:05:23,200558;9,431106E-1;1,315144E-1;1,313166E-1;9,243288E-1;;
02/12/2021  12:05:23,200658;9,428007E-1;1,318330E-1;1,357397E-1;9,248864E-1;;
02/12/2021  12:05:23,200758;9,421808E-1;1,200455E-1;1,189953E-1;9,254540E-1;;
02/12/2021  12:05:23,200858;9,428156E-1;6,142680E-2;9,845971E-2;9,260301E-1;;
02/12/2021  12:05:23,200958;9,436441E-1;1,203641E-1;1,366875E-1;9,266135E-1;;
02/12/2021  12:05:23,201058;9,436620E-1;1,229127E-1;1,300529E-1;9,272029E-1;;
02/12/2021  12:05:23,201158;9,423655E-1;1,213198E-1;1,256299E-1;9,277971E-1;;
02/12/2021  12:05:23,201258;9,424043E-1;1,331073E-1;1,313166E-1;9,283947E-1;;
02/12/2021  12:05:23,201358;9,430093E-1;1,369303E-1;1,619620E-1;9,289942E-1;;
02/12/2021  12:05:23,201458;9,426993E-1;1,235499E-1;1,278414E-1;9,295943E-1;;
02/12/2021  12:05:23,201558;9,435457E-1;1,426647E-1;1,379512E-1;9,301936E-1;;
02/12/2021  12:05:23,201658;9,430510E-1;1,385232E-1;1,366875E-1;9,307908E-1;;
02/12/2021  12:05:23,201758;9,430778E-1;1,002936E-1;1,505885E-1;9,313847E-1;;
02/12/2021  12:05:23,201858;9,448511E-1;1,260985E-1;1,461654E-1;9,319741E-1;;
02/12/2021  12:05:23,201958;9,454978E-1;1,292843E-1;1,344760E-1;9,325581E-1;;
02/12/2021  12:05:23,202058;9,455396E-1;1,356559E-1;1,272095E-1;9,331360E-1;;
02/12/2021  12:05:23,202158;9,455932E-1;1,194084E-1;1,208909E-1;9,337070E-1;;
02/12/2021  12:05:23,202258;9,455276E-1;5,027650E-2;6,939396E-2;9,342707E-1;;
02/12/2021  12:05:23,202358;9,473248E-1;1,448948E-1;1,452176E-1;9,348264E-1;;
02/12/2021  12:05:23,202458;9,480669E-1;1,289658E-1;1,338441E-1;9,353738E-1;;
02/12/2021  12:05:23,202558;9,475364E-1;1,286472E-1;1,310007E-1;9,359127E-1;;
02/12/2021  12:05:23,202658;9,471907E-1;1,397975E-1;1,262617E-1;9,364428E-1;;
02/12/2021  12:05:23,202758;9,484424E-1;1,162226E-1;1,458495E-1;9,369639E-1;;
02/12/2021  12:05:23,202858;9,493842E-1;1,194084E-1;1,347919E-1;9,374759E-1;;
02/12/2021  12:05:23,202958;9,494289E-1;1,225942E-1;1,284732E-1;9,379787E-1;;
02/12/2021  12:05:23,203058;9,481891E-1;1,130368E-1;1,088855E-1;9,384724E-1;;
02/12/2021  12:05:23,203158;9,474589E-1;1,305587E-1;1,278414E-1;9,389567E-1;;
02/12/2021  12:05:23,203258;9,477211E-1;5,792242E-2;6,623464E-2;9,394314E-1;;
02/12/2021  12:05:23,203358;9,484811E-1;8,563888E-2;1,114129E-1;9,398961E-1;;
02/12/2021  12:05:23,203458;9,483977E-1;1,292843E-1;1,328963E-1;9,403505E-1;;
02/12/2021  12:05:23,203558;9,481354E-1;9,742634E-2;1,054102E-1;9,407943E-1;;
02/12/2021  12:05:23,203658;9,468956E-1;1,273729E-1;1,268936E-1;9,412273E-1;;
02/12/2021  12:05:23,203758;9,472264E-1;1,334259E-1;1,212068E-1;9,416490E-1;;
02/12/2021  12:05:23,203858;9,478135E-1;1,159040E-1;9,340479E-2;9,420591E-1;;
02/12/2021  12:05:23,203958;9,475066E-1;9,424054E-2;5,296550E-2;9,424571E-1;;
02/12/2021  12:05:23,204058;9,468688E-1;1,257800E-1;1,227865E-1;9,428427E-1;;
02/12/2021  12:05:23,204158;9,461058E-1;4,135626E-2;6,149566E-2;9,432157E-1;;
02/12/2021  12:05:23,204258;9,470506E-1;1,190898E-1;1,158360E-1;9,435755E-1;;
02/12/2021  12:05:23,204358;9,477837E-1;9,360338E-2;1,013031E-1;9,439219E-1;;
02/12/2021  12:05:23,204458;9,479596E-1;9,710776E-2;9,561632E-2;9,442546E-1;;
02/12/2021  12:05:23,204558;9,471549E-1;1,426647E-1;1,695444E-1;9,445738E-1;;
02/12/2021  12:05:23,204658;9,465588E-1;2,128572E-2;7,981972E-2;9,448792E-1;;
02/12/2021  12:05:23,204758;9,474827E-1;1,264171E-1;1,174156E-1;9,451709E-1;;
02/12/2021  12:05:23,204858;9,479566E-1;9,774492E-2;1,651214E-1;9,454488E-1;;
02/12/2021  12:05:23,204958;9,472234E-1;1,015679E-1;1,050943E-1;9,457129E-1;;
02/12/2021  12:05:23,205058;9,458853E-1;1,257800E-1;1,069899E-1;9,459633E-1;;
02/12/2021  12:05:23,205158;9,448601E-1;1,286472E-1;1,205749E-1;9,462001E-1;;
02/12/2021  12:05:23,205258;9,458078E-1;1,136739E-1;1,253139E-1;9,464228E-1;;
02/12/2021  12:05:23,205358;9,460015E-1;1,280100E-1;1,300529E-1;9,466314E-1;;
02/12/2021  12:05:23,205458;9,447945E-1;1,429833E-1;1,414265E-1;9,468257E-1;;
02/12/2021  12:05:23,205558;9,432149E-1;1,534964E-1;1,420583E-1;9,470057E-1;;
02/12/2021  12:05:23,205658;9,426904E-1;1,123996E-1;1,186794E-1;9,471709E-1;;
02/12/2021  12:05:23,205758;9,433550E-1;1,095324E-1;1,133085E-1;9,473211E-1;;
02/12/2021  12:05:23,205858;9,432596E-1;1,139925E-1;1,114129E-1;9,474560E-1;;
02/12/2021  12:05:23,205958;9,424192E-1;1,203641E-1;1,474292E-1;9,475753E-1;;
02/12/2021  12:05:23,206058;9,413195E-1;1,238685E-1;1,193112E-1;9,476789E-1;;
02/12/2021  12:05:23,206158;9,406161E-1;1,789828E-1;1,509044E-1;9,477665E-1;;
02/12/2021  12:05:23,206258;9,413731E-1;1,448948E-1;1,392149E-1;9,478378E-1;;
02/12/2021  12:05:23,206358;9,410751E-1;1,245056E-1;1,234183E-1;9,478927E-1;;
02/12/2021  12:05:23,206458;9,403240E-1;1,461691E-1;1,411105E-1;9,479312E-1;;
02/12/2021  12:05:23,206558;9,401929E-1;1,251428E-1;1,262617E-1;9,479531E-1;;
02/12/2021  12:05:23,206658;9,401124E-1;6,939130E-2;1,152041E-1;9,479585E-1;;
02/12/2021  12:05:23,206758;9,407234E-1;1,232313E-1;1,322644E-1;9,479475E-1;;
02/12/2021  12:05:23,206858;9,404820E-1;1,369303E-1;1,335282E-1;9,479204E-1;;
02/12/2021  12:05:23,206958;9,398740E-1;1,155854E-1;8,740209E-2;9,478775E-1;;
02/12/2021  12:05:23,207058;9,383213E-1;7,448858E-2;9,877564E-2;9,478192E-1;;
02/12/2021  12:05:23,207158;9,373646E-1;7,640006E-2;1,370034E-1;9,477457E-1;;
02/12/2021  12:05:23,207258;9,377491E-1;1,503106E-1;1,973464E-1;9,476570E-1;;
02/12/2021  12:05:23,207358;9,360592E-1;1,028422E-1;1,082536E-1;9,475533E-1;;
02/12/2021  12:05:23,207458;9,353499E-1;1,095324E-1;1,104651E-1;9,474345E-1;;
02/12/2021  12:05:23,207558;9,331952E-1;9,455912E-2;1,199431E-1;9,473005E-1;;
02/12/2021  12:05:23,207658;9,327541E-1;6,301970E-2;9,182514E-2;9,471511E-1;;
02/12/2021  12:05:23,207758;9,317497E-1;1,085766E-1;1,117289E-1;9,469860E-1;;
02/12/2021  12:05:23,207858;9,310225E-1;1,082581E-1;1,170997E-1;9,468046E-1;;
02/12/2021  12:05:23,207958;9,297440E-1;9,328480E-2;1,031987E-1;9,466068E-1;;
02/12/2021  12:05:23,208058;9,287515E-1;1,022050E-1;1,126766E-1;9,463920E-1;;
02/12/2021  12:05:23,208158;9,285489E-1;9,041758E-2;1,028828E-1;9,461599E-1;;
02/12/2021  12:05:23,208258;9,291718E-1;3,817046E-2;4,222381E-2;9,459102E-1;;
02/12/2021  12:05:23,208358;9,295711E-1;8,978042E-2;9,561632E-2;9,456429E-1;;
02/12/2021  12:05:23,208458;9,287009E-1;8,309024E-2;9,909157E-2;9,453580E-1;;
02/12/2021  12:05:23,208558;9,285638E-1;1,270543E-1;1,351078E-1;9,450561E-1;;
02/12/2021  12:05:23,208658;9,298334E-1;-3,244942E-3;5,043804E-2;9,447375E-1;;
02/12/2021  12:05:23,208758;9,305904E-1;1,076209E-1;1,145722E-1;9,444029E-1;;
02/12/2021  12:05:23,208858;9,307871E-1;1,104881E-1;1,212068E-1;9,440533E-1;;
02/12/2021  12:05:23,208958;9,305457E-1;1,382046E-1;1,597505E-1;9,436900E-1;;
02/12/2021  12:05:23,209058;9,297589E-1;1,356559E-1;1,069899E-1;9,433140E-1;;
02/12/2021  12:05:23,209158;9,304890E-1;1,241871E-1;1,294210E-1;9,429267E-1;;
02/12/2021  12:05:23,209258;9,312043E-1;1,843987E-1;1,509044E-1;9,425292E-1;;
02/12/2021  12:05:23,209358;9,305189E-1;1,605052E-1;1,407946E-1;9,421229E-1;;
02/12/2021  12:05:23,209458;9,297976E-1;1,687883E-1;1,578549E-1;9,417091E-1;;
02/12/2021  12:05:23,209558;9,292910E-1;1,719741E-1;1,534319E-1;9,412891E-1;;
02/12/2021  12:05:23,209658;9,302745E-1;1,815315E-1;1,663851E-1;9,408639E-1;;
02/12/2021  12:05:23,209758;9,303192E-1;1,541336E-1;1,603824E-1;9,404347E-1;;
02/12/2021  12:05:23,209858;9,289393E-1;1,515849E-1;1,452176E-1;9,400027E-1;;
02/12/2021  12:05:23,209958;9,283999E-1;1,468062E-1;1,398468E-1;9,395689E-1;;
02/12/2021  12:05:23,210058;9,281823E-1;1,337445E-1;1,382671E-1;9,391342E-1;;
02/12/2021  12:05:23,210158;9,293714E-1;1,225942E-1;1,161519E-1;9,386994E-1;;
02/12/2021  12:05:23,210258;9,292969E-1;1,369303E-1;1,414265E-1;9,382654E-1;;
02/12/2021  12:05:23,210358;9,287873E-1;1,337445E-1;1,373193E-1;9,378331E-1;;
02/12/2021  12:05:23,210458;9,280810E-1;1,311958E-1;1,284732E-1;9,374034E-1;;
02/12/2021  12:05:23,210558;9,284893E-1;1,391603E-1;9,940750E-2;9,369771E-1;;
02/12/2021  12:05:23,210658;9,299705E-1;1,439390E-1;1,654373E-1;9,365550E-1;;
02/12/2021  12:05:23,210758;9,306440E-1;1,210013E-1;1,310007E-1;9,361378E-1;;
02/12/2021  12:05:23,210858;9,303222E-1;1,241871E-1;1,347919E-1;9,357267E-1;;
02/12/2021  12:05:23,210958;9,295592E-1;1,168597E-1;1,278414E-1;9,353227E-1;;
02/12/2021  12:05:23,211058;9,297589E-1;5,027650E-2;1,107811E-1;9,349267E-1;;
02/12/2021  12:05:23,211158;9,305725E-1;1,375674E-1;1,322644E-1;9,345394E-1;;
02/12/2021  12:05:23,211258;9,314725E-1;1,197269E-1;1,224705E-1;9,341616E-1;;
02/12/2021  12:05:23,211358;9,308914E-1;1,222756E-1;1,325804E-1;9,337942E-1;;
02/12/2021  12:05:23,211458;9,297350E-1;1,069837E-1;1,208909E-1;9,334379E-1;;
02/12/2021  12:05:23,211558;9,307632E-1;1,420275E-1;1,407946E-1;9,330935E-1;;
02/12/2021  12:05:23,211658;9,325842E-1;1,289658E-1;1,594346E-1;9,327613E-1;;
02/12/2021  12:05:23,211758;9,324650E-1;1,225942E-1;1,256299E-1;9,324422E-1;;
02/12/2021  12:05:23,211858;9,320716E-1;1,334259E-1;1,284732E-1;9,321369E-1;;
02/12/2021  12:05:23,211958;9,316871E-1;1,108067E-1;1,325804E-1;9,318459E-1;;
02/12/2021  12:05:23,212058;9,316782E-1;1,127182E-1;8,013565E-2;9,315697E-1;;
02/12/2021  12:05:23,212158;9,334038E-1;1,308772E-1;1,373193E-1;9,313088E-1;;
02/12/2021  12:05:23,212258;9,337495E-1;1,315144E-1;1,328963E-1;9,310634E-1;;
02/12/2021  12:05:23,212358;9,329895E-1;1,213198E-1;1,284732E-1;9,308341E-1;;
02/12/2021  12:05:23,212458;9,330312E-1;1,264171E-1;1,376353E-1;9,306212E-1;;
02/12/2021  12:05:23,212558;9,339373E-1;1,194084E-1;1,076217E-1;9,304249E-1;;
02/12/2021  12:05:23,212658;9,347717E-1;-1,152802E-2;4,001229E-2;9,302455E-1;;
02/12/2021  12:05:23,212758;9,354870E-1;1,184526E-1;1,556434E-1;9,300832E-1;;
02/12/2021  12:05:23,212858;9,353767E-1;1,248242E-1;1,278414E-1;9,299383E-1;;
02/12/2021  12:05:23,212958;9,354900E-1;1,296029E-1;1,341600E-1;9,298111E-1;;
02/12/2021  12:05:23,213058;9,369086E-1;1,280100E-1;1,183634E-1;9,297018E-1;;
02/12/2021  12:05:23,213158;9,386491E-1;1,388417E-1;1,338441E-1;9,296107E-1;;
02/12/2021  12:05:23,213258;9,388309E-1;1,404346E-1;1,436380E-1;9,295380E-1;;
02/12/2021  12:05:23,213358;9,391289E-1;1,327887E-1;1,411105E-1;9,294844E-1;;
02/12/2021  12:05:23,213458;9,391349E-1;1,194084E-1;1,196272E-1;9,294501E-1;;
02/12/2021  12:05:23,213558;9,408963E-1;1,573194E-1;1,553275E-1;9,294353E-1;;
02/12/2021  12:05:23,213658;9,421867E-1;1,245056E-1;1,240502E-1;9,294405E-1;;
02/12/2021  12:05:23,213758;9,420616E-1;1,455319E-1;1,414265E-1;9,294660E-1;;
02/12/2021  12:05:23,213858;9,418410E-1;1,471248E-1;1,505885E-1;9,295120E-1;;
02/12/2021  12:05:23,213958;9,420347E-1;1,420275E-1;1,370034E-1;9,295788E-1;;
02/12/2021  12:05:23,214058;9,428513E-1;1,213198E-1;1,287892E-1;9,296663E-1;;
02/12/2021  12:05:23,214158;9,426785E-1;1,369303E-1;1,518522E-1;9,297745E-1;;
02/12/2021  12:05:23,214258;9,429288E-1;1,340630E-1;1,335282E-1;9,299030E-1;;
02/12/2021  12:05:23,214358;9,419245E-1;1,232313E-1;1,338441E-1;9,300515E-1;;
02/12/2021  12:05:23,214458;9,422612E-1;1,241871E-1;1,174156E-1;9,302195E-1;;
02/12/2021  12:05:23,214558;9,422076E-1;1,222756E-1;1,158360E-1;9,304062E-1;;
02/12/2021  12:05:23,214658;9,424341E-1;1,413904E-1;1,347919E-1;9,306109E-1;;
02/12/2021  12:05:23,214758;9,423179E-1;1,190898E-1;1,256299E-1;9,308326E-1;;
02/12/2021  12:05:23,214858;9,417695E-1;1,229127E-1;1,272095E-1;9,310703E-1;;
02/12/2021  12:05:23,214958;9,414208E-1;-3,244942E-3;5,802041E-2;9,313230E-1;;
02/12/2021  12:05:23,215058;9,426874E-1;1,353374E-1;1,613302E-1;9,315896E-1;;
02/12/2021  12:05:23,215158;9,428543E-1;1,245056E-1;1,265777E-1;9,318689E-1;;
02/12/2021  12:05:23,215258;9,427828E-1;1,464877E-1;1,398468E-1;9,321598E-1;;
02/12/2021  12:05:23,215358;9,423596E-1;1,315144E-1;1,170997E-1;9,324613E-1;;
02/12/2021  12:05:23,215458;9,429229E-1;1,401161E-1;1,512204E-1;9,327724E-1;;
02/12/2021  12:05:23,215558;9,450448E-1;1,426647E-1;1,439539E-1;9,330920E-1;;
02/12/2021  12:05:23,215658;9,455485E-1;1,219570E-1;1,310007E-1;9,334193E-1;;
02/12/2021  12:05:23,215758;9,451849E-1;1,139925E-1;1,259458E-1;9,337538E-1;;
02/12/2021  12:05:23,215858;9,454949E-1;1,238685E-1;1,294210E-1;9,340948E-1;;
02/12/2021  12:05:23,215958;9,462519E-1;1,426647E-1;1,275255E-1;9,344417E-1;;
02/12/2021  12:05:23,216058;9,479387E-1;1,311958E-1;1,237343E-1;9,347940E-1;;
02/12/2021  12:05:23,216158;9,486868E-1;1,194084E-1;1,275255E-1;9,351513E-1;;
02/12/2021  12:05:23,216258;9,487136E-1;1,264171E-1;1,354238E-1;9,355135E-1;;
02/12/2021  12:05:23,216358;9,484781E-1;1,353374E-1;1,420583E-1;9,358805E-1;;
02/12/2021  12:05:23,216458;9,496583E-1;1,318330E-1;1,341600E-1;9,362518E-1;;
02/12/2021  12:05:23,216558;9,512528E-1;1,190898E-1;1,237343E-1;9,366275E-1;;
02/12/2021  12:05:23,216658;9,516134E-1;1,143111E-1;1,240502E-1;9,370073E-1;;
02/12/2021  12:05:23,216758;9,507223E-1;1,225942E-1;1,196272E-1;9,373914E-1;;
02/12/2021  12:05:23,216858;9,506091E-1;8,022302E-2;8,487463E-2;9,377797E-1;;
02/12/2021  12:05:23,216958;9,509607E-1;1,273729E-1;1,208909E-1;9,381717E-1;;
02/12/2021  12:05:23,217058;9,525910E-1;1,429833E-1;1,594346E-1;9,385673E-1;;
02/12/2021  12:05:23,217158;9,527280E-1;1,410718E-1;1,505885E-1;9,389662E-1;;
02/12/2021  12:05:23,217258;9,525254E-1;1,340630E-1;1,335282E-1;9,393682E-1;;
02/12/2021  12:05:23,217358;9,518012E-1;1,165411E-1;1,246821E-1;9,397731E-1;;
02/12/2021  12:05:23,217458;9,530797E-1;1,013542E-2;5,644075E-2;9,401805E-1;;
02/12/2021  12:05:23,217558;9,536400E-1;1,264171E-1;1,227865E-1;9,405901E-1;;
02/12/2021  12:05:23,217658;9,535894E-1;1,397975E-1;1,136244E-1;9,410015E-1;;
02/12/2021  12:05:23,217758;9,530738E-1;1,445762E-1;1,411105E-1;9,414144E-1;;
02/12/2021  12:05:23,217858;9,525910E-1;1,260985E-1;1,275255E-1;9,418284E-1;;
02/12/2021  12:05:23,217958;9,533986E-1;1,200455E-1;1,110970E-1;9,422430E-1;;
02/12/2021  12:05:23,218058;9,541914E-1;1,095324E-1;9,688005E-2;9,426576E-1;;
02/12/2021  12:05:23,218158;9,539261E-1;1,347002E-1;1,170997E-1;9,430717E-1;;
02/12/2021  12:05:23,218258;9,531840E-1;1,104881E-1;1,243661E-1;9,434849E-1;;
02/12/2021  12:05:23,218358;9,524986E-1;1,178155E-1;1,120448E-1;9,438966E-1;;
02/12/2021  12:05:23,218458;9,533241E-1;1,245056E-1;1,303688E-1;9,443061E-1;;
02/12/2021  12:05:23,218558;9,540036E-1;1,251428E-1;1,499566E-1;9,447128E-1;;
02/12/2021  12:05:23,218658;9,533837E-1;1,302401E-1;1,360556E-1;9,451160E-1;;
02/12/2021  12:05:23,218758;9,524956E-1;1,273729E-1;1,013031E-1;9,455151E-1;;
02/12/2021  12:05:23,218858;9,516790E-1;8,054160E-2;1,278414E-1;9,459095E-1;;
02/12/2021  12:05:23,218958;9,521290E-1;1,206827E-1;1,268936E-1;9,462983E-1;;
02/12/2021  12:05:23,219058;9,526446E-1;1,394789E-1;1,370034E-1;9,466807E-1;;
02/12/2021  12:05:23,219158;9,519889E-1;1,356559E-1;1,240502E-1;9,470559E-1;;
02/12/2021  12:05:23,219258;9,513124E-1;1,267357E-1;1,158360E-1;9,474233E-1;;
02/12/2021  12:05:23,219358;9,521886E-1;9,774492E-2;7,002583E-2;9,477821E-1;;
02/12/2021  12:05:23,219458;9,531274E-1;1,611423E-1;1,695444E-1;9,481316E-1;;
02/12/2021  12:05:23,219558;9,537056E-1;1,327887E-1;1,313166E-1;9,484715E-1;;
02/12/2021  12:05:23,219658;9,539768E-1;1,238685E-1;1,442698E-1;9,488016E-1;;
02/12/2021  12:05:23,219758;9,532407E-1;1,248242E-1;1,246821E-1;9,491217E-1;;
02/12/2021  12:05:23,219858;9,530022E-1;9,870066E-2;9,940750E-2;9,494317E-1;;
02/12/2021  12:05:23,219958;9,548798E-1;1,053908E-1;1,016190E-1;9,497315E-1;;
02/12/2021  12:05:23,220058;9,558574E-1;1,060280E-1;1,227865E-1;9,500211E-1;;
02/12/2021  12:05:23,220158;9,551749E-1;1,101695E-1;1,272095E-1;9,503008E-1;;
02/12/2021  12:05:23,220258;9,548947E-1;1,165411E-1;1,189953E-1;9,505708E-1;;
02/12/2021  12:05:23,220358;9,550616E-1;1,143111E-1;1,382671E-1;9,508315E-1;;
02/12/2021  12:05:23,220458;9,561733E-1;1,378860E-1;1,534319E-1;9,510830E-1;;
02/12/2021  12:05:23,220558;9,562329E-1;1,079395E-1;1,189953E-1;9,513256E-1;;
02/12/2021  12:05:23,220658;9,562031E-1;1,101695E-1;1,066739E-1;9,515597E-1;;
02/12/2021  12:05:23,220758;9,555236E-1;1,022050E-1;1,249980E-1;9,517857E-1;;
02/12/2021  12:05:23,220858;9,551630E-1;1,069837E-1;1,161519E-1;9,520037E-1;;
02/12/2021  12:05:23,220958;9,566442E-1;5,378088E-2;8,677022E-2;9,522141E-1;;
02/12/2021  12:05:23,221058;9,565518E-1;8,500172E-2;1,035146E-1;9,524171E-1;;
02/12/2021  12:05:23,221158;9,558305E-1;9,901924E-2;1,069899E-1;9,526128E-1;;
02/12/2021  12:05:23,221258;9,554342E-1;6,301970E-2;1,044624E-1;9,528017E-1;;
02/12/2021  12:05:23,221358;9,561763E-1;1,009307E-1;1,117289E-1;9,529838E-1;;
02/12/2021  12:05:23,221458;9,569958E-1;6,015248E-2;9,561632E-2;9,531593E-1;;
02/12/2021  12:05:23,221558;9,571061E-1;1,057094E-1;8,740209E-2;9,533284E-1;;
02/12/2021  12:05:23,221658;9,559587E-1;1,232313E-1;1,297370E-1;9,534915E-1;;
02/12/2021  12:05:23,221758;9,553656E-1;1,034794E-1;1,262617E-1;9,536489E-1;;
02/12/2021  12:05:23,221858;9,566650E-1;1,210013E-1;1,152041E-1;9,538005E-1;;
02/12/2021  12:05:23,221958;9,572134E-1;1,388417E-1;1,328963E-1;9,539465E-1;;
02/12/2021  12:05:23,222058;9,568081E-1;1,394789E-1;1,357397E-1;9,540872E-1;;
02/12/2021  12:05:23,222158;9,569660E-1;1,525407E-1;1,392149E-1;9,542227E-1;;
02/12/2021  12:05:23,222258;9,565249E-1;1,675139E-1;1,486929E-1;9,543534E-1;;
02/12/2021  12:05:23,222358;9,574280E-1;1,013542E-2;8,361090E-2;9,544795E-1;;
02/12/2021  12:05:23,222458;9,585933E-1;1,611423E-1;1,496407E-1;9,546012E-1;;
02/12/2021  12:05:23,222558;9,583996E-1;1,691068E-1;1,518522E-1;9,547188E-1;;
02/12/2021  12:05:23,222658;9,583757E-1;1,375674E-1;1,388990E-1;9,548329E-1;;
02/12/2021  12:05:23,222758;9,581850E-1;1,321516E-1;1,183634E-1;9,549439E-1;;
02/12/2021  12:05:23,222858;9,588436E-1;1,611423E-1;1,831295E-1;9,550521E-1;;
02/12/2021  12:05:23,222958;9,594367E-1;1,410718E-1;1,458495E-1;9,551579E-1;;
02/12/2021  12:05:23,223058;9,595917E-1;1,216384E-1;1,208909E-1;9,552617E-1;;
02/12/2021  12:05:23,223158;9,593503E-1;1,053908E-1;1,234183E-1;9,553640E-1;;
02/12/2021  12:05:23,223258;9,594546E-1;1,206827E-1;1,268936E-1;9,554652E-1;;
02/12/2021  12:05:23,223358;9,603964E-1;1,385232E-1;1,423743E-1;9,555655E-1;;
02/12/2021  12:05:23,223458;9,606795E-1;1,187712E-1;1,224705E-1;9,556654E-1;;
02/12/2021  12:05:23,223558;9,608672E-1;1,149482E-1;1,129926E-1;9,557654E-1;;
02/12/2021  12:05:23,223658;9,593890E-1;1,321516E-1;1,262617E-1;9,558657E-1;;
02/12/2021  12:05:23,223758;9,595231E-1;1,471248E-1;1,591187E-1;9,559667E-1;;
02/12/2021  12:05:23,223858;9,600238E-1;1,347002E-1;1,648054E-1;9,560684E-1;;
02/12/2021  12:05:23,223958;9,598927E-1;1,238685E-1;1,237343E-1;9,561707E-1;;
02/12/2021  12:05:23,224058;9,598480E-1;1,276914E-1;1,297370E-1;9,562738E-1;;
02/12/2021  12:05:23,224158;9,588466E-1;1,194084E-1;1,237343E-1;9,563776E-1;;
02/12/2021  12:05:23,224258;9,589688E-1;1,238685E-1;1,234183E-1;9,564820E-1;;
02/12/2021  12:05:23,224358;9,589658E-1;1,235499E-1;1,306848E-1;9,565867E-1;;
02/12/2021  12:05:23,224458;9,594635E-1;1,267357E-1;1,152041E-1;9,566916E-1;;
02/12/2021  12:05:23,224558;9,586410E-1;1,130368E-1;1,199431E-1;9,567963E-1;;
02/12/2021  12:05:23,224658;9,576426E-1;1,245056E-1;1,278414E-1;9,569006E-1;;
02/12/2021  12:05:23,224758;9,578005E-1;1,162226E-1;1,126766E-1;9,570042E-1;;
02/12/2021  12:05:23,224858;9,583042E-1;1,127182E-1;1,110970E-1;9,571065E-1;;
02/12/2021  12:05:23,224958;9,586022E-1;1,031608E-1;1,120448E-1;9,572072E-1;;
02/12/2021  12:05:23,225058;9,580062E-1;1,267357E-1;1,332122E-1;9,573060E-1;;
02/12/2021  12:05:23,225158;9,571538E-1;1,592309E-1;1,433221E-1;9,574026E-1;;
02/12/2021  12:05:23,225258;9,567067E-1;1,117624E-1;1,208909E-1;9,574966E-1;;
02/12/2021  12:05:23,225358;9,573088E-1;1,260985E-1;1,294210E-1;9,575875E-1;;
02/12/2021  12:05:23,225458;9,564832E-1;1,267357E-1;1,303688E-1;9,576750E-1;;
02/12/2021  12:05:23,225558;9,566829E-1;1,413904E-1;1,401627E-1;9,577585E-1;;
02/12/2021  12:05:23,225658;9,551451E-1;3,530324E-2;6,023194E-2;9,578376E-1;;
02/12/2021  12:05:23,225758;9,554699E-1;1,286472E-1;1,316326E-1;9,579119E-1;;
02/12/2021  12:05:23,225858;9,561345E-1;1,512664E-1;1,638576E-1;9,579807E-1;;
02/12/2021  12:05:23,225958;9,552673E-1;1,241871E-1;1,300529E-1;9,580438E-1;;
02/12/2021  12:05:23,226058;9,539798E-1;1,369303E-1;1,278414E-1;9,581007E-1;;
02/12/2021  12:05:23,226158;9,535894E-1;1,289658E-1;1,262617E-1;9,581509E-1;;
02/12/2021  12:05:23,226258;9,536817E-1;1,200455E-1;1,268936E-1;9,581939E-1;;
02/12/2021  12:05:23,226358;9,538904E-1;1,241871E-1;1,164678E-1;9,582292E-1;;
02/12/2021  12:05:23,226458;9,535774E-1;1,257800E-1;1,120448E-1;9,582564E-1;;
02/12/2021  12:05:23,226558;9,529009E-1;1,267357E-1;1,196272E-1;9,582751E-1;;
02/12/2021  12:05:23,226658;9,512498E-1;1,063466E-1;1,158360E-1;9,582851E-1;;
02/12/2021  12:05:23,226758;9,517177E-1;1,174969E-1;8,613836E-2;9,582858E-1;;
02/12/2021  12:05:23,226858;9,516641E-1;1,009307E-1;7,760819E-2;9,582768E-1;;
02/12/2021  12:05:23,226958;9,515687E-1;9,360338E-2;9,214107E-2;9,582578E-1;;
02/12/2021  12:05:23,227058;9,504928E-1;1,133553E-1;1,218387E-1;9,582285E-1;;
02/12/2021  12:05:23,227158;9,504153E-1;1,276914E-1;1,275255E-1;9,581886E-1;;
02/12/2021  12:05:23,227258;9,510710E-1;1,468062E-1;1,411105E-1;9,581380E-1;;
02/12/2021  12:05:23,227358;9,509250E-1;1,190898E-1;1,404787E-1;9,580766E-1;;
02/12/2021  12:05:23,227458;9,501441E-1;1,187712E-1;1,180475E-1;9,580043E-1;;
02/12/2021  12:05:23,227558;9,493067E-1;1,178155E-1;1,041465E-1;9,579213E-1;;
02/12/2021  12:05:23,227658;9,482427E-1;1,203641E-1;1,581709E-1;9,578275E-1;;
02/12/2021  12:05:23,227758;9,485854E-1;1,413904E-1;1,360556E-1;9,577227E-1;;
02/12/2021  12:05:23,227858;9,487017E-1;1,299215E-1;1,316326E-1;9,576070E-1;;
02/12/2021  12:05:23,227958;9,479387E-1;1,229127E-1;1,202590E-1;9,574803E-1;;
02/12/2021  12:05:23,228058;9,464009E-1;9,455912E-2;1,095173E-1;9,573426E-1;;
02/12/2021  12:05:23,228158;9,457869E-1;1,656025E-1;2,096678E-1;9,571939E-1;;
02/12/2021  12:05:23,228258;9,465946E-1;1,181340E-1;1,695444E-1;9,570341E-1;;
02/12/2021  12:05:23,228358;9,453667E-1;1,292843E-1;1,227865E-1;9,568631E-1;;
02/12/2021  12:05:23,228458;9,447319E-1;1,308772E-1;1,553275E-1;9,566809E-1;;
02/12/2021  12:05:23,228558;9,430540E-1;1,315144E-1;1,373193E-1;9,564874E-1;;
02/12/2021  12:05:23,228658;9,424401E-1;1,174969E-1;9,593225E-2;9,562824E-1;;
02/12/2021  12:05:23,228758;9,418947E-1;1,044351E-1;9,909157E-2;9,560656E-1;;
02/12/2021  12:05:23,228858;9,419543E-1;1,117624E-1;1,145722E-1;9,558369E-1;;
02/12/2021  12:05:23,228958;9,404611E-1;1,337445E-1;1,518522E-1;9,555960E-1;;
02/12/2021  12:05:23,229058;9,399724E-1;1,276914E-1;1,291051E-1;9,553427E-1;;
02/12/2021  12:05:23,229158;9,393078E-1;1,168597E-1;1,215227E-1;9,550769E-1;;
02/12/2021  12:05:23,229258;9,392482E-1;1,538150E-1;1,461654E-1;9,547983E-1;;
02/12/2021  12:05:23,229358;9,387445E-1;1,260985E-1;1,237343E-1;9,545070E-1;;
02/12/2021  12:05:23,229458;9,374480E-1;1,267357E-1;1,249980E-1;9,542029E-1;;
02/12/2021  12:05:23,229558;9,362619E-1;1,009307E-1;1,215227E-1;9,538859E-1;;
02/12/2021  12:05:23,229658;9,355615E-1;1,264171E-1;1,268936E-1;9,535560E-1;;
02/12/2021  12:05:23,229758;9,358297E-1;1,238685E-1;1,231024E-1;9,532129E-1;;
02/12/2021  12:05:23,229858;9,347688E-1;1,410718E-1;1,430061E-1;9,528568E-1;;
02/12/2021  12:05:23,229958;9,333233E-1;1,378860E-1;1,259458E-1;9,524875E-1;;
02/12/2021  12:05:23,230058;9,327571E-1;5,993878E-3;8,866581E-2;9,521050E-1;;
02/12/2021  12:05:23,230158;9,318898E-1;1,187712E-1;1,262617E-1;9,517092E-1;;
02/12/2021  12:05:23,230258;9,317944E-1;7,671864E-2;9,530039E-2;9,513002E-1;;
02/12/2021  12:05:23,230358;9,311626E-1;1,675139E-1;2,159864E-1;9,508779E-1;;
02/12/2021  12:05:23,230458;9,304592E-1;1,264171E-1;1,278414E-1;9,504424E-1;;
02/12/2021  12:05:23,230558;9,287337E-1;1,152668E-1;1,114129E-1;9,499939E-1;;
02/12/2021  12:05:23,230658;9,285757E-1;1,417090E-1;1,505885E-1;9,495325E-1;;
02/12/2021  12:05:23,230758;9,290764E-1;1,483991E-1;1,436380E-1;9,490581E-1;;
02/12/2021  12:05:23,230858;9,290257E-1;1,219570E-1;1,291051E-1;9,485712E-1;;
02/12/2021  12:05:23,230958;9,275028E-1;1,292843E-1;1,322644E-1;9,480721E-1;;
02/12/2021  12:05:23,231058;9,269604E-1;1,203641E-1;1,208909E-1;9,475613E-1;;
02/12/2021  12:05:23,231158;9,275594E-1;9,137332E-2;1,000394E-1;9,470392E-1;;
02/12/2021  12:05:23,231258;9,279409E-1;1,321516E-1;1,310007E-1;9,465064E-1;;
02/12/2021  12:05:23,231358;9,277174E-1;1,289658E-1;1,218387E-1;9,459637E-1;;
02/12/2021  12:05:23,231458;9,271124E-1;1,340630E-1;1,452176E-1;9,454118E-1;;
02/12/2021  12:05:23,231558;9,265074E-1;1,238685E-1;1,303688E-1;9,448518E-1;;
02/12/2021  12:05:23,231658;9,273210E-1;1,359745E-1;1,303688E-1;9,442845E-1;;
02/12/2021  12:05:23,231758;9,275058E-1;1,280100E-1;1,509044E-1;9,437109E-1;;
02/12/2021  12:05:23,231858;9,268501E-1;1,283286E-1;1,231024E-1;9,431321E-1;;
02/12/2021  12:05:23,231958;9,257414E-1;1,394789E-1;1,426902E-1;9,425491E-1;;
02/12/2021  12:05:23,232058;9,256133E-1;1,493549E-1;1,376353E-1;9,419629E-1;;
02/12/2021  12:05:23,232158;9,254851E-1;1,308772E-1;1,249980E-1;9,413745E-1;;
02/12/2021  12:05:23,232258;9,257742E-1;1,165411E-1;1,300529E-1;9,407847E-1;;
02/12/2021  12:05:23,232358;9,249874E-1;1,254614E-1;1,287892E-1;9,401944E-1;;
02/12/2021  12:05:23,232458;9,234704E-1;1,311958E-1;1,227865E-1;9,396045E-1;;
02/12/2021  12:05:23,232558;9,226300E-1;1,404346E-1;1,395309E-1;9,390157E-1;;
02/12/2021  12:05:23,232658;9,232052E-1;1,098510E-1;1,183634E-1;9,384284E-1;;
02/12/2021  12:05:23,232758;9,229996E-1;9,774492E-2;1,101492E-1;9,378433E-1;;
02/12/2021  12:05:23,232858;9,229101E-1;1,165411E-1;1,231024E-1;9,372607E-1;;
02/12/2021  12:05:23,232958;9,224273E-1;1,120810E-1;1,240502E-1;9,366815E-1;;
02/12/2021  12:05:23,233058;9,225197E-1;1,127182E-1;1,306848E-1;9,361060E-1;;
02/12/2021  12:05:23,233158;9,229399E-1;1,111253E-1;1,215227E-1;9,355350E-1;;
02/12/2021  12:05:23,233258;9,235002E-1;1,034794E-1;1,212068E-1;9,349691E-1;;
02/12/2021  12:05:23,233358;9,229608E-1;1,123996E-1;1,354238E-1;9,344091E-1;;
02/12/2021  12:05:23,233458;9,226687E-1;1,095324E-1;1,193112E-1;9,338557E-1;;
02/12/2021  12:05:23,233558;9,225197E-1;1,041165E-1;9,845971E-2;9,333096E-1;;
02/12/2021  12:05:23,233658;9,234436E-1;1,018865E-1;1,155200E-1;9,327715E-1;;
02/12/2021  12:05:23,233758;9,237834E-1;9,583344E-2;1,224705E-1;9,322422E-1;;
02/12/2021  12:05:23,233858;9,232141E-1;1,178155E-1;1,325804E-1;9,317223E-1;;
02/12/2021  12:05:23,233958;9,230443E-1;7,671864E-2;1,126766E-1;9,312126E-1;;
02/12/2021  12:05:23,234058;9,228058E-1;5,250656E-2;7,666040E-2;9,307138E-1;;
02/12/2021  12:05:23,234158;9,234764E-1;1,088952E-1;1,249980E-1;9,302265E-1;;
02/12/2021  12:05:23,234258;9,232886E-1;1,299215E-1;1,268936E-1;9,297511E-1;;
02/12/2021  12:05:23,234358;9,230115E-1;1,057094E-1;1,136244E-1;9,292883E-1;;
02/12/2021  12:05:23,234458;9,220816E-1;1,802571E-1;2,080881E-1;9,288385E-1;;
02/12/2021  12:05:23,234558;9,220578E-1;1,136739E-1;1,325804E-1;9,284019E-1;;
02/12/2021  12:05:23,234658;9,221531E-1;7,767438E-2;1,038306E-1;9,279788E-1;;
02/12/2021  12:05:23,234758;9,226449E-1;1,815315E-1;1,667010E-1;9,275693E-1;;
02/12/2021  12:05:23,234858;9,219773E-1;1,385232E-1;1,379512E-1;9,271736E-1;;
02/12/2021  12:05:23,234958;9,214409E-1;1,410718E-1;1,325804E-1;9,267916E-1;;
02/12/2021  12:05:23,235058;9,220935E-1;1,464877E-1;1,392149E-1;9,264236E-1;;
02/12/2021  12:05:23,235158;9,226270E-1;1,793014E-1;1,395309E-1;9,260694E-1;;
02/12/2021  12:05:23,235258;9,223975E-1;1,506292E-1;1,110970E-1;9,257292E-1;;
02/12/2021  12:05:23,235358;9,225257E-1;1,525407E-1;1,493248E-1;9,254029E-1;;
02/12/2021  12:05:23,235458;9,222157E-1;1,640096E-1;1,559593E-1;9,250907E-1;;
02/12/2021  12:05:23,235558;9,225704E-1;1,544522E-1;1,341600E-1;9,247925E-1;;
02/12/2021  12:05:23,235658;9,236046E-1;1,267357E-1;1,199431E-1;9,245083E-1;;
02/12/2021  12:05:23,235758;9,234615E-1;6,301970E-2;8,771802E-2;9,242382E-1;;
02/12/2021  12:05:23,235858;9,235092E-1;1,324701E-1;1,310007E-1;9,239824E-1;;
02/12/2021  12:05:23,235958;9,231873E-1;1,404346E-1;1,291051E-1;9,237408E-1;;
02/12/2021  12:05:23,236058;9,241857E-1;1,496735E-1;1,436380E-1;9,235136E-1;;
02/12/2021  12:05:23,236158;9,250202E-1;1,331073E-1;1,629098E-1;9,233007E-1;;
02/12/2021  12:05:23,236258;9,246894E-1;1,327887E-1;1,281573E-1;9,231022E-1;;
02/12/2021  12:05:23,236358;9,241440E-1;7,417000E-2;7,350108E-2;9,229183E-1;;
02/12/2021  12:05:23,236458;9,236969E-1;1,490363E-1;1,802861E-1;9,227490E-1;;
02/12/2021  12:05:23,236558;9,241350E-1;1,114439E-1;1,158360E-1;9,225941E-1;;
02/12/2021  12:05:23,236658;9,240516E-1;1,203641E-1;1,284732E-1;9,224532E-1;;
02/12/2021  12:05:23,236758;9,243526E-1;1,276914E-1;1,243661E-1;9,223263E-1;;
02/12/2021  12:05:23,236858;9,242036E-1;9,519628E-2;1,050943E-1;9,222129E-1;;
02/12/2021  12:05:23,236958;9,237148E-1;5,792242E-2;4,064415E-2;9,221127E-1;;
02/12/2021  12:05:23,237058;9,250113E-1;1,464877E-1;1,313166E-1;9,220255E-1;;
02/12/2021  12:05:23,237158;9,256729E-1;1,101695E-1;1,284732E-1;9,219509E-1;;
02/12/2021  12:05:23,237258;9,256282E-1;1,519035E-1;1,692285E-1;9,218887E-1;;
02/12/2021  12:05:23,237358;9,255656E-1;1,267357E-1;1,237343E-1;9,218387E-1;;
02/12/2021  12:05:23,237458;9,253272E-1;1,248242E-1;1,287892E-1;9,218008E-1;;
02/12/2021  12:05:23,237558;9,266683E-1;1,206827E-1;1,306848E-1;9,217746E-1;;
02/12/2021  12:05:23,237658;9,271660E-1;1,433019E-1;1,499566E-1;9,217601E-1;;
02/12/2021  12:05:23,237758;9,274164E-1;1,496735E-1;1,606983E-1;9,217570E-1;;
02/12/2021  12:05:23,237858;9,276071E-1;1,187712E-1;1,313166E-1;9,217654E-1;;
02/12/2021  12:05:23,237958;9,282181E-1;1,101695E-1;1,152041E-1;9,217852E-1;;
02/12/2021  12:05:23,238058;9,293625E-1;1,190898E-1;1,319485E-1;9,218163E-1;;
02/12/2021  12:05:23,238158;9,299943E-1;1,353374E-1;1,316326E-1;9,218588E-1;;
02/12/2021  12:05:23,238258;9,308020E-1;1,104881E-1;8,771802E-2;9,219129E-1;;
02/12/2021  12:05:23,238358;9,302774E-1;1,225942E-1;1,701763E-1;9,219787E-1;;
02/12/2021  12:05:23,238458;9,305725E-1;1,178155E-1;1,148882E-1;9,220564E-1;;
02/12/2021  12:05:23,238558;9,320805E-1;1,117624E-1;1,322644E-1;9,221460E-1;;
02/12/2021  12:05:23,238658;9,328286E-1;1,238685E-1;1,259458E-1;9,222476E-1;;
02/12/2021  12:05:23,238758;9,333114E-1;9,392196E-2;9,972343E-2;9,223614E-1;;
02/12/2021  12:05:23,238858;9,337704E-1;1,123996E-1;1,079377E-1;9,224876E-1;;
02/12/2021  12:05:23,238958;9,344976E-1;1,280100E-1;1,341600E-1;9,226264E-1;;
02/12/2021  12:05:23,239058;9,359490E-1;1,445762E-1;1,253139E-1;9,227780E-1;;
02/12/2021  12:05:23,239158;9,368818E-1;3,848904E-2;4,032822E-2;9,229427E-1;;
02/12/2021  12:05:23,239258;9,375136E-1;1,053908E-1;1,183634E-1;9,231209E-1;;
02/12/2021  12:05:23,239358;9,372305E-1;1,187712E-1;1,164678E-1;9,233129E-1;;
02/12/2021  12:05:23,239458;9,381842E-1;1,270543E-1;1,493248E-1;9,235190E-1;;
02/12/2021  12:05:23,239558;9,406489E-1;1,155854E-1;1,152041E-1;9,237394E-1;;
02/12/2021  12:05:23,239658;9,408635E-1;1,060280E-1;1,114129E-1;9,239744E-1;;
02/12/2021  12:05:23,239758;9,413791E-1;1,296029E-1;1,259458E-1;9,242244E-1;;
02/12/2021  12:05:23,239858;9,414089E-1;1,477620E-1;1,426902E-1;9,244899E-1;;
02/12/2021  12:05:23,239958;9,439213E-1;9,647060E-2;1,148882E-1;9,247709E-1;;
02/12/2021  12:05:23,240058;9,458465E-1;1,280100E-1;1,202590E-1;9,250679E-1;;
02/12/2021  12:05:23,240158;9,460015E-1;1,159040E-1;1,186794E-1;9,253814E-1;;
02/12/2021  12:05:23,240258;9,461505E-1;1,241871E-1;1,496407E-1;9,257118E-1;;
02/12/2021  12:05:23,240358;9,463651E-1;1,273729E-1;1,325804E-1;9,260595E-1;;
02/12/2021  12:05:23,240458;9,478493E-1;1,299215E-1;1,231024E-1;9,264246E-1;;
02/12/2021  12:05:23,240558;9,486748E-1;1,474434E-1;1,512204E-1;9,268073E-1;;
02/12/2021  12:05:23,240658;9,490027E-1;1,216384E-1;1,218387E-1;9,272077E-1;;
02/12/2021  12:05:23,240758;9,491964E-1;1,308772E-1;1,433221E-1;9,276258E-1;;
02/12/2021  12:05:23,240858;9,493842E-1;1,264171E-1;1,284732E-1;9,280614E-1;;
02/12/2021  12:05:23,240958;9,506210E-1;1,165411E-1;1,208909E-1;9,285143E-1;;
02/12/2021  12:05:23,241058;9,525403E-1;1,152668E-1;1,253139E-1;9,289842E-1;;
02/12/2021  12:05:23,241158;9,521350E-1;1,347002E-1;1,291051E-1;9,294709E-1;;
02/12/2021  12:05:23,241258;9,519234E-1;1,442576E-1;1,265777E-1;9,299740E-1;;
02/12/2021  12:05:23,241358;9,519621E-1;5,951532E-2;1,366875E-1;9,304932E-1;;
02/12/2021  12:05:23,241458;9,533480E-1;1,592309E-1;2,099837E-1;9,310278E-1;;
02/12/2021  12:05:23,241558;9,543106E-1;1,232313E-1;1,246821E-1;9,315771E-1;;
02/12/2021  12:05:23,241658;9,547040E-1;1,318330E-1;1,306848E-1;9,321406E-1;;
02/12/2021  12:05:23,241758;9,544805E-1;1,162226E-1;1,224705E-1;9,327176E-1;;
02/12/2021  12:05:23,241858;9,542212E-1;1,264171E-1;1,212068E-1;9,333074E-1;;
02/12/2021  12:05:23,241958;9,563759E-1;1,397975E-1;1,388990E-1;9,339093E-1;;
02/12/2021  12:05:23,242058;9,571389E-1;1,276914E-1;1,325804E-1;9,345222E-1;;
02/12/2021  12:05:23,242158;9,573416E-1;1,331073E-1;1,373193E-1;9,351457E-1;;
02/12/2021  12:05:23,242258;9,572313E-1;1,356559E-1;1,310007E-1;9,357791E-1;;
02/12/2021  12:05:23,242358;9,570316E-1;1,082581E-1;9,845971E-2;9,364214E-1;;
02/12/2021  12:05:23,242458;9,578333E-1;1,229127E-1;1,189953E-1;9,370720E-1;;
02/12/2021  12:05:23,242558;9,588108E-1;1,302401E-1;1,278414E-1;9,377297E-1;;
02/12/2021  12:05:23,242658;9,592042E-1;1,203641E-1;1,136244E-1;9,383938E-1;;
02/12/2021  12:05:23,242758;9,592042E-1;7,448858E-2;7,065769E-2;9,390635E-1;;
02/12/2021  12:05:23,242858;9,595172E-1;1,280100E-1;1,322644E-1;9,397378E-1;;
02/12/2021  12:05:23,242958;9,611504E-1;1,260985E-1;1,148882E-1;9,404159E-1;;
02/12/2021  12:05:23,243058;9,611265E-1;1,213198E-1;1,189953E-1;9,410971E-1;;
02/12/2021  12:05:23,243158;9,616898E-1;1,114439E-1;1,158360E-1;9,417807E-1;;
02/12/2021  12:05:23,243258;9,609984E-1;7,926728E-2;1,234183E-1;9,424659E-1;;
02/12/2021  12:05:23,243358;9,616540E-1;1,245056E-1;1,294210E-1;9,431520E-1;;
02/12/2021  12:05:23,243458;9,626584E-1;1,264171E-1;1,243661E-1;9,438381E-1;;
02/12/2021  12:05:23,243558;9,628670E-1;1,085766E-1;1,085695E-1;9,445234E-1;;
02/12/2021  12:05:23,243658;9,629058E-1;1,232313E-1;1,221546E-1;9,452074E-1;;
02/12/2021  12:05:23,243758;9,623127E-1;1,366117E-1;1,347919E-1;9,458892E-1;;
02/12/2021  12:05:23,243858;9,629028E-1;1,503106E-1;1,376353E-1;9,465680E-1;;
02/12/2021  12:05:23,243958;9,633916E-1;1,280100E-1;1,063580E-1;9,472431E-1;;
02/12/2021  12:05:23,244058;9,633469E-1;7,448858E-2;6,560278E-2;9,479135E-1;;
02/12/2021  12:05:23,244158;9,631591E-1;1,165411E-1;1,253139E-1;9,485786E-1;;
02/12/2021  12:05:23,244258;9,621547E-1;1,311958E-1;1,297370E-1;9,492375E-1;;
02/12/2021  12:05:23,244358;9,621726E-1;5,356718E-3;5,454516E-2;9,498893E-1;;
02/12/2021  12:05:23,244458;9,629237E-1;1,006121E-1;1,158360E-1;9,505329E-1;;
02/12/2021  12:05:23,244558;9,630011E-1;1,178155E-1;1,240502E-1;9,511675E-1;;
02/12/2021  12:05:23,244658;9,621994E-1;1,404346E-1;1,433221E-1;9,517921E-1;;
02/12/2021  12:05:23,244758;9,613948E-1;1,280100E-1;1,177316E-1;9,524059E-1;;
02/12/2021  12:05:23,244858;9,619133E-1;3,148028E-2;3,748483E-2;9,530079E-1;;
02/12/2021  12:05:23,244958;9,627925E-1;1,276914E-1;1,540637E-1;9,535972E-1;;
02/12/2021  12:05:23,245058;9,618656E-1;1,270543E-1;1,212068E-1;9,541729E-1;;
02/12/2021  12:05:23,245158;9,614305E-1;9,742634E-2;1,016190E-1;9,547343E-1;;
02/12/2021  12:05:23,245258;9,611146E-1;1,216384E-1;1,199431E-1;9,552807E-1;;
02/12/2021  12:05:23,245358;9,612606E-1;1,321516E-1;1,259458E-1;9,558112E-1;;
02/12/2021  12:05:23,245458;9,619759E-1;1,337445E-1;1,322644E-1;9,563251E-1;;
02/12/2021  12:05:23,245558;9,609358E-1;1,219570E-1;1,325804E-1;9,568219E-1;;
02/12/2021  12:05:23,245658;9,603517E-1;1,181340E-1;1,297370E-1;9,573009E-1;;
02/12/2021  12:05:23,245758;9,594069E-1;9,774492E-2;1,054102E-1;9,577616E-1;;
02/12/2021  12:05:23,245858;9,603844E-1;1,047537E-1;1,035146E-1;9,582033E-1;;
02/12/2021  12:05:23,245958;9,604291E-1;1,292843E-1;1,328963E-1;9,586254E-1;;
02/12/2021  12:05:23,246058;9,597735E-1;1,324701E-1;1,638576E-1;9,590275E-1;;
02/12/2021  12:05:23,246158;9,587155E-1;1,117624E-1;1,183634E-1;9,594093E-1;;
02/12/2021  12:05:23,246258;9,572372E-1;9,615202E-2;1,142563E-1;9,597703E-1;;
02/12/2021  12:05:23,246358;9,569929E-1;6,556834E-2;1,360556E-1;9,601099E-1;;
02/12/2021  12:05:23,246458;9,566710E-1;1,174969E-1;1,199431E-1;9,604276E-1;;
02/12/2021  12:05:23,246558;9,565190E-1;1,006121E-1;1,104651E-1;9,607228E-1;;
02/12/2021  12:05:23,246658;9,550825E-1;1,006121E-1;1,104651E-1;9,609949E-1;;
02/12/2021  12:05:23,246758;9,540036E-1;8,340882E-2;1,009872E-1;9,612435E-1;;
02/12/2021  12:05:23,246858;9,547785E-1;1,127182E-1;1,208909E-1;9,614680E-1;;
02/12/2021  12:05:23,246958;9,542748E-1;9,009900E-2;1,044624E-1;9,616680E-1;;
02/12/2021  12:05:23,247058;9,540722E-1;8,914326E-2;1,050943E-1;9,618432E-1;;
02/12/2021  12:05:23,247158;9,518936E-1;-9,935122E-3;6,023194E-2;9,619935E-1;;
02/12/2021  12:05:23,247258;9,510919E-1;1,002936E-1;1,117289E-1;9,621186E-1;;
02/12/2021  12:05:23,247358;9,512975E-1;1,028422E-1;1,114129E-1;9,622181E-1;;
02/12/2021  12:05:23,247458;9,512230E-1;1,063466E-1;1,155200E-1;9,622918E-1;;
02/12/2021  12:05:23,247558;9,498848E-1;1,123996E-1;1,215227E-1;9,623396E-1;;
02/12/2021  12:05:23,247658;9,486242E-1;3,753330E-2;8,677022E-2;9,623614E-1;;
02/12/2021  12:05:23,247758;9,483858E-1;1,433019E-1;1,477451E-1;9,623570E-1;;
02/12/2021  12:05:23,247858;9,482993E-1;1,267357E-1;1,344760E-1;9,623265E-1;;
02/12/2021  12:05:23,247958;9,468986E-1;1,184526E-1;1,208909E-1;9,622698E-1;;
02/12/2021  12:05:23,248058;9,459568E-1;1,347002E-1;1,275255E-1;9,621870E-1;;
02/12/2021  12:05:23,248158;9,442491E-1;1,671954E-1;1,347919E-1;9,620781E-1;;
02/12/2021  12:05:23,248258;9,439391E-1;1,821686E-1;1,739675E-1;9,619430E-1;;
02/12/2021  12:05:23,248358;9,437573E-1;6,716124E-2;1,079377E-1;9,617818E-1;;
02/12/2021  12:05:23,248458;9,427679E-1;1,573194E-1;1,449017E-1;9,615944E-1;;
02/12/2021  12:05:23,248558;9,416562E-1;1,710183E-1;1,625939E-1;9,613810E-1;;
02/12/2021  12:05:23,248658;9,402108E-1;1,474434E-1;1,467973E-1;9,611417E-1;;
02/12/2021  12:05:23,248758;9,394687E-1;1,483991E-1;1,388990E-1;9,608768E-1;;
02/12/2021  12:05:23,248858;9,395849E-1;1,337445E-1;1,291051E-1;9,605862E-1;;
02/12/2021  12:05:23,248958;9,393614E-1;1,178155E-1;9,530039E-2;9,602702E-1;;
02/12/2021  12:05:23,249058;9,378951E-1;1,251428E-1;1,325804E-1;9,599293E-1;;
02/12/2021  12:05:23,249158;9,366106E-1;1,254614E-1;1,221546E-1;9,595638E-1;;
02/12/2021  12:05:23,249258;9,364705E-1;1,066652E-1;1,202590E-1;9,591743E-1;;
02/12/2021  12:05:23,249358;9,360861E-1;1,372488E-1;1,783905E-1;9,587610E-1;;
02/12/2021  12:05:23,249458;9,357195E-1;1,283286E-1;1,284732E-1;9,583247E-1;;
02/12/2021  12:05:23,249558;9,351741E-1;1,480806E-1;1,461654E-1;9,578659E-1;;
02/12/2021  12:05:23,249658;9,338389E-1;1,331073E-1;1,272095E-1;9,573854E-1;;
02/12/2021  12:05:23,249758;9,335230E-1;1,219570E-1;1,278414E-1;9,568840E-1;;
02/12/2021  12:05:23,249858;9,338151E-1;1,327887E-1;1,445858E-1;9,563624E-1;;
02/12/2021  12:05:23,249958;9,327273E-1;1,359745E-1;1,392149E-1;9,558216E-1;;
02/12/2021  12:05:23,250058;9,313861E-1;7,703722E-2;8,076751E-2;9,552623E-1;;
02/12/2021  12:05:23,250158;9,298423E-1;1,213198E-1;1,534319E-1;9,546855E-1;;
02/12/2021  12:05:23,250258;9,296367E-1;1,401161E-1;1,496407E-1;9,540919E-1;;
02/12/2021  12:05:23,250358;9,291688E-1;1,397975E-1;1,351078E-1;9,534821E-1;;
02/12/2021  12:05:23,250458;9,284386E-1;1,241871E-1;1,357397E-1;9,528569E-1;;
02/12/2021  12:05:23,250558;9,270081E-1;1,197269E-1;1,170997E-1;9,522170E-1;;
02/12/2021  12:05:23,250658;9,257772E-1;1,353374E-1;1,521681E-1;9,515631E-1;;
02/12/2021  12:05:23,250758;9,257683E-1;1,347002E-1;1,426902E-1;9,508959E-1;;
02/12/2021  12:05:23,250858;9,256192E-1;1,076209E-1;1,249980E-1;9,502158E-1;;
02/12/2021  12:05:23,250958;9,248742E-1;1,232313E-1;1,439539E-1;9,495237E-1;;
02/12/2021  12:05:23,251058;9,234913E-1;1,165411E-1;1,170997E-1;9,488204E-1;;
02/12/2021  12:05:23,251158;9,226598E-1;1,219570E-1;1,275255E-1;9,481066E-1;;
02/12/2021  12:05:23,251258;9,227254E-1;1,331073E-1;1,328963E-1;9,473828E-1;;
02/12/2021  12:05:23,251358;9,229489E-1;1,251428E-1;1,287892E-1;9,466499E-1;;
02/12/2021  12:05:23,251458;9,226389E-1;1,200455E-1;1,259458E-1;9,459088E-1;;
02/12/2021  12:05:23,251558;9,210862E-1;1,372488E-1;1,480610E-1;9,451603E-1;;
02/12/2021  12:05:23,251658;9,210832E-1;1,362931E-1;1,332122E-1;9,444054E-1;;
02/12/2021  12:05:23,251758;9,213753E-1;1,347002E-1;1,392149E-1;9,436450E-1;;
02/12/2021  12:05:23,251858;9,213425E-1;1,213198E-1;1,294210E-1;9,428800E-1;;
02/12/2021  12:05:23,251958;9,204633E-1;1,292843E-1;1,088855E-1;9,421115E-1;;
02/12/2021  12:05:23,252058;9,191818E-1;1,197269E-1;1,294210E-1;9,413406E-1;;
02/12/2021  12:05:23,252158;9,184784E-1;1,308772E-1;1,300529E-1;9,405681E-1;;
02/12/2021  12:05:23,252258;9,187944E-1;1,232313E-1;1,202590E-1;9,397950E-1;;
02/12/2021  12:05:23,252358;9,183354E-1;1,260985E-1;1,310007E-1;9,390219E-1;;
02/12/2021  12:05:23,252458;9,180225E-1;1,130368E-1;1,161519E-1;9,382497E-1;;
02/12/2021  12:05:23,252558;9,172237E-1;1,229127E-1;1,303688E-1;9,374793E-1;;
02/12/2021  12:05:23,252658;9,172982E-1;1,318330E-1;1,300529E-1;9,367114E-1;;
02/12/2021  12:05:23,252758;9,176142E-1;1,095324E-1;8,992954E-2;9,359469E-1;;
02/12/2021  12:05:23,252858;9,166545E-1;1,187712E-1;1,129926E-1;9,351866E-1;;
02/12/2021  12:05:23,252958;9,173161E-1;1,496735E-1;1,464814E-1;9,344314E-1;;
02/12/2021  12:05:23,253058;9,156710E-1;1,331073E-1;1,338441E-1;9,336821E-1;;
02/12/2021  12:05:23,253158;9,164638E-1;1,200455E-1;1,152041E-1;9,329394E-1;;
02/12/2021  12:05:23,253258;9,169764E-1;2,829448E-2;4,822652E-2;9,322042E-1;;
02/12/2021  12:05:23,253358;9,172655E-1;1,267357E-1;1,253139E-1;9,314773E-1;;
02/12/2021  12:05:23,253458;9,172863E-1;1,296029E-1;1,234183E-1;9,307596E-1;;
02/12/2021  12:05:23,253558;9,168929E-1;1,178155E-1;1,215227E-1;9,300522E-1;;
02/12/2021  12:05:23,253658;9,174711E-1;1,254614E-1;1,189953E-1;9,293560E-1;;
02/12/2021  12:05:23,253758;9,185410E-1;1,786642E-1;2,156705E-1;9,286719E-1;;
02/12/2021  12:05:23,253858;9,182460E-1;1,573194E-1;1,445858E-1;9,280011E-1;;
02/12/2021  12:05:23,253958;9,177512E-1;1,159040E-1;1,395309E-1;9,273445E-1;;
02/12/2021  12:05:23,254058;9,176589E-1;1,117624E-1;1,272095E-1;9,267031E-1;;
02/12/2021  12:05:23,254158;9,177542E-1;1,273729E-1;1,291051E-1;9,260778E-1;;
02/12/2021  12:05:23,254258;9,183980E-1;1,458505E-1;1,490088E-1;9,254692E-1;;
02/12/2021  12:05:23,254358;9,188122E-1;1,369303E-1;1,291051E-1;9,248780E-1;;
02/12/2021  12:05:23,254458;9,181894E-1;1,426647E-1;1,411105E-1;9,243052E-1;;
02/12/2021  12:05:23,254558;9,178764E-1;1,331073E-1;1,275255E-1;9,237512E-1;;
02/12/2021  12:05:23,254658;9,194053E-1;1,232313E-1;1,313166E-1;9,232167E-1;;
02/12/2021  12:05:23,254758;9,194798E-1;1,331073E-1;1,388990E-1;9,227023E-1;;
02/12/2021  12:05:23,254858;9,198494E-1;1,034794E-1;1,745993E-1;9,222084E-1;;
02/12/2021  12:05:23,254958;9,198911E-1;1,079395E-1;1,126766E-1;9,217356E-1;;
02/12/2021  12:05:23,255058;9,193189E-1;1,375674E-1;1,486929E-1;9,212846E-1;;
02/12/2021  12:05:23,255158;9,206988E-1;1,506292E-1;1,177316E-1;9,208556E-1;;
02/12/2021  12:05:23,255258;9,213932E-1;1,369303E-1;1,221546E-1;9,204490E-1;;
02/12/2021  12:05:23,255358;9,217150E-1;1,165411E-1;1,246821E-1;9,200653E-1;;
02/12/2021  12:05:23,255458;9,223320E-1;1,270543E-1;1,341600E-1;9,197049E-1;;
02/12/2021  12:05:23,255558;9,223528E-1;7,225852E-2;1,066739E-1;9,193682E-1;;
02/12/2021  12:05:23,255658;9,237327E-1;1,174969E-1;1,291051E-1;9,190556E-1;;
02/12/2021  12:05:23,255758;9,240397E-1;1,069837E-1;1,152041E-1;9,187674E-1;;
02/12/2021  12:05:23,255858;9,243943E-1;5,993878E-3;5,138584E-2;9,185041E-1;;
02/12/2021  12:05:23,255958;9,238907E-1;1,662396E-1;1,764949E-1;9,182659E-1;;
02/12/2021  12:05:23,256058;9,236403E-1;1,308772E-1;1,335282E-1;9,180529E-1;;
02/12/2021  12:05:23,256158;9,249248E-1;1,283286E-1;1,332122E-1;9,178652E-1;;
02/12/2021  12:05:23,256258;9,249785E-1;1,136739E-1;1,259458E-1;9,177026E-1;;
02/12/2021  12:05:23,256358;9,256908E-1;1,235499E-1;1,332122E-1;9,175651E-1;;
02/12/2021  12:05:23,256458;9,252616E-1;1,321516E-1;1,363715E-1;9,174523E-1;;
02/12/2021  12:05:23,256558;9,262242E-1;1,347002E-1;1,310007E-1;9,173642E-1;;
02/12/2021  12:05:23,256658;9,273746E-1;1,375674E-1;1,272095E-1;9,173005E-1;;
02/12/2021  12:05:23,256758;9,279439E-1;1,270543E-1;1,316326E-1;9,172609E-1;;
02/12/2021  12:05:23,256858;9,286949E-1;1,382046E-1;1,360556E-1;9,172453E-1;;
02/12/2021  12:05:23,256958;9,280333E-1;1,299215E-1;1,170997E-1;9,172535E-1;;
02/12/2021  12:05:23,257058;9,293834E-1;5,314372E-2;1,370034E-1;9,172853E-1;;
02/12/2021  12:05:23,257158;9,307990E-1;6,333828E-2;9,024547E-2;9,173404E-1;;
02/12/2021  12:05:23,257258;9,309629E-1;1,289658E-1;1,366875E-1;9,174185E-1;;
02/12/2021  12:05:23,257358;9,318659E-1;1,525407E-1;1,411105E-1;9,175195E-1;;
02/12/2021  12:05:23,257458;9,318779E-1;1,044351E-1;9,056141E-2;9,176432E-1;;
02/12/2021  12:05:23,257558;9,335170E-1;1,267357E-1;1,205749E-1;9,177893E-1;;
02/12/2021  12:05:23,257658;9,343217E-1;1,302401E-1;1,284732E-1;9,179577E-1;;
02/12/2021  12:05:23,257758;9,349774E-1;1,455319E-1;1,328963E-1;9,181481E-1;;
02/12/2021  12:05:23,257858;9,347449E-1;1,417090E-1;1,764949E-1;9,183604E-1;;
02/12/2021  12:05:23,257958;9,342263E-1;1,264171E-1;1,227865E-1;9,185942E-1;;
02/12/2021  12:05:23,258058;9,352903E-1;1,464877E-1;1,259458E-1;9,188491E-1;;
02/12/2021  12:05:23,258158;9,363066E-1;1,786642E-1;1,856569E-1;9,191245E-1;;
02/12/2021  12:05:23,258258;9,364169E-1;1,534964E-1;1,294210E-1;9,194197E-1;;
02/12/2021  12:05:23,258358;9,367149E-1;1,095324E-1;1,515363E-1;9,197343E-1;;
02/12/2021  12:05:23,258458;9,366821E-1;1,232313E-1;1,224705E-1;9,200675E-1;;
02/12/2021  12:05:23,258558;9,374331E-1;-1,025370E-2;7,792413E-2;9,204186E-1;;
02/12/2021  12:05:23,258658;9,385001E-1;1,315144E-1;1,433221E-1;9,207869E-1;;
02/12/2021  12:05:23,258758;9,386342E-1;1,162226E-1;1,129926E-1;9,211716E-1;;
02/12/2021  12:05:23,258858;9,387773E-1;1,057094E-1;1,085695E-1;9,215719E-1;;
02/12/2021  12:05:23,258958;9,384137E-1;1,620981E-1;2,008217E-1;9,219872E-1;;
02/12/2021  12:05:23,259058;9,399724E-1;1,324701E-1;1,407946E-1;9,224165E-1;;
02/12/2021  12:05:23,259158;9,401631E-1;1,025236E-1;1,107811E-1;9,228590E-1;;
02/12/2021  12:05:23,259258;9,402227E-1;9,838208E-2;1,104651E-1;9,233138E-1;;
02/12/2021  12:05:23,259358;9,405714E-1;9,678918E-2;1,047783E-1;9,237801E-1;;
02/12/2021  12:05:23,259458;9,408307E-1;1,174969E-1;1,069899E-1;9,242570E-1;;
02/12/2021  12:05:23,259558;9,420228E-1;1,012493E-1;1,287892E-1;9,247437E-1;;
02/12/2021  12:05:23,259658;9,430957E-1;9,647060E-2;1,069899E-1;9,252393E-1;;
02/12/2021  12:05:23,259758;9,430480E-1;8,850610E-2;1,123607E-1;9,257432E-1;;
02/12/2021  12:05:23,259858;9,435159E-1;9,774492E-2;1,117289E-1;9,262547E-1;;
02/12/2021  12:05:23,259958;9,433133E-1;3,243602E-2;8,108345E-2;9,267732E-1;;
02/12/2021  12:05:23,260058;9,449286E-1;8,914326E-2;9,372073E-2;9,272980E-1;;
02/12/2021  12:05:23,260158;9,456558E-1;9,742634E-2;1,088855E-1;9,278284E-1;;
02/12/2021  12:05:23,260258;9,458883E-1;9,647060E-2;1,215227E-1;9,283639E-1;;
02/12/2021  12:05:23,260358;9,463889E-1;7,225852E-2;1,227865E-1;9,289042E-1;;
02/12/2021  12:05:23,260458;9,471966E-1;1,162226E-1;1,268936E-1;9,294486E-1;;
02/12/2021  12:05:23,260558;9,483500E-1;1,203641E-1;1,423743E-1;9,299969E-1;;
02/12/2021  12:05:23,260658;9,494527E-1;1,254614E-1;1,344760E-1;9,305486E-1;;
02/12/2021  12:05:23,260758;9,490265E-1;1,394789E-1;1,300529E-1;9,311037E-1;;
02/12/2021  12:05:23,260858;9,494408E-1;1,554079E-1;1,521681E-1;9,316618E-1;;
02/12/2021  12:05:23,260958;9,503378E-1;1,442576E-1;1,275255E-1;9,322226E-1;;
02/12/2021  12:05:23,261058;9,513333E-1;1,554079E-1;1,262617E-1;9,327860E-1;;
02/12/2021  12:05:23,261158;9,515061E-1;1,726112E-1;1,537478E-1;9,333516E-1;;
02/12/2021  12:05:23,261258;9,514078E-1;1,783457E-1;1,553275E-1;9,339192E-1;;
02/12/2021  12:05:23,261358;9,513005E-1;1,668768E-1;1,584868E-1;9,344885E-1;;
02/12/2021  12:05:23,261458;9,522810E-1;1,531778E-1;1,461654E-1;9,350592E-1;;
02/12/2021  12:05:23,261558;9,530171E-1;1,073023E-1;9,435259E-2;9,356309E-1;;
02/12/2021  12:05:23,261658;9,528920E-1;1,219570E-1;1,521681E-1;9,362031E-1;;
02/12/2021  12:05:23,261758;9,529963E-1;1,337445E-1;1,313166E-1;9,367755E-1;;
02/12/2021  12:05:23,261858;9,518578E-1;1,225942E-1;1,253139E-1;9,373477E-1;;
02/12/2021  12:05:23,261958;9,523257E-1;9,870066E-2;1,287892E-1;9,379190E-1;;
02/12/2021  12:05:23,262058;9,535625E-1;1,299215E-1;1,335282E-1;9,384888E-1;;
02/12/2021  12:05:23,262158;9,527668E-1;1,404346E-1;1,357397E-1;9,390564E-1;;
02/12/2021  12:05:23,262258;9,525969E-1;1,334259E-1;1,351078E-1;9,396211E-1;;
02/12/2021  12:05:23,262358;9,522184E-1;1,012493E-1;1,155200E-1;9,401823E-1;;
02/12/2021  12:05:23,262458;9,532883E-1;1,187712E-1;1,237343E-1;9,407391E-1;;
02/12/2021  12:05:23,262558;9,537235E-1;1,850358E-1;1,982942E-1;9,412908E-1;;
02/12/2021  12:05:23,262658;9,529188E-1;1,155854E-1;1,114129E-1;9,418367E-1;;
02/12/2021  12:05:23,262758;9,525135E-1;1,088952E-1;1,177316E-1;9,423763E-1;;
02/12/2021  12:05:23,262858;9,517416E-1;1,311958E-1;1,281573E-1;9,429088E-1;;
02/12/2021  12:05:23,262958;9,522899E-1;1,448948E-1;1,363715E-1;9,434332E-1;;
02/12/2021  12:05:23,263058;9,520426E-1;1,200455E-1;1,335282E-1;9,439488E-1;;
02/12/2021  12:05:23,263158;9,517028E-1;8,372740E-2;1,063580E-1;9,444546E-1;;
02/12/2021  12:05:23,263258;9,516641E-1;9,997498E-2;1,164678E-1;9,449499E-1;;
02/12/2021  12:05:23,263358;9,510621E-1;1,235499E-1;1,243661E-1;9,454339E-1;;
02/12/2021  12:05:23,263458;9,520336E-1;1,276914E-1;1,170997E-1;9,459057E-1;;
02/12/2021  12:05:23,263558;9,516522E-1;1,190898E-1;1,170997E-1;9,463647E-1;;
02/12/2021  12:05:23,263658;9,511544E-1;1,318330E-1;1,278414E-1;9,468104E-1;;
02/12/2021  12:05:23,263758;9,500637E-1;1,114439E-1;1,259458E-1;9,472420E-1;;
02/12/2021  12:05:23,263858;9,498223E-1;1,442576E-1;1,534319E-1;9,476588E-1;;
02/12/2021  12:05:23,263958;9,501888E-1;1,471248E-1;1,654373E-1;9,480602E-1;;
02/12/2021  12:05:23,264058;9,498878E-1;1,069837E-1;1,120448E-1;9,484454E-1;;
02/12/2021  12:05:23,264158;9,494199E-1;1,098510E-1;1,155200E-1;9,488140E-1;;
02/12/2021  12:05:23,264258;9,487255E-1;1,270543E-1;1,322644E-1;9,491654E-1;;
02/12/2021  12:05:23,264358;9,489192E-1;1,640096E-1;1,619620E-1;9,494990E-1;;
02/12/2021  12:05:23,264458;9,489162E-1;1,155854E-1;1,231024E-1;9,498144E-1;;
02/12/2021  12:05:23,264558;9,488477E-1;1,203641E-1;1,224705E-1;9,501111E-1;;
02/12/2021  12:05:23,264658;9,481950E-1;1,216384E-1;1,281573E-1;9,503890E-1;;
02/12/2021  12:05:23,264758;9,479327E-1;1,519035E-1;1,783905E-1;9,506478E-1;;
02/12/2021  12:05:23,264858;9,472801E-1;1,053908E-1;1,041465E-1;9,508873E-1;;
02/12/2021  12:05:23,264958;9,483619E-1;1,037979E-1;1,054102E-1;9,511072E-1;;
02/12/2021  12:05:23,265058;9,483172E-1;1,318330E-1;1,265777E-1;9,513075E-1;;
02/12/2021  12:05:23,265158;9,485199E-1;1,302401E-1;1,382671E-1;9,514883E-1;;
02/12/2021  12:05:23,265258;9,474738E-1;1,318330E-1;1,310007E-1;9,516500E-1;;
02/12/2021  12:05:23,265358;9,481861E-1;1,050723E-1;1,155200E-1;9,517927E-1;;
02/12/2021  12:05:23,265458;9,487225E-1;1,076209E-1;1,189953E-1;9,519167E-1;;
02/12/2021  12:05:23,265558;9,486957E-1;1,315144E-1;1,344760E-1;9,520225E-1;;
02/12/2021  12:05:23,265658;9,484603E-1;1,385232E-1;1,322644E-1;9,521108E-1;;
02/12/2021  12:05:23,265758;9,483887E-1;1,178155E-1;9,150920E-2;9,521820E-1;;
02/12/2021  12:05:23,265858;9,482248E-1;9,169190E-2;1,685966E-1;9,522369E-1;;
02/12/2021  12:05:23,265958;9,485914E-1;9,201048E-2;9,245700E-2;9,522760E-1;;
02/12/2021  12:05:23,266058;9,489073E-1;1,461691E-1;1,483770E-1;9,523000E-1;;
02/12/2021  12:05:23,266158;9,484305E-1;1,311958E-1;1,335282E-1;9,523098E-1;;
02/12/2021  12:05:23,266258;9,477241E-1;4,326774E-2;7,634447E-2;9,523060E-1;;
02/12/2021  12:05:23,266358;9,479894E-1;5,760384E-2;9,214107E-2;9,522892E-1;;
02/12/2021  12:05:23,266458;9,485825E-1;1,410718E-1;1,281573E-1;9,522602E-1;;
02/12/2021  12:05:23,266558;9,476973E-1;1,280100E-1;1,148882E-1;9,522197E-1;;
02/12/2021  12:05:23,266658;9,476347E-1;1,433019E-1;1,603824E-1;9,521683E-1;;
02/12/2021  12:05:23,266758;9,473456E-1;1,289658E-1;1,291051E-1;9,521067E-1;;
02/12/2021  12:05:23,266858;9,473695E-1;1,394789E-1;1,249980E-1;9,520354E-1;;
02/12/2021  12:05:23,266958;9,476556E-1;1,022050E-1;2,046129E-1;9,519550E-1;;
02/12/2021  12:05:23,267058;9,478553E-1;1,165411E-1;1,117289E-1;9,518662E-1;;
02/12/2021  12:05:23,267158;9,475602E-1;1,350188E-1;1,809180E-1;9,517696E-1;;
02/12/2021  12:05:23,267258;9,469671E-1;1,213198E-1;1,253139E-1;9,516659E-1;;
02/12/2021  12:05:23,267358;9,479417E-1;1,037979E-1;1,082536E-1;9,515557E-1;;
02/12/2021  12:05:23,267458;9,480490E-1;1,254614E-1;1,360556E-1;9,514396E-1;;
02/12/2021  12:05:23,267558;9,474380E-1;1,130368E-1;1,196272E-1;9,513184E-1;;
02/12/2021  12:05:23,267658;9,466661E-1;1,260985E-1;1,167838E-1;9,511926E-1;;
02/12/2021  12:05:23,267758;9,462876E-1;1,219570E-1;1,433221E-1;9,510628E-1;;
02/12/2021  12:05:23,267858;9,473814E-1;1,636910E-1;1,581709E-1;9,509293E-1;;
02/12/2021  12:05:23,267958;9,478463E-1;1,127182E-1;1,259458E-1;9,507927E-1;;
02/12/2021  12:05:23,268058;9,475185E-1;1,305587E-1;1,284732E-1;9,506535E-1;;
02/12/2021  12:05:23,268158;9,470327E-1;1,350188E-1;1,237343E-1;9,505123E-1;;
02/12/2021  12:05:23,268258;9,471787E-1;1,971419E-1;2,074562E-1;9,503697E-1;;
02/12/2021  12:05:23,268358;9,474976E-1;1,232313E-1;1,351078E-1;9,502261E-1;;
02/12/2021  12:05:23,268458;9,479864E-1;1,280100E-1;1,338441E-1;9,500820E-1;;
02/12/2021  12:05:23,268558;9,474797E-1;1,296029E-1;1,360556E-1;9,499380E-1;;
02/12/2021  12:05:23,268658;9,473903E-1;1,289658E-1;1,376353E-1;9,497946E-1;;
02/12/2021  12:05:23,268758;9,473486E-1;1,219570E-1;1,164678E-1;9,496522E-1;;
02/12/2021  12:05:23,268858;9,477629E-1;1,184526E-1;1,028828E-1;9,495112E-1;;
02/12/2021  12:05:23,268958;9,481831E-1;1,264171E-1;1,256299E-1;9,493720E-1;;
02/12/2021  12:05:23,269058;9,481741E-1;1,375674E-1;1,512204E-1;9,492352E-1;;
02/12/2021  12:05:23,269158;9,472085E-1;1,646467E-1;1,249980E-1;9,491011E-1;;
02/12/2021  12:05:23,269258;9,482427E-1;1,337445E-1;1,224705E-1;9,489701E-1;;
02/12/2021  12:05:23,269358;9,481622E-1;1,350188E-1;1,540637E-1;9,488425E-1;;
02/12/2021  12:05:23,269458;9,483440E-1;1,353374E-1;1,351078E-1;9,487187E-1;;
02/12/2021  12:05:23,269558;9,482606E-1;1,283286E-1;1,082536E-1;9,485991E-1;;
02/12/2021  12:05:23,269658;9,473844E-1;1,299215E-1;1,366875E-1;9,484838E-1;;
02/12/2021  12:05:23,269758;9,478404E-1;1,222756E-1;1,256299E-1;9,483732E-1;;
02/12/2021  12:05:23,269858;9,484275E-1;1,331073E-1;1,310007E-1;9,482672E-1;;
02/12/2021  12:05:23,269958;9,483828E-1;1,442576E-1;1,423743E-1;9,481662E-1;;
02/12/2021  12:05:23,270058;9,481950E-1;1,022050E-1;1,073058E-1;9,480703E-1;;
02/12/2021  12:05:23,270158;9,476019E-1;1,098510E-1;1,095173E-1;9,479795E-1;;
02/12/2021  12:05:23,270258;9,481831E-1;1,216384E-1;1,170997E-1;9,478941E-1;;
02/12/2021  12:05:23,270358;9,488864E-1;2,925022E-2;8,045158E-2;9,478139E-1;;
02/12/2021  12:05:23,270458;9,487911E-1;1,429833E-1;1,016190E-1;9,477392E-1;;
02/12/2021  12:05:23,270558;9,486391E-1;1,359745E-1;1,272095E-1;9,476701E-1;;
02/12/2021  12:05:23,270658;9,483649E-1;1,401161E-1;1,291051E-1;9,476065E-1;;
02/12/2021  12:05:23,270758;9,480967E-1;1,187712E-1;1,227865E-1;9,475487E-1;;
02/12/2021  12:05:23,270858;9,488805E-1;1,178155E-1;1,123607E-1;9,474964E-1;;
02/12/2021  12:05:23,270958;9,489609E-1;1,232313E-1;1,221546E-1;9,474497E-1;;
02/12/2021  12:05:23,271058;9,490712E-1;1,190898E-1;1,215227E-1;9,474085E-1;;
02/12/2021  12:05:23,271158;9,485467E-1;1,165411E-1;1,262617E-1;9,473729E-1;;
02/12/2021  12:05:23,271258;9,493603E-1;1,241871E-1;1,249980E-1;9,473428E-1;;
02/12/2021  12:05:23,271358;9,495421E-1;1,436204E-1;1,417424E-1;9,473182E-1;;
02/12/2021  12:05:23,271458;9,493454E-1;9,328480E-2;9,845971E-2;9,472991E-1;;
02/12/2021  12:05:23,271558;9,488715E-1;1,159040E-1;1,202590E-1;9,472854E-1;;
02/12/2021  12:05:23,271658;9,482814E-1;1,159040E-1;1,212068E-1;9,472771E-1;;
02/12/2021  12:05:23,271758;9,492560E-1;1,127182E-1;1,196272E-1;9,472739E-1;;
02/12/2021  12:05:23,271858;9,496524E-1;9,742634E-2;1,240502E-1;9,472756E-1;;
02/12/2021  12:05:23,271958;9,498759E-1;1,073023E-1;1,148882E-1;9,472820E-1;;
02/12/2021  12:05:23,272058;9,490265E-1;1,206827E-1;1,398468E-1;9,472932E-1;;
02/12/2021  12:05:23,272158;9,486629E-1;1,533758E-3;7,602853E-2;9,473090E-1;;
02/12/2021  12:05:23,272258;9,488745E-1;1,523270E-2;7,792413E-2;9,473291E-1;;
02/12/2021  12:05:23,272358;9,497567E-1;8,595746E-2;9,972343E-2;9,473532E-1;;
02/12/2021  12:05:23,272458;9,491994E-1;9,328480E-2;1,076217E-1;9,473811E-1;;
02/12/2021  12:05:23,272558;9,481235E-1;5,675298E-3;6,497092E-2;9,474126E-1;;
02/12/2021  12:05:23,272658;9,471281E-1;1,041165E-1;8,045158E-2;9,474473E-1;;
02/12/2021  12:05:23,272758;9,474648E-1;1,225942E-1;1,341600E-1;9,474846E-1;;
02/12/2021  12:05:23,272858;9,475542E-1;9,009900E-2;1,133085E-1;9,475241E-1;;
02/12/2021  12:05:23,272958;9,467734E-1;1,315144E-1;1,477451E-1;9,475650E-1;;
02/12/2021  12:05:23,273058;9,461177E-1;1,245056E-1;1,294210E-1;9,476068E-1;;
02/12/2021  12:05:23,273158;9,460015E-1;1,324701E-1;1,319485E-1;9,476489E-1;;
02/12/2021  12:05:23,273258;9,472085E-1;1,162226E-1;1,249980E-1;9,476905E-1;;
02/12/2021  12:05:23,273358;9,468926E-1;1,404346E-1;1,360556E-1;9,477312E-1;;
02/12/2021  12:05:23,273458;9,461088E-1;1,850358E-1;1,815498E-1;9,477706E-1;;
02/12/2021  12:05:23,273558;9,455872E-1;1,506292E-1;1,300529E-1;9,478082E-1;;
02/12/2021  12:05:23,273658;9,454829E-1;1,643281E-1;1,455336E-1;9,478436E-1;;
02/12/2021  12:05:23,273758;9,461148E-1;1,729298E-1;1,625939E-1;9,478762E-1;;
02/12/2021  12:05:23,273858;9,463889E-1;1,652839E-1;1,629098E-1;9,479056E-1;;
02/12/2021  12:05:23,273958;9,458048E-1;1,598680E-1;1,606983E-1;9,479317E-1;;
02/12/2021  12:05:23,274058;9,450210E-1;1,433019E-1;1,502726E-1;9,479540E-1;;
02/12/2021  12:05:23,274158;9,457631E-1;1,471248E-1;1,445858E-1;9,479725E-1;;
02/12/2021  12:05:23,274258;9,465916E-1;3,179886E-2;7,381701E-2;9,479867E-1;;
02/12/2021  12:05:23,274358;9,464426E-1;1,525407E-1;1,452176E-1;9,479968E-1;;
02/12/2021  12:05:23,274458;9,453846E-1;8,627604E-2;8,645429E-2;9,480026E-1;;
02/12/2021  12:05:23,274558;9,444279E-1;1,127182E-1;1,031987E-1;9,480042E-1;;
02/12/2021  12:05:23,274658;9,443683E-1;1,066652E-1;1,360556E-1;9,480013E-1;;
02/12/2021  12:05:23,274758;9,455336E-1;1,407532E-1;1,436380E-1;9,479938E-1;;
02/12/2021  12:05:23,274858;9,439511E-1;1,359745E-1;1,316326E-1;9,479814E-1;;
02/12/2021  12:05:23,274958;9,438199E-1;1,057094E-1;1,041465E-1;9,479640E-1;;
02/12/2021  12:05:23,275058;9,423894E-1;1,257800E-1;1,272095E-1;9,479414E-1;;
02/12/2021  12:05:23,275158;9,431076E-1;1,471248E-1;1,256299E-1;9,479133E-1;;
02/12/2021  12:05:23,275258;9,430987E-1;1,382046E-1;1,347919E-1;9,478794E-1;;
02/12/2021  12:05:23,275358;9,423506E-1;1,219570E-1;1,316326E-1;9,478394E-1;;
02/12/2021  12:05:23,275458;9,410632E-1;1,022050E-1;1,164678E-1;9,477932E-1;;
02/12/2021  12:05:23,275558;9,395521E-1;1,436204E-1;1,518522E-1;9,477403E-1;;
02/12/2021  12:05:23,275658;9,388279E-1;1,241871E-1;1,246821E-1;9,476803E-1;;
02/12/2021  12:05:23,275758;9,390693E-1;1,311958E-1;1,246821E-1;9,476124E-1;;
02/12/2021  12:05:23,275858;9,377908E-1;1,190898E-1;1,212068E-1;9,475360E-1;;
02/12/2021  12:05:23,275958;9,366046E-1;1,372488E-1;1,388990E-1;9,474507E-1;;
02/12/2021  12:05:23,276058;9,359072E-1;1,417090E-1;1,452176E-1;9,473556E-1;;
02/12/2021  12:05:23,276158;9,359043E-1;1,088952E-1;1,148882E-1;9,472500E-1;;
02/12/2021  12:05:23,276258;9,356718E-1;1,331073E-1;1,436380E-1;9,471334E-1;;
02/12/2021  12:05:23,276358;9,349625E-1;1,088952E-1;1,139404E-1;9,470052E-1;;
02/12/2021  12:05:23,276458;9,341101E-1;1,369303E-1;1,483770E-1;9,468650E-1;;
02/12/2021  12:05:23,276558;9,330223E-1;9,838208E-2;1,155200E-1;9,467123E-1;;
02/12/2021  12:05:23,276658;9,343426E-1;1,793014E-1;1,736515E-1;9,465467E-1;;
02/12/2021  12:05:23,276758;9,348850E-1;1,127182E-1;1,218387E-1;9,463681E-1;;
02/12/2021  12:05:23,276858;9,346168E-1;1,401161E-1;1,392149E-1;9,461764E-1;;
02/12/2021  12:05:23,276958;9,335915E-1;1,487177E-1;1,550115E-1;9,459719E-1;;
02/12/2021  12:05:23,277058;9,334127E-1;1,778134E-2;4,285567E-2;9,457549E-1;;
02/12/2021  12:05:23,277158;9,345512E-1;1,060280E-1;1,212068E-1;9,455256E-1;;
02/12/2021  12:05:23,277258;9,346197E-1;1,257800E-1;1,319485E-1;9,452844E-1;;
02/12/2021  12:05:23,277358;9,340445E-1;1,477620E-1;1,417424E-1;9,450320E-1;;
02/12/2021  12:05:23,277458;9,334157E-1;1,197269E-1;1,073058E-1;9,447690E-1;;
02/12/2021  12:05:23,277558;9,324143E-1;1,229127E-1;1,243661E-1;9,444960E-1;;
02/12/2021  12:05:23,277658;9,318600E-1;9,838208E-2;9,245700E-2;9,442136E-1;;
02/12/2021  12:05:23,277758;9,318361E-1;1,216384E-1;1,313166E-1;9,439219E-1;;
02/12/2021  12:05:23,277858;9,302447E-1;1,401161E-1;1,376353E-1;9,436216E-1;;
02/12/2021  12:05:23,277958;9,297201E-1;1,286472E-1;1,246821E-1;9,433127E-1;;
02/12/2021  12:05:23,278058;9,288499E-1;1,063466E-1;1,063580E-1;9,429956E-1;;
02/12/2021  12:05:23,278158;9,288558E-1;3,657756E-2;8,929768E-2;9,426703E-1;;
02/12/2021  12:05:23,278258;9,290019E-1;1,589123E-1;1,474292E-1;9,423369E-1;;
02/12/2021  12:05:23,278358;9,276488E-1;1,490363E-1;1,528000E-1;9,419957E-1;;
02/12/2021  12:05:23,278458;9,260931E-1;1,034794E-1;1,291051E-1;9,416468E-1;;
02/12/2021  12:05:23,278558;9,256669E-1;6,429402E-2;1,373193E-1;9,412904E-1;;
02/12/2021  12:05:23,278658;9,270915E-1;6,493118E-2;1,392149E-1;9,409263E-1;;
02/12/2021  12:05:23,278758;9,260424E-1;1,184526E-1;1,212068E-1;9,405548E-1;;
02/12/2021  12:05:23,278858;9,257385E-1;1,190898E-1;1,231024E-1;9,401760E-1;;
02/12/2021  12:05:23,278958;9,253570E-1;1,385232E-1;1,344760E-1;9,397904E-1;;
02/12/2021  12:05:23,279058;9,254762E-1;1,388417E-1;1,426902E-1;9,393983E-1;;
02/12/2021  12:05:23,279158;9,262540E-1;1,143111E-1;1,076217E-1;9,389999E-1;;
02/12/2021  12:05:23,279258;9,261408E-1;1,292843E-1;1,704922E-1;9,385961E-1;;
02/12/2021  12:05:23,279358;9,254941E-1;1,178155E-1;1,142563E-1;9,381872E-1;;
02/12/2021  12:05:23,279458;9,248116E-1;1,267357E-1;1,303688E-1;9,377742E-1;;
02/12/2021  12:05:23,279558;9,252139E-1;1,340630E-1;1,306848E-1;9,373575E-1;;
02/12/2021  12:05:23,279658;9,260246E-1;1,315144E-1;1,142563E-1;9,369378E-1;;
02/12/2021  12:05:23,279758;9,266713E-1;1,308772E-1;1,351078E-1;9,365159E-1;;
02/12/2021  12:05:23,279858;9,261110E-1;1,165411E-1;1,231024E-1;9,360928E-1;;
02/12/2021  12:05:23,279958;9,263375E-1;1,257800E-1;1,240502E-1;9,356693E-1;;
02/12/2021  12:05:23,280058;9,268710E-1;1,280100E-1;1,234183E-1;9,352464E-1;;
02/12/2021  12:05:23,280158;9,282926E-1;1,264171E-1;1,231024E-1;9,348253E-1;;
02/12/2021  12:05:23,280258;9,288201E-1;1,028422E-1;9,845971E-2;9,344070E-1;;
02/12/2021  12:05:23,280358;9,278962E-1;1,343816E-1;1,366875E-1;9,339928E-1;;
02/12/2021  12:05:23,280458;9,273895E-1;1,410718E-1;1,370034E-1;9,335840E-1;;
02/12/2021  12:05:23,280558;9,286144E-1;1,143111E-1;1,161519E-1;9,331816E-1;;
02/12/2021  12:05:23,280658;9,291002E-1;1,206827E-1;1,404787E-1;9,327865E-1;;
02/12/2021  12:05:23,280758;9,293059E-1;1,292843E-1;1,215227E-1;9,323999E-1;;
02/12/2021  12:05:23,280858;9,290168E-1;1,426647E-1;1,366875E-1;9,320228E-1;;
02/12/2021  12:05:23,280958;9,286979E-1;1,292843E-1;1,249980E-1;9,316562E-1;;
02/12/2021  12:05:23,281058;9,302625E-1;1,356559E-1;1,284732E-1;9,313008E-1;;
02/12/2021  12:05:23,281158;9,313980E-1;1,334259E-1;1,392149E-1;9,309576E-1;;
02/12/2021  12:05:23,281258;9,314249E-1;1,241871E-1;1,256299E-1;9,306276E-1;;
02/12/2021  12:05:23,281358;9,310523E-1;1,280100E-1;1,341600E-1;9,303118E-1;;
02/12/2021  12:05:23,281458;9,313712E-1;1,264171E-1;1,259458E-1;9,300110E-1;;
02/12/2021  12:05:23,281558;9,326796E-1;1,171783E-1;1,449017E-1;9,297259E-1;;
02/12/2021  12:05:23,281658;9,339432E-1;1,248242E-1;1,287892E-1;9,294574E-1;;
02/12/2021  12:05:23,281758;9,351651E-1;1,433019E-1;1,366875E-1;9,292064E-1;;
02/12/2021  12:05:23,281858;9,348284E-1;1,190898E-1;1,126766E-1;9,289738E-1;;
02/12/2021  12:05:23,281958;9,349833E-1;1,165411E-1;1,275255E-1;9,287605E-1;;
02/12/2021  12:05:23,282058;9,363513E-1;1,286472E-1;1,291051E-1;9,285674E-1;;
02/12/2021  12:05:23,282158;9,378414E-1;1,385232E-1;1,357397E-1;9,283950E-1;;
02/12/2021  12:05:23,282258;9,388309E-1;1,257800E-1;1,404787E-1;9,282442E-1;;
02/12/2021  12:05:23,282358;9,378891E-1;1,280100E-1;1,237343E-1;9,281160E-1;;
02/12/2021  12:05:23,282458;9,376716E-1;1,372488E-1;1,281573E-1;9,280108E-1;;
02/12/2021  12:05:23,282558;9,389561E-1;1,433019E-1;1,417424E-1;9,279291E-1;;
02/12/2021  12:05:23,282658;9,393972E-1;1,165411E-1;1,136244E-1;9,278711E-1;;
02/12/2021  12:05:23,282758;9,391558E-1;1,241871E-1;1,262617E-1;9,278371E-1;;
02/12/2021  12:05:23,282858;9,383898E-1;1,108067E-1;1,202590E-1;9,278271E-1;;
02/12/2021  12:05:23,282958;9,388100E-1;1,248242E-1;1,284732E-1;9,278410E-1;;
02/12/2021  12:05:23,283058;9,397697E-1;1,206827E-1;1,031987E-1;9,278783E-1;;
02/12/2021  12:05:23,283158;9,398889E-1;1,225942E-1;1,205749E-1;9,279386E-1;;
02/12/2021  12:05:23,283258;9,402853E-1;1,181340E-1;1,041465E-1;9,280216E-1;;
02/12/2021  12:05:23,283358;9,394568E-1;8,659462E-2;6,086380E-2;9,281268E-1;;
02/12/2021  12:05:23,283458;9,399306E-1;3,116170E-2;7,192142E-2;9,282535E-1;;
02/12/2021  12:05:23,283558;9,406966E-1;1,407532E-1;1,316326E-1;9,284010E-1;;
02/12/2021  12:05:23,283658;9,415042E-1;1,499920E-1;1,490088E-1;9,285685E-1;;
02/12/2021  12:05:23,283758;9,415221E-1;1,184526E-1;1,139404E-1;9,287553E-1;;
02/12/2021  12:05:23,283858;9,413642E-1;1,347002E-1;1,328963E-1;9,289608E-1;;
02/12/2021  12:05:23,283958;9,413046E-1;6,365686E-2;7,950379E-2;9,291841E-1;;
02/12/2021  12:05:23,284058;9,427142E-1;9,105474E-2;9,814378E-2;9,294244E-1;;
02/12/2021  12:05:23,284158;9,428841E-1;9,838208E-2;9,972343E-2;9,296808E-1;;
02/12/2021  12:05:23,284258;9,428484E-1;1,264171E-1;1,237343E-1;9,299527E-1;;
02/12/2021  12:05:23,284358;9,414208E-1;1,143111E-1;1,167838E-1;9,302391E-1;;
02/12/2021  12:05:23,284458;9,426069E-1;1,104881E-1;1,139404E-1;9,305391E-1;;
02/12/2021  12:05:23,284558;9,441060E-1;1,002936E-1;1,069899E-1;9,308515E-1;;
02/12/2021  12:05:23,284658;9,451283E-1;6,270112E-2;8,771802E-2;9,311757E-1;;
02/12/2021  12:05:23,284758;9,448958E-1;1,031608E-1;1,155200E-1;9,315109E-1;;
02/12/2021  12:05:23,284858;9,440137E-1;1,037979E-1;1,079377E-1;9,318564E-1;;
02/12/2021  12:05:23,284958;9,455276E-1;9,519628E-2;9,845971E-2;9,322115E-1;;
02/12/2021  12:05:23,285058;9,460432E-1;8,914326E-2;1,218387E-1;9,325755E-1;;
02/12/2021  12:05:23,285158;9,470893E-1;1,079395E-1;1,218387E-1;9,329477E-1;;
02/12/2021  12:05:23,285258;9,462966E-1;1,050723E-1;1,231024E-1;9,333275E-1;;
02/12/2021  12:05:23,285358;9,461058E-1;1,120810E-1;1,490088E-1;9,337144E-1;;
02/12/2021  12:05:23,285458;9,465856E-1;6,047106E-2;8,076751E-2;9,341077E-1;;
02/12/2021  12:05:23,285558;9,475006E-1;8,786894E-2;1,079377E-1;9,345065E-1;;
02/12/2021  12:05:23,285658;9,476466E-1;1,041165E-1;1,047783E-1;9,349103E-1;;
02/12/2021  12:05:23,285758;9,468896E-1;9,328480E-2;1,069899E-1;9,353184E-1;;
02/12/2021  12:05:23,285858;9,462489E-1;9,583344E-2;7,350108E-2;9,357301E-1;;
02/12/2021  12:05:23,285958;9,474112E-1;1,280100E-1;1,559593E-1;9,361446E-1;;
02/12/2021  12:05:23,286058;9,486599E-1;1,372488E-1;1,531159E-1;9,365610E-1;;
02/12/2021  12:05:23,286158;9,488149E-1;1,034794E-1;1,189953E-1;9,369787E-1;;
02/12/2021  12:05:23,286258;9,481712E-1;1,235499E-1;1,227865E-1;9,373972E-1;;
02/12/2021  12:05:23,286358;9,482010E-1;1,311958E-1;1,148882E-1;9,378159E-1;;
02/12/2021  12:05:23,286458;9,498014E-1;1,633724E-1;1,467973E-1;9,382343E-1;;
02/12/2021  12:05:23,286558;9,505703E-1;1,777085E-1;1,543797E-1;9,386518E-1;;
02/12/2021  12:05:23,286658;9,506657E-1;1,926818E-1;1,733356E-1;9,390682E-1;;
02/12/2021  12:05:23,286758;9,502961E-1;1,694254E-1;1,505885E-1;9,394831E-1;;
02/12/2021  12:05:23,286858;9,510054E-1;1,503106E-1;1,423743E-1;9,398964E-1;;
02/12/2021  12:05:23,286958;9,523585E-1;1,636910E-1;1,578549E-1;9,403077E-1;;
02/12/2021  12:05:23,287058;9,534254E-1;1,407532E-1;1,388990E-1;9,407170E-1;;
02/12/2021  12:05:23,287158;9,532258E-1;1,238685E-1;1,243661E-1;9,411243E-1;;
02/12/2021  12:05:23,287258;9,515955E-1;1,143111E-1;1,231024E-1;9,415296E-1;;
02/12/2021  12:05:23,287358;9,515866E-1;1,436204E-1;1,351078E-1;9,419327E-1;;
02/12/2021  12:05:23,287458;9,523227E-1;8,532030E-2;9,087734E-2;9,423333E-1;;
02/12/2021  12:05:23,287558;9,522244E-1;1,155854E-1;1,164678E-1;9,427310E-1;;
02/12/2021  12:05:23,287658;9,518757E-1;6,843556E-2;8,645429E-2;9,431254E-1;;
02/12/2021  12:05:23,287758;9,511872E-1;1,108067E-1;1,379512E-1;9,435161E-1;;
02/12/2021  12:05:23,287858;9,510710E-1;1,280100E-1;1,275255E-1;9,439026E-1;;
02/12/2021  12:05:23,287958;9,516283E-1;1,120810E-1;9,751191E-2;9,442842E-1;;
02/12/2021  12:05:23,288058;9,516581E-1;1,257800E-1;8,424277E-2;9,446603E-1;;
02/12/2021  12:05:23,288158;9,507461E-1;1,503106E-1;1,474292E-1;9,450306E-1;;
02/12/2021  12:05:23,288258;9,498044E-1;1,407532E-1;1,328963E-1;9,453943E-1;;
02/12/2021  12:05:23,288358;9,498908E-1;1,334259E-1;1,240502E-1;9,457508E-1;;
02/12/2021  12:05:23,288458;9,502872E-1;1,178155E-1;1,044624E-1;9,460993E-1;;
02/12/2021  12:05:23,288558;9,510472E-1;1,133553E-1;1,152041E-1;9,464391E-1;;
02/12/2021  12:05:23,288658;9,502931E-1;1,350188E-1;1,341600E-1;9,467698E-1;;
02/12/2021  12:05:23,288758;9,492679E-1;1,347002E-1;1,291051E-1;9,470908E-1;;
02/12/2021  12:05:23,288858;9,495630E-1;7,671864E-2;8,329497E-2;9,474016E-1;;
02/12/2021  12:05:23,288958;9,493752E-1;1,085766E-1;1,123607E-1;9,477017E-1;;
02/12/2021  12:05:23,289058;9,487106E-1;1,311958E-1;1,297370E-1;9,479906E-1;;
02/12/2021  12:05:23,289158;9,472264E-1;1,280100E-1;1,445858E-1;9,482675E-1;;
02/12/2021  12:05:23,289258;9,451402E-1;1,216384E-1;1,224705E-1;9,485319E-1;;
02/12/2021  12:05:23,289358;9,451164E-1;8,914326E-2;1,069899E-1;9,487827E-1;;
02/12/2021  12:05:23,289458;9,455306E-1;1,216384E-1;1,366875E-1;9,490189E-1;;
02/12/2021  12:05:23,289558;9,449018E-1;1,512664E-1;1,407946E-1;9,492398E-1;;
02/12/2021  12:05:23,289658;9,435934E-1;1,289658E-1;1,385831E-1;9,494444E-1;;
02/12/2021  12:05:23,289758;9,423298E-1;1,276914E-1;1,249980E-1;9,496319E-1;;
02/12/2021  12:05:23,289858;9,429199E-1;1,286472E-1;1,357397E-1;9,498016E-1;;
02/12/2021  12:05:23,289958;9,436113E-1;1,394789E-1;1,420583E-1;9,499527E-1;;
02/12/2021  12:05:23,290058;9,432179E-1;1,289658E-1;1,319485E-1;9,500846E-1;;
02/12/2021  12:05:23,290158;9,419811E-1;1,283286E-1;1,161519E-1;9,501971E-1;;
02/12/2021  12:05:23,290258;9,406400E-1;1,012493E-1;8,455870E-2;9,502899E-1;;
02/12/2021  12:05:23,290358;9,409946E-1;1,461691E-1;1,875525E-1;9,503625E-1;;
02/12/2021  12:05:23,290458;9,415460E-1;1,315144E-1;1,325804E-1;9,504146E-1;;
02/12/2021  12:05:23,290558;9,406221E-1;1,340630E-1;1,354238E-1;9,504461E-1;;
02/12/2021  12:05:23,290658;9,389859E-1;1,235499E-1;1,249980E-1;9,504570E-1;;
02/12/2021  12:05:23,290758;9,381663E-1;1,241871E-1;1,243661E-1;9,504471E-1;;
02/12/2021  12:05:23,290858;9,385299E-1;1,359745E-1;1,407946E-1;9,504162E-1;;
02/12/2021  12:05:23,290958;9,384912E-1;1,270543E-1;1,379512E-1;9,503643E-1;;
02/12/2021  12:05:23,291058;9,375017E-1;1,178155E-1;1,268936E-1;9,502914E-1;;
02/12/2021  12:05:23,291158;9,359430E-1;1,292843E-1;1,297370E-1;9,501977E-1;;
02/12/2021  12:05:23,291258;9,342740E-1;1,222756E-1;1,095173E-1;9,500830E-1;;
02/12/2021  12:05:23,291358;9,351175E-1;1,248242E-1;1,193112E-1;9,499473E-1;;
02/12/2021  12:05:23,291458;9,351979E-1;1,219570E-1;1,237343E-1;9,497906E-1;;
02/12/2021  12:05:23,291558;9,344648E-1;1,187712E-1;1,202590E-1;9,496130E-1;;
02/12/2021  12:05:23,291658;9,330730E-1;-1,821820E-2;7,539667E-2;9,494148E-1;;
02/12/2021  12:05:23,291758;9,330521E-1;1,194084E-1;1,272095E-1;9,491963E-1;;
02/12/2021  12:05:23,291858;9,346108E-1;6,556834E-2;9,277293E-2;9,489577E-1;;
02/12/2021  12:05:23,291958;9,344230E-1;1,273729E-1;1,284732E-1;9,486997E-1;;
02/12/2021  12:05:23,292058;9,345631E-1;1,296029E-1;1,316326E-1;9,484231E-1;;
02/12/2021  12:05:23,292158;9,327690E-1;1,260985E-1;1,268936E-1;9,481288E-1;;
02/12/2021  12:05:23,292258;9,322892E-1;1,299215E-1;1,316326E-1;9,478176E-1;;
02/12/2021  12:05:23,292358;9,337137E-1;1,066652E-1;1,948190E-1;9,474904E-1;;
02/12/2021  12:05:23,292458;9,342979E-1;1,069837E-1;1,221546E-1;9,471481E-1;;
02/12/2021  12:05:23,292558;9,337018E-1;1,311958E-1;1,310007E-1;9,467918E-1;;
02/12/2021  12:05:23,292658;9,323547E-1;1,433019E-1;1,370034E-1;9,464228E-1;;
02/12/2021  12:05:23,292758;9,328971E-1;1,324701E-1;1,328963E-1;9,460421E-1;;
02/12/2021  12:05:23,292858;9,334157E-1;1,194084E-1;1,060421E-1;9,456509E-1;;
02/12/2021  12:05:23,292958;9,329657E-1;1,022050E-1;9,150920E-2;9,452503E-1;;
02/12/2021  12:05:23,293058;9,320090E-1;1,404346E-1;1,436380E-1;9,448415E-1;;
02/12/2021  12:05:23,293158;9,305218E-1;1,073023E-1;1,139404E-1;9,444255E-1;;
02/12/2021  12:05:23,293258;9,304950E-1;9,997498E-2;8,234717E-2;9,440033E-1;;
02/12/2021  12:05:23,293358;9,308705E-1;2,351578E-2;5,833634E-2;9,435754E-1;;
02/12/2021  12:05:23,293458;9,299556E-1;5,855958E-2;9,403666E-2;9,431427E-1;;
02/12/2021  12:05:23,293558;9,292790E-1;1,362931E-1;1,363715E-1;9,427058E-1;;
02/12/2021  12:05:23,293658;9,275922E-1;1,194084E-1;1,205749E-1;9,422655E-1;;
02/12/2021  12:05:23,293758;9,274700E-1;1,245056E-1;1,385831E-1;9,418221E-1;;
02/12/2021  12:05:23,293858;9,275058E-1;1,292843E-1;1,553275E-1;9,413760E-1;;
02/12/2021  12:05:23,293958;9,271392E-1;1,334259E-1;1,297370E-1;9,409274E-1;;
02/12/2021  12:05:23,294058;9,258815E-1;1,079395E-1;9,403666E-2;9,404767E-1;;
02/12/2021  12:05:23,294158;9,247669E-1;1,117624E-1;1,534319E-1;9,400243E-1;;
02/12/2021  12:05:23,294258;9,250649E-1;1,509478E-1;1,398468E-1;9,395701E-1;;
02/12/2021  12:05:23,294358;9,260097E-1;1,522221E-1;1,480610E-1;9,391145E-1;;
02/12/2021  12:05:23,294458;9,261766E-1;1,334259E-1;1,388990E-1;9,386577E-1;;
02/12/2021  12:05:23,294558;9,254166E-1;1,130368E-1;1,076217E-1;9,382001E-1;;
02/12/2021  12:05:23,294658;9,253868E-1;1,458505E-1;2,017695E-1;9,377424E-1;;
02/12/2021  12:05:23,294758;9,264597E-1;1,420275E-1;1,404787E-1;9,372851E-1;;
02/12/2021  12:05:23,294858;9,274164E-1;1,343816E-1;1,344760E-1;9,368289E-1;;
02/12/2021  12:05:23,294958;9,274521E-1;1,394789E-1;1,569071E-1;9,363746E-1;;
02/12/2021  12:05:23,295058;9,258875E-1;1,305587E-1;1,284732E-1;9,359231E-1;;
02/12/2021  12:05:23,295158;9,251066E-1;1,436204E-1;1,344760E-1;9,354752E-1;;
02/12/2021  12:05:23,295258;9,260395E-1;1,311958E-1;1,291051E-1;9,350316E-1;;
02/12/2021  12:05:23,295358;9,265163E-1;1,280100E-1;1,262617E-1;9,345928E-1;;
02/12/2021  12:05:23,295458;9,260067E-1;1,130368E-1;1,237343E-1;9,341594E-1;;
02/12/2021  12:05:23,295558;9,248235E-1;1,251428E-1;1,363715E-1;9,337321E-1;;
02/12/2021  12:05:23,295658;9,240397E-1;1,299215E-1;1,265777E-1;9,333114E-1;;
02/12/2021  12:05:23,295758;9,253301E-1;1,691068E-1;1,679647E-1;9,328975E-1;;
02/12/2021  12:05:23,295858;9,254225E-1;1,299215E-1;1,344760E-1;9,324907E-1;;
02/12/2021  12:05:23,295958;9,251692E-1;1,174969E-1;1,120448E-1;9,320916E-1;;
02/12/2021  12:05:23,296058;9,242721E-1;8,691320E-2;1,291051E-1;9,317004E-1;;
02/12/2021  12:05:23,296158;9,244480E-1;1,222756E-1;1,249980E-1;9,313175E-1;;
02/12/2021  12:05:23,296258;9,256937E-1;1,159040E-1;1,164678E-1;9,309432E-1;;
02/12/2021  12:05:23,296358;9,263584E-1;1,171783E-1;1,196272E-1;9,305778E-1;;
02/12/2021  12:05:23,296458;9,270349E-1;1,407532E-1;1,306848E-1;9,302218E-1;;
02/12/2021  12:05:23,296558;9,268888E-1;1,286472E-1;1,284732E-1;9,298759E-1;;
02/12/2021  12:05:23,296658;9,276131E-1;6,110822E-2;9,845971E-2;9,295408E-1;;
02/12/2021  12:05:23,296758;9,291181E-1;1,283286E-1;1,123607E-1;9,292171E-1;;
02/12/2021  12:05:23,296858;9,292969E-1;1,509478E-1;2,121952E-1;9,289057E-1;;
02/12/2021  12:05:23,296958;9,291539E-1;1,315144E-1;1,347919E-1;9,286073E-1;;
02/12/2021  12:05:23,297058;9,284356E-1;1,206827E-1;1,126766E-1;9,283228E-1;;
02/12/2021  12:05:23,297158;9,289572E-1;1,063466E-1;1,003553E-1;9,280527E-1;;
02/12/2021  12:05:23,297258;9,306232E-1;1,120810E-1;1,092014E-1;9,277975E-1;;
02/12/2021  12:05:23,297358;9,303579E-1;8,372740E-2;1,025668E-1;9,275577E-1;;
02/12/2021  12:05:23,297458;9,305904E-1;1,139925E-1;1,237343E-1;9,273340E-1;;
02/12/2021  12:05:23,297558;9,298691E-1;9,742634E-2;1,085695E-1;9,271267E-1;;
02/12/2021  12:05:23,297658;9,310374E-1;8,054160E-2;7,318515E-2;9,269363E-1;;
02/12/2021  12:05:23,297758;9,320746E-1;9,009900E-2;9,245700E-2;9,267629E-1;;
02/12/2021  12:05:23,297858;9,324590E-1;1,190898E-1;1,120448E-1;9,266069E-1;;
02/12/2021  12:05:23,297958;9,322385E-1;1,117624E-1;1,382671E-1;9,264687E-1;;
02/12/2021  12:05:23,298058;9,319256E-1;8,818752E-2;8,519056E-2;9,263486E-1;;
02/12/2021  12:05:23,298158;9,331296E-1;1,143111E-1;1,259458E-1;9,262466E-1;;
02/12/2021  12:05:23,298258;9,341757E-1;1,235499E-1;1,629098E-1;9,261629E-1;;
02/12/2021  12:05:23,298358;9,341131E-1;1,120810E-1;1,212068E-1;9,260977E-1;;
02/12/2021  12:05:23,298458;9,334932E-1;9,169190E-2;1,164678E-1;9,260509E-1;;
02/12/2021  12:05:23,298558;9,337346E-1;1,022050E-1;1,107811E-1;9,260228E-1;;
02/12/2021  12:05:23,298658;9,351055E-1;1,152668E-1;1,259458E-1;9,260130E-1;;
02/12/2021  12:05:23,298758;9,361963E-1;9,774492E-2;1,095173E-1;9,260214E-1;;
02/12/2021  12:05:23,298858;9,366165E-1;1,057094E-1;1,180475E-1;9,260481E-1;;
02/12/2021  12:05:23,298958;9,361993E-1;1,031608E-1;1,076217E-1;9,260931E-1;;
02/12/2021  12:05:23,299058;9,361576E-1;6,620550E-2;1,003553E-1;9,261563E-1;;
02/12/2021  12:05:23,299158;9,375524E-1;1,152668E-1;1,319485E-1;9,262374E-1;;
02/12/2021  12:05:23,299258;9,389084E-1;1,127182E-1;1,256299E-1;9,263363E-1;;
02/12/2021  12:05:23,299358;9,393405E-1;1,362931E-1;1,575390E-1;9,264529E-1;;
02/12/2021  12:05:23,299458;9,396058E-1;1,219570E-1;1,259458E-1;9,265872E-1;;
02/12/2021  12:05:23,299558;9,400081E-1;1,458505E-1;1,483770E-1;9,267390E-1;;
02/12/2021  12:05:23,299658;9,419125E-1;1,474434E-1;1,436380E-1;9,269084E-1;;
02/12/2021  12:05:23,299758;9,428752E-1;1,512664E-1;1,395309E-1;9,270953E-1;;
02/12/2021  12:05:23,299858;9,429974E-1;1,554079E-1;1,464814E-1;9,272998E-1;;
02/12/2021  12:05:23,299958;9,424550E-1;1,942747E-1;1,689125E-1;9,275219E-1;;
02/12/2021  12:05:23,300058;9,432596E-1;1,668768E-1;1,957668E-1;9,277614E-1;;
02/12/2021  12:05:23,300158;9,446842E-1;1,436204E-1;1,837613E-1;9,280183E-1;;
02/12/2021  12:05:23,300258;9,455038E-1;1,455319E-1;1,414265E-1;9,282921E-1;;
02/12/2021  12:05:23,300358;9,454680E-1;1,340630E-1;1,249980E-1;9,285829E-1;;
02/12/2021  12:05:23,300458;9,445888E-1;1,436204E-1;1,556434E-1;9,288904E-1;;
02/12/2021  12:05:23,300558;9,448571E-1;1,181340E-1;1,234183E-1;9,292140E-1;;
02/12/2021  12:05:23,300658;9,462876E-1;1,633724E-1;1,679647E-1;9,295534E-1;;
02/12/2021  12:05:23,300758;9,464515E-1;1,311958E-1;1,338441E-1;9,299078E-1;;
02/12/2021  12:05:23,300858;9,462757E-1;1,270543E-1;1,205749E-1;9,302766E-1;;
02/12/2021  12:05:23,300958;9,458495E-1;1,203641E-1;1,161519E-1;9,306593E-1;;
02/12/2021  12:05:23,301058;9,465499E-1;1,289658E-1;1,088855E-1;9,310550E-1;;
02/12/2021  12:05:23,301158;9,477182E-1;1,206827E-1;1,189953E-1;9,314628E-1;;
02/12/2021  12:05:23,301258;9,482487E-1;8,404598E-2;1,145722E-1;9,318820E-1;;
02/12/2021  12:05:23,301358;9,476913E-1;1,366117E-1;1,332122E-1;9,323118E-1;;
02/12/2021  12:05:23,301458;9,475840E-1;1,267357E-1;1,278414E-1;9,327516E-1;;
02/12/2021  12:05:23,301558;9,481205E-1;1,232313E-1;1,189953E-1;9,332005E-1;;
02/12/2021  12:05:23,301658;9,493096E-1;1,053908E-1;1,060421E-1;9,336574E-1;;
02/12/2021  12:05:23,301758;9,496881E-1;1,343816E-1;1,082536E-1;9,341218E-1;;
02/12/2021  12:05:23,301858;9,490414E-1;1,436204E-1;1,581709E-1;9,345927E-1;;
02/12/2021  12:05:23,301958;9,482040E-1;1,254614E-1;1,243661E-1;9,350695E-1;;
02/12/2021  12:05:23,302058;9,493275E-1;1,337445E-1;1,284732E-1;9,355511E-1;;
02/12/2021  12:05:23,302158;9,496077E-1;1,356559E-1;1,284732E-1;9,360366E-1;;
02/12/2021  12:05:23,302258;9,500696E-1;1,267357E-1;1,199431E-1;9,365251E-1;;
02/12/2021  12:05:23,302358;9,487821E-1;1,264171E-1;1,351078E-1;9,370157E-1;;
02/12/2021  12:05:23,302458;9,483589E-1;1,235499E-1;1,212068E-1;9,375074E-1;;
02/12/2021  12:05:23,302558;9,491249E-1;1,640096E-1;1,632258E-1;9,379993E-1;;
02/12/2021  12:05:23,302658;9,486182E-1;1,538150E-1;1,720719E-1;9,384901E-1;;
02/12/2021  12:05:23,302758;9,482516E-1;1,299215E-1;1,231024E-1;9,389788E-1;;
02/12/2021  12:05:23,302858;9,474410E-1;1,190898E-1;1,076217E-1;9,394643E-1;;
02/12/2021  12:05:23,302958;9,460492E-1;1,178155E-1;1,218387E-1;9,399453E-1;;
02/12/2021  12:05:23,303058;9,467615E-1;1,190898E-1;1,050943E-1;9,404205E-1;;
02/12/2021  12:05:23,303158;9,469671E-1;1,136739E-1;1,193112E-1;9,408885E-1;;
02/12/2021  12:05:23,303258;9,463800E-1;9,009900E-2;1,038306E-1;9,413481E-1;;
02/12/2021  12:05:23,303358;9,451104E-1;1,216384E-1;1,183634E-1;9,417982E-1;;
02/12/2021  12:05:23,303458;9,446842E-1;1,331073E-1;1,344760E-1;9,422376E-1;;
02/12/2021  12:05:23,303558;9,452535E-1;1,276914E-1;1,234183E-1;9,426648E-1;;
02/12/2021  12:05:23,303658;9,452356E-1;1,152668E-1;1,215227E-1;9,430789E-1;;
02/12/2021  12:05:23,303758;9,451819E-1;1,146297E-1;1,268936E-1;9,434788E-1;;
02/12/2021  12:05:23,303858;9,439838E-1;1,216384E-1;1,249980E-1;9,438637E-1;;
02/12/2021  12:05:23,303958;9,439511E-1;1,334259E-1;1,379512E-1;9,442326E-1;;
02/12/2021  12:05:23,304058;9,445322E-1;1,165411E-1;1,186794E-1;9,445848E-1;;
02/12/2021  12:05:23,304158;9,450150E-1;1,200455E-1;1,208909E-1;9,449196E-1;;
02/12/2021  12:05:23,304258;9,453578E-1;1,229127E-1;1,265777E-1;9,452366E-1;;
02/12/2021  12:05:23,304358;9,440077E-1;1,327887E-1;1,303688E-1;9,455355E-1;;
02/12/2021  12:05:23,304458;9,435130E-1;1,684697E-1;1,733356E-1;9,458160E-1;;
02/12/2021  12:05:23,304558;9,445948E-1;1,213198E-1;1,281573E-1;9,460778E-1;;
02/12/2021  12:05:23,304658;9,440077E-1;1,076209E-1;1,104651E-1;9,463208E-1;;
02/12/2021  12:05:23,304758;9,433997E-1;1,292843E-1;1,186794E-1;9,465449E-1;;
02/12/2021  12:05:23,304858;9,420854E-1;7,257710E-2;8,550650E-2;9,467500E-1;;
02/12/2021  12:05:23,304958;9,416682E-1;1,276914E-1;1,262617E-1;9,469359E-1;;
02/12/2021  12:05:23,305058;9,415698E-1;1,194084E-1;1,246821E-1;9,471024E-1;;
02/12/2021  12:05:23,305158;9,408396E-1;1,382046E-1;1,379512E-1;9,472493E-1;;
02/12/2021  12:05:23,305258;9,393286E-1;1,251428E-1;1,224705E-1;9,473763E-1;;
02/12/2021  12:05:23,305358;9,375404E-1;1,315144E-1;1,417424E-1;9,474832E-1;;
02/12/2021  12:05:23,305458;9,367685E-1;2,256004E-2;5,264957E-2;9,475694E-1;;
02/12/2021  12:05:23,305558;9,365450E-1;1,082581E-1;1,129926E-1;9,476344E-1;;
02/12/2021  12:05:23,305658;9,364347E-1;1,225942E-1;1,170997E-1;9,476777E-1;;
02/12/2021  12:05:23,305758;9,352486E-1;1,184526E-1;1,164678E-1;9,476989E-1;;
02/12/2021  12:05:23,305858;9,336303E-1;1,232313E-1;1,234183E-1;9,476977E-1;;
02/12/2021  12:05:23,305958;9,334932E-1;8,404598E-2;9,119327E-2;9,476735E-1;;
02/12/2021  12:05:23,306058;9,339283E-1;8,978042E-2;7,508074E-2;9,476262E-1;;
02/12/2021  12:05:23,306158;9,342442E-1;1,197269E-1;1,193112E-1;9,475555E-1;;
02/12/2021  12:05:23,306258;9,338627E-1;1,254614E-1;1,262617E-1;9,474615E-1;;
02/12/2021  12:05:23,306358;9,331922E-1;1,219570E-1;1,193112E-1;9,473446E-1;;
02/12/2021  12:05:23,306458;9,340386E-1;1,210013E-1;1,101492E-1;9,472051E-1;;
02/12/2021  12:05:23,306558;9,343485E-1;1,353374E-1;1,240502E-1;9,470435E-1;;
02/12/2021  12:05:23,306658;9,344528E-1;1,308772E-1;1,316326E-1;9,468607E-1;;
02/12/2021  12:05:23,306758;9,334187E-1;1,184526E-1;1,310007E-1;9,466575E-1;;
02/12/2021  12:05:23,306858;9,321372E-1;1,254614E-1;1,145722E-1;9,464348E-1;;
02/12/2021  12:05:23,306958;9,326080E-1;1,458505E-1;1,616461E-1;9,461934E-1;;
02/12/2021  12:05:23,307058;9,323726E-1;1,468062E-1;1,625939E-1;9,459340E-1;;
02/12/2021  12:05:23,307158;9,317080E-1;1,111253E-1;1,082536E-1;9,456576E-1;;
02/12/2021  12:05:23,307258;9,301433E-1;9,742634E-2;1,000394E-1;9,453650E-1;;
02/12/2021  12:05:23,307358;9,288439E-1;1,318330E-1;1,332122E-1;9,450567E-1;;
02/12/2021  12:05:23,307458;9,295056E-1;1,308772E-1;1,189953E-1;9,447334E-1;;
02/12/2021  12:05:23,307558;9,296099E-1;1,162226E-1;1,240502E-1;9,443956E-1;;
02/12/2021  12:05:23,307658;9,286651E-1;1,267357E-1;1,275255E-1;9,440439E-1;;
02/12/2021  12:05:23,307758;9,276250E-1;1,146297E-1;1,218387E-1;9,436791E-1;;
02/12/2021  12:05:23,307858;9,266951E-1;1,340630E-1;1,325804E-1;9,433018E-1;;
02/12/2021  12:05:23,307958;9,269365E-1;1,315144E-1;1,347919E-1;9,429124E-1;;
02/12/2021  12:05:23,308058;9,274849E-1;1,200455E-1;1,243661E-1;9,425116E-1;;
02/12/2021  12:05:23,308158;9,276399E-1;1,397975E-1;1,603824E-1;9,421000E-1;;
02/12/2021  12:05:23,308258;9,261199E-1;1,378860E-1;1,379512E-1;9,416784E-1;;
02/12/2021  12:05:23,308358;9,262332E-1;1,410718E-1;1,262617E-1;9,412477E-1;;
02/12/2021  12:05:23,308458;9,265610E-1;1,152668E-1;1,208909E-1;9,408087E-1;;
02/12/2021  12:05:23,308558;9,266772E-1;1,356559E-1;1,291051E-1;9,403621E-1;;
02/12/2021  12:05:23,308658;9,270170E-1;1,388417E-1;1,382671E-1;9,399089E-1;;
02/12/2021  12:05:23,308758;9,252854E-1;1,327887E-1;1,316326E-1;9,394501E-1;;
02/12/2021  12:05:23,308858;9,248682E-1;1,299215E-1;1,411105E-1;9,389866E-1;;
02/12/2021  12:05:23,308958;9,257712E-1;1,369303E-1;1,328963E-1;9,385191E-1;;
02/12/2021  12:05:23,309058;9,258696E-1;1,382046E-1;1,363715E-1;9,380486E-1;;
02/12/2021  12:05:23,309158;9,258517E-1;1,114439E-1;1,082536E-1;9,375758E-1;;
02/12/2021  12:05:23,309258;9,251901E-1;2,829448E-2;9,087734E-2;9,371018E-1;;
02/12/2021  12:05:23,309358;9,245612E-1;1,123996E-1;1,167838E-1;9,366275E-1;;
02/12/2021  12:05:23,309458;9,254613E-1;1,321516E-1;1,262617E-1;9,361536E-1;;
02/12/2021  12:05:23,309558;9,258636E-1;1,401161E-1;1,341600E-1;9,356810E-1;;
02/12/2021  12:05:23,309658;9,259232E-1;1,292843E-1;1,215227E-1;9,352107E-1;;
02/12/2021  12:05:23,309758;9,252467E-1;9,965640E-2;8,803395E-2;9,347435E-1;;
02/12/2021  12:05:23,309858;9,259292E-1;1,245056E-1;1,155200E-1;9,342805E-1;;
02/12/2021  12:05:23,309958;9,270528E-1;1,280100E-1;1,246821E-1;9,338225E-1;;
02/12/2021  12:05:23,310058;9,268084E-1;1,181340E-1;1,205749E-1;9,333706E-1;;
02/12/2021  12:05:23,310158;9,269246E-1;1,206827E-1;1,227865E-1;9,329258E-1;;
02/12/2021  12:05:23,310258;9,262928E-1;1,181340E-1;1,243661E-1;9,324891E-1;;
02/12/2021  12:05:23,310358;9,270379E-1;1,213198E-1;1,231024E-1;9,320613E-1;;
02/12/2021  12:05:23,310458;9,288588E-1;1,248242E-1;1,069899E-1;9,316435E-1;;
02/12/2021  12:05:23,310558;9,291271E-1;7,385142E-2;7,887192E-2;9,312364E-1;;
02/12/2021  12:05:23,310658;9,297231E-1;1,053908E-1;1,136244E-1;9,308414E-1;;
02/12/2021  12:05:23,310758;9,290734E-1;1,082581E-1;1,284732E-1;9,304595E-1;;
02/12/2021  12:05:23,310858;9,302536E-1;1,114439E-1;1,155200E-1;9,300916E-1;;
02/12/2021  12:05:23,310958;9,311686E-1;1,133553E-1;1,193112E-1;9,297389E-1;;
02/12/2021  12:05:23,311058;9,320984E-1;6,365686E-2;8,645429E-2;9,294023E-1;;
02/12/2021  12:05:23,311158;9,323100E-1;1,238685E-1;1,332122E-1;9,290828E-1;;
02/12/2021  12:05:23,311258;9,324620E-1;7,767438E-2;9,435259E-2;9,287815E-1;;
02/12/2021  12:05:23,311358;9,342442E-1;8,436456E-2;9,656411E-2;9,284993E-1;;
02/12/2021  12:05:23,311458;9,349237E-1;1,264171E-1;1,644895E-1;9,282371E-1;;
02/12/2021  12:05:23,311558;9,352158E-1;9,455912E-2;1,079377E-1;9,279960E-1;;
02/12/2021  12:05:23,311658;9,351830E-1;8,340882E-2;8,392683E-2;9,277768E-1;;
02/12/2021  12:05:23,311758;9,355228E-1;1,098510E-1;1,170997E-1;9,275803E-1;;
02/12/2021  12:05:23,311858;9,362112E-1;1,079395E-1;1,196272E-1;9,274071E-1;;
02/12/2021  12:05:23,311958;9,369503E-1;8,850610E-2;1,095173E-1;9,272577E-1;;
02/12/2021  12:05:23,312058;9,370755E-1;9,965640E-2;1,189953E-1;9,271325E-1;;
02/12/2021  12:05:23,312158;9,367924E-1;5,792242E-2;9,214107E-2;9,270318E-1;;
02/12/2021  12:05:23,312258;9,368401E-1;1,190898E-1;1,227865E-1;9,269558E-1;;
02/12/2021  12:05:23,312358;9,381127E-1;1,133553E-1;1,237343E-1;9,269045E-1;;
02/12/2021  12:05:23,312458;9,384345E-1;1,289658E-1;1,370034E-1;9,268778E-1;;
02/12/2021  12:05:23,312558;9,382557E-1;3,274411E-1;2,264122E-1;9,268756E-1;;
02/12/2021  12:05:23,312658;9,379845E-1;1,547707E-1;1,430061E-1;9,268977E-1;;
02/12/2021  12:05:23,312758;9,383421E-1;1,675139E-1;1,496407E-1;9,269437E-1;;
02/12/2021  12:05:23,312858;9,395492E-1;1,605052E-1;1,606983E-1;9,270130E-1;;
02/12/2021  12:05:23,312958;9,394717E-1;1,678325E-1;1,537478E-1;9,271053E-1;;
02/12/2021  12:05:23,313058;9,403449E-1;1,299215E-1;1,783905E-1;9,272200E-1;;
02/12/2021  12:05:23,313158;9,401452E-1;1,697440E-1;1,543797E-1;9,273565E-1;;
02/12/2021  12:05:23,313258;9,409082E-1;9,519628E-2;1,208909E-1;9,275143E-1;;
02/12/2021  12:05:23,313358;9,417665E-1;1,474434E-1;1,414265E-1;9,276928E-1;;
02/12/2021  12:05:23,313458;9,427530E-1;1,525407E-1;1,534319E-1;9,278915E-1;;
02/12/2021  12:05:23,313558;9,430421E-1;9,009900E-2;1,003553E-1;9,281097E-1;;
02/12/2021  12:05:23,313658;9,431494E-1;1,296029E-1;1,594346E-1;9,283471E-1;;
02/12/2021  12:05:23,313758;9,429497E-1;1,111253E-1;1,164678E-1;9,286031E-1;;
02/12/2021  12:05:23,313858;9,446425E-1;1,324701E-1;1,357397E-1;9,288771E-1;;
02/12/2021  12:05:23,313958;9,447885E-1;1,251428E-1;1,354238E-1;9,291683E-1;;
02/12/2021  12:05:23,314058;9,458197E-1;8,500172E-2;9,845971E-2;9,294762E-1;;
02/12/2021  12:05:23,314158;9,449793E-1;8,468314E-2;9,277293E-2;9,298004E-1;;
02/12/2021  12:05:23,314258;9,458972E-1;1,337445E-1;1,335282E-1;9,301400E-1;;
02/12/2021  12:05:23,314358;9,471072E-1;1,302401E-1;1,104651E-1;9,304945E-1;;
02/12/2021  12:05:23,314458;9,472056E-1;1,448948E-1;1,414265E-1;9,308632E-1;;
02/12/2021  12:05:23,314558;9,476526E-1;1,200455E-1;1,262617E-1;9,312455E-1;;
02/12/2021  12:05:23,314658;9,477837E-1;1,245056E-1;1,123607E-1;9,316408E-1;;
02/12/2021  12:05:23,314758;9,480281E-1;1,522221E-1;1,676488E-1;9,320484E-1;;
02/12/2021  12:05:23,314858;9,485735E-1;1,299215E-1;1,287892E-1;9,324676E-1;;
02/12/2021  12:05:23,314958;9,489878E-1;1,391603E-1;1,401627E-1;9,328976E-1;;
02/12/2021  12:05:23,315058;9,494259E-1;1,321516E-1;1,351078E-1;9,333378E-1;;
02/12/2021  12:05:23,315158;9,493722E-1;1,350188E-1;1,174156E-1;9,337874E-1;;
02/12/2021  12:05:23,315258;9,492500E-1;9,455912E-2;1,114129E-1;9,342456E-1;;
02/12/2021  12:05:23,315358;9,498789E-1;1,362931E-1;1,303688E-1;9,347117E-1;;
02/12/2021  12:05:23,315458;9,500249E-1;1,260985E-1;1,114129E-1;9,351847E-1;;
02/12/2021  12:05:23,315558;9,501143E-1;1,127182E-1;1,385831E-1;9,356637E-1;;
02/12/2021  12:05:23,315658;9,494944E-1;1,413904E-1;1,388990E-1;9,361480E-1;;
02/12/2021  12:05:23,315758;9,501352E-1;1,289658E-1;1,170997E-1;9,366366E-1;;
02/12/2021  12:05:23,315858;9,501799E-1;1,483991E-1;1,752312E-1;9,371285E-1;;
02/12/2021  12:05:23,315958;9,503796E-1;1,152668E-1;1,193112E-1;9,376227E-1;;
02/12/2021  12:05:23,316058;9,500219E-1;1,487177E-1;1,559593E-1;9,381182E-1;;
02/12/2021  12:05:23,316158;9,484662E-1;1,216384E-1;1,186794E-1;9,386142E-1;;
02/12/2021  12:05:23,316258;9,495451E-1;1,257800E-1;1,120448E-1;9,391093E-1;;
02/12/2021  12:05:23,316358;9,500160E-1;1,168597E-1;1,275255E-1;9,396026E-1;;
02/12/2021  12:05:23,316458;9,497060E-1;1,423461E-1;1,439539E-1;9,400928E-1;;
02/12/2021  12:05:23,316558;9,494855E-1;1,423461E-1;1,284732E-1;9,405791E-1;;
02/12/2021  12:05:23,316658;9,485944E-1;9,009900E-2;1,379512E-1;9,410605E-1;;
02/12/2021  12:05:23,316758;9,488507E-1;1,356559E-1;1,379512E-1;9,415359E-1;;
02/12/2021  12:05:23,316858;9,491070E-1;1,289658E-1;1,313166E-1;9,420042E-1;;
02/12/2021  12:05:23,316958;9,491576E-1;1,308772E-1;1,360556E-1;9,424645E-1;;
02/12/2021  12:05:23,317058;9,489878E-1;1,273729E-1;1,202590E-1;9,429159E-1;;
02/12/2021  12:05:23,317158;9,488924E-1;1,219570E-1;1,521681E-1;9,433576E-1;;
02/12/2021  12:05:23,317258;9,496941E-1;1,130368E-1;1,303688E-1;9,437888E-1;;
02/12/2021  12:05:23,317358;9,497597E-1;1,267357E-1;1,401627E-1;9,442089E-1;;
02/12/2021  12:05:23,317458;9,495391E-1;1,426647E-1;1,505885E-1;9,446175E-1;;
02/12/2021  12:05:23,317558;9,492232E-1;1,260985E-1;1,275255E-1;9,450140E-1;;
02/12/2021  12:05:23,317658;9,488686E-1;8,372740E-2;8,139938E-2;9,453980E-1;;
02/12/2021  12:05:23,317758;9,503051E-1;1,254614E-1;1,212068E-1;9,457691E-1;;
02/12/2021  12:05:23,317858;9,500041E-1;1,347002E-1;1,382671E-1;9,461270E-1;;
02/12/2021  12:05:23,317958;9,499623E-1;1,276914E-1;1,268936E-1;9,464715E-1;;
02/12/2021  12:05:23,318058;9,494944E-1;1,423461E-1;1,401627E-1;9,468025E-1;;
02/12/2021  12:05:23,318158;9,490533E-1;1,276914E-1;1,316326E-1;9,471198E-1;;
02/12/2021  12:05:23,318258;9,501233E-1;1,031608E-1;1,189953E-1;9,474234E-1;;
02/12/2021  12:05:23,318358;9,498431E-1;1,216384E-1;1,310007E-1;9,477130E-1;;
02/12/2021  12:05:23,318458;9,496017E-1;1,245056E-1;1,193112E-1;9,479888E-1;;
02/12/2021  12:05:23,318558;9,485288E-1;1,219570E-1;1,287892E-1;9,482508E-1;;
02/12/2021  12:05:23,318658;9,488924E-1;1,413904E-1;1,417424E-1;9,484988E-1;;
02/12/2021  12:05:23,318758;9,497925E-1;1,165411E-1;1,193112E-1;9,487328E-1;;
02/12/2021  12:05:23,318858;9,495809E-1;1,321516E-1;1,385831E-1;9,489529E-1;;
02/12/2021  12:05:23,318958;9,491994E-1;1,219570E-1;1,215227E-1;9,491592E-1;;
02/12/2021  12:05:23,319058;9,484007E-1;1,407532E-1;1,426902E-1;9,493519E-1;;
02/12/2021  12:05:23,319158;9,493126E-1;1,375674E-1;1,338441E-1;9,495312E-1;;
02/12/2021  12:05:23,319258;9,494914E-1;1,178155E-1;1,000394E-1;9,496971E-1;;
02/12/2021  12:05:23,319358;9,497060E-1;1,276914E-1;1,092014E-1;9,498500E-1;;
02/12/2021  12:05:23,319458;9,496285E-1;1,299215E-1;1,265777E-1;9,499901E-1;;
02/12/2021  12:05:23,319558;9,489013E-1;1,334259E-1;1,332122E-1;9,501179E-1;;
02/12/2021  12:05:23,319658;9,495332E-1;9,360338E-2;9,593225E-2;9,502338E-1;;
02/12/2021  12:05:23,319758;9,506269E-1;1,337445E-1;1,376353E-1;9,503380E-1;;
02/12/2021  12:05:23,319858;9,498640E-1;1,136739E-1;1,107811E-1;9,504312E-1;;
02/12/2021  12:05:23,319958;9,499593E-1;1,229127E-1;1,278414E-1;9,505138E-1;;
02/12/2021  12:05:23,320058;9,496643E-1;7,671864E-2;7,634447E-2;9,505864E-1;;
02/12/2021  12:05:23,320158;9,500964E-1;1,601866E-1;1,357397E-1;9,506495E-1;;
02/12/2021  12:05:23,320258;9,503229E-1;1,748413E-1;2,109315E-1;9,507035E-1;;
02/12/2021  12:05:23,320358;9,503826E-1;1,184526E-1;1,243661E-1;9,507491E-1;;
02/12/2021  12:05:23,320458;9,495093E-1;1,251428E-1;1,370034E-1;9,507867E-1;;
02/12/2021  12:05:23,320558;9,484454E-1;1,264171E-1;1,249980E-1;9,508168E-1;;
02/12/2021  12:05:23,320658;9,485556E-1;1,264171E-1;1,281573E-1;9,508396E-1;;
02/12/2021  12:05:23,320758;9,488388E-1;1,267357E-1;1,373193E-1;9,508554E-1;;
02/12/2021  12:05:23,320858;9,486212E-1;1,423461E-1;1,344760E-1;9,508644E-1;;
02/12/2021  12:05:23,320958;9,477957E-1;1,491412E-2;8,424277E-2;9,508667E-1;;
02/12/2021  12:05:23,321058;9,476377E-1;1,257800E-1;1,313166E-1;9,508625E-1;;
02/12/2021  12:05:23,321158;9,483708E-1;1,203641E-1;1,202590E-1;9,508519E-1;;
02/12/2021  12:05:23,321258;9,484930E-1;1,216384E-1;1,275255E-1;9,508351E-1;;
02/12/2021  12:05:23,321358;9,482636E-1;1,353374E-1;1,303688E-1;9,508124E-1;;
02/12/2021  12:05:23,321458;9,480728E-1;1,197269E-1;1,205749E-1;9,507841E-1;;
02/12/2021  12:05:23,321558;9,482159E-1;1,656025E-1;1,597505E-1;9,507503E-1;;
02/12/2021  12:05:23,321658;9,492322E-1;1,423461E-1;1,442698E-1;9,507115E-1;;
02/12/2021  12:05:23,321758;9,493216E-1;1,343816E-1;1,272095E-1;9,506681E-1;;
02/12/2021  12:05:23,321858;9,496077E-1;1,404346E-1;1,347919E-1;9,506205E-1;;
02/12/2021  12:05:23,321958;9,491785E-1;1,197269E-1;1,256299E-1;9,505693E-1;;
02/12/2021  12:05:23,322058;9,494795E-1;8,691320E-2;9,845971E-2;9,505151E-1;;
02/12/2021  12:05:23,322158;9,499415E-1;1,248242E-1;1,322644E-1;9,504584E-1;;
02/12/2021  12:05:23,322258;9,495809E-1;1,273729E-1;1,278414E-1;9,503996E-1;;
02/12/2021  12:05:23,322358;9,489520E-1;1,308772E-1;1,310007E-1;9,503393E-1;;
02/12/2021  12:05:23,322458;9,483112E-1;1,468062E-1;1,594346E-1;9,502778E-1;;
02/12/2021  12:05:23,322558;9,482874E-1;4,963934E-2;7,160549E-2;9,502153E-1;;
02/12/2021  12:05:23,322658;9,489639E-1;1,426647E-1;1,676488E-1;9,501521E-1;;
02/12/2021  12:05:23,322758;9,486927E-1;1,292843E-1;1,253139E-1;9,500882E-1;;
02/12/2021  12:05:23,322858;9,476794E-1;1,194084E-1;1,041465E-1;9,500240E-1;;
02/12/2021  12:05:23,322958;9,478672E-1;1,340630E-1;1,347919E-1;9,499594E-1;;
02/12/2021  12:05:23,323058;9,474678E-1;1,397975E-1;1,316326E-1;9,498946E-1;;
02/12/2021  12:05:23,323158;9,482963E-1;1,009307E-1;1,016190E-1;9,498294E-1;;
02/12/2021  12:05:23,323258;9,482487E-1;1,273729E-1;1,189953E-1;9,497641E-1;;
02/12/2021  12:05:23,323358;9,477062E-1;1,254614E-1;1,227865E-1;9,496986E-1;;
02/12/2021  12:05:23,323458;9,475423E-1;1,222756E-1;1,085695E-1;9,496332E-1;;
02/12/2021  12:05:23,323558;9,475960E-1;1,280100E-1;1,866047E-1;9,495677E-1;;
02/12/2021  12:05:23,323658;9,490474E-1;1,044351E-1;8,392683E-2;9,495024E-1;;
02/12/2021  12:05:23,323758;9,487642E-1;9,487770E-2;1,054102E-1;9,494372E-1;;
02/12/2021  12:05:23,323858;9,491487E-1;9,965640E-2;1,110970E-1;9,493727E-1;;
02/12/2021  12:05:23,323958;9,489222E-1;4,040052E-2;6,844617E-2;9,493089E-1;;
02/12/2021  12:05:23,324058;9,500249E-1;8,786894E-2;7,539667E-2;9,492464E-1;;
02/12/2021  12:05:23,324158;9,513452E-1;1,018865E-1;1,050943E-1;9,491854E-1;;
02/12/2021  12:05:23,324258;9,518340E-1;1,009307E-1;1,117289E-1;9,491267E-1;;
02/12/2021  12:05:23,324358;9,517684E-1;1,260985E-1;1,575390E-1;9,490708E-1;;
02/12/2021  12:05:23,324458;9,511217E-1;-3,244942E-3;5,770448E-2;9,490185E-1;;
02/12/2021  12:05:23,324558;9,521886E-1;9,169190E-2;1,079377E-1;9,489703E-1;;
02/12/2021  12:05:23,324658;9,532109E-1;1,496735E-1;1,796542E-1;9,489267E-1;;
02/12/2021  12:05:23,324758;9,536072E-1;1,031608E-1;1,054102E-1;9,488885E-1;;
02/12/2021  12:05:23,324858;9,537831E-1;9,933782E-2;1,180475E-1;9,488562E-1;;
02/12/2021  12:05:23,324958;9,537145E-1;9,041758E-2;9,782784E-2;9,488305E-1;;
02/12/2021  12:05:23,325058;9,541079E-1;1,073023E-1;1,180475E-1;9,488120E-1;;
02/12/2021  12:05:23,325158;9,553000E-1;1,082581E-1;1,310007E-1;9,488012E-1;;
02/12/2021  12:05:23,325258;9,551868E-1;1,073023E-1;1,208909E-1;9,487986E-1;;
02/12/2021  12:05:23,325358;9,543404E-1;1,060280E-1;1,101492E-1;9,488048E-1;;
02/12/2021  12:05:23,325458;9,540602E-1;2,254955E-1;1,695444E-1;9,488199E-1;;
02/12/2021  12:05:23,325558;9,545699E-1;1,171783E-1;1,199431E-1;9,488442E-1;;
02/12/2021  12:05:23,325658;9,543136E-1;1,458505E-1;1,420583E-1;9,488777E-1;;
02/12/2021  12:05:23,325758;9,547994E-1;1,410718E-1;1,335282E-1;9,489202E-1;;
02/12/2021  12:05:23,325858;9,546235E-1;1,397975E-1;1,265777E-1;9,489719E-1;;
02/12/2021  12:05:23,325958;9,533807E-1;1,671954E-1;1,357397E-1;9,490324E-1;;
02/12/2021  12:05:23,326058;9,545013E-1;1,675139E-1;1,663851E-1;9,491016E-1;;
02/12/2021  12:05:23,326158;9,548709E-1;1,633724E-1;1,379512E-1;9,491790E-1;;
02/12/2021  12:05:23,326258;9,544000E-1;1,515849E-1;1,467973E-1;9,492643E-1;;
02/12/2021  12:05:23,326358;9,538308E-1;1,627352E-1;1,505885E-1;9,493573E-1;;
02/12/2021  12:05:23,326458;9,528145E-1;1,426647E-1;1,663851E-1;9,494574E-1;;
02/12/2021  12:05:23,326558;9,538665E-1;1,633724E-1;1,546956E-1;9,495640E-1;;
02/12/2021  12:05:23,326658;9,536758E-1;1,184526E-1;1,259458E-1;9,496765E-1;;
02/12/2021  12:05:23,326758;9,528622E-1;1,194084E-1;1,272095E-1;9,497942E-1;;
02/12/2021  12:05:23,326858;9,522184E-1;1,471248E-1;1,430061E-1;9,499165E-1;;
02/12/2021  12:05:23,326958;9,518995E-1;1,407532E-1;1,493248E-1;9,500426E-1;;
02/12/2021  12:05:23,327058;9,523704E-1;1,229127E-1;1,265777E-1;9,501715E-1;;
02/12/2021  12:05:23,327158;9,520903E-1;1,283286E-1;1,199431E-1;9,503026E-1;;
02/12/2021  12:05:23,327258;9,511366E-1;1,362931E-1;1,278414E-1;9,504349E-1;;
02/12/2021  12:05:23,327358;9,502633E-1;1,203641E-1;1,392149E-1;9,505676E-1;;
02/12/2021  12:05:23,327458;9,492083E-1;1,235499E-1;1,189953E-1;9,506997E-1;;
02/12/2021  12:05:23,327558;9,499623E-1;9,583344E-2;9,435259E-2;9,508303E-1;;
02/12/2021  12:05:23,327658;9,497418E-1;1,197269E-1;1,227865E-1;9,509581E-1;;
02/12/2021  12:05:23,327758;9,488149E-1;1,248242E-1;1,227865E-1;9,510823E-1;;
02/12/2021  12:05:23,327858;9,473516E-1;1,334259E-1;1,426902E-1;9,512020E-1;;
02/12/2021  12:05:23,327958;9,472085E-1;1,388417E-1;1,316326E-1;9,513162E-1;;
02/12/2021  12:05:23,328058;9,473993E-1;1,152668E-1;9,245700E-2;9,514237E-1;;
02/12/2021  12:05:23,328158;9,466721E-1;1,372488E-1;1,632258E-1;9,515235E-1;;
02/12/2021  12:05:23,328258;9,465231E-1;1,490363E-1;1,464814E-1;9,516149E-1;;
02/12/2021  12:05:23,328358;9,446306E-1;6,907272E-2;8,771802E-2;9,516969E-1;;
02/12/2021  12:05:23,328458;9,450329E-1;1,120810E-1;1,082536E-1;9,517686E-1;;
02/12/2021  12:05:23,328558;9,450717E-1;1,216384E-1;1,155200E-1;9,518291E-1;;
02/12/2021  12:05:23,328658;9,454025E-1;8,691320E-2;1,019350E-1;9,518778E-1;;
02/12/2021  12:05:23,328758;9,446812E-1;1,267357E-1;1,287892E-1;9,519141E-1;;
02/12/2021  12:05:23,328858;9,440673E-1;1,334259E-1;1,388990E-1;9,519376E-1;;
02/12/2021  12:05:23,328958;9,445978E-1;1,041165E-1;1,177316E-1;9,519479E-1;;
02/12/2021  12:05:23,329058;9,449346E-1;1,350188E-1;1,986102E-1;9,519447E-1;;
02/12/2021  12:05:23,329158;9,451998E-1;1,308772E-1;1,272095E-1;9,519281E-1;;
02/12/2021  12:05:23,329258;9,443147E-1;1,232313E-1;1,310007E-1;9,518979E-1;;
02/12/2021  12:05:23,329358;9,430421E-1;1,480806E-1;1,300529E-1;9,518544E-1;;
02/12/2021  12:05:23,329458;9,437901E-1;9,838208E-2;1,104651E-1;9,517976E-1;;
02/12/2021  12:05:23,329558;9,440405E-1;1,385232E-1;1,467973E-1;9,517276E-1;;
02/12/2021  12:05:23,329658;9,433997E-1;1,267357E-1;1,275255E-1;9,516445E-1;;
02/12/2021  12:05:23,329758;9,423566E-1;1,238685E-1;1,354238E-1;9,515487E-1;;
02/12/2021  12:05:23,329858;9,411794E-1;1,200455E-1;1,199431E-1;9,514402E-1;;
02/12/2021  12:05:23,329958;9,416443E-1;1,315144E-1;1,259458E-1;9,513193E-1;;
02/12/2021  12:05:23,330058;9,411615E-1;1,382046E-1;1,373193E-1;9,511859E-1;;
02/12/2021  12:05:23,330158;9,406072E-1;1,130368E-1;1,196272E-1;9,510402E-1;;
02/12/2021  12:05:23,330258;9,387862E-1;1,350188E-1;1,376353E-1;9,508822E-1;;
02/12/2021  12:05:23,330358;9,379100E-1;1,627352E-1;1,881844E-1;9,507121E-1;;
02/12/2021  12:05:23,330458;9,381186E-1;1,413904E-1;1,850251E-1;9,505295E-1;;
02/12/2021  12:05:23,330558;9,376179E-1;1,219570E-1;1,253139E-1;9,503345E-1;;
02/12/2021  12:05:23,330658;9,373616E-1;1,289658E-1;1,341600E-1;9,501270E-1;;
02/12/2021  12:05:23,330758;9,359132E-1;1,343816E-1;1,332122E-1;9,499070E-1;;
02/12/2021  12:05:23,330858;9,355556E-1;1,404346E-1;1,477451E-1;9,496746E-1;;
02/12/2021  12:05:23,330958;9,357105E-1;1,452133E-1;1,584868E-1;9,494295E-1;;
02/12/2021  12:05:23,331058;9,353916E-1;1,082581E-1;1,262617E-1;9,491720E-1;;
02/12/2021  12:05:23,331158;9,354334E-1;2,574584E-2;6,623464E-2;9,489022E-1;;
02/12/2021  12:05:23,331258;9,335200E-1;2,289999E-1;2,118793E-1;9,486204E-1;;
02/12/2021  12:05:23,331358;9,331803E-1;1,251428E-1;1,218387E-1;9,483266E-1;;
02/12/2021  12:05:23,331458;9,332488E-1;1,267357E-1;1,249980E-1;9,480211E-1;;
02/12/2021  12:05:23,331558;9,331147E-1;1,108067E-1;1,155200E-1;9,477039E-1;;
02/12/2021  12:05:23,331658;9,316365E-1;1,276914E-1;1,344760E-1;9,473754E-1;;
02/12/2021  12:05:23,331758;9,304712E-1;1,324701E-1;1,373193E-1;9,470358E-1;;
02/12/2021  12:05:23,331858;9,301851E-1;1,343816E-1;1,332122E-1;9,466851E-1;;
02/12/2021  12:05:23,331958;9,295711E-1;1,206827E-1;1,262617E-1;9,463235E-1;;
02/12/2021  12:05:23,332058;9,292403E-1;1,334259E-1;1,357397E-1;9,459510E-1;;
02/12/2021  12:05:23,332158;9,285370E-1;1,372488E-1;1,385831E-1;9,455678E-1;;
02/12/2021  12:05:23,332258;9,267011E-1;1,066652E-1;9,056141E-2;9,451740E-1;;
02/12/2021  12:05:23,332358;9,269842E-1;1,397975E-1;1,366875E-1;9,447696E-1;;
02/12/2021  12:05:23,332458;9,272167E-1;7,703722E-2;1,050943E-1;9,443548E-1;;
02/12/2021  12:05:23,332558;9,262838E-1;1,426647E-1;1,496407E-1;9,439298E-1;;
02/12/2021  12:05:23,332658;9,261199E-1;1,264171E-1;1,395309E-1;9,434948E-1;;
02/12/2021  12:05:23,332758;9,248831E-1;1,321516E-1;1,354238E-1;9,430502E-1;;
02/12/2021  12:05:23,332858;9,254851E-1;1,264171E-1;1,303688E-1;9,425962E-1;;
02/12/2021  12:05:23,332958;9,254732E-1;1,136739E-1;1,164678E-1;9,421334E-1;;
02/12/2021  12:05:23,333058;9,257921E-1;1,372488E-1;1,205749E-1;9,416621E-1;;
02/12/2021  12:05:23,333158;9,251156E-1;1,512664E-1;1,483770E-1;9,411831E-1;;
02/12/2021  12:05:23,333258;9,243824E-1;1,273729E-1;1,234183E-1;9,406971E-1;;
02/12/2021  12:05:23,333358;9,248235E-1;1,283286E-1;1,189953E-1;9,402048E-1;;
02/12/2021  12:05:23,333458;9,255656E-1;1,448948E-1;1,433221E-1;9,397070E-1;;
02/12/2021  12:05:23,333558;9,250113E-1;1,461691E-1;1,268936E-1;9,392044E-1;;
02/12/2021  12:05:23,333658;9,243735E-1;1,114439E-1;1,177316E-1;9,386982E-1;;
02/12/2021  12:05:23,333758;9,242394E-1;1,104881E-1;1,117289E-1;9,381890E-1;;
02/12/2021  12:05:23,333858;9,243943E-1;1,318330E-1;1,366875E-1;9,376778E-1;;
02/12/2021  12:05:23,333958;9,246387E-1;1,321516E-1;1,471132E-1;9,371655E-1;;
02/12/2021  12:05:23,334058;9,238579E-1;1,251428E-1;1,294210E-1;9,366529E-1;;
02/12/2021  12:05:23,334158;9,227432E-1;1,359745E-1;1,183634E-1;9,361410E-1;;
02/12/2021  12:05:23,334258;9,216554E-1;1,264171E-1;1,452176E-1;9,356302E-1;;
02/12/2021  12:05:23,334358;9,219207E-1;1,378860E-1;1,550115E-1;9,351213E-1;;
02/12/2021  12:05:23,334458;9,210206E-1;1,289658E-1;1,303688E-1;9,346145E-1;;
02/12/2021  12:05:23,334558;9,205766E-1;1,356559E-1;1,366875E-1;9,341101E-1;;
02/12/2021  12:05:23,334658;9,194560E-1;1,356559E-1;1,234183E-1;9,336086E-1;;
02/12/2021  12:05:23,334758;9,187049E-1;1,025236E-1;7,729226E-2;9,331101E-1;;
02/12/2021  12:05:23,334858;9,190983E-1;1,687883E-1;1,704922E-1;9,326145E-1;;
02/12/2021  12:05:23,334958;9,195126E-1;1,442576E-1;1,417424E-1;9,321221E-1;;
02/12/2021  12:05:23,335058;9,190834E-1;1,108067E-1;1,227865E-1;9,316329E-1;;
02/12/2021  12:05:23,335158;9,183443E-1;1,334259E-1;1,370034E-1;9,311474E-1;;
02/12/2021  12:05:23,335258;9,181208E-1;1,461691E-1;1,433221E-1;9,306657E-1;;
02/12/2021  12:05:23,335358;9,189434E-1;1,146297E-1;1,054102E-1;9,301881E-1;;
02/12/2021  12:05:23,335458;9,187795E-1;1,200455E-1;1,240502E-1;9,297147E-1;;
02/12/2021  12:05:23,335558;9,194411E-1;1,302401E-1;1,351078E-1;9,292462E-1;;
02/12/2021  12:05:23,335658;9,188391E-1;1,589123E-1;1,483770E-1;9,287828E-1;;
02/12/2021  12:05:23,335758;9,188838E-1;1,382046E-1;1,341600E-1;9,283252E-1;;
02/12/2021  12:05:23,335858;9,195484E-1;1,318330E-1;1,445858E-1;9,278738E-1;;
02/12/2021  12:05:23,335958;9,208806E-1;1,289658E-1;1,376353E-1;9,274292E-1;;
02/12/2021  12:05:23,336058;9,207733E-1;1,407532E-1;1,284732E-1;9,269921E-1;;
02/12/2021  12:05:23,336158;9,197361E-1;1,378860E-1;1,392149E-1;9,265634E-1;;
02/12/2021  12:05:23,336258;9,202040E-1;1,292843E-1;1,208909E-1;9,261437E-1;;
02/12/2021  12:05:23,336358;9,208061E-1;9,615202E-2;9,593225E-2;9,257337E-1;;
02/12/2021  12:05:23,336458;9,215392E-1;1,289658E-1;1,366875E-1;9,253339E-1;;
02/12/2021  12:05:23,336558;9,216376E-1;1,299215E-1;1,272095E-1;9,249451E-1;;
02/12/2021  12:05:23,336658;9,222515E-1;1,085766E-1;1,218387E-1;9,245681E-1;;
02/12/2021  12:05:23,336758;9,225108E-1;1,034794E-1;1,158360E-1;9,242036E-1;;
02/12/2021  12:05:23,336858;9,241380E-1;6,620550E-2;6,181159E-2;9,238524E-1;;
02/12/2021  12:05:23,336958;9,247132E-1;1,136739E-1;8,708615E-2;9,235154E-1;;
02/12/2021  12:05:23,337058;9,246268E-1;1,165411E-1;1,180475E-1;9,231935E-1;;
02/12/2021  12:05:23,337158;9,247132E-1;9,742634E-2;1,047783E-1;9,228877E-1;;
02/12/2021  12:05:23,337258;9,258487E-1;9,647060E-2;7,444887E-2;9,225986E-1;;
02/12/2021  12:05:23,337358;9,273895E-1;1,095324E-1;1,354238E-1;9,223272E-1;;
02/12/2021  12:05:23,337458;9,273717E-1;9,360338E-2;1,073058E-1;9,220742E-1;;
02/12/2021  12:05:23,337558;9,286025E-1;9,105474E-2;1,088855E-1;9,218406E-1;;
02/12/2021  12:05:23,337658;9,286889E-1;9,264764E-2;1,069899E-1;9,216273E-1;;
02/12/2021  12:05:23,337758;9,297440E-1;1,296029E-1;1,268936E-1;9,214349E-1;;
02/12/2021  12:05:23,337858;9,313980E-1;1,088952E-1;1,259458E-1;9,212644E-1;;
02/12/2021  12:05:23,337958;9,321103E-1;1,018865E-1;1,107811E-1;9,211165E-1;;
02/12/2021  12:05:23,338058;9,324471E-1;9,009900E-2;1,205749E-1;9,209921E-1;;
02/12/2021  12:05:23,338158;9,323458E-1;9,424054E-2;1,155200E-1;9,208919E-1;;
02/12/2021  12:05:23,338258;9,334068E-1;1,152668E-1;1,328963E-1;9,208166E-1;;
02/12/2021  12:05:23,338358;9,346227E-1;1,057094E-1;1,325804E-1;9,207665E-1;;
02/12/2021  12:05:23,338458;9,345691E-1;1,092138E-1;1,205749E-1;9,207421E-1;;
02/12/2021  12:05:23,338558;9,352516E-1;9,264764E-2;1,221546E-1;9,207438E-1;;
02/12/2021  12:05:23,338658;9,356122E-1;1,353374E-1;1,395309E-1;9,207718E-1;;
02/12/2021  12:05:23,338758;9,361963E-1;1,340630E-1;1,294210E-1;9,208261E-1;;
02/12/2021  12:05:23,338858;9,373437E-1;1,369303E-1;1,281573E-1;9,209069E-1;;
02/12/2021  12:05:23,338958;9,378951E-1;1,474434E-1;1,347919E-1;9,210141E-1;;
02/12/2021  12:05:23,339058;9,378802E-1;1,668768E-1;1,467973E-1;9,211477E-1;;
02/12/2021  12:05:23,339158;9,384554E-1;-2,235974E-2;5,075397E-2;9,213074E-1;;
02/12/2021  12:05:23,339258;9,397608E-1;1,455319E-1;1,654373E-1;9,214930E-1;;
02/12/2021  12:05:23,339358;9,403568E-1;1,684697E-1;1,496407E-1;9,217041E-1;;
02/12/2021  12:05:23,339458;9,419245E-1;1,547707E-1;1,442698E-1;9,219406E-1;;
02/12/2021  12:05:23,339558;9,417725E-1;1,522221E-1;1,471132E-1;9,222021E-1;;
02/12/2021  12:05:23,339658;9,413820E-1;1,299215E-1;1,281573E-1;9,224883E-1;;
02/12/2021  12:05:23,339758;9,430689E-1;1,232313E-1;1,370034E-1;9,227986E-1;;
02/12/2021  12:05:23,339858;9,442402E-1;1,264171E-1;1,240502E-1;9,231327E-1;;
02/12/2021  12:05:23,339958;9,442074E-1;1,120810E-1;1,208909E-1;9,234898E-1;;
02/12/2021  12:05:23,340058;9,443057E-1;1,340630E-1;1,300529E-1;9,238696E-1;;
02/12/2021  12:05:23,340158;9,445173E-1;1,088952E-1;1,088855E-1;9,242713E-1;;
02/12/2021  12:05:23,340258;9,452803E-1;1,165411E-1;1,224705E-1;9,246941E-1;;
02/12/2021  12:05:23,340358;9,457690E-1;1,245056E-1;1,294210E-1;9,251372E-1;;
02/12/2021  12:05:23,340458;9,456677E-1;1,337445E-1;1,357397E-1;9,255997E-1;;
02/12/2021  12:05:23,340558;9,463442E-1;1,350188E-1;1,363715E-1;9,260805E-1;;
02/12/2021  12:05:23,340658;9,464843E-1;1,143111E-1;1,224705E-1;9,265787E-1;;
02/12/2021  12:05:23,340758;9,479208E-1;1,267357E-1;1,291051E-1;9,270932E-1;;
02/12/2021  12:05:23,340858;9,481801E-1;1,327887E-1;1,335282E-1;9,276230E-1;;
02/12/2021  12:05:23,340958;9,481265E-1;1,273729E-1;1,278414E-1;9,281672E-1;;
02/12/2021  12:05:23,341058;9,481682E-1;9,041758E-2;9,024547E-2;9,287247E-1;;
02/12/2021  12:05:23,341158;9,491278E-1;1,318330E-1;1,341600E-1;9,292945E-1;;
02/12/2021  12:05:23,341258;9,500190E-1;1,433019E-1;1,553275E-1;9,298755E-1;;
02/12/2021  12:05:23,341358;9,504690E-1;1,111253E-1;1,193112E-1;9,304667E-1;;
02/12/2021  12:05:23,341458;9,507909E-1;1,283286E-1;1,246821E-1;9,310671E-1;;
02/12/2021  12:05:23,341558;9,511336E-1;1,315144E-1;1,287892E-1;9,316759E-1;;
02/12/2021  12:05:23,341658;9,521618E-1;6,461260E-2;6,497092E-2;9,322922E-1;;
02/12/2021  12:05:23,341758;9,533241E-1;1,127182E-1;1,177316E-1;9,329150E-1;;
02/12/2021  12:05:23,341858;9,536788E-1;1,267357E-1;1,133085E-1;9,335437E-1;;
02/12/2021  12:05:23,341958;9,531572E-1;1,286472E-1;1,262617E-1;9,341776E-1;;
02/12/2021  12:05:23,342058;9,533748E-1;1,117624E-1;1,224705E-1;9,348159E-1;;
02/12/2021  12:05:23,342158;9,541765E-1;1,197269E-1;1,092014E-1;9,354579E-1;;
02/12/2021  12:05:23,342258;9,548709E-1;1,251428E-1;1,000394E-1;9,361025E-1;;
02/12/2021  12:05:23,342358;9,553269E-1;1,127182E-1;1,057261E-1;9,367492E-1;;
02/12/2021  12:05:23,342458;9,559915E-1;1,222756E-1;1,281573E-1;9,373972E-1;;
02/12/2021  12:05:23,342558;9,562686E-1;1,318330E-1;1,303688E-1;9,380459E-1;;
02/12/2021  12:05:23,342658;9,572223E-1;1,356559E-1;1,253139E-1;9,386948E-1;;
02/12/2021  12:05:23,342758;9,576783E-1;1,139925E-1;1,319485E-1;9,393431E-1;;
02/12/2021  12:05:23,342858;9,576962E-1;1,143111E-1;1,164678E-1;9,399906E-1;;
02/12/2021  12:05:23,342958;9,580717E-1;1,117624E-1;1,013031E-1;9,406366E-1;;
02/12/2021  12:05:23,343058;9,575502E-1;5,983390E-2;1,050943E-1;9,412806E-1;;
02/12/2021  12:05:23,343158;9,585635E-1;1,206827E-1;1,177316E-1;9,419221E-1;;
02/12/2021  12:05:23,343258;9,593711E-1;1,216384E-1;1,218387E-1;9,425605E-1;;
02/12/2021  12:05:23,343358;9,590850E-1;1,159040E-1;1,234183E-1;9,431952E-1;;
02/12/2021  12:05:23,343458;9,588585E-1;1,117624E-1;1,158360E-1;9,438257E-1;;
02/12/2021  12:05:23,343558;9,585814E-1;1,375674E-1;1,799702E-1;9,444515E-1;;
02/12/2021  12:05:23,343658;9,596036E-1;1,299215E-1;1,546956E-1;9,450720E-1;;
02/12/2021  12:05:23,343758;9,596185E-1;1,095324E-1;1,107811E-1;9,456865E-1;;
02/12/2021  12:05:23,343858;9,592877E-1;1,225942E-1;1,392149E-1;9,462943E-1;;
02/12/2021  12:05:23,343958;9,590582E-1;1,366117E-1;1,316326E-1;9,468951E-1;;
02/12/2021  12:05:23,344058;9,583221E-1;1,267357E-1;1,155200E-1;9,474879E-1;;
02/12/2021  12:05:23,344158;9,582684E-1;1,022050E-1;9,719598E-2;9,480721E-1;;
02/12/2021  12:05:23,344258;9,586499E-1;1,123996E-1;1,183634E-1;9,486469E-1;;
02/12/2021  12:05:23,344358;9,580211E-1;1,423461E-1;1,537478E-1;9,492113E-1;;
02/12/2021  12:05:23,344458;9,569809E-1;1,127182E-1;1,189953E-1;9,497647E-1;;
02/12/2021  12:05:23,344558;9,568528E-1;1,053908E-1;1,092014E-1;9,503061E-1;;
02/12/2021  12:05:23,344658;9,564981E-1;1,512664E-1;1,531159E-1;9,508344E-1;;
02/12/2021  12:05:23,344758;9,565249E-1;1,490363E-1;1,426902E-1;9,513488E-1;;
02/12/2021  12:05:23,344858;9,559229E-1;1,324701E-1;1,183634E-1;9,518484E-1;;
02/12/2021  12:05:23,344958;9,551004E-1;9,933782E-2;1,442698E-1;9,523322E-1;;
02/12/2021  12:05:23,345058;9,550676E-1;1,028422E-1;1,066739E-1;9,527993E-1;;
02/12/2021  12:05:23,345158;9,548798E-1;7,735580E-2;8,076751E-2;9,532489E-1;;
02/12/2021  12:05:23,345258;9,540573E-1;1,238685E-1;1,246821E-1;9,536801E-1;;
02/12/2021  12:05:23,345358;9,535119E-1;1,178155E-1;1,107811E-1;9,540920E-1;;
02/12/2021  12:05:23,345458;9,524479E-1;1,200455E-1;1,196272E-1;9,544840E-1;;
02/12/2021  12:05:23,345558;9,520515E-1;1,184526E-1;1,212068E-1;9,548551E-1;;
02/12/2021  12:05:23,345658;9,526714E-1;4,263058E-2;5,454516E-2;9,552046E-1;;
02/12/2021  12:05:23,345758;9,517654E-1;1,525407E-1;1,837613E-1;9,555317E-1;;
02/12/2021  12:05:23,345858;9,504273E-1;1,222756E-1;1,259458E-1;9,558359E-1;;
02/12/2021  12:05:23,345958;9,494080E-1;1,159040E-1;1,183634E-1;9,561165E-1;;
02/12/2021  12:05:23,346058;9,493961E-1;7,257710E-2;1,013031E-1;9,563729E-1;;
02/12/2021  12:05:23,346158;9,487166E-1;1,369303E-1;1,249980E-1;9,566045E-1;;
02/12/2021  12:05:23,346258;9,479774E-1;1,181340E-1;1,189953E-1;9,568107E-1;;
02/12/2021  12:05:23,346358;9,471042E-1;1,315144E-1;1,284732E-1;9,569911E-1;;
02/12/2021  12:05:23,346458;9,461475E-1;1,311958E-1;1,249980E-1;9,571451E-1;;
02/12/2021  12:05:23,346558;9,457541E-1;-1,029605E-1;1,694925E-2;9,572723E-1;;
02/12/2021  12:05:23,346658;9,459270E-1;1,181340E-1;1,227865E-1;9,573723E-1;;
02/12/2021  12:05:23,346758;9,452296E-1;1,190898E-1;1,189953E-1;9,574449E-1;;
02/12/2021  12:05:23,346858;9,445024E-1;1,340630E-1;1,398468E-1;9,574901E-1;;
02/12/2021  12:05:23,346958;9,441001E-1;1,187712E-1;1,202590E-1;9,575078E-1;;
02/12/2021  12:05:23,347058;9,446127E-1;1,394789E-1;1,281573E-1;9,574981E-1;;
02/12/2021  12:05:23,347158;9,442163E-1;1,238685E-1;1,360556E-1;9,574611E-1;;
02/12/2021  12:05:23,347258;9,436650E-1;1,136739E-1;1,139404E-1;9,573975E-1;;
02/12/2021  12:05:23,347358;9,430749E-1;1,289658E-1;1,449017E-1;9,573075E-1;;
02/12/2021  12:05:23,347458;9,424371E-1;1,331073E-1;1,300529E-1;9,571918E-1;;
02/12/2021  12:05:23,347558;9,430898E-1;8,882468E-2;7,918786E-2;9,570508E-1;;
02/12/2021  12:05:23,347658;9,422314E-1;1,066652E-1;1,104651E-1;9,568853E-1;;
02/12/2021  12:05:23,347758;9,413761E-1;1,302401E-1;1,249980E-1;9,566960E-1;;
02/12/2021  12:05:23,347858;9,403956E-1;1,343816E-1;1,291051E-1;9,564836E-1;;
02/12/2021  12:05:23,347958;9,389918E-1;2,398316E-1;2,074562E-1;9,562488E-1;;
02/12/2021  12:05:23,348058;9,392869E-1;1,241871E-1;1,490088E-1;9,559920E-1;;
02/12/2021  12:05:23,348158;9,388160E-1;1,149482E-1;1,268936E-1;9,557139E-1;;
02/12/2021  12:05:23,348258;9,373110E-1;1,385232E-1;1,423743E-1;9,554151E-1;;
02/12/2021  12:05:23,348358;9,365987E-1;1,152668E-1;1,069899E-1;9,550961E-1;;
02/12/2021  12:05:23,348458;9,355854E-1;1,334259E-1;1,338441E-1;9,547574E-1;;
02/12/2021  12:05:23,348558;9,360622E-1;1,299215E-1;1,278414E-1;9,543995E-1;;
02/12/2021  12:05:23,348658;9,356479E-1;1,407532E-1;1,382671E-1;9,540231E-1;;
02/12/2021  12:05:23,348758;9,348045E-1;1,382046E-1;1,395309E-1;9,536286E-1;;
02/12/2021  12:05:23,348858;9,340326E-1;1,378860E-1;1,310007E-1;9,532170E-1;;
02/12/2021  12:05:23,348958;9,336750E-1;1,343816E-1;1,148882E-1;9,527887E-1;;
02/12/2021  12:05:23,349058;9,341757E-1;1,235499E-1;1,186794E-1;9,523446E-1;;
02/12/2021  12:05:23,349158;9,335886E-1;1,391603E-1;1,351078E-1;9,518855E-1;;
02/12/2021  12:05:23,349258;9,328614E-1;1,347002E-1;1,341600E-1;9,514122E-1;;
02/12/2021  12:05:23,349358;9,317408E-1;1,108067E-1;1,202590E-1;9,509256E-1;;
02/12/2021  12:05:23,349458;9,315590E-1;1,120810E-1;1,186794E-1;9,504265E-1;;
02/12/2021  12:05:23,349558;9,316186E-1;1,225942E-1;1,332122E-1;9,499157E-1;;
02/12/2021  12:05:23,349658;9,315649E-1;1,203641E-1;1,208909E-1;9,493941E-1;;
02/12/2021  12:05:23,349758;9,300867E-1;8,436456E-2;1,038306E-1;9,488624E-1;;
02/12/2021  12:05:23,349858;9,287396E-1;2,574584E-2;4,854245E-2;9,483217E-1;;
02/12/2021  12:05:23,349958;9,282181E-1;1,037979E-1;1,139404E-1;9,477724E-1;;
02/12/2021  12:05:23,350058;9,287217E-1;1,356559E-1;1,546956E-1;9,472152E-1;;
02/12/2021  12:05:23,350158;9,276965E-1;1,394789E-1;1,474292E-1;9,466506E-1;;
02/12/2021  12:05:23,350258;9,267965E-1;1,130368E-1;1,155200E-1;9,460795E-1;;
02/12/2021  12:05:23,350358;9,264120E-1;1,057094E-1;1,167838E-1;9,455022E-1;;
02/12/2021  12:05:23,350458;9,267100E-1;5,250656E-2;9,150920E-2;9,449194E-1;;
02/12/2021  12:05:23,350558;9,271452E-1;1,057094E-1;1,082536E-1;9,443317E-1;;
02/12/2021  12:05:23,350658;9,271362E-1;8,213450E-2;7,381701E-2;9,437400E-1;;
02/12/2021  12:05:23,350758;9,269157E-1;1,047537E-1;1,136244E-1;9,431451E-1;;
02/12/2021  12:05:23,350858;9,266653E-1;1,041165E-1;1,164678E-1;9,425481E-1;;
02/12/2021  12:05:23,350958;9,273419E-1;1,002936E-1;9,466852E-2;9,419497E-1;;
02/12/2021  12:05:23,351058;9,282955E-1;5,346230E-2;7,666040E-2;9,413513E-1;;
02/12/2021  12:05:23,351158;9,278783E-1;4,294916E-2;8,424277E-2;9,407538E-1;;
02/12/2021  12:05:23,351258;9,283313E-1;1,101695E-1;1,224705E-1;9,401587E-1;;
02/12/2021  12:05:23,351358;9,281108E-1;1,123996E-1;1,186794E-1;9,395671E-1;;
02/12/2021  12:05:23,351458;9,290645E-1;1,280100E-1;1,357397E-1;9,389804E-1;;
02/12/2021  12:05:23,351558;9,293059E-1;1,292843E-1;1,622780E-1;9,383999E-1;;
02/12/2021  12:05:23,351658;9,289274E-1;1,429833E-1;1,455336E-1;9,378268E-1;;
02/12/2021  12:05:23,351758;9,283104E-1;1,382046E-1;1,088855E-1;9,372624E-1;;
02/12/2021  12:05:23,351858;9,278008E-1;1,260985E-1;1,689125E-1;9,367078E-1;;
02/12/2021  12:05:23,351958;9,286085E-1;1,503106E-1;1,373193E-1;9,361640E-1;;
02/12/2021  12:05:23,352058;9,283611E-1;1,550893E-1;1,439539E-1;9,356317E-1;;
02/12/2021  12:05:23,352158;9,278187E-1;1,751599E-1;1,471132E-1;9,351118E-1;;
02/12/2021  12:05:23,352258;9,276309E-1;9,965640E-2;1,148882E-1;9,346049E-1;;
02/12/2021  12:05:23,352358;9,275892E-1;1,531778E-1;9,782784E-2;9,341118E-1;;
02/12/2021  12:05:23,352458;9,281883E-1;1,503106E-1;1,736515E-1;9,336327E-1;;
02/12/2021  12:05:23,352558;9,282002E-1;1,343816E-1;1,455336E-1;9,331683E-1;;
02/12/2021  12:05:23,352658;9,279349E-1;1,445762E-1;1,569071E-1;9,327191E-1;;
02/12/2021  12:05:23,352758;9,275177E-1;1,225942E-1;1,272095E-1;9,322853E-1;;
02/12/2021  12:05:23,352858;9,279558E-1;5,983390E-2;6,370719E-2;9,318673E-1;;
02/12/2021  12:05:23,352958;9,288707E-1;8,372740E-2;8,234717E-2;9,314654E-1;;
02/12/2021  12:05:23,353058;9,293118E-1;1,410718E-1;1,442698E-1;9,310799E-1;;
02/12/2021  12:05:23,353158;9,293387E-1;1,573194E-1;1,543797E-1;9,307112E-1;;
02/12/2021  12:05:23,353258;9,283879E-1;1,289658E-1;1,335282E-1;9,303596E-1;;
02/12/2021  12:05:23,353358;9,296277E-1;1,219570E-1;1,256299E-1;9,300254E-1;;
02/12/2021  12:05:23,353458;9,304265E-1;1,579565E-1;1,796542E-1;9,297087E-1;;
02/12/2021  12:05:23,353558;9,307394E-1;1,289658E-1;1,335282E-1;9,294099E-1;;
02/12/2021  12:05:23,353658;9,297917E-1;1,111253E-1;9,593225E-2;9,291292E-1;;
02/12/2021  12:05:23,353758;9,290287E-1;9,647060E-2;1,430061E-1;9,288668E-1;;
02/12/2021  12:05:23,353858;9,292671E-1;1,362931E-1;1,287892E-1;9,286227E-1;;
02/12/2021  12:05:23,353958;9,296516E-1;3,116170E-2;9,498445E-2;9,283965E-1;;
02/12/2021  12:05:23,354058;9,298870E-1;1,190898E-1;1,224705E-1;9,281881E-1;;
02/12/2021  12:05:23,354158;9,297082E-1;1,146297E-1;1,110970E-1;9,279972E-1;;
02/12/2021  12:05:23,354258;9,300241E-1;6,270112E-2;1,098333E-1;9,278236E-1;;
02/12/2021  12:05:23,354358;9,310315E-1;1,378860E-1;1,477451E-1;9,276671E-1;;
02/12/2021  12:05:23,354458;9,316514E-1;1,241871E-1;1,234183E-1;9,275273E-1;;
02/12/2021  12:05:23,354558;9,322921E-1;1,117624E-1;8,076751E-2;9,274044E-1;;
02/12/2021  12:05:23,354658;9,323398E-1;1,149482E-1;1,224705E-1;9,272981E-1;;
02/12/2021  12:05:23,354758;9,325276E-1;1,439390E-1;1,395309E-1;9,272085E-1;;
02/12/2021  12:05:23,354858;9,336064E-1;1,433019E-1;1,581709E-1;9,271355E-1;;
02/12/2021  12:05:23,354958;9,350131E-1;1,873708E-2;1,322644E-1;9,270791E-1;;
02/12/2021  12:05:23,355058;9,360682E-1;1,190898E-1;1,202590E-1;9,270394E-1;;
02/12/2021  12:05:23,355158;9,361635E-1;1,260985E-1;1,281573E-1;9,270168E-1;;
02/12/2021  12:05:23,355258;9,365480E-1;1,423461E-1;1,395309E-1;9,270113E-1;;
02/12/2021  12:05:23,355358;9,381127E-1;1,783457E-1;1,584868E-1;9,270234E-1;;
02/12/2021  12:05:23,355458;9,393256E-1;1,353374E-1;1,306848E-1;9,270532E-1;;
02/12/2021  12:05:23,355558;9,398830E-1;1,264171E-1;1,205749E-1;9,271011E-1;;
02/12/2021  12:05:23,355658;9,397906E-1;1,171783E-1;1,486929E-1;9,271676E-1;;
02/12/2021  12:05:23,355758;9,396088E-1;1,245056E-1;1,310007E-1;9,272528E-1;;
02/12/2021  12:05:23,355858;9,412301E-1;1,315144E-1;1,306848E-1;9,273569E-1;;
02/12/2021  12:05:23,355958;9,420705E-1;1,117624E-1;1,189953E-1;9,274800E-1;;
02/12/2021  12:05:23,356058;9,417278E-1;1,248242E-1;1,303688E-1;9,276222E-1;;
02/12/2021  12:05:23,356158;9,423596E-1;1,461691E-1;1,483770E-1;9,277834E-1;;
02/12/2021  12:05:23,356258;9,428394E-1;1,197269E-1;1,208909E-1;9,279637E-1;;
02/12/2021  12:05:23,356358;9,431881E-1;1,937424E-2;8,234717E-2;9,281629E-1;;
02/12/2021  12:05:23,356458;9,445322E-1;1,187712E-1;1,335282E-1;9,283807E-1;;
02/12/2021  12:05:23,356558;9,445620E-1;1,385232E-1;1,388990E-1;9,286170E-1;;
02/12/2021  12:05:23,356658;9,442223E-1;1,286472E-1;1,174156E-1;9,288715E-1;;
02/12/2021  12:05:23,356758;9,450448E-1;-1,598814E-2;7,223735E-2;9,291439E-1;;
02/12/2021  12:05:23,356858;9,463562E-1;1,429833E-1;1,818658E-1;9,294338E-1;;
02/12/2021  12:05:23,356958;9,466453E-1;1,350188E-1;1,341600E-1;9,297406E-1;;
02/12/2021  12:05:23,357058;9,468807E-1;1,426647E-1;1,407946E-1;9,300641E-1;;
02/12/2021  12:05:23,357158;9,463323E-1;1,315144E-1;1,268936E-1;9,304038E-1;;
02/12/2021  12:05:23,357258;9,466631E-1;1,044351E-1;1,148882E-1;9,307591E-1;;
02/12/2021  12:05:23,357358;9,478940E-1;1,340630E-1;1,442698E-1;9,311292E-1;;
02/12/2021  12:05:23,357458;9,480728E-1;1,232313E-1;1,332122E-1;9,315135E-1;;
02/12/2021  12:05:23,357558;9,480609E-1;1,146297E-1;1,212068E-1;9,319113E-1;;
02/12/2021  12:05:23,357658;9,476466E-1;1,168597E-1;1,158360E-1;9,323218E-1;;
02/12/2021  12:05:23,357758;9,476228E-1;1,206827E-1;1,114129E-1;9,327442E-1;;
02/12/2021  12:05:23,357858;9,482457E-1;1,362931E-1;1,297370E-1;9,331775E-1;;
02/12/2021  12:05:23,357958;9,486033E-1;1,410718E-1;1,316326E-1;9,336207E-1;;
02/12/2021  12:05:23,358058;9,482040E-1;1,245056E-1;1,208909E-1;9,340727E-1;;
02/12/2021  12:05:23,358158;9,479924E-1;-4,720898E-2;4,633093E-2;9,345327E-1;;
02/12/2021  12:05:23,358258;9,484096E-1;1,324701E-1;1,388990E-1;9,349994E-1;;
02/12/2021  12:05:23,358358;9,496554E-1;9,901924E-2;1,303688E-1;9,354717E-1;;
02/12/2021  12:05:23,358458;9,498789E-1;1,194084E-1;1,174156E-1;9,359489E-1;;
02/12/2021  12:05:23,358558;9,488626E-1;1,178155E-1;1,237343E-1;9,364298E-1;;
02/12/2021  12:05:23,358658;9,486570E-1;1,283286E-1;1,287892E-1;9,369136E-1;;
02/12/2021  12:05:23,358758;9,487881E-1;1,429833E-1;1,411105E-1;9,373992E-1;;
02/12/2021  12:05:23,358858;9,503080E-1;1,334259E-1;1,698603E-1;9,378855E-1;;
02/12/2021  12:05:23,358958;9,498103E-1;1,002936E-1;1,234183E-1;9,383717E-1;;
02/12/2021  12:05:23,359058;9,496762E-1;1,254614E-1;1,237343E-1;9,388567E-1;;
02/12/2021  12:05:23,359158;9,497597E-1;1,385232E-1;1,357397E-1;9,393399E-1;;
02/12/2021  12:05:23,359258;9,503319E-1;1,420275E-1;1,366875E-1;9,398202E-1;;
02/12/2021  12:05:23,359358;9,503587E-1;1,289658E-1;1,114129E-1;9,402970E-1;;
02/12/2021  12:05:23,359458;9,500905E-1;1,082581E-1;9,245700E-2;9,407695E-1;;
02/12/2021  12:05:23,359558;9,504451E-1;1,213198E-1;1,284732E-1;9,412369E-1;;
02/12/2021  12:05:23,359658;9,491457E-1;1,315144E-1;1,338441E-1;9,416985E-1;;
02/12/2021  12:05:23,359758;9,500607E-1;1,018865E-1;7,666040E-2;9,421536E-1;;
02/12/2021  12:05:23,359858;9,510025E-1;9,424054E-2;7,002583E-2;9,426014E-1;;
02/12/2021  12:05:23,359958;9,502276E-1;8,372740E-2;8,045158E-2;9,430412E-1;;
02/12/2021  12:05:23,360058;9,499623E-1;1,331073E-1;1,341600E-1;9,434726E-1;;
02/12/2021  12:05:23,360158;9,495809E-1;1,197269E-1;1,139404E-1;9,438949E-1;;
02/12/2021  12:05:23,360258;9,508296E-1;1,152668E-1;1,265777E-1;9,443075E-1;;
02/12/2021  12:05:23,360358;9,513869E-1;1,267357E-1;1,493248E-1;9,447100E-1;;
02/12/2021  12:05:23,360458;9,506448E-1;1,245056E-1;1,284732E-1;9,451021E-1;;
02/12/2021  12:05:23,360558;9,496762E-1;1,053908E-1;8,961361E-2;9,454834E-1;;
02/12/2021  12:05:23,360658;9,494348E-1;1,213198E-1;1,496407E-1;9,458536E-1;;
02/12/2021  12:05:23,360758;9,497537E-1;1,356559E-1;1,303688E-1;9,462121E-1;;
02/12/2021  12:05:23,360858;9,494616E-1;1,410718E-1;1,344760E-1;9,465586E-1;;
02/12/2021  12:05:23,360958;9,492083E-1;1,324701E-1;1,316326E-1;9,468925E-1;;
02/12/2021  12:05:23,361058;9,484096E-1;1,139925E-1;1,057261E-1;9,472136E-1;;
02/12/2021  12:05:23,361158;9,478165E-1;1,060280E-1;1,442698E-1;9,475213E-1;;
02/12/2021  12:05:23,361258;9,480967E-1;1,296029E-1;1,310007E-1;9,478151E-1;;
02/12/2021  12:05:23,361358;9,478642E-1;1,289658E-1;1,306848E-1;9,480946E-1;;
02/12/2021  12:05:23,361458;9,474887E-1;1,452133E-1;1,622780E-1;9,483594E-1;;
02/12/2021  12:05:23,361558;9,458167E-1;1,347002E-1;1,313166E-1;9,486090E-1;;
02/12/2021  12:05:23,361658;9,447408E-1;4,868360E-2;7,318515E-2;9,488430E-1;;
02/12/2021  12:05:23,361758;9,453220E-1;9,615202E-2;8,992954E-2;9,490608E-1;;
02/12/2021  12:05:23,361858;9,452117E-1;1,225942E-1;1,234183E-1;9,492617E-1;;
02/12/2021  12:05:23,361958;9,439362E-1;1,372488E-1;1,442698E-1;9,494453E-1;;
02/12/2021  12:05:23,362058;9,432954E-1;1,222756E-1;1,284732E-1;9,496112E-1;;
02/12/2021  12:05:23,362158;9,436173E-1;1,429833E-1;1,306848E-1;9,497588E-1;;
02/12/2021  12:05:23,362258;9,441031E-1;1,436204E-1;1,385831E-1;9,498878E-1;;
02/12/2021  12:05:23,362358;9,437424E-1;1,210013E-1;1,272095E-1;9,499981E-1;;
02/12/2021  12:05:23,362458;9,429199E-1;1,130368E-1;1,041465E-1;9,500896E-1;;
02/12/2021  12:05:23,362558;9,423387E-1;1,120810E-1;1,164678E-1;9,501623E-1;;
02/12/2021  12:05:23,362658;9,423894E-1;1,232313E-1;1,240502E-1;9,502161E-1;;
02/12/2021  12:05:23,362758;9,429497E-1;1,095324E-1;1,145722E-1;9,502510E-1;;
02/12/2021  12:05:23,362858;9,425503E-1;9,487770E-2;1,057261E-1;9,502673E-1;;
02/12/2021  12:05:23,362958;9,424669E-1;9,169190E-2;9,498445E-2;9,502653E-1;;
02/12/2021  12:05:23,363058;9,412658E-1;1,104881E-1;1,085695E-1;9,502453E-1;;
02/12/2021  12:05:23,363158;9,411436E-1;1,162226E-1;1,196272E-1;9,502077E-1;;
02/12/2021  12:05:23,363258;9,422940E-1;7,448858E-2;1,073058E-1;9,501527E-1;;
02/12/2021  12:05:23,363358;9,416175E-1;7,703722E-2;1,199431E-1;9,500808E-1;;
02/12/2021  12:05:23,363458;9,406519E-1;9,870066E-2;1,180475E-1;9,499926E-1;;
02/12/2021  12:05:23,363558;9,393554E-1;1,098510E-1;1,025668E-1;9,498886E-1;;
02/12/2021  12:05:23,363658;9,395790E-1;9,232906E-2;1,129926E-1;9,497691E-1;;
02/12/2021  12:05:23,363758;9,400200E-1;5,038138E-3;5,486109E-2;9,496345E-1;;
02/12/2021  12:05:23,363858;9,396535E-1;8,818752E-2;1,076217E-1;9,494853E-1;;
02/12/2021  12:05:23,363958;9,392064E-1;9,105474E-2;1,088855E-1;9,493219E-1;;
02/12/2021  12:05:23,364058;9,384554E-1;9,392196E-2;1,000394E-1;9,491450E-1;;
02/12/2021  12:05:23,364158;9,386938E-1;9,583344E-2;1,107811E-1;9,489550E-1;;
02/12/2021  12:05:23,364258;9,388071E-1;9,137332E-2;1,063580E-1;9,487525E-1;;
02/12/2021  12:05:23,364358;9,386282E-1;1,006121E-1;1,088855E-1;9,485380E-1;;
02/12/2021  12:05:23,364458;9,374749E-1;1,123996E-1;1,572231E-1;9,483123E-1;;
02/12/2021  12:05:23,364558;9,370666E-1;1,047537E-1;1,158360E-1;9,480760E-1;;
02/12/2021  12:05:23,364658;9,373139E-1;1,082581E-1;1,117289E-1;9,478294E-1;;
02/12/2021  12:05:23,364758;9,373855E-1;1,318330E-1;1,667010E-1;9,475732E-1;;
02/12/2021  12:05:23,364858;9,370308E-1;1,509478E-1;1,426902E-1;9,473080E-1;;
02/12/2021  12:05:23,364958;9,364288E-1;1,585937E-1;1,606983E-1;9,470343E-1;;
02/12/2021  12:05:23,365058;9,362351E-1;1,528593E-1;1,313166E-1;9,467529E-1;;
02/12/2021  12:05:23,365158;9,374749E-1;1,646467E-1;1,467973E-1;9,464642E-1;;
02/12/2021  12:05:23,365258;9,372513E-1;1,818500E-1;1,588027E-1;9,461691E-1;;
02/12/2021  12:05:23,365358;9,372603E-1;1,729298E-1;1,543797E-1;9,458683E-1;;
02/12/2021  12:05:23,365458;9,363781E-1;1,487177E-1;1,240502E-1;9,455626E-1;;
02/12/2021  12:05:23,365558;9,364079E-1;1,095324E-1;1,322644E-1;9,452529E-1;;
02/12/2021  12:05:23,365658;9,377610E-1;1,423461E-1;1,458495E-1;9,449399E-1;;
02/12/2021  12:05:23,365758;9,379368E-1;1,452133E-1;1,366875E-1;9,446245E-1;;
02/12/2021  12:05:23,365858;9,375881E-1;9,933782E-2;1,142563E-1;9,443075E-1;;
02/12/2021  12:05:23,365958;9,371172E-1;1,041165E-1;1,031987E-1;9,439900E-1;;
02/12/2021  12:05:23,366058;9,374272E-1;1,280100E-1;1,401627E-1;9,436728E-1;;
02/12/2021  12:05:23,366158;9,386610E-1;1,356559E-1;1,379512E-1;9,433567E-1;;
02/12/2021  12:05:23,366258;9,392750E-1;1,245056E-1;1,231024E-1;9,430427E-1;;
02/12/2021  12:05:23,366358;9,390455E-1;1,098510E-1;1,354238E-1;9,427318E-1;;
02/12/2021  12:05:23,366458;9,388577E-1;1,270543E-1;1,265777E-1;9,424252E-1;;
02/12/2021  12:05:23,366558;9,396594E-1;1,238685E-1;1,297370E-1;9,421236E-1;;
02/12/2021  12:05:23,366658;9,408754E-1;1,168597E-1;1,196272E-1;9,418282E-1;;
02/12/2021  12:05:23,366758;9,413940E-1;1,079395E-1;1,148882E-1;9,415400E-1;;
02/12/2021  12:05:23,366858;9,410930E-1;1,327887E-1;1,351078E-1;9,412600E-1;;
02/12/2021  12:05:23,366958;9,405952E-1;1,847173E-1;1,976624E-1;9,409894E-1;;
02/12/2021  12:05:23,367058;9,411287E-1;1,436204E-1;1,379512E-1;9,407290E-1;;
02/12/2021  12:05:23,367158;9,429139E-1;1,133553E-1;1,180475E-1;9,404796E-1;;
02/12/2021  12:05:23,367258;9,433222E-1;1,076209E-1;1,177316E-1;9,402420E-1;;
02/12/2021  12:05:23,367358;9,427023E-1;1,162226E-1;9,624818E-2;9,400173E-1;;
02/12/2021  12:05:23,367458;9,420437E-1;1,624167E-1;1,951349E-1;9,398061E-1;;
02/12/2021  12:05:23,367558;9,428603E-1;1,130368E-1;1,240502E-1;9,396091E-1;;
02/12/2021  12:05:23,367658;9,437216E-1;1,069837E-1;1,167838E-1;9,394268E-1;;
02/12/2021  12:05:23,367758;9,439660E-1;1,159040E-1;1,212068E-1;9,392596E-1;;
02/12/2021  12:05:23,367858;9,432716E-1;1,468062E-1;1,357397E-1;9,391079E-1;;
02/12/2021  12:05:23,367958;9,431285E-1;1,028422E-1;1,224705E-1;9,389722E-1;;
02/12/2021  12:05:23,368058;9,452475E-1;1,190898E-1;1,237343E-1;9,388526E-1;;
02/12/2021  12:05:23,368158;9,467973E-1;1,085766E-1;1,145722E-1;9,387493E-1;;
02/12/2021  12:05:23,368258;9,463144E-1;1,245056E-1;1,205749E-1;9,386628E-1;;
02/12/2021  12:05:23,368358;9,465231E-1;1,410718E-1;1,376353E-1;9,385935E-1;;
02/12/2021  12:05:23,368458;9,462608E-1;1,178155E-1;1,152041E-1;9,385418E-1;;
02/12/2021  12:05:23,368558;9,483858E-1;1,251428E-1;1,208909E-1;9,385078E-1;;
02/12/2021  12:05:23,368658;9,489162E-1;1,190898E-1;1,246821E-1;9,384917E-1;;
02/12/2021  12:05:23,368758;9,495570E-1;1,327887E-1;1,370034E-1;9,384940E-1;;
02/12/2021  12:05:23,368858;9,496017E-1;1,238685E-1;1,256299E-1;9,385149E-1;;
02/12/2021  12:05:23,368958;9,494825E-1;1,009307E-1;1,050943E-1;9,385545E-1;;
02/12/2021  12:05:23,369058;9,511038E-1;4,677212E-2;8,266311E-2;9,386131E-1;;
02/12/2021  12:05:23,369158;9,519174E-1;1,531778E-1;1,821817E-1;9,386907E-1;;
02/12/2021  12:05:23,369258;9,520485E-1;1,477620E-1;1,287892E-1;9,387874E-1;;
02/12/2021  12:05:23,369358;9,516194E-1;1,324701E-1;1,606983E-1;9,389033E-1;;
02/12/2021  12:05:23,369458;9,510561E-1;1,353374E-1;1,313166E-1;9,390383E-1;;
02/12/2021  12:05:23,369558;9,514584E-1;5,664810E-2;1,205749E-1;9,391920E-1;;
02/12/2021  12:05:23,369658;9,519383E-1;1,292843E-1;1,379512E-1;9,393640E-1;;
02/12/2021  12:05:23,369758;9,513035E-1;1,219570E-1;1,262617E-1;9,395537E-1;;
02/12/2021  12:05:23,369858;9,503766E-1;1,318330E-1;1,328963E-1;9,397603E-1;;
02/12/2021  12:05:23,369958;9,492739E-1;1,570008E-1;1,546956E-1;9,399830E-1;;
02/12/2021  12:05:23,370058;9,497239E-1;1,292843E-1;1,449017E-1;9,402205E-1;;
02/12/2021  12:05:23,370158;9,497060E-1;1,315144E-1;1,354238E-1;9,404716E-1;;
02/12/2021  12:05:23,370258;9,488924E-1;1,200455E-1;1,212068E-1;9,407349E-1;;
02/12/2021  12:05:23,370358;9,480877E-1;1,174969E-1;1,161519E-1;9,410091E-1;;
02/12/2021  12:05:23,370458;9,473039E-1;1,299215E-1;1,310007E-1;9,412926E-1;;
02/12/2021  12:05:23,370558;9,478582E-1;1,337445E-1;1,322644E-1;9,415837E-1;;
02/12/2021  12:05:23,370658;9,479625E-1;1,308772E-1;1,328963E-1;9,418809E-1;;
02/12/2021  12:05:23,370758;9,477092E-1;1,114439E-1;1,218387E-1;9,421827E-1;;
02/12/2021  12:05:23,370858;9,474708E-1;1,289658E-1;1,284732E-1;9,424876E-1;;
02/12/2021  12:05:23,370958;9,475870E-1;1,439390E-1;1,512204E-1;9,427942E-1;;
02/12/2021  12:05:23,371058;9,488924E-1;9,328480E-2;1,085695E-1;9,431013E-1;;
02/12/2021  12:05:23,371158;9,485675E-1;9,838208E-2;1,133085E-1;9,434077E-1;;
02/12/2021  12:05:23,371258;9,481235E-1;1,311958E-1;1,366875E-1;9,437124E-1;;
02/12/2021  12:05:23,371358;9,473218E-1;1,401161E-1;1,164678E-1;9,440146E-1;;
02/12/2021  12:05:23,371458;9,474142E-1;1,174969E-1;1,259458E-1;9,443131E-1;;
02/12/2021  12:05:23,371558;9,483708E-1;1,490363E-1;1,885003E-1;9,446070E-1;;
02/12/2021  12:05:23,371658;9,484871E-1;1,334259E-1;1,325804E-1;9,448954E-1;;
02/12/2021  12:05:23,371758;9,483053E-1;1,257800E-1;1,322644E-1;9,451778E-1;;
02/12/2021  12:05:23,371858;9,474648E-1;1,037979E-1;8,929768E-2;9,454534E-1;;
02/12/2021  12:05:23,371958;9,472711E-1;1,092138E-1;1,379512E-1;9,457216E-1;;
02/12/2021  12:05:23,372058;9,478433E-1;7,385142E-2;7,350108E-2;9,459817E-1;;
02/12/2021  12:05:23,372158;9,478523E-1;1,143111E-1;1,215227E-1;9,462333E-1;;
02/12/2021  12:05:23,372258;9,472175E-1;1,302401E-1;1,221546E-1;9,464757E-1;;
02/12/2021  12:05:23,372358;9,460581E-1;1,289658E-1;1,164678E-1;9,467085E-1;;
02/12/2021  12:05:23,372458;9,467525E-1;1,063466E-1;9,056141E-2;9,469312E-1;;
02/12/2021  12:05:23,372558;9,475393E-1;1,235499E-1;1,272095E-1;9,471433E-1;;
02/12/2021  12:05:23,372658;9,476377E-1;1,375674E-1;1,316326E-1;9,473445E-1;;
02/12/2021  12:05:23,372758;9,475483E-1;1,280100E-1;1,306848E-1;9,475346E-1;;
02/12/2021  12:05:23,372858;9,469701E-1;1,098510E-1;1,215227E-1;9,477135E-1;;
02/12/2021  12:05:23,372958;9,472383E-1;1,413904E-1;1,461654E-1;9,478811E-1;;
02/12/2021  12:05:23,373058;9,477837E-1;1,429833E-1;1,360556E-1;9,480375E-1;;
02/12/2021  12:05:23,373158;9,473009E-1;1,241871E-1;1,249980E-1;9,481826E-1;;
02/12/2021  12:05:23,373258;9,459717E-1;1,347002E-1;1,335282E-1;9,483165E-1;;
02/12/2021  12:05:23,373358;9,443623E-1;1,213198E-1;1,227865E-1;9,484392E-1;;
02/12/2021  12:05:23,373458;9,446514E-1;1,394789E-1;1,423743E-1;9,485503E-1;;
02/12/2021  12:05:23,373558;9,445888E-1;1,452133E-1;1,667010E-1;9,486495E-1;;
02/12/2021  12:05:23,373658;9,434474E-1;1,289658E-1;1,155200E-1;9,487365E-1;;
02/12/2021  12:05:23,373758;9,416533E-1;1,286472E-1;1,227865E-1;9,488110E-1;;
02/12/2021  12:05:23,373858;9,404582E-1;1,305587E-1;1,316326E-1;9,488724E-1;;
02/12/2021  12:05:23,373958;9,406757E-1;6,524976E-2;1,249980E-1;9,489201E-1;;
02/12/2021  12:05:23,374058;9,400558E-1;1,401161E-1;1,385831E-1;9,489534E-1;;
02/12/2021  12:05:23,374158;9,392005E-1;1,366117E-1;1,319485E-1;9,489718E-1;;
02/12/2021  12:05:23,374258;9,379636E-1;1,018865E-1;1,202590E-1;9,489746E-1;;
02/12/2021  12:05:23,374358;9,366791E-1;1,210013E-1;1,325804E-1;9,489612E-1;;
02/12/2021  12:05:23,374458;9,365629E-1;1,382046E-1;1,392149E-1;9,489311E-1;;
02/12/2021  12:05:23,374558;9,363573E-1;1,219570E-1;1,205749E-1;9,488834E-1;;
02/12/2021  12:05:23,374658;9,361665E-1;1,245056E-1;1,253139E-1;9,488178E-1;;
02/12/2021  12:05:23,374758;9,344797E-1;1,452133E-1;1,420583E-1;9,487339E-1;;
02/12/2021  12:05:23,374858;9,333084E-1;1,726112E-1;1,471132E-1;9,486313E-1;;
02/12/2021  12:05:23,374958;9,340445E-1;1,171783E-1;1,673329E-1;9,485096E-1;;
02/12/2021  12:05:23,375058;9,340833E-1;1,302401E-1;1,294210E-1;9,483685E-1;;
02/12/2021  12:05:23,375158;9,335677E-1;1,436204E-1;1,711241E-1;9,482080E-1;;
02/12/2021  12:05:23,375258;9,319285E-1;1,522221E-1;1,445858E-1;9,480281E-1;;
02/12/2021  12:05:23,375358;9,308974E-1;1,503106E-1;1,477451E-1;9,478288E-1;;
02/12/2021  12:05:23,375458;9,310583E-1;1,343816E-1;1,196272E-1;9,476102E-1;;
02/12/2021  12:05:23,375558;9,307871E-1;1,289658E-1;1,344760E-1;9,473722E-1;;
02/12/2021  12:05:23,375658;9,305159E-1;1,143111E-1;1,338441E-1;9,471150E-1;;
02/12/2021  12:05:23,375758;9,287605E-1;5,696668E-2;9,751191E-2;9,468389E-1;;
02/12/2021  12:05:23,375858;9,281197E-1;1,095324E-1;1,196272E-1;9,465442E-1;;
02/12/2021  12:05:23,375958;9,289035E-1;9,264764E-2;1,076217E-1;9,462309E-1;;
02/12/2021  12:05:23,376058;9,284952E-1;1,028422E-1;1,133085E-1;9,458995E-1;;
02/12/2021  12:05:23,376158;9,277084E-1;8,149734E-2;7,286922E-2;9,455505E-1;;
02/12/2021  12:05:23,376258;9,263256E-1;9,455912E-2;8,108345E-2;9,451845E-1;;
02/12/2021  12:05:23,376358;9,258517E-1;5,569236E-2;8,297904E-2;9,448017E-1;;
02/12/2021  12:05:23,376458;9,265580E-1;1,515849E-1;1,493248E-1;9,444028E-1;;
02/12/2021  12:05:23,376558;9,265491E-1;1,165411E-1;1,297370E-1;9,439884E-1;;
02/12/2021  12:05:23,376658;9,262332E-1;9,455912E-2;9,561632E-2;9,435591E-1;;
02/12/2021  12:05:23,376758;9,252258E-1;8,595746E-2;9,877564E-2;9,431159E-1;;
02/12/2021  12:05:23,376858;9,262749E-1;1,009307E-1;9,940750E-2;9,426596E-1;;
02/12/2021  12:05:23,376958;9,267279E-1;9,997498E-2;1,202590E-1;9,421912E-1;;
02/12/2021  12:05:23,377058;9,271213E-1;1,015679E-1;1,354238E-1;9,417118E-1;;
02/12/2021  12:05:23,377158;9,271511E-1;9,583344E-2;1,114129E-1;9,412229E-1;;
02/12/2021  12:05:23,377258;9,263762E-1;8,468314E-2;1,054102E-1;9,407257E-1;;
02/12/2021  12:05:23,377358;9,273448E-1;9,647060E-2;1,123607E-1;9,402217E-1;;
02/12/2021  12:05:23,377458;9,283611E-1;1,270543E-1;1,332122E-1;9,397123E-1;;
02/12/2021  12:05:23,377558;9,294519E-1;1,181340E-1;1,278414E-1;9,391990E-1;;
02/12/2021  12:05:23,377658;9,288648E-1;1,229127E-1;1,341600E-1;9,386837E-1;;
02/12/2021  12:05:23,377758;9,286234E-1;1,088952E-1;1,243661E-1;9,381681E-1;;
02/12/2021  12:05:23,377858;9,292671E-1;1,563636E-1;1,509044E-1;9,376538E-1;;
02/12/2021  12:05:23,377958;9,302685E-1;1,968233E-1;1,986102E-1;9,371424E-1;;
02/12/2021  12:05:23,378058;9,302864E-1;1,585937E-1;1,354238E-1;9,366356E-1;;
02/12/2021  12:05:23,378158;9,296516E-1;1,780271E-1;1,793383E-1;9,361351E-1;;
02/12/2021  12:05:23,378258;9,287903E-1;1,767528E-1;1,679647E-1;9,356421E-1;;
02/12/2021  12:05:23,378358;9,296903E-1;1,273729E-1;1,910278E-1;9,351581E-1;;
02/12/2021  12:05:23,378458;9,305844E-1;1,429833E-1;1,426902E-1;9,346842E-1;;
02/12/2021  12:05:23,378558;9,305248E-1;1,429833E-1;1,379512E-1;9,342215E-1;;
02/12/2021  12:05:23,378658;9,290108E-1;1,296029E-1;1,490088E-1;9,337712E-1;;
02/12/2021  12:05:23,378758;9,294161E-1;5,091366E-2;1,073058E-1;9,333342E-1;;
02/12/2021  12:05:23,378858;9,299884E-1;1,133553E-1;1,126766E-1;9,329111E-1;;
02/12/2021  12:05:23,378958;9,310642E-1;1,248242E-1;1,275255E-1;9,325028E-1;;
02/12/2021  12:05:23,379058;9,314249E-1;1,487177E-1;1,404787E-1;9,321100E-1;;
02/12/2021  12:05:23,379158;9,308735E-1;1,267357E-1;1,262617E-1;9,317334E-1;;
02/12/2021  12:05:23,379258;9,307275E-1;1,143111E-1;9,972343E-2;9,313738E-1;;
02/12/2021  12:05:23,379358;9,317527E-1;1,337445E-1;1,313166E-1;9,310317E-1;;
02/12/2021  12:05:23,379458;9,331981E-1;1,203641E-1;1,227865E-1;9,307076E-1;;
02/12/2021  12:05:23,379558;9,337435E-1;1,245056E-1;1,325804E-1;9,304022E-1;;
02/12/2021  12:05:23,379658;9,330819E-1;1,350188E-1;1,297370E-1;9,301161E-1;;
02/12/2021  12:05:23,379758;9,335707E-1;1,544522E-1;1,613302E-1;9,298499E-1;;
02/12/2021  12:05:23,379858;9,344201E-1;4,772786E-2;8,708615E-2;9,296041E-1;;
02/12/2021  12:05:23,379958;9,354542E-1;1,216384E-1;1,253139E-1;9,293790E-1;;
02/12/2021  12:05:23,380058;9,362321E-1;1,289658E-1;1,322644E-1;9,291753E-1;;
02/12/2021  12:05:23,380158;9,347300E-1;1,423461E-1;1,622780E-1;9,289932E-1;;
02/12/2021  12:05:23,380258;9,350489E-1;1,037979E-1;1,148882E-1;9,288332E-1;;
02/12/2021  12:05:23,380358;9,358297E-1;1,391603E-1;1,606983E-1;9,286951E-1;;
02/12/2021  12:05:23,380458;9,371470E-1;1,391603E-1;1,414265E-1;9,285792E-1;;
02/12/2021  12:05:23,380558;9,358953E-1;1,178155E-1;1,227865E-1;9,284853E-1;;
02/12/2021  12:05:23,380658;9,358655E-1;1,174969E-1;1,152041E-1;9,284134E-1;;
02/12/2021  12:05:23,380758;9,358595E-1;1,194084E-1;1,313166E-1;9,283631E-1;;
02/12/2021  12:05:23,380858;9,368430E-1;1,047537E-1;1,208909E-1;9,283342E-1;;
02/12/2021  12:05:23,380958;9,373706E-1;1,254614E-1;1,294210E-1;9,283261E-1;;
02/12/2021  12:05:23,381058;9,369861E-1;1,283286E-1;1,208909E-1;9,283385E-1;;
02/12/2021  12:05:23,381158;9,362917E-1;1,318330E-1;1,170997E-1;9,283709E-1;;
02/12/2021  12:05:23,381258;9,364616E-1;8,022302E-2;7,760819E-2;9,284226E-1;;
02/12/2021  12:05:23,381358;9,377222E-1;1,276914E-1;1,313166E-1;9,284928E-1;;
02/12/2021  12:05:23,381458;9,376418E-1;1,356559E-1;1,366875E-1;9,285810E-1;;
02/12/2021  12:05:23,381558;9,377014E-1;1,257800E-1;1,303688E-1;9,286863E-1;;
02/12/2021  12:05:23,381658;9,363900E-1;1,168597E-1;1,249980E-1;9,288081E-1;;
02/12/2021  12:05:23,381758;9,371172E-1;1,519035E-1;1,278414E-1;9,289455E-1;;
02/12/2021  12:05:23,381858;9,393554E-1;1,280100E-1;1,325804E-1;9,290975E-1;;
02/12/2021  12:05:23,381958;9,397637E-1;6,779840E-2;6,970989E-2;9,292635E-1;;
02/12/2021  12:05:23,382058;9,398323E-1;1,229127E-1;1,259458E-1;9,294429E-1;;
02/12/2021  12:05:23,382158;9,394270E-1;1,289658E-1;1,265777E-1;9,296351E-1;;
02/12/2021  12:05:23,382258;9,405803E-1;1,311958E-1;1,313166E-1;9,298397E-1;;
02/12/2021  12:05:23,382358;9,419811E-1;1,620981E-1;2,027173E-1;9,300562E-1;;
02/12/2021  12:05:23,382458;9,428871E-1;1,203641E-1;1,158360E-1;9,302840E-1;;
02/12/2021  12:05:23,382558;9,434683E-1;1,490363E-1;1,445858E-1;9,305232E-1;;
02/12/2021  12:05:23,382658;9,434981E-1;1,155854E-1;1,196272E-1;9,307734E-1;;
02/12/2021  12:05:23,382758;9,450806E-1;1,299215E-1;1,275255E-1;9,310345E-1;;
02/12/2021  12:05:23,382858;9,463323E-1;1,060280E-1;1,145722E-1;9,313065E-1;;
02/12/2021  12:05:23,382958;9,475364E-1;1,251428E-1;1,262617E-1;9,315895E-1;;
02/12/2021  12:05:23,383058;9,464515E-1;4,082398E-3;5,960007E-2;9,318836E-1;;
02/12/2021  12:05:23,383158;9,467287E-1;1,206827E-1;1,287892E-1;9,321888E-1;;
02/12/2021  12:05:23,383258;9,474350E-1;1,528593E-1;1,534319E-1;9,325050E-1;;
02/12/2021  12:05:23,383358;9,483112E-1;1,006121E-1;1,136244E-1;9,328320E-1;;
02/12/2021  12:05:23,383458;9,479298E-1;9,678918E-2;1,177316E-1;9,331697E-1;;
02/12/2021  12:05:23,383558;9,477092E-1;1,238685E-1;1,183634E-1;9,335176E-1;;
02/12/2021  12:05:23,383658;9,482159E-1;1,366117E-1;1,464814E-1;9,338756E-1;;
02/12/2021  12:05:23,383758;9,492053E-1;1,149482E-1;1,212068E-1;9,342430E-1;;
02/12/2021  12:05:23,383858;9,501978E-1;1,248242E-1;1,234183E-1;9,346195E-1;;
02/12/2021  12:05:23,383958;9,506985E-1;1,445762E-1;1,622780E-1;9,350048E-1;;
02/12/2021  12:05:23,384058;9,491010E-1;1,174969E-1;1,205749E-1;9,353984E-1;;
02/12/2021  12:05:23,384158;9,488358E-1;1,159040E-1;1,139404E-1;9,358000E-1;;
02/12/2021  12:05:23,384258;9,502514E-1;1,018865E-1;1,054102E-1;9,362088E-1;;
02/12/2021  12:05:23,384358;9,506031E-1;1,178155E-1;1,256299E-1;9,366241E-1;;
02/12/2021  12:05:23,384458;9,507700E-1;1,308772E-1;1,332122E-1;9,370453E-1;;
02/12/2021  12:05:23,384558;9,493722E-1;1,468062E-1;1,430061E-1;9,374717E-1;;
02/12/2021  12:05:23,384658;9,495451E-1;1,238685E-1;1,205749E-1;9,379025E-1;;
02/12/2021  12:05:23,384758;9,497388E-1;1,194084E-1;1,404787E-1;9,383369E-1;;
02/12/2021  12:05:23,384858;9,497358E-1;1,394789E-1;1,417424E-1;9,387738E-1;;
02/12/2021  12:05:23,384958;9,480430E-1;1,108067E-1;8,803395E-2;9,392123E-1;;
02/12/2021  12:05:23,385058;9,470416E-1;9,455912E-2;1,234183E-1;9,396512E-1;;
02/12/2021  12:05:23,385158;9,466751E-1;1,143111E-1;1,155200E-1;9,400891E-1;;
02/12/2021  12:05:23,385258;9,470118E-1;1,404346E-1;1,265777E-1;9,405246E-1;;
02/12/2021  12:05:23,385358;9,468092E-1;1,468062E-1;1,376353E-1;9,409562E-1;;
02/12/2021  12:05:23,385458;9,455455E-1;1,260985E-1;1,205749E-1;9,413826E-1;;
02/12/2021  12:05:23,385558;9,445322E-1;1,289658E-1;1,281573E-1;9,418025E-1;;
02/12/2021  12:05:23,385658;9,446842E-1;1,299215E-1;1,351078E-1;9,422142E-1;;
02/12/2021  12:05:23,385758;9,450985E-1;1,139925E-1;9,340479E-2;9,426164E-1;;
02/12/2021  12:05:23,385858;9,446872E-1;1,206827E-1;1,066739E-1;9,430077E-1;;
02/12/2021  12:05:23,385958;9,441597E-1;1,225942E-1;1,170997E-1;9,433870E-1;;
02/12/2021  12:05:23,386058;9,428335E-1;1,308772E-1;1,180475E-1;9,437532E-1;;
02/12/2021  12:05:23,386158;9,429944E-1;1,254614E-1;1,297370E-1;9,441050E-1;;
02/12/2021  12:05:23,386258;9,436113E-1;1,133553E-1;8,961361E-2;9,444415E-1;;
02/12/2021  12:05:23,386358;9,431941E-1;1,254614E-1;1,170997E-1;9,447616E-1;;
02/12/2021  12:05:23,386458;9,422285E-1;1,053908E-1;1,092014E-1;9,450646E-1;;
02/12/2021  12:05:23,386558;9,407353E-1;5,059508E-2;9,308886E-2;9,453498E-1;;
02/12/2021  12:05:23,386658;9,408873E-1;1,095324E-1;1,088855E-1;9,456162E-1;;
02/12/2021  12:05:23,386758;9,413999E-1;1,767528E-1;2,232528E-1;9,458631E-1;;
02/12/2021  12:05:23,386858;9,413552E-1;1,079395E-1;1,114129E-1;9,460899E-1;;
02/12/2021  12:05:23,386958;9,402764E-1;1,289658E-1;1,354238E-1;9,462962E-1;;
02/12/2021  12:05:23,387058;9,384107E-1;1,417090E-1;1,385831E-1;9,464815E-1;;
02/12/2021  12:05:23,387158;9,380531E-1;1,308772E-1;1,313166E-1;9,466453E-1;;
02/12/2021  12:05:23,387258;9,380888E-1;1,082581E-1;1,272095E-1;9,467871E-1;;
02/12/2021  12:05:23,387358;9,374659E-1;1,213198E-1;1,212068E-1;9,469064E-1;;
02/12/2021  12:05:23,387458;9,362738E-1;1,477620E-1;1,433221E-1;9,470028E-1;;
02/12/2021  12:05:23,387558;9,352665E-1;1,270543E-1;1,243661E-1;9,470759E-1;;
02/12/2021  12:05:23,387658;9,355705E-1;1,289658E-1;1,126766E-1;9,471254E-1;;
02/12/2021  12:05:23,387758;9,360592E-1;1,082581E-1;1,155200E-1;9,471509E-1;;
02/12/2021  12:05:23,387858;9,346525E-1;1,433019E-1;1,395309E-1;9,471526E-1;;
02/12/2021  12:05:23,387958;9,326021E-1;1,426647E-1;1,373193E-1;9,471302E-1;;
02/12/2021  12:05:23,388058;9,315471E-1;1,401161E-1;1,625939E-1;9,470838E-1;;
02/12/2021  12:05:23,388158;9,316335E-1;9,933782E-2;1,167838E-1;9,470130E-1;;
02/12/2021  12:05:23,388258;9,315769E-1;1,123996E-1;1,240502E-1;9,469176E-1;;
02/12/2021  12:05:23,388358;9,302923E-1;1,394789E-1;1,360556E-1;9,467977E-1;;
02/12/2021  12:05:23,388458;9,293923E-1;1,190898E-1;1,189953E-1;9,466533E-1;;
02/12/2021  12:05:23,388558;9,286651E-1;1,104881E-1;1,284732E-1;9,464845E-1;;
02/12/2021  12:05:23,388658;9,299884E-1;1,002936E-1;1,202590E-1;9,462913E-1;;
02/12/2021  12:05:23,388758;9,294132E-1;1,146297E-1;1,205749E-1;9,460741E-1;;
02/12/2021  12:05:23,388858;9,284267E-1;1,098510E-1;1,152041E-1;9,458335E-1;;
02/12/2021  12:05:23,388958;9,269276E-1;9,774492E-2;1,423743E-1;9,455699E-1;;
02/12/2021  12:05:23,389058;9,273776E-1;1,044351E-1;1,098333E-1;9,452840E-1;;
02/12/2021  12:05:23,389158;9,272673E-1;1,130368E-1;1,231024E-1;9,449761E-1;;
02/12/2021  12:05:23,389258;9,273210E-1;1,101695E-1;1,208909E-1;9,446472E-1;;
02/12/2021  12:05:23,389358;9,270915E-1;1,085766E-1;1,259458E-1;9,442979E-1;;
02/12/2021  12:05:23,389458;9,255179E-1;1,085766E-1;1,234183E-1;9,439292E-1;;
02/12/2021  12:05:23,389558;9,250947E-1;9,678918E-2;1,104651E-1;9,435420E-1;;
02/12/2021  12:05:23,389658;9,258130E-1;1,006121E-1;1,275255E-1;9,431371E-1;;
02/12/2021  12:05:23,389758;9,254970E-1;1,034794E-1;1,133085E-1;9,427154E-1;;
02/12/2021  12:05:23,389858;9,246745E-1;9,551486E-2;1,095173E-1;9,422780E-1;;
02/12/2021  12:05:23,389958;9,236940E-1;8,850610E-2;8,424277E-2;9,418259E-1;;
02/12/2021  12:05:23,390058;9,236761E-1;1,136739E-1;1,581709E-1;9,413601E-1;;
02/12/2021  12:05:23,390158;9,247371E-1;7,417000E-2;9,593225E-2;9,408814E-1;;
02/12/2021  12:05:23,390258;9,251454E-1;1,120810E-1;1,253139E-1;9,403911E-1;;
02/12/2021  12:05:23,390358;9,243854E-1;1,088952E-1;1,272095E-1;9,398904E-1;;
02/12/2021  12:05:23,390458;9,230323E-1;5,027650E-2;7,760819E-2;9,393807E-1;;
02/12/2021  12:05:23,390558;9,239205E-1;9,551486E-2;8,992954E-2;9,388631E-1;;
02/12/2021  12:05:23,390658;9,245434E-1;1,448948E-1;1,313166E-1;9,383388E-1;;
02/12/2021  12:05:23,390758;9,253868E-1;1,452133E-1;1,234183E-1;9,378092E-1;;
02/12/2021  12:05:23,390858;9,244748E-1;1,257800E-1;2,219891E-1;9,372756E-1;;
02/12/2021  12:05:23,390958;9,230234E-1;1,732484E-1;1,550115E-1;9,367396E-1;;
02/12/2021  12:05:23,391058;9,240814E-1;1,640096E-1;1,467973E-1;9,362023E-1;;
02/12/2021  12:05:23,391158;9,238460E-1;2,312299E-1;2,223051E-1;9,356649E-1;;
02/12/2021  12:05:23,391258;9,239741E-1;1,557265E-1;1,388990E-1;9,351286E-1;;
02/12/2021  12:05:23,391358;9,226538E-1;1,700626E-1;1,714400E-1;9,345945E-1;;
02/12/2021  12:05:23,391458;9,216644E-1;1,407532E-1;1,414265E-1;9,340637E-1;;
02/12/2021  12:05:23,391558;9,219326E-1;1,213198E-1;1,183634E-1;9,335368E-1;;
02/12/2021  12:05:23,391658;9,233721E-1;1,210013E-1;1,316326E-1;9,330145E-1;;
02/12/2021  12:05:23,391758;9,225525E-1;1,197269E-1;1,284732E-1;9,324978E-1;;
02/12/2021  12:05:23,391858;9,213574E-1;1,289658E-1;1,224705E-1;9,319874E-1;;
02/12/2021  12:05:23,391958;9,209282E-1;1,324701E-1;1,328963E-1;9,314840E-1;;
02/12/2021  12:05:23,392058;9,215243E-1;1,267357E-1;9,877564E-2;9,309880E-1;;
02/12/2021  12:05:23,392158;9,219475E-1;1,235499E-1;1,287892E-1;9,305000E-1;;
02/12/2021  12:05:23,392258;9,217687E-1;1,366117E-1;1,366875E-1;9,300205E-1;;
02/12/2021  12:05:23,392358;9,210177E-1;1,429833E-1;1,294210E-1;9,295501E-1;;
02/12/2021  12:05:23,392458;9,216882E-1;9,073616E-2;6,402312E-2;9,290893E-1;;
02/12/2021  12:05:23,392558;9,229429E-1;1,165411E-1;1,417424E-1;9,286385E-1;;
02/12/2021  12:05:23,392658;9,233274E-1;1,245056E-1;1,278414E-1;9,281983E-1;;
02/12/2021  12:05:23,392758;9,237387E-1;1,190898E-1;1,294210E-1;9,277696E-1;;
02/12/2021  12:05:23,392858;9,230443E-1;1,165411E-1;1,212068E-1;9,273531E-1;;
02/12/2021  12:05:23,392958;9,229549E-1;1,245056E-1;1,524841E-1;9,269494E-1;;
02/12/2021  12:05:23,393058;9,247013E-1;1,359745E-1;1,385831E-1;9,265592E-1;;
02/12/2021  12:05:23,393158;9,256550E-1;1,388417E-1;1,455336E-1;9,261830E-1;;
02/12/2021  12:05:23,393258;9,257265E-1;1,280100E-1;1,347919E-1;9,258217E-1;;
02/12/2021  12:05:23,393358;9,246596E-1;9,455912E-2;1,404787E-1;9,254761E-1;;
02/12/2021  12:05:23,393458;9,255537E-1;1,245056E-1;1,291051E-1;9,251468E-1;;
02/12/2021  12:05:23,393558;9,276548E-1;1,347002E-1;1,338441E-1;9,248344E-1;;
02/12/2021  12:05:23,393658;9,280720E-1;1,382046E-1;1,344760E-1;9,245396E-1;;
02/12/2021  12:05:23,393758;9,291777E-1;1,429833E-1;1,234183E-1;9,242631E-1;;
02/12/2021  12:05:23,393858;9,289274E-1;1,133553E-1;1,420583E-1;9,240058E-1;;
02/12/2021  12:05:23,393958;9,305487E-1;3,371034E-2;7,855599E-2;9,237686E-1;;
02/12/2021  12:05:23,394058;9,322057E-1;1,238685E-1;1,259458E-1;9,235523E-1;;
02/12/2021  12:05:23,394158;9,332965E-1;1,133553E-1;1,218387E-1;9,233576E-1;;
02/12/2021  12:05:23,394258;9,332518E-1;1,130368E-1;1,205749E-1;9,231858E-1;;
02/12/2021  12:05:23,394358;9,332130E-1;1,264171E-1;1,322644E-1;9,230376E-1;;
02/12/2021  12:05:23,394458;9,346555E-1;1,499920E-1;1,284732E-1;9,229138E-1;;
02/12/2021  12:05:23,394558;9,363185E-1;9,264764E-2;6,149566E-2;9,228149E-1;;
02/12/2021  12:05:23,394658;9,372007E-1;1,041165E-1;1,050943E-1;9,227418E-1;;
02/12/2021  12:05:23,394758;9,371143E-1;1,283286E-1;1,382671E-1;9,226951E-1;;
02/12/2021  12:05:23,394858;9,367775E-1;6,939130E-2;1,088855E-1;9,226754E-1;;
02/12/2021  12:05:23,394958;9,382229E-1;1,267357E-1;1,227865E-1;9,226830E-1;;
02/12/2021  12:05:23,395058;9,399455E-1;1,225942E-1;1,079377E-1;9,227181E-1;;
02/12/2021  12:05:23,395158;9,407353E-1;1,190898E-1;1,073058E-1;9,227811E-1;;
02/12/2021  12:05:23,395258;9,403985E-1;1,611423E-1;1,565912E-1;9,228722E-1;;
02/12/2021  12:05:23,395358;9,403568E-1;1,458505E-1;1,439539E-1;9,229915E-1;;
02/12/2021  12:05:23,395458;9,421718E-1;1,031608E-1;1,164678E-1;9,231390E-1;;
02/12/2021  12:05:23,395558;9,435934E-1;1,108067E-1;1,594346E-1;9,233145E-1;;
02/12/2021  12:05:23,395658;9,442104E-1;1,289658E-1;1,316326E-1;9,235179E-1;;
02/12/2021  12:05:23,395758;9,434146E-1;7,926728E-2;8,992954E-2;9,237492E-1;;
02/12/2021  12:05:23,395858;9,436262E-1;1,385232E-1;1,215227E-1;9,240081E-1;;
02/12/2021  12:05:23,395958;9,453429E-1;4,390490E-2;8,613836E-2;9,242939E-1;;
02/12/2021  12:05:23,396058;9,463144E-1;1,260985E-1;1,398468E-1;9,246062E-1;;
02/12/2021  12:05:23,396158;9,464337E-1;1,382046E-1;1,392149E-1;9,249445E-1;;
02/12/2021  12:05:23,396258;9,460045E-1;1,296029E-1;1,253139E-1;9,253082E-1;;
02/12/2021  12:05:23,396358;9,462012E-1;1,203641E-1;1,246821E-1;9,256965E-1;;
02/12/2021  12:05:23,396458;9,479774E-1;9,169190E-2;9,624818E-2;9,261085E-1;;
02/12/2021  12:05:23,396558;9,489729E-1;1,382046E-1;1,433221E-1;9,265432E-1;;
02/12/2021  12:05:23,396658;9,493067E-1;1,327887E-1;1,641736E-1;9,270000E-1;;
02/12/2021  12:05:23,396758;9,485199E-1;1,213198E-1;1,259458E-1;9,274779E-1;;
02/12/2021  12:05:23,396858;9,485646E-1;1,490363E-1;1,256299E-1;9,279761E-1;;
02/12/2021  12:05:23,396958;9,499832E-1;1,299215E-1;1,341600E-1;9,284932E-1;;
02/12/2021  12:05:23,397058;9,510621E-1;1,433019E-1;1,461654E-1;9,290282E-1;;
02/12/2021  12:05:23,397158;9,519204E-1;1,276914E-1;1,430061E-1;9,295801E-1;;
02/12/2021  12:05:23,397258;9,521737E-1;1,264171E-1;1,300529E-1;9,301478E-1;;
02/12/2021  12:05:23,397358;9,529665E-1;9,455912E-2;1,265777E-1;9,307306E-1;;
02/12/2021  12:05:23,397458;9,549782E-1;1,369303E-1;1,426902E-1;9,313275E-1;;
02/12/2021  12:05:23,397558;9,557769E-1;1,283286E-1;1,284732E-1;9,319377E-1;;
02/12/2021  12:05:23,397658;9,565875E-1;1,210013E-1;1,066739E-1;9,325607E-1;;
02/12/2021  12:05:23,397758;9,560392E-1;1,286472E-1;1,256299E-1;9,331958E-1;;
02/12/2021  12:05:23,397858;9,564922E-1;1,031608E-1;1,069899E-1;9,338424E-1;;
02/12/2021  12:05:23,397958;9,583400E-1;1,101695E-1;1,528000E-1;9,344998E-1;;
02/12/2021  12:05:23,398058;9,588764E-1;1,034794E-1;1,136244E-1;9,351671E-1;;
02/12/2021  12:05:23,398158;9,591357E-1;1,264171E-1;1,167838E-1;9,358437E-1;;
02/12/2021  12:05:23,398258;9,583459E-1;1,241871E-1;1,287892E-1;9,365290E-1;;
02/12/2021  12:05:23,398358;9,585337E-1;7,417000E-2;1,057261E-1;9,372221E-1;;
02/12/2021  12:05:23,398458;9,600179E-1;1,474434E-1;1,471132E-1;9,379221E-1;;
02/12/2021  12:05:23,398558;9,601669E-1;1,155854E-1;1,218387E-1;9,386280E-1;;
02/12/2021  12:05:23,398658;9,598808E-1;1,251428E-1;1,322644E-1;9,393388E-1;;
02/12/2021  12:05:23,398758;9,582505E-1;1,225942E-1;1,319485E-1;9,400537E-1;;
02/12/2021  12:05:23,398858;9,584115E-1;1,362931E-1;1,278414E-1;9,407713E-1;;
02/12/2021  12:05:23,398958;9,593980E-1;1,104881E-1;9,972343E-2;9,414902E-1;;
02/12/2021  12:05:23,399058;9,592758E-1;1,299215E-1;1,360556E-1;9,422091E-1;;
02/12/2021  12:05:23,399158;9,594605E-1;1,251428E-1;1,335282E-1;9,429268E-1;;
02/12/2021  12:05:23,399258;9,579793E-1;1,420275E-1;1,366875E-1;9,436418E-1;;
02/12/2021  12:05:23,399358;9,590195E-1;1,618844E-2;7,444887E-2;9,443529E-1;;
02/12/2021  12:05:23,399458;9,602831E-1;1,206827E-1;1,202590E-1;9,450587E-1;;
02/12/2021  12:05:23,399558;9,597943E-1;1,286472E-1;1,158360E-1;9,457581E-1;;
02/12/2021  12:05:23,399658;9,594993E-1;1,407532E-1;1,486929E-1;9,464499E-1;;
02/12/2021  12:05:23,399758;9,590135E-1;1,143111E-1;9,308886E-2;9,471330E-1;;
02/12/2021  12:05:23,399858;9,598063E-1;1,315144E-1;1,284732E-1;9,478065E-1;;
02/12/2021  12:05:23,399958;9,597914E-1;1,311958E-1;1,313166E-1;9,484691E-1;;
02/12/2021  12:05:23,400058;9,596483E-1;1,372488E-1;1,376353E-1;9,491201E-1;;
02/12/2021  12:05:23,400158;9,594218E-1;1,101695E-1;1,180475E-1;9,497584E-1;;
02/12/2021  12:05:23,400258;9,583310E-1;1,210013E-1;1,208909E-1;9,503831E-1;;
02/12/2021  12:05:23,400358;9,586708E-1;1,216384E-1;1,278414E-1;9,509933E-1;;
02/12/2021  12:05:23,400458;9,591476E-1;1,213198E-1;1,360556E-1;9,515881E-1;;
02/12/2021  12:05:23,400558;9,584353E-1;1,159040E-1;1,291051E-1;9,521665E-1;;
02/12/2021  12:05:23,400658;9,576992E-1;1,327887E-1;1,227865E-1;9,527279E-1;;
02/12/2021  12:05:23,400758;9,567425E-1;1,385232E-1;1,319485E-1;9,532713E-1;;
02/12/2021  12:05:23,400858;9,565249E-1;1,127182E-1;1,110970E-1;9,537959E-1;;
02/12/2021  12:05:23,400958;9,561554E-1;1,318330E-1;1,325804E-1;9,543007E-1;;
02/12/2021  12:05:23,401058;9,554491E-1;1,385232E-1;1,319485E-1;9,547848E-1;;
02/12/2021  12:05:23,401158;9,533897E-1;1,238685E-1;1,227865E-1;9,552474E-1;;
02/12/2021  12:05:23,401258;9,531513E-1;2,128572E-2;3,748483E-2;9,556874E-1;;
02/12/2021  12:05:23,401358;9,534374E-1;1,503106E-1;1,610142E-1;9,561037E-1;;
02/12/2021  12:05:23,401458;9,525939E-1;1,292843E-1;1,287892E-1;9,564955E-1;;
02/12/2021  12:05:23,401558;9,515598E-1;1,050723E-1;1,177316E-1;9,568620E-1;;
02/12/2021  12:05:23,401658;9,496315E-1;1,041165E-1;1,148882E-1;9,572022E-1;;
02/12/2021  12:05:23,401758;9,495510E-1;9,816838E-3;1,079377E-1;9,575154E-1;;
02/12/2021  12:05:23,401858;9,502544E-1;1,101695E-1;1,208909E-1;9,578006E-1;;
02/12/2021  12:05:23,401958;9,500160E-1;1,037979E-1;1,174156E-1;9,580573E-1;;
02/12/2021  12:05:23,402058;9,490772E-1;1,139925E-1;1,183634E-1;9,582849E-1;;
02/12/2021  12:05:23,402158;9,474797E-1;9,169190E-2;1,044624E-1;9,584833E-1;;
02/12/2021  12:05:23,402258;9,476645E-1;1,937424E-2;7,887192E-2;9,586521E-1;;
02/12/2021  12:05:23,402358;9,480430E-1;1,178155E-1;1,395309E-1;9,587909E-1;;
02/12/2021  12:05:23,402458;9,474708E-1;9,710776E-2;1,148882E-1;9,588998E-1;;
02/12/2021  12:05:23,402558;9,457512E-1;9,774492E-2;1,047783E-1;9,589789E-1;;
02/12/2021  12:05:23,402658;9,437156E-1;1,028422E-1;1,164678E-1;9,590281E-1;;
02/12/2021  12:05:23,402758;9,428484E-1;9,710776E-2;1,120448E-1;9,590474E-1;;
02/12/2021  12:05:23,402858;9,431196E-1;2,032998E-2;4,538313E-2;9,590364E-1;;
02/12/2021  12:05:23,402958;9,421480E-1;8,181592E-2;1,066739E-1;9,589952E-1;;
02/12/2021  12:05:23,403058;9,403568E-1;9,551486E-2;1,129926E-1;9,589237E-1;;
02/12/2021  12:05:23,403158;9,382080E-1;1,241871E-1;1,347919E-1;9,588218E-1;;
02/12/2021  12:05:23,403258;9,376090E-1;9,997498E-2;1,092014E-1;9,586894E-1;;
02/12/2021  12:05:23,403358;9,370040E-1;5,218798E-2;6,244346E-2;9,585262E-1;;
02/12/2021  12:05:23,403458;9,365629E-1;1,190898E-1;9,814378E-2;9,583322E-1;;
02/12/2021  12:05:23,403558;9,351473E-1;1,506292E-1;1,379512E-1;9,581072E-1;;
02/12/2021  12:05:23,403658;9,335796E-1;1,356559E-1;1,316326E-1;9,578515E-1;;
02/12/2021  12:05:23,403758;9,339522E-1;1,445762E-1;1,224705E-1;9,575651E-1;;
02/12/2021  12:05:23,403858;9,338419E-1;1,439390E-1;1,136244E-1;9,572482E-1;;
02/12/2021  12:05:23,403958;9,336392E-1;1,538150E-1;1,224705E-1;9,569012E-1;;
02/12/2021  12:05:23,404058;9,326945E-1;1,710183E-1;1,540637E-1;9,565248E-1;;
02/12/2021  12:05:23,404158;9,320567E-1;1,515849E-1;1,423743E-1;9,561198E-1;;
02/12/2021  12:05:23,404258;9,327690E-1;1,423461E-1;1,212068E-1;9,556870E-1;;
02/12/2021  12:05:23,404358;9,335319E-1;1,143111E-1;1,297370E-1;9,552275E-1;;
02/12/2021  12:05:23,404458;9,332488E-1;1,362931E-1;1,357397E-1;9,547426E-1;;
02/12/2021  12:05:23,404558;9,322742E-1;9,424054E-2;8,171531E-2;9,542338E-1;;
02/12/2021  12:05:23,404658;9,317348E-1;1,139925E-1;1,117289E-1;9,537027E-1;;
02/12/2021  12:05:23,404758;9,323041E-1;4,071910E-2;6,560278E-2;9,531507E-1;;
02/12/2021  12:05:23,404858;9,323547E-1;1,273729E-1;1,496407E-1;9,525795E-1;;
02/12/2021  12:05:23,404958;9,317378E-1;1,245056E-1;1,234183E-1;9,519906E-1;;
02/12/2021  12:05:23,405058;9,304622E-1;1,082581E-1;1,057261E-1;9,513859E-1;;
02/12/2021  12:05:23,405158;9,299049E-1;1,152668E-1;1,145722E-1;9,507669E-1;;
02/12/2021  12:05:23,405258;9,305993E-1;1,289658E-1;1,275255E-1;9,501350E-1;;
02/12/2021  12:05:23,405358;9,301791E-1;1,302401E-1;1,303688E-1;9,494917E-1;;
02/12/2021  12:05:23,405458;9,292999E-1;1,343816E-1;1,328963E-1;9,488387E-1;;
02/12/2021  12:05:23,405558;9,275207E-1;1,206827E-1;1,253139E-1;9,481772E-1;;
02/12/2021  12:05:23,405658;9,266653E-1;8,117876E-2;8,834988E-2;9,475086E-1;;
02/12/2021  12:05:23,405758;9,268292E-1;1,229127E-1;1,366875E-1;9,468339E-1;;
02/12/2021  12:05:23,405858;9,270528E-1;1,168597E-1;1,120448E-1;9,461540E-1;;
02/12/2021  12:05:23,405958;9,260186E-1;1,289658E-1;1,347919E-1;9,454700E-1;;
02/12/2021  12:05:23,406058;9,251543E-1;1,219570E-1;1,215227E-1;9,447830E-1;;
02/12/2021  12:05:23,406158;9,253719E-1;1,413904E-1;1,407946E-1;9,440938E-1;;
02/12/2021  12:05:23,406258;9,259739E-1;1,327887E-1;1,379512E-1;9,434035E-1;;
02/12/2021  12:05:23,406358;9,258696E-1;1,222756E-1;1,180475E-1;9,427131E-1;;
02/12/2021  12:05:23,406458;9,251543E-1;1,031608E-1;1,170997E-1;9,420236E-1;;
02/12/2021  12:05:23,406558;9,241261E-1;1,225942E-1;1,749153E-1;9,413361E-1;;
02/12/2021  12:05:23,406658;9,236880E-1;1,324701E-1;1,382671E-1;9,406515E-1;;
02/12/2021  12:05:23,406758;9,247639E-1;1,404346E-1;1,619620E-1;9,399706E-1;;
02/12/2021  12:05:23,406858;9,248026E-1;1,165411E-1;1,196272E-1;9,392943E-1;;
02/12/2021  12:05:23,406958;9,250023E-1;3,912620E-2;8,613836E-2;9,386237E-1;;
02/12/2021  12:05:23,407058;9,241857E-1;1,493549E-1;1,543797E-1;9,379596E-1;;
02/12/2021  12:05:23,407158;9,243437E-1;1,146297E-1;1,183634E-1;9,373030E-1;;
02/12/2021  12:05:23,407258;9,256103E-1;9,360338E-2;1,092014E-1;9,366550E-1;;
02/12/2021  12:05:23,407358;9,255030E-1;1,235499E-1;1,218387E-1;9,360164E-1;;
02/12/2021  12:05:23,407458;9,247162E-1;1,305587E-1;1,237343E-1;9,353883E-1;;
02/12/2021  12:05:23,407558;9,236195E-1;1,356559E-1;1,480610E-1;9,347717E-1;;
02/12/2021  12:05:23,407658;9,244003E-1;1,232313E-1;1,079377E-1;9,341672E-1;;
02/12/2021  12:05:23,407758;9,252854E-1;9,328480E-2;8,487463E-2;9,335756E-1;;
02/12/2021  12:05:23,407858;9,247132E-1;1,060280E-1;1,246821E-1;9,329975E-1;;
02/12/2021  12:05:23,407958;9,241350E-1;1,296029E-1;1,303688E-1;9,324337E-1;;
02/12/2021  12:05:23,408058;9,233065E-1;1,203641E-1;1,224705E-1;9,318847E-1;;
02/12/2021  12:05:23,408158;9,238400E-1;8,277166E-2;8,834988E-2;9,313510E-1;;
02/12/2021  12:05:23,408258;9,248563E-1;1,060280E-1;9,751191E-2;9,308328E-1;;
02/12/2021  12:05:23,408358;9,252050E-1;1,477620E-1;1,316326E-1;9,303306E-1;;
02/12/2021  12:05:23,408458;9,245046E-1;1,716555E-1;1,894481E-1;9,298448E-1;;
02/12/2021  12:05:23,408558;9,241231E-1;1,139925E-1;1,300529E-1;9,293760E-1;;
02/12/2021  12:05:23,408658;9,252646E-1;1,171783E-1;1,199431E-1;9,289244E-1;;
02/12/2021  12:05:23,408758;9,262332E-1;1,296029E-1;1,306848E-1;9,284903E-1;;
02/12/2021  12:05:23,408858;9,263375E-1;1,276914E-1;1,189953E-1;9,280741E-1;;
02/12/2021  12:05:23,408958;9,264746E-1;1,413904E-1;1,556434E-1;9,276764E-1;;
02/12/2021  12:05:23,409058;9,263047E-1;1,305587E-1;1,240502E-1;9,272975E-1;;
02/12/2021  12:05:23,409158;9,271481E-1;1,127182E-1;1,114129E-1;9,269378E-1;;
02/12/2021  12:05:23,409258;9,284088E-1;1,251428E-1;1,490088E-1;9,265977E-1;;
02/12/2021  12:05:23,409358;9,284207E-1;1,264171E-1;1,278414E-1;9,262775E-1;;
02/12/2021  12:05:23,409458;9,275833E-1;1,206827E-1;1,101492E-1;9,259778E-1;;
02/12/2021  12:05:23,409558;9,274164E-1;1,327887E-1;1,496407E-1;9,256987E-1;;
02/12/2021  12:05:23,409658;9,287366E-1;1,225942E-1;1,227865E-1;9,254403E-1;;
02/12/2021  12:05:23,409758;9,292820E-1;1,347002E-1;1,354238E-1;9,252027E-1;;
02/12/2021  12:05:23,409858;9,290913E-1;1,433019E-1;1,322644E-1;9,249860E-1;;
02/12/2021  12:05:23,409958;9,283879E-1;1,155854E-1;1,180475E-1;9,247903E-1;;
02/12/2021  12:05:23,410058;9,281316E-1;1,417090E-1;1,850251E-1;9,246155E-1;;
02/12/2021  12:05:23,410158;9,290496E-1;1,496735E-1;1,727037E-1;9,244612E-1;;
02/12/2021  12:05:23,410258;9,300122E-1;1,222756E-1;1,275255E-1;9,243272E-1;;
02/12/2021  12:05:23,410358;9,294459E-1;1,152668E-1;1,388990E-1;9,242132E-1;;
02/12/2021  12:05:23,410458;9,290049E-1;1,299215E-1;1,325804E-1;9,241189E-1;;
02/12/2021  12:05:23,410558;9,294936E-1;1,483991E-1;1,328963E-1;9,240439E-1;;
02/12/2021  12:05:23,410658;9,305516E-1;1,123996E-1;1,057261E-1;9,239877E-1;;
02/12/2021  12:05:23,410758;9,313444E-1;1,197269E-1;1,265777E-1;9,239500E-1;;
02/12/2021  12:05:23,410858;9,317020E-1;1,343816E-1;1,486929E-1;9,239304E-1;;
02/12/2021  12:05:23,410958;9,317736E-1;1,283286E-1;1,322644E-1;9,239288E-1;;
02/12/2021  12:05:23,411058;9,318600E-1;1,260985E-1;1,237343E-1;9,239447E-1;;
02/12/2021  12:05:23,411158;9,340803E-1;1,496735E-1;1,528000E-1;9,239779E-1;;
02/12/2021  12:05:23,411258;9,354870E-1;1,292843E-1;1,344760E-1;9,240283E-1;;
02/12/2021  12:05:23,411358;9,366016E-1;1,197269E-1;1,161519E-1;9,240959E-1;;
02/12/2021  12:05:23,411458;9,367983E-1;1,159040E-1;1,572231E-1;9,241810E-1;;
02/12/2021  12:05:23,411558;9,377520E-1;1,232313E-1;1,221546E-1;9,242838E-1;;
02/12/2021  12:05:23,411658;9,395015E-1;1,555128E-2;7,981972E-2;9,244045E-1;;
02/12/2021  12:05:23,411758;9,409320E-1;1,267357E-1;1,303688E-1;9,245434E-1;;
02/12/2021  12:05:23,411858;9,409261E-1;1,315144E-1;1,221546E-1;9,247010E-1;;
02/12/2021  12:05:23,411958;9,412420E-1;1,060280E-1;1,338441E-1;9,248778E-1;;
02/12/2021  12:05:23,412058;9,424520E-1;1,187712E-1;1,186794E-1;9,250738E-1;;
02/12/2021  12:05:23,412158;9,439689E-1;4,294916E-2;5,707262E-2;9,252895E-1;;
02/12/2021  12:05:23,412258;9,441507E-1;1,617795E-1;1,986102E-1;9,255250E-1;;
02/12/2021  12:05:23,412358;9,444220E-1;1,372488E-1;1,341600E-1;9,257805E-1;;
02/12/2021  12:05:23,412458;9,442461E-1;1,229127E-1;1,240502E-1;9,260562E-1;;
02/12/2021  12:05:23,412558;9,446902E-1;4,071910E-2;7,760819E-2;9,263519E-1;;
02/12/2021  12:05:23,412658;9,457214E-1;1,436204E-1;1,442698E-1;9,266673E-1;;
02/12/2021  12:05:23,412758;9,462519E-1;1,251428E-1;1,275255E-1;9,270022E-1;;
02/12/2021  12:05:23,412858;9,459419E-1;1,162226E-1;1,310007E-1;9,273562E-1;;
02/12/2021  12:05:23,412958;9,458525E-1;1,190898E-1;1,221546E-1;9,277287E-1;;
02/12/2021  12:05:23,413058;9,464754E-1;-2,363406E-2;7,508074E-2;9,281192E-1;;
02/12/2021  12:05:23,413158;9,479298E-1;1,420275E-1;1,404787E-1;9,285269E-1;;
02/12/2021  12:05:23,413258;9,482278E-1;1,327887E-1;1,212068E-1;9,289512E-1;;
02/12/2021  12:05:23,413358;9,474708E-1;1,468062E-1;1,528000E-1;9,293914E-1;;
02/12/2021  12:05:23,413458;9,479566E-1;1,136739E-1;1,092014E-1;9,298466E-1;;
02/12/2021  12:05:23,413558;9,486331E-1;1,461691E-1;1,357397E-1;9,303161E-1;;
02/12/2021  12:05:23,413658;9,494676E-1;1,397975E-1;1,550115E-1;9,307989E-1;;
02/12/2021  12:05:23,413758;9,490712E-1;1,347002E-1;1,325804E-1;9,312942E-1;;
02/12/2021  12:05:23,413858;9,486123E-1;1,187712E-1;1,351078E-1;9,318009E-1;;
02/12/2021  12:05:23,413958;9,482606E-1;1,318330E-1;1,360556E-1;9,323181E-1;;
02/12/2021  12:05:23,414058;9,490176E-1;1,069837E-1;1,120448E-1;9,328444E-1;;
02/12/2021  12:05:23,414158;9,493275E-1;9,551486E-2;1,114129E-1;9,333788E-1;;
02/12/2021  12:05:23,414258;9,494140E-1;1,088952E-1;1,152041E-1;9,339199E-1;;
02/12/2021  12:05:23,414358;9,490116E-1;1,149482E-1;1,186794E-1;9,344667E-1;;
02/12/2021  12:05:23,414458;9,481175E-1;1,974605E-1;1,610142E-1;9,350178E-1;;
02/12/2021  12:05:23,414558;9,485199E-1;1,375674E-1;1,657532E-1;9,355719E-1;;
02/12/2021  12:05:23,414658;9,485765E-1;1,114439E-1;1,189953E-1;9,361277E-1;;
02/12/2021  12:05:23,414758;9,482606E-1;1,111253E-1;1,268936E-1;9,366837E-1;;
02/12/2021  12:05:23,414858;9,477658E-1;9,360338E-2;1,123607E-1;9,372386E-1;;
02/12/2021  12:05:23,414958;9,478076E-1;1,120810E-1;1,272095E-1;9,377909E-1;;
02/12/2021  12:05:23,415058;9,488924E-1;1,018865E-1;1,123607E-1;9,383393E-1;;
02/12/2021  12:05:23,415158;9,489311E-1;1,031608E-1;1,148882E-1;9,388827E-1;;
02/12/2021  12:05:23,415258;9,486093E-1;1,095324E-1;1,284732E-1;9,394199E-1;;
02/12/2021  12:05:23,415358;9,481861E-1;1,257800E-1;1,253139E-1;9,399499E-1;;
02/12/2021  12:05:23,415458;9,482636E-1;1,146297E-1;1,120448E-1;9,404717E-1;;
02/12/2021  12:05:23,415558;9,495719E-1;7,512574E-2;9,435259E-2;9,409842E-1;;
02/12/2021  12:05:23,415658;9,495421E-1;9,328480E-2;1,095173E-1;9,414867E-1;;
02/12/2021  12:05:23,415758;9,503587E-1;9,933782E-2;1,193112E-1;9,419786E-1;;
02/12/2021  12:05:23,415858;9,491606E-1;1,480806E-1;1,505885E-1;9,424594E-1;;
02/12/2021  12:05:23,415958;9,499653E-1;1,053908E-1;1,158360E-1;9,429284E-1;;
02/12/2021  12:05:23,416058;9,501233E-1;1,120810E-1;1,357397E-1;9,433854E-1;;
02/12/2021  12:05:23,416158;9,499713E-1;1,334259E-1;1,486929E-1;9,438299E-1;;
02/12/2021  12:05:23,416258;9,498342E-1;1,286472E-1;1,354238E-1;9,442616E-1;;
02/12/2021  12:05:23,416358;9,494974E-1;1,229127E-1;1,411105E-1;9,446801E-1;;
02/12/2021  12:05:23,416458;9,493752E-1;1,375674E-1;1,243661E-1;9,450852E-1;;
02/12/2021  12:05:23,416558;9,495302E-1;1,770713E-1;1,670170E-1;9,454764E-1;;
02/12/2021  12:05:23,416658;9,494527E-1;2,168938E-1;1,907119E-1;9,458535E-1;;
02/12/2021  12:05:23,416758;9,487702E-1;1,808943E-1;1,550115E-1;9,462162E-1;;
02/12/2021  12:05:23,416858;9,485407E-1;1,557265E-1;1,509044E-1;9,465642E-1;;
02/12/2021  12:05:23,416958;9,487583E-1;1,420275E-1;1,458495E-1;9,468973E-1;;
02/12/2021  12:05:23,417058;9,495332E-1;1,649653E-1;1,505885E-1;9,472152E-1;;
02/12/2021  12:05:23,417158;9,491517E-1;1,251428E-1;1,041465E-1;9,475178E-1;;
02/12/2021  12:05:23,417258;9,485318E-1;1,334259E-1;1,249980E-1;9,478052E-1;;
02/12/2021  12:05:23,417358;9,478374E-1;1,190898E-1;1,237343E-1;9,480771E-1;;
02/12/2021  12:05:23,417458;9,486510E-1;1,241871E-1;1,041465E-1;9,483336E-1;;
02/12/2021  12:05:23,417558;9,494527E-1;1,276914E-1;1,088855E-1;9,485746E-1;;
02/12/2021  12:05:23,417658;9,492381E-1;8,213450E-2;9,150920E-2;9,488003E-1;;
02/12/2021  12:05:23,417758;9,492888E-1;1,206827E-1;1,237343E-1;9,490108E-1;;
02/12/2021  12:05:23,417858;9,491159E-1;1,251428E-1;1,231024E-1;9,492067E-1;;
02/12/2021  12:05:23,417958;9,495600E-1;1,305587E-1;1,354238E-1;9,493881E-1;;
02/12/2021  12:05:23,418058;9,503170E-1;1,299215E-1;1,559593E-1;9,495554E-1;;
02/12/2021  12:05:23,418158;9,505971E-1;1,289658E-1;1,234183E-1;9,497092E-1;;
02/12/2021  12:05:23,418258;9,505763E-1;1,165411E-1;9,909157E-2;9,498501E-1;;
02/12/2021  12:05:23,418358;9,501859E-1;1,197269E-1;1,373193E-1;9,499788E-1;;
02/12/2021  12:05:23,418458;9,508028E-1;1,321516E-1;1,313166E-1;9,500958E-1;;
02/12/2021  12:05:23,418558;9,514674E-1;1,210013E-1;1,291051E-1;9,502018E-1;;
02/12/2021  12:05:23,418658;9,513541E-1;1,123996E-1;1,136244E-1;9,502976E-1;;
02/12/2021  12:05:23,418758;9,511753E-1;1,143111E-1;1,129926E-1;9,503838E-1;;
02/12/2021  12:05:23,418858;9,509518E-1;1,178155E-1;7,602853E-2;9,504612E-1;;
02/12/2021  12:05:23,418958;9,516820E-1;1,433019E-1;1,433221E-1;9,505305E-1;;
02/12/2021  12:05:23,419058;9,522572E-1;1,104881E-1;1,183634E-1;9,505922E-1;;
02/12/2021  12:05:23,419158;9,522631E-1;1,305587E-1;1,420583E-1;9,506471E-1;;
02/12/2021  12:05:23,419258;9,517535E-1;1,273729E-1;1,338441E-1;9,506960E-1;;
02/12/2021  12:05:23,419358;9,513661E-1;8,277166E-2;7,666040E-2;9,507396E-1;;
02/12/2021  12:05:23,419458;9,522810E-1;1,057094E-1;1,038306E-1;9,507783E-1;;
02/12/2021  12:05:23,419558;9,519830E-1;1,251428E-1;1,272095E-1;9,508127E-1;;
02/12/2021  12:05:23,419658;9,517296E-1;1,538150E-1;1,591187E-1;9,508433E-1;;
02/12/2021  12:05:23,419758;9,515389E-1;1,197269E-1;1,183634E-1;9,508706E-1;;
02/12/2021  12:05:23,419858;9,519174E-1;1,296029E-1;1,253139E-1;9,508950E-1;;
02/12/2021  12:05:23,419958;9,528741E-1;1,458505E-1;1,569071E-1;9,509169E-1;;
02/12/2021  12:05:23,420058;9,536102E-1;1,254614E-1;1,338441E-1;9,509368E-1;;
02/12/2021  12:05:23,420158;9,536668E-1;1,159040E-1;9,435259E-2;9,509552E-1;;
02/12/2021  12:05:23,420258;9,529784E-1;7,034704E-2;1,114129E-1;9,509728E-1;;
02/12/2021  12:05:23,420358;9,532943E-1;9,774492E-2;1,310007E-1;9,509901E-1;;
02/12/2021  12:05:23,420458;9,539738E-1;1,140974E-2;6,528685E-2;9,510076E-1;;
02/12/2021  12:05:23,420558;9,541586E-1;1,289658E-1;1,287892E-1;9,510257E-1;;
02/12/2021  12:05:23,420658;9,541944E-1;1,241871E-1;1,212068E-1;9,510449E-1;;
02/12/2021  12:05:23,420758;9,535297E-1;6,015248E-2;8,455870E-2;9,510657E-1;;
02/12/2021  12:05:23,420858;9,545431E-1;1,120810E-1;1,234183E-1;9,510884E-1;;
02/12/2021  12:05:23,420958;9,548917E-1;3,371034E-2;8,329497E-2;9,511132E-1;;
02/12/2021  12:05:23,421058;9,551868E-1;8,723178E-2;6,718244E-2;9,511407E-1;;
02/12/2021  12:05:23,421158;9,546861E-1;1,149482E-1;1,158360E-1;9,511711E-1;;
02/12/2021  12:05:23,421258;9,536698E-1;1,292843E-1;1,215227E-1;9,512048E-1;;
02/12/2021  12:05:23,421358;9,545639E-1;1,302401E-1;1,512204E-1;9,512418E-1;;
02/12/2021  12:05:23,421458;9,546444E-1;1,327887E-1;1,461654E-1;9,512822E-1;;
02/12/2021  12:05:23,421558;9,543165E-1;1,210013E-1;1,215227E-1;9,513260E-1;;
02/12/2021  12:05:23,421658;9,546205E-1;1,276914E-1;1,256299E-1;9,513733E-1;;
02/12/2021  12:05:23,421758;9,541377E-1;1,420275E-1;1,426902E-1;9,514240E-1;;
02/12/2021  12:05:23,421858;9,538129E-1;1,378860E-1;1,303688E-1;9,514779E-1;;
02/12/2021  12:05:23,421958;9,541139E-1;1,296029E-1;1,278414E-1;9,515350E-1;;
02/12/2021  12:05:23,422058;9,545788E-1;1,254614E-1;1,253139E-1;9,515951E-1;;
02/12/2021  12:05:23,422158;9,539857E-1;1,216384E-1;1,360556E-1;9,516579E-1;;
02/12/2021  12:05:23,422258;9,534254E-1;1,267357E-1;1,310007E-1;9,517232E-1;;
02/12/2021  12:05:23,422358;9,536370E-1;1,324701E-1;1,256299E-1;9,517908E-1;;
02/12/2021  12:05:23,422458;9,542689E-1;1,340630E-1;1,546956E-1;9,518604E-1;;
02/12/2021  12:05:23,422558;9,537086E-1;1,152668E-1;1,104651E-1;9,519316E-1;;
02/12/2021  12:05:23,422658;9,536341E-1;1,257800E-1;1,325804E-1;9,520043E-1;;
02/12/2021  12:05:23,422758;9,532615E-1;1,340630E-1;1,297370E-1;9,520780E-1;;
02/12/2021  12:05:23,422858;9,541586E-1;7,894870E-2;9,087734E-2;9,521526E-1;;
02/12/2021  12:05:23,422958;9,543642E-1;1,171783E-1;1,164678E-1;9,522276E-1;;
02/12/2021  12:05:23,423058;9,537652E-1;1,270543E-1;1,278414E-1;9,523031E-1;;
02/12/2021  12:05:23,423158;9,537652E-1;1,404346E-1;1,442698E-1;9,523786E-1;;
02/12/2021  12:05:23,423258;9,522959E-1;5,824100E-2;1,088855E-1;9,524541E-1;;
02/12/2021  12:05:23,423358;9,528264E-1;1,369303E-1;1,780746E-1;9,525291E-1;;
02/12/2021  12:05:23,423458;9,534910E-1;1,225942E-1;1,189953E-1;9,526032E-1;;
02/12/2021  12:05:23,423558;9,530708E-1;1,321516E-1;1,328963E-1;9,526760E-1;;
02/12/2021  12:05:23,423658;9,523227E-1;1,245056E-1;1,227865E-1;9,527472E-1;;
02/12/2021  12:05:23,423758;9,522572E-1;1,296029E-1;1,177316E-1;9,528166E-1;;
02/12/2021  12:05:23,423858;9,536221E-1;1,334259E-1;1,436380E-1;9,528838E-1;;
02/12/2021  12:05:23,423958;9,532198E-1;1,015679E-1;1,082536E-1;9,529486E-1;;
02/12/2021  12:05:23,424058;9,532615E-1;1,276914E-1;1,297370E-1;9,530107E-1;;
02/12/2021  12:05:23,424158;9,525224E-1;1,130368E-1;1,114129E-1;9,530702E-1;;
02/12/2021  12:05:23,424258;9,523555E-1;1,123996E-1;1,035146E-1;9,531269E-1;;
02/12/2021  12:05:23,424358;9,528234E-1;1,053908E-1;1,098333E-1;9,531806E-1;;
02/12/2021  12:05:23,424458;9,531304E-1;1,337445E-1;1,306848E-1;9,532310E-1;;
02/12/2021  12:05:23,424558;9,528532E-1;1,407532E-1;1,376353E-1;9,532782E-1;;
02/12/2021  12:05:23,424658;9,522095E-1;1,044351E-1;9,466852E-2;9,533220E-1;;
02/12/2021  12:05:23,424758;9,520783E-1;1,037979E-1;1,133085E-1;9,533625E-1;;
02/12/2021  12:05:23,424858;9,527370E-1;8,340882E-2;1,057261E-1;9,533993E-1;;
02/12/2021  12:05:23,424958;9,531125E-1;1,190898E-1;1,152041E-1;9,534326E-1;;
02/12/2021  12:05:23,425058;9,522661E-1;1,197269E-1;1,126766E-1;9,534622E-1;;
02/12/2021  12:05:23,425158;9,513899E-1;9,519628E-2;8,771802E-2;9,534882E-1;;
02/12/2021  12:05:23,425258;9,516373E-1;1,487177E-1;1,486929E-1;9,535105E-1;;
02/12/2021  12:05:23,425358;9,519144E-1;1,496735E-1;1,704922E-1;9,535289E-1;;
02/12/2021  12:05:23,425458;9,512766E-1;8,213450E-2;1,148882E-1;9,535433E-1;;
02/12/2021  12:05:23,425558;9,511962E-1;1,181340E-1;1,215227E-1;9,535536E-1;;
02/12/2021  12:05:23,425658;9,502663E-1;1,292843E-1;1,272095E-1;9,535597E-1;;
02/12/2021  12:05:23,425758;9,505018E-1;1,257800E-1;1,306848E-1;9,535613E-1;;
02/12/2021  12:05:23,425858;9,505018E-1;1,270543E-1;1,038306E-1;9,535584E-1;;
02/12/2021  12:05:23,425958;9,496971E-1;7,703722E-2;7,097362E-2;9,535506E-1;;
02/12/2021  12:05:23,426058;9,489341E-1;1,187712E-1;1,164678E-1;9,535378E-1;;
02/12/2021  12:05:23,426158;9,474440E-1;1,385232E-1;1,328963E-1;9,535196E-1;;
02/12/2021  12:05:23,426258;9,474261E-1;1,254614E-1;9,624818E-2;9,534957E-1;;
02/12/2021  12:05:23,426358;9,485050E-1;3,371034E-2;6,497092E-2;9,534655E-1;;
02/12/2021  12:05:23,426458;9,473933E-1;7,321426E-2;7,571260E-2;9,534287E-1;;
02/12/2021  12:05:23,426558;9,472383E-1;1,299215E-1;1,240502E-1;9,533851E-1;;
02/12/2021  12:05:23,426658;9,465320E-1;1,321516E-1;1,208909E-1;9,533342E-1;;
02/12/2021  12:05:23,426758;9,467943E-1;8,277166E-2;9,214107E-2;9,532759E-1;;
02/12/2021  12:05:23,426858;9,471996E-1;1,292843E-1;1,584868E-1;9,532100E-1;;
02/12/2021  12:05:23,426958;9,470208E-1;1,025236E-1;1,104651E-1;9,531364E-1;;
02/12/2021  12:05:23,427058;9,463025E-1;7,894870E-2;8,203124E-2;9,530551E-1;;
02/12/2021  12:05:23,427158;9,451313E-1;1,037979E-1;1,388990E-1;9,529660E-1;;
02/12/2021  12:05:23,427258;9,458316E-1;1,111253E-1;1,076217E-1;9,528692E-1;;
02/12/2021  12:05:23,427358;9,453518E-1;1,088952E-1;1,205749E-1;9,527644E-1;;
02/12/2021  12:05:23,427458;9,450538E-1;1,015679E-1;1,126766E-1;9,526518E-1;;
02/12/2021  12:05:23,427558;9,439600E-1;7,512574E-2;8,550650E-2;9,525313E-1;;
02/12/2021  12:05:23,427658;9,429229E-1;1,095324E-1;1,224705E-1;9,524028E-1;;
02/12/2021  12:05:23,427758;9,430957E-1;1,060280E-1;1,079377E-1;9,522662E-1;;
02/12/2021  12:05:23,427858;9,424430E-1;9,041758E-2;1,095173E-1;9,521213E-1;;
02/12/2021  12:05:23,427958;9,419662E-1;1,232313E-1;1,572231E-1;9,519678E-1;;
02/12/2021  12:05:23,428058;9,403717E-1;1,066652E-1;1,174156E-1;9,518057E-1;;
02/12/2021  12:05:23,428158;9,388756E-1;9,105474E-2;9,877564E-2;9,516347E-1;;
02/12/2021  12:05:23,428258;9,394449E-1;3,434750E-2;3,053433E-2;9,514542E-1;;
02/12/2021  12:05:23,428358;9,386431E-1;8,914326E-2;1,155200E-1;9,512639E-1;;
02/12/2021  12:05:23,428458;9,377669E-1;1,085766E-1;1,341600E-1;9,510635E-1;;
02/12/2021  12:05:23,428558;9,365510E-1;9,232906E-2;1,205749E-1;9,508525E-1;;
02/12/2021  12:05:23,428658;9,361039E-1;8,691320E-2;9,751191E-2;9,506307E-1;;
02/12/2021  12:05:23,428758;9,364347E-1;1,168597E-1;1,338441E-1;9,503975E-1;;
02/12/2021  12:05:23,428858;9,357701E-1;1,241871E-1;1,275255E-1;9,501528E-1;;
02/12/2021  12:05:23,428958;9,351800E-1;1,232313E-1;1,107811E-1;9,498964E-1;;
02/12/2021  12:05:23,429058;9,335588E-1;1,936375E-1;1,676488E-1;9,496282E-1;;
02/12/2021  12:05:23,429158;9,335677E-1;1,509478E-1;1,360556E-1;9,493479E-1;;
02/12/2021  12:05:23,429258;9,339224E-1;1,697440E-1;1,537478E-1;9,490555E-1;;
02/12/2021  12:05:23,429358;9,331177E-1;1,770713E-1;1,505885E-1;9,487509E-1;;
02/12/2021  12:05:23,429458;9,326229E-1;1,751599E-1;1,490088E-1;9,484341E-1;;
02/12/2021  12:05:23,429558;9,317587E-1;1,522221E-1;1,531159E-1;9,481054E-1;;
02/12/2021  12:05:23,429658;9,311686E-1;1,770713E-1;1,651214E-1;9,477647E-1;;
02/12/2021  12:05:23,429758;9,317855E-1;1,245056E-1;1,401627E-1;9,474123E-1;;
02/12/2021  12:05:23,429858;9,309868E-1;1,375674E-1;1,363715E-1;9,470484E-1;;
02/12/2021  12:05:23,429958;9,297857E-1;1,225942E-1;1,347919E-1;9,466733E-1;;
02/12/2021  12:05:23,430058;9,282866E-1;1,337445E-1;1,215227E-1;9,462872E-1;;
02/12/2021  12:05:23,430158;9,280243E-1;1,375674E-1;1,518522E-1;9,458903E-1;;
02/12/2021  12:05:23,430258;9,274193E-1;5,792242E-2;8,898175E-2;9,454826E-1;;
02/12/2021  12:05:23,430358;9,268024E-1;1,299215E-1;1,303688E-1;9,450643E-1;;
02/12/2021  12:05:23,430458;9,260246E-1;1,334259E-1;1,322644E-1;9,446354E-1;;
02/12/2021  12:05:23,430558;9,254196E-1;1,327887E-1;1,212068E-1;9,441961E-1;;
02/12/2021  12:05:23,430658;9,254464E-1;1,585937E-1;1,449017E-1;9,437465E-1;;
02/12/2021  12:05:23,430758;9,253570E-1;1,276914E-1;1,253139E-1;9,432869E-1;;
02/12/2021  12:05:23,430858;9,244539E-1;1,343816E-1;1,300529E-1;9,428176E-1;;
02/12/2021  12:05:23,430958;9,236373E-1;1,241871E-1;1,442698E-1;9,423390E-1;;
02/12/2021  12:05:23,431058;9,226896E-1;1,254614E-1;1,262617E-1;9,418514E-1;;
02/12/2021  12:05:23,431158;9,232022E-1;1,340630E-1;1,268936E-1;9,413551E-1;;
02/12/2021  12:05:23,431258;9,236791E-1;1,404346E-1;1,685966E-1;9,408506E-1;;
02/12/2021  12:05:23,431358;9,231247E-1;1,286472E-1;1,294210E-1;9,403383E-1;;
02/12/2021  12:05:23,431458;9,219892E-1;1,289658E-1;1,445858E-1;9,398190E-1;;
02/12/2021  12:05:23,431558;9,216018E-1;1,273729E-1;1,332122E-1;9,392933E-1;;
02/12/2021  12:05:23,431658;9,218581E-1;1,162226E-1;1,259458E-1;9,387617E-1;;
02/12/2021  12:05:23,431758;9,220995E-1;1,200455E-1;1,291051E-1;9,382248E-1;;
02/12/2021  12:05:23,431858;9,213514E-1;1,378860E-1;1,347919E-1;9,376833E-1;;
02/12/2021  12:05:23,431958;9,201742E-1;1,286472E-1;1,199431E-1;9,371381E-1;;
02/12/2021  12:05:23,432058;9,195066E-1;1,152668E-1;1,300529E-1;9,365897E-1;;
02/12/2021  12:05:23,432158;9,197302E-1;1,420275E-1;1,610142E-1;9,360386E-1;;
02/12/2021  12:05:23,432258;9,193815E-1;1,366117E-1;1,373193E-1;9,354853E-1;;
02/12/2021  12:05:23,432358;9,190983E-1;1,123996E-1;1,215227E-1;9,349305E-1;;
02/12/2021  12:05:23,432458;9,183264E-1;1,155854E-1;1,095173E-1;9,343746E-1;;
02/12/2021  12:05:23,432558;9,179003E-1;1,305587E-1;1,392149E-1;9,338182E-1;;
02/12/2021  12:05:23,432658;9,181715E-1;1,229127E-1;1,341600E-1;9,332619E-1;;
02/12/2021  12:05:23,432758;9,182341E-1;1,264171E-1;1,335282E-1;9,327060E-1;;
02/12/2021  12:05:23,432858;9,180105E-1;1,331073E-1;1,392149E-1;9,321513E-1;;
02/12/2021  12:05:23,432958;9,177602E-1;1,407532E-1;1,404787E-1;9,315984E-1;;
02/12/2021  12:05:23,433058;9,173429E-1;1,073023E-1;1,006712E-1;9,310478E-1;;
02/12/2021  12:05:23,433158;9,181715E-1;1,276914E-1;1,322644E-1;9,305002E-1;;
02/12/2021  12:05:23,433258;9,184695E-1;1,280100E-1;1,335282E-1;9,299564E-1;;
02/12/2021  12:05:23,433358;9,186424E-1;1,235499E-1;1,347919E-1;9,294170E-1;;
02/12/2021  12:05:23,433458;9,186781E-1;6,716124E-2;9,024547E-2;9,288831E-1;;
02/12/2021  12:05:23,433558;9,190447E-1;1,423461E-1;1,354238E-1;9,283554E-1;;
02/12/2021  12:05:23,433658;9,203650E-1;1,662396E-1;1,600664E-1;9,278349E-1;;
02/12/2021  12:05:23,433758;9,207345E-1;1,229127E-1;1,310007E-1;9,273226E-1;;
02/12/2021  12:05:23,433858;9,202100E-1;1,273729E-1;1,291051E-1;9,268197E-1;;
02/12/2021  12:05:23,433958;9,197063E-1;1,031608E-1;9,435259E-2;9,263273E-1;;
02/12/2021  12:05:23,434058;9,207882E-1;1,397975E-1;1,366875E-1;9,258462E-1;;
02/12/2021  12:05:23,434158;9,216376E-1;1,315144E-1;1,199431E-1;9,253775E-1;;
02/12/2021  12:05:23,434258;9,221084E-1;1,197269E-1;1,205749E-1;9,249219E-1;;
02/12/2021  12:05:23,434358;9,222634E-1;1,420275E-1;1,268936E-1;9,244807E-1;;
02/12/2021  12:05:23,434458;9,220578E-1;1,299215E-1;1,328963E-1;9,240547E-1;;
02/12/2021  12:05:23,434558;9,230025E-1;1,369303E-1;1,373193E-1;9,236449E-1;;
02/12/2021  12:05:23,434658;9,237953E-1;1,213198E-1;1,095173E-1;9,232521E-1;;
02/12/2021  12:05:23,434758;9,247251E-1;4,199342E-2;6,749837E-2;9,228772E-1;;
02/12/2021  12:05:23,434858;9,243168E-1;1,280100E-1;1,310007E-1;9,225212E-1;;
02/12/2021  12:05:23,434958;9,249368E-1;1,362931E-1;1,281573E-1;9,221847E-1;;
02/12/2021  12:05:23,435058;9,260007E-1;1,194084E-1;1,189953E-1;9,218687E-1;;
02/12/2021  12:05:23,435158;9,274253E-1;1,391603E-1;1,442698E-1;9,215738E-1;;
02/12/2021  12:05:23,435258;9,275117E-1;1,401161E-1;1,385831E-1;9,213010E-1;;
02/12/2021  12:05:23,435358;9,277114E-1;1,461691E-1;1,458495E-1;9,210509E-1;;
02/12/2021  12:05:23,435458;9,283462E-1;9,742634E-2;1,066739E-1;9,208242E-1;;
02/12/2021  12:05:23,435558;9,300539E-1;7,958586E-2;1,193112E-1;9,206217E-1;;
02/12/2021  12:05:23,435658;9,314219E-1;1,468062E-1;1,758630E-1;9,204438E-1;;
02/12/2021  12:05:23,435758;9,314755E-1;1,601866E-1;1,515363E-1;9,202915E-1;;
02/12/2021  12:05:23,435858;9,319315E-1;3,657756E-2;7,855599E-2;9,201652E-1;;
02/12/2021  12:05:23,435958;9,319881E-1;1,315144E-1;1,313166E-1;9,200657E-1;;
02/12/2021  12:05:23,436058;9,334187E-1;1,200455E-1;1,234183E-1;9,199931E-1;;
02/12/2021  12:05:23,436158;9,342293E-1;1,359745E-1;1,452176E-1;9,199480E-1;;
02/12/2021  12:05:23,436258;9,349774E-1;1,280100E-1;1,227865E-1;9,199305E-1;;
02/12/2021  12:05:23,436358;9,354900E-1;1,229127E-1;1,246821E-1;9,199410E-1;;
02/12/2021  12:05:23,436458;9,356927E-1;1,305587E-1;1,268936E-1;9,199796E-1;;
02/12/2021  12:05:23,436558;9,381156E-1;1,037979E-1;1,107811E-1;9,200464E-1;;
02/12/2021  12:05:23,436658;9,387057E-1;1,331073E-1;1,335282E-1;9,201416E-1;;
02/12/2021  12:05:23,436758;9,388369E-1;1,487177E-1;1,588027E-1;9,202652E-1;;
02/12/2021  12:05:23,436858;9,387385E-1;1,245056E-1;1,259458E-1;9,204174E-1;;
02/12/2021  12:05:23,436958;9,401989E-1;1,267357E-1;1,499566E-1;9,205979E-1;;
02/12/2021  12:05:23,437058;9,422583E-1;1,429833E-1;1,467973E-1;9,208066E-1;;
02/12/2021  12:05:23,437158;9,426636E-1;1,356559E-1;1,407946E-1;9,210433E-1;;
02/12/2021  12:05:23,437258;9,431047E-1;1,044351E-1;1,145722E-1;9,213079E-1;;
02/12/2021  12:05:23,437358;9,432924E-1;1,267357E-1;1,256299E-1;9,216003E-1;;
02/12/2021  12:05:23,437458;9,438110E-1;1,022050E-1;1,114129E-1;9,219200E-1;;
02/12/2021  12:05:23,437558;9,457243E-1;1,331073E-1;1,385831E-1;9,222667E-1;;
02/12/2021  12:05:23,437658;9,467287E-1;1,229127E-1;1,300529E-1;9,226398E-1;;
02/12/2021  12:05:23,437758;9,467674E-1;1,069837E-1;8,392683E-2;9,230389E-1;;
02/12/2021  12:05:23,437858;9,468092E-1;1,331073E-1;1,445858E-1;9,234635E-1;;
02/12/2021  12:05:23,437958;9,473933E-1;1,251428E-1;1,249980E-1;9,239131E-1;;
02/12/2021  12:05:23,438058;9,485735E-1;1,369303E-1;1,363715E-1;9,243868E-1;;
02/12/2021  12:05:23,438158;9,495212E-1;1,280100E-1;1,205749E-1;9,248837E-1;;
02/12/2021  12:05:23,438258;9,503527E-1;1,238685E-1;1,275255E-1;9,254032E-1;;
02/12/2021  12:05:23,438358;9,504451E-1;4,167484E-2;9,340479E-2;9,259446E-1;;
02/12/2021  12:05:23,438458;9,516998E-1;1,331073E-1;1,316326E-1;9,265068E-1;;
02/12/2021  12:05:23,438558;9,534523E-1;1,171783E-1;1,300529E-1;9,270893E-1;;
02/12/2021  12:05:23,438658;9,540573E-1;1,002936E-1;1,114129E-1;9,276912E-1;;
02/12/2021  12:05:23,438758;9,545103E-1;1,216384E-1;1,224705E-1;9,283119E-1;;
02/12/2021  12:05:23,438858;9,539708E-1;1,318330E-1;1,161519E-1;9,289507E-1;;
02/12/2021  12:05:23,438958;9,555713E-1;1,464877E-1;1,528000E-1;9,296067E-1;;
02/12/2021  12:05:23,439058;9,572760E-1;5,537378E-2;9,940750E-2;9,302790E-1;;
02/12/2021  12:05:23,439158;9,572223E-1;1,210013E-1;1,221546E-1;9,309669E-1;;
02/12/2021  12:05:23,439258;9,576098E-1;1,413904E-1;1,395309E-1;9,316694E-1;;
02/12/2021  12:05:23,439358;9,576217E-1;1,197269E-1;1,186794E-1;9,323859E-1;;
02/12/2021  12:05:23,439458;9,584979E-1;1,139925E-1;1,133085E-1;9,331153E-1;;
02/12/2021  12:05:23,439558;9,592460E-1;1,315144E-1;1,212068E-1;9,338566E-1;;
02/12/2021  12:05:23,439658;9,592340E-1;1,251428E-1;1,224705E-1;9,346088E-1;;
02/12/2021  12:05:23,439758;9,589867E-1;1,362931E-1;1,651214E-1;9,353708E-1;;
02/12/2021  12:05:23,439858;9,584264E-1;1,104881E-1;1,180475E-1;9,361414E-1;;
02/12/2021  12:05:23,439958;9,596662E-1;1,216384E-1;1,202590E-1;9,369193E-1;;
02/12/2021  12:05:23,440058;9,598301E-1;1,305587E-1;1,518522E-1;9,377031E-1;;
02/12/2021  12:05:23,440158;9,599165E-1;1,098510E-1;1,126766E-1;9,384915E-1;;
02/12/2021  12:05:23,440258;9,592251E-1;1,012493E-1;1,306848E-1;9,392832E-1;;
02/12/2021  12:05:23,440358;9,592132E-1;1,066652E-1;1,098333E-1;9,400767E-1;;
02/12/2021  12:05:23,440458;9,604381E-1;9,201048E-2;8,708615E-2;9,408705E-1;;
02/12/2021  12:05:23,440558;9,609269E-1;1,088952E-1;1,227865E-1;9,416632E-1;;
02/12/2021  12:05:23,440658;9,604321E-1;1,002936E-1;1,196272E-1;9,424536E-1;;
02/12/2021  12:05:23,440758;9,600328E-1;8,022302E-2;8,961361E-2;9,432404E-1;;
02/12/2021  12:05:23,440858;9,603487E-1;7,002846E-2;1,050943E-1;9,440222E-1;;
02/12/2021  12:05:23,440958;9,603636E-1;1,114439E-1;1,357397E-1;9,447977E-1;;
02/12/2021  12:05:23,441058;9,609686E-1;9,838208E-2;1,079377E-1;9,455657E-1;;
02/12/2021  12:05:23,441158;9,602980E-1;1,031608E-1;1,133085E-1;9,463248E-1;;
02/12/2021  12:05:23,441258;9,600000E-1;9,424054E-2;1,003553E-1;9,470740E-1;;
02/12/2021  12:05:23,441358;9,590403E-1;1,146297E-1;1,205749E-1;9,478119E-1;;
02/12/2021  12:05:23,441458;9,603755E-1;9,965640E-2;1,272095E-1;9,485373E-1;;
02/12/2021  12:05:23,441558;9,600596E-1;1,092138E-1;1,224705E-1;9,492490E-1;;
02/12/2021  12:05:23,441658;9,585963E-1;1,136739E-1;1,300529E-1;9,499459E-1;;
02/12/2021  12:05:23,441758;9,582952E-1;1,334259E-1;1,363715E-1;9,506268E-1;;
02/12/2021  12:05:23,441858;9,569392E-1;7,257710E-2;7,855599E-2;9,512905E-1;;
02/12/2021  12:05:23,441958;9,576485E-1;1,557265E-1;1,196272E-1;9,519356E-1;;
02/12/2021  12:05:23,442058;9,570018E-1;1,675139E-1;1,496407E-1;9,525609E-1;;
02/12/2021  12:05:23,442158;9,562269E-1;1,585937E-1;1,461654E-1;9,531653E-1;;
02/12/2021  12:05:23,442258;9,552464E-1;1,713369E-1;1,682807E-1;9,537476E-1;;
02/12/2021  12:05:23,442358;9,546652E-1;1,646467E-1;1,546956E-1;9,543066E-1;;
02/12/2021  12:05:23,442458;9,548858E-1;1,573194E-1;1,597505E-1;9,548412E-1;;
02/12/2021  12:05:23,442558;9,544685E-1;1,455319E-1;1,420583E-1;9,553504E-1;;
02/12/2021  12:05:23,442658;9,537831E-1;1,375674E-1;1,262617E-1;9,558332E-1;;
02/12/2021  12:05:23,442758;9,525522E-1;1,471248E-1;1,531159E-1;9,562888E-1;;
02/12/2021  12:05:23,442858;9,524032E-1;1,302401E-1;1,613302E-1;9,567164E-1;;
02/12/2021  12:05:23,442958;9,527429E-1;7,703722E-2;9,845971E-2;9,571153E-1;;
02/12/2021  12:05:23,443058;9,516730E-1;1,123996E-1;1,186794E-1;9,574848E-1;;
02/12/2021  12:05:23,443158;9,505226E-1;1,283286E-1;1,243661E-1;9,578244E-1;;
02/12/2021  12:05:23,443258;9,494289E-1;1,245056E-1;1,272095E-1;9,581336E-1;;
02/12/2021  12:05:23,443358;9,492381E-1;1,104881E-1;1,101492E-1;9,584119E-1;;
02/12/2021  12:05:23,443458;9,492202E-1;1,143111E-1;8,961361E-2;9,586587E-1;;
02/12/2021  12:05:23,443558;9,480102E-1;1,254614E-1;1,467973E-1;9,588739E-1;;
02/12/2021  12:05:23,443658;9,470506E-1;1,375674E-1;1,344760E-1;9,590571E-1;;
02/12/2021  12:05:23,443758;9,454293E-1;1,260985E-1;1,272095E-1;9,592080E-1;;
02/12/2021  12:05:23,443858;9,448720E-1;1,018865E-1;1,262617E-1;9,593265E-1;;
02/12/2021  12:05:23,443958;9,443862E-1;1,101695E-1;1,028828E-1;9,594121E-1;;
02/12/2021  12:05:23,444058;9,435189E-1;1,318330E-1;1,278414E-1;9,594646E-1;;
02/12/2021  12:05:23,444158;9,425265E-1;1,324701E-1;1,313166E-1;9,594840E-1;;
02/12/2021  12:05:23,444258;9,410035E-1;1,300264E-2;5,043804E-2;9,594702E-1;;
02/12/2021  12:05:23,444358;9,410393E-1;3,020596E-2;7,539667E-2;9,594231E-1;;
02/12/2021  12:05:23,444458;9,405237E-1;1,503106E-1;1,787064E-1;9,593427E-1;;
02/12/2021  12:05:23,444558;9,401810E-1;1,276914E-1;1,256299E-1;9,592291E-1;;
02/12/2021  12:05:23,444658;9,390485E-1;1,098510E-1;1,253139E-1;9,590828E-1;;
02/12/2021  12:05:23,444758;9,383153E-1;1,159040E-1;1,164678E-1;9,589041E-1;;
02/12/2021  12:05:23,444858;9,382140E-1;1,439390E-1;1,442698E-1;9,586934E-1;;
02/12/2021  12:05:23,444958;9,381723E-1;1,041165E-1;1,193112E-1;9,584514E-1;;
02/12/2021  12:05:23,445058;9,375524E-1;1,241871E-1;1,215227E-1;9,581787E-1;;
02/12/2021  12:05:23,445158;9,364526E-1;1,114439E-1;1,240502E-1;9,578762E-1;;
02/12/2021  12:05:23,445258;9,362500E-1;1,165411E-1;1,227865E-1;9,575447E-1;;
02/12/2021  12:05:23,445358;9,365271E-1;1,232313E-1;1,180475E-1;9,571853E-1;;
02/12/2021  12:05:23,445458;9,368997E-1;1,066652E-1;1,158360E-1;9,567990E-1;;
02/12/2021  12:05:23,445558;9,355526E-1;9,296622E-2;1,610142E-1;9,563870E-1;;
02/12/2021  12:05:23,445658;9,342412E-1;1,098510E-1;1,133085E-1;9,559507E-1;;
02/12/2021  12:05:23,445758;9,335290E-1;1,315144E-1;1,208909E-1;9,554913E-1;;
02/12/2021  12:05:23,445858;9,337674E-1;6,301970E-2;7,887192E-2;9,550097E-1;;
02/12/2021  12:05:23,445958;9,332309E-1;1,318330E-1;1,316326E-1;9,545073E-1;;
02/12/2021  12:05:23,446058;9,317706E-1;1,210013E-1;1,325804E-1;9,539851E-1;;
02/12/2021  12:05:23,446158;9,312013E-1;1,280100E-1;1,322644E-1;9,534443E-1;;
02/12/2021  12:05:23,446258;9,311149E-1;1,509478E-1;1,565912E-1;9,528860E-1;;
02/12/2021  12:05:23,446358;9,310613E-1;9,870066E-2;1,016190E-1;9,523112E-1;;
02/12/2021  12:05:23,446458;9,302357E-1;1,251428E-1;1,180475E-1;9,517212E-1;;
02/12/2021  12:05:23,446558;9,292373E-1;1,232313E-1;1,272095E-1;9,511170E-1;;
02/12/2021  12:05:23,446658;9,280899E-1;1,496735E-1;1,739675E-1;9,504999E-1;;
02/12/2021  12:05:23,446758;9,276846E-1;1,241871E-1;1,186794E-1;9,498707E-1;;
02/12/2021  12:05:23,446858;9,279111E-1;1,213198E-1;1,202590E-1;9,492304E-1;;
02/12/2021  12:05:23,446958;9,273657E-1;1,340630E-1;1,319485E-1;9,485800E-1;;
02/12/2021  12:05:23,447058;9,265103E-1;1,095324E-1;1,275255E-1;9,479205E-1;;
02/12/2021  12:05:23,447158;9,252646E-1;1,225942E-1;1,215227E-1;9,472529E-1;;
02/12/2021  12:05:23,447258;9,253510E-1;1,197269E-1;1,167838E-1;9,465780E-1;;
02/12/2021  12:05:23,447358;9,259232E-1;1,254614E-1;1,306848E-1;9,458968E-1;;
02/12/2021  12:05:23,447458;9,250083E-1;1,378860E-1;1,379512E-1;9,452101E-1;;
02/12/2021  12:05:23,447558;9,244450E-1;1,423461E-1;1,347919E-1;9,445192E-1;;
02/12/2021  12:05:23,447658;9,227909E-1;1,235499E-1;1,092014E-1;9,438247E-1;;
02/12/2021  12:05:23,447758;9,224393E-1;1,395838E-2;6,402312E-2;9,431276E-1;;
02/12/2021  12:05:23,447858;9,234436E-1;1,270543E-1;1,382671E-1;9,424285E-1;;
02/12/2021  12:05:23,447958;9,231426E-1;1,397975E-1;1,404787E-1;9,417283E-1;;
02/12/2021  12:05:23,448058;9,224124E-1;1,321516E-1;1,281573E-1;9,410277E-1;;
02/12/2021  12:05:23,448158;9,222843E-1;9,710776E-2;8,108345E-2;9,403278E-1;;
02/12/2021  12:05:23,448258;9,227462E-1;1,178155E-1;1,013031E-1;9,396294E-1;;
02/12/2021  12:05:23,448358;9,233781E-1;1,413904E-1;1,445858E-1;9,389335E-1;;
02/12/2021  12:05:23,448458;9,233095E-1;1,280100E-1;1,129926E-1;9,382411E-1;;
02/12/2021  12:05:23,448558;9,228684E-1;1,155854E-1;1,227865E-1;9,375534E-1;;
02/12/2021  12:05:23,448658;9,229608E-1;1,127182E-1;1,167838E-1;9,368714E-1;;
02/12/2021  12:05:23,448758;9,234943E-1;1,286472E-1;1,313166E-1;9,361963E-1;;
02/12/2021  12:05:23,448858;9,246715E-1;1,968233E-1;2,112474E-1;9,355291E-1;;
02/12/2021  12:05:23,448958;9,238907E-1;1,296029E-1;1,161519E-1;9,348712E-1;;
02/12/2021  12:05:23,449058;9,242751E-1;1,773899E-1;1,581709E-1;9,342237E-1;;
02/12/2021  12:05:23,449158;9,242811E-1;1,165411E-1;1,095173E-1;9,335877E-1;;
02/12/2021  12:05:23,449258;9,255298E-1;1,165411E-1;1,221546E-1;9,329645E-1;;
02/12/2021  12:05:23,449358;9,265342E-1;1,251428E-1;1,344760E-1;9,323552E-1;;
02/12/2021  12:05:23,449458;9,262660E-1;1,276914E-1;1,284732E-1;9,317611E-1;;
02/12/2021  12:05:23,449558;9,254583E-1;8,340882E-2;4,980618E-2;9,311834E-1;;
02/12/2021  12:05:23,449658;9,255596E-1;1,257800E-1;1,442698E-1;9,306232E-1;;
02/12/2021  12:05:23,449758;9,262779E-1;1,576380E-1;1,632258E-1;9,300814E-1;;
02/12/2021  12:05:23,449858;9,270885E-1;1,130368E-1;1,221546E-1;9,295588E-1;;
02/12/2021  12:05:23,449958;9,270975E-1;1,286472E-1;1,344760E-1;9,290562E-1;;
02/12/2021  12:05:23,450058;9,269157E-1;1,283286E-1;1,186794E-1;9,285745E-1;;
02/12/2021  12:05:23,450158;9,274074E-1;1,423461E-1;1,802861E-1;9,281144E-1;;
02/12/2021  12:05:23,450258;9,285519E-1;1,331073E-1;1,449017E-1;9,276765E-1;;
02/12/2021  12:05:23,450358;9,292939E-1;1,372488E-1;1,310007E-1;9,272615E-1;;
02/12/2021  12:05:23,450458;9,293357E-1;1,442576E-1;1,518522E-1;9,268700E-1;;
02/12/2021  12:05:23,450558;9,291092E-1;1,238685E-1;1,259458E-1;9,265026E-1;;
02/12/2021  12:05:23,450658;9,287784E-1;1,343816E-1;1,303688E-1;9,261599E-1;;
02/12/2021  12:05:23,450758;9,306798E-1;1,174969E-1;1,079377E-1;9,258421E-1;;
02/12/2021  12:05:23,450858;9,314368E-1;1,149482E-1;1,265777E-1;9,255495E-1;;
02/12/2021  12:05:23,450958;9,313831E-1;1,324701E-1;1,430061E-1;9,252826E-1;;
02/12/2021  12:05:23,451058;9,302387E-1;1,493549E-1;1,414265E-1;9,250416E-1;;
02/12/2021  12:05:23,451158;9,313235E-1;1,420275E-1;1,401627E-1;9,248266E-1;;
02/12/2021  12:05:23,451258;9,323428E-1;1,251428E-1;1,366875E-1;9,246375E-1;;
02/12/2021  12:05:23,451358;9,323070E-1;1,289658E-1;1,360556E-1;9,244743E-1;;
02/12/2021  12:05:23,451458;9,316752E-1;1,359745E-1;1,158360E-1;9,243370E-1;;
02/12/2021  12:05:23,451558;9,311924E-1;1,340630E-1;1,347919E-1;9,242252E-1;;
02/12/2021  12:05:23,451658;9,311060E-1;1,302401E-1;1,268936E-1;9,241384E-1;;
02/12/2021  12:05:23,451758;9,318838E-1;1,289658E-1;1,180475E-1;9,240761E-1;;
02/12/2021  12:05:23,451858;9,324411E-1;1,471248E-1;1,518522E-1;9,240374E-1;;
02/12/2021  12:05:23,451958;9,325902E-1;1,219570E-1;1,158360E-1;9,240219E-1;;
02/12/2021  12:05:23,452058;9,321342E-1;1,219570E-1;1,278414E-1;9,240287E-1;;
02/12/2021  12:05:23,452158;9,329091E-1;1,152668E-1;1,224705E-1;9,240572E-1;;
02/12/2021  12:05:23,452258;9,341667E-1;8,946184E-2;7,350108E-2;9,241066E-1;;
02/12/2021  12:05:23,452358;9,344856E-1;1,155854E-1;1,019350E-1;9,241764E-1;;
02/12/2021  12:05:23,452458;9,342085E-1;1,168597E-1;1,186794E-1;9,242658E-1;;
02/12/2021  12:05:23,452558;9,345542E-1;1,210013E-1;1,227865E-1;9,243743E-1;;
02/12/2021  12:05:23,452658;9,357433E-1;1,009307E-1;1,310007E-1;9,245012E-1;;
02/12/2021  12:05:23,452758;9,367775E-1;1,194084E-1;1,177316E-1;9,246459E-1;;
02/12/2021  12:05:23,452858;9,372782E-1;1,178155E-1;1,218387E-1;9,248080E-1;;
02/12/2021  12:05:23,452958;9,369027E-1;8,468314E-2;1,117289E-1;9,249869E-1;;
02/12/2021  12:05:23,453058;9,373616E-1;8,532030E-2;1,092014E-1;9,251823E-1;;
02/12/2021  12:05:23,453158;9,388190E-1;1,203641E-1;1,272095E-1;9,253936E-1;;
02/12/2021  12:05:23,453258;9,400916E-1;1,439390E-1;1,982942E-1;9,256203E-1;;
02/12/2021  12:05:23,453358;9,396684E-1;8,340882E-2;8,866581E-2;9,258622E-1;;
02/12/2021  12:05:23,453458;9,391975E-1;9,997498E-2;1,177316E-1;9,261190E-1;;
02/12/2021  12:05:23,453558;9,391885E-1;1,171783E-1;1,297370E-1;9,263900E-1;;
02/12/2021  12:05:23,453658;9,399724E-1;1,082581E-1;1,199431E-1;9,266747E-1;;
02/12/2021  12:05:23,453758;9,400975E-1;9,710776E-2;1,246821E-1;9,269723E-1;;
02/12/2021  12:05:23,453858;9,406906E-1;1,171783E-1;1,189953E-1;9,272823E-1;;
02/12/2021  12:05:23,453958;9,401631E-1;1,143111E-1;1,335282E-1;9,276039E-1;;
02/12/2021  12:05:23,454058;9,401214E-1;1,162226E-1;1,268936E-1;9,279364E-1;;
02/12/2021  12:05:23,454158;9,411406E-1;1,254614E-1;1,212068E-1;9,282790E-1;;
02/12/2021  12:05:23,454258;9,412926E-1;1,318330E-1;1,382671E-1;9,286308E-1;;
02/12/2021  12:05:23,454358;9,411466E-1;1,490363E-1;1,414265E-1;9,289911E-1;;
02/12/2021  12:05:23,454458;9,407055E-1;1,608238E-1;1,496407E-1;9,293591E-1;;
02/12/2021  12:05:23,454558;9,415281E-1;1,993719E-1;1,881844E-1;9,297339E-1;;
02/12/2021  12:05:23,454658;9,424222E-1;1,716555E-1;1,755471E-1;9,301147E-1;;
02/12/2021  12:05:23,454758;9,427262E-1;1,525407E-1;1,360556E-1;9,305007E-1;;
02/12/2021  12:05:23,454858;9,428782E-1;1,805757E-1;1,660692E-1;9,308913E-1;;
02/12/2021  12:05:23,454958;9,424132E-1;1,805757E-1;1,600664E-1;9,312859E-1;;
02/12/2021  12:05:23,455058;9,430927E-1;1,620981E-1;1,777586E-1;9,316838E-1;;
02/12/2021  12:05:23,455158;9,441358E-1;1,276914E-1;1,401627E-1;9,320842E-1;;
02/12/2021  12:05:23,455258;9,448004E-1;1,251428E-1;1,231024E-1;9,324867E-1;;
02/12/2021  12:05:23,455358;9,449107E-1;1,499920E-1;1,534319E-1;9,328908E-1;;
02/12/2021  12:05:23,455458;9,437573E-1;1,793014E-1;2,200935E-1;9,332962E-1;;
02/12/2021  12:05:23,455558;9,440822E-1;1,111253E-1;1,098333E-1;9,337023E-1;;
02/12/2021  12:05:23,455658;9,449167E-1;1,229127E-1;1,256299E-1;9,341085E-1;;
02/12/2021  12:05:23,455758;9,451104E-1;1,426647E-1;1,392149E-1;9,345142E-1;;
02/12/2021  12:05:23,455858;9,453667E-1;1,391603E-1;1,398468E-1;9,349190E-1;;
02/12/2021  12:05:23,455958;9,455664E-1;1,375674E-1;1,404787E-1;9,353224E-1;;
02/12/2021  12:05:23,456058;9,460850E-1;1,324701E-1;1,376353E-1;9,357240E-1;;
02/12/2021  12:05:23,456158;9,474857E-1;1,002936E-1;1,253139E-1;9,361235E-1;;
02/12/2021  12:05:23,456258;9,479357E-1;1,276914E-1;1,300529E-1;9,365207E-1;;
02/12/2021  12:05:23,456358;9,473426E-1;1,267357E-1;1,237343E-1;9,369155E-1;;
02/12/2021  12:05:23,456458;9,472979E-1;1,159040E-1;1,006712E-1;9,373079E-1;;
02/12/2021  12:05:23,456558;9,480311E-1;1,337445E-1;1,379512E-1;9,376975E-1;;
02/12/2021  12:05:23,456658;9,487076E-1;1,483991E-1;1,584868E-1;9,380842E-1;;
02/12/2021  12:05:23,456758;9,492292E-1;1,229127E-1;1,278414E-1;9,384680E-1;;
02/12/2021  12:05:23,456858;9,487911E-1;1,165411E-1;1,199431E-1;9,388488E-1;;
02/12/2021  12:05:23,456958;9,485616E-1;1,009307E-1;1,038306E-1;9,392265E-1;;
02/12/2021  12:05:23,457058;9,496107E-1;1,436204E-1;1,167838E-1;9,396010E-1;;
02/12/2021  12:05:23,457158;9,503706E-1;1,327887E-1;1,152041E-1;9,399721E-1;;
02/12/2021  12:05:23,457258;9,503140E-1;1,222756E-1;1,088855E-1;9,403399E-1;;
02/12/2021  12:05:23,457358;9,492113E-1;1,264171E-1;1,550115E-1;9,407043E-1;;
02/12/2021  12:05:23,457458;9,489460E-1;1,372488E-1;1,439539E-1;9,410651E-1;;
02/12/2021  12:05:23,457558;9,489788E-1;1,343816E-1;1,268936E-1;9,414222E-1;;
02/12/2021  12:05:23,457658;9,492888E-1;1,283286E-1;1,177316E-1;9,417750E-1;;
02/12/2021  12:05:23,457758;9,488775E-1;1,022050E-1;1,082536E-1;9,421232E-1;;
02/12/2021  12:05:23,457858;9,483023E-1;1,305587E-1;1,243661E-1;9,424664E-1;;
02/12/2021  12:05:23,457958;9,484692E-1;1,407532E-1;1,385831E-1;9,428042E-1;;
02/12/2021  12:05:23,458058;9,483917E-1;1,439390E-1;1,357397E-1;9,431360E-1;;
02/12/2021  12:05:23,458158;9,484632E-1;1,245056E-1;1,363715E-1;9,434613E-1;;
02/12/2021  12:05:23,458258;9,485407E-1;1,066652E-1;1,082536E-1;9,437797E-1;;
02/12/2021  12:05:23,458358;9,475840E-1;1,327887E-1;1,300529E-1;9,440907E-1;;
02/12/2021  12:05:23,458458;9,466840E-1;1,968233E-1;1,840773E-1;9,443939E-1;;
02/12/2021  12:05:23,458558;9,470685E-1;1,155854E-1;1,180475E-1;9,446887E-1;;
02/12/2021  12:05:23,458658;9,479655E-1;1,248242E-1;1,256299E-1;9,449743E-1;;
02/12/2021  12:05:23,458758;9,464575E-1;1,289658E-1;1,227865E-1;9,452505E-1;;
02/12/2021  12:05:23,458858;9,460790E-1;1,385232E-1;1,325804E-1;9,455166E-1;;
02/12/2021  12:05:23,458958;9,463383E-1;1,579565E-1;1,066739E-1;9,457722E-1;;
02/12/2021  12:05:23,459058;9,464992E-1;1,280100E-1;1,423743E-1;9,460168E-1;;
02/12/2021  12:05:23,459158;9,464188E-1;1,203641E-1;1,189953E-1;9,462499E-1;;
02/12/2021  12:05:23,459258;9,457690E-1;1,318330E-1;1,449017E-1;9,464713E-1;;
02/12/2021  12:05:23,459358;9,442551E-1;1,184526E-1;1,237343E-1;9,466805E-1;;
02/12/2021  12:05:23,459458;9,441656E-1;1,270543E-1;1,373193E-1;9,468771E-1;;
02/12/2021  12:05:23,459558;9,441269E-1;1,171783E-1;1,082536E-1;9,470607E-1;;
02/12/2021  12:05:23,459658;9,442014E-1;1,229127E-1;1,253139E-1;9,472306E-1;;
02/12/2021  12:05:23,459758;9,431970E-1;1,334259E-1;1,385831E-1;9,473866E-1;;
02/12/2021  12:05:23,459858;9,422851E-1;1,031608E-1;1,208909E-1;9,475282E-1;;
02/12/2021  12:05:23,459958;9,418172E-1;1,162226E-1;1,246821E-1;9,476550E-1;;
02/12/2021  12:05:23,460058;9,421301E-1;1,401161E-1;1,499566E-1;9,477666E-1;;
02/12/2021  12:05:23,460158;9,422314E-1;1,394789E-1;1,335282E-1;9,478626E-1;;
02/12/2021  12:05:23,460258;9,413224E-1;1,372488E-1;1,278414E-1;9,479428E-1;;
02/12/2021  12:05:23,460358;9,405893E-1;1,232313E-1;1,341600E-1;9,480071E-1;;
02/12/2021  12:05:23,460458;9,411347E-1;1,245056E-1;1,208909E-1;9,480551E-1;;
02/12/2021  12:05:23,460558;9,413046E-1;1,194084E-1;1,120448E-1;9,480869E-1;;
02/12/2021  12:05:23,460658;9,410184E-1;1,267357E-1;1,284732E-1;9,481025E-1;;
02/12/2021  12:05:23,460758;9,404760E-1;1,162226E-1;1,117289E-1;9,481020E-1;;
02/12/2021  12:05:23,460858;9,402674E-1;1,347002E-1;1,354238E-1;9,480857E-1;;
02/12/2021  12:05:23,460958;9,412777E-1;1,248242E-1;1,259458E-1;9,480538E-1;;
02/12/2021  12:05:23,461058;9,420735E-1;7,193994E-2;5,170177E-2;9,480067E-1;;
02/12/2021  12:05:23,461158;9,421003E-1;1,347002E-1;1,651214E-1;9,479450E-1;;
02/12/2021  12:05:23,461258;9,426427E-1;1,273729E-1;1,300529E-1;9,478695E-1;;
02/12/2021  12:05:23,461358;9,416890E-1;1,280100E-1;1,265777E-1;9,477812E-1;;
02/12/2021  12:05:23,461458;9,423238E-1;1,292843E-1;9,940750E-2;9,476807E-1;;
02/12/2021  12:05:23,461558;9,434265E-1;1,229127E-1;1,022509E-1;9,475692E-1;;
02/12/2021  12:05:23,461658;9,432984E-1;1,286472E-1;1,313166E-1;9,474475E-1;;
02/12/2021  12:05:23,461758;9,435100E-1;1,267357E-1;1,268936E-1;9,473167E-1;;
02/12/2021  12:05:23,461858;9,422106E-1;1,311958E-1;1,316326E-1;9,471781E-1;;
02/12/2021  12:05:23,461958;9,434534E-1;1,060280E-1;1,341600E-1;9,470324E-1;;
02/12/2021  12:05:23,462058;9,444309E-1;1,340630E-1;1,360556E-1;9,468807E-1;;
02/12/2021  12:05:23,462158;9,439362E-1;1,222756E-1;1,227865E-1;9,467241E-1;;
02/12/2021  12:05:23,462258;9,434981E-1;1,340630E-1;1,461654E-1;9,465637E-1;;
02/12/2021  12:05:23,462358;9,432090E-1;1,305587E-1;1,313166E-1;9,464004E-1;;
02/12/2021  12:05:23,462458;9,429139E-1;1,267357E-1;1,262617E-1;9,462351E-1;;
02/12/2021  12:05:23,462558;9,434534E-1;1,241871E-1;1,433221E-1;9,460685E-1;;
02/12/2021  12:05:23,462658;9,436262E-1;1,347002E-1;1,306848E-1;9,459012E-1;;
02/12/2021  12:05:23,462758;9,436053E-1;1,356559E-1;1,442698E-1;9,457341E-1;;
02/12/2021  12:05:23,462858;9,431255E-1;1,292843E-1;1,256299E-1;9,455679E-1;;
02/12/2021  12:05:23,462958;9,441329E-1;1,270543E-1;1,170997E-1;9,454030E-1;;
02/12/2021  12:05:23,463058;9,444100E-1;1,232313E-1;1,243661E-1;9,452403E-1;;
02/12/2021  12:05:23,463158;9,451223E-1;1,248242E-1;1,237343E-1;9,450804E-1;;
02/12/2021  12:05:23,463258;9,440315E-1;1,283286E-1;1,123607E-1;9,449240E-1;;
02/12/2021  12:05:23,463358;9,438378E-1;-8,161562E-2;1,631739E-2;9,447717E-1;;
02/12/2021  12:05:23,463458;9,449107E-1;1,232313E-1;1,249980E-1;9,446241E-1;;
02/12/2021  12:05:23,463558;9,452237E-1;1,225942E-1;1,265777E-1;9,444816E-1;;
02/12/2021  12:05:23,463658;9,454680E-1;1,356559E-1;1,366875E-1;9,443448E-1;;
02/12/2021  12:05:23,463758;9,454949E-1;1,229127E-1;1,243661E-1;9,442142E-1;;
02/12/2021  12:05:23,463858;9,457541E-1;1,028422E-1;1,110970E-1;9,440903E-1;;
02/12/2021  12:05:23,463958;9,465082E-1;1,216384E-1;1,234183E-1;9,439737E-1;;
02/12/2021  12:05:23,464058;9,467108E-1;1,401161E-1;1,303688E-1;9,438648E-1;;
02/12/2021  12:05:23,464158;9,467227E-1;1,299215E-1;1,313166E-1;9,437641E-1;;
02/12/2021  12:05:23,464258;9,470118E-1;1,203641E-1;1,123607E-1;9,436721E-1;;
02/12/2021  12:05:23,464358;9,471340E-1;1,241871E-1;1,183634E-1;9,435892E-1;;
02/12/2021  12:05:23,464458;9,481235E-1;1,410718E-1;1,366875E-1;9,435157E-1;;
02/12/2021  12:05:23,464558;9,485586E-1;1,229127E-1;1,218387E-1;9,434520E-1;;
02/12/2021  12:05:23,464658;9,490861E-1;1,041165E-1;1,107811E-1;9,433986E-1;;
02/12/2021  12:05:23,464758;9,490712E-1;9,838208E-2;1,000394E-1;9,433559E-1;;
02/12/2021  12:05:23,464858;9,499087E-1;1,123996E-1;1,170997E-1;9,433243E-1;;
02/12/2021  12:05:23,464958;9,512945E-1;1,085766E-1;1,256299E-1;9,433042E-1;;
02/12/2021  12:05:23,465058;9,519979E-1;9,901924E-2;1,054102E-1;9,432961E-1;;
02/12/2021  12:05:23,465158;9,517595E-1;9,710776E-2;9,087734E-2;9,433004E-1;;
02/12/2021  12:05:23,465258;9,515747E-1;6,270112E-2;6,244346E-2;9,433178E-1;;
02/12/2021  12:05:23,465358;9,522095E-1;4,486064E-2;5,201770E-2;9,433484E-1;;
02/12/2021  12:05:23,465458;9,533152E-1;9,838208E-2;1,069899E-1;9,433926E-1;;
02/12/2021  12:05:23,465558;9,534672E-1;1,127182E-1;1,268936E-1;9,434505E-1;;
02/12/2021  12:05:23,465658;9,535923E-1;1,002936E-1;1,095173E-1;9,435225E-1;;
02/12/2021  12:05:23,465758;9,535268E-1;1,136739E-1;1,183634E-1;9,436086E-1;;
02/12/2021  12:05:23,465858;9,541049E-1;1,037979E-1;9,466852E-2;9,437090E-1;;
02/12/2021  12:05:23,465958;9,553805E-1;5,728526E-2;6,307532E-2;9,438235E-1;;
02/12/2021  12:05:23,466058;9,551481E-1;9,647060E-2;1,019350E-1;9,439522E-1;;
02/12/2021  12:05:23,466158;9,550884E-1;9,455912E-2;1,050943E-1;9,440951E-1;;
02/12/2021  12:05:23,466258;9,545609E-1;1,044351E-1;1,107811E-1;9,442520E-1;;
02/12/2021  12:05:23,466358;9,556487E-1;9,455912E-2;1,013031E-1;9,444226E-1;;
02/12/2021  12:05:23,466458;9,568260E-1;1,034794E-1;1,092014E-1;9,446066E-1;;
02/12/2021  12:05:23,466558;9,568409E-1;1,104881E-1;1,259458E-1;9,448038E-1;;
02/12/2021  12:05:23,466658;9,568677E-1;1,092138E-1;1,167838E-1;9,450139E-1;;
02/12/2021  12:05:23,466758;9,568885E-1;1,225942E-1;1,205749E-1;9,452366E-1;;
02/12/2021  12:05:23,466858;9,578273E-1;3,243602E-2;7,286922E-2;9,454715E-1;;
02/12/2021  12:05:23,466958;9,590820E-1;1,187712E-1;1,430061E-1;9,457184E-1;;
02/12/2021  12:05:23,467058;9,591506E-1;1,417090E-1;1,344760E-1;9,459769E-1;;
02/12/2021  12:05:23,467158;9,585933E-1;1,713369E-1;1,524841E-1;9,462467E-1;;
02/12/2021  12:05:23,467258;9,580091E-1;1,394789E-1;1,164678E-1;9,465276E-1;;
02/12/2021  12:05:23,467358;9,585188E-1;1,834429E-1;1,638576E-1;9,468188E-1;;
02/12/2021  12:05:23,467458;9,583608E-1;1,697440E-1;1,562753E-1;9,471199E-1;;
02/12/2021  12:05:23,467558;9,584353E-1;1,882216E-1;1,780746E-1;9,474299E-1;;
02/12/2021  12:05:23,467658;9,582178E-1;1,550893E-1;1,521681E-1;9,477482E-1;;
02/12/2021  12:05:23,467758;9,574339E-1;1,204690E-2;2,927060E-2;9,480738E-1;;
02/12/2021  12:05:23,467858;9,572939E-1;1,487177E-1;1,534319E-1;9,484059E-1;;
02/12/2021  12:05:23,467958;9,575532E-1;1,267357E-1;1,297370E-1;9,487433E-1;;
02/12/2021  12:05:23,468058;9,565220E-1;1,353374E-1;1,265777E-1;9,490850E-1;;
02/12/2021  12:05:23,468158;9,551689E-1;1,289658E-1;1,120448E-1;9,494298E-1;;
02/12/2021  12:05:23,468258;9,540513E-1;1,159040E-1;1,123607E-1;9,497762E-1;;
02/12/2021  12:05:23,468358;9,540066E-1;9,264764E-2;9,403666E-2;9,501227E-1;;
02/12/2021  12:05:23,468458;9,541824E-1;1,139925E-1;1,297370E-1;9,504678E-1;;
02/12/2021  12:05:23,468558;9,530529E-1;1,276914E-1;1,155200E-1;9,508098E-1;;
02/12/2021  12:05:23,468658;9,517714E-1;1,321516E-1;1,265777E-1;9,511473E-1;;
02/12/2021  12:05:23,468758;9,514823E-1;1,050723E-1;1,063580E-1;9,514786E-1;;
02/12/2021  12:05:23,468858;9,518489E-1;5,792242E-2;8,771802E-2;9,518022E-1;;
02/12/2021  12:05:23,468958;9,512856E-1;1,152668E-1;1,218387E-1;9,521165E-1;;
02/12/2021  12:05:23,469058;9,509876E-1;1,178155E-1;1,297370E-1;9,524203E-1;;
02/12/2021  12:05:23,469158;9,494140E-1;1,238685E-1;1,332122E-1;9,527121E-1;;
02/12/2021  12:05:23,469258;9,488477E-1;1,162226E-1;1,543797E-1;9,529907E-1;;
02/12/2021  12:05:23,469358;9,494169E-1;1,318330E-1;1,227865E-1;9,532548E-1;;
02/12/2021  12:05:23,469458;9,493394E-1;1,210013E-1;1,224705E-1;9,535033E-1;;
02/12/2021  12:05:23,469558;9,490027E-1;1,222756E-1;1,240502E-1;9,537350E-1;;
02/12/2021  12:05:23,469658;9,475453E-1;1,098510E-1;1,433221E-1;9,539493E-1;;
02/12/2021  12:05:23,469758;9,477748E-1;1,410718E-1;1,420583E-1;9,541454E-1;;
02/12/2021  12:05:23,469858;9,481324E-1;1,203641E-1;1,104651E-1;9,543224E-1;;
02/12/2021  12:05:23,469958;9,474321E-1;1,337445E-1;1,003553E-1;9,544798E-1;;
02/12/2021  12:05:23,470058;9,463949E-1;1,047537E-1;1,180475E-1;9,546173E-1;;
02/12/2021  12:05:23,470158;9,443951E-1;1,308772E-1;1,265777E-1;9,547342E-1;;
02/12/2021  12:05:23,470258;9,438944E-1;1,276914E-1;1,243661E-1;9,548301E-1;;
02/12/2021  12:05:23,470358;9,437752E-1;1,238685E-1;1,092014E-1;9,549043E-1;;
02/12/2021  12:05:23,470458;9,427858E-1;1,162226E-1;1,129926E-1;9,549561E-1;;
02/12/2021  12:05:23,470558;9,415698E-1;1,273729E-1;1,265777E-1;9,549852E-1;;
02/12/2021  12:05:23,470658;9,401333E-1;1,356559E-1;1,351078E-1;9,549909E-1;;
02/12/2021  12:05:23,470758;9,400350E-1;8,755036E-2;1,060421E-1;9,549728E-1;;
02/12/2021  12:05:23,470858;9,398263E-1;1,181340E-1;1,221546E-1;9,549303E-1;;
02/12/2021  12:05:23,470958;9,391736E-1;8,786894E-2;7,634447E-2;9,548631E-1;;
02/12/2021  12:05:23,471058;9,380083E-1;1,366117E-1;1,316326E-1;9,547711E-1;;
02/12/2021  12:05:23,471158;9,366881E-1;1,235499E-1;1,268936E-1;9,546539E-1;;
02/12/2021  12:05:23,471258;9,366136E-1;5,155082E-2;1,306848E-1;9,545116E-1;;
02/12/2021  12:05:23,471358;9,374540E-1;1,299215E-1;1,515363E-1;9,543438E-1;;
02/12/2021  12:05:23,471458;9,367298E-1;1,203641E-1;1,158360E-1;9,541510E-1;;
02/12/2021  12:05:23,471558;9,354155E-1;1,283286E-1;1,281573E-1;9,539333E-1;;
02/12/2021  12:05:23,471658;9,341757E-1;1,152668E-1;1,234183E-1;9,536911E-1;;
02/12/2021  12:05:23,471758;9,342144E-1;1,305587E-1;1,347919E-1;9,534247E-1;;
02/12/2021  12:05:23,471858;9,343873E-1;1,343816E-1;1,370034E-1;9,531344E-1;;
02/12/2021  12:05:23,471958;9,338806E-1;1,331073E-1;1,306848E-1;9,528209E-1;;
02/12/2021  12:05:23,472058;9,326259E-1;1,257800E-1;1,341600E-1;9,524847E-1;;
02/12/2021  12:05:23,472158;9,314159E-1;1,168597E-1;1,221546E-1;9,521265E-1;;
02/12/2021  12:05:23,472258;9,313921E-1;1,222756E-1;1,164678E-1;9,517468E-1;;
02/12/2021  12:05:23,472358;9,309450E-1;1,260985E-1;1,193112E-1;9,513462E-1;;
02/12/2021  12:05:23,472458;9,302447E-1;1,296029E-1;1,278414E-1;9,509254E-1;;
02/12/2021  12:05:23,472558;9,287068E-1;6,843556E-2;8,771802E-2;9,504851E-1;;
02/12/2021  12:05:23,472658;9,270408E-1;1,315144E-1;1,272095E-1;9,500259E-1;;
02/12/2021  12:05:23,472758;9,273806E-1;1,082581E-1;1,783905E-1;9,495482E-1;;
02/12/2021  12:05:23,472858;9,264627E-1;1,340630E-1;1,376353E-1;9,490525E-1;;
02/12/2021  12:05:23,472958;9,257414E-1;1,273729E-1;1,528000E-1;9,485394E-1;;
02/12/2021  12:05:23,473058;9,234853E-1;1,184526E-1;1,227865E-1;9,480094E-1;;
02/12/2021  12:05:23,473158;9,220846E-1;1,270543E-1;1,338441E-1;9,474630E-1;;
02/12/2021  12:05:23,473258;9,221353E-1;1,289658E-1;1,316326E-1;9,469002E-1;;
02/12/2021  12:05:23,473358;9,220310E-1;1,283286E-1;1,246821E-1;9,463216E-1;;
02/12/2021  12:05:23,473458;9,218611E-1;1,324701E-1;1,404787E-1;9,457274E-1;;
02/12/2021  12:05:23,473558;9,201534E-1;1,522221E-1;1,404787E-1;9,451183E-1;;
02/12/2021  12:05:23,473658;9,196110E-1;1,442576E-1;1,445858E-1;9,444948E-1;;
02/12/2021  12:05:23,473758;9,199328E-1;1,490363E-1;1,461654E-1;9,438576E-1;;
02/12/2021  12:05:23,473858;9,200103E-1;1,171783E-1;1,237343E-1;9,432073E-1;;
02/12/2021  12:05:23,473958;9,190089E-1;1,194084E-1;1,265777E-1;9,425447E-1;;
02/12/2021  12:05:23,474058;9,183324E-1;7,799296E-2;8,487463E-2;9,418707E-1;;
02/12/2021  12:05:23,474158;9,176648E-1;1,531778E-1;1,414265E-1;9,411863E-1;;
02/12/2021  12:05:23,474258;9,178675E-1;1,270543E-1;1,278414E-1;9,404922E-1;;
02/12/2021  12:05:23,474358;9,190507E-1;1,257800E-1;1,291051E-1;9,397894E-1;;
02/12/2021  12:05:23,474458;9,183711E-1;1,372488E-1;1,243661E-1;9,390791E-1;;
02/12/2021  12:05:23,474558;9,168959E-1;1,404346E-1;1,423743E-1;9,383625E-1;;
02/12/2021  12:05:23,474658;9,179181E-1;8,914326E-2;7,729226E-2;9,376409E-1;;
02/12/2021  12:05:23,474758;9,180463E-1;1,162226E-1;1,079377E-1;9,369153E-1;;
02/12/2021  12:05:23,474858;9,189612E-1;1,270543E-1;1,376353E-1;9,361873E-1;;
02/12/2021  12:05:23,474958;9,181119E-1;1,477620E-1;1,401627E-1;9,354581E-1;;
02/12/2021  12:05:23,475058;9,170300E-1;1,311958E-1;1,363715E-1;9,347293E-1;;
02/12/2021  12:05:23,475158;9,179152E-1;4,995792E-2;8,961361E-2;9,340022E-1;;
02/12/2021  12:05:23,475258;9,188361E-1;1,210013E-1;1,218387E-1;9,332782E-1;;
02/12/2021  12:05:23,475358;9,195722E-1;1,452133E-1;1,480610E-1;9,325586E-1;;
02/12/2021  12:05:23,475458;9,194828E-1;1,375674E-1;1,322644E-1;9,318450E-1;;
02/12/2021  12:05:23,475558;9,191341E-1;1,222756E-1;1,145722E-1;9,311391E-1;;
02/12/2021  12:05:23,475658;9,205706E-1;1,299215E-1;1,196272E-1;9,304424E-1;;
02/12/2021  12:05:23,475758;9,221889E-1;1,439390E-1;1,559593E-1;9,297564E-1;;
02/12/2021  12:05:23,475858;9,224661E-1;1,636910E-1;1,439539E-1;9,290830E-1;;
02/12/2021  12:05:23,475958;9,232857E-1;1,369303E-1;1,534319E-1;9,284239E-1;;
02/12/2021  12:05:23,476058;9,225853E-1;1,123996E-1;1,388990E-1;9,277810E-1;;
02/12/2021  12:05:23,476158;9,235360E-1;1,219570E-1;1,253139E-1;9,271559E-1;;
02/12/2021  12:05:23,476258;9,251275E-1;1,490363E-1;1,461654E-1;9,265502E-1;;
02/12/2021  12:05:23,476358;9,256401E-1;1,203641E-1;1,164678E-1;9,259655E-1;;
02/12/2021  12:05:23,476458;9,250291E-1;1,225942E-1;1,284732E-1;9,254034E-1;;
02/12/2021  12:05:23,476558;9,252884E-1;1,433019E-1;1,872366E-1;9,248652E-1;;
02/12/2021  12:05:23,476658;9,262838E-1;1,525407E-1;1,723878E-1;9,243523E-1;;
02/12/2021  12:05:23,476758;9,275624E-1;1,382046E-1;1,373193E-1;9,238658E-1;;
02/12/2021  12:05:23,476858;9,269365E-1;1,219570E-1;1,202590E-1;9,234066E-1;;
02/12/2021  12:05:23,476958;9,266176E-1;1,283286E-1;1,152041E-1;9,229759E-1;;
02/12/2021  12:05:23,477058;9,260633E-1;1,289658E-1;1,174156E-1;9,225743E-1;;
02/12/2021  12:05:23,477158;9,269634E-1;1,433019E-1;1,344760E-1;9,222022E-1;;
02/12/2021  12:05:23,477258;9,279230E-1;1,340630E-1;1,306848E-1;9,218599E-1;;
02/12/2021  12:05:23,477358;9,291300E-1;1,171783E-1;1,193112E-1;9,215476E-1;;
02/12/2021  12:05:23,477458;9,284207E-1;1,210013E-1;1,300529E-1;9,212657E-1;;
02/12/2021  12:05:23,477558;9,290227E-1;1,315144E-1;1,382671E-1;9,210145E-1;;
02/12/2021  12:05:23,477658;9,303549E-1;1,359745E-1;1,351078E-1;9,207938E-1;;
02/12/2021  12:05:23,477758;9,317676E-1;9,806350E-2;1,028828E-1;9,206040E-1;;
02/12/2021  12:05:23,477858;9,323190E-1;9,838208E-2;1,114129E-1;9,204450E-1;;
02/12/2021  12:05:23,477958;9,330074E-1;1,190898E-1;1,569071E-1;9,203172E-1;;
02/12/2021  12:05:23,478058;9,334992E-1;1,311958E-1;1,262617E-1;9,202206E-1;;
02/12/2021  12:05:23,478158;9,357821E-1;1,254614E-1;9,972343E-2;9,201554E-1;;
02/12/2021  12:05:23,478258;9,362053E-1;1,018865E-1;1,126766E-1;9,201217E-1;;
02/12/2021  12:05:23,478358;9,373884E-1;-6,112162E-3;6,781430E-2;9,201196E-1;;
02/12/2021  12:05:23,478458;9,367864E-1;4,454206E-2;9,845971E-2;9,201494E-1;;
02/12/2021  12:05:23,478558;9,377550E-1;1,060280E-1;1,148882E-1;9,202110E-1;;
02/12/2021  12:05:23,478658;9,391170E-1;5,409946E-2;3,906449E-2;9,203042E-1;;
02/12/2021  12:05:23,478758;9,397220E-1;1,283286E-1;1,818658E-1;9,204288E-1;;
02/12/2021  12:05:23,478858;9,399783E-1;1,098510E-1;1,221546E-1;9,205847E-1;;
02/12/2021  12:05:23,478958;9,390008E-1;9,455912E-2;1,082536E-1;9,207713E-1;;
02/12/2021  12:05:23,479058;9,390187E-1;9,678918E-2;9,814378E-2;9,209881E-1;;
02/12/2021  12:05:23,479158;9,398710E-1;6,238254E-2;6,844617E-2;9,212342E-1;;
02/12/2021  12:05:23,479258;9,408277E-1;1,006121E-1;1,180475E-1;9,215087E-1;;
02/12/2021  12:05:23,479358;9,397399E-1;1,210013E-1;1,278414E-1;9,218104E-1;;
02/12/2021  12:05:23,479458;9,390455E-1;1,123996E-1;1,212068E-1;9,221382E-1;;
02/12/2021  12:05:23,479558;9,395045E-1;2,765732E-2;1,152041E-1;9,224907E-1;;
02/12/2021  12:05:23,479658;9,405446E-1;1,267357E-1;1,332122E-1;9,228664E-1;;
02/12/2021  12:05:23,479758;9,408367E-1;1,429833E-1;1,297370E-1;9,232639E-1;;
02/12/2021  12:05:23,479858;9,409469E-1;1,391603E-1;1,341600E-1;9,236815E-1;;
02/12/2021  12:05:23,479958;9,395104E-1;1,404346E-1;1,212068E-1;9,241180E-1;;
02/12/2021  12:05:23,480058;9,410393E-1;1,649653E-1;1,430061E-1;9,245717E-1;;
02/12/2021  12:05:23,480158;9,422583E-1;1,821686E-1;1,799702E-1;9,250409E-1;;
02/12/2021  12:05:23,480258;9,430421E-1;1,732484E-1;1,474292E-1;9,255243E-1;;
02/12/2021  12:05:23,480358;9,430600E-1;1,748413E-1;1,733356E-1;9,260206E-1;;
02/12/2021  12:05:23,480458;9,427262E-1;1,624167E-1;1,461654E-1;9,265286E-1;;
02/12/2021  12:05:23,480558;9,439183E-1;1,356559E-1;1,319485E-1;9,270471E-1;;
02/12/2021  12:05:23,480658;9,453995E-1;1,350188E-1;1,354238E-1;9,275748E-1;;
02/12/2021  12:05:23,480758;9,458316E-1;1,085766E-1;1,202590E-1;9,281109E-1;;
02/12/2021  12:05:23,480858;9,453101E-1;1,181340E-1;1,035146E-1;9,286544E-1;;
02/12/2021  12:05:23,480958;9,449048E-1;9,073616E-2;1,193112E-1;9,292044E-1;;
02/12/2021  12:05:23,481058;9,450866E-1;1,053908E-1;1,834454E-1;9,297598E-1;;
02/12/2021  12:05:23,481158;9,462310E-1;1,292843E-1;1,322644E-1;9,303195E-1;;
02/12/2021  12:05:23,481258;9,466482E-1;1,216384E-1;1,259458E-1;9,308826E-1;;
02/12/2021  12:05:23,481358;9,455038E-1;1,114439E-1;1,114129E-1;9,314481E-1;;
02/12/2021  12:05:23,481458;9,451044E-1;1,315144E-1;1,442698E-1;9,320149E-1;;
02/12/2021  12:05:23,481558;9,457422E-1;1,391603E-1;1,382671E-1;9,325820E-1;;
02/12/2021  12:05:23,481658;9,467734E-1;1,254614E-1;1,278414E-1;9,331481E-1;;
02/12/2021  12:05:23,481758;9,465320E-1;1,292843E-1;1,426902E-1;9,337123E-1;;
02/12/2021  12:05:23,481858;9,454710E-1;1,340630E-1;1,262617E-1;9,342737E-1;;
02/12/2021  12:05:23,481958;9,453786E-1;1,292843E-1;1,256299E-1;9,348311E-1;;
02/12/2021  12:05:23,482058;9,463413E-1;1,197269E-1;1,237343E-1;9,353836E-1;;
02/12/2021  12:05:23,482158;9,466989E-1;1,194084E-1;1,221546E-1;9,359302E-1;;
02/12/2021  12:05:23,482258;9,472920E-1;1,216384E-1;1,354238E-1;9,364700E-1;;
02/12/2021  12:05:23,482358;9,465618E-1;7,703722E-2;1,221546E-1;9,370022E-1;;
02/12/2021  12:05:23,482458;9,466363E-1;1,321516E-1;1,256299E-1;9,375263E-1;;
02/12/2021  12:05:23,482558;9,485020E-1;1,050723E-1;1,120448E-1;9,380415E-1;;
02/12/2021  12:05:23,482658;9,493096E-1;1,168597E-1;1,249980E-1;9,385473E-1;;
02/12/2021  12:05:23,482758;9,492828E-1;1,235499E-1;1,145722E-1;9,390436E-1;;
02/12/2021  12:05:23,482858;9,484066E-1;8,404598E-2;1,303688E-1;9,395301E-1;;
02/12/2021  12:05:23,482958;9,484454E-1;1,069837E-1;1,328963E-1;9,400067E-1;;
02/12/2021  12:05:23,483058;9,493871E-1;1,123996E-1;1,183634E-1;9,404731E-1;;
02/12/2021  12:05:23,483158;9,502246E-1;1,601866E-1;1,562753E-1;9,409290E-1;;
02/12/2021  12:05:23,483258;9,497507E-1;1,506292E-1;1,360556E-1;9,413744E-1;;
02/12/2021  12:05:23,483358;9,484722E-1;1,318330E-1;1,249980E-1;9,418092E-1;;
02/12/2021  12:05:23,483458;9,479953E-1;1,053908E-1;1,095173E-1;9,422332E-1;;
02/12/2021  12:05:23,483558;9,484871E-1;1,257800E-1;1,259458E-1;9,426460E-1;;
02/12/2021  12:05:23,483658;9,486748E-1;1,343816E-1;1,278414E-1;9,430473E-1;;
02/12/2021  12:05:23,483758;9,478016E-1;1,165411E-1;1,095173E-1;9,434367E-1;;
02/12/2021  12:05:23,483858;9,459747E-1;1,088952E-1;1,082536E-1;9,438139E-1;;
02/12/2021  12:05:23,483958;9,457959E-1;1,111253E-1;1,193112E-1;9,441782E-1;;
02/12/2021  12:05:23,484058;9,465916E-1;1,280100E-1;1,224705E-1;9,445291E-1;;
02/12/2021  12:05:23,484158;9,463055E-1;1,260985E-1;1,259458E-1;9,448659E-1;;
02/12/2021  12:05:23,484258;9,453637E-1;1,197269E-1;1,237343E-1;9,451882E-1;;
02/12/2021  12:05:23,484358;9,438438E-1;9,870066E-2;9,530039E-2;9,454953E-1;;
02/12/2021  12:05:23,484458;9,439093E-1;9,169190E-2;1,221546E-1;9,457868E-1;;
02/12/2021  12:05:23,484558;9,439570E-1;1,394789E-1;1,660692E-1;9,460619E-1;;
02/12/2021  12:05:23,484658;9,435308E-1;1,254614E-1;1,218387E-1;9,463200E-1;;
02/12/2021  12:05:23,484758;9,420914E-1;1,127182E-1;1,196272E-1;9,465606E-1;;
02/12/2021  12:05:23,484858;9,403062E-1;1,378860E-1;1,505885E-1;9,467831E-1;;
02/12/2021  12:05:23,484958;9,403211E-1;1,410718E-1;1,493248E-1;9,469868E-1;;
02/12/2021  12:05:23,485058;9,403300E-1;1,331073E-1;1,354238E-1;9,471709E-1;;
02/12/2021  12:05:23,485158;9,402942E-1;1,111253E-1;1,183634E-1;9,473347E-1;;
02/12/2021  12:05:23,485258;9,382885E-1;1,066652E-1;1,180475E-1;9,474778E-1;;
02/12/2021  12:05:23,485358;9,363871E-1;1,477620E-1;1,685966E-1;9,475995E-1;;
02/12/2021  12:05:23,485458;9,366762E-1;1,550893E-1;1,597505E-1;9,476993E-1;;
02/12/2021  12:05:23,485558;9,365629E-1;1,050723E-1;1,167838E-1;9,477764E-1;;
02/12/2021  12:05:23,485658;9,359937E-1;1,216384E-1;1,117289E-1;9,478303E-1;;
02/12/2021  12:05:23,485758;9,339402E-1;1,311958E-1;1,291051E-1;9,478607E-1;;
02/12/2021  12:05:23,485858;9,326289E-1;1,554079E-1;1,370034E-1;9,478669E-1;;
02/12/2021  12:05:23,485958;9,331445E-1;1,270543E-1;1,281573E-1;9,478486E-1;;
02/12/2021  12:05:23,486058;9,328077E-1;1,305587E-1;1,325804E-1;9,478052E-1;;
02/12/2021  12:05:23,486158;9,316037E-1;1,442576E-1;1,433221E-1;9,477367E-1;;
02/12/2021  12:05:23,486258;9,292731E-1;1,350188E-1;1,322644E-1;9,476426E-1;;
02/12/2021  12:05:23,486358;9,283015E-1;9,615202E-2;1,000394E-1;9,475228E-1;;
02/12/2021  12:05:23,486458;9,283969E-1;1,321516E-1;1,294210E-1;9,473769E-1;;
02/12/2021  12:05:23,486558;9,275952E-1;1,216384E-1;1,253139E-1;9,472046E-1;;
02/12/2021  12:05:23,486658;9,262958E-1;1,216384E-1;1,313166E-1;9,470056E-1;;
02/12/2021  12:05:23,486758;9,241559E-1;1,232313E-1;1,464814E-1;9,467801E-1;;
02/12/2021  12:05:23,486858;9,233453E-1;1,114439E-1;1,129926E-1;9,465276E-1;;
02/12/2021  12:05:23,486958;9,239294E-1;1,194084E-1;1,818658E-1;9,462480E-1;;
02/12/2021  12:05:23,487058;9,239533E-1;1,267357E-1;1,259458E-1;9,459413E-1;;
02/12/2021  12:05:23,487158;9,233602E-1;1,327887E-1;1,313166E-1;9,456077E-1;;
02/12/2021  12:05:23,487258;9,222783E-1;1,343816E-1;1,328963E-1;9,452478E-1;;
02/12/2021  12:05:23,487358;9,219505E-1;1,159040E-1;1,170997E-1;9,448620E-1;;
02/12/2021  12:05:23,487458;9,235718E-1;5,218798E-2;7,981972E-2;9,444510E-1;;
02/12/2021  12:05:23,487558;9,236165E-1;7,289568E-2;5,644075E-2;9,440157E-1;;
02/12/2021  12:05:23,487658;9,230592E-1;1,401161E-1;1,310007E-1;9,435574E-1;;
02/12/2021  12:05:23,487758;9,217031E-1;1,197269E-1;1,098333E-1;9,430773E-1;;
02/12/2021  12:05:23,487858;9,216674E-1;1,181340E-1;1,379512E-1;9,425768E-1;;
02/12/2021  12:05:23,487958;9,227105E-1;1,589123E-1;1,701763E-1;9,420570E-1;;
02/12/2021  12:05:23,488058;9,222485E-1;1,388417E-1;1,370034E-1;9,415195E-1;;
02/12/2021  12:05:23,488158;9,220637E-1;1,410718E-1;1,388990E-1;9,409657E-1;;
02/12/2021  12:05:23,488258;9,211697E-1;1,187712E-1;1,186794E-1;9,403972E-1;;
02/12/2021  12:05:23,488358;9,216346E-1;1,276914E-1;1,199431E-1;9,398156E-1;;
02/12/2021  12:05:23,488458;9,222366E-1;1,388417E-1;1,291051E-1;9,392224E-1;;
02/12/2021  12:05:23,488558;9,223379E-1;1,251428E-1;1,142563E-1;9,386193E-1;;
02/12/2021  12:05:23,488658;9,213485E-1;1,382046E-1;1,452176E-1;9,380079E-1;;
02/12/2021  12:05:23,488758;9,199865E-1;1,213198E-1;1,224705E-1;9,373900E-1;;
02/12/2021  12:05:23,488858;9,206213E-1;1,378860E-1;1,328963E-1;9,367669E-1;;
02/12/2021  12:05:23,488958;9,214677E-1;1,382046E-1;1,471132E-1;9,361400E-1;;
02/12/2021  12:05:23,489058;9,222128E-1;1,260985E-1;1,202590E-1;9,355109E-1;;
02/12/2021  12:05:23,489158;9,218223E-1;1,302401E-1;1,382671E-1;9,348811E-1;;
02/12/2021  12:05:23,489258;9,212918E-1;1,296029E-1;1,310007E-1;9,342524E-1;;
02/12/2021  12:05:23,489358;9,218968E-1;1,311958E-1;1,328963E-1;9,336262E-1;;
02/12/2021  12:05:23,489458;9,227820E-1;1,305587E-1;1,234183E-1;9,330041E-1;;
02/12/2021  12:05:23,489558;9,225972E-1;1,324701E-1;1,310007E-1;9,323876E-1;;
02/12/2021  12:05:23,489658;9,222634E-1;1,286472E-1;1,208909E-1;9,317783E-1;;
02/12/2021  12:05:23,489758;9,212740E-1;1,060280E-1;1,442698E-1;9,311775E-1;;
02/12/2021  12:05:23,489858;9,224929E-1;1,716555E-1;1,941871E-1;9,305865E-1;;
02/12/2021  12:05:23,489958;9,236761E-1;1,296029E-1;1,300529E-1;9,300065E-1;;
02/12/2021  12:05:23,490058;9,235271E-1;1,382046E-1;1,297370E-1;9,294387E-1;;
02/12/2021  12:05:23,490158;9,237983E-1;1,436204E-1;1,351078E-1;9,288846E-1;;
02/12/2021  12:05:23,490258;9,234913E-1;1,499920E-1;1,322644E-1;9,283452E-1;;
02/12/2021  12:05:23,490358;9,256371E-1;1,264171E-1;1,455336E-1;9,278218E-1;;
02/12/2021  12:05:23,490458;9,267130E-1;1,216384E-1;1,249980E-1;9,273155E-1;;
02/12/2021  12:05:23,490558;9,274342E-1;1,155854E-1;1,325804E-1;9,268278E-1;;
02/12/2021  12:05:23,490658;9,269246E-1;1,133553E-1;1,224705E-1;9,263600E-1;;
02/12/2021  12:05:23,490758;9,266087E-1;9,870066E-2;1,262617E-1;9,259133E-1;;
02/12/2021  12:05:23,490858;9,278664E-1;1,146297E-1;1,193112E-1;9,254888E-1;;
02/12/2021  12:05:23,490958;9,288111E-1;1,200455E-1;1,278414E-1;9,250873E-1;;
02/12/2021  12:05:23,491058;9,291062E-1;1,088952E-1;1,202590E-1;9,247099E-1;;
02/12/2021  12:05:23,491158;9,277919E-1;9,232906E-2;8,266311E-2;9,243574E-1;;
02/12/2021  12:05:23,491258;9,276756E-1;2,447152E-2;7,602853E-2;9,240303E-1;;
02/12/2021  12:05:23,491358;9,289661E-1;9,774492E-2;1,057261E-1;9,237289E-1;;
02/12/2021  12:05:23,491458;9,301404E-1;9,551486E-2;1,139404E-1;9,234536E-1;;
02/12/2021  12:05:23,491558;9,306708E-1;1,098510E-1;1,145722E-1;9,232047E-1;;
02/12/2021  12:05:23,491658;9,303430E-1;1,069837E-1;7,255328E-2;9,229824E-1;;
02/12/2021  12:05:23,491758;9,316037E-1;5,824100E-2;6,086380E-2;9,227871E-1;;
02/12/2021  12:05:23,491858;9,337674E-1;4,454206E-2;8,645429E-2;9,226190E-1;;
02/12/2021  12:05:23,491958;9,357612E-1;9,774492E-2;1,104651E-1;9,224785E-1;;
02/12/2021  12:05:23,492058;9,366851E-1;9,774492E-2;1,117289E-1;9,223661E-1;;
02/12/2021  12:05:23,492158;9,372007E-1;9,041758E-2;1,101492E-1;9,222826E-1;;
02/12/2021  12:05:23,492258;9,395939E-1;1,037979E-1;1,170997E-1;9,222286E-1;;
02/12/2021  12:05:23,492358;9,421092E-1;1,308772E-1;1,158360E-1;9,222048E-1;;
02/12/2021  12:05:23,492458;9,436560E-1;1,257800E-1;1,224705E-1;9,222122E-1;;
02/12/2021  12:05:23,492558;9,439570E-1;1,289658E-1;1,414265E-1;9,222518E-1;;
02/12/2021  12:05:23,492658;9,441567E-1;1,260985E-1;1,455336E-1;9,223244E-1;;
02/12/2021  12:05:23,492758;9,450806E-1;1,522221E-1;1,477451E-1;9,224308E-1;;
02/12/2021  12:05:23,492858;9,472115E-1;1,617795E-1;1,407946E-1;9,225715E-1;;
02/12/2021  12:05:23,492958;9,483858E-1;1,560451E-1;1,306848E-1;9,227467E-1;;
02/12/2021  12:05:23,493058;9,492292E-1;1,426647E-1;1,461654E-1;9,229570E-1;;
02/12/2021  12:05:23,493158;9,490265E-1;1,697440E-1;1,439539E-1;9,232027E-1;;
02/12/2021  12:05:23,493258;9,501739E-1;1,901331E-1;1,572231E-1;9,234839E-1;;
02/12/2021  12:05:23,493358;9,521916E-1;1,837615E-1;1,967146E-1;9,238004E-1;;
02/12/2021  12:05:23,493458;9,530410E-1;1,496735E-1;1,439539E-1;9,241522E-1;;
02/12/2021  12:05:23,493558;9,539202E-1;1,315144E-1;1,310007E-1;9,245392E-1;;
02/12/2021  12:05:23,493658;9,533241E-1;1,413904E-1;1,455336E-1;9,249610E-1;;
02/12/2021  12:05:23,493758;9,558097E-1;7,576290E-2;8,171531E-2;9,254172E-1;;
02/12/2021  12:05:23,493858;9,572998E-1;1,222756E-1;1,278414E-1;9,259072E-1;;
02/12/2021  12:05:23,493958;9,585456E-1;1,331073E-1;1,306848E-1;9,264307E-1;;
02/12/2021  12:05:23,494058;9,583191E-1;1,458505E-1;1,417424E-1;9,269870E-1;;
02/12/2021  12:05:23,494158;9,577022E-1;1,401161E-1;1,414265E-1;9,275756E-1;;
02/12/2021  12:05:23,494258;9,593592E-1;1,404346E-1;1,284732E-1;9,281955E-1;;
02/12/2021  12:05:23,494358;9,593711E-1;1,232313E-1;1,268936E-1;9,288456E-1;;
02/12/2021  12:05:23,494458;9,597407E-1;1,315144E-1;1,518522E-1;9,295245E-1;;
02/12/2021  12:05:23,494558;9,586171E-1;1,388417E-1;1,404787E-1;9,302310E-1;;
02/12/2021  12:05:23,494658;9,583400E-1;1,165411E-1;1,281573E-1;9,309634E-1;;
02/12/2021  12:05:23,494758;9,588973E-1;1,245056E-1;1,256299E-1;9,317196E-1;;
02/12/2021  12:05:23,494858;9,592251E-1;1,337445E-1;1,347919E-1;9,324977E-1;;
02/12/2021  12:05:23,494958;9,597258E-1;1,519035E-1;1,537478E-1;9,332956E-1;;
02/12/2021  12:05:23,495058;9,585575E-1;1,452133E-1;1,464814E-1;9,341112E-1;;
02/12/2021  12:05:23,495158;9,589181E-1;1,292843E-1;1,344760E-1;9,349422E-1;;
02/12/2021  12:05:23,495258;9,600834E-1;1,079395E-1;1,186794E-1;9,357864E-1;;
02/12/2021  12:05:23,495358;9,606080E-1;1,382046E-1;1,354238E-1;9,366416E-1;;
02/12/2021  12:05:23,495458;9,606378E-1;1,359745E-1;1,218387E-1;9,375058E-1;;
02/12/2021  12:05:23,495558;9,599612E-1;2,160430E-2;7,444887E-2;9,383768E-1;;
02/12/2021  12:05:23,495658;9,606378E-1;1,305587E-1;1,354238E-1;9,392528E-1;;
02/12/2021  12:05:23,495758;9,615110E-1;6,429402E-2;8,929768E-2;9,401316E-1;;
02/12/2021  12:05:23,495858;9,612726E-1;1,455319E-1;1,509044E-1;9,410114E-1;;
02/12/2021  12:05:23,495958;9,614842E-1;1,251428E-1;1,319485E-1;9,418904E-1;;
02/12/2021  12:05:23,496058;9,605662E-1;4,963934E-2;8,424277E-2;9,427667E-1;;
02/12/2021  12:05:23,496158;9,606080E-1;1,362931E-1;1,310007E-1;9,436386E-1;;
02/12/2021  12:05:23,496258;9,613709E-1;4,358632E-2;9,877564E-2;9,445041E-1;;
02/12/2021  12:05:23,496358;9,607629E-1;1,401161E-1;1,347919E-1;9,453616E-1;;
02/12/2021  12:05:23,496458;9,604321E-1;1,305587E-1;1,325804E-1;9,462093E-1;;
02/12/2021  12:05:23,496558;9,595529E-1;1,356559E-1;1,379512E-1;9,470456E-1;;
02/12/2021  12:05:23,496658;9,591595E-1;9,933782E-2;9,782784E-2;9,478687E-1;;
02/12/2021  12:05:23,496758;9,607808E-1;1,347002E-1;1,357397E-1;9,486769E-1;;
02/12/2021  12:05:23,496858;9,601818E-1;1,190898E-1;1,224705E-1;9,494688E-1;;
02/12/2021  12:05:23,496958;9,594576E-1;1,200455E-1;1,202590E-1;9,502429E-1;;
02/12/2021  12:05:23,497058;9,581105E-1;8,468314E-2;1,044624E-1;9,509979E-1;;
02/12/2021  12:05:23,497158;9,587453E-1;1,397975E-1;1,218387E-1;9,517324E-1;;
02/12/2021  12:05:23,497258;9,591983E-1;1,493549E-1;1,404787E-1;9,524451E-1;;
02/12/2021  12:05:23,497358;9,588168E-1;1,136739E-1;1,180475E-1;9,531348E-1;;
02/12/2021  12:05:23,497458;9,573803E-1;1,159040E-1;1,344760E-1;9,538006E-1;;
02/12/2021  12:05:23,497558;9,560392E-1;1,302401E-1;1,234183E-1;9,544413E-1;;
02/12/2021  12:05:23,497658;9,559050E-1;1,385232E-1;1,670170E-1;9,550559E-1;;
02/12/2021  12:05:23,497758;9,567455E-1;1,423461E-1;1,701763E-1;9,556431E-1;;
02/12/2021  12:05:23,497858;9,557262E-1;1,143111E-1;1,215227E-1;9,562021E-1;;
02/12/2021  12:05:23,497958;9,547487E-1;8,309024E-2;8,361090E-2;9,567321E-1;;
02/12/2021  12:05:23,498058;9,534672E-1;1,417090E-1;1,404787E-1;9,572323E-1;;
02/12/2021  12:05:23,498158;9,540513E-1;1,589123E-1;1,619620E-1;9,577018E-1;;
02/12/2021  12:05:23,498258;9,538248E-1;1,108067E-1;1,237343E-1;9,581400E-1;;
02/12/2021  12:05:23,498358;9,528234E-1;1,241871E-1;1,284732E-1;9,585463E-1;;
02/12/2021  12:05:23,498458;9,521171E-1;1,407532E-1;1,382671E-1;9,589203E-1;;
02/12/2021  12:05:23,498558;9,509369E-1;1,311958E-1;1,256299E-1;9,592616E-1;;
02/12/2021  12:05:23,498658;9,506061E-1;1,624167E-1;1,543797E-1;9,595698E-1;;
02/12/2021  12:05:23,498758;9,498103E-1;1,143111E-1;1,170997E-1;9,598444E-1;;
02/12/2021  12:05:23,498858;9,494289E-1;1,315144E-1;1,388990E-1;9,600853E-1;;
02/12/2021  12:05:23,498958;9,475572E-1;1,225942E-1;1,129926E-1;9,602920E-1;;
02/12/2021  12:05:23,499058;9,462012E-1;1,356559E-1;1,499566E-1;9,604645E-1;;
02/12/2021  12:05:23,499158;9,461505E-1;1,101695E-1;1,259458E-1;9,606023E-1;;
02/12/2021  12:05:23,499258;9,457333E-1;1,235499E-1;1,265777E-1;9,607052E-1;;
02/12/2021  12:05:23,499358;9,443862E-1;1,369303E-1;1,379512E-1;9,607731E-1;;
02/12/2021  12:05:23,499458;9,427113E-1;1,146297E-1;1,205749E-1;9,608060E-1;;
02/12/2021  12:05:23,499558;9,417099E-1;1,104881E-1;1,341600E-1;9,608036E-1;;
02/12/2021  12:05:23,499658;9,420258E-1;1,413904E-1;1,739675E-1;9,607660E-1;;
02/12/2021  12:05:23,499758;9,417874E-1;1,315144E-1;1,360556E-1;9,606932E-1;;
02/12/2021  12:05:23,499858;9,412271E-1;7,831154E-2;8,613836E-2;9,605854E-1;;
02/12/2021  12:05:23,499958;9,400797E-1;1,270543E-1;1,300529E-1;9,604431E-1;;
02/12/2021  12:05:23,500058;9,404403E-1;7,767438E-2;1,142563E-1;9,602669E-1;;
02/12/2021  12:05:23,500158;9,404582E-1;3,753330E-2;8,898175E-2;9,600573E-1;;
02/12/2021  12:05:23,500258;9,404075E-1;1,251428E-1;1,284732E-1;9,598154E-1;;
02/12/2021  12:05:23,500358;9,398591E-1;1,296029E-1;1,297370E-1;9,595420E-1;;
02/12/2021  12:05:23,500458;9,386819E-1;1,022050E-1;1,025668E-1;9,592384E-1;;
02/12/2021  12:05:23,500558;9,375613E-1;1,098510E-1;9,182514E-2;9,589058E-1;;
02/12/2021  12:05:23,500658;9,374212E-1;4,677212E-2;9,719598E-2;9,585450E-1;;
02/12/2021  12:05:23,500758;9,357135E-1;1,331073E-1;1,313166E-1;9,581572E-1;;
02/12/2021  12:05:23,500858;9,346495E-1;1,225942E-1;1,126766E-1;9,577434E-1;;
02/12/2021  12:05:23,500958;9,324709E-1;1,292843E-1;1,325804E-1;9,573043E-1;;
02/12/2021  12:05:23,501058;9,313414E-1;1,229127E-1;1,246821E-1;9,568406E-1;;
02/12/2021  12:05:23,501158;9,312907E-1;1,203641E-1;1,050943E-1;9,563529E-1;;
02/12/2021  12:05:23,501258;9,300062E-1;1,123996E-1;8,803395E-2;9,558417E-1;;
02/12/2021  12:05:23,501358;9,289453E-1;1,184526E-1;1,253139E-1;9,553075E-1;;
02/12/2021  12:05:23,501458;9,264120E-1;1,350188E-1;1,363715E-1;9,547511E-1;;
02/12/2021  12:05:23,501558;9,267547E-1;1,362931E-1;1,259458E-1;9,541727E-1;;
02/12/2021  12:05:23,501658;9,269037E-1;1,375674E-1;1,262617E-1;9,535729E-1;;
02/12/2021  12:05:23,501758;9,268918E-1;1,241871E-1;1,177316E-1;9,529522E-1;;
02/12/2021  12:05:23,501858;9,258606E-1;1,448948E-1;1,546956E-1;9,523117E-1;;
02/12/2021  12:05:23,501958;9,253451E-1;1,165411E-1;1,098333E-1;9,516522E-1;;
02/12/2021  12:05:23,502058;9,262600E-1;1,359745E-1;1,278414E-1;9,509748E-1;;
02/12/2021  12:05:23,502158;9,264418E-1;1,541336E-1;1,853410E-1;9,502807E-1;;
02/12/2021  12:05:23,502258;9,260514E-1;1,267357E-1;1,287892E-1;9,495714E-1;;
02/12/2021  12:05:23,502358;9,254821E-1;1,347002E-1;1,189953E-1;9,488483E-1;;
02/12/2021  12:05:23,502458;9,247579E-1;1,337445E-1;1,303688E-1;9,481130E-1;;
02/12/2021  12:05:23,502558;9,254225E-1;7,289568E-2;8,297904E-2;9,473669E-1;;
02/12/2021  12:05:23,502658;9,258904E-1;1,229127E-1;1,328963E-1;9,466116E-1;;
02/12/2021  12:05:23,502758;9,253421E-1;1,241871E-1;1,129926E-1;9,458488E-1;;
02/12/2021  12:05:23,502858;9,241649E-1;1,401161E-1;1,325804E-1;9,450803E-1;;
02/12/2021  12:05:23,502958;9,235032E-1;1,149482E-1;1,152041E-1;9,443074E-1;;
02/12/2021  12:05:23,503058;9,238907E-1;1,143111E-1;1,035146E-1;9,435317E-1;;
02/12/2021  12:05:23,503158;9,242602E-1;1,267357E-1;1,253139E-1;9,427546E-1;;
02/12/2021  12:05:23,503258;9,235241E-1;1,413904E-1;1,490088E-1;9,419775E-1;;
02/12/2021  12:05:23,503358;9,222217E-1;1,305587E-1;1,237343E-1;9,412018E-1;;
02/12/2021  12:05:23,503458;9,216316E-1;1,347002E-1;1,316326E-1;9,404288E-1;;
02/12/2021  12:05:23,503558;9,222664E-1;1,012493E-1;1,155200E-1;9,396595E-1;;
02/12/2021  12:05:23,503658;9,223737E-1;1,076209E-1;1,212068E-1;9,388951E-1;;
02/12/2021  12:05:23,503758;9,221561E-1;1,028422E-1;1,196272E-1;9,381365E-1;;
02/12/2021  12:05:23,503858;9,211041E-1;1,018865E-1;1,082536E-1;9,373850E-1;;
02/12/2021  12:05:23,503958;9,218253E-1;5,346230E-2;1,050943E-1;9,366415E-1;;
02/12/2021  12:05:23,504058;9,227462E-1;1,095324E-1;1,224705E-1;9,359070E-1;;
02/12/2021  12:05:23,504158;9,231098E-1;1,203641E-1;1,215227E-1;9,351827E-1;;
02/12/2021  12:05:23,504258;9,231784E-1;1,037979E-1;8,992954E-2;9,344698E-1;;
02/12/2021  12:05:23,504358;9,227283E-1;9,296622E-2;1,164678E-1;9,337694E-1;;
02/12/2021  12:05:23,504458;9,231396E-1;3,498466E-2;8,613836E-2;9,330827E-1;;
02/12/2021  12:05:23,504558;9,238013E-1;1,395838E-2;8,171531E-2;9,324107E-1;;
02/12/2021  12:05:23,504658;9,236195E-1;9,169190E-2;9,024547E-2;9,317546E-1;;
02/12/2021  12:05:23,504758;9,239175E-1;8,818752E-2;9,308886E-2;9,311153E-1;;
02/12/2021  12:05:23,504858;9,228178E-1;9,742634E-2;1,142563E-1;9,304938E-1;;
02/12/2021  12:05:23,504958;9,231933E-1;9,870066E-2;1,120448E-1;9,298908E-1;;
02/12/2021  12:05:23,505058;9,244331E-1;1,009307E-1;1,224705E-1;9,293071E-1;;
02/12/2021  12:05:23,505158;9,245910E-1;7,767438E-2;9,245700E-2;9,287433E-1;;
02/12/2021  12:05:23,505258;9,243765E-1;7,353284E-2;8,866581E-2;9,282002E-1;;
02/12/2021  12:05:23,505358;9,235300E-1;7,894870E-2;1,133085E-1;9,276784E-1;;
02/12/2021  12:05:23,505458;9,237953E-1;1,057094E-1;1,085695E-1;9,271784E-1;;
02/12/2021  12:05:23,505558;9,248980E-1;1,092138E-1;1,050943E-1;9,267004E-1;;
02/12/2021  12:05:23,505658;9,254047E-1;1,257800E-1;1,325804E-1;9,262448E-1;;
02/12/2021  12:05:23,505758;9,252944E-1;1,334259E-1;1,398468E-1;9,258120E-1;;
02/12/2021  12:05:23,505858;9,249338E-1;1,894960E-1;1,638576E-1;9,254024E-1;;
02/12/2021  12:05:23,505958;9,260812E-1;1,429833E-1;1,126766E-1;9,250161E-1;;
02/12/2021  12:05:23,506058;9,271332E-1;1,585937E-1;1,388990E-1;9,246534E-1;;
02/12/2021  12:05:23,506158;9,271124E-1;1,601866E-1;1,322644E-1;9,243146E-1;;
02/12/2021  12:05:23,506258;9,279200E-1;1,939561E-1;1,885003E-1;9,239999E-1;;
02/12/2021  12:05:23,506358;9,278157E-1;1,898145E-1;1,657532E-1;9,237096E-1;;
02/12/2021  12:05:23,506458;9,293536E-1;1,592309E-1;1,439539E-1;9,234441E-1;;
02/12/2021  12:05:23,506558;9,305755E-1;1,783457E-1;1,777586E-1;9,232034E-1;;
02/12/2021  12:05:23,506658;9,306947E-1;1,436204E-1;1,351078E-1;9,229880E-1;;
02/12/2021  12:05:23,506758;9,315769E-1;1,531778E-1;1,594346E-1;9,227982E-1;;
02/12/2021  12:05:23,506858;9,318153E-1;1,225942E-1;1,164678E-1;9,226344E-1;;
02/12/2021  12:05:23,506958;9,332220E-1;9,232906E-2;1,259458E-1;9,224968E-1;;
02/12/2021  12:05:23,507058;9,345065E-1;1,311958E-1;1,351078E-1;9,223856E-1;;
02/12/2021  12:05:23,507158;9,343873E-1;1,283286E-1;1,284732E-1;9,223012E-1;;
02/12/2021  12:05:23,507258;9,347449E-1;1,292843E-1;1,177316E-1;9,222439E-1;;
02/12/2021  12:05:23,507358;9,352635E-1;1,439390E-1;1,714400E-1;9,222138E-1;;
02/12/2021  12:05:23,507458;9,365361E-1;1,270543E-1;1,442698E-1;9,222108E-1;;
02/12/2021  12:05:23,507558;9,368907E-1;1,235499E-1;1,268936E-1;9,222350E-1;;
02/12/2021  12:05:23,507658;9,372066E-1;1,334259E-1;1,284732E-1;9,222864E-1;;
02/12/2021  12:05:23,507758;9,367715E-1;1,289658E-1;1,199431E-1;9,223648E-1;;
02/12/2021  12:05:23,507858;9,373497E-1;1,197269E-1;1,060421E-1;9,224698E-1;;
02/12/2021  12:05:23,507958;9,381186E-1;1,245056E-1;1,420583E-1;9,226009E-1;;
02/12/2021  12:05:23,508058;9,381037E-1;1,382046E-1;1,344760E-1;9,227577E-1;;
02/12/2021  12:05:23,508158;9,378713E-1;1,232313E-1;1,335282E-1;9,229395E-1;;
02/12/2021  12:05:23,508258;9,374123E-1;1,114439E-1;1,145722E-1;9,231455E-1;;
02/12/2021  12:05:23,508358;9,376090E-1;9,179678E-3;6,244346E-2;9,233748E-1;;
02/12/2021  12:05:23,508458;9,385508E-1;1,471248E-1;1,221546E-1;9,236262E-1;;
02/12/2021  12:05:23,508558;9,389442E-1;1,206827E-1;1,237343E-1;9,238987E-1;;
02/12/2021  12:05:23,508658;9,394359E-1;1,321516E-1;1,357397E-1;9,241913E-1;;
02/12/2021  12:05:23,508758;9,392183E-1;1,292843E-1;1,351078E-1;9,245029E-1;;
02/12/2021  12:05:23,508858;9,395104E-1;1,311958E-1;1,376353E-1;9,248325E-1;;
02/12/2021  12:05:23,508958;9,409886E-1;1,423461E-1;1,499566E-1;9,251789E-1;;
02/12/2021  12:05:23,509058;9,413135E-1;1,171783E-1;1,205749E-1;9,255412E-1;;
02/12/2021  12:05:23,509158;9,411526E-1;1,356559E-1;1,202590E-1;9,259184E-1;;
02/12/2021  12:05:23,509258;9,411526E-1;1,159040E-1;1,297370E-1;9,263096E-1;;
02/12/2021  12:05:23,509358;9,419811E-1;1,273729E-1;1,357397E-1;9,267138E-1;;
02/12/2021  12:05:23,509458;9,428007E-1;1,146297E-1;1,047783E-1;9,271299E-1;;
02/12/2021  12:05:23,509558;9,425622E-1;1,254614E-1;1,246821E-1;9,275571E-1;;
02/12/2021  12:05:23,509658;9,423953E-1;1,130368E-1;1,104651E-1;9,279943E-1;;
02/12/2021  12:05:23,509758;9,423626E-1;1,331073E-1;1,430061E-1;9,284407E-1;;
02/12/2021  12:05:23,509858;9,426308E-1;1,366117E-1;1,360556E-1;9,288952E-1;;
02/12/2021  12:05:23,509958;9,433848E-1;1,076209E-1;7,981972E-2;9,293565E-1;;
02/12/2021  12:05:23,510058;9,435487E-1;1,315144E-1;1,499566E-1;9,298239E-1;;
02/12/2021  12:05:23,510158;9,433341E-1;1,210013E-1;1,306848E-1;9,302962E-1;;
02/12/2021  12:05:23,510258;9,430719E-1;1,369303E-1;1,395309E-1;9,307725E-1;;
02/12/2021  12:05:23,510358;9,441865E-1;1,225942E-1;1,259458E-1;9,312518E-1;;
02/12/2021  12:05:23,510458;9,443981E-1;1,073023E-1;1,145722E-1;9,317332E-1;;
02/12/2021  12:05:23,510558;9,442104E-1;1,302401E-1;1,310007E-1;9,322157E-1;;
02/12/2021  12:05:23,510658;9,443862E-1;1,276914E-1;1,278414E-1;9,326985E-1;;
02/12/2021  12:05:23,510758;9,438944E-1;1,190898E-1;1,227865E-1;9,331808E-1;;
02/12/2021  12:05:23,510858;9,449793E-1;1,159040E-1;1,227865E-1;9,336617E-1;;
02/12/2021  12:05:23,510958;9,456379E-1;1,722926E-1;2,033491E-1;9,341403E-1;;
02/12/2021  12:05:23,511058;9,456588E-1;1,292843E-1;1,272095E-1;9,346161E-1;;
02/12/2021  12:05:23,511158;9,454293E-1;1,366117E-1;1,430061E-1;9,350884E-1;;
02/12/2021  12:05:23,511258;9,441001E-1;1,305587E-1;1,354238E-1;9,355566E-1;;
02/12/2021  12:05:23,511358;9,451849E-1;1,111253E-1;1,158360E-1;9,360200E-1;;
02/12/2021  12:05:23,511458;9,449584E-1;1,334259E-1;1,420583E-1;9,364777E-1;;
02/12/2021  12:05:23,511558;9,449435E-1;1,417090E-1;1,379512E-1;9,369291E-1;;
02/12/2021  12:05:23,511658;9,441597E-1;1,350188E-1;1,376353E-1;9,373735E-1;;
02/12/2021  12:05:23,511758;9,437633E-1;1,174969E-1;1,268936E-1;9,378101E-1;;
02/12/2021  12:05:23,511858;9,443713E-1;1,280100E-1;1,253139E-1;9,382381E-1;;
02/12/2021  12:05:23,511958;9,444667E-1;1,385232E-1;1,388990E-1;9,386568E-1;;
02/12/2021  12:05:23,512058;9,442163E-1;1,152668E-1;1,208909E-1;9,390655E-1;;
02/12/2021  12:05:23,512158;9,431464E-1;1,299215E-1;1,272095E-1;9,394637E-1;;
02/12/2021  12:05:23,512258;9,430272E-1;1,394789E-1;1,265777E-1;9,398507E-1;;
02/12/2021  12:05:23,512358;9,434265E-1;1,280100E-1;1,379512E-1;9,402257E-1;;
02/12/2021  12:05:23,512458;9,432328E-1;1,270543E-1;1,325804E-1;9,405881E-1;;
02/12/2021  12:05:23,512558;9,432298E-1;1,299215E-1;1,354238E-1;9,409374E-1;;
02/12/2021  12:05:23,512658;9,427172E-1;1,378860E-1;1,376353E-1;9,412732E-1;;
02/12/2021  12:05:23,512758;9,434414E-1;1,289658E-1;1,455336E-1;9,415949E-1;;
02/12/2021  12:05:23,512858;9,438348E-1;1,327887E-1;1,407946E-1;9,419023E-1;;
02/12/2021  12:05:23,512958;9,441954E-1;1,311958E-1;1,310007E-1;9,421952E-1;;
02/12/2021  12:05:23,513058;9,437842E-1;1,251428E-1;1,265777E-1;9,424736E-1;;
02/12/2021  12:05:23,513158;9,430927E-1;1,410718E-1;1,641736E-1;9,427375E-1;;
02/12/2021  12:05:23,513258;9,432537E-1;1,509478E-1;1,401627E-1;9,429868E-1;;
02/12/2021  12:05:23,513358;9,449644E-1;1,480806E-1;1,417424E-1;9,432216E-1;;
02/12/2021  12:05:23,513458;9,445322E-1;1,165411E-1;1,218387E-1;9,434420E-1;;
02/12/2021  12:05:23,513558;9,436560E-1;-1,789962E-2;6,844617E-2;9,436484E-1;;
02/12/2021  12:05:23,513658;9,438795E-1;1,385232E-1;1,449017E-1;9,438411E-1;;
02/12/2021  12:05:23,513758;9,438170E-1;1,289658E-1;1,227865E-1;9,440202E-1;;
02/12/2021  12:05:23,513858;9,453131E-1;1,280100E-1;1,291051E-1;9,441861E-1;;
02/12/2021  12:05:23,513958;9,452654E-1;1,356559E-1;1,357397E-1;9,443392E-1;;
02/12/2021  12:05:23,514058;9,448571E-1;1,356559E-1;1,392149E-1;9,444800E-1;;
02/12/2021  12:05:23,514158;9,436590E-1;1,404346E-1;1,319485E-1;9,446091E-1;;
02/12/2021  12:05:23,514258;9,444279E-1;1,267357E-1;1,079377E-1;9,447268E-1;;
02/12/2021  12:05:23,514358;9,447826E-1;9,201048E-2;6,781430E-2;9,448336E-1;;
02/12/2021  12:05:23,514458;9,450389E-1;1,213198E-1;1,278414E-1;9,449299E-1;;
02/12/2021  12:05:23,514558;9,451491E-1;1,327887E-1;1,351078E-1;9,450162E-1;;
02/12/2021  12:05:23,514658;9,452177E-1;1,047537E-1;1,028828E-1;9,450931E-1;;
02/12/2021  12:05:23,514758;9,461684E-1;1,286472E-1;1,025668E-1;9,451611E-1;;
02/12/2021  12:05:23,514858;9,471608E-1;1,229127E-1;1,164678E-1;9,452210E-1;;
02/12/2021  12:05:23,514958;9,475602E-1;1,369303E-1;1,259458E-1;9,452736E-1;;
02/12/2021  12:05:23,515058;9,469463E-1;1,617795E-1;1,938712E-1;9,453199E-1;;
02/12/2021  12:05:23,515158;9,464098E-1;1,168597E-1;1,237343E-1;9,453606E-1;;
02/12/2021  12:05:23,515258;9,477182E-1;1,159040E-1;1,101492E-1;9,453964E-1;;
02/12/2021  12:05:23,515358;9,477986E-1;1,894960E-1;2,112474E-1;9,454282E-1;;
02/12/2021  12:05:23,515458;9,482040E-1;1,525407E-1;1,370034E-1;9,454567E-1;;
02/12/2021  12:05:23,515558;9,480311E-1;1,445762E-1;1,603824E-1;9,454826E-1;;
02/12/2021  12:05:23,515658;9,480847E-1;1,200455E-1;1,196272E-1;9,455066E-1;;
02/12/2021  12:05:23,515758;9,493842E-1;8,086018E-2;1,013031E-1;9,455295E-1;;
02/12/2021  12:05:23,515858;9,499832E-1;1,458505E-1;1,537478E-1;9,455519E-1;;
02/12/2021  12:05:23,515958;9,502037E-1;1,359745E-1;1,351078E-1;9,455748E-1;;
02/12/2021  12:05:23,516058;9,494140E-1;1,168597E-1;1,038306E-1;9,455988E-1;;
02/12/2021  12:05:23,516158;9,495361E-1;5,155082E-2;8,898175E-2;9,456247E-1;;
02/12/2021  12:05:23,516258;9,507461E-1;1,385232E-1;1,373193E-1;9,456530E-1;;
02/12/2021  12:05:23,516358;9,509428E-1;1,439390E-1;1,436380E-1;9,456842E-1;;
02/12/2021  12:05:23,516458;9,517893E-1;1,353374E-1;1,360556E-1;9,457190E-1;;
02/12/2021  12:05:23,516558;9,516760E-1;1,245056E-1;1,224705E-1;9,457581E-1;;
02/12/2021  12:05:23,516658;9,518191E-1;1,190898E-1;1,430061E-1;9,458019E-1;;
02/12/2021  12:05:23,516758;9,526237E-1;1,302401E-1;1,471132E-1;9,458510E-1;;
02/12/2021  12:05:23,516858;9,532198E-1;1,181340E-1;1,224705E-1;9,459060E-1;;
02/12/2021  12:05:23,516958;9,528771E-1;9,838208E-2;1,155200E-1;9,459673E-1;;
02/12/2021  12:05:23,517058;9,529277E-1;1,031608E-1;1,101492E-1;9,460354E-1;;
02/12/2021  12:05:23,517158;9,536072E-1;1,136739E-1;1,265777E-1;9,461107E-1;;
02/12/2021  12:05:23,517258;9,544268E-1;1,159040E-1;1,117289E-1;9,461933E-1;;
02/12/2021  12:05:23,517358;9,545490E-1;1,073023E-1;1,199431E-1;9,462837E-1;;
02/12/2021  12:05:23,517458;9,546593E-1;9,232906E-2;1,202590E-1;9,463821E-1;;
02/12/2021  12:05:23,517558;9,545460E-1;1,149482E-1;1,196272E-1;9,464889E-1;;
02/12/2021  12:05:23,517658;9,557024E-1;8,309024E-2;1,047783E-1;9,466041E-1;;
02/12/2021  12:05:23,517758;9,563312E-1;1,130368E-1;1,319485E-1;9,467279E-1;;
02/12/2021  12:05:23,517858;9,567157E-1;8,372740E-2;1,066739E-1;9,468606E-1;;
02/12/2021  12:05:23,517958;9,568617E-1;9,328480E-2;9,245700E-2;9,470024E-1;;
02/12/2021  12:05:23,518058;9,565399E-1;1,194084E-1;1,373193E-1;9,471534E-1;;
02/12/2021  12:05:23,518158;9,571389E-1;1,108067E-1;1,186794E-1;9,473137E-1;;
02/12/2021  12:05:23,518258;9,577886E-1;7,926728E-2;9,308886E-2;9,474832E-1;;
02/12/2021  12:05:23,518358;9,581403E-1;8,627604E-2;1,082536E-1;9,476620E-1;;
02/12/2021  12:05:23,518458;9,579406E-1;1,280100E-1;1,303688E-1;9,478500E-1;;
02/12/2021  12:05:23,518558;9,576426E-1;1,286472E-1;1,420583E-1;9,480472E-1;;
02/12/2021  12:05:23,518658;9,589211E-1;1,264171E-1;1,363715E-1;9,482532E-1;;
02/12/2021  12:05:23,518758;9,599136E-1;8,563888E-2;7,855599E-2;9,484680E-1;;
02/12/2021  12:05:23,518858;9,599732E-1;1,340630E-1;1,186794E-1;9,486915E-1;;
02/12/2021  12:05:23,518958;9,595440E-1;1,668768E-1;1,493248E-1;9,489235E-1;;
02/12/2021  12:05:23,519058;9,596155E-1;1,439390E-1;1,278414E-1;9,491639E-1;;
02/12/2021  12:05:23,519158;9,608076E-1;1,337445E-1;1,379512E-1;9,494125E-1;;
02/12/2021  12:05:23,519258;9,623753E-1;1,439390E-1;1,480610E-1;9,496690E-1;;
02/12/2021  12:05:23,519358;9,619789E-1;1,732484E-1;1,588027E-1;9,499333E-1;;
02/12/2021  12:05:23,519458;9,619938E-1;1,636910E-1;1,537478E-1;9,502054E-1;;
02/12/2021  12:05:23,519558;9,615646E-1;1,576380E-1;1,471132E-1;9,504851E-1;;
02/12/2021  12:05:23,519658;9,628253E-1;1,480806E-1;1,505885E-1;9,507722E-1;;
02/12/2021  12:05:23,519758;9,637224E-1;1,229127E-1;1,303688E-1;9,510664E-1;;
02/12/2021  12:05:23,519858;9,639638E-1;1,305587E-1;1,202590E-1;9,513676E-1;;
02/12/2021  12:05:23,519958;9,628432E-1;1,219570E-1;1,291051E-1;9,516754E-1;;
02/12/2021  12:05:23,520058;9,631084E-1;1,200455E-1;1,227865E-1;9,519898E-1;;
02/12/2021  12:05:23,520158;9,641873E-1;1,264171E-1;1,291051E-1;9,523101E-1;;
02/12/2021  12:05:23,520258;9,649145E-1;1,442576E-1;1,455336E-1;9,526361E-1;;
02/12/2021  12:05:23,520358;9,645390E-1;1,359745E-1;1,300529E-1;9,529673E-1;;
02/12/2021  12:05:23,520458;9,648668E-1;1,082581E-1;1,193112E-1;9,533036E-1;;
02/12/2021  12:05:23,520558;9,641992E-1;1,248242E-1;1,262617E-1;9,536445E-1;;
02/12/2021  12:05:23,520658;9,659785E-1;1,216384E-1;1,164678E-1;9,539895E-1;;
02/12/2021  12:05:23,520758;9,662974E-1;1,289658E-1;1,303688E-1;9,543383E-1;;
02/12/2021  12:05:23,520858;9,661841E-1;1,136739E-1;1,237343E-1;9,546905E-1;;
02/12/2021  12:05:23,520958;9,655374E-1;1,280100E-1;1,275255E-1;9,550459E-1;;
02/12/2021  12:05:23,521058;9,646373E-1;1,678325E-1;1,493248E-1;9,554040E-1;;
02/12/2021  12:05:23,521158;9,654539E-1;1,159040E-1;1,461654E-1;9,557641E-1;;
02/12/2021  12:05:23,521258;9,651917E-1;1,181340E-1;1,231024E-1;9,561256E-1;;
02/12/2021  12:05:23,521358;9,644347E-1;1,331073E-1;1,240502E-1;9,564877E-1;;
02/12/2021  12:05:23,521458;9,641962E-1;1,251428E-1;1,278414E-1;9,568497E-1;;
02/12/2021  12:05:23,521558;9,634303E-1;1,018865E-1;1,581709E-1;9,572107E-1;;
02/12/2021  12:05:23,521658;9,643542E-1;1,321516E-1;1,395309E-1;9,575697E-1;;
02/12/2021  12:05:23,521758;9,637462E-1;1,257800E-1;1,142563E-1;9,579259E-1;;
02/12/2021  12:05:23,521858;9,633051E-1;1,095324E-1;1,180475E-1;9,582783E-1;;
02/12/2021  12:05:23,521958;9,619551E-1;9,169190E-2;1,142563E-1;9,586260E-1;;
02/12/2021  12:05:23,522058;9,620504E-1;1,213198E-1;1,174156E-1;9,589681E-1;;
02/12/2021  12:05:23,522158;9,613054E-1;1,248242E-1;1,253139E-1;9,593033E-1;;
02/12/2021  12:05:23,522258;9,613620E-1;1,232313E-1;1,253139E-1;9,596306E-1;;
02/12/2021  12:05:23,522358;9,602354E-1;1,347002E-1;1,351078E-1;9,599490E-1;;
02/12/2021  12:05:23,522458;9,591119E-1;1,442576E-1;1,464814E-1;9,602573E-1;;
02/12/2021  12:05:23,522558;9,584830E-1;1,152668E-1;1,227865E-1;9,605543E-1;;
02/12/2021  12:05:23,522658;9,587483E-1;1,245056E-1;1,344760E-1;9,608389E-1;;
02/12/2021  12:05:23,522758;9,579644E-1;1,213198E-1;1,240502E-1;9,611098E-1;;
02/12/2021  12:05:23,522858;9,566799E-1;1,343816E-1;1,287892E-1;9,613661E-1;;
02/12/2021  12:05:23,522958;9,552971E-1;1,095324E-1;8,866581E-2;9,616067E-1;;
02/12/2021  12:05:23,523058;9,543344E-1;1,216384E-1;1,208909E-1;9,618303E-1;;
02/12/2021  12:05:23,523158;9,541020E-1;1,276914E-1;1,458495E-1;9,620357E-1;;
02/12/2021  12:05:23,523258;9,521528E-1;1,165411E-1;1,237343E-1;9,622218E-1;;
02/12/2021  12:05:23,523358;9,510114E-1;1,353374E-1;1,291051E-1;9,623872E-1;;
02/12/2021  12:05:23,523458;9,493484E-1;1,108067E-1;1,170997E-1;9,625307E-1;;
02/12/2021  12:05:23,523558;9,493722E-1;8,436456E-2;1,414265E-1;9,626510E-1;;
02/12/2021  12:05:23,523658;9,484811E-1;1,136739E-1;1,044624E-1;9,627470E-1;;
02/12/2021  12:05:23,523758;9,471757E-1;1,283286E-1;1,079377E-1;9,628174E-1;;
02/12/2021  12:05:23,523858;9,449346E-1;1,251428E-1;1,189953E-1;9,628613E-1;;
02/12/2021  12:05:23,523958;9,439600E-1;1,162226E-1;1,202590E-1;9,628776E-1;;
02/12/2021  12:05:23,524058;9,437335E-1;1,229127E-1;1,202590E-1;9,628651E-1;;
02/12/2021  12:05:23,524158;9,432418E-1;1,296029E-1;1,161519E-1;9,628230E-1;;
02/12/2021  12:05:23,524258;9,414118E-1;1,197269E-1;1,155200E-1;9,627505E-1;;
02/12/2021  12:05:23,524358;9,404403E-1;1,292843E-1;1,531159E-1;9,626469E-1;;
02/12/2021  12:05:23,524458;9,395968E-1;1,187712E-1;1,114129E-1;9,625117E-1;;
02/12/2021  12:05:23,524558;9,394270E-1;1,260985E-1;1,227865E-1;9,623442E-1;;
02/12/2021  12:05:23,524658;9,389561E-1;1,114439E-1;1,253139E-1;9,621444E-1;;
02/12/2021  12:05:23,524758;9,378087E-1;1,238685E-1;1,212068E-1;9,619120E-1;;
02/12/2021  12:05:23,524858;9,371768E-1;1,139925E-1;1,069899E-1;9,616471E-1;;
02/12/2021  12:05:23,524958;9,359370E-1;-2,713844E-2;6,844617E-2;9,613498E-1;;
02/12/2021  12:05:23,525058;9,362738E-1;1,311958E-1;1,335282E-1;9,610204E-1;;
02/12/2021  12:05:23,525158;9,358029E-1;1,174969E-1;1,202590E-1;9,606594E-1;;
02/12/2021  12:05:23,525258;9,351771E-1;1,206827E-1;1,139404E-1;9,602672E-1;;
02/12/2021  12:05:23,525358;9,337972E-1;1,136739E-1;1,120448E-1;9,598447E-1;;
02/12/2021  12:05:23,525458;9,328375E-1;6,556834E-2;6,623464E-2;9,593925E-1;;
02/12/2021  12:05:23,525558;9,326378E-1;1,506292E-1;1,550115E-1;9,589115E-1;;
02/12/2021  12:05:23,525658;9,326617E-1;1,082581E-1;1,155200E-1;9,584025E-1;;
02/12/2021  12:05:23,525758;9,310434E-1;1,139925E-1;1,325804E-1;9,578665E-1;;
02/12/2021  12:05:23,525858;9,294132E-1;1,324701E-1;1,379512E-1;9,573044E-1;;
02/12/2021  12:05:23,525958;9,273150E-1;1,334259E-1;1,294210E-1;9,567171E-1;;
02/12/2021  12:05:23,526058;9,274849E-1;1,117624E-1;1,186794E-1;9,561054E-1;;
02/12/2021  12:05:23,526158;9,263226E-1;1,235499E-1;1,202590E-1;9,554699E-1;;
02/12/2021  12:05:23,526258;9,245702E-1;1,308772E-1;1,385831E-1;9,548113E-1;;
02/12/2021  12:05:23,526358;9,236493E-1;1,423461E-1;1,376353E-1;9,541303E-1;;
02/12/2021  12:05:23,526458;9,229340E-1;1,289658E-1;1,313166E-1;9,534277E-1;;
02/12/2021  12:05:23,526558;9,235986E-1;1,305587E-1;1,297370E-1;9,527040E-1;;
02/12/2021  12:05:23,526658;9,230264E-1;1,359745E-1;1,249980E-1;9,519603E-1;;
02/12/2021  12:05:23,526758;9,214796E-1;1,047537E-1;9,403666E-2;9,511975E-1;;
02/12/2021  12:05:23,526858;9,207047E-1;1,267357E-1;1,417424E-1;9,504167E-1;;
02/12/2021  12:05:23,526958;9,206570E-1;1,385232E-1;1,332122E-1;9,496190E-1;;
02/12/2021  12:05:23,527058;9,213842E-1;1,264171E-1;1,360556E-1;9,488055E-1;;
02/12/2021  12:05:23,527158;9,203590E-1;1,340630E-1;1,313166E-1;9,479774E-1;;
02/12/2021  12:05:23,527258;9,195961E-1;1,350188E-1;1,287892E-1;9,471363E-1;;
02/12/2021  12:05:23,527358;9,196288E-1;1,069837E-1;1,082536E-1;9,462834E-1;;
02/12/2021  12:05:23,527458;9,187645E-1;9,232906E-2;9,340479E-2;9,454202E-1;;
02/12/2021  12:05:23,527558;9,192086E-1;1,216384E-1;1,152041E-1;9,445481E-1;;
02/12/2021  12:05:23,527658;9,186811E-1;1,483991E-1;1,714400E-1;9,436685E-1;;
02/12/2021  12:05:23,527758;9,175873E-1;1,229127E-1;1,170997E-1;9,427830E-1;;
02/12/2021  12:05:23,527858;9,161955E-1;1,280100E-1;1,297370E-1;9,418929E-1;;
02/12/2021  12:05:23,527958;9,165234E-1;1,318330E-1;1,246821E-1;9,409995E-1;;
02/12/2021  12:05:23,528058;9,163028E-1;1,477620E-1;1,341600E-1;9,401041E-1;;
02/12/2021  12:05:23,528158;9,166009E-1;1,248242E-1;1,284732E-1;9,392077E-1;;
02/12/2021  12:05:23,528258;9,158558E-1;1,216384E-1;1,221546E-1;9,383119E-1;;
02/12/2021  12:05:23,528358;9,153521E-1;1,082581E-1;1,161519E-1;9,374179E-1;;
02/12/2021  12:05:23,528458;9,162671E-1;1,203641E-1;1,073058E-1;9,365269E-1;;
02/12/2021  12:05:23,528558;9,170330E-1;9,296622E-2;1,035146E-1;9,356404E-1;;
02/12/2021  12:05:23,528658;9,167022E-1;1,359745E-1;1,240502E-1;9,347598E-1;;
02/12/2021  12:05:23,528758;9,163654E-1;1,378860E-1;1,474292E-1;9,338867E-1;;
02/12/2021  12:05:23,528858;9,161061E-1;1,302401E-1;1,354238E-1;9,330224E-1;;
02/12/2021  12:05:23,528958;9,173340E-1;1,356559E-1;1,297370E-1;9,321684E-1;;
02/12/2021  12:05:23,529058;9,173668E-1;1,362931E-1;1,433221E-1;9,313262E-1;;
02/12/2021  12:05:23,529158;9,168959E-1;1,334259E-1;1,231024E-1;9,304971E-1;;
02/12/2021  12:05:23,529258;9,164489E-1;1,190898E-1;1,300529E-1;9,296825E-1;;
02/12/2021  12:05:23,529358;9,159750E-1;1,544522E-1;1,341600E-1;9,288837E-1;;
02/12/2021  12:05:23,529458;9,169317E-1;1,225942E-1;1,079377E-1;9,281017E-1;;
02/12/2021  12:05:23,529558;9,168303E-1;1,136739E-1;1,256299E-1;9,273376E-1;;
02/12/2021  12:05:23,529658;9,155428E-1;1,130368E-1;1,205749E-1;9,265922E-1;;
02/12/2021  12:05:23,529758;9,153283E-1;1,152668E-1;1,218387E-1;9,258664E-1;;
02/12/2021  12:05:23,529858;9,143924E-1;4,486064E-2;8,045158E-2;9,251608E-1;;
02/12/2021  12:05:23,529958;9,144670E-1;1,057094E-1;1,455336E-1;9,244757E-1;;
02/12/2021  12:05:23,530058;9,145117E-1;1,082581E-1;1,183634E-1;9,238114E-1;;
02/12/2021  12:05:23,530158;9,144133E-1;1,222756E-1;1,265777E-1;9,231681E-1;;
02/12/2021  12:05:23,530258;9,134000E-1;1,082581E-1;1,253139E-1;9,225459E-1;;
02/12/2021  12:05:23,530358;9,129470E-1;1,076209E-1;1,253139E-1;9,219450E-1;;
02/12/2021  12:05:23,530458;9,145295E-1;1,028422E-1;1,208909E-1;9,213652E-1;;
02/12/2021  12:05:23,530558;9,148663E-1;1,066652E-1;1,186794E-1;9,208065E-1;;
02/12/2021  12:05:23,530658;9,141838E-1;1,104881E-1;1,243661E-1;9,202689E-1;;
02/12/2021  12:05:23,530758;9,137994E-1;1,168597E-1;1,278414E-1;9,197526E-1;;
02/12/2021  12:05:23,530858;9,145087E-1;9,870066E-2;9,498445E-2;9,192575E-1;;
02/12/2021  12:05:23,530958;9,161061E-1;9,710776E-2;1,107811E-1;9,187836E-1;;
02/12/2021  12:05:23,531058;9,160972E-1;9,360338E-2;1,129926E-1;9,183311E-1;;
02/12/2021  12:05:23,531158;9,168810E-1;9,710776E-2;1,167838E-1;9,179001E-1;;
02/12/2021  12:05:23,531258;9,170837E-1;7,544432E-2;1,038306E-1;9,174909E-1;;
02/12/2021  12:05:23,531358;9,180165E-1;9,710776E-2;1,107811E-1;9,171038E-1;;
02/12/2021  12:05:23,531458;9,198822E-1;1,152668E-1;1,351078E-1;9,167393E-1;;
02/12/2021  12:05:23,531558;9,204186E-1;9,296622E-2;1,221546E-1;9,163977E-1;;
02/12/2021  12:05:23,531658;9,203143E-1;1,136739E-1;1,360556E-1;9,160798E-1;;
02/12/2021  12:05:23,531758;9,201057E-1;7,512574E-2;7,034176E-2;9,157860E-1;;
02/12/2021  12:05:23,531858;9,211786E-1;1,270543E-1;1,344760E-1;9,155166E-1;;
02/12/2021  12:05:23,531958;9,223409E-1;1,585937E-1;1,682807E-1;9,152721E-1;;
02/12/2021  12:05:23,532058;9,229578E-1;1,675139E-1;1,550115E-1;9,150527E-1;;
02/12/2021  12:05:23,532158;9,237953E-1;1,592309E-1;1,433221E-1;9,148588E-1;;
02/12/2021  12:05:23,532258;9,239205E-1;1,716555E-1;1,439539E-1;9,146908E-1;;
02/12/2021  12:05:23,532358;9,253719E-1;3,084312E-2;8,203124E-2;9,145491E-1;;
02/12/2021  12:05:23,532458;9,266653E-1;1,875845E-1;1,543797E-1;9,144340E-1;;
02/12/2021  12:05:23,532558;9,278753E-1;1,528593E-1;1,215227E-1;9,143457E-1;;
02/12/2021  12:05:23,532658;9,282985E-1;1,483991E-1;1,474292E-1;9,142849E-1;;
02/12/2021  12:05:23,532758;9,288529E-1;1,423461E-1;1,445858E-1;9,142519E-1;;
02/12/2021  12:05:23,532858;9,304473E-1;1,410718E-1;1,243661E-1;9,142471E-1;;
02/12/2021  12:05:23,532958;9,322117E-1;1,057094E-1;7,918786E-2;9,142707E-1;;
02/12/2021  12:05:23,533058;9,328435E-1;9,838208E-2;1,050943E-1;9,143233E-1;;
02/12/2021  12:05:23,533158;9,339343E-1;1,133553E-1;1,177316E-1;9,144051E-1;;
02/12/2021  12:05:23,533258;9,349923E-1;1,369303E-1;1,338441E-1;9,145167E-1;;
02/12/2021  12:05:23,533358;9,371768E-1;1,353374E-1;1,395309E-1;9,146583E-1;;
02/12/2021  12:05:23,533458;9,390097E-1;1,168597E-1;1,452176E-1;9,148304E-1;;
02/12/2021  12:05:23,533558;9,395879E-1;1,257800E-1;1,262617E-1;9,150335E-1;;
02/12/2021  12:05:23,533658;9,400975E-1;1,190898E-1;9,624818E-2;9,152681E-1;;
02/12/2021  12:05:23,533758;9,404134E-1;1,104881E-1;1,445858E-1;9,155345E-1;;
02/12/2021  12:05:23,533858;9,428394E-1;1,327887E-1;1,310007E-1;9,158328E-1;;
02/12/2021  12:05:23,533958;9,439511E-1;1,340630E-1;1,379512E-1;9,161630E-1;;
02/12/2021  12:05:23,534058;9,442640E-1;1,350188E-1;1,442698E-1;9,165254E-1;;
02/12/2021  12:05:23,534158;9,452982E-1;1,241871E-1;1,231024E-1;9,169198E-1;;
02/12/2021  12:05:23,534258;9,460701E-1;1,324701E-1;9,814378E-2;9,173462E-1;;
02/12/2021  12:05:23,534358;9,483291E-1;1,585937E-1;1,667010E-1;9,178042E-1;;
02/12/2021  12:05:23,534458;9,493663E-1;1,159040E-1;1,253139E-1;9,182937E-1;;
02/12/2021  12:05:23,534558;9,496107E-1;1,452133E-1;1,565912E-1;9,188145E-1;;
02/12/2021  12:05:23,534658;9,502723E-1;1,496735E-1;1,316326E-1;9,193661E-1;;
02/12/2021  12:05:23,534758;9,511366E-1;1,289658E-1;1,411105E-1;9,199481E-1;;
02/12/2021  12:05:23,534858;9,524747E-1;1,018865E-1;9,782784E-2;9,205597E-1;;
02/12/2021  12:05:23,534958;9,529754E-1;1,382046E-1;1,401627E-1;9,212004E-1;;
02/12/2021  12:05:23,535058;9,536519E-1;1,439390E-1;1,423743E-1;9,218693E-1;;
02/12/2021  12:05:23,535158;9,540960E-1;1,283286E-1;1,347919E-1;9,225656E-1;;
02/12/2021  12:05:23,535258;9,553895E-1;1,139925E-1;1,126766E-1;9,232882E-1;;
02/12/2021  12:05:23,535358;9,567246E-1;1,429833E-1;1,562753E-1;9,240362E-1;;
02/12/2021  12:05:23,535458;9,574995E-1;1,382046E-1;1,401627E-1;9,248084E-1;;
02/12/2021  12:05:23,535558;9,570256E-1;1,353374E-1;1,161519E-1;9,256039E-1;;
02/12/2021  12:05:23,535658;9,568140E-1;1,401161E-1;1,392149E-1;9,264216E-1;;
02/12/2021  12:05:23,535758;9,578869E-1;1,302401E-1;1,268936E-1;9,272598E-1;;
02/12/2021  12:05:23,535858;9,593354E-1;6,588692E-2;9,466852E-2;9,281173E-1;;
02/12/2021  12:05:23,535958;9,594844E-1;1,241871E-1;1,256299E-1;9,289924E-1;;
02/12/2021  12:05:23,536058;9,599314E-1;1,194084E-1;1,114129E-1;9,298839E-1;;
02/12/2021  12:05:23,536158;9,595619E-1;1,299215E-1;1,341600E-1;9,307901E-1;;
02/12/2021  12:05:23,536258;9,604530E-1;1,439390E-1;1,471132E-1;9,317096E-1;;
02/12/2021  12:05:23,536358;9,614395E-1;7,640006E-2;1,041465E-1;9,326406E-1;;
02/12/2021  12:05:23,536458;9,616838E-1;1,174969E-1;9,877564E-2;9,335816E-1;;
02/12/2021  12:05:23,536558;9,622948E-1;1,178155E-1;1,300529E-1;9,345310E-1;;
02/12/2021  12:05:23,536658;9,616749E-1;1,292843E-1;1,193112E-1;9,354873E-1;;
02/12/2021  12:05:23,536758;9,622918E-1;1,362931E-1;1,449017E-1;9,364489E-1;;
02/12/2021  12:05:23,536858;9,633081E-1;9,201048E-2;7,634447E-2;9,374141E-1;;
02/12/2021  12:05:23,536958;9,638177E-1;1,197269E-1;1,148882E-1;9,383814E-1;;
02/12/2021  12:05:23,537058;9,638803E-1;1,337445E-1;1,332122E-1;9,393493E-1;;
02/12/2021  12:05:23,537158;9,634631E-1;1,433019E-1;1,417424E-1;9,403163E-1;;
02/12/2021  12:05:23,537258;9,645837E-1;1,598680E-1;1,581709E-1;9,412810E-1;;
02/12/2021  12:05:23,537358;9,654390E-1;1,174969E-1;1,224705E-1;9,422420E-1;;
02/12/2021  12:05:23,537458;9,649056E-1;1,203641E-1;1,170997E-1;9,431978E-1;;
02/12/2021  12:05:23,537558;9,644525E-1;1,254614E-1;1,449017E-1;9,441473E-1;;
02/12/2021  12:05:23,537658;9,643304E-1;1,334259E-1;1,332122E-1;9,450890E-1;;
02/12/2021  12:05:23,537758;9,648251E-1;1,311958E-1;1,262617E-1;9,460216E-1;;
02/12/2021  12:05:23,537858;9,647357E-1;1,404346E-1;1,578549E-1;9,469435E-1;;
02/12/2021  12:05:23,537958;9,646910E-1;1,031608E-1;1,186794E-1;9,478535E-1;;
02/12/2021  12:05:23,538058;9,632723E-1;1,471248E-1;1,591187E-1;9,487503E-1;;
02/12/2021  12:05:23,538158;9,627508E-1;1,251428E-1;1,278414E-1;9,496323E-1;;
02/12/2021  12:05:23,538258;9,635793E-1;6,684266E-2;9,561632E-2;9,504981E-1;;
02/12/2021  12:05:23,538358;9,635257E-1;1,324701E-1;1,347919E-1;9,513462E-1;;
02/12/2021  12:05:23,538458;9,624140E-1;1,407532E-1;1,385831E-1;9,521754E-1;;
02/12/2021  12:05:23,538558;9,608643E-1;1,512664E-1;1,373193E-1;9,529842E-1;;
02/12/2021  12:05:23,538658;9,606437E-1;3,562182E-2;5,833634E-2;9,537712E-1;;
02/12/2021  12:05:23,538758;9,608315E-1;1,276914E-1;1,354238E-1;9,545349E-1;;
02/12/2021  12:05:23,538858;9,604709E-1;1,232313E-1;1,215227E-1;9,552740E-1;;
02/12/2021  12:05:23,538958;9,590791E-1;1,343816E-1;1,328963E-1;9,559871E-1;;
02/12/2021  12:05:23,539058;9,580330E-1;1,238685E-1;1,259458E-1;9,566730E-1;;
02/12/2021  12:05:23,539158;9,572819E-1;1,108067E-1;1,000394E-1;9,573304E-1;;
02/12/2021  12:05:23,539258;9,577171E-1;9,678918E-2;1,129926E-1;9,579578E-1;;
02/12/2021  12:05:23,539358;9,569988E-1;1,257800E-1;1,354238E-1;9,585543E-1;;
02/12/2021  12:05:23,539458;9,556398E-1;1,347002E-1;1,420583E-1;9,591186E-1;;
02/12/2021  12:05:23,539558;9,536877E-1;1,155854E-1;1,259458E-1;9,596499E-1;;
02/12/2021  12:05:23,539658;9,533420E-1;1,117624E-1;1,022509E-1;9,601471E-1;;
02/12/2021  12:05:23,539758;9,532764E-1;1,245056E-1;1,259458E-1;9,606089E-1;;
02/12/2021  12:05:23,539858;9,521886E-1;1,270543E-1;1,221546E-1;9,610345E-1;;
02/12/2021  12:05:23,539958;9,511038E-1;1,327887E-1;1,294210E-1;9,614232E-1;;
02/12/2021  12:05:23,540058;9,498461E-1;7,608148E-2;1,126766E-1;9,617741E-1;;
02/12/2021  12:05:23,540158;9,497537E-1;1,213198E-1;1,284732E-1;9,620865E-1;;
02/12/2021  12:05:23,540258;9,496345E-1;1,216384E-1;1,170997E-1;9,623599E-1;;
02/12/2021  12:05:23,540358;9,486778E-1;1,162226E-1;1,224705E-1;9,625940E-1;;
02/12/2021  12:05:23,540458;9,474261E-1;1,241871E-1;1,224705E-1;9,627883E-1;;
02/12/2021  12:05:23,540558;9,465678E-1;1,031608E-1;1,019350E-1;9,629429E-1;;
02/12/2021  12:05:23,540658;9,460015E-1;4,390490E-2;1,436380E-1;9,630576E-1;;
02/12/2021  12:05:23,540758;9,461028E-1;1,149482E-1;1,073058E-1;9,631324E-1;;
02/12/2021  12:05:23,540858;9,450210E-1;1,190898E-1;1,224705E-1;9,631674E-1;;
02/12/2021  12:05:23,540958;9,440733E-1;1,292843E-1;1,243661E-1;9,631629E-1;;
02/12/2021  12:05:23,541058;9,429407E-1;1,283286E-1;1,272095E-1;9,631193E-1;;
02/12/2021  12:05:23,541158;9,423059E-1;1,292843E-1;1,332122E-1;9,630371E-1;;
02/12/2021  12:05:23,541258;9,426606E-1;1,334259E-1;1,221546E-1;9,629165E-1;;
02/12/2021  12:05:23,541358;9,415549E-1;1,359745E-1;1,354238E-1;9,627583E-1;;
02/12/2021  12:05:23,541458;9,400439E-1;1,165411E-1;1,253139E-1;9,625632E-1;;
02/12/2021  12:05:23,541558;9,384345E-1;1,331073E-1;1,287892E-1;9,623319E-1;;
02/12/2021  12:05:23,541658;9,378593E-1;8,914326E-2;8,677022E-2;9,620649E-1;;
02/12/2021  12:05:23,541758;9,373080E-1;1,130368E-1;1,136244E-1;9,617630E-1;;
02/12/2021  12:05:23,541858;9,360920E-1;1,149482E-1;1,231024E-1;9,614267E-1;;
02/12/2021  12:05:23,541958;9,343634E-1;1,353374E-1;1,322644E-1;9,610568E-1;;
02/12/2021  12:05:23,542058;9,333710E-1;1,382046E-1;1,196272E-1;9,606540E-1;;
02/12/2021  12:05:23,542158;9,328673E-1;9,615202E-2;1,249980E-1;9,602188E-1;;
02/12/2021  12:05:23,542258;9,327481E-1;1,257800E-1;1,499566E-1;9,597520E-1;;
02/12/2021  12:05:23,542358;9,312103E-1;1,417090E-1;1,338441E-1;9,592545E-1;;
02/12/2021  12:05:23,542458;9,309152E-1;1,362931E-1;1,420583E-1;9,587270E-1;;
02/12/2021  12:05:23,542558;9,298989E-1;6,270112E-2;1,126766E-1;9,581706E-1;;
02/12/2021  12:05:23,542658;9,292433E-1;1,120810E-1;1,095173E-1;9,575862E-1;;
02/12/2021  12:05:23,542758;9,294281E-1;1,366117E-1;1,291051E-1;9,569750E-1;;
02/12/2021  12:05:23,542858;9,286413E-1;1,111253E-1;1,249980E-1;9,563380E-1;;
02/12/2021  12:05:23,542958;9,278306E-1;1,092138E-1;1,170997E-1;9,556767E-1;;
02/12/2021  12:05:23,543058;9,273180E-1;1,350188E-1;1,850251E-1;9,549923E-1;;
02/12/2021  12:05:23,543158;9,280959E-1;1,162226E-1;1,796542E-1;9,542863E-1;;
02/12/2021  12:05:23,543258;9,280750E-1;1,002936E-1;1,139404E-1;9,535600E-1;;
02/12/2021  12:05:23,543358;9,270200E-1;1,152668E-1;1,449017E-1;9,528153E-1;;
02/12/2021  12:05:23,543458;9,261110E-1;9,838208E-2;1,031987E-1;9,520538E-1;;
02/12/2021  12:05:23,543558;9,253898E-1;8,245308E-2;1,076217E-1;9,512771E-1;;
02/12/2021  12:05:23,543658;9,251484E-1;1,018865E-1;1,281573E-1;9,504869E-1;;
02/12/2021  12:05:23,543758;9,255745E-1;1,098510E-1;1,136244E-1;9,496845E-1;;
02/12/2021  12:05:23,543858;9,247907E-1;9,232906E-2;1,347919E-1;9,488716E-1;;
02/12/2021  12:05:23,543958;9,241768E-1;9,105474E-2;1,104651E-1;9,480499E-1;;
02/12/2021  12:05:23,544058;9,234853E-1;7,863012E-2;1,044624E-1;9,472208E-1;;
02/12/2021  12:05:23,544158;9,242394E-1;1,073023E-1;1,142563E-1;9,463860E-1;;
02/12/2021  12:05:23,544258;9,239175E-1;7,894870E-2;1,013031E-1;9,455468E-1;;
02/12/2021  12:05:23,544358;9,235628E-1;4,963934E-2;5,612482E-2;9,447050E-1;;
02/12/2021  12:05:23,544458;9,226360E-1;4,040052E-2;1,006712E-1;9,438621E-1;;
02/12/2021  12:05:23,544558;9,231456E-1;1,053908E-1;1,114129E-1;9,430195E-1;;
02/12/2021  12:05:23,544658;9,235628E-1;1,053908E-1;1,625939E-1;9,421788E-1;;
02/12/2021  12:05:23,544758;9,236284E-1;1,178155E-1;1,313166E-1;9,413413E-1;;
02/12/2021  12:05:23,544858;9,235658E-1;1,139925E-1;1,110970E-1;9,405088E-1;;
02/12/2021  12:05:23,544958;9,227015E-1;2,006463E-1;2,144068E-1;9,396827E-1;;
02/12/2021  12:05:23,545058;9,235956E-1;1,318330E-1;1,338441E-1;9,388645E-1;;
02/12/2021  12:05:23,545158;9,245165E-1;1,232313E-1;8,613836E-2;9,380556E-1;;
02/12/2021  12:05:23,545258;9,247579E-1;1,722926E-1;1,948190E-1;9,372576E-1;;
02/12/2021  12:05:23,545358;9,238907E-1;1,585937E-1;1,373193E-1;9,364719E-1;;
02/12/2021  12:05:23,545458;9,231009E-1;1,547707E-1;1,411105E-1;9,357000E-1;;
02/12/2021  12:05:23,545558;9,232559E-1;1,757970E-1;1,635417E-1;9,349432E-1;;
02/12/2021  12:05:23,545658;9,243824E-1;6,556834E-2;9,909157E-2;9,342024E-1;;
02/12/2021  12:05:23,545758;9,244271E-1;1,442576E-1;1,395309E-1;9,334787E-1;;
02/12/2021  12:05:23,545858;9,242632E-1;1,522221E-1;1,518522E-1;9,327733E-1;;
02/12/2021  12:05:23,545958;9,239354E-1;1,378860E-1;1,297370E-1;9,320871E-1;;
02/12/2021  12:05:23,546058;9,246983E-1;3,689614E-2;4,569906E-2;9,314212E-1;;
02/12/2021  12:05:23,546158;9,260335E-1;1,343816E-1;1,287892E-1;9,307763E-1;;
02/12/2021  12:05:23,546258;9,263911E-1;1,331073E-1;1,212068E-1;9,301534E-1;;
02/12/2021  12:05:23,546358;9,259530E-1;1,359745E-1;1,559593E-1;9,295534E-1;;
02/12/2021  12:05:23,546458;9,267607E-1;1,273729E-1;1,215227E-1;9,289774E-1;;
02/12/2021  12:05:23,546558;9,276011E-1;1,178155E-1;1,205749E-1;9,284260E-1;;
02/12/2021  12:05:23,546658;9,291807E-1;1,276914E-1;1,423743E-1;9,279001E-1;;
02/12/2021  12:05:23,546758;9,292522E-1;1,359745E-1;1,303688E-1;9,274007E-1;;
02/12/2021  12:05:23,546858;9,297499E-1;1,420275E-1;1,509044E-1;9,269287E-1;;
02/12/2021  12:05:23,546958;9,304056E-1;1,340630E-1;1,231024E-1;9,264848E-1;;
02/12/2021  12:05:23,547058;9,317497E-1;1,123996E-1;1,278414E-1;9,260699E-1;;
02/12/2021  12:05:23,547158;9,326557E-1;1,311958E-1;1,385831E-1;9,256848E-1;;
02/12/2021  12:05:23,547258;9,332786E-1;1,267357E-1;1,325804E-1;9,253302E-1;;
02/12/2021  12:05:23,547358;9,337227E-1;1,073023E-1;1,101492E-1;9,250069E-1;;
02/12/2021  12:05:23,547458;9,337555E-1;1,656025E-1;1,670170E-1;9,247156E-1;;
02/12/2021  12:05:23,547558;9,348135E-1;1,538150E-1;1,704922E-1;9,244566E-1;;
02/12/2021  12:05:23,547658;9,355705E-1;1,382046E-1;1,325804E-1;9,242304E-1;;
02/12/2021  12:05:23,547758;9,357523E-1;1,200455E-1;1,265777E-1;9,240374E-1;;
02/12/2021  12:05:23,547858;9,358506E-1;1,165411E-1;1,202590E-1;9,238776E-1;;
02/12/2021  12:05:23,547958;9,360920E-1;1,178155E-1;1,354238E-1;9,237511E-1;;
02/12/2021  12:05:23,548058;9,369176E-1;1,292843E-1;1,392149E-1;9,236577E-1;;
02/12/2021  12:05:23,548158;9,373735E-1;1,273729E-1;1,300529E-1;9,235973E-1;;
02/12/2021  12:05:23,548258;9,376239E-1;1,216384E-1;1,313166E-1;9,235696E-1;;
02/12/2021  12:05:23,548358;9,371441E-1;1,264171E-1;1,164678E-1;9,235740E-1;;
02/12/2021  12:05:23,548458;9,373020E-1;1,264171E-1;1,139404E-1;9,236100E-1;;
02/12/2021  12:05:23,548558;9,387624E-1;1,442576E-1;1,310007E-1;9,236768E-1;;
02/12/2021  12:05:23,548658;9,387773E-1;1,123996E-1;1,259458E-1;9,237736E-1;;
02/12/2021  12:05:23,548758;9,387385E-1;1,222756E-1;1,344760E-1;9,238997E-1;;
02/12/2021  12:05:23,548858;9,383928E-1;1,525407E-1;1,667010E-1;9,240541E-1;;
02/12/2021  12:05:23,548958;9,388160E-1;1,426647E-1;1,395309E-1;9,242357E-1;;
02/12/2021  12:05:23,549058;9,399604E-1;1,311958E-1;1,436380E-1;9,244434E-1;;
02/12/2021  12:05:23,549158;9,407055E-1;1,248242E-1;1,287892E-1;9,246761E-1;;
02/12/2021  12:05:23,549258;9,397280E-1;1,276914E-1;1,272095E-1;9,249327E-1;;
02/12/2021  12:05:23,549358;9,393167E-1;1,296029E-1;1,569071E-1;9,252121E-1;;
02/12/2021  12:05:23,549458;9,394329E-1;1,286472E-1;1,313166E-1;9,255128E-1;;
02/12/2021  12:05:23,549558;9,397816E-1;1,305587E-1;1,303688E-1;9,258335E-1;;
02/12/2021  12:05:23,549658;9,403062E-1;1,598680E-1;1,613302E-1;9,261727E-1;;
02/12/2021  12:05:23,549758;9,400230E-1;1,254614E-1;1,281573E-1;9,265288E-1;;
02/12/2021  12:05:23,549858;9,393942E-1;1,292843E-1;1,332122E-1;9,269005E-1;;
02/12/2021  12:05:23,549958;9,393495E-1;1,286472E-1;1,281573E-1;9,272862E-1;;
02/12/2021  12:05:23,550058;9,408396E-1;1,273729E-1;1,139404E-1;9,276843E-1;;
02/12/2021  12:05:23,550158;9,400141E-1;8,978042E-2;6,781430E-2;9,280933E-1;;
02/12/2021  12:05:23,550258;9,392988E-1;1,260985E-1;1,291051E-1;9,285118E-1;;
02/12/2021  12:05:23,550358;9,396654E-1;1,264171E-1;1,268936E-1;9,289381E-1;;
02/12/2021  12:05:23,550458;9,394896E-1;3,817046E-2;6,939396E-2;9,293708E-1;;
02/12/2021  12:05:23,550558;9,406310E-1;1,012493E-1;1,041465E-1;9,298082E-1;;
02/12/2021  12:05:23,550658;9,401273E-1;1,426647E-1;1,373193E-1;9,302492E-1;;
02/12/2021  12:05:23,550758;9,398353E-1;1,382046E-1;1,344760E-1;9,306922E-1;;
02/12/2021  12:05:23,550858;9,395819E-1;1,018865E-1;1,019350E-1;9,311361E-1;;
02/12/2021  12:05:23,550958;9,402466E-1;1,280100E-1;1,480610E-1;9,315795E-1;;
02/12/2021  12:05:23,551058;9,417397E-1;1,433019E-1;1,717559E-1;9,320212E-1;;
02/12/2021  12:05:23,551158;9,415877E-1;1,388417E-1;1,328963E-1;9,324603E-1;;
02/12/2021  12:05:23,551258;9,408158E-1;8,723178E-2;6,497092E-2;9,328959E-1;;
02/12/2021  12:05:23,551358;9,399873E-1;1,359745E-1;1,388990E-1;9,333272E-1;;
02/12/2021  12:05:23,551458;9,401095E-1;1,305587E-1;1,313166E-1;9,337532E-1;;
02/12/2021  12:05:23,551558;9,400558E-1;1,273729E-1;1,325804E-1;9,341730E-1;;
02/12/2021  12:05:23,551658;9,398174E-1;1,276914E-1;1,341600E-1;9,345855E-1;;
02/12/2021  12:05:23,551758;9,395998E-1;1,363980E-2;7,981972E-2;9,349899E-1;;
02/12/2021  12:05:23,551858;9,391587E-1;4,804644E-2;6,591871E-2;9,353853E-1;;
02/12/2021  12:05:23,551958;9,407055E-1;1,235499E-1;1,284732E-1;9,357707E-1;;
02/12/2021  12:05:23,552058;9,400707E-1;1,337445E-1;1,376353E-1;9,361456E-1;;
02/12/2021  12:05:23,552158;9,394478E-1;1,433019E-1;1,546956E-1;9,365094E-1;;
02/12/2021  12:05:23,552258;9,386193E-1;1,289658E-1;1,291051E-1;9,368615E-1;;
02/12/2021  12:05:23,552358;9,377431E-1;1,382046E-1;1,436380E-1;9,372011E-1;;
02/12/2021  12:05:23,552458;9,382199E-1;1,372488E-1;1,366875E-1;9,375276E-1;;
02/12/2021  12:05:23,552558;9,380232E-1;1,343816E-1;1,300529E-1;9,378403E-1;;
02/12/2021  12:05:23,552658;9,376954E-1;1,375674E-1;1,366875E-1;9,381384E-1;;
02/12/2021  12:05:23,552758;9,364318E-1;1,308772E-1;1,294210E-1;9,384216E-1;;
02/12/2021  12:05:23,552858;9,364407E-1;1,225942E-1;1,218387E-1;9,386891E-1;;
02/12/2021  12:05:23,552958;9,369533E-1;1,292843E-1;1,300529E-1;9,389404E-1;;
02/12/2021  12:05:23,553058;9,370338E-1;1,311958E-1;1,344760E-1;9,391751E-1;;
02/12/2021  12:05:23,553158;9,358864E-1;1,143111E-1;9,814378E-2;9,393928E-1;;
02/12/2021  12:05:23,553258;9,353410E-1;1,388417E-1;1,180475E-1;9,395932E-1;;
02/12/2021  12:05:23,553358;9,350728E-1;1,254614E-1;1,322644E-1;9,397761E-1;;
02/12/2021  12:05:23,553458;9,356569E-1;1,159040E-1;1,234183E-1;9,399411E-1;;
02/12/2021  12:05:23,553558;9,357463E-1;1,063466E-1;1,170997E-1;9,400881E-1;;
02/12/2021  12:05:23,553658;9,351026E-1;8,882468E-2;9,561632E-2;9,402171E-1;;
02/12/2021  12:05:23,553758;9,346943E-1;1,436204E-1;1,114129E-1;9,403281E-1;;
02/12/2021  12:05:23,553858;9,358834E-1;1,417090E-1;1,354238E-1;9,404212E-1;;
02/12/2021  12:05:23,553958;9,363364E-1;1,286472E-1;1,540637E-1;9,404967E-1;;
02/12/2021  12:05:23,554058;9,360861E-1;6,238254E-2;5,233363E-2;9,405551E-1;;
02/12/2021  12:05:23,554158;9,352933E-1;1,382046E-1;1,379512E-1;9,405969E-1;;
02/12/2021  12:05:23,554258;9,354214E-1;1,280100E-1;1,177316E-1;9,406226E-1;;
02/12/2021  12:05:23,554358;9,356420E-1;1,213198E-1;1,392149E-1;9,406327E-1;;
02/12/2021  12:05:23,554458;9,363424E-1;7,990444E-2;1,101492E-1;9,406279E-1;;
02/12/2021  12:05:23,554558;9,366851E-1;1,350188E-1;1,373193E-1;9,406088E-1;;
02/12/2021  12:05:23,554658;9,355317E-1;1,496735E-1;1,395309E-1;9,405763E-1;;
02/12/2021  12:05:23,554758;9,357701E-1;1,229127E-1;1,385831E-1;9,405312E-1;;
02/12/2021  12:05:23,554858;9,363424E-1;1,525407E-1;1,360556E-1;9,404741E-1;;
02/12/2021  12:05:23,554958;9,367536E-1;1,350188E-1;1,385831E-1;9,404059E-1;;
02/12/2021  12:05:23,555058;9,359162E-1;1,474434E-1;1,328963E-1;9,403274E-1;;
02/12/2021  12:05:23,555158;9,354602E-1;1,280100E-1;1,433221E-1;9,402396E-1;;
02/12/2021  12:05:23,555258;9,346853E-1;1,254614E-1;1,221546E-1;9,401430E-1;;
02/12/2021  12:05:23,555358;9,356837E-1;1,452133E-1;1,341600E-1;9,400383E-1;;
02/12/2021  12:05:23,555458;9,360890E-1;1,563636E-1;1,695444E-1;9,399261E-1;;
02/12/2021  12:05:23,555558;9,354393E-1;1,413904E-1;1,344760E-1;9,398071E-1;;
02/12/2021  12:05:23,555658;9,340684E-1;1,276914E-1;1,360556E-1;9,396819E-1;;
02/12/2021  12:05:23,555758;9,344111E-1;1,076209E-1;1,142563E-1;9,395512E-1;;
02/12/2021  12:05:23,555858;9,351115E-1;1,165411E-1;1,284732E-1;9,394154E-1;;
02/12/2021  12:05:23,555958;9,361099E-1;1,248242E-1;1,272095E-1;9,392749E-1;;
02/12/2021  12:05:23,556058;9,355645E-1;1,219570E-1;1,170997E-1;9,391304E-1;;
02/12/2021  12:05:23,556158;9,350638E-1;8,404598E-2;1,076217E-1;9,389828E-1;;
02/12/2021  12:05:23,556258;9,354214E-1;1,248242E-1;1,455336E-1;9,388325E-1;;
02/12/2021  12:05:23,556358;9,363722E-1;1,356559E-1;1,768108E-1;9,386803E-1;;
02/12/2021  12:05:23,556458;9,362887E-1;1,034794E-1;1,123607E-1;9,385267E-1;;
02/12/2021  12:05:23,556558;9,360324E-1;1,073023E-1;1,208909E-1;9,383726E-1;;
02/12/2021  12:05:23,556658;9,358238E-1;1,139925E-1;1,177316E-1;9,382185E-1;;
02/12/2021  12:05:23,556758;9,359668E-1;1,216384E-1;1,152041E-1;9,380652E-1;;
02/12/2021  12:05:23,556858;9,375494E-1;1,025236E-1;1,303688E-1;9,379131E-1;;
02/12/2021  12:05:23,556958;9,377699E-1;1,018865E-1;1,161519E-1;9,377630E-1;;
02/12/2021  12:05:23,557058;9,371381E-1;1,028422E-1;1,221546E-1;9,376156E-1;;
02/12/2021  12:05:23,557158;9,369861E-1;9,965640E-2;1,148882E-1;9,374717E-1;;
02/12/2021  12:05:23,557258;9,374302E-1;8,309024E-2;8,803395E-2;9,373318E-1;;
02/12/2021  12:05:23,557358;9,379726E-1;9,870066E-2;1,085695E-1;9,371964E-1;;
02/12/2021  12:05:23,557458;9,382498E-1;9,870066E-2;1,038306E-1;9,370662E-1;;
02/12/2021  12:05:23,557558;9,378742E-1;1,006121E-1;1,227865E-1;9,369417E-1;;
02/12/2021  12:05:23,557658;9,376716E-1;3,126658E-3;8,740209E-2;9,368233E-1;;
02/12/2021  12:05:23,557758;9,390902E-1;7,480716E-2;1,164678E-1;9,367116E-1;;
02/12/2021  12:05:23,557858;9,402436E-1;1,168597E-1;1,335282E-1;9,366068E-1;;
02/12/2021  12:05:23,557958;9,401631E-1;1,184526E-1;1,297370E-1;9,365098E-1;;
02/12/2021  12:05:23,558058;9,400439E-1;1,426647E-1;1,436380E-1;9,364210E-1;;
02/12/2021  12:05:23,558158;9,401661E-1;3,562182E-2;6,402312E-2;9,363410E-1;;
02/12/2021  12:05:23,558258;9,408903E-1;1,468062E-1;1,420583E-1;9,362703E-1;;
02/12/2021  12:05:23,558358;9,421092E-1;1,748413E-1;1,458495E-1;9,362093E-1;;
02/12/2021  12:05:23,558458;9,424937E-1;1,748413E-1;1,550115E-1;9,361585E-1;;
02/12/2021  12:05:23,558558;9,426755E-1;2,025577E-1;1,783905E-1;9,361185E-1;;
02/12/2021  12:05:23,558658;9,429378E-1;1,665582E-1;1,594346E-1;9,360899E-1;;
02/12/2021  12:05:23,558758;9,439481E-1;1,557265E-1;1,534319E-1;9,360730E-1;;
02/12/2021  12:05:23,558858;9,456260E-1;1,464877E-1;1,237343E-1;9,360684E-1;;
02/12/2021  12:05:23,558958;9,458406E-1;9,041758E-2;1,174156E-1;9,360766E-1;;
02/12/2021  12:05:23,559058;9,459747E-1;1,296029E-1;1,303688E-1;9,360984E-1;;
02/12/2021  12:05:23,559158;9,461207E-1;1,267357E-1;1,265777E-1;9,361342E-1;;
02/12/2021  12:05:23,559258;9,473218E-1;9,498258E-3;6,560278E-2;9,361844E-1;;
02/12/2021  12:05:23,559358;9,485467E-1;1,076209E-1;1,227865E-1;9,362495E-1;;
02/12/2021  12:05:23,559458;9,485884E-1;1,305587E-1;1,325804E-1;9,363299E-1;;
02/12/2021  12:05:23,559558;9,486510E-1;1,289658E-1;1,253139E-1;9,364260E-1;;
02/12/2021  12:05:23,559658;9,491219E-1;5,664810E-2;8,582243E-2;9,365382E-1;;
02/12/2021  12:05:23,559758;9,501948E-1;1,241871E-1;1,047783E-1;9,366667E-1;;
02/12/2021  12:05:23,559858;9,507968E-1;1,598680E-1;1,809180E-1;9,368115E-1;;
02/12/2021  12:05:23,559958;9,506091E-1;1,229127E-1;1,208909E-1;9,369730E-1;;
02/12/2021  12:05:23,560058;9,510591E-1;1,222756E-1;1,335282E-1;9,371510E-1;;
02/12/2021  12:05:23,560158;9,508564E-1;1,210013E-1;1,297370E-1;9,373456E-1;;
02/12/2021  12:05:23,560258;9,521648E-1;1,305587E-1;1,281573E-1;9,375566E-1;;
02/12/2021  12:05:23,560358;9,528383E-1;1,168597E-1;1,313166E-1;9,377838E-1;;
02/12/2021  12:05:23,560458;9,529307E-1;1,225942E-1;1,268936E-1;9,380270E-1;;
02/12/2021  12:05:23,560558;9,533778E-1;1,210013E-1;1,294210E-1;9,382859E-1;;
02/12/2021  12:05:23,560658;9,535327E-1;1,321516E-1;1,338441E-1;9,385604E-1;;
02/12/2021  12:05:23,560758;9,554431E-1;1,286472E-1;1,224705E-1;9,388501E-1;;
02/12/2021  12:05:23,560858;9,559170E-1;1,210013E-1;1,272095E-1;9,391547E-1;;
02/12/2021  12:05:23,560958;9,567366E-1;1,229127E-1;1,272095E-1;9,394741E-1;;
02/12/2021  12:05:23,561058;9,569988E-1;1,200455E-1;1,284732E-1;9,398081E-1;;
02/12/2021  12:05:23,561158;9,577051E-1;1,286472E-1;1,310007E-1;9,401566E-1;;
02/12/2021  12:05:23,561258;9,591208E-1;1,496735E-1;1,670170E-1;9,405192E-1;;
02/12/2021  12:05:23,561358;9,599851E-1;1,260985E-1;1,272095E-1;9,408959E-1;;
02/12/2021  12:05:23,561458;9,608136E-1;1,299215E-1;1,335282E-1;9,412866E-1;;
02/12/2021  12:05:23,561558;9,614603E-1;1,347002E-1;1,360556E-1;9,416913E-1;;
02/12/2021  12:05:23,561658;9,614424E-1;4,740928E-2;1,057261E-1;9,421098E-1;;
02/12/2021  12:05:23,561758;9,636032E-1;1,111253E-1;1,205749E-1;9,425420E-1;;
02/12/2021  12:05:23,561858;9,643542E-1;1,197269E-1;1,205749E-1;9,429878E-1;;
02/12/2021  12:05:23,561958;9,649622E-1;1,219570E-1;1,297370E-1;9,434472E-1;;
02/12/2021  12:05:23,562058;9,648221E-1;1,420275E-1;1,689125E-1;9,439201E-1;;
02/12/2021  12:05:23,562158;9,657758E-1;1,264171E-1;1,272095E-1;9,444065E-1;;
02/12/2021  12:05:23,562258;9,674835E-1;1,452133E-1;1,692285E-1;9,449060E-1;;
02/12/2021  12:05:23,562358;9,669500E-1;1,280100E-1;1,272095E-1;9,454186E-1;;
02/12/2021  12:05:23,562458;9,677339E-1;1,216384E-1;1,322644E-1;9,459439E-1;;
02/12/2021  12:05:23,562558;9,677339E-1;1,162226E-1;1,287892E-1;9,464817E-1;;
02/12/2021  12:05:23,562658;9,689051E-1;6,206396E-2;1,095173E-1;9,470315E-1;;
02/12/2021  12:05:23,562758;9,699363E-1;6,875414E-2;9,561632E-2;9,475928E-1;;
02/12/2021  12:05:23,562858;9,691465E-1;1,302401E-1;1,322644E-1;9,481654E-1;;
02/12/2021  12:05:23,562958;9,685385E-1;1,413904E-1;1,287892E-1;9,487484E-1;;
02/12/2021  12:05:23,563058;9,677666E-1;1,347002E-1;1,145722E-1;9,493413E-1;;
02/12/2021  12:05:23,563158;9,681988E-1;1,006121E-1;9,308886E-2;9,499428E-1;;
02/12/2021  12:05:23,563258;9,690571E-1;1,159040E-1;1,237343E-1;9,505519E-1;;
02/12/2021  12:05:23,563358;9,682763E-1;1,251428E-1;1,272095E-1;9,511673E-1;;
02/12/2021  12:05:23,563458;9,677815E-1;1,069837E-1;1,095173E-1;9,517879E-1;;
02/12/2021  12:05:23,563558;9,672391E-1;1,031608E-1;1,019350E-1;9,524123E-1;;
02/12/2021  12:05:23,563658;9,674925E-1;1,302401E-1;1,177316E-1;9,530390E-1;;
02/12/2021  12:05:23,563758;9,683329E-1;1,362931E-1;1,218387E-1;9,536666E-1;;
02/12/2021  12:05:23,563858;9,671020E-1;4,199342E-2;6,433905E-2;9,542937E-1;;
02/12/2021  12:05:23,563958;9,663063E-1;1,095324E-1;1,193112E-1;9,549188E-1;;
02/12/2021  12:05:23,564058;9,662288E-1;1,165411E-1;1,224705E-1;9,555404E-1;;
02/12/2021  12:05:23,564158;9,662705E-1;1,257800E-1;1,303688E-1;9,561569E-1;;
02/12/2021  12:05:23,564258;9,664672E-1;1,522221E-1;1,859729E-1;9,567667E-1;;
02/12/2021  12:05:23,564358;9,658056E-1;1,069837E-1;1,025668E-1;9,573685E-1;;
02/12/2021  12:05:23,564458;9,651619E-1;1,286472E-1;1,259458E-1;9,579607E-1;;
02/12/2021  12:05:23,564558;9,645271E-1;1,245056E-1;1,306848E-1;9,585419E-1;;
02/12/2021  12:05:23,564658;9,654152E-1;1,611423E-1;1,543797E-1;9,591107E-1;;
02/12/2021  12:05:23,564758;9,655016E-1;1,111253E-1;1,246821E-1;9,596658E-1;;
02/12/2021  12:05:23,564858;9,641754E-1;1,136739E-1;1,202590E-1;9,602061E-1;;
02/12/2021  12:05:23,564958;9,630429E-1;1,073023E-1;1,268936E-1;9,607304E-1;;
02/12/2021  12:05:23,565058;9,618984E-1;1,493549E-1;1,815498E-1;9,612374E-1;;
02/12/2021  12:05:23,565158;9,623634E-1;1,200455E-1;1,028828E-1;9,617258E-1;;
02/12/2021  12:05:23,565258;9,615199E-1;1,114439E-1;1,215227E-1;9,621944E-1;;
02/12/2021  12:05:23,565358;9,605752E-1;1,283286E-1;1,303688E-1;9,626419E-1;;
02/12/2021  12:05:23,565458;9,594278E-1;8,340882E-2;1,028828E-1;9,630672E-1;;
02/12/2021  12:05:23,565558;9,585426E-1;1,104881E-1;1,161519E-1;9,634691E-1;;
02/12/2021  12:05:23,565658;9,577856E-1;1,114439E-1;1,193112E-1;9,638464E-1;;
02/12/2021  12:05:23,565758;9,569333E-1;1,088952E-1;1,133085E-1;9,641980E-1;;
02/12/2021  12:05:23,565858;9,553924E-1;1,190898E-1;1,682807E-1;9,645226E-1;;
02/12/2021  12:05:23,565958;9,533778E-1;1,184526E-1;1,193112E-1;9,648191E-1;;
02/12/2021  12:05:23,566058;9,519323E-1;1,190898E-1;1,170997E-1;9,650863E-1;;
02/12/2021  12:05:23,566158;9,520634E-1;1,222756E-1;1,237343E-1;9,653228E-1;;
02/12/2021  12:05:23,566258;9,505494E-1;1,225942E-1;1,300529E-1;9,655273E-1;;
02/12/2021  12:05:23,566358;9,493901E-1;1,347002E-1;1,562753E-1;9,656989E-1;;
02/12/2021  12:05:23,566458;9,477778E-1;1,359745E-1;1,366875E-1;9,658365E-1;;
02/12/2021  12:05:23,566558;9,475930E-1;1,210013E-1;1,152041E-1;9,659391E-1;;
02/12/2021  12:05:23,566658;9,471638E-1;1,232313E-1;1,215227E-1;9,660059E-1;;
02/12/2021  12:05:23,566758;9,458048E-1;1,404346E-1;1,357397E-1;9,660362E-1;;
02/12/2021  12:05:23,566858;9,448928E-1;1,299215E-1;1,325804E-1;9,660295E-1;;
02/12/2021  12:05:23,566958;9,436352E-1;1,257800E-1;1,262617E-1;9,659855E-1;;
02/12/2021  12:05:23,567058;9,431345E-1;1,636910E-1;2,074562E-1;9,659038E-1;;
02/12/2021  12:05:23,567158;9,422791E-1;1,331073E-1;1,291051E-1;9,657843E-1;;
02/12/2021  12:05:23,567258;9,415996E-1;1,391603E-1;1,319485E-1;9,656268E-1;;
02/12/2021  12:05:23,567358;9,408128E-1;5,728526E-2;7,128955E-2;9,654315E-1;;
02/12/2021  12:05:23,567458;9,398293E-1;1,127182E-1;1,142563E-1;9,651987E-1;;
02/12/2021  12:05:23,567558;9,399604E-1;1,143111E-1;1,189953E-1;9,649286E-1;;
02/12/2021  12:05:23,567658;9,402257E-1;1,385232E-1;1,291051E-1;9,646220E-1;;
02/12/2021  12:05:23,567758;9,392392E-1;1,375674E-1;1,174156E-1;9,642794E-1;;
02/12/2021  12:05:23,567858;9,379398E-1;1,260985E-1;1,208909E-1;9,639021E-1;;
02/12/2021  12:05:23,567958;9,363573E-1;1,159040E-1;1,117289E-1;9,634908E-1;;
02/12/2021  12:05:23,568058;9,366165E-1;1,391603E-1;1,351078E-1;9,630465E-1;;
02/12/2021  12:05:23,568158;9,356360E-1;1,385232E-1;1,155200E-1;9,625702E-1;;
02/12/2021  12:05:23,568258;9,351622E-1;1,280100E-1;1,227865E-1;9,620629E-1;;
02/12/2021  12:05:23,568358;9,348910E-1;1,200455E-1;1,155200E-1;9,615259E-1;;
02/12/2021  12:05:23,568458;9,333680E-1;1,098510E-1;1,313166E-1;9,609603E-1;;
02/12/2021  12:05:23,568558;9,332995E-1;9,328480E-2;1,249980E-1;9,603674E-1;;
02/12/2021  12:05:23,568658;9,329389E-1;1,697440E-1;2,109315E-1;9,597484E-1;;
02/12/2021  12:05:23,568758;9,318689E-1;1,133553E-1;1,205749E-1;9,591048E-1;;
02/12/2021  12:05:23,568858;9,307841E-1;1,347002E-1;1,524841E-1;9,584379E-1;;
02/12/2021  12:05:23,568958;9,296575E-1;1,302401E-1;1,325804E-1;9,577490E-1;;
02/12/2021  12:05:23,569058;9,298185E-1;1,187712E-1;1,218387E-1;9,570393E-1;;
02/12/2021  12:05:23,569158;9,296844E-1;1,123996E-1;1,313166E-1;9,563102E-1;;
02/12/2021  12:05:23,569258;9,288260E-1;1,123996E-1;1,104651E-1;9,555630E-1;;
02/12/2021  12:05:23,569358;9,282181E-1;1,012493E-1;1,543797E-1;9,547992E-1;;
02/12/2021  12:05:23,569458;9,270766E-1;1,034794E-1;1,161519E-1;9,540202E-1;;
02/12/2021  12:05:23,569558;9,269753E-1;1,037979E-1;1,142563E-1;9,532274E-1;;
02/12/2021  12:05:23,569658;9,271452E-1;9,838208E-2;1,107811E-1;9,524220E-1;;
02/12/2021  12:05:23,569758;9,265610E-1;1,060280E-1;1,126766E-1;9,516055E-1;;
02/12/2021  12:05:23,569858;9,249159E-1;9,901924E-2;9,530039E-2;9,507795E-1;;
02/12/2021  12:05:23,569958;9,246566E-1;1,203641E-1;1,205749E-1;9,499451E-1;;
02/12/2021  12:05:23,570058;9,248652E-1;8,213450E-2;1,063580E-1;9,491038E-1;;
02/12/2021  12:05:23,570158;9,245553E-1;8,054160E-2;1,088855E-1;9,482566E-1;;
02/12/2021  12:05:23,570258;9,239801E-1;1,009307E-1;1,142563E-1;9,474052E-1;;
02/12/2021  12:05:23,570358;9,235688E-1;1,015679E-1;1,054102E-1;9,465506E-1;;
02/12/2021  12:05:23,570458;9,219296E-1;2,082922E-1;2,169342E-1;9,456943E-1;;
02/12/2021  12:05:23,570558;9,226985E-1;1,283286E-1;1,546956E-1;9,448374E-1;;
02/12/2021  12:05:23,570658;9,228714E-1;1,273729E-1;1,417424E-1;9,439809E-1;;
02/12/2021  12:05:23,570758;9,220965E-1;1,350188E-1;1,445858E-1;9,431262E-1;;
02/12/2021  12:05:23,570858;9,207554E-1;1,547707E-1;1,787064E-1;9,422743E-1;;
02/12/2021  12:05:23,570958;9,197928E-1;1,343816E-1;1,354238E-1;9,414264E-1;;
02/12/2021  12:05:23,571058;9,202934E-1;1,490363E-1;1,414265E-1;9,405832E-1;;
02/12/2021  12:05:23,571158;9,207643E-1;1,614609E-1;1,414265E-1;9,397456E-1;;
02/12/2021  12:05:23,571258;9,206630E-1;1,617795E-1;1,458495E-1;9,389146E-1;;
02/12/2021  12:05:23,571358;9,190834E-1;1,767528E-1;1,594346E-1;9,380911E-1;;
02/12/2021  12:05:23,571458;9,195037E-1;1,716555E-1;1,572231E-1;9,372761E-1;;
02/12/2021  12:05:23,571558;9,205617E-1;1,423461E-1;1,461654E-1;9,364703E-1;;
02/12/2021  12:05:23,571658;9,206719E-1;1,372488E-1;1,442698E-1;9,356748E-1;;
02/12/2021  12:05:23,571758;9,203262E-1;1,397975E-1;1,310007E-1;9,348906E-1;;
02/12/2021  12:05:23,571858;9,199716E-1;1,200455E-1;1,088855E-1;9,341186E-1;;
02/12/2021  12:05:23,571958;9,203709E-1;3,498466E-2;4,380347E-2;9,333599E-1;;
02/12/2021  12:05:23,572058;9,216227E-1;1,276914E-1;8,392683E-2;9,326155E-1;;
02/12/2021  12:05:23,572158;9,216256E-1;1,423461E-1;1,303688E-1;9,318862E-1;;
02/12/2021  12:05:23,572258;9,216554E-1;1,146297E-1;1,227865E-1;9,311733E-1;;
02/12/2021  12:05:23,572358;9,217776E-1;5,728526E-2;8,961361E-2;9,304778E-1;;
02/12/2021  12:05:23,572458;9,222157E-1;1,334259E-1;1,161519E-1;9,298006E-1;;
02/12/2021  12:05:23,572558;9,233304E-1;1,302401E-1;1,291051E-1;9,291429E-1;;
02/12/2021  12:05:23,572658;9,236701E-1;1,225942E-1;1,294210E-1;9,285055E-1;;
02/12/2021  12:05:23,572758;9,231724E-1;1,324701E-1;1,335282E-1;9,278896E-1;;
02/12/2021  12:05:23,572858;9,226747E-1;1,455319E-1;1,392149E-1;9,272960E-1;;
02/12/2021  12:05:23,572958;9,235658E-1;1,343816E-1;1,388990E-1;9,267254E-1;;
02/12/2021  12:05:23,573058;9,241321E-1;1,834429E-1;1,853410E-1;9,261785E-1;;
02/12/2021  12:05:23,573158;9,248265E-1;9,870066E-2;9,435259E-2;9,256560E-1;;
02/12/2021  12:05:23,573258;9,249993E-1;1,219570E-1;1,347919E-1;9,251585E-1;;
02/12/2021  12:05:23,573358;9,247401E-1;1,264171E-1;1,335282E-1;9,246865E-1;;
02/12/2021  12:05:23,573458;9,268888E-1;1,299215E-1;1,281573E-1;9,242406E-1;;
02/12/2021  12:05:23,573558;9,278306E-1;1,350188E-1;1,360556E-1;9,238215E-1;;
02/12/2021  12:05:23,573658;9,288380E-1;1,108067E-1;1,136244E-1;9,234297E-1;;
02/12/2021  12:05:23,573758;9,292194E-1;1,385232E-1;1,477451E-1;9,230660E-1;;
02/12/2021  12:05:23,573858;9,295562E-1;1,276914E-1;1,313166E-1;9,227312E-1;;
02/12/2021  12:05:23,573958;9,315143E-1;1,324701E-1;1,502726E-1;9,224259E-1;;
02/12/2021  12:05:23,574058;9,328435E-1;1,146297E-1;1,281573E-1;9,221508E-1;;
02/12/2021  12:05:23,574158;9,338896E-1;1,353374E-1;1,363715E-1;9,219065E-1;;
02/12/2021  12:05:23,574258;9,344052E-1;1,337445E-1;1,322644E-1;9,216939E-1;;
02/12/2021  12:05:23,574358;9,348969E-1;1,139925E-1;1,006712E-1;9,215137E-1;;
02/12/2021  12:05:23,574458;9,367894E-1;1,347002E-1;1,464814E-1;9,213665E-1;;
02/12/2021  12:05:23,574558;9,372126E-1;1,391603E-1;1,411105E-1;9,212529E-1;;
02/12/2021  12:05:23,574658;9,383272E-1;1,433019E-1;1,900800E-1;9,211732E-1;;
02/12/2021  12:05:23,574758;9,376656E-1;1,276914E-1;1,249980E-1;9,211281E-1;;
02/12/2021  12:05:23,574858;9,375553E-1;1,101695E-1;1,170997E-1;9,211175E-1;;
02/12/2021  12:05:23,574958;9,395551E-1;1,292843E-1;1,281573E-1;9,211415E-1;;
02/12/2021  12:05:23,575058;9,405863E-1;1,311958E-1;1,328963E-1;9,211998E-1;;
02/12/2021  12:05:23,575158;9,405297E-1;1,544522E-1;1,499566E-1;9,212924E-1;;
02/12/2021  12:05:23,575258;9,405982E-1;1,260985E-1;1,480610E-1;9,214189E-1;;
02/12/2021  12:05:23,575358;9,414834E-1;1,356559E-1;1,322644E-1;9,215789E-1;;
02/12/2021  12:05:23,575458;9,434444E-1;1,525407E-1;1,543797E-1;9,217720E-1;;
02/12/2021  12:05:23,575558;9,444994E-1;1,356559E-1;1,373193E-1;9,219975E-1;;
02/12/2021  12:05:23,575658;9,455098E-1;1,264171E-1;1,291051E-1;9,222552E-1;;
02/12/2021  12:05:23,575758;9,452892E-1;9,392196E-2;1,155200E-1;9,225445E-1;;
02/12/2021  12:05:23,575858;9,457422E-1;1,474434E-1;1,600664E-1;9,228651E-1;;
02/12/2021  12:05:23,575958;9,470685E-1;1,362931E-1;1,395309E-1;9,232161E-1;;
02/12/2021  12:05:23,576058;9,474499E-1;1,213198E-1;1,199431E-1;9,235968E-1;;
02/12/2021  12:05:23,576158;9,479476E-1;1,073023E-1;1,031987E-1;9,240064E-1;;
02/12/2021  12:05:23,576258;9,473784E-1;1,235499E-1;1,303688E-1;9,244441E-1;;
02/12/2021  12:05:23,576358;9,480043E-1;1,560451E-1;1,572231E-1;9,249086E-1;;
02/12/2021  12:05:23,576458;9,486540E-1;9,997498E-2;9,751191E-2;9,253989E-1;;
02/12/2021  12:05:23,576558;9,493842E-1;1,194084E-1;1,445858E-1;9,259136E-1;;
02/12/2021  12:05:23,576658;9,487076E-1;1,257800E-1;1,221546E-1;9,264514E-1;;
02/12/2021  12:05:23,576758;9,467973E-1;1,378860E-1;1,379512E-1;9,270109E-1;;
02/12/2021  12:05:23,576858;9,467496E-1;1,378860E-1;1,275255E-1;9,275903E-1;;
02/12/2021  12:05:23,576958;9,473397E-1;1,327887E-1;1,196272E-1;9,281875E-1;;
02/12/2021  12:05:23,577058;9,465946E-1;1,350188E-1;1,442698E-1;9,288005E-1;;
02/12/2021  12:05:23,577158;9,460730E-1;1,149482E-1;1,234183E-1;9,294271E-1;;
02/12/2021  12:05:23,577258;9,450836E-1;1,512664E-1;1,524841E-1;9,300650E-1;;
02/12/2021  12:05:23,577358;9,452922E-1;1,264171E-1;1,145722E-1;9,307120E-1;;
02/12/2021  12:05:23,577458;9,456260E-1;9,328480E-2;1,550115E-1;9,313656E-1;;
02/12/2021  12:05:23,577558;9,455247E-1;1,283286E-1;1,205749E-1;9,320235E-1;;
02/12/2021  12:05:23,577658;9,450359E-1;1,550893E-1;1,749153E-1;9,326836E-1;;
02/12/2021  12:05:23,577758;9,444547E-1;1,442576E-1;1,490088E-1;9,333437E-1;;
02/12/2021  12:05:23,577858;9,450776E-1;1,076209E-1;1,676488E-1;9,340018E-1;;
02/12/2021  12:05:23,577958;9,453309E-1;1,104881E-1;1,284732E-1;9,346556E-1;;
02/12/2021  12:05:23,578058;9,463353E-1;1,270543E-1;1,354238E-1;9,353035E-1;;
02/12/2021  12:05:23,578158;9,462370E-1;1,410718E-1;1,499566E-1;9,359439E-1;;
02/12/2021  12:05:23,578258;9,451998E-1;1,324701E-1;1,300529E-1;9,365753E-1;;
02/12/2021  12:05:23,578358;9,459359E-1;9,774492E-2;9,308886E-2;9,371964E-1;;
02/12/2021  12:05:23,578458;9,467108E-1;1,436204E-1;1,493248E-1;9,378057E-1;;
02/12/2021  12:05:23,578558;9,469343E-1;1,417090E-1;1,436380E-1;9,384023E-1;;
02/12/2021  12:05:23,578658;9,465946E-1;1,235499E-1;1,221546E-1;9,389852E-1;;
02/12/2021  12:05:23,578758;9,457750E-1;1,292843E-1;1,449017E-1;9,395536E-1;;
02/12/2021  12:05:23,578858;9,460105E-1;1,260985E-1;1,471132E-1;9,401065E-1;;
02/12/2021  12:05:23,578958;9,460164E-1;1,350188E-1;1,338441E-1;9,406432E-1;;
02/12/2021  12:05:23,579058;9,459240E-1;1,496735E-1;1,379512E-1;9,411628E-1;;
02/12/2021  12:05:23,579158;9,446097E-1;1,487177E-1;1,442698E-1;9,416648E-1;;
02/12/2021  12:05:23,579258;9,438617E-1;1,111253E-1;1,483770E-1;9,421482E-1;;
02/12/2021  12:05:23,579358;9,444637E-1;1,299215E-1;1,360556E-1;9,426124E-1;;
02/12/2021  12:05:23,579458;9,445233E-1;1,292843E-1;1,287892E-1;9,430566E-1;;
02/12/2021  12:05:23,579558;9,439034E-1;1,200455E-1;1,316326E-1;9,434802E-1;;
02/12/2021  12:05:23,579658;9,428811E-1;1,213198E-1;1,287892E-1;9,438827E-1;;
02/12/2021  12:05:23,579758;9,426278E-1;1,280100E-1;1,227865E-1;9,442635E-1;;
02/12/2021  12:05:23,579858;9,429974E-1;1,522221E-1;1,512204E-1;9,446221E-1;;
02/12/2021  12:05:23,579958;9,428454E-1;1,136739E-1;1,158360E-1;9,449581E-1;;
02/12/2021  12:05:23,580058;9,432507E-1;1,251428E-1;1,294210E-1;9,452713E-1;;
02/12/2021  12:05:23,580158;9,418470E-1;1,257800E-1;1,303688E-1;9,455614E-1;;
02/12/2021  12:05:23,580258;9,414625E-1;1,369303E-1;1,363715E-1;9,458284E-1;;
02/12/2021  12:05:23,580358;9,421182E-1;1,009307E-1;1,000394E-1;9,460722E-1;;
02/12/2021  12:05:23,580458;9,422076E-1;1,311958E-1;1,234183E-1;9,462926E-1;;
02/12/2021  12:05:23,580558;9,411704E-1;1,334259E-1;1,319485E-1;9,464899E-1;;
02/12/2021  12:05:23,580658;9,399664E-1;1,117624E-1;9,466852E-2;9,466642E-1;;
02/12/2021  12:05:23,580758;9,397399E-1;1,178155E-1;1,262617E-1;9,468155E-1;;
02/12/2021  12:05:23,580858;9,391796E-1;1,385232E-1;1,556434E-1;9,469438E-1;;
02/12/2021  12:05:23,580958;9,394001E-1;1,280100E-1;1,338441E-1;9,470492E-1;;
02/12/2021  12:05:23,581058;9,381991E-1;1,318330E-1;1,294210E-1;9,471318E-1;;
02/12/2021  12:05:23,581158;9,361546E-1;1,340630E-1;1,281573E-1;9,471917E-1;;
02/12/2021  12:05:23,581258;9,359549E-1;1,369303E-1;1,117289E-1;9,472288E-1;;
02/12/2021  12:05:23,581358;9,354572E-1;1,280100E-1;1,196272E-1;9,472429E-1;;
02/12/2021  12:05:23,581458;9,350936E-1;1,286472E-1;1,234183E-1;9,472340E-1;;
02/12/2021  12:05:23,581558;9,337495E-1;1,280100E-1;1,297370E-1;9,472021E-1;;
02/12/2021  12:05:23,581658;9,321431E-1;1,334259E-1;1,284732E-1;9,471471E-1;;
02/12/2021  12:05:23,581758;9,318510E-1;1,289658E-1;1,234183E-1;9,470688E-1;;
02/12/2021  12:05:23,581858;9,316365E-1;1,318330E-1;1,278414E-1;9,469671E-1;;
02/12/2021  12:05:23,581958;9,312282E-1;1,184526E-1;1,139404E-1;9,468419E-1;;
02/12/2021  12:05:23,582058;9,297678E-1;1,130368E-1;1,212068E-1;9,466934E-1;;
02/12/2021  12:05:23,582158;9,287754E-1;1,114439E-1;1,126766E-1;9,465214E-1;;
02/12/2021  12:05:23,582258;9,291360E-1;1,073023E-1;1,177316E-1;9,463262E-1;;
02/12/2021  12:05:23,582358;9,293685E-1;8,277166E-2;1,202590E-1;9,461079E-1;;
02/12/2021  12:05:23,582458;9,285489E-1;1,079395E-1;1,183634E-1;9,458667E-1;;
02/12/2021  12:05:23,582558;9,272971E-1;1,073023E-1;1,148882E-1;9,456033E-1;;
02/12/2021  12:05:23,582658;9,256282E-1;1,152668E-1;1,392149E-1;9,453179E-1;;
02/12/2021  12:05:23,582758;9,260037E-1;1,273729E-1;1,366875E-1;9,450110E-1;;
02/12/2021  12:05:23,582858;9,257921E-1;1,210013E-1;1,265777E-1;9,446828E-1;;
02/12/2021  12:05:23,582958;9,255179E-1;1,222756E-1;1,306848E-1;9,443340E-1;;
02/12/2021  12:05:23,583058;9,245463E-1;5,473662E-2;6,275939E-2;9,439650E-1;;
02/12/2021  12:05:23,583158;9,240754E-1;1,216384E-1;1,584868E-1;9,435766E-1;;
02/12/2021  12:05:23,583258;9,245255E-1;9,583344E-2;1,202590E-1;9,431694E-1;;
02/12/2021  12:05:23,583358;9,245314E-1;1,057094E-1;1,240502E-1;9,427442E-1;;
02/12/2021  12:05:23,583458;9,244808E-1;8,659462E-2;1,142563E-1;9,423021E-1;;
02/12/2021  12:05:23,583558;9,228416E-1;8,914326E-2;9,466852E-2;9,418440E-1;;
02/12/2021  12:05:23,583658;9,221293E-1;9,678918E-2;1,022509E-1;9,413709E-1;;
02/12/2021  12:05:23,583758;9,224184E-1;1,098510E-1;1,237343E-1;9,408837E-1;;
02/12/2021  12:05:23,583858;9,233214E-1;1,047537E-1;1,189953E-1;9,403833E-1;;
02/12/2021  12:05:23,583958;9,226777E-1;9,041758E-2;1,259458E-1;9,398708E-1;;
02/12/2021  12:05:23,584058;9,217478E-1;8,149734E-2;1,092014E-1;9,393474E-1;;
02/12/2021  12:05:23,584158;9,219505E-1;1,050723E-1;1,126766E-1;9,388143E-1;;
02/12/2021  12:05:23,584258;9,228386E-1;1,630538E-1;1,524841E-1;9,382726E-1;;
02/12/2021  12:05:23,584358;9,228982E-1;1,308772E-1;1,246821E-1;9,377235E-1;;
02/12/2021  12:05:23,584458;9,227164E-1;1,079395E-1;6,307532E-2;9,371684E-1;;
02/12/2021  12:05:23,584558;9,218611E-1;1,576380E-1;1,509044E-1;9,366088E-1;;
02/12/2021  12:05:23,584658;9,221561E-1;1,869473E-1;1,578549E-1;9,360459E-1;;
02/12/2021  12:05:23,584758;9,232588E-1;1,321516E-1;1,231024E-1;9,354810E-1;;
02/12/2021  12:05:23,584858;9,234496E-1;1,369303E-1;1,319485E-1;9,349154E-1;;
02/12/2021  12:05:23,584958;9,241738E-1;1,388417E-1;1,174156E-1;9,343508E-1;;
02/12/2021  12:05:23,585058;9,235300E-1;1,541336E-1;1,531159E-1;9,337886E-1;;
02/12/2021  12:05:23,585158;9,245821E-1;1,343816E-1;1,306848E-1;9,332303E-1;;
02/12/2021  12:05:23,585258;9,264805E-1;-6,027076E-2;7,155359E-3;9,326774E-1;;
02/12/2021  12:05:23,585358;9,267070E-1;1,222756E-1;1,025668E-1;9,321318E-1;;
02/12/2021  12:05:23,585458;9,272167E-1;1,382046E-1;1,398468E-1;9,315951E-1;;
02/12/2021  12:05:23,585558;9,271750E-1;1,028422E-1;1,158360E-1;9,310692E-1;;
02/12/2021  12:05:23,585658;9,277949E-1;1,079395E-1;8,834988E-2;9,305558E-1;;
02/12/2021  12:05:23,585758;9,292612E-1;1,037979E-1;1,142563E-1;9,300563E-1;;
02/12/2021  12:05:23,585858;9,305934E-1;1,219570E-1;1,221546E-1;9,295726E-1;;
02/12/2021  12:05:23,585958;9,299407E-1;1,292843E-1;1,291051E-1;9,291062E-1;;
02/12/2021  12:05:23,586058;9,309480E-1;1,276914E-1;1,215227E-1;9,286588E-1;;
02/12/2021  12:05:23,586158;9,315471E-1;1,006121E-1;1,047783E-1;9,282320E-1;;
02/12/2021  12:05:23,586258;9,325067E-1;1,009307E-1;1,133085E-1;9,278269E-1;;
02/12/2021  12:05:23,586358;9,336303E-1;1,296029E-1;1,272095E-1;9,274452E-1;;
02/12/2021  12:05:23,586458;9,332220E-1;1,225942E-1;1,310007E-1;9,270880E-1;;
02/12/2021  12:05:23,586558;9,323160E-1;1,127182E-1;1,098333E-1;9,267565E-1;;
02/12/2021  12:05:23,586658;9,329687E-1;1,267357E-1;1,281573E-1;9,264515E-1;;
02/12/2021  12:05:23,586758;9,338985E-1;1,267357E-1;1,360556E-1;9,261736E-1;;
02/12/2021  12:05:23,586858;9,340773E-1;1,528593E-1;1,417424E-1;9,259233E-1;;
02/12/2021  12:05:23,586958;9,335886E-1;1,047537E-1;1,218387E-1;9,257010E-1;;
02/12/2021  12:05:23,587058;9,331147E-1;1,178155E-1;1,221546E-1;9,255070E-1;;
02/12/2021  12:05:23,587158;9,339134E-1;1,044351E-1;1,092014E-1;9,253411E-1;;
02/12/2021  12:05:23,587258;9,344677E-1;1,347002E-1;1,398468E-1;9,252031E-1;;
02/12/2021  12:05:23,587358;9,345184E-1;1,178155E-1;1,167838E-1;9,250930E-1;;
02/12/2021  12:05:23,587458;9,340982E-1;1,159040E-1;1,073058E-1;9,250102E-1;;
02/12/2021  12:05:23,587558;9,337704E-1;1,034794E-1;8,961361E-2;9,249545E-1;;
02/12/2021  12:05:23,587658;9,347896E-1;1,210013E-1;1,546956E-1;9,249250E-1;;
02/12/2021  12:05:23,587758;9,357046E-1;1,165411E-1;1,268936E-1;9,249213E-1;;
02/12/2021  12:05:23,587858;9,365152E-1;1,146297E-1;1,174156E-1;9,249425E-1;;
02/12/2021  12:05:23,587958;9,357880E-1;1,041165E-1;1,088855E-1;9,249883E-1;;
02/12/2021  12:05:23,588058;9,364437E-1;1,283286E-1;1,328963E-1;9,250579E-1;;
02/12/2021  12:05:23,588158;9,383690E-1;1,694254E-1;1,714400E-1;9,251507E-1;;
02/12/2021  12:05:23,588258;9,393227E-1;1,382046E-1;1,313166E-1;9,252662E-1;;
02/12/2021  12:05:23,588358;9,399306E-1;1,098510E-1;1,170997E-1;9,254039E-1;;
02/12/2021  12:05:23,588458;9,393405E-1;1,289658E-1;1,294210E-1;9,255634E-1;;
02/12/2021  12:05:23,588558;9,394985E-1;1,388417E-1;1,325804E-1;9,257444E-1;;
02/12/2021  12:05:23,588658;9,404045E-1;1,203641E-1;1,224705E-1;9,259462E-1;;
02/12/2021  12:05:23,588758;9,411317E-1;1,073023E-1;1,148882E-1;9,261682E-1;;
02/12/2021  12:05:23,588858;9,415340E-1;1,245056E-1;1,246821E-1;9,264096E-1;;
02/12/2021  12:05:23,588958;9,409231E-1;1,487177E-1;1,622780E-1;9,266700E-1;;
02/12/2021  12:05:23,589058;9,413552E-1;1,165411E-1;1,139404E-1;9,269485E-1;;
02/12/2021  12:05:23,589158;9,427738E-1;1,251428E-1;1,177316E-1;9,272444E-1;;
02/12/2021  12:05:23,589258;9,431047E-1;1,267357E-1;1,262617E-1;9,275569E-1;;
02/12/2021  12:05:23,589358;9,436053E-1;1,337445E-1;1,332122E-1;9,278852E-1;;
02/12/2021  12:05:23,589458;9,429020E-1;1,388417E-1;1,531159E-1;9,282288E-1;;
02/12/2021  12:05:23,589558;9,436888E-1;1,114439E-1;9,340479E-2;9,285869E-1;;
02/12/2021  12:05:23,589658;9,454174E-1;8,468314E-2;7,760819E-2;9,289585E-1;;
02/12/2021  12:05:23,589758;9,463979E-1;1,181340E-1;1,177316E-1;9,293430E-1;;
02/12/2021  12:05:23,589858;9,470059E-1;1,366117E-1;1,385831E-1;9,297400E-1;;
02/12/2021  12:05:23,589958;9,474529E-1;1,229127E-1;1,253139E-1;9,301489E-1;;
02/12/2021  12:05:23,590058;9,487017E-1;1,299215E-1;1,319485E-1;9,305695E-1;;
02/12/2021  12:05:23,590158;9,499385E-1;1,168597E-1;1,101492E-1;9,310013E-1;;
02/12/2021  12:05:23,590258;9,508087E-1;1,397975E-1;1,328963E-1;9,314441E-1;;
02/12/2021  12:05:23,590358;9,506895E-1;1,474434E-1;1,720719E-1;9,318978E-1;;
02/12/2021  12:05:23,590458;9,506597E-1;7,417000E-2;8,866581E-2;9,323621E-1;;
02/12/2021  12:05:23,590558;9,520634E-1;1,289658E-1;1,291051E-1;9,328368E-1;;
02/12/2021  12:05:23,590658;9,526595E-1;1,299215E-1;1,208909E-1;9,333214E-1;;
02/12/2021  12:05:23,590758;9,528264E-1;1,375674E-1;1,335282E-1;9,338156E-1;;
02/12/2021  12:05:23,590858;9,524807E-1;1,289658E-1;1,341600E-1;9,343192E-1;;
02/12/2021  12:05:23,590958;9,516402E-1;1,238685E-1;1,199431E-1;9,348315E-1;;
02/12/2021  12:05:23,591058;9,523645E-1;1,627352E-1;1,736515E-1;9,353518E-1;;
02/12/2021  12:05:23,591158;9,530797E-1;1,257800E-1;1,417424E-1;9,358794E-1;;
02/12/2021  12:05:23,591258;9,534701E-1;1,327887E-1;1,294210E-1;9,364134E-1;;
02/12/2021  12:05:23,591358;9,527847E-1;1,245056E-1;1,199431E-1;9,369530E-1;;
02/12/2021  12:05:23,591458;9,526059E-1;1,222756E-1;1,316326E-1;9,374974E-1;;
02/12/2021  12:05:23,591558;9,536996E-1;1,203641E-1;1,117289E-1;9,380457E-1;;
02/12/2021  12:05:23,591658;9,537652E-1;1,257800E-1;1,259458E-1;9,385969E-1;;
02/12/2021  12:05:23,591758;9,537235E-1;1,362931E-1;1,335282E-1;9,391502E-1;;
02/12/2021  12:05:23,591858;9,529873E-1;1,187712E-1;1,155200E-1;9,397046E-1;;
02/12/2021  12:05:23,591958;9,525105E-1;-3,255430E-2;6,339125E-2;9,402591E-1;;
02/12/2021  12:05:23,592058;9,536847E-1;1,174969E-1;1,862888E-1;9,408127E-1;;
02/12/2021  12:05:23,592158;9,535774E-1;1,286472E-1;1,291051E-1;9,413642E-1;;
02/12/2021  12:05:23,592258;9,532556E-1;1,181340E-1;1,341600E-1;9,419128E-1;;
02/12/2021  12:05:23,592358;9,519353E-1;1,213198E-1;1,253139E-1;9,424574E-1;;
02/12/2021  12:05:23,592458;9,514108E-1;1,598680E-1;2,178820E-1;9,429968E-1;;
02/12/2021  12:05:23,592558;9,519323E-1;1,152668E-1;1,101492E-1;9,435298E-1;;
02/12/2021  12:05:23,592658;9,519711E-1;1,229127E-1;1,240502E-1;9,440552E-1;;
02/12/2021  12:05:23,592758;9,515598E-1;1,257800E-1;1,294210E-1;9,445718E-1;;
02/12/2021  12:05:23,592858;9,504571E-1;1,417090E-1;1,436380E-1;9,450787E-1;;
02/12/2021  12:05:23,592958;9,507193E-1;1,541336E-1;1,467973E-1;9,455745E-1;;
02/12/2021  12:05:23,593058;9,514584E-1;1,585937E-1;1,483770E-1;9,460583E-1;;
02/12/2021  12:05:23,593158;9,514853E-1;1,372488E-1;1,338441E-1;9,465290E-1;;
02/12/2021  12:05:23,593258;9,520217E-1;1,241871E-1;1,227865E-1;9,469860E-1;;
02/12/2021  12:05:23,593358;9,501203E-1;1,343816E-1;1,556434E-1;9,474285E-1;;
02/12/2021  12:05:23,593458;9,502186E-1;1,200455E-1;8,108345E-2;9,478559E-1;;
02/12/2021  12:05:23,593558;9,510263E-1;1,321516E-1;1,373193E-1;9,482675E-1;;
02/12/2021  12:05:23,593658;9,505435E-1;1,219570E-1;1,249980E-1;9,486627E-1;;
02/12/2021  12:05:23,593758;9,494765E-1;1,480806E-1;1,474292E-1;9,490409E-1;;
02/12/2021  12:05:23,593858;9,482546E-1;1,251428E-1;1,316326E-1;9,494016E-1;;
02/12/2021  12:05:23,593958;9,486570E-1;1,018865E-1;9,972343E-2;9,497441E-1;;
02/12/2021  12:05:23,594058;9,489848E-1;5,983390E-2;5,580889E-2;9,500679E-1;;
02/12/2021  12:05:23,594158;9,483351E-1;1,353374E-1;1,711241E-1;9,503724E-1;;
02/12/2021  12:05:23,594258;9,472741E-1;1,506292E-1;1,411105E-1;9,506574E-1;;
02/12/2021  12:05:23,594358;9,454859E-1;1,337445E-1;1,322644E-1;9,509222E-1;;
02/12/2021  12:05:23,594458;9,457869E-1;1,222756E-1;1,025668E-1;9,511664E-1;;
02/12/2021  12:05:23,594558;9,463442E-1;1,461691E-1;1,243661E-1;9,513893E-1;;
02/12/2021  12:05:23,594658;9,450687E-1;2,956880E-2;8,139938E-2;9,515906E-1;;
02/12/2021  12:05:23,594758;9,448839E-1;1,391603E-1;1,382671E-1;9,517700E-1;;
02/12/2021  12:05:23,594858;9,437007E-1;1,270543E-1;1,291051E-1;9,519271E-1;;
02/12/2021  12:05:23,594958;9,440464E-1;1,318330E-1;1,202590E-1;9,520617E-1;;
02/12/2021  12:05:23,595058;9,441299E-1;1,407532E-1;1,398468E-1;9,521735E-1;;
02/12/2021  12:05:23,595158;9,437037E-1;1,496735E-1;1,401627E-1;9,522626E-1;;
02/12/2021  12:05:23,595258;9,423298E-1;1,363980E-2;6,117973E-2;9,523290E-1;;
02/12/2021  12:05:23,595358;9,413403E-1;1,178155E-1;1,177316E-1;9,523727E-1;;
02/12/2021  12:05:23,595458;9,420854E-1;1,149482E-1;1,417424E-1;9,523936E-1;;
02/12/2021  12:05:23,595558;9,423238E-1;1,229127E-1;1,493248E-1;9,523918E-1;;
02/12/2021  12:05:23,595658;9,417397E-1;1,111253E-1;1,133085E-1;9,523677E-1;;
02/12/2021  12:05:23,595758;9,405267E-1;9,806350E-2;1,016190E-1;9,523216E-1;;
02/12/2021  12:05:23,595858;9,400379E-1;1,194084E-1;1,215227E-1;9,522538E-1;;
02/12/2021  12:05:23,595958;9,403300E-1;4,581638E-2;8,740209E-2;9,521646E-1;;
02/12/2021  12:05:23,596058;9,401989E-1;1,120810E-1;1,205749E-1;9,520544E-1;;
02/12/2021  12:05:23,596158;9,393584E-1;1,241871E-1;1,847091E-1;9,519237E-1;;
02/12/2021  12:05:23,596258;9,378057E-1;7,385142E-2;1,050943E-1;9,517731E-1;;
02/12/2021  12:05:23,596358;9,377580E-1;1,187712E-1;1,243661E-1;9,516029E-1;;
02/12/2021  12:05:23,596458;9,374212E-1;1,028422E-1;1,167838E-1;9,514134E-1;;
02/12/2021  12:05:23,596558;9,373110E-1;9,424054E-2;1,041465E-1;9,512052E-1;;
02/12/2021  12:05:23,596658;9,370606E-1;1,165411E-1;1,332122E-1;9,509787E-1;;
02/12/2021  12:05:23,596758;9,354781E-1;1,104881E-1;1,243661E-1;9,507345E-1;;
02/12/2021  12:05:23,596858;9,351204E-1;1,114439E-1;1,300529E-1;9,504731E-1;;
02/12/2021  12:05:23,596958;9,357821E-1;1,155854E-1;1,316326E-1;9,501950E-1;;
02/12/2021  12:05:23,597058;9,360294E-1;9,774492E-2;1,180475E-1;9,499007E-1;;
02/12/2021  12:05:23,597158;9,352814E-1;7,703722E-2;8,234717E-2;9,495910E-1;;
02/12/2021  12:05:23,597258;9,343843E-1;1,678325E-1;1,850251E-1;9,492666E-1;;
02/12/2021  12:05:23,597358;9,349714E-1;1,302401E-1;1,458495E-1;9,489285E-1;;
02/12/2021  12:05:23,597458;9,353976E-1;1,471248E-1;1,613302E-1;9,485773E-1;;
02/12/2021  12:05:23,597558;9,353052E-1;1,452133E-1;1,357397E-1;9,482141E-1;;
02/12/2021  12:05:23,597658;9,348105E-1;1,649653E-1;1,417424E-1;9,478398E-1;;
02/12/2021  12:05:23,597758;9,348105E-1;1,907703E-1;1,837613E-1;9,474557E-1;;
02/12/2021  12:05:23,597858;9,347807E-1;1,471248E-1;1,467973E-1;9,470626E-1;;
02/12/2021  12:05:23,597958;9,354602E-1;1,088952E-1;1,338441E-1;9,466616E-1;;
02/12/2021  12:05:23,598058;9,347449E-1;1,528593E-1;1,528000E-1;9,462540E-1;;
02/12/2021  12:05:23,598158;9,342561E-1;1,617795E-1;1,569071E-1;9,458409E-1;;
02/12/2021  12:05:23,598258;9,330134E-1;1,573194E-1;1,287892E-1;9,454232E-1;;
02/12/2021  12:05:23,598358;9,326736E-1;1,327887E-1;1,218387E-1;9,450018E-1;;
02/12/2021  12:05:23,598458;9,321759E-1;1,139925E-1;1,202590E-1;9,445774E-1;;
02/12/2021  12:05:23,598558;9,311358E-1;1,547707E-1;1,606983E-1;9,441506E-1;;
02/12/2021  12:05:23,598658;9,299019E-1;1,321516E-1;1,328963E-1;9,437219E-1;;
02/12/2021  12:05:23,598758;9,286621E-1;1,315144E-1;1,341600E-1;9,432916E-1;;
02/12/2021  12:05:23,598858;9,285668E-1;1,184526E-1;1,129926E-1;9,428596E-1;;
02/12/2021  12:05:23,598958;9,277680E-1;1,315144E-1;1,202590E-1;9,424262E-1;;
02/12/2021  12:05:23,599058;9,275087E-1;1,382046E-1;1,221546E-1;9,419912E-1;;
02/12/2021  12:05:23,599158;9,270230E-1;1,334259E-1;1,591187E-1;9,415548E-1;;
02/12/2021  12:05:23,599258;9,260246E-1;1,120810E-1;1,155200E-1;9,411169E-1;;
02/12/2021  12:05:23,599358;9,267398E-1;1,296029E-1;1,243661E-1;9,406775E-1;;
02/12/2021  12:05:23,599458;9,277561E-1;1,130368E-1;1,259458E-1;9,402367E-1;;
02/12/2021  12:05:23,599558;9,273687E-1;1,206827E-1;1,193112E-1;9,397949E-1;;
02/12/2021  12:05:23,599658;9,276369E-1;1,248242E-1;1,354238E-1;9,393525E-1;;
02/12/2021  12:05:23,599758;9,282359E-1;1,241871E-1;1,170997E-1;9,389102E-1;;
02/12/2021  12:05:23,599858;9,290853E-1;1,570008E-1;1,606983E-1;9,384685E-1;;
02/12/2021  12:05:23,599958;9,297410E-1;1,356559E-1;1,569071E-1;9,380283E-1;;
02/12/2021  12:05:23,600058;9,300599E-1;1,257800E-1;1,278414E-1;9,375907E-1;;
02/12/2021  12:05:23,600158;9,295562E-1;1,159040E-1;1,035146E-1;9,371567E-1;;
02/12/2021  12:05:23,600258;9,295115E-1;1,120810E-1;1,155200E-1;9,367274E-1;;
02/12/2021  12:05:23,600358;9,303639E-1;1,245056E-1;1,025668E-1;9,363036E-1;;
02/12/2021  12:05:23,600458;9,309152E-1;1,286472E-1;1,281573E-1;9,358864E-1;;
02/12/2021  12:05:23,600558;9,308318E-1;1,200455E-1;1,284732E-1;9,354767E-1;;
02/12/2021  12:05:23,600658;9,301523E-1;1,178155E-1;1,234183E-1;9,350757E-1;;
02/12/2021  12:05:23,600758;9,301880E-1;1,327887E-1;9,087734E-2;9,346840E-1;;
02/12/2021  12:05:23,600858;9,311924E-1;1,369303E-1;1,335282E-1;9,343025E-1;;
02/12/2021  12:05:23,600958;9,304235E-1;1,149482E-1;1,180475E-1;9,339319E-1;;
02/12/2021  12:05:23,601058;9,304145E-1;1,178155E-1;1,414265E-1;9,335728E-1;;
02/12/2021  12:05:23,601158;9,301284E-1;1,397975E-1;1,354238E-1;9,332259E-1;;
02/12/2021  12:05:23,601258;9,300331E-1;1,299215E-1;1,294210E-1;9,328914E-1;;
02/12/2021  12:05:23,601358;9,312073E-1;1,245056E-1;1,291051E-1;9,325697E-1;;
02/12/2021  12:05:23,601458;9,309033E-1;1,302401E-1;1,291051E-1;9,322613E-1;;
02/12/2021  12:05:23,601558;9,306708E-1;1,378860E-1;1,411105E-1;9,319665E-1;;
02/12/2021  12:05:23,601658;9,305695E-1;1,238685E-1;1,221546E-1;9,316856E-1;;
02/12/2021  12:05:23,601758;9,308526E-1;1,063466E-1;1,133085E-1;9,314187E-1;;
02/12/2021  12:05:23,601858;9,321103E-1;1,305587E-1;1,303688E-1;9,311660E-1;;
02/12/2021  12:05:23,601958;9,321372E-1;1,299215E-1;1,328963E-1;9,309277E-1;;
02/12/2021  12:05:23,602058;9,321610E-1;1,229127E-1;1,003553E-1;9,307042E-1;;
02/12/2021  12:05:23,602158;9,315947E-1;8,054160E-2;9,940750E-2;9,304956E-1;;
02/12/2021  12:05:23,602258;9,323696E-1;1,273729E-1;1,335282E-1;9,303021E-1;;
02/12/2021  12:05:23,602358;9,327094E-1;9,169190E-2;1,177316E-1;9,301236E-1;;
02/12/2021  12:05:23,602458;9,328375E-1;1,276914E-1;1,319485E-1;9,299604E-1;;
02/12/2021  12:05:23,602558;9,328584E-1;1,340630E-1;1,221546E-1;9,298123E-1;;
02/12/2021  12:05:23,602658;9,326587E-1;4,581638E-2;8,866581E-2;9,296794E-1;;
02/12/2021  12:05:23,602758;9,328584E-1;1,245056E-1;1,259458E-1;9,295616E-1;;
02/12/2021  12:05:23,602858;9,335409E-1;1,809992E-2;8,329497E-2;9,294588E-1;;
02/12/2021  12:05:23,602958;9,333501E-1;1,302401E-1;1,054102E-1;9,293707E-1;;
02/12/2021  12:05:23,603058;9,330253E-1;1,206827E-1;1,208909E-1;9,292972E-1;;
02/12/2021  12:05:23,603158;9,325991E-1;1,044351E-1;1,092014E-1;9,292381E-1;;
02/12/2021  12:05:23,603258;9,337495E-1;1,063466E-1;9,340479E-2;9,291929E-1;;
02/12/2021  12:05:23,603358;9,343187E-1;1,385232E-1;1,218387E-1;9,291612E-1;;
02/12/2021  12:05:23,603458;9,340088E-1;1,299215E-1;1,237343E-1;9,291429E-1;;
02/12/2021  12:05:23,603558;9,337912E-1;1,238685E-1;1,158360E-1;9,291376E-1;;
02/12/2021  12:05:23,603658;9,339015E-1;1,340630E-1;1,325804E-1;9,291449E-1;;
02/12/2021  12:05:23,603758;9,356479E-1;1,448948E-1;1,445858E-1;9,291644E-1;;
02/12/2021  12:05:23,603858;9,358745E-1;1,321516E-1;1,316326E-1;9,291960E-1;;
02/12/2021  12:05:23,603958;9,363632E-1;1,095324E-1;9,877564E-2;9,292393E-1;;
02/12/2021  12:05:23,604058;9,364884E-1;1,018865E-1;1,196272E-1;9,292943E-1;;
02/12/2021  12:05:23,604158;9,367298E-1;1,104881E-1;9,245700E-2;9,293609E-1;;
02/12/2021  12:05:23,604258;9,382289E-1;1,334259E-1;1,376353E-1;9,294390E-1;;
02/12/2021  12:05:23,604358;9,385537E-1;1,321516E-1;1,537478E-1;9,295285E-1;;
02/12/2021  12:05:23,604458;9,388786E-1;1,028422E-1;1,063580E-1;9,296294E-1;;
02/12/2021  12:05:23,604558;9,385865E-1;1,174969E-1;1,272095E-1;9,297417E-1;;
02/12/2021  12:05:23,604658;9,392183E-1;9,009900E-2;1,306848E-1;9,298655E-1;;
02/12/2021  12:05:23,604758;9,402346E-1;1,340630E-1;1,344760E-1;9,300005E-1;;
02/12/2021  12:05:23,604858;9,400499E-1;1,098510E-1;1,202590E-1;9,301467E-1;;
02/12/2021  12:05:23,604958;9,394538E-1;1,283286E-1;1,148882E-1;9,303041E-1;;
02/12/2021  12:05:23,605058;9,391766E-1;1,461691E-1;1,351078E-1;9,304722E-1;;
02/12/2021  12:05:23,605158;9,388548E-1;6,238254E-2;9,972343E-2;9,306508E-1;;
02/12/2021  12:05:23,605258;9,399515E-1;1,429833E-1;1,768108E-1;9,308392E-1;;
02/12/2021  12:05:23,605358;9,398263E-1;1,152668E-1;1,202590E-1;9,310370E-1;;
02/12/2021  12:05:23,605458;9,392571E-1;1,184526E-1;1,253139E-1;9,312435E-1;;
02/12/2021  12:05:23,605558;9,385359E-1;1,296029E-1;1,300529E-1;9,314582E-1;;
02/12/2021  12:05:23,605658;9,379964E-1;1,174969E-1;1,107811E-1;9,316803E-1;;
02/12/2021  12:05:23,605758;9,390544E-1;1,203641E-1;1,294210E-1;9,319088E-1;;
02/12/2021  12:05:23,605858;9,379785E-1;1,044351E-1;9,845971E-2;9,321429E-1;;
02/12/2021  12:05:23,605958;9,379219E-1;1,327887E-1;1,385831E-1;9,323816E-1;;
02/12/2021  12:05:23,606058;9,372215E-1;1,286472E-1;1,275255E-1;9,326240E-1;;
02/12/2021  12:05:23,606158;9,369056E-1;1,123996E-1;9,877564E-2;9,328690E-1;;
02/12/2021  12:05:23,606258;9,372126E-1;1,127182E-1;1,098333E-1;9,331155E-1;;
02/12/2021  12:05:23,606358;9,375106E-1;1,334259E-1;1,287892E-1;9,333625E-1;;
02/12/2021  12:05:23,606458;9,367805E-1;1,334259E-1;1,281573E-1;9,336090E-1;;
02/12/2021  12:05:23,606558;9,364556E-1;1,095324E-1;9,277293E-2;9,338541E-1;;
02/12/2021  12:05:23,606658;9,374153E-1;1,216384E-1;1,221546E-1;9,340969E-1;;
02/12/2021  12:05:23,606758;9,381633E-1;8,054160E-2;1,313166E-1;9,343364E-1;;
02/12/2021  12:05:23,606858;9,383600E-1;1,353374E-1;1,351078E-1;9,345723E-1;;
02/12/2021  12:05:23,606958;9,382647E-1;1,267357E-1;1,268936E-1;9,348039E-1;;
02/12/2021  12:05:23,607058;9,377252E-1;9,647060E-2;1,259458E-1;9,350310E-1;;
02/12/2021  12:05:23,607158;9,385984E-1;1,213198E-1;1,246821E-1;9,352530E-1;;
02/12/2021  12:05:23,607258;9,390932E-1;1,343816E-1;1,253139E-1;9,354698E-1;;
02/12/2021  12:05:23,607358;9,390455E-1;1,264171E-1;1,246821E-1;9,356811E-1;;
02/12/2021  12:05:23,607458;9,390336E-1;1,334259E-1;1,237343E-1;9,358867E-1;;
02/12/2021  12:05:23,607558;9,382527E-1;1,181340E-1;1,174156E-1;9,360866E-1;;
02/12/2021  12:05:23,607658;9,390902E-1;1,324701E-1;1,357397E-1;9,362805E-1;;
02/12/2021  12:05:23,607758;9,401720E-1;1,356559E-1;1,028828E-1;9,364685E-1;;
02/12/2021  12:05:23,607858;9,402436E-1;7,130278E-2;5,612482E-2;9,366505E-1;;
02/12/2021  12:05:23,607958;9,398949E-1;9,455912E-2;9,751191E-2;9,368267E-1;;
02/12/2021  12:05:23,608058;9,394359E-1;1,117624E-1;1,174156E-1;9,369972E-1;;
02/12/2021  12:05:23,608158;9,401542E-1;8,595746E-2;8,013565E-2;9,371622E-1;;
02/12/2021  12:05:23,608258;9,406668E-1;1,143111E-1;1,303688E-1;9,373216E-1;;
02/12/2021  12:05:23,608358;9,406966E-1;1,037979E-1;1,158360E-1;9,374758E-1;;
02/12/2021  12:05:23,608458;9,410989E-1;1,018865E-1;1,110970E-1;9,376249E-1;;
02/12/2021  12:05:23,608558;9,398800E-1;1,057094E-1;1,177316E-1;9,377692E-1;;
02/12/2021  12:05:23,608658;9,415847E-1;1,076209E-1;1,158360E-1;9,379088E-1;;
02/12/2021  12:05:23,608758;9,416294E-1;1,120810E-1;1,452176E-1;9,380441E-1;;
02/12/2021  12:05:23,608858;9,415609E-1;1,063466E-1;1,117289E-1;9,381752E-1;;
02/12/2021  12:05:23,608958;9,405744E-1;6,843556E-2;6,623464E-2;9,383025E-1;;
02/12/2021  12:05:23,609058;9,405923E-1;9,424054E-2;1,676488E-1;9,384262E-1;;
02/12/2021  12:05:23,609158;9,411585E-1;1,139925E-1;1,253139E-1;9,385463E-1;;
02/12/2021  12:05:23,609258;9,413701E-1;9,360338E-2;1,133085E-1;9,386630E-1;;
02/12/2021  12:05:23,609358;9,407234E-1;9,360338E-2;1,063580E-1;9,387763E-1;;
02/12/2021  12:05:23,609458;9,404045E-1;5,441804E-2;7,350108E-2;9,388864E-1;;
02/12/2021  12:05:23,609558;9,402913E-1;1,187712E-1;1,821817E-1;9,389931E-1;;
02/12/2021  12:05:23,609658;9,415251E-1;1,015679E-1;9,814378E-2;9,390966E-1;;
02/12/2021  12:05:23,609758;9,412628E-1;9,774492E-2;1,117289E-1;9,391968E-1;;
02/12/2021  12:05:23,609858;9,410334E-1;1,318330E-1;1,733356E-1;9,392939E-1;;
02/12/2021  12:05:23,609958;9,408694E-1;1,187712E-1;1,322644E-1;9,393880E-1;;
02/12/2021  12:05:23,610058;9,400200E-1;1,165411E-1;1,332122E-1;9,394790E-1;;
02/12/2021  12:05:23,610158;9,419960E-1;3,880762E-2;7,950379E-2;9,395670E-1;;
02/12/2021  12:05:23,610258;9,417725E-1;1,417090E-1;1,417424E-1;9,396520E-1;;
02/12/2021  12:05:23,610358;9,423596E-1;1,649653E-1;1,695444E-1;9,397343E-1;;
02/12/2021  12:05:23,610458;9,417903E-1;1,487177E-1;1,373193E-1;9,398141E-1;;
02/12/2021  12:05:23,610558;9,426844E-1;1,547707E-1;1,433221E-1;9,398916E-1;;
02/12/2021  12:05:23,610658;9,447736E-1;1,773899E-1;1,477451E-1;9,399672E-1;;
02/12/2021  12:05:23,610758;9,439362E-1;1,732484E-1;1,534319E-1;9,400414E-1;;
02/12/2021  12:05:23,610858;9,445859E-1;1,544522E-1;1,253139E-1;9,401147E-1;;
02/12/2021  12:05:23,610958;9,443713E-1;1,060280E-1;2,042969E-1;9,401878E-1;;
02/12/2021  12:05:23,611058;9,443027E-1;1,601866E-1;1,537478E-1;9,402610E-1;;
02/12/2021  12:05:23,611158;9,457929E-1;1,531778E-1;1,474292E-1;9,403349E-1;;
02/12/2021  12:05:23,611258;9,460075E-1;1,490363E-1;1,480610E-1;9,404099E-1;;
02/12/2021  12:05:23,611358;9,454591E-1;1,200455E-1;1,136244E-1;9,404866E-1;;
02/12/2021  12:05:23,611458;9,456290E-1;1,525407E-1;1,764949E-1;9,405654E-1;;
02/12/2021  12:05:23,611558;9,468867E-1;1,273729E-1;1,161519E-1;9,406467E-1;;
02/12/2021  12:05:23,611658;9,478851E-1;1,350188E-1;1,347919E-1;9,407310E-1;;
02/12/2021  12:05:23,611758;9,477241E-1;1,378860E-1;2,014535E-1;9,408188E-1;;
02/12/2021  12:05:23,611858;9,470923E-1;1,378860E-1;1,306848E-1;9,409107E-1;;
02/12/2021  12:05:23,611958;9,463860E-1;1,331073E-1;1,284732E-1;9,410069E-1;;
02/12/2021  12:05:23,612058;9,474052E-1;1,273729E-1;1,496407E-1;9,411076E-1;;
02/12/2021  12:05:23,612158;9,482069E-1;1,420275E-1;1,414265E-1;9,412131E-1;;
02/12/2021  12:05:23,612258;9,488090E-1;1,264171E-1;1,272095E-1;9,413234E-1;;
02/12/2021  12:05:23,612358;9,483321E-1;1,159040E-1;1,253139E-1;9,414388E-1;;
02/12/2021  12:05:23,612458;9,488596E-1;1,305587E-1;1,351078E-1;9,415596E-1;;
02/12/2021  12:05:23,612558;9,500637E-1;1,270543E-1;1,736515E-1;9,416859E-1;;
02/12/2021  12:05:23,612658;9,510263E-1;1,436204E-1;1,351078E-1;9,418179E-1;;
02/12/2021  12:05:23,612758;9,512588E-1;1,273729E-1;1,177316E-1;9,419561E-1;;
02/12/2021  12:05:23,612858;9,517654E-1;1,439390E-1;1,581709E-1;9,421008E-1;;
02/12/2021  12:05:23,612958;9,523466E-1;1,385232E-1;1,237343E-1;9,422525E-1;;
02/12/2021  12:05:23,613058;9,529247E-1;1,276914E-1;1,291051E-1;9,424113E-1;;
02/12/2021  12:05:23,613158;9,542212E-1;1,283286E-1;1,663851E-1;9,425779E-1;;
02/12/2021  12:05:23,613258;9,545818E-1;1,232313E-1;1,221546E-1;9,427525E-1;;
02/12/2021  12:05:23,613358;9,548709E-1;1,318330E-1;1,493248E-1;9,429357E-1;;
02/12/2021  12:05:23,613458;9,551779E-1;1,343816E-1;1,186794E-1;9,431278E-1;;
02/12/2021  12:05:23,613558;9,565339E-1;1,305587E-1;1,256299E-1;9,433293E-1;;
02/12/2021  12:05:23,613658;9,578184E-1;1,280100E-1;1,335282E-1;9,435404E-1;;
02/12/2021  12:05:23,613758;9,578840E-1;1,359745E-1;1,426902E-1;9,437616E-1;;
02/12/2021  12:05:23,613858;9,578929E-1;1,388417E-1;1,404787E-1;9,439934E-1;;
02/12/2021  12:05:23,613958;9,579942E-1;8,786894E-2;1,050943E-1;9,442360E-1;;
02/12/2021  12:05:23,614058;9,603666E-1;1,340630E-1;1,325804E-1;9,444898E-1;;
02/12/2021  12:05:23,614158;9,609745E-1;1,213198E-1;1,215227E-1;9,447549E-1;;
02/12/2021  12:05:23,614258;9,607600E-1;1,448948E-1;1,404787E-1;9,450317E-1;;
02/12/2021  12:05:23,614358;9,607719E-1;1,404346E-1;1,354238E-1;9,453205E-1;;
02/12/2021  12:05:23,614458;9,617911E-1;1,225942E-1;1,347919E-1;9,456214E-1;;
02/12/2021  12:05:23,614558;9,629147E-1;1,133553E-1;1,335282E-1;9,459344E-1;;
02/12/2021  12:05:23,614658;9,637343E-1;1,417090E-1;1,445858E-1;9,462597E-1;;
02/12/2021  12:05:23,614758;9,642678E-1;1,251428E-1;1,354238E-1;9,465974E-1;;
02/12/2021  12:05:23,614858;9,635793E-1;1,200455E-1;1,243661E-1;9,469476E-1;;
02/12/2021  12:05:23,614958;9,641515E-1;-3,669584E-2;8,961361E-2;9,473102E-1;;
02/12/2021  12:05:23,615058;9,659069E-1;1,404346E-1;1,534319E-1;9,476850E-1;;
02/12/2021  12:05:23,615158;9,655553E-1;1,410718E-1;1,388990E-1;9,480718E-1;;
02/12/2021  12:05:23,615258;9,655106E-1;1,292843E-1;1,338441E-1;9,484706E-1;;
02/12/2021  12:05:23,615358;9,656089E-1;1,044351E-1;1,013031E-1;9,488809E-1;;
02/12/2021  12:05:23,615458;9,657490E-1;1,382046E-1;1,379512E-1;9,493022E-1;;
02/12/2021  12:05:23,615558;9,672630E-1;1,347002E-1;1,366875E-1;9,497342E-1;;
02/12/2021  12:05:23,615658;9,670275E-1;1,254614E-1;1,224705E-1;9,501762E-1;;
02/12/2021  12:05:23,615758;9,663838E-1;1,219570E-1;1,126766E-1;9,506277E-1;;
02/12/2021  12:05:23,615858;9,657460E-1;1,022050E-1;9,530039E-2;9,510881E-1;;
02/12/2021  12:05:23,615958;9,661573E-1;1,369303E-1;1,404787E-1;9,515564E-1;;
02/12/2021  12:05:23,616058;9,666043E-1;9,009900E-2;1,234183E-1;9,520318E-1;;
02/12/2021  12:05:23,616158;9,668427E-1;8,054160E-2;1,079377E-1;9,525132E-1;;
02/12/2021  12:05:23,616258;9,661036E-1;1,028422E-1;1,161519E-1;9,529996E-1;;
02/12/2021  12:05:23,616358;9,654122E-1;1,222756E-1;1,224705E-1;9,534901E-1;;
02/12/2021  12:05:23,616458;9,657937E-1;1,640096E-1;1,654373E-1;9,539835E-1;;
02/12/2021  12:05:23,616558;9,667325E-1;1,235499E-1;1,092014E-1;9,544786E-1;;
02/12/2021  12:05:23,616658;9,663033E-1;1,213198E-1;1,133085E-1;9,549743E-1;;
02/12/2021  12:05:23,616758;9,656059E-1;1,248242E-1;1,351078E-1;9,554695E-1;;
02/12/2021  12:05:23,616858;9,643900E-1;1,528593E-1;1,474292E-1;9,559632E-1;;
02/12/2021  12:05:23,616958;9,652006E-1;7,448858E-2;7,318515E-2;9,564540E-1;;
02/12/2021  12:05:23,617058;9,657371E-1;1,162226E-1;1,265777E-1;9,569407E-1;;
02/12/2021  12:05:23,617158;9,653645E-1;1,216384E-1;1,253139E-1;9,574222E-1;;
02/12/2021  12:05:23,617258;9,643542E-1;1,334259E-1;1,294210E-1;9,578974E-1;;
02/12/2021  12:05:23,617358;9,634333E-1;1,248242E-1;1,120448E-1;9,583652E-1;;
02/12/2021  12:05:23,617458;9,637730E-1;7,098420E-2;9,814378E-2;9,588244E-1;;
02/12/2021  12:05:23,617558;9,642678E-1;1,433019E-1;1,771268E-1;9,592738E-1;;
02/12/2021  12:05:23,617658;9,641337E-1;1,388417E-1;1,411105E-1;9,597124E-1;;
02/12/2021  12:05:23,617758;9,629535E-1;1,229127E-1;1,325804E-1;9,601392E-1;;
02/12/2021  12:05:23,617858;9,616660E-1;1,254614E-1;1,234183E-1;9,605533E-1;;
02/12/2021  12:05:23,617958;9,620564E-1;1,264171E-1;1,202590E-1;9,609537E-1;;
02/12/2021  12:05:23,618058;9,623663E-1;1,257800E-1;1,287892E-1;9,613392E-1;;
02/12/2021  12:05:23,618158;9,609298E-1;1,308772E-1;1,379512E-1;9,617089E-1;;
02/12/2021  12:05:23,618258;9,605275E-1;1,369303E-1;1,420583E-1;9,620621E-1;;
02/12/2021  12:05:23,618358;9,594844E-1;1,245056E-1;1,237343E-1;9,623977E-1;;
02/12/2021  12:05:23,618458;9,600864E-1;1,178155E-1;1,170997E-1;9,627149E-1;;
02/12/2021  12:05:23,618558;9,596543E-1;1,296029E-1;1,388990E-1;9,630129E-1;;
02/12/2021  12:05:23,618658;9,588257E-1;1,598680E-1;1,730197E-1;9,632909E-1;;
02/12/2021  12:05:23,618758;9,579406E-1;1,315144E-1;1,287892E-1;9,635484E-1;;
02/12/2021  12:05:23,618858;9,569154E-1;1,331073E-1;1,436380E-1;9,637846E-1;;
02/12/2021  12:05:23,618958;9,579317E-1;1,152668E-1;1,363715E-1;9,639990E-1;;
02/12/2021  12:05:23,619058;9,576068E-1;1,442576E-1;1,430061E-1;9,641910E-1;;
02/12/2021  12:05:23,619158;9,560570E-1;1,471248E-1;1,259458E-1;9,643604E-1;;
02/12/2021  12:05:23,619258;9,548172E-1;1,283286E-1;1,300529E-1;9,645067E-1;;
02/12/2021  12:05:23,619358;9,547815E-1;1,034794E-1;1,126766E-1;9,646295E-1;;
02/12/2021  12:05:23,619458;9,550706E-1;1,375674E-1;1,373193E-1;9,647285E-1;;
02/12/2021  12:05:23,619558;9,541824E-1;1,394789E-1;1,376353E-1;9,648035E-1;;
02/12/2021  12:05:23,619658;9,524151E-1;1,060280E-1;6,813023E-2;9,648543E-1;;
02/12/2021  12:05:23,619758;9,510919E-1;2,415294E-2;8,677022E-2;9,648807E-1;;
02/12/2021  12:05:23,619858;9,504809E-1;1,276914E-1;1,234183E-1;9,648823E-1;;
02/12/2021  12:05:23,619958;9,499981E-1;1,257800E-1;1,306848E-1;9,648588E-1;;
02/12/2021  12:05:23,620058;9,487970E-1;1,184526E-1;1,272095E-1;9,648100E-1;;
02/12/2021  12:05:23,620158;9,472801E-1;7,162136E-2;7,539667E-2;9,647355E-1;;
02/12/2021  12:05:23,620258;9,454233E-1;8,563888E-2;9,119327E-2;9,646350E-1;;
02/12/2021  12:05:23,620358;9,447557E-1;1,372488E-1;1,357397E-1;9,645080E-1;;
02/12/2021  12:05:23,620458;9,444667E-1;7,066562E-2;1,158360E-1;9,643543E-1;;
02/12/2021  12:05:23,620558;9,428394E-1;1,238685E-1;1,227865E-1;9,641733E-1;;
02/12/2021  12:05:23,620658;9,407979E-1;1,267357E-1;1,227865E-1;9,639648E-1;;
02/12/2021  12:05:23,620758;9,395760E-1;1,315144E-1;1,167838E-1;9,637284E-1;;
02/12/2021  12:05:23,620858;9,378355E-1;1,519035E-1;1,730197E-1;9,634637E-1;;
02/12/2021  12:05:23,620958;9,376090E-1;7,608148E-2;8,582243E-2;9,631702E-1;;
02/12/2021  12:05:23,621058;9,362470E-1;1,302401E-1;1,208909E-1;9,628475E-1;;
02/12/2021  12:05:23,621158;9,350131E-1;1,270543E-1;1,259458E-1;9,624953E-1;;
02/12/2021  12:05:23,621258;9,333263E-1;9,806350E-2;1,199431E-1;9,621135E-1;;
02/12/2021  12:05:23,621358;9,329001E-1;1,034794E-1;9,245700E-2;9,617018E-1;;
02/12/2021  12:05:23,621458;9,319941E-1;1,073023E-1;1,152041E-1;9,612601E-1;;
02/12/2021  12:05:23,621558;9,312341E-1;1,085766E-1;1,107811E-1;9,607885E-1;;
02/12/2021  12:05:23,621658;9,298662E-1;1,184526E-1;1,373193E-1;9,602871E-1;;
02/12/2021  12:05:23,621758;9,279141E-1;1,018865E-1;8,740209E-2;9,597561E-1;;
02/12/2021  12:05:23,621858;9,282508E-1;1,085766E-1;1,145722E-1;9,591958E-1;;
02/12/2021  12:05:23,621958;9,276488E-1;1,315144E-1;1,641736E-1;9,586064E-1;;
02/12/2021  12:05:23,622058;9,268918E-1;1,104881E-1;1,142563E-1;9,579886E-1;;
02/12/2021  12:05:23,622158;9,256610E-1;1,057094E-1;1,240502E-1;9,573431E-1;;
02/12/2021  12:05:23,622258;9,246983E-1;9,742634E-2;1,079377E-1;9,566705E-1;;
02/12/2021  12:05:23,622358;9,248295E-1;9,615202E-2;1,013031E-1;9,559718E-1;;
02/12/2021  12:05:23,622458;9,244837E-1;9,838208E-2;1,231024E-1;9,552477E-1;;
02/12/2021  12:05:23,622558;9,236016E-1;1,063466E-1;1,136244E-1;9,544995E-1;;
02/12/2021  12:05:23,622658;9,227492E-1;1,006121E-1;1,073058E-1;9,537283E-1;;
02/12/2021  12:05:23,622758;9,220757E-1;9,201048E-2;1,117289E-1;9,529353E-1;;
02/12/2021  12:05:23,622858;9,216763E-1;1,060280E-1;1,183634E-1;9,521219E-1;;
02/12/2021  12:05:23,622958;9,212293E-1;1,095324E-1;1,142563E-1;9,512893E-1;;
02/12/2021  12:05:23,623058;9,199030E-1;1,063466E-1;1,177316E-1;9,504389E-1;;
02/12/2021  12:05:23,623158;9,184516E-1;1,034794E-1;1,145722E-1;9,495720E-1;;
02/12/2021  12:05:23,623258;9,177930E-1;1,069837E-1;1,101492E-1;9,486899E-1;;
02/12/2021  12:05:23,623358;9,186066E-1;1,283286E-1;1,499566E-1;9,477936E-1;;
02/12/2021  12:05:23,623458;9,173877E-1;1,512664E-1;1,417424E-1;9,468846E-1;;
02/12/2021  12:05:23,623558;9,171284E-1;1,378860E-1;1,341600E-1;9,459641E-1;;
02/12/2021  12:05:23,623658;9,158260E-1;1,375674E-1;1,262617E-1;9,450335E-1;;
02/12/2021  12:05:23,623758;9,149796E-1;5,664810E-2;1,291051E-1;9,440943E-1;;
02/12/2021  12:05:23,623858;9,151345E-1;1,748413E-1;1,534319E-1;9,431475E-1;;
02/12/2021  12:05:23,623958;9,153342E-1;1,608238E-1;1,366875E-1;9,421946E-1;;
02/12/2021  12:05:23,624058;9,147024E-1;1,366117E-1;1,341600E-1;9,412368E-1;;
02/12/2021  12:05:23,624158;9,135669E-1;1,649653E-1;1,584868E-1;9,402756E-1;;
02/12/2021  12:05:23,624258;9,144848E-1;1,362931E-1;1,325804E-1;9,393123E-1;;
02/12/2021  12:05:23,624358;9,151286E-1;1,499920E-1;1,540637E-1;9,383485E-1;;
02/12/2021  12:05:23,624458;9,151345E-1;1,270543E-1;1,259458E-1;9,373856E-1;;
02/12/2021  12:05:23,624558;9,144908E-1;1,216384E-1;1,215227E-1;9,364254E-1;;
02/12/2021  12:05:23,624658;9,140885E-1;8,532030E-2;1,003553E-1;9,354695E-1;;
02/12/2021  12:05:23,624758;9,144819E-1;1,213198E-1;1,237343E-1;9,345195E-1;;
02/12/2021  12:05:23,624858;9,151792E-1;1,076209E-1;9,372073E-2;9,335769E-1;;
02/12/2021  12:05:23,624958;9,151614E-1;1,117624E-1;1,101492E-1;9,326434E-1;;
02/12/2021  12:05:23,625058;9,154475E-1;1,270543E-1;1,231024E-1;9,317206E-1;;
02/12/2021  12:05:23,625158;9,151882E-1;1,426647E-1;1,398468E-1;9,308102E-1;;
02/12/2021  12:05:23,625258;9,155637E-1;1,356559E-1;1,401627E-1;9,299137E-1;;
02/12/2021  12:05:23,625358;9,171641E-1;1,098510E-1;8,708615E-2;9,290328E-1;;
02/12/2021  12:05:23,625458;9,169376E-1;7,894870E-2;6,749837E-2;9,281689E-1;;
02/12/2021  12:05:23,625558;9,167767E-1;1,340630E-1;1,303688E-1;9,273238E-1;;
02/12/2021  12:05:23,625658;9,166426E-1;1,098510E-1;1,164678E-1;9,264991E-1;;
02/12/2021  12:05:23,625758;9,173877E-1;7,576290E-2;8,677022E-2;9,256960E-1;;
02/12/2021  12:05:23,625858;9,191967E-1;1,159040E-1;1,126766E-1;9,249158E-1;;
02/12/2021  12:05:23,625958;9,190507E-1;1,407532E-1;1,407946E-1;9,241601E-1;;
02/12/2021  12:05:23,626058;9,193248E-1;1,260985E-1;1,243661E-1;9,234303E-1;;
02/12/2021  12:05:23,626158;9,199269E-1;8,627604E-2;9,150920E-2;9,227275E-1;;
02/12/2021  12:05:23,626258;9,212859E-1;8,149734E-2;9,972343E-2;9,220532E-1;;
02/12/2021  12:05:23,626358;9,220876E-1;1,566822E-1;1,853410E-1;9,214085E-1;;
02/12/2021  12:05:23,626458;9,224750E-1;1,340630E-1;1,246821E-1;9,207946E-1;;
02/12/2021  12:05:23,626558;9,233632E-1;1,267357E-1;1,259458E-1;9,202128E-1;;
02/12/2021  12:05:23,626658;9,230055E-1;1,248242E-1;1,265777E-1;9,196641E-1;;
02/12/2021  12:05:23,626758;9,248026E-1;1,159040E-1;1,139404E-1;9,191495E-1;;
02/12/2021  12:05:23,626858;9,256967E-1;1,305587E-1;1,420583E-1;9,186698E-1;;
02/12/2021  12:05:23,626958;9,257832E-1;1,216384E-1;1,215227E-1;9,182259E-1;;
02/12/2021  12:05:23,627058;9,260573E-1;1,190898E-1;1,278414E-1;9,178186E-1;;
02/12/2021  12:05:23,627158;9,262213E-1;1,171783E-1;1,186794E-1;9,174484E-1;;
02/12/2021  12:05:23,627258;9,273776E-1;1,139925E-1;1,145722E-1;9,171156E-1;;
02/12/2021  12:05:23,627358;9,284207E-1;1,410718E-1;1,411105E-1;9,168206E-1;;
02/12/2021  12:05:23,627458;9,288678E-1;1,468062E-1;1,704922E-1;9,165637E-1;;
02/12/2021  12:05:23,627558;9,281972E-1;1,174969E-1;1,202590E-1;9,163449E-1;;
02/12/2021  12:05:23,627658;9,278515E-1;1,340630E-1;1,461654E-1;9,161642E-1;;
02/12/2021  12:05:23,627758;9,295532E-1;1,589123E-1;1,922915E-1;9,160212E-1;;
02/12/2021  12:05:23,627858;9,298960E-1;1,225942E-1;1,155200E-1;9,159156E-1;;
02/12/2021  12:05:23,627958;9,307394E-1;1,206827E-1;1,183634E-1;9,158468E-1;;
02/12/2021  12:05:23,628058;9,306708E-1;1,324701E-1;1,347919E-1;9,158144E-1;;
02/12/2021  12:05:23,628158;9,312431E-1;9,360338E-2;1,278414E-1;9,158177E-1;;
02/12/2021  12:05:23,628258;9,331236E-1;1,283286E-1;1,278414E-1;9,158562E-1;;
02/12/2021  12:05:23,628358;9,333799E-1;1,155854E-1;1,183634E-1;9,159291E-1;;
02/12/2021  12:05:23,628458;9,339760E-1;1,069837E-1;1,152041E-1;9,160360E-1;;
02/12/2021  12:05:23,628558;9,339790E-1;1,315144E-1;1,594346E-1;9,161760E-1;;
02/12/2021  12:05:23,628658;9,350429E-1;1,410718E-1;1,240502E-1;9,163485E-1;;
02/12/2021  12:05:23,628758;9,366702E-1;1,302401E-1;1,227865E-1;9,165525E-1;;
02/12/2021  12:05:23,628858;9,371292E-1;1,159040E-1;1,262617E-1;9,167875E-1;;
02/12/2021  12:05:23,628958;9,369712E-1;1,267357E-1;1,316326E-1;9,170526E-1;;
02/12/2021  12:05:23,629058;9,377580E-1;1,369303E-1;1,445858E-1;9,173471E-1;;
02/12/2021  12:05:23,629158;9,383809E-1;1,257800E-1;1,278414E-1;9,176699E-1;;
02/12/2021  12:05:23,629258;9,401840E-1;1,315144E-1;1,366875E-1;9,180202E-1;;
02/12/2021  12:05:23,629358;9,404701E-1;1,331073E-1;1,297370E-1;9,183972E-1;;
02/12/2021  12:05:23,629458;9,399783E-1;1,566822E-1;1,483770E-1;9,187999E-1;;
02/12/2021  12:05:23,629558;9,404522E-1;1,260985E-1;1,152041E-1;9,192274E-1;;
02/12/2021  12:05:23,629658;9,413165E-1;7,480716E-2;1,287892E-1;9,196785E-1;;
02/12/2021  12:05:23,629758;9,419245E-1;1,321516E-1;1,420583E-1;9,201522E-1;;
02/12/2021  12:05:23,629858;9,421867E-1;1,311958E-1;1,395309E-1;9,206473E-1;;
02/12/2021  12:05:23,629958;9,430480E-1;1,311958E-1;1,325804E-1;9,211627E-1;;
02/12/2021  12:05:23,630058;9,434086E-1;1,190898E-1;1,717559E-1;9,216971E-1;;
02/12/2021  12:05:23,630158;9,449256E-1;2,988738E-2;6,275939E-2;9,222496E-1;;
02/12/2021  12:05:23,630258;9,458346E-1;1,248242E-1;1,180475E-1;9,228190E-1;;
02/12/2021  12:05:23,630358;9,467227E-1;1,359745E-1;1,180475E-1;9,234044E-1;;
02/12/2021  12:05:23,630458;9,472115E-1;1,292843E-1;1,644895E-1;9,240050E-1;;
02/12/2021  12:05:23,630558;9,472801E-1;1,280100E-1;1,246821E-1;9,246199E-1;;
02/12/2021  12:05:23,630658;9,485854E-1;1,123996E-1;1,101492E-1;9,252483E-1;;
02/12/2021  12:05:23,630758;9,499474E-1;1,200455E-1;1,979783E-1;9,258893E-1;;
02/12/2021  12:05:23,630858;9,497328E-1;1,426647E-1;1,294210E-1;9,265422E-1;;
02/12/2021  12:05:23,630958;9,502484E-1;1,251428E-1;1,638576E-1;9,272061E-1;;
02/12/2021  12:05:23,631058;9,498223E-1;1,308772E-1;1,300529E-1;9,278802E-1;;
02/12/2021  12:05:23,631158;9,510889E-1;1,168597E-1;9,845971E-2;9,285636E-1;;
02/12/2021  12:05:23,631258;9,514823E-1;1,350188E-1;1,404787E-1;9,292554E-1;;
02/12/2021  12:05:23,631358;9,511336E-1;1,280100E-1;1,278414E-1;9,299545E-1;;
02/12/2021  12:05:23,631458;9,506478E-1;1,315144E-1;1,221546E-1;9,306600E-1;;
02/12/2021  12:05:23,631558;9,497567E-1;1,136739E-1;1,692285E-1;9,313707E-1;;
02/12/2021  12:05:23,631658;9,503766E-1;1,474434E-1;1,512204E-1;9,320851E-1;;
02/12/2021  12:05:23,631758;9,503855E-1;1,359745E-1;1,360556E-1;9,328018E-1;;
02/12/2021  12:05:23,631858;9,500190E-1;1,334259E-1;1,347919E-1;9,335195E-1;;
02/12/2021  12:05:23,631958;9,500696E-1;1,318330E-1;1,291051E-1;9,342366E-1;;
02/12/2021  12:05:23,632058;9,504094E-1;1,245056E-1;1,433221E-1;9,349517E-1;;
02/12/2021  12:05:23,632158;9,517773E-1;1,340630E-1;1,471132E-1;9,356633E-1;;
02/12/2021  12:05:23,632258;9,528502E-1;1,270543E-1;1,316326E-1;9,363704E-1;;
02/12/2021  12:05:23,632358;9,530916E-1;1,232313E-1;1,325804E-1;9,370720E-1;;
02/12/2021  12:05:23,632458;9,526118E-1;1,299215E-1;1,243661E-1;9,377672E-1;;
02/12/2021  12:05:23,632558;9,537712E-1;4,231200E-2;6,686651E-2;9,384553E-1;;
02/12/2021  12:05:23,632658;9,549782E-1;1,299215E-1;1,202590E-1;9,391356E-1;;
02/12/2021  12:05:23,632758;9,554967E-1;1,251428E-1;1,291051E-1;9,398076E-1;;
02/12/2021  12:05:23,632858;9,550825E-1;1,464877E-1;1,581709E-1;9,404709E-1;;
02/12/2021  12:05:23,632958;9,551451E-1;1,589123E-1;1,606983E-1;9,411251E-1;;
02/12/2021  12:05:23,633058;9,550110E-1;1,321516E-1;1,272095E-1;9,417698E-1;;
02/12/2021  12:05:23,633158;9,559229E-1;8,542518E-3;7,887192E-2;9,424045E-1;;
02/12/2021  12:05:23,633258;9,558723E-1;1,273729E-1;1,297370E-1;9,430289E-1;;
02/12/2021  12:05:23,633358;9,548828E-1;1,442576E-1;1,351078E-1;9,436424E-1;;
02/12/2021  12:05:23,633458;9,543225E-1;1,483991E-1;1,502726E-1;9,442448E-1;;
02/12/2021  12:05:23,633558;9,533599E-1;1,407532E-1;1,376353E-1;9,448352E-1;;
02/12/2021  12:05:23,633658;9,542212E-1;1,241871E-1;1,202590E-1;9,454130E-1;;
02/12/2021  12:05:23,633758;9,536668E-1;1,296029E-1;1,370034E-1;9,459773E-1;;
02/12/2021  12:05:23,633858;9,528353E-1;1,324701E-1;1,338441E-1;9,465275E-1;;
02/12/2021  12:05:23,633958;9,526774E-1;1,324701E-1;1,300529E-1;9,470627E-1;;
02/12/2021  12:05:23,634058;9,529426E-1;1,382046E-1;1,291051E-1;9,475822E-1;;
02/12/2021  12:05:23,634158;9,539798E-1;1,289658E-1;9,909157E-2;9,480854E-1;;
02/12/2021  12:05:23,634258;9,537622E-1;1,563636E-1;1,341600E-1;9,485716E-1;;
02/12/2021  12:05:23,634358;9,533867E-1;1,573194E-1;1,445858E-1;9,490406E-1;;
02/12/2021  12:05:23,634458;9,527221E-1;1,219570E-1;1,253139E-1;9,494920E-1;;
02/12/2021  12:05:23,634558;9,535476E-1;1,136739E-1;1,142563E-1;9,499255E-1;;
02/12/2021  12:05:23,634658;9,541407E-1;1,778134E-2;5,991600E-2;9,503407E-1;;
02/12/2021  12:05:23,634758;9,536460E-1;1,260985E-1;1,243661E-1;9,507376E-1;;
02/12/2021  12:05:23,634858;9,538993E-1;1,174969E-1;1,180475E-1;9,511162E-1;;
02/12/2021  12:05:23,634958;9,533181E-1;-4,200682E-3;6,054787E-2;9,514765E-1;;
02/12/2021  12:05:23,635058;9,538278E-1;8,595746E-2;9,845971E-2;9,518185E-1;;
02/12/2021  12:05:23,635158;9,538904E-1;1,719741E-1;2,169342E-1;9,521423E-1;;
02/12/2021  12:05:23,635258;9,540573E-1;1,123996E-1;1,291051E-1;9,524482E-1;;
02/12/2021  12:05:23,635358;9,532883E-1;1,098510E-1;1,256299E-1;9,527362E-1;;
02/12/2021  12:05:23,635458;9,521260E-1;8,850610E-2;1,079377E-1;9,530066E-1;;
02/12/2021  12:05:23,635558;9,528949E-1;1,120810E-1;1,212068E-1;9,532595E-1;;
02/12/2021  12:05:23,635658;9,527936E-1;1,159040E-1;1,265777E-1;9,534950E-1;;
02/12/2021  12:05:23,635758;9,523287E-1;1,219570E-1;1,278414E-1;9,537131E-1;;
02/12/2021  12:05:23,635858;9,520009E-1;8,659462E-2;1,073058E-1;9,539142E-1;;
02/12/2021  12:05:23,635958;9,514316E-1;1,108067E-1;1,243661E-1;9,540982E-1;;
02/12/2021  12:05:23,636058;9,516432E-1;1,047537E-1;1,095173E-1;9,542654E-1;;
02/12/2021  12:05:23,636158;9,517773E-1;9,201048E-2;1,117289E-1;9,544159E-1;;
02/12/2021  12:05:23,636258;9,513750E-1;9,487770E-2;9,877564E-2;9,545499E-1;;
02/12/2021  12:05:23,636358;9,503796E-1;1,022050E-1;1,145722E-1;9,546677E-1;;
02/12/2021  12:05:23,636458;9,498908E-1;1,101695E-1;1,603824E-1;9,547694E-1;;
02/12/2021  12:05:23,636558;9,502991E-1;2,861306E-2;8,677022E-2;9,548552E-1;;
02/12/2021  12:05:23,636658;9,508862E-1;1,053908E-1;1,249980E-1;9,549252E-1;;
02/12/2021  12:05:23,636758;9,495958E-1;1,136739E-1;1,253139E-1;9,549797E-1;;
02/12/2021  12:05:23,636858;9,497656E-1;1,375674E-1;1,452176E-1;9,550190E-1;;
02/12/2021  12:05:23,636958;9,495659E-1;1,509478E-1;1,578549E-1;9,550435E-1;;
02/12/2021  12:05:23,637058;9,502276E-1;1,417090E-1;1,407946E-1;9,550534E-1;;
02/12/2021  12:05:23,637158;9,504183E-1;1,579565E-1;1,455336E-1;9,550493E-1;;
02/12/2021  12:05:23,637258;9,499444E-1;1,652839E-1;1,486929E-1;9,550316E-1;;
02/12/2021  12:05:23,637358;9,487404E-1;2,076550E-1;1,850251E-1;9,550009E-1;;
02/12/2021  12:05:23,637458;9,480996E-1;1,777085E-1;1,505885E-1;9,549578E-1;;
02/12/2021  12:05:23,637558;9,491159E-1;1,614609E-1;1,534319E-1;9,549024E-1;;
02/12/2021  12:05:23,637658;9,487911E-1;1,509478E-1;1,524841E-1;9,548352E-1;;
02/12/2021  12:05:23,637758;9,487136E-1;1,544522E-1;1,546956E-1;9,547566E-1;;
02/12/2021  12:05:23,637858;9,473575E-1;1,585937E-1;1,556434E-1;9,546673E-1;;
02/12/2021  12:05:23,637958;9,471161E-1;1,149482E-1;1,253139E-1;9,545674E-1;;
02/12/2021  12:05:23,638058;9,474768E-1;1,270543E-1;1,373193E-1;9,544574E-1;;
02/12/2021  12:05:23,638158;9,466512E-1;1,321516E-1;1,328963E-1;9,543375E-1;;
02/12/2021  12:05:23,638258;9,456230E-1;1,350188E-1;1,351078E-1;9,542081E-1;;
02/12/2021  12:05:23,638358;9,438229E-1;1,181340E-1;1,047783E-1;9,540693E-1;;
02/12/2021  12:05:23,638458;9,447021E-1;4,263058E-2;8,108345E-2;9,539212E-1;;
02/12/2021  12:05:23,638558;9,447051E-1;1,385232E-1;1,648054E-1;9,537636E-1;;
02/12/2021  12:05:23,638658;9,441537E-1;1,283286E-1;1,272095E-1;9,535968E-1;;
02/12/2021  12:05:23,638758;9,439987E-1;1,238685E-1;1,249980E-1;9,534208E-1;;
02/12/2021  12:05:23,638858;9,422314E-1;4,709070E-2;7,981972E-2;9,532359E-1;;
02/12/2021  12:05:23,638958;9,425831E-1;1,436204E-1;1,559593E-1;9,530421E-1;;
02/12/2021  12:05:23,639058;9,433669E-1;1,362931E-1;1,370034E-1;9,528394E-1;;
02/12/2021  12:05:23,639158;9,433252E-1;1,264171E-1;1,202590E-1;9,526281E-1;;
02/12/2021  12:05:23,639258;9,424311E-1;1,824872E-1;1,834454E-1;9,524085E-1;;
02/12/2021  12:05:23,639358;9,412897E-1;1,181340E-1;1,212068E-1;9,521810E-1;;
02/12/2021  12:05:23,639458;9,419751E-1;1,340630E-1;1,193112E-1;9,519458E-1;;
02/12/2021  12:05:23,639558;9,421182E-1;9,264764E-2;1,727037E-1;9,517031E-1;;
02/12/2021  12:05:23,639658;9,409022E-1;1,165411E-1;1,117289E-1;9,514533E-1;;
02/12/2021  12:05:23,639758;9,405744E-1;1,213198E-1;1,237343E-1;9,511967E-1;;
02/12/2021  12:05:23,639858;9,396326E-1;1,292843E-1;1,313166E-1;9,509336E-1;;
02/12/2021  12:05:23,639958;9,403389E-1;1,340630E-1;1,373193E-1;9,506642E-1;;
02/12/2021  12:05:23,640058;9,396684E-1;1,283286E-1;1,278414E-1;9,503887E-1;;
02/12/2021  12:05:23,640158;9,389591E-1;1,283286E-1;1,253139E-1;9,501073E-1;;
02/12/2021  12:05:23,640258;9,377908E-1;1,028422E-1;9,340479E-2;9,498204E-1;;
02/12/2021  12:05:23,640358;9,371947E-1;1,624167E-1;1,951349E-1;9,495279E-1;;
02/12/2021  12:05:23,640458;9,375315E-1;1,327887E-1;1,199431E-1;9,492299E-1;;
02/12/2021  12:05:23,640558;9,381961E-1;1,302401E-1;1,328963E-1;9,489265E-1;;
02/12/2021  12:05:23,640658;9,367328E-1;1,264171E-1;1,272095E-1;9,486179E-1;;
02/12/2021  12:05:23,640758;9,362589E-1;1,066652E-1;1,088855E-1;9,483043E-1;;
02/12/2021  12:05:23,640858;9,361218E-1;1,104881E-1;1,044624E-1;9,479860E-1;;
02/12/2021  12:05:23,640958;9,368609E-1;1,327887E-1;1,509044E-1;9,476631E-1;;
02/12/2021  12:05:23,641058;9,372961E-1;1,251428E-1;1,265777E-1;9,473359E-1;;
02/12/2021  12:05:23,641158;9,361784E-1;1,200455E-1;1,606983E-1;9,470048E-1;;
02/12/2021  12:05:23,641258;9,350877E-1;1,318330E-1;1,332122E-1;9,466703E-1;;
02/12/2021  12:05:23,641358;9,347717E-1;1,283286E-1;1,388990E-1;9,463327E-1;;
02/12/2021  12:05:23,641458;9,352695E-1;1,050723E-1;1,013031E-1;9,459922E-1;;
02/12/2021  12:05:23,641558;9,351294E-1;1,257800E-1;1,256299E-1;9,456491E-1;;
02/12/2021  12:05:23,641658;9,342293E-1;1,413904E-1;1,445858E-1;9,453036E-1;;
02/12/2021  12:05:23,641758;9,333293E-1;1,108067E-1;1,281573E-1;9,449562E-1;;
02/12/2021  12:05:23,641858;9,332726E-1;1,245056E-1;1,297370E-1;9,446070E-1;;
02/12/2021  12:05:23,641958;9,334395E-1;1,499920E-1;1,572231E-1;9,442562E-1;;
02/12/2021  12:05:23,642058;9,330432E-1;1,321516E-1;1,316326E-1;9,439039E-1;;
02/12/2021  12:05:23,642158;9,321014E-1;1,047537E-1;9,119327E-2;9,435504E-1;;
02/12/2021  12:05:23,642258;9,313444E-1;1,203641E-1;1,335282E-1;9,431959E-1;;
02/12/2021  12:05:23,642358;9,311686E-1;1,280100E-1;1,287892E-1;9,428403E-1;;
02/12/2021  12:05:23,642458;9,318808E-1;1,165411E-1;1,114129E-1;9,424838E-1;;
02/12/2021  12:05:23,642558;9,317020E-1;1,296029E-1;1,300529E-1;9,421266E-1;;
02/12/2021  12:05:23,642658;9,317169E-1;1,276914E-1;1,202590E-1;9,417688E-1;;
02/12/2021  12:05:23,642758;9,297827E-1;1,168597E-1;1,303688E-1;9,414108E-1;;
02/12/2021  12:05:23,642858;9,301970E-1;1,108067E-1;1,231024E-1;9,410527E-1;;
02/12/2021  12:05:23,642958;9,308258E-1;5,346230E-2;5,549295E-2;9,406947E-1;;
02/12/2021  12:05:23,643058;9,307513E-1;1,276914E-1;1,509044E-1;9,403369E-1;;
02/12/2021  12:05:23,643158;9,300390E-1;1,235499E-1;1,170997E-1;9,399797E-1;;
02/12/2021  12:05:23,643258;9,294072E-1;1,264171E-1;1,202590E-1;9,396234E-1;;
02/12/2021  12:05:23,643358;9,288290E-1;1,595494E-1;1,559593E-1;9,392682E-1;;
02/12/2021  12:05:23,643458;9,289900E-1;1,385232E-1;1,152041E-1;9,389142E-1;;
02/12/2021  12:05:23,643558;9,291718E-1;1,178155E-1;1,215227E-1;9,385615E-1;;
02/12/2021  12:05:23,643658;9,280899E-1;1,165411E-1;1,180475E-1;9,382103E-1;;
02/12/2021  12:05:23,643758;9,271481E-1;1,248242E-1;1,272095E-1;9,378607E-1;;
02/12/2021  12:05:23,643858;9,277740E-1;1,219570E-1;1,268936E-1;9,375127E-1;;
02/12/2021  12:05:23,643958;9,284386E-1;1,302401E-1;1,164678E-1;9,371665E-1;;
02/12/2021  12:05:23,644058;9,281734E-1;1,162226E-1;1,129926E-1;9,368221E-1;;
02/12/2021  12:05:23,644158;9,273419E-1;1,232313E-1;1,313166E-1;9,364799E-1;;
02/12/2021  12:05:23,644258;9,270677E-1;1,168597E-1;1,234183E-1;9,361401E-1;;
02/12/2021  12:05:23,644358;9,268680E-1;1,101695E-1;1,205749E-1;9,358027E-1;;
02/12/2021  12:05:23,644458;9,277859E-1;1,114439E-1;1,256299E-1;9,354680E-1;;
02/12/2021  12:05:23,644558;9,278366E-1;1,079395E-1;1,104651E-1;9,351361E-1;;
02/12/2021  12:05:23,644658;9,272077E-1;1,187712E-1;1,294210E-1;9,348075E-1;;
02/12/2021  12:05:23,644758;9,267667E-1;1,292843E-1;1,284732E-1;9,344824E-1;;
02/12/2021  12:05:23,644858;9,275445E-1;1,210013E-1;1,025668E-1;9,341611E-1;;
02/12/2021  12:05:23,644958;9,279558E-1;1,108067E-1;1,142563E-1;9,338438E-1;;
02/12/2021  12:05:23,645058;9,268322E-1;1,337445E-1;1,328963E-1;9,335310E-1;;
02/12/2021  12:05:23,645158;9,261050E-1;1,334259E-1;1,338441E-1;9,332229E-1;;
02/12/2021  12:05:23,645258;9,251335E-1;-1,120944E-2;3,211399E-2;9,329196E-1;;
02/12/2021  12:05:23,645358;9,257832E-1;1,133553E-1;1,385831E-1;9,326211E-1;;
02/12/2021  12:05:23,645458;9,260186E-1;1,111253E-1;1,152041E-1;9,323275E-1;;
02/12/2021  12:05:23,645558;9,261557E-1;1,429833E-1;1,407946E-1;9,320387E-1;;
02/12/2021  12:05:23,645658;9,251215E-1;1,283286E-1;1,243661E-1;9,317549E-1;;
02/12/2021  12:05:23,645758;9,255656E-1;1,362931E-1;1,426902E-1;9,314761E-1;;
02/12/2021  12:05:23,645858;9,260514E-1;1,305587E-1;1,297370E-1;9,312024E-1;;
02/12/2021  12:05:23,645958;9,258368E-1;1,289658E-1;1,351078E-1;9,309340E-1;;
02/12/2021  12:05:23,646058;9,261497E-1;1,331073E-1;1,385831E-1;9,306709E-1;;
02/12/2021  12:05:23,646158;9,254345E-1;1,034794E-1;1,193112E-1;9,304134E-1;;
02/12/2021  12:05:23,646258;9,251990E-1;1,369303E-1;1,158360E-1;9,301616E-1;;
02/12/2021  12:05:23,646358;9,262868E-1;1,123996E-1;1,066739E-1;9,299156E-1;;
02/12/2021  12:05:23,646458;9,263792E-1;1,385232E-1;1,338441E-1;9,296756E-1;;
02/12/2021  12:05:23,646558;9,265372E-1;1,190898E-1;1,237343E-1;9,294417E-1;;
02/12/2021  12:05:23,646658;9,264358E-1;1,229127E-1;1,341600E-1;9,292143E-1;;
02/12/2021  12:05:23,646758;9,260126E-1;1,047537E-1;1,126766E-1;9,289935E-1;;
02/12/2021  12:05:23,646858;9,271571E-1;1,366117E-1;1,420583E-1;9,287797E-1;;
02/12/2021  12:05:23,646958;9,270557E-1;1,238685E-1;1,205749E-1;9,285731E-1;;
02/12/2021  12:05:23,647058;9,268888E-1;1,155854E-1;1,167838E-1;9,283739E-1;;
02/12/2021  12:05:23,647158;9,256461E-1;1,037979E-1;8,708615E-2;9,281824E-1;;
02/12/2021  12:05:23,647258;9,259053E-1;1,347002E-1;1,313166E-1;9,279985E-1;;
02/12/2021  12:05:23,647358;9,262600E-1;1,605052E-1;1,667010E-1;9,278224E-1;;
02/12/2021  12:05:23,647458;9,263047E-1;1,445762E-1;1,392149E-1;9,276539E-1;;
02/12/2021  12:05:23,647558;9,252884E-1;1,216384E-1;1,268936E-1;9,274930E-1;;
02/12/2021  12:05:23,647658;9,247251E-1;1,232313E-1;1,170997E-1;9,273396E-1;;
02/12/2021  12:05:23,647758;9,246804E-1;6,556834E-2;7,476481E-2;9,271933E-1;;
02/12/2021  12:05:23,647858;9,257325E-1;1,267357E-1;1,180475E-1;9,270540E-1;;
02/12/2021  12:05:23,647958;9,254702E-1;1,095324E-1;9,340479E-2;9,269213E-1;;
02/12/2021  12:05:23,648058;9,251364E-1;1,178155E-1;1,237343E-1;9,267951E-1;;
02/12/2021  12:05:23,648158;9,248235E-1;1,130368E-1;1,227865E-1;9,266752E-1;;
02/12/2021  12:05:23,648258;9,252765E-1;1,108067E-1;1,063580E-1;9,265613E-1;;
02/12/2021  12:05:23,648358;9,251811E-1;1,057094E-1;1,120448E-1;9,264533E-1;;
02/12/2021  12:05:23,648458;9,255000E-1;6,875414E-2;7,697633E-2;9,263509E-1;;
02/12/2021  12:05:23,648558;9,249338E-1;1,079395E-1;1,202590E-1;9,262540E-1;;
02/12/2021  12:05:23,648658;9,251305E-1;1,028422E-1;1,038306E-1;9,261623E-1;;
02/12/2021  12:05:23,648758;9,263017E-1;9,551486E-2;1,123607E-1;9,260758E-1;;
02/12/2021  12:05:23,648858;9,269634E-1;1,009307E-1;1,297370E-1;9,259943E-1;;
02/12/2021  12:05:23,648958;9,270706E-1;1,037979E-1;1,183634E-1;9,259180E-1;;
02/12/2021  12:05:23,649058;9,261676E-1;1,069837E-1;9,877564E-2;9,258471E-1;;
02/12/2021  12:05:23,649158;9,252914E-1;-2,458980E-2;5,580889E-2;9,257815E-1;;
02/12/2021  12:05:23,649258;9,262719E-1;1,120810E-1;1,189953E-1;9,257212E-1;;
02/12/2021  12:05:23,649358;9,265938E-1;9,710776E-2;1,117289E-1;9,256661E-1;;
02/12/2021  12:05:23,649458;9,268710E-1;1,057094E-1;1,227865E-1;9,256160E-1;;
02/12/2021  12:05:23,649558;9,266266E-1;8,850610E-2;9,656411E-2;9,255711E-1;;
02/12/2021  12:05:23,649658;9,269544E-1;1,745227E-1;1,648054E-1;9,255312E-1;;
02/12/2021  12:05:23,649758;9,280631E-1;1,190898E-1;1,433221E-1;9,254965E-1;;
02/12/2021  12:05:23,649858;9,280690E-1;9,965640E-2;1,237343E-1;9,254669E-1;;
02/12/2021  12:05:23,649958;9,285578E-1;1,289658E-1;1,546956E-1;9,254428E-1;;
02/12/2021  12:05:23,650058;9,285578E-1;1,267357E-1;1,287892E-1;9,254244E-1;;
02/12/2021  12:05:23,650158;9,282061E-1;1,397975E-1;1,328963E-1;9,254117E-1;;
02/12/2021  12:05:23,650258;9,295801E-1;1,327887E-1;1,325804E-1;9,254049E-1;;
02/12/2021  12:05:23,650358;9,310017E-1;1,582751E-1;1,486929E-1;9,254044E-1;;
02/12/2021  12:05:23,650458;9,308407E-1;1,691068E-1;1,578549E-1;9,254103E-1;;
02/12/2021  12:05:23,650558;9,315232E-1;1,534964E-1;1,382671E-1;9,254232E-1;;
02/12/2021  12:05:23,650658;9,322444E-1;1,630538E-1;1,420583E-1;9,254435E-1;;
02/12/2021  12:05:23,650758;9,337972E-1;1,675139E-1;1,780746E-1;9,254718E-1;;
02/12/2021  12:05:23,650858;9,345810E-1;1,595494E-1;1,521681E-1;9,255086E-1;;
02/12/2021  12:05:23,650958;9,349446E-1;1,407532E-1;1,240502E-1;9,255547E-1;;
02/12/2021  12:05:23,651058;9,347211E-1;1,519035E-1;1,550115E-1;9,256107E-1;;
02/12/2021  12:05:23,651158;9,354393E-1;1,461691E-1;1,423743E-1;9,256772E-1;;
02/12/2021  12:05:23,651258;9,364139E-1;1,022050E-1;1,073058E-1;9,257548E-1;;
02/12/2021  12:05:23,651358;9,370070E-1;1,206827E-1;1,275255E-1;9,258438E-1;;
02/12/2021  12:05:23,651458;9,368878E-1;1,152668E-1;1,066739E-1;9,259449E-1;;
02/12/2021  12:05:23,651558;9,364705E-1;1,343816E-1;1,357397E-1;9,260584E-1;;
02/12/2021  12:05:23,651658;9,376269E-1;1,302401E-1;1,310007E-1;9,261845E-1;;
02/12/2021  12:05:23,651758;9,385776E-1;6,652408E-2;5,075397E-2;9,263233E-1;;
02/12/2021  12:05:23,651858;9,386968E-1;1,241871E-1;1,022509E-1;9,264752E-1;;
02/12/2021  12:05:23,651958;9,393405E-1;1,104881E-1;1,161519E-1;9,266401E-1;;
02/12/2021  12:05:23,652058;9,391081E-1;1,254614E-1;1,221546E-1;9,268184E-1;;
02/12/2021  12:05:23,652158;9,399187E-1;1,187712E-1;1,013031E-1;9,270100E-1;;
02/12/2021  12:05:23,652258;9,405982E-1;8,532030E-2;8,898175E-2;9,272148E-1;;
02/12/2021  12:05:23,652358;9,411019E-1;1,257800E-1;1,275255E-1;9,274329E-1;;
02/12/2021  12:05:23,652458;9,411526E-1;1,289658E-1;1,313166E-1;9,276641E-1;;
02/12/2021  12:05:23,652558;9,417486E-1;1,394789E-1;1,354238E-1;9,279085E-1;;
02/12/2021  12:05:23,652658;9,432716E-1;1,378860E-1;1,537478E-1;9,281658E-1;;
02/12/2021  12:05:23,652758;9,446663E-1;1,257800E-1;1,284732E-1;9,284360E-1;;
02/12/2021  12:05:23,652858;9,450240E-1;1,286472E-1;1,347919E-1;9,287193E-1;;
02/12/2021  12:05:23,652958;9,451313E-1;1,305587E-1;1,467973E-1;9,290156E-1;;
02/12/2021  12:05:23,653058;9,447349E-1;1,296029E-1;1,294210E-1;9,293251E-1;;
02/12/2021  12:05:23,653158;9,456528E-1;1,321516E-1;1,294210E-1;9,296476E-1;;
02/12/2021  12:05:23,653258;9,465856E-1;1,394789E-1;1,458495E-1;9,299829E-1;;
02/12/2021  12:05:23,653358;9,472324E-1;1,452133E-1;1,376353E-1;9,303307E-1;;
02/12/2021  12:05:23,653458;9,464962E-1;1,238685E-1;1,455336E-1;9,306908E-1;;
02/12/2021  12:05:23,653558;9,465469E-1;1,229127E-1;1,294210E-1;9,310630E-1;;
02/12/2021  12:05:23,653658;9,474052E-1;1,034794E-1;1,041465E-1;9,314467E-1;;
02/12/2021  12:05:23,653758;9,478910E-1;1,264171E-1;1,363715E-1;9,318414E-1;;
02/12/2021  12:05:23,653858;9,485467E-1;1,420275E-1;1,376353E-1;9,322466E-1;;
02/12/2021  12:05:23,653958;9,482755E-1;1,426647E-1;1,287892E-1;9,326618E-1;;
02/12/2021  12:05:23,654058;9,480728E-1;-6,887242E-2;2,642721E-2;9,330865E-1;;
02/12/2021  12:05:23,654158;9,486093E-1;1,353374E-1;1,638576E-1;9,335199E-1;;
02/12/2021  12:05:23,654258;9,498878E-1;1,394789E-1;1,445858E-1;9,339613E-1;;
02/12/2021  12:05:23,654358;9,499355E-1;1,308772E-1;1,300529E-1;9,344102E-1;;
02/12/2021  12:05:23,654458;9,501024E-1;1,276914E-1;1,287892E-1;9,348660E-1;;
02/12/2021  12:05:23,654558;9,507581E-1;1,222756E-1;1,224705E-1;9,353280E-1;;
02/12/2021  12:05:23,654658;9,526118E-1;1,305587E-1;1,347919E-1;9,357958E-1;;
02/12/2021  12:05:23,654758;9,532615E-1;1,238685E-1;1,297370E-1;9,362689E-1;;
02/12/2021  12:05:23,654858;9,537235E-1;1,362931E-1;1,328963E-1;9,367471E-1;;
02/12/2021  12:05:23,654958;9,538963E-1;1,394789E-1;1,338441E-1;9,372301E-1;;
02/12/2021  12:05:23,655058;9,540215E-1;1,225942E-1;1,281573E-1;9,377179E-1;;
02/12/2021  12:05:23,655158;9,550497E-1;1,474434E-1;1,486929E-1;9,382100E-1;;
02/12/2021  12:05:23,655258;9,556934E-1;1,286472E-1;1,297370E-1;9,387061E-1;;
02/12/2021  12:05:23,655358;9,563938E-1;1,245056E-1;1,256299E-1;9,392061E-1;;
02/12/2021  12:05:23,655458;9,559825E-1;1,006121E-1;1,249980E-1;9,397097E-1;;
02/12/2021  12:05:23,655558;9,558872E-1;1,410718E-1;1,347919E-1;9,402167E-1;;
02/12/2021  12:05:23,655658;9,569303E-1;1,407532E-1;1,496407E-1;9,407266E-1;;
02/12/2021  12:05:23,655758;9,568766E-1;1,292843E-1;1,310007E-1;9,412390E-1;;
02/12/2021  12:05:23,655858;9,561941E-1;1,350188E-1;1,338441E-1;9,417535E-1;;
02/12/2021  12:05:23,655958;9,564773E-1;1,025236E-1;9,119327E-2;9,422696E-1;;
02/12/2021  12:05:23,656058;9,567574E-1;1,474434E-1;1,439539E-1;9,427866E-1;;
02/12/2021  12:05:23,656158;9,571419E-1;1,292843E-1;1,575390E-1;9,433038E-1;;
02/12/2021  12:05:23,656258;9,570882E-1;1,229127E-1;1,240502E-1;9,438207E-1;;
02/12/2021  12:05:23,656358;9,570793E-1;1,248242E-1;1,237343E-1;9,443365E-1;;
02/12/2021  12:05:23,656458;9,567246E-1;1,388417E-1;1,376353E-1;9,448506E-1;;
02/12/2021  12:05:23,656558;9,572462E-1;1,216384E-1;1,148882E-1;9,453623E-1;;
02/12/2021  12:05:23,656658;9,584085E-1;1,155854E-1;1,202590E-1;9,458708E-1;;
02/12/2021  12:05:23,656758;9,579257E-1;1,229127E-1;1,088855E-1;9,463757E-1;;
02/12/2021  12:05:23,656858;9,580628E-1;1,251428E-1;1,303688E-1;9,468762E-1;;
02/12/2021  12:05:23,656958;9,570078E-1;1,270543E-1;1,240502E-1;9,473720E-1;;
02/12/2021  12:05:23,657058;9,574935E-1;1,280100E-1;1,129926E-1;9,478623E-1;;
02/12/2021  12:05:23,657158;9,582207E-1;1,216384E-1;1,003553E-1;9,483463E-1;;
02/12/2021  12:05:23,657258;9,574846E-1;1,203641E-1;1,170997E-1;9,488236E-1;;
02/12/2021  12:05:23,657358;9,573028E-1;1,544522E-1;1,546956E-1;9,492935E-1;;
02/12/2021  12:05:23,657458;9,565130E-1;1,327887E-1;1,249980E-1;9,497553E-1;;
02/12/2021  12:05:23,657558;9,576187E-1;1,057094E-1;1,237343E-1;9,502083E-1;;
02/12/2021  12:05:23,657658;9,576098E-1;1,280100E-1;1,398468E-1;9,506518E-1;;
02/12/2021  12:05:23,657758;9,570227E-1;1,353374E-1;1,332122E-1;9,510854E-1;;
02/12/2021  12:05:23,657858;9,562776E-1;1,286472E-1;1,104651E-1;9,515084E-1;;
02/12/2021  12:05:23,657958;9,555474E-1;1,394789E-1;1,610142E-1;9,519202E-1;;
02/12/2021  12:05:23,658058;9,551749E-1;1,292843E-1;1,310007E-1;9,523201E-1;;
02/12/2021  12:05:23,658158;9,550169E-1;1,378860E-1;1,370034E-1;9,527072E-1;;
02/12/2021  12:05:23,658258;9,551182E-1;1,108067E-1;1,231024E-1;9,530809E-1;;
02/12/2021  12:05:23,658358;9,544477E-1;9,519628E-2;9,530039E-2;9,534405E-1;;
02/12/2021  12:05:23,658458;9,543195E-1;8,404598E-2;1,344760E-1;9,537852E-1;;
02/12/2021  12:05:23,658558;9,543464E-1;1,397975E-1;1,711241E-1;9,541144E-1;;
02/12/2021  12:05:23,658658;9,545073E-1;1,385232E-1;1,335282E-1;9,544278E-1;;
02/12/2021  12:05:23,658758;9,547666E-1;1,350188E-1;1,534319E-1;9,547248E-1;;
02/12/2021  12:05:23,658858;9,539768E-1;1,324701E-1;1,303688E-1;9,550051E-1;;
02/12/2021  12:05:23,658958;9,532585E-1;8,882468E-2;9,403666E-2;9,552686E-1;;
02/12/2021  12:05:23,659058;9,545460E-1;1,037979E-1;8,992954E-2;9,555150E-1;;
02/12/2021  12:05:23,659158;9,546533E-1;1,302401E-1;1,259458E-1;9,557440E-1;;
02/12/2021  12:05:23,659258;9,552166E-1;1,452133E-1;1,505885E-1;9,559559E-1;;
02/12/2021  12:05:23,659358;9,546593E-1;1,210013E-1;1,224705E-1;9,561508E-1;;
02/12/2021  12:05:23,659458;9,542987E-1;1,343816E-1;1,366875E-1;9,563290E-1;;
02/12/2021  12:05:23,659558;9,549692E-1;1,961861E-1;1,546956E-1;9,564908E-1;;
02/12/2021  12:05:23,659658;9,549692E-1;1,190898E-1;1,212068E-1;9,566365E-1;;
02/12/2021  12:05:23,659758;9,546563E-1;1,114439E-1;9,814378E-2;9,567666E-1;;
02/12/2021  12:05:23,659858;9,544685E-1;1,168597E-1;1,528000E-1;9,568814E-1;;
02/12/2021  12:05:23,659958;9,543255E-1;1,302401E-1;1,354238E-1;9,569814E-1;;
02/12/2021  12:05:23,660058;9,549812E-1;-1,248376E-2;5,517702E-2;9,570671E-1;;
02/12/2021  12:05:23,660158;9,548649E-1;1,254614E-1;1,227865E-1;9,571389E-1;;
02/12/2021  12:05:23,660258;9,543046E-1;1,108067E-1;9,940750E-2;9,571974E-1;;
02/12/2021  12:05:23,660358;9,536609E-1;1,187712E-1;1,262617E-1;9,572431E-1;;
02/12/2021  12:05:23,660458;9,540483E-1;1,225942E-1;1,272095E-1;9,572765E-1;;
02/12/2021  12:05:23,660558;9,546742E-1;1,197269E-1;9,498445E-2;9,572980E-1;;
02/12/2021  12:05:23,660658;9,550348E-1;1,423461E-1;1,758630E-1;9,573082E-1;;
02/12/2021  12:05:23,660758;9,544685E-1;1,375674E-1;1,278414E-1;9,573077E-1;;
02/12/2021  12:05:23,660858;9,537145E-1;1,439390E-1;1,335282E-1;9,572972E-1;;
02/12/2021  12:05:23,660958;9,536579E-1;1,483991E-1;1,417424E-1;9,572772E-1;;
02/12/2021  12:05:23,661058;9,541318E-1;3,116170E-2;1,180475E-1;9,572481E-1;;
02/12/2021  12:05:23,661158;9,526833E-1;1,248242E-1;1,281573E-1;9,572105E-1;;
02/12/2021  12:05:23,661258;9,526476E-1;1,184526E-1;1,231024E-1;9,571647E-1;;
02/12/2021  12:05:23,661358;9,520128E-1;1,165411E-1;1,224705E-1;9,571110E-1;;
02/12/2021  12:05:23,661458;9,528204E-1;1,324701E-1;1,294210E-1;9,570496E-1;;
02/12/2021  12:05:23,661558;9,522154E-1;1,219570E-1;1,249980E-1;9,569808E-1;;
02/12/2021  12:05:23,661658;9,521171E-1;1,206827E-1;1,000394E-1;9,569049E-1;;
02/12/2021  12:05:23,661758;9,514584E-1;1,047537E-1;1,145722E-1;9,568222E-1;;
02/12/2021  12:05:23,661858;9,499057E-1;1,127182E-1;1,189953E-1;9,567328E-1;;
02/12/2021  12:05:23,661958;9,511336E-1;1,053908E-1;1,145722E-1;9,566370E-1;;
02/12/2021  12:05:23,662058;9,506478E-1;1,066652E-1;1,373193E-1;9,565346E-1;;
02/12/2021  12:05:23,662158;9,498312E-1;1,044351E-1;1,063580E-1;9,564260E-1;;
02/12/2021  12:05:23,662258;9,500011E-1;1,082581E-1;1,177316E-1;9,563111E-1;;
02/12/2021  12:05:23,662358;9,491249E-1;1,136739E-1;1,174156E-1;9,561902E-1;;
02/12/2021  12:05:23,662458;9,497865E-1;9,933782E-2;1,073058E-1;9,560631E-1;;
02/12/2021  12:05:23,662558;9,497597E-1;9,870066E-2;1,199431E-1;9,559302E-1;;
02/12/2021  12:05:23,662658;9,486450E-1;1,028422E-1;1,148882E-1;9,557914E-1;;
02/12/2021  12:05:23,662758;9,479774E-1;3,339176E-2;6,970989E-2;9,556471E-1;;
02/12/2021  12:05:23,662858;9,470357E-1;1,088952E-1;1,129926E-1;9,554972E-1;;
02/12/2021  12:05:23,662958;9,468122E-1;1,117624E-1;1,467973E-1;9,553416E-1;;
02/12/2021  12:05:23,663058;9,461833E-1;1,022050E-1;1,082536E-1;9,551802E-1;;
02/12/2021  12:05:23,663158;9,454293E-1;8,086018E-2;9,751191E-2;9,550127E-1;;
02/12/2021  12:05:23,663258;9,438915E-1;5,441804E-2;9,940750E-2;9,548391E-1;;
02/12/2021  12:05:23,663358;9,439272E-1;1,222756E-1;1,395309E-1;9,546588E-1;;
02/12/2021  12:05:23,663458;9,433461E-1;1,283286E-1;1,550115E-1;9,544715E-1;;
02/12/2021  12:05:23,663558;9,424192E-1;1,264171E-1;1,325804E-1;9,542769E-1;;
02/12/2021  12:05:23,663658;9,413940E-1;1,544522E-1;1,670170E-1;9,540746E-1;;
02/12/2021  12:05:23,663758;9,404313E-1;1,528593E-1;1,351078E-1;9,538641E-1;;
02/12/2021  12:05:23,663858;9,404343E-1;1,525407E-1;1,325804E-1;9,536450E-1;;
02/12/2021  12:05:23,663958;9,401482E-1;1,620981E-1;1,338441E-1;9,534167E-1;;
02/12/2021  12:05:23,664058;9,395283E-1;1,665582E-1;1,449017E-1;9,531790E-1;;
02/12/2021  12:05:23,664158;9,387683E-1;1,573194E-1;1,474292E-1;9,529317E-1;;
02/12/2021  12:05:23,664258;9,388607E-1;9,169190E-2;1,170997E-1;9,526743E-1;;
02/12/2021  12:05:23,664358;9,389114E-1;1,238685E-1;1,606983E-1;9,524069E-1;;
02/12/2021  12:05:23,664458;9,397757E-1;9,455912E-2;1,246821E-1;9,521294E-1;;
02/12/2021  12:05:23,664558;9,395313E-1;1,041165E-1;1,126766E-1;9,518420E-1;;
02/12/2021  12:05:23,664658;9,392720E-1;7,417000E-2;6,528685E-2;9,515452E-1;;
02/12/2021  12:05:23,664758;9,378385E-1;1,178155E-1;1,237343E-1;9,512393E-1;;
02/12/2021  12:05:23,664858;9,384375E-1;1,108067E-1;1,101492E-1;9,509247E-1;;
02/12/2021  12:05:23,664958;9,384822E-1;1,203641E-1;1,385831E-1;9,506019E-1;;
02/12/2021  12:05:23,665058;9,388756E-1;1,433019E-1;1,521681E-1;9,502712E-1;;
02/12/2021  12:05:23,665158;9,384405E-1;8,818752E-2;1,031987E-1;9,499334E-1;;
02/12/2021  12:05:23,665258;9,376686E-1;1,018865E-1;1,107811E-1;9,495890E-1;;
02/12/2021  12:05:23,665358;9,384614E-1;1,012493E-1;9,056141E-2;9,492387E-1;;
02/12/2021  12:05:23,665458;9,387087E-1;1,139925E-1;1,129926E-1;9,488833E-1;;
02/12/2021  12:05:23,665558;9,382855E-1;1,289658E-1;1,256299E-1;9,485234E-1;;
02/12/2021  12:05:23,665658;9,373348E-1;1,299215E-1;1,325804E-1;9,481598E-1;;
02/12/2021  12:05:23,665758;9,368341E-1;1,225942E-1;1,284732E-1;9,477932E-1;;
02/12/2021  12:05:23,665858;9,370964E-1;1,174969E-1;1,133085E-1;9,474243E-1;;
02/12/2021  12:05:23,665958;9,383600E-1;1,104881E-1;1,183634E-1;9,470535E-1;;
02/12/2021  12:05:23,666058;9,381663E-1;1,302401E-1;1,338441E-1;9,466816E-1;;
02/12/2021  12:05:23,666158;9,379458E-1;1,181340E-1;1,180475E-1;9,463094E-1;;
02/12/2021  12:05:23,666258;9,369593E-1;1,031608E-1;9,466852E-2;9,459378E-1;;
02/12/2021  12:05:23,666358;9,377371E-1;1,232313E-1;1,208909E-1;9,455675E-1;;
02/12/2021  12:05:23,666458;9,376716E-1;1,423461E-1;1,632258E-1;9,451991E-1;;
02/12/2021  12:05:23,666558;9,379636E-1;1,413904E-1;1,221546E-1;9,448333E-1;;
02/12/2021  12:05:23,666658;9,367656E-1;1,012493E-1;1,941871E-1;9,444708E-1;;
02/12/2021  12:05:23,666758;9,354125E-1;1,143111E-1;1,575390E-1;9,441121E-1;;
02/12/2021  12:05:23,666858;9,353171E-1;1,866287E-1;2,213573E-1;9,437577E-1;;
02/12/2021  12:05:23,666958;9,345035E-1;1,210013E-1;1,256299E-1;9,434076E-1;;
02/12/2021  12:05:23,667058;9,340505E-1;1,276914E-1;1,272095E-1;9,430618E-1;;
02/12/2021  12:05:23,667158;9,325216E-1;1,385232E-1;1,404787E-1;9,427204E-1;;
02/12/2021  12:05:23,667258;9,315024E-1;1,356559E-1;8,898175E-2;9,423832E-1;;
02/12/2021  12:05:23,667358;9,323219E-1;1,210013E-1;1,531159E-1;9,420496E-1;;
02/12/2021  12:05:23,667458;9,320597E-1;1,229127E-1;1,272095E-1;9,417194E-1;;
02/12/2021  12:05:23,667558;9,312639E-1;1,127182E-1;1,205749E-1;9,413923E-1;;
02/12/2021  12:05:23,667658;9,304950E-1;1,057094E-1;9,119327E-2;9,410681E-1;;
02/12/2021  12:05:23,667758;9,293923E-1;1,369303E-1;1,313166E-1;9,407464E-1;;
02/12/2021  12:05:23,667858;9,297827E-1;1,423461E-1;1,379512E-1;9,404268E-1;;
02/12/2021  12:05:23,667958;9,294728E-1;1,308772E-1;1,224705E-1;9,401088E-1;;
02/12/2021  12:05:23,668058;9,298930E-1;1,136739E-1;1,265777E-1;9,397922E-1;;
02/12/2021  12:05:23,668158;9,295413E-1;1,222756E-1;1,221546E-1;9,394767E-1;;
02/12/2021  12:05:23,668258;9,290257E-1;1,216384E-1;1,322644E-1;9,391622E-1;;
02/12/2021  12:05:23,668358;9,299168E-1;1,159040E-1;1,234183E-1;9,388486E-1;;
02/12/2021  12:05:23,668458;9,299556E-1;1,060280E-1;1,139404E-1;9,385360E-1;;
02/12/2021  12:05:23,668558;9,298423E-1;1,283286E-1;1,344760E-1;9,382244E-1;;
02/12/2021  12:05:23,668658;9,282508E-1;1,232313E-1;1,496407E-1;9,379140E-1;;
02/12/2021  12:05:23,668758;9,285578E-1;1,528593E-1;2,140908E-1;9,376049E-1;;
02/12/2021  12:05:23,668858;9,282836E-1;8,914326E-2;9,751191E-2;9,372972E-1;;
02/12/2021  12:05:23,668958;9,286681E-1;9,615202E-2;1,186794E-1;9,369907E-1;;
02/12/2021  12:05:23,669058;9,279588E-1;1,235499E-1;1,284732E-1;9,366857E-1;;
02/12/2021  12:05:23,669158;9,269991E-1;9,997498E-2;1,240502E-1;9,363821E-1;;
02/12/2021  12:05:23,669258;9,266743E-1;1,283286E-1;1,262617E-1;9,360799E-1;;
02/12/2021  12:05:23,669358;9,268948E-1;1,213198E-1;9,277293E-2;9,357792E-1;;
02/12/2021  12:05:23,669458;9,268561E-1;1,219570E-1;9,814378E-2;9,354797E-1;;
02/12/2021  12:05:23,669558;9,261020E-1;1,356559E-1;1,249980E-1;9,351816E-1;;
02/12/2021  12:05:23,669658;9,243407E-1;1,232313E-1;1,193112E-1;9,348847E-1;;
02/12/2021  12:05:23,669758;9,244510E-1;1,213198E-1;1,177316E-1;9,345889E-1;;
02/12/2021  12:05:23,669858;9,247728E-1;9,201048E-2;8,234717E-2;9,342938E-1;;
02/12/2021  12:05:23,669958;9,246745E-1;1,420275E-1;1,392149E-1;9,339993E-1;;
02/12/2021  12:05:23,670058;9,244063E-1;1,347002E-1;1,212068E-1;9,337052E-1;;
02/12/2021  12:05:23,670158;9,241768E-1;1,283286E-1;1,328963E-1;9,334116E-1;;
02/12/2021  12:05:23,670258;9,246894E-1;1,299215E-1;1,215227E-1;9,331184E-1;;
02/12/2021  12:05:23,670358;9,255805E-1;1,337445E-1;1,366875E-1;9,328257E-1;;
02/12/2021  12:05:23,670458;9,262511E-1;9,201048E-2;6,086380E-2;9,325338E-1;;
02/12/2021  12:05:23,670558;9,258696E-1;1,006121E-1;1,202590E-1;9,322432E-1;;
02/12/2021  12:05:23,670658;9,255954E-1;1,327887E-1;1,338441E-1;9,319543E-1;;
02/12/2021  12:05:23,670758;9,264746E-1;1,331073E-1;1,262617E-1;9,316677E-1;;
02/12/2021  12:05:23,670858;9,277323E-1;1,353374E-1;1,638576E-1;9,313839E-1;;
02/12/2021  12:05:23,670958;9,284446E-1;1,171783E-1;1,063580E-1;9,311036E-1;;
02/12/2021  12:05:23,671058;9,288827E-1;1,280100E-1;1,297370E-1;9,308278E-1;;
02/12/2021  12:05:23,671158;9,280810E-1;1,311958E-1;1,332122E-1;9,305573E-1;;
02/12/2021  12:05:23,671258;9,294906E-1;1,292843E-1;1,328963E-1;9,302932E-1;;
02/12/2021  12:05:23,671358;9,303251E-1;1,334259E-1;1,388990E-1;9,300362E-1;;
02/12/2021  12:05:23,671458;9,311060E-1;1,324701E-1;1,275255E-1;9,297873E-1;;
02/12/2021  12:05:23,671558;9,307841E-1;1,283286E-1;1,392149E-1;9,295476E-1;;
02/12/2021  12:05:23,671658;9,300927E-1;1,181340E-1;1,259458E-1;9,293181E-1;;
02/12/2021  12:05:23,671758;9,311209E-1;1,347002E-1;1,385831E-1;9,290994E-1;;
02/12/2021  12:05:23,671858;9,312669E-1;1,194084E-1;1,275255E-1;9,288924E-1;;
02/12/2021  12:05:23,671958;9,318958E-1;1,203641E-1;1,275255E-1;9,286976E-1;;
02/12/2021  12:05:23,672058;9,309599E-1;9,838208E-2;1,019350E-1;9,285156E-1;;
02/12/2021  12:05:23,672158;9,307245E-1;1,136739E-1;1,088855E-1;9,283471E-1;;
02/12/2021  12:05:23,672258;9,320150E-1;1,174969E-1;1,328963E-1;9,281921E-1;;
02/12/2021  12:05:23,672358;9,331028E-1;1,324701E-1;1,249980E-1;9,280511E-1;;
02/12/2021  12:05:23,672458;9,338061E-1;1,394789E-1;1,556434E-1;9,279245E-1;;
02/12/2021  12:05:23,672558;9,331952E-1;1,296029E-1;1,272095E-1;9,278127E-1;;
02/12/2021  12:05:23,672658;9,334843E-1;1,305587E-1;1,297370E-1;9,277160E-1;;
02/12/2021  12:05:23,672758;9,341399E-1;1,315144E-1;1,246821E-1;9,276349E-1;;
02/12/2021  12:05:23,672858;9,349684E-1;1,324701E-1;1,268936E-1;9,275694E-1;;
02/12/2021  12:05:23,672958;9,355228E-1;1,197269E-1;1,395309E-1;9,275199E-1;;
02/12/2021  12:05:23,673058;9,353171E-1;1,773899E-1;1,809180E-1;9,274866E-1;;
02/12/2021  12:05:23,673158;9,354542E-1;1,356559E-1;1,306848E-1;9,274696E-1;;
02/12/2021  12:05:23,673258;9,371023E-1;1,245056E-1;1,382671E-1;9,274691E-1;;
02/12/2021  12:05:23,673358;9,372812E-1;1,423461E-1;1,467973E-1;9,274851E-1;;
02/12/2021  12:05:23,673458;9,382199E-1;1,184526E-1;9,909157E-2;9,275179E-1;;
02/12/2021  12:05:23,673558;9,371590E-1;1,541336E-1;1,385831E-1;9,275675E-1;;
02/12/2021  12:05:23,673658;9,380054E-1;1,343816E-1;1,673329E-1;9,276340E-1;;
02/12/2021  12:05:23,673758;9,393227E-1;1,343816E-1;1,565912E-1;9,277173E-1;;
02/12/2021  12:05:23,673858;9,394836E-1;1,397975E-1;1,414265E-1;9,278173E-1;;
02/12/2021  12:05:23,673958;9,397488E-1;1,413904E-1;1,240502E-1;9,279341E-1;;
02/12/2021  12:05:23,674058;9,392422E-1;1,397975E-1;1,366875E-1;9,280673E-1;;
02/12/2021  12:05:23,674158;9,392064E-1;1,362931E-1;1,300529E-1;9,282169E-1;;
02/12/2021  12:05:23,674258;9,403270E-1;1,598680E-1;1,426902E-1;9,283824E-1;;
02/12/2021  12:05:23,674358;9,405774E-1;1,216384E-1;1,347919E-1;9,285633E-1;;
02/12/2021  12:05:23,674458;9,397846E-1;1,088952E-1;1,133085E-1;9,287593E-1;;
02/12/2021  12:05:23,674558;9,387624E-1;1,095324E-1;1,120448E-1;9,289697E-1;;
02/12/2021  12:05:23,674658;9,389173E-1;1,149482E-1;1,212068E-1;9,291938E-1;;
02/12/2021  12:05:23,674758;9,395819E-1;1,267357E-1;1,161519E-1;9,294306E-1;;
02/12/2021  12:05:23,674858;9,390842E-1;1,117624E-1;1,148882E-1;9,296791E-1;;
02/12/2021  12:05:23,674958;9,384912E-1;1,053908E-1;1,152041E-1;9,299383E-1;;
02/12/2021  12:05:23,675058;9,372752E-1;5,473662E-2;8,234717E-2;9,302072E-1;;
02/12/2021  12:05:23,675158;9,372245E-1;1,012493E-1;1,057261E-1;9,304844E-1;;
02/12/2021  12:05:23,675258;9,379547E-1;1,232313E-1;1,524841E-1;9,307686E-1;;
02/12/2021  12:05:23,675358;9,383868E-1;1,022050E-1;1,117289E-1;9,310584E-1;;
02/12/2021  12:05:23,675458;9,380262E-1;1,047537E-1;1,243661E-1;9,313528E-1;;
02/12/2021  12:05:23,675558;9,375822E-1;1,442576E-1;1,445858E-1;9,316505E-1;;
02/12/2021  12:05:23,675658;9,379219E-1;1,171783E-1;1,117289E-1;9,319505E-1;;
02/12/2021  12:05:23,675758;9,387713E-1;9,105474E-2;1,142563E-1;9,322518E-1;;
02/12/2021  12:05:23,675858;9,391826E-1;9,583344E-2;1,088855E-1;9,325533E-1;;
02/12/2021  12:05:23,675958;9,393972E-1;9,487770E-2;1,152041E-1;9,328543E-1;;
02/12/2021  12:05:23,676058;9,391736E-1;9,615202E-2;2,264122E-1;9,331542E-1;;
02/12/2021  12:05:23,676158;9,405535E-1;9,806350E-2;1,035146E-1;9,334524E-1;;
02/12/2021  12:05:23,676258;9,409082E-1;1,082581E-1;1,155200E-1;9,337485E-1;;
02/12/2021  12:05:23,676358;9,410572E-1;1,257800E-1;1,363715E-1;9,340420E-1;;
02/12/2021  12:05:23,676458;9,407949E-1;1,181340E-1;1,284732E-1;9,343327E-1;;
02/12/2021  12:05:23,676558;9,404641E-1;1,264171E-1;1,392149E-1;9,346205E-1;;
02/12/2021  12:05:23,676658;9,410691E-1;1,076209E-1;1,521681E-1;9,349049E-1;;
02/12/2021  12:05:23,676758;9,412658E-1;1,155854E-1;1,265777E-1;9,351857E-1;;
02/12/2021  12:05:23,676858;9,416205E-1;1,439390E-1;1,420583E-1;9,354626E-1;;
02/12/2021  12:05:23,676958;9,409618E-1;1,633724E-1;1,490088E-1;9,357354E-1;;
02/12/2021  12:05:23,677058;9,405207E-1;1,270543E-1;1,388990E-1;9,360039E-1;;
02/12/2021  12:05:23,677158;9,413731E-1;1,515849E-1;1,357397E-1;9,362678E-1;;
02/12/2021  12:05:23,677258;9,420943E-1;1,697440E-1;1,591187E-1;9,365269E-1;;
02/12/2021  12:05:23,677358;9,419483E-1;1,894960E-1;1,742834E-1;9,367809E-1;;
02/12/2021  12:05:23,677458;9,414297E-1;1,334259E-1;1,139404E-1;9,370298E-1;;
02/12/2021  12:05:23,677558;9,412479E-1;1,404346E-1;1,423743E-1;9,372736E-1;;
02/12/2021  12:05:23,677658;9,431136E-1;1,343816E-1;1,022509E-1;9,375120E-1;;
02/12/2021  12:05:23,677758;9,441239E-1;1,601866E-1;1,572231E-1;9,377450E-1;;
02/12/2021  12:05:23,677858;9,446395E-1;1,235499E-1;1,234183E-1;9,379730E-1;;
02/12/2021  12:05:23,677958;9,442789E-1;1,120810E-1;1,025668E-1;9,381962E-1;;
02/12/2021  12:05:23,678058;9,450627E-1;1,174969E-1;1,205749E-1;9,384152E-1;;
02/12/2021  12:05:23,678158;9,464843E-1;1,375674E-1;1,291051E-1;9,386303E-1;;
02/12/2021  12:05:23,678258;9,465111E-1;1,531778E-1;2,131430E-1;9,388420E-1;;
02/12/2021  12:05:23,678358;9,462340E-1;1,206827E-1;1,193112E-1;9,390510E-1;;
02/12/2021  12:05:23,678458;9,456916E-1;1,210013E-1;1,114129E-1;9,392577E-1;;
02/12/2021  12:05:23,678558;9,460552E-1;1,200455E-1;1,313166E-1;9,394624E-1;;
02/12/2021  12:05:23,678658;9,462459E-1;1,413904E-1;1,385831E-1;9,396655E-1;;
02/12/2021  12:05:23,678758;9,461803E-1;1,334259E-1;1,328963E-1;9,398671E-1;;
02/12/2021  12:05:23,678858;9,460641E-1;1,206827E-1;1,297370E-1;9,400674E-1;;
02/12/2021  12:05:23,678958;9,444518E-1;1,136739E-1;1,196272E-1;9,402664E-1;;
02/12/2021  12:05:23,679058;9,440733E-1;7,448858E-2;1,016190E-1;9,404641E-1;;
02/12/2021  12:05:23,679158;9,444875E-1;1,490363E-1;1,430061E-1;9,406601E-1;;
02/12/2021  12:05:23,679258;9,448094E-1;1,155854E-1;1,047783E-1;9,408539E-1;;
02/12/2021  12:05:23,679358;9,439272E-1;1,098510E-1;1,806020E-1;9,410454E-1;;
02/12/2021  12:05:23,679458;9,430123E-1;1,241871E-1;1,354238E-1;9,412340E-1;;
02/12/2021  12:05:23,679558;9,425593E-1;1,359745E-1;1,351078E-1;9,414194E-1;;
02/12/2021  12:05:23,679658;9,432716E-1;1,375674E-1;1,610142E-1;9,416008E-1;;
02/12/2021  12:05:23,679758;9,433014E-1;1,283286E-1;1,215227E-1;9,417779E-1;;
02/12/2021  12:05:23,679858;9,421510E-1;1,534964E-1;1,660692E-1;9,419500E-1;;
02/12/2021  12:05:23,679958;9,417814E-1;1,257800E-1;1,249980E-1;9,421167E-1;;
02/12/2021  12:05:23,680058;9,421390E-1;1,321516E-1;1,174156E-1;9,422774E-1;;
02/12/2021  12:05:23,680158;9,426666E-1;1,235499E-1;1,328963E-1;9,424316E-1;;
02/12/2021  12:05:23,680258;9,424311E-1;1,165411E-1;1,218387E-1;9,425789E-1;;
02/12/2021  12:05:23,680358;9,416920E-1;1,273729E-1;1,202590E-1;9,427190E-1;;
02/12/2021  12:05:23,680458;9,403240E-1;1,168597E-1;1,455336E-1;9,428516E-1;;
02/12/2021  12:05:23,680558;9,408665E-1;1,359745E-1;1,426902E-1;9,429761E-1;;
02/12/2021  12:05:23,680658;9,420318E-1;1,073023E-1;1,098333E-1;9,430922E-1;;
02/12/2021  12:05:23,680758;9,413552E-1;1,302401E-1;1,300529E-1;9,431996E-1;;
02/12/2021  12:05:23,680858;9,409737E-1;1,308772E-1;1,265777E-1;9,432980E-1;;
02/12/2021  12:05:23,680958;9,397131E-1;1,296029E-1;1,423743E-1;9,433874E-1;;
02/12/2021  12:05:23,681058;9,400707E-1;1,114439E-1;1,281573E-1;9,434675E-1;;
02/12/2021  12:05:23,681158;9,405714E-1;1,210013E-1;1,208909E-1;9,435380E-1;;
02/12/2021  12:05:23,681258;9,398233E-1;1,302401E-1;1,502726E-1;9,435987E-1;;
02/12/2021  12:05:23,681358;9,381425E-1;1,117624E-1;1,186794E-1;9,436495E-1;;
02/12/2021  12:05:23,681458;9,371619E-1;9,551486E-2;8,424277E-2;9,436901E-1;;
02/12/2021  12:05:23,681558;9,374421E-1;1,216384E-1;1,164678E-1;9,437200E-1;;
02/12/2021  12:05:23,681658;9,369801E-1;1,289658E-1;1,303688E-1;9,437389E-1;;
02/12/2021  12:05:23,681758;9,365778E-1;1,283286E-1;1,388990E-1;9,437463E-1;;
02/12/2021  12:05:23,681858;9,346943E-1;7,735580E-2;1,019350E-1;9,437419E-1;;
02/12/2021  12:05:23,681958;9,339045E-1;1,324701E-1;1,335282E-1;9,437251E-1;;
02/12/2021  12:05:23,682058;9,347002E-1;3,339176E-2;9,403666E-2;9,436956E-1;;
02/12/2021  12:05:23,682158;9,340803E-1;1,305587E-1;1,300529E-1;9,436527E-1;;
02/12/2021  12:05:23,682258;9,342591E-1;1,296029E-1;1,224705E-1;9,435963E-1;;
02/12/2021  12:05:23,682358;9,333859E-1;1,555128E-2;6,339125E-2;9,435260E-1;;
02/12/2021  12:05:23,682458;9,336154E-1;1,200455E-1;1,243661E-1;9,434419E-1;;
02/12/2021  12:05:23,682558;9,348075E-1;1,219570E-1;1,196272E-1;9,433438E-1;;
02/12/2021  12:05:23,682658;9,349565E-1;1,159040E-1;1,240502E-1;9,432321E-1;;
02/12/2021  12:05:23,682758;9,345631E-1;1,057094E-1;1,104651E-1;9,431072E-1;;
02/12/2021  12:05:23,682858;9,338598E-1;9,870066E-2;1,158360E-1;9,429695E-1;;
02/12/2021  12:05:23,682958;9,343903E-1;1,264171E-1;1,287892E-1;9,428196E-1;;
02/12/2021  12:05:23,683058;9,354006E-1;1,292843E-1;1,057261E-1;9,426580E-1;;
02/12/2021  12:05:23,683158;9,359549E-1;1,184526E-1;1,085695E-1;9,424855E-1;;
02/12/2021  12:05:23,683258;9,355645E-1;1,241871E-1;1,215227E-1;9,423029E-1;;
02/12/2021  12:05:23,683358;9,347241E-1;1,420275E-1;1,404787E-1;9,421114E-1;;
02/12/2021  12:05:23,683458;9,353112E-1;1,334259E-1;1,319485E-1;9,419116E-1;;
02/12/2021  12:05:23,683558;9,366732E-1;1,088952E-1;7,950379E-2;9,417045E-1;;
02/12/2021  12:05:23,683658;9,370368E-1;1,088952E-1;1,117289E-1;9,414912E-1;;
02/12/2021  12:05:23,683758;9,364288E-1;1,229127E-1;1,193112E-1;9,412728E-1;;
02/12/2021  12:05:23,683858;9,363483E-1;1,136739E-1;1,079377E-1;9,410504E-1;;
02/12/2021  12:05:23,683958;9,371828E-1;1,299215E-1;1,104651E-1;9,408250E-1;;
02/12/2021  12:05:23,684058;9,377699E-1;1,646467E-1;1,960827E-1;9,405978E-1;;
02/12/2021  12:05:23,684158;9,379487E-1;1,018865E-1;1,120448E-1;9,403699E-1;;
02/12/2021  12:05:23,684258;9,372931E-1;1,159040E-1;1,202590E-1;9,401423E-1;;
02/12/2021  12:05:23,684358;9,364198E-1;1,311958E-1;1,316326E-1;9,399162E-1;;
02/12/2021  12:05:23,684458;9,369414E-1;8,882468E-2;1,013031E-1;9,396922E-1;;
02/12/2021  12:05:23,684558;9,371232E-1;1,088952E-1;1,145722E-1;9,394712E-1;;
02/12/2021  12:05:23,684658;9,372484E-1;1,210013E-1;1,189953E-1;9,392538E-1;;
02/12/2021  12:05:23,684758;9,364079E-1;9,296622E-2;1,060421E-1;9,390406E-1;;
02/12/2021  12:05:23,684858;9,348313E-1;1,162226E-1;1,117289E-1;9,388321E-1;;
02/12/2021  12:05:23,684958;9,362023E-1;1,108067E-1;1,063580E-1;9,386287E-1;;
02/12/2021  12:05:23,685058;9,365242E-1;1,002936E-1;1,129926E-1;9,384304E-1;;
02/12/2021  12:05:23,685158;9,362351E-1;1,423461E-1;1,584868E-1;9,382378E-1;;
02/12/2021  12:05:23,685258;9,349297E-1;1,162226E-1;1,240502E-1;9,380509E-1;;
02/12/2021  12:05:23,685358;9,342830E-1;1,203641E-1;1,253139E-1;9,378700E-1;;
02/12/2021  12:05:23,685458;9,351979E-1;1,362931E-1;1,354238E-1;9,376948E-1;;
02/12/2021  12:05:23,685558;9,349297E-1;1,216384E-1;1,246821E-1;9,375254E-1;;
02/12/2021  12:05:23,685658;9,350787E-1;1,605052E-1;1,764949E-1;9,373618E-1;;
02/12/2021  12:05:23,685758;9,333591E-1;1,260985E-1;1,256299E-1;9,372037E-1;;
02/12/2021  12:05:23,685858;9,330163E-1;1,002936E-1;1,047783E-1;9,370511E-1;;
02/12/2021  12:05:23,685958;9,337346E-1;1,372488E-1;1,310007E-1;9,369035E-1;;
02/12/2021  12:05:23,686058;9,333442E-1;1,174969E-1;1,246821E-1;9,367607E-1;;
02/12/2021  12:05:23,686158;9,325097E-1;4,772786E-2;4,475127E-2;9,366222E-1;;
02/12/2021  12:05:23,686258;9,302208E-1;1,311958E-1;1,420583E-1;9,364877E-1;;
02/12/2021  12:05:23,686358;9,296575E-1;1,347002E-1;1,303688E-1;9,363566E-1;;
02/12/2021  12:05:23,686458;9,301970E-1;1,302401E-1;1,357397E-1;9,362279E-1;;
02/12/2021  12:05:23,686558;9,292761E-1;1,305587E-1;1,357397E-1;9,361008E-1;;
02/12/2021  12:05:23,686658;9,284088E-1;9,519628E-2;9,277293E-2;9,359745E-1;;
02/12/2021  12:05:23,686758;9,277025E-1;1,225942E-1;1,231024E-1;9,358483E-1;;
02/12/2021  12:05:23,686858;9,274074E-1;1,340630E-1;1,284732E-1;9,357212E-1;;
02/12/2021  12:05:23,686958;9,287784E-1;1,397975E-1;1,392149E-1;9,355924E-1;;
02/12/2021  12:05:23,687058;9,286323E-1;1,280100E-1;1,234183E-1;9,354613E-1;;
02/12/2021  12:05:23,687158;9,284475E-1;1,254614E-1;1,240502E-1;9,353275E-1;;
02/12/2021  12:05:23,687258;9,272405E-1;1,184526E-1;1,287892E-1;9,351908E-1;;
02/12/2021  12:05:23,687358;9,286174E-1;9,870066E-2;9,814378E-2;9,350507E-1;;
02/12/2021  12:05:23,687458;9,295860E-1;1,162226E-1;9,403666E-2;9,349071E-1;;
02/12/2021  12:05:23,687558;9,294936E-1;1,273729E-1;1,249980E-1;9,347600E-1;;
02/12/2021  12:05:23,687658;9,296397E-1;8,978042E-2;1,016190E-1;9,346098E-1;;
02/12/2021  12:05:23,687758;9,284058E-1;1,404346E-1;1,370034E-1;9,344567E-1;;
02/12/2021  12:05:23,687858;9,294459E-1;1,174969E-1;9,308886E-2;9,343008E-1;;
02/12/2021  12:05:23,687958;9,304086E-1;9,901924E-2;1,104651E-1;9,341425E-1;;
02/12/2021  12:05:23,688058;9,305248E-1;1,025236E-1;1,038306E-1;9,339822E-1;;
02/12/2021  12:05:23,688158;9,301702E-1;1,117624E-1;1,281573E-1;9,338205E-1;;
02/12/2021  12:05:23,688258;9,293655E-1;1,229127E-1;1,139404E-1;9,336578E-1;;
02/12/2021  12:05:23,688358;9,299705E-1;8,468314E-2;9,593225E-2;9,334946E-1;;
02/12/2021  12:05:23,688458;9,300897E-1;1,340630E-1;1,644895E-1;9,333312E-1;;
02/12/2021  12:05:23,688558;9,308914E-1;9,678918E-2;1,041465E-1;9,331682E-1;;
02/12/2021  12:05:23,688658;9,299139E-1;1,139925E-1;1,278414E-1;9,330060E-1;;
02/12/2021  12:05:23,688758;9,293923E-1;8,500172E-2;1,000394E-1;9,328450E-1;;
02/12/2021  12:05:23,688858;9,307215E-1;9,073616E-2;1,041465E-1;9,326857E-1;;
02/12/2021  12:05:23,688958;9,316454E-1;9,838208E-2;1,249980E-1;9,325283E-1;;
02/12/2021  12:05:23,689058;9,316305E-1;9,678918E-2;1,120448E-1;9,323735E-1;;
02/12/2021  12:05:23,689158;9,312609E-1;1,066652E-1;1,069899E-1;9,322219E-1;;
02/12/2021  12:05:23,689258;9,308497E-1;8,595746E-2;1,054102E-1;9,320741E-1;;
02/12/2021  12:05:23,689358;9,319583E-1;1,203641E-1;1,401627E-1;9,319304E-1;;
02/12/2021  12:05:23,689458;9,334187E-1;1,101695E-1;1,278414E-1;9,317913E-1;;
02/12/2021  12:05:23,689558;9,337167E-1;1,197269E-1;1,303688E-1;9,316576E-1;;
02/12/2021  12:05:23,689658;9,334753E-1;1,178155E-1;1,335282E-1;9,315299E-1;;
02/12/2021  12:05:23,689758;9,333352E-1;1,073023E-1;1,079377E-1;9,314089E-1;;
02/12/2021  12:05:23,689858;9,350042E-1;1,315144E-1;1,625939E-1;9,312954E-1;;
02/12/2021  12:05:23,689958;9,356658E-1;1,388417E-1;1,376353E-1;9,311898E-1;;
02/12/2021  12:05:23,690058;9,356420E-1;1,452133E-1;1,426902E-1;9,310929E-1;;
02/12/2021  12:05:23,690158;9,350280E-1;1,503106E-1;1,426902E-1;9,310055E-1;;
02/12/2021  12:05:23,690258;9,348761E-1;1,388417E-1;1,183634E-1;9,309281E-1;;
02/12/2021  12:05:23,690358;9,362887E-1;1,910889E-1;1,727037E-1;9,308611E-1;;
02/12/2021  12:05:23,690458;9,366851E-1;1,703812E-1;1,505885E-1;9,308047E-1;;
02/12/2021  12:05:23,690558;9,367298E-1;1,522221E-1;1,385831E-1;9,307596E-1;;
02/12/2021  12:05:23,690658;9,362053E-1;1,710183E-1;1,670170E-1;9,307260E-1;;
02/12/2021  12:05:23,690758;9,373169E-1;1,442576E-1;1,300529E-1;9,307042E-1;;
02/12/2021  12:05:23,690858;9,383570E-1;1,458505E-1;1,644895E-1;9,306944E-1;;
02/12/2021  12:05:23,690958;9,391081E-1;1,369303E-1;1,351078E-1;9,306969E-1;;
02/12/2021  12:05:23,691058;9,396684E-1;1,331073E-1;1,370034E-1;9,307122E-1;;
02/12/2021  12:05:23,691158;9,390962E-1;1,101695E-1;1,234183E-1;9,307405E-1;;
02/12/2021  12:05:23,691258;9,401542E-1;6,365686E-2;7,666040E-2;9,307822E-1;;
02/12/2021  12:05:23,691358;9,417278E-1;8,404598E-2;9,056141E-2;9,308375E-1;;
02/12/2021  12:05:23,691458;9,422612E-1;1,232313E-1;1,243661E-1;9,309067E-1;;
02/12/2021  12:05:23,691558;9,424639E-1;1,257800E-1;1,287892E-1;9,309903E-1;;
02/12/2021  12:05:23,691658;9,421152E-1;1,372488E-1;1,385831E-1;9,310885E-1;;
02/12/2021  12:05:23,691758;9,431106E-1;1,359745E-1;1,354238E-1;9,312015E-1;;
02/12/2021  12:05:23,691858;9,443564E-1;1,018865E-1;7,192142E-2;9,313295E-1;;
02/12/2021  12:05:23,691958;9,442253E-1;9,615202E-2;9,561632E-2;9,314726E-1;;
02/12/2021  12:05:23,692058;9,435010E-1;1,241871E-1;1,253139E-1;9,316310E-1;;
02/12/2021  12:05:23,692158;9,431702E-1;1,684697E-1;2,099837E-1;9,318044E-1;;
02/12/2021  12:05:23,692258;9,431225E-1;1,299215E-1;1,275255E-1;9,319927E-1;;
02/12/2021  12:05:23,692358;9,437603E-1;1,299215E-1;1,177316E-1;9,321952E-1;;
02/12/2021  12:05:23,692458;9,435130E-1;1,280100E-1;1,291051E-1;9,324114E-1;;
02/12/2021  12:05:23,692558;9,428096E-1;1,254614E-1;1,392149E-1;9,326408E-1;;
02/12/2021  12:05:23,692658;9,427351E-1;8,723178E-2;9,877564E-2;9,328825E-1;;
02/12/2021  12:05:23,692758;9,429944E-1;1,203641E-1;1,221546E-1;9,331357E-1;;
02/12/2021  12:05:23,692858;9,443057E-1;1,620981E-1;1,960827E-1;9,333994E-1;;
02/12/2021  12:05:23,692958;9,439183E-1;1,308772E-1;1,316326E-1;9,336729E-1;;
02/12/2021  12:05:23,693058;9,435100E-1;1,420275E-1;1,275255E-1;9,339554E-1;;
02/12/2021  12:05:23,693158;9,431881E-1;1,378860E-1;1,385831E-1;9,342460E-1;;
02/12/2021  12:05:23,693258;9,444011E-1;6,684266E-2;7,160549E-2;9,345438E-1;;
02/12/2021  12:05:23,693358;9,456469E-1;1,340630E-1;1,512204E-1;9,348481E-1;;
02/12/2021  12:05:23,693458;9,456111E-1;1,483991E-1;1,480610E-1;9,351581E-1;;
02/12/2021  12:05:23,693558;9,452892E-1;1,305587E-1;1,297370E-1;9,354734E-1;;
02/12/2021  12:05:23,693658;9,458197E-1;1,245056E-1;1,303688E-1;9,357932E-1;;
02/12/2021  12:05:23,693758;9,469999E-1;1,197269E-1;1,104651E-1;9,361172E-1;;
02/12/2021  12:05:23,693858;9,473874E-1;1,582751E-1;1,572231E-1;9,364448E-1;;
02/12/2021  12:05:23,693958;9,479119E-1;1,570008E-1;1,739675E-1;9,367756E-1;;
02/12/2021  12:05:23,694058;9,475811E-1;1,299215E-1;1,338441E-1;9,371095E-1;;
02/12/2021  12:05:23,694158;9,473993E-1;1,257800E-1;1,319485E-1;9,374460E-1;;
02/12/2021  12:05:23,694258;9,485795E-1;1,267357E-1;1,335282E-1;9,377848E-1;;
02/12/2021  12:05:23,694358;9,486927E-1;1,397975E-1;1,417424E-1;9,381256E-1;;
02/12/2021  12:05:23,694458;9,485079E-1;1,302401E-1;1,278414E-1;9,384679E-1;;
02/12/2021  12:05:23,694558;9,477807E-1;1,267357E-1;1,284732E-1;9,388116E-1;;
02/12/2021  12:05:23,694658;9,478463E-1;7,608148E-2;1,363715E-1;9,391560E-1;;
02/12/2021  12:05:23,694758;9,490980E-1;1,528593E-1;1,512204E-1;9,395006E-1;;
02/12/2021  12:05:23,694858;9,488656E-1;1,417090E-1;1,411105E-1;9,398451E-1;;
02/12/2021  12:05:23,694958;9,480907E-1;1,133553E-1;9,940750E-2;9,401889E-1;;
02/12/2021  12:05:23,695058;9,477569E-1;1,225942E-1;1,436380E-1;9,405317E-1;;
02/12/2021  12:05:23,695158;9,475155E-1;1,324701E-1;1,505885E-1;9,408726E-1;;
02/12/2021  12:05:23,695258;9,485497E-1;1,786642E-1;1,809180E-1;9,412111E-1;;
02/12/2021  12:05:23,695358;9,483589E-1;1,197269E-1;1,205749E-1;9,415466E-1;;
02/12/2021  12:05:23,695458;9,483261E-1;1,238685E-1;1,237343E-1;9,418786E-1;;
02/12/2021  12:05:23,695558;9,482278E-1;1,477620E-1;1,524841E-1;9,422065E-1;;
02/12/2021  12:05:23,695658;9,484215E-1;1,445762E-1;1,388990E-1;9,425299E-1;;
02/12/2021  12:05:23,695758;9,496554E-1;1,455319E-1;1,572231E-1;9,428483E-1;;
02/12/2021  12:05:23,695858;9,495034E-1;1,232313E-1;1,256299E-1;9,431615E-1;;
02/12/2021  12:05:23,695958;9,437037E-1;1,034794E-1;9,593225E-2;9,434690E-1;;
02/12/2021  12:05:23,696058;9,432924E-1;1,028422E-1;1,265777E-1;9,437700E-1;;
02/12/2021  12:05:23,696158;9,429050E-1;1,327887E-1;1,313166E-1;9,440632E-1;;
02/12/2021  12:05:23,696258;9,433461E-1;1,050723E-1;1,035146E-1;9,443471E-1;;
02/12/2021  12:05:23,696358;9,426248E-1;1,034794E-1;1,180475E-1;9,446205E-1;;
02/12/2021  12:05:23,696458;9,418440E-1;6,875414E-2;9,530039E-2;9,448823E-1;;
02/12/2021  12:05:23,696558;9,414536E-1;6,939130E-2;1,155200E-1;9,451311E-1;;
02/12/2021  12:05:23,696658;9,419274E-1;1,098510E-1;1,152041E-1;9,453661E-1;;
02/12/2021  12:05:23,696758;9,425503E-1;7,321426E-2;6,623464E-2;9,455862E-1;;
02/12/2021  12:05:23,696858;9,425026E-1;1,025236E-1;1,471132E-1;9,457909E-1;;
02/12/2021  12:05:23,696958;9,418708E-1;1,149482E-1;1,227865E-1;9,459796E-1;;
02/12/2021  12:05:23,697058;9,409916E-1;1,025236E-1;9,719598E-2;9,461521E-1;;
02/12/2021  12:05:23,697158;9,410304E-1;1,057094E-1;1,278414E-1;9,463077E-1;;
02/12/2021  12:05:23,697258;9,419543E-1;8,755036E-2;1,155200E-1;9,464463E-1;;
02/12/2021  12:05:23,697358;9,416533E-1;1,088952E-1;1,240502E-1;9,465676E-1;;
02/12/2021  12:05:23,697458;9,412986E-1;9,169190E-2;1,101492E-1;9,466717E-1;;
02/12/2021  12:05:23,697558;9,405982E-1;9,742634E-2;1,063580E-1;9,467586E-1;;
02/12/2021  12:05:23,697658;9,413195E-1;1,780271E-1;1,793383E-1;9,468283E-1;;
02/12/2021  12:05:23,697758;9,418738E-1;9,455912E-2;1,129926E-1;9,468812E-1;;
02/12/2021  12:05:23,697858;9,408992E-1;1,165411E-1;1,148882E-1;9,469174E-1;;
02/12/2021  12:05:23,697958;9,402644E-1;1,127182E-1;1,332122E-1;9,469374E-1;;
02/12/2021  12:05:23,698058;9,401840E-1;1,104881E-1;1,240502E-1;9,469415E-1;;
02/12/2021  12:05:23,698158;9,405058E-1;1,092138E-1;1,243661E-1;9,469299E-1;;
02/12/2021  12:05:23,698258;9,408575E-1;1,350188E-1;1,578549E-1;9,469032E-1;;
02/12/2021  12:05:23,698358;9,399128E-1;1,471248E-1;1,316326E-1;9,468617E-1;;
02/12/2021  12:05:23,698458;9,399813E-1;1,640096E-1;1,613302E-1;9,468061E-1;;
02/12/2021  12:05:23,698558;9,392034E-1;1,270543E-1;1,499566E-1;9,467368E-1;;
02/12/2021  12:05:23,698658;9,400916E-1;1,971419E-1;1,806020E-1;9,466543E-1;;
02/12/2021  12:05:23,698758;9,407413E-1;1,856730E-1;1,648054E-1;9,465592E-1;;
02/12/2021  12:05:23,698858;9,400171E-1;1,582751E-1;1,471132E-1;9,464521E-1;;
02/12/2021  12:05:23,698958;9,398949E-1;1,155854E-1;7,634447E-2;9,463338E-1;;
02/12/2021  12:05:23,699058;9,389799E-1;2,160430E-2;3,464144E-2;9,462051E-1;;
02/12/2021  12:05:23,699158;9,402734E-1;1,477620E-1;1,370034E-1;9,460665E-1;;
02/12/2021  12:05:23,699258;9,404373E-1;1,299215E-1;1,268936E-1;9,459187E-1;;
02/12/2021  12:05:23,699358;9,400290E-1;1,149482E-1;1,310007E-1;9,457627E-1;;
02/12/2021  12:05:23,699458;9,393167E-1;1,302401E-1;1,268936E-1;9,455991E-1;;
02/12/2021  12:05:23,699558;9,392452E-1;1,184526E-1;1,249980E-1;9,454287E-1;;
02/12/2021  12:05:23,699658;9,404641E-1;1,238685E-1;1,284732E-1;9,452521E-1;;
02/12/2021  12:05:23,699758;9,408456E-1;1,187712E-1;1,234183E-1;9,450702E-1;;
02/12/2021  12:05:23,699858;9,405178E-1;1,254614E-1;1,388990E-1;9,448838E-1;;
02/12/2021  12:05:23,699958;9,402108E-1;1,340630E-1;1,360556E-1;9,446939E-1;;
02/12/2021  12:05:23,700058;9,404552E-1;1,324701E-1;1,300529E-1;9,445011E-1;;
02/12/2021  12:05:23,700158;9,409648E-1;1,324701E-1;1,316326E-1;9,443064E-1;;
02/12/2021  12:05:23,700258;9,412628E-1;1,092138E-1;1,177316E-1;9,441105E-1;;
02/12/2021  12:05:23,700358;9,411496E-1;1,181340E-1;1,325804E-1;9,439143E-1;;
02/12/2021  12:05:23,700458;9,408247E-1;1,254614E-1;1,578549E-1;9,437186E-1;;
02/12/2021  12:05:23,700558;9,415221E-1;1,114439E-1;1,167838E-1;9,435241E-1;;
02/12/2021  12:05:23,700658;9,433759E-1;7,703722E-2;1,183634E-1;9,433317E-1;;
02/12/2021  12:05:23,700758;9,435249E-1;1,203641E-1;1,253139E-1;9,431423E-1;;
02/12/2021  12:05:23,700858;9,425414E-1;9,296622E-2;6,970989E-2;9,429569E-1;;
02/12/2021  12:05:23,700958;9,417427E-1;-3,478436E-2;5,422923E-2;9,427764E-1;;
02/12/2021  12:05:23,701058;9,419692E-1;2,606442E-2;5,991600E-2;9,426014E-1;;
02/12/2021  12:05:23,701158;9,429348E-1;1,337445E-1;1,685966E-1;9,424324E-1;;
02/12/2021  12:05:23,701258;9,423298E-1;1,436204E-1;1,531159E-1;9,422699E-1;;
02/12/2021  12:05:23,701358;9,417248E-1;1,318330E-1;1,202590E-1;9,421145E-1;;
02/12/2021  12:05:23,701458;9,411377E-1;1,356559E-1;1,294210E-1;9,419662E-1;;
02/12/2021  12:05:23,701558;9,406727E-1;1,104881E-1;9,940750E-2;9,418254E-1;;
02/12/2021  12:05:23,701658;9,408933E-1;1,181340E-1;1,205749E-1;9,416918E-1;;
02/12/2021  12:05:23,701758;9,399843E-1;1,318330E-1;1,319485E-1;9,415655E-1;;
02/12/2021  12:05:23,701858;9,386610E-1;1,165411E-1;1,240502E-1;9,414462E-1;;
02/12/2021  12:05:23,701958;9,372722E-1;1,159040E-1;1,177316E-1;9,413334E-1;;
02/12/2021  12:05:23,702058;9,378355E-1;1,171783E-1;1,189953E-1;9,412264E-1;;
02/12/2021  12:05:23,702158;9,382557E-1;1,347002E-1;1,316326E-1;9,411246E-1;;
02/12/2021  12:05:23,702258;9,377878E-1;1,404346E-1;1,363715E-1;9,410273E-1;;
02/12/2021  12:05:23,702358;9,371590E-1;1,210013E-1;1,224705E-1;9,409340E-1;;
02/12/2021  12:05:23,702458;9,360562E-1;1,200455E-1;1,107811E-1;9,408440E-1;;
02/12/2021  12:05:23,702558;9,376924E-1;1,222756E-1;1,300529E-1;9,407567E-1;;
02/12/2021  12:05:23,702658;9,378176E-1;1,283286E-1;1,581709E-1;9,406715E-1;;
02/12/2021  12:05:23,702758;9,376984E-1;1,181340E-1;1,085695E-1;9,405882E-1;;
02/12/2021  12:05:23,702858;9,369265E-1;1,299215E-1;1,512204E-1;9,405063E-1;;
02/12/2021  12:05:23,702958;9,368192E-1;1,353374E-1;1,543797E-1;9,404256E-1;;
02/12/2021  12:05:23,703058;9,374808E-1;1,187712E-1;1,208909E-1;9,403457E-1;;
02/12/2021  12:05:23,703158;9,379219E-1;1,305587E-1;1,360556E-1;9,402664E-1;;
02/12/2021  12:05:23,703258;9,380173E-1;1,302401E-1;1,313166E-1;9,401876E-1;;
02/12/2021  12:05:23,703358;9,374928E-1;1,197269E-1;1,347919E-1;9,401093E-1;;
02/12/2021  12:05:23,703458;9,363036E-1;8,468314E-2;6,212753E-2;9,400313E-1;;
02/12/2021  12:05:23,703558;9,378534E-1;1,426647E-1;1,556434E-1;9,399536E-1;;
02/12/2021  12:05:23,703658;9,380620E-1;1,343816E-1;1,360556E-1;9,398761E-1;;
02/12/2021  12:05:23,703758;9,382706E-1;1,190898E-1;1,224705E-1;9,397987E-1;;
02/12/2021  12:05:23,703858;9,368609E-1;1,289658E-1;1,199431E-1;9,397217E-1;;
02/12/2021  12:05:23,703958;9,372215E-1;1,353374E-1;1,366875E-1;9,396451E-1;;
02/12/2021  12:05:23,704058;9,384733E-1;1,197269E-1;1,278414E-1;9,395687E-1;;
02/12/2021  12:05:23,704158;9,389591E-1;1,111253E-1;1,272095E-1;9,394929E-1;;
02/12/2021  12:05:23,704258;9,390157E-1;1,429833E-1;1,401627E-1;9,394178E-1;;
02/12/2021  12:05:23,704358;9,380054E-1;1,382046E-1;1,316326E-1;9,393437E-1;;
02/12/2021  12:05:23,704458;9,387743E-1;8,500172E-2;1,066739E-1;9,392709E-1;;
02/12/2021  12:05:23,704558;9,401840E-1;1,251428E-1;1,366875E-1;9,391997E-1;;
02/12/2021  12:05:23,704658;9,410721E-1;1,280100E-1;1,215227E-1;9,391305E-1;;
02/12/2021  12:05:23,704758;9,398591E-1;1,190898E-1;1,281573E-1;9,390637E-1;;
02/12/2021  12:05:23,704858;9,389203E-1;6,301970E-2;9,119327E-2;9,389999E-1;;
02/12/2021  12:05:23,704958;9,391051E-1;1,254614E-1;1,752312E-1;9,389393E-1;;
02/12/2021  12:05:23,705058;9,402167E-1;9,328480E-2;9,814378E-2;9,388821E-1;;
02/12/2021  12:05:23,705158;9,397906E-1;1,203641E-1;1,212068E-1;9,388284E-1;;
02/12/2021  12:05:23,705258;9,394806E-1;1,350188E-1;1,360556E-1;9,387785E-1;;
02/12/2021  12:05:23,705358;9,378206E-1;5,855958E-2;8,929768E-2;9,387324E-1;;
02/12/2021  12:05:23,705458;9,387028E-1;1,174969E-1;1,275255E-1;9,386900E-1;;
02/12/2021  12:05:23,705558;9,393346E-1;1,095324E-1;9,940750E-2;9,386512E-1;;
02/12/2021  12:05:23,705658;9,395253E-1;1,369303E-1;1,013031E-1;9,386158E-1;;
02/12/2021  12:05:23,705758;9,387117E-1;1,225942E-1;1,237343E-1;9,385840E-1;;
02/12/2021  12:05:23,705858;9,376090E-1;9,870066E-2;1,016190E-1;9,385556E-1;;
02/12/2021  12:05:23,705958;9,385716E-1;1,213198E-1;1,079377E-1;9,385303E-1;;
02/12/2021  12:05:23,706058;9,395462E-1;1,385232E-1;1,332122E-1;9,385079E-1;;
02/12/2021  12:05:23,706158;9,397786E-1;1,385232E-1;1,297370E-1;9,384884E-1;;
02/12/2021  12:05:23,706258;9,379160E-1;1,308772E-1;1,294210E-1;9,384718E-1;;
02/12/2021  12:05:23,706358;9,374093E-1;1,232313E-1;1,272095E-1;9,384579E-1;;
02/12/2021  12:05:23,706458;9,381991E-1;1,327887E-1;1,449017E-1;9,384463E-1;;
02/12/2021  12:05:23,706558;9,378593E-1;1,194084E-1;1,120448E-1;9,384368E-1;;
02/12/2021  12:05:23,706658;9,378504E-1;1,079395E-1;8,898175E-2;9,384290E-1;;
02/12/2021  12:05:23,706758;9,365420E-1;1,203641E-1;1,136244E-1;9,384226E-1;;
02/12/2021  12:05:23,706858;9,353380E-1;1,155854E-1;1,174156E-1;9,384173E-1;;
02/12/2021  12:05:23,706958;9,349714E-1;1,257800E-1;1,325804E-1;9,384123E-1;;
02/12/2021  12:05:23,707058;9,346257E-1;1,308772E-1;1,512204E-1;9,384069E-1;;
02/12/2021  12:05:23,707158;9,340982E-1;1,350188E-1;1,265777E-1;9,384004E-1;;
02/12/2021  12:05:23,707258;9,335081E-1;1,327887E-1;1,297370E-1;9,383920E-1;;
02/12/2021  12:05:23,707358;9,318987E-1;1,299215E-1;1,493248E-1;9,383809E-1;;
02/12/2021  12:05:23,707458;9,319077E-1;1,130368E-1;1,357397E-1;9,383661E-1;;
02/12/2021  12:05:23,707558;9,322176E-1;1,130368E-1;1,152041E-1;9,383468E-1;;
02/12/2021  12:05:23,707658;9,316931E-1;1,302401E-1;1,221546E-1;9,383221E-1;;
02/12/2021  12:05:23,707758;9,302625E-1;1,378860E-1;1,398468E-1;9,382914E-1;;
02/12/2021  12:05:23,707858;9,290645E-1;1,404346E-1;1,338441E-1;9,382539E-1;;
02/12/2021  12:05:23,707958;9,295026E-1;1,203641E-1;1,249980E-1;9,382086E-1;;
02/12/2021  12:05:23,708058;9,294072E-1;1,149482E-1;1,202590E-1;9,381548E-1;;
02/12/2021  12:05:23,708158;9,290376E-1;1,174969E-1;1,234183E-1;9,380918E-1;;
02/12/2021  12:05:23,708258;9,282747E-1;9,710776E-2;1,025668E-1;9,380191E-1;;
02/12/2021  12:05:23,708358;9,286621E-1;1,331073E-1;1,202590E-1;9,379362E-1;;
02/12/2021  12:05:23,708458;9,290764E-1;1,200455E-1;1,471132E-1;9,378427E-1;;
02/12/2021  12:05:23,708558;9,300390E-1;1,273729E-1;1,272095E-1;9,377385E-1;;
02/12/2021  12:05:23,708658;9,295413E-1;1,276914E-1;1,528000E-1;9,376237E-1;;
02/12/2021  12:05:23,708758;9,286413E-1;1,391603E-1;1,357397E-1;9,374985E-1;;
02/12/2021  12:05:23,708858;9,283850E-1;1,206827E-1;1,218387E-1;9,373631E-1;;
02/12/2021  12:05:23,708958;9,300807E-1;1,181340E-1;1,114129E-1;9,372176E-1;;
02/12/2021  12:05:23,709058;9,301702E-1;1,286472E-1;1,243661E-1;9,370626E-1;;
02/12/2021  12:05:23,709158;9,304265E-1;1,471248E-1;1,455336E-1;9,368985E-1;;
02/12/2021  12:05:23,709258;9,299347E-1;1,063466E-1;9,624818E-2;9,367262E-1;;
02/12/2021  12:05:23,709358;9,300599E-1;1,143111E-1;1,208909E-1;9,365462E-1;;
02/12/2021  12:05:23,709458;9,311566E-1;1,174969E-1;1,300529E-1;9,363594E-1;;
02/12/2021  12:05:23,709558;9,319643E-1;1,222756E-1;1,294210E-1;9,361666E-1;;
02/12/2021  12:05:23,709658;9,318212E-1;9,009900E-2;8,992954E-2;9,359688E-1;;
02/12/2021  12:05:23,709758;9,309182E-1;9,487770E-2;1,041465E-1;9,357670E-1;;
02/12/2021  12:05:23,709858;9,312788E-1;7,353284E-2;1,284732E-1;9,355622E-1;;
02/12/2021  12:05:23,709958;9,323726E-1;1,343816E-1;1,341600E-1;9,353552E-1;;
02/12/2021  12:05:23,710058;9,329359E-1;1,079395E-1;1,224705E-1;9,351470E-1;;
02/12/2021  12:05:23,710158;9,323160E-1;1,111253E-1;1,117289E-1;9,349386E-1;;
02/12/2021  12:05:23,710258;9,319613E-1;1,025236E-1;1,117289E-1;9,347310E-1;;
02/12/2021  12:05:23,710358;9,327809E-1;1,018865E-1;1,025668E-1;9,345251E-1;;
02/12/2021  12:05:23,710458;9,343098E-1;1,063466E-1;1,050943E-1;9,343217E-1;;
02/12/2021  12:05:23,710558;9,350161E-1;1,006121E-1;1,196272E-1;9,341218E-1;;
02/12/2021  12:05:23,710658;9,353171E-1;9,965640E-2;1,082536E-1;9,339265E-1;;
02/12/2021  12:05:23,710758;9,342949E-1;7,544432E-2;9,372073E-2;9,337371E-1;;
02/12/2021  12:05:23,710858;9,349804E-1;1,002936E-1;1,101492E-1;9,335544E-1;;
02/12/2021  12:05:23,710958;9,361635E-1;9,296622E-2;1,000394E-1;9,333792E-1;;
02/12/2021  12:05:23,711058;9,364884E-1;8,627604E-2;1,025668E-1;9,332125E-1;;
02/12/2021  12:05:23,711158;9,366016E-1;8,500172E-2;1,066739E-1;9,330553E-1;;
02/12/2021  12:05:23,711258;9,363394E-1;1,057094E-1;1,294210E-1;9,329082E-1;;
02/12/2021  12:05:23,711358;9,367715E-1;1,289658E-1;1,310007E-1;9,327721E-1;;
02/12/2021  12:05:23,711458;9,380352E-1;1,200455E-1;1,537478E-1;9,326475E-1;;
02/12/2021  12:05:23,711558;9,380948E-1;1,289658E-1;1,344760E-1;9,325351E-1;;
02/12/2021  12:05:23,711658;9,377938E-1;1,155854E-1;1,474292E-1;9,324356E-1;;
02/12/2021  12:05:23,711758;9,365301E-1;1,636910E-1;2,030332E-1;9,323493E-1;;
02/12/2021  12:05:23,711858;9,377163E-1;1,382046E-1;1,322644E-1;9,322765E-1;;
02/12/2021  12:05:23,711958;9,393107E-1;1,563636E-1;1,477451E-1;9,322174E-1;;
02/12/2021  12:05:23,712058;9,400469E-1;1,818500E-1;1,505885E-1;9,321722E-1;;
02/12/2021  12:05:23,712158;9,394598E-1;1,706997E-1;1,632258E-1;9,321414E-1;;
02/12/2021  12:05:23,712258;9,388965E-1;1,971419E-1;2,163023E-1;9,321251E-1;;
02/12/2021  12:05:23,712358;9,407621E-1;1,088952E-1;2,090359E-1;9,321235E-1;;
02/12/2021  12:05:23,712458;9,409201E-1;1,614609E-1;1,578549E-1;9,321367E-1;;
02/12/2021  12:05:23,712558;9,412062E-1;1,493549E-1;1,521681E-1;9,321648E-1;;
02/12/2021  12:05:23,712658;9,406549E-1;1,487177E-1;1,436380E-1;9,322079E-1;;
02/12/2021  12:05:23,712758;9,400648E-1;1,213198E-1;1,107811E-1;9,322659E-1;;
02/12/2021  12:05:23,712858;9,404313E-1;1,104881E-1;1,123607E-1;9,323387E-1;;
02/12/2021  12:05:23,712958;9,405952E-1;1,200455E-1;1,268936E-1;9,324256E-1;;
02/12/2021  12:05:23,713058;9,402793E-1;1,573194E-1;1,483770E-1;9,325264E-1;;
02/12/2021  12:05:23,713158;9,396356E-1;1,292843E-1;1,310007E-1;9,326404E-1;;
02/12/2021  12:05:23,713258;9,389710E-1;1,022050E-1;1,208909E-1;9,327671E-1;;
02/12/2021  12:05:23,713358;9,400171E-1;1,206827E-1;1,297370E-1;9,329054E-1;;
02/12/2021  12:05:23,713458;9,406906E-1;1,353374E-1;1,338441E-1;9,330546E-1;;
02/12/2021  12:05:23,713558;9,406161E-1;1,082581E-1;1,202590E-1;9,332140E-1;;
02/12/2021  12:05:23,713658;9,397399E-1;1,267357E-1;1,745993E-1;9,333830E-1;;
02/12/2021  12:05:23,713758;9,396624E-1;1,311958E-1;1,303688E-1;9,335607E-1;;
02/12/2021  12:05:23,713858;9,406668E-1;1,308772E-1;1,107811E-1;9,337463E-1;;
02/12/2021  12:05:23,713958;9,417337E-1;1,264171E-1;1,310007E-1;9,339390E-1;;
02/12/2021  12:05:23,714058;9,418917E-1;1,257800E-1;1,335282E-1;9,341383E-1;;
02/12/2021  12:05:23,714158;9,425086E-1;1,477620E-1;1,654373E-1;9,343437E-1;;
02/12/2021  12:05:23,714258;9,431911E-1;1,280100E-1;1,253139E-1;9,345548E-1;;
02/12/2021  12:05:23,714358;9,441299E-1;8,946184E-2;9,277293E-2;9,347714E-1;;
02/12/2021  12:05:23,714458;9,448958E-1;1,627352E-1;2,118793E-1;9,349933E-1;;
02/12/2021  12:05:23,714558;9,449167E-1;1,302401E-1;1,287892E-1;9,352204E-1;;
02/12/2021  12:05:23,714658;9,439630E-1;1,149482E-1;1,101492E-1;9,354528E-1;;
02/12/2021  12:05:23,714758;9,449405E-1;1,413904E-1;1,458495E-1;9,356901E-1;;
02/12/2021  12:05:23,714858;9,460790E-1;1,219570E-1;1,189953E-1;9,359322E-1;;
02/12/2021  12:05:23,714958;9,468360E-1;1,117624E-1;1,212068E-1;9,361789E-1;;
02/12/2021  12:05:23,715058;9,468092E-1;1,245056E-1;1,294210E-1;9,364304E-1;;
02/12/2021  12:05:23,715158;9,456439E-1;1,241871E-1;1,262617E-1;9,366865E-1;;
02/12/2021  12:05:23,715258;9,470625E-1;7,321426E-2;1,013031E-1;9,369471E-1;;
02/12/2021  12:05:23,715358;9,474678E-1;1,305587E-1;1,287892E-1;9,372120E-1;;
02/12/2021  12:05:23,715458;9,482934E-1;1,143111E-1;1,022509E-1;9,374811E-1;;
02/12/2021  12:05:23,715558;9,481950E-1;1,286472E-1;1,328963E-1;9,377543E-1;;
02/12/2021  12:05:23,715658;9,480579E-1;1,251428E-1;1,300529E-1;9,380317E-1;;
02/12/2021  12:05:23,715758;9,492769E-1;1,276914E-1;1,202590E-1;9,383129E-1;;
02/12/2021  12:05:23,715858;9,507640E-1;1,343816E-1;1,581709E-1;9,385981E-1;;
02/12/2021  12:05:23,715958;9,521886E-1;1,305587E-1;1,221546E-1;9,388873E-1;;
02/12/2021  12:05:23,716058;9,517237E-1;1,490363E-1;1,913437E-1;9,391809E-1;;
02/12/2021  12:05:23,716158;9,513333E-1;1,471248E-1;1,411105E-1;9,394790E-1;;
02/12/2021  12:05:23,716258;9,529665E-1;1,149482E-1;1,291051E-1;9,397818E-1;;
02/12/2021  12:05:23,716358;9,540513E-1;1,069837E-1;1,224705E-1;9,400896E-1;;
02/12/2021  12:05:23,716458;9,542480E-1;1,041165E-1;1,237343E-1;9,404025E-1;;
02/12/2021  12:05:23,716558;9,535238E-1;1,060280E-1;9,688005E-2;9,407208E-1;;
02/12/2021  12:05:23,716658;9,523287E-1;1,458505E-1;1,581709E-1;9,410446E-1;;
02/12/2021  12:05:23,716758;9,534344E-1;1,299215E-1;1,354238E-1;9,413737E-1;;
02/12/2021  12:05:23,716858;9,546593E-1;1,302401E-1;1,300529E-1;9,417078E-1;;
02/12/2021  12:05:23,716958;9,548113E-1;1,455319E-1;1,445858E-1;9,420468E-1;;
02/12/2021  12:05:23,717058;9,537235E-1;1,225942E-1;1,177316E-1;9,423904E-1;;
02/12/2021  12:05:23,717158;9,538427E-1;1,184526E-1;1,328963E-1;9,427384E-1;;
02/12/2021  12:05:23,717258;9,549841E-1;1,152668E-1;1,278414E-1;9,430904E-1;;
02/12/2021  12:05:23,717358;9,555236E-1;1,123996E-1;1,212068E-1;9,434459E-1;;
02/12/2021  12:05:23,717458;9,547576E-1;1,305587E-1;1,300529E-1;9,438047E-1;;
02/12/2021  12:05:23,717558;9,540453E-1;1,216384E-1;1,199431E-1;9,441664E-1;;
02/12/2021  12:05:23,717658;9,534910E-1;1,270543E-1;1,268936E-1;9,445304E-1;;
02/12/2021  12:05:23,717758;9,536400E-1;1,229127E-1;1,316326E-1;9,448958E-1;;
02/12/2021  12:05:23,717858;9,543881E-1;1,439390E-1;1,467973E-1;9,452621E-1;;
02/12/2021  12:05:23,717958;9,532854E-1;1,229127E-1;1,231024E-1;9,456282E-1;;
02/12/2021  12:05:23,718058;9,519830E-1;1,009307E-1;1,003553E-1;9,459936E-1;;
02/12/2021  12:05:23,718158;9,514674E-1;1,203641E-1;1,231024E-1;9,463571E-1;;
02/12/2021  12:05:23,718258;9,520754E-1;1,436204E-1;1,439539E-1;9,467176E-1;;
02/12/2021  12:05:23,718358;9,512379E-1;1,378860E-1;1,310007E-1;9,470741E-1;;
02/12/2021  12:05:23,718458;9,503706E-1;1,213198E-1;1,082536E-1;9,474254E-1;;
02/12/2021  12:05:23,718558;9,483768E-1;9,965640E-2;7,792413E-2;9,477703E-1;;
02/12/2021  12:05:23,718658;9,482904E-1;1,283286E-1;1,338441E-1;9,481074E-1;;
02/12/2021  12:05:23,718758;9,480758E-1;1,155854E-1;1,145722E-1;9,484353E-1;;
02/12/2021  12:05:23,718858;9,477599E-1;1,461691E-1;1,509044E-1;9,487527E-1;;
02/12/2021  12:05:23,718958;9,470059E-1;1,143111E-1;1,104651E-1;9,490583E-1;;
02/12/2021  12:05:23,719058;9,449763E-1;1,302401E-1;1,284732E-1;9,493507E-1;;
02/12/2021  12:05:23,719158;9,456469E-1;1,257800E-1;1,313166E-1;9,496287E-1;;
02/12/2021  12:05:23,719258;9,455187E-1;1,120810E-1;1,006712E-1;9,498909E-1;;
02/12/2021  12:05:23,719358;9,449167E-1;1,216384E-1;1,199431E-1;9,501364E-1;;
02/12/2021  12:05:23,719458;9,435577E-1;1,143111E-1;1,202590E-1;9,503640E-1;;
02/12/2021  12:05:23,719558;9,418351E-1;1,321516E-1;1,341600E-1;9,505728E-1;;
02/12/2021  12:05:23,719658;9,419096E-1;1,200455E-1;1,196272E-1;9,507616E-1;;
02/12/2021  12:05:23,719758;9,421450E-1;1,257800E-1;1,474292E-1;9,509295E-1;;
02/12/2021  12:05:23,719858;9,410602E-1;1,133553E-1;1,110970E-1;9,510756E-1;;
02/12/2021  12:05:23,719958;9,401303E-1;1,391603E-1;1,385831E-1;9,511991E-1;;
02/12/2021  12:05:23,720058;9,383034E-1;1,060280E-1;1,060421E-1;9,512993E-1;;
02/12/2021  12:05:23,720158;9,381603E-1;1,375674E-1;1,385831E-1;9,513755E-1;;
02/12/2021  12:05:23,720258;9,378653E-1;1,238685E-1;1,641736E-1;9,514268E-1;;
02/12/2021  12:05:23,720358;9,371649E-1;1,254614E-1;1,259458E-1;9,514528E-1;;
02/12/2021  12:05:23,720458;9,355228E-1;1,423461E-1;1,404787E-1;9,514529E-1;;
02/12/2021  12:05:23,720558;9,344171E-1;1,028422E-1;1,120448E-1;9,514266E-1;;
02/12/2021  12:05:23,720658;9,343932E-1;1,222756E-1;1,208909E-1;9,513735E-1;;
02/12/2021  12:05:23,720758;9,340714E-1;1,159040E-1;1,284732E-1;9,512932E-1;;
02/12/2021  12:05:23,720858;9,338985E-1;1,248242E-1;1,278414E-1;9,511855E-1;;
02/12/2021  12:05:23,720958;9,324590E-1;1,235499E-1;1,287892E-1;9,510504E-1;;
02/12/2021  12:05:23,721058;9,310851E-1;5,537378E-2;4,569906E-2;9,508879E-1;;
02/12/2021  12:05:23,721158;9,315977E-1;1,302401E-1;1,193112E-1;9,506980E-1;;
02/12/2021  12:05:23,721258;9,319107E-1;1,254614E-1;1,373193E-1;9,504809E-1;;
02/12/2021  12:05:23,721358;9,307185E-1;1,585937E-1;1,708081E-1;9,502370E-1;;
02/12/2021  12:05:23,721458;9,298095E-1;1,283286E-1;1,281573E-1;9,499668E-1;;
02/12/2021  12:05:23,721558;9,289333E-1;1,260985E-1;1,385831E-1;9,496707E-1;;
02/12/2021  12:05:23,721658;9,293178E-1;7,608148E-2;1,193112E-1;9,493493E-1;;
02/12/2021  12:05:23,721758;9,299466E-1;1,343816E-1;1,300529E-1;9,490032E-1;;
02/12/2021  12:05:23,721858;9,288201E-1;1,563636E-1;1,534319E-1;9,486334E-1;;
02/12/2021  12:05:23,721958;9,275803E-1;1,162226E-1;1,218387E-1;9,482408E-1;;
02/12/2021  12:05:23,722058;9,275773E-1;1,136739E-1;1,196272E-1;9,478262E-1;;
02/12/2021  12:05:23,722158;9,282598E-1;1,318330E-1;1,360556E-1;9,473908E-1;;
02/12/2021  12:05:23,722258;9,285131E-1;1,340630E-1;1,300529E-1;9,469355E-1;;
02/12/2021  12:05:23,722358;9,276101E-1;7,703722E-2;7,413294E-2;9,464617E-1;;
02/12/2021  12:05:23,722458;9,257265E-1;5,027650E-2;1,031987E-1;9,459707E-1;;
02/12/2021  12:05:23,722558;9,250619E-1;1,512664E-1;1,388990E-1;9,454636E-1;;
02/12/2021  12:05:23,722658;9,257623E-1;1,222756E-1;1,253139E-1;9,449414E-1;;
02/12/2021  12:05:23,722758;9,250172E-1;1,296029E-1;1,253139E-1;9,444051E-1;;
02/12/2021  12:05:23,722858;9,247937E-1;9,360338E-2;9,214107E-2;9,438559E-1;;
02/12/2021  12:05:23,722958;9,233840E-1;-1,312092E-2;6,212753E-2;9,432948E-1;;
02/12/2021  12:05:23,723058;9,230711E-1;1,308772E-1;1,360556E-1;9,427229E-1;;
02/12/2021  12:05:23,723158;9,233274E-1;1,178155E-1;1,205749E-1;9,421411E-1;;
02/12/2021  12:05:23,723258;9,234973E-1;5,824100E-2;4,348754E-2;9,415505E-1;;
02/12/2021  12:05:23,723358;9,224244E-1;9,424054E-2;1,038306E-1;9,409521E-1;;
02/12/2021  12:05:23,723458;9,212531E-1;1,034794E-1;1,076217E-1;9,403470E-1;;
02/12/2021  12:05:23,723558;9,213991E-1;1,286472E-1;1,632258E-1;9,397362E-1;;
02/12/2021  12:05:23,723658;9,228893E-1;-2,713844E-2;8,171531E-2;9,391204E-1;;
02/12/2021  12:05:23,723758;9,222157E-1;1,063466E-1;1,133085E-1;9,385009E-1;;
02/12/2021  12:05:23,723858;9,217806E-1;1,060280E-1;1,180475E-1;9,378789E-1;;
02/12/2021  12:05:23,723958;9,208359E-1;1,009307E-1;1,221546E-1;9,372554E-1;;
02/12/2021  12:05:23,724058;9,215005E-1;9,551486E-2;8,645429E-2;9,366315E-1;;
02/12/2021  12:05:23,724158;9,220995E-1;1,012493E-1;1,085695E-1;9,360082E-1;;
02/12/2021  12:05:23,724258;9,224422E-1;1,028422E-1;1,126766E-1;9,353868E-1;;
02/12/2021  12:05:23,724358;9,218641E-1;1,031608E-1;1,268936E-1;9,347684E-1;;
02/12/2021  12:05:23,724458;9,208567E-1;9,455912E-2;8,898175E-2;9,341541E-1;;
02/12/2021  12:05:23,724558;9,213514E-1;1,028422E-1;1,193112E-1;9,335452E-1;;
02/12/2021  12:05:23,724658;9,212680E-1;1,187712E-1;1,505885E-1;9,329424E-1;;
02/12/2021  12:05:23,724758;9,215839E-1;8,245308E-2;1,003553E-1;9,323468E-1;;
02/12/2021  12:05:23,724858;9,200729E-1;8,086018E-2;1,016190E-1;9,317592E-1;;
02/12/2021  12:05:23,724958;9,195782E-1;9,710776E-2;1,120448E-1;9,311805E-1;;
02/12/2021  12:05:23,725058;9,209759E-1;1,012493E-1;1,129926E-1;9,306113E-1;;
02/12/2021  12:05:23,725158;9,212591E-1;1,098510E-1;1,310007E-1;9,300521E-1;;
02/12/2021  12:05:23,725258;9,213395E-1;1,331073E-1;1,411105E-1;9,295038E-1;;
02/12/2021  12:05:23,725358;9,203620E-1;1,340630E-1;1,341600E-1;9,289672E-1;;
02/12/2021  12:05:23,725458;9,207584E-1;9,838208E-2;1,092014E-1;9,284429E-1;;
02/12/2021  12:05:23,725558;9,217061E-1;1,573194E-1;1,490088E-1;9,279315E-1;;
02/12/2021  12:05:23,725658;9,226151E-1;1,550893E-1;1,467973E-1;9,274336E-1;;
02/12/2021  12:05:23,725758;9,234079E-1;1,818500E-1;1,932393E-1;9,269501E-1;;
02/12/2021  12:05:23,725858;9,235181E-1;1,611423E-1;1,401627E-1;9,264819E-1;;
02/12/2021  12:05:23,725958;9,241231E-1;1,767528E-1;1,505885E-1;9,260298E-1;;
02/12/2021  12:05:23,726058;9,252407E-1;1,968233E-1;1,903959E-1;9,255948E-1;;
02/12/2021  12:05:23,726158;9,260097E-1;1,605052E-1;1,509044E-1;9,251778E-1;;
02/12/2021  12:05:23,726258;9,264597E-1;1,401161E-1;1,426902E-1;9,247799E-1;;
02/12/2021  12:05:23,726358;9,253361E-1;1,264171E-1;1,297370E-1;9,244019E-1;;
02/12/2021  12:05:23,726458;9,256639E-1;1,047537E-1;1,303688E-1;9,240446E-1;;
02/12/2021  12:05:23,726558;9,268114E-1;1,034794E-1;1,752312E-1;9,237086E-1;;
02/12/2021  12:05:23,726658;9,269663E-1;1,197269E-1;1,161519E-1;9,233945E-1;;
02/12/2021  12:05:23,726758;9,269127E-1;4,071910E-2;7,097362E-2;9,231026E-1;;
02/12/2021  12:05:23,726858;9,267518E-1;1,238685E-1;1,313166E-1;9,228334E-1;;
02/12/2021  12:05:23,726958;9,274551E-1;9,424054E-2;1,076217E-1;9,225872E-1;;
02/12/2021  12:05:23,727058;9,289870E-1;1,353374E-1;1,411105E-1;9,223640E-1;;
02/12/2021  12:05:23,727158;9,295354E-1;9,774492E-2;1,148882E-1;9,221643E-1;;
02/12/2021  12:05:23,727258;9,300599E-1;1,006121E-1;1,076217E-1;9,219883E-1;;
02/12/2021  12:05:23,727358;9,293416E-1;1,101695E-1;1,221546E-1;9,218362E-1;;
02/12/2021  12:05:23,727458;9,305516E-1;9,073616E-2;6,497092E-2;9,217082E-1;;
02/12/2021  12:05:23,727558;9,321729E-1;4,358632E-2;5,075397E-2;9,216045E-1;;
02/12/2021  12:05:23,727658;9,329001E-1;1,041165E-1;1,085695E-1;9,215250E-1;;
02/12/2021  12:05:23,727758;9,325633E-1;1,222756E-1;1,265777E-1;9,214702E-1;;
02/12/2021  12:05:23,727858;9,327988E-1;1,378860E-1;1,420583E-1;9,214400E-1;;
02/12/2021  12:05:23,727958;9,336959E-1;1,241871E-1;1,199431E-1;9,214344E-1;;
02/12/2021  12:05:23,728058;9,345840E-1;1,200455E-1;9,972343E-2;9,214534E-1;;
02/12/2021  12:05:23,728158;9,355705E-1;1,149482E-1;9,656411E-2;9,214969E-1;;
02/12/2021  12:05:23,728258;9,352456E-1;1,305587E-1;1,335282E-1;9,215647E-1;;
02/12/2021  12:05:23,728358;9,344528E-1;1,073023E-1;1,167838E-1;9,216567E-1;;
02/12/2021  12:05:23,728458;9,358059E-1;1,280100E-1;1,262617E-1;9,217725E-1;;
02/12/2021  12:05:23,728558;9,366732E-1;1,260985E-1;1,139404E-1;9,219117E-1;;
02/12/2021  12:05:23,728658;9,376298E-1;1,213198E-1;1,202590E-1;9,220736E-1;;
02/12/2021  12:05:23,728758;9,378206E-1;1,292843E-1;1,505885E-1;9,222580E-1;;
02/12/2021  12:05:23,728858;9,378236E-1;9,583344E-2;9,435259E-2;9,224645E-1;;
02/12/2021  12:05:23,728958;9,400141E-1;1,139925E-1;1,117289E-1;9,226926E-1;;
02/12/2021  12:05:23,729058;9,414446E-1;1,554079E-1;1,821817E-1;9,229418E-1;;
02/12/2021  12:05:23,729158;9,424669E-1;1,417090E-1;1,379512E-1;9,232120E-1;;
02/12/2021  12:05:23,729258;9,428633E-1;1,194084E-1;1,095173E-1;9,235031E-1;;
02/12/2021  12:05:23,729358;9,431285E-1;1,229127E-1;1,212068E-1;9,238149E-1;;
02/12/2021  12:05:23,729458;9,456349E-1;1,714418E-2;7,160549E-2;9,241473E-1;;
02/12/2021  12:05:23,729558;9,472503E-1;1,404346E-1;1,480610E-1;9,245000E-1;;
02/12/2021  12:05:23,729658;9,476317E-1;1,171783E-1;1,196272E-1;9,248733E-1;;
02/12/2021  12:05:23,729758;9,479774E-1;1,238685E-1;1,231024E-1;9,252672E-1;;
02/12/2021  12:05:23,729858;9,483649E-1;1,216384E-1;1,227865E-1;9,256815E-1;;
02/12/2021  12:05:23,729958;9,499117E-1;1,394789E-1;1,341600E-1;9,261163E-1;;
02/12/2021  12:05:23,730058;9,513929E-1;1,483991E-1;1,483770E-1;9,265712E-1;;
02/12/2021  12:05:23,730158;9,510382E-1;1,407532E-1;1,625939E-1;9,270461E-1;;
02/12/2021  12:05:23,730258;9,511425E-1;1,260985E-1;1,281573E-1;9,275409E-1;;
02/12/2021  12:05:23,730358;9,515478E-1;9,965640E-2;1,148882E-1;9,280550E-1;;
02/12/2021  12:05:23,730458;9,528622E-1;1,394789E-1;1,388990E-1;9,285878E-1;;
02/12/2021  12:05:23,730558;9,533867E-1;1,280100E-1;1,272095E-1;9,291389E-1;;
02/12/2021  12:05:23,730658;9,534284E-1;1,245056E-1;1,310007E-1;9,297075E-1;;
02/12/2021  12:05:23,730758;9,528502E-1;1,321516E-1;1,278414E-1;9,302930E-1;;
02/12/2021  12:05:23,730858;9,541556E-1;9,424054E-2;1,360556E-1;9,308943E-1;;
02/12/2021  12:05:23,730958;9,548947E-1;1,340630E-1;1,328963E-1;9,315107E-1;;
02/12/2021  12:05:23,731058;9,554282E-1;1,063466E-1;1,092014E-1;9,321411E-1;;
02/12/2021  12:05:23,731158;9,552047E-1;1,088952E-1;1,019350E-1;9,327846E-1;;
02/12/2021  12:05:23,731258;9,539768E-1;1,178155E-1;1,414265E-1;9,334402E-1;;
02/12/2021  12:05:23,731358;9,547398E-1;1,251428E-1;1,332122E-1;9,341066E-1;;
02/12/2021  12:05:23,731458;9,565130E-1;5,155082E-2;8,677022E-2;9,347825E-1;;
02/12/2021  12:05:23,731558;9,558246E-1;1,251428E-1;1,297370E-1;9,354666E-1;;
02/12/2021  12:05:23,731658;9,557978E-1;1,337445E-1;1,328963E-1;9,361578E-1;;
02/12/2021  12:05:23,731758;9,553835E-1;1,216384E-1;1,275255E-1;9,368548E-1;;
02/12/2021  12:05:23,731858;9,555802E-1;1,229127E-1;1,066739E-1;9,375561E-1;;
02/12/2021  12:05:23,731958;9,572313E-1;1,210013E-1;1,319485E-1;9,382604E-1;;
02/12/2021  12:05:23,732058;9,566710E-1;1,264171E-1;1,316326E-1;9,389663E-1;;
02/12/2021  12:05:23,732158;9,556905E-1;1,388417E-1;1,423743E-1;9,396728E-1;;
02/12/2021  12:05:23,732258;9,547368E-1;1,397975E-1;1,382671E-1;9,403783E-1;;
02/12/2021  12:05:23,732358;9,549275E-1;1,436204E-1;1,316326E-1;9,410813E-1;;
02/12/2021  12:05:23,732458;9,556785E-1;1,120810E-1;1,237343E-1;9,417802E-1;;
02/12/2021  12:05:23,732558;9,544775E-1;1,331073E-1;1,392149E-1;9,424736E-1;;
02/12/2021  12:05:23,732658;9,544149E-1;1,340630E-1;1,404787E-1;9,431599E-1;;
02/12/2021  12:05:23,732758;9,529844E-1;1,194084E-1;9,561632E-2;9,438376E-1;;
02/12/2021  12:05:23,732858;9,533003E-1;1,187712E-1;1,019350E-1;9,445050E-1;;
02/12/2021  12:05:23,732958;9,533927E-1;1,318330E-1;1,262617E-1;9,451606E-1;;
02/12/2021  12:05:23,733058;9,522840E-1;1,410718E-1;1,322644E-1;9,458029E-1;;
02/12/2021  12:05:23,733158;9,514704E-1;1,187712E-1;1,249980E-1;9,464303E-1;;
02/12/2021  12:05:23,733258;9,504302E-1;1,146297E-1;1,031987E-1;9,470412E-1;;
02/12/2021  12:05:23,733358;9,515538E-1;9,838208E-2;1,648054E-1;9,476342E-1;;
02/12/2021  12:05:23,733458;9,518459E-1;1,662396E-1;2,147227E-1;9,482078E-1;;
02/12/2021  12:05:23,733558;9,517207E-1;1,206827E-1;1,262617E-1;9,487610E-1;;
02/12/2021  12:05:23,733658;9,506955E-1;1,241871E-1;1,275255E-1;9,492927E-1;;
02/12/2021  12:05:23,733758;9,505107E-1;1,280100E-1;1,259458E-1;9,498020E-1;;
02/12/2021  12:05:23,733858;9,510919E-1;6,493118E-2;9,150920E-2;9,502882E-1;;
02/12/2021  12:05:23,733958;9,509190E-1;1,331073E-1;1,430061E-1;9,507505E-1;;
02/12/2021  12:05:23,734058;9,509488E-1;1,238685E-1;1,278414E-1;9,511883E-1;;
02/12/2021  12:05:23,734158;9,495361E-1;1,130368E-1;1,136244E-1;9,516014E-1;;
02/12/2021  12:05:23,734258;9,486927E-1;1,260985E-1;1,227865E-1;9,519893E-1;;
02/12/2021  12:05:23,734358;9,488507E-1;1,697440E-1;1,521681E-1;9,523514E-1;;
02/12/2021  12:05:23,734458;9,489371E-1;1,436204E-1;1,373193E-1;9,526874E-1;;
02/12/2021  12:05:23,734558;9,473337E-1;1,165411E-1;1,215227E-1;9,529970E-1;;
02/12/2021  12:05:23,734658;9,455157E-1;1,280100E-1;1,249980E-1;9,532798E-1;;
02/12/2021  12:05:23,734758;9,446544E-1;1,388417E-1;1,474292E-1;9,535353E-1;;
02/12/2021  12:05:23,734858;9,451044E-1;1,311958E-1;1,439539E-1;9,537631E-1;;
02/12/2021  12:05:23,734958;9,435428E-1;1,146297E-1;1,212068E-1;9,539626E-1;;
02/12/2021  12:05:23,735058;9,420914E-1;1,267357E-1;1,240502E-1;9,541334E-1;;
02/12/2021  12:05:23,735158;9,405803E-1;1,331073E-1;1,325804E-1;9,542751E-1;;
02/12/2021  12:05:23,735258;9,402495E-1;1,487177E-1;1,521681E-1;9,543869E-1;;
02/12/2021  12:05:23,735358;9,409708E-1;1,257800E-1;1,287892E-1;9,544686E-1;;
02/12/2021  12:05:23,735458;9,406787E-1;1,225942E-1;1,240502E-1;9,545197E-1;;
02/12/2021  12:05:23,735558;9,400022E-1;4,581638E-2;7,950379E-2;9,545403E-1;;
02/12/2021  12:05:23,735658;9,390634E-1;1,627352E-1;1,667010E-1;9,545305E-1;;
02/12/2021  12:05:23,735758;9,391736E-1;1,350188E-1;1,054102E-1;9,544905E-1;;
02/12/2021  12:05:23,735858;9,402227E-1;1,468062E-1;1,474292E-1;9,544207E-1;;
02/12/2021  12:05:23,735958;9,395730E-1;1,219570E-1;1,253139E-1;9,543215E-1;;
02/12/2021  12:05:23,736058;9,388995E-1;1,423461E-1;1,360556E-1;9,541939E-1;;
02/12/2021  12:05:23,736158;9,376865E-1;1,487177E-1;1,461654E-1;9,540385E-1;;
02/12/2021  12:05:23,736258;9,374928E-1;1,120810E-1;1,243661E-1;9,538562E-1;;
02/12/2021  12:05:23,736358;9,378265E-1;1,238685E-1;1,411105E-1;9,536476E-1;;
02/12/2021  12:05:23,736458;9,365122E-1;1,159040E-1;1,268936E-1;9,534138E-1;;
02/12/2021  12:05:23,736558;9,352844E-1;1,283286E-1;1,256299E-1;9,531554E-1;;
02/12/2021  12:05:23,736658;9,340624E-1;1,028422E-1;1,095173E-1;9,528733E-1;;
02/12/2021  12:05:23,736758;9,336273E-1;1,037979E-1;1,177316E-1;9,525682E-1;;
02/12/2021  12:05:23,736858;9,334813E-1;6,684266E-2;6,907803E-2;9,522406E-1;;
02/12/2021  12:05:23,736958;9,322504E-1;3,211744E-2;6,149566E-2;9,518912E-1;;
02/12/2021  12:05:23,737058;9,307394E-1;1,155854E-1;1,231024E-1;9,515206E-1;;
02/12/2021  12:05:23,737158;9,293804E-1;9,647060E-2;6,307532E-2;9,511294E-1;;
02/12/2021  12:05:23,737258;9,291449E-1;9,551486E-2;9,719598E-2;9,507181E-1;;
02/12/2021  12:05:23,737358;9,295473E-1;8,914326E-2;1,066739E-1;9,502870E-1;;
02/12/2021  12:05:23,737458;9,288707E-1;9,965640E-2;9,814378E-2;9,498367E-1;;
02/12/2021  12:05:23,737558;9,273985E-1;9,806350E-2;1,063580E-1;9,493679E-1;;
02/12/2021  12:05:23,737658;9,263911E-1;6,312458E-3;5,201770E-2;9,488813E-1;;
02/12/2021  12:05:23,737758;9,267726E-1;1,053908E-1;1,139404E-1;9,483774E-1;;
02/12/2021  12:05:23,737858;9,267845E-1;2,057435E-1;2,513708E-1;9,478570E-1;;
02/12/2021  12:05:23,737958;9,261020E-1;9,774492E-2;1,095173E-1;9,473207E-1;;
02/12/2021  12:05:23,738058;9,248384E-1;-5,358058E-2;2,705907E-2;9,467696E-1;;
02/12/2021  12:05:23,738158;9,246000E-1;9,901924E-2;1,069899E-1;9,462044E-1;;
02/12/2021  12:05:23,738258;9,247222E-1;1,152668E-1;1,420583E-1;9,456260E-1;;
02/12/2021  12:05:23,738358;9,251215E-1;1,117624E-1;1,388990E-1;9,450352E-1;;
02/12/2021  12:05:23,738458;9,244241E-1;1,143111E-1;1,278414E-1;9,444332E-1;;
02/12/2021  12:05:23,738558;9,236910E-1;1,079395E-1;1,164678E-1;9,438210E-1;;
02/12/2021  12:05:23,738658;9,233274E-1;1,340630E-1;1,395309E-1;9,431997E-1;;
02/12/2021  12:05:23,738758;9,245195E-1;1,366117E-1;1,347919E-1;9,425704E-1;;
02/12/2021  12:05:23,738858;9,244927E-1;1,375674E-1;1,202590E-1;9,419343E-1;;
02/12/2021  12:05:23,738958;9,243467E-1;1,665582E-1;1,625939E-1;9,412927E-1;;
02/12/2021  12:05:23,739058;9,236999E-1;1,614609E-1;1,411105E-1;9,406471E-1;;
02/12/2021  12:05:23,739158;9,231128E-1;1,933189E-1;1,689125E-1;9,399986E-1;;
02/12/2021  12:05:23,739258;9,246328E-1;1,745227E-1;1,594346E-1;9,393487E-1;;
02/12/2021  12:05:23,739358;9,243914E-1;1,496735E-1;1,392149E-1;9,386985E-1;;
02/12/2021  12:05:23,739458;9,241082E-1;1,114439E-1;1,581709E-1;9,380496E-1;;
02/12/2021  12:05:23,739558;9,239741E-1;1,445762E-1;1,486929E-1;9,374033E-1;;
02/12/2021  12:05:23,739658;9,238609E-1;4,836502E-2;1,066739E-1;9,367609E-1;;
02/12/2021  12:05:23,739758;9,248831E-1;4,486064E-2;1,079377E-1;9,361237E-1;;
02/12/2021  12:05:23,739858;9,251275E-1;1,127182E-1;1,196272E-1;9,354929E-1;;
02/12/2021  12:05:23,739958;9,245106E-1;9,678918E-2;8,866581E-2;9,348700E-1;;
02/12/2021  12:05:23,740058;9,237387E-1;1,617795E-1;1,809180E-1;9,342561E-1;;
02/12/2021  12:05:23,740158;9,244778E-1;1,104881E-1;1,164678E-1;9,336525E-1;;
02/12/2021  12:05:23,740258;9,258934E-1;1,114439E-1;1,328963E-1;9,330600E-1;;
02/12/2021  12:05:23,740358;9,268173E-1;1,232313E-1;1,256299E-1;9,324799E-1;;
02/12/2021  12:05:23,740458;9,272107E-1;1,302401E-1;1,218387E-1;9,319136E-1;;
02/12/2021  12:05:23,740558;9,273061E-1;1,327887E-1;1,341600E-1;9,313623E-1;;
02/12/2021  12:05:23,740658;9,283879E-1;1,238685E-1;1,287892E-1;9,308273E-1;;
02/12/2021  12:05:23,740758;9,300807E-1;1,206827E-1;1,205749E-1;9,303101E-1;;
02/12/2021  12:05:23,740858;9,304712E-1;1,210013E-1;1,306848E-1;9,298119E-1;;
02/12/2021  12:05:23,740958;9,307662E-1;1,397975E-1;1,351078E-1;9,293343E-1;;
02/12/2021  12:05:23,741058;9,316961E-1;9,201048E-2;9,277293E-2;9,288787E-1;;
02/12/2021  12:05:23,741158;9,321580E-1;1,327887E-1;1,347919E-1;9,284463E-1;;
02/12/2021  12:05:23,741258;9,336780E-1;9,838208E-2;1,193112E-1;9,280383E-1;;
02/12/2021  12:05:23,741358;9,339879E-1;1,321516E-1;1,297370E-1;9,276560E-1;;
02/12/2021  12:05:23,741458;9,339522E-1;1,296029E-1;1,265777E-1;9,273006E-1;;
02/12/2021  12:05:23,741558;9,338151E-1;2,096714E-2;7,855599E-2;9,269730E-1;;
02/12/2021  12:05:23,741658;9,344052E-1;8,786894E-2;1,019350E-1;9,266739E-1;;
02/12/2021  12:05:23,741758;9,356062E-1;1,302401E-1;1,291051E-1;9,264039E-1;;
02/12/2021  12:05:23,741858;9,350370E-1;1,187712E-1;1,107811E-1;9,261636E-1;;
02/12/2021  12:05:23,741958;9,352754E-1;1,496735E-1;1,745993E-1;9,259533E-1;;
02/12/2021  12:05:23,742058;9,350310E-1;1,280100E-1;1,303688E-1;9,257732E-1;;
02/12/2021  12:05:23,742158;9,360950E-1;1,391603E-1;1,291051E-1;9,256231E-1;;
02/12/2021  12:05:23,742258;9,366076E-1;8,404598E-2;1,537478E-1;9,255031E-1;;
02/12/2021  12:05:23,742358;9,367000E-1;1,123996E-1;1,114129E-1;9,254128E-1;;
02/12/2021  12:05:23,742458;9,367864E-1;1,225942E-1;1,676488E-1;9,253522E-1;;
02/12/2021  12:05:23,742558;9,375494E-1;1,296029E-1;1,291051E-1;9,253207E-1;;
02/12/2021  12:05:23,742658;9,388697E-1;9,742634E-2;1,126766E-1;9,253180E-1;;
02/12/2021  12:05:23,742758;9,398293E-1;1,289658E-1;1,370034E-1;9,253438E-1;;
02/12/2021  12:05:23,742858;9,402167E-1;1,353374E-1;1,275255E-1;9,253976E-1;;
02/12/2021  12:05:23,742958;9,404492E-1;1,149482E-1;1,041465E-1;9,254792E-1;;
02/12/2021  12:05:23,743058;9,409946E-1;1,703812E-1;2,008217E-1;9,255882E-1;;
02/12/2021  12:05:23,743158;9,429169E-1;1,238685E-1;1,752312E-1;9,257241E-1;;
02/12/2021  12:05:23,743258;9,444100E-1;1,130368E-1;1,196272E-1;9,258866E-1;;
02/12/2021  12:05:23,743358;9,447677E-1;1,152668E-1;1,212068E-1;9,260754E-1;;
02/12/2021  12:05:23,743458;9,447915E-1;1,315144E-1;1,265777E-1;9,262903E-1;;
02/12/2021  12:05:23,743558;9,452475E-1;1,483991E-1;1,259458E-1;9,265310E-1;;
02/12/2021  12:05:23,743658;9,475513E-1;1,152668E-1;1,404787E-1;9,267971E-1;;
02/12/2021  12:05:23,743758;9,487672E-1;1,190898E-1;1,221546E-1;9,270882E-1;;
02/12/2021  12:05:23,743858;9,493663E-1;1,190898E-1;1,379512E-1;9,274041E-1;;
02/12/2021  12:05:23,743958;9,489133E-1;1,305587E-1;1,341600E-1;9,277445E-1;;
02/12/2021  12:05:23,744058;9,499623E-1;1,197269E-1;1,310007E-1;9,281091E-1;;
02/12/2021  12:05:23,744158;9,511932E-1;1,200455E-1;1,107811E-1;9,284974E-1;;
02/12/2021  12:05:23,744258;9,515389E-1;1,178155E-1;1,268936E-1;9,289089E-1;;
02/12/2021  12:05:23,744358;9,520813E-1;1,200455E-1;1,316326E-1;9,293430E-1;;
02/12/2021  12:05:23,744458;9,520843E-1;2,685038E-1;2,024013E-1;9,297991E-1;;
02/12/2021  12:05:23,744558;9,524002E-1;1,219570E-1;1,174156E-1;9,302766E-1;;
02/12/2021  12:05:23,744658;9,540155E-1;1,308772E-1;1,430061E-1;9,307745E-1;;
02/12/2021  12:05:23,744758;9,544983E-1;1,264171E-1;1,265777E-1;9,312920E-1;;
02/12/2021  12:05:23,744858;9,542838E-1;1,283286E-1;1,208909E-1;9,318284E-1;;
02/12/2021  12:05:23,744958;9,541347E-1;1,321516E-1;1,433221E-1;9,323827E-1;;
02/12/2021  12:05:23,745058;9,546503E-1;1,181340E-1;1,186794E-1;9,329539E-1;;
02/12/2021  12:05:23,745158;9,565011E-1;1,002936E-1;9,719598E-2;9,335409E-1;;
02/12/2021  12:05:23,745258;9,566859E-1;1,238685E-1;1,253139E-1;9,341427E-1;;
02/12/2021  12:05:23,745358;9,573267E-1;1,210013E-1;1,183634E-1;9,347582E-1;;
02/12/2021  12:05:23,745458;9,570197E-1;1,120810E-1;1,256299E-1;9,353866E-1;;
02/12/2021  12:05:23,745558;9,578452E-1;1,123996E-1;1,196272E-1;9,360269E-1;;
02/12/2021  12:05:23,745658;9,593771E-1;1,171783E-1;8,613836E-2;9,366780E-1;;
02/12/2021  12:05:23,745758;9,593652E-1;1,251428E-1;1,455336E-1;9,373389E-1;;
02/12/2021  12:05:23,745858;9,595380E-1;1,053908E-1;1,177316E-1;9,380088E-1;;
02/12/2021  12:05:23,745958;9,582893E-1;1,178155E-1;1,231024E-1;9,386867E-1;;
02/12/2021  12:05:23,746058;9,595589E-1;1,108067E-1;1,360556E-1;9,393715E-1;;
02/12/2021  12:05:23,746158;9,608762E-1;9,264764E-2;1,110970E-1;9,400619E-1;;
02/12/2021  12:05:23,746258;9,606944E-1;1,315144E-1;1,328963E-1;9,407569E-1;;
02/12/2021  12:05:23,746358;9,608017E-1;1,225942E-1;1,208909E-1;9,414555E-1;;
02/12/2021  12:05:23,746458;9,602563E-1;1,187712E-1;1,170997E-1;9,421568E-1;;
02/12/2021  12:05:23,746558;9,609537E-1;1,429833E-1;1,398468E-1;9,428595E-1;;
02/12/2021  12:05:23,746658;9,620445E-1;1,480806E-1;1,256299E-1;9,435625E-1;;
02/12/2021  12:05:23,746758;9,617584E-1;1,190898E-1;1,186794E-1;9,442648E-1;;
02/12/2021  12:05:23,746858;9,618388E-1;1,292843E-1;1,373193E-1;9,449655E-1;;
02/12/2021  12:05:23,746958;9,609120E-1;1,436204E-1;1,401627E-1;9,456635E-1;;
02/12/2021  12:05:23,747058;9,620027E-1;1,356559E-1;1,287892E-1;9,463578E-1;;
02/12/2021  12:05:23,747158;9,622471E-1;1,012493E-1;1,186794E-1;9,470473E-1;;
02/12/2021  12:05:23,747258;9,624587E-1;1,127182E-1;1,104651E-1;9,477309E-1;;
02/12/2021  12:05:23,747358;9,626405E-1;1,206827E-1;1,287892E-1;9,484079E-1;;
02/12/2021  12:05:23,747458;9,620176E-1;1,280100E-1;1,316326E-1;9,490773E-1;;
02/12/2021  12:05:23,747558;9,634035E-1;1,308772E-1;1,256299E-1;9,497382E-1;;
02/12/2021  12:05:23,747658;9,637850E-1;1,334259E-1;1,297370E-1;9,503899E-1;;
02/12/2021  12:05:23,747758;9,640591E-1;1,455319E-1;1,461654E-1;9,510317E-1;;
02/12/2021  12:05:23,747858;9,635018E-1;1,197269E-1;1,253139E-1;9,516632E-1;;
02/12/2021  12:05:23,747958;9,632127E-1;9,169190E-2;1,155200E-1;9,522837E-1;;
02/12/2021  12:05:23,748058;9,634363E-1;1,117624E-1;1,120448E-1;9,528926E-1;;
02/12/2021  12:05:23,748158;9,634899E-1;1,123996E-1;1,170997E-1;9,534892E-1;;
02/12/2021  12:05:23,748258;9,634929E-1;1,225942E-1;1,809180E-1;9,540731E-1;;
02/12/2021  12:05:23,748358;9,631978E-1;1,464877E-1;1,366875E-1;9,546435E-1;;
02/12/2021  12:05:23,748458;9,631323E-1;1,407532E-1;1,685966E-1;9,552000E-1;;
02/12/2021  12:05:23,748558;9,633737E-1;1,095324E-1;1,212068E-1;9,557420E-1;;
02/12/2021  12:05:23,748658;9,642260E-1;1,350188E-1;1,360556E-1;9,562690E-1;;
02/12/2021  12:05:23,748758;9,636121E-1;1,461691E-1;1,439539E-1;9,567808E-1;;
02/12/2021  12:05:23,748858;9,628789E-1;1,108067E-1;1,180475E-1;9,572769E-1;;
02/12/2021  12:05:23,748958;9,626167E-1;1,257800E-1;1,145722E-1;9,577570E-1;;
02/12/2021  12:05:23,749058;9,627091E-1;1,296029E-1;1,268936E-1;9,582207E-1;;
02/12/2021  12:05:23,749158;9,629862E-1;1,493549E-1;1,474292E-1;9,586675E-1;;
02/12/2021  12:05:23,749258;9,626822E-1;1,264171E-1;1,300529E-1;9,590973E-1;;
02/12/2021  12:05:23,749358;9,621935E-1;1,162226E-1;1,234183E-1;9,595096E-1;;
02/12/2021  12:05:23,749458;9,627001E-1;1,114439E-1;1,152041E-1;9,599043E-1;;
02/12/2021  12:05:23,749558;9,628611E-1;1,178155E-1;1,268936E-1;9,602811E-1;;
02/12/2021  12:05:23,749658;9,632723E-1;1,178155E-1;1,202590E-1;9,606401E-1;;
02/12/2021  12:05:23,749758;9,625362E-1;1,190898E-1;1,212068E-1;9,609811E-1;;
02/12/2021  12:05:23,749858;9,613769E-1;1,044351E-1;9,435259E-2;9,613044E-1;;
02/12/2021  12:05:23,749958;9,616630E-1;1,031608E-1;1,158360E-1;9,616097E-1;;
02/12/2021  12:05:23,750058;9,623336E-1;1,308772E-1;1,445858E-1;9,618970E-1;;
02/12/2021  12:05:23,750158;9,624826E-1;1,200455E-1;1,316326E-1;9,621663E-1;;
02/12/2021  12:05:23,750258;9,616838E-1;8,914326E-2;9,593225E-2;9,624179E-1;;
02/12/2021  12:05:23,750358;9,610490E-1;1,050723E-1;1,101492E-1;9,626518E-1;;
02/12/2021  12:05:23,750458;9,613143E-1;9,169190E-2;8,045158E-2;9,628683E-1;;
02/12/2021  12:05:23,750558;9,614275E-1;1,213198E-1;1,152041E-1;9,630673E-1;;
02/12/2021  12:05:23,750658;9,603457E-1;7,671864E-2;8,139938E-2;9,632491E-1;;
02/12/2021  12:05:23,750758;9,593205E-1;8,723178E-2;1,107811E-1;9,634138E-1;;
02/12/2021  12:05:23,750858;9,586559E-1;9,137332E-2;1,095173E-1;9,635613E-1;;
02/12/2021  12:05:23,750958;9,581343E-1;1,044351E-1;1,050943E-1;9,636917E-1;;
02/12/2021  12:05:23,751058;9,584025E-1;8,277166E-2;8,361090E-2;9,638047E-1;;
02/12/2021  12:05:23,751158;9,574250E-1;9,264764E-2;9,372073E-2;9,639002E-1;;
02/12/2021  12:05:23,751258;9,562239E-1;1,047537E-1;1,126766E-1;9,639783E-1;;
02/12/2021  12:05:23,751358;9,556785E-1;1,063466E-1;1,114129E-1;9,640387E-1;;
02/12/2021  12:05:23,751458;9,556368E-1;1,079395E-1;1,202590E-1;9,640812E-1;;
02/12/2021  12:05:23,751558;9,559229E-1;1,085766E-1;1,426902E-1;9,641057E-1;;
02/12/2021  12:05:23,751658;9,552494E-1;1,155854E-1;1,291051E-1;9,641122E-1;;
02/12/2021  12:05:23,751758;9,545907E-1;1,181340E-1;1,167838E-1;9,641007E-1;;
02/12/2021  12:05:23,751858;9,536519E-1;1,461691E-1;1,420583E-1;9,640714E-1;;
02/12/2021  12:05:23,751958;9,542778E-1;1,538150E-1;1,404787E-1;9,640241E-1;;
02/12/2021  12:05:23,752058;9,537682E-1;1,321516E-1;1,287892E-1;9,639592E-1;;
02/12/2021  12:05:23,752158;9,534225E-1;1,614609E-1;1,430061E-1;9,638767E-1;;
02/12/2021  12:05:23,752258;9,524956E-1;1,649653E-1;1,430061E-1;9,637770E-1;;
02/12/2021  12:05:23,752358;9,519114E-1;1,748413E-1;1,818658E-1;9,636603E-1;;
02/12/2021  12:05:23,752458;9,523376E-1;1,754784E-1;1,796542E-1;9,635267E-1;;
02/12/2021  12:05:23,752558;9,518757E-1;1,582751E-1;1,581709E-1;9,633767E-1;;
02/12/2021  12:05:23,752658;9,511932E-1;1,691068E-1;1,685966E-1;9,632107E-1;;
02/12/2021  12:05:23,752758;9,502097E-1;1,334259E-1;1,237343E-1;9,630288E-1;;
02/12/2021  12:05:23,752858;9,492053E-1;1,069837E-1;1,297370E-1;9,628316E-1;;
02/12/2021  12:05:23,752958;9,490146E-1;1,114439E-1;1,057261E-1;9,626191E-1;;
02/12/2021  12:05:23,753058;9,485705E-1;1,292843E-1;1,388990E-1;9,623917E-1;;
02/12/2021  12:05:23,753158;9,468360E-1;1,273729E-1;1,388990E-1;9,621495E-1;;
02/12/2021  12:05:23,753258;9,455038E-1;1,254614E-1;1,265777E-1;9,618927E-1;;
02/12/2021  12:05:23,753358;9,449971E-1;1,136739E-1;1,174156E-1;9,616212E-1;;
02/12/2021  12:05:23,753458;9,448303E-1;1,251428E-1;1,414265E-1;9,613349E-1;;
02/12/2021  12:05:23,753558;9,446097E-1;1,296029E-1;1,325804E-1;9,610339E-1;;
02/12/2021  12:05:23,753658;9,437246E-1;1,299215E-1;1,196272E-1;9,607183E-1;;
02/12/2021  12:05:23,753758;9,419692E-1;1,267357E-1;1,341600E-1;9,603882E-1;;
02/12/2021  12:05:23,753858;9,407294E-1;1,267357E-1;1,297370E-1;9,600436E-1;;
02/12/2021  12:05:23,753958;9,409290E-1;1,028422E-1;1,142563E-1;9,596845E-1;;
02/12/2021  12:05:23,754058;9,407115E-1;1,308772E-1;1,259458E-1;9,593108E-1;;
02/12/2021  12:05:23,754158;9,399306E-1;1,143111E-1;1,088855E-1;9,589227E-1;;
02/12/2021  12:05:23,754258;9,386789E-1;1,410718E-1;1,404787E-1;9,585203E-1;;
02/12/2021  12:05:23,754358;9,380709E-1;1,366117E-1;1,366875E-1;9,581037E-1;;
02/12/2021  12:05:23,754458;9,382587E-1;5,473662E-2;4,285567E-2;9,576731E-1;;
02/12/2021  12:05:23,754558;9,373855E-1;1,210013E-1;9,909157E-2;9,572288E-1;;
02/12/2021  12:05:23,754658;9,367834E-1;1,260985E-1;1,297370E-1;9,567711E-1;;
02/12/2021  12:05:23,754758;9,358745E-1;1,337445E-1;1,262617E-1;9,563003E-1;;
02/12/2021  12:05:23,754858;9,361069E-1;-4,200682E-3;1,536959E-2;9,558168E-1;;
02/12/2021  12:05:23,754958;9,361844E-1;1,181340E-1;1,407946E-1;9,553210E-1;;
02/12/2021  12:05:23,755058;9,361188E-1;1,321516E-1;1,278414E-1;9,548134E-1;;
02/12/2021  12:05:23,755158;9,349535E-1;1,232313E-1;1,281573E-1;9,542949E-1;;
02/12/2021  12:05:23,755258;9,335409E-1;1,219570E-1;1,278414E-1;9,537660E-1;;
02/12/2021  12:05:23,755358;9,337942E-1;1,375674E-1;1,284732E-1;9,532274E-1;;
02/12/2021  12:05:23,755458;9,337167E-1;1,340630E-1;1,319485E-1;9,526796E-1;;
02/12/2021  12:05:23,755558;9,335915E-1;9,487770E-2;1,035146E-1;9,521233E-1;;
02/12/2021  12:05:23,755658;9,329567E-1;1,334259E-1;1,414265E-1;9,515591E-1;;
02/12/2021  12:05:23,755758;9,312371E-1;1,407532E-1;1,370034E-1;9,509880E-1;;
02/12/2021  12:05:23,755858;9,310374E-1;1,254614E-1;1,224705E-1;9,504104E-1;;
02/12/2021  12:05:23,755958;9,308288E-1;1,225942E-1;1,328963E-1;9,498269E-1;;
02/12/2021  12:05:23,756058;9,299943E-1;1,378860E-1;1,373193E-1;9,492380E-1;;
02/12/2021  12:05:23,756158;9,293327E-1;1,582751E-1;1,578549E-1;9,486442E-1;;
02/12/2021  12:05:23,756258;9,289900E-1;1,139925E-1;1,208909E-1;9,480461E-1;;
02/12/2021  12:05:23,756358;9,293714E-1;9,870066E-2;1,022509E-1;9,474442E-1;;
02/12/2021  12:05:23,756458;9,293506E-1;1,229127E-1;1,227865E-1;9,468391E-1;;
02/12/2021  12:05:23,756558;9,286979E-1;1,254614E-1;1,335282E-1;9,462313E-1;;
02/12/2021  12:05:23,756658;9,278545E-1;1,366117E-1;1,322644E-1;9,456218E-1;;
02/12/2021  12:05:23,756758;9,274819E-1;8,117876E-2;1,205749E-1;9,450111E-1;;
02/12/2021  12:05:23,756858;9,280422E-1;1,353374E-1;1,629098E-1;9,443997E-1;;
02/12/2021  12:05:23,756958;9,276876E-1;1,229127E-1;1,306848E-1;9,437884E-1;;
02/12/2021  12:05:23,757058;9,277859E-1;1,337445E-1;1,306848E-1;9,431779E-1;;
02/12/2021  12:05:23,757158;9,269276E-1;1,194084E-1;1,183634E-1;9,425689E-1;;
02/12/2021  12:05:23,757258;9,269514E-1;1,120810E-1;1,126766E-1;9,419621E-1;;
02/12/2021  12:05:23,757358;9,274044E-1;1,162226E-1;1,291051E-1;9,413584E-1;;
02/12/2021  12:05:23,757458;9,274730E-1;1,464877E-1;1,452176E-1;9,407583E-1;;
02/12/2021  12:05:23,757558;9,274760E-1;1,401161E-1;1,328963E-1;9,401627E-1;;
02/12/2021  12:05:23,757658;9,262004E-1;1,050723E-1;1,155200E-1;9,395725E-1;;
02/12/2021  12:05:23,757758;9,259888E-1;1,184526E-1;1,221546E-1;9,389884E-1;;
02/12/2021  12:05:23,757858;9,262183E-1;1,299215E-1;1,310007E-1;9,384109E-1;;
02/12/2021  12:05:23,757958;9,263822E-1;1,203641E-1;1,189953E-1;9,378406E-1;;
02/12/2021  12:05:23,758058;9,265193E-1;1,168597E-1;1,215227E-1;9,372781E-1;;
02/12/2021  12:05:23,758158;9,256610E-1;9,710776E-2;1,262617E-1;9,367241E-1;;
02/12/2021  12:05:23,758258;9,260722E-1;1,417090E-1;1,398468E-1;9,361792E-1;;
02/12/2021  12:05:23,758358;9,271660E-1;1,353374E-1;1,332122E-1;9,356438E-1;;
02/12/2021  12:05:23,758458;9,273120E-1;1,155854E-1;1,202590E-1;9,351187E-1;;
02/12/2021  12:05:23,758558;9,270379E-1;1,133553E-1;1,221546E-1;9,346047E-1;;
02/12/2021  12:05:23,758658;9,262391E-1;8,309024E-2;8,424277E-2;9,341023E-1;;
02/12/2021  12:05:23,758758;9,273508E-1;1,366117E-1;1,417424E-1;9,336122E-1;;
02/12/2021  12:05:23,758858;9,277949E-1;1,375674E-1;1,499566E-1;9,331350E-1;;
02/12/2021  12:05:23,758958;9,280929E-1;1,372488E-1;1,316326E-1;9,326713E-1;;
02/12/2021  12:05:23,759058;9,272018E-1;1,098510E-1;1,142563E-1;9,322217E-1;;
02/12/2021  12:05:23,759158;9,264090E-1;1,305587E-1;1,382671E-1;9,317869E-1;;
02/12/2021  12:05:23,759258;9,268233E-1;1,267357E-1;1,328963E-1;9,313670E-1;;
02/12/2021  12:05:23,759358;9,276280E-1;1,155854E-1;1,073058E-1;9,309623E-1;;
02/12/2021  12:05:23,759458;9,264060E-1;9,551486E-2;9,498445E-2;9,305731E-1;;
02/12/2021  12:05:23,759558;9,261199E-1;1,742041E-1;2,245166E-1;9,301995E-1;;
02/12/2021  12:05:23,759658;9,250083E-1;1,404346E-1;1,370034E-1;9,298416E-1;;
02/12/2021  12:05:23,759758;9,252199E-1;1,063466E-1;1,133085E-1;9,294990E-1;;
02/12/2021  12:05:23,759858;9,258249E-1;1,159040E-1;1,196272E-1;9,291714E-1;;
02/12/2021  12:05:23,759958;9,256341E-1;1,174969E-1;1,158360E-1;9,288588E-1;;
02/12/2021  12:05:23,760058;9,252705E-1;1,579565E-1;1,663851E-1;9,285607E-1;;
02/12/2021  12:05:23,760158;9,246566E-1;1,245056E-1;1,253139E-1;9,282770E-1;;
02/12/2021  12:05:23,760258;9,258070E-1;1,200455E-1;1,186794E-1;9,280072E-1;;
02/12/2021  12:05:23,760358;9,269544E-1;1,251428E-1;1,407946E-1;9,277511E-1;;
02/12/2021  12:05:23,760458;9,267011E-1;1,216384E-1;1,249980E-1;9,275087E-1;;
02/12/2021  12:05:23,760558;9,268918E-1;1,286472E-1;1,183634E-1;9,272798E-1;;
02/12/2021  12:05:23,760658;9,273568E-1;1,461691E-1;1,569071E-1;9,270644E-1;;
02/12/2021  12:05:23,760758;9,279975E-1;1,123996E-1;1,133085E-1;9,268626E-1;;
02/12/2021  12:05:23,760858;9,284744E-1;1,235499E-1;1,310007E-1;9,266744E-1;;
02/12/2021  12:05:23,760958;9,287038E-1;1,397975E-1;1,411105E-1;9,265000E-1;;
02/12/2021  12:05:23,761058;9,282389E-1;1,283286E-1;1,148882E-1;9,263393E-1;;
02/12/2021  12:05:23,761158;9,286323E-1;6,556834E-2;4,001229E-2;9,261926E-1;;
02/12/2021  12:05:23,761258;9,294549E-1;1,286472E-1;1,613302E-1;9,260598E-1;;
02/12/2021  12:05:23,761358;9,296307E-1;1,232313E-1;1,335282E-1;9,259408E-1;;
02/12/2021  12:05:23,761458;9,293595E-1;1,292843E-1;1,439539E-1;9,258358E-1;;
02/12/2021  12:05:23,761558;9,289810E-1;1,194084E-1;1,275255E-1;9,257446E-1;;
02/12/2021  12:05:23,761658;9,289035E-1;1,649653E-1;1,518522E-1;9,256672E-1;;
02/12/2021  12:05:23,761758;9,290734E-1;1,174969E-1;1,050943E-1;9,256032E-1;;
02/12/2021  12:05:23,761858;9,287098E-1;1,197269E-1;1,196272E-1;9,255523E-1;;
02/12/2021  12:05:23,761958;9,285906E-1;1,302401E-1;1,417424E-1;9,255142E-1;;
02/12/2021  12:05:23,762058;9,287217E-1;1,206827E-1;1,249980E-1;9,254882E-1;;
02/12/2021  12:05:23,762158;9,290972E-1;1,159040E-1;1,120448E-1;9,254740E-1;;
02/12/2021  12:05:23,762258;9,291718E-1;1,579565E-1;1,657532E-1;9,254710E-1;;
02/12/2021  12:05:23,762358;9,292224E-1;1,337445E-1;1,294210E-1;9,254788E-1;;
02/12/2021  12:05:23,762458;9,292850E-1;1,366117E-1;1,224705E-1;9,254969E-1;;
02/12/2021  12:05:23,762558;9,285757E-1;9,424054E-2;1,310007E-1;9,255248E-1;;
02/12/2021  12:05:23,762658;9,284416E-1;1,442576E-1;1,392149E-1;9,255620E-1;;
02/12/2021  12:05:23,762758;9,286144E-1;8,914326E-2;8,803395E-2;9,256078E-1;;
02/12/2021  12:05:23,762858;9,288707E-1;1,178155E-1;1,227865E-1;9,256615E-1;;
02/12/2021  12:05:23,762958;9,288201E-1;9,870066E-2;1,044624E-1;9,257225E-1;;
02/12/2021  12:05:23,763058;9,284207E-1;1,050723E-1;1,193112E-1;9,257903E-1;;
02/12/2021  12:05:23,763158;9,286085E-1;1,238685E-1;1,284732E-1;9,258641E-1;;
02/12/2021  12:05:23,763258;9,288111E-1;4,836502E-2;5,296550E-2;9,259434E-1;;
02/12/2021  12:05:23,763358;9,285876E-1;1,139925E-1;1,540637E-1;9,260276E-1;;
02/12/2021  12:05:23,763458;9,275594E-1;1,139925E-1;1,224705E-1;9,261161E-1;;
02/12/2021  12:05:23,763558;9,270110E-1;1,146297E-1;1,161519E-1;9,262081E-1;;
02/12/2021  12:05:23,763658;9,268829E-1;1,104881E-1;1,256299E-1;9,263029E-1;;
02/12/2021  12:05:23,763758;9,268888E-1;8,882468E-2;1,139404E-1;9,263996E-1;;
02/12/2021  12:05:23,763858;9,269783E-1;9,487770E-2;1,136244E-1;9,264974E-1;;
02/12/2021  12:05:23,763958;9,263554E-1;9,264764E-2;1,088855E-1;9,265955E-1;;
02/12/2021  12:05:23,764058;9,258696E-1;1,002936E-1;1,022509E-1;9,266932E-1;;
02/12/2021  12:05:23,764158;9,259620E-1;1,372488E-1;1,483770E-1;9,267897E-1;;
02/12/2021  12:05:23,764258;9,265103E-1;9,710776E-2;1,107811E-1;9,268843E-1;;
02/12/2021  12:05:23,764358;9,262242E-1;1,037979E-1;1,117289E-1;9,269763E-1;;
02/12/2021  12:05:23,764458;9,256759E-1;1,114439E-1;1,360556E-1;9,270652E-1;;
02/12/2021  12:05:23,764558;9,253510E-1;9,519628E-2;1,092014E-1;9,271504E-1;;
02/12/2021  12:05:23,764658;9,258845E-1;8,277166E-2;9,877564E-2;9,272315E-1;;
02/12/2021  12:05:23,764758;9,262570E-1;1,047537E-1;1,373193E-1;9,273079E-1;;
02/12/2021  12:05:23,764858;9,259501E-1;1,146297E-1;1,256299E-1;9,273794E-1;;
02/12/2021  12:05:23,764958;9,252020E-1;1,238685E-1;1,467973E-1;9,274456E-1;;
02/12/2021  12:05:23,765058;9,254970E-1;1,203641E-1;1,272095E-1;9,275063E-1;;
02/12/2021  12:05:23,765158;9,263017E-1;8,149734E-2;8,898175E-2;9,275612E-1;;
02/12/2021  12:05:23,765258;9,268471E-1;1,445762E-1;1,430061E-1;9,276103E-1;;
02/12/2021  12:05:23,765358;9,272465E-1;1,372488E-1;1,319485E-1;9,276536E-1;;
02/12/2021  12:05:23,765458;9,262302E-1;1,477620E-1;1,322644E-1;9,276912E-1;;
02/12/2021  12:05:23,765558;9,261468E-1;-1,662530E-2;6,591871E-2;9,277235E-1;;
02/12/2021  12:05:23,765658;9,271392E-1;1,920446E-1;1,960827E-1;9,277504E-1;;
02/12/2021  12:05:23,765758;9,272912E-1;1,780271E-1;1,588027E-1;9,277721E-1;;
02/12/2021  12:05:23,765858;9,276578E-1;1,671954E-1;1,515363E-1;9,277889E-1;;
02/12/2021  12:05:23,765958;9,278664E-1;1,499920E-1;1,313166E-1;9,278013E-1;;
02/12/2021  12:05:23,766058;9,287188E-1;1,308772E-1;1,404787E-1;9,278097E-1;;
02/12/2021  12:05:23,766158;9,298930E-1;1,410718E-1;1,512204E-1;9,278145E-1;;
02/12/2021  12:05:23,766258;9,306798E-1;1,251428E-1;1,297370E-1;9,278167E-1;;
02/12/2021  12:05:23,766358;9,315024E-1;1,127182E-1;1,227865E-1;9,278169E-1;;
02/12/2021  12:05:23,766458;9,313533E-1;1,216384E-1;1,221546E-1;9,278162E-1;;
02/12/2021  12:05:23,766558;9,326676E-1;1,334259E-1;1,186794E-1;9,278155E-1;;
02/12/2021  12:05:23,766658;9,336273E-1;1,589123E-1;1,420583E-1;9,278159E-1;;
02/12/2021  12:05:23,766758;9,343426E-1;1,127182E-1;1,170997E-1;9,278185E-1;;
02/12/2021  12:05:23,766858;9,349684E-1;1,210013E-1;1,319485E-1;9,278244E-1;;
02/12/2021  12:05:23,766958;9,353767E-1;5,537378E-2;8,613836E-2;9,278347E-1;;
02/12/2021  12:05:23,767058;9,363543E-1;1,296029E-1;1,300529E-1;9,278506E-1;;
02/12/2021  12:05:23,767158;9,381127E-1;7,576290E-2;1,196272E-1;9,278732E-1;;
02/12/2021  12:05:23,767258;9,385776E-1;1,174969E-1;1,212068E-1;9,279037E-1;;
02/12/2021  12:05:23,767358;9,387981E-1;1,359745E-1;1,262617E-1;9,279434E-1;;
02/12/2021  12:05:23,767458;9,390723E-1;1,194084E-1;1,310007E-1;9,279934E-1;;
02/12/2021  12:05:23,767558;9,396356E-1;1,219570E-1;1,224705E-1;9,280546E-1;;
02/12/2021  12:05:23,767658;9,408963E-1;1,343816E-1;1,550115E-1;9,281280E-1;;
02/12/2021  12:05:23,767758;9,413165E-1;1,248242E-1;1,347919E-1;9,282144E-1;;
02/12/2021  12:05:23,767858;9,422940E-1;1,143111E-1;1,101492E-1;9,283146E-1;;
02/12/2021  12:05:23,767958;9,422732E-1;1,311958E-1;1,272095E-1;9,284295E-1;;
02/12/2021  12:05:23,768058;9,432209E-1;1,216384E-1;1,164678E-1;9,285595E-1;;
02/12/2021  12:05:23,768158;9,438706E-1;1,159040E-1;1,035146E-1;9,287055E-1;;
02/12/2021  12:05:23,768258;9,450031E-1;1,066652E-1;8,550650E-2;9,288678E-1;;
02/12/2021  12:05:23,768358;9,449882E-1;1,385232E-1;1,373193E-1;9,290470E-1;;
02/12/2021  12:05:23,768458;9,446812E-1;1,210013E-1;1,212068E-1;9,292434E-1;;
02/12/2021  12:05:23,768558;9,455634E-1;8,723178E-2;7,824006E-2;9,294572E-1;;
02/12/2021  12:05:23,768658;9,465737E-1;1,254614E-1;1,268936E-1;9,296886E-1;;
02/12/2021  12:05:23,768758;9,474380E-1;4,740928E-2;9,340479E-2;9,299375E-1;;
02/12/2021  12:05:23,768858;9,470178E-1;1,082581E-1;1,117289E-1;9,302040E-1;;
02/12/2021  12:05:23,768958;9,473307E-1;1,280100E-1;1,174156E-1;9,304880E-1;;
02/12/2021  12:05:23,769058;9,485497E-1;1,238685E-1;1,281573E-1;9,307894E-1;;
02/12/2021  12:05:23,769158;9,496852E-1;1,340630E-1;1,638576E-1;9,311079E-1;;
02/12/2021  12:05:23,769258;9,497001E-1;1,397975E-1;1,354238E-1;9,314433E-1;;
02/12/2021  12:05:23,769358;9,493901E-1;1,060280E-1;8,424277E-2;9,317954E-1;;
02/12/2021  12:05:23,769458;9,486659E-1;1,139925E-1;1,603824E-1;9,321638E-1;;
02/12/2021  12:05:23,769558;9,495153E-1;1,104881E-1;1,164678E-1;9,325478E-1;;
02/12/2021  12:05:23,769658;9,499772E-1;1,334259E-1;1,423743E-1;9,329466E-1;;
02/12/2021  12:05:23,769758;9,502961E-1;1,238685E-1;1,170997E-1;9,333596E-1;;
02/12/2021  12:05:23,769858;9,505524E-1;8,468314E-2;8,961361E-2;9,337858E-1;;
02/12/2021  12:05:23,769958;9,508028E-1;1,044351E-1;7,760819E-2;9,342246E-1;;
02/12/2021  12:05:23,770058;9,521260E-1;1,264171E-1;1,960827E-1;9,346751E-1;;
02/12/2021  12:05:23,770158;9,530618E-1;1,350188E-1;1,363715E-1;9,351365E-1;;
02/12/2021  12:05:23,770258;9,532496E-1;1,152668E-1;1,278414E-1;9,356083E-1;;
02/12/2021  12:05:23,770358;9,536966E-1;1,267357E-1;1,227865E-1;9,360898E-1;;
02/12/2021  12:05:23,770458;9,538904E-1;9,806350E-2;1,208909E-1;9,365804E-1;;
02/12/2021  12:05:23,770558;9,558246E-1;4,963934E-2;7,539667E-2;9,370796E-1;;
02/12/2021  12:05:23,770658;9,566144E-1;1,248242E-1;1,303688E-1;9,375868E-1;;
02/12/2021  12:05:23,770758;9,570107E-1;1,382046E-1;1,474292E-1;9,381017E-1;;
02/12/2021  12:05:23,770858;9,574429E-1;1,324701E-1;1,319485E-1;9,386239E-1;;
02/12/2021  12:05:23,770958;9,580121E-1;1,162226E-1;1,164678E-1;9,391532E-1;;
02/12/2021  12:05:23,771058;9,595142E-1;1,426647E-1;1,354238E-1;9,396892E-1;;
02/12/2021  12:05:23,771158;9,600238E-1;1,264171E-1;1,259458E-1;9,402316E-1;;
02/12/2021  12:05:23,771258;9,602384E-1;1,117624E-1;9,656411E-2;9,407802E-1;;
02/12/2021  12:05:23,771358;9,599314E-1;1,079395E-1;1,502726E-1;9,413348E-1;;
02/12/2021  12:05:23,771458;9,599523E-1;1,404346E-1;1,338441E-1;9,418950E-1;;
02/12/2021  12:05:23,771558;9,611444E-1;1,350188E-1;1,341600E-1;9,424603E-1;;
02/12/2021  12:05:23,771658;9,615587E-1;9,615202E-2;9,530039E-2;9,430302E-1;;
02/12/2021  12:05:23,771758;9,616570E-1;9,647060E-2;9,593225E-2;9,436042E-1;;
02/12/2021  12:05:23,771858;9,612308E-1;9,678918E-2;1,262617E-1;9,441818E-1;;
02/12/2021  12:05:23,771958;9,622620E-1;1,225942E-1;1,237343E-1;9,447625E-1;;
02/12/2021  12:05:23,772058;9,632992E-1;9,169190E-2;9,814378E-2;9,453455E-1;;
02/12/2021  12:05:23,772158;9,640115E-1;1,324701E-1;1,013031E-1;9,459306E-1;;
02/12/2021  12:05:23,772258;9,639310E-1;1,397975E-1;1,382671E-1;9,465171E-1;;
02/12/2021  12:05:23,772358;9,640323E-1;1,184526E-1;1,152041E-1;9,471048E-1;;
02/12/2021  12:05:23,772458;9,642201E-1;1,276914E-1;1,458495E-1;9,476931E-1;;
02/12/2021  12:05:23,772558;9,659278E-1;1,149482E-1;1,278414E-1;9,482816E-1;;
02/12/2021  12:05:23,772658;9,662139E-1;1,340630E-1;1,310007E-1;9,488698E-1;;
02/12/2021  12:05:23,772758;9,658592E-1;1,385232E-1;1,363715E-1;9,494575E-1;;
02/12/2021  12:05:23,772858;9,660321E-1;1,331073E-1;1,373193E-1;9,500442E-1;;
02/12/2021  12:05:23,772958;9,670037E-1;1,012493E-1;1,098333E-1;9,506296E-1;;
02/12/2021  12:05:23,773058;9,682495E-1;1,276914E-1;1,272095E-1;9,512133E-1;;
02/12/2021  12:05:23,773158;9,679544E-1;1,347002E-1;1,322644E-1;9,517949E-1;;
02/12/2021  12:05:23,773258;9,672779E-1;1,372488E-1;1,550115E-1;9,523743E-1;;
02/12/2021  12:05:23,773358;9,660947E-1;1,159040E-1;1,208909E-1;9,529510E-1;;
02/12/2021  12:05:23,773458;9,665298E-1;1,194084E-1;1,202590E-1;9,535243E-1;;
02/12/2021  12:05:23,773558;9,667414E-1;1,426647E-1;1,543797E-1;9,540935E-1;;
02/12/2021  12:05:23,773658;9,669083E-1;1,206827E-1;1,246821E-1;9,546578E-1;;
02/12/2021  12:05:23,773758;9,659963E-1;1,260985E-1;1,395309E-1;9,552165E-1;;
02/12/2021  12:05:23,773858;9,648638E-1;1,133553E-1;1,205749E-1;9,557687E-1;;
02/12/2021  12:05:23,773958;9,650099E-1;1,321516E-1;1,319485E-1;9,563135E-1;;
02/12/2021  12:05:23,774058;9,650248E-1;1,350188E-1;1,322644E-1;9,568498E-1;;
02/12/2021  12:05:23,774158;9,649115E-1;1,305587E-1;1,237343E-1;9,573766E-1;;
02/12/2021  12:05:23,774258;9,634780E-1;1,270543E-1;1,189953E-1;9,578929E-1;;
02/12/2021  12:05:23,774358;9,626197E-1;1,286472E-1;1,467973E-1;9,583976E-1;;
02/12/2021  12:05:23,774458;9,631025E-1;1,350188E-1;1,407946E-1;9,588895E-1;;
02/12/2021  12:05:23,774558;9,627210E-1;1,213198E-1;1,212068E-1;9,593675E-1;;
02/12/2021  12:05:23,774658;9,618776E-1;1,197269E-1;1,202590E-1;9,598305E-1;;
02/12/2021  12:05:23,774758;9,613024E-1;1,260985E-1;1,193112E-1;9,602775E-1;;
02/12/2021  12:05:23,774858;9,602295E-1;1,347002E-1;1,287892E-1;9,607075E-1;;
02/12/2021  12:05:23,774958;9,606795E-1;1,353374E-1;1,442698E-1;9,611192E-1;;
02/12/2021  12:05:23,775058;9,603666E-1;1,337445E-1;1,316326E-1;9,615118E-1;;
02/12/2021  12:05:23,775158;9,588764E-1;1,225942E-1;1,291051E-1;9,618844E-1;;
02/12/2021  12:05:23,775258;9,573743E-1;1,187712E-1;1,268936E-1;9,622360E-1;;
02/12/2021  12:05:23,775358;9,563312E-1;1,216384E-1;1,019350E-1;9,625655E-1;;
02/12/2021  12:05:23,775458;9,560898E-1;1,235499E-1;1,031987E-1;9,628720E-1;;
02/12/2021  12:05:23,775558;9,549871E-1;1,178155E-1;1,164678E-1;9,631543E-1;;
02/12/2021  12:05:23,775658;9,546801E-1;1,327887E-1;1,373193E-1;9,634115E-1;;
02/12/2021  12:05:23,775758;9,521648E-1;1,458505E-1;1,543797E-1;9,636425E-1;;
02/12/2021  12:05:23,775858;9,512081E-1;1,197269E-1;1,246821E-1;9,638464E-1;;
02/12/2021  12:05:23,775958;9,511932E-1;-2,926362E-3;7,413294E-2;9,640222E-1;;
02/12/2021  12:05:23,776058;9,501680E-1;1,060280E-1;1,246821E-1;9,641689E-1;;
02/12/2021  12:05:23,776158;9,486123E-1;1,238685E-1;1,218387E-1;9,642856E-1;;
02/12/2021  12:05:23,776258;9,467078E-1;1,152668E-1;1,148882E-1;9,643716E-1;;
02/12/2021  12:05:23,776358;9,465380E-1;1,053908E-1;1,145722E-1;9,644259E-1;;
02/12/2021  12:05:23,776458;9,457780E-1;1,178155E-1;1,268936E-1;9,644479E-1;;
02/12/2021  12:05:23,776558;9,450240E-1;9,901924E-2;1,167838E-1;9,644369E-1;;
02/12/2021  12:05:23,776658;9,440554E-1;1,299215E-1;1,291051E-1;9,643925E-1;;
02/12/2021  12:05:23,776758;9,426844E-1;1,120810E-1;1,227865E-1;9,643141E-1;;
02/12/2021  12:05:23,776858;9,424222E-1;9,678918E-2;1,180475E-1;9,642017E-1;;
02/12/2021  12:05:23,776958;9,419900E-1;1,012493E-1;1,076217E-1;9,640549E-1;;
02/12/2021  12:05:23,777058;9,410512E-1;1,152668E-1;1,341600E-1;9,638739E-1;;
02/12/2021  12:05:23,777158;9,393972E-1;1,133553E-1;1,193112E-1;9,636587E-1;;
02/12/2021  12:05:23,777258;9,379785E-1;9,201048E-2;1,006712E-1;9,634095E-1;;
02/12/2021  12:05:23,777358;9,367030E-1;8,627604E-2;9,782784E-2;9,631263E-1;;
02/12/2021  12:05:23,777458;9,366016E-1;1,120810E-1;1,133085E-1;9,628092E-1;;
02/12/2021  12:05:23,777558;9,352277E-1;1,069837E-1;1,180475E-1;9,624585E-1;;
02/12/2021  12:05:23,777658;9,335260E-1;9,169190E-2;1,069899E-1;9,620745E-1;;
02/12/2021  12:05:23,777758;9,316484E-1;7,002846E-2;8,866581E-2;9,616574E-1;;
02/12/2021  12:05:23,777858;9,311864E-1;9,774492E-2;1,101492E-1;9,612075E-1;;
02/12/2021  12:05:23,777958;9,309748E-1;1,222756E-1;1,562753E-1;9,607250E-1;;
02/12/2021  12:05:23,778058;9,300986E-1;1,127182E-1;1,196272E-1;9,602103E-1;;
02/12/2021  12:05:23,778158;9,286234E-1;1,194084E-1;1,430061E-1;9,596641E-1;;
02/12/2021  12:05:23,778258;9,264954E-1;1,448948E-1;1,515363E-1;9,590869E-1;;
02/12/2021  12:05:23,778358;9,265878E-1;1,407532E-1;1,774427E-1;9,584794E-1;;
02/12/2021  12:05:23,778458;9,260752E-1;1,321516E-1;1,376353E-1;9,578421E-1;;
02/12/2021  12:05:23,778558;9,253600E-1;1,519035E-1;1,347919E-1;9,571759E-1;;
02/12/2021  12:05:23,778658;9,242185E-1;1,461691E-1;1,363715E-1;9,564817E-1;;
02/12/2021  12:05:23,778758;9,228863E-1;1,907703E-1;2,216732E-1;9,557604E-1;;
02/12/2021  12:05:23,778858;9,242543E-1;1,777085E-1;1,490088E-1;9,550131E-1;;
02/12/2021  12:05:23,778958;9,236403E-1;1,617795E-1;1,483770E-1;9,542410E-1;;
02/12/2021  12:05:23,779058;9,225316E-1;1,445762E-1;1,433221E-1;9,534455E-1;;
02/12/2021  12:05:23,779158;9,208329E-1;1,442576E-1;1,499566E-1;9,526282E-1;;
02/12/2021  12:05:23,779258;9,201534E-1;1,442576E-1;1,360556E-1;9,517902E-1;;
02/12/2021  12:05:23,779358;9,205080E-1;1,053908E-1;1,265777E-1;9,509330E-1;;
02/12/2021  12:05:23,779458;9,196735E-1;1,114439E-1;1,088855E-1;9,500580E-1;;
02/12/2021  12:05:23,779558;9,193994E-1;1,235499E-1;1,272095E-1;9,491666E-1;;
02/12/2021  12:05:23,779658;9,178079E-1;1,343816E-1;1,360556E-1;9,482604E-1;;
02/12/2021  12:05:23,779758;9,173251E-1;9,169190E-2;1,069899E-1;9,473407E-1;;
02/12/2021  12:05:23,779858;9,177244E-1;1,178155E-1;1,237343E-1;9,464091E-1;;
02/12/2021  12:05:23,779958;9,174949E-1;1,251428E-1;1,268936E-1;9,454670E-1;;
02/12/2021  12:05:23,780058;9,162432E-1;1,187712E-1;1,335282E-1;9,445159E-1;;
02/12/2021  12:05:23,780158;9,156621E-1;1,347002E-1;1,120448E-1;9,435575E-1;;
02/12/2021  12:05:23,780258;9,155935E-1;1,133553E-1;1,161519E-1;9,425932E-1;;
02/12/2021  12:05:23,780358;9,159124E-1;1,139925E-1;1,028828E-1;9,416245E-1;;
02/12/2021  12:05:23,780458;9,152210E-1;1,229127E-1;1,284732E-1;9,406528E-1;;
02/12/2021  12:05:23,780558;9,145057E-1;1,394789E-1;1,370034E-1;9,396799E-1;;
02/12/2021  12:05:23,780658;9,143686E-1;1,458505E-1;1,515363E-1;9,387071E-1;;
02/12/2021  12:05:23,780758;9,148037E-1;9,742634E-2;1,082536E-1;9,377359E-1;;
02/12/2021  12:05:23,780858;9,155339E-1;2,479010E-2;8,424277E-2;9,367679E-1;;
02/12/2021  12:05:23,780958;9,154713E-1;1,722926E-1;2,194617E-1;9,358047E-1;;
02/12/2021  12:05:23,781058;9,143537E-1;1,343816E-1;1,300529E-1;9,348480E-1;;
02/12/2021  12:05:23,781158;9,134060E-1;1,127182E-1;9,719598E-2;9,338993E-1;;
02/12/2021  12:05:23,781258;9,137994E-1;1,184526E-1;1,357397E-1;9,329600E-1;;
02/12/2021  12:05:23,781358;9,142643E-1;1,092138E-1;9,972343E-2;9,320314E-1;;
02/12/2021  12:05:23,781458;9,142345E-1;1,194084E-1;1,272095E-1;9,311147E-1;;
02/12/2021  12:05:23,781558;9,144133E-1;1,213198E-1;1,275255E-1;9,302113E-1;;
02/12/2021  12:05:23,781658;9,132212E-1;1,076209E-1;1,120448E-1;9,293226E-1;;
02/12/2021  12:05:23,781758;9,138947E-1;8,309024E-2;1,155200E-1;9,284496E-1;;
02/12/2021  12:05:23,781858;9,145385E-1;1,264171E-1;1,253139E-1;9,275935E-1;;
02/12/2021  12:05:23,781958;9,149021E-1;1,369303E-1;1,272095E-1;9,267553E-1;;
02/12/2021  12:05:23,782058;9,145474E-1;1,404346E-1;1,550115E-1;9,259363E-1;;
02/12/2021  12:05:23,782158;9,141034E-1;1,146297E-1;1,199431E-1;9,251376E-1;;
02/12/2021  12:05:23,782258;9,146666E-1;1,267357E-1;1,234183E-1;9,243600E-1;;
02/12/2021  12:05:23,782358;9,152627E-1;1,429833E-1;1,764949E-1;9,236045E-1;;
02/12/2021  12:05:23,782458;9,151047E-1;1,206827E-1;1,177316E-1;9,228720E-1;;
02/12/2021  12:05:23,782558;9,148007E-1;1,436204E-1;1,546956E-1;9,221632E-1;;
02/12/2021  12:05:23,782658;9,151226E-1;1,378860E-1;1,328963E-1;9,214789E-1;;
02/12/2021  12:05:23,782758;9,164310E-1;1,225942E-1;1,272095E-1;9,208197E-1;;
02/12/2021  12:05:23,782858;9,177930E-1;1,098510E-1;1,231024E-1;9,201862E-1;;
02/12/2021  12:05:23,782958;9,175158E-1;1,187712E-1;1,259458E-1;9,195794E-1;;
02/12/2021  12:05:23,783058;9,171284E-1;1,210013E-1;1,063580E-1;9,190000E-1;;
02/12/2021  12:05:23,783158;9,175516E-1;7,767438E-2;1,322644E-1;9,184487E-1;;
02/12/2021  12:05:23,783258;9,179837E-1;1,343816E-1;1,543797E-1;9,179258E-1;;
02/12/2021  12:05:23,783358;9,195305E-1;1,299215E-1;1,303688E-1;9,174319E-1;;
02/12/2021  12:05:23,783458;9,199596E-1;1,305587E-1;1,360556E-1;9,169675E-1;;
02/12/2021  12:05:23,783558;9,195424E-1;1,136739E-1;1,133085E-1;9,165330E-1;;
02/12/2021  12:05:23,783658;9,200550E-1;1,347002E-1;1,433221E-1;9,161289E-1;;
02/12/2021  12:05:23,783758;9,219088E-1;1,229127E-1;1,325804E-1;9,157554E-1;;
02/12/2021  12:05:23,783858;9,231456E-1;1,120810E-1;1,205749E-1;9,154129E-1;;
02/12/2021  12:05:23,783958;9,234377E-1;1,178155E-1;1,310007E-1;9,151018E-1;;
02/12/2021  12:05:23,784058;9,232708E-1;1,347002E-1;1,341600E-1;9,148226E-1;;
02/12/2021  12:05:23,784158;9,243675E-1;1,101695E-1;9,308886E-2;9,145756E-1;;
02/12/2021  12:05:23,784258;9,259590E-1;1,082581E-1;1,060421E-1;9,143609E-1;;
02/12/2021  12:05:23,784358;9,268143E-1;1,034794E-1;1,240502E-1;9,141788E-1;;
02/12/2021  12:05:23,784458;9,276160E-1;1,280100E-1;1,398468E-1;9,140297E-1;;
02/12/2021  12:05:23,784558;9,276309E-1;2,064856E-2;8,677022E-2;9,139137E-1;;
02/12/2021  12:05:23,784658;9,287724E-1;1,213198E-1;1,237343E-1;9,138311E-1;;
02/12/2021  12:05:23,784758;9,310970E-1;1,296029E-1;1,085695E-1;9,137818E-1;;
02/12/2021  12:05:23,784858;9,316126E-1;1,455319E-1;1,407946E-1;9,137661E-1;;
02/12/2021  12:05:23,784958;9,323428E-1;1,232313E-1;1,063580E-1;9,137842E-1;;
02/12/2021  12:05:23,785058;9,324322E-1;4,071910E-2;6,655058E-2;9,138362E-1;;
02/12/2021  12:05:23,785158;9,326915E-1;1,232313E-1;1,249980E-1;9,139219E-1;;
02/12/2021  12:05:23,785258;9,343694E-1;1,152668E-1;1,158360E-1;9,140413E-1;;
02/12/2021  12:05:23,785358;9,352844E-1;1,538150E-1;1,635417E-1;9,141939E-1;;
02/12/2021  12:05:23,785458;9,359281E-1;1,213198E-1;1,199431E-1;9,143796E-1;;
02/12/2021  12:05:23,785558;9,359162E-1;1,225942E-1;1,231024E-1;9,145980E-1;;
02/12/2021  12:05:23,785658;9,367179E-1;1,060280E-1;1,189953E-1;9,148486E-1;;
02/12/2021  12:05:23,785758;9,385090E-1;1,350188E-1;1,170997E-1;9,151309E-1;;
02/12/2021  12:05:23,785858;9,391170E-1;7,385142E-2;7,981972E-2;9,154442E-1;;
02/12/2021  12:05:23,785958;9,393018E-1;9,551486E-2;1,158360E-1;9,157881E-1;;
02/12/2021  12:05:23,786058;9,391021E-1;1,165411E-1;1,218387E-1;9,161618E-1;;
02/12/2021  12:05:23,786158;9,400081E-1;1,210013E-1;1,237343E-1;9,165645E-1;;
02/12/2021  12:05:23,786258;9,415340E-1;9,710776E-2;1,313166E-1;9,169953E-1;;
02/12/2021  12:05:23,786358;9,422910E-1;1,095324E-1;1,126766E-1;9,174531E-1;;
02/12/2021  12:05:23,786458;9,417069E-1;1,267357E-1;1,237343E-1;9,179372E-1;;
02/12/2021  12:05:23,786558;9,423059E-1;1,127182E-1;1,114129E-1;9,184464E-1;;
02/12/2021  12:05:23,786658;9,439272E-1;7,703722E-2;1,202590E-1;9,189797E-1;;
02/12/2021  12:05:23,786758;9,455127E-1;1,519035E-1;1,862888E-1;9,195360E-1;;
02/12/2021  12:05:23,786858;9,465380E-1;1,206827E-1;1,139404E-1;9,201143E-1;;
02/12/2021  12:05:23,786958;9,462280E-1;6,301970E-2;8,550650E-2;9,207138E-1;;
02/12/2021  12:05:23,787058;9,465886E-1;1,216384E-1;1,224705E-1;9,213336E-1;;
02/12/2021  12:05:23,787158;9,484126E-1;1,353374E-1;1,268936E-1;9,219727E-1;;
02/12/2021  12:05:23,787258;9,493424E-1;1,245056E-1;1,243661E-1;9,226301E-1;;
02/12/2021  12:05:23,787358;9,500160E-1;1,264171E-1;1,212068E-1;9,233050E-1;;
02/12/2021  12:05:23,787458;9,504273E-1;1,442576E-1;1,445858E-1;9,239964E-1;;
02/12/2021  12:05:23,787558;9,509846E-1;8,659462E-2;9,877564E-2;9,247035E-1;;
02/12/2021  12:05:23,787658;9,529128E-1;1,324701E-1;1,246821E-1;9,254253E-1;;
02/12/2021  12:05:23,787758;9,538159E-1;8,755036E-2;1,003553E-1;9,261611E-1;;
02/12/2021  12:05:23,787858;9,548739E-1;1,337445E-1;1,622780E-1;9,269102E-1;;
02/12/2021  12:05:23,787958;9,553209E-1;1,324701E-1;1,281573E-1;9,276718E-1;;
02/12/2021  12:05:23,788058;9,555146E-1;1,442576E-1;1,433221E-1;9,284454E-1;;
02/12/2021  12:05:23,788158;9,575949E-1;1,241871E-1;1,101492E-1;9,292301E-1;;
02/12/2021  12:05:23,788258;9,582625E-1;1,276914E-1;1,335282E-1;9,300254E-1;;
02/12/2021  12:05:23,788358;9,587512E-1;1,691068E-1;1,556434E-1;9,308306E-1;;
02/12/2021  12:05:23,788458;9,586112E-1;1,276914E-1;1,281573E-1;9,316451E-1;;
02/12/2021  12:05:23,788558;9,597169E-1;9,551486E-2;9,972343E-2;9,324682E-1;;
02/12/2021  12:05:23,788658;9,611355E-1;1,375674E-1;1,357397E-1;9,332992E-1;;
02/12/2021  12:05:23,788758;9,615885E-1;1,369303E-1;1,221546E-1;9,341372E-1;;
02/12/2021  12:05:23,788858;9,611116E-1;7,544432E-2;6,907803E-2;9,349818E-1;;
02/12/2021  12:05:23,788958;9,615229E-1;1,174969E-1;1,344760E-1;9,358320E-1;;
02/12/2021  12:05:23,789058;9,612964E-1;1,213198E-1;1,170997E-1;9,366870E-1;;
02/12/2021  12:05:23,789158;9,619253E-1;9,583344E-2;1,174156E-1;9,375458E-1;;
02/12/2021  12:05:23,789258;9,621279E-1;1,146297E-1;1,227865E-1;9,384071E-1;;
02/12/2021  12:05:23,789358;9,617375E-1;9,498258E-3;3,716890E-2;9,392700E-1;;
02/12/2021  12:05:23,789458;9,611861E-1;3,944478E-2;6,181159E-2;9,401331E-1;;
02/12/2021  12:05:23,789558;9,618150E-1;1,050723E-1;1,126766E-1;9,409952E-1;;
02/12/2021  12:05:23,789658;9,624885E-1;5,356718E-3;8,266311E-2;9,418549E-1;;
02/12/2021  12:05:23,789758;9,628611E-1;5,441804E-2;7,223735E-2;9,427110E-1;;
02/12/2021  12:05:23,789858;9,623157E-1;8,723178E-2;1,038306E-1;9,435622E-1;;
02/12/2021  12:05:23,789958;9,616898E-1;8,914326E-2;9,119327E-2;9,444072E-1;;
02/12/2021  12:05:23,790058;9,620027E-1;1,057094E-1;1,550115E-1;9,452449E-1;;
02/12/2021  12:05:23,790158;9,630011E-1;1,012493E-1;6,970989E-2;9,460738E-1;;
02/12/2021  12:05:23,790258;9,624379E-1;9,392196E-2;1,031987E-1;9,468927E-1;;
02/12/2021  12:05:23,790358;9,618835E-1;1,031608E-1;1,129926E-1;9,477005E-1;;
02/12/2021  12:05:23,790458;9,616868E-1;1,053908E-1;1,104651E-1;9,484960E-1;;
02/12/2021  12:05:23,790558;9,624289E-1;3,052454E-2;1,069899E-1;9,492780E-1;;
02/12/2021  12:05:23,790658;9,624021E-1;1,053908E-1;1,041465E-1;9,500452E-1;;
02/12/2021  12:05:23,790758;9,618776E-1;8,914326E-2;9,719598E-2;9,507968E-1;;
02/12/2021  12:05:23,790858;9,612249E-1;1,047537E-1;1,445858E-1;9,515317E-1;;
02/12/2021  12:05:23,790958;9,602295E-1;1,264171E-1;1,385831E-1;9,522488E-1;;
02/12/2021  12:05:23,791058;9,602593E-1;1,410718E-1;1,404787E-1;9,529470E-1;;
02/12/2021  12:05:23,791158;9,601162E-1;1,770713E-1;1,837613E-1;9,536252E-1;;
02/12/2021  12:05:23,791258;9,594844E-1;1,159040E-1;1,088855E-1;9,542822E-1;;
02/12/2021  12:05:23,791358;9,583429E-1;1,627352E-1;1,644895E-1;9,549170E-1;;
02/12/2021  12:05:23,791458;9,575353E-1;1,477620E-1;1,325804E-1;9,555286E-1;;
02/12/2021  12:05:23,791558;9,580926E-1;1,767528E-1;1,344760E-1;9,561158E-1;;
02/12/2021  12:05:23,791658;9,575144E-1;1,633724E-1;1,496407E-1;9,566777E-1;;
02/12/2021  12:05:23,791758;9,566263E-1;1,665582E-1;1,493248E-1;9,572133E-1;;
02/12/2021  12:05:23,791858;9,558127E-1;1,777085E-1;1,553275E-1;9,577217E-1;;
02/12/2021  12:05:23,791958;9,548828E-1;1,031608E-1;1,486929E-1;9,582022E-1;;
02/12/2021  12:05:23,792058;9,557739E-1;1,694254E-1;1,733356E-1;9,586539E-1;;
02/12/2021  12:05:23,792158;9,552494E-1;1,350188E-1;1,392149E-1;9,590761E-1;;
02/12/2021  12:05:23,792258;9,550557E-1;1,372488E-1;1,417424E-1;9,594684E-1;;
02/12/2021  12:05:23,792358;9,538993E-1;1,254614E-1;1,253139E-1;9,598305E-1;;
02/12/2021  12:05:23,792458;9,541109E-1;1,327887E-1;1,249980E-1;9,601619E-1;;
02/12/2021  12:05:23,792558;9,545132E-1;1,273729E-1;1,325804E-1;9,604626E-1;;
02/12/2021  12:05:23,792658;9,541884E-1;1,178155E-1;1,231024E-1;9,607324E-1;;
02/12/2021  12:05:23,792758;9,534582E-1;1,445762E-1;1,467973E-1;9,609717E-1;;
02/12/2021  12:05:23,792858;9,529933E-1;1,343816E-1;1,366875E-1;9,611804E-1;;
02/12/2021  12:05:23,792958;9,519174E-1;7,257710E-2;7,760819E-2;9,613590E-1;;
02/12/2021  12:05:23,793058;9,526088E-1;1,216384E-1;1,208909E-1;9,615075E-1;;
02/12/2021  12:05:23,793158;9,517147E-1;1,302401E-1;1,310007E-1;9,616263E-1;;
02/12/2021  12:05:23,793258;9,514376E-1;1,302401E-1;1,319485E-1;9,617158E-1;;
02/12/2021  12:05:23,793358;9,499981E-1;1,391603E-1;1,426902E-1;9,617765E-1;;
02/12/2021  12:05:23,793458;9,499772E-1;1,178155E-1;1,234183E-1;9,618086E-1;;
02/12/2021  12:05:23,793558;9,503259E-1;9,774492E-2;1,129926E-1;9,618128E-1;;
02/12/2021  12:05:23,793658;9,494795E-1;1,229127E-1;1,259458E-1;9,617894E-1;;
02/12/2021  12:05:23,793758;9,483053E-1;1,210013E-1;1,196272E-1;9,617391E-1;;
02/12/2021  12:05:23,793858;9,480877E-1;1,200455E-1;1,313166E-1;9,616624E-1;;
02/12/2021  12:05:23,793958;9,472801E-1;1,299215E-1;1,319485E-1;9,615600E-1;;
02/12/2021  12:05:23,794058;9,474380E-1;1,159040E-1;1,139404E-1;9,614323E-1;;
02/12/2021  12:05:23,794158;9,465976E-1;1,251428E-1;1,259458E-1;9,612800E-1;;
02/12/2021  12:05:23,794258;9,448303E-1;1,206827E-1;1,189953E-1;9,611038E-1;;
02/12/2021  12:05:23,794358;9,444458E-1;1,159040E-1;1,243661E-1;9,609042E-1;;
02/12/2021  12:05:23,794458;9,443594E-1;1,267357E-1;1,205749E-1;9,606816E-1;;
02/12/2021  12:05:23,794558;9,453011E-1;1,210013E-1;9,877564E-2;9,604366E-1;;
02/12/2021  12:05:23,794658;9,443713E-1;1,340630E-1;1,430061E-1;9,601701E-1;;
02/12/2021  12:05:23,794758;9,432537E-1;1,210013E-1;1,259458E-1;9,598828E-1;;
02/12/2021  12:05:23,794858;9,426189E-1;1,340630E-1;1,332122E-1;9,595756E-1;;
02/12/2021  12:05:23,794958;9,426040E-1;1,378860E-1;1,461654E-1;9,592492E-1;;
02/12/2021  12:05:23,795058;9,422135E-1;1,152668E-1;1,076217E-1;9,589044E-1;;
02/12/2021  12:05:23,795158;9,422493E-1;1,190898E-1;1,249980E-1;9,585420E-1;;
02/12/2021  12:05:23,795258;9,410602E-1;1,264171E-1;1,291051E-1;9,581630E-1;;
02/12/2021  12:05:23,795358;9,409410E-1;7,162136E-2;9,688005E-2;9,577683E-1;;
02/12/2021  12:05:23,795458;9,411794E-1;7,703722E-2;9,688005E-2;9,573586E-1;;
02/12/2021  12:05:23,795558;9,416384E-1;1,534964E-1;1,774427E-1;9,569350E-1;;
02/12/2021  12:05:23,795658;9,407383E-1;1,098510E-1;1,142563E-1;9,564985E-1;;
02/12/2021  12:05:23,795758;9,406042E-1;1,324701E-1;1,461654E-1;9,560503E-1;;
02/12/2021  12:05:23,795858;9,398740E-1;1,286472E-1;1,335282E-1;9,555915E-1;;
02/12/2021  12:05:23,795958;9,406042E-1;1,401161E-1;1,739675E-1;9,551230E-1;;
02/12/2021  12:05:23,796058;9,409469E-1;1,267357E-1;1,366875E-1;9,546461E-1;;
02/12/2021  12:05:23,796158;9,404909E-1;1,219570E-1;1,278414E-1;9,541619E-1;;
02/12/2021  12:05:23,796258;9,404134E-1;1,308772E-1;1,395309E-1;9,536717E-1;;
02/12/2021  12:05:23,796358;9,405178E-1;1,254614E-1;1,174156E-1;9,531767E-1;;
02/12/2021  12:05:23,796458;9,413642E-1;1,136739E-1;1,066739E-1;9,526782E-1;;
02/12/2021  12:05:23,796558;9,419125E-1;1,474434E-1;1,461654E-1;9,521774E-1;;
02/12/2021  12:05:23,796658;9,413046E-1;1,375674E-1;1,471132E-1;9,516759E-1;;
02/12/2021  12:05:23,796758;9,408843E-1;1,283286E-1;1,300529E-1;9,511749E-1;;
02/12/2021  12:05:23,796858;9,410930E-1;6,843556E-2;7,097362E-2;9,506758E-1;;
02/12/2021  12:05:23,796958;9,424371E-1;1,232313E-1;1,240502E-1;9,501797E-1;;
02/12/2021  12:05:23,797058;9,431494E-1;1,264171E-1;1,291051E-1;9,496881E-1;;
02/12/2021  12:05:23,797158;9,431970E-1;1,353374E-1;1,328963E-1;9,492022E-1;;
02/12/2021  12:05:23,797258;9,430302E-1;1,248242E-1;1,284732E-1;9,487236E-1;;
02/12/2021  12:05:23,797358;9,432298E-1;1,203641E-1;1,237343E-1;9,482535E-1;;
02/12/2021  12:05:23,797458;9,449852E-1;1,436204E-1;1,430061E-1;9,477934E-1;;
02/12/2021  12:05:23,797558;9,451104E-1;1,257800E-1;1,287892E-1;9,473444E-1;;
02/12/2021  12:05:23,797658;9,450180E-1;1,429833E-1;1,401627E-1;9,469079E-1;;
02/12/2021  12:05:23,797758;9,449226E-1;1,206827E-1;1,528000E-1;9,464853E-1;;
02/12/2021  12:05:23,797858;9,449584E-1;1,222756E-1;1,227865E-1;9,460777E-1;;
02/12/2021  12:05:23,797958;9,459151E-1;1,362931E-1;1,332122E-1;9,456859E-1;;
02/12/2021  12:05:23,798058;9,458048E-1;1,267357E-1;1,237343E-1;9,453110E-1;;
02/12/2021  12:05:23,798158;9,450627E-1;1,286472E-1;1,291051E-1;9,449537E-1;;
02/12/2021  12:05:23,798258;9,447379E-1;1,012493E-1;1,164678E-1;9,446147E-1;;
02/12/2021  12:05:23,798358;9,450329E-1;1,321516E-1;1,430061E-1;9,442944E-1;;
02/12/2021  12:05:23,798458;9,461356E-1;6,875414E-2;8,582243E-2;9,439931E-1;;
02/12/2021  12:05:23,798558;9,462399E-1;1,168597E-1;1,234183E-1;9,437112E-1;;
02/12/2021  12:05:23,798658;9,455515E-1;1,245056E-1;1,180475E-1;9,434489E-1;;
02/12/2021  12:05:23,798758;9,449763E-1;1,471248E-1;1,262617E-1;9,432064E-1;;
02/12/2021  12:05:23,798858;9,441060E-1;1,165411E-1;1,278414E-1;9,429835E-1;;
02/12/2021  12:05:23,798958;9,454800E-1;1,264171E-1;1,426902E-1;9,427801E-1;;
02/12/2021  12:05:23,799058;9,451402E-1;1,178155E-1;1,237343E-1;9,425957E-1;;
02/12/2021  12:05:23,799158;9,443236E-1;1,318330E-1;1,338441E-1;9,424302E-1;;
02/12/2021  12:05:23,799258;9,433908E-1;1,292843E-1;1,057261E-1;9,422828E-1;;
02/12/2021  12:05:23,799358;9,433431E-1;1,257800E-1;1,139404E-1;9,421531E-1;;
02/12/2021  12:05:23,799458;9,440077E-1;1,366117E-1;1,322644E-1;9,420401E-1;;
02/12/2021  12:05:23,799558;9,433818E-1;1,190898E-1;1,170997E-1;9,419431E-1;;
02/12/2021  12:05:23,799658;9,416443E-1;1,296029E-1;1,341600E-1;9,418612E-1;;
02/12/2021  12:05:23,799758;9,410691E-1;1,308772E-1;1,297370E-1;9,417935E-1;;
02/12/2021  12:05:23,799858;9,418589E-1;9,997498E-2;1,183634E-1;9,417387E-1;;
02/12/2021  12:05:23,799958;9,418321E-1;1,617795E-1;2,128271E-1;9,416955E-1;;
02/12/2021  12:05:23,800058;9,410751E-1;1,063466E-1;1,076217E-1;9,416631E-1;;
02/12/2021  12:05:23,800158;9,408635E-1;1,359745E-1;1,272095E-1;9,416402E-1;;
02/12/2021  12:05:23,800258;9,402644E-1;1,318330E-1;1,215227E-1;9,416258E-1;;
02/12/2021  12:05:23,800358;9,416562E-1;2,574584E-2;6,749837E-2;9,416187E-1;;
02/12/2021  12:05:23,800458;9,424043E-1;1,229127E-1;1,357397E-1;9,416181E-1;;
02/12/2021  12:05:23,800558;9,421003E-1;1,410718E-1;1,423743E-1;9,416232E-1;;
02/12/2021  12:05:23,800658;9,416860E-1;1,104881E-1;1,259458E-1;9,416334E-1;;
02/12/2021  12:05:23,800758;9,409052E-1;1,130368E-1;1,076217E-1;9,416482E-1;;
02/12/2021  12:05:23,800858;9,418559E-1;7,863012E-2;1,174156E-1;9,416667E-1;;
02/12/2021  12:05:23,800958;9,424311E-1;1,394789E-1;1,401627E-1;9,416884E-1;;
02/12/2021  12:05:23,801058;9,421063E-1;1,241871E-1;1,310007E-1;9,417129E-1;;
02/12/2021  12:05:23,801158;9,416741E-1;1,203641E-1;1,300529E-1;9,417397E-1;;
02/12/2021  12:05:23,801258;9,417367E-1;1,311958E-1;1,486929E-1;9,417684E-1;;
02/12/2021  12:05:23,801358;9,424013E-1;1,292843E-1;1,347919E-1;9,417986E-1;;
02/12/2021  12:05:23,801458;9,423536E-1;1,130368E-1;1,278414E-1;9,418299E-1;;
02/12/2021  12:05:23,801558;9,425295E-1;1,308772E-1;1,300529E-1;9,418621E-1;;
02/12/2021  12:05:23,801658;9,415013E-1;1,391603E-1;1,170997E-1;9,418950E-1;;
02/12/2021  12:05:23,801758;9,417158E-1;1,210013E-1;1,221546E-1;9,419283E-1;;
02/12/2021  12:05:23,801858;9,429199E-1;1,324701E-1;1,319485E-1;9,419617E-1;;
02/12/2021  12:05:23,801958;9,433282E-1;1,276914E-1;1,268936E-1;9,419949E-1;;
02/12/2021  12:05:23,802058;9,430272E-1;1,413904E-1;1,442698E-1;9,420281E-1;;
02/12/2021  12:05:23,802158;9,417516E-1;1,143111E-1;1,212068E-1;9,420612E-1;;
02/12/2021  12:05:23,802258;9,423894E-1;1,152668E-1;1,174156E-1;9,420940E-1;;
02/12/2021  12:05:23,802358;9,435875E-1;1,369303E-1;1,322644E-1;9,421264E-1;;
02/12/2021  12:05:23,802458;9,437454E-1;9,615202E-2;1,155200E-1;9,421585E-1;;
02/12/2021  12:05:23,802558;9,436769E-1;1,002936E-1;1,164678E-1;9,421903E-1;;
02/12/2021  12:05:23,802658;9,422642E-1;1,123996E-1;1,253139E-1;9,422219E-1;;
02/12/2021  12:05:23,802758;9,422314E-1;1,069837E-1;1,082536E-1;9,422534E-1;;
02/12/2021  12:05:23,802858;9,419215E-1;1,053908E-1;1,136244E-1;9,422845E-1;;
02/12/2021  12:05:23,802958;9,408694E-1;1,085766E-1;1,215227E-1;9,423149E-1;;
02/12/2021  12:05:23,803058;9,402197E-1;1,037979E-1;1,142563E-1;9,423444E-1;;
02/12/2021  12:05:23,803158;9,387147E-1;1,108067E-1;1,291051E-1;9,423723E-1;;
02/12/2021  12:05:23,803258;9,383153E-1;1,009307E-1;1,104651E-1;9,423980E-1;;
02/12/2021  12:05:23,803358;9,389114E-1;1,053908E-1;1,060421E-1;9,424208E-1;;
02/12/2021  12:05:23,803458;9,383213E-1;9,870066E-2;9,782784E-2;9,424398E-1;;
02/12/2021  12:05:23,803558;9,370636E-1;9,647060E-2;1,066739E-1;9,424544E-1;;
02/12/2021  12:05:23,803658;9,358029E-1;9,551486E-2;1,117289E-1;9,424640E-1;;
02/12/2021  12:05:23,803758;9,355019E-1;1,022050E-1;1,066739E-1;9,424677E-1;;
02/12/2021  12:05:23,803858;9,358148E-1;9,009900E-2;9,751191E-2;9,424646E-1;;
02/12/2021  12:05:23,803958;9,362410E-1;1,006121E-1;1,063580E-1;9,424540E-1;;
02/12/2021  12:05:23,804058;9,349059E-1;1,152668E-1;1,243661E-1;9,424352E-1;;
02/12/2021  12:05:23,804158;9,343813E-1;1,069837E-1;1,227865E-1;9,424078E-1;;
02/12/2021  12:05:23,804258;9,344886E-1;1,047537E-1;1,186794E-1;9,423712E-1;;
02/12/2021  12:05:23,804358;9,344767E-1;1,592309E-1;1,787064E-1;9,423250E-1;;
02/12/2021  12:05:23,804458;9,341489E-1;1,276914E-1;1,054102E-1;9,422687E-1;;
02/12/2021  12:05:23,804558;9,324292E-1;1,340630E-1;1,344760E-1;9,422020E-1;;
02/12/2021  12:05:23,804658;9,308079E-1;1,347002E-1;1,332122E-1;9,421246E-1;;
02/12/2021  12:05:23,804758;9,306500E-1;1,802571E-1;1,752312E-1;9,420359E-1;;
02/12/2021  12:05:23,804858;9,308258E-1;1,703812E-1;1,616461E-1;9,419353E-1;;
02/12/2021  12:05:23,804958;9,302119E-1;1,745227E-1;1,490088E-1;9,418223E-1;;
02/12/2021  12:05:23,805058;9,287456E-1;1,678325E-1;1,546956E-1;9,416964E-1;;
02/12/2021  12:05:23,805158;9,278604E-1;1,691068E-1;1,531159E-1;9,415574E-1;;
02/12/2021  12:05:23,805258;9,275207E-1;1,324701E-1;1,420583E-1;9,414046E-1;;
02/12/2021  12:05:23,805358;9,279111E-1;1,410718E-1;1,442698E-1;9,412378E-1;;
02/12/2021  12:05:23,805458;9,275296E-1;1,321516E-1;1,310007E-1;9,410565E-1;;
02/12/2021  12:05:23,805558;9,263494E-1;1,146297E-1;1,186794E-1;9,408607E-1;;
02/12/2021  12:05:23,805658;9,257355E-1;1,362931E-1;1,310007E-1;9,406502E-1;;
02/12/2021  12:05:23,805758;9,262093E-1;1,350188E-1;1,338441E-1;9,404251E-1;;
02/12/2021  12:05:23,805858;9,272733E-1;1,334259E-1;1,208909E-1;9,401853E-1;;
02/12/2021  12:05:23,805958;9,271571E-1;1,079395E-1;1,202590E-1;9,399311E-1;;
02/12/2021  12:05:23,806058;9,256103E-1;9,551486E-2;9,593225E-2;9,396631E-1;;
02/12/2021  12:05:23,806158;9,254792E-1;1,146297E-1;1,205749E-1;9,393818E-1;;
02/12/2021  12:05:23,806258;9,266296E-1;6,047106E-2;9,056141E-2;9,390876E-1;;
02/12/2021  12:05:23,806358;9,271988E-1;1,152668E-1;1,170997E-1;9,387813E-1;;
02/12/2021  12:05:23,806458;9,269365E-1;1,331073E-1;1,553275E-1;9,384636E-1;;
02/12/2021  12:05:23,806558;9,258904E-1;8,786894E-2;1,629098E-1;9,381355E-1;;
02/12/2021  12:05:23,806658;9,253212E-1;1,292843E-1;1,272095E-1;9,377979E-1;;
02/12/2021  12:05:23,806758;9,257981E-1;1,315144E-1;1,430061E-1;9,374516E-1;;
02/12/2021  12:05:23,806858;9,260871E-1;1,149482E-1;1,193112E-1;9,370975E-1;;
02/12/2021  12:05:23,806958;9,268441E-1;1,108067E-1;1,180475E-1;9,367363E-1;;
02/12/2021  12:05:23,807058;9,254196E-1;1,251428E-1;1,287892E-1;9,363692E-1;;
02/12/2021  12:05:23,807158;9,254225E-1;1,863102E-1;1,654373E-1;9,359971E-1;;
02/12/2021  12:05:23,807258;9,263315E-1;1,397975E-1;1,404787E-1;9,356209E-1;;
02/12/2021  12:05:23,807358;9,267518E-1;1,104881E-1;1,208909E-1;9,352416E-1;;
02/12/2021  12:05:23,807458;9,273627E-1;1,187712E-1;1,076217E-1;9,348603E-1;;
02/12/2021  12:05:23,807558;9,256848E-1;1,178155E-1;1,069899E-1;9,344782E-1;;
02/12/2021  12:05:23,807658;9,253600E-1;1,041165E-1;1,120448E-1;9,340962E-1;;
02/12/2021  12:05:23,807758;9,270051E-1;8,468314E-2;8,582243E-2;9,337152E-1;;
02/12/2021  12:05:23,807858;9,272852E-1;1,174969E-1;1,202590E-1;9,333362E-1;;
02/12/2021  12:05:23,807958;9,273925E-1;1,407532E-1;1,278414E-1;9,329601E-1;;
02/12/2021  12:05:23,808058;9,264209E-1;1,174969E-1;1,186794E-1;9,325881E-1;;
02/12/2021  12:05:23,808158;9,274223E-1;1,085766E-1;9,119327E-2;9,322211E-1;;
02/12/2021  12:05:23,808258;9,284922E-1;9,519628E-2;9,372073E-2;9,318599E-1;;
02/12/2021  12:05:23,808358;9,286383E-1;1,229127E-1;1,310007E-1;9,315057E-1;;
02/12/2021  12:05:23,808458;9,292224E-1;1,155854E-1;1,193112E-1;9,311594E-1;;
02/12/2021  12:05:23,808558;9,283701E-1;1,238685E-1;1,237343E-1;9,308221E-1;;
02/12/2021  12:05:23,808658;9,288618E-1;1,299215E-1;1,272095E-1;9,304948E-1;;
02/12/2021  12:05:23,808758;9,304771E-1;1,283286E-1;1,499566E-1;9,301783E-1;;
02/12/2021  12:05:23,808858;9,313891E-1;1,006121E-1;1,076217E-1;9,298734E-1;;
02/12/2021  12:05:23,808958;9,313235E-1;1,238685E-1;1,328963E-1;9,295814E-1;;
02/12/2021  12:05:23,809058;9,308407E-1;1,219570E-1;1,310007E-1;9,293031E-1;;
02/12/2021  12:05:23,809158;9,321491E-1;1,254614E-1;1,351078E-1;9,290394E-1;;
02/12/2021  12:05:23,809258;9,330640E-1;1,391603E-1;1,505885E-1;9,287911E-1;;
02/12/2021  12:05:23,809358;9,333829E-1;1,404346E-1;1,218387E-1;9,285592E-1;;
02/12/2021  12:05:23,809458;9,329448E-1;1,289658E-1;1,414265E-1;9,283443E-1;;
02/12/2021  12:05:23,809558;9,329806E-1;7,130278E-2;1,449017E-1;9,281472E-1;;
02/12/2021  12:05:23,809658;9,337465E-1;1,076209E-1;1,041465E-1;9,279683E-1;;
02/12/2021  12:05:23,809758;9,346138E-1;1,305587E-1;1,291051E-1;9,278082E-1;;
02/12/2021  12:05:23,809858;9,355705E-1;1,238685E-1;1,294210E-1;9,276672E-1;;
02/12/2021  12:05:23,809958;9,351264E-1;1,232313E-1;1,272095E-1;9,275458E-1;;
02/12/2021  12:05:23,810058;9,349118E-1;1,337445E-1;1,123607E-1;9,274444E-1;;
02/12/2021  12:05:23,810158;9,356420E-1;1,289658E-1;1,502726E-1;9,273632E-1;;
02/12/2021  12:05:23,810258;9,369921E-1;1,238685E-1;1,249980E-1;9,273021E-1;;
02/12/2021  12:05:23,810358;9,376895E-1;1,732484E-1;2,346264E-1;9,272615E-1;;
02/12/2021  12:05:23,810458;9,365361E-1;1,318330E-1;1,303688E-1;9,272415E-1;;
02/12/2021  12:05:23,810558;9,364020E-1;1,286472E-1;1,379512E-1;9,272420E-1;;
02/12/2021  12:05:23,810658;9,372633E-1;1,257800E-1;1,281573E-1;9,272629E-1;;
02/12/2021  12:05:23,810758;9,377222E-1;1,254614E-1;1,193112E-1;9,273038E-1;;
02/12/2021  12:05:23,810858;9,379547E-1;1,232313E-1;1,347919E-1;9,273645E-1;;
02/12/2021  12:05:23,810958;9,373080E-1;1,092138E-1;1,208909E-1;9,274445E-1;;
02/12/2021  12:05:23,811058;9,365510E-1;1,436204E-1;1,395309E-1;9,275433E-1;;
02/12/2021  12:05:23,811158;9,374451E-1;1,296029E-1;1,287892E-1;9,276603E-1;;
02/12/2021  12:05:23,811258;9,386700E-1;1,334259E-1;1,332122E-1;9,277947E-1;;
02/12/2021  12:05:23,811358;9,390634E-1;1,331073E-1;1,376353E-1;9,279457E-1;;
02/12/2021  12:05:23,811458;9,377133E-1;1,544522E-1;1,550115E-1;9,281129E-1;;
02/12/2021  12:05:23,811558;9,376060E-1;1,283286E-1;1,224705E-1;9,282954E-1;;
02/12/2021  12:05:23,811658;9,388697E-1;5,728526E-2;1,050943E-1;9,284924E-1;;
02/12/2021  12:05:23,811758;9,395253E-1;1,229127E-1;1,243661E-1;9,287030E-1;;
02/12/2021  12:05:23,811858;9,400111E-1;1,232313E-1;1,101492E-1;9,289266E-1;;
02/12/2021  12:05:23,811958;9,389024E-1;1,260985E-1;1,338441E-1;9,291623E-1;;
02/12/2021  12:05:23,812058;9,405356E-1;1,219570E-1;1,218387E-1;9,294096E-1;;
02/12/2021  12:05:23,812158;9,416205E-1;9,870066E-2;8,424277E-2;9,296676E-1;;
02/12/2021  12:05:23,812258;9,424997E-1;1,238685E-1;1,509044E-1;9,299359E-1;;
02/12/2021  12:05:23,812358;9,419751E-1;1,302401E-1;1,275255E-1;9,302141E-1;;
02/12/2021  12:05:23,812458;9,409499E-1;1,283286E-1;1,281573E-1;9,305017E-1;;
02/12/2021  12:05:23,812558;9,416622E-1;1,213198E-1;1,126766E-1;9,307982E-1;;
02/12/2021  12:05:23,812658;9,431672E-1;1,315144E-1;1,221546E-1;9,311027E-1;;
02/12/2021  12:05:23,812758;9,439451E-1;1,407532E-1;1,398468E-1;9,314149E-1;;
02/12/2021  12:05:23,812858;9,439809E-1;1,302401E-1;1,338441E-1;9,317342E-1;;
02/12/2021  12:05:23,812958;9,437931E-1;1,190898E-1;1,322644E-1;9,320604E-1;;
02/12/2021  12:05:23,813058;9,435040E-1;-1,407666E-2;7,255328E-2;9,323929E-1;;
02/12/2021  12:05:23,813158;9,454412E-1;2,073364E-1;1,878685E-1;9,327314E-1;;
02/12/2021  12:05:23,813258;9,462697E-1;1,283286E-1;1,142563E-1;9,330754E-1;;
02/12/2021  12:05:23,813358;9,464188E-1;1,506292E-1;1,752312E-1;9,334246E-1;;
02/12/2021  12:05:23,813458;9,461744E-1;1,423461E-1;1,316326E-1;9,337789E-1;;
02/12/2021  12:05:23,813558;9,475334E-1;1,350188E-1;1,249980E-1;9,341380E-1;;
02/12/2021  12:05:23,813658;9,480102E-1;1,213198E-1;1,411105E-1;9,345018E-1;;
02/12/2021  12:05:23,813758;9,488686E-1;1,076209E-1;1,152041E-1;9,348701E-1;;
02/12/2021  12:05:23,813858;9,483470E-1;1,270543E-1;1,382671E-1;9,352428E-1;;
02/12/2021  12:05:23,813958;9,477629E-1;1,216384E-1;1,231024E-1;9,356198E-1;;
02/12/2021  12:05:23,814058;9,480430E-1;8,468314E-2;1,054102E-1;9,360007E-1;;
02/12/2021  12:05:23,814158;9,486629E-1;1,315144E-1;1,347919E-1;9,363850E-1;;
02/12/2021  12:05:23,814258;9,490384E-1;1,308772E-1;1,291051E-1;9,367724E-1;;
02/12/2021  12:05:23,814358;9,481950E-1;1,178155E-1;1,218387E-1;9,371625E-1;;
02/12/2021  12:05:23,814458;9,471698E-1;1,012493E-1;1,180475E-1;9,375547E-1;;
02/12/2021  12:05:23,814558;9,486003E-1;1,388417E-1;1,546956E-1;9,379483E-1;;
02/12/2021  12:05:23,814658;9,489878E-1;1,267357E-1;1,249980E-1;9,383427E-1;;
02/12/2021  12:05:23,814758;9,491278E-1;1,340630E-1;1,370034E-1;9,387372E-1;;
02/12/2021  12:05:23,814858;9,483887E-1;1,468062E-1;1,395309E-1;9,391313E-1;;
02/12/2021  12:05:23,814958;9,479745E-1;1,436204E-1;1,338441E-1;9,395245E-1;;
02/12/2021  12:05:23,815058;9,494378E-1;1,229127E-1;1,303688E-1;9,399161E-1;;
02/12/2021  12:05:23,815158;9,500190E-1;1,232313E-1;1,237343E-1;9,403055E-1;;
02/12/2021  12:05:23,815258;9,501382E-1;1,289658E-1;1,357397E-1;9,406921E-1;;
02/12/2021  12:05:23,815358;9,489967E-1;1,174969E-1;1,202590E-1;9,410758E-1;;
02/12/2021  12:05:23,815458;9,479387E-1;1,245056E-1;1,272095E-1;9,414560E-1;;
02/12/2021  12:05:23,815558;9,486361E-1;1,251428E-1;1,265777E-1;9,418319E-1;;
02/12/2021  12:05:23,815658;9,496136E-1;1,136739E-1;1,167838E-1;9,422030E-1;;
02/12/2021  12:05:23,815758;9,494348E-1;1,120810E-1;1,351078E-1;9,425687E-1;;
02/12/2021  12:05:23,815858;9,484007E-1;1,251428E-1;1,303688E-1;9,429284E-1;;
02/12/2021  12:05:23,815958;9,477718E-1;1,006121E-1;1,114129E-1;9,432818E-1;;
02/12/2021  12:05:23,816058;9,486510E-1;4,995792E-2;6,433905E-2;9,436280E-1;;
02/12/2021  12:05:23,816158;9,482725E-1;9,933782E-2;1,158360E-1;9,439666E-1;;
02/12/2021  12:05:23,816258;9,475304E-1;1,184526E-1;1,189953E-1;9,442968E-1;;
02/12/2021  12:05:23,816358;9,453250E-1;7,512574E-2;7,350108E-2;9,446182E-1;;
02/12/2021  12:05:23,816458;9,452803E-1;9,041758E-2;1,129926E-1;9,449298E-1;;
02/12/2021  12:05:23,816558;9,460879E-1;1,347002E-1;1,629098E-1;9,452307E-1;;
02/12/2021  12:05:23,816658;9,462787E-1;1,238685E-1;1,414265E-1;9,455201E-1;;
02/12/2021  12:05:23,816758;9,454829E-1;9,870066E-2;1,145722E-1;9,457973E-1;;
02/12/2021  12:05:23,816858;9,438855E-1;9,201048E-2;1,107811E-1;9,460617E-1;;
02/12/2021  12:05:23,816958;9,433669E-1;4,836502E-2;5,391329E-2;9,463126E-1;;
02/12/2021  12:05:23,817058;9,442610E-1;1,095324E-1;1,101492E-1;9,465491E-1;;
02/12/2021  12:05:23,817158;9,439183E-1;1,028422E-1;1,174156E-1;9,467707E-1;;
02/12/2021  12:05:23,817258;9,434027E-1;1,053908E-1;1,120448E-1;9,469768E-1;;
02/12/2021  12:05:23,817358;9,417486E-1;1,015679E-1;1,133085E-1;9,471669E-1;;
02/12/2021  12:05:23,817458;9,417665E-1;9,328480E-2;1,000394E-1;9,473405E-1;;
02/12/2021  12:05:23,817558;9,426993E-1;1,095324E-1;1,246821E-1;9,474969E-1;;
02/12/2021  12:05:23,817658;9,418649E-1;7,257710E-2;8,361090E-2;9,476359E-1;;
02/12/2021  12:05:23,817758;9,414655E-1;1,260985E-1;1,234183E-1;9,477573E-1;;
02/12/2021  12:05:23,817858;9,394419E-1;1,162226E-1;1,208909E-1;9,478606E-1;;
02/12/2021  12:05:23,817958;9,399604E-1;1,582751E-1;1,467973E-1;9,479457E-1;;
02/12/2021  12:05:23,818058;9,398114E-1;1,566822E-1;1,575390E-1;9,480122E-1;;
02/12/2021  12:05:23,818158;9,389382E-1;1,503106E-1;1,385831E-1;9,480598E-1;;
02/12/2021  12:05:23,818258;9,375106E-1;1,343816E-1;1,013031E-1;9,480884E-1;;
02/12/2021  12:05:23,818358;9,357016E-1;1,181340E-1;1,575390E-1;9,480977E-1;;
02/12/2021  12:05:23,818458;9,356181E-1;1,652839E-1;1,464814E-1;9,480873E-1;;
02/12/2021  12:05:23,818558;9,360503E-1;1,375674E-1;1,442698E-1;9,480567E-1;;
02/12/2021  12:05:23,818658;9,352605E-1;1,458505E-1;1,471132E-1;9,480056E-1;;
02/12/2021  12:05:23,818758;9,342025E-1;9,583344E-2;9,909157E-2;9,479340E-1;;
02/12/2021  12:05:23,818858;9,332458E-1;1,875845E-1;1,976624E-1;9,478417E-1;;
02/12/2021  12:05:23,818958;9,338717E-1;1,315144E-1;1,502726E-1;9,477286E-1;;
02/12/2021  12:05:23,819058;9,346495E-1;1,178155E-1;1,234183E-1;9,475947E-1;;
02/12/2021  12:05:23,819158;9,343724E-1;1,343816E-1;1,436380E-1;9,474403E-1;;
02/12/2021  12:05:23,819258;9,332846E-1;1,181340E-1;1,265777E-1;9,472659E-1;;
02/12/2021  12:05:23,819358;9,327630E-1;1,483991E-1;1,461654E-1;9,470719E-1;;
02/12/2021  12:05:23,819458;9,338300E-1;9,901924E-2;9,782784E-2;9,468590E-1;;
02/12/2021  12:05:23,819558;9,340177E-1;1,331073E-1;1,344760E-1;9,466277E-1;;
02/12/2021  12:05:23,819658;9,341191E-1;1,372488E-1;1,502726E-1;9,463789E-1;;
02/12/2021  12:05:23,819758;9,325902E-1;1,340630E-1;1,344760E-1;9,461136E-1;;
02/12/2021  12:05:23,819858;9,318332E-1;1,229127E-1;1,221546E-1;9,458327E-1;;
02/12/2021  12:05:23,819958;9,329031E-1;1,229127E-1;1,376353E-1;9,455369E-1;;
02/12/2021  12:05:23,820058;9,329389E-1;1,257800E-1;1,322644E-1;9,452272E-1;;
02/12/2021  12:05:23,820158;9,325157E-1;1,235499E-1;1,129926E-1;9,449045E-1;;
02/12/2021  12:05:23,820258;9,308795E-1;1,241871E-1;1,306848E-1;9,445698E-1;;
02/12/2021  12:05:23,820358;9,295801E-1;1,165411E-1;1,180475E-1;9,442240E-1;;
02/12/2021  12:05:23,820458;9,295085E-1;6,620550E-2;1,000394E-1;9,438676E-1;;
02/12/2021  12:05:23,820558;9,296069E-1;1,483991E-1;1,512204E-1;9,435013E-1;;
02/12/2021  12:05:23,820658;9,287605E-1;1,178155E-1;1,164678E-1;9,431256E-1;;
02/12/2021  12:05:23,820758;9,267875E-1;1,022050E-1;1,325804E-1;9,427411E-1;;
02/12/2021  12:05:23,820858;9,266445E-1;1,143111E-1;1,189953E-1;9,423480E-1;;
02/12/2021  12:05:23,820958;9,267786E-1;1,682560E-2;5,264957E-2;9,419469E-1;;
02/12/2021  12:05:23,821058;9,267339E-1;1,251428E-1;9,624818E-2;9,415378E-1;;
02/12/2021  12:05:23,821158;9,256222E-1;1,286472E-1;1,243661E-1;9,411214E-1;;
02/12/2021  12:05:23,821258;9,238877E-1;1,324701E-1;1,322644E-1;9,406979E-1;;
02/12/2021  12:05:23,821358;9,238340E-1;4,995792E-2;8,234717E-2;9,402677E-1;;
02/12/2021  12:05:23,821458;9,246268E-1;1,340630E-1;1,499566E-1;9,398309E-1;;
02/12/2021  12:05:23,821558;9,243407E-1;1,222756E-1;1,202590E-1;9,393878E-1;;
02/12/2021  12:05:23,821658;9,240576E-1;1,168597E-1;1,215227E-1;9,389389E-1;;
02/12/2021  12:05:23,821758;9,226330E-1;1,187712E-1;1,259458E-1;9,384846E-1;;
02/12/2021  12:05:23,821858;9,229191E-1;1,503106E-1;1,569071E-1;9,380256E-1;;
02/12/2021  12:05:23,821958;9,236403E-1;1,391603E-1;1,395309E-1;9,375620E-1;;
02/12/2021  12:05:23,822058;9,242215E-1;1,130368E-1;1,145722E-1;9,370946E-1;;
02/12/2021  12:05:23,822158;9,231903E-1;1,206827E-1;1,316326E-1;9,366242E-1;;
02/12/2021  12:05:23,822258;9,218313E-1;1,289658E-1;1,303688E-1;9,361513E-1;;
02/12/2021  12:05:23,822358;9,222217E-1;1,264171E-1;1,234183E-1;9,356767E-1;;
02/12/2021  12:05:23,822458;9,225138E-1;1,225942E-1;1,417424E-1;9,352008E-1;;
02/12/2021  12:05:23,822558;9,225793E-1;1,286472E-1;1,221546E-1;9,347243E-1;;
02/12/2021  12:05:23,822658;9,216584E-1;1,378860E-1;1,461654E-1;9,342479E-1;;
02/12/2021  12:05:23,822758;9,200967E-1;1,168597E-1;1,212068E-1;9,337721E-1;;
02/12/2021  12:05:23,822858;9,209908E-1;1,194084E-1;1,278414E-1;9,332975E-1;;
02/12/2021  12:05:23,822958;9,217031E-1;1,251428E-1;1,256299E-1;9,328243E-1;;
02/12/2021  12:05:23,823058;9,217121E-1;1,248242E-1;1,262617E-1;9,323533E-1;;
02/12/2021  12:05:23,823158;9,210624E-1;1,324701E-1;1,322644E-1;9,318850E-1;;
02/12/2021  12:05:23,823258;9,207435E-1;1,315144E-1;9,182514E-2;9,314202E-1;;
02/12/2021  12:05:23,823358;9,222873E-1;1,429833E-1;1,471132E-1;9,309593E-1;;
02/12/2021  12:05:23,823458;9,233661E-1;1,130368E-1;1,174156E-1;9,305032E-1;;
02/12/2021  12:05:23,823558;9,239324E-1;1,245056E-1;1,284732E-1;9,300528E-1;;
02/12/2021  12:05:23,823658;9,238817E-1;1,257800E-1;1,297370E-1;9,296092E-1;;
02/12/2021  12:05:23,823758;9,244897E-1;1,213198E-1;1,215227E-1;9,291735E-1;;
02/12/2021  12:05:23,823858;9,255328E-1;1,331073E-1;1,701763E-1;9,287468E-1;;
02/12/2021  12:05:23,823958;9,277621E-1;1,302401E-1;1,300529E-1;9,283303E-1;;
02/12/2021  12:05:23,824058;9,276429E-1;1,375674E-1;1,423743E-1;9,279255E-1;;
02/12/2021  12:05:23,824158;9,267100E-1;1,120810E-1;1,202590E-1;9,275338E-1;;
02/12/2021  12:05:23,824258;9,271958E-1;1,200455E-1;1,300529E-1;9,271564E-1;;
02/12/2021  12:05:23,824358;9,276578E-1;1,483991E-1;1,809180E-1;9,267943E-1;;
02/12/2021  12:05:23,824458;9,288767E-1;1,127182E-1;1,243661E-1;9,264487E-1;;
02/12/2021  12:05:23,824558;9,293208E-1;1,117624E-1;1,076217E-1;9,261205E-1;;
02/12/2021  12:05:23,824658;9,286323E-1;1,168597E-1;1,300529E-1;9,258106E-1;;
02/12/2021  12:05:23,824758;9,285071E-1;1,155854E-1;1,253139E-1;9,255200E-1;;
02/12/2021  12:05:23,824858;9,296814E-1;1,267357E-1;1,344760E-1;9,252491E-1;;
02/12/2021  12:05:23,824958;9,304652E-1;1,299215E-1;1,316326E-1;9,249987E-1;;
02/12/2021  12:05:23,825058;9,305963E-1;1,200455E-1;1,240502E-1;9,247691E-1;;
02/12/2021  12:05:23,825158;9,300778E-1;1,095324E-1;1,240502E-1;9,245611E-1;;
02/12/2021  12:05:23,825258;9,305636E-1;1,098510E-1;1,047783E-1;9,243748E-1;;
02/12/2021  12:05:23,825358;9,317914E-1;8,850610E-2;6,655058E-2;9,242106E-1;;
02/12/2021  12:05:23,825458;9,328733E-1;1,407532E-1;1,370034E-1;9,240686E-1;;
02/12/2021  12:05:23,825558;9,333472E-1;1,117624E-1;1,155200E-1;9,239492E-1;;
02/12/2021  12:05:23,825658;9,327302E-1;1,254614E-1;1,310007E-1;9,238527E-1;;
02/12/2021  12:05:23,825758;9,338687E-1;1,334259E-1;1,341600E-1;9,237792E-1;;
02/12/2021  12:05:23,825858;9,354363E-1;1,334259E-1;1,180475E-1;9,237288E-1;;
02/12/2021  12:05:23,825958;9,353320E-1;1,143111E-1;1,079377E-1;9,237017E-1;;
02/12/2021  12:05:23,826058;9,347956E-1;1,120810E-1;1,480610E-1;9,236980E-1;;
02/12/2021  12:05:23,826158;9,343605E-1;1,369303E-1;1,467973E-1;9,237176E-1;;
02/12/2021  12:05:23,826258;9,356837E-1;1,245056E-1;1,243661E-1;9,237602E-1;;
02/12/2021  12:05:23,826358;9,370994E-1;1,184526E-1;1,183634E-1;9,238254E-1;;
02/12/2021  12:05:23,826458;9,375136E-1;1,200455E-1;1,193112E-1;9,239131E-1;;
02/12/2021  12:05:23,826558;9,377312E-1;1,289658E-1;1,414265E-1;9,240229E-1;;
02/12/2021  12:05:23,826658;9,373408E-1;1,337445E-1;1,306848E-1;9,241546E-1;;
02/12/2021  12:05:23,826758;9,393107E-1;1,547707E-1;1,572231E-1;9,243079E-1;;
02/12/2021  12:05:23,826858;9,408426E-1;1,315144E-1;1,496407E-1;9,244824E-1;;
02/12/2021  12:05:23,826958;9,422135E-1;1,190898E-1;1,126766E-1;9,246779E-1;;
02/12/2021  12:05:23,827058;9,423924E-1;1,477620E-1;1,332122E-1;9,248945E-1;;
02/12/2021  12:05:23,827158;9,426546E-1;1,334259E-1;1,287892E-1;9,251320E-1;;
02/12/2021  12:05:23,827258;9,436560E-1;1,254614E-1;1,060421E-1;9,253904E-1;;
02/12/2021  12:05:23,827358;9,450448E-1;1,235499E-1;1,253139E-1;9,256694E-1;;
02/12/2021  12:05:23,827458;9,458883E-1;1,327887E-1;1,322644E-1;9,259690E-1;;
02/12/2021  12:05:23,827558;9,457541E-1;1,331073E-1;1,313166E-1;9,262891E-1;;
02/12/2021  12:05:23,827658;9,457780E-1;-6,887242E-2;-7,693445E-3;9,266293E-1;;
02/12/2021  12:05:23,827758;9,476913E-1;1,174969E-1;1,117289E-1;9,269894E-1;;
02/12/2021  12:05:23,827858;9,485854E-1;1,216384E-1;1,218387E-1;9,273690E-1;;
02/12/2021  12:05:23,827958;9,490355E-1;1,401161E-1;1,449017E-1;9,277679E-1;;
02/12/2021  12:05:23,828058;9,480132E-1;1,340630E-1;1,287892E-1;9,281857E-1;;
02/12/2021  12:05:23,828158;9,486242E-1;1,073023E-1;1,170997E-1;9,286218E-1;;
02/12/2021  12:05:23,828258;9,500994E-1;1,210013E-1;1,240502E-1;9,290756E-1;;
02/12/2021  12:05:23,828358;9,504422E-1;1,251428E-1;1,215227E-1;9,295464E-1;;
02/12/2021  12:05:23,828458;9,514704E-1;1,302401E-1;1,265777E-1;9,300336E-1;;
02/12/2021  12:05:23,828558;9,510412E-1;1,171783E-1;1,189953E-1;9,305366E-1;;
02/12/2021  12:05:23,828658;9,517535E-1;-2,607782E-3;2,453162E-2;9,310545E-1;;
02/12/2021  12:05:23,828758;9,530946E-1;1,232313E-1;1,758630E-1;9,315867E-1;;
02/12/2021  12:05:23,828858;9,538218E-1;1,276914E-1;1,265777E-1;9,321325E-1;;
02/12/2021  12:05:23,828958;9,534552E-1;1,225942E-1;1,281573E-1;9,326911E-1;;
02/12/2021  12:05:23,829058;9,524479E-1;6,556834E-2;8,424277E-2;9,332619E-1;;
02/12/2021  12:05:23,829158;9,532407E-1;4,082398E-3;4,696279E-2;9,338438E-1;;
02/12/2021  12:05:23,829258;9,540066E-1;1,047537E-1;1,237343E-1;9,344358E-1;;
02/12/2021  12:05:23,829358;9,545431E-1;1,095324E-1;1,155200E-1;9,350368E-1;;
02/12/2021  12:05:23,829458;9,542987E-1;1,111253E-1;1,183634E-1;9,356458E-1;;
02/12/2021  12:05:23,829558;9,531572E-1;7,576290E-2;1,136244E-1;9,362618E-1;;
02/12/2021  12:05:23,829658;9,535655E-1;1,095324E-1;1,155200E-1;9,368835E-1;;
02/12/2021  12:05:23,829758;9,541675E-1;-1,566956E-2;5,264957E-2;9,375096E-1;;
02/12/2021  12:05:23,829858;9,544149E-1;1,194084E-1;1,632258E-1;9,381388E-1;;
02/12/2021  12:05:23,829958;9,534463E-1;9,009900E-2;1,047783E-1;9,387699E-1;;
02/12/2021  12:05:23,830058;9,522423E-1;9,328480E-2;1,133085E-1;9,394015E-1;;
02/12/2021  12:05:23,830158;9,521499E-1;1,053908E-1;1,019350E-1;9,400322E-1;;
02/12/2021  12:05:23,830258;9,527579E-1;1,063466E-1;9,119327E-2;9,406602E-1;;
02/12/2021  12:05:23,830358;9,522184E-1;4,740928E-2;8,487463E-2;9,412842E-1;;
02/12/2021  12:05:23,830458;9,515091E-1;8,277166E-2;1,057261E-1;9,419025E-1;;
02/12/2021  12:05:23,830558;9,500130E-1;1,069837E-1;1,215227E-1;9,425136E-1;;
02/12/2021  12:05:23,830658;9,505226E-1;1,095324E-1;1,063580E-1;9,431160E-1;;
02/12/2021  12:05:23,830758;9,510412E-1;1,174969E-1;1,259458E-1;9,437078E-1;;
02/12/2021  12:05:23,830858;9,502991E-1;1,050723E-1;1,212068E-1;9,442877E-1;;
02/12/2021  12:05:23,830958;9,494408E-1;9,105474E-2;1,120448E-1;9,448543E-1;;
02/12/2021  12:05:23,831058;9,484990E-1;1,630538E-1;1,461654E-1;9,454062E-1;;
02/12/2021  12:05:23,831158;9,491338E-1;1,305587E-1;1,461654E-1;9,459420E-1;;
02/12/2021  12:05:23,831258;9,498759E-1;1,388417E-1;1,518522E-1;9,464603E-1;;
02/12/2021  12:05:23,831358;9,491755E-1;1,563636E-1;1,385831E-1;9,469601E-1;;
02/12/2021  12:05:23,831458;9,488239E-1;1,678325E-1;1,430061E-1;9,474406E-1;;
02/12/2021  12:05:23,831558;9,483947E-1;1,624167E-1;1,404787E-1;9,479008E-1;;
02/12/2021  12:05:23,831658;9,492024E-1;1,459554E-2;8,424277E-2;9,483401E-1;;
02/12/2021  12:05:23,831758;9,494378E-1;1,477620E-1;1,493248E-1;9,487577E-1;;
02/12/2021  12:05:23,831858;9,493007E-1;1,573194E-1;1,559593E-1;9,491533E-1;;
02/12/2021  12:05:23,831958;9,484334E-1;1,480806E-1;1,490088E-1;9,495267E-1;;
02/12/2021  12:05:23,832058;9,470863E-1;1,525407E-1;1,499566E-1;9,498775E-1;;
02/12/2021  12:05:23,832158;9,480013E-1;1,251428E-1;1,357397E-1;9,502054E-1;;
02/12/2021  12:05:23,832258;9,473784E-1;1,229127E-1;1,291051E-1;9,505102E-1;;
02/12/2021  12:05:23,832358;9,461237E-1;1,694254E-1;1,711241E-1;9,507915E-1;;
02/12/2021  12:05:23,832458;9,448213E-1;1,350188E-1;1,354238E-1;9,510492E-1;;
02/12/2021  12:05:23,832558;9,438885E-1;1,117624E-1;1,272095E-1;9,512829E-1;;
02/12/2021  12:05:23,832658;9,433252E-1;1,229127E-1;1,351078E-1;9,514920E-1;;
02/12/2021  12:05:23,832758;9,436709E-1;1,308772E-1;1,366875E-1;9,516763E-1;;
02/12/2021  12:05:23,832858;9,421748E-1;9,806350E-2;1,095173E-1;9,518352E-1;;
02/12/2021  12:05:23,832958;9,409290E-1;1,353374E-1;1,556434E-1;9,519687E-1;;
02/12/2021  12:05:23,833058;9,402942E-1;1,270543E-1;1,467973E-1;9,520762E-1;;
02/12/2021  12:05:23,833158;9,400439E-1;1,589123E-1;1,866047E-1;9,521574E-1;;
02/12/2021  12:05:23,833258;9,402674E-1;1,190898E-1;1,205749E-1;9,522120E-1;;
02/12/2021  12:05:23,833358;9,393972E-1;1,190898E-1;1,180475E-1;9,522400E-1;;
02/12/2021  12:05:23,833458;9,384733E-1;7,958586E-2;1,208909E-1;9,522414E-1;;
02/12/2021  12:05:23,833558;9,384941E-1;1,296029E-1;1,341600E-1;9,522162E-1;;
02/12/2021  12:05:23,833658;9,385657E-1;9,424054E-2;1,259458E-1;9,521646E-1;;
02/12/2021  12:05:23,833758;9,388011E-1;1,181340E-1;1,174156E-1;9,520869E-1;;
02/12/2021  12:05:23,833858;9,378146E-1;1,487177E-1;1,442698E-1;9,519836E-1;;
02/12/2021  12:05:23,833958;9,358804E-1;7,321426E-2;9,245700E-2;9,518553E-1;;
02/12/2021  12:05:23,834058;9,355705E-1;1,200455E-1;1,117289E-1;9,517022E-1;;
02/12/2021  12:05:23,834158;9,354483E-1;1,222756E-1;1,189953E-1;9,515249E-1;;
02/12/2021  12:05:23,834258;9,351085E-1;1,442576E-1;1,496407E-1;9,513237E-1;;
02/12/2021  12:05:23,834358;9,341071E-1;1,133553E-1;1,218387E-1;9,510992E-1;;
02/12/2021  12:05:23,834458;9,318630E-1;1,260985E-1;1,284732E-1;9,508518E-1;;
02/12/2021  12:05:23,834558;9,315769E-1;1,426647E-1;1,376353E-1;9,505819E-1;;
02/12/2021  12:05:23,834658;9,314070E-1;1,200455E-1;1,063580E-1;9,502898E-1;;
02/12/2021  12:05:23,834758;9,307781E-1;1,280100E-1;1,120448E-1;9,499759E-1;;
02/12/2021  12:05:23,834858;9,298632E-1;1,436204E-1;1,755471E-1;9,496405E-1;;
02/12/2021  12:05:23,834958;9,285429E-1;1,260985E-1;1,240502E-1;9,492843E-1;;
02/12/2021  12:05:23,835058;9,288350E-1;1,241871E-1;1,237343E-1;9,489075E-1;;
02/12/2021  12:05:23,835158;9,283760E-1;1,238685E-1;1,205749E-1;9,485107E-1;;
02/12/2021  12:05:23,835258;9,279528E-1;1,420275E-1;1,357397E-1;9,480945E-1;;
02/12/2021  12:05:23,835358;9,280482E-1;1,216384E-1;1,306848E-1;9,476595E-1;;
02/12/2021  12:05:23,835458;9,263882E-1;1,283286E-1;1,186794E-1;9,472066E-1;;
02/12/2021  12:05:23,835558;9,269455E-1;1,229127E-1;1,736515E-1;9,467365E-1;;
02/12/2021  12:05:23,835658;9,265670E-1;1,216384E-1;1,588027E-1;9,462501E-1;;
02/12/2021  12:05:23,835758;9,260633E-1;1,321516E-1;1,420583E-1;9,457482E-1;;
02/12/2021  12:05:23,835858;9,250023E-1;1,350188E-1;1,256299E-1;9,452318E-1;;
02/12/2021  12:05:23,835958;9,236642E-1;1,127182E-1;1,183634E-1;9,447017E-1;;
02/12/2021  12:05:23,836058;9,234049E-1;8,149734E-2;6,718244E-2;9,441588E-1;;
02/12/2021  12:05:23,836158;9,230741E-1;1,315144E-1;1,373193E-1;9,436037E-1;;
02/12/2021  12:05:23,836258;9,230234E-1;1,468062E-1;1,392149E-1;9,430372E-1;;
02/12/2021  12:05:23,836358;9,216852E-1;1,347002E-1;1,325804E-1;9,424600E-1;;
02/12/2021  12:05:23,836458;9,207196E-1;1,120810E-1;7,634447E-2;9,418730E-1;;
02/12/2021  12:05:23,836558;9,216286E-1;1,321516E-1;1,316326E-1;9,412768E-1;;
02/12/2021  12:05:23,836658;9,210594E-1;1,385232E-1;1,445858E-1;9,406721E-1;;
02/12/2021  12:05:23,836758;9,205885E-1;1,101695E-1;1,212068E-1;9,400600E-1;;
02/12/2021  12:05:23,836858;9,194232E-1;1,139925E-1;1,142563E-1;9,394411E-1;;
02/12/2021  12:05:23,836958;9,189225E-1;1,318330E-1;1,338441E-1;9,388163E-1;;
02/12/2021  12:05:23,837058;9,194560E-1;1,350188E-1;1,388990E-1;9,381863E-1;;
02/12/2021  12:05:23,837158;9,192950E-1;1,375674E-1;1,360556E-1;9,375520E-1;;
02/12/2021  12:05:23,837258;9,189165E-1;1,433019E-1;1,445858E-1;9,369141E-1;;
02/12/2021  12:05:23,837358;9,185500E-1;1,171783E-1;1,215227E-1;9,362736E-1;;
02/12/2021  12:05:23,837458;9,185202E-1;7,608148E-2;1,076217E-1;9,356315E-1;;
02/12/2021  12:05:23,837558;9,194083E-1;1,429833E-1;1,407946E-1;9,349886E-1;;
02/12/2021  12:05:23,837658;9,202338E-1;1,276914E-1;1,237343E-1;9,343460E-1;;
02/12/2021  12:05:23,837758;9,204961E-1;1,270543E-1;1,038306E-1;9,337051E-1;;
02/12/2021  12:05:23,837858;9,198702E-1;1,302401E-1;1,550115E-1;9,330670E-1;;
02/12/2021  12:05:23,837958;9,199477E-1;1,324701E-1;1,512204E-1;9,324331E-1;;
02/12/2021  12:05:23,838058;9,220220E-1;1,598680E-1;1,780746E-1;9,318048E-1;;
02/12/2021  12:05:23,838158;9,226658E-1;1,174969E-1;1,205749E-1;9,311834E-1;;
02/12/2021  12:05:23,838258;9,232767E-1;1,143111E-1;1,129926E-1;9,305705E-1;;
02/12/2021  12:05:23,838358;9,231784E-1;1,181340E-1;1,107811E-1;9,299679E-1;;
02/12/2021  12:05:23,838458;9,238251E-1;1,254614E-1;1,237343E-1;9,293772E-1;;
02/12/2021  12:05:23,838558;9,258755E-1;9,041758E-2;1,287892E-1;9,287999E-1;;
02/12/2021  12:05:23,838658;9,262779E-1;1,362931E-1;8,834988E-2;9,282377E-1;;
02/12/2021  12:05:23,838758;9,261527E-1;1,324701E-1;1,310007E-1;9,276925E-1;;
02/12/2021  12:05:23,838858;9,260275E-1;1,327887E-1;1,366875E-1;9,271657E-1;;
02/12/2021  12:05:23,838958;9,268412E-1;1,057094E-1;1,025668E-1;9,266590E-1;;
02/12/2021  12:05:23,839058;9,274998E-1;1,152668E-1;1,139404E-1;9,261735E-1;;
02/12/2021  12:05:23,839158;9,281614E-1;1,200455E-1;1,196272E-1;9,257106E-1;;
02/12/2021  12:05:23,839258;9,276280E-1;1,324701E-1;1,291051E-1;9,252714E-1;;
02/12/2021  12:05:23,839358;9,269306E-1;1,359745E-1;1,262617E-1;9,248569E-1;;
02/12/2021  12:05:23,839458;9,276846E-1;9,201048E-2;6,781430E-2;9,244677E-1;;
02/12/2021  12:05:23,839558;9,288558E-1;6,747982E-2;9,466852E-2;9,241046E-1;;
02/12/2021  12:05:23,839658;9,290198E-1;1,283286E-1;1,212068E-1;9,237680E-1;;
02/12/2021  12:05:23,839758;9,282836E-1;1,426647E-1;1,733356E-1;9,234583E-1;;
02/12/2021  12:05:23,839858;9,289035E-1;1,095324E-1;9,150920E-2;9,231759E-1;;
02/12/2021  12:05:23,839958;9,293863E-1;1,018865E-1;1,044624E-1;9,229210E-1;;
02/12/2021  12:05:23,840058;9,303698E-1;1,442576E-1;1,600664E-1;9,226935E-1;;
02/12/2021  12:05:23,840158;9,305934E-1;1,503106E-1;1,436380E-1;9,224937E-1;;
02/12/2021  12:05:23,840258;9,308795E-1;1,280100E-1;1,275255E-1;9,223214E-1;;
02/12/2021  12:05:23,840358;9,307811E-1;9,424054E-2;1,461654E-1;9,221768E-1;;
02/12/2021  12:05:23,840458;9,324173E-1;1,318330E-1;1,338441E-1;9,220595E-1;;
02/12/2021  12:05:23,840558;9,328137E-1;1,276914E-1;1,272095E-1;9,219696E-1;;
02/12/2021  12:05:23,840658;9,336422E-1;1,270543E-1;1,259458E-1;9,219069E-1;;
02/12/2021  12:05:23,840758;9,338091E-1;1,184526E-1;1,057261E-1;9,218712E-1;;
02/12/2021  12:05:23,840858;9,347688E-1;1,289658E-1;1,546956E-1;9,218624E-1;;
02/12/2021  12:05:23,840958;9,361665E-1;1,429833E-1;1,973464E-1;9,218803E-1;;
02/12/2021  12:05:23,841058;9,374868E-1;1,382046E-1;1,388990E-1;9,219248E-1;;
02/12/2021  12:05:23,841158;9,384315E-1;1,308772E-1;1,310007E-1;9,219959E-1;;
02/12/2021  12:05:23,841258;9,391528E-1;1,168597E-1;1,167838E-1;9,220937E-1;;
02/12/2021  12:05:23,841358;9,403062E-1;1,210013E-1;1,158360E-1;9,222182E-1;;
02/12/2021  12:05:23,841458;9,423655E-1;1,509478E-1;1,505885E-1;9,223694E-1;;
02/12/2021  12:05:23,841558;9,442640E-1;1,216384E-1;1,249980E-1;9,225475E-1;;
02/12/2021  12:05:23,841658;9,448660E-1;1,276914E-1;1,278414E-1;9,227529E-1;;
02/12/2021  12:05:23,841758;9,453667E-1;1,273729E-1;1,265777E-1;9,229858E-1;;
02/12/2021  12:05:23,841858;9,456737E-1;1,130368E-1;1,016190E-1;9,232466E-1;;
02/12/2021  12:05:23,841958;9,475274E-1;1,270543E-1;1,202590E-1;9,235351E-1;;
02/12/2021  12:05:23,842058;9,485348E-1;1,108067E-1;1,183634E-1;9,238515E-1;;
02/12/2021  12:05:23,842158;9,488715E-1;1,104881E-1;1,196272E-1;9,241956E-1;;
02/12/2021  12:05:23,842258;9,490027E-1;1,503106E-1;1,145722E-1;9,245675E-1;;
02/12/2021  12:05:23,842358;9,494527E-1;1,098510E-1;1,208909E-1;9,249668E-1;;
02/12/2021  12:05:23,842458;9,511962E-1;1,057094E-1;1,265777E-1;9,253931E-1;;
02/12/2021  12:05:23,842558;9,512468E-1;1,073023E-1;1,167838E-1;9,258458E-1;;
02/12/2021  12:05:23,842658;9,516700E-1;9,965640E-2;1,101492E-1;9,263244E-1;;
02/12/2021  12:05:23,842758;9,506120E-1;1,347002E-1;1,164678E-1;9,268282E-1;;
02/12/2021  12:05:23,842858;9,511753E-1;1,095324E-1;1,177316E-1;9,273562E-1;;
02/12/2021  12:05:23,842958;9,521022E-1;1,044351E-1;1,104651E-1;9,279072E-1;;
02/12/2021  12:05:23,843058;9,518280E-1;8,659462E-2;1,019350E-1;9,284801E-1;;
02/12/2021  12:05:23,843158;9,522899E-1;9,742634E-2;1,136244E-1;9,290734E-1;;
02/12/2021  12:05:23,843258;9,518965E-1;1,108067E-1;1,237343E-1;9,296858E-1;;
02/12/2021  12:05:23,843358;9,522780E-1;9,328480E-2;1,142563E-1;9,303159E-1;;
02/12/2021  12:05:23,843458;9,530797E-1;8,914326E-2;8,455870E-2;9,309619E-1;;
02/12/2021  12:05:23,843558;9,533867E-1;-7,386482E-3;5,833634E-2;9,316225E-1;;
02/12/2021  12:05:23,843658;9,533450E-1;1,104881E-1;1,215227E-1;9,322960E-1;;
02/12/2021  12:05:23,843758;9,535357E-1;9,041758E-2;1,044624E-1;9,329809E-1;;
02/12/2021  12:05:23,843858;9,537712E-1;1,268406E-2;5,770448E-2;9,336757E-1;;
02/12/2021  12:05:23,843958;9,547040E-1;9,328480E-2;1,221546E-1;9,343788E-1;;
02/12/2021  12:05:23,844058;9,550676E-1;1,149482E-1;1,300529E-1;9,350886E-1;;
02/12/2021  12:05:23,844158;9,554371E-1;1,229127E-1;1,306848E-1;9,358039E-1;;
02/12/2021  12:05:23,844258;9,556130E-1;1,073023E-1;1,133085E-1;9,365233E-1;;
02/12/2021  12:05:23,844358;9,562567E-1;1,136739E-1;1,047783E-1;9,372455E-1;;
02/12/2021  12:05:23,844458;9,574399E-1;1,509478E-1;1,730197E-1;9,379692E-1;;
02/12/2021  12:05:23,844558;9,575979E-1;1,656025E-1;1,458495E-1;9,386935E-1;;
02/12/2021  12:05:23,844658;9,581284E-1;9,583344E-2;1,120448E-1;9,394172E-1;;
02/12/2021  12:05:23,844758;9,580628E-1;1,455319E-1;1,436380E-1;9,401396E-1;;
02/12/2021  12:05:23,844858;9,589420E-1;1,700626E-1;1,531159E-1;9,408596E-1;;
02/12/2021  12:05:23,844958;9,598063E-1;1,706997E-1;1,606983E-1;9,415764E-1;;
02/12/2021  12:05:23,845058;9,599821E-1;1,573194E-1;1,524841E-1;9,422893E-1;;
02/12/2021  12:05:23,845158;9,596990E-1;3,445238E-3;7,508074E-2;9,429977E-1;;
02/12/2021  12:05:23,845258;9,600298E-1;1,595494E-1;2,216732E-1;9,437007E-1;;
02/12/2021  12:05:23,845358;9,612577E-1;1,410718E-1;1,325804E-1;9,443978E-1;;
02/12/2021  12:05:23,845458;9,616213E-1;1,251428E-1;1,338441E-1;9,450883E-1;;
02/12/2021  12:05:23,845558;9,612606E-1;1,149482E-1;1,660692E-1;9,457718E-1;;
02/12/2021  12:05:23,845658;9,602533E-1;1,324701E-1;1,322644E-1;9,464476E-1;;
02/12/2021  12:05:23,845758;9,602026E-1;1,359745E-1;1,417424E-1;9,471151E-1;;
02/12/2021  12:05:23,845858;9,609894E-1;3,052454E-2;8,834988E-2;9,477736E-1;;
02/12/2021  12:05:23,845958;9,612636E-1;1,117624E-1;1,139404E-1;9,484222E-1;;
02/12/2021  12:05:23,846058;9,613143E-1;1,241871E-1;1,322644E-1;9,490603E-1;;
02/12/2021  12:05:23,846158;9,607808E-1;1,257800E-1;1,303688E-1;9,496874E-1;;
02/12/2021  12:05:23,846258;9,607600E-1;1,139925E-1;1,117289E-1;9,503028E-1;;
02/12/2021  12:05:23,846358;9,620504E-1;1,235499E-1;1,237343E-1;9,509059E-1;;
02/12/2021  12:05:23,846458;9,620355E-1;1,194084E-1;1,243661E-1;9,514962E-1;;
02/12/2021  12:05:23,846558;9,624408E-1;7,831154E-2;8,203124E-2;9,520733E-1;;
02/12/2021  12:05:23,846658;9,612994E-1;6,779840E-2;9,593225E-2;9,526369E-1;;
02/12/2021  12:05:23,846758;9,612577E-1;1,299215E-1;1,243661E-1;9,531867E-1;;
02/12/2021  12:05:23,846858;9,623634E-1;1,117624E-1;1,110970E-1;9,537221E-1;;
02/12/2021  12:05:23,846958;9,616004E-1;1,197269E-1;1,231024E-1;9,542429E-1;;
02/12/2021  12:05:23,847058;9,621130E-1;1,174969E-1;1,136244E-1;9,547488E-1;;
02/12/2021  12:05:23,847158;9,616570E-1;1,101695E-1;1,183634E-1;9,552394E-1;;
02/12/2021  12:05:23,847258;9,614126E-1;1,181340E-1;1,174156E-1;9,557146E-1;;
02/12/2021  12:05:23,847358;9,624230E-1;3,848904E-2;8,866581E-2;9,561741E-1;;
02/12/2021  12:05:23,847458;9,621667E-1;1,362931E-1;2,061925E-1;9,566176E-1;;
02/12/2021  12:05:23,847558;9,618001E-1;1,391603E-1;1,392149E-1;9,570453E-1;;
02/12/2021  12:05:23,847658;9,608076E-1;1,238685E-1;1,079377E-1;9,574569E-1;;
02/12/2021  12:05:23,847758;9,603397E-1;1,410718E-1;1,512204E-1;9,578522E-1;;
02/12/2021  12:05:23,847858;9,615974E-1;1,350188E-1;1,300529E-1;9,582310E-1;;
02/12/2021  12:05:23,847958;9,608583E-1;1,123996E-1;1,256299E-1;9,585930E-1;;
02/12/2021  12:05:23,848058;9,609269E-1;1,353374E-1;1,376353E-1;9,589382E-1;;
02/12/2021  12:05:23,848158;9,603934E-1;8,436456E-2;9,372073E-2;9,592666E-1;;
02/12/2021  12:05:23,848258;9,608821E-1;5,441804E-2;6,623464E-2;9,595780E-1;;
02/12/2021  12:05:23,848358;9,613083E-1;1,216384E-1;1,174156E-1;9,598724E-1;;
02/12/2021  12:05:23,848458;9,609894E-1;1,391603E-1;1,202590E-1;9,601500E-1;;
02/12/2021  12:05:23,848558;9,601967E-1;1,229127E-1;1,486929E-1;9,604110E-1;;
02/12/2021  12:05:23,848658;9,596096E-1;1,133553E-1;1,183634E-1;9,606553E-1;;
02/12/2021  12:05:23,848758;9,599672E-1;1,270543E-1;1,294210E-1;9,608831E-1;;
02/12/2021  12:05:23,848858;9,600208E-1;1,585937E-1;1,859729E-1;9,610944E-1;;
02/12/2021  12:05:23,848958;9,595142E-1;1,315144E-1;1,278414E-1;9,612894E-1;;
02/12/2021  12:05:23,849058;9,586737E-1;1,130368E-1;1,338441E-1;9,614681E-1;;
02/12/2021  12:05:23,849158;9,577409E-1;1,305587E-1;1,253139E-1;9,616306E-1;;
02/12/2021  12:05:23,849258;9,579167E-1;1,468062E-1;1,363715E-1;9,617769E-1;;
02/12/2021  12:05:23,849358;9,585456E-1;1,273729E-1;1,291051E-1;9,619069E-1;;
02/12/2021  12:05:23,849458;9,575174E-1;1,321516E-1;1,313166E-1;9,620207E-1;;
02/12/2021  12:05:23,849558;9,562150E-1;1,213198E-1;1,208909E-1;9,621184E-1;;
02/12/2021  12:05:23,849658;9,555325E-1;9,455912E-2;1,193112E-1;9,622001E-1;;
02/12/2021  12:05:23,849758;9,561822E-1;1,407532E-1;1,363715E-1;9,622654E-1;;
02/12/2021  12:05:23,849858;9,563461E-1;1,203641E-1;1,227865E-1;9,623146E-1;;
02/12/2021  12:05:23,849958;9,560511E-1;1,302401E-1;1,278414E-1;9,623476E-1;;
02/12/2021  12:05:23,850058;9,553507E-1;1,127182E-1;1,035146E-1;9,623646E-1;;
02/12/2021  12:05:23,850158;9,555981E-1;1,452133E-1;1,569071E-1;9,623660E-1;;
02/12/2021  12:05:23,850258;9,557352E-1;1,267357E-1;1,370034E-1;9,623519E-1;;
02/12/2021  12:05:23,850358;9,561196E-1;1,203641E-1;1,272095E-1;9,623227E-1;;
02/12/2021  12:05:23,850458;9,561345E-1;1,229127E-1;1,351078E-1;9,622790E-1;;
02/12/2021  12:05:23,850558;9,552404E-1;1,391603E-1;1,344760E-1;9,622212E-1;;
02/12/2021  12:05:23,850658;9,548530E-1;1,187712E-1;1,088855E-1;9,621500E-1;;
02/12/2021  12:05:23,850758;9,556040E-1;1,139925E-1;1,069899E-1;9,620658E-1;;
02/12/2021  12:05:23,850858;9,559140E-1;1,187712E-1;1,212068E-1;9,619692E-1;;
02/12/2021  12:05:23,850958;9,557382E-1;1,375674E-1;1,486929E-1;9,618610E-1;;
02/12/2021  12:05:23,851058;9,551600E-1;1,433019E-1;1,436380E-1;9,617417E-1;;
02/12/2021  12:05:23,851158;9,551570E-1;1,251428E-1;1,294210E-1;9,616122E-1;;
02/12/2021  12:05:23,851258;9,554342E-1;1,557265E-1;1,859729E-1;9,614732E-1;;
02/12/2021  12:05:23,851358;9,555564E-1;1,216384E-1;1,284732E-1;9,613252E-1;;
02/12/2021  12:05:23,851458;9,553507E-1;1,356559E-1;1,246821E-1;9,611692E-1;;
02/12/2021  12:05:23,851558;9,543642E-1;8,436456E-2;9,119327E-2;9,610058E-1;;
02/12/2021  12:05:23,851658;9,550914E-1;1,299215E-1;1,287892E-1;9,608356E-1;;
02/12/2021  12:05:23,851758;9,551123E-1;1,245056E-1;1,170997E-1;9,606594E-1;;
02/12/2021  12:05:23,851858;9,547099E-1;9,169190E-2;1,205749E-1;9,604777E-1;;
02/12/2021  12:05:23,851958;9,545103E-1;1,340630E-1;1,183634E-1;9,602913E-1;;
02/12/2021  12:05:23,852058;9,539917E-1;1,359745E-1;1,376353E-1;9,601008E-1;;
02/12/2021  12:05:23,852158;9,540990E-1;1,190898E-1;1,177316E-1;9,599067E-1;;
02/12/2021  12:05:23,852258;9,546831E-1;1,213198E-1;1,038306E-1;9,597094E-1;;
02/12/2021  12:05:23,852358;9,540781E-1;1,343816E-1;1,268936E-1;9,595095E-1;;
02/12/2021  12:05:23,852458;9,538933E-1;1,305587E-1;1,297370E-1;9,593077E-1;;
02/12/2021  12:05:23,852558;9,522542E-1;1,165411E-1;1,212068E-1;9,591043E-1;;
02/12/2021  12:05:23,852658;9,525701E-1;1,254614E-1;1,256299E-1;9,588995E-1;;
02/12/2021  12:05:23,852758;9,529039E-1;1,213198E-1;9,624818E-2;9,586937E-1;;
02/12/2021  12:05:23,852858;9,525045E-1;1,101695E-1;1,199431E-1;9,584870E-1;;
02/12/2021  12:05:23,852958;9,516671E-1;1,181340E-1;1,212068E-1;9,582796E-1;;
02/12/2021  12:05:23,853058;9,512170E-1;9,901924E-2;9,466852E-2;9,580717E-1;;
02/12/2021  12:05:23,853158;9,514584E-1;1,547707E-1;1,458495E-1;9,578634E-1;;
02/12/2021  12:05:23,853258;9,512021E-1;1,659210E-1;1,922915E-1;9,576547E-1;;
02/12/2021  12:05:23,853358;9,499832E-1;1,276914E-1;1,227865E-1;9,574457E-1;;
02/12/2021  12:05:23,853458;9,493871E-1;1,369303E-1;1,395309E-1;9,572363E-1;;
02/12/2021  12:05:23,853558;9,485050E-1;1,152668E-1;1,183634E-1;9,570263E-1;;
02/12/2021  12:05:23,853658;9,490116E-1;1,305587E-1;1,294210E-1;9,568155E-1;;
02/12/2021  12:05:23,853758;9,486927E-1;1,337445E-1;1,354238E-1;9,566038E-1;;
02/12/2021  12:05:23,853858;9,477509E-1;1,257800E-1;1,189953E-1;9,563907E-1;;
02/12/2021  12:05:23,853958;9,464933E-1;1,238685E-1;1,341600E-1;9,561763E-1;;
02/12/2021  12:05:23,854058;9,457065E-1;1,311958E-1;1,313166E-1;9,559600E-1;;
02/12/2021  12:05:23,854158;9,455038E-1;1,429833E-1;1,332122E-1;9,557415E-1;;
02/12/2021  12:05:23,854258;9,447557E-1;1,190898E-1;1,183634E-1;9,555201E-1;;
02/12/2021  12:05:23,854358;9,438974E-1;1,321516E-1;1,502726E-1;9,552955E-1;;
02/12/2021  12:05:23,854458;9,426368E-1;1,327887E-1;1,268936E-1;9,550670E-1;;
02/12/2021  12:05:23,854558;9,416145E-1;1,573194E-1;1,559593E-1;9,548341E-1;;
02/12/2021  12:05:23,854658;9,418976E-1;8,978042E-2;1,537478E-1;9,545960E-1;;
02/12/2021  12:05:23,854758;9,410006E-1;1,302401E-1;1,281573E-1;9,543522E-1;;
02/12/2021  12:05:23,854858;9,402823E-1;1,496735E-1;1,452176E-1;9,541019E-1;;
02/12/2021  12:05:23,854958;9,395492E-1;1,257800E-1;1,246821E-1;9,538448E-1;;
02/12/2021  12:05:23,855058;9,389382E-1;8,245308E-2;9,877564E-2;9,535801E-1;;
02/12/2021  12:05:23,855158;9,395283E-1;1,108067E-1;1,212068E-1;9,533076E-1;;
02/12/2021  12:05:23,855258;9,394001E-1;1,194084E-1;1,215227E-1;9,530267E-1;;
02/12/2021  12:05:23,855358;9,381961E-1;4,358632E-2;7,160549E-2;9,527373E-1;;
02/12/2021  12:05:23,855458;9,370755E-1;1,216384E-1;1,458495E-1;9,524393E-1;;
02/12/2021  12:05:23,855558;9,364139E-1;1,171783E-1;1,218387E-1;9,521324E-1;;
02/12/2021  12:05:23,855658;9,371202E-1;8,436456E-2;1,019350E-1;9,518164E-1;;
02/12/2021  12:05:23,855758;9,363364E-1;9,806350E-2;1,054102E-1;9,514911E-1;;
02/12/2021  12:05:23,855858;9,361010E-1;5,780180E-4;7,286922E-2;9,511565E-1;;
02/12/2021  12:05:23,855958;9,353410E-1;1,037979E-1;1,170997E-1;9,508128E-1;;
02/12/2021  12:05:23,856058;9,350400E-1;8,691320E-2;1,038306E-1;9,504599E-1;;
02/12/2021  12:05:23,856158;9,355228E-1;6,174538E-2;8,645429E-2;9,500981E-1;;
02/12/2021  12:05:23,856258;9,346853E-1;1,235499E-1;1,328963E-1;9,497275E-1;;
02/12/2021  12:05:23,856358;9,345214E-1;9,296622E-2;1,025668E-1;9,493484E-1;;
02/12/2021  12:05:23,856458;9,334992E-1;9,105474E-2;9,119327E-2;9,489612E-1;;
02/12/2021  12:05:23,856558;9,338091E-1;1,232313E-1;1,676488E-1;9,485662E-1;;
02/12/2021  12:05:23,856658;9,345601E-1;7,162136E-2;8,203124E-2;9,481638E-1;;
02/12/2021  12:05:23,856758;9,337882E-1;1,022050E-1;1,110970E-1;9,477544E-1;;
02/12/2021  12:05:23,856858;9,329418E-1;9,774492E-2;1,085695E-1;9,473388E-1;;
02/12/2021  12:05:23,856958;9,326051E-1;1,640096E-1;1,606983E-1;9,469174E-1;;
02/12/2021  12:05:23,857058;9,328524E-1;9,519628E-2;1,031987E-1;9,464907E-1;;
02/12/2021  12:05:23,857158;9,332518E-1;1,407532E-1;1,433221E-1;9,460592E-1;;
02/12/2021  12:05:23,857258;9,325872E-1;1,260985E-1;1,212068E-1;9,456237E-1;;
02/12/2021  12:05:23,857358;9,318630E-1;1,388417E-1;1,660692E-1;9,451848E-1;;
02/12/2021  12:05:23,857458;9,307215E-1;1,487177E-1;1,395309E-1;9,447430E-1;;
02/12/2021  12:05:23,857558;9,301284E-1;1,678325E-1;1,455336E-1;9,442989E-1;;
02/12/2021  12:05:23,857658;9,306291E-1;2,194425E-1;2,033491E-1;9,438526E-1;;
02/12/2021  12:05:23,857758;9,299079E-1;1,646467E-1;1,354238E-1;9,434047E-1;;
02/12/2021  12:05:23,857858;9,289274E-1;1,828058E-1;1,730197E-1;9,429554E-1;;
02/12/2021  12:05:23,857958;9,284773E-1;1,729298E-1;1,581709E-1;9,425050E-1;;
02/12/2021  12:05:23,858058;9,282151E-1;1,410718E-1;1,335282E-1;9,420538E-1;;
02/12/2021  12:05:23,858158;9,287575E-1;1,229127E-1;1,319485E-1;9,416020E-1;;
02/12/2021  12:05:23,858258;9,278604E-1;1,280100E-1;1,237343E-1;9,411499E-1;;
02/12/2021  12:05:23,858358;9,266713E-1;1,162226E-1;1,136244E-1;9,406978E-1;;
02/12/2021  12:05:23,858458;9,265998E-1;1,257800E-1;1,316326E-1;9,402458E-1;;
02/12/2021  12:05:23,858558;9,268650E-1;1,452133E-1;1,423743E-1;9,397942E-1;;
02/12/2021  12:05:23,858658;9,268680E-1;1,034794E-1;1,221546E-1;9,393431E-1;;
02/12/2021  12:05:23,858758;9,261825E-1;1,229127E-1;1,322644E-1;9,388928E-1;;
02/12/2021  12:05:23,858858;9,262689E-1;1,270543E-1;1,291051E-1;9,384437E-1;;
02/12/2021  12:05:23,858958;9,257474E-1;1,350188E-1;1,227865E-1;9,379960E-1;;
02/12/2021  12:05:23,859058;9,261915E-1;1,267357E-1;1,411105E-1;9,375501E-1;;
02/12/2021  12:05:23,859158;9,257235E-1;1,206827E-1;1,227865E-1;9,371063E-1;;
02/12/2021  12:05:23,859258;9,256252E-1;1,366117E-1;1,420583E-1;9,366650E-1;;
02/12/2021  12:05:23,859358;9,245940E-1;1,382046E-1;1,360556E-1;9,362265E-1;;
02/12/2021  12:05:23,859458;9,246238E-1;8,691320E-2;8,708615E-2;9,357911E-1;;
02/12/2021  12:05:23,859558;9,247073E-1;1,146297E-1;1,057261E-1;9,353591E-1;;
02/12/2021  12:05:23,859658;9,249278E-1;1,353374E-1;1,335282E-1;9,349307E-1;;
02/12/2021  12:05:23,859758;9,249576E-1;1,439390E-1;1,499566E-1;9,345063E-1;;
02/12/2021  12:05:23,859858;9,251245E-1;1,327887E-1;1,322644E-1;9,340862E-1;;
02/12/2021  12:05:23,859958;9,244599E-1;1,159040E-1;1,199431E-1;9,336709E-1;;
02/12/2021  12:05:23,860058;9,256669E-1;1,937424E-2;8,329497E-2;9,332609E-1;;
02/12/2021  12:05:23,860158;9,255954E-1;1,519035E-1;1,452176E-1;9,328565E-1;;
02/12/2021  12:05:23,860258;9,255119E-1;1,092138E-1;1,155200E-1;9,324584E-1;;
02/12/2021  12:05:23,860358;9,251036E-1;1,165411E-1;1,376353E-1;9,320671E-1;;
02/12/2021  12:05:23,860458;9,254702E-1;1,108067E-1;1,240502E-1;9,316830E-1;;
02/12/2021  12:05:23,860558;9,261944E-1;1,178155E-1;1,120448E-1;9,313068E-1;;
02/12/2021  12:05:23,860658;9,256192E-1;1,305587E-1;1,268936E-1;9,309389E-1;;
02/12/2021  12:05:23,860758;9,259352E-1;1,251428E-1;1,196272E-1;9,305798E-1;;
02/12/2021  12:05:23,860858;9,251871E-1;1,079395E-1;1,167838E-1;9,302300E-1;;
02/12/2021  12:05:23,860958;9,260186E-1;1,194084E-1;1,278414E-1;9,298898E-1;;
02/12/2021  12:05:23,861058;9,264120E-1;1,426647E-1;1,170997E-1;9,295597E-1;;
02/12/2021  12:05:23,861158;9,260275E-1;1,359745E-1;1,499566E-1;9,292400E-1;;
02/12/2021  12:05:23,861258;9,252407E-1;1,267357E-1;1,212068E-1;9,289312E-1;;
02/12/2021  12:05:23,861358;9,241857E-1;1,232313E-1;1,237343E-1;9,286334E-1;;
02/12/2021  12:05:23,861458;9,239950E-1;1,413904E-1;1,373193E-1;9,283465E-1;;
02/12/2021  12:05:23,861558;9,241589E-1;1,372488E-1;1,199431E-1;9,280705E-1;;
02/12/2021  12:05:23,861658;9,234526E-1;1,197269E-1;1,224705E-1;9,278051E-1;;
02/12/2021  12:05:23,861758;9,229698E-1;1,331073E-1;1,284732E-1;9,275500E-1;;
02/12/2021  12:05:23,861858;9,226002E-1;2,224146E-2;8,550650E-2;9,273049E-1;;
02/12/2021  12:05:23,861958;9,224333E-1;2,256004E-2;7,160549E-2;9,270694E-1;;
02/12/2021  12:05:23,862058;9,234257E-1;1,585937E-1;1,926074E-1;9,268430E-1;;
02/12/2021  12:05:23,862158;9,231188E-1;1,254614E-1;1,193112E-1;9,266253E-1;;
02/12/2021  12:05:23,862258;9,225734E-1;1,241871E-1;1,303688E-1;9,264162E-1;;
02/12/2021  12:05:23,862358;9,217001E-1;1,238685E-1;1,310007E-1;9,262153E-1;;
02/12/2021  12:05:23,862458;9,227671E-1;1,280100E-1;1,237343E-1;9,260221E-1;;
02/12/2021  12:05:23,862558;9,231545E-1;1,260985E-1;1,370034E-1;9,258364E-1;;
02/12/2021  12:05:23,862658;9,232946E-1;1,092138E-1;1,145722E-1;9,256578E-1;;
02/12/2021  12:05:23,862758;9,226389E-1;1,292843E-1;1,388990E-1;9,254864E-1;;
02/12/2021  12:05:23,862858;9,236433E-1;1,311958E-1;1,278414E-1;9,253218E-1;;
02/12/2021  12:05:23,862958;9,245732E-1;1,248242E-1;1,167838E-1;9,251641E-1;;
02/12/2021  12:05:23,863058;9,245553E-1;1,162226E-1;1,234183E-1;9,250133E-1;;
02/12/2021  12:05:23,863158;9,245493E-1;1,436204E-1;1,430061E-1;9,248695E-1;;
02/12/2021  12:05:23,863258;9,249874E-1;1,455319E-1;1,455336E-1;9,247330E-1;;
02/12/2021  12:05:23,863358;9,245255E-1;1,047537E-1;1,082536E-1;9,246038E-1;;
02/12/2021  12:05:23,863458;9,258606E-1;5,983390E-2;8,424277E-2;9,244821E-1;;
02/12/2021  12:05:23,863558;9,265521E-1;1,302401E-1;1,319485E-1;9,243682E-1;;
02/12/2021  12:05:23,863658;9,267845E-1;1,413904E-1;1,385831E-1;9,242622E-1;;
02/12/2021  12:05:23,863758;9,268531E-1;1,337445E-1;1,344760E-1;9,241646E-1;;
02/12/2021  12:05:23,863858;9,277144E-1;1,490363E-1;1,531159E-1;9,240758E-1;;
02/12/2021  12:05:23,863958;9,293506E-1;1,388417E-1;1,407946E-1;9,239961E-1;;
02/12/2021  12:05:23,864058;9,300599E-1;1,162226E-1;1,215227E-1;9,239261E-1;;
02/12/2021  12:05:23,864158;9,300271E-1;1,305587E-1;1,341600E-1;9,238665E-1;;
02/12/2021  12:05:23,864258;9,308377E-1;1,343816E-1;1,597505E-1;9,238179E-1;;
02/12/2021  12:05:23,864358;9,312967E-1;1,260985E-1;1,164678E-1;9,237810E-1;;
02/12/2021  12:05:23,864458;9,329299E-1;1,334259E-1;1,303688E-1;9,237563E-1;;
02/12/2021  12:05:23,864558;9,335945E-1;1,347002E-1;1,347919E-1;9,237445E-1;;
02/12/2021  12:05:23,864658;9,335379E-1;1,331073E-1;1,417424E-1;9,237464E-1;;
02/12/2021  12:05:23,864758;9,341667E-1;1,143111E-1;1,249980E-1;9,237627E-1;;
02/12/2021  12:05:23,864858;9,350549E-1;1,210013E-1;1,249980E-1;9,237938E-1;;
02/12/2021  12:05:23,864958;9,362261E-1;1,308772E-1;1,338441E-1;9,238404E-1;;
02/12/2021  12:05:23,865058;9,367000E-1;1,203641E-1;1,297370E-1;9,239030E-1;;
02/12/2021  12:05:23,865158;9,367328E-1;1,213198E-1;1,243661E-1;9,239822E-1;;
02/12/2021  12:05:23,865258;9,361635E-1;1,267357E-1;9,435259E-2;9,240784E-1;;
02/12/2021  12:05:23,865358;9,367864E-1;1,442576E-1;1,404787E-1;9,241917E-1;;
02/12/2021  12:05:23,865458;9,379994E-1;1,334259E-1;1,442698E-1;9,243223E-1;;
02/12/2021  12:05:23,865558;9,382885E-1;1,270543E-1;1,278414E-1;9,244701E-1;;
02/12/2021  12:05:23,865658;9,382885E-1;1,241871E-1;1,272095E-1;9,246352E-1;;
02/12/2021  12:05:23,865758;9,386402E-1;6,365686E-2;8,834988E-2;9,248176E-1;;
02/12/2021  12:05:23,865858;9,398919E-1;8,404598E-2;1,218387E-1;9,250171E-1;;
02/12/2021  12:05:23,865958;9,409141E-1;1,251428E-1;1,133085E-1;9,252336E-1;;
02/12/2021  12:05:23,866058;9,410244E-1;1,254614E-1;1,092014E-1;9,254669E-1;;
02/12/2021  12:05:23,866158;9,413105E-1;1,197269E-1;1,787064E-1;9,257170E-1;;
02/12/2021  12:05:23,866258;9,410840E-1;1,308772E-1;1,310007E-1;9,259837E-1;;
02/12/2021  12:05:23,866358;9,424252E-1;1,292843E-1;1,142563E-1;9,262666E-1;;
02/12/2021  12:05:23,866458;9,441090E-1;9,201048E-2;1,859729E-1;9,265654E-1;;
02/12/2021  12:05:23,866558;9,442044E-1;1,082581E-1;9,593225E-2;9,268799E-1;;
02/12/2021  12:05:23,866658;9,440584E-1;1,359745E-1;1,366875E-1;9,272100E-1;;
02/12/2021  12:05:23,866758;9,440137E-1;1,496735E-1;1,357397E-1;9,275553E-1;;
02/12/2021  12:05:23,866858;9,454144E-1;1,133553E-1;1,085695E-1;9,279154E-1;;
02/12/2021  12:05:23,866958;9,460969E-1;1,181340E-1;1,306848E-1;9,282899E-1;;
02/12/2021  12:05:23,867058;9,461535E-1;1,334259E-1;1,366875E-1;9,286783E-1;;
02/12/2021  12:05:23,867158;9,458287E-1;1,340630E-1;1,117289E-1;9,290802E-1;;
02/12/2021  12:05:23,867258;9,461535E-1;1,002936E-1;1,316326E-1;9,294951E-1;;
02/12/2021  12:05:23,867358;9,467973E-1;1,366117E-1;1,338441E-1;9,299223E-1;;
02/12/2021  12:05:23,867458;9,476228E-1;1,324701E-1;1,328963E-1;9,303609E-1;;
02/12/2021  12:05:23,867558;9,475185E-1;1,203641E-1;1,202590E-1;9,308105E-1;;
02/12/2021  12:05:23,867658;9,471042E-1;1,315144E-1;1,142563E-1;9,312703E-1;;
02/12/2021  12:05:23,867758;9,481801E-1;1,439390E-1;1,509044E-1;9,317395E-1;;
02/12/2021  12:05:23,867858;9,494408E-1;1,254614E-1;1,357397E-1;9,322174E-1;;
02/12/2021  12:05:23,867958;9,499146E-1;1,369303E-1;1,388990E-1;9,327032E-1;;
02/12/2021  12:05:23,868058;9,505316E-1;1,369303E-1;1,401627E-1;9,331964E-1;;
02/12/2021  12:05:23,868158;9,501799E-1;1,350188E-1;1,284732E-1;9,336965E-1;;
02/12/2021  12:05:23,868258;9,510323E-1;9,583344E-2;9,435259E-2;9,342029E-1;;
02/12/2021  12:05:23,868358;9,525075E-1;1,120810E-1;1,025668E-1;9,347151E-1;;
02/12/2021  12:05:23,868458;9,521141E-1;1,251428E-1;1,284732E-1;9,352326E-1;;
02/12/2021  12:05:23,868558;9,519502E-1;1,104881E-1;1,265777E-1;9,357548E-1;;
02/12/2021  12:05:23,868658;9,522870E-1;1,885402E-1;1,534319E-1;9,362813E-1;;
02/12/2021  12:05:23,868758;9,526535E-1;1,025236E-1;1,095173E-1;9,368114E-1;;
02/12/2021  12:05:23,868858;9,541318E-1;1,235499E-1;1,477451E-1;9,373445E-1;;
02/12/2021  12:05:23,868958;9,538546E-1;9,296622E-2;1,054102E-1;9,378800E-1;;
02/12/2021  12:05:23,869058;9,536639E-1;9,933782E-2;8,803395E-2;9,384175E-1;;
02/12/2021  12:05:23,869158;9,538874E-1;1,123996E-1;1,231024E-1;9,389564E-1;;
02/12/2021  12:05:23,869258;9,535834E-1;1,216384E-1;1,316326E-1;9,394961E-1;;
02/12/2021  12:05:23,869358;9,547070E-1;9,933782E-2;1,044624E-1;9,400359E-1;;
02/12/2021  12:05:23,869458;9,540185E-1;1,082581E-1;1,212068E-1;9,405750E-1;;
02/12/2021  12:05:23,869558;9,541318E-1;1,037979E-1;1,133085E-1;9,411129E-1;;
02/12/2021  12:05:23,869658;9,536370E-1;9,424054E-2;1,133085E-1;9,416487E-1;;
02/12/2021  12:05:23,869758;9,546027E-1;1,123996E-1;1,189953E-1;9,421817E-1;;
02/12/2021  12:05:23,869858;9,551033E-1;7,608148E-2;6,307532E-2;9,427112E-1;;
02/12/2021  12:05:23,869958;9,549573E-1;1,025236E-1;9,751191E-2;9,432364E-1;;
02/12/2021  12:05:23,870058;9,544209E-1;8,277166E-2;9,782784E-2;9,437568E-1;;
02/12/2021  12:05:23,870158;9,546980E-1;1,178155E-1;1,281573E-1;9,442717E-1;;
02/12/2021  12:05:23,870258;9,553358E-1;1,002936E-1;1,180475E-1;9,447804E-1;;
02/12/2021  12:05:23,870358;9,552583E-1;1,015679E-1;1,224705E-1;9,452823E-1;;
02/12/2021  12:05:23,870458;9,551808E-1;1,047537E-1;1,152041E-1;9,457769E-1;;
02/12/2021  12:05:23,870558;9,548202E-1;1,184526E-1;1,284732E-1;9,462636E-1;;
02/12/2021  12:05:23,870658;9,545937E-1;1,382046E-1;1,395309E-1;9,467418E-1;;
02/12/2021  12:05:23,870758;9,554908E-1;1,528593E-1;1,354238E-1;9,472109E-1;;
02/12/2021  12:05:23,870858;9,562031E-1;2,044692E-1;1,584868E-1;9,476705E-1;;
02/12/2021  12:05:23,870958;9,560868E-1;1,605052E-1;1,354238E-1;9,481201E-1;;
02/12/2021  12:05:23,871058;9,558752E-1;1,668768E-1;1,562753E-1;9,485595E-1;;
02/12/2021  12:05:23,871158;9,546831E-1;1,770713E-1;1,546956E-1;9,489885E-1;;
02/12/2021  12:05:23,871258;9,554193E-1;1,563636E-1;1,461654E-1;9,494065E-1;;
02/12/2021  12:05:23,871358;9,557769E-1;1,675139E-1;1,641736E-1;9,498132E-1;;
02/12/2021  12:05:23,871458;9,551808E-1;1,675139E-1;1,588027E-1;9,502083E-1;;
02/12/2021  12:05:23,871558;9,550348E-1;1,560451E-1;1,546956E-1;9,505915E-1;;
02/12/2021  12:05:23,871658;9,538844E-1;1,366117E-1;1,404787E-1;9,509624E-1;;
02/12/2021  12:05:23,871758;9,548441E-1;1,073023E-1;1,050943E-1;9,513207E-1;;
02/12/2021  12:05:23,871858;9,547547E-1;1,280100E-1;1,351078E-1;9,516658E-1;;
02/12/2021  12:05:23,871958;9,532943E-1;1,394789E-1;1,360556E-1;9,519976E-1;;
02/12/2021  12:05:23,872058;9,523555E-1;1,273729E-1;1,237343E-1;9,523156E-1;;
02/12/2021  12:05:23,872158;9,523972E-1;3,530324E-2;8,613836E-2;9,526192E-1;;
02/12/2021  12:05:23,872258;9,523913E-1;1,321516E-1;1,537478E-1;9,529081E-1;;
02/12/2021  12:05:23,872358;9,517773E-1;1,407532E-1;1,449017E-1;9,531815E-1;;
02/12/2021  12:05:23,872458;9,513094E-1;1,203641E-1;1,193112E-1;9,534392E-1;;
02/12/2021  12:05:23,872558;9,501888E-1;1,057094E-1;1,227865E-1;9,536805E-1;;
02/12/2021  12:05:23,872658;9,498789E-1;1,028422E-1;1,505885E-1;9,539051E-1;;
02/12/2021  12:05:23,872758;9,505435E-1;1,257800E-1;1,401627E-1;9,541123E-1;;
02/12/2021  12:05:23,872858;9,504541E-1;1,264171E-1;1,180475E-1;9,543019E-1;;
02/12/2021  12:05:23,872958;9,497120E-1;1,311958E-1;1,287892E-1;9,544736E-1;;
02/12/2021  12:05:23,873058;9,481533E-1;1,200455E-1;1,224705E-1;9,546271E-1;;
02/12/2021  12:05:23,873158;9,472264E-1;1,187712E-1;1,164678E-1;9,547622E-1;;
02/12/2021  12:05:23,873258;9,478195E-1;1,353374E-1;1,379512E-1;9,548785E-1;;
02/12/2021  12:05:23,873358;9,469761E-1;1,251428E-1;1,272095E-1;9,549757E-1;;
02/12/2021  12:05:23,873458;9,454919E-1;1,273729E-1;1,265777E-1;9,550534E-1;;
02/12/2021  12:05:23,873558;9,449733E-1;1,273729E-1;1,297370E-1;9,551114E-1;;
02/12/2021  12:05:23,873658;9,443713E-1;1,391603E-1;1,354238E-1;9,551492E-1;;
02/12/2021  12:05:23,873758;9,441358E-1;1,410718E-1;1,588027E-1;9,551666E-1;;
02/12/2021  12:05:23,873858;9,432418E-1;1,133553E-1;1,183634E-1;9,551632E-1;;
02/12/2021  12:05:23,873958;9,422374E-1;1,206827E-1;1,193112E-1;9,551389E-1;;
02/12/2021  12:05:23,874058;9,412390E-1;1,178155E-1;1,016190E-1;9,550935E-1;;
02/12/2021  12:05:23,874158;9,409082E-1;9,073616E-2;1,050943E-1;9,550265E-1;;
02/12/2021  12:05:23,874258;9,408754E-1;1,746276E-2;6,307532E-2;9,549379E-1;;
02/12/2021  12:05:23,874358;9,402644E-1;1,260985E-1;1,221546E-1;9,548276E-1;;
02/12/2021  12:05:23,874458;9,392183E-1;1,417090E-1;1,417424E-1;9,546956E-1;;
02/12/2021  12:05:23,874558;9,384912E-1;1,248242E-1;1,256299E-1;9,545419E-1;;
02/12/2021  12:05:23,874658;9,383064E-1;9,328480E-2;7,350108E-2;9,543666E-1;;
02/12/2021  12:05:23,874758;9,381752E-1;1,168597E-1;1,060421E-1;9,541698E-1;;
02/12/2021  12:05:23,874858;9,381484E-1;1,111253E-1;1,224705E-1;9,539517E-1;;
02/12/2021  12:05:23,874958;9,364496E-1;1,238685E-1;1,291051E-1;9,537128E-1;;
02/12/2021  12:05:23,875058;9,351502E-1;1,359745E-1;1,319485E-1;9,534534E-1;;
02/12/2021  12:05:23,875158;9,353320E-1;1,324701E-1;1,186794E-1;9,531737E-1;;
02/12/2021  12:05:23,875258;9,352039E-1;1,066652E-1;1,104651E-1;9,528740E-1;;
02/12/2021  12:05:23,875358;9,336929E-1;9,933782E-2;1,028828E-1;9,525548E-1;;
02/12/2021  12:05:23,875458;9,330312E-1;1,362931E-1;1,316326E-1;9,522164E-1;;
02/12/2021  12:05:23,875558;9,319583E-1;1,273729E-1;1,259458E-1;9,518592E-1;;
02/12/2021  12:05:23,875658;9,323637E-1;1,194084E-1;1,385831E-1;9,514835E-1;;
02/12/2021  12:05:23,875758;9,318600E-1;1,037979E-1;1,284732E-1;9,510898E-1;;
02/12/2021  12:05:23,875858;9,309689E-1;1,515849E-1;1,493248E-1;9,506785E-1;;
02/12/2021  12:05:23,875958;9,298095E-1;1,168597E-1;1,221546E-1;9,502504E-1;;
02/12/2021  12:05:23,876058;9,288588E-1;2,032998E-2;1,445858E-1;9,498058E-1;;
02/12/2021  12:05:23,876158;9,293446E-1;1,060280E-1;9,909157E-2;9,493452E-1;;
02/12/2021  12:05:23,876258;9,296754E-1;1,442576E-1;1,445858E-1;9,488692E-1;;
02/12/2021  12:05:23,876358;9,287068E-1;1,324701E-1;1,351078E-1;9,483786E-1;;
02/12/2021  12:05:23,876458;9,280214E-1;8,149734E-2;9,214107E-2;9,478741E-1;;
02/12/2021  12:05:23,876558;9,274104E-1;9,137332E-2;1,025668E-1;9,473565E-1;;
02/12/2021  12:05:23,876658;9,284565E-1;1,248242E-1;1,407946E-1;9,468266E-1;;
02/12/2021  12:05:23,876758;9,279469E-1;1,366117E-1;1,322644E-1;9,462854E-1;;
02/12/2021  12:05:23,876858;9,268114E-1;1,283286E-1;1,708081E-1;9,457338E-1;;
02/12/2021  12:05:23,876958;9,261110E-1;1,241871E-1;1,253139E-1;9,451729E-1;;
02/12/2021  12:05:23,877058;9,253421E-1;1,009307E-1;1,436380E-1;9,446034E-1;;
02/12/2021  12:05:23,877158;9,254941E-1;1,206827E-1;1,054102E-1;9,440261E-1;;
02/12/2021  12:05:23,877258;9,255567E-1;1,378860E-1;1,357397E-1;9,434420E-1;;
02/12/2021  12:05:23,877358;9,248622E-1;1,139925E-1;1,360556E-1;9,428518E-1;;
02/12/2021  12:05:23,877458;9,238579E-1;1,152668E-1;1,202590E-1;9,422564E-1;;
02/12/2021  12:05:23,877558;9,236463E-1;1,292843E-1;1,316326E-1;9,416567E-1;;
02/12/2021  12:05:23,877658;9,238609E-1;1,420275E-1;1,493248E-1;9,410534E-1;;
02/12/2021  12:05:23,877758;9,239711E-1;1,229127E-1;1,243661E-1;9,404472E-1;;
02/12/2021  12:05:23,877858;9,232797E-1;1,165411E-1;1,196272E-1;9,398392E-1;;
02/12/2021  12:05:23,877958;9,225227E-1;1,324701E-1;1,603824E-1;9,392300E-1;;
02/12/2021  12:05:23,878058;9,218700E-1;1,286472E-1;1,322644E-1;9,386206E-1;;
02/12/2021  12:05:23,878158;9,228327E-1;6,333828E-2;1,057261E-1;9,380116E-1;;
02/12/2021  12:05:23,878258;9,222932E-1;1,197269E-1;1,170997E-1;9,374037E-1;;
02/12/2021  12:05:23,878358;9,225823E-1;1,088952E-1;1,076217E-1;9,367979E-1;;
02/12/2021  12:05:23,878458;9,214826E-1;1,480806E-1;1,458495E-1;9,361948E-1;;
02/12/2021  12:05:23,878558;9,219475E-1;1,289658E-1;1,088855E-1;9,355954E-1;;
02/12/2021  12:05:23,878658;9,228982E-1;1,162226E-1;9,403666E-2;9,350002E-1;;
02/12/2021  12:05:23,878758;9,227403E-1;1,079395E-1;1,395309E-1;9,344104E-1;;
02/12/2021  12:05:23,878858;9,220727E-1;1,276914E-1;1,322644E-1;9,338267E-1;;
02/12/2021  12:05:23,878958;9,210087E-1;1,114439E-1;1,186794E-1;9,332500E-1;;
02/12/2021  12:05:23,879058;9,216018E-1;6,365686E-2;8,803395E-2;9,326811E-1;;
02/12/2021  12:05:23,879158;9,220101E-1;8,149734E-2;8,013565E-2;9,321205E-1;;
02/12/2021  12:05:23,879258;9,223946E-1;1,474434E-1;1,414265E-1;9,315689E-1;;
02/12/2021  12:05:23,879358;9,220906E-1;1,391603E-1;1,392149E-1;9,310272E-1;;
02/12/2021  12:05:23,879458;9,219922E-1;1,194084E-1;1,246821E-1;9,304960E-1;;
02/12/2021  12:05:23,879558;9,224959E-1;7,799296E-2;1,019350E-1;9,299760E-1;;
02/12/2021  12:05:23,879658;9,230651E-1;1,289658E-1;1,663851E-1;9,294679E-1;;
02/12/2021  12:05:23,879758;9,233691E-1;1,490363E-1;1,310007E-1;9,289724E-1;;
02/12/2021  12:05:23,879858;9,227224E-1;1,557265E-1;1,670170E-1;9,284904E-1;;
02/12/2021  12:05:23,879958;9,221442E-1;1,353374E-1;1,354238E-1;9,280224E-1;;
02/12/2021  12:05:23,880058;9,234794E-1;1,117624E-1;1,136244E-1;9,275690E-1;;
02/12/2021  12:05:23,880158;9,238400E-1;1,299215E-1;1,467973E-1;9,271306E-1;;
02/12/2021  12:05:23,880258;9,239592E-1;1,448948E-1;1,407946E-1;9,267079E-1;;
02/12/2021  12:05:23,880358;9,237715E-1;1,229127E-1;1,382671E-1;9,263013E-1;;
02/12/2021  12:05:23,880458;9,238638E-1;1,139925E-1;1,076217E-1;9,259115E-1;;
02/12/2021  12:05:23,880558;9,256520E-1;6,078964E-2;8,866581E-2;9,255388E-1;;
02/12/2021  12:05:23,880658;9,257593E-1;1,433019E-1;1,426902E-1;9,251838E-1;;
02/12/2021  12:05:23,880758;9,261736E-1;1,292843E-1;1,284732E-1;9,248470E-1;;
02/12/2021  12:05:23,880858;9,250142E-1;1,190898E-1;1,155200E-1;9,245290E-1;;
02/12/2021  12:05:23,880958;9,245016E-1;1,289658E-1;1,366875E-1;9,242301E-1;;
02/12/2021  12:05:23,881058;9,252467E-1;1,608238E-1;1,761790E-1;9,239504E-1;;
02/12/2021  12:05:23,881158;9,263226E-1;1,334259E-1;1,319485E-1;9,236899E-1;;
02/12/2021  12:05:23,881258;9,264239E-1;1,200455E-1;1,189953E-1;9,234488E-1;;
02/12/2021  12:05:23,881358;9,261974E-1;1,343816E-1;1,291051E-1;9,232272E-1;;
02/12/2021  12:05:23,881458;9,260275E-1;1,375674E-1;1,474292E-1;9,230250E-1;;
02/12/2021  12:05:23,881558;9,274849E-1;1,359745E-1;1,351078E-1;9,228423E-1;;
02/12/2021  12:05:23,881658;9,278992E-1;1,260985E-1;1,297370E-1;9,226789E-1;;
02/12/2021  12:05:23,881758;9,283879E-1;1,222756E-1;1,316326E-1;9,225351E-1;;
02/12/2021  12:05:23,881858;9,284058E-1;1,168597E-1;1,313166E-1;9,224107E-1;;
02/12/2021  12:05:23,881958;9,281525E-1;1,190898E-1;1,155200E-1;9,223058E-1;;
02/12/2021  12:05:23,882058;9,296903E-1;1,162226E-1;1,104651E-1;9,222203E-1;;
02/12/2021  12:05:23,882158;9,306649E-1;1,069837E-1;1,202590E-1;9,221541E-1;;
02/12/2021  12:05:23,882258;9,302268E-1;9,710776E-2;1,126766E-1;9,221072E-1;;
02/12/2021  12:05:23,882358;9,304294E-1;1,130368E-1;1,186794E-1;9,220796E-1;;
02/12/2021  12:05:23,882458;9,313504E-1;1,114439E-1;1,174156E-1;9,220712E-1;;
02/12/2021  12:05:23,882558;9,328465E-1;9,742634E-2;1,180475E-1;9,220819E-1;;
02/12/2021  12:05:23,882658;9,331058E-1;1,022050E-1;1,142563E-1;9,221117E-1;;
02/12/2021  12:05:23,882758;9,337465E-1;1,079395E-1;1,164678E-1;9,221606E-1;;
02/12/2021  12:05:23,882858;9,333680E-1;9,009900E-2;8,266311E-2;9,222286E-1;;
02/12/2021  12:05:23,882958;9,342800E-1;9,073616E-2;1,003553E-1;9,223155E-1;;
02/12/2021  12:05:23,883058;9,350131E-1;1,136739E-1;1,395309E-1;9,224214E-1;;
02/12/2021  12:05:23,883158;9,359519E-1;1,012493E-1;1,202590E-1;9,225459E-1;;
02/12/2021  12:05:23,883258;9,362887E-1;1,012493E-1;1,177316E-1;9,226889E-1;;
02/12/2021  12:05:23,883358;9,361427E-1;9,360338E-2;1,098333E-1;9,228505E-1;;
02/12/2021  12:05:23,883458;9,372215E-1;1,215178E-3;4,759465E-2;9,230302E-1;;
02/12/2021  12:05:23,883558;9,384435E-1;1,085766E-1;1,120448E-1;9,232279E-1;;
02/12/2021  12:05:23,883658;9,390902E-1;1,037979E-1;9,435259E-2;9,234434E-1;;
02/12/2021  12:05:23,883758;9,392720E-1;1,194084E-1;1,325804E-1;9,236766E-1;;
02/12/2021  12:05:23,883858;9,393256E-1;1,210013E-1;1,325804E-1;9,239273E-1;;
02/12/2021  12:05:23,883958;9,408337E-1;1,127182E-1;1,066739E-1;9,241951E-1;;
02/12/2021  12:05:23,884058;9,423477E-1;1,299215E-1;1,294210E-1;9,244800E-1;;
02/12/2021  12:05:23,884158;9,425801E-1;1,362931E-1;1,202590E-1;9,247816E-1;;
02/12/2021  12:05:23,884258;9,424937E-1;1,550893E-1;1,275255E-1;9,251000E-1;;
02/12/2021  12:05:23,884358;9,429258E-1;1,522221E-1;1,272095E-1;9,254349E-1;;
02/12/2021  12:05:23,884458;9,443176E-1;1,681511E-1;1,531159E-1;9,257859E-1;;
02/12/2021  12:05:23,884558;9,460075E-1;1,780271E-1;1,806020E-1;9,261528E-1;;
02/12/2021  12:05:23,884658;9,462161E-1;1,678325E-1;1,591187E-1;9,265355E-1;;
02/12/2021  12:05:23,884758;9,457124E-1;1,308772E-1;1,148882E-1;9,269337E-1;;
02/12/2021  12:05:23,884858;9,455336E-1;6,970988E-2;1,449017E-1;9,273472E-1;;
02/12/2021  12:05:23,884958;9,467466E-1;1,302401E-1;1,347919E-1;9,277755E-1;;
02/12/2021  12:05:23,885058;9,479357E-1;1,270543E-1;1,272095E-1;9,282179E-1;;
02/12/2021  12:05:23,885158;9,481563E-1;1,270543E-1;1,297370E-1;9,286741E-1;;
02/12/2021  12:05:23,885258;9,481831E-1;1,073023E-1;1,028828E-1;9,291435E-1;;
02/12/2021  12:05:23,885358;9,485348E-1;1,646467E-1;1,496407E-1;9,296256E-1;;
02/12/2021  12:05:23,885458;9,499474E-1;1,410718E-1;1,556434E-1;9,301198E-1;;
02/12/2021  12:05:23,885558;9,507372E-1;1,232313E-1;1,281573E-1;9,306256E-1;;
02/12/2021  12:05:23,885658;9,513601E-1;1,206827E-1;1,433221E-1;9,311423E-1;;
02/12/2021  12:05:23,885758;9,514257E-1;1,187712E-1;1,199431E-1;9,316697E-1;;
02/12/2021  12:05:23,885858;9,521856E-1;1,544522E-1;1,316326E-1;9,322071E-1;;
02/12/2021  12:05:23,885958;9,534135E-1;1,034794E-1;9,024547E-2;9,327541E-1;;
02/12/2021  12:05:23,886058;9,544596E-1;1,206827E-1;1,224705E-1;9,333103E-1;;
02/12/2021  12:05:23,886158;9,536519E-1;1,260985E-1;1,300529E-1;9,338752E-1;;
02/12/2021  12:05:23,886258;9,544834E-1;1,340630E-1;1,344760E-1;9,344483E-1;;
02/12/2021  12:05:23,886358;9,551004E-1;1,318330E-1;1,328963E-1;9,350292E-1;;
02/12/2021  12:05:23,886458;9,561166E-1;1,292843E-1;1,436380E-1;9,356173E-1;;
02/12/2021  12:05:23,886558;9,569899E-1;1,146297E-1;1,164678E-1;9,362121E-1;;
02/12/2021  12:05:23,886658;9,566769E-1;1,168597E-1;1,022509E-1;9,368132E-1;;
02/12/2021  12:05:23,886758;9,562150E-1;1,347002E-1;1,322644E-1;9,374201E-1;;
02/12/2021  12:05:23,886858;9,554371E-1;1,289658E-1;1,237343E-1;9,380320E-1;;
02/12/2021  12:05:23,886958;9,566591E-1;8,659462E-2;8,740209E-2;9,386482E-1;;
02/12/2021  12:05:23,887058;9,562478E-1;1,187712E-1;1,297370E-1;9,392677E-1;;
02/12/2021  12:05:23,887158;9,554848E-1;1,245056E-1;1,189953E-1;9,398895E-1;;
02/12/2021  12:05:23,887258;9,545997E-1;1,340630E-1;1,417424E-1;9,405125E-1;;
02/12/2021  12:05:23,887358;9,548202E-1;1,111253E-1;1,120448E-1;9,411354E-1;;
02/12/2021  12:05:23,887458;9,548917E-1;3,052454E-2;4,917431E-2;9,417570E-1;;
02/12/2021  12:05:23,887558;9,553060E-1;1,356559E-1;1,066739E-1;9,423758E-1;;
02/12/2021  12:05:23,887658;9,544715E-1;1,439390E-1;1,344760E-1;9,429906E-1;;
02/12/2021  12:05:23,887758;9,539947E-1;1,238685E-1;1,180475E-1;9,436002E-1;;
02/12/2021  12:05:23,887858;9,542391E-1;1,053908E-1;1,212068E-1;9,442032E-1;;
02/12/2021  12:05:23,887958;9,541765E-1;1,245056E-1;1,370034E-1;9,447984E-1;;
02/12/2021  12:05:23,888058;9,540245E-1;1,155854E-1;1,117289E-1;9,453844E-1;;
02/12/2021  12:05:23,888158;9,539500E-1;1,302401E-1;1,287892E-1;9,459602E-1;;
02/12/2021  12:05:23,888258;9,531155E-1;1,133553E-1;1,114129E-1;9,465245E-1;;
02/12/2021  12:05:23,888358;9,539440E-1;5,441804E-2;1,076217E-1;9,470763E-1;;
02/12/2021  12:05:23,888458;9,547874E-1;1,394789E-1;1,398468E-1;9,476146E-1;;
02/12/2021  12:05:23,888558;9,545729E-1;1,299215E-1;1,215227E-1;9,481386E-1;;
02/12/2021  12:05:23,888658;9,539082E-1;1,155854E-1;1,338441E-1;9,486476E-1;;
02/12/2021  12:05:23,888758;9,531811E-1;1,190898E-1;1,152041E-1;9,491409E-1;;
02/12/2021  12:05:23,888858;9,535446E-1;1,210013E-1;1,240502E-1;9,496180E-1;;
02/12/2021  12:05:23,888958;9,543136E-1;1,321516E-1;1,417424E-1;9,500780E-1;;
02/12/2021  12:05:23,889058;9,540483E-1;1,324701E-1;1,227865E-1;9,505206E-1;;
02/12/2021  12:05:23,889158;9,526506E-1;1,174969E-1;1,240502E-1;9,509454E-1;;
02/12/2021  12:05:23,889258;9,520277E-1;1,187712E-1;1,224705E-1;9,513519E-1;;
02/12/2021  12:05:23,889358;9,531572E-1;1,146297E-1;1,199431E-1;9,517396E-1;;
02/12/2021  12:05:23,889458;9,532943E-1;1,241871E-1;1,297370E-1;9,521082E-1;;
02/12/2021  12:05:23,889558;9,535029E-1;1,197269E-1;1,227865E-1;9,524574E-1;;
02/12/2021  12:05:23,889658;9,523585E-1;1,022050E-1;1,126766E-1;9,527871E-1;;
02/12/2021  12:05:23,889758;9,525164E-1;3,339176E-2;2,832280E-2;9,530973E-1;;
02/12/2021  12:05:23,889858;9,532109E-1;1,407532E-1;1,689125E-1;9,533880E-1;;
02/12/2021  12:05:23,889958;9,533658E-1;1,311958E-1;1,193112E-1;9,536591E-1;;
02/12/2021  12:05:23,890058;9,530618E-1;1,251428E-1;1,227865E-1;9,539109E-1;;
02/12/2021  12:05:23,890158;9,523138E-1;1,423461E-1;1,398468E-1;9,541436E-1;;
02/12/2021  12:05:23,890258;9,527310E-1;1,308772E-1;1,281573E-1;9,543576E-1;;
02/12/2021  12:05:23,890358;9,534284E-1;1,168597E-1;1,253139E-1;9,545529E-1;;
02/12/2021  12:05:23,890458;9,536639E-1;1,251428E-1;1,212068E-1;9,547302E-1;;
02/12/2021  12:05:23,890558;9,529903E-1;1,139925E-1;1,227865E-1;9,548898E-1;;
02/12/2021  12:05:23,890658;9,524092E-1;1,423461E-1;1,351078E-1;9,550324E-1;;
02/12/2021  12:05:23,890758;9,523138E-1;1,375674E-1;1,202590E-1;9,551583E-1;;
02/12/2021  12:05:23,890858;9,524062E-1;1,276914E-1;1,281573E-1;9,552681E-1;;
02/12/2021  12:05:23,890958;9,525224E-1;1,181340E-1;1,278414E-1;9,553620E-1;;
02/12/2021  12:05:23,891058;9,517922E-1;1,385232E-1;1,445858E-1;9,554407E-1;;
02/12/2021  12:05:23,891158;9,507014E-1;7,799296E-2;1,186794E-1;9,555044E-1;;
02/12/2021  12:05:23,891258;9,504034E-1;9,997498E-2;1,092014E-1;9,555537E-1;;
02/12/2021  12:05:23,891358;9,508266E-1;1,315144E-1;1,291051E-1;9,555886E-1;;
02/12/2021  12:05:23,891458;9,498878E-1;1,337445E-1;1,284732E-1;9,556094E-1;;
02/12/2021  12:05:23,891558;9,493335E-1;1,391603E-1;1,300529E-1;9,556165E-1;;
02/12/2021  12:05:23,891658;9,480818E-1;1,149482E-1;1,139404E-1;9,556099E-1;;
02/12/2021  12:05:23,891758;9,481086E-1;1,292843E-1;1,300529E-1;9,555897E-1;;
02/12/2021  12:05:23,891858;9,478195E-1;1,439390E-1;1,644895E-1;9,555560E-1;;
02/12/2021  12:05:23,891958;9,477211E-1;1,155854E-1;1,177316E-1;9,555089E-1;;
02/12/2021  12:05:23,892058;9,469641E-1;1,302401E-1;1,249980E-1;9,554483E-1;;
02/12/2021  12:05:23,892158;9,461058E-1;1,283286E-1;1,287892E-1;9,553746E-1;;
02/12/2021  12:05:23,892258;9,457035E-1;1,267357E-1;1,297370E-1;9,552876E-1;;
02/12/2021  12:05:23,892358;9,471132E-1;1,302401E-1;1,212068E-1;9,551875E-1;;
02/12/2021  12:05:23,892458;9,472145E-1;1,025236E-1;8,550650E-2;9,550746E-1;;
02/12/2021  12:05:23,892558;9,458257E-1;1,257800E-1;1,322644E-1;9,549492E-1;;
02/12/2021  12:05:23,892658;9,449763E-1;1,232313E-1;1,196272E-1;9,548117E-1;;
02/12/2021  12:05:23,892758;9,451819E-1;1,069837E-1;8,550650E-2;9,546625E-1;;
02/12/2021  12:05:23,892858;9,459598E-1;1,257800E-1;1,442698E-1;9,545018E-1;;
02/12/2021  12:05:23,892958;9,459389E-1;1,841850E-2;7,981972E-2;9,543300E-1;;
02/12/2021  12:05:23,893058;9,455723E-1;1,340630E-1;1,328963E-1;9,541477E-1;;
02/12/2021  12:05:23,893158;9,452296E-1;1,194084E-1;1,183634E-1;9,539556E-1;;
02/12/2021  12:05:23,893258;9,460194E-1;1,034794E-1;1,559593E-1;9,537542E-1;;
02/12/2021  12:05:23,893358;9,467257E-1;1,315144E-1;1,509044E-1;9,535443E-1;;
02/12/2021  12:05:23,893458;9,459717E-1;1,283286E-1;1,243661E-1;9,533266E-1;;
02/12/2021  12:05:23,893558;9,454472E-1;1,267357E-1;1,341600E-1;9,531020E-1;;
02/12/2021  12:05:23,893658;9,450955E-1;1,155854E-1;1,575390E-1;9,528713E-1;;
02/12/2021  12:05:23,893758;9,453786E-1;6,907272E-2;9,277293E-2;9,526351E-1;;
02/12/2021  12:05:23,893858;9,458585E-1;1,302401E-1;1,313166E-1;9,523941E-1;;
02/12/2021  12:05:23,893958;9,458078E-1;1,302401E-1;1,303688E-1;9,521490E-1;;
02/12/2021  12:05:23,894058;9,453101E-1;9,360338E-2;8,613836E-2;9,519005E-1;;
02/12/2021  12:05:23,894158;9,444488E-1;5,983390E-2;1,521681E-1;9,516495E-1;;
02/12/2021  12:05:23,894258;9,456290E-1;1,668768E-1;1,591187E-1;9,513965E-1;;
02/12/2021  12:05:23,894358;9,455098E-1;1,327887E-1;1,246821E-1;9,511421E-1;;
02/12/2021  12:05:23,894458;9,453667E-1;1,165411E-1;1,237343E-1;9,508870E-1;;
02/12/2021  12:05:23,894558;9,450568E-1;1,394789E-1;1,328963E-1;9,506319E-1;;
02/12/2021  12:05:23,894658;9,443653E-1;6,015248E-2;9,308886E-2;9,503774E-1;;
02/12/2021  12:05:23,894758;9,451015E-1;9,933782E-2;1,193112E-1;9,501239E-1;;
02/12/2021  12:05:23,894858;9,453399E-1;1,104881E-1;1,170997E-1;9,498720E-1;;
02/12/2021  12:05:23,894958;9,452713E-1;1,152668E-1;1,300529E-1;9,496222E-1;;
02/12/2021  12:05:23,895058;9,450001E-1;1,232313E-1;1,272095E-1;9,493751E-1;;
02/12/2021  12:05:23,895158;9,449763E-1;1,079395E-1;1,189953E-1;9,491311E-1;;
02/12/2021  12:05:23,895258;9,455574E-1;1,076209E-1;1,142563E-1;9,488908E-1;;
02/12/2021  12:05:23,895358;9,461982E-1;1,159040E-1;1,256299E-1;9,486546E-1;;
02/12/2021  12:05:23,895458;9,452475E-1;1,037979E-1;1,123607E-1;9,484230E-1;;
02/12/2021  12:05:23,895558;9,447289E-1;4,900218E-2;1,028828E-1;9,481967E-1;;
02/12/2021  12:05:23,895658;9,444071E-1;1,022050E-1;1,006712E-1;9,479758E-1;;
02/12/2021  12:05:23,895758;9,449137E-1;1,343816E-1;1,588027E-1;9,477605E-1;;
02/12/2021  12:05:23,895858;9,447677E-1;1,136739E-1;1,237343E-1;9,475512E-1;;
02/12/2021  12:05:23,895958;9,448511E-1;1,085766E-1;1,152041E-1;9,473478E-1;;
02/12/2021  12:05:23,896058;9,439928E-1;9,806350E-2;1,227865E-1;9,471507E-1;;
02/12/2021  12:05:23,896158;9,439034E-1;9,901924E-2;1,158360E-1;9,469598E-1;;
02/12/2021  12:05:23,896258;9,449226E-1;9,360338E-2;9,056141E-2;9,467753E-1;;
02/12/2021  12:05:23,896358;9,444309E-1;1,286472E-1;1,774427E-1;9,465970E-1;;
02/12/2021  12:05:23,896458;9,437544E-1;9,487770E-2;1,057261E-1;9,464251E-1;;
02/12/2021  12:05:23,896558;9,425146E-1;8,340882E-2;9,435259E-2;9,462596E-1;;
02/12/2021  12:05:23,896658;9,426576E-1;1,022050E-1;1,019350E-1;9,461001E-1;;
02/12/2021  12:05:23,896758;9,429527E-1;7,863012E-2;1,069899E-1;9,459463E-1;;
02/12/2021  12:05:23,896858;9,423983E-1;1,114439E-1;1,265777E-1;9,457980E-1;;
02/12/2021  12:05:23,896958;9,424013E-1;1,216384E-1;1,347919E-1;9,456549E-1;;
02/12/2021  12:05:23,897058;9,413195E-1;1,235499E-1;1,370034E-1;9,455165E-1;;
02/12/2021  12:05:23,897158;9,416056E-1;1,480806E-1;1,420583E-1;9,453826E-1;;
02/12/2021  12:05:23,897258;9,417456E-1;1,369303E-1;1,291051E-1;9,452526E-1;;
02/12/2021  12:05:23,897358;9,408992E-1;1,337445E-1;9,466852E-2;9,451262E-1;;
02/12/2021  12:05:23,897458;9,403628E-1;1,605052E-1;1,439539E-1;9,450030E-1;;
02/12/2021  12:05:23,897558;9,387147E-1;1,869473E-1;1,534319E-1;9,448825E-1;;
02/12/2021  12:05:23,897658;9,393703E-1;1,777085E-1;1,584868E-1;9,447640E-1;;
02/12/2021  12:05:23,897758;9,390246E-1;1,863102E-1;1,960827E-1;9,446469E-1;;
02/12/2021  12:05:23,897858;9,384912E-1;1,483991E-1;1,300529E-1;9,445305E-1;;
02/12/2021  12:05:23,897958;9,375464E-1;1,531778E-1;1,562753E-1;9,444142E-1;;
02/12/2021  12:05:23,898058;9,367924E-1;1,525407E-1;1,480610E-1;9,442974E-1;;
02/12/2021  12:05:23,898158;9,371649E-1;1,401161E-1;1,338441E-1;9,441794E-1;;
02/12/2021  12:05:23,898258;9,379160E-1;1,305587E-1;1,291051E-1;9,440595E-1;;
02/12/2021  12:05:23,898358;9,370457E-1;1,187712E-1;1,183634E-1;9,439373E-1;;
02/12/2021  12:05:23,898458;9,361784E-1;1,327887E-1;1,502726E-1;9,438124E-1;;
02/12/2021  12:05:23,898558;9,348254E-1;1,560451E-1;1,509044E-1;9,436844E-1;;
02/12/2021  12:05:23,898658;9,359490E-1;1,162226E-1;1,240502E-1;9,435526E-1;;
02/12/2021  12:05:23,898758;9,356688E-1;1,088952E-1;1,158360E-1;9,434166E-1;;
02/12/2021  12:05:23,898858;9,359013E-1;1,280100E-1;1,328963E-1;9,432761E-1;;
02/12/2021  12:05:23,898958;9,342710E-1;9,201048E-2;1,035146E-1;9,431310E-1;;
02/12/2021  12:05:23,899058;9,346585E-1;1,289658E-1;1,316326E-1;9,429808E-1;;
02/12/2021  12:05:23,899158;9,355943E-1;1,280100E-1;1,322644E-1;9,428254E-1;;
02/12/2021  12:05:23,899258;9,357254E-1;1,155854E-1;1,278414E-1;9,426648E-1;;
02/12/2021  12:05:23,899358;9,353976E-1;1,509478E-1;1,714400E-1;9,424991E-1;;
02/12/2021  12:05:23,899458;9,345929E-1;1,200455E-1;1,101492E-1;9,423284E-1;;
02/12/2021  12:05:23,899558;9,343247E-1;1,245056E-1;1,294210E-1;9,421528E-1;;
02/12/2021  12:05:23,899658;9,345870E-1;1,152668E-1;1,101492E-1;9,419725E-1;;
02/12/2021  12:05:23,899758;9,353261E-1;1,340630E-1;1,328963E-1;9,417876E-1;;
02/12/2021  12:05:23,899858;9,351830E-1;1,483991E-1;1,531159E-1;9,415984E-1;;
02/12/2021  12:05:23,899958;9,346704E-1;1,327887E-1;1,287892E-1;9,414053E-1;;
02/12/2021  12:05:23,900058;9,348224E-1;1,229127E-1;1,231024E-1;9,412086E-1;;
02/12/2021  12:05:23,900158;9,358894E-1;1,778134E-2;8,424277E-2;9,410088E-1;;
02/12/2021  12:05:23,900258;9,361665E-1;1,302401E-1;1,360556E-1;9,408063E-1;;
02/12/2021  12:05:23,900358;9,356092E-1;1,194084E-1;1,249980E-1;9,406018E-1;;
02/12/2021  12:05:23,900458;9,346376E-1;1,044351E-1;1,073058E-1;9,403959E-1;;
02/12/2021  12:05:23,900558;9,347956E-1;1,174969E-1;1,221546E-1;9,401890E-1;;
02/12/2021  12:05:23,900658;9,356360E-1;1,289658E-1;1,129926E-1;9,399816E-1;;
02/12/2021  12:05:23,900758;9,355913E-1;1,665582E-1;1,597505E-1;9,397741E-1;;
02/12/2021  12:05:23,900858;9,352724E-1;1,165411E-1;1,183634E-1;9,395670E-1;;
02/12/2021  12:05:23,900958;9,338061E-1;1,057094E-1;1,123607E-1;9,393608E-1;;
02/12/2021  12:05:23,901058;9,342651E-1;9,296622E-2;8,519056E-2;9,391557E-1;;
02/12/2021  12:05:23,901158;9,350966E-1;4,645354E-2;8,771802E-2;9,389521E-1;;
02/12/2021  12:05:23,901258;9,346466E-1;1,254614E-1;1,202590E-1;9,387503E-1;;
02/12/2021  12:05:23,901358;9,344230E-1;1,114439E-1;1,019350E-1;9,385504E-1;;
02/12/2021  12:05:23,901458;9,334872E-1;1,302401E-1;1,347919E-1;9,383529E-1;;
02/12/2021  12:05:23,901558;9,336362E-1;1,417090E-1;1,366875E-1;9,381579E-1;;
02/12/2021  12:05:23,901658;9,343128E-1;1,311958E-1;1,316326E-1;9,379654E-1;;
02/12/2021  12:05:23,901758;9,350817E-1;1,187712E-1;1,249980E-1;9,377757E-1;;
02/12/2021  12:05:23,901858;9,343098E-1;1,229127E-1;1,237343E-1;9,375891E-1;;
02/12/2021  12:05:23,901958;9,335528E-1;9,232906E-2;9,688005E-2;9,374058E-1;;
02/12/2021  12:05:23,902058;9,335468E-1;1,210013E-1;1,215227E-1;9,372260E-1;;
02/12/2021  12:05:23,902158;9,332995E-1;1,353374E-1;1,676488E-1;9,370498E-1;;
02/12/2021  12:05:23,902258;9,334664E-1;1,216384E-1;1,145722E-1;9,368771E-1;;
02/12/2021  12:05:23,902358;9,323160E-1;1,388417E-1;1,414265E-1;9,367081E-1;;
02/12/2021  12:05:23,902458;9,306738E-1;9,073616E-2;1,806020E-1;9,365425E-1;;
02/12/2021  12:05:23,902558;9,309778E-1;1,439390E-1;1,613302E-1;9,363800E-1;;
02/12/2021  12:05:23,902658;9,310941E-1;1,149482E-1;1,208909E-1;9,362202E-1;;
02/12/2021  12:05:23,902758;9,302089E-1;1,289658E-1;1,291051E-1;9,360627E-1;;
02/12/2021  12:05:23,902858;9,287247E-1;1,350188E-1;1,404787E-1;9,359071E-1;;
02/12/2021  12:05:23,902958;9,279051E-1;1,165411E-1;7,792413E-2;9,357528E-1;;
02/12/2021  12:05:23,903058;9,283164E-1;1,426647E-1;1,619620E-1;9,355990E-1;;
02/12/2021  12:05:23,903158;9,291241E-1;1,108067E-1;1,259458E-1;9,354452E-1;;
02/12/2021  12:05:23,903258;9,294668E-1;1,302401E-1;1,259458E-1;9,352909E-1;;
02/12/2021  12:05:23,903358;9,277025E-1;1,200455E-1;1,082536E-1;9,351357E-1;;
02/12/2021  12:05:23,903458;9,271452E-1;1,280100E-1;1,243661E-1;9,349795E-1;;
02/12/2021  12:05:23,903558;9,275296E-1;1,200455E-1;1,253139E-1;9,348217E-1;;
02/12/2021  12:05:23,903658;9,283045E-1;1,353374E-1;1,376353E-1;9,346620E-1;;
02/12/2021  12:05:23,903758;9,282657E-1;1,391603E-1;1,370034E-1;9,345003E-1;;
02/12/2021  12:05:23,903858;9,275564E-1;1,241871E-1;1,205749E-1;9,343363E-1;;
02/12/2021  12:05:23,903958;9,276041E-1;1,362931E-1;1,467973E-1;9,341701E-1;;
02/12/2021  12:05:23,904058;9,285071E-1;1,362931E-1;1,436380E-1;9,340017E-1;;
02/12/2021  12:05:23,904158;9,282032E-1;1,318330E-1;1,357397E-1;9,338312E-1;;
02/12/2021  12:05:23,904258;9,281674E-1;1,260985E-1;1,297370E-1;9,336587E-1;;
02/12/2021  12:05:23,904358;9,269902E-1;1,165411E-1;1,126766E-1;9,334845E-1;;
02/12/2021  12:05:23,904458;9,270081E-1;1,487177E-1;1,461654E-1;9,333086E-1;;
02/12/2021  12:05:23,904558;9,275624E-1;1,232313E-1;1,275255E-1;9,331312E-1;;
02/12/2021  12:05:23,904658;9,284237E-1;1,251428E-1;1,310007E-1;9,329522E-1;;
02/12/2021  12:05:23,904758;9,294698E-1;1,184526E-1;1,278414E-1;9,327722E-1;;
02/12/2021  12:05:23,904858;9,291241E-1;1,366117E-1;1,114129E-1;9,325916E-1;;
02/12/2021  12:05:23,904958;9,296069E-1;1,321516E-1;1,287892E-1;9,324111E-1;;
02/12/2021  12:05:23,905058;9,315590E-1;7,066562E-2;6,402312E-2;9,322312E-1;;
02/12/2021  12:05:23,905158;9,323964E-1;1,152668E-1;7,381701E-2;9,320528E-1;;
02/12/2021  12:05:23,905258;9,323279E-1;1,229127E-1;1,199431E-1;9,318770E-1;;
02/12/2021  12:05:23,905358;9,320328E-1;1,194084E-1;1,142563E-1;9,317049E-1;;
02/12/2021  12:05:23,905458;9,334306E-1;1,190898E-1;1,038306E-1;9,315374E-1;;
02/12/2021  12:05:23,905558;9,353082E-1;1,101695E-1;1,180475E-1;9,313756E-1;;
02/12/2021  12:05:23,905658;9,369056E-1;1,149482E-1;1,129926E-1;9,312206E-1;;
02/12/2021  12:05:23,905758;9,364586E-1;1,280100E-1;1,272095E-1;9,310739E-1;;
02/12/2021  12:05:23,905858;9,360324E-1;1,391603E-1;1,354238E-1;9,309368E-1;;
02/12/2021  12:05:23,905958;9,368430E-1;1,382046E-1;1,218387E-1;9,308104E-1;;
02/12/2021  12:05:23,906058;9,380381E-1;1,289658E-1;1,265777E-1;9,306958E-1;;
02/12/2021  12:05:23,906158;9,391975E-1;1,117624E-1;9,308886E-2;9,305940E-1;;
02/12/2021  12:05:23,906258;9,392422E-1;1,178155E-1;1,246821E-1;9,305060E-1;;
02/12/2021  12:05:23,906358;9,386491E-1;1,308772E-1;1,272095E-1;9,304329E-1;;
02/12/2021  12:05:23,906458;9,394419E-1;1,305587E-1;1,287892E-1;9,303754E-1;;
02/12/2021  12:05:23,906558;9,403419E-1;1,458505E-1;1,603824E-1;9,303342E-1;;
02/12/2021  12:05:23,906658;9,413969E-1;1,260985E-1;1,145722E-1;9,303098E-1;;
02/12/2021  12:05:23,906758;9,410900E-1;1,321516E-1;1,379512E-1;9,303030E-1;;
02/12/2021  12:05:23,906858;9,413910E-1;1,362931E-1;1,281573E-1;9,303142E-1;;
02/12/2021  12:05:23,906958;9,429825E-1;2,861306E-2;9,245700E-2;9,303438E-1;;
02/12/2021  12:05:23,907058;9,443951E-1;1,120810E-1;1,126766E-1;9,303922E-1;;
02/12/2021  12:05:23,907158;9,449942E-1;1,359745E-1;1,388990E-1;9,304598E-1;;
02/12/2021  12:05:23,907258;9,445322E-1;1,296029E-1;1,300529E-1;9,305473E-1;;
02/12/2021  12:05:23,907358;9,446455E-1;1,104881E-1;1,493248E-1;9,306549E-1;;
02/12/2021  12:05:23,907458;9,456945E-1;1,197269E-1;1,186794E-1;9,307828E-1;;
02/12/2021  12:05:23,907558;9,462399E-1;1,296029E-1;1,297370E-1;9,309310E-1;;
02/12/2021  12:05:23,907658;9,469254E-1;1,595494E-1;1,458495E-1;9,310994E-1;;
02/12/2021  12:05:23,907758;9,462936E-1;1,385232E-1;1,227865E-1;9,312881E-1;;
02/12/2021  12:05:23,907858;9,457661E-1;1,334259E-1;1,249980E-1;9,314969E-1;;
02/12/2021  12:05:23,907958;9,460373E-1;1,210013E-1;1,306848E-1;9,317251E-1;;
02/12/2021  12:05:23,908058;9,468420E-1;1,299215E-1;1,268936E-1;9,319723E-1;;
02/12/2021  12:05:23,908158;9,467883E-1;1,296029E-1;1,430061E-1;9,322378E-1;;
02/12/2021  12:05:23,908258;9,452088E-1;1,222756E-1;1,170997E-1;9,325207E-1;;
02/12/2021  12:05:23,908358;9,443236E-1;9,360338E-2;1,101492E-1;9,328201E-1;;
02/12/2021  12:05:23,908458;9,448213E-1;1,235499E-1;1,316326E-1;9,331347E-1;;
02/12/2021  12:05:23,908558;9,446842E-1;1,235499E-1;1,281573E-1;9,334630E-1;;
02/12/2021  12:05:23,908658;9,451283E-1;1,018865E-1;1,170997E-1;9,338037E-1;;
02/12/2021  12:05:23,908758;9,439868E-1;5,675298E-3;5,264957E-2;9,341555E-1;;
02/12/2021  12:05:23,908858;9,437216E-1;1,082581E-1;1,167838E-1;9,345167E-1;;
02/12/2021  12:05:23,908958;9,444160E-1;1,905566E-2;8,550650E-2;9,348860E-1;;
02/12/2021  12:05:23,909058;9,446842E-1;1,085766E-1;1,129926E-1;9,352617E-1;;
02/12/2021  12:05:23,909158;9,443713E-1;9,455912E-2;8,771802E-2;9,356426E-1;;
02/12/2021  12:05:23,909258;9,429825E-1;8,978042E-2;7,192142E-2;9,360273E-1;;
02/12/2021  12:05:23,909358;9,429407E-1;1,270543E-1;1,107811E-1;9,364143E-1;;
02/12/2021  12:05:23,909458;9,446187E-1;6,907272E-2;9,119327E-2;9,368021E-1;;
02/12/2021  12:05:23,909558;9,446723E-1;7,066562E-2;9,814378E-2;9,371894E-1;;
02/12/2021  12:05:23,909658;9,455932E-1;9,296622E-2;9,940750E-2;9,375752E-1;;
02/12/2021  12:05:23,909758;9,443802E-1;1,060280E-1;1,177316E-1;9,379586E-1;;
02/12/2021  12:05:23,909858;9,452296E-1;1,130368E-1;1,189953E-1;9,383386E-1;;
02/12/2021  12:05:23,909958;9,462995E-1;9,870066E-2;1,095173E-1;9,387145E-1;;
02/12/2021  12:05:23,910058;9,463770E-1;9,455912E-2;1,202590E-1;9,390857E-1;;
02/12/2021  12:05:23,910158;9,459896E-1;9,009900E-2;1,054102E-1;9,394516E-1;;
02/12/2021  12:05:23,910258;9,453160E-1;1,114439E-1;1,240502E-1;9,398117E-1;;
02/12/2021  12:05:23,910358;9,455485E-1;1,123996E-1;1,319485E-1;9,401655E-1;;
02/12/2021  12:05:23,910458;9,471817E-1;1,139925E-1;1,104651E-1;9,405124E-1;;
02/12/2021  12:05:23,910558;9,479327E-1;1,130368E-1;1,262617E-1;9,408521E-1;;
02/12/2021  12:05:23,910658;9,475900E-1;1,509478E-1;1,556434E-1;9,411845E-1;;
02/12/2021  12:05:23,910758;9,465976E-1;1,159040E-1;1,136244E-1;9,415094E-1;;
02/12/2021  12:05:23,910858;9,476526E-1;1,493549E-1;1,054102E-1;9,418268E-1;;
02/12/2021  12:05:23,910958;9,476943E-1;1,461691E-1;1,575390E-1;9,421364E-1;;
02/12/2021  12:05:23,911058;9,481801E-1;1,560451E-1;1,363715E-1;9,424383E-1;;
02/12/2021  12:05:23,911158;9,481891E-1;1,729298E-1;1,588027E-1;9,427323E-1;;
02/12/2021  12:05:23,911258;9,473218E-1;1,764342E-1;1,588027E-1;9,430185E-1;;
02/12/2021  12:05:23,911358;9,477331E-1;6,524976E-2;1,066739E-1;9,432969E-1;;
02/12/2021  12:05:23,911458;9,488388E-1;1,780271E-1;1,685966E-1;9,435674E-1;;
02/12/2021  12:05:23,911558;9,490861E-1;1,487177E-1;1,531159E-1;9,438300E-1;;
02/12/2021  12:05:23,911658;9,476854E-1;1,350188E-1;1,445858E-1;9,440849E-1;;
02/12/2021  12:05:23,911758;9,480460E-1;1,245056E-1;1,698603E-1;9,443321E-1;;
02/12/2021  12:05:23,911858;9,487732E-1;1,241871E-1;1,170997E-1;9,445717E-1;;
02/12/2021  12:05:23,911958;9,499892E-1;1,260985E-1;1,237343E-1;9,448036E-1;;
02/12/2021  12:05:23,912058;9,496017E-1;1,324701E-1;1,265777E-1;9,450282E-1;;
02/12/2021  12:05:23,912158;9,487225E-1;1,331073E-1;1,275255E-1;9,452457E-1;;
02/12/2021  12:05:23,912258;9,482516E-1;1,181340E-1;1,272095E-1;9,454562E-1;;
02/12/2021  12:05:23,912358;9,487941E-1;1,165411E-1;1,205749E-1;9,456599E-1;;
02/12/2021  12:05:23,912458;9,492471E-1;1,232313E-1;1,262617E-1;9,458567E-1;;
02/12/2021  12:05:23,912558;9,494080E-1;1,280100E-1;1,284732E-1;9,460467E-1;;
02/12/2021  12:05:23,912658;9,478255E-1;1,101695E-1;1,142563E-1;9,462301E-1;;
02/12/2021  12:05:23,912758;9,473367E-1;6,015248E-2;1,047783E-1;9,464068E-1;;
02/12/2021  12:05:23,912858;9,482636E-1;1,308772E-1;1,445858E-1;9,465766E-1;;
02/12/2021  12:05:23,912958;9,482993E-1;1,187712E-1;1,224705E-1;9,467395E-1;;
02/12/2021  12:05:23,913058;9,474559E-1;1,305587E-1;1,363715E-1;9,468954E-1;;
02/12/2021  12:05:23,913158;9,456945E-1;9,615202E-2;1,404787E-1;9,470441E-1;;
02/12/2021  12:05:23,913258;9,445888E-1;1,270543E-1;1,313166E-1;9,471854E-1;;
02/12/2021  12:05:23,913358;9,459568E-1;1,257800E-1;1,534319E-1;9,473185E-1;;
02/12/2021  12:05:23,913458;9,460492E-1;1,273729E-1;1,287892E-1;9,474432E-1;;
02/12/2021  12:05:23,913558;9,455515E-1;1,302401E-1;1,328963E-1;9,475591E-1;;
02/12/2021  12:05:23,913658;9,447259E-1;7,289568E-2;9,498445E-2;9,476659E-1;;
02/12/2021  12:05:23,913758;9,438438E-1;1,286472E-1;1,278414E-1;9,477634E-1;;
02/12/2021  12:05:23,913858;9,450001E-1;1,197269E-1;1,297370E-1;9,478511E-1;;
02/12/2021  12:05:23,913958;9,446842E-1;1,028422E-1;1,351078E-1;9,479289E-1;;
02/12/2021  12:05:23,914058;9,441507E-1;1,238685E-1;1,231024E-1;9,479965E-1;;
02/12/2021  12:05:23,914158;9,420735E-1;1,347002E-1;1,212068E-1;9,480538E-1;;
02/12/2021  12:05:23,914258;9,422523E-1;9,678918E-2;1,594346E-1;9,481004E-1;;
02/12/2021  12:05:23,914358;9,422732E-1;1,305587E-1;1,430061E-1;9,481359E-1;;
02/12/2021  12:05:23,914458;9,425771E-1;1,337445E-1;1,335282E-1;9,481601E-1;;
02/12/2021  12:05:23,914558;9,411287E-1;1,245056E-1;1,303688E-1;9,481726E-1;;
02/12/2021  12:05:23,914658;9,390902E-1;1,187712E-1;9,530039E-2;9,481734E-1;;
02/12/2021  12:05:23,914758;9,394419E-1;2,192288E-2;8,613836E-2;9,481618E-1;;
02/12/2021  12:05:23,914858;9,398979E-1;1,174969E-1;1,208909E-1;9,481374E-1;;
02/12/2021  12:05:23,914958;9,395134E-1;1,181340E-1;9,909157E-2;9,481000E-1;;
02/12/2021  12:05:23,915058;9,392064E-1;1,232313E-1;1,265777E-1;9,480494E-1;;
02/12/2021  12:05:23,915158;9,372812E-1;1,308772E-1;1,268936E-1;9,479854E-1;;
02/12/2021  12:05:23,915258;9,374451E-1;1,254614E-1;1,174156E-1;9,479078E-1;;
02/12/2021  12:05:23,915358;9,388100E-1;1,547707E-1;1,897641E-1;9,478164E-1;;
02/12/2021  12:05:23,915458;9,386730E-1;1,248242E-1;1,199431E-1;9,477113E-1;;
02/12/2021  12:05:23,915558;9,376567E-1;1,385232E-1;1,581709E-1;9,475927E-1;;
02/12/2021  12:05:23,915658;9,368222E-1;1,238685E-1;1,215227E-1;9,474608E-1;;
02/12/2021  12:05:23,915758;9,378206E-1;9,392196E-2;9,340479E-2;9,473158E-1;;
02/12/2021  12:05:23,915858;9,382796E-1;1,292843E-1;1,366875E-1;9,471581E-1;;
02/12/2021  12:05:23,915958;9,384852E-1;1,468062E-1;1,442698E-1;9,469881E-1;;
02/12/2021  12:05:23,916058;9,366076E-1;1,350188E-1;1,259458E-1;9,468065E-1;;
02/12/2021  12:05:23,916158;9,355109E-1;9,806350E-2;1,398468E-1;9,466138E-1;;
02/12/2021  12:05:23,916258;9,357254E-1;1,480806E-1;1,546956E-1;9,464102E-1;;
02/12/2021  12:05:23,916358;9,357463E-1;1,327887E-1;1,376353E-1;9,461962E-1;;
02/12/2021  12:05:23,916458;9,356032E-1;1,101695E-1;1,158360E-1;9,459719E-1;;
02/12/2021  12:05:23,916558;9,344379E-1;1,216384E-1;1,073058E-1;9,457379E-1;;
02/12/2021  12:05:23,916658;9,338926E-1;1,289658E-1;1,442698E-1;9,454945E-1;;
02/12/2021  12:05:23,916758;9,352039E-1;1,433019E-1;1,531159E-1;9,452420E-1;;
02/12/2021  12:05:23,916858;9,356688E-1;1,289658E-1;1,278414E-1;9,449808E-1;;
02/12/2021  12:05:23,916958;9,357105E-1;1,248242E-1;1,414265E-1;9,447117E-1;;
02/12/2021  12:05:23,917058;9,345065E-1;1,213198E-1;1,259458E-1;9,444353E-1;;
02/12/2021  12:05:23,917158;9,344499E-1;8,468314E-2;7,634447E-2;9,441524E-1;;
02/12/2021  12:05:23,917258;9,355198E-1;1,388417E-1;1,243661E-1;9,438637E-1;;
02/12/2021  12:05:23,917358;9,366821E-1;1,334259E-1;1,328963E-1;9,435698E-1;;
02/12/2021  12:05:23,917458;9,362917E-1;1,200455E-1;1,310007E-1;9,432718E-1;;
02/12/2021  12:05:23,917558;9,351920E-1;1,391603E-1;1,420583E-1;9,429706E-1;;
02/12/2021  12:05:23,917658;9,346257E-1;1,487177E-1;1,477451E-1;9,426672E-1;;
02/12/2021  12:05:23,917758;9,350966E-1;5,537378E-2;1,031987E-1;9,423623E-1;;
02/12/2021  12:05:23,917858;9,343247E-1;1,133553E-1;1,224705E-1;9,420565E-1;;
02/12/2021  12:05:23,917958;9,338180E-1;1,155854E-1;1,189953E-1;9,417504E-1;;
02/12/2021  12:05:23,918058;9,324620E-1;1,308772E-1;1,388990E-1;9,414445E-1;;
02/12/2021  12:05:23,918158;9,315143E-1;1,206827E-1;1,215227E-1;9,411390E-1;;
02/12/2021  12:05:23,918258;9,318332E-1;1,302401E-1;1,208909E-1;9,408341E-1;;
02/12/2021  12:05:23,918358;9,315322E-1;1,181340E-1;1,199431E-1;9,405297E-1;;
02/12/2021  12:05:23,918458;9,300658E-1;1,347002E-1;1,281573E-1;9,402260E-1;;
02/12/2021  12:05:23,918558;9,287396E-1;1,155854E-1;1,237343E-1;9,399228E-1;;
02/12/2021  12:05:23,918658;9,287337E-1;1,222756E-1;1,246821E-1;9,396199E-1;;
02/12/2021  12:05:23,918758;9,295681E-1;1,063466E-1;8,929768E-2;9,393170E-1;;
02/12/2021  12:05:23,918858;9,300718E-1;1,178155E-1;1,145722E-1;9,390139E-1;;
02/12/2021  12:05:23,918958;9,291479E-1;1,356559E-1;1,224705E-1;9,387107E-1;;
02/12/2021  12:05:23,919058;9,278217E-1;1,362931E-1;1,306848E-1;9,384074E-1;;
02/12/2021  12:05:23,919158;9,285042E-1;4,422348E-2;7,223735E-2;9,381040E-1;;
02/12/2021  12:05:23,919258;9,291569E-1;1,073023E-1;1,092014E-1;9,378005E-1;;
02/12/2021  12:05:23,919358;9,287486E-1;1,283286E-1;1,370034E-1;9,374969E-1;;
02/12/2021  12:05:23,919458;9,283969E-1;1,213198E-1;1,240502E-1;9,371935E-1;;
02/12/2021  12:05:23,919558;9,279349E-1;6,556834E-2;7,602853E-2;9,368905E-1;;
02/12/2021  12:05:23,919658;9,288022E-1;1,092138E-1;1,218387E-1;9,365879E-1;;
02/12/2021  12:05:23,919758;9,302238E-1;1,624167E-1;1,979783E-1;9,362862E-1;;
02/12/2021  12:05:23,919858;9,303162E-1;1,522221E-1;1,480610E-1;9,359858E-1;;
02/12/2021  12:05:23,919958;9,296814E-1;-1,694388E-2;4,696279E-2;9,356874E-1;;
02/12/2021  12:05:23,920058;9,290466E-1;1,213198E-1;1,218387E-1;9,353915E-1;;
02/12/2021  12:05:23,920158;9,293774E-1;1,267357E-1;1,246821E-1;9,350987E-1;;
02/12/2021  12:05:23,920258;9,300867E-1;1,315144E-1;1,388990E-1;9,348093E-1;;
02/12/2021  12:05:23,920358;9,301404E-1;1,213198E-1;1,158360E-1;9,345240E-1;;
02/12/2021  12:05:23,920458;9,297410E-1;8,755036E-2;8,550650E-2;9,342432E-1;;
02/12/2021  12:05:23,920558;9,301791E-1;1,410718E-1;1,366875E-1;9,339675E-1;;
02/12/2021  12:05:23,920658;9,306232E-1;1,174969E-1;1,256299E-1;9,336973E-1;;
02/12/2021  12:05:23,920758;9,317795E-1;1,420275E-1;1,480610E-1;9,334333E-1;;
02/12/2021  12:05:23,920858;9,315113E-1;1,276914E-1;1,505885E-1;9,331761E-1;;
02/12/2021  12:05:23,920958;9,308020E-1;1,165411E-1;1,196272E-1;9,329263E-1;;
02/12/2021  12:05:23,921058;9,303371E-1;1,302401E-1;1,268936E-1;9,326846E-1;;
02/12/2021  12:05:23,921158;9,317050E-1;1,388417E-1;1,335282E-1;9,324512E-1;;
02/12/2021  12:05:23,921258;9,328643E-1;1,343816E-1;1,322644E-1;9,322267E-1;;
02/12/2021  12:05:23,921358;9,330044E-1;1,264171E-1;1,388990E-1;9,320115E-1;;
02/12/2021  12:05:23,921458;9,327749E-1;1,359745E-1;1,363715E-1;9,318063E-1;;
02/12/2021  12:05:23,921558;9,333501E-1;1,260985E-1;1,556434E-1;9,316118E-1;;
02/12/2021  12:05:23,921658;9,340445E-1;1,560451E-1;1,701763E-1;9,314284E-1;;
02/12/2021  12:05:23,921758;9,353291E-1;1,264171E-1;1,284732E-1;9,312567E-1;;
02/12/2021  12:05:23,921858;9,351204E-1;1,060280E-1;9,277293E-2;9,310973E-1;;
02/12/2021  12:05:23,921958;9,346913E-1;1,477620E-1;1,521681E-1;9,309509E-1;;
02/12/2021  12:05:23,922058;9,347092E-1;1,267357E-1;1,480610E-1;9,308180E-1;;
02/12/2021  12:05:23,922158;9,355377E-1;1,190898E-1;1,407946E-1;9,306988E-1;;
02/12/2021  12:05:23,922258;9,360473E-1;9,647060E-2;1,050943E-1;9,305937E-1;;
02/12/2021  12:05:23,922358;9,348611E-1;9,073616E-2;9,593225E-2;9,305029E-1;;
02/12/2021  12:05:23,922458;9,342561E-1;1,114439E-1;1,237343E-1;9,304265E-1;;
02/12/2021  12:05:23,922558;9,342949E-1;1,006121E-1;1,063580E-1;9,303644E-1;;
02/12/2021  12:05:23,922658;9,350638E-1;1,168597E-1;1,262617E-1;9,303162E-1;;
02/12/2021  12:05:23,922758;9,348552E-1;9,870066E-2;1,035146E-1;9,302818E-1;;
02/12/2021  12:05:23,922858;9,342263E-1;1,098510E-1;1,183634E-1;9,302607E-1;;
02/12/2021  12:05:23,922958;9,332756E-1;1,006121E-1;1,170997E-1;9,302526E-1;;
02/12/2021  12:05:23,923058;9,344707E-1;9,105474E-2;1,013031E-1;9,302567E-1;;
02/12/2021  12:05:23,923158;9,352277E-1;8,723178E-2;8,424277E-2;9,302727E-1;;
02/12/2021  12:05:23,923258;9,353767E-1;1,018865E-1;1,126766E-1;9,302999E-1;;
02/12/2021  12:05:23,923358;9,353529E-1;1,092138E-1;1,152041E-1;9,303380E-1;;
02/12/2021  12:05:23,923458;9,351115E-1;5,250656E-2;6,370719E-2;9,303865E-1;;
02/12/2021  12:05:23,923558;9,367387E-1;7,767438E-2;6,623464E-2;9,304452E-1;;
02/12/2021  12:05:23,923658;9,378295E-1;9,710776E-2;1,079377E-1;9,305136E-1;;
02/12/2021  12:05:23,923758;9,377669E-1;9,838208E-2;1,098333E-1;9,305916E-1;;
02/12/2021  12:05:23,923858;9,374123E-1;7,894870E-2;1,221546E-1;9,306792E-1;;
02/12/2021  12:05:23,923958;9,365361E-1;9,201048E-2;8,803395E-2;9,307762E-1;;
02/12/2021  12:05:23,924058;9,370159E-1;1,238685E-1;1,357397E-1;9,308823E-1;;
02/12/2021  12:05:23,924158;9,377163E-1;1,808943E-1;1,897641E-1;9,309970E-1;;
02/12/2021  12:05:23,924258;9,381574E-1;1,366117E-1;1,354238E-1;9,311199E-1;;
02/12/2021  12:05:23,924358;9,373735E-1;1,407532E-1;1,420583E-1;9,312507E-1;;
02/12/2021  12:05:23,924458;9,365897E-1;1,378860E-1;1,325804E-1;9,313891E-1;;
02/12/2021  12:05:23,924558;9,378206E-1;1,404346E-1;1,272095E-1;9,315344E-1;;
02/12/2021  12:05:23,924658;9,388607E-1;1,611423E-1;1,540637E-1;9,316862E-1;;
02/12/2021  12:05:23,924758;9,388607E-1;1,706997E-1;1,480610E-1;9,318441E-1;;
02/12/2021  12:05:23,924858;9,383719E-1;1,630538E-1;1,411105E-1;9,320079E-1;;
02/12/2021  12:05:23,924958;9,386461E-1;1,627352E-1;1,562753E-1;9,321771E-1;;
02/12/2021  12:05:23,925058;9,396922E-1;1,280100E-1;1,594346E-1;9,323515E-1;;
02/12/2021  12:05:23,925158;9,400886E-1;1,522221E-1;1,483770E-1;9,325307E-1;;
02/12/2021  12:05:23,925258;9,408009E-1;1,337445E-1;1,351078E-1;9,327145E-1;;
02/12/2021  12:05:23,925358;9,400737E-1;1,321516E-1;1,360556E-1;9,329030E-1;;
02/12/2021  12:05:23,925458;9,400499E-1;1,184526E-1;1,205749E-1;9,330958E-1;;
02/12/2021  12:05:23,925558;9,413046E-1;1,254614E-1;1,521681E-1;9,332927E-1;;
02/12/2021  12:05:23,925658;9,416801E-1;1,143111E-1;1,155200E-1;9,334935E-1;;
02/12/2021  12:05:23,925758;9,415638E-1;1,225942E-1;1,275255E-1;9,336982E-1;;
02/12/2021  12:05:23,925858;9,406072E-1;1,388417E-1;1,310007E-1;9,339066E-1;;
02/12/2021  12:05:23,925958;9,404999E-1;8,468314E-2;1,142563E-1;9,341183E-1;;
02/12/2021  12:05:23,926058;9,416056E-1;1,388417E-1;1,319485E-1;9,343331E-1;;
02/12/2021  12:05:23,926158;9,421390E-1;1,296029E-1;1,310007E-1;9,345506E-1;;
02/12/2021  12:05:23,926258;9,422135E-1;1,069837E-1;1,186794E-1;9,347705E-1;;
02/12/2021  12:05:23,926358;9,415817E-1;1,423461E-1;1,291051E-1;9,349927E-1;;
02/12/2021  12:05:23,926458;9,415519E-1;1,270543E-1;1,284732E-1;9,352168E-1;;
02/12/2021  12:05:23,926558;9,424967E-1;1,203641E-1;1,303688E-1;9,354426E-1;;
02/12/2021  12:05:23,926658;9,434385E-1;1,184526E-1;1,208909E-1;9,356697E-1;;
02/12/2021  12:05:23,926758;9,434891E-1;1,311958E-1;1,313166E-1;9,358980E-1;;
02/12/2021  12:05:23,926858;9,432686E-1;1,417090E-1;1,452176E-1;9,361274E-1;;
02/12/2021  12:05:23,926958;9,431583E-1;7,162136E-2;8,171531E-2;9,363579E-1;;
02/12/2021  12:05:23,927058;9,442580E-1;-4,529750E-2;3,432551E-2;9,365891E-1;;
02/12/2021  12:05:23,927158;9,451998E-1;1,168597E-1;1,262617E-1;9,368212E-1;;
02/12/2021  12:05:23,927258;9,447230E-1;1,331073E-1;1,268936E-1;9,370539E-1;;
02/12/2021  12:05:23,927358;9,442819E-1;1,210013E-1;1,221546E-1;9,372875E-1;;
02/12/2021  12:05:23,927458;9,440554E-1;1,267357E-1;1,205749E-1;9,375217E-1;;
02/12/2021  12:05:23,927558;9,452713E-1;1,238685E-1;8,992954E-2;9,377564E-1;;
02/12/2021  12:05:23,927658;9,452088E-1;1,060280E-1;1,079377E-1;9,379914E-1;;
02/12/2021  12:05:23,927758;9,453250E-1;1,194084E-1;1,243661E-1;9,382266E-1;;
02/12/2021  12:05:23,927858;9,436143E-1;7,905358E-3;5,043804E-2;9,384619E-1;;
02/12/2021  12:05:23,927958;9,446872E-1;1,197269E-1;1,076217E-1;9,386970E-1;;
02/12/2021  12:05:23,928058;9,454680E-1;1,445762E-1;1,240502E-1;9,389315E-1;;
02/12/2021  12:05:23,928158;9,453250E-1;1,353374E-1;1,193112E-1;9,391652E-1;;
02/12/2021  12:05:23,928258;9,447408E-1;1,531778E-1;1,518522E-1;9,393978E-1;;
02/12/2021  12:05:23,928358;9,438557E-1;7,831154E-2;8,898175E-2;9,396292E-1;;
02/12/2021  12:05:23,928458;9,446634E-1;1,302401E-1;1,281573E-1;9,398589E-1;;
02/12/2021  12:05:23,928558;9,446336E-1;1,573194E-1;1,957668E-1;9,400864E-1;;
02/12/2021  12:05:23,928658;9,446634E-1;1,031608E-1;1,101492E-1;9,403114E-1;;
02/12/2021  12:05:23,928758;9,440524E-1;9,328480E-2;9,150920E-2;9,405336E-1;;
02/12/2021  12:05:23,928858;9,431434E-1;1,229127E-1;1,240502E-1;9,407525E-1;;
02/12/2021  12:05:23,928958;9,434772E-1;1,439390E-1;1,423743E-1;9,409676E-1;;
02/12/2021  12:05:23,929058;9,445680E-1;1,152668E-1;1,278414E-1;9,411783E-1;;
02/12/2021  12:05:23,929158;9,443474E-1;1,216384E-1;1,249980E-1;9,413844E-1;;
02/12/2021  12:05:23,929258;9,446485E-1;1,127182E-1;1,193112E-1;9,415855E-1;;
02/12/2021  12:05:23,929358;9,440345E-1;1,241871E-1;1,322644E-1;9,417815E-1;;
02/12/2021  12:05:23,929458;9,451849E-1;1,178155E-1;1,101492E-1;9,419721E-1;;
02/12/2021  12:05:23,929558;9,450121E-1;1,206827E-1;1,227865E-1;9,421572E-1;;
02/12/2021  12:05:23,929658;9,453309E-1;1,528593E-1;1,799702E-1;9,423367E-1;;
02/12/2021  12:05:23,929758;9,441686E-1;1,292843E-1;1,316326E-1;9,425107E-1;;
02/12/2021  12:05:23,929858;9,432179E-1;1,480806E-1;1,382671E-1;9,426790E-1;;
02/12/2021  12:05:23,929958;9,441567E-1;1,324701E-1;1,388990E-1;9,428413E-1;;
02/12/2021  12:05:23,930058;9,438885E-1;1,241871E-1;1,240502E-1;9,429974E-1;;
02/12/2021  12:05:23,930158;9,434534E-1;1,311958E-1;1,411105E-1;9,431471E-1;;
02/12/2021  12:05:23,930258;9,421718E-1;1,238685E-1;1,347919E-1;9,432902E-1;;
02/12/2021  12:05:23,930358;9,416652E-1;4,263058E-2;1,256299E-1;9,434262E-1;;
02/12/2021  12:05:23,930458;9,418738E-1;1,159040E-1;1,193112E-1;9,435547E-1;;
02/12/2021  12:05:23,930558;9,412897E-1;1,241871E-1;1,246821E-1;9,436752E-1;;
02/12/2021  12:05:23,930658;9,412986E-1;1,385232E-1;1,237343E-1;9,437873E-1;;
02/12/2021  12:05:23,930758;9,402615E-1;1,283286E-1;1,749153E-1;9,438905E-1;;
02/12/2021  12:05:23,930858;9,398502E-1;1,397975E-1;1,888163E-1;9,439845E-1;;
02/12/2021  12:05:23,930958;9,406608E-1;1,146297E-1;8,519056E-2;9,440688E-1;;
02/12/2021  12:05:23,931058;9,413284E-1;1,483991E-1;1,420583E-1;9,441430E-1;;
02/12/2021  12:05:23,931158;9,409499E-1;1,331073E-1;1,218387E-1;9,442070E-1;;
02/12/2021  12:05:23,931258;9,407323E-1;1,382046E-1;1,357397E-1;9,442609E-1;;
02/12/2021  12:05:23,931358;9,409827E-1;6,461260E-2;8,550650E-2;9,443046E-1;;
02/12/2021  12:05:23,931458;9,419543E-1;1,280100E-1;1,335282E-1;9,443382E-1;;
02/12/2021  12:05:23,931558;9,425146E-1;1,276914E-1;1,313166E-1;9,443621E-1;;
02/12/2021  12:05:23,931658;9,415758E-1;1,343816E-1;1,344760E-1;9,443767E-1;;
02/12/2021  12:05:23,931758;9,405446E-1;1,353374E-1;1,291051E-1;9,443823E-1;;
02/12/2021  12:05:23,931858;9,403062E-1;1,139925E-1;1,155200E-1;9,443792E-1;;
02/12/2021  12:05:23,931958;9,409678E-1;1,362931E-1;1,170997E-1;9,443677E-1;;
02/12/2021  12:05:23,932058;9,409290E-1;1,439390E-1;1,398468E-1;9,443479E-1;;
02/12/2021  12:05:23,932158;9,401154E-1;1,302401E-1;1,351078E-1;9,443201E-1;;
02/12/2021  12:05:23,932258;9,385806E-1;1,299215E-1;1,262617E-1;9,442845E-1;;
02/12/2021  12:05:23,932358;9,388369E-1;1,155854E-1;1,240502E-1;9,442412E-1;;
02/12/2021  12:05:23,932458;9,390365E-1;1,305587E-1;1,101492E-1;9,441902E-1;;
02/12/2021  12:05:23,932558;9,378772E-1;1,098510E-1;9,119327E-2;9,441315E-1;;
02/12/2021  12:05:23,932658;9,370427E-1;1,324701E-1;1,338441E-1;9,440651E-1;;
02/12/2021  12:05:23,932758;9,353052E-1;1,248242E-1;1,215227E-1;9,439907E-1;;
02/12/2021  12:05:23,932858;9,345899E-1;1,334259E-1;1,341600E-1;9,439082E-1;;
02/12/2021  12:05:23,932958;9,348164E-1;1,292843E-1;1,310007E-1;9,438170E-1;;
02/12/2021  12:05:23,933058;9,337227E-1;1,286472E-1;1,287892E-1;9,437166E-1;;
02/12/2021  12:05:23,933158;9,330491E-1;1,292843E-1;1,433221E-1;9,436067E-1;;
02/12/2021  12:05:23,933258;9,319822E-1;1,187712E-1;1,183634E-1;9,434868E-1;;
02/12/2021  12:05:23,933358;9,321997E-1;1,149482E-1;1,063580E-1;9,433564E-1;;
02/12/2021  12:05:23,933458;9,317318E-1;1,190898E-1;1,351078E-1;9,432152E-1;;
02/12/2021  12:05:23,933558;9,315739E-1;1,299215E-1;1,303688E-1;9,430627E-1;;
02/12/2021  12:05:23,933658;9,301702E-1;1,286472E-1;1,155200E-1;9,428988E-1;;
02/12/2021  12:05:23,933758;9,300956E-1;1,372488E-1;1,341600E-1;9,427231E-1;;
02/12/2021  12:05:23,933858;9,303430E-1;1,219570E-1;1,028828E-1;9,425355E-1;;
02/12/2021  12:05:23,933958;9,302327E-1;1,178155E-1;1,218387E-1;9,423359E-1;;
02/12/2021  12:05:23,934058;9,307811E-1;1,241871E-1;1,335282E-1;9,421244E-1;;
02/12/2021  12:05:23,934158;9,293476E-1;1,286472E-1;1,249980E-1;9,419011E-1;;
02/12/2021  12:05:23,934258;9,287992E-1;1,439390E-1;1,588027E-1;9,416663E-1;;
02/12/2021  12:05:23,934358;9,295473E-1;1,375674E-1;1,540637E-1;9,414201E-1;;
02/12/2021  12:05:23,934458;9,298185E-1;1,308772E-1;1,316326E-1;9,411630E-1;;
02/12/2021  12:05:23,934558;9,296099E-1;1,315144E-1;1,436380E-1;9,408953E-1;;
02/12/2021  12:05:23,934658;9,285519E-1;1,267357E-1;1,237343E-1;9,406177E-1;;
02/12/2021  12:05:23,934758;9,283701E-1;1,331073E-1;1,268936E-1;9,403306E-1;;
02/12/2021  12:05:23,934858;9,286591E-1;1,260985E-1;1,082536E-1;9,400345E-1;;
02/12/2021  12:05:23,934958;9,284684E-1;1,385232E-1;1,275255E-1;9,397299E-1;;
02/12/2021  12:05:23,935058;9,274938E-1;1,311958E-1;1,430061E-1;9,394175E-1;;
02/12/2021  12:05:23,935158;9,272077E-1;1,069837E-1;1,237343E-1;9,390978E-1;;
02/12/2021  12:05:23,935258;9,267577E-1;1,286472E-1;1,275255E-1;9,387712E-1;;
02/12/2021  12:05:23,935358;9,276727E-1;1,104881E-1;1,291051E-1;9,384383E-1;;
02/12/2021  12:05:23,935458;9,273776E-1;1,149482E-1;1,249980E-1;9,380995E-1;;
02/12/2021  12:05:23,935558;9,274402E-1;1,181340E-1;1,047783E-1;9,377557E-1;;
02/12/2021  12:05:23,935658;9,265551E-1;1,127182E-1;1,246821E-1;9,374074E-1;;
02/12/2021  12:05:23,935758;9,261348E-1;1,143111E-1;1,196272E-1;9,370553E-1;;
02/12/2021  12:05:23,935858;9,271362E-1;1,037979E-1;1,101492E-1;9,366999E-1;;
02/12/2021  12:05:23,935958;9,272137E-1;1,264171E-1;1,341600E-1;9,363420E-1;;
02/12/2021  12:05:23,936058;9,270230E-1;1,066652E-1;1,126766E-1;9,359822E-1;;
02/12/2021  12:05:23,936158;9,266415E-1;1,009307E-1;1,240502E-1;9,356214E-1;;
02/12/2021  12:05:23,936258;9,271332E-1;9,615202E-2;1,120448E-1;9,352602E-1;;
02/12/2021  12:05:23,936358;9,282151E-1;6,747982E-2;6,623464E-2;9,348994E-1;;
02/12/2021  12:05:23,936458;9,279320E-1;1,069837E-1;9,530039E-2;9,345399E-1;;
02/12/2021  12:05:23,936558;9,275147E-1;1,025236E-1;1,092014E-1;9,341827E-1;;
02/12/2021  12:05:23,936658;9,268710E-1;1,155854E-1;1,212068E-1;9,338285E-1;;
02/12/2021  12:05:23,936758;9,276578E-1;6,684266E-2;4,727872E-2;9,334780E-1;;
02/12/2021  12:05:23,936858;9,274730E-1;1,057094E-1;1,306848E-1;9,331320E-1;;
02/12/2021  12:05:23,936958;9,280839E-1;8,914326E-2;1,066739E-1;9,327912E-1;;
02/12/2021  12:05:23,937058;9,273031E-1;8,213450E-2;9,877564E-2;9,324562E-1;;
02/12/2021  12:05:23,937158;9,264627E-1;9,838208E-2;1,136244E-1;9,321276E-1;;
02/12/2021  12:05:23,937258;9,269812E-1;5,760384E-2;1,095173E-1;9,318060E-1;;
02/12/2021  12:05:23,937358;9,270081E-1;1,127182E-1;1,234183E-1;9,314916E-1;;
02/12/2021  12:05:23,937458;9,262332E-1;1,079395E-1;1,129926E-1;9,311848E-1;;
02/12/2021  12:05:23,937558;9,258070E-1;1,254614E-1;1,439539E-1;9,308859E-1;;
02/12/2021  12:05:23,937658;9,246715E-1;1,413904E-1;1,486929E-1;9,305950E-1;;
02/12/2021  12:05:23,937758;9,253510E-1;1,200455E-1;1,265777E-1;9,303121E-1;;
02/12/2021  12:05:23,937858;9,256699E-1;1,273729E-1;1,344760E-1;9,300371E-1;;
02/12/2021  12:05:23,937958;9,259292E-1;1,538150E-1;1,363715E-1;9,297699E-1;;
02/12/2021  12:05:23,938058;9,256103E-1;1,808943E-1;1,648054E-1;9,295107E-1;;
02/12/2021  12:05:23,938158;9,252556E-1;1,796200E-1;1,543797E-1;9,292596E-1;;
02/12/2021  12:05:23,938258;9,262630E-1;1,706997E-1;1,439539E-1;9,290165E-1;;
02/12/2021  12:05:23,938358;9,274968E-1;1,630538E-1;1,572231E-1;9,287816E-1;;
02/12/2021  12:05:23,938458;9,275296E-1;1,573194E-1;1,543797E-1;9,285551E-1;;
02/12/2021  12:05:23,938558;9,282896E-1;1,480806E-1;1,439539E-1;9,283375E-1;;
02/12/2021  12:05:23,938658;9,291867E-1;8,914326E-2;9,845971E-2;9,281292E-1;;
02/12/2021  12:05:23,938758;9,304026E-1;1,391603E-1;1,597505E-1;9,279309E-1;;
02/12/2021  12:05:23,938858;9,318123E-1;1,165411E-1;1,205749E-1;9,277431E-1;;
02/12/2021  12:05:23,938958;9,323756E-1;1,327887E-1;1,332122E-1;9,275668E-1;;
02/12/2021  12:05:23,939058;9,326051E-1;1,267357E-1;1,243661E-1;9,274030E-1;;
02/12/2021  12:05:23,939158;9,338836E-1;1,159040E-1;1,433221E-1;9,272526E-1;;
02/12/2021  12:05:23,939258;9,351890E-1;1,127182E-1;1,227865E-1;9,271166E-1;;
02/12/2021  12:05:23,939358;9,363573E-1;1,136739E-1;1,237343E-1;9,269958E-1;;
02/12/2021  12:05:23,939458;9,370219E-1;1,238685E-1;1,253139E-1;9,268916E-1;;
02/12/2021  12:05:23,939558;9,368043E-1;1,066652E-1;1,158360E-1;9,268048E-1;;
02/12/2021  12:05:23,939658;9,376746E-1;1,251428E-1;1,158360E-1;9,267366E-1;;
02/12/2021  12:05:23,939758;9,391558E-1;1,327887E-1;1,351078E-1;9,266875E-1;;
02/12/2021  12:05:23,939858;9,394747E-1;1,327887E-1;1,354238E-1;9,266586E-1;;
02/12/2021  12:05:23,939958;9,396892E-1;1,146297E-1;1,212068E-1;9,266504E-1;;
02/12/2021  12:05:23,940058;9,404045E-1;1,286472E-1;1,395309E-1;9,266637E-1;;
02/12/2021  12:05:23,940158;9,411079E-1;1,299215E-1;1,316326E-1;9,266990E-1;;
02/12/2021  12:05:23,940258;9,426517E-1;1,350188E-1;1,452176E-1;9,267567E-1;;
02/12/2021  12:05:23,940358;9,427589E-1;1,289658E-1;1,249980E-1;9,268372E-1;;
02/12/2021  12:05:23,940458;9,432179E-1;1,241871E-1;1,221546E-1;9,269409E-1;;
02/12/2021  12:05:23,940558;9,432596E-1;9,360338E-2;8,045158E-2;9,270681E-1;;
02/12/2021  12:05:23,940658;9,441120E-1;1,254614E-1;1,357397E-1;9,272189E-1;;
02/12/2021  12:05:23,940758;9,452684E-1;1,436204E-1;1,537478E-1;9,273932E-1;;
02/12/2021  12:05:23,940858;9,454472E-1;1,232313E-1;1,237343E-1;9,275910E-1;;
02/12/2021  12:05:23,940958;9,461326E-1;8,404598E-2;1,025668E-1;9,278122E-1;;
02/12/2021  12:05:23,941058;9,463055E-1;1,280100E-1;1,332122E-1;9,280566E-1;;
02/12/2021  12:05:23,941158;9,474946E-1;1,028422E-1;1,129926E-1;9,283240E-1;;
02/12/2021  12:05:23,941258;9,486450E-1;1,241871E-1;1,117289E-1;9,286140E-1;;
02/12/2021  12:05:23,941358;9,490384E-1;1,022050E-1;9,751191E-2;9,289264E-1;;
02/12/2021  12:05:23,941458;9,493842E-1;1,159040E-1;1,196272E-1;9,292608E-1;;
02/12/2021  12:05:23,941558;9,493633E-1;1,327887E-1;1,376353E-1;9,296169E-1;;
02/12/2021  12:05:23,941658;9,511783E-1;1,146297E-1;1,063580E-1;9,299941E-1;;
02/12/2021  12:05:23,941758;9,521171E-1;1,178155E-1;1,047783E-1;9,303920E-1;;
02/12/2021  12:05:23,941858;9,527668E-1;1,235499E-1;1,145722E-1;9,308101E-1;;
02/12/2021  12:05:23,941958;9,528264E-1;1,063466E-1;1,629098E-1;9,312479E-1;;
02/12/2021  12:05:23,942058;9,536221E-1;1,200455E-1;1,221546E-1;9,317051E-1;;
02/12/2021  12:05:23,942158;9,551182E-1;1,260985E-1;1,376353E-1;9,321811E-1;;
02/12/2021  12:05:23,942258;9,561137E-1;1,305587E-1;1,452176E-1;9,326752E-1;;
02/12/2021  12:05:23,942358;9,563163E-1;1,225942E-1;1,224705E-1;9,331871E-1;;
02/12/2021  12:05:23,942458;9,567515E-1;1,248242E-1;1,164678E-1;9,337164E-1;;
02/12/2021  12:05:23,942558;9,569422E-1;4,772786E-2;1,013031E-1;9,342623E-1;;
02/12/2021  12:05:23,942658;9,585098E-1;1,324701E-1;1,347919E-1;9,348242E-1;;
02/12/2021  12:05:23,942758;9,597973E-1;1,260985E-1;1,272095E-1;9,354016E-1;;
02/12/2021  12:05:23,942858;9,593860E-1;1,356559E-1;1,376353E-1;9,359939E-1;;
02/12/2021  12:05:23,942958;9,596572E-1;1,321516E-1;1,227865E-1;9,366004E-1;;
02/12/2021  12:05:23,943058;9,596632E-1;8,468314E-2;7,729226E-2;9,372204E-1;;
02/12/2021  12:05:23,943158;9,613411E-1;1,372488E-1;1,572231E-1;9,378530E-1;;
02/12/2021  12:05:23,943258;9,622799E-1;1,289658E-1;1,313166E-1;9,384975E-1;;
02/12/2021  12:05:23,943358;9,626852E-1;1,311958E-1;1,455336E-1;9,391531E-1;;
02/12/2021  12:05:23,943458;9,617673E-1;1,260985E-1;1,262617E-1;9,398191E-1;;
02/12/2021  12:05:23,943558;9,620772E-1;7,831154E-2;1,373193E-1;9,404947E-1;;
02/12/2021  12:05:23,943658;9,639310E-1;1,216384E-1;1,136244E-1;9,411789E-1;;
02/12/2021  12:05:23,943758;9,641545E-1;1,139925E-1;1,208909E-1;9,418707E-1;;
02/12/2021  12:05:23,943858;9,638893E-1;1,241871E-1;1,357397E-1;9,425692E-1;;
02/12/2021  12:05:23,943958;9,636091E-1;1,257800E-1;1,297370E-1;9,432737E-1;;
02/12/2021  12:05:23,944058;9,638565E-1;1,232313E-1;1,281573E-1;9,439830E-1;;
02/12/2021  12:05:23,944158;9,652274E-1;1,334259E-1;1,512204E-1;9,446960E-1;;
02/12/2021  12:05:23,944258;9,654808E-1;1,308772E-1;1,294210E-1;9,454117E-1;;
02/12/2021  12:05:23,944358;9,650039E-1;1,267357E-1;1,164678E-1;9,461292E-1;;
02/12/2021  12:05:23,944458;9,645926E-1;8,595746E-2;1,385831E-1;9,468474E-1;;
02/12/2021  12:05:23,944558;9,651946E-1;1,264171E-1;1,272095E-1;9,475653E-1;;
02/12/2021  12:05:23,944658;9,659516E-1;7,958586E-2;9,119327E-2;9,482817E-1;;
02/12/2021  12:05:23,944758;9,660917E-1;1,260985E-1;1,259458E-1;9,489955E-1;;
02/12/2021  12:05:23,944858;9,660977E-1;1,245056E-1;1,174156E-1;9,497059E-1;;
02/12/2021  12:05:23,944958;9,656745E-1;1,283286E-1;1,351078E-1;9,504118E-1;;
02/12/2021  12:05:23,945058;9,662139E-1;1,340630E-1;1,297370E-1;9,511122E-1;;
02/12/2021  12:05:23,945158;9,668070E-1;7,480716E-2;5,612482E-2;9,518061E-1;;
02/12/2021  12:05:23,945258;9,678322E-1;1,219570E-1;1,524841E-1;9,524928E-1;;
02/12/2021  12:05:23,945358;9,673136E-1;1,194084E-1;1,224705E-1;9,531714E-1;;
02/12/2021  12:05:23,945458;9,669918E-1;1,225942E-1;1,240502E-1;9,538413E-1;;
02/12/2021  12:05:23,945558;9,672004E-1;4,167484E-2;5,549295E-2;9,545017E-1;;
02/12/2021  12:05:23,945658;9,685832E-1;1,257800E-1;1,224705E-1;9,551519E-1;;
02/12/2021  12:05:23,945758;9,684432E-1;1,248242E-1;1,319485E-1;9,557914E-1;;
02/12/2021  12:05:23,945858;9,677517E-1;1,245056E-1;1,284732E-1;9,564196E-1;;
02/12/2021  12:05:23,945958;9,677488E-1;1,496735E-1;1,477451E-1;9,570360E-1;;
02/12/2021  12:05:23,946058;9,681779E-1;-7,556260E-2;4,348754E-2;9,576401E-1;;
02/12/2021  12:05:23,946158;9,685713E-1;1,088952E-1;1,129926E-1;9,582312E-1;;
02/12/2021  12:05:23,946258;9,677547E-1;1,280100E-1;1,193112E-1;9,588090E-1;;
02/12/2021  12:05:23,946358;9,676415E-1;1,366117E-1;1,455336E-1;9,593729E-1;;
02/12/2021  12:05:23,946458;9,663927E-1;1,340630E-1;1,322644E-1;9,599225E-1;;
02/12/2021  12:05:23,946558;9,670186E-1;1,229127E-1;1,205749E-1;9,604570E-1;;
02/12/2021  12:05:23,946658;9,665477E-1;1,359745E-1;1,477451E-1;9,609758E-1;;
02/12/2021  12:05:23,946758;9,661930E-1;1,353374E-1;1,303688E-1;9,614783E-1;;
02/12/2021  12:05:23,946858;9,657847E-1;1,321516E-1;1,411105E-1;9,619640E-1;;
02/12/2021  12:05:23,946958;9,643274E-1;1,143111E-1;1,069899E-1;9,624321E-1;;
02/12/2021  12:05:23,947058;9,650903E-1;1,050723E-1;1,000394E-1;9,628819E-1;;
02/12/2021  12:05:23,947158;9,649085E-1;1,321516E-1;1,310007E-1;9,633128E-1;;
02/12/2021  12:05:23,947258;9,639131E-1;1,321516E-1;1,278414E-1;9,637243E-1;;
02/12/2021  12:05:23,947358;9,633588E-1;1,130368E-1;1,170997E-1;9,641157E-1;;
02/12/2021  12:05:23,947458;9,628104E-1;-2,363406E-2;3,432551E-2;9,644865E-1;;
02/12/2021  12:05:23,947558;9,629415E-1;1,375674E-1;1,644895E-1;9,648361E-1;;
02/12/2021  12:05:23,947658;9,632276E-1;1,407532E-1;1,420583E-1;9,651640E-1;;
02/12/2021  12:05:23,947758;9,615944E-1;1,369303E-1;1,325804E-1;9,654699E-1;;
02/12/2021  12:05:23,947858;9,614544E-1;1,280100E-1;1,259458E-1;9,657533E-1;;
02/12/2021  12:05:23,947958;9,607361E-1;1,114439E-1;1,189953E-1;9,660140E-1;;
02/12/2021  12:05:23,948058;9,614573E-1;1,347002E-1;1,370034E-1;9,662515E-1;;
02/12/2021  12:05:23,948158;9,607689E-1;1,448948E-1;1,347919E-1;9,664657E-1;;
02/12/2021  12:05:23,948258;9,601281E-1;1,445762E-1;1,388990E-1;9,666564E-1;;
02/12/2021  12:05:23,948358;9,585158E-1;1,213198E-1;1,215227E-1;9,668237E-1;;
02/12/2021  12:05:23,948458;9,579197E-1;1,401161E-1;1,234183E-1;9,669672E-1;;
02/12/2021  12:05:23,948558;9,581641E-1;1,512664E-1;1,401627E-1;9,670868E-1;;
02/12/2021  12:05:23,948658;9,573624E-1;1,216384E-1;1,234183E-1;9,671822E-1;;
02/12/2021  12:05:23,948758;9,568856E-1;1,225942E-1;1,265777E-1;9,672535E-1;;
02/12/2021  12:05:23,948858;9,557501E-1;1,248242E-1;1,196272E-1;9,673005E-1;;
02/12/2021  12:05:23,948958;9,551838E-1;1,232313E-1;1,354238E-1;9,673233E-1;;
02/12/2021  12:05:23,949058;9,555176E-1;1,069837E-1;1,155200E-1;9,673219E-1;;
02/12/2021  12:05:23,949158;9,550348E-1;1,101695E-1;1,174156E-1;9,672962E-1;;
02/12/2021  12:05:23,949258;9,539321E-1;1,034794E-1;1,110970E-1;9,672465E-1;;
02/12/2021  12:05:23,949358;9,528443E-1;3,817046E-2;5,296550E-2;9,671730E-1;;
02/12/2021  12:05:23,949458;9,518965E-1;1,139925E-1;1,145722E-1;9,670759E-1;;
02/12/2021  12:05:23,949558;9,521409E-1;1,178155E-1;1,354238E-1;9,669553E-1;;
02/12/2021  12:05:23,949658;9,515240E-1;1,162226E-1;1,316326E-1;9,668113E-1;;
02/12/2021  12:05:23,949758;9,508534E-1;1,025236E-1;1,205749E-1;9,666442E-1;;
02/12/2021  12:05:23,949858;9,493931E-1;1,222756E-1;1,287892E-1;9,664544E-1;;
02/12/2021  12:05:23,949958;9,487315E-1;1,127182E-1;1,215227E-1;9,662421E-1;;
02/12/2021  12:05:23,950058;9,490980E-1;8,532030E-2;9,340479E-2;9,660075E-1;;
02/12/2021  12:05:23,950158;9,486778E-1;8,595746E-2;7,855599E-2;9,657511E-1;;
02/12/2021  12:05:23,950258;9,467138E-1;1,130368E-1;1,231024E-1;9,654733E-1;;
02/12/2021  12:05:23,950358;9,454680E-1;1,114439E-1;1,145722E-1;9,651745E-1;;
02/12/2021  12:05:23,950458;9,456260E-1;9,296622E-2;8,803395E-2;9,648549E-1;;
02/12/2021  12:05:23,950558;9,450597E-1;7,512574E-2;7,602853E-2;9,645149E-1;;
02/12/2021  12:05:23,950658;9,439451E-1;1,085766E-1;1,139404E-1;9,641548E-1;;
02/12/2021  12:05:23,950758;9,426069E-1;1,178155E-1;1,249980E-1;9,637750E-1;;
02/12/2021  12:05:23,950858;9,411079E-1;1,015679E-1;1,069899E-1;9,633759E-1;;
02/12/2021  12:05:23,950958;9,415430E-1;1,104881E-1;1,212068E-1;9,629577E-1;;
02/12/2021  12:05:23,951058;9,405565E-1;1,366117E-1;1,632258E-1;9,625207E-1;;
02/12/2021  12:05:23,951158;9,388548E-1;1,519035E-1;1,502726E-1;9,620651E-1;;
02/12/2021  12:05:23,951258;9,376686E-1;1,417090E-1;1,082536E-1;9,615914E-1;;
02/12/2021  12:05:23,951358;9,357523E-1;1,515849E-1;1,275255E-1;9,610996E-1;;
02/12/2021  12:05:23,951458;9,359847E-1;1,480806E-1;1,467973E-1;9,605898E-1;;
02/12/2021  12:05:23,951558;9,352754E-1;1,716555E-1;1,540637E-1;9,600622E-1;;
02/12/2021  12:05:23,951658;9,332786E-1;1,703812E-1;1,556434E-1;9,595170E-1;;
02/12/2021  12:05:23,951758;9,324560E-1;1,640096E-1;1,445858E-1;9,589543E-1;;
02/12/2021  12:05:23,951858;9,313593E-1;9,392196E-2;6,939396E-2;9,583742E-1;;
02/12/2021  12:05:23,951958;9,314785E-1;1,445762E-1;1,960827E-1;9,577770E-1;;
02/12/2021  12:05:23,952058;9,310374E-1;1,531778E-1;1,537478E-1;9,571628E-1;;
02/12/2021  12:05:23,952158;9,295145E-1;1,241871E-1;1,493248E-1;9,565320E-1;;
02/12/2021  12:05:23,952258;9,278604E-1;1,267357E-1;1,268936E-1;9,558851E-1;;
02/12/2021  12:05:23,952358;9,273329E-1;9,264764E-2;8,013565E-2;9,552224E-1;;
02/12/2021  12:05:23,952458;9,275117E-1;1,181340E-1;1,088855E-1;9,545442E-1;;
02/12/2021  12:05:23,952558;9,270408E-1;1,222756E-1;1,205749E-1;9,538509E-1;;
02/12/2021  12:05:23,952658;9,259530E-1;1,442576E-1;1,471132E-1;9,531432E-1;;
02/12/2021  12:05:23,952758;9,243496E-1;1,407532E-1;1,357397E-1;9,524217E-1;;
02/12/2021  12:05:23,952858;9,247043E-1;1,238685E-1;1,496407E-1;9,516870E-1;;
02/12/2021  12:05:23,952958;9,246566E-1;1,034794E-1;1,155200E-1;9,509397E-1;;
02/12/2021  12:05:23,953058;9,247311E-1;1,229127E-1;1,319485E-1;9,501806E-1;;
02/12/2021  12:05:23,953158;9,229549E-1;1,251428E-1;1,117289E-1;9,494107E-1;;
02/12/2021  12:05:23,953258;9,226270E-1;8,786894E-2;1,107811E-1;9,486308E-1;;
02/12/2021  12:05:23,953358;9,218879E-1;1,311958E-1;1,376353E-1;9,478420E-1;;
02/12/2021  12:05:23,953458;9,229191E-1;1,133553E-1;1,031987E-1;9,470450E-1;;
02/12/2021  12:05:23,953558;9,218909E-1;1,194084E-1;1,300529E-1;9,462409E-1;;
02/12/2021  12:05:23,953658;9,213783E-1;1,216384E-1;1,208909E-1;9,454308E-1;;
02/12/2021  12:05:23,953758;9,213455E-1;9,392196E-2;9,593225E-2;9,446159E-1;;
02/12/2021  12:05:23,953858;9,217955E-1;1,251428E-1;1,275255E-1;9,437971E-1;;
02/12/2021  12:05:23,953958;9,229668E-1;1,305587E-1;1,284732E-1;9,429759E-1;;
02/12/2021  12:05:23,954058;9,224422E-1;1,276914E-1;1,025668E-1;9,421537E-1;;
02/12/2021  12:05:23,954158;9,217329E-1;1,385232E-1;1,351078E-1;9,413320E-1;;
02/12/2021  12:05:23,954258;9,216316E-1;1,331073E-1;1,328963E-1;9,405122E-1;;
02/12/2021  12:05:23,954358;9,221889E-1;1,162226E-1;1,101492E-1;9,396959E-1;;
02/12/2021  12:05:23,954458;9,226807E-1;1,257800E-1;1,183634E-1;9,388843E-1;;
02/12/2021  12:05:23,954558;9,222008E-1;1,216384E-1;1,193112E-1;9,380791E-1;;
02/12/2021  12:05:23,954658;9,220965E-1;1,213198E-1;1,234183E-1;9,372816E-1;;
02/12/2021  12:05:23,954758;9,212024E-1;1,369303E-1;1,351078E-1;9,364933E-1;;
02/12/2021  12:05:23,954858;9,217180E-1;1,391603E-1;1,461654E-1;9,357154E-1;;
02/12/2021  12:05:23,954958;9,224691E-1;1,213198E-1;1,253139E-1;9,349490E-1;;
02/12/2021  12:05:23,955058;9,218641E-1;1,296029E-1;1,237343E-1;9,341953E-1;;
02/12/2021  12:05:23,955158;9,212561E-1;1,292843E-1;1,411105E-1;9,334556E-1;;
02/12/2021  12:05:23,955258;9,206570E-1;1,225942E-1;1,240502E-1;9,327308E-1;;
02/12/2021  12:05:23,955358;9,212620E-1;1,200455E-1;1,196272E-1;9,320217E-1;;
02/12/2021  12:05:23,955458;9,218432E-1;1,356559E-1;1,528000E-1;9,313291E-1;;
02/12/2021  12:05:23,955558;9,213783E-1;1,410718E-1;1,325804E-1;9,306538E-1;;
02/12/2021  12:05:23,955658;9,204544E-1;1,120810E-1;1,237343E-1;9,299965E-1;;
02/12/2021  12:05:23,955758;9,208537E-1;1,165411E-1;1,212068E-1;9,293578E-1;;
02/12/2021  12:05:23,955858;9,220369E-1;6,270112E-2;8,898175E-2;9,287383E-1;;
02/12/2021  12:05:23,955958;9,222396E-1;1,305587E-1;1,433221E-1;9,281384E-1;;
02/12/2021  12:05:23,956058;9,219922E-1;1,187712E-1;1,208909E-1;9,275588E-1;;
02/12/2021  12:05:23,956158;9,220578E-1;1,203641E-1;1,202590E-1;9,270001E-1;;
02/12/2021  12:05:23,956258;9,218045E-1;-1,758104E-2;8,550650E-2;9,264626E-1;;
02/12/2021  12:05:23,956358;9,231694E-1;1,493549E-1;1,856569E-1;9,259469E-1;;
02/12/2021  12:05:23,956458;9,236284E-1;1,238685E-1;1,275255E-1;9,254533E-1;;
02/12/2021  12:05:23,956558;9,232171E-1;1,318330E-1;1,306848E-1;9,249822E-1;;
02/12/2021  12:05:23,956658;9,229370E-1;1,292843E-1;1,300529E-1;9,245341E-1;;
02/12/2021  12:05:23,956758;9,235062E-1;1,302401E-1;1,319485E-1;9,241093E-1;;
02/12/2021  12:05:23,956858;9,249308E-1;1,388417E-1;1,509044E-1;9,237078E-1;;
02/12/2021  12:05:23,956958;9,255537E-1;1,194084E-1;1,193112E-1;9,233301E-1;;
02/12/2021  12:05:23,957058;9,249218E-1;9,870066E-2;1,098333E-1;9,229764E-1;;
02/12/2021  12:05:23,957158;9,244510E-1;1,401161E-1;1,455336E-1;9,226470E-1;;
02/12/2021  12:05:23,957258;9,249278E-1;1,426647E-1;1,199431E-1;9,223419E-1;;
02/12/2021  12:05:23,957358;9,259471E-1;1,190898E-1;1,199431E-1;9,220611E-1;;
02/12/2021  12:05:23,957458;9,264150E-1;1,289658E-1;1,287892E-1;9,218046E-1;;
02/12/2021  12:05:23,957558;9,265312E-1;1,273729E-1;1,347919E-1;9,215723E-1;;
02/12/2021  12:05:23,957658;9,262928E-1;9,073616E-2;1,199431E-1;9,213642E-1;;
02/12/2021  12:05:23,957758;9,262481E-1;1,197269E-1;1,249980E-1;9,211802E-1;;
02/12/2021  12:05:23,957858;9,284386E-1;5,664810E-2;9,561632E-2;9,210199E-1;;
02/12/2021  12:05:23,957958;9,279021E-1;1,276914E-1;1,227865E-1;9,208833E-1;;
02/12/2021  12:05:23,958058;9,279498E-1;1,174969E-1;1,265777E-1;9,207702E-1;;
02/12/2021  12:05:23,958158;9,279469E-1;9,201048E-2;1,240502E-1;9,206802E-1;;
02/12/2021  12:05:23,958258;9,288201E-1;1,283286E-1;1,325804E-1;9,206131E-1;;
02/12/2021  12:05:23,958358;9,295085E-1;1,503106E-1;1,423743E-1;9,205684E-1;;
02/12/2021  12:05:23,958458;9,298870E-1;1,149482E-1;1,262617E-1;9,205459E-1;;
02/12/2021  12:05:23,958558;9,299705E-1;1,404346E-1;1,357397E-1;9,205452E-1;;
02/12/2021  12:05:23,958658;9,301165E-1;1,210013E-1;1,249980E-1;9,205659E-1;;
02/12/2021  12:05:23,958758;9,313831E-1;1,359745E-1;1,338441E-1;9,206075E-1;;
02/12/2021  12:05:23,958858;9,327243E-1;1,296029E-1;1,104651E-1;9,206698E-1;;
02/12/2021  12:05:23,958958;9,323577E-1;9,965640E-2;1,006712E-1;9,207523E-1;;
02/12/2021  12:05:23,959058;9,329925E-1;1,401161E-1;1,332122E-1;9,208549E-1;;
02/12/2021  12:05:23,959158;9,326110E-1;1,088952E-1;1,174156E-1;9,209772E-1;;
02/12/2021  12:05:23,959258;9,331892E-1;6,238254E-2;6,244346E-2;9,211187E-1;;
02/12/2021  12:05:23,959358;9,344290E-1;1,235499E-1;1,366875E-1;9,212789E-1;;
02/12/2021  12:05:23,959458;9,342263E-1;1,213198E-1;1,183634E-1;9,214573E-1;;
02/12/2021  12:05:23,959558;9,343724E-1;1,254614E-1;1,249980E-1;9,216534E-1;;
02/12/2021  12:05:23,959658;9,337108E-1;9,105474E-2;1,069899E-1;9,218668E-1;;
02/12/2021  12:05:23,959758;9,353887E-1;1,245056E-1;1,363715E-1;9,220965E-1;;
02/12/2021  12:05:23,959858;9,364347E-1;1,321516E-1;1,606983E-1;9,223420E-1;;
02/12/2021  12:05:23,959958;9,358655E-1;1,206827E-1;1,221546E-1;9,226028E-1;;
02/12/2021  12:05:23,960058;9,353797E-1;6,747982E-2;7,413294E-2;9,228782E-1;;
02/12/2021  12:05:23,960158;9,354036E-1;1,264171E-1;1,644895E-1;9,231675E-1;;
02/12/2021  12:05:23,960258;9,367149E-1;1,433019E-1;1,354238E-1;9,234698E-1;;
02/12/2021  12:05:23,960358;9,375375E-1;1,496735E-1;1,461654E-1;9,237843E-1;;
02/12/2021  12:05:23,960458;9,371768E-1;1,280100E-1;1,256299E-1;9,241105E-1;;
02/12/2021  12:05:23,960558;9,375553E-1;6,110822E-2;8,108345E-2;9,244475E-1;;
02/12/2021  12:05:23,960658;9,383719E-1;1,429833E-1;1,834454E-1;9,247947E-1;;
02/12/2021  12:05:23,960758;9,399336E-1;1,378860E-1;1,341600E-1;9,251515E-1;;
02/12/2021  12:05:23,960858;9,403687E-1;1,155854E-1;1,199431E-1;9,255173E-1;;
02/12/2021  12:05:23,960958;9,406400E-1;1,197269E-1;1,449017E-1;9,258918E-1;;
02/12/2021  12:05:23,961058;9,406310E-1;1,232313E-1;1,284732E-1;9,262747E-1;;
02/12/2021  12:05:23,961158;9,407949E-1;1,382046E-1;1,445858E-1;9,266655E-1;;
02/12/2021  12:05:23,961258;9,422076E-1;6,620550E-2;6,781430E-2;9,270637E-1;;
02/12/2021  12:05:23,961358;9,429705E-1;1,076209E-1;1,133085E-1;9,274690E-1;;
02/12/2021  12:05:23,961458;9,437693E-1;1,442576E-1;1,486929E-1;9,278810E-1;;
02/12/2021  12:05:23,961558;9,434861E-1;1,181340E-1;1,205749E-1;9,282995E-1;;
02/12/2021  12:05:23,961658;9,441239E-1;1,407532E-1;1,366875E-1;9,287243E-1;;
02/12/2021  12:05:23,961758;9,455008E-1;1,477620E-1;1,357397E-1;9,291551E-1;;
02/12/2021  12:05:23,961858;9,457720E-1;1,299215E-1;1,259458E-1;9,295916E-1;;
02/12/2021  12:05:23,961958;9,461803E-1;1,073023E-1;9,782784E-2;9,300338E-1;;
02/12/2021  12:05:23,962058;9,456200E-1;1,378860E-1;1,486929E-1;9,304814E-1;;
02/12/2021  12:05:23,962158;9,455783E-1;1,159040E-1;1,155200E-1;9,309341E-1;;
02/12/2021  12:05:23,962258;9,469254E-1;1,114439E-1;1,161519E-1;9,313914E-1;;
02/12/2021  12:05:23,962358;9,474201E-1;1,095324E-1;1,193112E-1;9,318530E-1;;
02/12/2021  12:05:23,962458;9,470714E-1;1,127182E-1;1,101492E-1;9,323185E-1;;
02/12/2021  12:05:23,962558;9,466572E-1;1,241871E-1;1,129926E-1;9,327874E-1;;
02/12/2021  12:05:23,962658;9,479059E-1;9,774492E-2;1,041465E-1;9,332594E-1;;
02/12/2021  12:05:23,962758;9,490861E-1;8,149734E-2;1,073058E-1;9,337339E-1;;
02/12/2021  12:05:23,962858;9,492679E-1;1,152668E-1;1,749153E-1;9,342105E-1;;
02/12/2021  12:05:23,962958;9,495779E-1;1,073023E-1;1,189953E-1;9,346890E-1;;
02/12/2021  12:05:23,963058;9,483530E-1;9,041758E-2;1,016190E-1;9,351691E-1;;
02/12/2021  12:05:23,963158;9,487136E-1;6,716124E-2;1,028828E-1;9,356502E-1;;
02/12/2021  12:05:23,963258;9,497477E-1;7,448858E-2;1,142563E-1;9,361319E-1;;
02/12/2021  12:05:23,963358;9,510889E-1;1,002936E-1;1,123607E-1;9,366135E-1;;
02/12/2021  12:05:23,963458;9,503796E-1;9,806350E-2;1,117289E-1;9,370949E-1;;
02/12/2021  12:05:23,963558;9,502991E-1;1,009307E-1;1,095173E-1;9,375756E-1;;
02/12/2021  12:05:23,963658;9,510799E-1;3,371034E-2;8,613836E-2;9,380552E-1;;
02/12/2021  12:05:23,963758;9,521499E-1;9,678918E-2;1,098333E-1;9,385333E-1;;
02/12/2021  12:05:23,963858;9,521230E-1;1,076209E-1;1,082536E-1;9,390096E-1;;
02/12/2021  12:05:23,963958;9,517118E-1;1,159040E-1;1,436380E-1;9,394840E-1;;
02/12/2021  12:05:23,964058;9,518608E-1;1,012493E-1;1,158360E-1;9,399560E-1;;
02/12/2021  12:05:23,964158;9,528502E-1;1,235499E-1;1,281573E-1;9,404253E-1;;
02/12/2021  12:05:23,964258;9,529098E-1;1,404346E-1;1,704922E-1;9,408915E-1;;
02/12/2021  12:05:23,964358;9,535059E-1;1,321516E-1;1,319485E-1;9,413544E-1;;
02/12/2021  12:05:23,964458;9,532407E-1;1,334259E-1;1,540637E-1;9,418138E-1;;
02/12/2021  12:05:23,964558;9,524688E-1;1,474434E-1;1,344760E-1;9,422694E-1;;
02/12/2021  12:05:23,964658;9,536072E-1;1,706997E-1;1,531159E-1;9,427208E-1;;
02/12/2021  12:05:23,964758;9,545580E-1;1,585937E-1;1,449017E-1;9,431677E-1;;
02/12/2021  12:05:23,964858;9,542659E-1;1,732484E-1;1,556434E-1;9,436098E-1;;
02/12/2021  12:05:23,964958;9,531870E-1;1,735670E-1;1,531159E-1;9,440469E-1;;
02/12/2021  12:05:23,965058;9,534880E-1;1,898145E-1;1,758630E-1;9,444788E-1;;
02/12/2021  12:05:23,965158;9,540602E-1;1,203641E-1;1,986102E-1;9,449049E-1;;
02/12/2021  12:05:23,965258;9,544060E-1;1,417090E-1;1,430061E-1;9,453249E-1;;
02/12/2021  12:05:23,965358;9,542838E-1;1,401161E-1;1,392149E-1;9,457386E-1;;
02/12/2021  12:05:23,965458;9,543970E-1;1,184526E-1;1,208909E-1;9,461457E-1;;
02/12/2021  12:05:23,965558;9,543732E-1;1,321516E-1;1,392149E-1;9,465458E-1;;
02/12/2021  12:05:23,965658;9,561554E-1;1,187712E-1;1,249980E-1;9,469388E-1;;
02/12/2021  12:05:23,965758;9,564504E-1;1,178155E-1;1,246821E-1;9,473245E-1;;
02/12/2021  12:05:23,965858;9,558186E-1;1,340630E-1;1,423743E-1;9,477031E-1;;
02/12/2021  12:05:23,965958;9,555891E-1;1,394789E-1;1,392149E-1;9,480746E-1;;
02/12/2021  12:05:23,966058;9,550914E-1;1,079395E-1;9,688005E-2;9,484388E-1;;
02/12/2021  12:05:23,966158;9,559974E-1;1,025236E-1;1,038306E-1;9,487957E-1;;
02/12/2021  12:05:23,966258;9,565697E-1;1,171783E-1;1,224705E-1;9,491451E-1;;
02/12/2021  12:05:23,966358;9,561971E-1;1,324701E-1;1,395309E-1;9,494869E-1;;
02/12/2021  12:05:23,966458;9,557352E-1;1,378860E-1;1,170997E-1;9,498211E-1;;
02/12/2021  12:05:23,966558;9,552732E-1;1,174969E-1;1,136244E-1;9,501476E-1;;
02/12/2021  12:05:23,966658;9,562627E-1;1,585937E-1;1,449017E-1;9,504663E-1;;
02/12/2021  12:05:23,966758;9,560481E-1;1,302401E-1;1,344760E-1;9,507769E-1;;
02/12/2021  12:05:23,966858;9,553030E-1;1,225942E-1;1,212068E-1;9,510794E-1;;
02/12/2021  12:05:23,966958;9,542003E-1;1,136739E-1;1,063580E-1;9,513735E-1;;
02/12/2021  12:05:23,967058;9,543016E-1;1,101695E-1;1,088855E-1;9,516590E-1;;
02/12/2021  12:05:23,967158;9,545341E-1;1,219570E-1;1,183634E-1;9,519353E-1;;
02/12/2021  12:05:23,967258;9,542391E-1;1,710183E-1;1,635417E-1;9,522022E-1;;
02/12/2021  12:05:23,967358;9,545609E-1;1,296029E-1;1,262617E-1;9,524592E-1;;
02/12/2021  12:05:23,967458;9,533837E-1;1,123996E-1;1,199431E-1;9,527061E-1;;
02/12/2021  12:05:23,967558;9,539410E-1;9,933782E-2;1,095173E-1;9,529427E-1;;
02/12/2021  12:05:23,967658;9,542003E-1;1,155854E-1;1,104651E-1;9,531685E-1;;
02/12/2021  12:05:23,967758;9,543225E-1;3,179886E-2;6,086380E-2;9,533835E-1;;
02/12/2021  12:05:23,967858;9,542152E-1;1,060280E-1;1,047783E-1;9,535875E-1;;
02/12/2021  12:05:23,967958;9,531125E-1;1,174969E-1;1,142563E-1;9,537804E-1;;
02/12/2021  12:05:23,968058;9,531036E-1;1,311958E-1;1,322644E-1;9,539622E-1;;
02/12/2021  12:05:23,968158;9,540871E-1;1,557265E-1;1,360556E-1;9,541326E-1;;
02/12/2021  12:05:23,968258;9,541139E-1;1,222756E-1;1,272095E-1;9,542918E-1;;
02/12/2021  12:05:23,968358;9,534135E-1;1,187712E-1;1,193112E-1;9,544396E-1;;
02/12/2021  12:05:23,968458;9,534493E-1;1,012493E-1;1,003553E-1;9,545763E-1;;
02/12/2021  12:05:23,968558;9,540632E-1;1,152668E-1;1,205749E-1;9,547018E-1;;
02/12/2021  12:05:23,968658;9,543314E-1;1,423461E-1;1,682807E-1;9,548165E-1;;
02/12/2021  12:05:23,968758;9,537294E-1;1,334259E-1;1,335282E-1;9,549206E-1;;
02/12/2021  12:05:23,968858;9,534910E-1;1,276914E-1;1,284732E-1;9,550143E-1;;
02/12/2021  12:05:23,968958;9,528622E-1;1,216384E-1;1,310007E-1;9,550978E-1;;
02/12/2021  12:05:23,969058;9,534314E-1;1,331073E-1;1,287892E-1;9,551714E-1;;
02/12/2021  12:05:23,969158;9,531185E-1;1,181340E-1;1,253139E-1;9,552351E-1;;
02/12/2021  12:05:23,969258;9,525880E-1;1,063466E-1;1,152041E-1;9,552893E-1;;
02/12/2021  12:05:23,969358;9,518578E-1;1,270543E-1;1,259458E-1;9,553340E-1;;
02/12/2021  12:05:23,969458;9,510442E-1;1,184526E-1;7,413294E-2;9,553694E-1;;
02/12/2021  12:05:23,969558;9,516104E-1;1,359745E-1;1,249980E-1;9,553953E-1;;
02/12/2021  12:05:23,969658;9,512290E-1;1,152668E-1;1,202590E-1;9,554118E-1;;
02/12/2021  12:05:23,969758;9,502484E-1;1,464877E-1;1,600664E-1;9,554188E-1;;
02/12/2021  12:05:23,969858;9,492381E-1;1,388417E-1;1,392149E-1;9,554165E-1;;
02/12/2021  12:05:23,969958;9,493722E-1;1,178155E-1;1,044624E-1;9,554045E-1;;
02/12/2021  12:05:23,970058;9,491040E-1;1,232313E-1;1,272095E-1;9,553827E-1;;
02/12/2021  12:05:23,970158;9,491070E-1;1,283286E-1;1,281573E-1;9,553510E-1;;
02/12/2021  12:05:23,970258;9,482934E-1;1,847173E-1;1,682807E-1;9,553093E-1;;
02/12/2021  12:05:23,970358;9,471519E-1;1,369303E-1;1,332122E-1;9,552575E-1;;
02/12/2021  12:05:23,970458;9,469224E-1;9,615202E-2;1,126766E-1;9,551955E-1;;
02/12/2021  12:05:23,970558;9,473933E-1;1,190898E-1;1,227865E-1;9,551231E-1;;
02/12/2021  12:05:23,970658;9,473605E-1;1,305587E-1;1,354238E-1;9,550401E-1;;
02/12/2021  12:05:23,970758;9,466780E-1;9,774492E-2;6,686651E-2;9,549466E-1;;
02/12/2021  12:05:23,970858;9,447289E-1;4,963934E-2;7,792413E-2;9,548427E-1;;
02/12/2021  12:05:23,970958;9,435845E-1;1,251428E-1;1,107811E-1;9,547281E-1;;
02/12/2021  12:05:23,971058;9,439213E-1;1,012493E-1;1,085695E-1;9,546026E-1;;
02/12/2021  12:05:23,971158;9,434742E-1;1,302401E-1;1,360556E-1;9,544658E-1;;
02/12/2021  12:05:23,971258;9,425742E-1;1,286472E-1;1,287892E-1;9,543176E-1;;
02/12/2021  12:05:23,971358;9,415072E-1;5,186940E-2;8,076751E-2;9,541577E-1;;
02/12/2021  12:05:23,971458;9,415579E-1;1,197269E-1;1,259458E-1;9,539859E-1;;
02/12/2021  12:05:23,971558;9,414268E-1;1,200455E-1;1,297370E-1;9,538020E-1;;
02/12/2021  12:05:23,971658;9,409022E-1;1,315144E-1;8,108345E-2;9,536058E-1;;
02/12/2021  12:05:23,971758;9,405088E-1;1,190898E-1;1,170997E-1;9,533973E-1;;
02/12/2021  12:05:23,971858;9,391617E-1;1,235499E-1;1,129926E-1;9,531766E-1;;
02/12/2021  12:05:23,971958;9,395164E-1;6,843556E-2;1,360556E-1;9,529435E-1;;
02/12/2021  12:05:23,972058;9,396207E-1;4,549780E-2;7,824006E-2;9,526982E-1;;
02/12/2021  12:05:23,972158;9,393137E-1;1,264171E-1;1,231024E-1;9,524407E-1;;
02/12/2021  12:05:23,972258;9,391945E-1;1,283286E-1;1,281573E-1;9,521714E-1;;
02/12/2021  12:05:23,972358;9,383213E-1;1,203641E-1;1,300529E-1;9,518905E-1;;
02/12/2021  12:05:23,972458;9,389531E-1;1,031608E-1;1,477451E-1;9,515986E-1;;
02/12/2021  12:05:23,972558;9,393316E-1;1,340630E-1;1,322644E-1;9,512959E-1;;
02/12/2021  12:05:23,972658;9,390902E-1;1,229127E-1;1,218387E-1;9,509832E-1;;
02/12/2021  12:05:23,972758;9,382706E-1;1,292843E-1;1,553275E-1;9,506611E-1;;
02/12/2021  12:05:23,972858;9,366225E-1;1,302401E-1;1,366875E-1;9,503303E-1;;
02/12/2021  12:05:23,972958;9,372573E-1;1,382046E-1;1,303688E-1;9,499912E-1;;
02/12/2021  12:05:23,973058;9,367596E-1;1,509478E-1;1,644895E-1;9,496443E-1;;
02/12/2021  12:05:23,973158;9,365003E-1;1,159040E-1;1,098333E-1;9,492901E-1;;
02/12/2021  12:05:23,973258;9,354512E-1;1,458505E-1;1,490088E-1;9,489290E-1;;
02/12/2021  12:05:23,973358;9,343038E-1;1,356559E-1;1,325804E-1;9,485615E-1;;
02/12/2021  12:05:23,973458;9,344290E-1;1,241871E-1;1,025668E-1;9,481878E-1;;
02/12/2021  12:05:23,973558;9,345899E-1;1,069837E-1;1,208909E-1;9,478082E-1;;
02/12/2021  12:05:23,973658;9,336452E-1;1,289658E-1;1,313166E-1;9,474231E-1;;
02/12/2021  12:05:23,973758;9,324054E-1;1,388417E-1;1,284732E-1;9,470327E-1;;
02/12/2021  12:05:23,973858;9,317944E-1;1,127182E-1;1,973464E-1;9,466374E-1;;
02/12/2021  12:05:23,973958;9,316633E-1;1,369303E-1;1,477451E-1;9,462371E-1;;
02/12/2021  12:05:23,974058;9,317408E-1;1,232313E-1;1,249980E-1;9,458321E-1;;
02/12/2021  12:05:23,974158;9,311090E-1;1,350188E-1;1,354238E-1;9,454225E-1;;
02/12/2021  12:05:23,974258;9,301940E-1;1,308772E-1;1,291051E-1;9,450086E-1;;
02/12/2021  12:05:23,974358;9,305099E-1;1,260985E-1;1,202590E-1;9,445907E-1;;
02/12/2021  12:05:23,974458;9,306738E-1;1,391603E-1;1,452176E-1;9,441689E-1;;
02/12/2021  12:05:23,974558;9,302119E-1;1,283286E-1;1,234183E-1;9,437435E-1;;
02/12/2021  12:05:23,974658;9,298811E-1;1,362931E-1;1,388990E-1;9,433151E-1;;
02/12/2021  12:05:23,974758;9,286800E-1;1,347002E-1;1,294210E-1;9,428840E-1;;
02/12/2021  12:05:23,974858;9,283224E-1;9,870066E-2;8,361090E-2;9,424504E-1;;
02/12/2021  12:05:23,974958;9,285042E-1;1,289658E-1;1,243661E-1;9,420147E-1;;
02/12/2021  12:05:23,975058;9,279111E-1;1,382046E-1;1,344760E-1;9,415770E-1;;
02/12/2021  12:05:23,975158;9,275087E-1;1,200455E-1;1,322644E-1;9,411377E-1;;
02/12/2021  12:05:23,975258;9,268054E-1;1,143111E-1;1,249980E-1;9,406970E-1;;
02/12/2021  12:05:23,975358;9,263405E-1;1,120810E-1;1,189953E-1;9,402552E-1;;
02/12/2021  12:05:23,975458;9,271094E-1;6,843556E-2;9,119327E-2;9,398125E-1;;
02/12/2021  12:05:23,975558;9,262183E-1;1,143111E-1;1,212068E-1;9,393691E-1;;
02/12/2021  12:05:23,975658;9,255268E-1;1,190898E-1;1,164678E-1;9,389253E-1;;
02/12/2021  12:05:23,975758;9,237655E-1;6,110822E-2;8,361090E-2;9,384815E-1;;
02/12/2021  12:05:23,975858;9,242662E-1;1,127182E-1;1,265777E-1;9,380376E-1;;
02/12/2021  12:05:23,975958;9,242423E-1;1,037979E-1;1,085695E-1;9,375936E-1;;
02/12/2021  12:05:23,976058;9,234853E-1;7,863012E-2;1,066739E-1;9,371497E-1;;
02/12/2021  12:05:23,976158;9,228386E-1;9,870066E-2;1,028828E-1;9,367060E-1;;
02/12/2021  12:05:23,976258;9,217448E-1;8,914326E-2;1,076217E-1;9,362625E-1;;
02/12/2021  12:05:23,976358;9,218700E-1;1,130368E-1;1,259458E-1;9,358193E-1;;
02/12/2021  12:05:23,976458;9,218253E-1;1,092138E-1;9,688005E-2;9,353762E-1;;
02/12/2021  12:05:23,976558;9,217538E-1;1,098510E-1;1,246821E-1;9,349334E-1;;
02/12/2021  12:05:23,976658;9,203680E-1;8,277166E-2;1,047783E-1;9,344909E-1;;
02/12/2021  12:05:23,976758;9,193308E-1;8,277166E-2;1,126766E-1;9,340487E-1;;
02/12/2021  12:05:23,976858;9,188063E-1;1,022050E-1;1,297370E-1;9,336069E-1;;
02/12/2021  12:05:23,976958;9,190626E-1;5,378088E-2;6,149566E-2;9,331652E-1;;
02/12/2021  12:05:23,977058;9,187288E-1;8,372740E-2;9,814378E-2;9,327234E-1;;
02/12/2021  12:05:23,977158;9,175396E-1;1,022050E-1;1,170997E-1;9,322817E-1;;
02/12/2021  12:05:23,977258;9,171403E-1;1,123996E-1;1,221546E-1;9,318399E-1;;
02/12/2021  12:05:23,977358;9,175784E-1;1,499920E-1;1,313166E-1;9,313978E-1;;
02/12/2021  12:05:23,977458;9,177423E-1;1,334259E-1;1,783905E-1;9,309556E-1;;
02/12/2021  12:05:23,977558;9,175814E-1;1,073023E-1;1,183634E-1;9,305133E-1;;
02/12/2021  12:05:23,977658;9,163922E-1;1,327887E-1;1,458495E-1;9,300711E-1;;
02/12/2021  12:05:23,977758;9,159541E-1;1,369303E-1;1,335282E-1;9,296292E-1;;
02/12/2021  12:05:23,977858;9,166247E-1;1,378860E-1;1,262617E-1;9,291878E-1;;
02/12/2021  12:05:23,977958;9,165502E-1;1,598680E-1;1,420583E-1;9,287469E-1;;
02/12/2021  12:05:23,978058;9,167171E-1;1,614609E-1;1,449017E-1;9,283069E-1;;
02/12/2021  12:05:23,978158;9,166664E-1;1,930003E-1;1,745993E-1;9,278681E-1;;
02/12/2021  12:05:23,978258;9,168750E-1;1,468062E-1;1,717559E-1;9,274311E-1;;
02/12/2021  12:05:23,978358;9,181894E-1;1,356559E-1;1,310007E-1;9,269963E-1;;
02/12/2021  12:05:23,978458;9,181953E-1;1,420275E-1;1,395309E-1;9,265645E-1;;
02/12/2021  12:05:23,978558;9,180105E-1;1,350188E-1;1,799702E-1;9,261365E-1;;
02/12/2021  12:05:23,978658;9,174115E-1;1,496735E-1;1,347919E-1;9,257130E-1;;
02/12/2021  12:05:23,978758;9,169525E-1;1,299215E-1;1,420583E-1;9,252948E-1;;
02/12/2021  12:05:23,978858;9,178168E-1;1,219570E-1;1,575390E-1;9,248824E-1;;
02/12/2021  12:05:23,978958;9,181506E-1;1,194084E-1;1,256299E-1;9,244764E-1;;
02/12/2021  12:05:23,979058;9,181297E-1;1,254614E-1;1,303688E-1;9,240775E-1;;
02/12/2021  12:05:23,979158;9,180344E-1;1,127182E-1;1,196272E-1;9,236863E-1;;
02/12/2021  12:05:23,979258;9,180165E-1;8,022302E-2;9,593225E-2;9,233036E-1;;
02/12/2021  12:05:23,979358;9,189583E-1;1,308772E-1;1,265777E-1;9,229298E-1;;
02/12/2021  12:05:23,979458;9,190119E-1;1,273729E-1;1,316326E-1;9,225657E-1;;
02/12/2021  12:05:23,979558;9,191729E-1;1,937424E-2;5,233363E-2;9,222119E-1;;
02/12/2021  12:05:23,979658;9,189970E-1;1,260985E-1;1,622780E-1;9,218691E-1;;
02/12/2021  12:05:23,979758;9,191162E-1;1,187712E-1;1,170997E-1;9,215377E-1;;
02/12/2021  12:05:23,979858;9,196884E-1;1,289658E-1;1,332122E-1;9,212183E-1;;
02/12/2021  12:05:23,979958;9,196378E-1;1,181340E-1;1,265777E-1;9,209114E-1;;
02/12/2021  12:05:23,980058;9,198673E-1;1,120810E-1;1,208909E-1;9,206175E-1;;
02/12/2021  12:05:23,980158;9,195692E-1;1,012493E-1;1,145722E-1;9,203369E-1;;
02/12/2021  12:05:23,980258;9,204037E-1;1,229127E-1;1,281573E-1;9,200701E-1;;
02/12/2021  12:05:23,980358;9,216644E-1;6,078964E-2;1,013031E-1;9,198173E-1;;
02/12/2021  12:05:23,980458;9,220459E-1;1,146297E-1;1,445858E-1;9,195790E-1;;
02/12/2021  12:05:23,980558;9,210475E-1;1,146297E-1;1,240502E-1;9,193557E-1;;
02/12/2021  12:05:23,980658;9,208269E-1;1,171783E-1;1,161519E-1;9,191478E-1;;
02/12/2021  12:05:23,980758;9,216048E-1;1,225942E-1;1,423743E-1;9,189554E-1;;
02/12/2021  12:05:23,980858;9,227432E-1;7,640006E-2;8,076751E-2;9,187787E-1;;
02/12/2021  12:05:23,980958;9,228446E-1;1,213198E-1;1,231024E-1;9,186178E-1;;
02/12/2021  12:05:23,981058;9,232499E-1;1,203641E-1;1,272095E-1;9,184731E-1;;
02/12/2021  12:05:23,981158;9,237029E-1;1,541336E-1;1,575390E-1;9,183448E-1;;
02/12/2021  12:05:23,981258;9,245583E-1;1,267357E-1;1,183634E-1;9,182330E-1;;
02/12/2021  12:05:23,981358;9,255239E-1;1,171783E-1;1,202590E-1;9,181381E-1;;
02/12/2021  12:05:23,981458;9,265491E-1;1,114439E-1;1,041465E-1;9,180603E-1;;
02/12/2021  12:05:23,981558;9,265431E-1;1,184526E-1;1,543797E-1;9,180000E-1;;
02/12/2021  12:05:23,981658;9,268322E-1;1,251428E-1;1,234183E-1;9,179576E-1;;
02/12/2021  12:05:23,981758;9,282419E-1;1,254614E-1;1,193112E-1;9,179333E-1;;
02/12/2021  12:05:23,981858;9,296546E-1;1,563636E-1;1,745993E-1;9,179275E-1;;
02/12/2021  12:05:23,981958;9,298483E-1;1,168597E-1;1,174156E-1;9,179405E-1;;
02/12/2021  12:05:23,982058;9,304145E-1;1,627352E-1;1,714400E-1;9,179727E-1;;
02/12/2021  12:05:23,982158;9,316633E-1;1,302401E-1;1,287892E-1;9,180246E-1;;
02/12/2021  12:05:23,982258;9,332250E-1;1,130368E-1;1,221546E-1;9,180965E-1;;
02/12/2021  12:05:23,982358;9,346525E-1;1,171783E-1;1,272095E-1;9,181888E-1;;
02/12/2021  12:05:23,982458;9,349953E-1;1,334259E-1;1,357397E-1;9,183020E-1;;
02/12/2021  12:05:23,982558;9,349237E-1;1,260985E-1;1,170997E-1;9,184368E-1;;
02/12/2021  12:05:23,982658;9,360026E-1;1,178155E-1;1,322644E-1;9,185935E-1;;
02/12/2021  12:05:23,982758;9,372543E-1;1,350188E-1;1,357397E-1;9,187722E-1;;
02/12/2021  12:05:23,982858;9,385955E-1;1,299215E-1;1,294210E-1;9,189733E-1;;
02/12/2021  12:05:23,982958;9,391051E-1;1,238685E-1;1,284732E-1;9,191970E-1;;
02/12/2021  12:05:23,983058;9,396326E-1;1,292843E-1;1,177316E-1;9,194436E-1;;
02/12/2021  12:05:23,983158;9,408575E-1;1,229127E-1;1,382671E-1;9,197132E-1;;
02/12/2021  12:05:23,983258;9,431970E-1;1,238685E-1;1,370034E-1;9,200061E-1;;
02/12/2021  12:05:23,983358;9,444994E-1;1,235499E-1;1,347919E-1;9,203224E-1;;
02/12/2021  12:05:23,983458;9,447885E-1;1,343816E-1;1,442698E-1;9,206625E-1;;
02/12/2021  12:05:23,983558;9,452892E-1;1,289658E-1;1,224705E-1;9,210267E-1;;
02/12/2021  12:05:23,983658;9,462846E-1;6,206396E-2;7,255328E-2;9,214151E-1;;
02/12/2021  12:05:23,983758;9,482010E-1;1,219570E-1;1,218387E-1;9,218278E-1;;
02/12/2021  12:05:23,983858;9,492858E-1;1,311958E-1;1,322644E-1;9,222647E-1;;
02/12/2021  12:05:23,983958;9,499355E-1;1,257800E-1;1,392149E-1;9,227259E-1;;
02/12/2021  12:05:23,984058;9,513154E-1;1,391603E-1;1,426902E-1;9,232115E-1;;
02/12/2021  12:05:23,984158;9,525939E-1;1,359745E-1;1,325804E-1;9,237216E-1;;
02/12/2021  12:05:23,984258;9,543881E-1;3,625898E-2;8,992954E-2;9,242559E-1;;
02/12/2021  12:05:23,984358;9,551212E-1;1,168597E-1;1,246821E-1;9,248147E-1;;
02/12/2021  12:05:23,984458;9,556666E-1;1,206827E-1;1,189953E-1;9,253978E-1;;
02/12/2021  12:05:23,984558;9,556756E-1;1,292843E-1;1,328963E-1;9,260052E-1;;
02/12/2021  12:05:23,984658;9,570376E-1;1,385232E-1;1,351078E-1;9,266364E-1;;
02/12/2021  12:05:23,984758;9,584532E-1;1,168597E-1;1,155200E-1;9,272910E-1;;
02/12/2021  12:05:23,984858;9,588198E-1;1,260985E-1;1,328963E-1;9,279685E-1;;
02/12/2021  12:05:23,984958;9,594814E-1;1,308772E-1;1,231024E-1;9,286684E-1;;
02/12/2021  12:05:23,985058;9,597198E-1;1,120810E-1;1,240502E-1;9,293900E-1;;
02/12/2021  12:05:23,985158;9,612726E-1;1,257800E-1;1,291051E-1;9,301327E-1;;
02/12/2021  12:05:23,985258;9,626822E-1;1,165411E-1;9,782784E-2;9,308955E-1;;
02/12/2021  12:05:23,985358;9,628789E-1;1,216384E-1;1,145722E-1;9,316777E-1;;
02/12/2021  12:05:23,985458;9,631531E-1;1,241871E-1;1,275255E-1;9,324787E-1;;
02/12/2021  12:05:23,985558;9,635465E-1;1,340630E-1;1,294210E-1;9,332973E-1;;
02/12/2021  12:05:23,985658;9,646314E-1;1,391603E-1;1,234183E-1;9,341326E-1;;
02/12/2021  12:05:23,985758;9,652125E-1;1,109116E-2;6,117973E-2;9,349836E-1;;
02/12/2021  12:05:23,985858;9,657639E-1;1,181340E-1;1,284732E-1;9,358490E-1;;
02/12/2021  12:05:23,985958;9,658265E-1;1,321516E-1;1,357397E-1;9,367278E-1;;
02/12/2021  12:05:23,986058;9,653854E-1;2,925022E-2;7,444887E-2;9,376188E-1;;
02/12/2021  12:05:23,986158;9,669024E-1;7,289568E-2;7,887192E-2;9,385205E-1;;
02/12/2021  12:05:23,986258;9,670931E-1;1,732484E-1;2,005057E-1;9,394315E-1;;
02/12/2021  12:05:23,986358;9,663659E-1;1,439390E-1;1,407946E-1;9,403506E-1;;
02/12/2021  12:05:23,986458;9,665209E-1;1,219570E-1;1,351078E-1;9,412760E-1;;
02/12/2021  12:05:23,986558;9,656506E-1;1,286472E-1;1,322644E-1;9,422063E-1;;
02/12/2021  12:05:23,986658;9,667533E-1;1,197269E-1;1,205749E-1;9,431396E-1;;
02/12/2021  12:05:23,986758;9,669918E-1;1,136739E-1;1,253139E-1;9,440742E-1;;
02/12/2021  12:05:23,986858;9,665358E-1;1,388417E-1;1,328963E-1;9,450084E-1;;
02/12/2021  12:05:23,986958;9,657013E-1;1,264171E-1;1,262617E-1;9,459404E-1;;
02/12/2021  12:05:23,987058;9,656864E-1;1,289658E-1;1,155200E-1;9,468684E-1;;
02/12/2021  12:05:23,987158;9,666222E-1;1,159040E-1;1,114129E-1;9,477905E-1;;
02/12/2021  12:05:23,987258;9,664374E-1;1,429833E-1;1,455336E-1;9,487050E-1;;
02/12/2021  12:05:23,987358;9,662735E-1;1,340630E-1;1,272095E-1;9,496103E-1;;
02/12/2021  12:05:23,987458;9,660291E-1;1,139925E-1;1,152041E-1;9,505046E-1;;
02/12/2021  12:05:23,987558;9,657669E-1;6,493118E-2;1,458495E-1;9,513864E-1;;
02/12/2021  12:05:23,987658;9,663480E-1;7,417000E-2;1,057261E-1;9,522543E-1;;
02/12/2021  12:05:23,987758;9,664344E-1;1,394789E-1;1,338441E-1;9,531066E-1;;
02/12/2021  12:05:23,987858;9,663719E-1;1,079395E-1;1,063580E-1;9,539420E-1;;
02/12/2021  12:05:23,987958;9,659725E-1;1,267357E-1;1,262617E-1;9,547595E-1;;
02/12/2021  12:05:23,988058;9,658265E-1;1,429833E-1;1,512204E-1;9,555577E-1;;
02/12/2021  12:05:23,988158;9,666967E-1;1,474434E-1;1,471132E-1;9,563356E-1;;
02/12/2021  12:05:23,988258;9,662318E-1;1,337445E-1;1,325804E-1;9,570922E-1;;
02/12/2021  12:05:23,988358;9,654092E-1;1,206827E-1;1,196272E-1;9,578267E-1;;
02/12/2021  12:05:23,988458;9,642052E-1;1,512664E-1;1,471132E-1;9,585380E-1;;
02/12/2021  12:05:23,988558;9,642886E-1;1,356559E-1;1,221546E-1;9,592253E-1;;
02/12/2021  12:05:23,988658;9,642588E-1;1,519035E-1;1,385831E-1;9,598875E-1;;
02/12/2021  12:05:23,988758;9,633528E-1;1,311958E-1;1,268936E-1;9,605239E-1;;
02/12/2021  12:05:23,988858;9,624796E-1;1,168597E-1;1,218387E-1;9,611334E-1;;
02/12/2021  12:05:23,988958;9,614067E-1;1,213198E-1;1,306848E-1;9,617153E-1;;
02/12/2021  12:05:23,989058;9,607719E-1;1,079395E-1;1,212068E-1;9,622687E-1;;
02/12/2021  12:05:23,989158;9,604738E-1;1,025236E-1;1,148882E-1;9,627926E-1;;
02/12/2021  12:05:23,989258;9,597943E-1;8,500172E-2;9,340479E-2;9,632861E-1;;
02/12/2021  12:05:23,989358;9,585307E-1;1,076209E-1;1,092014E-1;9,637485E-1;;
02/12/2021  12:05:23,989458;9,570525E-1;1,101695E-1;9,751191E-2;9,641790E-1;;
02/12/2021  12:05:23,989558;9,580211E-1;9,519628E-2;8,582243E-2;9,645767E-1;;
02/12/2021  12:05:23,989658;9,575830E-1;7,417000E-2;6,433905E-2;9,649412E-1;;
02/12/2021  12:05:23,989758;9,570197E-1;9,264764E-2;1,069899E-1;9,652718E-1;;
02/12/2021  12:05:23,989858;9,560898E-1;1,155854E-1;1,205749E-1;9,655683E-1;;
02/12/2021  12:05:23,989958;9,553477E-1;-9,297962E-3;5,012211E-2;9,658304E-1;;
02/12/2021  12:05:23,990058;9,552851E-1;1,034794E-1;8,613836E-2;9,660581E-1;;
02/12/2021  12:05:23,990158;9,559438E-1;9,774492E-2;1,082536E-1;9,662512E-1;;
02/12/2021  12:05:23,990258;9,549812E-1;-7,705062E-3;3,969635E-2;9,664098E-1;;
02/12/2021  12:05:23,990358;9,542540E-1;1,171783E-1;1,259458E-1;9,665344E-1;;
02/12/2021  12:05:23,990458;9,532347E-1;1,139925E-1;1,231024E-1;9,666252E-1;;
02/12/2021  12:05:23,990558;9,533420E-1;9,296622E-2;1,025668E-1;9,666826E-1;;
02/12/2021  12:05:23,990658;9,538159E-1;7,066562E-2;1,660692E-1;9,667070E-1;;
02/12/2021  12:05:23,990758;9,530022E-1;1,076209E-1;1,101492E-1;9,666990E-1;;
02/12/2021  12:05:23,990858;9,522095E-1;1,203641E-1;1,253139E-1;9,666595E-1;;
02/12/2021  12:05:23,990958;9,512260E-1;1,133553E-1;1,227865E-1;9,665891E-1;;
02/12/2021  12:05:23,991058;9,512945E-1;1,222756E-1;1,338441E-1;9,664886E-1;;
02/12/2021  12:05:23,991158;9,512617E-1;1,509478E-1;1,613302E-1;9,663587E-1;;
02/12/2021  12:05:23,991258;9,503527E-1;1,433019E-1;1,354238E-1;9,662003E-1;;
02/12/2021  12:05:23,991358;9,486123E-1;1,127182E-1;1,256299E-1;9,660143E-1;;
02/12/2021  12:05:23,991458;9,487195E-1;2,318671E-1;2,061925E-1;9,658015E-1;;
02/12/2021  12:05:23,991558;9,476615E-1;1,452133E-1;1,278414E-1;9,655625E-1;;
02/12/2021  12:05:23,991658;9,478731E-1;1,697440E-1;1,467973E-1;9,652983E-1;;
02/12/2021  12:05:23,991758;9,467436E-1;1,659210E-1;1,436380E-1;9,650097E-1;;
02/12/2021  12:05:23,991858;9,455157E-1;1,433019E-1;1,224705E-1;9,646973E-1;;
02/12/2021  12:05:23,991958;9,453518E-1;1,280100E-1;1,114129E-1;9,643622E-1;;
02/12/2021  12:05:23,992058;9,452266E-1;1,515849E-1;1,727037E-1;9,640049E-1;;
02/12/2021  12:05:23,992158;9,442282E-1;1,499920E-1;1,439539E-1;9,636263E-1;;
02/12/2021  12:05:23,992258;9,435457E-1;1,321516E-1;1,704922E-1;9,632273E-1;;
02/12/2021  12:05:23,992358;9,428275E-1;1,324701E-1;1,319485E-1;9,628088E-1;;
02/12/2021  12:05:23,992458;9,423179E-1;1,321516E-1;1,306848E-1;9,623714E-1;;
02/12/2021  12:05:23,992558;9,423447E-1;1,413904E-1;1,344760E-1;9,619161E-1;;
02/12/2021  12:05:23,992658;9,417754E-1;1,331073E-1;1,284732E-1;9,614436E-1;;
02/12/2021  12:05:23,992758;9,415102E-1;1,264171E-1;1,430061E-1;9,609550E-1;;
02/12/2021  12:05:23,992858;9,406221E-1;2,662737E-1;2,314671E-1;9,604513E-1;;
02/12/2021  12:05:23,992958;9,403002E-1;1,347002E-1;1,392149E-1;9,599333E-1;;
02/12/2021  12:05:23,993058;9,412241E-1;1,216384E-1;1,224705E-1;9,594020E-1;;
02/12/2021  12:05:23,993158;9,405297E-1;1,260985E-1;1,278414E-1;9,588586E-1;;
02/12/2021  12:05:23,993258;9,394568E-1;1,292843E-1;1,291051E-1;9,583041E-1;;
02/12/2021  12:05:23,993358;9,386133E-1;1,350188E-1;1,458495E-1;9,577397E-1;;
02/12/2021  12:05:23,993458;9,385299E-1;1,171783E-1;1,370034E-1;9,571663E-1;;
02/12/2021  12:05:23,993558;9,381246E-1;5,282514E-2;1,117289E-1;9,565849E-1;;
02/12/2021  12:05:23,993658;9,375494E-1;1,152668E-1;1,208909E-1;9,559963E-1;;
02/12/2021  12:05:23,993758;9,365122E-1;1,165411E-1;1,092014E-1;9,554015E-1;;
02/12/2021  12:05:23,993858;9,355943E-1;1,066652E-1;1,152041E-1;9,548013E-1;;
02/12/2021  12:05:23,993958;9,360980E-1;1,149482E-1;1,158360E-1;9,541963E-1;;
02/12/2021  12:05:23,994058;9,357582E-1;1,324701E-1;1,155200E-1;9,535873E-1;;
02/12/2021  12:05:23,994158;9,350966E-1;1,241871E-1;1,490088E-1;9,529750E-1;;
02/12/2021  12:05:23,994258;9,342532E-1;1,347002E-1;1,328963E-1;9,523602E-1;;
02/12/2021  12:05:23,994358;9,331922E-1;1,267357E-1;1,256299E-1;9,517435E-1;;
02/12/2021  12:05:23,994458;9,331922E-1;1,210013E-1;1,133085E-1;9,511255E-1;;
02/12/2021  12:05:23,994558;9,322951E-1;1,197269E-1;1,063580E-1;9,505067E-1;;
02/12/2021  12:05:23,994658;9,311835E-1;1,401161E-1;1,351078E-1;9,498876E-1;;
02/12/2021  12:05:23,994758;9,309480E-1;1,442576E-1;1,338441E-1;9,492684E-1;;
02/12/2021  12:05:23,994858;9,294966E-1;1,222756E-1;1,328963E-1;9,486494E-1;;
02/12/2021  12:05:23,994958;9,294966E-1;2,360086E-1;1,676488E-1;9,480309E-1;;
02/12/2021  12:05:23,995058;9,286085E-1;1,334259E-1;1,294210E-1;9,474130E-1;;
02/12/2021  12:05:23,995158;9,284356E-1;1,232313E-1;1,129926E-1;9,467958E-1;;
02/12/2021  12:05:23,995258;9,274223E-1;1,311958E-1;1,319485E-1;9,461796E-1;;
02/12/2021  12:05:23,995358;9,263077E-1;1,375674E-1;1,310007E-1;9,455644E-1;;
02/12/2021  12:05:23,995458;9,263226E-1;1,210013E-1;1,221546E-1;9,449503E-1;;
02/12/2021  12:05:23,995558;9,266534E-1;1,273729E-1;1,464814E-1;9,443372E-1;;
02/12/2021  12:05:23,995658;9,265700E-1;1,347002E-1;1,294210E-1;9,437255E-1;;
02/12/2021  12:05:23,995758;9,265074E-1;1,264171E-1;1,483770E-1;9,431154E-1;;
02/12/2021  12:05:23,995858;9,259620E-1;1,114439E-1;1,234183E-1;9,425073E-1;;
02/12/2021  12:05:23,995958;9,266862E-1;1,296029E-1;1,338441E-1;9,419016E-1;;
02/12/2021  12:05:23,996058;9,270468E-1;1,337445E-1;1,332122E-1;9,412989E-1;;
02/12/2021  12:05:23,996158;9,268918E-1;1,235499E-1;1,180475E-1;9,406998E-1;;
02/12/2021  12:05:23,996258;9,262153E-1;8,723178E-2;8,613836E-2;9,401051E-1;;
02/12/2021  12:05:23,996358;9,260573E-1;1,308772E-1;1,373193E-1;9,395153E-1;;
02/12/2021  12:05:23,996458;9,259501E-1;1,487177E-1;1,458495E-1;9,389312E-1;;
02/12/2021  12:05:23,996558;9,263494E-1;1,292843E-1;1,306848E-1;9,383533E-1;;
02/12/2021  12:05:23,996658;9,266057E-1;1,200455E-1;1,272095E-1;9,377823E-1;;
02/12/2021  12:05:23,996758;9,261676E-1;1,292843E-1;1,306848E-1;9,372188E-1;;
02/12/2021  12:05:23,996858;9,259918E-1;1,448948E-1;1,291051E-1;9,366636E-1;;
02/12/2021  12:05:23,996958;9,268441E-1;1,238685E-1;1,275255E-1;9,361174E-1;;
02/12/2021  12:05:23,997058;9,275654E-1;1,280100E-1;1,303688E-1;9,355807E-1;;
02/12/2021  12:05:23,997158;9,271958E-1;1,260985E-1;1,373193E-1;9,350544E-1;;
02/12/2021  12:05:23,997258;9,270647E-1;1,305587E-1;1,455336E-1;9,345394E-1;;
02/12/2021  12:05:23,997358;9,271213E-1;1,296029E-1;1,306848E-1;9,340362E-1;;
02/12/2021  12:05:23,997458;9,279707E-1;1,238685E-1;1,234183E-1;9,335457E-1;;
02/12/2021  12:05:23,997558;9,293685E-1;1,104881E-1;1,136244E-1;9,330685E-1;;
02/12/2021  12:05:23,997658;9,304801E-1;1,248242E-1;1,401627E-1;9,326055E-1;;
02/12/2021  12:05:23,997758;9,301493E-1;1,452133E-1;1,439539E-1;9,321578E-1;;
02/12/2021  12:05:23,997858;9,304652E-1;1,334259E-1;1,272095E-1;9,317263E-1;;
02/12/2021  12:05:23,997958;9,315053E-1;1,321516E-1;1,303688E-1;9,313121E-1;;
02/12/2021  12:05:23,998058;9,325455E-1;1,200455E-1;1,281573E-1;9,309160E-1;;
02/12/2021  12:05:23,998158;9,323696E-1;1,528593E-1;1,395309E-1;9,305390E-1;;
02/12/2021  12:05:23,998258;9,321491E-1;1,088952E-1;9,119327E-2;9,301821E-1;;
02/12/2021  12:05:23,998358;9,317855E-1;3,594040E-2;4,064415E-2;9,298458E-1;;
02/12/2021  12:05:23,998458;9,330014E-1;1,289658E-1;1,240502E-1;9,295309E-1;;
02/12/2021  12:05:23,998558;9,332160E-1;1,397975E-1;1,430061E-1;9,292378E-1;;
02/12/2021  12:05:23,998658;9,329299E-1;1,327887E-1;1,344760E-1;9,289668E-1;;
02/12/2021  12:05:23,998758;9,329031E-1;1,289658E-1;1,262617E-1;9,287183E-1;;
02/12/2021  12:05:23,998858;9,330879E-1;1,219570E-1;1,079377E-1;9,284924E-1;;
02/12/2021  12:05:23,998958;9,342979E-1;1,187712E-1;1,120448E-1;9,282893E-1;;
02/12/2021  12:05:23,999058;9,342502E-1;1,276914E-1;1,316326E-1;9,281089E-1;;
02/12/2021  12:05:23,999158;9,346495E-1;1,280100E-1;1,262617E-1;9,279514E-1;;
02/12/2021  12:05:23,999258;9,331564E-1;1,235499E-1;1,196272E-1;9,278165E-1;;
02/12/2021  12:05:23,999358;9,345601E-1;1,174969E-1;1,174156E-1;9,277042E-1;;
02/12/2021  12:05:23,999458;9,349327E-1;1,417090E-1;1,417424E-1;9,276140E-1;;
02/12/2021  12:05:23,999558;9,349625E-1;8,659462E-2;9,624818E-2;9,275456E-1;;
02/12/2021  12:05:23,999658;9,349595E-1;1,270543E-1;1,278414E-1;9,274986E-1;;
02/12/2021  12:05:23,999758;9,345154E-1;9,424054E-2;1,114129E-1;9,274726E-1;;
02/12/2021  12:05:23,999858;9,352396E-1;1,283286E-1;1,294210E-1;9,274671E-1;;
02/12/2021  12:05:23,999958;9,359341E-1;1,210013E-1;1,360556E-1;9,274813E-1;;
02/12/2021  12:05:24,000058;9,359966E-1;1,216384E-1;1,234183E-1;9,275147E-1;;
02/12/2021  12:05:24,000158;9,357821E-1;1,095324E-1;1,237343E-1;9,275668E-1;;
02/12/2021  12:05:24,000258;9,351920E-1;1,076209E-1;1,085695E-1;9,276370E-1;;
02/12/2021  12:05:24,000358;9,357552E-1;1,678325E-1;1,657532E-1;9,277243E-1;;
02/12/2021  12:05:24,000458;9,365838E-1;1,200455E-1;1,322644E-1;9,278280E-1;;
02/12/2021  12:05:24,000558;9,372961E-1;1,187712E-1;1,237343E-1;9,279473E-1;;
02/12/2021  12:05:24,000658;9,366791E-1;1,251428E-1;1,272095E-1;9,280816E-1;;
02/12/2021  12:05:24,000758;9,361576E-1;1,566822E-1;1,654373E-1;9,282302E-1;;
02/12/2021  12:05:24,000858;9,365331E-1;1,423461E-1;1,493248E-1;9,283923E-1;;
02/12/2021  12:05:24,000958;9,374153E-1;1,248242E-1;1,246821E-1;9,285669E-1;;
02/12/2021  12:05:24,001058;9,366523E-1;1,270543E-1;1,249980E-1;9,287532E-1;;
02/12/2021  12:05:24,001158;9,356986E-1;1,210013E-1;1,268936E-1;9,289504E-1;;
02/12/2021  12:05:24,001258;9,350310E-1;1,404346E-1;1,385831E-1;9,291574E-1;;
02/12/2021  12:05:24,001358;9,359966E-1;1,063466E-1;1,189953E-1;9,293730E-1;;
02/12/2021  12:05:24,001458;9,361814E-1;9,870066E-2;1,054102E-1;9,295962E-1;;
02/12/2021  12:05:24,001558;9,363036E-1;1,241871E-1;1,490088E-1;9,298259E-1;;
02/12/2021  12:05:24,001658;9,359519E-1;1,197269E-1;1,208909E-1;9,300611E-1;;
02/12/2021  12:05:24,001758;9,358566E-1;1,152668E-1;1,057261E-1;9,303009E-1;;
02/12/2021  12:05:24,001858;9,368162E-1;9,615202E-2;1,246821E-1;9,305443E-1;;
02/12/2021  12:05:24,001958;9,375613E-1;1,178155E-1;1,253139E-1;9,307904E-1;;
02/12/2021  12:05:24,002058;9,377342E-1;1,340630E-1;1,335282E-1;9,310387E-1;;
02/12/2021  12:05:24,002158;9,370040E-1;1,401161E-1;1,417424E-1;9,312886E-1;;
02/12/2021  12:05:24,002258;9,364109E-1;3,084312E-2;9,972343E-2;9,315394E-1;;
02/12/2021  12:05:24,002358;9,378534E-1;1,331073E-1;1,303688E-1;9,317905E-1;;
02/12/2021  12:05:24,002458;9,382140E-1;1,426647E-1;1,373193E-1;9,320413E-1;;
02/12/2021  12:05:24,002558;9,386849E-1;1,280100E-1;1,287892E-1;9,322913E-1;;
02/12/2021  12:05:24,002658;9,384554E-1;1,366117E-1;1,423743E-1;9,325403E-1;;
02/12/2021  12:05:24,002758;9,375851E-1;1,136739E-1;1,186794E-1;9,327878E-1;;
02/12/2021  12:05:24,002858;9,386759E-1;1,041165E-1;1,009872E-1;9,330336E-1;;
02/12/2021  12:05:24,002958;9,386133E-1;1,108067E-1;1,050943E-1;9,332773E-1;;
02/12/2021  12:05:24,003058;9,382348E-1;1,174969E-1;1,139404E-1;9,335185E-1;;
02/12/2021  12:05:24,003158;9,368639E-1;1,206827E-1;1,170997E-1;9,337568E-1;;
02/12/2021  12:05:24,003258;9,370308E-1;9,360338E-2;9,403666E-2;9,339918E-1;;
02/12/2021  12:05:24,003358;9,377431E-1;1,018865E-1;9,909157E-2;9,342230E-1;;
02/12/2021  12:05:24,003458;9,382945E-1;1,079395E-1;1,199431E-1;9,344497E-1;;
02/12/2021  12:05:24,003558;9,377759E-1;9,933782E-2;1,088855E-1;9,346717E-1;;
02/12/2021  12:05:24,003658;9,369801E-1;1,012493E-1;1,148882E-1;9,348886E-1;;
02/12/2021  12:05:24,003758;9,381633E-1;1,184526E-1;1,177316E-1;9,351002E-1;;
02/12/2021  12:05:24,003858;9,387326E-1;1,245056E-1;1,256299E-1;9,353060E-1;;
02/12/2021  12:05:24,003958;9,390485E-1;1,006121E-1;9,751191E-2;9,355061E-1;;
02/12/2021  12:05:24,004058;9,388160E-1;9,965640E-2;1,126766E-1;9,357003E-1;;
02/12/2021  12:05:24,004158;9,377669E-1;9,232906E-2;1,085695E-1;9,358887E-1;;
02/12/2021  12:05:24,004258;9,382706E-1;1,028422E-1;1,152041E-1;9,360711E-1;;
02/12/2021  12:05:24,004358;9,388548E-1;9,933782E-2;1,281573E-1;9,362474E-1;;
02/12/2021  12:05:24,004458;9,390842E-1;9,551486E-2;9,972343E-2;9,364177E-1;;
02/12/2021  12:05:24,004558;9,382170E-1;1,308772E-1;1,366875E-1;9,365818E-1;;
02/12/2021  12:05:24,004658;9,379309E-1;1,012493E-1;1,167838E-1;9,367399E-1;;
02/12/2021  12:05:24,004758;9,383749E-1;1,210013E-1;1,265777E-1;9,368918E-1;;
02/12/2021  12:05:24,004858;9,392154E-1;1,095324E-1;1,281573E-1;9,370374E-1;;
02/12/2021  12:05:24,004958;9,389859E-1;1,159040E-1;1,253139E-1;9,371769E-1;;
02/12/2021  12:05:24,005058;9,375196E-1;7,162136E-2;8,740209E-2;9,373103E-1;;
02/12/2021  12:05:24,005158;9,363066E-1;1,684697E-1;1,464814E-1;9,374376E-1;;
02/12/2021  12:05:24,005258;9,368073E-1;1,522221E-1;1,654373E-1;9,375584E-1;;
02/12/2021  12:05:24,005358;9,376120E-1;1,378860E-1;1,360556E-1;9,376725E-1;;
02/12/2021  12:05:24,005458;9,377878E-1;1,633724E-1;1,433221E-1;9,377798E-1;;
02/12/2021  12:05:24,005558;9,369861E-1;1,585937E-1;1,319485E-1;9,378802E-1;;
02/12/2021  12:05:24,005658;9,358923E-1;1,700626E-1;1,474292E-1;9,379735E-1;;
02/12/2021  12:05:24,005758;9,365003E-1;1,898145E-1;1,777586E-1;9,380598E-1;;
02/12/2021  12:05:24,005858;9,369682E-1;1,509478E-1;1,417424E-1;9,381387E-1;;
02/12/2021  12:05:24,005958;9,363424E-1;1,541336E-1;1,641736E-1;9,382102E-1;;
02/12/2021  12:05:24,006058;9,353678E-1;1,267357E-1;1,284732E-1;9,382742E-1;;
02/12/2021  12:05:24,006158;9,343575E-1;1,181340E-1;1,231024E-1;9,383306E-1;;
02/12/2021  12:05:24,006258;9,351383E-1;1,219570E-1;1,272095E-1;9,383792E-1;;
02/12/2021  12:05:24,006358;9,351979E-1;1,213198E-1;1,227865E-1;9,384196E-1;;
02/12/2021  12:05:24,006458;9,347419E-1;1,388417E-1;1,439539E-1;9,384518E-1;;
02/12/2021  12:05:24,006558;9,331445E-1;1,461691E-1;1,445858E-1;9,384756E-1;;
02/12/2021  12:05:24,006658;9,323637E-1;1,292843E-1;1,303688E-1;9,384907E-1;;
02/12/2021  12:05:24,006758;9,328018E-1;4,740928E-2;1,126766E-1;9,384969E-1;;
02/12/2021  12:05:24,006858;9,328167E-1;1,302401E-1;1,259458E-1;9,384937E-1;;
02/12/2021  12:05:24,006958;9,328643E-1;1,276914E-1;1,136244E-1;9,384810E-1;;
02/12/2021  12:05:24,007058;9,316335E-1;9,169190E-2;7,444887E-2;9,384587E-1;;
02/12/2021  12:05:24,007158;9,312967E-1;6,174538E-2;7,350108E-2;9,384264E-1;;
02/12/2021  12:05:24,007258;9,318183E-1;1,331073E-1;1,423743E-1;9,383842E-1;;
02/12/2021  12:05:24,007358;9,329418E-1;1,401161E-1;1,325804E-1;9,383319E-1;;
02/12/2021  12:05:24,007458;9,329180E-1;9,901924E-2;1,101492E-1;9,382698E-1;;
02/12/2021  12:05:24,007558;9,322027E-1;1,069837E-1;1,126766E-1;9,381980E-1;;
02/12/2021  12:05:24,007658;9,329627E-1;9,487770E-2;6,686651E-2;9,381170E-1;;
02/12/2021  12:05:24,007758;9,332369E-1;1,267357E-1;1,253139E-1;9,380273E-1;;
02/12/2021  12:05:24,007858;9,347002E-1;1,331073E-1;1,341600E-1;9,379293E-1;;
02/12/2021  12:05:24,007958;9,342889E-1;1,340630E-1;1,347919E-1;9,378238E-1;;
02/12/2021  12:05:24,008058;9,332756E-1;1,203641E-1;1,237343E-1;9,377117E-1;;
02/12/2021  12:05:24,008158;9,336452E-1;9,105474E-2;8,677022E-2;9,375936E-1;;
02/12/2021  12:05:24,008258;9,347509E-1;1,178155E-1;1,063580E-1;9,374701E-1;;
02/12/2021  12:05:24,008358;9,348671E-1;7,958586E-2;9,056141E-2;9,373422E-1;;
02/12/2021  12:05:24,008458;9,342860E-1;1,155854E-1;1,177316E-1;9,372105E-1;;
02/12/2021  12:05:24,008558;9,330730E-1;1,283286E-1;1,265777E-1;9,370759E-1;;
02/12/2021  12:05:24,008658;9,340833E-1;1,267357E-1;1,183634E-1;9,369389E-1;;
02/12/2021  12:05:24,008758;9,346555E-1;1,461691E-1;1,565912E-1;9,368001E-1;;
02/12/2021  12:05:24,008858;9,350519E-1;1,111253E-1;1,193112E-1;9,366601E-1;;
02/12/2021  12:05:24,008958;9,343336E-1;1,260985E-1;1,354238E-1;9,365196E-1;;
02/12/2021  12:05:24,009058;9,334187E-1;6,142680E-2;1,180475E-1;9,363792E-1;;
02/12/2021  12:05:24,009158;9,347002E-1;9,551486E-2;8,834988E-2;9,362395E-1;;
02/12/2021  12:05:24,009258;9,361755E-1;1,210013E-1;1,205749E-1;9,361009E-1;;
02/12/2021  12:05:24,009358;9,363245E-1;1,082581E-1;1,155200E-1;9,359641E-1;;
02/12/2021  12:05:24,009458;9,358894E-1;4,900218E-2;9,656411E-2;9,358300E-1;;
02/12/2021  12:05:24,009558;9,358774E-1;1,022050E-1;8,297904E-2;9,356992E-1;;
02/12/2021  12:05:24,009658;9,368729E-1;1,391603E-1;1,575390E-1;9,355723E-1;;
02/12/2021  12:05:24,009758;9,377103E-1;1,047537E-1;1,104651E-1;9,354502E-1;;
02/12/2021  12:05:24,009858;9,374480E-1;1,391603E-1;1,382671E-1;9,353334E-1;;
02/12/2021  12:05:24,009958;9,372335E-1;1,311958E-1;1,310007E-1;9,352227E-1;;
02/12/2021  12:05:24,010058;9,365003E-1;1,579565E-1;1,853410E-1;9,351188E-1;;
02/12/2021  12:05:24,010158;9,374868E-1;1,012493E-1;7,286922E-2;9,350218E-1;;
02/12/2021  12:05:24,010258;9,383332E-1;1,241871E-1;1,284732E-1;9,349324E-1;;
02/12/2021  12:05:24,010358;9,382945E-1;1,554079E-1;1,575390E-1;9,348508E-1;;
02/12/2021  12:05:24,010458;9,380501E-1;1,327887E-1;1,338441E-1;9,347776E-1;;
02/12/2021  12:05:24,010558;9,374808E-1;1,203641E-1;1,208909E-1;9,347131E-1;;
02/12/2021  12:05:24,010658;9,391230E-1;2,893164E-2;9,056141E-2;9,346574E-1;;
02/12/2021  12:05:24,010758;9,396326E-1;1,366117E-1;1,328963E-1;9,346108E-1;;
02/12/2021  12:05:24,010858;9,395372E-1;1,509478E-1;1,417424E-1;9,345737E-1;;
02/12/2021  12:05:24,010958;9,385746E-1;8,818752E-2;1,310007E-1;9,345463E-1;;
02/12/2021  12:05:24,011058;9,392839E-1;1,111253E-1;1,208909E-1;9,345288E-1;;
02/12/2021  12:05:24,011158;9,399277E-1;4,709070E-2;9,340479E-2;9,345211E-1;;
02/12/2021  12:05:24,011258;9,411466E-1;1,318330E-1;1,335282E-1;9,345234E-1;;
02/12/2021  12:05:24,011358;9,408426E-1;1,114439E-1;1,019350E-1;9,345359E-1;;
02/12/2021  12:05:24,011458;9,397697E-1;8,659462E-2;7,002583E-2;9,345587E-1;;
02/12/2021  12:05:24,011558;9,402406E-1;1,410718E-1;1,360556E-1;9,345917E-1;;
02/12/2021  12:05:24,011658;9,408873E-1;1,267357E-1;1,215227E-1;9,346349E-1;;
02/12/2021  12:05:24,011758;9,412241E-1;1,311958E-1;1,537478E-1;9,346881E-1;;
02/12/2021  12:05:24,011858;9,406280E-1;1,194084E-1;1,208909E-1;9,347512E-1;;
02/12/2021  12:05:24,011958;9,395849E-1;1,168597E-1;1,155200E-1;9,348239E-1;;
02/12/2021  12:05:24,012058;9,393912E-1;1,257800E-1;1,310007E-1;9,349059E-1;;
02/12/2021  12:05:24,012158;9,404880E-1;5,155082E-2;7,192142E-2;9,349966E-1;;
02/12/2021  12:05:24,012258;9,409678E-1;1,321516E-1;1,332122E-1;9,350953E-1;;
02/12/2021  12:05:24,012358;9,404671E-1;1,127182E-1;1,196272E-1;9,352019E-1;;
02/12/2021  12:05:24,012458;9,400111E-1;1,292843E-1;1,310007E-1;9,353157E-1;;
02/12/2021  12:05:24,012558;9,406996E-1;9,615202E-2;8,740209E-2;9,354363E-1;;
02/12/2021  12:05:24,012658;9,421331E-1;1,257800E-1;1,281573E-1;9,355633E-1;;
02/12/2021  12:05:24,012758;9,430510E-1;1,260985E-1;1,215227E-1;9,356962E-1;;
02/12/2021  12:05:24,012858;9,429169E-1;1,362931E-1;1,528000E-1;9,358351E-1;;
02/12/2021  12:05:24,012958;9,421510E-1;1,480806E-1;1,521681E-1;9,359797E-1;;
02/12/2021  12:05:24,013058;9,427947E-1;1,213198E-1;1,180475E-1;9,361300E-1;;
02/12/2021  12:05:24,013158;9,438140E-1;1,334259E-1;1,524841E-1;9,362856E-1;;
02/12/2021  12:05:24,013258;9,435279E-1;1,280100E-1;1,208909E-1;9,364465E-1;;
02/12/2021  12:05:24,013358;9,427232E-1;1,331073E-1;1,509044E-1;9,366124E-1;;
02/12/2021  12:05:24,013458;9,420437E-1;1,305587E-1;1,300529E-1;9,367831E-1;;
02/12/2021  12:05:24,013558;9,433222E-1;2,670158E-2;7,981972E-2;9,369580E-1;;
02/12/2021  12:05:24,013658;9,435040E-1;1,283286E-1;1,351078E-1;9,371369E-1;;
02/12/2021  12:05:24,013758;9,428871E-1;1,095324E-1;1,161519E-1;9,373193E-1;;
02/12/2021  12:05:24,013858;9,419215E-1;1,340630E-1;1,310007E-1;9,375048E-1;;
02/12/2021  12:05:24,013958;9,416682E-1;9,806350E-2;1,095173E-1;9,376929E-1;;
02/12/2021  12:05:24,014058;9,427381E-1;1,471248E-1;1,698603E-1;9,378828E-1;;
02/12/2021  12:05:24,014158;9,437126E-1;1,047537E-1;1,189953E-1;9,380741E-1;;
02/12/2021  12:05:24,014258;9,438170E-1;1,334259E-1;1,310007E-1;9,382663E-1;;
02/12/2021  12:05:24,014358;9,436679E-1;1,509478E-1;1,417424E-1;9,384592E-1;;
02/12/2021  12:05:24,014458;9,440435E-1;1,216384E-1;1,259458E-1;9,386526E-1;;
02/12/2021  12:05:24,014558;9,453995E-1;1,350188E-1;1,347919E-1;9,388461E-1;;
02/12/2021  12:05:24,014658;9,467376E-1;1,410718E-1;1,360556E-1;9,390398E-1;;
02/12/2021  12:05:24,014758;9,470863E-1;1,347002E-1;1,395309E-1;9,392339E-1;;
02/12/2021  12:05:24,014858;9,465529E-1;1,225942E-1;1,303688E-1;9,394286E-1;;
02/12/2021  12:05:24,014958;9,465350E-1;1,232313E-1;1,104651E-1;9,396242E-1;;
02/12/2021  12:05:24,015058;9,478344E-1;1,245056E-1;1,294210E-1;9,398207E-1;;
02/12/2021  12:05:24,015158;9,487941E-1;1,190898E-1;1,208909E-1;9,400185E-1;;
02/12/2021  12:05:24,015258;9,481354E-1;1,318330E-1;1,338441E-1;9,402176E-1;;
02/12/2021  12:05:24,015358;9,472085E-1;1,359745E-1;1,537478E-1;9,404186E-1;;
02/12/2021  12:05:24,015458;9,480847E-1;1,327887E-1;1,284732E-1;9,406212E-1;;
02/12/2021  12:05:24,015558;9,498968E-1;1,347002E-1;1,300529E-1;9,408257E-1;;
02/12/2021  12:05:24,015658;9,498014E-1;1,455319E-1;1,338441E-1;9,410322E-1;;
02/12/2021  12:05:24,015758;9,490504E-1;1,350188E-1;1,360556E-1;9,412409E-1;;
02/12/2021  12:05:24,015858;9,483410E-1;2,415294E-2;6,781430E-2;9,414519E-1;;
02/12/2021  12:05:24,015958;9,481771E-1;1,327887E-1;1,319485E-1;9,416651E-1;;
02/12/2021  12:05:24,016058;9,489401E-1;1,461691E-1;1,559593E-1;9,418803E-1;;
02/12/2021  12:05:24,016158;9,490980E-1;1,302401E-1;1,373193E-1;9,420972E-1;;
02/12/2021  12:05:24,016258;9,484692E-1;1,159040E-1;1,221546E-1;9,423157E-1;;
02/12/2021  12:05:24,016358;9,468002E-1;1,168597E-1;1,265777E-1;9,425353E-1;;
02/12/2021  12:05:24,016458;9,470685E-1;1,350188E-1;1,436380E-1;9,427556E-1;;
02/12/2021  12:05:24,016558;9,472264E-1;9,933782E-2;1,022509E-1;9,429760E-1;;
02/12/2021  12:05:24,016658;9,470863E-1;5,919674E-2;6,181159E-2;9,431956E-1;;
02/12/2021  12:05:24,016758;9,460045E-1;1,012493E-1;1,136244E-1;9,434140E-1;;
02/12/2021  12:05:24,016858;9,441358E-1;1,139925E-1;1,177316E-1;9,436304E-1;;
02/12/2021  12:05:24,016958;9,443117E-1;1,066652E-1;9,435259E-2;9,438437E-1;;
02/12/2021  12:05:24,017058;9,444965E-1;1,002936E-1;9,435259E-2;9,440530E-1;;
02/12/2021  12:05:24,017158;9,446425E-1;1,037979E-1;1,098333E-1;9,442573E-1;;
02/12/2021  12:05:24,017258;9,437275E-1;1,015679E-1;1,158360E-1;9,444556E-1;;
02/12/2021  12:05:24,017358;9,432119E-1;1,047537E-1;1,145722E-1;9,446472E-1;;
02/12/2021  12:05:24,017458;9,437037E-1;-1,970622E-3;6,339125E-2;9,448313E-1;;
02/12/2021  12:05:24,017558;9,442193E-1;9,328480E-2;1,268936E-1;9,450071E-1;;
02/12/2021  12:05:24,017658;9,436977E-1;9,201048E-2;1,082536E-1;9,451740E-1;;
02/12/2021  12:05:24,017758;9,420258E-1;1,114439E-1;1,047783E-1;9,453314E-1;;
02/12/2021  12:05:24,017858;9,408903E-1;1,213198E-1;1,227865E-1;9,454789E-1;;
02/12/2021  12:05:24,017958;9,407383E-1;4,677212E-2;5,738855E-2;9,456155E-1;;
02/12/2021  12:05:24,018058;9,402138E-1;9,806350E-2;1,174156E-1;9,457405E-1;;
02/12/2021  12:05:24,018158;9,388905E-1;1,095324E-1;1,297370E-1;9,458531E-1;;
02/12/2021  12:05:24,018258;9,377669E-1;1,069837E-1;1,183634E-1;9,459524E-1;;
02/12/2021  12:05:24,018358;9,365242E-1;-3,244942E-3;1,031468E-2;9,460374E-1;;
02/12/2021  12:05:24,018458;9,369205E-1;1,350188E-1;1,407946E-1;9,461073E-1;;
02/12/2021  12:05:24,018558;9,367715E-1;1,350188E-1;1,417424E-1;9,461611E-1;;
02/12/2021  12:05:24,018658;9,364407E-1;1,471248E-1;1,509044E-1;9,461982E-1;;
02/12/2021  12:05:24,018758;9,353082E-1;1,519035E-1;1,411105E-1;9,462180E-1;;
02/12/2021  12:05:24,018858;9,353231E-1;9,678918E-2;1,663851E-1;9,462200E-1;;
02/12/2021  12:05:24,018958;9,361576E-1;1,589123E-1;1,461654E-1;9,462037E-1;;
02/12/2021  12:05:24,019058;9,364616E-1;1,710183E-1;1,569071E-1;9,461692E-1;;
02/12/2021  12:05:24,019158;9,364824E-1;1,700626E-1;1,540637E-1;9,461163E-1;;
02/12/2021  12:05:24,019258;9,355883E-1;1,531778E-1;1,464814E-1;9,460454E-1;;
02/12/2021  12:05:24,019358;9,361784E-1;4,836502E-2;9,182514E-2;9,459569E-1;;
02/12/2021  12:05:24,019458;9,373735E-1;1,305587E-1;1,606983E-1;9,458511E-1;;
02/12/2021  12:05:24,019558;9,370099E-1;1,315144E-1;1,319485E-1;9,457287E-1;;
02/12/2021  12:05:24,019658;9,359549E-1;1,149482E-1;1,063580E-1;9,455906E-1;;
02/12/2021  12:05:24,019758;9,348939E-1;7,417000E-2;7,318515E-2;9,454374E-1;;
02/12/2021  12:05:24,019858;9,348880E-1;1,363980E-2;6,749837E-2;9,452698E-1;;
02/12/2021  12:05:24,019958;9,357374E-1;1,324701E-1;1,354238E-1;9,450883E-1;;
02/12/2021  12:05:24,020058;9,360801E-1;1,130368E-1;1,193112E-1;9,448936E-1;;
02/12/2021  12:05:24,020158;9,345393E-1;1,257800E-1;1,259458E-1;9,446865E-1;;
02/12/2021  12:05:24,020258;9,342442E-1;5,250656E-2;9,056141E-2;9,444678E-1;;
02/12/2021  12:05:24,020358;9,338866E-1;1,022050E-1;1,101492E-1;9,442381E-1;;
02/12/2021  12:05:24,020458;9,347896E-1;5,473662E-2;9,656411E-2;9,439982E-1;;
02/12/2021  12:05:24,020558;9,345870E-1;1,197269E-1;9,909157E-2;9,437486E-1;;
02/12/2021  12:05:24,020658;9,341697E-1;1,120810E-1;1,189953E-1;9,434902E-1;;
02/12/2021  12:05:24,020758;9,335349E-1;1,280100E-1;1,351078E-1;9,432239E-1;;
02/12/2021  12:05:24,020858;9,341936E-1;1,092138E-1;1,063580E-1;9,429502E-1;;
02/12/2021  12:05:24,020958;9,346197E-1;1,241871E-1;1,088855E-1;9,426701E-1;;
02/12/2021  12:05:24,021058;9,344379E-1;9,870066E-2;9,150920E-2;9,423843E-1;;
02/12/2021  12:05:24,021158;9,330283E-1;1,171783E-1;1,262617E-1;9,420938E-1;;
02/12/2021  12:05:24,021258;9,322653E-1;1,375674E-1;1,392149E-1;9,417992E-1;;
02/12/2021  12:05:24,021358;9,329031E-1;1,273729E-1;1,142563E-1;9,415011E-1;;
02/12/2021  12:05:24,021458;9,338985E-1;1,114439E-1;1,148882E-1;9,412001E-1;;
02/12/2021  12:05:24,021558;9,331683E-1;1,241871E-1;1,104651E-1;9,408969E-1;;
02/12/2021  12:05:24,021658;9,326200E-1;1,254614E-1;1,385831E-1;9,405921E-1;;
02/12/2021  12:05:24,021758;9,319285E-1;1,289658E-1;1,180475E-1;9,402864E-1;;
02/12/2021  12:05:24,021858;9,324859E-1;1,194084E-1;1,398468E-1;9,399803E-1;;
02/12/2021  12:05:24,021958;9,336660E-1;1,276914E-1;1,493248E-1;9,396743E-1;;
02/12/2021  12:05:24,022058;9,333293E-1;1,280100E-1;1,303688E-1;9,393690E-1;;
02/12/2021  12:05:24,022158;9,327630E-1;1,133553E-1;1,073058E-1;9,390653E-1;;
02/12/2021  12:05:24,022258;9,324948E-1;1,225942E-1;1,227865E-1;9,387637E-1;;
02/12/2021  12:05:24,022358;9,340386E-1;8,404598E-2;9,909157E-2;9,384648E-1;;
02/12/2021  12:05:24,022458;9,344618E-1;1,152668E-1;1,316326E-1;9,381693E-1;;
02/12/2021  12:05:24,022558;9,347598E-1;1,308772E-1;1,325804E-1;9,378780E-1;;
02/12/2021  12:05:24,022658;9,342502E-1;1,359745E-1;1,272095E-1;9,375917E-1;;
02/12/2021  12:05:24,022758;9,340296E-1;4,932076E-2;7,729226E-2;9,373112E-1;;
02/12/2021  12:05:24,022858;9,356599E-1;1,219570E-1;1,338441E-1;9,370372E-1;;
02/12/2021  12:05:24,022958;9,360920E-1;1,305587E-1;1,303688E-1;9,367704E-1;;
02/12/2021  12:05:24,023058;9,363513E-1;1,493549E-1;1,562753E-1;9,365117E-1;;
02/12/2021  12:05:24,023158;9,356927E-1;1,267357E-1;1,291051E-1;9,362619E-1;;
02/12/2021  12:05:24,023258;9,357374E-1;1,066652E-1;1,167838E-1;9,360217E-1;;
02/12/2021  12:05:24,023358;9,371351E-1;1,251428E-1;1,395309E-1;9,357918E-1;;
02/12/2021  12:05:24,023458;9,373139E-1;1,286472E-1;1,243661E-1;9,355727E-1;;
02/12/2021  12:05:24,023558;9,370397E-1;9,009900E-2;9,624818E-2;9,353651E-1;;
02/12/2021  12:05:24,023658;9,362887E-1;1,200455E-1;1,723878E-1;9,351695E-1;;
02/12/2021  12:05:24,023758;9,369205E-1;1,452133E-1;1,483770E-1;9,349864E-1;;
02/12/2021  12:05:24,023858;9,368788E-1;1,433019E-1;1,638576E-1;9,348160E-1;;
02/12/2021  12:05:24,023958;9,370785E-1;1,225942E-1;1,278414E-1;9,346586E-1;;
02/12/2021  12:05:24,024058;9,364973E-1;1,139925E-1;1,076217E-1;9,345141E-1;;
02/12/2021  12:05:24,024158;9,363990E-1;1,159040E-1;1,025668E-1;9,343828E-1;;
02/12/2021  12:05:24,024258;9,368371E-1;1,369303E-1;1,442698E-1;9,342646E-1;;
02/12/2021  12:05:24,024358;9,379160E-1;1,165411E-1;1,114129E-1;9,341592E-1;;
02/12/2021  12:05:24,024458;9,379696E-1;1,296029E-1;1,291051E-1;9,340668E-1;;
02/12/2021  12:05:24,024558;9,372126E-1;1,308772E-1;1,316326E-1;9,339873E-1;;
02/12/2021  12:05:24,024658;9,369503E-1;9,264764E-2;1,082536E-1;9,339206E-1;;
02/12/2021  12:05:24,024758;9,378832E-1;1,311958E-1;1,158360E-1;9,338664E-1;;
02/12/2021  12:05:24,024858;9,382855E-1;1,002936E-1;1,196272E-1;9,338246E-1;;
02/12/2021  12:05:24,024958;9,380560E-1;1,082581E-1;1,180475E-1;9,337949E-1;;
02/12/2021  12:05:24,025058;9,384822E-1;1,296029E-1;1,294210E-1;9,337771E-1;;
02/12/2021  12:05:24,025158;9,383451E-1;1,311958E-1;1,322644E-1;9,337711E-1;;
02/12/2021  12:05:24,025258;9,394985E-1;1,331073E-1;1,303688E-1;9,337765E-1;;
02/12/2021  12:05:24,025358;9,401750E-1;1,331073E-1;1,066739E-1;9,337932E-1;;
02/12/2021  12:05:24,025458;9,400022E-1;1,305587E-1;1,205749E-1;9,338211E-1;;
02/12/2021  12:05:24,025558;9,395849E-1;1,525407E-1;1,938712E-1;9,338602E-1;;
02/12/2021  12:05:24,025658;9,381723E-1;1,168597E-1;1,237343E-1;9,339101E-1;;
02/12/2021  12:05:24,025758;9,396654E-1;1,222756E-1;1,208909E-1;9,339704E-1;;
02/12/2021  12:05:24,025858;9,397935E-1;1,162226E-1;1,107811E-1;9,340407E-1;;
02/12/2021  12:05:24,025958;9,399515E-1;1,174969E-1;1,199431E-1;9,341206E-1;;
02/12/2021  12:05:24,026058;9,392660E-1;1,394789E-1;1,445858E-1;9,342096E-1;;
02/12/2021  12:05:24,026158;9,389859E-1;1,270543E-1;1,158360E-1;9,343073E-1;;
02/12/2021  12:05:24,026258;9,401214E-1;1,273729E-1;1,600664E-1;9,344131E-1;;
02/12/2021  12:05:24,026358;9,409112E-1;1,257800E-1;1,483770E-1;9,345265E-1;;
02/12/2021  12:05:24,026458;9,402764E-1;1,235499E-1;1,313166E-1;9,346472E-1;;
02/12/2021  12:05:24,026558;9,408039E-1;1,216384E-1;1,174156E-1;9,347747E-1;;
02/12/2021  12:05:24,026658;9,411585E-1;1,168597E-1;1,196272E-1;9,349087E-1;;
02/12/2021  12:05:24,026758;9,419453E-1;1,203641E-1;1,013031E-1;9,350489E-1;;
02/12/2021  12:05:24,026858;9,431047E-1;1,337445E-1;1,322644E-1;9,351951E-1;;
02/12/2021  12:05:24,026958;9,427202E-1;1,433019E-1;1,370034E-1;9,353471E-1;;
02/12/2021  12:05:24,027058;9,423417E-1;1,245056E-1;1,170997E-1;9,355050E-1;;
02/12/2021  12:05:24,027158;9,424550E-1;1,417090E-1;1,843932E-1;9,356684E-1;;
02/12/2021  12:05:24,027258;9,445948E-1;1,286472E-1;1,148882E-1;9,358372E-1;;
02/12/2021  12:05:24,027358;9,453727E-1;1,260985E-1;1,281573E-1;9,360114E-1;;
02/12/2021  12:05:24,027458;9,450776E-1;1,155854E-1;1,265777E-1;9,361910E-1;;
02/12/2021  12:05:24,027558;9,442431E-1;1,184526E-1;1,110970E-1;9,363761E-1;;
02/12/2021  12:05:24,027658;9,439421E-1;1,563636E-1;1,458495E-1;9,365668E-1;;
02/12/2021  12:05:24,027758;9,450001E-1;1,108067E-1;1,161519E-1;9,367627E-1;;
02/12/2021  12:05:24,027858;9,435219E-1;1,347002E-1;1,284732E-1;9,369635E-1;;
02/12/2021  12:05:24,027958;9,427828E-1;1,187712E-1;1,205749E-1;9,371689E-1;;
02/12/2021  12:05:24,028058;9,422642E-1;1,031608E-1;1,221546E-1;9,373783E-1;;
02/12/2021  12:05:24,028158;9,418023E-1;1,557265E-1;1,723878E-1;9,375908E-1;;
02/12/2021  12:05:24,028258;9,424401E-1;1,315144E-1;1,256299E-1;9,378056E-1;;
02/12/2021  12:05:24,028358;9,420437E-1;1,241871E-1;1,259458E-1;9,380218E-1;;
02/12/2021  12:05:24,028458;9,416622E-1;1,095324E-1;1,038306E-1;9,382388E-1;;
02/12/2021  12:05:24,028558;9,403389E-1;1,283286E-1;1,730197E-1;9,384556E-1;;
02/12/2021  12:05:24,028658;9,410125E-1;1,439390E-1;1,471132E-1;9,386712E-1;;
02/12/2021  12:05:24,028758;9,416443E-1;1,200455E-1;1,354238E-1;9,388848E-1;;
02/12/2021  12:05:24,028858;9,422225E-1;1,152668E-1;1,164678E-1;9,390957E-1;;
02/12/2021  12:05:24,028958;9,414834E-1;1,343816E-1;1,237343E-1;9,393031E-1;;
02/12/2021  12:05:24,029058;9,410006E-1;1,401161E-1;1,578549E-1;9,395066E-1;;
02/12/2021  12:05:24,029158;9,417248E-1;7,958586E-2;7,097362E-2;9,397057E-1;;
02/12/2021  12:05:24,029258;9,428364E-1;1,439390E-1;1,332122E-1;9,398997E-1;;
02/12/2021  12:05:24,029358;9,425920E-1;1,544522E-1;1,891322E-1;9,400884E-1;;
02/12/2021  12:05:24,029458;9,417248E-1;1,283286E-1;1,328963E-1;9,402717E-1;;
02/12/2021  12:05:24,029558;9,410810E-1;1,225942E-1;1,278414E-1;9,404491E-1;;
02/12/2021  12:05:24,029658;9,418321E-1;6,620550E-2;7,729226E-2;9,406205E-1;;
02/12/2021  12:05:24,029758;9,420318E-1;1,143111E-1;9,656411E-2;9,407855E-1;;
02/12/2021  12:05:24,029858;9,415251E-1;9,519628E-2;1,041465E-1;9,409439E-1;;
02/12/2021  12:05:24,029958;9,401422E-1;1,232313E-1;1,275255E-1;9,410954E-1;;
02/12/2021  12:05:24,030058;9,393852E-1;1,095324E-1;1,129926E-1;9,412396E-1;;
02/12/2021  12:05:24,030158;9,392034E-1;1,095324E-1;1,044624E-1;9,413762E-1;;
02/12/2021  12:05:24,030258;9,399128E-1;1,022050E-1;1,123607E-1;9,415045E-1;;
02/12/2021  12:05:24,030358;9,390574E-1;1,222756E-1;1,246821E-1;9,416241E-1;;
02/12/2021  12:05:24,030458;9,381127E-1;1,181340E-1;1,313166E-1;9,417346E-1;;
02/12/2021  12:05:24,030558;9,368818E-1;1,018865E-1;1,009872E-1;9,418356E-1;;
02/12/2021  12:05:24,030658;9,383928E-1;1,101695E-1;1,332122E-1;9,419264E-1;;
02/12/2021  12:05:24,030758;9,376954E-1;1,241871E-1;1,603824E-1;9,420067E-1;;
02/12/2021  12:05:24,030858;9,370189E-1;1,162226E-1;1,253139E-1;9,420760E-1;;
02/12/2021  12:05:24,030958;9,362410E-1;8,340882E-2;9,245700E-2;9,421342E-1;;
02/12/2021  12:05:24,031058;9,357195E-1;9,806350E-2;9,435259E-2;9,421808E-1;;
02/12/2021  12:05:24,031158;9,367417E-1;8,755036E-2;1,088855E-1;9,422154E-1;;
02/12/2021  12:05:24,031258;9,359728E-1;7,767438E-2;1,009872E-1;9,422378E-1;;
02/12/2021  12:05:24,031358;9,351681E-1;9,328480E-2;1,066739E-1;9,422479E-1;;
02/12/2021  12:05:24,031458;9,341638E-1;1,047537E-1;1,145722E-1;9,422454E-1;;
02/12/2021  12:05:24,031558;9,333263E-1;1,079395E-1;1,237343E-1;9,422301E-1;;
02/12/2021  12:05:24,031658;9,337823E-1;1,280100E-1;1,430061E-1;9,422018E-1;;
02/12/2021  12:05:24,031758;9,336035E-1;1,296029E-1;1,294210E-1;9,421600E-1;;
02/12/2021  12:05:24,031858;9,328018E-1;2,404688E-1;2,292556E-1;9,421048E-1;;
02/12/2021  12:05:24,031958;9,321223E-1;1,053908E-1;1,161519E-1;9,420361E-1;;
02/12/2021  12:05:24,032058;9,311090E-1;1,420275E-1;1,483770E-1;9,419536E-1;;
02/12/2021  12:05:24,032158;9,324888E-1;1,515849E-1;1,449017E-1;9,418572E-1;;
02/12/2021  12:05:24,032258;9,321729E-1;1,573194E-1;1,376353E-1;9,417471E-1;;
02/12/2021  12:05:24,032358;9,312580E-1;1,570008E-1;1,445858E-1;9,416233E-1;;
02/12/2021  12:05:24,032458;9,307454E-1;1,710183E-1;1,518522E-1;9,414860E-1;;
02/12/2021  12:05:24,032558;9,303967E-1;1,547707E-1;1,695444E-1;9,413355E-1;;
02/12/2021  12:05:24,032658;9,313653E-1;1,570008E-1;1,493248E-1;9,411718E-1;;
02/12/2021  12:05:24,032758;9,306768E-1;1,611423E-1;1,546956E-1;9,409955E-1;;
02/12/2021  12:05:24,032858;9,297946E-1;2,829448E-2;8,771802E-2;9,408067E-1;;
02/12/2021  12:05:24,032958;9,294161E-1;1,270543E-1;1,019350E-1;9,406060E-1;;
02/12/2021  12:05:24,033058;9,302327E-1;1,044351E-1;1,243661E-1;9,403938E-1;;
02/12/2021  12:05:24,033158;9,311894E-1;1,340630E-1;1,411105E-1;9,401704E-1;;
02/12/2021  12:05:24,033258;9,312282E-1;1,369303E-1;1,385831E-1;9,399366E-1;;
02/12/2021  12:05:24,033358;9,309659E-1;1,254614E-1;1,259458E-1;9,396933E-1;;
02/12/2021  12:05:24,033458;9,305665E-1;1,190898E-1;1,044624E-1;9,394414E-1;;
02/12/2021  12:05:24,033558;9,316186E-1;1,280100E-1;1,395309E-1;9,391817E-1;;
02/12/2021  12:05:24,033658;9,319881E-1;1,332122E-2;5,012211E-2;9,389152E-1;;
02/12/2021  12:05:24,033758;9,316633E-1;1,576380E-1;1,493248E-1;9,386429E-1;;
02/12/2021  12:05:24,033858;9,314547E-1;1,337445E-1;1,310007E-1;9,383659E-1;;
02/12/2021  12:05:24,033958;9,317557E-1;1,311958E-1;1,392149E-1;9,380853E-1;;
02/12/2021  12:05:24,034058;9,322892E-1;1,050723E-1;1,117289E-1;9,378019E-1;;
02/12/2021  12:05:24,034158;9,329091E-1;1,060280E-1;9,403666E-2;9,375169E-1;;
02/12/2021  12:05:24,034258;9,324501E-1;5,314372E-2;5,928414E-2;9,372313E-1;;
02/12/2021  12:05:24,034358;9,311566E-1;1,280100E-1;1,291051E-1;9,369463E-1;;
02/12/2021  12:05:24,034458;9,313384E-1;1,181340E-1;1,234183E-1;9,366626E-1;;
02/12/2021  12:05:24,034558;9,312699E-1;9,137332E-2;7,634447E-2;9,363808E-1;;
02/12/2021  12:05:24,034658;9,325455E-1;1,461691E-1;1,398468E-1;9,361018E-1;;
02/12/2021  12:05:24,034758;9,317378E-1;1,216384E-1;1,227865E-1;9,358262E-1;;
02/12/2021  12:05:24,034858;9,316633E-1;1,251428E-1;1,123607E-1;9,355547E-1;;
02/12/2021  12:05:24,034958;9,311149E-1;1,063466E-1;1,028828E-1;9,352879E-1;;
02/12/2021  12:05:24,035058;9,320090E-1;8,309024E-2;9,498445E-2;9,350264E-1;;
02/12/2021  12:05:24,035158;9,322892E-1;1,404346E-1;1,692285E-1;9,347706E-1;;
02/12/2021  12:05:24,035258;9,320001E-1;1,378860E-1;1,338441E-1;9,345211E-1;;
02/12/2021  12:05:24,035358;9,314219E-1;5,855958E-2;6,212753E-2;9,342784E-1;;
02/12/2021  12:05:24,035458;9,316901E-1;1,162226E-1;1,193112E-1;9,340428E-1;;
02/12/2021  12:05:24,035558;9,320060E-1;1,251428E-1;1,281573E-1;9,338148E-1;;
02/12/2021  12:05:24,035658;9,325395E-1;1,251428E-1;1,363715E-1;9,335945E-1;;
02/12/2021  12:05:24,035758;9,322534E-1;1,133553E-1;1,227865E-1;9,333825E-1;;
02/12/2021  12:05:24,035858;9,319226E-1;2,479010E-2;7,223735E-2;9,331789E-1;;
02/12/2021  12:05:24,035958;9,318570E-1;1,152668E-1;7,002583E-2;9,329842E-1;;
02/12/2021  12:05:24,036058;9,329210E-1;1,464877E-1;1,430061E-1;9,327983E-1;;
02/12/2021  12:05:24,036158;9,331862E-1;1,165411E-1;1,262617E-1;9,326215E-1;;
02/12/2021  12:05:24,036258;9,336601E-1;1,503106E-1;1,695444E-1;9,324542E-1;;
02/12/2021  12:05:24,036358;9,329657E-1;1,315144E-1;1,382671E-1;9,322967E-1;;
02/12/2021  12:05:24,036458;9,337584E-1;1,372488E-1;1,518522E-1;9,321491E-1;;
02/12/2021  12:05:24,036558;9,354065E-1;1,225942E-1;1,249980E-1;9,320117E-1;;
02/12/2021  12:05:24,036658;9,353559E-1;1,225942E-1;1,246821E-1;9,318850E-1;;
02/12/2021  12:05:24,036758;9,355347E-1;1,184526E-1;1,594346E-1;9,317693E-1;;
02/12/2021  12:05:24,036858;9,355466E-1;1,296029E-1;1,294210E-1;9,316650E-1;;
02/12/2021  12:05:24,036958;9,361844E-1;1,168597E-1;1,148882E-1;9,315726E-1;;
02/12/2021  12:05:24,037058;9,381842E-1;1,375674E-1;1,404787E-1;9,314922E-1;;
02/12/2021  12:05:24,037158;9,382974E-1;1,276914E-1;1,363715E-1;9,314244E-1;;
02/12/2021  12:05:24,037258;9,383839E-1;8,213450E-2;8,677022E-2;9,313698E-1;;
02/12/2021  12:05:24,037358;9,380143E-1;6,716124E-2;1,136244E-1;9,313287E-1;;
02/12/2021  12:05:24,037458;9,394270E-1;1,251428E-1;1,237343E-1;9,313016E-1;;
02/12/2021  12:05:24,037558;9,409439E-1;1,069837E-1;1,107811E-1;9,312887E-1;;
02/12/2021  12:05:24,037658;9,406042E-1;1,190898E-1;1,227865E-1;9,312905E-1;;
02/12/2021  12:05:24,037758;9,411913E-1;9,774492E-2;9,624818E-2;9,313075E-1;;
02/12/2021  12:05:24,037858;9,402555E-1;1,682560E-2;6,939396E-2;9,313399E-1;;
02/12/2021  12:05:24,037958;9,416384E-1;1,076209E-1;1,193112E-1;9,313879E-1;;
02/12/2021  12:05:24,038058;9,438438E-1;1,713369E-1;1,660692E-1;9,314516E-1;;
02/12/2021  12:05:24,038158;9,431076E-1;1,018865E-1;7,697633E-2;9,315312E-1;;
02/12/2021  12:05:24,038258;9,434414E-1;1,254614E-1;1,180475E-1;9,316271E-1;;
02/12/2021  12:05:24,038358;9,426874E-1;1,184526E-1;1,107811E-1;9,317394E-1;;
02/12/2021  12:05:24,038458;9,437037E-1;1,442576E-1;1,679647E-1;9,318678E-1;;
02/12/2021  12:05:24,038558;9,445531E-1;1,123996E-1;1,357397E-1;9,320124E-1;;
02/12/2021  12:05:24,038658;9,449286E-1;1,350188E-1;1,227865E-1;9,321728E-1;;
02/12/2021  12:05:24,038758;9,446008E-1;1,168597E-1;1,218387E-1;9,323491E-1;;
02/12/2021  12:05:24,038858;9,449763E-1;1,002936E-1;1,199431E-1;9,325408E-1;;
02/12/2021  12:05:24,038958;9,458525E-1;6,556834E-2;9,245700E-2;9,327477E-1;;
02/12/2021  12:05:24,039058;9,468449E-1;1,356559E-1;1,310007E-1;9,329695E-1;;
02/12/2021  12:05:24,039158;9,473248E-1;1,280100E-1;1,117289E-1;9,332058E-1;;
02/12/2021  12:05:24,039258;9,471936E-1;1,413904E-1;1,698603E-1;9,334565E-1;;
02/12/2021  12:05:24,039358;9,469850E-1;9,710776E-2;8,740209E-2;9,337212E-1;;
02/12/2021  12:05:24,039458;9,489609E-1;1,334259E-1;1,401627E-1;9,339995E-1;;
02/12/2021  12:05:24,039558;9,500964E-1;1,585937E-1;1,850251E-1;9,342910E-1;;
02/12/2021  12:05:24,039658;9,501382E-1;1,139925E-1;1,114129E-1;9,345956E-1;;
02/12/2021  12:05:24,039758;9,512737E-1;1,238685E-1;1,303688E-1;9,349131E-1;;
02/12/2021  12:05:24,039858;9,517058E-1;1,229127E-1;1,221546E-1;9,352433E-1;;
02/12/2021  12:05:24,039958;9,536907E-1;1,343816E-1;1,322644E-1;9,355863E-1;;
02/12/2021  12:05:24,040058;9,544894E-1;1,318330E-1;1,404787E-1;9,359418E-1;;
02/12/2021  12:05:24,040158;9,553209E-1;1,200455E-1;1,202590E-1;9,363102E-1;;
02/12/2021  12:05:24,040258;9,548649E-1;1,225942E-1;1,262617E-1;9,366914E-1;;
02/12/2021  12:05:24,040358;9,560451E-1;-1,319513E-1;1,473773E-2;9,370855E-1;;
02/12/2021  12:05:24,040458;9,578571E-1;1,372488E-1;1,875525E-1;9,374923E-1;;
02/12/2021  12:05:24,040558;9,588049E-1;1,152668E-1;1,117289E-1;9,379121E-1;;
02/12/2021  12:05:24,040658;9,588913E-1;1,276914E-1;1,256299E-1;9,383448E-1;;
02/12/2021  12:05:24,040758;9,592847E-1;1,337445E-1;1,344760E-1;9,387906E-1;;
02/12/2021  12:05:24,040858;9,595976E-1;1,493549E-1;1,382671E-1;9,392494E-1;;
02/12/2021  12:05:24,040958;9,617196E-1;1,327887E-1;1,556434E-1;9,397211E-1;;
02/12/2021  12:05:24,041058;9,627568E-1;1,178155E-1;1,199431E-1;9,402055E-1;;
02/12/2021  12:05:24,041158;9,628402E-1;1,362931E-1;1,376353E-1;9,407028E-1;;
02/12/2021  12:05:24,041258;9,627419E-1;1,464877E-1;1,376353E-1;9,412130E-1;;
02/12/2021  12:05:24,041358;9,630518E-1;1,168597E-1;1,335282E-1;9,417357E-1;;
02/12/2021  12:05:24,041458;9,646284E-1;1,187712E-1;1,180475E-1;9,422707E-1;;
02/12/2021  12:05:24,041558;9,656119E-1;1,296029E-1;1,272095E-1;9,428177E-1;;
02/12/2021  12:05:24,041658;9,650218E-1;1,222756E-1;1,297370E-1;9,433764E-1;;
02/12/2021  12:05:24,041758;9,653645E-1;1,366117E-1;1,404787E-1;9,439464E-1;;
02/12/2021  12:05:24,041858;9,658742E-1;1,251428E-1;1,262617E-1;9,445272E-1;;
02/12/2021  12:05:24,041958;9,667563E-1;1,009307E-1;1,221546E-1;9,451183E-1;;
02/12/2021  12:05:24,042058;9,669739E-1;1,229127E-1;1,278414E-1;9,457190E-1;;
02/12/2021  12:05:24,042158;9,671438E-1;1,417090E-1;1,268936E-1;9,463288E-1;;
02/12/2021  12:05:24,042258;9,664195E-1;1,356559E-1;1,351078E-1;9,469469E-1;;
02/12/2021  12:05:24,042358;9,668994E-1;1,334259E-1;1,442698E-1;9,475724E-1;;
02/12/2021  12:05:24,042458;9,678829E-1;1,152668E-1;1,066739E-1;9,482044E-1;;
02/12/2021  12:05:24,042558;9,671616E-1;1,079395E-1;1,278414E-1;9,488420E-1;;
02/12/2021  12:05:24,042658;9,665268E-1;1,353374E-1;1,306848E-1;9,494841E-1;;
02/12/2021  12:05:24,042758;9,659665E-1;1,232313E-1;1,253139E-1;9,501297E-1;;
02/12/2021  12:05:24,042858;9,662139E-1;1,302401E-1;1,256299E-1;9,507772E-1;;
02/12/2021  12:05:24,042958;9,674418E-1;1,190898E-1;8,740209E-2;9,514255E-1;;
02/12/2021  12:05:24,043058;9,670335E-1;1,108067E-1;8,803395E-2;9,520732E-1;;
02/12/2021  12:05:24,043158;9,663182E-1;1,136739E-1;1,189953E-1;9,527192E-1;;
02/12/2021  12:05:24,043258;9,650814E-1;1,050723E-1;1,145722E-1;9,533622E-1;;
02/12/2021  12:05:24,043358;9,661364E-1;1,155854E-1;1,196272E-1;9,540008E-1;;
02/12/2021  12:05:24,043458;9,664136E-1;1,127182E-1;1,145722E-1;9,546335E-1;;
02/12/2021  12:05:24,043558;9,665328E-1;2,001140E-2;6,623464E-2;9,552592E-1;;
02/12/2021  12:05:24,043658;9,664672E-1;1,200455E-1;1,218387E-1;9,558767E-1;;
02/12/2021  12:05:24,043758;9,653645E-1;8,117876E-2;1,009872E-1;9,564849E-1;;
02/12/2021  12:05:24,043858;9,659993E-1;5,250656E-2;8,582243E-2;9,570827E-1;;
02/12/2021  12:05:24,043958;9,664195E-1;1,420275E-1;1,727037E-1;9,576690E-1;;
02/12/2021  12:05:24,044058;9,652125E-1;1,085766E-1;1,126766E-1;9,582428E-1;;
02/12/2021  12:05:24,044158;9,645420E-1;5,027650E-2;7,413294E-2;9,588031E-1;;
02/12/2021  12:05:24,044258;9,640919E-1;9,838208E-2;1,101492E-1;9,593489E-1;;
02/12/2021  12:05:24,044358;9,645211E-1;1,060280E-1;1,183634E-1;9,598791E-1;;
02/12/2021  12:05:24,044458;9,642558E-1;1,057094E-1;1,249980E-1;9,603926E-1;;
02/12/2021  12:05:24,044558;9,631323E-1;9,073616E-2;1,028828E-1;9,608887E-1;;
02/12/2021  12:05:24,044658;9,623127E-1;9,169190E-2;1,013031E-1;9,613663E-1;;
02/12/2021  12:05:24,044758;9,618150E-1;8,054160E-2;1,123607E-1;9,618246E-1;;
02/12/2021  12:05:24,044858;9,623008E-1;9,838208E-2;1,066739E-1;9,622625E-1;;
02/12/2021  12:05:24,044958;9,617107E-1;9,838208E-2;1,148882E-1;9,626791E-1;;
02/12/2021  12:05:24,045058;9,612487E-1;1,366117E-1;1,689125E-1;9,630739E-1;;
02/12/2021  12:05:24,045158;9,602265E-1;1,136739E-1;1,363715E-1;9,634460E-1;;
02/12/2021  12:05:24,045258;9,595917E-1;1,273729E-1;1,417424E-1;9,637949E-1;;
02/12/2021  12:05:24,045358;9,593026E-1;1,324701E-1;1,622780E-1;9,641198E-1;;
02/12/2021  12:05:24,045458;9,591476E-1;1,359745E-1;1,351078E-1;9,644200E-1;;
02/12/2021  12:05:24,045558;9,586231E-1;1,483991E-1;1,401627E-1;9,646952E-1;;
02/12/2021  12:05:24,045658;9,570942E-1;1,608238E-1;1,452176E-1;9,649449E-1;;
02/12/2021  12:05:24,045758;9,569511E-1;4,358632E-2;1,066739E-1;9,651686E-1;;
02/12/2021  12:05:24,045858;9,572641E-1;1,598680E-1;1,404787E-1;9,653658E-1;;
02/12/2021  12:05:24,045958;9,566531E-1;1,703812E-1;1,483770E-1;9,655365E-1;;
02/12/2021  12:05:24,046058;9,555713E-1;1,178155E-1;1,041465E-1;9,656803E-1;;
02/12/2021  12:05:24,046158;9,541020E-1;1,738855E-1;1,910278E-1;9,657972E-1;;
02/12/2021  12:05:24,046258;9,535566E-1;1,410718E-1;1,272095E-1;9,658869E-1;;
02/12/2021  12:05:24,046358;9,536162E-1;1,257800E-1;1,300529E-1;9,659493E-1;;
02/12/2021  12:05:24,046458;9,523168E-1;1,385232E-1;1,388990E-1;9,659842E-1;;
02/12/2021  12:05:24,046558;9,512200E-1;1,302401E-1;1,306848E-1;9,659915E-1;;
02/12/2021  12:05:24,046658;9,491100E-1;1,101695E-1;1,164678E-1;9,659711E-1;;
02/12/2021  12:05:24,046758;9,495719E-1;1,181340E-1;1,256299E-1;9,659227E-1;;
02/12/2021  12:05:24,046858;9,494497E-1;4,995792E-2;9,498445E-2;9,658463E-1;;
02/12/2021  12:05:24,046958;9,481026E-1;1,318330E-1;1,385831E-1;9,657418E-1;;
02/12/2021  12:05:24,047058;9,468569E-1;1,308772E-1;1,278414E-1;9,656094E-1;;
02/12/2021  12:05:24,047158;9,452028E-1;1,206827E-1;1,117289E-1;9,654490E-1;;
02/12/2021  12:05:24,047258;9,451551E-1;8,117876E-2;1,559593E-1;9,652606E-1;;
02/12/2021  12:05:24,047358;9,444011E-1;3,148028E-2;6,433905E-2;9,650443E-1;;
02/12/2021  12:05:24,047458;9,439421E-1;1,076209E-1;1,114129E-1;9,648002E-1;;
02/12/2021  12:05:24,047558;9,428007E-1;1,264171E-1;1,246821E-1;9,645285E-1;;
02/12/2021  12:05:24,047658;9,413850E-1;1,130368E-1;8,992954E-2;9,642296E-1;;
02/12/2021  12:05:24,047758;9,412390E-1;3,944478E-2;7,571260E-2;9,639036E-1;;
02/12/2021  12:05:24,047858;9,408814E-1;1,331073E-1;1,224705E-1;9,635510E-1;;
02/12/2021  12:05:24,047958;9,401750E-1;1,095324E-1;9,845971E-2;9,631721E-1;;
02/12/2021  12:05:24,048058;9,387653E-1;1,219570E-1;1,423743E-1;9,627676E-1;;
02/12/2021  12:05:24,048158;9,378891E-1;1,331073E-1;1,199431E-1;9,623380E-1;;
02/12/2021  12:05:24,048258;9,375762E-1;1,337445E-1;1,167838E-1;9,618839E-1;;
02/12/2021  12:05:24,048358;9,368729E-1;1,382046E-1;1,733356E-1;9,614057E-1;;
02/12/2021  12:05:24,048458;9,364705E-1;1,206827E-1;1,152041E-1;9,609043E-1;;
02/12/2021  12:05:24,048558;9,349774E-1;1,289658E-1;1,638576E-1;9,603802E-1;;
02/12/2021  12:05:24,048658;9,342174E-1;1,382046E-1;1,338441E-1;9,598344E-1;;
02/12/2021  12:05:24,048758;9,333829E-1;1,159040E-1;1,025668E-1;9,592674E-1;;
02/12/2021  12:05:24,048858;9,331981E-1;1,225942E-1;1,357397E-1;9,586801E-1;;
02/12/2021  12:05:24,048958;9,324262E-1;1,251428E-1;1,262617E-1;9,580731E-1;;
02/12/2021  12:05:24,049058;9,301225E-1;1,442576E-1;1,316326E-1;9,574472E-1;;
02/12/2021  12:05:24,049158;9,289542E-1;9,710776E-2;1,442698E-1;9,568032E-1;;
02/12/2021  12:05:24,049258;9,286591E-1;1,413904E-1;1,392149E-1;9,561416E-1;;
02/12/2021  12:05:24,049358;9,277442E-1;1,190898E-1;1,189953E-1;9,554630E-1;;
02/12/2021  12:05:24,049458;9,267577E-1;1,286472E-1;1,351078E-1;9,547679E-1;;
02/12/2021  12:05:24,049558;9,257742E-1;1,238685E-1;1,186794E-1;9,540569E-1;;
02/12/2021  12:05:24,049658;9,249308E-1;1,331073E-1;1,458495E-1;9,533307E-1;;
02/12/2021  12:05:24,049758;9,243317E-1;1,210013E-1;1,341600E-1;9,525898E-1;;
02/12/2021  12:05:24,049858;9,234406E-1;1,276914E-1;1,275255E-1;9,518348E-1;;
02/12/2021  12:05:24,049958;9,221025E-1;1,439390E-1;1,543797E-1;9,510664E-1;;
02/12/2021  12:05:24,050058;9,213514E-1;1,174969E-1;1,095173E-1;9,502852E-1;;
02/12/2021  12:05:24,050158;9,205289E-1;7,002846E-2;6,907803E-2;9,494917E-1;;
02/12/2021  12:05:24,050258;9,206600E-1;1,171783E-1;1,142563E-1;9,486867E-1;;
02/12/2021  12:05:24,050358;9,198047E-1;1,378860E-1;1,347919E-1;9,478706E-1;;
02/12/2021  12:05:24,050458;9,192146E-1;1,308772E-1;1,379512E-1;9,470445E-1;;
02/12/2021  12:05:24,050558;9,184039E-1;1,241871E-1;1,287892E-1;9,462090E-1;;
02/12/2021  12:05:24,050658;9,180880E-1;1,334259E-1;1,287892E-1;9,453650E-1;;
02/12/2021  12:05:24,050758;9,188331E-1;5,537378E-2;1,050943E-1;9,445134E-1;;
02/12/2021  12:05:24,050858;9,189970E-1;1,442576E-1;1,357397E-1;9,436552E-1;;
02/12/2021  12:05:24,050958;9,180493E-1;1,302401E-1;1,224705E-1;9,427917E-1;;
02/12/2021  12:05:24,051058;9,172595E-1;1,286472E-1;1,316326E-1;9,419241E-1;;
02/12/2021  12:05:24,051158;9,171731E-1;1,324701E-1;1,347919E-1;9,410536E-1;;
02/12/2021  12:05:24,051258;9,173340E-1;1,283286E-1;1,180475E-1;9,401814E-1;;
02/12/2021  12:05:24,051358;9,179628E-1;1,311958E-1;1,253139E-1;9,393087E-1;;
02/12/2021  12:05:24,051458;9,178347E-1;1,225942E-1;1,177316E-1;9,384369E-1;;
02/12/2021  12:05:24,051558;9,174920E-1;1,136739E-1;1,224705E-1;9,375674E-1;;
02/12/2021  12:05:24,051658;9,183711E-1;1,302401E-1;1,287892E-1;9,367017E-1;;
02/12/2021  12:05:24,051758;9,188182E-1;5,760384E-2;5,770448E-2;9,358413E-1;;
02/12/2021  12:05:24,051858;9,198226E-1;1,095324E-1;1,025668E-1;9,349879E-1;;
02/12/2021  12:05:24,051958;9,192682E-1;1,146297E-1;1,066739E-1;9,341431E-1;;
02/12/2021  12:05:24,052058;9,196199E-1;2,256004E-2;6,781430E-2;9,333088E-1;;
02/12/2021  12:05:24,052158;9,209640E-1;1,289658E-1;1,183634E-1;9,324866E-1;;
02/12/2021  12:05:24,052258;9,214736E-1;1,245056E-1;1,212068E-1;9,316781E-1;;
02/12/2021  12:05:24,052358;9,212591E-1;6,875414E-2;9,087734E-2;9,308853E-1;;
02/12/2021  12:05:24,052458;9,214289E-1;1,264171E-1;1,284732E-1;9,301099E-1;;
02/12/2021  12:05:24,052558;9,216167E-1;7,321426E-2;9,308886E-2;9,293533E-1;;
02/12/2021  12:05:24,052658;9,225078E-1;1,276914E-1;1,234183E-1;9,286172E-1;;
02/12/2021  12:05:24,052758;9,231873E-1;1,706997E-1;2,216732E-1;9,279029E-1;;
02/12/2021  12:05:24,052858;9,234377E-1;1,369303E-1;1,388990E-1;9,272119E-1;;
02/12/2021  12:05:24,052958;9,229250E-1;1,299215E-1;1,347919E-1;9,265455E-1;;
02/12/2021  12:05:24,053058;9,230592E-1;1,356559E-1;1,335282E-1;9,259049E-1;;
02/12/2021  12:05:24,053158;9,237208E-1;1,257800E-1;1,306848E-1;9,252912E-1;;
02/12/2021  12:05:24,053258;9,242215E-1;1,232313E-1;1,363715E-1;9,247051E-1;;
02/12/2021  12:05:24,053358;9,246387E-1;1,315144E-1;1,341600E-1;9,241476E-1;;
02/12/2021  12:05:24,053458;9,244897E-1;1,778134E-2;8,203124E-2;9,236193E-1;;
02/12/2021  12:05:24,053558;9,250768E-1;1,362931E-1;1,300529E-1;9,231209E-1;;
02/12/2021  12:05:24,053658;9,270528E-1;1,299215E-1;1,237343E-1;9,226529E-1;;
02/12/2021  12:05:24,053758;9,280243E-1;1,210013E-1;1,268936E-1;9,222160E-1;;
02/12/2021  12:05:24,053858;9,283790E-1;1,503106E-1;1,616461E-1;9,218110E-1;;
02/12/2021  12:05:24,053958;9,289095E-1;1,286472E-1;1,259458E-1;9,214384E-1;;
02/12/2021  12:05:24,054058;9,301165E-1;1,260985E-1;1,275255E-1;9,210988E-1;;
02/12/2021  12:05:24,054158;9,314725E-1;1,245056E-1;1,297370E-1;9,207929E-1;;
02/12/2021  12:05:24,054258;9,325097E-1;1,245056E-1;1,313166E-1;9,205212E-1;;
02/12/2021  12:05:24,054358;9,328226E-1;1,464877E-1;1,524841E-1;9,202843E-1;;
02/12/2021  12:05:24,054458;9,327153E-1;1,299215E-1;1,268936E-1;9,200827E-1;;
02/12/2021  12:05:24,054558;9,341638E-1;1,366117E-1;1,597505E-1;9,199166E-1;;
02/12/2021  12:05:24,054658;9,356628E-1;1,296029E-1;1,423743E-1;9,197863E-1;;
02/12/2021  12:05:24,054758;9,359758E-1;1,324701E-1;1,332122E-1;9,196921E-1;;
02/12/2021  12:05:24,054858;9,368580E-1;7,831154E-2;7,824006E-2;9,196340E-1;;
02/12/2021  12:05:24,054958;9,361844E-1;1,204690E-2;1,120448E-1;9,196121E-1;;
02/12/2021  12:05:24,055058;9,364973E-1;1,241871E-1;1,287892E-1;9,196263E-1;;
02/12/2021  12:05:24,055158;9,378713E-1;1,582751E-1;1,755471E-1;9,196761E-1;;
02/12/2021  12:05:24,055258;9,387475E-1;1,337445E-1;1,322644E-1;9,197610E-1;;
02/12/2021  12:05:24,055358;9,389054E-1;1,085766E-1;1,054102E-1;9,198806E-1;;
02/12/2021  12:05:24,055458;9,386670E-1;1,241871E-1;1,328963E-1;9,200343E-1;;
02/12/2021  12:05:24,055558;9,400111E-1;1,296029E-1;1,291051E-1;9,202213E-1;;
02/12/2021  12:05:24,055658;9,413344E-1;1,327887E-1;1,344760E-1;9,204409E-1;;
02/12/2021  12:05:24,055758;9,412897E-1;1,133553E-1;1,000394E-1;9,206923E-1;;
02/12/2021  12:05:24,055858;9,420914E-1;1,088952E-1;1,092014E-1;9,209746E-1;;
02/12/2021  12:05:24,055958;9,417158E-1;1,245056E-1;1,354238E-1;9,212870E-1;;
02/12/2021  12:05:24,056058;9,422791E-1;1,420275E-1;1,366875E-1;9,216285E-1;;
02/12/2021  12:05:24,056158;9,437395E-1;1,165411E-1;1,006712E-1;9,219978E-1;;
02/12/2021  12:05:24,056258;9,435606E-1;1,289658E-1;1,272095E-1;9,223940E-1;;
02/12/2021  12:05:24,056358;9,431106E-1;1,254614E-1;1,297370E-1;9,228159E-1;;
02/12/2021  12:05:24,056458;9,429974E-1;1,257800E-1;1,306848E-1;9,232620E-1;;
02/12/2021  12:05:24,056558;9,436799E-1;1,283286E-1;1,268936E-1;9,237310E-1;;
02/12/2021  12:05:24,056658;9,450121E-1;1,114439E-1;1,164678E-1;9,242214E-1;;
02/12/2021  12:05:24,056758;9,440435E-1;1,146297E-1;1,114129E-1;9,247316E-1;;
02/12/2021  12:05:24,056858;9,437722E-1;1,417090E-1;1,859729E-1;9,252601E-1;;
02/12/2021  12:05:24,056958;9,427560E-1;1,331073E-1;1,379512E-1;9,258054E-1;;
02/12/2021  12:05:24,057058;9,432894E-1;1,120810E-1;1,088855E-1;9,263655E-1;;
02/12/2021  12:05:24,057158;9,440733E-1;1,044351E-1;1,126766E-1;9,269385E-1;;
02/12/2021  12:05:24,057258;9,434832E-1;1,053908E-1;1,092014E-1;9,275226E-1;;
02/12/2021  12:05:24,057358;9,432119E-1;1,238685E-1;1,256299E-1;9,281160E-1;;
02/12/2021  12:05:24,057458;9,431851E-1;8,468314E-2;1,031987E-1;9,287168E-1;;
02/12/2021  12:05:24,057558;9,445948E-1;1,139925E-1;1,249980E-1;9,293231E-1;;
02/12/2021  12:05:24,057658;9,457035E-1;1,152668E-1;1,243661E-1;9,299334E-1;;
02/12/2021  12:05:24,057758;9,454740E-1;1,229127E-1;1,300529E-1;9,305462E-1;;
02/12/2021  12:05:24,057858;9,448928E-1;1,076209E-1;1,031987E-1;9,311601E-1;;
02/12/2021  12:05:24,057958;9,446812E-1;1,359745E-1;1,436380E-1;9,317739E-1;;
02/12/2021  12:05:24,058058;9,466214E-1;8,149734E-2;9,340479E-2;9,323861E-1;;
02/12/2021  12:05:24,058158;9,463562E-1;8,882468E-2;1,063580E-1;9,329957E-1;;
02/12/2021  12:05:24,058258;9,462548E-1;1,133553E-1;1,196272E-1;9,336014E-1;;
02/12/2021  12:05:24,058358;9,461595E-1;9,933782E-2;1,025668E-1;9,342024E-1;;
02/12/2021  12:05:24,058458;9,464098E-1;7,799296E-2;8,803395E-2;9,347976E-1;;
02/12/2021  12:05:24,058558;9,473754E-1;1,190898E-1;1,610142E-1;9,353861E-1;;
02/12/2021  12:05:24,058658;9,471281E-1;1,382046E-1;1,436380E-1;9,359669E-1;;
02/12/2021  12:05:24,058758;9,466840E-1;1,219570E-1;1,411105E-1;9,365395E-1;;
02/12/2021  12:05:24,058858;9,460432E-1;1,296029E-1;1,363715E-1;9,371029E-1;;
02/12/2021  12:05:24,058958;9,452117E-1;1,455319E-1;1,461654E-1;9,376563E-1;;
02/12/2021  12:05:24,059058;9,464784E-1;1,515849E-1;1,341600E-1;9,381987E-1;;
02/12/2021  12:05:24,059158;9,459091E-1;1,706997E-1;1,452176E-1;9,387293E-1;;
02/12/2021  12:05:24,059258;9,463234E-1;1,636910E-1;1,556434E-1;9,392473E-1;;
02/12/2021  12:05:24,059358;9,460134E-1;1,894960E-1;1,543797E-1;9,397520E-1;;
02/12/2021  12:05:24,059458;9,455396E-1;1,678325E-1;1,537478E-1;9,402428E-1;;
02/12/2021  12:05:24,059558;9,468658E-1;1,738855E-1;1,606983E-1;9,407190E-1;;
02/12/2021  12:05:24,059658;9,471310E-1;1,369303E-1;1,338441E-1;9,411803E-1;;
02/12/2021  12:05:24,059758;9,468241E-1;1,413904E-1;1,249980E-1;9,416263E-1;;
02/12/2021  12:05:24,059858;9,465797E-1;1,264171E-1;1,379512E-1;9,420567E-1;;
02/12/2021  12:05:24,059958;9,474529E-1;1,308772E-1;1,366875E-1;9,424715E-1;;
02/12/2021  12:05:24,060058;9,479149E-1;1,127182E-1;9,909157E-2;9,428705E-1;;
02/12/2021  12:05:24,060158;9,477927E-1;1,162226E-1;1,196272E-1;9,432538E-1;;
02/12/2021  12:05:24,060258;9,485079E-1;1,117624E-1;1,126766E-1;9,436214E-1;;
02/12/2021  12:05:24,060358;9,473844E-1;1,426647E-1;1,467973E-1;9,439736E-1;;
02/12/2021  12:05:24,060458;9,476794E-1;1,442576E-1;1,445858E-1;9,443106E-1;;
02/12/2021  12:05:24,060558;9,487702E-1;8,309024E-2;4,348754E-2;9,446324E-1;;
02/12/2021  12:05:24,060658;9,489013E-1;1,041165E-1;1,417424E-1;9,449394E-1;;
02/12/2021  12:05:24,060758;9,478076E-1;1,225942E-1;1,294210E-1;9,452320E-1;;
02/12/2021  12:05:24,060858;9,471102E-1;1,442576E-1;1,354238E-1;9,455103E-1;;
02/12/2021  12:05:24,060958;9,470267E-1;1,057094E-1;1,104651E-1;9,457746E-1;;
02/12/2021  12:05:24,061058;9,472443E-1;1,133553E-1;1,218387E-1;9,460248E-1;;
02/12/2021  12:05:24,061158;9,469075E-1;1,299215E-1;1,347919E-1;9,462612E-1;;
02/12/2021  12:05:24,061258;9,460730E-1;1,375674E-1;1,363715E-1;9,464836E-1;;
02/12/2021  12:05:24,061358;9,455217E-1;1,299215E-1;1,287892E-1;9,466922E-1;;
02/12/2021  12:05:24,061458;9,454114E-1;1,101695E-1;1,145722E-1;9,468869E-1;;
02/12/2021  12:05:24,061558;9,459240E-1;1,327887E-1;1,376353E-1;9,470676E-1;;
02/12/2021  12:05:24,061658;9,451134E-1;1,305587E-1;1,262617E-1;9,472343E-1;;
02/12/2021  12:05:24,061758;9,443534E-1;1,299215E-1;1,376353E-1;9,473870E-1;;
02/12/2021  12:05:24,061858;9,437961E-1;1,203641E-1;1,297370E-1;9,475255E-1;;
02/12/2021  12:05:24,061958;9,435547E-1;1,159040E-1;1,133085E-1;9,476499E-1;;
02/12/2021  12:05:24,062058;9,433282E-1;1,219570E-1;1,363715E-1;9,477599E-1;;
02/12/2021  12:05:24,062158;9,432686E-1;1,267357E-1;1,249980E-1;9,478554E-1;;
02/12/2021  12:05:24,062258;9,423804E-1;1,015679E-1;1,231024E-1;9,479364E-1;;
02/12/2021  12:05:24,062358;9,415609E-1;1,168597E-1;1,246821E-1;9,480027E-1;;
02/12/2021  12:05:24,062458;9,423655E-1;1,114439E-1;1,092014E-1;9,480543E-1;;
02/12/2021  12:05:24,062558;9,424162E-1;1,331073E-1;1,379512E-1;9,480911E-1;;
02/12/2021  12:05:24,062658;9,419215E-1;1,187712E-1;1,193112E-1;9,481132E-1;;
02/12/2021  12:05:24,062758;9,407234E-1;1,283286E-1;1,249980E-1;9,481208E-1;;
02/12/2021  12:05:24,062858;9,400528E-1;1,002936E-1;1,404787E-1;9,481140E-1;;
02/12/2021  12:05:24,062958;9,406072E-1;1,057094E-1;1,107811E-1;9,480928E-1;;
02/12/2021  12:05:24,063058;9,413880E-1;1,260985E-1;1,278414E-1;9,480571E-1;;
02/12/2021  12:05:24,063158;9,406757E-1;1,257800E-1;1,272095E-1;9,480074E-1;;
02/12/2021  12:05:24,063258;9,401095E-1;1,347002E-1;1,354238E-1;9,479440E-1;;
02/12/2021  12:05:24,063358;9,405803E-1;1,216384E-1;1,199431E-1;9,478672E-1;;
02/12/2021  12:05:24,063458;9,417069E-1;1,289658E-1;1,325804E-1;9,477775E-1;;
02/12/2021  12:05:24,063558;9,417725E-1;1,280100E-1;1,278414E-1;9,476755E-1;;
02/12/2021  12:05:24,063658;9,421152E-1;1,238685E-1;1,284732E-1;9,475620E-1;;
02/12/2021  12:05:24,063758;9,417844E-1;1,149482E-1;1,253139E-1;9,474378E-1;;
02/12/2021  12:05:24,063858;9,419721E-1;1,178155E-1;1,189953E-1;9,473039E-1;;
02/12/2021  12:05:24,063958;9,428782E-1;1,404346E-1;1,335282E-1;9,471611E-1;;
02/12/2021  12:05:24,064058;9,431494E-1;1,206827E-1;1,237343E-1;9,470104E-1;;
02/12/2021  12:05:24,064158;9,431553E-1;1,245056E-1;1,297370E-1;9,468530E-1;;
02/12/2021  12:05:24,064258;9,424699E-1;1,401161E-1;1,449017E-1;9,466897E-1;;
02/12/2021  12:05:24,064358;9,427679E-1;1,397975E-1;1,338441E-1;9,465218E-1;;
02/12/2021  12:05:24,064458;9,435577E-1;1,238685E-1;1,291051E-1;9,463499E-1;;
02/12/2021  12:05:24,064558;9,435457E-1;1,251428E-1;1,287892E-1;9,461752E-1;;
02/12/2021  12:05:24,064658;9,431732E-1;1,324701E-1;1,379512E-1;9,459986E-1;;
02/12/2021  12:05:24,064758;9,425086E-1;1,079395E-1;9,624818E-2;9,458209E-1;;
02/12/2021  12:05:24,064858;9,426129E-1;1,308772E-1;1,284732E-1;9,456430E-1;;
02/12/2021  12:05:24,064958;9,429169E-1;1,289658E-1;1,433221E-1;9,454654E-1;;
02/12/2021  12:05:24,065058;9,419364E-1;1,375674E-1;1,398468E-1;9,452887E-1;;
02/12/2021  12:05:24,065158;9,419453E-1;1,369303E-1;1,363715E-1;9,451135E-1;;
02/12/2021  12:05:24,065258;9,412926E-1;1,401161E-1;1,265777E-1;9,449401E-1;;
02/12/2021  12:05:24,065358;9,416443E-1;9,997498E-2;9,340479E-2;9,447688E-1;;
02/12/2021  12:05:24,065458;9,417278E-1;1,162226E-1;1,189953E-1;9,445999E-1;;
02/12/2021  12:05:24,065558;9,419930E-1;1,184526E-1;1,035146E-1;9,444336E-1;;
02/12/2021  12:05:24,065658;9,420109E-1;1,308772E-1;1,319485E-1;9,442703E-1;;
02/12/2021  12:05:24,065758;9,407592E-1;1,178155E-1;1,174156E-1;9,441102E-1;;
02/12/2021  12:05:24,065858;9,420347E-1;1,114439E-1;9,561632E-2;9,439534E-1;;
02/12/2021  12:05:24,065958;9,427530E-1;1,085766E-1;9,150920E-2;9,438003E-1;;
02/12/2021  12:05:24,066058;9,428424E-1;1,241871E-1;1,139404E-1;9,436511E-1;;
02/12/2021  12:05:24,066158;9,426517E-1;1,362931E-1;1,313166E-1;9,435063E-1;;
02/12/2021  12:05:24,066258;9,423328E-1;1,127182E-1;1,120448E-1;9,433661E-1;;
02/12/2021  12:05:24,066358;9,430570E-1;1,117624E-1;1,183634E-1;9,432309E-1;;
02/12/2021  12:05:24,066458;9,442580E-1;1,331073E-1;1,493248E-1;9,431011E-1;;
02/12/2021  12:05:24,066558;9,443832E-1;1,254614E-1;1,237343E-1;9,429769E-1;;
02/12/2021  12:05:24,066658;9,436292E-1;1,159040E-1;1,003553E-1;9,428590E-1;;
02/12/2021  12:05:24,066758;9,433341E-1;7,863012E-2;1,170997E-1;9,427477E-1;;
02/12/2021  12:05:24,066858;9,441329E-1;1,315144E-1;1,376353E-1;9,426433E-1;;
02/12/2021  12:05:24,066958;9,447379E-1;1,455319E-1;1,445858E-1;9,425459E-1;;
02/12/2021  12:05:24,067058;9,444458E-1;1,197269E-1;1,278414E-1;9,424559E-1;;
02/12/2021  12:05:24,067158;9,447945E-1;9,965640E-2;8,929768E-2;9,423735E-1;;
02/12/2021  12:05:24,067258;9,438736E-1;1,063466E-1;1,521681E-1;9,422990E-1;;
02/12/2021  12:05:24,067358;9,447706E-1;1,439390E-1;1,562753E-1;9,422325E-1;;
02/12/2021  12:05:24,067458;9,452624E-1;1,331073E-1;1,278414E-1;9,421740E-1;;
02/12/2021  12:05:24,067558;9,444458E-1;1,369303E-1;1,480610E-1;9,421236E-1;;
02/12/2021  12:05:24,067658;9,438020E-1;1,251428E-1;1,262617E-1;9,420814E-1;;
02/12/2021  12:05:24,067758;9,432656E-1;1,401161E-1;1,152041E-1;9,420471E-1;;
02/12/2021  12:05:24,067858;9,445233E-1;1,127182E-1;1,003553E-1;9,420205E-1;;
02/12/2021  12:05:24,067958;9,443325E-1;1,123996E-1;1,145722E-1;9,420013E-1;;
02/12/2021  12:05:24,068058;9,430451E-1;1,194084E-1;1,316326E-1;9,419893E-1;;
02/12/2021  12:05:24,068158;9,432388E-1;1,308772E-1;1,275255E-1;9,419841E-1;;
02/12/2021  12:05:24,068258;9,425444E-1;1,276914E-1;1,202590E-1;9,419852E-1;;
02/12/2021  12:05:24,068358;9,432656E-1;1,509478E-1;1,474292E-1;9,419921E-1;;
02/12/2021  12:05:24,068458;9,432149E-1;1,165411E-1;1,227865E-1;9,420044E-1;;
02/12/2021  12:05:24,068558;9,423059E-1;1,130368E-1;9,751191E-2;9,420215E-1;;
02/12/2021  12:05:24,068658;9,413552E-1;1,302401E-1;1,449017E-1;9,420428E-1;;
02/12/2021  12:05:24,068758;9,413522E-1;1,292843E-1;1,259458E-1;9,420678E-1;;
02/12/2021  12:05:24,068858;9,419394E-1;8,723178E-2;8,487463E-2;9,420956E-1;;
02/12/2021  12:05:24,068958;9,412569E-1;1,267357E-1;1,253139E-1;9,421256E-1;;
02/12/2021  12:05:24,069058;9,411466E-1;1,286472E-1;1,066739E-1;9,421572E-1;;
02/12/2021  12:05:24,069158;9,410751E-1;1,401161E-1;1,376353E-1;9,421898E-1;;
02/12/2021  12:05:24,069258;9,408068E-1;1,369303E-1;1,363715E-1;9,422227E-1;;
02/12/2021  12:05:24,069358;9,412330E-1;1,245056E-1;1,076217E-1;9,422553E-1;;
02/12/2021  12:05:24,069458;9,421688E-1;1,254614E-1;1,107811E-1;9,422873E-1;;
02/12/2021  12:05:24,069558;9,412450E-1;1,439390E-1;1,376353E-1;9,423183E-1;;
02/12/2021  12:05:24,069658;9,403926E-1;1,162226E-1;1,082536E-1;9,423480E-1;;
02/12/2021  12:05:24,069758;9,415340E-1;1,206827E-1;1,069899E-1;9,423760E-1;;
02/12/2021  12:05:24,069858;9,414834E-1;1,114439E-1;1,028828E-1;9,424020E-1;;
02/12/2021  12:05:24,069958;9,417814E-1;1,117624E-1;1,208909E-1;9,424259E-1;;
02/12/2021  12:05:24,070058;9,410542E-1;1,127182E-1;1,152041E-1;9,424474E-1;;
02/12/2021  12:05:24,070158;9,409261E-1;1,041165E-1;1,126766E-1;9,424665E-1;;
02/12/2021  12:05:24,070258;9,411228E-1;9,201048E-2;1,234183E-1;9,424830E-1;;
02/12/2021  12:05:24,070358;9,411168E-1;1,015679E-1;1,189953E-1;9,424968E-1;;
02/12/2021  12:05:24,070458;9,414655E-1;1,337445E-1;1,253139E-1;9,425077E-1;;
02/12/2021  12:05:24,070558;9,402734E-1;9,806350E-2;1,575390E-1;9,425157E-1;;
02/12/2021  12:05:24,070658;9,393435E-1;1,047537E-1;1,136244E-1;9,425207E-1;;
02/12/2021  12:05:24,070758;9,391558E-1;1,133553E-1;1,221546E-1;9,425223E-1;;
02/12/2021  12:05:24,070858;9,391558E-1;1,241871E-1;1,496407E-1;9,425203E-1;;
02/12/2021  12:05:24,070958;9,384315E-1;1,041165E-1;1,016190E-1;9,425142E-1;;
02/12/2021  12:05:24,071058;9,370785E-1;8,117876E-2;1,076217E-1;9,425037E-1;;
02/12/2021  12:05:24,071158;9,363960E-1;8,659462E-2;9,782784E-2;9,424883E-1;;
02/12/2021  12:05:24,071258;9,372245E-1;1,057094E-1;1,142563E-1;9,424674E-1;;
02/12/2021  12:05:24,071358;9,361695E-1;1,098510E-1;1,265777E-1;9,424404E-1;;
02/12/2021  12:05:24,071458;9,355168E-1;1,009307E-1;1,101492E-1;9,424070E-1;;
02/12/2021  12:05:24,071558;9,346585E-1;1,063466E-1;1,047783E-1;9,423665E-1;;
02/12/2021  12:05:24,071658;9,336780E-1;1,640096E-1;1,212068E-1;9,423184E-1;;
02/12/2021  12:05:24,071758;9,338180E-1;1,267357E-1;1,392149E-1;9,422621E-1;;
02/12/2021  12:05:24,071858;9,338806E-1;1,318330E-1;1,392149E-1;9,421970E-1;;
02/12/2021  12:05:24,071958;9,331505E-1;1,493549E-1;1,388990E-1;9,421227E-1;;
02/12/2021  12:05:24,072058;9,321670E-1;1,394789E-1;1,253139E-1;9,420387E-1;;
02/12/2021  12:05:24,072158;9,312878E-1;1,563636E-1;1,354238E-1;9,419446E-1;;
02/12/2021  12:05:24,072258;9,317229E-1;1,652839E-1;1,496407E-1;9,418399E-1;;
02/12/2021  12:05:24,072358;9,311954E-1;1,735670E-1;1,543797E-1;9,417243E-1;;
02/12/2021  12:05:24,072458;9,310970E-1;1,541336E-1;1,505885E-1;9,415975E-1;;
02/12/2021  12:05:24,072558;9,298840E-1;1,665582E-1;1,594346E-1;9,414593E-1;;
02/12/2021  12:05:24,072658;9,288022E-1;1,570008E-1;1,328963E-1;9,413094E-1;;
02/12/2021  12:05:24,072758;9,293148E-1;1,474434E-1;1,426902E-1;9,411476E-1;;
02/12/2021  12:05:24,072858;9,289542E-1;1,308772E-1;1,227865E-1;9,409737E-1;;
02/12/2021  12:05:24,072958;9,285936E-1;1,219570E-1;1,360556E-1;9,407875E-1;;
02/12/2021  12:05:24,073058;9,275237E-1;1,267357E-1;1,455336E-1;9,405891E-1;;
02/12/2021  12:05:24,073158;9,278455E-1;1,241871E-1;1,300529E-1;9,403785E-1;;
02/12/2021  12:05:24,073258;9,280869E-1;9,137332E-2;1,221546E-1;9,401557E-1;;
02/12/2021  12:05:24,073358;9,280810E-1;1,292843E-1;1,313166E-1;9,399210E-1;;
02/12/2021  12:05:24,073458;9,273776E-1;1,382046E-1;1,278414E-1;9,396746E-1;;
02/12/2021  12:05:24,073558;9,263971E-1;8,786894E-2;6,718244E-2;9,394170E-1;;
02/12/2021  12:05:24,073658;9,267398E-1;7,831154E-2;9,719598E-2;9,391484E-1;;
02/12/2021  12:05:24,073758;9,272048E-1;1,257800E-1;1,351078E-1;9,388692E-1;;
02/12/2021  12:05:24,073858;9,267100E-1;1,184526E-1;1,221546E-1;9,385800E-1;;
02/12/2021  12:05:24,073958;9,260722E-1;1,321516E-1;1,246821E-1;9,382812E-1;;
02/12/2021  12:05:24,074058;9,255805E-1;1,165411E-1;1,221546E-1;9,379734E-1;;
02/12/2021  12:05:24,074158;9,257981E-1;6,174538E-2;8,108345E-2;9,376571E-1;;
02/12/2021  12:05:24,074258;9,263584E-1;1,292843E-1;1,262617E-1;9,373329E-1;;
02/12/2021  12:05:24,074358;9,255477E-1;1,388417E-1;1,420583E-1;9,370014E-1;;
02/12/2021  12:05:24,074458;9,247758E-1;1,378860E-1;1,335282E-1;9,366633E-1;;
02/12/2021  12:05:24,074558;9,234138E-1;1,044351E-1;1,196272E-1;9,363191E-1;;
02/12/2021  12:05:24,074658;9,240874E-1;1,085766E-1;9,751191E-2;9,359692E-1;;
02/12/2021  12:05:24,074758;9,238132E-1;1,210013E-1;1,104651E-1;9,356142E-1;;
02/12/2021  12:05:24,074858;9,232022E-1;4,040052E-2;8,677022E-2;9,352543E-1;;
02/12/2021  12:05:24,074958;9,231217E-1;1,187712E-1;1,189953E-1;9,348901E-1;;
02/12/2021  12:05:24,075058;9,217389E-1;1,321516E-1;1,246821E-1;9,345220E-1;;
02/12/2021  12:05:24,075158;9,222962E-1;1,315144E-1;1,426902E-1;9,341503E-1;;
02/12/2021  12:05:24,075258;9,222306E-1;1,241871E-1;1,477451E-1;9,337755E-1;;
02/12/2021  12:05:24,075358;9,221412E-1;1,299215E-1;1,281573E-1;9,333978E-1;;
02/12/2021  12:05:24,075458;9,211041E-1;1,190898E-1;1,291051E-1;9,330177E-1;;
02/12/2021  12:05:24,075558;9,206332E-1;1,407532E-1;1,679647E-1;9,326357E-1;;
02/12/2021  12:05:24,075658;9,217299E-1;1,362931E-1;1,373193E-1;9,322521E-1;;
02/12/2021  12:05:24,075758;9,218700E-1;1,283286E-1;1,300529E-1;9,318672E-1;;
02/12/2021  12:05:24,075858;9,219535E-1;1,331073E-1;1,291051E-1;9,314817E-1;;
02/12/2021  12:05:24,075958;9,215720E-1;3,211744E-2;7,318515E-2;9,310963E-1;;
02/12/2021  12:05:24,076058;9,219356E-1;1,799386E-1;1,366875E-1;9,307115E-1;;
02/12/2021  12:05:24,076158;9,226240E-1;1,311958E-1;1,657532E-1;9,303281E-1;;
02/12/2021  12:05:24,076258;9,230025E-1;1,076209E-1;1,164678E-1;9,299467E-1;;
02/12/2021  12:05:24,076358;9,234764E-1;1,194084E-1;1,534319E-1;9,295683E-1;;
02/12/2021  12:05:24,076458;9,232201E-1;1,235499E-1;1,297370E-1;9,291938E-1;;
02/12/2021  12:05:24,076558;9,228476E-1;1,076209E-1;9,214107E-2;9,288241E-1;;
02/12/2021  12:05:24,076658;9,230979E-1;1,332122E-2;4,696279E-2;9,284600E-1;;
02/12/2021  12:05:24,076758;9,240278E-1;1,241871E-1;1,284732E-1;9,281022E-1;;
02/12/2021  12:05:24,076858;9,231456E-1;1,471248E-1;1,638576E-1;9,277515E-1;;
02/12/2021  12:05:24,076958;9,229966E-1;1,382046E-1;1,430061E-1;9,274086E-1;;
02/12/2021  12:05:24,077058;9,230621E-1;1,165411E-1;1,224705E-1;9,270742E-1;;
02/12/2021  12:05:24,077158;9,231992E-1;1,292843E-1;1,272095E-1;9,267487E-1;;
02/12/2021  12:05:24,077258;9,236195E-1;1,283286E-1;1,291051E-1;9,264326E-1;;
02/12/2021  12:05:24,077358;9,237774E-1;8,022302E-2;8,329497E-2;9,261265E-1;;
02/12/2021  12:05:24,077458;9,231963E-1;1,560451E-1;1,812339E-1;9,258307E-1;;
02/12/2021  12:05:24,077558;9,237893E-1;1,270543E-1;1,328963E-1;9,255457E-1;;
02/12/2021  12:05:24,077658;9,247520E-1;1,025236E-1;9,972343E-2;9,252719E-1;;
02/12/2021  12:05:24,077758;9,251066E-1;1,114439E-1;1,316326E-1;9,250096E-1;;
02/12/2021  12:05:24,077858;9,258189E-1;1,302401E-1;1,212068E-1;9,247595E-1;;
02/12/2021  12:05:24,077958;9,258726E-1;7,321426E-2;1,161519E-1;9,245221E-1;;
02/12/2021  12:05:24,078058;9,269365E-1;1,044351E-1;1,101492E-1;9,242979E-1;;
02/12/2021  12:05:24,078158;9,281793E-1;9,678918E-2;1,136244E-1;9,240875E-1;;
02/12/2021  12:05:24,078258;9,288886E-1;1,554079E-1;1,777586E-1;9,238916E-1;;
02/12/2021  12:05:24,078358;9,293029E-1;1,260985E-1;1,278414E-1;9,237111E-1;;
02/12/2021  12:05:24,078458;9,287277E-1;1,155854E-1;1,158360E-1;9,235466E-1;;
02/12/2021  12:05:24,078558;9,298751E-1;1,200455E-1;1,256299E-1;9,233987E-1;;
02/12/2021  12:05:24,078658;9,309987E-1;5,473662E-2;1,019350E-1;9,232680E-1;;
02/12/2021  12:05:24,078758;9,309570E-1;1,104881E-1;1,110970E-1;9,231550E-1;;
02/12/2021  12:05:24,078858;9,316454E-1;1,149482E-1;1,136244E-1;9,230603E-1;;
02/12/2021  12:05:24,078958;9,318570E-1;1,203641E-1;1,259458E-1;9,229843E-1;;
02/12/2021  12:05:24,079058;9,331922E-1;1,809992E-2;6,402312E-2;9,229275E-1;;
02/12/2021  12:05:24,079158;9,340416E-1;1,343816E-1;1,338441E-1;9,228903E-1;;
02/12/2021  12:05:24,079258;9,350072E-1;1,372488E-1;1,316326E-1;9,228731E-1;;
02/12/2021  12:05:24,079358;9,347479E-1;1,143111E-1;1,455336E-1;9,228763E-1;;
02/12/2021  12:05:24,079458;9,352516E-1;1,088952E-1;1,212068E-1;9,229003E-1;;
02/12/2021  12:05:24,079558;9,367656E-1;1,254614E-1;1,268936E-1;9,229454E-1;;
02/12/2021  12:05:24,079658;9,378862E-1;1,334259E-1;1,486929E-1;9,230117E-1;;
02/12/2021  12:05:24,079758;9,386789E-1;1,254614E-1;1,142563E-1;9,230997E-1;;
02/12/2021  12:05:24,079858;9,401184E-1;1,356559E-1;1,455336E-1;9,232096E-1;;
02/12/2021  12:05:24,079958;9,402734E-1;1,461691E-1;1,493248E-1;9,233419E-1;;
02/12/2021  12:05:24,080058;9,417486E-1;5,696668E-2;8,013565E-2;9,234968E-1;;
02/12/2021  12:05:24,080158;9,431494E-1;9,965640E-2;1,110970E-1;9,236747E-1;;
02/12/2021  12:05:24,080258;9,436501E-1;1,095324E-1;1,170997E-1;9,238758E-1;;
02/12/2021  12:05:24,080358;9,437514E-1;1,308772E-1;1,313166E-1;9,241006E-1;;
02/12/2021  12:05:24,080458;9,439451E-1;3,084312E-2;3,843263E-2;9,243491E-1;;
02/12/2021  12:05:24,080558;9,457094E-1;1,423461E-1;1,660692E-1;9,246213E-1;;
02/12/2021  12:05:24,080658;9,469165E-1;1,213198E-1;1,256299E-1;9,249172E-1;;
02/12/2021  12:05:24,080758;9,472592E-1;1,413904E-1;1,423743E-1;9,252367E-1;;
02/12/2021  12:05:24,080858;9,473963E-1;1,375674E-1;1,379512E-1;9,255798E-1;;
02/12/2021  12:05:24,080958;9,483738E-1;1,251428E-1;1,338441E-1;9,259463E-1;;
02/12/2021  12:05:24,081058;9,497358E-1;1,136739E-1;1,227865E-1;9,263359E-1;;
02/12/2021  12:05:24,081158;9,510740E-1;1,232313E-1;1,221546E-1;9,267483E-1;;
02/12/2021  12:05:24,081258;9,517147E-1;1,445762E-1;1,449017E-1;9,271834E-1;;
02/12/2021  12:05:24,081358;9,517863E-1;1,445762E-1;1,458495E-1;9,276408E-1;;
02/12/2021  12:05:24,081458;9,522959E-1;1,305587E-1;1,101492E-1;9,281202E-1;;
02/12/2021  12:05:24,081558;9,539261E-1;1,120810E-1;1,139404E-1;9,286212E-1;;
02/12/2021  12:05:24,081658;9,549245E-1;1,235499E-1;1,328963E-1;9,291433E-1;;
02/12/2021  12:05:24,081758;9,553090E-1;1,222756E-1;1,291051E-1;9,296859E-1;;
02/12/2021  12:05:24,081858;9,559885E-1;9,615202E-2;1,006712E-1;9,302487E-1;;
02/12/2021  12:05:24,081958;9,565935E-1;1,276914E-1;1,224705E-1;9,308311E-1;;
02/12/2021  12:05:24,082058;9,581462E-1;1,273729E-1;1,388990E-1;9,314324E-1;;
02/12/2021  12:05:24,082158;9,601103E-1;1,461691E-1;1,395309E-1;9,320522E-1;;
02/12/2021  12:05:24,082258;9,599523E-1;1,229127E-1;1,164678E-1;9,326900E-1;;
02/12/2021  12:05:24,082358;9,594814E-1;1,264171E-1;1,249980E-1;9,333453E-1;;
02/12/2021  12:05:24,082458;9,605782E-1;1,194084E-1;1,158360E-1;9,340174E-1;;
02/12/2021  12:05:24,082558;9,617315E-1;1,452133E-1;1,644895E-1;9,347056E-1;;
02/12/2021  12:05:24,082658;9,624826E-1;1,490363E-1;1,471132E-1;9,354091E-1;;
02/12/2021  12:05:24,082758;9,630548E-1;1,235499E-1;1,265777E-1;9,361271E-1;;
02/12/2021  12:05:24,082858;9,628253E-1;1,187712E-1;1,202590E-1;9,368589E-1;;
02/12/2021  12:05:24,082958;9,636449E-1;1,088952E-1;1,164678E-1;9,376036E-1;;
02/12/2021  12:05:24,083058;9,653377E-1;1,219570E-1;1,158360E-1;9,383603E-1;;
02/12/2021  12:05:24,083158;9,651529E-1;8,117876E-2;7,160549E-2;9,391281E-1;;
02/12/2021  12:05:24,083258;9,657430E-1;1,047537E-1;1,186794E-1;9,399061E-1;;
02/12/2021  12:05:24,083358;9,650784E-1;1,060280E-1;1,114129E-1;9,406934E-1;;
02/12/2021  12:05:24,083458;9,659189E-1;1,108067E-1;9,845971E-2;9,414888E-1;;
02/12/2021  12:05:24,083558;9,668278E-1;7,831154E-2;7,097362E-2;9,422914E-1;;
02/12/2021  12:05:24,083658;9,670096E-1;4,358632E-2;6,813023E-2;9,430999E-1;;
02/12/2021  12:05:24,083758;9,665477E-1;1,015679E-1;1,167838E-1;9,439134E-1;;
02/12/2021  12:05:24,083858;9,670156E-1;1,009307E-1;1,038306E-1;9,447305E-1;;
02/12/2021  12:05:24,083958;9,674746E-1;1,098510E-1;1,202590E-1;9,455500E-1;;
02/12/2021  12:05:24,084058;9,684044E-1;1,028422E-1;1,385831E-1;9,463709E-1;;
02/12/2021  12:05:24,084158;9,680200E-1;1,028422E-1;1,193112E-1;9,471918E-1;;
02/12/2021  12:05:24,084258;9,680587E-1;7,512574E-2;5,738855E-2;9,480118E-1;;
02/12/2021  12:05:24,084358;9,673852E-1;6,142680E-2;1,291051E-1;9,488295E-1;;
02/12/2021  12:05:24,084458;9,682286E-1;1,034794E-1;1,148882E-1;9,496437E-1;;
02/12/2021  12:05:24,084558;9,694326E-1;8,691320E-2;1,069899E-1;9,504532E-1;;
02/12/2021  12:05:24,084658;9,693730E-1;9,360338E-2;1,145722E-1;9,512568E-1;;
02/12/2021  12:05:24,084758;9,692628E-1;9,838208E-2;1,063580E-1;9,520537E-1;;
02/12/2021  12:05:24,084858;9,685922E-1;1,682560E-2;4,348754E-2;9,528426E-1;;
02/12/2021  12:05:24,084958;9,690571E-1;2,181682E-1;1,995579E-1;9,536227E-1;;
02/12/2021  12:05:24,085058;9,700406E-1;1,114439E-1;1,272095E-1;9,543929E-1;;
02/12/2021  12:05:24,085158;9,698529E-1;1,519035E-1;1,685966E-1;9,551521E-1;;
02/12/2021  12:05:24,085258;9,692300E-1;1,426647E-1;1,404787E-1;9,558996E-1;;
02/12/2021  12:05:24,085358;9,690124E-1;9,041758E-2;1,120448E-1;9,566345E-1;;
02/12/2021  12:05:24,085458;9,690243E-1;1,334259E-1;1,104651E-1;9,573558E-1;;
02/12/2021  12:05:24,085558;9,699363E-1;1,761156E-1;1,581709E-1;9,580626E-1;;
02/12/2021  12:05:24,085658;9,692002E-1;1,968233E-1;1,790224E-1;9,587541E-1;;
02/12/2021  12:05:24,085758;9,684521E-1;1,410718E-1;1,376353E-1;9,594295E-1;;
02/12/2021  12:05:24,085858;9,683925E-1;1,480806E-1;1,189953E-1;9,600880E-1;;
02/12/2021  12:05:24,085958;9,688992E-1;1,512664E-1;1,562753E-1;9,607288E-1;;
02/12/2021  12:05:24,086058;9,680051E-1;1,410718E-1;1,455336E-1;9,613512E-1;;
02/12/2021  12:05:24,086158;9,675133E-1;1,359745E-1;1,088855E-1;9,619543E-1;;
02/12/2021  12:05:24,086258;9,659695E-1;9,073616E-2;1,275255E-1;9,625373E-1;;
02/12/2021  12:05:24,086358;9,654986E-1;1,152668E-1;1,133085E-1;9,630994E-1;;
02/12/2021  12:05:24,086458;9,650844E-1;1,006121E-1;1,088855E-1;9,636396E-1;;
02/12/2021  12:05:24,086558;9,650486E-1;1,311958E-1;1,319485E-1;9,641570E-1;;
02/12/2021  12:05:24,086658;9,634780E-1;1,232313E-1;1,123607E-1;9,646505E-1;;
02/12/2021  12:05:24,086758;9,618597E-1;8,117876E-2;1,142563E-1;9,651193E-1;;
02/12/2021  12:05:24,086858;9,614663E-1;1,139925E-1;1,249980E-1;9,655624E-1;;
02/12/2021  12:05:24,086958;9,612010E-1;7,831154E-2;1,092014E-1;9,659787E-1;;
02/12/2021  12:05:24,087058;9,605662E-1;1,369303E-1;1,019350E-1;9,663671E-1;;
02/12/2021  12:05:24,087158;9,594874E-1;1,012493E-1;1,082536E-1;9,667270E-1;;
02/12/2021  12:05:24,087258;9,580062E-1;1,190898E-1;1,082536E-1;9,670574E-1;;
02/12/2021  12:05:24,087358;9,574488E-1;1,359745E-1;1,490088E-1;9,673574E-1;;
02/12/2021  12:05:24,087458;9,571896E-1;4,040052E-2;1,423743E-1;9,676263E-1;;
02/12/2021  12:05:24,087558;9,565846E-1;1,229127E-1;1,208909E-1;9,678634E-1;;
02/12/2021  12:05:24,087658;9,552255E-1;1,232313E-1;1,256299E-1;9,680680E-1;;
02/12/2021  12:05:24,087758;9,536877E-1;1,423461E-1;1,398468E-1;9,682398E-1;;
02/12/2021  12:05:24,087858;9,537831E-1;1,197269E-1;1,404787E-1;9,683781E-1;;
02/12/2021  12:05:24,087958;9,533539E-1;1,130368E-1;1,133085E-1;9,684824E-1;;
02/12/2021  12:05:24,088058;9,527042E-1;1,238685E-1;1,079377E-1;9,685526E-1;;
02/12/2021  12:05:24,088158;9,511813E-1;1,267357E-1;1,414265E-1;9,685885E-1;;
02/12/2021  12:05:24,088258;9,495987E-1;1,496735E-1;1,461654E-1;9,685901E-1;;
02/12/2021  12:05:24,088358;9,493156E-1;1,308772E-1;1,205749E-1;9,685570E-1;;
02/12/2021  12:05:24,088458;9,485199E-1;1,286472E-1;1,550115E-1;9,684892E-1;;
02/12/2021  12:05:24,088558;9,479685E-1;9,901924E-2;1,009872E-1;9,683869E-1;;
02/12/2021  12:05:24,088658;9,462638E-1;1,455319E-1;1,565912E-1;9,682499E-1;;
02/12/2021  12:05:24,088758;9,450240E-1;1,267357E-1;1,218387E-1;9,680786E-1;;
02/12/2021  12:05:24,088858;9,448362E-1;1,225942E-1;1,148882E-1;9,678730E-1;;
02/12/2021  12:05:24,088958;9,446663E-1;1,210013E-1;1,328963E-1;9,676333E-1;;
02/12/2021  12:05:24,089058;9,430957E-1;1,382046E-1;1,373193E-1;9,673600E-1;;
02/12/2021  12:05:24,089158;9,420318E-1;1,493549E-1;1,335282E-1;9,670535E-1;;
02/12/2021  12:05:24,089258;9,406191E-1;9,997498E-2;1,347919E-1;9,667143E-1;;
02/12/2021  12:05:24,089358;9,400707E-1;1,213198E-1;1,253139E-1;9,663428E-1;;
02/12/2021  12:05:24,089458;9,398025E-1;1,254614E-1;1,281573E-1;9,659395E-1;;
02/12/2021  12:05:24,089558;9,391826E-1;1,413904E-1;1,395309E-1;9,655050E-1;;
02/12/2021  12:05:24,089658;9,376835E-1;1,216384E-1;1,104651E-1;9,650401E-1;;
02/12/2021  12:05:24,089758;9,367149E-1;1,359745E-1;1,300529E-1;9,645456E-1;;
02/12/2021  12:05:24,089858;9,373884E-1;1,222756E-1;1,291051E-1;9,640223E-1;;
02/12/2021  12:05:24,089958;9,366553E-1;1,232313E-1;1,215227E-1;9,634711E-1;;
02/12/2021  12:05:24,090058;9,359698E-1;1,123996E-1;1,379512E-1;9,628931E-1;;
02/12/2021  12:05:24,090158;9,347986E-1;1,171783E-1;1,196272E-1;9,622894E-1;;
02/12/2021  12:05:24,090258;9,337912E-1;9,424054E-2;7,887192E-2;9,616614E-1;;
02/12/2021  12:05:24,090358;9,341995E-1;1,331073E-1;1,249980E-1;9,610100E-1;;
02/12/2021  12:05:24,090458;9,335588E-1;1,429833E-1;1,357397E-1;9,603365E-1;;
02/12/2021  12:05:24,090558;9,331028E-1;1,452133E-1;1,411105E-1;9,596423E-1;;
02/12/2021  12:05:24,090658;9,310702E-1;1,429833E-1;1,600664E-1;9,589286E-1;;
02/12/2021  12:05:24,090758;9,309450E-1;1,197269E-1;1,272095E-1;9,581968E-1;;
02/12/2021  12:05:24,090858;9,316216E-1;1,474434E-1;1,556434E-1;9,574481E-1;;
02/12/2021  12:05:24,090958;9,311477E-1;1,347002E-1;1,325804E-1;9,566838E-1;;
02/12/2021  12:05:24,091058;9,302298E-1;1,241871E-1;1,057261E-1;9,559054E-1;;
02/12/2021  12:05:24,091158;9,291956E-1;1,375674E-1;1,291051E-1;9,551143E-1;;
02/12/2021  12:05:24,091258;9,289721E-1;1,764342E-1;1,831295E-1;9,543120E-1;;
02/12/2021  12:05:24,091358;9,296486E-1;1,260985E-1;1,240502E-1;9,534998E-1;;
02/12/2021  12:05:24,091458;9,295801E-1;1,296029E-1;1,347919E-1;9,526791E-1;;
02/12/2021  12:05:24,091558;9,302059E-1;1,222756E-1;1,155200E-1;9,518516E-1;;
02/12/2021  12:05:24,091658;9,292731E-1;1,143111E-1;1,246821E-1;9,510189E-1;;
02/12/2021  12:05:24,091758;9,302089E-1;1,337445E-1;1,287892E-1;9,501828E-1;;
02/12/2021  12:05:24,091858;9,309659E-1;8,946184E-2;8,771802E-2;9,493452E-1;;
02/12/2021  12:05:24,091958;9,313951E-1;1,331073E-1;1,357397E-1;9,485078E-1;;
02/12/2021  12:05:24,092058;9,314517E-1;1,127182E-1;1,139404E-1;9,476728E-1;;
02/12/2021  12:05:24,092158;9,310702E-1;1,337445E-1;1,379512E-1;9,468421E-1;;
02/12/2021  12:05:24,092258;9,312401E-1;1,283286E-1;1,294210E-1;9,460177E-1;;
02/12/2021  12:05:24,092358;9,319494E-1;1,187712E-1;1,164678E-1;9,452014E-1;;
02/12/2021  12:05:24,092458;9,325127E-1;1,079395E-1;1,139404E-1;9,443950E-1;;
02/12/2021  12:05:24,092558;9,318332E-1;1,385232E-1;1,376353E-1;9,436004E-1;;
02/12/2021  12:05:24,092658;9,320328E-1;1,417090E-1;1,335282E-1;9,428194E-1;;
02/12/2021  12:05:24,092758;9,322117E-1;1,123996E-1;1,139404E-1;9,420535E-1;;
02/12/2021  12:05:24,092858;9,328375E-1;1,375674E-1;1,613302E-1;9,413042E-1;;
02/12/2021  12:05:24,092958;9,322057E-1;1,311958E-1;1,221546E-1;9,405729E-1;;
02/12/2021  12:05:24,093058;9,317318E-1;1,483991E-1;1,657532E-1;9,398610E-1;;
02/12/2021  12:05:24,093158;9,305427E-1;1,391603E-1;1,426902E-1;9,391696E-1;;
02/12/2021  12:05:24,093258;9,303460E-1;1,095324E-1;1,224705E-1;9,384993E-1;;
02/12/2021  12:05:24,093358;9,304920E-1;1,311958E-1;1,344760E-1;9,378507E-1;;
02/12/2021  12:05:24,093458;9,304145E-1;1,283286E-1;1,281573E-1;9,372244E-1;;
02/12/2021  12:05:24,093558;9,292433E-1;1,350188E-1;1,439539E-1;9,366206E-1;;
02/12/2021  12:05:24,093658;9,289661E-1;1,509478E-1;1,926074E-1;9,360394E-1;;
02/12/2021  12:05:24,093758;9,291628E-1;1,251428E-1;1,704922E-1;9,354809E-1;;
02/12/2021  12:05:24,093858;9,295413E-1;1,216384E-1;1,268936E-1;9,349450E-1;;
02/12/2021  12:05:24,093958;9,294728E-1;1,353374E-1;1,344760E-1;9,344316E-1;;
02/12/2021  12:05:24,094058;9,280988E-1;1,413904E-1;1,215227E-1;9,339407E-1;;
02/12/2021  12:05:24,094158;9,276846E-1;1,136739E-1;1,148882E-1;9,334719E-1;;
02/12/2021  12:05:24,094258;9,283790E-1;1,267357E-1;1,253139E-1;9,330248E-1;;
02/12/2021  12:05:24,094358;9,285012E-1;1,296029E-1;1,319485E-1;9,325989E-1;;
02/12/2021  12:05:24,094458;9,278396E-1;1,280100E-1;1,278414E-1;9,321939E-1;;
02/12/2021  12:05:24,094558;9,282657E-1;1,200455E-1;1,208909E-1;9,318093E-1;;
02/12/2021  12:05:24,094658;9,282747E-1;1,197269E-1;1,268936E-1;9,314447E-1;;
02/12/2021  12:05:24,094758;9,294370E-1;1,353374E-1;1,294210E-1;9,310997E-1;;
02/12/2021  12:05:24,094858;9,295681E-1;1,069837E-1;1,183634E-1;9,307738E-1;;
02/12/2021  12:05:24,094958;9,305218E-1;1,241871E-1;1,316326E-1;9,304670E-1;;
02/12/2021  12:05:24,095058;9,301731E-1;1,229127E-1;9,024547E-2;9,301791E-1;;
02/12/2021  12:05:24,095158;9,305189E-1;1,321516E-1;1,351078E-1;9,299101E-1;;
02/12/2021  12:05:24,095258;9,321401E-1;1,563636E-1;1,755471E-1;9,296597E-1;;
02/12/2021  12:05:24,095358;9,318779E-1;1,308772E-1;1,278414E-1;9,294281E-1;;
02/12/2021  12:05:24,095458;9,319226E-1;1,331073E-1;1,268936E-1;9,292152E-1;;
02/12/2021  12:05:24,095558;9,317825E-1;9,296622E-2;9,182514E-2;9,290210E-1;;
02/12/2021  12:05:24,095658;9,319107E-1;1,353374E-1;1,249980E-1;9,288454E-1;;
02/12/2021  12:05:24,095758;9,326975E-1;1,162226E-1;8,234717E-2;9,286882E-1;;
02/12/2021  12:05:24,095858;9,327153E-1;1,534964E-1;1,907119E-1;9,285492E-1;;
02/12/2021  12:05:24,095958;9,324560E-1;1,104881E-1;1,038306E-1;9,284282E-1;;
02/12/2021  12:05:24,096058;9,314368E-1;1,286472E-1;1,297370E-1;9,283249E-1;;
02/12/2021  12:05:24,096158;9,316991E-1;1,327887E-1;1,262617E-1;9,282389E-1;;
02/12/2021  12:05:24,096258;9,321342E-1;1,280100E-1;1,395309E-1;9,281695E-1;;
02/12/2021  12:05:24,096358;9,321521E-1;9,232906E-2;1,044624E-1;9,281161E-1;;
02/12/2021  12:05:24,096458;9,315024E-1;9,328480E-2;1,104651E-1;9,280782E-1;;
02/12/2021  12:05:24,096558;9,303847E-1;1,229127E-1;1,259458E-1;9,280551E-1;;
02/12/2021  12:05:24,096658;9,318958E-1;8,149734E-2;1,385831E-1;9,280458E-1;;
02/12/2021  12:05:24,096758;9,323398E-1;1,111253E-1;1,174156E-1;9,280497E-1;;
02/12/2021  12:05:24,096858;9,327213E-1;1,146297E-1;1,221546E-1;9,280660E-1;;
02/12/2021  12:05:24,096958;9,329746E-1;1,079395E-1;1,287892E-1;9,280942E-1;;
02/12/2021  12:05:24,097058;9,329925E-1;1,037979E-1;1,202590E-1;9,281338E-1;;
02/12/2021  12:05:24,097158;9,335766E-1;9,360338E-2;1,076217E-1;9,281842E-1;;
02/12/2021  12:05:24,097258;9,347658E-1;1,079395E-1;1,490088E-1;9,282451E-1;;
02/12/2021  12:05:24,097358;9,357403E-1;1,082581E-1;1,101492E-1;9,283162E-1;;
02/12/2021  12:05:24,097458;9,355258E-1;1,181340E-1;1,319485E-1;9,283973E-1;;
02/12/2021  12:05:24,097558;9,358297E-1;1,117624E-1;1,063580E-1;9,284883E-1;;
02/12/2021  12:05:24,097658;9,372424E-1;9,169190E-2;1,092014E-1;9,285892E-1;;
02/12/2021  12:05:24,097758;9,379398E-1;1,006121E-1;1,272095E-1;9,286998E-1;;
02/12/2021  12:05:24,097858;9,386998E-1;1,104881E-1;1,215227E-1;9,288202E-1;;
02/12/2021  12:05:24,097958;9,379577E-1;1,082581E-1;1,332122E-1;9,289507E-1;;
02/12/2021  12:05:24,098058;9,380203E-1;1,133553E-1;1,303688E-1;9,290911E-1;;
02/12/2021  12:05:24,098158;9,384405E-1;1,206827E-1;1,370034E-1;9,292415E-1;;
02/12/2021  12:05:24,098258;9,383690E-1;1,429833E-1;1,518522E-1;9,294017E-1;;
02/12/2021  12:05:24,098358;9,380232E-1;1,426647E-1;1,436380E-1;9,295714E-1;;
02/12/2021  12:05:24,098458;9,375404E-1;1,331073E-1;1,351078E-1;9,297502E-1;;
02/12/2021  12:05:24,098558;9,368460E-1;1,327887E-1;1,370034E-1;9,299376E-1;;
02/12/2021  12:05:24,098658;9,374898E-1;1,554079E-1;1,445858E-1;9,301329E-1;;
02/12/2021  12:05:24,098758;9,380918E-1;1,773899E-1;1,550115E-1;9,303356E-1;;
02/12/2021  12:05:24,098858;9,377133E-1;1,812129E-1;1,777586E-1;9,305449E-1;;
02/12/2021  12:05:24,098958;9,364884E-1;1,722926E-1;1,512204E-1;9,307601E-1;;
02/12/2021  12:05:24,099058;9,362023E-1;1,366117E-1;1,455336E-1;9,309806E-1;;
02/12/2021  12:05:24,099158;9,371441E-1;1,671954E-1;1,613302E-1;9,312053E-1;;
02/12/2021  12:05:24,099258;9,372215E-1;1,315144E-1;1,366875E-1;9,314335E-1;;
02/12/2021  12:05:24,099358;9,375166E-1;1,225942E-1;1,395309E-1;9,316643E-1;;
02/12/2021  12:05:24,099458;9,371143E-1;2,988738E-2;8,487463E-2;9,318971E-1;;
02/12/2021  12:05:24,099558;9,375047E-1;1,474434E-1;1,449017E-1;9,321312E-1;;
02/12/2021  12:05:24,099658;9,380054E-1;1,585937E-1;1,591187E-1;9,323661E-1;;
02/12/2021  12:05:24,099758;9,384673E-1;1,117624E-1;1,240502E-1;9,326010E-1;;
02/12/2021  12:05:24,099858;9,377878E-1;8,245308E-2;6,054787E-2;9,328357E-1;;
02/12/2021  12:05:24,099958;9,374779E-1;2,670158E-2;5,991600E-2;9,330696E-1;;
02/12/2021  12:05:24,100058;9,370219E-1;1,139925E-1;1,332122E-1;9,333021E-1;;
02/12/2021  12:05:24,100158;9,381752E-1;7,193994E-2;1,120448E-1;9,335328E-1;;
02/12/2021  12:05:24,100258;9,386014E-1;1,401161E-1;1,319485E-1;9,337611E-1;;
02/12/2021  12:05:24,100358;9,386968E-1;1,073023E-1;1,079377E-1;9,339867E-1;;
02/12/2021  12:05:24,100458;9,378146E-1;1,190898E-1;1,294210E-1;9,342092E-1;;
02/12/2021  12:05:24,100558;9,385329E-1;1,340630E-1;1,360556E-1;9,344285E-1;;
02/12/2021  12:05:24,100658;9,382945E-1;1,162226E-1;1,117289E-1;9,346441E-1;;
02/12/2021  12:05:24,100758;9,378027E-1;1,057094E-1;1,104651E-1;9,348558E-1;;
02/12/2021  12:05:24,100858;9,375494E-1;1,350188E-1;1,436380E-1;9,350633E-1;;
02/12/2021  12:05:24,100958;9,370099E-1;1,324701E-1;1,347919E-1;9,352660E-1;;
02/12/2021  12:05:24,101058;9,367983E-1;1,356559E-1;1,196272E-1;9,354637E-1;;
02/12/2021  12:05:24,101158;9,373080E-1;1,104881E-1;1,139404E-1;9,356557E-1;;
02/12/2021  12:05:24,101258;9,377103E-1;1,241871E-1;1,357397E-1;9,358417E-1;;
02/12/2021  12:05:24,101358;9,365718E-1;1,461691E-1;1,370034E-1;9,360215E-1;;
02/12/2021  12:05:24,101458;9,365957E-1;1,203641E-1;1,272095E-1;9,361946E-1;;
02/12/2021  12:05:24,101558;9,367834E-1;1,136739E-1;1,183634E-1;9,363607E-1;;
02/12/2021  12:05:24,101658;9,373616E-1;1,471248E-1;1,831295E-1;9,365196E-1;;
02/12/2021  12:05:24,101758;9,378802E-1;1,461691E-1;1,328963E-1;9,366710E-1;;
02/12/2021  12:05:24,101858;9,374361E-1;1,311958E-1;1,648054E-1;9,368149E-1;;
02/12/2021  12:05:24,101958;9,368401E-1;1,174969E-1;1,199431E-1;9,369514E-1;;
02/12/2021  12:05:24,102058;9,377640E-1;1,471248E-1;1,667010E-1;9,370804E-1;;
02/12/2021  12:05:24,102158;9,382229E-1;1,235499E-1;1,354238E-1;9,372019E-1;;
02/12/2021  12:05:24,102258;9,386372E-1;1,302401E-1;1,344760E-1;9,373160E-1;;
02/12/2021  12:05:24,102358;9,383600E-1;1,200455E-1;1,347919E-1;9,374232E-1;;
02/12/2021  12:05:24,102458;9,383362E-1;1,082581E-1;5,928414E-2;9,375235E-1;;
02/12/2021  12:05:24,102558;9,397399E-1;1,213198E-1;1,297370E-1;9,376174E-1;;
02/12/2021  12:05:24,102658;9,394896E-1;1,299215E-1;1,319485E-1;9,377053E-1;;
02/12/2021  12:05:24,102758;9,394359E-1;1,216384E-1;1,256299E-1;9,377876E-1;;
02/12/2021  12:05:24,102858;9,385567E-1;1,225942E-1;1,136244E-1;9,378648E-1;;
02/12/2021  12:05:24,102958;9,381335E-1;1,053908E-1;1,028828E-1;9,379370E-1;;
02/12/2021  12:05:24,103058;9,388190E-1;1,283286E-1;1,303688E-1;9,380047E-1;;
02/12/2021  12:05:24,103158;9,384345E-1;1,350188E-1;1,313166E-1;9,380678E-1;;
02/12/2021  12:05:24,103258;9,387057E-1;1,127182E-1;1,152041E-1;9,381267E-1;;
02/12/2021  12:05:24,103358;9,378146E-1;1,245056E-1;1,202590E-1;9,381814E-1;;
02/12/2021  12:05:24,103458;9,371828E-1;1,455319E-1;1,534319E-1;9,382320E-1;;
02/12/2021  12:05:24,103558;9,372841E-1;1,165411E-1;1,543797E-1;9,382785E-1;;
02/12/2021  12:05:24,103658;9,369921E-1;1,257800E-1;1,287892E-1;9,383209E-1;;
02/12/2021  12:05:24,103758;9,365122E-1;1,264171E-1;1,325804E-1;9,383590E-1;;
02/12/2021  12:05:24,103858;9,350668E-1;1,327887E-1;1,392149E-1;9,383926E-1;;
02/12/2021  12:05:24,103958;9,347300E-1;1,104881E-1;1,291051E-1;9,384214E-1;;
02/12/2021  12:05:24,104058;9,347241E-1;1,461691E-1;1,682807E-1;9,384450E-1;;
02/12/2021  12:05:24,104158;9,345691E-1;1,296029E-1;1,328963E-1;9,384630E-1;;
02/12/2021  12:05:24,104258;9,340565E-1;1,283286E-1;1,310007E-1;9,384750E-1;;
02/12/2021  12:05:24,104358;9,329836E-1;9,264764E-2;1,095173E-1;9,384806E-1;;
02/12/2021  12:05:24,104458;9,326200E-1;6,206396E-2;1,126766E-1;9,384793E-1;;
02/12/2021  12:05:24,104558;9,338151E-1;-5,914200E-5;7,508074E-2;9,384709E-1;;
02/12/2021  12:05:24,104658;9,338091E-1;1,044351E-1;6,718244E-2;9,384548E-1;;
02/12/2021  12:05:24,104758;9,339700E-1;1,283286E-1;1,227865E-1;9,384311E-1;;
02/12/2021  12:05:24,104858;9,329478E-1;1,334259E-1;1,189953E-1;9,383997E-1;;
02/12/2021  12:05:24,104958;9,341578E-1;8,213450E-2;8,203124E-2;9,383607E-1;;
02/12/2021  12:05:24,105058;9,347568E-1;7,098420E-2;8,677022E-2;9,383141E-1;;
02/12/2021  12:05:24,105158;9,355705E-1;1,238685E-1;1,196272E-1;9,382603E-1;;
02/12/2021  12:05:24,105258;9,357314E-1;1,413904E-1;1,328963E-1;9,381998E-1;;
02/12/2021  12:05:24,105358;9,351741E-1;1,073023E-1;1,148882E-1;9,381332E-1;;
02/12/2021  12:05:24,105458;9,362828E-1;7,863012E-2;8,361090E-2;9,380611E-1;;
02/12/2021  12:05:24,105558;9,370397E-1;1,101695E-1;1,243661E-1;9,379842E-1;;
02/12/2021  12:05:24,105658;9,373437E-1;1,152668E-1;9,245700E-2;9,379032E-1;;
02/12/2021  12:05:24,105758;9,369861E-1;1,305587E-1;1,287892E-1;9,378190E-1;;
02/12/2021  12:05:24,105858;9,359311E-1;1,350188E-1;1,313166E-1;9,377326E-1;;
02/12/2021  12:05:24,105958;9,371023E-1;1,235499E-1;1,101492E-1;9,376444E-1;;
02/12/2021  12:05:24,106058;9,381574E-1;1,576380E-1;1,878685E-1;9,375551E-1;;
02/12/2021  12:05:24,106158;9,382289E-1;1,305587E-1;1,212068E-1;9,374655E-1;;
02/12/2021  12:05:24,106258;9,381544E-1;1,079395E-1;1,142563E-1;9,373765E-1;;
02/12/2021  12:05:24,106358;9,377848E-1;1,178155E-1;1,107811E-1;9,372887E-1;;
02/12/2021  12:05:24,106458;9,388190E-1;7,671864E-2;9,530039E-2;9,372030E-1;;
02/12/2021  12:05:24,106558;9,399575E-1;1,385232E-1;1,455336E-1;9,371199E-1;;
02/12/2021  12:05:24,106658;9,405684E-1;1,372488E-1;1,231024E-1;9,370402E-1;;
02/12/2021  12:05:24,106758;9,403062E-1;3,689614E-2;5,612482E-2;9,369650E-1;;
02/12/2021  12:05:24,106858;9,405923E-1;-5,963360E-2;4,159195E-2;9,368949E-1;;
02/12/2021  12:05:24,106958;9,416384E-1;1,299215E-1;1,420583E-1;9,368307E-1;;
02/12/2021  12:05:24,107058;9,433014E-1;1,229127E-1;1,180475E-1;9,367734E-1;;
02/12/2021  12:05:24,107158;9,433073E-1;8,818752E-2;1,063580E-1;9,367237E-1;;
02/12/2021  12:05:24,107258;9,432596E-1;1,178155E-1;1,110970E-1;9,366826E-1;;
02/12/2021  12:05:24,107358;9,433252E-1;1,417090E-1;1,249980E-1;9,366510E-1;;
02/12/2021  12:05:24,107458;9,446693E-1;1,353374E-1;1,521681E-1;9,366295E-1;;
02/12/2021  12:05:24,107558;9,449226E-1;1,397975E-1;1,341600E-1;9,366189E-1;;
02/12/2021  12:05:24,107658;9,446693E-1;1,302401E-1;1,325804E-1;9,366197E-1;;
02/12/2021  12:05:24,107758;9,437186E-1;1,299215E-1;1,313166E-1;9,366325E-1;;
02/12/2021  12:05:24,107858;9,436560E-1;5,951532E-2;9,024547E-2;9,366576E-1;;
02/12/2021  12:05:24,107958;9,441329E-1;1,340630E-1;1,183634E-1;9,366950E-1;;
02/12/2021  12:05:24,108058;9,445739E-1;1,168597E-1;1,076217E-1;9,367447E-1;;
02/12/2021  12:05:24,108158;9,442253E-1;1,152668E-1;1,325804E-1;9,368066E-1;;
02/12/2021  12:05:24,108258;9,435428E-1;1,474434E-1;1,521681E-1;9,368805E-1;;
02/12/2021  12:05:24,108358;9,433878E-1;1,318330E-1;1,338441E-1;9,369662E-1;;
02/12/2021  12:05:24,108458;9,444965E-1;1,245056E-1;1,420583E-1;9,370631E-1;;
02/12/2021  12:05:24,108558;9,446276E-1;1,079395E-1;1,120448E-1;9,371709E-1;;
02/12/2021  12:05:24,108658;9,444994E-1;1,340630E-1;1,114129E-1;9,372892E-1;;
02/12/2021  12:05:24,108758;9,438617E-1;1,305587E-1;1,341600E-1;9,374175E-1;;
02/12/2021  12:05:24,108858;9,438020E-1;1,318330E-1;1,319485E-1;9,375553E-1;;
02/12/2021  12:05:24,108958;9,453011E-1;1,334259E-1;1,092014E-1;9,377020E-1;;
02/12/2021  12:05:24,109058;9,451521E-1;1,025236E-1;1,243661E-1;9,378571E-1;;
02/12/2021  12:05:24,109158;9,452266E-1;1,353374E-1;1,272095E-1;9,380202E-1;;
02/12/2021  12:05:24,109258;9,443623E-1;1,299215E-1;1,351078E-1;9,381906E-1;;
02/12/2021  12:05:24,109358;9,449942E-1;1,219570E-1;1,249980E-1;9,383680E-1;;
02/12/2021  12:05:24,109458;9,454561E-1;1,060280E-1;7,981972E-2;9,385516E-1;;
02/12/2021  12:05:24,109558;9,459032E-1;1,136739E-1;1,347919E-1;9,387410E-1;;
02/12/2021  12:05:24,109658;9,448541E-1;1,213198E-1;1,237343E-1;9,389357E-1;;
02/12/2021  12:05:24,109758;9,447259E-1;1,187712E-1;1,212068E-1;9,391350E-1;;
02/12/2021  12:05:24,109858;9,446753E-1;1,060280E-1;1,287892E-1;9,393384E-1;;
02/12/2021  12:05:24,109958;9,452803E-1;1,022050E-1;1,047783E-1;9,395452E-1;;
02/12/2021  12:05:24,110058;9,455545E-1;1,136739E-1;1,246821E-1;9,397547E-1;;
02/12/2021  12:05:24,110158;9,451223E-1;1,165411E-1;1,148882E-1;9,399663E-1;;
02/12/2021  12:05:24,110258;9,446544E-1;3,625898E-2;6,528685E-2;9,401795E-1;;
02/12/2021  12:05:24,110358;9,453518E-1;5,664810E-2;9,182514E-2;9,403937E-1;;
02/12/2021  12:05:24,110458;9,461535E-1;1,423461E-1;1,847091E-1;9,406083E-1;;
02/12/2021  12:05:24,110558;9,464396E-1;1,168597E-1;1,142563E-1;9,408229E-1;;
02/12/2021  12:05:24,110658;9,465082E-1;9,169190E-2;1,243661E-1;9,410372E-1;;
02/12/2021  12:05:24,110758;9,457005E-1;9,296622E-2;1,082536E-1;9,412508E-1;;
02/12/2021  12:05:24,110858;9,462876E-1;1,171783E-1;1,136244E-1;9,414635E-1;;
02/12/2021  12:05:24,110958;9,467317E-1;8,659462E-2;1,158360E-1;9,416749E-1;;
02/12/2021  12:05:24,111058;9,461237E-1;9,392196E-2;1,028828E-1;9,418846E-1;;
02/12/2021  12:05:24,111158;9,463532E-1;9,870066E-2;1,212068E-1;9,420925E-1;;
02/12/2021  12:05:24,111258;9,451164E-1;1,028422E-1;1,193112E-1;9,422981E-1;;
02/12/2021  12:05:24,111358;9,463711E-1;1,331073E-1;1,310007E-1;9,425011E-1;;
02/12/2021  12:05:24,111458;9,465558E-1;1,165411E-1;1,275255E-1;9,427011E-1;;
02/12/2021  12:05:24,111558;9,462966E-1;1,480806E-1;1,499566E-1;9,428978E-1;;
02/12/2021  12:05:24,111658;9,454829E-1;1,216384E-1;1,347919E-1;9,430909E-1;;
02/12/2021  12:05:24,111758;9,447200E-1;1,455319E-1;1,505885E-1;9,432802E-1;;
02/12/2021  12:05:24,111858;9,452147E-1;1,315144E-1;1,382671E-1;9,434650E-1;;
02/12/2021  12:05:24,111958;9,456409E-1;1,407532E-1;1,316326E-1;9,436451E-1;;
02/12/2021  12:05:24,112058;9,458018E-1;1,585937E-1;1,354238E-1;9,438201E-1;;
02/12/2021  12:05:24,112158;9,447200E-1;1,742041E-1;1,559593E-1;9,439896E-1;;
02/12/2021  12:05:24,112258;9,450180E-1;1,710183E-1;1,790224E-1;9,441534E-1;;
02/12/2021  12:05:24,112358;9,456916E-1;1,468062E-1;1,442698E-1;9,443111E-1;;
02/12/2021  12:05:24,112458;9,463234E-1;1,468062E-1;1,366875E-1;9,444627E-1;;
02/12/2021  12:05:24,112558;9,459956E-1;1,391603E-1;1,398468E-1;9,446080E-1;;
02/12/2021  12:05:24,112658;9,452117E-1;1,455319E-1;1,945030E-1;9,447471E-1;;
02/12/2021  12:05:24,112758;9,456320E-1;1,331073E-1;1,275255E-1;9,448799E-1;;
02/12/2021  12:05:24,112858;9,459419E-1;1,280100E-1;1,291051E-1;9,450062E-1;;
02/12/2021  12:05:24,112958;9,464158E-1;1,178155E-1;1,177316E-1;9,451263E-1;;
02/12/2021  12:05:24,113058;9,463442E-1;1,229127E-1;1,366875E-1;9,452400E-1;;
02/12/2021  12:05:24,113158;9,447706E-1;1,283286E-1;1,376353E-1;9,453477E-1;;
02/12/2021  12:05:24,113258;9,452445E-1;1,219570E-1;1,253139E-1;9,454492E-1;;
02/12/2021  12:05:24,113358;9,459598E-1;1,251428E-1;1,294210E-1;9,455445E-1;;
02/12/2021  12:05:24,113458;9,458465E-1;1,353374E-1;1,411105E-1;9,456336E-1;;
02/12/2021  12:05:24,113558;9,441805E-1;1,289658E-1;1,325804E-1;9,457167E-1;;
02/12/2021  12:05:24,113658;9,426606E-1;1,235499E-1;1,098333E-1;9,457936E-1;;
02/12/2021  12:05:24,113758;9,424073E-1;7,002846E-2;9,245700E-2;9,458640E-1;;
02/12/2021  12:05:24,113858;9,427649E-1;1,181340E-1;1,366875E-1;9,459273E-1;;
02/12/2021  12:05:24,113958;9,418589E-1;1,283286E-1;1,310007E-1;9,459833E-1;;
02/12/2021  12:05:24,114058;9,404134E-1;1,273729E-1;1,246821E-1;9,460314E-1;;
02/12/2021  12:05:24,114158;9,388071E-1;1,937424E-2;6,813023E-2;9,460710E-1;;
02/12/2021  12:05:24,114258;9,388309E-1;1,260985E-1;1,054102E-1;9,461014E-1;;
02/12/2021  12:05:24,114358;9,384345E-1;1,356559E-1;1,265777E-1;9,461219E-1;;
02/12/2021  12:05:24,114458;9,376656E-1;1,235499E-1;1,170997E-1;9,461316E-1;;
02/12/2021  12:05:24,114558;9,365063E-1;1,442576E-1;1,758630E-1;9,461298E-1;;
02/12/2021  12:05:24,114658;9,350847E-1;1,114439E-1;1,114129E-1;9,461158E-1;;
02/12/2021  12:05:24,114758;9,355377E-1;1,219570E-1;1,148882E-1;9,460888E-1;;
02/12/2021  12:05:24,114858;9,359251E-1;1,853544E-1;1,967146E-1;9,460481E-1;;
02/12/2021  12:05:24,114958;9,353469E-1;1,267357E-1;1,231024E-1;9,459931E-1;;
02/12/2021  12:05:24,115058;9,343098E-1;1,318330E-1;1,945030E-1;9,459234E-1;;
02/12/2021  12:05:24,115158;9,333740E-1;1,165411E-1;1,227865E-1;9,458388E-1;;
02/12/2021  12:05:24,115258;9,342532E-1;2,542726E-2;8,361090E-2;9,457388E-1;;
02/12/2021  12:05:24,115358;9,342383E-1;1,254614E-1;1,354238E-1;9,456233E-1;;
02/12/2021  12:05:24,115458;9,338866E-1;1,232313E-1;1,249980E-1;9,454922E-1;;
02/12/2021  12:05:24,115558;9,323577E-1;1,254614E-1;1,167838E-1;9,453456E-1;;
02/12/2021  12:05:24,115658;9,312878E-1;1,031608E-1;6,876210E-2;9,451835E-1;;
02/12/2021  12:05:24,115758;9,315709E-1;1,468062E-1;1,363715E-1;9,450060E-1;;
02/12/2021  12:05:24,115858;9,309212E-1;1,238685E-1;1,297370E-1;9,448129E-1;;
02/12/2021  12:05:24,115958;9,299407E-1;1,206827E-1;1,259458E-1;9,446043E-1;;
02/12/2021  12:05:24,116058;9,281048E-1;1,251428E-1;1,303688E-1;9,443803E-1;;
02/12/2021  12:05:24,116158;9,267190E-1;1,362931E-1;1,524841E-1;9,441406E-1;;
02/12/2021  12:05:24,116258;9,272465E-1;1,155854E-1;1,373193E-1;9,438852E-1;;
02/12/2021  12:05:24,116358;9,272614E-1;1,136739E-1;1,177316E-1;9,436137E-1;;
02/12/2021  12:05:24,116458;9,269246E-1;1,241871E-1;1,347919E-1;9,433262E-1;;
02/12/2021  12:05:24,116558;9,250679E-1;1,257800E-1;1,338441E-1;9,430229E-1;;
02/12/2021  12:05:24,116658;9,249874E-1;7,831154E-2;9,972343E-2;9,427039E-1;;
02/12/2021  12:05:24,116758;9,257325E-1;1,206827E-1;1,167838E-1;9,423694E-1;;
02/12/2021  12:05:24,116858;9,266057E-1;1,168597E-1;1,275255E-1;9,420196E-1;;
02/12/2021  12:05:24,116958;9,258279E-1;1,308772E-1;1,436380E-1;9,416552E-1;;
02/12/2021  12:05:24,117058;9,255090E-1;1,700626E-1;1,556434E-1;9,412769E-1;;
02/12/2021  12:05:24,117158;9,258040E-1;6,015248E-2;8,677022E-2;9,408856E-1;;
02/12/2021  12:05:24,117258;9,269544E-1;1,044351E-1;1,174156E-1;9,404821E-1;;
02/12/2021  12:05:24,117358;9,270081E-1;1,404346E-1;1,433221E-1;9,400675E-1;;
02/12/2021  12:05:24,117458;9,264180E-1;1,388417E-1;1,351078E-1;9,396431E-1;;
02/12/2021  12:05:24,117558;9,247639E-1;1,340630E-1;1,433221E-1;9,392100E-1;;
02/12/2021  12:05:24,117658;9,250589E-1;1,200455E-1;1,249980E-1;9,387693E-1;;
02/12/2021  12:05:24,117758;9,262093E-1;1,114439E-1;1,101492E-1;9,383220E-1;;
02/12/2021  12:05:24,117858;9,258785E-1;1,410718E-1;1,467973E-1;9,378691E-1;;
02/12/2021  12:05:24,117958;9,254225E-1;1,136739E-1;1,196272E-1;9,374117E-1;;
02/12/2021  12:05:24,118058;9,240993E-1;1,369303E-1;1,310007E-1;9,369511E-1;;
02/12/2021  12:05:24,118158;9,240456E-1;1,203641E-1;1,189953E-1;9,364880E-1;;
02/12/2021  12:05:24,118258;9,248771E-1;9,073616E-2;8,076751E-2;9,360234E-1;;
02/12/2021  12:05:24,118358;9,247579E-1;1,334259E-1;1,218387E-1;9,355581E-1;;
02/12/2021  12:05:24,118458;9,240009E-1;1,229127E-1;1,205749E-1;9,350931E-1;;
02/12/2021  12:05:24,118558;9,233512E-1;5,091366E-2;7,381701E-2;9,346291E-1;;
02/12/2021  12:05:24,118658;9,242572E-1;1,101695E-1;1,133085E-1;9,341670E-1;;
02/12/2021  12:05:24,118758;9,244003E-1;1,251428E-1;1,259458E-1;9,337076E-1;;
02/12/2021  12:05:24,118858;9,246119E-1;1,245056E-1;1,249980E-1;9,332515E-1;;
02/12/2021  12:05:24,118958;9,242990E-1;1,194084E-1;1,246821E-1;9,327998E-1;;
02/12/2021  12:05:24,119058;9,233363E-1;2,638300E-2;7,950379E-2;9,323532E-1;;
02/12/2021  12:05:24,119158;9,247043E-1;1,334259E-1;1,310007E-1;9,319125E-1;;
02/12/2021  12:05:24,119258;9,251364E-1;9,264764E-2;1,528000E-1;9,314784E-1;;
02/12/2021  12:05:24,119358;9,251275E-1;1,123996E-1;1,215227E-1;9,310516E-1;;
02/12/2021  12:05:24,119458;9,248891E-1;7,417000E-2;7,318515E-2;9,306331E-1;;
02/12/2021  12:05:24,119558;9,241112E-1;1,378860E-1;1,278414E-1;9,302236E-1;;
02/12/2021  12:05:24,119658;9,248205E-1;1,260985E-1;1,136244E-1;9,298237E-1;;
02/12/2021  12:05:24,119758;9,260395E-1;1,267357E-1;1,436380E-1;9,294340E-1;;
02/12/2021  12:05:24,119858;9,255954E-1;1,289658E-1;1,332122E-1;9,290551E-1;;
02/12/2021  12:05:24,119958;9,258070E-1;1,292843E-1;1,205749E-1;9,286879E-1;;
02/12/2021  12:05:24,120058;9,261885E-1;1,570008E-1;1,777586E-1;9,283329E-1;;
02/12/2021  12:05:24,120158;9,276011E-1;1,213198E-1;1,205749E-1;9,279907E-1;;
02/12/2021  12:05:24,120258;9,294310E-1;1,127182E-1;1,224705E-1;9,276622E-1;;
02/12/2021  12:05:24,120358;9,294191E-1;1,168597E-1;1,129926E-1;9,273482E-1;;
02/12/2021  12:05:24,120458;9,291539E-1;1,347002E-1;1,347919E-1;9,270498E-1;;
02/12/2021  12:05:24,120558;9,292582E-1;1,474434E-1;1,445858E-1;9,267679E-1;;
02/12/2021  12:05:24,120658;9,307245E-1;1,331073E-1;1,325804E-1;9,265031E-1;;
02/12/2021  12:05:24,120758;9,315411E-1;1,114439E-1;1,227865E-1;9,262562E-1;;
02/12/2021  12:05:24,120858;9,318868E-1;1,566822E-1;1,777586E-1;9,260281E-1;;
02/12/2021  12:05:24,120958;9,316365E-1;1,391603E-1;1,325804E-1;9,258193E-1;;
02/12/2021  12:05:24,121058;9,320865E-1;7,353284E-2;1,262617E-1;9,256307E-1;;
02/12/2021  12:05:24,121158;9,333263E-1;1,248242E-1;1,278414E-1;9,254626E-1;;
02/12/2021  12:05:24,121258;9,341042E-1;1,251428E-1;1,335282E-1;9,253156E-1;;
02/12/2021  12:05:24,121358;9,347807E-1;1,439390E-1;1,167838E-1;9,251902E-1;;
02/12/2021  12:05:24,121458;9,342472E-1;1,544522E-1;1,543797E-1;9,250869E-1;;
02/12/2021  12:05:24,121558;9,348343E-1;1,085766E-1;1,262617E-1;9,250060E-1;;
02/12/2021  12:05:24,121658;9,361874E-1;1,299215E-1;1,471132E-1;9,249477E-1;;
02/12/2021  12:05:24,121758;9,374957E-1;1,311958E-1;1,360556E-1;9,249124E-1;;
02/12/2021  12:05:24,121858;9,378504E-1;1,302401E-1;1,272095E-1;9,249002E-1;;
02/12/2021  12:05:24,121958;9,379964E-1;1,410718E-1;1,420583E-1;9,249115E-1;;
02/12/2021  12:05:24,122058;9,392541E-1;1,359745E-1;1,193112E-1;9,249464E-1;;
02/12/2021  12:05:24,122158;9,408814E-1;1,092138E-1;1,452176E-1;9,250053E-1;;
02/12/2021  12:05:24,122258;9,412330E-1;1,448948E-1;1,335282E-1;9,250882E-1;;
02/12/2021  12:05:24,122358;9,417248E-1;1,347002E-1;1,300529E-1;9,251955E-1;;
02/12/2021  12:05:24,122458;9,404641E-1;1,296029E-1;1,313166E-1;9,253273E-1;;
02/12/2021  12:05:24,122558;9,422135E-1;1,213198E-1;1,117289E-1;9,254833E-1;;
02/12/2021  12:05:24,122658;9,427113E-1;1,136739E-1;1,066739E-1;9,256633E-1;;
02/12/2021  12:05:24,122758;9,440733E-1;1,267357E-1;1,237343E-1;9,258672E-1;;
02/12/2021  12:05:24,122858;9,436262E-1;1,031608E-1;1,170997E-1;9,260946E-1;;
02/12/2021  12:05:24,122958;9,427411E-1;9,328480E-2;1,073058E-1;9,263452E-1;;
02/12/2021  12:05:24,123058;9,440643E-1;-6,963020E-4;5,233363E-2;9,266183E-1;;
02/12/2021  12:05:24,123158;9,450031E-1;1,108067E-1;1,104651E-1;9,269134E-1;;
02/12/2021  12:05:24,123258;9,457631E-1;1,079395E-1;1,133085E-1;9,272297E-1;;
02/12/2021  12:05:24,123358;9,449614E-1;1,165411E-1;1,319485E-1;9,275667E-1;;
02/12/2021  12:05:24,123458;9,451134E-1;4,868360E-2;7,160549E-2;9,279234E-1;;
02/12/2021  12:05:24,123558;9,462787E-1;1,028422E-1;1,177316E-1;9,282991E-1;;
02/12/2021  12:05:24,123658;9,471132E-1;1,184526E-1;1,249980E-1;9,286929E-1;;
02/12/2021  12:05:24,123758;9,471281E-1;1,031608E-1;1,120448E-1;9,291039E-1;;
02/12/2021  12:05:24,123858;9,464486E-1;1,041165E-1;1,202590E-1;9,295311E-1;;
02/12/2021  12:05:24,123958;9,469910E-1;1,009307E-1;1,107811E-1;9,299737E-1;;
02/12/2021  12:05:24,124058;9,483858E-1;1,174969E-1;1,363715E-1;9,304305E-1;;
02/12/2021  12:05:24,124158;9,496762E-1;1,165411E-1;1,265777E-1;9,309006E-1;;
02/12/2021  12:05:24,124258;9,493782E-1;7,608148E-2;1,025668E-1;9,313832E-1;;
02/12/2021  12:05:24,124358;9,496166E-1;9,455912E-2;1,066739E-1;9,318774E-1;;
02/12/2021  12:05:24,124458;9,502842E-1;1,031608E-1;1,164678E-1;9,323824E-1;;
02/12/2021  12:05:24,124558;9,514644E-1;9,519628E-2;1,022509E-1;9,328973E-1;;
02/12/2021  12:05:24,124658;9,524926E-1;9,933782E-2;1,145722E-1;9,334215E-1;;
02/12/2021  12:05:24,124758;9,534165E-1;1,213198E-1;1,291051E-1;9,339543E-1;;
02/12/2021  12:05:24,124858;9,529247E-1;1,168597E-1;1,313166E-1;9,344952E-1;;
02/12/2021  12:05:24,124958;9,534493E-1;1,123996E-1;1,092014E-1;9,350436E-1;;
02/12/2021  12:05:24,125058;9,548023E-1;1,436204E-1;1,723878E-1;9,355990E-1;;
02/12/2021  12:05:24,125158;9,548977E-1;1,331073E-1;1,332122E-1;9,361608E-1;;
02/12/2021  12:05:24,125258;9,552822E-1;1,477620E-1;1,442698E-1;9,367283E-1;;
02/12/2021  12:05:24,125358;9,536758E-1;1,541336E-1;1,407946E-1;9,373012E-1;;
02/12/2021  12:05:24,125458;9,533748E-1;9,774492E-2;1,297370E-1;9,378784E-1;;
02/12/2021  12:05:24,125558;9,536609E-1;1,745227E-1;1,613302E-1;9,384590E-1;;
02/12/2021  12:05:24,125658;9,528562E-1;1,636910E-1;1,493248E-1;9,390419E-1;;
02/12/2021  12:05:24,125758;9,525284E-1;1,767528E-1;1,616461E-1;9,396257E-1;;
02/12/2021  12:05:24,125858;9,510680E-1;9,264764E-2;1,183634E-1;9,402093E-1;;
02/12/2021  12:05:24,125958;9,510293E-1;1,448948E-1;1,562753E-1;9,407909E-1;;
02/12/2021  12:05:24,126058;9,510650E-1;1,388417E-1;1,512204E-1;9,413692E-1;;
02/12/2021  12:05:24,126158;9,512319E-1;1,289658E-1;1,265777E-1;9,419424E-1;;
02/12/2021  12:05:24,126258;9,505286E-1;1,318330E-1;1,221546E-1;9,425092E-1;;
02/12/2021  12:05:24,126358;9,488566E-1;1,143111E-1;1,259458E-1;9,430680E-1;;
02/12/2021  12:05:24,126458;9,497656E-1;1,251428E-1;1,038306E-1;9,436173E-1;;
02/12/2021  12:05:24,126558;9,507134E-1;1,315144E-1;1,407946E-1;9,441557E-1;;
02/12/2021  12:05:24,126658;9,508803E-1;1,327887E-1;1,313166E-1;9,446818E-1;;
02/12/2021  12:05:24,126758;9,510501E-1;1,155854E-1;1,212068E-1;9,451947E-1;;
02/12/2021  12:05:24,126858;9,502097E-1;1,133553E-1;1,221546E-1;9,456935E-1;;
02/12/2021  12:05:24,126958;9,510829E-1;1,174969E-1;1,205749E-1;9,461775E-1;;
02/12/2021  12:05:24,127058;9,519919E-1;6,110822E-2;3,432551E-2;9,466458E-1;;
02/12/2021  12:05:24,127158;9,522572E-1;8,149734E-2;1,047783E-1;9,470982E-1;;
02/12/2021  12:05:24,127258;9,514435E-1;1,235499E-1;1,215227E-1;9,475342E-1;;
02/12/2021  12:05:24,127358;9,505047E-1;1,302401E-1;1,291051E-1;9,479536E-1;;
02/12/2021  12:05:24,127458;9,507610E-1;1,308772E-1;1,332122E-1;9,483560E-1;;
02/12/2021  12:05:24,127558;9,509637E-1;1,187712E-1;1,038306E-1;9,487411E-1;;
02/12/2021  12:05:24,127658;9,503498E-1;1,197269E-1;1,152041E-1;9,491085E-1;;
02/12/2021  12:05:24,127758;9,486540E-1;1,018865E-1;1,092014E-1;9,494580E-1;;
02/12/2021  12:05:24,127858;9,478106E-1;1,260985E-1;1,300529E-1;9,497892E-1;;
02/12/2021  12:05:24,127958;9,476973E-1;1,238685E-1;9,372073E-2;9,501014E-1;;
02/12/2021  12:05:24,128058;9,478195E-1;1,327887E-1;1,237343E-1;9,503941E-1;;
02/12/2021  12:05:24,128158;9,464426E-1;1,203641E-1;1,208909E-1;9,506668E-1;;
02/12/2021  12:05:24,128258;9,459896E-1;2,925022E-2;7,981972E-2;9,509191E-1;;
02/12/2021  12:05:24,128358;9,439302E-1;1,448948E-1;1,373193E-1;9,511504E-1;;
02/12/2021  12:05:24,128458;9,447230E-1;1,006121E-1;1,224705E-1;9,513601E-1;;
02/12/2021  12:05:24,128558;9,438825E-1;1,114439E-1;1,281573E-1;9,515476E-1;;
02/12/2021  12:05:24,128658;9,430033E-1;1,184526E-1;1,186794E-1;9,517124E-1;;
02/12/2021  12:05:24,128758;9,422821E-1;1,216384E-1;1,120448E-1;9,518541E-1;;
02/12/2021  12:05:24,128858;9,417725E-1;1,216384E-1;1,231024E-1;9,519722E-1;;
02/12/2021  12:05:24,128958;9,421301E-1;9,774492E-2;1,028828E-1;9,520663E-1;;
02/12/2021  12:05:24,129058;9,422761E-1;1,203641E-1;1,303688E-1;9,521364E-1;;
02/12/2021  12:05:24,129158;9,415996E-1;1,324701E-1;1,335282E-1;9,521822E-1;;
02/12/2021  12:05:24,129258;9,401184E-1;1,238685E-1;1,249980E-1;9,522041E-1;;
02/12/2021  12:05:24,129358;9,394866E-1;1,092138E-1;1,095173E-1;9,522019E-1;;
02/12/2021  12:05:24,129458;9,393048E-1;1,181340E-1;1,189953E-1;9,521756E-1;;
02/12/2021  12:05:24,129558;9,387862E-1;1,305587E-1;1,294210E-1;9,521254E-1;;
02/12/2021  12:05:24,129658;9,379160E-1;1,423461E-1;1,354238E-1;9,520514E-1;;
02/12/2021  12:05:24,129758;9,363781E-1;1,417090E-1;1,480610E-1;9,519536E-1;;
02/12/2021  12:05:24,129858;9,353499E-1;1,213198E-1;1,174156E-1;9,518322E-1;;
02/12/2021  12:05:24,129958;9,358119E-1;1,404346E-1;1,509044E-1;9,516872E-1;;
02/12/2021  12:05:24,130058;9,347628E-1;1,318330E-1;1,291051E-1;9,515186E-1;;
02/12/2021  12:05:24,130158;9,330074E-1;1,257800E-1;1,272095E-1;9,513266E-1;;
02/12/2021  12:05:24,130258;9,318898E-1;1,337445E-1;1,268936E-1;9,511113E-1;;
02/12/2021  12:05:24,130358;9,312282E-1;1,203641E-1;1,092014E-1;9,508728E-1;;
02/12/2021  12:05:24,130458;9,316394E-1;1,534964E-1;1,496407E-1;9,506110E-1;;
02/12/2021  12:05:24,130558;9,302685E-1;1,187712E-1;1,212068E-1;9,503261E-1;;
02/12/2021  12:05:24,130658;9,298244E-1;1,203641E-1;1,259458E-1;9,500184E-1;;
02/12/2021  12:05:24,130758;9,286651E-1;1,216384E-1;1,300529E-1;9,496882E-1;;
02/12/2021  12:05:24,130858;9,286115E-1;1,178155E-1;1,142563E-1;9,493357E-1;;
02/12/2021  12:05:24,130958;9,292999E-1;1,270543E-1;1,344760E-1;9,489615E-1;;
02/12/2021  12:05:24,131058;9,288439E-1;1,359745E-1;1,259458E-1;9,485661E-1;;
02/12/2021  12:05:24,131158;9,285817E-1;1,359745E-1;1,300529E-1;9,481504E-1;;
02/12/2021  12:05:24,131258;9,273568E-1;8,563888E-2;7,002583E-2;9,477152E-1;;
02/12/2021  12:05:24,131358;9,281018E-1;1,439390E-1;1,442698E-1;9,472614E-1;;
02/12/2021  12:05:24,131458;9,287277E-1;1,448948E-1;1,553275E-1;9,467901E-1;;
02/12/2021  12:05:24,131558;9,286562E-1;1,318330E-1;1,370034E-1;9,463025E-1;;
02/12/2021  12:05:24,131658;9,284773E-1;1,254614E-1;1,243661E-1;9,457999E-1;;
02/12/2021  12:05:24,131758;9,277531E-1;1,334259E-1;1,300529E-1;9,452837E-1;;
02/12/2021  12:05:24,131858;9,287962E-1;1,200455E-1;9,656411E-2;9,447553E-1;;
02/12/2021  12:05:24,131958;9,296695E-1;1,181340E-1;1,133085E-1;9,442162E-1;;
02/12/2021  12:05:24,132058;9,294728E-1;1,162226E-1;1,013031E-1;9,436682E-1;;
02/12/2021  12:05:24,132158;9,285936E-1;1,331073E-1;1,347919E-1;9,431128E-1;;
02/12/2021  12:05:24,132258;9,274700E-1;1,480806E-1;1,423743E-1;9,425518E-1;;
02/12/2021  12:05:24,132358;9,283134E-1;1,098510E-1;9,593225E-2;9,419865E-1;;
02/12/2021  12:05:24,132458;9,290525E-1;1,289658E-1;1,205749E-1;9,414184E-1;;
02/12/2021  12:05:24,132558;9,284297E-1;1,190898E-1;1,126766E-1;9,408490E-1;;
02/12/2021  12:05:24,132658;9,276786E-1;1,248242E-1;1,265777E-1;9,402796E-1;;
02/12/2021  12:05:24,132758;9,271452E-1;1,366117E-1;1,265777E-1;9,397116E-1;;
02/12/2021  12:05:24,132858;9,270230E-1;1,299215E-1;1,291051E-1;9,391461E-1;;
02/12/2021  12:05:24,132958;9,274789E-1;1,222756E-1;1,452176E-1;9,385842E-1;;
02/12/2021  12:05:24,133058;9,268441E-1;1,305587E-1;1,360556E-1;9,380268E-1;;
02/12/2021  12:05:24,133158;9,261974E-1;1,159040E-1;9,719598E-2;9,374750E-1;;
02/12/2021  12:05:24,133258;9,254434E-1;8,117876E-2;1,537478E-1;9,369296E-1;;
02/12/2021  12:05:24,133358;9,262958E-1;1,031608E-1;1,158360E-1;9,363913E-1;;
02/12/2021  12:05:24,133458;9,261944E-1;1,241871E-1;1,341600E-1;9,358607E-1;;
02/12/2021  12:05:24,133558;9,261140E-1;1,394789E-1;1,395309E-1;9,353384E-1;;
02/12/2021  12:05:24,133658;9,254792E-1;9,360338E-2;1,000394E-1;9,348253E-1;;
02/12/2021  12:05:24,133758;9,259292E-1;1,433019E-1;1,606983E-1;9,343218E-1;;
02/12/2021  12:05:24,133858;9,271243E-1;1,490363E-1;1,550115E-1;9,338286E-1;;
02/12/2021  12:05:24,133958;9,280899E-1;1,433019E-1;1,411105E-1;9,333463E-1;;
02/12/2021  12:05:24,134058;9,278902E-1;1,267357E-1;1,445858E-1;9,328758E-1;;
02/12/2021  12:05:24,134158;9,279171E-1;1,340630E-1;1,297370E-1;9,324179E-1;;
02/12/2021  12:05:24,134258;9,283432E-1;9,009900E-2;1,158360E-1;9,319736E-1;;
02/12/2021  12:05:24,134358;9,300003E-1;8,532030E-2;9,150920E-2;9,315436E-1;;
02/12/2021  12:05:24,134458;9,313802E-1;1,264171E-1;1,322644E-1;9,311287E-1;;
02/12/2021  12:05:24,134558;9,311984E-1;1,296029E-1;1,436380E-1;9,307302E-1;;
02/12/2021  12:05:24,134658;9,308914E-1;1,318330E-1;1,338441E-1;9,303490E-1;;
02/12/2021  12:05:24,134758;9,323160E-1;1,130368E-1;1,133085E-1;9,299861E-1;;
02/12/2021  12:05:24,134858;9,334544E-1;1,589123E-1;1,717559E-1;9,296425E-1;;
02/12/2021  12:05:24,134958;9,339998E-1;1,060280E-1;1,231024E-1;9,293190E-1;;
02/12/2021  12:05:24,135058;9,343932E-1;1,184526E-1;1,076217E-1;9,290167E-1;;
02/12/2021  12:05:24,135158;9,334038E-1;1,143111E-1;1,404787E-1;9,287364E-1;;
02/12/2021  12:05:24,135258;9,347896E-1;1,324701E-1;1,253139E-1;9,284788E-1;;
02/12/2021  12:05:24,135358;9,358476E-1;6,047106E-2;9,245700E-2;9,282445E-1;;
02/12/2021  12:05:24,135458;9,364407E-1;1,245056E-1;1,227865E-1;9,280341E-1;;
02/12/2021  12:05:24,135558;9,368401E-1;1,391603E-1;1,142563E-1;9,278482E-1;;
02/12/2021  12:05:24,135658;9,369801E-1;1,347002E-1;1,499566E-1;9,276872E-1;;
02/12/2021  12:05:24,135758;9,376060E-1;1,423461E-1;1,401627E-1;9,275516E-1;;
02/12/2021  12:05:24,135858;9,399843E-1;1,050723E-1;1,095173E-1;9,274416E-1;;
02/12/2021  12:05:24,135958;9,400230E-1;1,133553E-1;9,940750E-2;9,273577E-1;;
02/12/2021  12:05:24,136058;9,400499E-1;1,245056E-1;1,303688E-1;9,273004E-1;;
02/12/2021  12:05:24,136158;9,393703E-1;1,073023E-1;1,117289E-1;9,272697E-1;;
02/12/2021  12:05:24,136258;9,406757E-1;1,085766E-1;1,243661E-1;9,272658E-1;;
02/12/2021  12:05:24,136358;9,420526E-1;4,645354E-2;1,148882E-1;9,272886E-1;;
02/12/2021  12:05:24,136458;9,424132E-1;1,092138E-1;1,155200E-1;9,273379E-1;;
02/12/2021  12:05:24,136558;9,424281E-1;1,031608E-1;1,246821E-1;9,274137E-1;;
02/12/2021  12:05:24,136658;9,420288E-1;1,108067E-1;1,218387E-1;9,275159E-1;;
02/12/2021  12:05:24,136758;9,435666E-1;1,533758E-3;7,128955E-2;9,276440E-1;;
02/12/2021  12:05:24,136858;9,446306E-1;7,703722E-2;9,909157E-2;9,277976E-1;;
02/12/2021  12:05:24,136958;9,445173E-1;9,997498E-2;1,101492E-1;9,279763E-1;;
02/12/2021  12:05:24,137058;9,451551E-1;1,111253E-1;1,294210E-1;9,281797E-1;;
02/12/2021  12:05:24,137158;9,442700E-1;1,073023E-1;1,126766E-1;9,284073E-1;;
02/12/2021  12:05:24,137258;9,454889E-1;9,901924E-2;1,123607E-1;9,286584E-1;;
02/12/2021  12:05:24,137358;9,461833E-1;1,104881E-1;1,344760E-1;9,289321E-1;;
02/12/2021  12:05:24,137458;9,461207E-1;1,248242E-1;1,303688E-1;9,292278E-1;;
02/12/2021  12:05:24,137558;9,462131E-1;8,213450E-2;1,095173E-1;9,295446E-1;;
02/12/2021  12:05:24,137658;9,464694E-1;8,882468E-2;1,028828E-1;9,298816E-1;;
02/12/2021  12:05:24,137758;9,477957E-1;6,747982E-2;8,297904E-2;9,302377E-1;;
02/12/2021  12:05:24,137858;9,488864E-1;9,806350E-2;1,155200E-1;9,306122E-1;;
02/12/2021  12:05:24,137958;9,492649E-1;1,085766E-1;1,180475E-1;9,310042E-1;;
02/12/2021  12:05:24,138058;9,490384E-1;1,248242E-1;1,262617E-1;9,314129E-1;;
02/12/2021  12:05:24,138158;9,493961E-1;1,337445E-1;1,385831E-1;9,318376E-1;;
02/12/2021  12:05:24,138258;9,501352E-1;1,245056E-1;1,790224E-1;9,322773E-1;;
02/12/2021  12:05:24,138358;9,510621E-1;1,340630E-1;1,455336E-1;9,327311E-1;;
02/12/2021  12:05:24,138458;9,518429E-1;1,257800E-1;1,249980E-1;9,331983E-1;;
02/12/2021  12:05:24,138558;9,510829E-1;1,327887E-1;1,227865E-1;9,336780E-1;;
02/12/2021  12:05:24,138658;9,518846E-1;1,394789E-1;1,272095E-1;9,341694E-1;;
02/12/2021  12:05:24,138758;9,527936E-1;1,786642E-1;1,619620E-1;9,346716E-1;;
02/12/2021  12:05:24,138858;9,535029E-1;1,703812E-1;1,515363E-1;9,351838E-1;;
02/12/2021  12:05:24,138958;9,536907E-1;1,474434E-1;1,382671E-1;9,357052E-1;;
02/12/2021  12:05:24,139058;9,531155E-1;1,579565E-1;1,467973E-1;9,362351E-1;;
02/12/2021  12:05:24,139158;9,533658E-1;1,652839E-1;1,433221E-1;9,367726E-1;;
02/12/2021  12:05:24,139258;9,549782E-1;1,506292E-1;1,423743E-1;9,373168E-1;;
02/12/2021  12:05:24,139358;9,553328E-1;1,241871E-1;1,262617E-1;9,378669E-1;;
02/12/2021  12:05:24,139458;9,547517E-1;1,318330E-1;1,322644E-1;9,384221E-1;;
02/12/2021  12:05:24,139558;9,556040E-1;1,458505E-1;1,477451E-1;9,389816E-1;;
02/12/2021  12:05:24,139658;9,565369E-1;1,238685E-1;1,253139E-1;9,395447E-1;;
02/12/2021  12:05:24,139758;9,577051E-1;1,229127E-1;1,449017E-1;9,401107E-1;;
02/12/2021  12:05:24,139858;9,585754E-1;1,174969E-1;1,234183E-1;9,406791E-1;;
02/12/2021  12:05:24,139958;9,583072E-1;1,280100E-1;1,300529E-1;9,412494E-1;;
02/12/2021  12:05:24,140058;9,576306E-1;8,500172E-2;8,013565E-2;9,418213E-1;;
02/12/2021  12:05:24,140158;9,586320E-1;1,318330E-1;1,249980E-1;9,423942E-1;;
02/12/2021  12:05:24,140258;9,596900E-1;1,506292E-1;1,667010E-1;9,429675E-1;;
02/12/2021  12:05:24,140358;9,604500E-1;1,095324E-1;1,155200E-1;9,435407E-1;;
02/12/2021  12:05:24,140458;9,603427E-1;1,270543E-1;1,310007E-1;9,441135E-1;;
02/12/2021  12:05:24,140558;9,600834E-1;1,327887E-1;1,388990E-1;9,446856E-1;;
02/12/2021  12:05:24,140658;9,611534E-1;1,206827E-1;1,256299E-1;9,452564E-1;;
02/12/2021  12:05:24,140758;9,619759E-1;1,060280E-1;9,940750E-2;9,458256E-1;;
02/12/2021  12:05:24,140858;9,621279E-1;1,235499E-1;1,101492E-1;9,463928E-1;;
02/12/2021  12:05:24,140958;9,616153E-1;1,347002E-1;1,404787E-1;9,469578E-1;;
02/12/2021  12:05:24,141058;9,612279E-1;1,200455E-1;1,294210E-1;9,475202E-1;;
02/12/2021  12:05:24,141158;9,622263E-1;1,251428E-1;1,262617E-1;9,480794E-1;;
02/12/2021  12:05:24,141258;9,632127E-1;1,184526E-1;1,180475E-1;9,486349E-1;;
02/12/2021  12:05:24,141358;9,637343E-1;1,286472E-1;1,240502E-1;9,491865E-1;;
02/12/2021  12:05:24,141458;9,635197E-1;1,369303E-1;1,455336E-1;9,497338E-1;;
02/12/2021  12:05:24,141558;9,639459E-1;1,155854E-1;1,107811E-1;9,502766E-1;;
02/12/2021  12:05:24,141658;9,641933E-1;1,331073E-1;1,464814E-1;9,508145E-1;;
02/12/2021  12:05:24,141758;9,648966E-1;1,203641E-1;1,430061E-1;9,513475E-1;;
02/12/2021  12:05:24,141858;9,648698E-1;1,340630E-1;1,306848E-1;9,518751E-1;;
02/12/2021  12:05:24,141958;9,642976E-1;1,152668E-1;1,104651E-1;9,523972E-1;;
02/12/2021  12:05:24,142058;9,638595E-1;1,483991E-1;1,881844E-1;9,529135E-1;;
02/12/2021  12:05:24,142158;9,653377E-1;1,289658E-1;1,351078E-1;9,534235E-1;;
02/12/2021  12:05:24,142258;9,656357E-1;1,331073E-1;1,319485E-1;9,539268E-1;;
02/12/2021  12:05:24,142358;9,646582E-1;1,452133E-1;1,382671E-1;9,544233E-1;;
02/12/2021  12:05:24,142458;9,630488E-1;1,108067E-1;9,972343E-2;9,549125E-1;;
02/12/2021  12:05:24,142558;9,622739E-1;1,423461E-1;9,498445E-2;9,553939E-1;;
02/12/2021  12:05:24,142658;9,632247E-1;1,327887E-1;1,881844E-1;9,558665E-1;;
02/12/2021  12:05:24,142758;9,625034E-1;1,276914E-1;1,268936E-1;9,563296E-1;;
02/12/2021  12:05:24,142858;9,621428E-1;1,283286E-1;1,528000E-1;9,567824E-1;;
02/12/2021  12:05:24,142958;9,610192E-1;1,222756E-1;1,234183E-1;9,572242E-1;;
02/12/2021  12:05:24,143058;9,604411E-1;9,009900E-2;8,929768E-2;9,576539E-1;;
02/12/2021  12:05:24,143158;9,608285E-1;9,105474E-2;8,361090E-2;9,580706E-1;;
02/12/2021  12:05:24,143258;9,601520E-1;1,216384E-1;1,221546E-1;9,584735E-1;;
02/12/2021  12:05:24,143358;9,598241E-1;1,347002E-1;1,452176E-1;9,588616E-1;;
02/12/2021  12:05:24,143458;9,588704E-1;1,200455E-1;1,237343E-1;9,592342E-1;;
02/12/2021  12:05:24,143558;9,595619E-1;1,229127E-1;1,325804E-1;9,595904E-1;;
02/12/2021  12:05:24,143658;9,595112E-1;1,503106E-1;1,442698E-1;9,599294E-1;;
02/12/2021  12:05:24,143758;9,593473E-1;1,334259E-1;1,363715E-1;9,602507E-1;;
02/12/2021  12:05:24,143858;9,587810E-1;1,168597E-1;1,069899E-1;9,605539E-1;;
02/12/2021  12:05:24,143958;9,569034E-1;1,347002E-1;1,493248E-1;9,608385E-1;;
02/12/2021  12:05:24,144058;9,565458E-1;1,283286E-1;1,325804E-1;9,611038E-1;;
02/12/2021  12:05:24,144158;9,564922E-1;1,031608E-1;1,092014E-1;9,613493E-1;;
02/12/2021  12:05:24,144258;9,560570E-1;1,190898E-1;1,253139E-1;9,615744E-1;;
02/12/2021  12:05:24,144358;9,549007E-1;1,187712E-1;1,107811E-1;9,617786E-1;;
02/12/2021  12:05:24,144458;9,536162E-1;4,900218E-2;1,013031E-1;9,619614E-1;;
02/12/2021  12:05:24,144558;9,530350E-1;1,082581E-1;1,193112E-1;9,621221E-1;;
02/12/2021  12:05:24,144658;9,532943E-1;-2,289202E-3;7,002583E-2;9,622603E-1;;
02/12/2021  12:05:24,144758;9,527787E-1;1,356559E-1;1,657532E-1;9,623754E-1;;
02/12/2021  12:05:24,144858;9,512826E-1;1,318330E-1;1,328963E-1;9,624671E-1;;
02/12/2021  12:05:24,144958;9,503706E-1;1,251428E-1;1,212068E-1;9,625351E-1;;
02/12/2021  12:05:24,145058;9,497746E-1;1,251428E-1;1,278414E-1;9,625789E-1;;
02/12/2021  12:05:24,145158;9,497060E-1;1,280100E-1;1,319485E-1;9,625982E-1;;
02/12/2021  12:05:24,145258;9,486480E-1;1,146297E-1;1,189953E-1;9,625927E-1;;
02/12/2021  12:05:24,145358;9,478284E-1;1,350188E-1;1,332122E-1;9,625623E-1;;
02/12/2021  12:05:24,145458;9,467496E-1;1,296029E-1;1,284732E-1;9,625068E-1;;
02/12/2021  12:05:24,145558;9,462429E-1;2,216725E-1;1,546956E-1;9,624260E-1;;
02/12/2021  12:05:24,145658;9,470238E-1;1,168597E-1;1,265777E-1;9,623198E-1;;
02/12/2021  12:05:24,145758;9,459717E-1;1,455319E-1;1,332122E-1;9,621883E-1;;
02/12/2021  12:05:24,145858;9,454472E-1;1,340630E-1;1,534319E-1;9,620318E-1;;
02/12/2021  12:05:24,145958;9,441537E-1;1,022050E-1;1,133085E-1;9,618506E-1;;
02/12/2021  12:05:24,146058;9,437156E-1;1,216384E-1;1,170997E-1;9,616449E-1;;
02/12/2021  12:05:24,146158;9,439660E-1;1,382046E-1;1,534319E-1;9,614151E-1;;
02/12/2021  12:05:24,146258;9,436322E-1;1,190898E-1;1,186794E-1;9,611615E-1;;
02/12/2021  12:05:24,146358;9,425384E-1;1,203641E-1;1,310007E-1;9,608848E-1;;
02/12/2021  12:05:24,146458;9,415221E-1;1,286472E-1;1,240502E-1;9,605855E-1;;
02/12/2021  12:05:24,146558;9,419453E-1;1,047537E-1;1,022509E-1;9,602642E-1;;
02/12/2021  12:05:24,146658;9,418976E-1;1,168597E-1;1,180475E-1;9,599215E-1;;
02/12/2021  12:05:24,146758;9,405893E-1;1,136739E-1;1,189953E-1;9,595583E-1;;
02/12/2021  12:05:24,146858;9,390634E-1;1,088952E-1;1,092014E-1;9,591753E-1;;
02/12/2021  12:05:24,146958;9,389084E-1;-5,230626E-2;4,627903E-3;9,587731E-1;;
02/12/2021  12:05:24,147058;9,380232E-1;1,601866E-1;1,764949E-1;9,583524E-1;;
02/12/2021  12:05:24,147158;9,373199E-1;1,340630E-1;1,256299E-1;9,579138E-1;;
02/12/2021  12:05:24,147258;9,366732E-1;1,171783E-1;1,319485E-1;9,574578E-1;;
02/12/2021  12:05:24,147358;9,355854E-1;1,088952E-1;1,212068E-1;9,569851E-1;;
02/12/2021  12:05:24,147458;9,342472E-1;1,337445E-1;1,388990E-1;9,564962E-1;;
02/12/2021  12:05:24,147558;9,340386E-1;1,286472E-1;1,335282E-1;9,559916E-1;;
02/12/2021  12:05:24,147658;9,335111E-1;1,254614E-1;1,205749E-1;9,554718E-1;;
02/12/2021  12:05:24,147758;9,325037E-1;1,388417E-1;1,294210E-1;9,549372E-1;;
02/12/2021  12:05:24,147858;9,315769E-1;1,407532E-1;1,297370E-1;9,543884E-1;;
02/12/2021  12:05:24,147958;9,307632E-1;1,426647E-1;1,161519E-1;9,538259E-1;;
02/12/2021  12:05:24,148058;9,310821E-1;1,260985E-1;1,202590E-1;9,532502E-1;;
02/12/2021  12:05:24,148158;9,309272E-1;1,299215E-1;1,284732E-1;9,526618E-1;;
02/12/2021  12:05:24,148258;9,299258E-1;1,353374E-1;1,407946E-1;9,520614E-1;;
02/12/2021  12:05:24,148358;9,287635E-1;1,937424E-2;8,708615E-2;9,514498E-1;;
02/12/2021  12:05:24,148458;9,282806E-1;1,101695E-1;1,189953E-1;9,508277E-1;;
02/12/2021  12:05:24,148558;9,289661E-1;9,487770E-2;1,006712E-1;9,501955E-1;;
02/12/2021  12:05:24,148658;9,287277E-1;1,458505E-1;1,373193E-1;9,495543E-1;;
02/12/2021  12:05:24,148758;9,282806E-1;1,362931E-1;1,310007E-1;9,489047E-1;;
02/12/2021  12:05:24,148858;9,272226E-1;8,213450E-2;1,164678E-1;9,482478E-1;;
02/12/2021  12:05:24,148958;9,267428E-1;1,108067E-1;1,110970E-1;9,475845E-1;;
02/12/2021  12:05:24,149058;9,267905E-1;1,429833E-1;1,521681E-1;9,469156E-1;;
02/12/2021  12:05:24,149158;9,269872E-1;1,506292E-1;1,474292E-1;9,462419E-1;;
02/12/2021  12:05:24,149258;9,270349E-1;1,343816E-1;1,234183E-1;9,455645E-1;;
02/12/2021  12:05:24,149358;9,263673E-1;1,362931E-1;1,316326E-1;9,448844E-1;;
02/12/2021  12:05:24,149458;9,267219E-1;1,168597E-1;1,177316E-1;9,442025E-1;;
02/12/2021  12:05:24,149558;9,277323E-1;1,267357E-1;1,202590E-1;9,435201E-1;;
02/12/2021  12:05:24,149658;9,271422E-1;8,914326E-2;7,824006E-2;9,428384E-1;;
02/12/2021  12:05:24,149758;9,269067E-1;1,101695E-1;1,208909E-1;9,421586E-1;;
02/12/2021  12:05:24,149858;9,267398E-1;1,117624E-1;1,177316E-1;9,414819E-1;;
02/12/2021  12:05:24,149958;9,278962E-1;9,870066E-2;8,487463E-2;9,408096E-1;;
02/12/2021  12:05:24,150058;9,283850E-1;8,468314E-2;8,708615E-2;9,401429E-1;;
02/12/2021  12:05:24,150158;9,280839E-1;5,601094E-2;7,160549E-2;9,394832E-1;;
02/12/2021  12:05:24,150258;9,285876E-1;1,203641E-1;1,243661E-1;9,388318E-1;;
02/12/2021  12:05:24,150358;9,278425E-1;1,028422E-1;1,006712E-1;9,381901E-1;;
02/12/2021  12:05:24,150458;9,289602E-1;8,946184E-2;1,076217E-1;9,375593E-1;;
02/12/2021  12:05:24,150558;9,286174E-1;1,108067E-1;1,486929E-1;9,369406E-1;;
02/12/2021  12:05:24,150658;9,287903E-1;9,933782E-2;1,107811E-1;9,363352E-1;;
02/12/2021  12:05:24,150758;9,281227E-1;1,025236E-1;8,992954E-2;9,357441E-1;;
02/12/2021  12:05:24,150858;9,278545E-1;8,818752E-2;1,354238E-1;9,351682E-1;;
02/12/2021  12:05:24,150958;9,279558E-1;1,143111E-1;1,167838E-1;9,346083E-1;;
02/12/2021  12:05:24,151058;9,284624E-1;1,002936E-1;1,155200E-1;9,340650E-1;;
02/12/2021  12:05:24,151158;9,285012E-1;9,870066E-2;1,148882E-1;9,335390E-1;;
02/12/2021  12:05:24,151258;9,273806E-1;8,404598E-2;9,214107E-2;9,330309E-1;;
02/12/2021  12:05:24,151358;9,269634E-1;4,263058E-2;4,285567E-2;9,325411E-1;;
02/12/2021  12:05:24,151458;9,286204E-1;9,933782E-2;1,114129E-1;9,320697E-1;;
02/12/2021  12:05:24,151558;9,290406E-1;8,595746E-2;1,082536E-1;9,316172E-1;;
02/12/2021  12:05:24,151658;9,294489E-1;1,296029E-1;1,553275E-1;9,311838E-1;;
02/12/2021  12:05:24,151758;9,286055E-1;1,273729E-1;1,370034E-1;9,307701E-1;;
02/12/2021  12:05:24,151858;9,284684E-1;1,321516E-1;1,471132E-1;9,303762E-1;;
02/12/2021  12:05:24,151958;9,299824E-1;9,455912E-2;9,498445E-2;9,300024E-1;;
02/12/2021  12:05:24,152058;9,306261E-1;1,305587E-1;1,344760E-1;9,296488E-1;;
02/12/2021  12:05:24,152158;9,311149E-1;1,786642E-1;1,742834E-1;9,293158E-1;;
02/12/2021  12:05:24,152258;9,308139E-1;1,573194E-1;1,404787E-1;9,290038E-1;;
02/12/2021  12:05:24,152358;9,317557E-1;1,570008E-1;1,322644E-1;9,287129E-1;;
02/12/2021  12:05:24,152458;9,326825E-1;1,796200E-1;1,783905E-1;9,284434E-1;;
02/12/2021  12:05:24,152558;9,330372E-1;1,713369E-1;1,537478E-1;9,281957E-1;;
02/12/2021  12:05:24,152658;9,339402E-1;1,547707E-1;1,199431E-1;9,279700E-1;;
02/12/2021  12:05:24,152758;9,326080E-1;1,445762E-1;1,584868E-1;9,277668E-1;;
02/12/2021  12:05:24,152858;9,337763E-1;1,439390E-1;1,445858E-1;9,275860E-1;;
02/12/2021  12:05:24,152958;9,351711E-1;1,149482E-1;1,218387E-1;9,274277E-1;;
02/12/2021  12:05:24,153058;9,354572E-1;1,337445E-1;1,376353E-1;9,272921E-1;;
02/12/2021  12:05:24,153158;9,356569E-1;9,424054E-2;9,814378E-2;9,271792E-1;;
02/12/2021  12:05:24,153258;9,359192E-1;1,063466E-1;9,403666E-2;9,270893E-1;;
02/12/2021  12:05:24,153358;9,363781E-1;1,178155E-1;1,237343E-1;9,270222E-1;;
02/12/2021  12:05:24,153458;9,373318E-1;1,194084E-1;1,262617E-1;9,269780E-1;;
02/12/2021  12:05:24,153558;9,381305E-1;1,512664E-1;1,170997E-1;9,269565E-1;;
02/12/2021  12:05:24,153658;9,377818E-1;1,053908E-1;1,145722E-1;9,269577E-1;;
02/12/2021  12:05:24,153758;9,377014E-1;1,108067E-1;1,088855E-1;9,269814E-1;;
02/12/2021  12:05:24,153858;9,387445E-1;1,356559E-1;1,528000E-1;9,270274E-1;;
02/12/2021  12:05:24,153958;9,392780E-1;1,073023E-1;1,398468E-1;9,270954E-1;;
02/12/2021  12:05:24,154058;9,394657E-1;1,315144E-1;1,325804E-1;9,271849E-1;;
02/12/2021  12:05:24,154158;9,398293E-1;1,280100E-1;1,265777E-1;9,272956E-1;;
02/12/2021  12:05:24,154258;9,403240E-1;1,353374E-1;1,385831E-1;9,274272E-1;;
02/12/2021  12:05:24,154358;9,412658E-1;1,034794E-1;9,372073E-2;9,275790E-1;;
02/12/2021  12:05:24,154458;9,404373E-1;1,229127E-1;1,259458E-1;9,277508E-1;;
02/12/2021  12:05:24,154558;9,413880E-1;1,280100E-1;1,177316E-1;9,279419E-1;;
02/12/2021  12:05:24,154658;9,408426E-1;1,334259E-1;1,505885E-1;9,281517E-1;;
02/12/2021  12:05:24,154758;9,411168E-1;1,210013E-1;1,231024E-1;9,283794E-1;;
02/12/2021  12:05:24,154858;9,408426E-1;1,375674E-1;1,268936E-1;9,286242E-1;;
02/12/2021  12:05:24,154958;9,416801E-1;1,541336E-1;1,768108E-1;9,288853E-1;;
02/12/2021  12:05:24,155058;9,412122E-1;1,108067E-1;1,104651E-1;9,291616E-1;;
02/12/2021  12:05:24,155158;9,411466E-1;1,369303E-1;1,480610E-1;9,294522E-1;;
02/12/2021  12:05:24,155258;9,406757E-1;1,190898E-1;1,237343E-1;9,297559E-1;;
02/12/2021  12:05:24,155358;9,407472E-1;1,350188E-1;1,300529E-1;9,300718E-1;;
02/12/2021  12:05:24,155458;9,407145E-1;1,232313E-1;1,351078E-1;9,303984E-1;;
02/12/2021  12:05:24,155558;9,408724E-1;1,165411E-1;1,189953E-1;9,307345E-1;;
02/12/2021  12:05:24,155658;9,400260E-1;1,493549E-1;1,430061E-1;9,310790E-1;;
02/12/2021  12:05:24,155758;9,392929E-1;7,098420E-2;1,439539E-1;9,314304E-1;;
02/12/2021  12:05:24,155858;9,398263E-1;1,203641E-1;1,300529E-1;9,317873E-1;;
02/12/2021  12:05:24,155958;9,397935E-1;1,127182E-1;1,224705E-1;9,321483E-1;;
02/12/2021  12:05:24,156058;9,397161E-1;1,219570E-1;1,234183E-1;9,325121E-1;;
02/12/2021  12:05:24,156158;9,392243E-1;1,308772E-1;1,246821E-1;9,328773E-1;;
02/12/2021  12:05:24,156258;9,387862E-1;1,407532E-1;1,224705E-1;9,332426E-1;;
02/12/2021  12:05:24,156358;9,404403E-1;1,359745E-1;1,467973E-1;9,336068E-1;;
02/12/2021  12:05:24,156458;9,402346E-1;1,139925E-1;1,136244E-1;9,339687E-1;;
02/12/2021  12:05:24,156558;9,402048E-1;1,315144E-1;1,436380E-1;9,343275E-1;;
02/12/2021  12:05:24,156658;9,389322E-1;1,308772E-1;1,328963E-1;9,346821E-1;;
02/12/2021  12:05:24,156758;9,390723E-1;9,710776E-2;8,645429E-2;9,350316E-1;;
02/12/2021  12:05:24,156858;9,405595E-1;1,047537E-1;1,142563E-1;9,353752E-1;;
02/12/2021  12:05:24,156958;9,404820E-1;1,264171E-1;1,278414E-1;9,357119E-1;;
02/12/2021  12:05:24,157058;9,407592E-1;1,420275E-1;1,452176E-1;9,360413E-1;;
02/12/2021  12:05:24,157158;9,407025E-1;1,305587E-1;1,038306E-1;9,363629E-1;;
02/12/2021  12:05:24,157258;9,406698E-1;1,347002E-1;1,341600E-1;9,366763E-1;;
02/12/2021  12:05:24,157358;9,419632E-1;5,993878E-3;8,550650E-2;9,369810E-1;;
02/12/2021  12:05:24,157458;9,420109E-1;1,369303E-1;1,392149E-1;9,372770E-1;;
02/12/2021  12:05:24,157558;9,412062E-1;1,229127E-1;1,152041E-1;9,375641E-1;;
02/12/2021  12:05:24,157658;9,403091E-1;1,079395E-1;1,199431E-1;9,378423E-1;;
02/12/2021  12:05:24,157758;9,408426E-1;1,388417E-1;1,733356E-1;9,381111E-1;;
02/12/2021  12:05:24,157858;9,417218E-1;1,404346E-1;1,161519E-1;9,383705E-1;;
02/12/2021  12:05:24,157958;9,415191E-1;1,388417E-1;1,401627E-1;9,386203E-1;;
02/12/2021  12:05:24,158058;9,414357E-1;1,302401E-1;1,306848E-1;9,388604E-1;;
02/12/2021  12:05:24,158158;9,404313E-1;1,181340E-1;1,249980E-1;9,390909E-1;;
02/12/2021  12:05:24,158258;9,417844E-1;1,222756E-1;1,341600E-1;9,393117E-1;;
02/12/2021  12:05:24,158358;9,427530E-1;1,331073E-1;1,057261E-1;9,395227E-1;;
02/12/2021  12:05:24,158458;9,426874E-1;9,296622E-2;7,128955E-2;9,397242E-1;;
02/12/2021  12:05:24,158558;9,421152E-1;1,219570E-1;1,161519E-1;9,399166E-1;;
02/12/2021  12:05:24,158658;9,411794E-1;1,219570E-1;1,218387E-1;9,400999E-1;;
02/12/2021  12:05:24,158758;9,417039E-1;1,401161E-1;1,509044E-1;9,402744E-1;;
02/12/2021  12:05:24,158858;9,428662E-1;1,318330E-1;1,196272E-1;9,404402E-1;;
02/12/2021  12:05:24,158958;9,424639E-1;1,168597E-1;1,221546E-1;9,405974E-1;;
02/12/2021  12:05:24,159058;9,417546E-1;1,146297E-1;1,221546E-1;9,407464E-1;;
02/12/2021  12:05:24,159158;9,411645E-1;1,117624E-1;1,114129E-1;9,408873E-1;;
02/12/2021  12:05:24,159258;9,415966E-1;7,894870E-2;1,120448E-1;9,410203E-1;;
02/12/2021  12:05:24,159358;9,422612E-1;1,471248E-1;1,727037E-1;9,411454E-1;;
02/12/2021  12:05:24,159458;9,419841E-1;1,190898E-1;1,189953E-1;9,412629E-1;;
02/12/2021  12:05:24,159558;9,410006E-1;1,257800E-1;1,414265E-1;9,413728E-1;;
02/12/2021  12:05:24,159658;9,399277E-1;1,292843E-1;1,351078E-1;9,414754E-1;;
02/12/2021  12:05:24,159758;9,405684E-1;1,270543E-1;1,303688E-1;9,415705E-1;;
02/12/2021  12:05:24,159858;9,410423E-1;1,069837E-1;1,186794E-1;9,416580E-1;;
02/12/2021  12:05:24,159958;9,408247E-1;1,155854E-1;1,193112E-1;9,417381E-1;;
02/12/2021  12:05:24,160058;9,403449E-1;1,331073E-1;1,341600E-1;9,418107E-1;;
02/12/2021  12:05:24,160158;9,397906E-1;1,589123E-1;1,979783E-1;9,418759E-1;;
02/12/2021  12:05:24,160258;9,405207E-1;1,197269E-1;1,126766E-1;9,419338E-1;;
02/12/2021  12:05:24,160358;9,408843E-1;1,260985E-1;1,294210E-1;9,419844E-1;;
02/12/2021  12:05:24,160458;9,411734E-1;1,458505E-1;1,761790E-1;9,420278E-1;;
02/12/2021  12:05:24,160558;9,402942E-1;1,251428E-1;1,278414E-1;9,420644E-1;;
02/12/2021  12:05:24,160658;9,393346E-1;1,162226E-1;1,272095E-1;9,420943E-1;;
02/12/2021  12:05:24,160758;9,396296E-1;9,965640E-2;1,249980E-1;9,421176E-1;;
02/12/2021  12:05:24,160858;9,404909E-1;1,267357E-1;1,297370E-1;9,421343E-1;;
02/12/2021  12:05:24,160958;9,400379E-1;1,496735E-1;1,433221E-1;9,421447E-1;;
02/12/2021  12:05:24,161058;9,391528E-1;1,280100E-1;1,275255E-1;9,421488E-1;;
02/12/2021  12:05:24,161158;9,397310E-1;9,838208E-2;1,196272E-1;9,421469E-1;;
02/12/2021  12:05:24,161258;9,399485E-1;1,168597E-1;1,202590E-1;9,421390E-1;;
02/12/2021  12:05:24,161358;9,406310E-1;1,372488E-1;1,395309E-1;9,421254E-1;;
02/12/2021  12:05:24,161458;9,404254E-1;9,296622E-2;8,329497E-2;9,421064E-1;;
02/12/2021  12:05:24,161558;9,390991E-1;1,586986E-2;7,950379E-2;9,420824E-1;;
02/12/2021  12:05:24,161658;9,397697E-1;1,260985E-1;1,231024E-1;9,420536E-1;;
02/12/2021  12:05:24,161758;9,403836E-1;1,283286E-1;1,281573E-1;9,420202E-1;;
02/12/2021  12:05:24,161858;9,408486E-1;1,407532E-1;1,401627E-1;9,419826E-1;;
02/12/2021  12:05:24,161958;9,405297E-1;-1,885536E-2;6,275939E-2;9,419412E-1;;
02/12/2021  12:05:24,162058;9,394955E-1;5,027650E-2;8,045158E-2;9,418964E-1;;
02/12/2021  12:05:24,162158;9,397786E-1;1,216384E-1;1,170997E-1;9,418486E-1;;
02/12/2021  12:05:24,162258;9,408039E-1;5,919674E-2;8,677022E-2;9,417979E-1;;
02/12/2021  12:05:24,162358;9,411824E-1;1,528593E-1;1,926074E-1;9,417447E-1;;
02/12/2021  12:05:24,162458;9,412688E-1;1,324701E-1;1,246821E-1;9,416895E-1;;
02/12/2021  12:05:24,162558;9,397488E-1;1,439390E-1;1,265777E-1;9,416328E-1;;
02/12/2021  12:05:24,162658;9,401899E-1;1,388417E-1;1,420583E-1;9,415750E-1;;
02/12/2021  12:05:24,162758;9,408337E-1;1,178155E-1;1,676488E-1;9,415162E-1;;
02/12/2021  12:05:24,162858;9,412151E-1;1,248242E-1;1,259458E-1;9,414568E-1;;
02/12/2021  12:05:24,162958;9,408724E-1;1,257800E-1;1,256299E-1;9,413971E-1;;
02/12/2021  12:05:24,163058;9,403360E-1;1,181340E-1;1,205749E-1;9,413376E-1;;
02/12/2021  12:05:24,163158;9,408337E-1;8,309024E-2;9,561632E-2;9,412784E-1;;
02/12/2021  12:05:24,163258;9,415042E-1;1,289658E-1;1,215227E-1;9,412199E-1;;
02/12/2021  12:05:24,163358;9,422851E-1;1,095324E-1;1,082536E-1;9,411624E-1;;
02/12/2021  12:05:24,163458;9,420586E-1;1,184526E-1;1,502726E-1;9,411063E-1;;
02/12/2021  12:05:24,163558;9,415251E-1;1,143111E-1;1,234183E-1;9,410521E-1;;
02/12/2021  12:05:24,163658;9,432060E-1;1,085766E-1;1,079377E-1;9,410002E-1;;
02/12/2021  12:05:24,163758;9,441716E-1;1,283286E-1;1,663851E-1;9,409510E-1;;
02/12/2021  12:05:24,163858;9,441239E-1;1,101695E-1;1,098333E-1;9,409053E-1;;
02/12/2021  12:05:24,163958;9,439481E-1;1,458505E-1;1,537478E-1;9,408635E-1;;
02/12/2021  12:05:24,164058;9,439540E-1;1,088952E-1;1,088855E-1;9,408264E-1;;
02/12/2021  12:05:24,164158;9,447855E-1;1,085766E-1;1,275255E-1;9,407944E-1;;
02/12/2021  12:05:24,164258;9,460701E-1;9,838208E-2;1,174156E-1;9,407680E-1;;
02/12/2021  12:05:24,164358;9,461446E-1;9,105474E-2;1,152041E-1;9,407477E-1;;
02/12/2021  12:05:24,164458;9,455247E-1;1,047537E-1;1,069899E-1;9,407343E-1;;
02/12/2021  12:05:24,164558;9,450389E-1;8,946184E-2;1,189953E-1;9,407282E-1;;
02/12/2021  12:05:24,164658;9,456707E-1;1,120810E-1;1,316326E-1;9,407296E-1;;
02/12/2021  12:05:24,164758;9,462817E-1;9,424054E-2;1,035146E-1;9,407387E-1;;
02/12/2021  12:05:24,164858;9,457363E-1;1,063466E-1;1,193112E-1;9,407558E-1;;
02/12/2021  12:05:24,164958;9,450299E-1;9,296622E-2;1,050943E-1;9,407811E-1;;
02/12/2021  12:05:24,165058;9,450717E-1;1,018865E-1;1,262617E-1;9,408143E-1;;
02/12/2021  12:05:24,165158;9,453160E-1;1,009307E-1;1,249980E-1;9,408554E-1;;
02/12/2021  12:05:24,165258;9,456349E-1;1,174969E-1;1,287892E-1;9,409042E-1;;
02/12/2021  12:05:24,165358;9,453846E-1;1,362931E-1;1,543797E-1;9,409604E-1;;
02/12/2021  12:05:24,165458;9,441805E-1;1,273729E-1;1,341600E-1;9,410238E-1;;
02/12/2021  12:05:24,165558;9,442938E-1;1,343816E-1;1,303688E-1;9,410939E-1;;
02/12/2021  12:05:24,165658;9,451938E-1;1,464877E-1;1,401627E-1;9,411703E-1;;
02/12/2021  12:05:24,165758;9,453965E-1;1,710183E-1;1,493248E-1;9,412524E-1;;
02/12/2021  12:05:24,165858;9,455515E-1;1,636910E-1;1,496407E-1;9,413399E-1;;
02/12/2021  12:05:24,165958;9,447677E-1;1,573194E-1;1,490088E-1;9,414326E-1;;
02/12/2021  12:05:24,166058;9,449346E-1;1,668768E-1;1,477451E-1;9,415298E-1;;
02/12/2021  12:05:24,166158;9,461267E-1;1,675139E-1;1,597505E-1;9,416314E-1;;
02/12/2021  12:05:24,166258;9,457154E-1;1,675139E-1;1,531159E-1;9,417368E-1;;
02/12/2021  12:05:24,166358;9,458227E-1;1,519035E-1;1,363715E-1;9,418458E-1;;
02/12/2021  12:05:24,166458;9,450061E-1;7,576290E-2;9,277293E-2;9,419581E-1;;
02/12/2021  12:05:24,166558;9,443385E-1;1,276914E-1;1,328963E-1;9,420732E-1;;
02/12/2021  12:05:24,166658;9,452386E-1;1,305587E-1;1,221546E-1;9,421907E-1;;
02/12/2021  12:05:24,166758;9,442908E-1;1,423461E-1;1,442698E-1;9,423100E-1;;
02/12/2021  12:05:24,166858;9,438110E-1;1,079395E-1;1,054102E-1;9,424305E-1;;
02/12/2021  12:05:24,166958;9,425295E-1;1,219570E-1;1,243661E-1;9,425516E-1;;
02/12/2021  12:05:24,167058;9,423894E-1;1,347002E-1;1,313166E-1;9,426725E-1;;
02/12/2021  12:05:24,167158;9,427828E-1;1,190898E-1;1,003553E-1;9,427924E-1;;
02/12/2021  12:05:24,167258;9,417725E-1;1,171783E-1;1,158360E-1;9,429103E-1;;
02/12/2021  12:05:24,167358;9,416234E-1;1,210013E-1;1,205749E-1;9,430256E-1;;
02/12/2021  12:05:24,167458;9,402704E-1;1,366117E-1;1,351078E-1;9,431373E-1;;
02/12/2021  12:05:24,167558;9,413075E-1;1,146297E-1;1,088855E-1;9,432446E-1;;
02/12/2021  12:05:24,167658;9,409052E-1;1,650702E-2;4,159195E-2;9,433467E-1;;
02/12/2021  12:05:24,167758;9,412032E-1;1,264171E-1;1,272095E-1;9,434429E-1;;
02/12/2021  12:05:24,167858;9,408068E-1;1,404346E-1;1,363715E-1;9,435326E-1;;
02/12/2021  12:05:24,167958;9,399873E-1;1,028422E-1;9,182514E-2;9,436154E-1;;
02/12/2021  12:05:24,168058;9,412241E-1;1,037979E-1;1,003553E-1;9,436907E-1;;
02/12/2021  12:05:24,168158;9,419572E-1;1,585937E-1;1,916596E-1;9,437582E-1;;
02/12/2021  12:05:24,168258;9,417248E-1;1,159040E-1;1,177316E-1;9,438178E-1;;
02/12/2021  12:05:24,168358;9,409499E-1;1,292843E-1;1,313166E-1;9,438695E-1;;
02/12/2021  12:05:24,168458;9,403062E-1;1,238685E-1;1,114129E-1;9,439132E-1;;
02/12/2021  12:05:24,168558;9,401631E-1;1,324701E-1;1,234183E-1;9,439488E-1;;
02/12/2021  12:05:24,168658;9,404790E-1;1,260985E-1;1,316326E-1;9,439762E-1;;
02/12/2021  12:05:24,168758;9,406787E-1;1,362931E-1;1,401627E-1;9,439953E-1;;
02/12/2021  12:05:24,168858;9,395790E-1;1,337445E-1;1,366875E-1;9,440060E-1;;
02/12/2021  12:05:24,168958;9,385806E-1;6,078964E-2;4,380347E-2;9,440085E-1;;
02/12/2021  12:05:24,169058;9,389799E-1;1,111253E-1;1,063580E-1;9,440024E-1;;
02/12/2021  12:05:24,169158;9,385955E-1;1,111253E-1;1,227865E-1;9,439877E-1;;
02/12/2021  12:05:24,169258;9,382438E-1;1,429833E-1;1,578549E-1;9,439643E-1;;
02/12/2021  12:05:24,169358;9,371441E-1;1,222756E-1;1,193112E-1;9,439321E-1;;
02/12/2021  12:05:24,169458;9,361278E-1;1,152668E-1;9,593225E-2;9,438908E-1;;
02/12/2021  12:05:24,169558;9,362440E-1;1,353374E-1;1,401627E-1;9,438401E-1;;
02/12/2021  12:05:24,169658;9,364198E-1;1,327887E-1;1,341600E-1;9,437799E-1;;
02/12/2021  12:05:24,169758;9,364437E-1;1,155854E-1;1,170997E-1;9,437099E-1;;
02/12/2021  12:05:24,169858;9,355019E-1;1,168597E-1;1,186794E-1;9,436300E-1;;
02/12/2021  12:05:24,169958;9,347330E-1;3,976336E-2;9,719598E-2;9,435403E-1;;
02/12/2021  12:05:24,170058;9,353320E-1;1,455319E-1;1,436380E-1;9,434405E-1;;
02/12/2021  12:05:24,170158;9,354989E-1;1,496735E-1;1,423743E-1;9,433308E-1;;
02/12/2021  12:05:24,170258;9,342889E-1;5,218798E-2;7,666040E-2;9,432111E-1;;
02/12/2021  12:05:24,170358;9,333859E-1;1,289658E-1;1,420583E-1;9,430815E-1;;
02/12/2021  12:05:24,170458;9,324143E-1;1,229127E-1;1,205749E-1;9,429421E-1;;
02/12/2021  12:05:24,170558;9,329746E-1;1,318330E-1;1,291051E-1;9,427926E-1;;
02/12/2021  12:05:24,170658;9,327481E-1;1,213198E-1;1,202590E-1;9,426331E-1;;
02/12/2021  12:05:24,170758;9,318212E-1;1,082581E-1;1,117289E-1;9,424635E-1;;
02/12/2021  12:05:24,170858;9,302953E-1;1,270543E-1;1,332122E-1;9,422840E-1;;
02/12/2021  12:05:24,170958;9,302387E-1;1,410718E-1;1,407946E-1;9,420943E-1;;
02/12/2021  12:05:24,171058;9,304175E-1;1,286472E-1;1,272095E-1;9,418943E-1;;
02/12/2021  12:05:24,171158;9,306798E-1;3,020596E-2;4,506720E-2;9,416841E-1;;
02/12/2021  12:05:24,171258;9,295592E-1;9,997498E-2;1,054102E-1;9,414638E-1;;
02/12/2021  12:05:24,171358;9,288439E-1;1,382046E-1;1,272095E-1;9,412334E-1;;
02/12/2021  12:05:24,171458;9,282359E-1;1,366117E-1;1,777586E-1;9,409931E-1;;
02/12/2021  12:05:24,171558;9,284386E-1;1,388417E-1;1,461654E-1;9,407429E-1;;
02/12/2021  12:05:24,171658;9,280124E-1;1,296029E-1;1,259458E-1;9,404829E-1;;
02/12/2021  12:05:24,171758;9,270557E-1;1,267357E-1;1,224705E-1;9,402133E-1;;
02/12/2021  12:05:24,171858;9,266385E-1;1,773899E-1;1,790224E-1;9,399343E-1;;
02/12/2021  12:05:24,171958;9,271213E-1;8,850610E-2;9,656411E-2;9,396459E-1;;
02/12/2021  12:05:24,172058;9,273687E-1;1,245056E-1;1,256299E-1;9,393484E-1;;
02/12/2021  12:05:24,172158;9,270230E-1;1,273729E-1;1,107811E-1;9,390423E-1;;
02/12/2021  12:05:24,172258;9,264150E-1;1,544522E-1;1,745993E-1;9,387279E-1;;
02/12/2021  12:05:24,172358;9,252199E-1;1,334259E-1;1,338441E-1;9,384058E-1;;
02/12/2021  12:05:24,172458;9,256073E-1;1,235499E-1;1,126766E-1;9,380763E-1;;
02/12/2021  12:05:24,172558;9,254404E-1;1,483991E-1;1,597505E-1;9,377397E-1;;
02/12/2021  12:05:24,172658;9,249338E-1;1,331073E-1;1,227865E-1;9,373966E-1;;
02/12/2021  12:05:24,172758;9,241112E-1;1,222756E-1;1,736515E-1;9,370472E-1;;
02/12/2021  12:05:24,172858;9,237029E-1;1,229127E-1;1,199431E-1;9,366920E-1;;
02/12/2021  12:05:24,172958;9,244510E-1;1,108067E-1;1,000394E-1;9,363313E-1;;
02/12/2021  12:05:24,173058;9,247043E-1;1,299215E-1;1,417424E-1;9,359655E-1;;
02/12/2021  12:05:24,173158;9,236880E-1;1,334259E-1;1,275255E-1;9,355953E-1;;
02/12/2021  12:05:24,173258;9,234526E-1;1,299215E-1;1,139404E-1;9,352211E-1;;
02/12/2021  12:05:24,173358;9,225823E-1;1,018865E-1;1,392149E-1;9,348435E-1;;
02/12/2021  12:05:24,173458;9,228625E-1;1,429833E-1;1,632258E-1;9,344629E-1;;
02/12/2021  12:05:24,173558;9,229847E-1;1,257800E-1;1,249980E-1;9,340797E-1;;
02/12/2021  12:05:24,173658;9,224184E-1;1,353374E-1;1,303688E-1;9,336944E-1;;
02/12/2021  12:05:24,173758;9,216376E-1;1,257800E-1;1,205749E-1;9,333074E-1;;
02/12/2021  12:05:24,173858;9,212710E-1;1,270543E-1;1,208909E-1;9,329192E-1;;
02/12/2021  12:05:24,173958;9,221502E-1;1,299215E-1;1,509044E-1;9,325301E-1;;
02/12/2021  12:05:24,174058;9,221591E-1;1,311958E-1;1,275255E-1;9,321406E-1;;
02/12/2021  12:05:24,174158;9,221472E-1;1,194084E-1;1,319485E-1;9,317511E-1;;
02/12/2021  12:05:24,174258;9,212710E-1;1,241871E-1;1,265777E-1;9,313623E-1;;
02/12/2021  12:05:24,174358;9,205170E-1;8,022302E-2;9,782784E-2;9,309747E-1;;
02/12/2021  12:05:24,174458;9,209014E-1;1,382046E-1;1,275255E-1;9,305886E-1;;
02/12/2021  12:05:24,174558;9,213574E-1;1,276914E-1;1,237343E-1;9,302044E-1;;
02/12/2021  12:05:24,174658;9,210564E-1;1,347002E-1;1,325804E-1;9,298225E-1;;
02/12/2021  12:05:24,174758;9,210504E-1;1,471248E-1;1,502726E-1;9,294435E-1;;
02/12/2021  12:05:24,174858;9,207047E-1;1,229127E-1;1,313166E-1;9,290678E-1;;
02/12/2021  12:05:24,174958;9,215511E-1;1,280100E-1;1,411105E-1;9,286959E-1;;
02/12/2021  12:05:24,175058;9,217985E-1;1,174969E-1;1,234183E-1;9,283283E-1;;
02/12/2021  12:05:24,175158;9,220012E-1;1,232313E-1;1,189953E-1;9,279655E-1;;
02/12/2021  12:05:24,175258;9,216227E-1;1,267357E-1;1,385831E-1;9,276084E-1;;
02/12/2021  12:05:24,175358;9,216852E-1;1,407532E-1;1,379512E-1;9,272573E-1;;
02/12/2021  12:05:24,175458;9,231217E-1;1,264171E-1;1,120448E-1;9,269130E-1;;
02/12/2021  12:05:24,175558;9,228744E-1;1,213198E-1;1,240502E-1;9,265761E-1;;
02/12/2021  12:05:24,175658;9,226449E-1;1,273729E-1;1,240502E-1;9,262473E-1;;
02/12/2021  12:05:24,175758;9,227373E-1;1,538150E-1;1,490088E-1;9,259272E-1;;
02/12/2021  12:05:24,175858;9,238638E-1;1,356559E-1;1,322644E-1;9,256165E-1;;
02/12/2021  12:05:24,175958;9,248503E-1;1,037979E-1;6,907803E-2;9,253157E-1;;
02/12/2021  12:05:24,176058;9,252288E-1;1,280100E-1;1,363715E-1;9,250256E-1;;
02/12/2021  12:05:24,176158;9,260603E-1;1,487177E-1;1,423743E-1;9,247472E-1;;
02/12/2021  12:05:24,176258;9,256192E-1;1,426647E-1;1,388990E-1;9,244812E-1;;
02/12/2021  12:05:24,176358;9,262689E-1;8,117876E-2;1,291051E-1;9,242285E-1;;
02/12/2021  12:05:24,176458;9,275475E-1;1,053908E-1;1,028828E-1;9,239897E-1;;
02/12/2021  12:05:24,176558;9,281078E-1;1,251428E-1;1,328963E-1;9,237656E-1;;
02/12/2021  12:05:24,176658;9,285310E-1;1,050723E-1;1,246821E-1;9,235572E-1;;
02/12/2021  12:05:24,176758;9,285429E-1;6,747982E-2;8,392683E-2;9,233650E-1;;
02/12/2021  12:05:24,176858;9,300241E-1;9,105474E-2;1,117289E-1;9,231899E-1;;
02/12/2021  12:05:24,176958;9,312848E-1;1,684697E-1;1,900800E-1;9,230325E-1;;
02/12/2021  12:05:24,177058;9,319852E-1;1,194084E-1;1,186794E-1;9,228938E-1;;
02/12/2021  12:05:24,177158;9,326468E-1;1,152668E-1;1,259458E-1;9,227744E-1;;
02/12/2021  12:05:24,177258;9,323637E-1;1,028422E-1;1,174156E-1;9,226752E-1;;
02/12/2021  12:05:24,177358;9,342442E-1;9,392196E-2;1,101492E-1;9,225969E-1;;
02/12/2021  12:05:24,177458;9,351711E-1;1,034794E-1;1,291051E-1;9,225401E-1;;
02/12/2021  12:05:24,177558;9,361874E-1;9,105474E-2;1,038306E-1;9,225055E-1;;
02/12/2021  12:05:24,177658;9,372275E-1;8,595746E-2;1,054102E-1;9,224938E-1;;
02/12/2021  12:05:24,177758;9,371470E-1;9,296622E-2;1,082536E-1;9,225056E-1;;
02/12/2021  12:05:24,177858;9,390693E-1;1,002936E-1;1,028828E-1;9,225415E-1;;
02/12/2021  12:05:24,177958;9,398919E-1;1,222756E-1;1,332122E-1;9,226022E-1;;
02/12/2021  12:05:24,178058;9,409022E-1;1,015679E-1;1,167838E-1;9,226880E-1;;
02/12/2021  12:05:24,178158;9,406280E-1;1,037979E-1;1,164678E-1;9,227996E-1;;
02/12/2021  12:05:24,178258;9,406996E-1;4,103768E-2;1,268936E-1;9,229373E-1;;
02/12/2021  12:05:24,178358;9,417665E-1;8,404598E-2;1,158360E-1;9,231010E-1;;
02/12/2021  12:05:24,178458;9,433788E-1;1,123996E-1;1,183634E-1;9,232909E-1;;
02/12/2021  12:05:24,178558;9,441627E-1;1,359745E-1;1,401627E-1;9,235068E-1;;
02/12/2021  12:05:24,178658;9,447230E-1;1,305587E-1;1,366875E-1;9,237490E-1;;
02/12/2021  12:05:24,178758;9,452266E-1;1,770713E-1;1,828136E-1;9,240173E-1;;
02/12/2021  12:05:24,178858;9,464068E-1;1,525407E-1;1,430061E-1;9,243115E-1;;
02/12/2021  12:05:24,178958;9,478880E-1;1,337445E-1;1,227865E-1;9,246316E-1;;
02/12/2021  12:05:24,179058;9,484245E-1;1,506292E-1;1,373193E-1;9,249773E-1;;
02/12/2021  12:05:24,179158;9,490384E-1;1,802571E-1;1,945030E-1;9,253485E-1;;
02/12/2021  12:05:24,179258;9,496852E-1;1,850358E-1;1,569071E-1;9,257449E-1;;
02/12/2021  12:05:24,179358;9,510382E-1;1,614609E-1;1,467973E-1;9,261662E-1;;
02/12/2021  12:05:24,179458;9,525582E-1;1,257800E-1;1,335282E-1;9,266120E-1;;
02/12/2021  12:05:24,179558;9,527131E-1;1,340630E-1;1,423743E-1;9,270820E-1;;
02/12/2021  12:05:24,179658;9,531989E-1;1,305587E-1;1,414265E-1;9,275758E-1;;
02/12/2021  12:05:24,179758;9,543106E-1;1,229127E-1;1,196272E-1;9,280931E-1;;
02/12/2021  12:05:24,179858;9,558276E-1;9,774492E-2;1,152041E-1;9,286331E-1;;
02/12/2021  12:05:24,179958;9,566412E-1;1,248242E-1;1,281573E-1;9,291955E-1;;
02/12/2021  12:05:24,180058;9,566531E-1;1,464877E-1;1,461654E-1;9,297798E-1;;
02/12/2021  12:05:24,180158;9,569154E-1;1,174969E-1;1,073058E-1;9,303854E-1;;
02/12/2021  12:05:24,180258;9,573922E-1;1,152668E-1;1,243661E-1;9,310114E-1;;
02/12/2021  12:05:24,180358;9,583757E-1;1,254614E-1;1,420583E-1;9,316571E-1;;
02/12/2021  12:05:24,180458;9,585039E-1;1,289658E-1;1,357397E-1;9,323215E-1;;
02/12/2021  12:05:24,180558;9,591774E-1;1,315144E-1;1,363715E-1;9,330036E-1;;
02/12/2021  12:05:24,180658;9,588377E-1;3,126658E-3;7,381701E-2;9,337024E-1;;
02/12/2021  12:05:24,180758;9,594248E-1;1,073023E-1;8,677022E-2;9,344166E-1;;
02/12/2021  12:05:24,180858;9,602950E-1;1,130368E-1;1,126766E-1;9,351451E-1;;
02/12/2021  12:05:24,180958;9,610341E-1;1,385232E-1;1,262617E-1;9,358866E-1;;
02/12/2021  12:05:24,181058;9,608971E-1;1,522221E-1;1,670170E-1;9,366399E-1;;
02/12/2021  12:05:24,181158;9,603099E-1;1,152668E-1;1,199431E-1;9,374037E-1;;
02/12/2021  12:05:24,181258;9,612040E-1;1,031608E-1;1,016190E-1;9,381766E-1;;
02/12/2021  12:05:24,181358;9,614812E-1;1,646467E-1;2,036651E-1;9,389573E-1;;
02/12/2021  12:05:24,181458;9,615944E-1;1,283286E-1;1,259458E-1;9,397443E-1;;
02/12/2021  12:05:24,181558;9,616093E-1;1,560451E-1;2,020854E-1;9,405362E-1;;
02/12/2021  12:05:24,181658;9,614395E-1;1,184526E-1;1,117289E-1;9,413315E-1;;
02/12/2021  12:05:24,181758;9,631174E-1;2,383436E-2;9,056141E-2;9,421288E-1;;
02/12/2021  12:05:24,181858;9,635287E-1;1,340630E-1;1,461654E-1;9,429267E-1;;
02/12/2021  12:05:24,181958;9,638624E-1;1,270543E-1;1,310007E-1;9,437241E-1;;
02/12/2021  12:05:24,182058;9,633975E-1;1,302401E-1;1,249980E-1;9,445197E-1;;
02/12/2021  12:05:24,182158;9,625630E-1;7,958586E-2;8,929768E-2;9,453126E-1;;
02/12/2021  12:05:24,182258;9,632783E-1;1,560451E-1;1,505885E-1;9,461012E-1;;
02/12/2021  12:05:24,182358;9,640800E-1;1,296029E-1;1,278414E-1;9,468844E-1;;
02/12/2021  12:05:24,182458;9,640621E-1;1,369303E-1;1,332122E-1;9,476609E-1;;
02/12/2021  12:05:24,182558;9,638058E-1;1,251428E-1;1,240502E-1;9,484297E-1;;
02/12/2021  12:05:24,182658;9,633737E-1;1,280100E-1;1,430061E-1;9,491897E-1;;
02/12/2021  12:05:24,182758;9,642499E-1;1,362931E-1;1,490088E-1;9,499397E-1;;
02/12/2021  12:05:24,182858;9,645181E-1;1,241871E-1;1,227865E-1;9,506787E-1;;
02/12/2021  12:05:24,182958;9,642052E-1;1,184526E-1;1,275255E-1;9,514058E-1;;
02/12/2021  12:05:24,183058;9,633558E-1;1,165411E-1;1,234183E-1;9,521200E-1;;
02/12/2021  12:05:24,183158;9,629326E-1;1,257800E-1;1,256299E-1;9,528204E-1;;
02/12/2021  12:05:24,183258;9,637760E-1;1,168597E-1;1,063580E-1;9,535060E-1;;
02/12/2021  12:05:24,183358;9,635614E-1;1,120810E-1;1,218387E-1;9,541757E-1;;
02/12/2021  12:05:24,183458;9,627061E-1;1,222756E-1;1,382671E-1;9,548288E-1;;
02/12/2021  12:05:24,183558;9,627270E-1;1,130368E-1;1,354238E-1;9,554644E-1;;
02/12/2021  12:05:24,183658;9,619849E-1;1,216384E-1;1,208909E-1;9,560815E-1;;
02/12/2021  12:05:24,183758;9,626405E-1;1,331073E-1;1,366875E-1;9,566794E-1;;
02/12/2021  12:05:24,183858;9,626942E-1;1,216384E-1;1,262617E-1;9,572573E-1;;
02/12/2021  12:05:24,183958;9,621696E-1;1,331073E-1;1,259458E-1;9,578146E-1;;
02/12/2021  12:05:24,184058;9,607838E-1;1,347002E-1;1,366875E-1;9,583506E-1;;
02/12/2021  12:05:24,184158;9,611683E-1;1,260985E-1;1,297370E-1;9,588647E-1;;
02/12/2021  12:05:24,184258;9,612219E-1;1,213198E-1;1,164678E-1;9,593564E-1;;
02/12/2021  12:05:24,184358;9,609000E-1;1,181340E-1;1,262617E-1;9,598249E-1;;
02/12/2021  12:05:24,184458;9,602771E-1;1,299215E-1;1,262617E-1;9,602700E-1;;
02/12/2021  12:05:24,184558;9,589390E-1;1,311958E-1;1,328963E-1;9,606912E-1;;
02/12/2021  12:05:24,184658;9,592579E-1;1,194084E-1;1,268936E-1;9,610880E-1;;
02/12/2021  12:05:24,184758;9,596572E-1;1,057094E-1;9,214107E-2;9,614600E-1;;
02/12/2021  12:05:24,184858;9,586112E-1;1,302401E-1;1,155200E-1;9,618068E-1;;
02/12/2021  12:05:24,184958;9,579823E-1;1,305587E-1;1,278414E-1;9,621284E-1;;
02/12/2021  12:05:24,185058;9,570912E-1;1,139925E-1;1,145722E-1;9,624243E-1;;
02/12/2021  12:05:24,185158;9,572223E-1;1,257800E-1;1,088855E-1;9,626945E-1;;
02/12/2021  12:05:24,185258;9,566650E-1;1,190898E-1;1,063580E-1;9,629386E-1;;
02/12/2021  12:05:24,185358;9,561107E-1;1,331073E-1;1,341600E-1;9,631565E-1;;
02/12/2021  12:05:24,185458;9,558514E-1;1,232313E-1;1,189953E-1;9,633482E-1;;
02/12/2021  12:05:24,185558;9,548232E-1;1,210013E-1;1,278414E-1;9,635136E-1;;
02/12/2021  12:05:24,185658;9,555146E-1;1,302401E-1;1,265777E-1;9,636528E-1;;
02/12/2021  12:05:24,185758;9,550139E-1;1,257800E-1;1,490088E-1;9,637658E-1;;
02/12/2021  12:05:24,185858;9,544238E-1;1,362931E-1;1,272095E-1;9,638530E-1;;
02/12/2021  12:05:24,185958;9,536817E-1;1,127182E-1;1,392149E-1;9,639145E-1;;
02/12/2021  12:05:24,186058;9,524688E-1;1,251428E-1;1,253139E-1;9,639507E-1;;
02/12/2021  12:05:24,186158;9,522780E-1;1,461691E-1;1,382671E-1;9,639618E-1;;
02/12/2021  12:05:24,186258;9,522661E-1;1,353374E-1;1,477451E-1;9,639479E-1;;
02/12/2021  12:05:24,186358;9,524747E-1;1,350188E-1;1,316326E-1;9,639095E-1;;
02/12/2021  12:05:24,186458;9,511008E-1;1,178155E-1;1,253139E-1;9,638469E-1;;
02/12/2021  12:05:24,186558;9,508862E-1;1,162226E-1;1,199431E-1;9,637607E-1;;
02/12/2021  12:05:24,186658;9,510084E-1;1,267357E-1;1,262617E-1;9,636514E-1;;
02/12/2021  12:05:24,186758;9,512617E-1;1,152668E-1;1,158360E-1;9,635194E-1;;
02/12/2021  12:05:24,186858;9,499653E-1;1,260985E-1;1,177316E-1;9,633656E-1;;
02/12/2021  12:05:24,186958;9,488984E-1;1,235499E-1;1,136244E-1;9,631906E-1;;
02/12/2021  12:05:24,187058;9,490951E-1;1,127182E-1;1,199431E-1;9,629950E-1;;
02/12/2021  12:05:24,187158;9,492858E-1;1,165411E-1;1,158360E-1;9,627795E-1;;
02/12/2021  12:05:24,187258;9,486957E-1;1,060280E-1;1,161519E-1;9,625449E-1;;
02/12/2021  12:05:24,187358;9,480073E-1;1,092138E-1;1,101492E-1;9,622918E-1;;
02/12/2021  12:05:24,187458;9,471400E-1;1,165411E-1;1,196272E-1;9,620210E-1;;
02/12/2021  12:05:24,187558;9,470953E-1;1,343816E-1;1,253139E-1;9,617334E-1;;
02/12/2021  12:05:24,187658;9,470834E-1;1,382046E-1;1,411105E-1;9,614295E-1;;
02/12/2021  12:05:24,187758;9,471042E-1;1,206827E-1;1,189953E-1;9,611102E-1;;
02/12/2021  12:05:24,187858;9,466035E-1;1,133553E-1;1,287892E-1;9,607764E-1;;
02/12/2021  12:05:24,187958;9,457452E-1;1,350188E-1;1,234183E-1;9,604289E-1;;
02/12/2021  12:05:24,188058;9,454859E-1;1,331073E-1;1,300529E-1;9,600685E-1;;
02/12/2021  12:05:24,188158;9,457035E-1;1,114439E-1;1,193112E-1;9,596962E-1;;
02/12/2021  12:05:24,188258;9,450180E-1;1,280100E-1;1,310007E-1;9,593127E-1;;
02/12/2021  12:05:24,188358;9,449375E-1;1,490363E-1;1,426902E-1;9,589188E-1;;
02/12/2021  12:05:24,188458;9,439719E-1;1,404346E-1;1,351078E-1;9,585155E-1;;
02/12/2021  12:05:24,188558;9,439093E-1;1,174969E-1;1,205749E-1;9,581034E-1;;
02/12/2021  12:05:24,188658;9,444845E-1;9,615202E-2;1,265777E-1;9,576835E-1;;
02/12/2021  12:05:24,188758;9,443355E-1;1,382046E-1;1,379512E-1;9,572564E-1;;
02/12/2021  12:05:24,188858;9,436620E-1;1,174969E-1;1,035146E-1;9,568233E-1;;
02/12/2021  12:05:24,188958;9,432030E-1;1,012493E-1;8,392683E-2;9,563848E-1;;
02/12/2021  12:05:24,189058;9,433222E-1;1,146297E-1;1,088855E-1;9,559420E-1;;
02/12/2021  12:05:24,189158;9,439421E-1;1,394789E-1;1,357397E-1;9,554956E-1;;
02/12/2021  12:05:24,189258;9,433312E-1;1,280100E-1;1,123607E-1;9,550464E-1;;
02/12/2021  12:05:24,189358;9,426695E-1;1,350188E-1;1,227865E-1;9,545955E-1;;
02/12/2021  12:05:24,189458;9,414148E-1;1,203641E-1;1,208909E-1;9,541435E-1;;
02/12/2021  12:05:24,189558;9,415936E-1;1,155854E-1;9,498445E-2;9,536912E-1;;
02/12/2021  12:05:24,189658;9,418529E-1;1,216384E-1;1,208909E-1;9,532390E-1;;
02/12/2021  12:05:24,189758;9,412777E-1;1,235499E-1;1,240502E-1;9,527875E-1;;
02/12/2021  12:05:24,189858;9,400171E-1;1,305587E-1;1,268936E-1;9,523374E-1;;
02/12/2021  12:05:24,189958;9,380978E-1;9,806350E-2;1,022509E-1;9,518889E-1;;
02/12/2021  12:05:24,190058;9,385299E-1;1,267357E-1;1,189953E-1;9,514422E-1;;
02/12/2021  12:05:24,190158;9,380441E-1;1,296029E-1;1,291051E-1;9,509973E-1;;
02/12/2021  12:05:24,190258;9,365510E-1;1,155854E-1;1,243661E-1;9,505542E-1;;
02/12/2021  12:05:24,190358;9,353678E-1;9,615202E-2;1,076217E-1;9,501129E-1;;
02/12/2021  12:05:24,190458;9,345423E-1;1,079395E-1;1,101492E-1;9,496731E-1;;
02/12/2021  12:05:24,190558;9,340475E-1;1,139925E-1;1,246821E-1;9,492344E-1;;
02/12/2021  12:05:24,190658;9,338091E-1;9,742634E-2;1,110970E-1;9,487964E-1;;
02/12/2021  12:05:24,190758;9,325097E-1;1,015679E-1;1,041465E-1;9,483587E-1;;
02/12/2021  12:05:24,190858;9,317616E-1;1,079395E-1;1,316326E-1;9,479210E-1;;
02/12/2021  12:05:24,190958;9,306291E-1;9,328480E-2;1,054102E-1;9,474828E-1;;
02/12/2021  12:05:24,191058;9,310851E-1;9,678918E-2;1,139404E-1;9,470435E-1;;
02/12/2021  12:05:24,191158;9,309927E-1;1,002936E-1;1,035146E-1;9,466027E-1;;
02/12/2021  12:05:24,191258;9,302506E-1;9,073616E-2;9,845971E-2;9,461603E-1;;
02/12/2021  12:05:24,191358;9,296754E-1;7,958586E-2;1,082536E-1;9,457159E-1;;
02/12/2021  12:05:24,191458;9,290525E-1;1,136739E-1;1,050943E-1;9,452693E-1;;
02/12/2021  12:05:24,191558;9,299943E-1;1,057094E-1;1,253139E-1;9,448206E-1;;
02/12/2021  12:05:24,191658;9,302417E-1;1,063466E-1;1,227865E-1;9,443695E-1;;
02/12/2021  12:05:24,191758;9,290227E-1;1,101695E-1;1,287892E-1;9,439164E-1;;
02/12/2021  12:05:24,191858;9,282419E-1;1,356559E-1;1,395309E-1;9,434613E-1;;
02/12/2021  12:05:24,191958;9,275505E-1;1,429833E-1;1,411105E-1;9,430045E-1;;
02/12/2021  12:05:24,192058;9,286144E-1;1,305587E-1;1,202590E-1;9,425459E-1;;
02/12/2021  12:05:24,192158;9,288231E-1;1,324701E-1;1,325804E-1;9,420858E-1;;
02/12/2021  12:05:24,192258;9,287158E-1;1,630538E-1;1,445858E-1;9,416247E-1;;
02/12/2021  12:05:24,192358;9,271452E-1;1,687883E-1;1,433221E-1;9,411628E-1;;
02/12/2021  12:05:24,192458;9,275922E-1;1,547707E-1;1,458495E-1;9,407007E-1;;
02/12/2021  12:05:24,192558;9,289482E-1;1,286472E-1;1,509044E-1;9,402386E-1;;
02/12/2021  12:05:24,192658;9,289542E-1;1,703812E-1;1,581709E-1;9,397772E-1;;
02/12/2021  12:05:24,192758;9,289214E-1;1,442576E-1;1,464814E-1;9,393172E-1;;
02/12/2021  12:05:24,192858;9,278217E-1;1,391603E-1;1,518522E-1;9,388593E-1;;
02/12/2021  12:05:24,192958;9,295890E-1;8,436456E-2;9,530039E-2;9,384043E-1;;
02/12/2021  12:05:24,193058;9,305576E-1;1,254614E-1;1,085695E-1;9,379529E-1;;
02/12/2021  12:05:24,193158;9,307990E-1;1,356559E-1;1,373193E-1;9,375060E-1;;
02/12/2021  12:05:24,193258;9,313176E-1;1,270543E-1;1,303688E-1;9,370649E-1;;
02/12/2021  12:05:24,193358;9,310911E-1;1,337445E-1;1,379512E-1;9,366307E-1;;
02/12/2021  12:05:24,193458;9,320686E-1;1,060280E-1;1,183634E-1;9,362044E-1;;
02/12/2021  12:05:24,193558;9,328405E-1;1,251428E-1;1,139404E-1;9,357872E-1;;
02/12/2021  12:05:24,193658;9,328882E-1;1,292843E-1;1,512204E-1;9,353802E-1;;
02/12/2021  12:05:24,193758;9,330819E-1;1,047537E-1;1,126766E-1;9,349846E-1;;
02/12/2021  12:05:24,193858;9,315381E-1;1,174969E-1;1,227865E-1;9,346015E-1;;
02/12/2021  12:05:24,193958;9,315411E-1;1,308772E-1;1,407946E-1;9,342317E-1;;
02/12/2021  12:05:24,194058;9,317318E-1;1,404346E-1;1,265777E-1;9,338756E-1;;
02/12/2021  12:05:24,194158;9,312460E-1;1,139925E-1;1,170997E-1;9,335337E-1;;
02/12/2021  12:05:24,194258;9,307305E-1;1,213198E-1;1,221546E-1;9,332064E-1;;
02/12/2021  12:05:24,194358;9,299675E-1;1,270543E-1;1,322644E-1;9,328937E-1;;
02/12/2021  12:05:24,194458;9,300331E-1;1,385232E-1;1,322644E-1;9,325958E-1;;
02/12/2021  12:05:24,194558;9,312729E-1;1,299215E-1;1,268936E-1;9,323124E-1;;
02/12/2021  12:05:24,194658;9,304354E-1;1,232313E-1;1,044624E-1;9,320435E-1;;
02/12/2021  12:05:24,194758;9,298632E-1;1,442576E-1;1,379512E-1;9,317890E-1;;
02/12/2021  12:05:24,194858;9,292433E-1;1,095324E-1;1,215227E-1;9,315487E-1;;
02/12/2021  12:05:24,194958;9,308377E-1;1,238685E-1;1,155200E-1;9,313223E-1;;
02/12/2021  12:05:24,195058;9,316841E-1;1,136739E-1;1,322644E-1;9,311095E-1;;
02/12/2021  12:05:24,195158;9,319375E-1;1,159040E-1;1,139404E-1;9,309103E-1;;
02/12/2021  12:05:24,195258;9,327094E-1;1,315144E-1;1,291051E-1;9,307247E-1;;
02/12/2021  12:05:24,195358;9,325425E-1;1,216384E-1;1,341600E-1;9,305529E-1;;
02/12/2021  12:05:24,195458;9,342293E-1;1,308772E-1;1,284732E-1;9,303949E-1;;
02/12/2021  12:05:24,195558;9,349863E-1;1,018865E-1;1,136244E-1;9,302511E-1;;
02/12/2021  12:05:24,195658;9,351234E-1;1,219570E-1;1,265777E-1;9,301217E-1;;
02/12/2021  12:05:24,195758;9,345244E-1;1,340630E-1;1,439539E-1;9,300072E-1;;
02/12/2021  12:05:24,195858;9,345244E-1;1,044351E-1;1,224705E-1;9,299077E-1;;
02/12/2021  12:05:24,195958;9,284148E-1;1,216384E-1;1,196272E-1;9,298231E-1;;
02/12/2021  12:05:24,196058;9,280452E-1;1,241871E-1;1,249980E-1;9,297526E-1;;
02/12/2021  12:05:24,196158;9,283671E-1;1,397975E-1;1,502726E-1;9,296949E-1;;
02/12/2021  12:05:24,196258;9,280303E-1;1,321516E-1;1,259458E-1;9,296485E-1;;
02/12/2021  12:05:24,196358;9,288409E-1;1,130368E-1;1,227865E-1;9,296122E-1;;
02/12/2021  12:05:24,196458;9,295771E-1;1,165411E-1;1,322644E-1;9,295848E-1;;
02/12/2021  12:05:24,196558;9,295890E-1;1,254614E-1;1,303688E-1;9,295653E-1;;
02/12/2021  12:05:24,196658;9,296248E-1;1,222756E-1;1,224705E-1;9,295529E-1;;
02/12/2021  12:05:24,196758;9,298304E-1;1,047537E-1;1,208909E-1;9,295469E-1;;
02/12/2021  12:05:24,196858;9,308974E-1;1,111253E-1;1,047783E-1;9,295466E-1;;
02/12/2021  12:05:24,196958;9,312967E-1;1,382046E-1;1,401627E-1;9,295516E-1;;
02/12/2021  12:05:24,197058;9,318958E-1;1,353374E-1;1,401627E-1;9,295615E-1;;
02/12/2021  12:05:24,197158;9,317348E-1;1,359745E-1;1,313166E-1;9,295762E-1;;
02/12/2021  12:05:24,197258;9,315441E-1;1,257800E-1;1,256299E-1;9,295955E-1;;
02/12/2021  12:05:24,197358;9,334962E-1;1,111253E-1;1,445858E-1;9,296192E-1;;
02/12/2021  12:05:24,197458;9,347121E-1;1,292843E-1;1,392149E-1;9,296473E-1;;
02/12/2021  12:05:24,197558;9,343247E-1;1,401161E-1;1,354238E-1;9,296802E-1;;
02/12/2021  12:05:24,197658;9,348075E-1;1,433019E-1;1,335282E-1;9,297181E-1;;
02/12/2021  12:05:24,197758;9,358178E-1;1,149482E-1;1,174156E-1;9,297612E-1;;
02/12/2021  12:05:24,197858;9,374928E-1;1,340630E-1;1,449017E-1;9,298101E-1;;
02/12/2021  12:05:24,197958;9,384345E-1;1,219570E-1;1,265777E-1;9,298653E-1;;
02/12/2021  12:05:24,198058;9,388488E-1;1,222756E-1;1,328963E-1;9,299274E-1;;
02/12/2021  12:05:24,198158;9,387147E-1;1,197269E-1;1,208909E-1;9,299972E-1;;
02/12/2021  12:05:24,198258;9,389829E-1;1,292843E-1;1,189953E-1;9,300753E-1;;
02/12/2021  12:05:24,198358;9,403479E-1;1,203641E-1;1,265777E-1;9,301623E-1;;
02/12/2021  12:05:24,198458;9,415311E-1;1,152668E-1;1,249980E-1;9,302587E-1;;
02/12/2021  12:05:24,198558;9,415907E-1;1,190898E-1;1,205749E-1;9,303651E-1;;
02/12/2021  12:05:24,198658;9,416920E-1;9,774492E-2;1,243661E-1;9,304822E-1;;
02/12/2021  12:05:24,198758;9,428513E-1;1,305587E-1;1,373193E-1;9,306106E-1;;
02/12/2021  12:05:24,198858;9,445322E-1;1,404346E-1;1,455336E-1;9,307506E-1;;
02/12/2021  12:05:24,198958;9,450866E-1;1,241871E-1;1,294210E-1;9,309028E-1;;
02/12/2021  12:05:24,199058;9,458197E-1;1,343816E-1;1,297370E-1;9,310681E-1;;
02/12/2021  12:05:24,199158;9,453011E-1;7,385142E-2;7,350108E-2;9,312468E-1;;
02/12/2021  12:05:24,199258;9,467138E-1;1,324701E-1;1,306848E-1;9,314396E-1;;
02/12/2021  12:05:24,199358;9,482874E-1;1,455319E-1;1,663851E-1;9,316467E-1;;
02/12/2021  12:05:24,199458;9,487851E-1;1,276914E-1;1,338441E-1;9,318687E-1;;
02/12/2021  12:05:24,199558;9,490802E-1;1,276914E-1;1,297370E-1;9,321060E-1;;
02/12/2021  12:05:24,199658;9,497567E-1;1,347002E-1;1,347919E-1;9,323590E-1;;
02/12/2021  12:05:24,199758;9,507491E-1;1,366117E-1;1,347919E-1;9,326279E-1;;
02/12/2021  12:05:24,199858;9,517237E-1;1,206827E-1;1,177316E-1;9,329132E-1;;
02/12/2021  12:05:24,199958;9,525641E-1;1,025236E-1;9,972343E-2;9,332150E-1;;
02/12/2021  12:05:24,200058;9,526237E-1;1,347002E-1;1,354238E-1;9,335335E-1;;
02/12/2021  12:05:24,200158;9,523257E-1;1,321516E-1;1,328963E-1;9,338689E-1;;
02/12/2021  12:05:24,200258;9,528085E-1;1,197269E-1;1,047783E-1;9,342211E-1;;
02/12/2021  12:05:24,200358;9,534225E-1;1,025236E-1;8,645429E-2;9,345898E-1;;
02/12/2021  12:05:24,200458;9,536877E-1;1,276914E-1;1,126766E-1;9,349746E-1;;
02/12/2021  12:05:24,200558;9,535923E-1;1,225942E-1;1,281573E-1;9,353753E-1;;
02/12/2021  12:05:24,200658;9,531811E-1;1,216384E-1;1,167838E-1;9,357912E-1;;
02/12/2021  12:05:24,200758;9,538874E-1;1,337445E-1;1,407946E-1;9,362216E-1;;
02/12/2021  12:05:24,200858;9,545281E-1;1,375674E-1;1,616461E-1;9,366658E-1;;
02/12/2021  12:05:24,200958;9,546056E-1;1,305587E-1;1,294210E-1;9,371229E-1;;
02/12/2021  12:05:24,201058;9,534195E-1;1,197269E-1;1,066739E-1;9,375921E-1;;
02/12/2021  12:05:24,201158;9,534582E-1;1,452133E-1;1,613302E-1;9,380723E-1;;
02/12/2021  12:05:24,201258;9,541646E-1;1,104881E-1;1,208909E-1;9,385624E-1;;
02/12/2021  12:05:24,201358;9,547725E-1;1,337445E-1;1,366875E-1;9,390612E-1;;
02/12/2021  12:05:24,201458;9,542540E-1;1,391603E-1;1,319485E-1;9,395677E-1;;
02/12/2021  12:05:24,201558;9,540573E-1;1,053908E-1;1,110970E-1;9,400806E-1;;
02/12/2021  12:05:24,201658;9,538844E-1;1,088952E-1;7,666040E-2;9,405987E-1;;
02/12/2021  12:05:24,201758;9,544238E-1;1,589123E-1;1,970305E-1;9,411208E-1;;
02/12/2021  12:05:24,201858;9,545311E-1;1,433019E-1;1,464814E-1;9,416456E-1;;
02/12/2021  12:05:24,201958;9,542927E-1;1,149482E-1;1,370034E-1;9,421720E-1;;
02/12/2021  12:05:24,202058;9,538784E-1;1,178155E-1;1,164678E-1;9,426988E-1;;
02/12/2021  12:05:24,202158;9,536102E-1;1,678325E-1;1,720719E-1;9,432247E-1;;
02/12/2021  12:05:24,202258;9,543493E-1;1,362931E-1;1,224705E-1;9,437485E-1;;
02/12/2021  12:05:24,202358;9,541884E-1;1,327887E-1;1,300529E-1;9,442690E-1;;
02/12/2021  12:05:24,202458;9,540275E-1;1,362931E-1;1,455336E-1;9,447850E-1;;
02/12/2021  12:05:24,202558;9,539559E-1;1,439390E-1;1,445858E-1;9,452956E-1;;
02/12/2021  12:05:24,202658;9,539380E-1;1,219570E-1;1,287892E-1;9,457997E-1;;
02/12/2021  12:05:24,202758;9,546176E-1;1,681511E-1;1,869207E-1;9,462962E-1;;
02/12/2021  12:05:24,202858;9,545639E-1;1,296029E-1;1,268936E-1;9,467843E-1;;
02/12/2021  12:05:24,202958;9,543642E-1;1,331073E-1;1,148882E-1;9,472633E-1;;
02/12/2021  12:05:24,203058;9,535506E-1;1,630538E-1;1,790224E-1;9,477323E-1;;
02/12/2021  12:05:24,203158;9,542838E-1;1,429833E-1;1,401627E-1;9,481906E-1;;
02/12/2021  12:05:24,203258;9,552404E-1;7,767438E-2;9,814378E-2;9,486375E-1;;
02/12/2021  12:05:24,203358;9,551689E-1;1,165411E-1;1,177316E-1;9,490725E-1;;
02/12/2021  12:05:24,203458;9,543791E-1;1,232313E-1;1,174156E-1;9,494952E-1;;
02/12/2021  12:05:24,203558;9,546414E-1;1,305587E-1;1,325804E-1;9,499052E-1;;
02/12/2021  12:05:24,203658;9,549066E-1;1,350188E-1;1,287892E-1;9,503021E-1;;
02/12/2021  12:05:24,203758;9,556279E-1;6,811698E-2;7,855599E-2;9,506856E-1;;
02/12/2021  12:05:24,203858;9,556279E-1;1,369303E-1;1,565912E-1;9,510556E-1;;
02/12/2021  12:05:24,203958;9,546593E-1;1,547707E-1;1,531159E-1;9,514119E-1;;
02/12/2021  12:05:24,204058;9,540513E-1;1,378860E-1;1,281573E-1;9,517545E-1;;
02/12/2021  12:05:24,204158;9,542659E-1;1,407532E-1;1,423743E-1;9,520831E-1;;
02/12/2021  12:05:24,204258;9,545967E-1;1,254614E-1;1,237343E-1;9,523974E-1;;
02/12/2021  12:05:24,204358;9,541735E-1;1,375674E-1;1,392149E-1;9,526973E-1;;
02/12/2021  12:05:24,204458;9,534046E-1;1,324701E-1;1,272095E-1;9,529827E-1;;
02/12/2021  12:05:24,204558;9,530350E-1;1,334259E-1;1,243661E-1;9,532534E-1;;
02/12/2021  12:05:24,204658;9,538814E-1;2,325043E-1;1,837613E-1;9,535092E-1;;
02/12/2021  12:05:24,204758;9,540811E-1;1,197269E-1;1,227865E-1;9,537500E-1;;
02/12/2021  12:05:24,204858;9,541079E-1;1,417090E-1;1,363715E-1;9,539758E-1;;
02/12/2021  12:05:24,204958;9,533062E-1;1,235499E-1;1,360556E-1;9,541868E-1;;
02/12/2021  12:05:24,205058;9,533658E-1;1,203641E-1;1,246821E-1;9,543830E-1;;
02/12/2021  12:05:24,205158;9,541914E-1;1,292843E-1;1,287892E-1;9,545646E-1;;
02/12/2021  12:05:24,205258;9,544328E-1;1,436204E-1;1,534319E-1;9,547318E-1;;
02/12/2021  12:05:24,205358;9,538457E-1;1,531778E-1;1,439539E-1;9,548849E-1;;
02/12/2021  12:05:24,205458;9,534523E-1;1,257800E-1;1,417424E-1;9,550243E-1;;
02/12/2021  12:05:24,205558;9,530887E-1;1,369303E-1;1,325804E-1;9,551503E-1;;
02/12/2021  12:05:24,205658;9,541049E-1;1,060280E-1;1,129926E-1;9,552631E-1;;
02/12/2021  12:05:24,205758;9,546384E-1;1,327887E-1;1,297370E-1;9,553631E-1;;
02/12/2021  12:05:24,205858;9,538695E-1;1,321516E-1;1,275255E-1;9,554509E-1;;
02/12/2021  12:05:24,205958;9,535059E-1;1,280100E-1;1,161519E-1;9,555268E-1;;
02/12/2021  12:05:24,206058;9,531155E-1;4,103768E-2;7,286922E-2;9,555914E-1;;
02/12/2021  12:05:24,206158;9,534940E-1;1,509478E-1;1,667010E-1;9,556449E-1;;
02/12/2021  12:05:24,206258;9,533897E-1;1,260985E-1;1,275255E-1;9,556878E-1;;
02/12/2021  12:05:24,206358;9,528443E-1;1,085766E-1;1,221546E-1;9,557205E-1;;
02/12/2021  12:05:24,206458;9,520843E-1;1,022050E-1;1,092014E-1;9,557433E-1;;
02/12/2021  12:05:24,206558;9,519412E-1;1,123996E-1;1,347919E-1;9,557564E-1;;
02/12/2021  12:05:24,206658;9,527489E-1;1,222756E-1;1,272095E-1;9,557601E-1;;
02/12/2021  12:05:24,206758;9,522631E-1;1,098510E-1;1,180475E-1;9,557547E-1;;
02/12/2021  12:05:24,206858;9,523078E-1;1,047537E-1;1,148882E-1;9,557404E-1;;
02/12/2021  12:05:24,206958;9,519174E-1;1,187712E-1;1,281573E-1;9,557177E-1;;
02/12/2021  12:05:24,207058;9,509965E-1;1,149482E-1;1,092014E-1;9,556868E-1;;
02/12/2021  12:05:24,207158;9,514078E-1;1,165411E-1;1,249980E-1;9,556479E-1;;
02/12/2021  12:05:24,207258;9,512200E-1;1,085766E-1;1,205749E-1;9,556013E-1;;
02/12/2021  12:05:24,207358;9,500368E-1;1,047537E-1;1,148882E-1;9,555472E-1;;
02/12/2021  12:05:24,207458;9,491666E-1;7,926728E-2;9,877564E-2;9,554857E-1;;
02/12/2021  12:05:24,207558;9,489639E-1;9,041758E-2;1,013031E-1;9,554167E-1;;
02/12/2021  12:05:24,207658;9,489133E-1;8,022302E-2;1,180475E-1;9,553403E-1;;
02/12/2021  12:05:24,207758;9,482338E-1;9,360338E-2;1,066739E-1;9,552562E-1;;
02/12/2021  12:05:24,207858;9,466512E-1;1,025236E-1;1,158360E-1;9,551645E-1;;
02/12/2021  12:05:24,207958;9,451521E-1;9,105474E-2;1,208909E-1;9,550649E-1;;
02/12/2021  12:05:24,208058;9,447230E-1;1,006121E-1;1,050943E-1;9,549570E-1;;
02/12/2021  12:05:24,208158;9,445978E-1;1,047537E-1;1,265777E-1;9,548401E-1;;
02/12/2021  12:05:24,208258;9,438170E-1;1,123996E-1;1,297370E-1;9,547139E-1;;
02/12/2021  12:05:24,208358;9,422165E-1;1,264171E-1;1,297370E-1;9,545779E-1;;
02/12/2021  12:05:24,208458;9,416324E-1;1,264171E-1;1,328963E-1;9,544316E-1;;
02/12/2021  12:05:24,208558;9,410930E-1;1,181340E-1;1,310007E-1;9,542742E-1;;
02/12/2021  12:05:24,208658;9,412241E-1;1,302401E-1;1,189953E-1;9,541054E-1;;
02/12/2021  12:05:24,208758;9,405923E-1;1,442576E-1;1,313166E-1;9,539246E-1;;
02/12/2021  12:05:24,208858;9,393167E-1;1,687883E-1;1,521681E-1;9,537316E-1;;
02/12/2021  12:05:24,208958;9,386342E-1;1,445762E-1;1,284732E-1;9,535259E-1;;
02/12/2021  12:05:24,209058;9,391558E-1;1,675139E-1;1,449017E-1;9,533073E-1;;
02/12/2021  12:05:24,209158;9,387445E-1;1,531778E-1;1,221546E-1;9,530754E-1;;
02/12/2021  12:05:24,209258;9,383213E-1;1,200455E-1;1,145722E-1;9,528303E-1;;
02/12/2021  12:05:24,209358;9,378772E-1;1,598680E-1;1,550115E-1;9,525720E-1;;
02/12/2021  12:05:24,209458;9,367387E-1;1,442576E-1;1,300529E-1;9,523004E-1;;
02/12/2021  12:05:24,209558;9,375583E-1;5,919674E-2;1,202590E-1;9,520158E-1;;
02/12/2021  12:05:24,209658;9,375017E-1;1,257800E-1;1,496407E-1;9,517182E-1;;
02/12/2021  12:05:24,209758;9,363185E-1;1,270543E-1;1,259458E-1;9,514080E-1;;
02/12/2021  12:05:24,209858;9,356748E-1;1,248242E-1;1,328963E-1;9,510856E-1;;
02/12/2021  12:05:24,209958;9,346794E-1;1,200455E-1;1,572231E-1;9,507513E-1;;
02/12/2021  12:05:24,210058;9,349357E-1;1,184526E-1;1,212068E-1;9,504052E-1;;
02/12/2021  12:05:24,210158;9,353767E-1;1,200455E-1;1,246821E-1;9,500478E-1;;
02/12/2021  12:05:24,210258;9,343247E-1;1,356559E-1;1,360556E-1;9,496794E-1;;
02/12/2021  12:05:24,210358;9,331832E-1;1,002936E-1;1,158360E-1;9,493006E-1;;
02/12/2021  12:05:24,210458;9,333770E-1;5,855958E-2;5,644075E-2;9,489118E-1;;
02/12/2021  12:05:24,210558;9,335468E-1;1,433019E-1;1,578549E-1;9,485133E-1;;
02/12/2021  12:05:24,210658;9,341638E-1;1,206827E-1;1,281573E-1;9,481057E-1;;
02/12/2021  12:05:24,210758;9,332458E-1;1,194084E-1;1,265777E-1;9,476897E-1;;
02/12/2021  12:05:24,210858;9,325663E-1;1,241871E-1;1,262617E-1;9,472661E-1;;
02/12/2021  12:05:24,210958;9,324829E-1;1,362931E-1;1,452176E-1;9,468355E-1;;
02/12/2021  12:05:24,211058;9,332458E-1;1,136739E-1;1,193112E-1;9,463986E-1;;
02/12/2021  12:05:24,211158;9,329389E-1;1,222756E-1;1,253139E-1;9,459562E-1;;
02/12/2021  12:05:24,211258;9,322474E-1;1,598680E-1;1,610142E-1;9,455091E-1;;
02/12/2021  12:05:24,211358;9,322951E-1;1,359745E-1;1,360556E-1;9,450581E-1;;
02/12/2021  12:05:24,211458;9,315024E-1;1,133553E-1;1,133085E-1;9,446040E-1;;
02/12/2021  12:05:24,211558;9,326527E-1;1,283286E-1;1,278414E-1;9,441475E-1;;
02/12/2021  12:05:24,211658;9,316841E-1;1,353374E-1;1,306848E-1;9,436895E-1;;
02/12/2021  12:05:24,211758;9,312848E-1;1,041165E-1;1,174156E-1;9,432307E-1;;
02/12/2021  12:05:24,211858;9,299615E-1;9,678918E-2;1,297370E-1;9,427719E-1;;
02/12/2021  12:05:24,211958;9,299675E-1;1,088952E-1;1,082536E-1;9,423135E-1;;
02/12/2021  12:05:24,212058;9,303222E-1;1,057094E-1;1,069899E-1;9,418560E-1;;
02/12/2021  12:05:24,212158;9,293565E-1;1,190898E-1;1,215227E-1;9,414000E-1;;
02/12/2021  12:05:24,212258;9,291211E-1;6,047106E-2;9,308886E-2;9,409458E-1;;
02/12/2021  12:05:24,212358;9,283552E-1;1,041165E-1;1,196272E-1;9,404938E-1;;
02/12/2021  12:05:24,212458;9,287188E-1;1,044351E-1;1,142563E-1;9,400444E-1;;
02/12/2021  12:05:24,212558;9,289125E-1;4,103768E-2;7,413294E-2;9,395978E-1;;
02/12/2021  12:05:24,212658;9,286264E-1;1,299215E-1;1,057261E-1;9,391545E-1;;
02/12/2021  12:05:24,212758;9,280333E-1;1,251428E-1;1,268936E-1;9,387148E-1;;
02/12/2021  12:05:24,212858;9,267935E-1;1,127182E-1;1,076217E-1;9,382792E-1;;
02/12/2021  12:05:24,212958;9,269842E-1;1,143111E-1;9,751191E-2;9,378477E-1;;
02/12/2021  12:05:24,213058;9,275892E-1;1,366117E-1;1,512204E-1;9,374206E-1;;
02/12/2021  12:05:24,213158;9,275147E-1;1,267357E-1;1,256299E-1;9,369981E-1;;
02/12/2021  12:05:24,213258;9,267398E-1;1,203641E-1;1,234183E-1;9,365805E-1;;
02/12/2021  12:05:24,213358;9,266355E-1;1,098510E-1;1,218387E-1;9,361680E-1;;
02/12/2021  12:05:24,213458;9,273031E-1;1,092138E-1;1,170997E-1;9,357609E-1;;
02/12/2021  12:05:24,213558;9,276041E-1;1,229127E-1;1,246821E-1;9,353595E-1;;
02/12/2021  12:05:24,213658;9,275654E-1;1,315144E-1;1,193112E-1;9,349642E-1;;
02/12/2021  12:05:24,213758;9,268263E-1;1,410718E-1;1,528000E-1;9,345753E-1;;
02/12/2021  12:05:24,213858;9,263822E-1;9,551486E-2;1,101492E-1;9,341933E-1;;
02/12/2021  12:05:24,213958;9,271004E-1;1,302401E-1;1,246821E-1;9,338184E-1;;
02/12/2021  12:05:24,214058;9,272226E-1;1,280100E-1;1,486929E-1;9,334509E-1;;
02/12/2021  12:05:24,214158;9,264716E-1;1,216384E-1;1,240502E-1;9,330910E-1;;
02/12/2021  12:05:24,214258;9,262093E-1;1,206827E-1;1,328963E-1;9,327391E-1;;
02/12/2021  12:05:24,214358;9,255358E-1;1,299215E-1;1,215227E-1;9,323952E-1;;
02/12/2021  12:05:24,214458;9,265640E-1;1,302401E-1;1,354238E-1;9,320595E-1;;
02/12/2021  12:05:24,214558;9,261706E-1;1,063466E-1;1,129926E-1;9,317320E-1;;
02/12/2021  12:05:24,214658;9,257802E-1;1,264171E-1;1,303688E-1;9,314128E-1;;
02/12/2021  12:05:24,214758;9,251573E-1;1,143111E-1;1,139404E-1;9,311021E-1;;
02/12/2021  12:05:24,214858;9,249010E-1;1,332122E-2;9,530039E-2;9,307998E-1;;
02/12/2021  12:05:24,214958;9,254702E-1;1,219570E-1;1,256299E-1;9,305058E-1;;
02/12/2021  12:05:24,215058;9,254851E-1;1,194084E-1;1,221546E-1;9,302201E-1;;
02/12/2021  12:05:24,215158;9,249189E-1;1,327887E-1;1,373193E-1;9,299425E-1;;
02/12/2021  12:05:24,215258;9,250619E-1;1,270543E-1;1,174156E-1;9,296731E-1;;
02/12/2021  12:05:24,215358;9,246417E-1;1,366117E-1;1,227865E-1;9,294118E-1;;
02/12/2021  12:05:24,215458;9,254672E-1;1,009307E-1;1,275255E-1;9,291585E-1;;
02/12/2021  12:05:24,215558;9,255775E-1;1,187712E-1;1,237343E-1;9,289132E-1;;
02/12/2021  12:05:24,215658;9,255209E-1;1,210013E-1;1,262617E-1;9,286758E-1;;
02/12/2021  12:05:24,215758;9,248891E-1;1,267357E-1;1,199431E-1;9,284465E-1;;
02/12/2021  12:05:24,215858;9,244182E-1;1,178155E-1;1,044624E-1;9,282251E-1;;
02/12/2021  12:05:24,215958;9,255149E-1;1,143111E-1;1,050943E-1;9,280117E-1;;
02/12/2021  12:05:24,216058;9,252914E-1;1,225942E-1;1,284732E-1;9,278060E-1;;
02/12/2021  12:05:24,216158;9,250470E-1;1,401161E-1;1,426902E-1;9,276082E-1;;
02/12/2021  12:05:24,216258;9,251662E-1;1,659210E-1;1,847091E-1;9,274180E-1;;
02/12/2021  12:05:24,216358;9,250500E-1;1,146297E-1;1,218387E-1;9,272356E-1;;
02/12/2021  12:05:24,216458;9,259590E-1;1,241871E-1;1,148882E-1;9,270608E-1;;
02/12/2021  12:05:24,216558;9,264090E-1;1,407532E-1;1,493248E-1;9,268937E-1;;
02/12/2021  12:05:24,216658;9,263047E-1;1,111253E-1;1,057261E-1;9,267344E-1;;
02/12/2021  12:05:24,216758;9,255924E-1;1,324701E-1;1,240502E-1;9,265830E-1;;
02/12/2021  12:05:24,216858;9,266862E-1;1,302401E-1;1,281573E-1;9,264395E-1;;
02/12/2021  12:05:24,216958;9,275117E-1;1,305587E-1;1,278414E-1;9,263041E-1;;
02/12/2021  12:05:24,217058;9,273955E-1;1,123996E-1;1,370034E-1;9,261770E-1;;
02/12/2021  12:05:24,217158;9,272882E-1;1,356559E-1;1,291051E-1;9,260583E-1;;
02/12/2021  12:05:24,217258;9,274134E-1;1,327887E-1;1,379512E-1;9,259482E-1;;
02/12/2021  12:05:24,217358;9,282002E-1;1,149482E-1;1,189953E-1;9,258469E-1;;
02/12/2021  12:05:24,217458;9,300271E-1;1,385232E-1;1,155200E-1;9,257546E-1;;
02/12/2021  12:05:24,217558;9,291449E-1;9,551486E-2;6,686651E-2;9,256717E-1;;
02/12/2021  12:05:24,217658;9,290943E-1;1,280100E-1;1,294210E-1;9,255984E-1;;
02/12/2021  12:05:24,217758;9,289512E-1;1,197269E-1;1,205749E-1;9,255351E-1;;
02/12/2021  12:05:24,217858;9,299317E-1;1,060280E-1;8,961361E-2;9,254818E-1;;
02/12/2021  12:05:24,217958;9,307990E-1;1,420275E-1;1,509044E-1;9,254387E-1;;
02/12/2021  12:05:24,218058;9,304950E-1;1,152668E-1;1,142563E-1;9,254061E-1;;
02/12/2021  12:05:24,218158;9,305189E-1;1,203641E-1;1,231024E-1;9,253841E-1;;
02/12/2021  12:05:24,218258;9,307424E-1;1,232313E-1;1,158360E-1;9,253728E-1;;
02/12/2021  12:05:24,218358;9,312878E-1;1,353374E-1;1,594346E-1;9,253724E-1;;
02/12/2021  12:05:24,218458;9,328018E-1;1,366117E-1;1,648054E-1;9,253828E-1;;
02/12/2021  12:05:24,218558;9,323845E-1;1,321516E-1;1,281573E-1;9,254043E-1;;
02/12/2021  12:05:24,218658;9,319196E-1;2,797590E-2;6,465498E-2;9,254370E-1;;
02/12/2021  12:05:24,218758;9,318570E-1;1,327887E-1;1,467973E-1;9,254809E-1;;
02/12/2021  12:05:24,218858;9,327004E-1;1,331073E-1;1,335282E-1;9,255359E-1;;
02/12/2021  12:05:24,218958;9,337108E-1;1,238685E-1;1,316326E-1;9,256019E-1;;
02/12/2021  12:05:24,219058;9,330461E-1;1,362931E-1;1,256299E-1;9,256789E-1;;
02/12/2021  12:05:24,219158;9,324680E-1;1,222756E-1;1,237343E-1;9,257667E-1;;
02/12/2021  12:05:24,219258;9,327511E-1;1,624167E-1;1,894481E-1;9,258651E-1;;
02/12/2021  12:05:24,219358;9,345631E-1;1,417090E-1;1,376353E-1;9,259737E-1;;
02/12/2021  12:05:24,219458;9,350280E-1;1,283286E-1;1,218387E-1;9,260924E-1;;
02/12/2021  12:05:24,219558;9,353499E-1;1,474434E-1;1,657532E-1;9,262210E-1;;
02/12/2021  12:05:24,219658;9,345065E-1;1,372488E-1;1,306848E-1;9,263595E-1;;
02/12/2021  12:05:24,219758;9,342710E-1;1,296029E-1;1,316326E-1;9,265078E-1;;
02/12/2021  12:05:24,219858;9,362231E-1;1,037979E-1;1,268936E-1;9,266655E-1;;
02/12/2021  12:05:24,219958;9,369623E-1;1,219570E-1;1,231024E-1;9,268323E-1;;
02/12/2021  12:05:24,220058;9,368967E-1;1,506292E-1;1,499566E-1;9,270082E-1;;
02/12/2021  12:05:24,220158;9,365629E-1;1,117624E-1;1,107811E-1;9,271931E-1;;
02/12/2021  12:05:24,220258;9,374182E-1;8,595746E-2;1,114129E-1;9,273869E-1;;
02/12/2021  12:05:24,220358;9,388786E-1;1,025236E-1;1,155200E-1;9,275893E-1;;
02/12/2021  12:05:24,220458;9,398561E-1;1,095324E-1;1,167838E-1;9,278004E-1;;
02/12/2021  12:05:24,220558;9,393882E-1;8,946184E-2;8,234717E-2;9,280202E-1;;
02/12/2021  12:05:24,220658;9,400439E-1;1,057094E-1;8,613836E-2;9,282488E-1;;
02/12/2021  12:05:24,220758;9,411466E-1;1,222756E-1;1,297370E-1;9,284862E-1;;
02/12/2021  12:05:24,220858;9,422553E-1;9,647060E-2;1,136244E-1;9,287324E-1;;
02/12/2021  12:05:24,220958;9,426815E-1;1,136739E-1;1,231024E-1;9,289876E-1;;
02/12/2021  12:05:24,221058;9,429229E-1;5,632952E-2;7,255328E-2;9,292521E-1;;
02/12/2021  12:05:24,221158;9,431494E-1;9,169190E-2;8,550650E-2;9,295259E-1;;
02/12/2021  12:05:24,221258;9,445561E-1;1,063466E-1;1,167838E-1;9,298091E-1;;
02/12/2021  12:05:24,221358;9,460254E-1;1,088952E-1;1,193112E-1;9,301018E-1;;
02/12/2021  12:05:24,221458;9,467138E-1;1,359745E-1;1,834454E-1;9,304044E-1;;
02/12/2021  12:05:24,221558;9,460999E-1;8,723178E-2;1,013031E-1;9,307171E-1;;
02/12/2021  12:05:24,221658;9,459568E-1;1,012493E-1;1,057261E-1;9,310400E-1;;
02/12/2021  12:05:24,221758;9,470476E-1;1,098510E-1;1,404787E-1;9,313732E-1;;
02/12/2021  12:05:24,221858;9,479089E-1;-2,299690E-2;6,907803E-2;9,317165E-1;;
02/12/2021  12:05:24,221958;9,479447E-1;1,060280E-1;1,221546E-1;9,320699E-1;;
02/12/2021  12:05:24,222058;9,480192E-1;1,181340E-1;1,227865E-1;9,324333E-1;;
02/12/2021  12:05:24,222158;9,471102E-1;1,436204E-1;1,471132E-1;9,328064E-1;;
02/12/2021  12:05:24,222258;9,487344E-1;1,082581E-1;1,262617E-1;9,331889E-1;;
02/12/2021  12:05:24,222358;9,499146E-1;1,560451E-1;1,411105E-1;9,335804E-1;;
02/12/2021  12:05:24,222458;9,493216E-1;1,477620E-1;1,284732E-1;9,339805E-1;;
02/12/2021  12:05:24,222558;9,488507E-1;1,614609E-1;1,682807E-1;9,343889E-1;;
02/12/2021  12:05:24,222658;9,484573E-1;1,748413E-1;1,597505E-1;9,348051E-1;;
02/12/2021  12:05:24,222758;9,493275E-1;1,815315E-1;1,540637E-1;9,352284E-1;;
02/12/2021  12:05:24,222858;9,502127E-1;1,974605E-1;2,024013E-1;9,356580E-1;;
02/12/2021  12:05:24,222958;9,496673E-1;1,557265E-1;1,430061E-1;9,360934E-1;;
02/12/2021  12:05:24,223058;9,492500E-1;1,694254E-1;1,755471E-1;9,365339E-1;;
02/12/2021  12:05:24,223158;9,498550E-1;1,703812E-1;1,651214E-1;9,369786E-1;;
02/12/2021  12:05:24,223258;9,511276E-1;1,382046E-1;1,316326E-1;9,374269E-1;;
02/12/2021  12:05:24,223358;9,518518E-1;1,245056E-1;1,316326E-1;9,378781E-1;;
02/12/2021  12:05:24,223458;9,507998E-1;1,318330E-1;1,328963E-1;9,383316E-1;;
02/12/2021  12:05:24,223558;9,503587E-1;1,512664E-1;1,430061E-1;9,387869E-1;;
02/12/2021  12:05:24,223658;9,506657E-1;1,573194E-1;1,591187E-1;9,392432E-1;;
02/12/2021  12:05:24,223758;9,514316E-1;1,681511E-1;2,071403E-1;9,396998E-1;;
02/12/2021  12:05:24,223858;9,512111E-1;1,417090E-1;1,379512E-1;9,401558E-1;;
02/12/2021  12:05:24,223958;9,522482E-1;1,538150E-1;1,499566E-1;9,406107E-1;;
02/12/2021  12:05:24,224058;9,528353E-1;1,296029E-1;1,303688E-1;9,410638E-1;;
02/12/2021  12:05:24,224158;9,531483E-1;1,289658E-1;1,376353E-1;9,415148E-1;;
02/12/2021  12:05:24,224258;9,548172E-1;1,210013E-1;1,310007E-1;9,419633E-1;;
02/12/2021  12:05:24,224358;9,556547E-1;1,136739E-1;1,205749E-1;9,424091E-1;;
02/12/2021  12:05:24,224458;9,556577E-1;1,483991E-1;1,426902E-1;9,428522E-1;;
02/12/2021  12:05:24,224558;9,557232E-1;1,318330E-1;1,322644E-1;9,432927E-1;;
02/12/2021  12:05:24,224658;9,564355E-1;1,127182E-1;1,044624E-1;9,437306E-1;;
02/12/2021  12:05:24,224758;9,579942E-1;1,187712E-1;1,218387E-1;9,441658E-1;;
02/12/2021  12:05:24,224858;9,588585E-1;1,528593E-1;1,464814E-1;9,445987E-1;;
02/12/2021  12:05:24,224958;9,593562E-1;1,340630E-1;1,385831E-1;9,450295E-1;;
02/12/2021  12:05:24,225058;9,587781E-1;5,760384E-2;1,044624E-1;9,454585E-1;;
02/12/2021  12:05:24,225158;9,603040E-1;1,299215E-1;1,227865E-1;9,458861E-1;;
02/12/2021  12:05:24,225258;9,612398E-1;1,251428E-1;1,464814E-1;9,463124E-1;;
02/12/2021  12:05:24,225358;9,608315E-1;1,347002E-1;1,319485E-1;9,467379E-1;;
02/12/2021  12:05:24,225458;9,611236E-1;1,238685E-1;1,218387E-1;9,471629E-1;;
02/12/2021  12:05:24,225558;9,610937E-1;3,848904E-2;6,907803E-2;9,475875E-1;;
02/12/2021  12:05:24,225658;9,615229E-1;1,331073E-1;1,363715E-1;9,480118E-1;;
02/12/2021  12:05:24,225758;9,621398E-1;1,413904E-1;1,278414E-1;9,484360E-1;;
02/12/2021  12:05:24,225858;9,615885E-1;1,531778E-1;1,449017E-1;9,488599E-1;;
02/12/2021  12:05:24,225958;9,606318E-1;1,238685E-1;1,231024E-1;9,492836E-1;;
02/12/2021  12:05:24,226058;9,606258E-1;1,334259E-1;1,366875E-1;9,497068E-1;;
02/12/2021  12:05:24,226158;9,602175E-1;1,343816E-1;1,401627E-1;9,501289E-1;;
02/12/2021  12:05:24,226258;9,605454E-1;1,382046E-1;1,164678E-1;9,505494E-1;;
02/12/2021  12:05:24,226358;9,604381E-1;8,627604E-2;9,214107E-2;9,509678E-1;;
02/12/2021  12:05:24,226458;9,594337E-1;1,127182E-1;1,186794E-1;9,513834E-1;;
02/12/2021  12:05:24,226558;9,582058E-1;1,331073E-1;1,344760E-1;9,517955E-1;;
02/12/2021  12:05:24,226658;9,583101E-1;1,369303E-1;1,328963E-1;9,522031E-1;;
02/12/2021  12:05:24,226758;9,578363E-1;1,560451E-1;1,243661E-1;9,526053E-1;;
02/12/2021  12:05:24,226858;9,570674E-1;1,149482E-1;1,202590E-1;9,530009E-1;;
02/12/2021  12:05:24,226958;9,558812E-1;1,452133E-1;1,455336E-1;9,533890E-1;;
02/12/2021  12:05:24,227058;9,557441E-1;1,232313E-1;1,085695E-1;9,537682E-1;;
02/12/2021  12:05:24,227158;9,559825E-1;9,774492E-2;1,088855E-1;9,541374E-1;;
02/12/2021  12:05:24,227258;9,557918E-1;1,474434E-1;1,774427E-1;9,544955E-1;;
02/12/2021  12:05:24,227358;9,553298E-1;1,276914E-1;1,284732E-1;9,548415E-1;;
02/12/2021  12:05:24,227458;9,537563E-1;1,343816E-1;1,385831E-1;9,551744E-1;;
02/12/2021  12:05:24,227558;9,533301E-1;1,397975E-1;1,335282E-1;9,554931E-1;;
02/12/2021  12:05:24,227658;9,533837E-1;1,366117E-1;1,278414E-1;9,557967E-1;;
02/12/2021  12:05:24,227758;9,534374E-1;1,155854E-1;1,322644E-1;9,560841E-1;;
02/12/2021  12:05:24,227858;9,526804E-1;1,238685E-1;1,243661E-1;9,563545E-1;;
02/12/2021  12:05:24,227958;9,520038E-1;1,308772E-1;1,344760E-1;9,566071E-1;;
02/12/2021  12:05:24,228058;9,515568E-1;9,392196E-2;5,928414E-2;9,568412E-1;;
02/12/2021  12:05:24,228158;9,522601E-1;1,206827E-1;1,114129E-1;9,570562E-1;;
02/12/2021  12:05:24,228258;9,523853E-1;1,213198E-1;1,246821E-1;9,572515E-1;;
02/12/2021  12:05:24,228358;9,517296E-1;1,286472E-1;1,291051E-1;9,574269E-1;;
02/12/2021  12:05:24,228458;9,506389E-1;1,213198E-1;1,246821E-1;9,575821E-1;;
02/12/2021  12:05:24,228558;9,506359E-1;1,066652E-1;9,624818E-2;9,577169E-1;;
02/12/2021  12:05:24,228658;9,506776E-1;1,270543E-1;1,231024E-1;9,578312E-1;;
02/12/2021  12:05:24,228758;9,506716E-1;1,264171E-1;1,268936E-1;9,579248E-1;;
02/12/2021  12:05:24,228858;9,502902E-1;1,423461E-1;1,600664E-1;9,579978E-1;;
02/12/2021  12:05:24,228958;9,496047E-1;1,216384E-1;1,167838E-1;9,580503E-1;;
02/12/2021  12:05:24,229058;9,495749E-1;3,944478E-2;1,013031E-1;9,580825E-1;;
02/12/2021  12:05:24,229158;9,501710E-1;1,254614E-1;1,281573E-1;9,580946E-1;;
02/12/2021  12:05:24,229258;9,497179E-1;1,283286E-1;1,291051E-1;9,580870E-1;;
02/12/2021  12:05:24,229358;9,491040E-1;1,066652E-1;1,221546E-1;9,580601E-1;;
02/12/2021  12:05:24,229458;9,483142E-1;1,343816E-1;1,531159E-1;9,580143E-1;;
02/12/2021  12:05:24,229558;9,483172E-1;1,241871E-1;1,268936E-1;9,579501E-1;;
02/12/2021  12:05:24,229658;9,490504E-1;1,528593E-1;1,698603E-1;9,578680E-1;;
02/12/2021  12:05:24,229758;9,479208E-1;1,356559E-1;1,322644E-1;9,577683E-1;;
02/12/2021  12:05:24,229858;9,471191E-1;1,213198E-1;1,272095E-1;9,576519E-1;;
02/12/2021  12:05:24,229958;9,459717E-1;1,149482E-1;1,202590E-1;9,575190E-1;;
02/12/2021  12:05:24,230058;9,461267E-1;7,193994E-2;1,114129E-1;9,573701E-1;;
02/12/2021  12:05:24,230158;9,455664E-1;4,071910E-2;8,866581E-2;9,572056E-1;;
02/12/2021  12:05:24,230258;9,448511E-1;1,073023E-1;7,255328E-2;9,570258E-1;;
02/12/2021  12:05:24,230358;9,440911E-1;1,311958E-1;1,237343E-1;9,568311E-1;;
02/12/2021  12:05:24,230458;9,423685E-1;1,362931E-1;1,196272E-1;9,566217E-1;;
02/12/2021  12:05:24,230558;9,424699E-1;1,213198E-1;9,972343E-2;9,563979E-1;;
02/12/2021  12:05:24,230658;9,428811E-1;1,152668E-1;1,044624E-1;9,561597E-1;;
02/12/2021  12:05:24,230758;9,414029E-1;1,190898E-1;1,221546E-1;9,559074E-1;;
02/12/2021  12:05:24,230858;9,406787E-1;1,213198E-1;1,199431E-1;9,556413E-1;;
02/12/2021  12:05:24,230958;9,397369E-1;1,117624E-1;1,291051E-1;9,553615E-1;;
02/12/2021  12:05:24,231058;9,411019E-1;1,292843E-1;1,477451E-1;9,550683E-1;;
02/12/2021  12:05:24,231158;9,412807E-1;1,324701E-1;1,291051E-1;9,547620E-1;;
02/12/2021  12:05:24,231258;9,409797E-1;1,292843E-1;1,322644E-1;9,544431E-1;;
02/12/2021  12:05:24,231358;9,392273E-1;1,308772E-1;1,262617E-1;9,541124E-1;;
02/12/2021  12:05:24,231458;9,381365E-1;1,433019E-1;1,338441E-1;9,537703E-1;;
02/12/2021  12:05:24,231558;9,389650E-1;1,302401E-1;1,291051E-1;9,534172E-1;;
02/12/2021  12:05:24,231658;9,389442E-1;1,614609E-1;1,821817E-1;9,530536E-1;;
02/12/2021  12:05:24,231758;9,377848E-1;1,245056E-1;1,139404E-1;9,526800E-1;;
02/12/2021  12:05:24,231858;9,360741E-1;1,401161E-1;1,322644E-1;9,522970E-1;;
02/12/2021  12:05:24,231958;9,351234E-1;1,178155E-1;1,129926E-1;9,519048E-1;;
02/12/2021  12:05:24,232058;9,357284E-1;1,382046E-1;1,771268E-1;9,515038E-1;;
02/12/2021  12:05:24,232158;9,344052E-1;1,146297E-1;1,278414E-1;9,510940E-1;;
02/12/2021  12:05:24,232258;9,336511E-1;1,260985E-1;1,278414E-1;9,506758E-1;;
02/12/2021  12:05:24,232358;9,313295E-1;1,219570E-1;1,284732E-1;9,502493E-1;;
02/12/2021  12:05:24,232458;9,293923E-1;8,086018E-2;9,624818E-2;9,498145E-1;;
02/12/2021  12:05:24,232558;9,291509E-1;1,082581E-1;1,196272E-1;9,493709E-1;;
02/12/2021  12:05:24,232658;9,289751E-1;1,260985E-1;1,297370E-1;9,489182E-1;;
02/12/2021  12:05:24,232758;9,276548E-1;1,257800E-1;1,174156E-1;9,484563E-1;;
02/12/2021  12:05:24,232858;9,266147E-1;1,235499E-1;1,177316E-1;9,479847E-1;;
02/12/2021  12:05:24,232958;9,258785E-1;1,264171E-1;1,167838E-1;9,475032E-1;;
02/12/2021  12:05:24,233058;9,264299E-1;1,292843E-1;1,436380E-1;9,470117E-1;;
02/12/2021  12:05:24,233158;9,268918E-1;1,350188E-1;1,385831E-1;9,465100E-1;;
02/12/2021  12:05:24,233258;9,257742E-1;1,063466E-1;1,496407E-1;9,459984E-1;;
02/12/2021  12:05:24,233358;9,249695E-1;1,146297E-1;1,126766E-1;9,454771E-1;;
02/12/2021  12:05:24,233458;9,246953E-1;1,076209E-1;1,129926E-1;9,449465E-1;;
02/12/2021  12:05:24,233558;9,259411E-1;1,216384E-1;1,123607E-1;9,444068E-1;;
02/12/2021  12:05:24,233658;9,260573E-1;1,139925E-1;1,186794E-1;9,438586E-1;;
02/12/2021  12:05:24,233758;9,254702E-1;1,229127E-1;1,344760E-1;9,433028E-1;;
02/12/2021  12:05:24,233858;9,241798E-1;1,190898E-1;1,259458E-1;9,427402E-1;;
02/12/2021  12:05:24,233958;9,249248E-1;1,136739E-1;1,215227E-1;9,421715E-1;;
02/12/2021  12:05:24,234058;9,258279E-1;1,123996E-1;1,287892E-1;9,415975E-1;;
02/12/2021  12:05:24,234158;9,260365E-1;7,448858E-2;9,782784E-2;9,410193E-1;;
02/12/2021  12:05:24,234258;9,252348E-1;7,257710E-2;8,550650E-2;9,404381E-1;;
02/12/2021  12:05:24,234358;9,238072E-1;9,997498E-2;1,199431E-1;9,398549E-1;;
02/12/2021  12:05:24,234458;9,241350E-1;-1,268540E-1;-2,601750E-2;9,392707E-1;;
02/12/2021  12:05:24,234558;9,245076E-1;6,843556E-2;1,123607E-1;9,386863E-1;;
02/12/2021  12:05:24,234658;9,245076E-1;7,703722E-2;1,073058E-1;9,381027E-1;;
02/12/2021  12:05:24,234758;9,235986E-1;5,346230E-2;6,970989E-2;9,375209E-1;;
02/12/2021  12:05:24,234858;9,229370E-1;9,583344E-2;1,098333E-1;9,369417E-1;;
02/12/2021  12:05:24,234958;9,232886E-1;8,946184E-2;1,022509E-1;9,363659E-1;;
02/12/2021  12:05:24,235058;9,245314E-1;8,340882E-2;9,498445E-2;9,357942E-1;;
02/12/2021  12:05:24,235158;9,237357E-1;9,583344E-2;1,145722E-1;9,352276E-1;;
02/12/2021  12:05:24,235258;9,231665E-1;1,095324E-1;1,208909E-1;9,346670E-1;;
02/12/2021  12:05:24,235358;9,219863E-1;1,308772E-1;1,382671E-1;9,341130E-1;;
02/12/2021  12:05:24,235458;9,218581E-1;1,139925E-1;1,205749E-1;9,335664E-1;;
02/12/2021  12:05:24,235558;9,233453E-1;1,219570E-1;1,224705E-1;9,330275E-1;;
02/12/2021  12:05:24,235658;9,232261E-1;1,308772E-1;1,300529E-1;9,324970E-1;;
02/12/2021  12:05:24,235758;9,224691E-1;1,318330E-1;1,344760E-1;9,319756E-1;;
02/12/2021  12:05:24,235858;9,212740E-1;1,436204E-1;1,275255E-1;9,314637E-1;;
02/12/2021  12:05:24,235958;9,222813E-1;1,541336E-1;1,284732E-1;9,309619E-1;;
02/12/2021  12:05:24,236058;9,232886E-1;2,127523E-1;2,134590E-1;9,304706E-1;;
02/12/2021  12:05:24,236158;9,231665E-1;1,729298E-1;1,370034E-1;9,299902E-1;;
02/12/2021  12:05:24,236258;9,220131E-1;1,742041E-1;1,521681E-1;9,295213E-1;;
02/12/2021  12:05:24,236358;9,223290E-1;1,499920E-1;1,379512E-1;9,290645E-1;;
02/12/2021  12:05:24,236458;9,234645E-1;1,382046E-1;1,376353E-1;9,286200E-1;;
02/12/2021  12:05:24,236558;9,240665E-1;1,356559E-1;1,445858E-1;9,281884E-1;;
02/12/2021  12:05:24,236658;9,241261E-1;1,372488E-1;1,366875E-1;9,277701E-1;;
02/12/2021  12:05:24,236758;9,242662E-1;1,302401E-1;1,332122E-1;9,273659E-1;;
02/12/2021  12:05:24,236858;9,242066E-1;1,213198E-1;1,471132E-1;9,269763E-1;;
02/12/2021  12:05:24,236958;9,259262E-1;1,120810E-1;1,170997E-1;9,266017E-1;;
02/12/2021  12:05:24,237058;9,266415E-1;1,378860E-1;1,370034E-1;9,262429E-1;;
02/12/2021  12:05:24,237158;9,268561E-1;1,280100E-1;1,249980E-1;9,259005E-1;;
02/12/2021  12:05:24,237258;9,260156E-1;6,206396E-2;5,075397E-2;9,255753E-1;;
02/12/2021  12:05:24,237358;9,259471E-1;1,092138E-1;1,174156E-1;9,252677E-1;;
02/12/2021  12:05:24,237458;9,271004E-1;1,522221E-1;1,477451E-1;9,249783E-1;;
02/12/2021  12:05:24,237558;9,274581E-1;1,439390E-1;1,328963E-1;9,247072E-1;;
02/12/2021  12:05:24,237658;9,281048E-1;1,350188E-1;1,357397E-1;9,244550E-1;;
02/12/2021  12:05:24,237758;9,271690E-1;1,229127E-1;1,202590E-1;9,242220E-1;;
02/12/2021  12:05:24,237858;9,280750E-1;1,194084E-1;1,685966E-1;9,240083E-1;;
02/12/2021  12:05:24,237958;9,295830E-1;1,174969E-1;1,174156E-1;9,238143E-1;;
02/12/2021  12:05:24,238058;9,308318E-1;1,276914E-1;1,253139E-1;9,236402E-1;;
02/12/2021  12:05:24,238158;9,310404E-1;1,359745E-1;1,382671E-1;9,234863E-1;;
02/12/2021  12:05:24,238258;9,307364E-1;1,538150E-1;1,783905E-1;9,233532E-1;;
02/12/2021  12:05:24,238358;9,311686E-1;1,331073E-1;1,332122E-1;9,232410E-1;;
02/12/2021  12:05:24,238458;9,326796E-1;1,321516E-1;1,265777E-1;9,231501E-1;;
02/12/2021  12:05:24,238558;9,337644E-1;1,162226E-1;1,196272E-1;9,230805E-1;;
02/12/2021  12:05:24,238658;9,341727E-1;1,136739E-1;1,240502E-1;9,230327E-1;;
02/12/2021  12:05:24,238758;9,335826E-1;1,168597E-1;1,281573E-1;9,230070E-1;;
02/12/2021  12:05:24,238858;9,345125E-1;1,324701E-1;1,306848E-1;9,230033E-1;;
02/12/2021  12:05:24,238958;9,364377E-1;1,232313E-1;1,287892E-1;9,230219E-1;;
02/12/2021  12:05:24,239058;9,365420E-1;1,034794E-1;1,262617E-1;9,230628E-1;;
02/12/2021  12:05:24,239158;9,375464E-1;1,289658E-1;1,218387E-1;9,231262E-1;;
02/12/2021  12:05:24,239258;9,364884E-1;1,296029E-1;1,167838E-1;9,232122E-1;;
02/12/2021  12:05:24,239358;9,375226E-1;9,424054E-2;9,182514E-2;9,233207E-1;;
02/12/2021  12:05:24,239458;9,390544E-1;1,292843E-1;1,294210E-1;9,234516E-1;;
02/12/2021  12:05:24,239558;9,402525E-1;1,347002E-1;1,354238E-1;9,236046E-1;;
02/12/2021  12:05:24,239658;9,404641E-1;1,391603E-1;1,338441E-1;9,237798E-1;;
02/12/2021  12:05:24,239758;9,404283E-1;1,340630E-1;1,259458E-1;9,239771E-1;;
02/12/2021  12:05:24,239858;9,409797E-1;1,337445E-1;1,215227E-1;9,241963E-1;;
02/12/2021  12:05:24,239958;9,428305E-1;1,286472E-1;1,167838E-1;9,244371E-1;;
02/12/2021  12:05:24,240058;9,436769E-1;1,302401E-1;1,322644E-1;9,246993E-1;;
02/12/2021  12:05:24,240158;9,435100E-1;1,331073E-1;1,357397E-1;9,249827E-1;;
02/12/2021  12:05:24,240258;9,430868E-1;1,283286E-1;1,310007E-1;9,252870E-1;;
02/12/2021  12:05:24,240358;9,441060E-1;1,334259E-1;1,272095E-1;9,256119E-1;;
02/12/2021  12:05:24,240458;9,450121E-1;1,764342E-1;2,055607E-1;9,259566E-1;;
02/12/2021  12:05:24,240558;9,452475E-1;1,200455E-1;1,120448E-1;9,263207E-1;;
02/12/2021  12:05:24,240658;9,453637E-1;1,311958E-1;1,287892E-1;9,267036E-1;;
02/12/2021  12:05:24,240758;9,452326E-1;1,245056E-1;1,262617E-1;9,271046E-1;;
02/12/2021  12:05:24,240858;9,457184E-1;1,006121E-1;1,022509E-1;9,275228E-1;;
02/12/2021  12:05:24,240958;9,464188E-1;1,321516E-1;1,420583E-1;9,279575E-1;;
02/12/2021  12:05:24,241058;9,462727E-1;1,385232E-1;1,328963E-1;9,284076E-1;;
02/12/2021  12:05:24,241158;9,459598E-1;1,197269E-1;1,275255E-1;9,288723E-1;;
02/12/2021  12:05:24,241258;9,455902E-1;7,926728E-2;1,019350E-1;9,293504E-1;;
02/12/2021  12:05:24,241358;9,471012E-1;1,299215E-1;1,259458E-1;9,298407E-1;;
02/12/2021  12:05:24,241458;9,472801E-1;1,359745E-1;1,373193E-1;9,303421E-1;;
02/12/2021  12:05:24,241558;9,478225E-1;1,292843E-1;1,303688E-1;9,308535E-1;;
02/12/2021  12:05:24,241658;9,469314E-1;1,251428E-1;1,351078E-1;9,313739E-1;;
02/12/2021  12:05:24,241758;9,474201E-1;1,350188E-1;1,534319E-1;9,319021E-1;;
02/12/2021  12:05:24,241858;9,491159E-1;1,327887E-1;1,430061E-1;9,324369E-1;;
02/12/2021  12:05:24,241958;9,499176E-1;1,283286E-1;1,272095E-1;9,329775E-1;;
02/12/2021  12:05:24,242058;9,504034E-1;1,620981E-1;1,723878E-1;9,335229E-1;;
02/12/2021  12:05:24,242158;9,505524E-1;1,267357E-1;1,303688E-1;9,340725E-1;;
02/12/2021  12:05:24,242258;9,504004E-1;1,506292E-1;1,442698E-1;9,346256E-1;;
02/12/2021  12:05:24,242358;9,523168E-1;1,394789E-1;1,404787E-1;9,351815E-1;;
02/12/2021  12:05:24,242458;9,534344E-1;1,174969E-1;1,205749E-1;9,357396E-1;;
02/12/2021  12:05:24,242558;9,538606E-1;1,155854E-1;1,262617E-1;9,362995E-1;;
02/12/2021  12:05:24,242658;9,540304E-1;1,203641E-1;1,534319E-1;9,368609E-1;;
02/12/2021  12:05:24,242758;9,543732E-1;1,356559E-1;1,246821E-1;9,374236E-1;;
02/12/2021  12:05:24,242858;9,557680E-1;1,413904E-1;1,303688E-1;9,379872E-1;;
02/12/2021  12:05:24,242958;9,560928E-1;1,235499E-1;1,268936E-1;9,385515E-1;;
02/12/2021  12:05:24,243058;9,562061E-1;9,360338E-2;1,066739E-1;9,391163E-1;;
02/12/2021  12:05:24,243158;9,545490E-1;1,499920E-1;1,597505E-1;9,396813E-1;;
02/12/2021  12:05:24,243258;9,544715E-1;1,493549E-1;1,723878E-1;9,402460E-1;;
02/12/2021  12:05:24,243358;9,548947E-1;1,190898E-1;8,076751E-2;9,408097E-1;;
02/12/2021  12:05:24,243458;9,549871E-1;1,194084E-1;1,224705E-1;9,413718E-1;;
02/12/2021  12:05:24,243558;9,537115E-1;1,397975E-1;1,344760E-1;9,419313E-1;;
02/12/2021  12:05:24,243658;9,527429E-1;1,461691E-1;1,388990E-1;9,424873E-1;;
02/12/2021  12:05:24,243758;9,520694E-1;1,401161E-1;1,338441E-1;9,430388E-1;;
02/12/2021  12:05:24,243858;9,519681E-1;1,257800E-1;1,098333E-1;9,435844E-1;;
02/12/2021  12:05:24,243958;9,526774E-1;1,308772E-1;1,208909E-1;9,441228E-1;;
02/12/2021  12:05:24,244058;9,513482E-1;1,452133E-1;1,433221E-1;9,446529E-1;;
02/12/2021  12:05:24,244158;9,495361E-1;1,347002E-1;1,227865E-1;9,451735E-1;;
02/12/2021  12:05:24,244258;9,497060E-1;1,267357E-1;1,136244E-1;9,456830E-1;;
02/12/2021  12:05:24,244358;9,501710E-1;1,280100E-1;1,170997E-1;9,461801E-1;;
02/12/2021  12:05:24,244458;9,496256E-1;1,560451E-1;1,490088E-1;9,466634E-1;;
02/12/2021  12:05:24,244558;9,498878E-1;1,318330E-1;1,294210E-1;9,471319E-1;;
02/12/2021  12:05:24,244658;9,484275E-1;1,159040E-1;1,196272E-1;9,475844E-1;;
02/12/2021  12:05:24,244758;9,490504E-1;1,210013E-1;1,155200E-1;9,480198E-1;;
02/12/2021  12:05:24,244858;9,499236E-1;1,522221E-1;1,701763E-1;9,484374E-1;;
02/12/2021  12:05:24,244958;9,502037E-1;1,331073E-1;1,224705E-1;9,488362E-1;;
02/12/2021  12:05:24,245058;9,488507E-1;1,423461E-1;1,565912E-1;9,492160E-1;;
02/12/2021  12:05:24,245158;9,473039E-1;1,413904E-1;1,354238E-1;9,495761E-1;;
02/12/2021  12:05:24,245258;9,480222E-1;1,401161E-1;1,303688E-1;9,499160E-1;;
02/12/2021  12:05:24,245358;9,478225E-1;1,429833E-1;1,524841E-1;9,502351E-1;;
02/12/2021  12:05:24,245458;9,473575E-1;1,382046E-1;1,347919E-1;9,505329E-1;;
02/12/2021  12:05:24,245558;9,463949E-1;1,248242E-1;1,426902E-1;9,508091E-1;;
02/12/2021  12:05:24,245658;9,449375E-1;1,232313E-1;1,218387E-1;9,510633E-1;;
02/12/2021  12:05:24,245758;9,453339E-1;1,060280E-1;1,120448E-1;9,512949E-1;;
02/12/2021  12:05:24,245858;9,458197E-1;1,452133E-1;1,376353E-1;9,515037E-1;;
02/12/2021  12:05:24,245958;9,451938E-1;1,264171E-1;1,278414E-1;9,516893E-1;;
02/12/2021  12:05:24,246058;9,435964E-1;1,165411E-1;1,104651E-1;9,518516E-1;;
02/12/2021  12:05:24,246158;9,436560E-1;8,946184E-2;9,751191E-2;9,519904E-1;;
02/12/2021  12:05:24,246258;9,440852E-1;1,426647E-1;1,382671E-1;9,521058E-1;;
02/12/2021  12:05:24,246358;9,447021E-1;1,315144E-1;1,294210E-1;9,521975E-1;;
02/12/2021  12:05:24,246458;9,440643E-1;1,104881E-1;1,196272E-1;9,522661E-1;;
02/12/2021  12:05:24,246558;9,434742E-1;1,468062E-1;1,366875E-1;9,523117E-1;;
02/12/2021  12:05:24,246658;9,435130E-1;1,531778E-1;1,657532E-1;9,523348E-1;;
02/12/2021  12:05:24,246758;9,436322E-1;1,356559E-1;1,287892E-1;9,523359E-1;;
02/12/2021  12:05:24,246858;9,438885E-1;1,174969E-1;1,193112E-1;9,523154E-1;;
02/12/2021  12:05:24,246958;9,432537E-1;1,232313E-1;1,303688E-1;9,522742E-1;;
02/12/2021  12:05:24,247058;9,415489E-1;1,401161E-1;1,404787E-1;9,522128E-1;;
02/12/2021  12:05:24,247158;9,416264E-1;1,292843E-1;1,183634E-1;9,521318E-1;;
02/12/2021  12:05:24,247258;9,418768E-1;1,082581E-1;1,107811E-1;9,520318E-1;;
02/12/2021  12:05:24,247358;9,408605E-1;9,838208E-2;1,057261E-1;9,519132E-1;;
02/12/2021  12:05:24,247458;9,407592E-1;1,283286E-1;1,363715E-1;9,517766E-1;;
02/12/2021  12:05:24,247558;9,386223E-1;1,254614E-1;1,341600E-1;9,516227E-1;;
02/12/2021  12:05:24,247658;9,385567E-1;1,178155E-1;1,275255E-1;9,514517E-1;;
02/12/2021  12:05:24,247758;9,390664E-1;6,206396E-2;1,170997E-1;9,512641E-1;;
02/12/2021  12:05:24,247858;9,384524E-1;1,076209E-1;1,215227E-1;9,510602E-1;;
02/12/2021  12:05:24,247958;9,376835E-1;1,280100E-1;1,256299E-1;9,508406E-1;;
02/12/2021  12:05:24,248058;9,362887E-1;7,162136E-2;7,539667E-2;9,506056E-1;;
02/12/2021  12:05:24,248158;9,362470E-1;9,073616E-2;9,214107E-2;9,503557E-1;;
02/12/2021  12:05:24,248258;9,367656E-1;-7,386482E-3;5,264957E-2;9,500913E-1;;
02/12/2021  12:05:24,248358;9,370606E-1;1,037979E-1;1,212068E-1;9,498128E-1;;
02/12/2021  12:05:24,248458;9,351473E-1;9,583344E-2;1,000394E-1;9,495208E-1;;
02/12/2021  12:05:24,248558;9,349059E-1;9,360338E-2;1,060421E-1;9,492160E-1;;
02/12/2021  12:05:24,248658;9,355615E-1;6,747982E-2;5,991600E-2;9,488988E-1;;
02/12/2021  12:05:24,248758;9,364586E-1;9,455912E-2;1,003553E-1;9,485699E-1;;
02/12/2021  12:05:24,248858;9,364705E-1;9,647060E-2;9,814378E-2;9,482300E-1;;
02/12/2021  12:05:24,248958;9,355943E-1;9,965640E-2;1,123607E-1;9,478803E-1;;
02/12/2021  12:05:24,249058;9,345244E-1;1,018865E-1;1,142563E-1;9,475215E-1;;
02/12/2021  12:05:24,249158;9,348611E-1;1,031608E-1;1,038306E-1;9,471546E-1;;
02/12/2021  12:05:24,249258;9,353499E-1;1,433019E-1;1,505885E-1;9,467802E-1;;
02/12/2021  12:05:24,249358;9,355556E-1;1,149482E-1;1,199431E-1;9,463994E-1;;
02/12/2021  12:05:24,249458;9,348343E-1;1,216384E-1;1,221546E-1;9,460130E-1;;
02/12/2021  12:05:24,249558;9,341220E-1;1,366117E-1;1,218387E-1;9,456220E-1;;
02/12/2021  12:05:24,249658;9,354512E-1;1,420275E-1;1,436380E-1;9,452272E-1;;
02/12/2021  12:05:24,249758;9,358536E-1;1,719741E-1;1,600664E-1;9,448296E-1;;
02/12/2021  12:05:24,249858;9,358238E-1;1,694254E-1;1,461654E-1;9,444302E-1;;
02/12/2021  12:05:24,249958;9,346317E-1;1,560451E-1;1,294210E-1;9,440301E-1;;
02/12/2021  12:05:24,250058;9,329955E-1;-3,924448E-2;1,281573E-1;9,436302E-1;;
02/12/2021  12:05:24,250158;9,345393E-1;1,359745E-1;1,392149E-1;9,432312E-1;;
02/12/2021  12:05:24,250258;9,346048E-1;1,404346E-1;1,426902E-1;9,428338E-1;;
02/12/2021  12:05:24,250358;9,347390E-1;1,292843E-1;1,246821E-1;9,424386E-1;;
02/12/2021  12:05:24,250458;9,325961E-1;1,130368E-1;1,123607E-1;9,420465E-1;;
02/12/2021  12:05:24,250558;9,323190E-1;1,283286E-1;1,177316E-1;9,416580E-1;;
02/12/2021  12:05:24,250658;9,330640E-1;1,413904E-1;1,572231E-1;9,412734E-1;;
02/12/2021  12:05:24,250758;9,326229E-1;1,213198E-1;1,284732E-1;9,408931E-1;;
02/12/2021  12:05:24,250858;9,323964E-1;1,085766E-1;1,246821E-1;9,405174E-1;;
02/12/2021  12:05:24,250958;9,314010E-1;1,248242E-1;1,234183E-1;9,401466E-1;;
02/12/2021  12:05:24,251058;9,309927E-1;1,251428E-1;1,335282E-1;9,397810E-1;;
02/12/2021  12:05:24,251158;9,319792E-1;1,139925E-1;9,940750E-2;9,394206E-1;;
02/12/2021  12:05:24,251258;9,323428E-1;1,028422E-1;1,205749E-1;9,390657E-1;;
02/12/2021  12:05:24,251358;9,321670E-1;1,267357E-1;1,370034E-1;9,387166E-1;;
02/12/2021  12:05:24,251458;9,314666E-1;1,092138E-1;1,202590E-1;9,383735E-1;;
02/12/2021  12:05:24,251558;9,313533E-1;1,143111E-1;1,161519E-1;9,380368E-1;;
02/12/2021  12:05:24,251658;9,327094E-1;1,356559E-1;1,505885E-1;9,377067E-1;;
02/12/2021  12:05:24,251758;9,333650E-1;1,248242E-1;1,224705E-1;9,373834E-1;;
02/12/2021  12:05:24,251858;9,334187E-1;1,331073E-1;1,212068E-1;9,370675E-1;;
02/12/2021  12:05:24,251958;9,326349E-1;1,222756E-1;1,392149E-1;9,367596E-1;;
02/12/2021  12:05:24,252058;9,330283E-1;1,127182E-1;1,066739E-1;9,364601E-1;;
02/12/2021  12:05:24,252158;9,347598E-1;9,137332E-2;9,845971E-2;9,361693E-1;;
02/12/2021  12:05:24,252258;9,349416E-1;1,165411E-1;1,104651E-1;9,358880E-1;;
02/12/2021  12:05:24,252358;9,355913E-1;1,248242E-1;1,177316E-1;9,356166E-1;;
02/12/2021  12:05:24,252458;9,346913E-1;1,095324E-1;1,129926E-1;9,353560E-1;;
02/12/2021  12:05:24,252558;9,351264E-1;1,044351E-1;1,117289E-1;9,351066E-1;;
02/12/2021  12:05:24,252658;9,366672E-1;8,309024E-2;7,097362E-2;9,348691E-1;;
02/12/2021  12:05:24,252758;9,366225E-1;1,305587E-1;1,433221E-1;9,346439E-1;;
02/12/2021  12:05:24,252858;9,355973E-1;1,213198E-1;1,202590E-1;9,344317E-1;;
02/12/2021  12:05:24,252958;9,353529E-1;1,104881E-1;1,129926E-1;9,342328E-1;;
02/12/2021  12:05:24,253058;9,352814E-1;7,671864E-2;1,420583E-1;9,340475E-1;;
02/12/2021  12:05:24,253158;9,355764E-1;1,413904E-1;1,502726E-1;9,338758E-1;;
02/12/2021  12:05:24,253258;9,356450E-1;1,210013E-1;1,208909E-1;9,337178E-1;;
02/12/2021  12:05:24,253358;9,338091E-1;1,181340E-1;1,215227E-1;9,335732E-1;;
02/12/2021  12:05:24,253458;9,334306E-1;1,152668E-1;1,129926E-1;9,334420E-1;;
02/12/2021  12:05:24,253558;9,337525E-1;7,735580E-2;1,398468E-1;9,333235E-1;;
02/12/2021  12:05:24,253658;9,340535E-1;1,391603E-1;1,287892E-1;9,332171E-1;;
02/12/2021  12:05:24,253758;9,340893E-1;1,187712E-1;1,133085E-1;9,331225E-1;;
02/12/2021  12:05:24,253858;9,329269E-1;1,123996E-1;1,249980E-1;9,330391E-1;;
02/12/2021  12:05:24,253958;9,321342E-1;1,171783E-1;1,221546E-1;9,329662E-1;;
02/12/2021  12:05:24,254058;9,332101E-1;1,327887E-1;1,379512E-1;9,329031E-1;;
02/12/2021  12:05:24,254158;9,335319E-1;1,168597E-1;1,231024E-1;9,328491E-1;;
02/12/2021  12:05:24,254258;9,342889E-1;1,305587E-1;1,240502E-1;9,328036E-1;;
02/12/2021  12:05:24,254358;9,336720E-1;1,165411E-1;1,202590E-1;9,327661E-1;;
02/12/2021  12:05:24,254458;9,329508E-1;1,292843E-1;1,360556E-1;9,327363E-1;;
02/12/2021  12:05:24,254558;9,343307E-1;1,264171E-1;1,253139E-1;9,327137E-1;;
02/12/2021  12:05:24,254658;9,344797E-1;1,200455E-1;1,246821E-1;9,326977E-1;;
02/12/2021  12:05:24,254758;9,347479E-1;1,136739E-1;1,183634E-1;9,326882E-1;;
02/12/2021  12:05:24,254858;9,338270E-1;1,257800E-1;1,240502E-1;9,326847E-1;;
02/12/2021  12:05:24,254958;9,321312E-1;4,040052E-2;8,013565E-2;9,326871E-1;;
02/12/2021  12:05:24,255058;9,335796E-1;5,218798E-2;1,031987E-1;9,326946E-1;;
02/12/2021  12:05:24,255158;9,334187E-1;1,098510E-1;1,142563E-1;9,327067E-1;;
02/12/2021  12:05:24,255258;9,326796E-1;1,232313E-1;1,291051E-1;9,327229E-1;;
02/12/2021  12:05:24,255358;9,314457E-1;1,426647E-1;1,423743E-1;9,327426E-1;;
02/12/2021  12:05:24,255458;9,311805E-1;1,264171E-1;1,246821E-1;9,327652E-1;;
02/12/2021  12:05:24,255558;9,319524E-1;1,519035E-1;1,701763E-1;9,327898E-1;;
02/12/2021  12:05:24,255658;9,317229E-1;1,257800E-1;1,278414E-1;9,328157E-1;;
02/12/2021  12:05:24,255758;9,321342E-1;1,311958E-1;1,278414E-1;9,328424E-1;;
02/12/2021  12:05:24,255858;9,310523E-1;1,388417E-1;1,467973E-1;9,328694E-1;;
02/12/2021  12:05:24,255958;9,312252E-1;1,216384E-1;1,275255E-1;9,328960E-1;;
02/12/2021  12:05:24,256058;9,323756E-1;9,041758E-2;1,929234E-1;9,329219E-1;;
02/12/2021  12:05:24,256158;9,338121E-1;1,238685E-1;1,287892E-1;9,329466E-1;;
02/12/2021  12:05:24,256258;9,333591E-1;8,086018E-2;9,403666E-2;9,329702E-1;;
02/12/2021  12:05:24,256358;9,327183E-1;1,174969E-1;1,344760E-1;9,329926E-1;;
02/12/2021  12:05:24,256458;9,339104E-1;1,095324E-1;1,177316E-1;9,330139E-1;;
02/12/2021  12:05:24,256558;9,354900E-1;9,073616E-2;1,231024E-1;9,330343E-1;;
02/12/2021  12:05:24,256658;9,355228E-1;1,413904E-1;1,363715E-1;9,330539E-1;;
02/12/2021  12:05:24,256758;9,352009E-1;1,299215E-1;1,291051E-1;9,330734E-1;;
02/12/2021  12:05:24,256858;9,347360E-1;1,085766E-1;1,183634E-1;9,330930E-1;;
02/12/2021  12:05:24,256958;9,348939E-1;1,139925E-1;1,013031E-1;9,331131E-1;;
02/12/2021  12:05:24,257058;9,351294E-1;9,583344E-2;1,101492E-1;9,331339E-1;;
02/12/2021  12:05:24,257158;9,352695E-1;1,366117E-1;1,322644E-1;9,331556E-1;;
02/12/2021  12:05:24,257258;9,343694E-1;1,203641E-1;1,177316E-1;9,331783E-1;;
02/12/2021  12:05:24,257358;9,338896E-1;1,165411E-1;1,202590E-1;9,332022E-1;;
02/12/2021  12:05:24,257458;9,347300E-1;1,280100E-1;1,281573E-1;9,332272E-1;;
02/12/2021  12:05:24,257558;9,356450E-1;1,499920E-1;1,328963E-1;9,332533E-1;;
02/12/2021  12:05:24,257658;9,352814E-1;1,210013E-1;1,098333E-1;9,332805E-1;;
02/12/2021  12:05:24,257758;9,344052E-1;1,464877E-1;1,625939E-1;9,333091E-1;;
02/12/2021  12:05:24,257858;9,333799E-1;1,315144E-1;1,347919E-1;9,333389E-1;;
02/12/2021  12:05:24,257958;9,345333E-1;1,350188E-1;1,224705E-1;9,333698E-1;;
02/12/2021  12:05:24,258058;9,354512E-1;1,334259E-1;1,284732E-1;9,334017E-1;;
02/12/2021  12:05:24,258158;9,351145E-1;1,331073E-1;1,231024E-1;9,334345E-1;;
02/12/2021  12:05:24,258258;9,344201E-1;1,369303E-1;1,471132E-1;9,334682E-1;;
02/12/2021  12:05:24,258358;9,342234E-1;1,350188E-1;1,341600E-1;9,335028E-1;;
02/12/2021  12:05:24,258458;9,345512E-1;1,582751E-1;1,619620E-1;9,335382E-1;;
02/12/2021  12:05:24,258558;9,356837E-1;1,248242E-1;1,385831E-1;9,335742E-1;;
02/12/2021  12:05:24,258658;9,349953E-1;1,340630E-1;1,268936E-1;9,336109E-1;;
02/12/2021  12:05:24,258758;9,337793E-1;1,308772E-1;1,234183E-1;9,336482E-1;;
02/12/2021  12:05:24,258858;9,330610E-1;1,343816E-1;1,354238E-1;9,336860E-1;;
02/12/2021  12:05:24,258958;9,334723E-1;1,165411E-1;1,019350E-1;9,337239E-1;;
02/12/2021  12:05:24,259058;9,343009E-1;1,327887E-1;1,341600E-1;9,337615E-1;;
02/12/2021  12:05:24,259158;9,340177E-1;1,350188E-1;1,376353E-1;9,337987E-1;;
02/12/2021  12:05:24,259258;9,335647E-1;1,251428E-1;1,316326E-1;9,338352E-1;;
02/12/2021  12:05:24,259358;9,338449E-1;1,423461E-1;1,565912E-1;9,338709E-1;;
02/12/2021  12:05:24,259458;9,351473E-1;1,512664E-1;1,553275E-1;9,339056E-1;;
02/12/2021  12:05:24,259558;9,359549E-1;1,331073E-1;1,300529E-1;9,339393E-1;;
02/12/2021  12:05:24,259658;9,364437E-1;1,426647E-1;1,471132E-1;9,339723E-1;;
02/12/2021  12:05:24,259758;9,360264E-1;1,499920E-1;1,423743E-1;9,340049E-1;;
02/12/2021  12:05:24,259858;9,362321E-1;1,331073E-1;1,550115E-1;9,340374E-1;;
02/12/2021  12:05:24,259958;9,369474E-1;1,216384E-1;1,227865E-1;9,340701E-1;;
02/12/2021  12:05:24,260058;9,380381E-1;1,324701E-1;1,310007E-1;9,341034E-1;;
02/12/2021  12:05:24,260158;9,377401E-1;1,356559E-1;1,341600E-1;9,341376E-1;;
02/12/2021  12:05:24,260258;9,368460E-1;1,289658E-1;1,303688E-1;9,341733E-1;;
02/12/2021  12:05:24,260358;9,374928E-1;1,229127E-1;1,423743E-1;9,342108E-1;;
02/12/2021  12:05:24,260458;9,387892E-1;1,391603E-1;1,467973E-1;9,342504E-1;;
02/12/2021  12:05:24,260558;9,396624E-1;1,206827E-1;1,294210E-1;9,342923E-1;;
02/12/2021  12:05:24,260658;9,388011E-1;1,095324E-1;1,104651E-1;9,343372E-1;;
02/12/2021  12:05:24,260758;9,380590E-1;1,066652E-1;1,328963E-1;9,343854E-1;;
02/12/2021  12:05:24,260858;9,380918E-1;1,174969E-1;1,682807E-1;9,344372E-1;;
02/12/2021  12:05:24,260958;9,395402E-1;1,149482E-1;1,249980E-1;9,344927E-1;;
02/12/2021  12:05:24,261058;9,400200E-1;1,114439E-1;1,196272E-1;9,345520E-1;;
02/12/2021  12:05:24,261158;9,398740E-1;1,085766E-1;1,174156E-1;9,346155E-1;;
02/12/2021  12:05:24,261258;9,390127E-1;1,015679E-1;1,107811E-1;9,346834E-1;;
02/12/2021  12:05:24,261358;9,398591E-1;9,647060E-2;9,814378E-2;9,347558E-1;;
02/12/2021  12:05:24,261458;9,407145E-1;3,562182E-2;4,980618E-2;9,348328E-1;;
02/12/2021  12:05:24,261558;9,411794E-1;8,882468E-2;9,024547E-2;9,349145E-1;;
02/12/2021  12:05:24,261658;9,406727E-1;9,073616E-2;1,082536E-1;9,350012E-1;;
02/12/2021  12:05:24,261758;9,396326E-1;9,296622E-2;9,498445E-2;9,350930E-1;;
02/12/2021  12:05:24,261858;9,403270E-1;1,079395E-1;1,050943E-1;9,351898E-1;;
02/12/2021  12:05:24,261958;9,412599E-1;1,002936E-1;1,000394E-1;9,352916E-1;;
02/12/2021  12:05:24,262058;9,414715E-1;6,333828E-2;9,466852E-2;9,353981E-1;;
02/12/2021  12:05:24,262158;9,410363E-1;1,114439E-1;1,306848E-1;9,355095E-1;;
02/12/2021  12:05:24,262258;9,403300E-1;1,206827E-1;1,379512E-1;9,356257E-1;;
02/12/2021  12:05:24,262358;9,407115E-1;1,388417E-1;1,347919E-1;9,357464E-1;;
02/12/2021  12:05:24,262458;9,418261E-1;1,331073E-1;1,344760E-1;9,358715E-1;;
02/12/2021  12:05:24,262558;9,417874E-1;1,299215E-1;1,294210E-1;9,360007E-1;;
02/12/2021  12:05:24,262658;9,399902E-1;1,076209E-1;8,329497E-2;9,361338E-1;;
02/12/2021  12:05:24,262758;9,399187E-1;1,716555E-1;1,420583E-1;9,362706E-1;;
02/12/2021  12:05:24,262858;9,411347E-1;1,961861E-1;1,439539E-1;9,364106E-1;;
02/12/2021  12:05:24,262958;9,413969E-1;1,726112E-1;1,682807E-1;9,365533E-1;;
02/12/2021  12:05:24,263058;9,417754E-1;1,633724E-1;1,562753E-1;9,366984E-1;;
02/12/2021  12:05:24,263158;9,408605E-1;1,738855E-1;1,594346E-1;9,368457E-1;;
02/12/2021  12:05:24,263258;9,407979E-1;1,630538E-1;1,512204E-1;9,369949E-1;;
02/12/2021  12:05:24,263358;9,420824E-1;9,710776E-2;1,104651E-1;9,371457E-1;;
02/12/2021  12:05:24,263458;9,426159E-1;1,436204E-1;1,373193E-1;9,372977E-1;;
02/12/2021  12:05:24,263558;9,423387E-1;1,362931E-1;1,474292E-1;9,374508E-1;;
02/12/2021  12:05:24,263658;9,422046E-1;1,477620E-1;1,354238E-1;9,376050E-1;;
02/12/2021  12:05:24,263758;9,422851E-1;1,369303E-1;1,452176E-1;9,377602E-1;;
02/12/2021  12:05:24,263858;9,437097E-1;1,299215E-1;1,347919E-1;9,379160E-1;;
02/12/2021  12:05:24,263958;9,449405E-1;1,305587E-1;1,341600E-1;9,380726E-1;;
02/12/2021  12:05:24,264058;9,458376E-1;1,605052E-1;1,679647E-1;9,382301E-1;;
02/12/2021  12:05:24,264158;9,451491E-1;1,356559E-1;1,291051E-1;9,383890E-1;;
02/12/2021  12:05:24,264258;9,454591E-1;1,369303E-1;1,294210E-1;9,385494E-1;;
02/12/2021  12:05:24,264358;9,475304E-1;1,273729E-1;1,347919E-1;9,387118E-1;;
02/12/2021  12:05:24,264458;9,478195E-1;1,483991E-1;1,490088E-1;9,388765E-1;;
02/12/2021  12:05:24,264558;9,477062E-1;9,997498E-2;7,950379E-2;9,390440E-1;;
02/12/2021  12:05:24,264658;9,474529E-1;1,401161E-1;1,654373E-1;9,392149E-1;;
02/12/2021  12:05:24,264758;9,469641E-1;1,088952E-1;8,961361E-2;9,393893E-1;;
02/12/2021  12:05:24,264858;9,470744E-1;1,324701E-1;1,486929E-1;9,395674E-1;;
02/12/2021  12:05:24,264958;9,473516E-1;1,334259E-1;1,300529E-1;9,397493E-1;;
02/12/2021  12:05:24,265058;9,465767E-1;1,321516E-1;1,202590E-1;9,399349E-1;;
02/12/2021  12:05:24,265158;9,447855E-1;8,946184E-2;1,411105E-1;9,401239E-1;;
02/12/2021  12:05:24,265258;9,448511E-1;1,362931E-1;1,452176E-1;9,403160E-1;;
02/12/2021  12:05:24,265358;9,460254E-1;2,893164E-2;1,104651E-1;9,405105E-1;;
02/12/2021  12:05:24,265458;9,459389E-1;1,311958E-1;1,347919E-1;9,407068E-1;;
02/12/2021  12:05:24,265558;9,450121E-1;1,165411E-1;1,079377E-1;9,409044E-1;;
02/12/2021  12:05:24,265658;9,440524E-1;1,353374E-1;1,474292E-1;9,411028E-1;;
02/12/2021  12:05:24,265758;9,441180E-1;1,200455E-1;1,129926E-1;9,413013E-1;;
02/12/2021  12:05:24,265858;9,457720E-1;1,350188E-1;1,303688E-1;9,414991E-1;;
02/12/2021  12:05:24,265958;9,462966E-1;1,289658E-1;1,303688E-1;9,416957E-1;;
02/12/2021  12:05:24,266058;9,463919E-1;1,152668E-1;1,177316E-1;9,418908E-1;;
02/12/2021  12:05:24,266158;9,465171E-1;1,410718E-1;1,404787E-1;9,420841E-1;;
02/12/2021  12:05:24,266258;9,475006E-1;1,382046E-1;1,354238E-1;9,422756E-1;;
02/12/2021  12:05:24,266358;9,485497E-1;1,146297E-1;1,189953E-1;9,424650E-1;;
02/12/2021  12:05:24,266458;9,489431E-1;1,127182E-1;9,940750E-2;9,426526E-1;;
02/12/2021  12:05:24,266558;9,488745E-1;1,413904E-1;1,534319E-1;9,428387E-1;;
02/12/2021  12:05:24,266658;9,478970E-1;1,563636E-1;1,455336E-1;9,430233E-1;;
02/12/2021  12:05:24,266758;9,496852E-1;1,235499E-1;1,325804E-1;9,432067E-1;;
02/12/2021  12:05:24,266858;9,496822E-1;1,334259E-1;1,363715E-1;9,433890E-1;;
02/12/2021  12:05:24,266958;9,503438E-1;1,152668E-1;1,221546E-1;9,435703E-1;;
02/12/2021  12:05:24,267058;9,492798E-1;1,401161E-1;1,540637E-1;9,437510E-1;;
02/12/2021  12:05:24,267158;9,485705E-1;1,436204E-1;1,316326E-1;9,439312E-1;;
02/12/2021  12:05:24,267258;9,491994E-1;1,200455E-1;1,227865E-1;9,441109E-1;;
02/12/2021  12:05:24,267358;9,490861E-1;1,254614E-1;1,562753E-1;9,442899E-1;;
02/12/2021  12:05:24,267458;9,494974E-1;1,299215E-1;1,215227E-1;9,444681E-1;;
02/12/2021  12:05:24,267558;9,479208E-1;1,538150E-1;1,373193E-1;9,446454E-1;;
02/12/2021  12:05:24,267658;9,473874E-1;1,264171E-1;1,262617E-1;9,448216E-1;;
02/12/2021  12:05:24,267758;9,477182E-1;1,264171E-1;1,297370E-1;9,449961E-1;;
02/12/2021  12:05:24,267858;9,481950E-1;1,280100E-1;1,370034E-1;9,451686E-1;;
02/12/2021  12:05:24,267958;9,474052E-1;1,391603E-1;1,354238E-1;9,453387E-1;;
02/12/2021  12:05:24,268058;9,464217E-1;1,273729E-1;1,202590E-1;9,455058E-1;;
02/12/2021  12:05:24,268158;9,464158E-1;9,965640E-2;8,771802E-2;9,456696E-1;;
02/12/2021  12:05:24,268258;9,469790E-1;2,060621E-1;2,264122E-1;9,458293E-1;;
02/12/2021  12:05:24,268358;9,470565E-1;1,117624E-1;1,303688E-1;9,459846E-1;;
02/12/2021  12:05:24,268458;9,469492E-1;1,276914E-1;1,452176E-1;9,461350E-1;;
02/12/2021  12:05:24,268558;9,461446E-1;1,203641E-1;1,212068E-1;9,462802E-1;;
02/12/2021  12:05:24,268658;9,458376E-1;1,241871E-1;1,249980E-1;9,464199E-1;;
02/12/2021  12:05:24,268758;9,464545E-1;1,216384E-1;1,237343E-1;9,465535E-1;;
02/12/2021  12:05:24,268858;9,471430E-1;1,334259E-1;1,328963E-1;9,466807E-1;;
02/12/2021  12:05:24,268958;9,463591E-1;1,276914E-1;1,322644E-1;9,468015E-1;;
02/12/2021  12:05:24,269058;9,453399E-1;1,289658E-1;1,287892E-1;9,469155E-1;;
02/12/2021  12:05:24,269158;9,452028E-1;1,127182E-1;1,180475E-1;9,470225E-1;;
02/12/2021  12:05:24,269258;9,458644E-1;1,448948E-1;1,660692E-1;9,471223E-1;;
02/12/2021  12:05:24,269358;9,452922E-1;1,292843E-1;1,155200E-1;9,472145E-1;;
02/12/2021  12:05:24,269458;9,445501E-1;1,130368E-1;1,016190E-1;9,472989E-1;;
02/12/2021  12:05:24,269558;9,433729E-1;3,434750E-2;7,034176E-2;9,473754E-1;;
02/12/2021  12:05:24,269658;9,423119E-1;1,331073E-1;1,338441E-1;9,474433E-1;;
02/12/2021  12:05:24,269758;9,428513E-1;9,901924E-2;1,076217E-1;9,475024E-1;;
02/12/2021  12:05:24,269858;9,421986E-1;1,219570E-1;1,240502E-1;9,475519E-1;;
02/12/2021  12:05:24,269958;9,415221E-1;1,012493E-1;1,060421E-1;9,475915E-1;;
02/12/2021  12:05:24,270058;9,403389E-1;6,716124E-2;9,719598E-2;9,476208E-1;;
02/12/2021  12:05:24,270158;9,400797E-1;1,318330E-1;1,268936E-1;9,476391E-1;;
02/12/2021  12:05:24,270258;9,405774E-1;1,219570E-1;1,379512E-1;9,476460E-1;;
02/12/2021  12:05:24,270358;9,399843E-1;1,429833E-1;1,641736E-1;9,476410E-1;;
02/12/2021  12:05:24,270458;9,393703E-1;1,302401E-1;1,291051E-1;9,476238E-1;;
02/12/2021  12:05:24,270558;9,382736E-1;1,216384E-1;1,189953E-1;9,475941E-1;;
02/12/2021  12:05:24,270658;9,386402E-1;1,260985E-1;1,351078E-1;9,475517E-1;;
02/12/2021  12:05:24,270758;9,389799E-1;1,318330E-1;1,433221E-1;9,474961E-1;;
02/12/2021  12:05:24,270858;9,390991E-1;1,187712E-1;1,237343E-1;9,474275E-1;;
02/12/2021  12:05:24,270958;9,389650E-1;1,340630E-1;1,319485E-1;9,473457E-1;;
02/12/2021  12:05:24,271058;9,380560E-1;1,337445E-1;1,354238E-1;9,472511E-1;;
02/12/2021  12:05:24,271158;9,387624E-1;1,700626E-1;1,768108E-1;9,471438E-1;;
02/12/2021  12:05:24,271258;9,393584E-1;1,238685E-1;1,148882E-1;9,470241E-1;;
02/12/2021  12:05:24,271358;9,390246E-1;1,235499E-1;1,180475E-1;9,468924E-1;;
02/12/2021  12:05:24,271458;9,387922E-1;1,366117E-1;1,461654E-1;9,467494E-1;;
02/12/2021  12:05:24,271558;9,376328E-1;1,206827E-1;1,246821E-1;9,465954E-1;;
02/12/2021  12:05:24,271658;9,387922E-1;1,308772E-1;1,249980E-1;9,464312E-1;;
02/12/2021  12:05:24,271758;9,388279E-1;1,324701E-1;1,480610E-1;9,462570E-1;;
02/12/2021  12:05:24,271858;9,379458E-1;1,337445E-1;1,259458E-1;9,460737E-1;;
02/12/2021  12:05:24,271958;9,373229E-1;1,442576E-1;1,404787E-1;9,458819E-1;;
02/12/2021  12:05:24,272058;9,362977E-1;1,315144E-1;1,287892E-1;9,456819E-1;;
02/12/2021  12:05:24,272158;9,361308E-1;5,314372E-2;7,666040E-2;9,454742E-1;;
02/12/2021  12:05:24,272258;9,360682E-1;1,108067E-1;1,208909E-1;9,452591E-1;;
02/12/2021  12:05:24,272358;9,356748E-1;1,321516E-1;1,313166E-1;9,450369E-1;;
02/12/2021  12:05:24,272458;9,339492E-1;1,165411E-1;1,133085E-1;9,448078E-1;;
02/12/2021  12:05:24,272558;9,331356E-1;5,855958E-2;9,466852E-2;9,445720E-1;;
02/12/2021  12:05:24,272658;9,334962E-1;1,372488E-1;1,708081E-1;9,443295E-1;;
02/12/2021  12:05:24,272758;9,331505E-1;1,283286E-1;1,281573E-1;9,440803E-1;;
02/12/2021  12:05:24,272858;9,328345E-1;1,340630E-1;1,259458E-1;9,438245E-1;;
02/12/2021  12:05:24,272958;9,319732E-1;1,206827E-1;1,189953E-1;9,435622E-1;;
02/12/2021  12:05:24,273058;9,324262E-1;1,155854E-1;1,278414E-1;9,432935E-1;;
02/12/2021  12:05:24,273158;9,329180E-1;1,133553E-1;1,196272E-1;9,430186E-1;;
02/12/2021  12:05:24,273258;9,328584E-1;1,168597E-1;1,193112E-1;9,427377E-1;;
02/12/2021  12:05:24,273358;9,334604E-1;1,034794E-1;1,114129E-1;9,424514E-1;;
02/12/2021  12:05:24,273458;9,325693E-1;1,063466E-1;1,120448E-1;9,421602E-1;;
02/12/2021  12:05:24,273558;9,331326E-1;1,095324E-1;1,098333E-1;9,418646E-1;;
02/12/2021  12:05:24,273658;9,342085E-1;1,276914E-1;1,253139E-1;9,415654E-1;;
02/12/2021  12:05:24,273758;9,337406E-1;1,219570E-1;1,287892E-1;9,412631E-1;;
02/12/2021  12:05:24,273858;9,334574E-1;1,037979E-1;1,205749E-1;9,409588E-1;;
02/12/2021  12:05:24,273958;9,329210E-1;9,041758E-2;1,022509E-1;9,406530E-1;;
02/12/2021  12:05:24,274058;9,336184E-1;1,092138E-1;1,205749E-1;9,403466E-1;;
02/12/2021  12:05:24,274158;9,346346E-1;6,747982E-2;1,019350E-1;9,400401E-1;;
02/12/2021  12:05:24,274258;9,344707E-1;9,009900E-2;1,013031E-1;9,397345E-1;;
02/12/2021  12:05:24,274358;9,346048E-1;8,946184E-2;1,031987E-1;9,394307E-1;;
02/12/2021  12:05:24,274458;9,340594E-1;7,958586E-2;1,344760E-1;9,391295E-1;;
02/12/2021  12:05:24,274558;9,338687E-1;1,174969E-1;1,275255E-1;9,388316E-1;;
02/12/2021  12:05:24,274658;9,347241E-1;1,063466E-1;1,313166E-1;9,385378E-1;;
02/12/2021  12:05:24,274758;9,344260E-1;8,181592E-2;1,069899E-1;9,382487E-1;;
02/12/2021  12:05:24,274858;9,343277E-1;9,774492E-2;1,085695E-1;9,379650E-1;;
02/12/2021  12:05:24,274958;9,333889E-1;1,034794E-1;1,180475E-1;9,376873E-1;;
02/12/2021  12:05:24,275058;9,338240E-1;8,500172E-2;8,771802E-2;9,374160E-1;;
02/12/2021  12:05:24,275158;9,345065E-1;9,137332E-2;9,277293E-2;9,371515E-1;;
02/12/2021  12:05:24,275258;9,344648E-1;6,684266E-2;6,970989E-2;9,368943E-1;;
02/12/2021  12:05:24,275358;9,339849E-1;1,092138E-1;1,316326E-1;9,366447E-1;;
02/12/2021  12:05:24,275458;9,332160E-1;1,155854E-1;1,306848E-1;9,364030E-1;;
02/12/2021  12:05:24,275558;9,335498E-1;7,703722E-2;8,645429E-2;9,361696E-1;;
02/12/2021  12:05:24,275658;9,343158E-1;1,057094E-1;1,066739E-1;9,359444E-1;;
02/12/2021  12:05:24,275758;9,344201E-1;6,556834E-2;8,297904E-2;9,357278E-1;;
02/12/2021  12:05:24,275858;9,342770E-1;1,633724E-1;1,518522E-1;9,355199E-1;;
02/12/2021  12:05:24,275958;9,338806E-1;1,573194E-1;1,316326E-1;9,353209E-1;;
02/12/2021  12:05:24,276058;9,341846E-1;1,550893E-1;1,388990E-1;9,351310E-1;;
02/12/2021  12:05:24,276158;9,354095E-1;1,732484E-1;1,818658E-1;9,349502E-1;;
02/12/2021  12:05:24,276258;9,358238E-1;1,745227E-1;1,569071E-1;9,347788E-1;;
02/12/2021  12:05:24,276358;9,353738E-1;7,799296E-2;8,645429E-2;9,346171E-1;;
02/12/2021  12:05:24,276458;9,352188E-1;6,270112E-2;1,698603E-1;9,344653E-1;;
02/12/2021  12:05:24,276558;9,359311E-1;1,238685E-1;1,262617E-1;9,343235E-1;;
02/12/2021  12:05:24,276658;9,370696E-1;1,413904E-1;1,452176E-1;9,341921E-1;;
02/12/2021  12:05:24,276758;9,371739E-1;1,286472E-1;1,291051E-1;9,340711E-1;;
02/12/2021  12:05:24,276858;9,375226E-1;1,088952E-1;1,092014E-1;9,339610E-1;;
02/12/2021  12:05:24,276958;9,378027E-1;-3,032424E-2;-6,429717E-3;9,338620E-1;;
02/12/2021  12:05:24,277058;9,392303E-1;1,181340E-1;1,221546E-1;9,337746E-1;;
02/12/2021  12:05:24,277158;9,401035E-1;1,241871E-1;1,300529E-1;9,336990E-1;;
02/12/2021  12:05:24,277258;9,411526E-1;1,375674E-1;1,565912E-1;9,336359E-1;;
02/12/2021  12:05:24,277358;9,407115E-1;1,251428E-1;1,300529E-1;9,335857E-1;;
02/12/2021  12:05:24,277458;9,415817E-1;1,197269E-1;1,354238E-1;9,335491E-1;;
02/12/2021  12:05:24,277558;9,432507E-1;1,085766E-1;1,092014E-1;9,335266E-1;;
02/12/2021  12:05:24,277658;9,441686E-1;1,225942E-1;1,240502E-1;9,335187E-1;;
02/12/2021  12:05:24,277758;9,450806E-1;1,347002E-1;1,502726E-1;9,335261E-1;;
02/12/2021  12:05:24,277858;9,452803E-1;1,260985E-1;1,281573E-1;9,335495E-1;;
02/12/2021  12:05:24,277958;9,470744E-1;1,334259E-1;1,310007E-1;9,335896E-1;;
02/12/2021  12:05:24,278058;9,483589E-1;2,226283E-1;2,115634E-1;9,336471E-1;;
02/12/2021  12:05:24,278158;9,492202E-1;1,206827E-1;1,240502E-1;9,337227E-1;;
02/12/2021  12:05:24,278258;9,494825E-1;1,104881E-1;9,245700E-2;9,338174E-1;;
02/12/2021  12:05:24,278358;9,498938E-1;1,633724E-1;2,093518E-1;9,339316E-1;;
02/12/2021  12:05:24,278458;9,504124E-1;1,296029E-1;1,262617E-1;9,340660E-1;;
02/12/2021  12:05:24,278558;9,524211E-1;1,260985E-1;1,259458E-1;9,342211E-1;;
02/12/2021  12:05:24,278658;9,533569E-1;1,305587E-1;1,268936E-1;9,343971E-1;;
02/12/2021  12:05:24,278758;9,536996E-1;1,041165E-1;1,035146E-1;9,345948E-1;;
02/12/2021  12:05:24,278858;9,542301E-1;1,280100E-1;1,584868E-1;9,348143E-1;;
02/12/2021  12:05:24,278958;9,550080E-1;1,267357E-1;1,237343E-1;9,350562E-1;;
02/12/2021  12:05:24,279058;9,570376E-1;9,870066E-2;1,164678E-1;9,353204E-1;;
02/12/2021  12:05:24,279158;9,571598E-1;1,149482E-1;9,340479E-2;9,356074E-1;;
02/12/2021  12:05:24,279258;9,575621E-1;1,315144E-1;1,379512E-1;9,359172E-1;;
02/12/2021  12:05:24,279358;9,576455E-1;1,407532E-1;1,227865E-1;9,362500E-1;;
02/12/2021  12:05:24,279458;9,584830E-1;1,155854E-1;1,395309E-1;9,366054E-1;;
02/12/2021  12:05:24,279558;9,599732E-1;1,082581E-1;1,540637E-1;9,369835E-1;;
02/12/2021  12:05:24,279658;9,601997E-1;1,372488E-1;1,382671E-1;9,373837E-1;;
02/12/2021  12:05:24,279758;9,604053E-1;1,362931E-1;1,388990E-1;9,378060E-1;;
02/12/2021  12:05:24,279858;9,603427E-1;1,299215E-1;1,322644E-1;9,382498E-1;;
02/12/2021  12:05:24,279958;9,611951E-1;9,519628E-2;9,245700E-2;9,387145E-1;;
02/12/2021  12:05:24,280058;9,620445E-1;1,362931E-1;1,313166E-1;9,391994E-1;;
02/12/2021  12:05:24,280158;9,624051E-1;1,366117E-1;1,341600E-1;9,397039E-1;;
02/12/2021  12:05:24,280258;9,622352E-1;1,350188E-1;1,575390E-1;9,402271E-1;;
02/12/2021  12:05:24,280358;9,619610E-1;1,327887E-1;1,310007E-1;9,407681E-1;;
02/12/2021  12:05:24,280458;9,635167E-1;1,391603E-1;1,287892E-1;9,413260E-1;;
02/12/2021  12:05:24,280558;9,640919E-1;1,401161E-1;1,565912E-1;9,418996E-1;;
02/12/2021  12:05:24,280658;9,641515E-1;1,123996E-1;1,234183E-1;9,424880E-1;;
02/12/2021  12:05:24,280758;9,643959E-1;1,289658E-1;1,275255E-1;9,430901E-1;;
02/12/2021  12:05:24,280858;9,644138E-1;1,283286E-1;1,253139E-1;9,437050E-1;;
02/12/2021  12:05:24,280958;9,651559E-1;1,315144E-1;1,332122E-1;9,443313E-1;;
02/12/2021  12:05:24,281058;9,661811E-1;1,321516E-1;1,373193E-1;9,449681E-1;;
02/12/2021  12:05:24,281158;9,649979E-1;1,401161E-1;1,392149E-1;9,456142E-1;;
02/12/2021  12:05:24,281258;9,655672E-1;1,181340E-1;1,167838E-1;9,462684E-1;;
02/12/2021  12:05:24,281358;9,652364E-1;5,186940E-2;1,237343E-1;9,469294E-1;;
02/12/2021  12:05:24,281458;9,662169E-1;1,538150E-1;1,834454E-1;9,475960E-1;;
02/12/2021  12:05:24,281558;9,662676E-1;1,327887E-1;1,354238E-1;9,482668E-1;;
02/12/2021  12:05:24,281658;9,665119E-1;1,260985E-1;1,313166E-1;9,489406E-1;;
02/12/2021  12:05:24,281758;9,656596E-1;1,232313E-1;1,208909E-1;9,496162E-1;;
02/12/2021  12:05:24,281858;9,655791E-1;1,461691E-1;1,395309E-1;9,502923E-1;;
02/12/2021  12:05:24,281958;9,669560E-1;1,436204E-1;1,531159E-1;9,509675E-1;;
02/12/2021  12:05:24,282058;9,671587E-1;1,375674E-1;1,373193E-1;9,516405E-1;;
02/12/2021  12:05:24,282158;9,667653E-1;1,292843E-1;1,354238E-1;9,523103E-1;;
02/12/2021  12:05:24,282258;9,662199E-1;1,257800E-1;1,388990E-1;9,529757E-1;;
02/12/2021  12:05:24,282358;9,666103E-1;1,241871E-1;1,085695E-1;9,536355E-1;;
02/12/2021  12:05:24,282458;9,671587E-1;1,251428E-1;1,196272E-1;9,542887E-1;;
02/12/2021  12:05:24,282558;9,670573E-1;1,283286E-1;1,275255E-1;9,549342E-1;;
02/12/2021  12:05:24,282658;9,669202E-1;1,187712E-1;1,158360E-1;9,555709E-1;;
02/12/2021  12:05:24,282758;9,660053E-1;1,318330E-1;1,196272E-1;9,561978E-1;;
02/12/2021  12:05:24,282858;9,660977E-1;1,375674E-1;1,376353E-1;9,568141E-1;;
02/12/2021  12:05:24,282958;9,667295E-1;1,245056E-1;1,117289E-1;9,574186E-1;;
02/12/2021  12:05:24,283058;9,660530E-1;1,143111E-1;1,243661E-1;9,580103E-1;;
02/12/2021  12:05:24,283158;9,656804E-1;1,305587E-1;1,335282E-1;9,585885E-1;;
02/12/2021  12:05:24,283258;9,640860E-1;1,311958E-1;8,171531E-2;9,591520E-1;;
02/12/2021  12:05:24,283358;9,646284E-1;1,382046E-1;1,291051E-1;9,597000E-1;;
02/12/2021  12:05:24,283458;9,648400E-1;1,410718E-1;1,284732E-1;9,602314E-1;;
02/12/2021  12:05:24,283558;9,643035E-1;1,343816E-1;1,423743E-1;9,607452E-1;;
02/12/2021  12:05:24,283658;9,631829E-1;1,573194E-1;1,467973E-1;9,612407E-1;;
02/12/2021  12:05:24,283758;9,622352E-1;1,171783E-1;1,227865E-1;9,617170E-1;;
02/12/2021  12:05:24,283858;9,616272E-1;1,139925E-1;1,284732E-1;9,621731E-1;;
02/12/2021  12:05:24,283958;9,618984E-1;1,222756E-1;1,120448E-1;9,626081E-1;;
02/12/2021  12:05:24,284058;9,608464E-1;5,186940E-2;9,435259E-2;9,630209E-1;;
02/12/2021  12:05:24,284158;9,600417E-1;1,331073E-1;1,281573E-1;9,634110E-1;;
02/12/2021  12:05:24,284258;9,579615E-1;1,337445E-1;1,284732E-1;9,637773E-1;;
02/12/2021  12:05:24,284358;9,583251E-1;1,092138E-1;8,455870E-2;9,641188E-1;;
02/12/2021  12:05:24,284458;9,572819E-1;1,229127E-1;1,360556E-1;9,644348E-1;;
02/12/2021  12:05:24,284558;9,561673E-1;1,117624E-1;1,082536E-1;9,647243E-1;;
02/12/2021  12:05:24,284658;9,549931E-1;1,178155E-1;1,208909E-1;9,649864E-1;;
02/12/2021  12:05:24,284758;9,542063E-1;9,647060E-2;9,308886E-2;9,652203E-1;;
02/12/2021  12:05:24,284858;9,542093E-1;3,243602E-2;1,073058E-1;9,654251E-1;;
02/12/2021  12:05:24,284958;9,529844E-1;1,611423E-1;1,824976E-1;9,656002E-1;;
02/12/2021  12:05:24,285058;9,522750E-1;1,417090E-1;1,291051E-1;9,657450E-1;;
02/12/2021  12:05:24,285158;9,511187E-1;4,772786E-2;8,266311E-2;9,658589E-1;;
02/12/2021  12:05:24,285258;9,498282E-1;1,302401E-1;1,376353E-1;9,659415E-1;;
02/12/2021  12:05:24,285358;9,495093E-1;1,372488E-1;1,404787E-1;9,659923E-1;;
02/12/2021  12:05:24,285458;9,481116E-1;1,213198E-1;1,370034E-1;9,660107E-1;;
02/12/2021  12:05:24,285558;9,475721E-1;1,210013E-1;1,221546E-1;9,659966E-1;;
02/12/2021  12:05:24,285658;9,467615E-1;7,894870E-2;9,087734E-2;9,659496E-1;;
02/12/2021  12:05:24,285758;9,446753E-1;1,675139E-1;1,986102E-1;9,658696E-1;;
02/12/2021  12:05:24,285858;9,449107E-1;1,318330E-1;1,310007E-1;9,657563E-1;;
02/12/2021  12:05:24,285958;9,437752E-1;1,388417E-1;1,388990E-1;9,656096E-1;;
02/12/2021  12:05:24,286058;9,420973E-1;1,474434E-1;1,727037E-1;9,654296E-1;;
02/12/2021  12:05:24,286158;9,403598E-1;1,260985E-1;1,268936E-1;9,652163E-1;;
02/12/2021  12:05:24,286258;9,386938E-1;1,445762E-1;1,430061E-1;9,649694E-1;;
02/12/2021  12:05:24,286358;9,378295E-1;1,044351E-1;8,297904E-2;9,646890E-1;;
02/12/2021  12:05:24,286458;9,367209E-1;1,407532E-1;1,202590E-1;9,643748E-1;;
02/12/2021  12:05:24,286558;9,358327E-1;1,397975E-1;1,433221E-1;9,640269E-1;;
02/12/2021  12:05:24,286658;9,340267E-1;1,318330E-1;1,370034E-1;9,636452E-1;;
02/12/2021  12:05:24,286758;9,327690E-1;1,146297E-1;1,249980E-1;9,632298E-1;;
02/12/2021  12:05:24,286858;9,328524E-1;1,076209E-1;1,186794E-1;9,627809E-1;;
02/12/2021  12:05:24,286958;9,309599E-1;1,178155E-1;1,183634E-1;9,622987E-1;;
02/12/2021  12:05:24,287058;9,293118E-1;7,289568E-2;7,697633E-2;9,617834E-1;;
02/12/2021  12:05:24,287158;9,273836E-1;1,082581E-1;1,471132E-1;9,612354E-1;;
02/12/2021  12:05:24,287258;9,266921E-1;1,073023E-1;1,069899E-1;9,606549E-1;;
02/12/2021  12:05:24,287358;9,263405E-1;1,063466E-1;1,148882E-1;9,600422E-1;;
02/12/2021  12:05:24,287458;9,250887E-1;1,082581E-1;1,164678E-1;9,593978E-1;;
02/12/2021  12:05:24,287558;9,230264E-1;1,006121E-1;1,054102E-1;9,587221E-1;;
02/12/2021  12:05:24,287658;9,215332E-1;-1,375808E-2;6,560278E-2;9,580157E-1;;
02/12/2021  12:05:24,287758;9,211100E-1;1,018865E-1;1,129926E-1;9,572792E-1;;
02/12/2021  12:05:24,287858;9,209223E-1;1,114439E-1;1,215227E-1;9,565130E-1;;
02/12/2021  12:05:24,287958;9,198255E-1;1,245056E-1;1,783905E-1;9,557181E-1;;
02/12/2021  12:05:24,288058;9,179152E-1;1,149482E-1;1,193112E-1;9,548953E-1;;
02/12/2021  12:05:24,288158;9,167767E-1;1,012493E-1;1,028828E-1;9,540455E-1;;
02/12/2021  12:05:24,288258;9,164608E-1;8,532030E-2;1,155200E-1;9,531696E-1;;
02/12/2021  12:05:24,288358;9,161061E-1;3,763818E-3;5,359736E-2;9,522686E-1;;
02/12/2021  12:05:24,288458;9,156770E-1;1,047537E-1;1,177316E-1;9,513436E-1;;
02/12/2021  12:05:24,288558;9,149349E-1;9,360338E-2;1,050943E-1;9,503960E-1;;
02/12/2021  12:05:24,288658;9,141898E-1;1,245056E-1;1,692285E-1;9,494271E-1;;
02/12/2021  12:05:24,288758;9,143299E-1;1,006121E-1;1,234183E-1;9,484385E-1;;
02/12/2021  12:05:24,288858;9,149974E-1;1,162226E-1;1,268936E-1;9,474317E-1;;
02/12/2021  12:05:24,288958;9,143686E-1;1,200455E-1;1,202590E-1;9,464086E-1;;
02/12/2021  12:05:24,289058;9,134537E-1;1,232313E-1;1,518522E-1;9,453711E-1;;
02/12/2021  12:05:24,289158;9,137517E-1;1,241871E-1;1,262617E-1;9,443213E-1;;
02/12/2021  12:05:24,289258;9,138947E-1;1,534964E-1;1,417424E-1;9,432610E-1;;
02/12/2021  12:05:24,289358;9,140944E-1;1,617795E-1;1,692285E-1;9,421925E-1;;
02/12/2021  12:05:24,289458;9,138530E-1;1,531778E-1;1,278414E-1;9,411179E-1;;
02/12/2021  12:05:24,289558;9,125417E-1;1,713369E-1;1,632258E-1;9,400394E-1;;
02/12/2021  12:05:24,289658;9,127563E-1;1,770713E-1;1,575390E-1;9,389590E-1;;
02/12/2021  12:05:24,289758;9,135967E-1;9,264764E-2;1,328963E-1;9,378789E-1;;
02/12/2021  12:05:24,289858;9,135937E-1;1,534964E-1;1,534319E-1;9,368011E-1;;
02/12/2021  12:05:24,289958;9,134149E-1;1,506292E-1;1,430061E-1;9,357278E-1;;
02/12/2021  12:05:24,290058;9,122258E-1;1,276914E-1;1,212068E-1;9,346611E-1;;
02/12/2021  12:05:24,290158;9,118055E-1;1,022050E-1;1,303688E-1;9,336028E-1;;
02/12/2021  12:05:24,290258;9,130752E-1;1,410718E-1;1,407946E-1;9,325548E-1;;
02/12/2021  12:05:24,290358;9,122824E-1;1,257800E-1;1,262617E-1;9,315188E-1;;
02/12/2021  12:05:24,290458;9,123658E-1;1,276914E-1;1,249980E-1;9,304964E-1;;
02/12/2021  12:05:24,290558;9,122794E-1;1,270543E-1;1,259458E-1;9,294895E-1;;
02/12/2021  12:05:24,290658;9,118562E-1;1,420275E-1;1,509044E-1;9,284994E-1;;
02/12/2021  12:05:24,290758;9,128308E-1;1,117624E-1;1,215227E-1;9,275276E-1;;
02/12/2021  12:05:24,290858;9,138292E-1;1,155854E-1;1,196272E-1;9,265755E-1;;
02/12/2021  12:05:24,290958;9,141153E-1;1,238685E-1;1,310007E-1;9,256447E-1;;
02/12/2021  12:05:24,291058;9,135162E-1;1,305587E-1;1,332122E-1;9,247367E-1;;
02/12/2021  12:05:24,291158;9,141570E-1;8,086018E-2;8,834988E-2;9,238529E-1;;
02/12/2021  12:05:24,291258;9,159035E-1;1,197269E-1;1,139404E-1;9,229945E-1;;
02/12/2021  12:05:24,291358;9,154326E-1;1,225942E-1;1,259458E-1;9,221631E-1;;
02/12/2021  12:05:24,291458;9,159809E-1;1,123996E-1;1,246821E-1;9,213598E-1;;
02/12/2021  12:05:24,291558;9,165472E-1;1,340630E-1;1,417424E-1;9,205861E-1;;
02/12/2021  12:05:24,291658;9,169644E-1;1,235499E-1;1,253139E-1;9,198429E-1;;
02/12/2021  12:05:24,291758;9,181029E-1;5,155082E-2;8,013565E-2;9,191315E-1;;
02/12/2021  12:05:24,291858;9,185529E-1;1,324701E-1;1,316326E-1;9,184530E-1;;
02/12/2021  12:05:24,291958;9,188480E-1;1,483991E-1;1,382671E-1;9,178082E-1;;
02/12/2021  12:05:24,292058;9,183622E-1;1,123996E-1;1,196272E-1;9,171982E-1;;
02/12/2021  12:05:24,292158;9,199596E-1;1,015679E-1;1,006712E-1;9,166236E-1;;
02/12/2021  12:05:24,292258;9,211547E-1;1,101695E-1;1,085695E-1;9,160851E-1;;
02/12/2021  12:05:24,292358;9,211339E-1;1,547707E-1;1,477451E-1;9,155834E-1;;
02/12/2021  12:05:24,292458;9,216644E-1;1,190898E-1;1,139404E-1;9,151191E-1;;
02/12/2021  12:05:24,292558;9,217896E-1;1,114439E-1;1,193112E-1;9,146926E-1;;
02/12/2021  12:05:24,292658;9,233959E-1;1,235499E-1;1,237343E-1;9,143042E-1;;
02/12/2021  12:05:24,292758;9,245165E-1;1,203641E-1;1,000394E-1;9,139542E-1;;
02/12/2021  12:05:24,292858;9,251811E-1;1,168597E-1;1,095173E-1;9,136430E-1;;
02/12/2021  12:05:24,292958;9,255716E-1;1,025236E-1;1,142563E-1;9,133708E-1;;
02/12/2021  12:05:24,293058;9,257951E-1;1,031608E-1;1,152041E-1;9,131378E-1;;
02/12/2021  12:05:24,293158;9,263643E-1;1,305587E-1;1,265777E-1;9,129440E-1;;
02/12/2021  12:05:24,293258;9,276339E-1;1,206827E-1;1,098333E-1;9,127893E-1;;
02/12/2021  12:05:24,293358;9,276488E-1;1,200455E-1;1,189953E-1;9,126735E-1;;
02/12/2021  12:05:24,293458;9,281167E-1;1,267357E-1;1,268936E-1;9,125962E-1;;
02/12/2021  12:05:24,293558;9,289989E-1;7,385142E-2;9,056141E-2;9,125572E-1;;
02/12/2021  12:05:24,293658;9,300092E-1;1,691068E-1;1,594346E-1;9,125560E-1;;
02/12/2021  12:05:24,293758;9,311477E-1;1,385232E-1;1,815498E-1;9,125919E-1;;
02/12/2021  12:05:24,293858;9,310017E-1;1,069837E-1;1,126766E-1;9,126646E-1;;
02/12/2021  12:05:24,293958;9,306083E-1;1,057094E-1;1,174156E-1;9,127734E-1;;
02/12/2021  12:05:24,294058;9,302566E-1;1,407532E-1;1,300529E-1;9,129175E-1;;
02/12/2021  12:05:24,294158;9,314755E-1;1,334259E-1;1,256299E-1;9,130957E-1;;
02/12/2021  12:05:24,294258;9,317348E-1;1,174969E-1;1,221546E-1;9,133070E-1;;
02/12/2021  12:05:24,294358;9,319434E-1;1,257800E-1;1,249980E-1;9,135500E-1;;
02/12/2021  12:05:24,294458;9,313474E-1;1,216384E-1;1,347919E-1;9,138235E-1;;
02/12/2021  12:05:24,294558;9,312311E-1;8,946184E-2;4,791059E-2;9,141261E-1;;
02/12/2021  12:05:24,294658;9,327511E-1;1,108067E-1;1,047783E-1;9,144561E-1;;
02/12/2021  12:05:24,294758;9,329716E-1;1,152668E-1;1,114129E-1;9,148120E-1;;
02/12/2021  12:05:24,294858;9,335349E-1;1,187712E-1;1,584868E-1;9,151924E-1;;
02/12/2021  12:05:24,294958;9,331713E-1;1,235499E-1;1,243661E-1;9,155958E-1;;
02/12/2021  12:05:24,295058;9,333323E-1;1,356559E-1;1,471132E-1;9,160206E-1;;
02/12/2021  12:05:24,295158;9,346287E-1;1,436204E-1;1,812339E-1;9,164652E-1;;
02/12/2021  12:05:24,295258;9,352188E-1;1,015679E-1;1,129926E-1;9,169282E-1;;
02/12/2021  12:05:24,295358;9,360294E-1;1,276914E-1;1,341600E-1;9,174083E-1;;
02/12/2021  12:05:24,295458;9,359013E-1;1,251428E-1;1,259458E-1;9,179040E-1;;
02/12/2021  12:05:24,295558;9,364944E-1;7,385142E-2;9,624818E-2;9,184142E-1;;
02/12/2021  12:05:24,295658;9,383958E-1;1,050723E-1;1,095173E-1;9,189376E-1;;
02/12/2021  12:05:24,295758;9,390038E-1;1,235499E-1;1,249980E-1;9,194731E-1;;
02/12/2021  12:05:24,295858;9,391617E-1;6,907272E-2;9,119327E-2;9,200199E-1;;
02/12/2021  12:05:24,295958;9,392064E-1;1,356559E-1;1,493248E-1;9,205770E-1;;
02/12/2021  12:05:24,296058;9,395045E-1;1,276914E-1;1,193112E-1;9,211436E-1;;
02/12/2021  12:05:24,296158;9,402078E-1;9,615202E-2;1,161519E-1;9,217185E-1;;
02/12/2021  12:05:24,296258;9,414118E-1;1,391603E-1;1,411105E-1;9,223009E-1;;
02/12/2021  12:05:24,296358;9,416711E-1;9,201048E-2;1,028828E-1;9,228900E-1;;
02/12/2021  12:05:24,296458;9,414923E-1;1,302401E-1;1,284732E-1;9,234849E-1;;
02/12/2021  12:05:24,296558;9,424252E-1;1,241871E-1;1,246821E-1;9,240849E-1;;
02/12/2021  12:05:24,296658;9,440852E-1;1,327887E-1;1,404787E-1;9,246892E-1;;
02/12/2021  12:05:24,296758;9,446306E-1;1,305587E-1;7,918786E-2;9,252972E-1;;
02/12/2021  12:05:24,296858;9,444607E-1;1,216384E-1;1,256299E-1;9,259085E-1;;
02/12/2021  12:05:24,296958;9,446812E-1;1,232313E-1;1,079377E-1;9,265224E-1;;
02/12/2021  12:05:24,297058;9,454412E-1;6,397544E-2;1,436380E-1;9,271385E-1;;
02/12/2021  12:05:24,297158;9,478165E-1;2,765732E-2;8,076751E-2;9,277562E-1;;
02/12/2021  12:05:24,297258;9,474648E-1;1,206827E-1;1,215227E-1;9,283752E-1;;
02/12/2021  12:05:24,297358;9,482993E-1;1,241871E-1;1,294210E-1;9,289952E-1;;
02/12/2021  12:05:24,297458;9,487195E-1;8,691320E-2;9,150920E-2;9,296162E-1;;
02/12/2021  12:05:24,297558;9,490057E-1;1,442576E-1;1,521681E-1;9,302377E-1;;
02/12/2021  12:05:24,297658;9,508505E-1;1,433019E-1;1,341600E-1;9,308596E-1;;
02/12/2021  12:05:24,297758;9,509458E-1;9,806350E-2;1,101492E-1;9,314817E-1;;
02/12/2021  12:05:24,297858;9,505971E-1;1,394789E-1;1,613302E-1;9,321039E-1;;
02/12/2021  12:05:24,297958;9,507014E-1;1,359745E-1;1,354238E-1;9,327260E-1;;
02/12/2021  12:05:24,298058;9,508207E-1;1,445762E-1;1,316326E-1;9,333478E-1;;
02/12/2021  12:05:24,298158;9,519889E-1;1,773899E-1;1,903959E-1;9,339686E-1;;
02/12/2021  12:05:24,298258;9,514793E-1;1,391603E-1;1,322644E-1;9,345883E-1;;
02/12/2021  12:05:24,298358;9,513452E-1;1,611423E-1;1,565912E-1;9,352064E-1;;
02/12/2021  12:05:24,298458;9,506776E-1;1,260985E-1;1,202590E-1;9,358222E-1;;
02/12/2021  12:05:24,298558;9,520366E-1;1,047537E-1;1,003553E-1;9,364352E-1;;
02/12/2021  12:05:24,298658;9,528711E-1;1,283286E-1;1,370034E-1;9,370448E-1;;
02/12/2021  12:05:24,298758;9,521350E-1;1,347002E-1;1,357397E-1;9,376504E-1;;
02/12/2021  12:05:24,298858;9,515598E-1;1,267357E-1;1,237343E-1;9,382515E-1;;
02/12/2021  12:05:24,298958;9,514763E-1;1,923632E-1;1,828136E-1;9,388474E-1;;
02/12/2021  12:05:24,299058;9,521588E-1;1,512664E-1;1,569071E-1;9,394374E-1;;
02/12/2021  12:05:24,299158;9,528294E-1;1,130368E-1;1,180475E-1;9,400208E-1;;
02/12/2021  12:05:24,299258;9,520217E-1;1,289658E-1;1,306848E-1;9,405970E-1;;
02/12/2021  12:05:24,299358;9,515598E-1;1,178155E-1;1,180475E-1;9,411653E-1;;
02/12/2021  12:05:24,299458;9,517714E-1;1,315144E-1;1,186794E-1;9,417250E-1;;
02/12/2021  12:05:24,299558;9,526684E-1;1,426647E-1;1,518522E-1;9,422754E-1;;
02/12/2021  12:05:24,299658;9,531691E-1;1,407532E-1;1,420583E-1;9,428160E-1;;
02/12/2021  12:05:24,299758;9,522989E-1;1,439390E-1;1,382671E-1;9,433461E-1;;
02/12/2021  12:05:24,299858;9,517684E-1;1,245056E-1;1,215227E-1;9,438654E-1;;
02/12/2021  12:05:24,299958;9,506687E-1;1,140974E-2;7,002583E-2;9,443733E-1;;
02/12/2021  12:05:24,300058;9,518518E-1;1,187712E-1;1,129926E-1;9,448690E-1;;
02/12/2021  12:05:24,300158;9,516253E-1;1,273729E-1;1,316326E-1;9,453518E-1;;
02/12/2021  12:05:24,300258;9,512200E-1;1,222756E-1;1,294210E-1;9,458212E-1;;
02/12/2021  12:05:24,300358;9,504839E-1;1,315144E-1;1,401627E-1;9,462767E-1;;
02/12/2021  12:05:24,300458;9,501382E-1;1,139925E-1;1,193112E-1;9,467176E-1;;
02/12/2021  12:05:24,300558;9,514078E-1;1,034794E-1;1,265777E-1;9,471433E-1;;
02/12/2021  12:05:24,300658;9,511395E-1;1,117624E-1;1,218387E-1;9,475534E-1;;
02/12/2021  12:05:24,300758;9,502544E-1;1,022050E-1;1,082536E-1;9,479475E-1;;
02/12/2021  12:05:24,300858;9,496017E-1;1,092138E-1;1,249980E-1;9,483252E-1;;
02/12/2021  12:05:24,300958;9,499683E-1;9,519628E-2;1,110970E-1;9,486862E-1;;
02/12/2021  12:05:24,301058;9,507610E-1;1,088952E-1;1,123607E-1;9,490301E-1;;
02/12/2021  12:05:24,301158;9,503080E-1;5,824100E-2;1,019350E-1;9,493566E-1;;
02/12/2021  12:05:24,301258;9,505465E-1;8,882468E-2;9,688005E-2;9,496658E-1;;
02/12/2021  12:05:24,301358;9,496285E-1;9,169190E-2;1,088855E-1;9,499575E-1;;
02/12/2021  12:05:24,301458;9,504869E-1;1,009307E-1;1,136244E-1;9,502317E-1;;
02/12/2021  12:05:24,301558;9,515538E-1;8,468314E-2;7,034176E-2;9,504886E-1;;
02/12/2021  12:05:24,301658;9,509279E-1;9,232906E-2;1,104651E-1;9,507283E-1;;
02/12/2021  12:05:24,301758;9,503170E-1;1,108067E-1;1,196272E-1;9,509513E-1;;
02/12/2021  12:05:24,301858;9,494140E-1;1,225942E-1;1,272095E-1;9,511577E-1;;
02/12/2021  12:05:24,301958;9,498133E-1;9,774492E-2;1,395309E-1;9,513478E-1;;
02/12/2021  12:05:24,302058;9,500815E-1;1,165411E-1;1,177316E-1;9,515217E-1;;
02/12/2021  12:05:24,302158;9,494020E-1;1,155854E-1;1,332122E-1;9,516796E-1;;
02/12/2021  12:05:24,302258;9,483977E-1;1,123996E-1;1,287892E-1;9,518219E-1;;
02/12/2021  12:05:24,302358;9,486450E-1;1,203641E-1;1,278414E-1;9,519487E-1;;
02/12/2021  12:05:24,302458;9,500279E-1;1,340630E-1;1,382671E-1;9,520601E-1;;
02/12/2021  12:05:24,302558;9,501054E-1;2,258141E-1;2,355742E-1;9,521565E-1;;
02/12/2021  12:05:24,302658;9,495958E-1;1,413904E-1;1,259458E-1;9,522384E-1;;
02/12/2021  12:05:24,302758;9,491904E-1;1,691068E-1;1,575390E-1;9,523064E-1;;
02/12/2021  12:05:24,302858;9,485526E-1;1,793014E-1;1,613302E-1;9,523610E-1;;
02/12/2021  12:05:24,302958;9,494318E-1;1,659210E-1;1,464814E-1;9,524025E-1;;
02/12/2021  12:05:24,303058;9,504541E-1;1,554079E-1;1,531159E-1;9,524314E-1;;
02/12/2021  12:05:24,303158;9,495868E-1;1,636910E-1;1,540637E-1;9,524484E-1;;
02/12/2021  12:05:24,303258;9,496196E-1;1,636910E-1;1,600664E-1;9,524542E-1;;
02/12/2021  12:05:24,303358;9,494348E-1;1,311958E-1;1,284732E-1;9,524494E-1;;
02/12/2021  12:05:24,303458;9,503706E-1;1,369303E-1;1,291051E-1;9,524347E-1;;
02/12/2021  12:05:24,303558;9,506538E-1;1,394789E-1;1,360556E-1;9,524107E-1;;
02/12/2021  12:05:24,303658;9,502037E-1;1,436204E-1;1,423743E-1;9,523782E-1;;
02/12/2021  12:05:24,303758;9,485705E-1;1,222756E-1;1,208909E-1;9,523380E-1;;
02/12/2021  12:05:24,303858;9,485765E-1;1,181340E-1;1,351078E-1;9,522906E-1;;
02/12/2021  12:05:24,303958;9,493842E-1;1,350188E-1;1,471132E-1;9,522364E-1;;
02/12/2021  12:05:24,304058;9,492053E-1;1,289658E-1;1,300529E-1;9,521758E-1;;
02/12/2021  12:05:24,304158;9,483917E-1;1,480806E-1;1,461654E-1;9,521093E-1;;
02/12/2021  12:05:24,304258;9,479894E-1;1,372488E-1;1,360556E-1;9,520373E-1;;
02/12/2021  12:05:24,304358;9,481741E-1;1,554079E-1;1,701763E-1;9,519601E-1;;
02/12/2021  12:05:24,304458;9,485944E-1;1,270543E-1;1,366875E-1;9,518781E-1;;
02/12/2021  12:05:24,304558;9,484722E-1;1,426647E-1;1,395309E-1;9,517915E-1;;
02/12/2021  12:05:24,304658;9,472026E-1;1,404346E-1;1,328963E-1;9,517007E-1;;
02/12/2021  12:05:24,304758;9,465558E-1;1,420275E-1;1,581709E-1;9,516060E-1;;
02/12/2021  12:05:24,304858;9,469254E-1;1,292843E-1;1,249980E-1;9,515075E-1;;
02/12/2021  12:05:24,304958;9,477450E-1;1,359745E-1;1,351078E-1;9,514052E-1;;
02/12/2021  12:05:24,305058;9,468420E-1;1,350188E-1;1,328963E-1;9,512994E-1;;
02/12/2021  12:05:24,305158;9,463919E-1;1,232313E-1;1,287892E-1;9,511903E-1;;
02/12/2021  12:05:24,305258;9,454859E-1;1,203641E-1;1,287892E-1;9,510780E-1;;
02/12/2021  12:05:24,305358;9,456826E-1;1,362931E-1;1,414265E-1;9,509626E-1;;
02/12/2021  12:05:24,305458;9,463740E-1;1,162226E-1;1,133085E-1;9,508439E-1;;
02/12/2021  12:05:24,305558;9,456856E-1;1,229127E-1;1,227865E-1;9,507222E-1;;
02/12/2021  12:05:24,305658;9,446663E-1;1,241871E-1;1,234183E-1;9,505976E-1;;
02/12/2021  12:05:24,305758;9,439332E-1;1,114439E-1;1,025668E-1;9,504699E-1;;
02/12/2021  12:05:24,305858;9,436381E-1;1,471248E-1;1,467973E-1;9,503392E-1;;
02/12/2021  12:05:24,305958;9,446991E-1;1,366117E-1;1,524841E-1;9,502052E-1;;
02/12/2021  12:05:24,306058;9,432507E-1;1,334259E-1;1,335282E-1;9,500679E-1;;
02/12/2021  12:05:24,306158;9,435249E-1;1,184526E-1;1,227865E-1;9,499271E-1;;
02/12/2021  12:05:24,306258;9,435964E-1;9,105474E-2;9,877564E-2;9,497830E-1;;
02/12/2021  12:05:24,306358;9,436501E-1;1,162226E-1;1,262617E-1;9,496354E-1;;
02/12/2021  12:05:24,306458;9,441835E-1;1,372488E-1;1,291051E-1;9,494845E-1;;
02/12/2021  12:05:24,306558;9,444756E-1;1,076209E-1;9,972343E-2;9,493304E-1;;
02/12/2021  12:05:24,306658;9,440941E-1;1,490363E-1;1,515363E-1;9,491736E-1;;
02/12/2021  12:05:24,306758;9,439421E-1;1,407532E-1;1,388990E-1;9,490142E-1;;
02/12/2021  12:05:24,306858;9,444607E-1;1,104881E-1;1,079377E-1;9,488526E-1;;
02/12/2021  12:05:24,306958;9,448928E-1;1,292843E-1;2,077722E-1;9,486892E-1;;
02/12/2021  12:05:24,307058;9,448452E-1;1,136739E-1;1,107811E-1;9,485245E-1;;
02/12/2021  12:05:24,307158;9,446753E-1;1,483991E-1;1,414265E-1;9,483588E-1;;
02/12/2021  12:05:24,307258;9,447081E-1;1,366117E-1;1,325804E-1;9,481928E-1;;
02/12/2021  12:05:24,307358;9,460373E-1;1,264171E-1;1,246821E-1;9,480269E-1;;
02/12/2021  12:05:24,307458;9,463591E-1;1,324701E-1;1,395309E-1;9,478617E-1;;
02/12/2021  12:05:24,307558;9,460432E-1;1,216384E-1;1,272095E-1;9,476979E-1;;
02/12/2021  12:05:24,307658;9,455634E-1;1,241871E-1;1,136244E-1;9,475361E-1;;
02/12/2021  12:05:24,307758;9,448094E-1;9,201048E-2;1,189953E-1;9,473768E-1;;
02/12/2021  12:05:24,307858;9,450955E-1;1,493549E-1;1,474292E-1;9,472205E-1;;
02/12/2021  12:05:24,307958;9,453786E-1;1,334259E-1;1,347919E-1;9,470675E-1;;
02/12/2021  12:05:24,308058;9,448183E-1;1,385232E-1;1,420583E-1;9,469179E-1;;
02/12/2021  12:05:24,308158;9,443743E-1;1,241871E-1;1,189953E-1;9,467721E-1;;
02/12/2021  12:05:24,308258;9,437156E-1;1,273729E-1;1,505885E-1;9,466301E-1;;
02/12/2021  12:05:24,308358;9,442998E-1;1,391603E-1;1,480610E-1;9,464920E-1;;
02/12/2021  12:05:24,308458;9,440077E-1;1,241871E-1;1,268936E-1;9,463578E-1;;
02/12/2021  12:05:24,308558;9,432596E-1;1,270543E-1;1,363715E-1;9,462274E-1;;
02/12/2021  12:05:24,308658;9,421718E-1;1,299215E-1;1,313166E-1;9,461007E-1;;
02/12/2021  12:05:24,308758;9,419423E-1;1,270543E-1;1,265777E-1;9,459773E-1;;
02/12/2021  12:05:24,308858;9,425533E-1;1,238685E-1;1,117289E-1;9,458571E-1;;
02/12/2021  12:05:24,308958;9,418440E-1;1,219570E-1;1,208909E-1;9,457395E-1;;
02/12/2021  12:05:24,309058;9,409708E-1;1,238685E-1;1,354238E-1;9,456243E-1;;
02/12/2021  12:05:24,309158;9,404731E-1;1,022050E-1;1,322644E-1;9,455111E-1;;
02/12/2021  12:05:24,309258;9,400618E-1;1,187712E-1;1,145722E-1;9,453994E-1;;
02/12/2021  12:05:24,309358;9,405952E-1;1,372488E-1;1,449017E-1;9,452885E-1;;
02/12/2021  12:05:24,309458;9,398859E-1;1,324701E-1;1,294210E-1;9,451781E-1;;
02/12/2021  12:05:24,309558;9,384763E-1;1,273729E-1;1,177316E-1;9,450678E-1;;
02/12/2021  12:05:24,309658;9,371470E-1;1,098510E-1;1,316326E-1;9,449568E-1;;
02/12/2021  12:05:24,309758;9,366434E-1;1,270543E-1;1,291051E-1;9,448446E-1;;
02/12/2021  12:05:24,309858;9,367536E-1;1,117624E-1;1,069899E-1;9,447301E-1;;
02/12/2021  12:05:24,309958;9,364407E-1;1,184526E-1;1,215227E-1;9,446127E-1;;
02/12/2021  12:05:24,310058;9,354989E-1;1,136739E-1;1,152041E-1;9,444917E-1;;
02/12/2021  12:05:24,310158;9,349744E-1;1,378860E-1;1,452176E-1;9,443663E-1;;
02/12/2021  12:05:24,310258;9,344767E-1;1,429833E-1;1,354238E-1;9,442359E-1;;
02/12/2021  12:05:24,310358;9,347717E-1;7,257710E-2;5,802041E-2;9,440999E-1;;
02/12/2021  12:05:24,310458;9,346168E-1;1,241871E-1;1,120448E-1;9,439577E-1;;
02/12/2021  12:05:24,310558;9,340475E-1;1,318330E-1;1,325804E-1;9,438088E-1;;
02/12/2021  12:05:24,310658;9,336362E-1;1,235499E-1;1,231024E-1;9,436530E-1;;
02/12/2021  12:05:24,310758;9,338449E-1;1,159040E-1;1,057261E-1;9,434899E-1;;
02/12/2021  12:05:24,310858;9,343545E-1;1,391603E-1;1,436380E-1;9,433194E-1;;
02/12/2021  12:05:24,310958;9,341816E-1;1,401161E-1;1,332122E-1;9,431414E-1;;
02/12/2021  12:05:24,311058;9,339879E-1;1,162226E-1;1,234183E-1;9,429559E-1;;
02/12/2021  12:05:24,311158;9,333978E-1;1,200455E-1;1,186794E-1;9,427633E-1;;
02/12/2021  12:05:24,311258;9,339492E-1;1,168597E-1;1,136244E-1;9,425635E-1;;
02/12/2021  12:05:24,311358;9,341489E-1;1,289658E-1;1,227865E-1;9,423569E-1;;
02/12/2021  12:05:24,311458;9,340118E-1;1,283286E-1;1,265777E-1;9,421438E-1;;
02/12/2021  12:05:24,311558;9,326051E-1;1,404346E-1;1,471132E-1;9,419246E-1;;
02/12/2021  12:05:24,311658;9,317140E-1;1,187712E-1;1,240502E-1;9,416997E-1;;
02/12/2021  12:05:24,311758;9,320120E-1;1,136739E-1;1,114129E-1;9,414691E-1;;
02/12/2021  12:05:24,311858;9,320448E-1;1,216384E-1;1,407946E-1;9,412329E-1;;
02/12/2021  12:05:24,311958;9,311388E-1;1,353374E-1;1,325804E-1;9,409915E-1;;
02/12/2021  12:05:24,312058;9,304533E-1;1,257800E-1;1,344760E-1;9,407450E-1;;
02/12/2021  12:05:24,312158;9,295294E-1;1,114439E-1;1,142563E-1;9,404933E-1;;
02/12/2021  12:05:24,312258;9,296814E-1;1,028422E-1;1,003553E-1;9,402367E-1;;
02/12/2021  12:05:24,312358;9,305427E-1;1,318330E-1;1,313166E-1;9,399751E-1;;
02/12/2021  12:05:24,312458;9,292701E-1;1,155854E-1;1,199431E-1;9,397086E-1;;
02/12/2021  12:05:24,312558;9,279767E-1;1,178155E-1;1,148882E-1;9,394374E-1;;
02/12/2021  12:05:24,312658;9,276488E-1;-1,057228E-2;5,422923E-2;9,391617E-1;;
02/12/2021  12:05:24,312758;9,276518E-1;1,286472E-1;1,588027E-1;9,388812E-1;;
02/12/2021  12:05:24,312858;9,282389E-1;1,235499E-1;1,259458E-1;9,385961E-1;;
02/12/2021  12:05:24,312958;9,271094E-1;1,264171E-1;1,265777E-1;9,383064E-1;;
02/12/2021  12:05:24,313058;9,262838E-1;1,248242E-1;1,167838E-1;9,380123E-1;;
02/12/2021  12:05:24,313158;9,264925E-1;1,130368E-1;1,161519E-1;9,377139E-1;;
02/12/2021  12:05:24,313258;9,270975E-1;1,088952E-1;1,208909E-1;9,374112E-1;;
02/12/2021  12:05:24,313358;9,266564E-1;1,210013E-1;1,221546E-1;9,371044E-1;;
02/12/2021  12:05:24,313458;9,262153E-1;1,041165E-1;1,208909E-1;9,367940E-1;;
02/12/2021  12:05:24,313558;9,248205E-1;7,703722E-2;9,877564E-2;9,364800E-1;;
02/12/2021  12:05:24,313658;9,246387E-1;1,203641E-1;1,158360E-1;9,361628E-1;;
02/12/2021  12:05:24,313758;9,244450E-1;1,187712E-1;1,183634E-1;9,358423E-1;;
02/12/2021  12:05:24,313858;9,240427E-1;8,372740E-2;1,028828E-1;9,355187E-1;;
02/12/2021  12:05:24,313958;9,234734E-1;9,169190E-2;1,063580E-1;9,351919E-1;;
02/12/2021  12:05:24,314058;9,227641E-1;1,219570E-1;1,335282E-1;9,348623E-1;;
02/12/2021  12:05:24,314158;9,227254E-1;1,187712E-1;1,224705E-1;9,345296E-1;;
02/12/2021  12:05:24,314258;9,227313E-1;1,069837E-1;1,354238E-1;9,341941E-1;;
02/12/2021  12:05:24,314358;9,227969E-1;1,012493E-1;1,202590E-1;9,338558E-1;;
02/12/2021  12:05:24,314458;9,225972E-1;1,063466E-1;1,202590E-1;9,335149E-1;;
02/12/2021  12:05:24,314558;9,223260E-1;8,086018E-2;8,203124E-2;9,331717E-1;;
02/12/2021  12:05:24,314658;9,223409E-1;9,264764E-2;1,022509E-1;9,328265E-1;;
02/12/2021  12:05:24,314758;9,234853E-1;1,184526E-1;1,474292E-1;9,324796E-1;;
02/12/2021  12:05:24,314858;9,229817E-1;7,417000E-2;9,782784E-2;9,321315E-1;;
02/12/2021  12:05:24,314958;9,231009E-1;9,838208E-2;1,073058E-1;9,317828E-1;;
02/12/2021  12:05:24,315058;9,233900E-1;9,647060E-2;1,092014E-1;9,314342E-1;;
02/12/2021  12:05:24,315158;9,242245E-1;6,747982E-2;6,497092E-2;9,310861E-1;;
02/12/2021  12:05:24,315258;9,254821E-1;8,054160E-2;8,929768E-2;9,307396E-1;;
02/12/2021  12:05:24,315358;9,248205E-1;1,012493E-1;1,022509E-1;9,303954E-1;;
02/12/2021  12:05:24,315458;9,247728E-1;1,047537E-1;1,170997E-1;9,300546E-1;;
02/12/2021  12:05:24,315558;9,239324E-1;1,136739E-1;1,259458E-1;9,297180E-1;;
02/12/2021  12:05:24,315658;9,237953E-1;1,159040E-1;1,054102E-1;9,293864E-1;;
02/12/2021  12:05:24,315758;9,249844E-1;1,331073E-1;1,354238E-1;9,290602E-1;;
02/12/2021  12:05:24,315858;9,247699E-1;1,308772E-1;1,189953E-1;9,287403E-1;;
02/12/2021  12:05:24,315958;9,245076E-1;1,302401E-1;1,180475E-1;9,284272E-1;;
02/12/2021  12:05:24,316058;9,243854E-1;1,490363E-1;1,294210E-1;9,281215E-1;;
02/12/2021  12:05:24,316158;9,254106E-1;1,630538E-1;1,477451E-1;9,278239E-1;;
02/12/2021  12:05:24,316258;9,264537E-1;1,732484E-1;1,704922E-1;9,275347E-1;;
02/12/2021  12:05:24,316358;9,259083E-1;1,904517E-1;1,632258E-1;9,272549E-1;;
02/12/2021  12:05:24,316458;9,264150E-1;1,433019E-1;1,310007E-1;9,269849E-1;;
02/12/2021  12:05:24,316558;9,265908E-1;-1,566956E-2;7,760819E-2;9,267255E-1;;
02/12/2021  12:05:24,316658;9,280422E-1;1,490363E-1;1,452176E-1;9,264773E-1;;
02/12/2021  12:05:24,316758;9,283462E-1;1,340630E-1;1,411105E-1;9,262409E-1;;
02/12/2021  12:05:24,316858;9,290734E-1;1,222756E-1;1,186794E-1;9,260172E-1;;
02/12/2021  12:05:24,316958;9,299049E-1;9,551486E-2;8,992954E-2;9,258068E-1;;
02/12/2021  12:05:24,317058;9,303073E-1;1,270543E-1;1,148882E-1;9,256107E-1;;
02/12/2021  12:05:24,317158;9,319881E-1;1,490363E-1;1,685966E-1;9,254297E-1;;
02/12/2021  12:05:24,317258;9,329359E-1;1,455319E-1;1,414265E-1;9,252645E-1;;
02/12/2021  12:05:24,317358;9,331803E-1;1,114439E-1;1,275255E-1;9,251163E-1;;
02/12/2021  12:05:24,317458;9,331594E-1;1,152668E-1;1,186794E-1;9,249859E-1;;
02/12/2021  12:05:24,317558;9,336839E-1;9,073616E-2;1,458495E-1;9,248740E-1;;
02/12/2021  12:05:24,317658;9,346972E-1;1,028422E-1;9,308886E-2;9,247814E-1;;
02/12/2021  12:05:24,317758;9,359192E-1;1,219570E-1;1,278414E-1;9,247086E-1;;
02/12/2021  12:05:24,317858;9,362619E-1;1,423461E-1;1,474292E-1;9,246563E-1;;
02/12/2021  12:05:24,317958;9,363185E-1;1,385232E-1;1,351078E-1;9,246251E-1;;
02/12/2021  12:05:24,318058;9,373050E-1;1,073023E-1;1,212068E-1;9,246154E-1;;
02/12/2021  12:05:24,318158;9,394568E-1;1,509478E-1;1,606983E-1;9,246277E-1;;
02/12/2021  12:05:24,318258;9,398114E-1;1,222756E-1;1,294210E-1;9,246625E-1;;
02/12/2021  12:05:24,318358;9,403926E-1;1,219570E-1;1,126766E-1;9,247203E-1;;
02/12/2021  12:05:24,318458;9,406250E-1;1,439390E-1;1,572231E-1;9,248016E-1;;
02/12/2021  12:05:24,318558;9,418768E-1;1,347002E-1;1,246821E-1;9,249066E-1;;
02/12/2021  12:05:24,318658;9,435666E-1;1,159040E-1;1,047783E-1;9,250357E-1;;
02/12/2021  12:05:24,318758;9,443862E-1;1,159040E-1;1,129926E-1;9,251892E-1;;
02/12/2021  12:05:24,318858;9,454680E-1;1,334259E-1;1,272095E-1;9,253674E-1;;
02/12/2021  12:05:24,318958;9,458614E-1;1,318330E-1;1,376353E-1;9,255708E-1;;
02/12/2021  12:05:24,319058;9,476526E-1;1,267357E-1;1,287892E-1;9,257994E-1;;
02/12/2021  12:05:24,319158;9,488179E-1;5,824100E-2;4,633093E-2;9,260536E-1;;
02/12/2021  12:05:24,319258;9,498163E-1;1,340630E-1;1,531159E-1;9,263337E-1;;
02/12/2021  12:05:24,319358;9,504958E-1;1,429833E-1;1,379512E-1;9,266399E-1;;
02/12/2021  12:05:24,319458;9,502574E-1;1,139925E-1;1,104651E-1;9,269723E-1;;
02/12/2021  12:05:24,319558;9,518608E-1;6,365686E-2;7,666040E-2;9,273308E-1;;
02/12/2021  12:05:24,319658;9,527012E-1;1,194084E-1;1,382671E-1;9,277154E-1;;
02/12/2021  12:05:24,319758;9,534433E-1;1,296029E-1;1,319485E-1;9,281259E-1;;
02/12/2021  12:05:24,319858;9,537473E-1;1,289658E-1;1,297370E-1;9,285620E-1;;
02/12/2021  12:05:24,319958;9,539649E-1;1,260985E-1;1,287892E-1;9,290233E-1;;
02/12/2021  12:05:24,320058;9,552702E-1;1,525407E-1;1,610142E-1;9,295093E-1;;
02/12/2021  12:05:24,320158;9,563640E-1;1,292843E-1;1,313166E-1;9,300194E-1;;
02/12/2021  12:05:24,320258;9,568140E-1;1,382046E-1;1,313166E-1;9,305530E-1;;
02/12/2021  12:05:24,320358;9,566173E-1;1,238685E-1;1,385831E-1;9,311095E-1;;
02/12/2021  12:05:24,320458;9,566948E-1;1,267357E-1;1,294210E-1;9,316881E-1;;
02/12/2021  12:05:24,320558;9,571300E-1;1,283286E-1;1,300529E-1;9,322877E-1;;
02/12/2021  12:05:24,320658;9,581760E-1;1,353374E-1;1,452176E-1;9,329074E-1;;
02/12/2021  12:05:24,320758;9,588049E-1;1,413904E-1;1,335282E-1;9,335459E-1;;
02/12/2021  12:05:24,320858;9,587542E-1;1,225942E-1;1,316326E-1;9,342022E-1;;
02/12/2021  12:05:24,320958;9,586231E-1;1,318330E-1;1,313166E-1;9,348750E-1;;
02/12/2021  12:05:24,321058;9,602473E-1;1,203641E-1;1,208909E-1;9,355632E-1;;
02/12/2021  12:05:24,321158;9,606705E-1;1,299215E-1;1,310007E-1;9,362654E-1;;
02/12/2021  12:05:24,321258;9,611981E-1;1,178155E-1;1,237343E-1;9,369805E-1;;
02/12/2021  12:05:24,321358;9,608404E-1;1,235499E-1;1,253139E-1;9,377074E-1;;
02/12/2021  12:05:24,321458;9,605066E-1;1,181340E-1;1,180475E-1;9,384446E-1;;
02/12/2021  12:05:24,321558;9,617911E-1;1,302401E-1;1,512204E-1;9,391909E-1;;
02/12/2021  12:05:24,321658;9,609745E-1;1,340630E-1;1,281573E-1;9,399448E-1;;
02/12/2021  12:05:24,321758;9,619998E-1;1,350188E-1;1,373193E-1;9,407049E-1;;
02/12/2021  12:05:24,321858;9,612159E-1;1,343816E-1;1,357397E-1;9,414698E-1;;
02/12/2021  12:05:24,321958;9,613560E-1;1,423461E-1;1,499566E-1;9,422379E-1;;
02/12/2021  12:05:24,322058;9,617405E-1;1,305587E-1;1,404787E-1;9,430079E-1;;
02/12/2021  12:05:24,322158;9,621875E-1;1,340630E-1;1,310007E-1;9,437781E-1;;
02/12/2021  12:05:24,322258;9,615199E-1;1,178155E-1;1,202590E-1;9,445471E-1;;
02/12/2021  12:05:24,322358;9,609060E-1;1,455319E-1;1,417424E-1;9,453135E-1;;
02/12/2021  12:05:24,322458;9,601281E-1;1,407532E-1;1,262617E-1;9,460756E-1;;
02/12/2021  12:05:24,322558;9,612964E-1;1,375674E-1;1,287892E-1;9,468319E-1;;
02/12/2021  12:05:24,322658;9,607123E-1;1,331073E-1;1,306848E-1;9,475807E-1;;
02/12/2021  12:05:24,322758;9,603934E-1;1,464877E-1;1,439539E-1;9,483206E-1;;
02/12/2021  12:05:24,322858;9,603308E-1;1,483991E-1;1,455336E-1;9,490500E-1;;
02/12/2021  12:05:24,322958;9,600328E-1;1,114439E-1;1,208909E-1;9,497675E-1;;
02/12/2021  12:05:24,323058;9,605454E-1;1,203641E-1;1,212068E-1;9,504717E-1;;
02/12/2021  12:05:24,323158;9,606914E-1;1,232313E-1;1,272095E-1;9,511614E-1;;
02/12/2021  12:05:24,323258;9,599344E-1;1,397975E-1;1,354238E-1;9,518353E-1;;
02/12/2021  12:05:24,323358;9,594695E-1;9,965640E-2;9,150920E-2;9,524924E-1;;
02/12/2021  12:05:24,323458;9,600745E-1;1,327887E-1;1,351078E-1;9,531317E-1;;
02/12/2021  12:05:24,323558;9,598659E-1;1,509478E-1;1,610142E-1;9,537520E-1;;
02/12/2021  12:05:24,323658;9,603159E-1;1,318330E-1;1,363715E-1;9,543526E-1;;
02/12/2021  12:05:24,323758;9,596394E-1;1,315144E-1;1,275255E-1;9,549327E-1;;
02/12/2021  12:05:24,323858;9,594248E-1;1,401161E-1;1,319485E-1;9,554916E-1;;
02/12/2021  12:05:24,323958;9,593264E-1;9,710776E-2;8,487463E-2;9,560288E-1;;
02/12/2021  12:05:24,324058;9,598837E-1;1,448948E-1;1,335282E-1;9,565436E-1;;
02/12/2021  12:05:24,324158;9,589330E-1;1,433019E-1;1,183634E-1;9,570357E-1;;
02/12/2021  12:05:24,324258;9,586916E-1;1,388417E-1;1,373193E-1;9,575047E-1;;
02/12/2021  12:05:24,324358;9,580270E-1;1,222756E-1;1,275255E-1;9,579501E-1;;
02/12/2021  12:05:24,324458;9,576902E-1;1,117624E-1;9,751191E-2;9,583717E-1;;
02/12/2021  12:05:24,324558;9,573416E-1;1,315144E-1;1,319485E-1;9,587690E-1;;
02/12/2021  12:05:24,324658;9,570048E-1;9,455912E-2;9,403666E-2;9,591417E-1;;
02/12/2021  12:05:24,324758;9,559229E-1;1,347002E-1;1,310007E-1;9,594895E-1;;
02/12/2021  12:05:24,324858;9,550080E-1;1,407532E-1;1,284732E-1;9,598121E-1;;
02/12/2021  12:05:24,324958;9,553746E-1;1,646467E-1;1,461654E-1;9,601091E-1;;
02/12/2021  12:05:24,325058;9,555385E-1;1,260985E-1;1,461654E-1;9,603804E-1;;
02/12/2021  12:05:24,325158;9,546414E-1;1,273729E-1;1,253139E-1;9,606257E-1;;
02/12/2021  12:05:24,325258;9,538367E-1;7,831154E-2;7,697633E-2;9,608449E-1;;
02/12/2021  12:05:24,325358;9,535774E-1;1,216384E-1;1,521681E-1;9,610382E-1;;
02/12/2021  12:05:24,325458;9,534552E-1;1,385232E-1;1,268936E-1;9,612054E-1;;
02/12/2021  12:05:24,325558;9,538576E-1;1,241871E-1;1,284732E-1;9,613466E-1;;
02/12/2021  12:05:24,325658;9,536341E-1;1,410718E-1;1,398468E-1;9,614620E-1;;
02/12/2021  12:05:24,325758;9,534940E-1;8,914326E-2;1,054102E-1;9,615521E-1;;
02/12/2021  12:05:24,325858;9,524270E-1;1,343816E-1;1,720719E-1;9,616173E-1;;
02/12/2021  12:05:24,325958;9,531811E-1;1,388417E-1;1,439539E-1;9,616581E-1;;
02/12/2021  12:05:24,326058;9,528622E-1;1,194084E-1;1,186794E-1;9,616749E-1;;
02/12/2021  12:05:24,326158;9,523197E-1;1,308772E-1;1,265777E-1;9,616686E-1;;
02/12/2021  12:05:24,326258;9,517565E-1;1,490363E-1;1,392149E-1;9,616396E-1;;
02/12/2021  12:05:24,326358;9,508117E-1;1,576380E-1;1,322644E-1;9,615887E-1;;
02/12/2021  12:05:24,326458;9,511694E-1;1,114439E-1;1,139404E-1;9,615164E-1;;
02/12/2021  12:05:24,326558;9,505316E-1;1,219570E-1;1,237343E-1;9,614234E-1;;
02/12/2021  12:05:24,326658;9,503378E-1;1,413904E-1;1,537478E-1;9,613102E-1;;
02/12/2021  12:05:24,326758;9,493812E-1;1,257800E-1;1,322644E-1;9,611776E-1;;
02/12/2021  12:05:24,326858;9,483589E-1;1,047537E-1;1,041465E-1;9,610262E-1;;
02/12/2021  12:05:24,326958;9,486421E-1;1,114439E-1;1,193112E-1;9,608564E-1;;
02/12/2021  12:05:24,327058;9,479566E-1;1,222756E-1;1,199431E-1;9,606689E-1;;
02/12/2021  12:05:24,327158;9,473248E-1;8,914326E-2;1,142563E-1;9,604641E-1;;
02/12/2021  12:05:24,327258;9,459210E-1;1,031608E-1;1,186794E-1;9,602427E-1;;
02/12/2021  12:05:24,327358;9,455187E-1;1,063466E-1;1,152041E-1;9,600049E-1;;
02/12/2021  12:05:24,327458;9,450091E-1;-1,184660E-2;4,791059E-2;9,597512E-1;;
02/12/2021  12:05:24,327558;9,450299E-1;1,114439E-1;1,256299E-1;9,594820E-1;;
02/12/2021  12:05:24,327658;9,447855E-1;2,479010E-2;7,602853E-2;9,591976E-1;;
02/12/2021  12:05:24,327758;9,438855E-1;5,728526E-2;9,372073E-2;9,588986E-1;;
02/12/2021  12:05:24,327858;9,438527E-1;8,786894E-2;1,082536E-1;9,585855E-1;;
02/12/2021  12:05:24,327958;9,435547E-1;1,117624E-1;1,129926E-1;9,582589E-1;;
02/12/2021  12:05:24,328058;9,430272E-1;1,117624E-1;1,025668E-1;9,579193E-1;;
02/12/2021  12:05:24,328158;9,425920E-1;1,002936E-1;1,117289E-1;9,575673E-1;;
02/12/2021  12:05:24,328258;9,414059E-1;8,755036E-2;9,940750E-2;9,572035E-1;;
02/12/2021  12:05:24,328358;9,410572E-1;9,678918E-2;9,909157E-2;9,568283E-1;;
02/12/2021  12:05:24,328458;9,418112E-1;9,455912E-2;8,803395E-2;9,564424E-1;;
02/12/2021  12:05:24,328558;9,407502E-1;9,933782E-2;1,016190E-1;9,560463E-1;;
02/12/2021  12:05:24,328658;9,402644E-1;1,098510E-1;1,231024E-1;9,556405E-1;;
02/12/2021  12:05:24,328758;9,397757E-1;8,532030E-2;1,085695E-1;9,552257E-1;;
02/12/2021  12:05:24,328858;9,399277E-1;4,613496E-2;1,006712E-1;9,548025E-1;;
02/12/2021  12:05:24,328958;9,397727E-1;1,165411E-1;1,291051E-1;9,543714E-1;;
02/12/2021  12:05:24,329058;9,393435E-1;1,225942E-1;1,155200E-1;9,539331E-1;;
02/12/2021  12:05:24,329158;9,383898E-1;1,331073E-1;1,303688E-1;9,534884E-1;;
02/12/2021  12:05:24,329258;9,372603E-1;1,362931E-1;1,310007E-1;9,530377E-1;;
02/12/2021  12:05:24,329358;9,374659E-1;1,544522E-1;1,360556E-1;9,525816E-1;;
02/12/2021  12:05:24,329458;9,368848E-1;1,550893E-1;1,550115E-1;9,521205E-1;;
02/12/2021  12:05:24,329558;9,362887E-1;1,563636E-1;1,328963E-1;9,516549E-1;;
02/12/2021  12:05:24,329658;9,355675E-1;1,624167E-1;1,515363E-1;9,511851E-1;;
02/12/2021  12:05:24,329758;9,338687E-1;1,700626E-1;1,550115E-1;9,507115E-1;;
02/12/2021  12:05:24,329858;9,345780E-1;1,573194E-1;1,483770E-1;9,502344E-1;;
02/12/2021  12:05:24,329958;9,337137E-1;1,289658E-1;1,341600E-1;9,497539E-1;;
02/12/2021  12:05:24,330058;9,329031E-1;1,410718E-1;1,379512E-1;9,492702E-1;;
02/12/2021  12:05:24,330158;9,317557E-1;1,296029E-1;1,322644E-1;9,487835E-1;;
02/12/2021  12:05:24,330258;9,308228E-1;1,391603E-1;1,253139E-1;9,482939E-1;;
02/12/2021  12:05:24,330358;9,307454E-1;1,002936E-1;1,174156E-1;9,478014E-1;;
02/12/2021  12:05:24,330458;9,301642E-1;1,254614E-1;1,287892E-1;9,473060E-1;;
02/12/2021  12:05:24,330558;9,293208E-1;1,347002E-1;1,341600E-1;9,468076E-1;;
02/12/2021  12:05:24,330658;9,288171E-1;9,678918E-2;8,929768E-2;9,463063E-1;;
02/12/2021  12:05:24,330758;9,287486E-1;1,280100E-1;1,243661E-1;9,458021E-1;;
02/12/2021  12:05:24,330858;9,289691E-1;8,181592E-2;1,461654E-1;9,452951E-1;;
02/12/2021  12:05:24,330958;9,291658E-1;1,229127E-1;1,275255E-1;9,447854E-1;;
02/12/2021  12:05:24,331058;9,290198E-1;1,433019E-1;1,752312E-1;9,442735E-1;;
02/12/2021  12:05:24,331158;9,275117E-1;1,276914E-1;1,265777E-1;9,437597E-1;;
02/12/2021  12:05:24,331258;9,275087E-1;1,267357E-1;1,227865E-1;9,432444E-1;;
02/12/2021  12:05:24,331358;9,276548E-1;1,108067E-1;1,085695E-1;9,427280E-1;;
02/12/2021  12:05:24,331458;9,274521E-1;1,241871E-1;1,268936E-1;9,422108E-1;;
02/12/2021  12:05:24,331558;9,274909E-1;1,334259E-1;1,433221E-1;9,416932E-1;;
02/12/2021  12:05:24,331658;9,270855E-1;6,875414E-2;1,212068E-1;9,411758E-1;;
02/12/2021  12:05:24,331758;9,267339E-1;1,152668E-1;1,174156E-1;9,406591E-1;;
02/12/2021  12:05:24,331858;9,280869E-1;1,203641E-1;9,814378E-2;9,401435E-1;;
02/12/2021  12:05:24,331958;9,279200E-1;1,216384E-1;1,351078E-1;9,396298E-1;;
02/12/2021  12:05:24,332058;9,281585E-1;1,127182E-1;1,158360E-1;9,391188E-1;;
02/12/2021  12:05:24,332158;9,278783E-1;3,625898E-2;6,591871E-2;9,386113E-1;;
02/12/2021  12:05:24,332258;9,282240E-1;1,117624E-1;1,341600E-1;9,381080E-1;;
02/12/2021  12:05:24,332358;9,301731E-1;1,270543E-1;1,319485E-1;9,376100E-1;;
02/12/2021  12:05:24,332458;9,308854E-1;1,200455E-1;1,234183E-1;9,371182E-1;;
02/12/2021  12:05:24,332558;9,310225E-1;1,203641E-1;1,060421E-1;9,366340E-1;;
02/12/2021  12:05:24,332658;9,309242E-1;1,184526E-1;1,177316E-1;9,361586E-1;;
02/12/2021  12:05:24,332758;9,314934E-1;6,843556E-2;5,359736E-2;9,356933E-1;;
02/12/2021  12:05:24,332858;9,335528E-1;1,332122E-2;7,223735E-2;9,352392E-1;;
02/12/2021  12:05:24,332958;9,333621E-1;1,022050E-1;1,170997E-1;9,347978E-1;;
02/12/2021  12:05:24,333058;9,334246E-1;1,041165E-1;1,057261E-1;9,343704E-1;;
02/12/2021  12:05:24,333158;9,326051E-1;1,190898E-1;1,205749E-1;9,339581E-1;;
02/12/2021  12:05:24,333258;9,328256E-1;1,280100E-1;1,249980E-1;9,335621E-1;;
02/12/2021  12:05:24,333358;9,333025E-1;1,286472E-1;1,196272E-1;9,331831E-1;;
02/12/2021  12:05:24,333458;9,333948E-1;1,044351E-1;1,180475E-1;9,328218E-1;;
02/12/2021  12:05:24,333558;9,329836E-1;9,232906E-2;1,120448E-1;9,324789E-1;;
02/12/2021  12:05:24,333658;9,322653E-1;1,229127E-1;1,284732E-1;9,321549E-1;;
02/12/2021  12:05:24,333758;9,327928E-1;1,315144E-1;1,297370E-1;9,318500E-1;;
02/12/2021  12:05:24,333858;9,329746E-1;1,187712E-1;1,417424E-1;9,315644E-1;;
02/12/2021  12:05:24,333958;9,333948E-1;1,305587E-1;1,202590E-1;9,312982E-1;;
02/12/2021  12:05:24,334058;9,322385E-1;1,566822E-1;1,847091E-1;9,310515E-1;;
02/12/2021  12:05:24,334158;9,323219E-1;1,391603E-1;1,572231E-1;9,308241E-1;;
02/12/2021  12:05:24,334258;9,332518E-1;1,184526E-1;1,212068E-1;9,306159E-1;;
02/12/2021  12:05:24,334358;9,339492E-1;1,111253E-1;1,234183E-1;9,304266E-1;;
02/12/2021  12:05:24,334458;9,341936E-1;1,114439E-1;1,041465E-1;9,302560E-1;;
02/12/2021  12:05:24,334558;9,336392E-1;1,350188E-1;1,458495E-1;9,301042E-1;;
02/12/2021  12:05:24,334658;9,331117E-1;9,870066E-2;4,633093E-2;9,299707E-1;;
02/12/2021  12:05:24,334758;9,343426E-1;1,324701E-1;1,512204E-1;9,298554E-1;;
02/12/2021  12:05:24,334858;9,351473E-1;1,101695E-1;1,202590E-1;9,297578E-1;;
02/12/2021  12:05:24,334958;9,351324E-1;1,350188E-1;1,319485E-1;9,296776E-1;;
02/12/2021  12:05:24,335058;9,342472E-1;1,130368E-1;9,561632E-2;9,296147E-1;;
02/12/2021  12:05:24,335158;9,344409E-1;1,034794E-1;1,133085E-1;9,295686E-1;;
02/12/2021  12:05:24,335258;9,345601E-1;9,264764E-2;1,278414E-1;9,295389E-1;;
02/12/2021  12:05:24,335358;9,355377E-1;1,219570E-1;1,268936E-1;9,295249E-1;;
02/12/2021  12:05:24,335458;9,357493E-1;1,391603E-1;1,281573E-1;9,295262E-1;;
02/12/2021  12:05:24,335558;9,346972E-1;1,133553E-1;1,069899E-1;9,295425E-1;;
02/12/2021  12:05:24,335658;9,343396E-1;1,248242E-1;1,281573E-1;9,295730E-1;;
02/12/2021  12:05:24,335758;9,351324E-1;1,197269E-1;1,281573E-1;9,296171E-1;;
02/12/2021  12:05:24,335858;9,356569E-1;1,289658E-1;1,303688E-1;9,296741E-1;;
02/12/2021  12:05:24,335958;9,349029E-1;1,139925E-1;1,208909E-1;9,297434E-1;;
02/12/2021  12:05:24,336058;9,335796E-1;-8,979382E-3;5,896821E-2;9,298242E-1;;
02/12/2021  12:05:24,336158;9,336929E-1;1,426647E-1;1,644895E-1;9,299156E-1;;
02/12/2021  12:05:24,336258;9,346764E-1;9,073616E-2;1,000394E-1;9,300167E-1;;
02/12/2021  12:05:24,336358;9,346466E-1;1,353374E-1;1,284732E-1;9,301264E-1;;
02/12/2021  12:05:24,336458;9,347747E-1;1,162226E-1;1,253139E-1;9,302442E-1;;
02/12/2021  12:05:24,336558;9,340505E-1;7,576290E-2;9,056141E-2;9,303690E-1;;
02/12/2021  12:05:24,336658;9,342591E-1;1,101695E-1;1,152041E-1;9,305002E-1;;
02/12/2021  12:05:24,336758;9,353767E-1;1,117624E-1;9,340479E-2;9,306370E-1;;
02/12/2021  12:05:24,336858;9,360801E-1;1,388417E-1;1,619620E-1;9,307786E-1;;
02/12/2021  12:05:24,336958;9,365420E-1;1,149482E-1;1,085695E-1;9,309247E-1;;
02/12/2021  12:05:24,337058;9,359579E-1;1,216384E-1;1,177316E-1;9,310747E-1;;
02/12/2021  12:05:24,337158;9,366642E-1;1,238685E-1;1,133085E-1;9,312285E-1;;
02/12/2021  12:05:24,337258;9,377997E-1;8,054160E-2;8,329497E-2;9,313856E-1;;
02/12/2021  12:05:24,337358;9,385299E-1;1,149482E-1;1,253139E-1;9,315459E-1;;
02/12/2021  12:05:24,337458;9,392929E-1;1,251428E-1;1,291051E-1;9,317093E-1;;
02/12/2021  12:05:24,337558;9,384673E-1;1,260985E-1;1,284732E-1;9,318760E-1;;
02/12/2021  12:05:24,337658;9,397667E-1;1,235499E-1;1,218387E-1;9,320459E-1;;
02/12/2021  12:05:24,337758;9,410542E-1;1,308772E-1;1,227865E-1;9,322192E-1;;
02/12/2021  12:05:24,337858;9,411257E-1;8,914326E-2;8,992954E-2;9,323961E-1;;
02/12/2021  12:05:24,337958;9,410125E-1;1,283286E-1;1,322644E-1;9,325769E-1;;
02/12/2021  12:05:24,338058;9,406370E-1;1,483991E-1;1,417424E-1;9,327616E-1;;
02/12/2021  12:05:24,338158;9,409618E-1;1,324701E-1;1,322644E-1;9,329505E-1;;
02/12/2021  12:05:24,338258;9,414238E-1;1,404346E-1;1,512204E-1;9,331435E-1;;
02/12/2021  12:05:24,338358;9,419811E-1;1,092138E-1;1,079377E-1;9,333405E-1;;
02/12/2021  12:05:24,338458;9,410274E-1;1,334259E-1;1,332122E-1;9,335416E-1;;
02/12/2021  12:05:24,338558;9,402138E-1;1,452133E-1;1,616461E-1;9,337467E-1;;
02/12/2021  12:05:24,338658;9,407264E-1;1,088952E-1;1,243661E-1;9,339554E-1;;
02/12/2021  12:05:24,338758;9,416741E-1;1,213198E-1;1,291051E-1;9,341673E-1;;
02/12/2021  12:05:24,338858;9,417307E-1;1,394789E-1;1,404787E-1;9,343822E-1;;
02/12/2021  12:05:24,338958;9,406310E-1;1,318330E-1;1,347919E-1;9,345997E-1;;
02/12/2021  12:05:24,339058;9,403032E-1;1,216384E-1;1,654373E-1;9,348195E-1;;
02/12/2021  12:05:24,339158;9,402823E-1;1,401161E-1;1,284732E-1;9,350411E-1;;
02/12/2021  12:05:24,339258;9,414744E-1;1,308772E-1;1,281573E-1;9,352639E-1;;
02/12/2021  12:05:24,339358;9,416950E-1;1,452133E-1;1,388990E-1;9,354874E-1;;
02/12/2021  12:05:24,339458;9,413284E-1;1,149482E-1;1,082536E-1;9,357113E-1;;
02/12/2021  12:05:24,339558;9,408635E-1;1,311958E-1;1,310007E-1;9,359353E-1;;
02/12/2021  12:05:24,339658;9,418559E-1;1,350188E-1;1,366875E-1;9,361590E-1;;
02/12/2021  12:05:24,339758;9,425146E-1;1,162226E-1;1,218387E-1;9,363819E-1;;
02/12/2021  12:05:24,339858;9,428692E-1;1,305587E-1;1,483770E-1;9,366040E-1;;
02/12/2021  12:05:24,339958;9,422910E-1;1,257800E-1;1,294210E-1;9,368250E-1;;
02/12/2021  12:05:24,340058;9,416443E-1;1,213198E-1;1,284732E-1;9,370448E-1;;
02/12/2021  12:05:24,340158;9,426934E-1;1,200455E-1;1,205749E-1;9,372631E-1;;
02/12/2021  12:05:24,340258;9,440673E-1;1,241871E-1;1,300529E-1;9,374798E-1;;
02/12/2021  12:05:24,340358;9,439600E-1;1,216384E-1;1,291051E-1;9,376946E-1;;
02/12/2021  12:05:24,340458;9,426487E-1;8,627604E-2;1,022509E-1;9,379078E-1;;
02/12/2021  12:05:24,340558;9,421957E-1;1,146297E-1;1,221546E-1;9,381192E-1;;
02/12/2021  12:05:24,340658;9,426487E-1;1,187712E-1;1,243661E-1;9,383285E-1;;
02/12/2021  12:05:24,340758;9,436769E-1;1,066652E-1;1,158360E-1;9,385354E-1;;
02/12/2021  12:05:24,340858;9,431672E-1;9,901924E-2;9,245700E-2;9,387397E-1;;
02/12/2021  12:05:24,340958;9,414446E-1;1,015679E-1;1,031987E-1;9,389414E-1;;
02/12/2021  12:05:24,341058;9,408337E-1;1,104881E-1;1,240502E-1;9,391399E-1;;
02/12/2021  12:05:24,341158;9,412301E-1;7,640006E-2;1,110970E-1;9,393348E-1;;
02/12/2021  12:05:24,341258;9,412539E-1;1,139925E-1;1,259458E-1;9,395254E-1;;
02/12/2021  12:05:24,341358;9,405297E-1;9,455912E-2;1,050943E-1;9,397113E-1;;
02/12/2021  12:05:24,341458;9,394389E-1;1,041165E-1;1,107811E-1;9,398918E-1;;
02/12/2021  12:05:24,341558;9,383213E-1;1,073023E-1;1,142563E-1;9,400664E-1;;
02/12/2021  12:05:24,341658;9,387296E-1;6,047106E-2;7,160549E-2;9,402342E-1;;
02/12/2021  12:05:24,341758;9,389859E-1;1,104881E-1;1,120448E-1;9,403944E-1;;
02/12/2021  12:05:24,341858;9,379219E-1;1,082581E-1;1,291051E-1;9,405464E-1;;
02/12/2021  12:05:24,341958;9,363513E-1;1,292843E-1;1,433221E-1;9,406894E-1;;
02/12/2021  12:05:24,342058;9,365182E-1;1,206827E-1;1,196272E-1;9,408227E-1;;
02/12/2021  12:05:24,342158;9,369325E-1;1,216384E-1;1,268936E-1;9,409456E-1;;
02/12/2021  12:05:24,342258;9,371083E-1;1,359745E-1;1,357397E-1;9,410572E-1;;
02/12/2021  12:05:24,342358;9,372812E-1;1,589123E-1;1,524841E-1;9,411573E-1;;
02/12/2021  12:05:24,342458;9,360771E-1;1,812129E-1;1,588027E-1;9,412455E-1;;
02/12/2021  12:05:24,342558;9,362768E-1;1,525407E-1;1,354238E-1;9,413215E-1;;
02/12/2021  12:05:24,342658;9,367834E-1;1,595494E-1;1,727037E-1;9,413849E-1;;
02/12/2021  12:05:24,342758;9,368371E-1;1,694254E-1;1,524841E-1;9,414358E-1;;
02/12/2021  12:05:24,342858;9,365838E-1;1,805757E-1;1,790224E-1;9,414741E-1;;
02/12/2021  12:05:24,342958;9,355466E-1;1,315144E-1;2,077722E-1;9,414999E-1;;
02/12/2021  12:05:24,343058;9,355615E-1;1,340630E-1;1,546956E-1;9,415131E-1;;
02/12/2021  12:05:24,343158;9,359579E-1;1,643281E-1;1,502726E-1;9,415139E-1;;
02/12/2021  12:05:24,343258;9,363126E-1;1,487177E-1;1,502726E-1;9,415024E-1;;
02/12/2021  12:05:24,343358;9,351324E-1;1,407532E-1;1,420583E-1;9,414788E-1;;
02/12/2021  12:05:24,343458;9,344707E-1;1,082581E-1;7,666040E-2;9,414434E-1;;
02/12/2021  12:05:24,343558;9,351353E-1;1,108067E-1;1,540637E-1;9,413962E-1;;
02/12/2021  12:05:24,343658;9,353589E-1;1,331073E-1;1,360556E-1;9,413376E-1;;
02/12/2021  12:05:24,343758;9,352963E-1;1,286472E-1;1,227865E-1;9,412678E-1;;
02/12/2021  12:05:24,343858;9,344886E-1;1,299215E-1;1,180475E-1;9,411873E-1;;
02/12/2021  12:05:24,343958;9,341846E-1;1,241871E-1;1,063580E-1;9,410965E-1;;
02/12/2021  12:05:24,344058;9,354662E-1;1,382046E-1;1,382671E-1;9,409957E-1;;
02/12/2021  12:05:24,344158;9,359162E-1;1,477620E-1;1,449017E-1;9,408854E-1;;
02/12/2021  12:05:24,344258;9,370696E-1;1,162226E-1;1,777586E-1;9,407663E-1;;
02/12/2021  12:05:24,344358;9,355705E-1;1,152668E-1;1,262617E-1;9,406393E-1;;
02/12/2021  12:05:24,344458;9,357195E-1;9,392196E-2;1,082536E-1;9,405053E-1;;
02/12/2021  12:05:24,344558;9,375166E-1;1,474434E-1;1,398468E-1;9,403649E-1;;
02/12/2021  12:05:24,344658;9,370934E-1;1,324701E-1;1,281573E-1;9,402191E-1;;
02/12/2021  12:05:24,344758;9,379189E-1;1,321516E-1;1,332122E-1;9,400688E-1;;
02/12/2021  12:05:24,344858;9,364944E-1;1,382046E-1;1,395309E-1;9,399151E-1;;
02/12/2021  12:05:24,344958;9,355287E-1;1,286472E-1;1,287892E-1;9,397589E-1;;
02/12/2021  12:05:24,345058;9,360443E-1;1,350188E-1;1,354238E-1;9,396006E-1;;
02/12/2021  12:05:24,345158;9,368401E-1;1,194084E-1;1,193112E-1;9,394410E-1;;
02/12/2021  12:05:24,345258;9,370248E-1;1,270543E-1;1,234183E-1;9,392805E-1;;
02/12/2021  12:05:24,345358;9,357433E-1;1,519035E-1;1,471132E-1;9,391199E-1;;
02/12/2021  12:05:24,345458;9,354781E-1;1,350188E-1;1,319485E-1;9,389598E-1;;
02/12/2021  12:05:24,345558;9,363632E-1;1,650702E-2;5,517702E-2;9,388004E-1;;
02/12/2021  12:05:24,345658;9,367179E-1;1,139925E-1;9,277293E-2;9,386423E-1;;
02/12/2021  12:05:24,345758;9,365569E-1;1,280100E-1;1,328963E-1;9,384858E-1;;
02/12/2021  12:05:24,345858;9,352307E-1;1,203641E-1;1,167838E-1;9,383316E-1;;
02/12/2021  12:05:24,345958;9,352933E-1;1,159040E-1;9,814378E-2;9,381798E-1;;
02/12/2021  12:05:24,346058;9,364407E-1;6,652408E-2;6,844617E-2;9,380307E-1;;
02/12/2021  12:05:24,346158;9,370278E-1;1,267357E-1;1,272095E-1;9,378846E-1;;
02/12/2021  12:05:24,346258;9,370219E-1;1,468062E-1;1,486929E-1;9,377419E-1;;
02/12/2021  12:05:24,346358;9,357642E-1;1,506292E-1;1,442698E-1;9,376030E-1;;
02/12/2021  12:05:24,346458;9,359490E-1;6,493118E-2;9,277293E-2;9,374681E-1;;
02/12/2021  12:05:24,346558;9,371828E-1;1,194084E-1;1,202590E-1;9,373376E-1;;
02/12/2021  12:05:24,346658;9,376209E-1;1,362931E-1;1,152041E-1;9,372116E-1;;
02/12/2021  12:05:24,346758;9,364526E-1;1,251428E-1;1,373193E-1;9,370906E-1;;
02/12/2021  12:05:24,346858;9,355705E-1;1,315144E-1;1,275255E-1;9,369747E-1;;
02/12/2021  12:05:24,346958;9,358804E-1;1,283286E-1;1,155200E-1;9,368641E-1;;
02/12/2021  12:05:24,347058;9,369831E-1;1,327887E-1;1,591187E-1;9,367586E-1;;
02/12/2021  12:05:24,347158;9,370070E-1;1,407532E-1;1,433221E-1;9,366585E-1;;
02/12/2021  12:05:24,347258;9,364944E-1;1,538150E-1;1,578549E-1;9,365638E-1;;
02/12/2021  12:05:24,347358;9,360980E-1;1,276914E-1;1,221546E-1;9,364745E-1;;
02/12/2021  12:05:24,347458;9,365450E-1;6,939130E-2;1,129926E-1;9,363908E-1;;
02/12/2021  12:05:24,347558;9,372037E-1;1,283286E-1;1,414265E-1;9,363125E-1;;
02/12/2021  12:05:24,347658;9,377908E-1;1,401161E-1;1,363715E-1;9,362398E-1;;
02/12/2021  12:05:24,347758;9,362172E-1;1,171783E-1;9,845971E-2;9,361726E-1;;
02/12/2021  12:05:24,347858;9,355913E-1;1,037979E-1;1,275255E-1;9,361112E-1;;
02/12/2021  12:05:24,347958;9,361457E-1;1,429833E-1;1,411105E-1;9,360551E-1;;
02/12/2021  12:05:24,348058;9,369801E-1;1,429833E-1;1,436380E-1;9,360042E-1;;
02/12/2021  12:05:24,348158;9,369205E-1;1,152668E-1;1,265777E-1;9,359584E-1;;
02/12/2021  12:05:24,348258;9,356956E-1;1,238685E-1;1,212068E-1;9,359175E-1;;
02/12/2021  12:05:24,348358;9,351204E-1;1,216384E-1;1,158360E-1;9,358814E-1;;
02/12/2021  12:05:24,348458;9,362231E-1;1,343816E-1;1,433221E-1;9,358497E-1;;
02/12/2021  12:05:24,348558;9,360831E-1;1,299215E-1;1,319485E-1;9,358221E-1;;
02/12/2021  12:05:24,348658;9,356122E-1;1,276914E-1;1,370034E-1;9,357983E-1;;
02/12/2021  12:05:24,348758;9,342800E-1;1,289658E-1;1,275255E-1;9,357781E-1;;
02/12/2021  12:05:24,348858;9,339879E-1;1,047537E-1;8,834988E-2;9,357610E-1;;
02/12/2021  12:05:24,348958;9,346197E-1;1,296029E-1;1,183634E-1;9,357464E-1;;
02/12/2021  12:05:24,349058;9,349833E-1;1,123996E-1;1,231024E-1;9,357338E-1;;
02/12/2021  12:05:24,349158;9,350638E-1;1,254614E-1;1,313166E-1;9,357228E-1;;
02/12/2021  12:05:24,349258;9,339164E-1;3,721472E-2;1,022509E-1;9,357132E-1;;
02/12/2021  12:05:24,349358;9,345244E-1;1,257800E-1;1,265777E-1;9,357045E-1;;
02/12/2021  12:05:24,349458;9,349804E-1;4,040052E-2;1,164678E-1;9,356964E-1;;
02/12/2021  12:05:24,349558;9,357165E-1;9,965640E-2;1,139404E-1;9,356887E-1;;
02/12/2021  12:05:24,349658;9,363394E-1;1,044351E-1;9,972343E-2;9,356813E-1;;
02/12/2021  12:05:24,349758;9,347628E-1;7,576290E-2;7,097362E-2;9,356743E-1;;
02/12/2021  12:05:24,349858;9,349237E-1;1,104881E-1;1,158360E-1;9,356675E-1;;
02/12/2021  12:05:24,349958;9,358387E-1;1,225942E-1;1,155200E-1;9,356610E-1;;
02/12/2021  12:05:24,350058;9,367864E-1;1,213198E-1;1,306848E-1;9,356547E-1;;
02/12/2021  12:05:24,350158;9,371381E-1;1,343816E-1;1,272095E-1;9,356487E-1;;
02/12/2021  12:05:24,350258;9,364944E-1;1,267357E-1;1,246821E-1;9,356433E-1;;
02/12/2021  12:05:24,350358;9,376597E-1;1,219570E-1;1,246821E-1;9,356389E-1;;
02/12/2021  12:05:24,350458;9,385299E-1;1,139925E-1;9,688005E-2;9,356355E-1;;
02/12/2021  12:05:24,350558;9,386402E-1;6,684266E-2;9,308886E-2;9,356339E-1;;
02/12/2021  12:05:24,350658;9,386908E-1;1,206827E-1;1,291051E-1;9,356343E-1;;
02/12/2021  12:05:24,350758;9,377252E-1;1,350188E-1;1,275255E-1;9,356372E-1;;
02/12/2021  12:05:24,350858;9,382766E-1;2,765732E-2;7,855599E-2;9,356429E-1;;
02/12/2021  12:05:24,350958;9,382825E-1;1,139925E-1;1,376353E-1;9,356517E-1;;
02/12/2021  12:05:24,351058;9,380471E-1;1,267357E-1;1,306848E-1;9,356636E-1;;
02/12/2021  12:05:24,351158;9,379487E-1;1,260985E-1;1,262617E-1;9,356789E-1;;
02/12/2021  12:05:24,351258;9,360562E-1;1,015679E-1;1,009872E-1;9,356975E-1;;
02/12/2021  12:05:24,351358;9,364705E-1;5,505520E-2;9,308886E-2;9,357191E-1;;
02/12/2021  12:05:24,351458;9,364705E-1;1,576380E-1;1,815498E-1;9,357435E-1;;
02/12/2021  12:05:24,351558;9,365510E-1;1,410718E-1;1,231024E-1;9,357703E-1;;
02/12/2021  12:05:24,351658;9,350996E-1;1,073023E-1;1,133085E-1;9,357992E-1;;
02/12/2021  12:05:24,351758;9,340118E-1;1,206827E-1;1,215227E-1;9,358296E-1;;
02/12/2021  12:05:24,351858;9,340386E-1;1,143111E-1;1,212068E-1;9,358609E-1;;
02/12/2021  12:05:24,351958;9,346168E-1;1,257800E-1;1,373193E-1;9,358925E-1;;
02/12/2021  12:05:24,352058;9,344677E-1;1,286472E-1;1,243661E-1;9,359236E-1;;
02/12/2021  12:05:24,352158;9,336213E-1;2,160430E-2;6,212753E-2;9,359538E-1;;
02/12/2021  12:05:24,352258;9,329240E-1;1,433019E-1;1,926074E-1;9,359824E-1;;
02/12/2021  12:05:24,352358;9,334693E-1;1,197269E-1;1,215227E-1;9,360088E-1;;
02/12/2021  12:05:24,352458;9,342263E-1;1,324701E-1;1,347919E-1;9,360326E-1;;
02/12/2021  12:05:24,352558;9,340147E-1;1,241871E-1;1,736515E-1;9,360533E-1;;
02/12/2021  12:05:24,352658;9,330432E-1;1,181340E-1;1,170997E-1;9,360705E-1;;
02/12/2021  12:05:24,352758;9,319345E-1;1,225942E-1;1,272095E-1;9,360841E-1;;
02/12/2021  12:05:24,352858;9,325365E-1;6,238254E-2;9,719598E-2;9,360935E-1;;
02/12/2021  12:05:24,352958;9,326110E-1;1,331073E-1;1,272095E-1;9,360983E-1;;
02/12/2021  12:05:24,353058;9,317110E-1;1,375674E-1;1,493248E-1;9,360981E-1;;
02/12/2021  12:05:24,353158;9,306708E-1;1,245056E-1;1,237343E-1;9,360925E-1;;
02/12/2021  12:05:24,353258;9,299317E-1;6,047106E-2;1,360556E-1;9,360812E-1;;
02/12/2021  12:05:24,353358;9,304861E-1;3,785188E-2;9,909157E-2;9,360635E-1;;
02/12/2021  12:05:24,353458;9,310434E-1;1,012493E-1;1,019350E-1;9,360391E-1;;
02/12/2021  12:05:24,353558;9,305159E-1;8,691320E-2;8,076751E-2;9,360076E-1;;
02/12/2021  12:05:24,353658;9,295354E-1;8,277166E-2;1,180475E-1;9,359688E-1;;
02/12/2021  12:05:24,353758;9,294459E-1;8,563888E-2;8,866581E-2;9,359225E-1;;
02/12/2021  12:05:24,353858;9,304980E-1;8,850610E-2;1,262617E-1;9,358685E-1;;
02/12/2021  12:05:24,353958;9,310046E-1;9,360338E-2;1,054102E-1;9,358067E-1;;
02/12/2021  12:05:24,354058;9,310970E-1;1,015679E-1;1,079377E-1;9,357374E-1;;
02/12/2021  12:05:24,354158;9,299943E-1;5,792242E-2;1,013031E-1;9,356607E-1;;
02/12/2021  12:05:24,354258;9,308288E-1;1,012493E-1;1,082536E-1;9,355769E-1;;
02/12/2021  12:05:24,354358;9,317050E-1;1,060280E-1;1,221546E-1;9,354863E-1;;
02/12/2021  12:05:24,354458;9,318659E-1;1,025236E-1;1,679647E-1;9,353894E-1;;
02/12/2021  12:05:24,354558;9,323249E-1;1,133553E-1;1,205749E-1;9,352868E-1;;
02/12/2021  12:05:24,354658;9,313355E-1;1,101695E-1;1,164678E-1;9,351791E-1;;
02/12/2021  12:05:24,354758;9,312788E-1;-1,970622E-3;5,138584E-2;9,350669E-1;;
02/12/2021  12:05:24,354858;9,321938E-1;8,054160E-2;8,487463E-2;9,349508E-1;;
02/12/2021  12:05:24,354958;9,327749E-1;1,044351E-1;1,104651E-1;9,348313E-1;;
02/12/2021  12:05:24,355058;9,324859E-1;1,092138E-1;1,202590E-1;9,347091E-1;;
02/12/2021  12:05:24,355158;9,310732E-1;5,792242E-2;8,645429E-2;9,345849E-1;;
02/12/2021  12:05:24,355258;9,318928E-1;9,615202E-2;9,498445E-2;9,344592E-1;;
02/12/2021  12:05:24,355358;9,330670E-1;9,901924E-2;9,845971E-2;9,343325E-1;;
02/12/2021  12:05:24,355458;9,331832E-1;1,178155E-1;1,240502E-1;9,342054E-1;;
02/12/2021  12:05:24,355558;9,329150E-1;1,108067E-1;1,373193E-1;9,340785E-1;;
02/12/2021  12:05:24,355658;9,322266E-1;1,066652E-1;9,877564E-2;9,339525E-1;;
02/12/2021  12:05:24,355758;9,326945E-1;1,356559E-1;1,376353E-1;9,338280E-1;;
02/12/2021  12:05:24,355858;9,328345E-1;1,818500E-1;2,017695E-1;9,337052E-1;;
02/12/2021  12:05:24,355958;9,331564E-1;1,519035E-1;1,278414E-1;9,335848E-1;;
02/12/2021  12:05:24,356058;9,319643E-1;1,668768E-1;1,493248E-1;9,334672E-1;;
02/12/2021  12:05:24,356158;9,313980E-1;1,592309E-1;1,404787E-1;9,333525E-1;;
02/12/2021  12:05:24,356258;9,323935E-1;1,299215E-1;1,224705E-1;9,332411E-1;;
02/12/2021  12:05:24,356358;9,327809E-1;1,745227E-1;1,635417E-1;9,331330E-1;;
02/12/2021  12:05:24,356458;9,320388E-1;1,522221E-1;1,512204E-1;9,330284E-1;;
02/12/2021  12:05:24,356558;9,310881E-1;1,037979E-1;1,158360E-1;9,329276E-1;;
02/12/2021  12:05:24,356658;9,299645E-1;1,468062E-1;1,540637E-1;9,328305E-1;;
02/12/2021  12:05:24,356758;9,306738E-1;1,646467E-1;1,625939E-1;9,327368E-1;;
02/12/2021  12:05:24,356858;9,311417E-1;1,210013E-1;1,193112E-1;9,326464E-1;;
02/12/2021  12:05:24,356958;9,310046E-1;1,324701E-1;1,325804E-1;9,325590E-1;;
02/12/2021  12:05:24,357058;9,304503E-1;1,203641E-1;1,240502E-1;9,324746E-1;;
02/12/2021  12:05:24,357158;9,308974E-1;1,534964E-1;1,603824E-1;9,323931E-1;;
02/12/2021  12:05:24,357258;9,320716E-1;1,203641E-1;1,300529E-1;9,323143E-1;;
02/12/2021  12:05:24,357358;9,325216E-1;1,146297E-1;1,167838E-1;9,322383E-1;;
02/12/2021  12:05:24,357458;9,326468E-1;9,838208E-2;1,066739E-1;9,321654E-1;;
02/12/2021  12:05:24,357558;9,315232E-1;1,184526E-1;1,272095E-1;9,320957E-1;;
02/12/2021  12:05:24,357658;9,322176E-1;1,630538E-1;1,657532E-1;9,320294E-1;;
02/12/2021  12:05:24,357758;9,335647E-1;1,219570E-1;1,224705E-1;9,319666E-1;;
02/12/2021  12:05:24,357858;9,342323E-1;1,308772E-1;1,363715E-1;9,319075E-1;;
02/12/2021  12:05:24,357958;9,344230E-1;5,919674E-2;7,981972E-2;9,318527E-1;;
02/12/2021  12:05:24,358058;9,334246E-1;1,554079E-1;1,575390E-1;9,318025E-1;;
02/12/2021  12:05:24,358158;9,341340E-1;6,174538E-2;1,031987E-1;9,317572E-1;;
02/12/2021  12:05:24,358258;9,347688E-1;1,283286E-1;1,379512E-1;9,317171E-1;;
02/12/2021  12:05:24,358358;9,359549E-1;1,264171E-1;1,262617E-1;9,316826E-1;;
02/12/2021  12:05:24,358458;9,359460E-1;1,417090E-1;1,354238E-1;9,316540E-1;;
02/12/2021  12:05:24,358558;9,354006E-1;1,528593E-1;1,518522E-1;9,316319E-1;;
02/12/2021  12:05:24,358658;9,360682E-1;1,057094E-1;9,056141E-2;9,316166E-1;;
02/12/2021  12:05:24,358758;9,366285E-1;9,774492E-2;1,000394E-1;9,316084E-1;;
02/12/2021  12:05:24,358858;9,370070E-1;1,694254E-1;1,723878E-1;9,316075E-1;;
02/12/2021  12:05:24,358958;9,370189E-1;1,401161E-1;1,379512E-1;9,316145E-1;;
02/12/2021  12:05:24,359058;9,366613E-1;1,270543E-1;1,287892E-1;9,316294E-1;;
02/12/2021  12:05:24,359158;9,373080E-1;1,245056E-1;1,035146E-1;9,316526E-1;;
02/12/2021  12:05:24,359258;9,387683E-1;1,251428E-1;1,066739E-1;9,316841E-1;;
02/12/2021  12:05:24,359358;9,390842E-1;1,009307E-1;7,981972E-2;9,317242E-1;;
02/12/2021  12:05:24,359458;9,379875E-1;1,331073E-1;1,338441E-1;9,317732E-1;;
02/12/2021  12:05:24,359558;9,378355E-1;1,143111E-1;9,498445E-2;9,318313E-1;;
02/12/2021  12:05:24,359658;9,391677E-1;1,229127E-1;1,183634E-1;9,318984E-1;;
02/12/2021  12:05:24,359758;9,404313E-1;1,200455E-1;1,227865E-1;9,319747E-1;;
02/12/2021  12:05:24,359858;9,411436E-1;1,404346E-1;1,275255E-1;9,320601E-1;;
02/12/2021  12:05:24,359958;9,416562E-1;1,477620E-1;1,606983E-1;9,321551E-1;;
02/12/2021  12:05:24,360058;9,412241E-1;1,009307E-1;1,063580E-1;9,322600E-1;;
02/12/2021  12:05:24,360158;9,423417E-1;1,483991E-1;1,414265E-1;9,323749E-1;;
02/12/2021  12:05:24,360258;9,440375E-1;1,477620E-1;1,875525E-1;9,325001E-1;;
02/12/2021  12:05:24,360358;9,438229E-1;1,232313E-1;1,259458E-1;9,326360E-1;;
02/12/2021  12:05:24,360458;9,432656E-1;1,152668E-1;1,050943E-1;9,327828E-1;;
02/12/2021  12:05:24,360558;9,429705E-1;1,375674E-1;1,325804E-1;9,329407E-1;;
02/12/2021  12:05:24,360658;9,439540E-1;9,105474E-2;8,771802E-2;9,331096E-1;;
02/12/2021  12:05:24,360758;9,443534E-1;1,245056E-1;1,275255E-1;9,332895E-1;;
02/12/2021  12:05:24,360858;9,447587E-1;1,337445E-1;1,325804E-1;9,334803E-1;;
02/12/2021  12:05:24,360958;9,441895E-1;1,232313E-1;1,284732E-1;9,336817E-1;;
02/12/2021  12:05:24,361058;9,441001E-1;5,155082E-2;6,086380E-2;9,338937E-1;;
02/12/2021  12:05:24,361158;9,452654E-1;1,305587E-1;1,215227E-1;9,341158E-1;;
02/12/2021  12:05:24,361258;9,461863E-1;1,289658E-1;1,262617E-1;9,343477E-1;;
02/12/2021  12:05:24,361358;9,462817E-1;1,254614E-1;1,588027E-1;9,345892E-1;;
02/12/2021  12:05:24,361458;9,454531E-1;1,114439E-1;1,199431E-1;9,348401E-1;;
02/12/2021  12:05:24,361558;9,462012E-1;1,327887E-1;1,300529E-1;9,351000E-1;;
02/12/2021  12:05:24,361658;9,478553E-1;1,260985E-1;1,310007E-1;9,353685E-1;;
02/12/2021  12:05:24,361758;9,481652E-1;1,299215E-1;1,373193E-1;9,356453E-1;;
02/12/2021  12:05:24,361858;9,488298E-1;1,190898E-1;1,354238E-1;9,359304E-1;;
02/12/2021  12:05:24,361958;9,483410E-1;1,458505E-1;1,493248E-1;9,362235E-1;;
02/12/2021  12:05:24,362058;9,491278E-1;1,719741E-1;1,888163E-1;9,365244E-1;;
02/12/2021  12:05:24,362158;9,499146E-1;1,187712E-1;1,196272E-1;9,368330E-1;;
02/12/2021  12:05:24,362258;9,506240E-1;1,334259E-1;1,303688E-1;9,371489E-1;;
02/12/2021  12:05:24,362358;9,502186E-1;1,429833E-1;1,234183E-1;9,374721E-1;;
02/12/2021  12:05:24,362458;9,487881E-1;1,525407E-1;1,584868E-1;9,378023E-1;;
02/12/2021  12:05:24,362558;9,491457E-1;1,340630E-1;1,392149E-1;9,381390E-1;;
02/12/2021  12:05:24,362658;9,496881E-1;1,659210E-1;1,755471E-1;9,384816E-1;;
02/12/2021  12:05:24,362758;9,497776E-1;1,296029E-1;1,363715E-1;9,388294E-1;;
02/12/2021  12:05:24,362858;9,486719E-1;1,372488E-1;1,335282E-1;9,391817E-1;;
02/12/2021  12:05:24,362958;9,471907E-1;1,165411E-1;1,183634E-1;9,395378E-1;;
02/12/2021  12:05:24,363058;9,475155E-1;1,162226E-1;1,227865E-1;9,398965E-1;;
02/12/2021  12:05:24,363158;9,477450E-1;1,254614E-1;1,300529E-1;9,402568E-1;;
02/12/2021  12:05:24,363258;9,473486E-1;9,806350E-2;1,092014E-1;9,406175E-1;;
02/12/2021  12:05:24,363358;9,465648E-1;1,499920E-1;1,388990E-1;9,409776E-1;;
02/12/2021  12:05:24,363458;9,455545E-1;1,385232E-1;1,395309E-1;9,413358E-1;;
02/12/2021  12:05:24,363558;9,458465E-1;1,127182E-1;1,079377E-1;9,416909E-1;;
02/12/2021  12:05:24,363658;9,465469E-1;1,366117E-1;1,262617E-1;9,420416E-1;;
02/12/2021  12:05:24,363758;9,468926E-1;1,448948E-1;1,363715E-1;9,423869E-1;;
02/12/2021  12:05:24,363858;9,468360E-1;1,315144E-1;1,297370E-1;9,427259E-1;;
02/12/2021  12:05:24,363958;9,463949E-1;1,073023E-1;8,361090E-2;9,430578E-1;;
02/12/2021  12:05:24,364058;9,472354E-1;1,229127E-1;1,069899E-1;9,433819E-1;;
02/12/2021  12:05:24,364158;9,482546E-1;1,531778E-1;1,512204E-1;9,436975E-1;;
02/12/2021  12:05:24,364258;9,480400E-1;1,171783E-1;1,193112E-1;9,440043E-1;;
02/12/2021  12:05:24,364358;9,482963E-1;1,216384E-1;1,370034E-1;9,443020E-1;;
02/12/2021  12:05:24,364458;9,470446E-1;1,280100E-1;1,050943E-1;9,445903E-1;;
02/12/2021  12:05:24,364558;9,474946E-1;1,630538E-1;1,745993E-1;9,448691E-1;;
02/12/2021  12:05:24,364658;9,478255E-1;2,070179E-1;2,061925E-1;9,451380E-1;;
02/12/2021  12:05:24,364758;9,469075E-1;1,436204E-1;1,379512E-1;9,453968E-1;;
02/12/2021  12:05:24,364858;9,462221E-1;1,452133E-1;1,335282E-1;9,456451E-1;;
02/12/2021  12:05:24,364958;9,451253E-1;1,439390E-1;1,310007E-1;9,458827E-1;;
02/12/2021  12:05:24,365058;9,455038E-1;1,417090E-1;1,455336E-1;9,461090E-1;;
02/12/2021  12:05:24,365158;9,457541E-1;1,286472E-1;1,370034E-1;9,463236E-1;;
02/12/2021  12:05:24,365258;9,442312E-1;1,260985E-1;1,253139E-1;9,465260E-1;;
02/12/2021  12:05:24,365358;9,434146E-1;1,321516E-1;1,275255E-1;9,467159E-1;;
02/12/2021  12:05:24,365458;9,425652E-1;1,452133E-1;1,423743E-1;9,468927E-1;;
02/12/2021  12:05:24,365558;9,428484E-1;1,426647E-1;1,521681E-1;9,470558E-1;;
02/12/2021  12:05:24,365658;9,426129E-1;1,101695E-1;1,161519E-1;9,472045E-1;;
02/12/2021  12:05:24,365758;9,415698E-1;1,073023E-1;1,180475E-1;9,473384E-1;;
02/12/2021  12:05:24,365858;9,404254E-1;1,343816E-1;1,328963E-1;9,474571E-1;;
02/12/2021  12:05:24,365958;9,396565E-1;1,410718E-1;1,186794E-1;9,475600E-1;;
02/12/2021  12:05:24,366058;9,403896E-1;1,359745E-1;1,467973E-1;9,476465E-1;;
02/12/2021  12:05:24,366158;9,400111E-1;1,197269E-1;1,268936E-1;9,477160E-1;;
02/12/2021  12:05:24,366258;9,389471E-1;1,417090E-1;1,452176E-1;9,477684E-1;;
02/12/2021  12:05:24,366358;9,382438E-1;1,550893E-1;1,505885E-1;9,478034E-1;;
02/12/2021  12:05:24,366458;9,371858E-1;7,863012E-2;1,341600E-1;9,478205E-1;;
02/12/2021  12:05:24,366558;9,377610E-1;1,057094E-1;1,117289E-1;9,478194E-1;;
02/12/2021  12:05:24,366658;9,374331E-1;1,190898E-1;1,227865E-1;9,477999E-1;;
02/12/2021  12:05:24,366758;9,361427E-1;1,251428E-1;1,205749E-1;9,477620E-1;;
02/12/2021  12:05:24,366858;9,354483E-1;1,222756E-1;1,442698E-1;9,477054E-1;;
02/12/2021  12:05:24,366958;9,346317E-1;3,243602E-2;7,729226E-2;9,476300E-1;;
02/12/2021  12:05:24,367058;9,355764E-1;7,034704E-2;1,079377E-1;9,475357E-1;;
02/12/2021  12:05:24,367158;9,350310E-1;1,136739E-1;1,278414E-1;9,474226E-1;;
02/12/2021  12:05:24,367258;9,343456E-1;1,241871E-1;1,256299E-1;9,472908E-1;;
02/12/2021  12:05:24,367358;9,331505E-1;1,009307E-1;1,164678E-1;9,471405E-1;;
02/12/2021  12:05:24,367458;9,329448E-1;1,171783E-1;9,656411E-2;9,469719E-1;;
02/12/2021  12:05:24,367558;9,329716E-1;9,232906E-2;1,013031E-1;9,467852E-1;;
02/12/2021  12:05:24,367658;9,328852E-1;1,136739E-1;1,278414E-1;9,465807E-1;;
02/12/2021  12:05:24,367758;9,324054E-1;8,691320E-2;9,972343E-2;9,463587E-1;;
02/12/2021  12:05:24,367858;9,306559E-1;9,519628E-2;1,142563E-1;9,461198E-1;;
02/12/2021  12:05:24,367958;9,313027E-1;8,723178E-2;1,050943E-1;9,458642E-1;;
02/12/2021  12:05:24,368058;9,318570E-1;4,454206E-2;5,612482E-2;9,455924E-1;;
02/12/2021  12:05:24,368158;9,310434E-1;9,551486E-2;1,202590E-1;9,453050E-1;;
02/12/2021  12:05:24,368258;9,306470E-1;1,057094E-1;1,155200E-1;9,450027E-1;;
02/12/2021  12:05:24,368358;9,300986E-1;5,473662E-2;7,697633E-2;9,446862E-1;;
02/12/2021  12:05:24,368458;9,301284E-1;1,044351E-1;1,107811E-1;9,443561E-1;;
02/12/2021  12:05:24,368558;9,303251E-1;1,267357E-1;1,351078E-1;9,440131E-1;;
02/12/2021  12:05:24,368658;9,304265E-1;2,542726E-2;7,160549E-2;9,436581E-1;;
02/12/2021  12:05:24,368758;9,296397E-1;1,241871E-1;1,328963E-1;9,432919E-1;;
02/12/2021  12:05:24,368858;9,287903E-1;1,210013E-1;1,237343E-1;9,429154E-1;;
02/12/2021  12:05:24,368958;9,303102E-1;1,210013E-1;1,313166E-1;9,425295E-1;;
02/12/2021  12:05:24,369058;9,296665E-1;2,277256E-1;2,216732E-1;9,421350E-1;;
02/12/2021  12:05:24,369158;9,294430E-1;1,659210E-1;1,398468E-1;9,417330E-1;;
02/12/2021  12:05:24,369258;9,289840E-1;1,627352E-1;1,471132E-1;9,413245E-1;;
02/12/2021  12:05:24,369358;9,280154E-1;1,605052E-1;1,556434E-1;9,409104E-1;;
02/12/2021  12:05:24,369458;9,287545E-1;1,636910E-1;1,540637E-1;9,404914E-1;;
02/12/2021  12:05:24,369558;9,286651E-1;1,468062E-1;1,540637E-1;9,400685E-1;;
02/12/2021  12:05:24,369658;9,281853E-1;1,483991E-1;1,411105E-1;9,396425E-1;;
02/12/2021  12:05:24,369758;9,275594E-1;1,267357E-1;1,347919E-1;9,392142E-1;;
02/12/2021  12:05:24,369858;9,267696E-1;1,311958E-1;1,272095E-1;9,387845E-1;;
02/12/2021  12:05:24,369958;9,277502E-1;1,245056E-1;1,196272E-1;9,383538E-1;;
02/12/2021  12:05:24,370058;9,278753E-1;1,190898E-1;1,278414E-1;9,379230E-1;;
02/12/2021  12:05:24,370158;9,265402E-1;1,197269E-1;1,237343E-1;9,374928E-1;;
02/12/2021  12:05:24,370258;9,261080E-1;1,305587E-1;1,281573E-1;9,370638E-1;;
02/12/2021  12:05:24,370358;9,263077E-1;1,340630E-1;1,344760E-1;9,366366E-1;;
02/12/2021  12:05:24,370458;9,268918E-1;1,130368E-1;1,670170E-1;9,362116E-1;;
02/12/2021  12:05:24,370558;9,274342E-1;1,162226E-1;1,110970E-1;9,357895E-1;;
02/12/2021  12:05:24,370658;9,266713E-1;1,280100E-1;1,291051E-1;9,353710E-1;;
02/12/2021  12:05:24,370758;9,267845E-1;1,324701E-1;1,310007E-1;9,349567E-1;;
02/12/2021  12:05:24,370858;9,263107E-1;1,417090E-1;1,528000E-1;9,345473E-1;;
02/12/2021  12:05:24,370958;9,279856E-1;1,108067E-1;1,265777E-1;9,341433E-1;;
02/12/2021  12:05:24,371058;9,279826E-1;1,292843E-1;1,284732E-1;9,337455E-1;;
02/12/2021  12:05:24,371158;9,280094E-1;1,225942E-1;1,227865E-1;9,333547E-1;;
02/12/2021  12:05:24,371258;9,279618E-1;7,417000E-2;1,717559E-1;9,329715E-1;;
02/12/2021  12:05:24,371358;9,283701E-1;1,327887E-1;1,212068E-1;9,325968E-1;;
02/12/2021  12:05:24,371458;9,302029E-1;1,296029E-1;1,300529E-1;9,322313E-1;;
02/12/2021  12:05:24,371558;9,305218E-1;1,267357E-1;1,287892E-1;9,318759E-1;;
02/12/2021  12:05:24,371658;9,308735E-1;1,245056E-1;1,272095E-1;9,315317E-1;;
02/12/2021  12:05:24,371758;9,309450E-1;1,136739E-1;1,212068E-1;9,311995E-1;;
02/12/2021  12:05:24,371858;9,318361E-1;1,037979E-1;1,098333E-1;9,308804E-1;;
02/12/2021  12:05:24,371958;9,337704E-1;1,260985E-1;1,325804E-1;9,305753E-1;;
02/12/2021  12:05:24,372058;9,341131E-1;1,267357E-1;1,246821E-1;9,302853E-1;;
02/12/2021  12:05:24,372158;9,346048E-1;1,073023E-1;1,066739E-1;9,300116E-1;;
02/12/2021  12:05:24,372258;9,349237E-1;1,082581E-1;9,624818E-2;9,297551E-1;;
02/12/2021  12:05:24,372358;9,352963E-1;1,375674E-1;1,433221E-1;9,295170E-1;;
02/12/2021  12:05:24,372458;9,364586E-1;1,366117E-1;1,379512E-1;9,292982E-1;;
02/12/2021  12:05:24,372558;9,369652E-1;1,162226E-1;1,240502E-1;9,290994E-1;;
02/12/2021  12:05:24,372658;9,371917E-1;1,015679E-1;1,082536E-1;9,289215E-1;;
02/12/2021  12:05:24,372758;9,367119E-1;1,076209E-1;1,139404E-1;9,287653E-1;;
02/12/2021  12:05:24,372858;9,379189E-1;1,397975E-1;1,186794E-1;9,286312E-1;;
02/12/2021  12:05:24,372958;9,391200E-1;1,280100E-1;1,174156E-1;9,285197E-1;;
02/12/2021  12:05:24,373058;9,394508E-1;1,162226E-1;9,719598E-2;9,284312E-1;;
02/12/2021  12:05:24,373158;9,394240E-1;1,595494E-1;1,900800E-1;9,283662E-1;;
02/12/2021  12:05:24,373258;9,390932E-1;1,159040E-1;1,234183E-1;9,283249E-1;;
02/12/2021  12:05:24,373358;9,404701E-1;1,283286E-1;1,231024E-1;9,283074E-1;;
02/12/2021  12:05:24,373458;9,415162E-1;1,442576E-1;1,787064E-1;9,283138E-1;;
02/12/2021  12:05:24,373558;9,413284E-1;1,015679E-1;9,403666E-2;9,283440E-1;;
02/12/2021  12:05:24,373658;9,419900E-1;1,267357E-1;1,313166E-1;9,283982E-1;;
02/12/2021  12:05:24,373758;9,412241E-1;1,362931E-1;1,325804E-1;9,284761E-1;;
02/12/2021  12:05:24,373858;9,440375E-1;6,110822E-2;1,003553E-1;9,285774E-1;;
02/12/2021  12:05:24,373958;9,440017E-1;1,130368E-1;1,272095E-1;9,287021E-1;;
02/12/2021  12:05:24,374058;9,440882E-1;1,216384E-1;1,193112E-1;9,288499E-1;;
02/12/2021  12:05:24,374158;9,443266E-1;1,254614E-1;1,174156E-1;9,290205E-1;;
02/12/2021  12:05:24,374258;9,440077E-1;7,958586E-2;1,066739E-1;9,292136E-1;;
02/12/2021  12:05:24,374358;9,459628E-1;1,178155E-1;1,126766E-1;9,294286E-1;;
02/12/2021  12:05:24,374458;9,469254E-1;1,088952E-1;1,139404E-1;9,296650E-1;;
02/12/2021  12:05:24,374558;9,480818E-1;1,385232E-1;1,379512E-1;9,299224E-1;;
02/12/2021  12:05:24,374658;9,483887E-1;1,426647E-1;1,328963E-1;9,302007E-1;;
02/12/2021  12:05:24,374758;9,493216E-1;1,251428E-1;1,474292E-1;9,304994E-1;;
02/12/2021  12:05:24,374858;9,508534E-1;1,254614E-1;1,404787E-1;9,308183E-1;;
02/12/2021  12:05:24,374958;9,514137E-1;1,283286E-1;1,341600E-1;9,311571E-1;;
02/12/2021  12:05:24,375058;9,524121E-1;1,334259E-1;1,417424E-1;9,315158E-1;;
02/12/2021  12:05:24,375158;9,522870E-1;1,378860E-1;1,268936E-1;9,318940E-1;;
02/12/2021  12:05:24,375258;9,532287E-1;1,187712E-1;1,193112E-1;9,322914E-1;;
02/12/2021  12:05:24,375358;9,551123E-1;1,184526E-1;1,057261E-1;9,327078E-1;;
02/12/2021  12:05:24,375458;9,551779E-1;1,286472E-1;1,272095E-1;9,331428E-1;;
02/12/2021  12:05:24,375558;9,560153E-1;1,315144E-1;1,411105E-1;9,335961E-1;;
02/12/2021  12:05:24,375658;9,558752E-1;1,079395E-1;1,050943E-1;9,340674E-1;;
02/12/2021  12:05:24,375758;9,564951E-1;9,965640E-2;1,092014E-1;9,345562E-1;;
02/12/2021  12:05:24,375858;9,579615E-1;1,197269E-1;1,407946E-1;9,350619E-1;;
02/12/2021  12:05:24,375958;9,586946E-1;1,283286E-1;1,224705E-1;9,355841E-1;;
02/12/2021  12:05:24,376058;9,594039E-1;1,251428E-1;1,098333E-1;9,361223E-1;;
02/12/2021  12:05:24,376158;9,596364E-1;1,085766E-1;1,196272E-1;9,366760E-1;;
02/12/2021  12:05:24,376258;9,602503E-1;1,238685E-1;1,193112E-1;9,372446E-1;;
02/12/2021  12:05:24,376358;9,620176E-1;1,308772E-1;1,287892E-1;9,378275E-1;;
02/12/2021  12:05:24,376458;9,629237E-1;1,327887E-1;1,306848E-1;9,384243E-1;;
02/12/2021  12:05:24,376558;9,634154E-1;1,174969E-1;1,158360E-1;9,390345E-1;;
02/12/2021  12:05:24,376658;9,641039E-1;1,311958E-1;1,322644E-1;9,396577E-1;;
02/12/2021  12:05:24,376758;9,649890E-1;1,480806E-1;1,411105E-1;9,402935E-1;;
02/12/2021  12:05:24,376858;9,669173E-1;8,277166E-2;6,970989E-2;9,409413E-1;;
02/12/2021  12:05:24,376958;9,676534E-1;1,264171E-1;1,107811E-1;9,416010E-1;;
02/12/2021  12:05:24,377058;9,673136E-1;1,047537E-1;1,152041E-1;9,422721E-1;;
02/12/2021  12:05:24,377158;9,673315E-1;1,171783E-1;1,281573E-1;9,429543E-1;;
02/12/2021  12:05:24,377258;9,681779E-1;1,276914E-1;1,199431E-1;9,436471E-1;;
02/12/2021  12:05:24,377358;9,691048E-1;1,273729E-1;1,294210E-1;9,443497E-1;;
02/12/2021  12:05:24,377458;9,693045E-1;1,168597E-1;1,161519E-1;9,450615E-1;;
02/12/2021  12:05:24,377558;9,689796E-1;1,108067E-1;1,158360E-1;9,457818E-1;;
02/12/2021  12:05:24,377658;9,690035E-1;1,350188E-1;1,341600E-1;9,465098E-1;;
02/12/2021  12:05:24,377758;9,702641E-1;1,471248E-1;1,341600E-1;9,472446E-1;;
02/12/2021  12:05:24,377858;9,712029E-1;1,468062E-1;1,417424E-1;9,479852E-1;;
02/12/2021  12:05:24,377958;9,713758E-1;1,159040E-1;1,152041E-1;9,487309E-1;;
02/12/2021  12:05:24,378058;9,707082E-1;1,340630E-1;1,480610E-1;9,494807E-1;;
02/12/2021  12:05:24,378158;9,704310E-1;1,315144E-1;1,202590E-1;9,502338E-1;;
02/12/2021  12:05:24,378258;9,710688E-1;1,264171E-1;1,208909E-1;9,509889E-1;;
02/12/2021  12:05:24,378358;9,718437E-1;1,254614E-1;1,373193E-1;9,517451E-1;;
02/12/2021  12:05:24,378458;9,720464E-1;1,117624E-1;1,272095E-1;9,525013E-1;;
02/12/2021  12:05:24,378558;9,722669E-1;1,356559E-1;1,477451E-1;9,532564E-1;;
02/12/2021  12:05:24,378658;9,719808E-1;1,229127E-1;1,262617E-1;9,540094E-1;;
02/12/2021  12:05:24,378758;9,726394E-1;1,248242E-1;1,167838E-1;9,547593E-1;;
02/12/2021  12:05:24,378858;9,728600E-1;1,413904E-1;1,385831E-1;9,555052E-1;;
02/12/2021  12:05:24,378958;9,729285E-1;1,397975E-1;1,366875E-1;9,562461E-1;;
02/12/2021  12:05:24,379058;9,719271E-1;1,385232E-1;1,319485E-1;9,569809E-1;;
02/12/2021  12:05:24,379158;9,722311E-1;1,697440E-1;1,723878E-1;9,577087E-1;;
02/12/2021  12:05:24,379258;9,731371E-1;5,696668E-2;1,082536E-1;9,584283E-1;;
02/12/2021  12:05:24,379358;9,730060E-1;1,375674E-1;1,385831E-1;9,591388E-1;;
02/12/2021  12:05:24,379458;9,726663E-1;1,372488E-1;1,322644E-1;9,598394E-1;;
02/12/2021  12:05:24,379558;9,721447E-1;1,362931E-1;1,382671E-1;9,605289E-1;;
02/12/2021  12:05:24,379658;9,716142E-1;1,452133E-1;1,379512E-1;9,612066E-1;;
02/12/2021  12:05:24,379758;9,720106E-1;1,369303E-1;1,531159E-1;9,618713E-1;;
02/12/2021  12:05:24,379858;9,723295E-1;1,289658E-1;1,256299E-1;9,625222E-1;;
02/12/2021  12:05:24,379958;9,715010E-1;1,146297E-1;1,253139E-1;9,631581E-1;;
02/12/2021  12:05:24,380058;9,703059E-1;7,767438E-2;9,372073E-2;9,637784E-1;;
02/12/2021  12:05:24,380158;9,699691E-1;1,076209E-1;1,092014E-1;9,643820E-1;;
02/12/2021  12:05:24,380258;9,704310E-1;1,197269E-1;1,249980E-1;9,649678E-1;;
02/12/2021  12:05:24,380358;9,696621E-1;1,015679E-1;1,107811E-1;9,655349E-1;;
02/12/2021  12:05:24,380458;9,687621E-1;1,076209E-1;1,199431E-1;9,660823E-1;;
02/12/2021  12:05:24,380558;9,679335E-1;1,206827E-1;1,351078E-1;9,666092E-1;;
02/12/2021  12:05:24,380658;9,677249E-1;1,085766E-1;1,142563E-1;9,671144E-1;;
02/12/2021  12:05:24,380758;9,677577E-1;1,130368E-1;1,202590E-1;9,675971E-1;;
02/12/2021  12:05:24,380858;9,678292E-1;1,002936E-1;1,136244E-1;9,680565E-1;;
02/12/2021  12:05:24,380958;9,666371E-1;1,136739E-1;1,291051E-1;9,684918E-1;;
02/12/2021  12:05:24,381058;9,656745E-1;8,213450E-2;7,128955E-2;9,689024E-1;;
02/12/2021  12:05:24,381158;9,650933E-1;1,002936E-1;1,158360E-1;9,692876E-1;;
02/12/2021  12:05:24,381258;9,657967E-1;1,088952E-1;1,313166E-1;9,696467E-1;;
02/12/2021  12:05:24,381358;9,648847E-1;1,073023E-1;1,167838E-1;9,699792E-1;;
02/12/2021  12:05:24,381458;9,636121E-1;1,143111E-1;1,272095E-1;9,702846E-1;;
02/12/2021  12:05:24,381558;9,630488E-1;1,219570E-1;1,300529E-1;9,705626E-1;;
02/12/2021  12:05:24,381658;9,630399E-1;1,937424E-2;7,571260E-2;9,708126E-1;;
02/12/2021  12:05:24,381758;9,629922E-1;1,254614E-1;1,208909E-1;9,710345E-1;;
02/12/2021  12:05:24,381858;9,622412E-1;1,241871E-1;1,243661E-1;9,712279E-1;;
02/12/2021  12:05:24,381958;9,608106E-1;1,627352E-1;1,733356E-1;9,713928E-1;;
02/12/2021  12:05:24,382058;9,590135E-1;1,547707E-1;1,430061E-1;9,715290E-1;;
02/12/2021  12:05:24,382158;9,591983E-1;1,652839E-1;1,404787E-1;9,716362E-1;;
02/12/2021  12:05:24,382258;9,587542E-1;1,646467E-1;1,433221E-1;9,717142E-1;;
02/12/2021  12:05:24,382358;9,583817E-1;1,904517E-1;1,689125E-1;9,717630E-1;;
02/12/2021  12:05:24,382458;9,573058E-1;1,898145E-1;1,850251E-1;9,717824E-1;;
02/12/2021  12:05:24,382558;9,556726E-1;1,691068E-1;1,543797E-1;9,717726E-1;;
02/12/2021  12:05:24,382658;9,562239E-1;1,506292E-1;1,486929E-1;9,717335E-1;;
02/12/2021  12:05:24,382758;9,559021E-1;1,359745E-1;1,559593E-1;9,716653E-1;;
02/12/2021  12:05:24,382858;9,549961E-1;1,496735E-1;1,493248E-1;9,715682E-1;;
02/12/2021  12:05:24,382958;9,534254E-1;1,547707E-1;1,306848E-1;9,714425E-1;;
02/12/2021  12:05:24,383058;9,522691E-1;1,397975E-1;1,442698E-1;9,712885E-1;;
02/12/2021  12:05:24,383158;9,523645E-1;1,165411E-1;1,189953E-1;9,711064E-1;;
02/12/2021  12:05:24,383258;9,513780E-1;1,276914E-1;1,392149E-1;9,708965E-1;;
02/12/2021  12:05:24,383358;9,501143E-1;1,407532E-1;1,417424E-1;9,706592E-1;;
02/12/2021  12:05:24,383458;9,492828E-1;1,225942E-1;1,145722E-1;9,703947E-1;;
02/12/2021  12:05:24,383558;9,478821E-1;1,190898E-1;9,972343E-2;9,701034E-1;;
02/12/2021  12:05:24,383658;9,478612E-1;1,190898E-1;1,635417E-1;9,697855E-1;;
02/12/2021  12:05:24,383758;9,470297E-1;1,582751E-1;1,546956E-1;9,694415E-1;;
02/12/2021  12:05:24,383858;9,453727E-1;1,257800E-1;1,325804E-1;9,690717E-1;;
02/12/2021  12:05:24,383958;9,436769E-1;1,264171E-1;1,256299E-1;9,686766E-1;;
02/12/2021  12:05:24,384058;9,424043E-1;8,086018E-2;1,316326E-1;9,682564E-1;;
02/12/2021  12:05:24,384158;9,418917E-1;1,397975E-1;1,316326E-1;9,678113E-1;;
02/12/2021  12:05:24,384258;9,412271E-1;1,225942E-1;1,259458E-1;9,673415E-1;;
02/12/2021  12:05:24,384358;9,399366E-1;1,267357E-1;1,319485E-1;9,668474E-1;;
02/12/2021  12:05:24,384458;9,380083E-1;1,296029E-1;1,272095E-1;9,663292E-1;;
02/12/2021  12:05:24,384558;9,364139E-1;1,337445E-1;1,347919E-1;9,657871E-1;;
02/12/2021  12:05:24,384658;9,363811E-1;1,665582E-1;1,711241E-1;9,652215E-1;;
02/12/2021  12:05:24,384758;9,352128E-1;1,296029E-1;1,344760E-1;9,646324E-1;;
02/12/2021  12:05:24,384858;9,340922E-1;1,210013E-1;1,212068E-1;9,640202E-1;;
02/12/2021  12:05:24,384958;9,324739E-1;1,394789E-1;1,553275E-1;9,633852E-1;;
02/12/2021  12:05:24,385058;9,311000E-1;1,512664E-1;1,477451E-1;9,627278E-1;;
02/12/2021  12:05:24,385158;9,309272E-1;9,009900E-2;1,019350E-1;9,620481E-1;;
02/12/2021  12:05:24,385258;9,299794E-1;1,283286E-1;1,265777E-1;9,613466E-1;;
02/12/2021  12:05:24,385358;9,287843E-1;1,347002E-1;1,202590E-1;9,606238E-1;;
02/12/2021  12:05:24,385458;9,273419E-1;1,474434E-1;1,531159E-1;9,598801E-1;;
02/12/2021  12:05:24,385558;9,273866E-1;1,324701E-1;1,322644E-1;9,591160E-1;;
02/12/2021  12:05:24,385658;9,279826E-1;7,576290E-2;5,359736E-2;9,583323E-1;;
02/12/2021  12:05:24,385758;9,263613E-1;1,159040E-1;1,322644E-1;9,575297E-1;;
02/12/2021  12:05:24,385858;9,250709E-1;1,311958E-1;1,281573E-1;9,567092E-1;;
02/12/2021  12:05:24,385958;9,242930E-1;1,324701E-1;1,221546E-1;9,558717E-1;;
02/12/2021  12:05:24,386058;9,237238E-1;8,691320E-2;7,824006E-2;9,550180E-1;;
02/12/2021  12:05:24,386158;9,234675E-1;1,280100E-1;1,335282E-1;9,541492E-1;;
02/12/2021  12:05:24,386258;9,234675E-1;1,152668E-1;1,240502E-1;9,532662E-1;;
02/12/2021  12:05:24,386358;9,223975E-1;1,385232E-1;1,417424E-1;9,523702E-1;;
02/12/2021  12:05:24,386458;9,214111E-1;1,327887E-1;1,341600E-1;9,514624E-1;;
02/12/2021  12:05:24,386558;9,219565E-1;1,260985E-1;1,426902E-1;9,505439E-1;;
02/12/2021  12:05:24,386658;9,221502E-1;1,190898E-1;1,240502E-1;9,496161E-1;;
02/12/2021  12:05:24,386758;9,214289E-1;1,308772E-1;1,256299E-1;9,486802E-1;;
02/12/2021  12:05:24,386858;9,202368E-1;1,474434E-1;1,505885E-1;9,477379E-1;;
02/12/2021  12:05:24,386958;9,192801E-1;1,305587E-1;1,344760E-1;9,467905E-1;;
02/12/2021  12:05:24,387058;9,204186E-1;1,095324E-1;1,139404E-1;9,458392E-1;;
02/12/2021  12:05:24,387158;9,204752E-1;1,315144E-1;1,480610E-1;9,448855E-1;;
02/12/2021  12:05:24,387258;9,200282E-1;1,391603E-1;1,338441E-1;9,439308E-1;;
02/12/2021  12:05:24,387358;9,194470E-1;1,283286E-1;1,338441E-1;9,429767E-1;;
02/12/2021  12:05:24,387458;9,191729E-1;1,334259E-1;1,246821E-1;9,420247E-1;;
02/12/2021  12:05:24,387558;9,193427E-1;1,034794E-1;1,006712E-1;9,410762E-1;;
02/12/2021  12:05:24,387658;9,199149E-1;1,417090E-1;1,373193E-1;9,401326E-1;;
02/12/2021  12:05:24,387758;9,186513E-1;1,229127E-1;1,249980E-1;9,391955E-1;;
02/12/2021  12:05:24,387858;9,177065E-1;1,232313E-1;1,193112E-1;9,382662E-1;;
02/12/2021  12:05:24,387958;9,171075E-1;1,292843E-1;1,426902E-1;9,373460E-1;;
02/12/2021  12:05:24,388058;9,171194E-1;1,232313E-1;1,575390E-1;9,364358E-1;;
02/12/2021  12:05:24,388158;9,167350E-1;1,222756E-1;1,199431E-1;9,355367E-1;;
02/12/2021  12:05:24,388258;9,169764E-1;1,238685E-1;1,240502E-1;9,346495E-1;;
02/12/2021  12:05:24,388358;9,158111E-1;1,213198E-1;1,212068E-1;9,337751E-1;;
02/12/2021  12:05:24,388458;9,160048E-1;1,299215E-1;1,354238E-1;9,329144E-1;;
02/12/2021  12:05:24,388558;9,165889E-1;1,477620E-1;1,502726E-1;9,320682E-1;;
02/12/2021  12:05:24,388658;9,161896E-1;1,321516E-1;1,294210E-1;9,312371E-1;;
02/12/2021  12:05:24,388758;9,163952E-1;1,162226E-1;1,199431E-1;9,304221E-1;;
02/12/2021  12:05:24,388858;9,157306E-1;1,235499E-1;1,243661E-1;9,296238E-1;;
02/12/2021  12:05:24,388958;9,159660E-1;1,181340E-1;1,164678E-1;9,288430E-1;;
02/12/2021  12:05:24,389058;9,165949E-1;1,311958E-1;1,287892E-1;9,280802E-1;;
02/12/2021  12:05:24,389158;9,172208E-1;1,219570E-1;1,202590E-1;9,273363E-1;;
02/12/2021  12:05:24,389258;9,169764E-1;1,181340E-1;1,253139E-1;9,266119E-1;;
02/12/2021  12:05:24,389358;9,171343E-1;1,251428E-1;1,420583E-1;9,259078E-1;;
02/12/2021  12:05:24,389458;9,172267E-1;1,267357E-1;1,291051E-1;9,252248E-1;;
02/12/2021  12:05:24,389558;9,188450E-1;1,238685E-1;1,249980E-1;9,245633E-1;;
02/12/2021  12:05:24,389658;9,191043E-1;1,165411E-1;1,224705E-1;9,239243E-1;;
02/12/2021  12:05:24,389758;9,189940E-1;1,245056E-1;1,259458E-1;9,233085E-1;;
02/12/2021  12:05:24,389858;9,177751E-1;9,487770E-2;6,907803E-2;9,227167E-1;;
02/12/2021  12:05:24,389958;9,183294E-1;1,391603E-1;1,398468E-1;9,221494E-1;;
02/12/2021  12:05:24,390058;9,182460E-1;1,267357E-1;1,382671E-1;9,216068E-1;;
02/12/2021  12:05:24,390158;9,190656E-1;1,286472E-1;1,313166E-1;9,210893E-1;;
02/12/2021  12:05:24,390258;9,187169E-1;1,302401E-1;1,300529E-1;9,205970E-1;;
02/12/2021  12:05:24,390358;9,195931E-1;1,299215E-1;1,310007E-1;9,201303E-1;;
02/12/2021  12:05:24,390458;9,199328E-1;1,219570E-1;1,281573E-1;9,196893E-1;;
02/12/2021  12:05:24,390558;9,207494E-1;1,238685E-1;1,152041E-1;9,192742E-1;;
02/12/2021  12:05:24,390658;9,207435E-1;1,315144E-1;1,066739E-1;9,188852E-1;;
02/12/2021  12:05:24,390758;9,209819E-1;1,229127E-1;1,253139E-1;9,185225E-1;;
02/12/2021  12:05:24,390858;9,207226E-1;1,146297E-1;1,218387E-1;9,181861E-1;;
02/12/2021  12:05:24,390958;9,218998E-1;1,130368E-1;1,035146E-1;9,178762E-1;;
02/12/2021  12:05:24,391058;9,226747E-1;1,037979E-1;8,392683E-2;9,175925E-1;;
02/12/2021  12:05:24,391158;9,227790E-1;1,210013E-1;1,057261E-1;9,173352E-1;;
02/12/2021  12:05:24,391258;9,230949E-1;1,327887E-1;1,272095E-1;9,171043E-1;;
02/12/2021  12:05:24,391358;9,229549E-1;1,350188E-1;1,256299E-1;9,168997E-1;;
02/12/2021  12:05:24,391458;9,241350E-1;1,353374E-1;1,287892E-1;9,167213E-1;;
02/12/2021  12:05:24,391558;9,249606E-1;1,254614E-1;1,480610E-1;9,165688E-1;;
02/12/2021  12:05:24,391658;9,245821E-1;1,350188E-1;1,319485E-1;9,164421E-1;;
02/12/2021  12:05:24,391758;9,245940E-1;1,082581E-1;9,150920E-2;9,163411E-1;;
02/12/2021  12:05:24,391858;9,244539E-1;9,774492E-2;1,502726E-1;9,162653E-1;;
02/12/2021  12:05:24,391958;9,252586E-1;1,194084E-1;1,202590E-1;9,162143E-1;;
02/12/2021  12:05:24,392058;9,258159E-1;1,477620E-1;1,376353E-1;9,161876E-1;;
02/12/2021  12:05:24,392158;9,256401E-1;1,187712E-1;1,114129E-1;9,161847E-1;;
02/12/2021  12:05:24,392258;9,258696E-1;1,136739E-1;1,054102E-1;9,162049E-1;;
02/12/2021  12:05:24,392358;9,258368E-1;1,522221E-1;1,796542E-1;9,162476E-1;;
02/12/2021  12:05:24,392458;9,275326E-1;1,601866E-1;1,736515E-1;9,163122E-1;;
02/12/2021  12:05:24,392558;9,279320E-1;1,334259E-1;1,303688E-1;9,163980E-1;;
02/12/2021  12:05:24,392658;9,278515E-1;1,162226E-1;1,291051E-1;9,165045E-1;;
02/12/2021  12:05:24,392758;9,279677E-1;1,270543E-1;1,249980E-1;9,166311E-1;;
02/12/2021  12:05:24,392858;9,281257E-1;1,372488E-1;9,119327E-2;9,167771E-1;;
02/12/2021  12:05:24,392958;9,294549E-1;1,178155E-1;1,025668E-1;9,169418E-1;;
02/12/2021  12:05:24,393058;9,301046E-1;1,203641E-1;1,234183E-1;9,171247E-1;;
02/12/2021  12:05:24,393158;9,297708E-1;1,127182E-1;1,287892E-1;9,173251E-1;;
02/12/2021  12:05:24,393258;9,295652E-1;1,041165E-1;1,193112E-1;9,175424E-1;;
02/12/2021  12:05:24,393358;9,297112E-1;1,101695E-1;1,104651E-1;9,177758E-1;;
02/12/2021  12:05:24,393458;9,311626E-1;1,187712E-1;1,344760E-1;9,180247E-1;;
02/12/2021  12:05:24,393558;9,312401E-1;9,137332E-2;9,972343E-2;9,182881E-1;;
02/12/2021  12:05:24,393658;9,313891E-1;8,946184E-2;8,455870E-2;9,185656E-1;;
02/12/2021  12:05:24,393758;9,312192E-1;8,372740E-2;1,505885E-1;9,188562E-1;;
02/12/2021  12:05:24,393858;9,313682E-1;9,870066E-2;1,073058E-1;9,191593E-1;;
02/12/2021  12:05:24,393958;9,333054E-1;-3,882102E-3;5,707262E-2;9,194741E-1;;
02/12/2021  12:05:24,394058;9,328345E-1;8,245308E-2;1,000394E-1;9,197999E-1;;
02/12/2021  12:05:24,394158;9,334068E-1;9,933782E-2;1,095173E-1;9,201360E-1;;
02/12/2021  12:05:24,394258;9,338210E-1;2,224146E-2;3,653703E-2;9,204818E-1;;
02/12/2021  12:05:24,394358;9,342860E-1;8,786894E-2;9,561632E-2;9,208367E-1;;
02/12/2021  12:05:24,394458;9,361546E-1;1,523270E-2;4,917431E-2;9,212002E-1;;
02/12/2021  12:05:24,394558;9,357940E-1;1,076209E-1;9,561632E-2;9,215718E-1;;
02/12/2021  12:05:24,394658;9,369682E-1;1,120810E-1;1,262617E-1;9,219513E-1;;
02/12/2021  12:05:24,394758;9,369623E-1;8,882468E-2;1,047783E-1;9,223382E-1;;
02/12/2021  12:05:24,394858;9,383094E-1;1,002936E-1;1,256299E-1;9,227324E-1;;
02/12/2021  12:05:24,394958;9,394657E-1;1,047537E-1;1,193112E-1;9,231335E-1;;
02/12/2021  12:05:24,395058;9,399217E-1;1,273729E-1;1,354238E-1;9,235414E-1;;
02/12/2021  12:05:24,395158;9,406370E-1;1,311958E-1;1,360556E-1;9,239562E-1;;
02/12/2021  12:05:24,395258;9,406996E-1;1,305587E-1;1,262617E-1;9,243778E-1;;
02/12/2021  12:05:24,395358;9,426606E-1;1,410718E-1;1,417424E-1;9,248062E-1;;
02/12/2021  12:05:24,395458;9,442670E-1;1,534964E-1;1,379512E-1;9,252413E-1;;
02/12/2021  12:05:24,395558;9,450925E-1;1,547707E-1;1,436380E-1;9,256835E-1;;
02/12/2021  12:05:24,395658;9,440077E-1;1,468062E-1;1,445858E-1;9,261330E-1;;
02/12/2021  12:05:24,395758;9,444398E-1;1,509478E-1;1,316326E-1;9,265899E-1;;
02/12/2021  12:05:24,395858;9,461565E-1;1,636910E-1;1,467973E-1;9,270543E-1;;
02/12/2021  12:05:24,395958;9,466244E-1;1,640096E-1;1,670170E-1;9,275262E-1;;
02/12/2021  12:05:24,396058;9,474529E-1;1,493549E-1;1,385831E-1;9,280054E-1;;
02/12/2021  12:05:24,396158;9,470565E-1;1,378860E-1;1,518522E-1;9,284922E-1;;
02/12/2021  12:05:24,396258;9,480222E-1;1,315144E-1;1,313166E-1;9,289864E-1;;
02/12/2021  12:05:24,396358;9,487195E-1;5,218798E-2;9,466852E-2;9,294880E-1;;
02/12/2021  12:05:24,396458;9,488507E-1;1,286472E-1;1,332122E-1;9,299967E-1;;
02/12/2021  12:05:24,396558;9,487762E-1;1,200455E-1;1,212068E-1;9,305123E-1;;
02/12/2021  12:05:24,396658;9,494050E-1;1,273729E-1;1,259458E-1;9,310346E-1;;
02/12/2021  12:05:24,396758;9,491398E-1;-1,917394E-2;-2,917682E-2;9,315632E-1;;
02/12/2021  12:05:24,396858;9,499623E-1;1,452133E-1;1,771268E-1;9,320976E-1;;
02/12/2021  12:05:24,396958;9,501739E-1;1,410718E-1;1,458495E-1;9,326372E-1;;
02/12/2021  12:05:24,397058;9,497299E-1;1,108067E-1;1,142563E-1;9,331816E-1;;
02/12/2021  12:05:24,397158;9,494289E-1;9,583344E-2;1,076217E-1;9,337301E-1;;
02/12/2021  12:05:24,397258;9,496285E-1;1,264171E-1;1,253139E-1;9,342820E-1;;
02/12/2021  12:05:24,397358;9,506508E-1;1,162226E-1;1,272095E-1;9,348363E-1;;
02/12/2021  12:05:24,397458;9,509190E-1;1,203641E-1;1,237343E-1;9,353924E-1;;
02/12/2021  12:05:24,397558;9,509846E-1;1,203641E-1;1,287892E-1;9,359495E-1;;
02/12/2021  12:05:24,397658;9,504422E-1;1,429833E-1;1,411105E-1;9,365069E-1;;
02/12/2021  12:05:24,397758;9,506180E-1;1,101695E-1;9,498445E-2;9,370638E-1;;
02/12/2021  12:05:24,397858;9,509995E-1;1,232313E-1;1,227865E-1;9,376194E-1;;
02/12/2021  12:05:24,397958;9,512230E-1;1,130368E-1;1,186794E-1;9,381729E-1;;
02/12/2021  12:05:24,398058;9,514793E-1;1,219570E-1;1,322644E-1;9,387234E-1;;
02/12/2021  12:05:24,398158;9,509577E-1;9,816838E-3;6,876210E-2;9,392703E-1;;
02/12/2021  12:05:24,398258;9,517386E-1;1,276914E-1;1,272095E-1;9,398127E-1;;
02/12/2021  12:05:24,398358;9,533629E-1;5,887816E-2;9,119327E-2;9,403500E-1;;
02/12/2021  12:05:24,398458;9,530797E-1;1,190898E-1;1,237343E-1;9,408817E-1;;
02/12/2021  12:05:24,398558;9,535327E-1;1,356559E-1;1,347919E-1;9,414074E-1;;
02/12/2021  12:05:24,398658;9,538457E-1;1,194084E-1;1,177316E-1;9,419267E-1;;
02/12/2021  12:05:24,398758;9,542897E-1;1,143111E-1;1,259458E-1;9,424394E-1;;
02/12/2021  12:05:24,398858;9,552106E-1;1,331073E-1;1,897641E-1;9,429452E-1;;
02/12/2021  12:05:24,398958;9,550020E-1;1,302401E-1;1,322644E-1;9,434440E-1;;
02/12/2021  12:05:24,399058;9,555504E-1;1,452133E-1;1,332122E-1;9,439357E-1;;
02/12/2021  12:05:24,399158;9,547129E-1;1,308772E-1;1,300529E-1;9,444201E-1;;
02/12/2021  12:05:24,399258;9,555385E-1;1,159040E-1;1,189953E-1;9,448971E-1;;
02/12/2021  12:05:24,399358;9,561852E-1;1,308772E-1;1,155200E-1;9,453665E-1;;
02/12/2021  12:05:24,399458;9,558931E-1;1,053908E-1;9,182514E-2;9,458282E-1;;
02/12/2021  12:05:24,399558;9,556994E-1;1,235499E-1;1,215227E-1;9,462820E-1;;
02/12/2021  12:05:24,399658;9,540692E-1;1,245056E-1;1,196272E-1;9,467279E-1;;
02/12/2021  12:05:24,399758;9,544179E-1;9,997498E-2;8,834988E-2;9,471653E-1;;
02/12/2021  12:05:24,399858;9,545818E-1;1,321516E-1;1,430061E-1;9,475937E-1;;
02/12/2021  12:05:24,399958;9,544119E-1;5,537378E-2;9,119327E-2;9,480128E-1;;
02/12/2021  12:05:24,400058;9,539380E-1;1,248242E-1;1,268936E-1;9,484221E-1;;
02/12/2021  12:05:24,400158;9,527728E-1;1,171783E-1;1,142563E-1;9,488209E-1;;
02/12/2021  12:05:24,400258;9,527817E-1;1,378860E-1;1,287892E-1;9,492088E-1;;
02/12/2021  12:05:24,400358;9,532496E-1;1,334259E-1;1,629098E-1;9,495850E-1;;
02/12/2021  12:05:24,400458;9,527549E-1;1,413904E-1;1,404787E-1;9,499490E-1;;
02/12/2021  12:05:24,400558;9,517326E-1;8,627604E-2;6,970989E-2;9,503002E-1;;
02/12/2021  12:05:24,400658;9,513541E-1;1,480806E-1;1,606983E-1;9,506381E-1;;
02/12/2021  12:05:24,400758;9,518965E-1;1,302401E-1;1,322644E-1;9,509619E-1;;
02/12/2021  12:05:24,400858;9,517684E-1;1,245056E-1;1,303688E-1;9,512712E-1;;
02/12/2021  12:05:24,400958;9,515002E-1;1,251428E-1;1,221546E-1;9,515655E-1;;
02/12/2021  12:05:24,401058;9,510501E-1;7,894870E-2;8,487463E-2;9,518445E-1;;
02/12/2021  12:05:24,401158;9,505018E-1;-1,375808E-2;4,791059E-2;9,521077E-1;;
02/12/2021  12:05:24,401258;9,516075E-1;1,538150E-1;1,430061E-1;9,523548E-1;;
02/12/2021  12:05:24,401358;9,519234E-1;1,318330E-1;1,338441E-1;9,525858E-1;;
02/12/2021  12:05:24,401458;9,517267E-1;1,340630E-1;1,543797E-1;9,528005E-1;;
02/12/2021  12:05:24,401558;9,517565E-1;1,245056E-1;1,278414E-1;9,529990E-1;;
02/12/2021  12:05:24,401658;9,514733E-1;1,280100E-1;1,278414E-1;9,531816E-1;;
02/12/2021  12:05:24,401758;9,521320E-1;8,595746E-2;1,028828E-1;9,533485E-1;;
02/12/2021  12:05:24,401858;9,528502E-1;1,251428E-1;1,278414E-1;9,534998E-1;;
02/12/2021  12:05:24,401958;9,521916E-1;1,347002E-1;1,461654E-1;9,536362E-1;;
02/12/2021  12:05:24,402058;9,522750E-1;1,480806E-1;1,423743E-1;9,537581E-1;;
02/12/2021  12:05:24,402158;9,518161E-1;1,273729E-1;1,284732E-1;9,538660E-1;;
02/12/2021  12:05:24,402258;9,528204E-1;1,222756E-1;1,347919E-1;9,539602E-1;;
02/12/2021  12:05:24,402358;9,529396E-1;1,270543E-1;1,363715E-1;9,540415E-1;;
02/12/2021  12:05:24,402458;9,526565E-1;1,321516E-1;1,170997E-1;9,541104E-1;;
02/12/2021  12:05:24,402558;9,520694E-1;1,366117E-1;1,332122E-1;9,541676E-1;;
02/12/2021  12:05:24,402658;9,517893E-1;1,276914E-1;1,243661E-1;9,542135E-1;;
02/12/2021  12:05:24,402758;9,526476E-1;1,280100E-1;1,278414E-1;9,542488E-1;;
02/12/2021  12:05:24,402858;9,521320E-1;1,426647E-1;1,379512E-1;9,542738E-1;;
02/12/2021  12:05:24,402958;9,510412E-1;9,710776E-2;1,041465E-1;9,542893E-1;;
02/12/2021  12:05:24,403058;9,509130E-1;1,397975E-1;1,287892E-1;9,542954E-1;;
02/12/2021  12:05:24,403158;9,502693E-1;1,251428E-1;1,246821E-1;9,542927E-1;;
02/12/2021  12:05:24,403258;9,512856E-1;1,633724E-1;1,676488E-1;9,542812E-1;;
02/12/2021  12:05:24,403358;9,499921E-1;1,455319E-1;1,733356E-1;9,542613E-1;;
02/12/2021  12:05:24,403458;9,487404E-1;1,356559E-1;1,278414E-1;9,542331E-1;;
02/12/2021  12:05:24,403558;9,478016E-1;1,299215E-1;1,208909E-1;9,541969E-1;;
02/12/2021  12:05:24,403658;9,469999E-1;1,219570E-1;1,322644E-1;9,541523E-1;;
02/12/2021  12:05:24,403758;9,472830E-1;1,305587E-1;1,347919E-1;9,540992E-1;;
02/12/2021  12:05:24,403858;9,462429E-1;1,334259E-1;1,300529E-1;9,540374E-1;;
02/12/2021  12:05:24,403958;9,454800E-1;1,343816E-1;1,351078E-1;9,539665E-1;;
02/12/2021  12:05:24,404058;9,443504E-1;1,155854E-1;1,170997E-1;9,538863E-1;;
02/12/2021  12:05:24,404158;9,444309E-1;7,130278E-2;1,284732E-1;9,537965E-1;;
02/12/2021  12:05:24,404258;9,437037E-1;1,436204E-1;1,328963E-1;9,536965E-1;;
02/12/2021  12:05:24,404358;9,433192E-1;1,359745E-1;1,243661E-1;9,535862E-1;;
02/12/2021  12:05:24,404458;9,424818E-1;1,413904E-1;1,496407E-1;9,534651E-1;;
02/12/2021  12:05:24,404558;9,410453E-1;1,483991E-1;1,480610E-1;9,533329E-1;;
02/12/2021  12:05:24,404658;9,415072E-1;1,519035E-1;1,499566E-1;9,531893E-1;;
02/12/2021  12:05:24,404758;9,419036E-1;1,382046E-1;1,546956E-1;9,530339E-1;;
02/12/2021  12:05:24,404858;9,408247E-1;1,311958E-1;1,237343E-1;9,528666E-1;;
02/12/2021  12:05:24,404958;9,404850E-1;1,251428E-1;1,423743E-1;9,526872E-1;;
02/12/2021  12:05:24,405058;9,399098E-1;1,404346E-1;1,373193E-1;9,524958E-1;;
02/12/2021  12:05:24,405158;9,407145E-1;1,388417E-1;1,344760E-1;9,522923E-1;;
02/12/2021  12:05:24,405258;9,413195E-1;1,321516E-1;1,310007E-1;9,520768E-1;;
02/12/2021  12:05:24,405358;9,403091E-1;1,327887E-1;1,344760E-1;9,518498E-1;;
02/12/2021  12:05:24,405458;9,391140E-1;1,324701E-1;1,249980E-1;9,516116E-1;;
02/12/2021  12:05:24,405558;9,379785E-1;1,101695E-1;1,297370E-1;9,513625E-1;;
02/12/2021  12:05:24,405658;9,393167E-1;1,468062E-1;1,761790E-1;9,511027E-1;;
02/12/2021  12:05:24,405758;9,388488E-1;1,276914E-1;1,227865E-1;9,508324E-1;;
02/12/2021  12:05:24,405858;9,387594E-1;1,503106E-1;1,370034E-1;9,505522E-1;;
02/12/2021  12:05:24,405958;9,373378E-1;1,413904E-1;1,294210E-1;9,502624E-1;;
02/12/2021  12:05:24,406058;9,372364E-1;1,436204E-1;1,464814E-1;9,499635E-1;;
02/12/2021  12:05:24,406158;9,370397E-1;1,264171E-1;1,351078E-1;9,496557E-1;;
02/12/2021  12:05:24,406258;9,368699E-1;1,127182E-1;1,186794E-1;9,493396E-1;;
02/12/2021  12:05:24,406358;9,359758E-1;1,302401E-1;1,376353E-1;9,490153E-1;;
02/12/2021  12:05:24,406458;9,348015E-1;1,241871E-1;1,253139E-1;9,486834E-1;;
02/12/2021  12:05:24,406558;9,340088E-1;1,079395E-1;1,114129E-1;9,483441E-1;;
02/12/2021  12:05:24,406658;9,346257E-1;1,225942E-1;1,272095E-1;9,479974E-1;;
02/12/2021  12:05:24,406758;9,335915E-1;1,184526E-1;1,284732E-1;9,476436E-1;;
02/12/2021  12:05:24,406858;9,331147E-1;1,200455E-1;1,297370E-1;9,472830E-1;;
02/12/2021  12:05:24,406958;9,322713E-1;1,404346E-1;1,531159E-1;9,469158E-1;;
02/12/2021  12:05:24,407058;9,321133E-1;1,018865E-1;1,133085E-1;9,465420E-1;;
02/12/2021  12:05:24,407158;9,323964E-1;9,264764E-2;8,361090E-2;9,461619E-1;;
02/12/2021  12:05:24,407258;9,317527E-1;1,130368E-1;1,202590E-1;9,457757E-1;;
02/12/2021  12:05:24,407358;9,313772E-1;1,123996E-1;1,139404E-1;9,453839E-1;;
02/12/2021  12:05:24,407458;9,303996E-1;6,875414E-2;1,388990E-1;9,449866E-1;;
02/12/2021  12:05:24,407558;9,302089E-1;9,838208E-2;1,145722E-1;9,445841E-1;;
02/12/2021  12:05:24,407658;9,301791E-1;9,742634E-2;1,092014E-1;9,441767E-1;;
02/12/2021  12:05:24,407758;9,298215E-1;1,165411E-1;1,294210E-1;9,437647E-1;;
02/12/2021  12:05:24,407858;9,290168E-1;9,296622E-2;1,076217E-1;9,433484E-1;;
02/12/2021  12:05:24,407958;9,286621E-1;8,723178E-2;1,047783E-1;9,429281E-1;;
02/12/2021  12:05:24,408058;9,293655E-1;9,264764E-2;1,152041E-1;9,425041E-1;;
02/12/2021  12:05:24,408158;9,297291E-1;1,136739E-1;1,050943E-1;9,420768E-1;;
02/12/2021  12:05:24,408258;9,293357E-1;-1,885536E-2;4,348754E-2;9,416468E-1;;
02/12/2021  12:05:24,408358;9,286353E-1;1,152668E-1;1,275255E-1;9,412146E-1;;
02/12/2021  12:05:24,408458;9,285548E-1;1,162226E-1;1,360556E-1;9,407809E-1;;
02/12/2021  12:05:24,408558;9,279796E-1;1,318330E-1;1,392149E-1;9,403461E-1;;
02/12/2021  12:05:24,408658;9,286144E-1;1,283286E-1;1,205749E-1;9,399108E-1;;
02/12/2021  12:05:24,408758;9,283164E-1;1,426647E-1;1,347919E-1;9,394755E-1;;
02/12/2021  12:05:24,408858;9,280482E-1;1,547707E-1;1,392149E-1;9,390408E-1;;
02/12/2021  12:05:24,408958;9,273240E-1;1,608238E-1;1,322644E-1;9,386072E-1;;
02/12/2021  12:05:24,409058;9,281823E-1;1,305587E-1;1,234183E-1;9,381752E-1;;
02/12/2021  12:05:24,409158;9,281436E-1;1,812129E-1;1,910278E-1;9,377455E-1;;
02/12/2021  12:05:24,409258;9,276369E-1;1,659210E-1;1,512204E-1;9,373186E-1;;
02/12/2021  12:05:24,409358;9,265551E-1;1,563636E-1;1,524841E-1;9,368951E-1;;
02/12/2021  12:05:24,409458;9,258368E-1;1,487177E-1;1,546956E-1;9,364753E-1;;
02/12/2021  12:05:24,409558;9,259530E-1;1,388417E-1;1,360556E-1;9,360596E-1;;
02/12/2021  12:05:24,409658;9,261229E-1;1,280100E-1;1,347919E-1;9,356481E-1;;
02/12/2021  12:05:24,409758;9,255656E-1;1,331073E-1;1,319485E-1;9,352412E-1;;
02/12/2021  12:05:24,409858;9,247341E-1;1,235499E-1;1,306848E-1;9,348389E-1;;
02/12/2021  12:05:24,409958;9,236135E-1;1,229127E-1;8,834988E-2;9,344414E-1;;
02/12/2021  12:05:24,410058;9,244450E-1;1,184526E-1;1,148882E-1;9,340488E-1;;
02/12/2021  12:05:24,410158;9,244957E-1;1,178155E-1;1,224705E-1;9,336609E-1;;
02/12/2021  12:05:24,410258;9,235956E-1;1,493549E-1;1,663851E-1;9,332780E-1;;
02/12/2021  12:05:24,410358;9,226062E-1;1,299215E-1;1,310007E-1;9,328999E-1;;
02/12/2021  12:05:24,410458;9,219773E-1;1,308772E-1;1,366875E-1;9,325267E-1;;
02/12/2021  12:05:24,410558;9,229340E-1;1,066652E-1;1,193112E-1;9,321581E-1;;
02/12/2021  12:05:24,410658;9,224095E-1;1,181340E-1;1,246821E-1;9,317940E-1;;
02/12/2021  12:05:24,410758;9,219237E-1;1,369303E-1;1,373193E-1;9,314344E-1;;
02/12/2021  12:05:24,410858;9,211339E-1;1,270543E-1;1,287892E-1;9,310792E-1;;
02/12/2021  12:05:24,410958;9,216554E-1;1,044351E-1;9,972343E-2;9,307284E-1;;
02/12/2021  12:05:24,411058;9,222843E-1;1,095324E-1;1,243661E-1;9,303817E-1;;
02/12/2021  12:05:24,411158;9,223409E-1;1,382046E-1;1,316326E-1;9,300393E-1;;
02/12/2021  12:05:24,411258;9,213336E-1;7,225852E-2;6,844617E-2;9,297013E-1;;
02/12/2021  12:05:24,411358;9,201355E-1;1,018865E-1;1,069899E-1;9,293678E-1;;
02/12/2021  12:05:24,411458;9,200073E-1;1,200455E-1;1,164678E-1;9,290387E-1;;
02/12/2021  12:05:24,411558;9,204663E-1;1,289658E-1;1,259458E-1;9,287138E-1;;
02/12/2021  12:05:24,411658;9,204484E-1;1,267357E-1;1,278414E-1;9,283931E-1;;
02/12/2021  12:05:24,411758;9,201832E-1;5,356718E-3;6,781430E-2;9,280766E-1;;
02/12/2021  12:05:24,411858;9,198017E-1;9,232906E-2;7,824006E-2;9,277641E-1;;
02/12/2021  12:05:24,411958;9,201444E-1;1,241871E-1;1,249980E-1;9,274558E-1;;
02/12/2021  12:05:24,412058;9,209879E-1;6,939130E-2;9,182514E-2;9,271517E-1;;
02/12/2021  12:05:24,412158;9,209580E-1;1,245056E-1;8,771802E-2;9,268519E-1;;
02/12/2021  12:05:24,412258;9,213097E-1;1,117624E-1;1,193112E-1;9,265568E-1;;
02/12/2021  12:05:24,412358;9,201116E-1;1,159040E-1;1,136244E-1;9,262667E-1;;
02/12/2021  12:05:24,412458;9,211607E-1;1,254614E-1;1,458495E-1;9,259817E-1;;
02/12/2021  12:05:24,412558;9,220935E-1;1,206827E-1;8,203124E-2;9,257023E-1;;
02/12/2021  12:05:24,412658;9,219982E-1;9,615202E-2;1,082536E-1;9,254288E-1;;
02/12/2021  12:05:24,412758;9,220220E-1;1,187712E-1;1,208909E-1;9,251617E-1;;
02/12/2021  12:05:24,412858;9,220071E-1;1,280100E-1;1,196272E-1;9,249014E-1;;
02/12/2021  12:05:24,412958;9,231307E-1;8,563888E-2;1,016190E-1;9,246484E-1;;
02/12/2021  12:05:24,413058;9,248235E-1;1,270543E-1;1,259458E-1;9,244033E-1;;
02/12/2021  12:05:24,413158;9,244986E-1;1,238685E-1;1,224705E-1;9,241668E-1;;
02/12/2021  12:05:24,413258;9,246179E-1;1,216384E-1;1,562753E-1;9,239396E-1;;
02/12/2021  12:05:24,413358;9,239145E-1;1,238685E-1;1,243661E-1;9,237225E-1;;
02/12/2021  12:05:24,413458;9,248980E-1;1,194084E-1;1,101492E-1;9,235159E-1;;
02/12/2021  12:05:24,413558;9,248831E-1;1,289658E-1;1,505885E-1;9,233205E-1;;
02/12/2021  12:05:24,413658;9,256759E-1;1,187712E-1;1,133085E-1;9,231366E-1;;
02/12/2021  12:05:24,413758;9,255656E-1;1,659210E-1;1,802861E-1;9,229647E-1;;
02/12/2021  12:05:24,413858;9,258487E-1;1,203641E-1;1,256299E-1;9,228054E-1;;
02/12/2021  12:05:24,413958;9,273687E-1;1,028422E-1;9,814378E-2;9,226589E-1;;
02/12/2021  12:05:24,414058;9,278992E-1;1,041165E-1;1,152041E-1;9,225257E-1;;
02/12/2021  12:05:24,414158;9,280661E-1;1,238685E-1;1,300529E-1;9,224065E-1;;
02/12/2021  12:05:24,414258;9,279588E-1;1,092138E-1;1,133085E-1;9,223017E-1;;
02/12/2021  12:05:24,414358;9,281495E-1;1,866287E-1;2,071403E-1;9,222117E-1;;
02/12/2021  12:05:24,414458;9,294608E-1;1,289658E-1;1,414265E-1;9,221369E-1;;
02/12/2021  12:05:24,414558;9,300301E-1;1,178155E-1;1,287892E-1;9,220774E-1;;
02/12/2021  12:05:24,414658;9,301255E-1;1,394789E-1;1,442698E-1;9,220338E-1;;
02/12/2021  12:05:24,414758;9,302476E-1;1,174969E-1;1,066739E-1;9,220064E-1;;
02/12/2021  12:05:24,414858;9,305963E-1;1,197269E-1;1,170997E-1;9,219952E-1;;
02/12/2021  12:05:24,414958;9,323130E-1;1,092138E-1;1,265777E-1;9,220006E-1;;
02/12/2021  12:05:24,415058;9,325782E-1;1,375674E-1;1,347919E-1;9,220227E-1;;
02/12/2021  12:05:24,415158;9,328822E-1;1,490363E-1;1,496407E-1;9,220617E-1;;
02/12/2021  12:05:24,415258;9,326051E-1;1,356559E-1;1,322644E-1;9,221179E-1;;
02/12/2021  12:05:24,415358;9,333263E-1;9,296622E-2;7,539667E-2;9,221913E-1;;
02/12/2021  12:05:24,415458;9,344141E-1;1,257800E-1;1,218387E-1;9,222819E-1;;
02/12/2021  12:05:24,415558;9,350906E-1;1,235499E-1;1,291051E-1;9,223897E-1;;
02/12/2021  12:05:24,415658;9,351175E-1;1,117624E-1;1,205749E-1;9,225147E-1;;
02/12/2021  12:05:24,415758;9,358208E-1;5,218798E-2;8,834988E-2;9,226570E-1;;
02/12/2021  12:05:24,415858;9,368132E-1;1,088952E-1;1,202590E-1;9,228164E-1;;
02/12/2021  12:05:24,415958;9,386879E-1;7,130278E-2;9,845971E-2;9,229929E-1;;
02/12/2021  12:05:24,416058;9,398949E-1;1,225942E-1;1,275255E-1;9,231867E-1;;
02/12/2021  12:05:24,416158;9,405297E-1;1,168597E-1;1,164678E-1;9,233981E-1;;
02/12/2021  12:05:24,416258;9,410065E-1;2,733874E-2;7,508074E-2;9,236273E-1;;
02/12/2021  12:05:24,416358;9,420318E-1;1,251428E-1;1,281573E-1;9,238746E-1;;
02/12/2021  12:05:24,416458;9,438974E-1;1,308772E-1;1,212068E-1;9,241402E-1;;
02/12/2021  12:05:24,416558;9,441090E-1;1,216384E-1;1,328963E-1;9,244243E-1;;
02/12/2021  12:05:24,416658;9,444994E-1;1,245056E-1;1,126766E-1;9,247272E-1;;
02/12/2021  12:05:24,416758;9,455396E-1;1,241871E-1;1,284732E-1;9,250490E-1;;
02/12/2021  12:05:24,416858;9,466631E-1;1,388417E-1;1,360556E-1;9,253899E-1;;
02/12/2021  12:05:24,416958;9,481384E-1;1,439390E-1;1,152041E-1;9,257499E-1;;
02/12/2021  12:05:24,417058;9,489669E-1;1,203641E-1;1,347919E-1;9,261293E-1;;
02/12/2021  12:05:24,417158;9,494199E-1;1,324701E-1;1,300529E-1;9,265281E-1;;
02/12/2021  12:05:24,417258;9,487762E-1;1,436204E-1;1,414265E-1;9,269463E-1;;
02/12/2021  12:05:24,417358;9,498074E-1;8,468314E-2;7,160549E-2;9,273839E-1;;
02/12/2021  12:05:24,417458;9,513541E-1;1,117624E-1;1,272095E-1;9,278405E-1;;
02/12/2021  12:05:24,417558;9,517356E-1;1,162226E-1;1,240502E-1;9,283157E-1;;
02/12/2021  12:05:24,417658;9,516700E-1;1,197269E-1;1,253139E-1;9,288094E-1;;
02/12/2021  12:05:24,417758;9,520783E-1;1,066652E-1;9,972343E-2;9,293210E-1;;
02/12/2021  12:05:24,417858;9,533688E-1;7,417000E-2;1,139404E-1;9,298501E-1;;
02/12/2021  12:05:24,417958;9,539559E-1;1,620981E-1;1,840773E-1;9,303959E-1;;
02/12/2021  12:05:24,418058;9,542063E-1;1,308772E-1;1,291051E-1;9,309580E-1;;
02/12/2021  12:05:24,418158;9,542867E-1;9,997498E-2;1,069899E-1;9,315357E-1;;
02/12/2021  12:05:24,418258;9,545729E-1;1,280100E-1;1,294210E-1;9,321282E-1;;
02/12/2021  12:05:24,418358;9,558872E-1;1,289658E-1;1,328963E-1;9,327347E-1;;
02/12/2021  12:05:24,418458;9,564951E-1;1,251428E-1;1,357397E-1;9,333544E-1;;
02/12/2021  12:05:24,418558;9,564266E-1;1,270543E-1;1,212068E-1;9,339864E-1;;
02/12/2021  12:05:24,418658;9,565309E-1;1,159040E-1;1,117289E-1;9,346299E-1;;
02/12/2021  12:05:24,418758;9,568915E-1;1,490363E-1;1,957668E-1;9,352840E-1;;
02/12/2021  12:05:24,418858;9,585724E-1;1,347002E-1;1,275255E-1;9,359477E-1;;
02/12/2021  12:05:24,418958;9,591297E-1;1,410718E-1;1,395309E-1;9,366201E-1;;
02/12/2021  12:05:24,419058;9,597735E-1;1,468062E-1;1,717559E-1;9,373004E-1;;
02/12/2021  12:05:24,419158;9,590880E-1;1,318330E-1;1,291051E-1;9,379878E-1;;
02/12/2021  12:05:24,419258;9,592787E-1;1,378860E-1;1,332122E-1;9,386814E-1;;
02/12/2021  12:05:24,419358;9,604053E-1;1,445762E-1;1,401627E-1;9,393804E-1;;
02/12/2021  12:05:24,419458;9,607927E-1;1,337445E-1;1,347919E-1;9,400837E-1;;
02/12/2021  12:05:24,419558;9,607391E-1;1,433019E-1;1,423743E-1;9,407904E-1;;
02/12/2021  12:05:24,419658;9,608523E-1;1,353374E-1;1,347919E-1;9,414996E-1;;
02/12/2021  12:05:24,419758;9,610818E-1;9,201048E-2;1,092014E-1;9,422104E-1;;
02/12/2021  12:05:24,419858;9,631263E-1;1,206827E-1;1,373193E-1;9,429218E-1;;
02/12/2021  12:05:24,419958;9,627240E-1;1,206827E-1;1,262617E-1;9,436329E-1;;
02/12/2021  12:05:24,420058;9,627270E-1;1,139925E-1;1,006712E-1;9,443432E-1;;
02/12/2021  12:05:24,420158;9,617464E-1;1,015679E-1;1,341600E-1;9,450516E-1;;
02/12/2021  12:05:24,420258;9,625303E-1;9,424054E-2;1,183634E-1;9,457574E-1;;
02/12/2021  12:05:24,420358;9,638744E-1;1,210013E-1;1,515363E-1;9,464596E-1;;
02/12/2021  12:05:24,420458;9,636091E-1;1,063466E-1;1,060421E-1;9,471573E-1;;
02/12/2021  12:05:24,420558;9,632187E-1;1,060280E-1;1,069899E-1;9,478498E-1;;
02/12/2021  12:05:24,420658;9,624081E-1;9,519628E-2;1,164678E-1;9,485363E-1;;
02/12/2021  12:05:24,420758;9,630131E-1;1,235499E-1;1,278414E-1;9,492158E-1;;
02/12/2021  12:05:24,420858;9,637343E-1;9,328480E-2;1,174156E-1;9,498873E-1;;
02/12/2021  12:05:24,420958;9,632873E-1;1,340630E-1;1,875525E-1;9,505501E-1;;
02/12/2021  12:05:24,421058;9,622590E-1;1,079395E-1;1,152041E-1;9,512032E-1;;
02/12/2021  12:05:24,421158;9,619014E-1;1,050723E-1;1,044624E-1;9,518458E-1;;
02/12/2021  12:05:24,421258;9,609894E-1;9,870066E-2;1,208909E-1;9,524768E-1;;
02/12/2021  12:05:24,421358;9,620504E-1;1,905566E-2;1,357397E-1;9,530951E-1;;
02/12/2021  12:05:24,421458;9,608523E-1;1,060280E-1;1,193112E-1;9,536996E-1;;
02/12/2021  12:05:24,421558;9,602593E-1;9,965640E-2;1,145722E-1;9,542894E-1;;
02/12/2021  12:05:24,421658;9,587721E-1;9,774492E-2;1,079377E-1;9,548632E-1;;
02/12/2021  12:05:24,421758;9,594188E-1;1,139925E-1;1,682807E-1;9,554199E-1;;
02/12/2021  12:05:24,421858;9,586380E-1;1,222756E-1;1,278414E-1;9,559584E-1;;
02/12/2021  12:05:24,421958;9,583429E-1;1,276914E-1;1,237343E-1;9,564775E-1;;
02/12/2021  12:05:24,422058;9,573714E-1;1,573194E-1;1,733356E-1;9,569762E-1;;
02/12/2021  12:05:24,422158;9,562388E-1;1,678325E-1;1,546956E-1;9,574534E-1;;
02/12/2021  12:05:24,422258;9,563819E-1;1,452133E-1;1,322644E-1;9,579082E-1;;
02/12/2021  12:05:24,422358;9,560421E-1;1,971419E-1;1,948190E-1;9,583394E-1;;
02/12/2021  12:05:24,422458;9,552434E-1;1,789828E-1;1,512204E-1;9,587462E-1;;
02/12/2021  12:05:24,422558;9,547070E-1;1,719741E-1;1,727037E-1;9,591278E-1;;
02/12/2021  12:05:24,422658;9,541407E-1;1,729298E-1;1,521681E-1;9,594833E-1;;
02/12/2021  12:05:24,422758;9,551242E-1;2,082922E-1;1,951349E-1;9,598122E-1;;
02/12/2021  12:05:24,422858;9,551868E-1;1,719741E-1;1,698603E-1;9,601140E-1;;
02/12/2021  12:05:24,422958;9,542629E-1;1,296029E-1;1,395309E-1;9,603885E-1;;
02/12/2021  12:05:24,423058;9,539589E-1;1,359745E-1;1,303688E-1;9,606355E-1;;
02/12/2021  12:05:24,423158;9,535208E-1;1,353374E-1;1,398468E-1;9,608550E-1;;
02/12/2021  12:05:24,423258;9,547129E-1;1,324701E-1;1,407946E-1;9,610471E-1;;
02/12/2021  12:05:24,423358;9,549245E-1;1,347002E-1;1,373193E-1;9,612119E-1;;
02/12/2021  12:05:24,423458;9,547725E-1;1,397975E-1;1,319485E-1;9,613500E-1;;
02/12/2021  12:05:24,423558;9,543791E-1;1,289658E-1;1,183634E-1;9,614619E-1;;
02/12/2021  12:05:24,423658;9,534701E-1;1,369303E-1;1,455336E-1;9,615484E-1;;
02/12/2021  12:05:24,423758;9,534403E-1;1,461691E-1;1,531159E-1;9,616100E-1;;
02/12/2021  12:05:24,423858;9,534105E-1;1,331073E-1;1,354238E-1;9,616473E-1;;
02/12/2021  12:05:24,423958;9,532943E-1;1,270543E-1;1,338441E-1;9,616610E-1;;
02/12/2021  12:05:24,424058;9,526684E-1;1,152668E-1;1,180475E-1;9,616519E-1;;
02/12/2021  12:05:24,424158;9,524002E-1;1,264171E-1;1,278414E-1;9,616207E-1;;
02/12/2021  12:05:24,424258;9,531393E-1;1,445762E-1;1,287892E-1;9,615681E-1;;
02/12/2021  12:05:24,424358;9,523346E-1;1,257800E-1;1,221546E-1;9,614950E-1;;
02/12/2021  12:05:24,424458;9,518638E-1;1,232313E-1;1,341600E-1;9,614022E-1;;
02/12/2021  12:05:24,424558;9,509637E-1;1,423461E-1;1,559593E-1;9,612906E-1;;
02/12/2021  12:05:24,424658;9,509756E-1;1,410718E-1;1,461654E-1;9,611610E-1;;
02/12/2021  12:05:24,424758;9,514644E-1;1,343816E-1;1,376353E-1;9,610140E-1;;
02/12/2021  12:05:24,424858;9,513124E-1;1,308772E-1;1,328963E-1;9,608506E-1;;
02/12/2021  12:05:24,424958;9,509846E-1;1,187712E-1;9,624818E-2;9,606716E-1;;
02/12/2021  12:05:24,425058;9,495093E-1;1,448948E-1;1,480610E-1;9,604779E-1;;
02/12/2021  12:05:24,425158;9,497626E-1;1,445762E-1;1,398468E-1;9,602702E-1;;
02/12/2021  12:05:24,425258;9,495868E-1;1,340630E-1;1,284732E-1;9,600494E-1;;
02/12/2021  12:05:24,425358;9,492202E-1;1,165411E-1;1,256299E-1;9,598161E-1;;
02/12/2021  12:05:24,425458;9,486719E-1;1,225942E-1;1,170997E-1;9,595711E-1;;
02/12/2021  12:05:24,425558;9,484930E-1;1,413904E-1;1,471132E-1;9,593151E-1;;
02/12/2021  12:05:24,425658;9,480579E-1;1,280100E-1;1,284732E-1;9,590488E-1;;
02/12/2021  12:05:24,425758;9,479268E-1;1,318330E-1;1,202590E-1;9,587727E-1;;
02/12/2021  12:05:24,425858;9,473456E-1;1,334259E-1;1,158360E-1;9,584876E-1;;
02/12/2021  12:05:24,425958;9,460879E-1;1,356559E-1;1,328963E-1;9,581940E-1;;
02/12/2021  12:05:24,426058;9,450836E-1;1,251428E-1;1,341600E-1;9,578925E-1;;
02/12/2021  12:05:24,426158;9,455783E-1;1,181340E-1;1,060421E-1;9,575832E-1;;
02/12/2021  12:05:24,426258;9,455664E-1;1,213198E-1;1,120448E-1;9,572666E-1;;
02/12/2021  12:05:24,426358;9,449644E-1;1,433019E-1;1,423743E-1;9,569431E-1;;
02/12/2021  12:05:24,426458;9,446008E-1;1,359745E-1;1,335282E-1;9,566131E-1;;
02/12/2021  12:05:24,426558;9,438140E-1;1,012493E-1;1,142563E-1;9,562771E-1;;
02/12/2021  12:05:24,426658;9,441299E-1;1,238685E-1;1,189953E-1;9,559353E-1;;
02/12/2021  12:05:24,426758;9,440107E-1;1,544522E-1;2,049288E-1;9,555883E-1;;
02/12/2021  12:05:24,426858;9,441358E-1;1,550893E-1;1,439539E-1;9,552365E-1;;
02/12/2021  12:05:24,426958;9,433252E-1;1,385232E-1;1,730197E-1;9,548803E-1;;
02/12/2021  12:05:24,427058;9,421957E-1;1,305587E-1;1,338441E-1;9,545203E-1;;
02/12/2021  12:05:24,427158;9,420943E-1;1,060280E-1;1,834454E-1;9,541569E-1;;
02/12/2021  12:05:24,427258;9,421927E-1;1,391603E-1;1,398468E-1;9,537903E-1;;
02/12/2021  12:05:24,427358;9,413463E-1;1,359745E-1;1,294210E-1;9,534208E-1;;
02/12/2021  12:05:24,427458;9,406131E-1;1,302401E-1;1,395309E-1;9,530487E-1;;
02/12/2021  12:05:24,427558;9,403836E-1;1,531778E-1;1,385831E-1;9,526743E-1;;
02/12/2021  12:05:24,427658;9,404909E-1;1,002936E-1;1,158360E-1;9,522978E-1;;
02/12/2021  12:05:24,427758;9,400499E-1;1,280100E-1;1,287892E-1;9,519194E-1;;
02/12/2021  12:05:24,427858;9,396982E-1;1,187712E-1;1,212068E-1;9,515393E-1;;
02/12/2021  12:05:24,427958;9,378981E-1;1,076209E-1;9,972343E-2;9,511577E-1;;
02/12/2021  12:05:24,428058;9,378593E-1;1,280100E-1;1,155200E-1;9,507748E-1;;
02/12/2021  12:05:24,428158;9,373855E-1;1,098510E-1;1,246821E-1;9,503906E-1;;
02/12/2021  12:05:24,428258;9,371530E-1;1,190898E-1;1,221546E-1;9,500049E-1;;
02/12/2021  12:05:24,428358;9,368550E-1;1,276914E-1;1,319485E-1;9,496179E-1;;
02/12/2021  12:05:24,428458;9,357612E-1;1,235499E-1;1,224705E-1;9,492296E-1;;
02/12/2021  12:05:24,428558;9,354811E-1;1,117624E-1;1,727037E-1;9,488398E-1;;
02/12/2021  12:05:24,428658;9,359937E-1;6,875414E-2;1,158360E-1;9,484487E-1;;
02/12/2021  12:05:24,428758;9,361248E-1;1,190898E-1;1,218387E-1;9,480563E-1;;
02/12/2021  12:05:24,428858;9,354512E-1;1,260985E-1;1,376353E-1;9,476627E-1;;
02/12/2021  12:05:24,428958;9,349386E-1;1,413904E-1;1,708081E-1;9,472682E-1;;
02/12/2021  12:05:24,429058;9,338657E-1;1,436204E-1;1,414265E-1;9,468730E-1;;
02/12/2021  12:05:24,429158;9,342830E-1;2,200796E-1;2,118793E-1;9,464771E-1;;
02/12/2021  12:05:24,429258;9,346108E-1;1,041165E-1;1,145722E-1;9,460807E-1;;
02/12/2021  12:05:24,429358;9,342889E-1;1,159040E-1;1,262617E-1;9,456839E-1;;
02/12/2021  12:05:24,429458;9,338598E-1;1,305587E-1;1,407946E-1;9,452871E-1;;
02/12/2021  12:05:24,429558;9,338717E-1;1,257800E-1;1,234183E-1;9,448907E-1;;
02/12/2021  12:05:24,429658;9,350459E-1;1,127182E-1;1,057261E-1;9,444948E-1;;
02/12/2021  12:05:24,429758;9,353618E-1;9,519628E-2;1,129926E-1;9,441000E-1;;
02/12/2021  12:05:24,429858;9,345631E-1;1,321516E-1;1,202590E-1;9,437069E-1;;
02/12/2021  12:05:24,429958;9,337525E-1;1,079395E-1;8,898175E-2;9,433162E-1;;
02/12/2021  12:05:24,430058;9,343187E-1;5,473662E-2;4,001229E-2;9,429283E-1;;
02/12/2021  12:05:24,430158;9,344350E-1;1,044351E-1;7,981972E-2;9,425436E-1;;
02/12/2021  12:05:24,430258;9,350847E-1;1,311958E-1;1,291051E-1;9,421627E-1;;
02/12/2021  12:05:24,430358;9,343128E-1;1,302401E-1;1,278414E-1;9,417862E-1;;
02/12/2021  12:05:24,430458;9,338210E-1;4,199342E-2;7,981972E-2;9,414145E-1;;
02/12/2021  12:05:24,430558;9,341787E-1;1,267357E-1;1,114129E-1;9,410483E-1;;
02/12/2021  12:05:24,430658;9,350102E-1;1,127182E-1;1,167838E-1;9,406878E-1;;
02/12/2021  12:05:24,430758;9,350310E-1;1,241871E-1;1,306848E-1;9,403337E-1;;
02/12/2021  12:05:24,430858;9,339075E-1;1,203641E-1;1,256299E-1;9,399864E-1;;
02/12/2021  12:05:24,430958;9,323994E-1;1,229127E-1;1,221546E-1;9,396464E-1;;
02/12/2021  12:05:24,431058;9,325693E-1;1,296029E-1;1,294210E-1;9,393138E-1;;
02/12/2021  12:05:24,431158;9,329418E-1;2,082922E-1;2,102996E-1;9,389886E-1;;
02/12/2021  12:05:24,431258;9,326051E-1;6,716124E-2;7,918786E-2;9,386709E-1;;
02/12/2021  12:05:24,431358;9,326855E-1;1,060280E-1;1,218387E-1;9,383606E-1;;
02/12/2021  12:05:24,431458;9,319256E-1;1,229127E-1;1,199431E-1;9,380580E-1;;
02/12/2021  12:05:24,431558;9,324084E-1;1,273729E-1;1,240502E-1;9,377628E-1;;
02/12/2021  12:05:24,431658;9,328077E-1;1,273729E-1;1,357397E-1;9,374752E-1;;
02/12/2021  12:05:24,431758;9,324680E-1;1,225942E-1;1,167838E-1;9,371952E-1;;
02/12/2021  12:05:24,431858;9,316722E-1;1,267357E-1;1,284732E-1;9,369228E-1;;
02/12/2021  12:05:24,431958;9,308199E-1;1,267357E-1;1,208909E-1;9,366579E-1;;
02/12/2021  12:05:24,432058;9,312282E-1;1,133553E-1;1,186794E-1;9,364005E-1;;
02/12/2021  12:05:24,432158;9,317557E-1;1,232313E-1;1,268936E-1;9,361502E-1;;
02/12/2021  12:05:24,432258;9,320090E-1;1,076209E-1;1,170997E-1;9,359070E-1;;
02/12/2021  12:05:24,432358;9,312997E-1;9,870066E-2;1,126766E-1;9,356709E-1;;
02/12/2021  12:05:24,432458;9,309719E-1;1,146297E-1;1,104651E-1;9,354417E-1;;
02/12/2021  12:05:24,432558;9,317497E-1;1,286472E-1;1,376353E-1;9,352194E-1;;
02/12/2021  12:05:24,432658;9,318779E-1;1,270543E-1;1,218387E-1;9,350039E-1;;
02/12/2021  12:05:24,432758;9,318004E-1;1,162226E-1;1,180475E-1;9,347951E-1;;
02/12/2021  12:05:24,432858;9,309540E-1;1,385232E-1;1,262617E-1;9,345932E-1;;
02/12/2021  12:05:24,432958;9,305159E-1;1,267357E-1;1,332122E-1;9,343980E-1;;
02/12/2021  12:05:24,433058;9,308020E-1;1,178155E-1;1,221546E-1;9,342093E-1;;
02/12/2021  12:05:24,433158;9,309182E-1;1,127182E-1;1,199431E-1;9,340269E-1;;
02/12/2021  12:05:24,433258;9,310791E-1;1,321516E-1;1,455336E-1;9,338507E-1;;
02/12/2021  12:05:24,433358;9,295950E-1;1,305587E-1;1,373193E-1;9,336805E-1;;
02/12/2021  12:05:24,433458;9,292284E-1;9,933782E-2;1,013031E-1;9,335161E-1;;
02/12/2021  12:05:24,433558;9,304622E-1;1,133553E-1;1,256299E-1;9,333570E-1;;
02/12/2021  12:05:24,433658;9,308437E-1;1,079395E-1;1,208909E-1;9,332031E-1;;
02/12/2021  12:05:24,433758;9,300986E-1;9,774492E-2;1,079377E-1;9,330541E-1;;
02/12/2021  12:05:24,433858;9,288558E-1;1,133553E-1;1,287892E-1;9,329100E-1;;
02/12/2021  12:05:24,433958;9,281138E-1;1,754784E-1;1,606983E-1;9,327704E-1;;
02/12/2021  12:05:24,434058;9,289751E-1;1,459554E-2;6,528685E-2;9,326349E-1;;
02/12/2021  12:05:24,434158;9,287009E-1;7,640006E-2;9,245700E-2;9,325029E-1;;
02/12/2021  12:05:24,434258;9,287128E-1;9,392196E-2;1,085695E-1;9,323743E-1;;
02/12/2021  12:05:24,434358;9,284803E-1;9,901924E-2;1,082536E-1;9,322487E-1;;
02/12/2021  12:05:24,434458;9,284654E-1;8,946184E-2;1,069899E-1;9,321258E-1;;
02/12/2021  12:05:24,434558;9,296069E-1;7,608148E-2;9,056141E-2;9,320053E-1;;
02/12/2021  12:05:24,434658;9,303192E-1;9,519628E-2;1,322644E-1;9,318872E-1;;
02/12/2021  12:05:24,434758;9,299079E-1;9,806350E-2;1,041465E-1;9,317716E-1;;
02/12/2021  12:05:24,434858;9,292284E-1;6,365686E-2;8,171531E-2;9,316586E-1;;
02/12/2021  12:05:24,434958;9,304086E-1;9,838208E-2;1,025668E-1;9,315483E-1;;
02/12/2021  12:05:24,435058;9,317050E-1;1,123996E-1;1,050943E-1;9,314408E-1;;
02/12/2021  12:05:24,435158;9,324888E-1;1,082581E-1;1,300529E-1;9,313364E-1;;
02/12/2021  12:05:24,435258;9,331922E-1;9,137332E-2;1,126766E-1;9,312358E-1;;
02/12/2021  12:05:24,435358;9,330581E-1;1,200455E-1;1,313166E-1;9,311395E-1;;
02/12/2021  12:05:24,435458;9,331475E-1;1,264171E-1;1,297370E-1;9,310482E-1;;
02/12/2021  12:05:24,435558;9,350817E-1;1,585937E-1;2,061925E-1;9,309625E-1;;
02/12/2021  12:05:24,435658;9,352665E-1;1,203641E-1;1,041465E-1;9,308832E-1;;
02/12/2021  12:05:24,435758;9,354512E-1;1,401161E-1;1,303688E-1;9,308109E-1;;
02/12/2021  12:05:24,435858;9,350042E-1;1,579565E-1;1,455336E-1;9,307465E-1;;
02/12/2021  12:05:24,435958;9,358059E-1;1,627352E-1;1,480610E-1;9,306905E-1;;
02/12/2021  12:05:24,436058;9,360235E-1;1,684697E-1;1,606983E-1;9,306434E-1;;
02/12/2021  12:05:24,436158;9,369027E-1;1,624167E-1;1,436380E-1;9,306059E-1;;
02/12/2021  12:05:24,436258;9,361129E-1;1,378860E-1;1,407946E-1;9,305783E-1;;
02/12/2021  12:05:24,436358;9,357999E-1;1,366117E-1;1,625939E-1;9,305611E-1;;
02/12/2021  12:05:24,436458;9,369056E-1;1,092138E-1;1,139404E-1;9,305544E-1;;
02/12/2021  12:05:24,436558;9,371470E-1;1,407532E-1;1,423743E-1;9,305584E-1;;
02/12/2021  12:05:24,436658;9,374391E-1;1,225942E-1;1,237343E-1;9,305734E-1;;
02/12/2021  12:05:24,436758;9,376090E-1;1,200455E-1;1,152041E-1;9,305995E-1;;
02/12/2021  12:05:24,436858;9,368878E-1;9,965640E-2;1,164678E-1;9,306367E-1;;
02/12/2021  12:05:24,436958;9,381633E-1;1,143111E-1;1,193112E-1;9,306851E-1;;
02/12/2021  12:05:24,437058;9,386998E-1;1,178155E-1;1,218387E-1;9,307446E-1;;
02/12/2021  12:05:24,437158;9,395879E-1;1,143111E-1;1,164678E-1;9,308152E-1;;
02/12/2021  12:05:24,437258;9,392124E-1;1,324701E-1;1,275255E-1;9,308971E-1;;
02/12/2021  12:05:24,437358;9,392571E-1;1,292843E-1;1,313166E-1;9,309902E-1;;
02/12/2021  12:05:24,437458;9,414685E-1;1,353374E-1;1,436380E-1;9,310946E-1;;
02/12/2021  12:05:24,437558;9,422463E-1;1,238685E-1;1,170997E-1;9,312104E-1;;
02/12/2021  12:05:24,437658;9,430003E-1;1,219570E-1;1,313166E-1;9,313377E-1;;
02/12/2021  12:05:24,437758;9,423864E-1;1,149482E-1;1,291051E-1;9,314769E-1;;
02/12/2021  12:05:24,437858;9,431136E-1;1,210013E-1;1,240502E-1;9,316282E-1;;
02/12/2021  12:05:24,437958;9,440345E-1;1,203641E-1;1,221546E-1;9,317917E-1;;
02/12/2021  12:05:24,438058;9,450478E-1;1,162226E-1;1,186794E-1;9,319675E-1;;
02/12/2021  12:05:24,438158;9,454144E-1;1,397975E-1;1,395309E-1;9,321558E-1;;
02/12/2021  12:05:24,438258;9,445292E-1;1,385232E-1;1,404787E-1;9,323568E-1;;
02/12/2021  12:05:24,438358;9,446634E-1;1,073023E-1;1,158360E-1;9,325703E-1;;
02/12/2021  12:05:24,438458;9,454055E-1;1,077258E-2;6,907803E-2;9,327962E-1;;
02/12/2021  12:05:24,438558;9,446932E-1;1,280100E-1;1,341600E-1;9,330343E-1;;
02/12/2021  12:05:24,438658;9,442044E-1;1,292843E-1;1,189953E-1;9,332841E-1;;
02/12/2021  12:05:24,438758;9,426159E-1;1,168597E-1;9,624818E-2;9,335450E-1;;
02/12/2021  12:05:24,438858;9,421361E-1;1,283286E-1;1,338441E-1;9,338160E-1;;
02/12/2021  12:05:24,438958;9,423864E-1;1,640096E-1;1,749153E-1;9,340961E-1;;
02/12/2021  12:05:24,439058;9,418321E-1;1,283286E-1;1,325804E-1;9,343840E-1;;
02/12/2021  12:05:24,439158;9,420109E-1;1,273729E-1;1,246821E-1;9,346785E-1;;
02/12/2021  12:05:24,439258;9,406757E-1;1,276914E-1;1,325804E-1;9,349784E-1;;
02/12/2021  12:05:24,439358;9,409559E-1;1,168597E-1;1,069899E-1;9,352823E-1;;
02/12/2021  12:05:24,439458;9,411704E-1;1,394789E-1;1,265777E-1;9,355888E-1;;
02/12/2021  12:05:24,439558;9,417933E-1;1,340630E-1;1,303688E-1;9,358967E-1;;
02/12/2021  12:05:24,439658;9,413195E-1;1,413904E-1;1,332122E-1;9,362048E-1;;
02/12/2021  12:05:24,439758;9,408575E-1;1,225942E-1;1,243661E-1;9,365122E-1;;
02/12/2021  12:05:24,439858;9,421063E-1;1,340630E-1;1,398468E-1;9,368177E-1;;
02/12/2021  12:05:24,439958;9,423417E-1;1,429833E-1;1,420583E-1;9,371204E-1;;
02/12/2021  12:05:24,440058;9,432119E-1;1,031608E-1;9,340479E-2;9,374197E-1;;
02/12/2021  12:05:24,440158;9,435308E-1;1,222756E-1;1,259458E-1;9,377150E-1;;
02/12/2021  12:05:24,440258;9,425742E-1;1,356559E-1;1,297370E-1;9,380059E-1;;
02/12/2021  12:05:24,440358;9,442759E-1;1,522221E-1;1,474292E-1;9,382920E-1;;
02/12/2021  12:05:24,440458;9,443474E-1;1,187712E-1;1,379512E-1;9,385731E-1;;
02/12/2021  12:05:24,440558;9,447289E-1;1,308772E-1;1,300529E-1;9,388489E-1;;
02/12/2021  12:05:24,440658;9,435815E-1;1,241871E-1;1,073058E-1;9,391193E-1;;
02/12/2021  12:05:24,440758;9,436083E-1;1,047537E-1;1,322644E-1;9,393843E-1;;
02/12/2021  12:05:24,440858;9,439928E-1;6,110822E-2;1,079377E-1;9,396434E-1;;
02/12/2021  12:05:24,440958;9,442253E-1;1,362931E-1;1,341600E-1;9,398965E-1;;
02/12/2021  12:05:24,441058;9,445710E-1;1,394789E-1;1,351078E-1;9,401435E-1;;
02/12/2021  12:05:24,441158;9,433371E-1;1,146297E-1;1,139404E-1;9,403842E-1;;
02/12/2021  12:05:24,441258;9,441239E-1;1,506292E-1;1,660692E-1;9,406184E-1;;
02/12/2021  12:05:24,441358;9,448928E-1;1,359745E-1;1,420583E-1;9,408459E-1;;
02/12/2021  12:05:24,441458;9,450508E-1;1,222756E-1;1,253139E-1;9,410668E-1;;
02/12/2021  12:05:24,441558;9,454889E-1;1,315144E-1;1,433221E-1;9,412811E-1;;
02/12/2021  12:05:24,441658;9,446246E-1;1,468062E-1;1,449017E-1;9,414890E-1;;
02/12/2021  12:05:24,441758;9,440196E-1;1,375674E-1;1,275255E-1;9,416904E-1;;
02/12/2021  12:05:24,441858;9,447617E-1;1,280100E-1;1,243661E-1;9,418853E-1;;
02/12/2021  12:05:24,441958;9,455992E-1;1,321516E-1;1,300529E-1;9,420737E-1;;
02/12/2021  12:05:24,442058;9,455753E-1;1,340630E-1;1,502726E-1;9,422556E-1;;
02/12/2021  12:05:24,442158;9,456439E-1;1,101695E-1;1,218387E-1;9,424314E-1;;
02/12/2021  12:05:24,442258;9,456439E-1;1,210013E-1;1,234183E-1;9,426011E-1;;
02/12/2021  12:05:24,442358;9,465499E-1;1,388417E-1;1,490088E-1;9,427649E-1;;
02/12/2021  12:05:24,442458;9,469850E-1;1,420275E-1;1,379512E-1;9,429233E-1;;
02/12/2021  12:05:24,442558;9,462787E-1;1,273729E-1;1,101492E-1;9,430764E-1;;
02/12/2021  12:05:24,442658;9,457094E-1;1,391603E-1;1,461654E-1;9,432246E-1;;
02/12/2021  12:05:24,442758;9,458555E-1;1,216384E-1;1,275255E-1;9,433680E-1;;
02/12/2021  12:05:24,442858;9,460045E-1;1,210013E-1;1,212068E-1;9,435069E-1;;
02/12/2021  12:05:24,442958;9,461118E-1;1,388417E-1;1,417424E-1;9,436412E-1;;
02/12/2021  12:05:24,443058;9,449167E-1;1,264171E-1;1,196272E-1;9,437710E-1;;
02/12/2021  12:05:24,443158;9,441150E-1;1,439390E-1;1,439539E-1;9,438963E-1;;
02/12/2021  12:05:24,443258;9,436560E-1;1,095324E-1;1,095173E-1;9,440169E-1;;
02/12/2021  12:05:24,443358;9,439391E-1;7,608148E-2;6,465498E-2;9,441324E-1;;
02/12/2021  12:05:24,443458;9,428364E-1;1,372488E-1;1,114129E-1;9,442426E-1;;
02/12/2021  12:05:24,443558;9,424222E-1;1,347002E-1;1,328963E-1;9,443470E-1;;
02/12/2021  12:05:24,443658;9,404969E-1;1,152668E-1;1,246821E-1;9,444451E-1;;
02/12/2021  12:05:24,443758;9,404850E-1;1,283286E-1;1,120448E-1;9,445362E-1;;
02/12/2021  12:05:24,443858;9,412211E-1;1,522221E-1;1,505885E-1;9,446197E-1;;
02/12/2021  12:05:24,443958;9,410989E-1;1,095324E-1;1,155200E-1;9,446950E-1;;
02/12/2021  12:05:24,444058;9,399813E-1;1,210013E-1;1,231024E-1;9,447616E-1;;
02/12/2021  12:05:24,444158;9,391975E-1;1,315144E-1;1,316326E-1;9,448190E-1;;
02/12/2021  12:05:24,444258;9,396296E-1;1,372488E-1;1,512204E-1;9,448667E-1;;
02/12/2021  12:05:24,444358;9,402495E-1;1,302401E-1;1,275255E-1;9,449044E-1;;
02/12/2021  12:05:24,444458;9,400141E-1;1,337445E-1;1,259458E-1;9,449317E-1;;
02/12/2021  12:05:24,444558;9,392809E-1;1,308772E-1;1,442698E-1;9,449484E-1;;
02/12/2021  12:05:24,444658;9,380173E-1;1,248242E-1;1,284732E-1;9,449546E-1;;
02/12/2021  12:05:24,444758;9,384256E-1;1,292843E-1;1,212068E-1;9,449498E-1;;
02/12/2021  12:05:24,444858;9,382170E-1;1,178155E-1;1,287892E-1;9,449340E-1;;
02/12/2021  12:05:24,444958;9,380173E-1;1,347002E-1;1,275255E-1;9,449069E-1;;
02/12/2021  12:05:24,445058;9,365271E-1;1,410718E-1;1,512204E-1;9,448686E-1;;
02/12/2021  12:05:24,445158;9,355585E-1;1,455319E-1;1,347919E-1;9,448187E-1;;
02/12/2021  12:05:24,445258;9,360235E-1;1,069837E-1;1,095173E-1;9,447570E-1;;
02/12/2021  12:05:24,445358;9,367298E-1;1,190898E-1;1,281573E-1;9,446834E-1;;
02/12/2021  12:05:24,445458;9,364884E-1;1,302401E-1;1,322644E-1;9,445979E-1;;
02/12/2021  12:05:24,445558;9,352814E-1;1,397975E-1;1,363715E-1;9,445004E-1;;
02/12/2021  12:05:24,445658;9,350578E-1;1,611423E-1;1,449017E-1;9,443912E-1;;
02/12/2021  12:05:24,445758;9,361665E-1;1,385232E-1;1,654373E-1;9,442704E-1;;
02/12/2021  12:05:24,445858;9,356778E-1;1,280100E-1;1,316326E-1;9,441381E-1;;
02/12/2021  12:05:24,445958;9,360264E-1;1,429833E-1;1,398468E-1;9,439949E-1;;
02/12/2021  12:05:24,446058;9,355049E-1;1,197269E-1;1,237343E-1;9,438410E-1;;
02/12/2021  12:05:24,446158;9,354304E-1;1,235499E-1;1,196272E-1;9,436770E-1;;
02/12/2021  12:05:24,446258;9,370517E-1;1,229127E-1;1,227865E-1;9,435034E-1;;
02/12/2021  12:05:24,446358;9,371798E-1;1,343816E-1;1,319485E-1;9,433210E-1;;
02/12/2021  12:05:24,446458;9,362470E-1;1,468062E-1;1,449017E-1;9,431306E-1;;
02/12/2021  12:05:24,446558;9,363632E-1;1,362931E-1;1,325804E-1;9,429330E-1;;
02/12/2021  12:05:24,446658;9,359281E-1;1,382046E-1;1,161519E-1;9,427290E-1;;
02/12/2021  12:05:24,446758;9,361963E-1;1,219570E-1;1,240502E-1;9,425193E-1;;
02/12/2021  12:05:24,446858;9,369652E-1;1,200455E-1;1,351078E-1;9,423047E-1;;
02/12/2021  12:05:24,446958;9,369414E-1;1,187712E-1;1,272095E-1;9,420859E-1;;
02/12/2021  12:05:24,447058;9,366225E-1;1,149482E-1;1,189953E-1;9,418638E-1;;
02/12/2021  12:05:24,447158;9,369831E-1;1,178155E-1;1,133085E-1;9,416393E-1;;
02/12/2021  12:05:24,447258;9,381633E-1;1,063466E-1;1,297370E-1;9,414132E-1;;
02/12/2021  12:05:24,447358;9,385299E-1;1,343816E-1;1,284732E-1;9,411864E-1;;
02/12/2021  12:05:24,447458;9,383719E-1;1,047537E-1;1,177316E-1;9,409600E-1;;
02/12/2021  12:05:24,447558;9,375315E-1;7,066562E-2;7,065769E-2;9,407349E-1;;
02/12/2021  12:05:24,447658;9,385061E-1;1,085766E-1;1,189953E-1;9,405121E-1;;
02/12/2021  12:05:24,447758;9,397727E-1;1,311958E-1;1,622780E-1;9,402923E-1;;
02/12/2021  12:05:24,447858;9,398532E-1;9,901924E-2;1,073058E-1;9,400766E-1;;
02/12/2021  12:05:24,447958;9,391736E-1;1,181340E-1;1,221546E-1;9,398659E-1;;
02/12/2021  12:05:24,448058;9,389263E-1;1,104881E-1;1,155200E-1;9,396610E-1;;
02/12/2021  12:05:24,448158;9,391289E-1;-3,127998E-2;4,317161E-2;9,394627E-1;;
02/12/2021  12:05:24,448258;9,397012E-1;9,742634E-2;9,814378E-2;9,392715E-1;;
02/12/2021  12:05:24,448358;9,392899E-1;8,595746E-2;8,550650E-2;9,390880E-1;;
02/12/2021  12:05:24,448458;9,384375E-1;7,162136E-2;1,013031E-1;9,389128E-1;;
02/12/2021  12:05:24,448558;9,372335E-1;9,615202E-2;1,120448E-1;9,387459E-1;;
02/12/2021  12:05:24,448658;9,371798E-1;9,933782E-2;9,182514E-2;9,385876E-1;;
02/12/2021  12:05:24,448758;9,375285E-1;7,640006E-2;6,686651E-2;9,384377E-1;;
02/12/2021  12:05:24,448858;9,370696E-1;6,970988E-2;9,056141E-2;9,382960E-1;;
02/12/2021  12:05:24,448958;9,362798E-1;1,085766E-1;1,186794E-1;9,381623E-1;;
02/12/2021  12:05:24,449058;9,350668E-1;1,187712E-1;1,265777E-1;9,380363E-1;;
02/12/2021  12:05:24,449158;9,360950E-1;1,219570E-1;1,332122E-1;9,379175E-1;;
02/12/2021  12:05:24,449258;9,361486E-1;1,206827E-1;1,452176E-1;9,378054E-1;;
02/12/2021  12:05:24,449358;9,359192E-1;1,413904E-1;1,388990E-1;9,376995E-1;;
02/12/2021  12:05:24,449458;9,349565E-1;1,490363E-1;1,152041E-1;9,375996E-1;;
02/12/2021  12:05:24,449558;9,341548E-1;1,241871E-1;1,679647E-1;9,375051E-1;;
02/12/2021  12:05:24,449658;9,345274E-1;1,662396E-1;1,458495E-1;9,374155E-1;;
02/12/2021  12:05:24,449758;9,345989E-1;1,649653E-1;1,502726E-1;9,373300E-1;;
02/12/2021  12:05:24,449858;9,336362E-1;1,675139E-1;1,534319E-1;9,372482E-1;;
02/12/2021  12:05:24,449958;9,327362E-1;1,525407E-1;1,328963E-1;9,371695E-1;;
02/12/2021  12:05:24,450058;9,325335E-1;1,311958E-1;1,208909E-1;9,370932E-1;;
02/12/2021  12:05:24,450158;9,334425E-1;1,506292E-1;1,777586E-1;9,370185E-1;;
02/12/2021  12:05:24,450258;9,334306E-1;1,267357E-1;1,360556E-1;9,369449E-1;;
02/12/2021  12:05:24,450358;9,340058E-1;1,308772E-1;1,521681E-1;9,368719E-1;;
02/12/2021  12:05:24,450458;9,325157E-1;1,194084E-1;1,237343E-1;9,367993E-1;;
02/12/2021  12:05:24,450558;9,321908E-1;1,159040E-1;1,347919E-1;9,367267E-1;;
02/12/2021  12:05:24,450658;9,330253E-1;1,057094E-1;9,909157E-2;9,366536E-1;;
02/12/2021  12:05:24,450758;9,328196E-1;1,289658E-1;1,313166E-1;9,365797E-1;;
02/12/2021  12:05:24,450858;9,334664E-1;1,391603E-1;1,360556E-1;9,365048E-1;;
02/12/2021  12:05:24,450958;9,325246E-1;1,136739E-1;1,221546E-1;9,364287E-1;;
02/12/2021  12:05:24,451058;9,329061E-1;1,235499E-1;1,256299E-1;9,363514E-1;;
02/12/2021  12:05:24,451158;9,336422E-1;1,350188E-1;1,480610E-1;9,362727E-1;;
02/12/2021  12:05:24,451258;9,342561E-1;1,273729E-1;1,316326E-1;9,361927E-1;;
02/12/2021  12:05:24,451358;9,339343E-1;1,178155E-1;1,054102E-1;9,361116E-1;;
02/12/2021  12:05:24,451458;9,329895E-1;9,487770E-2;1,395309E-1;9,360295E-1;;
02/12/2021  12:05:24,451558;9,339700E-1;1,401161E-1;1,300529E-1;9,359467E-1;;
02/12/2021  12:05:24,451658;9,351592E-1;3,084312E-2;8,108345E-2;9,358633E-1;;
02/12/2021  12:05:24,451758;9,357105E-1;1,229127E-1;1,253139E-1;9,357796E-1;;
02/12/2021  12:05:24,451858;9,360950E-1;1,216384E-1;1,133085E-1;9,356963E-1;;
02/12/2021  12:05:24,451958;9,360264E-1;1,187712E-1;1,284732E-1;9,356138E-1;;
02/12/2021  12:05:24,452058;9,367805E-1;1,248242E-1;1,325804E-1;9,355329E-1;;
02/12/2021  12:05:24,452158;9,386253E-1;-1,152802E-2;4,601499E-2;9,354542E-1;;
02/12/2021  12:05:24,452258;9,392601E-1;1,165411E-1;1,351078E-1;9,353785E-1;;
02/12/2021  12:05:24,452358;9,388249E-1;1,009307E-1;1,104651E-1;9,353068E-1;;
02/12/2021  12:05:24,452458;9,387832E-1;1,197269E-1;1,253139E-1;9,352400E-1;;
02/12/2021  12:05:24,452558;9,388249E-1;1,203641E-1;1,079377E-1;9,351788E-1;;
02/12/2021  12:05:24,452658;9,402734E-1;1,178155E-1;1,095173E-1;9,351240E-1;;
02/12/2021  12:05:24,452758;9,403479E-1;1,028422E-1;1,104651E-1;9,350761E-1;;
02/12/2021  12:05:24,452858;9,396803E-1;1,149482E-1;1,253139E-1;9,350360E-1;;
02/12/2021  12:05:24,452958;9,387206E-1;1,331073E-1;1,278414E-1;9,350040E-1;;
02/12/2021  12:05:24,453058;9,394359E-1;7,162136E-2;9,087734E-2;9,349805E-1;;
02/12/2021  12:05:24,453158;9,395402E-1;1,069837E-1;1,142563E-1;9,349657E-1;;
02/12/2021  12:05:24,453258;9,394747E-1;1,063466E-1;1,092014E-1;9,349596E-1;;
02/12/2021  12:05:24,453358;9,394240E-1;1,337445E-1;1,388990E-1;9,349623E-1;;
02/12/2021  12:05:24,453458;9,386789E-1;1,292843E-1;1,202590E-1;9,349739E-1;;
02/12/2021  12:05:24,453558;9,386461E-1;1,324701E-1;1,588027E-1;9,349940E-1;;
02/12/2021  12:05:24,453658;9,397846E-1;1,248242E-1;1,449017E-1;9,350225E-1;;
02/12/2021  12:05:24,453758;9,397578E-1;1,111253E-1;1,177316E-1;9,350592E-1;;
02/12/2021  12:05:24,453858;9,390932E-1;1,159040E-1;1,095173E-1;9,351038E-1;;
02/12/2021  12:05:24,453958;9,384226E-1;9,901924E-2;1,038306E-1;9,351561E-1;;
02/12/2021  12:05:24,454058;9,396654E-1;3,625898E-2;7,381701E-2;9,352157E-1;;
02/12/2021  12:05:24,454158;9,398621E-1;1,229127E-1;1,335282E-1;9,352822E-1;;
02/12/2021  12:05:24,454258;9,384196E-1;2,070179E-1;2,137749E-1;9,353553E-1;;
02/12/2021  12:05:24,454358;9,377312E-1;1,280100E-1;1,202590E-1;9,354345E-1;;
02/12/2021  12:05:24,454458;9,363841E-1;6,684266E-2;7,824006E-2;9,355191E-1;;
02/12/2021  12:05:24,454558;9,365510E-1;1,085766E-1;1,208909E-1;9,356084E-1;;
02/12/2021  12:05:24,454658;9,369176E-1;1,257800E-1;1,268936E-1;9,357012E-1;;
02/12/2021  12:05:24,454758;9,359847E-1;1,343816E-1;1,385831E-1;9,357967E-1;;
02/12/2021  12:05:24,454858;9,349208E-1;1,073023E-1;1,136244E-1;9,358941E-1;;
02/12/2021  12:05:24,454958;9,349208E-1;1,152668E-1;1,240502E-1;9,359923E-1;;
02/12/2021  12:05:24,455058;9,364318E-1;1,321516E-1;1,401627E-1;9,360903E-1;;
02/12/2021  12:05:24,455158;9,364795E-1;1,178155E-1;1,253139E-1;9,361874E-1;;
02/12/2021  12:05:24,455258;9,367983E-1;1,300264E-2;6,149566E-2;9,362829E-1;;
02/12/2021  12:05:24,455358;9,358566E-1;1,292843E-1;1,543797E-1;9,363764E-1;;
02/12/2021  12:05:24,455458;9,358178E-1;5,728526E-2;9,972343E-2;9,364675E-1;;
02/12/2021  12:05:24,455558;9,374570E-1;1,350188E-1;1,619620E-1;9,365557E-1;;
02/12/2021  12:05:24,455658;9,376179E-1;1,280100E-1;1,246821E-1;9,366407E-1;;
02/12/2021  12:05:24,455758;9,380501E-1;1,206827E-1;1,060421E-1;9,367224E-1;;
02/12/2021  12:05:24,455858;9,373169E-1;1,232313E-1;1,401627E-1;9,368009E-1;;
02/12/2021  12:05:24,455958;9,376179E-1;1,289658E-1;1,373193E-1;9,368761E-1;;
02/12/2021  12:05:24,456058;9,379040E-1;1,280100E-1;1,338441E-1;9,369482E-1;;
02/12/2021  12:05:24,456158;9,376984E-1;1,108067E-1;1,148882E-1;9,370170E-1;;
02/12/2021  12:05:24,456258;9,376626E-1;9,296622E-2;1,038306E-1;9,370827E-1;;
02/12/2021  12:05:24,456358;9,362738E-1;1,308772E-1;1,357397E-1;9,371453E-1;;
02/12/2021  12:05:24,456458;9,369265E-1;1,426647E-1;1,275255E-1;9,372045E-1;;
02/12/2021  12:05:24,456558;9,370308E-1;1,187712E-1;1,170997E-1;9,372604E-1;;
02/12/2021  12:05:24,456658;9,373288E-1;1,305587E-1;1,407946E-1;9,373128E-1;;
02/12/2021  12:05:24,456758;9,369891E-1;1,229127E-1;1,284732E-1;9,373617E-1;;
02/12/2021  12:05:24,456858;9,364437E-1;1,318330E-1;1,401627E-1;9,374071E-1;;
02/12/2021  12:05:24,456958;9,368132E-1;1,372488E-1;1,341600E-1;9,374489E-1;;
02/12/2021  12:05:24,457058;9,378414E-1;1,210013E-1;1,104651E-1;9,374872E-1;;
02/12/2021  12:05:24,457158;9,382647E-1;1,372488E-1;1,139404E-1;9,375219E-1;;
02/12/2021  12:05:24,457258;9,384166E-1;1,439390E-1;1,629098E-1;9,375534E-1;;
02/12/2021  12:05:24,457358;9,380799E-1;8,277166E-2;9,498445E-2;9,375820E-1;;
02/12/2021  12:05:24,457458;9,398442E-1;1,327887E-1;1,328963E-1;9,376079E-1;;
02/12/2021  12:05:24,457558;9,408635E-1;1,101695E-1;1,170997E-1;9,376318E-1;;
02/12/2021  12:05:24,457658;9,404671E-1;1,206827E-1;1,218387E-1;9,376542E-1;;
02/12/2021  12:05:24,457758;9,405774E-1;1,417090E-1;1,515363E-1;9,376759E-1;;
02/12/2021  12:05:24,457858;9,403807E-1;1,302401E-1;1,199431E-1;9,376973E-1;;
02/12/2021  12:05:24,457958;9,412628E-1;1,382046E-1;1,528000E-1;9,377192E-1;;
02/12/2021  12:05:24,458058;9,420139E-1;1,280100E-1;1,509044E-1;9,377419E-1;;
02/12/2021  12:05:24,458158;9,417963E-1;1,296029E-1;1,335282E-1;9,377661E-1;;
02/12/2021  12:05:24,458258;9,408098E-1;1,331073E-1;1,256299E-1;9,377924E-1;;
02/12/2021  12:05:24,458358;9,403807E-1;1,210013E-1;1,262617E-1;9,378212E-1;;
02/12/2021  12:05:24,458458;9,412122E-1;1,254614E-1;1,009872E-1;9,378526E-1;;
02/12/2021  12:05:24,458558;9,410334E-1;1,327887E-1;1,281573E-1;9,378868E-1;;
02/12/2021  12:05:24,458658;9,402793E-1;1,305587E-1;1,303688E-1;9,379239E-1;;
02/12/2021  12:05:24,458758;9,398442E-1;1,267357E-1;1,249980E-1;9,379640E-1;;
02/12/2021  12:05:24,458858;9,390336E-1;1,949118E-1;1,799702E-1;9,380068E-1;;
02/12/2021  12:05:24,458958;9,409737E-1;1,296029E-1;1,347919E-1;9,380522E-1;;
02/12/2021  12:05:24,459058;9,404522E-1;1,391603E-1;1,417424E-1;9,381000E-1;;
02/12/2021  12:05:24,459158;9,401542E-1;1,194084E-1;1,370034E-1;9,381501E-1;;
02/12/2021  12:05:24,459258;9,391438E-1;1,321516E-1;1,284732E-1;9,382023E-1;;
02/12/2021  12:05:24,459358;9,392601E-1;1,337445E-1;1,638576E-1;9,382564E-1;;
02/12/2021  12:05:24,459458;9,403687E-1;1,350188E-1;1,344760E-1;9,383120E-1;;
02/12/2021  12:05:24,459558;9,406966E-1;1,359745E-1;1,272095E-1;9,383689E-1;;
02/12/2021  12:05:24,459658;9,405774E-1;1,359745E-1;1,370034E-1;9,384270E-1;;
02/12/2021  12:05:24,459758;9,402972E-1;1,327887E-1;1,347919E-1;9,384862E-1;;
02/12/2021  12:05:24,459858;9,412211E-1;1,429833E-1;1,651214E-1;9,385465E-1;;
02/12/2021  12:05:24,459958;9,416294E-1;1,225942E-1;1,866047E-1;9,386078E-1;;
02/12/2021  12:05:24,460058;9,413999E-1;1,286472E-1;1,297370E-1;9,386702E-1;;
02/12/2021  12:05:24,460158;9,403717E-1;1,359745E-1;1,259458E-1;9,387337E-1;;
02/12/2021  12:05:24,460258;9,396207E-1;9,328480E-2;1,155200E-1;9,387982E-1;;
02/12/2021  12:05:24,460358;9,394687E-1;2,096714E-2;6,402312E-2;9,388634E-1;;
02/12/2021  12:05:24,460458;9,401244E-1;1,152668E-1;1,300529E-1;9,389290E-1;;
02/12/2021  12:05:24,460558;9,396356E-1;1,088952E-1;1,202590E-1;9,389946E-1;;
02/12/2021  12:05:24,460658;9,377163E-1;1,139925E-1;1,180475E-1;9,390599E-1;;
02/12/2021  12:05:24,460758;9,363543E-1;-2,108542E-2;7,350108E-2;9,391243E-1;;
02/12/2021  12:05:24,460858;9,365510E-1;6,811698E-2;7,571260E-2;9,391870E-1;;
02/12/2021  12:05:24,460958;9,361010E-1;7,958586E-2;1,107811E-1;9,392472E-1;;
02/12/2021  12:05:24,461058;9,352039E-1;1,057094E-1;9,277293E-2;9,393040E-1;;
02/12/2021  12:05:24,461158;9,342502E-1;1,162226E-1;1,291051E-1;9,393565E-1;;
02/12/2021  12:05:24,461258;9,335468E-1;1,257800E-1;1,341600E-1;9,394039E-1;;
02/12/2021  12:05:24,461358;9,344260E-1;1,015679E-1;9,656411E-2;9,394450E-1;;
02/12/2021  12:05:24,461458;9,349357E-1;5,728526E-2;5,991600E-2;9,394791E-1;;
02/12/2021  12:05:24,461558;9,347986E-1;6,301970E-2;7,318515E-2;9,395057E-1;;
02/12/2021  12:05:24,461658;9,353559E-1;1,060280E-1;1,183634E-1;9,395243E-1;;
02/12/2021  12:05:24,461758;9,355347E-1;1,053908E-1;1,170997E-1;9,395348E-1;;
02/12/2021  12:05:24,461858;9,366434E-1;1,047537E-1;1,022509E-1;9,395370E-1;;
02/12/2021  12:05:24,461958;9,372990E-1;9,710776E-2;1,101492E-1;9,395312E-1;;
02/12/2021  12:05:24,462058;9,376597E-1;1,123996E-1;1,249980E-1;9,395177E-1;;
02/12/2021  12:05:24,462158;9,376149E-1;1,088952E-1;1,357397E-1;9,394970E-1;;
02/12/2021  12:05:24,462258;9,374659E-1;1,114439E-1;1,095173E-1;9,394698E-1;;
02/12/2021  12:05:24,462358;9,392154E-1;8,978042E-2;1,341600E-1;9,394364E-1;;
02/12/2021  12:05:24,462458;9,391051E-1;1,353374E-1;1,584868E-1;9,393978E-1;;
02/12/2021  12:05:24,462558;9,380620E-1;1,531778E-1;1,531159E-1;9,393546E-1;;
02/12/2021  12:05:24,462658;9,381037E-1;1,426647E-1;1,297370E-1;9,393075E-1;;
02/12/2021  12:05:24,462758;9,378265E-1;1,506292E-1;1,294210E-1;9,392570E-1;;
02/12/2021  12:05:24,462858;9,385150E-1;1,512664E-1;1,426902E-1;9,392037E-1;;
02/12/2021  12:05:24,462958;9,387653E-1;1,780271E-1;1,657532E-1;9,391481E-1;;
02/12/2021  12:05:24,463058;9,376447E-1;1,773899E-1;1,550115E-1;9,390906E-1;;
02/12/2021  12:05:24,463158;9,363900E-1;1,614609E-1;1,474292E-1;9,390316E-1;;
02/12/2021  12:05:24,463258;9,358148E-1;1,069837E-1;8,929768E-2;9,389713E-1;;
02/12/2021  12:05:24,463358;9,361963E-1;1,863102E-1;1,704922E-1;9,389097E-1;;
02/12/2021  12:05:24,463458;9,360324E-1;1,643281E-1;1,531159E-1;9,388467E-1;;
02/12/2021  12:05:24,463558;9,354542E-1;1,538150E-1;1,682807E-1;9,387823E-1;;
02/12/2021  12:05:24,463658;9,349714E-1;1,302401E-1;1,322644E-1;9,387164E-1;;
02/12/2021  12:05:24,463758;9,347628E-1;1,442576E-1;1,388990E-1;9,386488E-1;;
02/12/2021  12:05:24,463858;9,358089E-1;1,388417E-1;1,449017E-1;9,385793E-1;;
02/12/2021  12:05:24,463958;9,355615E-1;1,168597E-1;1,221546E-1;9,385081E-1;;
02/12/2021  12:05:24,464058;9,346615E-1;1,356559E-1;1,310007E-1;9,384350E-1;;
02/12/2021  12:05:24,464158;9,336899E-1;1,397975E-1;1,291051E-1;9,383600E-1;;
02/12/2021  12:05:24,464258;9,337644E-1;9,105474E-2;1,366875E-1;9,382830E-1;;
02/12/2021  12:05:24,464358;9,345780E-1;1,595494E-1;1,515363E-1;9,382037E-1;;
02/12/2021  12:05:24,464458;9,340684E-1;1,232313E-1;1,227865E-1;9,381221E-1;;
02/12/2021  12:05:24,464558;9,338419E-1;1,111253E-1;1,237343E-1;9,380380E-1;;
02/12/2021  12:05:24,464658;9,330134E-1;2,510868E-2;8,613836E-2;9,379515E-1;;
02/12/2021  12:05:24,464758;9,326915E-1;1,248242E-1;1,170997E-1;9,378624E-1;;
02/12/2021  12:05:24,464858;9,341787E-1;-1,375808E-2;6,655058E-2;9,377705E-1;;
02/12/2021  12:05:24,464958;9,330104E-1;1,168597E-1;1,234183E-1;9,376758E-1;;
02/12/2021  12:05:24,465058;9,319792E-1;1,347002E-1;1,404787E-1;9,375783E-1;;
02/12/2021  12:05:24,465158;9,307394E-1;1,012493E-1;1,215227E-1;9,374779E-1;;
02/12/2021  12:05:24,465258;9,306142E-1;3,976336E-2;6,023194E-2;9,373742E-1;;
02/12/2021  12:05:24,465358;9,316841E-1;1,267357E-1;1,287892E-1;9,372670E-1;;
02/12/2021  12:05:24,465458;9,309093E-1;1,241871E-1;1,259458E-1;9,371558E-1;;
02/12/2021  12:05:24,465558;9,299258E-1;1,401161E-1;1,411105E-1;9,370407E-1;;
02/12/2021  12:05:24,465658;9,287784E-1;1,213198E-1;1,253139E-1;9,369213E-1;;
02/12/2021  12:05:24,465758;9,293178E-1;1,235499E-1;1,227865E-1;9,367974E-1;;
02/12/2021  12:05:24,465858;9,295175E-1;1,254614E-1;1,076217E-1;9,366685E-1;;
02/12/2021  12:05:24,465958;9,296426E-1;1,311958E-1;1,212068E-1;9,365345E-1;;
02/12/2021  12:05:24,466058;9,284356E-1;1,289658E-1;1,281573E-1;9,363953E-1;;
02/12/2021  12:05:24,466158;9,279171E-1;1,213198E-1;1,253139E-1;9,362509E-1;;
02/12/2021  12:05:24,466258;9,292880E-1;1,219570E-1;1,129926E-1;9,361010E-1;;
02/12/2021  12:05:24,466358;9,297440E-1;1,216384E-1;1,303688E-1;9,359458E-1;;
02/12/2021  12:05:24,466458;9,296635E-1;1,292843E-1;1,208909E-1;9,357853E-1;;
02/12/2021  12:05:24,466558;9,294787E-1;1,366117E-1;1,249980E-1;9,356201E-1;;
02/12/2021  12:05:24,466658;9,295264E-1;1,197269E-1;1,129926E-1;9,354504E-1;;
02/12/2021  12:05:24,466758;9,312788E-1;9,264764E-2;1,205749E-1;9,352767E-1;;
02/12/2021  12:05:24,466858;9,319345E-1;1,490363E-1;1,749153E-1;9,350995E-1;;
02/12/2021  12:05:24,466958;9,313623E-1;1,493549E-1;1,398468E-1;9,349199E-1;;
02/12/2021  12:05:24,467058;9,309719E-1;1,031608E-1;9,372073E-2;9,347384E-1;;
02/12/2021  12:05:24,467158;9,306738E-1;1,311958E-1;1,644895E-1;9,345559E-1;;
02/12/2021  12:05:24,467258;9,313593E-1;1,439390E-1;1,426902E-1;9,343730E-1;;
02/12/2021  12:05:24,467358;9,316037E-1;1,506292E-1;1,518522E-1;9,341902E-1;;
02/12/2021  12:05:24,467458;9,312967E-1;1,174969E-1;1,243661E-1;9,340083E-1;;
02/12/2021  12:05:24,467558;9,300897E-1;1,063466E-1;1,019350E-1;9,338278E-1;;
02/12/2021  12:05:24,467658;9,301106E-1;-4,720898E-2;5,296550E-2;9,336492E-1;;
02/12/2021  12:05:24,467758;9,303222E-1;1,216384E-1;1,249980E-1;9,334727E-1;;
02/12/2021  12:05:24,467858;9,305785E-1;1,222756E-1;1,253139E-1;9,332987E-1;;
02/12/2021  12:05:24,467958;9,300211E-1;1,340630E-1;1,521681E-1;9,331274E-1;;
02/12/2021  12:05:24,468058;9,290525E-1;1,270543E-1;1,278414E-1;9,329591E-1;;
02/12/2021  12:05:24,468158;9,286591E-1;1,229127E-1;1,297370E-1;9,327938E-1;;
02/12/2021  12:05:24,468258;9,295503E-1;9,073616E-2;8,803395E-2;9,326316E-1;;
02/12/2021  12:05:24,468358;9,292612E-1;1,334259E-1;1,341600E-1;9,324724E-1;;
02/12/2021  12:05:24,468458;9,290823E-1;1,251428E-1;1,376353E-1;9,323163E-1;;
02/12/2021  12:05:24,468558;9,286234E-1;1,264171E-1;1,297370E-1;9,321633E-1;;
02/12/2021  12:05:24,468658;9,297231E-1;1,232313E-1;1,227865E-1;9,320135E-1;;
02/12/2021  12:05:24,468758;9,308854E-1;1,178155E-1;1,275255E-1;9,318670E-1;;
02/12/2021  12:05:24,468858;9,313265E-1;1,165411E-1;1,259458E-1;9,317240E-1;;
02/12/2021  12:05:24,468958;9,321103E-1;1,073023E-1;9,656411E-2;9,315850E-1;;
02/12/2021  12:05:24,469058;9,316543E-1;1,461691E-1;1,499566E-1;9,314506E-1;;
02/12/2021  12:05:24,469158;9,333263E-1;1,213198E-1;1,224705E-1;9,313213E-1;;
02/12/2021  12:05:24,469258;9,351026E-1;1,276914E-1;1,272095E-1;9,311979E-1;;
02/12/2021  12:05:24,469358;9,352009E-1;1,296029E-1;1,281573E-1;9,310811E-1;;
02/12/2021  12:05:24,469458;9,356420E-1;9,647060E-2;9,688005E-2;9,309720E-1;;
02/12/2021  12:05:24,469558;9,356301E-1;1,251428E-1;1,180475E-1;9,308715E-1;;
02/12/2021  12:05:24,469658;9,365212E-1;1,270543E-1;1,303688E-1;9,307804E-1;;
02/12/2021  12:05:24,469758;9,383839E-1;1,213198E-1;1,344760E-1;9,306996E-1;;
02/12/2021  12:05:24,469858;9,378623E-1;1,305587E-1;1,787064E-1;9,306300E-1;;
02/12/2021  12:05:24,469958;9,378623E-1;1,264171E-1;1,272095E-1;9,305724E-1;;
02/12/2021  12:05:24,470058;9,371381E-1;1,130368E-1;1,107811E-1;9,305276E-1;;
02/12/2021  12:05:24,470158;9,379219E-1;1,318330E-1;1,439539E-1;9,304960E-1;;
02/12/2021  12:05:24,470258;9,390216E-1;3,434750E-2;8,740209E-2;9,304780E-1;;
02/12/2021  12:05:24,470358;9,387087E-1;1,245056E-1;1,212068E-1;9,304739E-1;;
02/12/2021  12:05:24,470458;9,383630E-1;1,318330E-1;1,246821E-1;9,304841E-1;;
02/12/2021  12:05:24,470558;9,385657E-1;1,092138E-1;1,189953E-1;9,305086E-1;;
02/12/2021  12:05:24,470658;9,393674E-1;1,353374E-1;1,341600E-1;9,305475E-1;;
02/12/2021  12:05:24,470758;9,402436E-1;1,289658E-1;1,316326E-1;9,306009E-1;;
02/12/2021  12:05:24,470858;9,397280E-1;1,308772E-1;1,202590E-1;9,306686E-1;;
02/12/2021  12:05:24,470958;9,394210E-1;1,299215E-1;1,467973E-1;9,307507E-1;;
02/12/2021  12:05:24,471058;9,389352E-1;1,248242E-1;1,281573E-1;9,308469E-1;;
02/12/2021  12:05:24,471158;9,403330E-1;1,260985E-1;1,265777E-1;9,309568E-1;;
02/12/2021  12:05:24,471258;9,412867E-1;1,289658E-1;1,600664E-1;9,310801E-1;;
02/12/2021  12:05:24,471358;9,409648E-1;1,324701E-1;1,208909E-1;9,312165E-1;;
02/12/2021  12:05:24,471458;9,406191E-1;1,302401E-1;1,411105E-1;9,313657E-1;;
02/12/2021  12:05:24,471558;9,409112E-1;1,251428E-1;1,253139E-1;9,315275E-1;;
02/12/2021  12:05:24,471658;9,420109E-1;1,445762E-1;1,458495E-1;9,317012E-1;;
02/12/2021  12:05:24,471758;9,428066E-1;1,343816E-1;1,335282E-1;9,318865E-1;;
02/12/2021  12:05:24,471858;9,424609E-1;1,331073E-1;1,256299E-1;9,320831E-1;;
02/12/2021  12:05:24,471958;9,422076E-1;1,057094E-1;1,120448E-1;9,322906E-1;;
02/12/2021  12:05:24,472058;9,424967E-1;1,391603E-1;1,515363E-1;9,325086E-1;;
02/12/2021  12:05:24,472158;9,439451E-1;1,767528E-1;2,014535E-1;9,327367E-1;;
02/12/2021  12:05:24,472258;9,444488E-1;9,933782E-2;9,909157E-2;9,329744E-1;;
02/12/2021  12:05:24,472358;9,442998E-1;1,018865E-1;1,069899E-1;9,332213E-1;;
02/12/2021  12:05:24,472458;9,449524E-1;1,267357E-1;1,208909E-1;9,334773E-1;;
02/12/2021  12:05:24,472558;9,459061E-1;1,468062E-1;1,467973E-1;9,337421E-1;;
02/12/2021  12:05:24,472658;9,474261E-1;1,152668E-1;1,316326E-1;9,340153E-1;;
02/12/2021  12:05:24,472758;9,488656E-1;1,130368E-1;1,136244E-1;9,342970E-1;;
02/12/2021  12:05:24,472858;9,490593E-1;1,194084E-1;1,268936E-1;9,345872E-1;;
02/12/2021  12:05:24,472958;9,491010E-1;1,382046E-1;1,335282E-1;9,348863E-1;;
02/12/2021  12:05:24,473058;9,500398E-1;1,104881E-1;9,972343E-2;9,351942E-1;;
02/12/2021  12:05:24,473158;9,524747E-1;1,130368E-1;1,126766E-1;9,355112E-1;;
02/12/2021  12:05:24,473258;9,537145E-1;1,178155E-1;1,129926E-1;9,358374E-1;;
02/12/2021  12:05:24,473358;9,535983E-1;1,146297E-1;1,319485E-1;9,361735E-1;;
02/12/2021  12:05:24,473458;9,538159E-1;1,165411E-1;1,054102E-1;9,365197E-1;;
02/12/2021  12:05:24,473558;9,550706E-1;1,098510E-1;1,189953E-1;9,368765E-1;;
02/12/2021  12:05:24,473658;9,564296E-1;4,995792E-2;8,740209E-2;9,372441E-1;;
02/12/2021  12:05:24,473758;9,572998E-1;9,774492E-2;1,123607E-1;9,376228E-1;;
02/12/2021  12:05:24,473858;9,575800E-1;1,257800E-1;1,272095E-1;9,380131E-1;;
02/12/2021  12:05:24,473958;9,571389E-1;1,136739E-1;1,512204E-1;9,384152E-1;;
02/12/2021  12:05:24,474058;9,587751E-1;9,424054E-2;1,088855E-1;9,388292E-1;;
02/12/2021  12:05:24,474158;9,593443E-1;1,146297E-1;1,291051E-1;9,392552E-1;;
02/12/2021  12:05:24,474258;9,599612E-1;1,264171E-1;1,426902E-1;9,396932E-1;;
02/12/2021  12:05:24,474358;9,596990E-1;1,069837E-1;1,174156E-1;9,401433E-1;;
02/12/2021  12:05:24,474458;9,601460E-1;8,213450E-2;1,044624E-1;9,406053E-1;;
02/12/2021  12:05:24,474558;9,612785E-1;7,926728E-2;9,940750E-2;9,410790E-1;;
02/12/2021  12:05:24,474658;9,622412E-1;8,978042E-2;9,024547E-2;9,415642E-1;;
02/12/2021  12:05:24,474758;9,622173E-1;9,105474E-2;9,972343E-2;9,420606E-1;;
02/12/2021  12:05:24,474858;9,618478E-1;9,264764E-2;1,028828E-1;9,425679E-1;;
02/12/2021  12:05:24,474958;9,618090E-1;9,487770E-2;1,098333E-1;9,430857E-1;;
02/12/2021  12:05:24,475058;9,633737E-1;5,951532E-2;7,792413E-2;9,436134E-1;;
02/12/2021  12:05:24,475158;9,642231E-1;1,289658E-1;1,338441E-1;9,441504E-1;;
02/12/2021  12:05:24,475258;9,638058E-1;4,581638E-2;6,844617E-2;9,446962E-1;;
02/12/2021  12:05:24,475358;9,651082E-1;1,213198E-1;1,328963E-1;9,452503E-1;;
02/12/2021  12:05:24,475458;9,646075E-1;9,678918E-2;1,082536E-1;9,458122E-1;;
02/12/2021  12:05:24,475558;9,658384E-1;8,659462E-2;9,308886E-2;9,463813E-1;;
02/12/2021  12:05:24,475658;9,672034E-1;1,665582E-1;1,850251E-1;9,469570E-1;;
02/12/2021  12:05:24,475758;9,668934E-1;1,394789E-1;1,278414E-1;9,475388E-1;;
02/12/2021  12:05:24,475858;9,667742E-1;1,334259E-1;1,031987E-1;9,481263E-1;;
02/12/2021  12:05:24,475958;9,667593E-1;1,818500E-1;1,657532E-1;9,487189E-1;;
02/12/2021  12:05:24,476058;9,680885E-1;1,687883E-1;1,439539E-1;9,493159E-1;;
02/12/2021  12:05:24,476158;9,680349E-1;1,490363E-1;1,420583E-1;9,499167E-1;;
02/12/2021  12:05:24,476258;9,681034E-1;1,292843E-1;1,316326E-1;9,505206E-1;;
02/12/2021  12:05:24,476358;9,684074E-1;9,615202E-2;1,025668E-1;9,511269E-1;;
02/12/2021  12:05:24,476458;9,678531E-1;1,264171E-1;9,688005E-2;9,517349E-1;;
02/12/2021  12:05:24,476558;9,693104E-1;1,318330E-1;1,253139E-1;9,523439E-1;;
02/12/2021  12:05:24,476658;9,698439E-1;1,178155E-1;1,212068E-1;9,529530E-1;;
02/12/2021  12:05:24,476758;9,691108E-1;1,187712E-1;1,471132E-1;9,535616E-1;;
02/12/2021  12:05:24,476858;9,678799E-1;1,187712E-1;1,341600E-1;9,541690E-1;;
02/12/2021  12:05:24,476958;9,683359E-1;1,292843E-1;1,458495E-1;9,547743E-1;;
02/12/2021  12:05:24,477058;9,693462E-1;1,395838E-2;5,960007E-2;9,553765E-1;;
02/12/2021  12:05:24,477158;9,691763E-1;1,085766E-1;1,117289E-1;9,559746E-1;;
02/12/2021  12:05:24,477258;9,685743E-1;1,448948E-1;1,594346E-1;9,565679E-1;;
02/12/2021  12:05:24,477358;9,682107E-1;1,442576E-1;1,505885E-1;9,571554E-1;;
02/12/2021  12:05:24,477458;9,679604E-1;1,190898E-1;1,253139E-1;9,577362E-1;;
02/12/2021  12:05:24,477558;9,686607E-1;1,079395E-1;1,218387E-1;9,583092E-1;;
02/12/2021  12:05:24,477658;9,687919E-1;1,136739E-1;1,170997E-1;9,588736E-1;;
02/12/2021  12:05:24,477758;9,681958E-1;1,101695E-1;8,992954E-2;9,594284E-1;;
02/12/2021  12:05:24,477858;9,672838E-1;3,339176E-2;8,740209E-2;9,599729E-1;;
02/12/2021  12:05:24,477958;9,676564E-1;1,210013E-1;1,110970E-1;9,605061E-1;;
02/12/2021  12:05:24,478058;9,685892E-1;1,292843E-1;1,278414E-1;9,610272E-1;;
02/12/2021  12:05:24,478158;9,684074E-1;1,327887E-1;1,313166E-1;9,615354E-1;;
02/12/2021  12:05:24,478258;9,680259E-1;1,044351E-1;1,101492E-1;9,620301E-1;;
02/12/2021  12:05:24,478358;9,669500E-1;9,710776E-2;1,013031E-1;9,625107E-1;;
02/12/2021  12:05:24,478458;9,668875E-1;1,190898E-1;1,215227E-1;9,629765E-1;;
02/12/2021  12:05:24,478558;9,682077E-1;1,302401E-1;1,480610E-1;9,634269E-1;;
02/12/2021  12:05:24,478658;9,669202E-1;1,232313E-1;8,424277E-2;9,638613E-1;;
02/12/2021  12:05:24,478758;9,664493E-1;1,321516E-1;1,316326E-1;9,642792E-1;;
02/12/2021  12:05:24,478858;9,652244E-1;1,331073E-1;1,215227E-1;9,646802E-1;;
02/12/2021  12:05:24,478958;9,651678E-1;7,193994E-2;1,193112E-1;9,650635E-1;;
02/12/2021  12:05:24,479058;9,656029E-1;1,053908E-1;1,430061E-1;9,654286E-1;;
02/12/2021  12:05:24,479158;9,648996E-1;1,362931E-1;1,310007E-1;9,657748E-1;;
02/12/2021  12:05:24,479258;9,643125E-1;1,276914E-1;1,300529E-1;9,661018E-1;;
02/12/2021  12:05:24,479358;9,633469E-1;1,276914E-1;1,265777E-1;9,664090E-1;;
02/12/2021  12:05:24,479458;9,639995E-1;9,328480E-2;1,101492E-1;9,666960E-1;;
02/12/2021  12:05:24,479558;9,646880E-1;1,452133E-1;1,341600E-1;9,669625E-1;;
02/12/2021  12:05:24,479658;9,635495E-1;1,181340E-1;1,202590E-1;9,672081E-1;;
02/12/2021  12:05:24,479758;9,632873E-1;1,267357E-1;1,553275E-1;9,674330E-1;;
02/12/2021  12:05:24,479858;9,623932E-1;1,305587E-1;1,221546E-1;9,676368E-1;;
02/12/2021  12:05:24,479958;9,624319E-1;1,385232E-1;1,287892E-1;9,678196E-1;;
02/12/2021  12:05:24,480058;9,620981E-1;1,544522E-1;1,714400E-1;9,679812E-1;;
02/12/2021  12:05:24,480158;9,620027E-1;1,372488E-1;1,287892E-1;9,681217E-1;;
02/12/2021  12:05:24,480258;9,608106E-1;1,531778E-1;1,578549E-1;9,682409E-1;;
02/12/2021  12:05:24,480358;9,607242E-1;1,232313E-1;1,278414E-1;9,683391E-1;;
02/12/2021  12:05:24,480458;9,609388E-1;1,184526E-1;1,231024E-1;9,684162E-1;;
02/12/2021  12:05:24,480558;9,602354E-1;1,280100E-1;1,341600E-1;9,684724E-1;;
02/12/2021  12:05:24,480658;9,593473E-1;1,260985E-1;1,272095E-1;9,685078E-1;;
02/12/2021  12:05:24,480758;9,578542E-1;1,311958E-1;1,319485E-1;9,685226E-1;;
02/12/2021  12:05:24,480858;9,573475E-1;4,645354E-2;9,277293E-2;9,685169E-1;;
02/12/2021  12:05:24,480958;9,567574E-1;1,742041E-1;1,714400E-1;9,684905E-1;;
02/12/2021  12:05:24,481058;9,563461E-1;1,066652E-1;1,303688E-1;9,684435E-1;;
02/12/2021  12:05:24,481158;9,548023E-1;1,311958E-1;1,392149E-1;9,683758E-1;;
02/12/2021  12:05:24,481258;9,535685E-1;1,334259E-1;1,300529E-1;9,682873E-1;;
02/12/2021  12:05:24,481358;9,533241E-1;1,296029E-1;1,202590E-1;9,681779E-1;;
02/12/2021  12:05:24,481458;9,524241E-1;1,238685E-1;1,404787E-1;9,680475E-1;;
02/12/2021  12:05:24,481558;9,519591E-1;1,382046E-1;1,351078E-1;9,678959E-1;;
02/12/2021  12:05:24,481658;9,505494E-1;1,436204E-1;1,458495E-1;9,677231E-1;;
02/12/2021  12:05:24,481758;9,483619E-1;1,343816E-1;1,262617E-1;9,675289E-1;;
02/12/2021  12:05:24,481858;9,473784E-1;1,254614E-1;1,060421E-1;9,673131E-1;;
02/12/2021  12:05:24,481958;9,469045E-1;1,267357E-1;1,221546E-1;9,670753E-1;;
02/12/2021  12:05:24,482058;9,456439E-1;1,362931E-1;1,335282E-1;9,668153E-1;;
02/12/2021  12:05:24,482158;9,444637E-1;1,442576E-1;1,521681E-1;9,665326E-1;;
02/12/2021  12:05:24,482258;9,430808E-1;1,232313E-1;1,202590E-1;9,662271E-1;;
02/12/2021  12:05:24,482358;9,416175E-1;1,372488E-1;1,249980E-1;9,658985E-1;;
02/12/2021  12:05:24,482458;9,414744E-1;1,165411E-1;9,814378E-2;9,655463E-1;;
02/12/2021  12:05:24,482558;9,398353E-1;1,503106E-1;1,499566E-1;9,651704E-1;;
02/12/2021  12:05:24,482658;9,382140E-1;1,222756E-1;1,306848E-1;9,647706E-1;;
02/12/2021  12:05:24,482758;9,363602E-1;7,926728E-2;9,498445E-2;9,643465E-1;;
02/12/2021  12:05:24,482858;9,352009E-1;1,127182E-1;1,237343E-1;9,638979E-1;;
02/12/2021  12:05:24,482958;9,347330E-1;1,331073E-1;1,278414E-1;9,634244E-1;;
02/12/2021  12:05:24,483058;9,335200E-1;1,302401E-1;1,332122E-1;9,629258E-1;;
02/12/2021  12:05:24,483158;9,319226E-1;1,337445E-1;1,265777E-1;9,624019E-1;;
02/12/2021  12:05:24,483258;9,302625E-1;1,225942E-1;1,221546E-1;9,618526E-1;;
02/12/2021  12:05:24,483358;9,295085E-1;1,397975E-1;1,382671E-1;9,612777E-1;;
02/12/2021  12:05:24,483458;9,289751E-1;1,480806E-1;1,246821E-1;9,606773E-1;;
02/12/2021  12:05:24,483558;9,280959E-1;1,315144E-1;1,458495E-1;9,600513E-1;;
02/12/2021  12:05:24,483658;9,269842E-1;1,280100E-1;1,167838E-1;9,594001E-1;;
02/12/2021  12:05:24,483758;9,249934E-1;1,292843E-1;1,262617E-1;9,587238E-1;;
02/12/2021  12:05:24,483858;9,242036E-1;5,887816E-2;7,602853E-2;9,580227E-1;;
02/12/2021  12:05:24,483958;9,241410E-1;1,410718E-1;1,423743E-1;9,572972E-1;;
02/12/2021  12:05:24,484058;9,239026E-1;1,280100E-1;1,297370E-1;9,565478E-1;;
02/12/2021  12:05:24,484158;9,224422E-1;1,299215E-1;1,243661E-1;9,557750E-1;;
02/12/2021  12:05:24,484258;9,214617E-1;8,755036E-2;1,114129E-1;9,549798E-1;;
02/12/2021  12:05:24,484358;9,217329E-1;1,270543E-1;1,215227E-1;9,541628E-1;;
02/12/2021  12:05:24,484458;9,219475E-1;1,582751E-1;1,824976E-1;9,533251E-1;;
02/12/2021  12:05:24,484558;9,209133E-1;1,133553E-1;1,196272E-1;9,524679E-1;;
02/12/2021  12:05:24,484658;9,204037E-1;8,914326E-2;8,740209E-2;9,515924E-1;;
02/12/2021  12:05:24,484758;9,196795E-1;1,499920E-1;1,395309E-1;9,507000E-1;;
02/12/2021  12:05:24,484858;9,199418E-1;1,296029E-1;1,291051E-1;9,497921E-1;;
02/12/2021  12:05:24,484958;9,197182E-1;1,264171E-1;1,385831E-1;9,488703E-1;;
02/12/2021  12:05:24,485058;9,190387E-1;1,372488E-1;1,430061E-1;9,479359E-1;;
02/12/2021  12:05:24,485158;9,182072E-1;1,025236E-1;1,088855E-1;9,469908E-1;;
02/12/2021  12:05:24,485258;9,175069E-1;1,216384E-1;2,014535E-1;9,460364E-1;;
02/12/2021  12:05:24,485358;9,182490E-1;1,280100E-1;1,237343E-1;9,450743E-1;;
02/12/2021  12:05:24,485458;9,176440E-1;1,270543E-1;1,281573E-1;9,441061E-1;;
02/12/2021  12:05:24,485558;9,165502E-1;1,515849E-1;1,613302E-1;9,431334E-1;;
02/12/2021  12:05:24,485658;9,154534E-1;1,531778E-1;1,449017E-1;9,421578E-1;;
02/12/2021  12:05:24,485758;9,146428E-1;1,519035E-1;1,486929E-1;9,411806E-1;;
02/12/2021  12:05:24,485858;9,151018E-1;1,139925E-1;1,354238E-1;9,402032E-1;;
02/12/2021  12:05:24,485958;9,145206E-1;1,238685E-1;1,313166E-1;9,392268E-1;;
02/12/2021  12:05:24,486058;9,136295E-1;1,585937E-1;1,670170E-1;9,382526E-1;;
02/12/2021  12:05:24,486158;9,134030E-1;1,296029E-1;1,240502E-1;9,372819E-1;;
02/12/2021  12:05:24,486258;9,132182E-1;6,270112E-2;9,782784E-2;9,363159E-1;;
02/12/2021  12:05:24,486358;9,138202E-1;1,152668E-1;1,259458E-1;9,353557E-1;;
02/12/2021  12:05:24,486458;9,141779E-1;1,280100E-1;1,344760E-1;9,344025E-1;;
02/12/2021  12:05:24,486558;9,137964E-1;1,152668E-1;9,593225E-2;9,334578E-1;;
02/12/2021  12:05:24,486658;9,140438E-1;9,424054E-2;1,351078E-1;9,325228E-1;;
02/12/2021  12:05:24,486758;9,145653E-1;1,092138E-1;1,275255E-1;9,315990E-1;;
02/12/2021  12:05:24,486858;9,160137E-1;1,210013E-1;1,436380E-1;9,306877E-1;;
02/12/2021  12:05:24,486958;9,161836E-1;1,120810E-1;1,177316E-1;9,297906E-1;;
02/12/2021  12:05:24,487058;9,159094E-1;1,028422E-1;1,022509E-1;9,289092E-1;;
02/12/2021  12:05:24,487158;9,159780E-1;1,018865E-1;1,123607E-1;9,280452E-1;;
02/12/2021  12:05:24,487258;9,160733E-1;1,108067E-1;1,183634E-1;9,272000E-1;;
02/12/2021  12:05:24,487358;9,174979E-1;1,037979E-1;9,561632E-2;9,263750E-1;;
02/12/2021  12:05:24,487458;9,175486E-1;1,165411E-1;1,913437E-1;9,255715E-1;;
02/12/2021  12:05:24,487558;9,167797E-1;8,946184E-2;9,972343E-2;9,247911E-1;;
02/12/2021  12:05:24,487658;9,160942E-1;9,424054E-2;9,403666E-2;9,240347E-1;;
02/12/2021  12:05:24,487758;9,163326E-1;1,292843E-1;1,616461E-1;9,233035E-1;;
02/12/2021  12:05:24,487858;9,165889E-1;6,970988E-2;1,205749E-1;9,225981E-1;;
02/12/2021  12:05:24,487958;9,167976E-1;1,108067E-1;1,161519E-1;9,219192E-1;;
02/12/2021  12:05:24,488058;9,161776E-1;8,659462E-2;1,129926E-1;9,212674E-1;;
02/12/2021  12:05:24,488158;9,165681E-1;1,710183E-1;1,559593E-1;9,206431E-1;;
02/12/2021  12:05:24,488258;9,175039E-1;1,088952E-1;1,104651E-1;9,200467E-1;;
02/12/2021  12:05:24,488358;9,184933E-1;1,053908E-1;1,183634E-1;9,194786E-1;;
02/12/2021  12:05:24,488458;9,194172E-1;1,104881E-1;1,063580E-1;9,189392E-1;;
02/12/2021  12:05:24,488558;9,195096E-1;1,503106E-1;1,663851E-1;9,184291E-1;;
02/12/2021  12:05:24,488658;9,204931E-1;1,528593E-1;1,420583E-1;9,179487E-1;;
02/12/2021  12:05:24,488758;9,213425E-1;1,442576E-1;1,341600E-1;9,174986E-1;;
02/12/2021  12:05:24,488858;9,229996E-1;2,022392E-1;2,181979E-1;9,170794E-1;;
02/12/2021  12:05:24,488958;9,233781E-1;1,582751E-1;1,316326E-1;9,166915E-1;;
02/12/2021  12:05:24,489058;9,234228E-1;1,802571E-1;1,783905E-1;9,163355E-1;;
02/12/2021  12:05:24,489158;9,236165E-1;1,684697E-1;1,524841E-1;9,160121E-1;;
02/12/2021  12:05:24,489258;9,247311E-1;1,554079E-1;1,388990E-1;9,157214E-1;;
02/12/2021  12:05:24,489358;9,251484E-1;1,598680E-1;1,430061E-1;9,154637E-1;;
02/12/2021  12:05:24,489458;9,247222E-1;1,308772E-1;1,411105E-1;9,152391E-1;;
02/12/2021  12:05:24,489558;9,236433E-1;1,356559E-1;1,259458E-1;9,150476E-1;;
02/12/2021  12:05:24,489658;9,234347E-1;1,280100E-1;1,401627E-1;9,148888E-1;;
02/12/2021  12:05:24,489758;9,238787E-1;1,327887E-1;1,449017E-1;9,147621E-1;;
02/12/2021  12:05:24,489858;9,242662E-1;1,210013E-1;1,259458E-1;9,146667E-1;;
02/12/2021  12:05:24,489958;9,243854E-1;1,337445E-1;1,303688E-1;9,146018E-1;;
02/12/2021  12:05:24,490058;9,240099E-1;1,382046E-1;1,237343E-1;9,145665E-1;;
02/12/2021  12:05:24,490158;9,239890E-1;1,200455E-1;1,420583E-1;9,145597E-1;;
02/12/2021  12:05:24,490258;9,252199E-1;1,232313E-1;1,420583E-1;9,145805E-1;;
02/12/2021  12:05:24,490358;9,255149E-1;1,190898E-1;1,246821E-1;9,146278E-1;;
02/12/2021  12:05:24,490458;9,260484E-1;1,318330E-1;1,344760E-1;9,147006E-1;;
02/12/2021  12:05:24,490558;9,258577E-1;1,216384E-1;1,249980E-1;9,147978E-1;;
02/12/2021  12:05:24,490658;9,257742E-1;2,925022E-2;7,286922E-2;9,149186E-1;;
02/12/2021  12:05:24,490758;9,269783E-1;1,318330E-1;1,221546E-1;9,150617E-1;;
02/12/2021  12:05:24,490858;9,287545E-1;1,178155E-1;1,287892E-1;9,152263E-1;;
02/12/2021  12:05:24,490958;9,286770E-1;1,235499E-1;1,344760E-1;9,154115E-1;;
02/12/2021  12:05:24,491058;9,289780E-1;1,340630E-1;1,376353E-1;9,156165E-1;;
02/12/2021  12:05:24,491158;9,300033E-1;1,139925E-1;1,237343E-1;9,158407E-1;;
02/12/2021  12:05:24,491258;9,322266E-1;1,111253E-1;1,170997E-1;9,160833E-1;;
02/12/2021  12:05:24,491358;9,332488E-1;1,334259E-1;1,297370E-1;9,163440E-1;;
02/12/2021  12:05:24,491458;9,338806E-1;1,331073E-1;1,205749E-1;9,166224E-1;;
02/12/2021  12:05:24,491558;9,334485E-1;1,190898E-1;1,338441E-1;9,169184E-1;;
02/12/2021  12:05:24,491658;9,345065E-1;1,375674E-1;1,376353E-1;9,172316E-1;;
02/12/2021  12:05:24,491758;9,356867E-1;1,238685E-1;1,189953E-1;9,175617E-1;;
02/12/2021  12:05:24,491858;9,362112E-1;7,831154E-2;1,038306E-1;9,179083E-1;;
02/12/2021  12:05:24,491958;9,374570E-1;1,123996E-1;1,148882E-1;9,182712E-1;;
02/12/2021  12:05:24,492058;9,369205E-1;1,190898E-1;1,259458E-1;9,186500E-1;;
02/12/2021  12:05:24,492158;9,376716E-1;1,353374E-1;1,322644E-1;9,190445E-1;;
02/12/2021  12:05:24,492258;9,389114E-1;9,742634E-2;7,981972E-2;9,194542E-1;;
02/12/2021  12:05:24,492358;9,392720E-1;1,092138E-1;9,782784E-2;9,198787E-1;;
02/12/2021  12:05:24,492458;9,393465E-1;1,232313E-1;1,253139E-1;9,203177E-1;;
02/12/2021  12:05:24,492558;9,391021E-1;1,264171E-1;1,287892E-1;9,207705E-1;;
02/12/2021  12:05:24,492658;9,401631E-1;1,420275E-1;1,313166E-1;9,212366E-1;;
02/12/2021  12:05:24,492758;9,407830E-1;1,168597E-1;1,240502E-1;9,217153E-1;;
02/12/2021  12:05:24,492858;9,410274E-1;1,085766E-1;1,095173E-1;9,222061E-1;;
02/12/2021  12:05:24,492958;9,412837E-1;1,159040E-1;1,300529E-1;9,227082E-1;;
02/12/2021  12:05:24,493058;9,404909E-1;1,140974E-2;7,634447E-2;9,232208E-1;;
02/12/2021  12:05:24,493158;9,419572E-1;3,371034E-2;5,486109E-2;9,237433E-1;;
02/12/2021  12:05:24,493258;9,437067E-1;1,566822E-1;1,929234E-1;9,242747E-1;;
02/12/2021  12:05:24,493358;9,440792E-1;9,455912E-2;1,205749E-1;9,248144E-1;;
02/12/2021  12:05:24,493458;9,440882E-1;1,417090E-1;1,480610E-1;9,253619E-1;;
02/12/2021  12:05:24,493558;9,445024E-1;1,296029E-1;1,284732E-1;9,259166E-1;;
02/12/2021  12:05:24,493658;9,456618E-1;9,933782E-2;1,123607E-1;9,264779E-1;;
02/12/2021  12:05:24,493758;9,461714E-1;1,037979E-1;1,136244E-1;9,270454E-1;;
02/12/2021  12:05:24,493858;9,473844E-1;1,324701E-1;1,328963E-1;9,276185E-1;;
02/12/2021  12:05:24,493958;9,475811E-1;1,216384E-1;1,294210E-1;9,281968E-1;;
02/12/2021  12:05:24,494058;9,475691E-1;1,219570E-1;1,281573E-1;9,287800E-1;;
02/12/2021  12:05:24,494158;9,491219E-1;1,203641E-1;1,088855E-1;9,293677E-1;;
02/12/2021  12:05:24,494258;9,498580E-1;1,356559E-1;1,322644E-1;9,299594E-1;;
02/12/2021  12:05:24,494358;9,497060E-1;1,292843E-1;1,373193E-1;9,305549E-1;;
02/12/2021  12:05:24,494458;9,497328E-1;1,108067E-1;1,183634E-1;9,311539E-1;;
02/12/2021  12:05:24,494558;9,493335E-1;9,041758E-2;1,196272E-1;9,317558E-1;;
02/12/2021  12:05:24,494658;9,507670E-1;1,873708E-2;5,865227E-2;9,323602E-1;;
02/12/2021  12:05:24,494758;9,513511E-1;1,305587E-1;1,306848E-1;9,329664E-1;;
02/12/2021  12:05:24,494858;9,512379E-1;1,254614E-1;1,221546E-1;9,335741E-1;;
02/12/2021  12:05:24,494958;9,514108E-1;1,041165E-1;1,221546E-1;9,341827E-1;;
02/12/2021  12:05:24,495058;9,518131E-1;1,238685E-1;1,319485E-1;9,347916E-1;;
02/12/2021  12:05:24,495158;9,523853E-1;1,251428E-1;1,347919E-1;9,354004E-1;;
02/12/2021  12:05:24,495258;9,536519E-1;1,213198E-1;1,231024E-1;9,360085E-1;;
02/12/2021  12:05:24,495358;9,537086E-1;1,168597E-1;1,265777E-1;9,366155E-1;;
02/12/2021  12:05:24,495458;9,531513E-1;1,232313E-1;1,392149E-1;9,372210E-1;;
02/12/2021  12:05:24,495558;9,540066E-1;1,382046E-1;1,300529E-1;9,378246E-1;;
02/12/2021  12:05:24,495658;9,547398E-1;1,480806E-1;1,404787E-1;9,384258E-1;;
02/12/2021  12:05:24,495758;9,554014E-1;1,178155E-1;1,319485E-1;9,390243E-1;;
02/12/2021  12:05:24,495858;9,556547E-1;1,187712E-1;1,287892E-1;9,396196E-1;;
02/12/2021  12:05:24,495958;9,554282E-1;1,299215E-1;1,385831E-1;9,402115E-1;;
02/12/2021  12:05:24,496058;9,559527E-1;1,324701E-1;1,287892E-1;9,407997E-1;;
02/12/2021  12:05:24,496158;9,571150E-1;1,257800E-1;1,287892E-1;9,413839E-1;;
02/12/2021  12:05:24,496258;9,575502E-1;1,219570E-1;1,180475E-1;9,419636E-1;;
02/12/2021  12:05:24,496358;9,575204E-1;1,216384E-1;1,158360E-1;9,425389E-1;;
02/12/2021  12:05:24,496458;9,563968E-1;1,136739E-1;1,177316E-1;9,431095E-1;;
02/12/2021  12:05:24,496558;9,571687E-1;9,870066E-2;1,164678E-1;9,436750E-1;;
02/12/2021  12:05:24,496658;9,578601E-1;1,283286E-1;1,452176E-1;9,442350E-1;;
02/12/2021  12:05:24,496758;9,577022E-1;1,025236E-1;1,098333E-1;9,447891E-1;;
02/12/2021  12:05:24,496858;9,567306E-1;1,194084E-1;1,294210E-1;9,453369E-1;;
02/12/2021  12:05:24,496958;9,561941E-1;6,206396E-2;8,108345E-2;9,458781E-1;;
02/12/2021  12:05:24,497058;9,570554E-1;1,582751E-1;1,189953E-1;9,464118E-1;;
02/12/2021  12:05:24,497158;9,581224E-1;1,053908E-1;1,069899E-1;9,469375E-1;;
02/12/2021  12:05:24,497258;9,580389E-1;1,194084E-1;1,117289E-1;9,474549E-1;;
02/12/2021  12:05:24,497358;9,576485E-1;1,589123E-1;1,834454E-1;9,479635E-1;;
02/12/2021  12:05:24,497458;9,574578E-1;1,315144E-1;1,278414E-1;9,484629E-1;;
02/12/2021  12:05:24,497558;9,581045E-1;1,229127E-1;1,117289E-1;9,489527E-1;;
02/12/2021  12:05:24,497658;9,583042E-1;1,362931E-1;1,663851E-1;9,494326E-1;;
02/12/2021  12:05:24,497758;9,585098E-1;1,420275E-1;1,316326E-1;9,499023E-1;;
02/12/2021  12:05:24,497858;9,583221E-1;1,267357E-1;1,351078E-1;9,503615E-1;;
02/12/2021  12:05:24,497958;9,576843E-1;1,280100E-1;1,259458E-1;9,508099E-1;;
02/12/2021  12:05:24,498058;9,588466E-1;1,286472E-1;1,332122E-1;9,512473E-1;;
02/12/2021  12:05:24,498158;9,589032E-1;1,101695E-1;1,363715E-1;9,516735E-1;;
02/12/2021  12:05:24,498258;9,591685E-1;1,372488E-1;1,404787E-1;9,520882E-1;;
02/12/2021  12:05:24,498358;9,579227E-1;1,194084E-1;1,082536E-1;9,524914E-1;;
02/12/2021  12:05:24,498458;9,579436E-1;2,162567E-1;2,238847E-1;9,528829E-1;;
02/12/2021  12:05:24,498558;9,594009E-1;1,283286E-1;1,486929E-1;9,532626E-1;;
02/12/2021  12:05:24,498658;9,599642E-1;1,378860E-1;1,344760E-1;9,536302E-1;;
02/12/2021  12:05:24,498758;9,592072E-1;1,305587E-1;1,278414E-1;9,539859E-1;;
02/12/2021  12:05:24,498858;9,586976E-1;1,276914E-1;1,095173E-1;9,543298E-1;;
02/12/2021  12:05:24,498958;9,580956E-1;1,238685E-1;1,126766E-1;9,546619E-1;;
02/12/2021  12:05:24,499058;9,584860E-1;1,350188E-1;1,540637E-1;9,549819E-1;;
02/12/2021  12:05:24,499158;9,588377E-1;1,382046E-1;1,300529E-1;9,552898E-1;;
02/12/2021  12:05:24,499258;9,583131E-1;1,159040E-1;1,360556E-1;9,555856E-1;;
02/12/2021  12:05:24,499358;9,575949E-1;1,283286E-1;1,287892E-1;9,558691E-1;;
02/12/2021  12:05:24,499458;9,566740E-1;1,159040E-1;1,303688E-1;9,561402E-1;;
02/12/2021  12:05:24,499558;9,571180E-1;1,216384E-1;1,126766E-1;9,563987E-1;;
02/12/2021  12:05:24,499658;9,574101E-1;1,155854E-1;1,237343E-1;9,566444E-1;;
02/12/2021  12:05:24,499758;9,560898E-1;9,901924E-2;1,287892E-1;9,568770E-1;;
02/12/2021  12:05:24,499858;9,559647E-1;1,146297E-1;1,325804E-1;9,570963E-1;;
02/12/2021  12:05:24,499958;9,552732E-1;1,111253E-1;1,224705E-1;9,573021E-1;;
02/12/2021  12:05:24,500058;9,555504E-1;1,350188E-1;1,496407E-1;9,574941E-1;;
02/12/2021  12:05:24,500158;9,553507E-1;1,076209E-1;1,202590E-1;9,576720E-1;;
02/12/2021  12:05:24,500258;9,545639E-1;1,082581E-1;1,088855E-1;9,578357E-1;;
02/12/2021  12:05:24,500358;9,537980E-1;1,047537E-1;1,335282E-1;9,579850E-1;;
02/12/2021  12:05:24,500458;9,534493E-1;1,267357E-1;1,404787E-1;9,581196E-1;;
02/12/2021  12:05:24,500558;9,533778E-1;-3,382862E-2;5,991600E-2;9,582391E-1;;
02/12/2021  12:05:24,500658;9,532854E-1;8,563888E-2;1,088855E-1;9,583435E-1;;
02/12/2021  12:05:24,500758;9,523466E-1;9,933782E-2;9,530039E-2;9,584326E-1;;
02/12/2021  12:05:24,500858;9,511992E-1;8,659462E-2;9,340479E-2;9,585061E-1;;
02/12/2021  12:05:24,500958;9,517028E-1;9,806350E-2;1,133085E-1;9,585638E-1;;
02/12/2021  12:05:24,501058;9,519204E-1;1,057094E-1;1,158360E-1;9,586056E-1;;
02/12/2021  12:05:24,501158;9,510442E-1;1,159040E-1;1,486929E-1;9,586314E-1;;
02/12/2021  12:05:24,501258;9,504809E-1;1,369303E-1;1,404787E-1;9,586412E-1;;
02/12/2021  12:05:24,501358;9,492202E-1;1,095324E-1;1,275255E-1;9,586350E-1;;
02/12/2021  12:05:24,501458;9,481980E-1;1,152668E-1;1,584868E-1;9,586127E-1;;
02/12/2021  12:05:24,501558;9,485318E-1;1,477620E-1;1,199431E-1;9,585740E-1;;
02/12/2021  12:05:24,501658;9,470744E-1;1,624167E-1;1,512204E-1;9,585188E-1;;
02/12/2021  12:05:24,501758;9,462727E-1;1,732484E-1;1,515363E-1;9,584470E-1;;
02/12/2021  12:05:24,501858;9,454978E-1;1,831244E-1;1,581709E-1;9,583582E-1;;
02/12/2021  12:05:24,501958;9,455247E-1;1,942747E-1;1,859729E-1;9,582522E-1;;
02/12/2021  12:05:24,502058;9,453041E-1;1,729298E-1;1,815498E-1;9,581290E-1;;
02/12/2021  12:05:24,502158;9,443802E-1;1,697440E-1;1,559593E-1;9,579884E-1;;
02/12/2021  12:05:24,502258;9,440911E-1;1,656025E-1;1,714400E-1;9,578304E-1;;
02/12/2021  12:05:24,502358;9,426427E-1;1,426647E-1;1,354238E-1;9,576551E-1;;
02/12/2021  12:05:24,502458;9,430898E-1;1,238685E-1;1,265777E-1;9,574625E-1;;
02/12/2021  12:05:24,502558;9,432894E-1;1,452133E-1;1,613302E-1;9,572526E-1;;
02/12/2021  12:05:24,502658;9,425593E-1;1,426647E-1;1,287892E-1;9,570258E-1;;
02/12/2021  12:05:24,502758;9,417963E-1;1,159040E-1;1,341600E-1;9,567824E-1;;
02/12/2021  12:05:24,502858;9,413224E-1;1,130368E-1;1,180475E-1;9,565227E-1;;
02/12/2021  12:05:24,502958;9,414059E-1;8,946184E-2;1,028828E-1;9,562471E-1;;
02/12/2021  12:05:24,503058;9,414834E-1;1,413904E-1;1,436380E-1;9,559560E-1;;
02/12/2021  12:05:24,503158;9,405535E-1;1,366117E-1;1,284732E-1;9,556499E-1;;
02/12/2021  12:05:24,503258;9,397131E-1;1,299215E-1;1,205749E-1;9,553295E-1;;
02/12/2021  12:05:24,503358;9,378236E-1;1,650702E-2;8,361090E-2;9,549951E-1;;
02/12/2021  12:05:24,503458;9,375285E-1;1,436204E-1;1,682807E-1;9,546472E-1;;
02/12/2021  12:05:24,503558;9,367447E-1;1,216384E-1;1,265777E-1;9,542859E-1;;
02/12/2021  12:05:24,503658;9,360741E-1;1,229127E-1;1,227865E-1;9,539114E-1;;
02/12/2021  12:05:24,503758;9,343336E-1;1,130368E-1;1,114129E-1;9,535239E-1;;
02/12/2021  12:05:24,503858;9,340416E-1;1,483991E-1;1,458495E-1;9,531235E-1;;
02/12/2021  12:05:24,503958;9,345482E-1;1,410718E-1;1,360556E-1;9,527104E-1;;
02/12/2021  12:05:24,504058;9,342621E-1;1,455319E-1;1,401627E-1;9,522847E-1;;
02/12/2021  12:05:24,504158;9,328942E-1;1,197269E-1;1,259458E-1;9,518468E-1;;
02/12/2021  12:05:24,504258;9,317557E-1;1,270543E-1;1,341600E-1;9,513971E-1;;
02/12/2021  12:05:24,504358;9,316275E-1;1,448948E-1;1,430061E-1;9,509358E-1;;
02/12/2021  12:05:24,504458;9,323488E-1;1,241871E-1;1,202590E-1;9,504633E-1;;
02/12/2021  12:05:24,504558;9,319345E-1;1,136739E-1;1,129926E-1;9,499800E-1;;
02/12/2021  12:05:24,504658;9,312878E-1;1,181340E-1;1,224705E-1;9,494864E-1;;
02/12/2021  12:05:24,504758;9,305695E-1;1,531778E-1;1,531159E-1;9,489834E-1;;
02/12/2021  12:05:24,504858;9,309212E-1;1,130368E-1;1,177316E-1;9,484713E-1;;
02/12/2021  12:05:24,504958;9,315947E-1;1,254614E-1;1,388990E-1;9,479511E-1;;
02/12/2021  12:05:24,505058;9,308377E-1;1,194084E-1;1,231024E-1;9,474234E-1;;
02/12/2021  12:05:24,505158;9,306053E-1;1,305587E-1;1,313166E-1;9,468893E-1;;
02/12/2021  12:05:24,505258;9,290764E-1;1,044351E-1;8,550650E-2;9,463496E-1;;
02/12/2021  12:05:24,505358;9,287515E-1;1,436204E-1;1,322644E-1;9,458051E-1;;
02/12/2021  12:05:24,505458;9,290823E-1;1,550893E-1;1,689125E-1;9,452564E-1;;
02/12/2021  12:05:24,505558;9,287724E-1;1,356559E-1;1,366875E-1;9,447041E-1;;
02/12/2021  12:05:24,505658;9,281853E-1;1,458505E-1;1,417424E-1;9,441492E-1;;
02/12/2021  12:05:24,505758;9,271928E-1;1,241871E-1;1,275255E-1;9,435922E-1;;
02/12/2021  12:05:24,505858;9,269604E-1;1,037979E-1;1,019350E-1;9,430337E-1;;
02/12/2021  12:05:24,505958;9,278455E-1;1,241871E-1;1,208909E-1;9,424744E-1;;
02/12/2021  12:05:24,506058;9,275207E-1;1,337445E-1;1,170997E-1;9,419149E-1;;
02/12/2021  12:05:24,506158;9,267130E-1;1,442576E-1;1,392149E-1;9,413560E-1;;
02/12/2021  12:05:24,506258;9,263047E-1;1,168597E-1;1,218387E-1;9,407983E-1;;
02/12/2021  12:05:24,506358;9,263196E-1;1,104881E-1;9,909157E-2;9,402425E-1;;
02/12/2021  12:05:24,506458;9,271452E-1;1,359745E-1;1,253139E-1;9,396892E-1;;
02/12/2021  12:05:24,506558;9,273389E-1;1,194084E-1;1,095173E-1;9,391391E-1;;
02/12/2021  12:05:24,506658;9,273389E-1;1,270543E-1;1,253139E-1;9,385931E-1;;
02/12/2021  12:05:24,506758;9,272197E-1;1,216384E-1;1,164678E-1;9,380520E-1;;
02/12/2021  12:05:24,506858;9,272256E-1;1,356559E-1;1,360556E-1;9,375167E-1;;
02/12/2021  12:05:24,506958;9,277680E-1;1,375674E-1;1,474292E-1;9,369881E-1;;
02/12/2021  12:05:24,507058;9,280482E-1;1,366117E-1;1,316326E-1;9,364669E-1;;
02/12/2021  12:05:24,507158;9,268620E-1;1,171783E-1;1,019350E-1;9,359541E-1;;
02/12/2021  12:05:24,507258;9,256192E-1;-1,503240E-2;7,792413E-2;9,354505E-1;;
02/12/2021  12:05:24,507358;9,264746E-1;1,423461E-1;1,445858E-1;9,349564E-1;;
02/12/2021  12:05:24,507458;9,260991E-1;1,302401E-1;1,300529E-1;9,344725E-1;;
02/12/2021  12:05:24,507558;9,260573E-1;1,296029E-1;1,259458E-1;9,339989E-1;;
02/12/2021  12:05:24,507658;9,247102E-1;1,047537E-1;1,035146E-1;9,335362E-1;;
02/12/2021  12:05:24,507758;9,236046E-1;1,477620E-1;1,673329E-1;9,330845E-1;;
02/12/2021  12:05:24,507858;9,241976E-1;1,483991E-1;1,600664E-1;9,326437E-1;;
02/12/2021  12:05:24,507958;9,242155E-1;1,245056E-1;1,265777E-1;9,322137E-1;;
02/12/2021  12:05:24,508058;9,242662E-1;1,296029E-1;1,407946E-1;9,317947E-1;;
02/12/2021  12:05:24,508158;9,233006E-1;1,362931E-1;1,325804E-1;9,313864E-1;;
02/12/2021  12:05:24,508258;9,227731E-1;1,410718E-1;1,360556E-1;9,309890E-1;;
02/12/2021  12:05:24,508358;9,236522E-1;1,053908E-1;8,992954E-2;9,306020E-1;;
02/12/2021  12:05:24,508458;9,237923E-1;1,321516E-1;1,300529E-1;9,302256E-1;;
02/12/2021  12:05:24,508558;9,237804E-1;1,257800E-1;1,376353E-1;9,298596E-1;;
02/12/2021  12:05:24,508658;9,242304E-1;1,270543E-1;1,332122E-1;9,295040E-1;;
02/12/2021  12:05:24,508758;9,238042E-1;1,197269E-1;1,221546E-1;9,291590E-1;;
02/12/2021  12:05:24,508858;9,247371E-1;1,362931E-1;1,509044E-1;9,288245E-1;;
02/12/2021  12:05:24,508958;9,252139E-1;1,257800E-1;1,234183E-1;9,285009E-1;;
02/12/2021  12:05:24,509058;9,252854E-1;1,127182E-1;1,092014E-1;9,281883E-1;;
02/12/2021  12:05:24,509158;9,242334E-1;1,375674E-1;1,442698E-1;9,278869E-1;;
02/12/2021  12:05:24,509258;9,242155E-1;1,273729E-1;1,259458E-1;9,275969E-1;;
02/12/2021  12:05:24,509358;9,247520E-1;9,838208E-2;9,719598E-2;9,273184E-1;;
02/12/2021  12:05:24,509458;9,255894E-1;1,101695E-1;1,174156E-1;9,270514E-1;;
02/12/2021  12:05:24,509558;9,259560E-1;1,238685E-1;1,177316E-1;9,267960E-1;;
02/12/2021  12:05:24,509658;9,253480E-1;1,280100E-1;1,411105E-1;9,265524E-1;;
02/12/2021  12:05:24,509758;9,254762E-1;1,053908E-1;1,183634E-1;9,263209E-1;;
02/12/2021  12:05:24,509858;9,265372E-1;6,843556E-2;5,644075E-2;9,261014E-1;;
02/12/2021  12:05:24,509958;9,270945E-1;1,292843E-1;1,107811E-1;9,258943E-1;;
02/12/2021  12:05:24,510058;9,262958E-1;1,260985E-1;1,272095E-1;9,256996E-1;;
02/12/2021  12:05:24,510158;9,260246E-1;1,235499E-1;1,256299E-1;9,255176E-1;;
02/12/2021  12:05:24,510258;9,264656E-1;8,022302E-2;8,677022E-2;9,253483E-1;;
02/12/2021  12:05:24,510358;9,269604E-1;1,385232E-1;1,430061E-1;9,251916E-1;;
02/12/2021  12:05:24,510458;9,269425E-1;1,018865E-1;1,152041E-1;9,250476E-1;;
02/12/2021  12:05:24,510558;9,268978E-1;1,219570E-1;1,224705E-1;9,249162E-1;;
02/12/2021  12:05:24,510658;9,266176E-1;1,321516E-1;1,300529E-1;9,247973E-1;;
02/12/2021  12:05:24,510758;9,276190E-1;1,464877E-1;1,578549E-1;9,246909E-1;;
02/12/2021  12:05:24,510858;9,284863E-1;1,302401E-1;1,291051E-1;9,245968E-1;;
02/12/2021  12:05:24,510958;9,286472E-1;1,331073E-1;1,272095E-1;9,245151E-1;;
02/12/2021  12:05:24,511058;9,282747E-1;1,299215E-1;1,423743E-1;9,244457E-1;;
02/12/2021  12:05:24,511158;9,275773E-1;1,009307E-1;1,199431E-1;9,243887E-1;;
02/12/2021  12:05:24,511258;9,278366E-1;1,235499E-1;1,227865E-1;9,243439E-1;;
02/12/2021  12:05:24,511358;9,282687E-1;1,318330E-1;1,382671E-1;9,243109E-1;;
02/12/2021  12:05:24,511458;9,283790E-1;1,305587E-1;1,243661E-1;9,242894E-1;;
02/12/2021  12:05:24,511558;9,286234E-1;1,216384E-1;1,347919E-1;9,242793E-1;;
02/12/2021  12:05:24,511658;9,278992E-1;1,359745E-1;1,344760E-1;9,242802E-1;;
02/12/2021  12:05:24,511758;9,288201E-1;1,280100E-1;1,193112E-1;9,242917E-1;;
02/12/2021  12:05:24,511858;9,292552E-1;1,194084E-1;1,221546E-1;9,243135E-1;;
02/12/2021  12:05:24,511958;9,285906E-1;1,168597E-1;1,164678E-1;9,243452E-1;;
02/12/2021  12:05:24,512058;9,286442E-1;1,037979E-1;1,152041E-1;9,243865E-1;;
02/12/2021  12:05:24,512158;9,279826E-1;1,442576E-1;1,297370E-1;9,244370E-1;;
02/12/2021  12:05:24,512258;9,288529E-1;1,292843E-1;1,572231E-1;9,244962E-1;;
02/12/2021  12:05:24,512358;9,298930E-1;1,130368E-1;1,142563E-1;9,245635E-1;;
02/12/2021  12:05:24,512458;9,301851E-1;1,159040E-1;1,177316E-1;9,246386E-1;;
02/12/2021  12:05:24,512558;9,293506E-1;1,006121E-1;1,152041E-1;9,247212E-1;;
02/12/2021  12:05:24,512658;9,300062E-1;1,079395E-1;1,139404E-1;9,248110E-1;;
02/12/2021  12:05:24,512758;9,315292E-1;8,914326E-2;1,050943E-1;9,249078E-1;;
02/12/2021  12:05:24,512858;9,323011E-1;8,309024E-2;9,530039E-2;9,250114E-1;;
02/12/2021  12:05:24,512958;9,326229E-1;9,328480E-2;1,120448E-1;9,251217E-1;;
02/12/2021  12:05:24,513058;9,331475E-1;1,139925E-1;1,221546E-1;9,252389E-1;;
02/12/2021  12:05:24,513158;9,330849E-1;1,047537E-1;9,909157E-2;9,253631E-1;;
02/12/2021  12:05:24,513258;9,344052E-1;8,723178E-2;1,035146E-1;9,254944E-1;;
02/12/2021  12:05:24,513358;9,357850E-1;9,424054E-2;1,114129E-1;9,256329E-1;;
02/12/2021  12:05:24,513458;9,357284E-1;9,901924E-2;1,189953E-1;9,257790E-1;;
02/12/2021  12:05:24,513558;9,352039E-1;9,360338E-2;1,262617E-1;9,259330E-1;;
02/12/2021  12:05:24,513658;9,365987E-1;6,843556E-2;9,561632E-2;9,260950E-1;;
02/12/2021  12:05:24,513758;9,378265E-1;9,137332E-2;9,940750E-2;9,262653E-1;;
02/12/2021  12:05:24,513858;9,387415E-1;1,111253E-1;1,193112E-1;9,264442E-1;;
02/12/2021  12:05:24,513958;9,392422E-1;8,755036E-2;1,022509E-1;9,266321E-1;;
02/12/2021  12:05:24,514058;9,389084E-1;6,779840E-2;7,128955E-2;9,268295E-1;;
02/12/2021  12:05:24,514158;9,392631E-1;9,838208E-2;1,152041E-1;9,270365E-1;;
02/12/2021  12:05:24,514258;9,409618E-1;1,203641E-1;1,594346E-1;9,272535E-1;;
02/12/2021  12:05:24,514358;9,412658E-1;1,241871E-1;1,414265E-1;9,274807E-1;;
02/12/2021  12:05:24,514458;9,417665E-1;1,229127E-1;1,281573E-1;9,277183E-1;;
02/12/2021  12:05:24,514558;9,417695E-1;1,372488E-1;1,297370E-1;9,279666E-1;;
02/12/2021  12:05:24,514658;9,428543E-1;1,337445E-1;1,291051E-1;9,282257E-1;;
02/12/2021  12:05:24,514758;9,441478E-1;1,563636E-1;1,310007E-1;9,284958E-1;;
02/12/2021  12:05:24,514858;9,441954E-1;1,547707E-1;1,155200E-1;9,287772E-1;;
02/12/2021  12:05:24,514958;9,444398E-1;1,512664E-1;1,376353E-1;9,290699E-1;;
02/12/2021  12:05:24,515058;9,438050E-1;1,585937E-1;1,455336E-1;9,293740E-1;;
02/12/2021  12:05:24,515158;9,447110E-1;1,614609E-1;1,332122E-1;9,296895E-1;;
02/12/2021  12:05:24,515258;9,453905E-1;1,308772E-1;1,152041E-1;9,300161E-1;;
02/12/2021  12:05:24,515358;9,464933E-1;1,210013E-1;1,145722E-1;9,303536E-1;;
02/12/2021  12:05:24,515458;9,463919E-1;1,292843E-1;1,347919E-1;9,307018E-1;;
02/12/2021  12:05:24,515558;9,460820E-1;1,200455E-1;1,170997E-1;9,310607E-1;;
02/12/2021  12:05:24,515658;9,467436E-1;1,417090E-1;1,417424E-1;9,314299E-1;;
02/12/2021  12:05:24,515758;9,477658E-1;1,238685E-1;1,474292E-1;9,318089E-1;;
02/12/2021  12:05:24,515858;9,479953E-1;1,200455E-1;1,240502E-1;9,321976E-1;;
02/12/2021  12:05:24,515958;9,478433E-1;1,216384E-1;1,013031E-1;9,325954E-1;;
02/12/2021  12:05:24,516058;9,482367E-1;1,483991E-1;1,439539E-1;9,330020E-1;;
02/12/2021  12:05:24,516158;9,492709E-1;1,369303E-1;1,294210E-1;9,334170E-1;;
02/12/2021  12:05:24,516258;9,499117E-1;1,200455E-1;1,221546E-1;9,338398E-1;;
02/12/2021  12:05:24,516358;9,503587E-1;1,120810E-1;1,189953E-1;9,342702E-1;;
02/12/2021  12:05:24,516458;9,498521E-1;1,292843E-1;1,237343E-1;9,347078E-1;;
02/12/2021  12:05:24,516558;9,501590E-1;1,031608E-1;1,050943E-1;9,351521E-1;;
02/12/2021  12:05:24,516658;9,513929E-1;1,053908E-1;1,670170E-1;9,356025E-1;;
02/12/2021  12:05:24,516758;9,516492E-1;9,455912E-2;1,066739E-1;9,360587E-1;;
02/12/2021  12:05:24,516858;9,515300E-1;1,114439E-1;1,376353E-1;9,365201E-1;;
02/12/2021  12:05:24,516958;9,512468E-1;1,362931E-1;1,335282E-1;9,369863E-1;;
02/12/2021  12:05:24,517058;9,513392E-1;1,413904E-1;1,600664E-1;9,374567E-1;;
02/12/2021  12:05:24,517158;9,516730E-1;1,178155E-1;1,123607E-1;9,379305E-1;;
02/12/2021  12:05:24,517258;9,517684E-1;1,283286E-1;1,316326E-1;9,384071E-1;;
02/12/2021  12:05:24,517358;9,521528E-1;1,528593E-1;1,603824E-1;9,388858E-1;;
02/12/2021  12:05:24,517458;9,518667E-1;1,197269E-1;1,265777E-1;9,393659E-1;;
02/12/2021  12:05:24,517558;9,521320E-1;1,139925E-1;1,177316E-1;9,398466E-1;;
02/12/2021  12:05:24,517658;9,533480E-1;1,394789E-1;1,499566E-1;9,403273E-1;;
02/12/2021  12:05:24,517758;9,534880E-1;1,296029E-1;1,363715E-1;9,408072E-1;;
02/12/2021  12:05:24,517858;9,536013E-1;1,296029E-1;1,152041E-1;9,412860E-1;;
02/12/2021  12:05:24,517958;9,531870E-1;1,369303E-1;1,521681E-1;9,417631E-1;;
02/12/2021  12:05:24,518058;9,534552E-1;1,347002E-1;1,316326E-1;9,422379E-1;;
02/12/2021  12:05:24,518158;9,547398E-1;5,919674E-2;8,076751E-2;9,427099E-1;;
02/12/2021  12:05:24,518258;9,544834E-1;1,350188E-1;1,385831E-1;9,431786E-1;;
02/12/2021  12:05:24,518358;9,543911E-1;1,267357E-1;1,158360E-1;9,436435E-1;;
02/12/2021  12:05:24,518458;9,546891E-1;1,206827E-1;1,262617E-1;9,441043E-1;;
02/12/2021  12:05:24,518558;9,550259E-1;1,241871E-1;1,284732E-1;9,445606E-1;;
02/12/2021  12:05:24,518658;9,560898E-1;2,064856E-2;4,791059E-2;9,450119E-1;;
02/12/2021  12:05:24,518758;9,560153E-1;1,394789E-1;1,600664E-1;9,454580E-1;;
02/12/2021  12:05:24,518858;9,559498E-1;1,159040E-1;1,256299E-1;9,458987E-1;;
02/12/2021  12:05:24,518958;9,552226E-1;1,168597E-1;1,114129E-1;9,463337E-1;;
02/12/2021  12:05:24,519058;9,553179E-1;1,251428E-1;1,351078E-1;9,467627E-1;;
02/12/2021  12:05:24,519158;9,558752E-1;1,260985E-1;1,328963E-1;9,471854E-1;;
02/12/2021  12:05:24,519258;9,556577E-1;1,305587E-1;1,338441E-1;9,476012E-1;;
02/12/2021  12:05:24,519358;9,554222E-1;1,264171E-1;1,253139E-1;9,480099E-1;;
02/12/2021  12:05:24,519458;9,551749E-1;1,280100E-1;1,224705E-1;9,484111E-1;;
02/12/2021  12:05:24,519558;9,559050E-1;2,261327E-1;2,166183E-1;9,488043E-1;;
02/12/2021  12:05:24,519658;9,554967E-1;1,257800E-1;1,272095E-1;9,491892E-1;;
02/12/2021  12:05:24,519758;9,552613E-1;1,283286E-1;1,142563E-1;9,495655E-1;;
02/12/2021  12:05:24,519858;9,544060E-1;1,327887E-1;1,442698E-1;9,499328E-1;;
02/12/2021  12:05:24,519958;9,542540E-1;1,401161E-1;1,411105E-1;9,502906E-1;;
02/12/2021  12:05:24,520058;9,548739E-1;1,321516E-1;1,310007E-1;9,506383E-1;;
02/12/2021  12:05:24,520158;9,547547E-1;1,404346E-1;1,616461E-1;9,509757E-1;;
02/12/2021  12:05:24,520258;9,547040E-1;1,235499E-1;1,262617E-1;9,513022E-1;;
02/12/2021  12:05:24,520358;9,542569E-1;1,340630E-1;1,464814E-1;9,516176E-1;;
02/12/2021  12:05:24,520458;9,543940E-1;1,305587E-1;1,284732E-1;9,519215E-1;;
02/12/2021  12:05:24,520558;9,550974E-1;1,337445E-1;1,328963E-1;9,522138E-1;;
02/12/2021  12:05:24,520658;9,559527E-1;1,257800E-1;1,338441E-1;9,524942E-1;;
02/12/2021  12:05:24,520758;9,553418E-1;1,359745E-1;1,322644E-1;9,527628E-1;;
02/12/2021  12:05:24,520858;9,553358E-1;1,445762E-1;1,328963E-1;9,530196E-1;;
02/12/2021  12:05:24,520958;9,554789E-1;9,296622E-2;6,149566E-2;9,532647E-1;;
02/12/2021  12:05:24,521058;9,561763E-1;1,452133E-1;1,651214E-1;9,534983E-1;;
02/12/2021  12:05:24,521158;9,562865E-1;1,200455E-1;1,253139E-1;9,537205E-1;;
02/12/2021  12:05:24,521258;9,561882E-1;1,296029E-1;1,316326E-1;9,539317E-1;;
02/12/2021  12:05:24,521358;9,556666E-1;1,327887E-1;1,272095E-1;9,541320E-1;;
02/12/2021  12:05:24,521458;9,561137E-1;1,327887E-1;1,379512E-1;9,543218E-1;;
02/12/2021  12:05:24,521558;9,563432E-1;1,888588E-1;2,324149E-1;9,545013E-1;;
02/12/2021  12:05:24,521658;9,566769E-1;1,178155E-1;1,237343E-1;9,546708E-1;;
02/12/2021  12:05:24,521758;9,557620E-1;1,404346E-1;1,480610E-1;9,548307E-1;;
02/12/2021  12:05:24,521858;9,552196E-1;1,343816E-1;1,357397E-1;9,549811E-1;;
02/12/2021  12:05:24,521958;9,547815E-1;1,356559E-1;1,341600E-1;9,551223E-1;;
02/12/2021  12:05:24,522058;9,551242E-1;1,267357E-1;1,319485E-1;9,552543E-1;;
02/12/2021  12:05:24,522158;9,545520E-1;1,471248E-1;1,401627E-1;9,553772E-1;;
02/12/2021  12:05:24,522258;9,540155E-1;1,528593E-1;1,496407E-1;9,554910E-1;;
02/12/2021  12:05:24,522358;9,537861E-1;6,811698E-2;8,992954E-2;9,555956E-1;;
02/12/2021  12:05:24,522458;9,533688E-1;1,362931E-1;1,370034E-1;9,556911E-1;;
02/12/2021  12:05:24,522558;9,540692E-1;1,866287E-1;1,815498E-1;9,557772E-1;;
02/12/2021  12:05:24,522658;9,530797E-1;1,375674E-1;1,357397E-1;9,558540E-1;;
02/12/2021  12:05:24,522758;9,526118E-1;1,200455E-1;1,041465E-1;9,559215E-1;;
02/12/2021  12:05:24,522858;9,514555E-1;1,057094E-1;1,101492E-1;9,559795E-1;;
02/12/2021  12:05:24,522958;9,513869E-1;1,388417E-1;1,575390E-1;9,560279E-1;;
02/12/2021  12:05:24,523058;9,520813E-1;1,308772E-1;1,373193E-1;9,560664E-1;;
02/12/2021  12:05:24,523158;9,514704E-1;1,480806E-1;1,401627E-1;9,560948E-1;;
02/12/2021  12:05:24,523258;9,508326E-1;1,362931E-1;1,287892E-1;9,561131E-1;;
02/12/2021  12:05:24,523358;9,505196E-1;1,340630E-1;1,310007E-1;9,561212E-1;;
02/12/2021  12:05:24,523458;9,508058E-1;1,041165E-1;9,624818E-2;9,561191E-1;;
02/12/2021  12:05:24,523558;9,508236E-1;1,426647E-1;1,262617E-1;9,561066E-1;;
02/12/2021  12:05:24,523658;9,503140E-1;1,417090E-1;1,287892E-1;9,560838E-1;;
02/12/2021  12:05:24,523758;9,495481E-1;1,187712E-1;1,189953E-1;9,560508E-1;;
02/12/2021  12:05:24,523858;9,483440E-1;1,401161E-1;1,363715E-1;9,560077E-1;;
02/12/2021  12:05:24,523958;9,490682E-1;1,573194E-1;1,509044E-1;9,559542E-1;;
02/12/2021  12:05:24,524058;9,494348E-1;1,340630E-1;1,316326E-1;9,558904E-1;;
02/12/2021  12:05:24,524158;9,483977E-1;1,235499E-1;1,268936E-1;9,558164E-1;;
02/12/2021  12:05:24,524258;9,475483E-1;1,413904E-1;1,351078E-1;9,557323E-1;;
02/12/2021  12:05:24,524358;9,464843E-1;1,436204E-1;1,360556E-1;9,556380E-1;;
02/12/2021  12:05:24,524458;9,466035E-1;1,216384E-1;1,208909E-1;9,555335E-1;;
02/12/2021  12:05:24,524558;9,461237E-1;1,369303E-1;1,505885E-1;9,554187E-1;;
02/12/2021  12:05:24,524658;9,457959E-1;1,480806E-1;1,237343E-1;9,552934E-1;;
02/12/2021  12:05:24,524758;9,446842E-1;1,458505E-1;1,799702E-1;9,551577E-1;;
02/12/2021  12:05:24,524858;9,432656E-1;1,445762E-1;1,404787E-1;9,550114E-1;;
02/12/2021  12:05:24,524958;9,432418E-1;1,066652E-1;1,509044E-1;9,548544E-1;;
02/12/2021  12:05:24,525058;9,418649E-1;1,289658E-1;1,335282E-1;9,546862E-1;;
02/12/2021  12:05:24,525158;9,407800E-1;1,127182E-1;1,205749E-1;9,545067E-1;;
02/12/2021  12:05:24,525258;9,395313E-1;1,232313E-1;1,297370E-1;9,543153E-1;;
02/12/2021  12:05:24,525358;9,381812E-1;1,480806E-1;1,265777E-1;9,541117E-1;;
02/12/2021  12:05:24,525458;9,380739E-1;1,123996E-1;1,249980E-1;9,538950E-1;;
02/12/2021  12:05:24,525558;9,376179E-1;1,127182E-1;1,253139E-1;9,536650E-1;;
02/12/2021  12:05:24,525658;9,359132E-1;1,219570E-1;1,259458E-1;9,534210E-1;;
02/12/2021  12:05:24,525758;9,343664E-1;1,238685E-1;1,208909E-1;9,531626E-1;;
02/12/2021  12:05:24,525858;9,328792E-1;9,232906E-2;1,063580E-1;9,528892E-1;;
02/12/2021  12:05:24,525958;9,321997E-1;1,022050E-1;9,119327E-2;9,526001E-1;;
02/12/2021  12:05:24,526058;9,318570E-1;1,187712E-1;1,234183E-1;9,522946E-1;;
02/12/2021  12:05:24,526158;9,314249E-1;1,225942E-1;1,256299E-1;9,519722E-1;;
02/12/2021  12:05:24,526258;9,302327E-1;9,997498E-2;1,069899E-1;9,516324E-1;;
02/12/2021  12:05:24,526358;9,299079E-1;7,608148E-2;9,056141E-2;9,512749E-1;;
02/12/2021  12:05:24,526458;9,300629E-1;8,372740E-2;8,929768E-2;9,508995E-1;;
02/12/2021  12:05:24,526558;9,293625E-1;9,774492E-2;1,155200E-1;9,505063E-1;;
02/12/2021  12:05:24,526658;9,279320E-1;9,073616E-2;1,148882E-1;9,500952E-1;;
02/12/2021  12:05:24,526758;9,270557E-1;4,358632E-2;9,782784E-2;9,496664E-1;;
02/12/2021  12:05:24,526858;9,269991E-1;1,120810E-1;1,616461E-1;9,492200E-1;;
02/12/2021  12:05:24,526958;9,277502E-1;1,869473E-1;1,929234E-1;9,487562E-1;;
02/12/2021  12:05:24,527058;9,276309E-1;1,069837E-1;1,170997E-1;9,482754E-1;;
02/12/2021  12:05:24,527158;9,276071E-1;1,203641E-1;1,376353E-1;9,477784E-1;;
02/12/2021  12:05:24,527258;9,271481E-1;7,098420E-2;8,961361E-2;9,472659E-1;;
02/12/2021  12:05:24,527358;9,271034E-1;1,404346E-1;1,426902E-1;9,467389E-1;;
02/12/2021  12:05:24,527458;9,279588E-1;1,394789E-1;1,104651E-1;9,461985E-1;;
02/12/2021  12:05:24,527558;9,284595E-1;1,283286E-1;9,972343E-2;9,456458E-1;;
02/12/2021  12:05:24,527658;9,285578E-1;1,452133E-1;1,193112E-1;9,450822E-1;;
02/12/2021  12:05:24,527758;9,277859E-1;1,640096E-1;1,439539E-1;9,445093E-1;;
02/12/2021  12:05:24,527858;9,292761E-1;1,856730E-1;1,398468E-1;9,439285E-1;;
02/12/2021  12:05:24,527958;9,301702E-1;2,192288E-2;7,160549E-2;9,433415E-1;;
02/12/2021  12:05:24,528058;9,311447E-1;1,627352E-1;1,546956E-1;9,427500E-1;;
02/12/2021  12:05:24,528158;9,309272E-1;1,452133E-1;1,426902E-1;9,421562E-1;;
02/12/2021  12:05:24,528258;9,305516E-1;1,483991E-1;1,512204E-1;9,415620E-1;;
02/12/2021  12:05:24,528358;9,321521E-1;1,547707E-1;1,505885E-1;9,409693E-1;;
02/12/2021  12:05:24,528458;9,323964E-1;1,356559E-1;1,322644E-1;9,403799E-1;;
02/12/2021  12:05:24,528558;9,328792E-1;1,025236E-1;7,255328E-2;9,397960E-1;;
02/12/2021  12:05:24,528658;9,320179E-1;1,139925E-1;1,237343E-1;9,392195E-1;;
02/12/2021  12:05:24,528758;9,305904E-1;1,264171E-1;1,306848E-1;9,386519E-1;;
02/12/2021  12:05:24,528858;9,309927E-1;1,232313E-1;1,246821E-1;9,380948E-1;;
02/12/2021  12:05:24,528958;9,305040E-1;1,283286E-1;1,499566E-1;9,375493E-1;;
02/12/2021  12:05:24,529058;9,295026E-1;1,232313E-1;1,167838E-1;9,370164E-1;;
02/12/2021  12:05:24,529158;9,284803E-1;1,139925E-1;1,265777E-1;9,364969E-1;;
02/12/2021  12:05:24,529258;9,277084E-1;1,331073E-1;1,256299E-1;9,359911E-1;;
02/12/2021  12:05:24,529358;9,276756E-1;1,098510E-1;1,161519E-1;9,354994E-1;;
02/12/2021  12:05:24,529458;9,281406E-1;1,219570E-1;1,303688E-1;9,350220E-1;;
02/12/2021  12:05:24,529558;9,274074E-1;1,235499E-1;1,268936E-1;9,345588E-1;;
02/12/2021  12:05:24,529658;9,266445E-1;1,270543E-1;1,392149E-1;9,341101E-1;;
02/12/2021  12:05:24,529758;9,261438E-1;-4,816472E-2;2,990246E-2;9,336757E-1;;
02/12/2021  12:05:24,529858;9,269276E-1;1,292843E-1;1,297370E-1;9,332555E-1;;
02/12/2021  12:05:24,529958;9,270289E-1;1,321516E-1;1,388990E-1;9,328493E-1;;
02/12/2021  12:05:24,530058;9,271303E-1;1,251428E-1;1,272095E-1;9,324570E-1;;
02/12/2021  12:05:24,530158;9,269067E-1;9,933782E-2;1,028828E-1;9,320787E-1;;
02/12/2021  12:05:24,530258;9,272107E-1;1,187712E-1;1,170997E-1;9,317141E-1;;
02/12/2021  12:05:24,530358;9,284833E-1;1,219570E-1;1,291051E-1;9,313634E-1;;
02/12/2021  12:05:24,530458;9,296009E-1;1,200455E-1;1,227865E-1;9,310267E-1;;
02/12/2021  12:05:24,530558;9,298870E-1;1,296029E-1;1,442698E-1;9,307042E-1;;
02/12/2021  12:05:24,530658;9,290376E-1;1,372488E-1;1,370034E-1;9,303964E-1;;
02/12/2021  12:05:24,530758;9,289095E-1;9,424054E-2;1,120448E-1;9,301036E-1;;
02/12/2021  12:05:24,530858;9,294757E-1;1,206827E-1;1,240502E-1;9,298258E-1;;
02/12/2021  12:05:24,530958;9,293804E-1;1,210013E-1;1,246821E-1;9,295632E-1;;
02/12/2021  12:05:24,531058;9,296873E-1;1,190898E-1;1,325804E-1;9,293160E-1;;
02/12/2021  12:05:24,531158;9,289453E-1;1,155854E-1;1,088855E-1;9,290840E-1;;
02/12/2021  12:05:24,531258;9,283909E-1;1,337445E-1;1,275255E-1;9,288673E-1;;
02/12/2021  12:05:24,531358;9,293953E-1;6,429402E-2;9,466852E-2;9,286656E-1;;
02/12/2021  12:05:24,531458;9,294608E-1;1,152668E-1;1,202590E-1;9,284787E-1;;
02/12/2021  12:05:24,531558;9,283581E-1;1,088952E-1;1,167838E-1;9,283063E-1;;
02/12/2021  12:05:24,531658;9,270081E-1;1,133553E-1;1,104651E-1;9,281482E-1;;
02/12/2021  12:05:24,531758;9,269097E-1;8,404598E-2;1,354238E-1;9,280036E-1;;
02/12/2021  12:05:24,531858;9,281316E-1;1,222756E-1;1,300529E-1;9,278719E-1;;
02/12/2021  12:05:24,531958;9,279409E-1;1,098510E-1;1,158360E-1;9,277525E-1;;
02/12/2021  12:05:24,532058;9,276905E-1;1,248242E-1;1,196272E-1;9,276448E-1;;
02/12/2021  12:05:24,532158;9,280780E-1;1,219570E-1;1,158360E-1;9,275482E-1;;
02/12/2021  12:05:24,532258;9,287813E-1;1,302401E-1;1,189953E-1;9,274623E-1;;
02/12/2021  12:05:24,532358;9,307781E-1;8,213450E-2;1,133085E-1;9,273866E-1;;
02/12/2021  12:05:24,532458;9,309063E-1;1,219570E-1;1,341600E-1;9,273211E-1;;
02/12/2021  12:05:24,532558;9,315262E-1;1,079395E-1;1,170997E-1;9,272659E-1;;
02/12/2021  12:05:24,532658;9,319226E-1;1,327887E-1;1,291051E-1;9,272210E-1;;
02/12/2021  12:05:24,532758;9,330372E-1;1,018865E-1;7,729226E-2;9,271866E-1;;
02/12/2021  12:05:24,532858;9,349476E-1;1,037979E-1;9,940750E-2;9,271630E-1;;
02/12/2021  12:05:24,532958;9,359847E-1;1,184526E-1;1,240502E-1;9,271507E-1;;
02/12/2021  12:05:24,533058;9,365242E-1;1,206827E-1;1,253139E-1;9,271504E-1;;
02/12/2021  12:05:24,533158;9,361218E-1;8,054160E-2;9,372073E-2;9,271627E-1;;
02/12/2021  12:05:24,533258;9,369503E-1;7,066562E-2;9,782784E-2;9,271881E-1;;
02/12/2021  12:05:24,533358;9,381156E-1;1,315144E-1;1,569071E-1;9,272273E-1;;
02/12/2021  12:05:24,533458;9,385746E-1;1,343816E-1;1,363715E-1;9,272806E-1;;
02/12/2021  12:05:24,533558;9,386581E-1;1,187712E-1;1,379512E-1;9,273485E-1;;
02/12/2021  12:05:24,533658;9,377461E-1;1,123996E-1;1,518522E-1;9,274315E-1;;
02/12/2021  12:05:24,533758;9,387266E-1;1,219570E-1;1,193112E-1;9,275296E-1;;
02/12/2021  12:05:24,533858;9,389442E-1;1,350188E-1;1,414265E-1;9,276429E-1;;
02/12/2021  12:05:24,533958;9,395402E-1;1,194084E-1;1,272095E-1;9,277713E-1;;
02/12/2021  12:05:24,534058;9,397339E-1;1,216384E-1;1,338441E-1;9,279149E-1;;
02/12/2021  12:05:24,534158;9,393137E-1;5,346230E-2;1,117289E-1;9,280735E-1;;
02/12/2021  12:05:24,534258;9,408009E-1;1,260985E-1;1,543797E-1;9,282468E-1;;
02/12/2021  12:05:24,534358;9,420258E-1;1,232313E-1;1,291051E-1;9,284347E-1;;
02/12/2021  12:05:24,534458;9,426934E-1;1,245056E-1;1,237343E-1;9,286370E-1;;
02/12/2021  12:05:24,534558;9,418410E-1;1,203641E-1;1,082536E-1;9,288538E-1;;
02/12/2021  12:05:24,534658;9,423030E-1;1,133553E-1;1,013031E-1;9,290848E-1;;
02/12/2021  12:05:24,534758;9,438199E-1;1,331073E-1;1,351078E-1;9,293298E-1;;
02/12/2021  12:05:24,534858;9,447915E-1;1,407532E-1;1,436380E-1;9,295885E-1;;
02/12/2021  12:05:24,534958;9,453429E-1;1,120810E-1;1,085695E-1;9,298609E-1;;
02/12/2021  12:05:24,535058;9,455366E-1;1,123996E-1;1,123607E-1;9,301469E-1;;
02/12/2021  12:05:24,535158;9,454561E-1;1,283286E-1;1,310007E-1;9,304462E-1;;
02/12/2021  12:05:24,535258;9,467525E-1;1,210013E-1;1,240502E-1;9,307588E-1;;
02/12/2021  12:05:24,535358;9,471668E-1;1,324701E-1;1,366875E-1;9,310843E-1;;
02/12/2021  12:05:24,535458;9,473635E-1;1,203641E-1;1,208909E-1;9,314226E-1;;
02/12/2021  12:05:24,535558;9,470089E-1;1,636910E-1;1,521681E-1;9,317732E-1;;
02/12/2021  12:05:24,535658;9,473009E-1;1,171783E-1;1,218387E-1;9,321359E-1;;
02/12/2021  12:05:24,535758;9,490355E-1;1,305587E-1;1,603824E-1;9,325100E-1;;
02/12/2021  12:05:24,535858;9,501084E-1;1,171783E-1;1,212068E-1;9,328951E-1;;
02/12/2021  12:05:24,535958;9,502425E-1;1,302401E-1;1,303688E-1;9,332911E-1;;
02/12/2021  12:05:24,536058;9,496822E-1;1,095324E-1;1,464814E-1;9,336975E-1;;
02/12/2021  12:05:24,536158;9,498610E-1;1,802571E-1;2,014535E-1;9,341141E-1;;
02/12/2021  12:05:24,536258;9,509369E-1;1,073023E-1;1,095173E-1;9,345402E-1;;
02/12/2021  12:05:24,536358;9,509101E-1;1,270543E-1;1,689125E-1;9,349754E-1;;
02/12/2021  12:05:24,536458;9,501143E-1;1,356559E-1;1,306848E-1;9,354189E-1;;
02/12/2021  12:05:24,536558;9,489609E-1;1,280100E-1;1,227865E-1;9,358702E-1;;
02/12/2021  12:05:24,536658;9,492679E-1;1,178155E-1;1,092014E-1;9,363281E-1;;
02/12/2021  12:05:24,536758;9,496732E-1;4,645354E-2;5,075397E-2;9,367916E-1;;
02/12/2021  12:05:24,536858;9,486331E-1;1,136739E-1;1,193112E-1;9,372596E-1;;
02/12/2021  12:05:24,536958;9,476645E-1;1,404346E-1;1,433221E-1;9,377309E-1;;
02/12/2021  12:05:24,537058;9,464396E-1;1,165411E-1;1,114129E-1;9,382040E-1;;
02/12/2021  12:05:24,537158;9,468926E-1;1,152668E-1;1,139404E-1;9,386774E-1;;
02/12/2021  12:05:24,537258;9,476437E-1;1,095324E-1;1,167838E-1;9,391495E-1;;
02/12/2021  12:05:24,537358;9,468926E-1;1,289658E-1;1,110970E-1;9,396188E-1;;
02/12/2021  12:05:24,537458;9,467823E-1;1,417090E-1;1,332122E-1;9,400841E-1;;
02/12/2021  12:05:24,537558;9,460343E-1;1,388417E-1;1,294210E-1;9,405440E-1;;
02/12/2021  12:05:24,537658;9,462608E-1;1,442576E-1;1,411105E-1;9,409971E-1;;
02/12/2021  12:05:24,537758;9,471191E-1;1,331073E-1;1,708081E-1;9,414422E-1;;
02/12/2021  12:05:24,537858;9,466333E-1;1,356559E-1;1,284732E-1;9,418781E-1;;
02/12/2021  12:05:24,537958;9,470565E-1;1,515849E-1;1,600664E-1;9,423040E-1;;
02/12/2021  12:05:24,538058;9,464515E-1;1,108067E-1;1,189953E-1;9,427190E-1;;
02/12/2021  12:05:24,538158;9,472264E-1;1,213198E-1;1,000394E-1;9,431222E-1;;
02/12/2021  12:05:24,538258;9,477003E-1;1,152668E-1;1,297370E-1;9,435130E-1;;
02/12/2021  12:05:24,538358;9,471877E-1;1,229127E-1;1,278414E-1;9,438910E-1;;
02/12/2021  12:05:24,538458;9,460969E-1;6,270112E-2;5,233363E-2;9,442556E-1;;
02/12/2021  12:05:24,538558;9,440971E-1;1,426647E-1;1,471132E-1;9,446062E-1;;
02/12/2021  12:05:24,538658;9,454204E-1;1,111253E-1;1,237343E-1;9,449423E-1;;
02/12/2021  12:05:24,538758;9,448094E-1;1,041165E-1;1,202590E-1;9,452629E-1;;
02/12/2021  12:05:24,538858;9,444309E-1;1,002936E-1;1,110970E-1;9,455675E-1;;
02/12/2021  12:05:24,538958;9,435130E-1;1,057094E-1;1,038306E-1;9,458556E-1;;
02/12/2021  12:05:24,539058;9,431225E-1;1,133553E-1;1,265777E-1;9,461266E-1;;
02/12/2021  12:05:24,539158;9,440017E-1;9,424054E-2;1,164678E-1;9,463798E-1;;
02/12/2021  12:05:24,539258;9,437693E-1;1,028422E-1;1,041465E-1;9,466149E-1;;
02/12/2021  12:05:24,539358;9,435040E-1;9,965640E-2;1,268936E-1;9,468317E-1;;
02/12/2021  12:05:24,539458;9,430182E-1;9,678918E-2;1,107811E-1;9,470299E-1;;
02/12/2021  12:05:24,539558;9,433043E-1;9,678918E-2;1,142563E-1;9,472095E-1;;
02/12/2021  12:05:24,539658;9,446216E-1;1,098510E-1;1,199431E-1;9,473705E-1;;
02/12/2021  12:05:24,539758;9,447557E-1;1,280100E-1;1,354238E-1;9,475130E-1;;
02/12/2021  12:05:24,539858;9,443117E-1;1,044351E-1;1,262617E-1;9,476375E-1;;
02/12/2021  12:05:24,539958;9,439600E-1;6,811698E-2;9,845971E-2;9,477445E-1;;
02/12/2021  12:05:24,540058;9,437573E-1;1,362931E-1;1,411105E-1;9,478345E-1;;
02/12/2021  12:05:24,540158;9,444875E-1;1,410718E-1;1,512204E-1;9,479078E-1;;
02/12/2021  12:05:24,540258;9,445292E-1;1,439390E-1;1,354238E-1;9,479651E-1;;
02/12/2021  12:05:24,540358;9,432567E-1;1,534964E-1;1,142563E-1;9,480070E-1;;
02/12/2021  12:05:24,540458;9,421778E-1;1,939561E-1;1,360556E-1;9,480339E-1;;
02/12/2021  12:05:24,540558;9,415281E-1;1,633724E-1;1,452176E-1;9,480463E-1;;
02/12/2021  12:05:24,540658;9,417248E-1;1,710183E-1;1,430061E-1;9,480443E-1;;
02/12/2021  12:05:24,540758;9,422016E-1;1,853544E-1;1,761790E-1;9,480282E-1;;
02/12/2021  12:05:24,540858;9,410453E-1;1,582751E-1;1,474292E-1;9,479984E-1;;
02/12/2021  12:05:24,540958;9,399604E-1;1,420275E-1;1,445858E-1;9,479551E-1;;
02/12/2021  12:05:24,541058;9,400558E-1;1,362931E-1;1,373193E-1;9,478985E-1;;
02/12/2021  12:05:24,541158;9,400707E-1;1,426647E-1;1,319485E-1;9,478288E-1;;
02/12/2021  12:05:24,541258;9,400230E-1;1,254614E-1;1,199431E-1;9,477463E-1;;
02/12/2021  12:05:24,541358;9,390813E-1;1,413904E-1;1,366875E-1;9,476513E-1;;
02/12/2021  12:05:24,541458;9,381305E-1;1,324701E-1;1,322644E-1;9,475440E-1;;
02/12/2021  12:05:24,541558;9,381514E-1;1,283286E-1;1,300529E-1;9,474245E-1;;
02/12/2021  12:05:24,541658;9,387773E-1;1,257800E-1;1,234183E-1;9,472932E-1;;
02/12/2021  12:05:24,541758;9,383421E-1;1,369303E-1;1,322644E-1;9,471502E-1;;
02/12/2021  12:05:24,541858;9,380739E-1;1,401161E-1;1,398468E-1;9,469960E-1;;
02/12/2021  12:05:24,541958;9,366702E-1;7,831154E-2;8,961361E-2;9,468309E-1;;
02/12/2021  12:05:24,542058;9,372513E-1;1,656025E-1;1,575390E-1;9,466552E-1;;
02/12/2021  12:05:24,542158;9,376954E-1;1,624167E-1;1,885003E-1;9,464693E-1;;
02/12/2021  12:05:24,542258;9,375434E-1;1,512664E-1;1,426902E-1;9,462737E-1;;
02/12/2021  12:05:24,542358;9,363245E-1;1,410718E-1;1,455336E-1;9,460687E-1;;
02/12/2021  12:05:24,542458;9,351860E-1;1,308772E-1;1,335282E-1;9,458549E-1;;
02/12/2021  12:05:24,542558;9,360741E-1;1,401161E-1;1,401627E-1;9,456326E-1;;
02/12/2021  12:05:24,542658;9,362351E-1;1,213198E-1;1,291051E-1;9,454022E-1;;
02/12/2021  12:05:24,542758;9,359311E-1;1,178155E-1;1,155200E-1;9,451640E-1;;
02/12/2021  12:05:24,542858;9,349535E-1;1,225942E-1;1,253139E-1;9,449185E-1;;
02/12/2021  12:05:24,542958;9,341459E-1;1,178155E-1;8,076751E-2;9,446663E-1;;
02/12/2021  12:05:24,543058;9,351383E-1;1,397975E-1;1,319485E-1;9,444076E-1;;
02/12/2021  12:05:24,543158;9,342472E-1;1,397975E-1;1,325804E-1;9,441428E-1;;
02/12/2021  12:05:24,543258;9,333680E-1;1,299215E-1;1,341600E-1;9,438723E-1;;
02/12/2021  12:05:24,543358;9,325514E-1;1,149482E-1;1,177316E-1;9,435964E-1;;
02/12/2021  12:05:24,543458;9,311239E-1;1,426647E-1;1,521681E-1;9,433153E-1;;
02/12/2021  12:05:24,543558;9,313802E-1;1,519035E-1;1,606983E-1;9,430290E-1;;
02/12/2021  12:05:24,543658;9,310762E-1;1,299215E-1;1,281573E-1;9,427375E-1;;
02/12/2021  12:05:24,543758;9,305755E-1;1,203641E-1;1,199431E-1;9,424407E-1;;
02/12/2021  12:05:24,543858;9,287873E-1;1,436204E-1;1,423743E-1;9,421389E-1;;
02/12/2021  12:05:24,543958;9,287158E-1;1,308772E-1;1,344760E-1;9,418318E-1;;
02/12/2021  12:05:24,544058;9,294400E-1;1,184526E-1;1,215227E-1;9,415194E-1;;
02/12/2021  12:05:24,544158;9,294817E-1;1,334259E-1;1,310007E-1;9,412016E-1;;
02/12/2021  12:05:24,544258;9,293744E-1;1,204690E-2;4,601499E-2;9,408787E-1;;
02/12/2021  12:05:24,544358;9,279349E-1;1,241871E-1;1,417424E-1;9,405509E-1;;
02/12/2021  12:05:24,544458;9,276011E-1;1,337445E-1;1,196272E-1;9,402184E-1;;
02/12/2021  12:05:24,544558;9,286204E-1;1,483991E-1;1,303688E-1;9,398814E-1;;
02/12/2021  12:05:24,544658;9,286651E-1;1,251428E-1;1,310007E-1;9,395400E-1;;
02/12/2021  12:05:24,544758;9,281614E-1;1,350188E-1;1,401627E-1;9,391948E-1;;
02/12/2021  12:05:24,544858;9,274342E-1;7,066562E-2;9,845971E-2;9,388462E-1;;
02/12/2021  12:05:24,544958;9,273985E-1;1,120810E-1;1,139404E-1;9,384946E-1;;
02/12/2021  12:05:24,545058;9,287635E-1;1,190898E-1;1,224705E-1;9,381403E-1;;
02/12/2021  12:05:24,545158;9,287158E-1;1,296029E-1;8,866581E-2;9,377839E-1;;
02/12/2021  12:05:24,545258;9,284535E-1;1,461691E-1;1,426902E-1;9,374261E-1;;
02/12/2021  12:05:24,545358;9,274044E-1;1,334259E-1;1,253139E-1;9,370677E-1;;
02/12/2021  12:05:24,545458;9,279796E-1;9,424054E-2;1,524841E-1;9,367091E-1;;
02/12/2021  12:05:24,545558;9,293804E-1;1,257800E-1;9,593225E-2;9,363510E-1;;
02/12/2021  12:05:24,545658;9,301046E-1;1,391603E-1;1,366875E-1;9,359942E-1;;
02/12/2021  12:05:24,545758;9,306232E-1;1,251428E-1;1,272095E-1;9,356396E-1;;
02/12/2021  12:05:24,545858;9,298751E-1;1,238685E-1;1,205749E-1;9,352883E-1;;
02/12/2021  12:05:24,545958;9,311745E-1;9,870066E-2;1,123607E-1;9,349413E-1;;
02/12/2021  12:05:24,546058;9,321252E-1;1,490363E-1;1,452176E-1;9,345997E-1;;
02/12/2021  12:05:24,546158;9,322206E-1;1,433019E-1;1,221546E-1;9,342646E-1;;
02/12/2021  12:05:24,546258;9,319554E-1;1,404346E-1;1,714400E-1;9,339371E-1;;
02/12/2021  12:05:24,546358;9,316037E-1;1,254614E-1;1,256299E-1;9,336184E-1;;
02/12/2021  12:05:24,546458;9,316424E-1;1,324701E-1;1,253139E-1;9,333092E-1;;
02/12/2021  12:05:24,546558;9,321640E-1;1,649653E-1;1,761790E-1;9,330103E-1;;
02/12/2021  12:05:24,546658;9,318659E-1;1,343816E-1;1,202590E-1;9,327225E-1;;
02/12/2021  12:05:24,546758;9,305993E-1;1,426647E-1;1,515363E-1;9,324463E-1;;
02/12/2021  12:05:24,546858;9,298155E-1;1,245056E-1;1,152041E-1;9,321820E-1;;
02/12/2021  12:05:24,546958;9,306172E-1;1,171783E-1;1,363715E-1;9,319299E-1;;
02/12/2021  12:05:24,547058;9,298274E-1;1,340630E-1;1,411105E-1;9,316898E-1;;
02/12/2021  12:05:24,547158;9,301493E-1;1,101695E-1;1,167838E-1;9,314618E-1;;
02/12/2021  12:05:24,547258;9,291956E-1;1,149482E-1;1,180475E-1;9,312457E-1;;
02/12/2021  12:05:24,547358;9,284118E-1;5,378088E-2;1,170997E-1;9,310414E-1;;
02/12/2021  12:05:24,547458;9,290406E-1;1,665582E-1;2,036651E-1;9,308484E-1;;
02/12/2021  12:05:24,547558;9,292314E-1;1,299215E-1;1,237343E-1;9,306664E-1;;
02/12/2021  12:05:24,547658;9,296099E-1;1,343816E-1;1,341600E-1;9,304950E-1;;
02/12/2021  12:05:24,547758;9,288052E-1;1,305587E-1;1,313166E-1;9,303339E-1;;
02/12/2021  12:05:24,547858;9,290794E-1;1,184526E-1;1,246821E-1;9,301829E-1;;
02/12/2021  12:05:24,547958;9,310166E-1;1,334259E-1;1,474292E-1;9,300416E-1;;
02/12/2021  12:05:24,548058;9,313027E-1;1,327887E-1;1,281573E-1;9,299100E-1;;
02/12/2021  12:05:24,548158;9,314487E-1;1,337445E-1;1,401627E-1;9,297880E-1;;
02/12/2021  12:05:24,548258;9,304503E-1;1,324701E-1;1,272095E-1;9,296758E-1;;
02/12/2021  12:05:24,548358;9,308437E-1;7,576290E-2;1,050943E-1;9,295734E-1;;
02/12/2021  12:05:24,548458;9,316126E-1;1,241871E-1;1,253139E-1;9,294805E-1;;
02/12/2021  12:05:24,548558;9,317438E-1;1,251428E-1;1,281573E-1;9,293973E-1;;
02/12/2021  12:05:24,548658;9,311954E-1;1,586986E-2;7,413294E-2;9,293236E-1;;
02/12/2021  12:05:24,548758;9,301463E-1;1,512664E-1;1,464814E-1;9,292593E-1;;
02/12/2021  12:05:24,548858;9,313057E-1;1,241871E-1;1,076217E-1;9,292042E-1;;
02/12/2021  12:05:24,548958;9,324680E-1;1,302401E-1;1,328963E-1;9,291580E-1;;
02/12/2021  12:05:24,549058;9,324411E-1;1,248242E-1;1,237343E-1;9,291205E-1;;
02/12/2021  12:05:24,549158;9,325753E-1;1,382046E-1;1,347919E-1;9,290919E-1;;
02/12/2021  12:05:24,549258;9,320746E-1;1,286472E-1;1,306848E-1;9,290720E-1;;
02/12/2021  12:05:24,549358;9,325186E-1;1,618844E-2;6,117973E-2;9,290606E-1;;
02/12/2021  12:05:24,549458;9,340505E-1;5,632952E-2;6,117973E-2;9,290578E-1;;
02/12/2021  12:05:24,549558;9,350042E-1;1,120810E-1;1,357397E-1;9,290635E-1;;
02/12/2021  12:05:24,549658;9,359102E-1;1,245056E-1;1,249980E-1;9,290779E-1;;
02/12/2021  12:05:24,549758;9,358745E-1;1,174969E-1;1,218387E-1;9,291013E-1;;
02/12/2021  12:05:24,549858;9,367745E-1;1,162226E-1;1,161519E-1;9,291341E-1;;
02/12/2021  12:05:24,549958;9,386104E-1;1,210013E-1;9,688005E-2;9,291767E-1;;
02/12/2021  12:05:24,550058;9,390783E-1;1,133553E-1;1,050943E-1;9,292296E-1;;
02/12/2021  12:05:24,550158;9,390932E-1;1,267357E-1;1,240502E-1;9,292933E-1;;
02/12/2021  12:05:24,550258;9,384792E-1;1,318330E-1;1,186794E-1;9,293684E-1;;
02/12/2021  12:05:24,550358;9,395164E-1;1,308772E-1;1,186794E-1;9,294552E-1;;
02/12/2021  12:05:24,550458;9,404999E-1;1,407532E-1;1,265777E-1;9,295539E-1;;
02/12/2021  12:05:24,550558;9,415251E-1;1,350188E-1;1,268936E-1;9,296650E-1;;
02/12/2021  12:05:24,550658;9,408605E-1;1,468062E-1;1,471132E-1;9,297886E-1;;
02/12/2021  12:05:24,550758;9,408545E-1;1,063466E-1;1,019350E-1;9,299250E-1;;
02/12/2021  12:05:24,550858;9,421122E-1;1,276914E-1;1,221546E-1;9,300744E-1;;
02/12/2021  12:05:24,550958;9,432179E-1;1,474434E-1;1,749153E-1;9,302368E-1;;
02/12/2021  12:05:24,551058;9,431762E-1;9,232906E-2;1,107811E-1;9,304124E-1;;
02/12/2021  12:05:24,551158;9,434683E-1;1,133553E-1;1,082536E-1;9,306012E-1;;
02/12/2021  12:05:24,551258;9,434146E-1;1,082581E-1;1,155200E-1;9,308033E-1;;
02/12/2021  12:05:24,551358;9,447915E-1;5,250656E-2;6,813023E-2;9,310186E-1;;
02/12/2021  12:05:24,551458;9,451700E-1;1,133553E-1;1,231024E-1;9,312471E-1;;
02/12/2021  12:05:24,551558;9,453488E-1;1,073023E-1;1,174156E-1;9,314886E-1;;
02/12/2021  12:05:24,551658;9,443564E-1;9,838208E-2;1,079377E-1;9,317431E-1;;
02/12/2021  12:05:24,551758;9,442819E-1;9,105474E-2;1,452176E-1;9,320103E-1;;
02/12/2021  12:05:24,551858;9,447557E-1;1,012493E-1;1,066739E-1;9,322895E-1;;
02/12/2021  12:05:24,551958;9,451462E-1;8,691320E-2;1,028828E-1;9,325802E-1;;
02/12/2021  12:05:24,552058;9,451015E-1;1,044351E-1;1,341600E-1;9,328818E-1;;
02/12/2021  12:05:24,552158;9,439272E-1;1,041165E-1;1,133085E-1;9,331936E-1;;
02/12/2021  12:05:24,552258;9,438140E-1;1,133553E-1;1,183634E-1;9,335147E-1;;
02/12/2021  12:05:24,552358;9,445114E-1;9,360338E-2;1,104651E-1;9,338442E-1;;
02/12/2021  12:05:24,552458;9,449614E-1;7,958586E-2;9,877564E-2;9,341811E-1;;
02/12/2021  12:05:24,552558;9,452415E-1;1,031608E-1;1,085695E-1;9,345245E-1;;
02/12/2021  12:05:24,552658;9,440584E-1;8,117876E-2;1,076217E-1;9,348736E-1;;
02/12/2021  12:05:24,552758;9,443862E-1;9,710776E-2;1,281573E-1;9,352274E-1;;
02/12/2021  12:05:24,552858;9,467943E-1;9,424054E-2;1,079377E-1;9,355850E-1;;
02/12/2021  12:05:24,552958;9,470178E-1;1,187712E-1;1,284732E-1;9,359456E-1;;
02/12/2021  12:05:24,553058;9,472860E-1;1,222756E-1;1,177316E-1;9,363088E-1;;
02/12/2021  12:05:24,553158;9,467525E-1;1,178155E-1;1,363715E-1;9,366741E-1;;
02/12/2021  12:05:24,553258;9,472294E-1;1,260985E-1;1,354238E-1;9,370410E-1;;
02/12/2021  12:05:24,553358;9,480579E-1;6,142680E-2;1,079377E-1;9,374090E-1;;
02/12/2021  12:05:24,553458;9,476168E-1;1,420275E-1;1,366875E-1;9,377776E-1;;
02/12/2021  12:05:24,553558;9,473158E-1;1,614609E-1;1,357397E-1;9,381464E-1;;
02/12/2021  12:05:24,553658;9,465290E-1;1,643281E-1;1,420583E-1;9,385149E-1;;
02/12/2021  12:05:24,553758;9,467138E-1;1,538150E-1;1,505885E-1;9,388823E-1;;
02/12/2021  12:05:24,553858;9,477152E-1;2,829448E-2;8,487463E-2;9,392480E-1;;
02/12/2021  12:05:24,553958;9,470059E-1;1,337445E-1;1,638576E-1;9,396112E-1;;
02/12/2021  12:05:24,554058;9,462489E-1;1,337445E-1;1,354238E-1;9,399715E-1;;
02/12/2021  12:05:24,554158;9,452535E-1;1,162226E-1;1,234183E-1;9,403281E-1;;
02/12/2021  12:05:24,554258;9,455932E-1;1,085766E-1;1,189953E-1;9,406801E-1;;
02/12/2021  12:05:24,554358;9,463442E-1;8,786894E-2;1,044624E-1;9,410266E-1;;
02/12/2021  12:05:24,554458;9,463383E-1;1,350188E-1;1,291051E-1;9,413669E-1;;
02/12/2021  12:05:24,554558;9,457810E-1;1,181340E-1;1,167838E-1;9,417003E-1;;
02/12/2021  12:05:24,554658;9,451789E-1;1,130368E-1;1,158360E-1;9,420263E-1;;
02/12/2021  12:05:24,554758;9,456379E-1;1,076209E-1;9,751191E-2;9,423442E-1;;
02/12/2021  12:05:24,554858;9,460581E-1;1,235499E-1;1,265777E-1;9,426533E-1;;
02/12/2021  12:05:24,554958;9,457690E-1;1,085766E-1;1,066739E-1;9,429531E-1;;
02/12/2021  12:05:24,555058;9,445590E-1;1,130368E-1;1,227865E-1;9,432433E-1;;
02/12/2021  12:05:24,555158;9,445292E-1;1,254614E-1;1,120448E-1;9,435232E-1;;
02/12/2021  12:05:24,555258;9,455127E-1;1,442576E-1;1,764949E-1;9,437924E-1;;
02/12/2021  12:05:24,555358;9,464009E-1;1,595494E-1;2,169342E-1;9,440504E-1;;
02/12/2021  12:05:24,555458;9,454591E-1;1,111253E-1;1,142563E-1;9,442972E-1;;
02/12/2021  12:05:24,555558;9,446187E-1;1,117624E-1;1,249980E-1;9,445324E-1;;
02/12/2021  12:05:24,555658;9,445441E-1;1,315144E-1;1,306848E-1;9,447560E-1;;
02/12/2021  12:05:24,555758;9,451342E-1;1,746276E-2;7,602853E-2;9,449677E-1;;
02/12/2021  12:05:24,555858;9,455694E-1;1,187712E-1;1,373193E-1;9,451673E-1;;
02/12/2021  12:05:24,555958;9,455753E-1;1,155854E-1;1,177316E-1;9,453548E-1;;
02/12/2021  12:05:24,556058;9,438289E-1;1,299215E-1;1,313166E-1;9,455302E-1;;
02/12/2021  12:05:24,556158;9,441478E-1;1,350188E-1;1,319485E-1;9,456936E-1;;
02/12/2021  12:05:24,556258;9,445412E-1;1,350188E-1;1,512204E-1;9,458448E-1;;
02/12/2021  12:05:24,556358;9,442133E-1;1,152668E-1;1,177316E-1;9,459837E-1;;
02/12/2021  12:05:24,556458;9,432239E-1;1,178155E-1;1,215227E-1;9,461105E-1;;
02/12/2021  12:05:24,556558;9,421897E-1;1,407532E-1;1,436380E-1;9,462250E-1;;
02/12/2021  12:05:24,556658;9,422374E-1;1,146297E-1;1,284732E-1;9,463271E-1;;
02/12/2021  12:05:24,556758;9,430451E-1;1,270543E-1;1,401627E-1;9,464165E-1;;
02/12/2021  12:05:24,556858;9,432358E-1;1,219570E-1;1,212068E-1;9,464932E-1;;
02/12/2021  12:05:24,556958;9,423924E-1;1,308772E-1;1,382671E-1;9,465574E-1;;
02/12/2021  12:05:24,557058;9,419602E-1;1,251428E-1;1,272095E-1;9,466092E-1;;
02/12/2021  12:05:24,557158;9,419066E-1;1,869473E-1;2,093518E-1;9,466486E-1;;
02/12/2021  12:05:24,557258;9,436352E-1;1,187712E-1;1,234183E-1;9,466758E-1;;
02/12/2021  12:05:24,557358;9,437663E-1;1,181340E-1;1,189953E-1;9,466911E-1;;
02/12/2021  12:05:24,557458;9,438676E-1;1,235499E-1;1,297370E-1;9,466951E-1;;
02/12/2021  12:05:24,557558;9,434414E-1;1,512664E-1;1,439539E-1;9,466884E-1;;
02/12/2021  12:05:24,557658;9,436769E-1;1,773899E-1;1,603824E-1;9,466715E-1;;
02/12/2021  12:05:24,557758;9,448839E-1;1,270543E-1;1,423743E-1;9,466452E-1;;
02/12/2021  12:05:24,557858;9,451581E-1;1,343816E-1;1,335282E-1;9,466102E-1;;
02/12/2021  12:05:24,557958;9,440047E-1;1,401161E-1;1,373193E-1;9,465674E-1;;
02/12/2021  12:05:24,558058;9,424102E-1;1,222756E-1;1,221546E-1;9,465174E-1;;
02/12/2021  12:05:24,558158;9,427917E-1;6,907272E-2;7,792413E-2;9,464607E-1;;
02/12/2021  12:05:24,558258;9,426069E-1;7,831154E-2;8,992954E-2;9,463977E-1;;
02/12/2021  12:05:24,558358;9,420616E-1;1,382046E-1;1,325804E-1;9,463288E-1;;
02/12/2021  12:05:24,558458;9,399336E-1;1,378860E-1;1,338441E-1;9,462540E-1;;
02/12/2021  12:05:24,558558;9,385776E-1;1,296029E-1;1,316326E-1;9,461735E-1;;
02/12/2021  12:05:24,558658;9,386372E-1;1,353374E-1;1,366875E-1;9,460869E-1;;
02/12/2021  12:05:24,558758;9,387296E-1;1,022050E-1;8,234717E-2;9,459939E-1;;
02/12/2021  12:05:24,558858;9,375613E-1;9,073616E-2;7,602853E-2;9,458941E-1;;
02/12/2021  12:05:24,558958;9,370696E-1;1,254614E-1;1,237343E-1;9,457873E-1;;
02/12/2021  12:05:24,559058;9,362112E-1;9,583344E-2;7,760819E-2;9,456732E-1;;
02/12/2021  12:05:24,559158;9,365122E-1;1,343816E-1;1,278414E-1;9,455512E-1;;
02/12/2021  12:05:24,559258;9,375702E-1;1,283286E-1;1,126766E-1;9,454213E-1;;
02/12/2021  12:05:24,559358;9,366583E-1;1,318330E-1;1,218387E-1;9,452832E-1;;
02/12/2021  12:05:24,559458;9,366613E-1;1,391603E-1;1,528000E-1;9,451370E-1;;
02/12/2021  12:05:24,559558;9,367983E-1;2,287862E-2;8,771802E-2;9,449827E-1;;
02/12/2021  12:05:24,559658;9,372454E-1;1,359745E-1;1,256299E-1;9,448207E-1;;
02/12/2021  12:05:24,559758;9,375434E-1;1,614609E-1;2,014535E-1;9,446510E-1;;
02/12/2021  12:05:24,559858;9,375285E-1;1,267357E-1;1,287892E-1;9,444743E-1;;
02/12/2021  12:05:24,559958;9,360950E-1;1,254614E-1;1,069899E-1;9,442908E-1;;
02/12/2021  12:05:24,560058;9,361755E-1;1,426647E-1;1,458495E-1;9,441011E-1;;
02/12/2021  12:05:24,560158;9,365778E-1;1,114439E-1;1,212068E-1;9,439054E-1;;
02/12/2021  12:05:24,560258;9,367983E-1;1,238685E-1;1,354238E-1;9,437042E-1;;
02/12/2021  12:05:24,560358;9,360712E-1;1,331073E-1;1,328963E-1;9,434978E-1;;
02/12/2021  12:05:24,560458;9,341340E-1;1,337445E-1;1,319485E-1;9,432867E-1;;
02/12/2021  12:05:24,560558;9,340386E-1;1,372488E-1;1,373193E-1;9,430711E-1;;
02/12/2021  12:05:24,560658;9,344320E-1;1,178155E-1;1,114129E-1;9,428511E-1;;
02/12/2021  12:05:24,560758;9,339492E-1;1,471248E-1;1,471132E-1;9,426267E-1;;
02/12/2021  12:05:24,560858;9,331654E-1;1,334259E-1;1,499566E-1;9,423982E-1;;
02/12/2021  12:05:24,560958;9,317885E-1;1,343816E-1;1,319485E-1;9,421656E-1;;
02/12/2021  12:05:24,561058;9,310285E-1;1,394789E-1;1,398468E-1;9,419288E-1;;
02/12/2021  12:05:24,561158;9,315649E-1;1,302401E-1;1,300529E-1;9,416877E-1;;
02/12/2021  12:05:24,561258;9,312401E-1;1,276914E-1;1,294210E-1;9,414421E-1;;
02/12/2021  12:05:24,561358;9,305814E-1;1,375674E-1;1,436380E-1;9,411919E-1;;
02/12/2021  12:05:24,561458;9,296695E-1;1,353374E-1;1,420583E-1;9,409372E-1;;
02/12/2021  12:05:24,561558;9,297917E-1;1,069837E-1;1,278414E-1;9,406778E-1;;
02/12/2021  12:05:24,561658;9,309033E-1;1,254614E-1;1,322644E-1;9,404136E-1;;
02/12/2021  12:05:24,561758;9,306559E-1;1,229127E-1;1,297370E-1;9,401449E-1;;
02/12/2021  12:05:24,561858;9,297291E-1;1,241871E-1;1,028828E-1;9,398718E-1;;
02/12/2021  12:05:24,561958;9,290943E-1;7,894870E-2;1,303688E-1;9,395946E-1;;
02/12/2021  12:05:24,562058;9,294489E-1;1,375674E-1;1,360556E-1;9,393135E-1;;
02/12/2021  12:05:24,562158;9,301106E-1;1,684697E-1;1,739675E-1;9,390286E-1;;
02/12/2021  12:05:24,562258;9,306291E-1;1,522221E-1;1,430061E-1;9,387405E-1;;
02/12/2021  12:05:24,562358;9,304324E-1;1,369303E-1;1,316326E-1;9,384495E-1;;
02/12/2021  12:05:24,562458;9,297678E-1;1,327887E-1;1,398468E-1;9,381562E-1;;
02/12/2021  12:05:24,562558;9,303698E-1;1,340630E-1;1,291051E-1;9,378613E-1;;
02/12/2021  12:05:24,562658;9,317259E-1;1,194084E-1;1,398468E-1;9,375652E-1;;
02/12/2021  12:05:24,562758;9,310046E-1;1,397975E-1;1,284732E-1;9,372688E-1;;
02/12/2021  12:05:24,562858;9,306142E-1;1,315144E-1;1,310007E-1;9,369728E-1;;
02/12/2021  12:05:24,562958;9,303162E-1;1,216384E-1;1,335282E-1;9,366779E-1;;
02/12/2021  12:05:24,563058;9,304563E-1;1,397975E-1;1,259458E-1;9,363848E-1;;
02/12/2021  12:05:24,563158;9,309748E-1;1,356559E-1;1,073058E-1;9,360938E-1;;
02/12/2021  12:05:24,563258;9,321640E-1;1,229127E-1;1,196272E-1;9,358058E-1;;
02/12/2021  12:05:24,563358;9,313384E-1;1,082581E-1;1,177316E-1;9,355214E-1;;
02/12/2021  12:05:24,563458;9,309927E-1;1,388417E-1;1,328963E-1;9,352413E-1;;
02/12/2021  12:05:24,563558;9,322146E-1;1,315144E-1;9,277293E-2;9,349663E-1;;
02/12/2021  12:05:24,563658;9,333293E-1;1,385232E-1;1,139404E-1;9,346969E-1;;
02/12/2021  12:05:24,563758;9,333442E-1;1,254614E-1;1,139404E-1;9,344340E-1;;
02/12/2021  12:05:24,563858;9,332905E-1;1,557265E-1;1,790224E-1;9,341784E-1;;
02/12/2021  12:05:24,563958;9,328733E-1;1,397975E-1;1,322644E-1;9,339310E-1;;
02/12/2021  12:05:24,564058;9,344499E-1;1,206827E-1;1,249980E-1;9,336924E-1;;
02/12/2021  12:05:24,564158;9,352963E-1;1,146297E-1;1,332122E-1;9,334633E-1;;
02/12/2021  12:05:24,564258;9,358446E-1;1,190898E-1;1,189953E-1;9,332447E-1;;
02/12/2021  12:05:24,564358;9,353052E-1;1,340630E-1;1,436380E-1;9,330373E-1;;
02/12/2021  12:05:24,564458;9,354542E-1;1,308772E-1;1,275255E-1;9,328420E-1;;
02/12/2021  12:05:24,564558;9,368252E-1;1,168597E-1;1,212068E-1;9,326594E-1;;
02/12/2021  12:05:24,564658;9,371560E-1;1,079395E-1;1,259458E-1;9,324901E-1;;
02/12/2021  12:05:24,564758;9,373110E-1;1,273729E-1;1,294210E-1;9,323348E-1;;
02/12/2021  12:05:24,564858;9,362619E-1;1,063466E-1;9,845971E-2;9,321941E-1;;
02/12/2021  12:05:24,564958;9,363126E-1;1,570008E-1;1,600664E-1;9,320684E-1;;
02/12/2021  12:05:24,565058;9,369831E-1;1,060280E-1;1,373193E-1;9,319578E-1;;
02/12/2021  12:05:24,565158;9,369921E-1;1,079395E-1;1,158360E-1;9,318625E-1;;
02/12/2021  12:05:24,565258;9,369325E-1;1,184526E-1;1,272095E-1;9,317825E-1;;
02/12/2021  12:05:24,565358;9,359430E-1;1,006121E-1;9,972343E-2;9,317178E-1;;
02/12/2021  12:05:24,565458;9,357254E-1;9,870066E-2;9,466852E-2;9,316682E-1;;
02/12/2021  12:05:24,565558;9,365957E-1;9,806350E-2;1,328963E-1;9,316332E-1;;
02/12/2021  12:05:24,565658;9,364437E-1;1,063466E-1;1,212068E-1;9,316124E-1;;
02/12/2021  12:05:24,565758;9,358566E-1;9,838208E-2;1,177316E-1;9,316054E-1;;
02/12/2021  12:05:24,565858;9,347092E-1;8,850610E-2;9,561632E-2;9,316118E-1;;
02/12/2021  12:05:24,565958;9,346048E-1;1,149482E-1;1,335282E-1;9,316306E-1;;
02/12/2021  12:05:24,566058;9,357225E-1;1,216384E-1;1,183634E-1;9,316611E-1;;
02/12/2021  12:05:24,566158;9,360056E-1;1,413904E-1;1,474292E-1;9,317025E-1;;
02/12/2021  12:05:24,566258;9,359043E-1;1,404346E-1;1,518522E-1;9,317541E-1;;
02/12/2021  12:05:24,566358;9,349476E-1;1,448948E-1;1,208909E-1;9,318154E-1;;
02/12/2021  12:05:24,566458;9,360354E-1;1,519035E-1;1,341600E-1;9,318855E-1;;
02/12/2021  12:05:24,566558;9,373378E-1;1,668768E-1;1,745993E-1;9,319639E-1;;
02/12/2021  12:05:24,566658;9,374689E-1;1,780271E-1;1,528000E-1;9,320501E-1;;
02/12/2021  12:05:24,566758;9,374123E-1;1,751599E-1;1,455336E-1;9,321436E-1;;
02/12/2021  12:05:24,566858;9,370487E-1;1,675139E-1;1,632258E-1;9,322443E-1;;
02/12/2021  12:05:24,566958;9,380620E-1;1,656025E-1;1,534319E-1;9,323517E-1;;
02/12/2021  12:05:24,567058;9,396445E-1;1,468062E-1;1,313166E-1;9,324655E-1;;
02/12/2021  12:05:24,567158;9,397608E-1;1,292843E-1;1,306848E-1;9,325856E-1;;
02/12/2021  12:05:24,567258;9,396207E-1;1,280100E-1;1,212068E-1;9,327119E-1;;
02/12/2021  12:05:24,567358;9,394329E-1;1,471248E-1;1,502726E-1;9,328445E-1;;
02/12/2021  12:05:24,567458;9,399277E-1;1,382046E-1;1,341600E-1;9,329831E-1;;
02/12/2021  12:05:24,567558;9,416562E-1;1,073023E-1;7,034176E-2;9,331278E-1;;
02/12/2021  12:05:24,567658;9,410870E-1;1,254614E-1;1,426902E-1;9,332784E-1;;
02/12/2021  12:05:24,567758;9,410959E-1;1,044351E-1;1,054102E-1;9,334350E-1;;
02/12/2021  12:05:24,567858;9,398472E-1;1,350188E-1;1,278414E-1;9,335976E-1;;
02/12/2021  12:05:24,567958;9,414238E-1;1,480806E-1;1,613302E-1;9,337658E-1;;
02/12/2021  12:05:24,568058;9,422523E-1;1,260985E-1;1,322644E-1;9,339395E-1;;
02/12/2021  12:05:24,568158;9,430033E-1;1,066652E-1;1,227865E-1;9,341185E-1;;
02/12/2021  12:05:24,568258;9,422225E-1;1,448948E-1;1,407946E-1;9,343029E-1;;
02/12/2021  12:05:24,568358;9,415370E-1;1,413904E-1;1,376353E-1;9,344926E-1;;
02/12/2021  12:05:24,568458;9,429169E-1;1,101695E-1;1,354238E-1;9,346872E-1;;
02/12/2021  12:05:24,568558;9,438468E-1;1,264171E-1;1,278414E-1;9,348868E-1;;
02/12/2021  12:05:24,568658;9,438378E-1;1,413904E-1;1,376353E-1;9,350910E-1;;
02/12/2021  12:05:24,568758;9,435547E-1;1,327887E-1;1,388990E-1;9,353000E-1;;
02/12/2021  12:05:24,568858;9,429944E-1;1,248242E-1;1,262617E-1;9,355135E-1;;
02/12/2021  12:05:24,568958;9,437514E-1;1,353374E-1;1,300529E-1;9,357313E-1;;
02/12/2021  12:05:24,569058;9,451462E-1;1,283286E-1;1,385831E-1;9,359532E-1;;
02/12/2021  12:05:24,569158;9,444845E-1;1,362931E-1;1,360556E-1;9,361789E-1;;
02/12/2021  12:05:24,569258;9,436143E-1;1,159040E-1;1,253139E-1;9,364084E-1;;
02/12/2021  12:05:24,569358;9,435368E-1;1,206827E-1;1,234183E-1;9,366413E-1;;
02/12/2021  12:05:24,569458;9,445382E-1;1,114439E-1;1,073058E-1;9,368771E-1;;
02/12/2021  12:05:24,569558;9,454233E-1;1,235499E-1;1,344760E-1;9,371156E-1;;
02/12/2021  12:05:24,569658;9,450687E-1;1,216384E-1;1,158360E-1;9,373564E-1;;
02/12/2021  12:05:24,569758;9,442819E-1;1,229127E-1;1,246821E-1;9,375993E-1;;
02/12/2021  12:05:24,569858;9,441656E-1;1,037979E-1;9,372073E-2;9,378439E-1;;
02/12/2021  12:05:24,569958;9,457392E-1;4,071910E-2;8,234717E-2;9,380898E-1;;
02/12/2021  12:05:24,570058;9,459121E-1;1,229127E-1;1,291051E-1;9,383367E-1;;
02/12/2021  12:05:24,570158;9,455753E-1;1,286472E-1;1,262617E-1;9,385843E-1;;
02/12/2021  12:05:24,570258;9,458078E-1;1,178155E-1;1,202590E-1;9,388325E-1;;
02/12/2021  12:05:24,570358;9,462846E-1;1,073023E-1;1,531159E-1;9,390809E-1;;
02/12/2021  12:05:24,570458;9,477688E-1;1,343816E-1;1,404787E-1;9,393293E-1;;
02/12/2021  12:05:24,570558;9,487642E-1;1,254614E-1;1,287892E-1;9,395779E-1;;
02/12/2021  12:05:24,570658;9,487017E-1;1,120810E-1;1,205749E-1;9,398266E-1;;
02/12/2021  12:05:24,570758;9,481622E-1;1,018865E-1;1,120448E-1;9,400758E-1;;
02/12/2021  12:05:24,570858;9,488715E-1;1,270543E-1;1,221546E-1;9,403255E-1;;
02/12/2021  12:05:24,570958;9,511574E-1;1,264171E-1;1,284732E-1;9,405758E-1;;
02/12/2021  12:05:24,571058;9,515985E-1;1,245056E-1;1,265777E-1;9,408270E-1;;
02/12/2021  12:05:24,571158;9,517863E-1;1,286472E-1;1,303688E-1;9,410795E-1;;
02/12/2021  12:05:24,571258;9,512319E-1;1,299215E-1;1,287892E-1;9,413339E-1;;
02/12/2021  12:05:24,571358;9,516820E-1;1,130368E-1;1,158360E-1;9,415904E-1;;
02/12/2021  12:05:24,571458;9,531393E-1;8,181592E-2;1,139404E-1;9,418493E-1;;
02/12/2021  12:05:24,571558;9,541169E-1;1,136739E-1;1,104651E-1;9,421108E-1;;
02/12/2021  12:05:24,571658;9,539589E-1;1,155854E-1;1,202590E-1;9,423754E-1;;
02/12/2021  12:05:24,571758;9,530410E-1;1,079395E-1;9,308886E-2;9,426435E-1;;
02/12/2021  12:05:24,571858;9,534761E-1;1,353374E-1;1,306848E-1;9,429151E-1;;
02/12/2021  12:05:24,571958;9,546235E-1;1,127182E-1;1,246821E-1;9,431905E-1;;
02/12/2021  12:05:24,572058;9,549961E-1;1,260985E-1;1,240502E-1;9,434696E-1;;
02/12/2021  12:05:24,572158;9,548202E-1;1,324701E-1;1,319485E-1;9,437527E-1;;
02/12/2021  12:05:24,572258;9,550497E-1;1,477620E-1;1,433221E-1;9,440396E-1;;
02/12/2021  12:05:24,572358;9,562895E-1;2,670158E-2;7,160549E-2;9,443306E-1;;
02/12/2021  12:05:24,572458;9,573863E-1;1,041165E-1;1,038306E-1;9,446256E-1;;
02/12/2021  12:05:24,572558;9,576187E-1;1,267357E-1;1,110970E-1;9,449249E-1;;
02/12/2021  12:05:24,572658;9,575621E-1;1,512664E-1;1,572231E-1;9,452286E-1;;
02/12/2021  12:05:24,572758;9,577409E-1;1,165411E-1;1,139404E-1;9,455370E-1;;
02/12/2021  12:05:24,572858;9,588794E-1;1,248242E-1;1,218387E-1;9,458499E-1;;
02/12/2021  12:05:24,572958;9,595976E-1;1,139925E-1;1,231024E-1;9,461676E-1;;
02/12/2021  12:05:24,573058;9,599553E-1;1,305587E-1;1,287892E-1;9,464902E-1;;
02/12/2021  12:05:24,573158;9,600953E-1;1,327887E-1;1,483770E-1;9,468179E-1;;
02/12/2021  12:05:24,573258;9,600357E-1;1,127182E-1;1,129926E-1;9,471506E-1;;
02/12/2021  12:05:24,573358;9,613054E-1;1,047537E-1;1,114129E-1;9,474885E-1;;
02/12/2021  12:05:24,573458;9,624289E-1;1,053908E-1;1,174156E-1;9,478315E-1;;
02/12/2021  12:05:24,573558;9,627776E-1;1,334259E-1;1,319485E-1;9,481798E-1;;
02/12/2021  12:05:24,573658;9,621279E-1;1,168597E-1;1,006712E-1;9,485336E-1;;
02/12/2021  12:05:24,573758;9,622531E-1;1,248242E-1;1,265777E-1;9,488928E-1;;
02/12/2021  12:05:24,573858;9,632217E-1;2,479010E-2;8,392683E-2;9,492573E-1;;
02/12/2021  12:05:24,573958;9,638595E-1;1,503106E-1;1,461654E-1;9,496270E-1;;
02/12/2021  12:05:24,574058;9,640353E-1;1,200455E-1;1,167838E-1;9,500019E-1;;
02/12/2021  12:05:24,574158;9,641426E-1;1,139925E-1;1,139404E-1;9,503817E-1;;
02/12/2021  12:05:24,574258;9,641098E-1;1,350188E-1;1,556434E-1;9,507664E-1;;
02/12/2021  12:05:24,574358;9,652304E-1;1,452133E-1;1,698603E-1;9,511556E-1;;
02/12/2021  12:05:24,574458;9,661066E-1;1,394789E-1;1,366875E-1;9,515492E-1;;
02/12/2021  12:05:24,574558;9,658026E-1;1,292843E-1;1,445858E-1;9,519471E-1;;
02/12/2021  12:05:24,574658;9,652781E-1;1,292843E-1;1,328963E-1;9,523490E-1;;
02/12/2021  12:05:24,574758;9,648549E-1;1,159040E-1;1,240502E-1;9,527547E-1;;
02/12/2021  12:05:24,574858;9,653168E-1;1,283286E-1;1,161519E-1;9,531635E-1;;
02/12/2021  12:05:24,574958;9,655523E-1;1,187712E-1;1,186794E-1;9,535750E-1;;
02/12/2021  12:05:24,575058;9,655106E-1;1,235499E-1;1,265777E-1;9,539886E-1;;
02/12/2021  12:05:24,575158;9,652006E-1;1,251428E-1;1,246821E-1;9,544037E-1;;
02/12/2021  12:05:24,575258;9,652483E-1;1,331073E-1;1,335282E-1;9,548196E-1;;
02/12/2021  12:05:24,575358;9,659487E-1;1,442576E-1;1,436380E-1;9,552357E-1;;
02/12/2021  12:05:24,575458;9,658443E-1;1,095324E-1;1,142563E-1;9,556513E-1;;
02/12/2021  12:05:24,575558;9,654569E-1;1,022050E-1;9,688005E-2;9,560658E-1;;
02/12/2021  12:05:24,575658;9,644525E-1;1,461691E-1;1,565912E-1;9,564785E-1;;
02/12/2021  12:05:24,575758;9,646612E-1;1,264171E-1;1,262617E-1;9,568886E-1;;
02/12/2021  12:05:24,575858;9,646403E-1;8,595746E-2;9,593225E-2;9,572952E-1;;
02/12/2021  12:05:24,575958;9,645688E-1;1,229127E-1;1,234183E-1;9,576975E-1;;
02/12/2021  12:05:24,576058;9,638356E-1;1,401161E-1;1,303688E-1;9,580946E-1;;
02/12/2021  12:05:24,576158;9,634154E-1;1,378860E-1;1,486929E-1;9,584857E-1;;
02/12/2021  12:05:24,576258;9,637462E-1;1,225942E-1;1,275255E-1;9,588698E-1;;
02/12/2021  12:05:24,576358;9,636240E-1;5,441804E-2;4,696279E-2;9,592461E-1;;
02/12/2021  12:05:24,576458;9,635048E-1;1,238685E-1;1,073058E-1;9,596138E-1;;
02/12/2021  12:05:24,576558;9,629266E-1;1,241871E-1;1,291051E-1;9,599721E-1;;
02/12/2021  12:05:24,576658;9,623157E-1;1,251428E-1;1,205749E-1;9,603202E-1;;
02/12/2021  12:05:24,576758;9,619431E-1;7,130278E-2;8,677022E-2;9,606574E-1;;
02/12/2021  12:05:24,576858;9,625481E-1;1,034794E-1;1,240502E-1;9,609828E-1;;
02/12/2021  12:05:24,576958;9,617375E-1;1,111253E-1;1,177316E-1;9,612958E-1;;
02/12/2021  12:05:24,577058;9,607153E-1;1,123996E-1;1,221546E-1;9,615956E-1;;
02/12/2021  12:05:24,577158;9,606676E-1;1,104881E-1;1,199431E-1;9,618817E-1;;
02/12/2021  12:05:24,577258;9,608523E-1;2,447152E-2;4,190788E-2;9,621532E-1;;
02/12/2021  12:05:24,577358;9,611385E-1;1,098510E-1;1,189953E-1;9,624096E-1;;
02/12/2021  12:05:24,577458;9,602533E-1;1,401161E-1;1,373193E-1;9,626505E-1;;
02/12/2021  12:05:24,577558;9,592311E-1;1,037979E-1;1,218387E-1;9,628753E-1;;
02/12/2021  12:05:24,577658;9,581671E-1;9,742634E-2;1,155200E-1;9,630838E-1;;
02/12/2021  12:05:24,577758;9,583608E-1;8,978042E-2;1,060421E-1;9,632752E-1;;
02/12/2021  12:05:24,577858;9,583161E-1;1,092138E-1;1,319485E-1;9,634490E-1;;
02/12/2021  12:05:24,577958;9,576724E-1;1,060280E-1;1,126766E-1;9,636049E-1;;
02/12/2021  12:05:24,578058;9,563610E-1;9,328480E-2;1,199431E-1;9,637424E-1;;
02/12/2021  12:05:24,578158;9,556577E-1;1,034794E-1;1,152041E-1;9,638613E-1;;
02/12/2021  12:05:24,578258;9,561792E-1;8,595746E-2;9,119327E-2;9,639609E-1;;
02/12/2021  12:05:24,578358;9,552643E-1;1,041165E-1;1,174156E-1;9,640410E-1;;
02/12/2021  12:05:24,578458;9,542569E-1;9,360338E-2;1,101492E-1;9,641014E-1;;
02/12/2021  12:05:24,578558;9,534284E-1;1,053908E-1;1,189953E-1;9,641417E-1;;
02/12/2021  12:05:24,578658;9,526237E-1;1,254614E-1;1,398468E-1;9,641616E-1;;
02/12/2021  12:05:24,578758;9,530320E-1;1,372488E-1;1,736515E-1;9,641608E-1;;
02/12/2021  12:05:24,578858;9,522333E-1;1,241871E-1;1,332122E-1;9,641392E-1;;
02/12/2021  12:05:24,578958;9,509041E-1;1,334259E-1;1,388990E-1;9,640966E-1;;
02/12/2021  12:05:24,579058;9,501799E-1;1,372488E-1;1,354238E-1;9,640329E-1;;
02/12/2021  12:05:24,579158;9,488119E-1;1,433019E-1;1,253139E-1;9,639478E-1;;
02/12/2021  12:05:24,579258;9,492202E-1;1,576380E-1;1,471132E-1;9,638413E-1;;
02/12/2021  12:05:24,579358;9,481980E-1;1,665582E-1;1,467973E-1;9,637131E-1;;
02/12/2021  12:05:24,579458;9,473486E-1;1,624167E-1;1,467973E-1;9,635633E-1;;
02/12/2021  12:05:24,579558;9,456498E-1;1,761156E-1;1,606983E-1;9,633917E-1;;
02/12/2021  12:05:24,579658;9,443445E-1;1,757970E-1;1,458495E-1;9,631983E-1;;
02/12/2021  12:05:24,579758;9,439004E-1;1,595494E-1;1,477451E-1;9,629828E-1;;
02/12/2021  12:05:24,579858;9,431494E-1;1,474434E-1;1,455336E-1;9,627451E-1;;
02/12/2021  12:05:24,579958;9,413522E-1;1,401161E-1;1,471132E-1;9,624849E-1;;
02/12/2021  12:05:24,580058;9,402048E-1;1,280100E-1;1,436380E-1;9,622021E-1;;
02/12/2021  12:05:24,580158;9,393405E-1;1,343816E-1;1,344760E-1;9,618965E-1;;
02/12/2021  12:05:24,580258;9,383541E-1;1,401161E-1;1,439539E-1;9,615678E-1;;
02/12/2021  12:05:24,580358;9,375822E-1;1,340630E-1;1,316326E-1;9,612159E-1;;
02/12/2021  12:05:24,580458;9,361427E-1;1,232313E-1;1,313166E-1;9,608406E-1;;
02/12/2021  12:05:24,580558;9,345899E-1;9,615202E-2;8,013565E-2;9,604419E-1;;
02/12/2021  12:05:24,580658;9,338508E-1;1,286472E-1;1,297370E-1;9,600195E-1;;
02/12/2021  12:05:24,580758;9,334276E-1;1,404346E-1;1,651214E-1;9,595734E-1;;
02/12/2021  12:05:24,580858;9,322385E-1;1,276914E-1;1,275255E-1;9,591036E-1;;
02/12/2021  12:05:24,580958;9,307215E-1;1,480806E-1;1,449017E-1;9,586102E-1;;
02/12/2021  12:05:24,581058;9,295681E-1;1,200455E-1;1,085695E-1;9,580931E-1;;
02/12/2021  12:05:24,581158;9,287337E-1;1,388417E-1;1,297370E-1;9,575526E-1;;
02/12/2021  12:05:24,581258;9,288350E-1;1,382046E-1;1,272095E-1;9,569887E-1;;
02/12/2021  12:05:24,581358;9,278425E-1;1,280100E-1;1,079377E-1;9,564017E-1;;
02/12/2021  12:05:24,581458;9,260633E-1;1,385232E-1;1,385831E-1;9,557921E-1;;
02/12/2021  12:05:24,581558;9,251454E-1;1,222756E-1;1,205749E-1;9,551602E-1;;
02/12/2021  12:05:24,581658;9,247132E-1;1,206827E-1;1,060421E-1;9,545064E-1;;
02/12/2021  12:05:24,581758;9,244748E-1;1,152668E-1;9,940750E-2;9,538313E-1;;
02/12/2021  12:05:24,581858;9,233661E-1;1,315144E-1;1,170997E-1;9,531354E-1;;
02/12/2021  12:05:24,581958;9,222664E-1;1,350188E-1;1,332122E-1;9,524194E-1;;
02/12/2021  12:05:24,582058;9,222187E-1;1,053908E-1;1,177316E-1;9,516841E-1;;
02/12/2021  12:05:24,582158;9,221919E-1;1,235499E-1;1,338441E-1;9,509302E-1;;
02/12/2021  12:05:24,582258;9,222753E-1;1,468062E-1;1,641736E-1;9,501589E-1;;
02/12/2021  12:05:24,582358;9,218909E-1;1,382046E-1;1,392149E-1;9,493712E-1;;
02/12/2021  12:05:24,582458;9,204961E-1;1,139925E-1;1,069899E-1;9,485684E-1;;
02/12/2021  12:05:24,582558;9,198047E-1;1,375674E-1;1,824976E-1;9,477518E-1;;
02/12/2021  12:05:24,582658;9,202517E-1;1,531778E-1;1,449017E-1;9,469226E-1;;
02/12/2021  12:05:24,582758;9,204454E-1;1,471248E-1;1,373193E-1;9,460822E-1;;
02/12/2021  12:05:24,582858;9,194917E-1;1,340630E-1;1,354238E-1;9,452318E-1;;
02/12/2021  12:05:24,582958;9,185977E-1;1,257800E-1;1,079377E-1;9,443730E-1;;
02/12/2021  12:05:24,583058;9,184218E-1;1,334259E-1;1,189953E-1;9,435072E-1;;
02/12/2021  12:05:24,583158;9,182132E-1;1,640096E-1;2,232528E-1;9,426358E-1;;
02/12/2021  12:05:24,583258;9,181506E-1;1,127182E-1;1,177316E-1;9,417599E-1;;
02/12/2021  12:05:24,583358;9,174502E-1;1,082581E-1;1,297370E-1;9,408812E-1;;
02/12/2021  12:05:24,583458;9,162641E-1;1,273729E-1;1,256299E-1;9,400009E-1;;
02/12/2021  12:05:24,583558;9,157276E-1;1,448948E-1;1,395309E-1;9,391202E-1;;
02/12/2021  12:05:24,583658;9,157336E-1;1,130368E-1;1,202590E-1;9,382403E-1;;
02/12/2021  12:05:24,583758;9,151554E-1;1,292843E-1;1,328963E-1;9,373623E-1;;
02/12/2021  12:05:24,583858;9,145355E-1;1,299215E-1;1,436380E-1;9,364871E-1;;
02/12/2021  12:05:24,583958;9,139335E-1;1,480806E-1;1,486929E-1;9,356159E-1;;
02/12/2021  12:05:24,584058;9,136504E-1;1,601866E-1;1,663851E-1;9,347495E-1;;
02/12/2021  12:05:24,584158;9,151047E-1;1,028422E-1;1,145722E-1;9,338889E-1;;
02/12/2021  12:05:24,584258;9,141004E-1;1,178155E-1;1,199431E-1;9,330351E-1;;
02/12/2021  12:05:24,584358;9,134805E-1;1,388417E-1;1,284732E-1;9,321891E-1;;
02/12/2021  12:05:24,584458;9,132838E-1;2,016020E-1;1,948190E-1;9,313520E-1;;
02/12/2021  12:05:24,584558;9,134477E-1;1,136739E-1;1,016190E-1;9,305247E-1;;
02/12/2021  12:05:24,584658;9,141630E-1;1,873708E-2;5,549295E-2;9,297080E-1;;
02/12/2021  12:05:24,584758;9,143209E-1;1,225942E-1;1,291051E-1;9,289030E-1;;
02/12/2021  12:05:24,584858;9,141957E-1;1,410718E-1;1,284732E-1;9,281108E-1;;
02/12/2021  12:05:24,584958;9,140885E-1;6,270112E-2;1,038306E-1;9,273323E-1;;
02/12/2021  12:05:24,585058;9,146815E-1;1,369303E-1;1,325804E-1;9,265685E-1;;
02/12/2021  12:05:24,585158;9,155041E-1;7,385142E-2;7,444887E-2;9,258206E-1;;
02/12/2021  12:05:24,585258;9,149766E-1;1,302401E-1;1,654373E-1;9,250895E-1;;
02/12/2021  12:05:24,585358;9,151882E-1;1,385232E-1;1,354238E-1;9,243764E-1;;
02/12/2021  12:05:24,585458;9,140318E-1;1,178155E-1;1,133085E-1;9,236820E-1;;
02/12/2021  12:05:24,585558;9,145504E-1;7,799296E-2;9,593225E-2;9,230071E-1;;
02/12/2021  12:05:24,585658;9,149736E-1;1,423461E-1;1,426902E-1;9,223525E-1;;
02/12/2021  12:05:24,585758;9,140855E-1;1,436204E-1;1,401627E-1;9,217186E-1;;
02/12/2021  12:05:24,585858;9,150332E-1;1,391603E-1;1,313166E-1;9,211060E-1;;
02/12/2021  12:05:24,585958;9,145444E-1;1,245056E-1;1,215227E-1;9,205151E-1;;
02/12/2021  12:05:24,586058;9,154236E-1;1,573194E-1;1,610142E-1;9,199463E-1;;
02/12/2021  12:05:24,586158;9,165800E-1;1,423461E-1;1,411105E-1;9,194002E-1;;
02/12/2021  12:05:24,586258;9,163624E-1;1,324701E-1;1,259458E-1;9,188770E-1;;
02/12/2021  12:05:24,586358;9,167320E-1;1,168597E-1;1,275255E-1;9,183775E-1;;
02/12/2021  12:05:24,586458;9,164667E-1;1,254614E-1;1,253139E-1;9,179020E-1;;
02/12/2021  12:05:24,586558;9,173847E-1;1,550893E-1;1,467973E-1;9,174508E-1;;
02/12/2021  12:05:24,586658;9,181327E-1;1,436204E-1;1,531159E-1;9,170244E-1;;
02/12/2021  12:05:24,586758;9,183771E-1;1,391603E-1;1,164678E-1;9,166229E-1;;
02/12/2021  12:05:24,586858;9,188003E-1;1,133553E-1;1,325804E-1;9,162469E-1;;
02/12/2021  12:05:24,586958;9,188957E-1;1,407532E-1;1,332122E-1;9,158965E-1;;
02/12/2021  12:05:24,587058;9,208537E-1;9,678918E-2;9,624818E-2;9,155721E-1;;
02/12/2021  12:05:24,587158;9,214558E-1;1,178155E-1;1,249980E-1;9,152739E-1;;
02/12/2021  12:05:24,587258;9,216018E-1;1,184526E-1;1,186794E-1;9,150024E-1;;
02/12/2021  12:05:24,587358;9,213574E-1;1,222756E-1;1,158360E-1;9,147578E-1;;
02/12/2021  12:05:24,587458;9,214021E-1;1,534964E-1;1,594346E-1;9,145404E-1;;
02/12/2021  12:05:24,587558;9,229310E-1;1,579565E-1;1,799702E-1;9,143502E-1;;
02/12/2021  12:05:24,587658;9,234347E-1;1,146297E-1;1,240502E-1;9,141872E-1;;
02/12/2021  12:05:24,587758;9,237476E-1;1,235499E-1;1,256299E-1;9,140514E-1;;
02/12/2021  12:05:24,587858;9,239771E-1;1,439390E-1;1,338441E-1;9,139428E-1;;
02/12/2021  12:05:24,587958;9,246715E-1;1,359745E-1;1,363715E-1;9,138614E-1;;
02/12/2021  12:05:24,588058;9,257712E-1;1,276914E-1;1,310007E-1;9,138069E-1;;
02/12/2021  12:05:24,588158;9,271958E-1;1,283286E-1;1,275255E-1;9,137793E-1;;
02/12/2021  12:05:24,588258;9,276935E-1;1,372488E-1;1,366875E-1;9,137786E-1;;
02/12/2021  12:05:24,588358;9,276131E-1;1,327887E-1;1,328963E-1;9,138047E-1;;
02/12/2021  12:05:24,588458;9,284505E-1;1,108067E-1;1,088855E-1;9,138575E-1;;
02/12/2021  12:05:24,588558;9,297529E-1;1,155854E-1;1,189953E-1;9,139368E-1;;
02/12/2021  12:05:24,588658;9,303698E-1;1,225942E-1;1,186794E-1;9,140424E-1;;
02/12/2021  12:05:24,588758;9,309331E-1;1,270543E-1;1,322644E-1;9,141742E-1;;
02/12/2021  12:05:24,588858;9,310613E-1;9,009900E-2;1,170997E-1;9,143319E-1;;
02/12/2021  12:05:24,588958;9,314606E-1;1,369303E-1;1,287892E-1;9,145152E-1;;
02/12/2021  12:05:24,589058;9,335051E-1;8,181592E-2;1,038306E-1;9,147238E-1;;
02/12/2021  12:05:24,589158;9,337882E-1;1,292843E-1;1,268936E-1;9,149572E-1;;
02/12/2021  12:05:24,589258;9,338538E-1;1,407532E-1;1,322644E-1;9,152150E-1;;
02/12/2021  12:05:24,589358;9,342621E-1;1,315144E-1;1,404787E-1;9,154970E-1;;
02/12/2021  12:05:24,589458;9,347658E-1;1,245056E-1;1,224705E-1;9,158024E-1;;
02/12/2021  12:05:24,589558;9,359937E-1;1,162226E-1;1,537478E-1;9,161308E-1;;
02/12/2021  12:05:24,589658;9,365540E-1;1,519035E-1;1,471132E-1;9,164814E-1;;
02/12/2021  12:05:24,589758;9,365510E-1;1,232313E-1;1,205749E-1;9,168536E-1;;
02/12/2021  12:05:24,589858;9,375971E-1;1,037979E-1;1,155200E-1;9,172469E-1;;
02/12/2021  12:05:24,589958;9,384643E-1;1,041165E-1;1,142563E-1;9,176605E-1;;
02/12/2021  12:05:24,590058;9,398502E-1;1,143111E-1;1,148882E-1;9,180937E-1;;
02/12/2021  12:05:24,590158;9,405923E-1;4,868360E-2;5,422923E-2;9,185459E-1;;
02/12/2021  12:05:24,590258;9,417009E-1;1,015679E-1;1,120448E-1;9,190167E-1;;
02/12/2021  12:05:24,590358;9,423268E-1;1,092138E-1;1,170997E-1;9,195056E-1;;
02/12/2021  12:05:24,590458;9,438170E-1;7,671864E-2;6,907803E-2;9,200121E-1;;
02/12/2021  12:05:24,590558;9,457869E-1;1,159040E-1;1,066739E-1;9,205359E-1;;
02/12/2021  12:05:24,590658;9,460283E-1;1,031608E-1;1,088855E-1;9,210767E-1;;
02/12/2021  12:05:24,590758;9,468569E-1;1,060280E-1;1,189953E-1;9,216343E-1;;
02/12/2021  12:05:24,590858;9,477360E-1;9,137332E-2;9,624818E-2;9,222085E-1;;
02/12/2021  12:05:24,590958;9,495540E-1;1,022050E-1;1,152041E-1;9,227989E-1;;
02/12/2021  12:05:24,591058;9,514316E-1;1,053908E-1;1,385831E-1;9,234055E-1;;
02/12/2021  12:05:24,591158;9,524896E-1;1,022050E-1;1,114129E-1;9,240282E-1;;
02/12/2021  12:05:24,591258;9,523823E-1;2,702016E-2;4,096008E-2;9,246669E-1;;
02/12/2021  12:05:24,591358;9,529277E-1;1,108067E-1;1,493248E-1;9,253217E-1;;
02/12/2021  12:05:24,591458;9,538546E-1;1,063466E-1;1,205749E-1;9,259921E-1;;
02/12/2021  12:05:24,591558;9,551838E-1;9,264764E-2;1,066739E-1;9,266779E-1;;
02/12/2021  12:05:24,591658;9,554908E-1;9,647060E-2;1,126766E-1;9,273787E-1;;
02/12/2021  12:05:24,591758;9,556338E-1;1,215178E-3;7,792413E-2;9,280942E-1;;
02/12/2021  12:05:24,591858;9,560421E-1;1,270543E-1;9,593225E-2;9,288237E-1;;
02/12/2021  12:05:24,591958;9,570912E-1;1,764342E-1;1,581709E-1;9,295666E-1;;
02/12/2021  12:05:24,592058;9,581015E-1;1,276914E-1;1,287892E-1;9,303223E-1;;
02/12/2021  12:05:24,592158;9,583101E-1;1,547707E-1;1,648054E-1;9,310899E-1;;
02/12/2021  12:05:24,592258;9,581790E-1;1,608238E-1;1,452176E-1;9,318689E-1;;
02/12/2021  12:05:24,592358;9,582714E-1;1,550893E-1;1,490088E-1;9,326583E-1;;
02/12/2021  12:05:24,592458;9,594576E-1;1,098510E-1;9,909157E-2;9,334570E-1;;
02/12/2021  12:05:24,592558;9,595619E-1;1,656025E-1;1,474292E-1;9,342642E-1;;
02/12/2021  12:05:24,592658;9,597616E-1;1,840801E-1;1,853410E-1;9,350788E-1;;
02/12/2021  12:05:24,592758;9,593056E-1;1,570008E-1;1,493248E-1;9,358996E-1;;
02/12/2021  12:05:24,592858;9,596155E-1;1,315144E-1;1,281573E-1;9,367255E-1;;
02/12/2021  12:05:24,592958;9,606735E-1;1,213198E-1;1,218387E-1;9,375551E-1;;
02/12/2021  12:05:24,593058;9,609298E-1;1,165411E-1;1,218387E-1;9,383872E-1;;
02/12/2021  12:05:24,593158;9,607093E-1;1,197269E-1;1,019350E-1;9,392207E-1;;
02/12/2021  12:05:24,593258;9,600566E-1;9,965640E-2;1,142563E-1;9,400543E-1;;
02/12/2021  12:05:24,593358;9,598808E-1;1,079395E-1;1,110970E-1;9,408867E-1;;
02/12/2021  12:05:24,593458;9,607063E-1;1,149482E-1;1,167838E-1;9,417163E-1;;
02/12/2021  12:05:24,593558;9,609686E-1;1,388417E-1;1,401627E-1;9,425419E-1;;
02/12/2021  12:05:24,593658;9,607898E-1;1,123996E-1;1,044624E-1;9,433620E-1;;
02/12/2021  12:05:24,593758;9,606646E-1;9,615202E-2;1,054102E-1;9,441755E-1;;
02/12/2021  12:05:24,593858;9,612189E-1;1,073023E-1;1,177316E-1;9,449810E-1;;
02/12/2021  12:05:24,593958;9,615766E-1;8,659462E-2;1,139404E-1;9,457774E-1;;
02/12/2021  12:05:24,594058;9,614931E-1;1,302401E-1;1,041465E-1;9,465635E-1;;
02/12/2021  12:05:24,594158;9,612487E-1;1,114439E-1;1,142563E-1;9,473383E-1;;
02/12/2021  12:05:24,594258;9,608971E-1;1,203641E-1;1,155200E-1;9,481007E-1;;
02/12/2021  12:05:24,594358;9,610967E-1;1,184526E-1;1,268936E-1;9,488496E-1;;
02/12/2021  12:05:24,594458;9,616540E-1;-2,427122E-2;5,043804E-2;9,495841E-1;;
02/12/2021  12:05:24,594558;9,617435E-1;1,187712E-1;1,208909E-1;9,503032E-1;;
02/12/2021  12:05:24,594658;9,608732E-1;1,088952E-1;1,164678E-1;9,510061E-1;;
02/12/2021  12:05:24,594758;9,604947E-1;1,123996E-1;1,193112E-1;9,516920E-1;;
02/12/2021  12:05:24,594858;9,608255E-1;9,105474E-2;1,054102E-1;9,523600E-1;;
02/12/2021  12:05:24,594958;9,609716E-1;1,362931E-1;1,243661E-1;9,530093E-1;;
02/12/2021  12:05:24,595058;9,611444E-1;1,292843E-1;1,212068E-1;9,536391E-1;;
02/12/2021  12:05:24,595158;9,607004E-1;1,254614E-1;1,433221E-1;9,542490E-1;;
02/12/2021  12:05:24,595258;9,588466E-1;1,264171E-1;1,338441E-1;9,548382E-1;;
02/12/2021  12:05:24,595358;9,588973E-1;1,311958E-1;1,253139E-1;9,554062E-1;;
02/12/2021  12:05:24,595458;9,591297E-1;1,146297E-1;1,313166E-1;9,559521E-1;;
02/12/2021  12:05:24,595558;9,587900E-1;1,133553E-1;1,126766E-1;9,564752E-1;;
02/12/2021  12:05:24,595658;9,575591E-1;1,296029E-1;1,461654E-1;9,569751E-1;;
02/12/2021  12:05:24,595758;9,566620E-1;1,327887E-1;1,281573E-1;9,574509E-1;;
02/12/2021  12:05:24,595858;9,570316E-1;1,327887E-1;1,221546E-1;9,579021E-1;;
02/12/2021  12:05:24,595958;9,570227E-1;1,108067E-1;1,234183E-1;9,583280E-1;;
02/12/2021  12:05:24,596058;9,565548E-1;1,225942E-1;1,265777E-1;9,587283E-1;;
02/12/2021  12:05:24,596158;9,555444E-1;1,347002E-1;1,351078E-1;9,591024E-1;;
02/12/2021  12:05:24,596258;9,547815E-1;8,223938E-3;8,139938E-2;9,594501E-1;;
02/12/2021  12:05:24,596358;9,552822E-1;1,111253E-1;1,695444E-1;9,597710E-1;;
02/12/2021  12:05:24,596458;9,552583E-1;1,152668E-1;1,180475E-1;9,600648E-1;;
02/12/2021  12:05:24,596558;9,544417E-1;1,299215E-1;1,316326E-1;9,603314E-1;;
02/12/2021  12:05:24,596658;9,535566E-1;1,382046E-1;1,303688E-1;9,605708E-1;;
02/12/2021  12:05:24,596758;9,535566E-1;1,347002E-1;1,347919E-1;9,607830E-1;;
02/12/2021  12:05:24,596858;9,537384E-1;1,079395E-1;1,221546E-1;9,609678E-1;;
02/12/2021  12:05:24,596958;9,536877E-1;1,305587E-1;1,300529E-1;9,611256E-1;;
02/12/2021  12:05:24,597058;9,535774E-1;1,385232E-1;1,474292E-1;9,612567E-1;;
02/12/2021  12:05:24,597158;9,527102E-1;1,216384E-1;1,208909E-1;9,613613E-1;;
02/12/2021  12:05:24,597258;9,516909E-1;9,710776E-2;7,792413E-2;9,614400E-1;;
02/12/2021  12:05:24,597358;9,521737E-1;1,171783E-1;1,123607E-1;9,614931E-1;;
02/12/2021  12:05:24,597458;9,525075E-1;1,366117E-1;1,388990E-1;9,615210E-1;;
02/12/2021  12:05:24,597558;9,518906E-1;1,190898E-1;1,388990E-1;9,615244E-1;;
02/12/2021  12:05:24,597658;9,506627E-1;1,184526E-1;1,325804E-1;9,615039E-1;;
02/12/2021  12:05:24,597758;9,502663E-1;1,286472E-1;1,310007E-1;9,614601E-1;;
02/12/2021  12:05:24,597858;9,506925E-1;7,608148E-2;9,466852E-2;9,613936E-1;;
02/12/2021  12:05:24,597958;9,506657E-1;1,331073E-1;1,294210E-1;9,613049E-1;;
02/12/2021  12:05:24,598058;9,501382E-1;1,286472E-1;1,196272E-1;9,611949E-1;;
02/12/2021  12:05:24,598158;9,488090E-1;1,222756E-1;1,490088E-1;9,610643E-1;;
02/12/2021  12:05:24,598258;9,483708E-1;1,296029E-1;1,338441E-1;9,609138E-1;;
02/12/2021  12:05:24,598358;9,486540E-1;1,331073E-1;1,398468E-1;9,607441E-1;;
02/12/2021  12:05:24,598458;9,479000E-1;1,417090E-1;1,404787E-1;9,605557E-1;;
02/12/2021  12:05:24,598558;9,465350E-1;1,280100E-1;1,237343E-1;9,603493E-1;;
02/12/2021  12:05:24,598658;9,460045E-1;1,286472E-1;1,287892E-1;9,601256E-1;;
02/12/2021  12:05:24,598758;9,456320E-1;1,388417E-1;1,376353E-1;9,598849E-1;;
02/12/2021  12:05:24,598858;9,456171E-1;1,391603E-1;1,294210E-1;9,596279E-1;;
02/12/2021  12:05:24,598958;9,451640E-1;1,292843E-1;1,376353E-1;9,593550E-1;;
02/12/2021  12:05:24,599058;9,434832E-1;1,273729E-1;1,306848E-1;9,590668E-1;;
02/12/2021  12:05:24,599158;9,423149E-1;1,260985E-1;1,335282E-1;9,587637E-1;;
02/12/2021  12:05:24,599258;9,420645E-1;1,366117E-1;1,430061E-1;9,584461E-1;;
02/12/2021  12:05:24,599358;9,420824E-1;1,292843E-1;1,202590E-1;9,581143E-1;;
02/12/2021  12:05:24,599458;9,414148E-1;1,292843E-1;1,272095E-1;9,577685E-1;;
02/12/2021  12:05:24,599558;9,402853E-1;1,289658E-1;1,281573E-1;9,574093E-1;;
02/12/2021  12:05:24,599658;9,393286E-1;1,280100E-1;1,199431E-1;9,570369E-1;;
02/12/2021  12:05:24,599758;9,396266E-1;1,311958E-1;1,174156E-1;9,566516E-1;;
02/12/2021  12:05:24,599858;9,392690E-1;1,452133E-1;1,739675E-1;9,562538E-1;;
02/12/2021  12:05:24,599958;9,384494E-1;1,248242E-1;1,262617E-1;9,558439E-1;;
02/12/2021  12:05:24,600058;9,374153E-1;1,369303E-1;1,414265E-1;9,554224E-1;;
02/12/2021  12:05:24,600158;9,360861E-1;1,452133E-1;1,382671E-1;9,549897E-1;;
02/12/2021  12:05:24,600258;9,366613E-1;1,343816E-1;1,196272E-1;9,545459E-1;;
02/12/2021  12:05:24,600358;9,365301E-1;1,267357E-1;1,373193E-1;9,540914E-1;;
02/12/2021  12:05:24,600458;9,358417E-1;1,388417E-1;1,417424E-1;9,536268E-1;;
02/12/2021  12:05:24,600558;9,347688E-1;1,496735E-1;1,499566E-1;9,531525E-1;;
02/12/2021  12:05:24,600658;9,346019E-1;1,477620E-1;1,771268E-1;9,526689E-1;;
02/12/2021  12:05:24,600758;9,353022E-1;1,063466E-1;1,126766E-1;9,521766E-1;;
02/12/2021  12:05:24,600858;9,352098E-1;1,340630E-1;1,316326E-1;9,516762E-1;;
02/12/2021  12:05:24,600958;9,344588E-1;1,369303E-1;1,392149E-1;9,511683E-1;;
02/12/2021  12:05:24,601058;9,334127E-1;1,436204E-1;1,316326E-1;9,506539E-1;;
02/12/2021  12:05:24,601158;9,325484E-1;1,391603E-1;1,322644E-1;9,501334E-1;;
02/12/2021  12:05:24,601258;9,319732E-1;1,216384E-1;1,483770E-1;9,496074E-1;;
02/12/2021  12:05:24,601358;9,328137E-1;1,260985E-1;1,284732E-1;9,490765E-1;;
02/12/2021  12:05:24,601458;9,316454E-1;1,315144E-1;1,344760E-1;9,485411E-1;;
02/12/2021  12:05:24,601558;9,305785E-1;1,264171E-1;1,249980E-1;9,480019E-1;;
02/12/2021  12:05:24,601658;9,300480E-1;8,595746E-2;1,000394E-1;9,474592E-1;;
02/12/2021  12:05:24,601758;9,308348E-1;1,407532E-1;1,417424E-1;9,469137E-1;;
02/12/2021  12:05:24,601858;9,301821E-1;1,509478E-1;1,474292E-1;9,463656E-1;;
02/12/2021  12:05:24,601958;9,298691E-1;1,407532E-1;1,360556E-1;9,458157E-1;;
02/12/2021  12:05:24,602058;9,286979E-1;7,640006E-2;8,297904E-2;9,452644E-1;;
02/12/2021  12:05:24,602158;9,284833E-1;1,426647E-1;1,382671E-1;9,447121E-1;;
02/12/2021  12:05:24,602258;9,292343E-1;1,678325E-1;1,401627E-1;9,441595E-1;;
02/12/2021  12:05:24,602358;9,284535E-1;1,248242E-1;1,357397E-1;9,436068E-1;;
02/12/2021  12:05:24,602458;9,281644E-1;1,318330E-1;1,300529E-1;9,430548E-1;;
02/12/2021  12:05:24,602558;9,274342E-1;1,267357E-1;1,110970E-1;9,425039E-1;;
02/12/2021  12:05:24,602658;9,271183E-1;1,474434E-1;1,445858E-1;9,419546E-1;;
02/12/2021  12:05:24,602758;9,277502E-1;1,350188E-1;1,360556E-1;9,414073E-1;;
02/12/2021  12:05:24,602858;9,280333E-1;1,512664E-1;1,951349E-1;9,408625E-1;;
02/12/2021  12:05:24,602958;9,272554E-1;1,111253E-1;1,180475E-1;9,403209E-1;;
02/12/2021  12:05:24,603058;9,259888E-1;1,133553E-1;1,142563E-1;9,397831E-1;;
02/12/2021  12:05:24,603158;9,254851E-1;1,385232E-1;1,613302E-1;9,392494E-1;;
02/12/2021  12:05:24,603258;9,258040E-1;3,562182E-2;8,234717E-2;9,387202E-1;;
02/12/2021  12:05:24,603358;9,264060E-1;1,165411E-1;1,189953E-1;9,381957E-1;;
02/12/2021  12:05:24,603458;9,257057E-1;1,009307E-1;1,050943E-1;9,376765E-1;;
02/12/2021  12:05:24,603558;9,253301E-1;1,311958E-1;1,325804E-1;9,371629E-1;;
02/12/2021  12:05:24,603658;9,256759E-1;9,710776E-2;1,243661E-1;9,366553E-1;;
02/12/2021  12:05:24,603758;9,264180E-1;9,519628E-2;1,073058E-1;9,361543E-1;;
02/12/2021  12:05:24,603858;9,264984E-1;8,691320E-2;8,361090E-2;9,356602E-1;;
02/12/2021  12:05:24,603958;9,259977E-1;1,047537E-1;1,423743E-1;9,351737E-1;;
02/12/2021  12:05:24,604058;9,252378E-1;1,041165E-1;1,164678E-1;9,346953E-1;;
02/12/2021  12:05:24,604158;9,259441E-1;1,012493E-1;1,092014E-1;9,342256E-1;;
02/12/2021  12:05:24,604258;9,267786E-1;1,178155E-1;1,480610E-1;9,337649E-1;;
02/12/2021  12:05:24,604358;9,268203E-1;1,203641E-1;1,227865E-1;9,333138E-1;;
02/12/2021  12:05:24,604458;9,264358E-1;1,410718E-1;1,603824E-1;9,328729E-1;;
02/12/2021  12:05:24,604558;9,261974E-1;1,095324E-1;1,164678E-1;9,324427E-1;;
02/12/2021  12:05:24,604658;9,276667E-1;8,245308E-2;1,133085E-1;9,320238E-1;;
02/12/2021  12:05:24,604758;9,278217E-1;1,168597E-1;1,379512E-1;9,316167E-1;;
02/12/2021  12:05:24,604858;9,279975E-1;1,315144E-1;1,360556E-1;9,312221E-1;;
02/12/2021  12:05:24,604958;9,268382E-1;1,382046E-1;1,281573E-1;9,308405E-1;;
02/12/2021  12:05:24,605058;9,263464E-1;1,770713E-1;1,692285E-1;9,304724E-1;;
02/12/2021  12:05:24,605158;9,266951E-1;1,503106E-1;1,556434E-1;9,301179E-1;;
02/12/2021  12:05:24,605258;9,266921E-1;1,585937E-1;1,474292E-1;9,297774E-1;;
02/12/2021  12:05:24,605358;9,267398E-1;1,840801E-1;1,584868E-1;9,294508E-1;;
02/12/2021  12:05:24,605458;9,261974E-1;1,773899E-1;1,474292E-1;9,291383E-1;;
02/12/2021  12:05:24,605558;9,258189E-1;1,531778E-1;1,543797E-1;9,288398E-1;;
02/12/2021  12:05:24,605658;9,268114E-1;1,652839E-1;1,638576E-1;9,285552E-1;;
02/12/2021  12:05:24,605758;9,272882E-1;1,630538E-1;1,483770E-1;9,282846E-1;;
02/12/2021  12:05:24,605858;9,273925E-1;1,509478E-1;1,452176E-1;9,280278E-1;;
02/12/2021  12:05:24,605958;9,268143E-1;1,350188E-1;1,357397E-1;9,277850E-1;;
02/12/2021  12:05:24,606058;9,267190E-1;9,519628E-2;8,771802E-2;9,275562E-1;;
02/12/2021  12:05:24,606158;9,276429E-1;1,382046E-1;1,328963E-1;9,273411E-1;;
02/12/2021  12:05:24,606258;9,283492E-1;1,321516E-1;1,306848E-1;9,271397E-1;;
02/12/2021  12:05:24,606358;9,285221E-1;1,232313E-1;1,275255E-1;9,269521E-1;;
02/12/2021  12:05:24,606458;9,280273E-1;9,742634E-2;1,038306E-1;9,267783E-1;;
02/12/2021  12:05:24,606558;9,282061E-1;1,429833E-1;1,420583E-1;9,266183E-1;;
02/12/2021  12:05:24,606658;9,295085E-1;1,356559E-1;1,167838E-1;9,264720E-1;;
02/12/2021  12:05:24,606758;9,294459E-1;1,299215E-1;1,351078E-1;9,263395E-1;;
02/12/2021  12:05:24,606858;9,294728E-1;1,260985E-1;1,212068E-1;9,262207E-1;;
02/12/2021  12:05:24,606958;9,285668E-1;4,135626E-2;8,550650E-2;9,261157E-1;;
02/12/2021  12:05:24,607058;9,292343E-1;1,404346E-1;1,398468E-1;9,260243E-1;;
02/12/2021  12:05:24,607158;9,295622E-1;1,267357E-1;1,221546E-1;9,259462E-1;;
02/12/2021  12:05:24,607258;9,294251E-1;1,560451E-1;1,433221E-1;9,258812E-1;;
02/12/2021  12:05:24,607358;9,291509E-1;1,178155E-1;1,133085E-1;9,258292E-1;;
02/12/2021  12:05:24,607458;9,290496E-1;1,461691E-1;1,490088E-1;9,257896E-1;;
02/12/2021  12:05:24,607558;9,294638E-1;1,423461E-1;1,407946E-1;9,257622E-1;;
02/12/2021  12:05:24,607658;9,303430E-1;1,146297E-1;8,961361E-2;9,257466E-1;;
02/12/2021  12:05:24,607758;9,304443E-1;1,210013E-1;1,126766E-1;9,257424E-1;;
02/12/2021  12:05:24,607858;9,300569E-1;1,152668E-1;1,227865E-1;9,257494E-1;;
02/12/2021  12:05:24,607958;9,299913E-1;1,385232E-1;1,351078E-1;9,257672E-1;;
02/12/2021  12:05:24,608058;9,306559E-1;1,229127E-1;1,240502E-1;9,257954E-1;;
02/12/2021  12:05:24,608158;9,319166E-1;1,162226E-1;7,792413E-2;9,258338E-1;;
02/12/2021  12:05:24,608258;9,314964E-1;1,270543E-1;1,294210E-1;9,258821E-1;;
02/12/2021  12:05:24,608358;9,319315E-1;1,423461E-1;1,430061E-1;9,259400E-1;;
02/12/2021  12:05:24,608458;9,318004E-1;9,201048E-2;1,031987E-1;9,260074E-1;;
02/12/2021  12:05:24,608558;9,333263E-1;1,273729E-1;1,231024E-1;9,260841E-1;;
02/12/2021  12:05:24,608658;9,338061E-1;1,550893E-1;1,818658E-1;9,261699E-1;;
02/12/2021  12:05:24,608758;9,339641E-1;1,324701E-1;1,338441E-1;9,262648E-1;;
02/12/2021  12:05:24,608858;9,334395E-1;1,292843E-1;1,328963E-1;9,263688E-1;;
02/12/2021  12:05:24,608958;9,324322E-1;1,270543E-1;1,351078E-1;9,264818E-1;;
02/12/2021  12:05:24,609058;9,333472E-1;1,219570E-1;1,243661E-1;9,266033E-1;;
02/12/2021  12:05:24,609158;9,342025E-1;1,321516E-1;1,341600E-1;9,267331E-1;;
02/12/2021  12:05:24,609258;9,339462E-1;1,305587E-1;1,294210E-1;9,268708E-1;;
02/12/2021  12:05:24,609358;9,334813E-1;1,225942E-1;1,291051E-1;9,270161E-1;;
02/12/2021  12:05:24,609458;9,336988E-1;9,264764E-2;5,580889E-2;9,271686E-1;;
02/12/2021  12:05:24,609558;9,344320E-1;1,206827E-1;1,117289E-1;9,273279E-1;;
02/12/2021  12:05:24,609658;9,348284E-1;1,276914E-1;1,303688E-1;9,274936E-1;;
02/12/2021  12:05:24,609758;9,349476E-1;1,171783E-1;1,692285E-1;9,276654E-1;;
02/12/2021  12:05:24,609858;9,344409E-1;1,174969E-1;1,221546E-1;9,278429E-1;;
02/12/2021  12:05:24,609958;9,342591E-1;1,197269E-1;1,404787E-1;9,280259E-1;;
02/12/2021  12:05:24,610058;9,357761E-1;1,082581E-1;1,461654E-1;9,282138E-1;;
02/12/2021  12:05:24,610158;9,362351E-1;1,264171E-1;1,240502E-1;9,284062E-1;;
02/12/2021  12:05:24,610258;9,357105E-1;1,289658E-1;1,253139E-1;9,286030E-1;;
02/12/2021  12:05:24,610358;9,355824E-1;1,229127E-1;1,278414E-1;9,288040E-1;;
02/12/2021  12:05:24,610458;9,361576E-1;7,448858E-2;1,044624E-1;9,290087E-1;;
02/12/2021  12:05:24,610558;9,378683E-1;1,235499E-1;1,297370E-1;9,292168E-1;;
02/12/2021  12:05:24,610658;9,380232E-1;1,238685E-1;1,265777E-1;9,294284E-1;;
02/12/2021  12:05:24,610758;9,388995E-1;2,861306E-2;5,106991E-2;9,296433E-1;;
02/12/2021  12:05:24,610858;9,381365E-1;1,423461E-1;1,562753E-1;9,298617E-1;;
02/12/2021  12:05:24,610958;9,384196E-1;1,343816E-1;1,325804E-1;9,300836E-1;;
02/12/2021  12:05:24,611058;9,392154E-1;1,280100E-1;1,281573E-1;9,303088E-1;;
02/12/2021  12:05:24,611158;9,389114E-1;1,181340E-1;1,231024E-1;9,305372E-1;;
02/12/2021  12:05:24,611258;9,398472E-1;1,225942E-1;1,259458E-1;9,307690E-1;;
02/12/2021  12:05:24,611358;9,385150E-1;1,327887E-1;1,341600E-1;9,310038E-1;;
02/12/2021  12:05:24,611458;9,397667E-1;1,200455E-1;1,193112E-1;9,312417E-1;;
02/12/2021  12:05:24,611558;9,411168E-1;1,181340E-1;1,227865E-1;9,314823E-1;;
02/12/2021  12:05:24,611658;9,410363E-1;9,710776E-2;6,907803E-2;9,317257E-1;;
02/12/2021  12:05:24,611758;9,411287E-1;1,308772E-1;1,291051E-1;9,319719E-1;;
02/12/2021  12:05:24,611858;9,406876E-1;1,260985E-1;1,164678E-1;9,322208E-1;;
02/12/2021  12:05:24,611958;9,418798E-1;1,168597E-1;1,490088E-1;9,324725E-1;;
02/12/2021  12:05:24,612058;9,426129E-1;2,542726E-2;8,297904E-2;9,327268E-1;;
02/12/2021  12:05:24,612158;9,433401E-1;1,123996E-1;1,215227E-1;9,329838E-1;;
02/12/2021  12:05:24,612258;9,430361E-1;1,273729E-1;1,306848E-1;9,332435E-1;;
02/12/2021  12:05:24,612358;9,427262E-1;1,703812E-1;1,622780E-1;9,335061E-1;;
02/12/2021  12:05:24,612458;9,439481E-1;1,222756E-1;1,199431E-1;9,337715E-1;;
02/12/2021  12:05:24,612558;9,448541E-1;1,146297E-1;1,114129E-1;9,340397E-1;;
02/12/2021  12:05:24,612658;9,454889E-1;1,334259E-1;1,196272E-1;9,343108E-1;;
02/12/2021  12:05:24,612758;9,444726E-1;1,499920E-1;1,701763E-1;9,345850E-1;;
02/12/2021  12:05:24,612858;9,440852E-1;1,270543E-1;1,300529E-1;9,348623E-1;;
02/12/2021  12:05:24,612958;9,452415E-1;1,127182E-1;1,054102E-1;9,351426E-1;;
02/12/2021  12:05:24,613058;9,460939E-1;1,397975E-1;1,632258E-1;9,354257E-1;;
02/12/2021  12:05:24,613158;9,456409E-1;1,280100E-1;1,297370E-1;9,357115E-1;;
02/12/2021  12:05:24,613258;9,458078E-1;1,331073E-1;1,553275E-1;9,360001E-1;;
02/12/2021  12:05:24,613358;9,449763E-1;1,149482E-1;1,095173E-1;9,362912E-1;;
02/12/2021  12:05:24,613458;9,458018E-1;1,445762E-1;1,256299E-1;9,365845E-1;;
02/12/2021  12:05:24,613558;9,461177E-1;1,146297E-1;1,325804E-1;9,368798E-1;;
02/12/2021  12:05:24,613658;9,461028E-1;1,254614E-1;1,262617E-1;9,371767E-1;;
02/12/2021  12:05:24,613758;9,453339E-1;1,225942E-1;1,161519E-1;9,374749E-1;;
02/12/2021  12:05:24,613858;9,446425E-1;6,843556E-2;1,259458E-1;9,377740E-1;;
02/12/2021  12:05:24,613958;9,453101E-1;1,165411E-1;1,287892E-1;9,380734E-1;;
02/12/2021  12:05:24,614058;9,453399E-1;1,270543E-1;1,215227E-1;9,383726E-1;;
02/12/2021  12:05:24,614158;9,456230E-1;1,206827E-1;1,186794E-1;9,386710E-1;;
02/12/2021  12:05:24,614258;9,449822E-1;1,302401E-1;1,294210E-1;9,389680E-1;;
02/12/2021  12:05:24,614358;9,447647E-1;1,276914E-1;1,231024E-1;9,392632E-1;;
02/12/2021  12:05:24,614458;9,457959E-1;1,509478E-1;1,616461E-1;9,395559E-1;;
02/12/2021  12:05:24,614558;9,462697E-1;1,350188E-1;1,366875E-1;9,398457E-1;;
02/12/2021  12:05:24,614658;9,466244E-1;8,882468E-2;1,177316E-1;9,401321E-1;;
02/12/2021  12:05:24,614758;9,457184E-1;1,104881E-1;1,177316E-1;9,404150E-1;;
02/12/2021  12:05:24,614858;9,456647E-1;9,137332E-2;6,781430E-2;9,406941E-1;;
02/12/2021  12:05:24,614958;9,468539E-1;1,296029E-1;1,129926E-1;9,409689E-1;;
02/12/2021  12:05:24,615058;9,472532E-1;1,378860E-1;1,281573E-1;9,412392E-1;;
02/12/2021  12:05:24,615158;9,468569E-1;1,296029E-1;1,360556E-1;9,415048E-1;;
02/12/2021  12:05:24,615258;9,469850E-1;1,598680E-1;1,509044E-1;9,417658E-1;;
02/12/2021  12:05:24,615358;9,471877E-1;1,331073E-1;1,278414E-1;9,420219E-1;;
02/12/2021  12:05:24,615458;9,488268E-1;1,152668E-1;1,249980E-1;9,422730E-1;;
02/12/2021  12:05:24,615558;9,485825E-1;1,098510E-1;1,129926E-1;9,425193E-1;;
02/12/2021  12:05:24,615658;9,485765E-1;1,168597E-1;1,129926E-1;9,427609E-1;;
02/12/2021  12:05:24,615758;9,490653E-1;1,302401E-1;1,417424E-1;9,429980E-1;;
02/12/2021  12:05:24,615858;9,496673E-1;1,222756E-1;1,237343E-1;9,432308E-1;;
02/12/2021  12:05:24,615958;9,511962E-1;1,073023E-1;1,066739E-1;9,434594E-1;;
02/12/2021  12:05:24,616058;9,509697E-1;6,652408E-2;1,025668E-1;9,436845E-1;;
02/12/2021  12:05:24,616158;9,512290E-1;1,088952E-1;1,170997E-1;9,439063E-1;;
02/12/2021  12:05:24,616258;9,515210E-1;8,818752E-2;1,126766E-1;9,441254E-1;;
02/12/2021  12:05:24,616358;9,524479E-1;1,044351E-1;1,148882E-1;9,443422E-1;;
02/12/2021  12:05:24,616458;9,536192E-1;9,838208E-2;8,108345E-2;9,445572E-1;;
02/12/2021  12:05:24,616558;9,540126E-1;9,901924E-2;1,253139E-1;9,447710E-1;;
02/12/2021  12:05:24,616658;9,538039E-1;1,254614E-1;1,373193E-1;9,449842E-1;;
02/12/2021  12:05:24,616758;9,533599E-1;9,678918E-2;1,066739E-1;9,451975E-1;;
02/12/2021  12:05:24,616858;9,535774E-1;9,105474E-2;1,161519E-1;9,454111E-1;;
02/12/2021  12:05:24,616958;9,548858E-1;3,275460E-2;4,822652E-2;9,456256E-1;;
02/12/2021  12:05:24,617058;9,548411E-1;1,015679E-1;1,177316E-1;9,458411E-1;;
02/12/2021  12:05:24,617158;9,544954E-1;9,232906E-2;9,909157E-2;9,460580E-1;;
02/12/2021  12:05:24,617258;9,541616E-1;1,969282E-2;7,918786E-2;9,462766E-1;;
02/12/2021  12:05:24,617358;9,557382E-1;3,912620E-2;7,223735E-2;9,464971E-1;;
02/12/2021  12:05:24,617458;9,557322E-1;1,397975E-1;1,951349E-1;9,467195E-1;;
02/12/2021  12:05:24,617558;9,563193E-1;1,095324E-1;1,268936E-1;9,469441E-1;;
02/12/2021  12:05:24,617658;9,554252E-1;1,034794E-1;1,256299E-1;9,471712E-1;;
02/12/2021  12:05:24,617758;9,554193E-1;1,123996E-1;1,275255E-1;9,474006E-1;;
02/12/2021  12:05:24,617858;9,560541E-1;1,069837E-1;1,253139E-1;9,476325E-1;;
02/12/2021  12:05:24,617958;9,562239E-1;1,477620E-1;1,559593E-1;9,478667E-1;;
02/12/2021  12:05:24,618058;9,562031E-1;1,522221E-1;1,401627E-1;9,481031E-1;;
02/12/2021  12:05:24,618158;9,557799E-1;1,433019E-1;1,354238E-1;9,483417E-1;;
02/12/2021  12:05:24,618258;9,559915E-1;1,662396E-1;1,619620E-1;9,485822E-1;;
02/12/2021  12:05:24,618358;9,568647E-1;1,764342E-1;1,515363E-1;9,488244E-1;;
02/12/2021  12:05:24,618458;9,575025E-1;1,729298E-1;1,610142E-1;9,490681E-1;;
02/12/2021  12:05:24,618558;9,564564E-1;1,458505E-1;1,591187E-1;9,493132E-1;;
02/12/2021  12:05:24,618658;9,565071E-1;1,608238E-1;1,518522E-1;9,495594E-1;;
02/12/2021  12:05:24,618758;9,564862E-1;1,468062E-1;1,423743E-1;9,498066E-1;;
02/12/2021  12:05:24,618858;9,570137E-1;1,178155E-1;1,095173E-1;9,500543E-1;;
02/12/2021  12:05:24,618958;9,570852E-1;1,305587E-1;1,357397E-1;9,503023E-1;;
02/12/2021  12:05:24,619058;9,576157E-1;1,292843E-1;1,297370E-1;9,505503E-1;;
02/12/2021  12:05:24,619158;9,572611E-1;1,292843E-1;1,310007E-1;9,507980E-1;;
02/12/2021  12:05:24,619258;9,576187E-1;1,471248E-1;1,502726E-1;9,510452E-1;;
02/12/2021  12:05:24,619358;9,584174E-1;1,378860E-1;1,388990E-1;9,512917E-1;;
02/12/2021  12:05:24,619458;9,581760E-1;1,248242E-1;1,313166E-1;9,515374E-1;;
02/12/2021  12:05:24,619558;9,583101E-1;1,136739E-1;1,177316E-1;9,517820E-1;;
02/12/2021  12:05:24,619658;9,574697E-1;1,375674E-1;1,594346E-1;9,520255E-1;;
02/12/2021  12:05:24,619758;9,573654E-1;1,331073E-1;1,300529E-1;9,522674E-1;;
02/12/2021  12:05:24,619858;9,582327E-1;1,238685E-1;1,272095E-1;9,525076E-1;;
02/12/2021  12:05:24,619958;9,575472E-1;1,171783E-1;1,237343E-1;9,527457E-1;;
02/12/2021  12:05:24,620058;9,571925E-1;1,327887E-1;1,360556E-1;9,529812E-1;;
02/12/2021  12:05:24,620158;9,567842E-1;1,509478E-1;1,474292E-1;9,532140E-1;;
02/12/2021  12:05:24,620258;9,565249E-1;1,159040E-1;1,183634E-1;9,534434E-1;;
02/12/2021  12:05:24,620358;9,569064E-1;1,245056E-1;1,284732E-1;9,536689E-1;;
02/12/2021  12:05:24,620458;9,562865E-1;1,088952E-1;1,366875E-1;9,538902E-1;;
02/12/2021  12:05:24,620558;9,552285E-1;1,315144E-1;1,253139E-1;9,541065E-1;;
02/12/2021  12:05:24,620658;9,540453E-1;1,127182E-1;1,016190E-1;9,543174E-1;;
02/12/2021  12:05:24,620758;9,545580E-1;9,360338E-2;1,104651E-1;9,545220E-1;;
02/12/2021  12:05:24,620858;9,540692E-1;1,483991E-1;1,616461E-1;9,547196E-1;;
02/12/2021  12:05:24,620958;9,537384E-1;1,292843E-1;1,268936E-1;9,549094E-1;;
02/12/2021  12:05:24,621058;9,532466E-1;1,238685E-1;1,313166E-1;9,550907E-1;;
02/12/2021  12:05:24,621158;9,525403E-1;5,091366E-2;8,613836E-2;9,552628E-1;;
02/12/2021  12:05:24,621258;9,526178E-1;1,305587E-1;1,205749E-1;9,554250E-1;;
02/12/2021  12:05:24,621358;9,526565E-1;1,238685E-1;1,291051E-1;9,555767E-1;;
02/12/2021  12:05:24,621458;9,517624E-1;7,799296E-2;8,645429E-2;9,557173E-1;;
02/12/2021  12:05:24,621558;9,515091E-1;1,327887E-1;1,303688E-1;9,558462E-1;;
02/12/2021  12:05:24,621658;9,508087E-1;1,216384E-1;1,199431E-1;9,559629E-1;;
02/12/2021  12:05:24,621758;9,505942E-1;1,264171E-1;1,259458E-1;9,560668E-1;;
02/12/2021  12:05:24,621858;9,508773E-1;1,302401E-1;2,099837E-1;9,561575E-1;;
02/12/2021  12:05:24,621958;9,504988E-1;1,254614E-1;1,107811E-1;9,562347E-1;;
02/12/2021  12:05:24,622058;9,501262E-1;1,235499E-1;1,237343E-1;9,562980E-1;;
02/12/2021  12:05:24,622158;9,489699E-1;1,267357E-1;1,351078E-1;9,563472E-1;;
02/12/2021  12:05:24,622258;9,496822E-1;1,605052E-1;1,597505E-1;9,563820E-1;;
02/12/2021  12:05:24,622358;9,493067E-1;1,276914E-1;1,423743E-1;9,564024E-1;;
02/12/2021  12:05:24,622458;9,484603E-1;1,321516E-1;1,265777E-1;9,564081E-1;;
02/12/2021  12:05:24,622558;9,475572E-1;1,311958E-1;1,366875E-1;9,563991E-1;;
02/12/2021  12:05:24,622658;9,465231E-1;9,455912E-2;1,272095E-1;9,563752E-1;;
02/12/2021  12:05:24,622758;9,471340E-1;1,299215E-1;1,319485E-1;9,563363E-1;;
02/12/2021  12:05:24,622858;9,461297E-1;1,366117E-1;1,332122E-1;9,562821E-1;;
02/12/2021  12:05:24,622958;9,456230E-1;1,375674E-1;1,357397E-1;9,562127E-1;;
02/12/2021  12:05:24,623058;9,446872E-1;1,165411E-1;1,234183E-1;9,561278E-1;;
02/12/2021  12:05:24,623158;9,437156E-1;1,423461E-1;1,493248E-1;9,560274E-1;;
02/12/2021  12:05:24,623258;9,441746E-1;1,331073E-1;1,370034E-1;9,559114E-1;;
02/12/2021  12:05:24,623358;9,434295E-1;1,289658E-1;1,243661E-1;9,557795E-1;;
02/12/2021  12:05:24,623458;9,425503E-1;1,251428E-1;1,234183E-1;9,556319E-1;;
02/12/2021  12:05:24,623558;9,409320E-1;1,429833E-1;1,376353E-1;9,554685E-1;;
02/12/2021  12:05:24,623658;9,410483E-1;1,455319E-1;1,404787E-1;9,552891E-1;;
02/12/2021  12:05:24,623758;9,404611E-1;1,127182E-1;1,196272E-1;9,550938E-1;;
02/12/2021  12:05:24,623858;9,407323E-1;1,206827E-1;1,199431E-1;9,548824E-1;;
02/12/2021  12:05:24,623958;9,394150E-1;1,359745E-1;1,474292E-1;9,546550E-1;;
02/12/2021  12:05:24,624058;9,389531E-1;1,343816E-1;1,376353E-1;9,544118E-1;;
02/12/2021  12:05:24,624158;9,393674E-1;1,257800E-1;1,164678E-1;9,541528E-1;;
02/12/2021  12:05:24,624258;9,400141E-1;1,442576E-1;1,528000E-1;9,538785E-1;;
02/12/2021  12:05:24,624358;9,401989E-1;1,340630E-1;1,341600E-1;9,535893E-1;;
02/12/2021  12:05:24,624458;9,394717E-1;1,327887E-1;1,344760E-1;9,532858E-1;;
02/12/2021  12:05:24,624558;9,381663E-1;1,366117E-1;1,411105E-1;9,529689E-1;;
02/12/2021  12:05:24,624658;9,388130E-1;1,433019E-1;1,439539E-1;9,526391E-1;;
02/12/2021  12:05:24,624758;9,394150E-1;1,241871E-1;1,155200E-1;9,522972E-1;;
02/12/2021  12:05:24,624858;9,393316E-1;1,394789E-1;1,379512E-1;9,519439E-1;;
02/12/2021  12:05:24,624958;9,389710E-1;1,509478E-1;1,461654E-1;9,515802E-1;;
02/12/2021  12:05:24,625058;9,389114E-1;1,452133E-1;1,490088E-1;9,512072E-1;;
02/12/2021  12:05:24,625158;9,389203E-1;1,187712E-1;1,224705E-1;9,508257E-1;;
02/12/2021  12:05:24,625258;9,397935E-1;1,292843E-1;1,193112E-1;9,504369E-1;;
02/12/2021  12:05:24,625358;9,393137E-1;1,305587E-1;1,180475E-1;9,500419E-1;;
02/12/2021  12:05:24,625458;9,386014E-1;1,280100E-1;1,189953E-1;9,496416E-1;;
02/12/2021  12:05:24,625558;9,381305E-1;1,382046E-1;1,268936E-1;9,492374E-1;;
02/12/2021  12:05:24,625658;9,383839E-1;1,375674E-1;1,249980E-1;9,488299E-1;;
02/12/2021  12:05:24,625758;9,385657E-1;1,366117E-1;1,170997E-1;9,484202E-1;;
02/12/2021  12:05:24,625858;9,378176E-1;1,197269E-1;1,224705E-1;9,480091E-1;;
02/12/2021  12:05:24,625958;9,379368E-1;1,289658E-1;1,278414E-1;9,475976E-1;;
02/12/2021  12:05:24,626058;9,372394E-1;1,123996E-1;1,224705E-1;9,471863E-1;;
02/12/2021  12:05:24,626158;9,381574E-1;1,267357E-1;1,313166E-1;9,467762E-1;;
02/12/2021  12:05:24,626258;9,388965E-1;1,397975E-1;1,215227E-1;9,463679E-1;;
02/12/2021  12:05:24,626358;9,376567E-1;1,334259E-1;1,092014E-1;9,459623E-1;;
02/12/2021  12:05:24,626458;9,374033E-1;1,347002E-1;1,284732E-1;9,455603E-1;;
02/12/2021  12:05:24,626558;9,362351E-1;1,146297E-1;1,215227E-1;9,451625E-1;;
02/12/2021  12:05:24,626658;9,365629E-1;1,203641E-1;1,528000E-1;9,447694E-1;;
02/12/2021  12:05:24,626758;9,356211E-1;1,340630E-1;1,411105E-1;9,443813E-1;;
02/12/2021  12:05:24,626858;9,350131E-1;1,251428E-1;1,148882E-1;9,439986E-1;;
02/12/2021  12:05:24,626958;9,329597E-1;1,251428E-1;1,256299E-1;9,436213E-1;;
02/12/2021  12:05:24,627058;9,322564E-1;1,410718E-1;1,404787E-1;9,432493E-1;;
02/12/2021  12:05:24,627158;9,315083E-1;1,512664E-1;1,351078E-1;9,428822E-1;;
02/12/2021  12:05:24,627258;9,310166E-1;1,245056E-1;1,284732E-1;9,425197E-1;;
02/12/2021  12:05:24,627358;9,299645E-1;1,203641E-1;1,237343E-1;9,421611E-1;;
02/12/2021  12:05:24,627458;9,284446E-1;1,190898E-1;1,360556E-1;9,418058E-1;;
02/12/2021  12:05:24,627558;9,277114E-1;1,318330E-1;1,341600E-1;9,414532E-1;;
02/12/2021  12:05:24,627658;9,280124E-1;1,130368E-1;1,344760E-1;9,411025E-1;;
02/12/2021  12:05:24,627758;9,276876E-1;1,280100E-1;1,259458E-1;9,407528E-1;;
02/12/2021  12:05:24,627858;9,273270E-1;1,423461E-1;1,316326E-1;9,404037E-1;;
02/12/2021  12:05:24,627958;9,260424E-1;1,050723E-1;1,057261E-1;9,400545E-1;;
02/12/2021  12:05:24,628058;9,258070E-1;1,264171E-1;1,265777E-1;9,397047E-1;;
02/12/2021  12:05:24,628158;9,269037E-1;9,169190E-2;1,079377E-1;9,393538E-1;;
02/12/2021  12:05:24,628258;9,262153E-1;1,254614E-1;1,265777E-1;9,390014E-1;;
02/12/2021  12:05:24,628358;9,260484E-1;1,257800E-1;1,407946E-1;9,386473E-1;;
02/12/2021  12:05:24,628458;9,258428E-1;9,647060E-2;1,253139E-1;9,382915E-1;;
02/12/2021  12:05:24,628558;9,254464E-1;1,318330E-1;1,253139E-1;9,379338E-1;;
02/12/2021  12:05:24,628658;9,264716E-1;1,104881E-1;1,170997E-1;9,375743E-1;;
02/12/2021  12:05:24,628758;9,267577E-1;1,152668E-1;1,196272E-1;9,372130E-1;;
02/12/2021  12:05:24,628858;9,260186E-1;1,187712E-1;1,303688E-1;9,368504E-1;;
02/12/2021  12:05:24,628958;9,258904E-1;1,165411E-1;1,281573E-1;9,364867E-1;;
02/12/2021  12:05:24,629058;9,257593E-1;9,901924E-2;1,088855E-1;9,361224E-1;;
02/12/2021  12:05:24,629158;9,275773E-1;-1,120944E-2;6,749837E-2;9,357578E-1;;
02/12/2021  12:05:24,629258;9,279230E-1;1,162226E-1;1,196272E-1;9,353934E-1;;
02/12/2021  12:05:24,629358;9,275415E-1;6,365686E-2;6,528685E-2;9,350302E-1;;
02/12/2021  12:05:24,629458;9,264895E-1;9,392196E-2;8,992954E-2;9,346688E-1;;
02/12/2021  12:05:24,629558;9,270170E-1;8,468314E-2;1,092014E-1;9,343100E-1;;
02/12/2021  12:05:24,629658;9,281138E-1;1,025236E-1;1,189953E-1;9,339543E-1;;
02/12/2021  12:05:24,629758;9,290198E-1;9,487770E-2;1,079377E-1;9,336025E-1;;
02/12/2021  12:05:24,629858;9,288350E-1;9,201048E-2;1,031987E-1;9,332554E-1;;
02/12/2021  12:05:24,629958;9,285429E-1;9,870066E-2;1,110970E-1;9,329142E-1;;
02/12/2021  12:05:24,630058;9,292284E-1;8,086018E-2;7,381701E-2;9,325794E-1;;
02/12/2021  12:05:24,630158;9,301672E-1;9,774492E-2;1,079377E-1;9,322521E-1;;
02/12/2021  12:05:24,630258;9,307722E-1;9,169190E-2;1,104651E-1;9,319332E-1;;
02/12/2021  12:05:24,630358;9,304086E-1;9,328480E-2;1,114129E-1;9,316235E-1;;
02/12/2021  12:05:24,630458;9,305189E-1;9,551486E-2;1,107811E-1;9,313240E-1;;
02/12/2021  12:05:24,630558;9,310702E-1;1,123996E-1;1,104651E-1;9,310356E-1;;
02/12/2021  12:05:24,630658;9,326021E-1;1,155854E-1;1,224705E-1;9,307589E-1;;
02/12/2021  12:05:24,630758;9,338836E-1;1,053908E-1;1,212068E-1;9,304950E-1;;
02/12/2021  12:05:24,630858;9,341787E-1;1,369303E-1;1,407946E-1;9,302448E-1;;
02/12/2021  12:05:24,630958;9,345154E-1;1,359745E-1;1,218387E-1;9,300094E-1;;
02/12/2021  12:05:24,631058;9,365212E-1;1,522221E-1;1,398468E-1;9,297898E-1;;
02/12/2021  12:05:24,631158;9,385359E-1;1,576380E-1;1,521681E-1;9,295872E-1;;
02/12/2021  12:05:24,631258;9,388607E-1;1,649653E-1;1,442698E-1;9,294028E-1;;
02/12/2021  12:05:24,631358;9,393525E-1;1,751599E-1;1,682807E-1;9,292379E-1;;
02/12/2021  12:05:24,631458;9,393405E-1;8,054160E-2;1,057261E-1;9,290938E-1;;
02/12/2021  12:05:24,631558;9,405178E-1;1,729298E-1;1,610142E-1;9,289714E-1;;
02/12/2021  12:05:24,631658;9,414744E-1;1,506292E-1;1,461654E-1;9,288717E-1;;
02/12/2021  12:05:24,631758;9,423626E-1;1,219570E-1;1,325804E-1;9,287955E-1;;
02/12/2021  12:05:24,631858;9,414595E-1;1,296029E-1;1,382671E-1;9,287436E-1;;
02/12/2021  12:05:24,631958;9,415489E-1;1,210013E-1;1,110970E-1;9,287166E-1;;
02/12/2021  12:05:24,632058;9,418857E-1;1,289658E-1;1,426902E-1;9,287147E-1;;
02/12/2021  12:05:24,632158;9,425175E-1;9,455912E-2;1,110970E-1;9,287381E-1;;
02/12/2021  12:05:24,632258;9,420586E-1;1,286472E-1;1,316326E-1;9,287867E-1;;
02/12/2021  12:05:24,632358;9,409112E-1;1,248242E-1;1,193112E-1;9,288602E-1;;
02/12/2021  12:05:24,632458;9,405416E-1;1,136739E-1;1,069899E-1;9,289581E-1;;
02/12/2021  12:05:24,632558;9,414834E-1;1,152668E-1;1,177316E-1;9,290797E-1;;
02/12/2021  12:05:24,632658;9,421539E-1;1,337445E-1;1,373193E-1;9,292241E-1;;
02/12/2021  12:05:24,632758;9,425712E-1;1,557265E-1;1,638576E-1;9,293904E-1;;
02/12/2021  12:05:24,632858;9,425652E-1;1,047537E-1;1,092014E-1;9,295778E-1;;
02/12/2021  12:05:24,632958;9,426427E-1;1,101695E-1;1,145722E-1;9,297855E-1;;
02/12/2021  12:05:24,633058;9,444786E-1;1,028422E-1;1,117289E-1;9,300127E-1;;
02/12/2021  12:05:24,633158;9,455962E-1;1,216384E-1;1,249980E-1;9,302585E-1;;
02/12/2021  12:05:24,633258;9,464575E-1;1,181340E-1;1,215227E-1;9,305224E-1;;
02/12/2021  12:05:24,633358;9,457124E-1;1,104881E-1;1,382671E-1;9,308038E-1;;
02/12/2021  12:05:24,633458;9,461267E-1;1,321516E-1;1,300529E-1;9,311023E-1;;
02/12/2021  12:05:24,633558;9,476735E-1;-3,351004E-2;2,990246E-2;9,314171E-1;;
02/12/2021  12:05:24,633658;9,485228E-1;1,139925E-1;1,224705E-1;9,317476E-1;;
02/12/2021  12:05:24,633758;9,485020E-1;6,333828E-2;8,139938E-2;9,320934E-1;;
02/12/2021  12:05:24,633858;9,480013E-1;8,309024E-2;8,329497E-2;9,324538E-1;;
02/12/2021  12:05:24,633958;9,484305E-1;7,289568E-2;9,782784E-2;9,328282E-1;;
02/12/2021  12:05:24,634058;9,487434E-1;1,321516E-1;1,114129E-1;9,332159E-1;;
02/12/2021  12:05:24,634158;9,487672E-1;1,334259E-1;1,493248E-1;9,336160E-1;;
02/12/2021  12:05:24,634258;9,472056E-1;9,742634E-2;1,038306E-1;9,340276E-1;;
02/12/2021  12:05:24,634358;9,461535E-1;1,216384E-1;1,234183E-1;9,344496E-1;;
02/12/2021  12:05:24,634458;9,454412E-1;1,206827E-1;1,208909E-1;9,348805E-1;;
02/12/2021  12:05:24,634558;9,464545E-1;1,095324E-1;9,909157E-2;9,353187E-1;;
02/12/2021  12:05:24,634658;9,457869E-1;1,057094E-1;1,170997E-1;9,357627E-1;;
02/12/2021  12:05:24,634758;9,452535E-1;1,280100E-1;1,199431E-1;9,362109E-1;;
02/12/2021  12:05:24,634858;9,437186E-1;1,461691E-1;1,404787E-1;9,366617E-1;;
02/12/2021  12:05:24,634958;9,440494E-1;1,111253E-1;1,215227E-1;9,371133E-1;;
02/12/2021  12:05:24,635058;9,448034E-1;1,324701E-1;1,328963E-1;9,375639E-1;;
02/12/2021  12:05:24,635158;9,447587E-1;1,273729E-1;1,237343E-1;9,380121E-1;;
02/12/2021  12:05:24,635258;9,443743E-1;1,289658E-1;1,351078E-1;9,384563E-1;;
02/12/2021  12:05:24,635358;9,436203E-1;1,273729E-1;1,303688E-1;9,388952E-1;;
02/12/2021  12:05:24,635458;9,444726E-1;1,302401E-1;1,256299E-1;9,393274E-1;;
02/12/2021  12:05:24,635558;9,453220E-1;1,305587E-1;1,423743E-1;9,397517E-1;;
02/12/2021  12:05:24,635658;9,456379E-1;1,159040E-1;1,180475E-1;9,401671E-1;;
02/12/2021  12:05:24,635758;9,452088E-1;1,286472E-1;1,458495E-1;9,405729E-1;;
02/12/2021  12:05:24,635858;9,440047E-1;9,933782E-2;1,133085E-1;9,409683E-1;;
02/12/2021  12:05:24,635958;9,458018E-1;7,002846E-2;7,350108E-2;9,413526E-1;;
02/12/2021  12:05:24,636058;9,454442E-1;1,082581E-1;1,218387E-1;9,417250E-1;;
02/12/2021  12:05:24,636158;9,452177E-1;1,264171E-1;1,294210E-1;9,420853E-1;;
02/12/2021  12:05:24,636258;9,438497E-1;1,327887E-1;1,069899E-1;9,424328E-1;;
02/12/2021  12:05:24,636358;9,422761E-1;8,149734E-2;1,060421E-1;9,427670E-1;;
02/12/2021  12:05:24,636458;9,429437E-1;1,184526E-1;1,234183E-1;9,430871E-1;;
02/12/2021  12:05:24,636558;9,427113E-1;1,098510E-1;1,310007E-1;9,433925E-1;;
02/12/2021  12:05:24,636658;9,419662E-1;1,340630E-1;1,268936E-1;9,436824E-1;;
02/12/2021  12:05:24,636758;9,398114E-1;1,197269E-1;1,224705E-1;9,439562E-1;;
02/12/2021  12:05:24,636858;9,387326E-1;1,108067E-1;1,186794E-1;9,442131E-1;;
02/12/2021  12:05:24,636958;9,387922E-1;1,270543E-1;1,291051E-1;9,444520E-1;;
02/12/2021  12:05:24,637058;9,394836E-1;1,178155E-1;1,268936E-1;9,446722E-1;;
02/12/2021  12:05:24,637158;9,390723E-1;1,232313E-1;1,310007E-1;9,448729E-1;;
02/12/2021  12:05:24,637258;9,369891E-1;1,178155E-1;1,199431E-1;9,450535E-1;;
02/12/2021  12:05:24,637358;9,364526E-1;1,206827E-1;1,237343E-1;9,452135E-1;;
02/12/2021  12:05:24,637458;9,371470E-1;1,194084E-1;1,310007E-1;9,453523E-1;;
02/12/2021  12:05:24,637558;9,380083E-1;1,423461E-1;1,395309E-1;9,454693E-1;;
02/12/2021  12:05:24,637658;9,384465E-1;1,225942E-1;1,205749E-1;9,455644E-1;;
02/12/2021  12:05:24,637758;9,380381E-1;9,137332E-2;1,155200E-1;9,456378E-1;;
02/12/2021  12:05:24,637858;9,379726E-1;1,238685E-1;1,240502E-1;9,456899E-1;;
02/12/2021  12:05:24,637958;9,396296E-1;1,232313E-1;1,310007E-1;9,457208E-1;;
02/12/2021  12:05:24,638058;9,399277E-1;1,289658E-1;1,265777E-1;9,457315E-1;;
02/12/2021  12:05:24,638158;9,388697E-1;1,082581E-1;1,129926E-1;9,457226E-1;;
02/12/2021  12:05:24,638258;9,375196E-1;6,970988E-2;8,455870E-2;9,456951E-1;;
02/12/2021  12:05:24,638358;9,366940E-1;1,343816E-1;1,272095E-1;9,456496E-1;;
02/12/2021  12:05:24,638458;9,366195E-1;1,461691E-1;1,512204E-1;9,455866E-1;;
02/12/2021  12:05:24,638558;9,365063E-1;1,245056E-1;1,205749E-1;9,455066E-1;;
02/12/2021  12:05:24,638658;9,348403E-1;1,289658E-1;1,224705E-1;9,454100E-1;;
02/12/2021  12:05:24,638758;9,324978E-1;1,299215E-1;1,335282E-1;9,452972E-1;;
02/12/2021  12:05:24,638858;9,325306E-1;9,678918E-2;9,719598E-2;9,451682E-1;;
02/12/2021  12:05:24,638958;9,323428E-1;1,324701E-1;1,335282E-1;9,450230E-1;;
02/12/2021  12:05:24,639058;9,314368E-1;1,366117E-1;1,265777E-1;9,448617E-1;;
02/12/2021  12:05:24,639158;9,303937E-1;1,238685E-1;1,256299E-1;9,446842E-1;;
02/12/2021  12:05:24,639258;9,289333E-1;1,378860E-1;1,379512E-1;9,444905E-1;;
02/12/2021  12:05:24,639358;9,286383E-1;1,280100E-1;1,272095E-1;9,442806E-1;;
02/12/2021  12:05:24,639458;9,293714E-1;1,273729E-1;1,294210E-1;9,440543E-1;;
02/12/2021  12:05:24,639558;9,289602E-1;5,505520E-2;7,792413E-2;9,438117E-1;;
02/12/2021  12:05:24,639658;9,289423E-1;1,388417E-1;1,357397E-1;9,435531E-1;;
02/12/2021  12:05:24,639758;9,272256E-1;1,270543E-1;1,208909E-1;9,432787E-1;;
02/12/2021  12:05:24,639858;9,279141E-1;1,238685E-1;1,294210E-1;9,429890E-1;;
02/12/2021  12:05:24,639958;9,288022E-1;1,366117E-1;1,433221E-1;9,426843E-1;;
02/12/2021  12:05:24,640058;9,282628E-1;1,375674E-1;1,300529E-1;9,423654E-1;;
02/12/2021  12:05:24,640158;9,273448E-1;1,334259E-1;1,357397E-1;9,420328E-1;;
02/12/2021  12:05:24,640258;9,259143E-1;1,280100E-1;1,543797E-1;9,416873E-1;;
02/12/2021  12:05:24,640358;9,256341E-1;1,289658E-1;1,341600E-1;9,413294E-1;;
02/12/2021  12:05:24,640458;9,258100E-1;1,308772E-1;1,231024E-1;9,409598E-1;;
02/12/2021  12:05:24,640558;9,251692E-1;1,254614E-1;1,310007E-1;9,405787E-1;;
02/12/2021  12:05:24,640658;9,240367E-1;2,829448E-2;8,076751E-2;9,401870E-1;;
02/12/2021  12:05:24,640758;9,226836E-1;1,413904E-1;1,496407E-1;9,397849E-1;;
02/12/2021  12:05:24,640858;9,231545E-1;1,429833E-1;1,603824E-1;9,393730E-1;;
02/12/2021  12:05:24,640958;9,232559E-1;1,327887E-1;1,325804E-1;9,389515E-1;;
02/12/2021  12:05:24,641058;9,227582E-1;1,633724E-1;1,528000E-1;9,385210E-1;;
02/12/2021  12:05:24,641158;9,215720E-1;1,413904E-1;1,303688E-1;9,380820E-1;;
02/12/2021  12:05:24,641258;9,202458E-1;1,620981E-1;1,815498E-1;9,376350E-1;;
02/12/2021  12:05:24,641358;9,205319E-1;9,424054E-2;9,056141E-2;9,371804E-1;;
02/12/2021  12:05:24,641458;9,207405E-1;1,455319E-1;1,366875E-1;9,367185E-1;;
02/12/2021  12:05:24,641558;9,206451E-1;1,570008E-1;1,606983E-1;9,362497E-1;;
02/12/2021  12:05:24,641658;9,193248E-1;1,292843E-1;1,287892E-1;9,357747E-1;;
02/12/2021  12:05:24,641758;9,192891E-1;1,283286E-1;1,278414E-1;9,352940E-1;;
02/12/2021  12:05:24,641858;9,196735E-1;1,843987E-1;1,704922E-1;9,348080E-1;;
02/12/2021  12:05:24,641958;9,202040E-1;1,194084E-1;1,278414E-1;9,343175E-1;;
02/12/2021  12:05:24,642058;9,198881E-1;1,108067E-1;1,006712E-1;9,338230E-1;;
02/12/2021  12:05:24,642158;9,192623E-1;1,053908E-1;1,189953E-1;9,333256E-1;;
02/12/2021  12:05:24,642258;9,192474E-1;1,123996E-1;1,234183E-1;9,328258E-1;;
02/12/2021  12:05:24,642358;9,203680E-1;7,130278E-2;7,413294E-2;9,323247E-1;;
02/12/2021  12:05:24,642458;9,208984E-1;1,174969E-1;1,215227E-1;9,318230E-1;;
02/12/2021  12:05:24,642558;9,214736E-1;1,057094E-1;1,013031E-1;9,313219E-1;;
02/12/2021  12:05:24,642658;9,205229E-1;9,424054E-2;1,272095E-1;9,308226E-1;;
02/12/2021  12:05:24,642758;9,208478E-1;1,213198E-1;1,335282E-1;9,303261E-1;;
02/12/2021  12:05:24,642858;9,226211E-1;6,493118E-2;8,487463E-2;9,298337E-1;;
02/12/2021  12:05:24,642958;9,233393E-1;9,455912E-2;9,372073E-2;9,293466E-1;;
02/12/2021  12:05:24,643058;9,233900E-1;9,583344E-2;1,076217E-1;9,288661E-1;;
02/12/2021  12:05:24,643158;9,230711E-1;1,190898E-1;1,208909E-1;9,283937E-1;;
02/12/2021  12:05:24,643258;9,230323E-1;1,063466E-1;1,205749E-1;9,279307E-1;;
02/12/2021  12:05:24,643358;9,251752E-1;5,346230E-2;1,249980E-1;9,274782E-1;;
02/12/2021  12:05:24,643458;9,261259E-1;9,774492E-2;1,025668E-1;9,270376E-1;;
02/12/2021  12:05:24,643558;9,259530E-1;1,057094E-1;1,212068E-1;9,266103E-1;;
02/12/2021  12:05:24,643658;9,251066E-1;1,009307E-1;1,183634E-1;9,261977E-1;;
02/12/2021  12:05:24,643758;9,264299E-1;5,696668E-2;9,561632E-2;9,258009E-1;;
02/12/2021  12:05:24,643858;9,277144E-1;1,082581E-1;1,161519E-1;9,254210E-1;;
02/12/2021  12:05:24,643958;9,280571E-1;1,280100E-1;1,253139E-1;9,250592E-1;;
02/12/2021  12:05:24,644058;9,278247E-1;1,238685E-1;1,521681E-1;9,247165E-1;;
02/12/2021  12:05:24,644158;9,272882E-1;1,455319E-1;1,461654E-1;9,243940E-1;;
02/12/2021  12:05:24,644258;9,280571E-1;1,356559E-1;1,189953E-1;9,240923E-1;;
02/12/2021  12:05:24,644358;9,293297E-1;1,369303E-1;1,499566E-1;9,238122E-1;;
02/12/2021  12:05:24,644458;9,301702E-1;1,678325E-1;1,521681E-1;9,235542E-1;;
02/12/2021  12:05:24,644558;9,295026E-1;1,640096E-1;1,569071E-1;9,233190E-1;;
02/12/2021  12:05:24,644658;9,297022E-1;1,770713E-1;1,528000E-1;9,231072E-1;;
02/12/2021  12:05:24,644758;9,310523E-1;1,069837E-1;1,123607E-1;9,229190E-1;;
02/12/2021  12:05:24,644858;9,324739E-1;1,777085E-1;1,660692E-1;9,227549E-1;;
02/12/2021  12:05:24,644958;9,330074E-1;1,697440E-1;1,606983E-1;9,226153E-1;;
02/12/2021  12:05:24,645058;9,327720E-1;1,522221E-1;1,474292E-1;9,225006E-1;;
02/12/2021  12:05:24,645158;9,325574E-1;1,687883E-1;1,433221E-1;9,224111E-1;;
02/12/2021  12:05:24,645258;9,343456E-1;1,401161E-1;1,701763E-1;9,223469E-1;;
02/12/2021  12:05:24,645358;9,353440E-1;1,477620E-1;1,379512E-1;9,223082E-1;;
02/12/2021  12:05:24,645458;9,356360E-1;1,305587E-1;1,300529E-1;9,222951E-1;;
02/12/2021  12:05:24,645558;9,355049E-1;1,369303E-1;1,351078E-1;9,223077E-1;;
02/12/2021  12:05:24,645658;9,354155E-1;1,283286E-1;1,268936E-1;9,223460E-1;;
02/12/2021  12:05:24,645758;9,364318E-1;1,391603E-1;1,458495E-1;9,224097E-1;;
02/12/2021  12:05:24,645858;9,375643E-1;1,311958E-1;1,335282E-1;9,224986E-1;;
02/12/2021  12:05:24,645958;9,370457E-1;1,241871E-1;1,363715E-1;9,226124E-1;;
02/12/2021  12:05:24,646058;9,370427E-1;1,324701E-1;1,303688E-1;9,227507E-1;;
02/12/2021  12:05:24,646158;9,370546E-1;1,184526E-1;1,041465E-1;9,229129E-1;;
02/12/2021  12:05:24,646258;9,386402E-1;1,359745E-1;1,310007E-1;9,230984E-1;;
02/12/2021  12:05:24,646358;9,396624E-1;1,232313E-1;1,196272E-1;9,233065E-1;;
02/12/2021  12:05:24,646458;9,398859E-1;1,219570E-1;1,294210E-1;9,235368E-1;;
02/12/2021  12:05:24,646558;9,393852E-1;5,601094E-2;1,227865E-1;9,237886E-1;;
02/12/2021  12:05:24,646658;9,402466E-1;1,264171E-1;1,224705E-1;9,240612E-1;;
02/12/2021  12:05:24,646758;9,421718E-1;-1,375808E-2;6,497092E-2;9,243541E-1;;
02/12/2021  12:05:24,646858;9,436322E-1;1,127182E-1;1,202590E-1;9,246665E-1;;
02/12/2021  12:05:24,646958;9,439779E-1;1,292843E-1;1,281573E-1;9,249981E-1;;
02/12/2021  12:05:24,647058;9,437365E-1;7,448858E-2;8,771802E-2;9,253486E-1;;
02/12/2021  12:05:24,647158;9,446097E-1;1,397975E-1;1,278414E-1;9,257175E-1;;
02/12/2021  12:05:24,647258;9,461475E-1;1,343816E-1;1,528000E-1;9,261043E-1;;
02/12/2021  12:05:24,647358;9,474052E-1;1,200455E-1;1,249980E-1;9,265085E-1;;
02/12/2021  12:05:24,647458;9,469671E-1;1,302401E-1;1,316326E-1;9,269298E-1;;
02/12/2021  12:05:24,647558;9,468062E-1;1,235499E-1;1,357397E-1;9,273679E-1;;
02/12/2021  12:05:24,647658;9,478851E-1;1,299215E-1;1,268936E-1;9,278220E-1;;
02/12/2021  12:05:24,647758;9,493782E-1;1,213198E-1;1,044624E-1;9,282916E-1;;
02/12/2021  12:05:24,647858;9,498521E-1;1,210013E-1;1,126766E-1;9,287762E-1;;
02/12/2021  12:05:24,647958;9,498699E-1;1,426647E-1;1,742834E-1;9,292753E-1;;
02/12/2021  12:05:24,648058;9,490533E-1;1,235499E-1;1,183634E-1;9,297882E-1;;
02/12/2021  12:05:24,648158;9,499951E-1;1,359745E-1;1,265777E-1;9,303143E-1;;
02/12/2021  12:05:24,648258;9,513511E-1;1,133553E-1;1,205749E-1;9,308526E-1;;
02/12/2021  12:05:24,648358;9,515538E-1;1,283286E-1;1,306848E-1;9,314024E-1;;
02/12/2021  12:05:24,648458;9,518936E-1;1,213198E-1;1,341600E-1;9,319630E-1;;
02/12/2021  12:05:24,648558;9,509548E-1;1,219570E-1;1,139404E-1;9,325335E-1;;
02/12/2021  12:05:24,648658;9,522959E-1;8,563888E-2;1,193112E-1;9,331131E-1;;
02/12/2021  12:05:24,648758;9,527638E-1;1,378860E-1;1,610142E-1;9,337008E-1;;
02/12/2021  12:05:24,648858;9,528830E-1;1,283286E-1;1,319485E-1;9,342957E-1;;
02/12/2021  12:05:24,648958;9,521320E-1;1,057094E-1;1,133085E-1;9,348969E-1;;
02/12/2021  12:05:24,649058;9,525671E-1;1,174969E-1;1,262617E-1;9,355034E-1;;
02/12/2021  12:05:24,649158;9,528473E-1;5,441804E-2;6,655058E-2;9,361141E-1;;
02/12/2021  12:05:24,649258;9,538576E-1;1,359745E-1;1,373193E-1;9,367279E-1;;
02/12/2021  12:05:24,649358;9,533927E-1;1,257800E-1;1,275255E-1;9,373439E-1;;
02/12/2021  12:05:24,649458;9,530410E-1;1,337445E-1;1,310007E-1;9,379609E-1;;
02/12/2021  12:05:24,649558;9,524598E-1;1,382046E-1;1,142563E-1;9,385780E-1;;
02/12/2021  12:05:24,649658;9,532407E-1;1,104881E-1;1,186794E-1;9,391940E-1;;
02/12/2021  12:05:24,649758;9,536043E-1;1,197269E-1;1,227865E-1;9,398077E-1;;
02/12/2021  12:05:24,649858;9,533480E-1;1,101695E-1;1,284732E-1;9,404180E-1;;
02/12/2021  12:05:24,649958;9,517177E-1;1,143111E-1;1,088855E-1;9,410240E-1;;
02/12/2021  12:05:24,650058;9,504541E-1;1,483991E-1;2,109315E-1;9,416242E-1;;
02/12/2021  12:05:24,650158;9,511425E-1;1,280100E-1;1,291051E-1;9,422173E-1;;
02/12/2021  12:05:24,650258;9,507551E-1;1,311958E-1;1,278414E-1;9,428019E-1;;
02/12/2021  12:05:24,650358;9,509637E-1;1,092138E-1;1,272095E-1;9,433765E-1;;
02/12/2021  12:05:24,650458;9,493007E-1;1,015679E-1;1,199431E-1;9,439399E-1;;
02/12/2021  12:05:24,650558;9,487941E-1;1,257800E-1;1,272095E-1;9,444906E-1;;
02/12/2021  12:05:24,650658;9,498491E-1;1,241871E-1;1,243661E-1;9,450273E-1;;
02/12/2021  12:05:24,650758;9,494706E-1;1,235499E-1;1,262617E-1;9,455487E-1;;
02/12/2021  12:05:24,650858;9,495779E-1;1,299215E-1;1,240502E-1;9,460538E-1;;
02/12/2021  12:05:24,650958;9,481771E-1;6,270112E-2;1,139404E-1;9,465416E-1;;
02/12/2021  12:05:24,651058;9,483410E-1;1,155854E-1;1,325804E-1;9,470110E-1;;
02/12/2021  12:05:24,651158;9,496285E-1;1,139925E-1;1,310007E-1;9,474613E-1;;
02/12/2021  12:05:24,651258;9,510203E-1;1,104881E-1;1,240502E-1;9,478918E-1;;
02/12/2021  12:05:24,651358;9,505077E-1;1,264171E-1;1,265777E-1;9,483021E-1;;
02/12/2021  12:05:24,651458;9,495272E-1;9,009900E-2;1,155200E-1;9,486922E-1;;
02/12/2021  12:05:24,651558;9,503885E-1;8,500172E-2;8,392683E-2;9,490620E-1;;
02/12/2021  12:05:24,651658;9,508922E-1;1,009307E-1;1,335282E-1;9,494114E-1;;
02/12/2021  12:05:24,651758;9,511574E-1;1,254614E-1;1,606983E-1;9,497405E-1;;
02/12/2021  12:05:24,651858;9,501859E-1;1,289658E-1;1,177316E-1;9,500496E-1;;
02/12/2021  12:05:24,651958;9,486152E-1;1,302401E-1;1,268936E-1;9,503389E-1;;
02/12/2021  12:05:24,652058;9,484185E-1;7,576290E-2;8,361090E-2;9,506085E-1;;
02/12/2021  12:05:24,652158;9,494587E-1;9,615202E-2;8,076751E-2;9,508582E-1;;
02/12/2021  12:05:24,652258;9,494199E-1;5,824100E-2;8,771802E-2;9,510881E-1;;
02/12/2021  12:05:24,652358;9,477182E-1;1,388417E-1;1,278414E-1;9,512985E-1;;
02/12/2021  12:05:24,652458;9,471370E-1;1,095324E-1;1,129926E-1;9,514894E-1;;
02/12/2021  12:05:24,652558;9,480251E-1;1,165411E-1;1,092014E-1;9,516609E-1;;
02/12/2021  12:05:24,652658;9,482606E-1;1,194084E-1;1,240502E-1;9,518131E-1;;
02/12/2021  12:05:24,652758;9,482934E-1;1,315144E-1;1,344760E-1;9,519463E-1;;
02/12/2021  12:05:24,652858;9,477599E-1;1,127182E-1;1,249980E-1;9,520609E-1;;
02/12/2021  12:05:24,652958;9,466691E-1;1,152668E-1;1,041465E-1;9,521573E-1;;
02/12/2021  12:05:24,653058;9,473158E-1;1,378860E-1;1,471132E-1;9,522358E-1;;
02/12/2021  12:05:24,653158;9,476913E-1;1,340630E-1;1,641736E-1;9,522967E-1;;
02/12/2021  12:05:24,653258;9,481831E-1;1,267357E-1;1,249980E-1;9,523406E-1;;
02/12/2021  12:05:24,653358;9,466900E-1;1,139925E-1;1,066739E-1;9,523681E-1;;
02/12/2021  12:05:24,653458;9,460879E-1;1,174969E-1;1,180475E-1;9,523797E-1;;
02/12/2021  12:05:24,653558;9,467973E-1;1,073023E-1;1,208909E-1;9,523759E-1;;
02/12/2021  12:05:24,653658;9,464992E-1;1,022050E-1;1,246821E-1;9,523571E-1;;
02/12/2021  12:05:24,653758;9,465052E-1;1,085766E-1;1,003553E-1;9,523240E-1;;
02/12/2021  12:05:24,653858;9,442461E-1;9,296622E-2;1,063580E-1;9,522770E-1;;
02/12/2021  12:05:24,653958;9,429586E-1;1,251428E-1;8,898175E-2;9,522165E-1;;
02/12/2021  12:05:24,654058;9,431583E-1;1,347002E-1;1,401627E-1;9,521426E-1;;
02/12/2021  12:05:24,654158;9,430510E-1;1,159040E-1;1,196272E-1;9,520553E-1;;
02/12/2021  12:05:24,654258;9,416205E-1;1,413904E-1;1,509044E-1;9,519547E-1;;
02/12/2021  12:05:24,654358;9,402585E-1;1,149482E-1;1,193112E-1;9,518408E-1;;
02/12/2021  12:05:24,654458;9,389561E-1;1,334259E-1;1,360556E-1;9,517135E-1;;
02/12/2021  12:05:24,654558;9,397667E-1;1,194084E-1;1,297370E-1;9,515725E-1;;
02/12/2021  12:05:24,654658;9,387385E-1;1,187712E-1;1,189953E-1;9,514177E-1;;
02/12/2021  12:05:24,654758;9,380173E-1;1,197269E-1;1,208909E-1;9,512489E-1;;
02/12/2021  12:05:24,654858;9,366851E-1;1,171783E-1;1,771268E-1;9,510660E-1;;
02/12/2021  12:05:24,654958;9,366851E-1;9,965640E-2;1,404787E-1;9,508689E-1;;
02/12/2021  12:05:24,655058;9,370219E-1;1,213198E-1;1,556434E-1;9,506573E-1;;
02/12/2021  12:05:24,655158;9,367387E-1;1,222756E-1;1,253139E-1;9,504314E-1;;
02/12/2021  12:05:24,655258;9,365540E-1;7,098420E-2;8,645429E-2;9,501912E-1;;
02/12/2021  12:05:24,655358;9,364079E-1;1,382046E-1;1,894481E-1;9,499371E-1;;
02/12/2021  12:05:24,655458;9,360384E-1;1,095324E-1;1,129926E-1;9,496695E-1;;
02/12/2021  12:05:24,655558;9,371321E-1;2,638300E-2;7,476481E-2;9,493887E-1;;
02/12/2021  12:05:24,655658;9,376924E-1;1,025236E-1;1,041465E-1;9,490954E-1;;
02/12/2021  12:05:24,655758;9,366613E-1;1,143111E-1;1,212068E-1;9,487905E-1;;
02/12/2021  12:05:24,655858;9,358715E-1;1,165411E-1;1,246821E-1;9,484748E-1;;
02/12/2021  12:05:24,655958;9,353857E-1;8,022302E-2;9,024547E-2;9,481491E-1;;
02/12/2021  12:05:24,656058;9,364616E-1;9,232906E-2;1,057261E-1;9,478140E-1;;
02/12/2021  12:05:24,656158;9,357135E-1;1,085766E-1;1,221546E-1;9,474704E-1;;
02/12/2021  12:05:24,656258;9,344141E-1;1,073023E-1;1,164678E-1;9,471189E-1;;
02/12/2021  12:05:24,656358;9,332071E-1;9,742634E-2;1,066739E-1;9,467604E-1;;
02/12/2021  12:05:24,656458;9,328942E-1;9,296622E-2;1,044624E-1;9,463952E-1;;
02/12/2021  12:05:24,656558;9,332726E-1;1,047537E-1;1,069899E-1;9,460238E-1;;
02/12/2021  12:05:24,656658;9,330104E-1;9,169190E-2;9,688005E-2;9,456465E-1;;
02/12/2021  12:05:24,656758;9,322564E-1;1,229127E-1;1,524841E-1;9,452639E-1;;
02/12/2021  12:05:24,656858;9,306887E-1;9,296622E-2;1,101492E-1;9,448764E-1;;
02/12/2021  12:05:24,656958;9,312192E-1;1,050723E-1;1,183634E-1;9,444844E-1;;
02/12/2021  12:05:24,657058;9,322981E-1;1,299215E-1;1,411105E-1;9,440881E-1;;
02/12/2021  12:05:24,657158;9,325276E-1;1,477620E-1;1,411105E-1;9,436881E-1;;
02/12/2021  12:05:24,657258;9,322653E-1;1,487177E-1;1,490088E-1;9,432850E-1;;
02/12/2021  12:05:24,657358;9,319643E-1;1,095324E-1;1,063580E-1;9,428797E-1;;
02/12/2021  12:05:24,657458;9,337078E-1;1,694254E-1;1,875525E-1;9,424728E-1;;
02/12/2021  12:05:24,657558;9,342591E-1;1,732484E-1;1,727037E-1;9,420653E-1;;
02/12/2021  12:05:24,657658;9,353529E-1;1,675139E-1;1,449017E-1;9,416585E-1;;
02/12/2021  12:05:24,657758;9,346794E-1;1,722926E-1;1,471132E-1;9,412534E-1;;
02/12/2021  12:05:24,657858;9,344350E-1;1,691068E-1;1,521681E-1;9,408514E-1;;
02/12/2021  12:05:24,657958;9,353648E-1;1,668768E-1;1,347919E-1;9,404537E-1;;
02/12/2021  12:05:24,658058;9,366523E-1;1,216384E-1;1,373193E-1;9,400613E-1;;
02/12/2021  12:05:24,658158;9,365927E-1;1,359745E-1;1,382671E-1;9,396756E-1;;
02/12/2021  12:05:24,658258;9,358536E-1;1,232313E-1;1,240502E-1;9,392977E-1;;
02/12/2021  12:05:24,658358;9,352337E-1;-5,156422E-3;2,611128E-2;9,389289E-1;;
02/12/2021  12:05:24,658458;9,366762E-1;1,200455E-1;1,278414E-1;9,385700E-1;;
02/12/2021  12:05:24,658558;9,369533E-1;1,292843E-1;1,278414E-1;9,382218E-1;;
02/12/2021  12:05:24,658658;9,363304E-1;1,375674E-1;1,430061E-1;9,378853E-1;;
02/12/2021  12:05:24,658758;9,362768E-1;1,152668E-1;1,281573E-1;9,375612E-1;;
02/12/2021  12:05:24,658858;9,352724E-1;1,362931E-1;1,407946E-1;9,372502E-1;;
02/12/2021  12:05:24,658958;9,360115E-1;1,241871E-1;1,294210E-1;9,369526E-1;;
02/12/2021  12:05:24,659058;9,372156E-1;1,257800E-1;1,275255E-1;9,366687E-1;;
02/12/2021  12:05:24,659158;9,371649E-1;1,152668E-1;1,227865E-1;9,363991E-1;;
02/12/2021  12:05:24,659258;9,361188E-1;1,417090E-1;1,420583E-1;9,361441E-1;;
02/12/2021  12:05:24,659358;9,366851E-1;1,729298E-1;1,963986E-1;9,359039E-1;;
02/12/2021  12:05:24,659458;9,377789E-1;1,238685E-1;1,221546E-1;9,356788E-1;;
02/12/2021  12:05:24,659558;9,374510E-1;1,280100E-1;1,316326E-1;9,354690E-1;;
02/12/2021  12:05:24,659658;9,374540E-1;1,311958E-1;1,221546E-1;9,352746E-1;;
02/12/2021  12:05:24,659758;9,365569E-1;1,034794E-1;9,466852E-2;9,350957E-1;;
02/12/2021  12:05:24,659858;9,372037E-1;1,289658E-1;1,363715E-1;9,349324E-1;;
02/12/2021  12:05:24,659958;9,381037E-1;1,388417E-1;1,490088E-1;9,347843E-1;;
02/12/2021  12:05:24,660058;9,384286E-1;1,350188E-1;1,338441E-1;9,346516E-1;;
02/12/2021  12:05:24,660158;9,385418E-1;1,273729E-1;1,332122E-1;9,345341E-1;;
02/12/2021  12:05:24,660258;9,382587E-1;1,187712E-1;1,161519E-1;9,344318E-1;;
02/12/2021  12:05:24,660358;9,381961E-1;1,267357E-1;1,294210E-1;9,343446E-1;;
02/12/2021  12:05:24,660458;9,401065E-1;1,267357E-1;1,316326E-1;9,342723E-1;;
02/12/2021  12:05:24,660558;9,398889E-1;1,292843E-1;1,028828E-1;9,342149E-1;;
02/12/2021  12:05:24,660658;9,387087E-1;1,327887E-1;1,313166E-1;9,341721E-1;;
02/12/2021  12:05:24,660758;9,383451E-1;1,353374E-1;1,357397E-1;9,341439E-1;;
02/12/2021  12:05:24,660858;9,389173E-1;8,086018E-2;8,487463E-2;9,341298E-1;;
02/12/2021  12:05:24,660958;9,392899E-1;1,337445E-1;1,199431E-1;9,341292E-1;;
02/12/2021  12:05:24,661058;9,390753E-1;1,292843E-1;1,256299E-1;9,341417E-1;;
02/12/2021  12:05:24,661158;9,386998E-1;1,206827E-1;1,246821E-1;9,341669E-1;;
02/12/2021  12:05:24,661258;9,379100E-1;1,257800E-1;1,363715E-1;9,342041E-1;;
02/12/2021  12:05:24,661358;9,386491E-1;1,311958E-1;1,044624E-1;9,342527E-1;;
02/12/2021  12:05:24,661458;9,387147E-1;1,324701E-1;1,177316E-1;9,343119E-1;;
02/12/2021  12:05:24,661558;9,388518E-1;1,292843E-1;1,265777E-1;9,343810E-1;;
02/12/2021  12:05:24,661658;9,382289E-1;1,305587E-1;1,502726E-1;9,344593E-1;;
02/12/2021  12:05:24,661758;9,374212E-1;1,248242E-1;1,095173E-1;9,345461E-1;;
02/12/2021  12:05:24,661858;9,376775E-1;1,480806E-1;1,493248E-1;9,346406E-1;;
02/12/2021  12:05:24,661958;9,386581E-1;1,506292E-1;1,752312E-1;9,347420E-1;;
02/12/2021  12:05:24,662058;9,386223E-1;1,318330E-1;1,278414E-1;9,348493E-1;;
02/12/2021  12:05:24,662158;9,385061E-1;1,299215E-1;1,344760E-1;9,349621E-1;;
02/12/2021  12:05:24,662258;9,376298E-1;1,206827E-1;1,287892E-1;9,350796E-1;;
02/12/2021  12:05:24,662358;9,386431E-1;1,490363E-1;1,363715E-1;9,352011E-1;;
02/12/2021  12:05:24,662458;9,392452E-1;1,366117E-1;1,388990E-1;9,353261E-1;;
02/12/2021  12:05:24,662558;9,386879E-1;1,340630E-1;1,347919E-1;9,354540E-1;;
02/12/2021  12:05:24,662658;9,376656E-1;1,407532E-1;1,449017E-1;9,355843E-1;;
02/12/2021  12:05:24,662758;9,369086E-1;9,360338E-2;1,085695E-1;9,357164E-1;;
02/12/2021  12:05:24,662858;9,369325E-1;1,483991E-1;1,442698E-1;9,358494E-1;;
02/12/2021  12:05:24,662958;9,379696E-1;1,073023E-1;1,177316E-1;9,359826E-1;;
02/12/2021  12:05:24,663058;9,370189E-1;1,350188E-1;1,328963E-1;9,361154E-1;;
02/12/2021  12:05:24,663158;9,361397E-1;1,458505E-1;1,417424E-1;9,362470E-1;;
02/12/2021  12:05:24,663258;9,348284E-1;1,324701E-1;1,170997E-1;9,363768E-1;;
02/12/2021  12:05:24,663358;9,349416E-1;1,362931E-1;1,496407E-1;9,365037E-1;;
02/12/2021  12:05:24,663458;9,352993E-1;1,362931E-1;1,300529E-1;9,366269E-1;;
02/12/2021  12:05:24,663558;9,341489E-1;1,426647E-1;1,490088E-1;9,367456E-1;;
02/12/2021  12:05:24,663658;9,321759E-1;1,324701E-1;1,363715E-1;9,368588E-1;;
02/12/2021  12:05:24,663758;9,316365E-1;8,723178E-2;1,177316E-1;9,369656E-1;;
02/12/2021  12:05:24,663858;9,321521E-1;1,273729E-1;1,205749E-1;9,370648E-1;;
02/12/2021  12:05:24,663958;9,321550E-1;1,225942E-1;1,227865E-1;9,371553E-1;;
02/12/2021  12:05:24,664058;9,314100E-1;1,394789E-1;1,433221E-1;9,372364E-1;;
02/12/2021  12:05:24,664158;9,301493E-1;2,606442E-2;9,308886E-2;9,373073E-1;;
02/12/2021  12:05:24,664258;9,296844E-1;1,410718E-1;1,426902E-1;9,373671E-1;;
02/12/2021  12:05:24,664358;9,307692E-1;9,105474E-2;1,218387E-1;9,374151E-1;;
02/12/2021  12:05:24,664458;9,303818E-1;1,362931E-1;1,398468E-1;9,374506E-1;;
02/12/2021  12:05:24,664558;9,304384E-1;1,429833E-1;1,313166E-1;9,374731E-1;;
02/12/2021  12:05:24,664658;9,299317E-1;6,301970E-2;6,244346E-2;9,374825E-1;;
02/12/2021  12:05:24,664758;9,305636E-1;1,321516E-1;1,272095E-1;9,374785E-1;;
02/12/2021  12:05:24,664858;9,318689E-1;1,512664E-1;1,584868E-1;9,374611E-1;;
02/12/2021  12:05:24,664958;9,320179E-1;1,566822E-1;1,553275E-1;9,374305E-1;;
02/12/2021  12:05:24,665058;9,318958E-1;1,130368E-1;1,183634E-1;9,373872E-1;;
02/12/2021  12:05:24,665158;9,318600E-1;1,254614E-1;1,202590E-1;9,373318E-1;;
02/12/2021  12:05:24,665258;9,322266E-1;1,347002E-1;1,319485E-1;9,372647E-1;;
02/12/2021  12:05:24,665358;9,334664E-1;1,407532E-1;1,177316E-1;9,371868E-1;;
02/12/2021  12:05:24,665458;9,339104E-1;1,270543E-1;1,354238E-1;9,370988E-1;;
02/12/2021  12:05:24,665558;9,342263E-1;1,388417E-1;1,382671E-1;9,370017E-1;;
02/12/2021  12:05:24,665658;9,338329E-1;1,452133E-1;1,464814E-1;9,368967E-1;;
02/12/2021  12:05:24,665758;9,341667E-1;1,353374E-1;1,313166E-1;9,367847E-1;;
02/12/2021  12:05:24,665858;9,354751E-1;1,334259E-1;1,310007E-1;9,366668E-1;;
02/12/2021  12:05:24,665958;9,355496E-1;1,073023E-1;1,076217E-1;9,365442E-1;;
02/12/2021  12:05:24,666058;9,358595E-1;1,251428E-1;1,253139E-1;9,364179E-1;;
02/12/2021  12:05:24,666158;9,351711E-1;1,037979E-1;1,038306E-1;9,362893E-1;;
02/12/2021  12:05:24,666258;9,358089E-1;1,315144E-1;1,164678E-1;9,361592E-1;;
02/12/2021  12:05:24,666358;9,366344E-1;1,697440E-1;1,812339E-1;9,360288E-1;;
02/12/2021  12:05:24,666458;9,367000E-1;1,149482E-1;1,145722E-1;9,358990E-1;;
02/12/2021  12:05:24,666558;9,359192E-1;1,533758E-3;6,275939E-2;9,357709E-1;;
02/12/2021  12:05:24,666658;9,351532E-1;1,391603E-1;1,398468E-1;9,356452E-1;;
02/12/2021  12:05:24,666758;9,359758E-1;1,331073E-1;1,300529E-1;9,355227E-1;;
02/12/2021  12:05:24,666858;9,363334E-1;1,149482E-1;1,224705E-1;9,354040E-1;;
02/12/2021  12:05:24,666958;9,360503E-1;1,194084E-1;1,183634E-1;9,352895E-1;;
02/12/2021  12:05:24,667058;9,356360E-1;9,232906E-2;9,782784E-2;9,351797E-1;;
02/12/2021  12:05:24,667158;9,348135E-1;1,573194E-1;1,922915E-1;9,350752E-1;;
02/12/2021  12:05:24,667258;9,356778E-1;1,315144E-1;1,221546E-1;9,349760E-1;;
02/12/2021  12:05:24,667358;9,354989E-1;1,340630E-1;1,297370E-1;9,348825E-1;;
02/12/2021  12:05:24,667458;9,353380E-1;1,601866E-1;1,739675E-1;9,347946E-1;;
02/12/2021  12:05:24,667558;9,343545E-1;1,203641E-1;1,275255E-1;9,347126E-1;;
02/12/2021  12:05:24,667658;9,335468E-1;1,369303E-1;1,284732E-1;9,346362E-1;;
02/12/2021  12:05:24,667758;9,342979E-1;1,190898E-1;1,420583E-1;9,345654E-1;;
02/12/2021  12:05:24,667858;9,348492E-1;1,117624E-1;1,161519E-1;9,344999E-1;;
02/12/2021  12:05:24,667958;9,345214E-1;1,375674E-1;1,524841E-1;9,344395E-1;;
02/12/2021  12:05:24,668058;9,341489E-1;1,296029E-1;1,300529E-1;9,343840E-1;;
02/12/2021  12:05:24,668158;9,343575E-1;7,703722E-2;1,000394E-1;9,343334E-1;;
02/12/2021  12:05:24,668258;9,348194E-1;1,053908E-1;1,183634E-1;9,342873E-1;;
02/12/2021  12:05:24,668358;9,349386E-1;1,092138E-1;1,189953E-1;9,342457E-1;;
02/12/2021  12:05:24,668458;9,348790E-1;8,213450E-2;8,013565E-2;9,342085E-1;;
02/12/2021  12:05:24,668558;9,345721E-1;1,152668E-1;1,376353E-1;9,341756E-1;;
02/12/2021  12:05:24,668658;9,349208E-1;1,139925E-1;1,164678E-1;9,341468E-1;;
02/12/2021  12:05:24,668758;9,361993E-1;1,012493E-1;1,136244E-1;9,341221E-1;;
02/12/2021  12:05:24,668858;9,365450E-1;1,136739E-1;1,284732E-1;9,341015E-1;;
02/12/2021  12:05:24,668958;9,362738E-1;5,728526E-2;6,433905E-2;9,340851E-1;;
02/12/2021  12:05:24,669058;9,362529E-1;7,066562E-2;8,866581E-2;9,340731E-1;;
02/12/2021  12:05:24,669158;9,369891E-1;9,615202E-2;1,212068E-1;9,340657E-1;;
02/12/2021  12:05:24,669258;9,381156E-1;6,078964E-2;1,170997E-1;9,340628E-1;;
02/12/2021  12:05:24,669358;9,384494E-1;1,305587E-1;1,843932E-1;9,340650E-1;;
02/12/2021  12:05:24,669458;9,384226E-1;9,551486E-2;1,050943E-1;9,340724E-1;;
02/12/2021  12:05:24,669558;9,384226E-1;9,201048E-2;9,593225E-2;9,340854E-1;;
02/12/2021  12:05:24,669658;9,387236E-1;1,133553E-1;1,420583E-1;9,341043E-1;;
02/12/2021  12:05:24,669758;9,399306E-1;1,300264E-2;6,939396E-2;9,341293E-1;;
02/12/2021  12:05:24,669858;9,400409E-1;1,060280E-1;1,240502E-1;9,341607E-1;;
02/12/2021  12:05:24,669958;9,405386E-1;9,583344E-2;1,095173E-1;9,341989E-1;;
02/12/2021  12:05:24,670058;9,406608E-1;1,015679E-1;1,003553E-1;9,342442E-1;;
02/12/2021  12:05:24,670158;9,420437E-1;1,442576E-1;1,347919E-1;9,342970E-1;;
02/12/2021  12:05:24,670258;9,431941E-1;1,245056E-1;1,310007E-1;9,343576E-1;;
02/12/2021  12:05:24,670358;9,437186E-1;1,200455E-1;1,189953E-1;9,344266E-1;;
02/12/2021  12:05:24,670458;9,443772E-1;1,582751E-1;1,638576E-1;9,345046E-1;;
02/12/2021  12:05:24,670558;9,441597E-1;1,668768E-1;1,464814E-1;9,345921E-1;;
02/12/2021  12:05:24,670658;9,453518E-1;1,582751E-1;1,306848E-1;9,346898E-1;;
02/12/2021  12:05:24,670758;9,465886E-1;1,786642E-1;1,957668E-1;9,347979E-1;;
02/12/2021  12:05:24,670858;9,466929E-1;1,611423E-1;1,322644E-1;9,349172E-1;;
02/12/2021  12:05:24,670958;9,470208E-1;1,681511E-1;1,704922E-1;9,350481E-1;;
02/12/2021  12:05:24,671058;9,473724E-1;1,560451E-1;1,471132E-1;9,351910E-1;;
02/12/2021  12:05:24,671158;9,489967E-1;1,104881E-1;1,360556E-1;9,353463E-1;;
02/12/2021  12:05:24,671258;9,498014E-1;1,280100E-1;1,436380E-1;9,355145E-1;;
02/12/2021  12:05:24,671358;9,499087E-1;1,190898E-1;1,205749E-1;9,356959E-1;;
02/12/2021  12:05:24,671458;9,502127E-1;1,331073E-1;1,218387E-1;9,358910E-1;;
02/12/2021  12:05:24,671558;9,503110E-1;1,133553E-1;1,474292E-1;9,361000E-1;;
02/12/2021  12:05:24,671658;9,509488E-1;1,554079E-1;1,727037E-1;9,363231E-1;;
02/12/2021  12:05:24,671758;9,525403E-1;1,162226E-1;1,231024E-1;9,365604E-1;;
02/12/2021  12:05:24,671858;9,527549E-1;1,229127E-1;1,240502E-1;9,368119E-1;;
02/12/2021  12:05:24,671958;9,532794E-1;1,347002E-1;1,335282E-1;9,370779E-1;;
02/12/2021  12:05:24,672058;9,537086E-1;1,015679E-1;1,161519E-1;9,373584E-1;;
02/12/2021  12:05:24,672158;9,546652E-1;1,130368E-1;1,275255E-1;9,376534E-1;;
02/12/2021  12:05:24,672258;9,558901E-1;1,197269E-1;1,224705E-1;9,379629E-1;;
02/12/2021  12:05:24,672358;9,562716E-1;1,123996E-1;1,344760E-1;9,382869E-1;;
02/12/2021  12:05:24,672458;9,562895E-1;1,181340E-1;1,199431E-1;9,386256E-1;;
02/12/2021  12:05:24,672558;9,569958E-1;1,006121E-1;9,340479E-2;9,389788E-1;;
02/12/2021  12:05:24,672658;9,580985E-1;1,222756E-1;1,287892E-1;9,393464E-1;;
02/12/2021  12:05:24,672758;9,583727E-1;1,117624E-1;1,133085E-1;9,397282E-1;;
02/12/2021  12:05:24,672858;9,591387E-1;1,181340E-1;1,240502E-1;9,401240E-1;;
02/12/2021  12:05:24,672958;9,581582E-1;1,260985E-1;1,287892E-1;9,405337E-1;;
02/12/2021  12:05:24,673058;9,588883E-1;1,458505E-1;1,575390E-1;9,409568E-1;;
02/12/2021  12:05:24,673158;9,600655E-1;1,305587E-1;1,385831E-1;9,413928E-1;;
02/12/2021  12:05:24,673258;9,603219E-1;1,394789E-1;1,319485E-1;9,418412E-1;;
02/12/2021  12:05:24,673358;9,602801E-1;1,324701E-1;1,303688E-1;9,423015E-1;;
02/12/2021  12:05:24,673458;9,595410E-1;1,060280E-1;1,205749E-1;9,427731E-1;;
02/12/2021  12:05:24,673558;9,596423E-1;1,104881E-1;1,047783E-1;9,432553E-1;;
02/12/2021  12:05:24,673658;9,607510E-1;1,222756E-1;1,262617E-1;9,437470E-1;;
02/12/2021  12:05:24,673758;9,612070E-1;1,534964E-1;1,493248E-1;9,442475E-1;;
02/12/2021  12:05:24,673858;9,612666E-1;1,143111E-1;1,117289E-1;9,447559E-1;;
02/12/2021  12:05:24,673958;9,608225E-1;1,216384E-1;1,303688E-1;9,452714E-1;;
02/12/2021  12:05:24,674058;9,610014E-1;1,413904E-1;1,436380E-1;9,457931E-1;;
02/12/2021  12:05:24,674158;9,620564E-1;1,136739E-1;9,751191E-2;9,463200E-1;;
02/12/2021  12:05:24,674258;9,626316E-1;1,009307E-1;1,022509E-1;9,468512E-1;;
02/12/2021  12:05:24,674358;9,623932E-1;1,063466E-1;1,129926E-1;9,473859E-1;;
02/12/2021  12:05:24,674458;9,624706E-1;1,280100E-1;1,278414E-1;9,479232E-1;;
02/12/2021  12:05:24,674558;9,629296E-1;5,027650E-2;7,760819E-2;9,484624E-1;;
02/12/2021  12:05:24,674658;9,636091E-1;1,362931E-1;1,237343E-1;9,490026E-1;;
02/12/2021  12:05:24,674758;9,643244E-1;1,340630E-1;1,316326E-1;9,495431E-1;;
02/12/2021  12:05:24,674858;9,646820E-1;1,251428E-1;1,310007E-1;9,500833E-1;;
02/12/2021  12:05:24,674958;9,644198E-1;9,424054E-2;1,085695E-1;9,506226E-1;;
02/12/2021  12:05:24,675058;9,649801E-1;1,127182E-1;1,379512E-1;9,511603E-1;;
02/12/2021  12:05:24,675158;9,664136E-1;1,483991E-1;2,042969E-1;9,516961E-1;;
02/12/2021  12:05:24,675258;9,668278E-1;1,184526E-1;1,189953E-1;9,522294E-1;;
02/12/2021  12:05:24,675358;9,665537E-1;9,264764E-2;5,960007E-2;9,527600E-1;;
02/12/2021  12:05:24,675458;9,665209E-1;1,468062E-1;1,281573E-1;9,532875E-1;;
02/12/2021  12:05:24,675558;9,671199E-1;1,213198E-1;1,464814E-1;9,538116E-1;;
02/12/2021  12:05:24,675658;9,674239E-1;1,174969E-1;1,281573E-1;9,543318E-1;;
02/12/2021  12:05:24,675758;9,675163E-1;1,280100E-1;1,341600E-1;9,548479E-1;;
02/12/2021  12:05:24,675858;9,674925E-1;1,130368E-1;1,110970E-1;9,553595E-1;;
02/12/2021  12:05:24,675958;9,668934E-1;9,232906E-2;5,549295E-2;9,558662E-1;;
02/12/2021  12:05:24,676058;9,670156E-1;1,260985E-1;1,243661E-1;9,563676E-1;;
02/12/2021  12:05:24,676158;9,671050E-1;1,270543E-1;1,316326E-1;9,568630E-1;;
02/12/2021  12:05:24,676258;9,673405E-1;1,410718E-1;1,591187E-1;9,573519E-1;;
02/12/2021  12:05:24,676358;9,658324E-1;1,337445E-1;1,310007E-1;9,578339E-1;;
02/12/2021  12:05:24,676458;9,648221E-1;1,028422E-1;1,123607E-1;9,583082E-1;;
02/12/2021  12:05:24,676558;9,652274E-1;1,159040E-1;1,208909E-1;9,587739E-1;;
02/12/2021  12:05:24,676658;9,642499E-1;1,340630E-1;1,392149E-1;9,592301E-1;;
02/12/2021  12:05:24,676758;9,640919E-1;1,254614E-1;1,294210E-1;9,596759E-1;;
02/12/2021  12:05:24,676858;9,625720E-1;1,254614E-1;1,303688E-1;9,601103E-1;;
02/12/2021  12:05:24,676958;9,614693E-1;6,333828E-2;7,381701E-2;9,605321E-1;;
02/12/2021  12:05:24,677058;9,618418E-1;1,455319E-1;1,486929E-1;9,609403E-1;;
02/12/2021  12:05:24,677158;9,611861E-1;1,267357E-1;1,354238E-1;9,613335E-1;;
02/12/2021  12:05:24,677258;9,605484E-1;1,264171E-1;1,373193E-1;9,617107E-1;;
02/12/2021  12:05:24,677358;9,587751E-1;1,334259E-1;1,569071E-1;9,620709E-1;;
02/12/2021  12:05:24,677458;9,587989E-1;1,101695E-1;1,019350E-1;9,624127E-1;;
02/12/2021  12:05:24,677558;9,578840E-1;1,499920E-1;1,685966E-1;9,627352E-1;;
02/12/2021  12:05:24,677658;9,579346E-1;1,155854E-1;1,167838E-1;9,630372E-1;;
02/12/2021  12:05:24,677758;9,565279E-1;1,187712E-1;1,107811E-1;9,633177E-1;;
02/12/2021  12:05:24,677858;9,547010E-1;1,187712E-1;1,231024E-1;9,635757E-1;;
02/12/2021  12:05:24,677958;9,540394E-1;1,292843E-1;1,354238E-1;9,638102E-1;;
02/12/2021  12:05:24,678058;9,532973E-1;1,225942E-1;1,249980E-1;9,640200E-1;;
02/12/2021  12:05:24,678158;9,529486E-1;1,184526E-1;6,497092E-2;9,642041E-1;;
02/12/2021  12:05:24,678258;9,516730E-1;1,273729E-1;1,275255E-1;9,643617E-1;;
02/12/2021  12:05:24,678358;9,493275E-1;1,114439E-1;1,038306E-1;9,644918E-1;;
02/12/2021  12:05:24,678458;9,491368E-1;1,617795E-1;1,831295E-1;9,645936E-1;;
02/12/2021  12:05:24,678558;9,487642E-1;1,305587E-1;9,466852E-2;9,646660E-1;;
02/12/2021  12:05:24,678658;9,467138E-1;1,206827E-1;1,227865E-1;9,647083E-1;;
02/12/2021  12:05:24,678758;9,457363E-1;1,213198E-1;1,297370E-1;9,647198E-1;;
02/12/2021  12:05:24,678858;9,439451E-1;1,260985E-1;1,202590E-1;9,646997E-1;;
02/12/2021  12:05:24,678958;9,431553E-1;1,254614E-1;1,000394E-1;9,646473E-1;;
02/12/2021  12:05:24,679058;9,432775E-1;1,264171E-1;1,199431E-1;9,645619E-1;;
02/12/2021  12:05:24,679158;9,418649E-1;1,366117E-1;1,234183E-1;9,644430E-1;;
02/12/2021  12:05:24,679258;9,405803E-1;1,598680E-1;1,736515E-1;9,642904E-1;;
02/12/2021  12:05:24,679358;9,390276E-1;9,455912E-2;1,047783E-1;9,641037E-1;;
02/12/2021  12:05:24,679458;9,385150E-1;1,289658E-1;1,278414E-1;9,638827E-1;;
02/12/2021  12:05:24,679558;9,383004E-1;1,891774E-1;2,068244E-1;9,636272E-1;;
02/12/2021  12:05:24,679658;9,375166E-1;1,426647E-1;1,322644E-1;9,633373E-1;;
02/12/2021  12:05:24,679758;9,368788E-1;1,321516E-1;1,388990E-1;9,630132E-1;;
02/12/2021  12:05:24,679858;9,359341E-1;1,302401E-1;1,284732E-1;9,626553E-1;;
02/12/2021  12:05:24,679958;9,355764E-1;1,555128E-2;7,476481E-2;9,622641E-1;;
02/12/2021  12:05:24,680058;9,352426E-1;1,311958E-1;1,433221E-1;9,618403E-1;;
02/12/2021  12:05:24,680158;9,347181E-1;1,356559E-1;1,366875E-1;9,613845E-1;;
02/12/2021  12:05:24,680258;9,331713E-1;1,483991E-1;1,328963E-1;9,608978E-1;;
02/12/2021  12:05:24,680358;9,320865E-1;-3,000566E-2;2,200416E-2;9,603809E-1;;
02/12/2021  12:05:24,680458;9,321074E-1;1,407532E-1;1,303688E-1;9,598349E-1;;
02/12/2021  12:05:24,680558;9,319345E-1;1,401161E-1;1,357397E-1;9,592608E-1;;
02/12/2021  12:05:24,680658;9,311209E-1;1,499920E-1;1,401627E-1;9,586596E-1;;
02/12/2021  12:05:24,680758;9,299913E-1;1,375674E-1;1,319485E-1;9,580325E-1;;
02/12/2021  12:05:24,680858;9,288082E-1;1,378860E-1;1,227865E-1;9,573809E-1;;
02/12/2021  12:05:24,680958;9,291986E-1;1,407532E-1;1,572231E-1;9,567059E-1;;
02/12/2021  12:05:24,681058;9,287009E-1;1,343816E-1;1,373193E-1;9,560087E-1;;
02/12/2021  12:05:24,681158;9,270110E-1;1,130368E-1;1,253139E-1;9,552907E-1;;
02/12/2021  12:05:24,681258;9,256699E-1;1,127182E-1;1,215227E-1;9,545532E-1;;
02/12/2021  12:05:24,681358;9,239443E-1;3,466608E-2;5,738855E-2;9,537972E-1;;
02/12/2021  12:05:24,681458;9,235211E-1;1,149482E-1;1,177316E-1;9,530238E-1;;
02/12/2021  12:05:24,681558;9,234466E-1;1,127182E-1;1,199431E-1;9,522338E-1;;
02/12/2021  12:05:24,681658;9,224065E-1;1,127182E-1;1,234183E-1;9,514283E-1;;
02/12/2021  12:05:24,681758;9,213664E-1;1,232313E-1;1,471132E-1;9,506084E-1;;
02/12/2021  12:05:24,681858;9,202756E-1;1,143111E-1;1,347919E-1;9,497749E-1;;
02/12/2021  12:05:24,681958;9,207196E-1;1,117624E-1;1,275255E-1;9,489289E-1;;
02/12/2021  12:05:24,682058;9,203530E-1;1,028422E-1;1,117289E-1;9,480715E-1;;
02/12/2021  12:05:24,682158;9,192414E-1;9,551486E-2;1,047783E-1;9,472037E-1;;
02/12/2021  12:05:24,682258;9,184010E-1;1,092138E-1;1,268936E-1;9,463268E-1;;
02/12/2021  12:05:24,682358;9,184159E-1;1,289658E-1;1,322644E-1;9,454418E-1;;
02/12/2021  12:05:24,682458;9,187973E-1;1,066652E-1;1,022509E-1;9,445499E-1;;
02/12/2021  12:05:24,682558;9,184874E-1;4,963934E-2;9,087734E-2;9,436524E-1;;
02/12/2021  12:05:24,682658;9,173757E-1;9,519628E-2;1,114129E-1;9,427505E-1;;
02/12/2021  12:05:24,682758;9,167946E-1;1,149482E-1;1,249980E-1;9,418457E-1;;
02/12/2021  12:05:24,682858;9,165383E-1;1,085766E-1;1,155200E-1;9,409391E-1;;
02/12/2021  12:05:24,682958;9,170628E-1;9,742634E-2;8,297904E-2;9,400319E-1;;
02/12/2021  12:05:24,683058;9,166575E-1;1,101695E-1;1,366875E-1;9,391254E-1;;
02/12/2021  12:05:24,683158;9,160048E-1;1,426647E-1;1,556434E-1;9,382209E-1;;
02/12/2021  12:05:24,683258;9,149319E-1;1,347002E-1;1,341600E-1;9,373196E-1;;
02/12/2021  12:05:24,683358;9,151614E-1;1,245056E-1;1,404787E-1;9,364228E-1;;
02/12/2021  12:05:24,683458;9,154743E-1;1,302401E-1;9,624818E-2;9,355314E-1;;
02/12/2021  12:05:24,683558;9,153491E-1;1,442576E-1;1,423743E-1;9,346466E-1;;
02/12/2021  12:05:24,683658;9,150809E-1;1,633724E-1;1,486929E-1;9,337696E-1;;
02/12/2021  12:05:24,683758;9,149796E-1;1,652839E-1;1,392149E-1;9,329015E-1;;
02/12/2021  12:05:24,683858;9,154862E-1;1,611423E-1;1,392149E-1;9,320436E-1;;
02/12/2021  12:05:24,683958;9,167379E-1;1,139925E-1;1,774427E-1;9,311969E-1;;
02/12/2021  12:05:24,684058;9,171343E-1;2,012834E-1;1,793383E-1;9,303628E-1;;
02/12/2021  12:05:24,684158;9,171760E-1;1,646467E-1;1,562753E-1;9,295428E-1;;
02/12/2021  12:05:24,684258;9,172863E-1;1,292843E-1;1,310007E-1;9,287382E-1;;
02/12/2021  12:05:24,684358;9,188391E-1;1,232313E-1;1,243661E-1;9,279506E-1;;
02/12/2021  12:05:24,684458;9,196437E-1;1,378860E-1;1,458495E-1;9,271813E-1;;
02/12/2021  12:05:24,684558;9,203620E-1;1,378860E-1;1,398468E-1;9,264319E-1;;
02/12/2021  12:05:24,684658;9,208955E-1;1,101695E-1;1,208909E-1;9,257041E-1;;
02/12/2021  12:05:24,684758;9,211697E-1;1,108067E-1;1,221546E-1;9,249994E-1;;
02/12/2021  12:05:24,684858;9,231575E-1;1,308772E-1;1,278414E-1;9,243193E-1;;
02/12/2021  12:05:24,684958;9,236910E-1;1,397975E-1;1,464814E-1;9,236655E-1;;
02/12/2021  12:05:24,685058;9,243914E-1;1,257800E-1;1,275255E-1;9,230394E-1;;
02/12/2021  12:05:24,685158;9,247222E-1;1,356559E-1;1,268936E-1;9,224427E-1;;
02/12/2021  12:05:24,685258;9,246745E-1;1,283286E-1;1,455336E-1;9,218767E-1;;
02/12/2021  12:05:24,685358;9,255894E-1;1,506292E-1;1,821817E-1;9,213425E-1;;
02/12/2021  12:05:24,685458;9,264150E-1;1,515849E-1;1,414265E-1;9,208412E-1;;
02/12/2021  12:05:24,685558;9,274551E-1;1,340630E-1;1,363715E-1;9,203739E-1;;
02/12/2021  12:05:24,685658;9,282479E-1;1,267357E-1;1,268936E-1;9,199413E-1;;
02/12/2021  12:05:24,685758;9,284058E-1;1,512664E-1;1,648054E-1;9,195445E-1;;
02/12/2021  12:05:24,685858;9,297738E-1;1,417090E-1;1,430061E-1;9,191841E-1;;
02/12/2021  12:05:24,685958;9,309719E-1;1,270543E-1;1,253139E-1;9,188608E-1;;
02/12/2021  12:05:24,686058;9,314368E-1;1,139925E-1;1,133085E-1;9,185753E-1;;
02/12/2021  12:05:24,686158;9,321580E-1;2,108408E-1;1,660692E-1;9,183280E-1;;
02/12/2021  12:05:24,686258;9,323190E-1;1,283286E-1;1,275255E-1;9,181195E-1;;
02/12/2021  12:05:24,686358;9,338508E-1;1,296029E-1;1,287892E-1;9,179500E-1;;
02/12/2021  12:05:24,686458;9,353529E-1;1,197269E-1;1,234183E-1;9,178196E-1;;
02/12/2021  12:05:24,686558;9,358238E-1;1,289658E-1;1,234183E-1;9,177287E-1;;
02/12/2021  12:05:24,686658;9,350877E-1;1,448948E-1;1,505885E-1;9,176772E-1;;
02/12/2021  12:05:24,686758;9,362649E-1;1,337445E-1;1,262617E-1;9,176651E-1;;
02/12/2021  12:05:24,686858;9,382289E-1;1,299215E-1;1,313166E-1;9,176922E-1;;
02/12/2021  12:05:24,686958;9,388697E-1;1,159040E-1;1,237343E-1;9,177580E-1;;
02/12/2021  12:05:24,687058;9,394747E-1;1,267357E-1;1,297370E-1;9,178624E-1;;
02/12/2021  12:05:24,687158;9,391200E-1;1,331073E-1;1,129926E-1;9,180050E-1;;
02/12/2021  12:05:24,687258;9,398800E-1;1,334259E-1;1,284732E-1;9,181852E-1;;
02/12/2021  12:05:24,687358;9,408426E-1;9,678918E-2;1,155200E-1;9,184023E-1;;
02/12/2021  12:05:24,687458;9,410691E-1;1,241871E-1;1,272095E-1;9,186554E-1;;
02/12/2021  12:05:24,687558;9,419304E-1;1,515849E-1;1,442698E-1;9,189436E-1;;
02/12/2021  12:05:24,687658;9,416682E-1;1,276914E-1;1,231024E-1;9,192659E-1;;
02/12/2021  12:05:24,687758;9,427530E-1;1,241871E-1;1,101492E-1;9,196212E-1;;
02/12/2021  12:05:24,687858;9,437037E-1;1,101695E-1;1,186794E-1;9,200083E-1;;
02/12/2021  12:05:24,687958;9,439481E-1;1,334259E-1;1,183634E-1;9,204260E-1;;
02/12/2021  12:05:24,688058;9,447498E-1;1,461691E-1;1,439539E-1;9,208731E-1;;
02/12/2021  12:05:24,688158;9,446783E-1;1,088952E-1;1,142563E-1;9,213483E-1;;
02/12/2021  12:05:24,688258;9,452982E-1;1,178155E-1;1,088855E-1;9,218503E-1;;
02/12/2021  12:05:24,688358;9,468777E-1;1,264171E-1;1,152041E-1;9,223777E-1;;
02/12/2021  12:05:24,688458;9,472503E-1;1,264171E-1;1,142563E-1;9,229291E-1;;
02/12/2021  12:05:24,688558;9,477658E-1;1,334259E-1;1,461654E-1;9,235034E-1;;
02/12/2021  12:05:24,688658;9,481950E-1;1,267357E-1;1,227865E-1;9,240991E-1;;
02/12/2021  12:05:24,688758;9,495659E-1;1,063466E-1;1,139404E-1;9,247150E-1;;
02/12/2021  12:05:24,688858;9,508594E-1;1,318330E-1;1,493248E-1;9,253499E-1;;
02/12/2021  12:05:24,688958;9,510710E-1;1,296029E-1;1,246821E-1;9,260027E-1;;
02/12/2021  12:05:24,689058;9,510591E-1;1,203641E-1;1,082536E-1;9,266723E-1;;
02/12/2021  12:05:24,689158;9,507193E-1;8,149734E-2;1,092014E-1;9,273574E-1;;
02/12/2021  12:05:24,689258;9,516969E-1;1,315144E-1;1,351078E-1;9,280567E-1;;
02/12/2021  12:05:24,689358;9,522661E-1;1,362931E-1;1,411105E-1;9,287690E-1;;
02/12/2021  12:05:24,689458;9,526506E-1;1,098510E-1;1,224705E-1;9,294928E-1;;
02/12/2021  12:05:24,689558;9,528711E-1;1,152668E-1;1,152041E-1;9,302268E-1;;
02/12/2021  12:05:24,689658;9,526476E-1;1,343816E-1;1,483770E-1;9,309698E-1;;
02/12/2021  12:05:24,689758;9,535894E-1;1,391603E-1;1,543797E-1;9,317203E-1;;
02/12/2021  12:05:24,689858;9,540662E-1;1,194084E-1;1,189953E-1;9,324769E-1;;
02/12/2021  12:05:24,689958;9,538606E-1;1,276914E-1;1,351078E-1;9,332384E-1;;
02/12/2021  12:05:24,690058;9,537056E-1;1,302401E-1;1,272095E-1;9,340035E-1;;
02/12/2021  12:05:24,690158;9,533301E-1;1,315144E-1;1,316326E-1;9,347707E-1;;
02/12/2021  12:05:24,690258;9,540036E-1;1,136739E-1;1,079377E-1;9,355386E-1;;
02/12/2021  12:05:24,690358;9,547278E-1;1,159040E-1;1,177316E-1;9,363058E-1;;
02/12/2021  12:05:24,690458;9,545222E-1;1,206827E-1;1,297370E-1;9,370708E-1;;
02/12/2021  12:05:24,690558;9,540930E-1;9,774492E-2;1,224705E-1;9,378325E-1;;
02/12/2021  12:05:24,690658;9,537026E-1;1,267357E-1;1,246821E-1;9,385896E-1;;
02/12/2021  12:05:24,690758;9,545162E-1;1,385232E-1;1,499566E-1;9,393405E-1;;
02/12/2021  12:05:24,690858;9,546831E-1;1,114439E-1;1,164678E-1;9,400841E-1;;
02/12/2021  12:05:24,690958;9,541795E-1;1,206827E-1;1,082536E-1;9,408192E-1;;
02/12/2021  12:05:24,691058;9,530976E-1;1,241871E-1;1,414265E-1;9,415444E-1;;
02/12/2021  12:05:24,691158;9,530648E-1;1,232313E-1;1,234183E-1;9,422585E-1;;
02/12/2021  12:05:24,691258;9,531602E-1;9,710776E-2;1,028828E-1;9,429602E-1;;
02/12/2021  12:05:24,691358;9,529575E-1;1,292843E-1;1,259458E-1;9,436481E-1;;
02/12/2021  12:05:24,691458;9,527936E-1;1,413904E-1;1,294210E-1;9,443211E-1;;
02/12/2021  12:05:24,691558;9,520485E-1;1,327887E-1;1,344760E-1;9,449779E-1;;
02/12/2021  12:05:24,691658;9,513452E-1;1,184526E-1;1,237343E-1;9,456175E-1;;
02/12/2021  12:05:24,691758;9,516522E-1;8,818752E-2;6,749837E-2;9,462386E-1;;
02/12/2021  12:05:24,691858;9,516551E-1;1,197269E-1;1,063580E-1;9,468400E-1;;
02/12/2021  12:05:24,691958;9,510799E-1;1,334259E-1;1,313166E-1;9,474210E-1;;
02/12/2021  12:05:24,692058;9,499683E-1;1,194084E-1;1,126766E-1;9,479804E-1;;
02/12/2021  12:05:24,692158;9,501411E-1;2,025577E-1;1,534319E-1;9,485174E-1;;
02/12/2021  12:05:24,692258;9,503706E-1;1,171783E-1;1,240502E-1;9,490311E-1;;
02/12/2021  12:05:24,692358;9,497716E-1;1,340630E-1;1,303688E-1;9,495208E-1;;
02/12/2021  12:05:24,692458;9,496345E-1;1,321516E-1;1,259458E-1;9,499858E-1;;
02/12/2021  12:05:24,692558;9,490772E-1;1,178155E-1;1,202590E-1;9,504256E-1;;
02/12/2021  12:05:24,692658;9,494616E-1;9,519628E-2;1,212068E-1;9,508397E-1;;
02/12/2021  12:05:24,692758;9,489013E-1;1,245056E-1;1,240502E-1;9,512278E-1;;
02/12/2021  12:05:24,692858;9,491070E-1;1,429833E-1;1,344760E-1;9,515897E-1;;
02/12/2021  12:05:24,692958;9,481712E-1;1,018865E-1;1,161519E-1;9,519251E-1;;
02/12/2021  12:05:24,693058;9,472413E-1;1,101695E-1;1,164678E-1;9,522339E-1;;
02/12/2021  12:05:24,693158;9,468598E-1;1,318330E-1;1,325804E-1;9,525160E-1;;
02/12/2021  12:05:24,693258;9,467406E-1;1,356559E-1;1,464814E-1;9,527713E-1;;
02/12/2021  12:05:24,693358;9,463502E-1;1,194084E-1;1,234183E-1;9,529996E-1;;
02/12/2021  12:05:24,693458;9,453905E-1;1,088952E-1;1,186794E-1;9,532010E-1;;
02/12/2021  12:05:24,693558;9,444130E-1;1,302401E-1;1,291051E-1;9,533753E-1;;
02/12/2021  12:05:24,693658;9,448541E-1;1,280100E-1;1,123607E-1;9,535227E-1;;
02/12/2021  12:05:24,693758;9,445859E-1;1,232313E-1;1,202590E-1;9,536431E-1;;
02/12/2021  12:05:24,693858;9,436352E-1;1,216384E-1;1,183634E-1;9,537368E-1;;
02/12/2021  12:05:24,693958;9,428066E-1;1,187712E-1;1,189953E-1;9,538039E-1;;
02/12/2021  12:05:24,694058;9,423924E-1;9,073616E-2;1,262617E-1;9,538446E-1;;
02/12/2021  12:05:24,694158;9,433282E-1;1,324701E-1;1,537478E-1;9,538593E-1;;
02/12/2021  12:05:24,694258;9,422761E-1;1,053908E-1;1,117289E-1;9,538483E-1;;
02/12/2021  12:05:24,694358;9,419900E-1;9,424054E-2;1,028828E-1;9,538120E-1;;
02/12/2021  12:05:24,694458;9,411824E-1;1,085766E-1;1,164678E-1;9,537511E-1;;
02/12/2021  12:05:24,694558;9,409857E-1;1,165411E-1;1,152041E-1;9,536660E-1;;
02/12/2021  12:05:24,694658;9,409141E-1;1,053908E-1;1,133085E-1;9,535573E-1;;
02/12/2021  12:05:24,694758;9,406400E-1;9,455912E-2;1,047783E-1;9,534256E-1;;
02/12/2021  12:05:24,694858;9,402525E-1;9,615202E-2;1,170997E-1;9,532717E-1;;
02/12/2021  12:05:24,694958;9,391319E-1;1,190898E-1;1,275255E-1;9,530964E-1;;
02/12/2021  12:05:24,695058;9,380501E-1;1,012493E-1;1,057261E-1;9,529001E-1;;
02/12/2021  12:05:24,695158;9,378116E-1;9,041758E-2;1,003553E-1;9,526837E-1;;
02/12/2021  12:05:24,695258;9,375822E-1;9,838208E-2;1,104651E-1;9,524475E-1;;
02/12/2021  12:05:24,695358;9,370696E-1;1,123996E-1;1,275255E-1;9,521923E-1;;
02/12/2021  12:05:24,695458;9,363483E-1;1,136739E-1;1,265777E-1;9,519186E-1;;
02/12/2021  12:05:24,695558;9,359102E-1;9,296622E-2;1,057261E-1;9,516271E-1;;
02/12/2021  12:05:24,695658;9,364020E-1;1,012493E-1;1,161519E-1;9,513184E-1;;
02/12/2021  12:05:24,695758;9,356211E-1;8,723178E-2;1,016190E-1;9,509933E-1;;
02/12/2021  12:05:24,695858;9,353678E-1;9,296622E-2;1,092014E-1;9,506526E-1;;
