219.48-25-11-09-52-13.txt
219.48-25-11-09-53-12.txt
219.48-25-11-09-53-21.txt
219.48-25-11-09-53-30.txt
219.48-25-11-09-53-40.txt
219.48-25-11-09-53-45.txt
219.48-25-11-09-53-54.txt
219.48-25-11-09-54-03.txt
219.48-25-11-09-54-08.txt
219.48-25-11-09-54-17.txt
219.48-25-11-09-54-27.txt
219.48-25-11-09-54-36.txt
219.48-25-11-09-54-41.txt
219.48-25-11-09-54-50.txt
219.48-25-11-09-54-59.txt
219.48-25-11-09-55-08.txt
219.48-25-11-09-55-18.txt
219.48-25-11-09-55-28.txt
219.48-25-11-09-55-37.txt
219.48-25-11-09-55-43.txt
219.48-25-11-09-55-52.txt
219.48-25-11-09-56-01.txt
219.48-25-11-09-56-10.txt
219.48-25-11-09-56-19.txt
219.48-25-11-09-56-27.txt
219.48-25-11-09-56-33.txt
219.48-25-11-09-56-42.txt
219.48-25-11-09-56-47.txt
219.48-25-11-09-56-52.txt
219.48-25-11-09-56-57.txt
219.48-25-11-09-57-02.txt
219.48-25-11-09-57-09.txt
219.48-25-11-09-57-13.txt
219.48-25-11-09-57-18.txt
219.48-25-11-09-57-23.txt
219.48-25-11-09-57-32.txt
219.48-25-11-09-57-38.txt
219.48-25-11-09-58-27.txt
