waveform;Bridge;FTC1;FTC2;Bridge (Filtered);T_env;T_cell
t0;02/12/2021  12:47:14,819663;02/12/2021  12:47:14,819663;02/12/2021  12:47:14,819663;02/12/2021  12:47:14,819663;02/12/2021  12:47:14,174414;02/12/2021  12:47:14,174414
delta t;0,000100;0,000100;0,000100;0,000100;0,512821;0,512821

time;Bridge;FTC1;FTC2;Bridge (Filtered);T_env;T_cell
02/12/2021  12:47:14,819663;9,304026E-1;1,397975E-1;1,341600E-1;2,711797E-5;1,081434E+2;1,087575E+2
02/12/2021  12:47:14,819763;9,317646E-1;1,012493E-1;1,060421E-1;1,864583E-4;;
02/12/2021  12:47:14,819863;9,327302E-1;1,264171E-1;1,461654E-1;6,512103E-4;;
02/12/2021  12:47:14,819963;9,334068E-1;1,254614E-1;1,322644E-1;1,599111E-3;;
02/12/2021  12:47:14,820063;9,335677E-1;1,347002E-1;1,177316E-1;3,183343E-3;;
02/12/2021  12:47:14,820163;9,340088E-1;1,455319E-1;1,388990E-1;5,534096E-3;;
02/12/2021  12:47:14,820263;9,350221E-1;8,086018E-2;8,203124E-2;8,760138E-3;;
02/12/2021  12:47:14,820363;9,359013E-1;1,248242E-1;1,313166E-1;1,295041E-2;;
02/12/2021  12:47:14,820463;9,365033E-1;1,197269E-1;1,161519E-1;1,817551E-2;;
02/12/2021  12:47:14,820563;9,362142E-1;1,308772E-1;1,313166E-1;2,448908E-2;;
02/12/2021  12:47:14,820663;9,366702E-1;1,235499E-1;1,275255E-1;3,192909E-2;;
02/12/2021  12:47:14,820763;9,383243E-1;1,280100E-1;1,720719E-1;4,051912E-2;;
02/12/2021  12:47:14,820863;9,390216E-1;1,101695E-1;1,249980E-1;5,026976E-2;;
02/12/2021  12:47:14,820963;9,392273E-1;1,085766E-1;1,215227E-1;6,117985E-2;;
02/12/2021  12:47:14,821063;9,391975E-1;1,315144E-1;1,316326E-1;7,323745E-2;;
02/12/2021  12:47:14,821163;9,390008E-1;1,292843E-1;1,632258E-1;8,642089E-2;;
02/12/2021  12:47:14,821263;9,401631E-1;1,222756E-1;1,268936E-1;1,006998E-1;;
02/12/2021  12:47:14,821363;9,406996E-1;1,229127E-1;1,287892E-1;1,160361E-1;;
02/12/2021  12:47:14,821463;9,414238E-1;1,296029E-1;1,354238E-1;1,323851E-1;;
02/12/2021  12:47:14,821563;9,402495E-1;1,337445E-1;1,284732E-1;1,496964E-1;;
02/12/2021  12:47:14,821663;9,416234E-1;9,742634E-2;1,360556E-1;1,679143E-1;;
02/12/2021  12:47:14,821763;9,426874E-1;1,241871E-1;1,657532E-1;1,869790E-1;;
02/12/2021  12:47:14,821863;9,434712E-1;1,356559E-1;1,344760E-1;2,068275E-1;;
02/12/2021  12:47:14,821963;9,435249E-1;1,280100E-1;1,240502E-1;2,273937E-1;;
02/12/2021  12:47:14,822063;9,433222E-1;1,305587E-1;1,442698E-1;2,486097E-1;;
02/12/2021  12:47:14,822163;9,433163E-1;1,152668E-1;1,565912E-1;2,704057E-1;;
02/12/2021  12:47:14,822263;9,444458E-1;1,334259E-1;1,528000E-1;2,927111E-1;;
02/12/2021  12:47:14,822363;9,448332E-1;1,238685E-1;1,164678E-1;3,154547E-1;;
02/12/2021  12:47:14,822463;9,447081E-1;1,168597E-1;1,262617E-1;3,385652E-1;;
02/12/2021  12:47:14,822563;9,445382E-1;1,187712E-1;1,221546E-1;3,619719E-1;;
02/12/2021  12:47:14,822663;9,456975E-1;1,092138E-1;1,050943E-1;3,856047E-1;;
02/12/2021  12:47:14,822763;9,466900E-1;8,786894E-2;5,675668E-2;4,093949E-1;;
02/12/2021  12:47:14,822863;9,465588E-1;1,098510E-1;1,129926E-1;4,332753E-1;;
02/12/2021  12:47:14,822963;9,461714E-1;1,248242E-1;1,243661E-1;4,571804E-1;;
02/12/2021  12:47:14,823063;9,458525E-1;9,997498E-2;1,164678E-1;4,810468E-1;;
02/12/2021  12:47:14,823163;9,465052E-1;1,276914E-1;1,253139E-1;5,048133E-1;;
02/12/2021  12:47:14,823263;9,470804E-1;1,257800E-1;1,123607E-1;5,284209E-1;;
02/12/2021  12:47:14,823363;9,471668E-1;1,111253E-1;1,060421E-1;5,518137E-1;;
02/12/2021  12:47:14,823463;9,471847E-1;1,296029E-1;1,360556E-1;5,749382E-1;;
02/12/2021  12:47:14,823563;9,466721E-1;1,410718E-1;1,436380E-1;5,977442E-1;;
02/12/2021  12:47:14,823663;9,473516E-1;1,534964E-1;1,433221E-1;6,201840E-1;;
02/12/2021  12:47:14,823763;9,483023E-1;1,174969E-1;1,237343E-1;6,422133E-1;;
02/12/2021  12:47:14,823863;9,483142E-1;1,280100E-1;1,278414E-1;6,637910E-1;;
02/12/2021  12:47:14,823963;9,474142E-1;8,468314E-2;8,234717E-2;6,848790E-1;;
02/12/2021  12:47:14,824063;9,470029E-1;1,270543E-1;1,287892E-1;7,054426E-1;;
02/12/2021  12:47:14,824163;9,472324E-1;1,194084E-1;9,435259E-2;7,254498E-1;;
02/12/2021  12:47:14,824263;9,480520E-1;1,468062E-1;1,524841E-1;7,448721E-1;;
02/12/2021  12:47:14,824363;9,480698E-1;1,350188E-1;1,306848E-1;7,636839E-1;;
02/12/2021  12:47:14,824463;9,473874E-1;1,187712E-1;1,221546E-1;7,818628E-1;;
02/12/2021  12:47:14,824563;9,474648E-1;1,327887E-1;1,328963E-1;7,993897E-1;;
02/12/2021  12:47:14,824663;9,480520E-1;1,149482E-1;1,139404E-1;8,162479E-1;;
02/12/2021  12:47:14,824763;9,490742E-1;1,178155E-1;1,237343E-1;8,324241E-1;;
02/12/2021  12:47:14,824863;9,487017E-1;1,200455E-1;1,256299E-1;8,479078E-1;;
02/12/2021  12:47:14,824963;9,480251E-1;1,461691E-1;1,404787E-1;8,626911E-1;;
02/12/2021  12:47:14,825063;9,482367E-1;1,382046E-1;1,268936E-1;8,767688E-1;;
02/12/2021  12:47:14,825163;9,485139E-1;1,085766E-1;1,275255E-1;8,901380E-1;;
02/12/2021  12:47:14,825263;9,486957E-1;1,216384E-1;1,287892E-1;9,027985E-1;;
02/12/2021  12:47:14,825363;9,486063E-1;1,308772E-1;1,458495E-1;9,147521E-1;;
02/12/2021  12:47:14,825463;9,480788E-1;1,162226E-1;1,215227E-1;9,260029E-1;;
02/12/2021  12:47:14,825563;9,478731E-1;8,946184E-2;1,202590E-1;9,365570E-1;;
02/12/2021  12:47:14,825663;9,491845E-1;1,165411E-1;1,313166E-1;9,464222E-1;;
02/12/2021  12:47:14,825763;9,493335E-1;1,503106E-1;1,461654E-1;9,556084E-1;;
02/12/2021  12:47:14,825863;9,494914E-1;6,747982E-2;7,697633E-2;9,641271E-1;;
02/12/2021  12:47:14,825963;9,482814E-1;1,420275E-1;1,632258E-1;9,719916E-1;;
02/12/2021  12:47:14,826063;9,484185E-1;1,445762E-1;1,107811E-1;9,792163E-1;;
02/12/2021  12:47:14,826163;9,495391E-1;1,356559E-1;1,461654E-1;9,858168E-1;;
02/12/2021  12:47:14,826263;9,499295E-1;1,324701E-1;1,328963E-1;9,918101E-1;;
02/12/2021  12:47:14,826363;9,501322E-1;1,321516E-1;1,196272E-1;9,972143E-1;;
02/12/2021  12:47:14,826463;9,496673E-1;1,544522E-1;1,499566E-1;1,002048E+0;;
02/12/2021  12:47:14,826563;9,505584E-1;1,283286E-1;1,272095E-1;1,006333E+0;;
02/12/2021  12:47:14,826663;9,511425E-1;1,350188E-1;1,385831E-1;1,010087E+0;;
02/12/2021  12:47:14,826763;9,508743E-1;1,251428E-1;1,246821E-1;1,013333E+0;;
02/12/2021  12:47:14,826863;9,494795E-1;1,079395E-1;1,158360E-1;1,016093E+0;;
02/12/2021  12:47:14,826963;9,488984E-1;7,576290E-2;1,152041E-1;1,018388E+0;;
02/12/2021  12:47:14,827063;9,489013E-1;1,245056E-1;1,240502E-1;1,020241E+0;;
02/12/2021  12:47:14,827163;9,491338E-1;8,245308E-2;8,834988E-2;1,021673E+0;;
02/12/2021  12:47:14,827263;9,483232E-1;1,088952E-1;1,167838E-1;1,022706E+0;;
02/12/2021  12:47:14,827363;9,474499E-1;1,168597E-1;1,218387E-1;1,023364E+0;;
02/12/2021  12:47:14,827463;9,464962E-1;1,203641E-1;1,297370E-1;1,023668E+0;;
02/12/2021  12:47:14,827563;9,469016E-1;1,496735E-1;1,464814E-1;1,023640E+0;;
02/12/2021  12:47:14,827663;9,464813E-1;1,318330E-1;1,240502E-1;1,023300E+0;;
02/12/2021  12:47:14,827763;9,466035E-1;1,245056E-1;1,069899E-1;1,022672E+0;;
02/12/2021  12:47:14,827863;9,454770E-1;1,439390E-1;1,616461E-1;1,021775E+0;;
02/12/2021  12:47:14,827963;9,449346E-1;1,149482E-1;1,199431E-1;1,020630E+0;;
02/12/2021  12:47:14,828063;9,461863E-1;1,407532E-1;1,284732E-1;1,019257E+0;;
02/12/2021  12:47:14,828163;9,465886E-1;1,302401E-1;1,272095E-1;1,017677E+0;;
02/12/2021  12:47:14,828263;9,466095E-1;1,174969E-1;1,183634E-1;1,015908E+0;;
02/12/2021  12:47:14,828363;9,456796E-1;1,229127E-1;1,433221E-1;1,013969E+0;;
02/12/2021  12:47:14,828463;9,460075E-1;1,315144E-1;1,300529E-1;1,011879E+0;;
02/12/2021  12:47:14,828563;9,469671E-1;1,499920E-1;1,480610E-1;1,009656E+0;;
02/12/2021  12:47:14,828663;9,470506E-1;1,210013E-1;1,357397E-1;1,007316E+0;;
02/12/2021  12:47:14,828763;9,471847E-1;1,248242E-1;1,215227E-1;1,004878E+0;;
02/12/2021  12:47:14,828863;9,467853E-1;1,044459E+1;1,588027E-1;1,002356E+0;;
02/12/2021  12:47:14,828963;9,465767E-1;1,044459E+1;1,028828E-1;9,997654E-1;;
02/12/2021  12:47:14,829063;9,474261E-1;1,044459E+1;2,295196E-2;9,971219E-1;;
02/12/2021  12:47:14,829163;9,476049E-1;1,044459E+1;1,663332E-2;9,944389E-1;;
02/12/2021  12:47:14,829263;9,479357E-1;1,044459E+1;1,821298E-2;9,917297E-1;;
02/12/2021  12:47:14,829363;9,473426E-1;1,044459E+1;1,821298E-2;9,890070E-1;;
02/12/2021  12:47:14,829463;9,472026E-1;1,044459E+1;1,789705E-2;9,862825E-1;;
02/12/2021  12:47:14,829563;9,485139E-1;1,044459E+1;2,105637E-2;9,835674E-1;;
02/12/2021  12:47:14,829663;9,488686E-1;1,044459E+1;1,726518E-2;9,808720E-1;;
02/12/2021  12:47:14,829763;9,490980E-1;1,044459E+1;1,979264E-2;9,782062E-1;;
02/12/2021  12:47:14,829863;9,485467E-1;1,044459E+1;1,852891E-2;9,755790E-1;;
02/12/2021  12:47:14,829963;9,484692E-1;1,044459E+1;1,536959E-2;9,729990E-1;;
02/12/2021  12:47:14,830063;9,496405E-1;1,044459E+1;1,663332E-2;9,704736E-1;;
02/12/2021  12:47:14,830163;9,501322E-1;1,044459E+1;1,663332E-2;9,680099E-1;;
02/12/2021  12:47:14,830263;9,491457E-1;1,044459E+1;1,758111E-2;9,656143E-1;;
02/12/2021  12:47:14,830363;9,489967E-1;1,044459E+1;1,694925E-2;9,632926E-1;;
02/12/2021  12:47:14,830463;9,490533E-1;1,044459E+1;1,631739E-2;9,610496E-1;;
02/12/2021  12:47:14,830563;9,498401E-1;1,044459E+1;1,821298E-2;9,588897E-1;;
02/12/2021  12:47:14,830663;9,500488E-1;1,044459E+1;1,568552E-2;9,568166E-1;;
02/12/2021  12:47:14,830763;9,495719E-1;1,044459E+1;1,410586E-2;9,548336E-1;;
02/12/2021  12:47:14,830863;9,483768E-1;1,044459E+1;1,694925E-2;9,529433E-1;;
02/12/2021  12:47:14,830963;9,491725E-1;1,044459E+1;1,884484E-2;9,511477E-1;;
02/12/2021  12:47:14,831063;9,496256E-1;1,044459E+1;1,631739E-2;9,494482E-1;;
02/12/2021  12:47:14,831163;9,495063E-1;1,044459E+1;2,074043E-2;9,478458E-1;;
02/12/2021  12:47:14,831263;9,492053E-1;1,044459E+1;2,042450E-2;9,463412E-1;;
02/12/2021  12:47:14,831363;9,480400E-1;1,044459E+1;1,315807E-2;9,449344E-1;;
02/12/2021  12:47:14,831463;9,488149E-1;1,044459E+1;1,916077E-2;9,436250E-1;;
02/12/2021  12:47:14,831563;9,487911E-1;1,044459E+1;1,094654E-2;9,424124E-1;;
02/12/2021  12:47:14,831663;9,477509E-1;1,044459E+1;1,315807E-2;9,412953E-1;;
02/12/2021  12:47:14,831763;9,473248E-1;1,044459E+1;1,094654E-2;9,402722E-1;;
02/12/2021  12:47:14,831863;9,462101E-1;1,044459E+1;9,366883E-3;9,393412E-1;;
02/12/2021  12:47:14,831963;9,470893E-1;1,044459E+1;9,366883E-3;9,385000E-1;;
02/12/2021  12:47:14,832063;9,470238E-1;1,044459E+1;1,094654E-2;9,377460E-1;;
02/12/2021  12:47:14,832163;9,464366E-1;1,044459E+1;1,347400E-2;9,370767E-1;;
02/12/2021  12:47:14,832263;9,450925E-1;1,044459E+1;1,694925E-2;9,364890E-1;;
02/12/2021  12:47:14,832363;9,441805E-1;1,044459E+1;1,726518E-2;9,359798E-1;;
02/12/2021  12:47:14,832463;9,447110E-1;1,044459E+1;1,347400E-2;9,355456E-1;;
02/12/2021  12:47:14,832563;9,453309E-1;1,044459E+1;1,726518E-2;9,351829E-1;;
02/12/2021  12:47:14,832663;9,444428E-1;1,044459E+1;1,979264E-2;9,348881E-1;;
02/12/2021  12:47:14,832763;9,429705E-1;1,044459E+1;2,042450E-2;9,346575E-1;;
02/12/2021  12:47:14,832863;9,424281E-1;1,044459E+1;1,164678E-1;9,344875E-1;;
02/12/2021  12:47:14,832963;9,433908E-1;1,044459E+1;1,404787E-1;9,343741E-1;;
02/12/2021  12:47:14,833063;9,430361E-1;1,044459E+1;1,916077E-2;9,343135E-1;;
02/12/2021  12:47:14,833163;9,422881E-1;1,044459E+1;1,726518E-2;9,343018E-1;;
02/12/2021  12:47:14,833263;9,419751E-1;1,044459E+1;2,168823E-2;9,343353E-1;;
02/12/2021  12:47:14,833363;9,417427E-1;1,044459E+1;1,114129E-1;9,344104E-1;;
02/12/2021  12:47:14,833463;9,425682E-1;1,044459E+1;1,189434E-2;9,345232E-1;;
02/12/2021  12:47:14,833563;9,425444E-1;1,044459E+1;1,821298E-2;9,346703E-1;;
02/12/2021  12:47:14,833663;9,421033E-1;1,044459E+1;2,168823E-2;9,348484E-1;;
02/12/2021  12:47:14,833763;9,415668E-1;1,044459E+1;1,884484E-2;9,350542E-1;;
02/12/2021  12:47:14,833863;9,411228E-1;1,044459E+1;1,315807E-2;9,352846E-1;;
02/12/2021  12:47:14,833963;9,423834E-1;1,044459E+1;2,232009E-2;9,355364E-1;;
02/12/2021  12:47:14,834063;9,417367E-1;1,044459E+1;2,010857E-2;9,358067E-1;;
02/12/2021  12:47:14,834163;9,405833E-1;1,044459E+1;5,770448E-2;9,360927E-1;;
02/12/2021  12:47:14,834263;9,404045E-1;1,044459E+1;1,227865E-1;9,363917E-1;;
02/12/2021  12:47:14,834363;9,395670E-1;1,044459E+1;1,821298E-2;9,367009E-1;;
02/12/2021  12:47:14,834463;9,405744E-1;1,044459E+1;2,010857E-2;9,370177E-1;;
02/12/2021  12:47:14,834563;9,396624E-1;1,044459E+1;1,884484E-2;9,373396E-1;;
02/12/2021  12:47:14,834663;9,383481E-1;1,044459E+1;1,852891E-2;9,376642E-1;;
02/12/2021  12:47:14,834763;9,374123E-1;1,044459E+1;1,631739E-2;9,379891E-1;;
02/12/2021  12:47:14,834863;9,369235E-1;1,044459E+1;1,505366E-2;9,383118E-1;;
02/12/2021  12:47:14,834963;9,369772E-1;1,044459E+1;1,789705E-2;9,386302E-1;;
02/12/2021  12:47:14,835063;9,366940E-1;1,044459E+1;2,832280E-2;9,389419E-1;;
02/12/2021  12:47:14,835163;9,352695E-1;1,044459E+1;1,821298E-2;9,392450E-1;;
02/12/2021  12:47:14,835263;9,348641E-1;1,044459E+1;1,473773E-2;9,395374E-1;;
02/12/2021  12:47:14,835363;9,348820E-1;1,044459E+1;1,758111E-2;9,398174E-1;;
02/12/2021  12:47:14,835463;9,355824E-1;1,044459E+1;1,473773E-2;9,400832E-1;;
02/12/2021  12:47:14,835563;9,345542E-1;1,044459E+1;1,663332E-2;9,403334E-1;;
02/12/2021  12:47:14,835663;9,337078E-1;1,044459E+1;1,631739E-2;9,405667E-1;;
02/12/2021  12:47:14,835763;9,332011E-1;1,044459E+1;1,663332E-2;9,407819E-1;;
02/12/2021  12:47:14,835863;9,331087E-1;1,044459E+1;2,042450E-2;9,409780E-1;;
02/12/2021  12:47:14,835963;9,337853E-1;1,044459E+1;2,295196E-2;9,411539E-1;;
02/12/2021  12:47:14,836063;9,333382E-1;1,044459E+1;1,884484E-2;9,413089E-1;;
02/12/2021  12:47:14,836163;9,330581E-1;1,044459E+1;1,821298E-2;9,414426E-1;;
02/12/2021  12:47:14,836263;9,313235E-1;1,044459E+1;1,821298E-2;9,415545E-1;;
02/12/2021  12:47:14,836363;9,321103E-1;1,044459E+1;1,821298E-2;9,416443E-1;;
02/12/2021  12:47:14,836463;9,322266E-1;1,044459E+1;1,789705E-2;9,417115E-1;;
02/12/2021  12:47:14,836563;9,318332E-1;1,044459E+1;1,442179E-2;9,417563E-1;;
02/12/2021  12:47:14,836663;9,303877E-1;1,044459E+1;1,884484E-2;9,417784E-1;;
02/12/2021  12:47:14,836763;9,295026E-1;1,044459E+1;1,821298E-2;9,417781E-1;;
02/12/2021  12:47:14,836863;9,297678E-1;1,044459E+1;1,505366E-2;9,417551E-1;;
02/12/2021  12:47:14,836963;9,292790E-1;1,044459E+1;9,998747E-3;9,417096E-1;;
02/12/2021  12:47:14,837063;9,284744E-1;1,044459E+1;1,473773E-2;9,416416E-1;;
02/12/2021  12:47:14,837163;9,273478E-1;1,044459E+1;1,916077E-2;9,415513E-1;;
02/12/2021  12:47:14,837263;9,269246E-1;1,044459E+1;1,726518E-2;9,414389E-1;;
02/12/2021  12:47:14,837363;9,275207E-1;1,044459E+1;1,821298E-2;9,413045E-1;;
02/12/2021  12:47:14,837463;9,277084E-1;1,044459E+1;5,575699E-3;9,411484E-1;;
02/12/2021  12:47:14,837563;9,270140E-1;1,044459E+1;1,663332E-2;9,409710E-1;;
02/12/2021  12:47:14,837663;9,259352E-1;1,044459E+1;1,157841E-2;9,407731E-1;;
02/12/2021  12:47:14,837763;9,258249E-1;1,044459E+1;1,758111E-2;9,405552E-1;;
02/12/2021  12:47:14,837863;9,265163E-1;1,044459E+1;1,663332E-2;9,403178E-1;;
02/12/2021  12:47:14,837963;9,269186E-1;1,044459E+1;1,600145E-2;9,400616E-1;;
02/12/2021  12:47:14,838063;9,267279E-1;1,044459E+1;1,663332E-2;9,397878E-1;;
02/12/2021  12:47:14,838163;9,258845E-1;1,044459E+1;1,663332E-2;9,394972E-1;;
02/12/2021  12:47:14,838263;9,266325E-1;1,044459E+1;1,821298E-2;9,391909E-1;;
02/12/2021  12:47:14,838363;9,274998E-1;1,044459E+1;6,839427E-3;9,388701E-1;;
02/12/2021  12:47:14,838463;9,276071E-1;1,044459E+1;1,821298E-2;9,385360E-1;;
02/12/2021  12:47:14,838563;9,276131E-1;1,044459E+1;1,947671E-2;9,381901E-1;;
02/12/2021  12:47:14,838663;9,267756E-1;1,044459E+1;1,852891E-2;9,378338E-1;;
02/12/2021  12:47:14,838763;9,268054E-1;1,044459E+1;1,378993E-2;9,374684E-1;;
02/12/2021  12:47:14,838863;9,286472E-1;1,044459E+1;1,410586E-2;9,370952E-1;;
02/12/2021  12:47:14,838963;9,285727E-1;1,044459E+1;1,821298E-2;9,367158E-1;;
02/12/2021  12:47:14,839063;9,283671E-1;1,044459E+1;1,758111E-2;9,363317E-1;;
02/12/2021  12:47:14,839163;9,281674E-1;1,044459E+1;1,694925E-2;9,359444E-1;;
02/12/2021  12:47:14,839263;9,288141E-1;1,044459E+1;1,852891E-2;9,355553E-1;;
02/12/2021  12:47:14,839363;9,302238E-1;1,044459E+1;1,947671E-2;9,351660E-1;;
02/12/2021  12:47:14,839463;9,308914E-1;1,044459E+1;1,821298E-2;9,347779E-1;;
02/12/2021  12:47:14,839563;9,305487E-1;1,044459E+1;1,631739E-2;9,343927E-1;;
02/12/2021  12:47:14,839663;9,306798E-1;1,044459E+1;1,536959E-2;9,340120E-1;;
02/12/2021  12:47:14,839763;9,314219E-1;1,044459E+1;1,726518E-2;9,336373E-1;;
02/12/2021  12:47:14,839863;9,330730E-1;1,044459E+1;2,168823E-2;9,332700E-1;;
02/12/2021  12:47:14,839963;9,337167E-1;1,044459E+1;1,694925E-2;9,329118E-1;;
02/12/2021  12:47:14,840063;9,336988E-1;1,044459E+1;1,726518E-2;9,325642E-1;;
02/12/2021  12:47:14,840163;9,345154E-1;1,044459E+1;1,568552E-2;9,322288E-1;;
02/12/2021  12:47:14,840263;9,359281E-1;1,044459E+1;1,821298E-2;9,319071E-1;;
02/12/2021  12:47:14,840363;9,371888E-1;1,044459E+1;1,284213E-2;9,316006E-1;;
02/12/2021  12:47:14,840463;9,375494E-1;1,044459E+1;1,631739E-2;9,313109E-1;;
02/12/2021  12:47:14,840563;9,380083E-1;1,044459E+1;1,821298E-2;9,310394E-1;;
02/12/2021  12:47:14,840663;9,379040E-1;1,044459E+1;1,726518E-2;9,307877E-1;;
02/12/2021  12:47:14,840763;9,390336E-1;1,044459E+1;2,137230E-2;9,305568E-1;;
02/12/2021  12:47:14,840863;9,410810E-1;1,044459E+1;2,042450E-2;9,303479E-1;;
02/12/2021  12:47:14,840963;9,414089E-1;1,044459E+1;1,884484E-2;9,301622E-1;;
02/12/2021  12:47:14,841063;9,412599E-1;1,044459E+1;2,010857E-2;9,300008E-1;;
02/12/2021  12:47:14,841163;9,412867E-1;1,044459E+1;1,884484E-2;9,298647E-1;;
02/12/2021  12:47:14,841263;9,433222E-1;1,044459E+1;1,568552E-2;9,297545E-1;;
02/12/2021  12:47:14,841363;9,448988E-1;1,044459E+1;1,789705E-2;9,296710E-1;;
02/12/2021  12:47:14,841463;9,448958E-1;1,044459E+1;1,726518E-2;9,296150E-1;;
02/12/2021  12:47:14,841563;9,451134E-1;1,044459E+1;1,947671E-2;9,295872E-1;;
02/12/2021  12:47:14,841663;9,457482E-1;1,044459E+1;1,663332E-2;9,295880E-1;;
02/12/2021  12:47:14,841763;9,473397E-1;1,044459E+1;1,789705E-2;9,296178E-1;;
02/12/2021  12:47:14,841863;9,479685E-1;1,044459E+1;9,998747E-3;9,296768E-1;;
02/12/2021  12:47:14,841963;9,481801E-1;1,044459E+1;1,726518E-2;9,297655E-1;;
02/12/2021  12:47:14,842063;9,487076E-1;1,044459E+1;1,126247E-2;9,298838E-1;;
02/12/2021  12:47:14,842163;9,494974E-1;1,044459E+1;1,726518E-2;9,300317E-1;;
02/12/2021  12:47:14,842263;9,519055E-1;1,044459E+1;1,126247E-2;9,302093E-1;;
02/12/2021  12:47:14,842363;9,530589E-1;1,044459E+1;1,726518E-2;9,304164E-1;;
02/12/2021  12:47:14,842463;9,534731E-1;1,044459E+1;1,821298E-2;9,306532E-1;;
02/12/2021  12:47:14,842563;9,535119E-1;1,044459E+1;1,726518E-2;9,309196E-1;;
02/12/2021  12:47:14,842663;9,544238E-1;1,044459E+1;1,442179E-2;9,312155E-1;;
02/12/2021  12:47:14,842763;9,566531E-1;1,044459E+1;8,103155E-3;9,315407E-1;;
02/12/2021  12:47:14,842863;9,568021E-1;1,044459E+1;1,378993E-2;9,318948E-1;;
02/12/2021  12:47:14,842963;9,576277E-1;1,044459E+1;1,536959E-2;9,322776E-1;;
02/12/2021  12:47:14,843063;9,576545E-1;1,044459E+1;1,221027E-2;9,326888E-1;;
02/12/2021  12:47:14,843163;9,582476E-1;1,044459E+1;4,943835E-3;9,331277E-1;;
02/12/2021  12:47:14,843263;9,597914E-1;1,044459E+1;1,347400E-2;9,335938E-1;;
02/12/2021  12:47:14,843363;9,601758E-1;1,044459E+1;1,473773E-2;9,340863E-1;;
02/12/2021  12:47:14,843463;9,604887E-1;1,044459E+1;5,259767E-3;9,346046E-1;;
02/12/2021  12:47:14,843563;9,598629E-1;1,044459E+1;3,048243E-3;9,351477E-1;;
02/12/2021  12:47:14,843663;9,601550E-1;1,044459E+1;1,315807E-2;9,357147E-1;;
02/12/2021  12:47:14,843763;9,620027E-1;1,044459E+1;1,442179E-2;9,363043E-1;;
02/12/2021  12:47:14,843863;9,616123E-1;1,044459E+1;1,031468E-2;9,369152E-1;;
02/12/2021  12:47:14,843963;9,613590E-1;1,044459E+1;3,680107E-3;9,375462E-1;;
02/12/2021  12:47:14,844063;9,604858E-1;1,044459E+1;1,126247E-2;9,381960E-1;;
02/12/2021  12:47:14,844163;9,612696E-1;1,044459E+1;3,680107E-3;9,388629E-1;;
02/12/2021  12:47:14,844263;9,626107E-1;1,044459E+1;5,575699E-3;9,395451E-1;;
02/12/2021  12:47:14,844363;9,622382E-1;1,044459E+1;3,996039E-3;9,402412E-1;;
02/12/2021  12:47:14,844463;9,617077E-1;1,044459E+1;3,680107E-3;9,409494E-1;;
02/12/2021  12:47:14,844563;9,617375E-1;1,044459E+1;4,627903E-3;9,416681E-1;;
02/12/2021  12:47:14,844663;9,625213E-1;1,044459E+1;4,943835E-3;9,423956E-1;;
02/12/2021  12:47:14,844763;9,626435E-1;1,044459E+1;3,996039E-3;9,431300E-1;;
02/12/2021  12:47:14,844863;9,631233E-1;1,044459E+1;3,364175E-3;9,438698E-1;;
02/12/2021  12:47:14,844963;9,624945E-1;1,044459E+1;3,364175E-3;9,446132E-1;;
02/12/2021  12:47:14,845063;9,622501E-1;1,044459E+1;3,364175E-3;9,453587E-1;;
02/12/2021  12:47:14,845163;9,628760E-1;1,044459E+1;3,680107E-3;9,461046E-1;;
02/12/2021  12:47:14,845263;9,636717E-1;1,044459E+1;3,364175E-3;9,468492E-1;;
02/12/2021  12:47:14,845363;9,634035E-1;1,044459E+1;3,996039E-3;9,475911E-1;;
02/12/2021  12:47:14,845463;9,626972E-1;1,044459E+1;3,680107E-3;9,483288E-1;;
02/12/2021  12:47:14,845563;9,618716E-1;1,044459E+1;3,996039E-3;9,490609E-1;;
02/12/2021  12:47:14,845663;9,628491E-1;1,044459E+1;1,063061E-2;9,497858E-1;;
02/12/2021  12:47:14,845763;9,630309E-1;1,044459E+1;3,680107E-3;9,505021E-1;;
02/12/2021  12:47:14,845863;9,624587E-1;1,044459E+1;3,680107E-3;9,512083E-1;;
02/12/2021  12:47:14,845963;9,615319E-1;1,044459E+1;1,315807E-2;9,519032E-1;;
02/12/2021  12:47:14,846063;9,606050E-1;1,044459E+1;4,311971E-3;9,525853E-1;;
02/12/2021  12:47:14,846163;9,617762E-1;1,044459E+1;9,050951E-3;9,532533E-1;;
02/12/2021  12:47:14,846263;9,614901E-1;1,044459E+1;3,680107E-3;9,539057E-1;;
02/12/2021  12:47:14,846363;9,605633E-1;1,044459E+1;1,031468E-2;9,545415E-1;;
02/12/2021  12:47:14,846463;9,594933E-1;1,044459E+1;1,284213E-2;9,551594E-1;;
02/12/2021  12:47:14,846563;9,586112E-1;1,044459E+1;1,126247E-2;9,557582E-1;;
02/12/2021  12:47:14,846663;9,581552E-1;1,044459E+1;3,364175E-3;9,563364E-1;;
02/12/2021  12:47:14,846763;9,586827E-1;1,044459E+1;5,891631E-3;9,568929E-1;;
02/12/2021  12:47:14,846863;9,578780E-1;1,044459E+1;1,663332E-2;9,574266E-1;;
02/12/2021  12:47:14,846963;9,562895E-1;1,044459E+1;1,600145E-2;9,579362E-1;;
02/12/2021  12:47:14,847063;9,555891E-1;1,044459E+1;1,663332E-2;9,584208E-1;;
02/12/2021  12:47:14,847163;9,560749E-1;1,044459E+1;1,631739E-2;9,588793E-1;;
02/12/2021  12:47:14,847263;9,560809E-1;1,044459E+1;1,694925E-2;9,593106E-1;;
02/12/2021  12:47:14,847363;9,551779E-1;1,044459E+1;1,821298E-2;9,597142E-1;;
02/12/2021  12:47:14,847463;9,541884E-1;1,044459E+1;9,998747E-3;9,600892E-1;;
02/12/2021  12:47:14,847563;9,541765E-1;1,044459E+1;1,410586E-2;9,604352E-1;;
02/12/2021  12:47:14,847663;9,547099E-1;1,044459E+1;1,789705E-2;9,607515E-1;;
02/12/2021  12:47:14,847763;9,542063E-1;1,044459E+1;1,726518E-2;9,610380E-1;;
02/12/2021  12:47:14,847863;9,538159E-1;1,044459E+1;1,789705E-2;9,612944E-1;;
02/12/2021  12:47:14,847963;9,524270E-1;1,044459E+1;1,884484E-2;9,615208E-1;;
02/12/2021  12:47:14,848063;9,527400E-1;1,044459E+1;1,821298E-2;9,617170E-1;;
02/12/2021  12:47:14,848163;9,530350E-1;1,044459E+1;1,726518E-2;9,618832E-1;;
02/12/2021  12:47:14,848263;9,525939E-1;1,044459E+1;1,694925E-2;9,620196E-1;;
02/12/2021  12:47:14,848363;9,516820E-1;1,044459E+1;1,600145E-2;9,621264E-1;;
02/12/2021  12:47:14,848463;9,503170E-1;1,044459E+1;9,998747E-3;9,622041E-1;;
02/12/2021  12:47:14,848563;9,497448E-1;1,044459E+1;1,473773E-2;9,622529E-1;;
02/12/2021  12:47:14,848663;9,503468E-1;1,044459E+1;1,694925E-2;9,622731E-1;;
02/12/2021  12:47:14,848763;9,497090E-1;1,044459E+1;1,758111E-2;9,622651E-1;;
02/12/2021  12:47:14,848863;9,484394E-1;1,044459E+1;1,821298E-2;9,622293E-1;;
02/12/2021  12:47:14,848963;9,477718E-1;1,044459E+1;9,366883E-3;9,621662E-1;;
02/12/2021  12:47:14,849063;9,466900E-1;1,044459E+1;1,821298E-2;9,620763E-1;;
02/12/2021  12:47:14,849163;9,462668E-1;1,044459E+1;1,916077E-2;9,619598E-1;;
02/12/2021  12:47:14,849263;9,459449E-1;1,044459E+1;1,821298E-2;9,618173E-1;;
02/12/2021  12:47:14,849363;9,440822E-1;1,044459E+1;1,789705E-2;9,616490E-1;;
02/12/2021  12:47:14,849463;9,429825E-1;1,044459E+1;1,600145E-2;9,614555E-1;;
02/12/2021  12:47:14,849563;9,433580E-1;1,044459E+1;1,726518E-2;9,612369E-1;;
02/12/2021  12:47:14,849663;9,425354E-1;1,044459E+1;1,568552E-2;9,609936E-1;;
02/12/2021  12:47:14,849763;9,412688E-1;1,044459E+1;1,726518E-2;9,607261E-1;;
02/12/2021  12:47:14,849863;9,398770E-1;1,044459E+1;1,789705E-2;9,604347E-1;;
02/12/2021  12:47:14,849963;9,383392E-1;1,044459E+1;1,758111E-2;9,601198E-1;;
02/12/2021  12:47:14,850063;9,384196E-1;1,044459E+1;1,505366E-2;9,597816E-1;;
02/12/2021  12:47:14,850163;9,378444E-1;1,044459E+1;1,821298E-2;9,594203E-1;;
02/12/2021  12:47:14,850263;9,371381E-1;1,044459E+1;1,789705E-2;9,590364E-1;;
02/12/2021  12:47:14,850363;9,367417E-1;1,044459E+1;1,947671E-2;9,586303E-1;;
02/12/2021  12:47:14,850463;9,359788E-1;1,044459E+1;1,442179E-2;9,582024E-1;;
02/12/2021  12:47:14,850563;9,363334E-1;1,044459E+1;1,789705E-2;9,577536E-1;;
02/12/2021  12:47:14,850663;9,368490E-1;1,044459E+1;1,789705E-2;9,572844E-1;;
02/12/2021  12:47:14,850763;9,368699E-1;1,044459E+1;1,821298E-2;9,567959E-1;;
02/12/2021  12:47:14,850863;9,372633E-1;1,044459E+1;7,471291E-3;9,562892E-1;;
02/12/2021  12:47:14,850963;9,374182E-1;1,044459E+1;1,694925E-2;9,557659E-1;;
02/12/2021  12:47:14,851063;9,395670E-1;1,044459E+1;1,663332E-2;9,552273E-1;;
02/12/2021  12:47:14,851163;9,408456E-1;1,044459E+1;1,726518E-2;9,546754E-1;;
02/12/2021  12:47:14,851263;9,414923E-1;1,044459E+1;1,821298E-2;9,541123E-1;;
02/12/2021  12:47:14,851363;9,427262E-1;1,044459E+1;1,473773E-2;9,535405E-1;;
02/12/2021  12:47:14,851463;9,442640E-1;1,044459E+1;1,821298E-2;9,529626E-1;;
02/12/2021  12:47:14,851563;9,457512E-1;1,044459E+1;1,758111E-2;9,523812E-1;;
02/12/2021  12:47:14,851663;9,475930E-1;1,044459E+1;1,600145E-2;9,517993E-1;;
02/12/2021  12:47:14,851763;9,486927E-1;1,044459E+1;1,758111E-2;9,512200E-1;;
02/12/2021  12:47:14,851863;9,500577E-1;1,044459E+1;1,821298E-2;9,506466E-1;;
02/12/2021  12:47:14,851963;9,515002E-1;1,044459E+1;1,821298E-2;9,500821E-1;;
02/12/2021  12:47:14,852063;9,533956E-1;1,044459E+1;1,852891E-2;9,495300E-1;;
02/12/2021  12:47:14,852163;9,549722E-1;1,044459E+1;1,631739E-2;9,489933E-1;;
02/12/2021  12:47:14,852263;9,562210E-1;1,044459E+1;1,821298E-2;9,484755E-1;;
02/12/2021  12:47:14,852363;9,566203E-1;1,044459E+1;1,663332E-2;9,479796E-1;;
02/12/2021  12:47:14,852463;9,582952E-1;1,044459E+1;2,263603E-2;9,475088E-1;;
02/12/2021  12:47:14,852563;9,602563E-1;1,044459E+1;1,726518E-2;9,470658E-1;;
02/12/2021  12:47:14,852663;9,620892E-1;1,044459E+1;1,884484E-2;9,466534E-1;;
02/12/2021  12:47:14,852763;9,631591E-1;1,044459E+1;1,852891E-2;9,462744E-1;;
02/12/2021  12:47:14,852863;9,647357E-1;1,044459E+1;3,306178E-2;9,459315E-1;;
02/12/2021  12:47:14,852963;9,671944E-1;1,044459E+1;1,231024E-1;9,456271E-1;;
02/12/2021  12:47:14,853063;9,690810E-1;1,044459E+1;2,674314E-2;9,453636E-1;;
02/12/2021  12:47:14,853163;9,710003E-1;1,044459E+1;1,758111E-2;9,451434E-1;;
02/12/2021  12:47:14,853263;9,722878E-1;1,044459E+1;2,389975E-2;9,449688E-1;;
02/12/2021  12:47:14,853363;9,741177E-1;1,044459E+1;1,584868E-1;9,448420E-1;;
02/12/2021  12:47:14,853463;9,762337E-1;1,044459E+1;1,631739E-2;9,447648E-1;;
02/12/2021  12:47:14,853563;9,796640E-1;1,044459E+1;1,726518E-2;9,447390E-1;;
02/12/2021  12:47:14,853663;9,813777E-1;1,044459E+1;1,979264E-2;9,447666E-1;;
02/12/2021  12:47:14,853763;9,831986E-1;1,044459E+1;5,644075E-2;9,448493E-1;;
02/12/2021  12:47:14,853863;9,852610E-1;1,044459E+1;1,243661E-1;9,449888E-1;;
02/12/2021  12:47:14,853963;9,880208E-1;1,044459E+1;1,726518E-2;9,451864E-1;;
02/12/2021  12:47:14,854063;9,907835E-1;1,044459E+1;1,600145E-2;9,454436E-1;;
02/12/2021  12:47:14,854163;9,930783E-1;1,044459E+1;8,519056E-2;9,457616E-1;;
02/12/2021  12:47:14,854263;9,948486E-1;1,044459E+1;3,748483E-2;9,461418E-1;;
02/12/2021  12:47:14,854363;9,967709E-1;1,044459E+1;2,010857E-2;9,465851E-1;;
02/12/2021  12:47:14,854463;9,992714E-1;1,044459E+1;1,821298E-2;9,470924E-1;;
02/12/2021  12:47:14,854563;1,002714E+0;1,044459E+1;1,916077E-2;9,476643E-1;;
02/12/2021  12:47:14,854663;1,004794E+0;1,044459E+1;1,069899E-1;9,483013E-1;;
02/12/2021  12:47:14,854763;1,007235E+0;1,044459E+1;9,214107E-2;9,490042E-1;;
02/12/2021  12:47:14,854863;1,008817E+0;1,044459E+1;1,694925E-2;9,497732E-1;;
02/12/2021  12:47:14,854963;1,012882E+0;1,044459E+1;1,631739E-2;9,506085E-1;;
02/12/2021  12:47:14,855063;1,015943E+0;1,044459E+1;2,295196E-2;9,515104E-1;;
02/12/2021  12:47:14,855163;1,017797E+0;1,044459E+1;1,758111E-2;9,524789E-1;;
02/12/2021  12:47:14,855263;1,020649E+0;1,044459E+1;2,737501E-2;9,535141E-1;;
02/12/2021  12:47:14,855363;1,022768E+0;1,044459E+1;1,758111E-2;9,546159E-1;;
02/12/2021  12:47:14,855463;1,025897E+0;1,044459E+1;1,473773E-2;9,557841E-1;;
02/12/2021  12:47:14,855563;1,029194E+0;1,044459E+1;1,758111E-2;9,570183E-1;;
02/12/2021  12:47:14,855663;1,032356E+0;1,044459E+1;1,600145E-2;9,583181E-1;;
02/12/2021  12:47:14,855763;1,033649E+0;1,044459E+1;1,694925E-2;9,596832E-1;;
02/12/2021  12:47:14,855863;1,037050E+0;1,044459E+1;1,821298E-2;9,611129E-1;;
02/12/2021  12:47:14,855963;1,040090E+0;1,044459E+1;1,442179E-2;9,626066E-1;;
02/12/2021  12:47:14,856063;1,043475E+0;1,044459E+1;1,631739E-2;9,641634E-1;;
02/12/2021  12:47:14,856163;1,046524E+0;1,044459E+1;1,821298E-2;9,657827E-1;;
02/12/2021  12:47:14,856263;1,048417E+0;1,044459E+1;1,789705E-2;9,674637E-1;;
02/12/2021  12:47:14,856363;1,051570E+0;1,044459E+1;1,568552E-2;9,692055E-1;;
02/12/2021  12:47:14,856463;1,055259E+0;1,044459E+1;1,726518E-2;9,710070E-1;;
02/12/2021  12:47:14,856563;1,058633E+0;1,044459E+1;1,631739E-2;9,728674E-1;;
02/12/2021  12:47:14,856663;1,061616E+0;1,044459E+1;1,852891E-2;9,747855E-1;;
02/12/2021  12:47:14,856763;1,064611E+0;1,044459E+1;1,694925E-2;9,767606E-1;;
02/12/2021  12:47:14,856863;1,068322E+0;1,044459E+1;2,010857E-2;9,787915E-1;;
02/12/2021  12:47:14,856963;1,072101E+0;1,044459E+1;1,600145E-2;9,808774E-1;;
02/12/2021  12:47:14,857063;1,075054E+0;1,044459E+1;1,568552E-2;9,830172E-1;;
02/12/2021  12:47:14,857163;1,078154E+0;1,044459E+1;1,726518E-2;9,852102E-1;;
02/12/2021  12:47:14,857263;1,080127E+0;1,044459E+1;2,263603E-2;9,874553E-1;;
02/12/2021  12:47:14,857363;1,083533E+0;1,044459E+1;1,568552E-2;9,897513E-1;;
02/12/2021  12:47:14,857463;1,087667E+0;1,044459E+1;7,155359E-3;9,920970E-1;;
02/12/2021  12:47:14,857563;1,090102E+0;1,044459E+1;7,471291E-3;9,944912E-1;;
02/12/2021  12:47:14,857663;1,092477E+0;1,044459E+1;1,536959E-2;9,969326E-1;;
02/12/2021  12:47:14,857763;1,094200E+0;1,044459E+1;1,252620E-2;9,994197E-1;;
02/12/2021  12:47:14,857863;1,096891E+0;1,044459E+1;7,155359E-3;1,001951E+0;;
02/12/2021  12:47:14,857963;1,099770E+0;1,044459E+1;4,627903E-3;1,004525E+0;;
02/12/2021  12:47:14,858063;1,101317E+0;1,044459E+1;1,315807E-2;1,007139E+0;;
02/12/2021  12:47:14,858163;1,102542E+0;1,044459E+1;1,789705E-2;1,009791E+0;;
02/12/2021  12:47:14,858263;1,103570E+0;1,044459E+1;1,600145E-2;1,012479E+0;;
02/12/2021  12:47:14,858363;1,105319E+0;1,044459E+1;1,315807E-2;1,015200E+0;;
02/12/2021  12:47:14,858463;1,107301E+0;1,044459E+1;1,505366E-2;1,017951E+0;;
02/12/2021  12:47:14,858563;1,108106E+0;1,044459E+1;1,789705E-2;1,020729E+0;;
02/12/2021  12:47:14,858663;1,108195E+0;1,044459E+1;1,916077E-2;1,023531E+0;;
02/12/2021  12:47:14,858763;1,109087E+0;1,044459E+1;1,189434E-2;1,026353E+0;;
02/12/2021  12:47:14,858863;1,110058E+0;1,044459E+1;1,631739E-2;1,029192E+0;;
02/12/2021  12:47:14,858963;1,111325E+0;1,044459E+1;1,694925E-2;1,032043E+0;;
02/12/2021  12:47:14,859063;1,111593E+0;1,044459E+1;1,694925E-2;1,034903E+0;;
02/12/2021  12:47:14,859163;1,111355E+0;1,044459E+1;1,852891E-2;1,037767E+0;;
02/12/2021  12:47:14,859263;1,111831E+0;1,044459E+1;1,821298E-2;1,040632E+0;;
02/12/2021  12:47:14,859363;1,112022E+0;1,044459E+1;1,852891E-2;1,043492E+0;;
02/12/2021  12:47:14,859463;1,112985E+0;1,044459E+1;2,010857E-2;1,046344E+0;;
02/12/2021  12:47:14,859563;1,112699E+0;1,044459E+1;1,758111E-2;1,049183E+0;;
02/12/2021  12:47:14,859663;1,111393E+0;1,044459E+1;2,042450E-2;1,052004E+0;;
02/12/2021  12:47:14,859763;1,111715E+0;1,044459E+1;1,884484E-2;1,054803E+0;;
02/12/2021  12:47:14,859863;1,112284E+0;1,044459E+1;1,789705E-2;1,057576E+0;;
02/12/2021  12:47:14,859963;1,112192E+0;1,044459E+1;1,821298E-2;1,060318E+0;;
02/12/2021  12:47:14,860063;1,111226E+0;1,044459E+1;1,884484E-2;1,063025E+0;;
02/12/2021  12:47:14,860163;1,110466E+0;1,044459E+1;1,789705E-2;1,065692E+0;;
02/12/2021  12:47:14,860263;1,108937E+0;1,044459E+1;1,916077E-2;1,068315E+0;;
02/12/2021  12:47:14,860363;1,108717E+0;1,044459E+1;1,884484E-2;1,070890E+0;;
02/12/2021  12:47:14,860463;1,106863E+0;1,044459E+1;1,631739E-2;1,073413E+0;;
02/12/2021  12:47:14,860563;1,105972E+0;1,044459E+1;1,758111E-2;1,075879E+0;;
02/12/2021  12:47:14,860663;1,104294E+0;1,044459E+1;1,884484E-2;1,078284E+0;;
02/12/2021  12:47:14,860763;1,102727E+0;1,044459E+1;1,916077E-2;1,080625E+0;;
02/12/2021  12:47:14,860863;1,101672E+0;1,044459E+1;1,789705E-2;1,082896E+0;;
02/12/2021  12:47:14,860963;1,099809E+0;1,044459E+1;1,694925E-2;1,085094E+0;;
02/12/2021  12:47:14,861063;1,097589E+0;1,044459E+1;1,852891E-2;1,087215E+0;;
02/12/2021  12:47:14,861163;1,094829E+0;1,044459E+1;1,758111E-2;1,089256E+0;;
02/12/2021  12:47:14,861263;1,092716E+0;1,044459E+1;1,221027E-2;1,091213E+0;;
02/12/2021  12:47:14,861363;1,090933E+0;1,044459E+1;1,600145E-2;1,093081E+0;;
02/12/2021  12:47:14,861463;1,088254E+0;1,044459E+1;1,758111E-2;1,094858E+0;;
02/12/2021  12:47:14,861563;1,085480E+0;1,044459E+1;1,694925E-2;1,096540E+0;;
02/12/2021  12:47:14,861663;1,082848E+0;1,044459E+1;2,074043E-2;1,098123E+0;;
02/12/2021  12:47:14,861763;1,080842E+0;1,044459E+1;1,726518E-2;1,099605E+0;;
02/12/2021  12:47:14,861863;1,078428E+0;1,044459E+1;1,916077E-2;1,100983E+0;;
02/12/2021  12:47:14,861963;1,076408E+0;1,044459E+1;1,758111E-2;1,102253E+0;;
02/12/2021  12:47:14,862063;1,073135E+0;1,044459E+1;1,726518E-2;1,103414E+0;;
02/12/2021  12:47:14,862163;1,069451E+0;1,044459E+1;1,852891E-2;1,104463E+0;;
02/12/2021  12:47:14,862263;1,066865E+0;1,044459E+1;1,758111E-2;1,105397E+0;;
02/12/2021  12:47:14,862363;1,064531E+0;1,044459E+1;1,536959E-2;1,106216E+0;;
02/12/2021  12:47:14,862463;1,062254E+0;1,044459E+1;1,789705E-2;1,106917E+0;;
02/12/2021  12:47:14,862563;1,059360E+0;1,044459E+1;1,758111E-2;1,107499E+0;;
02/12/2021  12:47:14,862663;1,056094E+0;1,044459E+1;5,575699E-3;1,107961E+0;;
02/12/2021  12:47:14,862763;1,053561E+0;1,044459E+1;3,680107E-3;1,108301E+0;;
02/12/2021  12:47:14,862863;1,051901E+0;1,044459E+1;9,998747E-3;1,108520E+0;;
02/12/2021  12:47:14,862963;1,049096E+0;1,044459E+1;1,442179E-2;1,108617E+0;;
02/12/2021  12:47:14,863063;1,046107E+0;1,044459E+1;1,063061E-2;1,108592E+0;;
02/12/2021  12:47:14,863163;1,042679E+0;1,044459E+1;3,680107E-3;1,108446E+0;;
02/12/2021  12:47:14,863263;1,040179E+0;1,044459E+1;3,048243E-3;1,108178E+0;;
02/12/2021  12:47:14,863363;1,037991E+0;1,044459E+1;9,050951E-3;1,107790E+0;;
02/12/2021  12:47:14,863463;1,034585E+0;1,044459E+1;3,364175E-3;1,107283E+0;;
02/12/2021  12:47:14,863563;1,030773E+0;1,044459E+1;3,996039E-3;1,106658E+0;;
02/12/2021  12:47:14,863663;1,028025E+0;1,044459E+1;3,364175E-3;1,105916E+0;;
02/12/2021  12:47:14,863763;1,025698E+0;1,044459E+1;9,998747E-3;1,105059E+0;;
02/12/2021  12:47:14,863863;1,022902E+0;1,044459E+1;6,523495E-3;1,104088E+0;;
02/12/2021  12:47:14,863963;1,019293E+0;1,044459E+1;3,680107E-3;1,103005E+0;;
02/12/2021  12:47:14,864063;1,015708E+0;1,044459E+1;3,996039E-3;1,101812E+0;;
02/12/2021  12:47:14,864163;1,011589E+0;1,044459E+1;3,364175E-3;1,100511E+0;;
02/12/2021  12:47:14,864263;1,008460E+0;1,044459E+1;4,311971E-3;1,099105E+0;;
02/12/2021  12:47:14,864363;1,005393E+0;1,044459E+1;3,048243E-3;1,097594E+0;;
02/12/2021  12:47:14,864463;1,001125E+0;1,044459E+1;3,680107E-3;1,095982E+0;;
02/12/2021  12:47:14,864563;9,972001E-1;1,044459E+1;3,680107E-3;1,094271E+0;;
02/12/2021  12:47:14,864663;9,932214E-1;1,044459E+1;3,048243E-3;1,092462E+0;;
02/12/2021  12:47:14,864763;9,906315E-1;1,044459E+1;3,996039E-3;1,090557E+0;;
02/12/2021  12:47:14,864863;9,869359E-1;1,044459E+1;3,680107E-3;1,088559E+0;;
02/12/2021  12:47:14,864963;9,828946E-1;1,044459E+1;3,364175E-3;1,086471E+0;;
02/12/2021  12:47:14,865063;9,787788E-1;1,044459E+1;3,680107E-3;1,084294E+0;;
02/12/2021  12:47:14,865163;9,754975E-1;1,044459E+1;3,680107E-3;1,082030E+0;;
02/12/2021  12:47:14,865263;9,727586E-1;1,044459E+1;3,680107E-3;1,079682E+0;;
02/12/2021  12:47:14,865363;9,697575E-1;1,044459E+1;3,364175E-3;1,077253E+0;;
02/12/2021  12:47:14,865463;9,657520E-1;1,044459E+1;3,680107E-3;1,074745E+0;;
02/12/2021  12:47:14,865563;9,622710E-1;1,044459E+1;3,364175E-3;1,072161E+0;;
02/12/2021  12:47:14,865663;9,593622E-1;1,044459E+1;6,839427E-3;1,069503E+0;;
02/12/2021  12:47:14,865763;9,573982E-1;1,044459E+1;3,680107E-3;1,066774E+0;;
02/12/2021  12:47:14,865863;9,546265E-1;1,044459E+1;3,680107E-3;1,063978E+0;;
02/12/2021  12:47:14,865963;9,510293E-1;1,044459E+1;4,311971E-3;1,061117E+0;;
02/12/2021  12:47:14,866063;9,480907E-1;1,044459E+1;3,996039E-3;1,058194E+0;;
02/12/2021  12:47:14,866163;9,450776E-1;1,044459E+1;5,891631E-3;1,055214E+0;;
02/12/2021  12:47:14,866263;9,435428E-1;1,044459E+1;3,680107E-3;1,052179E+0;;
02/12/2021  12:47:14,866363;9,407830E-1;1,044459E+1;3,996039E-3;1,049093E+0;;
02/12/2021  12:47:14,866463;9,388577E-1;1,044459E+1;9,366883E-3;1,045959E+0;;
02/12/2021  12:47:14,866563;9,355049E-1;1,044459E+1;3,680107E-3;1,042781E+0;;
02/12/2021  12:47:14,866663;9,333501E-1;1,044459E+1;6,207563E-3;1,039563E+0;;
02/12/2021  12:47:14,866763;9,323935E-1;1,044459E+1;1,252620E-2;1,036309E+0;;
02/12/2021  12:47:14,866863;9,299079E-1;1,044459E+1;1,631739E-2;1,033023E+0;;
02/12/2021  12:47:14,866963;9,275207E-1;1,044459E+1;1,726518E-2;1,029708E+0;;
02/12/2021  12:47:14,867063;9,251782E-1;1,044459E+1;5,575699E-3;1,026369E+0;;
02/12/2021  12:47:14,867163;9,234943E-1;1,044459E+1;1,505366E-2;1,023010E+0;;
02/12/2021  12:47:14,867263;9,226866E-1;1,044459E+1;1,031468E-2;1,019634E+0;;
02/12/2021  12:47:14,867363;9,215332E-1;1,044459E+1;1,694925E-2;1,016246E+0;;
02/12/2021  12:47:14,867463;9,188659E-1;1,044459E+1;1,505366E-2;1,012850E+0;;
02/12/2021  12:47:14,867563;9,172416E-1;1,044459E+1;1,221027E-2;1,009450E+0;;
02/12/2021  12:47:14,867663;9,169585E-1;1,044459E+1;1,694925E-2;1,006050E+0;;
02/12/2021  12:47:14,867763;9,164876E-1;1,044459E+1;6,523495E-3;1,002654E+0;;
02/12/2021  12:47:14,867863;9,149438E-1;1,044459E+1;1,252620E-2;9,992662E-1;;
02/12/2021  12:47:14,867963;9,136295E-1;1,044459E+1;1,252620E-2;9,958915E-1;;
02/12/2021  12:47:14,868063;9,124970E-1;1,044459E+1;1,600145E-2;9,925335E-1;;
02/12/2021  12:47:14,868163;9,128069E-1;1,044459E+1;1,726518E-2;9,891964E-1;;
02/12/2021  12:47:14,868263;9,123688E-1;1,044459E+1;2,547941E-2;9,858843E-1;;
02/12/2021  12:47:14,868363;9,116387E-1;1,044459E+1;1,726518E-2;9,826012E-1;;
02/12/2021  12:47:14,868463;9,107237E-1;1,044459E+1;1,789705E-2;9,793512E-1;;
02/12/2021  12:47:14,868563;9,102588E-1;1,044459E+1;1,663332E-2;9,761383E-1;;
02/12/2021  12:47:14,868663;9,113376E-1;1,044459E+1;1,663332E-2;9,729663E-1;;
02/12/2021  12:47:14,868763;9,119993E-1;1,044459E+1;1,631739E-2;9,698391E-1;;
02/12/2021  12:47:14,868863;9,117549E-1;1,044459E+1;1,694925E-2;9,667606E-1;;
02/12/2021  12:47:14,868963;9,118562E-1;1,044459E+1;1,189434E-2;9,637347E-1;;
02/12/2021  12:47:14,869063;9,114598E-1;1,044459E+1;4,943835E-3;9,607653E-1;;
02/12/2021  12:47:14,869163;9,132838E-1;1,044459E+1;1,821298E-2;9,578558E-1;;
02/12/2021  12:47:14,869263;9,140885E-1;1,044459E+1;1,410586E-2;9,550100E-1;;
02/12/2021  12:47:14,869363;9,140944E-1;1,044459E+1;1,694925E-2;9,522314E-1;;
02/12/2021  12:47:14,869463;9,148276E-1;1,044459E+1;1,568552E-2;9,495235E-1;;
02/12/2021  12:47:14,869563;9,154803E-1;1,044459E+1;1,568552E-2;9,468895E-1;;
02/12/2021  12:47:14,869663;9,170598E-1;1,044459E+1;1,852891E-2;9,443325E-1;;
02/12/2021  12:47:14,869763;9,189702E-1;1,044459E+1;1,821298E-2;9,418557E-1;;
02/12/2021  12:47:14,869863;9,189672E-1;1,044459E+1;1,947671E-2;9,394620E-1;;
02/12/2021  12:47:14,869963;9,194470E-1;1,044459E+1;1,663332E-2;9,371543E-1;;
02/12/2021  12:47:14,870063;9,206362E-1;1,044459E+1;2,042450E-2;9,349351E-1;;
02/12/2021  12:47:14,870163;9,225167E-1;1,044459E+1;1,916077E-2;9,328068E-1;;
02/12/2021  12:47:14,870263;9,238400E-1;1,044459E+1;2,074043E-2;9,307716E-1;;
02/12/2021  12:47:14,870363;9,251454E-1;1,044459E+1;2,074043E-2;9,288314E-1;;
02/12/2021  12:47:14,870463;9,258875E-1;1,044459E+1;1,821298E-2;9,269884E-1;;
02/12/2021  12:47:14,870563;9,277591E-1;1,044459E+1;1,663332E-2;9,252440E-1;;
02/12/2021  12:47:14,870663;9,307185E-1;1,044459E+1;1,473773E-2;9,235999E-1;;
02/12/2021  12:47:14,870763;9,317348E-1;1,044459E+1;1,315807E-2;9,220574E-1;;
02/12/2021  12:47:14,870863;9,333025E-1;1,044459E+1;1,157841E-2;9,206180E-1;;
02/12/2021  12:47:14,870963;9,349953E-1;1,044459E+1;8,103155E-3;9,192828E-1;;
02/12/2021  12:47:14,871063;9,374182E-1;1,044459E+1;9,682815E-3;9,180527E-1;;
02/12/2021  12:47:14,871163;9,400648E-1;1,044459E+1;1,284213E-2;9,169285E-1;;
02/12/2021  12:47:14,871263;9,421957E-1;1,044459E+1;1,505366E-2;9,159110E-1;;
02/12/2021  12:47:14,871363;9,439123E-1;1,044459E+1;1,410586E-2;9,150010E-1;;
02/12/2021  12:47:14,871463;9,458078E-1;1,044459E+1;1,694925E-2;9,141988E-1;;
02/12/2021  12:47:14,871563;9,488268E-1;1,044459E+1;1,821298E-2;9,135048E-1;;
02/12/2021  12:47:14,871663;9,521976E-1;1,044459E+1;1,315807E-2;9,129193E-1;;
02/12/2021  12:47:14,871763;9,538904E-1;1,044459E+1;1,694925E-2;9,124423E-1;;
02/12/2021  12:47:14,871863;9,556458E-1;1,044459E+1;1,758111E-2;9,120741E-1;;
02/12/2021  12:47:14,871963;9,576128E-1;1,044459E+1;1,821298E-2;9,118143E-1;;
02/12/2021  12:47:14,872063;9,605692E-1;1,044459E+1;1,252620E-2;9,116627E-1;;
02/12/2021  12:47:14,872163;9,632098E-1;1,044459E+1;1,852891E-2;9,116185E-1;;
02/12/2021  12:47:14,872263;9,646492E-1;1,044459E+1;1,852891E-2;9,116811E-1;;
02/12/2021  12:47:14,872363;9,667891E-1;1,044459E+1;1,821298E-2;9,118496E-1;;
02/12/2021  12:47:14,872463;9,681481E-1;1,044459E+1;1,821298E-2;9,121228E-1;;
02/12/2021  12:47:14,872563;9,712387E-1;1,044459E+1;2,105637E-2;9,124993E-1;;
02/12/2021  12:47:14,872663;9,739537E-1;1,044459E+1;1,758111E-2;9,129775E-1;;
02/12/2021  12:47:14,872763;9,749372E-1;1,044459E+1;1,473773E-2;9,135558E-1;;
02/12/2021  12:47:14,872863;9,762456E-1;1,044459E+1;2,232009E-2;9,142322E-1;;
02/12/2021  12:47:14,872963;9,777149E-1;1,044459E+1;1,354238E-1;9,150046E-1;;
02/12/2021  12:47:14,873063;9,801975E-1;1,044459E+1;1,663332E-2;9,158705E-1;;
02/12/2021  12:47:14,873163;9,824536E-1;1,044459E+1;1,852891E-2;9,168272E-1;;
02/12/2021  12:47:14,873263;9,841374E-1;1,044459E+1;1,979264E-2;9,178720E-1;;
02/12/2021  12:47:14,873363;9,851478E-1;1,044459E+1;2,105637E-2;9,190021E-1;;
02/12/2021  12:47:14,873463;9,862117E-1;1,044459E+1;1,852891E-2;9,202145E-1;;
02/12/2021  12:47:14,873563;9,890758E-1;1,044459E+1;1,631739E-2;9,215059E-1;;
02/12/2021  12:47:14,873663;9,908640E-1;1,044459E+1;1,947671E-2;9,228731E-1;;
02/12/2021  12:47:14,873763;9,922528E-1;1,044459E+1;3,590517E-2;9,243126E-1;;
02/12/2021  12:47:14,873863;9,933793E-1;1,044459E+1;1,120448E-1;9,258210E-1;;
02/12/2021  12:47:14,873963;9,941632E-1;1,044459E+1;2,389975E-2;9,273949E-1;;
02/12/2021  12:47:14,874063;9,965414E-1;1,044459E+1;2,232009E-2;9,290305E-1;;
02/12/2021  12:47:14,874163;9,984667E-1;1,044459E+1;2,010857E-2;9,307241E-1;;
02/12/2021  12:47:14,874263;9,994800E-1;1,044459E+1;8,139938E-2;9,324720E-1;;
02/12/2021  12:47:14,874363;1,000291E+0;1,044459E+1;7,792413E-2;9,342704E-1;;
02/12/2021  12:47:14,874463;1,002273E+0;1,044459E+1;2,042450E-2;9,361157E-1;;
02/12/2021  12:47:14,874563;1,004693E+0;1,044459E+1;1,947671E-2;9,380040E-1;;
02/12/2021  12:47:14,874663;1,006159E+0;1,044459E+1;7,634447E-2;9,399317E-1;;
02/12/2021  12:47:14,874763;1,007539E+0;1,044459E+1;1,325804E-1;9,418953E-1;;
02/12/2021  12:47:14,874863;1,008633E+0;1,044459E+1;3,780076E-2;9,438915E-1;;
02/12/2021  12:47:14,874963;1,010719E+0;1,044459E+1;1,663332E-2;9,459166E-1;;
02/12/2021  12:47:14,875063;1,013225E+0;1,044459E+1;2,074043E-2;9,479676E-1;;
02/12/2021  12:47:14,875163;1,015213E+0;1,044459E+1;1,694925E-2;9,500411E-1;;
02/12/2021  12:47:14,875263;1,016477E+0;1,044459E+1;1,631739E-2;9,521345E-1;;
02/12/2021  12:47:14,875363;1,018143E+0;1,044459E+1;1,884484E-2;9,542448E-1;;
02/12/2021  12:47:14,875463;1,020408E+0;1,044459E+1;1,916077E-2;9,563694E-1;;
02/12/2021  12:47:14,875563;1,023561E+0;1,044459E+1;1,758111E-2;9,585058E-1;;
02/12/2021  12:47:14,875663;1,025495E+0;1,044459E+1;1,758111E-2;9,606518E-1;;
02/12/2021  12:47:14,875763;1,026866E+0;1,044459E+1;1,758111E-2;9,628054E-1;;
02/12/2021  12:47:14,875863;1,028335E+0;1,044459E+1;1,568552E-2;9,649648E-1;;
02/12/2021  12:47:14,875963;1,029816E+0;1,044459E+1;1,852891E-2;9,671281E-1;;
02/12/2021  12:47:14,876063;1,032558E+0;1,044459E+1;2,042450E-2;9,692936E-1;;
02/12/2021  12:47:14,876163;1,034960E+0;1,044459E+1;1,821298E-2;9,714596E-1;;
02/12/2021  12:47:14,876263;1,036740E+0;1,044459E+1;1,821298E-2;9,736248E-1;;
02/12/2021  12:47:14,876363;1,038334E+0;1,044459E+1;1,916077E-2;9,757879E-1;;
02/12/2021  12:47:14,876463;1,040724E+0;1,044459E+1;1,442179E-2;9,779477E-1;;
02/12/2021  12:47:14,876563;1,043419E+0;1,044459E+1;1,536959E-2;9,801034E-1;;
02/12/2021  12:47:14,876663;1,044497E+0;1,044459E+1;1,663332E-2;9,822540E-1;;
02/12/2021  12:47:14,876763;1,046479E+0;1,044459E+1;1,726518E-2;9,843988E-1;;
02/12/2021  12:47:14,876863;1,047856E+0;1,044459E+1;1,852891E-2;9,865371E-1;;
02/12/2021  12:47:14,876963;1,050953E+0;1,044459E+1;1,600145E-2;9,886682E-1;;
02/12/2021  12:47:14,877063;1,054043E+0;1,044459E+1;1,284213E-2;9,907916E-1;;
02/12/2021  12:47:14,877163;1,055867E+0;1,044459E+1;1,631739E-2;9,929071E-1;;
02/12/2021  12:47:14,877263;1,058287E+0;1,044459E+1;1,852891E-2;9,950146E-1;;
02/12/2021  12:47:14,877363;1,060210E+0;1,044459E+1;1,758111E-2;9,971141E-1;;
02/12/2021  12:47:14,877463;1,063729E+0;1,044459E+1;1,852891E-2;9,992057E-1;;
02/12/2021  12:47:14,877563;1,067121E+0;1,044459E+1;1,916077E-2;1,001290E+0;;
02/12/2021  12:47:14,877663;1,069487E+0;1,044459E+1;1,821298E-2;1,003367E+0;;
02/12/2021  12:47:14,877763;1,071198E+0;1,044459E+1;1,852891E-2;1,005438E+0;;
02/12/2021  12:47:14,877863;1,073222E+0;1,044459E+1;1,505366E-2;1,007504E+0;;
02/12/2021  12:47:14,877963;1,076598E+0;1,044459E+1;1,221027E-2;1,009564E+0;;
02/12/2021  12:47:14,878063;1,079289E+0;1,044459E+1;8,419087E-3;1,011621E+0;;
02/12/2021  12:47:14,878163;1,081891E+0;1,044459E+1;1,852891E-2;1,013675E+0;;
02/12/2021  12:47:14,878263;1,083685E+0;1,044459E+1;1,789705E-2;1,015726E+0;;
02/12/2021  12:47:14,878363;1,085229E+0;1,044459E+1;1,600145E-2;1,017777E+0;;
02/12/2021  12:47:14,878463;1,088451E+0;1,044459E+1;1,916077E-2;1,019826E+0;;
02/12/2021  12:47:14,878563;1,091509E+0;1,044459E+1;1,694925E-2;1,021876E+0;;
02/12/2021  12:47:14,878663;1,092474E+0;1,044459E+1;1,947671E-2;1,023927E+0;;
02/12/2021  12:47:14,878763;1,094236E+0;1,044459E+1;1,694925E-2;1,025980E+0;;
02/12/2021  12:47:14,878863;1,095818E+0;1,044459E+1;1,631739E-2;1,028035E+0;;
02/12/2021  12:47:14,878963;1,098354E+0;1,044459E+1;1,694925E-2;1,030093E+0;;
02/12/2021  12:47:14,879063;1,100196E+0;1,044459E+1;1,631739E-2;1,032154E+0;;
02/12/2021  12:47:14,879163;1,101669E+0;1,044459E+1;1,821298E-2;1,034218E+0;;
02/12/2021  12:47:14,879263;1,102542E+0;1,044459E+1;1,663332E-2;1,036285E+0;;
02/12/2021  12:47:14,879363;1,104148E+0;1,044459E+1;1,852891E-2;1,038356E+0;;
02/12/2021  12:47:14,879463;1,106506E+0;1,044459E+1;1,315807E-2;1,040429E+0;;
02/12/2021  12:47:14,879563;1,108100E+0;1,044459E+1;1,726518E-2;1,042504E+0;;
02/12/2021  12:47:14,879663;1,108848E+0;1,044459E+1;1,852891E-2;1,044582E+0;;
02/12/2021  12:47:14,879763;1,109244E+0;1,044459E+1;1,916077E-2;1,046662E+0;;
02/12/2021  12:47:14,879863;1,110416E+0;1,044459E+1;1,852891E-2;1,048742E+0;;
02/12/2021  12:47:14,879963;1,112275E+0;1,044459E+1;1,442179E-2;1,050821E+0;;
02/12/2021  12:47:14,880063;1,113757E+0;1,044459E+1;1,852891E-2;1,052900E+0;;
02/12/2021  12:47:14,880163;1,114836E+0;1,044459E+1;1,789705E-2;1,054976E+0;;
02/12/2021  12:47:14,880263;1,115876E+0;1,044459E+1;2,074043E-2;1,057049E+0;;
02/12/2021  12:47:14,880363;1,117345E+0;1,044459E+1;1,916077E-2;1,059117E+0;;
02/12/2021  12:47:14,880463;1,119372E+0;1,044459E+1;8,103155E-3;1,061180E+0;;
02/12/2021  12:47:14,880563;1,120912E+0;1,044459E+1;1,852891E-2;1,063236E+0;;
02/12/2021  12:47:14,880663;1,121613E+0;1,044459E+1;1,884484E-2;1,065284E+0;;
02/12/2021  12:47:14,880763;1,122552E+0;1,044459E+1;1,884484E-2;1,067323E+0;;
02/12/2021  12:47:14,880863;1,124405E+0;1,044459E+1;1,600145E-2;1,069353E+0;;
02/12/2021  12:47:14,880963;1,126605E+0;1,044459E+1;1,694925E-2;1,071372E+0;;
02/12/2021  12:47:14,881063;1,127594E+0;1,044459E+1;1,821298E-2;1,073379E+0;;
02/12/2021  12:47:14,881163;1,128578E+0;1,044459E+1;1,663332E-2;1,075374E+0;;
02/12/2021  12:47:14,881263;1,129472E+0;1,044459E+1;1,726518E-2;1,077355E+0;;
02/12/2021  12:47:14,881363;1,131206E+0;1,044459E+1;2,263603E-2;1,079323E+0;;
02/12/2021  12:47:14,881463;1,132953E+0;1,044459E+1;1,663332E-2;1,081275E+0;;
02/12/2021  12:47:14,881563;1,133424E+0;1,044459E+1;1,726518E-2;1,083212E+0;;
02/12/2021  12:47:14,881663;1,134529E+0;1,044459E+1;1,852891E-2;1,085133E+0;;
02/12/2021  12:47:14,881763;1,133984E+0;1,044459E+1;1,726518E-2;1,087036E+0;;
02/12/2021  12:47:14,881863;1,135355E+0;1,044459E+1;1,758111E-2;1,088922E+0;;
02/12/2021  12:47:14,881963;1,137119E+0;1,044459E+1;1,789705E-2;1,090789E+0;;
02/12/2021  12:47:14,882063;1,137870E+0;1,044459E+1;1,663332E-2;1,092637E+0;;
02/12/2021  12:47:14,882163;1,137784E+0;1,044459E+1;1,694925E-2;1,094464E+0;;
02/12/2021  12:47:14,882263;1,138490E+0;1,044459E+1;1,916077E-2;1,096269E+0;;
02/12/2021  12:47:14,882363;1,139229E+0;1,044459E+1;1,726518E-2;1,098053E+0;;
02/12/2021  12:47:14,882463;1,140299E+0;1,044459E+1;1,821298E-2;1,099814E+0;;
02/12/2021  12:47:14,882563;1,141509E+0;1,044459E+1;1,568552E-2;1,101550E+0;;
02/12/2021  12:47:14,882663;1,141235E+0;1,044459E+1;1,600145E-2;1,103263E+0;;
02/12/2021  12:47:14,882763;1,141694E+0;1,044459E+1;1,378993E-2;1,104950E+0;;
02/12/2021  12:47:14,882863;1,143324E+0;1,044459E+1;1,189434E-2;1,106611E+0;;
02/12/2021  12:47:14,882963;1,144737E+0;1,044459E+1;1,505366E-2;1,108245E+0;;
02/12/2021  12:47:14,883063;1,145577E+0;1,044459E+1;8,419087E-3;1,109852E+0;;
02/12/2021  12:47:14,883163;1,145196E+0;1,044459E+1;3,680107E-3;1,111431E+0;;
02/12/2021  12:47:14,883263;1,146018E+0;1,044459E+1;3,680107E-3;1,112983E+0;;
02/12/2021  12:47:14,883363;1,147661E+0;1,044459E+1;3,364175E-3;1,114506E+0;;
02/12/2021  12:47:14,883463;1,147917E+0;1,044459E+1;3,680107E-3;1,116001E+0;;
02/12/2021  12:47:14,883563;1,149556E+0;1,044459E+1;3,680107E-3;1,117467E+0;;
02/12/2021  12:47:14,883663;1,149237E+0;1,044459E+1;3,364175E-3;1,118905E+0;;
02/12/2021  12:47:14,883763;1,149604E+0;1,044459E+1;5,575699E-3;1,120314E+0;;
02/12/2021  12:47:14,883863;1,150900E+0;1,044459E+1;3,364175E-3;1,121693E+0;;
02/12/2021  12:47:14,883963;1,151514E+0;1,044459E+1;4,311971E-3;1,123045E+0;;
02/12/2021  12:47:14,884063;1,151851E+0;1,044459E+1;4,311971E-3;1,124367E+0;;
02/12/2021  12:47:14,884163;1,151517E+0;1,044459E+1;4,311971E-3;1,125661E+0;;
02/12/2021  12:47:14,884263;1,151997E+0;1,044459E+1;3,364175E-3;1,126926E+0;;
02/12/2021  12:47:14,884363;1,152873E+0;1,044459E+1;3,996039E-3;1,128162E+0;;
02/12/2021  12:47:14,884463;1,153812E+0;1,044459E+1;3,996039E-3;1,129370E+0;;
02/12/2021  12:47:14,884563;1,153058E+0;1,044459E+1;3,048243E-3;1,130549E+0;;
02/12/2021  12:47:14,884663;1,151833E+0;1,044459E+1;3,048243E-3;1,131700E+0;;
02/12/2021  12:47:14,884763;1,151496E+0;1,044459E+1;3,048243E-3;1,132822E+0;;
02/12/2021  12:47:14,884863;1,152003E+0;1,044459E+1;5,575699E-3;1,133915E+0;;
02/12/2021  12:47:14,884963;1,151833E+0;1,044459E+1;3,048243E-3;1,134978E+0;;
02/12/2021  12:47:14,885063;1,150286E+0;1,044459E+1;3,364175E-3;1,136012E+0;;
02/12/2021  12:47:14,885163;1,149049E+0;1,044459E+1;3,680107E-3;1,137015E+0;;
02/12/2021  12:47:14,885263;1,149145E+0;1,044459E+1;3,364175E-3;1,137987E+0;;
02/12/2021  12:47:14,885363;1,148754E+0;1,044459E+1;3,364175E-3;1,138927E+0;;
02/12/2021  12:47:14,885463;1,148096E+0;1,044459E+1;3,680107E-3;1,139835E+0;;
02/12/2021  12:47:14,885563;1,145792E+0;1,044459E+1;3,680107E-3;1,140709E+0;;
02/12/2021  12:47:14,885663;1,143926E+0;1,044459E+1;3,680107E-3;1,141548E+0;;
02/12/2021  12:47:14,885763;1,143709E+0;1,044459E+1;3,680107E-3;1,142352E+0;;
02/12/2021  12:47:14,885863;1,141873E+0;1,044459E+1;3,364175E-3;1,143119E+0;;
02/12/2021  12:47:14,885963;1,140424E+0;1,044459E+1;3,364175E-3;1,143847E+0;;
02/12/2021  12:47:14,886063;1,139664E+0;1,044459E+1;3,364175E-3;1,144535E+0;;
02/12/2021  12:47:14,886163;1,136905E+0;1,044459E+1;3,996039E-3;1,145182E+0;;
02/12/2021  12:47:14,886263;1,136019E+0;1,044459E+1;3,996039E-3;1,145787E+0;;
02/12/2021  12:47:14,886363;1,134717E+0;1,044459E+1;3,680107E-3;1,146347E+0;;
02/12/2021  12:47:14,886463;1,132834E+0;1,044459E+1;3,996039E-3;1,146862E+0;;
02/12/2021  12:47:14,886563;1,130673E+0;1,044459E+1;3,996039E-3;1,147330E+0;;
02/12/2021  12:47:14,886663;1,127859E+0;1,044459E+1;1,031468E-2;1,147749E+0;;
02/12/2021  12:47:14,886763;1,126509E+0;1,044459E+1;1,252620E-2;1,148118E+0;;
02/12/2021  12:47:14,886863;1,125168E+0;1,044459E+1;1,505366E-2;1,148435E+0;;
02/12/2021  12:47:14,886963;1,122453E+0;1,044459E+1;1,694925E-2;1,148699E+0;;
02/12/2021  12:47:14,887063;1,119732E+0;1,044459E+1;1,126247E-2;1,148908E+0;;
02/12/2021  12:47:14,887163;1,116585E+0;1,044459E+1;7,787223E-3;1,149060E+0;;
02/12/2021  12:47:14,887263;1,114534E+0;1,044459E+1;1,505366E-2;1,149155E+0;;
02/12/2021  12:47:14,887363;1,112046E+0;1,044459E+1;1,726518E-2;1,149190E+0;;
02/12/2021  12:47:14,887463;1,109349E+0;1,044459E+1;1,600145E-2;1,149164E+0;;
02/12/2021  12:47:14,887563;1,105907E+0;1,044459E+1;1,094654E-2;1,149075E+0;;
02/12/2021  12:47:14,887663;1,102181E+0;1,044459E+1;1,821298E-2;1,148921E+0;;
02/12/2021  12:47:14,887763;1,099851E+0;1,044459E+1;1,694925E-2;1,148702E+0;;
02/12/2021  12:47:14,887863;1,096575E+0;1,044459E+1;1,631739E-2;1,148414E+0;;
02/12/2021  12:47:14,887963;1,093181E+0;1,044459E+1;9,682815E-3;1,148057E+0;;
02/12/2021  12:47:14,888063;1,090248E+0;1,044459E+1;1,979264E-2;1,147629E+0;;
02/12/2021  12:47:14,888163;1,086377E+0;1,044459E+1;1,726518E-2;1,147129E+0;;
02/12/2021  12:47:14,888263;1,083960E+0;1,044459E+1;1,979264E-2;1,146554E+0;;
02/12/2021  12:47:14,888363;1,080312E+0;1,044459E+1;1,726518E-2;1,145904E+0;;
02/12/2021  12:47:14,888463;1,077534E+0;1,044459E+1;1,758111E-2;1,145178E+0;;
02/12/2021  12:47:14,888563;1,074211E+0;1,044459E+1;1,726518E-2;1,144373E+0;;
02/12/2021  12:47:14,888663;1,071097E+0;1,044459E+1;1,789705E-2;1,143490E+0;;
02/12/2021  12:47:14,888763;1,068948E+0;1,044459E+1;1,821298E-2;1,142528E+0;;
02/12/2021  12:47:14,888863;1,065774E+0;1,044459E+1;1,631739E-2;1,141486E+0;;
02/12/2021  12:47:14,888963;1,063178E+0;1,044459E+1;1,663332E-2;1,140363E+0;;
02/12/2021  12:47:14,889063;1,060466E+0;1,044459E+1;1,726518E-2;1,139161E+0;;
02/12/2021  12:47:14,889163;1,057870E+0;1,044459E+1;1,758111E-2;1,137878E+0;;
02/12/2021  12:47:14,889263;1,056010E+0;1,044459E+1;7,471291E-3;1,136516E+0;;
02/12/2021  12:47:14,889363;1,053164E+0;1,044459E+1;1,663332E-2;1,135075E+0;;
02/12/2021  12:47:14,889463;1,050637E+0;1,044459E+1;1,789705E-2;1,133557E+0;;
02/12/2021  12:47:14,889563;1,047955E+0;1,044459E+1;1,631739E-2;1,131962E+0;;
02/12/2021  12:47:14,889663;1,045168E+0;1,044459E+1;1,789705E-2;1,130292E+0;;
02/12/2021  12:47:14,889763;1,044360E+0;1,044459E+1;1,284213E-2;1,128549E+0;;
02/12/2021  12:47:14,889863;1,042197E+0;1,044459E+1;1,789705E-2;1,126734E+0;;
02/12/2021  12:47:14,889963;1,039792E+0;1,044459E+1;1,694925E-2;1,124850E+0;;
02/12/2021  12:47:14,890063;1,037813E+0;1,044459E+1;1,821298E-2;1,122899E+0;;
02/12/2021  12:47:14,890163;1,035744E+0;1,044459E+1;1,631739E-2;1,120883E+0;;
02/12/2021  12:47:14,890263;1,034177E+0;1,044459E+1;1,694925E-2;1,118806E+0;;
02/12/2021  12:47:14,890363;1,032535E+0;1,044459E+1;1,663332E-2;1,116670E+0;;
02/12/2021  12:47:14,890463;1,030585E+0;1,044459E+1;1,789705E-2;1,114478E+0;;
02/12/2021  12:47:14,890563;1,028756E+0;1,044459E+1;1,789705E-2;1,112234E+0;;
02/12/2021  12:47:14,890663;1,028043E+0;1,044459E+1;1,758111E-2;1,109941E+0;;
02/12/2021  12:47:14,890763;1,027152E+0;1,044459E+1;1,694925E-2;1,107602E+0;;
02/12/2021  12:47:14,890863;1,026312E+0;1,044459E+1;1,884484E-2;1,105222E+0;;
02/12/2021  12:47:14,890963;1,023999E+0;1,044459E+1;1,600145E-2;1,102804E+0;;
02/12/2021  12:47:14,891063;1,022768E+0;1,044459E+1;1,505366E-2;1,100352E+0;;
02/12/2021  12:47:14,891163;1,022491E+0;1,044459E+1;1,979264E-2;1,097870E+0;;
02/12/2021  12:47:14,891263;1,020905E+0;1,044459E+1;1,726518E-2;1,095363E+0;;
02/12/2021  12:47:14,891363;1,019791E+0;1,044459E+1;1,789705E-2;1,092834E+0;;
02/12/2021  12:47:14,891463;1,017836E+0;1,044459E+1;1,442179E-2;1,090288E+0;;
02/12/2021  12:47:14,891563;1,016089E+0;1,044459E+1;8,419087E-3;1,087728E+0;;
02/12/2021  12:47:14,891663;1,015392E+0;1,044459E+1;1,568552E-2;1,085159E+0;;
02/12/2021  12:47:14,891763;1,013335E+0;1,044459E+1;1,536959E-2;1,082584E+0;;
02/12/2021  12:47:14,891863;1,011735E+0;1,044459E+1;1,726518E-2;1,080007E+0;;
02/12/2021  12:47:14,891963;1,009783E+0;1,044459E+1;1,694925E-2;1,077430E+0;;
02/12/2021  12:47:14,892063;1,007667E+0;1,044459E+1;1,726518E-2;1,074858E+0;;
02/12/2021  12:47:14,892163;1,006886E+0;1,044459E+1;1,821298E-2;1,072292E+0;;
02/12/2021  12:47:14,892263;1,005041E+0;1,044459E+1;1,789705E-2;1,069737E+0;;
02/12/2021  12:47:14,892363;1,003766E+0;1,044459E+1;1,758111E-2;1,067194E+0;;
02/12/2021  12:47:14,892463;1,001581E+0;1,044459E+1;1,916077E-2;1,064666E+0;;
02/12/2021  12:47:14,892563;1,000452E+0;1,044459E+1;1,193112E-1;1,062155E+0;;
02/12/2021  12:47:14,892663;9,995903E-1;1,044459E+1;1,789705E-2;1,059663E+0;;
02/12/2021  12:47:14,892763;9,988154E-1;1,044459E+1;1,758111E-2;1,057192E+0;;
02/12/2021  12:47:14,892863;9,970898E-1;1,044459E+1;2,042450E-2;1,054745E+0;;
02/12/2021  12:47:14,892963;9,958589E-1;1,044459E+1;9,688005E-2;1,052323E+0;;
02/12/2021  12:47:14,893063;9,942734E-1;1,044459E+1;1,139404E-1;1,049928E+0;;
02/12/2021  12:47:14,893163;9,944224E-1;1,044459E+1;1,789705E-2;1,047561E+0;;
02/12/2021  12:47:14,893263;9,932929E-1;1,044459E+1;1,852891E-2;1,045224E+0;;
02/12/2021  12:47:14,893363;9,924197E-1;1,044459E+1;1,031987E-1;1,042918E+0;;
02/12/2021  12:47:14,893463;9,909027E-1;1,044459E+1;7,697633E-2;1,040645E+0;;
02/12/2021  12:47:14,893563;9,906017E-1;1,044459E+1;1,505366E-2;1,038407E+0;;
02/12/2021  12:47:14,893663;9,907626E-1;1,044459E+1;2,105637E-2;1,036204E+0;;
02/12/2021  12:47:14,893763;9,905183E-1;1,044459E+1;7,350108E-2;1,034038E+0;;
02/12/2021  12:47:14,893863;9,899699E-1;1,044459E+1;1,016190E-1;1,031910E+0;;
02/12/2021  12:47:14,893963;9,898268E-1;1,044459E+1;1,884484E-2;1,029821E+0;;
02/12/2021  12:47:14,894063;9,911262E-1;1,044459E+1;1,631739E-2;1,027773E+0;;
02/12/2021  12:47:14,894163;9,914630E-1;1,044459E+1;1,852891E-2;1,025767E+0;;
02/12/2021  12:47:14,894263;9,912216E-1;1,044459E+1;1,821298E-2;1,023805E+0;;
02/12/2021  12:47:14,894363;9,914272E-1;1,044459E+1;3,306178E-2;1,021888E+0;;
02/12/2021  12:47:14,894463;9,911709E-1;1,044459E+1;1,789705E-2;1,020019E+0;;
02/12/2021  12:47:14,894563;9,923780E-1;1,044459E+1;1,947671E-2;1,018197E+0;;
02/12/2021  12:47:14,894663;9,933972E-1;1,044459E+1;3,179805E-2;1,016426E+0;;
02/12/2021  12:47:14,894763;9,950096E-1;1,044459E+1;6,686651E-2;1,014706E+0;;
02/12/2021  12:47:14,894863;9,947533E-1;1,044459E+1;1,884484E-2;1,013038E+0;;
02/12/2021  12:47:14,894963;9,955639E-1;1,044459E+1;1,600145E-2;1,011426E+0;;
02/12/2021  12:47:14,895063;9,968186E-1;1,044459E+1;2,010857E-2;1,009870E+0;;
02/12/2021  12:47:14,895163;9,981180E-1;1,044459E+1;1,852891E-2;1,008372E+0;;
02/12/2021  12:47:14,895263;9,997274E-1;1,044459E+1;4,696279E-2;1,006933E+0;;
02/12/2021  12:47:14,895363;1,000270E+0;1,044459E+1;2,800687E-2;1,005555E+0;;
02/12/2021  12:47:14,895463;1,002064E+0;1,044459E+1;2,232009E-2;1,004239E+0;;
02/12/2021  12:47:14,895563;1,003769E+0;1,044459E+1;2,074043E-2;1,002988E+0;;
02/12/2021  12:47:14,895663;1,006230E+0;1,044459E+1;1,600145E-2;1,001803E+0;;
02/12/2021  12:47:14,895763;1,008105E+0;1,044459E+1;1,694925E-2;1,000684E+0;;
02/12/2021  12:47:14,895863;1,009050E+0;1,044459E+1;1,663332E-2;9,996352E-1;;
02/12/2021  12:47:14,895963;1,010436E+0;1,044459E+1;1,600145E-2;9,986566E-1;;
02/12/2021  12:47:14,896063;1,013899E+0;1,044459E+1;1,631739E-2;9,977500E-1;;
02/12/2021  12:47:14,896163;1,016471E+0;1,044459E+1;1,568552E-2;9,969170E-1;;
02/12/2021  12:47:14,896263;1,018983E+0;1,044459E+1;1,694925E-2;9,961592E-1;;
02/12/2021  12:47:14,896363;1,020607E+0;1,044459E+1;1,536959E-2;9,954782E-1;;
02/12/2021  12:47:14,896463;1,022720E+0;1,044459E+1;1,852891E-2;9,948757E-1;;
02/12/2021  12:47:14,896563;1,025790E+0;1,044459E+1;1,600145E-2;9,943529E-1;;
02/12/2021  12:47:14,896663;1,028821E+0;1,044459E+1;1,789705E-2;9,939114E-1;;
02/12/2021  12:47:14,896763;1,031462E+0;1,044459E+1;2,010857E-2;9,935525E-1;;
02/12/2021  12:47:14,896863;1,033515E+0;1,044459E+1;2,010857E-2;9,932777E-1;;
02/12/2021  12:47:14,896963;1,035989E+0;1,044459E+1;2,137230E-2;9,930880E-1;;
02/12/2021  12:47:14,897063;1,039336E+0;1,044459E+1;2,042450E-2;9,929846E-1;;
02/12/2021  12:47:14,897163;1,041815E+0;1,044459E+1;1,694925E-2;9,929685E-1;;
02/12/2021  12:47:14,897263;1,043824E+0;1,044459E+1;1,758111E-2;9,930405E-1;;
02/12/2021  12:47:14,897363;1,045529E+0;1,044459E+1;1,442179E-2;9,932013E-1;;
02/12/2021  12:47:14,897463;1,047415E+0;1,044459E+1;9,366883E-3;9,934513E-1;;
02/12/2021  12:47:14,897563;1,051316E+0;1,044459E+1;1,157841E-2;9,937904E-1;;
02/12/2021  12:47:14,897663;1,054091E+0;1,044459E+1;7,155359E-3;9,942188E-1;;
02/12/2021  12:47:14,897763;1,056103E+0;1,044459E+1;9,050951E-3;9,947362E-1;;
02/12/2021  12:47:14,897863;1,058407E+0;1,044459E+1;1,315807E-2;9,953425E-1;;
02/12/2021  12:47:14,897963;1,061017E+0;1,044459E+1;1,221027E-2;9,960371E-1;;
02/12/2021  12:47:14,898063;1,064734E+0;1,044459E+1;1,221027E-2;9,968196E-1;;
02/12/2021  12:47:14,898163;1,067902E+0;1,044459E+1;1,631739E-2;9,976891E-1;;
02/12/2021  12:47:14,898263;1,070298E+0;1,044459E+1;1,821298E-2;9,986451E-1;;
02/12/2021  12:47:14,898363;1,071973E+0;1,044459E+1;1,536959E-2;9,996866E-1;;
02/12/2021  12:47:14,898463;1,074584E+0;1,044459E+1;1,536959E-2;1,000813E+0;;
02/12/2021  12:47:14,898563;1,078303E+0;1,044459E+1;1,505366E-2;1,002022E+0;;
02/12/2021  12:47:14,898663;1,082192E+0;1,044459E+1;1,410586E-2;1,003314E+0;;
02/12/2021  12:47:14,898763;1,084639E+0;1,044459E+1;1,916077E-2;1,004686E+0;;
02/12/2021  12:47:14,898863;1,086523E+0;1,044459E+1;1,821298E-2;1,006138E+0;;
02/12/2021  12:47:14,898963;1,089694E+0;1,044459E+1;1,505366E-2;1,007668E+0;;
02/12/2021  12:47:14,899063;1,093380E+0;1,044459E+1;1,726518E-2;1,009274E+0;;
02/12/2021  12:47:14,899163;1,096492E+0;1,044459E+1;1,536959E-2;1,010956E+0;;
02/12/2021  12:47:14,899263;1,098846E+0;1,044459E+1;1,916077E-2;1,012710E+0;;
02/12/2021  12:47:14,899363;1,100849E+0;1,044459E+1;1,821298E-2;1,014537E+0;;
02/12/2021  12:47:14,899463;1,104112E+0;1,044459E+1;1,821298E-2;1,016433E+0;;
02/12/2021  12:47:14,899563;1,107567E+0;1,044459E+1;2,010857E-2;1,018397E+0;;
02/12/2021  12:47:14,899663;1,111703E+0;1,044459E+1;1,694925E-2;1,020426E+0;;
02/12/2021  12:47:14,899763;1,113527E+0;1,044459E+1;1,789705E-2;1,022520E+0;;
02/12/2021  12:47:14,899863;1,115715E+0;1,044459E+1;1,600145E-2;1,024676E+0;;
02/12/2021  12:47:14,899963;1,119327E+0;1,044459E+1;1,852891E-2;1,026892E+0;;
02/12/2021  12:47:14,900063;1,122233E+0;1,044459E+1;1,568552E-2;1,029166E+0;;
02/12/2021  12:47:14,900163;1,124605E+0;1,044459E+1;1,726518E-2;1,031495E+0;;
02/12/2021  12:47:14,900263;1,126691E+0;1,044459E+1;1,473773E-2;1,033878E+0;;
02/12/2021  12:47:14,900363;1,128539E+0;1,044459E+1;1,821298E-2;1,036313E+0;;
02/12/2021  12:47:14,900463;1,131057E+0;1,044459E+1;1,758111E-2;1,038796E+0;;
02/12/2021  12:47:14,900563;1,133748E+0;1,044459E+1;1,821298E-2;1,041325E+0;;
02/12/2021  12:47:14,900663;1,135221E+0;1,044459E+1;2,074043E-2;1,043898E+0;;
02/12/2021  12:47:14,900763;1,136878E+0;1,044459E+1;1,694925E-2;1,046511E+0;;
02/12/2021  12:47:14,900863;1,138791E+0;1,044459E+1;1,726518E-2;1,049162E+0;;
02/12/2021  12:47:14,900963;1,140681E+0;1,044459E+1;1,916077E-2;1,051847E+0;;
02/12/2021  12:47:14,901063;1,144123E+0;1,044459E+1;1,726518E-2;1,054563E+0;;
02/12/2021  12:47:14,901163;1,144978E+0;1,044459E+1;2,010857E-2;1,057308E+0;;
02/12/2021  12:47:14,901263;1,145843E+0;1,044459E+1;1,694925E-2;1,060078E+0;;
02/12/2021  12:47:14,901363;1,146972E+0;1,044459E+1;1,568552E-2;1,062870E+0;;
02/12/2021  12:47:14,901463;1,149246E+0;1,044459E+1;1,568552E-2;1,065680E+0;;
02/12/2021  12:47:14,901563;1,151153E+0;1,044459E+1;1,821298E-2;1,068505E+0;;
02/12/2021  12:47:14,901663;1,151949E+0;1,044459E+1;1,852891E-2;1,071341E+0;;
02/12/2021  12:47:14,901763;1,152632E+0;1,044459E+1;1,189434E-2;1,074186E+0;;
02/12/2021  12:47:14,901863;1,154247E+0;1,044459E+1;1,726518E-2;1,077035E+0;;
02/12/2021  12:47:14,901963;1,157197E+0;1,044459E+1;1,126247E-2;1,079886E+0;;
02/12/2021  12:47:14,902063;1,158968E+0;1,044459E+1;1,947671E-2;1,082734E+0;;
02/12/2021  12:47:14,902163;1,159594E+0;1,044459E+1;1,568552E-2;1,085577E+0;;
02/12/2021  12:47:14,902263;1,159731E+0;1,044459E+1;1,600145E-2;1,088412E+0;;
02/12/2021  12:47:14,902363;1,160988E+0;1,044459E+1;1,726518E-2;1,091236E+0;;
02/12/2021  12:47:14,902463;1,162404E+0;1,044459E+1;1,821298E-2;1,094045E+0;;
02/12/2021  12:47:14,902563;1,164094E+0;1,044459E+1;1,315807E-2;1,096837E+0;;
02/12/2021  12:47:14,902663;1,165179E+0;1,044459E+1;1,189434E-2;1,099609E+0;;
02/12/2021  12:47:14,902763;1,164449E+0;1,044459E+1;3,996039E-3;1,102357E+0;;
02/12/2021  12:47:14,902863;1,165355E+0;1,044459E+1;9,682815E-3;1,105080E+0;;
02/12/2021  12:47:14,902963;1,166830E+0;1,044459E+1;1,505366E-2;1,107774E+0;;
02/12/2021  12:47:14,903063;1,166723E+0;1,044459E+1;1,031468E-2;1,110437E+0;;
02/12/2021  12:47:14,903163;1,166466E+0;1,044459E+1;3,996039E-3;1,113065E+0;;
02/12/2021  12:47:14,903263;1,166231E+0;1,044459E+1;3,364175E-3;1,115657E+0;;
02/12/2021  12:47:14,903363;1,165963E+0;1,044459E+1;5,891631E-3;1,118210E+0;;
02/12/2021  12:47:14,903463;1,166147E+0;1,044459E+1;6,207563E-3;1,120720E+0;;
02/12/2021  12:47:14,903563;1,166240E+0;1,044459E+1;4,311971E-3;1,123185E+0;;
02/12/2021  12:47:14,903663;1,164684E+0;1,044459E+1;3,680107E-3;1,125602E+0;;
02/12/2021  12:47:14,903763;1,163304E+0;1,044459E+1;6,839427E-3;1,127969E+0;;
02/12/2021  12:47:14,903863;1,163045E+0;1,044459E+1;1,442179E-2;1,130282E+0;;
02/12/2021  12:47:14,903963;1,163963E+0;1,044459E+1;3,364175E-3;1,132539E+0;;
02/12/2021  12:47:14,904063;1,163423E+0;1,044459E+1;3,680107E-3;1,134737E+0;;
02/12/2021  12:47:14,904163;1,162696E+0;1,044459E+1;3,048243E-3;1,136874E+0;;
02/12/2021  12:47:14,904263;1,161289E+0;1,044459E+1;4,943835E-3;1,138948E+0;;
02/12/2021  12:47:14,904363;1,161421E+0;1,044459E+1;3,364175E-3;1,140955E+0;;
02/12/2021  12:47:14,904463;1,161367E+0;1,044459E+1;3,996039E-3;1,142895E+0;;
02/12/2021  12:47:14,904563;1,161343E+0;1,044459E+1;3,364175E-3;1,144765E+0;;
02/12/2021  12:47:14,904663;1,159364E+0;1,044459E+1;4,311971E-3;1,146563E+0;;
02/12/2021  12:47:14,904763;1,158747E+0;1,044459E+1;3,048243E-3;1,148289E+0;;
02/12/2021  12:47:14,904863;1,159057E+0;1,044459E+1;3,680107E-3;1,149941E+0;;
02/12/2021  12:47:14,904963;1,158503E+0;1,044459E+1;3,996039E-3;1,151517E+0;;
02/12/2021  12:47:14,905063;1,157534E+0;1,044459E+1;3,680107E-3;1,153016E+0;;
02/12/2021  12:47:14,905163;1,156116E+0;1,044459E+1;3,364175E-3;1,154439E+0;;
02/12/2021  12:47:14,905263;1,153654E+0;1,044459E+1;3,996039E-3;1,155783E+0;;
02/12/2021  12:47:14,905363;1,152948E+0;1,044459E+1;3,680107E-3;1,157049E+0;;
02/12/2021  12:47:14,905463;1,152200E+0;1,044459E+1;3,996039E-3;1,158235E+0;;
02/12/2021  12:47:14,905563;1,150572E+0;1,044459E+1;3,680107E-3;1,159341E+0;;
02/12/2021  12:47:14,905663;1,148865E+0;1,044459E+1;3,996039E-3;1,160366E+0;;
02/12/2021  12:47:14,905763;1,146823E+0;1,044459E+1;3,680107E-3;1,161311E+0;;
02/12/2021  12:47:14,905863;1,146617E+0;1,044459E+1;3,364175E-3;1,162173E+0;;
02/12/2021  12:47:14,905963;1,145401E+0;1,044459E+1;5,259767E-3;1,162954E+0;;
02/12/2021  12:47:14,906063;1,143697E+0;1,044459E+1;1,094654E-2;1,163654E+0;;
02/12/2021  12:47:14,906163;1,141336E+0;1,044459E+1;6,839427E-3;1,164271E+0;;
02/12/2021  12:47:14,906263;1,140302E+0;1,044459E+1;3,996039E-3;1,164807E+0;;
02/12/2021  12:47:14,906363;1,140144E+0;1,044459E+1;4,943835E-3;1,165262E+0;;
02/12/2021  12:47:14,906463;1,139107E+0;1,044459E+1;8,735019E-3;1,165635E+0;;
02/12/2021  12:47:14,906563;1,137134E+0;1,044459E+1;7,155359E-3;1,165928E+0;;
02/12/2021  12:47:14,906663;1,134604E+0;1,044459E+1;8,103155E-3;1,166142E+0;;
02/12/2021  12:47:14,906763;1,133215E+0;1,044459E+1;1,505366E-2;1,166277E+0;;
02/12/2021  12:47:14,906863;1,132574E+0;1,044459E+1;1,600145E-2;1,166334E+0;;
02/12/2021  12:47:14,906963;1,130759E+0;1,044459E+1;1,758111E-2;1,166314E+0;;
02/12/2021  12:47:14,907063;1,128324E+0;1,044459E+1;1,631739E-2;1,166219E+0;;
02/12/2021  12:47:14,907163;1,125299E+0;1,044459E+1;1,852891E-2;1,166049E+0;;
02/12/2021  12:47:14,907263;1,123586E+0;1,044459E+1;2,074043E-2;1,165805E+0;;
02/12/2021  12:47:14,907363;1,121803E+0;1,044459E+1;1,189434E-2;1,165488E+0;;
02/12/2021  12:47:14,907463;1,119377E+0;1,044459E+1;1,505366E-2;1,165099E+0;;
02/12/2021  12:47:14,907563;1,117521E+0;1,044459E+1;1,284213E-2;1,164639E+0;;
02/12/2021  12:47:14,907663;1,113527E+0;1,044459E+1;1,536959E-2;1,164109E+0;;
02/12/2021  12:47:14,907763;1,112475E+0;1,044459E+1;2,295196E-2;1,163510E+0;;
02/12/2021  12:47:14,907863;1,110976E+0;1,044459E+1;1,631739E-2;1,162842E+0;;
02/12/2021  12:47:14,907963;1,109006E+0;1,044459E+1;1,473773E-2;1,162107E+0;;
02/12/2021  12:47:14,908063;1,106571E+0;1,044459E+1;1,126247E-2;1,161306E+0;;
02/12/2021  12:47:14,908163;1,103355E+0;1,044459E+1;1,789705E-2;1,160439E+0;;
02/12/2021  12:47:14,908263;1,102181E+0;1,044459E+1;1,726518E-2;1,159509E+0;;
02/12/2021  12:47:14,908363;1,101242E+0;1,044459E+1;1,536959E-2;1,158516E+0;;
02/12/2021  12:47:14,908463;1,098736E+0;1,044459E+1;1,631739E-2;1,157461E+0;;
02/12/2021  12:47:14,908563;1,097037E+0;1,044459E+1;3,242992E-2;1,156347E+0;;
02/12/2021  12:47:14,908663;1,093827E+0;1,044459E+1;1,663332E-2;1,155174E+0;;
02/12/2021  12:47:14,908763;1,092713E+0;1,044459E+1;1,600145E-2;1,153945E+0;;
02/12/2021  12:47:14,908863;1,091586E+0;1,044459E+1;1,600145E-2;1,152660E+0;;
02/12/2021  12:47:14,908963;1,088856E+0;1,044459E+1;1,694925E-2;1,151322E+0;;
02/12/2021  12:47:14,909063;1,086424E+0;1,044459E+1;1,631739E-2;1,149933E+0;;
02/12/2021  12:47:14,909163;1,083587E+0;1,044459E+1;1,442179E-2;1,148493E+0;;
02/12/2021  12:47:14,909263;1,082785E+0;1,044459E+1;1,758111E-2;1,147005E+0;;
02/12/2021  12:47:14,909363;1,080508E+0;1,044459E+1;1,631739E-2;1,145471E+0;;
02/12/2021  12:47:14,909463;1,078282E+0;1,044459E+1;1,631739E-2;1,143892E+0;;
02/12/2021  12:47:14,909563;1,076035E+0;1,044459E+1;1,568552E-2;1,142270E+0;;
02/12/2021  12:47:14,909663;1,074530E+0;1,044459E+1;1,631739E-2;1,140606E+0;;
02/12/2021  12:47:14,909763;1,073761E+0;1,044459E+1;1,821298E-2;1,138903E+0;;
02/12/2021  12:47:14,909863;1,072977E+0;1,044459E+1;1,663332E-2;1,137163E+0;;
02/12/2021  12:47:14,909963;1,071234E+0;1,044459E+1;1,631739E-2;1,135388E+0;;
02/12/2021  12:47:14,910063;1,069094E+0;1,044459E+1;1,821298E-2;1,133579E+0;;
02/12/2021  12:47:14,910163;1,067100E+0;1,044459E+1;1,536959E-2;1,131741E+0;;
02/12/2021  12:47:14,910263;1,066686E+0;1,044459E+1;1,947671E-2;1,129874E+0;;
02/12/2021  12:47:14,910363;1,065452E+0;1,044459E+1;1,916077E-2;1,127980E+0;;
02/12/2021  12:47:14,910463;1,063983E+0;1,044459E+1;1,947671E-2;1,126064E+0;;
02/12/2021  12:47:14,910563;1,062260E+0;1,044459E+1;1,063061E-2;1,124126E+0;;
02/12/2021  12:47:14,910663;1,060809E+0;1,044459E+1;1,568552E-2;1,122170E+0;;
02/12/2021  12:47:14,910763;1,060716E+0;1,044459E+1;1,600145E-2;1,120197E+0;;
02/12/2021  12:47:14,910863;1,059152E+0;1,044459E+1;1,221027E-2;1,118210E+0;;
02/12/2021  12:47:14,910963;1,057387E+0;1,044459E+1;1,347400E-2;1,116213E+0;;
02/12/2021  12:47:14,911063;1,055492E+0;1,044459E+1;1,315807E-2;1,114206E+0;;
02/12/2021  12:47:14,911163;1,054684E+0;1,044459E+1;1,063061E-2;1,112192E+0;;
02/12/2021  12:47:14,911263;1,053844E+0;1,044459E+1;1,347400E-2;1,110175E+0;;
02/12/2021  12:47:14,911363;1,053093E+0;1,044459E+1;1,726518E-2;1,108155E+0;;
02/12/2021  12:47:14,911463;1,051784E+0;1,044459E+1;1,694925E-2;1,106135E+0;;
02/12/2021  12:47:14,911563;1,050103E+0;1,044459E+1;1,726518E-2;1,104117E+0;;
02/12/2021  12:47:14,911663;1,049776E+0;1,044459E+1;1,852891E-2;1,102104E+0;;
02/12/2021  12:47:14,911763;1,049498E+0;1,044459E+1;1,536959E-2;1,100097E+0;;
02/12/2021  12:47:14,911863;1,049191E+0;1,044459E+1;8,735019E-3;1,098098E+0;;
02/12/2021  12:47:14,911963;1,047671E+0;1,044459E+1;1,726518E-2;1,096110E+0;;
02/12/2021  12:47:14,912063;1,045916E+0;1,044459E+1;1,726518E-2;1,094135E+0;;
02/12/2021  12:47:14,912163;1,046041E+0;1,044459E+1;1,473773E-2;1,092175E+0;;
02/12/2021  12:47:14,912263;1,045547E+0;1,044459E+1;1,473773E-2;1,090232E+0;;
02/12/2021  12:47:14,912363;1,045231E+0;1,044459E+1;1,473773E-2;1,088307E+0;;
02/12/2021  12:47:14,912463;1,044500E+0;1,044459E+1;1,789705E-2;1,086402E+0;;
02/12/2021  12:47:14,912563;1,043124E+0;1,044459E+1;4,064415E-2;1,084519E+0;;
02/12/2021  12:47:14,912663;1,043323E+0;1,044459E+1;1,789705E-2;1,082660E+0;;
02/12/2021  12:47:14,912763;1,043472E+0;1,044459E+1;2,105637E-2;1,080826E+0;;
02/12/2021  12:47:14,912863;1,043004E+0;1,044459E+1;2,010857E-2;1,079020E+0;;
02/12/2021  12:47:14,912963;1,041544E+0;1,044459E+1;1,152651E-3;1,077242E+0;;
02/12/2021  12:47:14,913063;1,040981E+0;1,044459E+1;9,845971E-2;1,075494E+0;;
02/12/2021  12:47:14,913163;1,040802E+0;1,044459E+1;1,726518E-2;1,073778E+0;;
02/12/2021  12:47:14,913263;1,040274E+0;1,044459E+1;1,505366E-2;1,072094E+0;;
02/12/2021  12:47:14,913363;1,040060E+0;1,044459E+1;5,612482E-2;1,070443E+0;;
02/12/2021  12:47:14,913463;1,038713E+0;1,044459E+1;1,044624E-1;1,068828E+0;;
02/12/2021  12:47:14,913563;1,037512E+0;1,044459E+1;7,097362E-2;1,067248E+0;;
02/12/2021  12:47:14,913663;1,038394E+0;1,044459E+1;1,663332E-2;1,065703E+0;;
02/12/2021  12:47:14,913763;1,037938E+0;1,044459E+1;1,884484E-2;1,064196E+0;;
02/12/2021  12:47:14,913863;1,037991E+0;1,044459E+1;6,591871E-2;1,062725E+0;;
02/12/2021  12:47:14,913963;1,036606E+0;1,044459E+1;1,726518E-2;1,061293E+0;;
02/12/2021  12:47:14,914063;1,035834E+0;1,044459E+1;1,821298E-2;1,059898E+0;;
02/12/2021  12:47:14,914163;1,036457E+0;1,044459E+1;1,694925E-2;1,058542E+0;;
02/12/2021  12:47:14,914263;1,036841E+0;1,044459E+1;1,726518E-2;1,057225E+0;;
02/12/2021  12:47:14,914363;1,036999E+0;1,044459E+1;6,813023E-2;1,055946E+0;;
02/12/2021  12:47:14,914463;1,035777E+0;1,044459E+1;1,758111E-2;1,054706E+0;;
02/12/2021  12:47:14,914563;1,036436E+0;1,044459E+1;1,473773E-2;1,053506E+0;;
02/12/2021  12:47:14,914663;1,037175E+0;1,044459E+1;1,758111E-2;1,052345E+0;;
02/12/2021  12:47:14,914763;1,036939E+0;1,044459E+1;5,138584E-2;1,051224E+0;;
02/12/2021  12:47:14,914863;1,035974E+0;1,044459E+1;2,232009E-2;1,050142E+0;;
02/12/2021  12:47:14,914963;1,034266E+0;1,044459E+1;1,505366E-2;1,049100E+0;;
02/12/2021  12:47:14,915063;1,034147E+0;1,044459E+1;1,631739E-2;1,048097E+0;;
02/12/2021  12:47:14,915163;1,033795E+0;1,044459E+1;1,568552E-2;1,047134E+0;;
02/12/2021  12:47:14,915263;1,033378E+0;1,044459E+1;1,758111E-2;1,046208E+0;;
02/12/2021  12:47:14,915363;1,032958E+0;1,044459E+1;1,663332E-2;1,045320E+0;;
02/12/2021  12:47:14,915463;1,031822E+0;1,044459E+1;1,284213E-2;1,044469E+0;;
02/12/2021  12:47:14,915563;1,031420E+0;1,044459E+1;1,821298E-2;1,043653E+0;;
02/12/2021  12:47:14,915663;1,032594E+0;1,044459E+1;1,789705E-2;1,042873E+0;;
02/12/2021  12:47:14,915763;1,032159E+0;1,044459E+1;1,726518E-2;1,042126E+0;;
02/12/2021  12:47:14,915863;1,031417E+0;1,044459E+1;1,821298E-2;1,041412E+0;;
02/12/2021  12:47:14,915963;1,031426E+0;1,044459E+1;1,789705E-2;1,040730E+0;;
02/12/2021  12:47:14,916063;1,032332E+0;1,044459E+1;1,126247E-2;1,040079E+0;;
02/12/2021  12:47:14,916163;1,033739E+0;1,044459E+1;1,536959E-2;1,039459E+0;;
02/12/2021  12:47:14,916263;1,034004E+0;1,044459E+1;1,821298E-2;1,038868E+0;;
02/12/2021  12:47:14,916363;1,034779E+0;1,044459E+1;1,916077E-2;1,038307E+0;;
02/12/2021  12:47:14,916463;1,034418E+0;1,044459E+1;1,726518E-2;1,037775E+0;;
02/12/2021  12:47:14,916563;1,035831E+0;1,044459E+1;1,442179E-2;1,037272E+0;;
02/12/2021  12:47:14,916663;1,037035E+0;1,044459E+1;1,726518E-2;1,036797E+0;;
02/12/2021  12:47:14,916763;1,037598E+0;1,044459E+1;1,789705E-2;1,036351E+0;;
02/12/2021  12:47:14,916863;1,037601E+0;1,044459E+1;1,884484E-2;1,035933E+0;;
02/12/2021  12:47:14,916963;1,036677E+0;1,044459E+1;1,568552E-2;1,035545E+0;;
02/12/2021  12:47:14,917063;1,038579E+0;1,044459E+1;1,979264E-2;1,035184E+0;;
02/12/2021  12:47:14,917163;1,039514E+0;1,044459E+1;1,157841E-2;1,034853E+0;;
02/12/2021  12:47:14,917263;1,039869E+0;1,044459E+1;1,789705E-2;1,034549E+0;;
02/12/2021  12:47:14,917363;1,039747E+0;1,044459E+1;1,694925E-2;1,034274E+0;;
02/12/2021  12:47:14,917463;1,040638E+0;1,044459E+1;1,694925E-2;1,034028E+0;;
02/12/2021  12:47:14,917563;1,042763E+0;1,044459E+1;1,031468E-2;1,033810E+0;;
02/12/2021  12:47:14,917663;1,044259E+0;1,044459E+1;1,916077E-2;1,033620E+0;;
02/12/2021  12:47:14,917763;1,045523E+0;1,044459E+1;1,916077E-2;1,033459E+0;;
02/12/2021  12:47:14,917863;1,046298E+0;1,044459E+1;1,789705E-2;1,033328E+0;;
02/12/2021  12:47:14,917963;1,045928E+0;1,044459E+1;1,663332E-2;1,033225E+0;;
02/12/2021  12:47:14,918063;1,048178E+0;1,044459E+1;1,063061E-2;1,033153E+0;;
02/12/2021  12:47:14,918163;1,049838E+0;1,044459E+1;1,726518E-2;1,033111E+0;;
02/12/2021  12:47:14,918263;1,050282E+0;1,044459E+1;1,758111E-2;1,033100E+0;;
02/12/2021  12:47:14,918363;1,051114E+0;1,044459E+1;1,852891E-2;1,033119E+0;;
02/12/2021  12:47:14,918463;1,051841E+0;1,044459E+1;1,600145E-2;1,033170E+0;;
02/12/2021  12:47:14,918563;1,053754E+0;1,044459E+1;1,726518E-2;1,033252E+0;;
02/12/2021  12:47:14,918663;1,055012E+0;1,044459E+1;1,758111E-2;1,033367E+0;;
02/12/2021  12:47:14,918763;1,055536E+0;1,044459E+1;1,884484E-2;1,033513E+0;;
02/12/2021  12:47:14,918863;1,055450E+0;1,044459E+1;1,694925E-2;1,033691E+0;;
02/12/2021  12:47:14,918963;1,056201E+0;1,044459E+1;1,631739E-2;1,033902E+0;;
02/12/2021  12:47:14,919063;1,058407E+0;1,044459E+1;2,295196E-2;1,034144E+0;;
02/12/2021  12:47:14,919163;1,059399E+0;1,044459E+1;1,884484E-2;1,034419E+0;;
02/12/2021  12:47:14,919263;1,059920E+0;1,044459E+1;1,631739E-2;1,034725E+0;;
02/12/2021  12:47:14,919363;1,060892E+0;1,044459E+1;1,916077E-2;1,035063E+0;;
02/12/2021  12:47:14,919463;1,062406E+0;1,044459E+1;1,852891E-2;1,035432E+0;;
02/12/2021  12:47:14,919563;1,064096E+0;1,044459E+1;1,536959E-2;1,035833E+0;;
02/12/2021  12:47:14,919663;1,066498E+0;1,044459E+1;1,631739E-2;1,036264E+0;;
02/12/2021  12:47:14,919763;1,067669E+0;1,044459E+1;1,852891E-2;1,036726E+0;;
02/12/2021  12:47:14,919863;1,068626E+0;1,044459E+1;1,536959E-2;1,037219E+0;;
02/12/2021  12:47:14,919963;1,071007E+0;1,044459E+1;1,505366E-2;1,037743E+0;;
02/12/2021  12:47:14,920063;1,073687E+0;1,044459E+1;1,568552E-2;1,038298E+0;;
02/12/2021  12:47:14,920163;1,075975E+0;1,044459E+1;1,916077E-2;1,038884E+0;;
02/12/2021  12:47:14,920263;1,077036E+0;1,044459E+1;1,884484E-2;1,039501E+0;;
02/12/2021  12:47:14,920363;1,078074E+0;1,044459E+1;1,852891E-2;1,040151E+0;;
02/12/2021  12:47:14,920463;1,080994E+0;1,044459E+1;1,852891E-2;1,040832E+0;;
02/12/2021  12:47:14,920563;1,083662E+0;1,044459E+1;1,789705E-2;1,041546E+0;;
02/12/2021  12:47:14,920663;1,086001E+0;1,044459E+1;1,568552E-2;1,042293E+0;;
02/12/2021  12:47:14,920763;1,086883E+0;1,044459E+1;1,852891E-2;1,043074E+0;;
02/12/2021  12:47:14,920863;1,088060E+0;1,044459E+1;1,789705E-2;1,043888E+0;;
02/12/2021  12:47:14,920963;1,089774E+0;1,044459E+1;1,726518E-2;1,044736E+0;;
02/12/2021  12:47:14,921063;1,091959E+0;1,044459E+1;1,442179E-2;1,045619E+0;;
02/12/2021  12:47:14,921163;1,093905E+0;1,044459E+1;1,789705E-2;1,046535E+0;;
02/12/2021  12:47:14,921263;1,094724E+0;1,044459E+1;1,884484E-2;1,047486E+0;;
02/12/2021  12:47:14,921363;1,096137E+0;1,044459E+1;1,505366E-2;1,048472E+0;;
02/12/2021  12:47:14,921463;1,098542E+0;1,044459E+1;1,852891E-2;1,049491E+0;;
02/12/2021  12:47:14,921563;1,100828E+0;1,044459E+1;2,168823E-2;1,050544E+0;;
02/12/2021  12:47:14,921663;1,101889E+0;1,044459E+1;1,726518E-2;1,051631E+0;;
02/12/2021  12:47:14,921763;1,103039E+0;1,044459E+1;2,263603E-2;1,052750E+0;;
02/12/2021  12:47:14,921863;1,104068E+0;1,044459E+1;1,663332E-2;1,053902E+0;;
02/12/2021  12:47:14,921963;1,106249E+0;1,044459E+1;1,315807E-2;1,055087E+0;;
02/12/2021  12:47:14,922063;1,108160E+0;1,044459E+1;1,694925E-2;1,056302E+0;;
02/12/2021  12:47:14,922163;1,109897E+0;1,044459E+1;1,694925E-2;1,057548E+0;;
02/12/2021  12:47:14,922263;1,110660E+0;1,044459E+1;1,631739E-2;1,058824E+0;;
02/12/2021  12:47:14,922363;1,112028E+0;1,044459E+1;1,600145E-2;1,060128E+0;;
02/12/2021  12:47:14,922463;1,114415E+0;1,044459E+1;1,568552E-2;1,061461E+0;;
02/12/2021  12:47:14,922563;1,116722E+0;1,044459E+1;1,663332E-2;1,062821E+0;;
02/12/2021  12:47:14,922663;1,117664E+0;1,044459E+1;1,663332E-2;1,064207E+0;;
02/12/2021  12:47:14,922763;1,117497E+0;1,044459E+1;1,473773E-2;1,065618E+0;;
02/12/2021  12:47:14,922863;1,119780E+0;1,044459E+1;5,259767E-3;1,067053E+0;;
02/12/2021  12:47:14,922963;1,121696E+0;1,044459E+1;1,600145E-2;1,068512E+0;;
02/12/2021  12:47:14,923063;1,123022E+0;1,044459E+1;5,259767E-3;1,069991E+0;;
02/12/2021  12:47:14,923163;1,123267E+0;1,044459E+1;4,311971E-3;1,071492E+0;;
02/12/2021  12:47:14,923263;1,123335E+0;1,044459E+1;3,996039E-3;1,073011E+0;;
02/12/2021  12:47:14,923363;1,125407E+0;1,044459E+1;1,157841E-2;1,074548E+0;;
02/12/2021  12:47:14,923463;1,126956E+0;1,044459E+1;7,471291E-3;1,076101E+0;;
02/12/2021  12:47:14,923563;1,128706E+0;1,044459E+1;4,627903E-3;1,077668E+0;;
02/12/2021  12:47:14,923663;1,129332E+0;1,044459E+1;3,364175E-3;1,079248E+0;;
02/12/2021  12:47:14,923763;1,130381E+0;1,044459E+1;3,680107E-3;1,080840E+0;;
02/12/2021  12:47:14,923863;1,132109E+0;1,044459E+1;3,996039E-3;1,082441E+0;;
02/12/2021  12:47:14,923963;1,135131E+0;1,044459E+1;4,627903E-3;1,084051E+0;;
02/12/2021  12:47:14,924063;1,137015E+0;1,044459E+1;4,311971E-3;1,085668E+0;;
02/12/2021  12:47:14,924163;1,138785E+0;1,044459E+1;3,996039E-3;1,087292E+0;;
02/12/2021  12:47:14,924263;1,139953E+0;1,044459E+1;4,627903E-3;1,088920E+0;;
02/12/2021  12:47:14,924363;1,142356E+0;1,044459E+1;4,311971E-3;1,090554E+0;;
02/12/2021  12:47:14,924463;1,144954E+0;1,044459E+1;3,996039E-3;1,092192E+0;;
02/12/2021  12:47:14,924563;1,147234E+0;1,044459E+1;3,048243E-3;1,093833E+0;;
02/12/2021  12:47:14,924663;1,148266E+0;1,044459E+1;3,680107E-3;1,095478E+0;;
02/12/2021  12:47:14,924763;1,149338E+0;1,044459E+1;3,364175E-3;1,097126E+0;;
02/12/2021  12:47:14,924863;1,151299E+0;1,044459E+1;3,680107E-3;1,098776E+0;;
02/12/2021  12:47:14,924963;1,153073E+0;1,044459E+1;3,996039E-3;1,100429E+0;;
02/12/2021  12:47:14,925063;1,153889E+0;1,044459E+1;3,048243E-3;1,102085E+0;;
02/12/2021  12:47:14,925163;1,154506E+0;1,044459E+1;3,680107E-3;1,103742E+0;;
02/12/2021  12:47:14,925263;1,155338E+0;1,044459E+1;8,419087E-3;1,105400E+0;;
02/12/2021  12:47:14,925363;1,157245E+0;1,044459E+1;3,680107E-3;1,107058E+0;;
02/12/2021  12:47:14,925463;1,159403E+0;1,044459E+1;3,364175E-3;1,108717E+0;;
02/12/2021  12:47:14,925563;1,159531E+0;1,044459E+1;3,680107E-3;1,110374E+0;;
02/12/2021  12:47:14,925663;1,161066E+0;1,044459E+1;3,364175E-3;1,112031E+0;;
02/12/2021  12:47:14,925763;1,162201E+0;1,044459E+1;3,996039E-3;1,113685E+0;;
02/12/2021  12:47:14,925863;1,164902E+0;1,044459E+1;3,048243E-3;1,115337E+0;;
02/12/2021  12:47:14,925963;1,167086E+0;1,044459E+1;3,680107E-3;1,116986E+0;;
02/12/2021  12:47:14,926063;1,169199E+0;1,044459E+1;6,839427E-3;1,118631E+0;;
02/12/2021  12:47:14,926163;1,169923E+0;1,044459E+1;1,347400E-2;1,120273E+0;;
02/12/2021  12:47:14,926263;1,172153E+0;1,044459E+1;3,680107E-3;1,121912E+0;;
02/12/2021  12:47:14,926363;1,174439E+0;1,044459E+1;9,998747E-3;1,123547E+0;;
02/12/2021  12:47:14,926463;1,177201E+0;1,044459E+1;4,311971E-3;1,125178E+0;;
02/12/2021  12:47:14,926563;1,178057E+0;1,044459E+1;8,103155E-3;1,126806E+0;;
02/12/2021  12:47:14,926663;1,178986E+0;1,044459E+1;8,419087E-3;1,128431E+0;;
02/12/2021  12:47:14,926763;1,181052E+0;1,044459E+1;1,600145E-2;1,130053E+0;;
02/12/2021  12:47:14,926863;1,183096E+0;1,044459E+1;1,505366E-2;1,131673E+0;;
02/12/2021  12:47:14,926963;1,185138E+0;1,044459E+1;1,284213E-2;1,133291E+0;;
02/12/2021  12:47:14,927063;1,186023E+0;1,044459E+1;1,410586E-2;1,134906E+0;;
02/12/2021  12:47:14,927163;1,186452E+0;1,044459E+1;5,259767E-3;1,136519E+0;;
02/12/2021  12:47:14,927263;1,188413E+0;1,044459E+1;7,471291E-3;1,138131E+0;;
02/12/2021  12:47:14,927363;1,190446E+0;1,044459E+1;1,600145E-2;1,139741E+0;;
02/12/2021  12:47:14,927463;1,191516E+0;1,044459E+1;1,694925E-2;1,141349E+0;;
02/12/2021  12:47:14,927563;1,192404E+0;1,044459E+1;8,103155E-3;1,142955E+0;;
02/12/2021  12:47:14,927663;1,192544E+0;1,044459E+1;1,568552E-2;1,144560E+0;;
02/12/2021  12:47:14,927763;1,194275E+0;1,044459E+1;1,378993E-2;1,146162E+0;;
02/12/2021  12:47:14,927863;1,196534E+0;1,044459E+1;1,726518E-2;1,147762E+0;;
02/12/2021  12:47:14,927963;1,197485E+0;1,044459E+1;1,473773E-2;1,149358E+0;;
02/12/2021  12:47:14,928063;1,197744E+0;1,044459E+1;1,189434E-2;1,150952E+0;;
02/12/2021  12:47:14,928163;1,198120E+0;1,044459E+1;2,200416E-2;1,152542E+0;;
02/12/2021  12:47:14,928263;1,198853E+0;1,044459E+1;2,010857E-2;1,154128E+0;;
02/12/2021  12:47:14,928363;1,200769E+0;1,044459E+1;1,821298E-2;1,155709E+0;;
02/12/2021  12:47:14,928463;1,201276E+0;1,044459E+1;1,694925E-2;1,157285E+0;;
02/12/2021  12:47:14,928563;1,201333E+0;1,044459E+1;1,916077E-2;1,158854E+0;;
02/12/2021  12:47:14,928663;1,201121E+0;1,044459E+1;1,821298E-2;1,160416E+0;;
02/12/2021  12:47:14,928763;1,202018E+0;1,044459E+1;1,284213E-2;1,161970E+0;;
02/12/2021  12:47:14,928863;1,203875E+0;1,044459E+1;1,536959E-2;1,163515E+0;;
02/12/2021  12:47:14,928963;1,203640E+0;1,044459E+1;1,821298E-2;1,165050E+0;;
02/12/2021  12:47:14,929063;1,203341E+0;1,044459E+1;1,758111E-2;1,166573E+0;;
02/12/2021  12:47:14,929163;1,202954E+0;1,044459E+1;1,821298E-2;1,168084E+0;;
02/12/2021  12:47:14,929263;1,203225E+0;1,044459E+1;1,884484E-2;1,169581E+0;;
02/12/2021  12:47:14,929363;1,204250E+0;1,044459E+1;1,442179E-2;1,171063E+0;;
02/12/2021  12:47:14,929463;1,203711E+0;1,044459E+1;1,758111E-2;1,172528E+0;;
02/12/2021  12:47:14,929563;1,202102E+0;1,044459E+1;1,852891E-2;1,173975E+0;;
02/12/2021  12:47:14,929663;1,201971E+0;1,044459E+1;1,758111E-2;1,175402E+0;;
02/12/2021  12:47:14,929763;1,202087E+0;1,044459E+1;1,821298E-2;1,176807E+0;;
02/12/2021  12:47:14,929863;1,201544E+0;1,044459E+1;1,126247E-2;1,178189E+0;;
02/12/2021  12:47:14,929963;1,200838E+0;1,044459E+1;1,852891E-2;1,179546E+0;;
02/12/2021  12:47:14,930063;1,199619E+0;1,044459E+1;1,758111E-2;1,180875E+0;;
02/12/2021  12:47:14,930163;1,199020E+0;1,044459E+1;1,315807E-2;1,182175E+0;;
02/12/2021  12:47:14,930263;1,199580E+0;1,044459E+1;1,157841E-2;1,183444E+0;;
02/12/2021  12:47:14,930363;1,198817E+0;1,044459E+1;1,884484E-2;1,184680E+0;;
02/12/2021  12:47:14,930463;1,198606E+0;1,044459E+1;1,726518E-2;1,185881E+0;;
02/12/2021  12:47:14,930563;1,197098E+0;1,044459E+1;9,998747E-3;1,187045E+0;;
02/12/2021  12:47:14,930663;1,196341E+0;1,044459E+1;1,884484E-2;1,188172E+0;;
02/12/2021  12:47:14,930763;1,197205E+0;1,044459E+1;1,663332E-2;1,189258E+0;;
02/12/2021  12:47:14,930863;1,196645E+0;1,044459E+1;1,505366E-2;1,190303E+0;;
02/12/2021  12:47:14,930963;1,196216E+0;1,044459E+1;1,852891E-2;1,191306E+0;;
02/12/2021  12:47:14,931063;1,195056E+0;1,044459E+1;1,884484E-2;1,192265E+0;;
02/12/2021  12:47:14,931163;1,194353E+0;1,044459E+1;1,884484E-2;1,193179E+0;;
02/12/2021  12:47:14,931263;1,194761E+0;1,044459E+1;1,694925E-2;1,194047E+0;;
02/12/2021  12:47:14,931363;1,194225E+0;1,044459E+1;1,852891E-2;1,194869E+0;;
02/12/2021  12:47:14,931463;1,193235E+0;1,044459E+1;1,979264E-2;1,195644E+0;;
02/12/2021  12:47:14,931563;1,192016E+0;1,044459E+1;1,663332E-2;1,196371E+0;;
02/12/2021  12:47:14,931663;1,190893E+0;1,044459E+1;1,758111E-2;1,197049E+0;;
02/12/2021  12:47:14,931763;1,190875E+0;1,044459E+1;1,758111E-2;1,197679E+0;;
02/12/2021  12:47:14,931863;1,190428E+0;1,044459E+1;1,758111E-2;1,198259E+0;;
02/12/2021  12:47:14,931963;1,188985E+0;1,044459E+1;1,789705E-2;1,198791E+0;;
02/12/2021  12:47:14,932063;1,187552E+0;1,044459E+1;1,852891E-2;1,199272E+0;;
02/12/2021  12:47:14,932163;1,186005E+0;1,044459E+1;1,631739E-2;1,199704E+0;;
02/12/2021  12:47:14,932263;1,185695E+0;1,044459E+1;1,442179E-2;1,200085E+0;;
02/12/2021  12:47:14,932363;1,184431E+0;1,044459E+1;1,758111E-2;1,200416E+0;;
02/12/2021  12:47:14,932463;1,182539E+0;1,044459E+1;1,884484E-2;1,200697E+0;;
02/12/2021  12:47:14,932563;1,180399E+0;1,044459E+1;6,370719E-2;1,200928E+0;;
02/12/2021  12:47:14,932663;1,179770E+0;1,044459E+1;1,347400E-2;1,201107E+0;;
02/12/2021  12:47:14,932763;1,179106E+0;1,044459E+1;1,189434E-2;1,201236E+0;;
02/12/2021  12:47:14,932863;1,177982E+0;1,044459E+1;1,947671E-2;1,201313E+0;;
02/12/2021  12:47:14,932963;1,176563E+0;1,044459E+1;6,844617E-2;1,201340E+0;;
02/12/2021  12:47:14,933063;1,174865E+0;1,044459E+1;8,992954E-2;1,201317E+0;;
02/12/2021  12:47:14,933163;1,173538E+0;1,044459E+1;1,663332E-2;1,201242E+0;;
02/12/2021  12:47:14,933263;1,173080E+0;1,044459E+1;1,694925E-2;1,201118E+0;;
02/12/2021  12:47:14,933363;1,172513E+0;1,044459E+1;1,852891E-2;1,200944E+0;;
02/12/2021  12:47:14,933463;1,170662E+0;1,044459E+1;1,088855E-1;1,200720E+0;;
02/12/2021  12:47:14,933563;1,169241E+0;1,044459E+1;9,624818E-2;1,200448E+0;;
02/12/2021  12:47:14,933663;1,167521E+0;1,044459E+1;1,568552E-2;1,200128E+0;;
02/12/2021  12:47:14,933763;1,167348E+0;1,044459E+1;2,453162E-2;1,199760E+0;;
02/12/2021  12:47:14,933863;1,166043E+0;1,044459E+1;2,105637E-2;1,199346E+0;;
02/12/2021  12:47:14,933963;1,164356E+0;1,044459E+1;6,433905E-2;1,198886E+0;;
02/12/2021  12:47:14,934063;1,162294E+0;1,044459E+1;1,789705E-2;1,198381E+0;;
02/12/2021  12:47:14,934163;1,162365E+0;1,044459E+1;1,600145E-2;1,197832E+0;;
02/12/2021  12:47:14,934263;1,161516E+0;1,044459E+1;1,884484E-2;1,197240E+0;;
02/12/2021  12:47:14,934363;1,160029E+0;1,044459E+1;6,023194E-2;1,196606E+0;;
02/12/2021  12:47:14,934463;1,158318E+0;1,044459E+1;7,128955E-2;1,195932E+0;;
02/12/2021  12:47:14,934563;1,155940E+0;1,044459E+1;1,631739E-2;1,195217E+0;;
02/12/2021  12:47:14,934663;1,155028E+0;1,044459E+1;1,694925E-2;1,194465E+0;;
02/12/2021  12:47:14,934763;1,154354E+0;1,044459E+1;1,167838E-1;1,193675E+0;;
02/12/2021  12:47:14,934863;1,153159E+0;1,044459E+1;4,949025E-2;1,192848E+0;;
02/12/2021  12:47:14,934963;1,151133E+0;1,044459E+1;2,642721E-2;1,191986E+0;;
02/12/2021  12:47:14,935063;1,149327E+0;1,044459E+1;1,726518E-2;1,191090E+0;;
02/12/2021  12:47:14,935163;1,148209E+0;1,044459E+1;3,211399E-2;1,190161E+0;;
02/12/2021  12:47:14,935263;1,147124E+0;1,044459E+1;1,758111E-2;1,189200E+0;;
02/12/2021  12:47:14,935363;1,145837E+0;1,044459E+1;1,663332E-2;1,188208E+0;;
02/12/2021  12:47:14,935463;1,142844E+0;1,044459E+1;1,631739E-2;1,187187E+0;;
02/12/2021  12:47:14,935563;1,141289E+0;1,044459E+1;1,789705E-2;1,186136E+0;;
02/12/2021  12:47:14,935663;1,140710E+0;1,044459E+1;1,315807E-2;1,185058E+0;;
02/12/2021  12:47:14,935763;1,139563E+0;1,044459E+1;1,505366E-2;1,183953E+0;;
02/12/2021  12:47:14,935863;1,137733E+0;1,044459E+1;1,694925E-2;1,182822E+0;;
02/12/2021  12:47:14,935963;1,135391E+0;1,044459E+1;1,568552E-2;1,181665E+0;;
02/12/2021  12:47:14,936063;1,134395E+0;1,044459E+1;1,694925E-2;1,180485E+0;;
02/12/2021  12:47:14,936163;1,133599E+0;1,044459E+1;1,916077E-2;1,179281E+0;;
02/12/2021  12:47:14,936263;1,132488E+0;1,044459E+1;1,663332E-2;1,178055E+0;;
02/12/2021  12:47:14,936363;1,130890E+0;1,044459E+1;2,200416E-2;1,176808E+0;;
02/12/2021  12:47:14,936463;1,127958E+0;1,044459E+1;1,378993E-2;1,175541E+0;;
02/12/2021  12:47:14,936563;1,126345E+0;1,044459E+1;1,726518E-2;1,174255E+0;;
02/12/2021  12:47:14,936663;1,125961E+0;1,044459E+1;1,442179E-2;1,172950E+0;;
02/12/2021  12:47:14,936763;1,124703E+0;1,044459E+1;1,979264E-2;1,171627E+0;;
02/12/2021  12:47:14,936863;1,122560E+0;1,044459E+1;2,168823E-2;1,170288E+0;;
02/12/2021  12:47:14,936963;1,120865E+0;1,044459E+1;2,105637E-2;1,168932E+0;;
02/12/2021  12:47:14,937063;1,119905E+0;1,044459E+1;1,947671E-2;1,167562E+0;;
02/12/2021  12:47:14,937163;1,119464E+0;1,044459E+1;1,252620E-2;1,166177E+0;;
02/12/2021  12:47:14,937263;1,118299E+0;1,044459E+1;2,042450E-2;1,164779E+0;;
02/12/2021  12:47:14,937363;1,116719E+0;1,044459E+1;1,568552E-2;1,163369E+0;;
02/12/2021  12:47:14,937463;1,114749E+0;1,044459E+1;1,821298E-2;1,161947E+0;;
02/12/2021  12:47:14,937563;1,113971E+0;1,044459E+1;6,523495E-3;1,160515E+0;;
02/12/2021  12:47:14,937663;1,113393E+0;1,044459E+1;5,891631E-3;1,159074E+0;;
02/12/2021  12:47:14,937763;1,112976E+0;1,044459E+1;7,155359E-3;1,157624E+0;;
02/12/2021  12:47:14,937863;1,111116E+0;1,044459E+1;1,063061E-2;1,156168E+0;;
02/12/2021  12:47:14,937963;1,109909E+0;1,044459E+1;1,157841E-2;1,154705E+0;;
02/12/2021  12:47:14,938063;1,110007E+0;1,044459E+1;1,252620E-2;1,153238E+0;;
02/12/2021  12:47:14,938163;1,110037E+0;1,044459E+1;1,284213E-2;1,151767E+0;;
02/12/2021  12:47:14,938263;1,109033E+0;1,044459E+1;1,821298E-2;1,150293E+0;;
02/12/2021  12:47:14,938363;1,107787E+0;1,044459E+1;1,600145E-2;1,148820E+0;;
02/12/2021  12:47:14,938463;1,106216E+0;1,044459E+1;1,726518E-2;1,147346E+0;;
02/12/2021  12:47:14,938563;1,106517E+0;1,044459E+1;1,315807E-2;1,145875E+0;;
02/12/2021  12:47:14,938663;1,106261E+0;1,044459E+1;1,410586E-2;1,144407E+0;;
02/12/2021  12:47:14,938763;1,106291E+0;1,044459E+1;1,852891E-2;1,142944E+0;;
02/12/2021  12:47:14,938863;1,104694E+0;1,044459E+1;1,726518E-2;1,141488E+0;;
02/12/2021  12:47:14,938963;1,103430E+0;1,044459E+1;1,821298E-2;1,140039E+0;;
02/12/2021  12:47:14,939063;1,104610E+0;1,044459E+1;1,473773E-2;1,138599E+0;;
02/12/2021  12:47:14,939163;1,104738E+0;1,044459E+1;1,663332E-2;1,137170E+0;;
02/12/2021  12:47:14,939263;1,105021E+0;1,044459E+1;1,789705E-2;1,135753E+0;;
02/12/2021  12:47:14,939363;1,103391E+0;1,044459E+1;1,726518E-2;1,134349E+0;;
02/12/2021  12:47:14,939463;1,102733E+0;1,044459E+1;1,821298E-2;1,132961E+0;;
02/12/2021  12:47:14,939563;1,103466E+0;1,044459E+1;1,821298E-2;1,131590E+0;;
02/12/2021  12:47:14,939663;1,103758E+0;1,044459E+1;1,821298E-2;1,130237E+0;;
02/12/2021  12:47:14,939763;1,103880E+0;1,044459E+1;1,758111E-2;1,128904E+0;;
02/12/2021  12:47:14,939863;1,103424E+0;1,044459E+1;1,789705E-2;1,127592E+0;;
02/12/2021  12:47:14,939963;1,103093E+0;1,044459E+1;1,758111E-2;1,126303E+0;;
02/12/2021  12:47:14,940063;1,103677E+0;1,044459E+1;1,631739E-2;1,125038E+0;;
02/12/2021  12:47:14,940163;1,104109E+0;1,044459E+1;1,821298E-2;1,123798E+0;;
02/12/2021  12:47:14,940263;1,104202E+0;1,044459E+1;1,852891E-2;1,122586E+0;;
02/12/2021  12:47:14,940363;1,103841E+0;1,044459E+1;1,852891E-2;1,121401E+0;;
02/12/2021  12:47:14,940463;1,103662E+0;1,044459E+1;1,505366E-2;1,120246E+0;;
02/12/2021  12:47:14,940563;1,104080E+0;1,044459E+1;2,074043E-2;1,119121E+0;;
02/12/2021  12:47:14,940663;1,104843E+0;1,044459E+1;1,758111E-2;1,118029E+0;;
02/12/2021  12:47:14,940763;1,104589E+0;1,044459E+1;1,852891E-2;1,116969E+0;;
02/12/2021  12:47:14,940863;1,103740E+0;1,044459E+1;1,789705E-2;1,115942E+0;;
02/12/2021  12:47:14,940963;1,103966E+0;1,044459E+1;1,758111E-2;1,114950E+0;;
02/12/2021  12:47:14,941063;1,104911E+0;1,044459E+1;1,821298E-2;1,113994E+0;;
02/12/2021  12:47:14,941163;1,105403E+0;1,044459E+1;1,884484E-2;1,113073E+0;;
02/12/2021  12:47:14,941263;1,105051E+0;1,044459E+1;1,852891E-2;1,112188E+0;;
02/12/2021  12:47:14,941363;1,104092E+0;1,044459E+1;1,663332E-2;1,111340E+0;;
02/12/2021  12:47:14,941463;1,104375E+0;1,044459E+1;1,631739E-2;1,110530E+0;;
02/12/2021  12:47:14,941563;1,105278E+0;1,044459E+1;1,758111E-2;1,109756E+0;;
02/12/2021  12:47:14,941663;1,105346E+0;1,044459E+1;1,852891E-2;1,109020E+0;;
02/12/2021  12:47:14,941763;1,105117E+0;1,044459E+1;1,694925E-2;1,108322E+0;;
02/12/2021  12:47:14,941863;1,104780E+0;1,044459E+1;1,758111E-2;1,107661E+0;;
02/12/2021  12:47:14,941963;1,104986E+0;1,044459E+1;1,884484E-2;1,107037E+0;;
02/12/2021  12:47:14,942063;1,106398E+0;1,044459E+1;1,758111E-2;1,106449E+0;;
02/12/2021  12:47:14,942163;1,106810E+0;1,044459E+1;1,600145E-2;1,105899E+0;;
02/12/2021  12:47:14,942263;1,107096E+0;1,044459E+1;1,821298E-2;1,105385E+0;;
02/12/2021  12:47:14,942363;1,106342E+0;1,044459E+1;1,347400E-2;1,104907E+0;;
02/12/2021  12:47:14,942463;1,107307E+0;1,044459E+1;1,789705E-2;1,104465E+0;;
02/12/2021  12:47:14,942563;1,108133E+0;1,044459E+1;2,074043E-2;1,104059E+0;;
02/12/2021  12:47:14,942663;1,109268E+0;1,044459E+1;1,694925E-2;1,103687E+0;;
02/12/2021  12:47:14,942763;1,109373E+0;1,044459E+1;1,221027E-2;1,103351E+0;;
02/12/2021  12:47:14,942863;1,109700E+0;1,044459E+1;1,031468E-2;1,103049E+0;;
02/12/2021  12:47:14,942963;1,110827E+0;1,044459E+1;1,126247E-2;1,102781E+0;;
02/12/2021  12:47:14,943063;1,112171E+0;1,044459E+1;1,631739E-2;1,102547E+0;;
02/12/2021  12:47:14,943163;1,113202E+0;1,044459E+1;1,157841E-2;1,102347E+0;;
02/12/2021  12:47:14,943263;1,113009E+0;1,044459E+1;3,996039E-3;1,102181E+0;;
02/12/2021  12:47:14,943363;1,113149E+0;1,044459E+1;6,839427E-3;1,102047E+0;;
02/12/2021  12:47:14,943463;1,114111E+0;1,044459E+1;1,221027E-2;1,101947E+0;;
02/12/2021  12:47:14,943563;1,115274E+0;1,044459E+1;1,378993E-2;1,101879E+0;;
02/12/2021  12:47:14,943663;1,115560E+0;1,044459E+1;3,996039E-3;1,101844E+0;;
02/12/2021  12:47:14,943763;1,116022E+0;1,044459E+1;3,680107E-3;1,101840E+0;;
02/12/2021  12:47:14,943863;1,115837E+0;1,044459E+1;3,680107E-3;1,101867E+0;;
02/12/2021  12:47:14,943963;1,117044E+0;1,044459E+1;3,364175E-3;1,101925E+0;;
02/12/2021  12:47:14,944063;1,118337E+0;1,044459E+1;3,680107E-3;1,102014E+0;;
02/12/2021  12:47:14,944163;1,118695E+0;1,044459E+1;3,680107E-3;1,102131E+0;;
02/12/2021  12:47:14,944263;1,118641E+0;1,044459E+1;3,680107E-3;1,102278E+0;;
02/12/2021  12:47:14,944363;1,119175E+0;1,044459E+1;3,364175E-3;1,102453E+0;;
02/12/2021  12:47:14,944463;1,120903E+0;1,044459E+1;2,732311E-3;1,102655E+0;;
02/12/2021  12:47:14,944563;1,121613E+0;1,044459E+1;3,680107E-3;1,102885E+0;;
02/12/2021  12:47:14,944663;1,123043E+0;1,044459E+1;3,996039E-3;1,103140E+0;;
02/12/2021  12:47:14,944763;1,124313E+0;1,044459E+1;3,680107E-3;1,103422E+0;;
02/12/2021  12:47:14,944863;1,124465E+0;1,044459E+1;4,627903E-3;1,103729E+0;;
02/12/2021  12:47:14,944963;1,127025E+0;1,044459E+1;3,364175E-3;1,104061E+0;;
02/12/2021  12:47:14,945063;1,128867E+0;1,044459E+1;4,311971E-3;1,104417E+0;;
02/12/2021  12:47:14,945163;1,129966E+0;1,044459E+1;3,364175E-3;1,104799E+0;;
02/12/2021  12:47:14,945263;1,130554E+0;1,044459E+1;3,996039E-3;1,105205E+0;;
02/12/2021  12:47:14,945363;1,132184E+0;1,044459E+1;3,364175E-3;1,105635E+0;;
02/12/2021  12:47:14,945463;1,133665E+0;1,044459E+1;3,680107E-3;1,106091E+0;;
02/12/2021  12:47:14,945563;1,134792E+0;1,044459E+1;3,680107E-3;1,106570E+0;;
02/12/2021  12:47:14,945663;1,135704E+0;1,044459E+1;4,943835E-3;1,107075E+0;;
02/12/2021  12:47:14,945763;1,136464E+0;1,044459E+1;3,996039E-3;1,107604E+0;;
02/12/2021  12:47:14,945863;1,136994E+0;1,044459E+1;3,680107E-3;1,108158E+0;;
02/12/2021  12:47:14,945963;1,139086E+0;1,044459E+1;3,680107E-3;1,108735E+0;;
02/12/2021  12:47:14,946063;1,140290E+0;1,044459E+1;4,311971E-3;1,109337E+0;;
02/12/2021  12:47:14,946163;1,140755E+0;1,044459E+1;3,364175E-3;1,109963E+0;;
02/12/2021  12:47:14,946263;1,140448E+0;1,044459E+1;3,996039E-3;1,110612E+0;;
02/12/2021  12:47:14,946363;1,141572E+0;1,044459E+1;3,364175E-3;1,111284E+0;;
02/12/2021  12:47:14,946463;1,143285E+0;1,044459E+1;9,998747E-3;1,111979E+0;;
02/12/2021  12:47:14,946563;1,143676E+0;1,044459E+1;8,103155E-3;1,112695E+0;;
02/12/2021  12:47:14,946663;1,145196E+0;1,044459E+1;1,347400E-2;1,113432E+0;;
02/12/2021  12:47:14,946763;1,145396E+0;1,044459E+1;7,155359E-3;1,114190E+0;;
02/12/2021  12:47:14,946863;1,146483E+0;1,044459E+1;1,631739E-2;1,114968E+0;;
02/12/2021  12:47:14,946963;1,148227E+0;1,044459E+1;1,568552E-2;1,115764E+0;;
02/12/2021  12:47:14,947063;1,149511E+0;1,044459E+1;1,663332E-2;1,116579E+0;;
02/12/2021  12:47:14,947163;1,149738E+0;1,044459E+1;1,758111E-2;1,117411E+0;;
02/12/2021  12:47:14,947263;1,150033E+0;1,044459E+1;1,821298E-2;1,118261E+0;;
02/12/2021  12:47:14,947363;1,150918E+0;1,044459E+1;1,821298E-2;1,119127E+0;;
02/12/2021  12:47:14,947463;1,152578E+0;1,044459E+1;1,568552E-2;1,120008E+0;;
02/12/2021  12:47:14,947563;1,153049E+0;1,044459E+1;1,600145E-2;1,120903E+0;;
02/12/2021  12:47:14,947663;1,152775E+0;1,044459E+1;1,315807E-2;1,121812E+0;;
02/12/2021  12:47:14,947763;1,152572E+0;1,044459E+1;1,726518E-2;1,122734E+0;;
02/12/2021  12:47:14,947863;1,153466E+0;1,044459E+1;9,682815E-3;1,123667E+0;;
02/12/2021  12:47:14,947963;1,154253E+0;1,044459E+1;1,663332E-2;1,124610E+0;;
02/12/2021  12:47:14,948063;1,154065E+0;1,044459E+1;1,473773E-2;1,125562E+0;;
02/12/2021  12:47:14,948163;1,154369E+0;1,044459E+1;1,663332E-2;1,126521E+0;;
02/12/2021  12:47:14,948263;1,153469E+0;1,044459E+1;1,821298E-2;1,127486E+0;;
02/12/2021  12:47:14,948363;1,154107E+0;1,044459E+1;1,663332E-2;1,128456E+0;;
02/12/2021  12:47:14,948463;1,155138E+0;1,044459E+1;1,600145E-2;1,129428E+0;;
02/12/2021  12:47:14,948563;1,154932E+0;1,044459E+1;1,789705E-2;1,130402E+0;;
02/12/2021  12:47:14,948663;1,154775E+0;1,044459E+1;2,010857E-2;1,131376E+0;;
02/12/2021  12:47:14,948763;1,154971E+0;1,044459E+1;1,726518E-2;1,132347E+0;;
02/12/2021  12:47:14,948863;1,156139E+0;1,044459E+1;1,600145E-2;1,133315E+0;;
02/12/2021  12:47:14,948963;1,157105E+0;1,044459E+1;1,726518E-2;1,134278E+0;;
02/12/2021  12:47:14,949063;1,157251E+0;1,044459E+1;1,758111E-2;1,135235E+0;;
02/12/2021  12:47:14,949163;1,157406E+0;1,044459E+1;1,473773E-2;1,136184E+0;;
02/12/2021  12:47:14,949263;1,156935E+0;1,044459E+1;1,442179E-2;1,137125E+0;;
02/12/2021  12:47:14,949363;1,158881E+0;1,044459E+1;1,600145E-2;1,138056E+0;;
02/12/2021  12:47:14,949463;1,159296E+0;1,044459E+1;1,600145E-2;1,138977E+0;;
02/12/2021  12:47:14,949563;1,159311E+0;1,044459E+1;1,631739E-2;1,139886E+0;;
02/12/2021  12:47:14,949663;1,158950E+0;1,044459E+1;1,631739E-2;1,140783E+0;;
02/12/2021  12:47:14,949763;1,160395E+0;1,044459E+1;1,600145E-2;1,141667E+0;;
02/12/2021  12:47:14,949863;1,161123E+0;1,044459E+1;1,789705E-2;1,142537E+0;;
02/12/2021  12:47:14,949963;1,162315E+0;1,044459E+1;1,600145E-2;1,143392E+0;;
02/12/2021  12:47:14,950063;1,162276E+0;1,044459E+1;1,852891E-2;1,144233E+0;;
02/12/2021  12:47:14,950163;1,162255E+0;1,044459E+1;1,758111E-2;1,145060E+0;;
02/12/2021  12:47:14,950263;1,162088E+0;1,044459E+1;1,852891E-2;1,145871E+0;;
02/12/2021  12:47:14,950363;1,163006E+0;1,044459E+1;2,010857E-2;1,146667E+0;;
02/12/2021  12:47:14,950463;1,163507E+0;1,044459E+1;2,010857E-2;1,147448E+0;;
02/12/2021  12:47:14,950563;1,164145E+0;1,044459E+1;2,074043E-2;1,148212E+0;;
02/12/2021  12:47:14,950663;1,164219E+0;1,044459E+1;1,694925E-2;1,148961E+0;;
02/12/2021  12:47:14,950763;1,165366E+0;1,044459E+1;1,758111E-2;1,149693E+0;;
02/12/2021  12:47:14,950863;1,166770E+0;1,044459E+1;1,315807E-2;1,150410E+0;;
02/12/2021  12:47:14,950963;1,167903E+0;1,044459E+1;1,347400E-2;1,151111E+0;;
02/12/2021  12:47:14,951063;1,168099E+0;1,044459E+1;1,347400E-2;1,151797E+0;;
02/12/2021  12:47:14,951163;1,167983E+0;1,044459E+1;9,998747E-3;1,152469E+0;;
02/12/2021  12:47:14,951263;1,169303E+0;1,044459E+1;8,735019E-3;1,153126E+0;;
02/12/2021  12:47:14,951363;1,171345E+0;1,044459E+1;1,189434E-2;1,153770E+0;;
02/12/2021  12:47:14,951463;1,172030E+0;1,044459E+1;1,284213E-2;1,154401E+0;;
02/12/2021  12:47:14,951563;1,172400E+0;1,044459E+1;1,505366E-2;1,155020E+0;;
02/12/2021  12:47:14,951663;1,172796E+0;1,044459E+1;1,631739E-2;1,155628E+0;;
02/12/2021  12:47:14,951763;1,173977E+0;1,044459E+1;8,735019E-3;1,156226E+0;;
02/12/2021  12:47:14,951863;1,175246E+0;1,044459E+1;1,694925E-2;1,156815E+0;;
02/12/2021  12:47:14,951963;1,174948E+0;1,044459E+1;1,568552E-2;1,157395E+0;;
02/12/2021  12:47:14,952063;1,175577E+0;1,044459E+1;1,789705E-2;1,157967E+0;;
02/12/2021  12:47:14,952163;1,175142E+0;1,044459E+1;1,789705E-2;1,158533E+0;;
02/12/2021  12:47:14,952263;1,175804E+0;1,044459E+1;1,821298E-2;1,159093E+0;;
02/12/2021  12:47:14,952363;1,176608E+0;1,044459E+1;1,663332E-2;1,159646E+0;;
02/12/2021  12:47:14,952463;1,176736E+0;1,044459E+1;1,821298E-2;1,160195E+0;;
02/12/2021  12:47:14,952563;1,176760E+0;1,044459E+1;1,319485E-1;1,160739E+0;;
02/12/2021  12:47:14,952663;1,177088E+0;1,044459E+1;7,413294E-2;1,161278E+0;;
02/12/2021  12:47:14,952763;1,177708E+0;1,044459E+1;1,694925E-2;1,161813E+0;;
02/12/2021  12:47:14,952863;1,178450E+0;1,044459E+1;2,074043E-2;1,162344E+0;;
02/12/2021  12:47:14,952963;1,178975E+0;1,044459E+1;1,095173E-1;1,162872E+0;;
02/12/2021  12:47:14,953063;1,178578E+0;1,044459E+1;4,759465E-2;1,163396E+0;;
02/12/2021  12:47:14,953163;1,178453E+0;1,044459E+1;5,612482E-2;1,163916E+0;;
02/12/2021  12:47:14,953263;1,179904E+0;1,044459E+1;2,263603E-2;1,164434E+0;;
02/12/2021  12:47:14,953363;1,180772E+0;1,044459E+1;1,758111E-2;1,164948E+0;;
02/12/2021  12:47:14,953463;1,180837E+0;1,044459E+1;1,167838E-1;1,165459E+0;;
02/12/2021  12:47:14,953563;1,180930E+0;1,044459E+1;1,038306E-1;1,165967E+0;;
02/12/2021  12:47:14,953663;1,181272E+0;1,044459E+1;1,821298E-2;1,166473E+0;;
02/12/2021  12:47:14,953763;1,182393E+0;1,044459E+1;2,042450E-2;1,166975E+0;;
02/12/2021  12:47:14,953863;1,182560E+0;1,044459E+1;1,821298E-2;1,167476E+0;;
02/12/2021  12:47:14,953963;1,182795E+0;1,044459E+1;1,884484E-2;1,167974E+0;;
02/12/2021  12:47:14,954063;1,182435E+0;1,044459E+1;5,675668E-2;1,168469E+0;;
02/12/2021  12:47:14,954163;1,182992E+0;1,044459E+1;1,726518E-2;1,168962E+0;;
02/12/2021  12:47:14,954263;1,182956E+0;1,044459E+1;1,726518E-2;1,169453E+0;;
02/12/2021  12:47:14,954363;1,183400E+0;1,044459E+1;1,694925E-2;1,169941E+0;;
02/12/2021  12:47:14,954463;1,183552E+0;1,044459E+1;2,042450E-2;1,170426E+0;;
02/12/2021  12:47:14,954563;1,182643E+0;1,044459E+1;1,821298E-2;1,170908E+0;;
02/12/2021  12:47:14,954663;1,183427E+0;1,044459E+1;2,010857E-2;1,171387E+0;;
02/12/2021  12:47:14,954763;1,184679E+0;1,044459E+1;1,726518E-2;1,171862E+0;;
02/12/2021  12:47:14,954863;1,184732E+0;1,044459E+1;1,821298E-2;1,172333E+0;;
02/12/2021  12:47:14,954963;1,185135E+0;1,044459E+1;1,821298E-2;1,172800E+0;;
02/12/2021  12:47:14,955063;1,184986E+0;1,044459E+1;1,315807E-2;1,173264E+0;;
02/12/2021  12:47:14,955163;1,185150E+0;1,044459E+1;2,295715E-1;1,173722E+0;;
02/12/2021  12:47:14,955263;1,186139E+0;1,044459E+1;2,642721E-2;1,174177E+0;;
02/12/2021  12:47:14,955363;1,186202E+0;1,044459E+1;2,042450E-2;1,174627E+0;;
02/12/2021  12:47:14,955463;1,186750E+0;1,044459E+1;1,694925E-2;1,175072E+0;;
02/12/2021  12:47:14,955563;1,185859E+0;1,044459E+1;1,442179E-2;1,175513E+0;;
02/12/2021  12:47:14,955663;1,186738E+0;1,044459E+1;1,789705E-2;1,175949E+0;;
02/12/2021  12:47:14,955763;1,188324E+0;1,044459E+1;1,473773E-2;1,176380E+0;;
02/12/2021  12:47:14,955863;1,187749E+0;1,044459E+1;1,694925E-2;1,176805E+0;;
02/12/2021  12:47:14,955963;1,187394E+0;1,044459E+1;1,663332E-2;1,177226E+0;;
02/12/2021  12:47:14,956063;1,187066E+0;1,044459E+1;1,852891E-2;1,177642E+0;;
02/12/2021  12:47:14,956163;1,187263E+0;1,044459E+1;1,378993E-2;1,178053E+0;;
02/12/2021  12:47:14,956263;1,186848E+0;1,044459E+1;1,284213E-2;1,178458E+0;;
02/12/2021  12:47:14,956363;1,187170E+0;1,044459E+1;1,789705E-2;1,178858E+0;;
02/12/2021  12:47:14,956463;1,187179E+0;1,044459E+1;1,821298E-2;1,179251E+0;;
02/12/2021  12:47:14,956563;1,186065E+0;1,044459E+1;1,663332E-2;1,179638E+0;;
02/12/2021  12:47:14,956663;1,186786E+0;1,044459E+1;1,694925E-2;1,180018E+0;;
02/12/2021  12:47:14,956763;1,186986E+0;1,044459E+1;1,821298E-2;1,180391E+0;;
02/12/2021  12:47:14,956863;1,186583E+0;1,044459E+1;1,410586E-2;1,180756E+0;;
02/12/2021  12:47:14,956963;1,185636E+0;1,044459E+1;1,916077E-2;1,181114E+0;;
02/12/2021  12:47:14,957063;1,185343E+0;1,044459E+1;1,789705E-2;1,181462E+0;;
02/12/2021  12:47:14,957163;1,185382E+0;1,044459E+1;1,663332E-2;1,181802E+0;;
02/12/2021  12:47:14,957263;1,185644E+0;1,044459E+1;1,094654E-2;1,182131E+0;;
02/12/2021  12:47:14,957363;1,185114E+0;1,044459E+1;1,631739E-2;1,182451E+0;;
02/12/2021  12:47:14,957463;1,184923E+0;1,044459E+1;1,600145E-2;1,182760E+0;;
02/12/2021  12:47:14,957563;1,184160E+0;1,044459E+1;1,378993E-2;1,183058E+0;;
02/12/2021  12:47:14,957663;1,184753E+0;1,044459E+1;1,536959E-2;1,183344E+0;;
02/12/2021  12:47:14,957763;1,185516E+0;1,044459E+1;1,631739E-2;1,183619E+0;;
02/12/2021  12:47:14,957863;1,184870E+0;1,044459E+1;1,600145E-2;1,183880E+0;;
02/12/2021  12:47:14,957963;1,184136E+0;1,044459E+1;1,789705E-2;1,184130E+0;;
02/12/2021  12:47:14,958063;1,183183E+0;1,044459E+1;1,726518E-2;1,184367E+0;;
02/12/2021  12:47:14,958163;1,183546E+0;1,044459E+1;1,284213E-2;1,184590E+0;;
02/12/2021  12:47:14,958263;1,183588E+0;1,044459E+1;1,600145E-2;1,184800E+0;;
02/12/2021  12:47:14,958363;1,183281E+0;1,044459E+1;1,758111E-2;1,184997E+0;;
02/12/2021  12:47:14,958463;1,182557E+0;1,044459E+1;1,505366E-2;1,185179E+0;;
02/12/2021  12:47:14,958563;1,181964E+0;1,044459E+1;1,726518E-2;1,185348E+0;;
02/12/2021  12:47:14,958663;1,181854E+0;1,044459E+1;1,852891E-2;1,185502E+0;;
02/12/2021  12:47:14,958763;1,181824E+0;1,044459E+1;1,726518E-2;1,185641E+0;;
02/12/2021  12:47:14,958863;1,181341E+0;1,044459E+1;1,600145E-2;1,185766E+0;;
02/12/2021  12:47:14,958963;1,179621E+0;1,044459E+1;1,758111E-2;1,185875E+0;;
02/12/2021  12:47:14,959063;1,178954E+0;1,044459E+1;1,947671E-2;1,185970E+0;;
02/12/2021  12:47:14,959163;1,178674E+0;1,044459E+1;1,726518E-2;1,186048E+0;;
02/12/2021  12:47:14,959263;1,177830E+0;1,044459E+1;1,916077E-2;1,186111E+0;;
02/12/2021  12:47:14,959363;1,177148E+0;1,044459E+1;2,042450E-2;1,186157E+0;;
02/12/2021  12:47:14,959463;1,176116E+0;1,044459E+1;1,473773E-2;1,186186E+0;;
02/12/2021  12:47:14,959563;1,174537E+0;1,044459E+1;1,884484E-2;1,186197E+0;;
02/12/2021  12:47:14,959663;1,173741E+0;1,044459E+1;1,758111E-2;1,186191E+0;;
02/12/2021  12:47:14,959763;1,172874E+0;1,044459E+1;1,505366E-2;1,186166E+0;;
02/12/2021  12:47:14,959863;1,172293E+0;1,044459E+1;1,694925E-2;1,186122E+0;;
02/12/2021  12:47:14,959963;1,170513E+0;1,044459E+1;1,884484E-2;1,186058E+0;;
02/12/2021  12:47:14,960063;1,169581E+0;1,044459E+1;2,042450E-2;1,185974E+0;;
02/12/2021  12:47:14,960163;1,168836E+0;1,044459E+1;1,694925E-2;1,185868E+0;;
02/12/2021  12:47:14,960263;1,168445E+0;1,044459E+1;1,884484E-2;1,185741E+0;;
02/12/2021  12:47:14,960363;1,167331E+0;1,044459E+1;1,916077E-2;1,185592E+0;;
02/12/2021  12:47:14,960463;1,165575E+0;1,044459E+1;1,884484E-2;1,185420E+0;;
02/12/2021  12:47:14,960563;1,165161E+0;1,044459E+1;1,694925E-2;1,185225E+0;;
02/12/2021  12:47:14,960663;1,164997E+0;1,044459E+1;1,916077E-2;1,185007E+0;;
02/12/2021  12:47:14,960763;1,164726E+0;1,044459E+1;1,916077E-2;1,184764E+0;;
02/12/2021  12:47:14,960863;1,163715E+0;1,044459E+1;1,821298E-2;1,184498E+0;;
02/12/2021  12:47:14,960963;1,162625E+0;1,044459E+1;1,758111E-2;1,184208E+0;;
02/12/2021  12:47:14,961063;1,161778E+0;1,044459E+1;1,789705E-2;1,183894E+0;;
02/12/2021  12:47:14,961163;1,161695E+0;1,044459E+1;1,758111E-2;1,183556E+0;;
02/12/2021  12:47:14,961263;1,161647E+0;1,044459E+1;1,758111E-2;1,183195E+0;;
02/12/2021  12:47:14,961363;1,160619E+0;1,044459E+1;1,789705E-2;1,182811E+0;;
02/12/2021  12:47:14,961463;1,159728E+0;1,044459E+1;1,473773E-2;1,182404E+0;;
02/12/2021  12:47:14,961563;1,159623E+0;1,044459E+1;1,758111E-2;1,181974E+0;;
02/12/2021  12:47:14,961663;1,159573E+0;1,044459E+1;1,568552E-2;1,181523E+0;;
02/12/2021  12:47:14,961763;1,158869E+0;1,044459E+1;1,726518E-2;1,181051E+0;;
02/12/2021  12:47:14,961863;1,157659E+0;1,044459E+1;2,579535E-2;1,180559E+0;;
02/12/2021  12:47:14,961963;1,156286E+0;1,044459E+1;2,105637E-2;1,180048E+0;;
02/12/2021  12:47:14,962063;1,156286E+0;1,044459E+1;1,916077E-2;1,179518E+0;;
02/12/2021  12:47:14,962163;1,156262E+0;1,044459E+1;1,694925E-2;1,178970E+0;;
02/12/2021  12:47:14,962263;1,155448E+0;1,044459E+1;1,663332E-2;1,178404E+0;;
02/12/2021  12:47:14,962363;1,155225E+0;1,044459E+1;1,284213E-2;1,177823E+0;;
02/12/2021  12:47:14,962463;1,154015E+0;1,044459E+1;1,663332E-2;1,177226E+0;;
02/12/2021  12:47:14,962563;1,154089E+0;1,044459E+1;1,758111E-2;1,176615E+0;;
02/12/2021  12:47:14,962663;1,153788E+0;1,044459E+1;1,473773E-2;1,175990E+0;;
02/12/2021  12:47:14,962763;1,153150E+0;1,044459E+1;1,505366E-2;1,175352E+0;;
02/12/2021  12:47:14,962863;1,152101E+0;1,044459E+1;5,259767E-3;1,174703E+0;;
02/12/2021  12:47:14,962963;1,151377E+0;1,044459E+1;5,575699E-3;1,174044E+0;;
02/12/2021  12:47:14,963063;1,151821E+0;1,044459E+1;3,680107E-3;1,173375E+0;;
02/12/2021  12:47:14,963163;1,150963E+0;1,044459E+1;1,378993E-2;1,172697E+0;;
02/12/2021  12:47:14,963263;1,149890E+0;1,044459E+1;3,680107E-3;1,172011E+0;;
02/12/2021  12:47:14,963363;1,148781E+0;1,044459E+1;1,221027E-2;1,171319E+0;;
02/12/2021  12:47:14,963463;1,148277E+0;1,044459E+1;4,311971E-3;1,170620E+0;;
02/12/2021  12:47:14,963563;1,148283E+0;1,044459E+1;1,094654E-2;1,169916E+0;;
02/12/2021  12:47:14,963663;1,147610E+0;1,044459E+1;3,048243E-3;1,169208E+0;;
02/12/2021  12:47:14,963763;1,146564E+0;1,044459E+1;4,311971E-3;1,168495E+0;;
02/12/2021  12:47:14,963863;1,145297E+0;1,044459E+1;4,311971E-3;1,167779E+0;;
02/12/2021  12:47:14,963963;1,144606E+0;1,044459E+1;3,996039E-3;1,167061E+0;;
02/12/2021  12:47:14,964063;1,144227E+0;1,044459E+1;4,311971E-3;1,166340E+0;;
02/12/2021  12:47:14,964163;1,143932E+0;1,044459E+1;4,627903E-3;1,165617E+0;;
02/12/2021  12:47:14,964263;1,142955E+0;1,044459E+1;4,627903E-3;1,164893E+0;;
02/12/2021  12:47:14,964363;1,142543E+0;1,044459E+1;4,943835E-3;1,164168E+0;;
02/12/2021  12:47:14,964463;1,142609E+0;1,044459E+1;3,680107E-3;1,163442E+0;;
02/12/2021  12:47:14,964563;1,143116E+0;1,044459E+1;3,996039E-3;1,162716E+0;;
02/12/2021  12:47:14,964663;1,142791E+0;1,044459E+1;3,048243E-3;1,161992E+0;;
02/12/2021  12:47:14,964763;1,142281E+0;1,044459E+1;3,680107E-3;1,161268E+0;;
02/12/2021  12:47:14,964863;1,141476E+0;1,044459E+1;3,680107E-3;1,160547E+0;;
02/12/2021  12:47:14,964963;1,141602E+0;1,044459E+1;3,680107E-3;1,159828E+0;;
02/12/2021  12:47:14,965063;1,142233E+0;1,044459E+1;3,680107E-3;1,159113E+0;;
02/12/2021  12:47:14,965163;1,142198E+0;1,044459E+1;3,680107E-3;1,158402E+0;;
02/12/2021  12:47:14,965263;1,141572E+0;1,044459E+1;3,680107E-3;1,157697E+0;;
02/12/2021  12:47:14,965363;1,141810E+0;1,044459E+1;3,680107E-3;1,156997E+0;;
02/12/2021  12:47:14,965463;1,141816E+0;1,044459E+1;3,680107E-3;1,156305E+0;;
02/12/2021  12:47:14,965563;1,141780E+0;1,044459E+1;3,996039E-3;1,155620E+0;;
02/12/2021  12:47:14,965663;1,142758E+0;1,044459E+1;6,523495E-3;1,154944E+0;;
02/12/2021  12:47:14,965763;1,141548E+0;1,044459E+1;3,680107E-3;1,154277E+0;;
02/12/2021  12:47:14,965863;1,140782E+0;1,044459E+1;3,680107E-3;1,153621E+0;;
02/12/2021  12:47:14,965963;1,141000E+0;1,044459E+1;3,364175E-3;1,152976E+0;;
02/12/2021  12:47:14,966063;1,141536E+0;1,044459E+1;3,364175E-3;1,152342E+0;;
02/12/2021  12:47:14,966163;1,141396E+0;1,044459E+1;3,680107E-3;1,151721E+0;;
02/12/2021  12:47:14,966263;1,140594E+0;1,044459E+1;3,364175E-3;1,151113E+0;;
02/12/2021  12:47:14,966363;1,141315E+0;1,044459E+1;3,048243E-3;1,150519E+0;;
02/12/2021  12:47:14,966463;1,141765E+0;1,044459E+1;5,891631E-3;1,149939E+0;;
02/12/2021  12:47:14,966563;1,142457E+0;1,044459E+1;7,787223E-3;1,149373E+0;;
02/12/2021  12:47:14,966663;1,143050E+0;1,044459E+1;9,682815E-3;1,148823E+0;;
02/12/2021  12:47:14,966763;1,143336E+0;1,044459E+1;3,680107E-3;1,148290E+0;;
02/12/2021  12:47:14,966863;1,144042E+0;1,044459E+1;5,259767E-3;1,147773E+0;;
02/12/2021  12:47:14,966963;1,146051E+0;1,044459E+1;1,473773E-2;1,147274E+0;;
02/12/2021  12:47:14,967063;1,146695E+0;1,044459E+1;1,442179E-2;1,146794E+0;;
02/12/2021  12:47:14,967163;1,147863E+0;1,044459E+1;1,726518E-2;1,146334E+0;;
02/12/2021  12:47:14,967263;1,148763E+0;1,044459E+1;1,505366E-2;1,145895E+0;;
02/12/2021  12:47:14,967363;1,150060E+0;1,044459E+1;1,663332E-2;1,145479E+0;;
02/12/2021  12:47:14,967463;1,152596E+0;1,044459E+1;1,505366E-2;1,145086E+0;;
02/12/2021  12:47:14,967563;1,153761E+0;1,044459E+1;1,663332E-2;1,144719E+0;;
02/12/2021  12:47:14,967663;1,154736E+0;1,044459E+1;1,631739E-2;1,144379E+0;;
02/12/2021  12:47:14,967763;1,155198E+0;1,044459E+1;1,852891E-2;1,144068E+0;;
02/12/2021  12:47:14,967863;1,155770E+0;1,044459E+1;1,663332E-2;1,143786E+0;;
02/12/2021  12:47:14,967963;1,157791E+0;1,044459E+1;1,631739E-2;1,143536E+0;;
02/12/2021  12:47:14,968063;1,159185E+0;1,044459E+1;1,505366E-2;1,143319E+0;;
02/12/2021  12:47:14,968163;1,160354E+0;1,044459E+1;1,979264E-2;1,143135E+0;;
02/12/2021  12:47:14,968263;1,161343E+0;1,044459E+1;1,631739E-2;1,142986E+0;;
02/12/2021  12:47:14,968363;1,162604E+0;1,044459E+1;1,600145E-2;1,142873E+0;;
02/12/2021  12:47:14,968463;1,165298E+0;1,044459E+1;1,726518E-2;1,142797E+0;;
02/12/2021  12:47:14,968563;1,166663E+0;1,044459E+1;1,694925E-2;1,142760E+0;;
02/12/2021  12:47:14,968663;1,168478E+0;1,044459E+1;1,694925E-2;1,142762E+0;;
02/12/2021  12:47:14,968763;1,169014E+0;1,044459E+1;1,347400E-2;1,142805E+0;;
02/12/2021  12:47:14,968863;1,170466E+0;1,044459E+1;1,600145E-2;1,142889E+0;;
02/12/2021  12:47:14,968963;1,172770E+0;1,044459E+1;1,884484E-2;1,143015E+0;;
02/12/2021  12:47:14,969063;1,174272E+0;1,044459E+1;1,789705E-2;1,143184E+0;;
02/12/2021  12:47:14,969163;1,175762E+0;1,044459E+1;1,884484E-2;1,143397E+0;;
02/12/2021  12:47:14,969263;1,176888E+0;1,044459E+1;1,694925E-2;1,143655E+0;;
02/12/2021  12:47:14,969363;1,179621E+0;1,044459E+1;1,347400E-2;1,143957E+0;;
02/12/2021  12:47:14,969463;1,180694E+0;1,044459E+1;1,852891E-2;1,144305E+0;;
02/12/2021  12:47:14,969563;1,182655E+0;1,044459E+1;1,789705E-2;1,144698E+0;;
02/12/2021  12:47:14,969663;1,183350E+0;1,044459E+1;1,821298E-2;1,145138E+0;;
02/12/2021  12:47:14,969763;1,183531E+0;1,044459E+1;1,726518E-2;1,145624E+0;;
02/12/2021  12:47:14,969863;1,185180E+0;1,044459E+1;1,852891E-2;1,146156E+0;;
02/12/2021  12:47:14,969963;1,185925E+0;1,044459E+1;1,852891E-2;1,146734E+0;;
02/12/2021  12:47:14,970063;1,186962E+0;1,044459E+1;1,789705E-2;1,147357E+0;;
02/12/2021  12:47:14,970163;1,187224E+0;1,044459E+1;1,789705E-2;1,148024E+0;;
02/12/2021  12:47:14,970263;1,188494E+0;1,044459E+1;1,600145E-2;1,148735E+0;;
02/12/2021  12:47:14,970363;1,189760E+0;1,044459E+1;1,852891E-2;1,149488E+0;;
02/12/2021  12:47:14,970463;1,190628E+0;1,044459E+1;1,916077E-2;1,150281E+0;;
02/12/2021  12:47:14,970563;1,191152E+0;1,044459E+1;1,758111E-2;1,151115E+0;;
02/12/2021  12:47:14,970663;1,191662E+0;1,044459E+1;1,378993E-2;1,151986E+0;;
02/12/2021  12:47:14,970763;1,192589E+0;1,044459E+1;1,789705E-2;1,152894E+0;;
02/12/2021  12:47:14,970863;1,194225E+0;1,044459E+1;1,694925E-2;1,153837E+0;;
02/12/2021  12:47:14,970963;1,195652E+0;1,044459E+1;1,726518E-2;1,154812E+0;;
02/12/2021  12:47:14,971063;1,197086E+0;1,044459E+1;1,852891E-2;1,155819E+0;;
02/12/2021  12:47:14,971163;1,198144E+0;1,044459E+1;1,726518E-2;1,156855E+0;;
02/12/2021  12:47:14,971263;1,198868E+0;1,044459E+1;1,852891E-2;1,157920E+0;;
02/12/2021  12:47:14,971363;1,201386E+0;1,044459E+1;2,042450E-2;1,159011E+0;;
02/12/2021  12:47:14,971463;1,203204E+0;1,044459E+1;1,663332E-2;1,160127E+0;;
02/12/2021  12:47:14,971563;1,204593E+0;1,044459E+1;1,852891E-2;1,161266E+0;;
02/12/2021  12:47:14,971663;1,205291E+0;1,044459E+1;8,735019E-3;1,162429E+0;;
02/12/2021  12:47:14,971763;1,206286E+0;1,044459E+1;1,726518E-2;1,163612E+0;;
02/12/2021  12:47:14,971863;1,208184E+0;1,044459E+1;1,789705E-2;1,164816E+0;;
02/12/2021  12:47:14,971963;1,210014E+0;1,044459E+1;1,758111E-2;1,166038E+0;;
02/12/2021  12:47:14,972063;1,211159E+0;1,044459E+1;1,852891E-2;1,167278E+0;;
02/12/2021  12:47:14,972163;1,212151E+0;1,044459E+1;1,631739E-2;1,168534E+0;;
02/12/2021  12:47:14,972263;1,213162E+0;1,044459E+1;1,726518E-2;1,169806E+0;;
02/12/2021  12:47:14,972363;1,215126E+0;1,044459E+1;1,663332E-2;1,171092E+0;;
02/12/2021  12:47:14,972463;1,215760E+0;1,044459E+1;1,758111E-2;1,172392E+0;;
02/12/2021  12:47:14,972563;1,217975E+0;1,044459E+1;1,947671E-2;1,173704E+0;;
02/12/2021  12:47:14,972663;1,218374E+0;1,044459E+1;1,388990E-1;1,175027E+0;;
02/12/2021  12:47:14,972763;1,219572E+0;1,044459E+1;1,884484E-2;1,176360E+0;;
02/12/2021  12:47:14,972863;1,221632E+0;1,044459E+1;2,769094E-2;1,177703E+0;;
02/12/2021  12:47:14,972963;1,222523E+0;1,044459E+1;2,074043E-2;1,179054E+0;;
02/12/2021  12:47:14,973063;1,223244E+0;1,044459E+1;5,960007E-2;1,180413E+0;;
02/12/2021  12:47:14,973163;1,224525E+0;1,044459E+1;9,688005E-2;1,181779E+0;;
02/12/2021  12:47:14,973263;1,225858E+0;1,044459E+1;1,726518E-2;1,183150E+0;;
02/12/2021  12:47:14,973363;1,227428E+0;1,044459E+1;1,315807E-2;1,184527E+0;;
02/12/2021  12:47:14,973463;1,228495E+0;1,044459E+1;6,749837E-2;1,185907E+0;;
02/12/2021  12:47:14,973563;1,229345E+0;1,044459E+1;5,486109E-2;1,187290E+0;;
02/12/2021  12:47:14,973663;1,229726E+0;1,044459E+1;5,422923E-2;1,188677E+0;;
02/12/2021  12:47:14,973763;1,230635E+0;1,044459E+1;1,136244E-1;1,190064E+0;;
02/12/2021  12:47:14,973863;1,231717E+0;1,044459E+1;1,663332E-2;1,191452E+0;;
02/12/2021  12:47:14,973963;1,232644E+0;1,044459E+1;1,246821E-1;1,192840E+0;;
02/12/2021  12:47:14,974063;1,233228E+0;1,044459E+1;1,117289E-1;1,194227E+0;;
02/12/2021  12:47:14,974163;1,233609E+0;1,044459E+1;1,884484E-2;1,195612E+0;;
02/12/2021  12:47:14,974263;1,234864E+0;1,044459E+1;2,674314E-2;1,196993E+0;;
02/12/2021  12:47:14,974363;1,236181E+0;1,044459E+1;4,759465E-2;1,198370E+0;;
02/12/2021  12:47:14,974463;1,236420E+0;1,044459E+1;1,600145E-2;1,199742E+0;;
02/12/2021  12:47:14,974563;1,236876E+0;1,044459E+1;1,758111E-2;1,201108E+0;;
02/12/2021  12:47:14,974663;1,236566E+0;1,044459E+1;1,884484E-2;1,202466E+0;;
02/12/2021  12:47:14,974763;1,237111E+0;1,044459E+1;9,403666E-2;1,203817E+0;;
02/12/2021  12:47:14,974863;1,238062E+0;1,044459E+1;2,168823E-2;1,205158E+0;;
02/12/2021  12:47:14,974963;1,238339E+0;1,044459E+1;1,568552E-2;1,206489E+0;;
02/12/2021  12:47:14,975063;1,238324E+0;1,044459E+1;9,998747E-3;1,207808E+0;;
02/12/2021  12:47:14,975163;1,238363E+0;1,044459E+1;1,852891E-2;1,209115E+0;;
02/12/2021  12:47:14,975263;1,238655E+0;1,044459E+1;1,852891E-2;1,210407E+0;;
02/12/2021  12:47:14,975363;1,240089E+0;1,044459E+1;1,789705E-2;1,211685E+0;;
02/12/2021  12:47:14,975463;1,239963E+0;1,044459E+1;1,694925E-2;1,212946E+0;;
02/12/2021  12:47:14,975563;1,239892E+0;1,044459E+1;2,074043E-2;1,214190E+0;;
02/12/2021  12:47:14,975663;1,239349E+0;1,044459E+1;4,222381E-2;1,215416E+0;;
02/12/2021  12:47:14,975763;1,240038E+0;1,044459E+1;1,916077E-2;1,216622E+0;;
02/12/2021  12:47:14,975863;1,240044E+0;1,044459E+1;1,631739E-2;1,217807E+0;;
02/12/2021  12:47:14,975963;1,240700E+0;1,044459E+1;1,789705E-2;1,218971E+0;;
02/12/2021  12:47:14,976063;1,240461E+0;1,044459E+1;1,758111E-2;1,220113E+0;;
02/12/2021  12:47:14,976163;1,241257E+0;1,044459E+1;1,505366E-2;1,221231E+0;;
02/12/2021  12:47:14,976263;1,242070E+0;1,044459E+1;1,600145E-2;1,222324E+0;;
02/12/2021  12:47:14,976363;1,242598E+0;1,044459E+1;1,631739E-2;1,223393E+0;;
02/12/2021  12:47:14,976463;1,243078E+0;1,044459E+1;1,568552E-2;1,224437E+0;;
02/12/2021  12:47:14,976563;1,242672E+0;1,044459E+1;1,315807E-2;1,225455E+0;;
02/12/2021  12:47:14,976663;1,242616E+0;1,044459E+1;1,568552E-2;1,226446E+0;;
02/12/2021  12:47:14,976763;1,243635E+0;1,044459E+1;1,726518E-2;1,227412E+0;;
02/12/2021  12:47:14,976863;1,244175E+0;1,044459E+1;1,631739E-2;1,228350E+0;;
02/12/2021  12:47:14,976963;1,243555E+0;1,044459E+1;2,042450E-2;1,229262E+0;;
02/12/2021  12:47:14,977063;1,243692E+0;1,044459E+1;1,442179E-2;1,230147E+0;;
02/12/2021  12:47:14,977163;1,243772E+0;1,044459E+1;1,789705E-2;1,231005E+0;;
02/12/2021  12:47:14,977263;1,244485E+0;1,044459E+1;1,758111E-2;1,231836E+0;;
02/12/2021  12:47:14,977363;1,245081E+0;1,044459E+1;2,105637E-2;1,232640E+0;;
02/12/2021  12:47:14,977463;1,244300E+0;1,044459E+1;1,947671E-2;1,233417E+0;;
02/12/2021  12:47:14,977563;1,243564E+0;1,044459E+1;9,050951E-3;1,234167E+0;;
02/12/2021  12:47:14,977663;1,243120E+0;1,044459E+1;9,998747E-3;1,234890E+0;;
02/12/2021  12:47:14,977763;1,243486E+0;1,044459E+1;1,568552E-2;1,235586E+0;;
02/12/2021  12:47:14,977863;1,243277E+0;1,044459E+1;1,378993E-2;1,236256E+0;;
02/12/2021  12:47:14,977963;1,243450E+0;1,044459E+1;1,473773E-2;1,236897E+0;;
02/12/2021  12:47:14,978063;1,242801E+0;1,044459E+1;1,126247E-2;1,237512E+0;;
02/12/2021  12:47:14,978163;1,242759E+0;1,044459E+1;1,221027E-2;1,238100E+0;;
02/12/2021  12:47:14,978263;1,243438E+0;1,044459E+1;1,631739E-2;1,238661E+0;;
02/12/2021  12:47:14,978363;1,244011E+0;1,044459E+1;1,694925E-2;1,239195E+0;;
02/12/2021  12:47:14,978463;1,243367E+0;1,044459E+1;1,600145E-2;1,239702E+0;;
02/12/2021  12:47:14,978563;1,242735E+0;1,044459E+1;1,568552E-2;1,240183E+0;;
02/12/2021  12:47:14,978663;1,243152E+0;1,044459E+1;1,916077E-2;1,240638E+0;;
02/12/2021  12:47:14,978763;1,242667E+0;1,044459E+1;1,694925E-2;1,241067E+0;;
02/12/2021  12:47:14,978863;1,242506E+0;1,044459E+1;1,789705E-2;1,241471E+0;;
02/12/2021  12:47:14,978963;1,242348E+0;1,044459E+1;1,821298E-2;1,241850E+0;;
02/12/2021  12:47:14,979063;1,241477E+0;1,044459E+1;1,126247E-2;1,242204E+0;;
02/12/2021  12:47:14,979163;1,241862E+0;1,044459E+1;1,821298E-2;1,242533E+0;;
02/12/2021  12:47:14,979263;1,242127E+0;1,044459E+1;1,884484E-2;1,242839E+0;;
02/12/2021  12:47:14,979363;1,241194E+0;1,044459E+1;1,694925E-2;1,243120E+0;;
02/12/2021  12:47:14,979463;1,240118E+0;1,044459E+1;1,094654E-2;1,243379E+0;;
02/12/2021  12:47:14,979563;1,238813E+0;1,044459E+1;1,852891E-2;1,243614E+0;;
02/12/2021  12:47:14,979663;1,238229E+0;1,044459E+1;2,895467E-2;1,243826E+0;;
02/12/2021  12:47:14,979763;1,238369E+0;1,044459E+1;1,789705E-2;1,244015E+0;;
02/12/2021  12:47:14,979863;1,237153E+0;1,044459E+1;1,758111E-2;1,244180E+0;;
02/12/2021  12:47:14,979963;1,235585E+0;1,044459E+1;1,916077E-2;1,244323E+0;;
02/12/2021  12:47:14,980063;1,234593E+0;1,044459E+1;1,821298E-2;1,244442E+0;;
02/12/2021  12:47:14,980163;1,234596E+0;1,044459E+1;2,137230E-2;1,244538E+0;;
02/12/2021  12:47:14,980263;1,234435E+0;1,044459E+1;1,789705E-2;1,244610E+0;;
02/12/2021  12:47:14,980363;1,232897E+0;1,044459E+1;1,758111E-2;1,244658E+0;;
02/12/2021  12:47:14,980463;1,230423E+0;1,044459E+1;1,916077E-2;1,244682E+0;;
02/12/2021  12:47:14,980563;1,229926E+0;1,044459E+1;1,821298E-2;1,244682E+0;;
02/12/2021  12:47:14,980663;1,229410E+0;1,044459E+1;1,726518E-2;1,244657E+0;;
02/12/2021  12:47:14,980763;1,228063E+0;1,044459E+1;1,947671E-2;1,244607E+0;;
02/12/2021  12:47:14,980863;1,227428E+0;1,044459E+1;1,726518E-2;1,244531E+0;;
02/12/2021  12:47:14,980963;1,225676E+0;1,044459E+1;1,473773E-2;1,244429E+0;;
02/12/2021  12:47:14,981063;1,224919E+0;1,044459E+1;2,105637E-2;1,244301E+0;;
02/12/2021  12:47:14,981163;1,224451E+0;1,044459E+1;1,378993E-2;1,244146E+0;;
02/12/2021  12:47:14,981263;1,223312E+0;1,044459E+1;1,821298E-2;1,243964E+0;;
02/12/2021  12:47:14,981363;1,222433E+0;1,044459E+1;1,852891E-2;1,243755E+0;;
02/12/2021  12:47:14,981463;1,219584E+0;1,044459E+1;2,010857E-2;1,243519E+0;;
02/12/2021  12:47:14,981563;1,218589E+0;1,044459E+1;1,821298E-2;1,243255E+0;;
02/12/2021  12:47:14,981663;1,217456E+0;1,044459E+1;4,943835E-3;1,242963E+0;;
02/12/2021  12:47:14,981763;1,216142E+0;1,044459E+1;1,789705E-2;1,242643E+0;;
02/12/2021  12:47:14,981863;1,214670E+0;1,044459E+1;1,916077E-2;1,242294E+0;;
02/12/2021  12:47:14,981963;1,212661E+0;1,044459E+1;1,600145E-2;1,241916E+0;;
02/12/2021  12:47:14,982063;1,211257E+0;1,044459E+1;1,852891E-2;1,241509E+0;;
02/12/2021  12:47:14,982163;1,210494E+0;1,044459E+1;8,735019E-3;1,241071E+0;;
02/12/2021  12:47:14,982263;1,209773E+0;1,044459E+1;1,758111E-2;1,240604E+0;;
02/12/2021  12:47:14,982363;1,208411E+0;1,044459E+1;1,600145E-2;1,240106E+0;;
02/12/2021  12:47:14,982463;1,206375E+0;1,044459E+1;1,694925E-2;1,239578E+0;;
02/12/2021  12:47:14,982563;1,205303E+0;1,044459E+1;1,694925E-2;1,239019E+0;;
02/12/2021  12:47:14,982663;1,204590E+0;1,044459E+1;6,839427E-3;1,238430E+0;;
02/12/2021  12:47:14,982763;1,203911E+0;1,044459E+1;9,998747E-3;1,237811E+0;;
02/12/2021  12:47:14,982863;1,202710E+0;1,044459E+1;4,627903E-3;1,237161E+0;;
02/12/2021  12:47:14,982963;1,201270E+0;1,044459E+1;3,996039E-3;1,236482E+0;;
02/12/2021  12:47:14,983063;1,200385E+0;1,044459E+1;1,063061E-2;1,235774E+0;;
02/12/2021  12:47:14,983163;1,200263E+0;1,044459E+1;1,221027E-2;1,235037E+0;;
02/12/2021  12:47:14,983263;1,199080E+0;1,044459E+1;3,048243E-3;1,234271E+0;;
02/12/2021  12:47:14,983363;1,196976E+0;1,044459E+1;3,996039E-3;1,233479E+0;;
02/12/2021  12:47:14,983463;1,194964E+0;1,044459E+1;4,943835E-3;1,232660E+0;;
02/12/2021  12:47:14,983563;1,193384E+0;1,044459E+1;4,943835E-3;1,231815E+0;;
02/12/2021  12:47:14,983663;1,192460E+0;1,044459E+1;3,996039E-3;1,230944E+0;;
02/12/2021  12:47:14,983763;1,190678E+0;1,044459E+1;3,364175E-3;1,230048E+0;;
02/12/2021  12:47:14,983863;1,188342E+0;1,044459E+1;3,364175E-3;1,229128E+0;;
02/12/2021  12:47:14,983963;1,185665E+0;1,044459E+1;3,996039E-3;1,228184E+0;;
02/12/2021  12:47:14,984063;1,184449E+0;1,044459E+1;3,680107E-3;1,227216E+0;;
02/12/2021  12:47:14,984163;1,183430E+0;1,044459E+1;3,048243E-3;1,226224E+0;;
02/12/2021  12:47:14,984263;1,182029E+0;1,044459E+1;3,680107E-3;1,225208E+0;;
02/12/2021  12:47:14,984363;1,179171E+0;1,044459E+1;3,048243E-3;1,224169E+0;;
02/12/2021  12:47:14,984463;1,177157E+0;1,044459E+1;3,680107E-3;1,223106E+0;;
02/12/2021  12:47:14,984563;1,175535E+0;1,044459E+1;3,364175E-3;1,222021E+0;;
02/12/2021  12:47:14,984663;1,173267E+0;1,044459E+1;3,364175E-3;1,220912E+0;;
02/12/2021  12:47:14,984763;1,172561E+0;1,044459E+1;3,680107E-3;1,219780E+0;;
02/12/2021  12:47:14,984863;1,169768E+0;1,044459E+1;3,048243E-3;1,218625E+0;;
02/12/2021  12:47:14,984963;1,168019E+0;1,044459E+1;3,680107E-3;1,217447E+0;;
02/12/2021  12:47:14,985063;1,166597E+0;1,044459E+1;3,996039E-3;1,216246E+0;;
02/12/2021  12:47:14,985163;1,164940E+0;1,044459E+1;3,680107E-3;1,215022E+0;;
02/12/2021  12:47:14,985263;1,162976E+0;1,044459E+1;3,680107E-3;1,213776E+0;;
02/12/2021  12:47:14,985363;1,159975E+0;1,044459E+1;3,996039E-3;1,212506E+0;;
02/12/2021  12:47:14,985463;1,157856E+0;1,044459E+1;3,996039E-3;1,211214E+0;;
02/12/2021  12:47:14,985563;1,156601E+0;1,044459E+1;3,364175E-3;1,209900E+0;;
02/12/2021  12:47:14,985663;1,154614E+0;1,044459E+1;5,259767E-3;1,208563E+0;;
02/12/2021  12:47:14,985763;1,152515E+0;1,044459E+1;3,680107E-3;1,207203E+0;;
02/12/2021  12:47:14,985863;1,149633E+0;1,044459E+1;3,996039E-3;1,205821E+0;;
02/12/2021  12:47:14,985963;1,147544E+0;1,044459E+1;3,364175E-3;1,204416E+0;;
02/12/2021  12:47:14,986063;1,145616E+0;1,044459E+1;3,680107E-3;1,202989E+0;;
02/12/2021  12:47:14,986163;1,144197E+0;1,044459E+1;4,311971E-3;1,201539E+0;;
02/12/2021  12:47:14,986263;1,142078E+0;1,044459E+1;5,575699E-3;1,200066E+0;;
02/12/2021  12:47:14,986363;1,139009E+0;1,044459E+1;4,627903E-3;1,198571E+0;;
02/12/2021  12:47:14,986463;1,137411E+0;1,044459E+1;1,063061E-2;1,197054E+0;;
02/12/2021  12:47:14,986563;1,136663E+0;1,044459E+1;1,284213E-2;1,195514E+0;;
02/12/2021  12:47:14,986663;1,134637E+0;1,044459E+1;1,126247E-2;1,193952E+0;;
02/12/2021  12:47:14,986763;1,132646E+0;1,044459E+1;9,682815E-3;1,192368E+0;;
02/12/2021  12:47:14,986863;1,130649E+0;1,044459E+1;6,523495E-3;1,190764E+0;;
02/12/2021  12:47:14,986963;1,128906E+0;1,044459E+1;1,631739E-2;1,189138E+0;;
02/12/2021  12:47:14,987063;1,128080E+0;1,044459E+1;2,137230E-2;1,187492E+0;;
02/12/2021  12:47:14,987163;1,126739E+0;1,044459E+1;1,694925E-2;1,185826E+0;;
02/12/2021  12:47:14,987263;1,124548E+0;1,044459E+1;1,600145E-2;1,184142E+0;;
02/12/2021  12:47:14,987363;1,122304E+0;1,044459E+1;1,884484E-2;1,182439E+0;;
02/12/2021  12:47:14,987463;1,120513E+0;1,044459E+1;1,821298E-2;1,180720E+0;;
02/12/2021  12:47:14,987563;1,119065E+0;1,044459E+1;1,442179E-2;1,178984E+0;;
02/12/2021  12:47:14,987663;1,117521E+0;1,044459E+1;1,473773E-2;1,177232E+0;;
02/12/2021  12:47:14,987763;1,115676E+0;1,044459E+1;1,821298E-2;1,175466E+0;;
02/12/2021  12:47:14,987863;1,113918E+0;1,044459E+1;5,486109E-2;1,173686E+0;;
02/12/2021  12:47:14,987963;1,113003E+0;1,044459E+1;1,726518E-2;1,171893E+0;;
02/12/2021  12:47:14,988063;1,111736E+0;1,044459E+1;1,189434E-2;1,170089E+0;;
02/12/2021  12:47:14,988163;1,110726E+0;1,044459E+1;1,758111E-2;1,168273E+0;;
02/12/2021  12:47:14,988263;1,108911E+0;1,044459E+1;2,674314E-2;1,166448E+0;;
02/12/2021  12:47:14,988363;1,106923E+0;1,044459E+1;1,600145E-2;1,164615E+0;;
02/12/2021  12:47:14,988463;1,106070E+0;1,044459E+1;2,232009E-2;1,162775E+0;;
02/12/2021  12:47:14,988563;1,105349E+0;1,044459E+1;1,600145E-2;1,160929E+0;;
02/12/2021  12:47:14,988663;1,103853E+0;1,044459E+1;1,694925E-2;1,159078E+0;;
02/12/2021  12:47:14,988763;1,102482E+0;1,044459E+1;1,473773E-2;1,157223E+0;;
02/12/2021  12:47:14,988863;1,100935E+0;1,044459E+1;1,221027E-2;1,155367E+0;;
02/12/2021  12:47:14,988963;1,100751E+0;1,044459E+1;1,568552E-2;1,153510E+0;;
02/12/2021  12:47:14,989063;1,099916E+0;1,044459E+1;1,600145E-2;1,151654E+0;;
02/12/2021  12:47:14,989163;1,099257E+0;1,044459E+1;1,726518E-2;1,149800E+0;;
02/12/2021  12:47:14,989263;1,097684E+0;1,044459E+1;1,473773E-2;1,147950E+0;;
02/12/2021  12:47:14,989363;1,094841E+0;1,044459E+1;1,252620E-2;1,146105E+0;;
02/12/2021  12:47:14,989463;1,095192E+0;1,044459E+1;1,600145E-2;1,144267E+0;;
02/12/2021  12:47:14,989563;1,093947E+0;1,044459E+1;1,600145E-2;1,142436E+0;;
02/12/2021  12:47:14,989663;1,093365E+0;1,044459E+1;1,663332E-2;1,140614E+0;;
02/12/2021  12:47:14,989763;1,092284E+0;1,044459E+1;1,631739E-2;1,138803E+0;;
02/12/2021  12:47:14,989863;1,091339E+0;1,044459E+1;1,852891E-2;1,137003E+0;;
02/12/2021  12:47:14,989963;1,090978E+0;1,044459E+1;1,726518E-2;1,135216E+0;;
02/12/2021  12:47:14,990063;1,090257E+0;1,044459E+1;1,916077E-2;1,133443E+0;;
02/12/2021  12:47:14,990163;1,090248E+0;1,044459E+1;2,010857E-2;1,131686E+0;;
02/12/2021  12:47:14,990263;1,088791E+0;1,044459E+1;2,263603E-2;1,129945E+0;;
02/12/2021  12:47:14,990363;1,087643E+0;1,044459E+1;1,821298E-2;1,128222E+0;;
02/12/2021  12:47:14,990463;1,088028E+0;1,044459E+1;2,579535E-2;1,126519E+0;;
02/12/2021  12:47:14,990563;1,087584E+0;1,044459E+1;1,821298E-2;1,124835E+0;;
02/12/2021  12:47:14,990663;1,087026E+0;1,044459E+1;1,347400E-2;1,123174E+0;;
02/12/2021  12:47:14,990763;1,086389E+0;1,044459E+1;1,221027E-2;1,121535E+0;;
02/12/2021  12:47:14,990863;1,086272E+0;1,044459E+1;1,442179E-2;1,119920E+0;;
02/12/2021  12:47:14,990963;1,087491E+0;1,044459E+1;1,284213E-2;1,118331E+0;;
02/12/2021  12:47:14,991063;1,087149E+0;1,044459E+1;8,103155E-3;1,116768E+0;;
02/12/2021  12:47:14,991163;1,087545E+0;1,044459E+1;1,063061E-2;1,115232E+0;;
02/12/2021  12:47:14,991263;1,087089E+0;1,044459E+1;1,505366E-2;1,113726E+0;;
02/12/2021  12:47:14,991363;1,087235E+0;1,044459E+1;1,410586E-2;1,112251E+0;;
02/12/2021  12:47:14,991463;1,088525E+0;1,044459E+1;1,663332E-2;1,110808E+0;;
02/12/2021  12:47:14,991563;1,089315E+0;1,044459E+1;1,726518E-2;1,109398E+0;;
02/12/2021  12:47:14,991663;1,090027E+0;1,044459E+1;1,821298E-2;1,108023E+0;;
02/12/2021  12:47:14,991763;1,090448E+0;1,044459E+1;8,419087E-3;1,106685E+0;;
02/12/2021  12:47:14,991863;1,091813E+0;1,044459E+1;1,726518E-2;1,105385E+0;;
02/12/2021  12:47:14,991963;1,093601E+0;1,044459E+1;1,852891E-2;1,104124E+0;;
02/12/2021  12:47:14,992063;1,094769E+0;1,044459E+1;1,852891E-2;1,102906E+0;;
02/12/2021  12:47:14,992163;1,095365E+0;1,044459E+1;1,758111E-2;1,101731E+0;;
02/12/2021  12:47:14,992263;1,096665E+0;1,044459E+1;1,789705E-2;1,100602E+0;;
02/12/2021  12:47:14,992363;1,098638E+0;1,044459E+1;1,789705E-2;1,099520E+0;;
02/12/2021  12:47:14,992463;1,100473E+0;1,044459E+1;1,979264E-2;1,098488E+0;;
02/12/2021  12:47:14,992563;1,102241E+0;1,044459E+1;1,726518E-2;1,097507E+0;;
02/12/2021  12:47:14,992663;1,104109E+0;1,044459E+1;2,223051E-1;1,096578E+0;;
02/12/2021  12:47:14,992763;1,105209E+0;1,044459E+1;1,726518E-2;1,095706E+0;;
02/12/2021  12:47:14,992863;1,107486E+0;1,044459E+1;1,947671E-2;1,094890E+0;;
02/12/2021  12:47:14,992963;1,109888E+0;1,044459E+1;2,042450E-2;1,094133E+0;;
02/12/2021  12:47:14,993063;1,111846E+0;1,044459E+1;1,392149E-1;1,093438E+0;;
02/12/2021  12:47:14,993163;1,113214E+0;1,044459E+1;2,137230E-2;1,092805E+0;;
02/12/2021  12:47:14,993263;1,114743E+0;1,044459E+1;1,600145E-2;1,092237E+0;;
02/12/2021  12:47:14,993363;1,118319E+0;1,044459E+1;2,010857E-2;1,091736E+0;;
02/12/2021  12:47:14,993463;1,119714E+0;1,044459E+1;1,947671E-2;1,091302E+0;;
02/12/2021  12:47:14,993563;1,122215E+0;1,044459E+1;7,981972E-2;1,090938E+0;;
02/12/2021  12:47:14,993663;1,124450E+0;1,044459E+1;1,884484E-2;1,090645E+0;;
02/12/2021  12:47:14,993763;1,127150E+0;1,044459E+1;1,852891E-2;1,090425E+0;;
02/12/2021  12:47:14,993863;1,130536E+0;1,044459E+1;2,010857E-2;1,090278E+0;;
02/12/2021  12:47:14,993963;1,132649E+0;1,044459E+1;2,010857E-2;1,090206E+0;;
02/12/2021  12:47:14,994063;1,135486E+0;1,044459E+1;1,098333E-1;1,090210E+0;;
02/12/2021  12:47:14,994163;1,137137E+0;1,044459E+1;1,347400E-2;1,090292E+0;;
02/12/2021  12:47:14,994263;1,139688E+0;1,044459E+1;1,947671E-2;1,090453E+0;;
02/12/2021  12:47:14,994363;1,143464E+0;1,044459E+1;8,013565E-2;1,090693E+0;;
02/12/2021  12:47:14,994463;1,146486E+0;1,044459E+1;1,600145E-2;1,091013E+0;;
02/12/2021  12:47:14,994563;1,149204E+0;1,044459E+1;2,074043E-2;1,091413E+0;;
02/12/2021  12:47:14,994663;1,151228E+0;1,044459E+1;1,663332E-2;1,091895E+0;;
02/12/2021  12:47:14,994763;1,154378E+0;1,044459E+1;1,256299E-1;1,092459E+0;;
02/12/2021  12:47:14,994863;1,157749E+0;1,044459E+1;9,308886E-2;1,093106E+0;;
02/12/2021  12:47:14,994963;1,160166E+0;1,044459E+1;1,789705E-2;1,093835E+0;;
02/12/2021  12:47:14,995063;1,161966E+0;1,044459E+1;2,010857E-2;1,094646E+0;;
02/12/2021  12:47:14,995163;1,163590E+0;1,044459E+1;2,010857E-2;1,095540E+0;;
02/12/2021  12:47:14,995263;1,165539E+0;1,044459E+1;1,852891E-2;1,096515E+0;;
02/12/2021  12:47:14,995363;1,168481E+0;1,044459E+1;1,094654E-2;1,097571E+0;;
02/12/2021  12:47:14,995463;1,170665E+0;1,044459E+1;1,789705E-2;1,098708E+0;;
02/12/2021  12:47:14,995563;1,172233E+0;1,044459E+1;1,916077E-2;1,099922E+0;;
02/12/2021  12:47:14,995663;1,173753E+0;1,044459E+1;1,947671E-2;1,101214E+0;;
02/12/2021  12:47:14,995763;1,176635E+0;1,044459E+1;1,442179E-2;1,102581E+0;;
02/12/2021  12:47:14,995863;1,179696E+0;1,044459E+1;1,758111E-2;1,104022E+0;;
02/12/2021  12:47:14,995963;1,181776E+0;1,044459E+1;1,568552E-2;1,105534E+0;;
02/12/2021  12:47:14,996063;1,184127E+0;1,044459E+1;1,568552E-2;1,107116E+0;;
02/12/2021  12:47:14,996163;1,186315E+0;1,044459E+1;1,126247E-2;1,108765E+0;;
02/12/2021  12:47:14,996263;1,188991E+0;1,044459E+1;1,789705E-2;1,110479E+0;;
02/12/2021  12:47:14,996363;1,191578E+0;1,044459E+1;1,663332E-2;1,112257E+0;;
02/12/2021  12:47:14,996463;1,194618E+0;1,044459E+1;1,852891E-2;1,114095E+0;;
02/12/2021  12:47:14,996563;1,196973E+0;1,044459E+1;1,884484E-2;1,115992E+0;;
02/12/2021  12:47:14,996663;1,199536E+0;1,044459E+1;1,821298E-2;1,117945E+0;;
02/12/2021  12:47:14,996763;1,203419E+0;1,044459E+1;1,568552E-2;1,119952E+0;;
02/12/2021  12:47:14,996863;1,205896E+0;1,044459E+1;2,137230E-2;1,122012E+0;;
02/12/2021  12:47:14,996963;1,208599E+0;1,044459E+1;1,758111E-2;1,124122E+0;;
02/12/2021  12:47:14,997063;1,210202E+0;1,044459E+1;8,735019E-3;1,126281E+0;;
02/12/2021  12:47:14,997163;1,212515E+0;1,044459E+1;1,568552E-2;1,128485E+0;;
02/12/2021  12:47:14,997263;1,215319E+0;1,044459E+1;1,758111E-2;1,130734E+0;;
02/12/2021  12:47:14,997363;1,218028E+0;1,044459E+1;1,947671E-2;1,133024E+0;;
02/12/2021  12:47:14,997463;1,219742E+0;1,044459E+1;1,536959E-2;1,135354E+0;;
02/12/2021  12:47:14,997563;1,221959E+0;1,044459E+1;1,821298E-2;1,137721E+0;;
02/12/2021  12:47:14,997663;1,223047E+0;1,044459E+1;1,758111E-2;1,140123E+0;;
02/12/2021  12:47:14,997763;1,226570E+0;1,044459E+1;2,200416E-2;1,142558E+0;;
02/12/2021  12:47:14,997863;1,228111E+0;1,044459E+1;1,694925E-2;1,145023E+0;;
02/12/2021  12:47:14,997963;1,229598E+0;1,044459E+1;1,726518E-2;1,147515E+0;;
02/12/2021  12:47:14,998063;1,231183E+0;1,044459E+1;1,600145E-2;1,150033E+0;;
02/12/2021  12:47:14,998163;1,232295E+0;1,044459E+1;1,189434E-2;1,152574E+0;;
02/12/2021  12:47:14,998263;1,235144E+0;1,044459E+1;1,663332E-2;1,155134E+0;;
02/12/2021  12:47:14,998363;1,237561E+0;1,044459E+1;1,600145E-2;1,157711E+0;;
02/12/2021  12:47:14,998463;1,239105E+0;1,044459E+1;1,726518E-2;1,160303E+0;;
02/12/2021  12:47:14,998563;1,240849E+0;1,044459E+1;1,631739E-2;1,162907E+0;;
02/12/2021  12:47:14,998663;1,243197E+0;1,044459E+1;1,821298E-2;1,165521E+0;;
02/12/2021  12:47:14,998763;1,245441E+0;1,044459E+1;1,821298E-2;1,168143E+0;;
02/12/2021  12:47:14,998863;1,247697E+0;1,044459E+1;1,758111E-2;1,170769E+0;;
02/12/2021  12:47:14,998963;1,249152E+0;1,044459E+1;1,916077E-2;1,173398E+0;;
02/12/2021  12:47:14,999063;1,250123E+0;1,044459E+1;2,010857E-2;1,176028E+0;;
02/12/2021  12:47:14,999163;1,251065E+0;1,044459E+1;1,947671E-2;1,178657E+0;;
02/12/2021  12:47:14,999263;1,253038E+0;1,044459E+1;1,189434E-2;1,181282E+0;;
02/12/2021  12:47:14,999363;1,254355E+0;1,044459E+1;1,758111E-2;1,183901E+0;;
02/12/2021  12:47:14,999463;1,255008E+0;1,044459E+1;1,916077E-2;1,186512E+0;;
02/12/2021  12:47:14,999563;1,254513E+0;1,044459E+1;1,852891E-2;1,189113E+0;;
02/12/2021  12:47:14,999663;1,256215E+0;1,044459E+1;1,852891E-2;1,191702E+0;;
02/12/2021  12:47:14,999763;1,257017E+0;1,044459E+1;1,063061E-2;1,194275E+0;;
02/12/2021  12:47:14,999863;1,257833E+0;1,044459E+1;1,758111E-2;1,196830E+0;;
02/12/2021  12:47:14,999963;1,257729E+0;1,044459E+1;2,010857E-2;1,199365E+0;;
02/12/2021  12:47:15,000063;1,257091E+0;1,044459E+1;1,663332E-2;1,201877E+0;;
02/12/2021  12:47:15,000163;1,258078E+0;1,044459E+1;1,758111E-2;1,204364E+0;;
02/12/2021  12:47:15,000263;1,258787E+0;1,044459E+1;8,419087E-3;1,206823E+0;;
02/12/2021  12:47:15,000363;1,259338E+0;1,044459E+1;2,010857E-2;1,209251E+0;;
02/12/2021  12:47:15,000463;1,259061E+0;1,044459E+1;1,442179E-2;1,211646E+0;;
02/12/2021  12:47:15,000563;1,258301E+0;1,044459E+1;1,758111E-2;1,214005E+0;;
02/12/2021  12:47:15,000663;1,259386E+0;1,044459E+1;1,600145E-2;1,216326E+0;;
02/12/2021  12:47:15,000763;1,259413E+0;1,044459E+1;1,758111E-2;1,218606E+0;;
02/12/2021  12:47:15,000863;1,259490E+0;1,044459E+1;1,852891E-2;1,220843E+0;;
02/12/2021  12:47:15,000963;1,258680E+0;1,044459E+1;1,758111E-2;1,223034E+0;;
02/12/2021  12:47:15,001063;1,256874E+0;1,044459E+1;1,789705E-2;1,225178E+0;;
02/12/2021  12:47:15,001163;1,256152E+0;1,044459E+1;1,821298E-2;1,227271E+0;;
02/12/2021  12:47:15,001263;1,255252E+0;1,044459E+1;1,631739E-2;1,229312E+0;;
02/12/2021  12:47:15,001363;1,254144E+0;1,044459E+1;1,726518E-2;1,231298E+0;;
02/12/2021  12:47:15,001463;1,252072E+0;1,044459E+1;1,568552E-2;1,233226E+0;;
02/12/2021  12:47:15,001563;1,249482E+0;1,044459E+1;1,663332E-2;1,235093E+0;;
02/12/2021  12:47:15,001663;1,248553E+0;1,044459E+1;1,726518E-2;1,236897E+0;;
02/12/2021  12:47:15,001763;1,247465E+0;1,044459E+1;1,852891E-2;1,238636E+0;;
02/12/2021  12:47:15,001863;1,245730E+0;1,044459E+1;1,663332E-2;1,240305E+0;;
02/12/2021  12:47:15,001963;1,243021E+0;1,044459E+1;1,884484E-2;1,241903E+0;;
02/12/2021  12:47:15,002063;1,240828E+0;1,044459E+1;1,284213E-2;1,243427E+0;;
02/12/2021  12:47:15,002163;1,239355E+0;1,044459E+1;1,726518E-2;1,244874E+0;;
02/12/2021  12:47:15,002263;1,238381E+0;1,044459E+1;1,631739E-2;1,246242E+0;;
02/12/2021  12:47:15,002363;1,237192E+0;1,044459E+1;1,631739E-2;1,247528E+0;;
02/12/2021  12:47:15,002463;1,235103E+0;1,044459E+1;1,884484E-2;1,248730E+0;;
02/12/2021  12:47:15,002563;1,232694E+0;1,044459E+1;1,694925E-2;1,249846E+0;;
02/12/2021  12:47:15,002663;1,231824E+0;1,044459E+1;1,726518E-2;1,250876E+0;;
02/12/2021  12:47:15,002763;1,230549E+0;1,044459E+1;1,378993E-2;1,251816E+0;;
02/12/2021  12:47:15,002863;1,228704E+0;1,044459E+1;5,575699E-3;1,252667E+0;;
02/12/2021  12:47:15,002963;1,226379E+0;1,044459E+1;3,048243E-3;1,253426E+0;;
02/12/2021  12:47:15,003063;1,223771E+0;1,044459E+1;1,189434E-2;1,254093E+0;;
02/12/2021  12:47:15,003163;1,222418E+0;1,044459E+1;1,726518E-2;1,254668E+0;;
02/12/2021  12:47:15,003263;1,220538E+0;1,044459E+1;6,207563E-3;1,255150E+0;;
02/12/2021  12:47:15,003363;1,217474E+0;1,044459E+1;3,364175E-3;1,255538E+0;;
02/12/2021  12:47:15,003463;1,213975E+0;1,044459E+1;9,050951E-3;1,255832E+0;;
02/12/2021  12:47:15,003563;1,211054E+0;1,044459E+1;1,063061E-2;1,256031E+0;;
02/12/2021  12:47:15,003663;1,209383E+0;1,044459E+1;1,094654E-2;1,256136E+0;;
02/12/2021  12:47:15,003763;1,206980E+0;1,044459E+1;3,996039E-3;1,256146E+0;;
02/12/2021  12:47:15,003863;1,204250E+0;1,044459E+1;4,311971E-3;1,256060E+0;;
02/12/2021  12:47:15,003963;1,200761E+0;1,044459E+1;4,311971E-3;1,255880E+0;;
02/12/2021  12:47:15,004063;1,198656E+0;1,044459E+1;4,627903E-3;1,255604E+0;;
02/12/2021  12:47:15,004163;1,196740E+0;1,044459E+1;3,364175E-3;1,255234E+0;;
02/12/2021  12:47:15,004263;1,194687E+0;1,044459E+1;3,680107E-3;1,254770E+0;;
02/12/2021  12:47:15,004363;1,192475E+0;1,044459E+1;3,680107E-3;1,254212E+0;;
02/12/2021  12:47:15,004463;1,189236E+0;1,044459E+1;3,048243E-3;1,253562E+0;;
02/12/2021  12:47:15,004563;1,188130E+0;1,044459E+1;3,048243E-3;1,252820E+0;;
02/12/2021  12:47:15,004663;1,186369E+0;1,044459E+1;3,996039E-3;1,251989E+0;;
02/12/2021  12:47:15,004763;1,184312E+0;1,044459E+1;3,680107E-3;1,251068E+0;;
02/12/2021  12:47:15,004863;1,181621E+0;1,044459E+1;3,364175E-3;1,250061E+0;;
02/12/2021  12:47:15,004963;1,178590E+0;1,044459E+1;3,364175E-3;1,248969E+0;;
02/12/2021  12:47:15,005063;1,176072E+0;1,044459E+1;3,364175E-3;1,247794E+0;;
02/12/2021  12:47:15,005163;1,173902E+0;1,044459E+1;3,680107E-3;1,246539E+0;;
02/12/2021  12:47:15,005263;1,171402E+0;1,044459E+1;3,364175E-3;1,245204E+0;;
02/12/2021  12:47:15,005363;1,168022E+0;1,044459E+1;3,680107E-3;1,243793E+0;;
02/12/2021  12:47:15,005463;1,164180E+0;1,044459E+1;3,680107E-3;1,242307E+0;;
02/12/2021  12:47:15,005563;1,161576E+0;1,044459E+1;3,680107E-3;1,240748E+0;;
02/12/2021  12:47:15,005663;1,159179E+0;1,044459E+1;3,364175E-3;1,239118E+0;;
02/12/2021  12:47:15,005763;1,156196E+0;1,044459E+1;3,680107E-3;1,237420E+0;;
02/12/2021  12:47:15,005863;1,152664E+0;1,044459E+1;3,680107E-3;1,235654E+0;;
02/12/2021  12:47:15,005963;1,148918E+0;1,044459E+1;3,680107E-3;1,233823E+0;;
02/12/2021  12:47:15,006063;1,146600E+0;1,044459E+1;3,364175E-3;1,231929E+0;;
02/12/2021  12:47:15,006163;1,144636E+0;1,044459E+1;4,311971E-3;1,229973E+0;;
02/12/2021  12:47:15,006263;1,141795E+0;1,044459E+1;9,050951E-3;1,227957E+0;;
02/12/2021  12:47:15,006363;1,138761E+0;1,044459E+1;3,364175E-3;1,225883E+0;;
02/12/2021  12:47:15,006463;1,135462E+0;1,044459E+1;3,364175E-3;1,223753E+0;;
02/12/2021  12:47:15,006563;1,133263E+0;1,044459E+1;7,787223E-3;1,221570E+0;;
02/12/2021  12:47:15,006663;1,130634E+0;1,044459E+1;1,284213E-2;1,219335E+0;;
02/12/2021  12:47:15,006763;1,128393E+0;1,044459E+1;4,311971E-3;1,217050E+0;;
02/12/2021  12:47:15,006863;1,123911E+0;1,044459E+1;4,627903E-3;1,214717E+0;;
02/12/2021  12:47:15,006963;1,120513E+0;1,044459E+1;1,694925E-2;1,212338E+0;;
02/12/2021  12:47:15,007063;1,118349E+0;1,044459E+1;1,821298E-2;1,209916E+0;;
02/12/2021  12:47:15,007163;1,115944E+0;1,044459E+1;1,726518E-2;1,207452E+0;;
02/12/2021  12:47:15,007263;1,112696E+0;1,044459E+1;9,366883E-3;1,204947E+0;;
02/12/2021  12:47:15,007363;1,109218E+0;1,044459E+1;1,726518E-2;1,202404E+0;;
02/12/2021  12:47:15,007463;1,106744E+0;1,044459E+1;1,852891E-2;1,199825E+0;;
02/12/2021  12:47:15,007563;1,105296E+0;1,044459E+1;1,505366E-2;1,197211E+0;;
02/12/2021  12:47:15,007663;1,102765E+0;1,044459E+1;1,600145E-2;1,194564E+0;;
02/12/2021  12:47:15,007763;1,100077E+0;1,044459E+1;1,852891E-2;1,191886E+0;;
02/12/2021  12:47:15,007863;1,096528E+0;1,044459E+1;1,852891E-2;1,189179E+0;;
02/12/2021  12:47:15,007963;1,094125E+0;1,044459E+1;1,789705E-2;1,186446E+0;;
02/12/2021  12:47:15,008063;1,092212E+0;1,044459E+1;1,600145E-2;1,183688E+0;;
02/12/2021  12:47:15,008163;1,090403E+0;1,044459E+1;1,094654E-2;1,180908E+0;;
02/12/2021  12:47:15,008263;1,087664E+0;1,044459E+1;1,694925E-2;1,178106E+0;;
02/12/2021  12:47:15,008363;1,084922E+0;1,044459E+1;1,758111E-2;1,175286E+0;;
02/12/2021  12:47:15,008463;1,082747E+0;1,044459E+1;1,694925E-2;1,172449E+0;;
02/12/2021  12:47:15,008563;1,081367E+0;1,044459E+1;1,600145E-2;1,169598E+0;;
02/12/2021  12:47:15,008663;1,079430E+0;1,044459E+1;1,758111E-2;1,166735E+0;;
02/12/2021  12:47:15,008763;1,076366E+0;1,044459E+1;1,536959E-2;1,163861E+0;;
02/12/2021  12:47:15,008863;1,073838E+0;1,044459E+1;1,821298E-2;1,160979E+0;;
02/12/2021  12:47:15,008963;1,072247E+0;1,044459E+1;1,410586E-2;1,158092E+0;;
02/12/2021  12:47:15,009063;1,070813E+0;1,044459E+1;1,789705E-2;1,155200E+0;;
02/12/2021  12:47:15,009163;1,069982E+0;1,044459E+1;1,884484E-2;1,152306E+0;;
02/12/2021  12:47:15,009263;1,068009E+0;1,044459E+1;1,884484E-2;1,149413E+0;;
02/12/2021  12:47:15,009363;1,066114E+0;1,044459E+1;1,694925E-2;1,146522E+0;;
02/12/2021  12:47:15,009463;1,065076E+0;1,044459E+1;1,505366E-2;1,143636E+0;;
02/12/2021  12:47:15,009563;1,065136E+0;1,044459E+1;1,631739E-2;1,140757E+0;;
02/12/2021  12:47:15,009663;1,064626E+0;1,044459E+1;1,758111E-2;1,137888E+0;;
02/12/2021  12:47:15,009763;1,063014E+0;1,044459E+1;1,758111E-2;1,135032E+0;;
02/12/2021  12:47:15,009863;1,060379E+0;1,044459E+1;1,758111E-2;1,132191E+0;;
02/12/2021  12:47:15,009963;1,059912E+0;1,044459E+1;1,821298E-2;1,129368E+0;;
02/12/2021  12:47:15,010063;1,059664E+0;1,044459E+1;1,568552E-2;1,126565E+0;;
02/12/2021  12:47:15,010163;1,059375E+0;1,044459E+1;8,419087E-3;1,123785E+0;;
02/12/2021  12:47:15,010263;1,057939E+0;1,044459E+1;1,694925E-2;1,121030E+0;;
02/12/2021  12:47:15,010363;1,056493E+0;1,044459E+1;1,789705E-2;1,118303E+0;;
02/12/2021  12:47:15,010463;1,056410E+0;1,044459E+1;1,821298E-2;1,115607E+0;;
02/12/2021  12:47:15,010563;1,056478E+0;1,044459E+1;1,884484E-2;1,112943E+0;;
02/12/2021  12:47:15,010663;1,056121E+0;1,044459E+1;1,852891E-2;1,110314E+0;;
02/12/2021  12:47:15,010763;1,055078E+0;1,044459E+1;1,947671E-2;1,107722E+0;;
02/12/2021  12:47:15,010863;1,053829E+0;1,044459E+1;1,536959E-2;1,105171E+0;;
02/12/2021  12:47:15,010963;1,054142E+0;1,044459E+1;1,821298E-2;1,102661E+0;;
02/12/2021  12:47:15,011063;1,055042E+0;1,044459E+1;1,789705E-2;1,100196E+0;;
02/12/2021  12:47:15,011163;1,055140E+0;1,044459E+1;1,789705E-2;1,097777E+0;;
02/12/2021  12:47:15,011263;1,055000E+0;1,044459E+1;1,821298E-2;1,095406E+0;;
02/12/2021  12:47:15,011363;1,054908E+0;1,044459E+1;1,821298E-2;1,093086E+0;;
02/12/2021  12:47:15,011463;1,056127E+0;1,044459E+1;1,821298E-2;1,090818E+0;;
02/12/2021  12:47:15,011563;1,057381E+0;1,044459E+1;1,568552E-2;1,088606E+0;;
02/12/2021  12:47:15,011663;1,056937E+0;1,044459E+1;1,726518E-2;1,086450E+0;;
02/12/2021  12:47:15,011763;1,057688E+0;1,044459E+1;1,726518E-2;1,084354E+0;;
02/12/2021  12:47:15,011863;1,057650E+0;1,044459E+1;1,663332E-2;1,082319E+0;;
02/12/2021  12:47:15,011963;1,059095E+0;1,044459E+1;1,789705E-2;1,080347E+0;;
02/12/2021  12:47:15,012063;1,061086E+0;1,044459E+1;1,663332E-2;1,078440E+0;;
02/12/2021  12:47:15,012163;1,061628E+0;1,044459E+1;1,821298E-2;1,076601E+0;;
02/12/2021  12:47:15,012263;1,062177E+0;1,044459E+1;1,694925E-2;1,074830E+0;;
02/12/2021  12:47:15,012363;1,063536E+0;1,044459E+1;1,821298E-2;1,073129E+0;;
02/12/2021  12:47:15,012463;1,065857E+0;1,044459E+1;1,821298E-2;1,071502E+0;;
02/12/2021  12:47:15,012563;1,067574E+0;1,044459E+1;1,916077E-2;1,069948E+0;;
02/12/2021  12:47:15,012663;1,069097E+0;1,044459E+1;3,716890E-2;1,068470E+0;;
02/12/2021  12:47:15,012763;1,068632E+0;1,044459E+1;2,105637E-2;1,067070E+0;;
02/12/2021  12:47:15,012863;1,069454E+0;1,044459E+1;1,758111E-2;1,065750E+0;;
02/12/2021  12:47:15,012963;1,071863E+0;1,044459E+1;2,832280E-2;1,064509E+0;;
02/12/2021  12:47:15,013063;1,073198E+0;1,044459E+1;6,117973E-2;1,063350E+0;;
02/12/2021  12:47:15,013163;1,074142E+0;1,044459E+1;1,202590E-1;1,062273E+0;;
02/12/2021  12:47:15,013263;1,074175E+0;1,044459E+1;6,086380E-2;1,061280E+0;;
02/12/2021  12:47:15,013363;1,075934E+0;1,044459E+1;1,442179E-2;1,060369E+0;;
02/12/2021  12:47:15,013463;1,078306E+0;1,044459E+1;1,916077E-2;1,059543E+0;;
02/12/2021  12:47:15,013563;1,079695E+0;1,044459E+1;6,907803E-2;1,058800E+0;;
02/12/2021  12:47:15,013663;1,081036E+0;1,044459E+1;1,341600E-1;1,058142E+0;;
02/12/2021  12:47:15,013763;1,081560E+0;1,044459E+1;1,758111E-2;1,057568E+0;;
02/12/2021  12:47:15,013863;1,083769E+0;1,044459E+1;1,758111E-2;1,057078E+0;;
02/12/2021  12:47:15,013963;1,086913E+0;1,044459E+1;3,495737E-2;1,056672E+0;;
02/12/2021  12:47:15,014063;1,088788E+0;1,044459E+1;7,444887E-2;1,056349E+0;;
02/12/2021  12:47:15,014163;1,090656E+0;1,044459E+1;2,389975E-2;1,056110E+0;;
02/12/2021  12:47:15,014263;1,092295E+0;1,044459E+1;1,821298E-2;1,055953E+0;;
02/12/2021  12:47:15,014363;1,094790E+0;1,044459E+1;5,075397E-2;1,055880E+0;;
02/12/2021  12:47:15,014463;1,097541E+0;1,044459E+1;8,582243E-2;1,055888E+0;;
02/12/2021  12:47:15,014563;1,099684E+0;1,044459E+1;8,297904E-2;1,055978E+0;;
02/12/2021  12:47:15,014663;1,100983E+0;1,044459E+1;4,127601E-2;1,056150E+0;;
02/12/2021  12:47:15,014763;1,101973E+0;1,044459E+1;8,866581E-2;1,056403E+0;;
02/12/2021  12:47:15,014863;1,104342E+0;1,044459E+1;1,294210E-1;1,056735E+0;;
02/12/2021  12:47:15,014963;1,106994E+0;1,044459E+1;1,852891E-2;1,057147E+0;;
02/12/2021  12:47:15,015063;1,109548E+0;1,044459E+1;2,200416E-2;1,057636E+0;;
02/12/2021  12:47:15,015163;1,110744E+0;1,044459E+1;1,726518E-2;1,058203E+0;;
02/12/2021  12:47:15,015263;1,112144E+0;1,044459E+1;1,473773E-2;1,058845E+0;;
02/12/2021  12:47:15,015363;1,115709E+0;1,044459E+1;1,758111E-2;1,059562E+0;;
02/12/2021  12:47:15,015463;1,118388E+0;1,044459E+1;1,663332E-2;1,060351E+0;;
02/12/2021  12:47:15,015563;1,120492E+0;1,044459E+1;1,789705E-2;1,061213E+0;;
02/12/2021  12:47:15,015663;1,122107E+0;1,044459E+1;2,421569E-2;1,062146E+0;;
02/12/2021  12:47:15,015763;1,124560E+0;1,044459E+1;1,568552E-2;1,063148E+0;;
02/12/2021  12:47:15,015863;1,127907E+0;1,044459E+1;1,410586E-2;1,064217E+0;;
02/12/2021  12:47:15,015963;1,130914E+0;1,044459E+1;1,726518E-2;1,065354E+0;;
02/12/2021  12:47:15,016063;1,134002E+0;1,044459E+1;1,789705E-2;1,066555E+0;;
02/12/2021  12:47:15,016163;1,135829E+0;1,044459E+1;1,378993E-2;1,067821E+0;;
02/12/2021  12:47:15,016263;1,137790E+0;1,044459E+1;1,916077E-2;1,069150E+0;;
02/12/2021  12:47:15,016363;1,141616E+0;1,044459E+1;1,979264E-2;1,070540E+0;;
02/12/2021  12:47:15,016463;1,144209E+0;1,044459E+1;2,010857E-2;1,071991E+0;;
02/12/2021  12:47:15,016563;1,146793E+0;1,044459E+1;2,232009E-2;1,073501E+0;;
02/12/2021  12:47:15,016663;1,147446E+0;1,044459E+1;2,105637E-2;1,075069E+0;;
02/12/2021  12:47:15,016763;1,149937E+0;1,044459E+1;1,758111E-2;1,076693E+0;;
02/12/2021  12:47:15,016863;1,152653E+0;1,044459E+1;9,998747E-3;1,078372E+0;;
02/12/2021  12:47:15,016963;1,154995E+0;1,044459E+1;1,505366E-2;1,080104E+0;;
02/12/2021  12:47:15,017063;1,157117E+0;1,044459E+1;1,252620E-2;1,081887E+0;;
02/12/2021  12:47:15,017163;1,158694E+0;1,044459E+1;1,505366E-2;1,083719E+0;;
02/12/2021  12:47:15,017263;1,162154E+0;1,044459E+1;8,103155E-3;1,085600E+0;;
02/12/2021  12:47:15,017363;1,165632E+0;1,044459E+1;1,031468E-2;1,087525E+0;;
02/12/2021  12:47:15,017463;1,168645E+0;1,044459E+1;1,568552E-2;1,089495E+0;;
02/12/2021  12:47:15,017563;1,170877E+0;1,044459E+1;1,473773E-2;1,091508E+0;;
02/12/2021  12:47:15,017663;1,171962E+0;1,044459E+1;8,735019E-3;1,093561E+0;;
02/12/2021  12:47:15,017763;1,175085E+0;1,044459E+1;9,366883E-3;1,095654E+0;;
02/12/2021  12:47:15,017863;1,179439E+0;1,044459E+1;1,884484E-2;1,097784E+0;;
02/12/2021  12:47:15,017963;1,182006E+0;1,044459E+1;1,726518E-2;1,099950E+0;;
02/12/2021  12:47:15,018063;1,184428E+0;1,044459E+1;1,663332E-2;1,102152E+0;;
02/12/2021  12:47:15,018163;1,186542E+0;1,044459E+1;1,442179E-2;1,104387E+0;;
02/12/2021  12:47:15,018263;1,189775E+0;1,044459E+1;1,410586E-2;1,106654E+0;;
02/12/2021  12:47:15,018363;1,193182E+0;1,044459E+1;1,505366E-2;1,108952E+0;;
02/12/2021  12:47:15,018463;1,195414E+0;1,044459E+1;1,694925E-2;1,111280E+0;;
02/12/2021  12:47:15,018563;1,197816E+0;1,044459E+1;1,631739E-2;1,113636E+0;;
02/12/2021  12:47:15,018663;1,199124E+0;1,044459E+1;1,821298E-2;1,116019E+0;;
02/12/2021  12:47:15,018763;1,202722E+0;1,044459E+1;1,758111E-2;1,118428E+0;;
02/12/2021  12:47:15,018863;1,205916E+0;1,044459E+1;1,663332E-2;1,120862E+0;;
02/12/2021  12:47:15,018963;1,208941E+0;1,044459E+1;1,758111E-2;1,123319E+0;;
02/12/2021  12:47:15,019063;1,211323E+0;1,044459E+1;1,979264E-2;1,125799E+0;;
02/12/2021  12:47:15,019163;1,213427E+0;1,044459E+1;1,916077E-2;1,128299E+0;;
02/12/2021  12:47:15,019263;1,217683E+0;1,044459E+1;1,694925E-2;1,130819E+0;;
02/12/2021  12:47:15,019363;1,221241E+0;1,044459E+1;1,884484E-2;1,133359E+0;;
02/12/2021  12:47:15,019463;1,224555E+0;1,044459E+1;1,884484E-2;1,135916E+0;;
02/12/2021  12:47:15,019563;1,226665E+0;1,044459E+1;1,916077E-2;1,138492E+0;;
02/12/2021  12:47:15,019663;1,229297E+0;1,044459E+1;1,916077E-2;1,141084E+0;;
02/12/2021  12:47:15,019763;1,233022E+0;1,044459E+1;2,010857E-2;1,143693E+0;;
02/12/2021  12:47:15,019863;1,236482E+0;1,044459E+1;1,694925E-2;1,146318E+0;;
02/12/2021  12:47:15,019963;1,238911E+0;1,044459E+1;1,821298E-2;1,148958E+0;;
02/12/2021  12:47:15,020063;1,241364E+0;1,044459E+1;1,852891E-2;1,151613E+0;;
02/12/2021  12:47:15,020163;1,243695E+0;1,044459E+1;1,031468E-2;1,154283E+0;;
02/12/2021  12:47:15,020263;1,247343E+0;1,044459E+1;2,042450E-2;1,156966E+0;;
02/12/2021  12:47:15,020363;1,250439E+0;1,044459E+1;1,726518E-2;1,159663E+0;;
02/12/2021  12:47:15,020463;1,252889E+0;1,044459E+1;1,916077E-2;1,162373E+0;;
02/12/2021  12:47:15,020563;1,254421E+0;1,044459E+1;1,821298E-2;1,165094E+0;;
02/12/2021  12:47:15,020663;1,256659E+0;1,044459E+1;1,631739E-2;1,167828E+0;;
02/12/2021  12:47:15,020763;1,260262E+0;1,044459E+1;1,189434E-2;1,170572E+0;;
02/12/2021  12:47:15,020863;1,263055E+0;1,044459E+1;1,852891E-2;1,173326E+0;;
02/12/2021  12:47:15,020963;1,265519E+0;1,044459E+1;1,852891E-2;1,176090E+0;;
02/12/2021  12:47:15,021063;1,266756E+0;1,044459E+1;1,758111E-2;1,178861E+0;;
02/12/2021  12:47:15,021163;1,269793E+0;1,044459E+1;1,631739E-2;1,181641E+0;;
02/12/2021  12:47:15,021263;1,273185E+0;1,044459E+1;1,884484E-2;1,184427E+0;;
02/12/2021  12:47:15,021363;1,276097E+0;1,044459E+1;1,758111E-2;1,187219E+0;;
02/12/2021  12:47:15,021463;1,278195E+0;1,044459E+1;1,821298E-2;1,190016E+0;;
02/12/2021  12:47:15,021563;1,279685E+0;1,044459E+1;1,694925E-2;1,192818E+0;;
02/12/2021  12:47:15,021663;1,281893E+0;1,044459E+1;1,821298E-2;1,195622E+0;;
02/12/2021  12:47:15,021763;1,285225E+0;1,044459E+1;9,998747E-3;1,198430E+0;;
02/12/2021  12:47:15,021863;1,288012E+0;1,044459E+1;1,821298E-2;1,201239E+0;;
02/12/2021  12:47:15,021963;1,290000E+0;1,044459E+1;1,789705E-2;1,204048E+0;;
02/12/2021  12:47:15,022063;1,291493E+0;1,044459E+1;1,347400E-2;1,206858E+0;;
02/12/2021  12:47:15,022163;1,293725E+0;1,044459E+1;1,916077E-2;1,209667E+0;;
02/12/2021  12:47:15,022263;1,296726E+0;1,044459E+1;1,315807E-2;1,212473E+0;;
02/12/2021  12:47:15,022363;1,298440E+0;1,044459E+1;1,821298E-2;1,215276E+0;;
02/12/2021  12:47:15,022463;1,300249E+0;1,557265E-1;1,306848E-1;1,218076E+0;;
02/12/2021  12:47:15,022563;1,300642E+0;1,461691E-1;1,319485E-1;1,220870E+0;;
02/12/2021  12:47:15,022663;1,302231E+0;1,382046E-1;1,212068E-1;1,223658E+0;;
02/12/2021  12:47:15,022763;1,304257E+0;8,054160E-2;7,381701E-2;1,226439E+0;;
02/12/2021  12:47:15,022863;1,306573E+0;6,524976E-2;8,961361E-2;1,229210E+0;;
02/12/2021  12:47:15,022963;1,306382E+0;1,714418E-2;1,947671E-2;1,231970E+0;;
02/12/2021  12:47:15,023063;1,306674E+0;1,366117E-1;1,297370E-1;1,234719E+0;;
02/12/2021  12:47:15,023163;1,307273E+0;1,171783E-1;1,101492E-1;1,237453E+0;;
02/12/2021  12:47:15,023263;1,309071E+0;1,650702E-2;1,916077E-2;1,240171E+0;;
02/12/2021  12:47:15,023363;1,310784E+0;1,841850E-2;1,758111E-2;1,242870E+0;;
02/12/2021  12:47:15,023463;1,310358E+0;1,746276E-2;1,821298E-2;1,245550E+0;;
02/12/2021  12:47:15,023563;1,310579E+0;1,523270E-2;1,789705E-2;1,248207E+0;;
02/12/2021  12:47:15,023663;1,312343E+0;1,523270E-2;1,758111E-2;1,250840E+0;;
02/12/2021  12:47:15,023763;1,313034E+0;1,332122E-2;1,916077E-2;1,253447E+0;;
02/12/2021  12:47:15,023863;1,314033E+0;1,682560E-2;1,821298E-2;1,256024E+0;;
02/12/2021  12:47:15,023963;1,314054E+0;1,300264E-2;1,568552E-2;1,258571E+0;;
02/12/2021  12:47:15,024063;1,313762E+0;1,140974E-2;1,473773E-2;1,261085E+0;;
02/12/2021  12:47:15,024163;1,314805E+0;3,763818E-3;6,207563E-3;1,263564E+0;;
02/12/2021  12:47:15,024263;1,315884E+0;1,533758E-3;4,311971E-3;1,266005E+0;;
02/12/2021  12:47:15,024363;1,316122E+0;1,533758E-3;3,680107E-3;1,268408E+0;;
02/12/2021  12:47:15,024463;1,314659E+0;8,223938E-3;1,189434E-2;1,270770E+0;;
02/12/2021  12:47:15,024563;1,315028E+0;9,179678E-3;1,315807E-2;1,273089E+0;;
02/12/2021  12:47:15,024663;1,315130E+0;1,215178E-3;3,680107E-3;1,275362E+0;;
02/12/2021  12:47:15,024763;1,314763E+0;8,965980E-4;3,364175E-3;1,277589E+0;;
02/12/2021  12:47:15,024863;1,314402E+0;4,082398E-3;7,155359E-3;1,279767E+0;;
02/12/2021  12:47:15,024963;1,312948E+0;1,215178E-3;3,364175E-3;1,281893E+0;;
02/12/2021  12:47:15,025063;1,311705E+0;1,533758E-3;3,364175E-3;1,283966E+0;;
02/12/2021  12:47:15,025163;1,312316E+0;1,215178E-3;3,364175E-3;1,285984E+0;;
02/12/2021  12:47:15,025263;1,311425E+0;8,965980E-4;3,364175E-3;1,287944E+0;;
02/12/2021  12:47:15,025363;1,310650E+0;1,533758E-3;3,680107E-3;1,289845E+0;;
02/12/2021  12:47:15,025463;1,308206E+0;1,215178E-3;3,996039E-3;1,291685E+0;;
02/12/2021  12:47:15,025563;1,307875E+0;1,533758E-3;3,364175E-3;1,293460E+0;;
02/12/2021  12:47:15,025663;1,307259E+0;1,215178E-3;3,680107E-3;1,295171E+0;;
02/12/2021  12:47:15,025763;1,306871E+0;2,170918E-3;4,627903E-3;1,296814E+0;;
02/12/2021  12:47:15,025863;1,305649E+0;1,215178E-3;3,680107E-3;1,298388E+0;;
02/12/2021  12:47:15,025963;1,303322E+0;1,045400E-2;1,442179E-2;1,299891E+0;;
02/12/2021  12:47:15,026063;1,302106E+0;6,312458E-3;8,735019E-3;1,301322E+0;;
02/12/2021  12:47:15,026163;1,301372E+0;1,363980E-2;1,631739E-2;1,302680E+0;;
02/12/2021  12:47:15,026263;1,299960E+0;1,204690E-2;1,536959E-2;1,303962E+0;;
02/12/2021  12:47:15,026363;1,297796E+0;9,816838E-3;1,063061E-2;1,305168E+0;;
02/12/2021  12:47:15,026463;1,294962E+0;1,236548E-2;1,600145E-2;1,306296E+0;;
02/12/2021  12:47:15,026563;1,292721E+0;1,586986E-2;1,884484E-2;1,307345E+0;;
02/12/2021  12:47:15,026663;1,291383E+0;1,459554E-2;1,694925E-2;1,308313E+0;;
02/12/2021  12:47:15,026763;1,289240E+0;1,395838E-2;1,694925E-2;1,309200E+0;;
02/12/2021  12:47:15,026863;1,286534E+0;1,523270E-2;1,726518E-2;1,310004E+0;;
02/12/2021  12:47:15,026963;1,283267E+0;1,586986E-2;1,726518E-2;1,310723E+0;;
02/12/2021  12:47:15,027063;1,281065E+0;2,988738E-2;1,726518E-2;1,311356E+0;;
02/12/2021  12:47:15,027163;1,277965E+0;9,498258E-3;1,631739E-2;1,311902E+0;;
02/12/2021  12:47:15,027263;1,275807E+0;1,459554E-2;1,600145E-2;1,312361E+0;;
02/12/2021  12:47:15,027363;1,271963E+0;1,523270E-2;1,758111E-2;1,312729E+0;;
02/12/2021  12:47:15,027463;1,267600E+0;7,576290E-2;8,392683E-2;1,313007E+0;;
02/12/2021  12:47:15,027563;1,264759E+0;1,491412E-2;1,916077E-2;1,313193E+0;;
02/12/2021  12:47:15,027663;1,262036E+0;1,123996E-1;1,224705E-1;1,313286E+0;;
02/12/2021  12:47:15,027763;1,258629E+0;1,523270E-2;1,789705E-2;1,313284E+0;;
02/12/2021  12:47:15,027863;1,254448E+0;1,197269E-1;1,237343E-1;1,313185E+0;;
02/12/2021  12:47:15,027963;1,249560E+0;7,576290E-2;1,031987E-1;1,312990E+0;;
02/12/2021  12:47:15,028063;1,246651E+0;1,149482E-1;1,464814E-1;1,312696E+0;;
02/12/2021  12:47:15,028163;1,242565E+0;1,491412E-2;2,137230E-2;1,312303E+0;;
02/12/2021  12:47:15,028263;1,238893E+0;1,369303E-1;1,360556E-1;1,311808E+0;;
02/12/2021  12:47:15,028363;1,233630E+0;1,095324E-1;1,799702E-1;1,311212E+0;;
02/12/2021  12:47:15,028463;1,229231E+0;1,130368E-1;1,534319E-1;1,310513E+0;;
02/12/2021  12:47:15,028563;1,225414E+0;8,563888E-2;1,407946E-1;1,309709E+0;;
02/12/2021  12:47:15,028663;1,222269E+0;1,204690E-2;2,895467E-2;1,308801E+0;;
02/12/2021  12:47:15,028763;1,218148E+0;1,267357E-1;1,335282E-1;1,307786E+0;;
02/12/2021  12:47:15,028863;1,213501E+0;2,415294E-2;7,002583E-2;1,306665E+0;;
02/12/2021  12:47:15,028963;1,209117E+0;1,554079E-1;1,727037E-1;1,305437E+0;;
02/12/2021  12:47:15,029063;1,205851E+0;1,095324E-1;1,610142E-1;1,304102E+0;;
02/12/2021  12:47:15,029163;1,203136E+0;9,487770E-2;1,117289E-1;1,302659E+0;;
02/12/2021  12:47:15,029263;1,198838E+0;1,563636E-1;1,806020E-1;1,301110E+0;;
02/12/2021  12:47:15,029363;1,193623E+0;1,471248E-1;1,512204E-1;1,299454E+0;;
02/12/2021  12:47:15,029463;1,189596E+0;1,650702E-2;2,737501E-2;1,297692E+0;;
02/12/2021  12:47:15,029563;1,187051E+0;1,523270E-2;1,947671E-2;1,295826E+0;;
02/12/2021  12:47:15,029663;1,184014E+0;2,479010E-2;3,495737E-2;1,293855E+0;;
02/12/2021  12:47:15,029763;1,179988E+0;1,420275E-1;1,629098E-1;1,291781E+0;;
02/12/2021  12:47:15,029863;1,175312E+0;7,671864E-2;7,539667E-2;1,289606E+0;;
02/12/2021  12:47:15,029963;1,171571E+0;1,873708E-2;3,811669E-2;1,287332E+0;;
02/12/2021  12:47:15,030063;1,168538E+0;5,473662E-2;7,286922E-2;1,284960E+0;;
02/12/2021  12:47:15,030163;1,164899E+0;1,650702E-2;1,315807E-2;1,282493E+0;;
02/12/2021  12:47:15,030263;1,160461E+0;2,224146E-2;2,200416E-2;1,279932E+0;;
02/12/2021  12:47:15,030363;1,155532E+0;1,363980E-2;8,419087E-3;1,277281E+0;;
02/12/2021  12:47:15,030463;1,151362E+0;1,171783E-1;1,774427E-1;1,274541E+0;;
02/12/2021  12:47:15,030563;1,148537E+0;1,229127E-1;1,474292E-1;1,271714E+0;;
02/12/2021  12:47:15,030663;1,145249E+0;8,213450E-2;8,171531E-2;1,268804E+0;;
02/12/2021  12:47:15,030763;1,140982E+0;6,493118E-2;7,444887E-2;1,265813E+0;;
02/12/2021  12:47:15,030863;1,136782E+0;8,149734E-2;8,108345E-2;1,262743E+0;;
02/12/2021  12:47:15,030963;1,133865E+0;9,264764E-2;1,366875E-1;1,259598E+0;;
02/12/2021  12:47:15,031063;1,131159E+0;1,340630E-1;1,256299E-1;1,256381E+0;;
02/12/2021  12:47:15,031163;1,128375E+0;1,006121E-1;1,088855E-1;1,253093E+0;;
02/12/2021  12:47:15,031263;1,124730E+0;1,257800E-1;1,234183E-1;1,249740E+0;;
02/12/2021  12:47:15,031363;1,120585E+0;1,235499E-1;1,189953E-1;1,246325E+0;;
02/12/2021  12:47:15,031463;1,117729E+0;1,108067E-1;9,782784E-2;1,242850E+0;;
02/12/2021  12:47:15,031563;1,115914E+0;9,009900E-2;6,623464E-2;1,239321E+0;;
02/12/2021  12:47:15,031663;1,113855E+0;4,422348E-2;5,233363E-2;1,235739E+0;;
02/12/2021  12:47:15,031763;1,110574E+0;1,229127E-1;1,272095E-1;1,232110E+0;;
02/12/2021  12:47:15,031863;1,107707E+0;1,073023E-1;1,088855E-1;1,228438E+0;;
02/12/2021  12:47:15,031963;1,105611E+0;1,270543E-1;1,221546E-1;1,224726E+0;;
02/12/2021  12:47:15,032063;1,103385E+0;1,273729E-1;1,218387E-1;1,220979E+0;;
02/12/2021  12:47:15,032163;1,101177E+0;1,311958E-1;1,123607E-1;1,217202E+0;;
02/12/2021  12:47:15,032263;1,097347E+0;1,168597E-1;1,145722E-1;1,213398E+0;;
02/12/2021  12:47:15,032363;1,094298E+0;1,139925E-1;1,193112E-1;1,209572E+0;;
02/12/2021  12:47:15,032463;1,091783E+0;1,429833E-1;1,325804E-1;1,205728E+0;;
02/12/2021  12:47:15,032563;1,089822E+0;1,194084E-1;1,411105E-1;1,201871E+0;;
02/12/2021  12:47:15,032663;1,087062E+0;1,302401E-1;1,183634E-1;1,198003E+0;;
02/12/2021  12:47:15,032763;1,083995E+0;9,838208E-2;1,152041E-1;1,194128E+0;;
02/12/2021  12:47:15,032863;1,081140E+0;8,850610E-2;1,253139E-1;1,190251E+0;;
02/12/2021  12:47:15,032963;1,079242E+0;7,321426E-2;9,403666E-2;1,186376E+0;;
02/12/2021  12:47:15,033063;1,078464E+0;1,302401E-1;1,313166E-1;1,182504E+0;;
02/12/2021  12:47:15,033163;1,075880E+0;1,270543E-1;1,240502E-1;1,178641E+0;;
02/12/2021  12:47:15,033263;1,074083E+0;1,114439E-1;8,613836E-2;1,174789E+0;;
02/12/2021  12:47:15,033363;1,071296E+0;1,509478E-1;1,685966E-1;1,170952E+0;;
02/12/2021  12:47:15,033463;1,070906E+0;1,359745E-1;1,354238E-1;1,167134E+0;;
02/12/2021  12:47:15,033563;1,070143E+0;1,302401E-1;1,265777E-1;1,163338E+0;;
02/12/2021  12:47:15,033663;1,068948E+0;1,289658E-1;1,281573E-1;1,159567E+0;;
02/12/2021  12:47:15,033763;1,067324E+0;1,280100E-1;1,167838E-1;1,155825E+0;;
02/12/2021  12:47:15,033863;1,066269E+0;1,423461E-1;1,354238E-1;1,152115E+0;;
02/12/2021  12:47:15,033963;1,066111E+0;1,401161E-1;1,395309E-1;1,148441E+0;;
02/12/2021  12:47:15,034063;1,065971E+0;1,286472E-1;1,249980E-1;1,144806E+0;;
02/12/2021  12:47:15,034163;1,064904E+0;1,267357E-1;1,417424E-1;1,141213E+0;;
02/12/2021  12:47:15,034263;1,062749E+0;1,098510E-1;1,237343E-1;1,137667E+0;;
02/12/2021  12:47:15,034363;1,062326E+0;1,213198E-1;1,291051E-1;1,134171E+0;;
02/12/2021  12:47:15,034463;1,062022E+0;1,225942E-1;1,205749E-1;1,130727E+0;;
02/12/2021  12:47:15,034563;1,061512E+0;1,120810E-1;1,129926E-1;1,127338E+0;;
02/12/2021  12:47:15,034663;1,061274E+0;1,159040E-1;1,240502E-1;1,124008E+0;;
02/12/2021  12:47:15,034763;1,060505E+0;6,907272E-2;1,221546E-1;1,120739E+0;;
02/12/2021  12:47:15,034863;1,060311E+0;1,245056E-1;1,164678E-1;1,117534E+0;;
02/12/2021  12:47:15,034963;1,061125E+0;1,315144E-1;1,445858E-1;1,114395E+0;;
02/12/2021  12:47:15,035063;1,061697E+0;1,174969E-1;1,237343E-1;1,111325E+0;;
02/12/2021  12:47:15,035163;1,061634E+0;1,238685E-1;1,133085E-1;1,108327E+0;;
02/12/2021  12:47:15,035263;1,061089E+0;1,076209E-1;1,234183E-1;1,105403E+0;;
02/12/2021  12:47:15,035363;1,062078E+0;1,012493E-1;1,183634E-1;1,102556E+0;;
02/12/2021  12:47:15,035463;1,062925E+0;1,222756E-1;1,467973E-1;1,099787E+0;;
02/12/2021  12:47:15,035563;1,064185E+0;1,327887E-1;1,354238E-1;1,097099E+0;;
02/12/2021  12:47:15,035663;1,064617E+0;1,436204E-1;1,385831E-1;1,094495E+0;;
02/12/2021  12:47:15,035763;1,064689E+0;1,254614E-1;1,354238E-1;1,091976E+0;;
02/12/2021  12:47:15,035863;1,066096E+0;1,184526E-1;1,278414E-1;1,089544E+0;;
02/12/2021  12:47:15,035963;1,068072E+0;1,311958E-1;1,297370E-1;1,087202E+0;;
02/12/2021  12:47:15,036063;1,069282E+0;1,404346E-1;1,354238E-1;1,084950E+0;;
02/12/2021  12:47:15,036163;1,070217E+0;1,362931E-1;1,306848E-1;1,082792E+0;;
02/12/2021  12:47:15,036263;1,070611E+0;1,417090E-1;1,373193E-1;1,080728E+0;;
02/12/2021  12:47:15,036363;1,072396E+0;1,343816E-1;1,268936E-1;1,078760E+0;;
02/12/2021  12:47:15,036463;1,074745E+0;1,423461E-1;1,303688E-1;1,076890E+0;;
02/12/2021  12:47:15,036563;1,075665E+0;1,321516E-1;1,306848E-1;1,075119E+0;;
02/12/2021  12:47:15,036663;1,077033E+0;1,216384E-1;1,265777E-1;1,073448E+0;;
02/12/2021  12:47:15,036763;1,077999E+0;8,595746E-2;8,803395E-2;1,071878E+0;;
02/12/2021  12:47:15,036863;1,080419E+0;-1,014882E-3;6,623464E-2;1,070410E+0;;
02/12/2021  12:47:15,036963;1,083167E+0;1,503106E-1;1,682807E-1;1,069045E+0;;
02/12/2021  12:47:15,037063;1,084612E+0;1,296029E-1;1,256299E-1;1,067784E+0;;
02/12/2021  12:47:15,037163;1,085900E+0;1,767528E-1;1,373193E-1;1,066626E+0;;
02/12/2021  12:47:15,037263;1,087137E+0;1,283286E-1;1,597505E-1;1,065574E+0;;
02/12/2021  12:47:15,037363;1,089732E+0;4,071910E-2;1,028828E-1;1,064627E+0;;
02/12/2021  12:47:15,037463;1,091655E+0;1,401161E-1;1,373193E-1;1,063784E+0;;
02/12/2021  12:47:15,037563;1,093327E+0;1,257800E-1;1,287892E-1;1,063047E+0;;
02/12/2021  12:47:15,037663;1,094501E+0;1,292843E-1;1,373193E-1;1,062415E+0;;
02/12/2021  12:47:15,037763;1,096253E+0;1,257800E-1;1,303688E-1;1,061887E+0;;
02/12/2021  12:47:15,037863;1,098706E+0;1,493549E-1;1,455336E-1;1,061463E+0;;
02/12/2021  12:47:15,037963;1,101934E+0;1,289658E-1;1,278414E-1;1,061142E+0;;
02/12/2021  12:47:15,038063;1,103257E+0;1,213198E-1;1,243661E-1;1,060923E+0;;
02/12/2021  12:47:15,038163;1,104688E+0;1,302401E-1;1,297370E-1;1,060806E+0;;
02/12/2021  12:47:15,038263;1,106485E+0;1,238685E-1;1,101492E-1;1,060789E+0;;
02/12/2021  12:47:15,038363;1,109134E+0;1,200455E-1;1,164678E-1;1,060872E+0;;
02/12/2021  12:47:15,038463;1,111054E+0;1,385232E-1;1,322644E-1;1,061052E+0;;
02/12/2021  12:47:15,038563;1,112666E+0;1,318330E-1;1,294210E-1;1,061329E+0;;
02/12/2021  12:47:15,038663;1,114996E+0;1,302401E-1;1,310007E-1;1,061701E+0;;
02/12/2021  12:47:15,038763;1,116314E+0;1,366117E-1;1,291051E-1;1,062165E+0;;
02/12/2021  12:47:15,038863;1,119625E+0;1,254614E-1;1,249980E-1;1,062721E+0;;
02/12/2021  12:47:15,038963;1,121541E+0;1,098510E-1;1,177316E-1;1,063366E+0;;
02/12/2021  12:47:15,039063;1,123285E+0;1,257800E-1;1,325804E-1;1,064098E+0;;
02/12/2021  12:47:15,039163;1,123931E+0;1,468062E-1;9,940750E-2;1,064916E+0;;
02/12/2021  12:47:15,039263;1,126047E+0;1,174969E-1;1,189953E-1;1,065816E+0;;
02/12/2021  12:47:15,039363;1,128399E+0;1,455319E-1;2,106156E-1;1,066796E+0;;
02/12/2021  12:47:15,039463;1,130270E+0;1,235499E-1;1,281573E-1;1,067855E+0;;
02/12/2021  12:47:15,039563;1,131784E+0;1,350188E-1;1,404787E-1;1,068988E+0;;
02/12/2021  12:47:15,039663;1,133403E+0;1,557265E-1;1,338441E-1;1,070194E+0;;
02/12/2021  12:47:15,039763;1,136133E+0;1,710183E-1;1,594346E-1;1,071470E+0;;
02/12/2021  12:47:15,039863;1,139176E+0;1,174969E-1;1,370034E-1;1,072812E+0;;
02/12/2021  12:47:15,039963;1,141640E+0;1,522221E-1;1,458495E-1;1,074219E+0;;
02/12/2021  12:47:15,040063;1,143548E+0;1,417090E-1;1,382671E-1;1,075688E+0;;
02/12/2021  12:47:15,040163;1,144770E+0;1,436204E-1;1,259458E-1;1,077216E+0;;
02/12/2021  12:47:15,040263;1,147553E+0;1,270543E-1;1,120448E-1;1,078801E+0;;
02/12/2021  12:47:15,040363;1,150212E+0;1,388417E-1;1,401627E-1;1,080440E+0;;
02/12/2021  12:47:15,040463;1,152948E+0;1,251428E-1;1,281573E-1;1,082131E+0;;
02/12/2021  12:47:15,040563;1,155004E+0;1,219570E-1;1,212068E-1;1,083872E+0;;
02/12/2021  12:47:15,040663;1,156876E+0;1,190898E-1;1,180475E-1;1,085660E+0;;
02/12/2021  12:47:15,040763;1,158917E+0;1,133553E-1;1,066739E-1;1,087493E+0;;
02/12/2021  12:47:15,040863;1,161215E+0;1,200455E-1;1,174156E-1;1,089369E+0;;
02/12/2021  12:47:15,040963;1,163355E+0;1,041165E-1;9,751191E-2;1,091286E+0;;
02/12/2021  12:47:15,041063;1,164595E+0;9,870066E-2;1,022509E-1;1,093240E+0;;
02/12/2021  12:47:15,041163;1,166684E+0;1,006121E-1;1,117289E-1;1,095231E+0;;
02/12/2021  12:47:15,041263;1,169068E+0;1,098510E-1;1,164678E-1;1,097255E+0;;
02/12/2021  12:47:15,041363;1,170975E+0;1,283286E-1;1,648054E-1;1,099311E+0;;
02/12/2021  12:47:15,041463;1,173562E+0;1,037979E-1;1,092014E-1;1,101396E+0;;
02/12/2021  12:47:15,041563;1,175359E+0;8,861098E-3;5,454516E-2;1,103508E+0;;
02/12/2021  12:47:15,041663;1,176128E+0;1,050723E-1;1,202590E-1;1,105644E+0;;
02/12/2021  12:47:15,041763;1,178611E+0;4,071910E-2;9,719598E-2;1,107804E+0;;
02/12/2021  12:47:15,041863;1,181070E+0;8,436456E-2;1,145722E-1;1,109983E+0;;
02/12/2021  12:47:15,041963;1,182843E+0;9,487770E-2;1,139404E-1;1,112182E+0;;
02/12/2021  12:47:15,042063;1,184035E+0;-6,430742E-3;6,244346E-2;1,114396E+0;;
02/12/2021  12:47:15,042163;1,184327E+0;9,647060E-2;1,332122E-1;1,116625E+0;;
02/12/2021  12:47:15,042263;1,186336E+0;1,041165E-1;1,095173E-1;1,118866E+0;;
02/12/2021  12:47:15,042363;1,188133E+0;1,057094E-1;1,199431E-1;1,121117E+0;;
02/12/2021  12:47:15,042463;1,189903E+0;9,933782E-2;1,161519E-1;1,123376E+0;;
02/12/2021  12:47:15,042563;1,190681E+0;1,066652E-1;1,174156E-1;1,125641E+0;;
02/12/2021  12:47:15,042663;1,191933E+0;9,360338E-2;1,060421E-1;1,127909E+0;;
02/12/2021  12:47:15,042763;1,194332E+0;1,012493E-1;1,249980E-1;1,130178E+0;;
02/12/2021  12:47:15,042863;1,195897E+0;1,088952E-1;1,234183E-1;1,132446E+0;;
02/12/2021  12:47:15,042963;1,197563E+0;1,448948E-1;1,449017E-1;1,134712E+0;;
02/12/2021  12:47:15,043063;1,198087E+0;1,643281E-1;1,493248E-1;1,136973E+0;;
02/12/2021  12:47:15,043163;1,200015E+0;1,614609E-1;1,414265E-1;1,139228E+0;;
02/12/2021  12:47:15,043263;1,201917E+0;1,735670E-1;1,543797E-1;1,141476E+0;;
02/12/2021  12:47:15,043363;1,203645E+0;1,808943E-1;1,667010E-1;1,143713E+0;;
02/12/2021  12:47:15,043463;1,205681E+0;1,579565E-1;1,676488E-1;1,145940E+0;;
02/12/2021  12:47:15,043563;1,206307E+0;3,084312E-2;8,929768E-2;1,148154E+0;;
02/12/2021  12:47:15,043663;1,207618E+0;1,391603E-1;1,347919E-1;1,150355E+0;;
02/12/2021  12:47:15,043763;1,209821E+0;1,843987E-1;1,872366E-1;1,152541E+0;;
02/12/2021  12:47:15,043863;1,211254E+0;1,423461E-1;1,433221E-1;1,154711E+0;;
02/12/2021  12:47:15,043963;1,212601E+0;1,423461E-1;1,148882E-1;1,156864E+0;;
02/12/2021  12:47:15,044063;1,213287E+0;1,809992E-2;5,233363E-2;1,158999E+0;;
02/12/2021  12:47:15,044163;1,214041E+0;1,332122E-2;7,255328E-2;1,161116E+0;;
02/12/2021  12:47:15,044263;1,215769E+0;7,098420E-2;9,277293E-2;1,163213E+0;;
02/12/2021  12:47:15,044363;1,217230E+0;1,439390E-1;1,411105E-1;1,165289E+0;;
02/12/2021  12:47:15,044463;1,218320E+0;1,267357E-1;1,177316E-1;1,167344E+0;;
02/12/2021  12:47:15,044563;1,219510E+0;1,095324E-1;1,082536E-1;1,169377E+0;;
02/12/2021  12:47:15,044663;1,221474E+0;1,184526E-1;1,155200E-1;1,171387E+0;;
02/12/2021  12:47:15,044763;1,223065E+0;1,133553E-1;1,205749E-1;1,173374E+0;;
02/12/2021  12:47:15,044863;1,224919E+0;1,270543E-1;1,189953E-1;1,175337E+0;;
02/12/2021  12:47:15,044963;1,225136E+0;1,146297E-1;1,196272E-1;1,177276E+0;;
02/12/2021  12:47:15,045063;1,225926E+0;9,870066E-2;1,148882E-1;1,179191E+0;;
02/12/2021  12:47:15,045163;1,228391E+0;1,324701E-1;1,341600E-1;1,181081E+0;;
02/12/2021  12:47:15,045263;1,230143E+0;1,165411E-1;1,120448E-1;1,182947E+0;;
02/12/2021  12:47:15,045363;1,231586E+0;1,210013E-1;1,205749E-1;1,184789E+0;;
02/12/2021  12:47:15,045463;1,232125E+0;1,267357E-1;1,227865E-1;1,186606E+0;;
02/12/2021  12:47:15,045563;1,232989E+0;1,439390E-1;1,458495E-1;1,188399E+0;;
02/12/2021  12:47:15,045663;1,233800E+0;1,401161E-1;1,420583E-1;1,190167E+0;;
02/12/2021  12:47:15,045763;1,235904E+0;1,423461E-1;1,809180E-1;1,191912E+0;;
02/12/2021  12:47:15,045863;1,237034E+0;1,254614E-1;1,234183E-1;1,193633E+0;;
02/12/2021  12:47:15,045963;1,236959E+0;1,050723E-1;1,082536E-1;1,195330E+0;;
02/12/2021  12:47:15,046063;1,237812E+0;1,350188E-1;1,347919E-1;1,197003E+0;;
02/12/2021  12:47:15,046163;1,239355E+0;1,627352E-1;1,809180E-1;1,198653E+0;;
02/12/2021  12:47:15,046263;1,240524E+0;1,324701E-1;1,404787E-1;1,200279E+0;;
02/12/2021  12:47:15,046363;1,241084E+0;1,280100E-1;1,319485E-1;1,201881E+0;;
02/12/2021  12:47:15,046463;1,242222E+0;1,375674E-1;1,452176E-1;1,203461E+0;;
02/12/2021  12:47:15,046563;1,242076E+0;1,117624E-1;1,395309E-1;1,205017E+0;;
02/12/2021  12:47:15,046663;1,244514E+0;1,159040E-1;1,351078E-1;1,206550E+0;;
02/12/2021  12:47:15,046763;1,245468E+0;1,136739E-1;1,069899E-1;1,208060E+0;;
02/12/2021  12:47:15,046863;1,246735E+0;1,235499E-1;1,253139E-1;1,209547E+0;;
02/12/2021  12:47:15,046963;1,247366E+0;1,296029E-1;1,142563E-1;1,211012E+0;;
02/12/2021  12:47:15,047063;1,248150E+0;1,286472E-1;1,272095E-1;1,212455E+0;;
02/12/2021  12:47:15,047163;1,250064E+0;1,146297E-1;1,193112E-1;1,213876E+0;;
02/12/2021  12:47:15,047263;1,250874E+0;1,155854E-1;1,249980E-1;1,215276E+0;;
02/12/2021  12:47:15,047363;1,251607E+0;1,254614E-1;1,332122E-1;1,216655E+0;;
02/12/2021  12:47:15,047463;1,251566E+0;1,299215E-1;1,278414E-1;1,218014E+0;;
02/12/2021  12:47:15,047563;1,252591E+0;1,225942E-1;1,256299E-1;1,219352E+0;;
02/12/2021  12:47:15,047663;1,253720E+0;1,203641E-1;1,265777E-1;1,220671E+0;;
02/12/2021  12:47:15,047763;1,254567E+0;1,468062E-1;1,528000E-1;1,221970E+0;;
02/12/2021  12:47:15,047863;1,255211E+0;1,350188E-1;1,401627E-1;1,223250E+0;;
02/12/2021  12:47:15,047963;1,255053E+0;1,385232E-1;1,562753E-1;1,224511E+0;;
02/12/2021  12:47:15,048063;1,254361E+0;1,155854E-1;1,237343E-1;1,225753E+0;;
02/12/2021  12:47:15,048163;1,255586E+0;1,735670E-1;1,695444E-1;1,226976E+0;;
02/12/2021  12:47:15,048263;1,255914E+0;1,327887E-1;1,370034E-1;1,228180E+0;;
02/12/2021  12:47:15,048363;1,256611E+0;1,190898E-1;1,215227E-1;1,229365E+0;;
02/12/2021  12:47:15,048463;1,256248E+0;1,041165E-1;1,167838E-1;1,230531E+0;;
02/12/2021  12:47:15,048563;1,256036E+0;1,069837E-1;1,044624E-1;1,231677E+0;;
02/12/2021  12:47:15,048663;1,257207E+0;1,133553E-1;7,381701E-2;1,232803E+0;;
02/12/2021  12:47:15,048763;1,257604E+0;1,241871E-1;1,275255E-1;1,233909E+0;;
02/12/2021  12:47:15,048863;1,257288E+0;1,114439E-1;1,044624E-1;1,234995E+0;;
02/12/2021  12:47:15,048963;1,256292E+0;1,085766E-1;1,038306E-1;1,236060E+0;;
02/12/2021  12:47:15,049063;1,255935E+0;1,194084E-1;1,158360E-1;1,237104E+0;;
02/12/2021  12:47:15,049163;1,256787E+0;1,382046E-1;1,281573E-1;1,238126E+0;;
02/12/2021  12:47:15,049263;1,256275E+0;1,401161E-1;1,294210E-1;1,239125E+0;;
02/12/2021  12:47:15,049363;1,256260E+0;1,238685E-1;1,215227E-1;1,240102E+0;;
02/12/2021  12:47:15,049463;1,255056E+0;1,108067E-1;1,170997E-1;1,241054E+0;;
02/12/2021  12:47:15,049563;1,254182E+0;1,343816E-1;1,303688E-1;1,241982E+0;;
02/12/2021  12:47:15,049663;1,254725E+0;1,260985E-1;1,259458E-1;1,242885E+0;;
02/12/2021  12:47:15,049763;1,254159E+0;1,194084E-1;1,240502E-1;1,243761E+0;;
02/12/2021  12:47:15,049863;1,252931E+0;1,168597E-1;1,249980E-1;1,244610E+0;;
02/12/2021  12:47:15,049963;1,250511E+0;1,347002E-1;1,404787E-1;1,245432E+0;;
02/12/2021  12:47:15,050063;1,250174E+0;1,264171E-1;1,291051E-1;1,246223E+0;;
02/12/2021  12:47:15,050163;1,249837E+0;1,863102E-1;2,049288E-1;1,246984E+0;;
02/12/2021  12:47:15,050263;1,248499E+0;1,299215E-1;1,325804E-1;1,247714E+0;;
02/12/2021  12:47:15,050363;1,247363E+0;1,213198E-1;1,265777E-1;1,248410E+0;;
02/12/2021  12:47:15,050463;1,245957E+0;1,327887E-1;1,316326E-1;1,249072E+0;;
02/12/2021  12:47:15,050563;1,244941E+0;1,299215E-1;1,205749E-1;1,249698E+0;;
02/12/2021  12:47:15,050663;1,243882E+0;1,426647E-1;1,436380E-1;1,250287E+0;;
02/12/2021  12:47:15,050763;1,242747E+0;1,375674E-1;1,322644E-1;1,250837E+0;;
02/12/2021  12:47:15,050863;1,241591E+0;1,235499E-1;1,310007E-1;1,251348E+0;;
02/12/2021  12:47:15,050963;1,239853E+0;1,280100E-1;1,249980E-1;1,251819E+0;;
02/12/2021  12:47:15,051063;1,239332E+0;4,963934E-2;6,876210E-2;1,252247E+0;;
02/12/2021  12:47:15,051163;1,238098E+0;1,152668E-1;1,240502E-1;1,252632E+0;;
02/12/2021  12:47:15,051263;1,236652E+0;1,245056E-1;1,281573E-1;1,252973E+0;;
02/12/2021  12:47:15,051363;1,235633E+0;1,353374E-1;1,373193E-1;1,253269E+0;;
02/12/2021  12:47:15,051463;1,234045E+0;1,245056E-1;1,328963E-1;1,253519E+0;;
02/12/2021  12:47:15,051563;1,233246E+0;1,101695E-1;1,256299E-1;1,253722E+0;;
02/12/2021  12:47:15,051663;1,232289E+0;1,299215E-1;1,310007E-1;1,253879E+0;;
02/12/2021  12:47:15,051763;1,230710E+0;9,169190E-2;1,565912E-1;1,253987E+0;;
02/12/2021  12:47:15,051863;1,227986E+0;1,257800E-1;1,205749E-1;1,254047E+0;;
02/12/2021  12:47:15,051963;1,225783E+0;1,299215E-1;1,300529E-1;1,254059E+0;;
02/12/2021  12:47:15,052063;1,224639E+0;1,413904E-1;1,351078E-1;1,254021E+0;;
02/12/2021  12:47:15,052163;1,222994E+0;1,213198E-1;1,237343E-1;1,253933E+0;;
02/12/2021  12:47:15,052263;1,221533E+0;1,206827E-1;1,265777E-1;1,253795E+0;;
02/12/2021  12:47:15,052363;1,218943E+0;1,515849E-1;1,502726E-1;1,253606E+0;;
02/12/2021  12:47:15,052463;1,217787E+0;1,136739E-1;1,047783E-1;1,253366E+0;;
02/12/2021  12:47:15,052563;1,216172E+0;1,168597E-1;1,370034E-1;1,253074E+0;;
02/12/2021  12:47:15,052663;1,214285E+0;1,241871E-1;1,287892E-1;1,252730E+0;;
02/12/2021  12:47:15,052763;1,212095E+0;1,219570E-1;1,215227E-1;1,252335E+0;;
02/12/2021  12:47:15,052863;1,209785E+0;1,289658E-1;1,335282E-1;1,251887E+0;;
02/12/2021  12:47:15,052963;1,207508E+0;1,104881E-1;1,066739E-1;1,251388E+0;;
02/12/2021  12:47:15,053063;1,206259E+0;1,359745E-1;1,256299E-1;1,250835E+0;;
02/12/2021  12:47:15,053163;1,204513E+0;1,324701E-1;1,237343E-1;1,250231E+0;;
02/12/2021  12:47:15,053263;1,202635E+0;1,232313E-1;1,253139E-1;1,249575E+0;;
02/12/2021  12:47:15,053363;1,199601E+0;1,276914E-1;1,338441E-1;1,248866E+0;;
02/12/2021  12:47:15,053463;1,198305E+0;1,468062E-1;1,392149E-1;1,248106E+0;;
02/12/2021  12:47:15,053563;1,196460E+0;1,372488E-1;1,155200E-1;1,247294E+0;;
02/12/2021  12:47:15,053663;1,194359E+0;1,002936E-1;1,079377E-1;1,246430E+0;;
02/12/2021  12:47:15,053763;1,191754E+0;1,088952E-1;1,158360E-1;1,245517E+0;;
02/12/2021  12:47:15,053863;1,188061E+0;1,264171E-1;1,272095E-1;1,244552E+0;;
02/12/2021  12:47:15,053963;1,186273E+0;1,280100E-1;1,227865E-1;1,243538E+0;;
02/12/2021  12:47:15,054063;1,184092E+0;1,114439E-1;1,063580E-1;1,242474E+0;;
02/12/2021  12:47:15,054163;1,181722E+0;9,901924E-2;1,158360E-1;1,241360E+0;;
02/12/2021  12:47:15,054263;1,178992E+0;1,181340E-1;1,256299E-1;1,240197E+0;;
02/12/2021  12:47:15,054363;1,176620E+0;9,583344E-2;1,054102E-1;1,238985E+0;;
02/12/2021  12:47:15,054463;1,173991E+0;8,627604E-2;9,466852E-2;1,237724E+0;;
02/12/2021  12:47:15,054563;1,171637E+0;1,146297E-1;1,613302E-1;1,236416E+0;;
02/12/2021  12:47:15,054663;1,169986E+0;1,060280E-1;1,041465E-1;1,235059E+0;;
02/12/2021  12:47:15,054763;1,167181E+0;1,391603E-1;1,951349E-1;1,233656E+0;;
02/12/2021  12:47:15,054863;1,163602E+0;1,130368E-1;1,221546E-1;1,232206E+0;;
02/12/2021  12:47:15,054963;1,161871E+0;7,034704E-2;8,645429E-2;1,230709E+0;;
02/12/2021  12:47:15,055063;1,160196E+0;7,385142E-2;1,016190E-1;1,229168E+0;;
02/12/2021  12:47:15,055163;1,159126E+0;9,360338E-2;1,035146E-1;1,227582E+0;;
02/12/2021  12:47:15,055263;1,155737E+0;9,264764E-2;1,073058E-1;1,225952E+0;;
02/12/2021  12:47:15,055363;1,153082E+0;8,563888E-2;9,814378E-2;1,224279E+0;;
02/12/2021  12:47:15,055463;1,151770E+0;9,232906E-2;1,382671E-1;1,222565E+0;;
02/12/2021  12:47:15,055563;1,150256E+0;1,044351E-1;1,224705E-1;1,220810E+0;;
02/12/2021  12:47:15,055663;1,147869E+0;1,194084E-1;1,344760E-1;1,219016E+0;;
02/12/2021  12:47:15,055763;1,144549E+0;7,448858E-2;1,167838E-1;1,217184E+0;;
02/12/2021  12:47:15,055863;1,141736E+0;1,111253E-1;1,205749E-1;1,215315E+0;;
02/12/2021  12:47:15,055963;1,139375E+0;1,296029E-1;1,291051E-1;1,213412E+0;;
02/12/2021  12:47:15,056063;1,137226E+0;1,656025E-1;1,512204E-1;1,211473E+0;;
02/12/2021  12:47:15,056163;1,135069E+0;1,843987E-1;1,606983E-1;1,209502E+0;;
02/12/2021  12:47:15,056263;1,132565E+0;1,984162E-1;1,660692E-1;1,207499E+0;;
02/12/2021  12:47:15,056363;1,129829E+0;1,965047E-1;1,695444E-1;1,205465E+0;;
02/12/2021  12:47:15,056463;1,128491E+0;1,573194E-1;1,682807E-1;1,203401E+0;;
02/12/2021  12:47:15,056563;1,125928E+0;1,640096E-1;1,540637E-1;1,201309E+0;;
02/12/2021  12:47:15,056663;1,124042E+0;1,417090E-1;1,509044E-1;1,199190E+0;;
02/12/2021  12:47:15,056763;1,121371E+0;1,012493E-1;1,461654E-1;1,197046E+0;;
02/12/2021  12:47:15,056863;1,119425E+0;1,292843E-1;1,300529E-1;1,194877E+0;;
02/12/2021  12:47:15,056963;1,117548E+0;1,490363E-1;2,257803E-1;1,192686E+0;;
02/12/2021  12:47:15,057063;1,115852E+0;1,356559E-1;1,366875E-1;1,190473E+0;;
02/12/2021  12:47:15,057163;1,113623E+0;1,162226E-1;1,284732E-1;1,188240E+0;;
02/12/2021  12:47:15,057263;1,111179E+0;1,162226E-1;1,231024E-1;1,185988E+0;;
02/12/2021  12:47:15,057363;1,109173E+0;1,095324E-1;1,259458E-1;1,183720E+0;;
02/12/2021  12:47:15,057463;1,107677E+0;2,925022E-2;3,558924E-2;1,181435E+0;;
02/12/2021  12:47:15,057563;1,105865E+0;1,254614E-1;1,265777E-1;1,179137E+0;;
02/12/2021  12:47:15,057663;1,103966E+0;1,292843E-1;1,313166E-1;1,176827E+0;;
02/12/2021  12:47:15,057763;1,100441E+0;1,433019E-1;1,370034E-1;1,174505E+0;;
02/12/2021  12:47:15,057863;1,098432E+0;1,413904E-1;1,310007E-1;1,172174E+0;;
02/12/2021  12:47:15,057963;1,096972E+0;1,194084E-1;1,003553E-1;1,169834E+0;;
02/12/2021  12:47:15,058063;1,095899E+0;1,210013E-1;1,256299E-1;1,167488E+0;;
02/12/2021  12:47:15,058163;1,094376E+0;1,076209E-1;9,940750E-2;1,165135E+0;;
02/12/2021  12:47:15,058263;1,092364E+0;6,461260E-2;8,266311E-2;1,162779E+0;;
02/12/2021  12:47:15,058363;1,091181E+0;1,407532E-1;1,246821E-1;1,160420E+0;;
02/12/2021  12:47:15,058463;1,090430E+0;1,245056E-1;1,281573E-1;1,158060E+0;;
02/12/2021  12:47:15,058563;1,089980E+0;1,206827E-1;1,287892E-1;1,155701E+0;;
02/12/2021  12:47:15,058663;1,088767E+0;1,385232E-1;1,297370E-1;1,153344E+0;;
02/12/2021  12:47:15,058763;1,087101E+0;1,331073E-1;1,344760E-1;1,150991E+0;;
02/12/2021  12:47:15,058863;1,086368E+0;8,627604E-2;1,177316E-1;1,148645E+0;;
02/12/2021  12:47:15,058963;1,086594E+0;1,063466E-1;1,689125E-1;1,146308E+0;;
02/12/2021  12:47:15,059063;1,085792E+0;1,382046E-1;1,423743E-1;1,143981E+0;;
02/12/2021  12:47:15,059163;1,085113E+0;1,719741E-1;1,559593E-1;1,141667E+0;;
02/12/2021  12:47:15,059263;1,083358E+0;1,149482E-1;1,120448E-1;1,139367E+0;;
02/12/2021  12:47:15,059363;1,083611E+0;1,324701E-1;1,262617E-1;1,137086E+0;;
02/12/2021  12:47:15,059463;1,083489E+0;1,308772E-1;1,420583E-1;1,134823E+0;;
02/12/2021  12:47:15,059563;1,083086E+0;1,305587E-1;1,284732E-1;1,132582E+0;;
02/12/2021  12:47:15,059663;1,082162E+0;1,302401E-1;1,426902E-1;1,130365E+0;;
02/12/2021  12:47:15,059763;1,081408E+0;1,340630E-1;1,275255E-1;1,128175E+0;;
02/12/2021  12:47:15,059863;1,081319E+0;1,245056E-1;1,303688E-1;1,126012E+0;;
02/12/2021  12:47:15,059963;1,080833E+0;1,225942E-1;1,265777E-1;1,123880E+0;;
02/12/2021  12:47:15,060063;1,081450E+0;1,324701E-1;1,284732E-1;1,121781E+0;;
02/12/2021  12:47:15,060163;1,081781E+0;1,305587E-1;1,458495E-1;1,119715E+0;;
02/12/2021  12:47:15,060263;1,081775E+0;1,162226E-1;1,256299E-1;1,117687E+0;;
02/12/2021  12:47:15,060363;1,082970E+0;1,146297E-1;1,275255E-1;1,115697E+0;;
02/12/2021  12:47:15,060463;1,083602E+0;1,311958E-1;1,335282E-1;1,113748E+0;;
02/12/2021  12:47:15,060563;1,084442E+0;1,219570E-1;1,275255E-1;1,111842E+0;;
02/12/2021  12:47:15,060663;1,084389E+0;1,165411E-1;1,234183E-1;1,109981E+0;;
02/12/2021  12:47:15,060763;1,085009E+0;1,245056E-1;1,287892E-1;1,108169E+0;;
02/12/2021  12:47:15,060863;1,085623E+0;9,424054E-2;1,597505E-1;1,106406E+0;;
02/12/2021  12:47:15,060963;1,086490E+0;1,257800E-1;1,303688E-1;1,104695E+0;;
02/12/2021  12:47:15,061063;1,087464E+0;1,452133E-1;1,474292E-1;1,103038E+0;;
02/12/2021  12:47:15,061163;1,088019E+0;8,468314E-2;1,120448E-1;1,101437E+0;;
02/12/2021  12:47:15,061263;1,088516E+0;7,268198E-3;6,718244E-2;1,099894E+0;;
02/12/2021  12:47:15,061363;1,090388E+0;1,534964E-1;1,515363E-1;1,098411E+0;;
02/12/2021  12:47:15,061463;1,091348E+0;1,232313E-1;1,272095E-1;1,096989E+0;;
02/12/2021  12:47:15,061563;1,092465E+0;1,210013E-1;1,370034E-1;1,095630E+0;;
02/12/2021  12:47:15,061663;1,092599E+0;1,327887E-1;1,379512E-1;1,094335E+0;;
02/12/2021  12:47:15,061763;1,093228E+0;1,254614E-1;1,262617E-1;1,093107E+0;;
02/12/2021  12:47:15,061863;1,095368E+0;1,254614E-1;1,009872E-1;1,091945E+0;;
02/12/2021  12:47:15,061963;1,097052E+0;1,302401E-1;1,275255E-1;1,090852E+0;;
02/12/2021  12:47:15,062063;1,098846E+0;1,152668E-1;1,205749E-1;1,089829E+0;;
02/12/2021  12:47:15,062163;1,099633E+0;1,289658E-1;1,357397E-1;1,088876E+0;;
02/12/2021  12:47:15,062263;1,101528E+0;1,229127E-1;1,028828E-1;1,087995E+0;;
02/12/2021  12:47:15,062363;1,103561E+0;1,280100E-1;1,278414E-1;1,087186E+0;;
02/12/2021  12:47:15,062463;1,105787E+0;1,159040E-1;1,234183E-1;1,086451E+0;;
02/12/2021  12:47:15,062563;1,107736E+0;1,391603E-1;1,452176E-1;1,085790E+0;;
02/12/2021  12:47:15,062663;1,109092E+0;3,721472E-2;8,550650E-2;1,085205E+0;;
02/12/2021  12:47:15,062763;1,111277E+0;1,073023E-1;1,177316E-1;1,084695E+0;;
02/12/2021  12:47:15,062863;1,112830E+0;1,063466E-1;1,594346E-1;1,084263E+0;;
02/12/2021  12:47:15,062963;1,115730E+0;1,260985E-1;1,294210E-1;1,083908E+0;;
02/12/2021  12:47:15,063063;1,117130E+0;1,483991E-1;1,398468E-1;1,083631E+0;;
02/12/2021  12:47:15,063163;1,119225E+0;1,362931E-1;1,373193E-1;1,083432E+0;;
02/12/2021  12:47:15,063263;1,121458E+0;1,541336E-1;1,603824E-1;1,083312E+0;;
02/12/2021  12:47:15,063363;1,123854E+0;1,990534E-1;1,903959E-1;1,083271E+0;;
02/12/2021  12:47:15,063463;1,126182E+0;1,251428E-1;1,322644E-1;1,083309E+0;;
02/12/2021  12:47:15,063563;1,127803E+0;1,433019E-1;7,286922E-2;1,083426E+0;;
02/12/2021  12:47:15,063663;1,129242E+0;1,213198E-1;1,028828E-1;1,083622E+0;;
02/12/2021  12:47:15,063763;1,131111E+0;1,327887E-1;1,262617E-1;1,083897E+0;;
02/12/2021  12:47:15,063863;1,134285E+0;1,318330E-1;1,344760E-1;1,084250E+0;;
02/12/2021  12:47:15,063963;1,136690E+0;1,433019E-1;1,284732E-1;1,084681E+0;;
02/12/2021  12:47:15,064063;1,139796E+0;1,292843E-1;1,357397E-1;1,085190E+0;;
02/12/2021  12:47:15,064163;1,141551E+0;1,060280E-1;1,155200E-1;1,085775E+0;;
02/12/2021  12:47:15,064263;1,144618E+0;1,203641E-1;1,502726E-1;1,086437E+0;;
02/12/2021  12:47:15,064363;1,147354E+0;1,267357E-1;1,275255E-1;1,087174E+0;;
02/12/2021  12:47:15,064463;1,150873E+0;1,286472E-1;1,196272E-1;1,087986E+0;;
02/12/2021  12:47:15,064563;1,153073E+0;1,585937E-1;1,723878E-1;1,088873E+0;;
02/12/2021  12:47:15,064663;1,154912E+0;1,404346E-1;1,344760E-1;1,089834E+0;;
02/12/2021  12:47:15,064763;1,158011E+0;1,515849E-1;1,531159E-1;1,090868E+0;;
02/12/2021  12:47:15,064863;1,161218E+0;1,347002E-1;1,316326E-1;1,091974E+0;;
02/12/2021  12:47:15,064963;1,164115E+0;1,248242E-1;1,237343E-1;1,093151E+0;;
02/12/2021  12:47:15,065063;1,166544E+0;1,178155E-1;1,256299E-1;1,094399E+0;;
02/12/2021  12:47:15,065163;1,168397E+0;1,356559E-1;1,328963E-1;1,095717E+0;;
02/12/2021  12:47:15,065263;1,171387E+0;1,334259E-1;1,328963E-1;1,097104E+0;;
02/12/2021  12:47:15,065363;1,173971E+0;1,407532E-1;1,332122E-1;1,098557E+0;;
02/12/2021  12:47:15,065463;1,175947E+0;1,283286E-1;1,281573E-1;1,100077E+0;;
02/12/2021  12:47:15,065563;1,177443E+0;1,280100E-1;1,035146E-1;1,101661E+0;;
02/12/2021  12:47:15,065663;1,179168E+0;1,280100E-1;1,044624E-1;1,103308E+0;;
02/12/2021  12:47:15,065763;1,181806E+0;1,155854E-1;6,054787E-2;1,105016E+0;;
02/12/2021  12:47:15,065863;1,183749E+0;1,127182E-1;1,189953E-1;1,106783E+0;;
02/12/2021  12:47:15,065963;1,185576E+0;1,273729E-1;1,344760E-1;1,108606E+0;;
02/12/2021  12:47:15,066063;1,187555E+0;1,605052E-1;1,496407E-1;1,110484E+0;;
02/12/2021  12:47:15,066163;1,189000E+0;1,477620E-1;1,401627E-1;1,112414E+0;;
02/12/2021  12:47:15,066263;1,191522E+0;1,238685E-1;1,054102E-1;1,114394E+0;;
02/12/2021  12:47:15,066363;1,193378E+0;1,308772E-1;1,284732E-1;1,116420E+0;;
02/12/2021  12:47:15,066463;1,195777E+0;1,254614E-1;1,322644E-1;1,118490E+0;;
02/12/2021  12:47:15,066563;1,196731E+0;1,280100E-1;1,398468E-1;1,120602E+0;;
02/12/2021  12:47:15,066663;1,199106E+0;1,041165E-1;1,079377E-1;1,122753E+0;;
02/12/2021  12:47:15,066763;1,201652E+0;1,254614E-1;1,262617E-1;1,124941E+0;;
02/12/2021  12:47:15,066863;1,203693E+0;1,117624E-1;1,202590E-1;1,127161E+0;;
02/12/2021  12:47:15,066963;1,205407E+0;7,002846E-2;1,003553E-1;1,129413E+0;;
02/12/2021  12:47:15,067063;1,206602E+0;1,114439E-1;1,183634E-1;1,131693E+0;;
02/12/2021  12:47:15,067163;1,208640E+0;1,057094E-1;1,107811E-1;1,133999E+0;;
02/12/2021  12:47:15,067263;1,210834E+0;8,914326E-2;1,035146E-1;1,136327E+0;;
02/12/2021  12:47:15,067363;1,212515E+0;1,101695E-1;1,256299E-1;1,138676E+0;;
02/12/2021  12:47:15,067463;1,214020E+0;1,190898E-1;1,126766E-1;1,141043E+0;;
02/12/2021  12:47:15,067563;1,214321E+0;1,044351E-1;1,196272E-1;1,143425E+0;;
02/12/2021  12:47:15,067663;1,214965E+0;1,076209E-1;1,502726E-1;1,145820E+0;;
02/12/2021  12:47:15,067763;1,216818E+0;1,362931E-1;1,471132E-1;1,148224E+0;;
02/12/2021  12:47:15,067863;1,218604E+0;1,114439E-1;1,259458E-1;1,150635E+0;;
02/12/2021  12:47:15,067963;1,219352E+0;1,809992E-2;7,697633E-2;1,153050E+0;;
02/12/2021  12:47:15,068063;1,220454E+0;6,301970E-2;8,708615E-2;1,155466E+0;;
02/12/2021  12:47:15,068163;1,221593E+0;8,468314E-2;9,150920E-2;1,157881E+0;;
02/12/2021  12:47:15,068263;1,222752E+0;1,101695E-1;1,338441E-1;1,160291E+0;;
02/12/2021  12:47:15,068363;1,224773E+0;6,939130E-2;7,571260E-2;1,162695E+0;;
02/12/2021  12:47:15,068463;1,225357E+0;1,009307E-1;1,073058E-1;1,165089E+0;;
02/12/2021  12:47:15,068563;1,225697E+0;9,551486E-2;1,126766E-1;1,167471E+0;;
02/12/2021  12:47:15,068663;1,227160E+0;9,583344E-2;1,237343E-1;1,169838E+0;;
02/12/2021  12:47:15,068763;1,228707E+0;1,031608E-1;1,212068E-1;1,172190E+0;;
02/12/2021  12:47:15,068863;1,230552E+0;1,292843E-1;1,332122E-1;1,174522E+0;;
02/12/2021  12:47:15,068963;1,230879E+0;1,710183E-1;1,720719E-1;1,176833E+0;;
02/12/2021  12:47:15,069063;1,231711E+0;1,426647E-1;1,423743E-1;1,179122E+0;;
02/12/2021  12:47:15,069163;1,233088E+0;1,764342E-1;1,606983E-1;1,181386E+0;;
02/12/2021  12:47:15,069263;1,234569E+0;1,799386E-1;1,559593E-1;1,183624E+0;;
02/12/2021  12:47:15,069363;1,235129E+0;1,757970E-1;1,569071E-1;1,185834E+0;;
02/12/2021  12:47:15,069463;1,235320E+0;1,652839E-1;1,616461E-1;1,188014E+0;;
02/12/2021  12:47:15,069563;1,235412E+0;1,789828E-1;1,625939E-1;1,190164E+0;;
02/12/2021  12:47:15,069663;1,236876E+0;1,375674E-1;1,401627E-1;1,192282E+0;;
02/12/2021  12:47:15,069763;1,237761E+0;1,133553E-1;1,202590E-1;1,194366E+0;;
02/12/2021  12:47:15,069863;1,238187E+0;1,296029E-1;1,303688E-1;1,196415E+0;;
02/12/2021  12:47:15,069963;1,238277E+0;6,620550E-2;8,297904E-2;1,198428E+0;;
02/12/2021  12:47:15,070063;1,239156E+0;1,296029E-1;1,262617E-1;1,200403E+0;;
02/12/2021  12:47:15,070163;1,240121E+0;5,601094E-2;8,898175E-2;1,202341E+0;;
02/12/2021  12:47:15,070263;1,240595E+0;1,238685E-1;1,246821E-1;1,204239E+0;;
02/12/2021  12:47:15,070363;1,241269E+0;1,391603E-1;1,537478E-1;1,206097E+0;;
02/12/2021  12:47:15,070463;1,241033E+0;1,210013E-1;1,379512E-1;1,207914E+0;;
02/12/2021  12:47:15,070563;1,241302E+0;1,248242E-1;1,193112E-1;1,209690E+0;;
02/12/2021  12:47:15,070663;1,242580E+0;1,311958E-1;1,357397E-1;1,211424E+0;;
02/12/2021  12:47:15,070763;1,243280E+0;1,232313E-1;1,262617E-1;1,213114E+0;;
02/12/2021  12:47:15,070863;1,242759E+0;1,174969E-1;1,297370E-1;1,214762E+0;;
02/12/2021  12:47:15,070963;1,242923E+0;1,407532E-1;1,411105E-1;1,216366E+0;;
02/12/2021  12:47:15,071063;1,242753E+0;8,149734E-2;7,128955E-2;1,217927E+0;;
02/12/2021  12:47:15,071163;1,243596E+0;1,190898E-1;1,186794E-1;1,219443E+0;;
02/12/2021  12:47:15,071263;1,243731E+0;1,082581E-1;1,256299E-1;1,220914E+0;;
02/12/2021  12:47:15,071363;1,242324E+0;1,299215E-1;1,338441E-1;1,222341E+0;;
02/12/2021  12:47:15,071463;1,241433E+0;1,308772E-1;1,319485E-1;1,223722E+0;;
02/12/2021  12:47:15,071563;1,240628E+0;1,165411E-1;1,218387E-1;1,225058E+0;;
02/12/2021  12:47:15,071663;1,240807E+0;1,216384E-1;1,278414E-1;1,226347E+0;;
02/12/2021  12:47:15,071763;1,240637E+0;1,375674E-1;1,354238E-1;1,227590E+0;;
02/12/2021  12:47:15,071863;1,239570E+0;1,139925E-1;1,186794E-1;1,228785E+0;;
02/12/2021  12:47:15,071963;1,238435E+0;1,174969E-1;1,126766E-1;1,229933E+0;;
02/12/2021  12:47:15,072063;1,238169E+0;1,340630E-1;1,474292E-1;1,231031E+0;;
02/12/2021  12:47:15,072163;1,237445E+0;1,251428E-1;1,038306E-1;1,232081E+0;;
02/12/2021  12:47:15,072263;1,237457E+0;1,369303E-1;1,360556E-1;1,233082E+0;;
02/12/2021  12:47:15,072363;1,236274E+0;1,302401E-1;1,322644E-1;1,234032E+0;;
02/12/2021  12:47:15,072463;1,235335E+0;1,066652E-1;9,561632E-2;1,234932E+0;;
02/12/2021  12:47:15,072563;1,235463E+0;1,012493E-1;1,050943E-1;1,235780E+0;;
02/12/2021  12:47:15,072663;1,234653E+0;1,356559E-1;1,445858E-1;1,236578E+0;;
02/12/2021  12:47:15,072763;1,234900E+0;1,057094E-1;1,000394E-1;1,237325E+0;;
02/12/2021  12:47:15,072863;1,234179E+0;1,012493E-1;1,155200E-1;1,238020E+0;;
02/12/2021  12:47:15,072963;1,234405E+0;1,270543E-1;1,265777E-1;1,238665E+0;;
02/12/2021  12:47:15,073063;1,234429E+0;1,624167E-1;1,783905E-1;1,239258E+0;;
02/12/2021  12:47:15,073163;1,235287E+0;1,334259E-1;1,328963E-1;1,239802E+0;;
02/12/2021  12:47:15,073263;1,235043E+0;1,050723E-1;1,126766E-1;1,240296E+0;;
02/12/2021  12:47:15,073363;1,234891E+0;1,340630E-1;1,676488E-1;1,240741E+0;;
02/12/2021  12:47:15,073463;1,234042E+0;1,264171E-1;1,313166E-1;1,241140E+0;;
02/12/2021  12:47:15,073563;1,234277E+0;1,264171E-1;1,234183E-1;1,241492E+0;;
02/12/2021  12:47:15,073663;1,234933E+0;1,210013E-1;1,180475E-1;1,241799E+0;;
02/12/2021  12:47:15,073763;1,235341E+0;1,353374E-1;1,335282E-1;1,242063E+0;;
02/12/2021  12:47:15,073863;1,234557E+0;1,464877E-1;1,347919E-1;1,242284E+0;;
02/12/2021  12:47:15,073963;1,234682E+0;1,254614E-1;1,268936E-1;1,242466E+0;;
02/12/2021  12:47:15,074063;1,234602E+0;1,229127E-1;1,272095E-1;1,242608E+0;;
02/12/2021  12:47:15,074163;1,235144E+0;1,222756E-1;1,246821E-1;1,242714E+0;;
02/12/2021  12:47:15,074263;1,234638E+0;1,136739E-1;1,227865E-1;1,242784E+0;;
02/12/2021  12:47:15,074363;1,233809E+0;1,311958E-1;1,319485E-1;1,242821E+0;;
02/12/2021  12:47:15,074463;1,233505E+0;1,318330E-1;1,417424E-1;1,242826E+0;;
02/12/2021  12:47:15,074563;1,233809E+0;-1,949252E-2;4,538313E-2;1,242800E+0;;
02/12/2021  12:47:15,074663;1,233481E+0;1,060280E-1;1,167838E-1;1,242746E+0;;
02/12/2021  12:47:15,074763;1,233571E+0;1,257800E-1;1,486929E-1;1,242666E+0;;
02/12/2021  12:47:15,074863;1,232578E+0;1,509478E-1;1,452176E-1;1,242559E+0;;
02/12/2021  12:47:15,074963;1,232313E+0;1,104881E-1;1,088855E-1;1,242429E+0;;
02/12/2021  12:47:15,075063;1,232367E+0;9,678918E-2;8,329497E-2;1,242277E+0;;
02/12/2021  12:47:15,075163;1,232274E+0;1,305587E-1;1,328963E-1;1,242104E+0;;
02/12/2021  12:47:15,075263;1,231157E+0;1,503106E-1;1,477451E-1;1,241911E+0;;
02/12/2021  12:47:15,075363;1,230027E+0;1,397975E-1;1,341600E-1;1,241701E+0;;
02/12/2021  12:47:15,075463;1,229228E+0;1,292843E-1;1,231024E-1;1,241473E+0;;
02/12/2021  12:47:15,075563;1,228775E+0;1,174969E-1;1,196272E-1;1,241229E+0;;
02/12/2021  12:47:15,075663;1,227771E+0;1,305587E-1;1,392149E-1;1,240970E+0;;
02/12/2021  12:47:15,075763;1,226913E+0;1,292843E-1;1,243661E-1;1,240696E+0;;
02/12/2021  12:47:15,075863;1,226272E+0;1,174969E-1;1,246821E-1;1,240408E+0;;
02/12/2021  12:47:15,075963;1,225542E+0;1,423461E-1;1,294210E-1;1,240107E+0;;
02/12/2021  12:47:15,076063;1,224612E+0;1,225942E-1;1,287892E-1;1,239793E+0;;
02/12/2021  12:47:15,076163;1,224341E+0;1,433019E-1;1,414265E-1;1,239466E+0;;
02/12/2021  12:47:15,076263;1,222380E+0;1,267357E-1;1,164678E-1;1,239127E+0;;
02/12/2021  12:47:15,076363;1,220830E+0;1,248242E-1;1,240502E-1;1,238776E+0;;
02/12/2021  12:47:15,076463;1,220463E+0;1,700626E-1;1,720719E-1;1,238413E+0;;
02/12/2021  12:47:15,076563;1,219015E+0;1,716555E-1;1,723878E-1;1,238038E+0;;
02/12/2021  12:47:15,076663;1,217474E+0;1,340630E-1;1,294210E-1;1,237651E+0;;
02/12/2021  12:47:15,076763;1,216255E+0;1,063466E-1;1,117289E-1;1,237252E+0;;
02/12/2021  12:47:15,076863;1,214440E+0;1,053908E-1;9,972343E-2;1,236839E+0;;
02/12/2021  12:47:15,076963;1,213221E+0;1,359745E-1;1,344760E-1;1,236414E+0;;
02/12/2021  12:47:15,077063;1,212604E+0;1,372488E-1;1,524841E-1;1,235974E+0;;
02/12/2021  12:47:15,077163;1,211254E+0;1,082581E-1;9,719598E-2;1,235520E+0;;
02/12/2021  12:47:15,077263;1,209475E+0;1,340630E-1;1,467973E-1;1,235051E+0;;
02/12/2021  12:47:15,077363;1,207386E+0;1,477620E-1;1,360556E-1;1,234567E+0;;
02/12/2021  12:47:15,077463;1,207031E+0;1,327887E-1;1,370034E-1;1,234066E+0;;
02/12/2021  12:47:15,077563;1,205985E+0;1,448948E-1;1,370034E-1;1,233549E+0;;
02/12/2021  12:47:15,077663;1,204498E+0;1,155854E-1;1,060421E-1;1,233014E+0;;
02/12/2021  12:47:15,077763;1,203198E+0;1,627352E-1;1,528000E-1;1,232461E+0;;
02/12/2021  12:47:15,077863;1,202128E+0;1,490363E-1;1,474292E-1;1,231890E+0;;
02/12/2021  12:47:15,077963;1,201699E+0;1,286472E-1;1,328963E-1;1,231300E+0;;
02/12/2021  12:47:15,078063;1,200743E+0;1,305587E-1;1,253139E-1;1,230691E+0;;
02/12/2021  12:47:15,078163;1,199190E+0;1,034794E-1;1,076217E-1;1,230062E+0;;
02/12/2021  12:47:15,078263;1,197616E+0;1,340630E-1;1,382671E-1;1,229414E+0;;
02/12/2021  12:47:15,078363;1,196359E+0;1,321516E-1;1,272095E-1;1,228746E+0;;
02/12/2021  12:47:15,078463;1,195089E+0;1,375674E-1;1,370034E-1;1,228058E+0;;
02/12/2021  12:47:15,078563;1,194392E+0;1,229127E-1;1,284732E-1;1,227350E+0;;
02/12/2021  12:47:15,078663;1,192955E+0;1,436204E-1;1,398468E-1;1,226622E+0;;
02/12/2021  12:47:15,078763;1,191620E+0;8,786894E-2;1,050943E-1;1,225874E+0;;
02/12/2021  12:47:15,078863;1,189325E+0;1,245056E-1;1,357397E-1;1,225106E+0;;
02/12/2021  12:47:15,078963;1,188577E+0;1,378860E-1;1,303688E-1;1,224317E+0;;
02/12/2021  12:47:15,079063;1,187152E+0;1,276914E-1;1,284732E-1;1,223509E+0;;
02/12/2021  12:47:15,079163;1,185692E+0;1,474434E-1;1,543797E-1;1,222679E+0;;
02/12/2021  12:47:15,079263;1,183493E+0;1,159040E-1;1,313166E-1;1,221830E+0;;
02/12/2021  12:47:15,079363;1,181383E+0;1,327887E-1;1,294210E-1;1,220960E+0;;
02/12/2021  12:47:15,079463;1,180596E+0;1,257800E-1;1,123607E-1;1,220070E+0;;
02/12/2021  12:47:15,079563;1,178623E+0;1,053908E-1;1,170997E-1;1,219158E+0;;
02/12/2021  12:47:15,079663;1,176379E+0;1,241871E-1;1,284732E-1;1,218226E+0;;
02/12/2021  12:47:15,079763;1,174266E+0;1,047537E-1;1,234183E-1;1,217273E+0;;
02/12/2021  12:47:15,079863;1,172409E+0;1,069837E-1;1,167838E-1;1,216298E+0;;
02/12/2021  12:47:15,079963;1,170674E+0;1,085766E-1;1,152041E-1;1,215301E+0;;
02/12/2021  12:47:15,080063;1,168746E+0;1,245056E-1;1,303688E-1;1,214282E+0;;
02/12/2021  12:47:15,080163;1,166934E+0;1,162226E-1;1,231024E-1;1,213241E+0;;
02/12/2021  12:47:15,080263;1,163650E+0;8,818752E-2;1,117289E-1;1,212177E+0;;
02/12/2021  12:47:15,080363;1,161239E+0;1,031608E-1;1,136244E-1;1,211089E+0;;
02/12/2021  12:47:15,080463;1,159698E+0;1,098510E-1;1,237343E-1;1,209978E+0;;
02/12/2021  12:47:15,080563;1,157797E+0;1,018865E-1;1,120448E-1;1,208842E+0;;
02/12/2021  12:47:15,080663;1,155263E+0;9,965640E-2;1,063580E-1;1,207681E+0;;
02/12/2021  12:47:15,080763;1,152366E+0;1,015679E-1;1,174156E-1;1,206494E+0;;
02/12/2021  12:47:15,080863;1,150608E+0;1,375674E-1;1,509044E-1;1,205281E+0;;
02/12/2021  12:47:15,080963;1,149040E+0;2,542726E-2;7,508074E-2;1,204042E+0;;
02/12/2021  12:47:15,081063;1,146254E+0;8,946184E-2;1,085695E-1;1,202775E+0;;
02/12/2021  12:47:15,081163;1,144278E+0;8,372740E-2;1,019350E-1;1,201481E+0;;
02/12/2021  12:47:15,081263;1,140627E+0;7,894870E-2;7,950379E-2;1,200159E+0;;
02/12/2021  12:47:15,081363;1,138797E+0;9,678918E-2;1,092014E-1;1,198808E+0;;
02/12/2021  12:47:15,081463;1,136550E+0;1,047537E-1;1,300529E-1;1,197429E+0;;
02/12/2021  12:47:15,081563;1,134714E+0;1,002936E-1;1,038306E-1;1,196020E+0;;
02/12/2021  12:47:15,081663;1,131644E+0;1,050723E-1;1,322644E-1;1,194581E+0;;
02/12/2021  12:47:15,081763;1,129126E+0;1,455319E-1;1,433221E-1;1,193112E+0;;
02/12/2021  12:47:15,081863;1,127591E+0;1,671954E-1;1,537478E-1;1,191613E+0;;
02/12/2021  12:47:15,081963;1,126077E+0;1,515849E-1;1,474292E-1;1,190083E+0;;
02/12/2021  12:47:15,082063;1,123690E+0;1,745227E-1;1,575390E-1;1,188522E+0;;
02/12/2021  12:47:15,082163;1,120835E+0;1,974605E-1;1,793383E-1;1,186932E+0;;
02/12/2021  12:47:15,082263;1,119154E+0;1,914074E-1;1,597505E-1;1,185310E+0;;
02/12/2021  12:47:15,082363;1,117735E+0;1,439390E-1;1,458495E-1;1,183659E+0;;
02/12/2021  12:47:15,082463;1,116421E+0;1,483991E-1;1,420583E-1;1,181979E+0;;
02/12/2021  12:47:15,082563;1,114841E+0;1,251428E-1;1,300529E-1;1,180269E+0;;
02/12/2021  12:47:15,082663;1,112454E+0;1,238685E-1;1,351078E-1;1,178531E+0;;
02/12/2021  12:47:15,082763;1,110896E+0;1,219570E-1;1,237343E-1;1,176765E+0;;
02/12/2021  12:47:15,082863;1,109957E+0;1,321516E-1;1,518522E-1;1,174974E+0;;
02/12/2021  12:47:15,082963;1,109012E+0;1,299215E-1;1,253139E-1;1,173157E+0;;
02/12/2021  12:47:15,083063;1,106589E+0;1,241871E-1;1,534319E-1;1,171317E+0;;
02/12/2021  12:47:15,083163;1,104649E+0;1,362931E-1;1,322644E-1;1,169454E+0;;
02/12/2021  12:47:15,083263;1,102646E+0;1,139925E-1;1,287892E-1;1,167570E+0;;
02/12/2021  12:47:15,083363;1,101165E+0;1,232313E-1;1,287892E-1;1,165666E+0;;
02/12/2021  12:47:15,083463;1,100900E+0;1,350188E-1;1,360556E-1;1,163744E+0;;
02/12/2021  12:47:15,083563;1,098959E+0;1,296029E-1;1,502726E-1;1,161805E+0;;
02/12/2021  12:47:15,083663;1,096641E+0;1,573194E-1;1,572231E-1;1,159852E+0;;
02/12/2021  12:47:15,083763;1,095911E+0;1,159040E-1;1,281573E-1;1,157885E+0;;
02/12/2021  12:47:15,083863;1,095571E+0;8,340882E-2;1,063580E-1;1,155906E+0;;
02/12/2021  12:47:15,083963;1,094045E+0;1,445762E-1;1,430061E-1;1,153917E+0;;
02/12/2021  12:47:15,084063;1,091842E+0;1,331073E-1;1,360556E-1;1,151920E+0;;
02/12/2021  12:47:15,084163;1,090150E+0;1,045400E-2;4,664686E-2;1,149917E+0;;
02/12/2021  12:47:15,084263;1,089038E+0;1,286472E-1;1,322644E-1;1,147908E+0;;
02/12/2021  12:47:15,084363;1,089229E+0;1,499920E-1;1,474292E-1;1,145897E+0;;
02/12/2021  12:47:15,084463;1,088344E+0;1,181340E-1;1,208909E-1;1,143885E+0;;
02/12/2021  12:47:15,084563;1,086672E+0;1,350188E-1;1,313166E-1;1,141874E+0;;
02/12/2021  12:47:15,084663;1,085593E+0;1,235499E-1;1,259458E-1;1,139865E+0;;
02/12/2021  12:47:15,084763;1,085027E+0;1,146297E-1;1,041465E-1;1,137861E+0;;
02/12/2021  12:47:15,084863;1,084681E+0;1,232313E-1;1,234183E-1;1,135863E+0;;
02/12/2021  12:47:15,084963;1,083444E+0;1,181340E-1;1,202590E-1;1,133873E+0;;
02/12/2021  12:47:15,085063;1,082103E+0;1,238685E-1;1,174156E-1;1,131894E+0;;
02/12/2021  12:47:15,085163;1,080556E+0;8,468314E-2;1,183634E-1;1,129926E+0;;
02/12/2021  12:47:15,085263;1,080097E+0;1,299215E-1;1,524841E-1;1,127973E+0;;
02/12/2021  12:47:15,085363;1,079519E+0;1,267357E-1;1,246821E-1;1,126034E+0;;
02/12/2021  12:47:15,085463;1,079009E+0;1,238685E-1;1,262617E-1;1,124112E+0;;
02/12/2021  12:47:15,085563;1,078109E+0;1,143111E-1;1,275255E-1;1,122209E+0;;
02/12/2021  12:47:15,085663;1,076235E+0;1,382046E-1;1,461654E-1;1,120326E+0;;
02/12/2021  12:47:15,085763;1,076443E+0;1,719741E-1;1,606983E-1;1,118464E+0;;
02/12/2021  12:47:15,085863;1,077200E+0;1,108067E-1;1,392149E-1;1,116624E+0;;
02/12/2021  12:47:15,085963;1,076509E+0;1,203641E-1;1,199431E-1;1,114809E+0;;
02/12/2021  12:47:15,086063;1,076247E+0;1,458505E-1;1,486929E-1;1,113019E+0;;
02/12/2021  12:47:15,086163;1,075302E+0;1,675139E-1;1,780746E-1;1,111256E+0;;
02/12/2021  12:47:15,086263;1,076717E+0;1,649653E-1;2,074562E-1;1,109522E+0;;
02/12/2021  12:47:15,086363;1,077835E+0;1,210013E-1;1,300529E-1;1,107818E+0;;
02/12/2021  12:47:15,086463;1,078872E+0;1,391603E-1;1,341600E-1;1,106146E+0;;
02/12/2021  12:47:15,086563;1,078655E+0;1,219570E-1;1,398468E-1;1,104507E+0;;
02/12/2021  12:47:15,086663;1,079745E+0;1,248242E-1;1,218387E-1;1,102904E+0;;
02/12/2021  12:47:15,086763;1,081888E+0;1,136739E-1;1,417424E-1;1,101340E+0;;
02/12/2021  12:47:15,086863;1,082672E+0;1,139925E-1;1,227865E-1;1,099815E+0;;
02/12/2021  12:47:15,086963;1,084398E+0;1,181340E-1;1,291051E-1;1,098332E+0;;
02/12/2021  12:47:15,087063;1,085074E+0;1,267357E-1;1,092014E-1;1,096894E+0;;
02/12/2021  12:47:15,087163;1,086135E+0;1,280100E-1;1,202590E-1;1,095503E+0;;
02/12/2021  12:47:15,087263;1,088922E+0;-4,211170E-2;1,221027E-2;1,094161E+0;;
02/12/2021  12:47:15,087363;1,090677E+0;1,238685E-1;1,319485E-1;1,092871E+0;;
02/12/2021  12:47:15,087463;1,092665E+0;1,366117E-1;1,357397E-1;1,091636E+0;;
02/12/2021  12:47:15,087563;1,094084E+0;1,165411E-1;1,212068E-1;1,090457E+0;;
02/12/2021  12:47:15,087663;1,096349E+0;1,778134E-2;7,381701E-2;1,089338E+0;;
02/12/2021  12:47:15,087763;1,099764E+0;6,588692E-2;9,214107E-2;1,088282E+0;;
02/12/2021  12:47:15,087863;1,102738E+0;1,490363E-1;1,474292E-1;1,087290E+0;;
02/12/2021  12:47:15,087963;1,104574E+0;1,028422E-1;1,199431E-1;1,086365E+0;;
02/12/2021  12:47:15,088063;1,106726E+0;6,397544E-2;9,245700E-2;1,085511E+0;;
02/12/2021  12:47:15,088163;1,109376E+0;1,570008E-1;1,654373E-1;1,084730E+0;;
02/12/2021  12:47:15,088263;1,112344E+0;1,216384E-1;1,237343E-1;1,084025E+0;;
02/12/2021  12:47:15,088363;1,115277E+0;1,235499E-1;1,313166E-1;1,083397E+0;;
02/12/2021  12:47:15,088463;1,116940E+0;1,245056E-1;1,328963E-1;1,082850E+0;;
02/12/2021  12:47:15,088563;1,119622E+0;3,594040E-2;8,582243E-2;1,082386E+0;;
02/12/2021  12:47:15,088663;1,122635E+0;1,073023E-1;1,186794E-1;1,082007E+0;;
02/12/2021  12:47:15,088763;1,125982E+0;1,104881E-1;9,087734E-2;1,081714E+0;;
02/12/2021  12:47:15,088863;1,128834E+0;1,152668E-1;1,167838E-1;1,081509E+0;;
02/12/2021  12:47:15,088963;1,130601E+0;1,171783E-1;1,133085E-1;1,081395E+0;;
02/12/2021  12:47:15,089063;1,131671E+0;1,149482E-1;1,050943E-1;1,081372E+0;;
02/12/2021  12:47:15,089163;1,134339E+0;1,343816E-1;1,294210E-1;1,081442E+0;;
02/12/2021  12:47:15,089263;1,137364E+0;1,353374E-1;1,038306E-1;1,081606E+0;;
02/12/2021  12:47:15,089363;1,139921E+0;1,104881E-1;1,202590E-1;1,081862E+0;;
02/12/2021  12:47:15,089463;1,141897E+0;1,200455E-1;1,208909E-1;1,082213E+0;;
02/12/2021  12:47:15,089563;1,143437E+0;1,311958E-1;1,313166E-1;1,082658E+0;;
02/12/2021  12:47:15,089663;1,146915E+0;1,493549E-1;1,467973E-1;1,083196E+0;;
02/12/2021  12:47:15,089763;1,150230E+0;1,280100E-1;1,249980E-1;1,083827E+0;;
02/12/2021  12:47:15,089863;1,152414E+0;1,047537E-1;9,435259E-2;1,084551E+0;;
02/12/2021  12:47:15,089963;1,155037E+0;1,257800E-1;1,360556E-1;1,085367E+0;;
02/12/2021  12:47:15,090063;1,156789E+0;1,174969E-1;1,246821E-1;1,086274E+0;;
02/12/2021  12:47:15,090163;1,160595E+0;1,232313E-1;1,240502E-1;1,087270E+0;;
02/12/2021  12:47:15,090263;1,164604E+0;1,315144E-1;1,565912E-1;1,088356E+0;;
02/12/2021  12:47:15,090363;1,167617E+0;1,178155E-1;1,107811E-1;1,089529E+0;;
02/12/2021  12:47:15,090463;1,169989E+0;1,359745E-1;1,347919E-1;1,090789E+0;;
02/12/2021  12:47:15,090563;1,172582E+0;1,382046E-1;1,287892E-1;1,092134E+0;;
02/12/2021  12:47:15,090663;1,176054E+0;1,490363E-1;1,379512E-1;1,093562E+0;;
02/12/2021  12:47:15,090763;1,180077E+0;1,146297E-1;1,253139E-1;1,095074E+0;;
02/12/2021  12:47:15,090863;1,182473E+0;1,270543E-1;1,281573E-1;1,096666E+0;;
02/12/2021  12:47:15,090963;1,185302E+0;1,356559E-1;1,414265E-1;1,098337E+0;;
02/12/2021  12:47:15,091063;1,187760E+0;1,210013E-1;1,186794E-1;1,100087E+0;;
02/12/2021  12:47:15,091163;1,191703E+0;1,184526E-1;1,237343E-1;1,101912E+0;;
02/12/2021  12:47:15,091263;1,195044E+0;1,260985E-1;1,278414E-1;1,103812E+0;;
02/12/2021  12:47:15,091363;1,197905E+0;1,468062E-1;1,436380E-1;1,105784E+0;;
02/12/2021  12:47:15,091463;1,199992E+0;1,069837E-1;1,180475E-1;1,107827E+0;;
02/12/2021  12:47:15,091563;1,202987E+0;1,085766E-1;1,186794E-1;1,109938E+0;;
02/12/2021  12:47:15,091663;1,206539E+0;1,143111E-1;1,231024E-1;1,112116E+0;;
02/12/2021  12:47:15,091763;1,210011E+0;1,347002E-1;1,354238E-1;1,114358E+0;;
02/12/2021  12:47:15,091863;1,212977E+0;1,356559E-1;1,360556E-1;1,116662E+0;;
02/12/2021  12:47:15,091963;1,214077E+0;1,499920E-1;1,224705E-1;1,119026E+0;;
02/12/2021  12:47:15,092063;1,217099E+0;1,611423E-1;1,455336E-1;1,121449E+0;;
02/12/2021  12:47:15,092163;1,221128E+0;1,276914E-1;1,281573E-1;1,123926E+0;;
02/12/2021  12:47:15,092263;1,223625E+0;1,347002E-1;1,338441E-1;1,126456E+0;;
02/12/2021  12:47:15,092363;1,226785E+0;1,283286E-1;1,442698E-1;1,129037E+0;;
02/12/2021  12:47:15,092463;1,228853E+0;1,088952E-1;1,167838E-1;1,131666E+0;;
02/12/2021  12:47:15,092563;1,232164E+0;1,053908E-1;1,073058E-1;1,134340E+0;;
02/12/2021  12:47:15,092663;1,236074E+0;1,108067E-1;1,287892E-1;1,137058E+0;;
02/12/2021  12:47:15,092763;1,238399E+0;1,213198E-1;1,205749E-1;1,139817E+0;;
02/12/2021  12:47:15,092863;1,241284E+0;9,742634E-2;1,047783E-1;1,142614E+0;;
02/12/2021  12:47:15,092963;1,242625E+0;2,893164E-2;8,455870E-2;1,145447E+0;;
02/12/2021  12:47:15,093063;1,244705E+0;9,105474E-2;9,688005E-2;1,148314E+0;;
02/12/2021  12:47:15,093163;1,247849E+0;1,044351E-1;1,050943E-1;1,151212E+0;;
02/12/2021  12:47:15,093263;1,250374E+0;7,863012E-2;1,038306E-1;1,154138E+0;;
02/12/2021  12:47:15,093363;1,252168E+0;8,149734E-2;9,435259E-2;1,157091E+0;;
02/12/2021  12:47:15,093463;1,252972E+0;1,069837E-1;1,158360E-1;1,160066E+0;;
02/12/2021  12:47:15,093563;1,255988E+0;9,678918E-2;9,909157E-2;1,163062E+0;;
02/12/2021  12:47:15,093663;1,258218E+0;8,914326E-2;9,656411E-2;1,166075E+0;;
02/12/2021  12:47:15,093763;1,260024E+0;9,201048E-2;1,126766E-1;1,169102E+0;;
02/12/2021  12:47:15,093863;1,260870E+0;9,551486E-2;1,044624E-1;1,172141E+0;;
02/12/2021  12:47:15,093963;1,261022E+0;1,117624E-1;1,189953E-1;1,175189E+0;;
02/12/2021  12:47:15,094063;1,263144E+0;9,360338E-2;1,110970E-1;1,178242E+0;;
02/12/2021  12:47:15,094163;1,265427E+0;1,117624E-1;1,272095E-1;1,181297E+0;;
02/12/2021  12:47:15,094263;1,266655E+0;6,811698E-2;1,016190E-1;1,184351E+0;;
02/12/2021  12:47:15,094363;1,267329E+0;1,111253E-1;1,224705E-1;1,187400E+0;;
02/12/2021  12:47:15,094463;1,268071E+0;1,060280E-1;1,003553E-1;1,190442E+0;;
02/12/2021  12:47:15,094563;1,270076E+0;1,104881E-1;1,145722E-1;1,193473E+0;;
02/12/2021  12:47:15,094663;1,271769E+0;1,382046E-1;1,619620E-1;1,196491E+0;;
02/12/2021  12:47:15,094763;1,272607E+0;1,436204E-1;1,164678E-1;1,199491E+0;;
02/12/2021  12:47:15,094863;1,273027E+0;2,353715E-1;2,134590E-1;1,202470E+0;;
02/12/2021  12:47:15,094963;1,273808E+0;1,605052E-1;1,332122E-1;1,205427E+0;;
02/12/2021  12:47:15,095063;1,275235E+0;1,773899E-1;1,575390E-1;1,208358E+0;;
02/12/2021  12:47:15,095163;1,276040E+0;1,675139E-1;1,537478E-1;1,211260E+0;;
02/12/2021  12:47:15,095263;1,276970E+0;1,627352E-1;1,392149E-1;1,214130E+0;;
02/12/2021  12:47:15,095363;1,276889E+0;1,315144E-1;1,316326E-1;1,216966E+0;;
02/12/2021  12:47:15,095463;1,277068E+0;1,206827E-1;1,259458E-1;1,219764E+0;;
02/12/2021  12:47:15,095563;1,278353E+0;1,254614E-1;1,351078E-1;1,222523E+0;;
02/12/2021  12:47:15,095663;1,278943E+0;1,111253E-1;1,253139E-1;1,225240E+0;;
02/12/2021  12:47:15,095763;1,278925E+0;1,315144E-1;1,284732E-1;1,227911E+0;;
02/12/2021  12:47:15,095863;1,277611E+0;1,028422E-1;1,240502E-1;1,230536E+0;;
02/12/2021  12:47:15,095963;1,277485E+0;1,232313E-1;1,278414E-1;1,233111E+0;;
02/12/2021  12:47:15,096063;1,277667E+0;1,315144E-1;1,401627E-1;1,235634E+0;;
02/12/2021  12:47:15,096163;1,277271E+0;1,503106E-1;1,505885E-1;1,238102E+0;;
02/12/2021  12:47:15,096263;1,276794E+0;1,474434E-1;1,436380E-1;1,240513E+0;;
02/12/2021  12:47:15,096363;1,275551E+0;1,216384E-1;1,300529E-1;1,242864E+0;;
02/12/2021  12:47:15,096463;1,275596E+0;1,413904E-1;1,505885E-1;1,245154E+0;;
02/12/2021  12:47:15,096563;1,276025E+0;1,079395E-1;1,385831E-1;1,247380E+0;;
02/12/2021  12:47:15,096663;1,275349E+0;1,385232E-1;1,268936E-1;1,249539E+0;;
02/12/2021  12:47:15,096763;1,274547E+0;1,327887E-1;1,565912E-1;1,251631E+0;;
02/12/2021  12:47:15,096863;1,273045E+0;6,811698E-2;1,411105E-1;1,253652E+0;;
02/12/2021  12:47:15,096963;1,271543E+0;1,404346E-1;1,284732E-1;1,255602E+0;;
02/12/2021  12:47:15,097063;1,271310E+0;1,187712E-1;1,047783E-1;1,257479E+0;;
02/12/2021  12:47:15,097163;1,270181E+0;1,178155E-1;1,126766E-1;1,259280E+0;;
02/12/2021  12:47:15,097263;1,269170E+0;1,130368E-1;1,189953E-1;1,261004E+0;;
02/12/2021  12:47:15,097363;1,267281E+0;8,882468E-2;1,145722E-1;1,262649E+0;;
02/12/2021  12:47:15,097463;1,266414E+0;1,104881E-1;1,243661E-1;1,264215E+0;;
02/12/2021  12:47:15,097563;1,265311E+0;1,394789E-1;1,243661E-1;1,265700E+0;;
02/12/2021  12:47:15,097663;1,263937E+0;1,366117E-1;1,328963E-1;1,267102E+0;;
02/12/2021  12:47:15,097763;1,261812E+0;1,165411E-1;1,259458E-1;1,268420E+0;;
02/12/2021  12:47:15,097863;1,259675E+0;1,436204E-1;1,439539E-1;1,269654E+0;;
02/12/2021  12:47:15,097963;1,258376E+0;1,245056E-1;1,199431E-1;1,270802E+0;;
02/12/2021  12:47:15,098063;1,257291E+0;1,190898E-1;1,177316E-1;1,271863E+0;;
02/12/2021  12:47:15,098163;1,255228E+0;1,213198E-1;1,212068E-1;1,272837E+0;;
02/12/2021  12:47:15,098263;1,253300E+0;1,452133E-1;1,278414E-1;1,273723E+0;;
02/12/2021  12:47:15,098363;1,250868E+0;1,589123E-1;1,471132E-1;1,274520E+0;;
02/12/2021  12:47:15,098463;1,248773E+0;1,254614E-1;1,272095E-1;1,275228E+0;;
02/12/2021  12:47:15,098563;1,247790E+0;1,337445E-1;1,341600E-1;1,275846E+0;;
02/12/2021  12:47:15,098663;1,244759E+0;1,296029E-1;1,322644E-1;1,276373E+0;;
02/12/2021  12:47:15,098763;1,242446E+0;1,311958E-1;1,332122E-1;1,276810E+0;;
02/12/2021  12:47:15,098863;1,239501E+0;1,347002E-1;1,300529E-1;1,277157E+0;;
02/12/2021  12:47:15,098963;1,237150E+0;1,404346E-1;1,341600E-1;1,277412E+0;;
02/12/2021  12:47:15,099063;1,234503E+0;1,337445E-1;1,490088E-1;1,277577E+0;;
02/12/2021  12:47:15,099163;1,232015E+0;1,127182E-1;1,218387E-1;1,277650E+0;;
02/12/2021  12:47:15,099263;1,228939E+0;1,850358E-1;1,474292E-1;1,277631E+0;;
02/12/2021  12:47:15,099363;1,225390E+0;1,292843E-1;1,234183E-1;1,277521E+0;;
02/12/2021  12:47:15,099463;1,223178E+0;1,216384E-1;1,262617E-1;1,277320E+0;;
02/12/2021  12:47:15,099563;1,221301E+0;1,187712E-1;1,291051E-1;1,277026E+0;;
02/12/2021  12:47:15,099663;1,218380E+0;1,299215E-1;1,246821E-1;1,276641E+0;;
02/12/2021  12:47:15,099763;1,215313E+0;1,401161E-1;1,480610E-1;1,276165E+0;;
02/12/2021  12:47:15,099863;1,212089E+0;1,114439E-1;1,183634E-1;1,275598E+0;;
02/12/2021  12:47:15,099963;1,210295E+0;1,229127E-1;1,366875E-1;1,274941E+0;;
02/12/2021  12:47:15,100063;1,207797E+0;1,331073E-1;1,363715E-1;1,274195E+0;;
02/12/2021  12:47:15,100163;1,205195E+0;1,219570E-1;1,287892E-1;1,273359E+0;;
02/12/2021  12:47:15,100263;1,202638E+0;1,194084E-1;1,388990E-1;1,272436E+0;;
02/12/2021  12:47:15,100363;1,200483E+0;1,283286E-1;1,338441E-1;1,271426E+0;;
02/12/2021  12:47:15,100463;1,199410E+0;1,439390E-1;1,439539E-1;1,270330E+0;;
02/12/2021  12:47:15,100563;1,196993E+0;1,206827E-1;1,221546E-1;1,269151E+0;;
02/12/2021  12:47:15,100663;1,195038E+0;1,311958E-1;1,461654E-1;1,267890E+0;;
02/12/2021  12:47:15,100763;1,192094E+0;1,257800E-1;1,152041E-1;1,266550E+0;;
02/12/2021  12:47:15,100863;1,189334E+0;1,216384E-1;1,310007E-1;1,265132E+0;;
02/12/2021  12:47:15,100963;1,187415E+0;1,235499E-1;1,164678E-1;1,263638E+0;;
02/12/2021  12:47:15,101063;1,184887E+0;1,270543E-1;1,262617E-1;1,262072E+0;;
02/12/2021  12:47:15,101163;1,182360E+0;1,388417E-1;1,458495E-1;1,260435E+0;;
02/12/2021  12:47:15,101263;1,179270E+0;1,123996E-1;9,814378E-2;1,258730E+0;;
02/12/2021  12:47:15,101363;1,176322E+0;1,213198E-1;1,234183E-1;1,256958E+0;;
02/12/2021  12:47:15,101463;1,174340E+0;1,203641E-1;1,313166E-1;1,255123E+0;;
02/12/2021  12:47:15,101563;1,172370E+0;1,127182E-1;1,196272E-1;1,253227E+0;;
02/12/2021  12:47:15,101663;1,168996E+0;1,079395E-1;1,180475E-1;1,251272E+0;;
02/12/2021  12:47:15,101763;1,166264E+0;1,751599E-1;1,189953E-1;1,249260E+0;;
02/12/2021  12:47:15,101863;1,163629E+0;1,347002E-1;1,272095E-1;1,247194E+0;;
02/12/2021  12:47:15,101963;1,162395E+0;1,264171E-1;1,540637E-1;1,245076E+0;;
02/12/2021  12:47:15,102063;1,160681E+0;1,238685E-1;1,278414E-1;1,242909E+0;;
02/12/2021  12:47:15,102163;1,157969E+0;1,337445E-1;1,357397E-1;1,240696E+0;;
02/12/2021  12:47:15,102263;1,155701E+0;1,366117E-1;1,395309E-1;1,238438E+0;;
02/12/2021  12:47:15,102363;1,154661E+0;1,174969E-1;9,782784E-2;1,236139E+0;;
02/12/2021  12:47:15,102463;1,153517E+0;1,200455E-1;1,170997E-1;1,233802E+0;;
02/12/2021  12:47:15,102563;1,151061E+0;1,327887E-1;1,319485E-1;1,231429E+0;;
02/12/2021  12:47:15,102663;1,149118E+0;1,267357E-1;1,287892E-1;1,229024E+0;;
02/12/2021  12:47:15,102763;1,146886E+0;1,366117E-1;1,351078E-1;1,226589E+0;;
02/12/2021  12:47:15,102863;1,145130E+0;1,276914E-1;1,155200E-1;1,224128E+0;;
02/12/2021  12:47:15,102963;1,143369E+0;1,238685E-1;1,170997E-1;1,221643E+0;;
02/12/2021  12:47:15,103063;1,141441E+0;1,375674E-1;1,404787E-1;1,219137E+0;;
02/12/2021  12:47:15,103163;1,138907E+0;1,331073E-1;1,382671E-1;1,216614E+0;;
02/12/2021  12:47:15,103263;1,135802E+0;9,296622E-2;1,066739E-1;1,214075E+0;;
02/12/2021  12:47:15,103363;1,133707E+0;1,002936E-1;1,013031E-1;1,211524E+0;;
02/12/2021  12:47:15,103463;1,132729E+0;1,458505E-1;1,701763E-1;1,208962E+0;;
02/12/2021  12:47:15,103563;1,130613E+0;1,401161E-1;1,221546E-1;1,206392E+0;;
02/12/2021  12:47:15,103663;1,127901E+0;9,870066E-2;6,054787E-2;1,203816E+0;;
02/12/2021  12:47:15,103763;1,125490E+0;1,289658E-1;1,351078E-1;1,201237E+0;;
02/12/2021  12:47:15,103863;1,123776E+0;1,388417E-1;1,559593E-1;1,198655E+0;;
02/12/2021  12:47:15,103963;1,123171E+0;1,394789E-1;1,458495E-1;1,196074E+0;;
02/12/2021  12:47:15,104063;1,121720E+0;1,114439E-1;1,098333E-1;1,193494E+0;;
02/12/2021  12:47:15,104163;1,119351E+0;1,174969E-1;1,256299E-1;1,190918E+0;;
02/12/2021  12:47:15,104263;1,117577E+0;1,225942E-1;1,278414E-1;1,188349E+0;;
02/12/2021  12:47:15,104363;1,116627E+0;1,394789E-1;1,588027E-1;1,185787E+0;;
02/12/2021  12:47:15,104463;1,115253E+0;1,455319E-1;1,401627E-1;1,183234E+0;;
02/12/2021  12:47:15,104563;1,114105E+0;1,410718E-1;1,376353E-1;1,180693E+0;;
02/12/2021  12:47:15,104663;1,111486E+0;1,464877E-1;1,458495E-1;1,178164E+0;;
02/12/2021  12:47:15,104763;1,110013E+0;1,241871E-1;1,164678E-1;1,175651E+0;;
02/12/2021  12:47:15,104863;1,108663E+0;1,445762E-1;1,430061E-1;1,173154E+0;;
02/12/2021  12:47:15,104963;1,108428E+0;1,315144E-1;1,265777E-1;1,170674E+0;;
02/12/2021  12:47:15,105063;1,107671E+0;1,260985E-1;1,246821E-1;1,168214E+0;;
02/12/2021  12:47:15,105163;1,106279E+0;1,117624E-1;1,205749E-1;1,165775E+0;;
02/12/2021  12:47:15,105263;1,105981E+0;1,611423E-1;1,625939E-1;1,163359E+0;;
02/12/2021  12:47:15,105363;1,106038E+0;8,372740E-2;9,972343E-2;1,160966E+0;;
02/12/2021  12:47:15,105463;1,105331E+0;8,532030E-2;1,016190E-1;1,158600E+0;;
02/12/2021  12:47:15,105563;1,105212E+0;8,850610E-2;1,101492E-1;1,156261E+0;;
02/12/2021  12:47:15,105663;1,103478E+0;-2,172258E-2;5,612482E-2;1,153953E+0;;
02/12/2021  12:47:15,105763;1,102694E+0;1,002936E-1;1,098333E-1;1,151675E+0;;
02/12/2021  12:47:15,105863;1,103934E+0;8,786894E-2;1,676488E-1;1,149431E+0;;
02/12/2021  12:47:15,105963;1,103448E+0;9,487770E-2;1,088855E-1;1,147222E+0;;
02/12/2021  12:47:15,106063;1,102467E+0;1,155854E-1;1,294210E-1;1,145050E+0;;
02/12/2021  12:47:15,106163;1,101126E+0;5,675298E-3;6,149566E-2;1,142916E+0;;
02/12/2021  12:47:15,106263;1,100462E+0;9,455912E-2;1,139404E-1;1,140822E+0;;
02/12/2021  12:47:15,106363;1,100506E+0;6,939130E-2;3,021839E-2;1,138769E+0;;
02/12/2021  12:47:15,106463;1,099913E+0;9,232906E-2;1,095173E-1;1,136758E+0;;
02/12/2021  12:47:15,106563;1,098670E+0;9,615202E-2;9,909157E-2;1,134791E+0;;
02/12/2021  12:47:15,106663;1,097285E+0;1,025236E-1;9,277293E-2;1,132868E+0;;
02/12/2021  12:47:15,106763;1,096536E+0;1,130368E-1;1,079377E-1;1,130991E+0;;
02/12/2021  12:47:15,106863;1,097428E+0;-6,154508E-2;3,364175E-3;1,129159E+0;;
02/12/2021  12:47:15,106963;1,096694E+0;8,723178E-2;1,117289E-1;1,127373E+0;;
02/12/2021  12:47:15,107063;1,096283E+0;9,870066E-2;1,164678E-1;1,125633E+0;;
02/12/2021  12:47:15,107163;1,095067E+0;1,025236E-1;1,145722E-1;1,123941E+0;;
02/12/2021  12:47:15,107263;1,095288E+0;8,723178E-2;9,909157E-2;1,122296E+0;;
02/12/2021  12:47:15,107363;1,096119E+0;1,219570E-1;1,303688E-1;1,120698E+0;;
02/12/2021  12:47:15,107463;1,096590E+0;1,550893E-1;1,559593E-1;1,119148E+0;;
02/12/2021  12:47:15,107563;1,096149E+0;1,448948E-1;1,414265E-1;1,117646E+0;;
02/12/2021  12:47:15,107663;1,096256E+0;1,563636E-1;1,461654E-1;1,116192E+0;;
02/12/2021  12:47:15,107763;1,096694E+0;1,710183E-1;1,556434E-1;1,114786E+0;;
02/12/2021  12:47:15,107863;1,097591E+0;2,162567E-1;2,254644E-1;1,113430E+0;;
02/12/2021  12:47:15,107963;1,097290E+0;1,808943E-1;1,619620E-1;1,112123E+0;;
02/12/2021  12:47:15,108063;1,097717E+0;-1,694388E-2;6,560278E-2;1,110865E+0;;
02/12/2021  12:47:15,108163;1,097994E+0;1,397975E-1;1,354238E-1;1,109657E+0;;
02/12/2021  12:47:15,108263;1,099842E+0;1,359745E-1;1,370034E-1;1,108499E+0;;
02/12/2021  12:47:15,108363;1,100447E+0;1,359745E-1;1,461654E-1;1,107391E+0;;
02/12/2021  12:47:15,108463;1,101815E+0;1,283286E-1;1,351078E-1;1,106334E+0;;
02/12/2021  12:47:15,108563;1,101600E+0;1,248242E-1;1,423743E-1;1,105328E+0;;
02/12/2021  12:47:15,108663;1,101445E+0;1,315144E-1;1,275255E-1;1,104374E+0;;
02/12/2021  12:47:15,108763;1,102738E+0;1,576380E-1;1,559593E-1;1,103472E+0;;
02/12/2021  12:47:15,108863;1,103606E+0;1,366117E-1;1,328963E-1;1,102622E+0;;
02/12/2021  12:47:15,108963;1,104321E+0;1,213198E-1;1,262617E-1;1,101824E+0;;
02/12/2021  12:47:15,109063;1,104071E+0;1,219570E-1;1,272095E-1;1,101078E+0;;
02/12/2021  12:47:15,109163;1,104583E+0;1,286472E-1;1,319485E-1;1,100385E+0;;
02/12/2021  12:47:15,109263;1,105865E+0;1,254614E-1;1,325804E-1;1,099744E+0;;
02/12/2021  12:47:15,109363;1,107388E+0;1,181340E-1;1,246821E-1;1,099155E+0;;
02/12/2021  12:47:15,109463;1,108353E+0;1,200455E-1;1,272095E-1;1,098618E+0;;
02/12/2021  12:47:15,109563;1,107814E+0;1,350188E-1;1,227865E-1;1,098132E+0;;
02/12/2021  12:47:15,109663;1,108452E+0;1,200455E-1;1,196272E-1;1,097698E+0;;
02/12/2021  12:47:15,109763;1,110040E+0;1,015679E-1;1,158360E-1;1,097316E+0;;
02/12/2021  12:47:15,109863;1,111906E+0;1,082581E-1;1,170997E-1;1,096983E+0;;
02/12/2021  12:47:15,109963;1,112606E+0;1,181340E-1;1,366875E-1;1,096702E+0;;
02/12/2021  12:47:15,110063;1,113128E+0;1,385232E-1;1,445858E-1;1,096470E+0;;
02/12/2021  12:47:15,110163;1,114204E+0;1,289658E-1;1,303688E-1;1,096288E+0;;
02/12/2021  12:47:15,110263;1,115703E+0;1,735670E-1;1,752312E-1;1,096155E+0;;
02/12/2021  12:47:15,110363;1,116653E+0;1,139925E-1;1,234183E-1;1,096071E+0;;
02/12/2021  12:47:15,110463;1,117768E+0;1,270543E-1;1,253139E-1;1,096035E+0;;
02/12/2021  12:47:15,110563;1,117169E+0;1,009307E-1;1,145722E-1;1,096047E+0;;
02/12/2021  12:47:15,110663;1,118233E+0;1,060280E-1;1,455336E-1;1,096106E+0;;
02/12/2021  12:47:15,110763;1,119473E+0;1,254614E-1;1,272095E-1;1,096212E+0;;
02/12/2021  12:47:15,110863;1,120301E+0;1,251428E-1;1,319485E-1;1,096362E+0;;
02/12/2021  12:47:15,110963;1,120796E+0;1,178155E-1;1,164678E-1;1,096556E+0;;
02/12/2021  12:47:15,111063;1,120233E+0;1,203641E-1;1,253139E-1;1,096794E+0;;
02/12/2021  12:47:15,111163;1,121350E+0;1,321516E-1;1,313166E-1;1,097073E+0;;
02/12/2021  12:47:15,111263;1,123216E+0;1,331073E-1;1,268936E-1;1,097393E+0;;
02/12/2021  12:47:15,111363;1,124581E+0;1,123996E-1;1,313166E-1;1,097752E+0;;
02/12/2021  12:47:15,111463;1,124662E+0;1,359745E-1;1,281573E-1;1,098149E+0;;
02/12/2021  12:47:15,111563;1,124834E+0;1,219570E-1;1,240502E-1;1,098583E+0;;
02/12/2021  12:47:15,111663;1,126959E+0;1,311958E-1;1,249980E-1;1,099052E+0;;
02/12/2021  12:47:15,111763;1,129150E+0;1,155854E-1;1,129926E-1;1,099555E+0;;
02/12/2021  12:47:15,111863;1,130989E+0;1,318330E-1;1,341600E-1;1,100091E+0;;
02/12/2021  12:47:15,111963;1,132592E+0;1,216384E-1;1,253139E-1;1,100660E+0;;
02/12/2021  12:47:15,112063;1,133900E+0;1,165411E-1;1,237343E-1;1,101259E+0;;
02/12/2021  12:47:15,112163;1,137143E+0;1,219570E-1;1,227865E-1;1,101890E+0;;
02/12/2021  12:47:15,112263;1,139551E+0;1,710183E-1;2,024013E-1;1,102551E+0;;
02/12/2021  12:47:15,112363;1,142213E+0;1,340630E-1;1,155200E-1;1,103243E+0;;
02/12/2021  12:47:15,112463;1,142758E+0;1,241871E-1;8,834988E-2;1,103965E+0;;
02/12/2021  12:47:15,112563;1,144069E+0;1,280100E-1;1,281573E-1;1,104717E+0;;
02/12/2021  12:47:15,112663;1,146269E+0;1,573194E-1;1,717559E-1;1,105500E+0;;
02/12/2021  12:47:15,112763;1,147950E+0;1,366117E-1;1,411105E-1;1,106314E+0;;
02/12/2021  12:47:15,112863;1,150462E+0;1,321516E-1;1,240502E-1;1,107158E+0;;
02/12/2021  12:47:15,112963;1,151478E+0;1,299215E-1;1,480610E-1;1,108032E+0;;
02/12/2021  12:47:15,113063;1,152414E+0;1,270543E-1;1,297370E-1;1,108937E+0;;
02/12/2021  12:47:15,113163;1,154757E+0;1,385232E-1;1,426902E-1;1,109873E+0;;
02/12/2021  12:47:15,113263;1,156947E+0;1,155854E-1;1,199431E-1;1,110838E+0;;
02/12/2021  12:47:15,113363;1,158869E+0;1,130368E-1;1,126766E-1;1,111833E+0;;
02/12/2021  12:47:15,113463;1,159325E+0;1,146297E-1;9,688005E-2;1,112858E+0;;
02/12/2021  12:47:15,113563;1,160705E+0;1,299215E-1;1,265777E-1;1,113913E+0;;
02/12/2021  12:47:15,113663;1,163259E+0;1,343816E-1;1,265777E-1;1,114997E+0;;
02/12/2021  12:47:15,113763;1,165483E+0;1,187712E-1;1,268936E-1;1,116110E+0;;
02/12/2021  12:47:15,113863;1,167757E+0;1,076209E-1;1,129926E-1;1,117252E+0;;
02/12/2021  12:47:15,113963;1,168433E+0;1,296029E-1;1,237343E-1;1,118422E+0;;
02/12/2021  12:47:15,114063;1,170782E+0;1,108067E-1;1,158360E-1;1,119620E+0;;
02/12/2021  12:47:15,114163;1,173619E+0;1,037979E-1;1,152041E-1;1,120845E+0;;
02/12/2021  12:47:15,114263;1,175678E+0;1,136739E-1;1,126766E-1;1,122098E+0;;
02/12/2021  12:47:15,114363;1,176695E+0;1,362931E-1;1,420583E-1;1,123378E+0;;
02/12/2021  12:47:15,114463;1,176978E+0;1,773899E-1;1,758630E-1;1,124685E+0;;
02/12/2021  12:47:15,114563;1,178852E+0;1,117624E-1;1,237343E-1;1,126019E+0;;
02/12/2021  12:47:15,114663;1,180882E+0;4,932076E-2;1,133085E-1;1,127378E+0;;
02/12/2021  12:47:15,114763;1,182923E+0;1,245056E-1;1,227865E-1;1,128762E+0;;
02/12/2021  12:47:15,114863;1,184971E+0;1,394789E-1;1,392149E-1;1,130170E+0;;
02/12/2021  12:47:15,114963;1,186258E+0;1,308772E-1;1,297370E-1;1,131603E+0;;
02/12/2021  12:47:15,115063;1,187677E+0;2,207168E-1;1,689125E-1;1,133058E+0;;
02/12/2021  12:47:15,115163;1,191027E+0;1,273729E-1;1,164678E-1;1,134535E+0;;
02/12/2021  12:47:15,115263;1,193140E+0;1,280100E-1;1,319485E-1;1,136034E+0;;
02/12/2021  12:47:15,115363;1,194442E+0;1,350188E-1;1,208909E-1;1,137554E+0;;
02/12/2021  12:47:15,115463;1,196114E+0;1,108067E-1;1,006712E-1;1,139095E+0;;
02/12/2021  12:47:15,115563;1,197488E+0;2,594380E-4;2,611128E-2;1,140656E+0;;
02/12/2021  12:47:15,115663;1,200078E+0;1,525407E-1;1,000394E-1;1,142236E+0;;
02/12/2021  12:47:15,115763;1,202626E+0;1,273729E-1;1,237343E-1;1,143835E+0;;
02/12/2021  12:47:15,115863;1,203464E+0;1,337445E-1;1,231024E-1;1,145453E+0;;
02/12/2021  12:47:15,115963;1,204286E+0;1,267357E-1;1,246821E-1;1,147088E+0;;
02/12/2021  12:47:15,116063;1,206322E+0;1,280100E-1;1,114129E-1;1,148740E+0;;
02/12/2021  12:47:15,116163;1,208125E+0;1,337445E-1;1,249980E-1;1,150408E+0;;
02/12/2021  12:47:15,116263;1,209362E+0;7,268198E-3;3,432551E-2;1,152091E+0;;
02/12/2021  12:47:15,116363;1,209463E+0;1,190898E-1;1,234183E-1;1,153789E+0;;
02/12/2021  12:47:15,116463;1,209660E+0;1,174969E-1;1,177316E-1;1,155500E+0;;
02/12/2021  12:47:15,116563;1,211004E+0;1,413904E-1;1,306848E-1;1,157222E+0;;
02/12/2021  12:47:15,116663;1,213221E+0;1,678325E-1;1,866047E-1;1,158955E+0;;
02/12/2021  12:47:15,116763;1,214234E+0;1,332122E-2;6,402312E-2;1,160696E+0;;
02/12/2021  12:47:15,116863;1,215078E+0;1,079395E-1;1,095173E-1;1,162445E+0;;
02/12/2021  12:47:15,116963;1,215883E+0;1,318330E-1;1,310007E-1;1,164199E+0;;
02/12/2021  12:47:15,117063;1,218458E+0;1,417090E-1;1,395309E-1;1,165958E+0;;
02/12/2021  12:47:15,117163;1,220159E+0;1,286472E-1;1,278414E-1;1,167720E+0;;
02/12/2021  12:47:15,117263;1,221494E+0;1,267357E-1;1,186794E-1;1,169484E+0;;
02/12/2021  12:47:15,117363;1,222609E+0;1,378860E-1;1,325804E-1;1,171248E+0;;
02/12/2021  12:47:15,117463;1,223011E+0;1,448948E-1;1,347919E-1;1,173012E+0;;
02/12/2021  12:47:15,117563;1,224749E+0;1,506292E-1;1,414265E-1;1,174774E+0;;
02/12/2021  12:47:15,117663;1,226102E+0;1,292843E-1;1,246821E-1;1,176533E+0;;
02/12/2021  12:47:15,117763;1,227008E+0;1,245056E-1;1,272095E-1;1,178288E+0;;
02/12/2021  12:47:15,117863;1,227550E+0;1,311958E-1;1,354238E-1;1,180038E+0;;
02/12/2021  12:47:15,117963;1,228558E+0;1,353374E-1;1,363715E-1;1,181781E+0;;
02/12/2021  12:47:15,118063;1,229491E+0;1,159040E-1;1,234183E-1;1,183518E+0;;
02/12/2021  12:47:15,118163;1,230978E+0;9,806350E-2;1,041465E-1;1,185245E+0;;
02/12/2021  12:47:15,118263;1,231413E+0;1,143111E-1;1,455336E-1;1,186963E+0;;
02/12/2021  12:47:15,118363;1,230677E+0;1,248242E-1;1,294210E-1;1,188669E+0;;
02/12/2021  12:47:15,118463;1,231589E+0;1,181340E-1;1,291051E-1;1,190364E+0;;
02/12/2021  12:47:15,118563;1,232694E+0;1,037979E-1;1,129926E-1;1,192045E+0;;
02/12/2021  12:47:15,118663;1,233746E+0;1,079395E-1;1,164678E-1;1,193711E+0;;
02/12/2021  12:47:15,118763;1,233824E+0;1,222756E-1;1,417424E-1;1,195361E+0;;
02/12/2021  12:47:15,118863;1,233681E+0;9,201048E-2;1,231024E-1;1,196994E+0;;
02/12/2021  12:47:15,118963;1,234942E+0;1,031608E-1;1,177316E-1;1,198608E+0;;
02/12/2021  12:47:15,119063;1,236381E+0;9,901924E-2;1,164678E-1;1,200202E+0;;
02/12/2021  12:47:15,119163;1,236736E+0;1,057094E-1;1,196272E-1;1,201775E+0;;
02/12/2021  12:47:15,119263;1,237046E+0;1,117624E-1;1,237343E-1;1,203327E+0;;
02/12/2021  12:47:15,119363;1,237219E+0;1,012493E-1;1,272095E-1;1,204856E+0;;
02/12/2021  12:47:15,119463;1,237609E+0;4,836502E-2;1,196272E-1;1,206361E+0;;
02/12/2021  12:47:15,119563;1,239093E+0;5,919674E-2;4,411940E-2;1,207841E+0;;
02/12/2021  12:47:15,119663;1,239528E+0;1,006121E-1;1,145722E-1;1,209296E+0;;
02/12/2021  12:47:15,119763;1,239653E+0;7,894870E-2;8,834988E-2;1,210725E+0;;
02/12/2021  12:47:15,119863;1,239832E+0;8,786894E-2;9,940750E-2;1,212127E+0;;
02/12/2021  12:47:15,119963;1,240673E+0;7,608148E-2;9,372073E-2;1,213502E+0;;
02/12/2021  12:47:15,120063;1,241752E+0;1,127182E-1;1,205749E-1;1,214849E+0;;
02/12/2021  12:47:15,120163;1,242523E+0;1,146297E-1;1,281573E-1;1,216168E+0;;
02/12/2021  12:47:15,120263;1,241758E+0;1,311958E-1;1,366875E-1;1,217458E+0;;
02/12/2021  12:47:15,120363;1,241248E+0;1,404346E-1;1,385831E-1;1,218719E+0;;
02/12/2021  12:47:15,120463;1,241263E+0;1,506292E-1;1,366875E-1;1,219951E+0;;
02/12/2021  12:47:15,120563;1,242032E+0;1,684697E-1;1,351078E-1;1,221153E+0;;
02/12/2021  12:47:15,120663;1,241179E+0;1,716555E-1;1,584868E-1;1,222325E+0;;
02/12/2021  12:47:15,120763;1,240708E+0;1,821686E-1;1,648054E-1;1,223465E+0;;
02/12/2021  12:47:15,120863;1,239323E+0;1,793014E-1;1,606983E-1;1,224574E+0;;
02/12/2021  12:47:15,120963;1,239388E+0;1,706997E-1;1,515363E-1;1,225651E+0;;
02/12/2021  12:47:15,121063;1,239647E+0;2,573535E-1;2,532664E-1;1,226695E+0;;
02/12/2021  12:47:15,121163;1,238685E+0;1,413904E-1;1,303688E-1;1,227705E+0;;
02/12/2021  12:47:15,121263;1,237585E+0;1,391603E-1;2,336786E-1;1,228681E+0;;
02/12/2021  12:47:15,121363;1,236161E+0;1,331073E-1;1,354238E-1;1,229621E+0;;
02/12/2021  12:47:15,121463;1,236631E+0;1,601866E-1;1,900800E-1;1,230524E+0;;
02/12/2021  12:47:15,121563;1,235883E+0;1,203641E-1;1,351078E-1;1,231390E+0;;
02/12/2021  12:47:15,121663;1,236101E+0;1,213198E-1;1,215227E-1;1,232219E+0;;
02/12/2021  12:47:15,121763;1,234816E+0;1,305587E-1;1,455336E-1;1,233008E+0;;
02/12/2021  12:47:15,121863;1,234405E+0;1,117624E-1;1,265777E-1;1,233758E+0;;
02/12/2021  12:47:15,121963;1,235296E+0;7,767438E-2;8,961361E-2;1,234468E+0;;
02/12/2021  12:47:15,122063;1,235070E+0;1,073023E-1;1,218387E-1;1,235138E+0;;
02/12/2021  12:47:15,122163;1,234942E+0;1,248242E-1;1,303688E-1;1,235767E+0;;
02/12/2021  12:47:15,122263;1,233153E+0;1,136739E-1;1,054102E-1;1,236356E+0;;
02/12/2021  12:47:15,122363;1,232727E+0;1,187712E-1;1,136244E-1;1,236904E+0;;
02/12/2021  12:47:15,122463;1,232581E+0;1,423461E-1;1,297370E-1;1,237412E+0;;
02/12/2021  12:47:15,122563;1,231893E+0;1,225942E-1;1,237343E-1;1,237878E+0;;
02/12/2021  12:47:15,122663;1,231416E+0;1,372488E-1;1,392149E-1;1,238305E+0;;
02/12/2021  12:47:15,122763;1,230036E+0;1,375674E-1;1,325804E-1;1,238690E+0;;
02/12/2021  12:47:15,122863;1,228707E+0;1,605052E-1;1,493248E-1;1,239036E+0;;
02/12/2021  12:47:15,122963;1,229148E+0;1,554079E-1;1,622780E-1;1,239340E+0;;
02/12/2021  12:47:15,123063;1,228555E+0;1,311958E-1;1,357397E-1;1,239605E+0;;
02/12/2021  12:47:15,123163;1,227306E+0;1,280100E-1;1,366875E-1;1,239830E+0;;
02/12/2021  12:47:15,123263;1,225354E+0;3,848904E-2;1,575390E-1;1,240015E+0;;
02/12/2021  12:47:15,123363;1,224519E+0;1,241871E-1;1,215227E-1;1,240160E+0;;
02/12/2021  12:47:15,123463;1,224832E+0;1,573194E-1;2,036651E-1;1,240266E+0;;
02/12/2021  12:47:15,123563;1,223345E+0;1,487177E-1;1,420583E-1;1,240333E+0;;
02/12/2021  12:47:15,123663;1,222526E+0;1,152668E-1;1,291051E-1;1,240361E+0;;
02/12/2021  12:47:15,123763;1,220526E+0;1,251428E-1;1,303688E-1;1,240350E+0;;
02/12/2021  12:47:15,123863;1,219745E+0;1,452133E-1;1,376353E-1;1,240302E+0;;
02/12/2021  12:47:15,123963;1,219375E+0;1,519035E-1;1,565912E-1;1,240215E+0;;
02/12/2021  12:47:15,124063;1,218541E+0;1,302401E-1;1,297370E-1;1,240090E+0;;
02/12/2021  12:47:15,124163;1,216517E+0;1,245056E-1;1,139404E-1;1,239928E+0;;
02/12/2021  12:47:15,124263;1,214088E+0;1,190898E-1;9,688005E-2;1,239728E+0;;
02/12/2021  12:47:15,124363;1,213463E+0;5,728526E-2;8,329497E-2;1,239492E+0;;
02/12/2021  12:47:15,124463;1,213063E+0;1,937424E-2;5,896821E-2;1,239219E+0;;
02/12/2021  12:47:15,124563;1,211353E+0;1,280100E-1;1,322644E-1;1,238910E+0;;
02/12/2021  12:47:15,124663;1,209079E+0;1,219570E-1;1,281573E-1;1,238565E+0;;
02/12/2021  12:47:15,124763;1,206828E+0;1,216384E-1;1,268936E-1;1,238183E+0;;
02/12/2021  12:47:15,124863;1,205413E+0;1,340630E-1;1,180475E-1;1,237766E+0;;
02/12/2021  12:47:15,124963;1,204581E+0;1,254614E-1;1,133085E-1;1,237312E+0;;
02/12/2021  12:47:15,125063;1,202862E+0;1,382046E-1;1,313166E-1;1,236822E+0;;
02/12/2021  12:47:15,125163;1,200191E+0;1,401161E-1;1,335282E-1;1,236297E+0;;
02/12/2021  12:47:15,125263;1,197470E+0;1,219570E-1;1,376353E-1;1,235735E+0;;
02/12/2021  12:47:15,125363;1,196117E+0;1,362931E-1;1,347919E-1;1,235138E+0;;
02/12/2021  12:47:15,125463;1,194895E+0;6,716124E-2;1,711241E-1;1,234503E+0;;
02/12/2021  12:47:15,125563;1,192660E+0;9,073616E-2;9,530039E-2;1,233832E+0;;
02/12/2021  12:47:15,125663;1,189492E+0;1,210013E-1;1,486929E-1;1,233125E+0;;
02/12/2021  12:47:15,125763;1,186688E+0;1,464877E-1;1,366875E-1;1,232380E+0;;
02/12/2021  12:47:15,125863;1,185746E+0;1,334259E-1;1,325804E-1;1,231597E+0;;
02/12/2021  12:47:15,125963;1,183677E+0;1,184526E-1;1,338441E-1;1,230777E+0;;
02/12/2021  12:47:15,126063;1,181338E+0;1,232313E-1;1,310007E-1;1,229918E+0;;
02/12/2021  12:47:15,126163;1,178945E+0;1,286472E-1;1,474292E-1;1,229021E+0;;
02/12/2021  12:47:15,126263;1,175976E+0;1,057094E-1;1,031987E-1;1,228085E+0;;
02/12/2021  12:47:15,126363;1,174817E+0;1,260985E-1;1,379512E-1;1,227110E+0;;
02/12/2021  12:47:15,126463;1,172603E+0;1,210013E-1;1,243661E-1;1,226095E+0;;
02/12/2021  12:47:15,126563;1,171360E+0;1,267357E-1;1,338441E-1;1,225040E+0;;
02/12/2021  12:47:15,126663;1,168833E+0;1,331073E-1;1,370034E-1;1,223946E+0;;
02/12/2021  12:47:15,126763;1,166761E+0;1,229127E-1;1,262617E-1;1,222813E+0;;
02/12/2021  12:47:15,126863;1,166636E+0;1,079395E-1;1,287892E-1;1,221640E+0;;
02/12/2021  12:47:15,126963;1,164788E+0;1,101695E-1;1,259458E-1;1,220428E+0;;
02/12/2021  12:47:15,127063;1,162607E+0;1,385232E-1;1,433221E-1;1,219178E+0;;
02/12/2021  12:47:15,127163;1,160464E+0;1,276914E-1;1,152041E-1;1,217890E+0;;
02/12/2021  12:47:15,127263;1,158586E+0;1,210013E-1;1,215227E-1;1,216565E+0;;
02/12/2021  12:47:15,127363;1,158261E+0;1,254614E-1;1,262617E-1;1,215205E+0;;
02/12/2021  12:47:15,127463;1,156625E+0;1,311958E-1;1,385831E-1;1,213809E+0;;
02/12/2021  12:47:15,127563;1,154411E+0;1,719741E-1;1,752312E-1;1,212379E+0;;
02/12/2021  12:47:15,127663;1,152515E+0;1,646467E-1;1,313166E-1;1,210916E+0;;
02/12/2021  12:47:15,127763;1,150784E+0;9,838208E-2;1,082536E-1;1,209422E+0;;
02/12/2021  12:47:15,127863;1,149759E+0;1,821686E-1;1,745993E-1;1,207897E+0;;
02/12/2021  12:47:15,127963;1,147666E+0;1,391603E-1;1,398468E-1;1,206343E+0;;
02/12/2021  12:47:15,128063;1,145491E+0;1,127182E-1;1,073058E-1;1,204762E+0;;
02/12/2021  12:47:15,128163;1,142648E+0;1,276914E-1;1,341600E-1;1,203153E+0;;
02/12/2021  12:47:15,128263;1,140779E+0;1,254614E-1;1,196272E-1;1,201520E+0;;
02/12/2021  12:47:15,128363;1,139629E+0;1,426647E-1;1,256299E-1;1,199862E+0;;
02/12/2021  12:47:15,128463;1,138392E+0;1,280100E-1;1,376353E-1;1,198180E+0;;
02/12/2021  12:47:15,128563;1,136231E+0;1,178155E-1;1,284732E-1;1,196477E+0;;
02/12/2021  12:47:15,128663;1,133898E+0;1,264171E-1;1,287892E-1;1,194752E+0;;
02/12/2021  12:47:15,128763;1,133650E+0;1,334259E-1;1,332122E-1;1,193008E+0;;
02/12/2021  12:47:15,128863;1,132875E+0;1,235499E-1;1,117289E-1;1,191246E+0;;
02/12/2021  12:47:15,128963;1,131975E+0;1,264171E-1;1,303688E-1;1,189466E+0;;
02/12/2021  12:47:15,129063;1,130911E+0;1,241871E-1;1,231024E-1;1,187672E+0;;
02/12/2021  12:47:15,129163;1,129645E+0;1,270543E-1;1,287892E-1;1,185864E+0;;
02/12/2021  12:47:15,129263;1,129397E+0;1,305587E-1;1,265777E-1;1,184044E+0;;
02/12/2021  12:47:15,129363;1,129964E+0;1,340630E-1;1,224705E-1;1,182215E+0;;
02/12/2021  12:47:15,129463;1,129701E+0;1,413904E-1;1,322644E-1;1,180378E+0;;
02/12/2021  12:47:15,129563;1,129204E+0;1,353374E-1;1,341600E-1;1,178537E+0;;
02/12/2021  12:47:15,129663;1,128205E+0;1,382046E-1;1,351078E-1;1,176693E+0;;
02/12/2021  12:47:15,129763;1,129010E+0;1,362931E-1;1,284732E-1;1,174850E+0;;
02/12/2021  12:47:15,129863;1,128989E+0;1,394789E-1;1,373193E-1;1,173009E+0;;
02/12/2021  12:47:15,129963;1,128262E+0;1,149482E-1;8,929768E-2;1,171175E+0;;
02/12/2021  12:47:15,130063;1,127386E+0;1,427696E-2;3,179805E-2;1,169348E+0;;
02/12/2021  12:47:15,130163;1,126193E+0;1,241871E-1;1,231024E-1;1,167533E+0;;
02/12/2021  12:47:15,130263;1,126334E+0;1,210013E-1;1,224705E-1;1,165732E+0;;
02/12/2021  12:47:15,130363;1,125779E+0;1,203641E-1;1,347919E-1;1,163946E+0;;
02/12/2021  12:47:15,130463;1,124709E+0;1,318330E-1;1,249980E-1;1,162179E+0;;
02/12/2021  12:47:15,130563;1,123753E+0;1,241871E-1;1,597505E-1;1,160432E+0;;
02/12/2021  12:47:15,130663;1,122304E+0;1,305587E-1;1,262617E-1;1,158708E+0;;
02/12/2021  12:47:15,130763;1,123273E+0;1,337445E-1;1,335282E-1;1,157007E+0;;
02/12/2021  12:47:15,130863;1,122769E+0;1,410718E-1;1,401627E-1;1,155332E+0;;
02/12/2021  12:47:15,130963;1,122423E+0;1,499920E-1;1,379512E-1;1,153684E+0;;
02/12/2021  12:47:15,131063;1,120921E+0;1,388417E-1;1,328963E-1;1,152065E+0;;
02/12/2021  12:47:15,131163;1,120555E+0;1,356559E-1;1,303688E-1;1,150477E+0;;
02/12/2021  12:47:15,131263;1,120745E+0;1,318330E-1;1,328963E-1;1,148919E+0;;
02/12/2021  12:47:15,131363;1,121440E+0;1,225942E-1;1,265777E-1;1,147394E+0;;
02/12/2021  12:47:15,131463;1,121398E+0;1,219570E-1;1,243661E-1;1,145902E+0;;
02/12/2021  12:47:15,131563;1,120468E+0;1,127182E-1;1,104651E-1;1,144446E+0;;
02/12/2021  12:47:15,131663;1,121052E+0;1,079395E-1;1,202590E-1;1,143025E+0;;
02/12/2021  12:47:15,131763;1,122528E+0;1,037979E-1;1,351078E-1;1,141640E+0;;
02/12/2021  12:47:15,131863;1,122748E+0;1,190898E-1;1,142563E-1;1,140294E+0;;
02/12/2021  12:47:15,131963;1,122903E+0;1,159040E-1;1,325804E-1;1,138987E+0;;
02/12/2021  12:47:15,132063;1,122435E+0;9,360338E-2;1,050943E-1;1,137721E+0;;
02/12/2021  12:47:15,132163;1,122498E+0;1,050723E-1;1,148882E-1;1,136495E+0;;
02/12/2021  12:47:15,132263;1,124161E+0;1,586986E-2;5,549295E-2;1,135312E+0;;
02/12/2021  12:47:15,132363;1,124498E+0;1,041165E-1;1,133085E-1;1,134171E+0;;
02/12/2021  12:47:15,132463;1,124989E+0;9,105474E-2;1,057261E-1;1,133075E+0;;
02/12/2021  12:47:15,132563;1,125332E+0;1,130368E-1;1,221546E-1;1,132024E+0;;
02/12/2021  12:47:15,132663;1,126086E+0;1,184526E-1;1,256299E-1;1,131018E+0;;
02/12/2021  12:47:15,132763;1,127526E+0;-4,020022E-2;4,822652E-2;1,130058E+0;;
02/12/2021  12:47:15,132863;1,128560E+0;1,009307E-1;1,120448E-1;1,129145E+0;;
02/12/2021  12:47:15,132963;1,128301E+0;8,563888E-2;9,150920E-2;1,128281E+0;;
02/12/2021  12:47:15,133063;1,129248E+0;7,608148E-2;7,918786E-2;1,127465E+0;;
02/12/2021  12:47:15,133163;1,130086E+0;5,282514E-2;7,444887E-2;1,126698E+0;;
02/12/2021  12:47:15,133263;1,131302E+0;9,615202E-2;1,196272E-1;1,125981E+0;;
02/12/2021  12:47:15,133363;1,132899E+0;8,786894E-2;1,028828E-1;1,125314E+0;;
02/12/2021  12:47:15,133463;1,133719E+0;1,060280E-1;1,167838E-1;1,124698E+0;;
02/12/2021  12:47:15,133563;1,134657E+0;1,229127E-1;1,351078E-1;1,124133E+0;;
02/12/2021  12:47:15,133663;1,136374E+0;1,356559E-1;1,044624E-1;1,123619E+0;;
02/12/2021  12:47:15,133763;1,138478E+0;1,318330E-1;1,161519E-1;1,123158E+0;;
02/12/2021  12:47:15,133863;1,140448E+0;1,455319E-1;1,382671E-1;1,122749E+0;;
02/12/2021  12:47:15,133963;1,141065E+0;1,773899E-1;1,594346E-1;1,122394E+0;;
02/12/2021  12:47:15,134063;1,142350E+0;1,885402E-1;1,594346E-1;1,122092E+0;;
02/12/2021  12:47:15,134163;1,144215E+0;1,793014E-1;1,534319E-1;1,121845E+0;;
02/12/2021  12:47:15,134263;1,146200E+0;1,668768E-1;1,395309E-1;1,121652E+0;;
02/12/2021  12:47:15,134363;1,147497E+0;1,165411E-1;1,208909E-1;1,121515E+0;;
02/12/2021  12:47:15,134463;1,148936E+0;1,684697E-1;1,606983E-1;1,121433E+0;;
02/12/2021  12:47:15,134563;1,150274E+0;1,461691E-1;1,417424E-1;1,121406E+0;;
02/12/2021  12:47:15,134663;1,152685E+0;1,181340E-1;1,243661E-1;1,121436E+0;;
02/12/2021  12:47:15,134763;1,154769E+0;1,241871E-1;1,344760E-1;1,121522E+0;;
02/12/2021  12:47:15,134863;1,155400E+0;1,340630E-1;1,284732E-1;1,121664E+0;;
02/12/2021  12:47:15,134963;1,155993E+0;1,299215E-1;1,193112E-1;1,121863E+0;;
02/12/2021  12:47:15,135063;1,156941E+0;3,625898E-2;1,193112E-1;1,122118E+0;;
02/12/2021  12:47:15,135163;1,158241E+0;4,963934E-2;1,028828E-1;1,122429E+0;;
02/12/2021  12:47:15,135263;1,160476E+0;1,350188E-1;1,325804E-1;1,122795E+0;;
02/12/2021  12:47:15,135363;1,160476E+0;1,315144E-1;1,319485E-1;1,123215E+0;;
02/12/2021  12:47:15,135463;1,161236E+0;1,174969E-1;1,240502E-1;1,123689E+0;;
02/12/2021  12:47:15,135563;1,162100E+0;1,225942E-1;1,237343E-1;1,124216E+0;;
02/12/2021  12:47:15,135663;1,163107E+0;1,299215E-1;1,445858E-1;1,124793E+0;;
02/12/2021  12:47:15,135763;1,165375E+0;1,321516E-1;1,319485E-1;1,125421E+0;;
02/12/2021  12:47:15,135863;1,165414E+0;1,436204E-1;1,840773E-1;1,126096E+0;;
02/12/2021  12:47:15,135963;1,166046E+0;1,127182E-1;1,246821E-1;1,126819E+0;;
02/12/2021  12:47:15,136063;1,166672E+0;1,245056E-1;1,234183E-1;1,127586E+0;;
02/12/2021  12:47:15,136163;1,168296E+0;1,433019E-1;1,407946E-1;1,128397E+0;;
02/12/2021  12:47:15,136263;1,169637E+0;1,286472E-1;1,240502E-1;1,129249E+0;;
02/12/2021  12:47:15,136363;1,170224E+0;1,347002E-1;1,411105E-1;1,130141E+0;;
02/12/2021  12:47:15,136463;1,171068E+0;1,315144E-1;1,275255E-1;1,131070E+0;;
02/12/2021  12:47:15,136563;1,172123E+0;1,394789E-1;1,382671E-1;1,132035E+0;;
02/12/2021  12:47:15,136663;1,174665E+0;1,426647E-1;1,363715E-1;1,133033E+0;;
02/12/2021  12:47:15,136763;1,175842E+0;1,311958E-1;1,303688E-1;1,134063E+0;;
02/12/2021  12:47:15,136863;1,176668E+0;1,171783E-1;1,193112E-1;1,135124E+0;;
02/12/2021  12:47:15,136963;1,177478E+0;1,404346E-1;1,534319E-1;1,136212E+0;;
02/12/2021  12:47:15,137063;1,178560E+0;1,260985E-1;1,291051E-1;1,137327E+0;;
02/12/2021  12:47:15,137163;1,180125E+0;1,650702E-2;5,486109E-2;1,138467E+0;;
02/12/2021  12:47:15,137263;1,181514E+0;1,337445E-1;1,249980E-1;1,139630E+0;;
02/12/2021  12:47:15,137363;1,182116E+0;8,436456E-2;8,613836E-2;1,140814E+0;;
02/12/2021  12:47:15,137463;1,182754E+0;1,315144E-1;1,262617E-1;1,142018E+0;;
02/12/2021  12:47:15,137563;1,184062E+0;6,875414E-2;9,214107E-2;1,143241E+0;;
02/12/2021  12:47:15,137663;1,185966E+0;1,174969E-1;9,877564E-2;1,144479E+0;;
02/12/2021  12:47:15,137763;1,186813E+0;1,092138E-1;1,129926E-1;1,145733E+0;;
02/12/2021  12:47:15,137863;1,187340E+0;1,296029E-1;1,325804E-1;1,147000E+0;;
02/12/2021  12:47:15,137963;1,188532E+0;1,331073E-1;1,294210E-1;1,148279E+0;;
02/12/2021  12:47:15,138063;1,189620E+0;1,356559E-1;1,215227E-1;1,149568E+0;;
02/12/2021  12:47:15,138163;1,191426E+0;1,178155E-1;9,561632E-2;1,150867E+0;;
02/12/2021  12:47:15,138263;1,192624E+0;1,273729E-1;1,319485E-1;1,152173E+0;;
02/12/2021  12:47:15,138363;1,192866E+0;1,378860E-1;1,455336E-1;1,153486E+0;;
02/12/2021  12:47:15,138463;1,194076E+0;1,225942E-1;1,272095E-1;1,154804E+0;;
02/12/2021  12:47:15,138563;1,195998E+0;1,270543E-1;1,215227E-1;1,156126E+0;;
02/12/2021  12:47:15,138663;1,197792E+0;1,299215E-1;1,249980E-1;1,157451E+0;;
02/12/2021  12:47:15,138763;1,198701E+0;1,382046E-1;1,265777E-1;1,158779E+0;;
02/12/2021  12:47:15,138863;1,199187E+0;1,327887E-1;1,322644E-1;1,160108E+0;;
02/12/2021  12:47:15,138963;1,199443E+0;1,420275E-1;1,401627E-1;1,161437E+0;;
02/12/2021  12:47:15,139063;1,200969E+0;1,324701E-1;1,278414E-1;1,162766E+0;;
02/12/2021  12:47:15,139163;1,201610E+0;1,104881E-1;1,436380E-1;1,164094E+0;;
02/12/2021  12:47:15,139263;1,202662E+0;1,225942E-1;1,218387E-1;1,165420E+0;;
02/12/2021  12:47:15,139363;1,202596E+0;1,436204E-1;1,714400E-1;1,166742E+0;;
02/12/2021  12:47:15,139463;1,203324E+0;1,194084E-1;1,117289E-1;1,168061E+0;;
02/12/2021  12:47:15,139563;1,204265E+0;1,241871E-1;1,246821E-1;1,169375E+0;;
02/12/2021  12:47:15,139663;1,204784E+0;1,439390E-1;1,385831E-1;1,170682E+0;;
02/12/2021  12:47:15,139763;1,205079E+0;1,331073E-1;1,338441E-1;1,171983E+0;;
02/12/2021  12:47:15,139863;1,204599E+0;7,767438E-2;7,981972E-2;1,173276E+0;;
02/12/2021  12:47:15,139963;1,205004E+0;1,257800E-1;1,262617E-1;1,174560E+0;;
02/12/2021  12:47:15,140063;1,206071E+0;1,429833E-1;1,606983E-1;1,175833E+0;;
02/12/2021  12:47:15,140163;1,206796E+0;1,292843E-1;1,287892E-1;1,177095E+0;;
02/12/2021  12:47:15,140263;1,207186E+0;1,305587E-1;1,366875E-1;1,178345E+0;;
02/12/2021  12:47:15,140363;1,206977E+0;1,327887E-1;1,224705E-1;1,179581E+0;;
02/12/2021  12:47:15,140463;1,207985E+0;1,382046E-1;1,379512E-1;1,180802E+0;;
02/12/2021  12:47:15,140563;1,208822E+0;7,480716E-2;1,357397E-1;1,182008E+0;;
02/12/2021  12:47:15,140663;1,209850E+0;1,229127E-1;1,262617E-1;1,183198E+0;;
02/12/2021  12:47:15,140763;1,210521E+0;1,104881E-1;1,357397E-1;1,184371E+0;;
02/12/2021  12:47:15,140863;1,210798E+0;1,197269E-1;1,256299E-1;1,185526E+0;;
02/12/2021  12:47:15,140963;1,211043E+0;1,254614E-1;1,294210E-1;1,186664E+0;;
02/12/2021  12:47:15,141063;1,213123E+0;1,420275E-1;1,335282E-1;1,187782E+0;;
02/12/2021  12:47:15,141163;1,213981E+0;1,410718E-1;1,370034E-1;1,188882E+0;;
02/12/2021  12:47:15,141263;1,213495E+0;1,200455E-1;1,278414E-1;1,189963E+0;;
02/12/2021  12:47:15,141363;1,213290E+0;1,270543E-1;1,310007E-1;1,191025E+0;;
02/12/2021  12:47:15,141463;1,214643E+0;1,369303E-1;1,464814E-1;1,192068E+0;;
02/12/2021  12:47:15,141563;1,215793E+0;1,359745E-1;1,376353E-1;1,193091E+0;;
02/12/2021  12:47:15,141663;1,216461E+0;1,213198E-1;1,240502E-1;1,194094E+0;;
02/12/2021  12:47:15,141763;1,216011E+0;1,347002E-1;1,155200E-1;1,195078E+0;;
02/12/2021  12:47:15,141863;1,215567E+0;1,248242E-1;9,593225E-2;1,196043E+0;;
02/12/2021  12:47:15,141963;1,216291E+0;1,308772E-1;1,063580E-1;1,196988E+0;;
02/12/2021  12:47:15,142063;1,216538E+0;1,222756E-1;1,224705E-1;1,197914E+0;;
02/12/2021  12:47:15,142163;1,216675E+0;1,248242E-1;1,322644E-1;1,198819E+0;;
02/12/2021  12:47:15,142263;1,216130E+0;1,286472E-1;1,319485E-1;1,199705E+0;;
02/12/2021  12:47:15,142363;1,216419E+0;1,213198E-1;1,237343E-1;1,200570E+0;;
02/12/2021  12:47:15,142463;1,216190E+0;1,117624E-1;8,992954E-2;1,201415E+0;;
02/12/2021  12:47:15,142563;1,217411E+0;1,273729E-1;1,088855E-1;1,202239E+0;;
02/12/2021  12:47:15,142663;1,217152E+0;1,353374E-1;1,347919E-1;1,203042E+0;;
02/12/2021  12:47:15,142763;1,216267E+0;1,531778E-1;1,471132E-1;1,203824E+0;;
02/12/2021  12:47:15,142863;1,215897E+0;1,417090E-1;1,373193E-1;1,204585E+0;;
02/12/2021  12:47:15,142963;1,217093E+0;1,174969E-1;1,193112E-1;1,205325E+0;;
02/12/2021  12:47:15,143063;1,216929E+0;1,245056E-1;1,272095E-1;1,206042E+0;;
02/12/2021  12:47:15,143163;1,217581E+0;1,215178E-3;5,486109E-2;1,206738E+0;;
02/12/2021  12:47:15,143263;1,217203E+0;1,264171E-1;1,253139E-1;1,207412E+0;;
02/12/2021  12:47:15,143363;1,217143E+0;1,136739E-1;1,161519E-1;1,208063E+0;;
02/12/2021  12:47:15,143463;1,218645E+0;1,168597E-1;1,234183E-1;1,208693E+0;;
02/12/2021  12:47:15,143563;1,219244E+0;1,385232E-1;1,597505E-1;1,209301E+0;;
02/12/2021  12:47:15,143663;1,219292E+0;1,350188E-1;1,344760E-1;1,209887E+0;;
02/12/2021  12:47:15,143763;1,219143E+0;1,340630E-1;1,673329E-1;1,210453E+0;;
02/12/2021  12:47:15,143863;1,218735E+0;3,126658E-3;7,286922E-2;1,210997E+0;;
02/12/2021  12:47:15,143963;1,219742E+0;1,496735E-1;1,471132E-1;1,211522E+0;;
02/12/2021  12:47:15,144063;1,220585E+0;1,455319E-1;1,423743E-1;1,212026E+0;;
02/12/2021  12:47:15,144163;1,220627E+0;1,433019E-1;1,385831E-1;1,212511E+0;;
02/12/2021  12:47:15,144263;1,220237E+0;1,369303E-1;1,388990E-1;1,212978E+0;;
02/12/2021  12:47:15,144363;1,220195E+0;1,343816E-1;1,360556E-1;1,213426E+0;;
02/12/2021  12:47:15,144463;1,220872E+0;1,503106E-1;1,616461E-1;1,213856E+0;;
02/12/2021  12:47:15,144563;1,221268E+0;1,267357E-1;1,325804E-1;1,214269E+0;;
02/12/2021  12:47:15,144663;1,220746E+0;1,165411E-1;1,246821E-1;1,214666E+0;;
02/12/2021  12:47:15,144763;1,220448E+0;1,069837E-1;1,095173E-1;1,215046E+0;;
02/12/2021  12:47:15,144863;1,219826E+0;1,270543E-1;1,338441E-1;1,215411E+0;;
02/12/2021  12:47:15,144963;1,220156E+0;1,213198E-1;1,243661E-1;1,215760E+0;;
02/12/2021  12:47:15,145063;1,220034E+0;1,063466E-1;1,183634E-1;1,216094E+0;;
02/12/2021  12:47:15,145163;1,219516E+0;9,009900E-2;1,322644E-1;1,216413E+0;;
02/12/2021  12:47:15,145263;1,218487E+0;1,149482E-1;1,275255E-1;1,216718E+0;;
02/12/2021  12:47:15,145363;1,218779E+0;1,139925E-1;1,237343E-1;1,217008E+0;;
02/12/2021  12:47:15,145463;1,218711E+0;8,117876E-2;9,909157E-2;1,217283E+0;;
02/12/2021  12:47:15,145563;1,218493E+0;9,392196E-2;1,079377E-1;1,217544E+0;;
02/12/2021  12:47:15,145663;1,218073E+0;9,870066E-2;1,126766E-1;1,217791E+0;;
02/12/2021  12:47:15,145763;1,216759E+0;1,149482E-1;1,388990E-1;1,218022E+0;;
02/12/2021  12:47:15,145863;1,216225E+0;8,542518E-3;8,234717E-2;1,218240E+0;;
02/12/2021  12:47:15,145963;1,216762E+0;1,746276E-2;5,422923E-2;1,218442E+0;;
02/12/2021  12:47:15,146063;1,216350E+0;9,041758E-2;1,139404E-1;1,218629E+0;;
02/12/2021  12:47:15,146163;1,215444E+0;8,468314E-2;1,126766E-1;1,218801E+0;;
02/12/2021  12:47:15,146263;1,214476E+0;3,594040E-2;9,372073E-2;1,218958E+0;;
02/12/2021  12:47:15,146363;1,213930E+0;8,659462E-2;1,038306E-1;1,219099E+0;;
02/12/2021  12:47:15,146463;1,214348E+0;9,169190E-2;9,024547E-2;1,219225E+0;;
02/12/2021  12:47:15,146563;1,213600E+0;1,034794E-1;1,249980E-1;1,219334E+0;;
02/12/2021  12:47:15,146663;1,212443E+0;1,053908E-1;1,164678E-1;1,219427E+0;;
02/12/2021  12:47:15,146763;1,211144E+0;1,047537E-1;1,161519E-1;1,219504E+0;;
02/12/2021  12:47:15,146863;1,210336E+0;9,583344E-2;1,088855E-1;1,219563E+0;;
02/12/2021  12:47:15,146963;1,210208E+0;1,162226E-1;1,120448E-1;1,219605E+0;;
02/12/2021  12:47:15,147063;1,209630E+0;1,570008E-1;1,452176E-1;1,219630E+0;;
02/12/2021  12:47:15,147163;1,208190E+0;1,675139E-1;1,442698E-1;1,219636E+0;;
02/12/2021  12:47:15,147263;1,206858E+0;1,640096E-1;1,493248E-1;1,219623E+0;;
02/12/2021  12:47:15,147363;1,206143E+0;1,541336E-1;1,379512E-1;1,219592E+0;;
02/12/2021  12:47:15,147463;1,205776E+0;1,843987E-1;1,670170E-1;1,219540E+0;;
02/12/2021  12:47:15,147563;1,204689E+0;-5,156422E-3;3,780076E-2;1,219469E+0;;
02/12/2021  12:47:15,147663;1,202859E+0;1,544522E-1;1,423743E-1;1,219377E+0;;
02/12/2021  12:47:15,147763;1,201580E+0;1,340630E-1;1,278414E-1;1,219264E+0;;
02/12/2021  12:47:15,147863;1,201518E+0;1,127182E-1;1,537478E-1;1,219129E+0;;
02/12/2021  12:47:15,147963;1,201413E+0;1,439390E-1;1,657532E-1;1,218972E+0;;
02/12/2021  12:47:15,148063;1,200609E+0;1,305587E-1;1,177316E-1;1,218792E+0;;
02/12/2021  12:47:15,148163;1,198791E+0;1,452133E-1;1,357397E-1;1,218590E+0;;
02/12/2021  12:47:15,148263;1,197923E+0;9,997498E-2;1,208909E-1;1,218364E+0;;
02/12/2021  12:47:15,148363;1,198174E+0;1,327887E-1;1,388990E-1;1,218115E+0;;
02/12/2021  12:47:15,148463;1,197810E+0;1,366117E-1;1,414265E-1;1,217843E+0;;
02/12/2021  12:47:15,148563;1,196222E+0;1,248242E-1;1,287892E-1;1,217547E+0;;
02/12/2021  12:47:15,148663;1,195381E+0;1,184526E-1;1,272095E-1;1,217229E+0;;
02/12/2021  12:47:15,148763;1,194034E+0;1,429833E-1;1,363715E-1;1,216887E+0;;
02/12/2021  12:47:15,148863;1,193155E+0;1,401161E-1;1,259458E-1;1,216522E+0;;
02/12/2021  12:47:15,148963;1,192565E+0;1,101695E-1;1,177316E-1;1,216134E+0;;
02/12/2021  12:47:15,149063;1,190818E+0;1,187712E-1;1,275255E-1;1,215723E+0;;
02/12/2021  12:47:15,149163;1,188583E+0;1,257800E-1;1,303688E-1;1,215290E+0;;
02/12/2021  12:47:15,149263;1,186854E+0;1,337445E-1;1,316326E-1;1,214833E+0;;
02/12/2021  12:47:15,149363;1,185826E+0;1,410718E-1;1,594346E-1;1,214353E+0;;
02/12/2021  12:47:15,149463;1,184333E+0;1,241871E-1;1,133085E-1;1,213850E+0;;
02/12/2021  12:47:15,149563;1,182199E+0;1,292843E-1;1,480610E-1;1,213323E+0;;
02/12/2021  12:47:15,149663;1,179225E+0;1,200455E-1;1,221546E-1;1,212772E+0;;
02/12/2021  12:47:15,149763;1,177097E+0;1,225942E-1;1,272095E-1;1,212196E+0;;
02/12/2021  12:47:15,149863;1,175643E+0;1,053908E-1;1,243661E-1;1,211595E+0;;
02/12/2021  12:47:15,149963;1,174155E+0;1,162226E-1;1,215227E-1;1,210967E+0;;
02/12/2021  12:47:15,150063;1,172331E+0;1,283286E-1;1,442698E-1;1,210312E+0;;
02/12/2021  12:47:15,150163;1,170147E+0;7,225852E-2;1,076217E-1;1,209629E+0;;
02/12/2021  12:47:15,150263;1,168487E+0;1,273729E-1;1,265777E-1;1,208919E+0;;
02/12/2021  12:47:15,150363;1,167560E+0;1,187712E-1;1,287892E-1;1,208179E+0;;
02/12/2021  12:47:15,150463;1,166505E+0;1,270543E-1;1,294210E-1;1,207409E+0;;
02/12/2021  12:47:15,150563;1,164428E+0;1,248242E-1;1,297370E-1;1,206610E+0;;
02/12/2021  12:47:15,150663;1,162479E+0;1,225942E-1;1,212068E-1;1,205780E+0;;
02/12/2021  12:47:15,150763;1,161212E+0;1,037979E-1;9,372073E-2;1,204920E+0;;
02/12/2021  12:47:15,150863;1,159650E+0;1,490363E-1;1,477451E-1;1,204029E+0;;
02/12/2021  12:47:15,150963;1,158655E+0;1,420275E-1;1,357397E-1;1,203108E+0;;
02/12/2021  12:47:15,151063;1,156867E+0;1,210013E-1;1,246821E-1;1,202157E+0;;
02/12/2021  12:47:15,151163;1,154420E+0;1,270543E-1;1,297370E-1;1,201175E+0;;
02/12/2021  12:47:15,151263;1,153129E+0;1,203641E-1;1,088855E-1;1,200162E+0;;
02/12/2021  12:47:15,151363;1,151413E+0;1,232313E-1;1,110970E-1;1,199120E+0;;
02/12/2021  12:47:15,151463;1,150045E+0;1,088952E-1;1,227865E-1;1,198048E+0;;
02/12/2021  12:47:15,151563;1,147425E+0;1,305587E-1;1,262617E-1;1,196947E+0;;
02/12/2021  12:47:15,151663;1,144567E+0;1,359745E-1;1,344760E-1;1,195816E+0;;
02/12/2021  12:47:15,151763;1,142728E+0;1,168597E-1;1,300529E-1;1,194656E+0;;
02/12/2021  12:47:15,151863;1,141214E+0;1,337445E-1;1,262617E-1;1,193467E+0;;
02/12/2021  12:47:15,151963;1,139566E+0;1,321516E-1;1,316326E-1;1,192249E+0;;
02/12/2021  12:47:15,152063;1,137536E+0;1,210013E-1;1,281573E-1;1,191002E+0;;
02/12/2021  12:47:15,152163;1,135581E+0;1,002936E-1;1,047783E-1;1,189727E+0;;
02/12/2021  12:47:15,152263;1,134708E+0;1,340630E-1;1,322644E-1;1,188423E+0;;
02/12/2021  12:47:15,152363;1,133713E+0;1,477620E-1;1,622780E-1;1,187092E+0;;
02/12/2021  12:47:15,152463;1,132512E+0;1,082581E-1;1,038306E-1;1,185734E+0;;
02/12/2021  12:47:15,152563;1,131010E+0;1,442576E-1;1,158360E-1;1,184349E+0;;
02/12/2021  12:47:15,152663;1,129570E+0;1,458505E-1;1,682807E-1;1,182940E+0;;
02/12/2021  12:47:15,152763;1,129084E+0;1,534964E-1;1,540637E-1;1,181506E+0;;
02/12/2021  12:47:15,152863;1,128485E+0;1,213198E-1;1,272095E-1;1,180049E+0;;
02/12/2021  12:47:15,152963;1,127895E+0;1,248242E-1;1,212068E-1;1,178570E+0;;
02/12/2021  12:47:15,153063;1,126676E+0;1,155854E-1;1,259458E-1;1,177071E+0;;
02/12/2021  12:47:15,153163;1,126193E+0;1,152668E-1;1,224705E-1;1,175554E+0;;
02/12/2021  12:47:15,153263;1,126450E+0;1,229127E-1;1,227865E-1;1,174020E+0;;
02/12/2021  12:47:15,153363;1,125642E+0;1,178155E-1;1,202590E-1;1,172472E+0;;
02/12/2021  12:47:15,153463;1,125472E+0;1,264171E-1;1,272095E-1;1,170911E+0;;
02/12/2021  12:47:15,153563;1,123434E+0;1,382046E-1;1,382671E-1;1,169341E+0;;
02/12/2021  12:47:15,153663;1,122754E+0;1,331073E-1;1,335282E-1;1,167762E+0;;
02/12/2021  12:47:15,153763;1,121893E+0;1,130368E-1;1,186794E-1;1,166178E+0;;
02/12/2021  12:47:15,153863;1,121571E+0;9,232906E-2;1,031987E-1;1,164590E+0;;
02/12/2021  12:47:15,153963;1,120644E+0;1,257800E-1;1,278414E-1;1,163000E+0;;
02/12/2021  12:47:15,154063;1,119023E+0;2,542726E-2;7,729226E-2;1,161411E+0;;
02/12/2021  12:47:15,154163;1,117416E+0;1,200455E-1;1,316326E-1;1,159823E+0;;
02/12/2021  12:47:15,154263;1,117610E+0;1,302401E-1;1,436380E-1;1,158240E+0;;
02/12/2021  12:47:15,154363;1,116907E+0;1,283286E-1;1,281573E-1;1,156662E+0;;
02/12/2021  12:47:15,154463;1,115780E+0;1,483991E-1;1,546956E-1;1,155091E+0;;
02/12/2021  12:47:15,154563;1,113932E+0;1,347002E-1;1,338441E-1;1,153528E+0;;
02/12/2021  12:47:15,154663;1,113363E+0;1,260985E-1;1,319485E-1;1,151976E+0;;
02/12/2021  12:47:15,154763;1,112612E+0;6,429402E-2;7,444887E-2;1,150435E+0;;
02/12/2021  12:47:15,154863;1,111495E+0;1,356559E-1;1,373193E-1;1,148907E+0;;
02/12/2021  12:47:15,154963;1,111313E+0;1,359745E-1;1,341600E-1;1,147392E+0;;
02/12/2021  12:47:15,155063;1,109945E+0;1,037979E-1;1,249980E-1;1,145892E+0;;
02/12/2021  12:47:15,155163;1,109501E+0;1,296029E-1;1,139404E-1;1,144408E+0;;
02/12/2021  12:47:15,155263;1,110112E+0;1,060280E-1;1,038306E-1;1,142940E+0;;
02/12/2021  12:47:15,155363;1,108970E+0;1,225942E-1;1,265777E-1;1,141489E+0;;
02/12/2021  12:47:15,155463;1,108568E+0;9,519628E-2;7,034176E-2;1,140058E+0;;
02/12/2021  12:47:15,155563;1,107367E+0;1,130368E-1;1,170997E-1;1,138646E+0;;
02/12/2021  12:47:15,155663;1,106672E+0;1,168597E-1;1,167838E-1;1,137254E+0;;
02/12/2021  12:47:15,155763;1,106807E+0;1,382046E-1;1,253139E-1;1,135884E+0;;
02/12/2021  12:47:15,155863;1,106744E+0;1,388417E-1;1,328963E-1;1,134535E+0;;
02/12/2021  12:47:15,155963;1,106690E+0;1,066652E-1;1,164678E-1;1,133210E+0;;
02/12/2021  12:47:15,156063;1,106175E+0;1,139925E-1;1,208909E-1;1,131907E+0;;
02/12/2021  12:47:15,156163;1,106512E+0;1,375674E-1;1,297370E-1;1,130629E+0;;
02/12/2021  12:47:15,156263;1,107364E+0;1,649653E-1;1,622780E-1;1,129377E+0;;
02/12/2021  12:47:15,156363;1,107847E+0;1,257800E-1;1,268936E-1;1,128150E+0;;
02/12/2021  12:47:15,156463;1,108505E+0;1,385232E-1;1,376353E-1;1,126950E+0;;
02/12/2021  12:47:15,156563;1,107805E+0;7,257710E-2;8,929768E-2;1,125779E+0;;
02/12/2021  12:47:15,156663;1,108893E+0;1,241871E-1;1,234183E-1;1,124637E+0;;
02/12/2021  12:47:15,156763;1,110118E+0;1,315144E-1;1,531159E-1;1,123526E+0;;
02/12/2021  12:47:15,156863;1,110806E+0;6,716124E-2;8,297904E-2;1,122447E+0;;
02/12/2021  12:47:15,156963;1,111024E+0;8,850610E-2;1,145722E-1;1,121400E+0;;
02/12/2021  12:47:15,157063;1,111682E+0;1,229127E-1;1,104651E-1;1,120388E+0;;
02/12/2021  12:47:15,157163;1,113131E+0;1,433019E-1;1,335282E-1;1,119412E+0;;
02/12/2021  12:47:15,157263;1,114946E+0;1,560451E-1;1,407946E-1;1,118472E+0;;
02/12/2021  12:47:15,157363;1,116183E+0;1,213198E-1;1,167838E-1;1,117571E+0;;
02/12/2021  12:47:15,157463;1,116579E+0;1,474434E-1;1,509044E-1;1,116710E+0;;
02/12/2021  12:47:15,157563;1,117387E+0;1,391603E-1;1,354238E-1;1,115891E+0;;
02/12/2021  12:47:15,157663;1,119830E+0;1,289658E-1;1,249980E-1;1,115114E+0;;
02/12/2021  12:47:15,157763;1,121225E+0;1,200455E-1;1,180475E-1;1,114381E+0;;
02/12/2021  12:47:15,157863;1,123061E+0;1,260985E-1;1,291051E-1;1,113695E+0;;
02/12/2021  12:47:15,157963;1,124101E+0;1,353374E-1;1,401627E-1;1,113055E+0;;
02/12/2021  12:47:15,158063;1,125910E+0;1,095324E-1;1,183634E-1;1,112465E+0;;
02/12/2021  12:47:15,158163;1,128584E+0;1,136739E-1;1,237343E-1;1,111925E+0;;
02/12/2021  12:47:15,158263;1,130631E+0;1,079395E-1;1,205749E-1;1,111437E+0;;
02/12/2021  12:47:15,158363;1,132479E+0;1,146297E-1;1,224705E-1;1,111002E+0;;
02/12/2021  12:47:15,158463;1,133936E+0;2,415294E-2;5,170177E-2;1,110623E+0;;
02/12/2021  12:47:15,158563;1,135671E+0;1,331073E-1;1,546956E-1;1,110301E+0;;
02/12/2021  12:47:15,158663;1,137420E+0;1,139925E-1;1,313166E-1;1,110037E+0;;
02/12/2021  12:47:15,158763;1,139217E+0;1,012493E-1;1,174156E-1;1,109832E+0;;
02/12/2021  12:47:15,158863;1,140970E+0;1,216384E-1;1,423743E-1;1,109687E+0;;
02/12/2021  12:47:15,158963;1,141944E+0;6,588692E-2;1,088855E-1;1,109604E+0;;
02/12/2021  12:47:15,159063;1,143125E+0;9,870066E-2;1,050943E-1;1,109583E+0;;
02/12/2021  12:47:15,159163;1,144817E+0;6,206396E-2;5,738855E-2;1,109625E+0;;
02/12/2021  12:47:15,159263;1,146909E+0;1,133553E-1;1,243661E-1;1,109730E+0;;
02/12/2021  12:47:15,159363;1,147696E+0;1,168597E-1;1,294210E-1;1,109899E+0;;
02/12/2021  12:47:15,159463;1,147836E+0;6,333828E-2;1,117289E-1;1,110130E+0;;
02/12/2021  12:47:15,159563;1,148716E+0;8,022302E-2;8,834988E-2;1,110424E+0;;
02/12/2021  12:47:15,159663;1,150843E+0;9,360338E-2;1,076217E-1;1,110781E+0;;
02/12/2021  12:47:15,159763;1,152155E+0;8,595746E-2;1,101492E-1;1,111199E+0;;
02/12/2021  12:47:15,159863;1,153496E+0;8,309024E-2;1,101492E-1;1,111677E+0;;
02/12/2021  12:47:15,159963;1,154202E+0;9,870066E-2;1,158360E-1;1,112214E+0;;
02/12/2021  12:47:15,160063;1,155558E+0;1,047537E-1;1,117289E-1;1,112810E+0;;
02/12/2021  12:47:15,160163;1,157874E+0;1,031608E-1;1,212068E-1;1,113462E+0;;
02/12/2021  12:47:15,160263;1,159406E+0;1,206827E-1;1,328963E-1;1,114170E+0;;
02/12/2021  12:47:15,160363;1,160428E+0;1,069837E-1;1,006712E-1;1,114932E+0;;
02/12/2021  12:47:15,160463;1,161769E+0;1,550893E-1;1,449017E-1;1,115746E+0;;
02/12/2021  12:47:15,160563;1,163733E+0;1,483991E-1;1,474292E-1;1,116611E+0;;
02/12/2021  12:47:15,160663;1,165036E+0;1,506292E-1;2,099837E-1;1,117526E+0;;
02/12/2021  12:47:15,160763;1,166970E+0;1,818500E-1;1,603824E-1;1,118488E+0;;
02/12/2021  12:47:15,160863;1,168639E+0;1,678325E-1;1,414265E-1;1,119497E+0;;
02/12/2021  12:47:15,160963;1,168889E+0;1,745227E-1;1,546956E-1;1,120550E+0;;
02/12/2021  12:47:15,161063;1,171589E+0;1,143111E-1;1,291051E-1;1,121647E+0;;
02/12/2021  12:47:15,161163;1,173679E+0;1,477620E-1;1,676488E-1;1,122784E+0;;
02/12/2021  12:47:15,161263;1,175309E+0;1,286472E-1;1,347919E-1;1,123961E+0;;
02/12/2021  12:47:15,161363;1,176125E+0;1,633724E-1;1,837613E-1;1,125177E+0;;
02/12/2021  12:47:15,161463;1,176945E+0;1,426647E-1;1,265777E-1;1,126429E+0;;
02/12/2021  12:47:15,161563;1,179448E+0;1,197269E-1;1,262617E-1;1,127715E+0;;
02/12/2021  12:47:15,161663;1,181007E+0;1,260985E-1;1,278414E-1;1,129035E+0;;
02/12/2021  12:47:15,161763;1,183141E+0;1,289658E-1;1,322644E-1;1,130386E+0;;
02/12/2021  12:47:15,161863;1,184312E+0;1,197269E-1;1,291051E-1;1,131767E+0;;
02/12/2021  12:47:15,161963;1,185790E+0;1,184526E-1;1,231024E-1;1,133176E+0;;
02/12/2021  12:47:15,162063;1,188178E+0;1,241871E-1;1,287892E-1;1,134613E+0;;
02/12/2021  12:47:15,162163;1,190812E+0;1,095324E-1;1,249980E-1;1,136074E+0;;
02/12/2021  12:47:15,162263;1,192893E+0;1,098510E-1;1,262617E-1;1,137560E+0;;
02/12/2021  12:47:15,162363;1,194371E+0;1,477620E-1;1,632258E-1;1,139069E+0;;
02/12/2021  12:47:15,162463;1,196204E+0;1,311958E-1;1,316326E-1;1,140601E+0;;
02/12/2021  12:47:15,162563;1,198841E+0;1,241871E-1;1,291051E-1;1,142153E+0;;
02/12/2021  12:47:15,162663;1,201440E+0;1,375674E-1;1,442698E-1;1,143725E+0;;
02/12/2021  12:47:15,162763;1,203076E+0;1,509478E-1;1,458495E-1;1,145317E+0;;
02/12/2021  12:47:15,162863;1,204879E+0;1,369303E-1;1,363715E-1;1,146928E+0;;
02/12/2021  12:47:15,162963;1,206533E+0;8,468314E-2;1,335282E-1;1,148557E+0;;
02/12/2021  12:47:15,163063;1,209141E+0;1,706997E-1;1,651214E-1;1,150203E+0;;
02/12/2021  12:47:15,163163;1,210378E+0;1,362931E-1;1,373193E-1;1,151866E+0;;
02/12/2021  12:47:15,163263;1,211662E+0;1,337445E-1;1,313166E-1;1,153545E+0;;
02/12/2021  12:47:15,163363;1,211308E+0;1,270543E-1;1,038306E-1;1,155239E+0;;
02/12/2021  12:47:15,163463;1,212938E+0;1,162226E-1;8,740209E-2;1,156948E+0;;
02/12/2021  12:47:15,163563;1,214732E+0;1,442576E-1;1,054102E-1;1,158670E+0;;
02/12/2021  12:47:15,163663;1,214416E+0;1,123996E-1;1,253139E-1;1,160403E+0;;
02/12/2021  12:47:15,163763;1,216210E+0;9,264764E-2;1,145722E-1;1,162147E+0;;
02/12/2021  12:47:15,163863;1,216553E+0;1,315144E-1;1,025668E-1;1,163899E+0;;
02/12/2021  12:47:15,163963;1,217841E+0;1,219570E-1;1,243661E-1;1,165659E+0;;
02/12/2021  12:47:15,164063;1,218404E+0;1,366117E-1;1,262617E-1;1,167424E+0;;
02/12/2021  12:47:15,164163;1,219751E+0;1,331073E-1;1,325804E-1;1,169192E+0;;
02/12/2021  12:47:15,164263;1,220055E+0;1,442576E-1;1,398468E-1;1,170963E+0;;
02/12/2021  12:47:15,164363;1,219870E+0;1,123996E-1;1,167838E-1;1,172734E+0;;
02/12/2021  12:47:15,164463;1,220583E+0;1,404346E-1;1,407946E-1;1,174504E+0;;
02/12/2021  12:47:15,164563;1,221587E+0;1,289658E-1;1,306848E-1;1,176269E+0;;
02/12/2021  12:47:15,164663;1,222800E+0;1,210013E-1;1,167838E-1;1,178029E+0;;
02/12/2021  12:47:15,164763;1,222880E+0;1,117624E-1;1,079377E-1;1,179781E+0;;
02/12/2021  12:47:15,164863;1,223360E+0;1,550893E-1;1,550115E-1;1,181524E+0;;
02/12/2021  12:47:15,164963;1,224385E+0;1,550893E-1;1,436380E-1;1,183255E+0;;
02/12/2021  12:47:15,165063;1,225005E+0;1,136739E-1;1,287892E-1;1,184973E+0;;
02/12/2021  12:47:15,165163;1,225297E+0;1,219570E-1;1,262617E-1;1,186677E+0;;
02/12/2021  12:47:15,165263;1,225124E+0;1,315144E-1;1,262617E-1;1,188363E+0;;
02/12/2021  12:47:15,165363;1,224126E+0;1,200455E-1;1,332122E-1;1,190031E+0;;
02/12/2021  12:47:15,165463;1,224260E+0;1,299215E-1;1,531159E-1;1,191679E+0;;
02/12/2021  12:47:15,165563;1,224525E+0;1,327887E-1;1,458495E-1;1,193304E+0;;
02/12/2021  12:47:15,165663;1,224528E+0;1,248242E-1;1,224705E-1;1,194905E+0;;
02/12/2021  12:47:15,165763;1,223760E+0;1,923632E-1;1,411105E-1;1,196479E+0;;
02/12/2021  12:47:15,165863;1,223798E+0;1,359745E-1;1,215227E-1;1,198025E+0;;
02/12/2021  12:47:15,165963;1,224001E+0;1,136739E-1;1,180475E-1;1,199542E+0;;
02/12/2021  12:47:15,166063;1,224221E+0;9,838208E-2;1,158360E-1;1,201026E+0;;
02/12/2021  12:47:15,166163;1,224603E+0;1,133553E-1;1,110970E-1;1,202476E+0;;
02/12/2021  12:47:15,166263;1,224347E+0;1,248242E-1;1,205749E-1;1,203891E+0;;
02/12/2021  12:47:15,166363;1,224478E+0;1,391603E-1;1,297370E-1;1,205270E+0;;
02/12/2021  12:47:15,166463;1,225464E+0;9,997498E-2;1,196272E-1;1,206611E+0;;
02/12/2021  12:47:15,166563;1,226615E+0;1,251428E-1;1,297370E-1;1,207913E+0;;
02/12/2021  12:47:15,166663;1,227586E+0;1,350188E-1;1,388990E-1;1,209175E+0;;
02/12/2021  12:47:15,166763;1,227768E+0;1,359745E-1;1,467973E-1;1,210398E+0;;
02/12/2021  12:47:15,166863;1,228680E+0;1,168597E-1;1,265777E-1;1,211580E+0;;
02/12/2021  12:47:15,166963;1,229851E+0;1,267357E-1;1,303688E-1;1,212723E+0;;
02/12/2021  12:47:15,167063;1,230188E+0;1,471248E-1;1,388990E-1;1,213825E+0;;
02/12/2021  12:47:15,167163;1,230233E+0;1,260985E-1;1,287892E-1;1,214888E+0;;
02/12/2021  12:47:15,167263;1,229631E+0;1,299215E-1;1,366875E-1;1,215912E+0;;
02/12/2021  12:47:15,167363;1,229511E+0;9,647060E-2;1,733356E-1;1,216897E+0;;
02/12/2021  12:47:15,167463;1,229622E+0;8,627604E-2;1,812339E-1;1,217844E+0;;
02/12/2021  12:47:15,167563;1,229684E+0;1,190898E-1;1,284732E-1;1,218753E+0;;
02/12/2021  12:47:15,167663;1,229467E+0;1,213198E-1;1,436380E-1;1,219625E+0;;
02/12/2021  12:47:15,167763;1,229225E+0;-3,542152E-2;3,400958E-2;1,220459E+0;;
02/12/2021  12:47:15,167863;1,228492E+0;9,519628E-2;9,877564E-2;1,221257E+0;;
02/12/2021  12:47:15,167963;1,228513E+0;2,319720E-2;6,023194E-2;1,222018E+0;;
02/12/2021  12:47:15,168063;1,228436E+0;1,248242E-1;1,281573E-1;1,222743E+0;;
02/12/2021  12:47:15,168163;1,227661E+0;1,111253E-1;1,265777E-1;1,223431E+0;;
02/12/2021  12:47:15,168263;1,226141E+0;-2,204116E-2;2,990246E-2;1,224085E+0;;
02/12/2021  12:47:15,168363;1,225864E+0;1,146297E-1;1,095173E-1;1,224702E+0;;
02/12/2021  12:47:15,168463;1,225929E+0;1,490363E-1;1,354238E-1;1,225284E+0;;
02/12/2021  12:47:15,168563;1,225548E+0;1,053908E-1;1,183634E-1;1,225831E+0;;
02/12/2021  12:47:15,168663;1,225133E+0;1,229127E-1;1,259458E-1;1,226342E+0;;
02/12/2021  12:47:15,168763;1,223688E+0;1,174969E-1;1,284732E-1;1,226818E+0;;
02/12/2021  12:47:15,168863;1,223578E+0;1,324701E-1;1,243661E-1;1,227259E+0;;
02/12/2021  12:47:15,168963;1,223610E+0;1,235499E-1;1,218387E-1;1,227666E+0;;
02/12/2021  12:47:15,169063;1,222475E+0;1,280100E-1;1,287892E-1;1,228037E+0;;
02/12/2021  12:47:15,169163;1,221137E+0;1,356559E-1;1,357397E-1;1,228374E+0;;
02/12/2021  12:47:15,169263;1,219334E+0;1,073023E-1;1,338441E-1;1,228677E+0;;
02/12/2021  12:47:15,169363;1,218511E+0;1,356559E-1;1,319485E-1;1,228945E+0;;
02/12/2021  12:47:15,169463;1,218303E+0;1,378860E-1;1,306848E-1;1,229178E+0;;
02/12/2021  12:47:15,169563;1,217313E+0;1,305587E-1;1,253139E-1;1,229377E+0;;
02/12/2021  12:47:15,169663;1,215823E+0;1,296029E-1;1,344760E-1;1,229540E+0;;
02/12/2021  12:47:15,169763;1,213626E+0;1,394789E-1;1,354238E-1;1,229669E+0;;
02/12/2021  12:47:15,169863;1,213624E+0;1,439390E-1;1,474292E-1;1,229762E+0;;
02/12/2021  12:47:15,169963;1,212706E+0;1,178155E-1;1,515363E-1;1,229819E+0;;
02/12/2021  12:47:15,170063;1,211803E+0;1,225942E-1;1,212068E-1;1,229841E+0;;
02/12/2021  12:47:15,170163;1,210724E+0;-6,919100E-2;-2,638533E-3;1,229828E+0;;
02/12/2021  12:47:15,170263;1,209174E+0;1,114439E-1;1,193112E-1;1,229778E+0;;
02/12/2021  12:47:15,170363;1,209001E+0;1,334259E-1;1,673329E-1;1,229693E+0;;
02/12/2021  12:47:15,170463;1,209406E+0;1,254614E-1;1,325804E-1;1,229572E+0;;
02/12/2021  12:47:15,170563;1,208029E+0;1,499920E-1;1,357397E-1;1,229416E+0;;
02/12/2021  12:47:15,170663;1,207055E+0;1,270543E-1;1,265777E-1;1,229225E+0;;
02/12/2021  12:47:15,170763;1,206676E+0;1,337445E-1;1,341600E-1;1,228999E+0;;
02/12/2021  12:47:15,170863;1,207025E+0;1,378860E-1;1,385831E-1;1,228740E+0;;
02/12/2021  12:47:15,170963;1,206703E+0;1,483991E-1;1,401627E-1;1,228448E+0;;
02/12/2021  12:47:15,171063;1,206316E+0;1,362931E-1;1,297370E-1;1,228123E+0;;
02/12/2021  12:47:15,171163;1,205407E+0;1,687883E-1;1,837613E-1;1,227768E+0;;
02/12/2021  12:47:15,171263;1,205124E+0;1,353374E-1;1,347919E-1;1,227383E+0;;
02/12/2021  12:47:15,171363;1,205833E+0;1,111253E-1;1,205749E-1;1,226969E+0;;
02/12/2021  12:47:15,171463;1,205109E+0;1,222756E-1;1,240502E-1;1,226528E+0;;
02/12/2021  12:47:15,171563;1,204841E+0;1,130368E-1;1,193112E-1;1,226061E+0;;
02/12/2021  12:47:15,171663;1,204337E+0;1,155854E-1;1,199431E-1;1,225570E+0;;
02/12/2021  12:47:15,171763;1,204030E+0;1,114439E-1;1,234183E-1;1,225057E+0;;
02/12/2021  12:47:15,171863;1,204283E+0;1,044351E-1;1,193112E-1;1,224522E+0;;
02/12/2021  12:47:15,171963;1,204125E+0;1,194084E-1;1,212068E-1;1,223968E+0;;
02/12/2021  12:47:15,172063;1,203645E+0;8,691320E-2;1,054102E-1;1,223397E+0;;
02/12/2021  12:47:15,172163;1,202215E+0;8,309024E-2;1,079377E-1;1,222809E+0;;
02/12/2021  12:47:15,172263;1,201205E+0;1,063466E-1;1,133085E-1;1,222207E+0;;
02/12/2021  12:47:15,172363;1,201258E+0;1,184526E-1;1,499566E-1;1,221592E+0;;
02/12/2021  12:47:15,172463;1,200761E+0;8,595746E-2;9,972343E-2;1,220964E+0;;
02/12/2021  12:47:15,172563;1,199512E+0;1,073023E-1;1,224705E-1;1,220327E+0;;
02/12/2021  12:47:15,172663;1,198686E+0;1,022050E-1;1,167838E-1;1,219680E+0;;
02/12/2021  12:47:15,172763;1,198057E+0;9,965640E-2;1,110970E-1;1,219025E+0;;
02/12/2021  12:47:15,172863;1,197664E+0;8,818752E-2;1,031987E-1;1,218362E+0;;
02/12/2021  12:47:15,172963;1,196427E+0;7,671864E-2;1,025668E-1;1,217693E+0;;
02/12/2021  12:47:15,173063;1,195029E+0;9,105474E-2;1,114129E-1;1,217018E+0;;
02/12/2021  12:47:15,173163;1,193006E+0;1,044351E-1;1,114129E-1;1,216339E+0;;
02/12/2021  12:47:15,173263;1,192180E+0;1,206827E-1;1,164678E-1;1,215654E+0;;
02/12/2021  12:47:15,173363;1,190765E+0;1,181340E-1;1,215227E-1;1,214966E+0;;
02/12/2021  12:47:15,173463;1,189802E+0;9,678918E-2;1,202590E-1;1,214272E+0;;
02/12/2021  12:47:15,173563;1,188607E+0;1,241871E-1;1,253139E-1;1,213575E+0;;
02/12/2021  12:47:15,173663;1,186759E+0;2,305928E-1;1,843932E-1;1,212873E+0;;
02/12/2021  12:47:15,173763;1,185168E+0;1,490363E-1;1,354238E-1;1,212166E+0;;
02/12/2021  12:47:15,173863;1,185156E+0;1,554079E-1;1,370034E-1;1,211454E+0;;
02/12/2021  12:47:15,173963;1,182935E+0;1,773899E-1;1,559593E-1;1,210737E+0;;
02/12/2021  12:47:15,174063;1,181102E+0;1,837615E-1;1,509044E-1;1,210014E+0;;
02/12/2021  12:47:15,174163;1,179085E+0;1,557265E-1;1,411105E-1;1,209285E+0;;
02/12/2021  12:47:15,174263;1,178709E+0;1,573194E-1;1,458495E-1;1,208548E+0;;
02/12/2021  12:47:15,174363;1,177890E+0;1,531778E-1;1,793383E-1;1,207804E+0;;
02/12/2021  12:47:15,174463;1,176394E+0;1,238685E-1;1,395309E-1;1,207052E+0;;
02/12/2021  12:47:15,174563;1,174775E+0;8,468314E-2;1,069899E-1;1,206290E+0;;
02/12/2021  12:47:15,174663;1,173765E+0;1,197269E-1;1,063580E-1;1,205520E+0;;
02/12/2021  12:47:15,174763;1,173011E+0;1,280100E-1;1,205749E-1;1,204739E+0;;
02/12/2021  12:47:15,174863;1,172233E+0;1,213198E-1;1,338441E-1;1,203948E+0;;
02/12/2021  12:47:15,174963;1,171893E+0;1,601866E-1;1,319485E-1;1,203147E+0;;
02/12/2021  12:47:15,175063;1,170165E+0;1,283286E-1;1,423743E-1;1,202335E+0;;
02/12/2021  12:47:15,175163;1,168946E+0;1,213198E-1;1,215227E-1;1,201512E+0;;
02/12/2021  12:47:15,175263;1,168323E+0;1,232313E-1;1,272095E-1;1,200678E+0;;
02/12/2021  12:47:15,175363;1,167444E+0;1,461691E-1;1,404787E-1;1,199832E+0;;
02/12/2021  12:47:15,175463;1,166433E+0;1,404346E-1;1,294210E-1;1,198976E+0;;
02/12/2021  12:47:15,175563;1,164815E+0;1,210013E-1;1,395309E-1;1,198109E+0;;
02/12/2021  12:47:15,175663;1,163757E+0;1,200455E-1;1,212068E-1;1,197230E+0;;
02/12/2021  12:47:15,175763;1,163557E+0;1,334259E-1;1,373193E-1;1,196341E+0;;
02/12/2021  12:47:15,175863;1,163000E+0;1,359745E-1;1,297370E-1;1,195441E+0;;
02/12/2021  12:47:15,175963;1,162407E+0;1,165411E-1;1,218387E-1;1,194531E+0;;
02/12/2021  12:47:15,176063;1,160336E+0;9,742634E-2;1,189953E-1;1,193611E+0;;
02/12/2021  12:47:15,176163;1,159910E+0;1,289658E-1;1,246821E-1;1,192681E+0;;
02/12/2021  12:47:15,176263;1,159305E+0;1,152668E-1;1,170997E-1;1,191742E+0;;
02/12/2021  12:47:15,176363;1,158077E+0;1,238685E-1;1,215227E-1;1,190795E+0;;
02/12/2021  12:47:15,176463;1,157296E+0;1,159040E-1;1,594346E-1;1,189838E+0;;
02/12/2021  12:47:15,176563;1,155305E+0;1,162226E-1;1,092014E-1;1,188874E+0;;
02/12/2021  12:47:15,176663;1,155299E+0;9,137332E-2;1,079377E-1;1,187903E+0;;
02/12/2021  12:47:15,176763;1,154757E+0;1,512664E-1;1,502726E-1;1,186925E+0;;
02/12/2021  12:47:15,176863;1,153842E+0;1,276914E-1;1,253139E-1;1,185939E+0;;
02/12/2021  12:47:15,176963;1,152506E+0;1,123996E-1;1,319485E-1;1,184948E+0;;
02/12/2021  12:47:15,177063;1,150575E+0;1,331073E-1;1,322644E-1;1,183952E+0;;
02/12/2021  12:47:15,177163;1,149750E+0;4,709070E-2;8,613836E-2;1,182950E+0;;
02/12/2021  12:47:15,177263;1,149118E+0;1,308772E-1;1,218387E-1;1,181944E+0;;
02/12/2021  12:47:15,177363;1,147845E+0;1,184526E-1;1,262617E-1;1,180933E+0;;
02/12/2021  12:47:15,177463;1,146421E+0;1,353374E-1;1,395309E-1;1,179918E+0;;
02/12/2021  12:47:15,177563;1,144934E+0;1,608238E-1;1,493248E-1;1,178899E+0;;
02/12/2021  12:47:15,177663;1,143879E+0;7,385142E-2;7,729226E-2;1,177877E+0;;
02/12/2021  12:47:15,177763;1,142382E+0;1,152668E-1;1,114129E-1;1,176851E+0;;
02/12/2021  12:47:15,177863;1,140955E+0;1,165411E-1;1,202590E-1;1,175821E+0;;
02/12/2021  12:47:15,177963;1,139602E+0;1,229127E-1;1,291051E-1;1,174788E+0;;
02/12/2021  12:47:15,178063;1,136949E+0;1,347002E-1;1,256299E-1;1,173750E+0;;
02/12/2021  12:47:15,178163;1,135862E+0;1,210013E-1;1,212068E-1;1,172709E+0;;
02/12/2021  12:47:15,178263;1,135271E+0;1,490363E-1;1,663851E-1;1,171664E+0;;
02/12/2021  12:47:15,178363;1,133746E+0;1,130368E-1;1,272095E-1;1,170614E+0;;
02/12/2021  12:47:15,178463;1,131460E+0;1,216384E-1;1,063580E-1;1,169560E+0;;
02/12/2021  12:47:15,178563;1,129511E+0;1,311958E-1;1,249980E-1;1,168500E+0;;
02/12/2021  12:47:15,178663;1,128688E+0;1,302401E-1;1,376353E-1;1,167434E+0;;
02/12/2021  12:47:15,178763;1,127728E+0;1,474434E-1;1,850251E-1;1,166362E+0;;
02/12/2021  12:47:15,178863;1,126897E+0;1,382046E-1;1,449017E-1;1,165284E+0;;
02/12/2021  12:47:15,178963;1,124659E+0;1,327887E-1;9,372073E-2;1,164199E+0;;
02/12/2021  12:47:15,179063;1,123201E+0;1,085766E-1;1,088855E-1;1,163107E+0;;
02/12/2021  12:47:15,179163;1,122745E+0;1,197269E-1;1,373193E-1;1,162008E+0;;
02/12/2021  12:47:15,179263;1,122101E+0;1,299215E-1;1,420583E-1;1,160902E+0;;
02/12/2021  12:47:15,179363;1,121401E+0;1,308772E-1;1,262617E-1;1,159788E+0;;
02/12/2021  12:47:15,179463;1,119124E+0;1,388417E-1;1,398468E-1;1,158666E+0;;
02/12/2021  12:47:15,179563;1,119324E+0;1,283286E-1;1,256299E-1;1,157537E+0;;
02/12/2021  12:47:15,179663;1,118969E+0;1,487177E-1;1,606983E-1;1,156402E+0;;
02/12/2021  12:47:15,179763;1,118886E+0;1,222756E-1;1,313166E-1;1,155259E+0;;
02/12/2021  12:47:15,179863;1,118510E+0;1,171783E-1;1,205749E-1;1,154111E+0;;
02/12/2021  12:47:15,179963;1,117858E+0;1,299215E-1;1,480610E-1;1,152958E+0;;
02/12/2021  12:47:15,180063;1,117649E+0;1,286472E-1;1,303688E-1;1,151800E+0;;
02/12/2021  12:47:15,180163;1,118120E+0;1,407532E-1;1,363715E-1;1,150639E+0;;
02/12/2021  12:47:15,180263;1,118278E+0;1,324701E-1;1,328963E-1;1,149477E+0;;
02/12/2021  12:47:15,180363;1,118737E+0;1,311958E-1;1,170997E-1;1,148314E+0;;
02/12/2021  12:47:15,180463;1,118024E+0;1,018865E-1;1,186794E-1;1,147151E+0;;
02/12/2021  12:47:15,180563;1,118641E+0;1,388417E-1;1,430061E-1;1,145992E+0;;
02/12/2021  12:47:15,180663;1,119774E+0;9,901924E-2;1,347919E-1;1,144837E+0;;
02/12/2021  12:47:15,180763;1,119994E+0;1,190898E-1;1,224705E-1;1,143689E+0;;
02/12/2021  12:47:15,180863;1,119538E+0;1,143111E-1;1,414265E-1;1,142549E+0;;
02/12/2021  12:47:15,180963;1,119231E+0;1,359745E-1;1,524841E-1;1,141419E+0;;
02/12/2021  12:47:15,181063;1,118597E+0;1,436204E-1;1,366875E-1;1,140302E+0;;
02/12/2021  12:47:15,181163;1,118942E+0;1,503106E-1;1,249980E-1;1,139198E+0;;
02/12/2021  12:47:15,181263;1,119515E+0;1,229127E-1;1,278414E-1;1,138111E+0;;
02/12/2021  12:47:15,181363;1,118957E+0;1,302401E-1;1,379512E-1;1,137040E+0;;
02/12/2021  12:47:15,181463;1,118674E+0;1,394789E-1;1,385831E-1;1,135989E+0;;
02/12/2021  12:47:15,181563;1,118576E+0;1,340630E-1;1,322644E-1;1,134958E+0;;
02/12/2021  12:47:15,181663;1,119383E+0;9,169190E-2;1,161519E-1;1,133949E+0;;
02/12/2021  12:47:15,181763;1,119929E+0;1,407532E-1;1,373193E-1;1,132963E+0;;
02/12/2021  12:47:15,181863;1,119634E+0;8,723178E-2;8,487463E-2;1,132002E+0;;
02/12/2021  12:47:15,181963;1,119199E+0;1,152668E-1;1,050943E-1;1,131066E+0;;
02/12/2021  12:47:15,182063;1,119747E+0;1,098510E-1;1,063580E-1;1,130157E+0;;
02/12/2021  12:47:15,182163;1,120587E+0;1,206827E-1;1,145722E-1;1,129275E+0;;
02/12/2021  12:47:15,182263;1,121306E+0;1,165411E-1;1,145722E-1;1,128423E+0;;
02/12/2021  12:47:15,182363;1,121371E+0;1,264171E-1;1,196272E-1;1,127600E+0;;
02/12/2021  12:47:15,182463;1,120805E+0;1,433019E-1;1,167838E-1;1,126809E+0;;
02/12/2021  12:47:15,182563;1,121914E+0;1,194084E-1;1,139404E-1;1,126049E+0;;
02/12/2021  12:47:15,182663;1,122847E+0;1,359745E-1;1,395309E-1;1,125321E+0;;
02/12/2021  12:47:15,182763;1,122799E+0;1,433019E-1;1,455336E-1;1,124627E+0;;
02/12/2021  12:47:15,182863;1,122420E+0;1,280100E-1;1,278414E-1;1,123966E+0;;
02/12/2021  12:47:15,182963;1,121878E+0;1,254614E-1;1,234183E-1;1,123340E+0;;
02/12/2021  12:47:15,183063;1,122942E+0;1,248242E-1;1,284732E-1;1,122749E+0;;
02/12/2021  12:47:15,183163;1,123848E+0;2,439731E-1;2,415769E-1;1,122193E+0;;
02/12/2021  12:47:15,183263;1,124098E+0;1,238685E-1;1,303688E-1;1,121671E+0;;
02/12/2021  12:47:15,183363;1,124766E+0;1,127182E-1;1,237343E-1;1,121185E+0;;
02/12/2021  12:47:15,183463;1,124939E+0;1,229127E-1;1,237343E-1;1,120734E+0;;
02/12/2021  12:47:15,183563;1,126184E+0;1,257800E-1;1,344760E-1;1,120319E+0;;
02/12/2021  12:47:15,183663;1,128309E+0;1,353374E-1;1,474292E-1;1,119939E+0;;
02/12/2021  12:47:15,183763;1,128855E+0;1,366117E-1;1,297370E-1;1,119595E+0;;
02/12/2021  12:47:15,183863;1,129564E+0;1,407532E-1;1,370034E-1;1,119288E+0;;
02/12/2021  12:47:15,183963;1,130205E+0;1,159040E-1;1,120448E-1;1,119017E+0;;
02/12/2021  12:47:15,184063;1,131531E+0;1,560451E-1;1,550115E-1;1,118782E+0;;
02/12/2021  12:47:15,184163;1,133465E+0;1,413904E-1;1,256299E-1;1,118585E+0;;
02/12/2021  12:47:15,184263;1,134789E+0;1,366117E-1;1,316326E-1;1,118425E+0;;
02/12/2021  12:47:15,184363;1,135844E+0;1,337445E-1;1,398468E-1;1,118302E+0;;
02/12/2021  12:47:15,184463;1,137229E+0;1,362931E-1;1,398468E-1;1,118218E+0;;
02/12/2021  12:47:15,184563;1,139256E+0;1,397975E-1;1,420583E-1;1,118172E+0;;
02/12/2021  12:47:15,184663;1,141637E+0;1,031608E-1;1,079377E-1;1,118165E+0;;
02/12/2021  12:47:15,184763;1,143402E+0;1,117624E-1;1,183634E-1;1,118197E+0;;
02/12/2021  12:47:15,184863;1,143780E+0;1,299215E-1;1,249980E-1;1,118270E+0;;
02/12/2021  12:47:15,184963;1,146242E+0;1,280100E-1;1,366875E-1;1,118384E+0;;
02/12/2021  12:47:15,185063;1,148713E+0;1,018865E-1;1,174156E-1;1,118540E+0;;
02/12/2021  12:47:15,185163;1,151156E+0;9,328480E-2;1,117289E-1;1,118737E+0;;
02/12/2021  12:47:15,185263;1,153582E+0;1,276914E-1;1,417424E-1;1,118978E+0;;
02/12/2021  12:47:15,185363;1,155317E+0;1,359745E-1;1,439539E-1;1,119263E+0;;
02/12/2021  12:47:15,185463;1,157442E+0;1,181340E-1;1,240502E-1;1,119593E+0;;
02/12/2021  12:47:15,185563;1,161173E+0;-2,012968E-2;1,155200E-1;1,119968E+0;;
02/12/2021  12:47:15,185663;1,163203E+0;1,044351E-1;1,145722E-1;1,120391E+0;;
02/12/2021  12:47:15,185763;1,165420E+0;1,108067E-1;1,313166E-1;1,120861E+0;;
02/12/2021  12:47:15,185863;1,166943E+0;1,152668E-1;1,376353E-1;1,121381E+0;;
02/12/2021  12:47:15,185963;1,169286E+0;1,012493E-1;1,003553E-1;1,121950E+0;;
02/12/2021  12:47:15,186063;1,172561E+0;8,213450E-2;1,088855E-1;1,122570E+0;;
02/12/2021  12:47:15,186163;1,175026E+0;9,615202E-2;1,082536E-1;1,123241E+0;;
02/12/2021  12:47:15,186263;1,176012E+0;1,025236E-1;1,155200E-1;1,123964E+0;;
02/12/2021  12:47:15,186363;1,177011E+0;9,264764E-2;1,098333E-1;1,124740E+0;;
02/12/2021  12:47:15,186463;1,178873E+0;8,086018E-2;1,092014E-1;1,125569E+0;;
02/12/2021  12:47:15,186563;1,180742E+0;8,946184E-2;9,624818E-2;1,126451E+0;;
02/12/2021  12:47:15,186663;1,183615E+0;1,069837E-1;1,265777E-1;1,127385E+0;;
02/12/2021  12:47:15,186763;1,184443E+0;6,206396E-2;9,466852E-2;1,128372E+0;;
02/12/2021  12:47:15,186863;1,184476E+0;9,933782E-2;1,142563E-1;1,129410E+0;;
02/12/2021  12:47:15,186963;1,185373E+0;1,241871E-1;1,335282E-1;1,130500E+0;;
02/12/2021  12:47:15,187063;1,187382E+0;1,541336E-1;1,433221E-1;1,131639E+0;;
02/12/2021  12:47:15,187163;1,188714E+0;1,675139E-1;1,553275E-1;1,132826E+0;;
02/12/2021  12:47:15,187263;1,189826E+0;1,812129E-1;1,610142E-1;1,134061E+0;;
02/12/2021  12:47:15,187363;1,190625E+0;1,875845E-1;1,635417E-1;1,135340E+0;;
02/12/2021  12:47:15,187463;1,192848E+0;1,273729E-1;1,322644E-1;1,136663E+0;;
02/12/2021  12:47:15,187563;1,194833E+0;7,735580E-2;1,559593E-1;1,138027E+0;;
02/12/2021  12:47:15,187663;1,196782E+0;1,483991E-1;1,249980E-1;1,139430E+0;;
02/12/2021  12:47:15,187763;1,197494E+0;1,767528E-1;2,090359E-1;1,140872E+0;;
02/12/2021  12:47:15,187863;1,198189E+0;1,276914E-1;1,335282E-1;1,142349E+0;;
02/12/2021  12:47:15,187963;1,200367E+0;6,461260E-2;8,961361E-2;1,143860E+0;;
02/12/2021  12:47:15,188063;1,203216E+0;1,560451E-1;1,588027E-1;1,145402E+0;;
02/12/2021  12:47:15,188163;1,204897E+0;9,742634E-2;9,909157E-2;1,146975E+0;;
02/12/2021  12:47:15,188263;1,206530E+0;1,136739E-1;1,208909E-1;1,148575E+0;;
02/12/2021  12:47:15,188363;1,207699E+0;1,069837E-1;1,268936E-1;1,150202E+0;;
02/12/2021  12:47:15,188463;1,210029E+0;9,933782E-2;1,708081E-1;1,151854E+0;;
02/12/2021  12:47:15,188563;1,212172E+0;1,203641E-1;1,224705E-1;1,153529E+0;;
02/12/2021  12:47:15,188663;1,213683E+0;1,190898E-1;1,227865E-1;1,155225E+0;;
02/12/2021  12:47:15,188763;1,214819E+0;1,270543E-1;1,332122E-1;1,156942E+0;;
02/12/2021  12:47:15,188863;1,215972E+0;1,232313E-1;1,291051E-1;1,158676E+0;;
02/12/2021  12:47:15,188963;1,218329E+0;1,216384E-1;1,265777E-1;1,160428E+0;;
02/12/2021  12:47:15,189063;1,220830E+0;1,190898E-1;1,249980E-1;1,162195E+0;;
02/12/2021  12:47:15,189163;1,222213E+0;1,248242E-1;1,281573E-1;1,163976E+0;;
02/12/2021  12:47:15,189263;1,222880E+0;1,302401E-1;1,357397E-1;1,165770E+0;;
02/12/2021  12:47:15,189363;1,223605E+0;1,318330E-1;1,325804E-1;1,167575E+0;;
02/12/2021  12:47:15,189463;1,225747E+0;7,225852E-2;1,129926E-1;1,169389E+0;;
02/12/2021  12:47:15,189563;1,227840E+0;1,123996E-1;1,189953E-1;1,171212E+0;;
02/12/2021  12:47:15,189663;1,228284E+0;1,324701E-1;1,521681E-1;1,173042E+0;;
02/12/2021  12:47:15,189763;1,228358E+0;1,334259E-1;1,373193E-1;1,174878E+0;;
02/12/2021  12:47:15,189863;1,229824E+0;1,327887E-1;1,256299E-1;1,176718E+0;;
02/12/2021  12:47:15,189963;1,231470E+0;6,110822E-2;1,837613E-1;1,178559E+0;;
02/12/2021  12:47:15,190063;1,232727E+0;1,292843E-1;1,297370E-1;1,180402E+0;;
02/12/2021  12:47:15,190163;1,234074E+0;1,369303E-1;1,439539E-1;1,182244E+0;;
02/12/2021  12:47:15,190263;1,233776E+0;1,162226E-1;1,237343E-1;1,184084E+0;;
02/12/2021  12:47:15,190363;1,235535E+0;1,235499E-1;1,215227E-1;1,185919E+0;;
02/12/2021  12:47:15,190463;1,237785E+0;-4,200682E-3;4,949025E-2;1,187750E+0;;
02/12/2021  12:47:15,190563;1,239421E+0;1,311958E-1;1,338441E-1;1,189574E+0;;
02/12/2021  12:47:15,190663;1,239948E+0;1,270543E-1;1,297370E-1;1,191390E+0;;
02/12/2021  12:47:15,190763;1,239904E+0;1,210013E-1;1,041465E-1;1,193197E+0;;
02/12/2021  12:47:15,190863;1,241343E+0;1,366117E-1;1,234183E-1;1,194994E+0;;
02/12/2021  12:47:15,190963;1,242348E+0;1,280100E-1;1,253139E-1;1,196780E+0;;
02/12/2021  12:47:15,191063;1,243874E+0;1,302401E-1;1,325804E-1;1,198553E+0;;
02/12/2021  12:47:15,191163;1,244121E+0;8,723178E-2;9,782784E-2;1,200312E+0;;
02/12/2021  12:47:15,191263;1,243912E+0;1,146297E-1;1,243661E-1;1,202056E+0;;
02/12/2021  12:47:15,191363;1,244970E+0;1,260985E-1;1,215227E-1;1,203785E+0;;
02/12/2021  12:47:15,191463;1,245855E+0;1,369303E-1;1,322644E-1;1,205496E+0;;
02/12/2021  12:47:15,191563;1,246380E+0;1,283286E-1;1,338441E-1;1,207189E+0;;
02/12/2021  12:47:15,191663;1,246562E+0;1,146297E-1;1,196272E-1;1,208863E+0;;
02/12/2021  12:47:15,191763;1,244860E+0;1,305587E-1;1,212068E-1;1,210516E+0;;
02/12/2021  12:47:15,191863;1,245459E+0;1,340630E-1;1,512204E-1;1,212146E+0;;
02/12/2021  12:47:15,191963;1,246300E+0;1,120810E-1;1,540637E-1;1,213753E+0;;
02/12/2021  12:47:15,192063;1,246145E+0;1,229127E-1;1,243661E-1;1,215335E+0;;
02/12/2021  12:47:15,192163;1,245841E+0;1,620981E-1;1,597505E-1;1,216891E+0;;
02/12/2021  12:47:15,192263;1,244756E+0;1,356559E-1;1,234183E-1;1,218418E+0;;
02/12/2021  12:47:15,192363;1,245769E+0;1,238685E-1;1,224705E-1;1,219916E+0;;
02/12/2021  12:47:15,192463;1,246174E+0;1,213198E-1;1,357397E-1;1,221383E+0;;
02/12/2021  12:47:15,192563;1,246013E+0;1,200455E-1;1,073058E-1;1,222817E+0;;
02/12/2021  12:47:15,192663;1,244625E+0;1,229127E-1;1,423743E-1;1,224218E+0;;
02/12/2021  12:47:15,192763;1,243230E+0;1,251428E-1;1,272095E-1;1,225584E+0;;
02/12/2021  12:47:15,192863;1,243629E+0;1,190898E-1;1,272095E-1;1,226913E+0;;
02/12/2021  12:47:15,192963;1,243814E+0;1,229127E-1;1,208909E-1;1,228204E+0;;
02/12/2021  12:47:15,193063;1,244455E+0;1,127182E-1;1,174156E-1;1,229456E+0;;
02/12/2021  12:47:15,193163;1,243251E+0;1,404346E-1;1,597505E-1;1,230667E+0;;
02/12/2021  12:47:15,193263;1,242789E+0;1,413904E-1;1,392149E-1;1,231837E+0;;
02/12/2021  12:47:15,193363;1,243048E+0;1,337445E-1;1,373193E-1;1,232964E+0;;
02/12/2021  12:47:15,193463;1,243653E+0;1,260985E-1;1,291051E-1;1,234048E+0;;
02/12/2021  12:47:15,193563;1,243427E+0;1,296029E-1;1,328963E-1;1,235088E+0;;
02/12/2021  12:47:15,193663;1,242404E+0;1,531778E-1;1,426902E-1;1,236084E+0;;
02/12/2021  12:47:15,193763;1,241373E+0;1,136739E-1;1,148882E-1;1,237034E+0;;
02/12/2021  12:47:15,193863;1,241984E+0;1,069837E-1;1,480610E-1;1,237940E+0;;
02/12/2021  12:47:15,193963;1,242440E+0;1,190898E-1;1,243661E-1;1,238799E+0;;
02/12/2021  12:47:15,194063;1,241167E+0;1,353374E-1;1,385831E-1;1,239613E+0;;
02/12/2021  12:47:15,194163;1,240413E+0;9,169190E-2;9,182514E-2;1,240381E+0;;
02/12/2021  12:47:15,194263;1,239066E+0;5,091366E-2;9,150920E-2;1,241103E+0;;
02/12/2021  12:47:15,194363;1,238846E+0;1,547707E-1;1,603824E-1;1,241778E+0;;
02/12/2021  12:47:15,194463;1,237803E+0;1,155854E-1;1,218387E-1;1,242408E+0;;
02/12/2021  12:47:15,194563;1,236831E+0;1,292843E-1;1,407946E-1;1,242991E+0;;
02/12/2021  12:47:15,194663;1,234161E+0;1,378860E-1;1,319485E-1;1,243527E+0;;
02/12/2021  12:47:15,194763;1,232820E+0;1,241871E-1;1,196272E-1;1,244017E+0;;
02/12/2021  12:47:15,194863;1,232006E+0;1,318330E-1;1,249980E-1;1,244459E+0;;
02/12/2021  12:47:15,194963;1,230659E+0;1,426647E-1;1,458495E-1;1,244854E+0;;
02/12/2021  12:47:15,195063;1,228552E+0;1,311958E-1;1,360556E-1;1,245201E+0;;
02/12/2021  12:47:15,195163;1,226671E+0;1,095324E-1;1,152041E-1;1,245499E+0;;
02/12/2021  12:47:15,195263;1,225396E+0;1,114439E-1;1,155200E-1;1,245747E+0;;
02/12/2021  12:47:15,195363;1,225169E+0;1,347002E-1;1,249980E-1;1,245946E+0;;
02/12/2021  12:47:15,195463;1,224517E+0;1,305587E-1;1,322644E-1;1,246095E+0;;
02/12/2021  12:47:15,195563;1,222865E+0;-1,057228E-2;4,380347E-2;1,246193E+0;;
02/12/2021  12:47:15,195663;1,220779E+0;1,229127E-1;1,259458E-1;1,246241E+0;;
02/12/2021  12:47:15,195763;1,219718E+0;1,509478E-1;1,423743E-1;1,246239E+0;;
02/12/2021  12:47:15,195863;1,219298E+0;1,350188E-1;1,300529E-1;1,246186E+0;;
02/12/2021  12:47:15,195963;1,218452E+0;1,267357E-1;1,265777E-1;1,246082E+0;;
02/12/2021  12:47:15,196063;1,216398E+0;1,257800E-1;1,126766E-1;1,245929E+0;;
02/12/2021  12:47:15,196163;1,213862E+0;1,331073E-1;1,294210E-1;1,245726E+0;;
02/12/2021  12:47:15,196263;1,213317E+0;1,646467E-1;1,613302E-1;1,245473E+0;;
02/12/2021  12:47:15,196363;1,211907E+0;1,334259E-1;1,316326E-1;1,245172E+0;;
02/12/2021  12:47:15,196463;1,210488E+0;1,213198E-1;9,688005E-2;1,244821E+0;;
02/12/2021  12:47:15,196563;1,208050E+0;2,925022E-2;5,422923E-2;1,244422E+0;;
02/12/2021  12:47:15,196663;1,203806E+0;1,168597E-1;1,291051E-1;1,243975E+0;;
02/12/2021  12:47:15,196763;1,202152E+0;1,276914E-1;1,695444E-1;1,243481E+0;;
02/12/2021  12:47:15,196863;1,200406E+0;1,302401E-1;1,344760E-1;1,242938E+0;;
02/12/2021  12:47:15,196963;1,198308E+0;1,162226E-1;1,101492E-1;1,242347E+0;;
02/12/2021  12:47:15,197063;1,195235E+0;1,496735E-1;1,455336E-1;1,241708E+0;;
02/12/2021  12:47:15,197163;1,192556E+0;1,582751E-1;1,467973E-1;1,241021E+0;;
02/12/2021  12:47:15,197263;1,190300E+0;9,838208E-2;1,591187E-1;1,240285E+0;;
02/12/2021  12:47:15,197363;1,188976E+0;1,337445E-1;1,344760E-1;1,239501E+0;;
02/12/2021  12:47:15,197463;1,187477E+0;1,241871E-1;1,227865E-1;1,238667E+0;;
02/12/2021  12:47:15,197563;1,184622E+0;1,550893E-1;1,449017E-1;1,237785E+0;;
02/12/2021  12:47:15,197663;1,182426E+0;1,229127E-1;1,164678E-1;1,236854E+0;;
02/12/2021  12:47:15,197763;1,181189E+0;1,162226E-1;1,202590E-1;1,235874E+0;;
02/12/2021  12:47:15,197863;1,180578E+0;1,280100E-1;1,278414E-1;1,234847E+0;;
02/12/2021  12:47:15,197963;1,179580E+0;1,143111E-1;1,164678E-1;1,233771E+0;;
02/12/2021  12:47:15,198063;1,177669E+0;1,305587E-1;1,392149E-1;1,232649E+0;;
02/12/2021  12:47:15,198163;1,175294E+0;1,066652E-1;1,167838E-1;1,231481E+0;;
02/12/2021  12:47:15,198263;1,175002E+0;1,095324E-1;1,379512E-1;1,230269E+0;;
02/12/2021  12:47:15,198363;1,174269E+0;1,143111E-1;1,240502E-1;1,229014E+0;;
02/12/2021  12:47:15,198463;1,172770E+0;1,187712E-1;1,351078E-1;1,227717E+0;;
02/12/2021  12:47:15,198563;1,170293E+0;1,190898E-1;1,164678E-1;1,226380E+0;;
02/12/2021  12:47:15,198663;1,167885E+0;9,009900E-2;1,050943E-1;1,225005E+0;;
02/12/2021  12:47:15,198763;1,166416E+0;1,394789E-1;1,613302E-1;1,223593E+0;;
02/12/2021  12:47:15,198863;1,165077E+0;1,146297E-1;1,310007E-1;1,222146E+0;;
02/12/2021  12:47:15,198963;1,163289E+0;9,965640E-2;1,234183E-1;1,220665E+0;;
02/12/2021  12:47:15,199063;1,160374E+0;9,232906E-2;1,158360E-1;1,219153E+0;;
02/12/2021  12:47:15,199163;1,157943E+0;9,360338E-2;1,047783E-1;1,217609E+0;;
02/12/2021  12:47:15,199263;1,157287E+0;1,044351E-1;1,186794E-1;1,216037E+0;;
02/12/2021  12:47:15,199363;1,156137E+0;8,946184E-2;1,082536E-1;1,214436E+0;;
02/12/2021  12:47:15,199463;1,153541E+0;9,201048E-2;1,117289E-1;1,212809E+0;;
02/12/2021  12:47:15,199563;1,151145E+0;6,429402E-2;7,350108E-2;1,211157E+0;;
02/12/2021  12:47:15,199663;1,148787E+0;6,652408E-2;8,550650E-2;1,209482E+0;;
02/12/2021  12:47:15,199763;1,148233E+0;9,870066E-2;1,316326E-1;1,207783E+0;;
02/12/2021  12:47:15,199863;1,146877E+0;1,133553E-1;1,164678E-1;1,206064E+0;;
02/12/2021  12:47:15,199963;1,145267E+0;1,143111E-1;1,237343E-1;1,204325E+0;;
02/12/2021  12:47:15,200063;1,143473E+0;1,324701E-1;1,332122E-1;1,202567E+0;;
02/12/2021  12:47:15,200163;1,141801E+0;1,573194E-1;1,360556E-1;1,200793E+0;;
02/12/2021  12:47:15,200263;1,141852E+0;1,732484E-1;1,553275E-1;1,199003E+0;;
02/12/2021  12:47:15,200363;1,140266E+0;1,716555E-1;1,531159E-1;1,197199E+0;;
02/12/2021  12:47:15,200463;1,138511E+0;1,646467E-1;1,442698E-1;1,195383E+0;;
02/12/2021  12:47:15,200563;1,135227E+0;1,863102E-1;1,629098E-1;1,193556E+0;;
02/12/2021  12:47:15,200663;1,134288E+0;1,675139E-1;1,572231E-1;1,191720E+0;;
02/12/2021  12:47:15,200763;1,133057E+0;1,487177E-1;1,411105E-1;1,189876E+0;;
02/12/2021  12:47:15,200863;1,132410E+0;1,391603E-1;1,392149E-1;1,188025E+0;;
02/12/2021  12:47:15,200963;1,129949E+0;1,391603E-1;1,376353E-1;1,186169E+0;;
02/12/2021  12:47:15,201063;1,127403E+0;1,292843E-1;1,221546E-1;1,184309E+0;;
02/12/2021  12:47:15,201163;1,125854E+0;1,229127E-1;1,272095E-1;1,182446E+0;;
02/12/2021  12:47:15,201263;1,125174E+0;1,283286E-1;1,467973E-1;1,180582E+0;;
02/12/2021  12:47:15,201363;1,123508E+0;1,378860E-1;1,313166E-1;1,178716E+0;;
02/12/2021  12:47:15,201463;1,121476E+0;1,474434E-1;1,540637E-1;1,176851E+0;;
02/12/2021  12:47:15,201563;1,119160E+0;1,206827E-1;1,411105E-1;1,174986E+0;;
02/12/2021  12:47:15,201663;1,118424E+0;1,372488E-1;1,455336E-1;1,173124E+0;;
02/12/2021  12:47:15,201763;1,117625E+0;1,213198E-1;1,183634E-1;1,171264E+0;;
02/12/2021  12:47:15,201863;1,116877E+0;1,270543E-1;1,284732E-1;1,169407E+0;;
02/12/2021  12:47:15,201963;1,115318E+0;1,480806E-1;1,578549E-1;1,167555E+0;;
02/12/2021  12:47:15,202063;1,114084E+0;1,337445E-1;1,325804E-1;1,165709E+0;;
02/12/2021  12:47:15,202163;1,113974E+0;1,254614E-1;1,407946E-1;1,163868E+0;;
02/12/2021  12:47:15,202263;1,113178E+0;1,139925E-1;1,268936E-1;1,162035E+0;;
02/12/2021  12:47:15,202363;1,113059E+0;1,375674E-1;1,392149E-1;1,160211E+0;;
02/12/2021  12:47:15,202463;1,110726E+0;1,276914E-1;1,101492E-1;1,158397E+0;;
02/12/2021  12:47:15,202563;1,109796E+0;1,197269E-1;1,253139E-1;1,156594E+0;;
02/12/2021  12:47:15,202663;1,108914E+0;1,302401E-1;1,392149E-1;1,154803E+0;;
02/12/2021  12:47:15,202763;1,108830E+0;1,436204E-1;1,404787E-1;1,153026E+0;;
02/12/2021  12:47:15,202863;1,108765E+0;1,273729E-1;1,287892E-1;1,151263E+0;;
02/12/2021  12:47:15,202963;1,106610E+0;1,130368E-1;1,095173E-1;1,149515E+0;;
02/12/2021  12:47:15,203063;1,105659E+0;8,309024E-2;1,006712E-1;1,147785E+0;;
02/12/2021  12:47:15,203163;1,106097E+0;6,110822E-2;9,372073E-2;1,146072E+0;;
02/12/2021  12:47:15,203263;1,106798E+0;1,391603E-1;1,379512E-1;1,144378E+0;;
02/12/2021  12:47:15,203363;1,105549E+0;1,362931E-1;1,357397E-1;1,142704E+0;;
02/12/2021  12:47:15,203463;1,104717E+0;7,066562E-2;1,328963E-1;1,141052E+0;;
02/12/2021  12:47:15,203563;1,104336E+0;1,260985E-1;1,521681E-1;1,139422E+0;;
02/12/2021  12:47:15,203663;1,104983E+0;1,452133E-1;1,502726E-1;1,137816E+0;;
02/12/2021  12:47:15,203763;1,105680E+0;1,206827E-1;1,202590E-1;1,136235E+0;;
02/12/2021  12:47:15,203863;1,104992E+0;1,171783E-1;1,272095E-1;1,134680E+0;;
02/12/2021  12:47:15,203963;1,103796E+0;1,254614E-1;1,332122E-1;1,133153E+0;;
02/12/2021  12:47:15,204063;1,103636E+0;1,331073E-1;1,442698E-1;1,131655E+0;;
02/12/2021  12:47:15,204163;1,104700E+0;1,404346E-1;1,148882E-1;1,130187E+0;;
02/12/2021  12:47:15,204263;1,104059E+0;1,120810E-1;1,205749E-1;1,128750E+0;;
02/12/2021  12:47:15,204363;1,102765E+0;1,181340E-1;1,123607E-1;1,127345E+0;;
02/12/2021  12:47:15,204463;1,101186E+0;1,229127E-1;1,256299E-1;1,125973E+0;;
02/12/2021  12:47:15,204563;1,100685E+0;1,388417E-1;1,341600E-1;1,124634E+0;;
02/12/2021  12:47:15,204663;1,100837E+0;1,283286E-1;1,110970E-1;1,123329E+0;;
02/12/2021  12:47:15,204763;1,100953E+0;1,245056E-1;1,278414E-1;1,122059E+0;;
02/12/2021  12:47:15,204863;1,100006E+0;1,404346E-1;1,360556E-1;1,120823E+0;;
02/12/2021  12:47:15,204963;1,099573E+0;1,461691E-1;1,452176E-1;1,119621E+0;;
02/12/2021  12:47:15,205063;1,099821E+0;9,073616E-2;1,205749E-1;1,118455E+0;;
02/12/2021  12:47:15,205163;1,101531E+0;1,190898E-1;1,202590E-1;1,117323E+0;;
02/12/2021  12:47:15,205263;1,103108E+0;1,082581E-1;9,561632E-2;1,116226E+0;;
02/12/2021  12:47:15,205363;1,102885E+0;1,458505E-1;1,404787E-1;1,115165E+0;;
02/12/2021  12:47:15,205463;1,102613E+0;1,375674E-1;1,411105E-1;1,114141E+0;;
02/12/2021  12:47:15,205563;1,104729E+0;1,735670E-1;1,695444E-1;1,113153E+0;;
02/12/2021  12:47:15,205663;1,105975E+0;1,171783E-1;1,411105E-1;1,112203E+0;;
02/12/2021  12:47:15,205763;1,107593E+0;1,111253E-1;1,114129E-1;1,111291E+0;;
02/12/2021  12:47:15,205863;1,107635E+0;1,264171E-1;1,319485E-1;1,110419E+0;;
02/12/2021  12:47:15,205963;1,108288E+0;1,095324E-1;1,170997E-1;1,109588E+0;;
02/12/2021  12:47:15,206063;1,109364E+0;1,139925E-1;1,180475E-1;1,108798E+0;;
02/12/2021  12:47:15,206163;1,111173E+0;1,203641E-1;1,275255E-1;1,108050E+0;;
02/12/2021  12:47:15,206263;1,111962E+0;1,496735E-1;1,458495E-1;1,107346E+0;;
02/12/2021  12:47:15,206363;1,111328E+0;1,280100E-1;1,407946E-1;1,106686E+0;;
02/12/2021  12:47:15,206463;1,111808E+0;1,270543E-1;1,322644E-1;1,106071E+0;;
02/12/2021  12:47:15,206563;1,113050E+0;1,136739E-1;1,145722E-1;1,105502E+0;;
02/12/2021  12:47:15,206663;1,114794E+0;1,292843E-1;1,347919E-1;1,104978E+0;;
02/12/2021  12:47:15,206763;1,115128E+0;1,337445E-1;1,335282E-1;1,104501E+0;;
02/12/2021  12:47:15,206863;1,116156E+0;1,280100E-1;1,300529E-1;1,104071E+0;;
02/12/2021  12:47:15,206963;1,116844E+0;1,324701E-1;1,275255E-1;1,103688E+0;;
02/12/2021  12:47:15,207063;1,118844E+0;1,123996E-1;1,212068E-1;1,103353E+0;;
02/12/2021  12:47:15,207163;1,120736E+0;1,378860E-1;1,388990E-1;1,103065E+0;;
02/12/2021  12:47:15,207263;1,122081E+0;1,254614E-1;1,486929E-1;1,102825E+0;;
02/12/2021  12:47:15,207363;1,122495E+0;1,063466E-1;1,155200E-1;1,102633E+0;;
02/12/2021  12:47:15,207463;1,124173E+0;1,069837E-1;1,054102E-1;1,102490E+0;;
02/12/2021  12:47:15,207563;1,126262E+0;1,748413E-1;1,818658E-1;1,102397E+0;;
02/12/2021  12:47:15,207663;1,128962E+0;1,311958E-1;1,310007E-1;1,102352E+0;;
02/12/2021  12:47:15,207763;1,130709E+0;1,143111E-1;1,310007E-1;1,102356E+0;;
02/12/2021  12:47:15,207863;1,131576E+0;1,487177E-1;1,474292E-1;1,102411E+0;;
02/12/2021  12:47:15,207963;1,133132E+0;1,350188E-1;1,376353E-1;1,102516E+0;;
02/12/2021  12:47:15,208063;1,136371E+0;8,627604E-2;1,388990E-1;1,102672E+0;;
02/12/2021  12:47:15,208163;1,138562E+0;1,257800E-1;1,262617E-1;1,102879E+0;;
02/12/2021  12:47:15,208263;1,140308E+0;1,117624E-1;1,186794E-1;1,103137E+0;;
02/12/2021  12:47:15,208363;1,140871E+0;-9,935122E-3;5,454516E-2;1,103448E+0;;
02/12/2021  12:47:15,208463;1,142421E+0;8,372740E-2;9,877564E-2;1,103811E+0;;
02/12/2021  12:47:15,208563;1,145381E+0;1,417090E-1;1,477451E-1;1,104226E+0;;
02/12/2021  12:47:15,208663;1,147002E+0;1,260985E-1;1,335282E-1;1,104693E+0;;
02/12/2021  12:47:15,208763;1,148519E+0;8,468314E-2;9,909157E-2;1,105213E+0;;
02/12/2021  12:47:15,208863;1,148924E+0;1,267357E-1;1,354238E-1;1,105785E+0;;
02/12/2021  12:47:15,208963;1,151162E+0;1,190898E-1;1,050943E-1;1,106409E+0;;
02/12/2021  12:47:15,209063;1,153478E+0;1,433019E-1;1,297370E-1;1,107084E+0;;
02/12/2021  12:47:15,209163;1,154700E+0;1,260985E-1;1,237343E-1;1,107811E+0;;
02/12/2021  12:47:15,209263;1,155686E+0;1,385232E-1;1,360556E-1;1,108588E+0;;
02/12/2021  12:47:15,209363;1,156145E+0;1,496735E-1;1,313166E-1;1,109414E+0;;
02/12/2021  12:47:15,209463;1,158548E+0;1,366117E-1;1,325804E-1;1,110290E+0;;
02/12/2021  12:47:15,209563;1,161656E+0;1,225942E-1;1,199431E-1;1,111212E+0;;
02/12/2021  12:47:15,209663;1,164091E+0;1,305587E-1;1,297370E-1;1,112182E+0;;
02/12/2021  12:47:15,209763;1,166103E+0;1,292843E-1;1,351078E-1;1,113197E+0;;
02/12/2021  12:47:15,209863;1,168785E+0;8,786894E-2;9,150920E-2;1,114257E+0;;
02/12/2021  12:47:15,209963;1,170889E+0;1,203641E-1;1,196272E-1;1,115362E+0;;
02/12/2021  12:47:15,210063;1,173851E+0;1,206827E-1;1,455336E-1;1,116510E+0;;
02/12/2021  12:47:15,210163;1,176838E+0;1,331073E-1;1,284732E-1;1,117702E+0;;
02/12/2021  12:47:15,210263;1,178072E+0;1,799386E-1;2,128271E-1;1,118937E+0;;
02/12/2021  12:47:15,210363;1,180062E+0;1,423461E-1;1,670170E-1;1,120214E+0;;
02/12/2021  12:47:15,210463;1,182652E+0;1,901331E-1;1,730197E-1;1,121533E+0;;
02/12/2021  12:47:15,210563;1,185343E+0;1,372488E-1;1,357397E-1;1,122893E+0;;
02/12/2021  12:47:15,210663;1,186968E+0;1,493549E-1;1,407946E-1;1,124294E+0;;
02/12/2021  12:47:15,210763;1,188017E+0;1,477620E-1;1,509044E-1;1,125735E+0;;
02/12/2021  12:47:15,210863;1,188419E+0;1,359745E-1;1,335282E-1;1,127214E+0;;
02/12/2021  12:47:15,210963;1,191635E+0;1,353374E-1;1,490088E-1;1,128732E+0;;
02/12/2021  12:47:15,211063;1,193906E+0;1,280100E-1;1,303688E-1;1,130287E+0;;
02/12/2021  12:47:15,211163;1,194877E+0;1,229127E-1;1,259458E-1;1,131877E+0;;
02/12/2021  12:47:15,211263;1,195816E+0;9,838208E-2;8,076751E-2;1,133502E+0;;
02/12/2021  12:47:15,211363;1,196967E+0;1,034794E-1;1,196272E-1;1,135159E+0;;
02/12/2021  12:47:15,211463;1,200063E+0;1,165411E-1;1,221546E-1;1,136847E+0;;
02/12/2021  12:47:15,211563;1,202474E+0;1,174969E-1;1,234183E-1;1,138565E+0;;
02/12/2021  12:47:15,211663;1,204799E+0;1,041165E-1;1,189953E-1;1,140311E+0;;
02/12/2021  12:47:15,211763;1,205654E+0;1,006121E-1;1,069899E-1;1,142084E+0;;
02/12/2021  12:47:15,211863;1,208488E+0;2,351578E-2;7,097362E-2;1,143883E+0;;
02/12/2021  12:47:15,211963;1,211612E+0;3,466608E-2;7,444887E-2;1,145705E+0;;
02/12/2021  12:47:15,212063;1,214139E+0;1,012493E-1;1,136244E-1;1,147550E+0;;
02/12/2021  12:47:15,212163;1,214607E+0;1,034794E-1;1,240502E-1;1,149418E+0;;
02/12/2021  12:47:15,212263;1,215093E+0;8,500172E-2;1,006712E-1;1,151305E+0;;
02/12/2021  12:47:15,212363;1,216184E+0;1,066652E-1;1,502726E-1;1,153213E+0;;
02/12/2021  12:47:15,212463;1,218291E+0;4,135626E-2;1,009872E-1;1,155138E+0;;
02/12/2021  12:47:15,212563;1,219381E+0;9,360338E-2;1,142563E-1;1,157079E+0;;
02/12/2021  12:47:15,212663;1,220335E+0;7,735580E-2;1,050943E-1;1,159034E+0;;
02/12/2021  12:47:15,212763;1,220469E+0;-4,051880E-2;4,633093E-2;1,161002E+0;;
02/12/2021  12:47:15,212863;1,222102E+0;9,997498E-2;1,085695E-1;1,162981E+0;;
02/12/2021  12:47:15,212963;1,224004E+0;6,174538E-2;6,970989E-2;1,164968E+0;;
02/12/2021  12:47:15,213063;1,225294E+0;9,296622E-2;1,104651E-1;1,166961E+0;;
02/12/2021  12:47:15,213163;1,225679E+0;1,085766E-1;1,098333E-1;1,168959E+0;;
02/12/2021  12:47:15,213263;1,225598E+0;1,280100E-1;1,306848E-1;1,170960E+0;;
02/12/2021  12:47:15,213363;1,227026E+0;1,130368E-1;1,028828E-1;1,172961E+0;;
02/12/2021  12:47:15,213463;1,228489E+0;6,524976E-2;7,824006E-2;1,174961E+0;;
02/12/2021  12:47:15,213563;1,229234E+0;1,452133E-1;1,423743E-1;1,176956E+0;;
02/12/2021  12:47:15,213663;1,229249E+0;1,636910E-1;1,458495E-1;1,178946E+0;;
02/12/2021  12:47:15,213763;1,229404E+0;1,700626E-1;1,430061E-1;1,180928E+0;;
02/12/2021  12:47:15,213863;1,229944E+0;1,834429E-1;1,477451E-1;1,182899E+0;;
02/12/2021  12:47:15,213963;1,231028E+0;1,700626E-1;1,452176E-1;1,184858E+0;;
02/12/2021  12:47:15,214063;1,230087E+0;1,210013E-1;1,047783E-1;1,186803E+0;;
02/12/2021  12:47:15,214163;1,229550E+0;1,541336E-1;1,439539E-1;1,188730E+0;;
02/12/2021  12:47:15,214263;1,228754E+0;1,229127E-1;1,234183E-1;1,190638E+0;;
02/12/2021  12:47:15,214363;1,228805E+0;1,190898E-1;1,205749E-1;1,192523E+0;;
02/12/2021  12:47:15,214463;1,229166E+0;1,397975E-1;1,534319E-1;1,194384E+0;;
02/12/2021  12:47:15,214563;1,230015E+0;1,159040E-1;1,246821E-1;1,196217E+0;;
02/12/2021  12:47:15,214663;1,229881E+0;1,557265E-1;1,404787E-1;1,198021E+0;;
02/12/2021  12:47:15,214763;1,229750E+0;1,327887E-1;1,467973E-1;1,199793E+0;;
02/12/2021  12:47:15,214863;1,231034E+0;1,423461E-1;1,376353E-1;1,201530E+0;;
02/12/2021  12:47:15,214963;1,231979E+0;1,292843E-1;1,423743E-1;1,203232E+0;;
02/12/2021  12:47:15,215063;1,232688E+0;1,225942E-1;1,164678E-1;1,204895E+0;;
02/12/2021  12:47:15,215163;1,231589E+0;1,117624E-1;1,158360E-1;1,206520E+0;;
02/12/2021  12:47:15,215263;1,231389E+0;1,321516E-1;1,259458E-1;1,208105E+0;;
02/12/2021  12:47:15,215363;1,232307E+0;1,429833E-1;1,404787E-1;1,209648E+0;;
02/12/2021  12:47:15,215463;1,232373E+0;1,388417E-1;1,335282E-1;1,211148E+0;;
02/12/2021  12:47:15,215563;1,231815E+0;1,359745E-1;1,354238E-1;1,212604E+0;;
02/12/2021  12:47:15,215663;1,230620E+0;6,907272E-2;7,918786E-2;1,214016E+0;;
02/12/2021  12:47:15,215763;1,229652E+0;1,146297E-1;1,215227E-1;1,215382E+0;;
02/12/2021  12:47:15,215863;1,229848E+0;1,241871E-1;1,319485E-1;1,216701E+0;;
02/12/2021  12:47:15,215963;1,229288E+0;1,216384E-1;1,221546E-1;1,217972E+0;;
02/12/2021  12:47:15,216063;1,228245E+0;1,308772E-1;1,452176E-1;1,219195E+0;;
02/12/2021  12:47:15,216163;1,226835E+0;1,037979E-1;1,148882E-1;1,220367E+0;;
02/12/2021  12:47:15,216263;1,225926E+0;1,410718E-1;1,385831E-1;1,221489E+0;;
02/12/2021  12:47:15,216363;1,225339E+0;1,280100E-1;1,291051E-1;1,222559E+0;;
02/12/2021  12:47:15,216463;1,224922E+0;1,136739E-1;1,231024E-1;1,223576E+0;;
02/12/2021  12:47:15,216563;1,223727E+0;1,139925E-1;1,237343E-1;1,224539E+0;;
02/12/2021  12:47:15,216663;1,222564E+0;1,324701E-1;1,253139E-1;1,225448E+0;;
02/12/2021  12:47:15,216763;1,221065E+0;1,706997E-1;1,632258E-1;1,226302E+0;;
02/12/2021  12:47:15,216863;1,221271E+0;4,103768E-2;8,455870E-2;1,227100E+0;;
02/12/2021  12:47:15,216963;1,220776E+0;1,318330E-1;1,246821E-1;1,227841E+0;;
02/12/2021  12:47:15,217063;1,218890E+0;1,778134E-2;4,696279E-2;1,228526E+0;;
02/12/2021  12:47:15,217163;1,216178E+0;1,104881E-1;1,297370E-1;1,229153E+0;;
02/12/2021  12:47:15,217263;1,215310E+0;9,424054E-2;1,445858E-1;1,229723E+0;;
02/12/2021  12:47:15,217363;1,214959E+0;6,875414E-2;1,262617E-1;1,230234E+0;;
02/12/2021  12:47:15,217463;1,213635E+0;1,324701E-1;1,287892E-1;1,230687E+0;;
02/12/2021  12:47:15,217563;1,212059E+0;1,347002E-1;1,215227E-1;1,231081E+0;;
02/12/2021  12:47:15,217663;1,210905E+0;1,385232E-1;1,332122E-1;1,231415E+0;;
02/12/2021  12:47:15,217763;1,210381E+0;1,053908E-1;1,152041E-1;1,231691E+0;;
02/12/2021  12:47:15,217863;1,209454E+0;1,187712E-1;1,202590E-1;1,231907E+0;;
02/12/2021  12:47:15,217963;1,208700E+0;1,178155E-1;1,256299E-1;1,232065E+0;;
02/12/2021  12:47:15,218063;1,206515E+0;1,315144E-1;1,328963E-1;1,232164E+0;;
02/12/2021  12:47:15,218163;1,204656E+0;1,308772E-1;1,278414E-1;1,232205E+0;;
02/12/2021  12:47:15,218263;1,203222E+0;1,098510E-1;1,082536E-1;1,232189E+0;;
02/12/2021  12:47:15,218363;1,202430E+0;1,222756E-1;1,199431E-1;1,232115E+0;;
02/12/2021  12:47:15,218463;1,201029E+0;1,385232E-1;1,379512E-1;1,231985E+0;;
02/12/2021  12:47:15,218563;1,198519E+0;1,260985E-1;1,262617E-1;1,231798E+0;;
02/12/2021  12:47:15,218663;1,195548E+0;1,289658E-1;1,335282E-1;1,231556E+0;;
02/12/2021  12:47:15,218763;1,194037E+0;1,254614E-1;1,300529E-1;1,231258E+0;;
02/12/2021  12:47:15,218863;1,192645E+0;1,480806E-1;1,673329E-1;1,230905E+0;;
02/12/2021  12:47:15,218963;1,190186E+0;1,350188E-1;1,313166E-1;1,230497E+0;;
02/12/2021  12:47:15,219063;1,188014E+0;1,382046E-1;1,335282E-1;1,230035E+0;;
02/12/2021  12:47:15,219163;1,185376E+0;8,627604E-2;1,584868E-1;1,229518E+0;;
02/12/2021  12:47:15,219263;1,185296E+0;1,754784E-1;1,733356E-1;1,228947E+0;;
02/12/2021  12:47:15,219363;1,183844E+0;1,273729E-1;1,347919E-1;1,228323E+0;;
02/12/2021  12:47:15,219463;1,183072E+0;1,241871E-1;1,268936E-1;1,227646E+0;;
02/12/2021  12:47:15,219563;1,181371E+0;1,321516E-1;1,445858E-1;1,226917E+0;;
02/12/2021  12:47:15,219663;1,179615E+0;1,296029E-1;1,284732E-1;1,226137E+0;;
02/12/2021  12:47:15,219763;1,179562E+0;1,525407E-1;1,730197E-1;1,225307E+0;;
02/12/2021  12:47:15,219863;1,179270E+0;1,308772E-1;1,268936E-1;1,224428E+0;;
02/12/2021  12:47:15,219963;1,178274E+0;1,245056E-1;1,275255E-1;1,223503E+0;;
02/12/2021  12:47:15,220063;1,176331E+0;1,257800E-1;1,158360E-1;1,222532E+0;;
02/12/2021  12:47:15,220163;1,174906E+0;1,267357E-1;1,291051E-1;1,221518E+0;;
02/12/2021  12:47:15,220263;1,174799E+0;1,219570E-1;1,294210E-1;1,220463E+0;;
02/12/2021  12:47:15,220363;1,174108E+0;1,159040E-1;1,199431E-1;1,219368E+0;;
02/12/2021  12:47:15,220463;1,173202E+0;1,162226E-1;1,231024E-1;1,218236E+0;;
02/12/2021  12:47:15,220563;1,170961E+0;1,235499E-1;1,259458E-1;1,217069E+0;;
02/12/2021  12:47:15,220663;1,169932E+0;1,366117E-1;1,474292E-1;1,215869E+0;;
02/12/2021  12:47:15,220763;1,169548E+0;1,155854E-1;1,275255E-1;1,214639E+0;;
02/12/2021  12:47:15,220863;1,168517E+0;1,283286E-1;1,281573E-1;1,213380E+0;;
02/12/2021  12:47:15,220963;1,167292E+0;1,248242E-1;1,341600E-1;1,212094E+0;;
02/12/2021  12:47:15,221063;1,165426E+0;5,378088E-2;1,291051E-1;1,210784E+0;;
02/12/2021  12:47:15,221163;1,164654E+0;1,445762E-1;1,452176E-1;1,209452E+0;;
02/12/2021  12:47:15,221263;1,165513E+0;-2,926362E-3;8,708615E-2;1,208100E+0;;
02/12/2021  12:47:15,221363;1,165080E+0;1,311958E-1;1,294210E-1;1,206731E+0;;
02/12/2021  12:47:15,221463;1,164016E+0;1,359745E-1;1,325804E-1;1,205345E+0;;
02/12/2021  12:47:15,221563;1,162991E+0;1,570008E-1;1,537478E-1;1,203947E+0;;
02/12/2021  12:47:15,221663;1,162935E+0;1,560451E-1;1,366875E-1;1,202538E+0;;
02/12/2021  12:47:15,221763;1,163763E+0;9,742634E-2;8,961361E-2;1,201121E+0;;
02/12/2021  12:47:15,221863;1,163921E+0;1,254614E-1;1,272095E-1;1,199698E+0;;
02/12/2021  12:47:15,221963;1,163659E+0;1,257800E-1;1,212068E-1;1,198271E+0;;
02/12/2021  12:47:15,222063;1,162100E+0;1,210013E-1;1,202590E-1;1,196845E+0;;
02/12/2021  12:47:15,222163;1,162499E+0;1,216384E-1;1,006712E-1;1,195420E+0;;
02/12/2021  12:47:15,222263;1,162881E+0;1,187712E-1;1,227865E-1;1,194001E+0;;
02/12/2021  12:47:15,222363;1,162842E+0;1,445762E-1;1,430061E-1;1,192588E+0;;
02/12/2021  12:47:15,222463;1,162076E+0;1,388417E-1;1,360556E-1;1,191185E+0;;
02/12/2021  12:47:15,222563;1,161260E+0;1,248242E-1;1,253139E-1;1,189794E+0;;
02/12/2021  12:47:15,222663;1,161742E+0;1,480806E-1;1,464814E-1;1,188417E+0;;
02/12/2021  12:47:15,222763;1,162014E+0;1,308772E-1;1,351078E-1;1,187057E+0;;
02/12/2021  12:47:15,222863;1,161736E+0;1,098510E-1;9,308886E-2;1,185715E+0;;
02/12/2021  12:47:15,222963;1,159957E+0;1,356559E-1;1,351078E-1;1,184394E+0;;
02/12/2021  12:47:15,223063;1,158384E+0;1,308772E-1;1,363715E-1;1,183095E+0;;
02/12/2021  12:47:15,223163;1,158086E+0;1,264171E-1;1,259458E-1;1,181819E+0;;
02/12/2021  12:47:15,223263;1,157725E+0;1,547707E-1;1,850251E-1;1,180568E+0;;
02/12/2021  12:47:15,223363;1,157209E+0;1,362931E-1;1,256299E-1;1,179343E+0;;
02/12/2021  12:47:15,223463;1,155976E+0;1,057094E-1;1,240502E-1;1,178143E+0;;
02/12/2021  12:47:15,223563;1,154205E+0;1,547707E-1;1,553275E-1;1,176971E+0;;
02/12/2021  12:47:15,223663;1,154360E+0;1,404346E-1;1,442698E-1;1,175826E+0;;
02/12/2021  12:47:15,223763;1,154587E+0;1,477620E-1;1,411105E-1;1,174709E+0;;
02/12/2021  12:47:15,223863;1,153740E+0;1,391603E-1;1,310007E-1;1,173619E+0;;
02/12/2021  12:47:15,223963;1,152247E+0;1,359745E-1;1,382671E-1;1,172556E+0;;
02/12/2021  12:47:15,224063;1,152048E+0;1,347002E-1;1,325804E-1;1,171522E+0;;
02/12/2021  12:47:15,224163;1,152396E+0;1,413904E-1;1,426902E-1;1,170515E+0;;
02/12/2021  12:47:15,224263;1,152641E+0;1,136739E-1;1,161519E-1;1,169535E+0;;
02/12/2021  12:47:15,224363;1,152784E+0;1,123996E-1;1,193112E-1;1,168582E+0;;
02/12/2021  12:47:15,224463;1,153007E+0;1,143111E-1;1,253139E-1;1,167657E+0;;
02/12/2021  12:47:15,224563;1,153067E+0;1,254614E-1;1,268936E-1;1,166760E+0;;
02/12/2021  12:47:15,224663;1,153964E+0;1,174969E-1;1,351078E-1;1,165889E+0;;
02/12/2021  12:47:15,224763;1,153594E+0;1,123996E-1;1,234183E-1;1,165047E+0;;
02/12/2021  12:47:15,224863;1,154158E+0;7,863012E-2;1,509044E-1;1,164232E+0;;
02/12/2021  12:47:15,224963;1,153702E+0;1,104881E-1;1,224705E-1;1,163446E+0;;
02/12/2021  12:47:15,225063;1,153478E+0;1,053908E-1;1,076217E-1;1,162688E+0;;
02/12/2021  12:47:15,225163;1,155049E+0;1,120810E-1;1,158360E-1;1,161959E+0;;
02/12/2021  12:47:15,225263;1,155344E+0;8,404598E-2;1,104651E-1;1,161258E+0;;
02/12/2021  12:47:15,225363;1,155675E+0;1,225942E-1;1,411105E-1;1,160587E+0;;
02/12/2021  12:47:15,225463;1,154953E+0;8,436456E-2;1,041465E-1;1,159944E+0;;
02/12/2021  12:47:15,225563;1,155481E+0;1,073023E-1;1,189953E-1;1,159331E+0;;
02/12/2021  12:47:15,225663;1,155931E+0;1,037979E-1;1,246821E-1;1,158747E+0;;
02/12/2021  12:47:15,225763;1,155913E+0;1,050723E-1;1,174156E-1;1,158193E+0;;
02/12/2021  12:47:15,225863;1,155731E+0;1,108067E-1;1,259458E-1;1,157669E+0;;
02/12/2021  12:47:15,225963;1,154009E+0;4,963934E-2;6,054787E-2;1,157174E+0;;
02/12/2021  12:47:15,226063;1,154399E+0;8,786894E-2;9,845971E-2;1,156708E+0;;
02/12/2021  12:47:15,226163;1,154816E+0;-6,963020E-4;6,623464E-2;1,156270E+0;;
02/12/2021  12:47:15,226263;1,154575E+0;1,002936E-1;1,246821E-1;1,155860E+0;;
02/12/2021  12:47:15,226363;1,155153E+0;9,296622E-2;1,186794E-1;1,155478E+0;;
02/12/2021  12:47:15,226463;1,153624E+0;1,037979E-1;1,240502E-1;1,155122E+0;;
02/12/2021  12:47:15,226563;1,154229E+0;1,544522E-1;1,597505E-1;1,154793E+0;;
02/12/2021  12:47:15,226663;1,155588E+0;1,318330E-1;1,303688E-1;1,154488E+0;;
02/12/2021  12:47:15,226763;1,156742E+0;1,659210E-1;1,515363E-1;1,154208E+0;;
02/12/2021  12:47:15,226863;1,156923E+0;1,506292E-1;1,471132E-1;1,153953E+0;;
02/12/2021  12:47:15,226963;1,156867E+0;1,773899E-1;1,442698E-1;1,153721E+0;;
02/12/2021  12:47:15,227063;1,157880E+0;1,780271E-1;1,597505E-1;1,153512E+0;;
02/12/2021  12:47:15,227163;1,158786E+0;1,958676E-1;1,682807E-1;1,153327E+0;;
02/12/2021  12:47:15,227263;1,159698E+0;1,662396E-1;1,550115E-1;1,153164E+0;;
02/12/2021  12:47:15,227363;1,160318E+0;1,331073E-1;1,376353E-1;1,153024E+0;;
02/12/2021  12:47:15,227463;1,159921E+0;-2,618270E-2;4,759465E-2;1,152908E+0;;
02/12/2021  12:47:15,227563;1,160833E+0;1,359745E-1;1,319485E-1;1,152813E+0;;
02/12/2021  12:47:15,227663;1,161713E+0;1,547707E-1;1,809180E-1;1,152741E+0;;
02/12/2021  12:47:15,227763;1,161865E+0;1,235499E-1;1,167838E-1;1,152691E+0;;
02/12/2021  12:47:15,227863;1,161376E+0;1,378860E-1;1,736515E-1;1,152664E+0;;
02/12/2021  12:47:15,227963;1,160428E+0;1,302401E-1;1,328963E-1;1,152658E+0;;
02/12/2021  12:47:15,228063;1,160443E+0;5,473662E-2;9,909157E-2;1,152673E+0;;
02/12/2021  12:47:15,228163;1,160574E+0;1,200455E-1;1,281573E-1;1,152708E+0;;
02/12/2021  12:47:15,228263;1,160729E+0;1,200455E-1;1,180475E-1;1,152764E+0;;
02/12/2021  12:47:15,228363;1,160339E+0;1,331073E-1;1,499566E-1;1,152837E+0;;
02/12/2021  12:47:15,228463;1,159805E+0;1,178155E-1;1,287892E-1;1,152929E+0;;
02/12/2021  12:47:15,228563;1,159659E+0;1,401161E-1;1,603824E-1;1,153037E+0;;
02/12/2021  12:47:15,228663;1,159972E+0;1,190898E-1;1,268936E-1;1,153160E+0;;
02/12/2021  12:47:15,228763;1,159734E+0;1,165411E-1;1,227865E-1;1,153298E+0;;
02/12/2021  12:47:15,228863;1,158968E+0;2,829448E-2;6,591871E-2;1,153448E+0;;
02/12/2021  12:47:15,228963;1,158387E+0;1,245056E-1;1,284732E-1;1,153611E+0;;
02/12/2021  12:47:15,229063;1,159042E+0;9,201048E-2;8,203124E-2;1,153784E+0;;
02/12/2021  12:47:15,229163;1,159758E+0;1,302401E-1;1,284732E-1;1,153966E+0;;
02/12/2021  12:47:15,229263;1,159644E+0;1,315144E-1;1,370034E-1;1,154156E+0;;
02/12/2021  12:47:15,229363;1,159054E+0;1,366117E-1;1,306848E-1;1,154353E+0;;
02/12/2021  12:47:15,229463;1,159135E+0;1,464877E-1;1,509044E-1;1,154556E+0;;
02/12/2021  12:47:15,229563;1,160056E+0;1,394789E-1;1,392149E-1;1,154763E+0;;
02/12/2021  12:47:15,229663;1,160047E+0;1,260985E-1;1,268936E-1;1,154974E+0;;
02/12/2021  12:47:15,229763;1,160109E+0;1,343816E-1;1,455336E-1;1,155189E+0;;
02/12/2021  12:47:15,229863;1,158956E+0;2,797590E-2;7,981972E-2;1,155405E+0;;
02/12/2021  12:47:15,229963;1,159471E+0;1,308772E-1;1,278414E-1;1,155623E+0;;
02/12/2021  12:47:15,230063;1,159734E+0;1,433019E-1;1,433221E-1;1,155841E+0;;
02/12/2021  12:47:15,230163;1,160020E+0;1,178155E-1;1,259458E-1;1,156058E+0;;
02/12/2021  12:47:15,230263;1,159716E+0;1,280100E-1;1,338441E-1;1,156275E+0;;
02/12/2021  12:47:15,230363;1,158613E+0;-3,828874E-2;3,969635E-2;1,156490E+0;;
02/12/2021  12:47:15,230463;1,159281E+0;3,562182E-2;9,056141E-2;1,156703E+0;;
02/12/2021  12:47:15,230563;1,159802E+0;8,595746E-2;1,066739E-1;1,156912E+0;;
02/12/2021  12:47:15,230663;1,159933E+0;1,388417E-1;1,376353E-1;1,157118E+0;;
02/12/2021  12:47:15,230763;1,158768E+0;1,280100E-1;1,148882E-1;1,157320E+0;;
02/12/2021  12:47:15,230863;1,158255E+0;1,136739E-1;1,082536E-1;1,157517E+0;;
02/12/2021  12:47:15,230963;1,158676E+0;8,659462E-2;7,160549E-2;1,157709E+0;;
02/12/2021  12:47:15,231063;1,159123E+0;7,353284E-2;1,050943E-1;1,157895E+0;;
02/12/2021  12:47:15,231163;1,159767E+0;1,273729E-1;1,306848E-1;1,158074E+0;;
02/12/2021  12:47:15,231263;1,159802E+0;1,241871E-1;1,240502E-1;1,158247E+0;;
02/12/2021  12:47:15,231363;1,159126E+0;6,556834E-2;1,133085E-1;1,158414E+0;;
02/12/2021  12:47:15,231463;1,160294E+0;1,630538E-1;1,783905E-1;1,158573E+0;;
02/12/2021  12:47:15,231563;1,161099E+0;1,353374E-1;1,328963E-1;1,158726E+0;;
02/12/2021  12:47:15,231663;1,161301E+0;1,092138E-1;1,215227E-1;1,158872E+0;;
02/12/2021  12:47:15,231763;1,161352E+0;1,251428E-1;1,275255E-1;1,159011E+0;;
02/12/2021  12:47:15,231863;1,160714E+0;1,260985E-1;1,275255E-1;1,159144E+0;;
02/12/2021  12:47:15,231963;1,161817E+0;1,327887E-1;1,243661E-1;1,159271E+0;;
02/12/2021  12:47:15,232063;1,162595E+0;1,560451E-1;1,783905E-1;1,159393E+0;;
02/12/2021  12:47:15,232163;1,162532E+0;1,305587E-1;1,189953E-1;1,159509E+0;;
02/12/2021  12:47:15,232263;1,162479E+0;1,289658E-1;9,877564E-2;1,159620E+0;;
02/12/2021  12:47:15,232363;1,162508E+0;1,168597E-1;1,215227E-1;1,159726E+0;;
02/12/2021  12:47:15,232463;1,162914E+0;1,506292E-1;1,613302E-1;1,159829E+0;;
02/12/2021  12:47:15,232563;1,164183E+0;1,082581E-1;1,243661E-1;1,159928E+0;;
02/12/2021  12:47:15,232663;1,164145E+0;1,031608E-1;9,972343E-2;1,160025E+0;;
02/12/2021  12:47:15,232763;1,163942E+0;1,206827E-1;1,272095E-1;1,160118E+0;;
02/12/2021  12:47:15,232863;1,163179E+0;1,391603E-1;1,319485E-1;1,160210E+0;;
02/12/2021  12:47:15,232963;1,164082E+0;1,299215E-1;1,445858E-1;1,160300E+0;;
02/12/2021  12:47:15,233063;1,164729E+0;1,270543E-1;1,316326E-1;1,160389E+0;;
02/12/2021  12:47:15,233163;1,164675E+0;1,340630E-1;1,347919E-1;1,160477E+0;;
02/12/2021  12:47:15,233263;1,165068E+0;1,305587E-1;1,363715E-1;1,160564E+0;;
02/12/2021  12:47:15,233363;1,165414E+0;1,340630E-1;1,316326E-1;1,160652E+0;;
02/12/2021  12:47:15,233463;1,166582E+0;1,130368E-1;1,272095E-1;1,160740E+0;;
02/12/2021  12:47:15,233563;1,167596E+0;1,292843E-1;1,328963E-1;1,160829E+0;;
02/12/2021  12:47:15,233663;1,167244E+0;1,589123E-1;1,796542E-1;1,160920E+0;;
02/12/2021  12:47:15,233763;1,167500E+0;1,356559E-1;1,281573E-1;1,161013E+0;;
02/12/2021  12:47:15,233863;1,167313E+0;1,280100E-1;1,234183E-1;1,161109E+0;;
02/12/2021  12:47:15,233963;1,168871E+0;1,260985E-1;1,262617E-1;1,161208E+0;;
02/12/2021  12:47:15,234063;1,170183E+0;1,350188E-1;1,335282E-1;1,161311E+0;;
02/12/2021  12:47:15,234163;1,170573E+0;1,280100E-1;1,366875E-1;1,161419E+0;;
02/12/2021  12:47:15,234263;1,171235E+0;1,413904E-1;1,366875E-1;1,161532E+0;;
02/12/2021  12:47:15,234363;1,171315E+0;1,111253E-1;1,148882E-1;1,161651E+0;;
02/12/2021  12:47:15,234463;1,172942E+0;1,012493E-1;1,521681E-1;1,161776E+0;;
02/12/2021  12:47:15,234563;1,173670E+0;1,366117E-1;1,249980E-1;1,161909E+0;;
02/12/2021  12:47:15,234663;1,174582E+0;1,018865E-1;8,361090E-2;1,162050E+0;;
02/12/2021  12:47:15,234763;1,174027E+0;1,060280E-1;1,265777E-1;1,162201E+0;;
02/12/2021  12:47:15,234863;1,174981E+0;6,429402E-2;9,688005E-2;1,162360E+0;;
02/12/2021  12:47:15,234963;1,176063E+0;1,194084E-1;1,249980E-1;1,162530E+0;;
02/12/2021  12:47:15,235063;1,176775E+0;1,130368E-1;1,152041E-1;1,162711E+0;;
02/12/2021  12:47:15,235163;1,176698E+0;1,031608E-1;9,751191E-2;1,162903E+0;;
02/12/2021  12:47:15,235263;1,176778E+0;1,229127E-1;1,243661E-1;1,163107E+0;;
02/12/2021  12:47:15,235363;1,177794E+0;1,397975E-1;1,392149E-1;1,163323E+0;;
02/12/2021  12:47:15,235463;1,179225E+0;1,474434E-1;1,322644E-1;1,163552E+0;;
02/12/2021  12:47:15,235563;1,179702E+0;1,407532E-1;1,385831E-1;1,163793E+0;;
02/12/2021  12:47:15,235663;1,180351E+0;1,347002E-1;1,335282E-1;1,164048E+0;;
02/12/2021  12:47:15,235763;1,180545E+0;1,276914E-1;1,237343E-1;1,164316E+0;;
02/12/2021  12:47:15,235863;1,181609E+0;1,426647E-1;1,344760E-1;1,164597E+0;;
02/12/2021  12:47:15,235963;1,183639E+0;1,219570E-1;1,148882E-1;1,164893E+0;;
02/12/2021  12:47:15,236063;1,185069E+0;1,337445E-1;1,272095E-1;1,165202E+0;;
02/12/2021  12:47:15,236163;1,185349E+0;1,264171E-1;1,240502E-1;1,165527E+0;;
02/12/2021  12:47:15,236263;1,186756E+0;1,318330E-1;1,328963E-1;1,165866E+0;;
02/12/2021  12:47:15,236363;1,188118E+0;1,347002E-1;1,300529E-1;1,166222E+0;;
02/12/2021  12:47:15,236463;1,190237E+0;1,503106E-1;1,654373E-1;1,166593E+0;;
02/12/2021  12:47:15,236563;1,190809E+0;1,190898E-1;1,123607E-1;1,166981E+0;;
02/12/2021  12:47:15,236663;1,191724E+0;7,321426E-2;1,379512E-1;1,167387E+0;;
02/12/2021  12:47:15,236763;1,192091E+0;1,439390E-1;1,382671E-1;1,167811E+0;;
02/12/2021  12:47:15,236863;1,193924E+0;8,723178E-2;1,733356E-1;1,168253E+0;;
02/12/2021  12:47:15,236963;1,195137E+0;1,397975E-1;1,392149E-1;1,168713E+0;;
02/12/2021  12:47:15,237063;1,195745E+0;1,366117E-1;1,328963E-1;1,169194E+0;;
02/12/2021  12:47:15,237163;1,196552E+0;1,487177E-1;1,531159E-1;1,169693E+0;;
02/12/2021  12:47:15,237263;1,197220E+0;1,225942E-1;1,262617E-1;1,170212E+0;;
02/12/2021  12:47:15,237363;1,198260E+0;1,057094E-1;1,101492E-1;1,170752E+0;;
02/12/2021  12:47:15,237463;1,200114E+0;1,194084E-1;1,193112E-1;1,171311E+0;;
02/12/2021  12:47:15,237563;1,200710E+0;1,210013E-1;1,316326E-1;1,171890E+0;;
02/12/2021  12:47:15,237663;1,201032E+0;1,372488E-1;1,155200E-1;1,172489E+0;;
02/12/2021  12:47:15,237763;1,201020E+0;7,894870E-2;8,108345E-2;1,173107E+0;;
02/12/2021  12:47:15,237863;1,202045E+0;9,583344E-2;1,082536E-1;1,173746E+0;;
02/12/2021  12:47:15,237963;1,202999E+0;9,583344E-2;1,041465E-1;1,174403E+0;;
02/12/2021  12:47:15,238063;1,203541E+0;1,104881E-1;1,152041E-1;1,175079E+0;;
02/12/2021  12:47:15,238163;1,203082E+0;9,742634E-2;1,035146E-1;1,175773E+0;;
02/12/2021  12:47:15,238263;1,204113E+0;1,088952E-1;1,129926E-1;1,176484E+0;;
02/12/2021  12:47:15,238363;1,205118E+0;1,002936E-1;1,019350E-1;1,177211E+0;;
02/12/2021  12:47:15,238463;1,206012E+0;1,095324E-1;1,186794E-1;1,177954E+0;;
02/12/2021  12:47:15,238563;1,206530E+0;1,066652E-1;1,205749E-1;1,178712E+0;;
02/12/2021  12:47:15,238663;1,207007E+0;1,219570E-1;1,512204E-1;1,179483E+0;;
02/12/2021  12:47:15,238763;1,207368E+0;9,328480E-2;1,114129E-1;1,180267E+0;;
02/12/2021  12:47:15,238863;1,209031E+0;1,267357E-1;2,011376E-1;1,181063E+0;;
02/12/2021  12:47:15,238963;1,209752E+0;9,392196E-2;1,107811E-1;1,181871E+0;;
02/12/2021  12:47:15,239063;1,210503E+0;9,901924E-2;1,142563E-1;1,182688E+0;;
02/12/2021  12:47:15,239163;1,211084E+0;8,086018E-2;1,120448E-1;1,183515E+0;;
02/12/2021  12:47:15,239263;1,212279E+0;9,201048E-2;1,347919E-1;1,184351E+0;;
02/12/2021  12:47:15,239363;1,214160E+0;1,187712E-1;1,404787E-1;1,185194E+0;;
02/12/2021  12:47:15,239463;1,214640E+0;1,159040E-1;1,303688E-1;1,186045E+0;;
02/12/2021  12:47:15,239563;1,214625E+0;1,299215E-1;1,300529E-1;1,186903E+0;;
02/12/2021  12:47:15,239663;1,214738E+0;1,375674E-1;1,253139E-1;1,187767E+0;;
02/12/2021  12:47:15,239763;1,216029E+0;1,477620E-1;1,370034E-1;1,188637E+0;;
02/12/2021  12:47:15,239863;1,216502E+0;1,703812E-1;1,537478E-1;1,189511E+0;;
02/12/2021  12:47:15,239963;1,217248E+0;1,780271E-1;1,588027E-1;1,190389E+0;;
02/12/2021  12:47:15,240063;1,217391E+0;1,777085E-1;1,537478E-1;1,191271E+0;;
02/12/2021  12:47:15,240163;1,217897E+0;1,025236E-1;1,287892E-1;1,192155E+0;;
02/12/2021  12:47:15,240263;1,218779E+0;1,608238E-1;1,335282E-1;1,193041E+0;;
02/12/2021  12:47:15,240363;1,219900E+0;1,458505E-1;1,373193E-1;1,193928E+0;;
02/12/2021  12:47:15,240463;1,220451E+0;1,417090E-1;1,373193E-1;1,194815E+0;;
02/12/2021  12:47:15,240563;1,220463E+0;1,283286E-1;1,338441E-1;1,195702E+0;;
02/12/2021  12:47:15,240663;1,220833E+0;1,305587E-1;1,322644E-1;1,196588E+0;;
02/12/2021  12:47:15,240763;1,221676E+0;1,127182E-1;1,237343E-1;1,197472E+0;;
02/12/2021  12:47:15,240863;1,223450E+0;1,531778E-1;1,986102E-1;1,198354E+0;;
02/12/2021  12:47:15,240963;1,223458E+0;1,159040E-1;1,139404E-1;1,199233E+0;;
02/12/2021  12:47:15,241063;1,223470E+0;1,060280E-1;1,189953E-1;1,200108E+0;;
02/12/2021  12:47:15,241163;1,223035E+0;1,366117E-1;1,351078E-1;1,200980E+0;;
02/12/2021  12:47:15,241263;1,224555E+0;1,605052E-1;1,452176E-1;1,201847E+0;;
02/12/2021  12:47:15,241363;1,225014E+0;1,289658E-1;1,354238E-1;1,202708E+0;;
02/12/2021  12:47:15,241463;1,225139E+0;1,292843E-1;1,322644E-1;1,203564E+0;;
02/12/2021  12:47:15,241563;1,224433E+0;1,276914E-1;1,445858E-1;1,204414E+0;;
02/12/2021  12:47:15,241663;1,223965E+0;1,181340E-1;1,177316E-1;1,205256E+0;;
02/12/2021  12:47:15,241763;1,224269E+0;1,394789E-1;1,433221E-1;1,206090E+0;;
02/12/2021  12:47:15,241863;1,224475E+0;1,327887E-1;1,300529E-1;1,206916E+0;;
02/12/2021  12:47:15,241963;1,224242E+0;1,410718E-1;1,379512E-1;1,207731E+0;;
02/12/2021  12:47:15,242063;1,222815E+0;1,340630E-1;1,388990E-1;1,208536E+0;;
02/12/2021  12:47:15,242163;1,222782E+0;1,292843E-1;1,253139E-1;1,209329E+0;;
02/12/2021  12:47:15,242263;1,222740E+0;1,289658E-1;1,351078E-1;1,210109E+0;;
02/12/2021  12:47:15,242363;1,222579E+0;1,299215E-1;1,376353E-1;1,210874E+0;;
02/12/2021  12:47:15,242463;1,222266E+0;1,512664E-1;1,676488E-1;1,211624E+0;;
02/12/2021  12:47:15,242563;1,221369E+0;1,181340E-1;1,227865E-1;1,212357E+0;;
02/12/2021  12:47:15,242663;1,220353E+0;1,088952E-1;1,152041E-1;1,213073E+0;;
02/12/2021  12:47:15,242763;1,220052E+0;1,248242E-1;1,272095E-1;1,213769E+0;;
02/12/2021  12:47:15,242863;1,220439E+0;1,388417E-1;1,341600E-1;1,214445E+0;;
02/12/2021  12:47:15,242963;1,219370E+0;1,229127E-1;1,366875E-1;1,215100E+0;;
02/12/2021  12:47:15,243063;1,218276E+0;1,455319E-1;1,553275E-1;1,215732E+0;;
02/12/2021  12:47:15,243163;1,218234E+0;1,260985E-1;1,325804E-1;1,216339E+0;;
02/12/2021  12:47:15,243263;1,217912E+0;1,544522E-1;2,014535E-1;1,216922E+0;;
02/12/2021  12:47:15,243363;1,217632E+0;1,305587E-1;1,303688E-1;1,217479E+0;;
02/12/2021  12:47:15,243463;1,216288E+0;1,257800E-1;1,268936E-1;1,218008E+0;;
02/12/2021  12:47:15,243563;1,214974E+0;1,315144E-1;1,407946E-1;1,218510E+0;;
02/12/2021  12:47:15,243663;1,214074E+0;9,615202E-2;1,069899E-1;1,218982E+0;;
02/12/2021  12:47:15,243763;1,214044E+0;1,471248E-1;1,259458E-1;1,219425E+0;;
02/12/2021  12:47:15,243863;1,213463E+0;1,321516E-1;1,341600E-1;1,219836E+0;;
02/12/2021  12:47:15,243963;1,212312E+0;3,625898E-2;7,950379E-2;1,220216E+0;;
02/12/2021  12:47:15,244063;1,211460E+0;1,337445E-1;1,376353E-1;1,220564E+0;;
02/12/2021  12:47:15,244163;1,210348E+0;1,372488E-1;1,363715E-1;1,220878E+0;;
02/12/2021  12:47:15,244263;1,210655E+0;1,238685E-1;1,114129E-1;1,221158E+0;;
02/12/2021  12:47:15,244363;1,209239E+0;1,155854E-1;1,189953E-1;1,221404E+0;;
02/12/2021  12:47:15,244463;1,208038E+0;1,216384E-1;1,227865E-1;1,221615E+0;;
02/12/2021  12:47:15,244563;1,207106E+0;1,452133E-1;1,357397E-1;1,221790E+0;;
02/12/2021  12:47:15,244663;1,205800E+0;1,391603E-1;1,240502E-1;1,221930E+0;;
02/12/2021  12:47:15,244763;1,205350E+0;1,203641E-1;1,114129E-1;1,222034E+0;;
02/12/2021  12:47:15,244863;1,204307E+0;1,101695E-1;1,170997E-1;1,222101E+0;;
02/12/2021  12:47:15,244963;1,202561E+0;1,174969E-1;1,272095E-1;1,222132E+0;;
02/12/2021  12:47:15,245063;1,200814E+0;1,241871E-1;1,227865E-1;1,222125E+0;;
02/12/2021  12:47:15,245163;1,199729E+0;1,127182E-1;1,123607E-1;1,222082E+0;;
02/12/2021  12:47:15,245263;1,198552E+0;1,273729E-1;1,976624E-1;1,222000E+0;;
02/12/2021  12:47:15,245363;1,196728E+0;1,429833E-1;1,328963E-1;1,221881E+0;;
02/12/2021  12:47:15,245463;1,193909E+0;1,391603E-1;1,047783E-1;1,221723E+0;;
02/12/2021  12:47:15,245563;1,191560E+0;1,168597E-1;1,249980E-1;1,221527E+0;;
02/12/2021  12:47:15,245663;1,189990E+0;8,022302E-2;1,603824E-1;1,221291E+0;;
02/12/2021  12:47:15,245763;1,188783E+0;1,296029E-1;1,395309E-1;1,221015E+0;;
02/12/2021  12:47:15,245863;1,187138E+0;1,480806E-1;1,445858E-1;1,220698E+0;;
02/12/2021  12:47:15,245963;1,185174E+0;1,554079E-1;1,559593E-1;1,220340E+0;;
02/12/2021  12:47:15,246063;1,183734E+0;1,388417E-1;1,325804E-1;1,219940E+0;;
02/12/2021  12:47:15,246163;1,182977E+0;1,601866E-1;1,537478E-1;1,219498E+0;;
02/12/2021  12:47:15,246263;1,181901E+0;1,286472E-1;1,347919E-1;1,219014E+0;;
02/12/2021  12:47:15,246363;1,180268E+0;1,308772E-1;1,325804E-1;1,218487E+0;;
02/12/2021  12:47:15,246463;1,178316E+0;9,137332E-2;7,634447E-2;1,217918E+0;;
02/12/2021  12:47:15,246563;1,176841E+0;1,060280E-1;1,126766E-1;1,217307E+0;;
02/12/2021  12:47:15,246663;1,176656E+0;1,190898E-1;1,234183E-1;1,216654E+0;;
02/12/2021  12:47:15,246763;1,175559E+0;1,340630E-1;1,341600E-1;1,215959E+0;;
02/12/2021  12:47:15,246863;1,173246E+0;1,251428E-1;1,322644E-1;1,215224E+0;;
02/12/2021  12:47:15,246963;1,171512E+0;1,136739E-1;1,073058E-1;1,214448E+0;;
02/12/2021  12:47:15,247063;1,169357E+0;1,305587E-1;1,297370E-1;1,213633E+0;;
02/12/2021  12:47:15,247163;1,168049E+0;5,569236E-2;8,929768E-2;1,212779E+0;;
02/12/2021  12:47:15,247263;1,166571E+0;1,334259E-1;1,325804E-1;1,211886E+0;;
02/12/2021  12:47:15,247363;1,164547E+0;1,276914E-1;1,423743E-1;1,210956E+0;;
02/12/2021  12:47:15,247463;1,162210E+0;5,951532E-2;1,392149E-1;1,209988E+0;;
02/12/2021  12:47:15,247563;1,159972E+0;1,394789E-1;1,398468E-1;1,208984E+0;;
02/12/2021  12:47:15,247663;1,159117E+0;1,382046E-1;9,814378E-2;1,207944E+0;;
02/12/2021  12:47:15,247763;1,157433E+0;1,181340E-1;1,256299E-1;1,206868E+0;;
02/12/2021  12:47:15,247863;1,155210E+0;1,127182E-1;1,205749E-1;1,205758E+0;;
02/12/2021  12:47:15,247963;1,153690E+0;1,264171E-1;1,370034E-1;1,204613E+0;;
02/12/2021  12:47:15,248063;1,152420E+0;1,321516E-1;1,341600E-1;1,203435E+0;;
02/12/2021  12:47:15,248163;1,151714E+0;1,229127E-1;1,186794E-1;1,202225E+0;;
02/12/2021  12:47:15,248263;1,150349E+0;1,190898E-1;1,319485E-1;1,200983E+0;;
02/12/2021  12:47:15,248363;1,149005E+0;1,162226E-1;9,972343E-2;1,199710E+0;;
02/12/2021  12:47:15,248463;1,146573E+0;1,238685E-1;1,069899E-1;1,198409E+0;;
02/12/2021  12:47:15,248563;1,145750E+0;1,308772E-1;1,139404E-1;1,197079E+0;;
02/12/2021  12:47:15,248663;1,144877E+0;7,130278E-2;9,593225E-2;1,195722E+0;;
02/12/2021  12:47:15,248763;1,143506E+0;1,241871E-1;1,256299E-1;1,194340E+0;;
02/12/2021  12:47:15,248863;1,141205E+0;1,213198E-1;1,117289E-1;1,192934E+0;;
02/12/2021  12:47:15,248963;1,138258E+0;6,684266E-2;8,961361E-2;1,191504E+0;;
02/12/2021  12:47:15,249063;1,137611E+0;1,165411E-1;1,050943E-1;1,190053E+0;;
02/12/2021  12:47:15,249163;1,135930E+0;1,171783E-1;1,183634E-1;1,188582E+0;;
02/12/2021  12:47:15,249263;1,134315E+0;1,184526E-1;1,215227E-1;1,187090E+0;;
02/12/2021  12:47:15,249363;1,131334E+0;1,299215E-1;1,338441E-1;1,185580E+0;;
02/12/2021  12:47:15,249463;1,129662E+0;1,216384E-1;1,227865E-1;1,184053E+0;;
02/12/2021  12:47:15,249563;1,127394E+0;1,315144E-1;1,291051E-1;1,182508E+0;;
02/12/2021  12:47:15,249663;1,126187E+0;2,360086E-1;2,267281E-1;1,180947E+0;;
02/12/2021  12:47:15,249763;1,124292E+0;1,512664E-1;1,388990E-1;1,179371E+0;;
02/12/2021  12:47:15,249863;1,122528E+0;1,133553E-1;1,253139E-1;1,177780E+0;;
02/12/2021  12:47:15,249963;1,121061E+0;1,311958E-1;1,249980E-1;1,176175E+0;;
02/12/2021  12:47:15,250063;1,120555E+0;1,334259E-1;1,287892E-1;1,174557E+0;;
02/12/2021  12:47:15,250163;1,119231E+0;1,289658E-1;1,407946E-1;1,172926E+0;;
02/12/2021  12:47:15,250263;1,118159E+0;1,289658E-1;1,170997E-1;1,171284E+0;;
02/12/2021  12:47:15,250363;1,116695E+0;1,331073E-1;1,401627E-1;1,169631E+0;;
02/12/2021  12:47:15,250463;1,115616E+0;1,066652E-1;1,019350E-1;1,167969E+0;;
02/12/2021  12:47:15,250563;1,115607E+0;1,149482E-1;1,294210E-1;1,166299E+0;;
02/12/2021  12:47:15,250663;1,115521E+0;1,130368E-1;1,275255E-1;1,164622E+0;;
02/12/2021  12:47:15,250763;1,114713E+0;1,104881E-1;1,145722E-1;1,162940E+0;;
02/12/2021  12:47:15,250863;1,113831E+0;1,133553E-1;1,300529E-1;1,161254E+0;;
02/12/2021  12:47:15,250963;1,113494E+0;1,028422E-1;1,145722E-1;1,159567E+0;;
02/12/2021  12:47:15,251063;1,113432E+0;1,073023E-1;1,287892E-1;1,157881E+0;;
02/12/2021  12:47:15,251163;1,113679E+0;1,184526E-1;1,253139E-1;1,156196E+0;;
02/12/2021  12:47:15,251263;1,113217E+0;1,069837E-1;1,161519E-1;1,154515E+0;;
02/12/2021  12:47:15,251363;1,111548E+0;9,933782E-2;9,593225E-2;1,152841E+0;;
02/12/2021  12:47:15,251463;1,111408E+0;9,041758E-2;1,114129E-1;1,151176E+0;;
02/12/2021  12:47:15,251563;1,111399E+0;1,002936E-1;1,161519E-1;1,149520E+0;;
02/12/2021  12:47:15,251663;1,111274E+0;9,328480E-2;1,076217E-1;1,147878E+0;;
02/12/2021  12:47:15,251763;1,110732E+0;9,455912E-2;1,129926E-1;1,146249E+0;;
02/12/2021  12:47:15,251863;1,110285E+0;1,499920E-1;1,013031E-1;1,144637E+0;;
02/12/2021  12:47:15,251963;1,110052E+0;7,703722E-2;9,530039E-2;1,143043E+0;;
02/12/2021  12:47:15,252063;1,110332E+0;1,236548E-2;7,413294E-2;1,141469E+0;;
02/12/2021  12:47:15,252163;1,110636E+0;8,946184E-2;1,066739E-1;1,139917E+0;;
02/12/2021  12:47:15,252263;1,110276E+0;1,047537E-1;1,227865E-1;1,138389E+0;;
02/12/2021  12:47:15,252363;1,109644E+0;1,280100E-1;1,524841E-1;1,136886E+0;;
02/12/2021  12:47:15,252463;1,109405E+0;1,066652E-1;1,360556E-1;1,135411E+0;;
02/12/2021  12:47:15,252563;1,110013E+0;1,519035E-1;1,575390E-1;1,133964E+0;;
02/12/2021  12:47:15,252663;1,110088E+0;1,506292E-1;1,322644E-1;1,132548E+0;;
02/12/2021  12:47:15,252763;1,110225E+0;1,719741E-1;1,528000E-1;1,131164E+0;;
02/12/2021  12:47:15,252863;1,109730E+0;1,894960E-1;1,638576E-1;1,129813E+0;;
02/12/2021  12:47:15,252963;1,110249E+0;1,742041E-1;1,496407E-1;1,128496E+0;;
02/12/2021  12:47:15,253063;1,111074E+0;1,388417E-1;1,227865E-1;1,127216E+0;;
02/12/2021  12:47:15,253163;1,111507E+0;1,401161E-1;1,404787E-1;1,125972E+0;;
02/12/2021  12:47:15,253263;1,111724E+0;1,378860E-1;1,275255E-1;1,124767E+0;;
02/12/2021  12:47:15,253363;1,111611E+0;1,350188E-1;1,265777E-1;1,123601E+0;;
02/12/2021  12:47:15,253463;1,111828E+0;1,155854E-1;1,158360E-1;1,122476E+0;;
02/12/2021  12:47:15,253563;1,112696E+0;1,229127E-1;1,050943E-1;1,121393E+0;;
02/12/2021  12:47:15,253663;1,113485E+0;1,327887E-1;1,335282E-1;1,120352E+0;;
02/12/2021  12:47:15,253763;1,113932E+0;1,461691E-1;1,360556E-1;1,119354E+0;;
02/12/2021  12:47:15,253863;1,114517E+0;1,318330E-1;1,341600E-1;1,118401E+0;;
02/12/2021  12:47:15,253963;1,116227E+0;1,241871E-1;1,344760E-1;1,117492E+0;;
02/12/2021  12:47:15,254063;1,117026E+0;1,353374E-1;1,215227E-1;1,116629E+0;;
02/12/2021  12:47:15,254163;1,118427E+0;1,171783E-1;1,057261E-1;1,115813E+0;;
02/12/2021  12:47:15,254263;1,119014E+0;1,461691E-1;1,938712E-1;1,115045E+0;;
02/12/2021  12:47:15,254363;1,119866E+0;1,190898E-1;1,158360E-1;1,114325E+0;;
02/12/2021  12:47:15,254463;1,121002E+0;1,439390E-1;1,581709E-1;1,113654E+0;;
02/12/2021  12:47:15,254563;1,123013E+0;1,286472E-1;1,436380E-1;1,113033E+0;;
02/12/2021  12:47:15,254663;1,124414E+0;1,174969E-1;1,082536E-1;1,112463E+0;;
02/12/2021  12:47:15,254763;1,125246E+0;1,114439E-1;1,152041E-1;1,111944E+0;;
02/12/2021  12:47:15,254863;1,127746E+0;1,127182E-1;1,193112E-1;1,111477E+0;;
02/12/2021  12:47:15,254963;1,129513E+0;6,907272E-2;1,777586E-1;1,111063E+0;;
02/12/2021  12:47:15,255063;1,131308E+0;1,315144E-1;1,237343E-1;1,110703E+0;;
02/12/2021  12:47:15,255163;1,133725E+0;1,216384E-1;1,152041E-1;1,110398E+0;;
02/12/2021  12:47:15,255263;1,134607E+0;1,216384E-1;1,284732E-1;1,110148E+0;;
02/12/2021  12:47:15,255363;1,136392E+0;1,232313E-1;1,278414E-1;1,109954E+0;;
02/12/2021  12:47:15,255463;1,138660E+0;1,213198E-1;1,284732E-1;1,109818E+0;;
02/12/2021  12:47:15,255563;1,140803E+0;1,171783E-1;1,208909E-1;1,109739E+0;;
02/12/2021  12:47:15,255663;1,142049E+0;1,159040E-1;1,199431E-1;1,109720E+0;;
02/12/2021  12:47:15,255763;1,143902E+0;1,136739E-1;1,265777E-1;1,109759E+0;;
02/12/2021  12:47:15,255863;1,145252E+0;1,375674E-1;1,407946E-1;1,109858E+0;;
02/12/2021  12:47:15,255963;1,148042E+0;1,761156E-1;1,537478E-1;1,110017E+0;;
02/12/2021  12:47:15,256063;1,150146E+0;1,331073E-1;1,291051E-1;1,110236E+0;;
02/12/2021  12:47:15,256163;1,151946E+0;1,436204E-1;1,376353E-1;1,110516E+0;;
02/12/2021  12:47:15,256263;1,152980E+0;1,063466E-1;1,133085E-1;1,110857E+0;;
02/12/2021  12:47:15,256363;1,154375E+0;7,926728E-2;9,340479E-2;1,111259E+0;;
02/12/2021  12:47:15,256463;1,157728E+0;9,360338E-2;1,824976E-1;1,111721E+0;;
02/12/2021  12:47:15,256563;1,159594E+0;1,251428E-1;1,215227E-1;1,112244E+0;;
02/12/2021  12:47:15,256663;1,160649E+0;1,378860E-1;1,401627E-1;1,112827E+0;;
02/12/2021  12:47:15,256763;1,162049E+0;1,477620E-1;1,392149E-1;1,113470E+0;;
02/12/2021  12:47:15,256863;1,164645E+0;1,178155E-1;1,208909E-1;1,114173E+0;;
02/12/2021  12:47:15,256963;1,166314E+0;1,088952E-1;9,308886E-2;1,114934E+0;;
02/12/2021  12:47:15,257063;1,168296E+0;1,143111E-1;1,199431E-1;1,115753E+0;;
02/12/2021  12:47:15,257163;1,169578E+0;1,324701E-1;1,360556E-1;1,116629E+0;;
02/12/2021  12:47:15,257263;1,169926E+0;1,347002E-1;1,310007E-1;1,117562E+0;;
02/12/2021  12:47:15,257363;1,171133E+0;1,229127E-1;1,158360E-1;1,118549E+0;;
02/12/2021  12:47:15,257463;1,172823E+0;1,302401E-1;1,193112E-1;1,119590E+0;;
02/12/2021  12:47:15,257563;1,174924E+0;1,289658E-1;1,310007E-1;1,120682E+0;;
02/12/2021  12:47:15,257663;1,175911E+0;1,203641E-1;1,123607E-1;1,121824E+0;;
02/12/2021  12:47:15,257763;1,176409E+0;1,337445E-1;1,328963E-1;1,123015E+0;;
02/12/2021  12:47:15,257863;1,178551E+0;1,130368E-1;1,019350E-1;1,124252E+0;;
02/12/2021  12:47:15,257963;1,180664E+0;1,174969E-1;1,237343E-1;1,125533E+0;;
02/12/2021  12:47:15,258063;1,182348E+0;1,394789E-1;1,392149E-1;1,126856E+0;;
02/12/2021  12:47:15,258163;1,183177E+0;1,292843E-1;1,177316E-1;1,128219E+0;;
02/12/2021  12:47:15,258263;1,184575E+0;1,251428E-1;1,297370E-1;1,129621E+0;;
02/12/2021  12:47:15,258363;1,186145E+0;1,429833E-1;1,569071E-1;1,131059E+0;;
02/12/2021  12:47:15,258463;1,188720E+0;1,487177E-1;1,979783E-1;1,132531E+0;;
02/12/2021  12:47:15,258563;1,190630E+0;1,327887E-1;1,328963E-1;1,134035E+0;;
02/12/2021  12:47:15,258663;1,191942E+0;8,309024E-2;1,076217E-1;1,135569E+0;;
02/12/2021  12:47:15,258763;1,192699E+0;1,264171E-1;1,199431E-1;1,137132E+0;;
02/12/2021  12:47:15,258863;1,195244E+0;1,273729E-1;1,170997E-1;1,138722E+0;;
02/12/2021  12:47:15,258963;1,197226E+0;1,302401E-1;1,442698E-1;1,140336E+0;;
02/12/2021  12:47:15,259063;1,198564E+0;1,181340E-1;9,814378E-2;1,141973E+0;;
02/12/2021  12:47:15,259163;1,199658E+0;1,280100E-1;1,461654E-1;1,143632E+0;;
02/12/2021  12:47:15,259263;1,200325E+0;1,213198E-1;1,246821E-1;1,145310E+0;;
02/12/2021  12:47:15,259363;1,202522E+0;1,343816E-1;1,411105E-1;1,147007E+0;;
02/12/2021  12:47:15,259463;1,204370E+0;1,280100E-1;1,313166E-1;1,148719E+0;;
02/12/2021  12:47:15,259563;1,206194E+0;1,216384E-1;1,237343E-1;1,150446E+0;;
02/12/2021  12:47:15,259663;1,207442E+0;1,452133E-1;1,562753E-1;1,152185E+0;;
02/12/2021  12:47:15,259763;1,209004E+0;1,273729E-1;1,215227E-1;1,153936E+0;;
02/12/2021  12:47:15,259863;1,211358E+0;1,350188E-1;1,382671E-1;1,155697E+0;;
02/12/2021  12:47:15,259963;1,213731E+0;1,267357E-1;1,291051E-1;1,157467E+0;;
02/12/2021  12:47:15,260063;1,215665E+0;1,327887E-1;1,354238E-1;1,159244E+0;;
02/12/2021  12:47:15,260163;1,217170E+0;1,382046E-1;1,486929E-1;1,161028E+0;;
02/12/2021  12:47:15,260263;1,217748E+0;1,337445E-1;1,284732E-1;1,162817E+0;;
02/12/2021  12:47:15,260363;1,220377E+0;1,327887E-1;1,291051E-1;1,164611E+0;;
02/12/2021  12:47:15,260463;1,222445E+0;1,302401E-1;1,275255E-1;1,166409E+0;;
02/12/2021  12:47:15,260563;1,222812E+0;1,111253E-1;1,265777E-1;1,168210E+0;;
02/12/2021  12:47:15,260663;1,223828E+0;9,296622E-2;9,340479E-2;1,170012E+0;;
02/12/2021  12:47:15,260763;1,225282E+0;1,337445E-1;1,423743E-1;1,171816E+0;;
02/12/2021  12:47:15,260863;1,226323E+0;7,894870E-2;1,057261E-1;1,173621E+0;;
02/12/2021  12:47:15,260963;1,227425E+0;1,203641E-1;1,221546E-1;1,175424E+0;;
02/12/2021  12:47:15,261063;1,227068E+0;1,343816E-1;1,581709E-1;1,177225E+0;;
02/12/2021  12:47:15,261163;1,226415E+0;1,503106E-1;1,442698E-1;1,179023E+0;;
02/12/2021  12:47:15,261263;1,226993E+0;1,273729E-1;1,136244E-1;1,180816E+0;;
02/12/2021  12:47:15,261363;1,227887E+0;1,264171E-1;1,095173E-1;1,182603E+0;;
02/12/2021  12:47:15,261463;1,228033E+0;1,311958E-1;1,313166E-1;1,184380E+0;;
02/12/2021  12:47:15,261563;1,228239E+0;1,382046E-1;1,414265E-1;1,186148E+0;;
02/12/2021  12:47:15,261663;1,227476E+0;1,347002E-1;1,234183E-1;1,187903E+0;;
02/12/2021  12:47:15,261763;1,227592E+0;1,117624E-1;9,624818E-2;1,189644E+0;;
02/12/2021  12:47:15,261863;1,228537E+0;1,311958E-1;1,265777E-1;1,191369E+0;;
02/12/2021  12:47:15,261963;1,229318E+0;1,302401E-1;1,341600E-1;1,193075E+0;;
02/12/2021  12:47:15,262063;1,228743E+0;1,299215E-1;1,341600E-1;1,194761E+0;;
02/12/2021  12:47:15,262163;1,227786E+0;1,095324E-1;1,177316E-1;1,196424E+0;;
02/12/2021  12:47:15,262263;1,228790E+0;1,299215E-1;1,253139E-1;1,198062E+0;;
02/12/2021  12:47:15,262363;1,229103E+0;1,426647E-1;1,404787E-1;1,199675E+0;;
02/12/2021  12:47:15,262463;1,229991E+0;1,474434E-1;1,449017E-1;1,201259E+0;;
02/12/2021  12:47:15,262563;1,230277E+0;1,401161E-1;1,265777E-1;1,202813E+0;;
02/12/2021  12:47:15,262663;1,229875E+0;1,280100E-1;1,246821E-1;1,204335E+0;;
02/12/2021  12:47:15,262763;1,230385E+0;1,439390E-1;1,351078E-1;1,205825E+0;;
02/12/2021  12:47:15,262863;1,230942E+0;8,086018E-2;1,306848E-1;1,207281E+0;;
02/12/2021  12:47:15,262963;1,231383E+0;1,464877E-1;1,423743E-1;1,208701E+0;;
02/12/2021  12:47:15,263063;1,230257E+0;1,143111E-1;1,145722E-1;1,210085E+0;;
02/12/2021  12:47:15,263163;1,229303E+0;1,203641E-1;1,256299E-1;1,211432E+0;;
02/12/2021  12:47:15,263263;1,229938E+0;1,331073E-1;1,354238E-1;1,212741E+0;;
02/12/2021  12:47:15,263363;1,230122E+0;1,117624E-1;1,265777E-1;1,214010E+0;;
02/12/2021  12:47:15,263463;1,229970E+0;1,034794E-1;1,038306E-1;1,215238E+0;;
02/12/2021  12:47:15,263563;1,229172E+0;1,127182E-1;1,110970E-1;1,216426E+0;;
02/12/2021  12:47:15,263663;1,228865E+0;1,229127E-1;1,253139E-1;1,217572E+0;;
02/12/2021  12:47:15,263763;1,229273E+0;1,053908E-1;1,423743E-1;1,218675E+0;;
02/12/2021  12:47:15,263863;1,229473E+0;1,082581E-1;1,215227E-1;1,219734E+0;;
02/12/2021  12:47:15,263963;1,229190E+0;1,069837E-1;1,136244E-1;1,220751E+0;;
02/12/2021  12:47:15,264063;1,228650E+0;9,710776E-2;1,117289E-1;1,221723E+0;;
02/12/2021  12:47:15,264163;1,228760E+0;1,053908E-1;1,095173E-1;1,222651E+0;;
02/12/2021  12:47:15,264263;1,229321E+0;1,104881E-1;1,133085E-1;1,223535E+0;;
02/12/2021  12:47:15,264363;1,229902E+0;1,123996E-1;1,208909E-1;1,224375E+0;;
02/12/2021  12:47:15,264463;1,230578E+0;9,710776E-2;1,107811E-1;1,225171E+0;;
02/12/2021  12:47:15,264563;1,229845E+0;1,050723E-1;1,297370E-1;1,225923E+0;;
02/12/2021  12:47:15,264663;1,229842E+0;1,082581E-1;1,189953E-1;1,226633E+0;;
02/12/2021  12:47:15,264763;1,230531E+0;9,296622E-2;1,095173E-1;1,227301E+0;;
02/12/2021  12:47:15,264863;1,230859E+0;9,009900E-2;1,095173E-1;1,227927E+0;;
02/12/2021  12:47:15,264963;1,230632E+0;9,933782E-2;1,212068E-1;1,228513E+0;;
02/12/2021  12:47:15,265063;1,229878E+0;1,041165E-1;1,199431E-1;1,229060E+0;;
02/12/2021  12:47:15,265163;1,229011E+0;1,053908E-1;1,152041E-1;1,229568E+0;;
02/12/2021  12:47:15,265263;1,229002E+0;7,894870E-2;8,740209E-2;1,230038E+0;;
02/12/2021  12:47:15,265363;1,229735E+0;1,037979E-1;1,347919E-1;1,230472E+0;;
02/12/2021  12:47:15,265463;1,229032E+0;1,372488E-1;1,461654E-1;1,230869E+0;;
02/12/2021  12:47:15,265563;1,228018E+0;1,544522E-1;1,426902E-1;1,231232E+0;;
02/12/2021  12:47:15,265663;1,227887E+0;1,474434E-1;1,300529E-1;1,231561E+0;;
02/12/2021  12:47:15,265763;1,227369E+0;1,684697E-1;1,316326E-1;1,231856E+0;;
02/12/2021  12:47:15,265863;1,227312E+0;1,910889E-1;1,648054E-1;1,232118E+0;;
02/12/2021  12:47:15,265963;1,226013E+0;1,856730E-1;1,660692E-1;1,232349E+0;;
02/12/2021  12:47:15,266063;1,225020E+0;1,407532E-1;1,126766E-1;1,232549E+0;;
02/12/2021  12:47:15,266163;1,224215E+0;1,149482E-1;1,041465E-1;1,232719E+0;;
02/12/2021  12:47:15,266263;1,223995E+0;1,442576E-1;1,430061E-1;1,232858E+0;;
02/12/2021  12:47:15,266363;1,223104E+0;1,429833E-1;1,449017E-1;1,232968E+0;;
02/12/2021  12:47:15,266463;1,222499E+0;1,280100E-1;1,313166E-1;1,233049E+0;;
02/12/2021  12:47:15,266563;1,220657E+0;1,299215E-1;1,278414E-1;1,233102E+0;;
02/12/2021  12:47:15,266663;1,219253E+0;1,401161E-1;1,259458E-1;1,233126E+0;;
02/12/2021  12:47:15,266763;1,218824E+0;1,464877E-1;1,502726E-1;1,233122E+0;;
02/12/2021  12:47:15,266863;1,218219E+0;1,308772E-1;1,344760E-1;1,233090E+0;;
02/12/2021  12:47:15,266963;1,215850E+0;1,143111E-1;9,940750E-2;1,233030E+0;;
02/12/2021  12:47:15,267063;1,213340E+0;1,108067E-1;1,196272E-1;1,232941E+0;;
02/12/2021  12:47:15,267163;1,212756E+0;1,190898E-1;1,291051E-1;1,232825E+0;;
02/12/2021  12:47:15,267263;1,211642E+0;1,627352E-1;1,619620E-1;1,232680E+0;;
02/12/2021  12:47:15,267363;1,210482E+0;1,248242E-1;1,196272E-1;1,232506E+0;;
02/12/2021  12:47:15,267463;1,208676E+0;1,171783E-1;1,189953E-1;1,232302E+0;;
02/12/2021  12:47:15,267563;1,206423E+0;7,703722E-2;9,751191E-2;1,232069E+0;;
02/12/2021  12:47:15,267663;1,205416E+0;1,028422E-1;1,164678E-1;1,231806E+0;;
02/12/2021  12:47:15,267763;1,204477E+0;1,260985E-1;1,496407E-1;1,231512E+0;;
02/12/2021  12:47:15,267863;1,203040E+0;1,241871E-1;1,253139E-1;1,231187E+0;;
02/12/2021  12:47:15,267963;1,201491E+0;1,206827E-1;1,123607E-1;1,230830E+0;;
02/12/2021  12:47:15,268063;1,199357E+0;1,426647E-1;1,625939E-1;1,230441E+0;;
02/12/2021  12:47:15,268163;1,199592E+0;1,491412E-2;7,413294E-2;1,230020E+0;;
02/12/2021  12:47:15,268263;1,199327E+0;1,308772E-1;1,338441E-1;1,229567E+0;;
02/12/2021  12:47:15,268363;1,198695E+0;1,257800E-1;1,262617E-1;1,229082E+0;;
02/12/2021  12:47:15,268463;1,197530E+0;1,362931E-1;1,392149E-1;1,228564E+0;;
02/12/2021  12:47:15,268563;1,197259E+0;1,280100E-1;1,332122E-1;1,228015E+0;;
02/12/2021  12:47:15,268663;1,197172E+0;1,187712E-1;1,281573E-1;1,227436E+0;;
02/12/2021  12:47:15,268763;1,196967E+0;1,225942E-1;1,259458E-1;1,226826E+0;;
02/12/2021  12:47:15,268863;1,197023E+0;1,225942E-1;1,218387E-1;1,226187E+0;;
02/12/2021  12:47:15,268963;1,196016E+0;1,305587E-1;1,505885E-1;1,225520E+0;;
02/12/2021  12:47:15,269063;1,195307E+0;1,260985E-1;1,243661E-1;1,224827E+0;;
02/12/2021  12:47:15,269163;1,194913E+0;1,286472E-1;1,335282E-1;1,224109E+0;;
02/12/2021  12:47:15,269263;1,195792E+0;1,222756E-1;1,234183E-1;1,223368E+0;;
02/12/2021  12:47:15,269363;1,195229E+0;1,337445E-1;1,347919E-1;1,222604E+0;;
02/12/2021  12:47:15,269463;1,193891E+0;1,302401E-1;1,272095E-1;1,221821E+0;;
02/12/2021  12:47:15,269563;1,192663E+0;1,286472E-1;1,379512E-1;1,221019E+0;;
02/12/2021  12:47:15,269663;1,192493E+0;1,002936E-1;1,101492E-1;1,220201E+0;;
02/12/2021  12:47:15,269763;1,191817E+0;1,267357E-1;1,246821E-1;1,219367E+0;;
02/12/2021  12:47:15,269863;1,191173E+0;1,547707E-1;1,692285E-1;1,218520E+0;;
02/12/2021  12:47:15,269963;1,189143E+0;1,311958E-1;1,379512E-1;1,217660E+0;;
02/12/2021  12:47:15,270063;1,188267E+0;1,168597E-1;1,114129E-1;1,216789E+0;;
02/12/2021  12:47:15,270163;1,187710E+0;1,210013E-1;1,341600E-1;1,215909E+0;;
02/12/2021  12:47:15,270263;1,187403E+0;1,296029E-1;1,294210E-1;1,215020E+0;;
02/12/2021  12:47:15,270363;1,185725E+0;1,245056E-1;1,275255E-1;1,214123E+0;;
02/12/2021  12:47:15,270463;1,184026E+0;1,337445E-1;1,303688E-1;1,213220E+0;;
02/12/2021  12:47:15,270563;1,183823E+0;-7,705062E-3;3,780076E-2;1,212311E+0;;
02/12/2021  12:47:15,270663;1,181940E+0;1,378860E-1;1,313166E-1;1,211396E+0;;
02/12/2021  12:47:15,270763;1,180924E+0;1,311958E-1;1,306848E-1;1,210478E+0;;
02/12/2021  12:47:15,270863;1,179001E+0;1,260985E-1;1,281573E-1;1,209555E+0;;
02/12/2021  12:47:15,270963;1,176590E+0;1,251428E-1;1,262617E-1;1,208628E+0;;
02/12/2021  12:47:15,271063;1,175672E+0;1,305587E-1;1,319485E-1;1,207698E+0;;
02/12/2021  12:47:15,271163;1,174462E+0;1,347002E-1;1,316326E-1;1,206764E+0;;
02/12/2021  12:47:15,271263;1,172710E+0;1,197269E-1;1,278414E-1;1,205826E+0;;
02/12/2021  12:47:15,271363;1,171142E+0;1,289658E-1;1,221546E-1;1,204883E+0;;
02/12/2021  12:47:15,271463;1,168776E+0;1,216384E-1;1,243661E-1;1,203937E+0;;
02/12/2021  12:47:15,271563;1,167170E+0;1,241871E-1;1,303688E-1;1,202985E+0;;
02/12/2021  12:47:15,271663;1,166261E+0;8,563888E-2;1,227865E-1;1,202028E+0;;
02/12/2021  12:47:15,271763;1,165495E+0;1,286472E-1;1,272095E-1;1,201065E+0;;
02/12/2021  12:47:15,271863;1,163358E+0;1,343816E-1;1,278414E-1;1,200095E+0;;
02/12/2021  12:47:15,271963;1,161516E+0;1,426647E-1;1,398468E-1;1,199118E+0;;
02/12/2021  12:47:15,272063;1,161143E+0;1,366117E-1;1,379512E-1;1,198133E+0;;
02/12/2021  12:47:15,272163;1,160333E+0;1,254614E-1;1,414265E-1;1,197140E+0;;
02/12/2021  12:47:15,272263;1,159865E+0;1,130368E-1;1,060421E-1;1,196139E+0;;
02/12/2021  12:47:15,272363;1,158369E+0;1,238685E-1;1,297370E-1;1,195130E+0;;
02/12/2021  12:47:15,272463;1,156333E+0;1,331073E-1;1,332122E-1;1,194111E+0;;
02/12/2021  12:47:15,272563;1,156518E+0;1,308772E-1;1,537478E-1;1,193085E+0;;
02/12/2021  12:47:15,272663;1,155171E+0;1,120810E-1;1,158360E-1;1,192049E+0;;
02/12/2021  12:47:15,272763;1,154411E+0;1,356559E-1;1,221546E-1;1,191005E+0;;
02/12/2021  12:47:15,272863;1,152498E+0;1,292843E-1;1,379512E-1;1,189953E+0;;
02/12/2021  12:47:15,272963;1,151317E+0;1,321516E-1;1,231024E-1;1,188893E+0;;
02/12/2021  12:47:15,273063;1,150635E+0;1,213198E-1;1,167838E-1;1,187824E+0;;
02/12/2021  12:47:15,273163;1,150301E+0;1,146297E-1;1,177316E-1;1,186748E+0;;
02/12/2021  12:47:15,273263;1,149669E+0;1,382046E-1;1,354238E-1;1,185664E+0;;
02/12/2021  12:47:15,273363;1,148131E+0;1,410718E-1;1,376353E-1;1,184573E+0;;
02/12/2021  12:47:15,273463;1,146921E+0;1,276914E-1;1,259458E-1;1,183475E+0;;
02/12/2021  12:47:15,273563;1,146716E+0;1,203641E-1;1,167838E-1;1,182371E+0;;
02/12/2021  12:47:15,273663;1,146683E+0;1,327887E-1;1,297370E-1;1,181261E+0;;
02/12/2021  12:47:15,273763;1,145375E+0;1,315144E-1;1,306848E-1;1,180147E+0;;
02/12/2021  12:47:15,273863;1,145026E+0;1,229127E-1;1,297370E-1;1,179028E+0;;
02/12/2021  12:47:15,273963;1,143977E+0;1,117624E-1;1,193112E-1;1,177906E+0;;
02/12/2021  12:47:15,274063;1,144698E+0;1,152668E-1;1,186794E-1;1,176781E+0;;
02/12/2021  12:47:15,274163;1,143449E+0;1,353374E-1;1,306848E-1;1,175655E+0;;
02/12/2021  12:47:15,274263;1,143256E+0;1,410718E-1;1,445858E-1;1,174528E+0;;
02/12/2021  12:47:15,274363;1,142141E+0;1,448948E-1;1,452176E-1;1,173401E+0;;
02/12/2021  12:47:15,274463;1,141462E+0;1,037979E-1;1,076217E-1;1,172276E+0;;
02/12/2021  12:47:15,274563;1,141271E+0;1,187712E-1;9,530039E-2;1,171154E+0;;
02/12/2021  12:47:15,274663;1,140323E+0;1,385232E-1;1,354238E-1;1,170035E+0;;
02/12/2021  12:47:15,274763;1,139581E+0;1,130368E-1;1,231024E-1;1,168920E+0;;
02/12/2021  12:47:15,274863;1,137361E+0;6,174538E-2;8,771802E-2;1,167810E+0;;
02/12/2021  12:47:15,274963;1,136297E+0;1,117624E-1;8,677022E-2;1,166706E+0;;
02/12/2021  12:47:15,275063;1,135701E+0;1,682560E-2;6,054787E-2;1,165608E+0;;
02/12/2021  12:47:15,275163;1,135563E+0;1,248242E-1;1,246821E-1;1,164517E+0;;
02/12/2021  12:47:15,275263;1,133483E+0;1,260985E-1;1,300529E-1;1,163433E+0;;
02/12/2021  12:47:15,275363;1,132175E+0;1,254614E-1;1,351078E-1;1,162356E+0;;
02/12/2021  12:47:15,275463;1,131337E+0;1,385232E-1;1,246821E-1;1,161287E+0;;
02/12/2021  12:47:15,275563;1,130831E+0;1,372488E-1;1,291051E-1;1,160225E+0;;
02/12/2021  12:47:15,275663;1,129913E+0;1,187712E-1;1,139404E-1;1,159172E+0;;
02/12/2021  12:47:15,275763;1,128664E+0;1,098510E-1;9,466852E-2;1,158125E+0;;
02/12/2021  12:47:15,275863;1,127505E+0;1,423461E-1;1,398468E-1;1,157087E+0;;
02/12/2021  12:47:15,275963;1,126730E+0;1,445762E-1;1,319485E-1;1,156056E+0;;
02/12/2021  12:47:15,276063;1,126468E+0;1,155854E-1;1,205749E-1;1,155032E+0;;
02/12/2021  12:47:15,276163;1,126000E+0;1,181340E-1;1,196272E-1;1,154016E+0;;
02/12/2021  12:47:15,276263;1,125264E+0;1,280100E-1;1,243661E-1;1,153008E+0;;
02/12/2021  12:47:15,276363;1,124253E+0;8,691320E-2;9,814378E-2;1,152007E+0;;
02/12/2021  12:47:15,276463;1,123827E+0;5,855958E-2;8,266311E-2;1,151014E+0;;
02/12/2021  12:47:15,276563;1,124021E+0;1,095324E-1;1,291051E-1;1,150029E+0;;
02/12/2021  12:47:15,276663;1,123252E+0;4,199342E-2;7,065769E-2;1,149051E+0;;
02/12/2021  12:47:15,276763;1,122447E+0;1,337445E-1;1,550115E-1;1,148082E+0;;
02/12/2021  12:47:15,276863;1,121285E+0;1,101695E-1;1,079377E-1;1,147121E+0;;
02/12/2021  12:47:15,276963;1,121336E+0;9,965640E-2;1,205749E-1;1,146169E+0;;
02/12/2021  12:47:15,277063;1,121046E+0;9,169190E-2;1,016190E-1;1,145226E+0;;
02/12/2021  12:47:15,277163;1,121276E+0;1,120810E-1;1,205749E-1;1,144291E+0;;
02/12/2021  12:47:15,277263;1,120763E+0;1,181340E-1;1,297370E-1;1,143366E+0;;
02/12/2021  12:47:15,277363;1,120194E+0;9,806350E-2;1,006712E-1;1,142451E+0;;
02/12/2021  12:47:15,277463;1,120558E+0;9,009900E-2;1,098333E-1;1,141546E+0;;
02/12/2021  12:47:15,277563;1,121914E+0;9,009900E-2;1,038306E-1;1,140651E+0;;
02/12/2021  12:47:15,277663;1,121899E+0;1,127182E-1;1,287892E-1;1,139768E+0;;
02/12/2021  12:47:15,277763;1,121109E+0;1,079395E-1;1,322644E-1;1,138898E+0;;
02/12/2021  12:47:15,277863;1,121228E+0;9,774492E-2;1,117289E-1;1,138040E+0;;
02/12/2021  12:47:15,277963;1,121261E+0;9,551486E-2;1,073058E-1;1,137197E+0;;
02/12/2021  12:47:15,278063;1,122858E+0;1,069837E-1;1,253139E-1;1,136368E+0;;
02/12/2021  12:47:15,278163;1,123115E+0;1,267357E-1;1,338441E-1;1,135555E+0;;
02/12/2021  12:47:15,278263;1,122855E+0;1,315144E-1;1,398468E-1;1,134759E+0;;
02/12/2021  12:47:15,278363;1,123192E+0;1,439390E-1;1,559593E-1;1,133981E+0;;
02/12/2021  12:47:15,278463;1,123893E+0;1,777085E-1;1,373193E-1;1,133222E+0;;
02/12/2021  12:47:15,278563;1,124998E+0;1,630538E-1;1,483770E-1;1,132483E+0;;
02/12/2021  12:47:15,278663;1,125430E+0;1,856730E-1;1,853410E-1;1,131765E+0;;
02/12/2021  12:47:15,278763;1,125651E+0;1,547707E-1;1,505885E-1;1,131070E+0;;
02/12/2021  12:47:15,278863;1,125568E+0;1,662396E-1;1,417424E-1;1,130398E+0;;
02/12/2021  12:47:15,278963;1,126488E+0;1,710183E-1;1,357397E-1;1,129750E+0;;
02/12/2021  12:47:15,279063;1,127526E+0;1,716555E-1;1,606983E-1;1,129129E+0;;
02/12/2021  12:47:15,279163;1,127871E+0;1,493549E-1;1,540637E-1;1,128533E+0;;
02/12/2021  12:47:15,279263;1,128420E+0;5,218798E-2;8,992954E-2;1,127965E+0;;
02/12/2021  12:47:15,279363;1,128834E+0;1,340630E-1;1,385831E-1;1,127426E+0;;
02/12/2021  12:47:15,279463;1,130116E+0;1,283286E-1;1,142563E-1;1,126916E+0;;
02/12/2021  12:47:15,279563;1,130947E+0;1,283286E-1;1,297370E-1;1,126437E+0;;
02/12/2021  12:47:15,279663;1,131406E+0;1,321516E-1;1,351078E-1;1,125988E+0;;
02/12/2021  12:47:15,279763;1,131168E+0;1,410718E-1;1,395309E-1;1,125571E+0;;
02/12/2021  12:47:15,279863;1,132625E+0;1,455319E-1;1,385831E-1;1,125187E+0;;
02/12/2021  12:47:15,279963;1,134172E+0;1,273729E-1;1,262617E-1;1,124836E+0;;
02/12/2021  12:47:15,280063;1,136016E+0;1,210013E-1;1,313166E-1;1,124519E+0;;
02/12/2021  12:47:15,280163;1,136616E+0;1,225942E-1;1,196272E-1;1,124236E+0;;
02/12/2021  12:47:15,280263;1,137456E+0;1,280100E-1;1,316326E-1;1,123989E+0;;
02/12/2021  12:47:15,280363;1,139012E+0;1,264171E-1;1,370034E-1;1,123777E+0;;
02/12/2021  12:47:15,280463;1,140916E+0;1,324701E-1;1,313166E-1;1,123602E+0;;
02/12/2021  12:47:15,280563;1,142272E+0;9,965640E-2;8,550650E-2;1,123465E+0;;
02/12/2021  12:47:15,280663;1,143592E+0;1,219570E-1;1,284732E-1;1,123366E+0;;
02/12/2021  12:47:15,280763;1,144537E+0;1,254614E-1;1,265777E-1;1,123306E+0;;
02/12/2021  12:47:15,280863;1,146886E+0;1,219570E-1;1,256299E-1;1,123286E+0;;
02/12/2021  12:47:15,280963;1,148188E+0;1,369303E-1;1,565912E-1;1,123306E+0;;
02/12/2021  12:47:15,281063;1,150864E+0;1,232313E-1;1,316326E-1;1,123367E+0;;
02/12/2021  12:47:15,281163;1,151267E+0;1,461691E-1;1,291051E-1;1,123470E+0;;
02/12/2021  12:47:15,281263;1,151967E+0;1,302401E-1;1,234183E-1;1,123616E+0;;
02/12/2021  12:47:15,281363;1,154184E+0;1,238685E-1;1,227865E-1;1,123804E+0;;
02/12/2021  12:47:15,281463;1,155800E+0;1,165411E-1;1,278414E-1;1,124037E+0;;
02/12/2021  12:47:15,281563;1,157129E+0;1,257800E-1;1,322644E-1;1,124313E+0;;
02/12/2021  12:47:15,281663;1,158279E+0;1,296029E-1;1,360556E-1;1,124633E+0;;
02/12/2021  12:47:15,281763;1,159078E+0;1,257800E-1;1,215227E-1;1,124997E+0;;
02/12/2021  12:47:15,281863;1,160944E+0;1,337445E-1;1,338441E-1;1,125406E+0;;
02/12/2021  12:47:15,281963;1,162321E+0;1,318330E-1;1,328963E-1;1,125859E+0;;
02/12/2021  12:47:15,282063;1,163841E+0;1,378860E-1;1,347919E-1;1,126355E+0;;
02/12/2021  12:47:15,282163;1,165113E+0;1,267357E-1;1,347919E-1;1,126896E+0;;
02/12/2021  12:47:15,282263;1,166043E+0;1,216384E-1;1,237343E-1;1,127479E+0;;
02/12/2021  12:47:15,282363;1,168132E+0;1,308772E-1;1,379512E-1;1,128106E+0;;
02/12/2021  12:47:15,282463;1,169610E+0;1,299215E-1;1,341600E-1;1,128775E+0;;
02/12/2021  12:47:15,282563;1,170969E+0;1,442576E-1;1,685966E-1;1,129486E+0;;
02/12/2021  12:47:15,282663;1,171527E+0;1,184526E-1;1,129926E-1;1,130237E+0;;
02/12/2021  12:47:15,282763;1,172978E+0;1,225942E-1;1,278414E-1;1,131029E+0;;
02/12/2021  12:47:15,282863;1,175470E+0;1,401161E-1;1,458495E-1;1,131861E+0;;
02/12/2021  12:47:15,282963;1,177380E+0;1,353374E-1;1,370034E-1;1,132731E+0;;
02/12/2021  12:47:15,283063;1,178748E+0;1,385232E-1;1,395309E-1;1,133639E+0;;
02/12/2021  12:47:15,283163;1,180426E+0;1,155854E-1;1,300529E-1;1,134584E+0;;
02/12/2021  12:47:15,283263;1,182220E+0;1,385232E-1;1,401627E-1;1,135566E+0;;
02/12/2021  12:47:15,283363;1,184881E+0;1,439390E-1;1,445858E-1;1,136583E+0;;
02/12/2021  12:47:15,283463;1,186366E+0;1,356559E-1;1,319485E-1;1,137635E+0;;
02/12/2021  12:47:15,283563;1,188872E+0;1,216384E-1;1,297370E-1;1,138721E+0;;
02/12/2021  12:47:15,283663;1,190359E+0;1,385232E-1;1,335282E-1;1,139841E+0;;
02/12/2021  12:47:15,283763;1,192434E+0;1,407532E-1;1,376353E-1;1,140994E+0;;
02/12/2021  12:47:15,283863;1,195035E+0;1,311958E-1;1,486929E-1;1,142180E+0;;
02/12/2021  12:47:15,283963;1,196996E+0;1,241871E-1;1,278414E-1;1,143397E+0;;
02/12/2021  12:47:15,284063;1,198656E+0;1,270543E-1;1,259458E-1;1,144647E+0;;
02/12/2021  12:47:15,284163;1,198832E+0;1,337445E-1;1,328963E-1;1,145927E+0;;
02/12/2021  12:47:15,284263;1,200513E+0;1,280100E-1;1,035146E-1;1,147238E+0;;
02/12/2021  12:47:15,284363;1,201652E+0;1,343816E-1;1,291051E-1;1,148579E+0;;
02/12/2021  12:47:15,284463;1,202999E+0;1,311958E-1;1,328963E-1;1,149947E+0;;
02/12/2021  12:47:15,284563;1,202969E+0;1,366117E-1;1,373193E-1;1,151344E+0;;
02/12/2021  12:47:15,284663;1,203195E+0;1,362931E-1;1,357397E-1;1,152766E+0;;
02/12/2021  12:47:15,284763;1,204239E+0;1,174969E-1;1,167838E-1;1,154212E+0;;
02/12/2021  12:47:15,284863;1,205231E+0;1,210013E-1;1,155200E-1;1,155680E+0;;
02/12/2021  12:47:15,284963;1,206223E+0;1,219570E-1;1,117289E-1;1,157169E+0;;
02/12/2021  12:47:15,285063;1,205806E+0;1,474434E-1;1,423743E-1;1,158677E+0;;
02/12/2021  12:47:15,285163;1,206426E+0;8,786894E-2;9,593225E-2;1,160200E+0;;
02/12/2021  12:47:15,285263;1,207365E+0;1,245056E-1;1,259458E-1;1,161738E+0;;
02/12/2021  12:47:15,285363;1,209025E+0;1,324701E-1;1,689125E-1;1,163287E+0;;
02/12/2021  12:47:15,285463;1,209988E+0;1,264171E-1;1,272095E-1;1,164846E+0;;
02/12/2021  12:47:15,285563;1,210041E+0;1,210013E-1;1,047783E-1;1,166412E+0;;
02/12/2021  12:47:15,285663;1,211263E+0;1,480806E-1;1,395309E-1;1,167983E+0;;
02/12/2021  12:47:15,285763;1,212348E+0;1,397975E-1;1,537478E-1;1,169557E+0;;
02/12/2021  12:47:15,285863;1,214711E+0;1,397975E-1;1,512204E-1;1,171132E+0;;
02/12/2021  12:47:15,285963;1,216136E+0;1,483991E-1;1,401627E-1;1,172707E+0;;
02/12/2021  12:47:15,286063;1,217304E+0;1,426647E-1;1,385831E-1;1,174280E+0;;
02/12/2021  12:47:15,286163;1,217841E+0;1,241871E-1;1,218387E-1;1,175849E+0;;
02/12/2021  12:47:15,286263;1,219641E+0;1,270543E-1;1,486929E-1;1,177413E+0;;
02/12/2021  12:47:15,286363;1,221611E+0;1,375674E-1;1,360556E-1;1,178971E+0;;
02/12/2021  12:47:15,286463;1,222296E+0;1,270543E-1;1,253139E-1;1,180522E+0;;
02/12/2021  12:47:15,286563;1,222657E+0;1,210013E-1;1,246821E-1;1,182066E+0;;
02/12/2021  12:47:15,286663;1,222946E+0;1,264171E-1;1,265777E-1;1,183600E+0;;
02/12/2021  12:47:15,286763;1,224782E+0;1,216384E-1;1,414265E-1;1,185125E+0;;
02/12/2021  12:47:15,286863;1,225327E+0;1,257800E-1;1,208909E-1;1,186639E+0;;
02/12/2021  12:47:15,286963;1,226564E+0;1,130368E-1;1,196272E-1;1,188141E+0;;
02/12/2021  12:47:15,287063;1,226242E+0;8,542518E-3;6,813023E-2;1,189631E+0;;
02/12/2021  12:47:15,287163;1,226770E+0;1,490363E-1;1,559593E-1;1,191108E+0;;
02/12/2021  12:47:15,287263;1,228048E+0;3,275460E-2;8,013565E-2;1,192571E+0;;
02/12/2021  12:47:15,287363;1,228594E+0;1,331073E-1;1,306848E-1;1,194019E+0;;
02/12/2021  12:47:15,287463;1,228072E+0;1,289658E-1;1,344760E-1;1,195450E+0;;
02/12/2021  12:47:15,287563;1,226913E+0;1,458505E-1;1,120448E-1;1,196865E+0;;
02/12/2021  12:47:15,287663;1,226776E+0;1,289658E-1;1,366875E-1;1,198262E+0;;
02/12/2021  12:47:15,287763;1,227622E+0;1,761156E-1;2,087200E-1;1,199639E+0;;
02/12/2021  12:47:15,287863;1,227846E+0;1,299215E-1;1,237343E-1;1,200996E+0;;
02/12/2021  12:47:15,287963;1,227536E+0;1,168597E-1;1,259458E-1;1,202331E+0;;
02/12/2021  12:47:15,288063;1,226555E+0;1,793014E-1;1,528000E-1;1,203642E+0;;
02/12/2021  12:47:15,288163;1,226606E+0;1,464877E-1;1,404787E-1;1,204929E+0;;
02/12/2021  12:47:15,288263;1,226299E+0;1,251428E-1;1,060421E-1;1,206190E+0;;
02/12/2021  12:47:15,288363;1,226513E+0;1,069837E-1;1,199431E-1;1,207423E+0;;
02/12/2021  12:47:15,288463;1,226582E+0;1,225942E-1;1,009872E-1;1,208627E+0;;
02/12/2021  12:47:15,288563;1,225244E+0;1,327887E-1;1,227865E-1;1,209802E+0;;
02/12/2021  12:47:15,288663;1,225318E+0;1,296029E-1;1,205749E-1;1,210945E+0;;
02/12/2021  12:47:15,288763;1,224657E+0;1,302401E-1;1,189953E-1;1,212056E+0;;
02/12/2021  12:47:15,288863;1,225884E+0;1,311958E-1;1,246821E-1;1,213132E+0;;
02/12/2021  12:47:15,288963;1,224952E+0;1,334259E-1;1,227865E-1;1,214174E+0;;
02/12/2021  12:47:15,289063;1,223324E+0;1,229127E-1;1,224705E-1;1,215180E+0;;
02/12/2021  12:47:15,289163;1,223456E+0;1,174969E-1;1,253139E-1;1,216150E+0;;
02/12/2021  12:47:15,289263;1,223834E+0;1,139925E-1;1,161519E-1;1,217081E+0;;
02/12/2021  12:47:15,289363;1,223879E+0;1,082581E-1;1,177316E-1;1,217974E+0;;
02/12/2021  12:47:15,289463;1,222496E+0;1,216384E-1;1,180475E-1;1,218828E+0;;
02/12/2021  12:47:15,289563;1,221173E+0;1,069837E-1;1,145722E-1;1,219641E+0;;
02/12/2021  12:47:15,289663;1,221211E+0;1,152668E-1;1,227865E-1;1,220415E+0;;
02/12/2021  12:47:15,289763;1,220287E+0;1,213198E-1;1,565912E-1;1,221147E+0;;
02/12/2021  12:47:15,289863;1,220347E+0;1,260985E-1;1,319485E-1;1,221837E+0;;
02/12/2021  12:47:15,289963;1,219375E+0;8,563888E-2;1,114129E-1;1,222485E+0;;
02/12/2021  12:47:15,290063;1,219110E+0;1,063466E-1;1,167838E-1;1,223090E+0;;
02/12/2021  12:47:15,290163;1,219402E+0;1,022050E-1;1,158360E-1;1,223653E+0;;
02/12/2021  12:47:15,290263;1,219352E+0;1,152668E-1;1,275255E-1;1,224172E+0;;
02/12/2021  12:47:15,290363;1,218893E+0;1,104881E-1;1,180475E-1;1,224649E+0;;
02/12/2021  12:47:15,290463;1,217176E+0;1,037979E-1;1,385831E-1;1,225083E+0;;
02/12/2021  12:47:15,290563;1,216085E+0;9,678918E-2;1,126766E-1;1,225475E+0;;
02/12/2021  12:47:15,290663;1,215987E+0;8,946184E-2;1,019350E-1;1,225825E+0;;
02/12/2021  12:47:15,290763;1,215728E+0;9,360338E-2;1,076217E-1;1,226132E+0;;
02/12/2021  12:47:15,290863;1,215149E+0;9,838208E-2;1,142563E-1;1,226398E+0;;
02/12/2021  12:47:15,290963;1,214628E+0;1,066652E-1;1,256299E-1;1,226623E+0;;
02/12/2021  12:47:15,291063;1,213895E+0;1,079395E-1;1,249980E-1;1,226806E+0;;
02/12/2021  12:47:15,291163;1,213680E+0;1,146297E-1;1,291051E-1;1,226950E+0;;
02/12/2021  12:47:15,291263;1,213200E+0;1,238685E-1;1,325804E-1;1,227053E+0;;
02/12/2021  12:47:15,291363;1,212715E+0;1,327887E-1;1,376353E-1;1,227118E+0;;
02/12/2021  12:47:15,291463;1,211356E+0;1,471248E-1;1,278414E-1;1,227145E+0;;
02/12/2021  12:47:15,291563;1,210119E+0;1,630538E-1;1,556434E-1;1,227135E+0;;
02/12/2021  12:47:15,291663;1,210303E+0;1,786642E-1;1,546956E-1;1,227088E+0;;
02/12/2021  12:47:15,291763;1,209961E+0;1,853544E-1;1,588027E-1;1,227005E+0;;
02/12/2021  12:47:15,291863;1,208903E+0;9,615202E-2;1,562753E-1;1,226887E+0;;
02/12/2021  12:47:15,291963;1,207478E+0;1,077258E-2;7,824006E-2;1,226735E+0;;
02/12/2021  12:47:15,292063;1,206587E+0;1,563636E-1;1,445858E-1;1,226549E+0;;
02/12/2021  12:47:15,292163;1,206566E+0;1,413904E-1;1,474292E-1;1,226332E+0;;
02/12/2021  12:47:15,292263;1,205773E+0;1,292843E-1;1,310007E-1;1,226082E+0;;
02/12/2021  12:47:15,292363;1,204501E+0;1,334259E-1;1,332122E-1;1,225802E+0;;
02/12/2021  12:47:15,292463;1,201783E+0;4,294916E-2;6,528685E-2;1,225492E+0;;
02/12/2021  12:47:15,292563;1,200755E+0;1,130368E-1;9,308886E-2;1,225152E+0;;
02/12/2021  12:47:15,292663;1,199911E+0;1,276914E-1;1,177316E-1;1,224783E+0;;
02/12/2021  12:47:15,292763;1,198484E+0;1,210013E-1;1,237343E-1;1,224386E+0;;
02/12/2021  12:47:15,292863;1,197536E+0;1,213198E-1;1,313166E-1;1,223961E+0;;
02/12/2021  12:47:15,292963;1,194889E+0;1,273729E-1;1,316326E-1;1,223508E+0;;
02/12/2021  12:47:15,293063;1,193861E+0;7,385142E-2;7,097362E-2;1,223027E+0;;
02/12/2021  12:47:15,293163;1,192976E+0;1,082581E-1;1,076217E-1;1,222519E+0;;
02/12/2021  12:47:15,293263;1,192839E+0;1,117624E-1;1,180475E-1;1,221983E+0;;
02/12/2021  12:47:15,293363;1,190592E+0;1,359745E-1;1,287892E-1;1,221421E+0;;
02/12/2021  12:47:15,293463;1,187909E+0;1,200455E-1;1,199431E-1;1,220832E+0;;
02/12/2021  12:47:15,293563;1,187203E+0;1,216384E-1;1,221546E-1;1,220217E+0;;
02/12/2021  12:47:15,293663;1,186610E+0;1,366117E-1;1,253139E-1;1,219575E+0;;
02/12/2021  12:47:15,293763;1,185245E+0;1,426647E-1;1,411105E-1;1,218906E+0;;
02/12/2021  12:47:15,293863;1,183731E+0;1,318330E-1;1,347919E-1;1,218212E+0;;
02/12/2021  12:47:15,293963;1,181553E+0;-1,280234E-2;5,707262E-2;1,217492E+0;;
02/12/2021  12:47:15,294063;1,180787E+0;1,203641E-1;1,114129E-1;1,216747E+0;;
02/12/2021  12:47:15,294163;1,180730E+0;1,656025E-1;1,881844E-1;1,215976E+0;;
02/12/2021  12:47:15,294263;1,179475E+0;1,302401E-1;1,218387E-1;1,215180E+0;;
02/12/2021  12:47:15,294363;1,177070E+0;1,675139E-1;1,843932E-1;1,214360E+0;;
02/12/2021  12:47:15,294463;1,174638E+0;1,254614E-1;1,180475E-1;1,213516E+0;;
02/12/2021  12:47:15,294563;1,172916E+0;1,229127E-1;1,183634E-1;1,212648E+0;;
02/12/2021  12:47:15,294663;1,172159E+0;1,194084E-1;1,253139E-1;1,211756E+0;;
02/12/2021  12:47:15,294763;1,170358E+0;1,229127E-1;1,152041E-1;1,210841E+0;;
02/12/2021  12:47:15,294863;1,167703E+0;1,229127E-1;1,246821E-1;1,209902E+0;;
02/12/2021  12:47:15,294963;1,165617E+0;1,286472E-1;1,275255E-1;1,208941E+0;;
02/12/2021  12:47:15,295063;1,164604E+0;1,499920E-1;1,641736E-1;1,207956E+0;;
02/12/2021  12:47:15,295163;1,163039E+0;1,343816E-1;1,259458E-1;1,206948E+0;;
02/12/2021  12:47:15,295263;1,161590E+0;1,260985E-1;1,310007E-1;1,205916E+0;;
02/12/2021  12:47:15,295363;1,158554E+0;9,997498E-2;1,155200E-1;1,204862E+0;;
02/12/2021  12:47:15,295463;1,156700E+0;1,331073E-1;1,338441E-1;1,203784E+0;;
02/12/2021  12:47:15,295563;1,155484E+0;1,289658E-1;1,262617E-1;1,202682E+0;;
02/12/2021  12:47:15,295663;1,154962E+0;1,194084E-1;1,208909E-1;1,201558E+0;;
02/12/2021  12:47:15,295763;1,154193E+0;1,308772E-1;1,351078E-1;1,200410E+0;;
02/12/2021  12:47:15,295863;1,152247E+0;6,110822E-2;9,845971E-2;1,199240E+0;;
02/12/2021  12:47:15,295963;1,151282E+0;1,579565E-1;1,717559E-1;1,198047E+0;;
02/12/2021  12:47:15,296063;1,151240E+0;1,359745E-1;1,461654E-1;1,196833E+0;;
02/12/2021  12:47:15,296163;1,150587E+0;1,276914E-1;1,272095E-1;1,195597E+0;;
02/12/2021  12:47:15,296263;1,149532E+0;1,292843E-1;1,351078E-1;1,194342E+0;;
02/12/2021  12:47:15,296363;1,148114E+0;1,458505E-1;1,486929E-1;1,193069E+0;;
02/12/2021  12:47:15,296463;1,146510E+0;1,289658E-1;1,253139E-1;1,191777E+0;;
02/12/2021  12:47:15,296563;1,146474E+0;4,772786E-2;5,201770E-2;1,190470E+0;;
02/12/2021  12:47:15,296663;1,145646E+0;1,375674E-1;1,322644E-1;1,189147E+0;;
02/12/2021  12:47:15,296763;1,144323E+0;1,229127E-1;1,373193E-1;1,187811E+0;;
02/12/2021  12:47:15,296863;1,142153E+0;9,009900E-2;9,877564E-2;1,186462E+0;;
02/12/2021  12:47:15,296963;1,140719E+0;1,095324E-1;1,114129E-1;1,185103E+0;;
02/12/2021  12:47:15,297063;1,140249E+0;1,395838E-2;2,800687E-2;1,183733E+0;;
02/12/2021  12:47:15,297163;1,139679E+0;1,257800E-1;1,322644E-1;1,182354E+0;;
02/12/2021  12:47:15,297263;1,138404E+0;1,337445E-1;1,170997E-1;1,180968E+0;;
02/12/2021  12:47:15,297363;1,135930E+0;1,433019E-1;1,253139E-1;1,179575E+0;;
02/12/2021  12:47:15,297463;1,135358E+0;9,965640E-2;1,035146E-1;1,178176E+0;;
02/12/2021  12:47:15,297563;1,135349E+0;1,241871E-1;1,227865E-1;1,176774E+0;;
02/12/2021  12:47:15,297663;1,134148E+0;1,350188E-1;1,354238E-1;1,175368E+0;;
02/12/2021  12:47:15,297763;1,133760E+0;1,324701E-1;1,231024E-1;1,173959E+0;;
02/12/2021  12:47:15,297863;1,132136E+0;1,162226E-1;1,231024E-1;1,172550E+0;;
02/12/2021  12:47:15,297963;1,132682E+0;1,280100E-1;1,189953E-1;1,171141E+0;;
02/12/2021  12:47:15,298063;1,133170E+0;1,509478E-1;1,467973E-1;1,169734E+0;;
02/12/2021  12:47:15,298163;1,132467E+0;1,334259E-1;1,332122E-1;1,168330E+0;;
02/12/2021  12:47:15,298263;1,131627E+0;1,324701E-1;1,291051E-1;1,166930E+0;;
02/12/2021  12:47:15,298363;1,129972E+0;1,241871E-1;1,259458E-1;1,165536E+0;;
02/12/2021  12:47:15,298463;1,129728E+0;1,331073E-1;1,310007E-1;1,164150E+0;;
02/12/2021  12:47:15,298563;1,129516E+0;1,700626E-1;1,885003E-1;1,162773E+0;;
02/12/2021  12:47:15,298663;1,129260E+0;1,311958E-1;1,303688E-1;1,161406E+0;;
02/12/2021  12:47:15,298763;1,127943E+0;1,417090E-1;9,656411E-2;1,160050E+0;;
02/12/2021  12:47:15,298863;1,126038E+0;1,248242E-1;1,136244E-1;1,158707E+0;;
02/12/2021  12:47:15,298963;1,126027E+0;1,362931E-1;1,325804E-1;1,157377E+0;;
02/12/2021  12:47:15,299063;1,125991E+0;1,079395E-1;1,306848E-1;1,156061E+0;;
02/12/2021  12:47:15,299163;1,125645E+0;1,235499E-1;1,281573E-1;1,154761E+0;;
02/12/2021  12:47:15,299263;1,124364E+0;1,203641E-1;1,297370E-1;1,153477E+0;;
02/12/2021  12:47:15,299363;1,122623E+0;1,216384E-1;1,186794E-1;1,152210E+0;;
02/12/2021  12:47:15,299463;1,122590E+0;1,340630E-1;1,401627E-1;1,150960E+0;;
02/12/2021  12:47:15,299563;1,122495E+0;1,149482E-1;1,234183E-1;1,149729E+0;;
02/12/2021  12:47:15,299663;1,122680E+0;1,238685E-1;1,300529E-1;1,148516E+0;;
02/12/2021  12:47:15,299763;1,121347E+0;1,238685E-1;1,404787E-1;1,147322E+0;;
02/12/2021  12:47:15,299863;1,120501E+0;1,404346E-1;1,433221E-1;1,146148E+0;;
02/12/2021  12:47:15,299963;1,120769E+0;1,324701E-1;1,411105E-1;1,144994E+0;;
02/12/2021  12:47:15,300063;1,121428E+0;1,388417E-1;1,370034E-1;1,143861E+0;;
02/12/2021  12:47:15,300163;1,120829E+0;1,448948E-1;1,354238E-1;1,142748E+0;;
02/12/2021  12:47:15,300263;1,120131E+0;1,305587E-1;1,202590E-1;1,141658E+0;;
02/12/2021  12:47:15,300363;1,119982E+0;1,337445E-1;1,328963E-1;1,140589E+0;;
02/12/2021  12:47:15,300463;1,120647E+0;1,280100E-1;1,303688E-1;1,139543E+0;;
02/12/2021  12:47:15,300563;1,121899E+0;1,241871E-1;1,316326E-1;1,138519E+0;;
02/12/2021  12:47:15,300663;1,122149E+0;1,101695E-1;1,231024E-1;1,137520E+0;;
02/12/2021  12:47:15,300763;1,122128E+0;1,499920E-1;1,423743E-1;1,136545E+0;;
02/12/2021  12:47:15,300863;1,122036E+0;1,331073E-1;1,265777E-1;1,135596E+0;;
02/12/2021  12:47:15,300963;1,123675E+0;1,194084E-1;1,306848E-1;1,134673E+0;;
02/12/2021  12:47:15,301063;1,124897E+0;1,337445E-1;1,316326E-1;1,133777E+0;;
02/12/2021  12:47:15,301163;1,125216E+0;1,375674E-1;1,351078E-1;1,132910E+0;;
02/12/2021  12:47:15,301263;1,124405E+0;1,292843E-1;1,363715E-1;1,132072E+0;;
02/12/2021  12:47:15,301363;1,124364E+0;1,178155E-1;1,145722E-1;1,131264E+0;;
02/12/2021  12:47:15,301463;1,125970E+0;1,159040E-1;1,512204E-1;1,130487E+0;;
02/12/2021  12:47:15,301563;1,126804E+0;1,429833E-1;1,426902E-1;1,129742E+0;;
02/12/2021  12:47:15,301663;1,126080E+0;1,257800E-1;1,249980E-1;1,129030E+0;;
02/12/2021  12:47:15,301763;1,124995E+0;1,232313E-1;1,303688E-1;1,128352E+0;;
02/12/2021  12:47:15,301863;1,125422E+0;1,225942E-1;1,278414E-1;1,127707E+0;;
02/12/2021  12:47:15,301963;1,126149E+0;1,248242E-1;1,208909E-1;1,127096E+0;;
02/12/2021  12:47:15,302063;1,126730E+0;1,251428E-1;1,294210E-1;1,126519E+0;;
02/12/2021  12:47:15,302163;1,126053E+0;1,155854E-1;1,148882E-1;1,125977E+0;;
02/12/2021  12:47:15,302263;1,125484E+0;1,050723E-1;1,170997E-1;1,125468E+0;;
02/12/2021  12:47:15,302363;1,126587E+0;9,073616E-2;1,066739E-1;1,124994E+0;;
02/12/2021  12:47:15,302463;1,127412E+0;1,181340E-1;1,183634E-1;1,124554E+0;;
02/12/2021  12:47:15,302563;1,128515E+0;1,184526E-1;1,205749E-1;1,124147E+0;;
02/12/2021  12:47:15,302663;1,128423E+0;1,108067E-1;1,170997E-1;1,123773E+0;;
02/12/2021  12:47:15,302763;1,128494E+0;1,002936E-1;1,142563E-1;1,123433E+0;;
02/12/2021  12:47:15,302863;1,130485E+0;1,159040E-1;1,294210E-1;1,123126E+0;;
02/12/2021  12:47:15,302963;1,132425E+0;1,582751E-1;1,992420E-1;1,122851E+0;;
02/12/2021  12:47:15,303063;1,134738E+0;8,054160E-2;8,297904E-2;1,122610E+0;;
02/12/2021  12:47:15,303163;1,135042E+0;-1,096507E-1;-6,429717E-3;1,122402E+0;;
02/12/2021  12:47:15,303263;1,134568E+0;1,022050E-1;1,148882E-1;1,122228E+0;;
02/12/2021  12:47:15,303363;1,137280E+0;2,224146E-2;5,770448E-2;1,122088E+0;;
02/12/2021  12:47:15,303463;1,139071E+0;8,978042E-2;1,177316E-1;1,121983E+0;;
02/12/2021  12:47:15,303563;1,140970E+0;9,997498E-2;1,088855E-1;1,121912E+0;;
02/12/2021  12:47:15,303663;1,141426E+0;1,993719E-1;2,042969E-1;1,121877E+0;;
02/12/2021  12:47:15,303763;1,142293E+0;9,806350E-2;1,262617E-1;1,121878E+0;;
02/12/2021  12:47:15,303863;1,144403E+0;1,050723E-1;1,262617E-1;1,121915E+0;;
02/12/2021  12:47:15,303963;1,146406E+0;1,222756E-1;1,313166E-1;1,121989E+0;;
02/12/2021  12:47:15,304063;1,147938E+0;1,311958E-1;1,357397E-1;1,122101E+0;;
02/12/2021  12:47:15,304163;1,147851E+0;1,280100E-1;9,719598E-2;1,122250E+0;;
02/12/2021  12:47:15,304263;1,148590E+0;1,783457E-1;1,565912E-1;1,122438E+0;;
02/12/2021  12:47:15,304363;1,150221E+0;1,907703E-1;1,663851E-1;1,122665E+0;;
02/12/2021  12:47:15,304463;1,152462E+0;1,640096E-1;1,439539E-1;1,122930E+0;;
02/12/2021  12:47:15,304563;1,153866E+0;1,726112E-1;1,578549E-1;1,123233E+0;;
02/12/2021  12:47:15,304663;1,154548E+0;1,789828E-1;1,524841E-1;1,123576E+0;;
02/12/2021  12:47:15,304763;1,155874E+0;9,041758E-2;1,414265E-1;1,123958E+0;;
02/12/2021  12:47:15,304863;1,157731E+0;1,378860E-1;1,347919E-1;1,124378E+0;;
02/12/2021  12:47:15,304963;1,159686E+0;1,324701E-1;1,316326E-1;1,124837E+0;;
02/12/2021  12:47:15,305063;1,161739E+0;1,487177E-1;1,515363E-1;1,125335E+0;;
02/12/2021  12:47:15,305163;1,161641E+0;1,394789E-1;1,695444E-1;1,125872E+0;;
02/12/2021  12:47:15,305263;1,162660E+0;1,111253E-1;1,199431E-1;1,126447E+0;;
02/12/2021  12:47:15,305363;1,165140E+0;1,359745E-1;1,768108E-1;1,127060E+0;;
02/12/2021  12:47:15,305463;1,167488E+0;1,159040E-1;1,237343E-1;1,127711E+0;;
02/12/2021  12:47:15,305563;1,168541E+0;1,213198E-1;1,256299E-1;1,128400E+0;;
02/12/2021  12:47:15,305663;1,169202E+0;1,327887E-1;1,344760E-1;1,129126E+0;;
02/12/2021  12:47:15,305763;1,170648E+0;1,350188E-1;1,335282E-1;1,129889E+0;;
02/12/2021  12:47:15,305863;1,172987E+0;1,085766E-1;1,098333E-1;1,130688E+0;;
02/12/2021  12:47:15,305963;1,174883E+0;1,327887E-1;1,366875E-1;1,131523E+0;;
02/12/2021  12:47:15,306063;1,175795E+0;1,219570E-1;1,139404E-1;1,132393E+0;;
02/12/2021  12:47:15,306163;1,175574E+0;1,187712E-1;1,120448E-1;1,133299E+0;;
02/12/2021  12:47:15,306263;1,175753E+0;7,193994E-2;7,981972E-2;1,134238E+0;;
02/12/2021  12:47:15,306363;1,177541E+0;1,487177E-1;1,559593E-1;1,135209E+0;;
02/12/2021  12:47:15,306463;1,178882E+0;1,490363E-1;1,392149E-1;1,136212E+0;;
02/12/2021  12:47:15,306563;1,179404E+0;1,133553E-1;1,205749E-1;1,137246E+0;;
02/12/2021  12:47:15,306663;1,179052E+0;1,181340E-1;1,227865E-1;1,138308E+0;;
02/12/2021  12:47:15,306763;1,179523E+0;1,270543E-1;1,208909E-1;1,139397E+0;;
02/12/2021  12:47:15,306863;1,182125E+0;1,302401E-1;1,199431E-1;1,140512E+0;;
02/12/2021  12:47:15,306963;1,183332E+0;1,174969E-1;1,218387E-1;1,141651E+0;;
02/12/2021  12:47:15,307063;1,183412E+0;1,171783E-1;1,193112E-1;1,142811E+0;;
02/12/2021  12:47:15,307163;1,183499E+0;1,311958E-1;1,354238E-1;1,143992E+0;;
02/12/2021  12:47:15,307263;1,185352E+0;1,187712E-1;1,284732E-1;1,145192E+0;;
02/12/2021  12:47:15,307363;1,187871E+0;1,917260E-1;2,200935E-1;1,146408E+0;;
02/12/2021  12:47:15,307463;1,189733E+0;1,085766E-1;1,044624E-1;1,147640E+0;;
02/12/2021  12:47:15,307563;1,190711E+0;8,659462E-2;1,057261E-1;1,148886E+0;;
02/12/2021  12:47:15,307663;1,192362E+0;1,292843E-1;1,411105E-1;1,150145E+0;;
02/12/2021  12:47:15,307763;1,194901E+0;1,206827E-1;1,518522E-1;1,151416E+0;;
02/12/2021  12:47:15,307863;1,196892E+0;1,302401E-1;1,388990E-1;1,152698E+0;;
02/12/2021  12:47:15,307963;1,198528E+0;1,060280E-1;1,152041E-1;1,153991E+0;;
02/12/2021  12:47:15,308063;1,199101E+0;1,353374E-1;1,562753E-1;1,155293E+0;;
02/12/2021  12:47:15,308163;1,199482E+0;1,324701E-1;1,335282E-1;1,156605E+0;;
02/12/2021  12:47:15,308263;1,201416E+0;1,117624E-1;1,050943E-1;1,157926E+0;;
02/12/2021  12:47:15,308363;1,202990E+0;1,174969E-1;1,234183E-1;1,159254E+0;;
02/12/2021  12:47:15,308463;1,203851E+0;1,426647E-1;1,335282E-1;1,160590E+0;;
02/12/2021  12:47:15,308563;1,204003E+0;1,436204E-1;1,452176E-1;1,161933E+0;;
02/12/2021  12:47:15,308663;1,204450E+0;1,178155E-1;1,240502E-1;1,163281E+0;;
02/12/2021  12:47:15,308763;1,205633E+0;1,257800E-1;1,300529E-1;1,164634E+0;;
02/12/2021  12:47:15,308863;1,207568E+0;1,206827E-1;1,234183E-1;1,165991E+0;;
02/12/2021  12:47:15,308963;1,207594E+0;1,127182E-1;1,676488E-1;1,167351E+0;;
02/12/2021  12:47:15,309063;1,208143E+0;1,286472E-1;1,259458E-1;1,168713E+0;;
02/12/2021  12:47:15,309163;1,208697E+0;1,264171E-1;1,278414E-1;1,170076E+0;;
02/12/2021  12:47:15,309263;1,210354E+0;1,139925E-1;1,076217E-1;1,171439E+0;;
02/12/2021  12:47:15,309363;1,212312E+0;1,034794E-1;1,120448E-1;1,172801E+0;;
02/12/2021  12:47:15,309463;1,213173E+0;1,200455E-1;1,458495E-1;1,174161E+0;;
02/12/2021  12:47:15,309563;1,213209E+0;1,321516E-1;1,313166E-1;1,175518E+0;;
02/12/2021  12:47:15,309663;1,214231E+0;1,092138E-1;1,114129E-1;1,176871E+0;;
02/12/2021  12:47:15,309763;1,215030E+0;1,238685E-1;1,430061E-1;1,178220E+0;;
02/12/2021  12:47:15,309863;1,216282E+0;1,302401E-1;1,297370E-1;1,179564E+0;;
02/12/2021  12:47:15,309963;1,216684E+0;1,334259E-1;1,341600E-1;1,180902E+0;;
02/12/2021  12:47:15,310063;1,216198E+0;1,178155E-1;1,316326E-1;1,182232E+0;;
02/12/2021  12:47:15,310163;1,216386E+0;9,009900E-2;1,016190E-1;1,183556E+0;;
02/12/2021  12:47:15,310263;1,217495E+0;1,423461E-1;1,208909E-1;1,184870E+0;;
02/12/2021  12:47:15,310363;1,218157E+0;1,382046E-1;1,354238E-1;1,186174E+0;;
02/12/2021  12:47:15,310463;1,217653E+0;1,229127E-1;1,328963E-1;1,187468E+0;;
02/12/2021  12:47:15,310563;1,216887E+0;1,350188E-1;1,414265E-1;1,188749E+0;;
02/12/2021  12:47:15,310663;1,217915E+0;1,388417E-1;1,310007E-1;1,190017E+0;;
02/12/2021  12:47:15,310763;1,218917E+0;1,187712E-1;1,123607E-1;1,191271E+0;;
02/12/2021  12:47:15,310863;1,219545E+0;1,238685E-1;1,253139E-1;1,192509E+0;;
02/12/2021  12:47:15,310963;1,219796E+0;1,315144E-1;1,291051E-1;1,193730E+0;;
02/12/2021  12:47:15,311063;1,218514E+0;1,273729E-1;1,310007E-1;1,194934E+0;;
02/12/2021  12:47:15,311163;1,218911E+0;1,165411E-1;1,215227E-1;1,196119E+0;;
02/12/2021  12:47:15,311263;1,219858E+0;1,324701E-1;1,183634E-1;1,197285E+0;;
02/12/2021  12:47:15,311363;1,219975E+0;1,149482E-1;1,218387E-1;1,198429E+0;;
02/12/2021  12:47:15,311463;1,219417E+0;1,111253E-1;1,227865E-1;1,199552E+0;;
02/12/2021  12:47:15,311563;1,218794E+0;1,276914E-1;1,322644E-1;1,200652E+0;;
02/12/2021  12:47:15,311663;1,219182E+0;1,369303E-1;1,306848E-1;1,201728E+0;;
02/12/2021  12:47:15,311763;1,219238E+0;9,424054E-2;1,657532E-1;1,202780E+0;;
02/12/2021  12:47:15,311863;1,219206E+0;1,232313E-1;1,101492E-1;1,203806E+0;;
02/12/2021  12:47:15,311963;1,218142E+0;1,270543E-1;9,340479E-2;1,204805E+0;;
02/12/2021  12:47:15,312063;1,217024E+0;1,378860E-1;1,208909E-1;1,205777E+0;;
02/12/2021  12:47:15,312163;1,216488E+0;1,050723E-1;1,325804E-1;1,206720E+0;;
02/12/2021  12:47:15,312263;1,216738E+0;1,146297E-1;1,316326E-1;1,207634E+0;;
02/12/2021  12:47:15,312363;1,216768E+0;1,241871E-1;1,186794E-1;1,208517E+0;;
02/12/2021  12:47:15,312463;1,215775E+0;1,429833E-1;1,423743E-1;1,209368E+0;;
02/12/2021  12:47:15,312563;1,215397E+0;1,254614E-1;1,246821E-1;1,210186E+0;;
02/12/2021  12:47:15,312663;1,215480E+0;1,347002E-1;1,268936E-1;1,210971E+0;;
02/12/2021  12:47:15,312763;1,216610E+0;1,369303E-1;1,303688E-1;1,211722E+0;;
02/12/2021  12:47:15,312863;1,215743E+0;1,289658E-1;1,322644E-1;1,212438E+0;;
02/12/2021  12:47:15,312963;1,214550E+0;1,222756E-1;1,322644E-1;1,213120E+0;;
02/12/2021  12:47:15,313063;1,213960E+0;1,181340E-1;1,114129E-1;1,213766E+0;;
02/12/2021  12:47:15,313163;1,214348E+0;1,127182E-1;1,041465E-1;1,214376E+0;;
02/12/2021  12:47:15,313263;1,214050E+0;1,216384E-1;1,249980E-1;1,214950E+0;;
02/12/2021  12:47:15,313363;1,213492E+0;1,401161E-1;1,366875E-1;1,215489E+0;;
02/12/2021  12:47:15,313463;1,212223E+0;1,047537E-1;1,009872E-1;1,215991E+0;;
02/12/2021  12:47:15,313563;1,211037E+0;1,018865E-1;1,161519E-1;1,216456E+0;;
02/12/2021  12:47:15,313663;1,210008E+0;7,735580E-2;1,199431E-1;1,216885E+0;;
02/12/2021  12:47:15,313763;1,210053E+0;1,283286E-1;1,351078E-1;1,217278E+0;;
02/12/2021  12:47:15,313863;1,209368E+0;1,206827E-1;1,417424E-1;1,217633E+0;;
02/12/2021  12:47:15,313963;1,206134E+0;1,060280E-1;1,022509E-1;1,217951E+0;;
02/12/2021  12:47:15,314063;1,205505E+0;1,286472E-1;1,237343E-1;1,218231E+0;;
02/12/2021  12:47:15,314163;1,205300E+0;1,538150E-1;1,038306E-1;1,218474E+0;;
02/12/2021  12:47:15,314263;1,204358E+0;1,382046E-1;1,373193E-1;1,218678E+0;;
02/12/2021  12:47:15,314363;1,203291E+0;1,362931E-1;1,411105E-1;1,218844E+0;;
02/12/2021  12:47:15,314463;1,201345E+0;1,232313E-1;1,249980E-1;1,218971E+0;;
02/12/2021  12:47:15,314563;1,200299E+0;1,152668E-1;1,243661E-1;1,219059E+0;;
02/12/2021  12:47:15,314663;1,200337E+0;1,028422E-1;1,050943E-1;1,219108E+0;;
02/12/2021  12:47:15,314763;1,199521E+0;1,229127E-1;1,221546E-1;1,219118E+0;;
02/12/2021  12:47:15,314863;1,198355E+0;1,108067E-1;9,372073E-2;1,219088E+0;;
02/12/2021  12:47:15,314963;1,196934E+0;9,424054E-2;9,245700E-2;1,219020E+0;;
02/12/2021  12:47:15,315063;1,196269E+0;9,551486E-2;9,403666E-2;1,218912E+0;;
02/12/2021  12:47:15,315163;1,196746E+0;4,645354E-2;4,822652E-2;1,218766E+0;;
02/12/2021  12:47:15,315263;1,196800E+0;9,647060E-2;1,073058E-1;1,218581E+0;;
02/12/2021  12:47:15,315363;1,195667E+0;9,551486E-2;1,016190E-1;1,218359E+0;;
02/12/2021  12:47:15,315463;1,194436E+0;1,034794E-1;1,133085E-1;1,218101E+0;;
02/12/2021  12:47:15,315563;1,194040E+0;1,143111E-1;9,498445E-2;1,217806E+0;;
02/12/2021  12:47:15,315663;1,193962E+0;8,850610E-2;9,340479E-2;1,217477E+0;;
02/12/2021  12:47:15,315763;1,194010E+0;9,392196E-2;1,129926E-1;1,217114E+0;;
02/12/2021  12:47:15,315863;1,191963E+0;8,054160E-2;9,214107E-2;1,216718E+0;;
02/12/2021  12:47:15,315963;1,190410E+0;1,025236E-1;1,177316E-1;1,216291E+0;;
02/12/2021  12:47:15,316063;1,189105E+0;9,201048E-2;1,063580E-1;1,215833E+0;;
02/12/2021  12:47:15,316163;1,188321E+0;9,551486E-2;1,155200E-1;1,215346E+0;;
02/12/2021  12:47:15,316263;1,186917E+0;8,914326E-2;1,044624E-1;1,214830E+0;;
02/12/2021  12:47:15,316363;1,184160E+0;9,806350E-2;1,186794E-1;1,214286E+0;;
02/12/2021  12:47:15,316463;1,182000E+0;1,197269E-1;1,170997E-1;1,213715E+0;;
02/12/2021  12:47:15,316563;1,181243E+0;1,117624E-1;1,218387E-1;1,213116E+0;;
02/12/2021  12:47:15,316663;1,180164E+0;1,114439E-1;1,376353E-1;1,212491E+0;;
02/12/2021  12:47:15,316763;1,178945E+0;1,200455E-1;1,373193E-1;1,211839E+0;;
02/12/2021  12:47:15,316863;1,176641E+0;1,372488E-1;1,515363E-1;1,211161E+0;;
02/12/2021  12:47:15,316963;1,174826E+0;1,229127E-1;1,180475E-1;1,210457E+0;;
02/12/2021  12:47:15,317063;1,174322E+0;1,143111E-1;1,439539E-1;1,209728E+0;;
02/12/2021  12:47:15,317163;1,174036E+0;1,525407E-1;1,363715E-1;1,208972E+0;;
02/12/2021  12:47:15,317263;1,172957E+0;1,624167E-1;1,442698E-1;1,208192E+0;;
02/12/2021  12:47:15,317363;1,171765E+0;1,678325E-1;1,490088E-1;1,207387E+0;;
02/12/2021  12:47:15,317463;1,170111E+0;1,681511E-1;1,496407E-1;1,206558E+0;;
02/12/2021  12:47:15,317563;1,170052E+0;1,675139E-1;1,613302E-1;1,205706E+0;;
02/12/2021  12:47:15,317663;1,169676E+0;1,767528E-1;1,616461E-1;1,204830E+0;;
02/12/2021  12:47:15,317763;1,168633E+0;1,366117E-1;1,316326E-1;1,203934E+0;;
02/12/2021  12:47:15,317863;1,166612E+0;1,445762E-1;1,227865E-1;1,203016E+0;;
02/12/2021  12:47:15,317963;1,164988E+0;1,241871E-1;1,253139E-1;1,202078E+0;;
02/12/2021  12:47:15,318063;1,164511E+0;1,248242E-1;1,180475E-1;1,201121E+0;;
02/12/2021  12:47:15,318163;1,163850E+0;1,455319E-1;1,471132E-1;1,200146E+0;;
02/12/2021  12:47:15,318263;1,162842E+0;1,296029E-1;1,297370E-1;1,199154E+0;;
02/12/2021  12:47:15,318363;1,160547E+0;1,181340E-1;1,104651E-1;1,198145E+0;;
02/12/2021  12:47:15,318463;1,159483E+0;1,082581E-1;1,155200E-1;1,197120E+0;;
02/12/2021  12:47:15,318563;1,159501E+0;1,315144E-1;1,739675E-1;1,196080E+0;;
02/12/2021  12:47:15,318663;1,158983E+0;1,353374E-1;1,360556E-1;1,195026E+0;;
02/12/2021  12:47:15,318763;1,158354E+0;1,324701E-1;1,328963E-1;1,193959E+0;;
02/12/2021  12:47:15,318863;1,156572E+0;1,251428E-1;1,407946E-1;1,192880E+0;;
02/12/2021  12:47:15,318963;1,156244E+0;1,082581E-1;1,205749E-1;1,191790E+0;;
02/12/2021  12:47:15,319063;1,156619E+0;1,362931E-1;1,486929E-1;1,190690E+0;;
02/12/2021  12:47:15,319163;1,155898E+0;1,143111E-1;1,246821E-1;1,189581E+0;;
02/12/2021  12:47:15,319263;1,155639E+0;1,238685E-1;1,246821E-1;1,188465E+0;;
02/12/2021  12:47:15,319363;1,154816E+0;1,108067E-1;1,076217E-1;1,187343E+0;;
02/12/2021  12:47:15,319463;1,154798E+0;1,276914E-1;1,294210E-1;1,186216E+0;;
02/12/2021  12:47:15,319563;1,155153E+0;1,197269E-1;1,158360E-1;1,185087E+0;;
02/12/2021  12:47:15,319663;1,183326E+0;1,174969E-1;1,180475E-1;1,183956E+0;;
02/12/2021  12:47:15,319763;1,182685E+0;1,155854E-1;1,328963E-1;1,182830E+0;;
02/12/2021  12:47:15,319863;1,181207E+0;1,213198E-1;1,294210E-1;1,181715E+0;;
02/12/2021  12:47:15,319963;1,180506E+0;1,311958E-1;1,360556E-1;1,180618E+0;;
02/12/2021  12:47:15,320063;1,179740E+0;1,229127E-1;1,265777E-1;1,179545E+0;;
02/12/2021  12:47:15,320163;1,179216E+0;1,187712E-1;1,268936E-1;1,178501E+0;;
02/12/2021  12:47:15,320263;1,178516E+0;1,382046E-1;1,373193E-1;1,177491E+0;;
02/12/2021  12:47:15,320363;1,176373E+0;1,168597E-1;1,240502E-1;1,176517E+0;;
02/12/2021  12:47:15,320463;1,175955E+0;1,108067E-1;1,297370E-1;1,175584E+0;;
02/12/2021  12:47:15,320563;1,175127E+0;8,914326E-2;1,202590E-1;1,174694E+0;;
02/12/2021  12:47:15,320663;1,175407E+0;1,372488E-1;1,388990E-1;1,173847E+0;;
02/12/2021  12:47:15,320763;1,174361E+0;1,499920E-1;1,534319E-1;1,173046E+0;;
02/12/2021  12:47:15,320863;1,173011E+0;1,050723E-1;1,164678E-1;1,172291E+0;;
02/12/2021  12:47:15,320963;1,173252E+0;1,206827E-1;1,212068E-1;1,171583E+0;;
02/12/2021  12:47:15,321063;1,172743E+0;9,232906E-2;8,266311E-2;1,170921E+0;;
02/12/2021  12:47:15,321163;1,172418E+0;1,372488E-1;1,284732E-1;1,170306E+0;;
02/12/2021  12:47:15,321263;1,172138E+0;1,232313E-1;1,303688E-1;1,169737E+0;;
02/12/2021  12:47:15,321363;1,170600E+0;1,206827E-1;1,313166E-1;1,169214E+0;;
02/12/2021  12:47:15,321463;1,170859E+0;1,238685E-1;1,148882E-1;1,168734E+0;;
02/12/2021  12:47:15,321563;1,170385E+0;8,213450E-2;7,602853E-2;1,168298E+0;;
02/12/2021  12:47:15,321663;1,170311E+0;1,213198E-1;1,259458E-1;1,167904E+0;;
02/12/2021  12:47:15,321763;1,169822E+0;1,267357E-1;1,322644E-1;1,167549E+0;;
02/12/2021  12:47:15,321863;1,168549E+0;1,289658E-1;1,265777E-1;1,167234E+0;;
02/12/2021  12:47:15,321963;1,168660E+0;1,292843E-1;1,256299E-1;1,166955E+0;;
02/12/2021  12:47:15,322063;1,168055E+0;1,404346E-1;1,275255E-1;1,166711E+0;;
02/12/2021  12:47:15,322163;1,168335E+0;1,324701E-1;1,249980E-1;1,166500E+0;;
02/12/2021  12:47:15,322263;1,167941E+0;1,149482E-1;1,180475E-1;1,166320E+0;;
02/12/2021  12:47:15,322363;1,166270E+0;1,302401E-1;1,332122E-1;1,166169E+0;;
02/12/2021  12:47:15,322463;1,166195E+0;1,531778E-1;1,638576E-1;1,166045E+0;;
02/12/2021  12:47:15,322563;1,166386E+0;5,569236E-2;1,013031E-1;1,165946E+0;;
02/12/2021  12:47:15,322663;1,166559E+0;1,267357E-1;1,310007E-1;1,165869E+0;;
02/12/2021  12:47:15,322763;1,166672E+0;1,340630E-1;1,300529E-1;1,165814E+0;;
02/12/2021  12:47:15,322863;1,165873E+0;1,407532E-1;1,202590E-1;1,165776E+0;;
02/12/2021  12:47:15,322963;1,165602E+0;1,123996E-1;1,212068E-1;1,165756E+0;;
02/12/2021  12:47:15,323063;1,166225E+0;1,229127E-1;1,461654E-1;1,165751E+0;;
02/12/2021  12:47:15,323163;1,166466E+0;1,241871E-1;1,180475E-1;1,165760E+0;;
02/12/2021  12:47:15,323263;1,165378E+0;1,442576E-1;1,546956E-1;1,165780E+0;;
02/12/2021  12:47:15,323363;1,165122E+0;1,512664E-1;1,723878E-1;1,165811E+0;;
02/12/2021  12:47:15,323463;1,165057E+0;1,359745E-1;1,341600E-1;1,165850E+0;;
02/12/2021  12:47:15,323563;1,165977E+0;1,362931E-1;1,291051E-1;1,165897E+0;;
02/12/2021  12:47:15,323663;1,166273E+0;1,299215E-1;1,294210E-1;1,165950E+0;;
02/12/2021  12:47:15,323763;1,165682E+0;1,337445E-1;1,338441E-1;1,166007E+0;;
02/12/2021  12:47:15,323863;1,165358E+0;1,245056E-1;1,294210E-1;1,166069E+0;;
02/12/2021  12:47:15,323963;1,166216E+0;1,299215E-1;1,341600E-1;1,166134E+0;;
02/12/2021  12:47:15,324063;1,167149E+0;1,337445E-1;1,344760E-1;1,166200E+0;;
02/12/2021  12:47:15,324163;1,167408E+0;1,417090E-1;1,407946E-1;1,166268E+0;;
02/12/2021  12:47:15,324263;1,167804E+0;1,461691E-1;1,382671E-1;1,166337E+0;;
02/12/2021  12:47:15,324363;1,168242E+0;1,292843E-1;1,310007E-1;1,166407E+0;;
02/12/2021  12:47:15,324463;1,169220E+0;1,366117E-1;1,253139E-1;1,166477E+0;;
02/12/2021  12:47:15,324563;1,170096E+0;1,257800E-1;1,294210E-1;1,166547E+0;;
02/12/2021  12:47:15,324663;1,171542E+0;1,321516E-1;1,294210E-1;1,166619E+0;;
02/12/2021  12:47:15,324763;1,171336E+0;8,436456E-2;9,308886E-2;1,166691E+0;;
02/12/2021  12:47:15,324863;1,172370E+0;1,327887E-1;1,455336E-1;1,166764E+0;;
02/12/2021  12:47:15,324963;1,173470E+0;1,225942E-1;1,189953E-1;1,166840E+0;;
02/12/2021  12:47:15,325063;1,174465E+0;1,315144E-1;1,303688E-1;1,166918E+0;;
02/12/2021  12:47:15,325163;1,175675E+0;1,318330E-1;1,392149E-1;1,166999E+0;;
02/12/2021  12:47:15,325263;1,175669E+0;1,296029E-1;1,496407E-1;1,167085E+0;;
02/12/2021  12:47:15,325363;1,176051E+0;1,315144E-1;1,278414E-1;1,167176E+0;;
02/12/2021  12:47:15,325463;1,176811E+0;1,506292E-1;1,332122E-1;1,167272E+0;;
02/12/2021  12:47:15,325563;1,177860E+0;1,401161E-1;1,332122E-1;1,167375E+0;;
02/12/2021  12:47:15,325663;1,178942E+0;1,394789E-1;1,294210E-1;1,167486E+0;;
02/12/2021  12:47:15,325763;1,178232E+0;1,257800E-1;1,284732E-1;1,167605E+0;;
02/12/2021  12:47:15,325863;1,179603E+0;1,636910E-1;1,445858E-1;1,167732E+0;;
02/12/2021  12:47:15,325963;1,180512E+0;1,531778E-1;1,338441E-1;1,167870E+0;;
02/12/2021  12:47:15,326063;1,181091E+0;1,343816E-1;1,306848E-1;1,168017E+0;;
02/12/2021  12:47:15,326163;1,181499E+0;1,270543E-1;1,322644E-1;1,168176E+0;;
02/12/2021  12:47:15,326263;1,180942E+0;1,315144E-1;1,430061E-1;1,168346E+0;;
02/12/2021  12:47:15,326363;1,181332E+0;1,324701E-1;1,180475E-1;1,168528E+0;;
02/12/2021  12:47:15,326463;1,181985E+0;1,092138E-1;1,155200E-1;1,168722E+0;;
02/12/2021  12:47:15,326563;1,182965E+0;1,063466E-1;1,088855E-1;1,168929E+0;;
02/12/2021  12:47:15,326663;1,183525E+0;1,174969E-1;1,148882E-1;1,169148E+0;;
02/12/2021  12:47:15,326763;1,183353E+0;1,254614E-1;1,357397E-1;1,169380E+0;;
02/12/2021  12:47:15,326863;1,183138E+0;1,292843E-1;1,272095E-1;1,169625E+0;;
02/12/2021  12:47:15,326963;1,183692E+0;1,487177E-1;1,556434E-1;1,169882E+0;;
02/12/2021  12:47:15,327063;1,184241E+0;1,057094E-1;1,126766E-1;1,170152E+0;;
02/12/2021  12:47:15,327163;1,184080E+0;1,047537E-1;1,199431E-1;1,170434E+0;;
02/12/2021  12:47:15,327263;1,183272E+0;9,647060E-2;8,550650E-2;1,170728E+0;;
02/12/2021  12:47:15,327363;1,183373E+0;1,012493E-1;1,019350E-1;1,171033E+0;;
02/12/2021  12:47:15,327463;1,183427E+0;9,742634E-2;1,231024E-1;1,171349E+0;;
02/12/2021  12:47:15,327563;1,184241E+0;8,946184E-2;9,845971E-2;1,171675E+0;;
02/12/2021  12:47:15,327663;1,184265E+0;1,353374E-1;1,373193E-1;1,172010E+0;;
02/12/2021  12:47:15,327763;1,183338E+0;1,060280E-1;1,104651E-1;1,172353E+0;;
02/12/2021  12:47:15,327863;1,183740E+0;9,519628E-2;1,123607E-1;1,172705E+0;;
02/12/2021  12:47:15,327963;1,184569E+0;1,022050E-1;1,117289E-1;1,173063E+0;;
02/12/2021  12:47:15,328063;1,184735E+0;9,742634E-2;1,085695E-1;1,173427E+0;;
02/12/2021  12:47:15,328163;1,183764E+0;1,499920E-1;1,667010E-1;1,173796E+0;;
02/12/2021  12:47:15,328263;1,183284E+0;1,165411E-1;1,167838E-1;1,174169E+0;;
02/12/2021  12:47:15,328363;1,183066E+0;1,245056E-1;1,322644E-1;1,174546E+0;;
02/12/2021  12:47:15,328463;1,183978E+0;1,477620E-1;1,439539E-1;1,174925E+0;;
02/12/2021  12:47:15,328563;1,184041E+0;1,340630E-1;1,360556E-1;1,175304E+0;;
02/12/2021  12:47:15,328663;1,183189E+0;1,503106E-1;1,449017E-1;1,175685E+0;;
02/12/2021  12:47:15,328763;1,183466E+0;1,601866E-1;1,335282E-1;1,176064E+0;;
02/12/2021  12:47:15,328863;1,184181E+0;1,649653E-1;1,543797E-1;1,176442E+0;;
02/12/2021  12:47:15,328963;1,184247E+0;1,761156E-1;1,584868E-1;1,176817E+0;;
02/12/2021  12:47:15,329063;1,183907E+0;1,821686E-1;1,648054E-1;1,177189E+0;;
02/12/2021  12:47:15,329163;1,183031E+0;1,714418E-2;6,149566E-2;1,177557E+0;;
02/12/2021  12:47:15,329263;1,182661E+0;1,350188E-1;1,584868E-1;1,177920E+0;;
02/12/2021  12:47:15,329363;1,182992E+0;1,308772E-1;1,578549E-1;1,178277E+0;;
02/12/2021  12:47:15,329463;1,182524E+0;1,362931E-1;1,316326E-1;1,178627E+0;;
02/12/2021  12:47:15,329563;1,183394E+0;1,407532E-1;1,512204E-1;1,178971E+0;;
02/12/2021  12:47:15,329663;1,182077E+0;-5,914200E-5;8,898175E-2;1,179306E+0;;
02/12/2021  12:47:15,329763;1,181183E+0;1,407532E-1;1,310007E-1;1,179632E+0;;
02/12/2021  12:47:15,329863;1,181553E+0;1,012493E-1;7,128955E-2;1,179948E+0;;
02/12/2021  12:47:15,329963;1,181985E+0;1,190898E-1;1,278414E-1;1,180254E+0;;
02/12/2021  12:47:15,330063;1,181836E+0;1,098510E-1;1,234183E-1;1,180549E+0;;
02/12/2021  12:47:15,330163;1,181314E+0;2,096714E-2;6,117973E-2;1,180832E+0;;
02/12/2021  12:47:15,330263;1,181535E+0;1,155854E-1;1,079377E-1;1,181103E+0;;
02/12/2021  12:47:15,330363;1,181880E+0;8,978042E-2;7,634447E-2;1,181362E+0;;
02/12/2021  12:47:15,330463;1,182670E+0;1,117624E-1;1,259458E-1;1,181607E+0;;
02/12/2021  12:47:15,330563;1,182661E+0;1,232313E-1;1,237343E-1;1,181839E+0;;
02/12/2021  12:47:15,330663;1,182250E+0;1,174969E-1;1,253139E-1;1,182059E+0;;
02/12/2021  12:47:15,330763;1,182795E+0;1,337445E-1;1,136244E-1;1,182265E+0;;
02/12/2021  12:47:15,330863;1,183850E+0;1,203641E-1;1,142563E-1;1,182458E+0;;
02/12/2021  12:47:15,330963;1,183937E+0;1,216384E-1;1,234183E-1;1,182639E+0;;
02/12/2021  12:47:15,331063;1,184306E+0;1,280100E-1;1,341600E-1;1,182808E+0;;
02/12/2021  12:47:15,331163;1,183382E+0;1,385232E-1;1,351078E-1;1,182965E+0;;
02/12/2021  12:47:15,331263;1,184008E+0;1,350188E-1;1,268936E-1;1,183111E+0;;
02/12/2021  12:47:15,331363;1,184348E+0;1,171783E-1;1,158360E-1;1,183246E+0;;
02/12/2021  12:47:15,331463;1,184718E+0;1,225942E-1;1,281573E-1;1,183370E+0;;
02/12/2021  12:47:15,331563;1,184196E+0;1,299215E-1;1,351078E-1;1,183485E+0;;
02/12/2021  12:47:15,331663;1,184011E+0;1,104881E-1;1,076217E-1;1,183591E+0;;
02/12/2021  12:47:15,331763;1,183946E+0;1,187712E-1;1,183634E-1;1,183688E+0;;
02/12/2021  12:47:15,331863;1,184181E+0;1,350188E-1;1,546956E-1;1,183777E+0;;
02/12/2021  12:47:15,331963;1,184393E+0;1,417090E-1;1,287892E-1;1,183857E+0;;
02/12/2021  12:47:15,332063;1,183344E+0;9,901924E-2;9,340479E-2;1,183931E+0;;
02/12/2021  12:47:15,332163;1,182777E+0;1,331073E-1;1,518522E-1;1,183997E+0;;
02/12/2021  12:47:15,332263;1,182447E+0;1,362931E-1;1,445858E-1;1,184056E+0;;
02/12/2021  12:47:15,332363;1,183436E+0;1,168597E-1;1,303688E-1;1,184108E+0;;
02/12/2021  12:47:15,332463;1,183072E+0;1,257800E-1;1,262617E-1;1,184153E+0;;
02/12/2021  12:47:15,332563;1,182175E+0;1,343816E-1;1,303688E-1;1,184191E+0;;
02/12/2021  12:47:15,332663;1,181675E+0;1,321516E-1;1,275255E-1;1,184224E+0;;
02/12/2021  12:47:15,332763;1,182125E+0;1,079395E-1;1,351078E-1;1,184249E+0;;
02/12/2021  12:47:15,332863;1,182074E+0;1,280100E-1;1,351078E-1;1,184269E+0;;
02/12/2021  12:47:15,332963;1,181731E+0;1,184526E-1;1,281573E-1;1,184282E+0;;
02/12/2021  12:47:15,333063;1,180837E+0;6,556834E-2;6,117973E-2;1,184289E+0;;
02/12/2021  12:47:15,333163;1,179594E+0;1,139925E-1;1,212068E-1;1,184290E+0;;
02/12/2021  12:47:15,333263;1,179383E+0;1,311958E-1;1,366875E-1;1,184284E+0;;
02/12/2021  12:47:15,333363;1,178995E+0;1,347002E-1;1,300529E-1;1,184271E+0;;
02/12/2021  12:47:15,333463;1,178650E+0;1,174969E-1;1,240502E-1;1,184252E+0;;
02/12/2021  12:47:15,333563;1,177645E+0;8,086018E-2;8,866581E-2;1,184225E+0;;
02/12/2021  12:47:15,333663;1,176575E+0;1,171783E-1;1,360556E-1;1,184190E+0;;
02/12/2021  12:47:15,333763;1,176277E+0;8,086018E-2;1,272095E-1;1,184147E+0;;
02/12/2021  12:47:15,333863;1,175753E+0;1,171783E-1;1,265777E-1;1,184095E+0;;
02/12/2021  12:47:15,333963;1,174975E+0;1,159040E-1;1,155200E-1;1,184035E+0;;
02/12/2021  12:47:15,334063;1,172933E+0;1,088952E-1;1,174156E-1;1,183964E+0;;
02/12/2021  12:47:15,334163;1,172555E+0;1,388417E-1;1,347919E-1;1,183883E+0;;
02/12/2021  12:47:15,334263;1,172731E+0;1,251428E-1;1,430061E-1;1,183791E+0;;
02/12/2021  12:47:15,334363;1,173050E+0;1,152668E-1;1,268936E-1;1,183688E+0;;
02/12/2021  12:47:15,334463;1,172108E+0;1,171783E-1;1,278414E-1;1,183572E+0;;
02/12/2021  12:47:15,334563;1,171220E+0;4,677212E-2;9,340479E-2;1,183443E+0;;
02/12/2021  12:47:15,334663;1,171077E+0;1,315144E-1;1,303688E-1;1,183302E+0;;
02/12/2021  12:47:15,334763;1,171795E+0;1,222756E-1;9,087734E-2;1,183148E+0;;
02/12/2021  12:47:15,334863;1,171479E+0;1,114439E-1;1,212068E-1;1,182981E+0;;
02/12/2021  12:47:15,334963;1,171637E+0;1,219570E-1;1,107811E-1;1,182801E+0;;
02/12/2021  12:47:15,335063;1,170633E+0;1,267357E-1;1,205749E-1;1,182609E+0;;
02/12/2021  12:47:15,335163;1,170579E+0;1,222756E-1;1,177316E-1;1,182403E+0;;
02/12/2021  12:47:15,335263;1,170940E+0;-6,963020E-4;5,075397E-2;1,182186E+0;;
02/12/2021  12:47:15,335363;1,171113E+0;1,187712E-1;1,303688E-1;1,181956E+0;;
02/12/2021  12:47:15,335463;1,171053E+0;1,340630E-1;1,347919E-1;1,181715E+0;;
02/12/2021  12:47:15,335563;1,169607E+0;1,082581E-1;1,139404E-1;1,181464E+0;;
02/12/2021  12:47:15,335663;1,170728E+0;1,108067E-1;1,069899E-1;1,181202E+0;;
02/12/2021  12:47:15,335763;1,170958E+0;1,206827E-1;1,142563E-1;1,180930E+0;;
02/12/2021  12:47:15,335863;1,171121E+0;8,914326E-2;6,339125E-2;1,180650E+0;;
02/12/2021  12:47:15,335963;1,170272E+0;1,347002E-1;1,303688E-1;1,180361E+0;;
02/12/2021  12:47:15,336063;1,169807E+0;1,267357E-1;1,234183E-1;1,180065E+0;;
02/12/2021  12:47:15,336163;1,170510E+0;1,232313E-1;1,215227E-1;1,179763E+0;;
02/12/2021  12:47:15,336263;1,170320E+0;1,101695E-1;1,464814E-1;1,179455E+0;;
02/12/2021  12:47:15,336363;1,170800E+0;1,181340E-1;1,117289E-1;1,179142E+0;;
02/12/2021  12:47:15,336463;1,170397E+0;1,143111E-1;1,189953E-1;1,178825E+0;;
02/12/2021  12:47:15,336563;1,169512E+0;1,423461E-1;1,452176E-1;1,178504E+0;;
02/12/2021  12:47:15,336663;1,170093E+0;9,678918E-2;1,158360E-1;1,178181E+0;;
02/12/2021  12:47:15,336763;1,170853E+0;1,302401E-1;1,445858E-1;1,177856E+0;;
02/12/2021  12:47:15,336863;1,170209E+0;1,305587E-1;1,316326E-1;1,177530E+0;;
02/12/2021  12:47:15,336963;1,169676E+0;1,022050E-1;1,208909E-1;1,177205E+0;;
02/12/2021  12:47:15,337063;1,168690E+0;1,073023E-1;1,082536E-1;1,176879E+0;;
02/12/2021  12:47:15,337163;1,168821E+0;1,213198E-1;1,126766E-1;1,176555E+0;;
02/12/2021  12:47:15,337263;1,169354E+0;1,372488E-1;1,335282E-1;1,176233E+0;;
02/12/2021  12:47:15,337363;1,168940E+0;1,283286E-1;1,215227E-1;1,175912E+0;;
02/12/2021  12:47:15,337463;1,167590E+0;1,149482E-1;1,202590E-1;1,175594E+0;;
02/12/2021  12:47:15,337563;1,166207E+0;1,369303E-1;1,370034E-1;1,175279E+0;;
02/12/2021  12:47:15,337663;1,166642E+0;1,216384E-1;1,319485E-1;1,174967E+0;;
02/12/2021  12:47:15,337763;1,166529E+0;1,187712E-1;1,174156E-1;1,174657E+0;;
02/12/2021  12:47:15,337863;1,166007E+0;1,267357E-1;1,499566E-1;1,174350E+0;;
02/12/2021  12:47:15,337963;1,164833E+0;1,280100E-1;1,186794E-1;1,174047E+0;;
02/12/2021  12:47:15,338063;1,163981E+0;1,318330E-1;1,332122E-1;1,173746E+0;;
02/12/2021  12:47:15,338163;1,164088E+0;1,506292E-1;1,430061E-1;1,173447E+0;;
02/12/2021  12:47:15,338263;1,164875E+0;1,407532E-1;1,316326E-1;1,173151E+0;;
02/12/2021  12:47:15,338363;1,164621E+0;1,168597E-1;1,246821E-1;1,172857E+0;;
02/12/2021  12:47:15,338463;1,163203E+0;1,404346E-1;1,641736E-1;1,172564E+0;;
02/12/2021  12:47:15,338563;1,163084E+0;1,334259E-1;1,300529E-1;1,172274E+0;;
02/12/2021  12:47:15,338663;1,163641E+0;1,108067E-1;1,177316E-1;1,171985E+0;;
02/12/2021  12:47:15,338763;1,163754E+0;1,120810E-1;1,139404E-1;1,171698E+0;;
02/12/2021  12:47:15,338863;1,163399E+0;1,171783E-1;1,227865E-1;1,171413E+0;;
02/12/2021  12:47:15,338963;1,162488E+0;1,464877E-1;1,632258E-1;1,171129E+0;;
02/12/2021  12:47:15,339063;1,162026E+0;9,774492E-2;1,044624E-1;1,170847E+0;;
02/12/2021  12:47:15,339163;1,162964E+0;1,155854E-1;1,268936E-1;1,170567E+0;;
02/12/2021  12:47:15,339263;1,164061E+0;1,002936E-1;1,133085E-1;1,170288E+0;;
02/12/2021  12:47:15,339363;1,163465E+0;7,608148E-2;9,087734E-2;1,170011E+0;;
02/12/2021  12:47:15,339463;1,163042E+0;1,060280E-1;1,050943E-1;1,169736E+0;;
02/12/2021  12:47:15,339563;1,163551E+0;5,855958E-2;7,381701E-2;1,169463E+0;;
02/12/2021  12:47:15,339663;1,164693E+0;6,461260E-2;6,970989E-2;1,169193E+0;;
02/12/2021  12:47:15,339763;1,165650E+0;1,063466E-1;1,196272E-1;1,168926E+0;;
02/12/2021  12:47:15,339863;1,165691E+0;1,133553E-1;1,237343E-1;1,168664E+0;;
02/12/2021  12:47:15,339963;1,165021E+0;1,022050E-1;1,152041E-1;1,168405E+0;;
02/12/2021  12:47:15,340063;1,166091E+0;8,468314E-2;1,060421E-1;1,168152E+0;;
02/12/2021  12:47:15,340163;1,167593E+0;9,009900E-2;1,035146E-1;1,167905E+0;;
02/12/2021  12:47:15,340263;1,168049E+0;9,519628E-2;1,123607E-1;1,167665E+0;;
02/12/2021  12:47:15,340363;1,168290E+0;1,073023E-1;1,136244E-1;1,167432E+0;;
02/12/2021  12:47:15,340463;1,167623E+0;7,958586E-2;9,435259E-2;1,167208E+0;;
02/12/2021  12:47:15,340563;1,167673E+0;9,169190E-2;1,066739E-1;1,166994E+0;;
02/12/2021  12:47:15,340663;1,168359E+0;1,165411E-1;1,641736E-1;1,166789E+0;;
02/12/2021  12:47:15,340763;1,168427E+0;1,076209E-1;1,142563E-1;1,166596E+0;;
02/12/2021  12:47:15,340863;1,167527E+0;1,206827E-1;1,534319E-1;1,166413E+0;;
02/12/2021  12:47:15,340963;1,166398E+0;1,859916E-1;1,910278E-1;1,166242E+0;;
02/12/2021  12:47:15,341063;1,166854E+0;1,343816E-1;1,594346E-1;1,166082E+0;;
02/12/2021  12:47:15,341163;1,167387E+0;1,159040E-1;1,332122E-1;1,165935E+0;;
02/12/2021  12:47:15,341263;1,167184E+0;1,404346E-1;1,351078E-1;1,165798E+0;;
02/12/2021  12:47:15,341363;1,166213E+0;1,770713E-1;1,689125E-1;1,165673E+0;;
02/12/2021  12:47:15,341463;1,165635E+0;1,480806E-1;1,382671E-1;1,165560E+0;;
02/12/2021  12:47:15,341563;1,167354E+0;1,863102E-1;1,752312E-1;1,165457E+0;;
02/12/2021  12:47:15,341663;1,168088E+0;1,808943E-1;1,584868E-1;1,165365E+0;;
02/12/2021  12:47:15,341763;1,167152E+0;1,761156E-1;1,610142E-1;1,165284E+0;;
02/12/2021  12:47:15,341863;1,166466E+0;1,114439E-1;9,435259E-2;1,165213E+0;;
02/12/2021  12:47:15,341963;1,165924E+0;1,595494E-1;1,575390E-1;1,165152E+0;;
02/12/2021  12:47:15,342063;1,167199E+0;1,531778E-1;1,458495E-1;1,165101E+0;;
02/12/2021  12:47:15,342163;1,167682E+0;1,350188E-1;1,322644E-1;1,165059E+0;;
02/12/2021  12:47:15,342263;1,167968E+0;1,238685E-1;1,281573E-1;1,165026E+0;;
02/12/2021  12:47:15,342363;1,166451E+0;1,267357E-1;1,240502E-1;1,165002E+0;;
02/12/2021  12:47:15,342463;1,166958E+0;1,563636E-1;1,644895E-1;1,164986E+0;;
02/12/2021  12:47:15,342563;1,167322E+0;9,710776E-2;1,208909E-1;1,164978E+0;;
02/12/2021  12:47:15,342663;1,168502E+0;1,241871E-1;1,177316E-1;1,164978E+0;;
02/12/2021  12:47:15,342763;1,167587E+0;1,057094E-1;1,265777E-1;1,164985E+0;;
02/12/2021  12:47:15,342863;1,165927E+0;1,066652E-1;1,022509E-1;1,165000E+0;;
02/12/2021  12:47:15,342963;1,166061E+0;1,174969E-1;1,221546E-1;1,165020E+0;;
02/12/2021  12:47:15,343063;1,166880E+0;1,471248E-1;1,458495E-1;1,165047E+0;;
02/12/2021  12:47:15,343163;1,167414E+0;1,283286E-1;1,259458E-1;1,165079E+0;;
02/12/2021  12:47:15,343263;1,167614E+0;1,241871E-1;1,366875E-1;1,165117E+0;;
02/12/2021  12:47:15,343363;1,166767E+0;1,229127E-1;1,003553E-1;1,165159E+0;;
02/12/2021  12:47:15,343463;1,167003E+0;1,327887E-1;1,253139E-1;1,165205E+0;;
02/12/2021  12:47:15,343563;1,168090E+0;1,133553E-1;9,277293E-2;1,165255E+0;;
02/12/2021  12:47:15,343663;1,169196E+0;1,318330E-1;1,328963E-1;1,165308E+0;;
02/12/2021  12:47:15,343763;1,169458E+0;1,442576E-1;1,240502E-1;1,165365E+0;;
02/12/2021  12:47:15,343863;1,168734E+0;1,347002E-1;1,246821E-1;1,165426E+0;;
02/12/2021  12:47:15,343963;1,169208E+0;9,615202E-2;7,697633E-2;1,165491E+0;;
02/12/2021  12:47:15,344063;1,170433E+0;1,327887E-1;1,275255E-1;1,165558E+0;;
02/12/2021  12:47:15,344163;1,171175E+0;1,375674E-1;1,344760E-1;1,165630E+0;;
02/12/2021  12:47:15,344263;1,171366E+0;1,382046E-1;1,328963E-1;1,165705E+0;;
02/12/2021  12:47:15,344363;1,170886E+0;1,101695E-1;1,297370E-1;1,165785E+0;;
02/12/2021  12:47:15,344463;1,171723E+0;1,570008E-1;1,521681E-1;1,165869E+0;;
02/12/2021  12:47:15,344563;1,172737E+0;1,382046E-1;1,351078E-1;1,165957E+0;;
02/12/2021  12:47:15,344663;1,173115E+0;8,149734E-2;5,422923E-2;1,166050E+0;;
02/12/2021  12:47:15,344763;1,172364E+0;1,315144E-1;1,313166E-1;1,166148E+0;;
02/12/2021  12:47:15,344863;1,171637E+0;1,273729E-1;1,291051E-1;1,166252E+0;;
02/12/2021  12:47:15,344963;1,172212E+0;1,299215E-1;1,231024E-1;1,166360E+0;;
02/12/2021  12:47:15,345063;1,172427E+0;1,452133E-1;1,667010E-1;1,166474E+0;;
02/12/2021  12:47:15,345163;1,172966E+0;1,206827E-1;1,177316E-1;1,166593E+0;;
02/12/2021  12:47:15,345263;1,171402E+0;1,219570E-1;1,423743E-1;1,166717E+0;;
02/12/2021  12:47:15,345363;1,170293E+0;1,162226E-1;1,167838E-1;1,166846E+0;;
02/12/2021  12:47:15,345463;1,170987E+0;1,356559E-1;1,401627E-1;1,166979E+0;;
02/12/2021  12:47:15,345563;1,171557E+0;1,353374E-1;1,392149E-1;1,167116E+0;;
02/12/2021  12:47:15,345663;1,171485E+0;1,343816E-1;1,328963E-1;1,167255E+0;;
02/12/2021  12:47:15,345763;1,170117E+0;1,305587E-1;1,373193E-1;1,167398E+0;;
02/12/2021  12:47:15,345863;1,169977E+0;1,534964E-1;1,455336E-1;1,167543E+0;;
02/12/2021  12:47:15,345963;1,170475E+0;1,385232E-1;1,483770E-1;1,167689E+0;;
02/12/2021  12:47:15,346063;1,171580E+0;1,257800E-1;1,294210E-1;1,167836E+0;;
02/12/2021  12:47:15,346163;1,171974E+0;1,273729E-1;1,287892E-1;1,167983E+0;;
02/12/2021  12:47:15,346263;1,171706E+0;9,806350E-2;9,877564E-2;1,168131E+0;;
02/12/2021  12:47:15,346363;1,172653E+0;1,251428E-1;1,117289E-1;1,168278E+0;;
02/12/2021  12:47:15,346463;1,173801E+0;1,334259E-1;1,313166E-1;1,168426E+0;;
02/12/2021  12:47:15,346563;1,174427E+0;1,315144E-1;1,275255E-1;1,168573E+0;;
02/12/2021  12:47:15,346663;1,175303E+0;1,340630E-1;1,562753E-1;1,168720E+0;;
02/12/2021  12:47:15,346763;1,174185E+0;1,340630E-1;1,376353E-1;1,168868E+0;;
02/12/2021  12:47:15,346863;1,174334E+0;1,324701E-1;1,306848E-1;1,169016E+0;;
02/12/2021  12:47:15,346963;1,175154E+0;1,104881E-1;1,142563E-1;1,169165E+0;;
02/12/2021  12:47:15,347063;1,176134E+0;1,069837E-1;1,148882E-1;1,169315E+0;;
02/12/2021  12:47:15,347163;1,175747E+0;1,178155E-1;1,297370E-1;1,169466E+0;;
02/12/2021  12:47:15,347263;1,175133E+0;2,765732E-2;8,740209E-2;1,169619E+0;;
02/12/2021  12:47:15,347363;1,174972E+0;1,391603E-1;1,306848E-1;1,169772E+0;;
02/12/2021  12:47:15,347463;1,175875E+0;1,630538E-1;1,758630E-1;1,169928E+0;;
02/12/2021  12:47:15,347563;1,176656E+0;1,203641E-1;1,322644E-1;1,170084E+0;;
02/12/2021  12:47:15,347663;1,176897E+0;1,031608E-1;9,498445E-2;1,170243E+0;;
02/12/2021  12:47:15,347763;1,175637E+0;4,836502E-2;5,991600E-2;1,170403E+0;;
02/12/2021  12:47:15,347863;1,176832E+0;-5,708496E-2;2,295196E-2;1,170564E+0;;
02/12/2021  12:47:15,347963;1,178203E+0;1,292843E-1;1,208909E-1;1,170728E+0;;
02/12/2021  12:47:15,348063;1,179267E+0;1,547707E-1;1,471132E-1;1,170893E+0;;
02/12/2021  12:47:15,348163;1,179386E+0;1,292843E-1;1,208909E-1;1,171060E+0;;
02/12/2021  12:47:15,348263;1,179079E+0;1,353374E-1;1,347919E-1;1,171230E+0;;
02/12/2021  12:47:15,348363;1,180313E+0;1,260985E-1;1,275255E-1;1,171404E+0;;
02/12/2021  12:47:15,348463;1,180870E+0;1,321516E-1;1,227865E-1;1,171580E+0;;
02/12/2021  12:47:15,348563;1,181022E+0;1,382046E-1;1,357397E-1;1,171760E+0;;
02/12/2021  12:47:15,348663;1,180682E+0;1,203641E-1;1,237343E-1;1,171945E+0;;
02/12/2021  12:47:15,348763;1,178829E+0;1,382046E-1;1,243661E-1;1,172133E+0;;
02/12/2021  12:47:15,348863;1,179484E+0;1,267357E-1;1,177316E-1;1,172326E+0;;
02/12/2021  12:47:15,348963;1,180167E+0;1,401161E-1;1,272095E-1;1,172523E+0;;
02/12/2021  12:47:15,349063;1,180313E+0;1,353374E-1;1,351078E-1;1,172723E+0;;
02/12/2021  12:47:15,349163;1,179419E+0;1,143111E-1;1,186794E-1;1,172927E+0;;
02/12/2021  12:47:15,349263;1,178450E+0;1,181340E-1;1,234183E-1;1,173134E+0;;
02/12/2021  12:47:15,349363;1,179478E+0;1,331073E-1;1,363715E-1;1,173344E+0;;
02/12/2021  12:47:15,349463;1,180933E+0;1,573194E-1;1,783905E-1;1,173557E+0;;
02/12/2021  12:47:15,349563;1,180894E+0;1,187712E-1;1,193112E-1;1,173771E+0;;
02/12/2021  12:47:15,349663;1,180542E+0;1,353374E-1;1,196272E-1;1,173987E+0;;
02/12/2021  12:47:15,349763;1,180122E+0;1,359745E-1;1,417424E-1;1,174204E+0;;
02/12/2021  12:47:15,349863;1,181505E+0;9,041758E-2;1,363715E-1;1,174423E+0;;
02/12/2021  12:47:15,349963;1,182539E+0;1,264171E-1;1,303688E-1;1,174643E+0;;
02/12/2021  12:47:15,350063;1,182786E+0;1,509478E-1;1,379512E-1;1,174864E+0;;
02/12/2021  12:47:15,350163;1,182655E+0;1,391603E-1;1,414265E-1;1,175086E+0;;
02/12/2021  12:47:15,350263;1,182298E+0;7,480716E-2;1,205749E-1;1,175309E+0;;
02/12/2021  12:47:15,350363;1,183210E+0;1,210013E-1;1,322644E-1;1,175533E+0;;
02/12/2021  12:47:15,350463;1,183233E+0;1,337445E-1;1,306848E-1;1,175758E+0;;
02/12/2021  12:47:15,350563;1,183305E+0;1,216384E-1;1,259458E-1;1,175984E+0;;
02/12/2021  12:47:15,350663;1,182268E+0;1,296029E-1;1,152041E-1;1,176210E+0;;
02/12/2021  12:47:15,350763;1,181788E+0;1,340630E-1;1,344760E-1;1,176438E+0;;
02/12/2021  12:47:15,350863;1,182128E+0;1,299215E-1;1,398468E-1;1,176665E+0;;
02/12/2021  12:47:15,350963;1,183138E+0;1,060280E-1;1,117289E-1;1,176892E+0;;
02/12/2021  12:47:15,351063;1,182897E+0;1,235499E-1;1,221546E-1;1,177119E+0;;
02/12/2021  12:47:15,351163;1,182229E+0;1,397975E-1;1,253139E-1;1,177345E+0;;
02/12/2021  12:47:15,351263;1,181699E+0;1,512664E-1;1,480610E-1;1,177570E+0;;
02/12/2021  12:47:15,351363;1,182616E+0;1,267357E-1;1,411105E-1;1,177793E+0;;
02/12/2021  12:47:15,351463;1,183725E+0;1,302401E-1;1,325804E-1;1,178015E+0;;
02/12/2021  12:47:15,351563;1,182956E+0;1,503106E-1;1,483770E-1;1,178234E+0;;
02/12/2021  12:47:15,351663;1,182488E+0;1,296029E-1;1,524841E-1;1,178451E+0;;
02/12/2021  12:47:15,351763;1,182587E+0;1,260985E-1;1,237343E-1;1,178665E+0;;
02/12/2021  12:47:15,351863;1,183266E+0;1,321516E-1;1,951349E-1;1,178876E+0;;
02/12/2021  12:47:15,351963;1,182941E+0;1,229127E-1;1,303688E-1;1,179084E+0;;
02/12/2021  12:47:15,352063;1,182554E+0;1,257800E-1;1,332122E-1;1,179288E+0;;
02/12/2021  12:47:15,352163;1,181368E+0;7,767438E-2;9,782784E-2;1,179489E+0;;
02/12/2021  12:47:15,352263;1,181237E+0;9,901924E-2;1,231024E-1;1,179685E+0;;
02/12/2021  12:47:15,352363;1,180775E+0;-2,140400E-2;4,664686E-2;1,179877E+0;;
02/12/2021  12:47:15,352463;1,180465E+0;1,146297E-1;1,237343E-1;1,180063E+0;;
02/12/2021  12:47:15,352563;1,179192E+0;1,123996E-1;1,050943E-1;1,180244E+0;;
02/12/2021  12:47:15,352663;1,177899E+0;1,012493E-1;9,561632E-2;1,180417E+0;;
02/12/2021  12:47:15,352763;1,176870E+0;4,995792E-2;4,949025E-2;1,180584E+0;;
02/12/2021  12:47:15,352863;1,177061E+0;9,806350E-2;1,117289E-1;1,180741E+0;;
02/12/2021  12:47:15,352963;1,176784E+0;1,060280E-1;1,155200E-1;1,180889E+0;;
02/12/2021  12:47:15,353063;1,176015E+0;9,105474E-2;1,057261E-1;1,181026E+0;;
02/12/2021  12:47:15,353163;1,174659E+0;9,264764E-2;1,000394E-1;1,181153E+0;;
02/12/2021  12:47:15,353263;1,175106E+0;9,392196E-2;9,877564E-2;1,181266E+0;;
02/12/2021  12:47:15,353363;1,175589E+0;1,012493E-1;1,060421E-1;1,181367E+0;;
02/12/2021  12:47:15,353463;1,176295E+0;7,321426E-2;9,561632E-2;1,181454E+0;;
02/12/2021  12:47:15,353563;1,175115E+0;8,818752E-2;1,069899E-1;1,181527E+0;;
02/12/2021  12:47:15,353663;1,174078E+0;9,774492E-2;1,139404E-1;1,181586E+0;;
02/12/2021  12:47:15,353763;1,174501E+0;1,047537E-1;1,221546E-1;1,181630E+0;;
02/12/2021  12:47:15,353863;1,175401E+0;1,299215E-1;1,875525E-1;1,181659E+0;;
02/12/2021  12:47:15,353963;1,175893E+0;6,270112E-2;8,234717E-2;1,181673E+0;;
02/12/2021  12:47:15,354063;1,175759E+0;2,210354E-1;1,603824E-1;1,181672E+0;;
02/12/2021  12:47:15,354163;1,175875E+0;1,334259E-1;1,300529E-1;1,181658E+0;;
02/12/2021  12:47:15,354263;1,175982E+0;1,519035E-1;1,449017E-1;1,181629E+0;;
02/12/2021  12:47:15,354363;1,176978E+0;1,506292E-1;1,461654E-1;1,181587E+0;;
02/12/2021  12:47:15,354463;1,177014E+0;1,585937E-1;1,404787E-1;1,181532E+0;;
02/12/2021  12:47:15,354563;1,175774E+0;1,659210E-1;1,679647E-1;1,181466E+0;;
02/12/2021  12:47:15,354663;1,174814E+0;1,668768E-1;1,407946E-1;1,181388E+0;;
02/12/2021  12:47:15,354763;1,175666E+0;1,595494E-1;1,430061E-1;1,181300E+0;;
02/12/2021  12:47:15,354863;1,175115E+0;1,512664E-1;1,404787E-1;1,181201E+0;;
02/12/2021  12:47:15,354963;1,174868E+0;1,433019E-1;1,392149E-1;1,181093E+0;;
02/12/2021  12:47:15,355063;1,173482E+0;1,152668E-1;1,351078E-1;1,180976E+0;;
02/12/2021  12:47:15,355163;1,172254E+0;1,232313E-1;1,268936E-1;1,180850E+0;;
02/12/2021  12:47:15,355263;1,172406E+0;1,146297E-1;1,268936E-1;1,180715E+0;;
02/12/2021  12:47:15,355363;1,172942E+0;1,015679E-1;1,082536E-1;1,180572E+0;;
02/12/2021  12:47:15,355463;1,171849E+0;1,353374E-1;1,543797E-1;1,180420E+0;;
02/12/2021  12:47:15,355563;1,170069E+0;1,289658E-1;1,227865E-1;1,180260E+0;;
02/12/2021  12:47:15,355663;1,169601E+0;1,178155E-1;1,202590E-1;1,180092E+0;;
02/12/2021  12:47:15,355763;1,170439E+0;1,232313E-1;1,278414E-1;1,179915E+0;;
02/12/2021  12:47:15,355863;1,170245E+0;1,267357E-1;1,297370E-1;1,179730E+0;;
02/12/2021  12:47:15,355963;1,169864E+0;1,531778E-1;1,610142E-1;1,179537E+0;;
02/12/2021  12:47:15,356063;1,168687E+0;1,401161E-1;1,404787E-1;1,179336E+0;;
02/12/2021  12:47:15,356163;1,168606E+0;1,022050E-1;1,092014E-1;1,179126E+0;;
02/12/2021  12:47:15,356263;1,168934E+0;1,340630E-1;1,436380E-1;1,178909E+0;;
02/12/2021  12:47:15,356363;1,168996E+0;1,417090E-1;1,363715E-1;1,178684E+0;;
02/12/2021  12:47:15,356463;1,168028E+0;1,283286E-1;1,259458E-1;1,178451E+0;;
02/12/2021  12:47:15,356563;1,166100E+0;1,315144E-1;1,291051E-1;1,178211E+0;;
02/12/2021  12:47:15,356663;1,165226E+0;9,392196E-2;1,136244E-1;1,177964E+0;;
02/12/2021  12:47:15,356763;1,166502E+0;1,292843E-1;1,212068E-1;1,177709E+0;;
02/12/2021  12:47:15,356863;1,165447E+0;1,194084E-1;1,221546E-1;1,177447E+0;;
02/12/2021  12:47:15,356963;1,164702E+0;1,066652E-1;1,152041E-1;1,177178E+0;;
02/12/2021  12:47:15,357063;1,162619E+0;1,152668E-1;1,205749E-1;1,176901E+0;;
02/12/2021  12:47:15,357163;1,162142E+0;1,213198E-1;1,272095E-1;1,176617E+0;;
02/12/2021  12:47:15,357263;1,162979E+0;1,276914E-1;1,129926E-1;1,176325E+0;;
02/12/2021  12:47:15,357363;1,163069E+0;1,350188E-1;1,268936E-1;1,176024E+0;;
02/12/2021  12:47:15,357463;1,162043E+0;1,184526E-1;1,202590E-1;1,175716E+0;;
02/12/2021  12:47:15,357563;1,160738E+0;1,146297E-1;1,240502E-1;1,175400E+0;;
02/12/2021  12:47:15,357663;1,161424E+0;1,254614E-1;1,328963E-1;1,175076E+0;;
02/12/2021  12:47:15,357763;1,161927E+0;1,254614E-1;1,183634E-1;1,174745E+0;;
02/12/2021  12:47:15,357863;1,162887E+0;1,133553E-1;1,202590E-1;1,174406E+0;;
02/12/2021  12:47:15,357963;1,162240E+0;1,143111E-1;1,164678E-1;1,174060E+0;;
02/12/2021  12:47:15,358063;1,161567E+0;1,254614E-1;1,341600E-1;1,173708E+0;;
02/12/2021  12:47:15,358163;1,162204E+0;1,382046E-1;1,332122E-1;1,173350E+0;;
02/12/2021  12:47:15,358263;1,163417E+0;1,611423E-1;2,169342E-1;1,172987E+0;;
02/12/2021  12:47:15,358363;1,164341E+0;1,152668E-1;1,069899E-1;1,172620E+0;;
02/12/2021  12:47:15,358463;1,163838E+0;2,861306E-2;4,317161E-2;1,172250E+0;;
02/12/2021  12:47:15,358563;1,164058E+0;1,327887E-1;1,357397E-1;1,171877E+0;;
02/12/2021  12:47:15,358663;1,164109E+0;7,703722E-2;7,887192E-2;1,171504E+0;;
02/12/2021  12:47:15,358763;1,164735E+0;1,267357E-1;1,278414E-1;1,171132E+0;;
02/12/2021  12:47:15,358863;1,165027E+0;1,238685E-1;1,180475E-1;1,170761E+0;;
02/12/2021  12:47:15,358963;1,164097E+0;1,366117E-1;1,335282E-1;1,170392E+0;;
02/12/2021  12:47:15,359063;1,163960E+0;1,203641E-1;1,253139E-1;1,170027E+0;;
02/12/2021  12:47:15,359163;1,164502E+0;7,799296E-2;1,502726E-1;1,169666E+0;;
02/12/2021  12:47:15,359263;1,164577E+0;1,117624E-1;1,155200E-1;1,169311E+0;;
02/12/2021  12:47:15,359363;1,164410E+0;1,098510E-1;1,208909E-1;1,168961E+0;;
02/12/2021  12:47:15,359463;1,163584E+0;1,264171E-1;1,237343E-1;1,168619E+0;;
02/12/2021  12:47:15,359563;1,162875E+0;1,171783E-1;1,224705E-1;1,168284E+0;;
02/12/2021  12:47:15,359663;1,163385E+0;1,133553E-1;1,155200E-1;1,167957E+0;;
02/12/2021  12:47:15,359763;1,163659E+0;1,174969E-1;1,246821E-1;1,167638E+0;;
02/12/2021  12:47:15,359863;1,163793E+0;1,315144E-1;1,436380E-1;1,167328E+0;;
02/12/2021  12:47:15,359963;1,163146E+0;1,321516E-1;1,246821E-1;1,167027E+0;;
02/12/2021  12:47:15,360063;1,163006E+0;1,041165E-1;1,493248E-1;1,166736E+0;;
02/12/2021  12:47:15,360163;1,163933E+0;3,912620E-2;4,222381E-2;1,166453E+0;;
02/12/2021  12:47:15,360263;1,164523E+0;1,321516E-1;1,316326E-1;1,166181E+0;;
02/12/2021  12:47:15,360363;1,164639E+0;1,388417E-1;1,439539E-1;1,165919E+0;;
02/12/2021  12:47:15,360463;1,163432E+0;1,388417E-1;1,540637E-1;1,165667E+0;;
02/12/2021  12:47:15,360563;1,163185E+0;1,283286E-1;1,303688E-1;1,165426E+0;;
02/12/2021  12:47:15,360663;1,164577E+0;1,531778E-1;1,193112E-1;1,165196E+0;;
02/12/2021  12:47:15,360763;1,164830E+0;1,206827E-1;1,294210E-1;1,164977E+0;;
02/12/2021  12:47:15,360863;1,164708E+0;1,286472E-1;1,360556E-1;1,164768E+0;;
02/12/2021  12:47:15,360963;1,163960E+0;1,136739E-1;1,240502E-1;1,164571E+0;;
02/12/2021  12:47:15,361063;1,163826E+0;1,104881E-1;1,095173E-1;1,164386E+0;;
02/12/2021  12:47:15,361163;1,164642E+0;3,976336E-2;8,108345E-2;1,164212E+0;;
02/12/2021  12:47:15,361263;1,164809E+0;1,296029E-1;1,278414E-1;1,164049E+0;;
02/12/2021  12:47:15,361363;1,164630E+0;1,254614E-1;1,126766E-1;1,163897E+0;;
02/12/2021  12:47:15,361463;1,163808E+0;9,870066E-2;1,006712E-1;1,163756E+0;;
02/12/2021  12:47:15,361563;1,164413E+0;1,139925E-1;1,088855E-1;1,163626E+0;;
02/12/2021  12:47:15,361663;1,165548E+0;1,311958E-1;1,234183E-1;1,163508E+0;;
02/12/2021  12:47:15,361763;1,166329E+0;1,238685E-1;1,240502E-1;1,163400E+0;;
02/12/2021  12:47:15,361863;1,165799E+0;1,184526E-1;1,136244E-1;1,163302E+0;;
02/12/2021  12:47:15,361963;1,165846E+0;9,806350E-2;9,909157E-2;1,163216E+0;;
02/12/2021  12:47:15,362063;1,166368E+0;1,407532E-1;1,300529E-1;1,163141E+0;;
02/12/2021  12:47:15,362163;1,167375E+0;1,273729E-1;1,284732E-1;1,163076E+0;;
02/12/2021  12:47:15,362263;1,169163E+0;1,257800E-1;1,328963E-1;1,163022E+0;;
02/12/2021  12:47:15,362363;1,168445E+0;1,321516E-1;1,338441E-1;1,162980E+0;;
02/12/2021  12:47:15,362463;1,167417E+0;1,426647E-1;1,398468E-1;1,162949E+0;;
02/12/2021  12:47:15,362563;1,168284E+0;1,340630E-1;1,268936E-1;1,162930E+0;;
02/12/2021  12:47:15,362663;1,169333E+0;1,802571E-1;2,020854E-1;1,162922E+0;;
02/12/2021  12:47:15,362763;1,170159E+0;1,382046E-1;1,332122E-1;1,162926E+0;;
02/12/2021  12:47:15,362863;1,169378E+0;3,116170E-2;7,286922E-2;1,162941E+0;;
02/12/2021  12:47:15,362963;1,169527E+0;1,315144E-1;1,095173E-1;1,162969E+0;;
02/12/2021  12:47:15,363063;1,170826E+0;1,254614E-1;1,246821E-1;1,163008E+0;;
02/12/2021  12:47:15,363163;1,172245E+0;1,225942E-1;1,306848E-1;1,163059E+0;;
02/12/2021  12:47:15,363263;1,172454E+0;1,337445E-1;1,322644E-1;1,163122E+0;;
02/12/2021  12:47:15,363363;1,172346E+0;1,407532E-1;1,524841E-1;1,163197E+0;;
02/12/2021  12:47:15,363463;1,172168E+0;1,241871E-1;1,161519E-1;1,163285E+0;;
02/12/2021  12:47:15,363563;1,174164E+0;1,280100E-1;1,351078E-1;1,163385E+0;;
02/12/2021  12:47:15,363663;1,175282E+0;1,305587E-1;1,294210E-1;1,163497E+0;;
02/12/2021  12:47:15,363763;1,176301E+0;1,331073E-1;1,354238E-1;1,163623E+0;;
02/12/2021  12:47:15,363863;1,176218E+0;1,375674E-1;1,480610E-1;1,163762E+0;;
02/12/2021  12:47:15,363963;1,176489E+0;1,391603E-1;1,322644E-1;1,163914E+0;;
02/12/2021  12:47:15,364063;1,178173E+0;1,487177E-1;1,455336E-1;1,164080E+0;;
02/12/2021  12:47:15,364163;1,179705E+0;1,474434E-1;1,417424E-1;1,164260E+0;;
02/12/2021  12:47:15,364263;1,180685E+0;1,439390E-1;1,411105E-1;1,164454E+0;;
02/12/2021  12:47:15,364363;1,180119E+0;1,331073E-1;1,174156E-1;1,164663E+0;;
02/12/2021  12:47:15,364463;1,179651E+0;1,270543E-1;1,262617E-1;1,164888E+0;;
02/12/2021  12:47:15,364563;1,181210E+0;1,289658E-1;1,265777E-1;1,165128E+0;;
02/12/2021  12:47:15,364663;1,182700E+0;1,241871E-1;1,259458E-1;1,165384E+0;;
02/12/2021  12:47:15,364763;1,182637E+0;1,283286E-1;1,332122E-1;1,165655E+0;;
02/12/2021  12:47:15,364863;1,182110E+0;1,356559E-1;1,041465E-1;1,165942E+0;;
02/12/2021  12:47:15,364963;1,182786E+0;9,806350E-2;1,031987E-1;1,166244E+0;;
02/12/2021  12:47:15,365063;1,183981E+0;7,321426E-2;9,624818E-2;1,166562E+0;;
02/12/2021  12:47:15,365163;1,185439E+0;1,111253E-1;1,177316E-1;1,166895E+0;;
02/12/2021  12:47:15,365263;1,184801E+0;1,095324E-1;1,202590E-1;1,167243E+0;;
02/12/2021  12:47:15,365363;1,185042E+0;9,806350E-2;1,032929E+1;1,167606E+0;;
02/12/2021  12:47:15,365463;1,184652E+0;9,965640E-2;1,032929E+1;1,167983E+0;;
02/12/2021  12:47:15,365563;1,185984E+0;3,243602E-2;1,032929E+1;1,168374E+0;;
02/12/2021  12:47:15,365663;1,186640E+0;1,140974E-2;1,032929E+1;1,168779E+0;;
02/12/2021  12:47:15,365763;1,187352E+0;1,204690E-2;1,032929E+1;1,169197E+0;;
02/12/2021  12:47:15,365863;1,186696E+0;2,808078E-3;1,032929E+1;1,169627E+0;;
02/12/2021  12:47:15,365963;1,187531E+0;6,631038E-3;1,032929E+1;1,170070E+0;;
02/12/2021  12:47:15,366063;1,188696E+0;1,268406E-2;1,032929E+1;1,170523E+0;;
02/12/2021  12:47:15,366163;1,189268E+0;7,905358E-3;1,032929E+1;1,170988E+0;;
02/12/2021  12:47:15,366263;1,189611E+0;1,491412E-2;1,032929E+1;1,171462E+0;;
02/12/2021  12:47:15,366363;1,188807E+0;3,445238E-3;1,032929E+1;1,171947E+0;;
02/12/2021  12:47:15,366463;1,188669E+0;1,650702E-2;1,032929E+1;1,172440E+0;;
02/12/2021  12:47:15,366563;1,189900E+0;1,363980E-2;1,032929E+1;1,172942E+0;;
02/12/2021  12:47:15,366663;1,189239E+0;5,780180E-4;1,032929E+1;1,173451E+0;;
02/12/2021  12:47:15,366763;1,189489E+0;1,533758E-3;1,032929E+1;1,173967E+0;;
02/12/2021  12:47:15,366863;1,189182E+0;1,215178E-3;1,032929E+1;1,174488E+0;;
02/12/2021  12:47:15,366963;1,189906E+0;1,533758E-3;1,032929E+1;1,175014E+0;;
02/12/2021  12:47:15,367063;1,190893E+0;5,675298E-3;1,032929E+1;1,175544E+0;;
02/12/2021  12:47:15,367163;1,191763E+0;1,852338E-3;1,032929E+1;1,176076E+0;;
02/12/2021  12:47:15,367263;1,190929E+0;8,965980E-4;1,032929E+1;1,176611E+0;;
02/12/2021  12:47:15,367363;1,190437E+0;8,965980E-4;1,032929E+1;1,177147E+0;;
02/12/2021  12:47:15,367463;1,190934E+0;5,780180E-4;1,032929E+1;1,177683E+0;;
02/12/2021  12:47:15,367563;1,191835E+0;8,965980E-4;1,032929E+1;1,178219E+0;;
02/12/2021  12:47:15,367663;1,192189E+0;5,780180E-4;1,032929E+1;1,178754E+0;;
02/12/2021  12:47:15,367763;1,192729E+0;1,533758E-3;1,032929E+1;1,179287E+0;;
02/12/2021  12:47:15,367863;1,192189E+0;1,215178E-3;1,032929E+1;1,179817E+0;;
02/12/2021  12:47:15,367963;1,192755E+0;1,215178E-3;1,032929E+1;1,180344E+0;;
02/12/2021  12:47:15,368063;1,194374E+0;1,215178E-3;1,032929E+1;1,180867E+0;;
02/12/2021  12:47:15,368163;1,194275E+0;1,215178E-3;1,032929E+1;1,181387E+0;;
02/12/2021  12:47:15,368263;1,193679E+0;1,215178E-3;1,032929E+1;1,181901E+0;;
02/12/2021  12:47:15,368363;1,193468E+0;1,533758E-3;1,032929E+1;1,182411E+0;;
02/12/2021  12:47:15,368463;1,194186E+0;8,965980E-4;1,032929E+1;1,182916E+0;;
02/12/2021  12:47:15,368563;1,195292E+0;8,965980E-4;1,032929E+1;1,183414E+0;;
02/12/2021  12:47:15,368663;1,196299E+0;1,533758E-3;1,032929E+1;1,183906E+0;;
02/12/2021  12:47:15,368763;1,195915E+0;1,215178E-3;1,032929E+1;1,184392E+0;;
02/12/2021  12:47:15,368863;1,196222E+0;1,215178E-3;1,032929E+1;1,184872E+0;;
02/12/2021  12:47:15,368963;1,197545E+0;8,223938E-3;1,032929E+1;1,185345E+0;;
02/12/2021  12:47:15,369063;1,198329E+0;1,533758E-3;1,032929E+1;1,185811E+0;;
02/12/2021  12:47:15,369163;1,199130E+0;6,312458E-3;1,032929E+1;1,186271E+0;;
02/12/2021  12:47:15,369263;1,198299E+0;7,268198E-3;1,032929E+1;1,186726E+0;;
02/12/2021  12:47:15,369363;1,198773E+0;5,675298E-3;1,032929E+1;1,187174E+0;;
02/12/2021  12:47:15,369463;1,199554E+0;1,395838E-2;1,032929E+1;1,187616E+0;;
02/12/2021  12:47:15,369563;1,199625E+0;1,300264E-2;1,032929E+1;1,188053E+0;;
02/12/2021  12:47:15,369663;1,199601E+0;1,268406E-2;1,032929E+1;1,188485E+0;;
02/12/2021  12:47:15,369763;1,199336E+0;1,852338E-3;1,032929E+1;1,188910E+0;;
02/12/2021  12:47:15,369863;1,199041E+0;4,082398E-3;1,032929E+1;1,189331E+0;;
02/12/2021  12:47:15,369963;1,200281E+0;1,523270E-2;1,032929E+1;1,189746E+0;;
02/12/2021  12:47:15,370063;1,200391E+0;1,459554E-2;1,032929E+1;1,190155E+0;;
02/12/2021  12:47:15,370163;1,200156E+0;1,332122E-2;1,032929E+1;1,190559E+0;;
02/12/2021  12:47:15,370263;1,199211E+0;1,363980E-2;1,032929E+1;1,190958E+0;;
02/12/2021  12:47:15,370363;1,198490E+0;1,523270E-2;1,032929E+1;1,191350E+0;;
02/12/2021  12:47:15,370463;1,199089E+0;1,045400E-2;1,032929E+1;1,191736E+0;;
02/12/2021  12:47:15,370563;1,198403E+0;1,140974E-2;1,032929E+1;1,192116E+0;;
02/12/2021  12:47:15,370663;1,197587E+0;1,332122E-2;1,032929E+1;1,192488E+0;;
02/12/2021  12:47:15,370763;1,196698E+0;1,459554E-2;1,032929E+1;1,192853E+0;;
02/12/2021  12:47:15,370863;1,196445E+0;1,491412E-2;1,032929E+1;1,193209E+0;;
02/12/2021  12:47:15,370963;1,196701E+0;1,459554E-2;1,032929E+1;1,193556E+0;;
02/12/2021  12:47:15,371063;1,196168E+0;1,268406E-2;1,032929E+1;1,193892E+0;;
02/12/2021  12:47:15,371163;1,195184E+0;1,714418E-2;1,032929E+1;1,194218E+0;;
02/12/2021  12:47:15,371263;1,193733E+0;1,459554E-2;1,032929E+1;1,194533E+0;;
02/12/2021  12:47:15,371363;1,193641E+0;1,586986E-2;1,032929E+1;1,194835E+0;;
02/12/2021  12:47:15,371463;1,193691E+0;1,395838E-2;1,032929E+1;1,195124E+0;;
02/12/2021  12:47:15,371563;1,193146E+0;9,816838E-3;1,032929E+1;1,195398E+0;;
02/12/2021  12:47:15,371663;1,192741E+0;1,746276E-2;1,032929E+1;1,195658E+0;;
02/12/2021  12:47:15,371763;1,191709E+0;1,523270E-2;1,032929E+1;1,195901E+0;;
02/12/2021  12:47:15,371863;1,192031E+0;1,618844E-2;1,032929E+1;1,196128E+0;;
02/12/2021  12:47:15,371963;1,192571E+0;1,140974E-2;1,032929E+1;1,196338E+0;;
02/12/2021  12:47:15,372063;1,192720E+0;1,586986E-2;1,032929E+1;1,196530E+0;;
02/12/2021  12:47:15,372163;1,191641E+0;1,395838E-2;1,032929E+1;1,196704E+0;;
02/12/2021  12:47:15,372263;1,191069E+0;1,236548E-2;1,032929E+1;1,196860E+0;;
02/12/2021  12:47:15,372363;1,191739E+0;1,172832E-2;1,032929E+1;1,196997E+0;;
02/12/2021  12:47:15,372463;1,192046E+0;1,332122E-2;1,032929E+1;1,197116E+0;;
02/12/2021  12:47:15,372563;1,192109E+0;1,778134E-2;1,032929E+1;1,197217E+0;;
02/12/2021  12:47:15,372663;1,191927E+0;1,427696E-2;1,032929E+1;1,197299E+0;;
02/12/2021  12:47:15,372763;1,191861E+0;1,459554E-2;1,032929E+1;1,197364E+0;;
02/12/2021  12:47:15,372863;1,192422E+0;1,586986E-2;1,032929E+1;1,197411E+0;;
02/12/2021  12:47:15,372963;1,193006E+0;1,459554E-2;1,032929E+1;1,197441E+0;;
02/12/2021  12:47:15,373063;1,192785E+0;1,459554E-2;1,032929E+1;1,197455E+0;;
02/12/2021  12:47:15,373163;1,191972E+0;1,586986E-2;1,032929E+1;1,197453E+0;;
02/12/2021  12:47:15,373263;1,191590E+0;1,618844E-2;1,032929E+1;1,197436E+0;;
02/12/2021  12:47:15,373363;1,192597E+0;1,332122E-2;1,032929E+1;1,197405E+0;;
02/12/2021  12:47:15,373463;1,192150E+0;1,491412E-2;1,032929E+1;1,197360E+0;;
02/12/2021  12:47:15,373563;1,191772E+0;1,427696E-2;1,032929E+1;1,197302E+0;;
02/12/2021  12:47:15,373663;1,191057E+0;1,268406E-2;1,032929E+1;1,197232E+0;;
02/12/2021  12:47:15,373763;1,190598E+0;1,140974E-2;1,032929E+1;1,197151E+0;;
02/12/2021  12:47:15,373863;1,190654E+0;1,109116E-2;1,032929E+1;1,197058E+0;;
02/12/2021  12:47:15,373963;1,190398E+0;1,682560E-2;1,032929E+1;1,196955E+0;;
02/12/2021  12:47:15,374063;1,190079E+0;1,236548E-2;1,032929E+1;1,196842E+0;;
02/12/2021  12:47:15,374163;1,188848E+0;1,555128E-2;1,032929E+1;1,196719E+0;;
02/12/2021  12:47:15,374263;1,188231E+0;9,498258E-3;1,032929E+1;1,196587E+0;;
02/12/2021  12:47:15,374363;1,187942E+0;1,459554E-2;1,032929E+1;1,196445E+0;;
02/12/2021  12:47:15,374463;1,187698E+0;1,363980E-2;1,032929E+1;1,196295E+0;;
02/12/2021  12:47:15,374563;1,186848E+0;1,491412E-2;1,032929E+1;1,196136E+0;;
02/12/2021  12:47:15,374663;1,185078E+0;1,778134E-2;1,032929E+1;1,195968E+0;;
02/12/2021  12:47:15,374763;1,185019E+0;1,491412E-2;1,032929E+1;1,195792E+0;;
02/12/2021  12:47:15,374863;1,184521E+0;1,523270E-2;1,032929E+1;1,195606E+0;;
02/12/2021  12:47:15,374963;1,184017E+0;1,523270E-2;1,032929E+1;1,195412E+0;;
02/12/2021  12:47:15,375063;1,182810E+0;1,586986E-2;1,032929E+1;1,195208E+0;;
02/12/2021  12:47:15,375163;1,181889E+0;1,523270E-2;1,032929E+1;1,194995E+0;;
02/12/2021  12:47:15,375263;1,180873E+0;1,491412E-2;1,032929E+1;1,194773E+0;;
02/12/2021  12:47:15,375363;1,180545E+0;1,395838E-2;1,032929E+1;1,194540E+0;;
02/12/2021  12:47:15,375463;1,179514E+0;1,427696E-2;1,032929E+1;1,194297E+0;;
02/12/2021  12:47:15,375563;1,178581E+0;6,907272E-2;1,032929E+1;1,194044E+0;;
02/12/2021  12:47:15,375663;1,177118E+0;1,101695E-1;1,032929E+1;1,193779E+0;;
02/12/2021  12:47:15,375763;1,177362E+0;3,148028E-2;1,032929E+1;1,193503E+0;;
02/12/2021  12:47:15,375863;1,177681E+0;1,459554E-2;1,032929E+1;1,193215E+0;;
02/12/2021  12:47:15,375963;1,176590E+0;1,650702E-2;1,032929E+1;1,192915E+0;;
02/12/2021  12:47:15,376063;1,175637E+0;6,939130E-2;1,032929E+1;1,192603E+0;;
02/12/2021  12:47:15,376163;1,175207E+0;5,855958E-2;1,032929E+1;1,192278E+0;;
02/12/2021  12:47:15,376263;1,175398E+0;1,395838E-2;1,032929E+1;1,191941E+0;;
02/12/2021  12:47:15,376363;1,175240E+0;1,650702E-2;1,032929E+1;1,191592E+0;;
02/12/2021  12:47:15,376463;1,174459E+0;5,059508E-2;1,032929E+1;1,191231E+0;;
02/12/2021  12:47:15,376563;1,174090E+0;1,873708E-2;1,032929E+1;1,190858E+0;;
02/12/2021  12:47:15,376663;1,174236E+0;1,555128E-2;1,032929E+1;1,190473E+0;;
02/12/2021  12:47:15,376763;1,174877E+0;1,618844E-2;1,032929E+1;1,190077E+0;;
02/12/2021  12:47:15,376863;1,174853E+0;1,714418E-2;1,032929E+1;1,189670E+0;;
02/12/2021  12:47:15,376963;1,174820E+0;9,774492E-2;1,032929E+1;1,189254E+0;;
02/12/2021  12:47:15,377063;1,174632E+0;4,231200E-2;1,032929E+1;1,188828E+0;;
02/12/2021  12:47:15,377163;1,174745E+0;1,586986E-2;1,032929E+1;1,188395E+0;;
02/12/2021  12:47:15,377263;1,175163E+0;1,459554E-2;1,032929E+1;1,187954E+0;;
02/12/2021  12:47:15,377363;1,175857E+0;1,427696E-2;1,032929E+1;1,187507E+0;;
02/12/2021  12:47:15,377463;1,175926E+0;1,332122E-2;1,032929E+1;1,187056E+0;;
02/12/2021  12:47:15,377563;1,175193E+0;8,542518E-3;1,032929E+1;1,186600E+0;;
02/12/2021  12:47:15,377663;1,175505E+0;1,332122E-2;1,032929E+1;1,186142E+0;;
02/12/2021  12:47:15,377763;1,175786E+0;2,383436E-2;1,032929E+1;1,185683E+0;;
02/12/2021  12:47:15,377863;1,175848E+0;2,797590E-2;1,032929E+1;1,185223E+0;;
02/12/2021  12:47:15,377963;1,176099E+0;1,140974E-2;1,032929E+1;1,184765E+0;;
02/12/2021  12:47:15,378063;1,175371E+0;1,300264E-2;1,032929E+1;1,184308E+0;;
02/12/2021  12:47:15,378163;1,174683E+0;1,555128E-2;1,032929E+1;1,183855E+0;;
02/12/2021  12:47:15,378263;1,174516E+0;1,045400E-2;1,032929E+1;1,183406E+0;;
02/12/2021  12:47:15,378363;1,174632E+0;1,109116E-2;1,032929E+1;1,182962E+0;;
02/12/2021  12:47:15,378463;1,173938E+0;1,109116E-2;1,032929E+1;1,182523E+0;;
02/12/2021  12:47:15,378563;1,173178E+0;1,586986E-2;1,032929E+1;1,182090E+0;;
02/12/2021  12:47:15,378663;1,173568E+0;1,045400E-2;1,032929E+1;1,181665E+0;;
02/12/2021  12:47:15,378763;1,173753E+0;1,427696E-2;1,032929E+1;1,181246E+0;;
02/12/2021  12:47:15,378863;1,174021E+0;1,523270E-2;1,032929E+1;1,180834E+0;;
02/12/2021  12:47:15,378963;1,172767E+0;1,459554E-2;1,032929E+1;1,180431E+0;;
02/12/2021  12:47:15,379063;1,171917E+0;1,459554E-2;1,032929E+1;1,180036E+0;;
02/12/2021  12:47:15,379163;1,171622E+0;5,675298E-3;1,032929E+1;1,179649E+0;;
02/12/2021  12:47:15,379263;1,172477E+0;1,523270E-2;1,032929E+1;1,179271E+0;;
02/12/2021  12:47:15,379363;1,172239E+0;1,618844E-2;1,032929E+1;1,178902E+0;;
02/12/2021  12:47:15,379463;1,171235E+0;1,586986E-2;1,032929E+1;1,178541E+0;;
02/12/2021  12:47:15,379563;1,169822E+0;1,809992E-2;1,032929E+1;1,178188E+0;;
02/12/2021  12:47:15,379663;1,170323E+0;1,268406E-2;1,032929E+1;1,177845E+0;;
02/12/2021  12:47:15,379763;1,169783E+0;6,949618E-3;1,032929E+1;1,177509E+0;;
02/12/2021  12:47:15,379863;1,169753E+0;8,542518E-3;1,032929E+1;1,177181E+0;;
02/12/2021  12:47:15,379963;1,168377E+0;9,816838E-3;1,032929E+1;1,176861E+0;;
02/12/2021  12:47:15,380063;1,167131E+0;1,395838E-2;1,032929E+1;1,176548E+0;;
02/12/2021  12:47:15,380163;1,166308E+0;1,395838E-2;1,032929E+1;1,176242E+0;;
02/12/2021  12:47:15,380263;1,166708E+0;1,523270E-2;1,032929E+1;1,175942E+0;;
02/12/2021  12:47:15,380363;1,166275E+0;1,555128E-2;1,032929E+1;1,175646E+0;;
02/12/2021  12:47:15,380463;1,165650E+0;1,109116E-2;1,032929E+1;1,175356E+0;;
02/12/2021  12:47:15,380563;1,165009E+0;1,363980E-2;1,032929E+1;1,175069E+0;;
02/12/2021  12:47:15,380663;1,164526E+0;1,395838E-2;1,032929E+1;1,174786E+0;;
02/12/2021  12:47:15,380763;1,165095E+0;1,236548E-2;1,032929E+1;1,174505E+0;;
02/12/2021  12:47:15,380863;1,165214E+0;1,586986E-2;1,032929E+1;1,174227E+0;;
02/12/2021  12:47:15,380963;1,164812E+0;2,096714E-2;1,032929E+1;1,173950E+0;;
02/12/2021  12:47:15,381063;1,164320E+0;1,013542E-2;1,032929E+1;1,173675E+0;;
02/12/2021  12:47:15,381163;1,164505E+0;8,542518E-3;1,032929E+1;1,173401E+0;;
02/12/2021  12:47:15,381263;1,164064E+0;1,204690E-2;1,032929E+1;1,173128E+0;;
02/12/2021  12:47:15,381363;1,164523E+0;1,491412E-2;1,032929E+1;1,172856E+0;;
02/12/2021  12:47:15,381463;1,164076E+0;1,459554E-2;1,032929E+1;1,172585E+0;;
02/12/2021  12:47:15,381563;1,163164E+0;1,459554E-2;1,032929E+1;1,172314E+0;;
02/12/2021  12:47:15,381663;1,163295E+0;1,746276E-2;1,032929E+1;1,172044E+0;;
02/12/2021  12:47:15,381763;1,163763E+0;1,395838E-2;1,032929E+1;1,171774E+0;;
02/12/2021  12:47:15,381863;1,163027E+0;1,586986E-2;1,032929E+1;1,171505E+0;;
02/12/2021  12:47:15,381963;1,162502E+0;1,491412E-2;1,032929E+1;1,171236E+0;;
02/12/2021  12:47:15,382063;1,162252E+0;1,650702E-2;1,032929E+1;1,170968E+0;;
02/12/2021  12:47:15,382163;1,163110E+0;1,013542E-2;1,032929E+1;1,170699E+0;;
02/12/2021  12:47:15,382263;1,163265E+0;1,523270E-2;1,032929E+1;1,170431E+0;;
02/12/2021  12:47:15,382363;1,163698E+0;1,650702E-2;1,032929E+1;1,170164E+0;;
02/12/2021  12:47:15,382463;1,163554E+0;1,427696E-2;1,032929E+1;1,169898E+0;;
02/12/2021  12:47:15,382563;1,163784E+0;1,650702E-2;1,032929E+1;1,169633E+0;;
02/12/2021  12:47:15,382663;1,165107E+0;1,204690E-2;1,032929E+1;1,169369E+0;;
02/12/2021  12:47:15,382763;1,165873E+0;1,523270E-2;1,032929E+1;1,169108E+0;;
02/12/2021  12:47:15,382863;1,166267E+0;1,300264E-2;1,032929E+1;1,168850E+0;;
02/12/2021  12:47:15,382963;1,165963E+0;1,395838E-2;1,032929E+1;1,168596E+0;;
02/12/2021  12:47:15,383063;1,167176E+0;2,287862E-2;1,032929E+1;1,168346E+0;;
02/12/2021  12:47:15,383163;1,168150E+0;8,223938E-3;1,032929E+1;1,168103E+0;;
02/12/2021  12:47:15,383263;1,168812E+0;1,523270E-2;1,032929E+1;1,167866E+0;;
02/12/2021  12:47:15,383363;1,168853E+0;1,682560E-2;1,032929E+1;1,167636E+0;;
02/12/2021  12:47:15,383463;1,168302E+0;1,172832E-2;1,032929E+1;1,167415E+0;;
02/12/2021  12:47:15,383563;1,169295E+0;1,204690E-2;1,032929E+1;1,167204E+0;;
02/12/2021  12:47:15,383663;1,170409E+0;1,523270E-2;1,032929E+1;1,167004E+0;;
02/12/2021  12:47:15,383763;1,170686E+0;1,778134E-2;1,032929E+1;1,166814E+0;;
02/12/2021  12:47:15,383863;1,169849E+0;1,650702E-2;1,032929E+1;1,166637E+0;;
02/12/2021  12:47:15,383963;1,169730E+0;1,586986E-2;1,032929E+1;1,166472E+0;;
02/12/2021  12:47:15,384063;1,170254E+0;1,714418E-2;1,032929E+1;1,166321E+0;;
02/12/2021  12:47:15,384163;1,170803E+0;1,586986E-2;1,032929E+1;1,166184E+0;;
02/12/2021  12:47:15,384263;1,170877E+0;1,586986E-2;1,032929E+1;1,166061E+0;;
02/12/2021  12:47:15,384363;1,171267E+0;1,618844E-2;1,032929E+1;1,165952E+0;;
02/12/2021  12:47:15,384463;1,170966E+0;1,459554E-2;1,032929E+1;1,165858E+0;;
02/12/2021  12:47:15,384563;1,171962E+0;1,300264E-2;1,032929E+1;1,165779E+0;;
02/12/2021  12:47:15,384663;1,172841E+0;1,682560E-2;1,032929E+1;1,165715E+0;;
02/12/2021  12:47:15,384763;1,173077E+0;1,363980E-2;1,032929E+1;1,165666E+0;;
02/12/2021  12:47:15,384863;1,172752E+0;1,746276E-2;1,032929E+1;1,165633E+0;;
02/12/2021  12:47:15,384963;1,172519E+0;1,650702E-2;1,032929E+1;1,165616E+0;;
02/12/2021  12:47:15,385063;1,172397E+0;1,013542E-2;1,032929E+1;1,165614E+0;;
02/12/2021  12:47:15,385163;1,172963E+0;1,395838E-2;1,032929E+1;1,165627E+0;;
02/12/2021  12:47:15,385263;1,173097E+0;1,523270E-2;1,032929E+1;1,165656E+0;;
02/12/2021  12:47:15,385363;1,172391E+0;1,395838E-2;1,032929E+1;1,165699E+0;;
02/12/2021  12:47:15,385463;1,170785E+0;1,109116E-2;1,032929E+1;1,165757E+0;;
02/12/2021  12:47:15,385563;1,171452E+0;1,332122E-2;1,032929E+1;1,165828E+0;;
02/12/2021  12:47:15,385663;1,170803E+0;7,586778E-3;1,032929E+1;1,165912E+0;;
02/12/2021  12:47:15,385763;1,170162E+0;6,631038E-3;1,032929E+1;1,166007E+0;;
02/12/2021  12:47:15,385863;1,168439E+0;5,780180E-4;1,032929E+1;1,166114E+0;;
02/12/2021  12:47:15,385963;1,167536E+0;1,533758E-3;1,032929E+1;1,166230E+0;;
02/12/2021  12:47:15,386063;1,167414E+0;5,038138E-3;1,032929E+1;1,166353E+0;;
02/12/2021  12:47:15,386163;1,166666E+0;5,356718E-3;1,032929E+1;1,166484E+0;;
02/12/2021  12:47:15,386263;1,166842E+0;1,533758E-3;1,032929E+1;1,166618E+0;;
02/12/2021  12:47:15,386363;1,165656E+0;1,215178E-3;1,032929E+1;1,166757E+0;;
02/12/2021  12:47:15,386463;1,164958E+0;1,215178E-3;1,032929E+1;1,166896E+0;;
02/12/2021  12:47:15,386563;1,165125E+0;2,489498E-3;1,032929E+1;1,167036E+0;;
02/12/2021  12:47:15,386663;1,165372E+0;1,215178E-3;1,032929E+1;1,167175E+0;;
02/12/2021  12:47:15,386763;1,164699E+0;8,965980E-4;1,032929E+1;1,167311E+0;;
02/12/2021  12:47:15,386863;1,163635E+0;1,215178E-3;1,032929E+1;1,167443E+0;;
02/12/2021  12:47:15,386963;1,163823E+0;1,852338E-3;1,032929E+1;1,167570E+0;;
02/12/2021  12:47:15,387063;1,164890E+0;8,965980E-4;1,032929E+1;1,167691E+0;;
02/12/2021  12:47:15,387163;1,164872E+0;8,965980E-4;1,032929E+1;1,167804E+0;;
02/12/2021  12:47:15,387263;1,164806E+0;8,965980E-4;1,032929E+1;1,167910E+0;;
02/12/2021  12:47:15,387363;1,164264E+0;5,780180E-4;1,032929E+1;1,168007E+0;;
02/12/2021  12:47:15,387463;1,164586E+0;1,533758E-3;1,032929E+1;1,168095E+0;;
02/12/2021  12:47:15,387563;1,165325E+0;1,215178E-3;1,032929E+1;1,168174E+0;;
02/12/2021  12:47:15,387663;1,166335E+0;1,215178E-3;1,032929E+1;1,168243E+0;;
02/12/2021  12:47:15,387763;1,166875E+0;8,965980E-4;1,032929E+1;1,168302E+0;;
02/12/2021  12:47:15,387863;1,166213E+0;1,215178E-3;1,032929E+1;1,168353E+0;;
02/12/2021  12:47:15,387963;1,166234E+0;1,533758E-3;1,032929E+1;1,168394E+0;;
02/12/2021  12:47:15,388063;1,167617E+0;1,215178E-3;1,032929E+1;1,168426E+0;;
02/12/2021  12:47:15,388163;1,167685E+0;8,965980E-4;1,032929E+1;1,168451E+0;;
02/12/2021  12:47:15,388263;1,167375E+0;3,126658E-3;1,032929E+1;1,168468E+0;;
02/12/2021  12:47:15,388363;1,167480E+0;8,965980E-4;1,032929E+1;1,168477E+0;;
02/12/2021  12:47:15,388463;1,167572E+0;1,215178E-3;1,032929E+1;1,168480E+0;;
02/12/2021  12:47:15,388563;1,168812E+0;1,533758E-3;1,032929E+1;1,168477E+0;;
02/12/2021  12:47:15,388663;1,169438E+0;1,215178E-3;1,032929E+1;1,168469E+0;;
02/12/2021  12:47:15,388763;1,169262E+0;1,533758E-3;1,032929E+1;1,168456E+0;;
02/12/2021  12:47:15,388863;1,169572E+0;1,533758E-3;1,032929E+1;1,168440E+0;;
02/12/2021  12:47:15,388963;1,170019E+0;1,215178E-3;1,032929E+1;1,168420E+0;;
02/12/2021  12:47:15,389063;1,170981E+0;2,170918E-3;1,032929E+1;1,168399E+0;;
02/12/2021  12:47:15,389163;1,171405E+0;7,268198E-3;1,032929E+1;1,168376E+0;;
02/12/2021  12:47:15,389263;1,171756E+0;6,949618E-3;1,032929E+1;1,168353E+0;;
02/12/2021  12:47:15,389363;1,172117E+0;5,993878E-3;1,032929E+1;1,168331E+0;;
02/12/2021  12:47:15,389463;1,172418E+0;8,542518E-3;1,032929E+1;1,168311E+0;;
02/12/2021  12:47:15,389563;1,172823E+0;6,631038E-3;1,032929E+1;1,168293E+0;;
02/12/2021  12:47:15,389663;1,173381E+0;1,300264E-2;1,032929E+1;1,168278E+0;;
02/12/2021  12:47:15,389763;1,172564E+0;6,631038E-3;1,032929E+1;1,168267E+0;;
02/12/2021  12:47:15,389863;1,172212E+0;6,631038E-3;1,032929E+1;1,168262E+0;;
02/12/2021  12:47:15,389963;1,172403E+0;1,555128E-2;1,032929E+1;1,168261E+0;;
02/12/2021  12:47:15,390063;1,172442E+0;1,395838E-2;1,032929E+1;1,168266E+0;;
02/12/2021  12:47:15,390163;1,171980E+0;1,268406E-2;1,032929E+1;1,168277E+0;;
02/12/2021  12:47:15,390263;1,171336E+0;6,949618E-3;1,032929E+1;1,168294E+0;;
02/12/2021  12:47:15,390363;1,170695E+0;1,459554E-2;1,032929E+1;1,168317E+0;;
02/12/2021  12:47:15,390463;1,171220E+0;1,395838E-2;1,032929E+1;1,168346E+0;;
02/12/2021  12:47:15,390563;1,171613E+0;1,140974E-2;1,032929E+1;1,168380E+0;;
02/12/2021  12:47:15,390663;1,171256E+0;1,204690E-2;1,032929E+1;1,168420E+0;;
02/12/2021  12:47:15,390763;1,170910E+0;1,523270E-2;1,032929E+1;1,168464E+0;;
02/12/2021  12:47:15,390863;1,170907E+0;1,140974E-2;1,032929E+1;1,168513E+0;;
02/12/2021  12:47:15,390963;1,170749E+0;1,172832E-2;1,032929E+1;1,168567E+0;;
02/12/2021  12:47:15,391063;1,171986E+0;1,109116E-2;1,032929E+1;1,168625E+0;;
02/12/2021  12:47:15,391163;1,171855E+0;1,363980E-2;1,032929E+1;1,168686E+0;;
02/12/2021  12:47:15,391263;1,171425E+0;1,077258E-2;1,032929E+1;1,168751E+0;;
02/12/2021  12:47:15,391363;1,171422E+0;1,555128E-2;1,032929E+1;1,168819E+0;;
02/12/2021  12:47:15,391463;1,172466E+0;1,332122E-2;1,032929E+1;1,168891E+0;;
02/12/2021  12:47:15,391563;1,172859E+0;1,555128E-2;1,032929E+1;1,168965E+0;;
02/12/2021  12:47:15,391663;1,172767E+0;1,650702E-2;1,032929E+1;1,169043E+0;;
02/12/2021  12:47:15,391763;1,172683E+0;1,332122E-2;1,032929E+1;1,169123E+0;;
02/12/2021  12:47:15,391863;1,172981E+0;1,395838E-2;1,032929E+1;1,169206E+0;;
02/12/2021  12:47:15,391963;1,173506E+0;1,077258E-2;1,032929E+1;1,169292E+0;;
02/12/2021  12:47:15,392063;1,174254E+0;1,204690E-2;1,032929E+1;1,169380E+0;;
02/12/2021  12:47:15,392163;1,174340E+0;1,077258E-2;1,032929E+1;1,169471E+0;;
02/12/2021  12:47:15,392263;1,174582E+0;1,077258E-2;1,032929E+1;1,169565E+0;;
02/12/2021  12:47:15,392363;1,175315E+0;1,109116E-2;1,032929E+1;1,169662E+0;;
02/12/2021  12:47:15,392463;1,176435E+0;1,140974E-2;1,032929E+1;1,169763E+0;;
02/12/2021  12:47:15,392563;1,177395E+0;1,140974E-2;1,032929E+1;1,169866E+0;;
02/12/2021  12:47:15,392663;1,178051E+0;1,395838E-2;1,032929E+1;1,169974E+0;;
02/12/2021  12:47:15,392763;1,178307E+0;1,459554E-2;1,032929E+1;1,170086E+0;;
02/12/2021  12:47:15,392863;1,179681E+0;1,650702E-2;1,032929E+1;1,170204E+0;;
02/12/2021  12:47:15,392963;1,180980E+0;1,395838E-2;1,032929E+1;1,170327E+0;;
02/12/2021  12:47:15,393063;1,181770E+0;1,427696E-2;1,032929E+1;1,170456E+0;;
02/12/2021  12:47:15,393163;1,182590E+0;1,586986E-2;1,032929E+1;1,170593E+0;;
02/12/2021  12:47:15,393263;1,181907E+0;1,363980E-2;1,032929E+1;1,170738E+0;;
02/12/2021  12:47:15,393363;1,183567E+0;1,268406E-2;1,032929E+1;1,170892E+0;;
02/12/2021  12:47:15,393463;1,184247E+0;1,491412E-2;1,032929E+1;1,171055E+0;;
02/12/2021  12:47:15,393563;1,185242E+0;1,013542E-2;1,032929E+1;1,171228E+0;;
02/12/2021  12:47:15,393663;1,184303E+0;1,491412E-2;1,032929E+1;1,171412E+0;;
02/12/2021  12:47:15,393763;1,184318E+0;1,491412E-2;1,032929E+1;1,171607E+0;;
02/12/2021  12:47:15,393863;1,184044E+0;1,618844E-2;1,032929E+1;1,171813E+0;;
02/12/2021  12:47:15,393963;1,184369E+0;1,459554E-2;1,032929E+1;1,172031E+0;;
02/12/2021  12:47:15,394063;1,185141E+0;1,172832E-2;1,032929E+1;1,172260E+0;;
02/12/2021  12:47:15,394163;1,184747E+0;1,586986E-2;1,032929E+1;1,172501E+0;;
02/12/2021  12:47:15,394263;1,184834E+0;1,586986E-2;1,032929E+1;1,172753E+0;;
02/12/2021  12:47:15,394363;1,185376E+0;1,363980E-2;1,032929E+1;1,173015E+0;;
02/12/2021  12:47:15,394463;1,186360E+0;1,332122E-2;1,032929E+1;1,173288E+0;;
02/12/2021  12:47:15,394563;1,186005E+0;1,586986E-2;1,032929E+1;1,173571E+0;;
02/12/2021  12:47:15,394663;1,186226E+0;1,491412E-2;1,032929E+1;1,173864E+0;;
02/12/2021  12:47:15,394763;1,185588E+0;1,555128E-2;1,032929E+1;1,174166E+0;;
02/12/2021  12:47:15,394863;1,186282E+0;1,459554E-2;1,032929E+1;1,174477E+0;;
02/12/2021  12:47:15,394963;1,186798E+0;1,332122E-2;1,032929E+1;1,174795E+0;;
02/12/2021  12:47:15,395063;1,186694E+0;1,427696E-2;1,032929E+1;1,175122E+0;;
02/12/2021  12:47:15,395163;1,186208E+0;1,300264E-2;1,032929E+1;1,175456E+0;;
02/12/2021  12:47:15,395263;1,185892E+0;1,459554E-2;1,032929E+1;1,175795E+0;;
02/12/2021  12:47:15,395363;1,185808E+0;1,332122E-2;1,032929E+1;1,176141E+0;;
02/12/2021  12:47:15,395463;1,185793E+0;1,586986E-2;1,032929E+1;1,176490E+0;;
02/12/2021  12:47:15,395563;1,185489E+0;1,937424E-2;1,032929E+1;1,176844E+0;;
02/12/2021  12:47:15,395663;1,185078E+0;1,286472E-1;1,032929E+1;1,177200E+0;;
02/12/2021  12:47:15,395763;1,183996E+0;1,650702E-2;1,032929E+1;1,177558E+0;;
02/12/2021  12:47:15,395863;1,183725E+0;1,395838E-2;1,032929E+1;1,177916E+0;;
02/12/2021  12:47:15,395963;1,184190E+0;1,523270E-2;1,032929E+1;1,178273E+0;;
02/12/2021  12:47:15,396063;1,184342E+0;2,001140E-2;1,032929E+1;1,178629E+0;;
02/12/2021  12:47:15,396163;1,183508E+0;1,503106E-1;1,032929E+1;1,178981E+0;;
02/12/2021  12:47:15,396263;1,183788E+0;1,363980E-2;1,032929E+1;1,179329E+0;;
02/12/2021  12:47:15,396363;1,184843E+0;1,491412E-2;1,032929E+1;1,179672E+0;;
02/12/2021  12:47:15,396463;1,185233E+0;1,714418E-2;1,032929E+1;1,180010E+0;;
02/12/2021  12:47:15,396563;1,185981E+0;1,073023E-1;1,032929E+1;1,180340E+0;;
02/12/2021  12:47:15,396663;1,186384E+0;1,650702E-2;1,032929E+1;1,180664E+0;;
02/12/2021  12:47:15,396763;1,187141E+0;9,816838E-3;1,032929E+1;1,180980E+0;;
02/12/2021  12:47:15,396863;1,188839E+0;1,363980E-2;1,032929E+1;1,181290E+0;;
02/12/2021  12:47:15,396963;1,189674E+0;1,459554E-2;1,032929E+1;1,181592E+0;;
02/12/2021  12:47:15,397063;1,189873E+0;1,586986E-2;1,032929E+1;1,181887E+0;;
02/12/2021  12:47:15,397163;1,189748E+0;1,459554E-2;1,032929E+1;1,182176E+0;;
02/12/2021  12:47:15,397263;1,190610E+0;1,714418E-2;1,032929E+1;1,182460E+0;;
02/12/2021  12:47:15,397363;1,191483E+0;1,586986E-2;1,032929E+1;1,182738E+0;;
02/12/2021  12:47:15,397463;1,192651E+0;1,236548E-2;1,032929E+1;1,183011E+0;;
02/12/2021  12:47:15,397563;1,192282E+0;2,128572E-2;1,032929E+1;1,183279E+0;;
02/12/2021  12:47:15,397663;1,191560E+0;1,555128E-2;1,032929E+1;1,183545E+0;;
02/12/2021  12:47:15,397763;1,191697E+0;1,778134E-2;1,032929E+1;1,183807E+0;;
02/12/2021  12:47:15,397863;1,192803E+0;1,555128E-2;1,032929E+1;1,184066E+0;;
02/12/2021  12:47:15,397963;1,193265E+0;1,491412E-2;1,032929E+1;1,184323E+0;;
02/12/2021  12:47:15,398063;1,193366E+0;1,491412E-2;1,032929E+1;1,184578E+0;;
02/12/2021  12:47:15,398163;1,193107E+0;7,905358E-3;1,032929E+1;1,184831E+0;;
02/12/2021  12:47:15,398263;1,193563E+0;1,427696E-2;1,032929E+1;1,185083E+0;;
02/12/2021  12:47:15,398363;1,194004E+0;1,332122E-2;1,032929E+1;1,185334E+0;;
02/12/2021  12:47:15,398463;1,194278E+0;1,586986E-2;1,032929E+1;1,185584E+0;;
02/12/2021  12:47:15,398563;1,194135E+0;1,650702E-2;1,032929E+1;1,185834E+0;;
02/12/2021  12:47:15,398663;1,193870E+0;1,491412E-2;1,032929E+1;1,186083E+0;;
02/12/2021  12:47:15,398763;1,193942E+0;1,618844E-2;1,032929E+1;1,186332E+0;;
02/12/2021  12:47:15,398863;1,194103E+0;1,586986E-2;1,032929E+1;1,186580E+0;;
02/12/2021  12:47:15,398963;1,194183E+0;1,523270E-2;1,032929E+1;1,186829E+0;;
02/12/2021  12:47:15,399063;1,193769E+0;1,586986E-2;1,032929E+1;1,187076E+0;;
02/12/2021  12:47:15,399163;1,192797E+0;1,618844E-2;1,032929E+1;1,187323E+0;;
02/12/2021  12:47:15,399263;1,193116E+0;1,523270E-2;1,032929E+1;1,187570E+0;;
02/12/2021  12:47:15,399363;1,192961E+0;1,427696E-2;1,032929E+1;1,187815E+0;;
02/12/2021  12:47:15,399463;1,192025E+0;1,650702E-2;1,032929E+1;1,188058E+0;;
02/12/2021  12:47:15,399563;1,191185E+0;1,491412E-2;1,032929E+1;1,188299E+0;;
02/12/2021  12:47:15,399663;1,189599E+0;1,523270E-2;1,032929E+1;1,188536E+0;;
02/12/2021  12:47:15,399763;1,188553E+0;1,300264E-2;1,032929E+1;1,188770E+0;;
02/12/2021  12:47:15,399863;1,188202E+0;2,808078E-3;1,032929E+1;1,188999E+0;;
02/12/2021  12:47:15,399963;1,187468E+0;1,618844E-2;1,032929E+1;1,189221E+0;;
02/12/2021  12:47:15,400063;1,185677E+0;1,395838E-2;1,032929E+1;1,189435E+0;;
02/12/2021  12:47:15,400163;1,184378E+0;1,586986E-2;1,032929E+1;1,189641E+0;;
02/12/2021  12:47:15,400263;1,183546E+0;9,179678E-3;1,032929E+1;1,189836E+0;;
02/12/2021  12:47:15,400363;1,183904E+0;1,682560E-2;1,032929E+1;1,190020E+0;;
02/12/2021  12:47:15,400463;1,183302E+0;1,555128E-2;1,032929E+1;1,190190E+0;;
02/12/2021  12:47:15,400563;1,182199E+0;1,332122E-2;1,032929E+1;1,190345E+0;;
02/12/2021  12:47:15,400663;1,181243E+0;1,427696E-2;1,032929E+1;1,190485E+0;;
02/12/2021  12:47:15,400763;1,181570E+0;1,714418E-2;1,032929E+1;1,190608E+0;;
02/12/2021  12:47:15,400863;1,180837E+0;1,650702E-2;1,032929E+1;1,190712E+0;;
02/12/2021  12:47:15,400963;1,181001E+0;1,586986E-2;1,032929E+1;1,190798E+0;;
02/12/2021  12:47:15,401063;1,180345E+0;8,542518E-3;1,032929E+1;1,190865E+0;;
02/12/2021  12:47:15,401163;1,179654E+0;1,618844E-2;1,032929E+1;1,190911E+0;;
02/12/2021  12:47:15,401263;1,180632E+0;1,714418E-2;1,032929E+1;1,190937E+0;;
02/12/2021  12:47:15,401363;1,180235E+0;1,618844E-2;1,032929E+1;1,190941E+0;;
02/12/2021  12:47:15,401463;1,180199E+0;1,555128E-2;1,032929E+1;1,190925E+0;;
02/12/2021  12:47:15,401563;1,178960E+0;1,491412E-2;1,032929E+1;1,190888E+0;;
02/12/2021  12:47:15,401663;1,178414E+0;1,746276E-2;1,032929E+1;1,190831E+0;;
02/12/2021  12:47:15,401763;1,178447E+0;1,586986E-2;1,032929E+1;1,190753E+0;;
02/12/2021  12:47:15,401863;1,178992E+0;1,523270E-2;1,032929E+1;1,190654E+0;;
02/12/2021  12:47:15,401963;1,178298E+0;1,459554E-2;1,032929E+1;1,190535E+0;;
02/12/2021  12:47:15,402063;1,178066E+0;1,523270E-2;1,032929E+1;1,190396E+0;;
02/12/2021  12:47:15,402163;1,177285E+0;1,491412E-2;1,032929E+1;1,190238E+0;;
02/12/2021  12:47:15,402263;1,177732E+0;1,491412E-2;1,032929E+1;1,190062E+0;;
02/12/2021  12:47:15,402363;1,177636E+0;1,459554E-2;1,032929E+1;1,189867E+0;;
02/12/2021  12:47:15,402463;1,177168E+0;1,618844E-2;1,032929E+1;1,189655E+0;;
02/12/2021  12:47:15,402563;1,175699E+0;1,491412E-2;1,032929E+1;1,189426E+0;;
02/12/2021  12:47:15,402663;1,175622E+0;1,332122E-2;1,032929E+1;1,189181E+0;;
02/12/2021  12:47:15,402763;1,176051E+0;1,459554E-2;1,032929E+1;1,188921E+0;;
02/12/2021  12:47:15,402863;1,175818E+0;4,358632E-2;1,032929E+1;1,188645E+0;;
02/12/2021  12:47:15,402963;1,174984E+0;1,555128E-2;1,032929E+1;1,188356E+0;;
02/12/2021  12:47:15,403063;1,174614E+0;1,459554E-2;1,032929E+1;1,188053E+0;;
02/12/2021  12:47:15,403163;1,174394E+0;1,427696E-2;1,032929E+1;1,187738E+0;;
02/12/2021  12:47:15,403263;1,174427E+0;1,332122E-2;1,032929E+1;1,187411E+0;;
02/12/2021  12:47:15,403363;1,173732E+0;1,300264E-2;1,032929E+1;1,187073E+0;;
02/12/2021  12:47:15,403463;1,172269E+0;1,427696E-2;1,032929E+1;1,186724E+0;;
02/12/2021  12:47:15,403563;1,170531E+0;1,172832E-2;1,032929E+1;1,186366E+0;;
02/12/2021  12:47:15,403663;1,170055E+0;1,236548E-2;1,032929E+1;1,185998E+0;;
02/12/2021  12:47:15,403763;1,169563E+0;1,332122E-2;1,032929E+1;1,185620E+0;;
02/12/2021  12:47:15,403863;1,168967E+0;1,650702E-2;1,032929E+1;1,185234E+0;;
02/12/2021  12:47:15,403963;1,167298E+0;1,778134E-2;1,032929E+1;1,184838E+0;;
02/12/2021  12:47:15,404063;1,165673E+0;1,714418E-2;1,032929E+1;1,184433E+0;;
02/12/2021  12:47:15,404163;1,164955E+0;1,873708E-2;1,032929E+1;1,184020E+0;;
02/12/2021  12:47:15,404263;1,164162E+0;1,682560E-2;1,032929E+1;1,183596E+0;;
02/12/2021  12:47:15,404363;1,163599E+0;1,841850E-2;1,032929E+1;1,183163E+0;;
02/12/2021  12:47:15,404463;1,162103E+0;1,682560E-2;1,032929E+1;1,182721E+0;;
02/12/2021  12:47:15,404563;1,160461E+0;1,714418E-2;1,032929E+1;1,182268E+0;;
02/12/2021  12:47:15,404663;1,160732E+0;1,586986E-2;1,032929E+1;1,181805E+0;;
02/12/2021  12:47:15,404763;1,160225E+0;1,236548E-2;1,032929E+1;1,181331E+0;;
02/12/2021  12:47:15,404863;1,159725E+0;1,427696E-2;1,032929E+1;1,180846E+0;;
02/12/2021  12:47:15,404963;1,159179E+0;1,363980E-2;1,032929E+1;1,180350E+0;;
02/12/2021  12:47:15,405063;1,159054E+0;9,816838E-3;1,032929E+1;1,179844E+0;;
02/12/2021  12:47:15,405163;1,159439E+0;8,223938E-3;1,032929E+1;1,179326E+0;;
02/12/2021  12:47:15,405263;1,159561E+0;1,650702E-2;1,032929E+1;1,178799E+0;;
02/12/2021  12:47:15,405363;1,158863E+0;1,300264E-2;1,032929E+1;1,178261E+0;;
02/12/2021  12:47:15,405463;1,158366E+0;9,498258E-3;1,032929E+1;1,177714E+0;;
02/12/2021  12:47:15,405563;1,157931E+0;2,170918E-3;1,032929E+1;1,177159E+0;;
02/12/2021  12:47:15,405663;1,157886E+0;1,363980E-2;1,032929E+1;1,176596E+0;;
02/12/2021  12:47:15,405763;1,158300E+0;1,852338E-3;1,032929E+1;1,176026E+0;;
02/12/2021  12:47:15,405863;1,158035E+0;1,215178E-3;1,032929E+1;1,175449E+0;;
02/12/2021  12:47:15,405963;1,157054E+0;1,215178E-3;1,032929E+1;1,174867E+0;;
02/12/2021  12:47:15,406063;1,156613E+0;1,236548E-2;1,032929E+1;1,174280E+0;;
02/12/2021  12:47:15,406163;1,157153E+0;1,236548E-2;1,032929E+1;1,173690E+0;;
02/12/2021  12:47:15,406263;1,156867E+0;8,965980E-4;1,032929E+1;1,173096E+0;;
02/12/2021  12:47:15,406363;1,156676E+0;1,533758E-3;1,032929E+1;1,172500E+0;;
02/12/2021  12:47:15,406463;1,156095E+0;1,533758E-3;1,032929E+1;1,171904E+0;;
02/12/2021  12:47:15,406563;1,155382E+0;8,965980E-4;1,032929E+1;1,171307E+0;;
02/12/2021  12:47:15,406663;1,155704E+0;1,215178E-3;1,032929E+1;1,170710E+0;;
02/12/2021  12:47:15,406763;1,155734E+0;1,852338E-3;1,032929E+1;1,170115E+0;;
02/12/2021  12:47:15,406863;1,155958E+0;8,965980E-4;1,032929E+1;1,169522E+0;;
02/12/2021  12:47:15,406963;1,154962E+0;1,215178E-3;1,032929E+1;1,168932E+0;;
02/12/2021  12:47:15,407063;1,155433E+0;1,533758E-3;1,032929E+1;1,168346E+0;;
02/12/2021  12:47:15,407163;1,155910E+0;1,215178E-3;1,032929E+1;1,167764E+0;;
02/12/2021  12:47:15,407263;1,155323E+0;1,215178E-3;1,032929E+1;1,167188E+0;;
02/12/2021  12:47:15,407363;1,155844E+0;8,965980E-4;1,032929E+1;1,166618E+0;;
02/12/2021  12:47:15,407463;1,154670E+0;8,965980E-4;1,032929E+1;1,166056E+0;;
02/12/2021  12:47:15,407563;1,155055E+0;1,215178E-3;1,032929E+1;1,165501E+0;;
02/12/2021  12:47:15,407663;1,154953E+0;1,215178E-3;1,032929E+1;1,164955E+0;;
02/12/2021  12:47:15,407763;1,154718E+0;1,852338E-3;1,032929E+1;1,164418E+0;;
02/12/2021  12:47:15,407863;1,154473E+0;1,533758E-3;1,032929E+1;1,163890E+0;;
02/12/2021  12:47:15,407963;1,154041E+0;8,965980E-4;1,032929E+1;1,163374E+0;;
02/12/2021  12:47:15,408063;1,153129E+0;8,965980E-4;1,032929E+1;1,162868E+0;;
02/12/2021  12:47:15,408163;1,153630E+0;1,533758E-3;1,032929E+1;1,162372E+0;;
02/12/2021  12:47:15,408263;1,153693E+0;8,965980E-4;1,032929E+1;1,161889E+0;;
02/12/2021  12:47:15,408363;1,153037E+0;8,965980E-4;1,032929E+1;1,161416E+0;;
02/12/2021  12:47:15,408463;1,152843E+0;1,215178E-3;1,032929E+1;1,160956E+0;;
02/12/2021  12:47:15,408563;1,153547E+0;1,533758E-3;1,032929E+1;1,160507E+0;;
02/12/2021  12:47:15,408663;1,153442E+0;1,533758E-3;1,032929E+1;1,160070E+0;;
02/12/2021  12:47:15,408763;1,153892E+0;2,808078E-3;1,032929E+1;1,159646E+0;;
02/12/2021  12:47:15,408863;1,153308E+0;1,215178E-3;1,032929E+1;1,159234E+0;;
02/12/2021  12:47:15,408963;1,153052E+0;1,852338E-3;1,032929E+1;1,158835E+0;;
02/12/2021  12:47:15,409063;1,153728E+0;2,489498E-3;1,032929E+1;1,158449E+0;;
02/12/2021  12:47:15,409163;1,153934E+0;4,719558E-3;1,032929E+1;1,158075E+0;;
02/12/2021  12:47:15,409263;1,153788E+0;1,013542E-2;1,032929E+1;1,157715E+0;;
02/12/2021  12:47:15,409363;1,153478E+0;5,993878E-3;1,032929E+1;1,157368E+0;;
02/12/2021  12:47:15,409463;1,152864E+0;9,498258E-3;1,032929E+1;1,157035E+0;;
02/12/2021  12:47:15,409563;1,153788E+0;1,427696E-2;1,032929E+1;1,156715E+0;;
02/12/2021  12:47:15,409663;1,154193E+0;1,459554E-2;1,032929E+1;1,156408E+0;;
02/12/2021  12:47:15,409763;1,155469E+0;1,045400E-2;1,032929E+1;1,156115E+0;;
02/12/2021  12:47:15,409863;1,155353E+0;4,400978E-3;1,032929E+1;1,155835E+0;;
02/12/2021  12:47:15,409963;1,155651E+0;1,618844E-2;1,032929E+1;1,155570E+0;;
02/12/2021  12:47:15,410063;1,157609E+0;1,459554E-2;1,032929E+1;1,155319E+0;;
02/12/2021  12:47:15,410163;1,158571E+0;1,586986E-2;1,032929E+1;1,155082E+0;;
02/12/2021  12:47:15,410263;1,159421E+0;1,395838E-2;1,032929E+1;1,154861E+0;;
02/12/2021  12:47:15,410363;1,159901E+0;1,491412E-2;1,032929E+1;1,154657E+0;;
02/12/2021  12:47:15,410463;1,160872E+0;4,358632E-2;1,032929E+1;1,154469E+0;;
02/12/2021  12:47:15,410563;1,162178E+0;1,363980E-2;1,032929E+1;1,154299E+0;;
02/12/2021  12:47:15,410663;1,163355E+0;1,363980E-2;1,032929E+1;1,154148E+0;;
02/12/2021  12:47:15,410763;1,164154E+0;1,523270E-2;1,032929E+1;1,154016E+0;;
02/12/2021  12:47:15,410863;1,164964E+0;1,746276E-2;1,032929E+1;1,153904E+0;;
02/12/2021  12:47:15,410963;1,165065E+0;1,618844E-2;1,032929E+1;1,153814E+0;;
02/12/2021  12:47:15,411063;1,166079E+0;1,268406E-2;1,032929E+1;1,153745E+0;;
02/12/2021  12:47:15,411163;1,166821E+0;1,523270E-2;1,032929E+1;1,153700E+0;;
02/12/2021  12:47:15,411263;1,167500E+0;1,714418E-2;1,032929E+1;1,153677E+0;;
02/12/2021  12:47:15,411363;1,167333E+0;1,586986E-2;1,032929E+1;1,153679E+0;;
02/12/2021  12:47:15,411463;1,167706E+0;1,586986E-2;1,032929E+1;1,153705E+0;;
02/12/2021  12:47:15,411563;1,169438E+0;1,491412E-2;1,032929E+1;1,153755E+0;;
02/12/2021  12:47:15,411663;1,169664E+0;8,861098E-3;1,032929E+1;1,153830E+0;;
02/12/2021  12:47:15,411763;1,170806E+0;1,077258E-2;1,032929E+1;1,153929E+0;;
02/12/2021  12:47:15,411863;1,170019E+0;1,618844E-2;1,032929E+1;1,154054E+0;;
02/12/2021  12:47:15,411963;1,170615E+0;1,459554E-2;1,032929E+1;1,154204E+0;;
02/12/2021  12:47:15,412063;1,171142E+0;1,523270E-2;1,032929E+1;1,154378E+0;;
02/12/2021  12:47:15,412163;1,171667E+0;1,586986E-2;1,032929E+1;1,154576E+0;;
02/12/2021  12:47:15,412263;1,171813E+0;1,523270E-2;1,032929E+1;1,154799E+0;;
02/12/2021  12:47:15,412363;1,171658E+0;1,618844E-2;1,032929E+1;1,155044E+0;;
02/12/2021  12:47:15,412463;1,171613E+0;1,523270E-2;1,032929E+1;1,155313E+0;;
02/12/2021  12:47:15,412563;1,172618E+0;1,618844E-2;1,032929E+1;1,155603E+0;;
02/12/2021  12:47:15,412663;1,172582E+0;1,523270E-2;1,032929E+1;1,155915E+0;;
02/12/2021  12:47:15,412763;1,172662E+0;1,650702E-2;1,032929E+1;1,156246E+0;;
02/12/2021  12:47:15,412863;1,171142E+0;1,523270E-2;1,032929E+1;1,156597E+0;;
02/12/2021  12:47:15,412963;1,172090E+0;1,618844E-2;1,032929E+1;1,156965E+0;;
02/12/2021  12:47:15,413063;1,172883E+0;1,555128E-2;1,032929E+1;1,157351E+0;;
02/12/2021  12:47:15,413163;1,172993E+0;1,459554E-2;1,032929E+1;1,157751E+0;;
02/12/2021  12:47:15,413263;1,172421E+0;1,363980E-2;1,032929E+1;1,158166E+0;;
02/12/2021  12:47:15,413363;1,171557E+0;1,459554E-2;1,032929E+1;1,158593E+0;;
02/12/2021  12:47:15,413463;1,171962E+0;1,491412E-2;1,032929E+1;1,159032E+0;;
02/12/2021  12:47:15,413563;1,172311E+0;1,491412E-2;1,032929E+1;1,159480E+0;;
02/12/2021  12:47:15,413663;1,171974E+0;1,746276E-2;1,032929E+1;1,159937E+0;;
02/12/2021  12:47:15,413763;1,172120E+0;9,498258E-3;1,032929E+1;1,160400E+0;;
02/12/2021  12:47:15,413863;1,171890E+0;6,949618E-3;1,032929E+1;1,160869E+0;;
02/12/2021  12:47:15,413963;1,172156E+0;8,223938E-3;1,032929E+1;1,161341E+0;;
02/12/2021  12:47:15,414063;1,173339E+0;1,459554E-2;1,032929E+1;1,161816E+0;;
02/12/2021  12:47:15,414163;1,173997E+0;1,491412E-2;1,032929E+1;1,162293E+0;;
02/12/2021  12:47:15,414263;1,172957E+0;8,861098E-3;1,032929E+1;1,162769E+0;;
02/12/2021  12:47:15,414363;1,173103E+0;8,861098E-3;1,032929E+1;1,163245E+0;;
02/12/2021  12:47:15,414463;1,174412E+0;1,618844E-2;1,032929E+1;1,163719E+0;;
02/12/2021  12:47:15,414563;1,174883E+0;1,586986E-2;1,032929E+1;1,164190E+0;;
02/12/2021  12:47:15,414663;1,175511E+0;1,459554E-2;1,032929E+1;1,164658E+0;;
02/12/2021  12:47:15,414763;1,176006E+0;1,459554E-2;1,032929E+1;1,165122E+0;;
02/12/2021  12:47:15,414863;1,176662E+0;1,491412E-2;1,032929E+1;1,165582E+0;;
02/12/2021  12:47:15,414963;1,177744E+0;1,427696E-2;1,032929E+1;1,166036E+0;;
02/12/2021  12:47:15,415063;1,178253E+0;1,427696E-2;1,032929E+1;1,166486E+0;;
02/12/2021  12:47:15,415163;1,179252E+0;1,363980E-2;1,032929E+1;1,166931E+0;;
02/12/2021  12:47:15,415263;1,178659E+0;1,172832E-2;1,032929E+1;1,167371E+0;;
02/12/2021  12:47:15,415363;1,179487E+0;9,328480E-2;1,032929E+1;1,167807E+0;;
02/12/2021  12:47:15,415463;1,180882E+0;1,109116E-2;1,032929E+1;1,168237E+0;;
02/12/2021  12:47:15,415563;1,181865E+0;1,300264E-2;1,032929E+1;1,168663E+0;;
02/12/2021  12:47:15,415663;1,182399E+0;1,069837E-1;1,032929E+1;1,169085E+0;;
02/12/2021  12:47:15,415763;1,182646E+0;1,013542E-2;1,032929E+1;1,169503E+0;;
02/12/2021  12:47:15,415863;1,184223E+0;1,204690E-2;1,032929E+1;1,169918E+0;;
02/12/2021  12:47:15,415963;1,184524E+0;1,523270E-2;1,032929E+1;1,170330E+0;;
02/12/2021  12:47:15,416063;1,186792E+0;4,454206E-2;1,032929E+1;1,170740E+0;;
02/12/2021  12:47:15,416163;1,187555E+0;3,657756E-2;1,032929E+1;1,171149E+0;;
02/12/2021  12:47:15,416263;1,188023E+0;1,204690E-2;1,032929E+1;1,171557E+0;;
02/12/2021  12:47:15,416363;1,189948E+0;1,969282E-2;1,032929E+1;1,171965E+0;;
02/12/2021  12:47:15,416463;1,191584E+0;1,459554E-2;1,032929E+1;1,172375E+0;;
02/12/2021  12:47:15,416563;1,192666E+0;4,135626E-2;1,032929E+1;1,172787E+0;;
02/12/2021  12:47:15,416663;1,193271E+0;2,542726E-2;1,032929E+1;1,173203E+0;;
02/12/2021  12:47:15,416763;1,193587E+0;1,778134E-2;1,032929E+1;1,173623E+0;;
02/12/2021  12:47:15,416863;1,194660E+0;1,778134E-2;1,032929E+1;1,174050E+0;;
02/12/2021  12:47:15,416963;1,195709E+0;1,778134E-2;1,032929E+1;1,174483E+0;;
02/12/2021  12:47:15,417063;1,196934E+0;1,493549E-1;1,032929E+1;1,174923E+0;;
02/12/2021  12:47:15,417163;1,196856E+0;1,778134E-2;1,032929E+1;1,175372E+0;;
02/12/2021  12:47:15,417263;1,196928E+0;1,650702E-2;1,032929E+1;1,175830E+0;;
02/12/2021  12:47:15,417363;1,197739E+0;1,714418E-2;1,032929E+1;1,176298E+0;;
02/12/2021  12:47:15,417463;1,197807E+0;2,224146E-2;1,032929E+1;1,176776E+0;;
02/12/2021  12:47:15,417563;1,198129E+0;9,424054E-2;1,032929E+1;1,177263E+0;;
02/12/2021  12:47:15,417663;1,197750E+0;1,618844E-2;1,032929E+1;1,177761E+0;;
02/12/2021  12:47:15,417763;1,197473E+0;1,555128E-2;1,032929E+1;1,178270E+0;;
02/12/2021  12:47:15,417863;1,197956E+0;2,128572E-2;1,032929E+1;1,178787E+0;;
02/12/2021  12:47:15,417963;1,197703E+0;1,523270E-2;1,032929E+1;1,179314E+0;;
02/12/2021  12:47:15,418063;1,197154E+0;1,459554E-2;1,032929E+1;1,179850E+0;;
02/12/2021  12:47:15,418163;1,196675E+0;1,332122E-2;1,032929E+1;1,180393E+0;;
02/12/2021  12:47:15,418263;1,197032E+0;1,523270E-2;1,032929E+1;1,180943E+0;;
02/12/2021  12:47:15,418363;1,196490E+0;1,491412E-2;1,032929E+1;1,181499E+0;;
02/12/2021  12:47:15,418463;1,196883E+0;1,586986E-2;1,032929E+1;1,182059E+0;;
02/12/2021  12:47:15,418563;1,196439E+0;1,682560E-2;1,032929E+1;1,182623E+0;;
02/12/2021  12:47:15,418663;1,195965E+0;1,841850E-2;1,032929E+1;1,183188E+0;;
02/12/2021  12:47:15,418763;1,195885E+0;1,586986E-2;1,032929E+1;1,183754E+0;;
02/12/2021  12:47:15,418863;1,197166E+0;1,555128E-2;1,032929E+1;1,184320E+0;;
02/12/2021  12:47:15,418963;1,196549E+0;1,523270E-2;1,032929E+1;1,184883E+0;;
02/12/2021  12:47:15,419063;1,196108E+0;1,682560E-2;1,032929E+1;1,185444E+0;;
02/12/2021  12:47:15,419163;1,195611E+0;1,586986E-2;1,032929E+1;1,186000E+0;;
02/12/2021  12:47:15,419263;1,195035E+0;1,586986E-2;1,032929E+1;1,186551E+0;;
02/12/2021  12:47:15,419363;1,195441E+0;1,555128E-2;1,032929E+1;1,187095E+0;;
02/12/2021  12:47:15,419463;1,195575E+0;1,586986E-2;1,032929E+1;1,187631E+0;;
02/12/2021  12:47:15,419563;1,195339E+0;1,395838E-2;1,032929E+1;1,188158E+0;;
02/12/2021  12:47:15,419663;1,194410E+0;1,300264E-2;1,032929E+1;1,188674E+0;;
02/12/2021  12:47:15,419763;1,194219E+0;1,300264E-2;1,032929E+1;1,189179E+0;;
02/12/2021  12:47:15,419863;1,194535E+0;1,109116E-2;1,032929E+1;1,189672E+0;;
02/12/2021  12:47:15,419963;1,194338E+0;1,555128E-2;1,032929E+1;1,190151E+0;;
02/12/2021  12:47:15,420063;1,194332E+0;1,650702E-2;1,032929E+1;1,190616E+0;;
02/12/2021  12:47:15,420163;1,193512E+0;1,363980E-2;1,032929E+1;1,191065E+0;;
02/12/2021  12:47:15,420263;1,193790E+0;6,631038E-3;1,032929E+1;1,191498E+0;;
02/12/2021  12:47:15,420363;1,194871E+0;1,332122E-2;1,032929E+1;1,191915E+0;;
02/12/2021  12:47:15,420463;1,194863E+0;1,618844E-2;1,032929E+1;1,192314E+0;;
02/12/2021  12:47:15,420563;1,194663E+0;-4,519262E-3;1,032929E+1;1,192696E+0;;
02/12/2021  12:47:15,420663;1,193727E+0;1,459554E-2;1,032929E+1;1,193060E+0;;
02/12/2021  12:47:15,420763;1,194198E+0;1,618844E-2;1,032929E+1;1,193405E+0;;
02/12/2021  12:47:15,420863;1,194427E+0;1,555128E-2;1,032929E+1;1,193733E+0;;
02/12/2021  12:47:15,420963;1,193897E+0;1,650702E-2;1,032929E+1;1,194042E+0;;
02/12/2021  12:47:15,421063;1,193706E+0;1,459554E-2;1,032929E+1;1,194332E+0;;
02/12/2021  12:47:15,421163;1,192618E+0;1,650702E-2;1,032929E+1;1,194604E+0;;
02/12/2021  12:47:15,421263;1,192839E+0;1,586986E-2;1,032929E+1;1,194857E+0;;
02/12/2021  12:47:15,421363;1,192609E+0;1,236548E-2;1,032929E+1;1,195091E+0;;
02/12/2021  12:47:15,421463;1,192422E+0;1,650702E-2;1,032929E+1;1,195306E+0;;
02/12/2021  12:47:15,421563;1,192213E+0;1,459554E-2;1,032929E+1;1,195503E+0;;
02/12/2021  12:47:15,421663;1,191584E+0;1,363980E-2;1,032929E+1;1,195680E+0;;
02/12/2021  12:47:15,421763;1,192153E+0;1,523270E-2;1,032929E+1;1,195839E+0;;
02/12/2021  12:47:15,421863;1,192469E+0;1,586986E-2;1,032929E+1;1,195980E+0;;
02/12/2021  12:47:15,421963;1,192741E+0;1,491412E-2;1,032929E+1;1,196102E+0;;
02/12/2021  12:47:15,422063;1,192699E+0;1,491412E-2;1,032929E+1;1,196206E+0;;
02/12/2021  12:47:15,422163;1,192031E+0;1,459554E-2;1,032929E+1;1,196293E+0;;
02/12/2021  12:47:15,422263;1,192571E+0;1,013542E-2;1,032929E+1;1,196363E+0;;
02/12/2021  12:47:15,422363;1,193700E+0;1,459554E-2;1,032929E+1;1,196416E+0;;
02/12/2021  12:47:15,422463;1,193650E+0;1,395838E-2;1,032929E+1;1,196455E+0;;
02/12/2021  12:47:15,422563;1,194049E+0;1,809992E-2;1,032929E+1;1,196478E+0;;
02/12/2021  12:47:15,422663;1,193539E+0;1,523270E-2;1,032929E+1;1,196488E+0;;
02/12/2021  12:47:15,422763;1,194156E+0;8,861098E-3;1,032929E+1;1,196485E+0;;
02/12/2021  12:47:15,422863;1,194195E+0;1,618844E-2;1,032929E+1;1,196471E+0;;
02/12/2021  12:47:15,422963;1,193501E+0;1,618844E-2;1,032929E+1;1,196445E+0;;
02/12/2021  12:47:15,423063;1,192270E+0;1,714418E-2;1,032929E+1;1,196409E+0;;
02/12/2021  12:47:15,423163;1,191724E+0;1,650702E-2;1,032929E+1;1,196364E+0;;
02/12/2021  12:47:15,423263;1,191465E+0;1,013542E-2;1,032929E+1;1,196310E+0;;
02/12/2021  12:47:15,423363;1,191712E+0;1,618844E-2;1,032929E+1;1,196247E+0;;
02/12/2021  12:47:15,423463;1,191438E+0;1,586986E-2;1,032929E+1;1,196177E+0;;
02/12/2021  12:47:15,423563;1,189969E+0;1,618844E-2;1,032929E+1;1,196098E+0;;
02/12/2021  12:47:15,423663;1,190008E+0;1,523270E-2;1,032929E+1;1,196011E+0;;
02/12/2021  12:47:15,423763;1,189704E+0;1,650702E-2;1,032929E+1;1,195918E+0;;
02/12/2021  12:47:15,423863;1,189471E+0;1,682560E-2;1,032929E+1;1,195817E+0;;
02/12/2021  12:47:15,423963;1,188553E+0;1,618844E-2;1,032929E+1;1,195708E+0;;
02/12/2021  12:47:15,424063;1,186980E+0;1,268406E-2;1,032929E+1;1,195593E+0;;
02/12/2021  12:47:15,424163;1,186354E+0;1,618844E-2;1,032929E+1;1,195470E+0;;
02/12/2021  12:47:15,424263;1,186181E+0;1,586986E-2;1,032929E+1;1,195340E+0;;
02/12/2021  12:47:15,424363;1,185507E+0;1,650702E-2;1,032929E+1;1,195202E+0;;
02/12/2021  12:47:15,424463;1,184548E+0;1,650702E-2;1,032929E+1;1,195056E+0;;
02/12/2021  12:47:15,424563;1,183013E+0;1,555128E-2;1,032929E+1;1,194901E+0;;
02/12/2021  12:47:15,424663;1,182062E+0;1,746276E-2;1,032929E+1;1,194738E+0;;
02/12/2021  12:47:15,424763;1,182146E+0;1,395838E-2;1,032929E+1;1,194565E+0;;
02/12/2021  12:47:15,424863;1,180623E+0;1,618844E-2;1,032929E+1;1,194382E+0;;
02/12/2021  12:47:15,424963;1,178691E+0;8,861098E-3;1,032929E+1;1,194189E+0;;
02/12/2021  12:47:15,425063;1,176611E+0;1,778134E-2;1,032929E+1;1,193984E+0;;
02/12/2021  12:47:15,425163;1,175625E+0;1,586986E-2;1,032929E+1;1,193767E+0;;
02/12/2021  12:47:15,425263;1,174665E+0;1,618844E-2;1,032929E+1;1,193537E+0;;
02/12/2021  12:47:15,425363;1,173768E+0;1,586986E-2;1,032929E+1;1,193293E+0;;
02/12/2021  12:47:15,425463;1,172075E+0;6,631038E-3;1,032929E+1;1,193033E+0;;
02/12/2021  12:47:15,425563;1,169920E+0;1,852338E-3;1,032929E+1;1,192756E+0;;
02/12/2021  12:47:15,425663;1,169703E+0;1,533758E-3;1,032929E+1;1,192463E+0;;
02/12/2021  12:47:15,425763;1,169548E+0;2,489498E-3;1,032929E+1;1,192151E+0;;
02/12/2021  12:47:15,425863;1,168245E+0;4,400978E-3;1,032929E+1;1,191819E+0;;
02/12/2021  12:47:15,425963;1,166439E+0;1,215178E-3;1,032929E+1;1,191468E+0;;
02/12/2021  12:47:15,426063;1,165155E+0;6,949618E-3;1,032929E+1;1,191096E+0;;
02/12/2021  12:47:15,426163;1,165700E+0;8,542518E-3;1,032929E+1;1,190702E+0;;
02/12/2021  12:47:15,426263;1,165694E+0;8,965980E-4;1,032929E+1;1,190287E+0;;
02/12/2021  12:47:15,426363;1,164851E+0;1,533758E-3;1,032929E+1;1,189850E+0;;
02/12/2021  12:47:15,426463;1,163650E+0;1,215178E-3;1,032929E+1;1,189391E+0;;
02/12/2021  12:47:15,426563;1,163155E+0;8,965980E-4;1,032929E+1;1,188910E+0;;
02/12/2021  12:47:15,426663;1,162976E+0;8,965980E-4;1,032929E+1;1,188407E+0;;
02/12/2021  12:47:15,426763;1,163093E+0;1,533758E-3;1,032929E+1;1,187883E+0;;
02/12/2021  12:47:15,426863;1,162097E+0;3,126658E-3;1,032929E+1;1,187338E+0;;
02/12/2021  12:47:15,426963;1,160905E+0;5,780180E-4;1,032929E+1;1,186773E+0;;
02/12/2021  12:47:15,427063;1,159880E+0;1,215178E-3;1,032929E+1;1,186189E+0;;
02/12/2021  12:47:15,427163;1,160509E+0;3,445238E-3;1,032929E+1;1,185585E+0;;
02/12/2021  12:47:15,427263;1,160422E+0;8,965980E-4;1,032929E+1;1,184964E+0;;
02/12/2021  12:47:15,427363;1,159200E+0;8,965980E-4;1,032929E+1;1,184325E+0;;
02/12/2021  12:47:15,427463;1,158348E+0;1,215178E-3;1,032929E+1;1,183669E+0;;
02/12/2021  12:47:15,427563;1,157501E+0;1,215178E-3;1,032929E+1;1,182999E+0;;
02/12/2021  12:47:15,427663;1,158196E+0;8,965980E-4;1,032929E+1;1,182313E+0;;
02/12/2021  12:47:15,427763;1,158354E+0;1,533758E-3;1,032929E+1;1,181615E+0;;
02/12/2021  12:47:15,427863;1,157552E+0;1,215178E-3;1,032929E+1;1,180904E+0;;
02/12/2021  12:47:15,427963;1,156166E+0;1,533758E-3;1,032929E+1;1,180182E+0;;
02/12/2021  12:47:15,428063;1,156014E+0;5,780180E-4;1,032929E+1;1,179451E+0;;
02/12/2021  12:47:15,428163;1,156488E+0;8,965980E-4;1,032929E+1;1,178710E+0;;
02/12/2021  12:47:15,428263;1,156503E+0;1,852338E-3;1,032929E+1;1,177962E+0;;
02/12/2021  12:47:15,428363;1,155883E+0;1,215178E-3;1,032929E+1;1,177208E+0;;
02/12/2021  12:47:15,428463;1,155177E+0;5,780180E-4;1,032929E+1;1,176449E+0;;
02/12/2021  12:47:15,428563;1,155070E+0;1,533758E-3;1,032929E+1;1,175687E+0;;
02/12/2021  12:47:15,428663;1,155439E+0;1,215178E-3;1,032929E+1;1,174922E+0;;
02/12/2021  12:47:15,428763;1,155558E+0;4,082398E-3;1,032929E+1;1,174155E+0;;
02/12/2021  12:47:15,428863;1,154763E+0;1,215178E-3;1,032929E+1;1,173390E+0;;
02/12/2021  12:47:15,428963;1,153252E+0;1,215178E-3;1,032929E+1;1,172625E+0;;
02/12/2021  12:47:15,429063;1,153535E+0;1,852338E-3;1,032929E+1;1,171863E+0;;
02/12/2021  12:47:15,429163;1,153639E+0;2,489498E-3;1,032929E+1;1,171105E+0;;
02/12/2021  12:47:15,429263;1,153123E+0;1,215178E-3;1,032929E+1;1,170352E+0;;
02/12/2021  12:47:15,429363;1,152483E+0;1,852338E-3;1,032929E+1;1,169604E+0;;
02/12/2021  12:47:15,429463;1,151457E+0;1,013542E-2;1,032929E+1;1,168862E+0;;
02/12/2021  12:47:15,429563;1,151750E+0;1,586986E-2;1,032929E+1;1,168128E+0;;
02/12/2021  12:47:15,429663;1,152688E+0;1,172832E-2;1,032929E+1;1,167401E+0;;
02/12/2021  12:47:15,429763;1,152396E+0;1,172832E-2;1,032929E+1;1,166683E+0;;
02/12/2021  12:47:15,429863;1,151568E+0;1,215178E-3;1,032929E+1;1,165975E+0;;
02/12/2021  12:47:15,429963;1,150993E+0;8,223938E-3;1,032929E+1;1,165277E+0;;
02/12/2021  12:47:15,430063;1,151004E+0;8,542518E-3;1,032929E+1;1,164591E+0;;
02/12/2021  12:47:15,430163;1,151505E+0;3,126658E-3;1,032929E+1;1,163915E+0;;
02/12/2021  12:47:15,430263;1,151755E+0;5,356718E-3;1,032929E+1;1,163252E+0;;
02/12/2021  12:47:15,430363;1,150525E+0;4,082398E-3;1,032929E+1;1,162602E+0;;
02/12/2021  12:47:15,430463;1,150608E+0;1,586986E-2;1,032929E+1;1,161965E+0;;
02/12/2021  12:47:15,430563;1,150557E+0;1,523270E-2;1,032929E+1;1,161342E+0;;
02/12/2021  12:47:15,430663;1,150310E+0;1,013542E-2;1,032929E+1;1,160734E+0;;
02/12/2021  12:47:15,430763;1,150659E+0;1,013542E-2;1,032929E+1;1,160139E+0;;
02/12/2021  12:47:15,430863;1,148319E+0;1,841850E-2;1,032929E+1;1,159560E+0;;
02/12/2021  12:47:15,430963;1,147792E+0;1,841850E-2;1,032929E+1;1,158996E+0;;
02/12/2021  12:47:15,431063;1,147470E+0;1,491412E-2;1,032929E+1;1,158447E+0;;
02/12/2021  12:47:15,431163;1,146722E+0;1,459554E-2;1,032929E+1;1,157912E+0;;
02/12/2021  12:47:15,431263;1,146972E+0;1,714418E-2;1,032929E+1;1,157391E+0;;
02/12/2021  12:47:15,431363;1,144743E+0;1,873708E-2;1,032929E+1;1,156885E+0;;
02/12/2021  12:47:15,431463;1,144349E+0;1,555128E-2;1,032929E+1;1,156391E+0;;
02/12/2021  12:47:15,431563;1,143783E+0;1,013542E-2;1,032929E+1;1,155911E+0;;
02/12/2021  12:47:15,431663;1,143676E+0;1,586986E-2;1,032929E+1;1,155442E+0;;
02/12/2021  12:47:15,431763;1,143327E+0;1,586986E-2;1,032929E+1;1,154984E+0;;
02/12/2021  12:47:15,431863;1,141637E+0;1,491412E-2;1,032929E+1;1,154537E+0;;
02/12/2021  12:47:15,431963;1,141608E+0;1,236548E-2;1,032929E+1;1,154100E+0;;
02/12/2021  12:47:15,432063;1,141795E+0;8,223938E-3;1,032929E+1;1,153672E+0;;
02/12/2021  12:47:15,432163;1,142683E+0;1,459554E-2;1,032929E+1;1,153252E+0;;
02/12/2021  12:47:15,432263;1,141774E+0;1,395838E-2;1,032929E+1;1,152839E+0;;
02/12/2021  12:47:15,432363;1,141128E+0;1,363980E-2;1,032929E+1;1,152434E+0;;
02/12/2021  12:47:15,432463;1,141625E+0;1,300264E-2;1,032929E+1;1,152036E+0;;
02/12/2021  12:47:15,432563;1,142505E+0;1,523270E-2;1,032929E+1;1,151644E+0;;
02/12/2021  12:47:15,432663;1,143259E+0;1,459554E-2;1,032929E+1;1,151259E+0;;
02/12/2021  12:47:15,432763;1,142689E+0;1,586986E-2;1,032929E+1;1,150880E+0;;
02/12/2021  12:47:15,432863;1,141915E+0;1,459554E-2;1,032929E+1;1,150508E+0;;
02/12/2021  12:47:15,432963;1,142943E+0;1,618844E-2;1,032929E+1;1,150143E+0;;
02/12/2021  12:47:15,433063;1,143846E+0;1,618844E-2;1,032929E+1;1,149784E+0;;
02/12/2021  12:47:15,433163;1,144507E+0;1,523270E-2;1,032929E+1;1,149432E+0;;
02/12/2021  12:47:15,433263;1,144796E+0;1,555128E-2;1,032929E+1;1,149088E+0;;
02/12/2021  12:47:15,433363;1,144665E+0;1,523270E-2;1,032929E+1;1,148752E+0;;
02/12/2021  12:47:15,433463;1,144737E+0;1,491412E-2;1,032929E+1;1,148425E+0;;
02/12/2021  12:47:15,433563;1,146319E+0;1,459554E-2;1,032929E+1;1,148107E+0;;
02/12/2021  12:47:15,433663;1,147401E+0;1,268406E-2;1,032929E+1;1,147799E+0;;
02/12/2021  12:47:15,433763;1,148048E+0;1,682560E-2;1,032929E+1;1,147501E+0;;
02/12/2021  12:47:15,433863;1,148033E+0;1,523270E-2;1,032929E+1;1,147216E+0;;
02/12/2021  12:47:15,433963;1,149401E+0;1,013542E-2;1,032929E+1;1,146942E+0;;
02/12/2021  12:47:15,434063;1,151046E+0;1,363980E-2;1,032929E+1;1,146683E+0;;
02/12/2021  12:47:15,434163;1,152104E+0;1,491412E-2;1,032929E+1;1,146438E+0;;
02/12/2021  12:47:15,434263;1,153168E+0;1,332122E-2;1,032929E+1;1,146209E+0;;
02/12/2021  12:47:15,434363;1,153362E+0;1,555128E-2;1,032929E+1;1,145997E+0;;
02/12/2021  12:47:15,434463;1,155600E+0;1,618844E-2;1,032929E+1;1,145804E+0;;
02/12/2021  12:47:15,434563;1,157373E+0;1,459554E-2;1,032929E+1;1,145630E+0;;
02/12/2021  12:47:15,434663;1,158562E+0;1,523270E-2;1,032929E+1;1,145477E+0;;
02/12/2021  12:47:15,434763;1,158074E+0;1,491412E-2;1,032929E+1;1,145347E+0;;
02/12/2021  12:47:15,434863;1,158214E+0;1,491412E-2;1,032929E+1;1,145241E+0;;
02/12/2021  12:47:15,434963;1,159233E+0;1,109116E-2;1,032929E+1;1,145160E+0;;
02/12/2021  12:47:15,435063;1,160670E+0;1,459554E-2;1,032929E+1;1,145105E+0;;
02/12/2021  12:47:15,435163;1,160506E+0;1,650702E-2;1,032929E+1;1,145076E+0;;
02/12/2021  12:47:15,435263;1,160822E+0;9,816838E-3;1,032929E+1;1,145074E+0;;
02/12/2021  12:47:15,435363;1,160500E+0;1,155854E-1;1,032929E+1;1,145100E+0;;
02/12/2021  12:47:15,435463;1,160890E+0;8,542518E-3;1,032929E+1;1,145154E+0;;
02/12/2021  12:47:15,435563;1,161510E+0;1,650702E-2;1,032929E+1;1,145236E+0;;
02/12/2021  12:47:15,435663;1,161424E+0;3,179886E-2;1,032929E+1;1,145345E+0;;
02/12/2021  12:47:15,435763;1,160881E+0;8,213450E-2;1,032929E+1;1,145482E+0;;
02/12/2021  12:47:15,435863;1,160512E+0;4,390490E-2;1,032929E+1;1,145645E+0;;
02/12/2021  12:47:15,435963;1,161880E+0;1,746276E-2;1,032929E+1;1,145834E+0;;
02/12/2021  12:47:15,436063;1,163069E+0;1,491412E-2;1,032929E+1;1,146048E+0;;
02/12/2021  12:47:15,436163;1,163709E+0;1,523270E-2;1,032929E+1;1,146287E+0;;
02/12/2021  12:47:15,436263;1,163385E+0;1,491412E-2;1,032929E+1;1,146549E+0;;
02/12/2021  12:47:15,436363;1,163429E+0;1,268406E-2;1,032929E+1;1,146834E+0;;
02/12/2021  12:47:15,436463;1,165146E+0;1,013542E-2;1,032929E+1;1,147142E+0;;
02/12/2021  12:47:15,436563;1,165834E+0;1,586986E-2;1,032929E+1;1,147470E+0;;
02/12/2021  12:47:15,436663;1,166329E+0;9,455912E-2;1,032929E+1;1,147819E+0;;
02/12/2021  12:47:15,436763;1,165065E+0;1,459554E-2;1,032929E+1;1,148188E+0;;
02/12/2021  12:47:15,436863;1,165033E+0;1,533758E-3;1,032929E+1;1,148576E+0;;
02/12/2021  12:47:15,436963;1,166302E+0;2,096714E-2;1,032929E+1;1,148981E+0;;
02/12/2021  12:47:15,437063;1,166946E+0;1,746276E-2;1,032929E+1;1,149403E+0;;
02/12/2021  12:47:15,437163;1,166794E+0;8,818752E-2;1,032929E+1;1,149840E+0;;
02/12/2021  12:47:15,437263;1,167316E+0;1,491412E-2;1,032929E+1;1,150291E+0;;
02/12/2021  12:47:15,437363;1,167766E+0;1,746276E-2;1,032929E+1;1,150756E+0;;
02/12/2021  12:47:15,437463;1,168955E+0;1,082581E-1;1,032929E+1;1,151233E+0;;
02/12/2021  12:47:15,437563;1,169736E+0;1,165411E-1;1,032929E+1;1,151722E+0;;
02/12/2021  12:47:15,437663;1,169983E+0;4,740928E-2;1,032929E+1;1,152221E+0;;
02/12/2021  12:47:15,437763;1,170859E+0;1,809992E-2;1,032929E+1;1,152730E+0;;
02/12/2021  12:47:15,437863;1,171008E+0;1,423461E-1;1,032929E+1;1,153248E+0;;
02/12/2021  12:47:15,437963;1,173363E+0;1,459554E-2;1,032929E+1;1,153774E+0;;
02/12/2021  12:47:15,438063;1,174826E+0;1,363980E-2;1,032929E+1;1,154308E+0;;
02/12/2021  12:47:15,438163;1,174889E+0;1,809992E-2;1,032929E+1;1,154849E+0;;
02/12/2021  12:47:15,438263;1,175207E+0;1,491412E-2;1,032929E+1;1,155398E+0;;
02/12/2021  12:47:15,438363;1,176712E+0;1,714418E-2;1,032929E+1;1,155954E+0;;
02/12/2021  12:47:15,438463;1,178453E+0;1,236548E-2;1,032929E+1;1,156517E+0;;
02/12/2021  12:47:15,438563;1,178700E+0;1,459554E-2;1,032929E+1;1,157087E+0;;
02/12/2021  12:47:15,438663;1,178325E+0;1,523270E-2;1,032929E+1;1,157664E+0;;
02/12/2021  12:47:15,438763;1,178402E+0;1,363980E-2;1,032929E+1;1,158247E+0;;
02/12/2021  12:47:15,438863;1,179416E+0;1,332122E-2;1,032929E+1;1,158836E+0;;
02/12/2021  12:47:15,438963;1,180542E+0;1,491412E-2;1,032929E+1;1,159432E+0;;
02/12/2021  12:47:15,439063;1,181833E+0;1,746276E-2;1,032929E+1;1,160033E+0;;
02/12/2021  12:47:15,439163;1,181836E+0;1,746276E-2;1,032929E+1;1,160640E+0;;
02/12/2021  12:47:15,439263;1,181782E+0;1,682560E-2;1,032929E+1;1,161253E+0;;
02/12/2021  12:47:15,439363;1,183213E+0;1,555128E-2;1,032929E+1;1,161870E+0;;
02/12/2021  12:47:15,439463;1,185156E+0;1,459554E-2;1,032929E+1;1,162492E+0;;
02/12/2021  12:47:15,439563;1,186246E+0;1,618844E-2;1,032929E+1;1,163119E+0;;
02/12/2021  12:47:15,439663;1,185621E+0;1,459554E-2;1,032929E+1;1,163751E+0;;
02/12/2021  12:47:15,439763;1,186381E+0;1,395838E-2;1,032929E+1;1,164388E+0;;
02/12/2021  12:47:15,439863;1,187644E+0;1,077258E-2;1,032929E+1;1,165030E+0;;
02/12/2021  12:47:15,439963;1,189349E+0;1,109116E-2;1,032929E+1;1,165676E+0;;
02/12/2021  12:47:15,440063;1,190219E+0;1,427696E-2;1,032929E+1;1,166326E+0;;
02/12/2021  12:47:15,440163;1,189856E+0;1,268406E-2;1,032929E+1;1,166982E+0;;
02/12/2021  12:47:15,440263;1,190529E+0;1,077258E-2;1,032929E+1;1,167642E+0;;
02/12/2021  12:47:15,440363;1,191843E+0;1,109116E-2;1,032929E+1;1,168307E+0;;
02/12/2021  12:47:15,440463;1,192878E+0;1,395838E-2;1,032929E+1;1,168977E+0;;
02/12/2021  12:47:15,440563;1,193471E+0;1,363980E-2;1,032929E+1;1,169651E+0;;
02/12/2021  12:47:15,440663;1,192606E+0;1,268406E-2;1,032929E+1;1,170330E+0;;
02/12/2021  12:47:15,440763;1,193232E+0;7,268198E-3;1,032929E+1;1,171013E+0;;
02/12/2021  12:47:15,440863;1,194687E+0;1,268406E-2;1,032929E+1;1,171700E+0;;
02/12/2021  12:47:15,440963;1,195462E+0;1,395838E-2;1,032929E+1;1,172391E+0;;
02/12/2021  12:47:15,441063;1,196001E+0;1,204690E-2;1,032929E+1;1,173086E+0;;
02/12/2021  12:47:15,441163;1,195310E+0;1,395838E-2;1,032929E+1;1,173783E+0;;
02/12/2021  12:47:15,441263;1,196523E+0;1,459554E-2;1,032929E+1;1,174484E+0;;
02/12/2021  12:47:15,441363;1,197047E+0;1,077258E-2;1,032929E+1;1,175187E+0;;
02/12/2021  12:47:15,441463;1,197205E+0;1,300264E-2;1,032929E+1;1,175892E+0;;
02/12/2021  12:47:15,441563;1,197026E+0;1,332122E-2;1,032929E+1;1,176599E+0;;
02/12/2021  12:47:15,441663;1,196627E+0;1,363980E-2;1,032929E+1;1,177307E+0;;
02/12/2021  12:47:15,441763;1,197375E+0;1,459554E-2;1,032929E+1;1,178015E+0;;
02/12/2021  12:47:15,441863;1,197968E+0;1,332122E-2;1,032929E+1;1,178723E+0;;
02/12/2021  12:47:15,441963;1,198686E+0;1,682560E-2;1,032929E+1;1,179430E+0;;
02/12/2021  12:47:15,442063;1,198653E+0;1,523270E-2;1,032929E+1;1,180134E+0;;
02/12/2021  12:47:15,442163;1,198284E+0;1,714418E-2;1,032929E+1;1,180837E+0;;
02/12/2021  12:47:15,442263;1,199193E+0;1,809992E-2;1,032929E+1;1,181536E+0;;
02/12/2021  12:47:15,442363;1,200826E+0;1,427696E-2;1,032929E+1;1,182231E+0;;
02/12/2021  12:47:15,442463;1,201115E+0;1,523270E-2;1,032929E+1;1,182922E+0;;
02/12/2021  12:47:15,442563;1,200704E+0;1,363980E-2;1,032929E+1;1,183609E+0;;
02/12/2021  12:47:15,442663;1,200358E+0;1,013542E-2;1,032929E+1;1,184290E+0;;
02/12/2021  12:47:15,442763;1,200534E+0;1,204690E-2;1,032929E+1;1,184966E+0;;
02/12/2021  12:47:15,442863;1,200615E+0;8,542518E-3;1,032929E+1;1,185635E+0;;
02/12/2021  12:47:15,442963;1,200570E+0;1,363980E-2;1,032929E+1;1,186297E+0;;
02/12/2021  12:47:15,443063;1,199783E+0;1,268406E-2;1,032929E+1;1,186952E+0;;
02/12/2021  12:47:15,443163;1,198737E+0;1,109116E-2;1,032929E+1;1,187598E+0;;
02/12/2021  12:47:15,443263;1,199354E+0;9,816838E-3;1,032929E+1;1,188234E+0;;
02/12/2021  12:47:15,443363;1,200233E+0;1,523270E-2;1,032929E+1;1,188860E+0;;
02/12/2021  12:47:15,443463;1,199470E+0;1,523270E-2;1,032929E+1;1,189475E+0;;
02/12/2021  12:47:15,443563;1,198293E+0;1,682560E-2;1,032929E+1;1,190078E+0;;
02/12/2021  12:47:15,443663;1,197536E+0;1,459554E-2;1,032929E+1;1,190668E+0;;
02/12/2021  12:47:15,443763;1,197971E+0;1,618844E-2;1,032929E+1;1,191244E+0;;
02/12/2021  12:47:15,443863;1,198829E+0;1,459554E-2;1,032929E+1;1,191805E+0;;
02/12/2021  12:47:15,443963;1,199148E+0;1,746276E-2;1,032929E+1;1,192350E+0;;
02/12/2021  12:47:15,444063;1,198656E+0;1,650702E-2;1,032929E+1;1,192878E+0;;
02/12/2021  12:47:15,444163;1,198287E+0;1,395838E-2;1,032929E+1;1,193390E+0;;
02/12/2021  12:47:15,444263;1,199658E+0;1,586986E-2;1,032929E+1;1,193884E+0;;
02/12/2021  12:47:15,444363;1,199807E+0;1,491412E-2;1,032929E+1;1,194361E+0;;
02/12/2021  12:47:15,444463;1,199923E+0;1,459554E-2;1,032929E+1;1,194819E+0;;
02/12/2021  12:47:15,444563;1,199208E+0;1,555128E-2;1,032929E+1;1,195259E+0;;
02/12/2021  12:47:15,444663;1,198925E+0;1,618844E-2;1,032929E+1;1,195682E+0;;
02/12/2021  12:47:15,444763;1,199711E+0;1,013542E-2;1,032929E+1;1,196086E+0;;
02/12/2021  12:47:15,444863;1,199443E+0;1,459554E-2;1,032929E+1;1,196472E+0;;
02/12/2021  12:47:15,444963;1,198528E+0;1,618844E-2;1,032929E+1;1,196839E+0;;
02/12/2021  12:47:15,445063;1,197429E+0;1,714418E-2;1,032929E+1;1,197189E+0;;
02/12/2021  12:47:15,445163;1,196612E+0;1,650702E-2;1,032929E+1;1,197519E+0;;
02/12/2021  12:47:15,445263;1,197107E+0;1,268406E-2;1,032929E+1;1,197831E+0;;
02/12/2021  12:47:15,445363;1,197473E+0;1,204690E-2;1,032929E+1;1,198124E+0;;
02/12/2021  12:47:15,445463;1,196618E+0;1,300264E-2;1,032929E+1;1,198398E+0;;
02/12/2021  12:47:15,445563;1,194541E+0;7,905358E-3;1,032929E+1;1,198652E+0;;
02/12/2021  12:47:15,445663;1,195029E+0;1,109116E-2;1,032929E+1;1,198887E+0;;
02/12/2021  12:47:15,445763;1,195321E+0;1,204690E-2;1,032929E+1;1,199102E+0;;
02/12/2021  12:47:15,445863;1,195849E+0;8,223938E-3;1,032929E+1;1,199297E+0;;
02/12/2021  12:47:15,445963;1,194985E+0;2,489498E-3;1,032929E+1;1,199472E+0;;
02/12/2021  12:47:15,446063;1,193489E+0;4,082398E-3;1,032929E+1;1,199627E+0;;
02/12/2021  12:47:15,446163;1,194058E+0;9,498258E-3;1,032929E+1;1,199763E+0;;
02/12/2021  12:47:15,446263;1,194308E+0;6,631038E-3;1,032929E+1;1,199878E+0;;
02/12/2021  12:47:15,446363;1,193551E+0;1,215178E-3;1,032929E+1;1,199974E+0;;
02/12/2021  12:47:15,446463;1,192189E+0;1,533758E-3;1,032929E+1;1,200050E+0;;
02/12/2021  12:47:15,446563;1,190765E+0;1,533758E-3;1,032929E+1;1,200107E+0;;
02/12/2021  12:47:15,446663;1,189838E+0;1,533758E-3;1,032929E+1;1,200144E+0;;
02/12/2021  12:47:15,446763;1,189939E+0;8,965980E-4;1,032929E+1;1,200161E+0;;
02/12/2021  12:47:15,446863;1,188765E+0;1,852338E-3;1,032929E+1;1,200158E+0;;
02/12/2021  12:47:15,446963;1,188023E+0;5,780180E-4;1,032929E+1;1,200135E+0;;
02/12/2021  12:47:15,447063;1,186634E+0;5,780180E-4;1,032929E+1;1,200092E+0;;
02/12/2021  12:47:15,447163;1,186726E+0;1,852338E-3;1,032929E+1;1,200028E+0;;
02/12/2021  12:47:15,447263;1,187194E+0;1,215178E-3;1,032929E+1;1,199944E+0;;
02/12/2021  12:47:15,447363;1,187445E+0;8,965980E-4;1,032929E+1;1,199838E+0;;
02/12/2021  12:47:15,447463;1,186521E+0;1,215178E-3;1,032929E+1;1,199712E+0;;
02/12/2021  12:47:15,447563;1,185588E+0;1,533758E-3;1,032929E+1;1,199567E+0;;
02/12/2021  12:47:15,447663;1,186702E+0;1,533758E-3;1,032929E+1;1,199401E+0;;
02/12/2021  12:47:15,447763;1,187391E+0;1,533758E-3;1,032929E+1;1,199216E+0;;
02/12/2021  12:47:15,447863;1,187233E+0;1,533758E-3;1,032929E+1;1,199013E+0;;
02/12/2021  12:47:15,447963;1,185695E+0;1,533758E-3;1,032929E+1;1,198791E+0;;
02/12/2021  12:47:15,448063;1,185257E+0;1,215178E-3;1,032929E+1;1,198554E+0;;
02/12/2021  12:47:15,448163;1,185159E+0;8,965980E-4;1,032929E+1;1,198300E+0;;
02/12/2021  12:47:15,448263;1,185567E+0;1,533758E-3;1,032929E+1;1,198030E+0;;
02/12/2021  12:47:15,448363;1,184598E+0;5,675298E-3;1,032929E+1;1,197746E+0;;
02/12/2021  12:47:15,448463;1,182774E+0;1,215178E-3;1,032929E+1;1,197449E+0;;
02/12/2021  12:47:15,448563;1,181818E+0;1,215178E-3;1,032929E+1;1,197138E+0;;
02/12/2021  12:47:15,448663;1,182312E+0;1,533758E-3;1,032929E+1;1,196814E+0;;
02/12/2021  12:47:15,448763;1,182050E+0;1,533758E-3;1,032929E+1;1,196478E+0;;
02/12/2021  12:47:15,448863;1,180849E+0;1,215178E-3;1,032929E+1;1,196130E+0;;
02/12/2021  12:47:15,448963;1,179469E+0;1,215178E-3;1,032929E+1;1,195771E+0;;
02/12/2021  12:47:15,449063;1,179323E+0;1,533758E-3;1,032929E+1;1,195401E+0;;
02/12/2021  12:47:15,449163;1,180053E+0;4,400978E-3;1,032929E+1;1,195020E+0;;
02/12/2021  12:47:15,449263;1,179782E+0;1,215178E-3;1,032929E+1;1,194629E+0;;
02/12/2021  12:47:15,449363;1,179219E+0;1,533758E-3;1,032929E+1;1,194229E+0;;
02/12/2021  12:47:15,449463;1,177168E+0;1,215178E-3;1,032929E+1;1,193819E+0;;
02/12/2021  12:47:15,449563;1,177279E+0;9,179678E-3;1,032929E+1;1,193401E+0;;
02/12/2021  12:47:15,449663;1,176489E+0;1,459554E-2;1,032929E+1;1,192975E+0;;
02/12/2021  12:47:15,449763;1,175839E+0;1,332122E-2;1,032929E+1;1,192541E+0;;
02/12/2021  12:47:15,449863;1,174140E+0;1,268406E-2;1,032929E+1;1,192099E+0;;
02/12/2021  12:47:15,449963;1,172582E+0;1,204690E-2;1,032929E+1;1,191649E+0;;
02/12/2021  12:47:15,450063;1,171127E+0;1,491412E-2;1,032929E+1;1,191192E+0;;
02/12/2021  12:47:15,450163;1,171014E+0;1,459554E-2;1,032929E+1;1,190727E+0;;
02/12/2021  12:47:15,450263;1,170281E+0;1,459554E-2;1,032929E+1;1,190254E+0;;
02/12/2021  12:47:15,450363;1,167760E+0;1,491412E-2;1,032929E+1;1,189773E+0;;
02/12/2021  12:47:15,450463;1,165432E+0;1,555128E-2;1,032929E+1;1,189283E+0;;
02/12/2021  12:47:15,450563;1,165140E+0;3,243602E-2;1,032929E+1;1,188783E+0;;
02/12/2021  12:47:15,450663;1,165045E+0;1,363980E-2;1,032929E+1;1,188274E+0;;
02/12/2021  12:47:15,450763;1,164386E+0;1,395838E-2;1,032929E+1;1,187754E+0;;
02/12/2021  12:47:15,450863;1,162491E+0;1,682560E-2;1,032929E+1;1,187223E+0;;
02/12/2021  12:47:15,450963;1,161152E+0;1,618844E-2;1,032929E+1;1,186681E+0;;
02/12/2021  12:47:15,451063;1,161120E+0;8,542518E-3;1,032929E+1;1,186127E+0;;
02/12/2021  12:47:15,451163;1,161251E+0;1,332122E-2;1,032929E+1;1,185561E+0;;
02/12/2021  12:47:15,451263;1,160574E+0;1,650702E-2;1,032929E+1;1,184982E+0;;
02/12/2021  12:47:15,451363;1,159197E+0;1,714418E-2;1,032929E+1;1,184392E+0;;
02/12/2021  12:47:15,451463;1,158485E+0;1,586986E-2;1,032929E+1;1,183789E+0;;
02/12/2021  12:47:15,451563;1,158506E+0;1,491412E-2;1,032929E+1;1,183174E+0;;
02/12/2021  12:47:15,451663;1,158911E+0;1,491412E-2;1,032929E+1;1,182548E+0;;
02/12/2021  12:47:15,451763;1,158485E+0;1,746276E-2;1,032929E+1;1,181909E+0;;
02/12/2021  12:47:15,451863;1,157665E+0;1,459554E-2;1,032929E+1;1,181260E+0;;
02/12/2021  12:47:15,451963;1,156676E+0;1,586986E-2;1,032929E+1;1,180601E+0;;
02/12/2021  12:47:15,452063;1,157823E+0;1,523270E-2;1,032929E+1;1,179932E+0;;
02/12/2021  12:47:15,452163;1,158437E+0;1,618844E-2;1,032929E+1;1,179253E+0;;
02/12/2021  12:47:15,452263;1,157871E+0;1,523270E-2;1,032929E+1;1,178568E+0;;
02/12/2021  12:47:15,452363;1,156438E+0;8,861098E-3;1,032929E+1;1,177875E+0;;
02/12/2021  12:47:15,452463;1,155862E+0;7,268198E-3;1,032929E+1;1,177176E+0;;
02/12/2021  12:47:15,452563;1,156318E+0;1,300264E-2;1,032929E+1;1,176473E+0;;
02/12/2021  12:47:15,452663;1,156068E+0;1,523270E-2;1,032929E+1;1,175766E+0;;
02/12/2021  12:47:15,452763;1,155812E+0;1,523270E-2;1,032929E+1;1,175056E+0;;
02/12/2021  12:47:15,452863;1,154241E+0;1,459554E-2;1,032929E+1;1,174344E+0;;
02/12/2021  12:47:15,452963;1,152572E+0;1,523270E-2;1,032929E+1;1,173632E+0;;
02/12/2021  12:47:15,453063;1,154020E+0;1,555128E-2;1,032929E+1;1,172919E+0;;
02/12/2021  12:47:15,453163;1,153690E+0;1,427696E-2;1,032929E+1;1,172206E+0;;
02/12/2021  12:47:15,453263;1,152861E+0;1,140974E-2;1,032929E+1;1,171495E+0;;
02/12/2021  12:47:15,453363;1,151311E+0;1,332122E-2;1,032929E+1;1,170786E+0;;
02/12/2021  12:47:15,453463;1,150572E+0;1,363980E-2;1,032929E+1;1,170080E+0;;
02/12/2021  12:47:15,453563;1,151839E+0;1,236548E-2;1,032929E+1;1,169376E+0;;
02/12/2021  12:47:15,453663;1,152104E+0;1,236548E-2;1,032929E+1;1,168677E+0;;
02/12/2021  12:47:15,453763;1,152033E+0;1,332122E-2;1,032929E+1;1,167981E+0;;
02/12/2021  12:47:15,453863;1,151094E+0;9,498258E-3;1,032929E+1;1,167291E+0;;
02/12/2021  12:47:15,453963;1,151600E+0;1,077258E-2;1,032929E+1;1,166607E+0;;
02/12/2021  12:47:15,454063;1,151946E+0;7,586778E-3;1,032929E+1;1,165929E+0;;
02/12/2021  12:47:15,454163;1,152560E+0;1,140974E-2;1,032929E+1;1,165259E+0;;
02/12/2021  12:47:15,454263;1,152033E+0;1,268406E-2;1,032929E+1;1,164598E+0;;
02/12/2021  12:47:15,454363;1,150677E+0;6,949618E-3;1,032929E+1;1,163946E+0;;
02/12/2021  12:47:15,454463;1,150909E+0;1,427696E-2;1,032929E+1;1,163304E+0;;
02/12/2021  12:47:15,454563;1,150993E+0;1,427696E-2;1,032929E+1;1,162673E+0;;
02/12/2021  12:47:15,454663;1,150945E+0;1,332122E-2;1,032929E+1;1,162054E+0;;
02/12/2021  12:47:15,454763;1,150119E+0;1,459554E-2;1,032929E+1;1,161446E+0;;
02/12/2021  12:47:15,454863;1,148802E+0;1,650702E-2;1,032929E+1;1,160851E+0;;
02/12/2021  12:47:15,454963;1,148933E+0;9,498258E-3;1,032929E+1;1,160268E+0;;
02/12/2021  12:47:15,455063;1,149318E+0;8,861098E-3;1,032929E+1;1,159699E+0;;
02/12/2021  12:47:15,455163;1,149061E+0;1,427696E-2;1,032929E+1;1,159142E+0;;
02/12/2021  12:47:15,455263;1,148346E+0;1,650702E-2;1,032929E+1;1,158598E+0;;
02/12/2021  12:47:15,455363;1,147637E+0;1,746276E-2;1,032929E+1;1,158068E+0;;
02/12/2021  12:47:15,455463;1,148057E+0;1,427696E-2;1,032929E+1;1,157550E+0;;
02/12/2021  12:47:15,455563;1,148447E+0;1,300264E-2;1,032929E+1;1,157046E+0;;
02/12/2021  12:47:15,455663;1,148978E+0;2,733874E-2;1,032929E+1;1,156556E+0;;
02/12/2021  12:47:15,455763;1,148891E+0;6,110822E-2;1,032929E+1;1,156078E+0;;
02/12/2021  12:47:15,455863;1,148623E+0;3,562182E-2;1,032929E+1;1,155615E+0;;
02/12/2021  12:47:15,455963;1,149529E+0;1,268406E-2;1,032929E+1;1,155165E+0;;
02/12/2021  12:47:15,456063;1,150537E+0;1,491412E-2;1,032929E+1;1,154730E+0;;
02/12/2021  12:47:15,456163;1,150075E+0;1,114439E-1;1,032929E+1;1,154309E+0;;
02/12/2021  12:47:15,456263;1,149160E+0;1,618844E-2;1,032929E+1;1,153902E+0;;
02/12/2021  12:47:15,456363;1,149026E+0;1,140974E-2;1,032929E+1;1,153511E+0;;
02/12/2021  12:47:15,456463;1,149228E+0;1,204690E-2;1,032929E+1;1,153136E+0;;
02/12/2021  12:47:15,456563;1,150316E+0;1,586986E-2;1,032929E+1;1,152775E+0;;
02/12/2021  12:47:15,456663;1,150849E+0;1,178155E-1;1,032929E+1;1,152430E+0;;
02/12/2021  12:47:15,456763;1,148894E+0;1,332122E-2;1,032929E+1;1,152100E+0;;
02/12/2021  12:47:15,456863;1,149121E+0;1,109116E-2;1,032929E+1;1,151786E+0;;
02/12/2021  12:47:15,456963;1,149145E+0;1,778134E-2;1,032929E+1;1,151487E+0;;
02/12/2021  12:47:15,457063;1,150346E+0;1,650702E-2;1,032929E+1;1,151204E+0;;
02/12/2021  12:47:15,457163;1,150301E+0;1,459554E-2;1,032929E+1;1,150936E+0;;
02/12/2021  12:47:15,457263;1,149613E+0;1,586986E-2;1,032929E+1;1,150683E+0;;
02/12/2021  12:47:15,457363;1,149711E+0;1,746276E-2;1,032929E+1;1,150445E+0;;
02/12/2021  12:47:15,457463;1,150388E+0;1,491412E-2;1,032929E+1;1,150222E+0;;
02/12/2021  12:47:15,457563;1,150912E+0;1,586986E-2;1,032929E+1;1,150014E+0;;
02/12/2021  12:47:15,457663;1,150936E+0;1,523270E-2;1,032929E+1;1,149820E+0;;
02/12/2021  12:47:15,457763;1,150525E+0;1,586986E-2;1,032929E+1;1,149641E+0;;
02/12/2021  12:47:15,457863;1,150593E+0;8,542518E-3;1,032929E+1;1,149476E+0;;
02/12/2021  12:47:15,457963;1,152045E+0;1,332122E-2;1,032929E+1;1,149326E+0;;
02/12/2021  12:47:15,458063;1,152930E+0;1,523270E-2;1,032929E+1;1,149190E+0;;
02/12/2021  12:47:15,458163;1,153368E+0;1,332122E-2;1,032929E+1;1,149067E+0;;
02/12/2021  12:47:15,458263;1,151663E+0;1,013542E-2;1,032929E+1;1,148959E+0;;
02/12/2021  12:47:15,458363;1,152128E+0;1,809992E-2;1,032929E+1;1,148866E+0;;
02/12/2021  12:47:15,458463;1,153818E+0;6,949618E-3;1,032929E+1;1,148786E+0;;
02/12/2021  12:47:15,458563;1,154837E+0;1,459554E-2;1,032929E+1;1,148720E+0;;
02/12/2021  12:47:15,458663;1,154697E+0;1,459554E-2;1,032929E+1;1,148669E+0;;
02/12/2021  12:47:15,458763;1,154643E+0;1,268406E-2;1,032929E+1;1,148631E+0;;
02/12/2021  12:47:15,458863;1,155189E+0;1,332122E-2;1,032929E+1;1,148608E+0;;
02/12/2021  12:47:15,458963;1,156035E+0;1,363980E-2;1,032929E+1;1,148599E+0;;
02/12/2021  12:47:15,459063;1,156527E+0;1,459554E-2;1,032929E+1;1,148603E+0;;
02/12/2021  12:47:15,459163;1,156619E+0;1,746276E-2;1,032929E+1;1,148623E+0;;
02/12/2021  12:47:15,459263;1,155967E+0;1,555128E-2;1,032929E+1;1,148656E+0;;
02/12/2021  12:47:15,459363;1,156801E+0;1,523270E-2;1,032929E+1;1,148704E+0;;
02/12/2021  12:47:15,459463;1,158157E+0;1,204690E-2;1,032929E+1;1,148765E+0;;
02/12/2021  12:47:15,459563;1,158711E+0;1,459554E-2;1,032929E+1;1,148841E+0;;
02/12/2021  12:47:15,459663;1,158196E+0;1,586986E-2;1,032929E+1;1,148930E+0;;
02/12/2021  12:47:15,459763;1,157949E+0;1,555128E-2;1,032929E+1;1,149033E+0;;
02/12/2021  12:47:15,459863;1,158706E+0;1,332122E-2;1,032929E+1;1,149150E+0;;
02/12/2021  12:47:15,459963;1,159847E+0;1,491412E-2;1,032929E+1;1,149280E+0;;
02/12/2021  12:47:15,460063;1,160616E+0;1,077258E-2;1,032929E+1;1,149423E+0;;
02/12/2021  12:47:15,460163;1,159752E+0;1,618844E-2;1,032929E+1;1,149579E+0;;
02/12/2021  12:47:15,460263;1,159465E+0;1,204690E-2;1,032929E+1;1,149747E+0;;
02/12/2021  12:47:15,460363;1,160875E+0;1,268406E-2;1,032929E+1;1,149928E+0;;
02/12/2021  12:47:15,460463;1,161570E+0;1,427696E-2;1,032929E+1;1,150121E+0;;
02/12/2021  12:47:15,460563;1,162043E+0;1,332122E-2;1,032929E+1;1,150326E+0;;
02/12/2021  12:47:15,460663;1,162362E+0;1,618844E-2;1,032929E+1;1,150542E+0;;
02/12/2021  12:47:15,460763;1,162228E+0;1,395838E-2;1,032929E+1;1,150770E+0;;
02/12/2021  12:47:15,460863;1,163185E+0;1,746276E-2;1,032929E+1;1,151008E+0;;
02/12/2021  12:47:15,460963;1,164791E+0;1,268406E-2;1,032929E+1;1,151258E+0;;
02/12/2021  12:47:15,461063;1,165033E+0;1,459554E-2;1,032929E+1;1,151518E+0;;
02/12/2021  12:47:15,461163;1,165077E+0;1,491412E-2;1,032929E+1;1,151788E+0;;
02/12/2021  12:47:15,461263;1,165265E+0;1,586986E-2;1,032929E+1;1,152069E+0;;
02/12/2021  12:47:15,461363;1,167101E+0;1,586986E-2;1,032929E+1;1,152360E+0;;
02/12/2021  12:47:15,461463;1,168695E+0;1,236548E-2;1,032929E+1;1,152661E+0;;
02/12/2021  12:47:15,461563;1,169247E+0;1,650702E-2;1,032929E+1;1,152972E+0;;
02/12/2021  12:47:15,461663;1,170099E+0;1,300264E-2;1,032929E+1;1,153294E+0;;
02/12/2021  12:47:15,461763;1,170570E+0;1,523270E-2;1,032929E+1;1,153627E+0;;
02/12/2021  12:47:15,461863;1,172859E+0;1,332122E-2;1,032929E+1;1,153970E+0;;
02/12/2021  12:47:15,461963;1,174757E+0;1,618844E-2;1,032929E+1;1,154325E+0;;
02/12/2021  12:47:15,462063;1,175276E+0;1,618844E-2;1,032929E+1;1,154692E+0;;
02/12/2021  12:47:15,462163;1,175762E+0;1,778134E-2;1,032929E+1;1,155072E+0;;
02/12/2021  12:47:15,462263;1,176268E+0;1,778134E-2;1,032929E+1;1,155464E+0;;
02/12/2021  12:47:15,462363;1,178072E+0;1,586986E-2;1,032929E+1;1,155870E+0;;
02/12/2021  12:47:15,462463;1,178957E+0;1,491412E-2;1,032929E+1;1,156289E+0;;
02/12/2021  12:47:15,462563;1,179711E+0;1,682560E-2;1,032929E+1;1,156724E+0;;
02/12/2021  12:47:15,462663;1,180158E+0;1,204690E-2;1,032929E+1;1,157172E+0;;
02/12/2021  12:47:15,462763;1,181079E+0;1,491412E-2;1,032929E+1;1,157636E+0;;
02/12/2021  12:47:15,462863;1,183105E+0;1,523270E-2;1,032929E+1;1,158115E+0;;
02/12/2021  12:47:15,462963;1,184282E+0;1,809992E-2;1,032929E+1;1,158610E+0;;
02/12/2021  12:47:15,463063;1,184125E+0;1,523270E-2;1,032929E+1;1,159120E+0;;
02/12/2021  12:47:15,463163;1,184229E+0;1,650702E-2;1,032929E+1;1,159647E+0;;
02/12/2021  12:47:15,463263;1,185621E+0;1,523270E-2;1,032929E+1;1,160190E+0;;
02/12/2021  12:47:15,463363;1,186890E+0;1,395838E-2;1,032929E+1;1,160748E+0;;
02/12/2021  12:47:15,463463;1,187695E+0;1,618844E-2;1,032929E+1;1,161323E+0;;
02/12/2021  12:47:15,463563;1,188067E+0;1,523270E-2;1,032929E+1;1,161914E+0;;
02/12/2021  12:47:15,463663;1,188276E+0;1,809992E-2;1,032929E+1;1,162520E+0;;
02/12/2021  12:47:15,463763;1,189361E+0;7,905358E-3;1,032929E+1;1,163143E+0;;
02/12/2021  12:47:15,463863;1,190580E+0;1,682560E-2;1,032929E+1;1,163780E+0;;
02/12/2021  12:47:15,463963;1,190732E+0;1,682560E-2;1,032929E+1;1,164432E+0;;
02/12/2021  12:47:15,464063;1,190785E+0;1,650702E-2;1,032929E+1;1,165098E+0;;
02/12/2021  12:47:15,464163;1,190866E+0;1,523270E-2;1,032929E+1;1,165778E+0;;
02/12/2021  12:47:15,464263;1,191131E+0;1,746276E-2;1,032929E+1;1,166471E+0;;
02/12/2021  12:47:15,464363;1,192529E+0;1,937424E-2;1,032929E+1;1,167176E+0;;
02/12/2021  12:47:15,464463;1,192597E+0;1,682560E-2;1,032929E+1;1,167893E+0;;
02/12/2021  12:47:15,464563;1,192204E+0;1,682560E-2;1,032929E+1;1,168620E+0;;
02/12/2021  12:47:15,464663;1,191772E+0;1,140974E-2;1,032929E+1;1,169357E+0;;
02/12/2021  12:47:15,464763;1,192964E+0;1,682560E-2;1,032929E+1;1,170102E+0;;
02/12/2021  12:47:15,464863;1,194308E+0;1,523270E-2;1,032929E+1;1,170854E+0;;
02/12/2021  12:47:15,464963;1,194347E+0;1,650702E-2;1,032929E+1;1,171611E+0;;
02/12/2021  12:47:15,465063;1,194031E+0;1,523270E-2;1,032929E+1;1,172375E+0;;
02/12/2021  12:47:15,465163;1,194019E+0;1,395838E-2;1,032929E+1;1,173142E+0;;
02/12/2021  12:47:15,465263;1,195196E+0;1,204690E-2;1,032929E+1;1,173911E+0;;
02/12/2021  12:47:15,465363;1,195319E+0;1,045400E-2;1,032929E+1;1,174683E+0;;
02/12/2021  12:47:15,465463;1,195921E+0;1,236548E-2;1,032929E+1;1,175455E+0;;
02/12/2021  12:47:15,465563;1,196150E+0;1,215178E-3;1,032929E+1;1,176227E+0;;
02/12/2021  12:47:15,465663;1,195706E+0;8,223938E-3;1,032929E+1;1,176997E+0;;
02/12/2021  12:47:15,465763;1,196695E+0;5,675298E-3;1,032929E+1;1,177765E+0;;
02/12/2021  12:47:15,465863;1,197771E+0;6,312458E-3;1,032929E+1;1,178530E+0;;
02/12/2021  12:47:15,465963;1,197595E+0;1,533758E-3;1,032929E+1;1,179290E+0;;
02/12/2021  12:47:15,466063;1,197131E+0;5,780180E-4;1,032929E+1;1,180045E+0;;
02/12/2021  12:47:15,466163;1,197324E+0;2,489498E-3;1,032929E+1;1,180795E+0;;
02/12/2021  12:47:15,466263;1,197968E+0;1,215178E-3;1,032929E+1;1,181537E+0;;
02/12/2021  12:47:15,466363;1,198832E+0;1,215178E-3;1,032929E+1;1,182272E+0;;
02/12/2021  12:47:15,466463;1,199214E+0;1,852338E-3;1,032929E+1;1,182998E+0;;
02/12/2021  12:47:15,466563;1,198922E+0;8,965980E-4;1,032929E+1;1,183716E+0;;
02/12/2021  12:47:15,466663;1,199053E+0;3,126658E-3;1,032929E+1;1,184424E+0;;
02/12/2021  12:47:15,466763;1,200263E+0;8,965980E-4;1,032929E+1;1,185121E+0;;
02/12/2021  12:47:15,466863;1,201556E+0;5,780180E-4;1,032929E+1;1,185808E+0;;
02/12/2021  12:47:15,466963;1,201604E+0;1,533758E-3;1,032929E+1;1,186485E+0;;
02/12/2021  12:47:15,467063;1,201228E+0;3,445238E-3;1,032929E+1;1,187150E+0;;
02/12/2021  12:47:15,467163;1,201404E+0;1,215178E-3;1,032929E+1;1,187803E+0;;
02/12/2021  12:47:15,467263;1,202176E+0;1,852338E-3;1,032929E+1;1,188445E+0;;
02/12/2021  12:47:15,467363;1,203222E+0;1,215178E-3;1,032929E+1;1,189076E+0;;
02/12/2021  12:47:15,467463;1,202805E+0;8,965980E-4;1,032929E+1;1,189694E+0;;
02/12/2021  12:47:15,467563;1,202260E+0;8,965980E-4;1,032929E+1;1,190301E+0;;
02/12/2021  12:47:15,467663;1,202939E+0;5,356718E-3;1,032929E+1;1,190895E+0;;
02/12/2021  12:47:15,467763;1,204006E+0;9,498258E-3;1,032929E+1;1,191478E+0;;
02/12/2021  12:47:15,467863;1,204182E+0;1,852338E-3;1,032929E+1;1,192048E+0;;
02/12/2021  12:47:15,467963;1,203640E+0;1,533758E-3;1,032929E+1;1,192606E+0;;
02/12/2021  12:47:15,468063;1,202283E+0;1,533758E-3;1,032929E+1;1,193152E+0;;
02/12/2021  12:47:15,468163;1,202686E+0;1,215178E-3;1,032929E+1;1,193685E+0;;
02/12/2021  12:47:15,468263;1,202883E+0;8,965980E-4;1,032929E+1;1,194206E+0;;
02/12/2021  12:47:15,468363;1,202450E+0;8,965980E-4;1,032929E+1;1,194713E+0;;
02/12/2021  12:47:15,468463;1,201640E+0;1,215178E-3;1,032929E+1;1,195207E+0;;
02/12/2021  12:47:15,468563;1,200999E+0;8,965980E-4;1,032929E+1;1,195687E+0;;
02/12/2021  12:47:15,468663;1,200689E+0;7,905358E-3;1,032929E+1;1,196153E+0;;
02/12/2021  12:47:15,468763;1,200474E+0;2,808078E-3;1,032929E+1;1,196604E+0;;
02/12/2021  12:47:15,468863;1,200552E+0;3,763818E-3;1,032929E+1;1,197039E+0;;
02/12/2021  12:47:15,468963;1,199518E+0;2,489498E-3;1,032929E+1;1,197458E+0;;
02/12/2021  12:47:15,469063;1,197804E+0;1,215178E-3;1,032929E+1;1,197861E+0;;
02/12/2021  12:47:15,469163;1,197312E+0;1,852338E-3;1,032929E+1;1,198245E+0;;
02/12/2021  12:47:15,469263;1,197727E+0;8,965980E-4;1,032929E+1;1,198612E+0;;
02/12/2021  12:47:15,469363;1,196454E+0;1,013542E-2;1,032929E+1;1,198959E+0;;
02/12/2021  12:47:15,469463;1,195378E+0;5,675298E-3;1,032929E+1;1,199287E+0;;
02/12/2021  12:47:15,469563;1,194365E+0;1,204690E-2;1,032929E+1;1,199594E+0;;
02/12/2021  12:47:15,469663;1,194559E+0;1,109116E-2;1,032929E+1;1,199879E+0;;
02/12/2021  12:47:15,469763;1,194520E+0;1,363980E-2;1,032929E+1;1,200142E+0;;
02/12/2021  12:47:15,469863;1,193432E+0;7,905358E-3;1,032929E+1;1,200382E+0;;
02/12/2021  12:47:15,469963;1,192779E+0;1,215178E-3;1,032929E+1;1,200598E+0;;
02/12/2021  12:47:15,470063;1,191101E+0;1,109116E-2;1,032929E+1;1,200790E+0;;
02/12/2021  12:47:15,470163;1,190985E+0;1,395838E-2;1,032929E+1;1,200958E+0;;
02/12/2021  12:47:15,470263;1,191089E+0;1,332122E-2;1,032929E+1;1,201101E+0;;
02/12/2021  12:47:15,470363;1,190470E+0;1,459554E-2;1,032929E+1;1,201217E+0;;
02/12/2021  12:47:15,470463;1,189918E+0;1,427696E-2;1,032929E+1;1,201308E+0;;
02/12/2021  12:47:15,470563;1,188556E+0;1,300264E-2;1,032929E+1;1,201373E+0;;
02/12/2021  12:47:15,470663;1,190049E+0;1,650702E-2;1,032929E+1;1,201411E+0;;
02/12/2021  12:47:15,470763;1,189447E+0;9,816838E-3;1,032929E+1;1,201423E+0;;
02/12/2021  12:47:15,470863;1,189337E+0;1,555128E-2;1,032929E+1;1,201409E+0;;
02/12/2021  12:47:15,470963;1,189000E+0;1,618844E-2;1,032929E+1;1,201369E+0;;
02/12/2021  12:47:15,471063;1,188312E+0;1,491412E-2;1,032929E+1;1,201304E+0;;
02/12/2021  12:47:15,471163;1,188804E+0;1,363980E-2;1,032929E+1;1,201215E+0;;
02/12/2021  12:47:15,471263;1,188890E+0;1,300264E-2;1,032929E+1;1,201101E+0;;
02/12/2021  12:47:15,471363;1,188425E+0;1,586986E-2;1,032929E+1;1,200964E+0;;
02/12/2021  12:47:15,471463;1,187781E+0;4,400978E-3;1,032929E+1;1,200805E+0;;
02/12/2021  12:47:15,471563;1,187957E+0;1,459554E-2;1,032929E+1;1,200624E+0;;
02/12/2021  12:47:15,471663;1,187915E+0;1,491412E-2;1,032929E+1;1,200423E+0;;
02/12/2021  12:47:15,471763;1,188118E+0;1,618844E-2;1,032929E+1;1,200202E+0;;
02/12/2021  12:47:15,471863;1,187105E+0;1,268406E-2;1,032929E+1;1,199962E+0;;
02/12/2021  12:47:15,471963;1,186083E+0;5,675298E-3;1,032929E+1;1,199705E+0;;
02/12/2021  12:47:15,472063;1,184691E+0;1,140974E-2;1,032929E+1;1,199431E+0;;
02/12/2021  12:47:15,472163;1,185609E+0;8,223938E-3;1,032929E+1;1,199142E+0;;
02/12/2021  12:47:15,472263;1,184971E+0;1,586986E-2;1,032929E+1;1,198837E+0;;
02/12/2021  12:47:15,472363;1,184101E+0;1,459554E-2;1,032929E+1;1,198518E+0;;
02/12/2021  12:47:15,472463;1,183147E+0;1,491412E-2;1,032929E+1;1,198185E+0;;
02/12/2021  12:47:15,472563;1,182882E+0;1,427696E-2;1,032929E+1;1,197839E+0;;
02/12/2021  12:47:15,472663;1,183081E+0;1,618844E-2;1,032929E+1;1,197481E+0;;
02/12/2021  12:47:15,472763;1,181585E+0;1,650702E-2;1,032929E+1;1,197112E+0;;
02/12/2021  12:47:15,472863;1,180948E+0;1,459554E-2;1,032929E+1;1,196731E+0;;
02/12/2021  12:47:15,472963;1,179329E+0;1,586986E-2;1,032929E+1;1,196340E+0;;
02/12/2021  12:47:15,473063;1,178638E+0;1,682560E-2;1,032929E+1;1,195938E+0;;
02/12/2021  12:47:15,473163;1,178265E+0;1,523270E-2;1,032929E+1;1,195526E+0;;
02/12/2021  12:47:15,473263;1,177192E+0;1,459554E-2;1,032929E+1;1,195105E+0;;
02/12/2021  12:47:15,473363;1,175547E+0;1,618844E-2;1,032929E+1;1,194674E+0;;
02/12/2021  12:47:15,473463;1,174093E+0;7,905358E-3;1,032929E+1;1,194233E+0;;
02/12/2021  12:47:15,473563;1,172871E+0;1,395838E-2;1,032929E+1;1,193783E+0;;
02/12/2021  12:47:15,473663;1,172710E+0;1,459554E-2;1,032929E+1;1,193322E+0;;
02/12/2021  12:47:15,473763;1,171893E+0;1,300264E-2;1,032929E+1;1,192851E+0;;
02/12/2021  12:47:15,473863;1,169625E+0;1,395838E-2;1,032929E+1;1,192370E+0;;
02/12/2021  12:47:15,473963;1,167518E+0;1,427696E-2;1,032929E+1;1,191878E+0;;
02/12/2021  12:47:15,474063;1,167381E+0;8,223938E-3;1,032929E+1;1,191374E+0;;
02/12/2021  12:47:15,474163;1,166541E+0;1,586986E-2;1,032929E+1;1,190859E+0;;
02/12/2021  12:47:15,474263;1,165217E+0;1,459554E-2;1,032929E+1;1,190331E+0;;
02/12/2021  12:47:15,474363;1,164037E+0;1,586986E-2;1,032929E+1;1,189791E+0;;
02/12/2021  12:47:15,474463;1,162398E+0;1,586986E-2;1,032929E+1;1,189237E+0;;
02/12/2021  12:47:15,474563;1,162216E+0;1,650702E-2;1,032929E+1;1,188670E+0;;
02/12/2021  12:47:15,474663;1,162139E+0;1,363980E-2;1,032929E+1;1,188090E+0;;
02/12/2021  12:47:15,474763;1,161131E+0;1,586986E-2;1,032929E+1;1,187495E+0;;
02/12/2021  12:47:15,474863;1,159489E+0;1,746276E-2;1,032929E+1;1,186885E+0;;
02/12/2021  12:47:15,474963;1,159153E+0;1,363980E-2;1,032929E+1;1,186262E+0;;
02/12/2021  12:47:15,475063;1,158971E+0;1,459554E-2;1,032929E+1;1,185624E+0;;
02/12/2021  12:47:15,475163;1,158166E+0;1,427696E-2;1,032929E+1;1,184972E+0;;
02/12/2021  12:47:15,475263;1,158300E+0;1,841850E-2;1,032929E+1;1,184307E+0;;
02/12/2021  12:47:15,475363;1,156524E+0;6,047106E-2;1,032929E+1;1,183628E+0;;
02/12/2021  12:47:15,475463;1,155618E+0;1,459554E-2;1,032929E+1;1,182936E+0;;
02/12/2021  12:47:15,475563;1,156023E+0;1,650702E-2;1,032929E+1;1,182231E+0;;
02/12/2021  12:47:15,475663;1,155803E+0;1,459554E-2;1,032929E+1;1,181514E+0;;
02/12/2021  12:47:15,475763;1,155350E+0;1,219570E-1;1,032929E+1;1,180786E+0;;
02/12/2021  12:47:15,475863;1,153907E+0;1,748413E-1;1,032929E+1;1,180047E+0;;
02/12/2021  12:47:15,475963;1,153743E+0;1,523270E-2;1,032929E+1;1,179298E+0;;
02/12/2021  12:47:15,476063;1,153699E+0;1,555128E-2;1,032929E+1;1,178540E+0;;
02/12/2021  12:47:15,476163;1,153740E+0;1,650702E-2;1,032929E+1;1,177773E+0;;
02/12/2021  12:47:15,476263;1,152539E+0;1,618844E-2;1,032929E+1;1,176999E+0;;
02/12/2021  12:47:15,476363;1,152062E+0;4,082398E-3;1,032929E+1;1,176219E+0;;
02/12/2021  12:47:15,476463;1,152062E+0;1,778134E-2;1,032929E+1;1,175433E+0;;
02/12/2021  12:47:15,476563;1,152089E+0;9,498258E-3;1,032929E+1;1,174642E+0;;
02/12/2021  12:47:15,476663;1,152015E+0;1,076209E-1;1,032929E+1;1,173848E+0;;
02/12/2021  12:47:15,476763;1,151827E+0;5,378088E-2;1,032929E+1;1,173052E+0;;
02/12/2021  12:47:15,476863;1,150951E+0;1,618844E-2;1,032929E+1;1,172254E+0;;
02/12/2021  12:47:15,476963;1,150063E+0;1,395838E-2;1,032929E+1;1,171456E+0;;
02/12/2021  12:47:15,477063;1,150930E+0;1,555128E-2;1,032929E+1;1,170659E+0;;
02/12/2021  12:47:15,477163;1,150951E+0;1,395838E-2;1,032929E+1;1,169863E+0;;
02/12/2021  12:47:15,477263;1,149735E+0;1,555128E-2;1,032929E+1;1,169071E+0;;
02/12/2021  12:47:15,477363;1,149377E+0;1,778134E-2;1,032929E+1;1,168283E+0;;
02/12/2021  12:47:15,477463;1,149118E+0;2,797590E-2;1,032929E+1;1,167500E+0;;
02/12/2021  12:47:15,477563;1,149538E+0;4,040052E-2;1,032929E+1;1,166722E+0;;
02/12/2021  12:47:15,477663;1,149321E+0;3,562182E-2;1,032929E+1;1,165952E+0;;
02/12/2021  12:47:15,477763;1,148680E+0;1,491412E-2;1,032929E+1;1,165189E+0;;
02/12/2021  12:47:15,477863;1,147333E+0;1,586986E-2;1,032929E+1;1,164435E+0;;
02/12/2021  12:47:15,477963;1,147106E+0;8,946184E-2;1,032929E+1;1,163690E+0;;
02/12/2021  12:47:15,478063;1,147282E+0;1,746276E-2;1,032929E+1;1,162955E+0;;
02/12/2021  12:47:15,478163;1,146725E+0;1,268406E-2;1,032929E+1;1,162231E+0;;
02/12/2021  12:47:15,478263;1,145673E+0;1,204690E-2;1,032929E+1;1,161517E+0;;
02/12/2021  12:47:15,478363;1,144627E+0;1,586986E-2;1,032929E+1;1,160814E+0;;
02/12/2021  12:47:15,478463;1,144302E+0;1,077258E-2;1,032929E+1;1,160123E+0;;
02/12/2021  12:47:15,478563;1,144916E+0;1,013542E-2;1,032929E+1;1,159443E+0;;
02/12/2021  12:47:15,478663;1,144370E+0;1,332122E-2;1,032929E+1;1,158775E+0;;
02/12/2021  12:47:15,478763;1,143020E+0;1,300264E-2;1,032929E+1;1,158118E+0;;
02/12/2021  12:47:15,478863;1,142093E+0;9,816838E-3;1,032929E+1;1,157473E+0;;
02/12/2021  12:47:15,478963;1,141861E+0;1,140974E-2;1,032929E+1;1,156840E+0;;
02/12/2021  12:47:15,479063;1,141870E+0;1,109116E-2;1,032929E+1;1,156219E+0;;
02/12/2021  12:47:15,479163;1,141494E+0;1,332122E-2;1,032929E+1;1,155609E+0;;
02/12/2021  12:47:15,479263;1,140621E+0;1,172832E-2;1,032929E+1;1,155010E+0;;
02/12/2021  12:47:15,479363;1,140696E+0;1,013542E-2;1,032929E+1;1,154421E+0;;
02/12/2021  12:47:15,479463;1,141009E+0;1,459554E-2;1,032929E+1;1,153844E+0;;
02/12/2021  12:47:15,479563;1,141399E+0;1,491412E-2;1,032929E+1;1,153278E+0;;
02/12/2021  12:47:15,479663;1,141190E+0;1,363980E-2;1,032929E+1;1,152722E+0;;
02/12/2021  12:47:15,479763;1,140177E+0;1,746276E-2;1,032929E+1;1,152177E+0;;
02/12/2021  12:47:15,479863;1,140532E+0;1,332122E-2;1,032929E+1;1,151643E+0;;
02/12/2021  12:47:15,479963;1,141149E+0;1,236548E-2;1,032929E+1;1,151119E+0;;
02/12/2021  12:47:15,480063;1,140693E+0;1,204690E-2;1,032929E+1;1,150607E+0;;
02/12/2021  12:47:15,480163;1,141369E+0;1,140974E-2;1,032929E+1;1,150106E+0;;
02/12/2021  12:47:15,480263;1,140547E+0;7,586778E-3;1,032929E+1;1,149617E+0;;
02/12/2021  12:47:15,480363;1,140603E+0;3,126658E-3;1,032929E+1;1,149139E+0;;
02/12/2021  12:47:15,480463;1,141989E+0;3,445238E-3;1,032929E+1;1,148672E+0;;
02/12/2021  12:47:15,480563;1,142975E+0;1,204690E-2;1,032929E+1;1,148218E+0;;
02/12/2021  12:47:15,480663;1,142838E+0;9,816838E-3;1,032929E+1;1,147777E+0;;
02/12/2021  12:47:15,480763;1,142448E+0;7,586778E-3;1,032929E+1;1,147349E+0;;
02/12/2021  12:47:15,480863;1,143029E+0;1,013542E-2;1,032929E+1;1,146934E+0;;
02/12/2021  12:47:15,480963;1,144415E+0;1,013542E-2;1,032929E+1;1,146534E+0;;
02/12/2021  12:47:15,481063;1,145145E+0;1,618844E-2;1,032929E+1;1,146148E+0;;
02/12/2021  12:47:15,481163;1,145103E+0;1,523270E-2;1,032929E+1;1,145778E+0;;
02/12/2021  12:47:15,481263;1,145893E+0;1,523270E-2;1,032929E+1;1,145424E+0;;
02/12/2021  12:47:15,481363;1,146620E+0;1,523270E-2;1,032929E+1;1,145086E+0;;
02/12/2021  12:47:15,481463;1,148525E+0;1,109116E-2;1,032929E+1;1,144767E+0;;
02/12/2021  12:47:15,481563;1,148939E+0;1,491412E-2;1,032929E+1;1,144466E+0;;
02/12/2021  12:47:15,481663;1,149607E+0;1,618844E-2;1,032929E+1;1,144185E+0;;
02/12/2021  12:47:15,481763;1,149297E+0;1,714418E-2;1,032929E+1;1,143924E+0;;
02/12/2021  12:47:15,481863;1,150003E+0;1,746276E-2;1,032929E+1;1,143684E+0;;
02/12/2021  12:47:15,481963;1,151231E+0;1,491412E-2;1,032929E+1;1,143466E+0;;
02/12/2021  12:47:15,482063;1,151896E+0;1,491412E-2;1,032929E+1;1,143271E+0;;
02/12/2021  12:47:15,482163;1,152402E+0;1,586986E-2;1,032929E+1;1,143099E+0;;
02/12/2021  12:47:15,482263;1,152808E+0;1,650702E-2;1,032929E+1;1,142951E+0;;
02/12/2021  12:47:15,482363;1,154253E+0;1,586986E-2;1,032929E+1;1,142828E+0;;
02/12/2021  12:47:15,482463;1,155612E+0;1,650702E-2;1,032929E+1;1,142729E+0;;
02/12/2021  12:47:15,482563;1,156360E+0;1,714418E-2;1,032929E+1;1,142656E+0;;
02/12/2021  12:47:15,482663;1,156640E+0;1,268406E-2;1,032929E+1;1,142608E+0;;
02/12/2021  12:47:15,482763;1,157081E+0;1,586986E-2;1,032929E+1;1,142588E+0;;
02/12/2021  12:47:15,482863;1,157823E+0;1,491412E-2;1,032929E+1;1,142595E+0;;
02/12/2021  12:47:15,482963;1,159331E+0;1,204690E-2;1,032929E+1;1,142628E+0;;
02/12/2021  12:47:15,483063;1,160351E+0;1,746276E-2;1,032929E+1;1,142690E+0;;
02/12/2021  12:47:15,483163;1,160315E+0;1,618844E-2;1,032929E+1;1,142779E+0;;
02/12/2021  12:47:15,483263;1,160455E+0;1,172832E-2;1,032929E+1;1,142896E+0;;
02/12/2021  12:47:15,483363;1,161555E+0;1,523270E-2;1,032929E+1;1,143040E+0;;
02/12/2021  12:47:15,483463;1,162577E+0;1,586986E-2;1,032929E+1;1,143213E+0;;
02/12/2021  12:47:15,483563;1,162958E+0;1,809992E-2;1,032929E+1;1,143413E+0;;
02/12/2021  12:47:15,483663;1,162815E+0;1,586986E-2;1,032929E+1;1,143640E+0;;
02/12/2021  12:47:15,483763;1,162371E+0;1,555128E-2;1,032929E+1;1,143895E+0;;
02/12/2021  12:47:15,483863;1,163420E+0;1,586986E-2;1,032929E+1;1,144175E+0;;
02/12/2021  12:47:15,483963;1,164437E+0;1,714418E-2;1,032929E+1;1,144481E+0;;
02/12/2021  12:47:15,484063;1,164142E+0;1,618844E-2;1,032929E+1;1,144812E+0;;
02/12/2021  12:47:15,484163;1,164431E+0;1,555128E-2;1,032929E+1;1,145167E+0;;
02/12/2021  12:47:15,484263;1,164741E+0;1,714418E-2;1,032929E+1;1,145545E+0;;
02/12/2021  12:47:15,484363;1,166496E+0;1,586986E-2;1,032929E+1;1,145945E+0;;
02/12/2021  12:47:15,484463;1,167167E+0;1,459554E-2;1,032929E+1;1,146366E+0;;
02/12/2021  12:47:15,484563;1,168183E+0;1,586986E-2;1,032929E+1;1,146807E+0;;
02/12/2021  12:47:15,484663;1,168192E+0;1,682560E-2;1,032929E+1;1,147267E+0;;
02/12/2021  12:47:15,484763;1,167721E+0;1,682560E-2;1,032929E+1;1,147747E+0;;
02/12/2021  12:47:15,484863;1,169545E+0;1,650702E-2;1,032929E+1;1,148244E+0;;
02/12/2021  12:47:15,484963;1,171381E+0;1,650702E-2;1,032929E+1;1,148758E+0;;
02/12/2021  12:47:15,485063;1,171229E+0;1,555128E-2;1,032929E+1;1,149288E+0;;
02/12/2021  12:47:15,485163;1,171634E+0;1,650702E-2;1,032929E+1;1,149833E+0;;
02/12/2021  12:47:15,485263;1,172430E+0;1,618844E-2;1,032929E+1;1,150393E+0;;
02/12/2021  12:47:15,485363;1,174197E+0;1,140974E-2;1,032929E+1;1,150967E+0;;
02/12/2021  12:47:15,485463;1,175380E+0;1,268406E-2;1,032929E+1;1,151555E+0;;
02/12/2021  12:47:15,485563;1,174775E+0;1,013542E-2;1,032929E+1;1,152155E+0;;
02/12/2021  12:47:15,485663;1,175353E+0;1,332122E-2;1,032929E+1;1,152767E+0;;
02/12/2021  12:47:15,485763;1,175702E+0;9,179678E-3;1,032929E+1;1,153391E+0;;
02/12/2021  12:47:15,485863;1,177243E+0;8,542518E-3;1,032929E+1;1,154026E+0;;
02/12/2021  12:47:15,485963;1,178268E+0;1,215178E-3;1,032929E+1;1,154671E+0;;
02/12/2021  12:47:15,486063;1,178277E+0;8,965980E-4;1,032929E+1;1,155325E+0;;
02/12/2021  12:47:15,486163;1,179586E+0;4,400978E-3;1,032929E+1;1,155989E+0;;
02/12/2021  12:47:15,486263;1,180474E+0;7,268198E-3;1,032929E+1;1,156661E+0;;
02/12/2021  12:47:15,486363;1,183075E+0;5,780180E-4;1,032929E+1;1,157341E+0;;
02/12/2021  12:47:15,486463;1,184172E+0;1,533758E-3;1,032929E+1;1,158029E+0;;
02/12/2021  12:47:15,486563;1,184661E+0;8,965980E-4;1,032929E+1;1,158724E+0;;
02/12/2021  12:47:15,486663;1,185087E+0;1,215178E-3;1,032929E+1;1,159428E+0;;
02/12/2021  12:47:15,486763;1,186133E+0;5,780180E-4;1,032929E+1;1,160139E+0;;
02/12/2021  12:47:15,486863;1,188589E+0;1,852338E-3;1,032929E+1;1,160858E+0;;
02/12/2021  12:47:15,486963;1,188768E+0;1,533758E-3;1,032929E+1;1,161584E+0;;
02/12/2021  12:47:15,487063;1,189951E+0;1,215178E-3;1,032929E+1;1,162318E+0;;
02/12/2021  12:47:15,487163;1,190008E+0;1,533758E-3;1,032929E+1;1,163060E+0;;
02/12/2021  12:47:15,487263;1,192007E+0;1,215178E-3;1,032929E+1;1,163809E+0;;
02/12/2021  12:47:15,487363;1,193408E+0;1,215178E-3;1,032929E+1;1,164566E+0;;
02/12/2021  12:47:15,487463;1,193816E+0;8,965980E-4;1,032929E+1;1,165331E+0;;
02/12/2021  12:47:15,487563;1,193724E+0;1,852338E-3;1,032929E+1;1,166103E+0;;
02/12/2021  12:47:15,487663;1,194114E+0;1,533758E-3;1,032929E+1;1,166884E+0;;
02/12/2021  12:47:15,487763;1,194731E+0;1,533758E-3;1,032929E+1;1,167671E+0;;
02/12/2021  12:47:15,487863;1,195938E+0;1,533758E-3;1,032929E+1;1,168466E+0;;
02/12/2021  12:47:15,487963;1,195983E+0;1,533758E-3;1,032929E+1;1,169268E+0;;
02/12/2021  12:47:15,488063;1,196764E+0;1,533758E-3;1,032929E+1;1,170075E+0;;
02/12/2021  12:47:15,488163;1,196955E+0;8,965980E-4;1,032929E+1;1,170889E+0;;
02/12/2021  12:47:15,488263;1,197771E+0;1,533758E-3;1,032929E+1;1,171707E+0;;
02/12/2021  12:47:15,488363;1,199178E+0;1,533758E-3;1,032929E+1;1,172530E+0;;
02/12/2021  12:47:15,488463;1,199443E+0;1,852338E-3;1,032929E+1;1,173357E+0;;
02/12/2021  12:47:15,488563;1,199706E+0;1,533758E-3;1,032929E+1;1,174188E+0;;
02/12/2021  12:47:15,488663;1,199723E+0;1,215178E-3;1,032929E+1;1,175022E+0;;
02/12/2021  12:47:15,488763;1,200993E+0;2,489498E-3;1,032929E+1;1,175858E+0;;
02/12/2021  12:47:15,488863;1,202146E+0;1,852338E-3;1,032929E+1;1,176696E+0;;
02/12/2021  12:47:15,488963;1,203124E+0;1,215178E-3;1,032929E+1;1,177535E+0;;
02/12/2021  12:47:15,489063;1,202444E+0;1,533758E-3;1,032929E+1;1,178375E+0;;
02/12/2021  12:47:15,489163;1,203094E+0;1,215178E-3;1,032929E+1;1,179215E+0;;
02/12/2021  12:47:15,489263;1,204551E+0;2,489498E-3;1,032929E+1;1,180054E+0;;
02/12/2021  12:47:15,489363;1,205040E+0;6,312458E-3;1,032929E+1;1,180892E+0;;
02/12/2021  12:47:15,489463;1,205455E+0;1,215178E-3;1,032929E+1;1,181730E+0;;
02/12/2021  12:47:15,489563;1,204882E+0;5,993878E-3;1,032929E+1;1,182565E+0;;
02/12/2021  12:47:15,489663;1,205607E+0;1,523270E-2;1,032929E+1;1,183397E+0;;
02/12/2021  12:47:15,489763;1,206280E+0;8,861098E-3;1,032929E+1;1,184227E+0;;
02/12/2021  12:47:15,489863;1,206459E+0;5,675298E-3;1,032929E+1;1,185052E+0;;
02/12/2021  12:47:15,489963;1,206679E+0;5,356718E-3;1,032929E+1;1,185874E+0;;
02/12/2021  12:47:15,490063;1,205908E+0;1,332122E-2;1,032929E+1;1,186690E+0;;
02/12/2021  12:47:15,490163;1,206515E+0;1,491412E-2;1,032929E+1;1,187500E+0;;
02/12/2021  12:47:15,490263;1,207031E+0;1,459554E-2;1,032929E+1;1,188303E+0;;
02/12/2021  12:47:15,490363;1,206846E+0;1,140974E-2;1,032929E+1;1,189099E+0;;
02/12/2021  12:47:15,490463;1,206963E+0;1,523270E-2;1,032929E+1;1,189887E+0;;
02/12/2021  12:47:15,490563;1,206641E+0;1,586986E-2;1,032929E+1;1,190666E+0;;
02/12/2021  12:47:15,490663;1,206575E+0;1,459554E-2;1,032929E+1;1,191435E+0;;
02/12/2021  12:47:15,490763;1,207296E+0;1,332122E-2;1,032929E+1;1,192192E+0;;
02/12/2021  12:47:15,490863;1,206909E+0;1,332122E-2;1,032929E+1;1,192939E+0;;
02/12/2021  12:47:15,490963;1,206733E+0;1,618844E-2;1,032929E+1;1,193673E+0;;
02/12/2021  12:47:15,491063;1,206474E+0;1,268406E-2;1,032929E+1;1,194393E+0;;
02/12/2021  12:47:15,491163;1,206486E+0;1,300264E-2;1,032929E+1;1,195100E+0;;
02/12/2021  12:47:15,491263;1,207705E+0;1,491412E-2;1,032929E+1;1,195791E+0;;
02/12/2021  12:47:15,491363;1,207138E+0;1,459554E-2;1,032929E+1;1,196467E+0;;
02/12/2021  12:47:15,491463;1,206441E+0;6,949618E-3;1,032929E+1;1,197127E+0;;
02/12/2021  12:47:15,491563;1,205642E+0;1,300264E-2;1,032929E+1;1,197770E+0;;
02/12/2021  12:47:15,491663;1,205359E+0;1,363980E-2;1,032929E+1;1,198395E+0;;
02/12/2021  12:47:15,491763;1,205049E+0;1,236548E-2;1,032929E+1;1,199002E+0;;
02/12/2021  12:47:15,491863;1,204852E+0;1,236548E-2;1,032929E+1;1,199590E+0;;
02/12/2021  12:47:15,491963;1,204453E+0;1,523270E-2;1,032929E+1;1,200158E+0;;
02/12/2021  12:47:15,492063;1,203598E+0;1,204690E-2;1,032929E+1;1,200705E+0;;
02/12/2021  12:47:15,492163;1,202996E+0;1,013542E-2;1,032929E+1;1,201230E+0;;
02/12/2021  12:47:15,492263;1,202856E+0;1,555128E-2;1,032929E+1;1,201733E+0;;
02/12/2021  12:47:15,492363;1,203035E+0;1,714418E-2;1,032929E+1;1,202213E+0;;
02/12/2021  12:47:15,492463;1,201759E+0;8,223938E-3;1,032929E+1;1,202670E+0;;
02/12/2021  12:47:15,492563;1,200740E+0;1,555128E-2;1,032929E+1;1,203102E+0;;
02/12/2021  12:47:15,492663;1,200659E+0;1,300264E-2;1,032929E+1;1,203509E+0;;
02/12/2021  12:47:15,492763;1,200424E+0;1,363980E-2;1,032929E+1;1,203890E+0;;
02/12/2021  12:47:15,492863;1,199506E+0;1,268406E-2;1,032929E+1;1,204245E+0;;
02/12/2021  12:47:15,492963;1,198171E+0;1,109116E-2;1,032929E+1;1,204573E+0;;
02/12/2021  12:47:15,493063;1,197706E+0;9,498258E-3;1,032929E+1;1,204874E+0;;
02/12/2021  12:47:15,493163;1,197563E+0;1,013542E-2;1,032929E+1;1,205148E+0;;
02/12/2021  12:47:15,493263;1,197253E+0;1,204690E-2;1,032929E+1;1,205392E+0;;
02/12/2021  12:47:15,493363;1,196636E+0;9,816838E-3;1,032929E+1;1,205609E+0;;
02/12/2021  12:47:15,493463;1,194630E+0;1,300264E-2;1,032929E+1;1,205796E+0;;
02/12/2021  12:47:15,493563;1,193739E+0;1,523270E-2;1,032929E+1;1,205954E+0;;
02/12/2021  12:47:15,493663;1,194269E+0;1,491412E-2;1,032929E+1;1,206083E+0;;
02/12/2021  12:47:15,493763;1,193879E+0;1,523270E-2;1,032929E+1;1,206181E+0;;
02/12/2021  12:47:15,493863;1,193077E+0;1,523270E-2;1,032929E+1;1,206250E+0;;
02/12/2021  12:47:15,493963;1,191531E+0;1,523270E-2;1,032929E+1;1,206289E+0;;
02/12/2021  12:47:15,494063;1,191447E+0;1,491412E-2;1,032929E+1;1,206298E+0;;
02/12/2021  12:47:15,494163;1,191155E+0;7,586778E-3;1,032929E+1;1,206277E+0;;
02/12/2021  12:47:15,494263;1,190923E+0;1,459554E-2;1,032929E+1;1,206226E+0;;
02/12/2021  12:47:15,494363;1,189286E+0;1,332122E-2;1,032929E+1;1,206146E+0;;
02/12/2021  12:47:15,494463;1,188047E+0;1,491412E-2;1,032929E+1;1,206037E+0;;
02/12/2021  12:47:15,494563;1,187743E+0;1,300264E-2;1,032929E+1;1,205900E+0;;
02/12/2021  12:47:15,494663;1,187576E+0;8,542518E-3;1,032929E+1;1,205733E+0;;
02/12/2021  12:47:15,494763;1,187534E+0;1,491412E-2;1,032929E+1;1,205538E+0;;
02/12/2021  12:47:15,494863;1,186333E+0;1,586986E-2;1,032929E+1;1,205316E+0;;
02/12/2021  12:47:15,494963;1,185603E+0;1,045400E-2;1,032929E+1;1,205067E+0;;
02/12/2021  12:47:15,495063;1,185078E+0;1,491412E-2;1,032929E+1;1,204791E+0;;
02/12/2021  12:47:15,495163;1,185346E+0;1,491412E-2;1,032929E+1;1,204489E+0;;
02/12/2021  12:47:15,495263;1,185033E+0;1,841850E-2;1,032929E+1;1,204162E+0;;
02/12/2021  12:47:15,495363;1,183689E+0;1,417090E-1;1,032929E+1;1,203810E+0;;
02/12/2021  12:47:15,495463;1,182572E+0;1,491412E-2;1,032929E+1;1,203436E+0;;
02/12/2021  12:47:15,495563;1,182399E+0;1,618844E-2;1,032929E+1;1,203039E+0;;
02/12/2021  12:47:15,495663;1,182846E+0;2,702016E-2;1,032929E+1;1,202620E+0;;
02/12/2021  12:47:15,495763;1,181505E+0;1,299215E-1;1,032929E+1;1,202180E+0;;
02/12/2021  12:47:15,495863;1,180286E+0;1,139925E-1;1,032929E+1;1,201721E+0;;
02/12/2021  12:47:15,495963;1,179067E+0;1,586986E-2;1,032929E+1;1,201242E+0;;
02/12/2021  12:47:15,496063;1,178635E+0;1,586986E-2;1,032929E+1;1,200745E+0;;
02/12/2021  12:47:15,496163;1,179192E+0;1,555128E-2;1,032929E+1;1,200231E+0;;
02/12/2021  12:47:15,496263;1,178337E+0;1,746276E-2;1,032929E+1;1,199700E+0;;
02/12/2021  12:47:15,496363;1,177139E+0;1,363980E-2;1,032929E+1;1,199153E+0;;
02/12/2021  12:47:15,496463;1,175923E+0;1,268406E-2;1,032929E+1;1,198591E+0;;
02/12/2021  12:47:15,496563;1,175720E+0;1,714418E-2;1,032929E+1;1,198015E+0;;
02/12/2021  12:47:15,496663;1,175896E+0;1,491412E-2;1,032929E+1;1,197426E+0;;
02/12/2021  12:47:15,496763;1,175142E+0;1,268406E-2;1,032929E+1;1,196824E+0;;
02/12/2021  12:47:15,496863;1,174084E+0;1,363980E-2;1,032929E+1;1,196211E+0;;
02/12/2021  12:47:15,496963;1,172412E+0;1,555128E-2;1,032929E+1;1,195586E+0;;
02/12/2021  12:47:15,497063;1,172889E+0;1,586986E-2;1,032929E+1;1,194951E+0;;
02/12/2021  12:47:15,497163;1,172635E+0;1,427696E-2;1,032929E+1;1,194307E+0;;
02/12/2021  12:47:15,497263;1,171840E+0;1,714418E-2;1,032929E+1;1,193654E+0;;
02/12/2021  12:47:15,497363;1,170543E+0;1,682560E-2;1,032929E+1;1,192993E+0;;
02/12/2021  12:47:15,497463;1,169041E+0;5,537378E-2;1,032929E+1;1,192324E+0;;
02/12/2021  12:47:15,497563;1,167778E+0;8,181592E-2;1,032929E+1;1,191649E+0;;
02/12/2021  12:47:15,497663;1,168180E+0;1,459554E-2;1,032929E+1;1,190967E+0;;
02/12/2021  12:47:15,497763;1,166246E+0;1,714418E-2;1,032929E+1;1,190279E+0;;
02/12/2021  12:47:15,497863;1,165063E+0;1,650702E-2;1,032929E+1;1,189586E+0;;
02/12/2021  12:47:15,497963;1,163709E+0;6,588692E-2;1,032929E+1;1,188887E+0;;
02/12/2021  12:47:15,498063;1,163429E+0;2,160430E-2;1,032929E+1;1,188182E+0;;
02/12/2021  12:47:15,498163;1,163179E+0;1,427696E-2;1,032929E+1;1,187472E+0;;
02/12/2021  12:47:15,498263;1,161346E+0;1,650702E-2;1,032929E+1;1,186757E+0;;
02/12/2021  12:47:15,498363;1,159921E+0;1,523270E-2;1,032929E+1;1,186036E+0;;
02/12/2021  12:47:15,498463;1,159364E+0;7,905358E-3;1,032929E+1;1,185310E+0;;
02/12/2021  12:47:15,498563;1,159942E+0;7,268198E-3;1,032929E+1;1,184579E+0;;
02/12/2021  12:47:15,498663;1,159290E+0;1,555128E-2;1,032929E+1;1,183843E+0;;
02/12/2021  12:47:15,498763;1,158342E+0;1,586986E-2;1,032929E+1;1,183103E+0;;
02/12/2021  12:47:15,498863;1,158032E+0;1,555128E-2;1,032929E+1;1,182357E+0;;
02/12/2021  12:47:15,498963;1,157573E+0;1,491412E-2;1,032929E+1;1,181608E+0;;
02/12/2021  12:47:15,499063;1,159066E+0;1,395838E-2;1,032929E+1;1,180855E+0;;
02/12/2021  12:47:15,499163;1,158375E+0;1,586986E-2;1,032929E+1;1,180099E+0;;
02/12/2021  12:47:15,499263;1,158413E+0;1,682560E-2;1,032929E+1;1,179341E+0;;
02/12/2021  12:47:15,499363;1,157451E+0;1,523270E-2;1,032929E+1;1,178582E+0;;
02/12/2021  12:47:15,499463;1,158011E+0;1,650702E-2;1,032929E+1;1,177822E+0;;
02/12/2021  12:47:15,499563;1,158890E+0;1,682560E-2;1,032929E+1;1,177063E+0;;
02/12/2021  12:47:15,499663;1,159698E+0;1,873708E-2;1,032929E+1;1,176305E+0;;
02/12/2021  12:47:15,499763;1,158896E+0;1,778134E-2;1,032929E+1;1,175551E+0;;
02/12/2021  12:47:15,499863;1,158771E+0;1,523270E-2;1,032929E+1;1,174801E+0;;
02/12/2021  12:47:15,499963;1,159045E+0;8,223938E-3;1,032929E+1;1,174057E+0;;
02/12/2021  12:47:15,500063;1,159665E+0;1,236548E-2;1,032929E+1;1,173320E+0;;
02/12/2021  12:47:15,500163;1,160321E+0;1,586986E-2;1,032929E+1;1,172591E+0;;
02/12/2021  12:47:15,500263;1,159826E+0;1,746276E-2;1,032929E+1;1,171871E+0;;
02/12/2021  12:47:15,500363;1,159477E+0;1,363980E-2;1,032929E+1;1,171162E+0;;
02/12/2021  12:47:15,500463;1,159921E+0;1,300264E-2;1,032929E+1;1,170466E+0;;
02/12/2021  12:47:15,500563;1,161546E+0;1,459554E-2;1,032929E+1;1,169783E+0;;
02/12/2021  12:47:15,500663;1,160416E+0;1,395838E-2;1,032929E+1;1,169115E+0;;
02/12/2021  12:47:15,500763;1,159954E+0;1,236548E-2;1,032929E+1;1,168462E+0;;
02/12/2021  12:47:15,500863;1,159436E+0;5,038138E-3;1,032929E+1;1,167827E+0;;
02/12/2021  12:47:15,500963;1,159829E+0;1,650702E-2;1,032929E+1;1,167208E+0;;
02/12/2021  12:47:15,501063;1,160366E+0;1,555128E-2;1,032929E+1;1,166609E+0;;
02/12/2021  12:47:15,501163;1,160720E+0;1,523270E-2;1,032929E+1;1,166028E+0;;
02/12/2021  12:47:15,501263;1,159212E+0;1,395838E-2;1,032929E+1;1,165467E+0;;
02/12/2021  12:47:15,501363;1,158521E+0;1,618844E-2;1,032929E+1;1,164925E+0;;
02/12/2021  12:47:15,501463;1,159132E+0;1,491412E-2;1,032929E+1;1,164405E+0;;
02/12/2021  12:47:15,501563;1,158863E+0;1,363980E-2;1,032929E+1;1,163905E+0;;
02/12/2021  12:47:15,501663;1,158145E+0;1,491412E-2;1,032929E+1;1,163425E+0;;
02/12/2021  12:47:15,501763;1,157260E+0;1,618844E-2;1,032929E+1;1,162965E+0;;
02/12/2021  12:47:15,501863;1,157153E+0;1,778134E-2;1,032929E+1;1,162526E+0;;
02/12/2021  12:47:15,501963;1,157317E+0;1,109116E-2;1,032929E+1;1,162107E+0;;
02/12/2021  12:47:15,502063;1,157594E+0;1,714418E-2;1,032929E+1;1,161707E+0;;
02/12/2021  12:47:15,502163;1,157555E+0;1,618844E-2;1,032929E+1;1,161326E+0;;
02/12/2021  12:47:15,502263;1,155898E+0;1,778134E-2;1,032929E+1;1,160963E+0;;
02/12/2021  12:47:15,502363;1,155305E+0;1,459554E-2;1,032929E+1;1,160619E+0;;
02/12/2021  12:47:15,502463;1,155663E+0;2,287862E-2;1,032929E+1;1,160292E+0;;
02/12/2021  12:47:15,502563;1,155752E+0;1,555128E-2;1,032929E+1;1,159982E+0;;
02/12/2021  12:47:15,502663;1,154977E+0;1,618844E-2;1,032929E+1;1,159687E+0;;
02/12/2021  12:47:15,502763;1,154283E+0;1,746276E-2;1,032929E+1;1,159408E+0;;
02/12/2021  12:47:15,502863;1,155037E+0;1,523270E-2;1,032929E+1;1,159142E+0;;
02/12/2021  12:47:15,502963;1,155111E+0;1,427696E-2;1,032929E+1;1,158891E+0;;
02/12/2021  12:47:15,503063;1,155377E+0;1,618844E-2;1,032929E+1;1,158652E+0;;
02/12/2021  12:47:15,503163;1,154918E+0;3,763818E-3;1,032929E+1;1,158425E+0;;
02/12/2021  12:47:15,503263;1,153624E+0;1,427696E-2;1,032929E+1;1,158211E+0;;
02/12/2021  12:47:15,503363;1,154378E+0;1,363980E-2;1,032929E+1;1,158007E+0;;
02/12/2021  12:47:15,503463;1,154026E+0;1,555128E-2;1,032929E+1;1,157813E+0;;
02/12/2021  12:47:15,503563;1,154867E+0;1,523270E-2;1,032929E+1;1,157629E+0;;
02/12/2021  12:47:15,503663;1,155067E+0;1,491412E-2;1,032929E+1;1,157454E+0;;
02/12/2021  12:47:15,503763;1,154322E+0;1,363980E-2;1,032929E+1;1,157288E+0;;
02/12/2021  12:47:15,503863;1,154721E+0;1,363980E-2;1,032929E+1;1,157130E+0;;
02/12/2021  12:47:15,503963;1,155406E+0;1,427696E-2;1,032929E+1;1,156980E+0;;
02/12/2021  12:47:15,504063;1,155922E+0;1,363980E-2;1,032929E+1;1,156837E+0;;
02/12/2021  12:47:15,504163;1,155675E+0;1,459554E-2;1,032929E+1;1,156702E+0;;
02/12/2021  12:47:15,504263;1,154748E+0;1,300264E-2;1,032929E+1;1,156574E+0;;
02/12/2021  12:47:15,504363;1,154888E+0;1,395838E-2;1,032929E+1;1,156454E+0;;
02/12/2021  12:47:15,504463;1,155180E+0;1,268406E-2;1,032929E+1;1,156340E+0;;
02/12/2021  12:47:15,504563;1,155523E+0;1,300264E-2;1,032929E+1;1,156232E+0;;
02/12/2021  12:47:15,504663;1,154301E+0;1,555128E-2;1,032929E+1;1,156131E+0;;
02/12/2021  12:47:15,504763;1,153585E+0;1,300264E-2;1,032929E+1;1,156036E+0;;
02/12/2021  12:47:15,504863;1,153684E+0;1,650702E-2;1,032929E+1;1,155946E+0;;
02/12/2021  12:47:15,504963;1,153690E+0;1,555128E-2;1,032929E+1;1,155862E+0;;
02/12/2021  12:47:15,505063;1,152888E+0;1,841850E-2;1,032929E+1;1,155781E+0;;
02/12/2021  12:47:15,505163;1,151446E+0;1,586986E-2;1,032929E+1;1,155705E+0;;
02/12/2021  12:47:15,505263;1,150084E+0;9,498258E-3;1,032929E+1;1,155632E+0;;
02/12/2021  12:47:15,505363;1,150072E+0;3,126658E-3;1,032929E+1;1,155561E+0;;
02/12/2021  12:47:15,505463;1,149708E+0;5,356718E-3;1,032929E+1;1,155491E+0;;
02/12/2021  12:47:15,505563;1,148948E+0;2,489498E-3;1,032929E+1;1,155422E+0;;
02/12/2021  12:47:15,505663;1,148611E+0;1,852338E-3;1,032929E+1;1,155352E+0;;
02/12/2021  12:47:15,505763;1,147827E+0;4,082398E-3;1,032929E+1;1,155280E+0;;
02/12/2021  12:47:15,505863;1,148176E+0;1,533758E-3;1,032929E+1;1,155206E+0;;
02/12/2021  12:47:15,505963;1,148409E+0;2,489498E-3;1,032929E+1;1,155128E+0;;
02/12/2021  12:47:15,506063;1,148495E+0;1,215178E-3;1,032929E+1;1,155047E+0;;
02/12/2021  12:47:15,506163;1,146948E+0;1,533758E-3;1,032929E+1;1,154960E+0;;
02/12/2021  12:47:15,506263;1,145893E+0;2,489498E-3;1,032929E+1;1,154869E+0;;
02/12/2021  12:47:15,506363;1,146459E+0;8,965980E-4;1,032929E+1;1,154773E+0;;
02/12/2021  12:47:15,506463;1,145983E+0;1,215178E-3;1,032929E+1;1,154669E+0;;
02/12/2021  12:47:15,506563;1,145127E+0;1,533758E-3;1,032929E+1;1,154559E+0;;
02/12/2021  12:47:15,506663;1,144126E+0;1,215178E-3;1,032929E+1;1,154442E+0;;
02/12/2021  12:47:15,506763;1,143125E+0;1,852338E-3;1,032929E+1;1,154317E+0;;
02/12/2021  12:47:15,506863;1,143005E+0;1,215178E-3;1,032929E+1;1,154183E+0;;
02/12/2021  12:47:15,506963;1,143241E+0;1,533758E-3;1,032929E+1;1,154040E+0;;
02/12/2021  12:47:15,507063;1,141989E+0;8,965980E-4;1,032929E+1;1,153888E+0;;
02/12/2021  12:47:15,507163;1,140570E+0;1,215178E-3;1,032929E+1;1,153726E+0;;
02/12/2021  12:47:15,507263;1,139012E+0;1,215178E-3;1,032929E+1;1,153553E+0;;
02/12/2021  12:47:15,507363;1,139649E+0;1,852338E-3;1,032929E+1;1,153369E+0;;
02/12/2021  12:47:15,507463;1,139086E+0;1,215178E-3;1,032929E+1;1,153173E+0;;
02/12/2021  12:47:15,507563;1,138678E+0;1,215178E-3;1,032929E+1;1,152965E+0;;
02/12/2021  12:47:15,507663;1,137945E+0;1,533758E-3;1,032929E+1;1,152744E+0;;
02/12/2021  12:47:15,507763;1,137110E+0;8,965980E-4;1,032929E+1;1,152511E+0;;
02/12/2021  12:47:15,507863;1,137137E+0;1,215178E-3;1,032929E+1;1,152264E+0;;
02/12/2021  12:47:15,507963;1,137355E+0;1,215178E-3;1,032929E+1;1,152005E+0;;
02/12/2021  12:47:15,508063;1,135513E+0;1,215178E-3;1,032929E+1;1,151732E+0;;
02/12/2021  12:47:15,508163;1,134237E+0;1,533758E-3;1,032929E+1;1,151446E+0;;
02/12/2021  12:47:15,508263;1,134285E+0;1,215178E-3;1,032929E+1;1,151146E+0;;
02/12/2021  12:47:15,508363;1,134491E+0;5,780180E-4;1,032929E+1;1,150833E+0;;
02/12/2021  12:47:15,508463;1,134359E+0;8,965980E-4;1,032929E+1;1,150506E+0;;
02/12/2021  12:47:15,508563;1,134163E+0;1,852338E-3;1,032929E+1;1,150166E+0;;
02/12/2021  12:47:15,508663;1,132807E+0;1,533758E-3;1,032929E+1;1,149813E+0;;
02/12/2021  12:47:15,508763;1,132899E+0;5,993878E-3;1,032929E+1;1,149447E+0;;
02/12/2021  12:47:15,508863;1,133188E+0;3,126658E-3;1,032929E+1;1,149069E+0;;
02/12/2021  12:47:15,508963;1,133230E+0;1,533758E-3;1,032929E+1;1,148679E+0;;
02/12/2021  12:47:15,509063;1,132515E+0;1,852338E-3;1,032929E+1;1,148278E+0;;
02/12/2021  12:47:15,509163;1,131278E+0;1,215178E-3;1,032929E+1;1,147866E+0;;
02/12/2021  12:47:15,509263;1,131382E+0;8,223938E-3;1,032929E+1;1,147445E+0;;
02/12/2021  12:47:15,509363;1,132014E+0;2,489498E-3;1,032929E+1;1,147013E+0;;
02/12/2021  12:47:15,509463;1,132398E+0;4,400978E-3;1,032929E+1;1,146573E+0;;
02/12/2021  12:47:15,509563;1,130670E+0;3,126658E-3;1,032929E+1;1,146125E+0;;
02/12/2021  12:47:15,509663;1,129662E+0;1,586986E-2;1,032929E+1;1,145670E+0;;
02/12/2021  12:47:15,509763;1,130419E+0;1,523270E-2;1,032929E+1;1,145208E+0;;
02/12/2021  12:47:15,509863;1,131108E+0;1,268406E-2;1,032929E+1;1,144741E+0;;
02/12/2021  12:47:15,509963;1,130601E+0;1,332122E-2;1,032929E+1;1,144268E+0;;
02/12/2021  12:47:15,510063;1,129812E+0;1,555128E-2;1,032929E+1;1,143791E+0;;
02/12/2021  12:47:15,510163;1,129552E+0;1,555128E-2;1,032929E+1;1,143311E+0;;
02/12/2021  12:47:15,510263;1,130467E+0;1,395838E-2;1,032929E+1;1,142828E+0;;
02/12/2021  12:47:15,510363;1,130980E+0;1,459554E-2;1,032929E+1;1,142343E+0;;
02/12/2021  12:47:15,510463;1,131087E+0;1,714418E-2;1,032929E+1;1,141858E+0;;
02/12/2021  12:47:15,510563;1,130619E+0;1,204690E-2;1,032929E+1;1,141373E+0;;
02/12/2021  12:47:15,510663;1,130285E+0;1,459554E-2;1,032929E+1;1,140889E+0;;
02/12/2021  12:47:15,510763;1,131689E+0;8,861098E-3;1,032929E+1;1,140408E+0;;
02/12/2021  12:47:15,510863;1,132223E+0;1,204690E-2;1,032929E+1;1,139930E+0;;
02/12/2021  12:47:15,510963;1,131725E+0;1,650702E-2;1,032929E+1;1,139457E+0;;
02/12/2021  12:47:15,511063;1,131889E+0;1,682560E-2;1,032929E+1;1,138990E+0;;
02/12/2021  12:47:15,511163;1,131326E+0;1,682560E-2;1,032929E+1;1,138529E+0;;
02/12/2021  12:47:15,511263;1,131552E+0;9,179678E-3;1,032929E+1;1,138076E+0;;
02/12/2021  12:47:15,511363;1,132106E+0;1,523270E-2;1,032929E+1;1,137632E+0;;
02/12/2021  12:47:15,511463;1,132732E+0;1,427696E-2;1,032929E+1;1,137198E+0;;
02/12/2021  12:47:15,511563;1,131850E+0;1,363980E-2;1,032929E+1;1,136773E+0;;
02/12/2021  12:47:15,511663;1,132240E+0;1,523270E-2;1,032929E+1;1,136360E+0;;
02/12/2021  12:47:15,511763;1,132753E+0;1,332122E-2;1,032929E+1;1,135959E+0;;
02/12/2021  12:47:15,511863;1,134193E+0;1,650702E-2;1,032929E+1;1,135571E+0;;
02/12/2021  12:47:15,511963;1,134413E+0;1,586986E-2;1,032929E+1;1,135196E+0;;
02/12/2021  12:47:15,512063;1,134300E+0;1,204690E-2;1,032929E+1;1,134836E+0;;
02/12/2021  12:47:15,512163;1,134678E+0;1,204690E-2;1,032929E+1;1,134491E+0;;
02/12/2021  12:47:15,512263;1,136544E+0;1,363980E-2;1,032929E+1;1,134161E+0;;
02/12/2021  12:47:15,512363;1,137969E+0;1,427696E-2;1,032929E+1;1,133849E+0;;
02/12/2021  12:47:15,512463;1,138684E+0;1,491412E-2;1,032929E+1;1,133555E+0;;
02/12/2021  12:47:15,512563;1,139447E+0;1,618844E-2;1,032929E+1;1,133280E+0;;
02/12/2021  12:47:15,512663;1,141575E+0;1,268406E-2;1,032929E+1;1,133025E+0;;
02/12/2021  12:47:15,512763;1,144025E+0;1,523270E-2;1,032929E+1;1,132791E+0;;
02/12/2021  12:47:15,512863;1,145804E+0;1,395838E-2;1,032929E+1;1,132581E+0;;
02/12/2021  12:47:15,512963;1,146763E+0;1,459554E-2;1,032929E+1;1,132395E+0;;
02/12/2021  12:47:15,513063;1,147500E+0;1,523270E-2;1,032929E+1;1,132235E+0;;
02/12/2021  12:47:15,513163;1,149833E+0;1,650702E-2;1,032929E+1;1,132103E+0;;
02/12/2021  12:47:15,513263;1,152283E+0;1,523270E-2;1,032929E+1;1,132001E+0;;
02/12/2021  12:47:15,513363;1,154429E+0;9,498258E-3;1,032929E+1;1,131930E+0;;
02/12/2021  12:47:15,513463;1,156211E+0;1,491412E-2;1,032929E+1;1,131892E+0;;
02/12/2021  12:47:15,513563;1,157349E+0;1,555128E-2;1,032929E+1;1,131888E+0;;
02/12/2021  12:47:15,513663;1,158881E+0;1,523270E-2;1,032929E+1;1,131921E+0;;
02/12/2021  12:47:15,513763;1,161677E+0;1,363980E-2;1,032929E+1;1,131993E+0;;
02/12/2021  12:47:15,513863;1,163787E+0;1,363980E-2;1,032929E+1;1,132103E+0;;
02/12/2021  12:47:15,513963;1,164672E+0;1,395838E-2;1,032929E+1;1,132256E+0;;
02/12/2021  12:47:15,514063;1,166225E+0;1,045400E-2;1,032929E+1;1,132451E+0;;
02/12/2021  12:47:15,514163;1,168338E+0;1,459554E-2;1,032929E+1;1,132690E+0;;
02/12/2021  12:47:15,514263;1,170889E+0;1,395838E-2;1,032929E+1;1,132974E+0;;
02/12/2021  12:47:15,514363;1,173041E+0;1,491412E-2;1,032929E+1;1,133304E+0;;
02/12/2021  12:47:15,514463;1,173494E+0;1,459554E-2;1,032929E+1;1,133682E+0;;
02/12/2021  12:47:15,514563;1,174483E+0;1,523270E-2;1,032929E+1;1,134108E+0;;
02/12/2021  12:47:15,514663;1,176081E+0;1,650702E-2;1,032929E+1;1,134582E+0;;
02/12/2021  12:47:15,514763;1,177678E+0;1,586986E-2;1,032929E+1;1,135106E+0;;
02/12/2021  12:47:15,514863;1,179153E+0;1,714418E-2;1,032929E+1;1,135679E+0;;
02/12/2021  12:47:15,514963;1,179413E+0;1,523270E-2;1,032929E+1;1,136301E+0;;
02/12/2021  12:47:15,515063;1,180784E+0;1,491412E-2;1,032929E+1;1,136971E+0;;
02/12/2021  12:47:15,515163;1,182873E+0;1,427696E-2;1,032929E+1;1,137690E+0;;
02/12/2021  12:47:15,515263;1,184855E+0;1,618844E-2;1,032929E+1;1,138457E+0;;
02/12/2021  12:47:15,515363;1,185191E+0;2,001140E-2;1,032929E+1;1,139270E+0;;
02/12/2021  12:47:15,515463;1,185689E+0;1,491412E-2;1,032929E+1;1,140129E+0;;
02/12/2021  12:47:15,515563;1,186583E+0;1,523270E-2;1,032929E+1;1,141034E+0;;
02/12/2021  12:47:15,515663;1,189602E+0;1,555128E-2;1,032929E+1;1,141982E+0;;
02/12/2021  12:47:15,515763;1,191268E+0;2,542726E-2;1,032929E+1;1,142972E+0;;
02/12/2021  12:47:15,515863;1,193545E+0;7,257710E-2;1,032929E+1;1,144003E+0;;
02/12/2021  12:47:15,515963;1,194654E+0;1,077258E-2;1,032929E+1;1,145074E+0;;
02/12/2021  12:47:15,516063;1,196302E+0;1,268406E-2;1,032929E+1;1,146185E+0;;
02/12/2021  12:47:15,516163;1,198332E+0;1,300264E-2;1,032929E+1;1,147333E+0;;
02/12/2021  12:47:15,516263;1,199267E+0;8,946184E-2;1,032929E+1;1,148517E+0;;
02/12/2021  12:47:15,516363;1,199819E+0;8,723178E-2;1,032929E+1;1,149736E+0;;
02/12/2021  12:47:15,516463;1,200671E+0;6,949618E-3;1,032929E+1;1,150990E+0;;
02/12/2021  12:47:15,516563;1,202093E+0;1,395838E-2;1,032929E+1;1,152275E+0;;
02/12/2021  12:47:15,516663;1,203958E+0;1,140974E-2;1,032929E+1;1,153591E+0;;
02/12/2021  12:47:15,516763;1,205612E+0;1,172832E-2;1,032929E+1;1,154936E+0;;
02/12/2021  12:47:15,516863;1,204957E+0;1,013542E-2;1,032929E+1;1,156307E+0;;
02/12/2021  12:47:15,516963;1,204841E+0;1,363980E-2;1,032929E+1;1,157704E+0;;
02/12/2021  12:47:15,517063;1,205350E+0;5,675298E-3;1,032929E+1;1,159124E+0;;
02/12/2021  12:47:15,517163;1,205732E+0;2,064856E-2;1,032929E+1;1,160565E+0;;
02/12/2021  12:47:15,517263;1,207067E+0;1,332122E-2;1,032929E+1;1,162024E+0;;
02/12/2021  12:47:15,517363;1,206447E+0;1,555128E-2;1,032929E+1;1,163499E+0;;
02/12/2021  12:47:15,517463;1,205937E+0;1,650702E-2;1,032929E+1;1,164987E+0;;
02/12/2021  12:47:15,517563;1,207141E+0;1,523270E-2;1,032929E+1;1,166485E+0;;
02/12/2021  12:47:15,517663;1,208930E+0;1,778134E-2;1,032929E+1;1,167991E+0;;
02/12/2021  12:47:15,517763;1,208819E+0;1,523270E-2;1,032929E+1;1,169502E+0;;
02/12/2021  12:47:15,517863;1,208995E+0;1,873708E-2;1,032929E+1;1,171016E+0;;
02/12/2021  12:47:15,517963;1,208149E+0;1,746276E-2;1,032929E+1;1,172530E+0;;
02/12/2021  12:47:15,518063;1,208709E+0;1,491412E-2;1,032929E+1;1,174041E+0;;
02/12/2021  12:47:15,518163;1,210068E+0;2,489498E-3;1,032929E+1;1,175546E+0;;
02/12/2021  12:47:15,518263;1,209955E+0;5,993878E-3;1,032929E+1;1,177044E+0;;
02/12/2021  12:47:15,518363;1,209159E+0;9,498258E-3;1,032929E+1;1,178532E+0;;
02/12/2021  12:47:15,518463;1,209159E+0;1,778134E-2;1,032929E+1;1,180007E+0;;
02/12/2021  12:47:15,518563;1,210017E+0;1,618844E-2;1,032929E+1;1,181467E+0;;
02/12/2021  12:47:15,518663;1,210363E+0;1,268406E-2;1,032929E+1;1,182910E+0;;
02/12/2021  12:47:15,518763;1,209734E+0;1,746276E-2;1,032929E+1;1,184334E+0;;
02/12/2021  12:47:15,518863;1,208435E+0;1,682560E-2;1,032929E+1;1,185735E+0;;
02/12/2021  12:47:15,518963;1,207782E+0;1,523270E-2;1,032929E+1;1,187113E+0;;
02/12/2021  12:47:15,519063;1,207627E+0;1,140974E-2;1,032929E+1;1,188464E+0;;
02/12/2021  12:47:15,519163;1,207851E+0;1,459554E-2;1,032929E+1;1,189787E+0;;
02/12/2021  12:47:15,519263;1,207621E+0;1,491412E-2;1,032929E+1;1,191080E+0;;
02/12/2021  12:47:15,519363;1,206369E+0;6,631038E-3;1,032929E+1;1,192339E+0;;
02/12/2021  12:47:15,519463;1,206396E+0;1,491412E-2;1,032929E+1;1,193565E+0;;
02/12/2021  12:47:15,519563;1,205791E+0;1,077258E-2;1,032929E+1;1,194754E+0;;
02/12/2021  12:47:15,519663;1,205985E+0;1,586986E-2;1,032929E+1;1,195905E+0;;
02/12/2021  12:47:15,519763;1,204113E+0;1,523270E-2;1,032929E+1;1,197016E+0;;
02/12/2021  12:47:15,519863;1,203061E+0;1,555128E-2;1,032929E+1;1,198086E+0;;
02/12/2021  12:47:15,519963;1,202742E+0;1,363980E-2;1,032929E+1;1,199112E+0;;
02/12/2021  12:47:15,520063;1,203374E+0;1,459554E-2;1,032929E+1;1,200095E+0;;
02/12/2021  12:47:15,520163;1,202841E+0;1,523270E-2;1,032929E+1;1,201032E+0;;
02/12/2021  12:47:15,520263;1,201023E+0;1,491412E-2;1,032929E+1;1,201922E+0;;
02/12/2021  12:47:15,520363;1,198808E+0;8,861098E-3;1,032929E+1;1,202764E+0;;
02/12/2021  12:47:15,520463;1,197870E+0;8,861098E-3;1,032929E+1;1,203558E+0;;
02/12/2021  12:47:15,520563;1,197512E+0;1,236548E-2;1,032929E+1;1,204301E+0;;
02/12/2021  12:47:15,520663;1,196785E+0;1,363980E-2;1,032929E+1;1,204994E+0;;
02/12/2021  12:47:15,520763;1,193948E+0;9,816838E-3;1,032929E+1;1,205634E+0;;
02/12/2021  12:47:15,520863;1,191456E+0;9,179678E-3;1,032929E+1;1,206221E+0;;
02/12/2021  12:47:15,520963;1,189942E+0;1,682560E-2;1,032929E+1;1,206755E+0;;
02/12/2021  12:47:15,521063;1,189117E+0;1,555128E-2;1,032929E+1;1,207232E+0;;
02/12/2021  12:47:15,521163;1,187003E+0;1,523270E-2;1,032929E+1;1,207654E+0;;
02/12/2021  12:47:15,521263;1,184700E+0;1,459554E-2;1,032929E+1;1,208018E+0;;
02/12/2021  12:47:15,521363;1,181910E+0;1,618844E-2;1,032929E+1;1,208323E+0;;
02/12/2021  12:47:15,521463;1,180283E+0;1,268406E-2;1,032929E+1;1,208569E+0;;
02/12/2021  12:47:15,521563;1,179884E+0;1,300264E-2;1,032929E+1;1,208754E+0;;
02/12/2021  12:47:15,521663;1,178003E+0;1,618844E-2;1,032929E+1;1,208877E+0;;
02/12/2021  12:47:15,521763;1,175538E+0;1,586986E-2;1,032929E+1;1,208938E+0;;
02/12/2021  12:47:15,521863;1,172862E+0;1,555128E-2;1,032929E+1;1,208936E+0;;
02/12/2021  12:47:15,521963;1,171932E+0;1,618844E-2;1,032929E+1;1,208871E+0;;
02/12/2021  12:47:15,522063;1,170722E+0;1,459554E-2;1,032929E+1;1,208742E+0;;
02/12/2021  12:47:15,522163;1,168752E+0;1,523270E-2;1,032929E+1;1,208548E+0;;
02/12/2021  12:47:15,522263;1,166726E+0;1,618844E-2;1,032929E+1;1,208290E+0;;
02/12/2021  12:47:15,522363;1,165048E+0;1,714418E-2;1,032929E+1;1,207968E+0;;
02/12/2021  12:47:15,522463;1,163852E+0;1,586986E-2;1,032929E+1;1,207582E+0;;
02/12/2021  12:47:15,522563;1,162866E+0;1,363980E-2;1,032929E+1;1,207132E+0;;
02/12/2021  12:47:15,522663;1,160878E+0;1,778134E-2;1,032929E+1;1,206619E+0;;
02/12/2021  12:47:15,522763;1,157192E+0;1,809992E-2;1,032929E+1;1,206043E+0;;
02/12/2021  12:47:15,522863;1,155141E+0;1,427696E-2;1,032929E+1;1,205405E+0;;
02/12/2021  12:47:15,522963;1,153630E+0;1,140974E-2;1,032929E+1;1,204706E+0;;
02/12/2021  12:47:15,523063;1,152635E+0;1,555128E-2;1,032929E+1;1,203947E+0;;
02/12/2021  12:47:15,523163;1,150307E+0;1,682560E-2;1,032929E+1;1,203128E+0;;
02/12/2021  12:47:15,523263;1,147249E+0;1,682560E-2;1,032929E+1;1,202249E+0;;
02/12/2021  12:47:15,523363;1,145759E+0;1,650702E-2;1,032929E+1;1,201313E+0;;
02/12/2021  12:47:15,523463;1,144194E+0;1,650702E-2;1,032929E+1;1,200320E+0;;
02/12/2021  12:47:15,523563;1,143423E+0;1,586986E-2;1,032929E+1;1,199271E+0;;
02/12/2021  12:47:15,523663;1,142049E+0;1,618844E-2;1,032929E+1;1,198167E+0;;
02/12/2021  12:47:15,523763;1,138949E+0;1,618844E-2;1,032929E+1;1,197010E+0;;
02/12/2021  12:47:15,523863;1,138079E+0;1,682560E-2;1,032929E+1;1,195802E+0;;
02/12/2021  12:47:15,523963;1,137086E+0;1,586986E-2;1,032929E+1;1,194544E+0;;
02/12/2021  12:47:15,524063;1,136660E+0;1,586986E-2;1,032929E+1;1,193237E+0;;
02/12/2021  12:47:15,524163;1,134494E+0;1,459554E-2;1,032929E+1;1,191885E+0;;
02/12/2021  12:47:15,524263;1,132297E+0;1,586986E-2;1,032929E+1;1,190489E+0;;
02/12/2021  12:47:15,524363;1,130741E+0;1,586986E-2;1,032929E+1;1,189051E+0;;
02/12/2021  12:47:15,524463;1,131135E+0;1,618844E-2;1,032929E+1;1,187573E+0;;
02/12/2021  12:47:15,524563;1,129984E+0;1,395838E-2;1,032929E+1;1,186058E+0;;
02/12/2021  12:47:15,524663;1,128485E+0;1,586986E-2;1,032929E+1;1,184508E+0;;
02/12/2021  12:47:15,524763;1,126047E+0;1,395838E-2;1,032929E+1;1,182925E+0;;
02/12/2021  12:47:15,524863;1,125079E+0;1,332122E-2;1,032929E+1;1,181313E+0;;
02/12/2021  12:47:15,524963;1,124533E+0;1,746276E-2;1,032929E+1;1,179673E+0;;
02/12/2021  12:47:15,525063;1,123711E+0;1,618844E-2;1,032929E+1;1,178007E+0;;
02/12/2021  12:47:15,525163;1,122799E+0;1,523270E-2;1,032929E+1;1,176319E+0;;
02/12/2021  12:47:15,525263;1,120790E+0;5,038138E-3;1,032929E+1;1,174611E+0;;
02/12/2021  12:47:15,525363;1,120215E+0;1,300264E-2;1,032929E+1;1,172886E+0;;
02/12/2021  12:47:15,525463;1,121181E+0;1,236548E-2;1,032929E+1;1,171146E+0;;
02/12/2021  12:47:15,525563;1,120680E+0;4,082398E-3;1,032929E+1;1,169393E+0;;
02/12/2021  12:47:15,525663;1,118731E+0;1,533758E-3;1,032929E+1;1,167631E+0;;
02/12/2021  12:47:15,525763;1,117059E+0;4,400978E-3;1,032929E+1;1,165862E+0;;
02/12/2021  12:47:15,525863;1,117059E+0;1,236548E-2;1,032929E+1;1,164090E+0;;
02/12/2021  12:47:15,525963;1,117261E+0;5,993878E-3;1,032929E+1;1,162316E+0;;
02/12/2021  12:47:15,526063;1,116186E+0;8,965980E-4;1,032929E+1;1,160542E+0;;
02/12/2021  12:47:15,526163;1,115297E+0;1,852338E-3;1,032929E+1;1,158773E+0;;
02/12/2021  12:47:15,526263;1,113411E+0;8,542518E-3;1,032929E+1;1,157009E+0;;
02/12/2021  12:47:15,526363;1,113509E+0;1,140974E-2;1,032929E+1;1,155254E+0;;
02/12/2021  12:47:15,526463;1,113167E+0;1,215178E-3;1,032929E+1;1,153510E+0;;
02/12/2021  12:47:15,526563;1,112392E+0;1,215178E-3;1,032929E+1;1,151778E+0;;
02/12/2021  12:47:15,526663;1,110764E+0;8,965980E-4;1,032929E+1;1,150060E+0;;
02/12/2021  12:47:15,526763;1,108759E+0;1,215178E-3;1,032929E+1;1,148359E+0;;
02/12/2021  12:47:15,526863;1,108213E+0;1,215178E-3;1,032929E+1;1,146676E+0;;
02/12/2021  12:47:15,526963;1,107578E+0;5,780180E-4;1,032929E+1;1,145012E+0;;
02/12/2021  12:47:15,527063;1,106842E+0;8,965980E-4;1,032929E+1;1,143368E+0;;
02/12/2021  12:47:15,527163;1,105459E+0;8,965980E-4;1,032929E+1;1,141746E+0;;
02/12/2021  12:47:15,527263;1,102855E+0;8,965980E-4;1,032929E+1;1,140147E+0;;
02/12/2021  12:47:15,527363;1,102962E+0;1,533758E-3;1,032929E+1;1,138571E+0;;
02/12/2021  12:47:15,527463;1,102861E+0;1,533758E-3;1,032929E+1;1,137018E+0;;
02/12/2021  12:47:15,527563;1,102682E+0;1,533758E-3;1,032929E+1;1,135490E+0;;
02/12/2021  12:47:15,527663;1,101230E+0;1,215178E-3;1,032929E+1;1,133987E+0;;
02/12/2021  12:47:15,527763;1,100023E+0;1,533758E-3;1,032929E+1;1,132509E+0;;
02/12/2021  12:47:15,527863;1,101177E+0;1,533758E-3;1,032929E+1;1,131057E+0;;
02/12/2021  12:47:15,527963;1,100873E+0;1,533758E-3;1,032929E+1;1,129632E+0;;
02/12/2021  12:47:15,528063;1,100232E+0;1,852338E-3;1,032929E+1;1,128233E+0;;
02/12/2021  12:47:15,528163;1,098983E+0;1,215178E-3;1,032929E+1;1,126862E+0;;
02/12/2021  12:47:15,528263;1,098590E+0;1,215178E-3;1,032929E+1;1,125519E+0;;
02/12/2021  12:47:15,528363;1,099162E+0;1,215178E-3;1,032929E+1;1,124204E+0;;
02/12/2021  12:47:15,528463;1,099338E+0;3,445238E-3;1,032929E+1;1,122917E+0;;
02/12/2021  12:47:15,528563;1,099392E+0;1,533758E-3;1,032929E+1;1,121660E+0;;
02/12/2021  12:47:15,528663;1,098140E+0;1,852338E-3;1,032929E+1;1,120433E+0;;
02/12/2021  12:47:15,528763;1,097565E+0;8,965980E-4;1,032929E+1;1,119235E+0;;
02/12/2021  12:47:15,528863;1,098113E+0;1,533758E-3;1,032929E+1;1,118068E+0;;
02/12/2021  12:47:15,528963;1,097571E+0;4,082398E-3;1,032929E+1;1,116931E+0;;
02/12/2021  12:47:15,529063;1,096659E+0;1,533758E-3;1,032929E+1;1,115824E+0;;
02/12/2021  12:47:15,529163;1,094984E+0;6,312458E-3;1,032929E+1;1,114749E+0;;
02/12/2021  12:47:15,529263;1,094730E+0;1,268406E-2;1,032929E+1;1,113704E+0;;
02/12/2021  12:47:15,529363;1,095702E+0;5,038138E-3;1,032929E+1;1,112690E+0;;
02/12/2021  12:47:15,529463;1,096444E+0;1,077258E-2;1,032929E+1;1,111705E+0;;
02/12/2021  12:47:15,529563;1,096387E+0;8,223938E-3;1,032929E+1;1,110751E+0;;
02/12/2021  12:47:15,529663;1,095157E+0;9,498258E-3;1,032929E+1;1,109827E+0;;
02/12/2021  12:47:15,529763;1,095756E+0;1,140974E-2;1,032929E+1;1,108932E+0;;
02/12/2021  12:47:15,529863;1,096778E+0;9,498258E-3;1,032929E+1;1,108068E+0;;
02/12/2021  12:47:15,529963;1,097559E+0;1,109116E-2;1,032929E+1;1,107233E+0;;
02/12/2021  12:47:15,530063;1,097445E+0;1,427696E-2;1,032929E+1;1,106429E+0;;
02/12/2021  12:47:15,530163;1,097216E+0;1,523270E-2;1,032929E+1;1,105655E+0;;
02/12/2021  12:47:15,530263;1,098620E+0;1,586986E-2;1,032929E+1;1,104912E+0;;
02/12/2021  12:47:15,530363;1,100807E+0;1,650702E-2;1,032929E+1;1,104199E+0;;
02/12/2021  12:47:15,530463;1,101549E+0;1,363980E-2;1,032929E+1;1,103517E+0;;
02/12/2021  12:47:15,530563;1,101451E+0;1,841850E-2;1,032929E+1;1,102868E+0;;
02/12/2021  12:47:15,530663;1,101296E+0;1,682560E-2;1,032929E+1;1,102251E+0;;
02/12/2021  12:47:15,530763;1,103093E+0;1,268406E-2;1,032929E+1;1,101667E+0;;
02/12/2021  12:47:15,530863;1,104363E+0;5,038138E-3;1,032929E+1;1,101117E+0;;
02/12/2021  12:47:15,530963;1,105367E+0;8,223938E-3;1,032929E+1;1,100601E+0;;
02/12/2021  12:47:15,531063;1,105769E+0;1,778134E-2;1,032929E+1;1,100120E+0;;
02/12/2021  12:47:15,531163;1,106646E+0;1,013542E-2;1,032929E+1;1,099674E+0;;
02/12/2021  12:47:15,531263;1,108631E+0;1,013542E-2;1,032929E+1;1,099265E+0;;
02/12/2021  12:47:15,531363;1,110064E+0;1,236548E-2;1,032929E+1;1,098893E+0;;
02/12/2021  12:47:15,531463;1,111435E+0;1,586986E-2;1,032929E+1;1,098558E+0;;
02/12/2021  12:47:15,531563;1,112487E+0;1,586986E-2;1,032929E+1;1,098262E+0;;
02/12/2021  12:47:15,531663;1,113465E+0;1,363980E-2;1,032929E+1;1,098005E+0;;
02/12/2021  12:47:15,531763;1,116037E+0;7,268198E-3;1,032929E+1;1,097788E+0;;
02/12/2021  12:47:15,531863;1,118528E+0;1,236548E-2;1,032929E+1;1,097612E+0;;
02/12/2021  12:47:15,531963;1,120313E+0;1,555128E-2;1,032929E+1;1,097478E+0;;
02/12/2021  12:47:15,532063;1,121723E+0;1,491412E-2;1,032929E+1;1,097387E+0;;
02/12/2021  12:47:15,532163;1,122957E+0;1,332122E-2;1,032929E+1;1,097340E+0;;
02/12/2021  12:47:15,532263;1,124685E+0;1,204690E-2;1,032929E+1;1,097338E+0;;
02/12/2021  12:47:15,532363;1,127275E+0;1,395838E-2;1,032929E+1;1,097382E+0;;
02/12/2021  12:47:15,532463;1,128658E+0;1,650702E-2;1,032929E+1;1,097474E+0;;
02/12/2021  12:47:15,532563;1,128238E+0;1,459554E-2;1,032929E+1;1,097612E+0;;
02/12/2021  12:47:15,532663;1,129189E+0;1,459554E-2;1,032929E+1;1,097800E+0;;
02/12/2021  12:47:15,532763;1,130652E+0;1,523270E-2;1,032929E+1;1,098035E+0;;
02/12/2021  12:47:15,532863;1,132100E+0;1,555128E-2;1,032929E+1;1,098319E+0;;
02/12/2021  12:47:15,532963;1,131600E+0;1,395838E-2;1,032929E+1;1,098651E+0;;
02/12/2021  12:47:15,533063;1,131045E+0;1,523270E-2;1,032929E+1;1,099031E+0;;
02/12/2021  12:47:15,533163;1,130652E+0;1,650702E-2;1,032929E+1;1,099459E+0;;
02/12/2021  12:47:15,533263;1,132088E+0;1,555128E-2;1,032929E+1;1,099931E+0;;
02/12/2021  12:47:15,533363;1,132622E+0;1,427696E-2;1,032929E+1;1,100448E+0;;
02/12/2021  12:47:15,533463;1,132333E+0;1,491412E-2;1,032929E+1;1,101008E+0;;
02/12/2021  12:47:15,533563;1,131540E+0;6,631038E-3;1,032929E+1;1,101608E+0;;
02/12/2021  12:47:15,533663;1,132318E+0;1,555128E-2;1,032929E+1;1,102247E+0;;
02/12/2021  12:47:15,533763;1,133811E+0;1,077258E-2;1,032929E+1;1,102922E+0;;
02/12/2021  12:47:15,533863;1,133909E+0;1,555128E-2;1,032929E+1;1,103632E+0;;
02/12/2021  12:47:15,533963;1,134279E+0;1,523270E-2;1,032929E+1;1,104373E+0;;
02/12/2021  12:47:15,534063;1,132795E+0;9,498258E-3;1,032929E+1;1,105145E+0;;
02/12/2021  12:47:15,534163;1,134091E+0;1,013542E-2;1,032929E+1;1,105943E+0;;
02/12/2021  12:47:15,534263;1,135549E+0;1,268406E-2;1,032929E+1;1,106766E+0;;
02/12/2021  12:47:15,534363;1,135683E+0;1,427696E-2;1,032929E+1;1,107611E+0;;
02/12/2021  12:47:15,534463;1,135844E+0;1,459554E-2;1,032929E+1;1,108477E+0;;
02/12/2021  12:47:15,534563;1,134756E+0;1,459554E-2;1,032929E+1;1,109360E+0;;
02/12/2021  12:47:15,534663;1,135516E+0;9,179678E-3;1,032929E+1;1,110257E+0;;
02/12/2021  12:47:15,534763;1,135814E+0;1,236548E-2;1,032929E+1;1,111168E+0;;
02/12/2021  12:47:15,534863;1,135894E+0;1,459554E-2;1,032929E+1;1,112089E+0;;
02/12/2021  12:47:15,534963;1,136291E+0;1,555128E-2;1,032929E+1;1,113017E+0;;
02/12/2021  12:47:15,535063;1,135328E+0;1,523270E-2;1,032929E+1;1,113951E+0;;
02/12/2021  12:47:15,535163;1,136854E+0;1,363980E-2;1,032929E+1;1,114888E+0;;
02/12/2021  12:47:15,535263;1,137751E+0;1,555128E-2;1,032929E+1;1,115826E+0;;
02/12/2021  12:47:15,535363;1,138302E+0;1,746276E-2;1,032929E+1;1,116763E+0;;
02/12/2021  12:47:15,535463;1,138106E+0;1,245056E-1;1,032929E+1;1,117697E+0;;
02/12/2021  12:47:15,535563;1,137486E+0;1,523270E-2;1,032929E+1;1,118626E+0;;
02/12/2021  12:47:15,535663;1,139283E+0;1,714418E-2;1,032929E+1;1,119550E+0;;
02/12/2021  12:47:15,535763;1,140618E+0;1,714418E-2;1,032929E+1;1,120465E+0;;
02/12/2021  12:47:15,535863;1,140731E+0;2,224146E-2;1,032929E+1;1,121371E+0;;
02/12/2021  12:47:15,535963;1,140254E+0;1,618844E-2;1,032929E+1;1,122267E+0;;
02/12/2021  12:47:15,536063;1,139751E+0;1,427696E-2;1,032929E+1;1,123151E+0;;
02/12/2021  12:47:15,536163;1,140973E+0;1,427696E-2;1,032929E+1;1,124023E+0;;
02/12/2021  12:47:15,536263;1,141253E+0;1,714418E-2;1,032929E+1;1,124882E+0;;
02/12/2021  12:47:15,536363;1,140854E+0;8,627604E-2;1,032929E+1;1,125726E+0;;
02/12/2021  12:47:15,536463;1,139161E+0;1,523270E-2;1,032929E+1;1,126555E+0;;
02/12/2021  12:47:15,536563;1,138329E+0;1,459554E-2;1,032929E+1;1,127367E+0;;
02/12/2021  12:47:15,536663;1,138967E+0;4,358632E-2;1,032929E+1;1,128161E+0;;
02/12/2021  12:47:15,536763;1,139554E+0;1,586986E-2;1,032929E+1;1,128937E+0;;
02/12/2021  12:47:15,536863;1,138988E+0;2,096714E-2;1,032929E+1;1,129692E+0;;
02/12/2021  12:47:15,536963;1,137626E+0;1,491412E-2;1,032929E+1;1,130426E+0;;
02/12/2021  12:47:15,537063;1,136705E+0;1,682560E-2;1,032929E+1;1,131139E+0;;
02/12/2021  12:47:15,537163;1,137963E+0;1,523270E-2;1,032929E+1;1,131828E+0;;
02/12/2021  12:47:15,537263;1,138407E+0;1,555128E-2;1,032929E+1;1,132493E+0;;
02/12/2021  12:47:15,537363;1,138124E+0;1,491412E-2;1,032929E+1;1,133133E+0;;
02/12/2021  12:47:15,537463;1,136642E+0;1,746276E-2;1,032929E+1;1,133747E+0;;
02/12/2021  12:47:15,537563;1,136130E+0;1,395838E-2;1,032929E+1;1,134336E+0;;
02/12/2021  12:47:15,537663;1,137036E+0;1,459554E-2;1,032929E+1;1,134898E+0;;
02/12/2021  12:47:15,537763;1,137560E+0;1,523270E-2;1,032929E+1;1,135432E+0;;
02/12/2021  12:47:15,537863;1,136815E+0;1,714418E-2;1,032929E+1;1,135939E+0;;
02/12/2021  12:47:15,537963;1,135811E+0;1,109116E-2;1,032929E+1;1,136418E+0;;
02/12/2021  12:47:15,538063;1,135957E+0;1,459554E-2;1,032929E+1;1,136869E+0;;
02/12/2021  12:47:15,538163;1,136544E+0;1,459554E-2;1,032929E+1;1,137292E+0;;
02/12/2021  12:47:15,538263;1,136908E+0;1,427696E-2;1,032929E+1;1,137687E+0;;
02/12/2021  12:47:15,538363;1,136270E+0;1,586986E-2;1,032929E+1;1,138054E+0;;
02/12/2021  12:47:15,538463;1,135844E+0;5,675298E-3;1,032929E+1;1,138393E+0;;
02/12/2021  12:47:15,538563;1,135522E+0;1,459554E-2;1,032929E+1;1,138704E+0;;
02/12/2021  12:47:15,538663;1,136493E+0;8,223938E-3;1,032929E+1;1,138989E+0;;
02/12/2021  12:47:15,538763;1,136675E+0;1,555128E-2;1,032929E+1;1,139246E+0;;
02/12/2021  12:47:15,538863;1,136613E+0;1,714418E-2;1,032929E+1;1,139478E+0;;
02/12/2021  12:47:15,538963;1,135838E+0;1,586986E-2;1,032929E+1;1,139684E+0;;
02/12/2021  12:47:15,539063;1,136207E+0;1,300264E-2;1,032929E+1;1,139866E+0;;
02/12/2021  12:47:15,539163;1,136973E+0;1,363980E-2;1,032929E+1;1,140023E+0;;
02/12/2021  12:47:15,539263;1,136738E+0;1,618844E-2;1,032929E+1;1,140158E+0;;
02/12/2021  12:47:15,539363;1,136273E+0;1,491412E-2;1,032929E+1;1,140270E+0;;
02/12/2021  12:47:15,539463;1,134947E+0;1,427696E-2;1,032929E+1;1,140362E+0;;
02/12/2021  12:47:15,539563;1,135587E+0;1,300264E-2;1,032929E+1;1,140432E+0;;
02/12/2021  12:47:15,539663;1,136103E+0;1,650702E-2;1,032929E+1;1,140483E+0;;
02/12/2021  12:47:15,539763;1,136088E+0;1,459554E-2;1,032929E+1;1,140515E+0;;
02/12/2021  12:47:15,539863;1,135206E+0;1,491412E-2;1,032929E+1;1,140529E+0;;
02/12/2021  12:47:15,539963;1,134547E+0;1,268406E-2;1,032929E+1;1,140526E+0;;
02/12/2021  12:47:15,540063;1,135710E+0;1,236548E-2;1,032929E+1;1,140507E+0;;
02/12/2021  12:47:15,540163;1,135975E+0;1,809992E-2;1,032929E+1;1,140472E+0;;
02/12/2021  12:47:15,540263;1,136070E+0;1,555128E-2;1,032929E+1;1,140423E+0;;
02/12/2021  12:47:15,540363;1,134276E+0;1,109116E-2;1,032929E+1;1,140360E+0;;
02/12/2021  12:47:15,540463;1,132983E+0;5,038138E-3;1,032929E+1;1,140284E+0;;
02/12/2021  12:47:15,540563;1,132717E+0;1,109116E-2;1,032929E+1;1,140196E+0;;
02/12/2021  12:47:15,540663;1,132699E+0;1,268406E-2;1,032929E+1;1,140097E+0;;
02/12/2021  12:47:15,540763;1,131767E+0;1,300264E-2;1,032929E+1;1,139986E+0;;
02/12/2021  12:47:15,540863;1,129990E+0;1,204690E-2;1,032929E+1;1,139864E+0;;
02/12/2021  12:47:15,540963;1,127952E+0;1,459554E-2;1,032929E+1;1,139731E+0;;
02/12/2021  12:47:15,541063;1,127403E+0;1,523270E-2;1,032929E+1;1,139587E+0;;
02/12/2021  12:47:15,541163;1,126658E+0;1,140974E-2;1,032929E+1;1,139431E+0;;
02/12/2021  12:47:15,541263;1,124891E+0;1,204690E-2;1,032929E+1;1,139263E+0;;
02/12/2021  12:47:15,541363;1,122668E+0;1,523270E-2;1,032929E+1;1,139083E+0;;
02/12/2021  12:47:15,541463;1,121666E+0;1,395838E-2;1,032929E+1;1,138889E+0;;
02/12/2021  12:47:15,541563;1,121553E+0;1,300264E-2;1,032929E+1;1,138682E+0;;
02/12/2021  12:47:15,541663;1,121336E+0;1,236548E-2;1,032929E+1;1,138459E+0;;
02/12/2021  12:47:15,541763;1,120421E+0;1,236548E-2;1,032929E+1;1,138221E+0;;
02/12/2021  12:47:15,541863;1,118358E+0;1,459554E-2;1,032929E+1;1,137967E+0;;
02/12/2021  12:47:15,541963;1,117300E+0;1,045400E-2;1,032929E+1;1,137696E+0;;
02/12/2021  12:47:15,542063;1,117783E+0;1,300264E-2;1,032929E+1;1,137408E+0;;
02/12/2021  12:47:15,542163;1,116707E+0;1,109116E-2;1,032929E+1;1,137102E+0;;
02/12/2021  12:47:15,542263;1,115229E+0;1,204690E-2;1,032929E+1;1,136778E+0;;
02/12/2021  12:47:15,542363;1,113170E+0;1,363980E-2;1,032929E+1;1,136435E+0;;
02/12/2021  12:47:15,542463;1,112350E+0;8,223938E-3;1,032929E+1;1,136074E+0;;
02/12/2021  12:47:15,542563;1,111977E+0;1,395838E-2;1,032929E+1;1,135693E+0;;
02/12/2021  12:47:15,542663;1,110913E+0;1,491412E-2;1,032929E+1;1,135292E+0;;
02/12/2021  12:47:15,542763;1,108717E+0;1,555128E-2;1,032929E+1;1,134871E+0;;
02/12/2021  12:47:15,542863;1,106208E+0;1,268406E-2;1,032929E+1;1,134430E+0;;
02/12/2021  12:47:15,542963;1,105975E+0;1,586986E-2;1,032929E+1;1,133967E+0;;
02/12/2021  12:47:15,543063;1,105385E+0;1,332122E-2;1,032929E+1;1,133482E+0;;
02/12/2021  12:47:15,543163;1,104619E+0;1,937424E-2;1,032929E+1;1,132976E+0;;
02/12/2021  12:47:15,543263;1,103093E+0;1,714418E-2;1,032929E+1;1,132447E+0;;
02/12/2021  12:47:15,543363;1,101213E+0;1,714418E-2;1,032929E+1;1,131895E+0;;
02/12/2021  12:47:15,543463;1,101448E+0;8,223938E-3;1,032929E+1;1,131320E+0;;
02/12/2021  12:47:15,543563;1,101311E+0;6,631038E-3;1,032929E+1;1,130723E+0;;
02/12/2021  12:47:15,543663;1,099713E+0;1,077258E-2;1,032929E+1;1,130103E+0;;
02/12/2021  12:47:15,543763;1,098876E+0;1,459554E-2;1,032929E+1;1,129461E+0;;
02/12/2021  12:47:15,543863;1,097109E+0;1,013542E-2;1,032929E+1;1,128797E+0;;
02/12/2021  12:47:15,543963;1,096387E+0;1,523270E-2;1,032929E+1;1,128110E+0;;
02/12/2021  12:47:15,544063;1,096012E+0;1,650702E-2;1,032929E+1;1,127403E+0;;
02/12/2021  12:47:15,544163;1,094566E+0;1,746276E-2;1,032929E+1;1,126674E+0;;
02/12/2021  12:47:15,544263;1,092257E+0;1,555128E-2;1,032929E+1;1,125924E+0;;
02/12/2021  12:47:15,544363;1,090162E+0;1,555128E-2;1,032929E+1;1,125155E+0;;
02/12/2021  12:47:15,544463;1,089539E+0;1,650702E-2;1,032929E+1;1,124365E+0;;
02/12/2021  12:47:15,544563;1,088427E+0;1,937424E-2;1,032929E+1;1,123555E+0;;
02/12/2021  12:47:15,544663;1,086651E+0;1,618844E-2;1,032929E+1;1,122725E+0;;
02/12/2021  12:47:15,544763;1,085164E+0;2,032998E-2;1,032929E+1;1,121875E+0;;
02/12/2021  12:47:15,544863;1,083590E+0;1,650702E-2;1,032929E+1;1,121006E+0;;
02/12/2021  12:47:15,544963;1,083346E+0;1,013542E-2;1,032929E+1;1,120118E+0;;
02/12/2021  12:47:15,545063;1,083226E+0;1,332122E-2;1,032929E+1;1,119211E+0;;
02/12/2021  12:47:15,545163;1,081477E+0;1,586986E-2;1,032929E+1;1,118285E+0;;
02/12/2021  12:47:15,545263;1,080273E+0;3,445238E-3;1,032929E+1;1,117340E+0;;
02/12/2021  12:47:15,545363;1,078649E+0;1,172832E-2;1,032929E+1;1,116379E+0;;
02/12/2021  12:47:15,545463;1,078527E+0;1,204690E-2;1,032929E+1;1,115400E+0;;
02/12/2021  12:47:15,545563;1,077671E+0;2,489498E-3;1,032929E+1;1,114405E+0;;
02/12/2021  12:47:15,545663;1,075689E+0;2,489498E-3;1,032929E+1;1,113394E+0;;
02/12/2021  12:47:15,545763;1,073767E+0;4,719558E-3;1,032929E+1;1,112368E+0;;
02/12/2021  12:47:15,545863;1,071722E+0;4,719558E-3;1,032929E+1;1,111327E+0;;
02/12/2021  12:47:15,545963;1,071022E+0;1,533758E-3;1,032929E+1;1,110272E+0;;
02/12/2021  12:47:15,546063;1,069782E+0;8,965980E-4;1,032929E+1;1,109203E+0;;
02/12/2021  12:47:15,546163;1,067628E+0;8,965980E-4;1,032929E+1;1,108121E+0;;
02/12/2021  12:47:15,546263;1,065664E+0;2,170918E-3;1,032929E+1;1,107026E+0;;
02/12/2021  12:47:15,546363;1,064611E+0;2,808078E-3;1,032929E+1;1,105917E+0;;
02/12/2021  12:47:15,546463;1,064337E+0;5,780180E-4;1,032929E+1;1,104795E+0;;
02/12/2021  12:47:15,546563;1,063413E+0;8,965980E-4;1,032929E+1;1,103661E+0;;
02/12/2021  12:47:15,546663;1,062361E+0;1,215178E-3;1,032929E+1;1,102515E+0;;
02/12/2021  12:47:15,546763;1,060606E+0;5,780180E-4;1,032929E+1;1,101357E+0;;
02/12/2021  12:47:15,546863;1,059858E+0;5,780180E-4;1,032929E+1;1,100189E+0;;
02/12/2021  12:47:15,546963;1,060558E+0;1,533758E-3;1,032929E+1;1,099009E+0;;
02/12/2021  12:47:15,547063;1,060263E+0;1,533758E-3;1,032929E+1;1,097821E+0;;
02/12/2021  12:47:15,547163;1,058803E+0;8,965980E-4;1,032929E+1;1,096623E+0;;
02/12/2021  12:47:15,547263;1,056708E+0;1,852338E-3;1,032929E+1;1,095418E+0;;
02/12/2021  12:47:15,547363;1,056317E+0;1,215178E-3;1,032929E+1;1,094207E+0;;
02/12/2021  12:47:15,547463;1,056365E+0;1,533758E-3;1,032929E+1;1,092989E+0;;
02/12/2021  12:47:15,547563;1,055379E+0;1,533758E-3;1,032929E+1;1,091767E+0;;
02/12/2021  12:47:15,547663;1,053546E+0;1,215178E-3;1,032929E+1;1,090542E+0;;
02/12/2021  12:47:15,547763;1,051644E+0;1,533758E-3;1,032929E+1;1,089313E+0;;
02/12/2021  12:47:15,547863;1,051090E+0;1,215178E-3;1,032929E+1;1,088083E+0;;
02/12/2021  12:47:15,547963;1,050872E+0;1,533758E-3;1,032929E+1;1,086852E+0;;
02/12/2021  12:47:15,548063;1,049534E+0;4,082398E-3;1,032929E+1;1,085620E+0;;
02/12/2021  12:47:15,548163;1,047862E+0;8,965980E-4;1,032929E+1;1,084388E+0;;
02/12/2021  12:47:15,548263;1,046023E+0;8,965980E-4;1,032929E+1;1,083157E+0;;
02/12/2021  12:47:15,548363;1,044891E+0;8,965980E-4;1,032929E+1;1,081928E+0;;
02/12/2021  12:47:15,548463;1,044268E+0;2,489498E-3;1,032929E+1;1,080700E+0;;
02/12/2021  12:47:15,548563;1,042861E+0;5,993878E-3;1,032929E+1;1,079474E+0;;
02/12/2021  12:47:15,548663;1,040820E+0;5,780180E-4;1,032929E+1;1,078251E+0;;
02/12/2021  12:47:15,548763;1,039529E+0;2,489498E-3;1,032929E+1;1,077030E+0;;
02/12/2021  12:47:15,548863;1,039097E+0;6,312458E-3;1,032929E+1;1,075812E+0;;
02/12/2021  12:47:15,548963;1,039315E+0;1,215178E-3;1,032929E+1;1,074596E+0;;
02/12/2021  12:47:15,549063;1,038197E+0;1,215178E-3;1,032929E+1;1,073384E+0;;
02/12/2021  12:47:15,549163;1,036215E+0;-1,333462E-3;1,032929E+1;1,072174E+0;;
02/12/2021  12:47:15,549263;1,035297E+0;1,268406E-2;1,032929E+1;1,070969E+0;;
02/12/2021  12:47:15,549363;1,035565E+0;5,993878E-3;1,032929E+1;1,069767E+0;;
02/12/2021  12:47:15,549463;1,035509E+0;1,852338E-3;1,032929E+1;1,068570E+0;;
02/12/2021  12:47:15,549563;1,034114E+0;1,852338E-3;1,032929E+1;1,067377E+0;;
02/12/2021  12:47:15,549663;1,033134E+0;6,631038E-3;1,032929E+1;1,066189E+0;;
02/12/2021  12:47:15,549763;1,032290E+0;1,650702E-2;1,032929E+1;1,065007E+0;;
02/12/2021  12:47:15,549863;1,032588E+0;1,427696E-2;1,032929E+1;1,063832E+0;;
02/12/2021  12:47:15,549963;1,032958E+0;1,204690E-2;1,032929E+1;1,062663E+0;;
02/12/2021  12:47:15,550063;1,032526E+0;1,172832E-2;1,032929E+1;1,061501E+0;;
02/12/2021  12:47:15,550163;1,030955E+0;1,746276E-2;1,032929E+1;1,060348E+0;;
02/12/2021  12:47:15,550263;1,030708E+0;1,618844E-2;1,032929E+1;1,059204E+0;;
02/12/2021  12:47:15,550363;1,031235E+0;1,109116E-2;1,032929E+1;1,058070E+0;;
02/12/2021  12:47:15,550463;1,030737E+0;6,949618E-3;1,032929E+1;1,056947E+0;;
02/12/2021  12:47:15,550563;1,030350E+0;1,618844E-2;1,032929E+1;1,055835E+0;;
02/12/2021  12:47:15,550663;1,028440E+0;1,650702E-2;1,032929E+1;1,054735E+0;;
02/12/2021  12:47:15,550763;1,027963E+0;1,109116E-2;1,032929E+1;1,053648E+0;;
02/12/2021  12:47:15,550863;1,028460E+0;1,363980E-2;1,032929E+1;1,052575E+0;;
02/12/2021  12:47:15,550963;1,028419E+0;1,618844E-2;1,032929E+1;1,051516E+0;;
02/12/2021  12:47:15,551063;1,027626E+0;1,618844E-2;1,032929E+1;1,050472E+0;;
02/12/2021  12:47:15,551163;1,026377E+0;1,650702E-2;1,032929E+1;1,049443E+0;;
02/12/2021  12:47:15,551263;1,025742E+0;8,542518E-3;1,032929E+1;1,048430E+0;;
02/12/2021  12:47:15,551363;1,025984E+0;1,491412E-2;1,032929E+1;1,047433E+0;;
02/12/2021  12:47:15,551463;1,026508E+0;1,650702E-2;1,032929E+1;1,046452E+0;;
02/12/2021  12:47:15,551563;1,025221E+0;1,555128E-2;1,032929E+1;1,045489E+0;;
02/12/2021  12:47:15,551663;1,023188E+0;1,555128E-2;1,032929E+1;1,044543E+0;;
02/12/2021  12:47:15,551763;1,022896E+0;6,949618E-3;1,032929E+1;1,043614E+0;;
02/12/2021  12:47:15,551863;1,022852E+0;1,300264E-2;1,032929E+1;1,042703E+0;;
02/12/2021  12:47:15,551963;1,022437E+0;1,650702E-2;1,032929E+1;1,041810E+0;;
02/12/2021  12:47:15,552063;1,020291E+0;1,523270E-2;1,032929E+1;1,040934E+0;;
02/12/2021  12:47:15,552163;1,018563E+0;1,586986E-2;1,032929E+1;1,040075E+0;;
02/12/2021  12:47:15,552263;1,017755E+0;1,714418E-2;1,032929E+1;1,039233E+0;;
02/12/2021  12:47:15,552363;1,018166E+0;1,268406E-2;1,032929E+1;1,038406E+0;;
02/12/2021  12:47:15,552463;1,017129E+0;1,523270E-2;1,032929E+1;1,037595E+0;;
02/12/2021  12:47:15,552563;1,015177E+0;1,650702E-2;1,032929E+1;1,036799E+0;;
02/12/2021  12:47:15,552663;1,013753E+0;7,586778E-3;1,032929E+1;1,036016E+0;;
02/12/2021  12:47:15,552763;1,013067E+0;1,395838E-2;1,032929E+1;1,035247E+0;;
02/12/2021  12:47:15,552863;1,013434E+0;1,586986E-2;1,032929E+1;1,034490E+0;;
02/12/2021  12:47:15,552963;1,012969E+0;1,459554E-2;1,032929E+1;1,033744E+0;;
02/12/2021  12:47:15,553063;1,011616E+0;1,618844E-2;1,032929E+1;1,033008E+0;;
02/12/2021  12:47:15,553163;1,010123E+0;1,523270E-2;1,032929E+1;1,032282E+0;;
02/12/2021  12:47:15,553263;1,009676E+0;1,618844E-2;1,032929E+1;1,031566E+0;;
02/12/2021  12:47:15,553363;1,010343E+0;1,300264E-2;1,032929E+1;1,030857E+0;;
02/12/2021  12:47:15,553463;1,009211E+0;1,332122E-2;1,032929E+1;1,030156E+0;;
02/12/2021  12:47:15,553563;1,008343E+0;8,861098E-3;1,032929E+1;1,029462E+0;;
02/12/2021  12:47:15,553663;1,006829E+0;1,491412E-2;1,032929E+1;1,028774E+0;;
02/12/2021  12:47:15,553763;1,007676E+0;9,498258E-3;1,032929E+1;1,028092E+0;;
02/12/2021  12:47:15,553863;1,008025E+0;1,204690E-2;1,032929E+1;1,027415E+0;;
02/12/2021  12:47:15,553963;1,007482E+0;1,300264E-2;1,032929E+1;1,026743E+0;;
02/12/2021  12:47:15,554063;1,006069E+0;1,555128E-2;1,032929E+1;1,026076E+0;;
02/12/2021  12:47:15,554163;1,005360E+0;9,498258E-3;1,032929E+1;1,025413E+0;;
02/12/2021  12:47:15,554263;1,005762E+0;1,491412E-2;1,032929E+1;1,024755E+0;;
02/12/2021  12:47:15,554363;1,005819E+0;1,332122E-2;1,032929E+1;1,024101E+0;;
02/12/2021  12:47:15,554463;1,005005E+0;1,363980E-2;1,032929E+1;1,023451E+0;;
02/12/2021  12:47:15,554563;1,003939E+0;1,236548E-2;1,032929E+1;1,022806E+0;;
02/12/2021  12:47:15,554663;1,002442E+0;1,395838E-2;1,032929E+1;1,022164E+0;;
02/12/2021  12:47:15,554763;1,002919E+0;1,300264E-2;1,032929E+1;1,021527E+0;;
02/12/2021  12:47:15,554863;1,002544E+0;1,172832E-2;1,032929E+1;1,020893E+0;;
02/12/2021  12:47:15,554963;1,001632E+0;1,204690E-2;1,032929E+1;1,020262E+0;;
02/12/2021  12:47:15,555063;9,996886E-1;1,204690E-2;1,032929E+1;1,019636E+0;;
02/12/2021  12:47:15,555163;9,984876E-1;1,109116E-2;1,032929E+1;1,019012E+0;;
02/12/2021  12:47:15,555263;9,987230E-1;1,140974E-2;1,032929E+1;1,018392E+0;;
02/12/2021  12:47:15,555363;9,987588E-1;1,395838E-2;1,032929E+1;1,017774E+0;;
02/12/2021  12:47:15,555463;9,977514E-1;1,268406E-2;1,032929E+1;1,017158E+0;;
02/12/2021  12:47:15,555563;9,962166E-1;1,491412E-2;1,032929E+1;1,016544E+0;;
02/12/2021  12:47:15,555663;9,962583E-1;1,586986E-2;1,032929E+1;1,015932E+0;;
02/12/2021  12:47:15,555763;9,957070E-1;2,160430E-2;1,032929E+1;1,015322E+0;;
02/12/2021  12:47:15,555863;9,957993E-1;1,809992E-2;1,032929E+1;1,014712E+0;;
02/12/2021  12:47:15,555963;9,952897E-1;1,650702E-2;1,032929E+1;1,014104E+0;;
02/12/2021  12:47:15,556063;9,938443E-1;1,746276E-2;1,032929E+1;1,013497E+0;;
02/12/2021  12:47:15,556163;9,931558E-1;1,905566E-2;1,032929E+1;1,012890E+0;;
02/12/2021  12:47:15,556263;9,940648E-1;1,037979E-1;1,032929E+1;1,012285E+0;;
02/12/2021  12:47:15,556363;9,934032E-1;1,714418E-2;1,032929E+1;1,011680E+0;;
02/12/2021  12:47:15,556463;9,930485E-1;2,096714E-2;1,032929E+1;1,011076E+0;;
02/12/2021  12:47:15,556563;9,922260E-1;1,491412E-2;1,032929E+1;1,010473E+0;;
02/12/2021  12:47:15,556663;9,919637E-1;1,714418E-2;1,032929E+1;1,009871E+0;;
02/12/2021  12:47:15,556763;9,928727E-1;1,809992E-2;1,032929E+1;1,009271E+0;;
02/12/2021  12:47:15,556863;9,931767E-1;1,841850E-2;1,032929E+1;1,008672E+0;;
02/12/2021  12:47:15,556963;9,924644E-1;1,459554E-2;1,032929E+1;1,008075E+0;;
02/12/2021  12:47:15,557063;9,921872E-1;1,618844E-2;1,032929E+1;1,007481E+0;;
02/12/2021  12:47:15,557163;9,926134E-1;1,268406E-2;1,032929E+1;1,006890E+0;;
02/12/2021  12:47:15,557263;9,935582E-1;1,459554E-2;1,032929E+1;1,006303E+0;;
02/12/2021  12:47:15,557363;9,936684E-1;1,332122E-2;1,032929E+1;1,005720E+0;;
02/12/2021  12:47:15,557463;9,931797E-1;1,714418E-2;1,032929E+1;1,005143E+0;;
02/12/2021  12:47:15,557563;9,928488E-1;1,618844E-2;1,032929E+1;1,004572E+0;;
02/12/2021  12:47:15,557663;9,934509E-1;1,523270E-2;1,032929E+1;1,004008E+0;;
02/12/2021  12:47:15,557763;9,950304E-1;1,650702E-2;1,032929E+1;1,003452E+0;;
02/12/2021  12:47:15,557863;9,945655E-1;1,586986E-2;1,032929E+1;1,002904E+0;;
02/12/2021  12:47:15,557963;9,939069E-1;1,778134E-2;1,032929E+1;1,002367E+0;;
02/12/2021  12:47:15,558063;9,935254E-1;1,714418E-2;1,032929E+1;1,001840E+0;;
02/12/2021  12:47:15,558163;9,938353E-1;1,523270E-2;1,032929E+1;1,001324E+0;;
02/12/2021  12:47:15,558263;9,941661E-1;1,586986E-2;1,032929E+1;1,000820E+0;;
02/12/2021  12:47:15,558363;9,943211E-1;1,523270E-2;1,032929E+1;1,000329E+0;;
02/12/2021  12:47:15,558463;9,938592E-1;1,555128E-2;1,032929E+1;9,998518E-1;;
02/12/2021  12:47:15,558563;9,929949E-1;1,618844E-2;1,032929E+1;9,993881E-1;;
02/12/2021  12:47:15,558663;9,941810E-1;1,363980E-2;1,032929E+1;9,989387E-1;;
02/12/2021  12:47:15,558763;9,942794E-1;1,395838E-2;1,032929E+1;9,985039E-1;;
02/12/2021  12:47:15,558863;9,946638E-1;1,523270E-2;1,032929E+1;9,980843E-1;;
02/12/2021  12:47:15,558963;9,935522E-1;1,586986E-2;1,032929E+1;9,976801E-1;;
02/12/2021  12:47:15,559063;9,940618E-1;5,675298E-3;1,032929E+1;9,972917E-1;;
02/12/2021  12:47:15,559163;9,947622E-1;1,300264E-2;1,032929E+1;9,969193E-1;;
02/12/2021  12:47:15,559263;9,958500E-1;1,523270E-2;1,032929E+1;9,965631E-1;;
02/12/2021  12:47:15,559363;9,963298E-1;1,586986E-2;1,032929E+1;9,962236E-1;;
02/12/2021  12:47:15,559463;9,958232E-1;1,491412E-2;1,032929E+1;9,959012E-1;;
02/12/2021  12:47:15,559563;9,961659E-1;1,013542E-2;1,032929E+1;9,955962E-1;;
02/12/2021  12:47:15,559663;9,977604E-1;1,555128E-2;1,032929E+1;9,953090E-1;;
02/12/2021  12:47:15,559763;9,982104E-1;1,650702E-2;1,032929E+1;9,950400E-1;;
02/12/2021  12:47:15,559863;9,981329E-1;1,459554E-2;1,032929E+1;9,947896E-1;;
02/12/2021  12:47:15,559963;9,980852E-1;1,586986E-2;1,032929E+1;9,945582E-1;;
02/12/2021  12:47:15,560063;9,984637E-1;1,491412E-2;1,032929E+1;9,943461E-1;;
02/12/2021  12:47:15,560163;9,998675E-1;1,682560E-2;1,032929E+1;9,941535E-1;;
02/12/2021  12:47:15,560263;1,000452E+0;1,523270E-2;1,032929E+1;9,939807E-1;;
02/12/2021  12:47:15,560363;1,000669E+0;1,332122E-2;1,032929E+1;9,938281E-1;;
02/12/2021  12:47:15,560463;9,999569E-1;1,109116E-2;1,032929E+1;9,936959E-1;;
02/12/2021  12:47:15,560563;1,000699E+0;1,459554E-2;1,032929E+1;9,935842E-1;;
02/12/2021  12:47:15,560663;1,001915E+0;1,586986E-2;1,032929E+1;9,934930E-1;;
02/12/2021  12:47:15,560763;1,003202E+0;1,555128E-2;1,032929E+1;9,934225E-1;;
02/12/2021  12:47:15,560863;1,002886E+0;1,204690E-2;1,032929E+1;9,933727E-1;;
02/12/2021  12:47:15,560963;1,002314E+0;1,236548E-2;1,032929E+1;9,933438E-1;;
02/12/2021  12:47:15,561063;1,002737E+0;1,650702E-2;1,032929E+1;9,933358E-1;;
02/12/2021  12:47:15,561163;1,003724E+0;1,204690E-2;1,032929E+1;9,933483E-1;;
02/12/2021  12:47:15,561263;1,004123E+0;1,204690E-2;1,032929E+1;9,933813E-1;;
02/12/2021  12:47:15,561363;1,003533E+0;1,523270E-2;1,032929E+1;9,934343E-1;;
02/12/2021  12:47:15,561463;1,003411E+0;1,523270E-2;1,032929E+1;9,935072E-1;;
02/12/2021  12:47:15,561563;1,003572E+0;1,013542E-2;1,032929E+1;9,935993E-1;;
02/12/2021  12:47:15,561663;1,004821E+0;1,618844E-2;1,032929E+1;9,937101E-1;;
02/12/2021  12:47:15,561763;1,004886E+0;1,778134E-2;1,032929E+1;9,938390E-1;;
02/12/2021  12:47:15,561863;1,004082E+0;1,204690E-2;1,032929E+1;9,939854E-1;;
02/12/2021  12:47:15,561963;1,003736E+0;1,586986E-2;1,032929E+1;9,941487E-1;;
02/12/2021  12:47:15,562063;1,004305E+0;1,618844E-2;1,032929E+1;9,943279E-1;;
02/12/2021  12:47:15,562163;1,004582E+0;1,332122E-2;1,032929E+1;9,945221E-1;;
02/12/2021  12:47:15,562263;1,005056E+0;1,714418E-2;1,032929E+1;9,947305E-1;;
02/12/2021  12:47:15,562363;1,004523E+0;1,714418E-2;1,032929E+1;9,949521E-1;;
02/12/2021  12:47:15,562463;1,004713E+0;1,809992E-2;1,032929E+1;9,951862E-1;;
02/12/2021  12:47:15,562563;1,005912E+0;1,427696E-2;1,032929E+1;9,954317E-1;;
02/12/2021  12:47:15,562663;1,006841E+0;1,491412E-2;1,032929E+1;9,956879E-1;;
02/12/2021  12:47:15,562763;1,006773E+0;1,682560E-2;1,032929E+1;9,959541E-1;;
02/12/2021  12:47:15,562863;1,006695E+0;1,650702E-2;1,032929E+1;9,962296E-1;;
02/12/2021  12:47:15,562963;1,006671E+0;4,400978E-3;1,032929E+1;9,965138E-1;;
02/12/2021  12:47:15,563063;1,007977E+0;1,618844E-2;1,032929E+1;9,968059E-1;;
02/12/2021  12:47:15,563163;1,009008E+0;1,682560E-2;1,032929E+1;9,971055E-1;;
02/12/2021  12:47:15,563263;1,009208E+0;1,523270E-2;1,032929E+1;9,974121E-1;;
02/12/2021  12:47:15,563363;1,010227E+0;1,586986E-2;1,032929E+1;9,977252E-1;;
02/12/2021  12:47:15,563463;1,010027E+0;1,555128E-2;1,032929E+1;9,980447E-1;;
02/12/2021  12:47:15,563563;1,011419E+0;1,682560E-2;1,032929E+1;9,983703E-1;;
02/12/2021  12:47:15,563663;1,012561E+0;1,586986E-2;1,032929E+1;9,987019E-1;;
02/12/2021  12:47:15,563763;1,012087E+0;1,586986E-2;1,032929E+1;9,990392E-1;;
02/12/2021  12:47:15,563863;1,012075E+0;1,809992E-2;1,032929E+1;9,993823E-1;;
02/12/2021  12:47:15,563963;1,012400E+0;1,555128E-2;1,032929E+1;9,997309E-1;;
02/12/2021  12:47:15,564063;1,013860E+0;1,618844E-2;1,032929E+1;1,000085E+0;;
02/12/2021  12:47:15,564163;1,014706E+0;1,586986E-2;1,032929E+1;1,000444E+0;;
02/12/2021  12:47:15,564263;1,015064E+0;1,586986E-2;1,032929E+1;1,000808E+0;;
02/12/2021  12:47:15,564363;1,014730E+0;1,427696E-2;1,032929E+1;1,001177E+0;;
02/12/2021  12:47:15,564463;1,016241E+0;1,746276E-2;1,032929E+1;1,001552E+0;;
02/12/2021  12:47:15,564563;1,017490E+0;1,682560E-2;1,032929E+1;1,001931E+0;;
02/12/2021  12:47:15,564663;1,018956E+0;1,459554E-2;1,032929E+1;1,002316E+0;;
02/12/2021  12:47:15,564763;1,019004E+0;1,618844E-2;1,032929E+1;1,002705E+0;;
02/12/2021  12:47:15,564863;1,018485E+0;1,491412E-2;1,032929E+1;1,003101E+0;;
02/12/2021  12:47:15,564963;1,019597E+0;1,586986E-2;1,032929E+1;1,003502E+0;;
02/12/2021  12:47:15,565063;1,021013E+0;1,427696E-2;1,032929E+1;1,003909E+0;;
02/12/2021  12:47:15,565163;1,022771E+0;1,395838E-2;1,032929E+1;1,004322E+0;;
02/12/2021  12:47:15,565263;1,023176E+0;1,300264E-2;1,032929E+1;1,004742E+0;;
02/12/2021  12:47:15,565363;1,022902E+0;1,586986E-2;1,032929E+1;1,005168E+0;;
02/12/2021  12:47:15,565463;1,024452E+0;1,586986E-2;1,032929E+1;1,005601E+0;;
02/12/2021  12:47:15,565563;1,026499E+0;8,861098E-3;1,032929E+1;1,006042E+0;;
02/12/2021  12:47:15,565663;1,027262E+0;1,533758E-3;1,032929E+1;1,006490E+0;;
02/12/2021  12:47:15,565763;1,027683E+0;1,215178E-3;1,032929E+1;1,006946E+0;;
02/12/2021  12:47:15,565863;1,027802E+0;4,082398E-3;1,032929E+1;1,007411E+0;;
02/12/2021  12:47:15,565963;1,028657E+0;9,816838E-3;1,032929E+1;1,007886E+0;;
02/12/2021  12:47:15,566063;1,030088E+0;1,852338E-3;1,032929E+1;1,008369E+0;;
02/12/2021  12:47:15,566163;1,031250E+0;1,533758E-3;1,032929E+1;1,008862E+0;;
02/12/2021  12:47:15,566263;1,031891E+0;2,489498E-3;1,032929E+1;1,009365E+0;;
02/12/2021  12:47:15,566363;1,032120E+0;1,852338E-3;1,032929E+1;1,009879E+0;;
02/12/2021  12:47:15,566463;1,033694E+0;2,808078E-3;1,032929E+1;1,010402E+0;;
02/12/2021  12:47:15,566563;1,035136E+0;1,215178E-3;1,032929E+1;1,010937E+0;;
02/12/2021  12:47:15,566663;1,035893E+0;8,965980E-4;1,032929E+1;1,011482E+0;;
02/12/2021  12:47:15,566763;1,036403E+0;1,215178E-3;1,032929E+1;1,012038E+0;;
02/12/2021  12:47:15,566863;1,036531E+0;1,215178E-3;1,032929E+1;1,012606E+0;;
02/12/2021  12:47:15,566963;1,037810E+0;1,215178E-3;1,032929E+1;1,013186E+0;;
02/12/2021  12:47:15,567063;1,039824E+0;1,215178E-3;1,032929E+1;1,013777E+0;;
02/12/2021  12:47:15,567163;1,040757E+0;1,215178E-3;1,032929E+1;1,014380E+0;;
02/12/2021  12:47:15,567263;1,040635E+0;1,215178E-3;1,032929E+1;1,014995E+0;;
02/12/2021  12:47:15,567363;1,040763E+0;1,215178E-3;1,032929E+1;1,015622E+0;;
02/12/2021  12:47:15,567463;1,042167E+0;1,852338E-3;1,032929E+1;1,016260E+0;;
02/12/2021  12:47:15,567563;1,043660E+0;1,215178E-3;1,032929E+1;1,016911E+0;;
02/12/2021  12:47:15,567663;1,044038E+0;1,533758E-3;1,032929E+1;1,017573E+0;;
02/12/2021  12:47:15,567763;1,043365E+0;1,215178E-3;1,032929E+1;1,018247E+0;;
02/12/2021  12:47:15,567863;1,044059E+0;1,533758E-3;1,032929E+1;1,018931E+0;;
02/12/2021  12:47:15,567963;1,044944E+0;1,533758E-3;1,032929E+1;1,019627E+0;;
02/12/2021  12:47:15,568063;1,045821E+0;8,965980E-4;1,032929E+1;1,020332E+0;;
02/12/2021  12:47:15,568163;1,046137E+0;1,533758E-3;1,032929E+1;1,021048E+0;;
02/12/2021  12:47:15,568263;1,045499E+0;8,965980E-4;1,032929E+1;1,021772E+0;;
02/12/2021  12:47:15,568363;1,046384E+0;1,215178E-3;1,032929E+1;1,022504E+0;;
02/12/2021  12:47:15,568463;1,047868E+0;1,533758E-3;1,032929E+1;1,023244E+0;;
02/12/2021  12:47:15,568563;1,048142E+0;8,965980E-4;1,032929E+1;1,023991E+0;;
02/12/2021  12:47:15,568663;1,048357E+0;8,965980E-4;1,032929E+1;1,024744E+0;;
02/12/2021  12:47:15,568763;1,047671E+0;1,215178E-3;1,032929E+1;1,025502E+0;;
02/12/2021  12:47:15,568863;1,048291E+0;5,038138E-3;1,032929E+1;1,026264E+0;;
02/12/2021  12:47:15,568963;1,049492E+0;4,400978E-3;1,032929E+1;1,027030E+0;;
02/12/2021  12:47:15,569063;1,049260E+0;2,170918E-3;1,032929E+1;1,027799E+0;;
02/12/2021  12:47:15,569163;1,049945E+0;1,533758E-3;1,032929E+1;1,028569E+0;;
02/12/2021  12:47:15,569263;1,049007E+0;2,808078E-3;1,032929E+1;1,029339E+0;;
02/12/2021  12:47:15,569363;1,049168E+0;3,126658E-3;1,032929E+1;1,030110E+0;;
02/12/2021  12:47:15,569463;1,049144E+0;2,808078E-3;1,032929E+1;1,030879E+0;;
02/12/2021  12:47:15,569563;1,049615E+0;3,126658E-3;1,032929E+1;1,031645E+0;;
02/12/2021  12:47:15,569663;1,048509E+0;3,445238E-3;1,032929E+1;1,032407E+0;;
02/12/2021  12:47:15,569763;1,048148E+0;1,045400E-2;1,032929E+1;1,033165E+0;;
02/12/2021  12:47:15,569863;1,047189E+0;1,523270E-2;1,032929E+1;1,033915E+0;;
02/12/2021  12:47:15,569963;1,047430E+0;1,332122E-2;1,032929E+1;1,034658E+0;;
02/12/2021  12:47:15,570063;1,047731E+0;1,300264E-2;1,032929E+1;1,035392E+0;;
02/12/2021  12:47:15,570163;1,046500E+0;1,841850E-2;1,032929E+1;1,036114E+0;;
02/12/2021  12:47:15,570263;1,045412E+0;1,491412E-2;1,032929E+1;1,036824E+0;;
02/12/2021  12:47:15,570363;1,045701E+0;1,140974E-2;1,032929E+1;1,037521E+0;;
02/12/2021  12:47:15,570463;1,045466E+0;1,332122E-2;1,032929E+1;1,038201E+0;;
02/12/2021  12:47:15,570563;1,044956E+0;1,555128E-2;1,032929E+1;1,038865E+0;;
02/12/2021  12:47:15,570663;1,044077E+0;1,618844E-2;1,032929E+1;1,039511E+0;;
02/12/2021  12:47:15,570763;1,042951E+0;1,586986E-2;1,032929E+1;1,040137E+0;;
02/12/2021  12:47:15,570863;1,042936E+0;1,140974E-2;1,032929E+1;1,040741E+0;;
02/12/2021  12:47:15,570963;1,042706E+0;1,268406E-2;1,032929E+1;1,041323E+0;;
02/12/2021  12:47:15,571063;1,042524E+0;1,363980E-2;1,032929E+1;1,041882E+0;;
02/12/2021  12:47:15,571163;1,041809E+0;1,491412E-2;1,032929E+1;1,042415E+0;;
02/12/2021  12:47:15,571263;1,040435E+0;1,363980E-2;1,032929E+1;1,042923E+0;;
02/12/2021  12:47:15,571363;1,040909E+0;1,491412E-2;1,032929E+1;1,043404E+0;;
02/12/2021  12:47:15,571463;1,041279E+0;1,459554E-2;1,032929E+1;1,043856E+0;;
02/12/2021  12:47:15,571563;1,040245E+0;1,809992E-2;1,032929E+1;1,044281E+0;;
02/12/2021  12:47:15,571663;1,039395E+0;1,427696E-2;1,032929E+1;1,044676E+0;;
02/12/2021  12:47:15,571763;1,038680E+0;1,555128E-2;1,032929E+1;1,045041E+0;;
02/12/2021  12:47:15,571863;1,038716E+0;1,013542E-2;1,032929E+1;1,045376E+0;;
02/12/2021  12:47:15,571963;1,038576E+0;1,491412E-2;1,032929E+1;1,045681E+0;;
02/12/2021  12:47:15,572063;1,037532E+0;1,523270E-2;1,032929E+1;1,045954E+0;;
02/12/2021  12:47:15,572163;1,036862E+0;1,555128E-2;1,032929E+1;1,046196E+0;;
02/12/2021  12:47:15,572263;1,035700E+0;1,746276E-2;1,032929E+1;1,046407E+0;;
02/12/2021  12:47:15,572363;1,035509E+0;1,618844E-2;1,032929E+1;1,046587E+0;;
02/12/2021  12:47:15,572463;1,034922E+0;1,491412E-2;1,032929E+1;1,046735E+0;;
02/12/2021  12:47:15,572563;1,033834E+0;1,523270E-2;1,032929E+1;1,046851E+0;;
02/12/2021  12:47:15,572663;1,032087E+0;1,491412E-2;1,032929E+1;1,046935E+0;;
02/12/2021  12:47:15,572763;1,030585E+0;1,236548E-2;1,032929E+1;1,046988E+0;;
02/12/2021  12:47:15,572863;1,029778E+0;1,363980E-2;1,032929E+1;1,047008E+0;;
02/12/2021  12:47:15,572963;1,028869E+0;1,618844E-2;1,032929E+1;1,046996E+0;;
02/12/2021  12:47:15,573063;1,027009E+0;1,300264E-2;1,032929E+1;1,046951E+0;;
02/12/2021  12:47:15,573163;1,024646E+0;1,523270E-2;1,032929E+1;1,046874E+0;;
02/12/2021  12:47:15,573263;1,023218E+0;1,013542E-2;1,032929E+1;1,046763E+0;;
02/12/2021  12:47:15,573363;1,022369E+0;1,204690E-2;1,032929E+1;1,046618E+0;;
02/12/2021  12:47:15,573463;1,021114E+0;1,395838E-2;1,032929E+1;1,046439E+0;;
02/12/2021  12:47:15,573563;1,019266E+0;1,523270E-2;1,032929E+1;1,046225E+0;;
02/12/2021  12:47:15,573663;1,016712E+0;1,586986E-2;1,032929E+1;1,045976E+0;;
02/12/2021  12:47:15,573763;1,014790E+0;1,395838E-2;1,032929E+1;1,045691E+0;;
02/12/2021  12:47:15,573863;1,014235E+0;8,542518E-3;1,032929E+1;1,045369E+0;;
02/12/2021  12:47:15,573963;1,013130E+0;1,427696E-2;1,032929E+1;1,045011E+0;;
02/12/2021  12:47:15,574063;1,011133E+0;1,586986E-2;1,032929E+1;1,044615E+0;;
02/12/2021  12:47:15,574163;1,008719E+0;1,268406E-2;1,032929E+1;1,044182E+0;;
02/12/2021  12:47:15,574263;1,007783E+0;1,395838E-2;1,032929E+1;1,043711E+0;;
02/12/2021  12:47:15,574363;1,007339E+0;1,236548E-2;1,032929E+1;1,043201E+0;;
02/12/2021  12:47:15,574463;1,005351E+0;1,459554E-2;1,032929E+1;1,042654E+0;;
02/12/2021  12:47:15,574563;1,003632E+0;1,618844E-2;1,032929E+1;1,042067E+0;;
02/12/2021  12:47:15,574663;1,002177E+0;1,555128E-2;1,032929E+1;1,041443E+0;;
02/12/2021  12:47:15,574763;1,000922E+0;1,618844E-2;1,032929E+1;1,040780E+0;;
02/12/2021  12:47:15,574863;1,000729E+0;1,491412E-2;1,032929E+1;1,040080E+0;;
02/12/2021  12:47:15,574963;9,994085E-1;1,555128E-2;1,032929E+1;1,039342E+0;;
02/12/2021  12:47:15,575063;9,975190E-1;1,618844E-2;1,032929E+1;1,038567E+0;;
02/12/2021  12:47:15,575163;9,961331E-1;1,332122E-2;1,032929E+1;1,037756E+0;;
02/12/2021  12:47:15,575263;9,960735E-1;1,491412E-2;1,032929E+1;1,036910E+0;;
02/12/2021  12:47:15,575363;9,960080E-1;1,491412E-2;1,032929E+1;1,036029E+0;;
02/12/2021  12:47:15,575463;9,949142E-1;1,178155E-1;1,032929E+1;1,035114E+0;;
02/12/2021  12:47:15,575563;9,935731E-1;9,179678E-3;1,032929E+1;1,034167E+0;;
02/12/2021  12:47:15,575663;9,928220E-1;1,491412E-2;1,032929E+1;1,033190E+0;;
02/12/2021  12:47:15,575763;9,922826E-1;1,555128E-2;1,032929E+1;1,032183E+0;;
02/12/2021  12:47:15,575863;9,925717E-1;1,363980E-2;1,032929E+1;1,031149E+0;;
02/12/2021  12:47:15,575963;9,913468E-1;1,332122E-2;1,032929E+1;1,030089E+0;;
02/12/2021  12:47:15,576063;9,892397E-1;2,861306E-2;1,032929E+1;1,029005E+0;;
02/12/2021  12:47:15,576163;9,882264E-1;1,555128E-2;1,032929E+1;1,027899E+0;;
02/12/2021  12:47:15,576263;9,877496E-1;3,211744E-2;1,032929E+1;1,026772E+0;;
02/12/2021  12:47:15,576363;9,880744E-1;1,778134E-2;1,032929E+1;1,025625E+0;;
02/12/2021  12:47:15,576463;9,860716E-1;1,618844E-2;1,032929E+1;1,024462E+0;;
02/12/2021  12:47:15,576563;9,840570E-1;1,586986E-2;1,032929E+1;1,023283E+0;;
02/12/2021  12:47:15,576663;9,827248E-1;1,332122E-2;1,032929E+1;1,022091E+0;;
02/12/2021  12:47:15,576763;9,822479E-1;1,555128E-2;1,032929E+1;1,020885E+0;;
02/12/2021  12:47:15,576863;9,814730E-1;1,491412E-2;1,032929E+1;1,019669E+0;;
02/12/2021  12:47:15,576963;9,801587E-1;1,459554E-2;1,032929E+1;1,018443E+0;;
02/12/2021  12:47:15,577063;9,782603E-1;1,257800E-1;3,827985E-1;1,017208E+0;;
02/12/2021  12:47:15,577163;9,770324E-1;1,311958E-1;1,730197E-1;1,015966E+0;;
02/12/2021  12:47:15,577263;9,774020E-1;1,143111E-1;1,471132E-1;1,014717E+0;;
02/12/2021  12:47:15,577363;9,761562E-1;1,025236E-1;1,300529E-1;1,013463E+0;;
02/12/2021  12:47:15,577463;9,741892E-1;1,120810E-1;1,395309E-1;1,012206E+0;;
02/12/2021  12:47:15,577563;9,721507E-1;1,194084E-1;1,310007E-1;1,010945E+0;;
02/12/2021  12:47:15,577663;9,708185E-1;1,101695E-1;1,092014E-1;1,009682E+0;;
02/12/2021  12:47:15,577763;9,706724E-1;2,574584E-2;4,569906E-2;1,008417E+0;;
02/12/2021  12:47:15,577863;9,692389E-1;1,433019E-1;1,474292E-1;1,007152E+0;;
02/12/2021  12:47:15,577963;9,681153E-1;1,452133E-1;1,531159E-1;1,005886E+0;;
02/12/2021  12:47:15,578063;9,667206E-1;1,308772E-1;1,455336E-1;1,004620E+0;;
02/12/2021  12:47:15,578163;9,655046E-1;1,203641E-1;1,253139E-1;1,003356E+0;;
02/12/2021  12:47:15,578263;9,655791E-1;1,203641E-1;1,328963E-1;1,002092E+0;;
02/12/2021  12:47:15,578363;9,651946E-1;1,280100E-1;1,398468E-1;1,000831E+0;;
02/12/2021  12:47:15,578463;9,631978E-1;1,331073E-1;1,300529E-1;9,995716E-1;;
02/12/2021  12:47:15,578563;9,616988E-1;5,155082E-2;6,528685E-2;9,983158E-1;;
02/12/2021  12:47:15,578663;9,618835E-1;1,283286E-1;1,338441E-1;9,970636E-1;;
02/12/2021  12:47:15,578763;9,611057E-1;1,595494E-1;1,859729E-1;9,958157E-1;;
02/12/2021  12:47:15,578863;9,601818E-1;1,480806E-1;1,486929E-1;9,945724E-1;;
02/12/2021  12:47:15,578963;9,596155E-1;1,229127E-1;1,123607E-1;9,933346E-1;;
02/12/2021  12:47:15,579063;9,579287E-1;1,260985E-1;1,253139E-1;9,921027E-1;;
02/12/2021  12:47:15,579163;9,580270E-1;1,289658E-1;1,291051E-1;9,908773E-1;;
02/12/2021  12:47:15,579263;9,571955E-1;1,522221E-1;1,322644E-1;9,896589E-1;;
02/12/2021  12:47:15,579363;9,562835E-1;1,229127E-1;9,972343E-2;9,884481E-1;;
02/12/2021  12:47:15,579463;9,546623E-1;1,197269E-1;1,249980E-1;9,872455E-1;;
02/12/2021  12:47:15,579563;9,532645E-1;1,168597E-1;1,231024E-1;9,860514E-1;;
02/12/2021  12:47:15,579663;9,526923E-1;1,254614E-1;1,174156E-1;9,848661E-1;;
02/12/2021  12:47:15,579763;9,527757E-1;7,831154E-2;8,076751E-2;9,836898E-1;;
02/12/2021  12:47:15,579863;9,520068E-1;9,615202E-2;1,060421E-1;9,825228E-1;;
02/12/2021  12:47:15,579963;9,505107E-1;1,136739E-1;1,155200E-1;9,813655E-1;;
02/12/2021  12:47:15,580063;9,496613E-1;1,178155E-1;1,212068E-1;9,802181E-1;;
02/12/2021  12:47:15,580163;9,498491E-1;1,085766E-1;1,325804E-1;9,790809E-1;;
02/12/2021  12:47:15,580263;9,491308E-1;1,133553E-1;1,467973E-1;9,779542E-1;;
02/12/2021  12:47:15,580363;9,484394E-1;1,037979E-1;1,202590E-1;9,768383E-1;;
02/12/2021  12:47:15,580463;9,472413E-1;9,009900E-2;8,424277E-2;9,757334E-1;;
02/12/2021  12:47:15,580563;9,467257E-1;6,365686E-2;1,619620E-1;9,746399E-1;;
02/12/2021  12:47:15,580663;9,470208E-1;1,101695E-1;1,174156E-1;9,735581E-1;;
02/12/2021  12:47:15,580763;9,464873E-1;1,037979E-1;1,215227E-1;9,724881E-1;;
02/12/2021  12:47:15,580863;9,461714E-1;8,595746E-2;9,498445E-2;9,714304E-1;;
02/12/2021  12:47:15,580963;9,452147E-1;9,870066E-2;1,092014E-1;9,703855E-1;;
02/12/2021  12:47:15,581063;9,441180E-1;1,088952E-1;1,215227E-1;9,693536E-1;;
02/12/2021  12:47:15,581163;9,448779E-1;1,082581E-1;1,401627E-1;9,683350E-1;;
02/12/2021  12:47:15,581263;9,442849E-1;7,958586E-2;1,088855E-1;9,673301E-1;;
02/12/2021  12:47:15,581363;9,439272E-1;9,615202E-2;1,325804E-1;9,663392E-1;;
02/12/2021  12:47:15,581463;9,433043E-1;1,079395E-1;1,193112E-1;9,653628E-1;;
02/12/2021  12:47:15,581563;9,422761E-1;1,095324E-1;1,050943E-1;9,644012E-1;;
02/12/2021  12:47:15,581663;9,429884E-1;7,990444E-2;9,214107E-2;9,634546E-1;;
02/12/2021  12:47:15,581763;9,434206E-1;9,296622E-2;1,259458E-1;9,625234E-1;;
02/12/2021  12:47:15,581863;9,424699E-1;1,203641E-1;1,458495E-1;9,616080E-1;;
02/12/2021  12:47:15,581963;9,420616E-1;1,296029E-1;1,363715E-1;9,607089E-1;;
02/12/2021  12:47:15,582063;9,426159E-1;2,038321E-1;1,758630E-1;9,598264E-1;;
02/12/2021  12:47:15,582163;9,431255E-1;1,439390E-1;1,499566E-1;9,589609E-1;;
02/12/2021  12:47:15,582263;9,434086E-1;1,821686E-1;1,616461E-1;9,581131E-1;;
02/12/2021  12:47:15,582363;9,432716E-1;1,888588E-1;1,540637E-1;9,572835E-1;;
02/12/2021  12:47:15,582463;9,434116E-1;1,248242E-1;1,809180E-1;9,564729E-1;;
02/12/2021  12:47:15,582563;9,430093E-1;1,614609E-1;1,351078E-1;9,556817E-1;;
02/12/2021  12:47:15,582663;9,439570E-1;1,617795E-1;1,212068E-1;9,549106E-1;;
02/12/2021  12:47:15,582763;9,436858E-1;1,630538E-1;1,449017E-1;9,541603E-1;;
02/12/2021  12:47:15,582863;9,438974E-1;1,350188E-1;1,310007E-1;9,534312E-1;;
02/12/2021  12:47:15,582963;9,435755E-1;6,461260E-2;1,038306E-1;9,527240E-1;;
02/12/2021  12:47:15,583063;9,442700E-1;1,404346E-1;1,341600E-1;9,520391E-1;;
02/12/2021  12:47:15,583163;9,455127E-1;1,937424E-2;8,139938E-2;9,513772E-1;;
02/12/2021  12:47:15,583263;9,453071E-1;1,292843E-1;1,291051E-1;9,507387E-1;;
02/12/2021  12:47:15,583363;9,446276E-1;1,165411E-1;1,281573E-1;9,501242E-1;;
02/12/2021  12:47:15,583463;9,446306E-1;1,235499E-1;1,256299E-1;9,495343E-1;;
02/12/2021  12:47:15,583563;9,450359E-1;1,245056E-1;1,155200E-1;9,489692E-1;;
02/12/2021  12:47:15,583663;9,458674E-1;1,385232E-1;1,265777E-1;9,484291E-1;;
02/12/2021  12:47:15,583763;9,463591E-1;1,337445E-1;1,306848E-1;9,479145E-1;;
02/12/2021  12:47:15,583863;9,465797E-1;1,359745E-1;1,360556E-1;9,474255E-1;;
02/12/2021  12:47:15,583963;9,465678E-1;1,289658E-1;1,316326E-1;9,469624E-1;;
02/12/2021  12:47:15,584063;9,479924E-1;1,640096E-1;1,654373E-1;9,465257E-1;;
02/12/2021  12:47:15,584163;9,487076E-1;1,334259E-1;1,306848E-1;9,461154E-1;;
02/12/2021  12:47:15,584263;9,494944E-1;1,302401E-1;1,287892E-1;9,457321E-1;;
02/12/2021  12:47:15,584363;9,498997E-1;1,273729E-1;1,376353E-1;9,453760E-1;;
02/12/2021  12:47:15,584463;9,504422E-1;1,439390E-1;1,246821E-1;9,450477E-1;;
02/12/2021  12:47:15,584563;9,518906E-1;9,678918E-2;1,272095E-1;9,447473E-1;;
02/12/2021  12:47:15,584663;9,531095E-1;1,340630E-1;1,471132E-1;9,444754E-1;;
02/12/2021  12:47:15,584763;9,537503E-1;1,366117E-1;1,354238E-1;9,442323E-1;;
02/12/2021  12:47:15,584863;9,544954E-1;1,382046E-1;1,366875E-1;9,440187E-1;;
02/12/2021  12:47:15,584963;9,549812E-1;1,257800E-1;1,332122E-1;9,438349E-1;;
02/12/2021  12:47:15,585063;9,572581E-1;8,181592E-2;9,245700E-2;9,436814E-1;;
02/12/2021  12:47:15,585163;9,579167E-1;1,292843E-1;1,303688E-1;9,435585E-1;;
02/12/2021  12:47:15,585263;9,585158E-1;1,299215E-1;1,306848E-1;9,434668E-1;;
02/12/2021  12:47:15,585363;9,587989E-1;1,471248E-1;1,436380E-1;9,434068E-1;;
02/12/2021  12:47:15,585463;9,593086E-1;1,746276E-2;5,612482E-2;9,433786E-1;;
02/12/2021  12:47:15,585563;9,608345E-1;1,601866E-1;1,815498E-1;9,433824E-1;;
02/12/2021  12:47:15,585663;9,619074E-1;1,165411E-1;1,262617E-1;9,434183E-1;;
02/12/2021  12:47:15,585763;9,623783E-1;1,321516E-1;1,376353E-1;9,434863E-1;;
02/12/2021  12:47:15,585863;9,625332E-1;1,245056E-1;1,227865E-1;9,435867E-1;;
02/12/2021  12:47:15,585963;9,631680E-1;1,206827E-1;1,208909E-1;9,437191E-1;;
02/12/2021  12:47:15,586063;9,645807E-1;1,225942E-1;1,325804E-1;9,438833E-1;;
02/12/2021  12:47:15,586163;9,656268E-1;1,334259E-1;1,357397E-1;9,440791E-1;;
02/12/2021  12:47:15,586263;9,656953E-1;1,544522E-1;1,537478E-1;9,443061E-1;;
02/12/2021  12:47:15,586363;9,655225E-1;1,433019E-1;1,449017E-1;9,445640E-1;;
02/12/2021  12:47:15,586463;9,662825E-1;1,117624E-1;1,063580E-1;9,448521E-1;;
02/12/2021  12:47:15,586563;9,674627E-1;1,299215E-1;1,231024E-1;9,451698E-1;;
02/12/2021  12:47:15,586663;9,685564E-1;1,407532E-1;1,411105E-1;9,455162E-1;;
02/12/2021  12:47:15,586763;9,681004E-1;1,292843E-1;1,291051E-1;9,458907E-1;;
02/12/2021  12:47:15,586863;9,682912E-1;8,340882E-2;1,104651E-1;9,462924E-1;;
02/12/2021  12:47:15,586963;9,695489E-1;1,439390E-1;1,360556E-1;9,467203E-1;;
02/12/2021  12:47:15,587063;9,708274E-1;1,761156E-1;1,742834E-1;9,471734E-1;;
02/12/2021  12:47:15,587163;9,708065E-1;1,356559E-1;1,325804E-1;9,476507E-1;;
02/12/2021  12:47:15,587263;9,708721E-1;1,353374E-1;1,278414E-1;9,481514E-1;;
02/12/2021  12:47:15,587363;9,704161E-1;1,219570E-1;1,363715E-1;9,486741E-1;;
02/12/2021  12:47:15,587463;9,713013E-1;9,169190E-2;1,063580E-1;9,492177E-1;;
02/12/2021  12:47:15,587563;9,726812E-1;1,417090E-1;1,404787E-1;9,497809E-1;;
02/12/2021  12:47:15,587663;9,725917E-1;1,235499E-1;1,231024E-1;9,503622E-1;;
02/12/2021  12:47:15,587763;9,724785E-1;6,747982E-2;7,160549E-2;9,509606E-1;;
02/12/2021  12:47:15,587863;9,723176E-1;1,523270E-2;1,821298E-2;9,515747E-1;;
02/12/2021  12:47:15,587963;9,727676E-1;1,618844E-2;1,916077E-2;9,522029E-1;;
02/12/2021  12:47:15,588063;9,742935E-1;1,555128E-2;1,600145E-2;9,528438E-1;;
02/12/2021  12:47:15,588163;9,734948E-1;1,268406E-2;1,378993E-2;9,534961E-1;;
02/12/2021  12:47:15,588263;9,731073E-1;1,427696E-2;1,663332E-2;9,541583E-1;;
02/12/2021  12:47:15,588363;9,725977E-1;1,778134E-2;1,916077E-2;9,548289E-1;;
02/12/2021  12:47:15,588463;9,728808E-1;1,204690E-2;1,126247E-2;9,555062E-1;;
02/12/2021  12:47:15,588563;9,729792E-1;1,650702E-2;1,758111E-2;9,561885E-1;;
02/12/2021  12:47:15,588663;9,722967E-1;7,905358E-3;1,347400E-2;9,568741E-1;;
02/12/2021  12:47:15,588763;9,716261E-1;1,523270E-2;1,821298E-2;9,575613E-1;;
02/12/2021  12:47:15,588863;9,709734E-1;1,650702E-2;1,821298E-2;9,582482E-1;;
02/12/2021  12:47:15,588963;9,712447E-1;1,395838E-2;1,536959E-2;9,589329E-1;;
02/12/2021  12:47:15,589063;9,705353E-1;1,714418E-2;2,168823E-2;9,596136E-1;;
02/12/2021  12:47:15,589163;9,693790E-1;1,746276E-2;1,726518E-2;9,602882E-1;;
02/12/2021  12:47:15,589263;9,684879E-1;1,300264E-2;1,442179E-2;9,609549E-1;;
02/12/2021  12:47:15,589363;9,674001E-1;1,459554E-2;1,947671E-2;9,616116E-1;;
02/12/2021  12:47:15,589463;9,677756E-1;1,586986E-2;1,758111E-2;9,622561E-1;;
02/12/2021  12:47:15,589563;9,673732E-1;1,395838E-2;1,726518E-2;9,628865E-1;;
02/12/2021  12:47:15,589663;9,662735E-1;1,682560E-2;1,884484E-2;9,635009E-1;;
02/12/2021  12:47:15,589763;9,645986E-1;2,032998E-2;2,611128E-2;9,640974E-1;;
02/12/2021  12:47:15,589863;9,639787E-1;1,178155E-1;1,139404E-1;9,646741E-1;;
02/12/2021  12:47:15,589963;9,639370E-1;2,861306E-2;3,274585E-2;9,652290E-1;;
02/12/2021  12:47:15,590063;9,639250E-1;1,586986E-2;1,852891E-2;9,657605E-1;;
02/12/2021  12:47:15,590163;9,627478E-1;2,128572E-2;2,453162E-2;9,662670E-1;;
02/12/2021  12:47:15,590263;9,610997E-1;1,439390E-1;1,483770E-1;9,667469E-1;;
02/12/2021  12:47:15,590363;9,605066E-1;1,302401E-1;1,098333E-1;9,671989E-1;;
02/12/2021  12:47:15,590463;9,607421E-1;1,650702E-2;1,884484E-2;9,676214E-1;;
02/12/2021  12:47:15,590563;9,601281E-1;1,746276E-2;2,642721E-2;9,680132E-1;;
02/12/2021  12:47:15,590663;9,588049E-1;1,624167E-1;1,641736E-1;9,683733E-1;;
02/12/2021  12:47:15,590763;9,577022E-1;1,232313E-1;1,199431E-1;9,687007E-1;;
02/12/2021  12:47:15,590863;9,571180E-1;3,339176E-2;4,380347E-2;9,689945E-1;;
02/12/2021  12:47:15,590963;9,580002E-1;3,880762E-2;5,012211E-2;9,692538E-1;;
02/12/2021  12:47:15,591063;9,570614E-1;1,229127E-1;1,275255E-1;9,694781E-1;;
02/12/2021  12:47:15,591163;9,560809E-1;6,047106E-2;4,348754E-2;9,696670E-1;;
02/12/2021  12:47:15,591263;9,546801E-1;8,054160E-2;8,550650E-2;9,698203E-1;;
02/12/2021  12:47:15,591363;9,542480E-1;1,229127E-1;1,313166E-1;9,699377E-1;;
02/12/2021  12:47:15,591463;9,547755E-1;1,464877E-1;1,240502E-1;9,700191E-1;;
02/12/2021  12:47:15,591563;9,534135E-1;1,308772E-1;1,310007E-1;9,700644E-1;;
02/12/2021  12:47:15,591663;9,535745E-1;1,219570E-1;1,243661E-1;9,700739E-1;;
02/12/2021  12:47:15,591763;9,519651E-1;6,142680E-2;5,960007E-2;9,700478E-1;;
02/12/2021  12:47:15,591863;9,521350E-1;9,551486E-2;9,498445E-2;9,699865E-1;;
02/12/2021  12:47:15,591963;9,523317E-1;3,562182E-2;4,032822E-2;9,698904E-1;;
02/12/2021  12:47:15,592063;9,525284E-1;1,210013E-1;1,177316E-1;9,697604E-1;;
02/12/2021  12:47:15,592163;9,512915E-1;1,104881E-1;1,120448E-1;9,695972E-1;;
02/12/2021  12:47:15,592263;9,506448E-1;1,009307E-1;8,708615E-2;9,694018E-1;;
02/12/2021  12:47:15,592363;9,506716E-1;1,111253E-1;9,466852E-2;9,691752E-1;;
02/12/2021  12:47:15,592463;9,508952E-1;1,006121E-1;1,180475E-1;9,689184E-1;;
02/12/2021  12:47:15,592563;9,500488E-1;1,047537E-1;1,142563E-1;9,686326E-1;;
02/12/2021  12:47:15,592663;9,498282E-1;1,133553E-1;1,265777E-1;9,683191E-1;;
02/12/2021  12:47:15,592763;9,490504E-1;1,133553E-1;1,231024E-1;9,679792E-1;;
02/12/2021  12:47:15,592863;9,489729E-1;5,824100E-2;5,170177E-2;9,676141E-1;;
02/12/2021  12:47:15,592963;9,491696E-1;1,162226E-1;1,136244E-1;9,672251E-1;;
02/12/2021  12:47:15,593063;9,480669E-1;1,006121E-1;9,182514E-2;9,668138E-1;;
02/12/2021  12:47:15,593163;9,472056E-1;1,433019E-1;1,581709E-1;9,663813E-1;;
02/12/2021  12:47:15,593263;9,462727E-1;1,063466E-1;1,079377E-1;9,659291E-1;;
02/12/2021  12:47:15,593363;9,466155E-1;9,710776E-2;1,009872E-1;9,654584E-1;;
02/12/2021  12:47:15,593463;9,466393E-1;1,719741E-1;2,289396E-1;9,649702E-1;;
02/12/2021  12:47:15,593563;9,468539E-1;9,519628E-2;1,016190E-1;9,644661E-1;;
02/12/2021  12:47:15,593663;9,454889E-1;1,570008E-1;1,758630E-1;9,639473E-1;;
02/12/2021  12:47:15,593763;9,452833E-1;8,850610E-2;9,814378E-2;9,634153E-1;;
02/12/2021  12:47:15,593863;9,461475E-1;1,433019E-1;1,613302E-1;9,628713E-1;;
02/12/2021  12:47:15,593963;9,459866E-1;6,684266E-2;9,751191E-2;9,623168E-1;;
02/12/2021  12:47:15,594063;9,461595E-1;1,241871E-1;1,493248E-1;9,617532E-1;;
02/12/2021  12:47:15,594163;9,461624E-1;9,392196E-2;9,150920E-2;9,611820E-1;;
02/12/2021  12:47:15,594263;9,466900E-1;8,691320E-2;1,366875E-1;9,606049E-1;;
02/12/2021  12:47:15,594363;9,471489E-1;7,448858E-2;9,972343E-2;9,600235E-1;;
02/12/2021  12:47:15,594463;9,473665E-1;1,841850E-2;2,958653E-2;9,594394E-1;;
02/12/2021  12:47:15,594563;9,474201E-1;1,541336E-1;1,745993E-1;9,588543E-1;;
02/12/2021  12:47:15,594663;9,474827E-1;1,053908E-1;1,003553E-1;9,582701E-1;;
02/12/2021  12:47:15,594763;9,480520E-1;1,219570E-1;1,180475E-1;9,576883E-1;;
02/12/2021  12:47:15,594863;9,489490E-1;2,797590E-2;3,685297E-2;9,571107E-1;;
02/12/2021  12:47:15,594963;9,496673E-1;1,841850E-2;1,663332E-2;9,565388E-1;;
02/12/2021  12:47:15,595063;9,497299E-1;1,841850E-2;1,852891E-2;9,559746E-1;;
02/12/2021  12:47:15,595163;9,488030E-1;5,696668E-2;4,696279E-2;9,554198E-1;;
02/12/2021  12:47:15,595263;9,489937E-1;1,015679E-1;7,729226E-2;9,548758E-1;;
02/12/2021  12:47:15,595363;9,501173E-1;9,870066E-2;8,045158E-2;9,543440E-1;;
02/12/2021  12:47:15,595463;9,500368E-1;1,267357E-1;1,205749E-1;9,538257E-1;;
02/12/2021  12:47:15,595563;9,496494E-1;1,289658E-1;1,351078E-1;9,533222E-1;;
02/12/2021  12:47:15,595663;9,490355E-1;7,448858E-2;1,322644E-1;9,528346E-1;;
02/12/2021  12:47:15,595763;9,492977E-1;1,394789E-1;1,338441E-1;9,523638E-1;;
02/12/2021  12:47:15,595863;9,506120E-1;9,806350E-2;1,107811E-1;9,519106E-1;;
02/12/2021  12:47:15,595963;9,503855E-1;1,098510E-1;1,158360E-1;9,514757E-1;;
02/12/2021  12:47:15,596063;9,504183E-1;1,139925E-1;9,814378E-2;9,510598E-1;;
02/12/2021  12:47:15,596163;9,495570E-1;8,436456E-2;1,170997E-1;9,506636E-1;;
02/12/2021  12:47:15,596263;9,502395E-1;1,063466E-1;1,512204E-1;9,502876E-1;;
02/12/2021  12:47:15,596363;9,510650E-1;8,181592E-2;1,297370E-1;9,499320E-1;;
02/12/2021  12:47:15,596463;9,507253E-1;1,098510E-1;1,212068E-1;9,495971E-1;;
02/12/2021  12:47:15,596563;9,498729E-1;1,162226E-1;1,186794E-1;9,492832E-1;;
02/12/2021  12:47:15,596663;9,498163E-1;1,270543E-1;1,310007E-1;9,489904E-1;;
02/12/2021  12:47:15,596763;9,502902E-1;1,241871E-1;1,227865E-1;9,487186E-1;;
02/12/2021  12:47:15,596863;9,507193E-1;1,286472E-1;1,221546E-1;9,484676E-1;;
02/12/2021  12:47:15,596963;9,503647E-1;1,057094E-1;1,202590E-1;9,482371E-1;;
02/12/2021  12:47:15,597063;9,497388E-1;1,241871E-1;1,294210E-1;9,480271E-1;;
02/12/2021  12:47:15,597163;9,490206E-1;1,241871E-1;1,253139E-1;9,478370E-1;;
02/12/2021  12:47:15,597263;9,489580E-1;1,012493E-1;1,139404E-1;9,476662E-1;;
02/12/2021  12:47:15,597363;9,490951E-1;1,069837E-1;1,101492E-1;9,475142E-1;;
02/12/2021  12:47:15,597463;9,488447E-1;1,232313E-1;1,300529E-1;9,473800E-1;;
02/12/2021  12:47:15,597563;9,478135E-1;1,471248E-1;1,392149E-1;9,472630E-1;;
02/12/2021  12:47:15,597663;9,477480E-1;1,200455E-1;1,218387E-1;9,471621E-1;;
02/12/2021  12:47:15,597763;9,481324E-1;1,190898E-1;1,243661E-1;9,470765E-1;;
02/12/2021  12:47:15,597863;9,481652E-1;1,321516E-1;1,676488E-1;9,470051E-1;;
02/12/2021  12:47:15,597963;9,482308E-1;1,229127E-1;1,234183E-1;9,469471E-1;;
02/12/2021  12:47:15,598063;9,470834E-1;1,321516E-1;1,253139E-1;9,469015E-1;;
02/12/2021  12:47:15,598163;9,470506E-1;1,464877E-1;1,433221E-1;9,468674E-1;;
02/12/2021  12:47:15,598263;9,472264E-1;1,640096E-1;1,234183E-1;9,468437E-1;;
02/12/2021  12:47:15,598363;9,477837E-1;1,213198E-1;1,379512E-1;9,468295E-1;;
02/12/2021  12:47:15,598463;9,474261E-1;1,283286E-1;1,300529E-1;9,468240E-1;;
02/12/2021  12:47:15,598563;9,465737E-1;1,235499E-1;1,338441E-1;9,468262E-1;;
02/12/2021  12:47:15,598663;9,463502E-1;1,079395E-1;1,310007E-1;9,468353E-1;;
02/12/2021  12:47:15,598763;9,466363E-1;1,143111E-1;1,208909E-1;9,468504E-1;;
02/12/2021  12:47:15,598863;9,468688E-1;1,286472E-1;1,420583E-1;9,468705E-1;;
02/12/2021  12:47:15,598963;9,457810E-1;1,260985E-1;1,240502E-1;9,468948E-1;;
02/12/2021  12:47:15,599063;9,447945E-1;1,111253E-1;1,139404E-1;9,469226E-1;;
02/12/2021  12:47:15,599163;9,434653E-1;1,216384E-1;1,114129E-1;9,469528E-1;;
02/12/2021  12:47:15,599263;9,431941E-1;1,251428E-1;1,332122E-1;9,469843E-1;;
02/12/2021  12:47:15,599363;9,425891E-1;1,238685E-1;1,275255E-1;9,470158E-1;;
02/12/2021  12:47:15,599463;9,415698E-1;9,328480E-2;1,433221E-1;9,470461E-1;;
02/12/2021  12:47:15,599563;9,404671E-1;1,108067E-1;1,243661E-1;9,470741E-1;;
02/12/2021  12:47:15,599663;9,397667E-1;1,286472E-1;1,332122E-1;9,470983E-1;;
02/12/2021  12:47:15,599763;9,400469E-1;1,280100E-1;1,328963E-1;9,471174E-1;;
02/12/2021  12:47:15,599863;9,398412E-1;1,276914E-1;1,199431E-1;9,471303E-1;;
02/12/2021  12:47:15,599963;9,394091E-1;1,127182E-1;1,212068E-1;9,471358E-1;;
02/12/2021  12:47:15,600063;9,380054E-1;1,359745E-1;1,092014E-1;9,471331E-1;;
02/12/2021  12:47:15,600163;9,381603E-1;1,324701E-1;1,382671E-1;9,471211E-1;;
02/12/2021  12:47:15,600263;9,386521E-1;1,799386E-1;1,711241E-1;9,470990E-1;;
02/12/2021  12:47:15,600363;9,383183E-1;1,241871E-1;1,234183E-1;9,470662E-1;;
02/12/2021  12:47:15,600463;9,378087E-1;1,136739E-1;1,215227E-1;9,470220E-1;;
02/12/2021  12:47:15,600563;9,371500E-1;1,624167E-1;1,332122E-1;9,469661E-1;;
02/12/2021  12:47:15,600663;9,377103E-1;1,324701E-1;1,319485E-1;9,468980E-1;;
02/12/2021  12:47:15,600763;9,380978E-1;1,213198E-1;1,208909E-1;9,468176E-1;;
02/12/2021  12:47:15,600863;9,386759E-1;1,213198E-1;1,259458E-1;9,467247E-1;;
02/12/2021  12:47:15,600963;9,380083E-1;1,433019E-1;1,417424E-1;9,466196E-1;;
02/12/2021  12:47:15,601063;9,372513E-1;1,429833E-1;1,338441E-1;9,465025E-1;;
02/12/2021  12:47:15,601163;9,376447E-1;1,098510E-1;1,395309E-1;9,463737E-1;;
02/12/2021  12:47:15,601263;9,383392E-1;1,117624E-1;1,445858E-1;9,462334E-1;;
02/12/2021  12:47:15,601363;9,386223E-1;1,413904E-1;1,382671E-1;9,460820E-1;;
02/12/2021  12:47:15,601463;9,380709E-1;1,375674E-1;1,347919E-1;9,459203E-1;;
02/12/2021  12:47:15,601563;9,378027E-1;1,292843E-1;1,300529E-1;9,457488E-1;;
02/12/2021  12:47:15,601663;9,383451E-1;1,015679E-1;1,224705E-1;9,455681E-1;;
02/12/2021  12:47:15,601763;9,396117E-1;1,340630E-1;1,291051E-1;9,453789E-1;;
02/12/2021  12:47:15,601863;9,398174E-1;1,152668E-1;1,202590E-1;9,451821E-1;;
02/12/2021  12:47:15,601963;9,399098E-1;1,321516E-1;1,486929E-1;9,449788E-1;;
02/12/2021  12:47:15,602063;9,393078E-1;1,286472E-1;1,338441E-1;9,447699E-1;;
02/12/2021  12:47:15,602163;9,400022E-1;1,264171E-1;1,199431E-1;9,445565E-1;;
02/12/2021  12:47:15,602263;9,403628E-1;1,525407E-1;1,809180E-1;9,443396E-1;;
02/12/2021  12:47:15,602363;9,406340E-1;1,598680E-1;1,445858E-1;9,441201E-1;;
02/12/2021  12:47:15,602463;9,411079E-1;1,382046E-1;1,524841E-1;9,438992E-1;;
02/12/2021  12:47:15,602563;9,406757E-1;1,088952E-1;1,164678E-1;9,436779E-1;;
02/12/2021  12:47:15,602663;9,417874E-1;5,919674E-2;1,082536E-1;9,434571E-1;;
02/12/2021  12:47:15,602763;9,426189E-1;1,299215E-1;1,363715E-1;9,432381E-1;;
02/12/2021  12:47:15,602863;9,426636E-1;1,238685E-1;1,234183E-1;9,430219E-1;;
02/12/2021  12:47:15,602963;9,420586E-1;1,289658E-1;1,297370E-1;9,428096E-1;;
02/12/2021  12:47:15,603063;9,426934E-1;1,404346E-1;1,553275E-1;9,426022E-1;;
02/12/2021  12:47:15,603163;9,429229E-1;1,420275E-1;2,197776E-1;9,424007E-1;;
02/12/2021  12:47:15,603263;9,440047E-1;1,174969E-1;1,256299E-1;9,422058E-1;;
02/12/2021  12:47:15,603363;9,451313E-1;1,356559E-1;1,351078E-1;9,420187E-1;;
02/12/2021  12:47:15,603463;9,442729E-1;1,347002E-1;1,272095E-1;9,418402E-1;;
02/12/2021  12:47:15,603563;9,443117E-1;1,347002E-1;1,357397E-1;9,416713E-1;;
02/12/2021  12:47:15,603663;9,460403E-1;1,448948E-1;1,464814E-1;9,415128E-1;;
02/12/2021  12:47:15,603763;9,461267E-1;1,410718E-1;1,354238E-1;9,413654E-1;;
02/12/2021  12:47:15,603863;9,461535E-1;1,388417E-1;1,407946E-1;9,412300E-1;;
02/12/2021  12:47:15,603963;9,465946E-1;1,088952E-1;1,212068E-1;9,411073E-1;;
02/12/2021  12:47:15,604063;9,457690E-1;1,143111E-1;1,038306E-1;9,409979E-1;;
02/12/2021  12:47:15,604163;9,474052E-1;1,286472E-1;1,180475E-1;9,409023E-1;;
02/12/2021  12:47:15,604263;9,475364E-1;1,168597E-1;1,224705E-1;9,408208E-1;;
02/12/2021  12:47:15,604363;9,480728E-1;1,264171E-1;1,338441E-1;9,407540E-1;;
02/12/2021  12:47:15,604463;9,483351E-1;7,767438E-2;1,180475E-1;9,407023E-1;;
02/12/2021  12:47:15,604563;9,494229E-1;1,589123E-1;1,458495E-1;9,406659E-1;;
02/12/2021  12:47:15,604663;9,507938E-1;1,525407E-1;1,449017E-1;9,406454E-1;;
02/12/2021  12:47:15,604763;9,513959E-1;1,264171E-1;1,287892E-1;9,406411E-1;;
02/12/2021  12:47:15,604863;9,522214E-1;1,401161E-1;1,303688E-1;9,406536E-1;;
02/12/2021  12:47:15,604963;9,519949E-1;-3,563522E-3;5,486109E-2;9,406834E-1;;
02/12/2021  12:47:15,605063;9,530618E-1;1,260985E-1;1,291051E-1;9,407310E-1;;
02/12/2021  12:47:15,605163;9,545520E-1;1,786642E-1;1,663851E-1;9,407966E-1;;
02/12/2021  12:47:15,605263;9,551421E-1;1,366117E-1;1,310007E-1;9,408807E-1;;
02/12/2021  12:47:15,605363;9,556189E-1;1,251428E-1;1,347919E-1;9,409838E-1;;
02/12/2021  12:47:15,605463;9,556309E-1;1,280100E-1;1,379512E-1;9,411061E-1;;
02/12/2021  12:47:15,605563;9,563312E-1;1,044351E-1;1,136244E-1;9,412478E-1;;
02/12/2021  12:47:15,605663;9,572134E-1;8,882468E-2;8,139938E-2;9,414092E-1;;
02/12/2021  12:47:15,605763;9,578840E-1;9,041758E-2;9,182514E-2;9,415903E-1;;
02/12/2021  12:47:15,605863;9,575979E-1;1,257800E-1;1,275255E-1;9,417912E-1;;
02/12/2021  12:47:15,605963;9,571180E-1;8,117876E-2;1,041465E-1;9,420116E-1;;
02/12/2021  12:47:15,606063;9,574250E-1;9,424054E-2;1,003553E-1;9,422514E-1;;
02/12/2021  12:47:15,606163;9,587512E-1;1,178155E-1;1,240502E-1;9,425099E-1;;
02/12/2021  12:47:15,606263;9,582356E-1;1,213198E-1;1,183634E-1;9,427868E-1;;
02/12/2021  12:47:15,606363;9,591417E-1;1,098510E-1;1,284732E-1;9,430815E-1;;
02/12/2021  12:47:15,606463;9,589509E-1;6,939130E-2;8,266311E-2;9,433933E-1;;
02/12/2021  12:47:15,606563;9,604053E-1;1,031608E-1;1,063580E-1;9,437217E-1;;
02/12/2021  12:47:15,606663;9,608583E-1;1,426647E-1;1,739675E-1;9,440660E-1;;
02/12/2021  12:47:15,606763;9,613113E-1;9,137332E-2;1,044624E-1;9,444257E-1;;
02/12/2021  12:47:15,606863;9,605901E-1;9,328480E-2;1,215227E-1;9,448001E-1;;
02/12/2021  12:47:15,606963;9,604798E-1;8,946184E-2;1,073058E-1;9,451886E-1;;
02/12/2021  12:47:15,607063;9,618388E-1;3,116170E-2;1,152041E-1;9,455903E-1;;
02/12/2021  12:47:15,607163;9,618656E-1;1,082581E-1;1,278414E-1;9,460043E-1;;
02/12/2021  12:47:15,607263;9,621696E-1;9,933782E-2;1,133085E-1;9,464298E-1;;
02/12/2021  12:47:15,607363;9,615140E-1;1,264171E-1;1,256299E-1;9,468659E-1;;
02/12/2021  12:47:15,607463;9,615676E-1;1,012493E-1;1,142563E-1;9,473118E-1;;
02/12/2021  12:47:15,607563;9,625630E-1;1,608238E-1;1,509044E-1;9,477664E-1;;
02/12/2021  12:47:15,607663;9,630995E-1;1,630538E-1;1,464814E-1;9,482286E-1;;
02/12/2021  12:47:15,607763;9,626733E-1;1,748413E-1;1,701763E-1;9,486975E-1;;
02/12/2021  12:47:15,607863;9,625183E-1;1,796200E-1;1,622780E-1;9,491723E-1;;
02/12/2021  12:47:15,607963;9,628640E-1;1,770713E-1;1,606983E-1;9,496519E-1;;
02/12/2021  12:47:15,608063;9,640591E-1;1,805757E-1;1,562753E-1;9,501353E-1;;
02/12/2021  12:47:15,608163;9,641217E-1;1,318330E-1;1,300529E-1;9,506217E-1;;
02/12/2021  12:47:15,608263;9,644853E-1;1,544522E-1;1,467973E-1;9,511102E-1;;
02/12/2021  12:47:15,608363;9,639280E-1;1,471248E-1;1,449017E-1;9,516001E-1;;
02/12/2021  12:47:15,608463;9,653377E-1;1,022050E-1;1,227865E-1;9,520907E-1;;
02/12/2021  12:47:15,608563;9,665984E-1;1,238685E-1;1,281573E-1;9,525811E-1;;
02/12/2021  12:47:15,608663;9,678143E-1;1,283286E-1;1,297370E-1;9,530711E-1;;
02/12/2021  12:47:15,608763;9,674776E-1;1,280100E-1;1,095173E-1;9,535603E-1;;
02/12/2021  12:47:15,608863;9,677517E-1;1,165411E-1;1,379512E-1;9,540485E-1;;
02/12/2021  12:47:15,608963;9,683448E-1;8,563888E-2;1,104651E-1;9,545354E-1;;
02/12/2021  12:47:15,609063;9,696740E-1;1,302401E-1;1,155200E-1;9,550208E-1;;
02/12/2021  12:47:15,609163;9,707916E-1;1,225942E-1;1,234183E-1;9,555046E-1;;
02/12/2021  12:47:15,609263;9,710390E-1;1,273729E-1;1,272095E-1;9,559870E-1;;
02/12/2021  12:47:15,609363;9,711344E-1;1,324701E-1;1,338441E-1;9,564679E-1;;
02/12/2021  12:47:15,609463;9,719003E-1;1,286472E-1;1,249980E-1;9,569474E-1;;
02/12/2021  12:47:15,609563;9,734650E-1;1,114439E-1;1,009872E-1;9,574257E-1;;
02/12/2021  12:47:15,609663;9,746958E-1;1,229127E-1;1,268936E-1;9,579031E-1;;
02/12/2021  12:47:15,609763;9,740491E-1;1,442576E-1;1,382671E-1;9,583797E-1;;
02/12/2021  12:47:15,609863;9,751161E-1;1,289658E-1;9,782784E-2;9,588560E-1;;
02/12/2021  12:47:15,609963;9,758224E-1;1,117624E-1;1,556434E-1;9,593322E-1;;
02/12/2021  12:47:15,610063;9,770622E-1;1,302401E-1;1,651214E-1;9,598086E-1;;
02/12/2021  12:47:15,610163;9,775212E-1;1,493549E-1;1,442698E-1;9,602856E-1;;
02/12/2021  12:47:15,610263;9,772172E-1;1,104881E-1;1,221546E-1;9,607635E-1;;
02/12/2021  12:47:15,610363;9,782156E-1;1,133553E-1;1,205749E-1;9,612427E-1;;
02/12/2021  12:47:15,610463;9,795090E-1;1,461691E-1;1,291051E-1;9,617234E-1;;
02/12/2021  12:47:15,610563;9,805372E-1;1,375674E-1;1,319485E-1;9,622058E-1;;
02/12/2021  12:47:15,610663;9,809455E-1;1,229127E-1;1,183634E-1;9,626905E-1;;
02/12/2021  12:47:15,610763;9,810618E-1;1,318330E-1;1,581709E-1;9,631777E-1;;
02/12/2021  12:47:15,610863;9,810647E-1;1,235499E-1;1,202590E-1;9,636678E-1;;
02/12/2021  12:47:15,610963;9,819886E-1;1,120810E-1;1,152041E-1;9,641608E-1;;
02/12/2021  12:47:15,611063;9,841225E-1;1,869473E-1;2,027173E-1;9,646571E-1;;
02/12/2021  12:47:15,611163;9,838662E-1;1,184526E-1;1,212068E-1;9,651568E-1;;
02/12/2021  12:47:15,611263;9,844116E-1;1,665582E-1;1,632258E-1;9,656602E-1;;
02/12/2021  12:47:15,611363;9,844355E-1;1,229127E-1;1,177316E-1;9,661675E-1;;
02/12/2021  12:47:15,611463;9,859882E-1;-7,067902E-3;5,991600E-2;9,666789E-1;;
02/12/2021  12:47:15,611563;9,871386E-1;1,391603E-1;1,379512E-1;9,671944E-1;;
02/12/2021  12:47:15,611663;9,873204E-1;1,098510E-1;1,212068E-1;9,677143E-1;;
02/12/2021  12:47:15,611763;9,874515E-1;5,569236E-2;5,517702E-2;9,682389E-1;;
02/12/2021  12:47:15,611863;9,871267E-1;1,407532E-1;1,373193E-1;9,687681E-1;;
02/12/2021  12:47:15,611963;9,891086E-1;1,270543E-1;1,246821E-1;9,693020E-1;;
02/12/2021  12:47:15,612063;9,893679E-1;1,155854E-1;1,253139E-1;9,698404E-1;;
02/12/2021  12:47:15,612163;9,899609E-1;1,327887E-1;1,363715E-1;9,703834E-1;;
02/12/2021  12:47:15,612263;9,895258E-1;1,343816E-1;1,189953E-1;9,709311E-1;;
02/12/2021  12:47:15,612363;9,894632E-1;1,187712E-1;1,287892E-1;9,714831E-1;;
02/12/2021  12:47:15,612463;9,904676E-1;1,280100E-1;1,376353E-1;9,720392E-1;;
02/12/2021  12:47:15,612563;9,906911E-1;1,229127E-1;1,268936E-1;9,725990E-1;;
02/12/2021  12:47:15,612663;9,902143E-1;1,315144E-1;1,540637E-1;9,731622E-1;;
02/12/2021  12:47:15,612763;9,895288E-1;1,238685E-1;1,313166E-1;9,737282E-1;;
02/12/2021  12:47:15,612863;9,883098E-1;1,331073E-1;1,253139E-1;9,742963E-1;;
02/12/2021  12:47:15,612963;9,886317E-1;1,397975E-1;1,303688E-1;9,748656E-1;;
02/12/2021  12:47:15,613063;9,881966E-1;1,018865E-1;1,177316E-1;9,754350E-1;;
02/12/2021  12:47:15,613163;9,873502E-1;1,241871E-1;1,379512E-1;9,760032E-1;;
02/12/2021  12:47:15,613263;9,860418E-1;1,391603E-1;1,433221E-1;9,765691E-1;;
02/12/2021  12:47:15,613363;9,851627E-1;1,146297E-1;1,193112E-1;9,771310E-1;;
02/12/2021  12:47:15,613463;9,854428E-1;1,174969E-1;1,243661E-1;9,776874E-1;;
02/12/2021  12:47:15,613563;9,853594E-1;1,280100E-1;1,325804E-1;9,782367E-1;;
02/12/2021  12:47:15,613663;9,840301E-1;1,362931E-1;1,246821E-1;9,787773E-1;;
02/12/2021  12:47:15,613763;9,822747E-1;1,149482E-1;1,300529E-1;9,793076E-1;;
02/12/2021  12:47:15,613863;9,817532E-1;1,477620E-1;1,862888E-1;9,798260E-1;;
02/12/2021  12:47:15,613963;9,812436E-1;4,740928E-2;9,561632E-2;9,803305E-1;;
02/12/2021  12:47:15,614063;9,804240E-1;1,327887E-1;1,322644E-1;9,808193E-1;;
02/12/2021  12:47:15,614163;9,787550E-1;1,053908E-1;1,013031E-1;9,812908E-1;;
02/12/2021  12:47:15,614263;9,769847E-1;1,283286E-1;1,294210E-1;9,817431E-1;;
02/12/2021  12:47:15,614363;9,764185E-1;1,305587E-1;1,325804E-1;9,821743E-1;;
02/12/2021  12:47:15,614463;9,760966E-1;1,130368E-1;1,092014E-1;9,825826E-1;;
02/12/2021  12:47:15,614563;9,745349E-1;1,267357E-1;1,338441E-1;9,829660E-1;;
02/12/2021  12:47:15,614663;9,713668E-1;1,155854E-1;1,202590E-1;9,833230E-1;;
02/12/2021  12:47:15,614763;9,690959E-1;1,155854E-1;1,177316E-1;9,836515E-1;;
02/12/2021  12:47:15,614863;9,679186E-1;1,165411E-1;1,265777E-1;9,839495E-1;;
02/12/2021  12:47:15,614963;9,671676E-1;1,248242E-1;1,107811E-1;9,842149E-1;;
02/12/2021  12:47:15,615063;9,650069E-1;1,359745E-1;1,335282E-1;9,844456E-1;;
02/12/2021  12:47:15,615163;9,625273E-1;1,104881E-1;1,180475E-1;9,846397E-1;;
02/12/2021  12:47:15,615263;9,603397E-1;1,235499E-1;1,243661E-1;9,847953E-1;;
02/12/2021  12:47:15,615363;9,589330E-1;1,241871E-1;1,268936E-1;9,849103E-1;;
02/12/2021  12:47:15,615463;9,576336E-1;1,748413E-1;2,005057E-1;9,849829E-1;;
02/12/2021  12:47:15,615563;9,553686E-1;1,031608E-1;8,961361E-2;9,850112E-1;;
02/12/2021  12:47:15,615663;9,525164E-1;5,537378E-2;4,032822E-2;9,849936E-1;;
02/12/2021  12:47:15,615763;9,503051E-1;1,254614E-1;1,278414E-1;9,849285E-1;;
02/12/2021  12:47:15,615863;9,493037E-1;1,796200E-1;1,903959E-1;9,848141E-1;;
02/12/2021  12:47:15,615963;9,481891E-1;1,181340E-1;1,351078E-1;9,846489E-1;;
02/12/2021  12:47:15,616063;9,457333E-1;1,241871E-1;1,265777E-1;9,844318E-1;;
02/12/2021  12:47:15,616163;9,438140E-1;1,299215E-1;1,474292E-1;9,841617E-1;;
02/12/2021  12:47:15,616263;9,418857E-1;1,305587E-1;1,316326E-1;9,838377E-1;;
02/12/2021  12:47:15,616363;9,412330E-1;1,347002E-1;1,117289E-1;9,834590E-1;;
02/12/2021  12:47:15,616463;9,398025E-1;1,343816E-1;1,313166E-1;9,830250E-1;;
02/12/2021  12:47:15,616563;9,379636E-1;1,069837E-1;1,142563E-1;9,825355E-1;;
02/12/2021  12:47:15,616663;9,357493E-1;7,257710E-2;9,245700E-2;9,819905E-1;;
02/12/2021  12:47:15,616763;9,332101E-1;1,216384E-1;1,227865E-1;9,813899E-1;;
02/12/2021  12:47:15,616863;9,326319E-1;1,133553E-1;1,284732E-1;9,807338E-1;;
02/12/2021  12:47:15,616963;9,319166E-1;1,085766E-1;1,174156E-1;9,800224E-1;;
02/12/2021  12:47:15,617063;9,301433E-1;1,245056E-1;1,322644E-1;9,792564E-1;;
02/12/2021  12:47:15,617163;9,280780E-1;1,264171E-1;1,208909E-1;9,784364E-1;;
02/12/2021  12:47:15,617263;9,264060E-1;8,786894E-2;1,272095E-1;9,775633E-1;;
02/12/2021  12:47:15,617363;9,261468E-1;1,793014E-1;1,550115E-1;9,766381E-1;;
02/12/2021  12:47:15,617463;9,257057E-1;1,165411E-1;1,041465E-1;9,756620E-1;;
02/12/2021  12:47:15,617563;9,238072E-1;1,417090E-1;1,483770E-1;9,746365E-1;;
02/12/2021  12:47:15,617663;9,212918E-1;1,557265E-1;1,793383E-1;9,735633E-1;;
02/12/2021  12:47:15,617763;9,210355E-1;1,423461E-1;1,414265E-1;9,724438E-1;;
02/12/2021  12:47:15,617863;9,209402E-1;1,458505E-1;2,302034E-1;9,712800E-1;;
02/12/2021  12:47:15,617963;9,204544E-1;1,127182E-1;1,231024E-1;9,700738E-1;;
02/12/2021  12:47:15,618063;9,195901E-1;1,264171E-1;1,284732E-1;9,688275E-1;;
02/12/2021  12:47:15,618163;9,175605E-1;1,133553E-1;1,196272E-1;9,675435E-1;;
02/12/2021  12:47:15,618263;9,173102E-1;1,063466E-1;1,136244E-1;9,662242E-1;;
02/12/2021  12:47:15,618363;9,171462E-1;1,184526E-1;1,313166E-1;9,648721E-1;;
02/12/2021  12:47:15,618463;9,170986E-1;1,257800E-1;1,297370E-1;9,634899E-1;;
02/12/2021  12:47:15,618563;9,158498E-1;1,216384E-1;1,104651E-1;9,620803E-1;;
02/12/2021  12:47:15,618663;9,135967E-1;7,002846E-2;8,076751E-2;9,606463E-1;;
02/12/2021  12:47:15,618763;9,130603E-1;9,169190E-2;9,845971E-2;9,591904E-1;;
02/12/2021  12:47:15,618863;9,130901E-1;1,302401E-1;1,433221E-1;9,577152E-1;;
02/12/2021  12:47:15,618963;9,127116E-1;9,870066E-2;1,057261E-1;9,562235E-1;;
02/12/2021  12:47:15,619063;9,117996E-1;8,914326E-2;9,688005E-2;9,547178E-1;;
02/12/2021  12:47:15,619163;9,097909E-1;2,606442E-2;5,707262E-2;9,532010E-1;;
02/12/2021  12:47:15,619263;9,097432E-1;1,095324E-1;1,193112E-1;9,516756E-1;;
02/12/2021  12:47:15,619363;9,097760E-1;7,640006E-2;8,582243E-2;9,501439E-1;;
02/12/2021  12:47:15,619463;9,098296E-1;8,181592E-2;1,095173E-1;9,486085E-1;;
02/12/2021  12:47:15,619563;9,092425E-1;8,372740E-2;1,003553E-1;9,470720E-1;;
02/12/2021  12:47:15,619663;9,084825E-1;1,028422E-1;1,170997E-1;9,455370E-1;;
02/12/2021  12:47:15,619763;9,086852E-1;9,710776E-2;1,183634E-1;9,440059E-1;;
02/12/2021  12:47:15,619863;9,100859E-1;1,608238E-1;2,090359E-1;9,424813E-1;;
02/12/2021  12:47:15,619963;9,102170E-1;5,983390E-2;8,045158E-2;9,409659E-1;;
02/12/2021  12:47:15,620063;9,103839E-1;4,263058E-2;9,340479E-2;9,394624E-1;;
02/12/2021  12:47:15,620163;9,094034E-1;1,225942E-1;1,306848E-1;9,379735E-1;;
02/12/2021  12:47:15,620263;9,098803E-1;9,965640E-2;1,265777E-1;9,365018E-1;;
02/12/2021  12:47:15,620363;9,102290E-1;1,254614E-1;1,414265E-1;9,350499E-1;;
02/12/2021  12:47:15,620463;9,099101E-1;1,382046E-1;1,335282E-1;9,336202E-1;;
02/12/2021  12:47:15,620563;9,085928E-1;1,815315E-1;1,903959E-1;9,322149E-1;;
02/12/2021  12:47:15,620663;9,074901E-1;2,028763E-1;1,629098E-1;9,308360E-1;;
02/12/2021  12:47:15,620763;9,077404E-1;1,808943E-1;1,948190E-1;9,294853E-1;;
02/12/2021  12:47:15,620863;9,075169E-1;1,726112E-1;1,556434E-1;9,281641E-1;;
02/12/2021  12:47:15,620963;9,069268E-1;1,636910E-1;1,546956E-1;9,268739E-1;;
02/12/2021  12:47:15,621063;9,050790E-1;1,579565E-1;1,575390E-1;9,256157E-1;;
02/12/2021  12:47:15,621163;9,043339E-1;1,372488E-1;1,373193E-1;9,243904E-1;;
02/12/2021  12:47:15,621263;9,050164E-1;1,327887E-1;1,300529E-1;9,231986E-1;;
02/12/2021  12:47:15,621363;9,052608E-1;1,238685E-1;1,234183E-1;9,220407E-1;;
02/12/2021  12:47:15,621463;9,049181E-1;1,165411E-1;1,249980E-1;9,209172E-1;;
02/12/2021  12:47:15,621563;9,040180E-1;1,168597E-1;1,167838E-1;9,198284E-1;;
02/12/2021  12:47:15,621663;9,039316E-1;1,136739E-1;1,265777E-1;9,187748E-1;;
02/12/2021  12:47:15,621763;9,042505E-1;1,152668E-1;1,129926E-1;9,177563E-1;;
02/12/2021  12:47:15,621863;9,056006E-1;1,057094E-1;1,259458E-1;9,167732E-1;;
02/12/2021  12:47:15,621963;9,058449E-1;1,611423E-1;1,720719E-1;9,158257E-1;;
02/12/2021  12:47:15,622063;9,058598E-1;1,675139E-1;1,606983E-1;9,149141E-1;;
02/12/2021  12:47:15,622163;9,072397E-1;1,101695E-1;1,152041E-1;9,140387E-1;;
02/12/2021  12:47:15,622263;9,090667E-1;1,605052E-1;1,616461E-1;9,132000E-1;;
02/12/2021  12:47:15,622363;9,104912E-1;1,410718E-1;1,347919E-1;9,123986E-1;;
02/12/2021  12:47:15,622463;9,117072E-1;1,254614E-1;1,332122E-1;9,116353E-1;;
02/12/2021  12:47:15,622563;9,119486E-1;1,267357E-1;1,392149E-1;9,109109E-1;;
02/12/2021  12:47:15,622663;9,132480E-1;1,254614E-1;1,341600E-1;9,102266E-1;;
02/12/2021  12:47:15,622763;9,151584E-1;4,071910E-2;4,759465E-2;9,095830E-1;;
02/12/2021  12:47:15,622863;9,166068E-1;1,289658E-1;1,227865E-1;9,089811E-1;;
02/12/2021  12:47:15,622963;9,185142E-1;1,060280E-1;1,063580E-1;9,084222E-1;;
02/12/2021  12:47:15,623063;9,188063E-1;1,190898E-1;1,167838E-1;9,079071E-1;;
02/12/2021  12:47:15,623163;9,202905E-1;9,647060E-2;9,624818E-2;9,074371E-1;;
02/12/2021  12:47:15,623263;9,233035E-1;1,321516E-1;1,218387E-1;9,070131E-1;;
02/12/2021  12:47:15,623363;9,244897E-1;1,324701E-1;1,319485E-1;9,066363E-1;;
02/12/2021  12:47:15,623463;9,252378E-1;1,257800E-1;1,303688E-1;9,063077E-1;;
02/12/2021  12:47:15,623563;9,248801E-1;1,197269E-1;1,237343E-1;9,060285E-1;;
02/12/2021  12:47:15,623663;9,262332E-1;1,331073E-1;1,256299E-1;9,057991E-1;;
02/12/2021  12:47:15,623763;9,285727E-1;1,241871E-1;1,101492E-1;9,056201E-1;;
02/12/2021  12:47:15,623863;9,299317E-1;1,264171E-1;1,272095E-1;9,054920E-1;;
02/12/2021  12:47:15,623963;9,307603E-1;1,299215E-1;1,316326E-1;9,054151E-1;;
02/12/2021  12:47:15,624063;9,306530E-1;1,321516E-1;1,401627E-1;9,053898E-1;;
02/12/2021  12:47:15,624163;9,326468E-1;1,506292E-1;1,388990E-1;9,054160E-1;;
02/12/2021  12:47:15,624263;9,342383E-1;3,721472E-2;1,262617E-1;9,054937E-1;;
02/12/2021  12:47:15,624363;9,355556E-1;1,337445E-1;1,249980E-1;9,056228E-1;;
02/12/2021  12:47:15,624463;9,361933E-1;1,254614E-1;1,338441E-1;9,058029E-1;;
02/12/2021  12:47:15,624563;9,361635E-1;1,315144E-1;1,347919E-1;9,060337E-1;;
02/12/2021  12:47:15,624663;9,375285E-1;1,433019E-1;1,407946E-1;9,063147E-1;;
02/12/2021  12:47:15,624763;9,392958E-1;1,302401E-1;1,398468E-1;9,066449E-1;;
02/12/2021  12:47:15,624863;9,410184E-1;1,350188E-1;1,316326E-1;9,070236E-1;;
02/12/2021  12:47:15,624963;9,417963E-1;1,321516E-1;1,430061E-1;9,074500E-1;;
02/12/2021  12:47:15,625063;9,411734E-1;4,836502E-2;1,259458E-1;9,079233E-1;;
02/12/2021  12:47:15,625163;9,433401E-1;1,257800E-1;1,174156E-1;9,084421E-1;;
02/12/2021  12:47:15,625263;9,445352E-1;1,238685E-1;1,281573E-1;9,090055E-1;;
02/12/2021  12:47:15,625363;9,455038E-1;1,340630E-1;1,366875E-1;9,096120E-1;;
02/12/2021  12:47:15,625463;9,449822E-1;1,423461E-1;1,281573E-1;9,102603E-1;;
02/12/2021  12:47:15,625563;9,444309E-1;1,219570E-1;9,277293E-2;9,109490E-1;;
02/12/2021  12:47:15,625663;9,455813E-1;9,519628E-2;1,098333E-1;9,116760E-1;;
02/12/2021  12:47:15,625763;9,471638E-1;1,283286E-1;1,322644E-1;9,124395E-1;;
02/12/2021  12:47:15,625863;9,475215E-1;1,426647E-1;1,430061E-1;9,132374E-1;;
02/12/2021  12:47:15,625963;9,474619E-1;1,353374E-1;1,360556E-1;9,140677E-1;;
02/12/2021  12:47:15,626063;9,474261E-1;1,299215E-1;1,458495E-1;9,149284E-1;;
02/12/2021  12:47:15,626163;9,488626E-1;1,366117E-1;1,449017E-1;9,158171E-1;;
02/12/2021  12:47:15,626263;9,490325E-1;1,496735E-1;1,490088E-1;9,167316E-1;;
02/12/2021  12:47:15,626363;9,494855E-1;1,210013E-1;1,303688E-1;9,176698E-1;;
02/12/2021  12:47:15,626463;9,484841E-1;1,923632E-1;1,679647E-1;9,186292E-1;;
02/12/2021  12:47:15,626563;9,485914E-1;1,321516E-1;1,139404E-1;9,196074E-1;;
02/12/2021  12:47:15,626663;9,492530E-1;1,496735E-1;1,057261E-1;9,206018E-1;;
02/12/2021  12:47:15,626763;9,498550E-1;1,385232E-1;1,363715E-1;9,216099E-1;;
02/12/2021  12:47:15,626863;9,492858E-1;1,397975E-1;1,423743E-1;9,226293E-1;;
02/12/2021  12:47:15,626963;9,473456E-1;1,436204E-1;1,370034E-1;9,236572E-1;;
02/12/2021  12:47:15,627063;9,469016E-1;1,181340E-1;1,249980E-1;9,246910E-1;;
02/12/2021  12:47:15,627163;9,482248E-1;1,356559E-1;1,392149E-1;9,257277E-1;;
02/12/2021  12:47:15,627263;9,481771E-1;1,139925E-1;1,155200E-1;9,267646E-1;;
02/12/2021  12:47:15,627363;9,480132E-1;1,225942E-1;1,237343E-1;9,277990E-1;;
02/12/2021  12:47:15,627463;9,462221E-1;1,050723E-1;8,866581E-2;9,288282E-1;;
02/12/2021  12:47:15,627563;9,463621E-1;1,522221E-1;1,464814E-1;9,298498E-1;;
02/12/2021  12:47:15,627663;9,465678E-1;1,726112E-1;1,768108E-1;9,308609E-1;;
02/12/2021  12:47:15,627763;9,466542E-1;1,181340E-1;1,234183E-1;9,318592E-1;;
02/12/2021  12:47:15,627863;9,462370E-1;1,187712E-1;1,278414E-1;9,328422E-1;;
02/12/2021  12:47:15,627963;9,450717E-1;1,308772E-1;1,328963E-1;9,338077E-1;;
02/12/2021  12:47:15,628063;9,453011E-1;8,149734E-2;7,413294E-2;9,347535E-1;;
02/12/2021  12:47:15,628163;9,459985E-1;1,321516E-1;1,152041E-1;9,356775E-1;;
02/12/2021  12:47:15,628263;9,465111E-1;1,273729E-1;1,180475E-1;9,365779E-1;;
02/12/2021  12:47:15,628363;9,455813E-1;1,251428E-1;2,046129E-1;9,374531E-1;;
02/12/2021  12:47:15,628463;9,445412E-1;1,401161E-1;1,398468E-1;9,383016E-1;;
02/12/2021  12:47:15,628563;9,440494E-1;1,251428E-1;1,155200E-1;9,391220E-1;;
02/12/2021  12:47:15,628663;9,438259E-1;1,356559E-1;1,148882E-1;9,399129E-1;;
02/12/2021  12:47:15,628763;9,437991E-1;1,308772E-1;1,224705E-1;9,406728E-1;;
02/12/2021  12:47:15,628863;9,432894E-1;1,528593E-1;1,411105E-1;9,414007E-1;;
02/12/2021  12:47:15,628963;9,417874E-1;1,433019E-1;1,294210E-1;9,420954E-1;;
02/12/2021  12:47:15,629063;9,422910E-1;1,538150E-1;1,452176E-1;9,427560E-1;;
02/12/2021  12:47:15,629163;9,427858E-1;1,292843E-1;1,354238E-1;9,433815E-1;;
02/12/2021  12:47:15,629263;9,430957E-1;1,369303E-1;1,382671E-1;9,439713E-1;;
02/12/2021  12:47:15,629363;9,420526E-1;1,248242E-1;1,054102E-1;9,445250E-1;;
02/12/2021  12:47:15,629463;9,414715E-1;4,932076E-2;1,392149E-1;9,450424E-1;;
02/12/2021  12:47:15,629563;9,426606E-1;4,326774E-2;1,142563E-1;9,455233E-1;;
02/12/2021  12:47:15,629663;9,430987E-1;1,159040E-1;1,215227E-1;9,459677E-1;;
02/12/2021  12:47:15,629763;9,441239E-1;1,493549E-1;1,480610E-1;9,463759E-1;;
02/12/2021  12:47:15,629863;9,433639E-1;1,098510E-1;1,044624E-1;9,467485E-1;;
02/12/2021  12:47:15,629963;9,432894E-1;1,168597E-1;1,212068E-1;9,470864E-1;;
02/12/2021  12:47:15,630063;9,442998E-1;1,340630E-1;1,565912E-1;9,473903E-1;;
02/12/2021  12:47:15,630163;9,444041E-1;1,487177E-1;1,464814E-1;9,476612E-1;;
02/12/2021  12:47:15,630263;9,448004E-1;1,401161E-1;1,442698E-1;9,479001E-1;;
02/12/2021  12:47:15,630363;9,434355E-1;1,292843E-1;1,234183E-1;9,481084E-1;;
02/12/2021  12:47:15,630463;9,431255E-1;1,598680E-1;1,467973E-1;9,482872E-1;;
02/12/2021  12:47:15,630563;9,436948E-1;1,420275E-1;1,180475E-1;9,484375E-1;;
02/12/2021  12:47:15,630663;9,438915E-1;1,477620E-1;1,401627E-1;9,485604E-1;;
02/12/2021  12:47:15,630763;9,434772E-1;1,327887E-1;1,351078E-1;9,486572E-1;;
02/12/2021  12:47:15,630863;9,416324E-1;7,767438E-2;9,150920E-2;9,487290E-1;;
02/12/2021  12:47:15,630963;9,409618E-1;1,069837E-1;1,133085E-1;9,487767E-1;;
02/12/2021  12:47:15,631063;9,420288E-1;1,448948E-1;1,654373E-1;9,488013E-1;;
02/12/2021  12:47:15,631163;9,419245E-1;1,210013E-1;1,240502E-1;9,488036E-1;;
02/12/2021  12:47:15,631263;9,419215E-1;9,806350E-2;9,214107E-2;9,487845E-1;;
02/12/2021  12:47:15,631363;9,399396E-1;1,101695E-1;1,297370E-1;9,487452E-1;;
02/12/2021  12:47:15,631463;9,401929E-1;1,085766E-1;1,186794E-1;9,486864E-1;;
02/12/2021  12:47:15,631563;9,408992E-1;7,130278E-2;1,057261E-1;9,486089E-1;;
02/12/2021  12:47:15,631663;9,412509E-1;9,487770E-2;1,104651E-1;9,485137E-1;;
02/12/2021  12:47:15,631763;9,408128E-1;9,870066E-2;1,019350E-1;9,484017E-1;;
02/12/2021  12:47:15,631863;9,398591E-1;9,933782E-2;1,013031E-1;9,482741E-1;;
02/12/2021  12:47:15,631963;9,405774E-1;9,105474E-2;9,909157E-2;9,481317E-1;;
02/12/2021  12:47:15,632063;9,409588E-1;-5,166910E-2;1,821298E-2;9,479756E-1;;
02/12/2021  12:47:15,632163;9,411377E-1;9,710776E-2;1,177316E-1;9,478067E-1;;
02/12/2021  12:47:15,632263;9,405803E-1;9,137332E-2;1,098333E-1;9,476264E-1;;
02/12/2021  12:47:15,632363;9,388846E-1;1,082581E-1;1,152041E-1;9,474355E-1;;
02/12/2021  12:47:15,632463;9,389322E-1;1,746276E-2;4,822652E-2;9,472349E-1;;
02/12/2021  12:47:15,632563;9,397280E-1;7,034704E-2;8,203124E-2;9,470255E-1;;
02/12/2021  12:47:15,632663;9,393286E-1;8,691320E-2;1,028828E-1;9,468079E-1;;
02/12/2021  12:47:15,632763;9,387147E-1;1,057094E-1;1,237343E-1;9,465830E-1;;
02/12/2021  12:47:15,632863;9,374838E-1;1,012493E-1;1,158360E-1;9,463514E-1;;
02/12/2021  12:47:15,632963;9,391140E-1;6,907272E-2;1,085695E-1;9,461139E-1;;
02/12/2021  12:47:15,633063;9,397578E-1;1,092138E-1;1,284732E-1;9,458711E-1;;
02/12/2021  12:47:15,633163;9,408694E-1;1,197269E-1;1,177316E-1;9,456238E-1;;
02/12/2021  12:47:15,633263;9,398651E-1;2,051064E-1;2,564257E-1;9,453731E-1;;
02/12/2021  12:47:15,633363;9,397071E-1;1,468062E-1;1,401627E-1;9,451201E-1;;
02/12/2021  12:47:15,633463;9,412181E-1;1,713369E-1;1,562753E-1;9,448656E-1;;
02/12/2021  12:47:15,633563;9,415668E-1;1,789828E-1;1,736515E-1;9,446108E-1;;
02/12/2021  12:47:15,633663;9,422672E-1;1,742041E-1;1,546956E-1;9,443567E-1;;
02/12/2021  12:47:15,633763;9,414059E-1;1,697440E-1;1,663851E-1;9,441045E-1;;
02/12/2021  12:47:15,633863;9,415698E-1;1,570008E-1;1,455336E-1;9,438553E-1;;
02/12/2021  12:47:15,633963;9,422255E-1;-2,235974E-2;5,454516E-2;9,436100E-1;;
02/12/2021  12:47:15,634063;9,419304E-1;1,225942E-1;1,319485E-1;9,433696E-1;;
02/12/2021  12:47:15,634163;9,417993E-1;1,133553E-1;1,243661E-1;9,431349E-1;;
02/12/2021  12:47:15,634263;9,406310E-1;1,241871E-1;1,133085E-1;9,429066E-1;;
02/12/2021  12:47:15,634363;9,399098E-1;6,747982E-2;1,177316E-1;9,426852E-1;;
02/12/2021  12:47:15,634463;9,410602E-1;1,219570E-1;1,272095E-1;9,424711E-1;;
02/12/2021  12:47:15,634563;9,406876E-1;1,270543E-1;1,275255E-1;9,422644E-1;;
02/12/2021  12:47:15,634663;9,409946E-1;1,356559E-1;1,319485E-1;9,420655E-1;;
02/12/2021  12:47:15,634763;9,401452E-1;1,127182E-1;1,186794E-1;9,418746E-1;;
02/12/2021  12:47:15,634863;9,399187E-1;1,210013E-1;1,237343E-1;9,416918E-1;;
02/12/2021  12:47:15,634963;9,414655E-1;1,311958E-1;1,366875E-1;9,415173E-1;;
02/12/2021  12:47:15,635063;9,418857E-1;1,232313E-1;1,202590E-1;9,413510E-1;;
02/12/2021  12:47:15,635163;9,419423E-1;1,238685E-1;1,300529E-1;9,411933E-1;;
02/12/2021  12:47:15,635263;9,406966E-1;1,194084E-1;1,243661E-1;9,410445E-1;;
02/12/2021  12:47:15,635363;9,412301E-1;1,289658E-1;1,328963E-1;9,409046E-1;;
02/12/2021  12:47:15,635463;9,429825E-1;1,636910E-1;2,096678E-1;9,407737E-1;;
02/12/2021  12:47:15,635563;9,430480E-1;1,044351E-1;1,104651E-1;9,406521E-1;;
02/12/2021  12:47:15,635663;9,425831E-1;1,022050E-1;1,092014E-1;9,405400E-1;;
02/12/2021  12:47:15,635763;9,417754E-1;1,139925E-1;1,291051E-1;9,404375E-1;;
02/12/2021  12:47:15,635863;9,415877E-1;1,273729E-1;1,294210E-1;9,403448E-1;;
02/12/2021  12:47:15,635963;9,430302E-1;1,283286E-1;1,414265E-1;9,402617E-1;;
02/12/2021  12:47:15,636063;9,427500E-1;1,206827E-1;1,262617E-1;9,401882E-1;;
02/12/2021  12:47:15,636163;9,424579E-1;9,901924E-2;1,095173E-1;9,401242E-1;;
02/12/2021  12:47:15,636263;9,411377E-1;9,933782E-2;9,340479E-2;9,400697E-1;;
02/12/2021  12:47:15,636363;9,418112E-1;1,264171E-1;1,328963E-1;9,400243E-1;;
02/12/2021  12:47:15,636463;9,428156E-1;1,359745E-1;1,531159E-1;9,399877E-1;;
02/12/2021  12:47:15,636563;9,424311E-1;1,152668E-1;1,231024E-1;9,399597E-1;;
02/12/2021  12:47:15,636663;9,413522E-1;1,417090E-1;1,433221E-1;9,399400E-1;;
02/12/2021  12:47:15,636763;9,410810E-1;1,375674E-1;1,341600E-1;9,399282E-1;;
02/12/2021  12:47:15,636863;9,411853E-1;2,319720E-2;6,813023E-2;9,399239E-1;;
02/12/2021  12:47:15,636963;9,424073E-1;1,216384E-1;1,155200E-1;9,399264E-1;;
02/12/2021  12:47:15,637063;9,422881E-1;1,200455E-1;1,284732E-1;9,399354E-1;;
02/12/2021  12:47:15,637163;9,411704E-1;1,347002E-1;1,360556E-1;9,399506E-1;;
02/12/2021  12:47:15,637263;9,397310E-1;1,165411E-1;1,161519E-1;9,399714E-1;;
02/12/2021  12:47:15,637363;9,406817E-1;9,870066E-2;9,877564E-2;9,399973E-1;;
02/12/2021  12:47:15,637463;9,409469E-1;8,468314E-2;7,508074E-2;9,400276E-1;;
02/12/2021  12:47:15,637563;9,418619E-1;1,085766E-1;1,047783E-1;9,400616E-1;;
02/12/2021  12:47:15,637663;9,405327E-1;8,532030E-2;1,161519E-1;9,400991E-1;;
02/12/2021  12:47:15,637763;9,404164E-1;1,031608E-1;1,117289E-1;9,401394E-1;;
02/12/2021  12:47:15,637863;9,415311E-1;1,053908E-1;1,196272E-1;9,401822E-1;;
02/12/2021  12:47:15,637963;9,422761E-1;1,159040E-1;1,363715E-1;9,402270E-1;;
02/12/2021  12:47:15,638063;9,426099E-1;1,254614E-1;1,262617E-1;9,402737E-1;;
02/12/2021  12:47:15,638163;9,413195E-1;1,159040E-1;1,136244E-1;9,403221E-1;;
02/12/2021  12:47:15,638263;9,407502E-1;6,620550E-2;1,199431E-1;9,403720E-1;;
02/12/2021  12:47:15,638363;9,409439E-1;1,296029E-1;1,310007E-1;9,404231E-1;;
02/12/2021  12:47:15,638463;9,410363E-1;1,334259E-1;1,370034E-1;9,404750E-1;;
02/12/2021  12:47:15,638563;9,404939E-1;1,232313E-1;1,306848E-1;9,405273E-1;;
02/12/2021  12:47:15,638663;9,386163E-1;1,178155E-1;1,180475E-1;9,405796E-1;;
02/12/2021  12:47:15,638763;9,377997E-1;1,276914E-1;1,335282E-1;9,406312E-1;;
02/12/2021  12:47:15,638863;9,381842E-1;1,675139E-1;1,711241E-1;9,406814E-1;;
02/12/2021  12:47:15,638963;9,385567E-1;1,251428E-1;1,278414E-1;9,407294E-1;;
02/12/2021  12:47:15,639063;9,376090E-1;1,372488E-1;1,467973E-1;9,407744E-1;;
02/12/2021  12:47:15,639163;9,360592E-1;1,270543E-1;1,303688E-1;9,408159E-1;;
02/12/2021  12:47:15,639263;9,359877E-1;1,101695E-1;1,249980E-1;9,408530E-1;;
02/12/2021  12:47:15,639363;9,372424E-1;1,347002E-1;1,237343E-1;9,408850E-1;;
02/12/2021  12:47:15,639463;9,386819E-1;1,302401E-1;1,272095E-1;9,409112E-1;;
02/12/2021  12:47:15,639563;9,381901E-1;1,194084E-1;1,265777E-1;9,409314E-1;;
02/12/2021  12:47:15,639663;9,381454E-1;1,194084E-1;1,253139E-1;9,409456E-1;;
02/12/2021  12:47:15,639763;9,382229E-1;1,401161E-1;1,471132E-1;9,409537E-1;;
02/12/2021  12:47:15,639863;9,393435E-1;1,417090E-1;1,499566E-1;9,409558E-1;;
02/12/2021  12:47:15,639963;9,402108E-1;1,210013E-1;1,246821E-1;9,409520E-1;;
02/12/2021  12:47:15,640063;9,400826E-1;1,130368E-1;1,199431E-1;9,409429E-1;;
02/12/2021  12:47:15,640163;9,387862E-1;1,057094E-1;1,363715E-1;9,409288E-1;;
02/12/2021  12:47:15,640263;9,384852E-1;1,028422E-1;9,340479E-2;9,409100E-1;;
02/12/2021  12:47:15,640363;9,387385E-1;1,190898E-1;1,152041E-1;9,408869E-1;;
02/12/2021  12:47:15,640463;9,386074E-1;1,232313E-1;1,231024E-1;9,408595E-1;;
02/12/2021  12:47:15,640563;9,375941E-1;1,340630E-1;1,395309E-1;9,408280E-1;;
02/12/2021  12:47:15,640663;9,361367E-1;1,458505E-1;1,578549E-1;9,407924E-1;;
02/12/2021  12:47:15,640763;9,359430E-1;1,149482E-1;1,000394E-1;9,407526E-1;;
02/12/2021  12:47:15,640863;9,367030E-1;-2,607782E-3;4,696279E-2;9,407084E-1;;
02/12/2021  12:47:15,640963;9,366791E-1;1,276914E-1;1,278414E-1;9,406595E-1;;
02/12/2021  12:47:15,641063;9,353410E-1;1,337445E-1;1,341600E-1;9,406060E-1;;
02/12/2021  12:47:15,641163;9,343038E-1;1,264171E-1;1,319485E-1;9,405475E-1;;
02/12/2021  12:47:15,641263;9,346436E-1;1,327887E-1;1,186794E-1;9,404839E-1;;
02/12/2021  12:47:15,641363;9,354840E-1;1,219570E-1;1,041465E-1;9,404149E-1;;
02/12/2021  12:47:15,641463;9,349923E-1;1,254614E-1;1,183634E-1;9,403404E-1;;
02/12/2021  12:47:15,641563;9,344976E-1;1,554079E-1;1,426902E-1;9,402602E-1;;
02/12/2021  12:47:15,641663;9,330640E-1;1,200455E-1;1,281573E-1;9,401744E-1;;
02/12/2021  12:47:15,641763;9,333144E-1;1,152668E-1;1,057261E-1;9,400828E-1;;
02/12/2021  12:47:15,641863;9,335200E-1;1,152668E-1;1,148882E-1;9,399852E-1;;
02/12/2021  12:47:15,641963;9,322742E-1;1,340630E-1;1,316326E-1;9,398814E-1;;
02/12/2021  12:47:15,642063;9,299168E-1;-2,713844E-2;3,432551E-2;9,397712E-1;;
02/12/2021  12:47:15,642163;9,279469E-1;1,302401E-1;1,234183E-1;9,396541E-1;;
02/12/2021  12:47:15,642263;9,270647E-1;2,319720E-2;5,391329E-2;9,395294E-1;;
02/12/2021  12:47:15,642363;9,273180E-1;1,433019E-1;1,597505E-1;9,393960E-1;;
02/12/2021  12:47:15,642463;9,264031E-1;1,117624E-1;1,199431E-1;9,392532E-1;;
02/12/2021  12:47:15,642563;9,246804E-1;1,267357E-1;1,268936E-1;9,391002E-1;;
02/12/2021  12:47:15,642663;9,235897E-1;1,225942E-1;1,092014E-1;9,389361E-1;;
02/12/2021  12:47:15,642763;9,243794E-1;1,213198E-1;1,161519E-1;9,387601E-1;;
02/12/2021  12:47:15,642863;9,245195E-1;1,334259E-1;1,354238E-1;9,385714E-1;;
02/12/2021  12:47:15,642963;9,237715E-1;1,429833E-1;1,398468E-1;9,383695E-1;;
02/12/2021  12:47:15,643063;9,232082E-1;1,534964E-1;1,493248E-1;9,381543E-1;;
02/12/2021  12:47:15,643163;9,230055E-1;1,477620E-1;1,379512E-1;9,379253E-1;;
02/12/2021  12:47:15,643263;9,240307E-1;1,461691E-1;1,480610E-1;9,376826E-1;;
02/12/2021  12:47:15,643363;9,246477E-1;1,452133E-1;1,373193E-1;9,374261E-1;;
02/12/2021  12:47:15,643463;9,244003E-1;1,452133E-1;1,499566E-1;9,371564E-1;;
02/12/2021  12:47:15,643563;9,227432E-1;1,382046E-1;1,398468E-1;9,368740E-1;;
02/12/2021  12:47:15,643663;9,225108E-1;1,149482E-1;1,480610E-1;9,365792E-1;;
02/12/2021  12:47:15,643763;9,225853E-1;1,362931E-1;1,392149E-1;9,362726E-1;;
02/12/2021  12:47:15,643863;9,231843E-1;1,171783E-1;1,205749E-1;9,359546E-1;;
02/12/2021  12:47:15,643963;9,223230E-1;5,186940E-2;6,054787E-2;9,356257E-1;;
02/12/2021  12:47:15,644063;9,209938E-1;1,280100E-1;1,575390E-1;9,352866E-1;;
02/12/2021  12:47:15,644163;9,205110E-1;1,315144E-1;1,031987E-1;9,349379E-1;;
02/12/2021  12:47:15,644263;9,216614E-1;1,101695E-1;1,278414E-1;9,345799E-1;;
02/12/2021  12:47:15,644363;9,214409E-1;1,088952E-1;1,205749E-1;9,342132E-1;;
02/12/2021  12:47:15,644463;9,214826E-1;1,076209E-1;1,164678E-1;9,338387E-1;;
02/12/2021  12:47:15,644563;9,205796E-1;1,219570E-1;1,212068E-1;9,334569E-1;;
02/12/2021  12:47:15,644663;9,208359E-1;1,073023E-1;1,221546E-1;9,330687E-1;;
02/12/2021  12:47:15,644763;9,228416E-1;1,299215E-1;1,325804E-1;9,326748E-1;;
02/12/2021  12:47:15,644863;9,232708E-1;1,018865E-1;1,193112E-1;9,322764E-1;;
02/12/2021  12:47:15,644963;9,228118E-1;1,143111E-1;1,259458E-1;9,318745E-1;;
02/12/2021  12:47:15,645063;9,219207E-1;9,137332E-2;1,221546E-1;9,314705E-1;;
02/12/2021  12:47:15,645163;9,226568E-1;9,838208E-2;1,019350E-1;9,310655E-1;;
02/12/2021  12:47:15,645263;9,246983E-1;1,044351E-1;1,164678E-1;9,306606E-1;;
02/12/2021  12:47:15,645363;9,238489E-1;1,034794E-1;1,221546E-1;9,302570E-1;;
02/12/2021  12:47:15,645463;9,237267E-1;1,047537E-1;1,202590E-1;9,298561E-1;;
02/12/2021  12:47:15,645563;9,232529E-1;9,583344E-2;1,101492E-1;9,294592E-1;;
02/12/2021  12:47:15,645663;9,234108E-1;1,041165E-1;1,095173E-1;9,290671E-1;;
02/12/2021  12:47:15,645763;9,245374E-1;1,232313E-1;1,152041E-1;9,286810E-1;;
02/12/2021  12:47:15,645863;9,243854E-1;1,525407E-1;1,411105E-1;9,283019E-1;;
02/12/2021  12:47:15,645963;9,231605E-1;1,538150E-1;1,717559E-1;9,279307E-1;;
02/12/2021  12:47:15,646063;9,221681E-1;1,483991E-1;1,455336E-1;9,275682E-1;;
02/12/2021  12:47:15,646163;9,231277E-1;1,671954E-1;1,528000E-1;9,272149E-1;;
02/12/2021  12:47:15,646263;9,235897E-1;1,920446E-1;1,663851E-1;9,268714E-1;;
02/12/2021  12:47:15,646363;9,237118E-1;1,879031E-1;1,603824E-1;9,265381E-1;;
02/12/2021  12:47:15,646463;9,234138E-1;1,646467E-1;1,502726E-1;9,262155E-1;;
02/12/2021  12:47:15,646563;9,235241E-1;1,601866E-1;1,401627E-1;9,259042E-1;;
02/12/2021  12:47:15,646663;9,240069E-1;1,843987E-1;1,806020E-1;9,256046E-1;;
02/12/2021  12:47:15,646763;9,251454E-1;1,614609E-1;1,720719E-1;9,253170E-1;;
02/12/2021  12:47:15,646863;9,256222E-1;1,331073E-1;1,385831E-1;9,250419E-1;;
02/12/2021  12:47:15,646963;9,258487E-1;1,340630E-1;1,148882E-1;9,247799E-1;;
02/12/2021  12:47:15,647063;9,255358E-1;1,238685E-1;1,272095E-1;9,245317E-1;;
02/12/2021  12:47:15,647163;9,279439E-1;1,359745E-1;1,186794E-1;9,242977E-1;;
02/12/2021  12:47:15,647263;9,287664E-1;1,324701E-1;1,306848E-1;9,240785E-1;;
02/12/2021  12:47:15,647363;9,290168E-1;1,321516E-1;1,284732E-1;9,238750E-1;;
02/12/2021  12:47:15,647463;9,296397E-1;1,292843E-1;1,224705E-1;9,236879E-1;;
02/12/2021  12:47:15,647563;9,306977E-1;1,410718E-1;1,442698E-1;9,235180E-1;;
02/12/2021  12:47:15,647663;9,324918E-1;1,302401E-1;1,249980E-1;9,233661E-1;;
02/12/2021  12:47:15,647763;9,337227E-1;1,152668E-1;1,240502E-1;9,232331E-1;;
02/12/2021  12:47:15,647863;9,340744E-1;1,130368E-1;1,265777E-1;9,231200E-1;;
02/12/2021  12:47:15,647963;9,344260E-1;1,238685E-1;1,237343E-1;9,230278E-1;;
02/12/2021  12:47:15,648063;9,352993E-1;1,595494E-1;1,783905E-1;9,229573E-1;;
02/12/2021  12:47:15,648163;9,365927E-1;1,232313E-1;1,193112E-1;9,229092E-1;;
02/12/2021  12:47:15,648263;9,375673E-1;1,254614E-1;1,275255E-1;9,228844E-1;;
02/12/2021  12:47:15,648363;9,374033E-1;1,181340E-1;1,193112E-1;9,228835E-1;;
02/12/2021  12:47:15,648463;9,370248E-1;1,391603E-1;1,420583E-1;9,229070E-1;;
02/12/2021  12:47:15,648563;9,371441E-1;1,257800E-1;1,272095E-1;9,229552E-1;;
02/12/2021  12:47:15,648663;9,386431E-1;1,123996E-1;1,202590E-1;9,230283E-1;;
02/12/2021  12:47:15,648763;9,392958E-1;1,254614E-1;1,287892E-1;9,231262E-1;;
02/12/2021  12:47:15,648863;9,395432E-1;1,477620E-1;1,360556E-1;9,232490E-1;;
02/12/2021  12:47:15,648963;9,387087E-1;7,608148E-2;8,803395E-2;9,233965E-1;;
02/12/2021  12:47:15,649063;9,393733E-1;1,302401E-1;1,376353E-1;9,235684E-1;;
02/12/2021  12:47:15,649163;9,419096E-1;1,270543E-1;1,531159E-1;9,237643E-1;;
02/12/2021  12:47:15,649263;9,423596E-1;1,311958E-1;1,360556E-1;9,239839E-1;;
02/12/2021  12:47:15,649363;9,426815E-1;1,468062E-1;1,401627E-1;9,242269E-1;;
02/12/2021  12:47:15,649463;9,436650E-1;9,710776E-2;1,025668E-1;9,244930E-1;;
02/12/2021  12:47:15,649563;9,446455E-1;8,946184E-2;8,487463E-2;9,247820E-1;;
02/12/2021  12:47:15,649663;9,466602E-1;1,152668E-1;1,243661E-1;9,250936E-1;;
02/12/2021  12:47:15,649763;9,475185E-1;1,350188E-1;1,366875E-1;9,254276E-1;;
02/12/2021  12:47:15,649863;9,478344E-1;1,385232E-1;1,325804E-1;9,257840E-1;;
02/12/2021  12:47:15,649963;9,476317E-1;1,260985E-1;1,246821E-1;9,261626E-1;;
02/12/2021  12:47:15,650063;9,489460E-1;1,130368E-1;1,073058E-1;9,265631E-1;;
02/12/2021  12:47:15,650163;9,503289E-1;1,206827E-1;9,909157E-2;9,269850E-1;;
02/12/2021  12:47:15,650263;9,504362E-1;1,586986E-2;5,422923E-2;9,274279E-1;;
02/12/2021  12:47:15,650363;9,503617E-1;1,264171E-1;1,215227E-1;9,278916E-1;;
02/12/2021  12:47:15,650463;9,504690E-1;1,165411E-1;1,155200E-1;9,283754E-1;;
02/12/2021  12:47:15,650563;9,512230E-1;1,305587E-1;1,227865E-1;9,288785E-1;;
02/12/2021  12:47:15,650663;9,525671E-1;1,493549E-1;1,455336E-1;9,294002E-1;;
02/12/2021  12:47:15,650763;9,527549E-1;1,356559E-1;1,335282E-1;9,299396E-1;;
02/12/2021  12:47:15,650863;9,524121E-1;1,264171E-1;1,294210E-1;9,304961E-1;;
02/12/2021  12:47:15,650963;9,526386E-1;1,206827E-1;1,155200E-1;9,310686E-1;;
02/12/2021  12:47:15,651063;9,543881E-1;1,407532E-1;1,622780E-1;9,316562E-1;;
02/12/2021  12:47:15,651163;9,553656E-1;1,455319E-1;1,648054E-1;9,322578E-1;;
02/12/2021  12:47:15,651263;9,559796E-1;1,273729E-1;1,297370E-1;9,328728E-1;;
02/12/2021  12:47:15,651363;9,556458E-1;1,092138E-1;1,139404E-1;9,335003E-1;;
02/12/2021  12:47:15,651463;9,562090E-1;1,331073E-1;1,347919E-1;9,341394E-1;;
02/12/2021  12:47:15,651563;9,577379E-1;1,445762E-1;1,458495E-1;9,347892E-1;;
02/12/2021  12:47:15,651663;9,588347E-1;1,200455E-1;1,287892E-1;9,354490E-1;;
02/12/2021  12:47:15,651763;9,594188E-1;1,120810E-1;1,133085E-1;9,361179E-1;;
02/12/2021  12:47:15,651863;9,589956E-1;1,168597E-1;1,218387E-1;9,367955E-1;;
02/12/2021  12:47:15,651963;9,598599E-1;1,378860E-1;1,366875E-1;9,374809E-1;;
02/12/2021  12:47:15,652063;9,611116E-1;1,289658E-1;1,275255E-1;9,381733E-1;;
02/12/2021  12:47:15,652163;9,614871E-1;1,235499E-1;1,189953E-1;9,388722E-1;;
02/12/2021  12:47:15,652263;9,617226E-1;1,818500E-1;1,657532E-1;9,395767E-1;;
02/12/2021  12:47:15,652363;9,617673E-1;1,171783E-1;1,259458E-1;9,402863E-1;;
02/12/2021  12:47:15,652463;9,608971E-1;1,268406E-2;6,876210E-2;9,410000E-1;;
02/12/2021  12:47:15,652563;9,625422E-1;1,108067E-1;1,253139E-1;9,417171E-1;;
02/12/2021  12:47:15,652663;9,626614E-1;1,194084E-1;1,215227E-1;9,424366E-1;;
02/12/2021  12:47:15,652763;9,620087E-1;1,273729E-1;1,382671E-1;9,431575E-1;;
02/12/2021  12:47:15,652863;9,615736E-1;1,225942E-1;1,319485E-1;9,438788E-1;;
02/12/2021  12:47:15,652963;9,608792E-1;1,203641E-1;1,136244E-1;9,445996E-1;;
02/12/2021  12:47:15,653063;9,619044E-1;1,171783E-1;1,231024E-1;9,453183E-1;;
02/12/2021  12:47:15,653163;9,616302E-1;1,267357E-1;1,262617E-1;9,460339E-1;;
02/12/2021  12:47:15,653263;9,606884E-1;1,321516E-1;1,341600E-1;9,467451E-1;;
02/12/2021  12:47:15,653363;9,600536E-1;1,439390E-1;1,392149E-1;9,474505E-1;;
02/12/2021  12:47:15,653463;9,597884E-1;1,337445E-1;1,325804E-1;9,481487E-1;;
02/12/2021  12:47:15,653563;9,603755E-1;1,088952E-1;1,354238E-1;9,488382E-1;;
02/12/2021  12:47:15,653663;9,603934E-1;1,245056E-1;1,243661E-1;9,495177E-1;;
02/12/2021  12:47:15,653763;9,591297E-1;1,229127E-1;1,218387E-1;9,501859E-1;;
02/12/2021  12:47:15,653863;9,578542E-1;4,008194E-2;1,025668E-1;9,508414E-1;;
02/12/2021  12:47:15,653963;9,580628E-1;1,117624E-1;1,227865E-1;9,514827E-1;;
02/12/2021  12:47:15,654063;9,585843E-1;1,506292E-1;1,581709E-1;9,521084E-1;;
02/12/2021  12:47:15,654163;9,578035E-1;1,270543E-1;1,284732E-1;9,527173E-1;;
02/12/2021  12:47:15,654263;9,580896E-1;1,286472E-1;1,272095E-1;9,533080E-1;;
02/12/2021  12:47:15,654363;9,570942E-1;1,280100E-1;1,272095E-1;9,538796E-1;;
02/12/2021  12:47:15,654463;9,573267E-1;1,229127E-1;1,335282E-1;9,544309E-1;;
02/12/2021  12:47:15,654563;9,572611E-1;1,267357E-1;1,152041E-1;9,549610E-1;;
02/12/2021  12:47:15,654663;9,569929E-1;1,108067E-1;9,182514E-2;9,554691E-1;;
02/12/2021  12:47:15,654763;9,554699E-1;1,264171E-1;1,272095E-1;9,559544E-1;;
02/12/2021  12:47:15,654863;9,546623E-1;1,286472E-1;1,291051E-1;9,564162E-1;;
02/12/2021  12:47:15,654963;9,548679E-1;9,455912E-2;8,392683E-2;9,568534E-1;;
02/12/2021  12:47:15,655063;9,548530E-1;1,276914E-1;1,227865E-1;9,572654E-1;;
02/12/2021  12:47:15,655163;9,552285E-1;5,951532E-2;8,929768E-2;9,576517E-1;;
02/12/2021  12:47:15,655263;9,534672E-1;1,219570E-1;1,249980E-1;9,580117E-1;;
02/12/2021  12:47:15,655363;9,525075E-1;1,174969E-1;1,167838E-1;9,583450E-1;;
02/12/2021  12:47:15,655463;9,522095E-1;1,356559E-1;1,449017E-1;9,586512E-1;;
02/12/2021  12:47:15,655563;9,516462E-1;1,286472E-1;1,499566E-1;9,589297E-1;;
02/12/2021  12:47:15,655663;9,509160E-1;1,143111E-1;1,095173E-1;9,591802E-1;;
02/12/2021  12:47:15,655763;9,495838E-1;1,458505E-1;1,588027E-1;9,594023E-1;;
02/12/2021  12:47:15,655863;9,480579E-1;1,082581E-1;1,806020E-1;9,595955E-1;;
02/12/2021  12:47:15,655963;9,482576E-1;1,417090E-1;1,281573E-1;9,597594E-1;;
02/12/2021  12:47:15,656063;9,475244E-1;1,085766E-1;1,193112E-1;9,598935E-1;;
02/12/2021  12:47:15,656163;9,460939E-1;1,130368E-1;1,189953E-1;9,599976E-1;;
02/12/2021  12:47:15,656263;9,444607E-1;1,222756E-1;1,284732E-1;9,600713E-1;;
02/12/2021  12:47:15,656363;9,436441E-1;1,069837E-1;1,183634E-1;9,601143E-1;;
02/12/2021  12:47:15,656463;9,428305E-1;9,615202E-2;1,294210E-1;9,601261E-1;;
02/12/2021  12:47:15,656563;9,427709E-1;1,018865E-1;1,104651E-1;9,601064E-1;;
02/12/2021  12:47:15,656663;9,420377E-1;1,139925E-1;1,268936E-1;9,600551E-1;;
02/12/2021  12:47:15,656763;9,408426E-1;1,146297E-1;1,218387E-1;9,599721E-1;;
02/12/2021  12:47:15,656863;9,398532E-1;9,901924E-2;1,063580E-1;9,598575E-1;;
02/12/2021  12:47:15,656963;9,411287E-1;1,006121E-1;1,145722E-1;9,597113E-1;;
02/12/2021  12:47:15,657063;9,407592E-1;9,360338E-2;1,095173E-1;9,595338E-1;;
02/12/2021  12:47:15,657163;9,403091E-1;1,464877E-1;1,654373E-1;9,593257E-1;;
02/12/2021  12:47:15,657263;9,391409E-1;1,050723E-1;1,114129E-1;9,590877E-1;;
02/12/2021  12:47:15,657363;9,395313E-1;9,232906E-2;1,006712E-1;9,588206E-1;;
02/12/2021  12:47:15,657463;9,395790E-1;9,933782E-2;1,104651E-1;9,585253E-1;;
02/12/2021  12:47:15,657563;9,393495E-1;1,082581E-1;1,249980E-1;9,582028E-1;;
02/12/2021  12:47:15,657663;9,385686E-1;1,085766E-1;1,240502E-1;9,578542E-1;;
02/12/2021  12:47:15,657763;9,375434E-1;9,392196E-2;1,398468E-1;9,574809E-1;;
02/12/2021  12:47:15,657863;9,370368E-1;7,576290E-2;8,550650E-2;9,570838E-1;;
02/12/2021  12:47:15,657963;9,370189E-1;8,659462E-2;8,708615E-2;9,566642E-1;;
02/12/2021  12:47:15,658063;9,372722E-1;1,034794E-1;1,161519E-1;9,562231E-1;;
02/12/2021  12:47:15,658163;9,365450E-1;8,542518E-3;6,686651E-2;9,557620E-1;;
02/12/2021  12:47:15,658263;9,358595E-1;8,563888E-2;1,129926E-1;9,552820E-1;;
02/12/2021  12:47:15,658363;9,359311E-1;1,047537E-1;1,189953E-1;9,547846E-1;;
02/12/2021  12:47:15,658463;9,361427E-1;9,232906E-2;1,123607E-1;9,542709E-1;;
02/12/2021  12:47:15,658563;9,360324E-1;1,474434E-1;1,423743E-1;9,537425E-1;;
02/12/2021  12:47:15,658663;9,351860E-1;1,601866E-1;1,442698E-1;9,532008E-1;;
02/12/2021  12:47:15,658763;9,346317E-1;1,611423E-1;1,439539E-1;9,526471E-1;;
02/12/2021  12:47:15,658863;9,346972E-1;1,777085E-1;1,720719E-1;9,520829E-1;;
02/12/2021  12:47:15,658963;9,355526E-1;1,573194E-1;1,572231E-1;9,515095E-1;;
02/12/2021  12:47:15,659063;9,349833E-1;1,700626E-1;1,588027E-1;9,509283E-1;;
02/12/2021  12:47:15,659163;9,346376E-1;1,464877E-1;1,423743E-1;9,503408E-1;;
02/12/2021  12:47:15,659263;9,341965E-1;1,560451E-1;1,550115E-1;9,497484E-1;;
02/12/2021  12:47:15,659363;9,341340E-1;1,480806E-1;1,467973E-1;9,491525E-1;;
02/12/2021  12:47:15,659463;9,346197E-1;1,200455E-1;1,193112E-1;9,485543E-1;;
02/12/2021  12:47:15,659563;9,348552E-1;1,229127E-1;1,155200E-1;9,479552E-1;;
02/12/2021  12:47:15,659663;9,341548E-1;1,267357E-1;1,496407E-1;9,473566E-1;;
02/12/2021  12:47:15,659763;9,343992E-1;1,506292E-1;1,449017E-1;9,467598E-1;;
02/12/2021  12:47:15,659863;9,353231E-1;1,397975E-1;1,347919E-1;9,461660E-1;;
02/12/2021  12:47:15,659963;9,355705E-1;1,372488E-1;1,499566E-1;9,455766E-1;;
02/12/2021  12:47:15,660063;9,355854E-1;1,245056E-1;1,231024E-1;9,449930E-1;;
02/12/2021  12:47:15,660163;9,349297E-1;1,483991E-1;1,569071E-1;9,444166E-1;;
02/12/2021  12:47:15,660263;9,347986E-1;1,397975E-1;1,262617E-1;9,438485E-1;;
02/12/2021  12:47:15,660363;9,359162E-1;1,044351E-1;1,177316E-1;9,432900E-1;;
02/12/2021  12:47:15,660463;9,367924E-1;1,292843E-1;1,379512E-1;9,427421E-1;;
02/12/2021  12:47:15,660563;9,361099E-1;1,229127E-1;1,332122E-1;9,422060E-1;;
02/12/2021  12:47:15,660663;9,357105E-1;1,442576E-1;1,401627E-1;9,416829E-1;;
02/12/2021  12:47:15,660763;9,353320E-1;8,245308E-2;1,439539E-1;9,411737E-1;;
02/12/2021  12:47:15,660863;9,356569E-1;1,471248E-1;1,989261E-1;9,406792E-1;;
02/12/2021  12:47:15,660963;9,362410E-1;1,241871E-1;1,246821E-1;9,402001E-1;;
02/12/2021  12:47:15,661063;9,375345E-1;1,366117E-1;1,401627E-1;9,397371E-1;;
02/12/2021  12:47:15,661163;9,371351E-1;1,350188E-1;1,344760E-1;9,392911E-1;;
02/12/2021  12:47:15,661263;9,376328E-1;1,378860E-1;1,376353E-1;9,388627E-1;;
02/12/2021  12:47:15,661363;9,392720E-1;1,289658E-1;1,385831E-1;9,384527E-1;;
02/12/2021  12:47:15,661463;9,399247E-1;1,353374E-1;1,398468E-1;9,380620E-1;;
02/12/2021  12:47:15,661563;9,409112E-1;1,254614E-1;1,417424E-1;9,376915E-1;;
02/12/2021  12:47:15,661663;9,408963E-1;1,315144E-1;1,300529E-1;9,373421E-1;;
02/12/2021  12:47:15,661763;9,416831E-1;9,455912E-2;1,101492E-1;9,370146E-1;;
02/12/2021  12:47:15,661863;9,428990E-1;1,289658E-1;1,246821E-1;9,367101E-1;;
02/12/2021  12:47:15,661963;9,439958E-1;1,318330E-1;1,395309E-1;9,364291E-1;;
02/12/2021  12:47:15,662063;9,446187E-1;1,375674E-1;1,385831E-1;9,361727E-1;;
02/12/2021  12:47:15,662163;9,452445E-1;1,468062E-1;1,126766E-1;9,359417E-1;;
02/12/2021  12:47:15,662263;9,453876E-1;-2,745702E-2;5,328143E-2;9,357369E-1;;
02/12/2021  12:47:15,662363;9,476377E-1;1,286472E-1;1,363715E-1;9,355589E-1;;
02/12/2021  12:47:15,662463;9,489908E-1;1,248242E-1;1,234183E-1;9,354085E-1;;
02/12/2021  12:47:15,662563;9,491904E-1;1,366117E-1;1,332122E-1;9,352865E-1;;
02/12/2021  12:47:15,662663;9,491725E-1;1,719741E-1;1,227865E-1;9,351935E-1;;
02/12/2021  12:47:15,662763;9,501620E-1;2,797590E-2;6,876210E-2;9,351302E-1;;
02/12/2021  12:47:15,662863;9,511008E-1;7,767438E-2;9,624818E-2;9,350968E-1;;
02/12/2021  12:47:15,662963;9,525612E-1;1,229127E-1;1,303688E-1;9,350938E-1;;
02/12/2021  12:47:15,663063;9,531781E-1;1,229127E-1;1,300529E-1;9,351214E-1;;
02/12/2021  12:47:15,663163;9,532138E-1;1,229127E-1;1,275255E-1;9,351800E-1;;
02/12/2021  12:47:15,663263;9,552136E-1;1,413904E-1;1,313166E-1;9,352696E-1;;
02/12/2021  12:47:15,663363;9,564296E-1;1,391603E-1;1,114129E-1;9,353905E-1;;
02/12/2021  12:47:15,663463;9,570525E-1;1,359745E-1;1,164678E-1;9,355428E-1;;
02/12/2021  12:47:15,663563;9,575889E-1;1,382046E-1;1,546956E-1;9,357265E-1;;
02/12/2021  12:47:15,663663;9,574429E-1;1,388417E-1;1,442698E-1;9,359417E-1;;
02/12/2021  12:47:15,663763;9,584502E-1;1,331073E-1;1,300529E-1;9,361881E-1;;
02/12/2021  12:47:15,663863;9,599165E-1;1,232313E-1;1,186794E-1;9,364653E-1;;
02/12/2021  12:47:15,663963;9,604649E-1;1,315144E-1;1,297370E-1;9,367729E-1;;
02/12/2021  12:47:15,664063;9,604172E-1;1,426647E-1;1,411105E-1;9,371106E-1;;
02/12/2021  12:47:15,664163;9,598212E-1;1,225942E-1;1,139404E-1;9,374777E-1;;
02/12/2021  12:47:15,664263;9,609626E-1;5,537378E-2;8,076751E-2;9,378733E-1;;
02/12/2021  12:47:15,664363;9,615617E-1;1,499920E-1;1,736515E-1;9,382966E-1;;
02/12/2021  12:47:15,664463;9,624408E-1;1,308772E-1;1,341600E-1;9,387464E-1;;
02/12/2021  12:47:15,664563;9,616481E-1;1,133553E-1;8,961361E-2;9,392218E-1;;
02/12/2021  12:47:15,664663;9,613113E-1;1,347002E-1;1,291051E-1;9,397216E-1;;
02/12/2021  12:47:15,664763;9,620862E-1;1,464877E-1;1,392149E-1;9,402443E-1;;
02/12/2021  12:47:15,664863;9,621667E-1;1,318330E-1;1,379512E-1;9,407884E-1;;
02/12/2021  12:47:15,664963;9,618895E-1;1,410718E-1;1,411105E-1;9,413524E-1;;
02/12/2021  12:47:15,665063;9,616213E-1;1,458505E-1;1,347919E-1;9,419346E-1;;
02/12/2021  12:47:15,665163;9,618507E-1;1,286472E-1;1,357397E-1;9,425332E-1;;
02/12/2021  12:47:15,665263;9,627806E-1;1,197269E-1;1,249980E-1;9,431465E-1;;
02/12/2021  12:47:15,665363;9,638028E-1;1,273729E-1;1,338441E-1;9,437727E-1;;
02/12/2021  12:47:15,665463;9,636926E-1;1,401161E-1;1,600664E-1;9,444103E-1;;
02/12/2021  12:47:15,665563;9,634810E-1;1,327887E-1;1,268936E-1;9,450577E-1;;
02/12/2021  12:47:15,665663;9,632276E-1;1,347002E-1;1,275255E-1;9,457133E-1;;
02/12/2021  12:47:15,665763;9,643482E-1;1,382046E-1;1,354238E-1;9,463756E-1;;
02/12/2021  12:47:15,665863;9,650754E-1;1,630538E-1;1,543797E-1;9,470430E-1;;
02/12/2021  12:47:15,665963;9,653854E-1;1,480806E-1;1,436380E-1;9,477141E-1;;
02/12/2021  12:47:15,666063;9,654271E-1;1,302401E-1;1,291051E-1;9,483877E-1;;
02/12/2021  12:47:15,666163;9,657579E-1;2,765732E-2;1,164678E-1;9,490625E-1;;
02/12/2021  12:47:15,666263;9,665358E-1;1,429833E-1;1,471132E-1;9,497373E-1;;
02/12/2021  12:47:15,666363;9,673017E-1;1,327887E-1;1,306848E-1;9,504111E-1;;
02/12/2021  12:47:15,666463;9,664613E-1;1,123996E-1;9,624818E-2;9,510827E-1;;
02/12/2021  12:47:15,666563;9,660112E-1;3,275460E-2;9,182514E-2;9,517513E-1;;
02/12/2021  12:47:15,666663;9,659785E-1;1,299215E-1;1,291051E-1;9,524157E-1;;
02/12/2021  12:47:15,666763;9,662676E-1;1,429833E-1;1,657532E-1;9,530747E-1;;
02/12/2021  12:47:15,666863;9,659993E-1;1,264171E-1;1,325804E-1;9,537273E-1;;
02/12/2021  12:47:15,666963;9,651291E-1;1,098510E-1;9,782784E-2;9,543721E-1;;
02/12/2021  12:47:15,667063;9,651231E-1;5,780180E-4;5,770448E-2;9,550082E-1;;
02/12/2021  12:47:15,667163;9,651380E-1;1,515849E-1;1,420583E-1;9,556342E-1;;
02/12/2021  12:47:15,667263;9,646522E-1;1,088952E-1;1,392149E-1;9,562489E-1;;
02/12/2021  12:47:15,667363;9,640025E-1;1,477620E-1;1,411105E-1;9,568512E-1;;
02/12/2021  12:47:15,667463;9,632127E-1;1,302401E-1;1,240502E-1;9,574400E-1;;
02/12/2021  12:47:15,667563;9,619342E-1;1,401161E-1;1,246821E-1;9,580139E-1;;
02/12/2021  12:47:15,667663;9,620147E-1;1,410718E-1;1,490088E-1;9,585715E-1;;
02/12/2021  12:47:15,667763;9,618716E-1;1,098510E-1;1,373193E-1;9,591116E-1;;
02/12/2021  12:47:15,667863;9,610580E-1;1,082581E-1;1,009872E-1;9,596329E-1;;
02/12/2021  12:47:15,667963;9,596513E-1;1,222756E-1;1,208909E-1;9,601342E-1;;
02/12/2021  12:47:15,668063;9,576932E-1;1,117624E-1;1,316326E-1;9,606143E-1;;
02/12/2021  12:47:15,668163;9,580956E-1;1,053908E-1;1,300529E-1;9,610717E-1;;
02/12/2021  12:47:15,668263;9,568051E-1;1,343816E-1;1,322644E-1;9,615050E-1;;
02/12/2021  12:47:15,668363;9,563730E-1;1,251428E-1;1,199431E-1;9,619130E-1;;
02/12/2021  12:47:15,668463;9,551182E-1;1,598680E-1;1,676488E-1;9,622944E-1;;
02/12/2021  12:47:15,668563;9,538755E-1;1,413904E-1;1,332122E-1;9,626481E-1;;
02/12/2021  12:47:15,668663;9,531483E-1;1,321516E-1;1,183634E-1;9,629728E-1;;
02/12/2021  12:47:15,668763;9,525820E-1;1,691068E-1;1,764949E-1;9,632674E-1;;
02/12/2021  12:47:15,668863;9,508564E-1;1,598680E-1;1,401627E-1;9,635309E-1;;
02/12/2021  12:47:15,668963;9,500905E-1;1,573194E-1;1,606983E-1;9,637622E-1;;
02/12/2021  12:47:15,669063;9,489431E-1;1,184526E-1;1,177316E-1;9,639604E-1;;
02/12/2021  12:47:15,669163;9,486927E-1;1,289658E-1;1,256299E-1;9,641246E-1;;
02/12/2021  12:47:15,669263;9,481920E-1;1,088952E-1;1,265777E-1;9,642540E-1;;
02/12/2021  12:47:15,669363;9,473784E-1;1,165411E-1;1,177316E-1;9,643481E-1;;
02/12/2021  12:47:15,669463;9,453727E-1;1,146297E-1;1,114129E-1;9,644066E-1;;
02/12/2021  12:47:15,669563;9,445650E-1;6,238254E-2;8,582243E-2;9,644289E-1;;
02/12/2021  12:47:15,669663;9,442461E-1;1,200455E-1;1,360556E-1;9,644147E-1;;
02/12/2021  12:47:15,669763;9,431315E-1;1,222756E-1;1,161519E-1;9,643637E-1;;
02/12/2021  12:47:15,669863;9,421271E-1;1,216384E-1;1,256299E-1;9,642758E-1;;
02/12/2021  12:47:15,669963;9,407592E-1;9,933782E-2;1,079377E-1;9,641510E-1;;
02/12/2021  12:47:15,670063;9,398770E-1;8,882468E-2;1,019350E-1;9,639892E-1;;
02/12/2021  12:47:15,670163;9,392780E-1;1,057094E-1;1,319485E-1;9,637905E-1;;
02/12/2021  12:47:15,670263;9,387057E-1;1,168597E-1;1,224705E-1;9,635550E-1;;
02/12/2021  12:47:15,670363;9,375553E-1;1,028422E-1;1,145722E-1;9,632831E-1;;
02/12/2021  12:47:15,670463;9,354662E-1;9,583344E-2;1,063580E-1;9,629752E-1;;
02/12/2021  12:47:15,670563;9,338002E-1;5,919674E-2;6,749837E-2;9,626315E-1;;
02/12/2021  12:47:15,670663;9,338926E-1;1,101695E-1;1,202590E-1;9,622524E-1;;
02/12/2021  12:47:15,670763;9,328763E-1;9,583344E-2;1,085695E-1;9,618382E-1;;
02/12/2021  12:47:15,670863;9,306619E-1;8,372740E-2;1,069899E-1;9,613893E-1;;
02/12/2021  12:47:15,670963;9,289751E-1;1,152668E-1;1,313166E-1;9,609063E-1;;
02/12/2021  12:47:15,671063;9,280333E-1;1,044351E-1;1,234183E-1;9,603894E-1;;
02/12/2021  12:47:15,671163;9,277114E-1;1,229127E-1;1,240502E-1;9,598390E-1;;
02/12/2021  12:47:15,671263;9,265103E-1;1,213198E-1;1,313166E-1;9,592557E-1;;
02/12/2021  12:47:15,671363;9,243377E-1;1,388417E-1;1,306848E-1;9,586400E-1;;
02/12/2021  12:47:15,671463;9,229250E-1;1,499920E-1;1,471132E-1;9,579925E-1;;
02/12/2021  12:47:15,671563;9,217657E-1;1,808943E-1;1,641736E-1;9,573138E-1;;
02/12/2021  12:47:15,671663;9,220727E-1;1,697440E-1;1,227865E-1;9,566043E-1;;
02/12/2021  12:47:15,671763;9,204723E-1;1,850358E-1;1,588027E-1;9,558648E-1;;
02/12/2021  12:47:15,671863;9,202040E-1;1,665582E-1;1,455336E-1;9,550961E-1;;
02/12/2021  12:47:15,671963;9,187437E-1;1,636910E-1;1,572231E-1;9,542992E-1;;
02/12/2021  12:47:15,672063;9,188987E-1;1,525407E-1;1,461654E-1;9,534752E-1;;
02/12/2021  12:47:15,672163;9,189195E-1;8,786894E-2;7,887192E-2;9,526252E-1;;
02/12/2021  12:47:15,672263;9,178347E-1;8,755036E-2;8,519056E-2;9,517506E-1;;
02/12/2021  12:47:15,672363;9,172953E-1;1,283286E-1;1,373193E-1;9,508529E-1;;
02/12/2021  12:47:15,672463;9,166545E-1;1,585937E-1;1,351078E-1;9,499336E-1;;
02/12/2021  12:47:15,672563;9,162551E-1;1,273729E-1;1,237343E-1;9,489943E-1;;
02/12/2021  12:47:15,672663;9,168721E-1;1,111253E-1;1,221546E-1;9,480368E-1;;
02/12/2021  12:47:15,672763;9,159571E-1;9,965640E-2;9,877564E-2;9,470627E-1;;
02/12/2021  12:47:15,672863;9,146756E-1;1,337445E-1;1,379512E-1;9,460739E-1;;
02/12/2021  12:47:15,672963;9,146279E-1;8,882468E-2;9,940750E-2;9,450724E-1;;
02/12/2021  12:47:15,673063;9,150094E-1;1,347002E-1;1,366875E-1;9,440597E-1;;
02/12/2021  12:47:15,673163;9,146637E-1;1,671954E-1;1,973464E-1;9,430379E-1;;
02/12/2021  12:47:15,673263;9,145206E-1;1,280100E-1;1,268936E-1;9,420088E-1;;
02/12/2021  12:47:15,673363;9,141779E-1;1,362931E-1;1,262617E-1;9,409745E-1;;
02/12/2021  12:47:15,673463;9,131497E-1;1,190898E-1;1,218387E-1;9,399369E-1;;
02/12/2021  12:47:15,673563;9,130036E-1;1,382046E-1;1,189953E-1;9,388978E-1;;
02/12/2021  12:47:15,673663;9,141153E-1;1,213198E-1;1,328963E-1;9,378591E-1;;
02/12/2021  12:47:15,673763;9,136146E-1;1,219570E-1;1,275255E-1;9,368225E-1;;
02/12/2021  12:47:15,673863;9,135609E-1;1,273729E-1;1,249980E-1;9,357901E-1;;
02/12/2021  12:47:15,673963;9,138679E-1;7,799296E-2;1,177316E-1;9,347637E-1;;
02/12/2021  12:47:15,674063;9,146309E-1;1,681511E-1;1,676488E-1;9,337453E-1;;
02/12/2021  12:47:15,674163;9,152895E-1;1,315144E-1;1,300529E-1;9,327367E-1;;
02/12/2021  12:47:15,674263;9,143060E-1;1,085766E-1;1,224705E-1;9,317401E-1;;
02/12/2021  12:47:15,674363;9,142971E-1;1,133553E-1;1,240502E-1;9,307572E-1;;
02/12/2021  12:47:15,674463;9,144819E-1;1,133553E-1;1,259458E-1;9,297899E-1;;
02/12/2021  12:47:15,674563;9,154594E-1;1,276914E-1;1,310007E-1;9,288398E-1;;
02/12/2021  12:47:15,674663;9,150660E-1;1,315144E-1;1,268936E-1;9,279086E-1;;
02/12/2021  12:47:15,674763;9,151882E-1;1,302401E-1;1,401627E-1;9,269978E-1;;
02/12/2021  12:47:15,674863;9,145862E-1;1,264171E-1;1,306848E-1;9,261089E-1;;
02/12/2021  12:47:15,674963;9,145713E-1;1,101695E-1;1,417424E-1;9,252433E-1;;
02/12/2021  12:47:15,675063;9,154803E-1;1,260985E-1;1,316326E-1;9,244020E-1;;
02/12/2021  12:47:15,675163;9,159273E-1;1,181340E-1;1,215227E-1;9,235861E-1;;
02/12/2021  12:47:15,675263;9,156293E-1;1,025236E-1;8,582243E-2;9,227968E-1;;
02/12/2021  12:47:15,675363;9,149140E-1;1,350188E-1;1,471132E-1;9,220350E-1;;
02/12/2021  12:47:15,675463;9,150302E-1;9,487770E-2;1,205749E-1;9,213013E-1;;
02/12/2021  12:47:15,675563;9,163803E-1;1,232313E-1;1,129926E-1;9,205966E-1;;
02/12/2021  12:47:15,675663;9,164697E-1;1,133553E-1;1,136244E-1;9,199212E-1;;
02/12/2021  12:47:15,675763;9,169466E-1;1,143111E-1;1,133085E-1;9,192760E-1;;
02/12/2021  12:47:15,675863;9,173400E-1;1,206827E-1;1,426902E-1;9,186613E-1;;
02/12/2021  12:47:15,675963;9,183473E-1;1,213198E-1;1,291051E-1;9,180778E-1;;
02/12/2021  12:47:15,676063;9,192354E-1;-6,963020E-4;4,664686E-2;9,175261E-1;;
02/12/2021  12:47:15,676163;9,201713E-1;1,136739E-1;1,189953E-1;9,170066E-1;;
02/12/2021  12:47:15,676263;9,204901E-1;1,280100E-1;1,287892E-1;9,165199E-1;;
02/12/2021  12:47:15,676363;9,205587E-1;1,375674E-1;1,208909E-1;9,160667E-1;;
02/12/2021  12:47:15,676463;9,223528E-1;1,222756E-1;1,426902E-1;9,156473E-1;;
02/12/2021  12:47:15,676563;9,238638E-1;1,015679E-1;1,174156E-1;9,152623E-1;;
02/12/2021  12:47:15,676663;9,243288E-1;1,203641E-1;1,275255E-1;9,149121E-1;;
02/12/2021  12:47:15,676763;9,247430E-1;1,356559E-1;1,376353E-1;9,145974E-1;;
02/12/2021  12:47:15,676863;9,250113E-1;1,423461E-1;1,249980E-1;9,143184E-1;;
02/12/2021  12:47:15,676963;9,262451E-1;7,289568E-2;1,031987E-1;9,140756E-1;;
02/12/2021  12:47:15,677063;9,284237E-1;1,168597E-1;1,167838E-1;9,138692E-1;;
02/12/2021  12:47:15,677163;9,294489E-1;1,324701E-1;1,268936E-1;9,136996E-1;;
02/12/2021  12:47:15,677263;9,298036E-1;1,506292E-1;1,720719E-1;9,135670E-1;;
02/12/2021  12:47:15,677363;9,301523E-1;1,235499E-1;1,180475E-1;9,134719E-1;;
02/12/2021  12:47:15,677463;9,323637E-1;1,069837E-1;1,041465E-1;9,134144E-1;;
02/12/2021  12:47:15,677563;9,338687E-1;1,620981E-1;1,752312E-1;9,133947E-1;;
02/12/2021  12:47:15,677663;9,350966E-1;1,257800E-1;1,259458E-1;9,134131E-1;;
02/12/2021  12:47:15,677763;9,355883E-1;6,556834E-2;8,645429E-2;9,134697E-1;;
02/12/2021  12:47:15,677863;9,366255E-1;1,165411E-1;1,133085E-1;9,135648E-1;;
02/12/2021  12:47:15,677963;9,393554E-1;6,747982E-2;8,929768E-2;9,136984E-1;;
02/12/2021  12:47:15,678063;9,405982E-1;1,334259E-1;1,442698E-1;9,138707E-1;;
02/12/2021  12:47:15,678163;9,411406E-1;1,133553E-1;1,243661E-1;9,140819E-1;;
02/12/2021  12:47:15,678263;9,416801E-1;1,130368E-1;1,104651E-1;9,143320E-1;;
02/12/2021  12:47:15,678363;9,422553E-1;1,219570E-1;1,613302E-1;9,146210E-1;;
02/12/2021  12:47:15,678463;9,436083E-1;1,509478E-1;1,433221E-1;9,149485E-1;;
02/12/2021  12:47:15,678563;9,448958E-1;1,260985E-1;1,278414E-1;9,153143E-1;;
02/12/2021  12:47:15,678663;9,448303E-1;1,327887E-1;1,322644E-1;9,157176E-1;;
02/12/2021  12:47:15,678763;9,453429E-1;1,359745E-1;1,316326E-1;9,161581E-1;;
02/12/2021  12:47:15,678863;9,457214E-1;1,181340E-1;1,120448E-1;9,166348E-1;;
02/12/2021  12:47:15,678963;9,476437E-1;1,423461E-1;1,528000E-1;9,171467E-1;;
02/12/2021  12:47:15,679063;9,484007E-1;1,200455E-1;1,303688E-1;9,176929E-1;;
02/12/2021  12:47:15,679163;9,490206E-1;1,251428E-1;1,540637E-1;9,182723E-1;;
02/12/2021  12:47:15,679263;9,485377E-1;1,139925E-1;1,120448E-1;9,188838E-1;;
02/12/2021  12:47:15,679363;9,491427E-1;1,012493E-1;1,158360E-1;9,195262E-1;;
02/12/2021  12:47:15,679463;9,499385E-1;1,225942E-1;1,076217E-1;9,201980E-1;;
02/12/2021  12:47:15,679563;9,501143E-1;1,340630E-1;1,237343E-1;9,208977E-1;;
02/12/2021  12:47:15,679663;9,508266E-1;1,162226E-1;1,325804E-1;9,216235E-1;;
02/12/2021  12:47:15,679763;9,511306E-1;1,203641E-1;1,455336E-1;9,223740E-1;;
02/12/2021  12:47:15,679863;9,517624E-1;1,356559E-1;1,347919E-1;9,231473E-1;;
02/12/2021  12:47:15,679963;9,532079E-1;1,455319E-1;1,584868E-1;9,239417E-1;;
02/12/2021  12:47:15,680063;9,529098E-1;1,276914E-1;1,275255E-1;9,247556E-1;;
02/12/2021  12:47:15,680163;9,526416E-1;1,178155E-1;1,054102E-1;9,255872E-1;;
02/12/2021  12:47:15,680263;9,524509E-1;1,436204E-1;1,486929E-1;9,264348E-1;;
02/12/2021  12:47:15,680363;9,530767E-1;1,471248E-1;1,717559E-1;9,272964E-1;;
02/12/2021  12:47:15,680463;9,538695E-1;1,025236E-1;1,117289E-1;9,281700E-1;;
02/12/2021  12:47:15,680563;9,537682E-1;1,162226E-1;1,268936E-1;9,290537E-1;;
02/12/2021  12:47:15,680663;9,543642E-1;1,238685E-1;1,300529E-1;9,299456E-1;;
02/12/2021  12:47:15,680763;9,537026E-1;1,299215E-1;1,300529E-1;9,308439E-1;;
02/12/2021  12:47:15,680863;9,545758E-1;1,299215E-1;1,278414E-1;9,317465E-1;;
02/12/2021  12:47:15,680963;9,557352E-1;1,283286E-1;1,082536E-1;9,326518E-1;;
02/12/2021  12:47:15,681063;9,554133E-1;1,496735E-1;1,445858E-1;9,335580E-1;;
02/12/2021  12:47:15,681163;9,549275E-1;1,423461E-1;1,287892E-1;9,344634E-1;;
02/12/2021  12:47:15,681263;9,545162E-1;1,436204E-1;1,373193E-1;9,353664E-1;;
02/12/2021  12:47:15,681363;9,546563E-1;1,324701E-1;1,186794E-1;9,362652E-1;;
02/12/2021  12:47:15,681463;9,557411E-1;1,334259E-1;1,145722E-1;9,371580E-1;;
02/12/2021  12:47:15,681563;9,548113E-1;1,471248E-1;1,449017E-1;9,380432E-1;;
02/12/2021  12:47:15,681663;9,549096E-1;1,334259E-1;1,237343E-1;9,389192E-1;;
02/12/2021  12:47:15,681763;9,544656E-1;1,225942E-1;1,212068E-1;9,397844E-1;;
02/12/2021  12:47:15,681863;9,551391E-1;1,426647E-1;1,414265E-1;9,406373E-1;;
02/12/2021  12:47:15,681963;9,558782E-1;1,554079E-1;1,970305E-1;9,414765E-1;;
02/12/2021  12:47:15,682063;9,554193E-1;1,165411E-1;1,246821E-1;9,423007E-1;;
02/12/2021  12:47:15,682163;9,546772E-1;9,179678E-3;1,028828E-1;9,431086E-1;;
02/12/2021  12:47:15,682263;9,540662E-1;1,006121E-1;1,139404E-1;9,438991E-1;;
02/12/2021  12:47:15,682363;9,538218E-1;1,012493E-1;1,569071E-1;9,446710E-1;;
02/12/2021  12:47:15,682463;9,538635E-1;1,108067E-1;1,284732E-1;9,454230E-1;;
02/12/2021  12:47:15,682563;9,531155E-1;1,095324E-1;1,189953E-1;9,461538E-1;;
02/12/2021  12:47:15,682663;9,526625E-1;1,155854E-1;1,234183E-1;9,468624E-1;;
02/12/2021  12:47:15,682763;9,521558E-1;1,143111E-1;1,227865E-1;9,475476E-1;;
02/12/2021  12:47:15,682863;9,531214E-1;1,092138E-1;1,145722E-1;9,482084E-1;;
02/12/2021  12:47:15,682963;9,525492E-1;1,127182E-1;1,253139E-1;9,488437E-1;;
02/12/2021  12:47:15,683063;9,514137E-1;1,069837E-1;1,133085E-1;9,494530E-1;;
02/12/2021  12:47:15,683163;9,510680E-1;1,053908E-1;1,085695E-1;9,500353E-1;;
02/12/2021  12:47:15,683263;9,504690E-1;1,152668E-1;1,278414E-1;9,505900E-1;;
02/12/2021  12:47:15,683363;9,508356E-1;9,328480E-2;1,268936E-1;9,511162E-1;;
02/12/2021  12:47:15,683463;9,506567E-1;1,037979E-1;1,196272E-1;9,516135E-1;;
02/12/2021  12:47:15,683563;9,503915E-1;9,583344E-2;1,136244E-1;9,520814E-1;;
02/12/2021  12:47:15,683663;9,495004E-1;1,025236E-1;1,142563E-1;9,525195E-1;;
02/12/2021  12:47:15,683763;9,495928E-1;1,493549E-1;1,569071E-1;9,529276E-1;;
02/12/2021  12:47:15,683863;9,500607E-1;1,146297E-1;1,291051E-1;9,533054E-1;;
02/12/2021  12:47:15,683963;9,498938E-1;1,178155E-1;1,316326E-1;9,536531E-1;;
02/12/2021  12:47:15,684063;9,493782E-1;1,311958E-1;1,376353E-1;9,539707E-1;;
02/12/2021  12:47:15,684163;9,489341E-1;1,563636E-1;2,036651E-1;9,542585E-1;;
02/12/2021  12:47:15,684263;9,486659E-1;1,697440E-1;1,499566E-1;9,545166E-1;;
02/12/2021  12:47:15,684363;9,493961E-1;1,977790E-1;2,096678E-1;9,547455E-1;;
02/12/2021  12:47:15,684463;9,489282E-1;1,828058E-1;1,613302E-1;9,549454E-1;;
02/12/2021  12:47:15,684563;9,481861E-1;1,834429E-1;1,629098E-1;9,551171E-1;;
02/12/2021  12:47:15,684663;9,474321E-1;1,859916E-1;1,648054E-1;9,552611E-1;;
02/12/2021  12:47:15,684763;9,478433E-1;1,706997E-1;1,534319E-1;9,553778E-1;;
02/12/2021  12:47:15,684863;9,479447E-1;1,477620E-1;1,486929E-1;9,554679E-1;;
02/12/2021  12:47:15,684963;9,470536E-1;1,296029E-1;1,344760E-1;9,555320E-1;;
02/12/2021  12:47:15,685063;9,463413E-1;1,426647E-1;1,401627E-1;9,555709E-1;;
02/12/2021  12:47:15,685163;9,448243E-1;1,260985E-1;1,117289E-1;9,555851E-1;;
02/12/2021  12:47:15,685263;9,444249E-1;1,273729E-1;1,249980E-1;9,555752E-1;;
02/12/2021  12:47:15,685363;9,445650E-1;1,327887E-1;1,452176E-1;9,555415E-1;;
02/12/2021  12:47:15,685463;9,432477E-1;1,337445E-1;1,291051E-1;9,554846E-1;;
02/12/2021  12:47:15,685563;9,422672E-1;1,302401E-1;1,259458E-1;9,554048E-1;;
02/12/2021  12:47:15,685663;9,416085E-1;1,111253E-1;1,145722E-1;9,553024E-1;;
02/12/2021  12:47:15,685763;9,413761E-1;2,479010E-2;8,677022E-2;9,551779E-1;;
02/12/2021  12:47:15,685863;9,417874E-1;1,366117E-1;1,341600E-1;9,550316E-1;;
02/12/2021  12:47:15,685963;9,409410E-1;1,299215E-1;1,180475E-1;9,548639E-1;;
02/12/2021  12:47:15,686063;9,400260E-1;1,531778E-1;1,685966E-1;9,546755E-1;;
02/12/2021  12:47:15,686163;9,391856E-1;1,114439E-1;1,186794E-1;9,544668E-1;;
02/12/2021  12:47:15,686263;9,392213E-1;1,238685E-1;1,180475E-1;9,542383E-1;;
02/12/2021  12:47:15,686363;9,392124E-1;1,037979E-1;1,749153E-1;9,539906E-1;;
02/12/2021  12:47:15,686463;9,380888E-1;1,340630E-1;1,167838E-1;9,537242E-1;;
02/12/2021  12:47:15,686563;9,375643E-1;1,104881E-1;1,676488E-1;9,534398E-1;;
02/12/2021  12:47:15,686663;9,369861E-1;1,343816E-1;1,316326E-1;9,531380E-1;;
02/12/2021  12:47:15,686763;9,377222E-1;1,471248E-1;1,480610E-1;9,528193E-1;;
02/12/2021  12:47:15,686863;9,381723E-1;1,394789E-1;1,401627E-1;9,524845E-1;;
02/12/2021  12:47:15,686963;9,376507E-1;1,331073E-1;1,284732E-1;9,521345E-1;;
02/12/2021  12:47:15,687063;9,361695E-1;1,264171E-1;1,180475E-1;9,517703E-1;;
02/12/2021  12:47:15,687163;9,359102E-1;4,294916E-2;9,845971E-2;9,513928E-1;;
02/12/2021  12:47:15,687263;9,364467E-1;1,971419E-1;1,777586E-1;9,510028E-1;;
02/12/2021  12:47:15,687363;9,367060E-1;1,331073E-1;1,313166E-1;9,506011E-1;;
02/12/2021  12:47:15,687463;9,368222E-1;1,232313E-1;1,253139E-1;9,501889E-1;;
02/12/2021  12:47:15,687563;9,360801E-1;1,203641E-1;1,227865E-1;9,497671E-1;;
02/12/2021  12:47:15,687663;9,366434E-1;1,308772E-1;1,322644E-1;9,493369E-1;;
02/12/2021  12:47:15,687763;9,377789E-1;1,362931E-1;1,436380E-1;9,488995E-1;;
02/12/2021  12:47:15,687863;9,381335E-1;1,260985E-1;1,215227E-1;9,484562E-1;;
02/12/2021  12:47:15,687963;9,374898E-1;1,178155E-1;1,253139E-1;9,480085E-1;;
02/12/2021  12:47:15,688063;9,374987E-1;1,480806E-1;1,439539E-1;9,475576E-1;;
02/12/2021  12:47:15,688163;9,381246E-1;1,155854E-1;1,259458E-1;9,471050E-1;;
02/12/2021  12:47:15,688263;9,397637E-1;1,098510E-1;1,063580E-1;9,466521E-1;;
02/12/2021  12:47:15,688363;9,398561E-1;1,143111E-1;1,227865E-1;9,462004E-1;;
02/12/2021  12:47:15,688463;9,391647E-1;1,452133E-1;1,477451E-1;9,457515E-1;;
02/12/2021  12:47:15,688563;9,388816E-1;1,509478E-1;1,344760E-1;9,453069E-1;;
02/12/2021  12:47:15,688663;9,389531E-1;1,229127E-1;1,196272E-1;9,448679E-1;;
02/12/2021  12:47:15,688763;9,396684E-1;1,703812E-1;1,736515E-1;9,444356E-1;;
02/12/2021  12:47:15,688863;9,397250E-1;1,391603E-1;1,385831E-1;9,440113E-1;;
02/12/2021  12:47:15,688963;9,396624E-1;1,487177E-1;1,370034E-1;9,435960E-1;;
02/12/2021  12:47:15,689063;9,386610E-1;1,302401E-1;1,370034E-1;9,431908E-1;;
02/12/2021  12:47:15,689163;9,387296E-1;1,210013E-1;1,278414E-1;9,427966E-1;;
02/12/2021  12:47:15,689263;9,391558E-1;1,190898E-1;9,719598E-2;9,424139E-1;;
02/12/2021  12:47:15,689363;9,390932E-1;1,499920E-1;1,373193E-1;9,420434E-1;;
02/12/2021  12:47:15,689463;9,383094E-1;1,382046E-1;1,234183E-1;9,416857E-1;;
02/12/2021  12:47:15,689563;9,375166E-1;1,318330E-1;1,341600E-1;9,413411E-1;;
02/12/2021  12:47:15,689663;9,383064E-1;1,254614E-1;1,265777E-1;9,410099E-1;;
02/12/2021  12:47:15,689763;9,388160E-1;8,149734E-2;8,234717E-2;9,406922E-1;;
02/12/2021  12:47:15,689863;9,381961E-1;1,331073E-1;1,344760E-1;9,403882E-1;;
02/12/2021  12:47:15,689963;9,372156E-1;1,168597E-1;1,193112E-1;9,400980E-1;;
02/12/2021  12:47:15,690063;9,369146E-1;1,200455E-1;1,155200E-1;9,398216E-1;;
02/12/2021  12:47:15,690163;9,374331E-1;1,251428E-1;1,221546E-1;9,395587E-1;;
02/12/2021  12:47:15,690263;9,381752E-1;2,170918E-3;4,159195E-2;9,393091E-1;;
02/12/2021  12:47:15,690363;9,377193E-1;1,334259E-1;1,275255E-1;9,390728E-1;;
02/12/2021  12:47:15,690463;9,362529E-1;1,238685E-1;1,265777E-1;9,388495E-1;;
02/12/2021  12:47:15,690563;9,359281E-1;1,178155E-1;1,231024E-1;9,386390E-1;;
02/12/2021  12:47:15,690663;9,364318E-1;1,506292E-1;1,537478E-1;9,384406E-1;;
02/12/2021  12:47:15,690763;9,376418E-1;1,509478E-1;1,366875E-1;9,382540E-1;;
02/12/2021  12:47:15,690863;9,368341E-1;1,238685E-1;1,167838E-1;9,380787E-1;;
02/12/2021  12:47:15,690963;9,358297E-1;1,053908E-1;8,677022E-2;9,379146E-1;;
02/12/2021  12:47:15,691063;9,356658E-1;1,324701E-1;1,363715E-1;9,377610E-1;;
02/12/2021  12:47:15,691163;9,360026E-1;1,334259E-1;1,237343E-1;9,376175E-1;;
02/12/2021  12:47:15,691263;9,366523E-1;1,280100E-1;1,401627E-1;9,374835E-1;;
02/12/2021  12:47:15,691363;9,363304E-1;1,238685E-1;1,262617E-1;9,373585E-1;;
02/12/2021  12:47:15,691463;9,356748E-1;1,331073E-1;1,423743E-1;9,372423E-1;;
02/12/2021  12:47:15,691563;9,359788E-1;1,308772E-1;1,351078E-1;9,371343E-1;;
02/12/2021  12:47:15,691663;9,367894E-1;9,647060E-2;9,277293E-2;9,370340E-1;;
02/12/2021  12:47:15,691763;9,376686E-1;1,302401E-1;1,265777E-1;9,369413E-1;;
02/12/2021  12:47:15,691863;9,373855E-1;1,308772E-1;1,272095E-1;9,368558E-1;;
02/12/2021  12:47:15,691963;9,368341E-1;1,305587E-1;1,253139E-1;9,367775E-1;;
02/12/2021  12:47:15,692063;9,372812E-1;-4,211170E-2;5,960007E-2;9,367062E-1;;
02/12/2021  12:47:15,692163;9,385299E-1;1,229127E-1;1,528000E-1;9,366417E-1;;
02/12/2021  12:47:15,692263;9,393763E-1;1,082581E-1;1,152041E-1;9,365840E-1;;
02/12/2021  12:47:15,692363;9,385359E-1;1,219570E-1;1,284732E-1;9,365332E-1;;
02/12/2021  12:47:15,692463;9,383302E-1;1,245056E-1;1,253139E-1;9,364895E-1;;
02/12/2021  12:47:15,692563;9,383600E-1;1,219570E-1;1,249980E-1;9,364526E-1;;
02/12/2021  12:47:15,692663;9,393465E-1;1,219570E-1;1,287892E-1;9,364227E-1;;
02/12/2021  12:47:15,692763;9,390842E-1;1,229127E-1;1,284732E-1;9,363996E-1;;
02/12/2021  12:47:15,692863;9,387743E-1;1,397975E-1;1,420583E-1;9,363834E-1;;
02/12/2021  12:47:15,692963;9,378206E-1;1,079395E-1;1,205749E-1;9,363739E-1;;
02/12/2021  12:47:15,693063;9,373139E-1;1,229127E-1;1,041465E-1;9,363708E-1;;
02/12/2021  12:47:15,693163;9,379130E-1;1,388417E-1;8,834988E-2;9,363737E-1;;
02/12/2021  12:47:15,693263;9,376775E-1;1,334259E-1;1,313166E-1;9,363823E-1;;
02/12/2021  12:47:15,693363;9,366285E-1;1,331073E-1;1,354238E-1;9,363959E-1;;
02/12/2021  12:47:15,693463;9,355943E-1;1,311958E-1;1,398468E-1;9,364142E-1;;
02/12/2021  12:47:15,693563;9,358804E-1;1,216384E-1;1,227865E-1;9,364363E-1;;
02/12/2021  12:47:15,693663;9,363871E-1;1,171783E-1;1,253139E-1;9,364616E-1;;
02/12/2021  12:47:15,693763;9,357195E-1;1,149482E-1;1,208909E-1;9,364894E-1;;
02/12/2021  12:47:15,693863;9,348492E-1;1,248242E-1;1,243661E-1;9,365190E-1;;
02/12/2021  12:47:15,693963;9,340177E-1;1,095324E-1;9,624818E-2;9,365497E-1;;
02/12/2021  12:47:15,694063;9,344379E-1;1,210013E-1;1,253139E-1;9,365808E-1;;
02/12/2021  12:47:15,694163;9,346138E-1;1,490363E-1;1,660692E-1;9,366113E-1;;
02/12/2021  12:47:15,694263;9,338121E-1;1,369303E-1;1,303688E-1;9,366408E-1;;
02/12/2021  12:47:15,694363;9,328018E-1;1,302401E-1;1,284732E-1;9,366683E-1;;
02/12/2021  12:47:15,694463;9,320716E-1;1,299215E-1;1,249980E-1;9,366933E-1;;
02/12/2021  12:47:15,694563;9,322802E-1;8,723178E-2;6,433905E-2;9,367148E-1;;
02/12/2021  12:47:15,694663;9,324262E-1;1,372488E-1;1,249980E-1;9,367321E-1;;
02/12/2021  12:47:15,694763;9,317974E-1;1,235499E-1;1,082536E-1;9,367445E-1;;
02/12/2021  12:47:15,694863;9,303639E-1;1,375674E-1;1,401627E-1;9,367514E-1;;
02/12/2021  12:47:15,694963;9,291241E-1;1,076209E-1;1,120448E-1;9,367520E-1;;
02/12/2021  12:47:15,695063;9,290466E-1;1,123996E-1;1,031987E-1;9,367454E-1;;
02/12/2021  12:47:15,695163;9,288976E-1;1,031608E-1;8,677022E-2;9,367309E-1;;
02/12/2021  12:47:15,695263;9,284148E-1;9,137332E-2;9,624818E-2;9,367076E-1;;
02/12/2021  12:47:15,695363;9,275803E-1;7,512574E-2;1,073058E-1;9,366749E-1;;
02/12/2021  12:47:15,695463;9,267398E-1;1,133553E-1;1,104651E-1;9,366320E-1;;
02/12/2021  12:47:15,695563;9,278574E-1;1,200455E-1;1,208909E-1;9,365783E-1;;
02/12/2021  12:47:15,695663;9,273866E-1;8,978042E-2;1,167838E-1;9,365134E-1;;
02/12/2021  12:47:15,695763;9,270438E-1;9,073616E-2;1,098333E-1;9,364369E-1;;
02/12/2021  12:47:15,695863;9,267428E-1;1,022050E-1;9,972343E-2;9,363486E-1;;
02/12/2021  12:47:15,695963;9,261527E-1;-8,543858E-2;1,468583E-3;9,362483E-1;;
02/12/2021  12:47:15,696063;9,271094E-1;8,659462E-2;1,006712E-1;9,361360E-1;;
02/12/2021  12:47:15,696163;9,274611E-1;8,181592E-2;9,972343E-2;9,360117E-1;;
02/12/2021  12:47:15,696263;9,276518E-1;9,838208E-2;1,145722E-1;9,358756E-1;;
02/12/2021  12:47:15,696363;9,266832E-1;9,965640E-2;1,085695E-1;9,357281E-1;;
02/12/2021  12:47:15,696463;9,268799E-1;7,831154E-2;9,909157E-2;9,355698E-1;;
02/12/2021  12:47:15,696563;9,281912E-1;9,201048E-2;1,373193E-1;9,354010E-1;;
02/12/2021  12:47:15,696663;9,277233E-1;8,022302E-2;1,047783E-1;9,352223E-1;;
02/12/2021  12:47:15,696763;9,279379E-1;9,041758E-2;1,328963E-1;9,350345E-1;;
02/12/2021  12:47:15,696863;9,274640E-1;9,201048E-2;1,054102E-1;9,348385E-1;;
02/12/2021  12:47:15,696963;9,272584E-1;1,050723E-1;1,284732E-1;9,346348E-1;;
02/12/2021  12:47:15,697063;9,277144E-1;1,108067E-1;1,101492E-1;9,344242E-1;;
02/12/2021  12:47:15,697163;9,276429E-1;1,378860E-1;1,388990E-1;9,342075E-1;;
02/12/2021  12:47:15,697263;9,277770E-1;1,525407E-1;1,606983E-1;9,339854E-1;;
02/12/2021  12:47:15,697363;9,267845E-1;1,668768E-1;1,534319E-1;9,337587E-1;;
02/12/2021  12:47:15,697463;9,271660E-1;1,120810E-1;1,584868E-1;9,335281E-1;;
02/12/2021  12:47:15,697563;9,283164E-1;1,057094E-1;1,483770E-1;9,332943E-1;;
02/12/2021  12:47:15,697663;9,279975E-1;1,821686E-1;1,616461E-1;9,330581E-1;;
02/12/2021  12:47:15,697763;9,280661E-1;1,573194E-1;1,363715E-1;9,328202E-1;;
02/12/2021  12:47:15,697863;9,277323E-1;1,585937E-1;1,543797E-1;9,325815E-1;;
02/12/2021  12:47:15,697963;9,275654E-1;1,260985E-1;1,262617E-1;9,323428E-1;;
02/12/2021  12:47:15,698063;9,284922E-1;8,277166E-2;1,028828E-1;9,321047E-1;;
02/12/2021  12:47:15,698163;9,293476E-1;1,229127E-1;1,249980E-1;9,318679E-1;;
02/12/2021  12:47:15,698263;9,285250E-1;1,184526E-1;1,218387E-1;9,316334E-1;;
02/12/2021  12:47:15,698363;9,284773E-1;1,194084E-1;1,224705E-1;9,314019E-1;;
02/12/2021  12:47:15,698463;9,291449E-1;1,216384E-1;1,287892E-1;9,311740E-1;;
02/12/2021  12:47:15,698563;9,304652E-1;9,710776E-2;6,591871E-2;9,309506E-1;;
02/12/2021  12:47:15,698663;9,303371E-1;1,229127E-1;1,275255E-1;9,307325E-1;;
02/12/2021  12:47:15,698763;9,301970E-1;1,200455E-1;1,148882E-1;9,305204E-1;;
02/12/2021  12:47:15,698863;9,291479E-1;1,034794E-1;1,208909E-1;9,303152E-1;;
02/12/2021  12:47:15,698963;9,293178E-1;1,299215E-1;1,193112E-1;9,301173E-1;;
02/12/2021  12:47:15,699063;9,302685E-1;1,283286E-1;1,351078E-1;9,299273E-1;;
02/12/2021  12:47:15,699163;9,300688E-1;1,159040E-1;1,300529E-1;9,297455E-1;;
02/12/2021  12:47:15,699263;9,302536E-1;1,190898E-1;1,221546E-1;9,295723E-1;;
02/12/2021  12:47:15,699363;9,298185E-1;1,407532E-1;1,360556E-1;9,294082E-1;;
02/12/2021  12:47:15,699463;9,306887E-1;1,614609E-1;1,654373E-1;9,292535E-1;;
02/12/2021  12:47:15,699563;9,312103E-1;1,280100E-1;1,332122E-1;9,291083E-1;;
02/12/2021  12:47:15,699663;9,311388E-1;1,206827E-1;1,287892E-1;9,289731E-1;;
02/12/2021  12:47:15,699763;9,311030E-1;1,060280E-1;1,667010E-1;9,288482E-1;;
02/12/2021  12:47:15,699863;9,307960E-1;1,372488E-1;1,357397E-1;9,287337E-1;;
02/12/2021  12:47:15,699963;9,318719E-1;1,066652E-1;1,107811E-1;9,286299E-1;;
02/12/2021  12:47:15,700063;9,330700E-1;1,127182E-1;1,351078E-1;9,285369E-1;;
02/12/2021  12:47:15,700163;9,334038E-1;1,216384E-1;1,265777E-1;9,284550E-1;;
02/12/2021  12:47:15,700263;9,330759E-1;1,267357E-1;1,395309E-1;9,283846E-1;;
02/12/2021  12:47:15,700363;9,339641E-1;1,292843E-1;1,297370E-1;9,283259E-1;;
02/12/2021  12:47:15,700463;9,349446E-1;1,063466E-1;1,136244E-1;9,282793E-1;;
02/12/2021  12:47:15,700563;9,356360E-1;1,181340E-1;1,306848E-1;9,282450E-1;;
02/12/2021  12:47:15,700663;9,359221E-1;1,299215E-1;1,249980E-1;9,282236E-1;;
02/12/2021  12:47:15,700763;9,353350E-1;1,372488E-1;1,370034E-1;9,282154E-1;;
02/12/2021  12:47:15,700863;9,360622E-1;1,229127E-1;1,411105E-1;9,282207E-1;;
02/12/2021  12:47:15,700963;9,370904E-1;1,343816E-1;1,512204E-1;9,282395E-1;;
02/12/2021  12:47:15,701063;9,374630E-1;1,251428E-1;1,328963E-1;9,282721E-1;;
02/12/2021  12:47:15,701163;9,379279E-1;1,426647E-1;1,433221E-1;9,283187E-1;;
02/12/2021  12:47:15,701263;9,378921E-1;1,219570E-1;1,275255E-1;9,283794E-1;;
02/12/2021  12:47:15,701363;9,381901E-1;1,229127E-1;1,272095E-1;9,284545E-1;;
02/12/2021  12:47:15,701463;9,394329E-1;1,292843E-1;1,341600E-1;9,285439E-1;;
02/12/2021  12:47:15,701563;9,404969E-1;1,375674E-1;1,420583E-1;9,286476E-1;;
02/12/2021  12:47:15,701663;9,399902E-1;1,302401E-1;1,310007E-1;9,287659E-1;;
02/12/2021  12:47:15,701763;9,400290E-1;1,302401E-1;1,284732E-1;9,288988E-1;;
02/12/2021  12:47:15,701863;9,406072E-1;1,273729E-1;1,152041E-1;9,290462E-1;;
02/12/2021  12:47:15,701963;9,415668E-1;1,480806E-1;1,945030E-1;9,292080E-1;;
02/12/2021  12:47:15,702063;9,420347E-1;1,104881E-1;1,234183E-1;9,293840E-1;;
02/12/2021  12:47:15,702163;9,424073E-1;1,260985E-1;1,291051E-1;9,295743E-1;;
02/12/2021  12:47:15,702263;9,423864E-1;1,025236E-1;1,208909E-1;9,297785E-1;;
02/12/2021  12:47:15,702363;9,424281E-1;1,225942E-1;1,240502E-1;9,299966E-1;;
02/12/2021  12:47:15,702463;9,442372E-1;1,372488E-1;1,433221E-1;9,302283E-1;;
02/12/2021  12:47:15,702563;9,444309E-1;1,296029E-1;1,136244E-1;9,304732E-1;;
02/12/2021  12:47:15,702663;9,443385E-1;1,292843E-1;1,316326E-1;9,307313E-1;;
02/12/2021  12:47:15,702763;9,443504E-1;8,563888E-2;7,223735E-2;9,310023E-1;;
02/12/2021  12:47:15,702863;9,442342E-1;1,337445E-1;1,363715E-1;9,312858E-1;;
02/12/2021  12:47:15,702963;9,451819E-1;1,487177E-1;1,578549E-1;9,315812E-1;;
02/12/2021  12:47:15,703063;9,446246E-1;1,286472E-1;1,275255E-1;9,318882E-1;;
02/12/2021  12:47:15,703163;9,443921E-1;1,334259E-1;1,351078E-1;9,322060E-1;;
02/12/2021  12:47:15,703263;9,446157E-1;1,496735E-1;1,439539E-1;9,325339E-1;;
02/12/2021  12:47:15,703363;9,455276E-1;5,728526E-2;6,939396E-2;9,328713E-1;;
02/12/2021  12:47:15,703463;9,462817E-1;1,254614E-1;1,202590E-1;9,332174E-1;;
02/12/2021  12:47:15,703563;9,462161E-1;1,311958E-1;1,126766E-1;9,335715E-1;;
02/12/2021  12:47:15,703663;9,460492E-1;1,299215E-1;1,338441E-1;9,339330E-1;;
02/12/2021  12:47:15,703763;9,464366E-1;1,292843E-1;1,306848E-1;9,343013E-1;;
02/12/2021  12:47:15,703863;9,468479E-1;1,251428E-1;1,104651E-1;9,346758E-1;;
02/12/2021  12:47:15,703963;9,481473E-1;1,028422E-1;9,150920E-2;9,350557E-1;;
02/12/2021  12:47:15,704063;9,478731E-1;1,210013E-1;1,114129E-1;9,354405E-1;;
02/12/2021  12:47:15,704163;9,483917E-1;1,210013E-1;1,237343E-1;9,358297E-1;;
02/12/2021  12:47:15,704263;9,489937E-1;1,225942E-1;1,186794E-1;9,362229E-1;;
02/12/2021  12:47:15,704363;9,501411E-1;1,292843E-1;1,310007E-1;9,366197E-1;;
02/12/2021  12:47:15,704463;9,507730E-1;1,181340E-1;1,332122E-1;9,370197E-1;;
02/12/2021  12:47:15,704563;9,507312E-1;1,280100E-1;1,291051E-1;9,374228E-1;;
02/12/2021  12:47:15,704663;9,507610E-1;1,506292E-1;1,341600E-1;9,378287E-1;;
02/12/2021  12:47:15,704763;9,506925E-1;1,710183E-1;1,793383E-1;9,382371E-1;;
02/12/2021  12:47:15,704863;9,520545E-1;1,206827E-1;1,284732E-1;9,386477E-1;;
02/12/2021  12:47:15,704963;9,527906E-1;1,321516E-1;1,347919E-1;9,390603E-1;;
02/12/2021  12:47:15,705063;9,527668E-1;1,340630E-1;1,319485E-1;9,394747E-1;;
02/12/2021  12:47:15,705163;9,526714E-1;1,235499E-1;1,155200E-1;9,398907E-1;;
02/12/2021  12:47:15,705263;9,533599E-1;1,171783E-1;1,284732E-1;9,403081E-1;;
02/12/2021  12:47:15,705363;9,541735E-1;1,429833E-1;1,600664E-1;9,407267E-1;;
02/12/2021  12:47:15,705463;9,547040E-1;1,372488E-1;1,401627E-1;9,411463E-1;;
02/12/2021  12:47:15,705563;9,545967E-1;1,404346E-1;1,509044E-1;9,415668E-1;;
02/12/2021  12:47:15,705663;9,547934E-1;1,401161E-1;1,341600E-1;9,419880E-1;;
02/12/2021  12:47:15,705763;9,551481E-1;1,793014E-1;1,164678E-1;9,424099E-1;;
02/12/2021  12:47:15,705863;9,559945E-1;1,041165E-1;1,060421E-1;9,428321E-1;;
02/12/2021  12:47:15,705963;9,562746E-1;1,356559E-1;1,322644E-1;9,432545E-1;;
02/12/2021  12:47:15,706063;9,562627E-1;1,433019E-1;1,436380E-1;9,436770E-1;;
02/12/2021  12:47:15,706163;9,561465E-1;1,378860E-1;1,310007E-1;9,440994E-1;;
02/12/2021  12:47:15,706263;9,564832E-1;1,190898E-1;1,183634E-1;9,445215E-1;;
02/12/2021  12:47:15,706363;9,576187E-1;1,930003E-1;1,670170E-1;9,449431E-1;;
02/12/2021  12:47:15,706463;9,570644E-1;1,311958E-1;1,259458E-1;9,453638E-1;;
02/12/2021  12:47:15,706563;9,564862E-1;1,168597E-1;1,035146E-1;9,457834E-1;;
02/12/2021  12:47:15,706663;9,557501E-1;1,270543E-1;1,395309E-1;9,462017E-1;;
02/12/2021  12:47:15,706763;9,556726E-1;1,420275E-1;1,376353E-1;9,466180E-1;;
02/12/2021  12:47:15,706863;9,567664E-1;1,009307E-1;8,645429E-2;9,470317E-1;;
02/12/2021  12:47:15,706963;9,559647E-1;1,139925E-1;1,158360E-1;9,474421E-1;;
02/12/2021  12:47:15,707063;9,556905E-1;1,187712E-1;1,117289E-1;9,478488E-1;;
02/12/2021  12:47:15,707163;9,539142E-1;1,783457E-1;1,651214E-1;9,482510E-1;;
02/12/2021  12:47:15,707263;9,546772E-1;1,550893E-1;1,464814E-1;9,486479E-1;;
02/12/2021  12:47:15,707363;9,554640E-1;1,423461E-1;1,019350E-1;9,490386E-1;;
02/12/2021  12:47:15,707463;9,548023E-1;1,391603E-1;1,332122E-1;9,494223E-1;;
02/12/2021  12:47:15,707563;9,538457E-1;1,401161E-1;1,360556E-1;9,497984E-1;;
02/12/2021  12:47:15,707663;9,537026E-1;1,334259E-1;1,240502E-1;9,501661E-1;;
02/12/2021  12:47:15,707763;9,540275E-1;1,155854E-1;8,708615E-2;9,505245E-1;;
02/12/2021  12:47:15,707863;9,543702E-1;9,965640E-2;7,508074E-2;9,508729E-1;;
02/12/2021  12:47:15,707963;9,532973E-1;1,133553E-1;1,120448E-1;9,512107E-1;;
02/12/2021  12:47:15,708063;9,528532E-1;1,337445E-1;1,376353E-1;9,515373E-1;;
02/12/2021  12:47:15,708163;9,525492E-1;1,241871E-1;1,262617E-1;9,518520E-1;;
02/12/2021  12:47:15,708263;9,521320E-1;9,997498E-2;9,435259E-2;9,521541E-1;;
02/12/2021  12:47:15,708363;9,526893E-1;8,086018E-2;8,771802E-2;9,524429E-1;;
02/12/2021  12:47:15,708463;9,523436E-1;1,139925E-1;1,041465E-1;9,527179E-1;;
02/12/2021  12:47:15,708563;9,510650E-1;6,174538E-2;1,701763E-1;9,529787E-1;;
02/12/2021  12:47:15,708663;9,505614E-1;9,997498E-2;1,114129E-1;9,532246E-1;;
02/12/2021  12:47:15,708763;9,507461E-1;1,069837E-1;1,139404E-1;9,534552E-1;;
02/12/2021  12:47:15,708863;9,516700E-1;9,965640E-2;1,316326E-1;9,536700E-1;;
02/12/2021  12:47:15,708963;9,507253E-1;1,181340E-1;1,249980E-1;9,538685E-1;;
02/12/2021  12:47:15,709063;9,499206E-1;1,139925E-1;1,354238E-1;9,540508E-1;;
02/12/2021  12:47:15,709163;9,494229E-1;9,870066E-2;1,126766E-1;9,542164E-1;;
02/12/2021  12:47:15,709263;9,496792E-1;9,774492E-2;1,044624E-1;9,543651E-1;;
02/12/2021  12:47:15,709363;9,500905E-1;1,092138E-1;1,205749E-1;9,544967E-1;;
02/12/2021  12:47:15,709463;9,496703E-1;1,165411E-1;1,183634E-1;9,546112E-1;;
02/12/2021  12:47:15,709563;9,495630E-1;9,041758E-2;9,877564E-2;9,547086E-1;;
02/12/2021  12:47:15,709663;9,488894E-1;-2,140400E-2;2,895467E-2;9,547891E-1;;
02/12/2021  12:47:15,709763;9,496315E-1;8,277166E-2;1,066739E-1;9,548528E-1;;
02/12/2021  12:47:15,709863;9,495928E-1;1,127182E-1;1,243661E-1;9,548999E-1;;
02/12/2021  12:47:15,709963;9,487523E-1;1,098510E-1;1,208909E-1;9,549308E-1;;
02/12/2021  12:47:15,710063;9,482278E-1;1,082581E-1;1,123607E-1;9,549458E-1;;
02/12/2021  12:47:15,710163;9,477092E-1;1,092138E-1;1,107811E-1;9,549452E-1;;
02/12/2021  12:47:15,710263;9,476794E-1;1,687883E-1;1,594346E-1;9,549291E-1;;
02/12/2021  12:47:15,710363;9,479924E-1;1,869473E-1;1,629098E-1;9,548980E-1;;
02/12/2021  12:47:15,710463;9,471787E-1;1,659210E-1;1,584868E-1;9,548521E-1;;
02/12/2021  12:47:15,710563;9,463383E-1;1,722926E-1;1,537478E-1;9,547917E-1;;
02/12/2021  12:47:15,710663;9,454651E-1;1,783457E-1;1,565912E-1;9,547172E-1;;
02/12/2021  12:47:15,710763;9,452445E-1;1,780271E-1;1,531159E-1;9,546287E-1;;
02/12/2021  12:47:15,710863;9,448988E-1;1,534964E-1;1,392149E-1;9,545264E-1;;
02/12/2021  12:47:15,710963;9,443921E-1;1,433019E-1;1,398468E-1;9,544105E-1;;
02/12/2021  12:47:15,711063;9,438646E-1;7,586778E-3;9,751191E-2;9,542810E-1;;
02/12/2021  12:47:15,711163;9,436620E-1;7,257710E-2;1,218387E-1;9,541383E-1;;
02/12/2021  12:47:15,711263;9,435547E-1;2,702016E-2;8,550650E-2;9,539824E-1;;
02/12/2021  12:47:15,711363;9,433192E-1;1,213198E-1;1,259458E-1;9,538138E-1;;
02/12/2021  12:47:15,711463;9,430033E-1;1,260985E-1;1,177316E-1;9,536326E-1;;
02/12/2021  12:47:15,711563;9,418768E-1;1,372488E-1;1,370034E-1;9,534393E-1;;
02/12/2021  12:47:15,711663;9,424758E-1;1,159040E-1;1,351078E-1;9,532340E-1;;
02/12/2021  12:47:15,711763;9,428454E-1;1,347002E-1;1,407946E-1;9,530173E-1;;
02/12/2021  12:47:15,711863;9,427977E-1;1,133553E-1;1,174156E-1;9,527896E-1;;
02/12/2021  12:47:15,711963;9,425861E-1;1,302401E-1;1,300529E-1;9,525515E-1;;
02/12/2021  12:47:15,712063;9,422553E-1;1,280100E-1;1,196272E-1;9,523037E-1;;
02/12/2021  12:47:15,712163;9,428901E-1;6,939130E-2;5,865227E-2;9,520469E-1;;
02/12/2021  12:47:15,712263;9,427381E-1;1,194084E-1;1,202590E-1;9,517818E-1;;
02/12/2021  12:47:15,712363;9,422493E-1;1,260985E-1;1,246821E-1;9,515092E-1;;
02/12/2021  12:47:15,712463;9,420288E-1;1,334259E-1;1,363715E-1;9,512298E-1;;
02/12/2021  12:47:15,712563;9,402376E-1;1,190898E-1;1,148882E-1;9,509444E-1;;
02/12/2021  12:47:15,712663;9,404313E-1;1,108067E-1;9,498445E-2;9,506534E-1;;
02/12/2021  12:47:15,712763;9,396714E-1;9,997498E-2;1,095173E-1;9,503573E-1;;
02/12/2021  12:47:15,712863;9,396982E-1;1,267357E-1;1,347919E-1;9,500565E-1;;
02/12/2021  12:47:15,712963;9,386163E-1;1,222756E-1;1,297370E-1;9,497512E-1;;
02/12/2021  12:47:15,713063;9,371351E-1;1,159040E-1;1,088855E-1;9,494417E-1;;
02/12/2021  12:47:15,713163;9,370248E-1;1,280100E-1;1,284732E-1;9,491281E-1;;
02/12/2021  12:47:15,713263;9,360861E-1;1,206827E-1;1,496407E-1;9,488104E-1;;
02/12/2021  12:47:15,713363;9,350251E-1;1,270543E-1;1,268936E-1;9,484885E-1;;
02/12/2021  12:47:15,713463;9,343247E-1;1,684697E-1;1,606983E-1;9,481622E-1;;
02/12/2021  12:47:15,713563;9,322832E-1;1,334259E-1;1,559593E-1;9,478312E-1;;
02/12/2021  12:47:15,713663;9,332548E-1;1,069837E-1;1,325804E-1;9,474953E-1;;
02/12/2021  12:47:15,713763;9,327600E-1;1,334259E-1;1,338441E-1;9,471540E-1;;
02/12/2021  12:47:15,713863;9,324590E-1;1,359745E-1;1,357397E-1;9,468071E-1;;
02/12/2021  12:47:15,713963;9,320925E-1;1,168597E-1;1,237343E-1;9,464546E-1;;
02/12/2021  12:47:15,714063;9,316007E-1;1,241871E-1;1,259458E-1;9,460963E-1;;
02/12/2021  12:47:15,714163;9,330640E-1;1,321516E-1;1,588027E-1;9,457322E-1;;
02/12/2021  12:47:15,714263;9,329269E-1;1,219570E-1;1,243661E-1;9,453627E-1;;
02/12/2021  12:47:15,714363;9,324859E-1;1,060280E-1;1,246821E-1;9,449881E-1;;
02/12/2021  12:47:15,714463;9,322504E-1;1,114439E-1;9,372073E-2;9,446088E-1;;
02/12/2021  12:47:15,714563;9,322444E-1;1,206827E-1;1,243661E-1;9,442254E-1;;
02/12/2021  12:47:15,714663;9,323577E-1;1,187712E-1;1,218387E-1;9,438384E-1;;
02/12/2021  12:47:15,714763;9,329061E-1;1,139925E-1;1,227865E-1;9,434483E-1;;
02/12/2021  12:47:15,714863;9,333263E-1;1,139925E-1;1,237343E-1;9,430558E-1;;
02/12/2021  12:47:15,714963;9,322266E-1;1,133553E-1;1,193112E-1;9,426618E-1;;
02/12/2021  12:47:15,715063;9,322266E-1;1,210013E-1;1,284732E-1;9,422669E-1;;
02/12/2021  12:47:15,715163;9,326647E-1;1,311958E-1;1,294210E-1;9,418719E-1;;
02/12/2021  12:47:15,715263;9,331385E-1;1,219570E-1;1,265777E-1;9,414775E-1;;
02/12/2021  12:47:15,715363;9,328614E-1;1,245056E-1;1,319485E-1;9,410844E-1;;
02/12/2021  12:47:15,715463;9,319494E-1;7,831154E-2;1,079377E-1;9,406934E-1;;
02/12/2021  12:47:15,715563;9,320686E-1;1,340630E-1;1,695444E-1;9,403053E-1;;
02/12/2021  12:47:15,715663;9,329716E-1;7,130278E-2;1,054102E-1;9,399206E-1;;
02/12/2021  12:47:15,715763;9,341727E-1;1,133553E-1;1,243661E-1;9,395401E-1;;
02/12/2021  12:47:15,715863;9,343426E-1;1,210013E-1;1,221546E-1;9,391646E-1;;
02/12/2021  12:47:15,715963;9,339462E-1;1,092138E-1;1,240502E-1;9,387951E-1;;
02/12/2021  12:47:15,716063;9,353767E-1;1,082581E-1;1,120448E-1;9,384326E-1;;
02/12/2021  12:47:15,716163;9,362857E-1;1,104881E-1;7,539667E-2;9,380779E-1;;
02/12/2021  12:47:15,716263;9,364765E-1;1,203641E-1;1,249980E-1;9,377323E-1;;
02/12/2021  12:47:15,716363;9,375285E-1;1,359745E-1;1,291051E-1;9,373968E-1;;
02/12/2021  12:47:15,716463;9,367238E-1;1,270543E-1;1,177316E-1;9,370726E-1;;
02/12/2021  12:47:15,716563;9,377520E-1;1,095324E-1;9,435259E-2;9,367608E-1;;
02/12/2021  12:47:15,716663;9,379607E-1;4,517922E-2;5,802041E-2;9,364623E-1;;
02/12/2021  12:47:15,716763;9,383898E-1;1,101695E-1;1,253139E-1;9,361779E-1;;
02/12/2021  12:47:15,716863;9,377848E-1;1,264171E-1;1,249980E-1;9,359086E-1;;
02/12/2021  12:47:15,716963;9,373318E-1;1,136739E-1;1,126766E-1;9,356551E-1;;
02/12/2021  12:47:15,717063;9,377193E-1;2,383436E-2;8,898175E-2;9,354177E-1;;
02/12/2021  12:47:15,717163;9,379994E-1;1,267357E-1;1,310007E-1;9,351969E-1;;
02/12/2021  12:47:15,717263;9,378683E-1;8,563888E-2;8,803395E-2;9,349929E-1;;
02/12/2021  12:47:15,717363;9,378146E-1;1,254614E-1;1,294210E-1;9,348058E-1;;
02/12/2021  12:47:15,717463;9,374480E-1;9,806350E-2;1,101492E-1;9,346358E-1;;
02/12/2021  12:47:15,717563;9,381514E-1;1,181340E-1;1,237343E-1;9,344827E-1;;
02/12/2021  12:47:15,717663;9,390097E-1;1,566822E-1;1,777586E-1;9,343466E-1;;
02/12/2021  12:47:15,717763;9,397608E-1;1,420275E-1;1,265777E-1;9,342274E-1;;
02/12/2021  12:47:15,717863;9,396296E-1;1,525407E-1;1,455336E-1;9,341251E-1;;
02/12/2021  12:47:15,717963;9,388458E-1;1,656025E-1;1,619620E-1;9,340397E-1;;
02/12/2021  12:47:15,718063;9,406906E-1;7,193994E-2;1,256299E-1;9,339712E-1;;
02/12/2021  12:47:15,718163;9,411585E-1;1,171783E-1;1,287892E-1;9,339195E-1;;
02/12/2021  12:47:15,718263;9,418827E-1;1,108067E-1;1,107811E-1;9,338844E-1;;
02/12/2021  12:47:15,718363;9,414089E-1;1,133553E-1;1,189953E-1;9,338661E-1;;
02/12/2021  12:47:15,718463;9,408605E-1;1,159040E-1;1,170997E-1;9,338646E-1;;
02/12/2021  12:47:15,718563;9,419006E-1;1,550893E-1;1,771268E-1;9,338795E-1;;
02/12/2021  12:47:15,718663;9,420616E-1;1,289658E-1;1,275255E-1;9,339106E-1;;
02/12/2021  12:47:15,718763;9,425682E-1;1,276914E-1;1,313166E-1;9,339576E-1;;
02/12/2021  12:47:15,718863;9,424669E-1;8,309024E-2;9,119327E-2;9,340203E-1;;
02/12/2021  12:47:15,718963;9,416711E-1;1,286472E-1;1,322644E-1;9,340982E-1;;
02/12/2021  12:47:15,719063;9,433133E-1;6,524976E-2;1,316326E-1;9,341909E-1;;
02/12/2021  12:47:15,719163;9,435547E-1;1,162226E-1;1,246821E-1;9,342980E-1;;
02/12/2021  12:47:15,719263;9,432745E-1;1,257800E-1;1,458495E-1;9,344191E-1;;
02/12/2021  12:47:15,719363;9,427798E-1;1,340630E-1;1,341600E-1;9,345536E-1;;
02/12/2021  12:47:15,719463;9,424460E-1;1,378860E-1;1,376353E-1;9,347010E-1;;
02/12/2021  12:47:15,719563;9,431076E-1;1,136739E-1;1,246821E-1;9,348606E-1;;
02/12/2021  12:47:15,719663;9,440196E-1;1,152668E-1;1,164678E-1;9,350317E-1;;
02/12/2021  12:47:15,719763;9,446753E-1;1,187712E-1;1,322644E-1;9,352136E-1;;
02/12/2021  12:47:15,719863;9,442521E-1;1,149482E-1;1,404787E-1;9,354058E-1;;
02/12/2021  12:47:15,719963;9,448869E-1;1,296029E-1;1,310007E-1;9,356078E-1;;
02/12/2021  12:47:15,720063;9,460522E-1;1,706997E-1;1,676488E-1;9,358191E-1;;
02/12/2021  12:47:15,720163;9,466393E-1;1,391603E-1;1,246821E-1;9,360394E-1;;
02/12/2021  12:47:15,720263;9,472830E-1;1,181340E-1;9,909157E-2;9,362682E-1;;
02/12/2021  12:47:15,720363;9,465409E-1;1,573194E-1;1,483770E-1;9,365055E-1;;
02/12/2021  12:47:15,720463;9,466006E-1;1,302401E-1;1,392149E-1;9,367509E-1;;
02/12/2021  12:47:15,720563;9,482397E-1;5,155082E-2;1,430061E-1;9,370040E-1;;
02/12/2021  12:47:15,720663;9,491278E-1;1,251428E-1;1,310007E-1;9,372645E-1;;
02/12/2021  12:47:15,720763;9,499892E-1;1,388417E-1;1,262617E-1;9,375322E-1;;
02/12/2021  12:47:15,720863;9,491189E-1;1,283286E-1;1,243661E-1;9,378071E-1;;
02/12/2021  12:47:15,720963;9,500577E-1;8,723178E-2;1,035146E-1;9,380891E-1;;
02/12/2021  12:47:15,721063;9,519293E-1;1,127182E-1;1,180475E-1;9,383781E-1;;
02/12/2021  12:47:15,721163;9,522274E-1;1,159040E-1;1,259458E-1;9,386740E-1;;
02/12/2021  12:47:15,721263;9,522750E-1;1,127182E-1;1,164678E-1;9,389770E-1;;
02/12/2021  12:47:15,721363;9,512051E-1;1,015679E-1;1,158360E-1;9,392869E-1;;
02/12/2021  12:47:15,721463;9,519949E-1;9,551486E-2;8,992954E-2;9,396038E-1;;
02/12/2021  12:47:15,721563;9,524926E-1;1,232313E-1;1,193112E-1;9,399272E-1;;
02/12/2021  12:47:15,721663;9,532645E-1;1,060280E-1;1,196272E-1;9,402570E-1;;
02/12/2021  12:47:15,721763;9,530082E-1;1,079395E-1;1,193112E-1;9,405929E-1;;
02/12/2021  12:47:15,721863;9,511813E-1;7,448858E-2;8,898175E-2;9,409345E-1;;
02/12/2021  12:47:15,721963;9,523019E-1;9,328480E-2;1,025668E-1;9,412813E-1;;
02/12/2021  12:47:15,722063;9,526833E-1;1,108067E-1;1,461654E-1;9,416328E-1;;
02/12/2021  12:47:15,722163;9,537801E-1;1,095324E-1;1,117289E-1;9,419882E-1;;
02/12/2021  12:47:15,722263;9,525552E-1;1,187712E-1;1,670170E-1;9,423472E-1;;
02/12/2021  12:47:15,722363;9,518816E-1;2,956880E-2;1,471132E-1;9,427091E-1;;
02/12/2021  12:47:15,722463;9,528413E-1;4,836502E-2;9,214107E-2;9,430732E-1;;
02/12/2021  12:47:15,722563;9,535774E-1;9,009900E-2;1,101492E-1;9,434389E-1;;
02/12/2021  12:47:15,722663;9,545311E-1;1,031608E-1;1,186794E-1;9,438055E-1;;
02/12/2021  12:47:15,722763;9,537712E-1;9,519628E-2;1,215227E-1;9,441726E-1;;
02/12/2021  12:47:15,722863;9,536221E-1;1,257800E-1;1,534319E-1;9,445398E-1;;
02/12/2021  12:47:15,722963;9,546414E-1;1,748413E-1;1,837613E-1;9,449066E-1;;
02/12/2021  12:47:15,723063;9,563283E-1;1,299215E-1;1,325804E-1;9,452724E-1;;
02/12/2021  12:47:15,723163;9,565011E-1;1,643281E-1;1,521681E-1;9,456372E-1;;
02/12/2021  12:47:15,723263;9,558097E-1;1,745227E-1;1,537478E-1;9,460009E-1;;
02/12/2021  12:47:15,723363;9,555057E-1;1,879031E-1;1,644895E-1;9,463631E-1;;
02/12/2021  12:47:15,723463;9,563104E-1;1,404346E-1;1,407946E-1;9,467238E-1;;
02/12/2021  12:47:15,723563;9,566322E-1;1,703812E-1;1,550115E-1;9,470826E-1;;
02/12/2021  12:47:15,723663;9,568647E-1;1,630538E-1;1,512204E-1;9,474393E-1;;
02/12/2021  12:47:15,723763;9,555116E-1;1,286472E-1;1,287892E-1;9,477936E-1;;
02/12/2021  12:47:15,723863;9,551481E-1;6,556834E-2;1,114129E-1;9,481452E-1;;
02/12/2021  12:47:15,723963;9,556219E-1;1,327887E-1;1,420583E-1;9,484935E-1;;
02/12/2021  12:47:15,724063;9,559468E-1;1,286472E-1;1,287892E-1;9,488381E-1;;
02/12/2021  12:47:15,724163;9,549901E-1;1,248242E-1;1,316326E-1;9,491784E-1;;
02/12/2021  12:47:15,724263;9,529665E-1;1,729298E-1;1,518522E-1;9,495139E-1;;
02/12/2021  12:47:15,724363;9,522959E-1;1,464877E-1;1,392149E-1;9,498437E-1;;
02/12/2021  12:47:15,724463;9,516492E-1;1,356559E-1;1,354238E-1;9,501667E-1;;
02/12/2021  12:47:15,724563;9,511872E-1;1,257800E-1;1,262617E-1;9,504819E-1;;
02/12/2021  12:47:15,724663;9,501382E-1;1,350188E-1;1,373193E-1;9,507881E-1;;
02/12/2021  12:47:15,724763;9,484513E-1;1,241871E-1;1,338441E-1;9,510840E-1;;
02/12/2021  12:47:15,724863;9,472622E-1;1,461691E-1;1,373193E-1;9,513683E-1;;
02/12/2021  12:47:15,724963;9,472115E-1;4,326774E-2;7,981972E-2;9,516394E-1;;
02/12/2021  12:47:15,725063;9,470387E-1;1,203641E-1;1,265777E-1;9,518961E-1;;
02/12/2021  12:47:15,725163;9,453399E-1;1,108067E-1;1,170997E-1;9,521368E-1;;
02/12/2021  12:47:15,725263;9,437305E-1;1,245056E-1;1,158360E-1;9,523604E-1;;
02/12/2021  12:47:15,725363;9,440733E-1;1,206827E-1;1,063580E-1;9,525655E-1;;
02/12/2021  12:47:15,725463;9,442044E-1;8,882468E-2;1,161519E-1;9,527507E-1;;
02/12/2021  12:47:15,725563;9,441835E-1;1,483991E-1;1,449017E-1;9,529151E-1;;
02/12/2021  12:47:15,725663;9,438795E-1;1,404346E-1;1,417424E-1;9,530579E-1;;
02/12/2021  12:47:15,725763;9,424609E-1;1,385232E-1;1,376353E-1;9,531784E-1;;
02/12/2021  12:47:15,725863;9,427589E-1;1,101695E-1;1,006712E-1;9,532761E-1;;
02/12/2021  12:47:15,725963;9,431047E-1;1,426647E-1;1,338441E-1;9,533505E-1;;
02/12/2021  12:47:15,726063;9,435726E-1;1,305587E-1;1,044624E-1;9,534013E-1;;
02/12/2021  12:47:15,726163;9,426487E-1;1,372488E-1;1,297370E-1;9,534287E-1;;
02/12/2021  12:47:15,726263;9,411824E-1;1,232313E-1;1,322644E-1;9,534328E-1;;
02/12/2021  12:47:15,726363;9,409559E-1;1,525407E-1;1,483770E-1;9,534135E-1;;
02/12/2021  12:47:15,726463;9,411079E-1;1,570008E-1;1,708081E-1;9,533710E-1;;
02/12/2021  12:47:15,726563;9,403568E-1;1,028422E-1;1,050943E-1;9,533054E-1;;
02/12/2021  12:47:15,726663;9,391468E-1;1,082581E-1;1,262617E-1;9,532169E-1;;
02/12/2021  12:47:15,726763;9,378772E-1;1,378860E-1;1,398468E-1;9,531058E-1;;
02/12/2021  12:47:15,726863;9,370457E-1;3,880762E-2;9,561632E-2;9,529722E-1;;
02/12/2021  12:47:15,726963;9,373825E-1;1,136739E-1;1,189953E-1;9,528160E-1;;
02/12/2021  12:47:15,727063;9,375375E-1;1,362931E-1;1,328963E-1;9,526376E-1;;
02/12/2021  12:47:15,727163;9,361129E-1;1,459554E-2;6,623464E-2;9,524372E-1;;
02/12/2021  12:47:15,727263;9,351711E-1;1,455319E-1;1,692285E-1;9,522152E-1;;
02/12/2021  12:47:15,727363;9,363066E-1;1,203641E-1;1,212068E-1;9,519720E-1;;
02/12/2021  12:47:15,727463;9,373348E-1;1,187712E-1;1,224705E-1;9,517082E-1;;
02/12/2021  12:47:15,727563;9,375077E-1;1,210013E-1;1,224705E-1;9,514246E-1;;
02/12/2021  12:47:15,727663;9,365480E-1;1,321516E-1;1,268936E-1;9,511224E-1;;
02/12/2021  12:47:15,727763;9,368788E-1;1,439390E-1;1,101492E-1;9,508025E-1;;
02/12/2021  12:47:15,727863;9,375613E-1;1,458505E-1;1,471132E-1;9,504663E-1;;
02/12/2021  12:47:15,727963;9,382706E-1;1,111253E-1;1,186794E-1;9,501150E-1;;
02/12/2021  12:47:15,728063;9,384792E-1;1,407532E-1;1,632258E-1;9,497501E-1;;
02/12/2021  12:47:15,728163;9,366493E-1;1,410718E-1;1,392149E-1;9,493732E-1;;
02/12/2021  12:47:15,728263;9,362500E-1;1,162226E-1;1,193112E-1;9,489856E-1;;
02/12/2021  12:47:15,728363;9,364765E-1;1,225942E-1;1,205749E-1;9,485886E-1;;
02/12/2021  12:47:15,728463;9,363573E-1;1,219570E-1;1,249980E-1;9,481834E-1;;
02/12/2021  12:47:15,728563;9,357195E-1;1,541336E-1;1,505885E-1;9,477711E-1;;
02/12/2021  12:47:15,728663;9,347807E-1;3,371034E-2;7,634447E-2;9,473528E-1;;
02/12/2021  12:47:15,728763;9,340386E-1;1,222756E-1;1,253139E-1;9,469294E-1;;
02/12/2021  12:47:15,728863;9,343485E-1;1,586986E-2;8,234717E-2;9,465018E-1;;
02/12/2021  12:47:15,728963;9,336899E-1;1,216384E-1;1,275255E-1;9,460707E-1;;
02/12/2021  12:47:15,729063;9,335409E-1;1,146297E-1;1,041465E-1;9,456369E-1;;
02/12/2021  12:47:15,729163;9,326200E-1;6,907272E-2;5,770448E-2;9,452009E-1;;
02/12/2021  12:47:15,729263;9,316871E-1;1,713369E-1;1,170997E-1;9,447635E-1;;
02/12/2021  12:47:15,729363;9,320597E-1;1,464877E-1;1,509044E-1;9,443250E-1;;
02/12/2021  12:47:15,729463;9,325335E-1;1,426647E-1;1,430061E-1;9,438860E-1;;
02/12/2021  12:47:15,729563;9,315798E-1;1,280100E-1;1,265777E-1;9,434470E-1;;
02/12/2021  12:47:15,729663;9,302149E-1;1,178155E-1;1,101492E-1;9,430084E-1;;
02/12/2021  12:47:15,729763;9,302774E-1;1,216384E-1;1,275255E-1;9,425707E-1;;
02/12/2021  12:47:15,729863;9,305159E-1;1,200455E-1;1,063580E-1;9,421340E-1;;
02/12/2021  12:47:15,729963;9,297827E-1;1,433019E-1;1,344760E-1;9,416987E-1;;
02/12/2021  12:47:15,730063;9,291837E-1;1,079395E-1;1,199431E-1;9,412652E-1;;
02/12/2021  12:47:15,730163;9,272167E-1;1,155854E-1;1,167838E-1;9,408335E-1;;
02/12/2021  12:47:15,730263;9,271899E-1;1,347002E-1;1,420583E-1;9,404036E-1;;
02/12/2021  12:47:15,730363;9,265193E-1;1,401161E-1;1,212068E-1;9,399756E-1;;
02/12/2021  12:47:15,730463;9,273657E-1;1,181340E-1;1,240502E-1;9,395491E-1;;
02/12/2021  12:47:15,730563;9,259411E-1;1,267357E-1;1,287892E-1;9,391243E-1;;
02/12/2021  12:47:15,730663;9,249695E-1;1,200455E-1;1,114129E-1;9,387010E-1;;
02/12/2021  12:47:15,730763;9,256133E-1;1,085766E-1;1,249980E-1;9,382792E-1;;
02/12/2021  12:47:15,730863;9,258636E-1;1,506292E-1;1,717559E-1;9,378587E-1;;
02/12/2021  12:47:15,730963;9,257146E-1;1,127182E-1;1,183634E-1;9,374396E-1;;
02/12/2021  12:47:15,731063;9,249129E-1;8,850610E-2;9,403666E-2;9,370221E-1;;
02/12/2021  12:47:15,731163;9,240844E-1;1,216384E-1;1,281573E-1;9,366062E-1;;
02/12/2021  12:47:15,731263;9,240814E-1;7,576290E-2;1,730197E-1;9,361921E-1;;
02/12/2021  12:47:15,731363;9,248950E-1;1,327887E-1;1,338441E-1;9,357797E-1;;
02/12/2021  12:47:15,731463;9,248444E-1;9,965640E-2;1,155200E-1;9,353693E-1;;
02/12/2021  12:47:15,731563;9,241708E-1;1,267357E-1;1,256299E-1;9,349610E-1;;
02/12/2021  12:47:15,731663;9,231128E-1;1,318330E-1;1,316326E-1;9,345552E-1;;
02/12/2021  12:47:15,731763;9,238907E-1;1,311958E-1;1,227865E-1;9,341521E-1;;
02/12/2021  12:47:15,731863;9,246208E-1;1,238685E-1;1,278414E-1;9,337518E-1;;
02/12/2021  12:47:15,731963;9,244808E-1;1,573194E-1;1,793383E-1;9,333546E-1;;
02/12/2021  12:47:15,732063;9,231605E-1;1,448948E-1;1,379512E-1;9,329611E-1;;
02/12/2021  12:47:15,732163;9,223469E-1;1,206827E-1;1,253139E-1;9,325714E-1;;
02/12/2021  12:47:15,732263;9,238460E-1;9,870066E-2;1,366875E-1;9,321859E-1;;
02/12/2021  12:47:15,732363;9,246387E-1;1,114439E-1;1,218387E-1;9,318046E-1;;
02/12/2021  12:47:15,732463;9,249159E-1;1,480806E-1;1,638576E-1;9,314282E-1;;
02/12/2021  12:47:15,732563;9,241678E-1;1,178155E-1;1,246821E-1;9,310571E-1;;
02/12/2021  12:47:15,732663;9,236999E-1;9,901924E-2;1,088855E-1;9,306920E-1;;
02/12/2021  12:47:15,732763;9,247430E-1;1,334259E-1;1,297370E-1;9,303333E-1;;
02/12/2021  12:47:15,732863;9,258487E-1;1,190898E-1;1,265777E-1;9,299814E-1;;
02/12/2021  12:47:15,732963;9,256580E-1;1,069837E-1;9,372073E-2;9,296370E-1;;
02/12/2021  12:47:15,733063;9,248265E-1;1,216384E-1;1,452176E-1;9,293007E-1;;
02/12/2021  12:47:15,733163;9,244212E-1;1,283286E-1;1,234183E-1;9,289732E-1;;
02/12/2021  12:47:15,733263;9,252318E-1;1,324701E-1;1,594346E-1;9,286547E-1;;
02/12/2021  12:47:15,733363;9,269932E-1;1,321516E-1;1,328963E-1;9,283458E-1;;
02/12/2021  12:47:15,733463;9,261766E-1;3,530324E-2;5,612482E-2;9,280469E-1;;
02/12/2021  12:47:15,733563;9,254702E-1;2,510868E-2;6,876210E-2;9,277587E-1;;
02/12/2021  12:47:15,733663;9,258219E-1;1,190898E-1;1,221546E-1;9,274816E-1;;
02/12/2021  12:47:15,733763;9,269246E-1;1,334259E-1;1,183634E-1;9,272159E-1;;
02/12/2021  12:47:15,733863;9,274819E-1;1,076209E-1;1,193112E-1;9,269621E-1;;
02/12/2021  12:47:15,733963;9,276578E-1;1,050723E-1;1,161519E-1;9,267205E-1;;
02/12/2021  12:47:15,734063;9,263703E-1;1,041165E-1;1,000394E-1;9,264918E-1;;
02/12/2021  12:47:15,734163;9,264776E-1;1,213198E-1;1,490088E-1;9,262761E-1;;
02/12/2021  12:47:15,734263;9,273329E-1;4,231200E-2;8,961361E-2;9,260735E-1;;
02/12/2021  12:47:15,734363;9,273508E-1;9,870066E-2;1,120448E-1;9,258843E-1;;
02/12/2021  12:47:15,734463;9,276458E-1;1,079395E-1;1,158360E-1;9,257085E-1;;
02/12/2021  12:47:15,734563;9,262034E-1;8,786894E-2;1,079377E-1;9,255461E-1;;
02/12/2021  12:47:15,734663;9,270945E-1;6,333828E-2;8,677022E-2;9,253973E-1;;
02/12/2021  12:47:15,734763;9,282985E-1;1,098510E-1;1,202590E-1;9,252617E-1;;
02/12/2021  12:47:15,734863;9,281555E-1;1,079395E-1;1,101492E-1;9,251394E-1;;
02/12/2021  12:47:15,734963;9,277382E-1;8,595746E-2;1,246821E-1;9,250303E-1;;
02/12/2021  12:47:15,735063;9,273150E-1;9,774492E-2;1,117289E-1;9,249344E-1;;
02/12/2021  12:47:15,735163;9,279707E-1;1,060280E-1;1,098333E-1;9,248515E-1;;
02/12/2021  12:47:15,735263;9,291330E-1;1,082581E-1;1,531159E-1;9,247812E-1;;
02/12/2021  12:47:15,735363;9,288171E-1;7,448858E-2;8,645429E-2;9,247236E-1;;
02/12/2021  12:47:15,735463;9,289661E-1;1,665582E-1;1,518522E-1;9,246784E-1;;
02/12/2021  12:47:15,735563;9,286353E-1;1,165411E-1;1,243661E-1;9,246455E-1;;
02/12/2021  12:47:15,735663;9,297768E-1;8,309024E-2;1,038306E-1;9,246247E-1;;
02/12/2021  12:47:15,735763;9,304980E-1;6,939130E-2;1,158360E-1;9,246159E-1;;
02/12/2021  12:47:15,735863;9,304920E-1;1,114439E-1;1,221546E-1;9,246189E-1;;
02/12/2021  12:47:15,735963;9,295294E-1;1,496735E-1;1,464814E-1;9,246336E-1;;
02/12/2021  12:47:15,736063;9,292194E-1;1,509478E-1;1,414265E-1;9,246598E-1;;
02/12/2021  12:47:15,736163;9,297350E-1;1,952304E-1;1,654373E-1;9,246971E-1;;
02/12/2021  12:47:15,736263;9,296814E-1;1,968233E-1;1,695444E-1;9,247450E-1;;
02/12/2021  12:47:15,736363;9,297857E-1;1,691068E-1;1,594346E-1;9,248030E-1;;
02/12/2021  12:47:15,736463;9,286830E-1;1,732484E-1;1,562753E-1;9,248707E-1;;
02/12/2021  12:47:15,736563;9,278694E-1;1,487177E-1;1,414265E-1;9,249475E-1;;
02/12/2021  12:47:15,736663;9,283432E-1;1,299215E-1;1,411105E-1;9,250324E-1;;
02/12/2021  12:47:15,736763;9,291896E-1;1,289658E-1;1,332122E-1;9,251247E-1;;
02/12/2021  12:47:15,736863;9,287128E-1;1,321516E-1;1,382671E-1;9,252237E-1;;
02/12/2021  12:47:15,736963;9,276488E-1;1,356559E-1;1,272095E-1;9,253286E-1;;
02/12/2021  12:47:15,737063;9,275237E-1;-7,705062E-3;1,243661E-1;9,254387E-1;;
02/12/2021  12:47:15,737163;9,282002E-1;1,190898E-1;1,310007E-1;9,255532E-1;;
02/12/2021  12:47:15,737263;9,291271E-1;1,327887E-1;1,268936E-1;9,256711E-1;;
02/12/2021  12:47:15,737363;9,294430E-1;1,025236E-1;1,240502E-1;9,257920E-1;;
02/12/2021  12:47:15,737463;9,286740E-1;1,155854E-1;1,234183E-1;9,259154E-1;;
02/12/2021  12:47:15,737563;9,294430E-1;1,178155E-1;1,193112E-1;9,260408E-1;;
02/12/2021  12:47:15,737663;9,302774E-1;1,560451E-1;1,641736E-1;9,261678E-1;;
02/12/2021  12:47:15,737763;9,308169E-1;1,238685E-1;1,253139E-1;9,262961E-1;;
02/12/2021  12:47:15,737863;9,305248E-1;1,267357E-1;1,275255E-1;9,264257E-1;;
02/12/2021  12:47:15,737963;9,298691E-1;1,152668E-1;1,221546E-1;9,265564E-1;;
02/12/2021  12:47:15,738063;9,306619E-1;9,424054E-2;7,887192E-2;9,266879E-1;;
02/12/2021  12:47:15,738163;9,306470E-1;1,045400E-2;4,854245E-2;9,268202E-1;;
02/12/2021  12:47:15,738263;9,317795E-1;1,203641E-1;1,196272E-1;9,269529E-1;;
02/12/2021  12:47:15,738363;9,314129E-1;1,394789E-1;1,268936E-1;9,270861E-1;;
02/12/2021  12:47:15,738463;9,305963E-1;1,053908E-1;1,218387E-1;9,272198E-1;;
02/12/2021  12:47:15,738563;9,306112E-1;1,337445E-1;1,344760E-1;9,273538E-1;;
02/12/2021  12:47:15,738663;9,322862E-1;1,219570E-1;1,019350E-1;9,274879E-1;;
02/12/2021  12:47:15,738763;9,329895E-1;1,130368E-1;1,047783E-1;9,276221E-1;;
02/12/2021  12:47:15,738863;9,323696E-1;1,130368E-1;1,202590E-1;9,277565E-1;;
02/12/2021  12:47:15,738963;9,318093E-1;1,219570E-1;1,240502E-1;9,278911E-1;;
02/12/2021  12:47:15,739063;9,325335E-1;1,401161E-1;1,310007E-1;9,280261E-1;;
02/12/2021  12:47:15,739163;9,339104E-1;1,063466E-1;9,561632E-2;9,281614E-1;;
02/12/2021  12:47:15,739263;9,344111E-1;1,241871E-1;1,183634E-1;9,282971E-1;;
02/12/2021  12:47:15,739363;9,337346E-1;1,480806E-1;1,531159E-1;9,284335E-1;;
02/12/2021  12:47:15,739463;9,339939E-1;1,002936E-1;1,060421E-1;9,285708E-1;;
02/12/2021  12:47:15,739563;9,350906E-1;1,194084E-1;1,246821E-1;9,287093E-1;;
02/12/2021  12:47:15,739663;9,355794E-1;1,541336E-1;1,900800E-1;9,288491E-1;;
02/12/2021  12:47:15,739763;9,353201E-1;1,391603E-1;1,360556E-1;9,289906E-1;;
02/12/2021  12:47:15,739863;9,345542E-1;6,312458E-3;1,126247E-2;9,291339E-1;;
02/12/2021  12:47:15,739963;9,337644E-1;1,340630E-1;1,300529E-1;9,292791E-1;;
02/12/2021  12:47:15,740063;9,342174E-1;9,838208E-2;8,677022E-2;9,294262E-1;;
02/12/2021  12:47:15,740163;9,352516E-1;1,139925E-1;1,259458E-1;9,295749E-1;;
02/12/2021  12:47:15,740263;9,350936E-1;1,302401E-1;1,373193E-1;9,297252E-1;;
02/12/2021  12:47:15,740363;9,343605E-1;1,331073E-1;1,338441E-1;9,298770E-1;;
02/12/2021  12:47:15,740463;9,345601E-1;1,264171E-1;1,281573E-1;9,300302E-1;;
02/12/2021  12:47:15,740563;9,364109E-1;9,201048E-2;1,050943E-1;9,301845E-1;;
02/12/2021  12:47:15,740663;9,374719E-1;1,213198E-1;1,281573E-1;9,303400E-1;;
02/12/2021  12:47:15,740763;9,382140E-1;1,439390E-1;1,606983E-1;9,304969E-1;;
02/12/2021  12:47:15,740863;9,382736E-1;1,289658E-1;1,313166E-1;9,306556E-1;;
02/12/2021  12:47:15,740963;9,393018E-1;1,210013E-1;1,275255E-1;9,308164E-1;;
02/12/2021  12:47:15,741063;9,414595E-1;1,235499E-1;1,227865E-1;9,309800E-1;;
02/12/2021  12:47:15,741163;9,435010E-1;1,401161E-1;1,376353E-1;9,311469E-1;;
02/12/2021  12:47:15,741263;9,441478E-1;1,178155E-1;1,275255E-1;9,313182E-1;;
02/12/2021  12:47:15,741363;9,444875E-1;1,248242E-1;1,272095E-1;9,314950E-1;;
02/12/2021  12:47:15,741463;9,449852E-1;1,060280E-1;1,227865E-1;9,316783E-1;;
02/12/2021  12:47:15,741563;9,470416E-1;1,206827E-1;1,297370E-1;9,318691E-1;;
02/12/2021  12:47:15,741663;9,476168E-1;1,273729E-1;1,303688E-1;9,320684E-1;;
02/12/2021  12:47:15,741763;9,470893E-1;1,222756E-1;1,079377E-1;9,322772E-1;;
02/12/2021  12:47:15,741863;9,467943E-1;1,235499E-1;1,297370E-1;9,324965E-1;;
02/12/2021  12:47:15,741963;9,472264E-1;1,267357E-1;1,357397E-1;9,327266E-1;;
02/12/2021  12:47:15,742063;9,481712E-1;1,554079E-1;1,205749E-1;9,329682E-1;;
02/12/2021  12:47:15,742163;9,490355E-1;1,229127E-1;1,234183E-1;9,332214E-1;;
02/12/2021  12:47:15,742263;9,488090E-1;1,321516E-1;1,303688E-1;9,334866E-1;;
02/12/2021  12:47:15,742363;9,482427E-1;1,206827E-1;1,272095E-1;9,337640E-1;;
02/12/2021  12:47:15,742463;9,490176E-1;1,420275E-1;1,433221E-1;9,340537E-1;;
02/12/2021  12:47:15,742563;9,509130E-1;9,838208E-2;8,992954E-2;9,343554E-1;;
02/12/2021  12:47:15,742663;9,513333E-1;1,171783E-1;1,237343E-1;9,346693E-1;;
02/12/2021  12:47:15,742763;9,511038E-1;1,210013E-1;1,234183E-1;9,349954E-1;;
02/12/2021  12:47:15,742863;9,506299E-1;1,315144E-1;1,411105E-1;9,353336E-1;;
02/12/2021  12:47:15,742963;9,509101E-1;1,359745E-1;1,268936E-1;9,356836E-1;;
02/12/2021  12:47:15,743063;9,521409E-1;1,318330E-1;1,256299E-1;9,360450E-1;;
02/12/2021  12:47:15,743163;9,518042E-1;1,366117E-1;1,335282E-1;9,364176E-1;;
02/12/2021  12:47:15,743263;9,513661E-1;1,445762E-1;1,398468E-1;9,368007E-1;;
02/12/2021  12:47:15,743363;9,510650E-1;1,069837E-1;1,227865E-1;9,371939E-1;;
02/12/2021  12:47:15,743463;9,510621E-1;1,168597E-1;8,803395E-2;9,375963E-1;;
02/12/2021  12:47:15,743563;9,518280E-1;1,362931E-1;1,287892E-1;9,380070E-1;;
02/12/2021  12:47:15,743663;9,513899E-1;1,417090E-1;1,316326E-1;9,384253E-1;;
02/12/2021  12:47:15,743763;9,501948E-1;1,308772E-1;1,467973E-1;9,388501E-1;;
02/12/2021  12:47:15,743863;9,488954E-1;1,362931E-1;1,193112E-1;9,392804E-1;;
02/12/2021  12:47:15,743963;9,488835E-1;1,636910E-1;1,736515E-1;9,397149E-1;;
02/12/2021  12:47:15,744063;9,491398E-1;1,009307E-1;1,644895E-1;9,401519E-1;;
02/12/2021  12:47:15,744163;9,492053E-1;1,235499E-1;1,265777E-1;9,405902E-1;;
02/12/2021  12:47:15,744263;9,481414E-1;8,340882E-2;8,961361E-2;9,410282E-1;;
02/12/2021  12:47:15,744363;9,469075E-1;1,289658E-1;1,291051E-1;9,414647E-1;;
02/12/2021  12:47:15,744463;9,474708E-1;1,012493E-1;1,025668E-1;9,418980E-1;;
02/12/2021  12:47:15,744563;9,469999E-1;1,302401E-1;1,376353E-1;9,423266E-1;;
02/12/2021  12:47:15,744663;9,471549E-1;1,522221E-1;1,452176E-1;9,427490E-1;;
02/12/2021  12:47:15,744763;9,465648E-1;1,337445E-1;1,240502E-1;9,431640E-1;;
02/12/2021  12:47:15,744863;9,462072E-1;1,299215E-1;1,268936E-1;9,435702E-1;;
02/12/2021  12:47:15,744963;9,471430E-1;1,614609E-1;1,528000E-1;9,439664E-1;;
02/12/2021  12:47:15,745063;9,477241E-1;1,292843E-1;1,316326E-1;9,443515E-1;;
02/12/2021  12:47:15,745163;9,483768E-1;1,308772E-1;1,313166E-1;9,447248E-1;;
02/12/2021  12:47:15,745263;9,478731E-1;1,286472E-1;1,287892E-1;9,450856E-1;;
02/12/2021  12:47:15,745363;9,483559E-1;1,382046E-1;1,328963E-1;9,454335E-1;;
02/12/2021  12:47:15,745463;9,499743E-1;1,222756E-1;1,452176E-1;9,457682E-1;;
02/12/2021  12:47:15,745563;9,497954E-1;1,442576E-1;1,436380E-1;9,460895E-1;;
02/12/2021  12:47:15,745663;9,497328E-1;1,267357E-1;1,328963E-1;9,463976E-1;;
02/12/2021  12:47:15,745763;9,490682E-1;1,206827E-1;1,221546E-1;9,466925E-1;;
02/12/2021  12:47:15,745863;9,491964E-1;1,143111E-1;9,182514E-2;9,469742E-1;;
02/12/2021  12:47:15,745963;9,495540E-1;1,433019E-1;1,360556E-1;9,472428E-1;;
02/12/2021  12:47:15,746063;9,491696E-1;1,547707E-1;1,404787E-1;9,474983E-1;;
02/12/2021  12:47:15,746163;9,487315E-1;1,299215E-1;1,265777E-1;9,477409E-1;;
02/12/2021  12:47:15,746263;9,467853E-1;1,745227E-1;1,663851E-1;9,479706E-1;;
02/12/2021  12:47:15,746363;9,464545E-1;1,184526E-1;1,246821E-1;9,481870E-1;;
02/12/2021  12:47:15,746463;9,463740E-1;1,369303E-1;1,505885E-1;9,483900E-1;;
02/12/2021  12:47:15,746563;9,462042E-1;1,162226E-1;1,193112E-1;9,485791E-1;;
02/12/2021  12:47:15,746663;9,454442E-1;1,108067E-1;1,158360E-1;9,487541E-1;;
02/12/2021  12:47:15,746763;9,440196E-1;1,302401E-1;1,322644E-1;9,489146E-1;;
02/12/2021  12:47:15,746863;9,440673E-1;1,216384E-1;1,186794E-1;9,490603E-1;;
02/12/2021  12:47:15,746963;9,448034E-1;1,382046E-1;9,877564E-2;9,491906E-1;;
02/12/2021  12:47:15,747063;9,449465E-1;1,098510E-1;1,199431E-1;9,493054E-1;;
02/12/2021  12:47:15,747163;9,449107E-1;1,082581E-1;1,167838E-1;9,494046E-1;;
02/12/2021  12:47:15,747263;9,444607E-1;1,181340E-1;1,316326E-1;9,494882E-1;;
02/12/2021  12:47:15,747363;9,452415E-1;1,104881E-1;1,073058E-1;9,495565E-1;;
02/12/2021  12:47:15,747463;9,458465E-1;9,647060E-2;7,286922E-2;9,496095E-1;;
02/12/2021  12:47:15,747563;9,462161E-1;4,868360E-2;5,328143E-2;9,496479E-1;;
02/12/2021  12:47:15,747663;9,451223E-1;1,127182E-1;1,246821E-1;9,496721E-1;;
02/12/2021  12:47:15,747763;9,445620E-1;1,006121E-1;8,361090E-2;9,496826E-1;;
02/12/2021  12:47:15,747863;9,451640E-1;9,997498E-2;1,069899E-1;9,496800E-1;;
02/12/2021  12:47:15,747963;9,453518E-1;9,360338E-2;1,025668E-1;9,496647E-1;;
02/12/2021  12:47:15,748063;9,450419E-1;7,671864E-2;1,009872E-1;9,496373E-1;;
02/12/2021  12:47:15,748163;9,443623E-1;1,315144E-1;1,407946E-1;9,495983E-1;;
02/12/2021  12:47:15,748263;9,433520E-1;-1,248376E-2;4,569906E-2;9,495483E-1;;
02/12/2021  12:47:15,748363;9,439630E-1;8,468314E-2;1,088855E-1;9,494875E-1;;
02/12/2021  12:47:15,748463;9,431553E-1;1,662396E-1;2,055607E-1;9,494164E-1;;
02/12/2021  12:47:15,748563;9,427858E-1;1,123996E-1;1,281573E-1;9,493353E-1;;
02/12/2021  12:47:15,748663;9,416056E-1;8,818752E-2;1,373193E-1;9,492445E-1;;
02/12/2021  12:47:15,748763;9,406847E-1;1,108067E-1;1,205749E-1;9,491442E-1;;
02/12/2021  12:47:15,748863;9,413195E-1;5,091366E-2;5,738855E-2;9,490343E-1;;
02/12/2021  12:47:15,748963;9,408247E-1;1,260985E-1;1,414265E-1;9,489149E-1;;
02/12/2021  12:47:15,749063;9,403926E-1;1,652839E-1;1,531159E-1;9,487863E-1;;
02/12/2021  12:47:15,749163;9,394389E-1;1,570008E-1;1,338441E-1;9,486484E-1;;
02/12/2021  12:47:15,749263;9,391587E-1;1,799386E-1;1,537478E-1;9,485015E-1;;
02/12/2021  12:47:15,749363;9,394121E-1;1,751599E-1;1,477451E-1;9,483454E-1;;
02/12/2021  12:47:15,749463;9,394210E-1;1,930003E-1;1,720719E-1;9,481803E-1;;
02/12/2021  12:47:15,749563;9,388249E-1;2,165753E-1;2,181979E-1;9,480064E-1;;
02/12/2021  12:47:15,749663;9,375345E-1;1,098510E-1;1,177316E-1;9,478240E-1;;
02/12/2021  12:47:15,749763;9,374421E-1;1,321516E-1;1,259458E-1;9,476331E-1;;
02/12/2021  12:47:15,749863;9,379428E-1;1,458505E-1;1,376353E-1;9,474338E-1;;
02/12/2021  12:47:15,749963;9,375643E-1;1,251428E-1;1,231024E-1;9,472262E-1;;
02/12/2021  12:47:15,750063;9,369205E-1;1,225942E-1;1,338441E-1;9,470107E-1;;
02/12/2021  12:47:15,750163;9,354006E-1;1,232313E-1;1,234183E-1;9,467874E-1;;
02/12/2021  12:47:15,750263;9,350549E-1;1,356559E-1;1,449017E-1;9,465564E-1;;
02/12/2021  12:47:15,750363;9,356420E-1;1,013542E-2;8,455870E-2;9,463177E-1;;
02/12/2021  12:47:15,750463;9,349416E-1;1,159040E-1;1,224705E-1;9,460714E-1;;
02/12/2021  12:47:15,750563;9,339402E-1;1,028422E-1;8,582243E-2;9,458177E-1;;
02/12/2021  12:47:15,750663;9,323637E-1;-1,280234E-2;1,079377E-1;9,455565E-1;;
02/12/2021  12:47:15,750763;9,315828E-1;1,404346E-1;1,221546E-1;9,452879E-1;;
02/12/2021  12:47:15,750863;9,315769E-1;1,671954E-1;2,283078E-1;9,450115E-1;;
02/12/2021  12:47:15,750963;9,307305E-1;1,311958E-1;1,325804E-1;9,447272E-1;;
02/12/2021  12:47:15,751063;9,297022E-1;9,551486E-2;9,056141E-2;9,444348E-1;;
02/12/2021  12:47:15,751163;9,281912E-1;1,353374E-1;1,392149E-1;9,441340E-1;;
02/12/2021  12:47:15,751263;9,281406E-1;1,123996E-1;1,189953E-1;9,438246E-1;;
02/12/2021  12:47:15,751363;9,286353E-1;1,178155E-1;1,351078E-1;9,435062E-1;;
02/12/2021  12:47:15,751463;9,280363E-1;1,194084E-1;1,259458E-1;9,431786E-1;;
02/12/2021  12:47:15,751563;9,270677E-1;1,324701E-1;1,335282E-1;9,428419E-1;;
02/12/2021  12:47:15,751663;9,260633E-1;1,477620E-1;1,436380E-1;9,424960E-1;;
02/12/2021  12:47:15,751763;9,265044E-1;1,155854E-1;1,088855E-1;9,421407E-1;;
02/12/2021  12:47:15,751863;9,265372E-1;1,101695E-1;9,182514E-2;9,417763E-1;;
02/12/2021  12:47:15,751963;9,264835E-1;1,216384E-1;1,262617E-1;9,414028E-1;;
02/12/2021  12:47:15,752063;9,263405E-1;1,292843E-1;1,332122E-1;9,410205E-1;;
02/12/2021  12:47:15,752163;9,264239E-1;1,162226E-1;1,177316E-1;9,406300E-1;;
02/12/2021  12:47:15,752263;9,267219E-1;1,034794E-1;8,961361E-2;9,402316E-1;;
02/12/2021  12:47:15,752363;9,276548E-1;1,257800E-1;1,218387E-1;9,398261E-1;;
02/12/2021  12:47:15,752463;9,270200E-1;1,130368E-1;1,107811E-1;9,394143E-1;;
02/12/2021  12:47:15,752563;9,270081E-1;1,315144E-1;1,537478E-1;9,389971E-1;;
02/12/2021  12:47:15,752663;9,263375E-1;1,139925E-1;1,183634E-1;9,385754E-1;;
02/12/2021  12:47:15,752763;9,273389E-1;8,978042E-2;1,126766E-1;9,381501E-1;;
02/12/2021  12:47:15,752863;9,275177E-1;9,201048E-2;1,730197E-1;9,377221E-1;;
02/12/2021  12:47:15,752963;9,273657E-1;1,356559E-1;1,218387E-1;9,372924E-1;;
02/12/2021  12:47:15,753063;9,269961E-1;1,703812E-1;1,660692E-1;9,368619E-1;;
02/12/2021  12:47:15,753163;9,262391E-1;1,088952E-1;1,161519E-1;9,364318E-1;;
02/12/2021  12:47:15,753263;9,269485E-1;1,178155E-1;1,215227E-1;9,360028E-1;;
02/12/2021  12:47:15,753363;9,268561E-1;1,200455E-1;1,370034E-1;9,355758E-1;;
02/12/2021  12:47:15,753463;9,266474E-1;1,235499E-1;1,234183E-1;9,351515E-1;;
02/12/2021  12:47:15,753563;9,257265E-1;1,168597E-1;1,133085E-1;9,347308E-1;;
02/12/2021  12:47:15,753663;9,252407E-1;1,235499E-1;1,262617E-1;9,343143E-1;;
02/12/2021  12:47:15,753763;9,256878E-1;1,751599E-1;1,095173E-1;9,339026E-1;;
02/12/2021  12:47:15,753863;9,257086E-1;1,197269E-1;1,256299E-1;9,334962E-1;;
02/12/2021  12:47:15,753963;9,264180E-1;1,178155E-1;1,224705E-1;9,330955E-1;;
02/12/2021  12:47:15,754063;9,253600E-1;1,254614E-1;1,221546E-1;9,327011E-1;;
02/12/2021  12:47:15,754163;9,258279E-1;1,471248E-1;1,423743E-1;9,323137E-1;;
02/12/2021  12:47:15,754263;9,261169E-1;-5,039478E-2;4,727872E-2;9,319336E-1;;
02/12/2021  12:47:15,754363;9,268114E-1;1,235499E-1;1,246821E-1;9,315615E-1;;
02/12/2021  12:47:15,754463;9,269157E-1;1,331073E-1;1,512204E-1;9,311978E-1;;
02/12/2021  12:47:15,754563;9,267786E-1;1,117624E-1;1,199431E-1;9,308432E-1;;
02/12/2021  12:47:15,754663;9,274819E-1;1,235499E-1;1,635417E-1;9,304983E-1;;
02/12/2021  12:47:15,754763;9,290227E-1;1,127182E-1;1,294210E-1;9,301638E-1;;
02/12/2021  12:47:15,754863;9,287873E-1;1,127182E-1;1,114129E-1;9,298404E-1;;
02/12/2021  12:47:15,754963;9,294281E-1;1,143111E-1;1,186794E-1;9,295288E-1;;
02/12/2021  12:47:15,755063;9,291658E-1;1,366117E-1;1,268936E-1;9,292299E-1;;
02/12/2021  12:47:15,755163;9,301433E-1;1,436204E-1;1,385831E-1;9,289445E-1;;
02/12/2021  12:47:15,755263;9,316126E-1;1,726112E-1;1,638576E-1;9,286731E-1;;
02/12/2021  12:47:15,755363;9,321938E-1;1,302401E-1;1,275255E-1;9,284166E-1;;
02/12/2021  12:47:15,755463;9,323666E-1;1,229127E-1;1,082536E-1;9,281759E-1;;
02/12/2021  12:47:15,755563;9,310642E-1;1,321516E-1;1,426902E-1;9,279519E-1;;
02/12/2021  12:47:15,755663;9,315798E-1;1,289658E-1;1,246821E-1;9,277450E-1;;
02/12/2021  12:47:15,755763;9,326229E-1;8,054160E-2;8,108345E-2;9,275556E-1;;
02/12/2021  12:47:15,755863;9,334515E-1;1,178155E-1;1,208909E-1;9,273842E-1;;
02/12/2021  12:47:15,755963;9,330909E-1;1,270543E-1;1,227865E-1;9,272311E-1;;
02/12/2021  12:47:15,756063;9,329240E-1;1,270543E-1;1,325804E-1;9,270967E-1;;
02/12/2021  12:47:15,756163;9,333799E-1;1,171783E-1;1,224705E-1;9,269812E-1;;
02/12/2021  12:47:15,756263;9,346197E-1;9,169190E-2;7,792413E-2;9,268846E-1;;
02/12/2021  12:47:15,756363;9,352456E-1;1,155854E-1;1,224705E-1;9,268070E-1;;
02/12/2021  12:47:15,756463;9,357016E-1;1,334259E-1;1,316326E-1;9,267488E-1;;
02/12/2021  12:47:15,756563;9,350280E-1;1,225942E-1;1,224705E-1;9,267099E-1;;
02/12/2021  12:47:15,756663;9,358029E-1;1,109116E-2;8,455870E-2;9,266905E-1;;
02/12/2021  12:47:15,756763;9,379756E-1;1,219570E-1;1,215227E-1;9,266905E-1;;
02/12/2021  12:47:15,756863;9,380590E-1;1,289658E-1;1,294210E-1;9,267099E-1;;
02/12/2021  12:47:15,756963;9,376239E-1;1,168597E-1;1,180475E-1;9,267489E-1;;
02/12/2021  12:47:15,757063;9,383243E-1;1,101695E-1;1,208909E-1;9,268075E-1;;
02/12/2021  12:47:15,757163;9,398144E-1;1,146297E-1;1,322644E-1;9,268856E-1;;
02/12/2021  12:47:15,757263;9,406876E-1;1,362931E-1;1,370034E-1;9,269832E-1;;
02/12/2021  12:47:15,757363;9,408277E-1;1,171783E-1;1,224705E-1;9,271003E-1;;
02/12/2021  12:47:15,757463;9,402555E-1;9,870066E-2;7,444887E-2;9,272369E-1;;
02/12/2021  12:47:15,757563;9,401333E-1;1,318330E-1;1,310007E-1;9,273928E-1;;
02/12/2021  12:47:15,757663;9,413195E-1;1,362931E-1;1,360556E-1;9,275676E-1;;
02/12/2021  12:47:15,757763;9,419930E-1;1,448948E-1;1,480610E-1;9,277609E-1;;
02/12/2021  12:47:15,757863;9,426278E-1;1,391603E-1;1,360556E-1;9,279723E-1;;
02/12/2021  12:47:15,757963;9,429169E-1;1,308772E-1;1,351078E-1;9,282015E-1;;
02/12/2021  12:47:15,758063;9,422344E-1;1,162226E-1;1,234183E-1;9,284481E-1;;
02/12/2021  12:47:15,758163;9,439242E-1;1,254614E-1;1,164678E-1;9,287115E-1;;
02/12/2021  12:47:15,758263;9,447349E-1;1,260985E-1;1,246821E-1;9,289912E-1;;
02/12/2021  12:47:15,758363;9,446067E-1;1,139925E-1;1,189953E-1;9,292868E-1;;
02/12/2021  12:47:15,758463;9,449763E-1;1,114439E-1;1,142563E-1;9,295978E-1;;
02/12/2021  12:47:15,758563;9,449346E-1;5,186940E-2;1,016190E-1;9,299237E-1;;
02/12/2021  12:47:15,758663;9,466423E-1;1,200455E-1;1,332122E-1;9,302638E-1;;
02/12/2021  12:47:15,758763;9,471817E-1;9,901924E-2;1,142563E-1;9,306177E-1;;
02/12/2021  12:47:15,758863;9,476913E-1;1,082581E-1;1,129926E-1;9,309849E-1;;
02/12/2021  12:47:15,758963;9,478433E-1;1,305587E-1;1,313166E-1;9,313650E-1;;
02/12/2021  12:47:15,759063;9,486957E-1;9,774492E-2;1,569071E-1;9,317575E-1;;
02/12/2021  12:47:15,759163;9,503617E-1;1,350188E-1;1,341600E-1;9,321619E-1;;
02/12/2021  12:47:15,759263;9,508505E-1;1,397975E-1;1,376353E-1;9,325780E-1;;
02/12/2021  12:47:15,759363;9,511574E-1;1,382046E-1;1,426902E-1;9,330055E-1;;
02/12/2021  12:47:15,759463;9,511485E-1;1,044351E-1;1,240502E-1;9,334441E-1;;
02/12/2021  12:47:15,759563;9,523227E-1;1,143111E-1;1,142563E-1;9,338935E-1;;
02/12/2021  12:47:15,759663;9,531483E-1;9,455912E-2;5,960007E-2;9,343532E-1;;
02/12/2021  12:47:15,759763;9,539291E-1;1,095324E-1;1,133085E-1;9,348230E-1;;
02/12/2021  12:47:15,759863;9,539380E-1;1,216384E-1;1,259458E-1;9,353026E-1;;
02/12/2021  12:47:15,759963;9,540364E-1;1,203641E-1;1,373193E-1;9,357917E-1;;
02/12/2021  12:47:15,760063;9,552881E-1;1,168597E-1;1,253139E-1;9,362898E-1;;
02/12/2021  12:47:15,760163;9,561822E-1;9,105474E-2;1,066739E-1;9,367965E-1;;
02/12/2021  12:47:15,760263;9,568021E-1;1,012493E-1;1,167838E-1;9,373116E-1;;
02/12/2021  12:47:15,760363;9,569064E-1;9,615202E-2;1,180475E-1;9,378347E-1;;
02/12/2021  12:47:15,760463;9,564653E-1;8,054160E-2;8,108345E-2;9,383655E-1;;
02/12/2021  12:47:15,760563;9,575025E-1;8,181592E-2;9,277293E-2;9,389034E-1;;
02/12/2021  12:47:15,760663;9,586320E-1;9,424054E-2;1,268936E-1;9,394480E-1;;
02/12/2021  12:47:15,760763;9,590582E-1;1,095324E-1;1,221546E-1;9,399989E-1;;
02/12/2021  12:47:15,760863;9,585605E-1;1,088952E-1;1,208909E-1;9,405555E-1;;
02/12/2021  12:47:15,760963;9,590493E-1;9,201048E-2;1,107811E-1;9,411175E-1;;
02/12/2021  12:47:15,761063;9,599553E-1;-3,860732E-2;3,021839E-2;9,416842E-1;;
02/12/2021  12:47:15,761163;9,608613E-1;9,710776E-2;1,050943E-1;9,422552E-1;;
02/12/2021  12:47:15,761263;9,609090E-1;1,044351E-1;9,909157E-2;9,428299E-1;;
02/12/2021  12:47:15,761363;9,609120E-1;1,123996E-1;1,322644E-1;9,434079E-1;;
02/12/2021  12:47:15,761463;9,610192E-1;1,002936E-1;1,205749E-1;9,439887E-1;;
02/12/2021  12:47:15,761563;9,618090E-1;9,838208E-2;1,035146E-1;9,445716E-1;;
02/12/2021  12:47:15,761663;9,620325E-1;1,120810E-1;1,114129E-1;9,451562E-1;;
02/12/2021  12:47:15,761763;9,617017E-1;1,245056E-1;1,278414E-1;9,457418E-1;;
02/12/2021  12:47:15,761863;9,614782E-1;1,512664E-1;1,562753E-1;9,463277E-1;;
02/12/2021  12:47:15,761963;9,611206E-1;1,353374E-1;1,347919E-1;9,469133E-1;;
02/12/2021  12:47:15,762063;9,619551E-1;1,805757E-1;1,660692E-1;9,474976E-1;;
02/12/2021  12:47:15,762163;9,623157E-1;1,831244E-1;1,708081E-1;9,480799E-1;;
02/12/2021  12:47:15,762263;9,611146E-1;1,799386E-1;1,606983E-1;9,486593E-1;;
02/12/2021  12:47:15,762363;9,601997E-1;1,703812E-1;1,328963E-1;9,492349E-1;;
02/12/2021  12:47:15,762463;9,590403E-1;7,130278E-2;1,025668E-1;9,498057E-1;;
02/12/2021  12:47:15,762563;9,602116E-1;1,554079E-1;1,477451E-1;9,503705E-1;;
02/12/2021  12:47:15,762663;9,598986E-1;1,378860E-1;1,354238E-1;9,509279E-1;;
02/12/2021  12:47:15,762763;9,593294E-1;1,385232E-1;1,354238E-1;9,514768E-1;;
02/12/2021  12:47:15,762863;9,582088E-1;1,286472E-1;1,224705E-1;9,520162E-1;;
02/12/2021  12:47:15,762963;9,575591E-1;1,308772E-1;1,328963E-1;9,525448E-1;;
02/12/2021  12:47:15,763063;9,585039E-1;1,557265E-1;1,777586E-1;9,530613E-1;;
02/12/2021  12:47:15,763163;9,584234E-1;1,254614E-1;1,306848E-1;9,535645E-1;;
02/12/2021  12:47:15,763263;9,577528E-1;1,238685E-1;1,433221E-1;9,540535E-1;;
02/12/2021  12:47:15,763363;9,567485E-1;1,356559E-1;1,370034E-1;9,545272E-1;;
02/12/2021  12:47:15,763463;9,566382E-1;1,088952E-1;1,332122E-1;9,549846E-1;;
02/12/2021  12:47:15,763563;9,564892E-1;1,133553E-1;1,120448E-1;9,554248E-1;;
02/12/2021  12:47:15,763663;9,573684E-1;1,245056E-1;1,262617E-1;9,558469E-1;;
02/12/2021  12:47:15,763763;9,571925E-1;1,369303E-1;1,471132E-1;9,562502E-1;;
02/12/2021  12:47:15,763863;9,570078E-1;1,362931E-1;1,379512E-1;9,566341E-1;;
02/12/2021  12:47:15,763963;9,566054E-1;1,213198E-1;1,221546E-1;9,569982E-1;;
02/12/2021  12:47:15,764063;9,580538E-1;9,806350E-2;1,366875E-1;9,573423E-1;;
02/12/2021  12:47:15,764163;9,574161E-1;1,311958E-1;1,335282E-1;9,576661E-1;;
02/12/2021  12:47:15,764263;9,571925E-1;1,458505E-1;1,341600E-1;9,579698E-1;;
02/12/2021  12:47:15,764363;9,562180E-1;1,165411E-1;1,300529E-1;9,582531E-1;;
02/12/2021  12:47:15,764463;9,560898E-1;1,334259E-1;1,284732E-1;9,585163E-1;;
02/12/2021  12:47:15,764563;9,569839E-1;7,767438E-2;1,003553E-1;9,587591E-1;;
02/12/2021  12:47:15,764663;9,563253E-1;1,222756E-1;1,281573E-1;9,589817E-1;;
02/12/2021  12:47:15,764763;9,560541E-1;1,280100E-1;1,259458E-1;9,591843E-1;;
02/12/2021  12:47:15,764863;9,546742E-1;1,143111E-1;1,262617E-1;9,593671E-1;;
02/12/2021  12:47:15,764963;9,549007E-1;1,289658E-1;1,265777E-1;9,595300E-1;;
02/12/2021  12:47:15,765063;9,552613E-1;8,946184E-2;5,770448E-2;9,596734E-1;;
02/12/2021  12:47:15,765163;9,545371E-1;1,225942E-1;1,332122E-1;9,597972E-1;;
02/12/2021  12:47:15,765263;9,531572E-1;1,299215E-1;1,382671E-1;9,599017E-1;;
02/12/2021  12:47:15,765363;9,527131E-1;1,318330E-1;1,303688E-1;9,599871E-1;;
02/12/2021  12:47:15,765463;9,523943E-1;1,143111E-1;9,308886E-2;9,600533E-1;;
02/12/2021  12:47:15,765563;9,533211E-1;1,522221E-1;1,534319E-1;9,601004E-1;;
02/12/2021  12:47:15,765663;9,525433E-1;1,429833E-1;1,407946E-1;9,601286E-1;;
02/12/2021  12:47:15,765763;9,520843E-1;1,267357E-1;1,316326E-1;9,601383E-1;;
02/12/2021  12:47:15,765863;9,517147E-1;1,321516E-1;1,272095E-1;9,601297E-1;;
02/12/2021  12:47:15,765963;9,519144E-1;9,838208E-2;1,316326E-1;9,601032E-1;;
02/12/2021  12:47:15,766063;9,517952E-1;1,436204E-1;1,392149E-1;9,600591E-1;;
02/12/2021  12:47:15,766163;9,521618E-1;1,375674E-1;1,332122E-1;9,599980E-1;;
02/12/2021  12:47:15,766263;9,514555E-1;1,165411E-1;1,202590E-1;9,599204E-1;;
02/12/2021  12:47:15,766363;9,504630E-1;1,315144E-1;1,354238E-1;9,598268E-1;;
02/12/2021  12:47:15,766463;9,518638E-1;1,232313E-1;1,221546E-1;9,597179E-1;;
02/12/2021  12:47:15,766563;9,517326E-1;1,245056E-1;1,347919E-1;9,595943E-1;;
02/12/2021  12:47:15,766663;9,512021E-1;1,222756E-1;1,174156E-1;9,594568E-1;;
02/12/2021  12:47:15,766763;9,506925E-1;1,168597E-1;1,297370E-1;9,593061E-1;;
02/12/2021  12:47:15,766863;9,503080E-1;1,382046E-1;1,388990E-1;9,591429E-1;;
02/12/2021  12:47:15,766963;9,509279E-1;1,200455E-1;1,092014E-1;9,589680E-1;;
02/12/2021  12:47:15,767063;9,513333E-1;1,350188E-1;1,379512E-1;9,587820E-1;;
02/12/2021  12:47:15,767163;9,509309E-1;1,108067E-1;1,202590E-1;9,585858E-1;;
02/12/2021  12:47:15,767263;9,501859E-1;1,289658E-1;1,310007E-1;9,583803E-1;;
02/12/2021  12:47:15,767363;9,499325E-1;1,276914E-1;1,354238E-1;9,581663E-1;;
02/12/2021  12:47:15,767463;9,509667E-1;1,324701E-1;1,534319E-1;9,579445E-1;;
02/12/2021  12:47:15,767563;9,507700E-1;1,152668E-1;1,193112E-1;9,577156E-1;;
02/12/2021  12:47:15,767663;9,502574E-1;1,362931E-1;1,379512E-1;9,574806E-1;;
02/12/2021  12:47:15,767763;9,498550E-1;1,512664E-1;1,426902E-1;9,572403E-1;;
02/12/2021  12:47:15,767863;9,497150E-1;1,229127E-1;1,253139E-1;9,569953E-1;;
02/12/2021  12:47:15,767963;9,505226E-1;1,276914E-1;1,328963E-1;9,567465E-1;;
02/12/2021  12:47:15,768063;9,505643E-1;1,190898E-1;1,234183E-1;9,564944E-1;;
02/12/2021  12:47:15,768163;9,499146E-1;1,448948E-1;1,297370E-1;9,562399E-1;;
02/12/2021  12:47:15,768263;9,490176E-1;1,404346E-1;1,303688E-1;9,559838E-1;;
02/12/2021  12:47:15,768363;9,483649E-1;1,369303E-1;1,240502E-1;9,557265E-1;;
02/12/2021  12:47:15,768463;9,485050E-1;1,187712E-1;1,170997E-1;9,554684E-1;;
02/12/2021  12:47:15,768563;9,483023E-1;1,289658E-1;1,332122E-1;9,552100E-1;;
02/12/2021  12:47:15,768663;9,470983E-1;1,257800E-1;1,294210E-1;9,549515E-1;;
02/12/2021  12:47:15,768763;9,455187E-1;1,155854E-1;1,199431E-1;9,546931E-1;;
02/12/2021  12:47:15,768863;9,454144E-1;1,136739E-1;1,139404E-1;9,544347E-1;;
02/12/2021  12:47:15,768963;9,455455E-1;1,235499E-1;1,325804E-1;9,541763E-1;;
02/12/2021  12:47:15,769063;9,445054E-1;1,311958E-1;1,325804E-1;9,539175E-1;;
02/12/2021  12:47:15,769163;9,430749E-1;1,311958E-1;1,240502E-1;9,536583E-1;;
02/12/2021  12:47:15,769263;9,415996E-1;1,213198E-1;8,424277E-2;9,533982E-1;;
02/12/2021  12:47:15,769363;9,410155E-1;1,194084E-1;1,221546E-1;9,531367E-1;;
02/12/2021  12:47:15,769463;9,411436E-1;1,544522E-1;1,622780E-1;9,528732E-1;;
02/12/2021  12:47:15,769563;9,408754E-1;1,334259E-1;1,341600E-1;9,526071E-1;;
02/12/2021  12:47:15,769663;9,401244E-1;1,413904E-1;1,341600E-1;9,523380E-1;;
02/12/2021  12:47:15,769763;9,392392E-1;1,283286E-1;1,249980E-1;9,520652E-1;;
02/12/2021  12:47:15,769863;9,398412E-1;1,483991E-1;1,426902E-1;9,517886E-1;;
02/12/2021  12:47:15,769963;9,400022E-1;1,273729E-1;1,243661E-1;9,515076E-1;;
02/12/2021  12:47:15,770063;9,393465E-1;1,165411E-1;9,719598E-2;9,512221E-1;;
02/12/2021  12:47:15,770163;9,390485E-1;1,111253E-1;1,161519E-1;9,509320E-1;;
02/12/2021  12:47:15,770263;9,386551E-1;1,213198E-1;1,259458E-1;9,506373E-1;;
02/12/2021  12:47:15,770363;9,397339E-1;1,350188E-1;1,193112E-1;9,503380E-1;;
02/12/2021  12:47:15,770463;9,396535E-1;1,123996E-1;9,214107E-2;9,500341E-1;;
02/12/2021  12:47:15,770563;9,397161E-1;1,130368E-1;1,035146E-1;9,497261E-1;;
02/12/2021  12:47:15,770663;9,386789E-1;1,149482E-1;1,170997E-1;9,494142E-1;;
02/12/2021  12:47:15,770763;9,379934E-1;1,337445E-1;1,265777E-1;9,490988E-1;;
02/12/2021  12:47:15,770863;9,386879E-1;1,480806E-1;1,373193E-1;9,487802E-1;;
02/12/2021  12:47:15,770963;9,388190E-1;1,216384E-1;1,442698E-1;9,484587E-1;;
02/12/2021  12:47:15,771063;9,382915E-1;1,165411E-1;1,212068E-1;9,481346E-1;;
02/12/2021  12:47:15,771163;9,369712E-1;1,264171E-1;1,234183E-1;9,478083E-1;;
02/12/2021  12:47:15,771263;9,362500E-1;1,554079E-1;1,644895E-1;9,474802E-1;;
02/12/2021  12:47:15,771363;9,361278E-1;1,162226E-1;1,212068E-1;9,471503E-1;;
02/12/2021  12:47:15,771463;9,370099E-1;1,066652E-1;1,189953E-1;9,468187E-1;;
02/12/2021  12:47:15,771563;9,358506E-1;1,165411E-1;1,246821E-1;9,464857E-1;;
02/12/2021  12:47:15,771663;9,355645E-1;1,203641E-1;1,208909E-1;9,461514E-1;;
02/12/2021  12:47:15,771763;9,346138E-1;1,267357E-1;1,275255E-1;9,458160E-1;;
02/12/2021  12:47:15,771863;9,355377E-1;1,573194E-1;1,745993E-1;9,454797E-1;;
02/12/2021  12:47:15,771963;9,356479E-1;1,362931E-1;1,249980E-1;9,451426E-1;;
02/12/2021  12:47:15,772063;9,348999E-1;1,477620E-1;1,515363E-1;9,448050E-1;;
02/12/2021  12:47:15,772163;9,339164E-1;1,483991E-1;1,388990E-1;9,444671E-1;;
02/12/2021  12:47:15,772263;9,340922E-1;1,620981E-1;1,041465E-1;9,441292E-1;;
02/12/2021  12:47:15,772363;9,344588E-1;1,171783E-1;1,031987E-1;9,437913E-1;;
02/12/2021  12:47:15,772463;9,343187E-1;1,267357E-1;1,262617E-1;9,434538E-1;;
02/12/2021  12:47:15,772563;9,342561E-1;1,394789E-1;1,449017E-1;9,431169E-1;;
02/12/2021  12:47:15,772663;9,336511E-1;1,136739E-1;1,202590E-1;9,427809E-1;;
02/12/2021  12:47:15,772763;9,332279E-1;1,057094E-1;1,114129E-1;9,424461E-1;;
02/12/2021  12:47:15,772863;9,340356E-1;1,305587E-1;1,477451E-1;9,421128E-1;;
02/12/2021  12:47:15,772963;9,335290E-1;1,088952E-1;1,170997E-1;9,417812E-1;;
02/12/2021  12:47:15,773063;9,326945E-1;1,002936E-1;9,972343E-2;9,414517E-1;;
02/12/2021  12:47:15,773163;9,311030E-1;7,799296E-2;1,291051E-1;9,411244E-1;;
02/12/2021  12:47:15,773263;9,312162E-1;9,933782E-2;1,104651E-1;9,407993E-1;;
02/12/2021  12:47:15,773363;9,318928E-1;1,012493E-1;1,016190E-1;9,404764E-1;;
02/12/2021  12:47:15,773463;9,312013E-1;1,022050E-1;1,110970E-1;9,401556E-1;;
02/12/2021  12:47:15,773563;9,308675E-1;1,022050E-1;1,063580E-1;9,398371E-1;;
02/12/2021  12:47:15,773663;9,300003E-1;-4,837842E-3;8,961361E-2;9,395207E-1;;
02/12/2021  12:47:15,773763;9,298602E-1;9,647060E-2;1,145722E-1;9,392066E-1;;
02/12/2021  12:47:15,773863;9,304384E-1;-3,223572E-2;3,495737E-2;9,388945E-1;;
02/12/2021  12:47:15,773963;9,302357E-1;9,487770E-2;1,095173E-1;9,385844E-1;;
02/12/2021  12:47:15,774063;9,296635E-1;9,551486E-2;1,092014E-1;9,382765E-1;;
02/12/2021  12:47:15,774163;9,291390E-1;9,105474E-2;1,057261E-1;9,379708E-1;;
02/12/2021  12:47:15,774263;9,294161E-1;8,086018E-2;1,196272E-1;9,376672E-1;;
02/12/2021  12:47:15,774363;9,296099E-1;1,025236E-1;1,341600E-1;9,373659E-1;;
02/12/2021  12:47:15,774463;9,295503E-1;9,328480E-2;1,114129E-1;9,370668E-1;;
02/12/2021  12:47:15,774563;9,289602E-1;9,169190E-2;1,117289E-1;9,367702E-1;;
02/12/2021  12:47:15,774663;9,284446E-1;9,615202E-2;1,167838E-1;9,364762E-1;;
02/12/2021  12:47:15,774763;9,290287E-1;1,063466E-1;1,259458E-1;9,361848E-1;;
02/12/2021  12:47:15,774863;9,288320E-1;1,108067E-1;1,193112E-1;9,358961E-1;;
02/12/2021  12:47:15,774963;9,285370E-1;1,283286E-1;1,268936E-1;9,356102E-1;;
02/12/2021  12:47:15,775063;9,276309E-1;1,433019E-1;1,531159E-1;9,353273E-1;;
02/12/2021  12:47:15,775163;9,267070E-1;1,681511E-1;1,524841E-1;9,350474E-1;;
02/12/2021  12:47:15,775263;9,267845E-1;1,640096E-1;1,461654E-1;9,347704E-1;;
02/12/2021  12:47:15,775363;9,273776E-1;1,777085E-1;1,714400E-1;9,344961E-1;;
02/12/2021  12:47:15,775463;9,266981E-1;1,605052E-1;1,452176E-1;9,342244E-1;;
02/12/2021  12:47:15,775563;9,263852E-1;1,668768E-1;1,663851E-1;9,339553E-1;;
02/12/2021  12:47:15,775663;9,259501E-1;1,519035E-1;1,449017E-1;9,336888E-1;;
02/12/2021  12:47:15,775763;9,270051E-1;8,181592E-2;8,455870E-2;9,334248E-1;;
02/12/2021  12:47:15,775863;9,272703E-1;1,063466E-1;1,231024E-1;9,331633E-1;;
02/12/2021  12:47:15,775963;9,274968E-1;1,401161E-1;1,366875E-1;9,329045E-1;;
02/12/2021  12:47:15,776063;9,265372E-1;1,385232E-1;1,351078E-1;9,326486E-1;;
02/12/2021  12:47:15,776163;9,261497E-1;2,702016E-2;7,981972E-2;9,323959E-1;;
02/12/2021  12:47:15,776263;9,269336E-1;1,369303E-1;1,720719E-1;9,321465E-1;;
02/12/2021  12:47:15,776363;9,277084E-1;1,251428E-1;1,253139E-1;9,319005E-1;;
02/12/2021  12:47:15,776463;9,275713E-1;1,286472E-1;1,325804E-1;9,316581E-1;;
02/12/2021  12:47:15,776563;9,271809E-1;1,159040E-1;1,155200E-1;9,314199E-1;;
02/12/2021  12:47:15,776663;9,269365E-1;1,123996E-1;1,177316E-1;9,311860E-1;;
02/12/2021  12:47:15,776763;9,283850E-1;1,222756E-1;1,268936E-1;9,309568E-1;;
02/12/2021  12:47:15,776863;9,284416E-1;1,280100E-1;1,313166E-1;9,307327E-1;;
02/12/2021  12:47:15,776963;9,285012E-1;1,203641E-1;1,268936E-1;9,305140E-1;;
02/12/2021  12:47:15,777063;9,276369E-1;1,190898E-1;1,237343E-1;9,303013E-1;;
02/12/2021  12:47:15,777163;9,276369E-1;9,806350E-2;9,719598E-2;9,300949E-1;;
02/12/2021  12:47:15,777263;9,285966E-1;1,197269E-1;1,221546E-1;9,298949E-1;;
02/12/2021  12:47:15,777363;9,285936E-1;1,245056E-1;1,237343E-1;9,297018E-1;;
02/12/2021  12:47:15,777463;9,285757E-1;1,063466E-1;1,246821E-1;9,295158E-1;;
02/12/2021  12:47:15,777563;9,281436E-1;-8,034130E-2;3,685297E-2;9,293371E-1;;
02/12/2021  12:47:15,777663;9,290198E-1;1,238685E-1;1,275255E-1;9,291661E-1;;
02/12/2021  12:47:15,777763;9,295026E-1;1,395838E-2;1,000394E-1;9,290030E-1;;
02/12/2021  12:47:15,777863;9,297142E-1;1,260985E-1;1,278414E-1;9,288480E-1;;
02/12/2021  12:47:15,777963;9,288320E-1;1,216384E-1;1,243661E-1;9,287015E-1;;
02/12/2021  12:47:15,778063;9,288558E-1;1,315144E-1;1,268936E-1;9,285637E-1;;
02/12/2021  12:47:15,778163;9,292075E-1;1,388417E-1;1,319485E-1;9,284347E-1;;
02/12/2021  12:47:15,778263;9,300509E-1;1,308772E-1;1,922915E-1;9,283145E-1;;
02/12/2021  12:47:15,778363;9,300092E-1;1,257800E-1;1,284732E-1;9,282032E-1;;
02/12/2021  12:47:15,778463;9,297172E-1;1,267357E-1;1,275255E-1;9,281010E-1;;
02/12/2021  12:47:15,778563;9,294847E-1;1,254614E-1;1,354238E-1;9,280080E-1;;
02/12/2021  12:47:15,778663;9,306977E-1;1,213198E-1;1,265777E-1;9,279242E-1;;
02/12/2021  12:47:15,778763;9,315262E-1;1,203641E-1;1,054102E-1;9,278497E-1;;
02/12/2021  12:47:15,778863;9,316275E-1;1,130368E-1;9,087734E-2;9,277846E-1;;
02/12/2021  12:47:15,778963;9,314100E-1;1,187712E-1;1,231024E-1;9,277291E-1;;
02/12/2021  12:47:15,779063;9,312848E-1;1,168597E-1;1,287892E-1;9,276835E-1;;
02/12/2021  12:47:15,779163;9,322295E-1;1,002936E-1;8,171531E-2;9,276477E-1;;
02/12/2021  12:47:15,779263;9,335498E-1;7,162136E-2;9,940750E-2;9,276218E-1;;
02/12/2021  12:47:15,779363;9,336035E-1;7,002846E-2;8,866581E-2;9,276061E-1;;
02/12/2021  12:47:15,779463;9,332756E-1;1,210013E-1;1,325804E-1;9,276009E-1;;
02/12/2021  12:47:15,779563;9,339224E-1;1,232313E-1;1,123607E-1;9,276062E-1;;
02/12/2021  12:47:15,779663;9,347688E-1;1,203641E-1;1,376353E-1;9,276223E-1;;
02/12/2021  12:47:15,779763;9,357731E-1;1,324701E-1;1,543797E-1;9,276494E-1;;
02/12/2021  12:47:15,779863;9,369295E-1;1,391603E-1;1,414265E-1;9,276877E-1;;
02/12/2021  12:47:15,779963;9,370964E-1;1,149482E-1;9,182514E-2;9,277376E-1;;
02/12/2021  12:47:15,780063;9,368371E-1;1,382046E-1;1,546956E-1;9,277995E-1;;
02/12/2021  12:47:15,780163;9,378236E-1;1,225942E-1;1,237343E-1;9,278737E-1;;
02/12/2021  12:47:15,780263;9,386133E-1;1,302401E-1;1,328963E-1;9,279605E-1;;
02/12/2021  12:47:15,780363;9,382974E-1;1,388417E-1;1,420583E-1;9,280601E-1;;
02/12/2021  12:47:15,780463;9,383153E-1;9,392196E-2;1,000394E-1;9,281726E-1;;
02/12/2021  12:47:15,780563;9,373437E-1;1,229127E-1;1,215227E-1;9,282980E-1;;
02/12/2021  12:47:15,780663;9,392750E-1;9,169190E-2;1,616461E-1;9,284362E-1;;
02/12/2021  12:47:15,780763;9,395670E-1;1,270543E-1;1,354238E-1;9,285870E-1;;
02/12/2021  12:47:15,780863;9,387564E-1;1,305587E-1;1,559593E-1;9,287503E-1;;
02/12/2021  12:47:15,780963;9,385061E-1;1,184526E-1;1,259458E-1;9,289257E-1;;
02/12/2021  12:47:15,781063;9,380411E-1;1,149482E-1;1,170997E-1;9,291129E-1;;
02/12/2021  12:47:15,781163;9,385090E-1;4,358632E-2;5,296550E-2;9,293113E-1;;
02/12/2021  12:47:15,781263;9,393405E-1;1,334259E-1;1,297370E-1;9,295202E-1;;
02/12/2021  12:47:15,781363;9,389471E-1;1,366117E-1;1,461654E-1;9,297389E-1;;
02/12/2021  12:47:15,781463;9,388458E-1;1,270543E-1;1,291051E-1;9,299671E-1;;
02/12/2021  12:47:15,781563;9,395968E-1;1,149482E-1;1,202590E-1;9,302038E-1;;
02/12/2021  12:47:15,781663;9,407770E-1;1,331073E-1;1,363715E-1;9,304486E-1;;
02/12/2021  12:47:15,781763;9,413642E-1;1,251428E-1;1,278414E-1;9,307010E-1;;
02/12/2021  12:47:15,781863;9,412360E-1;1,155854E-1;1,082536E-1;9,309606E-1;;
02/12/2021  12:47:15,781963;9,410810E-1;1,241871E-1;1,170997E-1;9,312271E-1;;
02/12/2021  12:47:15,782063;9,415400E-1;1,385232E-1;1,360556E-1;9,315000E-1;;
02/12/2021  12:47:15,782163;9,428990E-1;1,445762E-1;1,546956E-1;9,317789E-1;;
02/12/2021  12:47:15,782263;9,439570E-1;1,276914E-1;1,341600E-1;9,320636E-1;;
02/12/2021  12:47:15,782363;9,439183E-1;1,127182E-1;1,120448E-1;9,323538E-1;;
02/12/2021  12:47:15,782463;9,438110E-1;9,742634E-2;1,325804E-1;9,326495E-1;;
02/12/2021  12:47:15,782563;9,448601E-1;1,382046E-1;1,354238E-1;9,329505E-1;;
02/12/2021  12:47:15,782663;9,468986E-1;8,818752E-2;1,202590E-1;9,332566E-1;;
02/12/2021  12:47:15,782763;9,467734E-1;1,404346E-1;1,344760E-1;9,335681E-1;;
02/12/2021  12:47:15,782863;9,469641E-1;1,270543E-1;1,284732E-1;9,338849E-1;;
02/12/2021  12:47:15,782963;9,467853E-1;1,280100E-1;1,208909E-1;9,342072E-1;;
02/12/2021  12:47:15,783063;9,471877E-1;1,324701E-1;1,442698E-1;9,345350E-1;;
02/12/2021  12:47:15,783163;9,486719E-1;4,008194E-2;8,708615E-2;9,348681E-1;;
02/12/2021  12:47:15,783263;9,490265E-1;1,238685E-1;1,278414E-1;9,352065E-1;;
02/12/2021  12:47:15,783363;9,495183E-1;1,267357E-1;1,272095E-1;9,355503E-1;;
02/12/2021  12:47:15,783463;9,493365E-1;1,375674E-1;1,316326E-1;9,358996E-1;;
02/12/2021  12:47:15,783563;9,506389E-1;1,649653E-1;1,780746E-1;9,362542E-1;;
02/12/2021  12:47:15,783663;9,519293E-1;1,372488E-1;1,303688E-1;9,366143E-1;;
02/12/2021  12:47:15,783763;9,517922E-1;1,445762E-1;1,370034E-1;9,369799E-1;;
02/12/2021  12:47:15,783863;9,515747E-1;1,394789E-1;1,436380E-1;9,373511E-1;;
02/12/2021  12:47:15,783963;9,515061E-1;1,388417E-1;1,262617E-1;9,377279E-1;;
02/12/2021  12:47:15,784063;9,527579E-1;1,302401E-1;1,227865E-1;9,381102E-1;;
02/12/2021  12:47:15,784163;9,529844E-1;1,458505E-1;1,704922E-1;9,384978E-1;;
02/12/2021  12:47:15,784263;9,526655E-1;1,382046E-1;1,322644E-1;9,388905E-1;;
02/12/2021  12:47:15,784363;9,528890E-1;1,448948E-1;1,490088E-1;9,392882E-1;;
02/12/2021  12:47:15,784463;9,524062E-1;1,299215E-1;1,281573E-1;9,396904E-1;;
02/12/2021  12:47:15,784563;9,533748E-1;1,340630E-1;1,379512E-1;9,400967E-1;;
02/12/2021  12:47:15,784663;9,539112E-1;1,286472E-1;1,363715E-1;9,405068E-1;;
02/12/2021  12:47:15,784763;9,538904E-1;1,382046E-1;1,351078E-1;9,409201E-1;;
02/12/2021  12:47:15,784863;9,522750E-1;1,366117E-1;1,291051E-1;9,413363E-1;;
02/12/2021  12:47:15,784963;9,523466E-1;1,496735E-1;1,471132E-1;9,417547E-1;;
02/12/2021  12:47:15,785063;9,528890E-1;1,722926E-1;1,885003E-1;9,421746E-1;;
02/12/2021  12:47:15,785163;9,530440E-1;1,483991E-1;1,442698E-1;9,425950E-1;;
02/12/2021  12:47:15,785263;9,529844E-1;1,426647E-1;1,388990E-1;9,430154E-1;;
02/12/2021  12:47:15,785363;9,525284E-1;1,318330E-1;1,205749E-1;9,434349E-1;;
02/12/2021  12:47:15,785463;9,522154E-1;1,194084E-1;1,246821E-1;9,438527E-1;;
02/12/2021  12:47:15,785563;9,528592E-1;1,187712E-1;1,335282E-1;9,442681E-1;;
02/12/2021  12:47:15,785663;9,538337E-1;1,143111E-1;1,186794E-1;9,446802E-1;;
02/12/2021  12:47:15,785763;9,532913E-1;1,037979E-1;1,057261E-1;9,450883E-1;;
02/12/2021  12:47:15,785863;9,529754E-1;1,200455E-1;1,221546E-1;9,454920E-1;;
02/12/2021  12:47:15,785963;9,523674E-1;1,181340E-1;1,069899E-1;9,458906E-1;;
02/12/2021  12:47:15,786063;9,531840E-1;1,280100E-1;1,253139E-1;9,462834E-1;;
02/12/2021  12:47:15,786163;9,530261E-1;1,123996E-1;1,227865E-1;9,466696E-1;;
02/12/2021  12:47:15,786263;9,528353E-1;1,047537E-1;1,212068E-1;9,470489E-1;;
02/12/2021  12:47:15,786363;9,523317E-1;1,410718E-1;1,512204E-1;9,474205E-1;;
02/12/2021  12:47:15,786463;9,528502E-1;1,159040E-1;1,183634E-1;9,477839E-1;;
02/12/2021  12:47:15,786563;9,530082E-1;1,477620E-1;1,543797E-1;9,481385E-1;;
02/12/2021  12:47:15,786663;9,535774E-1;1,162226E-1;1,256299E-1;9,484839E-1;;
02/12/2021  12:47:15,786763;9,525850E-1;1,073023E-1;1,057261E-1;9,488198E-1;;
02/12/2021  12:47:15,786863;9,518846E-1;1,015679E-1;1,467973E-1;9,491458E-1;;
02/12/2021  12:47:15,786963;9,512409E-1;1,082581E-1;1,136244E-1;9,494613E-1;;
02/12/2021  12:47:15,787063;9,517505E-1;9,360338E-2;1,003553E-1;9,497660E-1;;
02/12/2021  12:47:15,787163;9,510054E-1;8,818752E-2;1,035146E-1;9,500591E-1;;
02/12/2021  12:47:15,787263;9,506389E-1;1,031608E-1;1,126766E-1;9,503403E-1;;
02/12/2021  12:47:15,787363;9,500398E-1;1,139925E-1;1,227865E-1;9,506089E-1;;
02/12/2021  12:47:15,787463;9,500249E-1;9,487770E-2;1,060421E-1;9,508645E-1;;
02/12/2021  12:47:15,787563;9,498103E-1;1,066652E-1;9,909157E-2;9,511066E-1;;
02/12/2021  12:47:15,787663;9,495034E-1;9,838208E-2;1,050943E-1;9,513347E-1;;
02/12/2021  12:47:15,787763;9,490146E-1;1,037979E-1;1,161519E-1;9,515483E-1;;
02/12/2021  12:47:15,787863;9,478255E-1;1,098510E-1;1,281573E-1;9,517472E-1;;
02/12/2021  12:47:15,787963;9,479178E-1;1,165411E-1;1,208909E-1;9,519307E-1;;
02/12/2021  12:47:15,788063;9,481414E-1;1,404346E-1;1,303688E-1;9,520985E-1;;
02/12/2021  12:47:15,788163;9,477867E-1;1,585937E-1;1,550115E-1;9,522502E-1;;
02/12/2021  12:47:15,788263;9,474559E-1;1,636910E-1;1,474292E-1;9,523857E-1;;
02/12/2021  12:47:15,788363;9,459151E-1;1,726112E-1;1,442698E-1;9,525046E-1;;
02/12/2021  12:47:15,788463;9,469075E-1;7,608148E-2;1,164678E-1;9,526069E-1;;
02/12/2021  12:47:15,788563;9,473516E-1;1,942747E-1;2,042969E-1;9,526922E-1;;
02/12/2021  12:47:15,788663;9,465529E-1;1,796200E-1;1,581709E-1;9,527607E-1;;
02/12/2021  12:47:15,788763;9,460105E-1;1,417090E-1;1,641736E-1;9,528123E-1;;
02/12/2021  12:47:15,788863;9,449971E-1;1,554079E-1;1,423743E-1;9,528474E-1;;
02/12/2021  12:47:15,788963;9,458823E-1;1,382046E-1;1,354238E-1;9,528657E-1;;
02/12/2021  12:47:15,789063;9,460492E-1;1,477620E-1;1,496407E-1;9,528676E-1;;
02/12/2021  12:47:15,789163;9,458614E-1;1,273729E-1;1,234183E-1;9,528532E-1;;
02/12/2021  12:47:15,789263;9,449018E-1;1,181340E-1;1,259458E-1;9,528230E-1;;
02/12/2021  12:47:15,789363;9,446127E-1;1,069837E-1;1,189953E-1;9,527774E-1;;
02/12/2021  12:47:15,789463;9,448720E-1;1,286472E-1;1,256299E-1;9,527165E-1;;
02/12/2021  12:47:15,789563;9,454978E-1;1,178155E-1;1,047783E-1;9,526409E-1;;
02/12/2021  12:47:15,789663;9,442461E-1;1,280100E-1;1,398468E-1;9,525511E-1;;
02/12/2021  12:47:15,789763;9,440762E-1;1,069837E-1;1,199431E-1;9,524476E-1;;
02/12/2021  12:47:15,789863;9,439630E-1;1,315144E-1;1,212068E-1;9,523308E-1;;
02/12/2021  12:47:15,789963;9,443355E-1;1,391603E-1;1,411105E-1;9,522013E-1;;
02/12/2021  12:47:15,790063;9,443713E-1;1,305587E-1;1,278414E-1;9,520596E-1;;
02/12/2021  12:47:15,790163;9,437633E-1;1,283286E-1;1,461654E-1;9,519064E-1;;
02/12/2021  12:47:15,790263;9,434832E-1;1,206827E-1;1,186794E-1;9,517423E-1;;
02/12/2021  12:47:15,790363;9,432567E-1;9,870066E-2;1,123607E-1;9,515679E-1;;
02/12/2021  12:47:15,790463;9,444667E-1;1,359745E-1;1,328963E-1;9,513839E-1;;
02/12/2021  12:47:15,790563;9,441776E-1;1,238685E-1;1,208909E-1;9,511909E-1;;
02/12/2021  12:47:15,790663;9,433699E-1;9,392196E-2;7,729226E-2;9,509898E-1;;
02/12/2021  12:47:15,790763;9,424669E-1;9,901924E-2;1,013031E-1;9,507814E-1;;
02/12/2021  12:47:15,790863;9,419692E-1;1,385232E-1;1,335282E-1;9,505661E-1;;
02/12/2021  12:47:15,790963;9,420198E-1;1,254614E-1;1,057261E-1;9,503444E-1;;
02/12/2021  12:47:15,791063;9,415400E-1;1,216384E-1;1,208909E-1;9,501168E-1;;
02/12/2021  12:47:15,791163;9,412151E-1;-1,789962E-2;5,106991E-2;9,498836E-1;;
02/12/2021  12:47:15,791263;9,399694E-1;1,375674E-1;1,095173E-1;9,496453E-1;;
02/12/2021  12:47:15,791363;9,397906E-1;1,111253E-1;1,265777E-1;9,494020E-1;;
02/12/2021  12:47:15,791463;9,399217E-1;9,774492E-2;1,000394E-1;9,491540E-1;;
02/12/2021  12:47:15,791563;9,392005E-1;1,155854E-1;1,240502E-1;9,489014E-1;;
02/12/2021  12:47:15,791663;9,378832E-1;1,337445E-1;1,338441E-1;9,486444E-1;;
02/12/2021  12:47:15,791763;9,369652E-1;1,229127E-1;1,174156E-1;9,483831E-1;;
02/12/2021  12:47:15,791863;9,374600E-1;1,184526E-1;1,531159E-1;9,481172E-1;;
02/12/2021  12:47:15,791963;9,372037E-1;-5,793582E-3;4,569906E-2;9,478469E-1;;
02/12/2021  12:47:15,792063;9,366762E-1;1,289658E-1;1,328963E-1;9,475721E-1;;
02/12/2021  12:47:15,792163;9,359400E-1;1,350188E-1;1,360556E-1;9,472929E-1;;
02/12/2021  12:47:15,792263;9,348641E-1;1,347002E-1;1,370034E-1;9,470092E-1;;
02/12/2021  12:47:15,792363;9,356956E-1;1,012493E-1;1,196272E-1;9,467211E-1;;
02/12/2021  12:47:15,792463;9,358297E-1;1,210013E-1;1,253139E-1;9,464284E-1;;
02/12/2021  12:47:15,792563;9,358774E-1;1,280100E-1;1,275255E-1;9,461313E-1;;
02/12/2021  12:47:15,792663;9,349059E-1;1,280100E-1;1,496407E-1;9,458302E-1;;
02/12/2021  12:47:15,792763;9,337644E-1;1,289658E-1;1,313166E-1;9,455252E-1;;
02/12/2021  12:47:15,792863;9,339879E-1;1,241871E-1;1,196272E-1;9,452164E-1;;
02/12/2021  12:47:15,792963;9,340803E-1;1,324701E-1;1,651214E-1;9,449039E-1;;
02/12/2021  12:47:15,793063;9,335677E-1;1,229127E-1;1,183634E-1;9,445879E-1;;
02/12/2021  12:47:15,793163;9,328882E-1;1,633724E-1;1,679647E-1;9,442686E-1;;
02/12/2021  12:47:15,793263;9,324411E-1;1,171783E-1;1,205749E-1;9,439461E-1;;
02/12/2021  12:47:15,793363;9,332101E-1;8,627604E-2;1,038306E-1;9,436206E-1;;
02/12/2021  12:47:15,793463;9,333412E-1;1,270543E-1;1,313166E-1;9,432923E-1;;
02/12/2021  12:47:15,793563;9,322504E-1;1,165411E-1;1,234183E-1;9,429616E-1;;
02/12/2021  12:47:15,793663;9,318570E-1;1,178155E-1;1,161519E-1;9,426286E-1;;
02/12/2021  12:47:15,793763;9,318332E-1;1,292843E-1;1,606983E-1;9,422939E-1;;
02/12/2021  12:47:15,793863;9,323726E-1;1,276914E-1;1,398468E-1;9,419574E-1;;
02/12/2021  12:47:15,793963;9,318749E-1;1,235499E-1;1,259458E-1;9,416197E-1;;
02/12/2021  12:47:15,794063;9,319911E-1;1,139925E-1;1,205749E-1;9,412811E-1;;
02/12/2021  12:47:15,794163;9,313057E-1;1,286472E-1;1,272095E-1;9,409420E-1;;
02/12/2021  12:47:15,794263;9,311835E-1;1,350188E-1;1,366875E-1;9,406027E-1;;
02/12/2021  12:47:15,794363;9,319583E-1;1,331073E-1;1,439539E-1;9,402637E-1;;
02/12/2021  12:47:15,794463;9,327332E-1;1,251428E-1;1,249980E-1;9,399253E-1;;
02/12/2021  12:47:15,794563;9,318510E-1;1,184526E-1;1,316326E-1;9,395881E-1;;
02/12/2021  12:47:15,794663;9,307364E-1;1,245056E-1;1,281573E-1;9,392528E-1;;
02/12/2021  12:47:15,794763;9,309659E-1;9,838208E-2;8,898175E-2;9,389196E-1;;
02/12/2021  12:47:15,794863;9,311179E-1;1,257800E-1;1,164678E-1;9,385890E-1;;
02/12/2021  12:47:15,794963;9,310404E-1;1,276914E-1;1,249980E-1;9,382613E-1;;
02/12/2021  12:47:15,795063;9,313593E-1;1,347002E-1;1,379512E-1;9,379368E-1;;
02/12/2021  12:47:15,795163;9,305785E-1;1,267357E-1;1,351078E-1;9,376161E-1;;
02/12/2021  12:47:15,795263;9,308318E-1;1,203641E-1;1,129926E-1;9,372993E-1;;
02/12/2021  12:47:15,795363;9,318451E-1;-2,554554E-2;5,517702E-2;9,369869E-1;;
02/12/2021  12:47:15,795463;9,312937E-1;1,044351E-1;1,148882E-1;9,366793E-1;;
02/12/2021  12:47:15,795563;9,317169E-1;1,152668E-1;1,205749E-1;9,363770E-1;;
02/12/2021  12:47:15,795663;9,310553E-1;3,880762E-2;8,329497E-2;9,360803E-1;;
02/12/2021  12:47:15,795763;9,312490E-1;1,232313E-1;1,212068E-1;9,357898E-1;;
02/12/2021  12:47:15,795863;9,319554E-1;1,181340E-1;1,136244E-1;9,355058E-1;;
02/12/2021  12:47:15,795963;9,320984E-1;1,257800E-1;1,272095E-1;9,352286E-1;;
02/12/2021  12:47:15,796063;9,322385E-1;1,423461E-1;1,392149E-1;9,349587E-1;;
02/12/2021  12:47:15,796163;9,320120E-1;1,197269E-1;1,325804E-1;9,346966E-1;;
02/12/2021  12:47:15,796263;9,326498E-1;1,178155E-1;1,265777E-1;9,344427E-1;;
02/12/2021  12:47:15,796363;9,335886E-1;1,197269E-1;1,009872E-1;9,341973E-1;;
02/12/2021  12:47:15,796463;9,341310E-1;-1,333462E-3;5,391329E-2;9,339611E-1;;
02/12/2021  12:47:15,796563;9,337465E-1;1,225942E-1;1,224705E-1;9,337346E-1;;
02/12/2021  12:47:15,796663;9,332011E-1;1,197269E-1;1,193112E-1;9,335183E-1;;
02/12/2021  12:47:15,796763;9,342800E-1;1,053908E-1;1,177316E-1;9,333127E-1;;
02/12/2021  12:47:15,796863;9,346436E-1;1,280100E-1;1,629098E-1;9,331181E-1;;
02/12/2021  12:47:15,796963;9,350936E-1;1,257800E-1;1,325804E-1;9,329349E-1;;
02/12/2021  12:47:15,797063;9,352337E-1;1,194084E-1;1,221546E-1;9,327635E-1;;
02/12/2021  12:47:15,797163;9,352665E-1;8,372740E-2;8,234717E-2;9,326044E-1;;
02/12/2021  12:47:15,797263;9,360771E-1;1,178155E-1;1,041465E-1;9,324580E-1;;
02/12/2021  12:47:15,797363;9,363960E-1;1,691068E-1;1,853410E-1;9,323244E-1;;
02/12/2021  12:47:15,797463;9,371262E-1;1,296029E-1;1,224705E-1;9,322042E-1;;
02/12/2021  12:47:15,797563;9,366046E-1;1,499920E-1;1,054102E-1;9,320976E-1;;
02/12/2021  12:47:15,797663;9,363185E-1;1,213198E-1;1,272095E-1;9,320049E-1;;
02/12/2021  12:47:15,797763;9,372901E-1;1,178155E-1;1,268936E-1;9,319262E-1;;
02/12/2021  12:47:15,797863;9,377163E-1;1,187712E-1;1,272095E-1;9,318616E-1;;
02/12/2021  12:47:15,797963;9,375255E-1;1,060280E-1;1,110970E-1;9,318112E-1;;
02/12/2021  12:47:15,798063;9,376626E-1;1,204690E-2;5,833634E-2;9,317750E-1;;
02/12/2021  12:47:15,798163;9,372335E-1;1,401161E-1;1,360556E-1;9,317530E-1;;
02/12/2021  12:47:15,798263;9,385508E-1;1,413904E-1;1,272095E-1;9,317450E-1;;
02/12/2021  12:47:15,798363;9,388935E-1;1,321516E-1;1,354238E-1;9,317508E-1;;
02/12/2021  12:47:15,798463;9,382408E-1;1,299215E-1;1,673329E-1;9,317704E-1;;
02/12/2021  12:47:15,798563;9,376060E-1;1,426647E-1;1,430061E-1;9,318035E-1;;
02/12/2021  12:47:15,798663;9,369503E-1;1,423461E-1;1,407946E-1;9,318498E-1;;
02/12/2021  12:47:15,798763;9,374033E-1;1,229127E-1;1,354238E-1;9,319086E-1;;
02/12/2021  12:47:15,798863;9,380054E-1;1,324701E-1;1,300529E-1;9,319793E-1;;
02/12/2021  12:47:15,798963;9,376477E-1;1,519035E-1;1,695444E-1;9,320613E-1;;
02/12/2021  12:47:15,799063;9,375226E-1;1,321516E-1;1,322644E-1;9,321539E-1;;
02/12/2021  12:47:15,799163;9,376686E-1;7,321426E-2;1,031987E-1;9,322566E-1;;
02/12/2021  12:47:15,799263;9,381633E-1;1,165411E-1;1,234183E-1;9,323686E-1;;
02/12/2021  12:47:15,799363;9,395849E-1;1,037979E-1;1,164678E-1;9,324894E-1;;
02/12/2021  12:47:15,799463;9,393048E-1;7,130278E-2;8,234717E-2;9,326185E-1;;
02/12/2021  12:47:15,799563;9,390187E-1;1,273729E-1;1,546956E-1;9,327555E-1;;
02/12/2021  12:47:15,799663;9,391975E-1;1,044351E-1;1,076217E-1;9,329000E-1;;
02/12/2021  12:47:15,799763;9,404075E-1;1,101695E-1;1,480610E-1;9,330515E-1;;
02/12/2021  12:47:15,799863;9,404611E-1;9,965640E-2;1,186794E-1;9,332097E-1;;
02/12/2021  12:47:15,799963;9,410453E-1;8,659462E-2;1,044624E-1;9,333744E-1;;
02/12/2021  12:47:15,800063;9,414417E-1;9,455912E-2;1,092014E-1;9,335452E-1;;
02/12/2021  12:47:15,800163;9,414446E-1;9,201048E-2;1,088855E-1;9,337219E-1;;
02/12/2021  12:47:15,800263;9,430749E-1;1,168597E-1;1,098333E-1;9,339045E-1;;
02/12/2021  12:47:15,800363;9,432835E-1;1,149482E-1;1,268936E-1;9,340928E-1;;
02/12/2021  12:47:15,800463;9,434295E-1;9,424054E-2;1,129926E-1;9,342869E-1;;
02/12/2021  12:47:15,800563;9,428782E-1;8,882468E-2;9,056141E-2;9,344868E-1;;
02/12/2021  12:47:15,800663;9,431047E-1;7,894870E-2;1,259458E-1;9,346923E-1;;
02/12/2021  12:47:15,800763;9,440882E-1;9,360338E-2;1,199431E-1;9,349033E-1;;
02/12/2021  12:47:15,800863;9,435755E-1;1,022050E-1;1,174156E-1;9,351195E-1;;
02/12/2021  12:47:15,800963;9,440017E-1;9,169190E-2;1,022509E-1;9,353409E-1;;
02/12/2021  12:47:15,801063;9,432835E-1;1,203641E-1;1,262617E-1;9,355670E-1;;
02/12/2021  12:47:15,801163;9,445531E-1;9,105474E-2;1,120448E-1;9,357977E-1;;
02/12/2021  12:47:15,801263;9,452594E-1;1,353374E-1;1,411105E-1;9,360327E-1;;
02/12/2021  12:47:15,801363;9,454740E-1;1,343816E-1;1,319485E-1;9,362717E-1;;
02/12/2021  12:47:15,801463;9,452505E-1;1,506292E-1;1,667010E-1;9,365146E-1;;
02/12/2021  12:47:15,801563;9,453637E-1;1,254614E-1;1,227865E-1;9,367612E-1;;
02/12/2021  12:47:15,801663;9,462936E-1;1,611423E-1;1,420583E-1;9,370114E-1;;
02/12/2021  12:47:15,801763;9,468986E-1;1,828058E-1;1,903959E-1;9,372650E-1;;
02/12/2021  12:47:15,801863;9,466304E-1;1,633724E-1;1,392149E-1;9,375218E-1;;
02/12/2021  12:47:15,801963;9,465141E-1;1,066652E-1;1,104651E-1;9,377818E-1;;
02/12/2021  12:47:15,802063;9,465529E-1;1,605052E-1;1,512204E-1;9,380446E-1;;
02/12/2021  12:47:15,802163;9,473248E-1;1,930003E-1;1,616461E-1;9,383101E-1;;
02/12/2021  12:47:15,802263;9,477897E-1;1,496735E-1;1,505885E-1;9,385781E-1;;
02/12/2021  12:47:15,802363;9,473188E-1;1,397975E-1;1,442698E-1;9,388482E-1;;
02/12/2021  12:47:15,802463;9,465469E-1;1,286472E-1;1,275255E-1;9,391204E-1;;
02/12/2021  12:47:15,802563;9,453995E-1;1,359745E-1;1,414265E-1;9,393942E-1;;
02/12/2021  12:47:15,802663;9,456677E-1;1,353374E-1;1,417424E-1;9,396689E-1;;
02/12/2021  12:47:15,802763;9,459002E-1;1,331073E-1;1,332122E-1;9,399439E-1;;
02/12/2021  12:47:15,802863;9,445590E-1;1,372488E-1;1,347919E-1;9,402183E-1;;
02/12/2021  12:47:15,802963;9,438319E-1;1,254614E-1;1,281573E-1;9,404915E-1;;
02/12/2021  12:47:15,803063;9,425354E-1;1,296029E-1;1,281573E-1;9,407625E-1;;
02/12/2021  12:47:15,803163;9,429318E-1;1,248242E-1;1,370034E-1;9,410300E-1;;
02/12/2021  12:47:15,803263;9,433669E-1;1,238685E-1;1,297370E-1;9,412931E-1;;
02/12/2021  12:47:15,803363;9,427619E-1;1,280100E-1;1,332122E-1;9,415507E-1;;
02/12/2021  12:47:15,803463;9,409469E-1;1,433019E-1;1,363715E-1;9,418019E-1;;
02/12/2021  12:47:15,803563;9,409052E-1;8,309024E-2;8,139938E-2;9,420456E-1;;
02/12/2021  12:47:15,803663;9,412032E-1;9,551486E-2;1,057261E-1;9,422807E-1;;
02/12/2021  12:47:15,803763;9,407770E-1;1,257800E-1;1,328963E-1;9,425063E-1;;
02/12/2021  12:47:15,803863;9,400737E-1;1,359745E-1;1,370034E-1;9,427214E-1;;
02/12/2021  12:47:15,803963;9,393703E-1;1,534964E-1;1,543797E-1;9,429251E-1;;
02/12/2021  12:47:15,804063;9,396356E-1;1,321516E-1;1,268936E-1;9,431167E-1;;
02/12/2021  12:47:15,804163;9,399068E-1;1,280100E-1;1,360556E-1;9,432953E-1;;
02/12/2021  12:47:15,804263;9,394896E-1;1,391603E-1;1,411105E-1;9,434602E-1;;
02/12/2021  12:47:15,804363;9,387743E-1;1,286472E-1;1,218387E-1;9,436111E-1;;
02/12/2021  12:47:15,804463;9,376924E-1;1,283286E-1;1,332122E-1;9,437474E-1;;
02/12/2021  12:47:15,804563;9,374153E-1;1,222756E-1;1,237343E-1;9,438685E-1;;
02/12/2021  12:47:15,804663;9,373795E-1;1,245056E-1;1,136244E-1;9,439739E-1;;
02/12/2021  12:47:15,804763;9,367268E-1;1,267357E-1;1,246821E-1;9,440632E-1;;
02/12/2021  12:47:15,804863;9,357999E-1;1,359745E-1;1,259458E-1;9,441360E-1;;
02/12/2021  12:47:15,804963;9,351353E-1;1,417090E-1;1,471132E-1;9,441918E-1;;
02/12/2021  12:47:15,805063;9,346555E-1;1,238685E-1;1,275255E-1;9,442301E-1;;
02/12/2021  12:47:15,805163;9,342472E-1;1,404346E-1;1,202590E-1;9,442508E-1;;
02/12/2021  12:47:15,805263;9,340207E-1;1,219570E-1;1,278414E-1;9,442533E-1;;
02/12/2021  12:47:15,805363;9,333293E-1;1,267357E-1;1,297370E-1;9,442374E-1;;
02/12/2021  12:47:15,805463;9,328494E-1;1,152668E-1;1,186794E-1;9,442030E-1;;
02/12/2021  12:47:15,805563;9,332071E-1;1,340630E-1;1,306848E-1;9,441499E-1;;
02/12/2021  12:47:15,805663;9,334246E-1;1,503106E-1;1,316326E-1;9,440782E-1;;
02/12/2021  12:47:15,805763;9,331773E-1;1,203641E-1;1,152041E-1;9,439881E-1;;
02/12/2021  12:47:15,805863;9,326736E-1;1,283286E-1;1,268936E-1;9,438798E-1;;
02/12/2021  12:47:15,805963;9,323428E-1;3,753330E-2;9,182514E-2;9,437537E-1;;
02/12/2021  12:47:15,806063;9,330193E-1;4,135626E-2;9,245700E-2;9,436104E-1;;
02/12/2021  12:47:15,806163;9,332101E-1;1,719741E-1;2,030332E-1;9,434503E-1;;
02/12/2021  12:47:15,806263;9,329418E-1;1,292843E-1;1,212068E-1;9,432741E-1;;
02/12/2021  12:47:15,806363;9,325127E-1;-1,885536E-2;2,895467E-2;9,430827E-1;;
02/12/2021  12:47:15,806463;9,322772E-1;1,267357E-1;1,278414E-1;9,428768E-1;;
02/12/2021  12:47:15,806563;9,327839E-1;1,302401E-1;1,284732E-1;9,426572E-1;;
02/12/2021  12:47:15,806663;9,332011E-1;1,334259E-1;1,338441E-1;9,424249E-1;;
02/12/2021  12:47:15,806763;9,332041E-1;1,334259E-1;1,284732E-1;9,421807E-1;;
02/12/2021  12:47:15,806863;9,328405E-1;1,248242E-1;1,420583E-1;9,419257E-1;;
02/12/2021  12:47:15,806963;9,329240E-1;1,413904E-1;1,357397E-1;9,416611E-1;;
02/12/2021  12:47:15,807063;9,332756E-1;1,136739E-1;1,142563E-1;9,413879E-1;;
02/12/2021  12:47:15,807163;9,343962E-1;1,073023E-1;1,035146E-1;9,411071E-1;;
02/12/2021  12:47:15,807263;9,338419E-1;1,162226E-1;1,193112E-1;9,408200E-1;;
02/12/2021  12:47:15,807363;9,336273E-1;1,455319E-1;1,347919E-1;9,405279E-1;;
02/12/2021  12:47:15,807463;9,345393E-1;8,468314E-2;8,297904E-2;9,402318E-1;;
02/12/2021  12:47:15,807563;9,349923E-1;1,155854E-1;1,265777E-1;9,399331E-1;;
02/12/2021  12:47:15,807663;9,353559E-1;1,162226E-1;1,212068E-1;9,396330E-1;;
02/12/2021  12:47:15,807763;9,355138E-1;1,366117E-1;1,376353E-1;9,393328E-1;;
02/12/2021  12:47:15,807863;9,359102E-1;1,327887E-1;1,224705E-1;9,390339E-1;;
02/12/2021  12:47:15,807963;9,362738E-1;1,146297E-1;1,180475E-1;9,387374E-1;;
02/12/2021  12:47:15,808063;9,376060E-1;1,200455E-1;1,158360E-1;9,384447E-1;;
02/12/2021  12:47:15,808163;9,380769E-1;1,445762E-1;1,388990E-1;9,381570E-1;;
02/12/2021  12:47:15,808263;9,377759E-1;1,356559E-1;1,363715E-1;9,378759E-1;;
02/12/2021  12:47:15,808363;9,372424E-1;1,554079E-1;1,679647E-1;9,376025E-1;;
02/12/2021  12:47:15,808463;9,375315E-1;1,117624E-1;1,180475E-1;9,373380E-1;;
02/12/2021  12:47:15,808563;9,383660E-1;1,190898E-1;8,613836E-2;9,370832E-1;;
02/12/2021  12:47:15,808663;9,384137E-1;1,254614E-1;1,262617E-1;9,368391E-1;;
02/12/2021  12:47:15,808763;9,389322E-1;1,203641E-1;1,240502E-1;9,366065E-1;;
02/12/2021  12:47:15,808863;9,390008E-1;1,369303E-1;1,370034E-1;9,363863E-1;;
02/12/2021  12:47:15,808963;9,396147E-1;1,197269E-1;1,259458E-1;9,361792E-1;;
02/12/2021  12:47:15,809063;9,414148E-1;1,168597E-1;1,006712E-1;9,359860E-1;;
02/12/2021  12:47:15,809163;9,411466E-1;1,442576E-1;1,385831E-1;9,358075E-1;;
02/12/2021  12:47:15,809263;9,415400E-1;1,232313E-1;1,208909E-1;9,356444E-1;;
02/12/2021  12:47:15,809363;9,414625E-1;1,203641E-1;1,054102E-1;9,354975E-1;;
02/12/2021  12:47:15,809463;9,423208E-1;1,213198E-1;1,022509E-1;9,353673E-1;;
02/12/2021  12:47:15,809563;9,438915E-1;1,321516E-1;9,056141E-2;9,352544E-1;;
02/12/2021  12:47:15,809663;9,445084E-1;1,267357E-1;1,221546E-1;9,351594E-1;;
02/12/2021  12:47:15,809763;9,441209E-1;1,194084E-1;1,189953E-1;9,350829E-1;;
02/12/2021  12:47:15,809863;9,448332E-1;1,232313E-1;1,322644E-1;9,350255E-1;;
02/12/2021  12:47:15,809963;9,462191E-1;1,251428E-1;1,120448E-1;9,349876E-1;;
02/12/2021  12:47:15,810063;9,476794E-1;1,133553E-1;1,139404E-1;9,349696E-1;;
02/12/2021  12:47:15,810163;9,477480E-1;6,493118E-2;5,138584E-2;9,349721E-1;;
02/12/2021  12:47:15,810263;9,480877E-1;1,165411E-1;1,167838E-1;9,349955E-1;;
02/12/2021  12:47:15,810363;9,482367E-1;1,334259E-1;1,379512E-1;9,350403E-1;;
02/12/2021  12:47:15,810463;9,489908E-1;1,490363E-1;1,401627E-1;9,351066E-1;;
02/12/2021  12:47:15,810563;9,496792E-1;2,411059E-1;2,298874E-1;9,351946E-1;;
02/12/2021  12:47:15,810663;9,502037E-1;1,025236E-1;1,013031E-1;9,353044E-1;;
02/12/2021  12:47:15,810763;9,498252E-1;1,178155E-1;1,227865E-1;9,354360E-1;;
02/12/2021  12:47:15,810863;9,500339E-1;1,420275E-1;1,407946E-1;9,355892E-1;;
02/12/2021  12:47:15,810963;9,506538E-1;1,353374E-1;1,152041E-1;9,357638E-1;;
02/12/2021  12:47:15,811063;9,512051E-1;1,248242E-1;1,325804E-1;9,359593E-1;;
02/12/2021  12:47:15,811163;9,514286E-1;1,257800E-1;1,265777E-1;9,361754E-1;;
02/12/2021  12:47:15,811263;9,501769E-1;1,334259E-1;1,385831E-1;9,364115E-1;;
02/12/2021  12:47:15,811363;9,499206E-1;1,133553E-1;1,398468E-1;9,366668E-1;;
02/12/2021  12:47:15,811463;9,507432E-1;1,069837E-1;1,120448E-1;9,369404E-1;;
02/12/2021  12:47:15,811563;9,501143E-1;1,219570E-1;1,237343E-1;9,372313E-1;;
02/12/2021  12:47:15,811663;9,500845E-1;1,324701E-1;1,344760E-1;9,375383E-1;;
02/12/2021  12:47:15,811763;9,498938E-1;9,498258E-3;6,244346E-2;9,378603E-1;;
02/12/2021  12:47:15,811863;9,498759E-1;3,275460E-2;7,918786E-2;9,381959E-1;;
02/12/2021  12:47:15,811963;9,507521E-1;1,436204E-1;1,423743E-1;9,385439E-1;;
02/12/2021  12:47:15,812063;9,508058E-1;1,200455E-1;1,227865E-1;9,389029E-1;;
02/12/2021  12:47:15,812163;9,507223E-1;1,649653E-1;1,837613E-1;9,392719E-1;;
02/12/2021  12:47:15,812263;9,494914E-1;1,219570E-1;1,227865E-1;9,396495E-1;;
02/12/2021  12:47:15,812363;9,496464E-1;1,127182E-1;1,234183E-1;9,400345E-1;;
02/12/2021  12:47:15,812463;9,502931E-1;1,073023E-1;1,003553E-1;9,404254E-1;;
02/12/2021  12:47:15,812563;9,506836E-1;1,248242E-1;1,234183E-1;9,408209E-1;;
02/12/2021  12:47:15,812663;9,503617E-1;1,321516E-1;1,430061E-1;9,412199E-1;;
02/12/2021  12:47:15,812763;9,500786E-1;1,324701E-1;1,420583E-1;9,416210E-1;;
02/12/2021  12:47:15,812863;9,505107E-1;9,583344E-2;9,245700E-2;9,420233E-1;;
02/12/2021  12:47:15,812963;9,513184E-1;1,057094E-1;1,275255E-1;9,424255E-1;;
02/12/2021  12:47:15,813063;9,512170E-1;1,009307E-1;1,139404E-1;9,428267E-1;;
02/12/2021  12:47:15,813163;9,511038E-1;9,455912E-2;1,117289E-1;9,432261E-1;;
02/12/2021  12:47:15,813263;9,507879E-1;1,085766E-1;1,322644E-1;9,436227E-1;;
02/12/2021  12:47:15,813363;9,507104E-1;1,480806E-1;1,562753E-1;9,440157E-1;;
02/12/2021  12:47:15,813463;9,513213E-1;-4,083738E-2;4,348754E-2;9,444044E-1;;
02/12/2021  12:47:15,813563;9,516939E-1;1,006121E-1;1,155200E-1;9,447878E-1;;
02/12/2021  12:47:15,813663;9,516671E-1;4,900218E-2;6,749837E-2;9,451653E-1;;
02/12/2021  12:47:15,813763;9,507849E-1;7,608148E-2;9,150920E-2;9,455365E-1;;
02/12/2021  12:47:15,813863;9,521201E-1;4,804644E-2;7,318515E-2;9,459006E-1;;
02/12/2021  12:47:15,813963;9,521409E-1;5,855958E-2;6,212753E-2;9,462572E-1;;
02/12/2021  12:47:15,814063;9,523376E-1;9,774492E-2;1,117289E-1;9,466060E-1;;
02/12/2021  12:47:15,814163;9,516134E-1;8,213450E-2;1,066739E-1;9,469465E-1;;
02/12/2021  12:47:15,814263;9,504898E-1;1,041165E-1;1,183634E-1;9,472784E-1;;
02/12/2021  12:47:15,814363;9,507104E-1;1,057094E-1;1,310007E-1;9,476012E-1;;
02/12/2021  12:47:15,814463;9,514048E-1;8,627604E-2;8,834988E-2;9,479144E-1;;
02/12/2021  12:47:15,814563;9,511097E-1;9,838208E-2;1,237343E-1;9,482175E-1;;
02/12/2021  12:47:15,814663;9,507283E-1;1,308772E-1;1,379512E-1;9,485102E-1;;
02/12/2021  12:47:15,814763;9,495868E-1;1,554079E-1;1,322644E-1;9,487921E-1;;
02/12/2021  12:47:15,814863;9,494199E-1;1,382046E-1;1,268936E-1;9,490627E-1;;
02/12/2021  12:47:15,814963;9,497060E-1;2,420617E-1;2,001898E-1;9,493217E-1;;
02/12/2021  12:47:15,815063;9,494318E-1;1,624167E-1;1,344760E-1;9,495684E-1;;
02/12/2021  12:47:15,815163;9,488000E-1;1,993719E-1;2,248325E-1;9,498025E-1;;
02/12/2021  12:47:15,815263;9,479089E-1;1,735670E-1;1,581709E-1;9,500237E-1;;
02/12/2021  12:47:15,815363;9,484513E-1;1,538150E-1;1,534319E-1;9,502314E-1;;
02/12/2021  12:47:15,815463;9,487553E-1;1,280100E-1;1,404787E-1;9,504253E-1;;
02/12/2021  12:47:15,815563;9,481354E-1;1,203641E-1;1,256299E-1;9,506052E-1;;
02/12/2021  12:47:15,815663;9,477062E-1;1,605052E-1;1,723878E-1;9,507709E-1;;
02/12/2021  12:47:15,815763;9,471907E-1;1,123996E-1;1,133085E-1;9,509221E-1;;
02/12/2021  12:47:15,815863;9,474112E-1;1,133553E-1;1,123607E-1;9,510587E-1;;
02/12/2021  12:47:15,815963;9,481384E-1;1,022050E-1;1,224705E-1;9,511807E-1;;
02/12/2021  12:47:15,816063;9,470595E-1;1,350188E-1;1,376353E-1;9,512879E-1;;
02/12/2021  12:47:15,816163;9,452833E-1;1,241871E-1;1,050943E-1;9,513804E-1;;
02/12/2021  12:47:15,816263;9,444756E-1;1,025236E-1;1,088855E-1;9,514581E-1;;
02/12/2021  12:47:15,816363;9,443504E-1;1,219570E-1;1,193112E-1;9,515206E-1;;
02/12/2021  12:47:15,816463;9,437901E-1;1,267357E-1;1,268936E-1;9,515678E-1;;
02/12/2021  12:47:15,816563;9,423983E-1;1,378860E-1;1,385831E-1;9,515991E-1;;
02/12/2021  12:47:15,816663;9,413075E-1;1,190898E-1;1,088855E-1;9,516143E-1;;
02/12/2021  12:47:15,816763;9,401303E-1;1,114439E-1;1,180475E-1;9,516130E-1;;
02/12/2021  12:47:15,816863;9,404939E-1;1,289658E-1;1,366875E-1;9,515945E-1;;
02/12/2021  12:47:15,816963;9,398532E-1;1,139925E-1;1,202590E-1;9,515584E-1;;
02/12/2021  12:47:15,817063;9,387504E-1;1,146297E-1;1,297370E-1;9,515044E-1;;
02/12/2021  12:47:15,817163;9,371828E-1;1,812129E-1;1,411105E-1;9,514320E-1;;
02/12/2021  12:47:15,817263;9,366940E-1;1,120810E-1;1,174156E-1;9,513410E-1;;
02/12/2021  12:47:15,817363;9,369414E-1;1,611423E-1;2,093518E-1;9,512307E-1;;
02/12/2021  12:47:15,817463;9,367536E-1;1,340630E-1;1,272095E-1;9,511011E-1;;
02/12/2021  12:47:15,817563;9,368252E-1;1,079395E-1;1,291051E-1;9,509519E-1;;
02/12/2021  12:47:15,817663;9,360652E-1;1,088952E-1;1,256299E-1;9,507832E-1;;
02/12/2021  12:47:15,817763;9,359311E-1;1,308772E-1;1,385831E-1;9,505953E-1;;
02/12/2021  12:47:15,817863;9,369652E-1;1,280100E-1;1,505885E-1;9,503884E-1;;
02/12/2021  12:47:15,817963;9,365957E-1;1,194084E-1;1,212068E-1;9,501630E-1;;
02/12/2021  12:47:15,818063;9,357344E-1;1,270543E-1;1,164678E-1;9,499198E-1;;
02/12/2021  12:47:15,818163;9,344052E-1;1,133553E-1;1,013031E-1;9,496595E-1;;
02/12/2021  12:47:15,818263;9,343098E-1;9,296622E-2;8,487463E-2;9,493824E-1;;
02/12/2021  12:47:15,818363;9,355496E-1;1,159040E-1;1,227865E-1;9,490894E-1;;
02/12/2021  12:47:15,818463;9,352396E-1;1,111253E-1;1,221546E-1;9,487809E-1;;
02/12/2021  12:47:15,818563;9,352605E-1;1,114439E-1;1,025668E-1;9,484581E-1;;
02/12/2021  12:47:15,818663;9,347330E-1;1,276914E-1;1,268936E-1;9,481218E-1;;
02/12/2021  12:47:15,818763;9,346019E-1;1,114439E-1;9,530039E-2;9,477730E-1;;
02/12/2021  12:47:15,818863;9,357374E-1;1,181340E-1;1,098333E-1;9,474127E-1;;
02/12/2021  12:47:15,818963;9,363751E-1;1,283286E-1;1,322644E-1;9,470421E-1;;
02/12/2021  12:47:15,819063;9,362649E-1;1,260985E-1;1,281573E-1;9,466626E-1;;
02/12/2021  12:47:15,819163;9,358268E-1;1,114439E-1;1,278414E-1;9,462755E-1;;
02/12/2021  12:47:15,819263;9,367030E-1;1,181340E-1;1,215227E-1;9,458821E-1;;
02/12/2021  12:47:15,819363;9,371292E-1;1,219570E-1;1,265777E-1;9,454839E-1;;
02/12/2021  12:47:15,819463;9,373944E-1;9,519628E-2;1,003553E-1;9,450823E-1;;
02/12/2021  12:47:15,819563;9,371202E-1;1,706997E-1;1,546956E-1;9,446788E-1;;
02/12/2021  12:47:15,819663;9,348641E-1;1,079395E-1;1,291051E-1;9,442749E-1;;
02/12/2021  12:47:15,819763;9,361784E-1;7,640006E-2;9,466852E-2;9,438715E-1;;
02/12/2021  12:47:15,819863;9,369414E-1;1,168597E-1;1,174156E-1;9,434697E-1;;
02/12/2021  12:47:15,819963;9,366314E-1;1,248242E-1;1,291051E-1;9,430707E-1;;
02/12/2021  12:47:15,820063;9,367924E-1;1,359745E-1;1,392149E-1;9,426755E-1;;
02/12/2021  12:47:15,820163;9,368371E-1;1,426647E-1;1,474292E-1;9,422851E-1;;
02/12/2021  12:47:15,820263;9,383958E-1;1,187712E-1;1,265777E-1;9,419007E-1;;
02/12/2021  12:47:15,820363;9,392362E-1;1,203641E-1;1,240502E-1;9,415233E-1;;
02/12/2021  12:47:15,820463;9,394478E-1;1,235499E-1;1,281573E-1;9,411542E-1;;
02/12/2021  12:47:15,820563;9,394150E-1;8,436456E-2;1,685966E-1;9,407946E-1;;
02/12/2021  12:47:15,820663;9,396982E-1;1,315144E-1;1,249980E-1;9,404459E-1;;
02/12/2021  12:47:15,820763;9,411317E-1;1,347002E-1;9,909157E-2;9,401089E-1;;
02/12/2021  12:47:15,820863;9,415132E-1;1,382046E-1;1,316326E-1;9,397850E-1;;
02/12/2021  12:47:15,820963;9,422583E-1;1,350188E-1;1,376353E-1;9,394753E-1;;
02/12/2021  12:47:15,821063;9,416056E-1;1,206827E-1;1,310007E-1;9,391808E-1;;
02/12/2021  12:47:15,821163;9,429854E-1;1,162226E-1;1,243661E-1;9,389026E-1;;
02/12/2021  12:47:15,821263;9,438855E-1;1,136739E-1;1,221546E-1;9,386416E-1;;
02/12/2021  12:47:15,821363;9,441627E-1;1,308772E-1;1,294210E-1;9,383989E-1;;
02/12/2021  12:47:15,821463;9,451104E-1;1,222756E-1;1,189953E-1;9,381753E-1;;
02/12/2021  12:47:15,821563;9,450150E-1;1,044351E-1;9,024547E-2;9,379716E-1;;
02/12/2021  12:47:15,821663;9,455932E-1;1,238685E-1;1,126766E-1;9,377887E-1;;
02/12/2021  12:47:15,821763;9,465141E-1;1,366117E-1;1,534319E-1;9,376273E-1;;
02/12/2021  12:47:15,821863;9,473754E-1;1,327887E-1;1,297370E-1;9,374879E-1;;
02/12/2021  12:47:15,821963;9,471638E-1;1,225942E-1;1,234183E-1;9,373712E-1;;
02/12/2021  12:47:15,822063;9,470238E-1;1,053908E-1;1,202590E-1;9,372775E-1;;
02/12/2021  12:47:15,822163;9,479566E-1;1,496735E-1;1,480610E-1;9,372072E-1;;
02/12/2021  12:47:15,822263;9,491308E-1;1,251428E-1;1,215227E-1;9,371605E-1;;
02/12/2021  12:47:15,822363;9,498163E-1;1,111253E-1;1,060421E-1;9,371376E-1;;
02/12/2021  12:47:15,822463;9,493543E-1;1,203641E-1;1,455336E-1;9,371386E-1;;
02/12/2021  12:47:15,822563;9,490355E-1;1,260985E-1;1,322644E-1;9,371636E-1;;
02/12/2021  12:47:15,822663;9,500279E-1;1,178155E-1;1,107811E-1;9,372124E-1;;
02/12/2021  12:47:15,822763;9,500160E-1;8,277166E-2;1,423743E-1;9,372847E-1;;
02/12/2021  12:47:15,822863;9,501799E-1;9,997498E-2;1,050943E-1;9,373803E-1;;
02/12/2021  12:47:15,822963;9,507819E-1;8,659462E-2;1,224705E-1;9,374985E-1;;
02/12/2021  12:47:15,823063;9,505942E-1;1,232313E-1;1,259458E-1;9,376390E-1;;
02/12/2021  12:47:15,823163;9,515985E-1;1,057094E-1;1,133085E-1;9,378010E-1;;
02/12/2021  12:47:15,823263;9,522899E-1;1,002936E-1;1,196272E-1;9,379841E-1;;
02/12/2021  12:47:15,823363;9,527340E-1;9,870066E-2;1,123607E-1;9,381875E-1;;
02/12/2021  12:47:15,823463;9,520843E-1;9,615202E-2;9,972343E-2;9,384108E-1;;
02/12/2021  12:47:15,823563;9,519532E-1;1,598680E-1;1,344760E-1;9,386531E-1;;
02/12/2021  12:47:15,823663;9,530231E-1;1,047537E-1;1,319485E-1;9,389137E-1;;
02/12/2021  12:47:15,823763;9,540930E-1;7,894870E-2;9,688005E-2;9,391917E-1;;
02/12/2021  12:47:15,823863;9,542748E-1;9,264764E-2;1,095173E-1;9,394863E-1;;
02/12/2021  12:47:15,823963;9,538784E-1;1,057094E-1;1,142563E-1;9,397968E-1;;
02/12/2021  12:47:15,824063;9,542897E-1;1,018865E-1;1,142563E-1;9,401223E-1;;
02/12/2021  12:47:15,824163;9,550437E-1;1,082581E-1;1,407946E-1;9,404621E-1;;
02/12/2021  12:47:15,824263;9,557948E-1;1,053908E-1;1,306848E-1;9,408153E-1;;
02/12/2021  12:47:15,824363;9,554103E-1;1,149482E-1;1,493248E-1;9,411810E-1;;
02/12/2021  12:47:15,824463;9,551898E-1;1,308772E-1;1,433221E-1;9,415585E-1;;
02/12/2021  12:47:15,824563;9,547785E-1;1,289658E-1;1,407946E-1;9,419468E-1;;
02/12/2021  12:47:15,824663;9,561792E-1;1,375674E-1;1,174156E-1;9,423450E-1;;
02/12/2021  12:47:15,824763;9,564773E-1;1,633724E-1;1,496407E-1;9,427519E-1;;
02/12/2021  12:47:15,824863;9,563133E-1;1,843987E-1;1,673329E-1;9,431667E-1;;
02/12/2021  12:47:15,824963;9,559915E-1;1,971419E-1;1,673329E-1;9,435886E-1;;
02/12/2021  12:47:15,825063;9,562865E-1;1,722926E-1;1,534319E-1;9,440165E-1;;
02/12/2021  12:47:15,825163;9,572611E-1;1,582751E-1;1,714400E-1;9,444496E-1;;
02/12/2021  12:47:15,825263;9,582088E-1;1,477620E-1;1,490088E-1;9,448868E-1;;
02/12/2021  12:47:15,825363;9,582446E-1;1,426647E-1;1,335282E-1;9,453275E-1;;
02/12/2021  12:47:15,825463;9,573773E-1;1,143111E-1;1,196272E-1;9,457710E-1;;
02/12/2021  12:47:15,825563;9,578184E-1;1,136739E-1;1,139404E-1;9,462166E-1;;
02/12/2021  12:47:15,825663;9,587363E-1;1,210013E-1;1,227865E-1;9,466634E-1;;
02/12/2021  12:47:15,825763;9,585009E-1;1,340630E-1;1,325804E-1;9,471108E-1;;
02/12/2021  12:47:15,825863;9,580151E-1;1,181340E-1;1,193112E-1;9,475580E-1;;
02/12/2021  12:47:15,825963;9,581134E-1;1,178155E-1;1,249980E-1;9,480044E-1;;
02/12/2021  12:47:15,826063;9,589986E-1;1,315144E-1;1,351078E-1;9,484491E-1;;
02/12/2021  12:47:15,826163;9,597943E-1;1,031608E-1;6,781430E-2;9,488915E-1;;
02/12/2021  12:47:15,826263;9,596066E-1;1,257800E-1;1,246821E-1;9,493309E-1;;
02/12/2021  12:47:15,826363;9,592996E-1;1,353374E-1;1,404787E-1;9,497671E-1;;
02/12/2021  12:47:15,826463;9,575979E-1;1,327887E-1;1,303688E-1;9,501993E-1;;
02/12/2021  12:47:15,826563;9,572492E-1;1,305587E-1;1,294210E-1;9,506268E-1;;
02/12/2021  12:47:15,826663;9,585277E-1;1,324701E-1;1,373193E-1;9,510487E-1;;
02/12/2021  12:47:15,826763;9,580509E-1;1,238685E-1;1,249980E-1;9,514642E-1;;
02/12/2021  12:47:15,826863;9,578601E-1;1,225942E-1;1,341600E-1;9,518725E-1;;
02/12/2021  12:47:15,826963;9,573028E-1;1,375674E-1;1,370034E-1;9,522730E-1;;
02/12/2021  12:47:15,827063;9,570376E-1;1,260985E-1;1,502726E-1;9,526648E-1;;
02/12/2021  12:47:15,827163;9,575174E-1;1,477620E-1;1,436380E-1;9,530473E-1;;
02/12/2021  12:47:15,827263;9,577022E-1;1,257800E-1;1,240502E-1;9,534196E-1;;
02/12/2021  12:47:15,827363;9,561375E-1;1,534964E-1;2,017695E-1;9,537813E-1;;
02/12/2021  12:47:15,827463;9,557918E-1;1,324701E-1;1,322644E-1;9,541316E-1;;
02/12/2021  12:47:15,827563;9,558723E-1;1,280100E-1;1,259458E-1;9,544698E-1;;
02/12/2021  12:47:15,827663;9,560690E-1;1,203641E-1;1,319485E-1;9,547953E-1;;
02/12/2021  12:47:15,827763;9,560928E-1;1,273729E-1;1,297370E-1;9,551073E-1;;
02/12/2021  12:47:15,827863;9,549663E-1;1,366117E-1;1,385831E-1;9,554054E-1;;
02/12/2021  12:47:15,827963;9,544447E-1;1,235499E-1;1,218387E-1;9,556891E-1;;
02/12/2021  12:47:15,828063;9,550259E-1;1,028422E-1;1,038306E-1;9,559578E-1;;
02/12/2021  12:47:15,828163;9,547010E-1;1,095324E-1;1,234183E-1;9,562111E-1;;
02/12/2021  12:47:15,828263;9,537920E-1;1,257800E-1;1,344760E-1;9,564486E-1;;
02/12/2021  12:47:15,828363;9,524062E-1;1,407532E-1;1,294210E-1;9,566698E-1;;
02/12/2021  12:47:15,828463;9,510799E-1;4,900218E-2;9,182514E-2;9,568742E-1;;
02/12/2021  12:47:15,828563;9,514584E-1;1,343816E-1;1,540637E-1;9,570612E-1;;
02/12/2021  12:47:15,828663;9,507909E-1;1,362931E-1;1,379512E-1;9,572301E-1;;
02/12/2021  12:47:15,828763;9,498044E-1;1,404346E-1;1,449017E-1;9,573804E-1;;
02/12/2021  12:47:15,828863;9,485586E-1;1,292843E-1;1,265777E-1;9,575115E-1;;
02/12/2021  12:47:15,828963;9,474976E-1;1,296029E-1;1,310007E-1;9,576228E-1;;
02/12/2021  12:47:15,829063;9,479000E-1;1,299215E-1;1,338441E-1;9,577135E-1;;
02/12/2021  12:47:15,829163;9,468628E-1;1,436204E-1;1,423743E-1;9,577832E-1;;
02/12/2021  12:47:15,829263;9,461475E-1;1,340630E-1;1,256299E-1;9,578313E-1;;
02/12/2021  12:47:15,829363;9,445799E-1;1,264171E-1;1,224705E-1;9,578575E-1;;
02/12/2021  12:47:15,829463;9,441567E-1;1,299215E-1;1,142563E-1;9,578611E-1;;
02/12/2021  12:47:15,829563;9,443027E-1;1,589123E-1;2,017695E-1;9,578417E-1;;
02/12/2021  12:47:15,829663;9,430272E-1;1,270543E-1;1,287892E-1;9,577990E-1;;
02/12/2021  12:47:15,829763;9,429288E-1;1,299215E-1;1,294210E-1;9,577328E-1;;
02/12/2021  12:47:15,829863;9,410840E-1;1,388417E-1;1,401627E-1;9,576428E-1;;
02/12/2021  12:47:15,829963;9,402793E-1;1,280100E-1;1,237343E-1;9,575289E-1;;
02/12/2021  12:47:15,830063;9,413284E-1;1,331073E-1;1,458495E-1;9,573909E-1;;
02/12/2021  12:47:15,830163;9,403568E-1;1,305587E-1;1,354238E-1;9,572286E-1;;
02/12/2021  12:47:15,830263;9,394538E-1;1,241871E-1;1,256299E-1;9,570425E-1;;
02/12/2021  12:47:15,830363;9,377640E-1;9,455912E-2;8,234717E-2;9,568325E-1;;
02/12/2021  12:47:15,830463;9,364198E-1;1,369303E-1;1,335282E-1;9,565987E-1;;
02/12/2021  12:47:15,830563;9,361010E-1;1,585937E-1;1,689125E-1;9,563413E-1;;
02/12/2021  12:47:15,830663;9,361099E-1;1,238685E-1;1,231024E-1;9,560601E-1;;
02/12/2021  12:47:15,830763;9,345244E-1;1,356559E-1;1,313166E-1;9,557554E-1;;
02/12/2021  12:47:15,830863;9,327839E-1;1,429833E-1;1,376353E-1;9,554274E-1;;
02/12/2021  12:47:15,830963;9,326915E-1;1,047537E-1;9,498445E-2;9,550762E-1;;
02/12/2021  12:47:15,831063;9,331475E-1;1,442576E-1;1,294210E-1;9,547019E-1;;
02/12/2021  12:47:15,831163;9,325782E-1;1,318330E-1;1,101492E-1;9,543049E-1;;
02/12/2021  12:47:15,831263;9,309957E-1;1,375674E-1;1,379512E-1;9,538857E-1;;
02/12/2021  12:47:15,831363;9,298095E-1;1,321516E-1;1,262617E-1;9,534449E-1;;
02/12/2021  12:47:15,831463;9,304175E-1;1,302401E-1;1,237343E-1;9,529829E-1;;
02/12/2021  12:47:15,831563;9,302238E-1;1,254614E-1;1,038306E-1;9,525003E-1;;
02/12/2021  12:47:15,831663;9,296128E-1;1,139925E-1;1,095173E-1;9,519978E-1;;
02/12/2021  12:47:15,831763;9,291598E-1;1,824872E-1;1,771268E-1;9,514762E-1;;
02/12/2021  12:47:15,831863;9,283939E-1;1,340630E-1;1,259458E-1;9,509366E-1;;
02/12/2021  12:47:15,831963;9,287098E-1;1,356559E-1;1,373193E-1;9,503798E-1;;
02/12/2021  12:47:15,832063;9,288707E-1;1,127182E-1;1,316326E-1;9,498069E-1;;
02/12/2021  12:47:15,832163;9,276756E-1;1,311958E-1;1,287892E-1;9,492189E-1;;
02/12/2021  12:47:15,832263;9,269097E-1;1,248242E-1;1,066739E-1;9,486171E-1;;
02/12/2021  12:47:15,832363;9,257385E-1;9,179678E-3;8,645429E-2;9,480026E-1;;
02/12/2021  12:47:15,832463;9,257027E-1;1,296029E-1;1,297370E-1;9,473762E-1;;
02/12/2021  12:47:15,832563;9,265014E-1;1,347002E-1;1,401627E-1;9,467390E-1;;
02/12/2021  12:47:15,832663;9,254821E-1;1,499920E-1;1,467973E-1;9,460920E-1;;
02/12/2021  12:47:15,832763;9,242781E-1;1,101695E-1;1,054102E-1;9,454364E-1;;
02/12/2021  12:47:15,832863;9,235420E-1;1,133553E-1;1,177316E-1;9,447732E-1;;
02/12/2021  12:47:15,832963;9,239413E-1;1,356559E-1;1,474292E-1;9,441034E-1;;
02/12/2021  12:47:15,833063;9,242543E-1;1,385232E-1;1,287892E-1;9,434278E-1;;
02/12/2021  12:47:15,833163;9,234913E-1;1,445762E-1;1,464814E-1;9,427476E-1;;
02/12/2021  12:47:15,833263;9,223230E-1;1,315144E-1;1,291051E-1;9,420638E-1;;
02/12/2021  12:47:15,833363;9,210922E-1;1,445762E-1;1,152041E-1;9,413774E-1;;
02/12/2021  12:47:15,833463;9,214796E-1;1,095324E-1;9,624818E-2;9,406891E-1;;
02/12/2021  12:47:15,833563;9,216614E-1;1,388417E-1;1,332122E-1;9,399997E-1;;
02/12/2021  12:47:15,833663;9,212382E-1;1,270543E-1;1,306848E-1;9,393101E-1;;
02/12/2021  12:47:15,833763;9,206898E-1;1,187712E-1;1,095173E-1;9,386212E-1;;
02/12/2021  12:47:15,833863;9,203143E-1;1,200455E-1;1,177316E-1;9,379336E-1;;
02/12/2021  12:47:15,833963;9,204365E-1;1,939561E-1;2,020854E-1;9,372484E-1;;
02/12/2021  12:47:15,834063;9,211100E-1;1,362931E-1;1,313166E-1;9,365663E-1;;
02/12/2021  12:47:15,834163;9,203888E-1;1,219570E-1;1,073058E-1;9,358882E-1;;
02/12/2021  12:47:15,834263;9,192652E-1;1,292843E-1;1,411105E-1;9,352150E-1;;
02/12/2021  12:47:15,834363;9,197153E-1;1,273729E-1;1,341600E-1;9,345475E-1;;
02/12/2021  12:47:15,834463;9,194530E-1;1,002936E-1;8,645429E-2;9,338864E-1;;
02/12/2021  12:47:15,834563;9,198106E-1;1,260985E-1;1,215227E-1;9,332324E-1;;
02/12/2021  12:47:15,834663;9,195096E-1;1,302401E-1;1,158360E-1;9,325863E-1;;
02/12/2021  12:47:15,834763;9,186900E-1;1,570008E-1;1,562753E-1;9,319489E-1;;
02/12/2021  12:47:15,834863;9,190715E-1;1,461691E-1;1,420583E-1;9,313208E-1;;
02/12/2021  12:47:15,834963;9,199805E-1;3,976336E-2;4,822652E-2;9,307026E-1;;
02/12/2021  12:47:15,835063;9,203948E-1;1,391603E-1;1,344760E-1;9,300951E-1;;
02/12/2021  12:47:15,835163;9,199507E-1;1,331073E-1;1,332122E-1;9,294991E-1;;
02/12/2021  12:47:15,835263;9,186722E-1;1,286472E-1;1,262617E-1;9,289154E-1;;
02/12/2021  12:47:15,835363;9,196139E-1;1,238685E-1;1,313166E-1;9,283445E-1;;
02/12/2021  12:47:15,835463;9,204812E-1;6,875414E-2;6,560278E-2;9,277871E-1;;
02/12/2021  12:47:15,835563;9,207882E-1;1,088952E-1;1,079377E-1;9,272438E-1;;
02/12/2021  12:47:15,835663;9,211071E-1;1,292843E-1;1,354238E-1;9,267154E-1;;
02/12/2021  12:47:15,835763;9,212442E-1;1,073023E-1;1,177316E-1;9,262025E-1;;
02/12/2021  12:47:15,835863;9,215839E-1;2,893164E-2;7,918786E-2;9,257060E-1;;
02/12/2021  12:47:15,835963;9,232141E-1;8,213450E-2;1,025668E-1;9,252266E-1;;
02/12/2021  12:47:15,836063;9,234675E-1;1,088952E-1;1,142563E-1;9,247651E-1;;
02/12/2021  12:47:15,836163;9,231933E-1;5,664810E-2;8,771802E-2;9,243223E-1;;
02/12/2021  12:47:15,836263;9,224005E-1;9,933782E-2;1,041465E-1;9,238991E-1;;
02/12/2021  12:47:15,836363;9,229489E-1;1,044351E-1;1,152041E-1;9,234959E-1;;
02/12/2021  12:47:15,836463;9,248056E-1;9,965640E-2;1,234183E-1;9,231133E-1;;
02/12/2021  12:47:15,836563;9,247251E-1;9,774492E-2;1,110970E-1;9,227518E-1;;
02/12/2021  12:47:15,836663;9,244688E-1;1,149482E-1;1,322644E-1;9,224118E-1;;
02/12/2021  12:47:15,836763;9,249517E-1;8,213450E-2;9,751191E-2;9,220940E-1;;
02/12/2021  12:47:15,836863;9,255775E-1;6,620550E-2;7,286922E-2;9,217985E-1;;
02/12/2021  12:47:15,836963;9,267369E-1;1,037979E-1;1,126766E-1;9,215259E-1;;
02/12/2021  12:47:15,837063;9,272346E-1;1,229127E-1;1,297370E-1;9,212764E-1;;
02/12/2021  12:47:15,837163;9,268680E-1;1,117624E-1;1,205749E-1;9,210504E-1;;
02/12/2021  12:47:15,837263;9,273061E-1;1,133553E-1;1,306848E-1;9,208482E-1;;
02/12/2021  12:47:15,837363;9,293655E-1;1,391603E-1;1,739675E-1;9,206699E-1;;
02/12/2021  12:47:15,837463;9,299556E-1;1,426647E-1;1,388990E-1;9,205159E-1;;
02/12/2021  12:47:15,837563;9,305665E-1;1,337445E-1;1,382671E-1;9,203866E-1;;
02/12/2021  12:47:15,837663;9,304324E-1;1,522221E-1;1,313166E-1;9,202821E-1;;
02/12/2021  12:47:15,837763;9,311656E-1;1,573194E-1;1,392149E-1;9,202027E-1;;
02/12/2021  12:47:15,837863;9,333799E-1;1,681511E-1;1,521681E-1;9,201486E-1;;
02/12/2021  12:47:15,837963;9,344797E-1;1,713369E-1;1,471132E-1;9,201201E-1;;
02/12/2021  12:47:15,838063;9,348522E-1;1,646467E-1;1,553275E-1;9,201174E-1;;
02/12/2021  12:47:15,838163;9,349923E-1;1,477620E-1;1,414265E-1;9,201409E-1;;
02/12/2021  12:47:15,838263;9,354572E-1;1,429833E-1;1,351078E-1;9,201909E-1;;
02/12/2021  12:47:15,838363;9,370040E-1;7,512574E-2;7,887192E-2;9,202672E-1;;
02/12/2021  12:47:15,838463;9,370278E-1;1,225942E-1;1,215227E-1;9,203701E-1;;
02/12/2021  12:47:15,838563;9,379994E-1;1,267357E-1;1,319485E-1;9,204994E-1;;
02/12/2021  12:47:15,838663;9,384614E-1;7,767438E-2;1,347919E-1;9,206551E-1;;
02/12/2021  12:47:15,838763;9,393733E-1;1,264171E-1;1,287892E-1;9,208371E-1;;
02/12/2021  12:47:15,838863;9,413224E-1;1,130368E-1;1,398468E-1;9,210451E-1;;
02/12/2021  12:47:15,838963;9,418976E-1;1,213198E-1;1,240502E-1;9,212790E-1;;
02/12/2021  12:47:15,839063;9,428186E-1;1,165411E-1;1,193112E-1;9,215388E-1;;
02/12/2021  12:47:15,839163;9,421241E-1;2,893164E-2;6,528685E-2;9,218244E-1;;
02/12/2021  12:47:15,839263;9,431672E-1;1,280100E-1;1,253139E-1;9,221354E-1;;
02/12/2021  12:47:15,839363;9,448779E-1;1,423461E-1;1,717559E-1;9,224714E-1;;
02/12/2021  12:47:15,839463;9,451789E-1;1,181340E-1;1,256299E-1;9,228321E-1;;
02/12/2021  12:47:15,839563;9,456796E-1;1,210013E-1;1,227865E-1;9,232169E-1;;
02/12/2021  12:47:15,839663;9,458465E-1;1,347002E-1;1,366875E-1;9,236255E-1;;
02/12/2021  12:47:15,839763;9,472264E-1;1,152668E-1;1,170997E-1;9,240572E-1;;
02/12/2021  12:47:15,839863;9,484722E-1;1,200455E-1;1,095173E-1;9,245114E-1;;
02/12/2021  12:47:15,839963;9,486003E-1;1,168597E-1;1,003553E-1;9,249875E-1;;
02/12/2021  12:47:15,840063;9,485348E-1;1,273729E-1;1,319485E-1;9,254850E-1;;
02/12/2021  12:47:15,840163;9,482099E-1;1,194084E-1;1,246821E-1;9,260030E-1;;
02/12/2021  12:47:15,840263;9,480490E-1;1,053908E-1;9,087734E-2;9,265405E-1;;
02/12/2021  12:47:15,840363;9,492888E-1;6,333828E-2;7,602853E-2;9,270965E-1;;
02/12/2021  12:47:15,840463;9,492322E-1;1,006121E-1;1,006712E-1;9,276696E-1;;
02/12/2021  12:47:15,840563;9,491666E-1;1,238685E-1;1,303688E-1;9,282587E-1;;
02/12/2021  12:47:15,840663;9,493812E-1;1,174969E-1;1,133085E-1;9,288625E-1;;
02/12/2021  12:47:15,840763;9,503855E-1;1,088952E-1;1,262617E-1;9,294796E-1;;
02/12/2021  12:47:15,840863;9,516700E-1;1,245056E-1;1,464814E-1;9,301087E-1;;
02/12/2021  12:47:15,840963;9,509786E-1;1,302401E-1;1,322644E-1;9,307487E-1;;
02/12/2021  12:47:15,841063;9,510114E-1;1,257800E-1;1,088855E-1;9,313983E-1;;
02/12/2021  12:47:15,841163;9,506091E-1;7,990444E-2;1,531159E-1;9,320563E-1;;
02/12/2021  12:47:15,841263;9,522393E-1;1,251428E-1;1,234183E-1;9,327212E-1;;
02/12/2021  12:47:15,841363;9,528562E-1;1,347002E-1;1,376353E-1;9,333918E-1;;
02/12/2021  12:47:15,841463;9,528026E-1;1,267357E-1;1,259458E-1;9,340670E-1;;
02/12/2021  12:47:15,841563;9,530738E-1;1,159040E-1;1,107811E-1;9,347455E-1;;
02/12/2021  12:47:15,841663;9,533330E-1;1,276914E-1;1,246821E-1;9,354265E-1;;
02/12/2021  12:47:15,841763;9,546772E-1;1,273729E-1;1,787064E-1;9,361086E-1;;
02/12/2021  12:47:15,841863;9,552553E-1;1,241871E-1;1,253139E-1;9,367911E-1;;
02/12/2021  12:47:15,841963;9,551540E-1;1,082581E-1;1,287892E-1;9,374730E-1;;
02/12/2021  12:47:15,842063;9,545073E-1;1,044351E-1;1,152041E-1;9,381536E-1;;
02/12/2021  12:47:15,842163;9,544745E-1;1,047537E-1;8,866581E-2;9,388320E-1;;
02/12/2021  12:47:15,842263;9,555236E-1;1,088952E-1;9,024547E-2;9,395070E-1;;
02/12/2021  12:47:15,842363;9,554342E-1;1,101695E-1;1,152041E-1;9,401779E-1;;
02/12/2021  12:47:15,842463;9,555206E-1;1,337445E-1;1,471132E-1;9,408438E-1;;
02/12/2021  12:47:15,842563;9,551600E-1;1,194084E-1;1,234183E-1;9,415037E-1;;
02/12/2021  12:47:15,842663;9,558752E-1;1,289658E-1;1,300529E-1;9,421569E-1;;
02/12/2021  12:47:15,842763;9,561286E-1;1,366117E-1;1,474292E-1;9,428024E-1;;
02/12/2021  12:47:15,842863;9,564802E-1;1,190898E-1;1,224705E-1;9,434396E-1;;
02/12/2021  12:47:15,842963;9,560988E-1;1,184526E-1;1,120448E-1;9,440677E-1;;
02/12/2021  12:47:15,843063;9,556577E-1;1,496735E-1;1,812339E-1;9,446861E-1;;
02/12/2021  12:47:15,843163;9,559766E-1;1,404346E-1;1,351078E-1;9,452939E-1;;
02/12/2021  12:47:15,843263;9,569720E-1;1,077258E-2;8,613836E-2;9,458906E-1;;
02/12/2021  12:47:15,843363;9,567902E-1;1,127182E-1;1,205749E-1;9,464756E-1;;
02/12/2021  12:47:15,843463;9,564743E-1;1,146297E-1;1,167838E-1;9,470482E-1;;
02/12/2021  12:47:15,843563;9,561256E-1;9,328480E-2;1,234183E-1;9,476081E-1;;
02/12/2021  12:47:15,843663;9,564057E-1;1,187712E-1;1,189953E-1;9,481547E-1;;
02/12/2021  12:47:15,843763;9,568677E-1;7,066562E-2;6,781430E-2;9,486875E-1;;
02/12/2021  12:47:15,843863;9,567872E-1;1,331073E-1;1,310007E-1;9,492061E-1;;
02/12/2021  12:47:15,843963;9,558276E-1;1,340630E-1;1,366875E-1;9,497100E-1;;
02/12/2021  12:47:15,844063;9,551540E-1;1,305587E-1;1,221546E-1;9,501989E-1;;
02/12/2021  12:47:15,844163;9,551421E-1;1,146297E-1;1,265777E-1;9,506723E-1;;
02/12/2021  12:47:15,844263;9,547815E-1;9,710776E-2;1,215227E-1;9,511295E-1;;
02/12/2021  12:47:15,844363;9,551600E-1;1,210013E-1;1,287892E-1;9,515701E-1;;
02/12/2021  12:47:15,844463;9,547666E-1;1,254614E-1;1,278414E-1;9,519935E-1;;
02/12/2021  12:47:15,844563;9,531185E-1;1,197269E-1;1,215227E-1;9,523994E-1;;
02/12/2021  12:47:15,844663;9,535655E-1;1,356559E-1;1,480610E-1;9,527873E-1;;
02/12/2021  12:47:15,844763;9,534195E-1;1,318330E-1;1,341600E-1;9,531565E-1;;
02/12/2021  12:47:15,844863;9,537712E-1;1,410718E-1;1,420583E-1;9,535067E-1;;
02/12/2021  12:47:15,844963;9,527072E-1;1,229127E-1;1,278414E-1;9,538376E-1;;
02/12/2021  12:47:15,845063;9,517624E-1;1,235499E-1;1,278414E-1;9,541489E-1;;
02/12/2021  12:47:15,845163;9,523704E-1;1,251428E-1;1,221546E-1;9,544401E-1;;
02/12/2021  12:47:15,845263;9,520366E-1;1,436204E-1;1,632258E-1;9,547111E-1;;
02/12/2021  12:47:15,845363;9,519323E-1;1,260985E-1;1,275255E-1;9,549616E-1;;
02/12/2021  12:47:15,845463;9,503945E-1;1,448948E-1;1,455336E-1;9,551914E-1;;
02/12/2021  12:47:15,845563;9,495421E-1;1,238685E-1;1,234183E-1;9,554005E-1;;
02/12/2021  12:47:15,845663;9,504958E-1;8,086018E-2;9,814378E-2;9,555884E-1;;
02/12/2021  12:47:15,845763;9,504749E-1;1,302401E-1;1,370034E-1;9,557551E-1;;
02/12/2021  12:47:15,845863;9,499027E-1;1,168597E-1;1,234183E-1;9,559006E-1;;
02/12/2021  12:47:15,845963;9,480728E-1;1,219570E-1;1,221546E-1;9,560249E-1;;
02/12/2021  12:47:15,846063;9,476884E-1;1,363980E-2;6,655058E-2;9,561280E-1;;
02/12/2021  12:47:15,846163;9,476347E-1;1,573194E-1;1,787064E-1;9,562098E-1;;
02/12/2021  12:47:15,846263;9,470834E-1;1,433019E-1;1,335282E-1;9,562701E-1;;
02/12/2021  12:47:15,846363;9,469582E-1;1,321516E-1;1,335282E-1;9,563091E-1;;
02/12/2021  12:47:15,846463;9,453160E-1;1,197269E-1;1,240502E-1;9,563267E-1;;
02/12/2021  12:47:15,846563;9,453220E-1;1,407532E-1;1,392149E-1;9,563230E-1;;
02/12/2021  12:47:15,846663;9,455694E-1;1,257800E-1;1,357397E-1;9,562980E-1;;
02/12/2021  12:47:15,846763;9,450389E-1;1,190898E-1;1,240502E-1;9,562519E-1;;
02/12/2021  12:47:15,846863;9,447289E-1;1,146297E-1;1,098333E-1;9,561849E-1;;
02/12/2021  12:47:15,846963;9,436948E-1;1,340630E-1;1,357397E-1;9,560973E-1;;
02/12/2021  12:47:15,847063;9,435338E-1;1,359745E-1;1,208909E-1;9,559894E-1;;
02/12/2021  12:47:15,847163;9,442700E-1;1,321516E-1;1,341600E-1;9,558616E-1;;
02/12/2021  12:47:15,847263;9,434236E-1;1,267357E-1;1,303688E-1;9,557144E-1;;
02/12/2021  12:47:15,847363;9,430242E-1;1,439390E-1;1,436380E-1;9,555482E-1;;
02/12/2021  12:47:15,847463;9,423357E-1;1,098510E-1;1,069899E-1;9,553638E-1;;
02/12/2021  12:47:15,847563;9,422791E-1;1,413904E-1;1,322644E-1;9,551617E-1;;
02/12/2021  12:47:15,847663;9,432716E-1;9,710776E-2;1,231024E-1;9,549424E-1;;
02/12/2021  12:47:15,847763;9,429080E-1;1,308772E-1;1,294210E-1;9,547068E-1;;
02/12/2021  12:47:15,847863;9,426874E-1;1,369303E-1;1,341600E-1;9,544558E-1;;
02/12/2021  12:47:15,847963;9,410691E-1;1,241871E-1;1,275255E-1;9,541902E-1;;
02/12/2021  12:47:15,848063;9,411704E-1;1,229127E-1;1,272095E-1;9,539109E-1;;
02/12/2021  12:47:15,848163;9,412718E-1;9,551486E-2;1,752312E-1;9,536186E-1;;
02/12/2021  12:47:15,848263;9,416711E-1;1,085766E-1;1,189953E-1;9,533140E-1;;
02/12/2021  12:47:15,848363;9,410691E-1;1,114439E-1;1,133085E-1;9,529982E-1;;
02/12/2021  12:47:15,848463;9,405267E-1;1,073023E-1;1,164678E-1;9,526719E-1;;
02/12/2021  12:47:15,848563;9,407115E-1;6,429402E-2;8,171531E-2;9,523360E-1;;
02/12/2021  12:47:15,848663;9,408247E-1;9,678918E-2;9,751191E-2;9,519915E-1;;
02/12/2021  12:47:15,848763;9,406787E-1;8,309024E-2;7,128955E-2;9,516392E-1;;
02/12/2021  12:47:15,848863;9,404999E-1;1,073023E-1;1,145722E-1;9,512800E-1;;
02/12/2021  12:47:15,848963;9,393554E-1;1,006121E-1;1,107811E-1;9,509150E-1;;
02/12/2021  12:47:15,849063;9,399694E-1;1,092138E-1;1,158360E-1;9,505448E-1;;
02/12/2021  12:47:15,849163;9,401989E-1;1,225942E-1;1,231024E-1;9,501703E-1;;
02/12/2021  12:47:15,849263;9,392303E-1;9,870066E-2;9,909157E-2;9,497925E-1;;
02/12/2021  12:47:15,849363;9,393078E-1;9,647060E-2;1,085695E-1;9,494119E-1;;
02/12/2021  12:47:15,849463;9,384941E-1;1,050723E-1;1,164678E-1;9,490295E-1;;
02/12/2021  12:47:15,849563;9,392124E-1;1,069837E-1;1,161519E-1;9,486458E-1;;
02/12/2021  12:47:15,849663;9,388577E-1;1,127182E-1;1,467973E-1;9,482616E-1;;
02/12/2021  12:47:15,849763;9,385329E-1;1,082581E-1;1,161519E-1;9,478776E-1;;
02/12/2021  12:47:15,849863;9,378325E-1;1,095324E-1;1,486929E-1;9,474943E-1;;
02/12/2021  12:47:15,849963;9,372990E-1;8,723178E-2;1,755471E-1;9,471123E-1;;
02/12/2021  12:47:15,850063;9,380650E-1;1,257800E-1;1,357397E-1;9,467320E-1;;
02/12/2021  12:47:15,850163;9,385746E-1;1,375674E-1;1,439539E-1;9,463541E-1;;
02/12/2021  12:47:15,850263;9,381484E-1;1,318330E-1;1,265777E-1;9,459789E-1;;
02/12/2021  12:47:15,850363;9,379934E-1;1,356559E-1;1,322644E-1;9,456072E-1;;
02/12/2021  12:47:15,850463;9,377967E-1;1,601866E-1;1,411105E-1;9,452395E-1;;
02/12/2021  12:47:15,850563;9,385359E-1;1,958676E-1;1,856569E-1;9,448763E-1;;
02/12/2021  12:47:15,850663;9,391587E-1;1,722926E-1;1,411105E-1;9,445182E-1;;
02/12/2021  12:47:15,850763;9,391885E-1;1,713369E-1;1,534319E-1;9,441659E-1;;
02/12/2021  12:47:15,850863;9,397131E-1;1,691068E-1;1,559593E-1;9,438201E-1;;
02/12/2021  12:47:15,850963;9,398442E-1;1,595494E-1;1,398468E-1;9,434816E-1;;
02/12/2021  12:47:15,851063;9,413105E-1;1,407532E-1;1,477451E-1;9,431510E-1;;
02/12/2021  12:47:15,851163;9,419662E-1;1,299215E-1;1,319485E-1;9,428294E-1;;
02/12/2021  12:47:15,851263;9,415758E-1;1,264171E-1;1,619620E-1;9,425176E-1;;
02/12/2021  12:47:15,851363;9,414029E-1;1,538150E-1;1,414265E-1;9,422166E-1;;
02/12/2021  12:47:15,851463;9,422135E-1;1,260985E-1;1,332122E-1;9,419272E-1;;
02/12/2021  12:47:15,851563;9,441239E-1;1,401161E-1;1,430061E-1;9,416502E-1;;
02/12/2021  12:47:15,851663;9,443653E-1;1,232313E-1;1,205749E-1;9,413864E-1;;
02/12/2021  12:47:15,851763;9,442908E-1;1,343816E-1;1,376353E-1;9,411368E-1;;
02/12/2021  12:47:15,851863;9,438289E-1;1,327887E-1;1,493248E-1;9,409023E-1;;
02/12/2021  12:47:15,851963;9,438229E-1;1,302401E-1;1,297370E-1;9,406835E-1;;
02/12/2021  12:47:15,852063;9,447826E-1;4,358632E-2;5,991600E-2;9,404811E-1;;
02/12/2021  12:47:15,852163;9,442193E-1;1,241871E-1;1,215227E-1;9,402953E-1;;
02/12/2021  12:47:15,852263;9,439421E-1;1,480806E-1;1,392149E-1;9,401266E-1;;
02/12/2021  12:47:15,852363;9,432894E-1;1,159040E-1;1,158360E-1;9,399750E-1;;
02/12/2021  12:47:15,852463;9,434265E-1;1,292843E-1;1,477451E-1;9,398405E-1;;
02/12/2021  12:47:15,852563;9,436620E-1;9,933782E-2;1,167838E-1;9,397230E-1;;
02/12/2021  12:47:15,852663;9,434683E-1;1,353374E-1;1,366875E-1;9,396221E-1;;
02/12/2021  12:47:15,852763;9,427262E-1;1,171783E-1;1,199431E-1;9,395376E-1;;
02/12/2021  12:47:15,852863;9,421569E-1;1,232313E-1;1,142563E-1;9,394688E-1;;
02/12/2021  12:47:15,852963;9,416950E-1;1,280100E-1;1,268936E-1;9,394152E-1;;
02/12/2021  12:47:15,853063;9,420467E-1;1,187712E-1;1,205749E-1;9,393761E-1;;
02/12/2021  12:47:15,853163;9,417009E-1;1,461691E-1;1,379512E-1;9,393504E-1;;
02/12/2021  12:47:15,853263;9,412450E-1;1,308772E-1;1,322644E-1;9,393375E-1;;
02/12/2021  12:47:15,853363;9,410125E-1;1,283286E-1;1,347919E-1;9,393363E-1;;
02/12/2021  12:47:15,853463;9,407860E-1;8,277166E-2;1,313166E-1;9,393460E-1;;
02/12/2021  12:47:15,853563;9,411317E-1;1,433019E-1;1,347919E-1;9,393655E-1;;
02/12/2021  12:47:15,853663;9,405625E-1;1,264171E-1;1,031987E-1;9,393940E-1;;
02/12/2021  12:47:15,853763;9,400737E-1;1,213198E-1;1,189953E-1;9,394304E-1;;
02/12/2021  12:47:15,853863;9,396237E-1;1,305587E-1;1,291051E-1;9,394739E-1;;
02/12/2021  12:47:15,853963;9,398979E-1;1,528593E-1;1,461654E-1;9,395232E-1;;
02/12/2021  12:47:15,854063;9,404343E-1;1,407532E-1;1,569071E-1;9,395775E-1;;
02/12/2021  12:47:15,854163;9,399038E-1;1,123996E-1;1,073058E-1;9,396360E-1;;
02/12/2021  12:47:15,854263;9,393584E-1;1,280100E-1;1,272095E-1;9,396977E-1;;
02/12/2021  12:47:15,854363;9,388130E-1;1,369303E-1;1,388990E-1;9,397618E-1;;
02/12/2021  12:47:15,854463;9,392511E-1;1,248242E-1;1,126766E-1;9,398274E-1;;
02/12/2021  12:47:15,854563;9,400320E-1;1,267357E-1;1,227865E-1;9,398938E-1;;
02/12/2021  12:47:15,854663;9,399783E-1;1,171783E-1;1,243661E-1;9,399603E-1;;
02/12/2021  12:47:15,854763;9,387057E-1;1,213198E-1;1,322644E-1;9,400263E-1;;
02/12/2021  12:47:15,854863;9,389591E-1;1,260985E-1;1,265777E-1;9,400913E-1;;
02/12/2021  12:47:15,854963;9,388995E-1;1,171783E-1;1,202590E-1;9,401547E-1;;
02/12/2021  12:47:15,855063;9,399038E-1;1,187712E-1;1,205749E-1;9,402158E-1;;
02/12/2021  12:47:15,855163;9,397667E-1;1,245056E-1;1,224705E-1;9,402744E-1;;
02/12/2021  12:47:15,855263;9,389710E-1;8,595746E-2;9,024547E-2;9,403302E-1;;
02/12/2021  12:47:15,855363;9,396714E-1;1,340630E-1;1,316326E-1;9,403828E-1;;
02/12/2021  12:47:15,855463;9,403866E-1;1,372488E-1;1,351078E-1;9,404322E-1;;
02/12/2021  12:47:15,855563;9,408754E-1;1,168597E-1;1,196272E-1;9,404781E-1;;
02/12/2021  12:47:15,855663;9,404790E-1;1,483991E-1;1,632258E-1;9,405207E-1;;
02/12/2021  12:47:15,855763;9,396237E-1;1,506292E-1;1,480610E-1;9,405600E-1;;
02/12/2021  12:47:15,855863;9,392243E-1;1,200455E-1;1,189953E-1;9,405961E-1;;
02/12/2021  12:47:15,855963;9,397667E-1;1,165411E-1;1,098333E-1;9,406288E-1;;
02/12/2021  12:47:15,856063;9,399098E-1;1,264171E-1;1,234183E-1;9,406580E-1;;
02/12/2021  12:47:15,856163;9,389382E-1;1,512664E-1;1,546956E-1;9,406837E-1;;
02/12/2021  12:47:15,856263;9,383153E-1;1,031608E-1;1,467973E-1;9,407058E-1;;
02/12/2021  12:47:15,856363;9,381156E-1;1,146297E-1;1,101492E-1;9,407241E-1;;
02/12/2021  12:47:15,856463;9,385418E-1;7,257710E-2;9,182514E-2;9,407384E-1;;
02/12/2021  12:47:15,856563;9,386491E-1;1,410718E-1;1,366875E-1;9,407484E-1;;
02/12/2021  12:47:15,856663;9,379577E-1;1,225942E-1;1,246821E-1;9,407542E-1;;
02/12/2021  12:47:15,856763;9,369116E-1;1,420275E-1;1,445858E-1;9,407554E-1;;
02/12/2021  12:47:15,856863;9,366106E-1;1,254614E-1;1,341600E-1;9,407520E-1;;
02/12/2021  12:47:15,856963;9,377073E-1;5,409946E-2;1,401627E-1;9,407436E-1;;
02/12/2021  12:47:15,857063;9,381454E-1;1,429833E-1;1,392149E-1;9,407300E-1;;
02/12/2021  12:47:15,857163;9,375315E-1;1,292843E-1;1,234183E-1;9,407112E-1;;
02/12/2021  12:47:15,857263;9,371083E-1;1,152668E-1;1,145722E-1;9,406874E-1;;
02/12/2021  12:47:15,857363;9,383630E-1;1,076209E-1;1,063580E-1;9,406585E-1;;
02/12/2021  12:47:15,857463;9,384047E-1;1,321516E-1;1,300529E-1;9,406247E-1;;
02/12/2021  12:47:15,857563;9,384822E-1;1,267357E-1;1,284732E-1;9,405862E-1;;
02/12/2021  12:47:15,857663;9,374838E-1;1,321516E-1;1,322644E-1;9,405434E-1;;
02/12/2021  12:47:15,857763;9,368937E-1;1,289658E-1;1,287892E-1;9,404964E-1;;
02/12/2021  12:47:15,857863;9,366463E-1;9,360338E-2;8,487463E-2;9,404454E-1;;
02/12/2021  12:47:15,857963;9,373765E-1;1,264171E-1;1,098333E-1;9,403904E-1;;
02/12/2021  12:47:15,858063;9,367805E-1;1,280100E-1;1,310007E-1;9,403315E-1;;
02/12/2021  12:47:15,858163;9,355645E-1;1,165411E-1;1,240502E-1;9,402686E-1;;
02/12/2021  12:47:15,858263;9,349804E-1;8,563888E-2;8,582243E-2;9,402019E-1;;
02/12/2021  12:47:15,858363;9,359907E-1;1,353374E-1;1,291051E-1;9,401311E-1;;
02/12/2021  12:47:15,858463;9,366076E-1;1,305587E-1;1,556434E-1;9,400563E-1;;
02/12/2021  12:47:15,858563;9,363811E-1;1,216384E-1;1,240502E-1;9,399775E-1;;
02/12/2021  12:47:15,858663;9,353350E-1;1,162226E-1;9,593225E-2;9,398948E-1;;
02/12/2021  12:47:15,858763;9,346585E-1;1,404346E-1;1,382671E-1;9,398085E-1;;
02/12/2021  12:47:15,858863;9,345482E-1;7,289568E-2;8,866581E-2;9,397185E-1;;
02/12/2021  12:47:15,858963;9,343217E-1;1,168597E-1;1,268936E-1;9,396246E-1;;
02/12/2021  12:47:15,859063;9,347628E-1;1,254614E-1;1,256299E-1;9,395269E-1;;
02/12/2021  12:47:15,859163;9,336541E-1;1,321516E-1;1,426902E-1;9,394254E-1;;
02/12/2021  12:47:15,859263;9,337584E-1;1,382046E-1;1,335282E-1;9,393199E-1;;
02/12/2021  12:47:15,859363;9,334306E-1;9,424054E-2;1,483770E-1;9,392104E-1;;
02/12/2021  12:47:15,859463;9,341846E-1;1,152668E-1;1,218387E-1;9,390970E-1;;
02/12/2021  12:47:15,859563;9,335200E-1;1,248242E-1;1,297370E-1;9,389796E-1;;
02/12/2021  12:47:15,859663;9,330730E-1;1,155854E-1;1,022509E-1;9,388584E-1;;
02/12/2021  12:47:15,859763;9,324829E-1;1,216384E-1;1,224705E-1;9,387334E-1;;
02/12/2021  12:47:15,859863;9,333412E-1;1,260985E-1;1,246821E-1;9,386046E-1;;
02/12/2021  12:47:15,859963;9,338657E-1;1,334259E-1;1,332122E-1;9,384721E-1;;
02/12/2021  12:47:15,860063;9,350549E-1;1,197269E-1;1,237343E-1;9,383362E-1;;
02/12/2021  12:47:15,860163;9,344439E-1;1,267357E-1;1,189953E-1;9,381974E-1;;
02/12/2021  12:47:15,860263;9,349327E-1;1,238685E-1;1,249980E-1;9,380561E-1;;
02/12/2021  12:47:15,860363;9,364616E-1;1,273729E-1;1,265777E-1;9,379130E-1;;
02/12/2021  12:47:15,860463;9,377163E-1;1,308772E-1;1,281573E-1;9,377689E-1;;
02/12/2021  12:47:15,860563;9,375404E-1;1,401161E-1;1,414265E-1;9,376247E-1;;
02/12/2021  12:47:15,860663;9,361814E-1;1,123996E-1;9,182514E-2;9,374814E-1;;
02/12/2021  12:47:15,860763;9,362500E-1;1,155854E-1;1,167838E-1;9,373397E-1;;
02/12/2021  12:47:15,860863;9,378236E-1;1,410718E-1;1,926074E-1;9,372005E-1;;
02/12/2021  12:47:15,860963;9,385150E-1;1,238685E-1;1,281573E-1;9,370643E-1;;
02/12/2021  12:47:15,861063;9,381425E-1;1,069837E-1;1,224705E-1;9,369320E-1;;
02/12/2021  12:47:15,861163;9,368967E-1;9,806350E-2;8,203124E-2;9,368044E-1;;
02/12/2021  12:47:15,861263;9,372931E-1;9,710776E-2;1,060421E-1;9,366821E-1;;
02/12/2021  12:47:15,861363;9,379011E-1;4,709070E-2;5,865227E-2;9,365654E-1;;
02/12/2021  12:47:15,861463;9,376954E-1;1,165411E-1;1,142563E-1;9,364548E-1;;
02/12/2021  12:47:15,861563;9,374600E-1;1,079395E-1;1,066739E-1;9,363507E-1;;
02/12/2021  12:47:15,861663;9,367328E-1;1,050723E-1;1,057261E-1;9,362533E-1;;
02/12/2021  12:47:15,861763;9,371172E-1;8,149734E-2;7,602853E-2;9,361628E-1;;
02/12/2021  12:47:15,861863;9,381991E-1;6,238254E-2;9,435259E-2;9,360792E-1;;
02/12/2021  12:47:15,861963;9,387564E-1;8,818752E-2;1,050943E-1;9,360027E-1;;
02/12/2021  12:47:15,862063;9,384882E-1;1,044351E-1;1,082536E-1;9,359335E-1;;
02/12/2021  12:47:15,862163;9,389024E-1;8,595746E-2;1,013031E-1;9,358720E-1;;
02/12/2021  12:47:15,862263;9,395730E-1;9,806350E-2;1,013031E-1;9,358184E-1;;
02/12/2021  12:47:15,862363;9,407949E-1;1,028422E-1;1,050943E-1;9,357728E-1;;
02/12/2021  12:47:15,862463;9,418649E-1;5,632952E-2;7,192142E-2;9,357359E-1;;
02/12/2021  12:47:15,862563;9,421510E-1;8,340882E-2;1,038306E-1;9,357080E-1;;
02/12/2021  12:47:15,862663;9,412181E-1;1,063466E-1;1,196272E-1;9,356897E-1;;
02/12/2021  12:47:15,862763;9,427768E-1;1,073023E-1;1,218387E-1;9,356815E-1;;
02/12/2021  12:47:15,862863;9,436709E-1;1,216384E-1;1,673329E-1;9,356838E-1;;
02/12/2021  12:47:15,862963;9,443653E-1;1,085766E-1;1,167838E-1;9,356970E-1;;
02/12/2021  12:47:15,863063;9,439838E-1;2,216725E-1;1,831295E-1;9,357217E-1;;
02/12/2021  12:47:15,863163;9,436769E-1;1,436204E-1;1,376353E-1;9,357582E-1;;
02/12/2021  12:47:15,863263;9,439987E-1;1,636910E-1;1,648054E-1;9,358068E-1;;
02/12/2021  12:47:15,863363;9,450836E-1;1,423461E-1;1,401627E-1;9,358676E-1;;
02/12/2021  12:47:15,863463;9,448750E-1;1,675139E-1;1,524841E-1;9,359408E-1;;
02/12/2021  12:47:15,863563;9,435815E-1;1,700626E-1;1,578549E-1;9,360264E-1;;
02/12/2021  12:47:15,863663;9,418887E-1;9,392196E-2;1,013031E-1;9,361241E-1;;
02/12/2021  12:47:15,863763;9,420616E-1;1,448948E-1;1,363715E-1;9,362335E-1;;
02/12/2021  12:47:15,863863;9,426129E-1;1,601866E-1;1,556434E-1;9,363537E-1;;
02/12/2021  12:47:15,863963;9,414297E-1;1,493549E-1;1,518522E-1;9,364839E-1;;
02/12/2021  12:47:15,864063;9,404582E-1;9,455912E-2;1,025668E-1;9,366233E-1;;
02/12/2021  12:47:15,864163;9,391975E-1;1,254614E-1;1,316326E-1;9,367707E-1;;
02/12/2021  12:47:15,864263;9,398472E-1;1,184526E-1;1,297370E-1;9,369250E-1;;
02/12/2021  12:47:15,864363;9,408128E-1;1,241871E-1;1,272095E-1;9,370847E-1;;
02/12/2021  12:47:15,864463;9,405386E-1;1,385232E-1;1,461654E-1;9,372489E-1;;
02/12/2021  12:47:15,864563;9,395611E-1;1,203641E-1;1,193112E-1;9,374166E-1;;
02/12/2021  12:47:15,864663;9,394121E-1;1,203641E-1;1,208909E-1;9,375866E-1;;
02/12/2021  12:47:15,864763;9,409767E-1;1,206827E-1;1,275255E-1;9,377582E-1;;
02/12/2021  12:47:15,864863;9,412986E-1;1,423461E-1;1,471132E-1;9,379303E-1;;
02/12/2021  12:47:15,864963;9,416533E-1;1,146297E-1;1,234183E-1;9,381024E-1;;
02/12/2021  12:47:15,865063;9,409827E-1;8,245308E-2;1,000394E-1;9,382739E-1;;
02/12/2021  12:47:15,865163;9,414625E-1;1,219570E-1;1,202590E-1;9,384445E-1;;
02/12/2021  12:47:15,865263;9,421092E-1;1,378860E-1;1,480610E-1;9,386136E-1;;
02/12/2021  12:47:15,865363;9,432239E-1;1,104881E-1;1,275255E-1;9,387810E-1;;
02/12/2021  12:47:15,865463;9,425205E-1;1,127182E-1;9,403666E-2;9,389465E-1;;
02/12/2021  12:47:15,865563;9,407055E-1;2,128572E-2;7,539667E-2;9,391099E-1;;
02/12/2021  12:47:15,865663;9,412539E-1;5,314372E-2;1,003553E-1;9,392710E-1;;
02/12/2021  12:47:15,865763;9,415072E-1;1,095324E-1;1,433221E-1;9,394292E-1;;
02/12/2021  12:47:15,865863;9,419930E-1;1,251428E-1;1,205749E-1;9,395842E-1;;
02/12/2021  12:47:15,865963;9,416473E-1;1,229127E-1;1,155200E-1;9,397358E-1;;
02/12/2021  12:47:15,866063;9,405505E-1;1,260985E-1;1,218387E-1;9,398837E-1;;
02/12/2021  12:47:15,866163;9,405058E-1;1,254614E-1;1,306848E-1;9,400275E-1;;
02/12/2021  12:47:15,866263;9,414506E-1;1,190898E-1;1,095173E-1;9,401669E-1;;
02/12/2021  12:47:15,866363;9,422106E-1;1,178155E-1;1,237343E-1;9,403015E-1;;
02/12/2021  12:47:15,866463;9,417665E-1;1,009307E-1;1,110970E-1;9,404312E-1;;
02/12/2021  12:47:15,866563;9,405744E-1;1,372488E-1;1,401627E-1;9,405561E-1;;
02/12/2021  12:47:15,866663;9,417009E-1;1,487177E-1;1,379512E-1;9,406759E-1;;
02/12/2021  12:47:15,866763;9,432209E-1;1,270543E-1;1,231024E-1;9,407906E-1;;
02/12/2021  12:47:15,866863;9,443802E-1;1,311958E-1;1,287892E-1;9,409002E-1;;
02/12/2021  12:47:15,866963;9,437871E-1;1,152668E-1;1,265777E-1;9,410053E-1;;
02/12/2021  12:47:15,867063;9,430451E-1;1,452133E-1;1,471132E-1;9,411062E-1;;
02/12/2021  12:47:15,867163;9,443951E-1;1,238685E-1;1,237343E-1;9,412034E-1;;
02/12/2021  12:47:15,867263;9,451760E-1;1,566822E-1;1,926074E-1;9,412971E-1;;
02/12/2021  12:47:15,867363;9,457214E-1;1,267357E-1;1,202590E-1;9,413879E-1;;
02/12/2021  12:47:15,867463;9,455068E-1;1,831244E-1;2,181979E-1;9,414764E-1;;
02/12/2021  12:47:15,867563;9,446455E-1;1,219570E-1;1,224705E-1;9,415631E-1;;
02/12/2021  12:47:15,867663;9,451074E-1;1,238685E-1;1,240502E-1;9,416484E-1;;
02/12/2021  12:47:15,867763;9,456081E-1;1,299215E-1;1,376353E-1;9,417327E-1;;
02/12/2021  12:47:15,867863;9,449554E-1;1,194084E-1;1,221546E-1;9,418164E-1;;
02/12/2021  12:47:15,867963;9,436024E-1;1,305587E-1;1,370034E-1;9,418995E-1;;
02/12/2021  12:47:15,868063;9,428692E-1;1,216384E-1;1,262617E-1;9,419822E-1;;
02/12/2021  12:47:15,868163;9,429080E-1;1,194084E-1;1,240502E-1;9,420641E-1;;
02/12/2021  12:47:15,868263;9,427798E-1;1,213198E-1;1,189953E-1;9,421451E-1;;
02/12/2021  12:47:15,868363;9,427887E-1;1,397975E-1;1,354238E-1;9,422248E-1;;
02/12/2021  12:47:15,868463;9,412479E-1;1,410718E-1;1,341600E-1;9,423028E-1;;
02/12/2021  12:47:15,868563;9,400588E-1;1,002936E-1;9,751191E-2;9,423787E-1;;
02/12/2021  12:47:15,868663;9,402793E-1;1,210013E-1;1,316326E-1;9,424518E-1;;
02/12/2021  12:47:15,868763;9,414685E-1;1,270543E-1;1,332122E-1;9,425215E-1;;
02/12/2021  12:47:15,868863;9,412777E-1;1,289658E-1;1,284732E-1;9,425872E-1;;
02/12/2021  12:47:15,868963;9,401452E-1;1,327887E-1;1,313166E-1;9,426486E-1;;
02/12/2021  12:47:15,869063;9,400856E-1;1,318330E-1;1,398468E-1;9,427053E-1;;
02/12/2021  12:47:15,869163;9,408784E-1;1,410718E-1;1,483770E-1;9,427569E-1;;
02/12/2021  12:47:15,869263;9,413075E-1;1,235499E-1;1,221546E-1;9,428031E-1;;
02/12/2021  12:47:15,869363;9,405386E-1;1,276914E-1;1,287892E-1;9,428438E-1;;
02/12/2021  12:47:15,869463;9,392631E-1;1,493549E-1;1,603824E-1;9,428788E-1;;
02/12/2021  12:47:15,869563;9,390067E-1;1,315144E-1;1,265777E-1;9,429079E-1;;
02/12/2021  12:47:15,869663;9,391319E-1;1,391603E-1;1,088855E-1;9,429306E-1;;
02/12/2021  12:47:15,869763;9,393465E-1;1,413904E-1;1,341600E-1;9,429468E-1;;
02/12/2021  12:47:15,869863;9,377073E-1;1,366117E-1;1,392149E-1;9,429561E-1;;
02/12/2021  12:47:15,869963;9,363960E-1;1,219570E-1;1,281573E-1;9,429582E-1;;
02/12/2021  12:47:15,870063;9,360712E-1;1,350188E-1;1,363715E-1;9,429526E-1;;
02/12/2021  12:47:15,870163;9,368997E-1;1,159040E-1;1,183634E-1;9,429387E-1;;
02/12/2021  12:47:15,870263;9,364318E-1;1,210013E-1;1,243661E-1;9,429162E-1;;
02/12/2021  12:47:15,870363;9,356688E-1;1,270543E-1;1,278414E-1;9,428847E-1;;
02/12/2021  12:47:15,870463;9,343456E-1;1,321516E-1;1,142563E-1;9,428438E-1;;
02/12/2021  12:47:15,870563;9,342710E-1;9,455912E-2;8,803395E-2;9,427933E-1;;
02/12/2021  12:47:15,870663;9,354393E-1;1,852338E-3;4,854245E-2;9,427326E-1;;
02/12/2021  12:47:15,870763;9,355198E-1;1,292843E-1;1,268936E-1;9,426616E-1;;
02/12/2021  12:47:15,870863;9,343247E-1;1,356559E-1;1,351078E-1;9,425802E-1;;
02/12/2021  12:47:15,870963;9,336422E-1;1,592309E-1;1,695444E-1;9,424886E-1;;
02/12/2021  12:47:15,871063;9,337614E-1;8,818752E-2;8,929768E-2;9,423866E-1;;
02/12/2021  12:47:15,871163;9,344677E-1;1,276914E-1;1,167838E-1;9,422742E-1;;
02/12/2021  12:47:15,871263;9,345899E-1;1,350188E-1;1,253139E-1;9,421515E-1;;
02/12/2021  12:47:15,871363;9,328792E-1;1,391603E-1;1,613302E-1;9,420189E-1;;
02/12/2021  12:47:15,871463;9,316067E-1;1,407532E-1;1,370034E-1;9,418765E-1;;
02/12/2021  12:47:15,871563;9,315620E-1;1,296029E-1;1,167838E-1;9,417242E-1;;
02/12/2021  12:47:15,871663;9,314934E-1;1,426647E-1;1,512204E-1;9,415621E-1;;
02/12/2021  12:47:15,871763;9,315739E-1;1,130368E-1;1,189953E-1;9,413901E-1;;
02/12/2021  12:47:15,871863;9,308079E-1;-9,297962E-3;8,487463E-2;9,412084E-1;;
02/12/2021  12:47:15,871963;9,294638E-1;1,382046E-1;1,325804E-1;9,410171E-1;;
02/12/2021  12:47:15,872063;9,306232E-1;1,088952E-1;8,203124E-2;9,408161E-1;;
02/12/2021  12:47:15,872163;9,312252E-1;1,257800E-1;1,297370E-1;9,406057E-1;;
02/12/2021  12:47:15,872263;9,312192E-1;1,483991E-1;1,404787E-1;9,403862E-1;;
02/12/2021  12:47:15,872363;9,302000E-1;1,442576E-1;1,259458E-1;9,401581E-1;;
02/12/2021  12:47:15,872463;9,295473E-1;1,289658E-1;1,638576E-1;9,399219E-1;;
02/12/2021  12:47:15,872563;9,303579E-1;1,439390E-1;1,543797E-1;9,396779E-1;;
02/12/2021  12:47:15,872663;9,314934E-1;1,394789E-1;1,404787E-1;9,394267E-1;;
02/12/2021  12:47:15,872763;9,308258E-1;1,318330E-1;1,275255E-1;9,391688E-1;;
02/12/2021  12:47:15,872863;9,296397E-1;1,260985E-1;1,183634E-1;9,389052E-1;;
02/12/2021  12:47:15,872963;9,295443E-1;1,267357E-1;1,275255E-1;9,386362E-1;;
02/12/2021  12:47:15,873063;9,293357E-1;1,359745E-1;1,496407E-1;9,383625E-1;;
02/12/2021  12:47:15,873163;9,293208E-1;1,509478E-1;1,395309E-1;9,380846E-1;;
02/12/2021  12:47:15,873263;9,284922E-1;1,429833E-1;1,392149E-1;9,378028E-1;;
02/12/2021  12:47:15,873363;9,272048E-1;1,299215E-1;1,297370E-1;9,375177E-1;;
02/12/2021  12:47:15,873463;9,263822E-1;9,073616E-2;6,876210E-2;9,372293E-1;;
02/12/2021  12:47:15,873563;9,266534E-1;1,410718E-1;1,240502E-1;9,369379E-1;;
02/12/2021  12:47:15,873663;9,274283E-1;1,334259E-1;1,246821E-1;9,366436E-1;;
02/12/2021  12:47:15,873763;9,270736E-1;1,245056E-1;1,287892E-1;9,363465E-1;;
02/12/2021  12:47:15,873863;9,252586E-1;1,429833E-1;1,483770E-1;9,360470E-1;;
02/12/2021  12:47:15,873963;9,251305E-1;1,369303E-1;1,246821E-1;9,357452E-1;;
02/12/2021  12:47:15,874063;9,255418E-1;1,127182E-1;1,272095E-1;9,354412E-1;;
02/12/2021  12:47:15,874163;9,256371E-1;9,232906E-2;1,025668E-1;9,351352E-1;;
02/12/2021  12:47:15,874263;9,247401E-1;9,296622E-2;9,877564E-2;9,348274E-1;;
02/12/2021  12:47:15,874363;9,230770E-1;1,127182E-1;1,310007E-1;9,345179E-1;;
02/12/2021  12:47:15,874463;9,234377E-1;1,213198E-1;1,249980E-1;9,342067E-1;;
02/12/2021  12:47:15,874563;9,240367E-1;1,009307E-1;1,009872E-1;9,338939E-1;;
02/12/2021  12:47:15,874663;9,244986E-1;1,155854E-1;1,215227E-1;9,335795E-1;;
02/12/2021  12:47:15,874763;9,237476E-1;1,082581E-1;1,189953E-1;9,332638E-1;;
02/12/2021  12:47:15,874863;9,226568E-1;1,139925E-1;1,249980E-1;9,329471E-1;;
02/12/2021  12:47:15,874963;9,225793E-1;1,009307E-1;1,117289E-1;9,326296E-1;;
02/12/2021  12:47:15,875063;9,239622E-1;8,818752E-2;6,149566E-2;9,323114E-1;;
02/12/2021  12:47:15,875163;9,242751E-1;5,951532E-2;4,917431E-2;9,319929E-1;;
02/12/2021  12:47:15,875263;9,240039E-1;1,069837E-1;1,186794E-1;9,316745E-1;;
02/12/2021  12:47:15,875363;9,227999E-1;6,047106E-2;1,028828E-1;9,313567E-1;;
02/12/2021  12:47:15,875463;9,227552E-1;9,806350E-2;1,016190E-1;9,310399E-1;;
02/12/2021  12:47:15,875563;9,244361E-1;8,914326E-2;9,530039E-2;9,307245E-1;;
02/12/2021  12:47:15,875663;9,238668E-1;4,422348E-2;7,887192E-2;9,304110E-1;;
02/12/2021  12:47:15,875763;9,235807E-1;1,053908E-1;1,262617E-1;9,300998E-1;;
02/12/2021  12:47:15,875863;9,224184E-1;3,562182E-2;5,012211E-2;9,297915E-1;;
02/12/2021  12:47:15,875963;9,235479E-1;1,334259E-1;1,370034E-1;9,294865E-1;;
02/12/2021  12:47:15,876063;9,247639E-1;1,751599E-1;1,913437E-1;9,291851E-1;;
02/12/2021  12:47:15,876163;9,244688E-1;1,385232E-1;1,404787E-1;9,288880E-1;;
02/12/2021  12:47:15,876263;9,229101E-1;-2,299690E-2;1,315807E-2;9,285956E-1;;
02/12/2021  12:47:15,876363;9,229221E-1;1,493549E-1;1,272095E-1;9,283085E-1;;
02/12/2021  12:47:15,876463;9,241500E-1;1,452133E-1;1,452176E-1;9,280269E-1;;
02/12/2021  12:47:15,876563;9,251454E-1;1,757970E-1;1,648054E-1;9,277512E-1;;
02/12/2021  12:47:15,876663;9,258755E-1;1,808943E-1;1,531159E-1;9,274820E-1;;
02/12/2021  12:47:15,876763;9,260812E-1;1,573194E-1;1,354238E-1;9,272200E-1;;
02/12/2021  12:47:15,876863;9,267249E-1;1,528593E-1;1,439539E-1;9,269661E-1;;
02/12/2021  12:47:15,876963;9,278366E-1;1,506292E-1;1,417424E-1;9,267208E-1;;
02/12/2021  12:47:15,877063;9,295056E-1;1,442576E-1;1,464814E-1;9,264853E-1;;
02/12/2021  12:47:15,877163;9,302178E-1;1,445762E-1;1,720719E-1;9,262606E-1;;
02/12/2021  12:47:15,877263;9,292939E-1;1,251428E-1;1,316326E-1;9,260478E-1;;
02/12/2021  12:47:15,877363;9,296337E-1;1,187712E-1;1,189953E-1;9,258479E-1;;
02/12/2021  12:47:15,877463;9,303669E-1;1,391603E-1;1,351078E-1;9,256617E-1;;
02/12/2021  12:47:15,877563;9,313980E-1;1,299215E-1;1,268936E-1;9,254900E-1;;
02/12/2021  12:47:15,877663;9,316484E-1;1,076209E-1;1,291051E-1;9,253337E-1;;
02/12/2021  12:47:15,877763;9,307126E-1;1,190898E-1;1,148882E-1;9,251933E-1;;
02/12/2021  12:47:15,877863;9,308497E-1;8,436456E-2;1,031987E-1;9,250695E-1;;
02/12/2021  12:47:15,877963;9,321103E-1;1,159040E-1;1,246821E-1;9,249625E-1;;
02/12/2021  12:47:15,878063;9,331177E-1;1,101695E-1;1,152041E-1;9,248728E-1;;
02/12/2021  12:47:15,878163;9,336124E-1;1,372488E-1;1,344760E-1;9,248007E-1;;
02/12/2021  12:47:15,878263;9,330312E-1;1,088952E-1;1,559593E-1;9,247466E-1;;
02/12/2021  12:47:15,878363;9,338955E-1;1,378860E-1;1,123607E-1;9,247108E-1;;
02/12/2021  12:47:15,878463;9,355734E-1;1,426647E-1;2,017695E-1;9,246935E-1;;
02/12/2021  12:47:15,878563;9,361755E-1;1,254614E-1;1,303688E-1;9,246949E-1;;
02/12/2021  12:47:15,878663;9,364079E-1;1,085766E-1;1,104651E-1;9,247155E-1;;
02/12/2021  12:47:15,878763;9,354244E-1;1,315144E-1;1,398468E-1;9,247555E-1;;
02/12/2021  12:47:15,878863;9,370487E-1;8,054160E-2;9,056141E-2;9,248149E-1;;
02/12/2021  12:47:15,878963;9,379338E-1;1,276914E-1;1,322644E-1;9,248936E-1;;
02/12/2021  12:47:15,879063;9,383183E-1;1,171783E-1;1,256299E-1;9,249919E-1;;
02/12/2021  12:47:15,879163;9,377282E-1;1,283286E-1;1,306848E-1;9,251096E-1;;
02/12/2021  12:47:15,879263;9,361755E-1;1,143111E-1;1,294210E-1;9,252465E-1;;
02/12/2021  12:47:15,879363;9,371798E-1;1,174969E-1;1,167838E-1;9,254022E-1;;
02/12/2021  12:47:15,879463;9,377610E-1;1,302401E-1;1,486929E-1;9,255760E-1;;
02/12/2021  12:47:15,879563;9,371858E-1;1,305587E-1;1,341600E-1;9,257672E-1;;
02/12/2021  12:47:15,879663;9,374093E-1;1,257800E-1;1,158360E-1;9,259750E-1;;
02/12/2021  12:47:15,879763;9,363751E-1;-3,777220E-4;6,212753E-2;9,261987E-1;;
02/12/2021  12:47:15,879863;9,375911E-1;9,647060E-2;9,119327E-2;9,264372E-1;;
02/12/2021  12:47:15,879963;9,385329E-1;1,248242E-1;1,231024E-1;9,266896E-1;;
02/12/2021  12:47:15,880063;9,396892E-1;1,187712E-1;1,240502E-1;9,269550E-1;;
02/12/2021  12:47:15,880163;9,393078E-1;1,210013E-1;1,325804E-1;9,272328E-1;;
02/12/2021  12:47:15,880263;9,396266E-1;1,152668E-1;9,877564E-2;9,275223E-1;;
02/12/2021  12:47:15,880363;9,409737E-1;1,187712E-1;1,202590E-1;9,278228E-1;;
02/12/2021  12:47:15,880463;9,430003E-1;1,914074E-1;2,200935E-1;9,281338E-1;;
02/12/2021  12:47:15,880563;9,436560E-1;1,292843E-1;1,341600E-1;9,284550E-1;;
02/12/2021  12:47:15,880663;9,432000E-1;8,978042E-2;1,050943E-1;9,287862E-1;;
02/12/2021  12:47:15,880763;9,437365E-1;1,245056E-1;1,249980E-1;9,291273E-1;;
02/12/2021  12:47:15,880863;9,454204E-1;1,044351E-1;1,316326E-1;9,294780E-1;;
02/12/2021  12:47:15,880963;9,461058E-1;1,388417E-1;1,496407E-1;9,298381E-1;;
02/12/2021  12:47:15,881063;9,459687E-1;1,203641E-1;1,272095E-1;9,302076E-1;;
02/12/2021  12:47:15,881163;9,449286E-1;1,088952E-1;1,142563E-1;9,305862E-1;;
02/12/2021  12:47:15,881263;9,449524E-1;1,213198E-1;1,205749E-1;9,309737E-1;;
02/12/2021  12:47:15,881363;9,464337E-1;1,496735E-1;1,319485E-1;9,313694E-1;;
02/12/2021  12:47:15,881463;9,468420E-1;1,382046E-1;1,382671E-1;9,317729E-1;;
02/12/2021  12:47:15,881563;9,476496E-1;1,178155E-1;1,133085E-1;9,321837E-1;;
02/12/2021  12:47:15,881663;9,472413E-1;1,200455E-1;1,237343E-1;9,326014E-1;;
02/12/2021  12:47:15,881763;9,467257E-1;1,168597E-1;1,189953E-1;9,330257E-1;;
02/12/2021  12:47:15,881863;9,486421E-1;1,366117E-1;1,518522E-1;9,334560E-1;;
02/12/2021  12:47:15,881963;9,493037E-1;1,073023E-1;1,167838E-1;9,338917E-1;;
02/12/2021  12:47:15,882063;9,500875E-1;1,066652E-1;1,152041E-1;9,343325E-1;;
02/12/2021  12:47:15,882163;9,498252E-1;1,210013E-1;1,237343E-1;9,347782E-1;;
02/12/2021  12:47:15,882263;9,504362E-1;1,585937E-1;1,872366E-1;9,352284E-1;;
02/12/2021  12:47:15,882363;9,514525E-1;1,343816E-1;1,347919E-1;9,356829E-1;;
02/12/2021  12:47:15,882463;9,527072E-1;1,108067E-1;1,189953E-1;9,361414E-1;;
02/12/2021  12:47:15,882563;9,528175E-1;-7,705062E-3;5,707262E-2;9,366038E-1;;
02/12/2021  12:47:15,882663;9,522721E-1;1,152668E-1;1,392149E-1;9,370699E-1;;
02/12/2021  12:47:15,882763;9,526029E-1;1,289658E-1;1,167838E-1;9,375395E-1;;
02/12/2021  12:47:15,882863;9,545013E-1;1,487177E-1;1,581709E-1;9,380124E-1;;
02/12/2021  12:47:15,882963;9,544745E-1;1,280100E-1;1,281573E-1;9,384882E-1;;
02/12/2021  12:47:15,883063;9,539828E-1;1,350188E-1;1,347919E-1;9,389669E-1;;
02/12/2021  12:47:15,883163;9,532734E-1;1,410718E-1;1,430061E-1;9,394481E-1;;
02/12/2021  12:47:15,883263;9,534850E-1;2,606442E-2;7,318515E-2;9,399314E-1;;
02/12/2021  12:47:15,883363;9,545132E-1;7,098420E-2;8,929768E-2;9,404161E-1;;
02/12/2021  12:47:15,883463;9,541765E-1;1,219570E-1;1,155200E-1;9,409018E-1;;
02/12/2021  12:47:15,883563;9,532258E-1;1,296029E-1;1,287892E-1;9,413878E-1;;
02/12/2021  12:47:15,883663;9,520277E-1;1,337445E-1;1,303688E-1;9,418733E-1;;
02/12/2021  12:47:15,883763;9,522572E-1;1,426647E-1;1,300529E-1;9,423575E-1;;
02/12/2021  12:47:15,883863;9,521022E-1;1,101695E-1;8,771802E-2;9,428393E-1;;
02/12/2021  12:47:15,883963;9,520158E-1;7,799296E-2;9,150920E-2;9,433175E-1;;
02/12/2021  12:47:15,884063;9,508445E-1;1,216384E-1;1,297370E-1;9,437912E-1;;
02/12/2021  12:47:15,884163;9,498044E-1;1,969282E-2;5,233363E-2;9,442592E-1;;
02/12/2021  12:47:15,884263;9,498640E-1;1,114439E-1;1,088855E-1;9,447201E-1;;
02/12/2021  12:47:15,884363;9,503110E-1;1,194084E-1;1,186794E-1;9,451728E-1;;
02/12/2021  12:47:15,884463;9,506120E-1;1,337445E-1;1,243661E-1;9,456159E-1;;
02/12/2021  12:47:15,884563;9,496554E-1;1,697440E-1;1,370034E-1;9,460485E-1;;
02/12/2021  12:47:15,884663;9,493871E-1;1,618844E-2;7,255328E-2;9,464696E-1;;
02/12/2021  12:47:15,884763;9,508803E-1;1,235499E-1;1,259458E-1;9,468783E-1;;
02/12/2021  12:47:15,884863;9,516253E-1;1,159040E-1;1,771268E-1;9,472738E-1;;
02/12/2021  12:47:15,884963;9,518071E-1;1,334259E-1;1,316326E-1;9,476557E-1;;
02/12/2021  12:47:15,885063;9,511276E-1;1,276914E-1;6,465498E-2;9,480237E-1;;
02/12/2021  12:47:15,885163;9,503349E-1;1,366117E-1;1,294210E-1;9,483776E-1;;
02/12/2021  12:47:15,885263;9,514227E-1;1,302401E-1;1,455336E-1;9,487170E-1;;
02/12/2021  12:47:15,885363;9,515866E-1;1,439390E-1;1,398468E-1;9,490417E-1;;
02/12/2021  12:47:15,885463;9,511336E-1;1,394789E-1;1,395309E-1;9,493515E-1;;
02/12/2021  12:47:15,885563;9,492381E-1;1,219570E-1;1,262617E-1;9,496465E-1;;
02/12/2021  12:47:15,885663;9,485020E-1;1,101695E-1;1,246821E-1;9,499263E-1;;
02/12/2021  12:47:15,885763;9,488388E-1;1,216384E-1;1,199431E-1;9,501904E-1;;
02/12/2021  12:47:15,885863;9,481652E-1;1,302401E-1;1,300529E-1;9,504385E-1;;
02/12/2021  12:47:15,885963;9,476347E-1;1,401161E-1;1,518522E-1;9,506701E-1;;
02/12/2021  12:47:15,886063;9,464873E-1;1,178155E-1;1,167838E-1;9,508849E-1;;
02/12/2021  12:47:15,886163;9,458287E-1;1,512664E-1;1,461654E-1;9,510824E-1;;
02/12/2021  12:47:15,886263;9,462042E-1;1,378860E-1;1,461654E-1;9,512620E-1;;
02/12/2021  12:47:15,886363;9,466602E-1;1,305587E-1;1,291051E-1;9,514234E-1;;
02/12/2021  12:47:15,886463;9,461177E-1;1,165411E-1;1,287892E-1;9,515663E-1;;
02/12/2021  12:47:15,886563;9,450925E-1;1,436204E-1;1,430061E-1;9,516907E-1;;
02/12/2021  12:47:15,886663;9,449167E-1;1,085766E-1;1,234183E-1;9,517964E-1;;
02/12/2021  12:47:15,886763;9,464515E-1;1,216384E-1;1,287892E-1;9,518834E-1;;
02/12/2021  12:47:15,886863;9,464188E-1;1,308772E-1;1,328963E-1;9,519517E-1;;
02/12/2021  12:47:15,886963;9,463353E-1;1,063466E-1;9,561632E-2;9,520018E-1;;
02/12/2021  12:47:15,887063;9,453548E-1;7,512574E-2;1,038306E-1;9,520340E-1;;
02/12/2021  12:47:15,887163;9,454174E-1;1,079395E-1;1,417424E-1;9,520489E-1;;
02/12/2021  12:47:15,887263;9,455664E-1;1,327887E-1;1,366875E-1;9,520469E-1;;
02/12/2021  12:47:15,887363;9,443027E-1;1,117624E-1;1,167838E-1;9,520283E-1;;
02/12/2021  12:47:15,887463;9,434951E-1;1,190898E-1;1,202590E-1;9,519937E-1;;
02/12/2021  12:47:15,887563;9,420705E-1;1,229127E-1;1,306848E-1;9,519432E-1;;
02/12/2021  12:47:15,887663;9,417903E-1;1,101695E-1;1,215227E-1;9,518770E-1;;
02/12/2021  12:47:15,887763;9,418529E-1;1,133553E-1;1,253139E-1;9,517951E-1;;
02/12/2021  12:47:15,887863;9,409916E-1;1,012493E-1;1,129926E-1;9,516977E-1;;
02/12/2021  12:47:15,887963;9,400618E-1;1,168597E-1;1,240502E-1;9,515849E-1;;
02/12/2021  12:47:15,888063;9,384584E-1;8,978042E-2;1,079377E-1;9,514566E-1;;
02/12/2021  12:47:15,888163;9,387028E-1;9,774492E-2;1,006712E-1;9,513130E-1;;
02/12/2021  12:47:15,888263;9,388756E-1;9,424054E-2;7,887192E-2;9,511539E-1;;
02/12/2021  12:47:15,888363;9,385597E-1;1,069837E-1;1,189953E-1;9,509793E-1;;
02/12/2021  12:47:15,888463;9,380739E-1;1,025236E-1;1,142563E-1;9,507896E-1;;
02/12/2021  12:47:15,888563;9,363364E-1;9,583344E-2;1,170997E-1;9,505850E-1;;
02/12/2021  12:47:15,888663;9,361397E-1;-1,152802E-2;5,138584E-2;9,503655E-1;;
02/12/2021  12:47:15,888763;9,368192E-1;1,627352E-1;1,758630E-1;9,501314E-1;;
02/12/2021  12:47:15,888863;9,362291E-1;1,273729E-1;1,253139E-1;9,498828E-1;;
02/12/2021  12:47:15,888963;9,349774E-1;1,496735E-1;1,749153E-1;9,496202E-1;;
02/12/2021  12:47:15,889063;9,343128E-1;6,333828E-2;7,539667E-2;9,493438E-1;;
02/12/2021  12:47:15,889163;9,341042E-1;1,509478E-1;1,370034E-1;9,490539E-1;;
02/12/2021  12:47:15,889263;9,343009E-1;1,757970E-1;1,546956E-1;9,487507E-1;;
02/12/2021  12:47:15,889363;9,341816E-1;1,703812E-1;1,483770E-1;9,484347E-1;;
02/12/2021  12:47:15,889463;9,328822E-1;1,579565E-1;1,521681E-1;9,481063E-1;;
02/12/2021  12:47:15,889563;9,321729E-1;1,719741E-1;1,483770E-1;9,477660E-1;;
02/12/2021  12:47:15,889663;9,322683E-1;1,547707E-1;1,335282E-1;9,474141E-1;;
02/12/2021  12:47:15,889763;9,319613E-1;1,722926E-1;1,660692E-1;9,470511E-1;;
02/12/2021  12:47:15,889863;9,316156E-1;1,538150E-1;1,499566E-1;9,466774E-1;;
02/12/2021  12:47:15,889963;9,298364E-1;1,302401E-1;1,253139E-1;9,462935E-1;;
02/12/2021  12:47:15,890063;9,293774E-1;1,385232E-1;1,398468E-1;9,458997E-1;;
02/12/2021  12:47:15,890163;9,298989E-1;1,133553E-1;9,719598E-2;9,454965E-1;;
02/12/2021  12:47:15,890263;9,292194E-1;1,225942E-1;1,224705E-1;9,450841E-1;;
02/12/2021  12:47:15,890363;9,286323E-1;1,327887E-1;1,294210E-1;9,446629E-1;;
02/12/2021  12:47:15,890463;9,272316E-1;1,260985E-1;1,310007E-1;9,442335E-1;;
02/12/2021  12:47:15,890563;9,258845E-1;1,343816E-1;1,360556E-1;9,437961E-1;;
02/12/2021  12:47:15,890663;9,262630E-1;1,452133E-1;1,622780E-1;9,433508E-1;;
02/12/2021  12:47:15,890763;9,259441E-1;1,251428E-1;1,284732E-1;9,428979E-1;;
02/12/2021  12:47:15,890863;9,256729E-1;1,174969E-1;1,268936E-1;9,424376E-1;;
02/12/2021  12:47:15,890963;9,247341E-1;1,445762E-1;1,461654E-1;9,419702E-1;;
02/12/2021  12:47:15,891063;9,243496E-1;1,120810E-1;1,518522E-1;9,414961E-1;;
02/12/2021  12:47:15,891163;9,252378E-1;1,232313E-1;1,240502E-1;9,410157E-1;;
02/12/2021  12:47:15,891263;9,259799E-1;1,289658E-1;1,281573E-1;9,405295E-1;;
02/12/2021  12:47:15,891363;9,260275E-1;1,506292E-1;1,505885E-1;9,400381E-1;;
02/12/2021  12:47:15,891463;9,253123E-1;1,350188E-1;1,442698E-1;9,395425E-1;;
02/12/2021  12:47:15,891563;9,255447E-1;1,155854E-1;1,193112E-1;9,390436E-1;;
02/12/2021  12:47:15,891663;9,266325E-1;1,305587E-1;1,534319E-1;9,385422E-1;;
02/12/2021  12:47:15,891763;9,269246E-1;1,260985E-1;1,281573E-1;9,380395E-1;;
02/12/2021  12:47:15,891863;9,269276E-1;1,299215E-1;1,212068E-1;9,375365E-1;;
02/12/2021  12:47:15,891963;9,261766E-1;1,417090E-1;1,550115E-1;9,370346E-1;;
02/12/2021  12:47:15,892063;9,266594E-1;1,232313E-1;1,205749E-1;9,365347E-1;;
02/12/2021  12:47:15,892163;9,278127E-1;1,101695E-1;1,142563E-1;9,360381E-1;;
02/12/2021  12:47:15,892263;9,284535E-1;1,305587E-1;1,300529E-1;9,355458E-1;;
02/12/2021  12:47:15,892363;9,280750E-1;1,337445E-1;1,272095E-1;9,350593E-1;;
02/12/2021  12:47:15,892463;9,272375E-1;1,302401E-1;1,332122E-1;9,345798E-1;;
02/12/2021  12:47:15,892563;9,280422E-1;1,095324E-1;1,114129E-1;9,341083E-1;;
02/12/2021  12:47:15,892663;9,289631E-1;9,870066E-2;6,844617E-2;9,336458E-1;;
02/12/2021  12:47:15,892763;9,290585E-1;1,305587E-1;1,246821E-1;9,331936E-1;;
02/12/2021  12:47:15,892863;9,287813E-1;1,410718E-1;1,357397E-1;9,327527E-1;;
02/12/2021  12:47:15,892963;9,282300E-1;1,245056E-1;1,148882E-1;9,323239E-1;;
02/12/2021  12:47:15,893063;9,291449E-1;1,385232E-1;1,597505E-1;9,319083E-1;;
02/12/2021  12:47:15,893163;9,297142E-1;1,276914E-1;1,411105E-1;9,315065E-1;;
02/12/2021  12:47:15,893263;9,294728E-1;1,190898E-1;1,237343E-1;9,311193E-1;;
02/12/2021  12:47:15,893363;9,293893E-1;1,206827E-1;1,249980E-1;9,307475E-1;;
02/12/2021  12:47:15,893463;9,294251E-1;1,181340E-1;1,129926E-1;9,303917E-1;;
02/12/2021  12:47:15,893563;9,299645E-1;1,117624E-1;1,417424E-1;9,300523E-1;;
02/12/2021  12:47:15,893663;9,308109E-1;1,464877E-1;1,354238E-1;9,297298E-1;;
02/12/2021  12:47:15,893763;9,313772E-1;1,334259E-1;1,287892E-1;9,294248E-1;;
02/12/2021  12:47:15,893863;9,312520E-1;1,592309E-1;2,118793E-1;9,291377E-1;;
02/12/2021  12:47:15,893963;9,315500E-1;1,359745E-1;1,360556E-1;9,288691E-1;;
02/12/2021  12:47:15,894063;9,324203E-1;1,337445E-1;1,306848E-1;9,286194E-1;;
02/12/2021  12:47:15,894163;9,335349E-1;1,241871E-1;1,281573E-1;9,283889E-1;;
02/12/2021  12:47:15,894263;9,340535E-1;1,232313E-1;1,202590E-1;9,281781E-1;;
02/12/2021  12:47:15,894363;9,343515E-1;1,127182E-1;1,202590E-1;9,279875E-1;;
02/12/2021  12:47:15,894463;9,344499E-1;1,245056E-1;1,240502E-1;9,278176E-1;;
02/12/2021  12:47:15,894563;9,351115E-1;1,206827E-1;1,095173E-1;9,276687E-1;;
02/12/2021  12:47:15,894663;9,364049E-1;1,184526E-1;1,227865E-1;9,275411E-1;;
02/12/2021  12:47:15,894763;9,368192E-1;9,455912E-2;1,193112E-1;9,274352E-1;;
02/12/2021  12:47:15,894863;9,363692E-1;1,302401E-1;1,291051E-1;9,273512E-1;;
02/12/2021  12:47:15,894963;9,364854E-1;1,088952E-1;1,319485E-1;9,272892E-1;;
02/12/2021  12:47:15,895063;9,372305E-1;1,289658E-1;1,474292E-1;9,272494E-1;;
02/12/2021  12:47:15,895163;9,381961E-1;1,280100E-1;1,268936E-1;9,272317E-1;;
02/12/2021  12:47:15,895263;9,388398E-1;1,483991E-1;1,490088E-1;9,272360E-1;;
02/12/2021  12:47:15,895363;9,385329E-1;1,477620E-1;1,379512E-1;9,272622E-1;;
02/12/2021  12:47:15,895463;9,389859E-1;1,350188E-1;1,341600E-1;9,273104E-1;;
02/12/2021  12:47:15,895563;9,405267E-1;1,152668E-1;1,186794E-1;9,273801E-1;;
02/12/2021  12:47:15,895663;9,414357E-1;1,327887E-1;1,303688E-1;9,274714E-1;;
02/12/2021  12:47:15,895763;9,415996E-1;1,404346E-1;1,392149E-1;9,275840E-1;;
02/12/2021  12:47:15,895863;9,414893E-1;1,273729E-1;1,218387E-1;9,277179E-1;;
02/12/2021  12:47:15,895963;9,417367E-1;1,213198E-1;1,076217E-1;9,278728E-1;;
02/12/2021  12:47:15,896063;9,436113E-1;1,531778E-1;2,001898E-1;9,280483E-1;;
02/12/2021  12:47:15,896163;9,445233E-1;1,331073E-1;1,366875E-1;9,282442E-1;;
02/12/2021  12:47:15,896263;9,449197E-1;1,382046E-1;1,417424E-1;9,284602E-1;;
02/12/2021  12:47:15,896363;9,446663E-1;1,041165E-1;1,325804E-1;9,286962E-1;;
02/12/2021  12:47:15,896463;9,451491E-1;1,085766E-1;1,069899E-1;9,289519E-1;;
02/12/2021  12:47:15,896563;9,465439E-1;1,235499E-1;1,291051E-1;9,292267E-1;;
02/12/2021  12:47:15,896663;9,469463E-1;1,404346E-1;1,376353E-1;9,295204E-1;;
02/12/2021  12:47:15,896763;9,468539E-1;1,276914E-1;1,183634E-1;9,298325E-1;;
02/12/2021  12:47:15,896863;9,460462E-1;8,691320E-2;7,192142E-2;9,301626E-1;;
02/12/2021  12:47:15,896963;9,468002E-1;1,248242E-1;1,246821E-1;9,305098E-1;;
02/12/2021  12:47:15,897063;9,479894E-1;1,423461E-1;1,531159E-1;9,308734E-1;;
02/12/2021  12:47:15,897163;9,483112E-1;1,171783E-1;1,208909E-1;9,312527E-1;;
02/12/2021  12:47:15,897263;9,488477E-1;1,155854E-1;1,142563E-1;9,316470E-1;;
02/12/2021  12:47:15,897363;9,480758E-1;1,229127E-1;1,221546E-1;9,320554E-1;;
02/12/2021  12:47:15,897463;9,494259E-1;9,264764E-2;1,016190E-1;9,324773E-1;;
02/12/2021  12:47:15,897563;9,503706E-1;1,311958E-1;1,234183E-1;9,329118E-1;;
02/12/2021  12:47:15,897663;9,504064E-1;1,267357E-1;1,161519E-1;9,333581E-1;;
02/12/2021  12:47:15,897763;9,497656E-1;1,331073E-1;1,341600E-1;9,338156E-1;;
02/12/2021  12:47:15,897863;9,494348E-1;1,362931E-1;1,262617E-1;9,342833E-1;;
02/12/2021  12:47:15,897963;9,502484E-1;1,280100E-1;1,142563E-1;9,347603E-1;;
02/12/2021  12:47:15,898063;9,513184E-1;1,149482E-1;9,561632E-2;9,352454E-1;;
02/12/2021  12:47:15,898163;9,513601E-1;1,283286E-1;1,161519E-1;9,357379E-1;;
02/12/2021  12:47:15,898263;9,514316E-1;9,392196E-2;1,050943E-1;9,362368E-1;;
02/12/2021  12:47:15,898363;9,509220E-1;1,286472E-1;1,224705E-1;9,367413E-1;;
02/12/2021  12:47:15,898463;9,518965E-1;1,343816E-1;1,366875E-1;9,372504E-1;;
02/12/2021  12:47:15,898563;9,529933E-1;1,197269E-1;1,439539E-1;9,377632E-1;;
02/12/2021  12:47:15,898663;9,528890E-1;1,152668E-1;1,199431E-1;9,382789E-1;;
02/12/2021  12:47:15,898763;9,529844E-1;1,181340E-1;1,158360E-1;9,387969E-1;;
02/12/2021  12:47:15,898863;9,529695E-1;1,034794E-1;1,509044E-1;9,393162E-1;;
02/12/2021  12:47:15,898963;9,535446E-1;1,299215E-1;1,272095E-1;9,398363E-1;;
02/12/2021  12:47:15,899063;9,543374E-1;1,235499E-1;1,287892E-1;9,403563E-1;;
02/12/2021  12:47:15,899163;9,551302E-1;1,337445E-1;1,221546E-1;9,408756E-1;;
02/12/2021  12:47:15,899263;9,554014E-1;1,305587E-1;1,215227E-1;9,413938E-1;;
02/12/2021  12:47:15,899363;9,553835E-1;1,327887E-1;1,294210E-1;9,419104E-1;;
02/12/2021  12:47:15,899463;9,564683E-1;1,401161E-1;1,673329E-1;9,424250E-1;;
02/12/2021  12:47:15,899563;9,574876E-1;1,213198E-1;1,316326E-1;9,429373E-1;;
02/12/2021  12:47:15,899663;9,570972E-1;1,315144E-1;1,420583E-1;9,434469E-1;;
02/12/2021  12:47:15,899763;9,572283E-1;1,276914E-1;1,272095E-1;9,439537E-1;;
02/12/2021  12:47:15,899863;9,571031E-1;1,439390E-1;1,461654E-1;9,444575E-1;;
02/12/2021  12:47:15,899963;9,575770E-1;8,595746E-2;8,424277E-2;9,449578E-1;;
02/12/2021  12:47:15,900063;9,580836E-1;1,069837E-1;1,177316E-1;9,454544E-1;;
02/12/2021  12:47:15,900163;9,579257E-1;1,111253E-1;1,265777E-1;9,459469E-1;;
02/12/2021  12:47:15,900263;9,574876E-1;1,037979E-1;1,126766E-1;9,464350E-1;;
02/12/2021  12:47:15,900363;9,582684E-1;9,870066E-2;1,057261E-1;9,469182E-1;;
02/12/2021  12:47:15,900463;9,595947E-1;1,257800E-1;1,458495E-1;9,473964E-1;;
02/12/2021  12:47:15,900563;9,595827E-1;1,130368E-1;1,218387E-1;9,478691E-1;;
02/12/2021  12:47:15,900663;9,595559E-1;9,169190E-2;8,992954E-2;9,483363E-1;;
02/12/2021  12:47:15,900763;9,590165E-1;8,946184E-2;1,129926E-1;9,487979E-1;;
02/12/2021  12:47:15,900863;9,591744E-1;8,404598E-2;1,025668E-1;9,492536E-1;;
02/12/2021  12:47:15,900963;9,594278E-1;1,300264E-2;5,928414E-2;9,497031E-1;;
02/12/2021  12:47:15,901063;9,596394E-1;9,264764E-2;9,782784E-2;9,501460E-1;;
02/12/2021  12:47:15,901163;9,597109E-1;7,767438E-2;8,803395E-2;9,505821E-1;;
02/12/2021  12:47:15,901263;9,591774E-1;7,321426E-2;1,104651E-1;9,510112E-1;;
02/12/2021  12:47:15,901363;9,588317E-1;9,201048E-2;1,104651E-1;9,514327E-1;;
02/12/2021  12:47:15,901463;9,592817E-1;9,498258E-3;5,960007E-2;9,518465E-1;;
02/12/2021  12:47:15,901563;9,591148E-1;1,012493E-1;1,164678E-1;9,522520E-1;;
02/12/2021  12:47:15,901663;9,585963E-1;9,806350E-2;1,136244E-1;9,526489E-1;;
02/12/2021  12:47:15,901763;9,571061E-1;1,143111E-1;1,227865E-1;9,530366E-1;;
02/12/2021  12:47:15,901863;9,575621E-1;1,296029E-1;1,442698E-1;9,534147E-1;;
02/12/2021  12:47:15,901963;9,575561E-1;1,509478E-1;1,613302E-1;9,537823E-1;;
02/12/2021  12:47:15,902063;9,574012E-1;1,404346E-1;1,259458E-1;9,541390E-1;;
02/12/2021  12:47:15,902163;9,571061E-1;1,499920E-1;1,316326E-1;9,544842E-1;;
02/12/2021  12:47:15,902263;9,563968E-1;1,659210E-1;1,499566E-1;9,548173E-1;;
02/12/2021  12:47:15,902363;9,566799E-1;4,454206E-2;8,929768E-2;9,551379E-1;;
02/12/2021  12:47:15,902463;9,568379E-1;1,560451E-1;1,420583E-1;9,554454E-1;;
02/12/2021  12:47:15,902563;9,570465E-1;1,436204E-1;1,306848E-1;9,557393E-1;;
02/12/2021  12:47:15,902663;9,559855E-1;1,353374E-1;1,449017E-1;9,560195E-1;;
02/12/2021  12:47:15,902763;9,557382E-1;1,439390E-1;1,392149E-1;9,562856E-1;;
02/12/2021  12:47:15,902863;9,563014E-1;1,302401E-1;1,294210E-1;9,565373E-1;;
02/12/2021  12:47:15,902963;9,566352E-1;1,235499E-1;1,310007E-1;9,567742E-1;;
02/12/2021  12:47:15,903063;9,569750E-1;1,254614E-1;1,300529E-1;9,569965E-1;;
02/12/2021  12:47:15,903163;9,562835E-1;1,350188E-1;1,461654E-1;9,572040E-1;;
02/12/2021  12:47:15,903263;9,556011E-1;1,187712E-1;1,237343E-1;9,573969E-1;;
02/12/2021  12:47:15,903363;9,562210E-1;8,181592E-2;9,814378E-2;9,575751E-1;;
02/12/2021  12:47:15,903463;9,566203E-1;1,222756E-1;1,212068E-1;9,577388E-1;;
02/12/2021  12:47:15,903563;9,572700E-1;1,308772E-1;1,335282E-1;9,578882E-1;;
02/12/2021  12:47:15,903663;9,576694E-1;1,448948E-1;1,363715E-1;9,580236E-1;;
02/12/2021  12:47:15,903763;9,565041E-1;1,241871E-1;9,340479E-2;9,581455E-1;;
02/12/2021  12:47:15,903863;9,568707E-1;1,238685E-1;1,720719E-1;9,582544E-1;;
02/12/2021  12:47:15,903963;9,571538E-1;1,136739E-1;1,221546E-1;9,583507E-1;;
02/12/2021  12:47:15,904063;9,571091E-1;1,397975E-1;1,426902E-1;9,584348E-1;;
02/12/2021  12:47:15,904163;9,563402E-1;1,123996E-1;1,095173E-1;9,585073E-1;;
02/12/2021  12:47:15,904263;9,562806E-1;1,143111E-1;1,152041E-1;9,585686E-1;;
02/12/2021  12:47:15,904363;9,565905E-1;1,308772E-1;1,370034E-1;9,586190E-1;;
02/12/2021  12:47:15,904463;9,570048E-1;1,331073E-1;1,322644E-1;9,586590E-1;;
02/12/2021  12:47:15,904563;9,569482E-1;1,235499E-1;1,310007E-1;9,586890E-1;;
02/12/2021  12:47:15,904663;9,556636E-1;1,069837E-1;1,158360E-1;9,587096E-1;;
02/12/2021  12:47:15,904763;9,556517E-1;1,133553E-1;1,063580E-1;9,587213E-1;;
02/12/2021  12:47:15,904863;9,559825E-1;1,057094E-1;9,814378E-2;9,587241E-1;;
02/12/2021  12:47:15,904963;9,560183E-1;1,222756E-1;1,259458E-1;9,587187E-1;;
02/12/2021  12:47:15,905063;9,558842E-1;1,114439E-1;1,215227E-1;9,587052E-1;;
02/12/2021  12:47:15,905163;9,553239E-1;1,283286E-1;1,366875E-1;9,586841E-1;;
02/12/2021  12:47:15,905263;9,548351E-1;1,302401E-1;1,388990E-1;9,586557E-1;;
02/12/2021  12:47:15,905363;9,555981E-1;1,426647E-1;1,436380E-1;9,586203E-1;;
02/12/2021  12:47:15,905463;9,556636E-1;1,222756E-1;1,347919E-1;9,585782E-1;;
02/12/2021  12:47:15,905563;9,557501E-1;1,267357E-1;1,287892E-1;9,585298E-1;;
02/12/2021  12:47:15,905663;9,541020E-1;5,919674E-2;9,308886E-2;9,584755E-1;;
02/12/2021  12:47:15,905763;9,538576E-1;1,296029E-1;1,328963E-1;9,584155E-1;;
02/12/2021  12:47:15,905863;9,545758E-1;1,468062E-1;1,625939E-1;9,583499E-1;;
02/12/2021  12:47:15,905963;9,542391E-1;1,388417E-1;1,354238E-1;9,582791E-1;;
02/12/2021  12:47:15,906063;9,542033E-1;1,210013E-1;1,221546E-1;9,582030E-1;;
02/12/2021  12:47:15,906163;9,525701E-1;1,340630E-1;1,420583E-1;9,581221E-1;;
02/12/2021  12:47:15,906263;9,521409E-1;1,350188E-1;1,379512E-1;9,580363E-1;;
02/12/2021  12:47:15,906363;9,526804E-1;1,203641E-1;1,098333E-1;9,579455E-1;;
02/12/2021  12:47:15,906463;9,529993E-1;9,455912E-2;7,476481E-2;9,578498E-1;;
02/12/2021  12:47:15,906563;9,516998E-1;1,174969E-1;1,234183E-1;9,577492E-1;;
02/12/2021  12:47:15,906663;9,499921E-1;1,407532E-1;1,445858E-1;9,576436E-1;;
02/12/2021  12:47:15,906763;9,496434E-1;1,260985E-1;9,688005E-2;9,575330E-1;;
02/12/2021  12:47:15,906863;9,497984E-1;1,159040E-1;9,814378E-2;9,574169E-1;;
02/12/2021  12:47:15,906963;9,496822E-1;1,063466E-1;9,972343E-2;9,572951E-1;;
02/12/2021  12:47:15,907063;9,486331E-1;1,073023E-1;1,253139E-1;9,571674E-1;;
02/12/2021  12:47:15,907163;9,473903E-1;1,219570E-1;1,177316E-1;9,570333E-1;;
02/12/2021  12:47:15,907263;9,468926E-1;1,302401E-1;1,354238E-1;9,568927E-1;;
02/12/2021  12:47:15,907363;9,467943E-1;1,267357E-1;1,493248E-1;9,567451E-1;;
02/12/2021  12:47:15,907463;9,462578E-1;1,324701E-1;1,316326E-1;9,565900E-1;;
02/12/2021  12:47:15,907563;9,450985E-1;1,375674E-1;1,129926E-1;9,564271E-1;;
02/12/2021  12:47:15,907663;9,431613E-1;8,542518E-3;8,013565E-2;9,562559E-1;;
02/12/2021  12:47:15,907763;9,428156E-1;1,264171E-1;1,268936E-1;9,560760E-1;;
02/12/2021  12:47:15,907863;9,431643E-1;1,311958E-1;1,341600E-1;9,558866E-1;;
02/12/2021  12:47:15,907963;9,418887E-1;1,369303E-1;1,366875E-1;9,556872E-1;;
02/12/2021  12:47:15,908063;9,409082E-1;1,299215E-1;1,196272E-1;9,554773E-1;;
02/12/2021  12:47:15,908163;9,397846E-1;1,369303E-1;1,351078E-1;9,552565E-1;;
02/12/2021  12:47:15,908263;9,393167E-1;1,519035E-1;1,439539E-1;9,550242E-1;;
02/12/2021  12:47:15,908363;9,393733E-1;1,308772E-1;1,303688E-1;9,547798E-1;;
02/12/2021  12:47:15,908463;9,383928E-1;1,311958E-1;1,493248E-1;9,545230E-1;;
02/12/2021  12:47:15,908563;9,363841E-1;1,302401E-1;1,281573E-1;9,542534E-1;;
02/12/2021  12:47:15,908663;9,357850E-1;8,277166E-2;6,813023E-2;9,539705E-1;;
02/12/2021  12:47:15,908763;9,357582E-1;1,159040E-1;1,044624E-1;9,536739E-1;;
02/12/2021  12:47:15,908863;9,361367E-1;1,372488E-1;1,344760E-1;9,533632E-1;;
02/12/2021  12:47:15,908963;9,351771E-1;1,417090E-1;1,505885E-1;9,530383E-1;;
02/12/2021  12:47:15,909063;9,336720E-1;1,245056E-1;1,272095E-1;9,526991E-1;;
02/12/2021  12:47:15,909163;9,334753E-1;1,219570E-1;1,246821E-1;9,523455E-1;;
02/12/2021  12:47:15,909263;9,340893E-1;1,579565E-1;1,780746E-1;9,519775E-1;;
02/12/2021  12:47:15,909363;9,339969E-1;1,311958E-1;1,303688E-1;9,515952E-1;;
02/12/2021  12:47:15,909463;9,340833E-1;1,270543E-1;1,120448E-1;9,511991E-1;;
02/12/2021  12:47:15,909563;9,330759E-1;6,684266E-2;8,740209E-2;9,507896E-1;;
02/12/2021  12:47:15,909663;9,331654E-1;1,509478E-1;1,407946E-1;9,503672E-1;;
02/12/2021  12:47:15,909763;9,335707E-1;1,375674E-1;1,452176E-1;9,499327E-1;;
02/12/2021  12:47:15,909863;9,340833E-1;1,289658E-1;1,291051E-1;9,494867E-1;;
02/12/2021  12:47:15,909963;9,337823E-1;1,267357E-1;1,202590E-1;9,490302E-1;;
02/12/2021  12:47:15,910063;9,336303E-1;7,576290E-2;9,845971E-2;9,485642E-1;;
02/12/2021  12:47:15,910163;9,330342E-1;1,347002E-1;1,332122E-1;9,480898E-1;;
02/12/2021  12:47:15,910263;9,346346E-1;7,767438E-2;8,519056E-2;9,476081E-1;;
02/12/2021  12:47:15,910363;9,345065E-1;1,375674E-1;1,385831E-1;9,471202E-1;;
02/12/2021  12:47:15,910463;9,338836E-1;1,302401E-1;1,319485E-1;9,466274E-1;;
02/12/2021  12:47:15,910563;9,329538E-1;1,324701E-1;1,158360E-1;9,461311E-1;;
02/12/2021  12:47:15,910663;9,332011E-1;1,299215E-1;1,385831E-1;9,456322E-1;;
02/12/2021  12:47:15,910763;9,340594E-1;1,366117E-1;1,357397E-1;9,451319E-1;;
02/12/2021  12:47:15,910863;9,336184E-1;1,238685E-1;1,265777E-1;9,446313E-1;;
02/12/2021  12:47:15,910963;9,334008E-1;1,318330E-1;1,354238E-1;9,441315E-1;;
02/12/2021  12:47:15,911063;9,326468E-1;1,429833E-1;1,300529E-1;9,436336E-1;;
02/12/2021  12:47:15,911163;9,330670E-1;1,767528E-1;1,183634E-1;9,431385E-1;;
02/12/2021  12:47:15,911263;9,337823E-1;1,171783E-1;1,145722E-1;9,426473E-1;;
02/12/2021  12:47:15,911363;9,337853E-1;1,350188E-1;1,392149E-1;9,421607E-1;;
02/12/2021  12:47:15,911463;9,332071E-1;1,369303E-1;1,584868E-1;9,416800E-1;;
02/12/2021  12:47:15,911563;9,323249E-1;1,219570E-1;1,268936E-1;9,412059E-1;;
02/12/2021  12:47:15,911663;9,333770E-1;1,305587E-1;1,237343E-1;9,407392E-1;;
02/12/2021  12:47:15,911763;9,341131E-1;1,347002E-1;1,502726E-1;9,402807E-1;;
02/12/2021  12:47:15,911863;9,338538E-1;1,353374E-1;1,341600E-1;9,398311E-1;;
02/12/2021  12:47:15,911963;9,330312E-1;1,452133E-1;1,455336E-1;9,393913E-1;;
02/12/2021  12:47:15,912063;9,323249E-1;1,477620E-1;1,335282E-1;9,389620E-1;;
02/12/2021  12:47:15,912163;9,330759E-1;7,544432E-2;8,992954E-2;9,385436E-1;;
02/12/2021  12:47:15,912263;9,334693E-1;1,499920E-1;1,490088E-1;9,381365E-1;;
02/12/2021  12:47:15,912363;9,328852E-1;1,433019E-1;1,388990E-1;9,377413E-1;;
02/12/2021  12:47:15,912463;9,312192E-1;1,350188E-1;1,167838E-1;9,373583E-1;;
02/12/2021  12:47:15,912563;9,301821E-1;1,350188E-1;1,328963E-1;9,369875E-1;;
02/12/2021  12:47:15,912663;9,305218E-1;1,327887E-1;1,572231E-1;9,366289E-1;;
02/12/2021  12:47:15,912763;9,304056E-1;1,283286E-1;1,272095E-1;9,362822E-1;;
02/12/2021  12:47:15,912863;9,303520E-1;1,206827E-1;1,212068E-1;9,359472E-1;;
02/12/2021  12:47:15,912963;9,287754E-1;1,200455E-1;1,227865E-1;9,356235E-1;;
02/12/2021  12:47:15,913063;9,284684E-1;1,066652E-1;1,193112E-1;9,353108E-1;;
02/12/2021  12:47:15,913163;9,283373E-1;1,216384E-1;1,357397E-1;9,350085E-1;;
02/12/2021  12:47:15,913263;9,286353E-1;1,155854E-1;1,164678E-1;9,347161E-1;;
02/12/2021  12:47:15,913363;9,279886E-1;1,034794E-1;1,142563E-1;9,344332E-1;;
02/12/2021  12:47:15,913463;9,269097E-1;9,392196E-2;1,088855E-1;9,341591E-1;;
02/12/2021  12:47:15,913563;9,265521E-1;1,028422E-1;9,972343E-2;9,338933E-1;;
02/12/2021  12:47:15,913663;9,267369E-1;1,292843E-1;1,287892E-1;9,336351E-1;;
02/12/2021  12:47:15,913763;9,269842E-1;1,076209E-1;1,218387E-1;9,333839E-1;;
02/12/2021  12:47:15,913863;9,266355E-1;1,057094E-1;1,205749E-1;9,331392E-1;;
02/12/2021  12:47:15,913963;9,253957E-1;9,583344E-2;9,845971E-2;9,329004E-1;;
02/12/2021  12:47:15,914063;9,253629E-1;1,088952E-1;1,167838E-1;9,326671E-1;;
02/12/2021  12:47:15,914163;9,264984E-1;3,753330E-2;7,065769E-2;9,324386E-1;;
02/12/2021  12:47:15,914263;9,261706E-1;9,264764E-2;1,050943E-1;9,322145E-1;;
02/12/2021  12:47:15,914363;9,254196E-1;1,095324E-1;1,006712E-1;9,319945E-1;;
02/12/2021  12:47:15,914463;9,244837E-1;9,009900E-2;1,351078E-1;9,317782E-1;;
02/12/2021  12:47:15,914563;9,240248E-1;1,149482E-1;1,246821E-1;9,315653E-1;;
02/12/2021  12:47:15,914663;9,247192E-1;1,238685E-1;1,483770E-1;9,313552E-1;;
02/12/2021  12:47:15,914763;9,248086E-1;9,328480E-2;1,129926E-1;9,311475E-1;;
02/12/2021  12:47:15,914863;9,248503E-1;1,222756E-1;1,284732E-1;9,309419E-1;;
02/12/2021  12:47:15,914963;9,240188E-1;1,334259E-1;1,316326E-1;9,307383E-1;;
02/12/2021  12:47:15,915063;9,244450E-1;1,273729E-1;1,297370E-1;9,305364E-1;;
02/12/2021  12:47:15,915163;9,255477E-1;1,321516E-1;1,104651E-1;9,303361E-1;;
02/12/2021  12:47:15,915263;9,253093E-1;1,347002E-1;1,050943E-1;9,301374E-1;;
02/12/2021  12:47:15,915363;9,252139E-1;1,837615E-1;1,603824E-1;9,299404E-1;;
02/12/2021  12:47:15,915463;9,249725E-1;1,729298E-1;1,480610E-1;9,297453E-1;;
02/12/2021  12:47:15,915563;9,256878E-1;1,028422E-1;8,992954E-2;9,295522E-1;;
02/12/2021  12:47:15,915663;9,259292E-1;1,652839E-1;1,474292E-1;9,293613E-1;;
02/12/2021  12:47:15,915763;9,263852E-1;1,174969E-1;1,133085E-1;9,291729E-1;;
02/12/2021  12:47:15,915863;9,262511E-1;1,550893E-1;1,461654E-1;9,289874E-1;;
02/12/2021  12:47:15,915963;9,254762E-1;1,439390E-1;1,287892E-1;9,288051E-1;;
02/12/2021  12:47:15,916063;9,262868E-1;1,098510E-1;1,306848E-1;9,286264E-1;;
02/12/2021  12:47:15,916163;9,270259E-1;1,219570E-1;1,531159E-1;9,284515E-1;;
02/12/2021  12:47:15,916263;9,272048E-1;1,321516E-1;1,272095E-1;9,282808E-1;;
02/12/2021  12:47:15,916363;9,263673E-1;9,169190E-2;9,877564E-2;9,281147E-1;;
02/12/2021  12:47:15,916463;9,257981E-1;1,079395E-1;1,828136E-1;9,279536E-1;;
02/12/2021  12:47:15,916563;9,259501E-1;1,178155E-1;1,193112E-1;9,277977E-1;;
02/12/2021  12:47:15,916663;9,268769E-1;1,404346E-1;1,436380E-1;9,276470E-1;;
02/12/2021  12:47:15,916763;9,265670E-1;1,340630E-1;1,328963E-1;9,275018E-1;;
02/12/2021  12:47:15,916863;9,267190E-1;8,340882E-2;9,119327E-2;9,273623E-1;;
02/12/2021  12:47:15,916963;9,264239E-1;1,178155E-1;1,208909E-1;9,272286E-1;;
02/12/2021  12:47:15,917063;9,275982E-1;1,308772E-1;1,249980E-1;9,271009E-1;;
02/12/2021  12:47:15,917163;9,283730E-1;1,273729E-1;1,287892E-1;9,269795E-1;;
02/12/2021  12:47:15,917263;9,288171E-1;1,334259E-1;1,490088E-1;9,268646E-1;;
02/12/2021  12:47:15,917363;9,282955E-1;1,248242E-1;1,215227E-1;9,267568E-1;;
02/12/2021  12:47:15,917463;9,285012E-1;1,305587E-1;1,423743E-1;9,266564E-1;;
02/12/2021  12:47:15,917563;9,295115E-1;4,836502E-2;8,898175E-2;9,265637E-1;;
02/12/2021  12:47:15,917663;9,297499E-1;1,206827E-1;1,268936E-1;9,264791E-1;;
02/12/2021  12:47:15,917763;9,308914E-1;1,289658E-1;1,512204E-1;9,264029E-1;;
02/12/2021  12:47:15,917863;9,300748E-1;1,213198E-1;1,256299E-1;9,263356E-1;;
02/12/2021  12:47:15,917963;9,309719E-1;1,286472E-1;1,297370E-1;9,262776E-1;;
02/12/2021  12:47:15,918063;9,318928E-1;1,506292E-1;1,426902E-1;9,262293E-1;;
02/12/2021  12:47:15,918163;9,317616E-1;1,340630E-1;1,328963E-1;9,261910E-1;;
02/12/2021  12:47:15,918263;9,318332E-1;1,022050E-1;8,455870E-2;9,261632E-1;;
02/12/2021  12:47:15,918363;9,313325E-1;1,585937E-1;1,711241E-1;9,261460E-1;;
02/12/2021  12:47:15,918463;9,317914E-1;1,270543E-1;1,259458E-1;9,261398E-1;;
02/12/2021  12:47:15,918563;9,319792E-1;1,229127E-1;1,120448E-1;9,261444E-1;;
02/12/2021  12:47:15,918663;9,325872E-1;1,178155E-1;1,189953E-1;9,261599E-1;;
02/12/2021  12:47:15,918763;9,336601E-1;1,162226E-1;1,082536E-1;9,261864E-1;;
02/12/2021  12:47:15,918863;9,329716E-1;1,022050E-1;1,407946E-1;9,262240E-1;;
02/12/2021  12:47:15,918963;9,339909E-1;1,133553E-1;1,202590E-1;9,262727E-1;;
02/12/2021  12:47:15,919063;9,353440E-1;1,095324E-1;1,076217E-1;9,263326E-1;;
02/12/2021  12:47:15,919163;9,353052E-1;1,152668E-1;1,208909E-1;9,264039E-1;;
02/12/2021  12:47:15,919263;9,356688E-1;1,241871E-1;1,268936E-1;9,264867E-1;;
02/12/2021  12:47:15,919363;9,358178E-1;1,031608E-1;1,101492E-1;9,265812E-1;;
02/12/2021  12:47:15,919463;9,364765E-1;1,235499E-1;1,420583E-1;9,266874E-1;;
02/12/2021  12:47:15,919563;9,377282E-1;1,002936E-1;1,120448E-1;9,268055E-1;;
02/12/2021  12:47:15,919663;9,377222E-1;1,187712E-1;1,237343E-1;9,269355E-1;;
02/12/2021  12:47:15,919763;9,379398E-1;1,267357E-1;1,275255E-1;9,270776E-1;;
02/12/2021  12:47:15,919863;9,377342E-1;1,222756E-1;1,262617E-1;9,272319E-1;;
02/12/2021  12:47:15,919963;9,384941E-1;9,169190E-2;1,139404E-1;9,273981E-1;;
02/12/2021  12:47:15,920063;9,394359E-1;1,216384E-1;1,196272E-1;9,275763E-1;;
02/12/2021  12:47:15,920163;9,397190E-1;1,375674E-1;1,212068E-1;9,277664E-1;;
02/12/2021  12:47:15,920263;9,397131E-1;1,394789E-1;1,550115E-1;9,279683E-1;;
02/12/2021  12:47:15,920363;9,395164E-1;1,241871E-1;1,212068E-1;9,281818E-1;;
02/12/2021  12:47:15,920463;9,400320E-1;1,235499E-1;1,237343E-1;9,284067E-1;;
02/12/2021  12:47:15,920563;9,405654E-1;1,420275E-1;1,540637E-1;9,286428E-1;;
02/12/2021  12:47:15,920663;9,414208E-1;1,245056E-1;1,227865E-1;9,288896E-1;;
02/12/2021  12:47:15,920763;9,415430E-1;1,401161E-1;1,486929E-1;9,291469E-1;;
02/12/2021  12:47:15,920863;9,418321E-1;1,127182E-1;1,202590E-1;9,294145E-1;;
02/12/2021  12:47:15,920963;9,430927E-1;1,095324E-1;1,338441E-1;9,296921E-1;;
02/12/2021  12:47:15,921063;9,443385E-1;1,200455E-1;1,259458E-1;9,299795E-1;;
02/12/2021  12:47:15,921163;9,450270E-1;1,213198E-1;1,202590E-1;9,302766E-1;;
02/12/2021  12:47:15,921263;9,454055E-1;1,162226E-1;1,136244E-1;9,305834E-1;;
02/12/2021  12:47:15,921363;9,452088E-1;1,047537E-1;1,534319E-1;9,308999E-1;;
02/12/2021  12:47:15,921463;9,464277E-1;1,732484E-1;1,881844E-1;9,312261E-1;;
02/12/2021  12:47:15,921563;9,476913E-1;1,190898E-1;1,224705E-1;9,315619E-1;;
02/12/2021  12:47:15,921663;9,482397E-1;1,114439E-1;1,193112E-1;9,319072E-1;;
02/12/2021  12:47:15,921763;9,482457E-1;1,101695E-1;1,129926E-1;9,322622E-1;;
02/12/2021  12:47:15,921863;9,486927E-1;1,353374E-1;1,379512E-1;9,326268E-1;;
02/12/2021  12:47:15,921963;9,498163E-1;1,433019E-1;1,455336E-1;9,330010E-1;;
02/12/2021  12:47:15,922063;9,507193E-1;1,245056E-1;1,272095E-1;9,333847E-1;;
02/12/2021  12:47:15,922163;9,506508E-1;1,190898E-1;1,303688E-1;9,337778E-1;;
02/12/2021  12:47:15,922263;9,495779E-1;1,241871E-1;1,300529E-1;9,341804E-1;;
02/12/2021  12:47:15,922363;9,502782E-1;1,264171E-1;1,136244E-1;9,345920E-1;;
02/12/2021  12:47:15,922463;9,506985E-1;1,123996E-1;1,028828E-1;9,350122E-1;;
02/12/2021  12:47:15,922563;9,512617E-1;9,997498E-2;1,107811E-1;9,354405E-1;;
02/12/2021  12:47:15,922663;9,517624E-1;1,222756E-1;1,281573E-1;9,358765E-1;;
02/12/2021  12:47:15,922763;9,515329E-1;1,130368E-1;1,145722E-1;9,363196E-1;;
02/12/2021  12:47:15,922863;9,517386E-1;1,219570E-1;1,284732E-1;9,367695E-1;;
02/12/2021  12:47:15,922963;9,524151E-1;4,326774E-2;7,981972E-2;9,372255E-1;;
02/12/2021  12:47:15,923063;9,527847E-1;1,197269E-1;1,246821E-1;9,376869E-1;;
02/12/2021  12:47:15,923163;9,526953E-1;1,190898E-1;1,199431E-1;9,381533E-1;;
02/12/2021  12:47:15,923263;9,516402E-1;1,187712E-1;8,013565E-2;9,386241E-1;;
02/12/2021  12:47:15,923363;9,526535E-1;1,171783E-1;1,231024E-1;9,390984E-1;;
02/12/2021  12:47:15,923463;9,534910E-1;1,203641E-1;1,152041E-1;9,395754E-1;;
02/12/2021  12:47:15,923563;9,533837E-1;1,362931E-1;1,373193E-1;9,400545E-1;;
02/12/2021  12:47:15,923663;9,529486E-1;1,372488E-1;1,306848E-1;9,405351E-1;;
02/12/2021  12:47:15,923763;9,525761E-1;1,433019E-1;1,461654E-1;9,410163E-1;;
02/12/2021  12:47:15,923863;9,531453E-1;1,053908E-1;1,129926E-1;9,414974E-1;;
02/12/2021  12:47:15,923963;9,540841E-1;1,229127E-1;9,845971E-2;9,419775E-1;;
02/12/2021  12:47:15,924063;9,537264E-1;9,551486E-2;6,970989E-2;9,424560E-1;;
02/12/2021  12:47:15,924163;9,528949E-1;1,248242E-1;1,287892E-1;9,429321E-1;;
02/12/2021  12:47:15,924263;9,525522E-1;1,302401E-1;1,287892E-1;9,434050E-1;;
02/12/2021  12:47:15,924363;9,527310E-1;1,260985E-1;1,259458E-1;9,438740E-1;;
02/12/2021  12:47:15,924463;9,532645E-1;1,401161E-1;1,208909E-1;9,443381E-1;;
02/12/2021  12:47:15,924563;9,530082E-1;1,260985E-1;1,328963E-1;9,447965E-1;;
02/12/2021  12:47:15,924663;9,527728E-1;1,280100E-1;1,310007E-1;9,452484E-1;;
02/12/2021  12:47:15,924763;9,520992E-1;9,232906E-2;9,877564E-2;9,456932E-1;;
02/12/2021  12:47:15,924863;9,526178E-1;1,095324E-1;1,123607E-1;9,461299E-1;;
02/12/2021  12:47:15,924963;9,529903E-1;1,522221E-1;1,717559E-1;9,465578E-1;;
02/12/2021  12:47:15,925063;9,529605E-1;1,404346E-1;1,284732E-1;9,469763E-1;;
02/12/2021  12:47:15,925163;9,521827E-1;1,433019E-1;1,253139E-1;9,473848E-1;;
02/12/2021  12:47:15,925263;9,511843E-1;1,095324E-1;1,208909E-1;9,477827E-1;;
02/12/2021  12:47:15,925363;9,516909E-1;1,483991E-1;1,401627E-1;9,481692E-1;;
02/12/2021  12:47:15,925463;9,520158E-1;1,311958E-1;1,341600E-1;9,485438E-1;;
02/12/2021  12:47:15,925563;9,515061E-1;1,139925E-1;1,180475E-1;9,489057E-1;;
02/12/2021  12:47:15,925663;9,504273E-1;1,139925E-1;1,256299E-1;9,492546E-1;;
02/12/2021  12:47:15,925763;9,501024E-1;1,248242E-1;1,319485E-1;9,495897E-1;;
02/12/2021  12:47:15,925863;9,509667E-1;1,385232E-1;1,332122E-1;9,499105E-1;;
02/12/2021  12:47:15,925963;9,512081E-1;1,025236E-1;1,183634E-1;9,502165E-1;;
02/12/2021  12:47:15,926063;9,505107E-1;1,181340E-1;1,531159E-1;9,505073E-1;;
02/12/2021  12:47:15,926163;9,493305E-1;1,174969E-1;1,291051E-1;9,507827E-1;;
02/12/2021  12:47:15,926263;9,483083E-1;1,111253E-1;1,142563E-1;9,510423E-1;;
02/12/2021  12:47:15,926363;9,490146E-1;9,041758E-2;1,082536E-1;9,512855E-1;;
02/12/2021  12:47:15,926463;9,485526E-1;1,120810E-1;1,142563E-1;9,515120E-1;;
02/12/2021  12:47:15,926563;9,477062E-1;1,270543E-1;1,385831E-1;9,517213E-1;;
02/12/2021  12:47:15,926663;9,469820E-1;1,123996E-1;1,291051E-1;9,519132E-1;;
02/12/2021  12:47:15,926763;9,469463E-1;7,767438E-2;9,119327E-2;9,520872E-1;;
02/12/2021  12:47:15,926863;9,471012E-1;9,678918E-2;1,114129E-1;9,522430E-1;;
02/12/2021  12:47:15,926963;9,472413E-1;8,340882E-2;1,019350E-1;9,523805E-1;;
02/12/2021  12:47:15,927063;9,454621E-1;6,078964E-2;8,013565E-2;9,524994E-1;;
02/12/2021  12:47:15,927163;9,452475E-1;-6,963020E-4;6,560278E-2;9,525998E-1;;
02/12/2021  12:47:15,927263;9,450568E-1;1,114439E-1;1,164678E-1;9,526813E-1;;
02/12/2021  12:47:15,927363;9,446485E-1;7,958586E-2;2,185139E-1;9,527439E-1;;
02/12/2021  12:47:15,927463;9,448809E-1;1,012493E-1;1,196272E-1;9,527876E-1;;
02/12/2021  12:47:15,927563;9,441746E-1;6,907272E-2;9,909157E-2;9,528123E-1;;
02/12/2021  12:47:15,927663;9,433222E-1;1,969282E-2;9,466852E-2;9,528181E-1;;
02/12/2021  12:47:15,927763;9,434385E-1;1,053908E-1;1,224705E-1;9,528052E-1;;
02/12/2021  12:47:15,927863;9,433371E-1;1,238685E-1;1,322644E-1;9,527737E-1;;
02/12/2021  12:47:15,927963;9,428036E-1;1,506292E-1;1,543797E-1;9,527237E-1;;
02/12/2021  12:47:15,928063;9,427738E-1;1,350188E-1;1,297370E-1;9,526557E-1;;
02/12/2021  12:47:15,928163;9,413314E-1;1,461691E-1;1,136244E-1;9,525699E-1;;
02/12/2021  12:47:15,928263;9,408843E-1;1,598680E-1;1,685966E-1;9,524665E-1;;
02/12/2021  12:47:15,928363;9,414953E-1;4,390490E-2;8,866581E-2;9,523458E-1;;
02/12/2021  12:47:15,928463;9,409171E-1;1,748413E-1;1,600664E-1;9,522082E-1;;
02/12/2021  12:47:15,928563;9,399604E-1;1,745227E-1;1,619620E-1;9,520540E-1;;
02/12/2021  12:47:15,928663;9,387683E-1;6,747982E-2;1,272095E-1;9,518835E-1;;
02/12/2021  12:47:15,928763;9,396475E-1;1,410718E-1;1,249980E-1;9,516972E-1;;
02/12/2021  12:47:15,928863;9,394806E-1;1,519035E-1;1,423743E-1;9,514952E-1;;
02/12/2021  12:47:15,928963;9,384852E-1;1,436204E-1;1,370034E-1;9,512782E-1;;
02/12/2021  12:47:15,929063;9,376209E-1;1,423461E-1;1,638576E-1;9,510465E-1;;
02/12/2021  12:47:15,929163;9,365748E-1;1,254614E-1;1,278414E-1;9,508007E-1;;
02/12/2021  12:47:15,929263;9,371083E-1;1,340630E-1;1,208909E-1;9,505409E-1;;
02/12/2021  12:47:15,929363;9,367596E-1;1,824872E-1;2,027173E-1;9,502676E-1;;
02/12/2021  12:47:15,929463;9,355854E-1;1,200455E-1;1,152041E-1;9,499812E-1;;
02/12/2021  12:47:15,929563;9,358148E-1;1,687883E-1;1,742834E-1;9,496821E-1;;
02/12/2021  12:47:15,929663;9,349863E-1;1,362931E-1;1,335282E-1;9,493708E-1;;
02/12/2021  12:47:15,929763;9,356032E-1;1,904517E-1;1,938712E-1;9,490478E-1;;
02/12/2021  12:47:15,929863;9,356807E-1;1,273729E-1;1,379512E-1;9,487135E-1;;
02/12/2021  12:47:15,929963;9,354960E-1;1,264171E-1;1,291051E-1;9,483687E-1;;
02/12/2021  12:47:15,930063;9,346525E-1;1,305587E-1;1,164678E-1;9,480142E-1;;
02/12/2021  12:47:15,930163;9,336660E-1;8,086018E-2;1,268936E-1;9,476506E-1;;
02/12/2021  12:47:15,930263;9,343128E-1;1,369303E-1;1,414265E-1;9,472786E-1;;
02/12/2021  12:47:15,930363;9,338151E-1;1,311958E-1;1,303688E-1;9,468988E-1;;
02/12/2021  12:47:15,930463;9,337644E-1;1,340630E-1;1,385831E-1;9,465119E-1;;
02/12/2021  12:47:15,930563;9,331654E-1;1,296029E-1;1,268936E-1;9,461186E-1;;
02/12/2021  12:47:15,930663;9,325216E-1;1,331073E-1;1,363715E-1;9,457195E-1;;
02/12/2021  12:47:15,930763;9,327034E-1;1,155854E-1;1,606983E-1;9,453152E-1;;
02/12/2021  12:47:15,930863;9,322742E-1;1,171783E-1;1,234183E-1;9,449065E-1;;
02/12/2021  12:47:15,930963;9,321759E-1;1,382046E-1;1,521681E-1;9,444937E-1;;
02/12/2021  12:47:15,931063;9,309599E-1;1,448948E-1;1,360556E-1;9,440777E-1;;
02/12/2021  12:47:15,931163;9,305814E-1;8,978042E-2;8,740209E-2;9,436589E-1;;
02/12/2021  12:47:15,931263;9,311805E-1;1,270543E-1;1,212068E-1;9,432376E-1;;
02/12/2021  12:47:15,931363;9,308795E-1;1,260985E-1;1,297370E-1;9,428145E-1;;
02/12/2021  12:47:15,931463;9,297321E-1;1,531778E-1;1,606983E-1;9,423899E-1;;
02/12/2021  12:47:15,931563;9,292373E-1;1,366117E-1;1,433221E-1;9,419645E-1;;
02/12/2021  12:47:15,931663;9,292224E-1;1,082581E-1;1,158360E-1;9,415384E-1;;
02/12/2021  12:47:15,931763;9,298751E-1;1,315144E-1;1,430061E-1;9,411121E-1;;
02/12/2021  12:47:15,931863;9,294251E-1;1,350188E-1;1,360556E-1;9,406859E-1;;
02/12/2021  12:47:15,931963;9,288499E-1;1,436204E-1;1,224705E-1;9,402604E-1;;
02/12/2021  12:47:15,932063;9,281585E-1;1,347002E-1;1,366875E-1;9,398360E-1;;
02/12/2021  12:47:15,932163;9,274044E-1;1,315144E-1;1,313166E-1;9,394130E-1;;
02/12/2021  12:47:15,932263;9,273866E-1;1,063466E-1;1,057261E-1;9,389916E-1;;
02/12/2021  12:47:15,932363;9,271809E-1;1,315144E-1;1,354238E-1;9,385721E-1;;
02/12/2021  12:47:15,932463;9,263852E-1;1,283286E-1;1,212068E-1;9,381546E-1;;
02/12/2021  12:47:15,932563;9,257325E-1;1,213198E-1;1,234183E-1;9,377393E-1;;
02/12/2021  12:47:15,932663;9,260544E-1;1,232313E-1;1,240502E-1;9,373263E-1;;
02/12/2021  12:47:15,932763;9,267398E-1;1,327887E-1;1,085695E-1;9,369156E-1;;
02/12/2021  12:47:15,932863;9,259292E-1;1,385232E-1;1,373193E-1;9,365075E-1;;
02/12/2021  12:47:15,932963;9,248116E-1;1,165411E-1;1,268936E-1;9,361023E-1;;
02/12/2021  12:47:15,933063;9,250589E-1;1,187712E-1;1,205749E-1;9,357001E-1;;
02/12/2021  12:47:15,933163;9,247699E-1;1,433019E-1;1,388990E-1;9,353011E-1;;
02/12/2021  12:47:15,933263;9,254166E-1;1,117624E-1;1,117289E-1;9,349052E-1;;
02/12/2021  12:47:15,933363;9,247639E-1;1,267357E-1;1,224705E-1;9,345128E-1;;
02/12/2021  12:47:15,933463;9,247550E-1;1,311958E-1;1,253139E-1;9,341242E-1;;
02/12/2021  12:47:15,933563;9,239175E-1;1,143111E-1;1,085695E-1;9,337394E-1;;
02/12/2021  12:47:15,933663;9,243616E-1;1,305587E-1;1,047783E-1;9,333587E-1;;
02/12/2021  12:47:15,933763;9,251096E-1;1,538150E-1;1,935552E-1;9,329822E-1;;
02/12/2021  12:47:15,933863;9,244927E-1;1,133553E-1;1,076217E-1;9,326104E-1;;
02/12/2021  12:47:15,933963;9,237387E-1;1,420275E-1;1,698603E-1;9,322434E-1;;
02/12/2021  12:47:15,934063;9,226568E-1;1,464877E-1;1,449017E-1;9,318815E-1;;
02/12/2021  12:47:15,934163;9,231158E-1;1,413904E-1;1,303688E-1;9,315247E-1;;
02/12/2021  12:47:15,934263;9,230353E-1;1,442576E-1;1,404787E-1;9,311730E-1;;
02/12/2021  12:47:15,934363;9,227105E-1;1,136739E-1;1,202590E-1;9,308265E-1;;
02/12/2021  12:47:15,934463;9,223886E-1;1,388417E-1;1,445858E-1;9,304853E-1;;
02/12/2021  12:47:15,934563;9,221114E-1;1,334259E-1;1,332122E-1;9,301494E-1;;
02/12/2021  12:47:15,934663;9,230383E-1;1,159040E-1;1,126766E-1;9,298187E-1;;
02/12/2021  12:47:15,934763;9,232231E-1;1,219570E-1;1,218387E-1;9,294935E-1;;
02/12/2021  12:47:15,934863;9,232827E-1;1,445762E-1;1,632258E-1;9,291739E-1;;
02/12/2021  12:47:15,934963;9,225197E-1;1,547707E-1;1,449017E-1;9,288602E-1;;
02/12/2021  12:47:15,935063;9,227671E-1;1,251428E-1;1,471132E-1;9,285526E-1;;
02/12/2021  12:47:15,935163;9,244033E-1;1,079395E-1;9,056141E-2;9,282513E-1;;
02/12/2021  12:47:15,935263;9,247311E-1;1,260985E-1;1,303688E-1;9,279567E-1;;
02/12/2021  12:47:15,935363;9,251513E-1;1,343816E-1;1,363715E-1;9,276693E-1;;
02/12/2021  12:47:15,935463;9,255328E-1;1,251428E-1;1,249980E-1;9,273898E-1;;
02/12/2021  12:47:15,935563;9,261706E-1;4,836502E-2;8,834988E-2;9,271188E-1;;
02/12/2021  12:47:15,935663;9,278276E-1;1,299215E-1;1,284732E-1;9,268569E-1;;
02/12/2021  12:47:15,935763;9,282300E-1;1,200455E-1;1,177316E-1;9,266052E-1;;
02/12/2021  12:47:15,935863;9,283343E-1;2,479010E-2;5,675668E-2;9,263644E-1;;
02/12/2021  12:47:15,935963;9,278604E-1;1,426647E-1;1,600664E-1;9,261355E-1;;
02/12/2021  12:47:15,936063;9,283432E-1;1,216384E-1;1,183634E-1;9,259191E-1;;
02/12/2021  12:47:15,936163;9,294549E-1;1,139925E-1;9,593225E-2;9,257161E-1;;
02/12/2021  12:47:15,936263;9,301433E-1;1,356559E-1;1,344760E-1;9,255270E-1;;
02/12/2021  12:47:15,936363;9,307603E-1;1,359745E-1;1,262617E-1;9,253525E-1;;
02/12/2021  12:47:15,936463;9,306023E-1;9,806350E-2;1,158360E-1;9,251933E-1;;
02/12/2021  12:47:15,936563;9,314189E-1;1,264171E-1;1,287892E-1;9,250502E-1;;
02/12/2021  12:47:15,936663;9,331147E-1;1,350188E-1;1,420583E-1;9,249236E-1;;
02/12/2021  12:47:15,936763;9,333799E-1;1,318330E-1;1,272095E-1;9,248143E-1;;
02/12/2021  12:47:15,936863;9,334664E-1;1,276914E-1;1,268936E-1;9,247229E-1;;
02/12/2021  12:47:15,936963;9,336184E-1;1,146297E-1;9,845971E-2;9,246500E-1;;
02/12/2021  12:47:15,937063;9,346853E-1;2,041506E-1;1,945030E-1;9,245961E-1;;
02/12/2021  12:47:15,937163;9,359609E-1;3,721472E-2;8,929768E-2;9,245615E-1;;
02/12/2021  12:47:15,937263;9,361725E-1;1,327887E-1;1,291051E-1;9,245468E-1;;
02/12/2021  12:47:15,937363;9,365510E-1;1,289658E-1;1,275255E-1;9,245523E-1;;
02/12/2021  12:47:15,937463;9,370189E-1;1,248242E-1;9,751191E-2;9,245784E-1;;
02/12/2021  12:47:15,937563;9,383153E-1;9,774492E-2;1,129926E-1;9,246253E-1;;
02/12/2021  12:47:15,937663;9,395283E-1;1,327887E-1;1,189953E-1;9,246933E-1;;
02/12/2021  12:47:15,937763;9,400171E-1;1,353374E-1;1,202590E-1;9,247826E-1;;
02/12/2021  12:47:15,937863;9,394419E-1;1,273729E-1;1,550115E-1;9,248937E-1;;
02/12/2021  12:47:15,937963;9,389144E-1;1,372488E-1;1,325804E-1;9,250265E-1;;
02/12/2021  12:47:15,938063;9,401482E-1;1,292843E-1;1,240502E-1;9,251808E-1;;
02/12/2021  12:47:15,938163;9,409588E-1;1,843987E-1;1,907119E-1;9,253563E-1;;
02/12/2021  12:47:15,938263;9,407025E-1;1,251428E-1;1,186794E-1;9,255528E-1;;
02/12/2021  12:47:15,938363;9,403568E-1;4,740928E-2;5,675668E-2;9,257699E-1;;
02/12/2021  12:47:15,938463;9,409410E-1;1,366117E-1;1,335282E-1;9,260070E-1;;
02/12/2021  12:47:15,938563;9,416533E-1;1,108067E-1;9,466852E-2;9,262635E-1;;
02/12/2021  12:47:15,938663;9,425771E-1;1,254614E-1;1,341600E-1;9,265387E-1;;
02/12/2021  12:47:15,938763;9,423864E-1;1,184526E-1;1,218387E-1;9,268321E-1;;
02/12/2021  12:47:15,938863;9,421748E-1;1,088952E-1;1,085695E-1;9,271428E-1;;
02/12/2021  12:47:15,938963;9,419811E-1;1,347002E-1;1,518522E-1;9,274703E-1;;
02/12/2021  12:47:15,939063;9,434772E-1;1,350188E-1;1,509044E-1;9,278134E-1;;
02/12/2021  12:47:15,939163;9,445620E-1;1,104881E-1;1,189953E-1;9,281715E-1;;
02/12/2021  12:47:15,939263;9,441001E-1;9,296622E-2;1,107811E-1;9,285437E-1;;
02/12/2021  12:47:15,939363;9,448481E-1;1,076209E-1;1,123607E-1;9,289294E-1;;
02/12/2021  12:47:15,939463;9,458853E-1;1,063466E-1;1,155200E-1;9,293278E-1;;
02/12/2021  12:47:15,939563;9,476049E-1;9,742634E-2;1,215227E-1;9,297382E-1;;
02/12/2021  12:47:15,939663;9,486927E-1;9,615202E-2;1,152041E-1;9,301602E-1;;
02/12/2021  12:47:15,939763;9,489311E-1;1,057094E-1;1,243661E-1;9,305936E-1;;
02/12/2021  12:47:15,939863;9,494616E-1;1,044351E-1;1,183634E-1;9,310380E-1;;
02/12/2021  12:47:15,939963;9,495958E-1;-8,660802E-3;3,211399E-2;9,314931E-1;;
02/12/2021  12:47:15,940063;9,512856E-1;9,137332E-2;9,656411E-2;9,319585E-1;;
02/12/2021  12:47:15,940163;9,527817E-1;9,328480E-2;1,069899E-1;9,324341E-1;;
02/12/2021  12:47:15,940263;9,528771E-1;9,519628E-2;1,158360E-1;9,329196E-1;;
02/12/2021  12:47:15,940363;9,530559E-1;9,392196E-2;1,357397E-1;9,334150E-1;;
02/12/2021  12:47:15,940463;9,539530E-1;9,583344E-2;1,142563E-1;9,339200E-1;;
02/12/2021  12:47:15,940563;9,547159E-1;1,034794E-1;1,284732E-1;9,344344E-1;;
02/12/2021  12:47:15,940663;9,557441E-1;9,455912E-2;1,161519E-1;9,349579E-1;;
02/12/2021  12:47:15,940763;9,553448E-1;1,092138E-1;1,174156E-1;9,354904E-1;;
02/12/2021  12:47:15,940863;9,551749E-1;1,162226E-1;1,366875E-1;9,360316E-1;;
02/12/2021  12:47:15,940963;9,555593E-1;1,235499E-1;1,338441E-1;9,365810E-1;;
02/12/2021  12:47:15,941063;9,564087E-1;1,385232E-1;1,322644E-1;9,371379E-1;;
02/12/2021  12:47:15,941163;9,560451E-1;1,611423E-1;1,426902E-1;9,377019E-1;;
02/12/2021  12:47:15,941263;9,565309E-1;1,678325E-1;1,417424E-1;9,382723E-1;;
02/12/2021  12:47:15,941363;9,557978E-1;1,487177E-1;1,474292E-1;9,388483E-1;;
02/12/2021  12:47:15,941463;9,562537E-1;1,729298E-1;1,515363E-1;9,394292E-1;;
02/12/2021  12:47:15,941563;9,573594E-1;1,649653E-1;1,221546E-1;9,400140E-1;;
02/12/2021  12:47:15,941663;9,570584E-1;1,464877E-1;1,366875E-1;9,406018E-1;;
02/12/2021  12:47:15,941763;9,557531E-1;1,423461E-1;1,388990E-1;9,411919E-1;;
02/12/2021  12:47:15,941863;9,546623E-1;1,471248E-1;1,452176E-1;9,417832E-1;;
02/12/2021  12:47:15,941963;9,554401E-1;1,477620E-1;1,490088E-1;9,423744E-1;;
02/12/2021  12:47:15,942063;9,551600E-1;9,105474E-2;8,108345E-2;9,429642E-1;;
02/12/2021  12:47:15,942163;9,546563E-1;1,104881E-1;1,174156E-1;9,435512E-1;;
02/12/2021  12:47:15,942263;9,537115E-1;1,168597E-1;1,227865E-1;9,441343E-1;;
02/12/2021  12:47:15,942363;9,524658E-1;5,282514E-2;9,182514E-2;9,447118E-1;;
02/12/2021  12:47:15,942463;9,530648E-1;2,606442E-2;6,718244E-2;9,452822E-1;;
02/12/2021  12:47:15,942563;9,532764E-1;1,754784E-1;1,960827E-1;9,458440E-1;;
02/12/2021  12:47:15,942663;9,519800E-1;1,251428E-1;1,196272E-1;9,463957E-1;;
02/12/2021  12:47:15,942763;9,509548E-1;-3,223572E-2;3,938042E-2;9,469360E-1;;
02/12/2021  12:47:15,942863;9,498223E-1;1,213198E-1;1,287892E-1;9,474633E-1;;
02/12/2021  12:47:15,942963;9,503229E-1;1,114439E-1;1,170997E-1;9,479760E-1;;
02/12/2021  12:47:15,943063;9,502216E-1;1,066652E-1;1,212068E-1;9,484726E-1;;
02/12/2021  12:47:15,943163;9,494050E-1;1,149482E-1;1,240502E-1;9,489517E-1;;
02/12/2021  12:47:15,943263;9,485407E-1;1,273729E-1;1,366875E-1;9,494121E-1;;
02/12/2021  12:47:15,943363;9,478940E-1;1,299215E-1;1,161519E-1;9,498526E-1;;
02/12/2021  12:47:15,943463;9,487374E-1;1,066652E-1;1,120448E-1;9,502720E-1;;
02/12/2021  12:47:15,943563;9,485109E-1;1,168597E-1;1,278414E-1;9,506692E-1;;
02/12/2021  12:47:15,943663;9,474201E-1;1,458505E-1;1,483770E-1;9,510434E-1;;
02/12/2021  12:47:15,943763;9,468211E-1;1,225942E-1;1,284732E-1;9,513939E-1;;
02/12/2021  12:47:15,943863;9,455694E-1;1,034794E-1;1,180475E-1;9,517199E-1;;
02/12/2021  12:47:15,943963;9,465171E-1;8,723178E-2;1,129926E-1;9,520207E-1;;
02/12/2021  12:47:15,944063;9,459836E-1;1,417090E-1;1,341600E-1;9,522957E-1;;
02/12/2021  12:47:15,944163;9,456171E-1;1,184526E-1;1,272095E-1;9,525445E-1;;
02/12/2021  12:47:15,944263;9,448511E-1;1,216384E-1;1,284732E-1;9,527668E-1;;
02/12/2021  12:47:15,944363;9,447081E-1;1,296029E-1;1,442698E-1;9,529623E-1;;
02/12/2021  12:47:15,944463;9,451313E-1;1,264171E-1;1,325804E-1;9,531310E-1;;
02/12/2021  12:47:15,944563;9,454770E-1;1,251428E-1;1,316326E-1;9,532728E-1;;
02/12/2021  12:47:15,944663;9,451760E-1;1,181340E-1;1,243661E-1;9,533879E-1;;
02/12/2021  12:47:15,944763;9,443713E-1;1,009307E-1;2,175661E-1;9,534769E-1;;
02/12/2021  12:47:15,944863;9,445233E-1;1,139925E-1;1,221546E-1;9,535401E-1;;
02/12/2021  12:47:15,944963;9,455276E-1;1,490363E-1;1,834454E-1;9,535781E-1;;
02/12/2021  12:47:15,945063;9,456528E-1;1,324701E-1;1,366875E-1;9,535914E-1;;
02/12/2021  12:47:15,945163;9,451670E-1;1,235499E-1;1,332122E-1;9,535812E-1;;
02/12/2021  12:47:15,945263;9,452058E-1;1,200455E-1;1,332122E-1;9,535482E-1;;
02/12/2021  12:47:15,945363;9,454084E-1;1,343816E-1;1,423743E-1;9,534935E-1;;
02/12/2021  12:47:15,945463;9,459985E-1;1,433019E-1;1,347919E-1;9,534182E-1;;
02/12/2021  12:47:15,945563;9,461386E-1;1,053908E-1;1,253139E-1;9,533234E-1;;
02/12/2021  12:47:15,945663;9,454442E-1;1,311958E-1;1,297370E-1;9,532105E-1;;
02/12/2021  12:47:15,945763;9,448750E-1;1,331073E-1;1,117289E-1;9,530806E-1;;
02/12/2021  12:47:15,945863;9,452028E-1;3,880762E-2;8,550650E-2;9,529348E-1;;
02/12/2021  12:47:15,945963;9,452922E-1;1,308772E-1;1,480610E-1;9,527744E-1;;
02/12/2021  12:47:15,946063;9,455783E-1;1,194084E-1;1,240502E-1;9,526003E-1;;
02/12/2021  12:47:15,946163;9,448124E-1;1,315144E-1;1,351078E-1;9,524139E-1;;
02/12/2021  12:47:15,946263;9,441716E-1;1,334259E-1;1,379512E-1;9,522162E-1;;
02/12/2021  12:47:15,946363;9,447587E-1;1,200455E-1;1,016190E-1;9,520083E-1;;
02/12/2021  12:47:15,946463;9,455127E-1;1,257800E-1;1,164678E-1;9,517911E-1;;
02/12/2021  12:47:15,946563;9,451491E-1;6,811698E-2;6,497092E-2;9,515657E-1;;
02/12/2021  12:47:15,946663;9,450091E-1;1,327887E-1;1,455336E-1;9,513334E-1;;
02/12/2021  12:47:15,946763;9,438438E-1;1,276914E-1;1,325804E-1;9,510950E-1;;
02/12/2021  12:47:15,946863;9,441686E-1;1,334259E-1;1,234183E-1;9,508516E-1;;
02/12/2021  12:47:15,946963;9,446336E-1;1,165411E-1;2,036651E-1;9,506040E-1;;
02/12/2021  12:47:15,947063;9,443802E-1;1,171783E-1;1,085695E-1;9,503529E-1;;
02/12/2021  12:47:15,947163;9,430808E-1;1,073023E-1;1,186794E-1;9,500993E-1;;
02/12/2021  12:47:15,947263;9,428811E-1;1,296029E-1;1,224705E-1;9,498438E-1;;
02/12/2021  12:47:15,947363;9,439332E-1;1,178155E-1;1,133085E-1;9,495869E-1;;
02/12/2021  12:47:15,947463;9,433520E-1;1,289658E-1;1,433221E-1;9,493293E-1;;
02/12/2021  12:47:15,947563;9,432418E-1;1,413904E-1;1,385831E-1;9,490715E-1;;
02/12/2021  12:47:15,947663;9,416920E-1;1,308772E-1;1,449017E-1;9,488141E-1;;
02/12/2021  12:47:15,947763;9,411913E-1;7,863012E-2;1,148882E-1;9,485574E-1;;
02/12/2021  12:47:15,947863;9,418470E-1;1,187712E-1;1,148882E-1;9,483016E-1;;
02/12/2021  12:47:15,947963;9,416354E-1;1,369303E-1;1,382671E-1;9,480469E-1;;
02/12/2021  12:47:15,948063;9,412628E-1;1,426647E-1;1,455336E-1;9,477936E-1;;
02/12/2021  12:47:15,948163;9,403002E-1;3,307318E-2;8,487463E-2;9,475418E-1;;
02/12/2021  12:47:15,948263;9,402793E-1;7,703722E-2;1,006712E-1;9,472916E-1;;
02/12/2021  12:47:15,948363;9,410334E-1;1,206827E-1;1,404787E-1;9,470430E-1;;
02/12/2021  12:47:15,948463;9,411645E-1;1,311958E-1;1,300529E-1;9,467963E-1;;
02/12/2021  12:47:15,948563;9,405982E-1;1,362931E-1;1,651214E-1;9,465516E-1;;
02/12/2021  12:47:15,948663;9,402197E-1;1,356559E-1;1,253139E-1;9,463091E-1;;
02/12/2021  12:47:15,948763;9,404075E-1;1,031608E-1;1,095173E-1;9,460690E-1;;
02/12/2021  12:47:15,948863;9,410661E-1;1,391603E-1;1,385831E-1;9,458315E-1;;
02/12/2021  12:47:15,948963;9,416622E-1;1,375674E-1;1,344760E-1;9,455968E-1;;
02/12/2021  12:47:15,949063;9,413642E-1;1,143111E-1;1,322644E-1;9,453652E-1;;
02/12/2021  12:47:15,949163;9,414506E-1;2,630879E-1;2,071403E-1;9,451372E-1;;
02/12/2021  12:47:15,949263;9,418976E-1;1,350188E-1;1,325804E-1;9,449132E-1;;
02/12/2021  12:47:15,949363;9,428245E-1;1,570008E-1;1,540637E-1;9,446936E-1;;
02/12/2021  12:47:15,949463;9,430659E-1;1,260985E-1;1,306848E-1;9,444790E-1;;
02/12/2021  12:47:15,949563;9,428275E-1;1,347002E-1;1,322644E-1;9,442699E-1;;
02/12/2021  12:47:15,949663;9,425205E-1;1,464877E-1;1,439539E-1;9,440668E-1;;
02/12/2021  12:47:15,949763;9,430540E-1;1,471248E-1;1,467973E-1;9,438703E-1;;
02/12/2021  12:47:15,949863;9,430927E-1;1,273729E-1;1,310007E-1;9,436808E-1;;
02/12/2021  12:47:15,949963;9,435994E-1;1,343816E-1;1,316326E-1;9,434986E-1;;
02/12/2021  12:47:15,950063;9,432447E-1;1,203641E-1;1,088855E-1;9,433243E-1;;
02/12/2021  12:47:15,950163;9,421212E-1;1,286472E-1;1,177316E-1;9,431581E-1;;
02/12/2021  12:47:15,950263;9,429497E-1;9,360338E-2;1,066739E-1;9,430001E-1;;
02/12/2021  12:47:15,950363;9,435070E-1;1,254614E-1;1,224705E-1;9,428506E-1;;
02/12/2021  12:47:15,950463;9,428573E-1;1,117624E-1;1,275255E-1;9,427097E-1;;
02/12/2021  12:47:15,950563;9,415966E-1;1,200455E-1;1,221546E-1;9,425773E-1;;
02/12/2021  12:47:15,950663;9,409290E-1;1,318330E-1;1,281573E-1;9,424535E-1;;
02/12/2021  12:47:15,950763;9,413016E-1;1,340630E-1;1,180475E-1;9,423379E-1;;
02/12/2021  12:47:15,950863;9,424222E-1;1,292843E-1;1,129926E-1;9,422300E-1;;
02/12/2021  12:47:15,950963;9,419513E-1;1,347002E-1;1,297370E-1;9,421297E-1;;
02/12/2021  12:47:15,951063;9,412539E-1;1,627352E-1;1,436380E-1;9,420368E-1;;
02/12/2021  12:47:15,951163;9,410989E-1;1,391603E-1;1,407946E-1;9,419510E-1;;
02/12/2021  12:47:15,951263;9,425324E-1;1,251428E-1;1,221546E-1;9,418720E-1;;
02/12/2021  12:47:15,951363;9,422314E-1;1,483991E-1;1,594346E-1;9,417994E-1;;
02/12/2021  12:47:15,951463;9,425593E-1;1,327887E-1;1,155200E-1;9,417333E-1;;
02/12/2021  12:47:15,951563;9,423864E-1;1,334259E-1;8,961361E-2;9,416734E-1;;
02/12/2021  12:47:15,951663;9,416413E-1;1,280100E-1;1,278414E-1;9,416196E-1;;
02/12/2021  12:47:15,951763;9,422165E-1;1,321516E-1;1,246821E-1;9,415717E-1;;
02/12/2021  12:47:15,951863;9,431583E-1;1,200455E-1;1,417424E-1;9,415295E-1;;
02/12/2021  12:47:15,951963;9,432835E-1;1,286472E-1;1,313166E-1;9,414929E-1;;
02/12/2021  12:47:15,952063;9,426934E-1;1,022050E-1;1,584868E-1;9,414619E-1;;
02/12/2021  12:47:15,952163;9,424728E-1;1,037979E-1;1,104651E-1;9,414363E-1;;
02/12/2021  12:47:15,952263;9,431196E-1;9,678918E-2;1,183634E-1;9,414160E-1;;
02/12/2021  12:47:15,952363;9,443147E-1;1,139925E-1;1,237343E-1;9,414010E-1;;
02/12/2021  12:47:15,952463;9,441805E-1;1,200455E-1;1,114129E-1;9,413911E-1;;
02/12/2021  12:47:15,952563;9,428901E-1;8,054160E-2;9,909157E-2;9,413865E-1;;
02/12/2021  12:47:15,952663;9,432686E-1;1,009307E-1;1,082536E-1;9,413871E-1;;
02/12/2021  12:47:15,952763;9,442372E-1;1,159040E-1;1,310007E-1;9,413927E-1;;
02/12/2021  12:47:15,952863;9,441418E-1;9,933782E-2;1,079377E-1;9,414032E-1;;
02/12/2021  12:47:15,952963;9,439570E-1;9,073616E-2;1,025668E-1;9,414186E-1;;
02/12/2021  12:47:15,953063;9,437365E-1;8,532030E-2;8,992954E-2;9,414389E-1;;
02/12/2021  12:47:15,953163;9,436173E-1;1,018865E-1;1,120448E-1;9,414638E-1;;
02/12/2021  12:47:15,953263;9,449614E-1;1,155854E-1;1,550115E-1;9,414932E-1;;
02/12/2021  12:47:15,953363;9,450478E-1;1,002936E-1;9,972343E-2;9,415269E-1;;
02/12/2021  12:47:15,953463;9,447081E-1;1,063466E-1;1,278414E-1;9,415651E-1;;
02/12/2021  12:47:15,953563;9,434504E-1;8,532030E-2;1,092014E-1;9,416076E-1;;
02/12/2021  12:47:15,953663;9,433967E-1;1,296029E-1;1,445858E-1;9,416542E-1;;
02/12/2021  12:47:15,953763;9,444756E-1;1,130368E-1;9,782784E-2;9,417046E-1;;
02/12/2021  12:47:15,953863;9,447289E-1;1,388417E-1;1,351078E-1;9,417584E-1;;
02/12/2021  12:47:15,953963;9,443117E-1;1,292843E-1;1,363715E-1;9,418155E-1;;
02/12/2021  12:47:15,954063;9,435994E-1;1,687883E-1;1,546956E-1;9,418757E-1;;
02/12/2021  12:47:15,954163;9,438736E-1;5,760384E-2;1,142563E-1;9,419387E-1;;
02/12/2021  12:47:15,954263;9,450866E-1;8,500172E-2;1,373193E-1;9,420041E-1;;
02/12/2021  12:47:15,954363;9,448481E-1;1,652839E-1;1,467973E-1;9,420718E-1;;
02/12/2021  12:47:15,954463;9,451253E-1;1,684697E-1;1,373193E-1;9,421417E-1;;
02/12/2021  12:47:15,954563;9,436650E-1;1,455319E-1;1,126766E-1;9,422135E-1;;
02/12/2021  12:47:15,954663;9,450746E-1;1,114439E-1;1,120448E-1;9,422872E-1;;
02/12/2021  12:47:15,954763;9,457154E-1;1,433019E-1;1,385831E-1;9,423624E-1;;
02/12/2021  12:47:15,954863;9,460134E-1;1,257800E-1;1,243661E-1;9,424392E-1;;
02/12/2021  12:47:15,954963;9,457601E-1;1,327887E-1;1,284732E-1;9,425176E-1;;
02/12/2021  12:47:15,955063;9,453786E-1;1,311958E-1;1,310007E-1;9,425975E-1;;
02/12/2021  12:47:15,955163;9,466542E-1;1,165411E-1;1,000394E-1;9,426789E-1;;
02/12/2021  12:47:15,955263;9,470059E-1;1,127182E-1;1,025668E-1;9,427619E-1;;
02/12/2021  12:47:15,955363;9,470118E-1;1,190898E-1;1,294210E-1;9,428466E-1;;
02/12/2021  12:47:15,955463;9,457541E-1;1,423461E-1;1,351078E-1;9,429331E-1;;
02/12/2021  12:47:15,955563;9,446336E-1;1,289658E-1;1,253139E-1;9,430213E-1;;
02/12/2021  12:47:15,955663;9,448899E-1;1,337445E-1;1,325804E-1;9,431109E-1;;
02/12/2021  12:47:15,955763;9,454293E-1;1,324701E-1;1,313166E-1;9,432015E-1;;
02/12/2021  12:47:15,955863;9,446008E-1;1,053908E-1;1,063580E-1;9,432928E-1;;
02/12/2021  12:47:15,955963;9,435875E-1;8,978042E-2;1,047783E-1;9,433844E-1;;
02/12/2021  12:47:15,956063;9,428633E-1;9,615202E-2;1,117289E-1;9,434758E-1;;
02/12/2021  12:47:15,956163;9,435189E-1;1,206827E-1;1,227865E-1;9,435662E-1;;
02/12/2021  12:47:15,956263;9,443445E-1;1,391603E-1;1,493248E-1;9,436552E-1;;
02/12/2021  12:47:15,956363;9,436024E-1;1,241871E-1;1,199431E-1;9,437422E-1;;
02/12/2021  12:47:15,956463;9,424281E-1;1,206827E-1;1,240502E-1;9,438268E-1;;
02/12/2021  12:47:15,956563;9,415817E-1;9,360338E-2;1,066739E-1;9,439086E-1;;
02/12/2021  12:47:15,956663;9,428096E-1;6,970988E-2;7,729226E-2;9,439868E-1;;
02/12/2021  12:47:15,956763;9,429229E-1;1,264171E-1;1,376353E-1;9,440610E-1;;
02/12/2021  12:47:15,956863;9,427649E-1;1,178155E-1;1,212068E-1;9,441308E-1;;
02/12/2021  12:47:15,956963;9,424609E-1;1,171783E-1;1,240502E-1;9,441958E-1;;
02/12/2021  12:47:15,957063;9,419721E-1;1,210013E-1;1,262617E-1;9,442558E-1;;
02/12/2021  12:47:15,957163;9,429974E-1;1,292843E-1;1,398468E-1;9,443104E-1;;
02/12/2021  12:47:15,957263;9,434116E-1;1,280100E-1;1,246821E-1;9,443596E-1;;
02/12/2021  12:47:15,957363;9,430182E-1;1,353374E-1;1,325804E-1;9,444032E-1;;
02/12/2021  12:47:15,957463;9,421957E-1;1,088952E-1;1,189953E-1;9,444414E-1;;
02/12/2021  12:47:15,957563;9,411734E-1;1,257800E-1;1,322644E-1;9,444740E-1;;
02/12/2021  12:47:15,957663;9,425801E-1;1,206827E-1;1,031987E-1;9,445009E-1;;
02/12/2021  12:47:15,957763;9,436441E-1;1,299215E-1;1,268936E-1;9,445220E-1;;
02/12/2021  12:47:15,957863;9,437454E-1;1,404346E-1;1,490088E-1;9,445374E-1;;
02/12/2021  12:47:15,957963;9,431047E-1;1,388417E-1;1,398468E-1;9,445475E-1;;
02/12/2021  12:47:15,958063;9,427709E-1;1,289658E-1;1,284732E-1;9,445526E-1;;
02/12/2021  12:47:15,958163;9,444875E-1;5,983390E-2;9,814378E-2;9,445529E-1;;
02/12/2021  12:47:15,958263;9,455217E-1;1,203641E-1;1,240502E-1;9,445487E-1;;
02/12/2021  12:47:15,958363;9,451015E-1;1,270543E-1;1,316326E-1;9,445407E-1;;
02/12/2021  12:47:15,958463;9,446514E-1;1,331073E-1;1,496407E-1;9,445296E-1;;
02/12/2021  12:47:15,958563;9,443355E-1;5,792242E-2;1,183634E-1;9,445159E-1;;
02/12/2021  12:47:15,958663;9,454502E-1;1,111253E-1;1,117289E-1;9,444999E-1;;
02/12/2021  12:47:15,958763;9,461505E-1;1,280100E-1;1,212068E-1;9,444823E-1;;
02/12/2021  12:47:15,958863;9,456945E-1;1,178155E-1;1,291051E-1;9,444636E-1;;
02/12/2021  12:47:15,958963;9,449822E-1;1,264171E-1;1,360556E-1;9,444444E-1;;
02/12/2021  12:47:15,959063;9,462817E-1;1,120810E-1;1,082536E-1;9,444250E-1;;
02/12/2021  12:47:15,959163;9,469522E-1;1,117624E-1;9,182514E-2;9,444061E-1;;
02/12/2021  12:47:15,959263;9,468837E-1;1,225942E-1;1,284732E-1;9,443882E-1;;
02/12/2021  12:47:15,959363;9,462966E-1;1,356559E-1;1,316326E-1;9,443718E-1;;
02/12/2021  12:47:15,959463;9,450717E-1;1,152668E-1;1,205749E-1;9,443574E-1;;
02/12/2021  12:47:15,959563;9,451402E-1;1,028422E-1;1,098333E-1;9,443451E-1;;
02/12/2021  12:47:15,959663;9,457720E-1;1,047537E-1;9,435259E-2;9,443351E-1;;
02/12/2021  12:47:15,959763;9,458614E-1;1,216384E-1;1,291051E-1;9,443273E-1;;
02/12/2021  12:47:15,959863;9,449584E-1;1,235499E-1;1,281573E-1;9,443220E-1;;
02/12/2021  12:47:15,959963;9,441686E-1;1,229127E-1;1,300529E-1;9,443190E-1;;
02/12/2021  12:47:15,960063;9,449703E-1;1,276914E-1;1,240502E-1;9,443183E-1;;
02/12/2021  12:47:15,960163;9,453458E-1;1,369303E-1;1,272095E-1;9,443196E-1;;
02/12/2021  12:47:15,960263;9,454889E-1;1,267357E-1;1,212068E-1;9,443228E-1;;
02/12/2021  12:47:15,960363;9,448452E-1;1,783457E-1;2,463159E-1;9,443281E-1;;
02/12/2021  12:47:15,960463;9,439660E-1;1,229127E-1;1,297370E-1;9,443351E-1;;
02/12/2021  12:47:15,960563;9,438706E-1;1,200455E-1;1,231024E-1;9,443438E-1;;
02/12/2021  12:47:15,960663;9,443147E-1;1,245056E-1;1,445858E-1;9,443538E-1;;
02/12/2021  12:47:15,960763;9,443862E-1;1,245056E-1;1,246821E-1;9,443648E-1;;
02/12/2021  12:47:15,960863;9,430778E-1;1,404346E-1;1,486929E-1;9,443766E-1;;
02/12/2021  12:47:15,960963;9,425235E-1;6,174538E-2;9,182514E-2;9,443887E-1;;
02/12/2021  12:47:15,961063;9,428722E-1;5,951532E-2;9,435259E-2;9,444008E-1;;
02/12/2021  12:47:15,961163;9,432090E-1;1,235499E-1;1,300529E-1;9,444125E-1;;
02/12/2021  12:47:15,961263;9,429825E-1;1,130368E-1;1,212068E-1;9,444232E-1;;
02/12/2021  12:47:15,961363;9,412062E-1;1,012493E-1;1,003553E-1;9,444328E-1;;
02/12/2021  12:47:15,961463;9,403747E-1;8,340882E-2;1,588027E-1;9,444406E-1;;
02/12/2021  12:47:15,961563;9,400171E-1;1,385232E-1;1,262617E-1;9,444461E-1;;
02/12/2021  12:47:15,961663;9,394747E-1;1,120810E-1;1,177316E-1;9,444485E-1;;
02/12/2021  12:47:15,961763;9,393733E-1;1,273729E-1;1,306848E-1;9,444470E-1;;
02/12/2021  12:47:15,961863;9,376120E-1;1,286472E-1;1,325804E-1;9,444409E-1;;
02/12/2021  12:47:15,961963;9,365659E-1;1,356559E-1;1,325804E-1;9,444295E-1;;
02/12/2021  12:47:15,962063;9,373080E-1;1,337445E-1;1,354238E-1;9,444117E-1;;
02/12/2021  12:47:15,962163;9,369623E-1;1,238685E-1;1,313166E-1;9,443867E-1;;
02/12/2021  12:47:15,962263;9,363275E-1;1,190898E-1;1,338441E-1;9,443538E-1;;
02/12/2021  12:47:15,962363;9,351115E-1;1,318330E-1;1,370034E-1;9,443124E-1;;
02/12/2021  12:47:15,962463;9,348433E-1;1,305587E-1;1,240502E-1;9,442618E-1;;
02/12/2021  12:47:15,962563;9,354036E-1;1,522221E-1;2,065085E-1;9,442013E-1;;
02/12/2021  12:47:15,962663;9,360413E-1;1,085766E-1;1,202590E-1;9,441305E-1;;
02/12/2021  12:47:15,962763;9,361486E-1;1,273729E-1;1,360556E-1;9,440490E-1;;
02/12/2021  12:47:15,962863;9,354483E-1;1,280100E-1;1,313166E-1;9,439570E-1;;
02/12/2021  12:47:15,962963;9,356807E-1;1,260985E-1;1,205749E-1;9,438543E-1;;
02/12/2021  12:47:15,963063;9,373527E-1;7,321426E-2;8,866581E-2;9,437412E-1;;
02/12/2021  12:47:15,963163;9,370099E-1;1,216384E-1;1,208909E-1;9,436180E-1;;
02/12/2021  12:47:15,963263;9,371828E-1;1,254614E-1;1,218387E-1;9,434852E-1;;
02/12/2021  12:47:15,963363;9,366702E-1;8,213450E-2;6,497092E-2;9,433434E-1;;
02/12/2021  12:47:15,963463;9,365659E-1;6,652408E-2;9,024547E-2;9,431933E-1;;
02/12/2021  12:47:15,963563;9,375047E-1;1,238685E-1;1,268936E-1;9,430355E-1;;
02/12/2021  12:47:15,963663;9,370815E-1;1,417090E-1;1,398468E-1;9,428705E-1;;
02/12/2021  12:47:15,963763;9,371888E-1;1,187712E-1;1,256299E-1;9,426991E-1;;
02/12/2021  12:47:15,963863;9,358715E-1;1,213198E-1;1,177316E-1;9,425220E-1;;
02/12/2021  12:47:15,963963;9,359490E-1;3,594040E-2;7,034176E-2;9,423398E-1;;
02/12/2021  12:47:15,964063;9,365778E-1;1,417090E-1;1,246821E-1;9,421529E-1;;
02/12/2021  12:47:15,964163;9,369712E-1;1,397975E-1;1,370034E-1;9,419620E-1;;
02/12/2021  12:47:15,964263;9,361755E-1;1,308772E-1;1,395309E-1;9,417676E-1;;
02/12/2021  12:47:15,964363;9,350638E-1;1,321516E-1;1,287892E-1;9,415703E-1;;
02/12/2021  12:47:15,964463;9,363155E-1;1,117624E-1;1,189953E-1;9,413705E-1;;
02/12/2021  12:47:15,964563;9,376418E-1;1,168597E-1;1,231024E-1;9,411688E-1;;
02/12/2021  12:47:15,964663;9,378116E-1;7,257710E-2;8,708615E-2;9,409659E-1;;
02/12/2021  12:47:15,964763;9,369325E-1;5,314372E-2;7,697633E-2;9,407625E-1;;
02/12/2021  12:47:15,964863;9,365867E-1;9,678918E-2;1,069899E-1;9,405594E-1;;
02/12/2021  12:47:15,964963;9,368967E-1;1,219570E-1;1,262617E-1;9,403572E-1;;
02/12/2021  12:47:15,965063;9,378474E-1;1,130368E-1;1,395309E-1;9,401564E-1;;
02/12/2021  12:47:15,965163;9,377491E-1;8,213450E-2;1,019350E-1;9,399578E-1;;
02/12/2021  12:47:15,965263;9,362082E-1;9,137332E-2;1,234183E-1;9,397618E-1;;
02/12/2021  12:47:15,965363;9,351204E-1;1,022050E-1;1,347919E-1;9,395691E-1;;
02/12/2021  12:47:15,965463;9,357016E-1;1,139925E-1;1,243661E-1;9,393796E-1;;
02/12/2021  12:47:15,965563;9,360503E-1;1,018865E-1;1,180475E-1;9,391936E-1;;
02/12/2021  12:47:15,965663;9,356181E-1;1,012493E-1;1,158360E-1;9,390112E-1;;
02/12/2021  12:47:15,965763;9,337793E-1;1,098510E-1;1,227865E-1;9,388324E-1;;
02/12/2021  12:47:15,965863;9,330372E-1;8,818752E-2;1,164678E-1;9,386573E-1;;
02/12/2021  12:47:15,965963;9,333978E-1;1,095324E-1;1,373193E-1;9,384854E-1;;
02/12/2021  12:47:15,966063;9,328673E-1;8,723178E-2;1,069899E-1;9,383165E-1;;
02/12/2021  12:47:15,966163;9,325693E-1;1,006121E-1;1,123607E-1;9,381502E-1;;
02/12/2021  12:47:15,966263;9,310970E-1;1,178155E-1;1,278414E-1;9,379861E-1;;
02/12/2021  12:47:15,966363;9,299258E-1;1,232313E-1;1,208909E-1;9,378236E-1;;
02/12/2021  12:47:15,966463;9,307930E-1;1,296029E-1;1,388990E-1;9,376622E-1;;
02/12/2021  12:47:15,966563;9,312490E-1;1,088952E-1;1,253139E-1;9,375012E-1;;
02/12/2021  12:47:15,966663;9,309182E-1;1,388417E-1;1,553275E-1;9,373403E-1;;
02/12/2021  12:47:15,966763;9,293148E-1;1,433019E-1;1,426902E-1;9,371790E-1;;
02/12/2021  12:47:15,966863;9,287724E-1;1,347002E-1;1,234183E-1;9,370169E-1;;
02/12/2021  12:47:15,966963;9,296963E-1;1,375674E-1;1,328963E-1;9,368536E-1;;
02/12/2021  12:47:15,967063;9,302327E-1;1,595494E-1;1,439539E-1;9,366886E-1;;
02/12/2021  12:47:15,967163;9,296695E-1;1,891774E-1;1,648054E-1;9,365217E-1;;
02/12/2021  12:47:15,967263;9,278217E-1;1,745227E-1;1,768108E-1;9,363527E-1;;
02/12/2021  12:47:15,967363;9,275445E-1;1,617795E-1;1,518522E-1;9,361814E-1;;
02/12/2021  12:47:15,967463;9,284267E-1;4,581638E-2;7,855599E-2;9,360074E-1;;
02/12/2021  12:47:15,967563;9,293923E-1;1,375674E-1;1,483770E-1;9,358305E-1;;
02/12/2021  12:47:15,967663;9,284446E-1;9,965640E-2;1,041465E-1;9,356505E-1;;
02/12/2021  12:47:15,967763;9,271928E-1;8,309024E-2;1,281573E-1;9,354676E-1;;
02/12/2021  12:47:15,967863;9,268829E-1;1,305587E-1;1,287892E-1;9,352817E-1;;
02/12/2021  12:47:15,967963;9,275773E-1;-1,471382E-2;4,538313E-2;9,350926E-1;;
02/12/2021  12:47:15,968063;9,286025E-1;1,404346E-1;1,449017E-1;9,349003E-1;;
02/12/2021  12:47:15,968163;9,267011E-1;1,267357E-1;1,281573E-1;9,347049E-1;;
02/12/2021  12:47:15,968263;9,257504E-1;1,270543E-1;1,227865E-1;9,345065E-1;;
02/12/2021  12:47:15,968363;9,259471E-1;1,260985E-1;1,120448E-1;9,343050E-1;;
02/12/2021  12:47:15,968463;9,267577E-1;1,337445E-1;1,439539E-1;9,341003E-1;;
02/12/2021  12:47:15,968563;9,263733E-1;1,372488E-1;1,253139E-1;9,338926E-1;;
02/12/2021  12:47:15,968663;9,253242E-1;1,254614E-1;1,240502E-1;9,336818E-1;;
02/12/2021  12:47:15,968763;9,239771E-1;1,257800E-1;1,237343E-1;9,334681E-1;;
02/12/2021  12:47:15,968863;9,249397E-1;1,292843E-1;8,834988E-2;9,332513E-1;;
02/12/2021  12:47:15,968963;9,255507E-1;1,276914E-1;1,291051E-1;9,330315E-1;;
02/12/2021  12:47:15,969063;9,252080E-1;1,225942E-1;1,202590E-1;9,328087E-1;;
02/12/2021  12:47:15,969163;9,238340E-1;1,276914E-1;1,420583E-1;9,325831E-1;;
02/12/2021  12:47:15,969263;9,225704E-1;1,397975E-1;1,357397E-1;9,323548E-1;;
02/12/2021  12:47:15,969363;9,231217E-1;1,324701E-1;1,294210E-1;9,321236E-1;;
02/12/2021  12:47:15,969463;9,240903E-1;1,413904E-1;1,512204E-1;9,318896E-1;;
02/12/2021  12:47:15,969563;9,235509E-1;1,299215E-1;1,265777E-1;9,316528E-1;;
02/12/2021  12:47:15,969663;9,229519E-1;1,331073E-1;1,430061E-1;9,314134E-1;;
02/12/2021  12:47:15,969763;9,218313E-1;1,299215E-1;1,306848E-1;9,311715E-1;;
02/12/2021  12:47:15,969863;9,228952E-1;3,434750E-2;8,866581E-2;9,309272E-1;;
02/12/2021  12:47:15,969963;9,237566E-1;1,340630E-1;1,366875E-1;9,306806E-1;;
02/12/2021  12:47:15,970063;9,230741E-1;1,350188E-1;1,344760E-1;9,304320E-1;;
02/12/2021  12:47:15,970163;9,222634E-1;1,318330E-1;1,275255E-1;9,301818E-1;;
02/12/2021  12:47:15,970263;9,219415E-1;6,652408E-2;7,476481E-2;9,299303E-1;;
02/12/2021  12:47:15,970363;9,231307E-1;1,458505E-1;1,824976E-1;9,296777E-1;;
02/12/2021  12:47:15,970463;9,240695E-1;1,260985E-1;1,215227E-1;9,294243E-1;;
02/12/2021  12:47:15,970563;9,243794E-1;1,366117E-1;1,341600E-1;9,291707E-1;;
02/12/2021  12:47:15,970663;9,232708E-1;1,429833E-1;1,370034E-1;9,289175E-1;;
02/12/2021  12:47:15,970763;9,236969E-1;1,299215E-1;1,316326E-1;9,286655E-1;;
02/12/2021  12:47:15,970863;9,252974E-1;1,334259E-1;1,417424E-1;9,284150E-1;;
02/12/2021  12:47:15,970963;9,259560E-1;1,286472E-1;1,262617E-1;9,281670E-1;;
02/12/2021  12:47:15,971063;9,254821E-1;1,378860E-1;1,433221E-1;9,279222E-1;;
02/12/2021  12:47:15,971163;9,246894E-1;1,273729E-1;1,268936E-1;9,276815E-1;;
02/12/2021  12:47:15,971263;9,248324E-1;1,136739E-1;1,076217E-1;9,274456E-1;;
02/12/2021  12:47:15,971363;9,260484E-1;1,098510E-1;1,205749E-1;9,272151E-1;;
02/12/2021  12:47:15,971463;9,260633E-1;1,187712E-1;1,272095E-1;9,269906E-1;;
02/12/2021  12:47:15,971563;9,260126E-1;1,372488E-1;1,351078E-1;9,267728E-1;;
02/12/2021  12:47:15,971663;9,250917E-1;-3,510294E-2;5,833634E-2;9,265623E-1;;
02/12/2021  12:47:15,971763;9,252556E-1;7,831154E-2;1,041465E-1;9,263595E-1;;
02/12/2021  12:47:15,971863;9,269693E-1;1,353374E-1;1,382671E-1;9,261648E-1;;
02/12/2021  12:47:15,971963;9,280065E-1;1,477620E-1;1,458495E-1;9,259787E-1;;
02/12/2021  12:47:15,972063;9,273657E-1;1,433019E-1;1,382671E-1;9,258018E-1;;
02/12/2021  12:47:15,972163;9,265700E-1;5,473662E-2;7,981972E-2;9,256347E-1;;
02/12/2021  12:47:15,972263;9,275684E-1;1,378860E-1;1,366875E-1;9,254778E-1;;
02/12/2021  12:47:15,972363;9,289274E-1;1,506292E-1;1,594346E-1;9,253316E-1;;
02/12/2021  12:47:15,972463;9,298989E-1;1,407532E-1;1,347919E-1;9,251964E-1;;
02/12/2021  12:47:15,972563;9,297857E-1;1,442576E-1;1,338441E-1;9,250729E-1;;
02/12/2021  12:47:15,972663;9,294847E-1;1,280100E-1;1,249980E-1;9,249617E-1;;
02/12/2021  12:47:15,972763;9,308497E-1;1,426647E-1;1,471132E-1;9,248633E-1;;
02/12/2021  12:47:15,972863;9,322772E-1;4,677212E-2;6,655058E-2;9,247782E-1;;
02/12/2021  12:47:15,972963;9,328584E-1;1,197269E-1;9,877564E-2;9,247070E-1;;
02/12/2021  12:47:15,973063;9,327273E-1;1,324701E-1;1,291051E-1;9,246504E-1;;
02/12/2021  12:47:15,973163;9,317885E-1;1,267357E-1;1,310007E-1;9,246089E-1;;
02/12/2021  12:47:15,973263;9,324888E-1;1,436204E-1;1,370034E-1;9,245828E-1;;
02/12/2021  12:47:15,973363;9,336690E-1;1,213198E-1;1,256299E-1;9,245723E-1;;
02/12/2021  12:47:15,973463;9,331683E-1;1,334259E-1;1,316326E-1;9,245777E-1;;
02/12/2021  12:47:15,973563;9,334455E-1;1,273729E-1;1,449017E-1;9,245990E-1;;
02/12/2021  12:47:15,973663;9,326557E-1;1,245056E-1;1,335282E-1;9,246362E-1;;
02/12/2021  12:47:15,973763;9,339730E-1;1,321516E-1;1,275255E-1;9,246892E-1;;
02/12/2021  12:47:15,973863;9,351532E-1;1,283286E-1;1,458495E-1;9,247577E-1;;
02/12/2021  12:47:15,973963;9,358148E-1;1,225942E-1;1,237343E-1;9,248418E-1;;
02/12/2021  12:47:15,974063;9,357761E-1;1,245056E-1;1,016190E-1;9,249414E-1;;
02/12/2021  12:47:15,974163;9,351294E-1;1,483991E-1;1,436380E-1;9,250564E-1;;
02/12/2021  12:47:15,974263;9,368192E-1;1,375674E-1;1,341600E-1;9,251867E-1;;
02/12/2021  12:47:15,974363;9,384196E-1;1,251428E-1;1,351078E-1;9,253320E-1;;
02/12/2021  12:47:15,974463;9,395462E-1;1,337445E-1;1,328963E-1;9,254925E-1;;
02/12/2021  12:47:15,974563;9,394568E-1;1,461691E-1;1,319485E-1;9,256681E-1;;
02/12/2021  12:47:15,974663;9,398084E-1;1,289658E-1;1,253139E-1;9,258592E-1;;
02/12/2021  12:47:15,974763;9,416264E-1;1,315144E-1;1,202590E-1;9,260656E-1;;
02/12/2021  12:47:15,974863;9,427411E-1;1,378860E-1;1,316326E-1;9,262875E-1;;
02/12/2021  12:47:15,974963;9,427768E-1;1,171783E-1;1,388990E-1;9,265252E-1;;
02/12/2021  12:47:15,975063;9,417069E-1;1,321516E-1;1,347919E-1;9,267787E-1;;
02/12/2021  12:47:15,975163;9,423238E-1;1,143111E-1;1,316326E-1;9,270480E-1;;
02/12/2021  12:47:15,975263;9,435398E-1;1,073023E-1;1,120448E-1;9,273328E-1;;
02/12/2021  12:47:15,975363;9,444965E-1;1,187712E-1;1,180475E-1;9,276327E-1;;
02/12/2021  12:47:15,975463;9,441269E-1;1,362931E-1;1,370034E-1;9,279477E-1;;
02/12/2021  12:47:15,975563;9,434742E-1;1,350188E-1;1,300529E-1;9,282774E-1;;
02/12/2021  12:47:15,975663;9,433610E-1;1,318330E-1;1,584868E-1;9,286213E-1;;
02/12/2021  12:47:15,975763;9,447408E-1;7,448858E-2;1,019350E-1;9,289786E-1;;
02/12/2021  12:47:15,975863;9,448034E-1;1,340630E-1;1,316326E-1;9,293488E-1;;
02/12/2021  12:47:15,975963;9,451640E-1;1,264171E-1;1,145722E-1;9,297312E-1;;
02/12/2021  12:47:15,976063;9,439958E-1;9,264764E-2;1,016190E-1;9,301250E-1;;
02/12/2021  12:47:15,976163;9,446425E-1;1,178155E-1;1,205749E-1;9,305294E-1;;
02/12/2021  12:47:15,976263;9,461952E-1;7,417000E-2;1,562753E-1;9,309436E-1;;
02/12/2021  12:47:15,976363;9,464158E-1;1,404346E-1;1,338441E-1;9,313666E-1;;
02/12/2021  12:47:15,976463;9,459270E-1;1,315144E-1;1,287892E-1;9,317978E-1;;
02/12/2021  12:47:15,976563;9,453637E-1;6,238254E-2;1,202590E-1;9,322364E-1;;
02/12/2021  12:47:15,976663;9,460343E-1;3,084312E-2;7,539667E-2;9,326814E-1;;
02/12/2021  12:47:15,976763;9,463889E-1;1,477620E-1;1,581709E-1;9,331320E-1;;
02/12/2021  12:47:15,976863;9,467853E-1;1,254614E-1;1,227865E-1;9,335872E-1;;
02/12/2021  12:47:15,976963;9,459389E-1;1,337445E-1;1,249980E-1;9,340462E-1;;
02/12/2021  12:47:15,977063;9,448958E-1;1,305587E-1;1,237343E-1;9,345079E-1;;
02/12/2021  12:47:15,977163;9,449673E-1;1,257800E-1;1,110970E-1;9,349713E-1;;
02/12/2021  12:47:15,977263;9,452892E-1;9,965640E-2;7,413294E-2;9,354351E-1;;
02/12/2021  12:47:15,977363;9,454591E-1;1,162226E-1;1,196272E-1;9,358982E-1;;
02/12/2021  12:47:15,977463;9,450866E-1;1,088952E-1;1,164678E-1;9,363594E-1;;
02/12/2021  12:47:15,977563;9,442163E-1;1,283286E-1;1,303688E-1;9,368177E-1;;
02/12/2021  12:47:15,977663;9,457750E-1;1,286472E-1;1,142563E-1;9,372719E-1;;
02/12/2021  12:47:15,977763;9,464366E-1;1,079395E-1;1,025668E-1;9,377211E-1;;
02/12/2021  12:47:15,977863;9,476526E-1;1,085766E-1;1,129926E-1;9,381644E-1;;
02/12/2021  12:47:15,977963;9,470625E-1;1,006121E-1;1,243661E-1;9,386015E-1;;
02/12/2021  12:47:15,978063;9,464724E-1;1,092138E-1;1,076217E-1;9,390318E-1;;
02/12/2021  12:47:15,978163;9,477152E-1;1,251428E-1;1,660692E-1;9,394548E-1;;
02/12/2021  12:47:15,978263;9,488656E-1;1,155854E-1;1,518522E-1;9,398702E-1;;
02/12/2021  12:47:15,978363;9,496822E-1;1,111253E-1;1,234183E-1;9,402777E-1;;
02/12/2021  12:47:15,978463;9,492292E-1;9,551486E-2;1,019350E-1;9,406774E-1;;
02/12/2021  12:47:15,978563;9,494020E-1;1,111253E-1;1,050943E-1;9,410693E-1;;
02/12/2021  12:47:15,978663;9,507909E-1;1,139925E-1;1,249980E-1;9,414535E-1;;
02/12/2021  12:47:15,978763;9,516075E-1;9,519628E-2;1,161519E-1;9,418300E-1;;
02/12/2021  12:47:15,978863;9,518101E-1;9,551486E-2;1,123607E-1;9,421992E-1;;
02/12/2021  12:47:15,978963;9,505256E-1;1,022050E-1;1,183634E-1;9,425614E-1;;
02/12/2021  12:47:15,979063;9,504153E-1;9,678918E-2;1,076217E-1;9,429168E-1;;
02/12/2021  12:47:15,979163;9,521320E-1;9,647060E-2;1,104651E-1;9,432654E-1;;
02/12/2021  12:47:15,979263;9,530350E-1;9,105474E-2;1,054102E-1;9,436075E-1;;
02/12/2021  12:47:15,979363;9,527191E-1;1,165411E-1;1,436380E-1;9,439432E-1;;
02/12/2021  12:47:15,979463;9,518191E-1;9,710776E-2;1,167838E-1;9,442729E-1;;
02/12/2021  12:47:15,979563;9,517624E-1;9,424054E-2;1,120448E-1;9,445969E-1;;
02/12/2021  12:47:15,979663;9,530797E-1;1,050723E-1;1,268936E-1;9,449151E-1;;
02/12/2021  12:47:15,979763;9,534880E-1;1,178155E-1;1,341600E-1;9,452277E-1;;
02/12/2021  12:47:15,979863;9,535774E-1;1,213198E-1;1,332122E-1;9,455349E-1;;
02/12/2021  12:47:15,979963;9,530261E-1;1,560451E-1;1,745993E-1;9,458369E-1;;
02/12/2021  12:47:15,980063;9,533062E-1;1,605052E-1;1,768108E-1;9,461340E-1;;
02/12/2021  12:47:15,980163;9,540394E-1;1,748413E-1;1,837613E-1;9,464261E-1;;
02/12/2021  12:47:15,980263;9,547099E-1;1,646467E-1;1,458495E-1;9,467134E-1;;
02/12/2021  12:47:15,980363;9,543553E-1;1,554079E-1;1,284732E-1;9,469962E-1;;
02/12/2021  12:47:15,980463;9,538010E-1;2,066993E-1;1,866047E-1;9,472746E-1;;
02/12/2021  12:47:15,980563;9,536758E-1;1,687883E-1;1,569071E-1;9,475487E-1;;
02/12/2021  12:47:15,980663;9,552315E-1;1,770713E-1;1,843932E-1;9,478186E-1;;
02/12/2021  12:47:15,980763;9,551570E-1;1,503106E-1;1,458495E-1;9,480843E-1;;
02/12/2021  12:47:15,980863;9,544864E-1;1,340630E-1;1,360556E-1;9,483459E-1;;
02/12/2021  12:47:15,980963;9,539291E-1;1,197269E-1;1,246821E-1;9,486036E-1;;
02/12/2021  12:47:15,981063;9,538367E-1;1,222756E-1;1,092014E-1;9,488572E-1;;
02/12/2021  12:47:15,981163;9,543195E-1;1,311958E-1;1,202590E-1;9,491065E-1;;
02/12/2021  12:47:15,981263;9,537890E-1;1,063466E-1;1,082536E-1;9,493515E-1;;
02/12/2021  12:47:15,981363;9,532049E-1;1,015679E-1;1,158360E-1;9,495918E-1;;
02/12/2021  12:47:15,981463;9,519055E-1;1,181340E-1;1,268936E-1;9,498272E-1;;
02/12/2021  12:47:15,981563;9,522214E-1;1,238685E-1;1,202590E-1;9,500572E-1;;
02/12/2021  12:47:15,981663;9,526863E-1;1,101695E-1;9,719598E-2;9,502812E-1;;
02/12/2021  12:47:15,981763;9,523853E-1;1,187712E-1;1,133085E-1;9,504989E-1;;
02/12/2021  12:47:15,981863;9,514674E-1;1,292843E-1;1,720719E-1;9,507098E-1;;
02/12/2021  12:47:15,981963;9,508922E-1;1,270543E-1;1,237343E-1;9,509135E-1;;
02/12/2021  12:47:15,982063;9,516909E-1;1,200455E-1;1,224705E-1;9,511093E-1;;
02/12/2021  12:47:15,982163;9,521648E-1;1,069837E-1;1,110970E-1;9,512970E-1;;
02/12/2021  12:47:15,982263;9,524956E-1;1,219570E-1;1,196272E-1;9,514762E-1;;
02/12/2021  12:47:15,982363;9,518518E-1;1,340630E-1;1,319485E-1;9,516468E-1;;
02/12/2021  12:47:15,982463;9,514823E-1;1,257800E-1;1,164678E-1;9,518087E-1;;
02/12/2021  12:47:15,982563;9,531751E-1;1,210013E-1;1,660692E-1;9,519617E-1;;
02/12/2021  12:47:15,982663;9,537175E-1;1,232313E-1;1,581709E-1;9,521059E-1;;
02/12/2021  12:47:15,982763;9,536609E-1;1,232313E-1;1,341600E-1;9,522415E-1;;
02/12/2021  12:47:15,982863;9,520783E-1;1,512664E-1;1,534319E-1;9,523689E-1;;
02/12/2021  12:47:15,982963;9,514584E-1;1,238685E-1;1,224705E-1;9,524881E-1;;
02/12/2021  12:47:15,983063;9,517237E-1;9,901924E-2;8,329497E-2;9,525992E-1;;
02/12/2021  12:47:15,983163;9,518608E-1;1,206827E-1;1,265777E-1;9,527021E-1;;
02/12/2021  12:47:15,983263;9,510352E-1;1,410718E-1;1,407946E-1;9,527967E-1;;
02/12/2021  12:47:15,983363;9,495212E-1;1,299215E-1;1,215227E-1;9,528830E-1;;
02/12/2021  12:47:15,983463;9,485437E-1;1,216384E-1;1,243661E-1;9,529608E-1;;
02/12/2021  12:47:15,983563;9,484781E-1;1,047537E-1;1,101492E-1;9,530295E-1;;
02/12/2021  12:47:15,983663;9,474619E-1;1,178155E-1;1,284732E-1;9,530888E-1;;
02/12/2021  12:47:15,983763;9,468956E-1;1,206827E-1;1,313166E-1;9,531380E-1;;
02/12/2021  12:47:15,983863;9,452833E-1;1,168597E-1;1,177316E-1;9,531766E-1;;
02/12/2021  12:47:15,983963;9,443862E-1;1,366117E-1;1,344760E-1;9,532040E-1;;
02/12/2021  12:47:15,984063;9,455545E-1;1,168597E-1;1,303688E-1;9,532193E-1;;
02/12/2021  12:47:15,984163;9,460254E-1;1,296029E-1;1,385831E-1;9,532220E-1;;
02/12/2021  12:47:15,984263;9,453905E-1;1,152668E-1;1,199431E-1;9,532118E-1;;
02/12/2021  12:47:15,984363;9,448720E-1;1,114439E-1;1,212068E-1;9,531885E-1;;
02/12/2021  12:47:15,984463;9,445918E-1;1,190898E-1;1,148882E-1;9,531519E-1;;
02/12/2021  12:47:15,984563;9,458316E-1;1,401161E-1;1,417424E-1;9,531020E-1;;
02/12/2021  12:47:15,984663;9,462936E-1;1,468062E-1;1,417424E-1;9,530389E-1;;
02/12/2021  12:47:15,984763;9,454204E-1;1,159040E-1;9,150920E-2;9,529630E-1;;
02/12/2021  12:47:15,984863;9,439898E-1;1,117624E-1;1,066739E-1;9,528745E-1;;
02/12/2021  12:47:15,984963;9,441746E-1;1,340630E-1;1,543797E-1;9,527737E-1;;
02/12/2021  12:47:15,985063;9,447677E-1;1,184526E-1;1,139404E-1;9,526609E-1;;
02/12/2021  12:47:15,985163;9,442580E-1;1,088952E-1;1,167838E-1;9,525364E-1;;
02/12/2021  12:47:15,985263;9,433997E-1;1,149482E-1;1,123607E-1;9,524005E-1;;
02/12/2021  12:47:15,985363;9,415132E-1;1,321516E-1;1,275255E-1;9,522536E-1;;
02/12/2021  12:47:15,985463;9,411287E-1;1,296029E-1;1,243661E-1;9,520957E-1;;
02/12/2021  12:47:15,985563;9,410184E-1;1,327887E-1;1,287892E-1;9,519269E-1;;
02/12/2021  12:47:15,985663;9,404641E-1;1,037979E-1;1,234183E-1;9,517471E-1;;
02/12/2021  12:47:15,985763;9,386938E-1;1,120810E-1;1,253139E-1;9,515563E-1;;
02/12/2021  12:47:15,985863;9,371381E-1;1,350188E-1;1,436380E-1;9,513544E-1;;
02/12/2021  12:47:15,985963;9,364944E-1;9,487770E-2;8,266311E-2;9,511411E-1;;
02/12/2021  12:47:15,986063;9,367209E-1;1,238685E-1;1,177316E-1;9,509160E-1;;
02/12/2021  12:47:15,986163;9,353857E-1;1,178155E-1;1,047783E-1;9,506787E-1;;
02/12/2021  12:47:15,986263;9,339402E-1;1,343816E-1;1,335282E-1;9,504291E-1;;
02/12/2021  12:47:15,986363;9,331713E-1;1,525407E-1;1,467973E-1;9,501666E-1;;
02/12/2021  12:47:15,986463;9,332011E-1;1,057094E-1;1,341600E-1;9,498910E-1;;
02/12/2021  12:47:15,986563;9,334008E-1;1,254614E-1;1,262617E-1;9,496019E-1;;
02/12/2021  12:47:15,986663;9,327094E-1;1,359745E-1;1,278414E-1;9,492992E-1;;
02/12/2021  12:47:15,986763;9,314755E-1;1,417090E-1;1,534319E-1;9,489828E-1;;
02/12/2021  12:47:15,986863;9,298423E-1;1,092138E-1;9,466852E-2;9,486528E-1;;
02/12/2021  12:47:15,986963;9,304980E-1;1,321516E-1;1,310007E-1;9,483091E-1;;
02/12/2021  12:47:15,987063;9,310136E-1;1,442576E-1;1,717559E-1;9,479515E-1;;
02/12/2021  12:47:15,987163;9,297708E-1;1,356559E-1;1,325804E-1;9,475803E-1;;
02/12/2021  12:47:15,987263;9,286830E-1;1,251428E-1;1,294210E-1;9,471957E-1;;
02/12/2021  12:47:15,987363;9,274670E-1;1,264171E-1;1,246821E-1;9,467979E-1;;
02/12/2021  12:47:15,987463;9,277561E-1;1,350188E-1;1,313166E-1;9,463871E-1;;
02/12/2021  12:47:15,987563;9,277353E-1;1,273729E-1;1,338441E-1;9,459635E-1;;
02/12/2021  12:47:15,987663;9,261378E-1;1,315144E-1;1,253139E-1;9,455274E-1;;
02/12/2021  12:47:15,987763;9,244957E-1;1,324701E-1;1,202590E-1;9,450790E-1;;
02/12/2021  12:47:15,987863;9,234883E-1;1,299215E-1;1,531159E-1;9,446185E-1;;
02/12/2021  12:47:15,987963;9,235300E-1;1,009307E-1;2,159864E-1;9,441459E-1;;
02/12/2021  12:47:15,988063;9,231009E-1;1,292843E-1;1,227865E-1;9,436613E-1;;
02/12/2021  12:47:15,988163;9,221472E-1;1,327887E-1;1,341600E-1;9,431649E-1;;
02/12/2021  12:47:15,988263;9,204991E-1;1,245056E-1;1,231024E-1;9,426569E-1;;
02/12/2021  12:47:15,988363;9,200431E-1;1,260985E-1;1,291051E-1;9,421373E-1;;
02/12/2021  12:47:15,988463;9,206243E-1;1,340630E-1;1,528000E-1;9,416064E-1;;
02/12/2021  12:47:15,988563;9,202338E-1;1,343816E-1;1,332122E-1;9,410644E-1;;
02/12/2021  12:47:15,988663;9,198345E-1;1,257800E-1;1,319485E-1;9,405117E-1;;
02/12/2021  12:47:15,988763;9,189285E-1;1,347002E-1;1,303688E-1;9,399488E-1;;
02/12/2021  12:47:15,988863;9,193606E-1;1,152668E-1;1,041465E-1;9,393763E-1;;
02/12/2021  12:47:15,988963;9,200669E-1;1,362931E-1;1,284732E-1;9,387948E-1;;
02/12/2021  12:47:15,989063;9,204574E-1;1,296029E-1;1,256299E-1;9,382052E-1;;
02/12/2021  12:47:15,989163;9,207107E-1;1,334259E-1;1,328963E-1;9,376085E-1;;
02/12/2021  12:47:15,989263;9,201891E-1;2,224146E-2;9,277293E-2;9,370059E-1;;
02/12/2021  12:47:15,989363;9,197421E-1;1,362931E-1;1,363715E-1;9,363987E-1;;
02/12/2021  12:47:15,989463;9,220518E-1;1,136739E-1;9,782784E-2;9,357881E-1;;
02/12/2021  12:47:15,989563;9,219714E-1;1,254614E-1;1,303688E-1;9,351754E-1;;
02/12/2021  12:47:15,989663;9,211786E-1;1,251428E-1;1,193112E-1;9,345623E-1;;
02/12/2021  12:47:15,989763;9,206064E-1;5,760384E-2;6,497092E-2;9,339502E-1;;
02/12/2021  12:47:15,989863;9,210504E-1;1,426647E-1;1,351078E-1;9,333405E-1;;
02/12/2021  12:47:15,989963;9,214170E-1;1,315144E-1;1,174156E-1;9,327345E-1;;
02/12/2021  12:47:15,990063;9,215839E-1;1,362931E-1;1,341600E-1;9,321334E-1;;
02/12/2021  12:47:15,990163;9,205587E-1;1,391603E-1;1,310007E-1;9,315385E-1;;
02/12/2021  12:47:15,990263;9,195454E-1;1,503106E-1;1,433221E-1;9,309510E-1;;
02/12/2021  12:47:15,990363;9,202160E-1;1,366117E-1;1,341600E-1;9,303718E-1;;
02/12/2021  12:47:15,990463;9,200669E-1;1,155854E-1;9,624818E-2;9,298017E-1;;
02/12/2021  12:47:15,990563;9,197123E-1;9,901924E-2;6,781430E-2;9,292416E-1;;
02/12/2021  12:47:15,990663;9,184486E-1;1,356559E-1;1,313166E-1;9,286921E-1;;
02/12/2021  12:47:15,990763;9,176380E-1;1,305587E-1;1,310007E-1;9,281537E-1;;
02/12/2021  12:47:15,990863;9,179777E-1;6,652408E-2;9,087734E-2;9,276268E-1;;
02/12/2021  12:47:15,990963;9,178526E-1;1,082581E-1;1,259458E-1;9,271116E-1;;
02/12/2021  12:47:15,991063;9,176440E-1;1,260985E-1;1,332122E-1;9,266082E-1;;
02/12/2021  12:47:15,991163;9,176767E-1;1,159040E-1;1,231024E-1;9,261170E-1;;
02/12/2021  12:47:15,991263;9,171641E-1;8,086018E-2;9,150920E-2;9,256380E-1;;
02/12/2021  12:47:15,991363;9,185649E-1;5,505520E-2;7,571260E-2;9,251715E-1;;
02/12/2021  12:47:15,991463;9,194977E-1;1,318330E-1;1,635417E-1;9,247177E-1;;
02/12/2021  12:47:15,991563;9,193904E-1;1,238685E-1;1,253139E-1;9,242771E-1;;
02/12/2021  12:47:15,991663;9,190805E-1;1,404346E-1;1,300529E-1;9,238501E-1;;
02/12/2021  12:47:15,991763;9,196616E-1;9,455912E-2;1,114129E-1;9,234373E-1;;
02/12/2021  12:47:15,991863;9,210415E-1;1,022050E-1;1,082536E-1;9,230390E-1;;
02/12/2021  12:47:15,991963;9,218223E-1;1,152668E-1;1,310007E-1;9,226559E-1;;
02/12/2021  12:47:15,992063;9,224333E-1;8,882468E-2;1,088855E-1;9,222886E-1;;
02/12/2021  12:47:15,992163;9,224840E-1;2,765732E-2;5,675668E-2;9,219379E-1;;
02/12/2021  12:47:15,992263;9,226866E-1;9,232906E-2;1,079377E-1;9,216045E-1;;
02/12/2021  12:47:15,992363;9,240337E-1;1,127182E-1;1,158360E-1;9,212890E-1;;
02/12/2021  12:47:15,992463;9,254166E-1;1,092138E-1;1,161519E-1;9,209922E-1;;
02/12/2021  12:47:15,992563;9,254970E-1;1,296029E-1;1,613302E-1;9,207149E-1;;
02/12/2021  12:47:15,992663;9,255447E-1;9,360338E-2;1,148882E-1;9,204578E-1;;
02/12/2021  12:47:15,992763;9,257355E-1;1,044351E-1;1,262617E-1;9,202216E-1;;
02/12/2021  12:47:15,992863;9,268441E-1;3,689614E-2;1,019350E-1;9,200069E-1;;
02/12/2021  12:47:15,992963;9,279409E-1;1,264171E-1;1,291051E-1;9,198142E-1;;
02/12/2021  12:47:15,993063;9,286830E-1;1,487177E-1;1,531159E-1;9,196441E-1;;
02/12/2021  12:47:15,993163;9,286979E-1;1,407532E-1;1,341600E-1;9,194970E-1;;
02/12/2021  12:47:15,993263;9,295234E-1;1,468062E-1;1,430061E-1;9,193736E-1;;
02/12/2021  12:47:15,993363;9,310553E-1;1,589123E-1;1,407946E-1;9,192743E-1;;
02/12/2021  12:47:15,993463;9,320448E-1;1,547707E-1;1,366875E-1;9,191994E-1;;
02/12/2021  12:47:15,993563;9,333591E-1;9,806350E-2;9,150920E-2;9,191496E-1;;
02/12/2021  12:47:15,993663;9,341638E-1;1,369303E-1;1,531159E-1;9,191253E-1;;
02/12/2021  12:47:15,993763;9,349774E-1;1,719741E-1;1,439539E-1;9,191272E-1;;
02/12/2021  12:47:15,993863;9,373199E-1;1,528593E-1;1,660692E-1;9,191558E-1;;
02/12/2021  12:47:15,993963;9,379726E-1;1,439390E-1;1,382671E-1;9,192117E-1;;
02/12/2021  12:47:15,994063;9,381901E-1;1,331073E-1;1,183634E-1;9,192954E-1;;
02/12/2021  12:47:15,994163;9,387594E-1;4,581638E-2;1,019350E-1;9,194075E-1;;
02/12/2021  12:47:15,994263;9,396296E-1;1,229127E-1;1,212068E-1;9,195483E-1;;
02/12/2021  12:47:15,994363;9,417278E-1;1,229127E-1;1,275255E-1;9,197179E-1;;
02/12/2021  12:47:15,994463;9,424192E-1;1,245056E-1;1,237343E-1;9,199167E-1;;
02/12/2021  12:47:15,994563;9,432835E-1;1,375674E-1;1,357397E-1;9,201448E-1;;
02/12/2021  12:47:15,994663;9,434861E-1;1,235499E-1;1,212068E-1;9,204024E-1;;
02/12/2021  12:47:15,994763;9,439391E-1;2,224146E-2;6,781430E-2;9,206895E-1;;
02/12/2021  12:47:15,994863;9,445322E-1;1,229127E-1;1,050943E-1;9,210058E-1;;
02/12/2021  12:47:15,994963;9,444726E-1;1,248242E-1;1,319485E-1;9,213511E-1;;
02/12/2021  12:47:15,995063;9,455574E-1;1,308772E-1;1,335282E-1;9,217247E-1;;
02/12/2021  12:47:15,995163;9,455634E-1;1,165411E-1;1,123607E-1;9,221261E-1;;
02/12/2021  12:47:15,995263;9,465946E-1;1,439390E-1;1,322644E-1;9,225545E-1;;
02/12/2021  12:47:15,995363;9,477122E-1;1,155854E-1;1,126766E-1;9,230091E-1;;
02/12/2021  12:47:15,995463;9,481443E-1;1,452133E-1;1,322644E-1;9,234890E-1;;
02/12/2021  12:47:15,995563;9,480251E-1;1,362931E-1;1,531159E-1;9,239936E-1;;
02/12/2021  12:47:15,995663;9,477986E-1;1,229127E-1;1,183634E-1;9,245217E-1;;
02/12/2021  12:47:15,995763;9,489848E-1;1,152668E-1;1,152041E-1;9,250722E-1;;
02/12/2021  12:47:15,995863;9,501084E-1;1,649653E-1;1,885003E-1;9,256439E-1;;
02/12/2021  12:47:15,995963;9,500696E-1;1,366117E-1;1,322644E-1;9,262357E-1;;
02/12/2021  12:47:15,996063;9,504302E-1;8,946184E-2;1,136244E-1;9,268465E-1;;
02/12/2021  12:47:15,996163;9,500190E-1;1,248242E-1;1,199431E-1;9,274749E-1;;
02/12/2021  12:47:15,996263;9,517356E-1;9,615202E-2;1,221546E-1;9,281196E-1;;
02/12/2021  12:47:15,996363;9,525313E-1;1,340630E-1;1,452176E-1;9,287795E-1;;
02/12/2021  12:47:15,996463;9,529665E-1;1,178155E-1;1,253139E-1;9,294531E-1;;
02/12/2021  12:47:15,996563;9,530440E-1;1,292843E-1;1,287892E-1;9,301395E-1;;
02/12/2021  12:47:15,996663;9,531751E-1;9,137332E-2;1,136244E-1;9,308374E-1;;
02/12/2021  12:47:15,996763;9,541586E-1;1,640096E-1;1,723878E-1;9,315456E-1;;
02/12/2021  12:47:15,996863;9,554163E-1;1,337445E-1;1,278414E-1;9,322629E-1;;
02/12/2021  12:47:15,996963;9,555236E-1;1,423461E-1;1,366875E-1;9,329882E-1;;
02/12/2021  12:47:15,997063;9,560362E-1;1,203641E-1;1,240502E-1;9,337205E-1;;
02/12/2021  12:47:15,997163;9,561673E-1;1,337445E-1;1,373193E-1;9,344587E-1;;
02/12/2021  12:47:15,997263;9,574131E-1;1,391603E-1;1,445858E-1;9,352018E-1;;
02/12/2021  12:47:15,997363;9,588585E-1;1,299215E-1;1,313166E-1;9,359490E-1;;
02/12/2021  12:47:15,997463;9,588943E-1;1,139925E-1;1,265777E-1;9,366993E-1;;
02/12/2021  12:47:15,997563;9,595798E-1;1,260985E-1;1,218387E-1;9,374521E-1;;
02/12/2021  12:47:15,997663;9,598569E-1;1,009307E-1;8,487463E-2;9,382067E-1;;
02/12/2021  12:47:15,997763;9,611265E-1;1,264171E-1;1,186794E-1;9,389625E-1;;
02/12/2021  12:47:15,997863;9,625273E-1;1,162226E-1;1,253139E-1;9,397187E-1;;
02/12/2021  12:47:15,997963;9,633081E-1;1,114439E-1;1,316326E-1;9,404749E-1;;
02/12/2021  12:47:15,998063;9,630101E-1;1,503106E-1;1,524841E-1;9,412309E-1;;
02/12/2021  12:47:15,998163;9,637730E-1;1,133553E-1;1,152041E-1;9,419863E-1;;
02/12/2021  12:47:15,998263;9,659308E-1;8,404598E-2;1,035146E-1;9,427405E-1;;
02/12/2021  12:47:15,998363;9,669888E-1;1,245056E-1;1,234183E-1;9,434936E-1;;
02/12/2021  12:47:15,998463;9,675282E-1;1,375674E-1;1,335282E-1;9,442453E-1;;
02/12/2021  12:47:15,998563;9,675133E-1;1,251428E-1;1,297370E-1;9,449957E-1;;
02/12/2021  12:47:15,998663;9,682644E-1;1,292843E-1;1,306848E-1;9,457448E-1;;
02/12/2021  12:47:15,998763;9,697158E-1;1,197269E-1;1,155200E-1;9,464924E-1;;
02/12/2021  12:47:15,998863;9,700019E-1;1,111253E-1;1,202590E-1;9,472384E-1;;
02/12/2021  12:47:15,998963;9,703476E-1;1,238685E-1;1,240502E-1;9,479829E-1;;
02/12/2021  12:47:15,999063;9,703148E-1;1,241871E-1;1,287892E-1;9,487258E-1;;
02/12/2021  12:47:15,999163;9,700168E-1;1,235499E-1;1,272095E-1;9,494668E-1;;
02/12/2021  12:47:15,999263;9,712089E-1;1,127182E-1;9,782784E-2;9,502056E-1;;
02/12/2021  12:47:15,999363;9,710927E-1;1,197269E-1;1,256299E-1;9,509419E-1;;
02/12/2021  12:47:15,999463;9,704877E-1;1,382046E-1;1,347919E-1;9,516752E-1;;
02/12/2021  12:47:15,999563;9,704221E-1;9,232906E-2;1,082536E-1;9,524050E-1;;
02/12/2021  12:47:15,999663;9,703655E-1;1,143111E-1;1,158360E-1;9,531305E-1;;
02/12/2021  12:47:15,999763;9,705681E-1;1,332122E-2;7,160549E-2;9,538511E-1;;
02/12/2021  12:47:15,999863;9,699959E-1;1,305587E-1;1,328963E-1;9,545659E-1;;
02/12/2021  12:47:15,999963;9,698439E-1;1,232313E-1;1,227865E-1;9,552740E-1;;
02/12/2021  12:47:16,000063;9,690869E-1;8,659462E-2;8,076751E-2;9,559745E-1;;
02/12/2021  12:47:16,000163;9,691882E-1;1,624167E-1;1,310007E-1;9,566663E-1;;
02/12/2021  12:47:16,000263;9,699005E-1;1,155854E-1;1,856569E-1;9,573483E-1;;
02/12/2021  12:47:16,000363;9,693432E-1;1,187712E-1;1,265777E-1;9,580195E-1;;
02/12/2021  12:47:16,000463;9,682584E-1;1,235499E-1;8,929768E-2;9,586789E-1;;
02/12/2021  12:47:16,000563;9,668517E-1;1,280100E-1;1,275255E-1;9,593255E-1;;
02/12/2021  12:47:16,000663;9,677726E-1;1,356559E-1;1,332122E-1;9,599580E-1;;
02/12/2021  12:47:16,000763;9,675848E-1;1,337445E-1;1,354238E-1;9,605753E-1;;
02/12/2021  12:47:16,000863;9,667682E-1;1,372488E-1;1,395309E-1;9,611761E-1;;
02/12/2021  12:47:16,000963;9,656625E-1;1,092138E-1;1,189953E-1;9,617595E-1;;
02/12/2021  12:47:16,001063;9,654331E-1;1,251428E-1;1,281573E-1;9,623243E-1;;
02/12/2021  12:47:16,001163;9,652930E-1;1,136739E-1;1,196272E-1;9,628694E-1;;
02/12/2021  12:47:16,001263;9,646016E-1;1,216384E-1;1,253139E-1;9,633936E-1;;
02/12/2021  12:47:16,001363;9,639340E-1;1,350188E-1;1,505885E-1;9,638960E-1;;
02/12/2021  12:47:16,001463;9,621220E-1;1,280100E-1;1,240502E-1;9,643755E-1;;
02/12/2021  12:47:16,001563;9,619312E-1;1,509478E-1;1,622780E-1;9,648310E-1;;
02/12/2021  12:47:16,001663;9,618567E-1;1,649653E-1;1,404787E-1;9,652614E-1;;
02/12/2021  12:47:16,001763;9,607749E-1;1,190898E-1;1,237343E-1;9,656657E-1;;
02/12/2021  12:47:16,001863;9,600030E-1;1,194084E-1;1,253139E-1;9,660431E-1;;
02/12/2021  12:47:16,001963;9,585992E-1;1,289658E-1;1,297370E-1;9,663925E-1;;
02/12/2021  12:47:16,002063;9,571925E-1;6,716124E-2;1,022509E-1;9,667132E-1;;
02/12/2021  12:47:16,002163;9,576634E-1;1,238685E-1;1,212068E-1;9,670041E-1;;
02/12/2021  12:47:16,002263;9,571896E-1;1,286472E-1;1,287892E-1;9,672645E-1;;
02/12/2021  12:47:16,002363;9,561703E-1;8,054160E-2;9,087734E-2;9,674936E-1;;
02/12/2021  12:47:16,002463;9,542063E-1;1,547707E-1;1,689125E-1;9,676910E-1;;
02/12/2021  12:47:16,002563;9,538486E-1;1,194084E-1;1,199431E-1;9,678561E-1;;
02/12/2021  12:47:16,002663;9,539410E-1;1,114439E-1;8,992954E-2;9,679883E-1;;
02/12/2021  12:47:16,002763;9,531185E-1;1,006121E-1;1,193112E-1;9,680872E-1;;
02/12/2021  12:47:16,002863;9,522810E-1;8,086018E-2;9,056141E-2;9,681526E-1;;
02/12/2021  12:47:16,002963;9,509667E-1;1,321516E-1;1,379512E-1;9,681844E-1;;
02/12/2021  12:47:16,003063;9,502604E-1;1,130368E-1;1,117289E-1;9,681825E-1;;
02/12/2021  12:47:16,003163;9,507700E-1;1,241871E-1;1,224705E-1;9,681467E-1;;
02/12/2021  12:47:16,003263;9,504243E-1;1,417090E-1;1,360556E-1;9,680774E-1;;
02/12/2021  12:47:16,003363;9,497299E-1;1,280100E-1;1,237343E-1;9,679747E-1;;
02/12/2021  12:47:16,003463;9,478553E-1;1,133553E-1;1,013031E-1;9,678393E-1;;
02/12/2021  12:47:16,003563;9,476139E-1;1,276914E-1;1,749153E-1;9,676715E-1;;
02/12/2021  12:47:16,003663;9,473039E-1;1,018865E-1;8,645429E-2;9,674718E-1;;
02/12/2021  12:47:16,003763;9,469224E-1;1,229127E-1;1,164678E-1;9,672406E-1;;
02/12/2021  12:47:16,003863;9,459628E-1;1,267357E-1;1,240502E-1;9,669789E-1;;
02/12/2021  12:47:16,003963;9,452505E-1;9,232906E-2;9,308886E-2;9,666871E-1;;
02/12/2021  12:47:16,004063;9,451789E-1;7,958586E-2;1,057261E-1;9,663662E-1;;
02/12/2021  12:47:16,004163;9,453399E-1;1,171783E-1;1,240502E-1;9,660170E-1;;
02/12/2021  12:47:16,004263;9,442491E-1;1,079395E-1;9,656411E-2;9,656406E-1;;
02/12/2021  12:47:16,004363;9,429229E-1;9,806350E-2;1,594346E-1;9,652379E-1;;
02/12/2021  12:47:16,004463;9,413880E-1;9,264764E-2;1,076217E-1;9,648100E-1;;
02/12/2021  12:47:16,004563;9,413224E-1;1,152668E-1;1,180475E-1;9,643577E-1;;
02/12/2021  12:47:16,004663;9,412211E-1;1,742041E-1;1,992420E-1;9,638820E-1;;
02/12/2021  12:47:16,004763;9,400618E-1;1,063466E-1;1,136244E-1;9,633836E-1;;
02/12/2021  12:47:16,004863;9,388935E-1;-2,554554E-2;5,138584E-2;9,628637E-1;;
02/12/2021  12:47:16,004963;9,380590E-1;1,101695E-1;1,183634E-1;9,623231E-1;;
02/12/2021  12:47:16,005063;9,386759E-1;1,060280E-1;1,164678E-1;9,617627E-1;;
02/12/2021  12:47:16,005163;9,376179E-1;7,671864E-2;1,041465E-1;9,611834E-1;;
02/12/2021  12:47:16,005263;9,369503E-1;9,392196E-2;1,054102E-1;9,605864E-1;;
02/12/2021  12:47:16,005363;9,357821E-1;9,360338E-2;9,656411E-2;9,599726E-1;;
02/12/2021  12:47:16,005463;9,345333E-1;1,117624E-1;1,265777E-1;9,593430E-1;;
02/12/2021  12:47:16,005563;9,351771E-1;1,133553E-1;1,433221E-1;9,586984E-1;;
02/12/2021  12:47:16,005663;9,340237E-1;9,519628E-2;1,060421E-1;9,580398E-1;;
02/12/2021  12:47:16,005763;9,331028E-1;1,060280E-1;1,231024E-1;9,573681E-1;;
02/12/2021  12:47:16,005863;9,320239E-1;1,165411E-1;1,341600E-1;9,566843E-1;;
02/12/2021  12:47:16,005963;9,306142E-1;1,120810E-1;1,313166E-1;9,559891E-1;;
02/12/2021  12:47:16,006063;9,311298E-1;1,347002E-1;1,622780E-1;9,552832E-1;;
02/12/2021  12:47:16,006163;9,303579E-1;1,299215E-1;1,319485E-1;9,545674E-1;;
02/12/2021  12:47:16,006263;9,295145E-1;1,458505E-1;1,455336E-1;9,538425E-1;;
02/12/2021  12:47:16,006363;9,283730E-1;1,818500E-1;1,569071E-1;9,531092E-1;;
02/12/2021  12:47:16,006463;9,274670E-1;9,551486E-2;1,578549E-1;9,523684E-1;;
02/12/2021  12:47:16,006563;9,274015E-1;1,327887E-1;1,338441E-1;9,516205E-1;;
02/12/2021  12:47:16,006663;9,277233E-1;1,570008E-1;1,467973E-1;9,508663E-1;;
02/12/2021  12:47:16,006763;9,266534E-1;1,681511E-1;1,613302E-1;9,501066E-1;;
02/12/2021  12:47:16,006863;9,261855E-1;1,891774E-1;1,670170E-1;9,493423E-1;;
02/12/2021  12:47:16,006963;9,265610E-1;1,487177E-1;1,477451E-1;9,485741E-1;;
02/12/2021  12:47:16,007063;9,272167E-1;1,426647E-1;1,521681E-1;9,478029E-1;;
02/12/2021  12:47:16,007163;9,273240E-1;1,448948E-1;1,471132E-1;9,470299E-1;;
02/12/2021  12:47:16,007263;9,272226E-1;1,190898E-1;1,180475E-1;9,462564E-1;;
02/12/2021  12:47:16,007363;9,270110E-1;1,286472E-1;1,414265E-1;9,454835E-1;;
02/12/2021  12:47:16,007463;9,272942E-1;1,178155E-1;1,193112E-1;9,447125E-1;;
02/12/2021  12:47:16,007563;9,277859E-1;1,098510E-1;1,025668E-1;9,439449E-1;;
02/12/2021  12:47:16,007663;9,280750E-1;1,385232E-1;1,360556E-1;9,431820E-1;;
02/12/2021  12:47:16,007763;9,273895E-1;1,340630E-1;1,281573E-1;9,424252E-1;;
02/12/2021  12:47:16,007863;9,269723E-1;1,375674E-1;1,426902E-1;9,416758E-1;;
02/12/2021  12:47:16,007963;9,277054E-1;1,159040E-1;1,256299E-1;9,409352E-1;;
02/12/2021  12:47:16,008063;9,275624E-1;1,327887E-1;1,019350E-1;9,402045E-1;;
02/12/2021  12:47:16,008163;9,274849E-1;1,232313E-1;1,256299E-1;9,394850E-1;;
02/12/2021  12:47:16,008263;9,264627E-1;1,184526E-1;1,208909E-1;9,387777E-1;;
02/12/2021  12:47:16,008363;9,253063E-1;1,245056E-1;1,249980E-1;9,380837E-1;;
02/12/2021  12:47:16,008463;9,256967E-1;1,356559E-1;1,430061E-1;9,374035E-1;;
02/12/2021  12:47:16,008563;9,259769E-1;7,289568E-2;7,539667E-2;9,367379E-1;;
02/12/2021  12:47:16,008663;9,260484E-1;1,098510E-1;1,183634E-1;9,360874E-1;;
02/12/2021  12:47:16,008763;9,250560E-1;1,241871E-1;1,297370E-1;9,354525E-1;;
02/12/2021  12:47:16,008863;9,247490E-1;1,155854E-1;1,215227E-1;9,348338E-1;;
02/12/2021  12:47:16,008963;9,254792E-1;8,659462E-2;1,104651E-1;9,342316E-1;;
02/12/2021  12:47:16,009063;9,265610E-1;1,837615E-1;2,188298E-1;9,336462E-1;;
02/12/2021  12:47:16,009163;9,260901E-1;1,347002E-1;1,303688E-1;9,330781E-1;;
02/12/2021  12:47:16,009263;9,258010E-1;1,471248E-1;1,869207E-1;9,325279E-1;;
02/12/2021  12:47:16,009363;9,261199E-1;1,206827E-1;1,284732E-1;9,319959E-1;;
02/12/2021  12:47:16,009463;9,260603E-1;1,337445E-1;1,208909E-1;9,314824E-1;;
02/12/2021  12:47:16,009563;9,281048E-1;1,267357E-1;1,344760E-1;9,309879E-1;;
02/12/2021  12:47:16,009663;9,275087E-1;1,229127E-1;1,199431E-1;9,305127E-1;;
02/12/2021  12:47:16,009763;9,273091E-1;1,324701E-1;1,395309E-1;9,300573E-1;;
02/12/2021  12:47:16,009863;9,275743E-1;1,391603E-1;1,338441E-1;9,296222E-1;;
02/12/2021  12:47:16,009963;9,284744E-1;1,388417E-1;1,272095E-1;9,292076E-1;;
02/12/2021  12:47:16,010063;9,289631E-1;1,136739E-1;1,193112E-1;9,288139E-1;;
02/12/2021  12:47:16,010163;9,287277E-1;1,477620E-1;1,458495E-1;9,284414E-1;;
02/12/2021  12:47:16,010263;9,275773E-1;1,235499E-1;1,313166E-1;9,280905E-1;;
02/12/2021  12:47:16,010363;9,277770E-1;1,225942E-1;1,376353E-1;9,277610E-1;;
02/12/2021  12:47:16,010463;9,287247E-1;9,424054E-2;1,139404E-1;9,274530E-1;;
02/12/2021  12:47:16,010563;9,290913E-1;1,331073E-1;1,275255E-1;9,271664E-1;;
02/12/2021  12:47:16,010663;9,288171E-1;1,541336E-1;1,499566E-1;9,269010E-1;;
02/12/2021  12:47:16,010763;9,288439E-1;1,308772E-1;1,259458E-1;9,266569E-1;;
02/12/2021  12:47:16,010863;9,290406E-1;1,445762E-1;1,518522E-1;9,264337E-1;;
02/12/2021  12:47:16,010963;9,306857E-1;1,238685E-1;1,246821E-1;9,262313E-1;;
02/12/2021  12:47:16,011063;9,310791E-1;1,270543E-1;1,328963E-1;9,260495E-1;;
02/12/2021  12:47:16,011163;9,304861E-1;1,280100E-1;1,351078E-1;9,258884E-1;;
02/12/2021  12:47:16,011263;9,309242E-1;1,037979E-1;1,667010E-1;9,257477E-1;;
02/12/2021  12:47:16,011363;9,314398E-1;1,283286E-1;1,069899E-1;9,256273E-1;;
02/12/2021  12:47:16,011463;9,330700E-1;1,350188E-1;1,755471E-1;9,255270E-1;;
02/12/2021  12:47:16,011563;9,333203E-1;1,461691E-1;1,436380E-1;9,254467E-1;;
02/12/2021  12:47:16,011663;9,335737E-1;1,420275E-1;1,414265E-1;9,253864E-1;;
02/12/2021  12:47:16,011763;9,334336E-1;1,292843E-1;1,385831E-1;9,253461E-1;;
02/12/2021  12:47:16,011863;9,341876E-1;1,012493E-1;1,224705E-1;9,253256E-1;;
02/12/2021  12:47:16,011963;9,350072E-1;1,461691E-1;1,477451E-1;9,253247E-1;;
02/12/2021  12:47:16,012063;9,353618E-1;1,522221E-1;1,439539E-1;9,253433E-1;;
02/12/2021  12:47:16,012163;9,353767E-1;1,181340E-1;1,205749E-1;9,253811E-1;;
02/12/2021  12:47:16,012263;9,352784E-1;1,108067E-1;9,340479E-2;9,254381E-1;;
02/12/2021  12:47:16,012363;9,350698E-1;1,557265E-1;1,373193E-1;9,255137E-1;;
02/12/2021  12:47:16,012463;9,361337E-1;1,487177E-1;1,531159E-1;9,256075E-1;;
02/12/2021  12:47:16,012563;9,365331E-1;1,273729E-1;1,297370E-1;9,257191E-1;;
02/12/2021  12:47:16,012663;9,367507E-1;1,241871E-1;1,240502E-1;9,258479E-1;;
02/12/2021  12:47:16,012763;9,363602E-1;1,334259E-1;1,325804E-1;9,259935E-1;;
02/12/2021  12:47:16,012863;9,376507E-1;9,965640E-2;8,329497E-2;9,261553E-1;;
02/12/2021  12:47:16,012963;9,387326E-1;1,350188E-1;1,215227E-1;9,263329E-1;;
02/12/2021  12:47:16,013063;9,386074E-1;1,308772E-1;1,177316E-1;9,265257E-1;;
02/12/2021  12:47:16,013163;9,387773E-1;1,002936E-1;1,625939E-1;9,267334E-1;;
02/12/2021  12:47:16,013263;9,382110E-1;1,292843E-1;1,265777E-1;9,269555E-1;;
02/12/2021  12:47:16,013363;9,394717E-1;1,318330E-1;1,148882E-1;9,271914E-1;;
02/12/2021  12:47:16,013463;9,404164E-1;1,037979E-1;1,325804E-1;9,274404E-1;;
02/12/2021  12:47:16,013563;9,405058E-1;9,901924E-2;9,940750E-2;9,277021E-1;;
02/12/2021  12:47:16,013663;9,404611E-1;1,496735E-1;1,467973E-1;9,279761E-1;;
02/12/2021  12:47:16,013763;9,407949E-1;1,490363E-1;1,294210E-1;9,282618E-1;;
02/12/2021  12:47:16,013863;9,423089E-1;1,327887E-1;1,275255E-1;9,285586E-1;;
02/12/2021  12:47:16,013963;9,426844E-1;1,238685E-1;1,344760E-1;9,288661E-1;;
02/12/2021  12:47:16,014063;9,434861E-1;1,267357E-1;1,294210E-1;9,291840E-1;;
02/12/2021  12:47:16,014163;9,422076E-1;1,509478E-1;1,461654E-1;9,295119E-1;;
02/12/2021  12:47:16,014263;9,420019E-1;9,742634E-2;1,186794E-1;9,298493E-1;;
02/12/2021  12:47:16,014363;9,430808E-1;1,219570E-1;1,272095E-1;9,301956E-1;;
02/12/2021  12:47:16,014463;9,437335E-1;1,334259E-1;1,272095E-1;9,305500E-1;;
02/12/2021  12:47:16,014563;9,437037E-1;1,410718E-1;1,404787E-1;9,309121E-1;;
02/12/2021  12:47:16,014663;9,433133E-1;1,302401E-1;1,237343E-1;9,312811E-1;;
02/12/2021  12:47:16,014763;9,426904E-1;1,327887E-1;1,291051E-1;9,316565E-1;;
02/12/2021  12:47:16,014863;9,438557E-1;1,391603E-1;1,509044E-1;9,320373E-1;;
02/12/2021  12:47:16,014963;9,450389E-1;1,168597E-1;1,212068E-1;9,324230E-1;;
02/12/2021  12:47:16,015063;9,446127E-1;1,139925E-1;1,363715E-1;9,328127E-1;;
02/12/2021  12:47:16,015163;9,435964E-1;1,219570E-1;1,047783E-1;9,332060E-1;;
02/12/2021  12:47:16,015263;9,436352E-1;1,334259E-1;1,193112E-1;9,336021E-1;;
02/12/2021  12:47:16,015363;9,444398E-1;1,060280E-1;9,593225E-2;9,340002E-1;;
02/12/2021  12:47:16,015463;9,447557E-1;1,503106E-1;1,480610E-1;9,343995E-1;;
02/12/2021  12:47:16,015563;9,446783E-1;1,509478E-1;1,556434E-1;9,347992E-1;;
02/12/2021  12:47:16,015663;9,442342E-1;1,238685E-1;1,243661E-1;9,351987E-1;;
02/12/2021  12:47:16,015763;9,447945E-1;1,117624E-1;1,152041E-1;9,355973E-1;;
02/12/2021  12:47:16,015863;9,462370E-1;1,697440E-1;1,793383E-1;9,359943E-1;;
02/12/2021  12:47:16,015963;9,461744E-1;1,401161E-1;1,300529E-1;9,363892E-1;;
02/12/2021  12:47:16,016063;9,458346E-1;1,273729E-1;1,148882E-1;9,367816E-1;;
02/12/2021  12:47:16,016163;9,451730E-1;1,311958E-1;1,294210E-1;9,371711E-1;;
02/12/2021  12:47:16,016263;9,449971E-1;1,324701E-1;1,256299E-1;9,375570E-1;;
02/12/2021  12:47:16,016363;9,457065E-1;1,241871E-1;1,057261E-1;9,379389E-1;;
02/12/2021  12:47:16,016463;9,458942E-1;1,327887E-1;1,341600E-1;9,383161E-1;;
02/12/2021  12:47:16,016563;9,458614E-1;1,178155E-1;1,123607E-1;9,386882E-1;;
02/12/2021  12:47:16,016663;9,446991E-1;1,181340E-1;1,300529E-1;9,390546E-1;;
02/12/2021  12:47:16,016763;9,453399E-1;1,308772E-1;1,297370E-1;9,394149E-1;;
02/12/2021  12:47:16,016863;9,464158E-1;8,213450E-2;5,738855E-2;9,397685E-1;;
02/12/2021  12:47:16,016963;9,463442E-1;1,343816E-1;1,360556E-1;9,401150E-1;;
02/12/2021  12:47:16,017063;9,462995E-1;9,201048E-2;9,593225E-2;9,404542E-1;;
02/12/2021  12:47:16,017163;9,451342E-1;1,162226E-1;1,167838E-1;9,407857E-1;;
02/12/2021  12:47:16,017263;9,459330E-1;9,455912E-2;7,476481E-2;9,411093E-1;;
02/12/2021  12:47:16,017363;9,466333E-1;1,053908E-1;1,246821E-1;9,414246E-1;;
02/12/2021  12:47:16,017463;9,459568E-1;9,041758E-2;1,038306E-1;9,417313E-1;;
02/12/2021  12:47:16,017563;9,458734E-1;1,079395E-1;1,148882E-1;9,420293E-1;;
02/12/2021  12:47:16,017663;9,457482E-1;1,159040E-1;1,262617E-1;9,423184E-1;;
02/12/2021  12:47:16,017763;9,461595E-1;8,245308E-2;9,308886E-2;9,425983E-1;;
02/12/2021  12:47:16,017863;9,466989E-1;1,018865E-1;1,164678E-1;9,428689E-1;;
02/12/2021  12:47:16,017963;9,467078E-1;9,296622E-2;1,082536E-1;9,431300E-1;;
02/12/2021  12:47:16,018063;9,463949E-1;7,735580E-2;6,023194E-2;9,433818E-1;;
02/12/2021  12:47:16,018163;9,459747E-1;1,025236E-1;1,107811E-1;9,436243E-1;;
02/12/2021  12:47:16,018263;9,468092E-1;9,870066E-2;1,117289E-1;9,438573E-1;;
02/12/2021  12:47:16,018363;9,478910E-1;1,057094E-1;1,246821E-1;9,440809E-1;;
02/12/2021  12:47:16,018463;9,473963E-1;9,232906E-2;1,139404E-1;9,442953E-1;;
02/12/2021  12:47:16,018563;9,476764E-1;1,149482E-1;1,322644E-1;9,445009E-1;;
02/12/2021  12:47:16,018663;9,474410E-1;9,901924E-2;1,155200E-1;9,446978E-1;;
02/12/2021  12:47:16,018763;9,484454E-1;9,169190E-2;1,031987E-1;9,448864E-1;;
02/12/2021  12:47:16,018863;9,495809E-1;1,114439E-1;1,332122E-1;9,450670E-1;;
02/12/2021  12:47:16,018963;9,498699E-1;1,286472E-1;1,253139E-1;9,452400E-1;;
02/12/2021  12:47:16,019063;9,492798E-1;1,570008E-1;1,433221E-1;9,454063E-1;;
02/12/2021  12:47:16,019163;9,492411E-1;1,315144E-1;1,284732E-1;9,455662E-1;;
02/12/2021  12:47:16,019263;9,496911E-1;1,550893E-1;1,679647E-1;9,457203E-1;;
02/12/2021  12:47:16,019363;9,504749E-1;1,560451E-1;1,445858E-1;9,458690E-1;;
02/12/2021  12:47:16,019463;9,501233E-1;1,614609E-1;1,464814E-1;9,460129E-1;;
02/12/2021  12:47:16,019563;9,503319E-1;1,620981E-1;1,486929E-1;9,461524E-1;;
02/12/2021  12:47:16,019663;9,502782E-1;1,719741E-1;1,578549E-1;9,462880E-1;;
02/12/2021  12:47:16,019763;9,511246E-1;1,570008E-1;1,556434E-1;9,464201E-1;;
02/12/2021  12:47:16,019863;9,511843E-1;1,235499E-1;1,363715E-1;9,465492E-1;;
02/12/2021  12:47:16,019963;9,508803E-1;1,296029E-1;1,347919E-1;9,466757E-1;;
02/12/2021  12:47:16,020063;9,500964E-1;1,184526E-1;1,234183E-1;9,468000E-1;;
02/12/2021  12:47:16,020163;9,498968E-1;1,127182E-1;1,104651E-1;9,469223E-1;;
02/12/2021  12:47:16,020263;9,508385E-1;1,053908E-1;7,034176E-2;9,470427E-1;;
02/12/2021  12:47:16,020363;9,508505E-1;1,229127E-1;1,253139E-1;9,471614E-1;;
02/12/2021  12:47:16,020463;9,503110E-1;1,324701E-1;1,363715E-1;9,472785E-1;;
02/12/2021  12:47:16,020563;9,494676E-1;1,197269E-1;1,316326E-1;9,473941E-1;;
02/12/2021  12:47:16,020663;9,495481E-1;1,334259E-1;1,338441E-1;9,475081E-1;;
02/12/2021  12:47:16,020763;9,504034E-1;1,041165E-1;1,338441E-1;9,476203E-1;;
02/12/2021  12:47:16,020863;9,504422E-1;1,165411E-1;1,145722E-1;9,477308E-1;;
02/12/2021  12:47:16,020963;9,497626E-1;1,066652E-1;1,152041E-1;9,478395E-1;;
02/12/2021  12:47:16,021063;9,492649E-1;7,640006E-2;7,097362E-2;9,479463E-1;;
02/12/2021  12:47:16,021163;9,500845E-1;1,426647E-1;1,606983E-1;9,480511E-1;;
02/12/2021  12:47:16,021263;9,505584E-1;1,006121E-1;1,161519E-1;9,481538E-1;;
02/12/2021  12:47:16,021363;9,505167E-1;1,088952E-1;1,107811E-1;9,482543E-1;;
02/12/2021  12:47:16,021463;9,497328E-1;1,155854E-1;1,183634E-1;9,483527E-1;;
02/12/2021  12:47:16,021563;9,491606E-1;1,315144E-1;1,322644E-1;9,484489E-1;;
02/12/2021  12:47:16,021663;9,502037E-1;3,339176E-2;9,751191E-2;9,485427E-1;;
02/12/2021  12:47:16,021763;9,509637E-1;9,806350E-2;9,214107E-2;9,486340E-1;;
02/12/2021  12:47:16,021863;9,508028E-1;1,190898E-1;1,262617E-1;9,487229E-1;;
02/12/2021  12:47:16,021963;9,495481E-1;1,155854E-1;1,218387E-1;9,488095E-1;;
02/12/2021  12:47:16,022063;9,492560E-1;1,308772E-1;1,316326E-1;9,488937E-1;;
02/12/2021  12:47:16,022163;9,492947E-1;1,133553E-1;1,013031E-1;9,489754E-1;;
02/12/2021  12:47:16,022263;9,501411E-1;1,283286E-1;1,256299E-1;9,490543E-1;;
02/12/2021  12:47:16,022363;9,504839E-1;1,159040E-1;1,170997E-1;9,491303E-1;;
02/12/2021  12:47:16,022463;9,494616E-1;1,181340E-1;1,322644E-1;9,492035E-1;;
02/12/2021  12:47:16,022563;9,495928E-1;1,378860E-1;1,341600E-1;9,492739E-1;;
02/12/2021  12:47:16,022663;9,501262E-1;1,159040E-1;1,306848E-1;9,493413E-1;;
02/12/2021  12:47:16,022763;9,509667E-1;1,143111E-1;1,278414E-1;9,494058E-1;;
02/12/2021  12:47:16,022863;9,513482E-1;1,283286E-1;1,262617E-1;9,494675E-1;;
02/12/2021  12:47:16,022963;9,503498E-1;9,647060E-2;7,065769E-2;9,495266E-1;;
02/12/2021  12:47:16,023063;9,506746E-1;6,110822E-2;1,044624E-1;9,495833E-1;;
02/12/2021  12:47:16,023163;9,512290E-1;1,190898E-1;1,505885E-1;9,496378E-1;;
02/12/2021  12:47:16,023263;9,517416E-1;1,445762E-1;1,455336E-1;9,496901E-1;;
02/12/2021  12:47:16,023363;9,515031E-1;1,178155E-1;1,249980E-1;9,497406E-1;;
02/12/2021  12:47:16,023463;9,508385E-1;9,710776E-2;9,782784E-2;9,497896E-1;;
02/12/2021  12:47:16,023563;9,513005E-1;1,123996E-1;1,155200E-1;9,498371E-1;;
02/12/2021  12:47:16,023663;9,524807E-1;1,289658E-1;1,594346E-1;9,498834E-1;;
02/12/2021  12:47:16,023763;9,523019E-1;1,248242E-1;1,278414E-1;9,499287E-1;;
02/12/2021  12:47:16,023863;9,519681E-1;1,276914E-1;1,388990E-1;9,499734E-1;;
02/12/2021  12:47:16,023963;9,508445E-1;1,280100E-1;1,335282E-1;9,500176E-1;;
02/12/2021  12:47:16,024063;9,511544E-1;1,229127E-1;1,793383E-1;9,500614E-1;;
02/12/2021  12:47:16,024163;9,513303E-1;6,015248E-2;7,792413E-2;9,501048E-1;;
02/12/2021  12:47:16,024263;9,508832E-1;1,248242E-1;1,265777E-1;9,501479E-1;;
02/12/2021  12:47:16,024363;9,507193E-1;1,225942E-1;1,357397E-1;9,501904E-1;;
02/12/2021  12:47:16,024463;9,493275E-1;1,267357E-1;1,313166E-1;9,502324E-1;;
02/12/2021  12:47:16,024563;9,492053E-1;1,315144E-1;1,341600E-1;9,502734E-1;;
02/12/2021  12:47:16,024663;9,494110E-1;1,754784E-1;1,790224E-1;9,503132E-1;;
02/12/2021  12:47:16,024763;9,498401E-1;1,235499E-1;1,328963E-1;9,503514E-1;;
02/12/2021  12:47:16,024863;9,493782E-1;1,139925E-1;1,107811E-1;9,503876E-1;;
02/12/2021  12:47:16,024963;9,482814E-1;9,487770E-2;1,354238E-1;9,504217E-1;;
02/12/2021  12:47:16,025063;9,477241E-1;1,331073E-1;1,351078E-1;9,504532E-1;;
02/12/2021  12:47:16,025163;9,481861E-1;9,041758E-2;1,218387E-1;9,504817E-1;;
02/12/2021  12:47:16,025263;9,476496E-1;1,178155E-1;1,152041E-1;9,505068E-1;;
02/12/2021  12:47:16,025363;9,468122E-1;1,270543E-1;1,186794E-1;9,505281E-1;;
02/12/2021  12:47:16,025463;9,459508E-1;1,241871E-1;1,426902E-1;9,505450E-1;;
02/12/2021  12:47:16,025563;9,463025E-1;1,350188E-1;1,385831E-1;9,505570E-1;;
02/12/2021  12:47:16,025663;9,464039E-1;-4,561608E-2;2,074043E-2;9,505636E-1;;
02/12/2021  12:47:16,025763;9,460283E-1;9,201048E-2;1,139404E-1;9,505644E-1;;
02/12/2021  12:47:16,025863;9,448064E-1;1,245056E-1;1,338441E-1;9,505591E-1;;
02/12/2021  12:47:16,025963;9,433788E-1;1,490363E-1;1,363715E-1;9,505471E-1;;
02/12/2021  12:47:16,026063;9,429229E-1;1,327887E-1;1,351078E-1;9,505278E-1;;
02/12/2021  12:47:16,026163;9,428811E-1;1,350188E-1;1,341600E-1;9,505006E-1;;
02/12/2021  12:47:16,026263;9,430331E-1;1,308772E-1;1,325804E-1;9,504648E-1;;
02/12/2021  12:47:16,026363;9,419662E-1;1,397975E-1;1,439539E-1;9,504200E-1;;
02/12/2021  12:47:16,026463;9,405297E-1;1,273729E-1;1,294210E-1;9,503656E-1;;
02/12/2021  12:47:16,026563;9,412241E-1;8,532030E-2;9,056141E-2;9,503011E-1;;
02/12/2021  12:47:16,026663;9,410840E-1;1,321516E-1;1,237343E-1;9,502260E-1;;
02/12/2021  12:47:16,026763;9,403032E-1;1,490363E-1;1,363715E-1;9,501400E-1;;
02/12/2021  12:47:16,026863;9,390872E-1;1,130368E-1;1,689125E-1;9,500427E-1;;
02/12/2021  12:47:16,026963;9,389531E-1;1,286472E-1;1,319485E-1;9,499337E-1;;
02/12/2021  12:47:16,027063;9,387594E-1;1,251428E-1;1,231024E-1;9,498128E-1;;
02/12/2021  12:47:16,027163;9,390634E-1;1,267357E-1;1,420583E-1;9,496797E-1;;
02/12/2021  12:47:16,027263;9,385925E-1;1,311958E-1;1,310007E-1;9,495342E-1;;
02/12/2021  12:47:16,027363;9,375643E-1;1,114439E-1;1,297370E-1;9,493764E-1;;
02/12/2021  12:47:16,027463;9,370606E-1;1,260985E-1;1,259458E-1;9,492063E-1;;
02/12/2021  12:47:16,027563;9,375285E-1;6,811698E-2;6,970989E-2;9,490237E-1;;
02/12/2021  12:47:16,027663;9,375524E-1;1,292843E-1;1,316326E-1;9,488289E-1;;
02/12/2021  12:47:16,027763;9,366136E-1;1,289658E-1;1,227865E-1;9,486219E-1;;
02/12/2021  12:47:16,027863;9,353678E-1;1,184526E-1;1,227865E-1;9,484031E-1;;
02/12/2021  12:47:16,027963;9,343932E-1;1,397975E-1;1,793383E-1;9,481724E-1;;
02/12/2021  12:47:16,028063;9,344260E-1;1,442576E-1;1,619620E-1;9,479300E-1;;
02/12/2021  12:47:16,028163;9,342710E-1;1,324701E-1;1,253139E-1;9,476759E-1;;
02/12/2021  12:47:16,028263;9,333323E-1;1,216384E-1;1,306848E-1;9,474101E-1;;
02/12/2021  12:47:16,028363;9,322921E-1;1,292843E-1;1,294210E-1;9,471328E-1;;
02/12/2021  12:47:16,028463;9,322355E-1;1,388417E-1;1,363715E-1;9,468440E-1;;
02/12/2021  12:47:16,028563;9,323935E-1;1,331073E-1;1,404787E-1;9,465439E-1;;
02/12/2021  12:47:16,028663;9,328524E-1;1,245056E-1;1,303688E-1;9,462327E-1;;
02/12/2021  12:47:16,028763;9,318659E-1;1,302401E-1;1,297370E-1;9,459107E-1;;
02/12/2021  12:47:16,028863;9,306112E-1;1,525407E-1;1,401627E-1;9,455784E-1;;
02/12/2021  12:47:16,028963;9,307156E-1;1,143111E-1;1,088855E-1;9,452362E-1;;
02/12/2021  12:47:16,029063;9,307901E-1;1,257800E-1;1,509044E-1;9,448842E-1;;
02/12/2021  12:47:16,029163;9,304086E-1;1,404346E-1;1,303688E-1;9,445230E-1;;
02/12/2021  12:47:16,029263;9,298542E-1;1,347002E-1;1,363715E-1;9,441529E-1;;
02/12/2021  12:47:16,029363;9,288678E-1;1,210013E-1;1,297370E-1;9,437745E-1;;
02/12/2021  12:47:16,029463;9,282270E-1;1,407532E-1;1,319485E-1;9,433882E-1;;
02/12/2021  12:47:16,029563;9,285697E-1;9,360338E-2;1,363715E-1;9,429942E-1;;
02/12/2021  12:47:16,029663;9,279737E-1;1,206827E-1;1,262617E-1;9,425930E-1;;
02/12/2021  12:47:16,029763;9,269753E-1;1,206827E-1;1,224705E-1;9,421850E-1;;
02/12/2021  12:47:16,029863;9,251007E-1;1,268406E-2;7,128955E-2;9,417704E-1;;
02/12/2021  12:47:16,029963;9,249725E-1;1,168597E-1;1,205749E-1;9,413494E-1;;
02/12/2021  12:47:16,030063;9,248414E-1;1,296029E-1;1,502726E-1;9,409222E-1;;
02/12/2021  12:47:16,030163;9,242036E-1;1,063466E-1;1,189953E-1;9,404888E-1;;
02/12/2021  12:47:16,030263;9,231128E-1;1,197269E-1;1,224705E-1;9,400494E-1;;
02/12/2021  12:47:16,030363;9,227880E-1;1,111253E-1;1,208909E-1;9,396040E-1;;
02/12/2021  12:47:16,030463;9,223379E-1;7,894870E-2;8,961361E-2;9,391528E-1;;
02/12/2021  12:47:16,030563;9,235837E-1;1,057094E-1;1,107811E-1;9,386960E-1;;
02/12/2021  12:47:16,030663;9,226151E-1;1,060280E-1;9,972343E-2;9,382337E-1;;
02/12/2021  12:47:16,030763;9,216614E-1;1,079395E-1;1,231024E-1;9,377666E-1;;
02/12/2021  12:47:16,030863;9,208657E-1;1,101695E-1;1,139404E-1;9,372948E-1;;
02/12/2021  12:47:16,030963;9,218730E-1;9,169190E-2;8,108345E-2;9,368188E-1;;
02/12/2021  12:47:16,031063;9,219237E-1;8,914326E-2;1,044624E-1;9,363389E-1;;
02/12/2021  12:47:16,031163;9,220578E-1;5,983390E-2;7,381701E-2;9,358557E-1;;
02/12/2021  12:47:16,031263;9,212978E-1;9,997498E-2;1,123607E-1;9,353699E-1;;
02/12/2021  12:47:16,031363;9,201713E-1;9,073616E-2;9,372073E-2;9,348820E-1;;
02/12/2021  12:47:16,031463;9,211458E-1;1,044351E-1;1,180475E-1;9,343927E-1;;
02/12/2021  12:47:16,031563;9,220906E-1;1,273729E-1;1,546956E-1;9,339026E-1;;
02/12/2021  12:47:16,031663;9,212293E-1;1,178155E-1;1,322644E-1;9,334123E-1;;
02/12/2021  12:47:16,031763;9,203918E-1;8,691320E-2;1,063580E-1;9,329228E-1;;
02/12/2021  12:47:16,031863;9,199507E-1;2,000091E-1;1,809180E-1;9,324346E-1;;
02/12/2021  12:47:16,031963;9,204603E-1;1,299215E-1;1,332122E-1;9,319485E-1;;
02/12/2021  12:47:16,032063;9,202666E-1;1,522221E-1;1,392149E-1;9,314648E-1;;
02/12/2021  12:47:16,032163;9,200014E-1;1,452133E-1;1,366875E-1;9,309844E-1;;
02/12/2021  12:47:16,032263;9,198583E-1;1,305587E-1;1,117289E-1;9,305077E-1;;
02/12/2021  12:47:16,032363;9,197779E-1;1,799386E-1;1,581709E-1;9,300354E-1;;
02/12/2021  12:47:16,032463;9,203799E-1;1,952304E-1;1,963986E-1;9,295680E-1;;
02/12/2021  12:47:16,032563;9,209730E-1;1,713369E-1;1,610142E-1;9,291061E-1;;
02/12/2021  12:47:16,032663;9,206183E-1;1,585937E-1;1,651214E-1;9,286506E-1;;
02/12/2021  12:47:16,032763;9,206481E-1;1,289658E-1;1,212068E-1;9,282021E-1;;
02/12/2021  12:47:16,032863;9,208686E-1;4,008194E-2;8,297904E-2;9,277613E-1;;
02/12/2021  12:47:16,032963;9,213216E-1;5,409946E-2;6,876210E-2;9,273289E-1;;
02/12/2021  12:47:16,033063;9,213783E-1;1,445762E-1;1,382671E-1;9,269056E-1;;
02/12/2021  12:47:16,033163;9,219684E-1;1,181340E-1;1,366875E-1;9,264922E-1;;
02/12/2021  12:47:16,033263;9,214409E-1;1,305587E-1;1,354238E-1;9,260893E-1;;
02/12/2021  12:47:16,033363;9,220697E-1;1,190898E-1;1,218387E-1;9,256977E-1;;
02/12/2021  12:47:16,033463;9,231337E-1;1,002936E-1;1,490088E-1;9,253179E-1;;
02/12/2021  12:47:16,033563;9,234615E-1;1,117624E-1;1,148882E-1;9,249508E-1;;
02/12/2021  12:47:16,033663;9,232708E-1;1,216384E-1;1,047783E-1;9,245970E-1;;
02/12/2021  12:47:16,033763;9,224124E-1;1,225942E-1;1,546956E-1;9,242573E-1;;
02/12/2021  12:47:16,033863;9,229131E-1;1,117624E-1;1,158360E-1;9,239322E-1;;
02/12/2021  12:47:16,033963;9,233661E-1;8,850610E-2;8,297904E-2;9,236221E-1;;
02/12/2021  12:47:16,034063;9,234824E-1;1,088952E-1;1,199431E-1;9,233273E-1;;
02/12/2021  12:47:16,034163;9,237566E-1;1,139925E-1;1,120448E-1;9,230482E-1;;
02/12/2021  12:47:16,034263;9,231247E-1;4,008194E-2;9,214107E-2;9,227851E-1;;
02/12/2021  12:47:16,034363;9,237685E-1;1,318330E-1;1,291051E-1;9,225382E-1;;
02/12/2021  12:47:16,034463;9,251007E-1;1,222756E-1;1,170997E-1;9,223076E-1;;
02/12/2021  12:47:16,034563;9,250947E-1;1,296029E-1;1,395309E-1;9,220937E-1;;
02/12/2021  12:47:16,034663;9,252735E-1;1,404346E-1;1,278414E-1;9,218966E-1;;
02/12/2021  12:47:16,034763;9,246059E-1;1,289658E-1;1,208909E-1;9,217165E-1;;
02/12/2021  12:47:16,034863;9,249218E-1;1,159040E-1;1,370034E-1;9,215535E-1;;
02/12/2021  12:47:16,034963;9,269485E-1;-2,554554E-2;8,266311E-2;9,214077E-1;;
02/12/2021  12:47:16,035063;9,265938E-1;1,439390E-1;1,414265E-1;9,212790E-1;;
02/12/2021  12:47:16,035163;9,263762E-1;1,483991E-1;1,366875E-1;9,211677E-1;;
02/12/2021  12:47:16,035263;9,270826E-1;1,178155E-1;1,180475E-1;9,210737E-1;;
02/12/2021  12:47:16,035363;9,280988E-1;1,362931E-1;9,940750E-2;9,209970E-1;;
02/12/2021  12:47:16,035463;9,294519E-1;1,302401E-1;1,313166E-1;9,209377E-1;;
02/12/2021  12:47:16,035563;9,297380E-1;1,315144E-1;1,310007E-1;9,208961E-1;;
02/12/2021  12:47:16,035663;9,292224E-1;1,165411E-1;1,325804E-1;9,208722E-1;;
02/12/2021  12:47:16,035763;9,295860E-1;1,082581E-1;1,076217E-1;9,208662E-1;;
02/12/2021  12:47:16,035863;9,303609E-1;1,308772E-1;1,218387E-1;9,208780E-1;;
02/12/2021  12:47:16,035963;9,313533E-1;1,286472E-1;1,480610E-1;9,209076E-1;;
02/12/2021  12:47:16,036063;9,317616E-1;1,347002E-1;1,341600E-1;9,209550E-1;;
02/12/2021  12:47:16,036163;9,316454E-1;1,327887E-1;1,395309E-1;9,210202E-1;;
02/12/2021  12:47:16,036263;9,319494E-1;1,232313E-1;1,281573E-1;9,211031E-1;;
02/12/2021  12:47:16,036363;9,336273E-1;8,914326E-2;1,009872E-1;9,212034E-1;;
02/12/2021  12:47:16,036463;9,348969E-1;1,200455E-1;1,303688E-1;9,213213E-1;;
02/12/2021  12:47:16,036563;9,346943E-1;1,241871E-1;1,107811E-1;9,214566E-1;;
02/12/2021  12:47:16,036663;9,347032E-1;1,108067E-1;1,139404E-1;9,216095E-1;;
02/12/2021  12:47:16,036763;9,354930E-1;7,448858E-2;1,114129E-1;9,217798E-1;;
02/12/2021  12:47:16,036863;9,364049E-1;1,538150E-1;1,821817E-1;9,219673E-1;;
02/12/2021  12:47:16,036963;9,371053E-1;1,439390E-1;1,373193E-1;9,221719E-1;;
02/12/2021  12:47:16,037063;9,375971E-1;1,219570E-1;1,291051E-1;9,223935E-1;;
02/12/2021  12:47:16,037163;9,375464E-1;1,401161E-1;1,325804E-1;9,226319E-1;;
02/12/2021  12:47:16,037263;9,384286E-1;1,455319E-1;1,388990E-1;9,228869E-1;;
02/12/2021  12:47:16,037363;9,399962E-1;1,149482E-1;1,319485E-1;9,231582E-1;;
02/12/2021  12:47:16,037463;9,413046E-1;1,280100E-1;1,284732E-1;9,234457E-1;;
02/12/2021  12:47:16,037563;9,413105E-1;1,187712E-1;1,240502E-1;9,237493E-1;;
02/12/2021  12:47:16,037663;9,414566E-1;1,280100E-1;1,310007E-1;9,240690E-1;;
02/12/2021  12:47:16,037763;9,420943E-1;1,155854E-1;1,073058E-1;9,244046E-1;;
02/12/2021  12:47:16,037863;9,436173E-1;1,152668E-1;1,193112E-1;9,247558E-1;;
02/12/2021  12:47:16,037963;9,449822E-1;1,225942E-1;1,212068E-1;9,251226E-1;;
02/12/2021  12:47:16,038063;9,450717E-1;8,914326E-2;1,202590E-1;9,255047E-1;;
02/12/2021  12:47:16,038163;9,449673E-1;-3,446578E-2;4,506720E-2;9,259021E-1;;
02/12/2021  12:47:16,038263;9,466363E-1;1,149482E-1;1,189953E-1;9,263147E-1;;
02/12/2021  12:47:16,038363;9,477509E-1;1,031608E-1;1,325804E-1;9,267421E-1;;
02/12/2021  12:47:16,038463;9,485139E-1;1,260985E-1;1,158360E-1;9,271842E-1;;
02/12/2021  12:47:16,038563;9,484245E-1;1,436204E-1;1,388990E-1;9,276410E-1;;
02/12/2021  12:47:16,038663;9,485318E-1;1,190898E-1;1,180475E-1;9,281122E-1;;
02/12/2021  12:47:16,038763;9,487046E-1;1,127182E-1;1,243661E-1;9,285974E-1;;
02/12/2021  12:47:16,038863;9,505256E-1;1,350188E-1;1,641736E-1;9,290961E-1;;
02/12/2021  12:47:16,038963;9,504869E-1;1,286472E-1;1,291051E-1;9,296079E-1;;
02/12/2021  12:47:16,039063;9,506836E-1;1,366117E-1;1,322644E-1;9,301323E-1;;
02/12/2021  12:47:16,039163;9,505494E-1;1,165411E-1;1,256299E-1;9,306688E-1;;
02/12/2021  12:47:16,039263;9,518399E-1;1,229127E-1;1,287892E-1;9,312167E-1;;
02/12/2021  12:47:16,039363;9,530410E-1;1,251428E-1;1,066739E-1;9,317753E-1;;
02/12/2021  12:47:16,039463;9,532377E-1;1,120810E-1;1,009872E-1;9,323441E-1;;
02/12/2021  12:47:16,039563;9,533390E-1;1,254614E-1;1,249980E-1;9,329226E-1;;
02/12/2021  12:47:16,039663;9,528145E-1;1,034794E-1;1,237343E-1;9,335100E-1;;
02/12/2021  12:47:16,039763;9,536847E-1;1,251428E-1;1,243661E-1;9,341058E-1;;
02/12/2021  12:47:16,039863;9,540424E-1;1,292843E-1;1,310007E-1;9,347089E-1;;
02/12/2021  12:47:16,039963;9,545490E-1;1,248242E-1;1,170997E-1;9,353186E-1;;
02/12/2021  12:47:16,040063;9,544358E-1;1,554079E-1;1,543797E-1;9,359341E-1;;
02/12/2021  12:47:16,040163;9,542689E-1;1,028422E-1;1,069899E-1;9,365544E-1;;
02/12/2021  12:47:16,040263;9,551868E-1;1,248242E-1;1,392149E-1;9,371788E-1;;
02/12/2021  12:47:16,040363;9,562508E-1;1,257800E-1;1,417424E-1;9,378062E-1;;
02/12/2021  12:47:16,040463;9,560034E-1;1,152668E-1;1,212068E-1;9,384358E-1;;
02/12/2021  12:47:16,040563;9,561524E-1;1,076209E-1;8,677022E-2;9,390670E-1;;
02/12/2021  12:47:16,040663;9,564057E-1;1,525407E-1;1,638576E-1;9,396989E-1;;
02/12/2021  12:47:16,040763;9,571955E-1;1,340630E-1;1,332122E-1;9,403306E-1;;
02/12/2021  12:47:16,040863;9,578065E-1;1,123996E-1;1,240502E-1;9,409615E-1;;
02/12/2021  12:47:16,040963;9,574161E-1;1,216384E-1;1,221546E-1;9,415908E-1;;
02/12/2021  12:47:16,041063;9,578542E-1;1,178155E-1;1,114129E-1;9,422179E-1;;
02/12/2021  12:47:16,041163;9,580628E-1;1,391603E-1;1,294210E-1;9,428420E-1;;
02/12/2021  12:47:16,041263;9,592668E-1;1,149482E-1;1,284732E-1;9,434626E-1;;
02/12/2021  12:47:16,041363;9,595351E-1;1,299215E-1;1,240502E-1;9,440790E-1;;
02/12/2021  12:47:16,041463;9,593324E-1;1,296029E-1;1,426902E-1;9,446907E-1;;
02/12/2021  12:47:16,041563;9,589479E-1;1,238685E-1;1,347919E-1;9,452973E-1;;
02/12/2021  12:47:16,041663;9,583489E-1;1,324701E-1;1,360556E-1;9,458982E-1;;
02/12/2021  12:47:16,041763;9,587155E-1;7,480716E-2;6,781430E-2;9,464926E-1;;
02/12/2021  12:47:16,041863;9,589956E-1;9,806350E-2;1,047783E-1;9,470798E-1;;
02/12/2021  12:47:16,041963;9,585754E-1;1,241871E-1;1,414265E-1;9,476591E-1;;
02/12/2021  12:47:16,042063;9,581134E-1;1,404346E-1;1,310007E-1;9,482297E-1;;
02/12/2021  12:47:16,042163;9,588704E-1;1,276914E-1;1,180475E-1;9,487909E-1;;
02/12/2021  12:47:16,042263;9,591148E-1;1,210013E-1;1,152041E-1;9,493421E-1;;
02/12/2021  12:47:16,042363;9,590403E-1;1,276914E-1;1,272095E-1;9,498825E-1;;
02/12/2021  12:47:16,042463;9,581790E-1;1,006121E-1;1,038306E-1;9,504116E-1;;
02/12/2021  12:47:16,042563;9,578840E-1;1,210013E-1;1,303688E-1;9,509289E-1;;
02/12/2021  12:47:16,042663;9,580866E-1;1,063466E-1;1,142563E-1;9,514335E-1;;
02/12/2021  12:47:16,042763;9,587661E-1;3,880762E-2;9,087734E-2;9,519249E-1;;
02/12/2021  12:47:16,042863;9,584770E-1;1,213198E-1;1,221546E-1;9,524026E-1;;
02/12/2021  12:47:16,042963;9,584621E-1;4,517922E-2;7,508074E-2;9,528661E-1;;
02/12/2021  12:47:16,043063;9,581343E-1;1,159040E-1;1,079377E-1;9,533149E-1;;
02/12/2021  12:47:16,043163;9,579138E-1;1,025236E-1;1,170997E-1;9,537488E-1;;
02/12/2021  12:47:16,043263;9,586886E-1;7,608148E-2;6,212753E-2;9,541673E-1;;
02/12/2021  12:47:16,043363;9,579257E-1;1,200455E-1;1,275255E-1;9,545702E-1;;
02/12/2021  12:47:16,043463;9,575234E-1;1,044351E-1;1,117289E-1;9,549571E-1;;
02/12/2021  12:47:16,043563;9,560272E-1;1,044351E-1;9,972343E-2;9,553279E-1;;
02/12/2021  12:47:16,043663;9,555057E-1;1,034794E-1;1,306848E-1;9,556819E-1;;
02/12/2021  12:47:16,043763;9,567008E-1;7,544432E-2;1,344760E-1;9,560187E-1;;
02/12/2021  12:47:16,043863;9,558901E-1;1,025236E-1;1,158360E-1;9,563379E-1;;
02/12/2021  12:47:16,043963;9,553060E-1;8,850610E-2;1,073058E-1;9,566392E-1;;
02/12/2021  12:47:16,044063;9,537682E-1;7,926728E-2;1,000394E-1;9,569222E-1;;
02/12/2021  12:47:16,044163;9,543642E-1;4,963934E-2;6,244346E-2;9,571864E-1;;
02/12/2021  12:47:16,044263;9,536519E-1;9,838208E-2;1,028828E-1;9,574316E-1;;
02/12/2021  12:47:16,044363;9,532526E-1;7,544432E-2;7,981972E-2;9,576572E-1;;
02/12/2021  12:47:16,044463;9,526684E-1;8,786894E-2;1,110970E-1;9,578631E-1;;
02/12/2021  12:47:16,044563;9,521707E-1;9,647060E-2;1,212068E-1;9,580488E-1;;
02/12/2021  12:47:16,044663;9,520903E-1;1,104881E-1;1,284732E-1;9,582141E-1;;
02/12/2021  12:47:16,044763;9,522005E-1;1,174969E-1;1,670170E-1;9,583588E-1;;
02/12/2021  12:47:16,044863;9,508654E-1;1,241871E-1;1,335282E-1;9,584828E-1;;
02/12/2021  12:47:16,044963;9,503140E-1;1,627352E-1;1,660692E-1;9,585860E-1;;
02/12/2021  12:47:16,045063;9,506329E-1;1,436204E-1;1,483770E-1;9,586683E-1;;
02/12/2021  12:47:16,045163;9,511038E-1;1,503106E-1;1,370034E-1;9,587296E-1;;
02/12/2021  12:47:16,045263;9,506240E-1;1,585937E-1;1,449017E-1;9,587702E-1;;
02/12/2021  12:47:16,045363;9,504273E-1;1,684697E-1;1,445858E-1;9,587903E-1;;
02/12/2021  12:47:16,045463;9,497597E-1;1,742041E-1;1,711241E-1;9,587903E-1;;
02/12/2021  12:47:16,045563;9,489639E-1;1,777085E-1;1,727037E-1;9,587705E-1;;
02/12/2021  12:47:16,045663;9,491904E-1;1,649653E-1;1,414265E-1;9,587312E-1;;
02/12/2021  12:47:16,045763;9,484275E-1;1,238685E-1;1,306848E-1;9,586727E-1;;
02/12/2021  12:47:16,045863;9,485020E-1;1,372488E-1;1,401627E-1;9,585955E-1;;
02/12/2021  12:47:16,045963;9,467436E-1;1,448948E-1;1,382671E-1;9,584999E-1;;
02/12/2021  12:47:16,046063;9,467466E-1;1,213198E-1;1,145722E-1;9,583863E-1;;
02/12/2021  12:47:16,046163;9,469552E-1;1,248242E-1;1,360556E-1;9,582549E-1;;
02/12/2021  12:47:16,046263;9,473367E-1;1,225942E-1;1,287892E-1;9,581062E-1;;
02/12/2021  12:47:16,046363;9,465976E-1;1,455319E-1;1,616461E-1;9,579407E-1;;
02/12/2021  12:47:16,046463;9,456826E-1;1,280100E-1;1,335282E-1;9,577590E-1;;
02/12/2021  12:47:16,046563;9,453995E-1;1,213198E-1;1,253139E-1;9,575617E-1;;
02/12/2021  12:47:16,046663;9,454949E-1;1,210013E-1;1,218387E-1;9,573493E-1;;
02/12/2021  12:47:16,046763;9,460730E-1;1,292843E-1;1,316326E-1;9,571223E-1;;
02/12/2021  12:47:16,046863;9,464009E-1;1,318330E-1;1,461654E-1;9,568815E-1;;
02/12/2021  12:47:16,046963;9,456707E-1;1,321516E-1;1,205749E-1;9,566277E-1;;
02/12/2021  12:47:16,047063;9,457541E-1;1,340630E-1;1,287892E-1;9,563620E-1;;
02/12/2021  12:47:16,047163;9,459806E-1;1,369303E-1;1,638576E-1;9,560851E-1;;
02/12/2021  12:47:16,047263;9,457333E-1;1,391603E-1;1,385831E-1;9,557980E-1;;
02/12/2021  12:47:16,047363;9,449524E-1;8,404598E-2;7,350108E-2;9,555017E-1;;
02/12/2021  12:47:16,047463;9,435994E-1;1,531778E-1;1,910278E-1;9,551970E-1;;
02/12/2021  12:47:16,047563;9,438676E-1;1,257800E-1;1,237343E-1;9,548847E-1;;
02/12/2021  12:47:16,047663;9,448422E-1;1,302401E-1;1,256299E-1;9,545653E-1;;
02/12/2021  12:47:16,047763;9,442729E-1;1,318330E-1;1,275255E-1;9,542397E-1;;
02/12/2021  12:47:16,047863;9,430361E-1;1,066652E-1;1,057261E-1;9,539085E-1;;
02/12/2021  12:47:16,047963;9,416890E-1;1,229127E-1;1,164678E-1;9,535726E-1;;
02/12/2021  12:47:16,048063;9,411347E-1;1,143111E-1;1,186794E-1;9,532323E-1;;
02/12/2021  12:47:16,048163;9,411764E-1;1,308772E-1;1,202590E-1;9,528879E-1;;
02/12/2021  12:47:16,048263;9,407651E-1;1,210013E-1;1,237343E-1;9,525396E-1;;
02/12/2021  12:47:16,048363;9,401869E-1;1,260985E-1;1,322644E-1;9,521878E-1;;
02/12/2021  12:47:16,048463;9,387475E-1;1,229127E-1;1,202590E-1;9,518327E-1;;
02/12/2021  12:47:16,048563;9,387832E-1;1,222756E-1;1,268936E-1;9,514743E-1;;
02/12/2021  12:47:16,048663;9,389918E-1;1,276914E-1;1,183634E-1;9,511129E-1;;
02/12/2021  12:47:16,048763;9,383600E-1;1,165411E-1;1,249980E-1;9,507484E-1;;
02/12/2021  12:47:16,048863;9,371977E-1;1,308772E-1;1,354238E-1;9,503811E-1;;
02/12/2021  12:47:16,048963;9,365689E-1;1,385232E-1;1,354238E-1;9,500111E-1;;
02/12/2021  12:47:16,049063;9,379964E-1;1,429833E-1;1,363715E-1;9,496384E-1;;
02/12/2021  12:47:16,049163;9,378832E-1;1,512664E-1;1,682807E-1;9,492631E-1;;
02/12/2021  12:47:16,049263;9,384107E-1;1,225942E-1;1,259458E-1;9,488857E-1;;
02/12/2021  12:47:16,049363;9,375941E-1;1,534964E-1;1,929234E-1;9,485066E-1;;
02/12/2021  12:47:16,049463;9,367328E-1;1,362931E-1;1,347919E-1;9,481263E-1;;
02/12/2021  12:47:16,049563;9,369712E-1;1,267357E-1;1,259458E-1;9,477452E-1;;
02/12/2021  12:47:16,049663;9,377401E-1;1,267357E-1;1,351078E-1;9,473637E-1;;
02/12/2021  12:47:16,049763;9,376328E-1;1,417090E-1;1,363715E-1;9,469823E-1;;
02/12/2021  12:47:16,049863;9,372364E-1;1,464877E-1;1,430061E-1;9,466015E-1;;
02/12/2021  12:47:16,049963;9,367864E-1;1,251428E-1;1,297370E-1;9,462219E-1;;
02/12/2021  12:47:16,050063;9,368907E-1;1,455319E-1;1,610142E-1;9,458441E-1;;
02/12/2021  12:47:16,050163;9,381544E-1;1,225942E-1;1,253139E-1;9,454684E-1;;
02/12/2021  12:47:16,050263;9,374182E-1;1,251428E-1;1,256299E-1;9,450956E-1;;
02/12/2021  12:47:16,050363;9,368907E-1;1,136739E-1;1,082536E-1;9,447262E-1;;
02/12/2021  12:47:16,050463;9,356032E-1;1,410718E-1;1,376353E-1;9,443607E-1;;
02/12/2021  12:47:16,050563;9,370159E-1;1,305587E-1;1,268936E-1;9,439996E-1;;
02/12/2021  12:47:16,050663;9,374957E-1;1,200455E-1;1,313166E-1;9,436432E-1;;
02/12/2021  12:47:16,050763;9,375851E-1;1,350188E-1;1,433221E-1;9,432920E-1;;
02/12/2021  12:47:16,050863;9,367507E-1;1,324701E-1;1,284732E-1;9,429467E-1;;
02/12/2021  12:47:16,050963;9,369563E-1;1,299215E-1;1,464814E-1;9,426076E-1;;
02/12/2021  12:47:16,051063;9,376149E-1;1,353374E-1;1,442698E-1;9,422752E-1;;
02/12/2021  12:47:16,051163;9,377193E-1;1,477620E-1;1,449017E-1;9,419501E-1;;
02/12/2021  12:47:16,051263;9,379756E-1;1,442576E-1;1,388990E-1;9,416326E-1;;
02/12/2021  12:47:16,051363;9,370696E-1;8,532030E-2;9,245700E-2;9,413233E-1;;
02/12/2021  12:47:16,051463;9,367060E-1;1,385232E-1;1,344760E-1;9,410227E-1;;
02/12/2021  12:47:16,051563;9,372931E-1;1,037979E-1;9,150920E-2;9,407308E-1;;
02/12/2021  12:47:16,051663;9,377580E-1;1,359745E-1;1,379512E-1;9,404481E-1;;
02/12/2021  12:47:16,051763;9,378564E-1;1,194084E-1;1,212068E-1;9,401748E-1;;
02/12/2021  12:47:16,051863;9,375434E-1;5,664810E-2;7,413294E-2;9,399111E-1;;
02/12/2021  12:47:16,051963;9,380501E-1;1,139925E-1;1,208909E-1;9,396574E-1;;
02/12/2021  12:47:16,052063;9,388667E-1;1,210013E-1;1,025668E-1;9,394140E-1;;
02/12/2021  12:47:16,052163;9,394657E-1;1,245056E-1;1,256299E-1;9,391812E-1;;
02/12/2021  12:47:16,052263;9,390902E-1;1,241871E-1;1,101492E-1;9,389594E-1;;
02/12/2021  12:47:16,052363;9,382110E-1;1,120810E-1;1,092014E-1;9,387489E-1;;
02/12/2021  12:47:16,052463;9,387206E-1;1,117624E-1;9,593225E-2;9,385500E-1;;
02/12/2021  12:47:16,052563;9,396773E-1;1,340630E-1;1,246821E-1;9,383627E-1;;
02/12/2021  12:47:16,052663;9,402674E-1;1,210013E-1;1,183634E-1;9,381874E-1;;
02/12/2021  12:47:16,052763;9,401363E-1;1,174969E-1;1,212068E-1;9,380241E-1;;
02/12/2021  12:47:16,052863;9,392213E-1;1,439390E-1;1,373193E-1;9,378732E-1;;
02/12/2021  12:47:16,052963;9,392452E-1;1,372488E-1;1,534319E-1;9,377348E-1;;
02/12/2021  12:47:16,053063;9,405714E-1;1,356559E-1;1,351078E-1;9,376087E-1;;
02/12/2021  12:47:16,053163;9,401005E-1;1,085766E-1;1,170997E-1;9,374949E-1;;
02/12/2021  12:47:16,053263;9,400916E-1;1,267357E-1;1,291051E-1;9,373935E-1;;
02/12/2021  12:47:16,053363;9,391856E-1;1,410718E-1;1,341600E-1;9,373044E-1;;
02/12/2021  12:47:16,053463;9,393823E-1;1,232313E-1;1,196272E-1;9,372273E-1;;
02/12/2021  12:47:16,053563;9,393554E-1;1,461691E-1;1,749153E-1;9,371618E-1;;
02/12/2021  12:47:16,053663;9,393376E-1;1,133553E-1;1,019350E-1;9,371076E-1;;
02/12/2021  12:47:16,053763;9,379398E-1;1,706997E-1;1,540637E-1;9,370642E-1;;
02/12/2021  12:47:16,053863;9,371917E-1;1,378860E-1;1,319485E-1;9,370311E-1;;
02/12/2021  12:47:16,053963;9,371321E-1;1,292843E-1;1,249980E-1;9,370073E-1;;
02/12/2021  12:47:16,054063;9,377431E-1;1,251428E-1;1,262617E-1;9,369920E-1;;
02/12/2021  12:47:16,054163;9,380143E-1;1,165411E-1;1,196272E-1;9,369846E-1;;
02/12/2021  12:47:16,054263;9,367954E-1;1,302401E-1;1,303688E-1;9,369841E-1;;
02/12/2021  12:47:16,054363;9,356628E-1;1,203641E-1;1,145722E-1;9,369900E-1;;
02/12/2021  12:47:16,054463;9,348194E-1;1,343816E-1;1,401627E-1;9,370011E-1;;
02/12/2021  12:47:16,054563;9,354363E-1;1,203641E-1;1,319485E-1;9,370165E-1;;
02/12/2021  12:47:16,054663;9,346764E-1;1,337445E-1;1,347919E-1;9,370352E-1;;
02/12/2021  12:47:16,054763;9,337018E-1;1,315144E-1;1,306848E-1;9,370560E-1;;
02/12/2021  12:47:16,054863;9,336631E-1;1,079395E-1;1,240502E-1;9,370779E-1;;
02/12/2021  12:47:16,054963;9,338627E-1;1,197269E-1;1,306848E-1;9,370999E-1;;
02/12/2021  12:47:16,055063;9,339224E-1;1,378860E-1;1,328963E-1;9,371211E-1;;
02/12/2021  12:47:16,055163;9,335796E-1;1,254614E-1;1,275255E-1;9,371405E-1;;
02/12/2021  12:47:16,055263;9,324143E-1;1,359745E-1;1,265777E-1;9,371575E-1;;
02/12/2021  12:47:16,055363;9,314368E-1;1,270543E-1;1,227865E-1;9,371712E-1;;
02/12/2021  12:47:16,055463;9,323637E-1;1,452133E-1;1,401627E-1;9,371807E-1;;
02/12/2021  12:47:16,055563;9,334366E-1;1,340630E-1;1,316326E-1;9,371854E-1;;
02/12/2021  12:47:16,055663;9,339432E-1;1,362931E-1;1,363715E-1;9,371847E-1;;
02/12/2021  12:47:16,055763;9,330014E-1;1,012493E-1;1,022509E-1;9,371783E-1;;
02/12/2021  12:47:16,055863;9,329210E-1;1,190898E-1;1,231024E-1;9,371662E-1;;
02/12/2021  12:47:16,055963;9,336810E-1;1,550893E-1;1,758630E-1;9,371482E-1;;
02/12/2021  12:47:16,056063;9,345214E-1;1,245056E-1;1,196272E-1;9,371241E-1;;
02/12/2021  12:47:16,056163;9,350072E-1;4,486064E-2;7,160549E-2;9,370943E-1;;
02/12/2021  12:47:16,056263;9,333710E-1;8,965980E-4;5,580889E-2;9,370589E-1;;
02/12/2021  12:47:16,056363;9,335886E-1;9,551486E-2;1,306848E-1;9,370183E-1;;
02/12/2021  12:47:16,056463;9,357344E-1;1,114439E-1;1,126766E-1;9,369726E-1;;
02/12/2021  12:47:16,056563;9,357433E-1;9,710776E-2;1,031987E-1;9,369222E-1;;
02/12/2021  12:47:16,056663;9,356390E-1;9,678918E-2;9,498445E-2;9,368676E-1;;
02/12/2021  12:47:16,056763;9,343992E-1;1,085766E-1;1,152041E-1;9,368096E-1;;
02/12/2021  12:47:16,056863;9,349059E-1;1,165411E-1;1,180475E-1;9,367484E-1;;
02/12/2021  12:47:16,056963;9,360175E-1;2,319720E-2;5,991600E-2;9,366846E-1;;
02/12/2021  12:47:16,057063;9,361457E-1;1,002936E-1;1,126766E-1;9,366185E-1;;
02/12/2021  12:47:16,057163;9,360175E-1;9,997498E-2;1,117289E-1;9,365508E-1;;
02/12/2021  12:47:16,057263;9,347002E-1;1,114439E-1;1,161519E-1;9,364820E-1;;
02/12/2021  12:47:16,057363;9,350489E-1;1,018865E-1;1,129926E-1;9,364125E-1;;
02/12/2021  12:47:16,057463;9,354870E-1;1,050723E-1;9,972343E-2;9,363425E-1;;
02/12/2021  12:47:16,057563;9,357135E-1;1,050723E-1;1,126766E-1;9,362725E-1;;
02/12/2021  12:47:16,057663;9,344976E-1;9,009900E-2;1,161519E-1;9,362026E-1;;
02/12/2021  12:47:16,057763;9,336690E-1;1,079395E-1;1,205749E-1;9,361332E-1;;
02/12/2021  12:47:16,057863;9,349208E-1;1,079395E-1;1,218387E-1;9,360642E-1;;
02/12/2021  12:47:16,057963;9,352247E-1;1,299215E-1;1,676488E-1;9,359957E-1;;
02/12/2021  12:47:16,058063;9,364496E-1;1,165411E-1;1,231024E-1;9,359280E-1;;
02/12/2021  12:47:16,058163;9,354393E-1;1,627352E-1;1,392149E-1;9,358613E-1;;
02/12/2021  12:47:16,058263;9,342800E-1;1,417090E-1;1,354238E-1;9,357961E-1;;
02/12/2021  12:47:16,058363;9,347270E-1;1,442576E-1;1,989261E-1;9,357324E-1;;
02/12/2021  12:47:16,058463;9,351443E-1;1,382046E-1;1,373193E-1;9,356703E-1;;
02/12/2021  12:47:16,058563;9,352545E-1;1,598680E-1;1,455336E-1;9,356098E-1;;
02/12/2021  12:47:16,058663;9,348373E-1;1,640096E-1;1,515363E-1;9,355512E-1;;
02/12/2021  12:47:16,058763;9,337644E-1;1,541336E-1;1,537478E-1;9,354943E-1;;
02/12/2021  12:47:16,058863;9,339432E-1;1,614609E-1;1,480610E-1;9,354393E-1;;
02/12/2021  12:47:16,058963;9,339164E-1;1,649653E-1;1,528000E-1;9,353860E-1;;
02/12/2021  12:47:16,059063;9,332428E-1;1,245056E-1;1,382671E-1;9,353340E-1;;
02/12/2021  12:47:16,059163;9,312907E-1;1,251428E-1;1,221546E-1;9,352834E-1;;
02/12/2021  12:47:16,059263;9,300301E-1;1,073023E-1;9,814378E-2;9,352334E-1;;
02/12/2021  12:47:16,059363;9,294161E-1;1,254614E-1;1,237343E-1;9,351834E-1;;
02/12/2021  12:47:16,059463;9,293118E-1;1,248242E-1;1,234183E-1;9,351325E-1;;
02/12/2021  12:47:16,059563;9,282508E-1;1,302401E-1;1,297370E-1;9,350798E-1;;
02/12/2021  12:47:16,059663;9,265103E-1;1,350188E-1;1,281573E-1;9,350244E-1;;
02/12/2021  12:47:16,059763;9,249546E-1;1,127182E-1;1,253139E-1;9,349653E-1;;
02/12/2021  12:47:16,059863;9,255239E-1;1,143111E-1;1,142563E-1;9,349011E-1;;
02/12/2021  12:47:16,059963;9,252258E-1;1,219570E-1;1,268936E-1;9,348309E-1;;
02/12/2021  12:47:16,060063;9,247490E-1;1,127182E-1;1,221546E-1;9,347534E-1;;
02/12/2021  12:47:16,060163;9,235002E-1;1,235499E-1;1,616461E-1;9,346680E-1;;
02/12/2021  12:47:16,060263;9,224601E-1;1,264171E-1;1,322644E-1;9,345736E-1;;
02/12/2021  12:47:16,060363;9,236701E-1;1,656025E-1;2,147227E-1;9,344694E-1;;
02/12/2021  12:47:16,060463;9,241976E-1;1,171783E-1;1,234183E-1;9,343547E-1;;
02/12/2021  12:47:16,060563;9,246924E-1;1,146297E-1;1,256299E-1;9,342291E-1;;
02/12/2021  12:47:16,060663;9,233930E-1;1,181340E-1;1,281573E-1;9,340924E-1;;
02/12/2021  12:47:16,060763;9,235986E-1;1,238685E-1;1,281573E-1;9,339447E-1;;
02/12/2021  12:47:16,060863;9,247401E-1;1,060280E-1;1,063580E-1;9,337860E-1;;
02/12/2021  12:47:16,060963;9,252646E-1;1,184526E-1;1,196272E-1;9,336164E-1;;
02/12/2021  12:47:16,061063;9,250113E-1;1,321516E-1;1,193112E-1;9,334365E-1;;
02/12/2021  12:47:16,061163;9,243019E-1;1,210013E-1;1,189953E-1;9,332468E-1;;
02/12/2021  12:47:16,061263;9,246953E-1;5,186940E-2;1,382671E-1;9,330479E-1;;
02/12/2021  12:47:16,061363;9,249487E-1;1,305587E-1;1,420583E-1;9,328403E-1;;
02/12/2021  12:47:16,061463;9,257265E-1;1,213198E-1;1,253139E-1;9,326247E-1;;
02/12/2021  12:47:16,061563;9,244063E-1;1,206827E-1;1,310007E-1;9,324020E-1;;
02/12/2021  12:47:16,061663;9,230025E-1;8,213450E-2;1,275255E-1;9,321727E-1;;
02/12/2021  12:47:16,061763;9,232588E-1;8,054160E-2;9,561632E-2;9,319375E-1;;
02/12/2021  12:47:16,061863;9,243586E-1;1,114439E-1;1,133085E-1;9,316967E-1;;
02/12/2021  12:47:16,061963;9,248742E-1;1,210013E-1;1,139404E-1;9,314509E-1;;
02/12/2021  12:47:16,062063;9,240009E-1;1,464877E-1;1,796542E-1;9,312010E-1;;
02/12/2021  12:47:16,062163;9,235420E-1;1,267357E-1;1,303688E-1;9,309475E-1;;
02/12/2021  12:47:16,062263;9,244271E-1;1,108067E-1;1,161519E-1;9,306911E-1;;
02/12/2021  12:47:16,062363;9,261408E-1;1,417090E-1;1,742834E-1;9,304326E-1;;
02/12/2021  12:47:16,062463;9,272286E-1;1,343816E-1;1,275255E-1;9,301729E-1;;
02/12/2021  12:47:16,062563;9,269663E-1;6,716124E-2;9,245700E-2;9,299132E-1;;
02/12/2021  12:47:16,062663;9,276727E-1;9,965640E-2;1,139404E-1;9,296546E-1;;
02/12/2021  12:47:16,062763;9,287337E-1;1,136739E-1;1,177316E-1;9,293985E-1;;
02/12/2021  12:47:16,062863;9,304086E-1;1,286472E-1;1,411105E-1;9,291461E-1;;
02/12/2021  12:47:16,062963;9,309182E-1;1,366117E-1;1,360556E-1;9,288990E-1;;
02/12/2021  12:47:16,063063;9,302476E-1;1,085766E-1;1,003553E-1;9,286587E-1;;
02/12/2021  12:47:16,063163;9,301523E-1;1,225942E-1;1,221546E-1;9,284265E-1;;
02/12/2021  12:47:16,063263;9,313414E-1;1,146297E-1;1,319485E-1;9,282037E-1;;
02/12/2021  12:47:16,063363;9,317527E-1;1,327887E-1;1,344760E-1;9,279914E-1;;
02/12/2021  12:47:16,063463;9,328018E-1;1,222756E-1;1,231024E-1;9,277907E-1;;
02/12/2021  12:47:16,063563;9,316663E-1;1,225942E-1;1,183634E-1;9,276028E-1;;
02/12/2021  12:47:16,063663;9,312609E-1;1,270543E-1;1,189953E-1;9,274284E-1;;
02/12/2021  12:47:16,063763;9,324888E-1;1,350188E-1;1,518522E-1;9,272684E-1;;
02/12/2021  12:47:16,063863;9,334783E-1;1,324701E-1;1,310007E-1;9,271232E-1;;
02/12/2021  12:47:16,063963;9,329925E-1;1,181340E-1;1,360556E-1;9,269936E-1;;
02/12/2021  12:47:16,064063;9,327541E-1;1,194084E-1;1,237343E-1;9,268800E-1;;
02/12/2021  12:47:16,064163;9,324531E-1;1,232313E-1;1,240502E-1;9,267828E-1;;
02/12/2021  12:47:16,064263;9,336184E-1;1,123996E-1;1,208909E-1;9,267022E-1;;
02/12/2021  12:47:16,064363;9,343754E-1;1,302401E-1;1,265777E-1;9,266383E-1;;
02/12/2021  12:47:16,064463;9,346376E-1;1,264171E-1;1,351078E-1;9,265912E-1;;
02/12/2021  12:47:16,064563;9,340535E-1;1,257800E-1;1,452176E-1;9,265612E-1;;
02/12/2021  12:47:16,064663;9,339998E-1;1,270543E-1;1,310007E-1;9,265482E-1;;
02/12/2021  12:47:16,064763;9,349535E-1;1,448948E-1;1,550115E-1;9,265522E-1;;
02/12/2021  12:47:16,064863;9,345363E-1;1,088952E-1;1,208909E-1;9,265729E-1;;
02/12/2021  12:47:16,064963;9,345661E-1;1,222756E-1;1,180475E-1;9,266100E-1;;
02/12/2021  12:47:16,065063;9,343098E-1;1,429833E-1;1,493248E-1;9,266633E-1;;
02/12/2021  12:47:16,065163;9,347062E-1;1,382046E-1;1,360556E-1;9,267322E-1;;
02/12/2021  12:47:16,065263;9,358894E-1;1,324701E-1;1,170997E-1;9,268163E-1;;
02/12/2021  12:47:16,065363;9,365331E-1;1,031608E-1;1,189953E-1;9,269152E-1;;
02/12/2021  12:47:16,065463;9,356092E-1;1,334259E-1;1,370034E-1;9,270284E-1;;
02/12/2021  12:47:16,065563;9,355854E-1;1,394789E-1;1,332122E-1;9,271555E-1;;
02/12/2021  12:47:16,065663;9,357165E-1;1,190898E-1;1,193112E-1;9,272960E-1;;
02/12/2021  12:47:16,065763;9,378414E-1;9,678918E-2;7,571260E-2;9,274493E-1;;
02/12/2021  12:47:16,065863;9,379517E-1;1,108067E-1;1,231024E-1;9,276149E-1;;
02/12/2021  12:47:16,065963;9,375643E-1;1,496735E-1;1,445858E-1;9,277925E-1;;
02/12/2021  12:47:16,066063;9,371381E-1;1,216384E-1;1,256299E-1;9,279817E-1;;
02/12/2021  12:47:16,066163;9,370278E-1;1,200455E-1;1,133085E-1;9,281819E-1;;
02/12/2021  12:47:16,066263;9,380531E-1;1,216384E-1;1,148882E-1;9,283924E-1;;
02/12/2021  12:47:16,066363;9,381305E-1;1,369303E-1;1,436380E-1;9,286127E-1;;
02/12/2021  12:47:16,066463;9,373408E-1;1,270543E-1;1,281573E-1;9,288422E-1;;
02/12/2021  12:47:16,066563;9,372037E-1;1,292843E-1;1,262617E-1;9,290801E-1;;
02/12/2021  12:47:16,066663;9,377520E-1;1,302401E-1;1,107811E-1;9,293257E-1;;
02/12/2021  12:47:16,066763;9,392422E-1;1,659210E-1;2,071403E-1;9,295782E-1;;
02/12/2021  12:47:16,066863;9,405237E-1;1,327887E-1;1,297370E-1;9,298370E-1;;
02/12/2021  12:47:16,066963;9,397190E-1;1,459554E-2;6,528685E-2;9,301019E-1;;
02/12/2021  12:47:16,067063;9,390753E-1;1,184526E-1;1,221546E-1;9,303724E-1;;
02/12/2021  12:47:16,067163;9,401482E-1;1,117624E-1;1,133085E-1;9,306480E-1;;
02/12/2021  12:47:16,067263;9,412420E-1;1,461691E-1;1,496407E-1;9,309283E-1;;
02/12/2021  12:47:16,067363;9,426219E-1;1,493549E-1;1,379512E-1;9,312130E-1;;
02/12/2021  12:47:16,067463;9,421361E-1;1,133553E-1;1,196272E-1;9,315019E-1;;
02/12/2021  12:47:16,067563;9,426666E-1;1,251428E-1;1,265777E-1;9,317949E-1;;
02/12/2021  12:47:16,067663;9,434474E-1;1,257800E-1;1,262617E-1;9,320919E-1;;
02/12/2021  12:47:16,067763;9,448690E-1;1,283286E-1;1,341600E-1;9,323928E-1;;
02/12/2021  12:47:16,067863;9,452535E-1;1,382046E-1;1,398468E-1;9,326978E-1;;
02/12/2021  12:47:16,067963;9,441865E-1;1,308772E-1;1,300529E-1;9,330069E-1;;
02/12/2021  12:47:16,068063;9,440286E-1;1,034794E-1;8,550650E-2;9,333200E-1;;
02/12/2021  12:47:16,068163;9,456379E-1;1,305587E-1;1,265777E-1;9,336371E-1;;
02/12/2021  12:47:16,068263;9,460105E-1;1,356559E-1;1,316326E-1;9,339580E-1;;
02/12/2021  12:47:16,068363;9,464873E-1;1,347002E-1;1,351078E-1;9,342826E-1;;
02/12/2021  12:47:16,068463;9,450299E-1;1,229127E-1;1,196272E-1;9,346108E-1;;
02/12/2021  12:47:16,068563;9,448392E-1;1,522221E-1;1,575390E-1;9,349424E-1;;
02/12/2021  12:47:16,068663;9,459896E-1;1,292843E-1;1,278414E-1;9,352769E-1;;
02/12/2021  12:47:16,068763;9,461386E-1;1,378860E-1;1,344760E-1;9,356141E-1;;
02/12/2021  12:47:16,068863;9,460075E-1;1,210013E-1;1,249980E-1;9,359534E-1;;
02/12/2021  12:47:16,068963;9,442819E-1;1,331073E-1;1,411105E-1;9,362944E-1;;
02/12/2021  12:47:16,069063;9,440703E-1;1,133553E-1;1,183634E-1;9,366366E-1;;
02/12/2021  12:47:16,069163;9,446037E-1;1,139925E-1;8,645429E-2;9,369792E-1;;
02/12/2021  12:47:16,069263;9,447379E-1;1,066652E-1;1,196272E-1;9,373212E-1;;
02/12/2021  12:47:16,069363;9,441269E-1;1,143111E-1;1,129926E-1;9,376619E-1;;
02/12/2021  12:47:16,069463;9,425652E-1;1,299215E-1;1,347919E-1;9,380006E-1;;
02/12/2021  12:47:16,069563;9,424132E-1;1,031608E-1;1,126766E-1;9,383362E-1;;
02/12/2021  12:47:16,069663;9,426010E-1;1,136739E-1;1,237343E-1;9,386678E-1;;
02/12/2021  12:47:16,069763;9,431285E-1;1,092138E-1;1,218387E-1;9,389942E-1;;
02/12/2021  12:47:16,069863;9,437097E-1;1,066652E-1;1,161519E-1;9,393146E-1;;
02/12/2021  12:47:16,069963;9,416503E-1;1,015679E-1;9,561632E-2;9,396282E-1;;
02/12/2021  12:47:16,070063;9,424102E-1;1,210013E-1;1,297370E-1;9,399344E-1;;
02/12/2021  12:47:16,070163;9,429437E-1;7,608148E-2;1,003553E-1;9,402322E-1;;
02/12/2021  12:47:16,070263;9,434653E-1;9,296622E-2;1,085695E-1;9,405211E-1;;
02/12/2021  12:47:16,070363;9,433729E-1;1,120810E-1;1,189953E-1;9,408006E-1;;
02/12/2021  12:47:16,070463;9,428215E-1;2,829448E-2;7,539667E-2;9,410704E-1;;
02/12/2021  12:47:16,070563;9,435279E-1;-6,600520E-2;1,126247E-2;9,413301E-1;;
02/12/2021  12:47:16,070663;9,439600E-1;8,277166E-2;1,060421E-1;9,415795E-1;;
02/12/2021  12:47:16,070763;9,442640E-1;1,095324E-1;1,098333E-1;9,418185E-1;;
02/12/2021  12:47:16,070863;9,433759E-1;1,751599E-1;2,058766E-1;9,420470E-1;;
02/12/2021  12:47:16,070963;9,415996E-1;9,328480E-2;1,123607E-1;9,422651E-1;;
02/12/2021  12:47:16,071063;9,414834E-1;1,174969E-1;1,281573E-1;9,424723E-1;;
02/12/2021  12:47:16,071163;9,422702E-1;2,047878E-1;2,055607E-1;9,426683E-1;;
02/12/2021  12:47:16,071263;9,423953E-1;1,448948E-1;1,328963E-1;9,428529E-1;;
02/12/2021  12:47:16,071363;9,413403E-1;1,397975E-1;1,452176E-1;9,430258E-1;;
02/12/2021  12:47:16,071463;9,407830E-1;1,541336E-1;1,373193E-1;9,431870E-1;;
02/12/2021  12:47:16,071563;9,417397E-1;1,620981E-1;1,354238E-1;9,433360E-1;;
02/12/2021  12:47:16,071663;9,418231E-1;1,627352E-1;1,553275E-1;9,434730E-1;;
02/12/2021  12:47:16,071763;9,423328E-1;1,732484E-1;1,512204E-1;9,435978E-1;;
02/12/2021  12:47:16,071863;9,414446E-1;1,646467E-1;1,420583E-1;9,437105E-1;;
02/12/2021  12:47:16,071963;9,409201E-1;1,640096E-1;1,499566E-1;9,438115E-1;;
02/12/2021  12:47:16,072063;9,423149E-1;1,687883E-1;1,537478E-1;9,439007E-1;;
02/12/2021  12:47:16,072163;9,432924E-1;1,554079E-1;1,556434E-1;9,439784E-1;;
02/12/2021  12:47:16,072263;9,431255E-1;1,280100E-1;1,316326E-1;9,440450E-1;;
02/12/2021  12:47:16,072363;9,429884E-1;1,015679E-1;1,120448E-1;9,441013E-1;;
02/12/2021  12:47:16,072463;9,431374E-1;1,356559E-1;1,351078E-1;9,441477E-1;;
02/12/2021  12:47:16,072563;9,438646E-1;1,506292E-1;1,692285E-1;9,441848E-1;;
02/12/2021  12:47:16,072663;9,444577E-1;1,200455E-1;1,227865E-1;9,442134E-1;;
02/12/2021  12:47:16,072763;9,443445E-1;1,216384E-1;1,240502E-1;9,442341E-1;;
02/12/2021  12:47:16,072863;9,431047E-1;1,404346E-1;1,404787E-1;9,442478E-1;;
02/12/2021  12:47:16,072963;9,428901E-1;1,420275E-1;1,490088E-1;9,442551E-1;;
02/12/2021  12:47:16,073063;9,437097E-1;1,120810E-1;1,202590E-1;9,442563E-1;;
02/12/2021  12:47:16,073163;9,445650E-1;1,127182E-1;1,079377E-1;9,442522E-1;;
02/12/2021  12:47:16,073263;9,444935E-1;1,181340E-1;1,208909E-1;9,442431E-1;;
02/12/2021  12:47:16,073363;9,436709E-1;1,366117E-1;1,414265E-1;9,442299E-1;;
02/12/2021  12:47:16,073463;9,431047E-1;9,105474E-2;9,972343E-2;9,442131E-1;;
02/12/2021  12:47:16,073563;9,440315E-1;1,464877E-1;1,562753E-1;9,441930E-1;;
02/12/2021  12:47:16,073663;9,452892E-1;1,257800E-1;1,246821E-1;9,441701E-1;;
02/12/2021  12:47:16,073763;9,449495E-1;1,200455E-1;1,224705E-1;9,441450E-1;;
02/12/2021  12:47:16,073863;9,444428E-1;1,283286E-1;1,373193E-1;9,441183E-1;;
02/12/2021  12:47:16,073963;9,445143E-1;4,199342E-2;7,697633E-2;9,440905E-1;;
02/12/2021  12:47:16,074063;9,462280E-1;7,703722E-2;1,120448E-1;9,440621E-1;;
02/12/2021  12:47:16,074163;9,460999E-1;1,152668E-1;1,170997E-1;9,440337E-1;;
02/12/2021  12:47:16,074263;9,462846E-1;1,509478E-1;1,420583E-1;9,440060E-1;;
02/12/2021  12:47:16,074363;9,446246E-1;1,480806E-1;1,379512E-1;9,439795E-1;;
02/12/2021  12:47:16,074463;9,454442E-1;1,136739E-1;1,155200E-1;9,439547E-1;;
02/12/2021  12:47:16,074563;9,465082E-1;1,286472E-1;1,101492E-1;9,439318E-1;;
02/12/2021  12:47:16,074663;9,468688E-1;1,455319E-1;1,401627E-1;9,439113E-1;;
02/12/2021  12:47:16,074763;9,460254E-1;1,273729E-1;1,256299E-1;9,438937E-1;;
02/12/2021  12:47:16,074863;9,445680E-1;6,939130E-2;8,203124E-2;9,438792E-1;;
02/12/2021  12:47:16,074963;9,446723E-1;1,267357E-1;1,231024E-1;9,438679E-1;;
02/12/2021  12:47:16,075063;9,446783E-1;1,480806E-1;1,234183E-1;9,438599E-1;;
02/12/2021  12:47:16,075163;9,442580E-1;1,251428E-1;1,196272E-1;9,438548E-1;;
02/12/2021  12:47:16,075263;9,436650E-1;1,350188E-1;1,455336E-1;9,438526E-1;;
02/12/2021  12:47:16,075363;9,430898E-1;7,544432E-2;8,866581E-2;9,438529E-1;;
02/12/2021  12:47:16,075463;9,433550E-1;1,219570E-1;1,208909E-1;9,438554E-1;;
02/12/2021  12:47:16,075563;9,442968E-1;1,382046E-1;1,363715E-1;9,438597E-1;;
02/12/2021  12:47:16,075663;9,444488E-1;1,264171E-1;1,249980E-1;9,438654E-1;;
02/12/2021  12:47:16,075763;9,431136E-1;1,276914E-1;1,531159E-1;9,438726E-1;;
02/12/2021  12:47:16,075863;9,426010E-1;1,088952E-1;1,107811E-1;9,438808E-1;;
02/12/2021  12:47:16,075963;9,434265E-1;1,098510E-1;1,265777E-1;9,438898E-1;;
02/12/2021  12:47:16,076063;9,439123E-1;1,292843E-1;1,417424E-1;9,438991E-1;;
02/12/2021  12:47:16,076163;9,443504E-1;1,120810E-1;1,158360E-1;9,439087E-1;;
02/12/2021  12:47:16,076263;9,444577E-1;1,034794E-1;1,066739E-1;9,439185E-1;;
02/12/2021  12:47:16,076363;9,440643E-1;1,366117E-1;1,370034E-1;9,439284E-1;;
02/12/2021  12:47:16,076463;9,450389E-1;1,448948E-1;1,281573E-1;9,439385E-1;;
02/12/2021  12:47:16,076563;9,451670E-1;1,044351E-1;1,110970E-1;9,439489E-1;;
02/12/2021  12:47:16,076663;9,451253E-1;1,324701E-1;1,594346E-1;9,439596E-1;;
02/12/2021  12:47:16,076763;9,446276E-1;1,213198E-1;1,278414E-1;9,439708E-1;;
02/12/2021  12:47:16,076863;9,438229E-1;1,286472E-1;1,347919E-1;9,439826E-1;;
02/12/2021  12:47:16,076963;9,450210E-1;1,254614E-1;1,256299E-1;9,439949E-1;;
02/12/2021  12:47:16,077063;9,452952E-1;1,273729E-1;1,278414E-1;9,440077E-1;;
02/12/2021  12:47:16,077163;9,446574E-1;1,299215E-1;1,335282E-1;9,440211E-1;;
02/12/2021  12:47:16,077263;9,444220E-1;1,216384E-1;1,253139E-1;9,440351E-1;;
02/12/2021  12:47:16,077363;9,440077E-1;1,397975E-1;1,379512E-1;9,440496E-1;;
02/12/2021  12:47:16,077463;9,447170E-1;1,152668E-1;1,262617E-1;9,440645E-1;;
02/12/2021  12:47:16,077563;9,450538E-1;1,245056E-1;1,231024E-1;9,440799E-1;;
02/12/2021  12:47:16,077663;9,457869E-1;1,098510E-1;9,814378E-2;9,440956E-1;;
02/12/2021  12:47:16,077763;9,448452E-1;9,073616E-2;1,306848E-1;9,441119E-1;;
02/12/2021  12:47:16,077863;9,452803E-1;5,696668E-2;8,645429E-2;9,441287E-1;;
02/12/2021  12:47:16,077963;9,459270E-1;8,627604E-2;1,366875E-1;9,441463E-1;;
02/12/2021  12:47:16,078063;9,462519E-1;1,238685E-1;1,221546E-1;9,441646E-1;;
02/12/2021  12:47:16,078163;9,458287E-1;1,095324E-1;1,208909E-1;9,441840E-1;;
02/12/2021  12:47:16,078263;9,451193E-1;1,292843E-1;1,360556E-1;9,442045E-1;;
02/12/2021  12:47:16,078363;9,458555E-1;1,523270E-2;7,634447E-2;9,442261E-1;;
02/12/2021  12:47:16,078463;9,464724E-1;1,251428E-1;1,332122E-1;9,442490E-1;;
02/12/2021  12:47:16,078563;9,463293E-1;1,388417E-1;1,388990E-1;9,442732E-1;;
02/12/2021  12:47:16,078663;9,457959E-1;1,216384E-1;1,218387E-1;9,442989E-1;;
02/12/2021  12:47:16,078763;9,441448E-1;1,264171E-1;1,310007E-1;9,443261E-1;;
02/12/2021  12:47:16,078863;9,436083E-1;1,206827E-1;1,155200E-1;9,443544E-1;;
02/12/2021  12:47:16,078963;9,441716E-1;1,292843E-1;1,559593E-1;9,443837E-1;;
02/12/2021  12:47:16,079063;9,430719E-1;1,280100E-1;1,294210E-1;9,444133E-1;;
02/12/2021  12:47:16,079163;9,425831E-1;1,289658E-1;1,275255E-1;9,444428E-1;;
02/12/2021  12:47:16,079263;9,415877E-1;1,286472E-1;1,328963E-1;9,444717E-1;;
02/12/2021  12:47:16,079363;9,410661E-1;3,307318E-2;7,413294E-2;9,444993E-1;;
02/12/2021  12:47:16,079463;9,414804E-1;1,324701E-1;1,249980E-1;9,445247E-1;;
02/12/2021  12:47:16,079563;9,406638E-1;1,276914E-1;1,227865E-1;9,445474E-1;;
02/12/2021  12:47:16,079663;9,399485E-1;1,206827E-1;1,411105E-1;9,445665E-1;;
02/12/2021  12:47:16,079763;9,388339E-1;6,556834E-2;8,171531E-2;9,445815E-1;;
02/12/2021  12:47:16,079863;9,386253E-1;1,264171E-1;1,294210E-1;9,445915E-1;;
02/12/2021  12:47:16,079963;9,398502E-1;1,260985E-1;1,259458E-1;9,445956E-1;;
02/12/2021  12:47:16,080063;9,394091E-1;1,149482E-1;1,170997E-1;9,445934E-1;;
02/12/2021  12:47:16,080163;9,395283E-1;1,534964E-1;1,471132E-1;9,445843E-1;;
02/12/2021  12:47:16,080263;9,393703E-1;1,260985E-1;1,224705E-1;9,445681E-1;;
02/12/2021  12:47:16,080363;9,408367E-1;1,372488E-1;1,420583E-1;9,445446E-1;;
02/12/2021  12:47:16,080463;9,412062E-1;1,276914E-1;1,398468E-1;9,445138E-1;;
02/12/2021  12:47:16,080563;9,414446E-1;1,280100E-1;1,291051E-1;9,444760E-1;;
02/12/2021  12:47:16,080663;9,402585E-1;1,299215E-1;1,382671E-1;9,444314E-1;;
02/12/2021  12:47:16,080763;9,401333E-1;1,152668E-1;1,142563E-1;9,443803E-1;;
02/12/2021  12:47:16,080863;9,413791E-1;1,213198E-1;1,126766E-1;9,443230E-1;;
02/12/2021  12:47:16,080963;9,417039E-1;1,165411E-1;1,196272E-1;9,442598E-1;;
02/12/2021  12:47:16,081063;9,412479E-1;1,174969E-1;1,224705E-1;9,441912E-1;;
02/12/2021  12:47:16,081163;9,398889E-1;1,327887E-1;1,341600E-1;9,441176E-1;;
02/12/2021  12:47:16,081263;9,393554E-1;1,382046E-1;1,306848E-1;9,440394E-1;;
02/12/2021  12:47:16,081363;9,397012E-1;1,413904E-1;1,606983E-1;9,439566E-1;;
02/12/2021  12:47:16,081463;9,398174E-1;1,009307E-1;1,082536E-1;9,438694E-1;;
02/12/2021  12:47:16,081563;9,388846E-1;1,232313E-1;1,300529E-1;9,437780E-1;;
02/12/2021  12:47:16,081663;9,381156E-1;1,340630E-1;1,328963E-1;9,436825E-1;;
02/12/2021  12:47:16,081763;9,378325E-1;5,855958E-2;9,561632E-2;9,435828E-1;;
02/12/2021  12:47:16,081863;9,387743E-1;1,206827E-1;1,142563E-1;9,434790E-1;;
02/12/2021  12:47:16,081963;9,386581E-1;1,203641E-1;1,224705E-1;9,433710E-1;;
02/12/2021  12:47:16,082063;9,384286E-1;1,321516E-1;1,433221E-1;9,432591E-1;;
02/12/2021  12:47:16,082163;9,385031E-1;1,197269E-1;1,126766E-1;9,431434E-1;;
02/12/2021  12:47:16,082263;9,385627E-1;5,250656E-2;8,992954E-2;9,430241E-1;;
02/12/2021  12:47:16,082363;9,396117E-1;1,506292E-1;1,572231E-1;9,429015E-1;;
02/12/2021  12:47:16,082463;9,402406E-1;1,120810E-1;1,234183E-1;9,427761E-1;;
02/12/2021  12:47:16,082563;9,404164E-1;1,127182E-1;1,193112E-1;9,426483E-1;;
02/12/2021  12:47:16,082663;9,396624E-1;1,178155E-1;1,183634E-1;9,425188E-1;;
02/12/2021  12:47:16,082763;9,398174E-1;1,002936E-1;1,139404E-1;9,423882E-1;;
02/12/2021  12:47:16,082863;9,400290E-1;1,127182E-1;1,423743E-1;9,422570E-1;;
02/12/2021  12:47:16,082963;9,403896E-1;1,079395E-1;1,268936E-1;9,421257E-1;;
02/12/2021  12:47:16,083063;9,397876E-1;1,018865E-1;1,183634E-1;9,419947E-1;;
02/12/2021  12:47:16,083163;9,387504E-1;9,105474E-2;1,107811E-1;9,418645E-1;;
02/12/2021  12:47:16,083263;9,388726E-1;8,532030E-2;9,024547E-2;9,417354E-1;;
02/12/2021  12:47:16,083363;9,399515E-1;9,806350E-2;7,887192E-2;9,416076E-1;;
02/12/2021  12:47:16,083463;9,389740E-1;1,095324E-1;1,145722E-1;9,414812E-1;;
02/12/2021  12:47:16,083563;9,384315E-1;8,659462E-2;1,085695E-1;9,413566E-1;;
02/12/2021  12:47:16,083663;9,371262E-1;8,181592E-2;9,909157E-2;9,412339E-1;;
02/12/2021  12:47:16,083763;9,378981E-1;8,691320E-2;9,719598E-2;9,411128E-1;;
02/12/2021  12:47:16,083863;9,380083E-1;9,519628E-2;9,909157E-2;9,409933E-1;;
02/12/2021  12:47:16,083963;9,377282E-1;8,372740E-2;9,498445E-2;9,408754E-1;;
02/12/2021  12:47:16,084063;9,374838E-1;1,101695E-1;1,218387E-1;9,407591E-1;;
02/12/2021  12:47:16,084163;9,362857E-1;1,187712E-1;1,332122E-1;9,406441E-1;;
02/12/2021  12:47:16,084263;9,370219E-1;1,229127E-1;1,243661E-1;9,405304E-1;;
02/12/2021  12:47:16,084363;9,371888E-1;1,385232E-1;1,370034E-1;9,404177E-1;;
02/12/2021  12:47:16,084463;9,369325E-1;1,410718E-1;1,363715E-1;9,403061E-1;;
02/12/2021  12:47:16,084563;9,358536E-1;1,257800E-1;4,443533E-2;9,401953E-1;;
02/12/2021  12:47:16,084663;9,348224E-1;1,624167E-1;1,404787E-1;9,400851E-1;;
02/12/2021  12:47:16,084763;9,348731E-1;1,659210E-1;2,422088E-1;9,399753E-1;;
02/12/2021  12:47:16,084863;9,350280E-1;1,828058E-1;1,761790E-1;9,398654E-1;;
02/12/2021  12:47:16,084963;9,350370E-1;1,611423E-1;1,515363E-1;9,397551E-1;;
02/12/2021  12:47:16,085063;9,344618E-1;1,678325E-1;1,483770E-1;9,396441E-1;;
02/12/2021  12:47:16,085163;9,332726E-1;1,573194E-1;1,543797E-1;9,395322E-1;;
02/12/2021  12:47:16,085263;9,337197E-1;9,328480E-2;1,082536E-1;9,394189E-1;;
02/12/2021  12:47:16,085363;9,334246E-1;1,229127E-1;1,310007E-1;9,393039E-1;;
02/12/2021  12:47:16,085463;9,328554E-1;1,407532E-1;1,660692E-1;9,391869E-1;;
02/12/2021  12:47:16,085563;9,313951E-1;1,420275E-1;1,392149E-1;9,390676E-1;;
02/12/2021  12:47:16,085663;9,305874E-1;1,423461E-1;1,328963E-1;9,389454E-1;;
02/12/2021  12:47:16,085763;9,310136E-1;1,302401E-1;1,354238E-1;9,388197E-1;;
02/12/2021  12:47:16,085863;9,308377E-1;1,127182E-1;1,224705E-1;9,386901E-1;;
02/12/2021  12:47:16,085963;9,303788E-1;1,350188E-1;1,521681E-1;9,385562E-1;;
02/12/2021  12:47:16,086063;9,287128E-1;1,388417E-1;1,338441E-1;9,384175E-1;;
02/12/2021  12:47:16,086163;9,276876E-1;1,270543E-1;1,325804E-1;9,382735E-1;;
02/12/2021  12:47:16,086263;9,280065E-1;1,168597E-1;1,306848E-1;9,381236E-1;;
02/12/2021  12:47:16,086363;9,276548E-1;1,225942E-1;1,300529E-1;9,379672E-1;;
02/12/2021  12:47:16,086463;9,268561E-1;1,394789E-1;1,404787E-1;9,378038E-1;;
02/12/2021  12:47:16,086563;9,264746E-1;1,461691E-1;1,613302E-1;9,376330E-1;;
02/12/2021  12:47:16,086663;9,257474E-1;1,273729E-1;1,363715E-1;9,374544E-1;;
02/12/2021  12:47:16,086763;9,270379E-1;1,280100E-1;1,025668E-1;9,372676E-1;;
02/12/2021  12:47:16,086863;9,261169E-1;1,315144E-1;1,379512E-1;9,370723E-1;;
02/12/2021  12:47:16,086963;9,262391E-1;1,280100E-1;1,152041E-1;9,368686E-1;;
02/12/2021  12:47:16,087063;9,251990E-1;9,137332E-2;1,237343E-1;9,366564E-1;;
02/12/2021  12:47:16,087163;9,268173E-1;1,289658E-1;1,148882E-1;9,364357E-1;;
02/12/2021  12:47:16,087263;9,266892E-1;1,442576E-1;1,676488E-1;9,362068E-1;;
02/12/2021  12:47:16,087363;9,266921E-1;1,324701E-1;1,357397E-1;9,359701E-1;;
02/12/2021  12:47:16,087463;9,268233E-1;1,235499E-1;1,237343E-1;9,357260E-1;;
02/12/2021  12:47:16,087563;9,260335E-1;7,926728E-2;1,420583E-1;9,354751E-1;;
02/12/2021  12:47:16,087663;9,266385E-1;1,053908E-1;9,940750E-2;9,352179E-1;;
02/12/2021  12:47:16,087763;9,275356E-1;1,088952E-1;1,164678E-1;9,349551E-1;;
02/12/2021  12:47:16,087863;9,276071E-1;1,270543E-1;1,300529E-1;9,346873E-1;;
02/12/2021  12:47:16,087963;9,265372E-1;1,270543E-1;1,243661E-1;9,344154E-1;;
02/12/2021  12:47:16,088063;9,268114E-1;1,232313E-1;1,243661E-1;9,341402E-1;;
02/12/2021  12:47:16,088163;9,275058E-1;1,276914E-1;1,287892E-1;9,338623E-1;;
02/12/2021  12:47:16,088263;9,280839E-1;1,372488E-1;1,262617E-1;9,335826E-1;;
02/12/2021  12:47:16,088363;9,269365E-1;1,245056E-1;1,088855E-1;9,333019E-1;;
02/12/2021  12:47:16,088463;9,273210E-1;1,264171E-1;1,313166E-1;9,330211E-1;;
02/12/2021  12:47:16,088563;9,264686E-1;1,299215E-1;1,322644E-1;9,327407E-1;;
02/12/2021  12:47:16,088663;9,273359E-1;1,302401E-1;1,104651E-1;9,324616E-1;;
02/12/2021  12:47:16,088763;9,271094E-1;1,299215E-1;1,063580E-1;9,321842E-1;;
02/12/2021  12:47:16,088863;9,274521E-1;1,009307E-1;9,719598E-2;9,319092E-1;;
02/12/2021  12:47:16,088963;9,271422E-1;8,659462E-2;1,167838E-1;9,316373E-1;;
02/12/2021  12:47:16,089063;9,271153E-1;1,366117E-1;1,265777E-1;9,313691E-1;;
02/12/2021  12:47:16,089163;9,278515E-1;1,318330E-1;1,316326E-1;9,311052E-1;;
02/12/2021  12:47:16,089263;9,278962E-1;1,340630E-1;1,509044E-1;9,308460E-1;;
02/12/2021  12:47:16,089363;9,280094E-1;1,359745E-1;1,310007E-1;9,305923E-1;;
02/12/2021  12:47:16,089463;9,276488E-1;1,350188E-1;1,101492E-1;9,303446E-1;;
02/12/2021  12:47:16,089563;9,278634E-1;1,318330E-1;1,272095E-1;9,301034E-1;;
02/12/2021  12:47:16,089663;9,295890E-1;1,388417E-1;1,376353E-1;9,298693E-1;;
02/12/2021  12:47:16,089763;9,300211E-1;1,356559E-1;1,398468E-1;9,296428E-1;;
02/12/2021  12:47:16,089863;9,302923E-1;1,260985E-1;1,259458E-1;9,294247E-1;;
02/12/2021  12:47:16,089963;9,304741E-1;1,241871E-1;1,164678E-1;9,292158E-1;;
02/12/2021  12:47:16,090063;9,307156E-1;1,238685E-1;1,278414E-1;9,290168E-1;;
02/12/2021  12:47:16,090163;9,321759E-1;1,232313E-1;1,796542E-1;9,288283E-1;;
02/12/2021  12:47:16,090263;9,326468E-1;1,289658E-1;1,303688E-1;9,286512E-1;;
02/12/2021  12:47:16,090363;9,329985E-1;1,394789E-1;1,496407E-1;9,284861E-1;;
02/12/2021  12:47:16,090463;9,329418E-1;1,210013E-1;1,303688E-1;9,283340E-1;;
02/12/2021  12:47:16,090563;9,331981E-1;6,238254E-2;1,461654E-1;9,281954E-1;;
02/12/2021  12:47:16,090663;9,342681E-1;1,066652E-1;9,877564E-2;9,280709E-1;;
02/12/2021  12:47:16,090763;9,345989E-1;1,308772E-1;1,164678E-1;9,279612E-1;;
02/12/2021  12:47:16,090863;9,345154E-1;1,433019E-1;1,471132E-1;9,278667E-1;;
02/12/2021  12:47:16,090963;9,349863E-1;1,286472E-1;1,262617E-1;9,277878E-1;;
02/12/2021  12:47:16,091063;9,362828E-1;1,343816E-1;1,316326E-1;9,277251E-1;;
02/12/2021  12:47:16,091163;9,372335E-1;1,397975E-1;1,730197E-1;9,276788E-1;;
02/12/2021  12:47:16,091263;9,379011E-1;1,509478E-1;1,455336E-1;9,276496E-1;;
02/12/2021  12:47:16,091363;9,377610E-1;1,327887E-1;1,205749E-1;9,276378E-1;;
02/12/2021  12:47:16,091463;9,376865E-1;1,264171E-1;1,291051E-1;9,276438E-1;;
02/12/2021  12:47:16,091563;9,387564E-1;1,194084E-1;1,224705E-1;9,276680E-1;;
02/12/2021  12:47:16,091663;9,403300E-1;6,015248E-2;1,035146E-1;9,277104E-1;;
02/12/2021  12:47:16,091763;9,406817E-1;1,315144E-1;1,275255E-1;9,277714E-1;;
02/12/2021  12:47:16,091863;9,412062E-1;1,442576E-1;1,243661E-1;9,278512E-1;;
02/12/2021  12:47:16,091963;9,416831E-1;1,232313E-1;1,294210E-1;9,279501E-1;;
02/12/2021  12:47:16,092063;9,430868E-1;1,257800E-1;1,392149E-1;9,280683E-1;;
02/12/2021  12:47:16,092163;9,440941E-1;2,765732E-2;3,590517E-2;9,282061E-1;;
02/12/2021  12:47:16,092263;9,443951E-1;1,178155E-1;1,205749E-1;9,283635E-1;;
02/12/2021  12:47:16,092363;9,445322E-1;1,101695E-1;1,155200E-1;9,285409E-1;;
02/12/2021  12:47:16,092463;9,444369E-1;1,248242E-1;1,246821E-1;9,287384E-1;;
02/12/2021  12:47:16,092563;9,461386E-1;6,620550E-2;9,245700E-2;9,289557E-1;;
02/12/2021  12:47:16,092663;9,469582E-1;1,187712E-1;1,129926E-1;9,291928E-1;;
02/12/2021  12:47:16,092763;9,471996E-1;1,184526E-1;1,212068E-1;9,294497E-1;;
02/12/2021  12:47:16,092863;9,478940E-1;1,331073E-1;1,344760E-1;9,297262E-1;;
02/12/2021  12:47:16,092963;9,483887E-1;1,417090E-1;1,392149E-1;9,300221E-1;;
02/12/2021  12:47:16,093063;9,499981E-1;8,372740E-2;1,047783E-1;9,303374E-1;;
02/12/2021  12:47:16,093163;9,511872E-1;1,276914E-1;1,196272E-1;9,306717E-1;;
02/12/2021  12:47:16,093263;9,513780E-1;1,232313E-1;1,205749E-1;9,310250E-1;;
02/12/2021  12:47:16,093363;9,517893E-1;1,468062E-1;1,521681E-1;9,313972E-1;;
02/12/2021  12:47:16,093463;9,519353E-1;1,433019E-1;1,281573E-1;9,317880E-1;;
02/12/2021  12:47:16,093563;9,533390E-1;1,397975E-1;1,328963E-1;9,321971E-1;;
02/12/2021  12:47:16,093663;9,545490E-1;1,130368E-1;1,366875E-1;9,326242E-1;;
02/12/2021  12:47:16,093763;9,546265E-1;1,254614E-1;1,268936E-1;9,330689E-1;;
02/12/2021  12:47:16,093863;9,551540E-1;1,299215E-1;1,370034E-1;9,335309E-1;;
02/12/2021  12:47:16,093963;9,560004E-1;1,136739E-1;1,183634E-1;9,340098E-1;;
02/12/2021  12:47:16,094063;9,571121E-1;1,241871E-1;1,189953E-1;9,345051E-1;;
02/12/2021  12:47:16,094163;9,584532E-1;1,133553E-1;1,196272E-1;9,350165E-1;;
02/12/2021  12:47:16,094263;9,588943E-1;1,356559E-1;1,335282E-1;9,355435E-1;;
02/12/2021  12:47:16,094363;9,590850E-1;1,315144E-1;1,265777E-1;9,360859E-1;;
02/12/2021  12:47:16,094463;9,594516E-1;1,273729E-1;1,278414E-1;9,366433E-1;;
02/12/2021  12:47:16,094563;9,609060E-1;1,203641E-1;1,114129E-1;9,372150E-1;;
02/12/2021  12:47:16,094663;9,614752E-1;1,388417E-1;1,328963E-1;9,378006E-1;;
02/12/2021  12:47:16,094763;9,618329E-1;1,401161E-1;1,297370E-1;9,383996E-1;;
02/12/2021  12:47:16,094863;9,618239E-1;1,382046E-1;1,328963E-1;9,390115E-1;;
02/12/2021  12:47:16,094963;9,626018E-1;1,260985E-1;1,300529E-1;9,396355E-1;;
02/12/2021  12:47:16,095063;9,649264E-1;1,417090E-1;1,477451E-1;9,402710E-1;;
02/12/2021  12:47:16,095163;9,656119E-1;1,382046E-1;1,351078E-1;9,409176E-1;;
02/12/2021  12:47:16,095263;9,656298E-1;1,053908E-1;1,202590E-1;9,415747E-1;;
02/12/2021  12:47:16,095363;9,660232E-1;1,053908E-1;1,152041E-1;9,422420E-1;;
02/12/2021  12:47:16,095463;9,663957E-1;-3,127998E-2;4,601499E-2;9,429188E-1;;
02/12/2021  12:47:16,095563;9,675252E-1;1,315144E-1;1,344760E-1;9,436046E-1;;
02/12/2021  12:47:16,095663;9,675699E-1;1,034794E-1;1,085695E-1;9,442987E-1;;
02/12/2021  12:47:16,095763;9,683418E-1;1,050723E-1;1,133085E-1;9,450005E-1;;
02/12/2021  12:47:16,095863;9,680945E-1;7,640006E-2;1,246821E-1;9,457093E-1;;
02/12/2021  12:47:16,095963;9,685862E-1;9,169190E-2;1,003553E-1;9,464243E-1;;
02/12/2021  12:47:16,096063;9,696889E-1;1,417090E-1;1,272095E-1;9,471448E-1;;
02/12/2021  12:47:16,096163;9,701807E-1;9,169190E-2;1,047783E-1;9,478699E-1;;
02/12/2021  12:47:16,096263;9,694356E-1;8,340882E-2;9,688005E-2;9,485988E-1;;
02/12/2021  12:47:16,096363;9,694744E-1;6,631038E-3;8,613836E-2;9,493309E-1;;
02/12/2021  12:47:16,096463;9,695518E-1;8,213450E-2;6,497092E-2;9,500650E-1;;
02/12/2021  12:47:16,096563;9,703774E-1;9,169190E-2;1,035146E-1;9,508001E-1;;
02/12/2021  12:47:16,096663;9,698678E-1;9,041758E-2;1,060421E-1;9,515351E-1;;
02/12/2021  12:47:16,096763;9,694773E-1;8,659462E-2;1,073058E-1;9,522691E-1;;
02/12/2021  12:47:16,096863;9,694028E-1;9,201048E-2;1,167838E-1;9,530008E-1;;
02/12/2021  12:47:16,096963;9,702433E-1;1,098510E-1;1,208909E-1;9,537291E-1;;
02/12/2021  12:47:16,097063;9,697903E-1;1,069837E-1;1,006712E-1;9,544527E-1;;
02/12/2021  12:47:16,097163;9,707440E-1;1,053908E-1;1,069899E-1;9,551706E-1;;
02/12/2021  12:47:16,097263;9,691435E-1;1,337445E-1;1,799702E-1;9,558816E-1;;
02/12/2021  12:47:16,097363;9,687650E-1;1,493549E-1;1,439539E-1;9,565848E-1;;
02/12/2021  12:47:16,097463;9,689379E-1;1,455319E-1;1,404787E-1;9,572787E-1;;
02/12/2021  12:47:16,097563;9,684461E-1;1,493549E-1;1,360556E-1;9,579620E-1;;
02/12/2021  12:47:16,097663;9,681213E-1;1,554079E-1;1,294210E-1;9,586337E-1;;
02/12/2021  12:47:16,097763;9,671020E-1;2,060621E-1;1,989261E-1;9,592922E-1;;
02/12/2021  12:47:16,097863;9,657877E-1;1,691068E-1;1,392149E-1;9,599364E-1;;
02/12/2021  12:47:16,097963;9,663838E-1;9,328480E-2;1,300529E-1;9,605647E-1;;
02/12/2021  12:47:16,098063;9,661990E-1;1,624167E-1;1,736515E-1;9,611758E-1;;
02/12/2021  12:47:16,098163;9,652513E-1;1,560451E-1;1,559593E-1;9,617684E-1;;
02/12/2021  12:47:16,098263;9,646254E-1;1,417090E-1;1,420583E-1;9,623412E-1;;
02/12/2021  12:47:16,098363;9,640979E-1;1,219570E-1;1,202590E-1;9,628930E-1;;
02/12/2021  12:47:16,098463;9,639876E-1;1,088952E-1;1,240502E-1;9,634227E-1;;
02/12/2021  12:47:16,098563;9,634810E-1;1,264171E-1;1,306848E-1;9,639290E-1;;
02/12/2021  12:47:16,098663;9,635912E-1;1,254614E-1;1,291051E-1;9,644111E-1;;
02/12/2021  12:47:16,098763;9,623723E-1;1,267357E-1;1,268936E-1;9,648681E-1;;
02/12/2021  12:47:16,098863;9,621309E-1;1,254614E-1;1,272095E-1;9,652991E-1;;
02/12/2021  12:47:16,098963;9,617822E-1;1,130368E-1;1,717559E-1;9,657033E-1;;
02/12/2021  12:47:16,099063;9,624557E-1;1,222756E-1;1,262617E-1;9,660802E-1;;
02/12/2021  12:47:16,099163;9,613471E-1;1,229127E-1;1,392149E-1;9,664293E-1;;
02/12/2021  12:47:16,099263;9,606378E-1;1,219570E-1;1,265777E-1;9,667501E-1;;
02/12/2021  12:47:16,099363;9,598480E-1;1,216384E-1;1,240502E-1;9,670424E-1;;
02/12/2021  12:47:16,099463;9,600745E-1;1,318330E-1;1,287892E-1;9,673059E-1;;
02/12/2021  12:47:16,099563;9,595321E-1;1,347002E-1;1,354238E-1;9,675403E-1;;
02/12/2021  12:47:16,099663;9,587185E-1;1,206827E-1;1,303688E-1;9,677454E-1;;
02/12/2021  12:47:16,099763;9,574399E-1;1,178155E-1;1,249980E-1;9,679213E-1;;
02/12/2021  12:47:16,099863;9,576992E-1;1,184526E-1;1,129926E-1;9,680678E-1;;
02/12/2021  12:47:16,099963;9,579317E-1;1,200455E-1;1,253139E-1;9,681850E-1;;
02/12/2021  12:47:16,100063;9,569571E-1;1,178155E-1;1,221546E-1;9,682729E-1;;
02/12/2021  12:47:16,100163;9,552375E-1;7,448858E-2;7,697633E-2;9,683319E-1;;
02/12/2021  12:47:16,100263;9,545967E-1;5,887816E-2;1,038306E-1;9,683620E-1;;
02/12/2021  12:47:16,100363;9,539440E-1;1,194084E-1;1,215227E-1;9,683633E-1;;
02/12/2021  12:47:16,100463;9,533718E-1;1,088952E-1;1,155200E-1;9,683361E-1;;
02/12/2021  12:47:16,100563;9,524926E-1;1,136739E-1;1,196272E-1;9,682803E-1;;
02/12/2021  12:47:16,100663;9,517207E-1;1,130368E-1;1,208909E-1;9,681962E-1;;
02/12/2021  12:47:16,100763;9,507193E-1;1,088952E-1;1,158360E-1;9,680840E-1;;
02/12/2021  12:47:16,100863;9,506836E-1;1,270543E-1;1,262617E-1;9,679439E-1;;
02/12/2021  12:47:16,100963;9,499862E-1;1,203641E-1;1,126766E-1;9,677762E-1;;
02/12/2021  12:47:16,101063;9,488924E-1;1,235499E-1;1,205749E-1;9,675814E-1;;
02/12/2021  12:47:16,101163;9,481265E-1;1,213198E-1;1,344760E-1;9,673597E-1;;
02/12/2021  12:47:16,101263;9,468926E-1;1,366117E-1;1,319485E-1;9,671117E-1;;
02/12/2021  12:47:16,101363;9,467615E-1;1,225942E-1;1,373193E-1;9,668376E-1;;
02/12/2021  12:47:16,101463;9,469492E-1;6,779840E-2;1,388990E-1;9,665379E-1;;
02/12/2021  12:47:16,101563;9,453339E-1;1,184526E-1;1,224705E-1;9,662133E-1;;
02/12/2021  12:47:16,101663;9,444756E-1;1,404346E-1;1,379512E-1;9,658643E-1;;
02/12/2021  12:47:16,101763;9,435904E-1;1,254614E-1;1,180475E-1;9,654914E-1;;
02/12/2021  12:47:16,101863;9,434861E-1;9,264764E-2;6,718244E-2;9,650953E-1;;
02/12/2021  12:47:16,101963;9,431970E-1;1,197269E-1;1,205749E-1;9,646765E-1;;
02/12/2021  12:47:16,102063;9,426278E-1;1,225942E-1;1,265777E-1;9,642358E-1;;
02/12/2021  12:47:16,102163;9,410423E-1;1,260985E-1;1,335282E-1;9,637741E-1;;
02/12/2021  12:47:16,102263;9,400469E-1;1,022050E-1;1,085695E-1;9,632920E-1;;
02/12/2021  12:47:16,102363;9,392869E-1;1,165411E-1;1,117289E-1;9,627901E-1;;
02/12/2021  12:47:16,102463;9,393256E-1;1,289658E-1;1,439539E-1;9,622692E-1;;
02/12/2021  12:47:16,102563;9,380829E-1;1,305587E-1;1,300529E-1;9,617299E-1;;
02/12/2021  12:47:16,102663;9,367596E-1;1,356559E-1;1,294210E-1;9,611729E-1;;
02/12/2021  12:47:16,102763;9,355019E-1;1,037979E-1;1,186794E-1;9,605988E-1;;
02/12/2021  12:47:16,102863;9,351890E-1;2,256004E-2;6,749837E-2;9,600082E-1;;
02/12/2021  12:47:16,102963;9,340535E-1;1,334259E-1;1,411105E-1;9,594015E-1;;
02/12/2021  12:47:16,103063;9,327064E-1;1,324701E-1;1,401627E-1;9,587794E-1;;
02/12/2021  12:47:16,103163;9,310493E-1;1,101695E-1;1,082536E-1;9,581422E-1;;
02/12/2021  12:47:16,103263;9,291420E-1;1,305587E-1;1,449017E-1;9,574902E-1;;
02/12/2021  12:47:16,103363;9,289423E-1;1,563636E-1;1,935552E-1;9,568236E-1;;
02/12/2021  12:47:16,103463;9,280035E-1;1,334259E-1;1,354238E-1;9,561425E-1;;
02/12/2021  12:47:16,103563;9,266832E-1;1,302401E-1;1,363715E-1;9,554471E-1;;
02/12/2021  12:47:16,103663;9,242245E-1;1,184526E-1;1,180475E-1;9,547377E-1;;
02/12/2021  12:47:16,103763;9,226419E-1;1,321516E-1;1,310007E-1;9,540141E-1;;
02/12/2021  12:47:16,103863;9,228535E-1;1,248242E-1;1,363715E-1;9,532764E-1;;
02/12/2021  12:47:16,103963;9,218551E-1;1,260985E-1;1,186794E-1;9,525244E-1;;
02/12/2021  12:47:16,104063;9,198553E-1;1,232313E-1;1,186794E-1;9,517583E-1;;
02/12/2021  12:47:16,104163;9,182132E-1;1,165411E-1;1,243661E-1;9,509780E-1;;
02/12/2021  12:47:16,104263;9,171343E-1;1,276914E-1;1,148882E-1;9,501836E-1;;
02/12/2021  12:47:16,104363;9,171582E-1;1,012493E-1;1,129926E-1;9,493749E-1;;
02/12/2021  12:47:16,104463;9,160584E-1;1,120810E-1;1,234183E-1;9,485521E-1;;
02/12/2021  12:47:16,104563;9,153402E-1;9,678918E-2;1,129926E-1;9,477154E-1;;
02/12/2021  12:47:16,104663;9,141451E-1;1,127182E-1;9,751191E-2;9,468649E-1;;
02/12/2021  12:47:16,104763;9,138798E-1;9,519628E-2;1,025668E-1;9,460012E-1;;
02/12/2021  12:47:16,104863;9,140169E-1;1,241871E-1;1,253139E-1;9,451246E-1;;
02/12/2021  12:47:16,104963;9,142136E-1;1,225942E-1;1,281573E-1;9,442358E-1;;
02/12/2021  12:47:16,105063;9,134775E-1;1,337445E-1;1,316326E-1;9,433358E-1;;
02/12/2021  12:47:16,105163;9,125357E-1;9,360338E-2;1,370034E-1;9,424254E-1;;
02/12/2021  12:47:16,105263;9,132123E-1;1,251428E-1;1,262617E-1;9,415057E-1;;
02/12/2021  12:47:16,105363;9,137189E-1;1,496735E-1;1,692285E-1;9,405780E-1;;
02/12/2021  12:47:16,105463;9,139543E-1;1,289658E-1;1,310007E-1;9,396436E-1;;
02/12/2021  12:47:16,105563;9,132242E-1;1,385232E-1;1,373193E-1;9,387041E-1;;
02/12/2021  12:47:16,105663;9,134537E-1;1,366117E-1;1,357397E-1;9,377610E-1;;
02/12/2021  12:47:16,105763;9,137517E-1;1,178155E-1;1,268936E-1;9,368161E-1;;
02/12/2021  12:47:16,105863;9,143001E-1;1,232313E-1;1,050943E-1;9,358710E-1;;
02/12/2021  12:47:16,105963;9,139633E-1;1,066652E-1;9,719598E-2;9,349275E-1;;
02/12/2021  12:47:16,106063;9,135192E-1;1,213198E-1;1,256299E-1;9,339876E-1;;
02/12/2021  12:47:16,106163;9,129440E-1;1,229127E-1;1,297370E-1;9,330528E-1;;
02/12/2021  12:47:16,106263;9,144014E-1;1,235499E-1;1,208909E-1;9,321248E-1;;
02/12/2021  12:47:16,106363;9,143835E-1;1,229127E-1;1,237343E-1;9,312054E-1;;
02/12/2021  12:47:16,106463;9,148335E-1;1,378860E-1;1,231024E-1;9,302963E-1;;
02/12/2021  12:47:16,106563;9,145325E-1;1,347002E-1;1,287892E-1;9,293992E-1;;
02/12/2021  12:47:16,106663;9,149796E-1;1,222756E-1;1,180475E-1;9,285158E-1;;
02/12/2021  12:47:16,106763;9,158677E-1;1,550893E-1;1,685966E-1;9,276478E-1;;
02/12/2021  12:47:16,106863;9,165353E-1;1,461691E-1;1,771268E-1;9,267970E-1;;
02/12/2021  12:47:16,106963;9,165979E-1;1,292843E-1;1,287892E-1;9,259648E-1;;
02/12/2021  12:47:16,107063;9,165085E-1;1,283286E-1;9,814378E-2;9,251531E-1;;
02/12/2021  12:47:16,107163;9,166277E-1;1,235499E-1;1,253139E-1;9,243634E-1;;
02/12/2021  12:47:16,107263;9,176589E-1;1,210013E-1;1,363715E-1;9,235969E-1;;
02/12/2021  12:47:16,107363;9,188599E-1;1,442576E-1;1,474292E-1;9,228552E-1;;
02/12/2021  12:47:16,107463;9,186692E-1;1,267357E-1;1,227865E-1;9,221395E-1;;
02/12/2021  12:47:16,107563;9,186811E-1;1,178155E-1;1,186794E-1;9,214513E-1;;
02/12/2021  12:47:16,107663;9,187795E-1;1,391603E-1;1,328963E-1;9,207916E-1;;
02/12/2021  12:47:16,107763;9,200044E-1;1,429833E-1;1,420583E-1;9,201615E-1;;
02/12/2021  12:47:16,107863;9,203203E-1;1,283286E-1;1,189953E-1;9,195618E-1;;
02/12/2021  12:47:16,107963;9,209342E-1;1,458505E-1;1,509044E-1;9,189936E-1;;
02/12/2021  12:47:16,108063;9,201504E-1;1,311958E-1;1,268936E-1;9,184575E-1;;
02/12/2021  12:47:16,108163;9,199358E-1;1,241871E-1;1,221546E-1;9,179543E-1;;
02/12/2021  12:47:16,108263;9,212024E-1;1,159040E-1;1,231024E-1;9,174841E-1;;
02/12/2021  12:47:16,108363;9,218641E-1;1,114439E-1;1,139404E-1;9,170473E-1;;
02/12/2021  12:47:16,108463;9,212054E-1;1,104881E-1;1,246821E-1;9,166442E-1;;
02/12/2021  12:47:16,108563;9,216405E-1;1,104881E-1;1,158360E-1;9,162747E-1;;
02/12/2021  12:47:16,108663;9,225495E-1;1,092138E-1;1,164678E-1;9,159390E-1;;
02/12/2021  12:47:16,108763;9,240099E-1;1,162226E-1;1,335282E-1;9,156368E-1;;
02/12/2021  12:47:16,108863;9,242870E-1;1,022050E-1;1,117289E-1;9,153684E-1;;
02/12/2021  12:47:16,108963;9,245493E-1;9,838208E-2;9,845971E-2;9,151335E-1;;
02/12/2021  12:47:16,109063;9,238698E-1;9,296622E-2;1,578549E-1;9,149321E-1;;
02/12/2021  12:47:16,109163;9,246626E-1;1,053908E-1;1,189953E-1;9,147640E-1;;
02/12/2021  12:47:16,109263;9,253391E-1;1,082581E-1;1,388990E-1;9,146286E-1;;
02/12/2021  12:47:16,109363;9,267458E-1;1,108067E-1;1,186794E-1;9,145255E-1;;
02/12/2021  12:47:16,109463;9,272197E-1;1,063466E-1;1,050943E-1;9,144543E-1;;
02/12/2021  12:47:16,109563;9,272822E-1;1,155854E-1;1,736515E-1;9,144147E-1;;
02/12/2021  12:47:16,109663;9,275296E-1;9,997498E-2;1,142563E-1;9,144063E-1;;
02/12/2021  12:47:16,109763;9,286711E-1;9,201048E-2;9,877564E-2;9,144283E-1;;
02/12/2021  12:47:16,109863;9,288737E-1;1,031608E-1;1,164678E-1;9,144804E-1;;
02/12/2021  12:47:16,109963;9,289691E-1;1,114439E-1;1,193112E-1;9,145618E-1;;
02/12/2021  12:47:16,110063;9,286293E-1;1,194084E-1;1,202590E-1;9,146719E-1;;
02/12/2021  12:47:16,110163;9,291747E-1;7,034704E-2;1,237343E-1;9,148097E-1;;
02/12/2021  12:47:16,110263;9,309808E-1;1,805757E-1;1,670170E-1;9,149743E-1;;
02/12/2021  12:47:16,110363;9,317825E-1;1,299215E-1;1,388990E-1;9,151649E-1;;
02/12/2021  12:47:16,110463;9,320746E-1;1,394789E-1;1,351078E-1;9,153807E-1;;
02/12/2021  12:47:16,110563;9,317974E-1;1,496735E-1;1,344760E-1;9,156211E-1;;
02/12/2021  12:47:16,110663;9,334902E-1;2,200796E-1;1,723878E-1;9,158852E-1;;
02/12/2021  12:47:16,110763;9,349446E-1;1,636910E-1;1,395309E-1;9,161722E-1;;
02/12/2021  12:47:16,110863;9,355854E-1;1,869473E-1;1,619620E-1;9,164815E-1;;
02/12/2021  12:47:16,110963;9,359013E-1;1,585937E-1;1,569071E-1;9,168126E-1;;
02/12/2021  12:47:16,111063;9,364735E-1;1,608238E-1;1,546956E-1;9,171649E-1;;
02/12/2021  12:47:16,111163;9,379696E-1;1,601866E-1;1,540637E-1;9,175378E-1;;
02/12/2021  12:47:16,111263;9,389054E-1;1,754784E-1;1,922915E-1;9,179307E-1;;
02/12/2021  12:47:16,111363;9,395670E-1;1,372488E-1;1,351078E-1;9,183432E-1;;
02/12/2021  12:47:16,111463;9,397012E-1;1,359745E-1;1,449017E-1;9,187747E-1;;
02/12/2021  12:47:16,111563;9,397250E-1;1,299215E-1;1,306848E-1;9,192247E-1;;
02/12/2021  12:47:16,111663;9,419066E-1;1,429833E-1;1,319485E-1;9,196927E-1;;
02/12/2021  12:47:16,111763;9,428424E-1;1,496735E-1;1,392149E-1;9,201779E-1;;
02/12/2021  12:47:16,111863;9,428186E-1;1,362931E-1;1,328963E-1;9,206800E-1;;
02/12/2021  12:47:16,111963;9,424967E-1;1,359745E-1;1,332122E-1;9,211984E-1;;
02/12/2021  12:47:16,112063;9,421808E-1;1,260985E-1;1,524841E-1;9,217323E-1;;
02/12/2021  12:47:16,112163;9,433431E-1;1,468062E-1;1,888163E-1;9,222810E-1;;
02/12/2021  12:47:16,112263;9,442372E-1;1,264171E-1;1,246821E-1;9,228434E-1;;
02/12/2021  12:47:16,112363;9,445829E-1;1,031608E-1;1,082536E-1;9,234187E-1;;
02/12/2021  12:47:16,112463;9,441656E-1;1,206827E-1;1,237343E-1;9,240061E-1;;
02/12/2021  12:47:16,112563;9,442878E-1;1,353374E-1;1,341600E-1;9,246044E-1;;
02/12/2021  12:47:16,112663;9,458197E-1;1,327887E-1;1,357397E-1;9,252128E-1;;
02/12/2021  12:47:16,112763;9,462995E-1;1,257800E-1;1,259458E-1;9,258303E-1;;
02/12/2021  12:47:16,112863;9,465588E-1;1,241871E-1;1,284732E-1;9,264558E-1;;
02/12/2021  12:47:16,112963;9,455783E-1;1,369303E-1;1,449017E-1;9,270886E-1;;
02/12/2021  12:47:16,113063;9,457839E-1;9,647060E-2;8,550650E-2;9,277275E-1;;
02/12/2021  12:47:16,113163;9,472979E-1;1,241871E-1;1,142563E-1;9,283715E-1;;
02/12/2021  12:47:16,113263;9,469761E-1;1,264171E-1;1,231024E-1;9,290194E-1;;
02/12/2021  12:47:16,113363;9,468181E-1;1,407532E-1;1,439539E-1;9,296702E-1;;
02/12/2021  12:47:16,113463;9,469701E-1;1,423461E-1;1,262617E-1;9,303230E-1;;
02/12/2021  12:47:16,113563;9,476526E-1;1,321516E-1;1,265777E-1;9,309764E-1;;
02/12/2021  12:47:16,113663;9,482874E-1;1,324701E-1;1,556434E-1;9,316296E-1;;
02/12/2021  12:47:16,113763;9,486510E-1;1,133553E-1;1,180475E-1;9,322816E-1;;
02/12/2021  12:47:16,113863;9,481414E-1;1,420275E-1;1,335282E-1;9,329315E-1;;
02/12/2021  12:47:16,113963;9,478970E-1;1,165411E-1;9,245700E-2;9,335784E-1;;
02/12/2021  12:47:16,114063;9,476407E-1;1,238685E-1;1,205749E-1;9,342213E-1;;
02/12/2021  12:47:16,114163;9,485825E-1;1,216384E-1;1,092014E-1;9,348592E-1;;
02/12/2021  12:47:16,114263;9,490861E-1;1,455319E-1;1,392149E-1;9,354911E-1;;
02/12/2021  12:47:16,114363;9,497030E-1;1,413904E-1;1,373193E-1;9,361162E-1;;
02/12/2021  12:47:16,114463;9,491398E-1;1,127182E-1;1,186794E-1;9,367338E-1;;
02/12/2021  12:47:16,114563;9,495361E-1;1,108067E-1;1,145722E-1;9,373433E-1;;
02/12/2021  12:47:16,114663;9,507223E-1;1,200455E-1;1,016190E-1;9,379440E-1;;
02/12/2021  12:47:16,114763;9,519472E-1;2,670158E-2;5,170177E-2;9,385353E-1;;
02/12/2021  12:47:16,114863;9,518995E-1;1,171783E-1;1,180475E-1;9,391172E-1;;
02/12/2021  12:47:16,114963;9,517445E-1;1,267357E-1;1,284732E-1;9,396893E-1;;
02/12/2021  12:47:16,115063;9,520664E-1;3,562182E-2;7,855599E-2;9,402515E-1;;
02/12/2021  12:47:16,115163;9,526714E-1;1,241871E-1;1,395309E-1;9,408035E-1;;
02/12/2021  12:47:16,115263;9,531006E-1;1,251428E-1;1,284732E-1;9,413454E-1;;
02/12/2021  12:47:16,115363;9,526446E-1;1,260985E-1;1,240502E-1;9,418768E-1;;
02/12/2021  12:47:16,115463;9,526357E-1;9,424054E-2;8,645429E-2;9,423979E-1;;
02/12/2021  12:47:16,115563;9,527131E-1;1,012493E-1;1,016190E-1;9,429083E-1;;
02/12/2021  12:47:16,115663;9,533360E-1;1,503106E-1;1,695444E-1;9,434079E-1;;
02/12/2021  12:47:16,115763;9,532794E-1;1,455319E-1;1,436380E-1;9,438966E-1;;
02/12/2021  12:47:16,115863;9,527429E-1;5,632952E-2;8,234717E-2;9,443743E-1;;
02/12/2021  12:47:16,115963;9,519860E-1;1,305587E-1;1,268936E-1;9,448407E-1;;
02/12/2021  12:47:16,116063;9,523823E-1;1,315144E-1;1,278414E-1;9,452956E-1;;
02/12/2021  12:47:16,116163;9,528353E-1;1,130368E-1;1,189953E-1;9,457386E-1;;
02/12/2021  12:47:16,116263;9,527102E-1;1,095324E-1;1,120448E-1;9,461695E-1;;
02/12/2021  12:47:16,116363;9,522572E-1;9,201048E-2;9,624818E-2;9,465882E-1;;
02/12/2021  12:47:16,116463;9,519144E-1;1,506292E-1;1,486929E-1;9,469943E-1;;
02/12/2021  12:47:16,116563;9,533897E-1;1,184526E-1;1,126766E-1;9,473876E-1;;
02/12/2021  12:47:16,116663;9,529873E-1;9,328480E-2;1,170997E-1;9,477679E-1;;
02/12/2021  12:47:16,116763;9,534105E-1;1,280100E-1;1,496407E-1;9,481354E-1;;
02/12/2021  12:47:16,116863;9,527102E-1;1,219570E-1;1,275255E-1;9,484899E-1;;
02/12/2021  12:47:16,116963;9,525075E-1;1,267357E-1;1,338441E-1;9,488315E-1;;
02/12/2021  12:47:16,117063;9,532138E-1;1,066652E-1;1,104651E-1;9,491601E-1;;
02/12/2021  12:47:16,117163;9,528324E-1;1,340630E-1;1,316326E-1;9,494757E-1;;
02/12/2021  12:47:16,117263;9,532287E-1;1,372488E-1;1,537478E-1;9,497784E-1;;
02/12/2021  12:47:16,117363;9,524330E-1;1,321516E-1;1,341600E-1;9,500682E-1;;
02/12/2021  12:47:16,117463;9,531095E-1;1,098510E-1;1,174156E-1;9,503451E-1;;
02/12/2021  12:47:16,117563;9,542838E-1;1,331073E-1;1,335282E-1;9,506094E-1;;
02/12/2021  12:47:16,117663;9,540692E-1;1,127182E-1;1,212068E-1;9,508612E-1;;
02/12/2021  12:47:16,117763;9,540960E-1;1,120810E-1;9,372073E-2;9,511010E-1;;
02/12/2021  12:47:16,117863;9,532347E-1;6,397544E-2;1,098333E-1;9,513290E-1;;
02/12/2021  12:47:16,117963;9,530022E-1;1,194084E-1;1,199431E-1;9,515456E-1;;
02/12/2021  12:47:16,118063;9,541467E-1;1,257800E-1;1,035146E-1;9,517509E-1;;
02/12/2021  12:47:16,118163;9,540304E-1;1,311958E-1;1,322644E-1;9,519451E-1;;
02/12/2021  12:47:16,118263;9,535476E-1;9,392196E-2;1,076217E-1;9,521288E-1;;
02/12/2021  12:47:16,118363;9,533450E-1;-2,607782E-3;7,002583E-2;9,523020E-1;;
02/12/2021  12:47:16,118463;9,533360E-1;1,270543E-1;1,227865E-1;9,524651E-1;;
02/12/2021  12:47:16,118563;9,544685E-1;1,793014E-1;1,496407E-1;9,526184E-1;;
02/12/2021  12:47:16,118663;9,544477E-1;1,178155E-1;1,246821E-1;9,527621E-1;;
02/12/2021  12:47:16,118763;9,535864E-1;1,276914E-1;1,303688E-1;9,528966E-1;;
02/12/2021  12:47:16,118863;9,525701E-1;1,130368E-1;1,095173E-1;9,530224E-1;;
02/12/2021  12:47:16,118963;9,533181E-1;9,169190E-2;1,325804E-1;9,531396E-1;;
02/12/2021  12:47:16,119063;9,542659E-1;1,257800E-1;1,098333E-1;9,532483E-1;;
02/12/2021  12:47:16,119163;9,532854E-1;1,276914E-1;1,268936E-1;9,533489E-1;;
02/12/2021  12:47:16,119263;9,524092E-1;1,388417E-1;1,370034E-1;9,534416E-1;;
02/12/2021  12:47:16,119363;9,516581E-1;9,392196E-2;1,155200E-1;9,535265E-1;;
02/12/2021  12:47:16,119463;9,523883E-1;5,760384E-2;8,961361E-2;9,536037E-1;;
02/12/2021  12:47:16,119563;9,525701E-1;1,324701E-1;1,272095E-1;9,536731E-1;;
02/12/2021  12:47:16,119663;9,512737E-1;1,206827E-1;1,199431E-1;9,537348E-1;;
02/12/2021  12:47:16,119763;9,510323E-1;1,190898E-1;1,366875E-1;9,537888E-1;;
02/12/2021  12:47:16,119863;9,498610E-1;1,155854E-1;1,240502E-1;9,538351E-1;;
02/12/2021  12:47:16,119963;9,497328E-1;1,372488E-1;1,303688E-1;9,538735E-1;;
02/12/2021  12:47:16,120063;9,500517E-1;1,375674E-1;1,515363E-1;9,539036E-1;;
02/12/2021  12:47:16,120163;9,498699E-1;1,235499E-1;1,234183E-1;9,539253E-1;;
02/12/2021  12:47:16,120263;9,491100E-1;1,949118E-1;1,777586E-1;9,539384E-1;;
02/12/2021  12:47:16,120363;9,488209E-1;1,216384E-1;1,237343E-1;9,539430E-1;;
02/12/2021  12:47:16,120463;9,491398E-1;1,200455E-1;1,303688E-1;9,539387E-1;;
02/12/2021  12:47:16,120563;9,498401E-1;1,260985E-1;1,310007E-1;9,539256E-1;;
02/12/2021  12:47:16,120663;9,493991E-1;1,353374E-1;1,351078E-1;9,539037E-1;;
02/12/2021  12:47:16,120763;9,494944E-1;1,184526E-1;1,076217E-1;9,538732E-1;;
02/12/2021  12:47:16,120863;9,488894E-1;9,933782E-2;1,272095E-1;9,538344E-1;;
02/12/2021  12:47:16,120963;9,496852E-1;1,289658E-1;1,354238E-1;9,537873E-1;;
02/12/2021  12:47:16,121063;9,500547E-1;1,165411E-1;1,262617E-1;9,537324E-1;;
02/12/2021  12:47:16,121163;9,493961E-1;1,165411E-1;1,291051E-1;9,536700E-1;;
02/12/2021  12:47:16,121263;9,495898E-1;1,238685E-1;1,205749E-1;9,536004E-1;;
02/12/2021  12:47:16,121363;9,492322E-1;1,114439E-1;1,272095E-1;9,535243E-1;;
02/12/2021  12:47:16,121463;9,504720E-1;6,588692E-2;1,025668E-1;9,534418E-1;;
02/12/2021  12:47:16,121563;9,504183E-1;1,034794E-1;1,152041E-1;9,533536E-1;;
02/12/2021  12:47:16,121663;9,501382E-1;1,146297E-1;1,183634E-1;9,532602E-1;;
02/12/2021  12:47:16,121763;9,492739E-1;1,165411E-1;1,218387E-1;9,531623E-1;;
02/12/2021  12:47:16,121863;9,492798E-1;6,206396E-2;5,612482E-2;9,530602E-1;;
02/12/2021  12:47:16,121963;9,496017E-1;1,123996E-1;1,092014E-1;9,529544E-1;;
02/12/2021  12:47:16,122063;9,496256E-1;1,082581E-1;1,249980E-1;9,528452E-1;;
02/12/2021  12:47:16,122163;9,490831E-1;9,232906E-2;1,142563E-1;9,527331E-1;;
02/12/2021  12:47:16,122263;9,483977E-1;1,136739E-1;1,249980E-1;9,526185E-1;;
02/12/2021  12:47:16,122363;9,482457E-1;9,328480E-2;1,038306E-1;9,525015E-1;;
02/12/2021  12:47:16,122463;9,480549E-1;9,360338E-2;1,170997E-1;9,523824E-1;;
02/12/2021  12:47:16,122563;9,477331E-1;1,012493E-1;1,180475E-1;9,522612E-1;;
02/12/2021  12:47:16,122663;9,472681E-1;1,015679E-1;9,909157E-2;9,521381E-1;;
02/12/2021  12:47:16,122763;9,461207E-1;9,615202E-2;1,202590E-1;9,520131E-1;;
02/12/2021  12:47:16,122863;9,462906E-1;7,193994E-2;1,256299E-1;9,518862E-1;;
02/12/2021  12:47:16,122963;9,463740E-1;3,594040E-2;8,834988E-2;9,517571E-1;;
02/12/2021  12:47:16,123063;9,460999E-1;1,082581E-1;1,256299E-1;9,516258E-1;;
02/12/2021  12:47:16,123163;9,456647E-1;1,098510E-1;1,170997E-1;9,514922E-1;;
02/12/2021  12:47:16,123263;9,442729E-1;1,149482E-1;1,215227E-1;9,513563E-1;;
02/12/2021  12:47:16,123363;9,440882E-1;1,640096E-1;1,676488E-1;9,512179E-1;;
02/12/2021  12:47:16,123463;9,450299E-1;1,710183E-1;1,616461E-1;9,510766E-1;;
02/12/2021  12:47:16,123563;9,440822E-1;1,245056E-1;1,136244E-1;9,509323E-1;;
02/12/2021  12:47:16,123663;9,435785E-1;1,385232E-1;1,278414E-1;9,507849E-1;;
02/12/2021  12:47:16,123763;9,424043E-1;1,703812E-1;1,483770E-1;9,506342E-1;;
02/12/2021  12:47:16,123863;9,425682E-1;1,837615E-1;1,708081E-1;9,504799E-1;;
02/12/2021  12:47:16,123963;9,419453E-1;1,735670E-1;1,452176E-1;9,503217E-1;;
02/12/2021  12:47:16,124063;9,414148E-1;1,620981E-1;1,531159E-1;9,501594E-1;;
02/12/2021  12:47:16,124163;9,411079E-1;1,627352E-1;1,553275E-1;9,499926E-1;;
02/12/2021  12:47:16,124263;9,397608E-1;8,946184E-2;1,031987E-1;9,498211E-1;;
02/12/2021  12:47:16,124363;9,408486E-1;3,721472E-2;8,392683E-2;9,496444E-1;;
02/12/2021  12:47:16,124463;9,406608E-1;1,589123E-1;1,913437E-1;9,494624E-1;;
02/12/2021  12:47:16,124563;9,400528E-1;1,101695E-1;1,095173E-1;9,492750E-1;;
02/12/2021  12:47:16,124663;9,394836E-1;7,257710E-2;5,264957E-2;9,490819E-1;;
02/12/2021  12:47:16,124763;9,387296E-1;1,429833E-1;1,366875E-1;9,488833E-1;;
02/12/2021  12:47:16,124863;9,392005E-1;1,554079E-1;1,771268E-1;9,486788E-1;;
02/12/2021  12:47:16,124963;9,392005E-1;1,149482E-1;1,278414E-1;9,484685E-1;;
02/12/2021  12:47:16,125063;9,381693E-1;1,254614E-1;1,310007E-1;9,482523E-1;;
02/12/2021  12:47:16,125163;9,373169E-1;1,264171E-1;1,354238E-1;9,480304E-1;;
02/12/2021  12:47:16,125263;9,371709E-1;1,165411E-1;1,221546E-1;9,478025E-1;;
02/12/2021  12:47:16,125363;9,371590E-1;1,127182E-1;1,158360E-1;9,475687E-1;;
02/12/2021  12:47:16,125463;9,371411E-1;1,190898E-1;1,114129E-1;9,473289E-1;;
02/12/2021  12:47:16,125563;9,362887E-1;1,675139E-1;1,828136E-1;9,470832E-1;;
02/12/2021  12:47:16,125663;9,350906E-1;1,350188E-1;1,344760E-1;9,468316E-1;;
02/12/2021  12:47:16,125763;9,345780E-1;1,417090E-1;1,455336E-1;9,465741E-1;;
02/12/2021  12:47:16,125863;9,344081E-1;2,797590E-2;6,907803E-2;9,463106E-1;;
02/12/2021  12:47:16,125963;9,342651E-1;1,296029E-1;1,335282E-1;9,460409E-1;;
02/12/2021  12:47:16,126063;9,330879E-1;1,267357E-1;1,357397E-1;9,457649E-1;;
02/12/2021  12:47:16,126163;9,325306E-1;1,327887E-1;1,278414E-1;9,454827E-1;;
02/12/2021  12:47:16,126263;9,319047E-1;3,339176E-2;1,016190E-1;9,451940E-1;;
02/12/2021  12:47:16,126363;9,322474E-1;1,139925E-1;1,249980E-1;9,448987E-1;;
02/12/2021  12:47:16,126463;9,317736E-1;1,391603E-1;1,430061E-1;9,445968E-1;;
02/12/2021  12:47:16,126563;9,309033E-1;8,914326E-2;9,972343E-2;9,442884E-1;;
02/12/2021  12:47:16,126663;9,301642E-1;1,286472E-1;1,550115E-1;9,439733E-1;;
02/12/2021  12:47:16,126763;9,294191E-1;1,289658E-1;1,303688E-1;9,436516E-1;;
02/12/2021  12:47:16,126863;9,295979E-1;1,340630E-1;1,695444E-1;9,433231E-1;;
02/12/2021  12:47:16,126963;9,292969E-1;1,318330E-1;1,278414E-1;9,429879E-1;;
02/12/2021  12:47:16,127063;9,281316E-1;4,740928E-2;7,350108E-2;9,426461E-1;;
02/12/2021  12:47:16,127163;9,273478E-1;1,216384E-1;1,249980E-1;9,422975E-1;;
02/12/2021  12:47:16,127263;9,270647E-1;1,213198E-1;1,287892E-1;9,419423E-1;;
02/12/2021  12:47:16,127363;9,268710E-1;1,327887E-1;1,297370E-1;9,415803E-1;;
02/12/2021  12:47:16,127463;9,263494E-1;1,241871E-1;1,294210E-1;9,412117E-1;;
02/12/2021  12:47:16,127563;9,253152E-1;1,283286E-1;1,300529E-1;9,408363E-1;;
02/12/2021  12:47:16,127663;9,241678E-1;1,299215E-1;1,155200E-1;9,404544E-1;;
02/12/2021  12:47:16,127763;9,238817E-1;9,264764E-2;1,474292E-1;9,400657E-1;;
02/12/2021  12:47:16,127863;9,242364E-1;1,136739E-1;1,237343E-1;9,396702E-1;;
02/12/2021  12:47:16,127963;9,233006E-1;1,356559E-1;1,407946E-1;9,392680E-1;;
02/12/2021  12:47:16,128063;9,231337E-1;1,353374E-1;1,322644E-1;9,388592E-1;;
02/12/2021  12:47:16,128163;9,219922E-1;1,448948E-1;1,287892E-1;9,384438E-1;;
02/12/2021  12:47:16,128263;9,219714E-1;4,326774E-2;7,318515E-2;9,380220E-1;;
02/12/2021  12:47:16,128363;9,221293E-1;1,385232E-1;1,262617E-1;9,375939E-1;;
02/12/2021  12:47:16,128463;9,220965E-1;1,194084E-1;1,155200E-1;9,371598E-1;;
02/12/2021  12:47:16,128563;9,213842E-1;1,503106E-1;1,616461E-1;9,367200E-1;;
02/12/2021  12:47:16,128663;9,204752E-1;1,347002E-1;1,376353E-1;9,362749E-1;;
02/12/2021  12:47:16,128763;9,212322E-1;1,315144E-1;1,221546E-1;9,358248E-1;;
02/12/2021  12:47:16,128863;9,210951E-1;1,719741E-1;1,948190E-1;9,353701E-1;;
02/12/2021  12:47:16,128963;9,212948E-1;1,053908E-1;1,098333E-1;9,349114E-1;;
02/12/2021  12:47:16,129063;9,200044E-1;4,932076E-2;1,003553E-1;9,344492E-1;;
02/12/2021  12:47:16,129163;9,197540E-1;1,216384E-1;1,234183E-1;9,339841E-1;;
02/12/2021  12:47:16,129263;9,201563E-1;1,034794E-1;9,277293E-2;9,335167E-1;;
02/12/2021  12:47:16,129363;9,206541E-1;1,305587E-1;1,366875E-1;9,330474E-1;;
02/12/2021  12:47:16,129463;9,195394E-1;1,369303E-1;1,360556E-1;9,325769E-1;;
02/12/2021  12:47:16,129563;9,187496E-1;1,350188E-1;1,332122E-1;9,321059E-1;;
02/12/2021  12:47:16,129663;9,180910E-1;1,767528E-1;2,219891E-1;9,316348E-1;;
02/12/2021  12:47:16,129763;9,185023E-1;1,496735E-1;1,524841E-1;9,311640E-1;;
02/12/2021  12:47:16,129863;9,189553E-1;1,197269E-1;1,275255E-1;9,306940E-1;;
02/12/2021  12:47:16,129963;9,185857E-1;1,394789E-1;1,338441E-1;9,302253E-1;;
02/12/2021  12:47:16,130063;9,186751E-1;1,382046E-1;1,291051E-1;9,297585E-1;;
02/12/2021  12:47:16,130163;9,182400E-1;1,318330E-1;1,357397E-1;9,292942E-1;;
02/12/2021  12:47:16,130263;9,195573E-1;1,321516E-1;1,442698E-1;9,288329E-1;;
02/12/2021  12:47:16,130363;9,195662E-1;1,356559E-1;1,338441E-1;9,283755E-1;;
02/12/2021  12:47:16,130463;9,194590E-1;1,413904E-1;1,398468E-1;9,279226E-1;;
02/12/2021  12:47:16,130563;9,195066E-1;1,018865E-1;1,218387E-1;9,274751E-1;;
02/12/2021  12:47:16,130663;9,196080E-1;1,022050E-1;1,066739E-1;9,270338E-1;;
02/12/2021  12:47:16,130763;9,202160E-1;1,264171E-1;1,167838E-1;9,265994E-1;;
02/12/2021  12:47:16,130863;9,206362E-1;1,369303E-1;1,316326E-1;9,261727E-1;;
02/12/2021  12:47:16,130963;9,208567E-1;1,369303E-1;1,407946E-1;9,257546E-1;;
02/12/2021  12:47:16,131063;9,206094E-1;1,585937E-1;1,584868E-1;9,253460E-1;;
02/12/2021  12:47:16,131163;9,217508E-1;1,299215E-1;1,186794E-1;9,249476E-1;;
02/12/2021  12:47:16,131263;9,224631E-1;1,461691E-1;1,638576E-1;9,245604E-1;;
02/12/2021  12:47:16,131363;9,223946E-1;1,155854E-1;1,177316E-1;9,241851E-1;;
02/12/2021  12:47:16,131463;9,224393E-1;1,165411E-1;1,107811E-1;9,238228E-1;;
02/12/2021  12:47:16,131563;9,222753E-1;1,229127E-1;1,319485E-1;9,234741E-1;;
02/12/2021  12:47:16,131663;9,220667E-1;1,347002E-1;1,366875E-1;9,231398E-1;;
02/12/2021  12:47:16,131763;9,234436E-1;1,382046E-1;1,205749E-1;9,228204E-1;;
02/12/2021  12:47:16,131863;9,240635E-1;1,448948E-1;1,398468E-1;9,225166E-1;;
02/12/2021  12:47:16,131963;9,237029E-1;1,178155E-1;1,221546E-1;9,222288E-1;;
02/12/2021  12:47:16,132063;9,237118E-1;1,305587E-1;1,249980E-1;9,219578E-1;;
02/12/2021  12:47:16,132163;9,249278E-1;1,391603E-1;1,433221E-1;9,217039E-1;;
02/12/2021  12:47:16,132263;9,260097E-1;1,299215E-1;1,224705E-1;9,214676E-1;;
02/12/2021  12:47:16,132363;9,265998E-1;1,267357E-1;1,215227E-1;9,212496E-1;;
02/12/2021  12:47:16,132463;9,264478E-1;1,308772E-1;1,262617E-1;9,210502E-1;;
02/12/2021  12:47:16,132563;9,265580E-1;1,579565E-1;1,483770E-1;9,208702E-1;;
02/12/2021  12:47:16,132663;9,279141E-1;1,299215E-1;1,234183E-1;9,207098E-1;;
02/12/2021  12:47:16,132763;9,288380E-1;1,225942E-1;1,148882E-1;9,205695E-1;;
02/12/2021  12:47:16,132863;9,288111E-1;1,092138E-1;1,170997E-1;9,204497E-1;;
02/12/2021  12:47:16,132963;9,287456E-1;1,296029E-1;1,366875E-1;9,203508E-1;;
02/12/2021  12:47:16,133063;9,292641E-1;1,267357E-1;1,183634E-1;9,202729E-1;;
02/12/2021  12:47:16,133163;9,311537E-1;1,057094E-1;1,028828E-1;9,202164E-1;;
02/12/2021  12:47:16,133263;9,320686E-1;2,137080E-1;2,327308E-1;9,201814E-1;;
02/12/2021  12:47:16,133363;9,313146E-1;1,334259E-1;1,341600E-1;9,201682E-1;;
02/12/2021  12:47:16,133463;9,309927E-1;1,286472E-1;1,000394E-1;9,201770E-1;;
02/12/2021  12:47:16,133563;9,306559E-1;1,356559E-1;1,297370E-1;9,202077E-1;;
02/12/2021  12:47:16,133663;9,320209E-1;1,321516E-1;1,218387E-1;9,202600E-1;;
02/12/2021  12:47:16,133763;9,326557E-1;1,095324E-1;1,272095E-1;9,203336E-1;;
02/12/2021  12:47:16,133863;9,326736E-1;1,429833E-1;1,366875E-1;9,204282E-1;;
02/12/2021  12:47:16,133963;9,327004E-1;1,458505E-1;1,452176E-1;9,205435E-1;;
02/12/2021  12:47:16,134063;9,327571E-1;1,184526E-1;1,253139E-1;9,206789E-1;;
02/12/2021  12:47:16,134163;9,340118E-1;1,117624E-1;1,104651E-1;9,208341E-1;;
02/12/2021  12:47:16,134263;9,352277E-1;1,280100E-1;1,351078E-1;9,210085E-1;;
02/12/2021  12:47:16,134363;9,357463E-1;1,143111E-1;1,486929E-1;9,212016E-1;;
02/12/2021  12:47:16,134463;9,358119E-1;9,901924E-2;1,092014E-1;9,214132E-1;;
02/12/2021  12:47:16,134563;9,361874E-1;9,806350E-2;1,284732E-1;9,216429E-1;;
02/12/2021  12:47:16,134663;9,375494E-1;1,085766E-1;1,319485E-1;9,218903E-1;;
02/12/2021  12:47:16,134763;9,387266E-1;1,063466E-1;1,167838E-1;9,221549E-1;;
02/12/2021  12:47:16,134863;9,394717E-1;1,069837E-1;1,186794E-1;9,224366E-1;;
02/12/2021  12:47:16,134963;9,398651E-1;9,678918E-2;1,066739E-1;9,227351E-1;;
02/12/2021  12:47:16,135063;9,412062E-1;9,647060E-2;1,268936E-1;9,230502E-1;;
02/12/2021  12:47:16,135163;9,429378E-1;1,044351E-1;1,231024E-1;9,233817E-1;;
02/12/2021  12:47:16,135263;9,439868E-1;1,053908E-1;1,110970E-1;9,237297E-1;;
02/12/2021  12:47:16,135363;9,445382E-1;7,958586E-2;1,016190E-1;9,240942E-1;;
02/12/2021  12:47:16,135463;9,451313E-1;9,519628E-2;1,189953E-1;9,244754E-1;;
02/12/2021  12:47:16,135563;9,456409E-1;1,002936E-1;1,031987E-1;9,248731E-1;;
02/12/2021  12:47:16,135663;9,469045E-1;1,088952E-1;7,918786E-2;9,252874E-1;;
02/12/2021  12:47:16,135763;9,485348E-1;9,965640E-2;1,139404E-1;9,257181E-1;;
02/12/2021  12:47:16,135863;9,482367E-1;9,487770E-2;1,164678E-1;9,261654E-1;;
02/12/2021  12:47:16,135963;9,491070E-1;1,047537E-1;1,240502E-1;9,266291E-1;;
02/12/2021  12:47:16,136063;9,501084E-1;1,114439E-1;1,243661E-1;9,271090E-1;;
02/12/2021  12:47:16,136163;9,511574E-1;1,117624E-1;1,294210E-1;9,276051E-1;;
02/12/2021  12:47:16,136263;9,518071E-1;1,238685E-1;1,310007E-1;9,281171E-1;;
02/12/2021  12:47:16,136363;9,524449E-1;1,254614E-1;1,281573E-1;9,286448E-1;;
02/12/2021  12:47:16,136463;9,518369E-1;1,401161E-1;1,196272E-1;9,291881E-1;;
02/12/2021  12:47:16,136563;9,527906E-1;1,624167E-1;1,534319E-1;9,297463E-1;;
02/12/2021  12:47:16,136663;9,539112E-1;1,620981E-1;1,600664E-1;9,303191E-1;;
02/12/2021  12:47:16,136763;9,544060E-1;1,649653E-1;1,455336E-1;9,309058E-1;;
02/12/2021  12:47:16,136863;9,543076E-1;1,557265E-1;1,404787E-1;9,315060E-1;;
02/12/2021  12:47:16,136963;9,542659E-1;1,050723E-1;1,139404E-1;9,321189E-1;;
02/12/2021  12:47:16,137063;9,550765E-1;8,086018E-2;8,929768E-2;9,327437E-1;;
02/12/2021  12:47:16,137163;9,559229E-1;1,448948E-1;1,344760E-1;9,333798E-1;;
02/12/2021  12:47:16,137263;9,559140E-1;1,286472E-1;1,246821E-1;9,340261E-1;;
02/12/2021  12:47:16,137363;9,552822E-1;1,649653E-1;1,986102E-1;9,346818E-1;;
02/12/2021  12:47:16,137463;9,549782E-1;1,423461E-1;1,363715E-1;9,353460E-1;;
02/12/2021  12:47:16,137563;9,553567E-1;1,044351E-1;1,082536E-1;9,360173E-1;;
02/12/2021  12:47:16,137663;9,561166E-1;6,206396E-2;1,417424E-1;9,366946E-1;;
02/12/2021  12:47:16,137763;9,559021E-1;1,270543E-1;1,275255E-1;9,373766E-1;;
02/12/2021  12:47:16,137863;9,549782E-1;1,337445E-1;1,442698E-1;9,380621E-1;;
02/12/2021  12:47:16,137963;9,546146E-1;1,264171E-1;1,268936E-1;9,387496E-1;;
02/12/2021  12:47:16,138063;9,555146E-1;1,130368E-1;1,145722E-1;9,394378E-1;;
02/12/2021  12:47:16,138163;9,560809E-1;1,311958E-1;1,430061E-1;9,401253E-1;;
02/12/2021  12:47:16,138263;9,560153E-1;1,225942E-1;1,363715E-1;9,408106E-1;;
02/12/2021  12:47:16,138363;9,560272E-1;1,229127E-1;1,123607E-1;9,414926E-1;;
02/12/2021  12:47:16,138463;9,559796E-1;1,289658E-1;1,275255E-1;9,421700E-1;;
02/12/2021  12:47:16,138563;9,572998E-1;1,041165E-1;1,272095E-1;9,428418E-1;;
02/12/2021  12:47:16,138663;9,575859E-1;1,200455E-1;1,332122E-1;9,435069E-1;;
02/12/2021  12:47:16,138763;9,578720E-1;1,184526E-1;1,234183E-1;9,441645E-1;;
02/12/2021  12:47:16,138863;9,579317E-1;1,254614E-1;1,196272E-1;9,448138E-1;;
02/12/2021  12:47:16,138963;9,583191E-1;1,108067E-1;1,237343E-1;9,454542E-1;;
02/12/2021  12:47:16,139063;9,600536E-1;1,327887E-1;1,546956E-1;9,460849E-1;;
02/12/2021  12:47:16,139163;9,602056E-1;1,273729E-1;1,313166E-1;9,467055E-1;;
02/12/2021  12:47:16,139263;9,604351E-1;1,200455E-1;1,259458E-1;9,473159E-1;;
02/12/2021  12:47:16,139363;9,602354E-1;1,174969E-1;1,246821E-1;9,479158E-1;;
02/12/2021  12:47:16,139463;9,604083E-1;3,371034E-2;1,076217E-1;9,485049E-1;;
02/12/2021  12:47:16,139563;9,614335E-1;1,334259E-1;1,303688E-1;9,490831E-1;;
02/12/2021  12:47:16,139663;9,613739E-1;1,101695E-1;1,278414E-1;9,496500E-1;;
02/12/2021  12:47:16,139763;9,610788E-1;1,101695E-1;1,212068E-1;9,502057E-1;;
02/12/2021  12:47:16,139863;9,609745E-1;2,031949E-1;1,392149E-1;9,507499E-1;;
02/12/2021  12:47:16,139963;9,611981E-1;1,417090E-1;1,477451E-1;9,512825E-1;;
02/12/2021  12:47:16,140063;9,615646E-1;1,308772E-1;1,502726E-1;9,518032E-1;;
02/12/2021  12:47:16,140163;9,622918E-1;1,219570E-1;1,294210E-1;9,523119E-1;;
02/12/2021  12:47:16,140263;9,613769E-1;1,283286E-1;1,193112E-1;9,528084E-1;;
02/12/2021  12:47:16,140363;9,608851E-1;1,069837E-1;1,379512E-1;9,532928E-1;;
02/12/2021  12:47:16,140463;9,615974E-1;1,254614E-1;1,268936E-1;9,537647E-1;;
02/12/2021  12:47:16,140563;9,623187E-1;1,123996E-1;1,152041E-1;9,542239E-1;;
02/12/2021  12:47:16,140663;9,621518E-1;1,241871E-1;1,189953E-1;9,546704E-1;;
02/12/2021  12:47:16,140763;9,611474E-1;1,181340E-1;1,237343E-1;9,551041E-1;;
02/12/2021  12:47:16,140863;9,612130E-1;1,382046E-1;1,360556E-1;9,555249E-1;;
02/12/2021  12:47:16,140963;9,621011E-1;1,382046E-1;1,287892E-1;9,559327E-1;;
02/12/2021  12:47:16,141063;9,625273E-1;9,933782E-2;8,203124E-2;9,563272E-1;;
02/12/2021  12:47:16,141163;9,620534E-1;1,133553E-1;1,193112E-1;9,567087E-1;;
02/12/2021  12:47:16,141263;9,619610E-1;1,181340E-1;1,265777E-1;9,570770E-1;;
02/12/2021  12:47:16,141363;9,613232E-1;1,251428E-1;1,246821E-1;9,574323E-1;;
02/12/2021  12:47:16,141463;9,608613E-1;1,028422E-1;1,148882E-1;9,577744E-1;;
02/12/2021  12:47:16,141563;9,617464E-1;1,276914E-1;1,297370E-1;9,581032E-1;;
02/12/2021  12:47:16,141663;9,609537E-1;1,410718E-1;1,310007E-1;9,584187E-1;;
02/12/2021  12:47:16,141763;9,603278E-1;1,407532E-1;1,426902E-1;9,587206E-1;;
02/12/2021  12:47:16,141863;9,598182E-1;1,168597E-1;1,240502E-1;9,590090E-1;;
02/12/2021  12:47:16,141963;9,597109E-1;8,213450E-2;1,199431E-1;9,592835E-1;;
02/12/2021  12:47:16,142063;9,602801E-1;1,280100E-1;1,291051E-1;9,595439E-1;;
02/12/2021  12:47:16,142163;9,595321E-1;1,251428E-1;1,272095E-1;9,597900E-1;;
02/12/2021  12:47:16,142263;9,584383E-1;1,528593E-1;2,068244E-1;9,600218E-1;;
02/12/2021  12:47:16,142363;9,577588E-1;1,190898E-1;1,177316E-1;9,602390E-1;;
02/12/2021  12:47:16,142463;9,583161E-1;1,127182E-1;1,202590E-1;9,604413E-1;;
02/12/2021  12:47:16,142563;9,592758E-1;1,315144E-1;1,426902E-1;9,606284E-1;;
02/12/2021  12:47:16,142663;9,585396E-1;1,219570E-1;1,196272E-1;9,608003E-1;;
02/12/2021  12:47:16,142763;9,579317E-1;1,190898E-1;1,313166E-1;9,609571E-1;;
02/12/2021  12:47:16,142863;9,573356E-1;9,678918E-2;1,136244E-1;9,610988E-1;;
02/12/2021  12:47:16,142963;9,588943E-1;1,053908E-1;1,114129E-1;9,612253E-1;;
02/12/2021  12:47:16,143063;9,588377E-1;1,426647E-1;1,291051E-1;9,613369E-1;;
02/12/2021  12:47:16,143163;9,586529E-1;1,229127E-1;1,246821E-1;9,614338E-1;;
02/12/2021  12:47:16,143263;9,577201E-1;1,216384E-1;1,164678E-1;9,615165E-1;;
02/12/2021  12:47:16,143363;9,572551E-1;5,696668E-2;1,003553E-1;9,615852E-1;;
02/12/2021  12:47:16,143463;9,582297E-1;1,311958E-1;1,651214E-1;9,616402E-1;;
02/12/2021  12:47:16,143563;9,575025E-1;1,181340E-1;1,212068E-1;9,616817E-1;;
02/12/2021  12:47:16,143663;9,566829E-1;1,190898E-1;1,208909E-1;9,617102E-1;;
02/12/2021  12:47:16,143763;9,560988E-1;1,280100E-1;1,193112E-1;9,617258E-1;;
02/12/2021  12:47:16,143863;9,555265E-1;1,283286E-1;1,303688E-1;9,617288E-1;;
02/12/2021  12:47:16,143963;9,555385E-1;1,480806E-1;1,584868E-1;9,617192E-1;;
02/12/2021  12:47:16,144063;9,552792E-1;1,343816E-1;1,338441E-1;9,616972E-1;;
02/12/2021  12:47:16,144163;9,540930E-1;1,159040E-1;1,297370E-1;9,616630E-1;;
02/12/2021  12:47:16,144263;9,532436E-1;9,838208E-2;1,237343E-1;9,616164E-1;;
02/12/2021  12:47:16,144363;9,528771E-1;1,315144E-1;1,360556E-1;9,615576E-1;;
02/12/2021  12:47:16,144463;9,532377E-1;1,321516E-1;1,916596E-1;9,614865E-1;;
02/12/2021  12:47:16,144563;9,529188E-1;1,063466E-1;1,136244E-1;9,614030E-1;;
02/12/2021  12:47:16,144663;9,517952E-1;1,187712E-1;1,256299E-1;9,613072E-1;;
02/12/2021  12:47:16,144763;9,505107E-1;1,534964E-1;1,546956E-1;9,611993E-1;;
02/12/2021  12:47:16,144863;9,501531E-1;1,324701E-1;1,360556E-1;9,610790E-1;;
02/12/2021  12:47:16,144963;9,505345E-1;1,232313E-1;1,439539E-1;9,609463E-1;;
02/12/2021  12:47:16,145063;9,503885E-1;1,146297E-1;1,243661E-1;9,608011E-1;;
02/12/2021  12:47:16,145163;9,495212E-1;1,394789E-1;1,249980E-1;9,606435E-1;;
02/12/2021  12:47:16,145263;9,471757E-1;1,108067E-1;9,782784E-2;9,604736E-1;;
02/12/2021  12:47:16,145363;9,478404E-1;5,760384E-2;9,782784E-2;9,602914E-1;;
02/12/2021  12:47:16,145463;9,478731E-1;1,340630E-1;1,407946E-1;9,600965E-1;;
02/12/2021  12:47:16,145563;9,470029E-1;1,276914E-1;1,297370E-1;9,598892E-1;;
02/12/2021  12:47:16,145663;9,457154E-1;1,404346E-1;1,382671E-1;9,596694E-1;;
02/12/2021  12:47:16,145763;9,453220E-1;1,270543E-1;1,335282E-1;9,594371E-1;;
02/12/2021  12:47:16,145863;9,455068E-1;1,241871E-1;1,139404E-1;9,591923E-1;;
02/12/2021  12:47:16,145963;9,450299E-1;1,174969E-1;1,161519E-1;9,589351E-1;;
02/12/2021  12:47:16,146063;9,438289E-1;1,095324E-1;1,262617E-1;9,586655E-1;;
02/12/2021  12:47:16,146163;9,420556E-1;1,353374E-1;1,275255E-1;9,583836E-1;;
02/12/2021  12:47:16,146263;9,408873E-1;1,337445E-1;1,287892E-1;9,580894E-1;;
02/12/2021  12:47:16,146363;9,408545E-1;1,372488E-1;1,287892E-1;9,577826E-1;;
02/12/2021  12:47:16,146463;9,404343E-1;1,410718E-1;1,347919E-1;9,574630E-1;;
02/12/2021  12:47:16,146563;9,388935E-1;4,804644E-2;8,139938E-2;9,571305E-1;;
02/12/2021  12:47:16,146663;9,377848E-1;1,445762E-1;1,464814E-1;9,567850E-1;;
02/12/2021  12:47:16,146763;9,363722E-1;1,149482E-1;1,193112E-1;9,564262E-1;;
02/12/2021  12:47:16,146863;9,365182E-1;1,203641E-1;1,142563E-1;9,560539E-1;;
02/12/2021  12:47:16,146963;9,362321E-1;1,347002E-1;1,474292E-1;9,556678E-1;;
02/12/2021  12:47:16,147063;9,353171E-1;1,178155E-1;1,215227E-1;9,552678E-1;;
02/12/2021  12:47:16,147163;9,330938E-1;1,251428E-1;1,531159E-1;9,548539E-1;;
02/12/2021  12:47:16,147263;9,332965E-1;8,723178E-2;1,009872E-1;9,544260E-1;;
02/12/2021  12:47:16,147363;9,335409E-1;1,276914E-1;1,452176E-1;9,539840E-1;;
02/12/2021  12:47:16,147463;9,330372E-1;1,184526E-1;1,215227E-1;9,535279E-1;;
02/12/2021  12:47:16,147563;9,325008E-1;1,104881E-1;1,158360E-1;9,530581E-1;;
02/12/2021  12:47:16,147663;9,314576E-1;8,786894E-2;1,155200E-1;9,525748E-1;;
02/12/2021  12:47:16,147763;9,318689E-1;1,178155E-1;1,332122E-1;9,520783E-1;;
02/12/2021  12:47:16,147863;9,322504E-1;1,273729E-1;1,442698E-1;9,515692E-1;;
02/12/2021  12:47:16,147963;9,321610E-1;1,133553E-1;1,212068E-1;9,510480E-1;;
02/12/2021  12:47:16,148063;9,316722E-1;8,436456E-2;1,050943E-1;9,505156E-1;;
02/12/2021  12:47:16,148163;9,306291E-1;8,691320E-2;9,561632E-2;9,499729E-1;;
02/12/2021  12:47:16,148263;9,302417E-1;1,031608E-1;1,174156E-1;9,494206E-1;;
02/12/2021  12:47:16,148363;9,307334E-1;8,723178E-2;1,003553E-1;9,488595E-1;;
02/12/2021  12:47:16,148463;9,302268E-1;9,583344E-2;1,088855E-1;9,482905E-1;;
02/12/2021  12:47:16,148563;9,303281E-1;1,232313E-1;1,461654E-1;9,477145E-1;;
02/12/2021  12:47:16,148663;9,294906E-1;1,123996E-1;1,208909E-1;9,471324E-1;;
02/12/2021  12:47:16,148763;9,291777E-1;8,213450E-2;9,372073E-2;9,465452E-1;;
02/12/2021  12:47:16,148863;9,296933E-1;2,006463E-1;1,989261E-1;9,459538E-1;;
02/12/2021  12:47:16,148963;9,297291E-1;1,104881E-1;1,246821E-1;9,453592E-1;;
02/12/2021  12:47:16,149063;9,284177E-1;1,401161E-1;1,439539E-1;9,447624E-1;;
02/12/2021  12:47:16,149163;9,268024E-1;1,636910E-1;1,641736E-1;9,441643E-1;;
02/12/2021  12:47:16,149263;9,271094E-1;1,646467E-1;1,869207E-1;9,435656E-1;;
02/12/2021  12:47:16,149363;9,282985E-1;1,563636E-1;1,322644E-1;9,429670E-1;;
02/12/2021  12:47:16,149463;9,283313E-1;1,627352E-1;1,467973E-1;9,423693E-1;;
02/12/2021  12:47:16,149563;9,284177E-1;1,777085E-1;1,591187E-1;9,417734E-1;;
02/12/2021  12:47:16,149663;9,272971E-1;1,276914E-1;1,205749E-1;9,411803E-1;;
02/12/2021  12:47:16,149763;9,282151E-1;1,503106E-1;1,973464E-1;9,405909E-1;;
02/12/2021  12:47:16,149863;9,284386E-1;1,525407E-1;1,379512E-1;9,400061E-1;;
02/12/2021  12:47:16,149963;9,281972E-1;1,550893E-1;1,505885E-1;9,394269E-1;;
02/12/2021  12:47:16,150063;9,287605E-1;1,525407E-1;1,411105E-1;9,388544E-1;;
02/12/2021  12:47:16,150163;9,284028E-1;1,225942E-1;1,234183E-1;9,382893E-1;;
02/12/2021  12:47:16,150263;9,291956E-1;1,296029E-1;1,145722E-1;9,377328E-1;;
02/12/2021  12:47:16,150363;9,298095E-1;1,095324E-1;1,019350E-1;9,371859E-1;;
02/12/2021  12:47:16,150463;9,294906E-1;1,280100E-1;1,300529E-1;9,366496E-1;;
02/12/2021  12:47:16,150563;9,289333E-1;1,302401E-1;1,291051E-1;9,361248E-1;;
02/12/2021  12:47:16,150663;9,280094E-1;1,318330E-1;1,186794E-1;9,356124E-1;;
02/12/2021  12:47:16,150763;9,288022E-1;1,388417E-1;1,259458E-1;9,351132E-1;;
02/12/2021  12:47:16,150863;9,293834E-1;1,264171E-1;1,328963E-1;9,346275E-1;;
02/12/2021  12:47:16,150963;9,287545E-1;1,382046E-1;1,249980E-1;9,341562E-1;;
02/12/2021  12:47:16,151063;9,284177E-1;3,880762E-2;4,727872E-2;9,336996E-1;;
02/12/2021  12:47:16,151163;9,268322E-1;1,181340E-1;1,259458E-1;9,332582E-1;;
02/12/2021  12:47:16,151263;9,269395E-1;1,359745E-1;1,366875E-1;9,328321E-1;;
02/12/2021  12:47:16,151363;9,261319E-1;1,420275E-1;1,477451E-1;9,324212E-1;;
02/12/2021  12:47:16,151463;9,266921E-1;1,340630E-1;1,234183E-1;9,320254E-1;;
02/12/2021  12:47:16,151563;9,255716E-1;1,276914E-1;1,467973E-1;9,316445E-1;;
02/12/2021  12:47:16,151663;9,253421E-1;9,583344E-2;1,256299E-1;9,312782E-1;;
02/12/2021  12:47:16,151763;9,259352E-1;1,057094E-1;1,152041E-1;9,309261E-1;;
02/12/2021  12:47:16,151863;9,261617E-1;1,245056E-1;1,294210E-1;9,305879E-1;;
02/12/2021  12:47:16,151963;9,263107E-1;1,114439E-1;1,246821E-1;9,302634E-1;;
02/12/2021  12:47:16,152063;9,262719E-1;7,894870E-2;8,803395E-2;9,299523E-1;;
02/12/2021  12:47:16,152163;9,257146E-1;1,375674E-1;1,272095E-1;9,296546E-1;;
02/12/2021  12:47:16,152263;9,274789E-1;1,120810E-1;1,158360E-1;9,293699E-1;;
02/12/2021  12:47:16,152363;9,287188E-1;1,149482E-1;1,174156E-1;9,290982E-1;;
02/12/2021  12:47:16,152463;9,292373E-1;1,184526E-1;1,249980E-1;9,288397E-1;;
02/12/2021  12:47:16,152563;9,297619E-1;1,276914E-1;1,158360E-1;9,285948E-1;;
02/12/2021  12:47:16,152663;9,302298E-1;1,200455E-1;1,186794E-1;9,283638E-1;;
02/12/2021  12:47:16,152763;9,318779E-1;1,232313E-1;1,287892E-1;9,281472E-1;;
02/12/2021  12:47:16,152863;9,325693E-1;1,206827E-1;1,161519E-1;9,279456E-1;;
02/12/2021  12:47:16,152963;9,331534E-1;1,190898E-1;1,388990E-1;9,277595E-1;;
02/12/2021  12:47:16,153063;9,328703E-1;1,356559E-1;1,310007E-1;9,275898E-1;;
02/12/2021  12:47:16,153163;9,326945E-1;1,324701E-1;1,253139E-1;9,274370E-1;;
02/12/2021  12:47:16,153263;9,337137E-1;3,084312E-2;5,328143E-2;9,273014E-1;;
02/12/2021  12:47:16,153363;9,345423E-1;1,181340E-1;1,300529E-1;9,271834E-1;;
02/12/2021  12:47:16,153463;9,353171E-1;1,522221E-1;1,600664E-1;9,270835E-1;;
02/12/2021  12:47:16,153563;9,348790E-1;7,576290E-2;1,215227E-1;9,270020E-1;;
02/12/2021  12:47:16,153663;9,354423E-1;1,092138E-1;1,170997E-1;9,269392E-1;;
02/12/2021  12:47:16,153763;9,366821E-1;1,219570E-1;1,110970E-1;9,268953E-1;;
02/12/2021  12:47:16,153863;9,379458E-1;1,343816E-1;1,328963E-1;9,268706E-1;;
02/12/2021  12:47:16,153963;9,379130E-1;1,397975E-1;1,227865E-1;9,268654E-1;;
02/12/2021  12:47:16,154063;9,378057E-1;8,723178E-2;7,887192E-2;9,268799E-1;;
02/12/2021  12:47:16,154163;9,378981E-1;1,627352E-1;1,430061E-1;9,269143E-1;;
02/12/2021  12:47:16,154263;9,396803E-1;1,525407E-1;1,717559E-1;9,269686E-1;;
02/12/2021  12:47:16,154363;9,405058E-1;1,276914E-1;1,332122E-1;9,270429E-1;;
02/12/2021  12:47:16,154463;9,407025E-1;1,155854E-1;1,000394E-1;9,271371E-1;;
02/12/2021  12:47:16,154563;9,401542E-1;1,267357E-1;1,186794E-1;9,272515E-1;;
02/12/2021  12:47:16,154663;9,408039E-1;8,786894E-2;7,350108E-2;9,273858E-1;;
02/12/2021  12:47:16,154763;9,415817E-1;1,334259E-1;1,351078E-1;9,275398E-1;;
02/12/2021  12:47:16,154863;9,413403E-1;1,280100E-1;1,344760E-1;9,277132E-1;;
02/12/2021  12:47:16,154963;9,406817E-1;1,331073E-1;1,287892E-1;9,279056E-1;;
02/12/2021  12:47:16,155063;9,396624E-1;9,774492E-2;1,101492E-1;9,281164E-1;;
02/12/2021  12:47:16,155163;9,393227E-1;1,206827E-1;1,253139E-1;9,283447E-1;;
02/12/2021  12:47:16,155263;9,395343E-1;1,340630E-1;1,256299E-1;9,285894E-1;;
02/12/2021  12:47:16,155363;9,399902E-1;1,241871E-1;1,243661E-1;9,288494E-1;;
02/12/2021  12:47:16,155463;9,387951E-1;1,155854E-1;1,183634E-1;9,291234E-1;;
02/12/2021  12:47:16,155563;9,375971E-1;1,324701E-1;1,328963E-1;9,294101E-1;;
02/12/2021  12:47:16,155663;9,378713E-1;1,566822E-1;1,493248E-1;9,297081E-1;;
02/12/2021  12:47:16,155763;9,380799E-1;1,219570E-1;1,430061E-1;9,300156E-1;;
02/12/2021  12:47:16,155863;9,389203E-1;1,139925E-1;1,189953E-1;9,303313E-1;;
02/12/2021  12:47:16,155963;9,379398E-1;1,305587E-1;1,212068E-1;9,306537E-1;;
02/12/2021  12:47:16,156063;9,379636E-1;-1,726246E-2;9,877564E-2;9,309815E-1;;
02/12/2021  12:47:16,156163;9,380411E-1;1,388417E-1;1,733356E-1;9,313133E-1;;
02/12/2021  12:47:16,156263;9,388846E-1;1,292843E-1;1,335282E-1;9,316478E-1;;
02/12/2021  12:47:16,156363;9,388697E-1;1,063466E-1;9,940750E-2;9,319837E-1;;
02/12/2021  12:47:16,156463;9,385895E-1;1,216384E-1;1,310007E-1;9,323202E-1;;
02/12/2021  12:47:16,156563;9,385120E-1;1,554079E-1;1,401627E-1;9,326560E-1;;
02/12/2021  12:47:16,156663;9,393256E-1;1,353374E-1;1,546956E-1;9,329903E-1;;
02/12/2021  12:47:16,156763;9,401452E-1;1,104881E-1;1,205749E-1;9,333223E-1;;
02/12/2021  12:47:16,156863;9,400916E-1;1,280100E-1;1,268936E-1;9,336511E-1;;
02/12/2021  12:47:16,156963;9,384017E-1;1,318330E-1;1,275255E-1;9,339763E-1;;
02/12/2021  12:47:16,157063;9,372573E-1;1,321516E-1;1,186794E-1;9,342971E-1;;
02/12/2021  12:47:16,157163;9,377222E-1;1,095324E-1;1,170997E-1;9,346125E-1;;
02/12/2021  12:47:16,157263;9,372037E-1;1,165411E-1;1,272095E-1;9,349216E-1;;
02/12/2021  12:47:16,157363;9,368848E-1;1,366117E-1;1,512204E-1;9,352234E-1;;
02/12/2021  12:47:16,157463;9,356569E-1;1,296029E-1;1,303688E-1;9,355170E-1;;
02/12/2021  12:47:16,157563;9,344469E-1;1,324701E-1;1,265777E-1;9,358013E-1;;
02/12/2021  12:47:16,157663;9,353171E-1;1,327887E-1;1,328963E-1;9,360754E-1;;
02/12/2021  12:47:16,157763;9,352605E-1;1,483991E-1;1,423743E-1;9,363380E-1;;
02/12/2021  12:47:16,157863;9,345959E-1;1,264171E-1;1,259458E-1;9,365885E-1;;
02/12/2021  12:47:16,157963;9,327571E-1;1,436204E-1;1,682807E-1;9,368259E-1;;
02/12/2021  12:47:16,158063;9,326051E-1;1,260985E-1;1,287892E-1;9,370493E-1;;
02/12/2021  12:47:16,158163;9,333948E-1;8,563888E-2;1,366875E-1;9,372578E-1;;
02/12/2021  12:47:16,158263;9,340028E-1;1,327887E-1;1,227865E-1;9,374507E-1;;
02/12/2021  12:47:16,158363;9,346436E-1;8,978042E-2;9,214107E-2;9,376276E-1;;
02/12/2021  12:47:16,158463;9,331266E-1;4,008194E-2;7,634447E-2;9,377881E-1;;
02/12/2021  12:47:16,158563;9,336601E-1;6,875414E-2;8,582243E-2;9,379322E-1;;
02/12/2021  12:47:16,158663;9,347568E-1;1,117624E-1;1,009872E-1;9,380598E-1;;
02/12/2021  12:47:16,158763;9,351592E-1;1,216384E-1;1,259458E-1;9,381709E-1;;
02/12/2021  12:47:16,158863;9,351026E-1;1,171783E-1;1,180475E-1;9,382660E-1;;
02/12/2021  12:47:16,158963;9,340594E-1;1,206827E-1;1,167838E-1;9,383454E-1;;
02/12/2021  12:47:16,159063;9,343366E-1;1,487177E-1;1,471132E-1;9,384095E-1;;
02/12/2021  12:47:16,159163;9,356152E-1;1,426647E-1;1,480610E-1;9,384588E-1;;
02/12/2021  12:47:16,159263;9,360086E-1;1,219570E-1;1,240502E-1;9,384939E-1;;
02/12/2021  12:47:16,159363;9,348880E-1;1,299215E-1;1,281573E-1;9,385155E-1;;
02/12/2021  12:47:16,159463;9,340803E-1;1,197269E-1;1,215227E-1;9,385242E-1;;
02/12/2021  12:47:16,159563;9,341220E-1;2,765732E-2;8,487463E-2;9,385207E-1;;
02/12/2021  12:47:16,159663;9,353291E-1;1,206827E-1;1,265777E-1;9,385054E-1;;
02/12/2021  12:47:16,159763;9,357254E-1;1,114439E-1;1,088855E-1;9,384789E-1;;
02/12/2021  12:47:16,159863;9,353618E-1;1,343816E-1;1,341600E-1;9,384421E-1;;
02/12/2021  12:47:16,159963;9,346734E-1;9,296622E-2;1,152041E-1;9,383956E-1;;
02/12/2021  12:47:16,160063;9,354214E-1;1,171783E-1;1,259458E-1;9,383403E-1;;
02/12/2021  12:47:16,160163;9,362351E-1;1,063466E-1;1,262617E-1;9,382769E-1;;
02/12/2021  12:47:16,160263;9,365420E-1;9,997498E-2;1,092014E-1;9,382062E-1;;
02/12/2021  12:47:16,160363;9,368609E-1;9,806350E-2;1,212068E-1;9,381291E-1;;
02/12/2021  12:47:16,160463;9,365331E-1;1,120810E-1;1,180475E-1;9,380466E-1;;
02/12/2021  12:47:16,160563;9,375881E-1;8,532030E-2;1,000394E-1;9,379596E-1;;
02/12/2021  12:47:16,160663;9,384375E-1;9,264764E-2;1,060421E-1;9,378692E-1;;
02/12/2021  12:47:16,160763;9,389889E-1;9,742634E-2;1,123607E-1;9,377764E-1;;
02/12/2021  12:47:16,160863;9,378862E-1;1,057094E-1;1,174156E-1;9,376824E-1;;
02/12/2021  12:47:16,160963;9,378504E-1;5,780180E-4;5,960007E-2;9,375881E-1;;
02/12/2021  12:47:16,161063;9,385180E-1;1,012493E-1;1,499566E-1;9,374943E-1;;
02/12/2021  12:47:16,161163;9,392720E-1;8,500172E-2;1,041465E-1;9,374020E-1;;
02/12/2021  12:47:16,161263;9,399426E-1;1,018865E-1;1,164678E-1;9,373119E-1;;
02/12/2021  12:47:16,161363;9,389144E-1;9,870066E-2;1,114129E-1;9,372249E-1;;
02/12/2021  12:47:16,161463;9,384554E-1;1,015679E-1;1,126766E-1;9,371417E-1;;
02/12/2021  12:47:16,161563;9,391289E-1;9,615202E-2;1,291051E-1;9,370630E-1;;
02/12/2021  12:47:16,161663;9,398204E-1;1,190898E-1;1,325804E-1;9,369892E-1;;
02/12/2021  12:47:16,161763;9,386551E-1;1,340630E-1;1,417424E-1;9,369207E-1;;
02/12/2021  12:47:16,161863;9,379845E-1;1,350188E-1;1,420583E-1;9,368581E-1;;
02/12/2021  12:47:16,161963;9,376805E-1;1,382046E-1;1,177316E-1;9,368013E-1;;
02/12/2021  12:47:16,162063;9,384465E-1;1,350188E-1;1,117289E-1;9,367505E-1;;
02/12/2021  12:47:16,162163;9,378921E-1;1,582751E-1;1,395309E-1;9,367055E-1;;
02/12/2021  12:47:16,162263;9,383392E-1;1,691068E-1;1,483770E-1;9,366663E-1;;
02/12/2021  12:47:16,162363;9,367894E-1;1,108067E-1;1,234183E-1;9,366330E-1;;
02/12/2021  12:47:16,162463;9,369295E-1;1,493549E-1;1,433221E-1;9,366051E-1;;
02/12/2021  12:47:16,162563;9,376895E-1;6,716124E-2;1,259458E-1;9,365824E-1;;
02/12/2021  12:47:16,162663;9,383332E-1;1,483991E-1;1,436380E-1;9,365647E-1;;
02/12/2021  12:47:16,162763;9,382319E-1;1,159040E-1;1,196272E-1;9,365517E-1;;
02/12/2021  12:47:16,162863;9,366404E-1;1,034794E-1;1,158360E-1;9,365434E-1;;
02/12/2021  12:47:16,162963;9,371590E-1;1,194084E-1;1,275255E-1;9,365395E-1;;
02/12/2021  12:47:16,163063;9,374302E-1;1,620981E-1;1,581709E-1;9,365397E-1;;
02/12/2021  12:47:16,163163;9,376895E-1;1,130368E-1;1,196272E-1;9,365436E-1;;
02/12/2021  12:47:16,163263;9,372245E-1;1,174969E-1;1,212068E-1;9,365510E-1;;
02/12/2021  12:47:16,163363;9,367477E-1;1,245056E-1;1,259458E-1;9,365615E-1;;
02/12/2021  12:47:16,163463;9,374093E-1;1,155854E-1;1,272095E-1;9,365750E-1;;
02/12/2021  12:47:16,163563;9,379189E-1;1,225942E-1;1,098333E-1;9,365910E-1;;
02/12/2021  12:47:16,163663;9,382706E-1;1,050723E-1;8,803395E-2;9,366095E-1;;
02/12/2021  12:47:16,163763;9,374868E-1;1,232313E-1;1,259458E-1;9,366302E-1;;
02/12/2021  12:47:16,163863;9,368669E-1;1,382046E-1;1,411105E-1;9,366531E-1;;
02/12/2021  12:47:16,163963;9,379875E-1;1,203641E-1;9,972343E-2;9,366779E-1;;
02/12/2021  12:47:16,164063;9,386670E-1;1,433019E-1;1,354238E-1;9,367043E-1;;
02/12/2021  12:47:16,164163;9,386610E-1;3,944478E-2;7,160549E-2;9,367325E-1;;
02/12/2021  12:47:16,164263;9,379577E-1;1,216384E-1;1,278414E-1;9,367623E-1;;
02/12/2021  12:47:16,164363;9,378116E-1;1,238685E-1;1,202590E-1;9,367937E-1;;
02/12/2021  12:47:16,164463;9,380173E-1;1,235499E-1;1,272095E-1;9,368265E-1;;
02/12/2021  12:47:16,164563;9,386968E-1;1,299215E-1;1,496407E-1;9,368607E-1;;
02/12/2021  12:47:16,164663;9,389203E-1;1,286472E-1;1,278414E-1;9,368962E-1;;
02/12/2021  12:47:16,164763;9,385686E-1;1,225942E-1;1,243661E-1;9,369330E-1;;
02/12/2021  12:47:16,164863;9,375315E-1;1,066652E-1;1,540637E-1;9,369710E-1;;
02/12/2021  12:47:16,164963;9,376954E-1;1,181340E-1;1,240502E-1;9,370101E-1;;
02/12/2021  12:47:16,165063;9,385001E-1;1,082581E-1;1,202590E-1;9,370500E-1;;
02/12/2021  12:47:16,165163;9,384941E-1;1,200455E-1;1,262617E-1;9,370907E-1;;
02/12/2021  12:47:16,165263;9,381484E-1;1,022050E-1;1,088855E-1;9,371320E-1;;
02/12/2021  12:47:16,165363;9,377014E-1;1,388417E-1;1,407946E-1;9,371738E-1;;
02/12/2021  12:47:16,165463;9,391528E-1;1,483991E-1;1,581709E-1;9,372160E-1;;
02/12/2021  12:47:16,165563;9,401452E-1;1,092138E-1;1,193112E-1;9,372585E-1;;
02/12/2021  12:47:16,165663;9,407294E-1;1,563636E-1;1,714400E-1;9,373016E-1;;
02/12/2021  12:47:16,165763;9,402227E-1;1,283286E-1;1,328963E-1;9,373455E-1;;
02/12/2021  12:47:16,165863;9,405505E-1;1,130368E-1;1,180475E-1;9,373906E-1;;
02/12/2021  12:47:16,165963;9,416145E-1;2,956880E-2;7,666040E-2;9,374370E-1;;
02/12/2021  12:47:16,166063;9,431166E-1;1,353374E-1;1,379512E-1;9,374853E-1;;
02/12/2021  12:47:16,166163;9,432418E-1;1,547707E-1;1,569071E-1;9,375359E-1;;
02/12/2021  12:47:16,166263;9,427738E-1;1,206827E-1;1,253139E-1;9,375895E-1;;
02/12/2021  12:47:16,166363;9,424788E-1;1,047537E-1;1,126766E-1;9,376465E-1;;
02/12/2021  12:47:16,166463;9,434832E-1;1,073023E-1;1,572231E-1;9,377074E-1;;
02/12/2021  12:47:16,166563;9,437097E-1;1,343816E-1;1,388990E-1;9,377725E-1;;
02/12/2021  12:47:16,166663;9,432090E-1;1,133553E-1;9,940750E-2;9,378421E-1;;
02/12/2021  12:47:16,166763;9,418201E-1;1,092138E-1;1,414265E-1;9,379165E-1;;
02/12/2021  12:47:16,166863;9,414208E-1;1,318330E-1;1,221546E-1;9,379956E-1;;
02/12/2021  12:47:16,166963;9,414417E-1;1,130368E-1;1,009872E-1;9,380791E-1;;
02/12/2021  12:47:16,167063;9,416443E-1;1,248242E-1;1,246821E-1;9,381668E-1;;
02/12/2021  12:47:16,167163;9,416115E-1;1,002936E-1;1,076217E-1;9,382583E-1;;
02/12/2021  12:47:16,167263;9,396475E-1;6,556834E-2;1,082536E-1;9,383532E-1;;
02/12/2021  12:47:16,167363;9,398532E-1;1,305587E-1;1,294210E-1;9,384510E-1;;
02/12/2021  12:47:16,167463;9,405386E-1;9,742634E-2;1,278414E-1;9,385509E-1;;
02/12/2021  12:47:16,167563;9,405058E-1;1,302401E-1;1,316326E-1;9,386523E-1;;
02/12/2021  12:47:16,167663;9,399247E-1;1,181340E-1;1,234183E-1;9,387549E-1;;
02/12/2021  12:47:16,167763;9,391319E-1;1,324701E-1;1,202590E-1;9,388578E-1;;
02/12/2021  12:47:16,167863;9,400171E-1;1,397975E-1;1,471132E-1;9,389607E-1;;
02/12/2021  12:47:16,167963;9,410006E-1;-8,023642E-3;5,802041E-2;9,390629E-1;;
02/12/2021  12:47:16,168063;9,411853E-1;1,283286E-1;1,313166E-1;9,391641E-1;;
02/12/2021  12:47:16,168163;9,410244E-1;1,378860E-1;1,373193E-1;9,392640E-1;;
02/12/2021  12:47:16,168263;9,406787E-1;1,480806E-1;1,423743E-1;9,393626E-1;;
02/12/2021  12:47:16,168363;9,415549E-1;1,270543E-1;1,490088E-1;9,394596E-1;;
02/12/2021  12:47:16,168463;9,417009E-1;1,356559E-1;1,294210E-1;9,395549E-1;;
02/12/2021  12:47:16,168563;9,414417E-1;1,241871E-1;1,196272E-1;9,396485E-1;;
02/12/2021  12:47:16,168663;9,407621E-1;1,254614E-1;1,531159E-1;9,397402E-1;;
02/12/2021  12:47:16,168763;9,399515E-1;1,245056E-1;1,278414E-1;9,398301E-1;;
02/12/2021  12:47:16,168863;9,400886E-1;1,302401E-1;1,262617E-1;9,399176E-1;;
02/12/2021  12:47:16,168963;9,396892E-1;1,490363E-1;1,550115E-1;9,400027E-1;;
02/12/2021  12:47:16,169063;9,387683E-1;1,108067E-1;1,148882E-1;9,400847E-1;;
02/12/2021  12:47:16,169163;9,377610E-1;1,503106E-1;1,540637E-1;9,401634E-1;;
02/12/2021  12:47:16,169263;9,369891E-1;1,337445E-1;1,300529E-1;9,402381E-1;;
02/12/2021  12:47:16,169363;9,372364E-1;2,032998E-2;8,234717E-2;9,403080E-1;;
02/12/2021  12:47:16,169463;9,370010E-1;1,257800E-1;1,300529E-1;9,403725E-1;;
02/12/2021  12:47:16,169563;9,364198E-1;1,413904E-1;1,411105E-1;9,404310E-1;;
02/12/2021  12:47:16,169663;9,356479E-1;1,429833E-1;1,243661E-1;9,404829E-1;;
02/12/2021  12:47:16,169763;9,349088E-1;1,210013E-1;1,388990E-1;9,405275E-1;;
02/12/2021  12:47:16,169863;9,360741E-1;1,576380E-1;1,907119E-1;9,405642E-1;;
02/12/2021  12:47:16,169963;9,371828E-1;1,347002E-1;1,354238E-1;9,405925E-1;;
02/12/2021  12:47:16,170063;9,372633E-1;1,413904E-1;1,411105E-1;9,406124E-1;;
02/12/2021  12:47:16,170163;9,373348E-1;1,245056E-1;1,243661E-1;9,406237E-1;;
02/12/2021  12:47:16,170263;9,376328E-1;1,229127E-1;1,275255E-1;9,406267E-1;;
02/12/2021  12:47:16,170363;9,391379E-1;1,429833E-1;1,442698E-1;9,406216E-1;;
02/12/2021  12:47:16,170463;9,397876E-1;1,289658E-1;1,246821E-1;9,406089E-1;;
02/12/2021  12:47:16,170563;9,394180E-1;1,385232E-1;1,379512E-1;9,405893E-1;;
02/12/2021  12:47:16,170663;9,377729E-1;1,280100E-1;1,297370E-1;9,405635E-1;;
02/12/2021  12:47:16,170763;9,380918E-1;7,608148E-2;1,025668E-1;9,405319E-1;;
02/12/2021  12:47:16,170863;9,377848E-1;1,359745E-1;1,392149E-1;9,404948E-1;;
02/12/2021  12:47:16,170963;9,382974E-1;1,337445E-1;1,354238E-1;9,404527E-1;;
02/12/2021  12:47:16,171063;9,371232E-1;1,289658E-1;1,335282E-1;9,404057E-1;;
02/12/2021  12:47:16,171163;9,359758E-1;9,360338E-2;1,082536E-1;9,403542E-1;;
02/12/2021  12:47:16,171263;9,357105E-1;6,875414E-2;8,455870E-2;9,402983E-1;;
02/12/2021  12:47:16,171363;9,360235E-1;1,391603E-1;1,363715E-1;9,402377E-1;;
02/12/2021  12:47:16,171463;9,365808E-1;1,359745E-1;1,338441E-1;9,401726E-1;;
02/12/2021  12:47:16,171563;9,357225E-1;1,315144E-1;1,231024E-1;9,401030E-1;;
02/12/2021  12:47:16,171663;9,349357E-1;1,477620E-1;1,366875E-1;9,400290E-1;;
02/12/2021  12:47:16,171763;9,352695E-1;1,018865E-1;1,098333E-1;9,399506E-1;;
02/12/2021  12:47:16,171863;9,362679E-1;1,327887E-1;1,240502E-1;9,398678E-1;;
02/12/2021  12:47:16,171963;9,360443E-1;1,305587E-1;1,300529E-1;9,397807E-1;;
02/12/2021  12:47:16,172063;9,357254E-1;1,382046E-1;1,313166E-1;9,396897E-1;;
02/12/2021  12:47:16,172163;9,352784E-1;1,496735E-1;1,392149E-1;9,395949E-1;;
02/12/2021  12:47:16,172263;9,354781E-1;1,350188E-1;1,278414E-1;9,394965E-1;;
02/12/2021  12:47:16,172363;9,356301E-1;1,362931E-1;1,126766E-1;9,393948E-1;;
02/12/2021  12:47:16,172463;9,361427E-1;1,235499E-1;1,085695E-1;9,392900E-1;;
02/12/2021  12:47:16,172563;9,349833E-1;1,442576E-1;1,862888E-1;9,391824E-1;;
02/12/2021  12:47:16,172663;9,336362E-1;1,165411E-1;1,275255E-1;9,390722E-1;;
02/12/2021  12:47:16,172763;9,338836E-1;1,044351E-1;1,069899E-1;9,389594E-1;;
02/12/2021  12:47:16,172863;9,330432E-1;1,018865E-1;1,013031E-1;9,388441E-1;;
02/12/2021  12:47:16,172963;9,333442E-1;1,066652E-1;1,164678E-1;9,387260E-1;;
02/12/2021  12:47:16,173063;9,323041E-1;1,232313E-1;1,376353E-1;9,386051E-1;;
02/12/2021  12:47:16,173163;9,314785E-1;1,174969E-1;1,079377E-1;9,384811E-1;;
02/12/2021  12:47:16,173263;9,320030E-1;9,296622E-2;1,019350E-1;9,383540E-1;;
02/12/2021  12:47:16,173363;9,327273E-1;1,015679E-1;1,455336E-1;9,382235E-1;;
02/12/2021  12:47:16,173463;9,321342E-1;1,028422E-1;1,170997E-1;9,380894E-1;;
02/12/2021  12:47:16,173563;9,313593E-1;1,031608E-1;7,792413E-2;9,379520E-1;;
02/12/2021  12:47:16,173663;9,303967E-1;1,041165E-1;1,123607E-1;9,378111E-1;;
02/12/2021  12:47:16,173763;9,315828E-1;8,340882E-2;8,171531E-2;9,376665E-1;;
02/12/2021  12:47:16,173863;9,319494E-1;9,583344E-2;1,246821E-1;9,375184E-1;;
02/12/2021  12:47:16,173963;9,324322E-1;1,057094E-1;1,117289E-1;9,373667E-1;;
02/12/2021  12:47:16,174063;9,320775E-1;1,022050E-1;1,158360E-1;9,372119E-1;;
02/12/2021  12:47:16,174163;9,312848E-1;9,678918E-2;1,114129E-1;9,370542E-1;;
02/12/2021  12:47:16,174263;9,326796E-1;1,073023E-1;1,133085E-1;9,368938E-1;;
02/12/2021  12:47:16,174363;9,335737E-1;1,308772E-1;1,382671E-1;9,367313E-1;;
02/12/2021  12:47:16,174463;9,336899E-1;1,232313E-1;1,439539E-1;9,365671E-1;;
02/12/2021  12:47:16,174563;9,330461E-1;1,327887E-1;1,335282E-1;9,364020E-1;;
02/12/2021  12:47:16,174663;9,327124E-1;1,254614E-1;1,310007E-1;9,362365E-1;;
02/12/2021  12:47:16,174763;9,341846E-1;1,487177E-1;1,461654E-1;9,360711E-1;;
02/12/2021  12:47:16,174863;9,354632E-1;1,531778E-1;1,420583E-1;9,359065E-1;;
02/12/2021  12:47:16,174963;9,356837E-1;1,445762E-1;1,357397E-1;9,357436E-1;;
02/12/2021  12:47:16,175063;9,351532E-1;1,417090E-1;1,268936E-1;9,355831E-1;;
02/12/2021  12:47:16,175163;9,353082E-1;2,060621E-1;1,967146E-1;9,354260E-1;;
02/12/2021  12:47:16,175263;9,367596E-1;1,904517E-1;1,714400E-1;9,352730E-1;;
02/12/2021  12:47:16,175363;9,373348E-1;1,499920E-1;1,366875E-1;9,351249E-1;;
02/12/2021  12:47:16,175463;9,376120E-1;1,331073E-1;1,316326E-1;9,349826E-1;;
02/12/2021  12:47:16,175563;9,363275E-1;1,092138E-1;8,234717E-2;9,348471E-1;;
02/12/2021  12:47:16,175663;9,368222E-1;1,331073E-1;1,483770E-1;9,347190E-1;;
02/12/2021  12:47:16,175763;9,379577E-1;1,334259E-1;1,701763E-1;9,345989E-1;;
02/12/2021  12:47:16,175863;9,384435E-1;1,238685E-1;1,123607E-1;9,344873E-1;;
02/12/2021  12:47:16,175963;9,377222E-1;1,356559E-1;1,268936E-1;9,343850E-1;;
02/12/2021  12:47:16,176063;9,371053E-1;8,914326E-2;9,530039E-2;9,342923E-1;;
02/12/2021  12:47:16,176163;9,380232E-1;2,670158E-2;7,981972E-2;9,342096E-1;;
02/12/2021  12:47:16,176263;9,387594E-1;1,114439E-1;1,344760E-1;9,341371E-1;;
02/12/2021  12:47:16,176363;9,384584E-1;1,136739E-1;1,193112E-1;9,340751E-1;;
02/12/2021  12:47:16,176463;9,376149E-1;1,229127E-1;1,256299E-1;9,340238E-1;;
02/12/2021  12:47:16,176563;9,366106E-1;1,248242E-1;1,306848E-1;9,339833E-1;;
02/12/2021  12:47:16,176663;9,372245E-1;1,108067E-1;1,028828E-1;9,339534E-1;;
02/12/2021  12:47:16,176763;9,377699E-1;1,031608E-1;8,834988E-2;9,339337E-1;;
02/12/2021  12:47:16,176863;9,377044E-1;1,025236E-1;1,054102E-1;9,339240E-1;;
02/12/2021  12:47:16,176963;9,374361E-1;1,267357E-1;1,259458E-1;9,339241E-1;;
02/12/2021  12:47:16,177063;9,365778E-1;1,139925E-1;1,208909E-1;9,339336E-1;;
02/12/2021  12:47:16,177163;9,368162E-1;1,060280E-1;1,054102E-1;9,339521E-1;;
02/12/2021  12:47:16,177263;9,377640E-1;1,219570E-1;1,205749E-1;9,339791E-1;;
02/12/2021  12:47:16,177363;9,387981E-1;1,394789E-1;1,300529E-1;9,340141E-1;;
02/12/2021  12:47:16,177463;9,383362E-1;1,139925E-1;1,227865E-1;9,340569E-1;;
02/12/2021  12:47:16,177563;9,382557E-1;1,251428E-1;1,155200E-1;9,341074E-1;;
02/12/2021  12:47:16,177663;9,390515E-1;1,308772E-1;1,594346E-1;9,341652E-1;;
02/12/2021  12:47:16,177763;9,399396E-1;1,334259E-1;1,616461E-1;9,342301E-1;;
02/12/2021  12:47:16,177863;9,402406E-1;1,286472E-1;1,370034E-1;9,343021E-1;;
02/12/2021  12:47:16,177963;9,402346E-1;6,620550E-2;9,751191E-2;9,343811E-1;;
02/12/2021  12:47:16,178063;9,405714E-1;1,461691E-1;1,341600E-1;9,344670E-1;;
02/12/2021  12:47:16,178163;9,415430E-1;6,047106E-2;1,262617E-1;9,345598E-1;;
02/12/2021  12:47:16,178263;9,428841E-1;1,359745E-1;1,404787E-1;9,346597E-1;;
02/12/2021  12:47:16,178363;9,434683E-1;1,289658E-1;1,291051E-1;9,347666E-1;;
02/12/2021  12:47:16,178463;9,430600E-1;1,347002E-1;1,388990E-1;9,348811E-1;;
02/12/2021  12:47:16,178563;9,429348E-1;1,235499E-1;1,278414E-1;9,350032E-1;;
02/12/2021  12:47:16,178663;9,434921E-1;1,235499E-1;1,404787E-1;9,351331E-1;;
02/12/2021  12:47:16,178763;9,444220E-1;1,280100E-1;1,297370E-1;9,352708E-1;;
02/12/2021  12:47:16,178863;9,443087E-1;9,997498E-2;1,553275E-1;9,354163E-1;;
02/12/2021  12:47:16,178963;9,438319E-1;1,248242E-1;1,275255E-1;9,355699E-1;;
02/12/2021  12:47:16,179063;9,439898E-1;1,213198E-1;1,275255E-1;9,357313E-1;;
02/12/2021  12:47:16,179163;9,449375E-1;1,251428E-1;1,376353E-1;9,359004E-1;;
02/12/2021  12:47:16,179263;9,448481E-1;1,178155E-1;1,249980E-1;9,360770E-1;;
02/12/2021  12:47:16,179363;9,446932E-1;1,155854E-1;1,268936E-1;9,362611E-1;;
02/12/2021  12:47:16,179463;9,444309E-1;1,280100E-1;1,287892E-1;9,364523E-1;;
02/12/2021  12:47:16,179563;9,442640E-1;9,137332E-2;1,193112E-1;9,366503E-1;;
02/12/2021  12:47:16,179663;9,448958E-1;1,200455E-1;1,133085E-1;9,368547E-1;;
02/12/2021  12:47:16,179763;9,454800E-1;1,219570E-1;1,256299E-1;9,370651E-1;;
02/12/2021  12:47:16,179863;9,455932E-1;1,136739E-1;1,202590E-1;9,372810E-1;;
02/12/2021  12:47:16,179963;9,451313E-1;1,491412E-2;9,182514E-2;9,375023E-1;;
02/12/2021  12:47:16,180063;9,454889E-1;2,765732E-2;9,719598E-2;9,377283E-1;;
02/12/2021  12:47:16,180163;9,464098E-1;1,372488E-1;1,464814E-1;9,379588E-1;;
02/12/2021  12:47:16,180263;9,460701E-1;9,965640E-2;1,186794E-1;9,381934E-1;;
02/12/2021  12:47:16,180363;9,458316E-1;1,241871E-1;1,246821E-1;9,384317E-1;;
02/12/2021  12:47:16,180463;9,448422E-1;3,912620E-2;6,560278E-2;9,386732E-1;;
02/12/2021  12:47:16,180563;9,450776E-1;8,404598E-2;8,045158E-2;9,389175E-1;;
02/12/2021  12:47:16,180663;9,458704E-1;8,149734E-2;9,940750E-2;9,391638E-1;;
02/12/2021  12:47:16,180763;9,454949E-1;1,305587E-1;1,300529E-1;9,394116E-1;;
02/12/2021  12:47:16,180863;9,448750E-1;1,308772E-1;1,316326E-1;9,396603E-1;;
02/12/2021  12:47:16,180963;9,444458E-1;1,206827E-1;1,180475E-1;9,399092E-1;;
02/12/2021  12:47:16,181063;9,443772E-1;1,257800E-1;1,360556E-1;9,401577E-1;;
02/12/2021  12:47:16,181163;9,449226E-1;1,044351E-1;9,751191E-2;9,404050E-1;;
02/12/2021  12:47:16,181263;9,446514E-1;1,152668E-1;1,177316E-1;9,406504E-1;;
02/12/2021  12:47:16,181363;9,443355E-1;1,299215E-1;1,335282E-1;9,408933E-1;;
02/12/2021  12:47:16,181463;9,439332E-1;1,009307E-1;1,262617E-1;9,411331E-1;;
02/12/2021  12:47:16,181563;9,447975E-1;1,178155E-1;1,047783E-1;9,413690E-1;;
02/12/2021  12:47:16,181663;9,452445E-1;1,066652E-1;1,167838E-1;9,416006E-1;;
02/12/2021  12:47:16,181763;9,454412E-1;1,219570E-1;1,158360E-1;9,418275E-1;;
02/12/2021  12:47:16,181863;9,454502E-1;1,165411E-1;1,268936E-1;9,420493E-1;;
02/12/2021  12:47:16,181963;9,451342E-1;1,006121E-1;1,038306E-1;9,422658E-1;;
02/12/2021  12:47:16,182063;9,460850E-1;9,933782E-2;1,079377E-1;9,424769E-1;;
02/12/2021  12:47:16,182163;9,467347E-1;1,687883E-1;1,951349E-1;9,426823E-1;;
02/12/2021  12:47:16,182263;9,462846E-1;1,503106E-1;1,395309E-1;9,428820E-1;;
02/12/2021  12:47:16,182363;9,457035E-1;1,754784E-1;1,663851E-1;9,430761E-1;;
02/12/2021  12:47:16,182463;9,448899E-1;1,178155E-1;1,227865E-1;9,432645E-1;;
02/12/2021  12:47:16,182563;9,454531E-1;6,907272E-2;1,423743E-1;9,434470E-1;;
02/12/2021  12:47:16,182663;9,458734E-1;1,222756E-1;1,316326E-1;9,436234E-1;;
02/12/2021  12:47:16,182763;9,454144E-1;1,139925E-1;1,193112E-1;9,437936E-1;;
02/12/2021  12:47:16,182863;9,444667E-1;1,222756E-1;1,183634E-1;9,439574E-1;;
02/12/2021  12:47:16,182963;9,438199E-1;1,318330E-1;1,635417E-1;9,441146E-1;;
02/12/2021  12:47:16,183063;9,446037E-1;1,082581E-1;1,496407E-1;9,442650E-1;;
02/12/2021  12:47:16,183163;9,439660E-1;1,232313E-1;1,202590E-1;9,444082E-1;;
02/12/2021  12:47:16,183263;9,433967E-1;1,181340E-1;1,205749E-1;9,445440E-1;;
02/12/2021  12:47:16,183363;9,421152E-1;1,079395E-1;1,145722E-1;9,446720E-1;;
02/12/2021  12:47:16,183463;9,414595E-1;1,187712E-1;1,120448E-1;9,447917E-1;;
02/12/2021  12:47:16,183563;9,419721E-1;1,343816E-1;1,303688E-1;9,449027E-1;;
02/12/2021  12:47:16,183663;9,411704E-1;1,235499E-1;1,193112E-1;9,450043E-1;;
02/12/2021  12:47:16,183763;9,410214E-1;1,139925E-1;1,310007E-1;9,450962E-1;;
02/12/2021  12:47:16,183863;9,394598E-1;1,245056E-1;1,300529E-1;9,451778E-1;;
02/12/2021  12:47:16,183963;9,396505E-1;8,181592E-2;1,139404E-1;9,452486E-1;;
02/12/2021  12:47:16,184063;9,401273E-1;6,716124E-2;1,275255E-1;9,453082E-1;;
02/12/2021  12:47:16,184163;9,399217E-1;1,155854E-1;1,253139E-1;9,453561E-1;;
02/12/2021  12:47:16,184263;9,391260E-1;1,260985E-1;1,066739E-1;9,453921E-1;;
02/12/2021  12:47:16,184363;9,377371E-1;1,509478E-1;1,537478E-1;9,454159E-1;;
02/12/2021  12:47:16,184463;9,378414E-1;6,493118E-2;1,044624E-1;9,454272E-1;;
02/12/2021  12:47:16,184563;9,378295E-1;1,270543E-1;1,215227E-1;9,454257E-1;;
02/12/2021  12:47:16,184663;9,382557E-1;1,318330E-1;1,281573E-1;9,454110E-1;;
02/12/2021  12:47:16,184763;9,368639E-1;1,289658E-1;1,265777E-1;9,453832E-1;;
02/12/2021  12:47:16,184863;9,363513E-1;1,060280E-1;1,139404E-1;9,453421E-1;;
02/12/2021  12:47:16,184963;9,371113E-1;1,299215E-1;1,275255E-1;9,452875E-1;;
02/12/2021  12:47:16,185063;9,369235E-1;9,806350E-2;7,824006E-2;9,452196E-1;;
02/12/2021  12:47:16,185163;9,364407E-1;9,647060E-2;1,085695E-1;9,451385E-1;;
02/12/2021  12:47:16,185263;9,360592E-1;1,276914E-1;1,325804E-1;9,450442E-1;;
02/12/2021  12:47:16,185363;9,351949E-1;1,123996E-1;9,782784E-2;9,449371E-1;;
02/12/2021  12:47:16,185463;9,358983E-1;7,990444E-2;1,275255E-1;9,448171E-1;;
02/12/2021  12:47:16,185563;9,360861E-1;9,041758E-2;1,009872E-1;9,446847E-1;;
02/12/2021  12:47:16,185663;9,356688E-1;1,181340E-1;1,319485E-1;9,445402E-1;;
02/12/2021  12:47:16,185763;9,351383E-1;1,171783E-1;1,306848E-1;9,443841E-1;;
02/12/2021  12:47:16,185863;9,342234E-1;9,647060E-2;9,751191E-2;9,442166E-1;;
02/12/2021  12:47:16,185963;9,356569E-1;3,657756E-2;7,381701E-2;9,440383E-1;;
02/12/2021  12:47:16,186063;9,353142E-1;1,194084E-1;1,234183E-1;9,438496E-1;;
02/12/2021  12:47:16,186163;9,350251E-1;1,053908E-1;1,155200E-1;9,436512E-1;;
02/12/2021  12:47:16,186263;9,338627E-1;1,130368E-1;1,531159E-1;9,434435E-1;;
02/12/2021  12:47:16,186363;9,334038E-1;9,328480E-2;1,082536E-1;9,432272E-1;;
02/12/2021  12:47:16,186463;9,337763E-1;8,946184E-2;9,530039E-2;9,430025E-1;;
02/12/2021  12:47:16,186563;9,339522E-1;1,327887E-1;1,578549E-1;9,427701E-1;;
02/12/2021  12:47:16,186663;9,334515E-1;1,012493E-1;1,054102E-1;9,425304E-1;;
02/12/2021  12:47:16,186763;9,323547E-1;1,069837E-1;9,972343E-2;9,422838E-1;;
02/12/2021  12:47:16,186863;9,315560E-1;9,933782E-2;1,066739E-1;9,420309E-1;;
02/12/2021  12:47:16,186963;9,326140E-1;2,035135E-1;1,834454E-1;9,417719E-1;;
02/12/2021  12:47:16,187063;9,332250E-1;1,206827E-1;1,360556E-1;9,415072E-1;;
02/12/2021  12:47:16,187163;9,326796E-1;1,315144E-1;1,376353E-1;9,412374E-1;;
02/12/2021  12:47:16,187263;9,325961E-1;1,009307E-1;9,308886E-2;9,409631E-1;;
02/12/2021  12:47:16,187363;9,324471E-1;9,201048E-2;1,180475E-1;9,406850E-1;;
02/12/2021  12:47:16,187463;9,338478E-1;1,611423E-1;1,499566E-1;9,404035E-1;;
02/12/2021  12:47:16,187563;9,339015E-1;1,474434E-1;1,313166E-1;9,401195E-1;;
02/12/2021  12:47:16,187663;9,344618E-1;1,706997E-1;1,505885E-1;9,398340E-1;;
02/12/2021  12:47:16,187763;9,343307E-1;1,528593E-1;1,452176E-1;9,395477E-1;;
02/12/2021  12:47:16,187863;9,343873E-1;1,840801E-1;1,701763E-1;9,392617E-1;;
02/12/2021  12:47:16,187963;9,356688E-1;1,461691E-1;1,553275E-1;9,389770E-1;;
02/12/2021  12:47:16,188063;9,364258E-1;1,464877E-1;1,461654E-1;9,386946E-1;;
02/12/2021  12:47:16,188163;9,367685E-1;1,331073E-1;1,433221E-1;9,384155E-1;;
02/12/2021  12:47:16,188263;9,367030E-1;1,401161E-1;1,376353E-1;9,381411E-1;;
02/12/2021  12:47:16,188363;9,369712E-1;9,870066E-2;7,160549E-2;9,378724E-1;;
02/12/2021  12:47:16,188463;9,380978E-1;1,324701E-1;1,262617E-1;9,376106E-1;;
02/12/2021  12:47:16,188563;9,388369E-1;1,442576E-1;1,363715E-1;9,373566E-1;;
02/12/2021  12:47:16,188663;9,391468E-1;1,216384E-1;1,303688E-1;9,371117E-1;;
02/12/2021  12:47:16,188763;9,391736E-1;1,525407E-1;1,455336E-1;9,368771E-1;;
02/12/2021  12:47:16,188863;9,391617E-1;1,289658E-1;1,259458E-1;9,366536E-1;;
02/12/2021  12:47:16,188963;9,398561E-1;1,257800E-1;1,385831E-1;9,364424E-1;;
02/12/2021  12:47:16,189063;9,405416E-1;1,273729E-1;1,284732E-1;9,362441E-1;;
02/12/2021  12:47:16,189163;9,401512E-1;1,372488E-1;1,218387E-1;9,360596E-1;;
02/12/2021  12:47:16,189263;9,398681E-1;1,327887E-1;1,366875E-1;9,358896E-1;;
02/12/2021  12:47:16,189363;9,403479E-1;1,002936E-1;1,139404E-1;9,357346E-1;;
02/12/2021  12:47:16,189463;9,413463E-1;1,123996E-1;1,117289E-1;9,355950E-1;;
02/12/2021  12:47:16,189563;9,416980E-1;1,324701E-1;1,379512E-1;9,354712E-1;;
02/12/2021  12:47:16,189663;9,420228E-1;1,302401E-1;1,256299E-1;9,353638E-1;;
02/12/2021  12:47:16,189763;9,419751E-1;1,331073E-1;1,291051E-1;9,352729E-1;;
02/12/2021  12:47:16,189863;9,429020E-1;1,340630E-1;1,351078E-1;9,351990E-1;;
02/12/2021  12:47:16,189963;9,446365E-1;1,296029E-1;1,019350E-1;9,351422E-1;;
02/12/2021  12:47:16,190063;9,445859E-1;1,178155E-1;1,253139E-1;9,351031E-1;;
02/12/2021  12:47:16,190163;9,445978E-1;1,296029E-1;1,281573E-1;9,350818E-1;;
02/12/2021  12:47:16,190263;9,450210E-1;1,225942E-1;1,212068E-1;9,350788E-1;;
02/12/2021  12:47:16,190363;9,459091E-1;1,270543E-1;1,385831E-1;9,350942E-1;;
02/12/2021  12:47:16,190463;9,475453E-1;3,307318E-2;6,465498E-2;9,351281E-1;;
02/12/2021  12:47:16,190563;9,482993E-1;1,436204E-1;1,398468E-1;9,351808E-1;;
02/12/2021  12:47:16,190663;9,482159E-1;1,404346E-1;1,363715E-1;9,352526E-1;;
02/12/2021  12:47:16,190763;9,480222E-1;-6,963020E-4;7,097362E-2;9,353438E-1;;
02/12/2021  12:47:16,190863;9,495600E-1;1,101695E-1;1,148882E-1;9,354544E-1;;
02/12/2021  12:47:16,190963;9,503527E-1;1,576380E-1;2,096678E-1;9,355845E-1;;
02/12/2021  12:47:16,191063;9,513333E-1;1,216384E-1;1,129926E-1;9,357341E-1;;
02/12/2021  12:47:16,191163;9,512260E-1;-7,588118E-2;1,789705E-2;9,359033E-1;;
02/12/2021  12:47:16,191263;9,509071E-1;1,254614E-1;1,278414E-1;9,360922E-1;;
02/12/2021  12:47:16,191363;9,523823E-1;1,503106E-1;1,417424E-1;9,363005E-1;;
02/12/2021  12:47:16,191463;9,532049E-1;1,216384E-1;1,278414E-1;9,365281E-1;;
02/12/2021  12:47:16,191563;9,529695E-1;1,203641E-1;1,234183E-1;9,367748E-1;;
02/12/2021  12:47:16,191663;9,532705E-1;1,139925E-1;1,281573E-1;9,370403E-1;;
02/12/2021  12:47:16,191763;9,531155E-1;1,219570E-1;1,284732E-1;9,373242E-1;;
02/12/2021  12:47:16,191863;9,549514E-1;1,213198E-1;1,189953E-1;9,376259E-1;;
02/12/2021  12:47:16,191963;9,559319E-1;1,280100E-1;1,291051E-1;9,379451E-1;;
02/12/2021  12:47:16,192063;9,559259E-1;1,789828E-1;1,600664E-1;9,382814E-1;;
02/12/2021  12:47:16,192163;9,557054E-1;1,283286E-1;1,300529E-1;9,386344E-1;;
02/12/2021  12:47:16,192263;9,564683E-1;1,547707E-1;1,531159E-1;9,390035E-1;;
02/12/2021  12:47:16,192363;9,578154E-1;1,206827E-1;1,531159E-1;9,393882E-1;;
02/12/2021  12:47:16,192463;9,588824E-1;1,308772E-1;1,354238E-1;9,397879E-1;;
02/12/2021  12:47:16,192563;9,595678E-1;1,146297E-1;1,698603E-1;9,402024E-1;;
02/12/2021  12:47:16,192663;9,594009E-1;1,372488E-1;1,341600E-1;9,406312E-1;;
02/12/2021  12:47:16,192763;9,603725E-1;1,057094E-1;1,287892E-1;9,410739E-1;;
02/12/2021  12:47:16,192863;9,616689E-1;1,123996E-1;1,167838E-1;9,415301E-1;;
02/12/2021  12:47:16,192963;9,629624E-1;1,206827E-1;1,117289E-1;9,419994E-1;;
02/12/2021  12:47:16,193063;9,631084E-1;1,098510E-1;1,133085E-1;9,424814E-1;;
02/12/2021  12:47:16,193163;9,626495E-1;1,458505E-1;1,742834E-1;9,429761E-1;;
02/12/2021  12:47:16,193263;9,634452E-1;1,171783E-1;1,202590E-1;9,434828E-1;;
02/12/2021  12:47:16,193363;9,644406E-1;1,264171E-1;1,676488E-1;9,440011E-1;;
02/12/2021  12:47:16,193463;9,654062E-1;1,305587E-1;1,259458E-1;9,445304E-1;;
02/12/2021  12:47:16,193563;9,654688E-1;9,201048E-2;9,087734E-2;9,450704E-1;;
02/12/2021  12:47:16,193663;9,657251E-1;1,178155E-1;1,183634E-1;9,456206E-1;;
02/12/2021  12:47:16,193763;9,663182E-1;1,203641E-1;1,208909E-1;9,461804E-1;;
02/12/2021  12:47:16,193863;9,672063E-1;8,786894E-2;1,025668E-1;9,467492E-1;;
02/12/2021  12:47:16,193963;9,672004E-1;1,327887E-1;1,370034E-1;9,473264E-1;;
02/12/2021  12:47:16,194063;9,676743E-1;1,210013E-1;1,227865E-1;9,479116E-1;;
02/12/2021  12:47:16,194163;9,672242E-1;1,143111E-1;1,016190E-1;9,485039E-1;;
02/12/2021  12:47:16,194263;9,682971E-1;1,356559E-1;1,616461E-1;9,491028E-1;;
02/12/2021  12:47:16,194363;9,690392E-1;1,340630E-1;1,467973E-1;9,497073E-1;;
02/12/2021  12:47:16,194463;9,693045E-1;1,331073E-1;1,268936E-1;9,503168E-1;;
02/12/2021  12:47:16,194563;9,690184E-1;1,378860E-1;1,344760E-1;9,509307E-1;;
02/12/2021  12:47:16,194663;9,686160E-1;2,319720E-2;6,528685E-2;9,515482E-1;;
02/12/2021  12:47:16,194763;9,688395E-1;1,216384E-1;1,117289E-1;9,521684E-1;;
02/12/2021  12:47:16,194863;9,696383E-1;1,487177E-1;1,294210E-1;9,527903E-1;;
02/12/2021  12:47:16,194963;9,694684E-1;1,194084E-1;1,098333E-1;9,534130E-1;;
02/12/2021  12:47:16,195063;9,685952E-1;1,264171E-1;1,395309E-1;9,540356E-1;;
02/12/2021  12:47:16,195163;9,678233E-1;1,206827E-1;1,221546E-1;9,546570E-1;;
02/12/2021  12:47:16,195263;9,681273E-1;1,353374E-1;1,278414E-1;9,552761E-1;;
02/12/2021  12:47:16,195363;9,676355E-1;2,057435E-1;2,109315E-1;9,558915E-1;;
02/12/2021  12:47:16,195463;9,667295E-1;1,168597E-1;1,193112E-1;9,565019E-1;;
02/12/2021  12:47:16,195563;9,652125E-1;9,615202E-2;1,196272E-1;9,571060E-1;;
02/12/2021  12:47:16,195663;9,652542E-1;1,350188E-1;1,262617E-1;9,577022E-1;;
02/12/2021  12:47:16,195763;9,656625E-1;1,232313E-1;1,073058E-1;9,582889E-1;;
02/12/2021  12:47:16,195863;9,648370E-1;1,219570E-1;1,249980E-1;9,588644E-1;;
02/12/2021  12:47:16,195963;9,636479E-1;1,308772E-1;1,275255E-1;9,594275E-1;;
02/12/2021  12:47:16,196063;9,629713E-1;1,359745E-1;1,306848E-1;9,599766E-1;;
02/12/2021  12:47:16,196163;9,617852E-1;1,018865E-1;1,013031E-1;9,605101E-1;;
02/12/2021  12:47:16,196263;9,627836E-1;1,362931E-1;1,347919E-1;9,610264E-1;;
02/12/2021  12:47:16,196363;9,616630E-1;1,060280E-1;1,136244E-1;9,615242E-1;;
02/12/2021  12:47:16,196463;9,620325E-1;1,280100E-1;1,303688E-1;9,620020E-1;;
02/12/2021  12:47:16,196563;9,603368E-1;1,391603E-1;1,366875E-1;9,624587E-1;;
02/12/2021  12:47:16,196663;9,599791E-1;1,280100E-1;1,265777E-1;9,628932E-1;;
02/12/2021  12:47:16,196763;9,603815E-1;1,394789E-1;1,385831E-1;9,633043E-1;;
02/12/2021  12:47:16,196863;9,601192E-1;1,219570E-1;1,205749E-1;9,636910E-1;;
02/12/2021  12:47:16,196963;9,593384E-1;1,426647E-1;1,461654E-1;9,640527E-1;;
02/12/2021  12:47:16,197063;9,583698E-1;1,280100E-1;1,284732E-1;9,643885E-1;;
02/12/2021  12:47:16,197163;9,572730E-1;1,299215E-1;1,259458E-1;9,646977E-1;;
02/12/2021  12:47:16,197263;9,573773E-1;1,203641E-1;1,044624E-1;9,649797E-1;;
02/12/2021  12:47:16,197363;9,563789E-1;1,296029E-1;1,259458E-1;9,652339E-1;;
02/12/2021  12:47:16,197463;9,554967E-1;1,292843E-1;1,351078E-1;9,654597E-1;;
02/12/2021  12:47:16,197563;9,541020E-1;1,251428E-1;1,452176E-1;9,656566E-1;;
02/12/2021  12:47:16,197663;9,531244E-1;1,165411E-1;1,218387E-1;9,658239E-1;;
02/12/2021  12:47:16,197763;9,532585E-1;1,178155E-1;1,363715E-1;9,659613E-1;;
02/12/2021  12:47:16,197863;9,514882E-1;1,171783E-1;1,237343E-1;9,660681E-1;;
02/12/2021  12:47:16,197963;9,502872E-1;9,615202E-2;1,006712E-1;9,661441E-1;;
02/12/2021  12:47:16,198063;9,486719E-1;1,076209E-1;1,278414E-1;9,661887E-1;;
02/12/2021  12:47:16,198163;9,487374E-1;1,022050E-1;1,120448E-1;9,662015E-1;;
02/12/2021  12:47:16,198263;9,476109E-1;1,098510E-1;1,025668E-1;9,661821E-1;;
02/12/2021  12:47:16,198363;9,471996E-1;1,241871E-1;1,281573E-1;9,661301E-1;;
02/12/2021  12:47:16,198463;9,456022E-1;8,659462E-2;1,035146E-1;9,660455E-1;;
02/12/2021  12:47:16,198563;9,437544E-1;1,088952E-1;1,224705E-1;9,659281E-1;;
02/12/2021  12:47:16,198663;9,434414E-1;9,583344E-2;1,073058E-1;9,657777E-1;;
02/12/2021  12:47:16,198763;9,436620E-1;8,022302E-2;7,318515E-2;9,655942E-1;;
02/12/2021  12:47:16,198863;9,423506E-1;9,551486E-2;1,079377E-1;9,653776E-1;;
02/12/2021  12:47:16,198963;9,409201E-1;1,114439E-1;1,221546E-1;9,651283E-1;;
02/12/2021  12:47:16,199063;9,395790E-1;9,806350E-2;1,129926E-1;9,648463E-1;;
02/12/2021  12:47:16,199163;9,398561E-1;1,324701E-1;1,385831E-1;9,645320E-1;;
02/12/2021  12:47:16,199263;9,396058E-1;8,946184E-2;1,189953E-1;9,641857E-1;;
02/12/2021  12:47:16,199363;9,385537E-1;9,041758E-2;1,082536E-1;9,638080E-1;;
02/12/2021  12:47:16,199463;9,370099E-1;9,615202E-2;1,161519E-1;9,633994E-1;;
02/12/2021  12:47:16,199563;9,364347E-1;1,015679E-1;1,240502E-1;9,629608E-1;;
02/12/2021  12:47:16,199663;9,363424E-1;1,187712E-1;1,357397E-1;9,624927E-1;;
02/12/2021  12:47:16,199763;9,364407E-1;2,264512E-1;1,891322E-1;9,619961E-1;;
02/12/2021  12:47:16,199863;9,358894E-1;1,184526E-1;1,237343E-1;9,614718E-1;;
02/12/2021  12:47:16,199963;9,339611E-1;1,391603E-1;1,038306E-1;9,609211E-1;;
02/12/2021  12:47:16,200063;9,327720E-1;1,321516E-1;1,341600E-1;9,603451E-1;;
02/12/2021  12:47:16,200163;9,325395E-1;1,515849E-1;1,335282E-1;9,597446E-1;;
02/12/2021  12:47:16,200263;9,323488E-1;1,534964E-1;1,445858E-1;9,591206E-1;;
02/12/2021  12:47:16,200363;9,314874E-1;1,726112E-1;1,550115E-1;9,584743E-1;;
02/12/2021  12:47:16,200463;9,303669E-1;1,786642E-1;1,714400E-1;9,578068E-1;;
02/12/2021  12:47:16,200563;9,289929E-1;1,455319E-1;1,401627E-1;9,571192E-1;;
02/12/2021  12:47:16,200663;9,290019E-1;1,292843E-1;1,246821E-1;9,564125E-1;;
02/12/2021  12:47:16,200763;9,291449E-1;1,232313E-1;1,294210E-1;9,556878E-1;;
02/12/2021  12:47:16,200863;9,274372E-1;1,216384E-1;1,272095E-1;9,549462E-1;;
02/12/2021  12:47:16,200963;9,260305E-1;1,299215E-1;1,322644E-1;9,541889E-1;;
02/12/2021  12:47:16,201063;9,250440E-1;1,066652E-1;1,452176E-1;9,534169E-1;;
02/12/2021  12:47:16,201163;9,253182E-1;1,190898E-1;1,392149E-1;9,526312E-1;;
02/12/2021  12:47:16,201263;9,243705E-1;1,146297E-1;1,212068E-1;9,518326E-1;;
02/12/2021  12:47:16,201363;9,236642E-1;1,331073E-1;1,341600E-1;9,510223E-1;;
02/12/2021  12:47:16,201463;9,225316E-1;1,292843E-1;1,284732E-1;9,502011E-1;;
02/12/2021  12:47:16,201563;9,212561E-1;1,413904E-1;1,392149E-1;9,493701E-1;;
02/12/2021  12:47:16,201663;9,215481E-1;8,404598E-2;1,126766E-1;9,485302E-1;;
02/12/2021  12:47:16,201763;9,210981E-1;1,241871E-1;1,313166E-1;9,476821E-1;;
02/12/2021  12:47:16,201863;9,197480E-1;1,241871E-1;1,278414E-1;9,468269E-1;;
02/12/2021  12:47:16,201963;9,189016E-1;1,729298E-1;1,471132E-1;9,459655E-1;;
02/12/2021  12:47:16,202063;9,178436E-1;1,203641E-1;1,145722E-1;9,450988E-1;;
02/12/2021  12:47:16,202163;9,182966E-1;1,429833E-1;9,845971E-2;9,442273E-1;;
02/12/2021  12:47:16,202263;9,179062E-1;1,391603E-1;1,398468E-1;9,433522E-1;;
02/12/2021  12:47:16,202363;9,172029E-1;1,178155E-1;1,253139E-1;9,424741E-1;;
02/12/2021  12:47:16,202463;9,161419E-1;1,222756E-1;1,294210E-1;9,415941E-1;;
02/12/2021  12:47:16,202563;9,156770E-1;1,318330E-1;1,306848E-1;9,407130E-1;;
02/12/2021  12:47:16,202663;9,165770E-1;1,251428E-1;1,265777E-1;9,398316E-1;;
02/12/2021  12:47:16,202763;9,163654E-1;1,216384E-1;1,208909E-1;9,389509E-1;;
02/12/2021  12:47:16,202863;9,165651E-1;1,149482E-1;1,231024E-1;9,380720E-1;;
02/12/2021  12:47:16,202963;9,151733E-1;1,162226E-1;9,466852E-2;9,371960E-1;;
02/12/2021  12:47:16,203063;9,156591E-1;1,337445E-1;1,366875E-1;9,363240E-1;;
02/12/2021  12:47:16,203163;9,159362E-1;1,385232E-1;1,543797E-1;9,354571E-1;;
02/12/2021  12:47:16,203263;9,159422E-1;1,057094E-1;1,227865E-1;9,345964E-1;;
02/12/2021  12:47:16,203363;9,158021E-1;9,360338E-2;1,057261E-1;9,337431E-1;;
02/12/2021  12:47:16,203463;9,150869E-1;1,178155E-1;1,212068E-1;9,328983E-1;;
02/12/2021  12:47:16,203563;9,158945E-1;1,213198E-1;1,028828E-1;9,320633E-1;;
02/12/2021  12:47:16,203663;9,165859E-1;1,219570E-1;1,114129E-1;9,312390E-1;;
02/12/2021  12:47:16,203763;9,167797E-1;1,225942E-1;1,076217E-1;9,304268E-1;;
02/12/2021  12:47:16,203863;9,163982E-1;2,130709E-1;2,798047E-1;9,296279E-1;;
02/12/2021  12:47:16,203963;9,155101E-1;1,331073E-1;1,395309E-1;9,288435E-1;;
02/12/2021  12:47:16,204063;9,161300E-1;1,057094E-1;1,028828E-1;9,280747E-1;;
02/12/2021  12:47:16,204163;9,169913E-1;1,123996E-1;1,164678E-1;9,273223E-1;;
02/12/2021  12:47:16,204263;9,167648E-1;1,149482E-1;1,136244E-1;9,265875E-1;;
02/12/2021  12:47:16,204363;9,162641E-1;1,362931E-1;1,512204E-1;9,258712E-1;;
02/12/2021  12:47:16,204463;9,157485E-1;1,362931E-1;1,278414E-1;9,251743E-1;;
02/12/2021  12:47:16,204563;9,167856E-1;1,353374E-1;1,385831E-1;9,244975E-1;;
02/12/2021  12:47:16,204663;9,173727E-1;1,251428E-1;1,392149E-1;9,238414E-1;;
02/12/2021  12:47:16,204763;9,174443E-1;1,257800E-1;1,325804E-1;9,232068E-1;;
02/12/2021  12:47:16,204863;9,168959E-1;1,159040E-1;1,057261E-1;9,225945E-1;;
02/12/2021  12:47:16,204963;9,168721E-1;8,946184E-2;1,341600E-1;9,220049E-1;;
02/12/2021  12:47:16,205063;9,186930E-1;1,334259E-1;1,287892E-1;9,214386E-1;;
02/12/2021  12:47:16,205163;9,187228E-1;1,254614E-1;1,303688E-1;9,208961E-1;;
02/12/2021  12:47:16,205263;9,191937E-1;1,490363E-1;1,534319E-1;9,203781E-1;;
02/12/2021  12:47:16,205363;9,197004E-1;1,404346E-1;1,281573E-1;9,198850E-1;;
02/12/2021  12:47:16,205463;9,193517E-1;1,127182E-1;1,189953E-1;9,194174E-1;;
02/12/2021  12:47:16,205563;9,212471E-1;1,130368E-1;1,477451E-1;9,189759E-1;;
02/12/2021  12:47:16,205663;9,209580E-1;1,331073E-1;1,411105E-1;9,185608E-1;;
02/12/2021  12:47:16,205763;9,212054E-1;1,382046E-1;1,490088E-1;9,181726E-1;;
02/12/2021  12:47:16,205863;9,211220E-1;1,210013E-1;1,167838E-1;9,178116E-1;;
02/12/2021  12:47:16,205963;9,214885E-1;1,369303E-1;1,449017E-1;9,174781E-1;;
02/12/2021  12:47:16,206063;9,231456E-1;1,410718E-1;1,303688E-1;9,171722E-1;;
02/12/2021  12:47:16,206163;9,231009E-1;1,397975E-1;1,430061E-1;9,168940E-1;;
02/12/2021  12:47:16,206263;9,235897E-1;1,343816E-1;1,445858E-1;9,166438E-1;;
02/12/2021  12:47:16,206363;9,235986E-1;9,678918E-2;1,060421E-1;9,164215E-1;;
02/12/2021  12:47:16,206463;9,247788E-1;1,213198E-1;1,284732E-1;9,162273E-1;;
02/12/2021  12:47:16,206563;9,256550E-1;1,382046E-1;1,635417E-1;9,160611E-1;;
02/12/2021  12:47:16,206663;9,265700E-1;1,267357E-1;1,325804E-1;9,159230E-1;;
02/12/2021  12:47:16,206763;9,265163E-1;1,289658E-1;1,155200E-1;9,158129E-1;;
02/12/2021  12:47:16,206863;9,268024E-1;1,292843E-1;1,395309E-1;9,157309E-1;;
02/12/2021  12:47:16,206963;9,279349E-1;1,369303E-1;1,360556E-1;9,156768E-1;;
02/12/2021  12:47:16,207063;9,294668E-1;1,146297E-1;1,186794E-1;9,156505E-1;;
02/12/2021  12:47:16,207163;9,299377E-1;1,260985E-1;1,316326E-1;9,156520E-1;;
02/12/2021  12:47:16,207263;9,307901E-1;1,206827E-1;1,133085E-1;9,156811E-1;;
02/12/2021  12:47:16,207363;9,312341E-1;1,359745E-1;1,363715E-1;9,157379E-1;;
02/12/2021  12:47:16,207463;9,327600E-1;1,436204E-1;1,395309E-1;9,158222E-1;;
02/12/2021  12:47:16,207563;9,345661E-1;8,500172E-2;6,117973E-2;9,159339E-1;;
02/12/2021  12:47:16,207663;9,349297E-1;1,254614E-1;1,310007E-1;9,160732E-1;;
02/12/2021  12:47:16,207763;9,351085E-1;1,235499E-1;1,268936E-1;9,162401E-1;;
02/12/2021  12:47:16,207863;9,355466E-1;1,292843E-1;1,313166E-1;9,164344E-1;;
02/12/2021  12:47:16,207963;9,371917E-1;1,519035E-1;1,562753E-1;9,166559E-1;;
02/12/2021  12:47:16,208063;9,384941E-1;1,283286E-1;1,370034E-1;9,169045E-1;;
02/12/2021  12:47:16,208163;9,388846E-1;1,299215E-1;1,303688E-1;9,171800E-1;;
02/12/2021  12:47:16,208263;9,395045E-1;1,280100E-1;1,297370E-1;9,174822E-1;;
02/12/2021  12:47:16,208363;9,402823E-1;1,315144E-1;1,278414E-1;9,178107E-1;;
02/12/2021  12:47:16,208463;9,425801E-1;1,283286E-1;1,215227E-1;9,181653E-1;;
02/12/2021  12:47:16,208563;9,440762E-1;1,343816E-1;1,313166E-1;9,185458E-1;;
02/12/2021  12:47:16,208663;9,447289E-1;1,213198E-1;1,114129E-1;9,189520E-1;;
02/12/2021  12:47:16,208763;9,455366E-1;1,640096E-1;2,166183E-1;9,193839E-1;;
02/12/2021  12:47:16,208863;9,457541E-1;1,362931E-1;1,325804E-1;9,198413E-1;;
02/12/2021  12:47:16,208963;9,471519E-1;1,289658E-1;1,265777E-1;9,203238E-1;;
02/12/2021  12:47:16,209063;9,486897E-1;1,327887E-1;1,505885E-1;9,208311E-1;;
02/12/2021  12:47:16,209163;9,484483E-1;1,273729E-1;1,278414E-1;9,213628E-1;;
02/12/2021  12:47:16,209263;9,486301E-1;1,311958E-1;1,373193E-1;9,219185E-1;;
02/12/2021  12:47:16,209363;9,479268E-1;1,267357E-1;1,240502E-1;9,224975E-1;;
02/12/2021  12:47:16,209463;9,491875E-1;1,190898E-1;1,101492E-1;9,230988E-1;;
02/12/2021  12:47:16,209563;9,494855E-1;1,499920E-1;1,388990E-1;9,237213E-1;;
02/12/2021  12:47:16,209663;9,491219E-1;1,350188E-1;1,303688E-1;9,243640E-1;;
02/12/2021  12:47:16,209763;9,482308E-1;1,369303E-1;1,310007E-1;9,250256E-1;;
02/12/2021  12:47:16,209863;9,475751E-1;6,493118E-2;1,237343E-1;9,257044E-1;;
02/12/2021  12:47:16,209963;9,475662E-1;1,356559E-1;1,591187E-1;9,263987E-1;;
02/12/2021  12:47:16,210063;9,484215E-1;1,276914E-1;1,294210E-1;9,271066E-1;;
02/12/2021  12:47:16,210163;9,488686E-1;1,324701E-1;1,316326E-1;9,278262E-1;;
02/12/2021  12:47:16,210263;9,489460E-1;1,273729E-1;1,246821E-1;9,285557E-1;;
02/12/2021  12:47:16,210363;9,498252E-1;1,063466E-1;1,139404E-1;9,292933E-1;;
02/12/2021  12:47:16,210463;9,510531E-1;1,159040E-1;1,256299E-1;9,300374E-1;;
02/12/2021  12:47:16,210563;9,521141E-1;1,114439E-1;1,063580E-1;9,307866E-1;;
02/12/2021  12:47:16,210663;9,516343E-1;1,066652E-1;1,158360E-1;9,315397E-1;;
02/12/2021  12:47:16,210763;9,513780E-1;1,025236E-1;1,161519E-1;9,322952E-1;;
02/12/2021  12:47:16,210863;9,530291E-1;1,057094E-1;1,253139E-1;9,330521E-1;;
02/12/2021  12:47:16,210963;9,539559E-1;1,490363E-1;2,109315E-1;9,338090E-1;;
02/12/2021  12:47:16,211063;9,543255E-1;9,424054E-2;1,050943E-1;9,345651E-1;;
02/12/2021  12:47:16,211163;9,542391E-1;9,647060E-2;1,054102E-1;9,353194E-1;;
02/12/2021  12:47:16,211263;9,538457E-1;1,018865E-1;1,145722E-1;9,360710E-1;;
02/12/2021  12:47:16,211363;9,537235E-1;1,178155E-1;1,291051E-1;9,368190E-1;;
02/12/2021  12:47:16,211463;9,538963E-1;8,659462E-2;1,092014E-1;9,375622E-1;;
02/12/2021  12:47:16,211563;9,540692E-1;9,009900E-2;1,066739E-1;9,382997E-1;;
02/12/2021  12:47:16,211663;9,528681E-1;9,455912E-2;1,073058E-1;9,390303E-1;;
02/12/2021  12:47:16,211763;9,519502E-1;4,549780E-2;5,991600E-2;9,397528E-1;;
02/12/2021  12:47:16,211863;9,516104E-1;1,092138E-1;1,186794E-1;9,404659E-1;;
02/12/2021  12:47:16,211963;9,521439E-1;1,353374E-1;1,584868E-1;9,411682E-1;;
02/12/2021  12:47:16,212063;9,520664E-1;1,082581E-1;1,208909E-1;9,418584E-1;;
02/12/2021  12:47:16,212163;9,512230E-1;1,245056E-1;1,303688E-1;9,425351E-1;;
02/12/2021  12:47:16,212263;9,513273E-1;1,531778E-1;1,524841E-1;9,431971E-1;;
02/12/2021  12:47:16,212363;9,515747E-1;8,054160E-2;7,602853E-2;9,438433E-1;;
02/12/2021  12:47:16,212463;9,526148E-1;1,232313E-1;9,877564E-2;9,444727E-1;;
02/12/2021  12:47:16,212563;9,528592E-1;1,375674E-1;1,126766E-1;9,450843E-1;;
02/12/2021  12:47:16,212663;9,528145E-1;1,706997E-1;1,499566E-1;9,456775E-1;;
02/12/2021  12:47:16,212763;9,520217E-1;1,706997E-1;1,458495E-1;9,462519E-1;;
02/12/2021  12:47:16,212863;9,526923E-1;1,605052E-1;1,253139E-1;9,468070E-1;;
02/12/2021  12:47:16,212963;9,535685E-1;1,754784E-1;1,562753E-1;9,473422E-1;;
02/12/2021  12:47:16,213063;9,537145E-1;1,477620E-1;1,385831E-1;9,478575E-1;;
02/12/2021  12:47:16,213163;9,539589E-1;1,076209E-1;1,243661E-1;9,483526E-1;;
02/12/2021  12:47:16,213263;9,529486E-1;1,353374E-1;1,303688E-1;9,488276E-1;;
02/12/2021  12:47:16,213363;9,540632E-1;1,168597E-1;1,212068E-1;9,492825E-1;;
02/12/2021  12:47:16,213463;9,544000E-1;1,206827E-1;1,411105E-1;9,497175E-1;;
02/12/2021  12:47:16,213563;9,543344E-1;1,426647E-1;1,373193E-1;9,501326E-1;;
02/12/2021  12:47:16,213663;9,537056E-1;1,331073E-1;1,199431E-1;9,505282E-1;;
02/12/2021  12:47:16,213763;9,529635E-1;1,092138E-1;1,379512E-1;9,509044E-1;;
02/12/2021  12:47:16,213863;9,536877E-1;1,219570E-1;1,291051E-1;9,512615E-1;;
02/12/2021  12:47:16,213963;9,538784E-1;1,229127E-1;1,379512E-1;9,515995E-1;;
02/12/2021  12:47:16,214063;9,535804E-1;1,245056E-1;1,253139E-1;9,519188E-1;;
02/12/2021  12:47:16,214163;9,526625E-1;1,022050E-1;1,006712E-1;9,522196E-1;;
02/12/2021  12:47:16,214263;9,518876E-1;1,174969E-1;1,180475E-1;9,525021E-1;;
02/12/2021  12:47:16,214363;9,529546E-1;1,525407E-1;1,496407E-1;9,527664E-1;;
02/12/2021  12:47:16,214463;9,530291E-1;1,429833E-1;1,373193E-1;9,530126E-1;;
02/12/2021  12:47:16,214563;9,522780E-1;1,127182E-1;1,316326E-1;9,532411E-1;;
02/12/2021  12:47:16,214663;9,513243E-1;1,219570E-1;1,262617E-1;9,534521E-1;;
02/12/2021  12:47:16,214763;9,512588E-1;1,369303E-1;1,499566E-1;9,536458E-1;;
02/12/2021  12:47:16,214863;9,515359E-1;9,965640E-2;9,308886E-2;9,538222E-1;;
02/12/2021  12:47:16,214963;9,516045E-1;1,257800E-1;1,240502E-1;9,539816E-1;;
02/12/2021  12:47:16,215063;9,510174E-1;1,350188E-1;1,423743E-1;9,541242E-1;;
02/12/2021  12:47:16,215163;9,500786E-1;1,397975E-1;1,344760E-1;9,542503E-1;;
02/12/2021  12:47:16,215263;9,498521E-1;1,238685E-1;1,316326E-1;9,543601E-1;;
02/12/2021  12:47:16,215363;9,500696E-1;9,296622E-2;1,411105E-1;9,544536E-1;;
02/12/2021  12:47:16,215463;9,500875E-1;1,184526E-1;1,202590E-1;9,545312E-1;;
02/12/2021  12:47:16,215563;9,495868E-1;9,073616E-2;9,624818E-2;9,545929E-1;;
02/12/2021  12:47:16,215663;9,473367E-1;1,155854E-1;1,452176E-1;9,546392E-1;;
02/12/2021  12:47:16,215763;9,472443E-1;1,347002E-1;1,316326E-1;9,546700E-1;;
02/12/2021  12:47:16,215863;9,470238E-1;8,914326E-2;7,981972E-2;9,546854E-1;;
02/12/2021  12:47:16,215963;9,465946E-1;1,082581E-1;1,114129E-1;9,546851E-1;;
02/12/2021  12:47:16,216063;9,459330E-1;1,206827E-1;1,164678E-1;9,546693E-1;;
02/12/2021  12:47:16,216163;9,450568E-1;1,165411E-1;1,395309E-1;9,546379E-1;;
02/12/2021  12:47:16,216263;9,438080E-1;1,286472E-1;1,212068E-1;9,545908E-1;;
02/12/2021  12:47:16,216363;9,448481E-1;3,594040E-2;5,644075E-2;9,545279E-1;;
02/12/2021  12:47:16,216463;9,442223E-1;1,343816E-1;1,275255E-1;9,544492E-1;;
02/12/2021  12:47:16,216563;9,433580E-1;1,455319E-1;1,392149E-1;9,543548E-1;;
02/12/2021  12:47:16,216663;9,426636E-1;1,178155E-1;1,170997E-1;9,542447E-1;;
02/12/2021  12:47:16,216763;9,424997E-1;1,104881E-1;9,403666E-2;9,541190E-1;;
02/12/2021  12:47:16,216863;9,429169E-1;1,264171E-1;1,341600E-1;9,539778E-1;;
02/12/2021  12:47:16,216963;9,430212E-1;1,206827E-1;1,265777E-1;9,538213E-1;;
02/12/2021  12:47:16,217063;9,422165E-1;1,225942E-1;1,275255E-1;9,536500E-1;;
02/12/2021  12:47:16,217163;9,414178E-1;1,082581E-1;1,249980E-1;9,534641E-1;;
02/12/2021  12:47:16,217263;9,423715E-1;1,187712E-1;9,530039E-2;9,532642E-1;;
02/12/2021  12:47:16,217363;9,432984E-1;1,184526E-1;1,164678E-1;9,530508E-1;;
02/12/2021  12:47:16,217463;9,435338E-1;1,257800E-1;1,180475E-1;9,528246E-1;;
02/12/2021  12:47:16,217563;9,426189E-1;1,095324E-1;1,496407E-1;9,525864E-1;;
02/12/2021  12:47:16,217663;9,419394E-1;1,260985E-1;1,306848E-1;9,523374E-1;;
02/12/2021  12:47:16,217763;9,418231E-1;1,133553E-1;1,164678E-1;9,520781E-1;;
02/12/2021  12:47:16,217863;9,424252E-1;1,347002E-1;1,543797E-1;9,518094E-1;;
02/12/2021  12:47:16,217963;9,420288E-1;1,366117E-1;1,310007E-1;9,515320E-1;;
02/12/2021  12:47:16,218063;9,413642E-1;1,350188E-1;1,417424E-1;9,512469E-1;;
02/12/2021  12:47:16,218163;9,409350E-1;1,241871E-1;1,152041E-1;9,509548E-1;;
02/12/2021  12:47:16,218263;9,418976E-1;3,689614E-2;8,550650E-2;9,506564E-1;;
02/12/2021  12:47:16,218363;9,423447E-1;1,254614E-1;1,291051E-1;9,503525E-1;;
02/12/2021  12:47:16,218463;9,417725E-1;1,210013E-1;1,243661E-1;9,500440E-1;;
02/12/2021  12:47:16,218563;9,416056E-1;1,232313E-1;1,196272E-1;9,497318E-1;;
02/12/2021  12:47:16,218663;9,414297E-1;1,104881E-1;1,499566E-1;9,494168E-1;;
02/12/2021  12:47:16,218763;9,426040E-1;1,280100E-1;1,698603E-1;9,490998E-1;;
02/12/2021  12:47:16,218863;9,428066E-1;1,238685E-1;1,240502E-1;9,487818E-1;;
02/12/2021  12:47:16,218963;9,428007E-1;1,238685E-1;1,316326E-1;9,484636E-1;;
02/12/2021  12:47:16,219063;9,428871E-1;1,174969E-1;1,218387E-1;9,481464E-1;;
02/12/2021  12:47:16,219163;9,426725E-1;1,197269E-1;1,234183E-1;9,478310E-1;;
02/12/2021  12:47:16,219263;9,438050E-1;1,276914E-1;1,325804E-1;9,475185E-1;;
02/12/2021  12:47:16,219363;9,441805E-1;1,206827E-1;1,237343E-1;9,472098E-1;;
02/12/2021  12:47:16,219463;9,442819E-1;1,127182E-1;1,291051E-1;9,469059E-1;;
02/12/2021  12:47:16,219563;9,435398E-1;1,311958E-1;1,303688E-1;9,466078E-1;;
02/12/2021  12:47:16,219663;9,435487E-1;1,245056E-1;1,114129E-1;9,463164E-1;;
02/12/2021  12:47:16,219763;9,441418E-1;1,034794E-1;1,013031E-1;9,460324E-1;;
02/12/2021  12:47:16,219863;9,447021E-1;1,181340E-1;1,218387E-1;9,457565E-1;;
02/12/2021  12:47:16,219963;9,438319E-1;1,206827E-1;1,332122E-1;9,454894E-1;;
02/12/2021  12:47:16,220063;9,432179E-1;1,544522E-1;1,322644E-1;9,452317E-1;;
02/12/2021  12:47:16,220163;9,437663E-1;1,168597E-1;1,189953E-1;9,449838E-1;;
02/12/2021  12:47:16,220263;9,437812E-1;9,455912E-2;1,133085E-1;9,447461E-1;;
02/12/2021  12:47:16,220363;9,439779E-1;1,114439E-1;1,231024E-1;9,445188E-1;;
02/12/2021  12:47:16,220463;9,432179E-1;1,276914E-1;1,237343E-1;9,443022E-1;;
02/12/2021  12:47:16,220563;9,428215E-1;3,817046E-2;6,655058E-2;9,440964E-1;;
02/12/2021  12:47:16,220663;9,424460E-1;7,958586E-2;8,234717E-2;9,439015E-1;;
02/12/2021  12:47:16,220763;9,430927E-1;1,238685E-1;1,310007E-1;9,437172E-1;;
02/12/2021  12:47:16,220863;9,429497E-1;1,146297E-1;1,221546E-1;9,435436E-1;;
02/12/2021  12:47:16,220963;9,421033E-1;1,270543E-1;1,297370E-1;9,433803E-1;;
02/12/2021  12:47:16,221063;9,416682E-1;1,162226E-1;1,161519E-1;9,432272E-1;;
02/12/2021  12:47:16,221163;9,419304E-1;1,139925E-1;1,148882E-1;9,430839E-1;;
02/12/2021  12:47:16,221263;9,420228E-1;1,232313E-1;1,148882E-1;9,429501E-1;;
02/12/2021  12:47:16,221363;9,418887E-1;1,420275E-1;1,430061E-1;9,428253E-1;;
02/12/2021  12:47:16,221463;9,411138E-1;1,461691E-1;1,461654E-1;9,427091E-1;;
02/12/2021  12:47:16,221563;9,395045E-1;1,037979E-1;1,095173E-1;9,426011E-1;;
02/12/2021  12:47:16,221663;9,394508E-1;1,073023E-1;1,126766E-1;9,425006E-1;;
02/12/2021  12:47:16,221763;9,390991E-1;1,213198E-1;1,088855E-1;9,424067E-1;;
02/12/2021  12:47:16,221863;9,383630E-1;9,647060E-2;1,003553E-1;9,423186E-1;;
02/12/2021  12:47:16,221963;9,383600E-1;1,152668E-1;1,155200E-1;9,422355E-1;;
02/12/2021  12:47:16,222063;9,367238E-1;1,299215E-1;1,227865E-1;9,421563E-1;;
02/12/2021  12:47:16,222163;9,372573E-1;1,401161E-1;1,433221E-1;9,420803E-1;;
02/12/2021  12:47:16,222263;9,376358E-1;1,512664E-1;1,584868E-1;9,420064E-1;;
02/12/2021  12:47:16,222363;9,372007E-1;1,353374E-1;1,297370E-1;9,419338E-1;;
02/12/2021  12:47:16,222463;9,365748E-1;1,299215E-1;1,205749E-1;9,418619E-1;;
02/12/2021  12:47:16,222563;9,356956E-1;9,009900E-2;1,509044E-1;9,417898E-1;;
02/12/2021  12:47:16,222663;9,359162E-1;2,287862E-2;7,539667E-2;9,417169E-1;;
02/12/2021  12:47:16,222763;9,363036E-1;1,423461E-1;1,407946E-1;9,416424E-1;;
02/12/2021  12:47:16,222863;9,357761E-1;1,289658E-1;1,291051E-1;9,415658E-1;;
02/12/2021  12:47:16,222963;9,349148E-1;3,466608E-2;6,876210E-2;9,414866E-1;;
02/12/2021  12:47:16,223063;9,341638E-1;1,171783E-1;1,262617E-1;9,414041E-1;;
02/12/2021  12:47:16,223163;9,352218E-1;1,241871E-1;1,689125E-1;9,413178E-1;;
02/12/2021  12:47:16,223263;9,341757E-1;8,659462E-2;1,035146E-1;9,412273E-1;;
02/12/2021  12:47:16,223363;9,336869E-1;9,933782E-2;1,139404E-1;9,411322E-1;;
02/12/2021  12:47:16,223463;9,321550E-1;1,168597E-1;1,196272E-1;9,410320E-1;;
02/12/2021  12:47:16,223563;9,312103E-1;1,130368E-1;9,561632E-2;9,409261E-1;;
02/12/2021  12:47:16,223663;9,311686E-1;2,638300E-2;5,075397E-2;9,408138E-1;;
02/12/2021  12:47:16,223763;9,309570E-1;1,028422E-1;1,186794E-1;9,406946E-1;;
02/12/2021  12:47:16,223863;9,302149E-1;1,117624E-1;1,347919E-1;9,405678E-1;;
02/12/2021  12:47:16,223963;9,290198E-1;9,997498E-2;1,170997E-1;9,404329E-1;;
02/12/2021  12:47:16,224063;9,286681E-1;8,882468E-2;9,782784E-2;9,402893E-1;;
02/12/2021  12:47:16,224163;9,290645E-1;1,006121E-1;1,129926E-1;9,401365E-1;;
02/12/2021  12:47:16,224263;9,287992E-1;1,031608E-1;1,164678E-1;9,399741E-1;;
02/12/2021  12:47:16,224363;9,280690E-1;6,652408E-2;6,686651E-2;9,398017E-1;;
02/12/2021  12:47:16,224463;9,271183E-1;9,816838E-3;7,760819E-2;9,396192E-1;;
02/12/2021  12:47:16,224563;9,268114E-1;9,551486E-2;1,117289E-1;9,394263E-1;;
02/12/2021  12:47:16,224663;9,274491E-1;-5,914200E-5;8,519056E-2;9,392227E-1;;
02/12/2021  12:47:16,224763;9,271362E-1;1,006121E-1;1,177316E-1;9,390084E-1;;
02/12/2021  12:47:16,224863;9,265491E-1;1,057094E-1;1,114129E-1;9,387834E-1;;
02/12/2021  12:47:16,224963;9,252586E-1;1,442576E-1;1,392149E-1;9,385479E-1;;
02/12/2021  12:47:16,225063;9,255060E-1;1,111253E-1;1,205749E-1;9,383019E-1;;
02/12/2021  12:47:16,225163;9,262213E-1;1,671954E-1;1,660692E-1;9,380454E-1;;
02/12/2021  12:47:16,225263;9,248652E-1;1,490363E-1;1,499566E-1;9,377787E-1;;
02/12/2021  12:47:16,225363;9,236195E-1;1,538150E-1;1,442698E-1;9,375021E-1;;
02/12/2021  12:47:16,225463;9,227552E-1;1,528593E-1;1,300529E-1;9,372156E-1;;
02/12/2021  12:47:16,225563;9,223349E-1;1,550893E-1;1,502726E-1;9,369192E-1;;
02/12/2021  12:47:16,225663;9,221055E-1;1,522221E-1;1,613302E-1;9,366130E-1;;
02/12/2021  12:47:16,225763;9,214111E-1;1,821686E-1;1,629098E-1;9,362970E-1;;
02/12/2021  12:47:16,225863;9,206958E-1;1,687883E-1;1,562753E-1;9,359712E-1;;
02/12/2021  12:47:16,225963;9,200997E-1;1,512664E-1;1,464814E-1;9,356358E-1;;
02/12/2021  12:47:16,226063;9,202219E-1;1,077258E-2;4,285567E-2;9,352907E-1;;
02/12/2021  12:47:16,226163;9,198047E-1;1,570008E-1;1,556434E-1;9,349361E-1;;
02/12/2021  12:47:16,226263;9,193546E-1;1,340630E-1;1,325804E-1;9,345722E-1;;
02/12/2021  12:47:16,226363;9,190954E-1;1,311958E-1;1,449017E-1;9,341993E-1;;
02/12/2021  12:47:16,226463;9,178913E-1;1,260985E-1;1,259458E-1;9,338177E-1;;
02/12/2021  12:47:16,226563;9,184814E-1;1,404346E-1;1,392149E-1;9,334276E-1;;
02/12/2021  12:47:16,226663;9,187228E-1;1,417090E-1;1,534319E-1;9,330294E-1;;
02/12/2021  12:47:16,226763;9,187049E-1;1,366117E-1;1,325804E-1;9,326235E-1;;
02/12/2021  12:47:16,226863;9,182460E-1;1,210013E-1;1,328963E-1;9,322106E-1;;
02/12/2021  12:47:16,226963;9,170270E-1;1,245056E-1;1,287892E-1;9,317912E-1;;
02/12/2021  12:47:16,227063;9,181208E-1;7,735580E-2;8,929768E-2;9,313660E-1;;
02/12/2021  12:47:16,227163;9,181387E-1;1,178155E-1;1,249980E-1;9,309355E-1;;
02/12/2021  12:47:16,227263;9,183384E-1;1,273729E-1;1,237343E-1;9,305005E-1;;
02/12/2021  12:47:16,227363;9,172416E-1;1,229127E-1;1,237343E-1;9,300619E-1;;
02/12/2021  12:47:16,227463;9,158766E-1;3,976336E-2;9,214107E-2;9,296203E-1;;
02/12/2021  12:47:16,227563;9,164459E-1;1,423461E-1;1,689125E-1;9,291763E-1;;
02/12/2021  12:47:16,227663;9,167350E-1;1,194084E-1;1,256299E-1;9,287305E-1;;
02/12/2021  12:47:16,227763;9,163952E-1;1,254614E-1;1,262617E-1;9,282835E-1;;
02/12/2021  12:47:16,227863;9,161717E-1;1,232313E-1;1,303688E-1;9,278359E-1;;
02/12/2021  12:47:16,227963;9,161061E-1;1,334259E-1;1,303688E-1;9,273884E-1;;
02/12/2021  12:47:16,228063;9,169048E-1;1,238685E-1;1,344760E-1;9,269416E-1;;
02/12/2021  12:47:16,228163;9,185202E-1;1,194084E-1;1,202590E-1;9,264964E-1;;
02/12/2021  12:47:16,228263;9,174830E-1;1,264171E-1;1,322644E-1;9,260537E-1;;
02/12/2021  12:47:16,228363;9,177363E-1;1,464877E-1;1,445858E-1;9,256146E-1;;
02/12/2021  12:47:16,228463;9,181685E-1;1,257800E-1;1,142563E-1;9,251799E-1;;
02/12/2021  12:47:16,228563;9,194143E-1;1,203641E-1;1,243661E-1;9,247507E-1;;
02/12/2021  12:47:16,228663;9,201772E-1;1,302401E-1;1,272095E-1;9,243281E-1;;
02/12/2021  12:47:16,228763;9,206302E-1;1,397975E-1;1,379512E-1;9,239134E-1;;
02/12/2021  12:47:16,228863;9,204395E-1;8,117876E-2;1,152041E-1;9,235077E-1;;
02/12/2021  12:47:16,228963;9,211190E-1;1,270543E-1;1,268936E-1;9,231123E-1;;
02/12/2021  12:47:16,229063;9,226568E-1;1,378860E-1;1,483770E-1;9,227283E-1;;
02/12/2021  12:47:16,229163;9,240039E-1;1,267357E-1;1,297370E-1;9,223571E-1;;
02/12/2021  12:47:16,229263;9,239652E-1;1,340630E-1;1,313166E-1;9,220000E-1;;
02/12/2021  12:47:16,229363;9,239950E-1;1,187712E-1;1,335282E-1;9,216584E-1;;
02/12/2021  12:47:16,229463;9,237595E-1;1,149482E-1;1,256299E-1;9,213335E-1;;
02/12/2021  12:47:16,229563;9,253898E-1;1,493549E-1;1,584868E-1;9,210263E-1;;
02/12/2021  12:47:16,229663;9,256639E-1;1,296029E-1;1,316326E-1;9,207378E-1;;
02/12/2021  12:47:16,229763;9,257712E-1;1,347002E-1;1,300529E-1;9,204690E-1;;
02/12/2021  12:47:16,229863;9,259292E-1;1,315144E-1;1,335282E-1;9,202208E-1;;
02/12/2021  12:47:16,229963;9,270468E-1;1,257800E-1;1,313166E-1;9,199939E-1;;
02/12/2021  12:47:16,230063;9,283254E-1;1,299215E-1;1,142563E-1;9,197889E-1;;
02/12/2021  12:47:16,230163;9,289095E-1;1,245056E-1;1,041465E-1;9,196066E-1;;
02/12/2021  12:47:16,230263;9,292194E-1;1,302401E-1;1,281573E-1;9,194477E-1;;
02/12/2021  12:47:16,230363;9,293595E-1;1,343816E-1;1,341600E-1;9,193129E-1;;
02/12/2021  12:47:16,230463;9,305099E-1;1,139925E-1;1,016190E-1;9,192026E-1;;
02/12/2021  12:47:16,230563;9,319971E-1;1,439390E-1;1,316326E-1;9,191173E-1;;
02/12/2021  12:47:16,230663;9,328167E-1;8,850610E-2;9,245700E-2;9,190575E-1;;
02/12/2021  12:47:16,230763;9,331594E-1;1,190898E-1;1,253139E-1;9,190236E-1;;
02/12/2021  12:47:16,230863;9,341340E-1;1,187712E-1;1,139404E-1;9,190162E-1;;
02/12/2021  12:47:16,230963;9,351383E-1;1,426647E-1;1,436380E-1;9,190356E-1;;
02/12/2021  12:47:16,231063;9,368729E-1;1,139925E-1;1,486929E-1;9,190821E-1;;
02/12/2021  12:47:16,231163;9,380978E-1;1,305587E-1;1,221546E-1;9,191562E-1;;
02/12/2021  12:47:16,231263;9,375941E-1;1,283286E-1;1,237343E-1;9,192582E-1;;
02/12/2021  12:47:16,231363;9,382676E-1;1,483991E-1;1,654373E-1;9,193885E-1;;
02/12/2021  12:47:16,231463;9,397369E-1;1,334259E-1;1,300529E-1;9,195471E-1;;
02/12/2021  12:47:16,231563;9,408814E-1;1,241871E-1;1,243661E-1;9,197341E-1;;
02/12/2021  12:47:16,231663;9,415102E-1;1,098510E-1;1,155200E-1;9,199495E-1;;
02/12/2021  12:47:16,231763;9,422016E-1;8,213450E-2;9,435259E-2;9,201933E-1;;
02/12/2021  12:47:16,231863;9,421718E-1;1,353374E-1;1,388990E-1;9,204655E-1;;
02/12/2021  12:47:16,231963;9,441209E-1;1,869473E-1;2,144068E-1;9,207658E-1;;
02/12/2021  12:47:16,232063;9,453876E-1;1,280100E-1;1,303688E-1;9,210939E-1;;
02/12/2021  12:47:16,232163;9,461535E-1;1,308772E-1;1,505885E-1;9,214497E-1;;
02/12/2021  12:47:16,232263;9,463234E-1;1,585937E-1;1,581709E-1;9,218329E-1;;
02/12/2021  12:47:16,232363;9,468360E-1;1,321516E-1;1,417424E-1;9,222431E-1;;
02/12/2021  12:47:16,232463;9,484990E-1;6,174538E-2;8,708615E-2;9,226799E-1;;
02/12/2021  12:47:16,232563;9,497895E-1;1,382046E-1;1,303688E-1;9,231429E-1;;
02/12/2021  12:47:16,232663;9,509876E-1;1,436204E-1;1,600664E-1;9,236315E-1;;
02/12/2021  12:47:16,232763;9,516879E-1;1,382046E-1;1,322644E-1;9,241455E-1;;
02/12/2021  12:47:16,232863;9,525761E-1;1,280100E-1;1,294210E-1;9,246844E-1;;
02/12/2021  12:47:16,232963;9,548083E-1;1,334259E-1;1,322644E-1;9,252477E-1;;
02/12/2021  12:47:16,233063;9,553328E-1;1,331073E-1;1,344760E-1;9,258351E-1;;
02/12/2021  12:47:16,233163;9,560034E-1;1,238685E-1;1,028828E-1;9,264462E-1;;
02/12/2021  12:47:16,233263;9,557382E-1;1,257800E-1;1,303688E-1;9,270806E-1;;
02/12/2021  12:47:16,233363;9,565607E-1;1,248242E-1;1,180475E-1;9,277376E-1;;
02/12/2021  12:47:16,233463;9,579078E-1;1,178155E-1;9,972343E-2;9,284164E-1;;
02/12/2021  12:47:16,233563;9,585158E-1;1,388417E-1;1,366875E-1;9,291161E-1;;
02/12/2021  12:47:16,233663;9,587870E-1;9,965640E-2;9,308886E-2;9,298360E-1;;
02/12/2021  12:47:16,233763;9,581015E-1;1,133553E-1;1,006712E-1;9,305750E-1;;
02/12/2021  12:47:16,233863;9,594039E-1;1,098510E-1;1,098333E-1;9,313322E-1;;
02/12/2021  12:47:16,233963;9,596513E-1;1,356559E-1;1,249980E-1;9,321061E-1;;
02/12/2021  12:47:16,234063;9,603308E-1;1,385232E-1;1,316326E-1;9,328956E-1;;
02/12/2021  12:47:16,234163;9,611504E-1;1,299215E-1;1,243661E-1;9,336993E-1;;
02/12/2021  12:47:16,234263;9,602742E-1;1,219570E-1;1,227865E-1;9,345161E-1;;
02/12/2021  12:47:16,234363;9,607212E-1;1,455319E-1;1,588027E-1;9,353444E-1;;
02/12/2021  12:47:16,234463;9,616034E-1;1,178155E-1;1,325804E-1;9,361828E-1;;
02/12/2021  12:47:16,234563;9,621339E-1;1,241871E-1;1,268936E-1;9,370298E-1;;
02/12/2021  12:47:16,234663;9,620415E-1;1,241871E-1;1,294210E-1;9,378840E-1;;
02/12/2021  12:47:16,234763;9,613113E-1;1,225942E-1;1,224705E-1;9,387439E-1;;
02/12/2021  12:47:16,234863;9,621875E-1;1,248242E-1;1,152041E-1;9,396078E-1;;
02/12/2021  12:47:16,234963;9,631978E-1;1,324701E-1;1,231024E-1;9,404743E-1;;
02/12/2021  12:47:16,235063;9,627240E-1;1,337445E-1;1,205749E-1;9,413418E-1;;
02/12/2021  12:47:16,235163;9,624826E-1;1,302401E-1;1,404787E-1;9,422089E-1;;
02/12/2021  12:47:16,235263;9,617435E-1;1,385232E-1;1,338441E-1;9,430741E-1;;
02/12/2021  12:47:16,235363;9,622769E-1;1,382046E-1;1,284732E-1;9,439357E-1;;
02/12/2021  12:47:16,235463;9,628164E-1;1,407532E-1;1,512204E-1;9,447921E-1;;
02/12/2021  12:47:16,235563;9,628581E-1;1,213198E-1;1,129926E-1;9,456417E-1;;
02/12/2021  12:47:16,235663;9,624498E-1;1,477620E-1;1,477451E-1;9,464833E-1;;
02/12/2021  12:47:16,235763;9,618656E-1;1,331073E-1;1,193112E-1;9,473153E-1;;
02/12/2021  12:47:16,235863;9,625958E-1;1,222756E-1;1,240502E-1;9,481362E-1;;
02/12/2021  12:47:16,235963;9,633141E-1;1,117624E-1;1,215227E-1;9,489447E-1;;
02/12/2021  12:47:16,236063;9,628611E-1;9,901924E-2;1,133085E-1;9,497397E-1;;
02/12/2021  12:47:16,236163;9,630607E-1;1,264171E-1;1,265777E-1;9,505199E-1;;
02/12/2021  12:47:16,236263;9,623544E-1;1,114439E-1;1,354238E-1;9,512844E-1;;
02/12/2021  12:47:16,236363;9,626316E-1;1,254614E-1;1,392149E-1;9,520321E-1;;
02/12/2021  12:47:16,236463;9,627448E-1;9,742634E-2;1,076217E-1;9,527619E-1;;
02/12/2021  12:47:16,236563;9,633290E-1;1,171783E-1;1,300529E-1;9,534730E-1;;
02/12/2021  12:47:16,236663;9,626197E-1;1,127182E-1;1,174156E-1;9,541645E-1;;
02/12/2021  12:47:16,236763;9,620564E-1;1,057094E-1;1,161519E-1;9,548359E-1;;
02/12/2021  12:47:16,236863;9,631680E-1;1,066652E-1;1,246821E-1;9,554862E-1;;
02/12/2021  12:47:16,236963;9,631800E-1;9,806350E-2;1,088855E-1;9,561151E-1;;
02/12/2021  12:47:16,237063;9,623991E-1;1,034794E-1;1,231024E-1;9,567219E-1;;
02/12/2021  12:47:16,237163;9,613113E-1;1,009307E-1;1,110970E-1;9,573063E-1;;
02/12/2021  12:47:16,237263;9,613024E-1;8,086018E-2;7,413294E-2;9,578677E-1;;
02/12/2021  12:47:16,237363;9,615080E-1;8,532030E-2;8,992954E-2;9,584056E-1;;
02/12/2021  12:47:16,237463;9,611355E-1;9,742634E-2;1,117289E-1;9,589195E-1;;
02/12/2021  12:47:16,237563;9,602622E-1;9,901924E-2;1,221546E-1;9,594090E-1;;
02/12/2021  12:47:16,237663;9,590075E-1;8,340882E-2;9,150920E-2;9,598737E-1;;
02/12/2021  12:47:16,237763;9,591327E-1;1,006121E-1;1,139404E-1;9,603131E-1;;
02/12/2021  12:47:16,237863;9,592072E-1;3,052454E-2;7,097362E-2;9,607268E-1;;
02/12/2021  12:47:16,237963;9,592430E-1;1,280100E-1;1,316326E-1;9,611143E-1;;
02/12/2021  12:47:16,238063;9,583757E-1;1,324701E-1;1,281573E-1;9,614755E-1;;
02/12/2021  12:47:16,238163;9,571717E-1;1,522221E-1;1,467973E-1;9,618102E-1;;
02/12/2021  12:47:16,238263;9,567991E-1;1,780271E-1;1,505885E-1;9,621182E-1;;
02/12/2021  12:47:16,238363;9,574995E-1;1,856730E-1;1,676488E-1;9,623991E-1;;
02/12/2021  12:47:16,238463;9,564087E-1;1,713369E-1;1,531159E-1;9,626530E-1;;
02/12/2021  12:47:16,238563;9,561971E-1;1,697440E-1;1,524841E-1;9,628798E-1;;
02/12/2021  12:47:16,238663;9,546414E-1;1,687883E-1;1,575390E-1;9,630795E-1;;
02/12/2021  12:47:16,238763;9,552464E-1;1,579565E-1;1,531159E-1;9,632520E-1;;
02/12/2021  12:47:16,238863;9,555206E-1;1,499920E-1;1,256299E-1;9,633975E-1;;
02/12/2021  12:47:16,238963;9,552643E-1;1,439390E-1;1,449017E-1;9,635162E-1;;
02/12/2021  12:47:16,239063;9,544358E-1;1,267357E-1;1,265777E-1;9,636084E-1;;
02/12/2021  12:47:16,239163;9,530678E-1;1,213198E-1;1,237343E-1;9,636745E-1;;
02/12/2021  12:47:16,239263;9,522840E-1;1,257800E-1;1,351078E-1;9,637149E-1;;
02/12/2021  12:47:16,239363;9,528949E-1;1,251428E-1;1,158360E-1;9,637297E-1;;
02/12/2021  12:47:16,239463;9,524181E-1;1,232313E-1;1,284732E-1;9,637192E-1;;
02/12/2021  12:47:16,239563;9,519234E-1;1,245056E-1;1,161519E-1;9,636840E-1;;
02/12/2021  12:47:16,239663;9,507372E-1;1,057094E-1;1,054102E-1;9,636245E-1;;
02/12/2021  12:47:16,239763;9,505852E-1;1,248242E-1;1,351078E-1;9,635411E-1;;
02/12/2021  12:47:16,239863;9,510740E-1;1,254614E-1;1,562753E-1;9,634343E-1;;
02/12/2021  12:47:16,239963;9,500100E-1;1,165411E-1;1,231024E-1;9,633047E-1;;
02/12/2021  12:47:16,240063;9,492798E-1;1,139925E-1;1,148882E-1;9,631530E-1;;
02/12/2021  12:47:16,240163;9,484185E-1;1,257800E-1;1,281573E-1;9,629796E-1;;
02/12/2021  12:47:16,240263;9,484185E-1;1,006121E-1;1,031987E-1;9,627852E-1;;
02/12/2021  12:47:16,240363;9,481116E-1;1,292843E-1;1,395309E-1;9,625703E-1;;
02/12/2021  12:47:16,240463;9,473456E-1;1,264171E-1;1,291051E-1;9,623355E-1;;
02/12/2021  12:47:16,240563;9,469433E-1;1,292843E-1;1,335282E-1;9,620816E-1;;
02/12/2021  12:47:16,240663;9,458585E-1;1,181340E-1;1,224705E-1;9,618091E-1;;
02/12/2021  12:47:16,240763;9,457869E-1;1,225942E-1;1,344760E-1;9,615186E-1;;
02/12/2021  12:47:16,240863;9,453220E-1;1,165411E-1;1,224705E-1;9,612107E-1;;
02/12/2021  12:47:16,240963;9,436232E-1;1,388417E-1;1,392149E-1;9,608861E-1;;
02/12/2021  12:47:16,241063;9,431792E-1;1,347002E-1;1,249980E-1;9,605452E-1;;
02/12/2021  12:47:16,241163;9,415340E-1;1,206827E-1;9,972343E-2;9,601885E-1;;
02/12/2021  12:47:16,241263;9,409588E-1;1,114439E-1;1,224705E-1;9,598163E-1;;
02/12/2021  12:47:16,241363;9,399038E-1;1,184526E-1;1,291051E-1;9,594288E-1;;
02/12/2021  12:47:16,241463;9,396117E-1;1,238685E-1;1,164678E-1;9,590263E-1;;
02/12/2021  12:47:16,241563;9,383362E-1;1,025236E-1;1,076217E-1;9,586088E-1;;
02/12/2021  12:47:16,241663;9,369354E-1;1,012493E-1;1,025668E-1;9,581768E-1;;
02/12/2021  12:47:16,241763;9,370785E-1;1,210013E-1;1,303688E-1;9,577302E-1;;
02/12/2021  12:47:16,241863;9,370159E-1;1,299215E-1;1,306848E-1;9,572693E-1;;
02/12/2021  12:47:16,241963;9,366255E-1;1,225942E-1;1,231024E-1;9,567944E-1;;
02/12/2021  12:47:16,242063;9,359907E-1;1,006121E-1;9,308886E-2;9,563059E-1;;
02/12/2021  12:47:16,242163;9,352545E-1;1,181340E-1;1,240502E-1;9,558044E-1;;
02/12/2021  12:47:16,242263;9,359460E-1;1,509478E-1;2,298874E-1;9,552903E-1;;
02/12/2021  12:47:16,242363;9,361129E-1;1,232313E-1;1,297370E-1;9,547644E-1;;
02/12/2021  12:47:16,242463;9,359400E-1;1,194084E-1;1,262617E-1;9,542275E-1;;
02/12/2021  12:47:16,242563;9,357046E-1;1,127182E-1;1,031987E-1;9,536805E-1;;
02/12/2021  12:47:16,242663;9,360294E-1;3,721472E-2;9,182514E-2;9,531245E-1;;
02/12/2021  12:47:16,242763;9,368252E-1;1,085766E-1;9,056141E-2;9,525607E-1;;
02/12/2021  12:47:16,242863;9,366344E-1;1,321516E-1;1,392149E-1;9,519902E-1;;
02/12/2021  12:47:16,242963;9,362142E-1;1,254614E-1;1,208909E-1;9,514145E-1;;
02/12/2021  12:47:16,243063;9,353678E-1;1,292843E-1;1,183634E-1;9,508348E-1;;
02/12/2021  12:47:16,243163;9,346943E-1;1,369303E-1;1,300529E-1;9,502524E-1;;
02/12/2021  12:47:16,243263;9,348194E-1;6,556834E-2;1,537478E-1;9,496683E-1;;
02/12/2021  12:47:16,243363;9,348373E-1;9,647060E-2;9,751191E-2;9,490835E-1;;
02/12/2021  12:47:16,243463;9,341191E-1;1,210013E-1;1,199431E-1;9,484989E-1;;
02/12/2021  12:47:16,243563;9,332279E-1;1,232313E-1;1,262617E-1;9,479157E-1;;
02/12/2021  12:47:16,243663;9,333859E-1;1,155854E-1;1,458495E-1;9,473345E-1;;
02/12/2021  12:47:16,243763;9,334008E-1;1,117624E-1;1,189953E-1;9,467561E-1;;
02/12/2021  12:47:16,243863;9,324709E-1;2,447152E-2;6,307532E-2;9,461813E-1;;
02/12/2021  12:47:16,243963;9,310672E-1;1,171783E-1;1,262617E-1;9,456107E-1;;
02/12/2021  12:47:16,244063;9,305874E-1;1,318330E-1;1,306848E-1;9,450448E-1;;
02/12/2021  12:47:16,244163;9,305606E-1;1,241871E-1;1,215227E-1;9,444838E-1;;
02/12/2021  12:47:16,244263;9,313265E-1;1,506292E-1;1,866047E-1;9,439281E-1;;
02/12/2021  12:47:16,244363;9,315411E-1;1,210013E-1;1,161519E-1;9,433782E-1;;
02/12/2021  12:47:16,244463;9,305397E-1;9,424054E-2;9,624818E-2;9,428344E-1;;
02/12/2021  12:47:16,244563;9,300241E-1;1,324701E-1;1,373193E-1;9,422972E-1;;
02/12/2021  12:47:16,244663;9,307007E-1;1,318330E-1;1,382671E-1;9,417672E-1;;
02/12/2021  12:47:16,244763;9,310017E-1;1,225942E-1;1,297370E-1;9,412445E-1;;
02/12/2021  12:47:16,244863;9,306410E-1;1,433019E-1;1,373193E-1;9,407299E-1;;
02/12/2021  12:47:16,244963;9,298960E-1;1,216384E-1;1,439539E-1;9,402236E-1;;
02/12/2021  12:47:16,245063;9,294579E-1;1,276914E-1;1,246821E-1;9,397261E-1;;
02/12/2021  12:47:16,245163;9,301851E-1;1,614609E-1;1,562753E-1;9,392377E-1;;
02/12/2021  12:47:16,245263;9,299884E-1;1,337445E-1;1,281573E-1;9,387587E-1;;
02/12/2021  12:47:16,245363;9,300271E-1;1,241871E-1;1,234183E-1;9,382895E-1;;
02/12/2021  12:47:16,245463;9,291509E-1;1,203641E-1;1,231024E-1;9,378303E-1;;
02/12/2021  12:47:16,245563;9,290794E-1;1,069837E-1;1,155200E-1;9,373814E-1;;
02/12/2021  12:47:16,245663;9,298811E-1;1,280100E-1;1,366875E-1;9,369430E-1;;
02/12/2021  12:47:16,245763;9,301970E-1;1,487177E-1;1,430061E-1;9,365153E-1;;
02/12/2021  12:47:16,245863;9,296963E-1;1,528593E-1;1,436380E-1;9,360987E-1;;
02/12/2021  12:47:16,245963;9,296069E-1;1,305587E-1;1,297370E-1;9,356934E-1;;
02/12/2021  12:47:16,246063;9,298811E-1;1,232313E-1;1,287892E-1;9,352996E-1;;
02/12/2021  12:47:16,246163;9,311417E-1;1,264171E-1;1,275255E-1;9,349177E-1;;
02/12/2021  12:47:16,246263;9,319941E-1;1,375674E-1;1,338441E-1;9,345480E-1;;
02/12/2021  12:47:16,246363;9,323577E-1;1,353374E-1;1,499566E-1;9,341910E-1;;
02/12/2021  12:47:16,246463;9,323339E-1;9,201048E-2;1,044624E-1;9,338473E-1;;
02/12/2021  12:47:16,246563;9,336780E-1;1,321516E-1;1,395309E-1;9,335176E-1;;
02/12/2021  12:47:16,246663;9,339879E-1;1,691068E-1;1,670170E-1;9,332025E-1;;
02/12/2021  12:47:16,246763;9,349178E-1;1,216384E-1;1,234183E-1;9,329027E-1;;
02/12/2021  12:47:16,246863;9,357582E-1;1,225942E-1;1,262617E-1;9,326190E-1;;
02/12/2021  12:47:16,246963;9,349237E-1;7,831154E-2;9,972343E-2;9,323522E-1;;
02/12/2021  12:47:16,247063;9,360980E-1;1,480806E-1;1,417424E-1;9,321028E-1;;
02/12/2021  12:47:16,247163;9,368490E-1;1,213198E-1;9,845971E-2;9,318715E-1;;
02/12/2021  12:47:16,247263;9,371232E-1;1,245056E-1;1,208909E-1;9,316589E-1;;
02/12/2021  12:47:16,247363;9,365420E-1;1,267357E-1;1,183634E-1;9,314656E-1;;
02/12/2021  12:47:16,247463;9,362082E-1;1,184526E-1;1,177316E-1;9,312918E-1;;
02/12/2021  12:47:16,247563;9,374480E-1;1,276914E-1;1,303688E-1;9,311379E-1;;
02/12/2021  12:47:16,247663;9,382676E-1;1,245056E-1;1,196272E-1;9,310039E-1;;
02/12/2021  12:47:16,247763;9,379845E-1;1,213198E-1;1,193112E-1;9,308901E-1;;
02/12/2021  12:47:16,247863;9,377997E-1;1,286472E-1;1,262617E-1;9,307965E-1;;
02/12/2021  12:47:16,247963;9,372663E-1;1,347002E-1;1,297370E-1;9,307230E-1;;
02/12/2021  12:47:16,248063;9,385031E-1;1,439390E-1;1,360556E-1;9,306696E-1;;
02/12/2021  12:47:16,248163;9,389620E-1;1,146297E-1;1,142563E-1;9,306358E-1;;
02/12/2021  12:47:16,248263;9,396326E-1;1,254614E-1;1,262617E-1;9,306215E-1;;
02/12/2021  12:47:16,248363;9,391379E-1;1,350188E-1;1,344760E-1;9,306266E-1;;
02/12/2021  12:47:16,248463;9,389501E-1;9,806350E-2;1,057261E-1;9,306506E-1;;
02/12/2021  12:47:16,248563;9,396386E-1;1,267357E-1;1,272095E-1;9,306932E-1;;
02/12/2021  12:47:16,248663;9,404939E-1;1,493549E-1;1,758630E-1;9,307538E-1;;
02/12/2021  12:47:16,248763;9,409439E-1;1,334259E-1;1,180475E-1;9,308322E-1;;
02/12/2021  12:47:16,248863;9,402793E-1;1,356559E-1;1,796542E-1;9,309279E-1;;
02/12/2021  12:47:16,248963;9,392899E-1;1,092138E-1;1,183634E-1;9,310403E-1;;
02/12/2021  12:47:16,249063;9,397935E-1;1,063466E-1;1,054102E-1;9,311687E-1;;
02/12/2021  12:47:16,249163;9,394747E-1;1,143111E-1;1,231024E-1;9,313123E-1;;
02/12/2021  12:47:16,249263;9,401869E-1;1,155854E-1;1,180475E-1;9,314702E-1;;
02/12/2021  12:47:16,249363;9,402644E-1;1,302401E-1;1,445858E-1;9,316415E-1;;
02/12/2021  12:47:16,249463;9,394091E-1;1,222756E-1;1,287892E-1;9,318253E-1;;
02/12/2021  12:47:16,249563;9,404611E-1;1,267357E-1;1,411105E-1;9,320207E-1;;
02/12/2021  12:47:16,249663;9,404283E-1;1,088952E-1;1,180475E-1;9,322268E-1;;
02/12/2021  12:47:16,249763;9,413999E-1;8,946184E-2;1,145722E-1;9,324427E-1;;
02/12/2021  12:47:16,249863;9,399575E-1;2,287862E-2;6,781430E-2;9,326676E-1;;
02/12/2021  12:47:16,249963;9,396952E-1;9,647060E-2;1,092014E-1;9,329007E-1;;
02/12/2021  12:47:16,250063;9,401184E-1;5,378088E-2;5,928414E-2;9,331409E-1;;
02/12/2021  12:47:16,250163;9,407651E-1;1,079395E-1;1,177316E-1;9,333873E-1;;
02/12/2021  12:47:16,250263;9,406966E-1;1,022050E-1;1,092014E-1;9,336389E-1;;
02/12/2021  12:47:16,250363;9,405565E-1;9,487770E-2;1,019350E-1;9,338949E-1;;
02/12/2021  12:47:16,250463;9,400439E-1;3,052454E-2;1,082536E-1;9,341546E-1;;
02/12/2021  12:47:16,250563;9,408396E-1;2,117966E-1;1,916596E-1;9,344169E-1;;
02/12/2021  12:47:16,250663;9,412211E-1;1,238685E-1;1,325804E-1;9,346812E-1;;
02/12/2021  12:47:16,250763;9,410810E-1;1,289658E-1;1,436380E-1;9,349467E-1;;
02/12/2021  12:47:16,250863;9,407353E-1;1,554079E-1;1,708081E-1;9,352128E-1;;
02/12/2021  12:47:16,250963;9,409320E-1;1,544522E-1;1,335282E-1;9,354788E-1;;
02/12/2021  12:47:16,251063;9,424579E-1;1,990534E-1;1,717559E-1;9,357440E-1;;
02/12/2021  12:47:16,251163;9,427768E-1;1,729298E-1;1,477451E-1;9,360081E-1;;
02/12/2021  12:47:16,251263;9,430391E-1;1,726112E-1;1,518522E-1;9,362706E-1;;
02/12/2021  12:47:16,251363;9,431315E-1;1,675139E-1;1,676488E-1;9,365315E-1;;
02/12/2021  12:47:16,251463;9,433848E-1;1,843987E-1;1,897641E-1;9,367905E-1;;
02/12/2021  12:47:16,251563;9,449793E-1;1,716555E-1;1,546956E-1;9,370476E-1;;
02/12/2021  12:47:16,251663;9,460254E-1;1,334259E-1;1,287892E-1;9,373027E-1;;
02/12/2021  12:47:16,251763;9,460373E-1;1,264171E-1;1,215227E-1;9,375561E-1;;
02/12/2021  12:47:16,251863;9,456498E-1;1,407532E-1;1,246821E-1;9,378081E-1;;
02/12/2021  12:47:16,251963;9,457333E-1;5,569236E-2;6,433905E-2;9,380588E-1;;
02/12/2021  12:47:16,252063;9,464307E-1;1,251428E-1;1,325804E-1;9,383085E-1;;
02/12/2021  12:47:16,252163;9,468747E-1;1,117624E-1;1,183634E-1;9,385572E-1;;
02/12/2021  12:47:16,252263;9,467168E-1;1,382046E-1;1,379512E-1;9,388051E-1;;
02/12/2021  12:47:16,252363;9,455127E-1;1,283286E-1;1,231024E-1;9,390523E-1;;
02/12/2021  12:47:16,252463;9,463889E-1;1,194084E-1;9,909157E-2;9,392988E-1;;
02/12/2021  12:47:16,252563;9,470625E-1;1,222756E-1;1,123607E-1;9,395444E-1;;
02/12/2021  12:47:16,252663;9,469999E-1;1,139925E-1;1,167838E-1;9,397891E-1;;
02/12/2021  12:47:16,252763;9,468956E-1;1,378860E-1;1,385831E-1;9,400329E-1;;
02/12/2021  12:47:16,252863;9,456290E-1;1,315144E-1;1,215227E-1;9,402757E-1;;
02/12/2021  12:47:16,252963;9,461773E-1;1,219570E-1;1,183634E-1;9,405172E-1;;
02/12/2021  12:47:16,253063;9,467704E-1;1,888588E-1;2,061925E-1;9,407572E-1;;
02/12/2021  12:47:16,253163;9,467049E-1;1,232313E-1;1,202590E-1;9,409953E-1;;
02/12/2021  12:47:16,253263;9,460522E-1;1,159040E-1;8,740209E-2;9,412314E-1;;
02/12/2021  12:47:16,253363;9,455634E-1;1,254614E-1;1,155200E-1;9,414652E-1;;
02/12/2021  12:47:16,253463;9,460850E-1;1,130368E-1;1,050943E-1;9,416963E-1;;
02/12/2021  12:47:16,253563;9,469463E-1;1,350188E-1;1,423743E-1;9,419243E-1;;
02/12/2021  12:47:16,253663;9,466959E-1;1,397975E-1;1,363715E-1;9,421490E-1;;
02/12/2021  12:47:16,253763;9,463174E-1;1,101695E-1;1,199431E-1;9,423702E-1;;
02/12/2021  12:47:16,253863;9,451789E-1;9,870066E-2;9,845971E-2;9,425875E-1;;
02/12/2021  12:47:16,253963;9,457035E-1;1,417090E-1;1,493248E-1;9,428007E-1;;
02/12/2021  12:47:16,254063;9,460939E-1;1,394789E-1;1,360556E-1;9,430094E-1;;
02/12/2021  12:47:16,254163;9,463889E-1;1,200455E-1;1,227865E-1;9,432131E-1;;
02/12/2021  12:47:16,254263;9,454859E-1;1,139925E-1;1,189953E-1;9,434117E-1;;
02/12/2021  12:47:16,254363;9,451789E-1;1,251428E-1;1,268936E-1;9,436049E-1;;
02/12/2021  12:47:16,254463;9,456290E-1;1,327887E-1;1,452176E-1;9,437924E-1;;
02/12/2021  12:47:16,254563;9,453607E-1;1,117624E-1;1,208909E-1;9,439738E-1;;
02/12/2021  12:47:16,254663;9,450866E-1;1,499920E-1;1,847091E-1;9,441489E-1;;
02/12/2021  12:47:16,254763;9,435845E-1;1,251428E-1;1,158360E-1;9,443174E-1;;
02/12/2021  12:47:16,254863;9,424102E-1;1,359745E-1;1,310007E-1;9,444788E-1;;
02/12/2021  12:47:16,254963;9,421182E-1;1,318330E-1;1,284732E-1;9,446324E-1;;
02/12/2021  12:47:16,255063;9,412867E-1;1,337445E-1;1,297370E-1;9,447775E-1;;
02/12/2021  12:47:16,255163;9,404909E-1;1,225942E-1;1,363715E-1;9,449133E-1;;
02/12/2021  12:47:16,255263;9,383481E-1;1,264171E-1;1,351078E-1;9,450389E-1;;
02/12/2021  12:47:16,255363;9,375434E-1;1,366117E-1;1,300529E-1;9,451533E-1;;
02/12/2021  12:47:16,255463;9,371053E-1;1,251428E-1;1,227865E-1;9,452554E-1;;
02/12/2021  12:47:16,255563;9,364496E-1;1,159040E-1;1,164678E-1;9,453441E-1;;
02/12/2021  12:47:16,255663;9,362142E-1;6,747982E-2;6,623464E-2;9,454182E-1;;
02/12/2021  12:47:16,255763;9,344230E-1;1,464877E-1;1,499566E-1;9,454768E-1;;
02/12/2021  12:47:16,255863;9,342085E-1;1,471248E-1;1,632258E-1;9,455190E-1;;
02/12/2021  12:47:16,255963;9,338806E-1;-6,749322E-3;3,938042E-2;9,455437E-1;;
02/12/2021  12:47:16,256063;9,349714E-1;1,171783E-1;1,215227E-1;9,455503E-1;;
02/12/2021  12:47:16,256163;9,341578E-1;1,232313E-1;1,243661E-1;9,455383E-1;;
02/12/2021  12:47:16,256263;9,337793E-1;1,241871E-1;1,183634E-1;9,455072E-1;;
02/12/2021  12:47:16,256363;9,342234E-1;1,088952E-1;1,050943E-1;9,454570E-1;;
02/12/2021  12:47:16,256463;9,352724E-1;1,528593E-1;1,205749E-1;9,453876E-1;;
02/12/2021  12:47:16,256563;9,362291E-1;1,270543E-1;1,335282E-1;9,452993E-1;;
02/12/2021  12:47:16,256663;9,359192E-1;1,340630E-1;1,284732E-1;9,451928E-1;;
02/12/2021  12:47:16,256763;9,349446E-1;1,270543E-1;1,262617E-1;9,450688E-1;;
02/12/2021  12:47:16,256863;9,353976E-1;1,248242E-1;1,231024E-1;9,449280E-1;;
02/12/2021  12:47:16,256963;9,362768E-1;1,302401E-1;1,205749E-1;9,447713E-1;;
02/12/2021  12:47:16,257063;9,363215E-1;1,382046E-1;1,388990E-1;9,445995E-1;;
02/12/2021  12:47:16,257163;9,354155E-1;1,455319E-1;1,376353E-1;9,444137E-1;;
02/12/2021  12:47:16,257263;9,349267E-1;1,286472E-1;1,275255E-1;9,442150E-1;;
02/12/2021  12:47:16,257363;9,355138E-1;1,114439E-1;1,395309E-1;9,440041E-1;;
02/12/2021  12:47:16,257463;9,360205E-1;1,859916E-1;2,166183E-1;9,437822E-1;;
02/12/2021  12:47:16,257563;9,370517E-1;1,264171E-1;1,253139E-1;9,435502E-1;;
02/12/2021  12:47:16,257663;9,363632E-1;-8,979382E-3;9,688005E-2;9,433093E-1;;
02/12/2021  12:47:16,257763;9,357552E-1;1,178155E-1;1,224705E-1;9,430609E-1;;
02/12/2021  12:47:16,257863;9,363096E-1;1,522221E-1;2,169342E-1;9,428059E-1;;
02/12/2021  12:47:16,257963;9,375881E-1;1,324701E-1;1,449017E-1;9,425456E-1;;
02/12/2021  12:47:16,258063;9,385925E-1;1,162226E-1;1,189953E-1;9,422811E-1;;
02/12/2021  12:47:16,258163;9,387564E-1;1,165411E-1;1,240502E-1;9,420138E-1;;
02/12/2021  12:47:16,258263;9,389829E-1;7,608148E-2;7,034176E-2;9,417453E-1;;
02/12/2021  12:47:16,258363;9,401691E-1;1,200455E-1;1,205749E-1;9,414770E-1;;
02/12/2021  12:47:16,258463;9,409231E-1;1,280100E-1;1,272095E-1;9,412105E-1;;
02/12/2021  12:47:16,258563;9,411913E-1;1,286472E-1;1,249980E-1;9,409471E-1;;
02/12/2021  12:47:16,258663;9,405595E-1;1,366117E-1;1,265777E-1;9,406886E-1;;
02/12/2021  12:47:16,258763;9,406310E-1;1,037979E-1;1,243661E-1;9,404363E-1;;
02/12/2021  12:47:16,258863;9,412599E-1;1,241871E-1;1,490088E-1;9,401913E-1;;
02/12/2021  12:47:16,258963;9,416503E-1;1,181340E-1;1,281573E-1;9,399547E-1;;
02/12/2021  12:47:16,259063;9,417754E-1;1,171783E-1;1,221546E-1;9,397277E-1;;
02/12/2021  12:47:16,259163;9,406012E-1;1,289658E-1;1,281573E-1;9,395111E-1;;
02/12/2021  12:47:16,259263;9,402018E-1;1,318330E-1;1,278414E-1;9,393057E-1;;
02/12/2021  12:47:16,259363;9,400409E-1;1,296029E-1;1,335282E-1;9,391120E-1;;
02/12/2021  12:47:16,259463;9,402615E-1;1,187712E-1;1,234183E-1;9,389302E-1;;
02/12/2021  12:47:16,259563;9,396237E-1;1,254614E-1;1,313166E-1;9,387606E-1;;
02/12/2021  12:47:16,259663;9,387147E-1;1,452133E-1;1,651214E-1;9,386031E-1;;
02/12/2021  12:47:16,259763;9,379309E-1;1,283286E-1;1,262617E-1;9,384577E-1;;
02/12/2021  12:47:16,259863;9,387892E-1;9,137332E-2;2,343105E-1;9,383239E-1;;
02/12/2021  12:47:16,259963;9,393048E-1;1,257800E-1;1,275255E-1;9,382014E-1;;
02/12/2021  12:47:16,260063;9,389054E-1;1,318330E-1;1,294210E-1;9,380901E-1;;
02/12/2021  12:47:16,260163;9,379338E-1;1,302401E-1;1,322644E-1;9,379894E-1;;
02/12/2021  12:47:16,260263;9,376030E-1;1,267357E-1;1,272095E-1;9,378991E-1;;
02/12/2021  12:47:16,260363;9,394955E-1;1,025236E-1;1,057261E-1;9,378185E-1;;
02/12/2021  12:47:16,260463;9,393644E-1;1,022050E-1;1,167838E-1;9,377474E-1;;
02/12/2021  12:47:16,260563;9,392482E-1;1,232313E-1;1,240502E-1;9,376855E-1;;
02/12/2021  12:47:16,260663;9,381454E-1;1,190898E-1;1,041465E-1;9,376324E-1;;
02/12/2021  12:47:16,260763;9,385478E-1;7,926728E-2;9,403666E-2;9,375878E-1;;
02/12/2021  12:47:16,260863;9,392958E-1;1,343816E-1;1,436380E-1;9,375512E-1;;
02/12/2021  12:47:16,260963;9,395819E-1;1,461691E-1;1,379512E-1;9,375223E-1;;
02/12/2021  12:47:16,261063;9,391647E-1;1,455319E-1;1,430061E-1;9,375008E-1;;
02/12/2021  12:47:16,261163;9,390455E-1;1,372488E-1;1,313166E-1;9,374864E-1;;
02/12/2021  12:47:16,261263;9,393227E-1;1,098510E-1;9,782784E-2;9,374787E-1;;
02/12/2021  12:47:16,261363;9,412360E-1;1,254614E-1;1,224705E-1;9,374776E-1;;
02/12/2021  12:47:16,261463;9,413701E-1;4,040052E-2;7,065769E-2;9,374827E-1;;
02/12/2021  12:47:16,261563;9,406966E-1;1,025236E-1;1,050943E-1;9,374943E-1;;
02/12/2021  12:47:16,261663;9,393882E-1;9,933782E-2;1,047783E-1;9,375122E-1;;
02/12/2021  12:47:16,261763;9,402734E-1;1,085766E-1;1,142563E-1;9,375363E-1;;
02/12/2021  12:47:16,261863;9,416682E-1;1,037979E-1;1,926074E-1;9,375661E-1;;
02/12/2021  12:47:16,261963;9,416920E-1;1,053908E-1;1,028828E-1;9,376016E-1;;
02/12/2021  12:47:16,262063;9,410632E-1;1,006121E-1;1,189953E-1;9,376427E-1;;
02/12/2021  12:47:16,262163;9,402525E-1;9,073616E-2;1,035146E-1;9,376894E-1;;
02/12/2021  12:47:16,262263;9,409112E-1;8,595746E-2;1,095173E-1;9,377413E-1;;
02/12/2021  12:47:16,262363;9,412569E-1;1,022050E-1;1,186794E-1;9,377982E-1;;
02/12/2021  12:47:16,262463;9,409767E-1;1,044351E-1;1,095173E-1;9,378597E-1;;
02/12/2021  12:47:16,262563;9,392899E-1;9,838208E-2;9,972343E-2;9,379257E-1;;
02/12/2021  12:47:16,262663;9,383511E-1;1,168597E-1;1,193112E-1;9,379955E-1;;
02/12/2021  12:47:16,262763;9,391200E-1;1,471248E-1;1,635417E-1;9,380685E-1;;
02/12/2021  12:47:16,262863;9,401184E-1;1,044351E-1;1,161519E-1;9,381440E-1;;
02/12/2021  12:47:16,262963;9,404433E-1;7,289568E-2;9,435259E-2;9,382214E-1;;
02/12/2021  12:47:16,263063;9,391707E-1;8,277166E-2;9,150920E-2;9,383005E-1;;
02/12/2021  12:47:16,263163;9,386700E-1;1,063466E-1;1,205749E-1;9,383807E-1;;
02/12/2021  12:47:16,263263;9,400260E-1;1,139925E-1;1,420583E-1;9,384615E-1;;
02/12/2021  12:47:16,263363;9,408724E-1;1,152668E-1;1,246821E-1;9,385425E-1;;
02/12/2021  12:47:16,263463;9,408516E-1;1,174969E-1;1,338441E-1;9,386236E-1;;
02/12/2021  12:47:16,263563;9,405118E-1;1,420275E-1;1,543797E-1;9,387045E-1;;
02/12/2021  12:47:16,263663;9,401542E-1;1,088952E-1;1,246821E-1;9,387852E-1;;
02/12/2021  12:47:16,263763;9,410989E-1;1,280100E-1;1,341600E-1;9,388654E-1;;
02/12/2021  12:47:16,263863;9,420258E-1;1,194084E-1;1,167838E-1;9,389452E-1;;
02/12/2021  12:47:16,263963;9,412867E-1;1,503106E-1;1,452176E-1;9,390246E-1;;
02/12/2021  12:47:16,264063;9,401571E-1;1,869473E-1;1,777586E-1;9,391035E-1;;
02/12/2021  12:47:16,264163;9,402197E-1;1,828058E-1;1,496407E-1;9,391819E-1;;
02/12/2021  12:47:16,264263;9,405058E-1;2,102037E-1;2,005057E-1;9,392595E-1;;
02/12/2021  12:47:16,264363;9,407860E-1;1,490363E-1;1,426902E-1;9,393361E-1;;
02/12/2021  12:47:16,264463;9,402555E-1;1,592309E-1;1,480610E-1;9,394115E-1;;
02/12/2021  12:47:16,264563;9,382647E-1;1,480806E-1;1,524841E-1;9,394856E-1;;
02/12/2021  12:47:16,264663;9,382498E-1;1,289658E-1;1,319485E-1;9,395579E-1;;
02/12/2021  12:47:16,264763;9,383988E-1;1,012493E-1;8,740209E-2;9,396278E-1;;
02/12/2021  12:47:16,264863;9,381156E-1;1,347002E-1;1,325804E-1;9,396949E-1;;
02/12/2021  12:47:16,264963;9,377312E-1;1,477620E-1;1,445858E-1;9,397585E-1;;
02/12/2021  12:47:16,265063;9,365122E-1;1,254614E-1;1,360556E-1;9,398182E-1;;
02/12/2021  12:47:16,265163;9,362529E-1;1,238685E-1;1,278414E-1;9,398735E-1;;
02/12/2021  12:47:16,265263;9,370427E-1;9,838208E-2;8,740209E-2;9,399236E-1;;
02/12/2021  12:47:16,265363;9,364854E-1;1,391603E-1;1,420583E-1;9,399680E-1;;
02/12/2021  12:47:16,265463;9,357940E-1;1,283286E-1;1,291051E-1;9,400063E-1;;
02/12/2021  12:47:16,265563;9,337197E-1;1,165411E-1;1,104651E-1;9,400380E-1;;
02/12/2021  12:47:16,265663;9,340922E-1;1,190898E-1;1,073058E-1;9,400624E-1;;
02/12/2021  12:47:16,265763;9,336303E-1;1,273729E-1;1,335282E-1;9,400788E-1;;
02/12/2021  12:47:16,265863;9,337942E-1;1,356559E-1;1,287892E-1;9,400867E-1;;
02/12/2021  12:47:16,265963;9,328107E-1;1,264171E-1;1,310007E-1;9,400853E-1;;
02/12/2021  12:47:16,266063;9,306977E-1;1,225942E-1;1,319485E-1;9,400743E-1;;
02/12/2021  12:47:16,266163;9,314159E-1;8,723178E-2;1,123607E-1;9,400529E-1;;
02/12/2021  12:47:16,266263;9,316305E-1;1,573194E-1;1,325804E-1;9,400205E-1;;
02/12/2021  12:47:16,266363;9,313086E-1;1,461691E-1;1,420583E-1;9,399766E-1;;
02/12/2021  12:47:16,266463;9,299466E-1;9,583344E-2;6,339125E-2;9,399208E-1;;
02/12/2021  12:47:16,266563;9,281972E-1;1,232313E-1;1,278414E-1;9,398528E-1;;
02/12/2021  12:47:16,266663;9,283075E-1;1,433019E-1;1,505885E-1;9,397720E-1;;
02/12/2021  12:47:16,266763;9,284595E-1;1,340630E-1;1,423743E-1;9,396780E-1;;
02/12/2021  12:47:16,266863;9,283492E-1;1,117624E-1;1,237343E-1;9,395702E-1;;
02/12/2021  12:47:16,266963;9,271064E-1;7,448858E-2;8,961361E-2;9,394485E-1;;
02/12/2021  12:47:16,267063;9,254702E-1;1,461691E-1;1,502726E-1;9,393126E-1;;
02/12/2021  12:47:16,267163;9,252586E-1;1,213198E-1;1,208909E-1;9,391622E-1;;
02/12/2021  12:47:16,267263;9,248682E-1;1,315144E-1;1,335282E-1;9,389969E-1;;
02/12/2021  12:47:16,267363;9,244748E-1;1,063466E-1;1,777586E-1;9,388165E-1;;
02/12/2021  12:47:16,267463;9,235092E-1;1,337445E-1;1,354238E-1;9,386207E-1;;
02/12/2021  12:47:16,267563;9,221233E-1;1,337445E-1;1,398468E-1;9,384093E-1;;
02/12/2021  12:47:16,267663;9,230770E-1;1,311958E-1;1,303688E-1;9,381821E-1;;
02/12/2021  12:47:16,267763;9,248265E-1;1,417090E-1;1,376353E-1;9,379392E-1;;
02/12/2021  12:47:16,267863;9,247371E-1;1,248242E-1;1,332122E-1;9,376808E-1;;
02/12/2021  12:47:16,267963;9,245881E-1;1,343816E-1;1,354238E-1;9,374076E-1;;
02/12/2021  12:47:16,268063;9,252020E-1;1,404346E-1;1,641736E-1;9,371204E-1;;
02/12/2021  12:47:16,268163;9,268590E-1;1,260985E-1;1,347919E-1;9,368202E-1;;
02/12/2021  12:47:16,268263;9,275475E-1;1,187712E-1;1,234183E-1;9,365081E-1;;
02/12/2021  12:47:16,268363;9,274819E-1;1,232313E-1;1,044624E-1;9,361857E-1;;
02/12/2021  12:47:16,268463;9,271750E-1;6,843556E-2;1,275255E-1;9,358544E-1;;
02/12/2021  12:47:16,268563;9,268233E-1;1,104881E-1;1,022509E-1;9,355158E-1;;
02/12/2021  12:47:16,268663;9,275684E-1;1,178155E-1;8,613836E-2;9,351711E-1;;
02/12/2021  12:47:16,268763;9,275147E-1;1,305587E-1;1,303688E-1;9,348219E-1;;
02/12/2021  12:47:16,268863;9,270975E-1;1,318330E-1;1,275255E-1;9,344693E-1;;
02/12/2021  12:47:16,268963;9,260663E-1;1,305587E-1;1,313166E-1;9,341149E-1;;
02/12/2021  12:47:16,269063;9,260544E-1;1,283286E-1;1,284732E-1;9,337594E-1;;
02/12/2021  12:47:16,269163;9,271958E-1;1,385232E-1;1,430061E-1;9,334041E-1;;
02/12/2021  12:47:16,269263;9,273746E-1;1,190898E-1;1,208909E-1;9,330498E-1;;
02/12/2021  12:47:16,269363;9,267398E-1;1,391603E-1;1,351078E-1;9,326977E-1;;
02/12/2021  12:47:16,269463;9,263882E-1;1,356559E-1;1,411105E-1;9,323487E-1;;
02/12/2021  12:47:16,269563;9,266981E-1;1,260985E-1;1,199431E-1;9,320037E-1;;
02/12/2021  12:47:16,269663;9,282836E-1;1,225942E-1;1,310007E-1;9,316634E-1;;
02/12/2021  12:47:16,269763;9,278157E-1;1,385232E-1;1,354238E-1;9,313290E-1;;
02/12/2021  12:47:16,269863;9,281048E-1;1,423461E-1;1,376353E-1;9,310012E-1;;
02/12/2021  12:47:16,269963;9,277919E-1;1,200455E-1;1,243661E-1;9,306810E-1;;
02/12/2021  12:47:16,270063;9,281644E-1;1,060280E-1;1,076217E-1;9,303693E-1;;
02/12/2021  12:47:16,270163;9,283313E-1;1,382046E-1;1,243661E-1;9,300666E-1;;
02/12/2021  12:47:16,270263;9,277412E-1;1,308772E-1;1,234183E-1;9,297738E-1;;
02/12/2021  12:47:16,270363;9,262332E-1;1,270543E-1;1,505885E-1;9,294914E-1;;
02/12/2021  12:47:16,270463;9,243347E-1;9,678918E-2;6,749837E-2;9,292195E-1;;
02/12/2021  12:47:16,270563;9,242066E-1;1,436204E-1;1,370034E-1;9,289580E-1;;
02/12/2021  12:47:16,270663;9,240754E-1;1,257800E-1;1,259458E-1;9,287066E-1;;
02/12/2021  12:47:16,270763;9,240456E-1;1,260985E-1;1,268936E-1;9,284649E-1;;
02/12/2021  12:47:16,270863;9,226002E-1;9,678918E-2;1,221546E-1;9,282323E-1;;
02/12/2021  12:47:16,270963;9,223618E-1;1,423461E-1;1,360556E-1;9,280084E-1;;
02/12/2021  12:47:16,271063;9,230711E-1;1,480806E-1;1,537478E-1;9,277926E-1;;
02/12/2021  12:47:16,271163;9,244957E-1;1,324701E-1;1,439539E-1;9,275843E-1;;
02/12/2021  12:47:16,271263;9,247460E-1;1,480806E-1;1,433221E-1;9,273833E-1;;
02/12/2021  12:47:16,271363;9,250679E-1;1,152668E-1;1,180475E-1;9,271895E-1;;
02/12/2021  12:47:16,271463;9,252109E-1;1,420275E-1;1,382671E-1;9,270030E-1;;
02/12/2021  12:47:16,271563;9,269842E-1;1,397975E-1;1,205749E-1;9,268238E-1;;
02/12/2021  12:47:16,271663;9,280631E-1;1,296029E-1;1,278414E-1;9,266522E-1;;
02/12/2021  12:47:16,271763;9,281138E-1;1,248242E-1;1,300529E-1;9,264888E-1;;
02/12/2021  12:47:16,271863;9,271243E-1;1,493549E-1;1,439539E-1;9,263341E-1;;
02/12/2021  12:47:16,271963;9,281823E-1;1,426647E-1;1,373193E-1;9,261885E-1;;
02/12/2021  12:47:16,272063;9,291122E-1;1,159040E-1;1,632258E-1;9,260524E-1;;
02/12/2021  12:47:16,272163;9,296009E-1;1,181340E-1;1,215227E-1;9,259263E-1;;
02/12/2021  12:47:16,272263;9,293744E-1;1,222756E-1;1,366875E-1;9,258107E-1;;
02/12/2021  12:47:16,272363;9,286174E-1;1,219570E-1;1,158360E-1;9,257060E-1;;
02/12/2021  12:47:16,272463;9,289453E-1;5,409946E-2;9,814378E-2;9,256124E-1;;
02/12/2021  12:47:16,272563;9,301046E-1;1,334259E-1;1,262617E-1;9,255302E-1;;
02/12/2021  12:47:16,272663;9,300301E-1;1,534964E-1;1,449017E-1;9,254595E-1;;
02/12/2021  12:47:16,272763;9,303430E-1;1,222756E-1;1,370034E-1;9,254005E-1;;
02/12/2021  12:47:16,272863;9,305636E-1;1,292843E-1;1,272095E-1;9,253533E-1;;
02/12/2021  12:47:16,272963;9,311000E-1;1,327887E-1;1,379512E-1;9,253182E-1;;
02/12/2021  12:47:16,273063;9,327779E-1;1,327887E-1;1,600664E-1;9,252953E-1;;
02/12/2021  12:47:16,273163;9,338568E-1;1,334259E-1;1,351078E-1;9,252849E-1;;
02/12/2021  12:47:16,273263;9,338538E-1;1,359745E-1;1,275255E-1;9,252874E-1;;
02/12/2021  12:47:16,273363;9,329567E-1;1,378860E-1;1,518522E-1;9,253032E-1;;
02/12/2021  12:47:16,273463;9,341608E-1;9,169190E-2;1,167838E-1;9,253325E-1;;
02/12/2021  12:47:16,273563;9,350698E-1;3,657756E-2;8,740209E-2;9,253755E-1;;
02/12/2021  12:47:16,273663;9,354900E-1;1,471248E-1;1,392149E-1;9,254324E-1;;
02/12/2021  12:47:16,273763;9,350578E-1;1,305587E-1;1,234183E-1;9,255034E-1;;
02/12/2021  12:47:16,273863;9,351175E-1;1,229127E-1;1,212068E-1;9,255887E-1;;
02/12/2021  12:47:16,273963;9,365808E-1;1,251428E-1;1,114129E-1;9,256880E-1;;
02/12/2021  12:47:16,274063;9,372126E-1;1,324701E-1;9,087734E-2;9,258015E-1;;
02/12/2021  12:47:16,274163;9,378951E-1;3,753330E-2;7,223735E-2;9,259292E-1;;
02/12/2021  12:47:16,274263;9,370487E-1;1,248242E-1;1,126766E-1;9,260712E-1;;
02/12/2021  12:47:16,274363;9,371530E-1;1,108067E-1;1,208909E-1;9,262274E-1;;
02/12/2021  12:47:16,274463;9,380739E-1;1,241871E-1;1,212068E-1;9,263975E-1;;
02/12/2021  12:47:16,274563;9,388697E-1;1,171783E-1;1,050943E-1;9,265813E-1;;
02/12/2021  12:47:16,274663;9,391826E-1;1,009307E-1;9,909157E-2;9,267786E-1;;
02/12/2021  12:47:16,274763;9,388875E-1;1,076209E-1;1,189953E-1;9,269892E-1;;
02/12/2021  12:47:16,274863;9,384822E-1;1,018865E-1;1,069899E-1;9,272128E-1;;
02/12/2021  12:47:16,274963;9,402883E-1;1,187712E-1;1,167838E-1;9,274489E-1;;
02/12/2021  12:47:16,275063;9,405833E-1;9,933782E-2;1,110970E-1;9,276971E-1;;
02/12/2021  12:47:16,275163;9,400499E-1;8,659462E-2;1,013031E-1;9,279571E-1;;
02/12/2021  12:47:16,275263;9,396296E-1;1,057094E-1;1,581709E-1;9,282285E-1;;
02/12/2021  12:47:16,275363;9,397429E-1;1,130368E-1;1,152041E-1;9,285107E-1;;
02/12/2021  12:47:16,275463;9,415281E-1;1,251428E-1;1,054102E-1;9,288029E-1;;
02/12/2021  12:47:16,275563;9,422344E-1;8,595746E-2;1,183634E-1;9,291047E-1;;
02/12/2021  12:47:16,275663;9,429527E-1;1,025236E-1;1,145722E-1;9,294157E-1;;
02/12/2021  12:47:16,275763;9,425265E-1;1,073023E-1;1,152041E-1;9,297355E-1;;
02/12/2021  12:47:16,275863;9,433759E-1;1,012493E-1;1,101492E-1;9,300639E-1;;
02/12/2021  12:47:16,275963;9,450270E-1;5,155082E-2;7,697633E-2;9,304004E-1;;
02/12/2021  12:47:16,276063;9,461237E-1;8,627604E-2;1,063580E-1;9,307448E-1;;
02/12/2021  12:47:16,276163;9,468479E-1;1,194084E-1;1,524841E-1;9,310973E-1;;
02/12/2021  12:47:16,276263;9,457929E-1;9,455912E-2;1,117289E-1;9,314576E-1;;
02/12/2021  12:47:16,276363;9,467257E-1;1,069837E-1;1,142563E-1;9,318259E-1;;
02/12/2021  12:47:16,276463;9,473128E-1;1,047537E-1;1,240502E-1;9,322018E-1;;
02/12/2021  12:47:16,276563;9,476645E-1;9,424054E-2;1,224705E-1;9,325851E-1;;
02/12/2021  12:47:16,276663;9,469075E-1;1,299215E-1;1,521681E-1;9,329757E-1;;
02/12/2021  12:47:16,276763;9,457810E-1;1,331073E-1;1,319485E-1;9,333730E-1;;
02/12/2021  12:47:16,276863;9,463830E-1;1,764342E-1;1,761790E-1;9,337765E-1;;
02/12/2021  12:47:16,276963;9,467198E-1;1,340630E-1;1,325804E-1;9,341854E-1;;
02/12/2021  12:47:16,277063;9,464128E-1;1,627352E-1;1,471132E-1;9,345989E-1;;
02/12/2021  12:47:16,277163;9,472681E-1;1,589123E-1;1,246821E-1;9,350162E-1;;
02/12/2021  12:47:16,277263;9,457273E-1;1,713369E-1;1,708081E-1;9,354367E-1;;
02/12/2021  12:47:16,277363;9,464217E-1;1,487177E-1;1,727037E-1;9,358593E-1;;
02/12/2021  12:47:16,277463;9,480549E-1;1,815315E-1;2,621125E-1;9,362834E-1;;
02/12/2021  12:47:16,277563;9,482189E-1;1,426647E-1;1,531159E-1;9,367080E-1;;
02/12/2021  12:47:16,277663;9,484513E-1;1,194084E-1;1,202590E-1;9,371327E-1;;
02/12/2021  12:47:16,277763;9,486450E-1;1,276914E-1;1,338441E-1;9,375570E-1;;
02/12/2021  12:47:16,277863;9,497120E-1;1,283286E-1;1,328963E-1;9,379805E-1;;
02/12/2021  12:47:16,277963;9,511395E-1;1,362931E-1;1,477451E-1;9,384027E-1;;
02/12/2021  12:47:16,278063;9,520098E-1;1,245056E-1;1,180475E-1;9,388235E-1;;
02/12/2021  12:47:16,278163;9,515359E-1;1,229127E-1;1,259458E-1;9,392430E-1;;
02/12/2021  12:47:16,278263;9,511068E-1;1,241871E-1;1,344760E-1;9,396611E-1;;
02/12/2021  12:47:16,278363;9,517684E-1;1,194084E-1;1,193112E-1;9,400777E-1;;
02/12/2021  12:47:16,278463;9,529098E-1;6,493118E-2;8,329497E-2;9,404925E-1;;
02/12/2021  12:47:16,278563;9,530231E-1;1,241871E-1;1,256299E-1;9,409057E-1;;
02/12/2021  12:47:16,278663;9,531840E-1;1,241871E-1;1,291051E-1;9,413170E-1;;
02/12/2021  12:47:16,278763;9,522065E-1;1,206827E-1;1,313166E-1;9,417265E-1;;
02/12/2021  12:47:16,278863;9,527012E-1;1,327887E-1;1,325804E-1;9,421339E-1;;
02/12/2021  12:47:16,278963;9,532556E-1;1,308772E-1;1,227865E-1;9,425389E-1;;
02/12/2021  12:47:16,279063;9,525671E-1;1,053908E-1;1,085695E-1;9,429413E-1;;
02/12/2021  12:47:16,279163;9,524479E-1;1,139925E-1;1,458495E-1;9,433408E-1;;
02/12/2021  12:47:16,279263;9,514346E-1;3,625898E-2;7,729226E-2;9,437368E-1;;
02/12/2021  12:47:16,279363;9,520456E-1;1,251428E-1;1,265777E-1;9,441289E-1;;
02/12/2021  12:47:16,279463;9,519681E-1;1,251428E-1;1,246821E-1;9,445165E-1;;
02/12/2021  12:47:16,279563;9,510025E-1;1,302401E-1;1,259458E-1;9,448989E-1;;
02/12/2021  12:47:16,279663;9,496196E-1;1,143111E-1;1,306848E-1;9,452755E-1;;
02/12/2021  12:47:16,279763;9,499266E-1;1,076209E-1;1,126766E-1;9,456454E-1;;
02/12/2021  12:47:16,279863;9,501680E-1;1,442576E-1;1,502726E-1;9,460077E-1;;
02/12/2021  12:47:16,279963;9,504541E-1;1,245056E-1;1,370034E-1;9,463617E-1;;
02/12/2021  12:47:16,280063;9,493126E-1;1,216384E-1;1,240502E-1;9,467065E-1;;
02/12/2021  12:47:16,280163;9,484662E-1;1,362931E-1;1,420583E-1;9,470415E-1;;
02/12/2021  12:47:16,280263;9,473993E-1;1,302401E-1;1,319485E-1;9,473658E-1;;
02/12/2021  12:47:16,280363;9,480013E-1;1,245056E-1;1,155200E-1;9,476785E-1;;
02/12/2021  12:47:16,280463;9,484007E-1;1,028422E-1;1,158360E-1;9,479787E-1;;
02/12/2021  12:47:16,280563;9,473367E-1;1,302401E-1;1,300529E-1;9,482657E-1;;
02/12/2021  12:47:16,280663;9,460432E-1;1,296029E-1;1,259458E-1;9,485388E-1;;
02/12/2021  12:47:16,280763;9,452237E-1;1,069837E-1;1,180475E-1;9,487973E-1;;
02/12/2021  12:47:16,280863;9,450925E-1;1,210013E-1;1,354238E-1;9,490402E-1;;
02/12/2021  12:47:16,280963;9,450359E-1;1,372488E-1;1,376353E-1;9,492668E-1;;
02/12/2021  12:47:16,281063;9,441805E-1;1,570008E-1;1,701763E-1;9,494763E-1;;
02/12/2021  12:47:16,281163;9,423983E-1;1,184526E-1;1,256299E-1;9,496681E-1;;
02/12/2021  12:47:16,281263;9,411973E-1;1,092138E-1;1,234183E-1;9,498413E-1;;
02/12/2021  12:47:16,281363;9,410453E-1;1,085766E-1;1,193112E-1;9,499950E-1;;
02/12/2021  12:47:16,281463;9,405386E-1;1,353374E-1;1,344760E-1;9,501284E-1;;
02/12/2021  12:47:16,281563;9,392183E-1;1,184526E-1;1,265777E-1;9,502407E-1;;
02/12/2021  12:47:16,281663;9,383481E-1;1,216384E-1;1,202590E-1;9,503311E-1;;
02/12/2021  12:47:16,281763;9,376418E-1;4,836502E-2;9,498445E-2;9,503988E-1;;
02/12/2021  12:47:16,281863;9,378891E-1;1,280100E-1;1,025668E-1;9,504433E-1;;
02/12/2021  12:47:16,281963;9,374331E-1;1,359745E-1;1,338441E-1;9,504639E-1;;
02/12/2021  12:47:16,282063;9,365003E-1;1,101695E-1;1,088855E-1;9,504604E-1;;
02/12/2021  12:47:16,282163;9,351294E-1;9,583344E-2;1,256299E-1;9,504323E-1;;
02/12/2021  12:47:16,282263;9,348731E-1;1,203641E-1;1,316326E-1;9,503795E-1;;
02/12/2021  12:47:16,282363;9,361814E-1;4,963934E-2;9,845971E-2;9,503018E-1;;
02/12/2021  12:47:16,282463;9,354185E-1;1,359745E-1;1,297370E-1;9,501991E-1;;
02/12/2021  12:47:16,282563;9,353410E-1;1,117624E-1;1,170997E-1;9,500718E-1;;
02/12/2021  12:47:16,282663;9,342085E-1;1,429833E-1;1,474292E-1;9,499203E-1;;
02/12/2021  12:47:16,282763;9,349148E-1;1,280100E-1;1,366875E-1;9,497450E-1;;
02/12/2021  12:47:16,282863;9,358536E-1;6,047106E-2;4,411940E-2;9,495466E-1;;
02/12/2021  12:47:16,282963;9,354840E-1;1,168597E-1;1,212068E-1;9,493259E-1;;
02/12/2021  12:47:16,283063;9,347926E-1;1,136739E-1;1,155200E-1;9,490839E-1;;
02/12/2021  12:47:16,283163;9,341489E-1;1,433019E-1;1,322644E-1;9,488217E-1;;
02/12/2021  12:47:16,283263;9,348522E-1;1,216384E-1;1,303688E-1;9,485401E-1;;
02/12/2021  12:47:16,283363;9,355705E-1;1,420275E-1;1,480610E-1;9,482404E-1;;
02/12/2021  12:47:16,283463;9,355675E-1;1,155854E-1;1,205749E-1;9,479239E-1;;
02/12/2021  12:47:16,283563;9,348939E-1;1,213198E-1;1,284732E-1;9,475918E-1;;
02/12/2021  12:47:16,283663;9,341608E-1;1,238685E-1;1,354238E-1;9,472455E-1;;
02/12/2021  12:47:16,283763;9,344976E-1;1,041165E-1;9,119327E-2;9,468864E-1;;
02/12/2021  12:47:16,283863;9,342979E-1;1,296029E-1;1,205749E-1;9,465156E-1;;
02/12/2021  12:47:16,283963;9,330670E-1;1,082581E-1;1,199431E-1;9,461344E-1;;
02/12/2021  12:47:16,284063;9,322742E-1;1,394789E-1;1,505885E-1;9,457438E-1;;
02/12/2021  12:47:16,284163;9,310017E-1;1,385232E-1;1,388990E-1;9,453448E-1;;
02/12/2021  12:47:16,284263;9,307781E-1;1,302401E-1;1,297370E-1;9,449381E-1;;
02/12/2021  12:47:16,284363;9,309838E-1;1,136739E-1;1,322644E-1;9,445243E-1;;
02/12/2021  12:47:16,284463;9,302327E-1;1,385232E-1;1,351078E-1;9,441041E-1;;
02/12/2021  12:47:16,284563;9,289631E-1;1,442576E-1;1,423743E-1;9,436782E-1;;
02/12/2021  12:47:16,284663;9,291688E-1;1,190898E-1;1,300529E-1;9,432470E-1;;
02/12/2021  12:47:16,284763;9,300152E-1;7,640006E-2;8,171531E-2;9,428111E-1;;
02/12/2021  12:47:16,284863;9,304861E-1;1,280100E-1;1,332122E-1;9,423712E-1;;
02/12/2021  12:47:16,284963;9,304414E-1;1,382046E-1;1,392149E-1;9,419281E-1;;
02/12/2021  12:47:16,285063;9,300390E-1;1,257800E-1;1,284732E-1;9,414827E-1;;
02/12/2021  12:47:16,285163;9,311477E-1;1,123996E-1;8,487463E-2;9,410359E-1;;
02/12/2021  12:47:16,285263;9,319673E-1;1,359745E-1;1,755471E-1;9,405888E-1;;
02/12/2021  12:47:16,285363;9,332369E-1;1,238685E-1;1,325804E-1;9,401426E-1;;
02/12/2021  12:47:16,285463;9,326051E-1;1,401161E-1;1,332122E-1;9,396986E-1;;
02/12/2021  12:47:16,285563;9,324352E-1;1,347002E-1;1,294210E-1;9,392582E-1;;
02/12/2021  12:47:16,285663;9,328196E-1;1,210013E-1;1,170997E-1;9,388226E-1;;
02/12/2021  12:47:16,285763;9,345780E-1;1,305587E-1;1,373193E-1;9,383931E-1;;
02/12/2021  12:47:16,285863;9,349208E-1;1,391603E-1;1,354238E-1;9,379709E-1;;
02/12/2021  12:47:16,285963;9,346644E-1;1,267357E-1;1,300529E-1;9,375576E-1;;
02/12/2021  12:47:16,286063;9,343634E-1;1,104881E-1;1,246821E-1;9,371543E-1;;
02/12/2021  12:47:16,286163;9,352873E-1;1,235499E-1;1,133085E-1;9,367624E-1;;
02/12/2021  12:47:16,286263;9,362500E-1;1,362931E-1;1,344760E-1;9,363828E-1;;
02/12/2021  12:47:16,286363;9,369235E-1;1,401161E-1;1,328963E-1;9,360167E-1;;
02/12/2021  12:47:16,286463;9,370308E-1;1,222756E-1;1,275255E-1;9,356654E-1;;
02/12/2021  12:47:16,286563;9,369235E-1;1,133553E-1;1,404787E-1;9,353300E-1;;
02/12/2021  12:47:16,286663;9,382050E-1;1,366117E-1;1,335282E-1;9,350113E-1;;
02/12/2021  12:47:16,286763;9,393882E-1;1,385232E-1;1,376353E-1;9,347105E-1;;
02/12/2021  12:47:16,286863;9,400499E-1;1,353374E-1;1,319485E-1;9,344285E-1;;
02/12/2021  12:47:16,286963;9,404790E-1;1,362931E-1;1,278414E-1;9,341664E-1;;
02/12/2021  12:47:16,287063;9,403956E-1;8,786894E-2;1,009872E-1;9,339251E-1;;
02/12/2021  12:47:16,287163;9,417039E-1;1,433019E-1;1,407946E-1;9,337055E-1;;
02/12/2021  12:47:16,287263;9,426129E-1;1,515849E-1;1,695444E-1;9,335084E-1;;
02/12/2021  12:47:16,287363;9,426457E-1;1,299215E-1;1,284732E-1;9,333346E-1;;
02/12/2021  12:47:16,287463;9,431404E-1;1,092138E-1;1,243661E-1;9,331847E-1;;
02/12/2021  12:47:16,287563;9,428543E-1;1,216384E-1;1,205749E-1;9,330592E-1;;
02/12/2021  12:47:16,287663;9,444398E-1;1,152668E-1;1,205749E-1;9,329585E-1;;
02/12/2021  12:47:16,287763;9,458614E-1;1,104881E-1;1,025668E-1;9,328830E-1;;
02/12/2021  12:47:16,287863;9,459032E-1;8,946184E-2;8,013565E-2;9,328330E-1;;
02/12/2021  12:47:16,287963;9,457154E-1;1,216384E-1;1,284732E-1;9,328090E-1;;
02/12/2021  12:47:16,288063;9,455217E-1;1,159040E-1;1,142563E-1;9,328110E-1;;
02/12/2021  12:47:16,288163;9,468956E-1;9,806350E-2;9,435259E-2;9,328390E-1;;
02/12/2021  12:47:16,288263;9,475066E-1;5,824100E-2;7,002583E-2;9,328929E-1;;
02/12/2021  12:47:16,288363;9,481563E-1;9,551486E-2;1,035146E-1;9,329724E-1;;
02/12/2021  12:47:16,288463;9,481443E-1;1,155854E-1;1,278414E-1;9,330776E-1;;
02/12/2021  12:47:16,288563;9,479387E-1;9,455912E-2;1,000394E-1;9,332079E-1;;
02/12/2021  12:47:16,288663;9,497090E-1;1,114439E-1;1,249980E-1;9,333631E-1;;
02/12/2021  12:47:16,288763;9,502961E-1;1,136739E-1;1,366875E-1;9,335427E-1;;
02/12/2021  12:47:16,288863;9,499623E-1;9,774492E-2;1,167838E-1;9,337463E-1;;
02/12/2021  12:47:16,288963;9,499415E-1;8,595746E-2;7,508074E-2;9,339733E-1;;
02/12/2021  12:47:16,289063;9,504779E-1;5,824100E-2;1,073058E-1;9,342231E-1;;
02/12/2021  12:47:16,289163;9,519055E-1;1,063466E-1;1,158360E-1;9,344950E-1;;
02/12/2021  12:47:16,289263;9,523764E-1;1,120810E-1;1,272095E-1;9,347882E-1;;
02/12/2021  12:47:16,289363;9,528085E-1;1,222756E-1;1,344760E-1;9,351020E-1;;
02/12/2021  12:47:16,289463;9,531304E-1;1,296029E-1;1,189953E-1;9,354360E-1;;
02/12/2021  12:47:16,289563;9,539500E-1;1,216384E-1;1,376353E-1;9,357892E-1;;
02/12/2021  12:47:16,289663;9,557143E-1;1,439390E-1;1,442698E-1;9,361611E-1;;
02/12/2021  12:47:16,289763;9,566382E-1;1,471248E-1;1,382671E-1;9,365511E-1;;
02/12/2021  12:47:16,289863;9,570793E-1;1,420275E-1;1,622780E-1;9,369587E-1;;
02/12/2021  12:47:16,289963;9,573684E-1;1,598680E-1;1,385831E-1;9,373835E-1;;
02/12/2021  12:47:16,290063;9,577528E-1;1,130368E-1;9,751191E-2;9,378250E-1;;
02/12/2021  12:47:16,290163;9,594903E-1;1,757970E-1;1,414265E-1;9,382826E-1;;
02/12/2021  12:47:16,290263;9,597973E-1;1,678325E-1;1,581709E-1;9,387559E-1;;
02/12/2021  12:47:16,290363;9,603219E-1;1,649653E-1;1,685966E-1;9,392444E-1;;
02/12/2021  12:47:16,290463;9,601877E-1;1,420275E-1;1,439539E-1;9,397474E-1;;
02/12/2021  12:47:16,290563;9,609686E-1;1,311958E-1;1,325804E-1;9,402646E-1;;
02/12/2021  12:47:16,290663;9,627806E-1;1,512664E-1;1,641736E-1;9,407951E-1;;
02/12/2021  12:47:16,290763;9,631114E-1;1,353374E-1;1,351078E-1;9,413384E-1;;
02/12/2021  12:47:16,290863;9,632336E-1;1,238685E-1;1,066739E-1;9,418941E-1;;
02/12/2021  12:47:16,290963;9,633349E-1;5,346230E-2;8,677022E-2;9,424616E-1;;
02/12/2021  12:47:16,291063;9,636717E-1;1,506292E-1;1,411105E-1;9,430401E-1;;
02/12/2021  12:47:16,291163;9,650218E-1;1,289658E-1;1,452176E-1;9,436291E-1;;
02/12/2021  12:47:16,291263;9,656089E-1;1,120810E-1;1,170997E-1;9,442277E-1;;
02/12/2021  12:47:16,291363;9,655493E-1;1,235499E-1;1,139404E-1;9,448354E-1;;
02/12/2021  12:47:16,291463;9,651350E-1;6,875414E-2;1,009872E-1;9,454515E-1;;
02/12/2021  12:47:16,291563;9,655195E-1;1,331073E-1;1,231024E-1;9,460750E-1;;
02/12/2021  12:47:16,291663;9,668189E-1;1,101695E-1;1,234183E-1;9,467052E-1;;
02/12/2021  12:47:16,291763;9,672779E-1;1,232313E-1;1,284732E-1;9,473411E-1;;
02/12/2021  12:47:16,291863;9,669769E-1;1,273729E-1;1,297370E-1;9,479820E-1;;
02/12/2021  12:47:16,291963;9,659129E-1;1,289658E-1;1,310007E-1;9,486271E-1;;
02/12/2021  12:47:16,292063;9,662407E-1;1,076209E-1;9,719598E-2;9,492753E-1;;
02/12/2021  12:47:16,292163;9,671169E-1;1,203641E-1;1,107811E-1;9,499255E-1;;
02/12/2021  12:47:16,292263;9,668487E-1;1,305587E-1;1,322644E-1;9,505766E-1;;
02/12/2021  12:47:16,292363;9,657758E-1;1,324701E-1;1,341600E-1;9,512274E-1;;
02/12/2021  12:47:16,292463;9,651857E-1;1,324701E-1;1,215227E-1;9,518769E-1;;
02/12/2021  12:47:16,292563;9,656804E-1;1,082581E-1;8,834988E-2;9,525235E-1;;
02/12/2021  12:47:16,292663;9,655791E-1;1,225942E-1;1,284732E-1;9,531661E-1;;
02/12/2021  12:47:16,292763;9,646373E-1;1,340630E-1;1,385831E-1;9,538031E-1;;
02/12/2021  12:47:16,292863;9,642320E-1;1,296029E-1;1,376353E-1;9,544333E-1;;
02/12/2021  12:47:16,292963;9,630101E-1;1,273729E-1;1,170997E-1;9,550551E-1;;
02/12/2021  12:47:16,293063;9,633081E-1;9,870066E-2;1,101492E-1;9,556671E-1;;
02/12/2021  12:47:16,293163;9,630846E-1;1,429833E-1;1,588027E-1;9,562677E-1;;
02/12/2021  12:47:16,293263;9,621696E-1;1,407532E-1;1,322644E-1;9,568554E-1;;
02/12/2021  12:47:16,293363;9,608285E-1;1,280100E-1;1,376353E-1;9,574288E-1;;
02/12/2021  12:47:16,293463;9,599165E-1;1,178155E-1;1,193112E-1;9,579863E-1;;
02/12/2021  12:47:16,293563;9,599821E-1;9,296622E-2;9,056141E-2;9,585264E-1;;
02/12/2021  12:47:16,293663;9,604083E-1;1,369303E-1;1,344760E-1;9,590475E-1;;
02/12/2021  12:47:16,293763;9,593503E-1;1,194084E-1;1,136244E-1;9,595483E-1;;
02/12/2021  12:47:16,293863;9,579167E-1;1,283286E-1;1,221546E-1;9,600275E-1;;
02/12/2021  12:47:16,293963;9,567515E-1;1,111253E-1;1,170997E-1;9,604839E-1;;
02/12/2021  12:47:16,294063;9,573952E-1;1,640096E-1;1,828136E-1;9,609162E-1;;
02/12/2021  12:47:16,294163;9,568379E-1;1,232313E-1;1,306848E-1;9,613232E-1;;
02/12/2021  12:47:16,294263;9,559349E-1;1,200455E-1;1,284732E-1;9,617038E-1;;
02/12/2021  12:47:16,294363;9,553924E-1;1,178155E-1;1,186794E-1;9,620572E-1;;
02/12/2021  12:47:16,294463;9,540155E-1;1,210013E-1;1,335282E-1;9,623825E-1;;
02/12/2021  12:47:16,294563;9,550080E-1;1,366117E-1;1,382671E-1;9,626789E-1;;
02/12/2021  12:47:16,294663;9,543314E-1;1,085766E-1;1,186794E-1;9,629457E-1;;
02/12/2021  12:47:16,294763;9,531542E-1;1,248242E-1;1,291051E-1;9,631825E-1;;
02/12/2021  12:47:16,294863;9,520992E-1;1,292843E-1;1,351078E-1;9,633890E-1;;
02/12/2021  12:47:16,294963;9,514376E-1;1,382046E-1;1,202590E-1;9,635646E-1;;
02/12/2021  12:47:16,295063;9,517237E-1;1,308772E-1;1,212068E-1;9,637091E-1;;
02/12/2021  12:47:16,295163;9,511694E-1;1,120810E-1;1,193112E-1;9,638222E-1;;
02/12/2021  12:47:16,295263;9,501233E-1;1,053908E-1;1,126766E-1;9,639039E-1;;
02/12/2021  12:47:16,295363;9,487195E-1;1,264171E-1;1,145722E-1;9,639542E-1;;
02/12/2021  12:47:16,295463;9,484096E-1;1,337445E-1;1,319485E-1;9,639731E-1;;
02/12/2021  12:47:16,295563;9,483708E-1;8,181592E-2;1,158360E-1;9,639605E-1;;
02/12/2021  12:47:16,295663;9,479417E-1;1,187712E-1;1,136244E-1;9,639167E-1;;
02/12/2021  12:47:16,295763;9,472205E-1;1,366117E-1;1,313166E-1;9,638420E-1;;
02/12/2021  12:47:16,295863;9,454323E-1;9,742634E-2;1,259458E-1;9,637367E-1;;
02/12/2021  12:47:16,295963;9,448034E-1;1,190898E-1;1,221546E-1;9,636011E-1;;
02/12/2021  12:47:16,296063;9,451670E-1;1,401161E-1;1,430061E-1;9,634357E-1;;
02/12/2021  12:47:16,296163;9,443951E-1;1,280100E-1;1,256299E-1;9,632407E-1;;
02/12/2021  12:47:16,296263;9,433520E-1;1,302401E-1;1,335282E-1;9,630168E-1;;
02/12/2021  12:47:16,296363;9,418649E-1;1,369303E-1;1,357397E-1;9,627646E-1;;
02/12/2021  12:47:16,296463;9,422195E-1;1,210013E-1;1,227865E-1;9,624845E-1;;
02/12/2021  12:47:16,296563;9,421599E-1;9,997498E-2;1,031987E-1;9,621772E-1;;
02/12/2021  12:47:16,296663;9,418321E-1;1,136739E-1;1,050943E-1;9,618435E-1;;
02/12/2021  12:47:16,296763;9,406340E-1;1,267357E-1;1,272095E-1;9,614842E-1;;
02/12/2021  12:47:16,296863;9,395521E-1;1,248242E-1;1,268936E-1;9,611003E-1;;
02/12/2021  12:47:16,296963;9,393346E-1;9,137332E-2;9,308886E-2;9,606926E-1;;
02/12/2021  12:47:16,297063;9,389412E-1;1,401161E-1;1,360556E-1;9,602619E-1;;
02/12/2021  12:47:16,297163;9,382706E-1;1,127182E-1;1,066739E-1;9,598092E-1;;
02/12/2021  12:47:16,297263;9,373050E-1;1,257800E-1;1,278414E-1;9,593354E-1;;
02/12/2021  12:47:16,297363;9,360056E-1;1,162226E-1;1,114129E-1;9,588414E-1;;
02/12/2021  12:47:16,297463;9,361546E-1;1,073023E-1;1,224705E-1;9,583281E-1;;
02/12/2021  12:47:16,297563;9,359609E-1;1,404346E-1;1,550115E-1;9,577964E-1;;
02/12/2021  12:47:16,297663;9,357642E-1;1,280100E-1;1,240502E-1;9,572472E-1;;
02/12/2021  12:47:16,297763;9,344618E-1;1,012493E-1;9,814378E-2;9,566816E-1;;
02/12/2021  12:47:16,297863;9,334246E-1;1,477620E-1;2,169342E-1;9,561005E-1;;
02/12/2021  12:47:16,297963;9,334068E-1;1,210013E-1;1,275255E-1;9,555051E-1;;
02/12/2021  12:47:16,298063;9,331147E-1;1,174969E-1;1,221546E-1;9,548960E-1;;
02/12/2021  12:47:16,298163;9,323219E-1;1,210013E-1;1,234183E-1;9,542745E-1;;
02/12/2021  12:47:16,298263;9,316037E-1;1,073023E-1;1,057261E-1;9,536413E-1;;
02/12/2021  12:47:16,298363;9,305069E-1;1,267357E-1;1,297370E-1;9,529975E-1;;
02/12/2021  12:47:16,298463;9,307781E-1;1,353374E-1;1,300529E-1;9,523440E-1;;
02/12/2021  12:47:16,298563;9,305636E-1;1,343816E-1;1,262617E-1;9,516815E-1;;
02/12/2021  12:47:16,298663;9,295264E-1;1,232313E-1;1,439539E-1;9,510111E-1;;
02/12/2021  12:47:16,298763;9,283403E-1;1,286472E-1;1,303688E-1;9,503338E-1;;
02/12/2021  12:47:16,298863;9,277382E-1;1,257800E-1;1,376353E-1;9,496501E-1;;
02/12/2021  12:47:16,298963;9,278187E-1;8,086018E-2;8,487463E-2;9,489610E-1;;
02/12/2021  12:47:16,299063;9,274998E-1;1,187712E-1;1,253139E-1;9,482672E-1;;
02/12/2021  12:47:16,299163;9,263852E-1;1,410718E-1;1,546956E-1;9,475694E-1;;
02/12/2021  12:47:16,299263;9,248503E-1;1,350188E-1;1,332122E-1;9,468684E-1;;
02/12/2021  12:47:16,299363;9,249218E-1;1,576380E-1;1,569071E-1;9,461647E-1;;
02/12/2021  12:47:16,299463;9,251007E-1;1,359745E-1;1,060421E-1;9,454588E-1;;
02/12/2021  12:47:16,299563;9,253272E-1;1,159040E-1;1,218387E-1;9,447516E-1;;
02/12/2021  12:47:16,299663;9,240278E-1;1,219570E-1;1,047783E-1;9,440435E-1;;
02/12/2021  12:47:16,299763;9,223916E-1;1,506292E-1;1,714400E-1;9,433355E-1;;
02/12/2021  12:47:16,299863;9,228148E-1;1,375674E-1;1,335282E-1;9,426279E-1;;
02/12/2021  12:47:16,299963;9,236195E-1;1,331073E-1;1,379512E-1;9,419213E-1;;
02/12/2021  12:47:16,300063;9,233035E-1;1,235499E-1;1,259458E-1;9,412164E-1;;
02/12/2021  12:47:16,300163;9,229370E-1;1,315144E-1;1,297370E-1;9,405140E-1;;
02/12/2021  12:47:16,300263;9,225495E-1;1,238685E-1;1,417424E-1;9,398147E-1;;
02/12/2021  12:47:16,300363;9,231486E-1;1,060280E-1;1,174156E-1;9,391194E-1;;
02/12/2021  12:47:16,300463;9,235748E-1;-5,166910E-2;4,411940E-2;9,384290E-1;;
02/12/2021  12:47:16,300563;9,240814E-1;1,095324E-1;1,183634E-1;9,377444E-1;;
02/12/2021  12:47:16,300663;9,238936E-1;1,248242E-1;1,262617E-1;9,370666E-1;;
02/12/2021  12:47:16,300763;9,234615E-1;9,105474E-2;9,719598E-2;9,363967E-1;;
02/12/2021  12:47:16,300863;9,242215E-1;8,755036E-2;1,224705E-1;9,357357E-1;;
02/12/2021  12:47:16,300963;9,252616E-1;1,184526E-1;1,338441E-1;9,350847E-1;;
02/12/2021  12:47:16,301063;9,248771E-1;1,155854E-1;1,240502E-1;9,344448E-1;;
02/12/2021  12:47:16,301163;9,248771E-1;1,031608E-1;1,174156E-1;9,338172E-1;;
02/12/2021  12:47:16,301263;9,244748E-1;1,044351E-1;1,189953E-1;9,332028E-1;;
02/12/2021  12:47:16,301363;9,250917E-1;7,894870E-2;8,392683E-2;9,326027E-1;;
02/12/2021  12:47:16,301463;9,257921E-1;9,455912E-2;1,047783E-1;9,320177E-1;;
02/12/2021  12:47:16,301563;9,262272E-1;1,044351E-1;1,025668E-1;9,314489E-1;;
02/12/2021  12:47:16,301663;9,250858E-1;9,965640E-2;1,300529E-1;9,308970E-1;;
02/12/2021  12:47:16,301763;9,250828E-1;8,213450E-2;1,069899E-1;9,303630E-1;;
02/12/2021  12:47:16,301863;9,257235E-1;8,691320E-2;1,031987E-1;9,298474E-1;;
02/12/2021  12:47:16,301963;9,267756E-1;1,222756E-1;1,474292E-1;9,293509E-1;;
02/12/2021  12:47:16,302063;9,271124E-1;9,455912E-2;1,050943E-1;9,288739E-1;;
02/12/2021  12:47:16,302163;9,266147E-1;5,760384E-2;1,092014E-1;9,284174E-1;;
02/12/2021  12:47:16,302263;9,265580E-1;1,041165E-1;1,202590E-1;9,279817E-1;;
02/12/2021  12:47:16,302363;9,279051E-1;1,245056E-1;1,322644E-1;9,275673E-1;;
02/12/2021  12:47:16,302463;9,284028E-1;1,264171E-1;1,338441E-1;9,271747E-1;;
02/12/2021  12:47:16,302563;9,291688E-1;1,283286E-1;1,316326E-1;9,268044E-1;;
02/12/2021  12:47:16,302663;9,289423E-1;1,391603E-1;1,313166E-1;9,264569E-1;;
02/12/2021  12:47:16,302763;9,293476E-1;1,888588E-1;1,919756E-1;9,261326E-1;;
02/12/2021  12:47:16,302863;9,309927E-1;2,098851E-1;2,102996E-1;9,258319E-1;;
02/12/2021  12:47:16,302963;9,318421E-1;1,646467E-1;1,480610E-1;9,255553E-1;;
02/12/2021  12:47:16,303063;9,320388E-1;1,697440E-1;1,512204E-1;9,253033E-1;;
02/12/2021  12:47:16,303163;9,318421E-1;1,745227E-1;1,603824E-1;9,250762E-1;;
02/12/2021  12:47:16,303263;9,321729E-1;1,560451E-1;1,420583E-1;9,248745E-1;;
02/12/2021  12:47:16,303363;9,337495E-1;1,305587E-1;1,477451E-1;9,246983E-1;;
02/12/2021  12:47:16,303463;9,340058E-1;1,337445E-1;1,328963E-1;9,245478E-1;;
02/12/2021  12:47:16,303563;9,341906E-1;1,092138E-1;1,202590E-1;9,244232E-1;;
02/12/2021  12:47:16,303663;9,335290E-1;1,286472E-1;1,328963E-1;9,243246E-1;;
02/12/2021  12:47:16,303763;9,337495E-1;9,264764E-2;8,455870E-2;9,242519E-1;;
02/12/2021  12:47:16,303863;9,343545E-1;1,276914E-1;1,183634E-1;9,242047E-1;;
02/12/2021  12:47:16,303963;9,345691E-1;1,165411E-1;1,221546E-1;9,241827E-1;;
02/12/2021  12:47:16,304063;9,348135E-1;1,337445E-1;1,439539E-1;9,241855E-1;;
02/12/2021  12:47:16,304163;9,345899E-1;1,235499E-1;1,101492E-1;9,242126E-1;;
02/12/2021  12:47:16,304263;9,349893E-1;9,933782E-2;1,069899E-1;9,242632E-1;;
02/12/2021  12:47:16,304363;9,359847E-1;1,037979E-1;1,464814E-1;9,243369E-1;;
02/12/2021  12:47:16,304463;9,362351E-1;1,152668E-1;1,246821E-1;9,244328E-1;;
02/12/2021  12:47:16,304563;9,358864E-1;1,289658E-1;1,287892E-1;9,245505E-1;;
02/12/2021  12:47:16,304663;9,362321E-1;1,082581E-1;7,160549E-2;9,246890E-1;;
02/12/2021  12:47:16,304763;9,359132E-1;1,260985E-1;1,278414E-1;9,248477E-1;;
02/12/2021  12:47:16,304863;9,370248E-1;1,397975E-1;1,357397E-1;9,250255E-1;;
02/12/2021  12:47:16,304963;9,379189E-1;1,305587E-1;1,376353E-1;9,252217E-1;;
02/12/2021  12:47:16,305063;9,376805E-1;1,238685E-1;1,259458E-1;9,254355E-1;;
02/12/2021  12:47:16,305163;9,369950E-1;1,171783E-1;1,129926E-1;9,256660E-1;;
02/12/2021  12:47:16,305263;9,382766E-1;1,283286E-1;1,256299E-1;9,259124E-1;;
02/12/2021  12:47:16,305363;9,394776E-1;1,127182E-1;1,066739E-1;9,261737E-1;;
02/12/2021  12:47:16,305463;9,396445E-1;4,613496E-2;8,234717E-2;9,264493E-1;;
02/12/2021  12:47:16,305563;9,388637E-1;1,407532E-1;1,411105E-1;9,267385E-1;;
02/12/2021  12:47:16,305663;9,383809E-1;1,044351E-1;1,069899E-1;9,270403E-1;;
02/12/2021  12:47:16,305763;9,392988E-1;1,066652E-1;1,208909E-1;9,273540E-1;;
02/12/2021  12:47:16,305863;9,402883E-1;1,636910E-1;1,840773E-1;9,276784E-1;;
02/12/2021  12:47:16,305963;9,404075E-1;1,194084E-1;1,237343E-1;9,280128E-1;;
02/12/2021  12:47:16,306063;9,403807E-1;1,114439E-1;1,205749E-1;9,283564E-1;;
02/12/2021  12:47:16,306163;9,404492E-1;1,136739E-1;1,139404E-1;9,287084E-1;;
02/12/2021  12:47:16,306263;9,409648E-1;1,257800E-1;1,249980E-1;9,290680E-1;;
02/12/2021  12:47:16,306363;9,417784E-1;1,334259E-1;1,588027E-1;9,294344E-1;;
02/12/2021  12:47:16,306463;9,419781E-1;1,356559E-1;1,366875E-1;9,298068E-1;;
02/12/2021  12:47:16,306563;9,416473E-1;7,863012E-2;1,028828E-1;9,301848E-1;;
02/12/2021  12:47:16,306663;9,412688E-1;1,299215E-1;1,363715E-1;9,305674E-1;;
02/12/2021  12:47:16,306763;9,425444E-1;1,292843E-1;1,294210E-1;9,309540E-1;;
02/12/2021  12:47:16,306863;9,427470E-1;1,296029E-1;1,366875E-1;9,313439E-1;;
02/12/2021  12:47:16,306963;9,424132E-1;1,159040E-1;1,303688E-1;9,317363E-1;;
02/12/2021  12:47:16,307063;9,422135E-1;1,181340E-1;1,180475E-1;9,321307E-1;;
02/12/2021  12:47:16,307163;9,421867E-1;1,388417E-1;1,392149E-1;9,325263E-1;;
02/12/2021  12:47:16,307263;9,432209E-1;1,302401E-1;1,272095E-1;9,329224E-1;;
02/12/2021  12:47:16,307363;9,425742E-1;1,305587E-1;1,313166E-1;9,333182E-1;;
02/12/2021  12:47:16,307463;9,433192E-1;1,474434E-1;1,723878E-1;9,337133E-1;;
02/12/2021  12:47:16,307563;9,425205E-1;1,382046E-1;1,401627E-1;9,341068E-1;;
02/12/2021  12:47:16,307663;9,415817E-1;1,410718E-1;1,344760E-1;9,344981E-1;;
02/12/2021  12:47:16,307763;9,425891E-1;5,473662E-2;1,319485E-1;9,348865E-1;;
02/12/2021  12:47:16,307863;9,429646E-1;1,267357E-1;1,278414E-1;9,352712E-1;;
02/12/2021  12:47:16,307963;9,422523E-1;1,337445E-1;1,704922E-1;9,356514E-1;;
02/12/2021  12:47:16,308063;9,422106E-1;1,267357E-1;1,281573E-1;9,360266E-1;;
02/12/2021  12:47:16,308163;9,414208E-1;9,328480E-2;1,142563E-1;9,363961E-1;;
02/12/2021  12:47:16,308263;9,421629E-1;1,289658E-1;1,313166E-1;9,367590E-1;;
02/12/2021  12:47:16,308363;9,422285E-1;1,292843E-1;1,303688E-1;9,371148E-1;;
02/12/2021  12:47:16,308463;9,423506E-1;7,193994E-2;7,824006E-2;9,374629E-1;;
02/12/2021  12:47:16,308563;9,414506E-1;6,110822E-2;1,069899E-1;9,378026E-1;;
02/12/2021  12:47:16,308663;9,417069E-1;1,276914E-1;1,253139E-1;9,381336E-1;;
02/12/2021  12:47:16,308763;9,428245E-1;1,270543E-1;1,556434E-1;9,384551E-1;;
02/12/2021  12:47:16,308863;9,424311E-1;1,276914E-1;1,313166E-1;9,387670E-1;;
02/12/2021  12:47:16,308963;9,427530E-1;5,983390E-2;7,918786E-2;9,390689E-1;;
02/12/2021  12:47:16,309063;9,425563E-1;4,358632E-2;8,487463E-2;9,393607E-1;;
02/12/2021  12:47:16,309163;9,432984E-1;1,162226E-1;1,215227E-1;9,396421E-1;;
02/12/2021  12:47:16,309263;9,438915E-1;1,197269E-1;1,101492E-1;9,399132E-1;;
02/12/2021  12:47:16,309363;9,448541E-1;1,356559E-1;1,373193E-1;9,401740E-1;;
02/12/2021  12:47:16,309463;9,442819E-1;1,302401E-1;1,306848E-1;9,404248E-1;;
02/12/2021  12:47:16,309563;9,436411E-1;1,171783E-1;1,069899E-1;9,406658E-1;;
02/12/2021  12:47:16,309663;9,445888E-1;1,222756E-1;1,461654E-1;9,408974E-1;;
02/12/2021  12:47:16,309763;9,456081E-1;1,793014E-1;1,562753E-1;9,411196E-1;;
02/12/2021  12:47:16,309863;9,459419E-1;1,216384E-1;1,240502E-1;9,413329E-1;;
02/12/2021  12:47:16,309963;9,458287E-1;1,423461E-1;1,341600E-1;9,415378E-1;;
02/12/2021  12:47:16,310063;9,457839E-1;1,136739E-1;1,237343E-1;9,417348E-1;;
02/12/2021  12:47:16,310163;9,466602E-1;9,009900E-2;1,284732E-1;9,419244E-1;;
02/12/2021  12:47:16,310263;9,473754E-1;1,299215E-1;1,281573E-1;9,421070E-1;;
02/12/2021  12:47:16,310363;9,469999E-1;1,311958E-1;1,268936E-1;9,422833E-1;;
02/12/2021  12:47:16,310463;9,471668E-1;1,423461E-1;1,562753E-1;9,424538E-1;;
02/12/2021  12:47:16,310563;9,468211E-1;1,174969E-1;1,208909E-1;9,426192E-1;;
02/12/2021  12:47:16,310663;9,470834E-1;1,417090E-1;1,313166E-1;9,427797E-1;;
02/12/2021  12:47:16,310763;9,476198E-1;1,560451E-1;1,783905E-1;9,429358E-1;;
02/12/2021  12:47:16,310863;9,471251E-1;1,245056E-1;1,158360E-1;9,430879E-1;;
02/12/2021  12:47:16,310963;9,457690E-1;1,461691E-1;1,742834E-1;9,432363E-1;;
02/12/2021  12:47:16,311063;9,454561E-1;1,512664E-1;1,445858E-1;9,433811E-1;;
02/12/2021  12:47:16,311163;9,461118E-1;1,464877E-1;1,297370E-1;9,435223E-1;;
02/12/2021  12:47:16,311263;9,469731E-1;1,165411E-1;1,291051E-1;9,436597E-1;;
02/12/2021  12:47:16,311363;9,464873E-1;1,292843E-1;1,227865E-1;9,437935E-1;;
02/12/2021  12:47:16,311463;9,458823E-1;1,506292E-1;1,379512E-1;9,439238E-1;;
02/12/2021  12:47:16,311563;9,453071E-1;4,836502E-2;9,466852E-2;9,440506E-1;;
02/12/2021  12:47:16,311663;9,460224E-1;1,480806E-1;1,521681E-1;9,441737E-1;;
02/12/2021  12:47:16,311763;9,465558E-1;1,117624E-1;1,268936E-1;9,442931E-1;;
02/12/2021  12:47:16,311863;9,461356E-1;1,407532E-1;1,407946E-1;9,444087E-1;;
02/12/2021  12:47:16,311963;9,457452E-1;1,149482E-1;1,183634E-1;9,445207E-1;;
02/12/2021  12:47:16,312063;9,462250E-1;1,222756E-1;1,186794E-1;9,446289E-1;;
02/12/2021  12:47:16,312163;9,476973E-1;1,241871E-1;1,284732E-1;9,447334E-1;;
02/12/2021  12:47:16,312263;9,474529E-1;1,171783E-1;1,183634E-1;9,448343E-1;;
02/12/2021  12:47:16,312363;9,478106E-1;1,394789E-1;1,411105E-1;9,449320E-1;;
02/12/2021  12:47:16,312463;9,474201E-1;1,350188E-1;1,281573E-1;9,450267E-1;;
02/12/2021  12:47:16,312563;9,478851E-1;9,455912E-2;8,045158E-2;9,451188E-1;;
02/12/2021  12:47:16,312663;9,488060E-1;1,178155E-1;1,139404E-1;9,452084E-1;;
02/12/2021  12:47:16,312763;9,493991E-1;1,410718E-1;1,325804E-1;9,452960E-1;;
02/12/2021  12:47:16,312863;9,495034E-1;1,321516E-1;1,328963E-1;9,453820E-1;;
02/12/2021  12:47:16,312963;9,491338E-1;1,372488E-1;1,373193E-1;9,454669E-1;;
02/12/2021  12:47:16,313063;9,493454E-1;1,162226E-1;1,174156E-1;9,455511E-1;;
02/12/2021  12:47:16,313163;9,508087E-1;4,900218E-2;1,038306E-1;9,456349E-1;;
02/12/2021  12:47:16,313263;9,506716E-1;1,394789E-1;1,338441E-1;9,457190E-1;;
02/12/2021  12:47:16,313363;9,503677E-1;1,123996E-1;1,148882E-1;9,458036E-1;;
02/12/2021  12:47:16,313463;9,501471E-1;1,098510E-1;1,221546E-1;9,458893E-1;;
02/12/2021  12:47:16,313563;9,502693E-1;9,870066E-2;1,107811E-1;9,459763E-1;;
02/12/2021  12:47:16,313663;9,507819E-1;1,197269E-1;1,101492E-1;9,460648E-1;;
02/12/2021  12:47:16,313763;9,503229E-1;1,053908E-1;1,088855E-1;9,461551E-1;;
02/12/2021  12:47:16,313863;9,501680E-1;1,248242E-1;1,205749E-1;9,462472E-1;;
02/12/2021  12:47:16,313963;9,501680E-1;1,111253E-1;1,161519E-1;9,463412E-1;;
02/12/2021  12:47:16,314063;9,505107E-1;1,101695E-1;1,212068E-1;9,464372E-1;;
02/12/2021  12:47:16,314163;9,509130E-1;9,296622E-2;8,455870E-2;9,465351E-1;;
02/12/2021  12:47:16,314263;9,507342E-1;8,309024E-2;1,000394E-1;9,466349E-1;;
02/12/2021  12:47:16,314363;9,504958E-1;8,691320E-2;9,814378E-2;9,467366E-1;;
02/12/2021  12:47:16,314463;9,498133E-1;9,105474E-2;1,035146E-1;9,468402E-1;;
02/12/2021  12:47:16,314563;9,501054E-1;1,028422E-1;1,136244E-1;9,469454E-1;;
02/12/2021  12:47:16,314663;9,505375E-1;1,018865E-1;9,277293E-2;9,470521E-1;;
02/12/2021  12:47:16,314763;9,505882E-1;7,703722E-2;9,877564E-2;9,471600E-1;;
02/12/2021  12:47:16,314863;9,497865E-1;1,053908E-1;1,208909E-1;9,472690E-1;;
02/12/2021  12:47:16,314963;9,497537E-1;6,461260E-2;8,866581E-2;9,473788E-1;;
02/12/2021  12:47:16,315063;9,505196E-1;1,560451E-1;1,328963E-1;9,474891E-1;;
02/12/2021  12:47:16,315163;9,502127E-1;1,375674E-1;1,840773E-1;9,475997E-1;;
02/12/2021  12:47:16,315263;9,504124E-1;1,299215E-1;1,310007E-1;9,477103E-1;;
02/12/2021  12:47:16,315363;9,492292E-1;2,436546E-1;1,654373E-1;9,478208E-1;;
02/12/2021  12:47:16,315463;9,487553E-1;1,445762E-1;1,325804E-1;9,479308E-1;;
02/12/2021  12:47:16,315563;9,494527E-1;1,627352E-1;1,426902E-1;9,480397E-1;;
02/12/2021  12:47:16,315663;9,504362E-1;1,608238E-1;1,461654E-1;9,481474E-1;;
02/12/2021  12:47:16,315763;9,496792E-1;1,601866E-1;1,455336E-1;9,482534E-1;;
02/12/2021  12:47:16,315863;9,488030E-1;1,706997E-1;1,641736E-1;9,483576E-1;;
02/12/2021  12:47:16,315963;9,490146E-1;1,633724E-1;1,512204E-1;9,484597E-1;;
02/12/2021  12:47:16,316063;9,497954E-1;1,496735E-1;1,341600E-1;9,485594E-1;;
02/12/2021  12:47:16,316163;9,497358E-1;1,063466E-1;1,142563E-1;9,486563E-1;;
02/12/2021  12:47:16,316263;9,507551E-1;1,044351E-1;1,828136E-1;9,487503E-1;;
02/12/2021  12:47:16,316363;9,500309E-1;1,318330E-1;1,287892E-1;9,488415E-1;;
02/12/2021  12:47:16,316463;9,496226E-1;9,615202E-2;9,245700E-2;9,489299E-1;;
02/12/2021  12:47:16,316563;9,503736E-1;1,127182E-1;1,142563E-1;9,490153E-1;;
02/12/2021  12:47:16,316663;9,503259E-1;1,273729E-1;1,278414E-1;9,490977E-1;;
02/12/2021  12:47:16,316763;9,501948E-1;1,636910E-1;1,518522E-1;9,491772E-1;;
02/12/2021  12:47:16,316863;9,499862E-1;1,178155E-1;1,189953E-1;9,492538E-1;;
02/12/2021  12:47:16,316963;9,500398E-1;1,337445E-1;1,512204E-1;9,493274E-1;;
02/12/2021  12:47:16,317063;9,511336E-1;1,267357E-1;1,316326E-1;9,493981E-1;;
02/12/2021  12:47:16,317163;9,505375E-1;1,299215E-1;1,341600E-1;9,494659E-1;;
02/12/2021  12:47:16,317263;9,503289E-1;1,280100E-1;1,344760E-1;9,495311E-1;;
02/12/2021  12:47:16,317363;9,489818E-1;1,487177E-1;1,730197E-1;9,495935E-1;;
02/12/2021  12:47:16,317463;9,492083E-1;1,296029E-1;1,237343E-1;9,496531E-1;;
02/12/2021  12:47:16,317563;9,489997E-1;1,308772E-1;9,814378E-2;9,497097E-1;;
02/12/2021  12:47:16,317663;9,488715E-1;1,308772E-1;1,287892E-1;9,497631E-1;;
02/12/2021  12:47:16,317763;9,484334E-1;1,366117E-1;1,370034E-1;9,498131E-1;;
02/12/2021  12:47:16,317863;9,474112E-1;1,229127E-1;1,297370E-1;9,498594E-1;;
02/12/2021  12:47:16,317963;9,478523E-1;1,241871E-1;1,322644E-1;9,499017E-1;;
02/12/2021  12:47:16,318063;9,482338E-1;1,394789E-1;1,379512E-1;9,499396E-1;;
02/12/2021  12:47:16,318163;9,477241E-1;1,305587E-1;1,284732E-1;9,499730E-1;;
02/12/2021  12:47:16,318263;9,468420E-1;1,088952E-1;1,129926E-1;9,500016E-1;;
02/12/2021  12:47:16,318363;9,459240E-1;1,146297E-1;1,076217E-1;9,500252E-1;;
02/12/2021  12:47:16,318463;9,464843E-1;1,045400E-2;5,359736E-2;9,500433E-1;;
02/12/2021  12:47:16,318563;9,472056E-1;7,002846E-2;9,182514E-2;9,500556E-1;;
02/12/2021  12:47:16,318663;9,461863E-1;1,146297E-1;1,177316E-1;9,500619E-1;;
02/12/2021  12:47:16,318763;9,457690E-1;1,219570E-1;1,265777E-1;9,500621E-1;;
02/12/2021  12:47:16,318863;9,453071E-1;1,289658E-1;1,319485E-1;9,500559E-1;;
02/12/2021  12:47:16,318963;9,458138E-1;1,190898E-1;1,256299E-1;9,500432E-1;;
02/12/2021  12:47:16,319063;9,458644E-1;1,162226E-1;1,092014E-1;9,500237E-1;;
02/12/2021  12:47:16,319163;9,453816E-1;1,184526E-1;9,466852E-2;9,499974E-1;;
02/12/2021  12:47:16,319263;9,453846E-1;1,130368E-1;1,303688E-1;9,499642E-1;;
02/12/2021  12:47:16,319363;9,438050E-1;1,229127E-1;1,297370E-1;9,499242E-1;;
02/12/2021  12:47:16,319463;9,438587E-1;1,222756E-1;1,161519E-1;9,498771E-1;;
02/12/2021  12:47:16,319563;9,442402E-1;1,662396E-1;1,824976E-1;9,498229E-1;;
02/12/2021  12:47:16,319663;9,410184E-1;1,292843E-1;1,287892E-1;9,497612E-1;;
02/12/2021  12:47:16,319763;9,401124E-1;1,311958E-1;1,322644E-1;9,496918E-1;;
02/12/2021  12:47:16,319863;9,388637E-1;1,248242E-1;1,275255E-1;9,496140E-1;;
02/12/2021  12:47:16,319963;9,385806E-1;1,066652E-1;7,286922E-2;9,495270E-1;;
02/12/2021  12:47:16,320063;9,381693E-1;8,723178E-2;8,645429E-2;9,494299E-1;;
02/12/2021  12:47:16,320163;9,379040E-1;1,318330E-1;1,234183E-1;9,493223E-1;;
02/12/2021  12:47:16,320263;9,363126E-1;1,385232E-1;1,584868E-1;9,492033E-1;;
02/12/2021  12:47:16,320363;9,351681E-1;1,210013E-1;1,082536E-1;9,490724E-1;;
02/12/2021  12:47:16,320463;9,358953E-1;1,123996E-1;1,114129E-1;9,489290E-1;;
02/12/2021  12:47:16,320563;9,359817E-1;1,321516E-1;1,546956E-1;9,487723E-1;;
02/12/2021  12:47:16,320663;9,360741E-1;1,302401E-1;1,272095E-1;9,486022E-1;;
02/12/2021  12:47:16,320763;9,351026E-1;1,308772E-1;1,385831E-1;9,484185E-1;;
02/12/2021  12:47:16,320863;9,346615E-1;1,063466E-1;1,268936E-1;9,482211E-1;;
02/12/2021  12:47:16,320963;9,352247E-1;1,213198E-1;1,227865E-1;9,480101E-1;;
02/12/2021  12:47:16,321063;9,360503E-1;1,296029E-1;1,357397E-1;9,477855E-1;;
02/12/2021  12:47:16,321163;9,362857E-1;1,165411E-1;1,196272E-1;9,475479E-1;;
02/12/2021  12:47:16,321263;9,357880E-1;1,168597E-1;1,126766E-1;9,472976E-1;;
02/12/2021  12:47:16,321363;9,350757E-1;9,997498E-2;1,322644E-1;9,470355E-1;;
02/12/2021  12:47:16,321463;9,364318E-1;1,480806E-1;1,809180E-1;9,467622E-1;;
02/12/2021  12:47:16,321563;9,365659E-1;1,260985E-1;1,243661E-1;9,464785E-1;;
02/12/2021  12:47:16,321663;9,357761E-1;1,302401E-1;1,316326E-1;9,461852E-1;;
02/12/2021  12:47:16,321763;9,351145E-1;1,238685E-1;1,281573E-1;9,458833E-1;;
02/12/2021  12:47:16,321863;9,350817E-1;1,127182E-1;1,136244E-1;9,455736E-1;;
02/12/2021  12:47:16,321963;9,357880E-1;1,216384E-1;1,319485E-1;9,452569E-1;;
02/12/2021  12:47:16,322063;9,351651E-1;1,181340E-1;1,218387E-1;9,449340E-1;;
02/12/2021  12:47:16,322163;9,343158E-1;1,181340E-1;1,287892E-1;9,446058E-1;;
02/12/2021  12:47:16,322263;9,331952E-1;1,280100E-1;1,316326E-1;9,442729E-1;;
02/12/2021  12:47:16,322363;9,333263E-1;1,168597E-1;1,025668E-1;9,439360E-1;;
02/12/2021  12:47:16,322463;9,332846E-1;1,178155E-1;1,215227E-1;9,435954E-1;;
02/12/2021  12:47:16,322563;9,331952E-1;1,108067E-1;1,148882E-1;9,432518E-1;;
02/12/2021  12:47:16,322663;9,330402E-1;1,184526E-1;1,237343E-1;9,429056E-1;;
02/12/2021  12:47:16,322763;9,321133E-1;1,031608E-1;1,000394E-1;9,425574E-1;;
02/12/2021  12:47:16,322863;9,316454E-1;1,245056E-1;1,256299E-1;9,422076E-1;;
02/12/2021  12:47:16,322963;9,324918E-1;5,855958E-2;9,087734E-2;9,418565E-1;;
02/12/2021  12:47:16,323063;9,323041E-1;1,232313E-1;1,256299E-1;9,415048E-1;;
02/12/2021  12:47:16,323163;9,316305E-1;1,264171E-1;1,306848E-1;9,411527E-1;;
02/12/2021  12:47:16,323263;9,310970E-1;1,273729E-1;1,202590E-1;9,408009E-1;;
02/12/2021  12:47:16,323363;9,310464E-1;1,276914E-1;1,278414E-1;9,404495E-1;;
02/12/2021  12:47:16,323463;9,319643E-1;1,136739E-1;1,477451E-1;9,400991E-1;;
02/12/2021  12:47:16,323563;9,318242E-1;1,146297E-1;1,218387E-1;9,397500E-1;;
02/12/2021  12:47:16,323663;9,313206E-1;1,267357E-1;1,294210E-1;9,394028E-1;;
02/12/2021  12:47:16,323763;9,308050E-1;1,305587E-1;1,227865E-1;9,390579E-1;;
02/12/2021  12:47:16,323863;9,324680E-1;1,311958E-1;1,259458E-1;9,387158E-1;;
02/12/2021  12:47:16,323963;9,327988E-1;1,168597E-1;1,066739E-1;9,383771E-1;;
02/12/2021  12:47:16,324063;9,330193E-1;9,073616E-2;8,171531E-2;9,380423E-1;;
02/12/2021  12:47:16,324163;9,328167E-1;1,296029E-1;1,341600E-1;9,377124E-1;;
02/12/2021  12:47:16,324263;9,323100E-1;1,149482E-1;1,050943E-1;9,373879E-1;;
02/12/2021  12:47:16,324363;9,328286E-1;7,385142E-2;6,844617E-2;9,370696E-1;;
02/12/2021  12:47:16,324463;9,334604E-1;1,190898E-1;1,284732E-1;9,367579E-1;;
02/12/2021  12:47:16,324563;9,334217E-1;6,907272E-2;8,203124E-2;9,364536E-1;;
02/12/2021  12:47:16,324663;9,319345E-1;1,098510E-1;1,183634E-1;9,361571E-1;;
02/12/2021  12:47:16,324763;9,322146E-1;1,120810E-1;1,092014E-1;9,358690E-1;;
02/12/2021  12:47:16,324863;9,329806E-1;9,678918E-2;1,249980E-1;9,355896E-1;;
02/12/2021  12:47:16,324963;9,329627E-1;1,436204E-1;1,708081E-1;9,353191E-1;;
02/12/2021  12:47:16,325063;9,330134E-1;1,200455E-1;1,249980E-1;9,350579E-1;;
02/12/2021  12:47:16,325163;9,320418E-1;9,774492E-2;6,560278E-2;9,348063E-1;;
02/12/2021  12:47:16,325263;9,315262E-1;1,213198E-1;1,499566E-1;9,345645E-1;;
02/12/2021  12:47:16,325363;9,323279E-1;1,187712E-1;1,199431E-1;9,343325E-1;;
02/12/2021  12:47:16,325463;9,330700E-1;1,372488E-1;1,373193E-1;9,341102E-1;;
02/12/2021  12:47:16,325563;9,331117E-1;1,254614E-1;1,272095E-1;9,338979E-1;;
02/12/2021  12:47:16,325663;9,336601E-1;9,806350E-2;1,025668E-1;9,336956E-1;;
02/12/2021  12:47:16,325763;9,331594E-1;1,168597E-1;1,259458E-1;9,335037E-1;;
02/12/2021  12:47:16,325863;9,356122E-1;1,343816E-1;1,265777E-1;9,333222E-1;;
02/12/2021  12:47:16,325963;9,363334E-1;1,286472E-1;1,291051E-1;9,331516E-1;;
02/12/2021  12:47:16,326063;9,364735E-1;1,206827E-1;1,458495E-1;9,329925E-1;;
02/12/2021  12:47:16,326163;9,360264E-1;1,232313E-1;1,189953E-1;9,328453E-1;;
02/12/2021  12:47:16,326263;9,364735E-1;1,452133E-1;1,433221E-1;9,327107E-1;;
02/12/2021  12:47:16,326363;9,387326E-1;8,978042E-2;7,128955E-2;9,325889E-1;;
02/12/2021  12:47:16,326463;9,389501E-1;1,159040E-1;1,189953E-1;9,324805E-1;;
02/12/2021  12:47:16,326563;9,396773E-1;1,372488E-1;1,474292E-1;9,323861E-1;;
02/12/2021  12:47:16,326663;9,400171E-1;1,251428E-1;1,347919E-1;9,323065E-1;;
02/12/2021  12:47:16,326763;9,405178E-1;1,111253E-1;1,079377E-1;9,322422E-1;;
02/12/2021  12:47:16,326863;9,423655E-1;1,433019E-1;1,401627E-1;9,321937E-1;;
02/12/2021  12:47:16,326963;9,433371E-1;1,270543E-1;1,265777E-1;9,321618E-1;;
02/12/2021  12:47:16,327063;9,433848E-1;1,136739E-1;1,069899E-1;9,321471E-1;;
02/12/2021  12:47:16,327163;9,434504E-1;1,850358E-1;1,780746E-1;9,321503E-1;;
02/12/2021  12:47:16,327263;9,440554E-1;1,238685E-1;1,221546E-1;9,321720E-1;;
02/12/2021  12:47:16,327363;9,456588E-1;1,283286E-1;1,575390E-1;9,322124E-1;;
02/12/2021  12:47:16,327463;9,465797E-1;1,069837E-1;1,088855E-1;9,322722E-1;;
02/12/2021  12:47:16,327563;9,466631E-1;1,356559E-1;1,240502E-1;9,323516E-1;;
02/12/2021  12:47:16,327663;9,468092E-1;1,366117E-1;1,657532E-1;9,324512E-1;;
02/12/2021  12:47:16,327763;9,478851E-1;1,270543E-1;1,243661E-1;9,325712E-1;;
02/12/2021  12:47:16,327863;9,500637E-1;1,034794E-1;1,095173E-1;9,327118E-1;;
02/12/2021  12:47:16,327963;9,503975E-1;1,340630E-1;1,376353E-1;9,328733E-1;;
02/12/2021  12:47:16,328063;9,510293E-1;1,474434E-1;1,360556E-1;9,330561E-1;;
02/12/2021  12:47:16,328163;9,514584E-1;1,104881E-1;1,050943E-1;9,332604E-1;;
02/12/2021  12:47:16,328263;9,525075E-1;1,063466E-1;1,388990E-1;9,334864E-1;;
02/12/2021  12:47:16,328363;9,543791E-1;9,137332E-2;1,104651E-1;9,337342E-1;;
02/12/2021  12:47:16,328463;9,549782E-1;1,197269E-1;1,256299E-1;9,340042E-1;;
02/12/2021  12:47:16,328563;9,555862E-1;1,127182E-1;1,196272E-1;9,342963E-1;;
02/12/2021  12:47:16,328663;9,560094E-1;1,066652E-1;1,107811E-1;9,346109E-1;;
02/12/2021  12:47:16,328763;9,578840E-1;1,324701E-1;1,613302E-1;9,349478E-1;;
02/12/2021  12:47:16,328863;9,597914E-1;1,060280E-1;1,180475E-1;9,353072E-1;;
02/12/2021  12:47:16,328963;9,609060E-1;1,174969E-1;1,221546E-1;9,356893E-1;;
02/12/2021  12:47:16,329063;9,608881E-1;1,028422E-1;1,231024E-1;9,360943E-1;;
02/12/2021  12:47:16,329163;9,609000E-1;8,786894E-2;8,740209E-2;9,365223E-1;;
02/12/2021  12:47:16,329263;9,632217E-1;4,358632E-2;6,402312E-2;9,369732E-1;;
02/12/2021  12:47:16,329363;9,641664E-1;1,203641E-1;1,610142E-1;9,374468E-1;;
02/12/2021  12:47:16,329463;9,649503E-1;1,149482E-1;1,262617E-1;9,379431E-1;;
02/12/2021  12:47:16,329563;9,651887E-1;9,360338E-2;1,202590E-1;9,384620E-1;;
02/12/2021  12:47:16,329663;9,661156E-1;1,012493E-1;1,117289E-1;9,390033E-1;;
02/12/2021  12:47:16,329763;9,677249E-1;1,076209E-1;1,177316E-1;9,395665E-1;;
02/12/2021  12:47:16,329863;9,684670E-1;8,022302E-2;1,104651E-1;9,401514E-1;;
02/12/2021  12:47:16,329963;9,688604E-1;9,455912E-2;1,003553E-1;9,407576E-1;;
02/12/2021  12:47:16,330063;9,691167E-1;1,028422E-1;1,142563E-1;9,413847E-1;;
02/12/2021  12:47:16,330163;9,695489E-1;1,002936E-1;1,673329E-1;9,420320E-1;;
02/12/2021  12:47:16,330263;9,713132E-1;1,238685E-1;1,594346E-1;9,426988E-1;;
02/12/2021  12:47:16,330363;9,715129E-1;1,225942E-1;1,357397E-1;9,433845E-1;;
02/12/2021  12:47:16,330463;9,723474E-1;1,245056E-1;1,325804E-1;9,440883E-1;;
02/12/2021  12:47:16,330563;9,721119E-1;1,397975E-1;1,401627E-1;9,448093E-1;;
02/12/2021  12:47:16,330663;9,717841E-1;1,477620E-1;1,423743E-1;9,455468E-1;;
02/12/2021  12:47:16,330763;9,726275E-1;1,576380E-1;1,449017E-1;9,462994E-1;;
02/12/2021  12:47:16,330863;9,728898E-1;1,732484E-1;1,534319E-1;9,470661E-1;;
02/12/2021  12:47:16,330963;9,724278E-1;1,528593E-1;1,439539E-1;9,478454E-1;;
02/12/2021  12:47:16,331063;9,716500E-1;1,789828E-1;1,610142E-1;9,486360E-1;;
02/12/2021  12:47:16,331163;9,709496E-1;1,589123E-1;1,281573E-1;9,494362E-1;;
02/12/2021  12:47:16,331263;9,715069E-1;1,576380E-1;1,467973E-1;9,502441E-1;;
02/12/2021  12:47:16,331363;9,712536E-1;1,483991E-1;1,499566E-1;9,510579E-1;;
02/12/2021  12:47:16,331463;9,700823E-1;1,334259E-1;1,442698E-1;9,518756E-1;;
02/12/2021  12:47:16,331563;9,695787E-1;1,311958E-1;1,234183E-1;9,526951E-1;;
02/12/2021  12:47:16,331663;9,697903E-1;1,123996E-1;1,208909E-1;9,535144E-1;;
02/12/2021  12:47:16,331763;9,696919E-1;7,417000E-2;1,284732E-1;9,543311E-1;;
02/12/2021  12:47:16,331863;9,698350E-1;1,273729E-1;1,164678E-1;9,551433E-1;;
02/12/2021  12:47:16,331963;9,697277E-1;1,340630E-1;1,268936E-1;9,559489E-1;;
02/12/2021  12:47:16,332063;9,679097E-1;1,114439E-1;8,961361E-2;9,567460E-1;;
02/12/2021  12:47:16,332163;9,678054E-1;1,347002E-1;1,300529E-1;9,575327E-1;;
02/12/2021  12:47:16,332263;9,686190E-1;1,120810E-1;1,818658E-1;9,583068E-1;;
02/12/2021  12:47:16,332363;9,687382E-1;1,136739E-1;1,218387E-1;9,590665E-1;;
02/12/2021  12:47:16,332463;9,676832E-1;1,356559E-1;1,294210E-1;9,598102E-1;;
02/12/2021  12:47:16,332563;9,667712E-1;1,283286E-1;1,328963E-1;9,605363E-1;;
02/12/2021  12:47:16,332663;9,667802E-1;1,174969E-1;1,268936E-1;9,612431E-1;;
02/12/2021  12:47:16,332763;9,672958E-1;1,353374E-1;1,170997E-1;9,619291E-1;;
02/12/2021  12:47:16,332863;9,668547E-1;1,060280E-1;8,108345E-2;9,625928E-1;;
02/12/2021  12:47:16,332963;9,661454E-1;1,461691E-1;1,388990E-1;9,632332E-1;;
02/12/2021  12:47:16,333063;9,649056E-1;1,073023E-1;1,189953E-1;9,638489E-1;;
02/12/2021  12:47:16,333163;9,645598E-1;5,664810E-2;8,961361E-2;9,644389E-1;;
02/12/2021  12:47:16,333263;9,656417E-1;1,385232E-1;1,183634E-1;9,650020E-1;;
02/12/2021  12:47:16,333363;9,645062E-1;1,123996E-1;1,139404E-1;9,655372E-1;;
02/12/2021  12:47:16,333463;9,636508E-1;1,264171E-1;1,316326E-1;9,660438E-1;;
02/12/2021  12:47:16,333563;9,624766E-1;1,047537E-1;1,003553E-1;9,665210E-1;;
02/12/2021  12:47:16,333663;9,632455E-1;7,767438E-2;1,031987E-1;9,669680E-1;;
02/12/2021  12:47:16,333763;9,633081E-1;1,458505E-1;1,660692E-1;9,673843E-1;;
02/12/2021  12:47:16,333863;9,619372E-1;1,296029E-1;1,300529E-1;9,677693E-1;;
02/12/2021  12:47:16,333963;9,614871E-1;6,684266E-2;1,016190E-1;9,681227E-1;;
02/12/2021  12:47:16,334063;9,593473E-1;1,394789E-1;1,430061E-1;9,684443E-1;;
02/12/2021  12:47:16,334163;9,596245E-1;1,404346E-1;1,455336E-1;9,687334E-1;;
02/12/2021  12:47:16,334263;9,594695E-1;1,283286E-1;1,259458E-1;9,689898E-1;;
02/12/2021  12:47:16,334363;9,593115E-1;1,391603E-1;1,354238E-1;9,692133E-1;;
02/12/2021  12:47:16,334463;9,573565E-1;5,792242E-2;9,435259E-2;9,694037E-1;;
02/12/2021  12:47:16,334563;9,565100E-1;1,436204E-1;1,388990E-1;9,695609E-1;;
02/12/2021  12:47:16,334663;9,558633E-1;1,311958E-1;1,313166E-1;9,696849E-1;;
02/12/2021  12:47:16,334763;9,560064E-1;1,302401E-1;1,287892E-1;9,697755E-1;;
02/12/2021  12:47:16,334863;9,548888E-1;1,369303E-1;1,597505E-1;9,698328E-1;;
02/12/2021  12:47:16,334963;9,533807E-1;1,366117E-1;1,398468E-1;9,698569E-1;;
02/12/2021  12:47:16,335063;9,524688E-1;1,407532E-1;1,458495E-1;9,698478E-1;;
02/12/2021  12:47:16,335163;9,528145E-1;1,015679E-1;1,133085E-1;9,698057E-1;;
02/12/2021  12:47:16,335263;9,522125E-1;1,296029E-1;1,253139E-1;9,697308E-1;;
02/12/2021  12:47:16,335363;9,514942E-1;1,369303E-1;1,635417E-1;9,696234E-1;;
02/12/2021  12:47:16,335463;9,494318E-1;1,512664E-1;1,433221E-1;9,694840E-1;;
02/12/2021  12:47:16,335563;9,487046E-1;9,678918E-2;1,152041E-1;9,693130E-1;;
02/12/2021  12:47:16,335663;9,486897E-1;1,181340E-1;1,079377E-1;9,691106E-1;;
02/12/2021  12:47:16,335763;9,475840E-1;1,331073E-1;1,341600E-1;9,688773E-1;;
02/12/2021  12:47:16,335863;9,466661E-1;1,031608E-1;8,171531E-2;9,686136E-1;;
02/12/2021  12:47:16,335963;9,446514E-1;1,047537E-1;1,218387E-1;9,683200E-1;;
02/12/2021  12:47:16,336063;9,435785E-1;1,305587E-1;1,265777E-1;9,679968E-1;;
02/12/2021  12:47:16,336163;9,434116E-1;1,235499E-1;9,593225E-2;9,676443E-1;;
02/12/2021  12:47:16,336263;9,422016E-1;1,347002E-1;1,388990E-1;9,672631E-1;;
02/12/2021  12:47:16,336363;9,409857E-1;1,159040E-1;1,114129E-1;9,668535E-1;;
02/12/2021  12:47:16,336463;9,392482E-1;6,333828E-2;1,196272E-1;9,664159E-1;;
02/12/2021  12:47:16,336563;9,381454E-1;9,615202E-2;1,161519E-1;9,659508E-1;;
02/12/2021  12:47:16,336663;9,373944E-1;1,538150E-1;1,458495E-1;9,654584E-1;;
02/12/2021  12:47:16,336763;9,364854E-1;1,391603E-1;1,287892E-1;9,649392E-1;;
02/12/2021  12:47:16,336863;9,349327E-1;1,356559E-1;1,313166E-1;9,643935E-1;;
02/12/2021  12:47:16,336963;9,325753E-1;1,254614E-1;1,145722E-1;9,638217E-1;;
02/12/2021  12:47:16,337063;9,315798E-1;1,178155E-1;1,572231E-1;9,632241E-1;;
02/12/2021  12:47:16,337163;9,307305E-1;1,493549E-1;1,382671E-1;9,626009E-1;;
02/12/2021  12:47:16,337263;9,295413E-1;1,210013E-1;1,234183E-1;9,619522E-1;;
02/12/2021  12:47:16,337363;9,278157E-1;1,210013E-1;1,253139E-1;9,612785E-1;;
02/12/2021  12:47:16,337463;9,260126E-1;9,041758E-2;1,240502E-1;9,605800E-1;;
02/12/2021  12:47:16,337563;9,248682E-1;2,383436E-2;6,465498E-2;9,598568E-1;;
02/12/2021  12:47:16,337663;9,249278E-1;1,347002E-1;1,310007E-1;9,591092E-1;;
02/12/2021  12:47:16,337763;9,232380E-1;1,260985E-1;1,098333E-1;9,583376E-1;;
02/12/2021  12:47:16,337863;9,213455E-1;1,254614E-1;1,562753E-1;9,575423E-1;;
02/12/2021  12:47:16,337963;9,199477E-1;1,149482E-1;1,259458E-1;9,567238E-1;;
02/12/2021  12:47:16,338063;9,188659E-1;1,448948E-1;1,360556E-1;9,558824E-1;;
02/12/2021  12:47:16,338163;9,185321E-1;1,633724E-1;1,714400E-1;9,550184E-1;;
02/12/2021  12:47:16,338263;9,177840E-1;1,238685E-1;1,164678E-1;9,541325E-1;;
02/12/2021  12:47:16,338363;9,169555E-1;1,439390E-1;1,066739E-1;9,532252E-1;;
02/12/2021  12:47:16,338463;9,157634E-1;1,426647E-1;1,385831E-1;9,522973E-1;;
02/12/2021  12:47:16,338563;9,156323E-1;1,334259E-1;1,281573E-1;9,513497E-1;;
02/12/2021  12:47:16,338663;9,157634E-1;1,082581E-1;1,196272E-1;9,503833E-1;;
02/12/2021  12:47:16,338763;9,153461E-1;1,270543E-1;1,291051E-1;9,493993E-1;;
02/12/2021  12:47:16,338863;9,141749E-1;1,324701E-1;1,291051E-1;9,483991E-1;;
02/12/2021  12:47:16,338963;9,140199E-1;4,740928E-2;7,444887E-2;9,473841E-1;;
02/12/2021  12:47:16,339063;9,141063E-1;1,445762E-1;1,821817E-1;9,463556E-1;;
02/12/2021  12:47:16,339163;9,149796E-1;1,254614E-1;1,215227E-1;9,453154E-1;;
02/12/2021  12:47:16,339263;9,146130E-1;1,452133E-1;1,426902E-1;9,442651E-1;;
02/12/2021  12:47:16,339363;9,137904E-1;1,251428E-1;1,249980E-1;9,432067E-1;;
02/12/2021  12:47:16,339463;9,133940E-1;1,292843E-1;1,174156E-1;9,421421E-1;;
02/12/2021  12:47:16,339563;9,142345E-1;1,280100E-1;1,426902E-1;9,410733E-1;;
02/12/2021  12:47:16,339663;9,142852E-1;1,165411E-1;1,199431E-1;9,400022E-1;;
02/12/2021  12:47:16,339763;9,138471E-1;1,299215E-1;1,354238E-1;9,389309E-1;;
02/12/2021  12:47:16,339863;9,135103E-1;1,423461E-1;1,370034E-1;9,378613E-1;;
02/12/2021  12:47:16,339963;9,127712E-1;3,562182E-2;9,845971E-2;9,367955E-1;;
02/12/2021  12:47:16,340063;9,139424E-1;1,114439E-1;1,186794E-1;9,357353E-1;;
02/12/2021  12:47:16,340163;9,138471E-1;1,264171E-1;1,310007E-1;9,346826E-1;;
02/12/2021  12:47:16,340263;9,141600E-1;1,264171E-1;1,354238E-1;9,336394E-1;;
02/12/2021  12:47:16,340363;9,135073E-1;1,366117E-1;1,483770E-1;9,326074E-1;;
02/12/2021  12:47:16,340463;9,143418E-1;8,659462E-2;1,186794E-1;9,315887E-1;;
02/12/2021  12:47:16,340563;9,143150E-1;1,194084E-1;1,322644E-1;9,305849E-1;;
02/12/2021  12:47:16,340663;9,148455E-1;1,490363E-1;1,426902E-1;9,295978E-1;;
02/12/2021  12:47:16,340763;9,145623E-1;1,286472E-1;1,231024E-1;9,286292E-1;;
02/12/2021  12:47:16,340863;9,143746E-1;1,324701E-1;1,423743E-1;9,276806E-1;;
02/12/2021  12:47:16,340963;9,146428E-1;1,327887E-1;1,332122E-1;9,267536E-1;;
02/12/2021  12:47:16,341063;9,158200E-1;1,299215E-1;1,268936E-1;9,258496E-1;;
02/12/2021  12:47:16,341163;9,159839E-1;1,203641E-1;1,249980E-1;9,249700E-1;;
02/12/2021  12:47:16,341263;9,156978E-1;1,225942E-1;1,208909E-1;9,241161E-1;;
02/12/2021  12:47:16,341363;9,159392E-1;1,254614E-1;1,259458E-1;9,232893E-1;;
02/12/2021  12:47:16,341463;9,160465E-1;9,838208E-2;1,082536E-1;9,224906E-1;;
02/12/2021  12:47:16,341563;9,176559E-1;1,053908E-1;8,550650E-2;9,217211E-1;;
02/12/2021  12:47:16,341663;9,170896E-1;5,919674E-2;5,391329E-2;9,209818E-1;;
02/12/2021  12:47:16,341763;9,169376E-1;1,012493E-1;1,161519E-1;9,202737E-1;;
02/12/2021  12:47:16,341863;9,166307E-1;1,018865E-1;1,328963E-1;9,195974E-1;;
02/12/2021  12:47:16,341963;9,167976E-1;1,085766E-1;1,088855E-1;9,189535E-1;;
02/12/2021  12:47:16,342063;9,180582E-1;1,190898E-1;1,208909E-1;9,183425E-1;;
02/12/2021  12:47:16,342163;9,183980E-1;4,486064E-2;7,571260E-2;9,177646E-1;;
02/12/2021  12:47:16,342263;9,183771E-1;9,965640E-2;1,158360E-1;9,172203E-1;;
02/12/2021  12:47:16,342363;9,188689E-1;6,206396E-2;7,729226E-2;9,167098E-1;;
02/12/2021  12:47:16,342463;9,203769E-1;7,958586E-2;1,088855E-1;9,162334E-1;;
02/12/2021  12:47:16,342563;9,212114E-1;1,270543E-1;1,625939E-1;9,157913E-1;;
02/12/2021  12:47:16,342663;9,218432E-1;9,678918E-2;1,088855E-1;9,153839E-1;;
02/12/2021  12:47:16,342763;9,223528E-1;-1,312092E-2;1,016190E-1;9,150114E-1;;
02/12/2021  12:47:16,342863;9,225436E-1;8,882468E-2;1,047783E-1;9,146741E-1;;
02/12/2021  12:47:16,342963;9,236075E-1;1,002936E-1;1,107811E-1;9,143721E-1;;
02/12/2021  12:47:16,343063;9,243228E-1;9,169190E-2;1,152041E-1;9,141055E-1;;
02/12/2021  12:47:16,343163;9,249308E-1;1,044351E-1;1,205749E-1;9,138743E-1;;
02/12/2021  12:47:16,343263;9,256014E-1;6,333828E-2;9,150920E-2;9,136786E-1;;
02/12/2021  12:47:16,343363;9,262302E-1;1,210013E-1;1,300529E-1;9,135183E-1;;
02/12/2021  12:47:16,343463;9,273568E-1;1,165411E-1;1,205749E-1;9,133933E-1;;
02/12/2021  12:47:16,343563;9,278634E-1;1,149482E-1;1,208909E-1;9,133035E-1;;
02/12/2021  12:47:16,343663;9,287307E-1;2,430174E-1;1,963986E-1;9,132486E-1;;
02/12/2021  12:47:16,343763;9,289184E-1;1,359745E-1;1,300529E-1;9,132285E-1;;
02/12/2021  12:47:16,343863;9,295264E-1;1,665582E-1;1,480610E-1;9,132428E-1;;
02/12/2021  12:47:16,343963;9,313355E-1;1,468062E-1;1,442698E-1;9,132912E-1;;
02/12/2021  12:47:16,344063;9,316901E-1;1,601866E-1;1,493248E-1;9,133732E-1;;
02/12/2021  12:47:16,344163;9,323070E-1;1,369303E-1;1,474292E-1;9,134885E-1;;
02/12/2021  12:47:16,344263;9,329806E-1;1,289658E-1;1,272095E-1;9,136366E-1;;
02/12/2021  12:47:16,344363;9,339820E-1;2,574584E-2;9,403666E-2;9,138170E-1;;
02/12/2021  12:47:16,344463;9,355019E-1;1,276914E-1;1,344760E-1;9,140292E-1;;
02/12/2021  12:47:16,344563;9,362112E-1;1,331073E-1;1,385831E-1;9,142727E-1;;
02/12/2021  12:47:16,344663;9,368937E-1;1,746276E-2;6,212753E-2;9,145470E-1;;
02/12/2021  12:47:16,344763;9,369652E-1;1,442576E-1;1,692285E-1;9,148516E-1;;
02/12/2021  12:47:16,344863;9,384643E-1;1,210013E-1;1,221546E-1;9,151859E-1;;
02/12/2021  12:47:16,344963;9,392392E-1;1,267357E-1;1,742834E-1;9,155492E-1;;
02/12/2021  12:47:16,345063;9,395939E-1;1,184526E-1;1,246821E-1;9,159409E-1;;
02/12/2021  12:47:16,345163;9,399992E-1;3,817046E-2;6,907803E-2;9,163601E-1;;
02/12/2021  12:47:16,345263;9,398830E-1;1,203641E-1;1,246821E-1;9,168060E-1;;
02/12/2021  12:47:16,345363;9,406101E-1;1,117624E-1;1,272095E-1;9,172776E-1;;
02/12/2021  12:47:16,345463;9,416384E-1;1,477620E-1;1,486929E-1;9,177738E-1;;
02/12/2021  12:47:16,345563;9,417546E-1;1,327887E-1;1,385831E-1;9,182936E-1;;
02/12/2021  12:47:16,345663;9,419304E-1;1,034794E-1;1,104651E-1;9,188357E-1;;
02/12/2021  12:47:16,345763;9,416384E-1;1,066652E-1;9,688005E-2;9,193989E-1;;
02/12/2021  12:47:16,345863;9,416682E-1;7,576290E-2;1,281573E-1;9,199818E-1;;
02/12/2021  12:47:16,345963;9,427262E-1;1,063466E-1;1,177316E-1;9,205830E-1;;
02/12/2021  12:47:16,346063;9,435398E-1;1,184526E-1;1,215227E-1;9,212010E-1;;
02/12/2021  12:47:16,346163;9,439093E-1;1,292843E-1;1,262617E-1;9,218343E-1;;
02/12/2021  12:47:16,346263;9,436352E-1;9,519628E-2;9,530039E-2;9,224816E-1;;
02/12/2021  12:47:16,346363;9,448094E-1;4,071910E-2;8,108345E-2;9,231414E-1;;
02/12/2021  12:47:16,346463;9,457422E-1;1,197269E-1;1,202590E-1;9,238126E-1;;
02/12/2021  12:47:16,346563;9,464217E-1;1,092138E-1;1,104651E-1;9,244937E-1;;
02/12/2021  12:47:16,346663;9,459568E-1;1,388417E-1;1,603824E-1;9,251836E-1;;
02/12/2021  12:47:16,346763;9,461028E-1;1,382046E-1;1,388990E-1;9,258812E-1;;
02/12/2021  12:47:16,346863;9,468837E-1;1,321516E-1;1,189953E-1;9,265852E-1;;
02/12/2021  12:47:16,346963;9,479745E-1;1,700626E-1;2,121952E-1;9,272943E-1;;
02/12/2021  12:47:16,347063;9,475721E-1;1,057094E-1;1,073058E-1;9,280075E-1;;
02/12/2021  12:47:16,347163;9,480818E-1;1,229127E-1;1,793383E-1;9,287236E-1;;
02/12/2021  12:47:16,347263;9,473307E-1;1,302401E-1;1,212068E-1;9,294415E-1;;
02/12/2021  12:47:16,347363;9,486361E-1;7,958586E-2;9,498445E-2;9,301600E-1;;
02/12/2021  12:47:16,347463;9,495451E-1;1,143111E-1;1,278414E-1;9,308780E-1;;
02/12/2021  12:47:16,347563;9,498848E-1;1,372488E-1;1,322644E-1;9,315946E-1;;
02/12/2021  12:47:16,347663;9,498044E-1;1,531778E-1;1,445858E-1;9,323088E-1;;
02/12/2021  12:47:16,347763;9,493663E-1;1,773899E-1;1,888163E-1;9,330199E-1;;
02/12/2021  12:47:16,347863;9,509041E-1;1,299215E-1;1,411105E-1;9,337268E-1;;
02/12/2021  12:47:16,347963;9,515985E-1;1,178155E-1;1,272095E-1;9,344289E-1;;
02/12/2021  12:47:16,348063;9,519711E-1;1,264171E-1;1,344760E-1;9,351253E-1;;
02/12/2021  12:47:16,348163;9,525969E-1;1,159040E-1;1,139404E-1;9,358156E-1;;
02/12/2021  12:47:16,348263;9,529188E-1;1,238685E-1;1,212068E-1;9,364993E-1;;
02/12/2021  12:47:16,348363;9,544745E-1;1,347002E-1;1,480610E-1;9,371761E-1;;
02/12/2021  12:47:16,348463;9,552881E-1;1,257800E-1;1,360556E-1;9,378455E-1;;
02/12/2021  12:47:16,348563;9,547159E-1;1,251428E-1;1,398468E-1;9,385076E-1;;
02/12/2021  12:47:16,348663;9,545907E-1;1,229127E-1;1,272095E-1;9,391622E-1;;
02/12/2021  12:47:16,348763;9,548709E-1;9,519628E-2;1,038306E-1;9,398090E-1;;
02/12/2021  12:47:16,348863;9,554103E-1;1,241871E-1;1,234183E-1;9,404478E-1;;
02/12/2021  12:47:16,348963;9,558156E-1;1,426647E-1;1,319485E-1;9,410781E-1;;
02/12/2021  12:47:16,349063;9,550974E-1;1,366117E-1;1,433221E-1;9,416999E-1;;
02/12/2021  12:47:16,349163;9,543762E-1;1,382046E-1;1,505885E-1;9,423127E-1;;
02/12/2021  12:47:16,349263;9,549096E-1;1,260985E-1;1,281573E-1;9,429160E-1;;
02/12/2021  12:47:16,349363;9,553120E-1;1,617795E-1;1,711241E-1;9,435093E-1;;
02/12/2021  12:47:16,349463;9,553388E-1;1,257800E-1;1,265777E-1;9,440922E-1;;
02/12/2021  12:47:16,349563;9,544358E-1;1,280100E-1;1,208909E-1;9,446643E-1;;
02/12/2021  12:47:16,349663;9,530857E-1;1,327887E-1;1,351078E-1;9,452248E-1;;
02/12/2021  12:47:16,349763;9,530708E-1;1,512664E-1;1,455336E-1;9,457733E-1;;
02/12/2021  12:47:16,349863;9,529665E-1;1,190898E-1;1,088855E-1;9,463087E-1;;
02/12/2021  12:47:16,349963;9,526208E-1;1,286472E-1;1,284732E-1;9,468303E-1;;
02/12/2021  12:47:16,350063;9,522244E-1;1,260985E-1;1,186794E-1;9,473374E-1;;
02/12/2021  12:47:16,350163;9,516730E-1;1,302401E-1;1,388990E-1;9,478290E-1;;
02/12/2021  12:47:16,350263;9,523943E-1;1,197269E-1;1,284732E-1;9,483044E-1;;
02/12/2021  12:47:16,350363;9,525015E-1;1,050723E-1;8,582243E-2;9,487630E-1;;
02/12/2021  12:47:16,350463;9,524509E-1;1,350188E-1;1,297370E-1;9,492042E-1;;
02/12/2021  12:47:16,350563;9,511068E-1;1,165411E-1;1,231024E-1;9,496276E-1;;
02/12/2021  12:47:16,350663;9,515061E-1;1,311958E-1;1,303688E-1;9,500327E-1;;
02/12/2021  12:47:16,350763;9,517565E-1;1,136739E-1;1,202590E-1;9,504190E-1;;
02/12/2021  12:47:16,350863;9,524151E-1;1,248242E-1;1,120448E-1;9,507863E-1;;
02/12/2021  12:47:16,350963;9,518429E-1;1,206827E-1;1,237343E-1;9,511343E-1;;
02/12/2021  12:47:16,351063;9,516462E-1;1,394789E-1;1,373193E-1;9,514631E-1;;
02/12/2021  12:47:16,351163;9,512409E-1;1,433019E-1;1,347919E-1;9,517725E-1;;
02/12/2021  12:47:16,351263;9,517684E-1;1,289658E-1;1,335282E-1;9,520626E-1;;
02/12/2021  12:47:16,351363;9,521648E-1;2,060621E-1;2,381017E-1;9,523333E-1;;
02/12/2021  12:47:16,351463;9,513899E-1;1,366117E-1;1,328963E-1;9,525849E-1;;
02/12/2021  12:47:16,351563;9,513422E-1;1,366117E-1;1,035146E-1;9,528176E-1;;
02/12/2021  12:47:16,351663;9,500905E-1;1,302401E-1;1,335282E-1;9,530316E-1;;
02/12/2021  12:47:16,351763;9,501739E-1;1,203641E-1;1,294210E-1;9,532270E-1;;
02/12/2021  12:47:16,351863;9,502484E-1;1,413904E-1;1,467973E-1;9,534039E-1;;
02/12/2021  12:47:16,351963;9,497895E-1;1,267357E-1;1,300529E-1;9,535623E-1;;
02/12/2021  12:47:16,352063;9,487792E-1;1,385232E-1;1,442698E-1;9,537026E-1;;
02/12/2021  12:47:16,352163;9,489908E-1;1,340630E-1;1,335282E-1;9,538247E-1;;
02/12/2021  12:47:16,352263;9,492947E-1;1,219570E-1;1,158360E-1;9,539288E-1;;
02/12/2021  12:47:16,352363;9,489997E-1;1,292843E-1;1,332122E-1;9,540152E-1;;
02/12/2021  12:47:16,352463;9,492798E-1;1,448948E-1;1,373193E-1;9,540842E-1;;
02/12/2021  12:47:16,352563;9,483410E-1;1,426647E-1;1,335282E-1;9,541362E-1;;
02/12/2021  12:47:16,352663;9,474261E-1;7,257710E-2;6,528685E-2;9,541714E-1;;
02/12/2021  12:47:16,352763;9,483828E-1;1,410718E-1;1,351078E-1;9,541903E-1;;
02/12/2021  12:47:16,352863;9,485288E-1;1,321516E-1;1,328963E-1;9,541932E-1;;
02/12/2021  12:47:16,352963;9,479596E-1;1,318330E-1;1,328963E-1;9,541805E-1;;
02/12/2021  12:47:16,353063;9,469910E-1;1,299215E-1;1,287892E-1;9,541528E-1;;
02/12/2021  12:47:16,353163;9,466870E-1;1,302401E-1;1,354238E-1;9,541106E-1;;
02/12/2021  12:47:16,353263;9,476556E-1;1,458505E-1;1,351078E-1;9,540541E-1;;
02/12/2021  12:47:16,353363;9,470238E-1;1,280100E-1;1,313166E-1;9,539839E-1;;
02/12/2021  12:47:16,353463;9,465141E-1;1,337445E-1;1,373193E-1;9,539005E-1;;
02/12/2021  12:47:16,353563;9,457333E-1;1,194084E-1;1,692285E-1;9,538045E-1;;
02/12/2021  12:47:16,353663;9,451044E-1;1,496735E-1;1,351078E-1;9,536961E-1;;
02/12/2021  12:47:16,353763;9,452922E-1;1,522221E-1;1,044624E-1;9,535759E-1;;
02/12/2021  12:47:16,353863;9,458167E-1;1,503106E-1;1,379512E-1;9,534440E-1;;
02/12/2021  12:47:16,353963;9,447945E-1;1,417090E-1;1,385831E-1;9,533011E-1;;
02/12/2021  12:47:16,354063;9,447855E-1;1,229127E-1;1,382671E-1;9,531474E-1;;
02/12/2021  12:47:16,354163;9,453309E-1;1,305587E-1;1,347919E-1;9,529837E-1;;
02/12/2021  12:47:16,354263;9,455366E-1;1,082581E-1;1,009872E-1;9,528103E-1;;
02/12/2021  12:47:16,354363;9,453935E-1;1,171783E-1;1,170997E-1;9,526280E-1;;
02/12/2021  12:47:16,354463;9,447915E-1;1,028422E-1;1,148882E-1;9,524374E-1;;
02/12/2021  12:47:16,354563;9,443802E-1;1,159040E-1;1,054102E-1;9,522392E-1;;
02/12/2021  12:47:16,354663;9,445620E-1;1,225942E-1;1,126766E-1;9,520340E-1;;
02/12/2021  12:47:16,354763;9,460134E-1;1,302401E-1;1,259458E-1;9,518224E-1;;
02/12/2021  12:47:16,354863;9,454293E-1;1,028422E-1;1,107811E-1;9,516051E-1;;
02/12/2021  12:47:16,354963;9,449167E-1;1,197269E-1;1,268936E-1;9,513831E-1;;
02/12/2021  12:47:16,355063;9,444309E-1;9,774492E-2;1,088855E-1;9,511569E-1;;
02/12/2021  12:47:16,355163;9,446008E-1;9,264764E-2;7,002583E-2;9,509273E-1;;
02/12/2021  12:47:16,355263;9,447736E-1;1,092138E-1;1,101492E-1;9,506949E-1;;
02/12/2021  12:47:16,355363;9,449107E-1;8,404598E-2;6,402312E-2;9,504603E-1;;
02/12/2021  12:47:16,355463;9,440464E-1;1,159040E-1;1,278414E-1;9,502241E-1;;
02/12/2021  12:47:16,355563;9,432596E-1;1,098510E-1;1,237343E-1;9,499868E-1;;
02/12/2021  12:47:16,355663;9,436024E-1;9,678918E-2;1,085695E-1;9,497490E-1;;
02/12/2021  12:47:16,355763;9,431851E-1;9,838208E-2;1,227865E-1;9,495109E-1;;
02/12/2021  12:47:16,355863;9,430629E-1;1,085766E-1;1,092014E-1;9,492729E-1;;
02/12/2021  12:47:16,355963;9,422642E-1;1,063466E-1;1,174156E-1;9,490352E-1;;
02/12/2021  12:47:16,356063;9,410840E-1;1,076209E-1;1,268936E-1;9,487981E-1;;
02/12/2021  12:47:16,356163;9,423953E-1;9,201048E-2;1,332122E-1;9,485615E-1;;
02/12/2021  12:47:16,356263;9,421092E-1;1,174969E-1;1,430061E-1;9,483257E-1;;
02/12/2021  12:47:16,356363;9,415340E-1;1,248242E-1;1,347919E-1;9,480907E-1;;
02/12/2021  12:47:16,356463;9,414536E-1;1,149482E-1;1,268936E-1;9,478567E-1;;
02/12/2021  12:47:16,356563;9,408158E-1;3,608920E-1;2,908623E-1;9,476239E-1;;
02/12/2021  12:47:16,356663;9,412390E-1;1,777085E-1;1,534319E-1;9,473922E-1;;
02/12/2021  12:47:16,356763;9,419215E-1;1,697440E-1;1,509044E-1;9,471618E-1;;
02/12/2021  12:47:16,356863;9,409827E-1;1,471248E-1;1,316326E-1;9,469330E-1;;
02/12/2021  12:47:16,356963;9,402972E-1;1,579565E-1;1,366875E-1;9,467057E-1;;
02/12/2021  12:47:16,357063;9,404283E-1;1,576380E-1;1,335282E-1;9,464803E-1;;
02/12/2021  12:47:16,357163;9,415340E-1;1,808943E-1;1,850251E-1;9,462566E-1;;
02/12/2021  12:47:16,357263;9,410542E-1;1,636910E-1;1,537478E-1;9,460349E-1;;
02/12/2021  12:47:16,357363;9,404313E-1;1,729298E-1;1,907119E-1;9,458154E-1;;
02/12/2021  12:47:16,357463;9,393346E-1;1,566822E-1;1,502726E-1;9,455983E-1;;
02/12/2021  12:47:16,357563;9,394061E-1;1,372488E-1;1,483770E-1;9,453836E-1;;
02/12/2021  12:47:16,357663;9,399843E-1;1,187712E-1;1,107811E-1;9,451711E-1;;
02/12/2021  12:47:16,357763;9,399634E-1;1,283286E-1;1,272095E-1;9,449609E-1;;
02/12/2021  12:47:16,357863;9,401631E-1;1,155854E-1;1,297370E-1;9,447531E-1;;
02/12/2021  12:47:16,357963;9,401154E-1;1,296029E-1;1,085695E-1;9,445478E-1;;
02/12/2021  12:47:16,358063;9,406578E-1;1,372488E-1;1,332122E-1;9,443452E-1;;
02/12/2021  12:47:16,358163;9,410900E-1;1,509478E-1;1,477451E-1;9,441455E-1;;
02/12/2021  12:47:16,358263;9,419364E-1;1,130368E-1;1,174156E-1;9,439492E-1;;
02/12/2021  12:47:16,358363;9,414774E-1;7,321426E-2;7,128955E-2;9,437566E-1;;
02/12/2021  12:47:16,358463;9,407651E-1;1,372488E-1;1,569071E-1;9,435682E-1;;
02/12/2021  12:47:16,358563;9,414148E-1;1,356559E-1;2,140908E-1;9,433844E-1;;
02/12/2021  12:47:16,358663;9,423387E-1;6,365686E-2;5,896821E-2;9,432054E-1;;
02/12/2021  12:47:16,358763;9,414893E-1;1,200455E-1;1,237343E-1;9,430317E-1;;
02/12/2021  12:47:16,358863;9,416324E-1;1,311958E-1;1,246821E-1;9,428636E-1;;
02/12/2021  12:47:16,358963;9,409261E-1;1,350188E-1;1,284732E-1;9,427013E-1;;
02/12/2021  12:47:16,359063;9,414208E-1;1,257800E-1;1,221546E-1;9,425451E-1;;
02/12/2021  12:47:16,359163;9,415728E-1;3,339176E-2;1,442179E-2;9,423951E-1;;
02/12/2021  12:47:16,359263;9,404254E-1;1,101695E-1;1,268936E-1;9,422513E-1;;
02/12/2021  12:47:16,359363;9,398591E-1;1,369303E-1;1,407946E-1;9,421138E-1;;
02/12/2021  12:47:16,359463;9,384852E-1;1,305587E-1;1,253139E-1;9,419824E-1;;
02/12/2021  12:47:16,359563;9,385835E-1;5,250656E-2;7,444887E-2;9,418567E-1;;
02/12/2021  12:47:16,359663;9,380113E-1;9,615202E-2;8,803395E-2;9,417362E-1;;
02/12/2021  12:47:16,359763;9,379219E-1;1,391603E-1;1,398468E-1;9,416203E-1;;
02/12/2021  12:47:16,359863;9,368997E-1;1,327887E-1;1,357397E-1;9,415084E-1;;
02/12/2021  12:47:16,359963;9,360413E-1;1,270543E-1;1,262617E-1;9,414000E-1;;
02/12/2021  12:47:16,360063;9,356718E-1;1,286472E-1;1,480610E-1;9,412943E-1;;
02/12/2021  12:47:16,360163;9,352396E-1;1,458505E-1;1,392149E-1;9,411905E-1;;
02/12/2021  12:47:16,360263;9,348552E-1;1,433019E-1;1,360556E-1;9,410877E-1;;
02/12/2021  12:47:16,360363;9,339313E-1;1,356559E-1;2,030332E-1;9,409852E-1;;
02/12/2021  12:47:16,360463;9,329806E-1;1,264171E-1;1,231024E-1;9,408822E-1;;
02/12/2021  12:47:16,360563;9,331803E-1;1,200455E-1;1,237343E-1;9,407778E-1;;
02/12/2021  12:47:16,360663;9,330193E-1;1,283286E-1;1,417424E-1;9,406710E-1;;
02/12/2021  12:47:16,360763;9,324531E-1;1,232313E-1;1,278414E-1;9,405613E-1;;
02/12/2021  12:47:16,360863;9,315500E-1;1,073023E-1;1,167838E-1;9,404478E-1;;
02/12/2021  12:47:16,360963;9,306589E-1;1,203641E-1;1,215227E-1;9,403299E-1;;
02/12/2021  12:47:16,361063;9,314338E-1;9,615202E-2;1,019350E-1;9,402069E-1;;
02/12/2021  12:47:16,361163;9,311626E-1;1,235499E-1;1,325804E-1;9,400782E-1;;
02/12/2021  12:47:16,361263;9,305934E-1;1,203641E-1;1,268936E-1;9,399432E-1;;
02/12/2021  12:47:16,361363;9,291896E-1;1,216384E-1;1,218387E-1;9,398016E-1;;
02/12/2021  12:47:16,361463;9,282538E-1;1,439390E-1;1,496407E-1;9,396528E-1;;
02/12/2021  12:47:16,361563;9,281048E-1;1,359745E-1;1,562753E-1;9,394963E-1;;
02/12/2021  12:47:16,361663;9,285101E-1;1,267357E-1;1,256299E-1;9,393316E-1;;
02/12/2021  12:47:16,361763;9,283254E-1;1,069837E-1;1,227865E-1;9,391581E-1;;
02/12/2021  12:47:16,361863;9,275296E-1;1,331073E-1;1,284732E-1;9,389758E-1;;
02/12/2021  12:47:16,361963;9,273776E-1;1,362931E-1;1,310007E-1;9,387844E-1;;
02/12/2021  12:47:16,362063;9,282359E-1;1,257800E-1;1,310007E-1;9,385837E-1;;
02/12/2021  12:47:16,362163;9,280750E-1;1,187712E-1;1,278414E-1;9,383739E-1;;
02/12/2021  12:47:16,362263;9,282717E-1;1,260985E-1;1,310007E-1;9,381550E-1;;
02/12/2021  12:47:16,362363;9,266027E-1;1,155854E-1;1,167838E-1;9,379275E-1;;
02/12/2021  12:47:16,362463;9,266862E-1;1,047537E-1;1,136244E-1;9,376916E-1;;
02/12/2021  12:47:16,362563;9,276458E-1;1,528593E-1;2,027173E-1;9,374474E-1;;
02/12/2021  12:47:16,362663;9,278038E-1;1,190898E-1;1,262617E-1;9,371954E-1;;
02/12/2021  12:47:16,362763;9,272614E-1;1,139925E-1;1,107811E-1;9,369360E-1;;
02/12/2021  12:47:16,362863;9,267965E-1;1,289658E-1;1,344760E-1;9,366699E-1;;
02/12/2021  12:47:16,362963;9,270796E-1;1,375674E-1;1,310007E-1;9,363974E-1;;
02/12/2021  12:47:16,363063;9,280780E-1;1,292843E-1;1,344760E-1;9,361193E-1;;
02/12/2021  12:47:16,363163;9,279141E-1;9,838208E-2;1,196272E-1;9,358361E-1;;
02/12/2021  12:47:16,363263;9,272852E-1;1,280100E-1;1,294210E-1;9,355487E-1;;
02/12/2021  12:47:16,363363;9,261289E-1;9,328480E-2;8,771802E-2;9,352579E-1;;
02/12/2021  12:47:16,363463;9,259202E-1;1,139925E-1;1,167838E-1;9,349640E-1;;
02/12/2021  12:47:16,363563;9,269365E-1;1,276914E-1;1,436380E-1;9,346677E-1;;
02/12/2021  12:47:16,363663;9,265670E-1;1,369303E-1;1,401627E-1;9,343695E-1;;
02/12/2021  12:47:16,363763;9,256103E-1;1,522221E-1;1,426902E-1;9,340699E-1;;
02/12/2021  12:47:16,363863;9,248593E-1;1,190898E-1;1,291051E-1;9,337693E-1;;
02/12/2021  12:47:16,363963;9,252586E-1;7,735580E-2;7,223735E-2;9,334683E-1;;
02/12/2021  12:47:16,364063;9,258100E-1;1,276914E-1;1,202590E-1;9,331670E-1;;
02/12/2021  12:47:16,364163;9,254196E-1;1,305587E-1;1,202590E-1;9,328660E-1;;
02/12/2021  12:47:16,364263;9,247818E-1;1,292843E-1;1,240502E-1;9,325656E-1;;
02/12/2021  12:47:16,364363;9,242721E-1;1,206827E-1;1,148882E-1;9,322662E-1;;
02/12/2021  12:47:16,364463;9,247281E-1;1,257800E-1;1,079377E-1;9,319682E-1;;
02/12/2021  12:47:16,364563;9,260901E-1;1,101695E-1;1,047783E-1;9,316719E-1;;
02/12/2021  12:47:16,364663;9,255894E-1;1,104881E-1;9,593225E-2;9,313776E-1;;
02/12/2021  12:47:16,364763;9,252080E-1;9,870066E-2;1,136244E-1;9,310861E-1;;
02/12/2021  12:47:16,364863;9,246983E-1;1,009307E-1;1,057261E-1;9,307978E-1;;
02/12/2021  12:47:16,364963;9,261229E-1;1,152668E-1;1,262617E-1;9,305130E-1;;
02/12/2021  12:47:16,365063;9,266415E-1;1,289658E-1;1,442698E-1;9,302324E-1;;
02/12/2021  12:47:16,365163;9,266385E-1;1,260985E-1;1,164678E-1;9,299564E-1;;
02/12/2021  12:47:16,365263;9,262093E-1;1,194084E-1;1,243661E-1;9,296859E-1;;
02/12/2021  12:47:16,365363;9,261557E-1;6,843556E-2;1,170997E-1;9,294213E-1;;
02/12/2021  12:47:16,365463;9,278604E-1;1,534964E-1;1,543797E-1;9,291632E-1;;
02/12/2021  12:47:16,365563;9,280214E-1;1,260985E-1;1,300529E-1;9,289122E-1;;
02/12/2021  12:47:16,365663;9,283999E-1;1,178155E-1;1,218387E-1;9,286690E-1;;
02/12/2021  12:47:16,365763;9,280512E-1;1,184526E-1;1,129926E-1;9,284344E-1;;
02/12/2021  12:47:16,365863;9,279767E-1;1,429833E-1;1,376353E-1;9,282091E-1;;
02/12/2021  12:47:16,365963;9,296307E-1;1,442576E-1;1,606983E-1;9,279935E-1;;
02/12/2021  12:47:16,366063;9,306083E-1;1,283286E-1;1,341600E-1;9,277883E-1;;
02/12/2021  12:47:16,366163;9,303222E-1;1,232313E-1;1,344760E-1;9,275943E-1;;
02/12/2021  12:47:16,366263;9,299675E-1;1,245056E-1;1,278414E-1;9,274122E-1;;
02/12/2021  12:47:16,366363;9,299317E-1;1,267357E-1;1,136244E-1;9,272425E-1;;
02/12/2021  12:47:16,366463;9,310255E-1;1,088952E-1;9,624818E-2;9,270858E-1;;
02/12/2021  12:47:16,366563;9,306917E-1;1,311958E-1;1,082536E-1;9,269424E-1;;
02/12/2021  12:47:16,366663;9,310881E-1;1,296029E-1;1,392149E-1;9,268127E-1;;
02/12/2021  12:47:16,366763;9,310046E-1;1,305587E-1;1,322644E-1;9,266969E-1;;
02/12/2021  12:47:16,366863;9,315053E-1;1,203641E-1;1,170997E-1;9,265953E-1;;
02/12/2021  12:47:16,366963;9,328971E-1;9,965640E-2;1,388990E-1;9,265081E-1;;
02/12/2021  12:47:16,367063;9,330700E-1;1,053908E-1;1,155200E-1;9,264356E-1;;
02/12/2021  12:47:16,367163;9,326885E-1;1,162226E-1;1,126766E-1;9,263779E-1;;
02/12/2021  12:47:16,367263;9,324441E-1;1,108067E-1;1,256299E-1;9,263353E-1;;
02/12/2021  12:47:16,367363;9,327511E-1;9,965640E-2;1,148882E-1;9,263078E-1;;
02/12/2021  12:47:16,367463;9,336392E-1;6,588692E-2;7,160549E-2;9,262953E-1;;
02/12/2021  12:47:16,367563;9,343545E-1;1,130368E-1;1,224705E-1;9,262978E-1;;
02/12/2021  12:47:16,367663;9,346704E-1;1,229127E-1;1,224705E-1;9,263152E-1;;
02/12/2021  12:47:16,367763;9,337942E-1;5,983390E-2;1,221546E-1;9,263474E-1;;
02/12/2021  12:47:16,367863;9,346436E-1;8,850610E-2;1,092014E-1;9,263945E-1;;
02/12/2021  12:47:16,367963;9,361695E-1;3,657756E-2;4,506720E-2;9,264561E-1;;
02/12/2021  12:47:16,368063;9,365927E-1;1,009307E-1;1,170997E-1;9,265322E-1;;
02/12/2021  12:47:16,368163;9,365271E-1;9,455912E-2;1,035146E-1;9,266228E-1;;
02/12/2021  12:47:16,368263;9,363453E-1;1,006121E-1;1,076217E-1;9,267277E-1;;
02/12/2021  12:47:16,368363;9,371381E-1;6,047106E-2;9,814378E-2;9,268469E-1;;
02/12/2021  12:47:16,368463;9,385627E-1;1,092138E-1;1,316326E-1;9,269801E-1;;
02/12/2021  12:47:16,368563;9,393525E-1;1,037979E-1;1,183634E-1;9,271272E-1;;
02/12/2021  12:47:16,368663;9,392690E-1;9,360338E-2;1,050943E-1;9,272882E-1;;
02/12/2021  12:47:16,368763;9,392839E-1;7,767438E-2;1,013031E-1;9,274631E-1;;
02/12/2021  12:47:16,368863;9,409588E-1;1,656025E-1;1,673329E-1;9,276518E-1;;
02/12/2021  12:47:16,368963;9,420079E-1;1,159040E-1;1,284732E-1;9,278542E-1;;
02/12/2021  12:47:16,369063;9,421867E-1;1,174969E-1;1,249980E-1;9,280703E-1;;
02/12/2021  12:47:16,369163;9,424877E-1;9,965640E-2;1,281573E-1;9,283002E-1;;
02/12/2021  12:47:16,369263;9,420616E-1;1,194084E-1;1,360556E-1;9,285439E-1;;
02/12/2021  12:47:16,369363;9,433967E-1;1,388417E-1;1,414265E-1;9,288011E-1;;
02/12/2021  12:47:16,369463;9,441984E-1;1,334259E-1;1,505885E-1;9,290717E-1;;
02/12/2021  12:47:16,369563;9,445650E-1;1,503106E-1;1,407946E-1;9,293555E-1;;
02/12/2021  12:47:16,369663;9,444130E-1;1,691068E-1;1,569071E-1;9,296524E-1;;
02/12/2021  12:47:16,369763;9,445888E-1;1,786642E-1;1,578549E-1;9,299621E-1;;
02/12/2021  12:47:16,369863;9,464366E-1;1,726112E-1;1,486929E-1;9,302842E-1;;
02/12/2021  12:47:16,369963;9,479685E-1;1,681511E-1;1,676488E-1;9,306186E-1;;
02/12/2021  12:47:16,370063;9,481384E-1;1,671954E-1;1,569071E-1;9,309652E-1;;
02/12/2021  12:47:16,370163;9,478225E-1;1,385232E-1;1,445858E-1;9,313239E-1;;
02/12/2021  12:47:16,370263;9,486450E-1;1,598680E-1;1,793383E-1;9,316946E-1;;
02/12/2021  12:47:16,370363;9,500368E-1;1,362931E-1;1,528000E-1;9,320770E-1;;
02/12/2021  12:47:16,370463;9,509279E-1;1,280100E-1;1,243661E-1;9,324711E-1;;
02/12/2021  12:47:16,370563;9,514137E-1;1,238685E-1;1,253139E-1;9,328767E-1;;
02/12/2021  12:47:16,370663;9,515866E-1;1,407532E-1;1,385831E-1;9,332938E-1;;
02/12/2021  12:47:16,370763;9,515955E-1;1,407532E-1;1,341600E-1;9,337221E-1;;
02/12/2021  12:47:16,370863;9,535268E-1;1,069837E-1;1,758630E-1;9,341615E-1;;
02/12/2021  12:47:16,370963;9,541109E-1;1,251428E-1;1,227865E-1;9,346118E-1;;
02/12/2021  12:47:16,371063;9,540453E-1;1,235499E-1;1,284732E-1;9,350727E-1;;
02/12/2021  12:47:16,371163;9,530559E-1;1,318330E-1;1,338441E-1;9,355441E-1;;
02/12/2021  12:47:16,371263;9,529486E-1;1,308772E-1;1,480610E-1;9,360254E-1;;
02/12/2021  12:47:16,371363;9,545669E-1;1,423461E-1;1,404787E-1;9,365161E-1;;
02/12/2021  12:47:16,371463;9,546325E-1;1,448948E-1;1,344760E-1;9,370154E-1;;
02/12/2021  12:47:16,371563;9,545520E-1;2,192288E-2;7,918786E-2;9,375227E-1;;
02/12/2021  12:47:16,371663;9,539231E-1;1,251428E-1;1,461654E-1;9,380374E-1;;
02/12/2021  12:47:16,371763;9,532615E-1;1,257800E-1;1,303688E-1;9,385586E-1;;
02/12/2021  12:47:16,371863;9,550557E-1;1,343816E-1;1,379512E-1;9,390852E-1;;
02/12/2021  12:47:16,371963;9,548858E-1;1,417090E-1;1,388990E-1;9,396164E-1;;
02/12/2021  12:47:16,372063;9,547934E-1;1,452133E-1;1,366875E-1;9,401511E-1;;
02/12/2021  12:47:16,372163;9,546861E-1;1,018865E-1;8,076751E-2;9,406886E-1;;
02/12/2021  12:47:16,372263;9,545550E-1;1,216384E-1;1,243661E-1;9,412279E-1;;
02/12/2021  12:47:16,372363;9,554789E-1;1,442576E-1;1,632258E-1;9,417679E-1;;
02/12/2021  12:47:16,372463;9,558425E-1;1,334259E-1;1,322644E-1;9,423078E-1;;
02/12/2021  12:47:16,372563;9,549961E-1;1,296029E-1;1,278414E-1;9,428466E-1;;
02/12/2021  12:47:16,372663;9,550259E-1;1,267357E-1;1,313166E-1;9,433835E-1;;
02/12/2021  12:47:16,372763;9,558305E-1;1,327887E-1;1,322644E-1;9,439175E-1;;
02/12/2021  12:47:16,372863;9,565249E-1;1,445762E-1;1,259458E-1;9,444478E-1;;
02/12/2021  12:47:16,372963;9,564445E-1;1,219570E-1;1,120448E-1;9,449737E-1;;
02/12/2021  12:47:16,373063;9,555295E-1;1,232313E-1;1,249980E-1;9,454944E-1;;
02/12/2021  12:47:16,373163;9,545580E-1;1,117624E-1;1,256299E-1;9,460093E-1;;
02/12/2021  12:47:16,373263;9,554312E-1;1,308772E-1;1,161519E-1;9,465173E-1;;
02/12/2021  12:47:16,373363;9,560481E-1;8,978042E-2;8,045158E-2;9,470177E-1;;
02/12/2021  12:47:16,373463;9,554014E-1;1,178155E-1;1,076217E-1;9,475096E-1;;
02/12/2021  12:47:16,373563;9,553000E-1;1,362931E-1;1,325804E-1;9,479924E-1;;
02/12/2021  12:47:16,373663;9,547010E-1;1,305587E-1;1,347919E-1;9,484653E-1;;
02/12/2021  12:47:16,373763;9,553358E-1;1,506292E-1;1,534319E-1;9,489276E-1;;
02/12/2021  12:47:16,373863;9,553358E-1;1,362931E-1;1,584868E-1;9,493786E-1;;
02/12/2021  12:47:16,373963;9,557620E-1;1,283286E-1;1,319485E-1;9,498177E-1;;
02/12/2021  12:47:16,374063;9,553924E-1;1,222756E-1;1,038306E-1;9,502444E-1;;
02/12/2021  12:47:16,374163;9,551749E-1;5,059508E-2;1,313166E-1;9,506584E-1;;
02/12/2021  12:47:16,374263;9,559945E-1;1,525407E-1;1,385831E-1;9,510592E-1;;
02/12/2021  12:47:16,374363;9,563581E-1;1,241871E-1;1,300529E-1;9,514465E-1;;
02/12/2021  12:47:16,374463;9,564922E-1;1,372488E-1;1,351078E-1;9,518202E-1;;
02/12/2021  12:47:16,374563;9,561673E-1;1,165411E-1;1,095173E-1;9,521801E-1;;
02/12/2021  12:47:16,374663;9,561375E-1;1,334259E-1;1,291051E-1;9,525263E-1;;
02/12/2021  12:47:16,374763;9,565756E-1;1,232313E-1;1,572231E-1;9,528588E-1;;
02/12/2021  12:47:16,374863;9,572939E-1;1,098510E-1;1,148882E-1;9,531774E-1;;
02/12/2021  12:47:16,374963;9,566978E-1;1,343816E-1;1,550115E-1;9,534825E-1;;
02/12/2021  12:47:16,375063;9,558872E-1;1,305587E-1;1,325804E-1;9,537741E-1;;
02/12/2021  12:47:16,375163;9,558991E-1;3,689614E-2;7,634447E-2;9,540523E-1;;
02/12/2021  12:47:16,375263;9,563521E-1;4,517922E-2;8,550650E-2;9,543172E-1;;
02/12/2021  12:47:16,375363;9,565100E-1;1,296029E-1;1,306848E-1;9,545688E-1;;
02/12/2021  12:47:16,375463;9,564326E-1;1,534964E-1;1,654373E-1;9,548072E-1;;
02/12/2021  12:47:16,375563;9,555981E-1;1,378860E-1;1,376353E-1;9,550326E-1;;
02/12/2021  12:47:16,375663;9,555802E-1;1,257800E-1;1,148882E-1;9,552452E-1;;
02/12/2021  12:47:16,375763;9,569690E-1;1,238685E-1;1,234183E-1;9,554450E-1;;
02/12/2021  12:47:16,375863;9,575561E-1;1,404346E-1;1,360556E-1;9,556323E-1;;
02/12/2021  12:47:16,375963;9,569392E-1;1,512664E-1;1,490088E-1;9,558076E-1;;
02/12/2021  12:47:16,376063;9,564147E-1;1,691068E-1;1,843932E-1;9,559712E-1;;
02/12/2021  12:47:16,376163;9,565965E-1;1,436204E-1;1,347919E-1;9,561236E-1;;
02/12/2021  12:47:16,376263;9,572700E-1;6,047106E-2;1,047783E-1;9,562651E-1;;
02/12/2021  12:47:16,376363;9,569213E-1;1,420275E-1;1,398468E-1;9,563961E-1;;
02/12/2021  12:47:16,376463;9,567336E-1;5,728526E-2;8,929768E-2;9,565169E-1;;
02/12/2021  12:47:16,376563;9,555534E-1;5,887816E-2;8,898175E-2;9,566281E-1;;
02/12/2021  12:47:16,376663;9,555087E-1;7,926728E-2;9,656411E-2;9,567297E-1;;
02/12/2021  12:47:16,376763;9,556815E-1;1,347002E-1;1,060421E-1;9,568220E-1;;
02/12/2021  12:47:16,376863;9,554103E-1;1,299215E-1;1,262617E-1;9,569051E-1;;
02/12/2021  12:47:16,376963;9,540096E-1;1,350188E-1;1,341600E-1;9,569790E-1;;
02/12/2021  12:47:16,377063;9,523138E-1;1,225942E-1;1,123607E-1;9,570438E-1;;
02/12/2021  12:47:16,377163;9,520962E-1;1,248242E-1;1,202590E-1;9,570992E-1;;
02/12/2021  12:47:16,377263;9,518429E-1;8,595746E-2;7,634447E-2;9,571448E-1;;
02/12/2021  12:47:16,377363;9,510770E-1;1,184526E-1;1,218387E-1;9,571802E-1;;
02/12/2021  12:47:16,377463;9,496256E-1;1,108067E-1;1,221546E-1;9,572050E-1;;
02/12/2021  12:47:16,377563;9,491189E-1;1,203641E-1;1,272095E-1;9,572187E-1;;
02/12/2021  12:47:16,377663;9,489967E-1;1,353374E-1;1,303688E-1;9,572206E-1;;
02/12/2021  12:47:16,377763;9,491845E-1;1,464877E-1;1,366875E-1;9,572103E-1;;
02/12/2021  12:47:16,377863;9,482010E-1;1,136739E-1;1,092014E-1;9,571874E-1;;
02/12/2021  12:47:16,377963;9,471459E-1;1,331073E-1;1,240502E-1;9,571515E-1;;
02/12/2021  12:47:16,378063;9,473903E-1;1,388417E-1;1,344760E-1;9,571023E-1;;
02/12/2021  12:47:16,378163;9,469552E-1;1,308772E-1;1,215227E-1;9,570393E-1;;
02/12/2021  12:47:16,378263;9,470834E-1;1,321516E-1;1,531159E-1;9,569624E-1;;
02/12/2021  12:47:16,378363;9,474440E-1;1,372488E-1;1,272095E-1;9,568715E-1;;
02/12/2021  12:47:16,378463;9,462191E-1;1,276914E-1;1,641736E-1;9,567666E-1;;
02/12/2021  12:47:16,378563;9,455574E-1;1,280100E-1;1,502726E-1;9,566479E-1;;
02/12/2021  12:47:16,378663;9,460760E-1;1,184526E-1;1,287892E-1;9,565152E-1;;
02/12/2021  12:47:16,378763;9,455008E-1;1,130368E-1;1,189953E-1;9,563689E-1;;
02/12/2021  12:47:16,378863;9,456290E-1;1,127182E-1;1,215227E-1;9,562090E-1;;
02/12/2021  12:47:16,378963;9,440286E-1;1,327887E-1;1,411105E-1;9,560358E-1;;
02/12/2021  12:47:16,379063;9,434534E-1;1,347002E-1;1,297370E-1;9,558495E-1;;
02/12/2021  12:47:16,379163;9,435636E-1;1,525407E-1;1,679647E-1;9,556504E-1;;
02/12/2021  12:47:16,379263;9,428603E-1;1,108067E-1;1,231024E-1;9,554384E-1;;
02/12/2021  12:47:16,379363;9,419096E-1;1,382046E-1;1,388990E-1;9,552138E-1;;
02/12/2021  12:47:16,379463;9,409708E-1;1,292843E-1;1,231024E-1;9,549767E-1;;
02/12/2021  12:47:16,379563;9,399813E-1;1,289658E-1;1,240502E-1;9,547271E-1;;
02/12/2021  12:47:16,379663;9,400588E-1;1,236548E-2;8,234717E-2;9,544652E-1;;
02/12/2021  12:47:16,379763;9,394866E-1;1,331073E-1;1,335282E-1;9,541908E-1;;
02/12/2021  12:47:16,379863;9,377640E-1;1,461691E-1;1,572231E-1;9,539041E-1;;
02/12/2021  12:47:16,379963;9,367209E-1;1,114439E-1;1,237343E-1;9,536049E-1;;
02/12/2021  12:47:16,380063;9,354811E-1;1,139925E-1;1,215227E-1;9,532933E-1;;
02/12/2021  12:47:16,380163;9,353499E-1;1,155854E-1;1,231024E-1;9,529689E-1;;
02/12/2021  12:47:16,380263;9,348433E-1;1,178155E-1;1,287892E-1;9,526315E-1;;
02/12/2021  12:47:16,380363;9,344618E-1;1,047537E-1;1,193112E-1;9,522811E-1;;
02/12/2021  12:47:16,380463;9,329687E-1;6,397544E-2;8,834988E-2;9,519176E-1;;
02/12/2021  12:47:16,380563;9,334634E-1;1,174969E-1;1,145722E-1;9,515409E-1;;
02/12/2021  12:47:16,380663;9,335558E-1;-4,200682E-3;6,086380E-2;9,511513E-1;;
02/12/2021  12:47:16,380763;9,331743E-1;1,063466E-1;1,212068E-1;9,507488E-1;;
02/12/2021  12:47:16,380863;9,321699E-1;9,551486E-2;1,073058E-1;9,503339E-1;;
02/12/2021  12:47:16,380963;9,309003E-1;8,659462E-2;1,142563E-1;9,499069E-1;;
02/12/2021  12:47:16,381063;9,306947E-1;8,786894E-2;1,003553E-1;9,494682E-1;;
02/12/2021  12:47:16,381163;9,306142E-1;1,168597E-1;1,344760E-1;9,490179E-1;;
02/12/2021  12:47:16,381263;9,304592E-1;9,678918E-2;1,085695E-1;9,485565E-1;;
02/12/2021  12:47:16,381363;9,297112E-1;5,186940E-2;7,760819E-2;9,480844E-1;;
02/12/2021  12:47:16,381463;9,283104E-1;8,659462E-2;1,069899E-1;9,476021E-1;;
02/12/2021  12:47:16,381563;9,278306E-1;7,863012E-2;8,108345E-2;9,471100E-1;;
02/12/2021  12:47:16,381663;9,281912E-1;1,050723E-1;1,139404E-1;9,466084E-1;;
02/12/2021  12:47:16,381763;9,273895E-1;9,169190E-2;1,104651E-1;9,460979E-1;;
02/12/2021  12:47:16,381863;9,259173E-1;1,162226E-1;1,268936E-1;9,455788E-1;;
02/12/2021  12:47:16,381963;9,249040E-1;1,455319E-1;1,392149E-1;9,450515E-1;;
02/12/2021  12:47:16,382063;9,247550E-1;1,241871E-1;1,354238E-1;9,445164E-1;;
02/12/2021  12:47:16,382163;9,252646E-1;1,397975E-1;1,338441E-1;9,439737E-1;;
02/12/2021  12:47:16,382263;9,248712E-1;1,197269E-1;1,221546E-1;9,434238E-1;;
02/12/2021  12:47:16,382363;9,246894E-1;1,506292E-1;1,354238E-1;9,428673E-1;;
02/12/2021  12:47:16,382463;9,248414E-1;1,474434E-1;1,253139E-1;9,423048E-1;;
02/12/2021  12:47:16,382563;9,255268E-1;1,751599E-1;1,509044E-1;9,417372E-1;;
02/12/2021  12:47:16,382663;9,263673E-1;1,729298E-1;1,809180E-1;9,411652E-1;;
02/12/2021  12:47:16,382763;9,268441E-1;1,487177E-1;1,373193E-1;9,405901E-1;;
02/12/2021  12:47:16,382863;9,266653E-1;2,019206E-1;2,302034E-1;9,400132E-1;;
02/12/2021  12:47:16,382963;9,264507E-1;1,203641E-1;1,654373E-1;9,394356E-1;;
02/12/2021  12:47:16,383063;9,277710E-1;1,200455E-1;1,287892E-1;9,388589E-1;;
02/12/2021  12:47:16,383163;9,282419E-1;1,117624E-1;1,272095E-1;9,382843E-1;;
02/12/2021  12:47:16,383263;9,284624E-1;1,276914E-1;1,262617E-1;9,377134E-1;;
02/12/2021  12:47:16,383363;9,277353E-1;1,388417E-1;1,420583E-1;9,371477E-1;;
02/12/2021  12:47:16,383463;9,275713E-1;1,044351E-1;1,155200E-1;9,365886E-1;;
02/12/2021  12:47:16,383563;9,282538E-1;1,219570E-1;1,423743E-1;9,360373E-1;;
02/12/2021  12:47:16,383663;9,292880E-1;1,206827E-1;1,259458E-1;9,354952E-1;;
02/12/2021  12:47:16,383763;9,286353E-1;1,366117E-1;1,363715E-1;9,349634E-1;;
02/12/2021  12:47:16,383863;9,276578E-1;9,455912E-2;1,028828E-1;9,344432E-1;;
02/12/2021  12:47:16,383963;9,275415E-1;1,111253E-1;1,227865E-1;9,339355E-1;;
02/12/2021  12:47:16,384063;9,280512E-1;1,289658E-1;1,300529E-1;9,334412E-1;;
02/12/2021  12:47:16,384163;9,287903E-1;1,174969E-1;1,196272E-1;9,329610E-1;;
02/12/2021  12:47:16,384263;9,291628E-1;1,388417E-1;1,325804E-1;9,324956E-1;;
02/12/2021  12:47:16,384363;9,291420E-1;1,254614E-1;1,196272E-1;9,320460E-1;;
02/12/2021  12:47:16,384463;9,292105E-1;1,235499E-1;1,284732E-1;9,316127E-1;;
02/12/2021  12:47:16,384563;9,306977E-1;1,194084E-1;1,325804E-1;9,311965E-1;;
02/12/2021  12:47:16,384663;9,310553E-1;1,311958E-1;1,325804E-1;9,307983E-1;;
02/12/2021  12:47:16,384763;9,305963E-1;1,184526E-1;1,174156E-1;9,304186E-1;;
02/12/2021  12:47:16,384863;9,301225E-1;8,755036E-2;1,050943E-1;9,300582E-1;;
02/12/2021  12:47:16,384963;9,298542E-1;1,232313E-1;1,673329E-1;9,297174E-1;;
02/12/2021  12:47:16,385063;9,308616E-1;8,659462E-2;8,582243E-2;9,293967E-1;;
02/12/2021  12:47:16,385163;9,316812E-1;1,159040E-1;1,183634E-1;9,290961E-1;;
02/12/2021  12:47:16,385263;9,310553E-1;1,117624E-1;1,205749E-1;9,288161E-1;;
02/12/2021  12:47:16,385363;9,305874E-1;1,057094E-1;1,221546E-1;9,285566E-1;;
02/12/2021  12:47:16,385463;9,299913E-1;1,697440E-1;1,900800E-1;9,283178E-1;;
02/12/2021  12:47:16,385563;9,309987E-1;7,448858E-2;7,918786E-2;9,280995E-1;;
02/12/2021  12:47:16,385663;9,317855E-1;1,127182E-1;1,158360E-1;9,279014E-1;;
02/12/2021  12:47:16,385763;9,319494E-1;1,111253E-1;1,126766E-1;9,277234E-1;;
02/12/2021  12:47:16,385863;9,306619E-1;1,327887E-1;1,281573E-1;9,275652E-1;;
02/12/2021  12:47:16,385963;9,308944E-1;1,391603E-1;1,142563E-1;9,274267E-1;;
02/12/2021  12:47:16,386063;9,319673E-1;8,532030E-2;6,023194E-2;9,273073E-1;;
02/12/2021  12:47:16,386163;9,325157E-1;1,184526E-1;1,224705E-1;9,272066E-1;;
02/12/2021  12:47:16,386263;9,321670E-1;1,184526E-1;1,300529E-1;9,271243E-1;;
02/12/2021  12:47:16,386363;9,308795E-1;1,296029E-1;1,325804E-1;9,270600E-1;;
02/12/2021  12:47:16,386463;9,316454E-1;1,337445E-1;1,249980E-1;9,270130E-1;;
02/12/2021  12:47:16,386563;9,325842E-1;1,270543E-1;1,202590E-1;9,269828E-1;;
02/12/2021  12:47:16,386663;9,332786E-1;1,206827E-1;9,972343E-2;9,269688E-1;;
02/12/2021  12:47:16,386763;9,323994E-1;1,461691E-1;1,461654E-1;9,269705E-1;;
02/12/2021  12:47:16,386863;9,323577E-1;1,401161E-1;1,344760E-1;9,269873E-1;;
02/12/2021  12:47:16,386963;9,327243E-1;1,133553E-1;1,265777E-1;9,270187E-1;;
02/12/2021  12:47:16,387063;9,346168E-1;1,139925E-1;1,411105E-1;9,270641E-1;;
02/12/2021  12:47:16,387163;9,354453E-1;1,251428E-1;1,234183E-1;9,271230E-1;;
02/12/2021  12:47:16,387263;9,356301E-1;1,410718E-1;1,335282E-1;9,271952E-1;;
02/12/2021  12:47:16,387363;9,365808E-1;1,073023E-1;1,477451E-1;9,272805E-1;;
02/12/2021  12:47:16,387463;9,379934E-1;4,454206E-2;1,050943E-1;9,273789E-1;;
02/12/2021  12:47:16,387563;9,396505E-1;1,270543E-1;1,291051E-1;9,274904E-1;;
02/12/2021  12:47:16,387663;9,406966E-1;1,260985E-1;1,373193E-1;9,276154E-1;;
02/12/2021  12:47:16,387763;9,402376E-1;1,136739E-1;1,262617E-1;9,277541E-1;;
02/12/2021  12:47:16,387863;9,400051E-1;1,136739E-1;1,208909E-1;9,279068E-1;;
02/12/2021  12:47:16,387963;9,415340E-1;1,251428E-1;1,581709E-1;9,280738E-1;;
02/12/2021  12:47:16,388063;9,433312E-1;1,347002E-1;1,354238E-1;9,282551E-1;;
02/12/2021  12:47:16,388163;9,439302E-1;1,413904E-1;1,366875E-1;9,284509E-1;;
02/12/2021  12:47:16,388263;9,437395E-1;1,120810E-1;1,060421E-1;9,286616E-1;;
02/12/2021  12:47:16,388363;9,435904E-1;1,210013E-1;1,325804E-1;9,288875E-1;;
02/12/2021  12:47:16,388463;9,441686E-1;1,302401E-1;1,420583E-1;9,291286E-1;;
02/12/2021  12:47:16,388563;9,446902E-1;1,264171E-1;1,281573E-1;9,293846E-1;;
02/12/2021  12:47:16,388663;9,445978E-1;1,324701E-1;1,553275E-1;9,296556E-1;;
02/12/2021  12:47:16,388763;9,436024E-1;1,127182E-1;1,193112E-1;9,299413E-1;;
02/12/2021  12:47:16,388863;9,432358E-1;1,308772E-1;1,344760E-1;9,302410E-1;;
02/12/2021  12:47:16,388963;9,445561E-1;1,397975E-1;1,344760E-1;9,305541E-1;;
02/12/2021  12:47:16,389063;9,451760E-1;1,194084E-1;1,259458E-1;9,308798E-1;;
02/12/2021  12:47:16,389163;9,456320E-1;1,222756E-1;1,316326E-1;9,312176E-1;;
02/12/2021  12:47:16,389263;9,449822E-1;1,525407E-1;1,543797E-1;9,315667E-1;;
02/12/2021  12:47:16,389363;9,452475E-1;1,318330E-1;1,360556E-1;9,319266E-1;;
02/12/2021  12:47:16,389463;9,465558E-1;1,480806E-1;1,559593E-1;9,322964E-1;;
02/12/2021  12:47:16,389563;9,476347E-1;1,334259E-1;1,294210E-1;9,326755E-1;;
02/12/2021  12:47:16,389663;9,481861E-1;1,289658E-1;1,098333E-1;9,330633E-1;;
02/12/2021  12:47:16,389763;9,475691E-1;1,563636E-1;1,635417E-1;9,334595E-1;;
02/12/2021  12:47:16,389863;9,480132E-1;1,573194E-1;1,401627E-1;9,338633E-1;;
02/12/2021  12:47:16,389963;9,498014E-1;1,474434E-1;1,499566E-1;9,342745E-1;;
02/12/2021  12:47:16,390063;9,504094E-1;1,257800E-1;1,294210E-1;9,346924E-1;;
02/12/2021  12:47:16,390163;9,509995E-1;1,241871E-1;1,215227E-1;9,351168E-1;;
02/12/2021  12:47:16,390263;9,502723E-1;1,391603E-1;1,404787E-1;9,355474E-1;;
02/12/2021  12:47:16,390363;9,500428E-1;1,340630E-1;1,268936E-1;9,359838E-1;;
02/12/2021  12:47:16,390463;9,505107E-1;1,350188E-1;1,249980E-1;9,364256E-1;;
02/12/2021  12:47:16,390563;9,510829E-1;1,302401E-1;1,310007E-1;9,368720E-1;;
02/12/2021  12:47:16,390663;9,507491E-1;1,385232E-1;1,373193E-1;9,373226E-1;;
02/12/2021  12:47:16,390763;9,493126E-1;1,410718E-1;1,354238E-1;9,377766E-1;;
02/12/2021  12:47:16,390863;9,489639E-1;1,331073E-1;1,268936E-1;9,382332E-1;;
02/12/2021  12:47:16,390963;9,485616E-1;1,264171E-1;1,167838E-1;9,386913E-1;;
02/12/2021  12:47:16,391063;9,484007E-1;1,375674E-1;1,319485E-1;9,391497E-1;;
02/12/2021  12:47:16,391163;9,469016E-1;1,327887E-1;1,373193E-1;9,396073E-1;;
02/12/2021  12:47:16,391263;9,451849E-1;1,382046E-1;1,373193E-1;9,400625E-1;;
02/12/2021  12:47:16,391363;9,450776E-1;1,206827E-1;1,259458E-1;9,405138E-1;;
02/12/2021  12:47:16,391463;9,451879E-1;1,378860E-1;1,625939E-1;9,409595E-1;;
02/12/2021  12:47:16,391563;9,452684E-1;1,382046E-1;1,370034E-1;9,413979E-1;;
02/12/2021  12:47:16,391663;9,436799E-1;1,340630E-1;1,224705E-1;9,418276E-1;;
02/12/2021  12:47:16,391763;9,429914E-1;1,636910E-1;1,313166E-1;9,422471E-1;;
02/12/2021  12:47:16,391863;9,429586E-1;6,907272E-2;9,277293E-2;9,426547E-1;;
02/12/2021  12:47:16,391963;9,434623E-1;1,471248E-1;1,445858E-1;9,430491E-1;;
02/12/2021  12:47:16,392063;9,435815E-1;1,458505E-1;1,385831E-1;9,434289E-1;;
02/12/2021  12:47:16,392163;9,429378E-1;1,270543E-1;1,351078E-1;9,437931E-1;;
02/12/2021  12:47:16,392263;9,425116E-1;1,073023E-1;1,215227E-1;9,441407E-1;;
02/12/2021  12:47:16,392363;9,435308E-1;1,343816E-1;1,253139E-1;9,444709E-1;;
02/12/2021  12:47:16,392463;9,440047E-1;1,324701E-1;1,313166E-1;9,447830E-1;;
02/12/2021  12:47:16,392563;9,441269E-1;1,184526E-1;1,272095E-1;9,450766E-1;;
02/12/2021  12:47:16,392663;9,435308E-1;1,283286E-1;1,281573E-1;9,453514E-1;;
02/12/2021  12:47:16,392763;9,421480E-1;1,123996E-1;1,041465E-1;9,456074E-1;;
02/12/2021  12:47:16,392863;9,428662E-1;1,146297E-1;1,212068E-1;9,458441E-1;;
02/12/2021  12:47:16,392963;9,431434E-1;9,455912E-2;1,167838E-1;9,460616E-1;;
02/12/2021  12:47:16,393063;9,427351E-1;1,073023E-1;1,619620E-1;9,462596E-1;;
02/12/2021  12:47:16,393163;9,412897E-1;1,127182E-1;1,155200E-1;9,464382E-1;;
02/12/2021  12:47:16,393263;9,401184E-1;1,044351E-1;1,196272E-1;9,465973E-1;;
02/12/2021  12:47:16,393363;9,404820E-1;1,216384E-1;1,249980E-1;9,467369E-1;;
02/12/2021  12:47:16,393463;9,411049E-1;1,149482E-1;1,193112E-1;9,468566E-1;;
02/12/2021  12:47:16,393563;9,404731E-1;1,018865E-1;1,196272E-1;9,469566E-1;;
02/12/2021  12:47:16,393663;9,386521E-1;8,627604E-2;8,045158E-2;9,470369E-1;;
02/12/2021  12:47:16,393763;9,390515E-1;1,194084E-1;1,297370E-1;9,470975E-1;;
02/12/2021  12:47:16,393863;9,406012E-1;7,608148E-2;1,404787E-1;9,471386E-1;;
02/12/2021  12:47:16,393963;9,411824E-1;8,532030E-2;1,095173E-1;9,471603E-1;;
02/12/2021  12:47:16,394063;9,410184E-1;6,949618E-3;6,718244E-2;9,471634E-1;;
02/12/2021  12:47:16,394163;9,397667E-1;5,537378E-2;8,297904E-2;9,471486E-1;;
02/12/2021  12:47:16,394263;9,400200E-1;2,121151E-1;1,929234E-1;9,471164E-1;;
02/12/2021  12:47:16,394363;9,415638E-1;2,239026E-1;2,153545E-1;9,470676E-1;;
02/12/2021  12:47:16,394463;9,421748E-1;1,289658E-1;1,363715E-1;9,470031E-1;;
02/12/2021  12:47:16,394563;9,421390E-1;1,283286E-1;1,388990E-1;9,469239E-1;;
02/12/2021  12:47:16,394663;9,412181E-1;1,318330E-1;1,322644E-1;9,468312E-1;;
02/12/2021  12:47:16,394763;9,408843E-1;1,598680E-1;1,597505E-1;9,467261E-1;;
02/12/2021  12:47:16,394863;9,408456E-1;6,238254E-2;7,002583E-2;9,466095E-1;;
02/12/2021  12:47:16,394963;9,416443E-1;1,640096E-1;1,455336E-1;9,464822E-1;;
02/12/2021  12:47:16,395063;9,401989E-1;1,869473E-1;1,610142E-1;9,463453E-1;;
02/12/2021  12:47:16,395163;9,381693E-1;1,869473E-1;1,581709E-1;9,461995E-1;;
02/12/2021  12:47:16,395263;9,377163E-1;1,879031E-1;1,758630E-1;9,460453E-1;;
02/12/2021  12:47:16,395363;9,377938E-1;1,347002E-1;1,392149E-1;9,458830E-1;;
02/12/2021  12:47:16,395463;9,379636E-1;1,538150E-1;1,385831E-1;9,457129E-1;;
02/12/2021  12:47:16,395563;9,358476E-1;1,362931E-1;1,205749E-1;9,455352E-1;;
02/12/2021  12:47:16,395663;9,340326E-1;1,327887E-1;1,287892E-1;9,453501E-1;;
02/12/2021  12:47:16,395763;9,343873E-1;1,229127E-1;1,227865E-1;9,451574E-1;;
02/12/2021  12:47:16,395863;9,344379E-1;1,646467E-1;1,897641E-1;9,449570E-1;;
02/12/2021  12:47:16,395963;9,349416E-1;1,538150E-1;1,382671E-1;9,447488E-1;;
02/12/2021  12:47:16,396063;9,336362E-1;1,506292E-1;1,581709E-1;9,445328E-1;;
02/12/2021  12:47:16,396163;9,323190E-1;1,133553E-1;1,234183E-1;9,443090E-1;;
02/12/2021  12:47:16,396263;9,326170E-1;1,257800E-1;1,189953E-1;9,440776E-1;;
02/12/2021  12:47:16,396363;9,328196E-1;1,318330E-1;1,373193E-1;9,438382E-1;;
02/12/2021  12:47:16,396463;9,330700E-1;1,229127E-1;1,284732E-1;9,435912E-1;;
02/12/2021  12:47:16,396563;9,310851E-1;1,251428E-1;1,028828E-1;9,433365E-1;;
02/12/2021  12:47:16,396663;9,292284E-1;1,557265E-1;1,528000E-1;9,430744E-1;;
02/12/2021  12:47:16,396763;9,293714E-1;1,439390E-1;1,594346E-1;9,428046E-1;;
02/12/2021  12:47:16,396863;9,295681E-1;1,366117E-1;1,392149E-1;9,425270E-1;;
02/12/2021  12:47:16,396963;9,286711E-1;1,299215E-1;1,344760E-1;9,422413E-1;;
02/12/2021  12:47:16,397063;9,273925E-1;1,108067E-1;1,066739E-1;9,419476E-1;;
02/12/2021  12:47:16,397163;9,257772E-1;1,286472E-1;1,291051E-1;9,416457E-1;;
02/12/2021  12:47:16,397263;9,266713E-1;1,356559E-1;1,392149E-1;9,413352E-1;;
02/12/2021  12:47:16,397363;9,269037E-1;1,433019E-1;1,322644E-1;9,410161E-1;;
02/12/2021  12:47:16,397463;9,271332E-1;1,219570E-1;1,275255E-1;9,406883E-1;;
02/12/2021  12:47:16,397563;9,256371E-1;1,311958E-1;1,360556E-1;9,403520E-1;;
02/12/2021  12:47:16,397663;9,259799E-1;1,375674E-1;1,341600E-1;9,400074E-1;;
02/12/2021  12:47:16,397763;9,269634E-1;1,184526E-1;1,287892E-1;9,396548E-1;;
02/12/2021  12:47:16,397863;9,283581E-1;1,123996E-1;1,221546E-1;9,392946E-1;;
02/12/2021  12:47:16,397963;9,277353E-1;1,155854E-1;1,208909E-1;9,389276E-1;;
02/12/2021  12:47:16,398063;9,268143E-1;1,031608E-1;1,142563E-1;9,385547E-1;;
02/12/2021  12:47:16,398163;9,265521E-1;1,401161E-1;1,370034E-1;9,381767E-1;;
02/12/2021  12:47:16,398263;9,276697E-1;1,340630E-1;1,376353E-1;9,377944E-1;;
02/12/2021  12:47:16,398363;9,284475E-1;1,133553E-1;1,199431E-1;9,374085E-1;;
02/12/2021  12:47:16,398463;9,279975E-1;1,264171E-1;1,107811E-1;9,370201E-1;;
02/12/2021  12:47:16,398563;9,263673E-1;4,549780E-2;8,866581E-2;9,366302E-1;;
02/12/2021  12:47:16,398663;9,270081E-1;1,283286E-1;1,231024E-1;9,362397E-1;;
02/12/2021  12:47:16,398763;9,274164E-1;1,222756E-1;1,038306E-1;9,358493E-1;;
02/12/2021  12:47:16,398863;9,284624E-1;1,101695E-1;1,193112E-1;9,354598E-1;;
02/12/2021  12:47:16,398963;9,282628E-1;1,391603E-1;1,354238E-1;9,350722E-1;;
02/12/2021  12:47:16,399063;9,280512E-1;1,305587E-1;1,319485E-1;9,346876E-1;;
02/12/2021  12:47:16,399163;9,293059E-1;1,292843E-1;1,294210E-1;9,343068E-1;;
02/12/2021  12:47:16,399263;9,300897E-1;1,104881E-1;9,530039E-2;9,339310E-1;;
02/12/2021  12:47:16,399363;9,314636E-1;1,257800E-1;1,253139E-1;9,335613E-1;;
02/12/2021  12:47:16,399463;9,310702E-1;1,417090E-1;1,316326E-1;9,331990E-1;;
02/12/2021  12:47:16,399563;9,304563E-1;1,174969E-1;1,227865E-1;9,328454E-1;;
02/12/2021  12:47:16,399663;9,316573E-1;1,264171E-1;1,205749E-1;9,325016E-1;;
02/12/2021  12:47:16,399763;9,327571E-1;1,257800E-1;1,221546E-1;9,321686E-1;;
02/12/2021  12:47:16,399863;9,332160E-1;1,331073E-1;1,319485E-1;9,318476E-1;;
02/12/2021  12:47:16,399963;9,327541E-1;1,184526E-1;1,249980E-1;9,315398E-1;;
02/12/2021  12:47:16,400063;9,320477E-1;8,468314E-2;9,561632E-2;9,312461E-1;;
02/12/2021  12:47:16,400163;9,328226E-1;1,436204E-1;1,407946E-1;9,309673E-1;;
02/12/2021  12:47:16,400263;9,333323E-1;1,496735E-1;1,910278E-1;9,307041E-1;;
02/12/2021  12:47:16,400363;9,338955E-1;1,302401E-1;1,268936E-1;9,304571E-1;;
02/12/2021  12:47:16,400463;9,335528E-1;1,863102E-1;1,701763E-1;9,302269E-1;;
02/12/2021  12:47:16,400563;9,332309E-1;1,155854E-1;1,218387E-1;9,300140E-1;;
02/12/2021  12:47:16,400663;9,342293E-1;1,267357E-1;1,347919E-1;9,298187E-1;;
02/12/2021  12:47:16,400763;9,352039E-1;1,350188E-1;1,401627E-1;9,296414E-1;;
02/12/2021  12:47:16,400863;9,355436E-1;1,353374E-1;1,287892E-1;9,294823E-1;;
02/12/2021  12:47:16,400963;9,352665E-1;1,050723E-1;1,246821E-1;9,293418E-1;;
02/12/2021  12:47:16,401063;9,351115E-1;1,286472E-1;1,297370E-1;9,292201E-1;;
02/12/2021  12:47:16,401163;9,358774E-1;1,289658E-1;1,259458E-1;9,291174E-1;;
02/12/2021  12:47:16,401263;9,368848E-1;1,245056E-1;1,221546E-1;9,290337E-1;;
02/12/2021  12:47:16,401363;9,371083E-1;1,334259E-1;1,597505E-1;9,289689E-1;;
02/12/2021  12:47:16,401463;9,360503E-1;1,280100E-1;1,284732E-1;9,289232E-1;;
02/12/2021  12:47:16,401563;9,355615E-1;1,273729E-1;1,411105E-1;9,288965E-1;;
02/12/2021  12:47:16,401663;9,364675E-1;1,076209E-1;1,306848E-1;9,288883E-1;;
02/12/2021  12:47:16,401763;9,380113E-1;1,197269E-1;1,221546E-1;9,288982E-1;;
02/12/2021  12:47:16,401863;9,384912E-1;1,308772E-1;1,531159E-1;9,289259E-1;;
02/12/2021  12:47:16,401963;9,381752E-1;1,311958E-1;1,313166E-1;9,289714E-1;;
02/12/2021  12:47:16,402063;9,384465E-1;6,684266E-2;1,050943E-1;9,290342E-1;;
02/12/2021  12:47:16,402163;9,403658E-1;1,251428E-1;1,328963E-1;9,291142E-1;;
02/12/2021  12:47:16,402263;9,419632E-1;1,289658E-1;1,243661E-1;9,292111E-1;;
02/12/2021  12:47:16,402363;9,423059E-1;4,645354E-2;6,370719E-2;9,293250E-1;;
02/12/2021  12:47:16,402463;9,413910E-1;1,468062E-1;1,591187E-1;9,294560E-1;;
02/12/2021  12:47:16,402563;9,415460E-1;1,302401E-1;1,262617E-1;9,296040E-1;;
02/12/2021  12:47:16,402663;9,425324E-1;1,216384E-1;1,016190E-1;9,297687E-1;;
02/12/2021  12:47:16,402763;9,427858E-1;1,165411E-1;1,246821E-1;9,299498E-1;;
02/12/2021  12:47:16,402863;9,427589E-1;1,133553E-1;1,126766E-1;9,301470E-1;;
02/12/2021  12:47:16,402963;9,418470E-1;1,343816E-1;1,332122E-1;9,303598E-1;;
02/12/2021  12:47:16,403063;9,416831E-1;1,139925E-1;1,212068E-1;9,305876E-1;;
02/12/2021  12:47:16,403163;9,421986E-1;1,229127E-1;1,249980E-1;9,308297E-1;;
02/12/2021  12:47:16,403263;9,424073E-1;1,264171E-1;1,268936E-1;9,310852E-1;;
02/12/2021  12:47:16,403363;9,416503E-1;1,350188E-1;1,275255E-1;9,313531E-1;;
02/12/2021  12:47:16,403463;9,401959E-1;1,286472E-1;1,313166E-1;9,316326E-1;;
02/12/2021  12:47:16,403563;9,403687E-1;1,337445E-1;1,234183E-1;9,319225E-1;;
02/12/2021  12:47:16,403663;9,415907E-1;1,187712E-1;1,022509E-1;9,322213E-1;;
02/12/2021  12:47:16,403763;9,424758E-1;1,235499E-1;1,328963E-1;9,325279E-1;;
02/12/2021  12:47:16,403863;9,430778E-1;1,302401E-1;1,278414E-1;9,328415E-1;;
02/12/2021  12:47:16,403963;9,423566E-1;1,095324E-1;1,253139E-1;9,331610E-1;;
02/12/2021  12:47:16,404063;9,428036E-1;1,079395E-1;8,677022E-2;9,334858E-1;;
02/12/2021  12:47:16,404163;9,438468E-1;1,264171E-1;1,208909E-1;9,338149E-1;;
02/12/2021  12:47:16,404263;9,442908E-1;1,308772E-1;1,268936E-1;9,341477E-1;;
02/12/2021  12:47:16,404363;9,442819E-1;1,245056E-1;1,347919E-1;9,344837E-1;;
02/12/2021  12:47:16,404463;9,430808E-1;1,098510E-1;1,000394E-1;9,348221E-1;;
02/12/2021  12:47:16,404563;9,438170E-1;1,200455E-1;1,698603E-1;9,351624E-1;;
02/12/2021  12:47:16,404663;9,440822E-1;1,761156E-1;1,945030E-1;9,355038E-1;;
02/12/2021  12:47:16,404763;9,441627E-1;1,302401E-1;1,231024E-1;9,358457E-1;;
02/12/2021  12:47:16,404863;9,433371E-1;5,123224E-2;5,422923E-2;9,361873E-1;;
02/12/2021  12:47:16,404963;9,425891E-1;1,267357E-1;1,297370E-1;9,365280E-1;;
02/12/2021  12:47:16,405063;9,434593E-1;1,448948E-1;1,306848E-1;9,368669E-1;;
02/12/2021  12:47:16,405163;9,440733E-1;1,181340E-1;1,297370E-1;9,372033E-1;;
02/12/2021  12:47:16,405263;9,441925E-1;9,296622E-2;1,110970E-1;9,375364E-1;;
02/12/2021  12:47:16,405363;9,439302E-1;9,105474E-2;9,814378E-2;9,378658E-1;;
02/12/2021  12:47:16,405463;9,431047E-1;1,210013E-1;1,294210E-1;9,381909E-1;;
02/12/2021  12:47:16,405563;9,439153E-1;1,127182E-1;1,278414E-1;9,385112E-1;;
02/12/2021  12:47:16,405663;9,449673E-1;1,085766E-1;1,129926E-1;9,388260E-1;;
02/12/2021  12:47:16,405763;9,448630E-1;1,152668E-1;1,142563E-1;9,391349E-1;;
02/12/2021  12:47:16,405863;9,435726E-1;1,015679E-1;1,196272E-1;9,394378E-1;;
02/12/2021  12:47:16,405963;9,427947E-1;1,190898E-1;1,310007E-1;9,397342E-1;;
02/12/2021  12:47:16,406063;9,434712E-1;1,034794E-1;1,382671E-1;9,400236E-1;;
02/12/2021  12:47:16,406163;9,433043E-1;8,978042E-2;1,054102E-1;9,403054E-1;;
02/12/2021  12:47:16,406263;9,429527E-1;9,710776E-2;1,164678E-1;9,405792E-1;;
02/12/2021  12:47:16,406363;9,406549E-1;1,114439E-1;1,249980E-1;9,408444E-1;;
02/12/2021  12:47:16,406463;9,395104E-1;1,573194E-1;2,052447E-1;9,411003E-1;;
02/12/2021  12:47:16,406563;9,390604E-1;5,951532E-2;1,610142E-1;9,413460E-1;;
02/12/2021  12:47:16,406663;9,393644E-1;9,105474E-2;1,063580E-1;9,415804E-1;;
02/12/2021  12:47:16,406763;9,388458E-1;4,390490E-2;7,223735E-2;9,418026E-1;;
02/12/2021  12:47:16,406863;9,369384E-1;8,086018E-2;1,231024E-1;9,420117E-1;;
02/12/2021  12:47:16,406963;9,368550E-1;1,165411E-1;1,572231E-1;9,422068E-1;;
02/12/2021  12:47:16,407063;9,370368E-1;2,383436E-2;8,045158E-2;9,423870E-1;;
02/12/2021  12:47:16,407163;9,374749E-1;1,098510E-1;1,199431E-1;9,425514E-1;;
02/12/2021  12:47:16,407263;9,367030E-1;1,251428E-1;1,388990E-1;9,426994E-1;;
02/12/2021  12:47:16,407363;9,355734E-1;1,375674E-1;1,442698E-1;9,428306E-1;;
02/12/2021  12:47:16,407463;9,353589E-1;1,034794E-1;7,855599E-2;9,429444E-1;;
02/12/2021  12:47:16,407563;9,363215E-1;-1,662530E-2;9,119327E-2;9,430404E-1;;
02/12/2021  12:47:16,407663;9,364437E-1;1,652839E-1;1,534319E-1;9,431183E-1;;
02/12/2021  12:47:16,407763;9,366970E-1;1,713369E-1;1,512204E-1;9,431781E-1;;
02/12/2021  12:47:16,407863;9,350966E-1;1,662396E-1;1,474292E-1;9,432198E-1;;
02/12/2021  12:47:16,407963;9,354512E-1;1,401161E-1;1,303688E-1;9,432437E-1;;
02/12/2021  12:47:16,408063;9,356658E-1;1,611423E-1;1,322644E-1;9,432498E-1;;
02/12/2021  12:47:16,408163;9,360384E-1;1,245056E-1;1,013031E-1;9,432384E-1;;
02/12/2021  12:47:16,408263;9,356152E-1;1,423461E-1;1,439539E-1;9,432099E-1;;
02/12/2021  12:47:16,408363;9,339015E-1;1,538150E-1;1,806020E-1;9,431648E-1;;
02/12/2021  12:47:16,408463;9,345303E-1;9,997498E-2;1,120448E-1;9,431034E-1;;
02/12/2021  12:47:16,408563;9,353827E-1;1,315144E-1;1,243661E-1;9,430260E-1;;
02/12/2021  12:47:16,408663;9,355764E-1;1,104881E-1;1,123607E-1;9,429334E-1;;
02/12/2021  12:47:16,408763;9,355675E-1;1,283286E-1;1,423743E-1;9,428261E-1;;
02/12/2021  12:47:16,408863;9,350370E-1;1,127182E-1;1,057261E-1;9,427050E-1;;
02/12/2021  12:47:16,408963;9,365122E-1;1,331073E-1;1,303688E-1;9,425708E-1;;
02/12/2021  12:47:16,409063;9,374808E-1;1,773899E-1;2,027173E-1;9,424247E-1;;
02/12/2021  12:47:16,409163;9,384971E-1;1,296029E-1;1,313166E-1;9,422677E-1;;
02/12/2021  12:47:16,409263;9,378534E-1;6,811698E-2;1,104651E-1;9,421013E-1;;
02/12/2021  12:47:16,409363;9,380113E-1;1,136739E-1;1,183634E-1;9,419269E-1;;
02/12/2021  12:47:16,409463;9,399098E-1;6,270112E-2;9,119327E-2;9,417458E-1;;
02/12/2021  12:47:16,409563;9,413880E-1;1,248242E-1;1,354238E-1;9,415595E-1;;
02/12/2021  12:47:16,409663;9,417009E-1;1,254614E-1;1,284732E-1;9,413697E-1;;
02/12/2021  12:47:16,409763;9,409082E-1;1,232313E-1;1,294210E-1;9,411783E-1;;
02/12/2021  12:47:16,409863;9,410810E-1;1,391603E-1;1,376353E-1;9,409867E-1;;
02/12/2021  12:47:16,409963;9,425831E-1;1,356559E-1;1,221546E-1;9,407966E-1;;
02/12/2021  12:47:16,410063;9,426457E-1;1,095324E-1;1,256299E-1;9,406093E-1;;
02/12/2021  12:47:16,410163;9,428484E-1;1,334259E-1;1,543797E-1;9,404264E-1;;
02/12/2021  12:47:16,410263;9,419394E-1;1,362931E-1;1,411105E-1;9,402491E-1;;
02/12/2021  12:47:16,410363;9,414059E-1;1,260985E-1;1,300529E-1;9,400786E-1;;
02/12/2021  12:47:16,410463;9,415519E-1;1,225942E-1;1,306848E-1;9,399157E-1;;
02/12/2021  12:47:16,410563;9,412599E-1;1,347002E-1;1,300529E-1;9,397611E-1;;
02/12/2021  12:47:16,410663;9,409737E-1;1,283286E-1;1,347919E-1;9,396153E-1;;
02/12/2021  12:47:16,410763;9,393972E-1;1,229127E-1;1,294210E-1;9,394786E-1;;
02/12/2021  12:47:16,410863;9,393048E-1;8,436456E-2;1,158360E-1;9,393512E-1;;
02/12/2021  12:47:16,410963;9,397518E-1;1,296029E-1;1,303688E-1;9,392329E-1;;
02/12/2021  12:47:16,411063;9,399604E-1;1,347002E-1;1,328963E-1;9,391235E-1;;
02/12/2021  12:47:16,411163;9,395551E-1;1,257800E-1;1,212068E-1;9,390231E-1;;
02/12/2021  12:47:16,411263;9,385537E-1;1,069837E-1;1,392149E-1;9,389313E-1;;
02/12/2021  12:47:16,411363;9,379189E-1;1,092138E-1;1,449017E-1;9,388479E-1;;
02/12/2021  12:47:16,411463;9,389412E-1;7,321426E-2;1,622780E-1;9,387724E-1;;
02/12/2021  12:47:16,411563;9,394836E-1;1,331073E-1;1,332122E-1;9,387044E-1;;
02/12/2021  12:47:16,411663;9,393197E-1;1,305587E-1;1,344760E-1;9,386435E-1;;
02/12/2021  12:47:16,411763;9,391140E-1;1,289658E-1;1,287892E-1;9,385896E-1;;
02/12/2021  12:47:16,411863;9,398681E-1;1,636910E-1;1,761790E-1;9,385423E-1;;
02/12/2021  12:47:16,411963;9,407919E-1;1,334259E-1;1,423743E-1;9,385015E-1;;
02/12/2021  12:47:16,412063;9,409797E-1;1,404346E-1;1,332122E-1;9,384672E-1;;
02/12/2021  12:47:16,412163;9,412926E-1;1,289658E-1;1,332122E-1;9,384393E-1;;
02/12/2021  12:47:16,412263;9,403926E-1;1,276914E-1;1,275255E-1;9,384179E-1;;
02/12/2021  12:47:16,412363;9,411824E-1;1,299215E-1;1,246821E-1;9,384029E-1;;
02/12/2021  12:47:16,412463;9,421182E-1;1,385232E-1;1,325804E-1;9,383944E-1;;
02/12/2021  12:47:16,412563;9,422135E-1;1,350188E-1;1,341600E-1;9,383924E-1;;
02/12/2021  12:47:16,412663;9,414774E-1;1,417090E-1;1,373193E-1;9,383969E-1;;
02/12/2021  12:47:16,412763;9,400648E-1;1,060280E-1;1,003553E-1;9,384079E-1;;
02/12/2021  12:47:16,412863;9,401780E-1;1,098510E-1;1,000394E-1;9,384252E-1;;
02/12/2021  12:47:16,412963;9,403032E-1;1,267357E-1;1,243661E-1;9,384482E-1;;
02/12/2021  12:47:16,413063;9,401601E-1;1,248242E-1;1,253139E-1;9,384766E-1;;
02/12/2021  12:47:16,413163;9,387564E-1;1,267357E-1;1,300529E-1;9,385099E-1;;
02/12/2021  12:47:16,413263;9,383660E-1;1,101695E-1;1,028828E-1;9,385475E-1;;
02/12/2021  12:47:16,413363;9,392183E-1;1,474434E-1;1,445858E-1;9,385886E-1;;
02/12/2021  12:47:16,413463;9,391170E-1;1,780271E-1;2,096678E-1;9,386327E-1;;
02/12/2021  12:47:16,413563;9,390902E-1;1,292843E-1;1,366875E-1;9,386791E-1;;
02/12/2021  12:47:16,413663;9,387355E-1;1,560451E-1;1,569071E-1;9,387273E-1;;
02/12/2021  12:47:16,413763;9,388905E-1;1,468062E-1;1,401627E-1;9,387768E-1;;
02/12/2021  12:47:16,413863;9,395432E-1;1,340630E-1;1,392149E-1;9,388271E-1;;
02/12/2021  12:47:16,413963;9,407174E-1;1,340630E-1;1,461654E-1;9,388779E-1;;
02/12/2021  12:47:16,414063;9,405297E-1;1,280100E-1;1,300529E-1;9,389291E-1;;
02/12/2021  12:47:16,414163;9,402257E-1;1,487177E-1;1,417424E-1;9,389804E-1;;
02/12/2021  12:47:16,414263;9,389412E-1;1,404346E-1;1,385831E-1;9,390320E-1;;
02/12/2021  12:47:16,414363;9,398979E-1;1,219570E-1;1,458495E-1;9,390834E-1;;
02/12/2021  12:47:16,414463;9,405178E-1;1,178155E-1;1,287892E-1;9,391345E-1;;
02/12/2021  12:47:16,414563;9,396147E-1;1,213198E-1;1,249980E-1;9,391852E-1;;
02/12/2021  12:47:16,414663;9,393614E-1;1,347002E-1;1,341600E-1;9,392353E-1;;
02/12/2021  12:47:16,414763;9,383928E-1;1,356559E-1;1,268936E-1;9,392845E-1;;
02/12/2021  12:47:16,414863;9,395402E-1;1,378860E-1;1,357397E-1;9,393326E-1;;
02/12/2021  12:47:16,414963;9,395939E-1;1,194084E-1;1,262617E-1;9,393793E-1;;
02/12/2021  12:47:16,415063;9,396058E-1;1,436204E-1;1,332122E-1;9,394244E-1;;
02/12/2021  12:47:16,415163;9,381991E-1;1,391603E-1;1,344760E-1;9,394678E-1;;
02/12/2021  12:47:16,415263;9,381693E-1;9,360338E-2;1,366875E-1;9,395092E-1;;
02/12/2021  12:47:16,415363;9,392303E-1;1,200455E-1;1,237343E-1;9,395483E-1;;
02/12/2021  12:47:16,415463;9,396356E-1;1,382046E-1;1,458495E-1;9,395850E-1;;
02/12/2021  12:47:16,415563;9,396177E-1;1,410718E-1;1,332122E-1;9,396191E-1;;
02/12/2021  12:47:16,415663;9,388100E-1;1,184526E-1;1,351078E-1;9,396508E-1;;
02/12/2021  12:47:16,415763;9,390723E-1;4,231200E-2;8,898175E-2;9,396799E-1;;
02/12/2021  12:47:16,415863;9,399575E-1;1,920446E-1;1,913437E-1;9,397064E-1;;
02/12/2021  12:47:16,415963;9,405356E-1;1,429833E-1;1,461654E-1;9,397304E-1;;
02/12/2021  12:47:16,416063;9,400051E-1;1,372488E-1;1,287892E-1;9,397521E-1;;
02/12/2021  12:47:16,416163;9,384822E-1;1,359745E-1;1,395309E-1;9,397717E-1;;
02/12/2021  12:47:16,416263;9,389203E-1;1,152668E-1;1,180475E-1;9,397892E-1;;
02/12/2021  12:47:16,416363;9,393703E-1;3,116170E-2;8,519056E-2;9,398045E-1;;
02/12/2021  12:47:16,416463;9,397757E-1;1,401161E-1;1,335282E-1;9,398176E-1;;
02/12/2021  12:47:16,416563;9,390902E-1;1,318330E-1;1,256299E-1;9,398286E-1;;
02/12/2021  12:47:16,416663;9,384465E-1;1,213198E-1;1,253139E-1;9,398375E-1;;
02/12/2021  12:47:16,416763;9,382438E-1;1,340630E-1;1,376353E-1;9,398443E-1;;
02/12/2021  12:47:16,416863;9,390485E-1;8,436456E-2;5,896821E-2;9,398489E-1;;
02/12/2021  12:47:16,416963;9,384494E-1;7,576290E-2;7,002583E-2;9,398511E-1;;
02/12/2021  12:47:16,417063;9,375762E-1;1,057094E-1;1,142563E-1;9,398510E-1;;
02/12/2021  12:47:16,417163;9,365599E-1;4,645354E-2;7,602853E-2;9,398484E-1;;
02/12/2021  12:47:16,417263;9,364973E-1;1,496735E-1;1,316326E-1;9,398430E-1;;
02/12/2021  12:47:16,417363;9,369086E-1;1,378860E-1;1,291051E-1;9,398344E-1;;
02/12/2021  12:47:16,417463;9,363394E-1;1,283286E-1;1,231024E-1;9,398223E-1;;
02/12/2021  12:47:16,417563;9,348075E-1;1,210013E-1;1,268936E-1;9,398064E-1;;
02/12/2021  12:47:16,417663;9,332816E-1;1,468062E-1;1,401627E-1;9,397863E-1;;
02/12/2021  12:47:16,417763;9,333114E-1;2,925022E-2;9,245700E-2;9,397613E-1;;
02/12/2021  12:47:16,417863;9,331028E-1;6,397544E-2;1,351078E-1;9,397307E-1;;
02/12/2021  12:47:16,417963;9,330074E-1;1,232313E-1;1,180475E-1;9,396939E-1;;
02/12/2021  12:47:16,418063;9,315202E-1;7,480716E-2;1,442179E-2;9,396502E-1;;
02/12/2021  12:47:16,418163;9,309242E-1;1,347002E-1;1,319485E-1;9,395992E-1;;
02/12/2021  12:47:16,418263;9,313593E-1;1,308772E-1;1,486929E-1;9,395400E-1;;
02/12/2021  12:47:16,418363;9,309599E-1;1,076209E-1;1,205749E-1;9,394722E-1;;
02/12/2021  12:47:16,418463;9,313772E-1;8,468314E-2;1,031987E-1;9,393954E-1;;
02/12/2021  12:47:16,418563;9,309123E-1;6,620550E-2;8,834988E-2;9,393092E-1;;
02/12/2021  12:47:16,418663;9,311537E-1;1,133553E-1;1,167838E-1;9,392134E-1;;
02/12/2021  12:47:16,418763;9,322921E-1;9,838208E-2;1,003553E-1;9,391081E-1;;
02/12/2021  12:47:16,418863;9,328554E-1;9,583344E-2;1,016190E-1;9,389935E-1;;
02/12/2021  12:47:16,418963;9,328465E-1;1,280100E-1;1,632258E-1;9,388698E-1;;
02/12/2021  12:47:16,419063;9,324590E-1;1,248242E-1;1,170997E-1;9,387377E-1;;
02/12/2021  12:47:16,419163;9,318570E-1;-4,020022E-2;8,898175E-2;9,385978E-1;;
02/12/2021  12:47:16,419263;9,331892E-1;3,817046E-2;8,803395E-2;9,384504E-1;;
02/12/2021  12:47:16,419363;9,332995E-1;9,647060E-2;1,095173E-1;9,382962E-1;;
02/12/2021  12:47:16,419463;9,333829E-1;1,022050E-1;1,126766E-1;9,381359E-1;;
02/12/2021  12:47:16,419563;9,334336E-1;9,774492E-2;1,114129E-1;9,379703E-1;;
02/12/2021  12:47:16,419663;9,329895E-1;1,225942E-1;1,439539E-1;9,378001E-1;;
02/12/2021  12:47:16,419763;9,335737E-1;1,002936E-1;1,249980E-1;9,376260E-1;;
02/12/2021  12:47:16,419863;9,326885E-1;1,057094E-1;1,265777E-1;9,374489E-1;;
02/12/2021  12:47:16,419963;9,324352E-1;1,143111E-1;1,291051E-1;9,372692E-1;;
02/12/2021  12:47:16,420063;9,310821E-1;1,092138E-1;1,199431E-1;9,370875E-1;;
02/12/2021  12:47:16,420163;9,310195E-1;1,302401E-1;1,259458E-1;9,369041E-1;;
02/12/2021  12:47:16,420263;9,315798E-1;1,493549E-1;1,038306E-1;9,367193E-1;;
02/12/2021  12:47:16,420363;9,312431E-1;1,544522E-1;1,420583E-1;9,365333E-1;;
02/12/2021  12:47:16,420463;9,307305E-1;1,700626E-1;1,467973E-1;9,363463E-1;;
02/12/2021  12:47:16,420563;9,300480E-1;1,624167E-1;1,553275E-1;9,361587E-1;;
02/12/2021  12:47:16,420663;9,296575E-1;1,751599E-1;1,534319E-1;9,359704E-1;;
02/12/2021  12:47:16,420763;9,305755E-1;1,442576E-1;1,395309E-1;9,357816E-1;;
02/12/2021  12:47:16,420863;9,304294E-1;1,483991E-1;1,404787E-1;9,355924E-1;;
02/12/2021  12:47:16,420963;9,311358E-1;1,461691E-1;1,426902E-1;9,354030E-1;;
02/12/2021  12:47:16,421063;9,305487E-1;1,235499E-1;1,098333E-1;9,352138E-1;;
02/12/2021  12:47:16,421163;9,308556E-1;1,318330E-1;1,322644E-1;9,350250E-1;;
02/12/2021  12:47:16,421263;9,322981E-1;1,260985E-1;1,509044E-1;9,348371E-1;;
02/12/2021  12:47:16,421363;9,321401E-1;1,159040E-1;1,212068E-1;9,346505E-1;;
02/12/2021  12:47:16,421463;9,323756E-1;1,114439E-1;1,189953E-1;9,344659E-1;;
02/12/2021  12:47:16,421563;9,320060E-1;1,178155E-1;1,246821E-1;9,342839E-1;;
02/12/2021  12:47:16,421663;9,323279E-1;7,512574E-2;8,329497E-2;9,341049E-1;;
02/12/2021  12:47:16,421763;9,333621E-1;1,337445E-1;1,189953E-1;9,339296E-1;;
02/12/2021  12:47:16,421863;9,341280E-1;1,245056E-1;1,076217E-1;9,337584E-1;;
02/12/2021  12:47:16,421963;9,336511E-1;1,850358E-1;2,191457E-1;9,335923E-1;;
02/12/2021  12:47:16,422063;9,334157E-1;1,260985E-1;1,316326E-1;9,334317E-1;;
02/12/2021  12:47:16,422163;9,338777E-1;1,139925E-1;1,041465E-1;9,332773E-1;;
02/12/2021  12:47:16,422263;9,344081E-1;1,159040E-1;9,972343E-2;9,331296E-1;;
02/12/2021  12:47:16,422363;9,353499E-1;1,031608E-1;1,088855E-1;9,329890E-1;;
02/12/2021  12:47:16,422463;9,351175E-1;1,200455E-1;1,335282E-1;9,328563E-1;;
02/12/2021  12:47:16,422563;9,351622E-1;1,327887E-1;1,249980E-1;9,327320E-1;;
02/12/2021  12:47:16,422663;9,359817E-1;1,136739E-1;1,183634E-1;9,326166E-1;;
02/12/2021  12:47:16,422763;9,365867E-1;1,229127E-1;1,382671E-1;9,325106E-1;;
02/12/2021  12:47:16,422863;9,369116E-1;1,155854E-1;1,215227E-1;9,324145E-1;;
02/12/2021  12:47:16,422963;9,371500E-1;1,146297E-1;1,009872E-1;9,323288E-1;;
02/12/2021  12:47:16,423063;9,365391E-1;3,689614E-2;1,550115E-1;9,322541E-1;;
02/12/2021  12:47:16,423163;9,380113E-1;1,401161E-1;1,370034E-1;9,321906E-1;;
02/12/2021  12:47:16,423263;9,383392E-1;1,235499E-1;1,243661E-1;9,321387E-1;;
02/12/2021  12:47:16,423363;9,384554E-1;1,210013E-1;1,303688E-1;9,320989E-1;;
02/12/2021  12:47:16,423463;9,392034E-1;1,232313E-1;1,174156E-1;9,320714E-1;;
02/12/2021  12:47:16,423563;9,395045E-1;1,165411E-1;1,256299E-1;9,320566E-1;;
02/12/2021  12:47:16,423663;9,407890E-1;1,203641E-1;1,540637E-1;9,320547E-1;;
02/12/2021  12:47:16,423763;9,414834E-1;1,174969E-1;1,259458E-1;9,320663E-1;;
02/12/2021  12:47:16,423863;9,419215E-1;1,350188E-1;1,430061E-1;9,320916E-1;;
02/12/2021  12:47:16,423963;9,415460E-1;1,187712E-1;1,227865E-1;9,321312E-1;;
02/12/2021  12:47:16,424063;9,414685E-1;1,117624E-1;1,272095E-1;9,321852E-1;;
02/12/2021  12:47:16,424163;9,427321E-1;1,324701E-1;1,202590E-1;9,322538E-1;;
02/12/2021  12:47:16,424263;9,434653E-1;1,426647E-1;1,392149E-1;9,323370E-1;;
02/12/2021  12:47:16,424363;9,441329E-1;1,203641E-1;1,291051E-1;9,324351E-1;;
02/12/2021  12:47:16,424463;9,440524E-1;8,595746E-2;1,082536E-1;9,325482E-1;;
02/12/2021  12:47:16,424563;9,443325E-1;1,216384E-1;1,158360E-1;9,326763E-1;;
02/12/2021  12:47:16,424663;9,454621E-1;1,369303E-1;1,575390E-1;9,328195E-1;;
02/12/2021  12:47:16,424763;9,456647E-1;1,041165E-1;1,120448E-1;9,329778E-1;;
02/12/2021  12:47:16,424863;9,461535E-1;1,213198E-1;1,088855E-1;9,331511E-1;;
02/12/2021  12:47:16,424963;9,454382E-1;1,248242E-1;1,461654E-1;9,333394E-1;;
02/12/2021  12:47:16,425063;9,461058E-1;1,210013E-1;1,265777E-1;9,335423E-1;;
02/12/2021  12:47:16,425163;9,475781E-1;8,786894E-2;1,085695E-1;9,337597E-1;;
02/12/2021  12:47:16,425263;9,477897E-1;1,225942E-1;1,256299E-1;9,339913E-1;;
02/12/2021  12:47:16,425363;9,482844E-1;1,114439E-1;1,069899E-1;9,342368E-1;;
02/12/2021  12:47:16,425463;9,477957E-1;1,159040E-1;1,303688E-1;9,344960E-1;;
02/12/2021  12:47:16,425563;9,487046E-1;1,219570E-1;1,212068E-1;9,347686E-1;;
02/12/2021  12:47:16,425663;9,501471E-1;5,346230E-2;3,306178E-2;9,350542E-1;;
02/12/2021  12:47:16,425763;9,509309E-1;1,127182E-1;1,227865E-1;9,353525E-1;;
02/12/2021  12:47:16,425863;9,509935E-1;1,216384E-1;1,335282E-1;9,356634E-1;;
02/12/2021  12:47:16,425963;9,512051E-1;1,407532E-1;1,477451E-1;9,359866E-1;;
02/12/2021  12:47:16,426063;9,520605E-1;1,340630E-1;1,183634E-1;9,363219E-1;;
02/12/2021  12:47:16,426163;9,532883E-1;1,098510E-1;1,123607E-1;9,366690E-1;;
02/12/2021  12:47:16,426263;9,539231E-1;1,225942E-1;1,227865E-1;9,370277E-1;;
02/12/2021  12:47:16,426363;9,543791E-1;1,334259E-1;1,373193E-1;9,373979E-1;;
02/12/2021  12:47:16,426463;9,547785E-1;1,369303E-1;1,249980E-1;9,377793E-1;;
02/12/2021  12:47:16,426563;9,563163E-1;1,085766E-1;1,142563E-1;9,381719E-1;;
02/12/2021  12:47:16,426663;9,567544E-1;1,273729E-1;1,278414E-1;9,385754E-1;;
02/12/2021  12:47:16,426763;9,574429E-1;1,391603E-1;1,379512E-1;9,389899E-1;;
02/12/2021  12:47:16,426863;9,579585E-1;1,095324E-1;1,761790E-1;9,394152E-1;;
02/12/2021  12:47:16,426963;9,586112E-1;1,174969E-1;1,047783E-1;9,398512E-1;;
02/12/2021  12:47:16,427063;9,596453E-1;1,302401E-1;1,509044E-1;9,402977E-1;;
02/12/2021  12:47:16,427163;9,608106E-1;1,143111E-1;1,354238E-1;9,407547E-1;;
02/12/2021  12:47:16,427263;9,611861E-1;1,264171E-1;1,328963E-1;9,412222E-1;;
02/12/2021  12:47:16,427363;9,618060E-1;3,052454E-2;7,697633E-2;9,417000E-1;;
02/12/2021  12:47:16,427463;9,629564E-1;1,267357E-1;1,256299E-1;9,421880E-1;;
02/12/2021  12:47:16,427563;9,635704E-1;9,742634E-2;1,082536E-1;9,426863E-1;;
02/12/2021  12:47:16,427663;9,653437E-1;1,334259E-1;1,398468E-1;9,431948E-1;;
02/12/2021  12:47:16,427763;9,653556E-1;1,506292E-1;1,483770E-1;9,437135E-1;;
02/12/2021  12:47:16,427863;9,661126E-1;1,296029E-1;1,316326E-1;9,442424E-1;;
02/12/2021  12:47:16,427963;9,658712E-1;1,241871E-1;1,253139E-1;9,447815E-1;;
02/12/2021  12:47:16,428063;9,678471E-1;1,343816E-1;1,357397E-1;9,453306E-1;;
02/12/2021  12:47:16,428163;9,683001E-1;1,468062E-1;1,407946E-1;9,458896E-1;;
02/12/2021  12:47:16,428263;9,687770E-1;1,248242E-1;1,351078E-1;9,464582E-1;;
02/12/2021  12:47:16,428363;9,688872E-1;1,117624E-1;1,120448E-1;9,470365E-1;;
02/12/2021  12:47:16,428463;9,694118E-1;1,152668E-1;1,205749E-1;9,476241E-1;;
02/12/2021  12:47:16,428563;9,705681E-1;1,519035E-1;1,486929E-1;9,482206E-1;;
02/12/2021  12:47:16,428663;9,705383E-1;1,321516E-1;1,265777E-1;9,488258E-1;;
02/12/2021  12:47:16,428763;9,706903E-1;1,197269E-1;1,249980E-1;9,494391E-1;;
02/12/2021  12:47:16,428863;9,703923E-1;1,289658E-1;1,742834E-1;9,500601E-1;;
02/12/2021  12:47:16,428963;9,700257E-1;1,165411E-1;1,407946E-1;9,506882E-1;;
02/12/2021  12:47:16,429063;9,710986E-1;1,620981E-1;2,930738E-1;9,513224E-1;;
02/12/2021  12:47:16,429163;9,705115E-1;1,139925E-1;1,202590E-1;9,519619E-1;;
02/12/2021  12:47:16,429263;9,708602E-1;8,850610E-2;9,940750E-2;9,526059E-1;;
02/12/2021  12:47:16,429363;9,694565E-1;1,222756E-1;1,335282E-1;9,532531E-1;;
02/12/2021  12:47:16,429463;9,703386E-1;1,203641E-1;1,158360E-1;9,539026E-1;;
02/12/2021  12:47:16,429563;9,702641E-1;1,315144E-1;1,142563E-1;9,545530E-1;;
02/12/2021  12:47:16,429663;9,702999E-1;1,104881E-1;1,202590E-1;9,552031E-1;;
02/12/2021  12:47:16,429763;9,698558E-1;1,235499E-1;1,306848E-1;9,558518E-1;;
02/12/2021  12:47:16,429863;9,688992E-1;1,225942E-1;1,392149E-1;9,564977E-1;;
02/12/2021  12:47:16,429963;9,692031E-1;1,165411E-1;9,719598E-2;9,571395E-1;;
02/12/2021  12:47:16,430063;9,701807E-1;1,423461E-1;1,373193E-1;9,577758E-1;;
02/12/2021  12:47:16,430163;9,696442E-1;1,327887E-1;1,303688E-1;9,584053E-1;;
02/12/2021  12:47:16,430263;9,685087E-1;1,550893E-1;1,395309E-1;9,590270E-1;;
02/12/2021  12:47:16,430363;9,683180E-1;1,334259E-1;1,237343E-1;9,596395E-1;;
02/12/2021  12:47:16,430463;9,687293E-1;3,052454E-2;8,613836E-2;9,602416E-1;;
02/12/2021  12:47:16,430563;9,692628E-1;1,359745E-1;1,360556E-1;9,608319E-1;;
02/12/2021  12:47:16,430663;9,690541E-1;3,402892E-2;7,729226E-2;9,614096E-1;;
02/12/2021  12:47:16,430763;9,683091E-1;1,324701E-1;1,313166E-1;9,619736E-1;;
02/12/2021  12:47:16,430863;9,674984E-1;1,225942E-1;1,199431E-1;9,625229E-1;;
02/12/2021  12:47:16,430963;9,679991E-1;1,206827E-1;1,038306E-1;9,630567E-1;;
02/12/2021  12:47:16,431063;9,678441E-1;9,455912E-2;8,992954E-2;9,635739E-1;;
02/12/2021  12:47:16,431163;9,676474E-1;1,139925E-1;1,085695E-1;9,640737E-1;;
02/12/2021  12:47:16,431263;9,663331E-1;9,392196E-2;1,085695E-1;9,645553E-1;;
02/12/2021  12:47:16,431363;9,658682E-1;1,037979E-1;1,044624E-1;9,650180E-1;;
02/12/2021  12:47:16,431463;9,656894E-1;8,755036E-2;1,110970E-1;9,654608E-1;;
02/12/2021  12:47:16,431563;9,658563E-1;1,171783E-1;1,449017E-1;9,658830E-1;;
02/12/2021  12:47:16,431663;9,647267E-1;1,283286E-1;1,316326E-1;9,662839E-1;;
02/12/2021  12:47:16,431763;9,634065E-1;1,009307E-1;1,079377E-1;9,666628E-1;;
02/12/2021  12:47:16,431863;9,620296E-1;1,130368E-1;1,430061E-1;9,670189E-1;;
02/12/2021  12:47:16,431963;9,619968E-1;1,028422E-1;1,167838E-1;9,673513E-1;;
02/12/2021  12:47:16,432063;9,616838E-1;1,015679E-1;1,161519E-1;9,676592E-1;;
02/12/2021  12:47:16,432163;9,605364E-1;1,012493E-1;1,088855E-1;9,679419E-1;;
02/12/2021  12:47:16,432263;9,591417E-1;9,774492E-2;1,057261E-1;9,681986E-1;;
02/12/2021  12:47:16,432363;9,581134E-1;1,152668E-1;1,202590E-1;9,684285E-1;;
02/12/2021  12:47:16,432463;9,581015E-1;8,309024E-2;1,357397E-1;9,686310E-1;;
02/12/2021  12:47:16,432563;9,574816E-1;1,181340E-1;1,316326E-1;9,688054E-1;;
02/12/2021  12:47:16,432663;9,565875E-1;1,155854E-1;1,379512E-1;9,689510E-1;;
02/12/2021  12:47:16,432763;9,550795E-1;1,254614E-1;1,297370E-1;9,690675E-1;;
02/12/2021  12:47:16,432863;9,542182E-1;1,222756E-1;1,291051E-1;9,691543E-1;;
02/12/2021  12:47:16,432963;9,545550E-1;1,394789E-1;1,208909E-1;9,692110E-1;;
02/12/2021  12:47:16,433063;9,544000E-1;1,353374E-1;1,360556E-1;9,692372E-1;;
02/12/2021  12:47:16,433163;9,524449E-1;1,404346E-1;1,404787E-1;9,692329E-1;;
02/12/2021  12:47:16,433263;9,517207E-1;1,528593E-1;1,344760E-1;9,691981E-1;;
02/12/2021  12:47:16,433363;9,508236E-1;1,786642E-1;1,540637E-1;9,691325E-1;;
02/12/2021  12:47:16,433463;9,507491E-1;1,917260E-1;1,802861E-1;9,690363E-1;;
02/12/2021  12:47:16,433563;9,501501E-1;1,566822E-1;1,477451E-1;9,689093E-1;;
02/12/2021  12:47:16,433663;9,486838E-1;1,522221E-1;1,347919E-1;9,687520E-1;;
02/12/2021  12:47:16,433763;9,473933E-1;1,496735E-1;1,689125E-1;9,685644E-1;;
02/12/2021  12:47:16,433863;9,460432E-1;1,461691E-1;1,426902E-1;9,683467E-1;;
02/12/2021  12:47:16,433963;9,462131E-1;5,314372E-2;8,045158E-2;9,680992E-1;;
02/12/2021  12:47:16,434063;9,452982E-1;1,318330E-1;1,262617E-1;9,678219E-1;;
02/12/2021  12:47:16,434163;9,439779E-1;1,321516E-1;1,253139E-1;9,675153E-1;;
02/12/2021  12:47:16,434263;9,426040E-1;1,433019E-1;1,452176E-1;9,671796E-1;;
02/12/2021  12:47:16,434363;9,419572E-1;1,410718E-1;1,411105E-1;9,668154E-1;;
02/12/2021  12:47:16,434463;9,416771E-1;5,760384E-2;6,212753E-2;9,664228E-1;;
02/12/2021  12:47:16,434563;9,404969E-1;1,216384E-1;1,221546E-1;9,660023E-1;;
02/12/2021  12:47:16,434663;9,389322E-1;1,292843E-1;1,363715E-1;9,655545E-1;;
02/12/2021  12:47:16,434763;9,375285E-1;1,426647E-1;1,278414E-1;9,650799E-1;;
02/12/2021  12:47:16,434863;9,368252E-1;1,174969E-1;1,177316E-1;9,645787E-1;;
02/12/2021  12:47:16,434963;9,360324E-1;1,347002E-1;1,521681E-1;9,640515E-1;;
02/12/2021  12:47:16,435063;9,347509E-1;1,429833E-1;1,426902E-1;9,634988E-1;;
02/12/2021  12:47:16,435163;9,328077E-1;1,483991E-1;1,366875E-1;9,629209E-1;;
02/12/2021  12:47:16,435263;9,310464E-1;1,114439E-1;1,208909E-1;9,623183E-1;;
02/12/2021  12:47:16,435363;9,304294E-1;4,995792E-2;6,939396E-2;9,616912E-1;;
02/12/2021  12:47:16,435463;9,293387E-1;1,296029E-1;1,316326E-1;9,610399E-1;;
02/12/2021  12:47:16,435563;9,280184E-1;1,461691E-1;1,338441E-1;9,603648E-1;;
02/12/2021  12:47:16,435663;9,261050E-1;1,273729E-1;1,338441E-1;9,596662E-1;;
02/12/2021  12:47:16,435763;9,237148E-1;1,245056E-1;1,262617E-1;9,589442E-1;;
02/12/2021  12:47:16,435863;9,228863E-1;1,315144E-1;1,338441E-1;9,581991E-1;;
02/12/2021  12:47:16,435963;9,221561E-1;1,289658E-1;1,458495E-1;9,574310E-1;;
02/12/2021  12:47:16,436063;9,208984E-1;1,276914E-1;1,246821E-1;9,566399E-1;;
02/12/2021  12:47:16,436163;9,200520E-1;1,283286E-1;1,341600E-1;9,558262E-1;;
02/12/2021  12:47:16,436263;9,188897E-1;1,127182E-1;1,212068E-1;9,549904E-1;;
02/12/2021  12:47:16,436363;9,190387E-1;1,455319E-1;1,471132E-1;9,541327E-1;;
02/12/2021  12:47:16,436463;9,189821E-1;1,385232E-1;1,354238E-1;9,532540E-1;;
02/12/2021  12:47:16,436563;9,175694E-1;1,343816E-1;1,344760E-1;9,523551E-1;;
02/12/2021  12:47:16,436663;9,168005E-1;1,216384E-1;1,224705E-1;9,514369E-1;;
02/12/2021  12:47:16,436763;9,161061E-1;1,605052E-1;1,575390E-1;9,505005E-1;;
02/12/2021  12:47:16,436863;9,169913E-1;1,589123E-1;1,856569E-1;9,495470E-1;;
02/12/2021  12:47:16,436963;9,167081E-1;1,276914E-1;1,208909E-1;9,485777E-1;;
02/12/2021  12:47:16,437063;9,165204E-1;1,308772E-1;1,268936E-1;9,475941E-1;;
02/12/2021  12:47:16,437163;9,157395E-1;1,340630E-1;1,287892E-1;9,465979E-1;;
02/12/2021  12:47:16,437263;9,152448E-1;1,420275E-1;1,354238E-1;9,455906E-1;;
02/12/2021  12:47:16,437363;9,156799E-1;1,117624E-1;1,234183E-1;9,445740E-1;;
02/12/2021  12:47:16,437463;9,161210E-1;1,111253E-1;1,161519E-1;9,435498E-1;;
02/12/2021  12:47:16,437563;9,151852E-1;1,028422E-1;1,126766E-1;9,425200E-1;;
02/12/2021  12:47:16,437663;9,144044E-1;1,229127E-1;1,332122E-1;9,414864E-1;;
02/12/2021  12:47:16,437763;9,138918E-1;7,512574E-2;9,593225E-2;9,404507E-1;;
02/12/2021  12:47:16,437863;9,147471E-1;1,299215E-1;1,322644E-1;9,394148E-1;;
02/12/2021  12:47:16,437963;9,147233E-1;1,283286E-1;1,227865E-1;9,383804E-1;;
02/12/2021  12:47:16,438063;9,145504E-1;1,194084E-1;1,246821E-1;9,373492E-1;;
02/12/2021  12:47:16,438163;9,139067E-1;1,522221E-1;1,685966E-1;9,363232E-1;;
02/12/2021  12:47:16,438263;9,142524E-1;1,165411E-1;1,139404E-1;9,353041E-1;;
02/12/2021  12:47:16,438363;9,148335E-1;7,958586E-2;1,066739E-1;9,342936E-1;;
02/12/2021  12:47:16,438463;9,154862E-1;1,232313E-1;1,246821E-1;9,332934E-1;;
02/12/2021  12:47:16,438563;9,146130E-1;1,394789E-1;1,354238E-1;9,323055E-1;;
02/12/2021  12:47:16,438663;9,141779E-1;1,353374E-1;1,635417E-1;9,313314E-1;;
02/12/2021  12:47:16,438763;9,147084E-1;9,455912E-2;9,182514E-2;9,303728E-1;;
02/12/2021  12:47:16,438863;9,154981E-1;9,583344E-2;1,104651E-1;9,294312E-1;;
02/12/2021  12:47:16,438963;9,155071E-1;1,235499E-1;1,332122E-1;9,285080E-1;;
02/12/2021  12:47:16,439063;9,149289E-1;1,283286E-1;1,294210E-1;9,276048E-1;;
02/12/2021  12:47:16,439163;9,141004E-1;1,222756E-1;1,262617E-1;9,267229E-1;;
02/12/2021  12:47:16,439263;9,142673E-1;1,260985E-1;1,287892E-1;9,258634E-1;;
02/12/2021  12:47:16,439363;9,149706E-1;1,375674E-1;1,189953E-1;9,250272E-1;;
02/12/2021  12:47:16,439463;9,148455E-1;1,139925E-1;9,435259E-2;9,242153E-1;;
02/12/2021  12:47:16,439563;9,141361E-1;1,238685E-1;1,240502E-1;9,234285E-1;;
02/12/2021  12:47:16,439663;9,138173E-1;1,181340E-1;1,246821E-1;9,226675E-1;;
02/12/2021  12:47:16,439763;9,136474E-1;1,101695E-1;9,845971E-2;9,219328E-1;;
02/12/2021  12:47:16,439863;9,145802E-1;1,123996E-1;9,972343E-2;9,212248E-1;;
02/12/2021  12:47:16,439963;9,150153E-1;1,216384E-1;1,148882E-1;9,205438E-1;;
02/12/2021  12:47:16,440063;9,143895E-1;1,292843E-1;1,347919E-1;9,198903E-1;;
02/12/2021  12:47:16,440163;9,143060E-1;1,028422E-1;1,129926E-1;9,192646E-1;;
02/12/2021  12:47:16,440263;9,160763E-1;1,311958E-1;1,303688E-1;9,186668E-1;;
02/12/2021  12:47:16,440363;9,162343E-1;1,490363E-1;1,638576E-1;9,180973E-1;;
02/12/2021  12:47:16,440463;9,168840E-1;1,232313E-1;1,284732E-1;9,175563E-1;;
02/12/2021  12:47:16,440563;9,165621E-1;1,127182E-1;9,466852E-2;9,170443E-1;;
02/12/2021  12:47:16,440663;9,170360E-1;1,353374E-1;1,509044E-1;9,165614E-1;;
02/12/2021  12:47:16,440763;9,188808E-1;1,452133E-1;1,351078E-1;9,161078E-1;;
02/12/2021  12:47:16,440863;9,195305E-1;1,216384E-1;1,243661E-1;9,156839E-1;;
02/12/2021  12:47:16,440963;9,196646E-1;1,331073E-1;1,316326E-1;9,152900E-1;;
02/12/2021  12:47:16,441063;9,197689E-1;1,178155E-1;1,158360E-1;9,149264E-1;;
02/12/2021  12:47:16,441163;9,207315E-1;1,187712E-1;1,262617E-1;9,145933E-1;;
02/12/2021  12:47:16,441263;9,218492E-1;1,098510E-1;1,780746E-1;9,142910E-1;;
02/12/2021  12:47:16,441363;9,230621E-1;1,200455E-1;1,227865E-1;9,140196E-1;;
02/12/2021  12:47:16,441463;9,232410E-1;1,334259E-1;1,439539E-1;9,137794E-1;;
02/12/2021  12:47:16,441563;9,232499E-1;1,146297E-1;1,268936E-1;9,135706E-1;;
02/12/2021  12:47:16,441663;9,235837E-1;1,969282E-2;6,402312E-2;9,133933E-1;;
02/12/2021  12:47:16,441763;9,253480E-1;9,742634E-2;8,550650E-2;9,132474E-1;;
02/12/2021  12:47:16,441863;9,259411E-1;1,136739E-1;1,177316E-1;9,131330E-1;;
02/12/2021  12:47:16,441963;9,264209E-1;1,248242E-1;1,395309E-1;9,130500E-1;;
02/12/2021  12:47:16,442063;9,272793E-1;1,327887E-1;1,347919E-1;9,129984E-1;;
02/12/2021  12:47:16,442163;9,280541E-1;1,283286E-1;1,088855E-1;9,129782E-1;;
02/12/2021  12:47:16,442263;9,301970E-1;1,538150E-1;1,673329E-1;9,129891E-1;;
02/12/2021  12:47:16,442363;9,310195E-1;1,260985E-1;1,275255E-1;9,130313E-1;;
02/12/2021  12:47:16,442463;9,312520E-1;1,267357E-1;1,155200E-1;9,131047E-1;;
02/12/2021  12:47:16,442563;9,313325E-1;1,031608E-1;1,202590E-1;9,132093E-1;;
02/12/2021  12:47:16,442663;9,328614E-1;1,219570E-1;1,253139E-1;9,133450E-1;;
02/12/2021  12:47:16,442763;9,344469E-1;9,264764E-2;1,189953E-1;9,135114E-1;;
02/12/2021  12:47:16,442863;9,352665E-1;1,283286E-1;1,240502E-1;9,137084E-1;;
02/12/2021  12:47:16,442963;9,357672E-1;1,123996E-1;1,142563E-1;9,139359E-1;;
02/12/2021  12:47:16,443063;9,359192E-1;3,371034E-2;9,024547E-2;9,141936E-1;;
02/12/2021  12:47:16,443163;9,375732E-1;1,267357E-1;1,196272E-1;9,144812E-1;;
02/12/2021  12:47:16,443263;9,394121E-1;1,194084E-1;1,193112E-1;9,147982E-1;;
02/12/2021  12:47:16,443363;9,400975E-1;1,369303E-1;1,379512E-1;9,151443E-1;;
02/12/2021  12:47:16,443463;9,408724E-1;1,302401E-1;1,272095E-1;9,155194E-1;;
02/12/2021  12:47:16,443563;9,410125E-1;1,270543E-1;1,136244E-1;9,159230E-1;;
02/12/2021  12:47:16,443663;9,427351E-1;9,742634E-2;1,155200E-1;9,163547E-1;;
02/12/2021  12:47:16,443763;9,434802E-1;9,455912E-2;1,240502E-1;9,168140E-1;;
02/12/2021  12:47:16,443863;9,442312E-1;1,162226E-1;1,215227E-1;9,173003E-1;;
02/12/2021  12:47:16,443963;9,445739E-1;1,098510E-1;1,208909E-1;9,178132E-1;;
02/12/2021  12:47:16,444063;9,449584E-1;9,806350E-2;9,845971E-2;9,183519E-1;;
02/12/2021  12:47:16,444163;9,465529E-1;6,110822E-2;1,088855E-1;9,189156E-1;;
02/12/2021  12:47:16,444263;9,480907E-1;1,321516E-1;1,291051E-1;9,195035E-1;;
02/12/2021  12:47:16,444363;9,481294E-1;9,838208E-2;1,164678E-1;9,201150E-1;;
02/12/2021  12:47:16,444463;9,479894E-1;9,965640E-2;1,325804E-1;9,207493E-1;;
02/12/2021  12:47:16,444563;9,485974E-1;9,647060E-2;1,085695E-1;9,214054E-1;;
02/12/2021  12:47:16,444663;9,495153E-1;1,095324E-1;1,158360E-1;9,220823E-1;;
02/12/2021  12:47:16,444763;9,499653E-1;1,178155E-1;1,442698E-1;9,227788E-1;;
02/12/2021  12:47:16,444863;9,502693E-1;1,069837E-1;1,180475E-1;9,234938E-1;;
02/12/2021  12:47:16,444963;9,504690E-1;1,034794E-1;1,259458E-1;9,242262E-1;;
02/12/2021  12:47:16,445063;9,507104E-1;9,519628E-2;1,092014E-1;9,249745E-1;;
02/12/2021  12:47:16,445163;9,517118E-1;-2,607782E-3;6,465498E-2;9,257375E-1;;
02/12/2021  12:47:16,445263;9,525820E-1;8,181592E-2;1,025668E-1;9,265138E-1;;
02/12/2021  12:47:16,445363;9,526535E-1;5,664810E-2;8,898175E-2;9,273021E-1;;
02/12/2021  12:47:16,445463;9,519621E-1;8,627604E-2;1,047783E-1;9,281011E-1;;
02/12/2021  12:47:16,445563;9,522661E-1;7,034704E-2;9,530039E-2;9,289093E-1;;
02/12/2021  12:47:16,445663;9,533897E-1;1,362931E-1;1,689125E-1;9,297253E-1;;
02/12/2021  12:47:16,445763;9,538218E-1;1,002936E-1;1,212068E-1;9,305474E-1;;
02/12/2021  12:47:16,445863;9,538248E-1;1,047537E-1;1,284732E-1;9,313745E-1;;
02/12/2021  12:47:16,445963;9,536639E-1;1,133553E-1;1,170997E-1;9,322050E-1;;
02/12/2021  12:47:16,446063;9,537354E-1;1,210013E-1;1,259458E-1;9,330374E-1;;
02/12/2021  12:47:16,446163;9,551421E-1;1,162226E-1;1,227865E-1;9,338705E-1;;
02/12/2021  12:47:16,446263;9,553746E-1;1,404346E-1;1,325804E-1;9,347027E-1;;
02/12/2021  12:47:16,446363;9,554520E-1;1,767528E-1;1,518522E-1;9,355329E-1;;
02/12/2021  12:47:16,446463;9,549454E-1;1,710183E-1;1,534319E-1;9,363598E-1;;
02/12/2021  12:47:16,446563;9,557083E-1;1,643281E-1;1,351078E-1;9,371823E-1;;
02/12/2021  12:47:16,446663;9,557709E-1;1,595494E-1;1,486929E-1;9,379990E-1;;
02/12/2021  12:47:16,446763;9,557143E-1;1,522221E-1;1,505885E-1;9,388089E-1;;
02/12/2021  12:47:16,446863;9,555981E-1;1,576380E-1;1,606983E-1;9,396107E-1;;
02/12/2021  12:47:16,446963;9,554193E-1;9,392196E-2;1,202590E-1;9,404033E-1;;
02/12/2021  12:47:16,447063;9,547934E-1;1,302401E-1;1,231024E-1;9,411855E-1;;
02/12/2021  12:47:16,447163;9,555057E-1;9,232906E-2;1,126766E-1;9,419560E-1;;
02/12/2021  12:47:16,447263;9,556577E-1;1,286472E-1;1,366875E-1;9,427138E-1;;
02/12/2021  12:47:16,447363;9,545639E-1;1,257800E-1;1,237343E-1;9,434578E-1;;
02/12/2021  12:47:16,447463;9,531244E-1;7,353284E-2;1,294210E-1;9,441867E-1;;
02/12/2021  12:47:16,447563;9,533480E-1;9,392196E-2;1,082536E-1;9,448995E-1;;
02/12/2021  12:47:16,447663;9,536013E-1;1,487177E-1;1,644895E-1;9,455946E-1;;
02/12/2021  12:47:16,447763;9,529188E-1;1,340630E-1;1,335282E-1;9,462711E-1;;
02/12/2021  12:47:16,447863;9,522154E-1;1,117624E-1;1,069899E-1;9,469277E-1;;
02/12/2021  12:47:16,447963;9,509488E-1;1,251428E-1;1,281573E-1;9,475633E-1;;
02/12/2021  12:47:16,448063;9,518220E-1;1,321516E-1;1,382671E-1;9,481767E-1;;
02/12/2021  12:47:16,448163;9,525135E-1;1,334259E-1;1,256299E-1;9,487668E-1;;
02/12/2021  12:47:16,448263;9,522721E-1;1,114439E-1;1,073058E-1;9,493329E-1;;
02/12/2021  12:47:16,448363;9,509816E-1;1,305587E-1;1,287892E-1;9,498743E-1;;
02/12/2021  12:47:16,448463;9,498878E-1;1,206827E-1;1,164678E-1;9,503904E-1;;
02/12/2021  12:47:16,448563;9,500875E-1;8,086018E-2;9,277293E-2;9,508805E-1;;
02/12/2021  12:47:16,448663;9,511992E-1;1,264171E-1;1,284732E-1;9,513438E-1;;
02/12/2021  12:47:16,448763;9,506865E-1;9,360338E-2;1,003553E-1;9,517800E-1;;
02/12/2021  12:47:16,448863;9,501978E-1;1,232313E-1;1,265777E-1;9,521888E-1;;
02/12/2021  12:47:16,448963;9,499593E-1;1,181340E-1;1,199431E-1;9,525702E-1;;
02/12/2021  12:47:16,449063;9,504153E-1;1,305587E-1;1,325804E-1;9,529240E-1;;
02/12/2021  12:47:16,449163;9,502782E-1;1,448948E-1;1,651214E-1;9,532502E-1;;
02/12/2021  12:47:16,449263;9,492053E-1;1,184526E-1;1,243661E-1;9,535490E-1;;
02/12/2021  12:47:16,449363;9,482308E-1;1,248242E-1;1,202590E-1;9,538205E-1;;
02/12/2021  12:47:16,449463;9,473039E-1;1,477620E-1;1,657532E-1;9,540649E-1;;
02/12/2021  12:47:16,449563;9,472205E-1;1,280100E-1;1,275255E-1;9,542820E-1;;
02/12/2021  12:47:16,449663;9,477271E-1;1,155854E-1;1,306848E-1;9,544720E-1;;
02/12/2021  12:47:16,449763;9,472771E-1;1,213198E-1;1,152041E-1;9,546349E-1;;
02/12/2021  12:47:16,449863;9,455843E-1;1,162226E-1;1,098333E-1;9,547711E-1;;
02/12/2021  12:47:16,449963;9,451491E-1;1,292843E-1;1,291051E-1;9,548808E-1;;
02/12/2021  12:47:16,450063;9,461922E-1;1,356559E-1;1,325804E-1;9,549641E-1;;
02/12/2021  12:47:16,450163;9,456707E-1;1,104881E-1;1,231024E-1;9,550215E-1;;
02/12/2021  12:47:16,450263;9,448124E-1;1,289658E-1;1,493248E-1;9,550534E-1;;
02/12/2021  12:47:16,450363;9,441269E-1;1,289658E-1;1,332122E-1;9,550602E-1;;
02/12/2021  12:47:16,450463;9,436441E-1;1,267357E-1;1,360556E-1;9,550424E-1;;
02/12/2021  12:47:16,450563;9,439213E-1;7,417000E-2;8,803395E-2;9,550006E-1;;
02/12/2021  12:47:16,450663;9,435368E-1;1,171783E-1;1,265777E-1;9,549351E-1;;
02/12/2021  12:47:16,450763;9,426099E-1;1,554079E-1;1,654373E-1;9,548467E-1;;
02/12/2021  12:47:16,450863;9,410214E-1;1,305587E-1;1,272095E-1;9,547359E-1;;
02/12/2021  12:47:16,450963;9,407592E-1;1,257800E-1;1,243661E-1;9,546031E-1;;
02/12/2021  12:47:16,451063;9,412986E-1;1,448948E-1;1,474292E-1;9,544489E-1;;
02/12/2021  12:47:16,451163;9,410363E-1;1,382046E-1;1,376353E-1;9,542737E-1;;
02/12/2021  12:47:16,451263;9,399455E-1;1,315144E-1;1,013031E-1;9,540782E-1;;
02/12/2021  12:47:16,451363;9,385895E-1;1,633724E-1;2,169342E-1;9,538630E-1;;
02/12/2021  12:47:16,451463;9,381276E-1;1,331073E-1;1,284732E-1;9,536286E-1;;
02/12/2021  12:47:16,451563;9,377938E-1;1,372488E-1;1,152041E-1;9,533755E-1;;
02/12/2021  12:47:16,451663;9,369950E-1;1,318330E-1;1,224705E-1;9,531041E-1;;
02/12/2021  12:47:16,451763;9,365778E-1;1,009307E-1;1,088855E-1;9,528149E-1;;
02/12/2021  12:47:16,451863;9,353320E-1;1,149482E-1;1,310007E-1;9,525084E-1;;
02/12/2021  12:47:16,451963;9,352814E-1;1,362931E-1;1,335282E-1;9,521850E-1;;
02/12/2021  12:47:16,452063;9,355109E-1;1,213198E-1;1,227865E-1;9,518452E-1;;
02/12/2021  12:47:16,452163;9,353350E-1;1,347002E-1;1,313166E-1;9,514895E-1;;
02/12/2021  12:47:16,452263;9,341459E-1;1,308772E-1;1,287892E-1;9,511186E-1;;
02/12/2021  12:47:16,452363;9,340833E-1;1,276914E-1;1,193112E-1;9,507333E-1;;
02/12/2021  12:47:16,452463;9,342591E-1;1,448948E-1;1,622780E-1;9,503341E-1;;
02/12/2021  12:47:16,452563;9,346972E-1;1,292843E-1;1,597505E-1;9,499220E-1;;
02/12/2021  12:47:16,452663;9,343932E-1;1,353374E-1;1,310007E-1;9,494978E-1;;
02/12/2021  12:47:16,452763;9,343932E-1;1,190898E-1;1,177316E-1;9,490625E-1;;
02/12/2021  12:47:16,452863;9,334574E-1;1,385232E-1;1,426902E-1;9,486172E-1;;
02/12/2021  12:47:16,452963;9,344141E-1;1,305587E-1;1,426902E-1;9,481630E-1;;
02/12/2021  12:47:16,453063;9,352158E-1;1,340630E-1;1,316326E-1;9,477009E-1;;
02/12/2021  12:47:16,453163;9,352367E-1;1,327887E-1;1,212068E-1;9,472322E-1;;
02/12/2021  12:47:16,453263;9,343664E-1;1,471248E-1;1,727037E-1;9,467583E-1;;
02/12/2021  12:47:16,453363;9,333591E-1;1,407532E-1;1,449017E-1;9,462804E-1;;
02/12/2021  12:47:16,453463;9,340922E-1;1,280100E-1;1,262617E-1;9,457997E-1;;
02/12/2021  12:47:16,453563;9,344737E-1;1,429833E-1;1,496407E-1;9,453171E-1;;
02/12/2021  12:47:16,453663;9,336124E-1;1,114439E-1;1,098333E-1;9,448339E-1;;
02/12/2021  12:47:16,453763;9,338955E-1;1,334259E-1;1,556434E-1;9,443511E-1;;
02/12/2021  12:47:16,453863;9,331147E-1;1,413904E-1;1,281573E-1;9,438698E-1;;
02/12/2021  12:47:16,453963;9,340684E-1;1,264171E-1;1,281573E-1;9,433908E-1;;
02/12/2021  12:47:16,454063;9,337316E-1;1,257800E-1;1,265777E-1;9,429151E-1;;
02/12/2021  12:47:16,454163;9,337286E-1;1,245056E-1;1,322644E-1;9,424437E-1;;
02/12/2021  12:47:16,454263;9,327809E-1;1,318330E-1;1,158360E-1;9,419774E-1;;
02/12/2021  12:47:16,454363;9,330402E-1;8,436456E-2;1,471132E-1;9,415171E-1;;
02/12/2021  12:47:16,454463;9,336899E-1;1,264171E-1;1,363715E-1;9,410634E-1;;
02/12/2021  12:47:16,454563;9,337108E-1;1,245056E-1;1,262617E-1;9,406171E-1;;
02/12/2021  12:47:16,454663;9,338866E-1;1,474434E-1;1,433221E-1;9,401789E-1;;
02/12/2021  12:47:16,454763;9,337823E-1;1,512664E-1;1,325804E-1;9,397496E-1;;
02/12/2021  12:47:16,454863;9,336988E-1;1,289658E-1;1,262617E-1;9,393298E-1;;
02/12/2021  12:47:16,454963;9,345125E-1;1,375674E-1;1,442698E-1;9,389203E-1;;
02/12/2021  12:47:16,455063;9,351026E-1;1,369303E-1;1,338441E-1;9,385217E-1;;
02/12/2021  12:47:16,455163;9,348462E-1;1,397975E-1;1,515363E-1;9,381347E-1;;
02/12/2021  12:47:16,455263;9,338627E-1;1,235499E-1;1,199431E-1;9,377600E-1;;
02/12/2021  12:47:16,455363;9,343217E-1;1,101695E-1;9,372073E-2;9,373982E-1;;
02/12/2021  12:47:16,455463;9,353678E-1;1,347002E-1;1,126766E-1;9,370496E-1;;
02/12/2021  12:47:16,455563;9,359579E-1;1,311958E-1;1,341600E-1;9,367146E-1;;
02/12/2021  12:47:16,455663;9,359490E-1;1,334259E-1;1,366875E-1;9,363940E-1;;
02/12/2021  12:47:16,455763;9,353648E-1;1,181340E-1;1,025668E-1;9,360881E-1;;
02/12/2021  12:47:16,455863;9,371590E-1;1,082581E-1;1,183634E-1;9,357974E-1;;
02/12/2021  12:47:16,455963;9,377967E-1;1,194084E-1;1,148882E-1;9,355225E-1;;
02/12/2021  12:47:16,456063;9,384375E-1;1,241871E-1;1,234183E-1;9,352637E-1;;
02/12/2021  12:47:16,456163;9,389293E-1;1,296029E-1;1,025668E-1;9,350219E-1;;
02/12/2021  12:47:16,456263;9,385478E-1;1,069837E-1;7,855599E-2;9,347976E-1;;
02/12/2021  12:47:16,456363;9,396982E-1;1,675139E-1;1,866047E-1;9,345913E-1;;
02/12/2021  12:47:16,456463;9,410304E-1;1,598680E-1;1,537478E-1;9,344034E-1;;
02/12/2021  12:47:16,456563;9,404909E-1;1,340630E-1;1,322644E-1;9,342346E-1;;
02/12/2021  12:47:16,456663;9,409112E-1;1,136739E-1;1,183634E-1;9,340853E-1;;
02/12/2021  12:47:16,456763;9,410125E-1;1,190898E-1;1,278414E-1;9,339558E-1;;
02/12/2021  12:47:16,456863;9,421897E-1;1,372488E-1;1,338441E-1;9,338464E-1;;
02/12/2021  12:47:16,456963;9,434027E-1;1,098510E-1;1,079377E-1;9,337574E-1;;
02/12/2021  12:47:16,457063;9,435219E-1;1,254614E-1;1,231024E-1;9,336891E-1;;
02/12/2021  12:47:16,457163;9,429020E-1;1,155854E-1;1,199431E-1;9,336417E-1;;
02/12/2021  12:47:16,457263;9,421212E-1;1,174969E-1;1,281573E-1;9,336154E-1;;
02/12/2021  12:47:16,457363;9,426278E-1;1,111253E-1;1,234183E-1;9,336100E-1;;
02/12/2021  12:47:16,457463;9,429318E-1;1,085766E-1;1,031987E-1;9,336251E-1;;
02/12/2021  12:47:16,457563;9,430123E-1;1,092138E-1;1,085695E-1;9,336602E-1;;
02/12/2021  12:47:16,457663;9,422165E-1;7,193994E-2;1,050943E-1;9,337150E-1;;
02/12/2021  12:47:16,457763;9,418231E-1;9,806350E-2;1,066739E-1;9,337888E-1;;
02/12/2021  12:47:16,457863;9,429646E-1;9,583344E-2;9,593225E-2;9,338806E-1;;
02/12/2021  12:47:16,457963;9,424073E-1;1,088952E-1;1,445858E-1;9,339898E-1;;
02/12/2021  12:47:16,458063;9,424102E-1;9,710776E-2;1,117289E-1;9,341155E-1;;
02/12/2021  12:47:16,458163;9,414029E-1;4,167484E-2;6,465498E-2;9,342567E-1;;
02/12/2021  12:47:16,458263;9,408724E-1;1,076209E-1;1,158360E-1;9,344123E-1;;
02/12/2021  12:47:16,458363;9,415847E-1;3,721472E-2;8,297904E-2;9,345812E-1;;
02/12/2021  12:47:16,458463;9,418708E-1;8,850610E-2;1,028828E-1;9,347620E-1;;
02/12/2021  12:47:16,458563;9,411764E-1;1,098510E-1;1,202590E-1;9,349537E-1;;
02/12/2021  12:47:16,458663;9,404075E-1;1,187712E-1;1,341600E-1;9,351550E-1;;
02/12/2021  12:47:16,458763;9,398084E-1;1,079395E-1;1,259458E-1;9,353647E-1;;
02/12/2021  12:47:16,458863;9,403509E-1;1,053908E-1;1,139404E-1;9,355813E-1;;
02/12/2021  12:47:16,458963;9,401929E-1;1,353374E-1;1,388990E-1;9,358037E-1;;
02/12/2021  12:47:16,459063;9,394359E-1;1,595494E-1;1,821817E-1;9,360303E-1;;
02/12/2021  12:47:16,459163;9,382319E-1;1,448948E-1;1,382671E-1;9,362600E-1;;
02/12/2021  12:47:16,459263;9,374063E-1;1,423461E-1;1,328963E-1;9,364913E-1;;
02/12/2021  12:47:16,459363;9,377461E-1;1,633724E-1;1,745993E-1;9,367227E-1;;
02/12/2021  12:47:16,459463;9,376716E-1;1,684697E-1;1,528000E-1;9,369527E-1;;
02/12/2021  12:47:16,459563;9,376507E-1;1,617795E-1;1,540637E-1;9,371799E-1;;
02/12/2021  12:47:16,459663;9,367387E-1;1,722926E-1;1,565912E-1;9,374032E-1;;
02/12/2021  12:47:16,459763;9,359728E-1;6,015248E-2;1,013031E-1;9,376212E-1;;
02/12/2021  12:47:16,459863;9,371441E-1;1,417090E-1;1,439539E-1;9,378328E-1;;
02/12/2021  12:47:16,459963;9,371828E-1;1,397975E-1;1,382671E-1;9,380368E-1;;
02/12/2021  12:47:16,460063;9,366553E-1;7,512574E-2;8,076751E-2;9,382326E-1;;
02/12/2021  12:47:16,460163;9,359549E-1;2,383436E-2;9,624818E-2;9,384192E-1;;
02/12/2021  12:47:16,460263;9,361844E-1;1,254614E-1;1,231024E-1;9,385959E-1;;
02/12/2021  12:47:16,460363;9,361606E-1;1,423461E-1;1,667010E-1;9,387621E-1;;
02/12/2021  12:47:16,460463;9,368043E-1;1,082581E-1;1,148882E-1;9,389171E-1;;
02/12/2021  12:47:16,460563;9,357821E-1;-6,112162E-3;6,686651E-2;9,390606E-1;;
02/12/2021  12:47:16,460663;9,351055E-1;4,294916E-2;8,076751E-2;9,391921E-1;;
02/12/2021  12:47:16,460763;9,357970E-1;1,331073E-1;1,300529E-1;9,393114E-1;;
02/12/2021  12:47:16,460863;9,363334E-1;1,533758E-3;7,729226E-2;9,394181E-1;;
02/12/2021  12:47:16,460963;9,360026E-1;1,254614E-1;1,291051E-1;9,395122E-1;;
02/12/2021  12:47:16,461063;9,348403E-1;1,254614E-1;1,287892E-1;9,395935E-1;;
02/12/2021  12:47:16,461163;9,341250E-1;1,076209E-1;1,031987E-1;9,396621E-1;;
02/12/2021  12:47:16,461263;9,341161E-1;1,318330E-1;1,461654E-1;9,397177E-1;;
02/12/2021  12:47:16,461363;9,341429E-1;1,331073E-1;1,180475E-1;9,397602E-1;;
02/12/2021  12:47:16,461463;9,344201E-1;1,206827E-1;1,249980E-1;9,397895E-1;;
02/12/2021  12:47:16,461563;9,340118E-1;1,238685E-1;1,313166E-1;9,398057E-1;;
02/12/2021  12:47:16,461663;9,328375E-1;1,149482E-1;1,256299E-1;9,398089E-1;;
02/12/2021  12:47:16,461763;9,331415E-1;1,165411E-1;1,341600E-1;9,397991E-1;;
02/12/2021  12:47:16,461863;9,336720E-1;1,104881E-1;1,120448E-1;9,397763E-1;;
02/12/2021  12:47:16,461963;9,333442E-1;1,206827E-1;1,212068E-1;9,397408E-1;;
02/12/2021  12:47:16,462063;9,326021E-1;1,302401E-1;1,569071E-1;9,396929E-1;;
02/12/2021  12:47:16,462163;9,318749E-1;1,203641E-1;1,224705E-1;9,396328E-1;;
02/12/2021  12:47:16,462263;9,325425E-1;1,219570E-1;1,164678E-1;9,395606E-1;;
02/12/2021  12:47:16,462363;9,329091E-1;1,512664E-1;1,831295E-1;9,394766E-1;;
02/12/2021  12:47:16,462463;9,325902E-1;1,213198E-1;1,234183E-1;9,393814E-1;;
02/12/2021  12:47:16,462563;9,325514E-1;9,647060E-2;9,719598E-2;9,392752E-1;;
02/12/2021  12:47:16,462663;9,324441E-1;1,213198E-1;1,212068E-1;9,391587E-1;;
02/12/2021  12:47:16,462763;9,336452E-1;1,088952E-1;1,221546E-1;9,390323E-1;;
02/12/2021  12:47:16,462863;9,341578E-1;1,184526E-1;1,278414E-1;9,388968E-1;;
02/12/2021  12:47:16,462963;9,338896E-1;1,331073E-1;1,322644E-1;9,387531E-1;;
02/12/2021  12:47:16,463063;9,328882E-1;1,347002E-1;1,281573E-1;9,386020E-1;;
02/12/2021  12:47:16,463163;9,323488E-1;6,907272E-2;8,929768E-2;9,384443E-1;;
02/12/2021  12:47:16,463263;9,336333E-1;1,159040E-1;1,316326E-1;9,382806E-1;;
02/12/2021  12:47:16,463363;9,341965E-1;1,165411E-1;1,259458E-1;9,381116E-1;;
02/12/2021  12:47:16,463463;9,339730E-1;1,315144E-1;1,373193E-1;9,379382E-1;;
02/12/2021  12:47:16,463563;9,334097E-1;1,111253E-1;1,092014E-1;9,377612E-1;;
02/12/2021  12:47:16,463663;9,335290E-1;9,519628E-2;1,031987E-1;9,375814E-1;;
02/12/2021  12:47:16,463763;9,344379E-1;1,225942E-1;1,354238E-1;9,373995E-1;;
02/12/2021  12:47:16,463863;9,355556E-1;1,429833E-1;1,366875E-1;9,372163E-1;;
02/12/2021  12:47:16,463963;9,355049E-1;1,139925E-1;1,221546E-1;9,370328E-1;;
02/12/2021  12:47:16,464063;9,343485E-1;1,031608E-1;1,126766E-1;9,368499E-1;;
02/12/2021  12:47:16,464163;9,346495E-1;7,162136E-2;7,760819E-2;9,366685E-1;;
02/12/2021  12:47:16,464263;9,355496E-1;1,219570E-1;1,215227E-1;9,364892E-1;;
02/12/2021  12:47:16,464363;9,358625E-1;1,194084E-1;1,284732E-1;9,363129E-1;;
02/12/2021  12:47:16,464463;9,352754E-1;1,206827E-1;1,328963E-1;9,361402E-1;;
02/12/2021  12:47:16,464563;9,353618E-1;1,366117E-1;1,335282E-1;9,359718E-1;;
02/12/2021  12:47:16,464663;9,354483E-1;1,174969E-1;1,231024E-1;9,358083E-1;;
02/12/2021  12:47:16,464763;9,365361E-1;5,505520E-2;1,145722E-1;9,356504E-1;;
02/12/2021  12:47:16,464863;9,365629E-1;1,203641E-1;1,287892E-1;9,354985E-1;;
02/12/2021  12:47:16,464963;9,357582E-1;1,165411E-1;1,183634E-1;9,353532E-1;;
02/12/2021  12:47:16,465063;9,352784E-1;7,257710E-2;9,087734E-2;9,352150E-1;;
02/12/2021  12:47:16,465163;9,348433E-1;1,257800E-1;1,303688E-1;9,350842E-1;;
02/12/2021  12:47:16,465263;9,360622E-1;1,299215E-1;1,107811E-1;9,349609E-1;;
02/12/2021  12:47:16,465363;9,358804E-1;1,050723E-1;1,129926E-1;9,348452E-1;;
02/12/2021  12:47:16,465463;9,353380E-1;1,165411E-1;1,136244E-1;9,347372E-1;;
02/12/2021  12:47:16,465563;9,349029E-1;1,401161E-1;1,407946E-1;9,346371E-1;;
02/12/2021  12:47:16,465663;9,357552E-1;1,292843E-1;1,325804E-1;9,345448E-1;;
02/12/2021  12:47:16,465763;9,366404E-1;1,050723E-1;9,245700E-2;9,344602E-1;;
02/12/2021  12:47:16,465863;9,358595E-1;5,919674E-2;8,582243E-2;9,343835E-1;;
02/12/2021  12:47:16,465963;9,362470E-1;1,378860E-1;1,385831E-1;9,343147E-1;;
02/12/2021  12:47:16,466063;9,357731E-1;1,165411E-1;1,155200E-1;9,342537E-1;;
02/12/2021  12:47:16,466163;9,365271E-1;1,200455E-1;1,161519E-1;9,342006E-1;;
02/12/2021  12:47:16,466263;9,382796E-1;7,926728E-2;6,749837E-2;9,341552E-1;;
02/12/2021  12:47:16,466363;9,383690E-1;1,219570E-1;1,328963E-1;9,341178E-1;;
02/12/2021  12:47:16,466463;9,384017E-1;1,337445E-1;1,376353E-1;9,340886E-1;;
02/12/2021  12:47:16,466563;9,390813E-1;8,117876E-2;8,677022E-2;9,340679E-1;;
02/12/2021  12:47:16,466663;9,405088E-1;1,302401E-1;1,110970E-1;9,340559E-1;;
02/12/2021  12:47:16,466763;9,416264E-1;1,270543E-1;1,714400E-1;9,340531E-1;;
02/12/2021  12:47:16,466863;9,427798E-1;1,388417E-1;1,338441E-1;9,340600E-1;;
02/12/2021  12:47:16,466963;9,426517E-1;3,944478E-2;4,569906E-2;9,340773E-1;;
02/12/2021  12:47:16,467063;9,420854E-1;1,321516E-1;1,338441E-1;9,341055E-1;;
02/12/2021  12:47:16,467163;9,438497E-1;1,248242E-1;1,240502E-1;9,341453E-1;;
02/12/2021  12:47:16,467263;9,444488E-1;1,302401E-1;1,433221E-1;9,341970E-1;;
02/12/2021  12:47:16,467363;9,451015E-1;1,343816E-1;1,272095E-1;9,342611E-1;;
02/12/2021  12:47:16,467463;9,448779E-1;7,289568E-2;8,645429E-2;9,343381E-1;;
02/12/2021  12:47:16,467563;9,453071E-1;1,238685E-1;1,246821E-1;9,344284E-1;;
02/12/2021  12:47:16,467663;9,469165E-1;1,190898E-1;1,193112E-1;9,345324E-1;;
02/12/2021  12:47:16,467763;9,474350E-1;1,433019E-1;1,423743E-1;9,346502E-1;;
02/12/2021  12:47:16,467863;9,476735E-1;1,595494E-1;1,629098E-1;9,347825E-1;;
02/12/2021  12:47:16,467963;9,478523E-1;1,229127E-1;1,227865E-1;9,349293E-1;;
02/12/2021  12:47:16,468063;9,479238E-1;1,350188E-1;1,426902E-1;9,350909E-1;;
02/12/2021  12:47:16,468163;9,495630E-1;1,165411E-1;1,344760E-1;9,352675E-1;;
02/12/2021  12:47:16,468263;9,499355E-1;1,391603E-1;1,388990E-1;9,354591E-1;;
02/12/2021  12:47:16,468363;9,501441E-1;1,331073E-1;1,376353E-1;9,356658E-1;;
02/12/2021  12:47:16,468463;9,500994E-1;1,254614E-1;1,262617E-1;9,358877E-1;;
02/12/2021  12:47:16,468563;9,508296E-1;7,799296E-2;1,174156E-1;9,361247E-1;;
02/12/2021  12:47:16,468663;9,515926E-1;1,429833E-1;1,461654E-1;9,363767E-1;;
02/12/2021  12:47:16,468763;9,523317E-1;1,350188E-1;1,347919E-1;9,366434E-1;;
02/12/2021  12:47:16,468863;9,520485E-1;6,779840E-2;4,506720E-2;9,369248E-1;;
02/12/2021  12:47:16,468963;9,511544E-1;1,404346E-1;1,556434E-1;9,372206E-1;;
02/12/2021  12:47:16,469063;9,511127E-1;1,315144E-1;1,265777E-1;9,375302E-1;;
02/12/2021  12:47:16,469163;9,526535E-1;1,327887E-1;9,877564E-2;9,378531E-1;;
02/12/2021  12:47:16,469263;9,521588E-1;1,280100E-1;1,129926E-1;9,381885E-1;;
02/12/2021  12:47:16,469363;9,518995E-1;8,181592E-2;9,466852E-2;9,385358E-1;;
02/12/2021  12:47:16,469463;9,523138E-1;1,509478E-1;1,455336E-1;9,388943E-1;;
02/12/2021  12:47:16,469563;9,523853E-1;1,267357E-1;1,272095E-1;9,392630E-1;;
02/12/2021  12:47:16,469663;9,533122E-1;-1,120944E-2;6,528685E-2;9,396412E-1;;
02/12/2021  12:47:16,469763;9,534165E-1;1,187712E-1;1,205749E-1;9,400280E-1;;
02/12/2021  12:47:16,469863;9,539440E-1;1,232313E-1;1,256299E-1;9,404226E-1;;
02/12/2021  12:47:16,469963;9,534225E-1;1,047537E-1;1,031987E-1;9,408245E-1;;
02/12/2021  12:47:16,470063;9,537712E-1;1,168597E-1;1,900800E-1;9,412327E-1;;
02/12/2021  12:47:16,470163;9,549841E-1;6,811698E-2;6,876210E-2;9,416465E-1;;
02/12/2021  12:47:16,470263;9,554461E-1;9,678918E-2;1,088855E-1;9,420651E-1;;
02/12/2021  12:47:16,470363;9,555265E-1;1,194084E-1;1,243661E-1;9,424881E-1;;
02/12/2021  12:47:16,470463;9,558007E-1;1,229127E-1;1,249980E-1;9,429147E-1;;
02/12/2021  12:47:16,470563;9,573714E-1;1,047537E-1;1,240502E-1;9,433444E-1;;
02/12/2021  12:47:16,470663;9,583668E-1;1,082581E-1;1,107811E-1;9,437769E-1;;
02/12/2021  12:47:16,470763;9,588913E-1;1,152668E-1;1,139404E-1;9,442120E-1;;
02/12/2021  12:47:16,470863;9,583221E-1;1,260985E-1;1,559593E-1;9,446494E-1;;
02/12/2021  12:47:16,470963;9,586201E-1;9,742634E-2;1,092014E-1;9,450889E-1;;
02/12/2021  12:47:16,471063;9,596125E-1;1,009307E-1;1,060421E-1;9,455303E-1;;
02/12/2021  12:47:16,471163;9,605811E-1;1,413904E-1;1,458495E-1;9,459733E-1;;
02/12/2021  12:47:16,471263;9,606229E-1;1,002936E-1;1,063580E-1;9,464178E-1;;
02/12/2021  12:47:16,471363;9,605752E-1;7,608148E-2;9,624818E-2;9,468635E-1;;
02/12/2021  12:47:16,471463;9,601699E-1;1,146297E-1;1,170997E-1;9,473103E-1;;
02/12/2021  12:47:16,471563;9,611563E-1;5,696668E-2;7,697633E-2;9,477578E-1;;
02/12/2021  12:47:16,471663;9,617494E-1;1,069837E-1;1,303688E-1;9,482058E-1;;
02/12/2021  12:47:16,471763;9,615795E-1;1,229127E-1;1,335282E-1;9,486540E-1;;
02/12/2021  12:47:16,471863;9,603904E-1;1,222756E-1;1,189953E-1;9,491020E-1;;
02/12/2021  12:47:16,471963;9,597437E-1;1,069837E-1;1,433221E-1;9,495494E-1;;
02/12/2021  12:47:16,472063;9,606020E-1;1,570008E-1;1,641736E-1;9,499955E-1;;
02/12/2021  12:47:16,472163;9,608821E-1;1,560451E-1;1,461654E-1;9,504396E-1;;
02/12/2021  12:47:16,472263;9,605364E-1;1,656025E-1;1,439539E-1;9,508810E-1;;
02/12/2021  12:47:16,472363;9,598748E-1;1,627352E-1;1,379512E-1;9,513191E-1;;
02/12/2021  12:47:16,472463;9,596006E-1;1,754784E-1;1,588027E-1;9,517532E-1;;
02/12/2021  12:47:16,472563;9,607272E-1;1,872659E-1;1,799702E-1;9,521824E-1;;
02/12/2021  12:47:16,472663;9,604560E-1;1,601866E-1;1,490088E-1;9,526061E-1;;
02/12/2021  12:47:16,472763;9,596394E-1;1,468062E-1;1,518522E-1;9,530237E-1;;
02/12/2021  12:47:16,472863;9,592132E-1;1,496735E-1;1,480610E-1;9,534344E-1;;
02/12/2021  12:47:16,472963;9,585516E-1;4,135626E-2;9,372073E-2;9,538375E-1;;
02/12/2021  12:47:16,473063;9,597586E-1;1,270543E-1;1,060421E-1;9,542322E-1;;
02/12/2021  12:47:16,473163;9,597467E-1;1,200455E-1;1,313166E-1;9,546176E-1;;
02/12/2021  12:47:16,473263;9,590761E-1;1,197269E-1;1,319485E-1;9,549933E-1;;
02/12/2021  12:47:16,473363;9,583876E-1;1,538150E-1;1,581709E-1;9,553587E-1;;
02/12/2021  12:47:16,473463;9,580717E-1;1,404346E-1;1,411105E-1;9,557130E-1;;
02/12/2021  12:47:16,473563;9,590642E-1;1,308772E-1;1,471132E-1;9,560558E-1;;
02/12/2021  12:47:16,473663;9,589897E-1;1,289658E-1;1,205749E-1;9,563863E-1;;
02/12/2021  12:47:16,473763;9,575472E-1;1,251428E-1;1,193112E-1;9,567042E-1;;
02/12/2021  12:47:16,473863;9,570763E-1;1,464877E-1;1,546956E-1;9,570091E-1;;
02/12/2021  12:47:16,473963;9,570435E-1;1,382046E-1;1,815498E-1;9,573003E-1;;
02/12/2021  12:47:16,474063;9,570912E-1;1,321516E-1;1,272095E-1;9,575772E-1;;
02/12/2021  12:47:16,474163;9,569482E-1;1,203641E-1;1,237343E-1;9,578395E-1;;
02/12/2021  12:47:16,474263;9,559587E-1;1,423461E-1;1,341600E-1;9,580867E-1;;
02/12/2021  12:47:16,474363;9,542033E-1;1,318330E-1;1,328963E-1;9,583184E-1;;
02/12/2021  12:47:16,474463;9,545699E-1;1,194084E-1;1,224705E-1;9,585340E-1;;
02/12/2021  12:47:16,474563;9,540543E-1;1,101695E-1;8,266311E-2;9,587328E-1;;
02/12/2021  12:47:16,474663;9,534582E-1;1,362931E-1;1,357397E-1;9,589144E-1;;
02/12/2021  12:47:16,474763;9,520992E-1;1,359745E-1;1,392149E-1;9,590783E-1;;
02/12/2021  12:47:16,474863;9,501441E-1;1,315144E-1;1,284732E-1;9,592238E-1;;
02/12/2021  12:47:16,474963;9,498491E-1;1,276914E-1;1,161519E-1;9,593501E-1;;
02/12/2021  12:47:16,475063;9,499355E-1;1,729298E-1;1,515363E-1;9,594566E-1;;
02/12/2021  12:47:16,475163;9,493514E-1;1,385232E-1;1,382671E-1;9,595425E-1;;
02/12/2021  12:47:16,475263;9,480520E-1;1,302401E-1;1,300529E-1;9,596072E-1;;
02/12/2021  12:47:16,475363;9,467317E-1;1,190898E-1;1,212068E-1;9,596503E-1;;
02/12/2021  12:47:16,475463;9,465797E-1;1,280100E-1;1,246821E-1;9,596712E-1;;
02/12/2021  12:47:16,475563;9,463830E-1;1,952304E-1;2,229369E-1;9,596692E-1;;
02/12/2021  12:47:16,475663;9,460522E-1;1,397975E-1;1,310007E-1;9,596442E-1;;
02/12/2021  12:47:16,475763;9,443415E-1;1,503106E-1;2,014535E-1;9,595957E-1;;
02/12/2021  12:47:16,475863;9,433520E-1;1,114439E-1;1,196272E-1;9,595236E-1;;
02/12/2021  12:47:16,475963;9,436083E-1;1,229127E-1;2,027173E-1;9,594275E-1;;
02/12/2021  12:47:16,476063;9,436232E-1;1,340630E-1;1,398468E-1;9,593073E-1;;
02/12/2021  12:47:16,476163;9,427738E-1;1,289658E-1;1,224705E-1;9,591631E-1;;
02/12/2021  12:47:16,476263;9,416205E-1;1,334259E-1;1,414265E-1;9,589949E-1;;
02/12/2021  12:47:16,476363;9,411883E-1;9,424054E-2;9,530039E-2;9,588030E-1;;
02/12/2021  12:47:16,476463;9,412718E-1;1,401161E-1;1,338441E-1;9,585874E-1;;
02/12/2021  12:47:16,476563;9,412926E-1;1,127182E-1;1,177316E-1;9,583486E-1;;
02/12/2021  12:47:16,476663;9,398770E-1;1,174969E-1;1,193112E-1;9,580871E-1;;
02/12/2021  12:47:16,476763;9,385895E-1;1,232313E-1;1,098333E-1;9,578032E-1;;
02/12/2021  12:47:16,476863;9,373974E-1;9,647060E-2;6,244346E-2;9,574973E-1;;
02/12/2021  12:47:16,476963;9,376328E-1;1,375674E-1;1,287892E-1;9,571699E-1;;
02/12/2021  12:47:16,477063;9,368073E-1;1,299215E-1;1,328963E-1;9,568212E-1;;
02/12/2021  12:47:16,477163;9,358178E-1;1,327887E-1;1,294210E-1;9,564518E-1;;
02/12/2021  12:47:16,477263;9,347539E-1;1,260985E-1;1,265777E-1;9,560620E-1;;
02/12/2021  12:47:16,477363;9,339134E-1;1,420275E-1;1,325804E-1;9,556523E-1;;
02/12/2021  12:47:16,477463;9,338002E-1;1,276914E-1;1,265777E-1;9,552230E-1;;
02/12/2021  12:47:16,477563;9,335558E-1;1,146297E-1;1,145722E-1;9,547747E-1;;
02/12/2021  12:47:16,477663;9,319911E-1;1,238685E-1;1,341600E-1;9,543079E-1;;
02/12/2021  12:47:16,477763;9,307126E-1;1,633724E-1;1,799702E-1;9,538232E-1;;
02/12/2021  12:47:16,477863;9,295354E-1;1,401161E-1;1,344760E-1;9,533210E-1;;
02/12/2021  12:47:16,477963;9,294161E-1;1,614609E-1;1,998739E-1;9,528016E-1;;
02/12/2021  12:47:16,478063;9,298930E-1;1,168597E-1;1,208909E-1;9,522654E-1;;
02/12/2021  12:47:16,478163;9,287277E-1;1,315144E-1;1,417424E-1;9,517132E-1;;
02/12/2021  12:47:16,478263;9,281257E-1;1,401161E-1;1,407946E-1;9,511455E-1;;
02/12/2021  12:47:16,478363;9,280303E-1;1,206827E-1;1,379512E-1;9,505630E-1;;
02/12/2021  12:47:16,478463;9,284505E-1;1,267357E-1;1,275255E-1;9,499666E-1;;
02/12/2021  12:47:16,478563;9,286353E-1;1,448948E-1;1,388990E-1;9,493571E-1;;
02/12/2021  12:47:16,478663;9,276280E-1;1,334259E-1;1,218387E-1;9,487358E-1;;
02/12/2021  12:47:16,478763;9,263405E-1;1,152668E-1;8,961361E-2;9,481036E-1;;
02/12/2021  12:47:16,478863;9,267935E-1;-3,882102E-3;6,813023E-2;9,474616E-1;;
02/12/2021  12:47:16,478963;9,272644E-1;1,232313E-1;1,373193E-1;9,468108E-1;;
02/12/2021  12:47:16,479063;9,270379E-1;1,232313E-1;1,341600E-1;9,461523E-1;;
02/12/2021  12:47:16,479163;9,266594E-1;1,324701E-1;1,306848E-1;9,454876E-1;;
02/12/2021  12:47:16,479263;9,258100E-1;8,468314E-2;9,214107E-2;9,448176E-1;;
02/12/2021  12:47:16,479363;9,256997E-1;1,123996E-1;1,057261E-1;9,441438E-1;;
02/12/2021  12:47:16,479463;9,265074E-1;1,264171E-1;1,253139E-1;9,434671E-1;;
02/12/2021  12:47:16,479563;9,266802E-1;1,318330E-1;1,332122E-1;9,427888E-1;;
02/12/2021  12:47:16,479663;9,256103E-1;1,254614E-1;1,291051E-1;9,421103E-1;;
02/12/2021  12:47:16,479763;9,247251E-1;1,219570E-1;1,218387E-1;9,414327E-1;;
02/12/2021  12:47:16,479863;9,253301E-1;1,302401E-1;1,180475E-1;9,407572E-1;;
02/12/2021  12:47:16,479963;9,263852E-1;1,585937E-1;2,175661E-1;9,400849E-1;;
02/12/2021  12:47:16,480063;9,261527E-1;1,232313E-1;1,275255E-1;9,394168E-1;;
02/12/2021  12:47:16,480163;9,262272E-1;1,420275E-1;1,496407E-1;9,387544E-1;;
02/12/2021  12:47:16,480263;9,259828E-1;1,168597E-1;1,167838E-1;9,380988E-1;;
02/12/2021  12:47:16,480363;9,265491E-1;1,305587E-1;1,347919E-1;9,374513E-1;;
02/12/2021  12:47:16,480463;9,276816E-1;1,267357E-1;1,382671E-1;9,368130E-1;;
02/12/2021  12:47:16,480563;9,278098E-1;1,327887E-1;1,294210E-1;9,361853E-1;;
02/12/2021  12:47:16,480663;9,272286E-1;1,213198E-1;1,499566E-1;9,355695E-1;;
02/12/2021  12:47:16,480763;9,261229E-1;1,251428E-1;1,205749E-1;9,349667E-1;;
02/12/2021  12:47:16,480863;9,270289E-1;1,426647E-1;1,458495E-1;9,343780E-1;;
02/12/2021  12:47:16,480963;9,271511E-1;1,241871E-1;1,284732E-1;9,338041E-1;;
02/12/2021  12:47:16,481063;9,270259E-1;1,257800E-1;1,272095E-1;9,332459E-1;;
02/12/2021  12:47:16,481163;9,258547E-1;1,276914E-1;1,310007E-1;9,327043E-1;;
02/12/2021  12:47:16,481263;9,244986E-1;1,289658E-1;1,297370E-1;9,321796E-1;;
02/12/2021  12:47:16,481363;9,252676E-1;1,292843E-1;1,351078E-1;9,316721E-1;;
02/12/2021  12:47:16,481463;9,256759E-1;1,181340E-1;1,240502E-1;9,311820E-1;;
02/12/2021  12:47:16,481563;9,257981E-1;1,194084E-1;1,303688E-1;9,307095E-1;;
02/12/2021  12:47:16,481663;9,244778E-1;1,174969E-1;1,155200E-1;9,302546E-1;;
02/12/2021  12:47:16,481763;9,246089E-1;1,181340E-1;1,272095E-1;9,298175E-1;;
02/12/2021  12:47:16,481863;9,260275E-1;1,139925E-1;1,126766E-1;9,293982E-1;;
02/12/2021  12:47:16,481963;9,270349E-1;1,308772E-1;1,287892E-1;9,289965E-1;;
02/12/2021  12:47:16,482063;9,273448E-1;1,490363E-1;1,572231E-1;9,286129E-1;;
02/12/2021  12:47:16,482163;9,269306E-1;1,764342E-1;1,657532E-1;9,282475E-1;;
02/12/2021  12:47:16,482263;9,284297E-1;1,085766E-1;1,133085E-1;9,279007E-1;;
02/12/2021  12:47:16,482363;9,293744E-1;1,296029E-1;1,464814E-1;9,275728E-1;;
02/12/2021  12:47:16,482463;9,306589E-1;1,225942E-1;1,291051E-1;9,272642E-1;;
02/12/2021  12:47:16,482563;9,303609E-1;1,213198E-1;1,205749E-1;9,269756E-1;;
02/12/2021  12:47:16,482663;9,302417E-1;1,286472E-1;1,319485E-1;9,267075E-1;;
02/12/2021  12:47:16,482763;9,305546E-1;1,248242E-1;1,227865E-1;9,264602E-1;;
02/12/2021  12:47:16,482863;9,321401E-1;5,951532E-2;8,171531E-2;9,262341E-1;;
02/12/2021  12:47:16,482963;9,328792E-1;1,127182E-1;1,224705E-1;9,260295E-1;;
02/12/2021  12:47:16,483063;9,330134E-1;7,586778E-3;7,286922E-2;9,258469E-1;;
02/12/2021  12:47:16,483163;9,321342E-1;9,169190E-2;9,403666E-2;9,256866E-1;;
02/12/2021  12:47:16,483263;9,329329E-1;9,232906E-2;1,016190E-1;9,255487E-1;;
02/12/2021  12:47:16,483363;9,341906E-1;1,002936E-1;1,076217E-1;9,254334E-1;;
02/12/2021  12:47:16,483463;9,350102E-1;1,088952E-1;1,221546E-1;9,253406E-1;;
02/12/2021  12:47:16,483563;9,348403E-1;9,328480E-2;1,047783E-1;9,252705E-1;;
02/12/2021  12:47:16,483663;9,341727E-1;8,946184E-2;9,656411E-2;9,252232E-1;;
02/12/2021  12:47:16,483763;9,347509E-1;9,232906E-2;9,656411E-2;9,251985E-1;;
02/12/2021  12:47:16,483863;9,361904E-1;8,500172E-2;9,624818E-2;9,251962E-1;;
02/12/2021  12:47:16,483963;9,371649E-1;1,012493E-1;1,167838E-1;9,252159E-1;;
02/12/2021  12:47:16,484063;9,374659E-1;9,615202E-2;1,123607E-1;9,252576E-1;;
02/12/2021  12:47:16,484163;9,373080E-1;9,328480E-2;1,104651E-1;9,253213E-1;;
02/12/2021  12:47:16,484263;9,384315E-1;9,997498E-2;1,088855E-1;9,254065E-1;;
02/12/2021  12:47:16,484363;9,397012E-1;1,159040E-1;1,205749E-1;9,255133E-1;;
02/12/2021  12:47:16,484463;9,409916E-1;9,264764E-2;8,866581E-2;9,256412E-1;;
02/12/2021  12:47:16,484563;9,405267E-1;7,257710E-2;5,359736E-2;9,257905E-1;;
02/12/2021  12:47:16,484663;9,405535E-1;1,184526E-1;1,287892E-1;9,259607E-1;;
02/12/2021  12:47:16,484763;9,423924E-1;1,302401E-1;1,379512E-1;9,261518E-1;;
02/12/2021  12:47:16,484863;9,441925E-1;1,213198E-1;1,490088E-1;9,263635E-1;;
02/12/2021  12:47:16,484963;9,452058E-1;1,120810E-1;1,189953E-1;9,265957E-1;;
02/12/2021  12:47:16,485063;9,455843E-1;1,662396E-1;1,733356E-1;9,268485E-1;;
02/12/2021  12:47:16,485163;9,463383E-1;1,509478E-1;1,388990E-1;9,271219E-1;;
02/12/2021  12:47:16,485263;9,476556E-1;1,547707E-1;1,332122E-1;9,274159E-1;;
02/12/2021  12:47:16,485363;9,486152E-1;1,617795E-1;1,414265E-1;9,277305E-1;;
02/12/2021  12:47:16,485463;9,501799E-1;1,468062E-1;1,411105E-1;9,280658E-1;;
02/12/2021  12:47:16,485563;9,493484E-1;1,483991E-1;1,281573E-1;9,284217E-1;;
02/12/2021  12:47:16,485663;9,496583E-1;1,519035E-1;1,496407E-1;9,287982E-1;;
02/12/2021  12:47:16,485763;9,506955E-1;1,461691E-1;1,417424E-1;9,291950E-1;;
02/12/2021  12:47:16,485863;9,515121E-1;1,219570E-1;1,259458E-1;9,296116E-1;;
02/12/2021  12:47:16,485963;9,521976E-1;1,343816E-1;1,360556E-1;9,300478E-1;;
02/12/2021  12:47:16,486063;9,510174E-1;1,302401E-1;1,240502E-1;9,305030E-1;;
02/12/2021  12:47:16,486163;9,506597E-1;1,248242E-1;1,212068E-1;9,309765E-1;;
02/12/2021  12:47:16,486263;9,518787E-1;1,238685E-1;1,316326E-1;9,314675E-1;;
02/12/2021  12:47:16,486363;9,512141E-1;1,143111E-1;1,148882E-1;9,319749E-1;;
02/12/2021  12:47:16,486463;9,512021E-1;1,280100E-1;1,430061E-1;9,324975E-1;;
02/12/2021  12:47:16,486563;9,497716E-1;9,232906E-2;1,145722E-1;9,330342E-1;;
02/12/2021  12:47:16,486663;9,492202E-1;1,111253E-1;1,177316E-1;9,335833E-1;;
02/12/2021  12:47:16,486763;9,499623E-1;9,933782E-2;6,939396E-2;9,341432E-1;;
02/12/2021  12:47:16,486863;9,500637E-1;1,426647E-1;1,385831E-1;9,347122E-1;;
02/12/2021  12:47:16,486963;9,501054E-1;1,483991E-1;1,436380E-1;9,352885E-1;;
02/12/2021  12:47:16,487063;9,492083E-1;1,127182E-1;1,303688E-1;9,358704E-1;;
02/12/2021  12:47:16,487163;9,497477E-1;1,139925E-1;1,218387E-1;9,364564E-1;;
02/12/2021  12:47:16,487263;9,506925E-1;1,152668E-1;1,373193E-1;9,370448E-1;;
02/12/2021  12:47:16,487363;9,507909E-1;1,254614E-1;1,303688E-1;9,376339E-1;;
02/12/2021  12:47:16,487463;9,510621E-1;1,203641E-1;1,145722E-1;9,382226E-1;;
02/12/2021  12:47:16,487563;9,500160E-1;1,044351E-1;8,582243E-2;9,388093E-1;;
02/12/2021  12:47:16,487663;9,496107E-1;6,301970E-2;6,781430E-2;9,393929E-1;;
02/12/2021  12:47:16,487763;9,503617E-1;1,331073E-1;1,420583E-1;9,399719E-1;;
02/12/2021  12:47:16,487863;9,509518E-1;1,235499E-1;1,287892E-1;9,405450E-1;;
02/12/2021  12:47:16,487963;9,501918E-1;1,289658E-1;1,281573E-1;9,411110E-1;;
02/12/2021  12:47:16,488063;9,486987E-1;1,187712E-1;1,237343E-1;9,416687E-1;;
02/12/2021  12:47:16,488163;9,489520E-1;1,082581E-1;9,087734E-2;9,422170E-1;;
02/12/2021  12:47:16,488263;9,495153E-1;1,366117E-1;1,202590E-1;9,427544E-1;;
02/12/2021  12:47:16,488363;9,485497E-1;1,324701E-1;1,306848E-1;9,432799E-1;;
02/12/2021  12:47:16,488463;9,470804E-1;1,197269E-1;1,215227E-1;9,437923E-1;;
02/12/2021  12:47:16,488563;9,455425E-1;1,286472E-1;1,322644E-1;9,442904E-1;;
02/12/2021  12:47:16,488663;9,451104E-1;1,289658E-1;1,398468E-1;9,447726E-1;;
02/12/2021  12:47:16,488763;9,453220E-1;1,321516E-1;1,278414E-1;9,452375E-1;;
02/12/2021  12:47:16,488863;9,448243E-1;1,181340E-1;1,133085E-1;9,456838E-1;;
02/12/2021  12:47:16,488963;9,436739E-1;7,831154E-2;8,898175E-2;9,461102E-1;;
02/12/2021  12:47:16,489063;9,425354E-1;1,471248E-1;1,458495E-1;9,465155E-1;;
02/12/2021  12:47:16,489163;9,421480E-1;1,286472E-1;1,268936E-1;9,468985E-1;;
02/12/2021  12:47:16,489263;9,422076E-1;1,347002E-1;1,461654E-1;9,472579E-1;;
02/12/2021  12:47:16,489363;9,424252E-1;1,257800E-1;1,215227E-1;9,475928E-1;;
02/12/2021  12:47:16,489463;9,412301E-1;1,219570E-1;1,243661E-1;9,479023E-1;;
02/12/2021  12:47:16,489563;9,399306E-1;4,581638E-2;8,455870E-2;9,481857E-1;;
02/12/2021  12:47:16,489663;9,409261E-1;9,519628E-2;1,063580E-1;9,484424E-1;;
02/12/2021  12:47:16,489763;9,411555E-1;1,308772E-1;1,291051E-1;9,486717E-1;;
02/12/2021  12:47:16,489863;9,410095E-1;1,194084E-1;1,205749E-1;9,488735E-1;;
02/12/2021  12:47:16,489963;9,398263E-1;1,012493E-1;1,054102E-1;9,490476E-1;;
02/12/2021  12:47:16,490063;9,392809E-1;1,200455E-1;1,249980E-1;9,491940E-1;;
02/12/2021  12:47:16,490163;9,394389E-1;1,350188E-1;1,509044E-1;9,493128E-1;;
02/12/2021  12:47:16,490263;9,394478E-1;1,136739E-1;1,212068E-1;9,494039E-1;;
02/12/2021  12:47:16,490363;9,393256E-1;1,229127E-1;1,837613E-1;9,494678E-1;;
02/12/2021  12:47:16,490463;9,381186E-1;1,388417E-1;1,388990E-1;9,495046E-1;;
02/12/2021  12:47:16,490563;9,366314E-1;1,085766E-1;1,332122E-1;9,495149E-1;;
02/12/2021  12:47:16,490663;9,365957E-1;1,037979E-1;9,056141E-2;9,494988E-1;;
02/12/2021  12:47:16,490763;9,365659E-1;1,366117E-1;1,344760E-1;9,494567E-1;;
02/12/2021  12:47:16,490863;9,359192E-1;1,423461E-1;1,509044E-1;9,493889E-1;;
02/12/2021  12:47:16,490963;9,333948E-1;1,347002E-1;1,354238E-1;9,492958E-1;;
02/12/2021  12:47:16,491063;9,330104E-1;1,289658E-1;1,306848E-1;9,491777E-1;;
02/12/2021  12:47:16,491163;9,333144E-1;1,334259E-1;1,941871E-1;9,490347E-1;;
02/12/2021  12:47:16,491263;9,332548E-1;1,372488E-1;1,268936E-1;9,488671E-1;;
02/12/2021  12:47:16,491363;9,326080E-1;1,334259E-1;1,325804E-1;9,486754E-1;;
02/12/2021  12:47:16,491463;9,311596E-1;1,378860E-1;1,518522E-1;9,484601E-1;;
02/12/2021  12:47:16,491563;9,316514E-1;1,359745E-1;1,332122E-1;9,482218E-1;;
02/12/2021  12:47:16,491663;9,317825E-1;8,086018E-2;1,208909E-1;9,479610E-1;;
02/12/2021  12:47:16,491763;9,323994E-1;1,340630E-1;1,322644E-1;9,476786E-1;;
02/12/2021  12:47:16,491863;9,319703E-1;1,187712E-1;1,174156E-1;9,473754E-1;;
02/12/2021  12:47:16,491963;9,313772E-1;1,022050E-1;9,624818E-2;9,470526E-1;;
02/12/2021  12:47:16,492063;9,319643E-1;1,178155E-1;1,180475E-1;9,467113E-1;;
02/12/2021  12:47:16,492163;9,326587E-1;1,289658E-1;1,101492E-1;9,463526E-1;;
02/12/2021  12:47:16,492263;9,333621E-1;1,315144E-1;1,319485E-1;9,459781E-1;;
02/12/2021  12:47:16,492363;9,323458E-1;1,321516E-1;1,291051E-1;9,455892E-1;;
02/12/2021  12:47:16,492463;9,309957E-1;1,276914E-1;1,281573E-1;9,451875E-1;;
02/12/2021  12:47:16,492563;9,299615E-1;9,105474E-2;1,063580E-1;9,447741E-1;;
02/12/2021  12:47:16,492663;9,301940E-1;9,487770E-2;7,602853E-2;9,443504E-1;;
02/12/2021  12:47:16,492763;9,301433E-1;1,324701E-1;1,328963E-1;9,439171E-1;;
02/12/2021  12:47:16,492863;9,292194E-1;1,382046E-1;1,379512E-1;9,434755E-1;;
02/12/2021  12:47:16,492963;9,274342E-1;1,321516E-1;1,360556E-1;9,430265E-1;;
02/12/2021  12:47:16,493063;9,276429E-1;1,190898E-1;9,782784E-2;9,425708E-1;;
02/12/2021  12:47:16,493163;9,278336E-1;1,442576E-1;1,319485E-1;9,421090E-1;;
02/12/2021  12:47:16,493263;9,273925E-1;1,327887E-1;1,262617E-1;9,416420E-1;;
02/12/2021  12:47:16,493363;9,261140E-1;1,433019E-1;1,591187E-1;9,411703E-1;;
02/12/2021  12:47:16,493463;9,253421E-1;1,359745E-1;1,373193E-1;9,406948E-1;;
02/12/2021  12:47:16,493563;9,257683E-1;1,331073E-1;1,262617E-1;9,402157E-1;;
02/12/2021  12:47:16,493663;9,261855E-1;1,321516E-1;1,420583E-1;9,397337E-1;;
02/12/2021  12:47:16,493763;9,269842E-1;1,273729E-1;1,227865E-1;9,392495E-1;;
02/12/2021  12:47:16,493863;9,261259E-1;1,448948E-1;1,559593E-1;9,387638E-1;;
02/12/2021  12:47:16,493963;9,261259E-1;1,512664E-1;1,407946E-1;9,382775E-1;;
02/12/2021  12:47:16,494063;9,270826E-1;2,861306E-2;6,623464E-2;9,377914E-1;;
02/12/2021  12:47:16,494163;9,276458E-1;1,225942E-1;1,294210E-1;9,373065E-1;;
02/12/2021  12:47:16,494263;9,278902E-1;1,340630E-1;1,385831E-1;9,368239E-1;;
02/12/2021  12:47:16,494363;9,266385E-1;1,327887E-1;1,240502E-1;9,363445E-1;;
02/12/2021  12:47:16,494463;9,259828E-1;1,305587E-1;1,310007E-1;9,358695E-1;;
02/12/2021  12:47:16,494563;9,267696E-1;1,299215E-1;1,518522E-1;9,353995E-1;;
02/12/2021  12:47:16,494663;9,266951E-1;1,512664E-1;1,480610E-1;9,349354E-1;;
02/12/2021  12:47:16,494763;9,265700E-1;1,528593E-1;1,449017E-1;9,344778E-1;;
02/12/2021  12:47:16,494863;9,258875E-1;1,404346E-1;1,316326E-1;9,340276E-1;;
02/12/2021  12:47:16,494963;9,253749E-1;1,334259E-1;1,278414E-1;9,335853E-1;;
02/12/2021  12:47:16,495063;9,264388E-1;1,350188E-1;1,303688E-1;9,331513E-1;;
02/12/2021  12:47:16,495163;9,265431E-1;1,503106E-1;1,404787E-1;9,327263E-1;;
02/12/2021  12:47:16,495263;9,265491E-1;1,391603E-1;1,332122E-1;9,323107E-1;;
02/12/2021  12:47:16,495363;9,255298E-1;1,436204E-1;1,370034E-1;9,319052E-1;;
02/12/2021  12:47:16,495463;9,252199E-1;1,168597E-1;1,126766E-1;9,315100E-1;;
02/12/2021  12:47:16,495563;9,266385E-1;1,305587E-1;1,328963E-1;9,311256E-1;;
02/12/2021  12:47:16,495663;9,273508E-1;1,200455E-1;1,262617E-1;9,307523E-1;;
02/12/2021  12:47:16,495763;9,273061E-1;1,057094E-1;1,177316E-1;9,303905E-1;;
02/12/2021  12:47:16,495863;9,267458E-1;7,831154E-2;9,593225E-2;9,300408E-1;;
02/12/2021  12:47:16,495963;9,277084E-1;1,044351E-1;1,088855E-1;9,297036E-1;;
02/12/2021  12:47:16,496063;9,284356E-1;1,044351E-1;1,328963E-1;9,293795E-1;;
02/12/2021  12:47:16,496163;9,293267E-1;8,786894E-2;1,054102E-1;9,290688E-1;;
02/12/2021  12:47:16,496263;9,292135E-1;1,037979E-1;1,123607E-1;9,287723E-1;;
02/12/2021  12:47:16,496363;9,282032E-1;5,250656E-2;4,822652E-2;9,284904E-1;;
02/12/2021  12:47:16,496463;9,285042E-1;1,152668E-1;1,237343E-1;9,282236E-1;;
02/12/2021  12:47:16,496563;9,294430E-1;1,283286E-1;1,496407E-1;9,279722E-1;;
02/12/2021  12:47:16,496663;9,298870E-1;1,069837E-1;1,133085E-1;9,277363E-1;;
02/12/2021  12:47:16,496763;9,298393E-1;1,152668E-1;1,240502E-1;9,275163E-1;;
02/12/2021  12:47:16,496863;9,289870E-1;1,111253E-1;1,183634E-1;9,273124E-1;;
02/12/2021  12:47:16,496963;9,300599E-1;1,123996E-1;1,193112E-1;9,271248E-1;;
02/12/2021  12:47:16,497063;9,312669E-1;1,063466E-1;1,066739E-1;9,269534E-1;;
02/12/2021  12:47:16,497163;9,321044E-1;1,015679E-1;9,751191E-2;9,267986E-1;;
02/12/2021  12:47:16,497263;9,322504E-1;9,997498E-2;1,167838E-1;9,266606E-1;;
02/12/2021  12:47:16,497363;9,314636E-1;1,139925E-1;1,231024E-1;9,265396E-1;;
02/12/2021  12:47:16,497463;9,324173E-1;1,178155E-1;1,054102E-1;9,264357E-1;;
02/12/2021  12:47:16,497563;9,345840E-1;9,201048E-2;8,171531E-2;9,263492E-1;;
02/12/2021  12:47:16,497663;9,353946E-1;1,165411E-1;1,117289E-1;9,262802E-1;;
02/12/2021  12:47:16,497763;9,356599E-1;1,245056E-1;1,363715E-1;9,262291E-1;;
02/12/2021  12:47:16,497863;9,358089E-1;1,573194E-1;1,325804E-1;9,261964E-1;;
02/12/2021  12:47:16,497963;9,371709E-1;1,528593E-1;1,385831E-1;9,261823E-1;;
02/12/2021  12:47:16,498063;9,384673E-1;1,554079E-1;1,543797E-1;9,261873E-1;;
02/12/2021  12:47:16,498163;9,390693E-1;1,808943E-1;1,616461E-1;9,262117E-1;;
02/12/2021  12:47:16,498263;9,381484E-1;1,799386E-1;1,411105E-1;9,262558E-1;;
02/12/2021  12:47:16,498363;9,376686E-1;1,480806E-1;1,594346E-1;9,263200E-1;;
02/12/2021  12:47:16,498463;9,394389E-1;1,547707E-1;1,480610E-1;9,264041E-1;;
02/12/2021  12:47:16,498563;9,396654E-1;1,359745E-1;1,436380E-1;9,265081E-1;;
02/12/2021  12:47:16,498663;9,404909E-1;1,433019E-1;1,493248E-1;9,266318E-1;;
02/12/2021  12:47:16,498763;9,394776E-1;1,302401E-1;1,212068E-1;9,267751E-1;;
02/12/2021  12:47:16,498863;9,393376E-1;1,174969E-1;1,199431E-1;9,269377E-1;;
02/12/2021  12:47:16,498963;9,414238E-1;1,519035E-1;1,594346E-1;9,271191E-1;;
02/12/2021  12:47:16,499063;9,419662E-1;1,276914E-1;1,300529E-1;9,273189E-1;;
02/12/2021  12:47:16,499163;9,421212E-1;1,397975E-1;1,509044E-1;9,275368E-1;;
02/12/2021  12:47:16,499263;9,414625E-1;1,404346E-1;1,341600E-1;9,277723E-1;;
02/12/2021  12:47:16,499363;9,417963E-1;1,143111E-1;1,398468E-1;9,280250E-1;;
02/12/2021  12:47:16,499463;9,435636E-1;1,213198E-1;1,098333E-1;9,282942E-1;;
02/12/2021  12:47:16,499563;9,445114E-1;1,397975E-1;1,404787E-1;9,285794E-1;;
02/12/2021  12:47:16,499663;9,443355E-1;1,146297E-1;1,218387E-1;9,288801E-1;;
02/12/2021  12:47:16,499763;9,438795E-1;1,197269E-1;1,186794E-1;9,291960E-1;;
02/12/2021  12:47:16,499863;9,445441E-1;6,142680E-2;8,582243E-2;9,295263E-1;;
02/12/2021  12:47:16,499963;9,451134E-1;1,506292E-1;1,382671E-1;9,298705E-1;;
02/12/2021  12:47:16,500063;9,464247E-1;1,257800E-1;1,300529E-1;9,302279E-1;;
02/12/2021  12:47:16,500163;9,464158E-1;1,130368E-1;9,972343E-2;9,305979E-1;;
02/12/2021  12:47:16,500263;9,446902E-1;1,187712E-1;1,313166E-1;9,309800E-1;;
02/12/2021  12:47:16,500363;9,447557E-1;1,184526E-1;1,249980E-1;9,313733E-1;;
02/12/2021  12:47:16,500463;9,451342E-1;1,050723E-1;1,382671E-1;9,317768E-1;;
02/12/2021  12:47:16,500563;9,453697E-1;1,181340E-1;1,249980E-1;9,321894E-1;;
02/12/2021  12:47:16,500663;9,455902E-1;1,257800E-1;1,246821E-1;9,326102E-1;;
02/12/2021  12:47:16,500763;9,442312E-1;1,315144E-1;1,449017E-1;9,330379E-1;;
02/12/2021  12:47:16,500863;9,441209E-1;1,423461E-1;1,398468E-1;9,334714E-1;;
02/12/2021  12:47:16,500963;9,447170E-1;7,990444E-2;8,992954E-2;9,339095E-1;;
02/12/2021  12:47:16,501063;9,451521E-1;1,178155E-1;1,256299E-1;9,343508E-1;;
02/12/2021  12:47:16,501163;9,445978E-1;1,308772E-1;1,287892E-1;9,347941E-1;;
02/12/2021  12:47:16,501263;9,433788E-1;1,280100E-1;1,306848E-1;9,352384E-1;;
02/12/2021  12:47:16,501363;9,443921E-1;1,238685E-1;1,095173E-1;9,356823E-1;;
02/12/2021  12:47:16,501463;9,456320E-1;1,232313E-1;1,164678E-1;9,361246E-1;;
02/12/2021  12:47:16,501563;9,455843E-1;1,190898E-1;1,240502E-1;9,365643E-1;;
02/12/2021  12:47:16,501663;9,452356E-1;1,241871E-1;1,310007E-1;9,370006E-1;;
02/12/2021  12:47:16,501763;9,453429E-1;1,200455E-1;1,231024E-1;9,374327E-1;;
02/12/2021  12:47:16,501863;9,458972E-1;2,988738E-2;7,887192E-2;9,378597E-1;;
02/12/2021  12:47:16,501963;9,472890E-1;1,257800E-1;1,256299E-1;9,382810E-1;;
02/12/2021  12:47:16,502063;9,475602E-1;1,162226E-1;1,076217E-1;9,386961E-1;;
02/12/2021  12:47:16,502163;9,468718E-1;1,200455E-1;1,338441E-1;9,391047E-1;;
02/12/2021  12:47:16,502263;9,462191E-1;1,241871E-1;1,145722E-1;9,395065E-1;;
02/12/2021  12:47:16,502363;9,471281E-1;1,410718E-1;1,622780E-1;9,399009E-1;;
02/12/2021  12:47:16,502463;9,476854E-1;1,187712E-1;1,417424E-1;9,402876E-1;;
02/12/2021  12:47:16,502563;9,476228E-1;1,127182E-1;1,205749E-1;9,406664E-1;;
02/12/2021  12:47:16,502663;9,466929E-1;1,404346E-1;1,398468E-1;9,410369E-1;;
02/12/2021  12:47:16,502763;9,457243E-1;1,232313E-1;1,246821E-1;9,413989E-1;;
02/12/2021  12:47:16,502863;9,459508E-1;1,254614E-1;1,265777E-1;9,417518E-1;;
02/12/2021  12:47:16,502963;9,464903E-1;1,331073E-1;1,379512E-1;9,420952E-1;;
02/12/2021  12:47:16,503063;9,460105E-1;1,433019E-1;1,401627E-1;9,424286E-1;;
02/12/2021  12:47:16,503163;9,450508E-1;1,203641E-1;1,164678E-1;9,427516E-1;;
02/12/2021  12:47:16,503263;9,439272E-1;1,165411E-1;1,193112E-1;9,430637E-1;;
02/12/2021  12:47:16,503363;9,445531E-1;1,184526E-1;1,240502E-1;9,433642E-1;;
02/12/2021  12:47:16,503463;9,452654E-1;1,337445E-1;1,344760E-1;9,436527E-1;;
02/12/2021  12:47:16,503563;9,447647E-1;1,178155E-1;1,164678E-1;9,439287E-1;;
02/12/2021  12:47:16,503663;9,440286E-1;1,241871E-1;1,152041E-1;9,441919E-1;;
02/12/2021  12:47:16,503763;9,438229E-1;1,235499E-1;1,272095E-1;9,444419E-1;;
02/12/2021  12:47:16,503863;9,445501E-1;1,388417E-1;1,477451E-1;9,446783E-1;;
02/12/2021  12:47:16,503963;9,444220E-1;1,267357E-1;1,183634E-1;9,449010E-1;;
02/12/2021  12:47:16,504063;9,433759E-1;1,114439E-1;1,161519E-1;9,451097E-1;;
02/12/2021  12:47:16,504163;9,417546E-1;1,018865E-1;1,139404E-1;9,453044E-1;;
02/12/2021  12:47:16,504263;9,412092E-1;1,213198E-1;1,483770E-1;9,454845E-1;;
02/12/2021  12:47:16,504363;9,415042E-1;1,006121E-1;1,764949E-1;9,456496E-1;;
02/12/2021  12:47:16,504463;9,411108E-1;1,257800E-1;1,281573E-1;9,457993E-1;;
02/12/2021  12:47:16,504563;9,409022E-1;1,098510E-1;1,016190E-1;9,459333E-1;;
02/12/2021  12:47:16,504663;9,394598E-1;7,385142E-2;1,382671E-1;9,460512E-1;;
02/12/2021  12:47:16,504763;9,391260E-1;1,397975E-1;1,445858E-1;9,461528E-1;;
02/12/2021  12:47:16,504863;9,397816E-1;1,260985E-1;1,347919E-1;9,462376E-1;;
02/12/2021  12:47:16,504963;9,401869E-1;1,111253E-1;1,208909E-1;9,463055E-1;;
02/12/2021  12:47:16,505063;9,390842E-1;1,165411E-1;1,161519E-1;9,463564E-1;;
02/12/2021  12:47:16,505163;9,385508E-1;1,013542E-2;1,028828E-1;9,463904E-1;;
02/12/2021  12:47:16,505263;9,388637E-1;9,328480E-2;6,339125E-2;9,464075E-1;;
02/12/2021  12:47:16,505363;9,394299E-1;1,340630E-1;1,117289E-1;9,464078E-1;;
02/12/2021  12:47:16,505463;9,395402E-1;1,286472E-1;1,272095E-1;9,463916E-1;;
02/12/2021  12:47:16,505563;9,393942E-1;1,238685E-1;1,281573E-1;9,463593E-1;;
02/12/2021  12:47:16,505663;9,382408E-1;1,264171E-1;1,278414E-1;9,463115E-1;;
02/12/2021  12:47:16,505763;9,388726E-1;1,152668E-1;1,202590E-1;9,462485E-1;;
02/12/2021  12:47:16,505863;9,393495E-1;1,117624E-1;8,677022E-2;9,461710E-1;;
02/12/2021  12:47:16,505963;9,391587E-1;1,063466E-1;1,016190E-1;9,460794E-1;;
02/12/2021  12:47:16,506063;9,382199E-1;1,292843E-1;1,613302E-1;9,459746E-1;;
02/12/2021  12:47:16,506163;9,372305E-1;1,206827E-1;1,265777E-1;9,458570E-1;;
02/12/2021  12:47:16,506263;9,380501E-1;1,369303E-1;1,366875E-1;9,457273E-1;;
02/12/2021  12:47:16,506363;9,383958E-1;1,152668E-1;1,101492E-1;9,455859E-1;;
02/12/2021  12:47:16,506463;9,376656E-1;1,305587E-1;1,313166E-1;9,454335E-1;;
02/12/2021  12:47:16,506563;9,373229E-1;1,337445E-1;1,430061E-1;9,452708E-1;;
02/12/2021  12:47:16,506663;9,367060E-1;1,149482E-1;1,076217E-1;9,450984E-1;;
02/12/2021  12:47:16,506763;9,376626E-1;1,174969E-1;1,202590E-1;9,449168E-1;;
02/12/2021  12:47:16,506863;9,383928E-1;1,340630E-1;1,581709E-1;9,447267E-1;;
02/12/2021  12:47:16,506963;9,384137E-1;1,452133E-1;1,455336E-1;9,445289E-1;;
02/12/2021  12:47:16,507063;9,376805E-1;1,232313E-1;1,050943E-1;9,443242E-1;;
02/12/2021  12:47:16,507163;9,371292E-1;1,241871E-1;1,313166E-1;9,441135E-1;;
02/12/2021  12:47:16,507263;9,376924E-1;1,069837E-1;9,403666E-2;9,438976E-1;;
02/12/2021  12:47:16,507363;9,388100E-1;1,283286E-1;1,322644E-1;9,436771E-1;;
02/12/2021  12:47:16,507463;9,383570E-1;1,292843E-1;1,243661E-1;9,434528E-1;;
02/12/2021  12:47:16,507563;9,377133E-1;1,302401E-1;1,246821E-1;9,432258E-1;;
02/12/2021  12:47:16,507663;9,377818E-1;1,260985E-1;1,253139E-1;9,429968E-1;;
02/12/2021  12:47:16,507763;9,391438E-1;1,353374E-1;1,221546E-1;9,427665E-1;;
02/12/2021  12:47:16,507863;9,391021E-1;1,391603E-1;1,366875E-1;9,425357E-1;;
02/12/2021  12:47:16,507963;9,382021E-1;1,280100E-1;1,392149E-1;9,423054E-1;;
02/12/2021  12:47:16,508063;9,371828E-1;1,076209E-1;1,117289E-1;9,420762E-1;;
02/12/2021  12:47:16,508163;9,366613E-1;1,219570E-1;1,524841E-1;9,418488E-1;;
02/12/2021  12:47:16,508263;9,374182E-1;1,257800E-1;1,268936E-1;9,416234E-1;;
02/12/2021  12:47:16,508363;9,372484E-1;1,222756E-1;1,212068E-1;9,414005E-1;;
02/12/2021  12:47:16,508463;9,371083E-1;1,095324E-1;1,265777E-1;9,411803E-1;;
02/12/2021  12:47:16,508563;9,358476E-1;1,028422E-1;1,177316E-1;9,409632E-1;;
02/12/2021  12:47:16,508663;9,362261E-1;1,678325E-1;2,087200E-1;9,407494E-1;;
02/12/2021  12:47:16,508763;9,364765E-1;1,350188E-1;1,016190E-1;9,405390E-1;;
02/12/2021  12:47:16,508863;9,362917E-1;1,031608E-1;1,076217E-1;9,403321E-1;;
02/12/2021  12:47:16,508963;9,359788E-1;1,111253E-1;1,101492E-1;9,401290E-1;;
02/12/2021  12:47:16,509063;9,357731E-1;2,128572E-2;7,350108E-2;9,399296E-1;;
02/12/2021  12:47:16,509163;9,355615E-1;7,958586E-2;9,909157E-2;9,397342E-1;;
02/12/2021  12:47:16,509263;9,370666E-1;1,101695E-1;1,442698E-1;9,395427E-1;;
02/12/2021  12:47:16,509363;9,380054E-1;1,130368E-1;1,231024E-1;9,393553E-1;;
02/12/2021  12:47:16,509463;9,380203E-1;1,050723E-1;1,158360E-1;9,391725E-1;;
02/12/2021  12:47:16,509563;9,378534E-1;5,696668E-2;8,045158E-2;9,389948E-1;;
02/12/2021  12:47:16,509663;9,387951E-1;8,850610E-2;8,108345E-2;9,388226E-1;;
02/12/2021  12:47:16,509763;9,404492E-1;3,594040E-2;1,663332E-2;9,386565E-1;;
02/12/2021  12:47:16,509863;9,404134E-1;9,615202E-2;1,047783E-1;9,384972E-1;;
02/12/2021  12:47:16,509963;9,404015E-1;1,057094E-1;1,164678E-1;9,383454E-1;;
02/12/2021  12:47:16,510063;9,394627E-1;9,487770E-2;1,196272E-1;9,382019E-1;;
02/12/2021  12:47:16,510163;9,402346E-1;7,926728E-2;9,087734E-2;9,380670E-1;;
02/12/2021  12:47:16,510263;9,406012E-1;1,018865E-1;9,403666E-2;9,379413E-1;;
02/12/2021  12:47:16,510363;9,405118E-1;1,117624E-1;1,193112E-1;9,378251E-1;;
02/12/2021  12:47:16,510463;9,400469E-1;1,318330E-1;1,388990E-1;9,377187E-1;;
02/12/2021  12:47:16,510563;9,388398E-1;1,311958E-1;1,360556E-1;9,376224E-1;;
02/12/2021  12:47:16,510663;9,393316E-1;1,343816E-1;1,193112E-1;9,375361E-1;;
02/12/2021  12:47:16,510763;9,397280E-1;1,573194E-1;1,458495E-1;9,374596E-1;;
02/12/2021  12:47:16,510863;9,394478E-1;1,640096E-1;1,404787E-1;9,373929E-1;;
02/12/2021  12:47:16,510963;9,384882E-1;1,751599E-1;1,619620E-1;9,373357E-1;;
02/12/2021  12:47:16,511063;9,387504E-1;1,742041E-1;1,471132E-1;9,372877E-1;;
02/12/2021  12:47:16,511163;9,398323E-1;1,805757E-1;1,853410E-1;9,372485E-1;;
02/12/2021  12:47:16,511263;9,402018E-1;1,770713E-1;1,894481E-1;9,372180E-1;;
02/12/2021  12:47:16,511363;9,412062E-1;1,611423E-1;1,515363E-1;9,371958E-1;;
02/12/2021  12:47:16,511463;9,411675E-1;1,483991E-1;1,414265E-1;9,371821E-1;;
02/12/2021  12:47:16,511563;9,410542E-1;1,347002E-1;1,202590E-1;9,371767E-1;;
02/12/2021  12:47:16,511663;9,424579E-1;1,109116E-2;8,361090E-2;9,371798E-1;;
02/12/2021  12:47:16,511763;9,437007E-1;1,260985E-1;1,322644E-1;9,371914E-1;;
02/12/2021  12:47:16,511863;9,434921E-1;1,324701E-1;1,328963E-1;9,372117E-1;;
02/12/2021  12:47:16,511963;9,433163E-1;1,340630E-1;1,328963E-1;9,372411E-1;;
02/12/2021  12:47:16,512063;9,432090E-1;1,334259E-1;1,287892E-1;9,372796E-1;;
02/12/2021  12:47:16,512163;9,443087E-1;1,490363E-1;1,461654E-1;9,373273E-1;;
02/12/2021  12:47:16,512263;9,449018E-1;1,248242E-1;1,224705E-1;9,373844E-1;;
02/12/2021  12:47:16,512363;9,447379E-1;1,404346E-1;1,540637E-1;9,374509E-1;;
02/12/2021  12:47:16,512463;9,434951E-1;1,213198E-1;1,291051E-1;9,375270E-1;;
02/12/2021  12:47:16,512563;9,429527E-1;1,337445E-1;1,322644E-1;9,376123E-1;;
02/12/2021  12:47:16,512663;9,442968E-1;1,318330E-1;1,347919E-1;9,377067E-1;;
02/12/2021  12:47:16,512763;9,448422E-1;1,280100E-1;1,265777E-1;9,378098E-1;;
02/12/2021  12:47:16,512863;9,437812E-1;1,455319E-1;1,455336E-1;9,379213E-1;;
02/12/2021  12:47:16,512963;9,427411E-1;1,299215E-1;1,300529E-1;9,380408E-1;;
02/12/2021  12:47:16,513063;9,427589E-1;4,231200E-2;7,602853E-2;9,381678E-1;;
02/12/2021  12:47:16,513163;9,428990E-1;1,423461E-1;1,531159E-1;9,383015E-1;;
02/12/2021  12:47:16,513263;9,432984E-1;1,117624E-1;1,278414E-1;9,384413E-1;;
02/12/2021  12:47:16,513363;9,428901E-1;1,302401E-1;1,388990E-1;9,385865E-1;;
02/12/2021  12:47:16,513463;9,416860E-1;1,522221E-1;1,439539E-1;9,387363E-1;;
02/12/2021  12:47:16,513563;9,420794E-1;9,710776E-2;1,000394E-1;9,388901E-1;;
02/12/2021  12:47:16,513663;9,429676E-1;1,327887E-1;1,306848E-1;9,390469E-1;;
02/12/2021  12:47:16,513763;9,429229E-1;1,292843E-1;1,275255E-1;9,392061E-1;;
02/12/2021  12:47:16,513863;9,422702E-1;1,334259E-1;1,376353E-1;9,393670E-1;;
02/12/2021  12:47:16,513963;9,425682E-1;1,289658E-1;1,246821E-1;9,395291E-1;;
02/12/2021  12:47:16,514063;9,427798E-1;5,569236E-2;8,771802E-2;9,396917E-1;;
02/12/2021  12:47:16,514163;9,432060E-1;9,296622E-2;8,013565E-2;9,398542E-1;;
02/12/2021  12:47:16,514263;9,434951E-1;1,311958E-1;1,328963E-1;9,400163E-1;;
02/12/2021  12:47:16,514363;9,432179E-1;1,308772E-1;1,256299E-1;9,401775E-1;;
02/12/2021  12:47:16,514463;9,424669E-1;1,267357E-1;1,196272E-1;9,403374E-1;;
02/12/2021  12:47:16,514563;9,423596E-1;1,305587E-1;1,423743E-1;9,404957E-1;;
02/12/2021  12:47:16,514663;9,426308E-1;1,429833E-1;1,357397E-1;9,406519E-1;;
02/12/2021  12:47:16,514763;9,417963E-1;1,410718E-1;1,430061E-1;9,408055E-1;;
02/12/2021  12:47:16,514863;9,404134E-1;1,073023E-1;1,231024E-1;9,409559E-1;;
02/12/2021  12:47:16,514963;9,392929E-1;1,327887E-1;1,322644E-1;9,411025E-1;;
02/12/2021  12:47:16,515063;9,390693E-1;9,169190E-2;7,255328E-2;9,412443E-1;;
02/12/2021  12:47:16,515163;9,392601E-1;7,480716E-2;9,561632E-2;9,413805E-1;;
02/12/2021  12:47:16,515263;9,379636E-1;4,995792E-2;8,424277E-2;9,415102E-1;;
02/12/2021  12:47:16,515363;9,367507E-1;1,378860E-1;1,268936E-1;9,416324E-1;;
02/12/2021  12:47:16,515463;9,360801E-1;1,194084E-1;1,139404E-1;9,417463E-1;;
02/12/2021  12:47:16,515563;9,361755E-1;1,238685E-1;1,436380E-1;9,418506E-1;;
02/12/2021  12:47:16,515663;9,353410E-1;1,554079E-1;1,806020E-1;9,419446E-1;;
02/12/2021  12:47:16,515763;9,344856E-1;1,321516E-1;1,221546E-1;9,420272E-1;;
02/12/2021  12:47:16,515863;9,334157E-1;1,289658E-1;1,177316E-1;9,420975E-1;;
02/12/2021  12:47:16,515963;9,328196E-1;1,372488E-1;1,613302E-1;9,421546E-1;;
02/12/2021  12:47:16,516063;9,328852E-1;1,404346E-1;1,366875E-1;9,421975E-1;;
02/12/2021  12:47:16,516163;9,330104E-1;1,315144E-1;1,335282E-1;9,422254E-1;;
02/12/2021  12:47:16,516263;9,325455E-1;1,190898E-1;1,227865E-1;9,422377E-1;;
02/12/2021  12:47:16,516363;9,313712E-1;8,181592E-2;9,182514E-2;9,422340E-1;;
02/12/2021  12:47:16,516463;9,312162E-1;1,178155E-1;1,265777E-1;9,422137E-1;;
02/12/2021  12:47:16,516563;9,326200E-1;1,350188E-1;1,278414E-1;9,421765E-1;;
02/12/2021  12:47:16,516663;9,318808E-1;1,225942E-1;1,218387E-1;9,421223E-1;;
02/12/2021  12:47:16,516763;9,311417E-1;1,350188E-1;1,546956E-1;9,420511E-1;;
02/12/2021  12:47:16,516863;9,303758E-1;1,378860E-1;1,347919E-1;9,419629E-1;;
02/12/2021  12:47:16,516963;9,297321E-1;1,385232E-1;1,449017E-1;9,418579E-1;;
02/12/2021  12:47:16,517063;9,304354E-1;1,315144E-1;1,357397E-1;9,417360E-1;;
02/12/2021  12:47:16,517163;9,302268E-1;1,238685E-1;1,268936E-1;9,415974E-1;;
02/12/2021  12:47:16,517263;9,295056E-1;1,483991E-1;1,600664E-1;9,414425E-1;;
02/12/2021  12:47:16,517363;9,282568E-1;1,506292E-1;1,373193E-1;9,412715E-1;;
02/12/2021  12:47:16,517463;9,278723E-1;1,254614E-1;1,202590E-1;9,410848E-1;;
02/12/2021  12:47:16,517563;9,273806E-1;1,286472E-1;1,300529E-1;9,408826E-1;;
02/12/2021  12:47:16,517663;9,270319E-1;1,219570E-1;1,224705E-1;9,406650E-1;;
02/12/2021  12:47:16,517763;9,267100E-1;1,225942E-1;1,050943E-1;9,404323E-1;;
02/12/2021  12:47:16,517863;9,251394E-1;1,509478E-1;1,528000E-1;9,401849E-1;;
02/12/2021  12:47:16,517963;9,251871E-1;1,229127E-1;1,183634E-1;9,399229E-1;;
02/12/2021  12:47:16,518063;9,248801E-1;1,143111E-1;9,372073E-2;9,396466E-1;;
02/12/2021  12:47:16,518163;9,246447E-1;1,353374E-1;1,376353E-1;9,393563E-1;;
02/12/2021  12:47:16,518263;9,232410E-1;1,009307E-1;1,016190E-1;9,390523E-1;;
02/12/2021  12:47:16,518363;9,227552E-1;1,311958E-1;1,499566E-1;9,387350E-1;;
02/12/2021  12:47:16,518463;9,226121E-1;1,394789E-1;1,300529E-1;9,384045E-1;;
02/12/2021  12:47:16,518563;9,231217E-1;9,838208E-2;1,294210E-1;9,380612E-1;;
02/12/2021  12:47:16,518663;9,233959E-1;1,442576E-1;1,449017E-1;9,377056E-1;;
02/12/2021  12:47:16,518763;9,228416E-1;1,264171E-1;1,224705E-1;9,373384E-1;;
02/12/2021  12:47:16,518863;9,224691E-1;1,206827E-1;1,069899E-1;9,369603E-1;;
02/12/2021  12:47:16,518963;9,227611E-1;1,216384E-1;1,376353E-1;9,365720E-1;;
02/12/2021  12:47:16,519063;9,239234E-1;1,174969E-1;1,297370E-1;9,361743E-1;;
02/12/2021  12:47:16,519163;9,234853E-1;1,410718E-1;1,360556E-1;9,357682E-1;;
02/12/2021  12:47:16,519263;9,234138E-1;1,222756E-1;1,231024E-1;9,353549E-1;;
02/12/2021  12:47:16,519363;9,230860E-1;1,394789E-1;1,392149E-1;9,349355E-1;;
02/12/2021  12:47:16,519463;9,247550E-1;1,506292E-1;1,366875E-1;9,345110E-1;;
02/12/2021  12:47:16,519563;9,248056E-1;1,420275E-1;1,376353E-1;9,340827E-1;;
02/12/2021  12:47:16,519663;9,251782E-1;1,331073E-1;1,234183E-1;9,336520E-1;;
02/12/2021  12:47:16,519763;9,246596E-1;1,318330E-1;1,471132E-1;9,332202E-1;;
02/12/2021  12:47:16,519863;9,247728E-1;1,397975E-1;1,347919E-1;9,327888E-1;;
02/12/2021  12:47:16,519963;9,255745E-1;1,299215E-1;1,253139E-1;9,323589E-1;;
02/12/2021  12:47:16,520063;9,260514E-1;1,413904E-1;1,578549E-1;9,319318E-1;;
02/12/2021  12:47:16,520163;9,262838E-1;1,260985E-1;1,227865E-1;9,315090E-1;;
02/12/2021  12:47:16,520263;9,264865E-1;1,254614E-1;1,363715E-1;9,310917E-1;;
02/12/2021  12:47:16,520363;9,263136E-1;1,213198E-1;1,246821E-1;9,306812E-1;;
02/12/2021  12:47:16,520463;9,277800E-1;1,257800E-1;1,259458E-1;9,302788E-1;;
02/12/2021  12:47:16,520563;9,281167E-1;1,289658E-1;1,325804E-1;9,298857E-1;;
02/12/2021  12:47:16,520663;9,289572E-1;1,251428E-1;1,215227E-1;9,295032E-1;;
02/12/2021  12:47:16,520763;9,286293E-1;1,194084E-1;1,183634E-1;9,291325E-1;;
02/12/2021  12:47:16,520863;9,291807E-1;1,203641E-1;1,619620E-1;9,287750E-1;;
02/12/2021  12:47:16,520963;9,306530E-1;2,423802E-1;2,640081E-1;9,284318E-1;;
02/12/2021  12:47:16,521063;9,318153E-1;1,229127E-1;1,224705E-1;9,281040E-1;;
02/12/2021  12:47:16,521163;9,322444E-1;1,254614E-1;1,234183E-1;9,277929E-1;;
02/12/2021  12:47:16,521263;9,327183E-1;1,480806E-1;1,404787E-1;9,274998E-1;;
02/12/2021  12:47:16,521363;9,329985E-1;1,222756E-1;1,234183E-1;9,272258E-1;;
02/12/2021  12:47:16,521463;9,347777E-1;1,136739E-1;1,351078E-1;9,269721E-1;;
02/12/2021  12:47:16,521563;9,362589E-1;1,159040E-1;1,164678E-1;9,267397E-1;;
02/12/2021  12:47:16,521663;9,365540E-1;1,063466E-1;1,196272E-1;9,265299E-1;;
02/12/2021  12:47:16,521763;9,367238E-1;1,130368E-1;1,193112E-1;9,263437E-1;;
02/12/2021  12:47:16,521863;9,380411E-1;9,169190E-2;8,329497E-2;9,261823E-1;;
02/12/2021  12:47:16,521963;9,391438E-1;1,111253E-1;1,180475E-1;9,260463E-1;;
02/12/2021  12:47:16,522063;9,400409E-1;1,009307E-1;1,066739E-1;9,259368E-1;;
02/12/2021  12:47:16,522163;9,400439E-1;1,079395E-1;1,205749E-1;9,258547E-1;;
02/12/2021  12:47:16,522263;9,402466E-1;5,282514E-2;8,961361E-2;9,258004E-1;;
02/12/2021  12:47:16,522363;9,411436E-1;7,990444E-2;1,050943E-1;9,257746E-1;;
02/12/2021  12:47:16,522463;9,425086E-1;8,850610E-2;9,340479E-2;9,257775E-1;;
02/12/2021  12:47:16,522563;9,432805E-1;9,901924E-2;1,104651E-1;9,258095E-1;;
02/12/2021  12:47:16,522663;9,437067E-1;1,123996E-1;1,177316E-1;9,258709E-1;;
02/12/2021  12:47:16,522763;9,440494E-1;9,965640E-2;5,707262E-2;9,259618E-1;;
02/12/2021  12:47:16,522863;9,447140E-1;9,838208E-2;1,117289E-1;9,260823E-1;;
02/12/2021  12:47:16,522963;9,458704E-1;1,015679E-1;1,107811E-1;9,262323E-1;;
02/12/2021  12:47:16,523063;9,469314E-1;9,360338E-2;1,082536E-1;9,264117E-1;;
02/12/2021  12:47:16,523163;9,469463E-1;1,037979E-1;1,092014E-1;9,266203E-1;;
02/12/2021  12:47:16,523263;9,475691E-1;8,117876E-2;1,000394E-1;9,268578E-1;;
02/12/2021  12:47:16,523363;9,493156E-1;1,114439E-1;1,253139E-1;9,271240E-1;;
02/12/2021  12:47:16,523463;9,505107E-1;1,069837E-1;9,972343E-2;9,274185E-1;;
02/12/2021  12:47:16,523563;9,513929E-1;5,664810E-2;5,233363E-2;9,277410E-1;;
02/12/2021  12:47:16,523663;9,516104E-1;1,229127E-1;1,291051E-1;9,280912E-1;;
02/12/2021  12:47:16,523763;9,520545E-1;1,292843E-1;1,341600E-1;9,284687E-1;;
02/12/2021  12:47:16,523863;9,535476E-1;1,171783E-1;9,466852E-2;9,288731E-1;;
02/12/2021  12:47:16,523963;9,553954E-1;1,382046E-1;1,461654E-1;9,293039E-1;;
02/12/2021  12:47:16,524063;9,559378E-1;1,028422E-1;1,038306E-1;9,297606E-1;;
02/12/2021  12:47:16,524163;9,565220E-1;1,483991E-1;1,300529E-1;9,302428E-1;;
02/12/2021  12:47:16,524263;9,572223E-1;1,547707E-1;1,319485E-1;9,307500E-1;;
02/12/2021  12:47:16,524363;9,588228E-1;-1,949252E-2;6,497092E-2;9,312818E-1;;
02/12/2021  12:47:16,524463;9,601699E-1;1,761156E-1;1,916596E-1;9,318376E-1;;
02/12/2021  12:47:16,524563;9,604530E-1;1,378860E-1;1,370034E-1;9,324168E-1;;
02/12/2021  12:47:16,524663;9,610520E-1;7,130278E-2;2,295196E-2;9,330191E-1;;
02/12/2021  12:47:16,524763;9,622680E-1;1,359745E-1;1,439539E-1;9,336437E-1;;
02/12/2021  12:47:16,524863;9,634631E-1;1,095324E-1;1,095173E-1;9,342901E-1;;
02/12/2021  12:47:16,524963;9,650874E-1;1,098510E-1;1,186794E-1;9,349575E-1;;
02/12/2021  12:47:16,525063;9,658712E-1;1,152668E-1;1,193112E-1;9,356455E-1;;
02/12/2021  12:47:16,525163;9,659367E-1;2,319720E-2;7,918786E-2;9,363535E-1;;
02/12/2021  12:47:16,525263;9,668010E-1;1,321516E-1;1,351078E-1;9,370809E-1;;
02/12/2021  12:47:16,525363;9,691137E-1;1,178155E-1;1,148882E-1;9,378269E-1;;
02/12/2021  12:47:16,525463;9,701717E-1;1,260985E-1;1,291051E-1;9,385911E-1;;
02/12/2021  12:47:16,525563;9,708870E-1;1,171783E-1;1,588027E-1;9,393727E-1;;
02/12/2021  12:47:16,525663;9,711165E-1;1,238685E-1;1,297370E-1;9,401713E-1;;
02/12/2021  12:47:16,525763;9,718437E-1;1,241871E-1;1,281573E-1;9,409863E-1;;
02/12/2021  12:47:16,525863;9,738971E-1;1,270543E-1;1,401627E-1;9,418169E-1;;
02/12/2021  12:47:16,525963;9,743382E-1;1,251428E-1;1,259458E-1;9,426624E-1;;
02/12/2021  12:47:16,526063;9,753485E-1;1,643281E-1;1,553275E-1;9,435223E-1;;
02/12/2021  12:47:16,526163;9,750922E-1;1,347002E-1;1,338441E-1;9,443957E-1;;
02/12/2021  12:47:16,526263;9,754171E-1;7,512574E-2;9,845971E-2;9,452820E-1;;
02/12/2021  12:47:16,526363;9,774496E-1;1,012493E-1;1,073058E-1;9,461801E-1;;
02/12/2021  12:47:16,526463;9,774139E-1;1,241871E-1;1,256299E-1;9,470892E-1;;
02/12/2021  12:47:16,526563;9,776434E-1;1,190898E-1;1,022509E-1;9,480084E-1;;
02/12/2021  12:47:16,526663;9,769698E-1;6,811698E-2;1,073058E-1;9,489365E-1;;
02/12/2021  12:47:16,526763;9,771486E-1;1,159040E-1;1,120448E-1;9,498725E-1;;
02/12/2021  12:47:16,526863;9,787669E-1;1,359745E-1;1,698603E-1;9,508148E-1;;
02/12/2021  12:47:16,526963;9,789130E-1;1,270543E-1;1,319485E-1;9,517623E-1;;
02/12/2021  12:47:16,527063;9,784272E-1;7,958586E-2;8,961361E-2;9,527136E-1;;
02/12/2021  12:47:16,527163;9,783944E-1;1,523270E-2;8,708615E-2;9,536675E-1;;
02/12/2021  12:47:16,527263;9,786447E-1;1,152668E-1;1,170997E-1;9,546223E-1;;
02/12/2021  12:47:16,527363;9,791722E-1;1,130368E-1;9,719598E-2;9,555767E-1;;
02/12/2021  12:47:16,527463;9,798130E-1;1,305587E-1;1,300529E-1;9,565291E-1;;
02/12/2021  12:47:16,527563;9,792944E-1;1,394789E-1;1,376353E-1;9,574782E-1;;
02/12/2021  12:47:16,527663;9,785047E-1;1,254614E-1;1,167838E-1;9,584225E-1;;
02/12/2021  12:47:16,527763;9,790113E-1;1,146297E-1;1,401627E-1;9,593605E-1;;
02/12/2021  12:47:16,527863;9,792766E-1;1,232313E-1;1,256299E-1;9,602906E-1;;
02/12/2021  12:47:16,527963;9,792259E-1;1,251428E-1;1,237343E-1;9,612114E-1;;
02/12/2021  12:47:16,528063;9,788236E-1;1,120810E-1;1,231024E-1;9,621214E-1;;
02/12/2021  12:47:16,528163;9,778609E-1;9,774492E-2;1,212068E-1;9,630192E-1;;
02/12/2021  12:47:16,528263;9,783646E-1;8,181592E-2;1,098333E-1;9,639033E-1;;
02/12/2021  12:47:16,528363;9,783974E-1;1,356559E-1;1,310007E-1;9,647721E-1;;
02/12/2021  12:47:16,528463;9,774198E-1;1,139925E-1;1,133085E-1;9,656242E-1;;
02/12/2021  12:47:16,528563;9,760966E-1;1,146297E-1;1,401627E-1;9,664583E-1;;
02/12/2021  12:47:16,528663;9,748240E-1;1,299215E-1;1,300529E-1;9,672727E-1;;
02/12/2021  12:47:16,528763;9,746243E-1;1,257800E-1;1,253139E-1;9,680658E-1;;
02/12/2021  12:47:16,528863;9,743948E-1;1,570008E-1;1,708081E-1;9,688359E-1;;
02/12/2021  12:47:16,528963;9,732325E-1;1,410718E-1;1,284732E-1;9,695813E-1;;
02/12/2021  12:47:16,529063;9,721745E-1;-4,625324E-2;6,370719E-2;9,703006E-1;;
02/12/2021  12:47:16,529163;9,708513E-1;1,283286E-1;1,196272E-1;9,709920E-1;;
02/12/2021  12:47:16,529263;9,711433E-1;1,092138E-1;1,278414E-1;9,716540E-1;;
02/12/2021  12:47:16,529363;9,697992E-1;1,254614E-1;1,363715E-1;9,722851E-1;;
02/12/2021  12:47:16,529463;9,689945E-1;1,232313E-1;1,275255E-1;9,728839E-1;;
02/12/2021  12:47:16,529563;9,674060E-1;1,436204E-1;1,461654E-1;9,734489E-1;;
02/12/2021  12:47:16,529663;9,662139E-1;6,779840E-2;8,677022E-2;9,739789E-1;;
02/12/2021  12:47:16,529763;9,657102E-1;1,547707E-1;1,888163E-1;9,744724E-1;;
02/12/2021  12:47:16,529863;9,647655E-1;1,283286E-1;1,268936E-1;9,749281E-1;;
02/12/2021  12:47:16,529963;9,637313E-1;1,318330E-1;1,388990E-1;9,753450E-1;;
02/12/2021  12:47:16,530063;9,616362E-1;1,388417E-1;1,388990E-1;9,757220E-1;;
02/12/2021  12:47:16,530163;9,607302E-1;1,331073E-1;1,328963E-1;9,760579E-1;;
02/12/2021  12:47:16,530263;9,601550E-1;1,216384E-1;1,316326E-1;9,763517E-1;;
02/12/2021  12:47:16,530363;9,597973E-1;1,232313E-1;1,256299E-1;9,766027E-1;;
02/12/2021  12:47:16,530463;9,579257E-1;1,353374E-1;1,388990E-1;9,768100E-1;;
02/12/2021  12:47:16,530563;9,567693E-1;1,251428E-1;1,224705E-1;9,769731E-1;;
02/12/2021  12:47:16,530663;9,555951E-1;8,340882E-2;7,729226E-2;9,770916E-1;;
02/12/2021  12:47:16,530763;9,560153E-1;1,229127E-1;1,186794E-1;9,771649E-1;;
02/12/2021  12:47:16,530863;9,549305E-1;1,356559E-1;1,344760E-1;9,771929E-1;;
02/12/2021  12:47:16,530963;9,527340E-1;1,241871E-1;1,341600E-1;9,771756E-1;;
02/12/2021  12:47:16,531063;9,517445E-1;1,442576E-1;1,385831E-1;9,771131E-1;;
02/12/2021  12:47:16,531163;9,516164E-1;1,315144E-1;1,325804E-1;9,770053E-1;;
02/12/2021  12:47:16,531263;9,514495E-1;1,490363E-1;1,676488E-1;9,768526E-1;;
02/12/2021  12:47:16,531363;9,500875E-1;1,468062E-1;1,404787E-1;9,766554E-1;;
02/12/2021  12:47:16,531463;9,487017E-1;1,273729E-1;1,256299E-1;9,764144E-1;;
02/12/2021  12:47:16,531563;9,468002E-1;1,267357E-1;1,291051E-1;9,761301E-1;;
02/12/2021  12:47:16,531663;9,468837E-1;1,331073E-1;1,297370E-1;9,758033E-1;;
02/12/2021  12:47:16,531763;9,463889E-1;1,503106E-1;1,284732E-1;9,754345E-1;;
02/12/2021  12:47:16,531863;9,452237E-1;1,350188E-1;1,332122E-1;9,750247E-1;;
02/12/2021  12:47:16,531963;9,438557E-1;1,305587E-1;1,278414E-1;9,745748E-1;;
02/12/2021  12:47:16,532063;9,413314E-1;1,356559E-1;1,385831E-1;9,740860E-1;;
02/12/2021  12:47:16,532163;9,416533E-1;1,321516E-1;1,322644E-1;9,735589E-1;;
02/12/2021  12:47:16,532263;9,412062E-1;1,200455E-1;9,688005E-2;9,729947E-1;;
02/12/2021  12:47:16,532363;9,398502E-1;9,965640E-2;9,087734E-2;9,723943E-1;;
02/12/2021  12:47:16,532463;9,378921E-1;1,347002E-1;1,291051E-1;9,717590E-1;;
02/12/2021  12:47:16,532563;9,368073E-1;1,324701E-1;1,275255E-1;9,710898E-1;;
02/12/2021  12:47:16,532663;9,361695E-1;1,006121E-1;6,686651E-2;9,703879E-1;;
02/12/2021  12:47:16,532763;9,360115E-1;1,073023E-1;1,199431E-1;9,696543E-1;;
02/12/2021  12:47:16,532863;9,347449E-1;1,108067E-1;1,148882E-1;9,688903E-1;;
02/12/2021  12:47:16,532963;9,330819E-1;1,356559E-1;1,281573E-1;9,680972E-1;;
02/12/2021  12:47:16,533063;9,307960E-1;7,799296E-2;8,677022E-2;9,672762E-1;;
02/12/2021  12:47:16,533163;9,306500E-1;9,105474E-2;1,019350E-1;9,664285E-1;;
02/12/2021  12:47:16,533263;9,301106E-1;1,407532E-1;1,796542E-1;9,655551E-1;;
02/12/2021  12:47:16,533363;9,287724E-1;1,206827E-1;1,253139E-1;9,646571E-1;;
02/12/2021  12:47:16,533463;9,264835E-1;5,855958E-2;1,663332E-2;9,637359E-1;;
02/12/2021  12:47:16,533563;9,252527E-1;1,483991E-1;1,354238E-1;9,627923E-1;;
02/12/2021  12:47:16,533663;9,247728E-1;1,391603E-1;1,509044E-1;9,618275E-1;;
02/12/2021  12:47:16,533763;9,240874E-1;1,362931E-1;1,404787E-1;9,608424E-1;;
02/12/2021  12:47:16,533863;9,227611E-1;1,464877E-1;1,528000E-1;9,598380E-1;;
02/12/2021  12:47:16,533963;9,222366E-1;1,369303E-1;1,268936E-1;9,588155E-1;;
02/12/2021  12:47:16,534063;9,209551E-1;1,063466E-1;1,022509E-1;9,577761E-1;;
02/12/2021  12:47:16,534163;9,214587E-1;1,509478E-1;1,388990E-1;9,567209E-1;;
02/12/2021  12:47:16,534263;9,208478E-1;1,327887E-1;1,328963E-1;9,556512E-1;;
02/12/2021  12:47:16,534363;9,203918E-1;1,541336E-1;1,467973E-1;9,545685E-1;;
02/12/2021  12:47:16,534463;9,193427E-1;1,324701E-1;1,246821E-1;9,534743E-1;;
02/12/2021  12:47:16,534563;9,187496E-1;1,299215E-1;1,354238E-1;9,523700E-1;;
02/12/2021  12:47:16,534663;9,195782E-1;8,309024E-2;1,142563E-1;9,512574E-1;;
02/12/2021  12:47:16,534763;9,189434E-1;1,159040E-1;1,237343E-1;9,501379E-1;;
02/12/2021  12:47:16,534863;9,178913E-1;1,343816E-1;1,420583E-1;9,490133E-1;;
02/12/2021  12:47:16,534963;9,175277E-1;1,076209E-1;1,101492E-1;9,478853E-1;;
02/12/2021  12:47:16,535063;9,171760E-1;5,792242E-2;8,898175E-2;9,467555E-1;;
02/12/2021  12:47:16,535163;9,176648E-1;1,174969E-1;1,278414E-1;9,456255E-1;;
02/12/2021  12:47:16,535263;9,174413E-1;1,385232E-1;1,401627E-1;9,444971E-1;;
02/12/2021  12:47:16,535363;9,168870E-1;5,409946E-2;5,170177E-2;9,433720E-1;;
02/12/2021  12:47:16,535463;9,159243E-1;1,114439E-1;1,433221E-1;9,422519E-1;;
02/12/2021  12:47:16,535563;9,156442E-1;1,092138E-1;1,136244E-1;9,411383E-1;;
02/12/2021  12:47:16,535663;9,164906E-1;1,187712E-1;9,056141E-2;9,400328E-1;;
02/12/2021  12:47:16,535763;9,162313E-1;1,031608E-1;1,136244E-1;9,389369E-1;;
02/12/2021  12:47:16,535863;9,151912E-1;6,461260E-2;6,844617E-2;9,378521E-1;;
02/12/2021  12:47:16,535963;9,152955E-1;1,143111E-1;1,208909E-1;9,367799E-1;;
02/12/2021  12:47:16,536063;9,151137E-1;1,190898E-1;1,294210E-1;9,357217E-1;;
02/12/2021  12:47:16,536163;9,162045E-1;1,009307E-1;1,126766E-1;9,346787E-1;;
02/12/2021  12:47:16,536263;9,159541E-1;7,448858E-2;1,000394E-1;9,336524E-1;;
02/12/2021  12:47:16,536363;9,153223E-1;9,264764E-2;1,025668E-1;9,326441E-1;;
02/12/2021  12:47:16,536463;9,151852E-1;1,069837E-1;1,050943E-1;9,316551E-1;;
02/12/2021  12:47:16,536563;9,146935E-1;7,066562E-2;1,370034E-1;9,306865E-1;;
02/12/2021  12:47:16,536663;9,159631E-1;5,951532E-2;1,016190E-1;9,297394E-1;;
02/12/2021  12:47:16,536763;9,157693E-1;1,254614E-1;1,186794E-1;9,288148E-1;;
02/12/2021  12:47:16,536863;9,148693E-1;1,200455E-1;1,291051E-1;9,279137E-1;;
02/12/2021  12:47:16,536963;9,145474E-1;1,413904E-1;1,212068E-1;9,270369E-1;;
02/12/2021  12:47:16,537063;9,154147E-1;1,337445E-1;1,275255E-1;9,261852E-1;;
02/12/2021  12:47:16,537163;9,157515E-1;1,401161E-1;1,278414E-1;9,253592E-1;;
02/12/2021  12:47:16,537263;9,160912E-1;1,554079E-1;1,246821E-1;9,245597E-1;;
02/12/2021  12:47:16,537363;9,148395E-1;1,853544E-1;1,843932E-1;9,237872E-1;;
02/12/2021  12:47:16,537463;9,137427E-1;1,853544E-1;1,578549E-1;9,230423E-1;;
02/12/2021  12:47:16,537563;9,147411E-1;1,652839E-1;1,370034E-1;9,223252E-1;;
02/12/2021  12:47:16,537663;9,153253E-1;1,630538E-1;1,926074E-1;9,216359E-1;;
02/12/2021  12:47:16,537763;9,151375E-1;1,531778E-1;1,404787E-1;9,209747E-1;;
02/12/2021  12:47:16,537863;9,146994E-1;1,375674E-1;1,648054E-1;9,203417E-1;;
02/12/2021  12:47:16,537963;9,153908E-1;1,229127E-1;1,193112E-1;9,197369E-1;;
02/12/2021  12:47:16,538063;9,159959E-1;5,027650E-2;8,203124E-2;9,191604E-1;;
02/12/2021  12:47:16,538163;9,159631E-1;1,289658E-1;1,382671E-1;9,186122E-1;;
02/12/2021  12:47:16,538263;9,164280E-1;1,468062E-1;1,388990E-1;9,180924E-1;;
02/12/2021  12:47:16,538363;9,164608E-1;1,417090E-1;1,155200E-1;9,176009E-1;;
02/12/2021  12:47:16,538463;9,166724E-1;6,588692E-2;8,834988E-2;9,171378E-1;;
02/12/2021  12:47:16,538563;9,182817E-1;1,426647E-1;1,546956E-1;9,167029E-1;;
02/12/2021  12:47:16,538663;9,192444E-1;1,324701E-1;1,259458E-1;9,162963E-1;;
02/12/2021  12:47:16,538763;9,195603E-1;1,327887E-1;1,265777E-1;9,159182E-1;;
02/12/2021  12:47:16,538863;9,195812E-1;1,286472E-1;1,183634E-1;9,155687E-1;;
02/12/2021  12:47:16,538963;9,212769E-1;1,181340E-1;1,183634E-1;9,152481E-1;;
02/12/2021  12:47:16,539063;9,226985E-1;1,311958E-1;1,524841E-1;9,149564E-1;;
02/12/2021  12:47:16,539163;9,239443E-1;1,289658E-1;1,297370E-1;9,146941E-1;;
02/12/2021  12:47:16,539263;9,243705E-1;1,155854E-1;1,303688E-1;9,144615E-1;;
02/12/2021  12:47:16,539363;9,245374E-1;1,318330E-1;1,291051E-1;9,142591E-1;;
02/12/2021  12:47:16,539463;9,251543E-1;1,015679E-1;1,142563E-1;9,140871E-1;;
02/12/2021  12:47:16,539563;9,268084E-1;1,350188E-1;1,284732E-1;9,139459E-1;;
02/12/2021  12:47:16,539663;9,281823E-1;1,159040E-1;1,148882E-1;9,138355E-1;;
02/12/2021  12:47:16,539763;9,282270E-1;1,289658E-1;1,354238E-1;9,137563E-1;;
02/12/2021  12:47:16,539863;9,289572E-1;1,509478E-1;1,458495E-1;9,137086E-1;;
02/12/2021  12:47:16,539963;9,301672E-1;1,245056E-1;1,297370E-1;9,136925E-1;;
02/12/2021  12:47:16,540063;9,318093E-1;1,315144E-1;1,569071E-1;9,137081E-1;;
02/12/2021  12:47:16,540163;9,328763E-1;1,219570E-1;1,237343E-1;9,137556E-1;;
02/12/2021  12:47:16,540263;9,327451E-1;1,292843E-1;1,240502E-1;9,138351E-1;;
02/12/2021  12:47:16,540363;9,331594E-1;1,171783E-1;1,297370E-1;9,139466E-1;;
02/12/2021  12:47:16,540463;9,343366E-1;1,410718E-1;1,411105E-1;9,140902E-1;;
02/12/2021  12:47:16,540563;9,357582E-1;1,088952E-1;1,038306E-1;9,142654E-1;;
02/12/2021  12:47:16,540663;9,362529E-1;1,225942E-1;1,265777E-1;9,144722E-1;;
02/12/2021  12:47:16,540763;9,369950E-1;1,190898E-1;1,189953E-1;9,147103E-1;;
02/12/2021  12:47:16,540863;9,372275E-1;1,375674E-1;1,398468E-1;9,149794E-1;;
02/12/2021  12:47:16,540963;9,387028E-1;1,296029E-1;1,303688E-1;9,152790E-1;;
02/12/2021  12:47:16,541063;9,397876E-1;9,009900E-2;6,402312E-2;9,156086E-1;;
02/12/2021  12:47:16,541163;9,399575E-1;1,210013E-1;1,240502E-1;9,159678E-1;;
02/12/2021  12:47:16,541263;9,402942E-1;1,257800E-1;1,291051E-1;9,163561E-1;;
02/12/2021  12:47:16,541363;9,403389E-1;1,248242E-1;1,265777E-1;9,167726E-1;;
02/12/2021  12:47:16,541463;9,409261E-1;9,201048E-2;1,256299E-1;9,172164E-1;;
02/12/2021  12:47:16,541563;9,422910E-1;1,229127E-1;1,221546E-1;9,176868E-1;;
02/12/2021  12:47:16,541663;9,424967E-1;1,238685E-1;1,303688E-1;9,181825E-1;;
02/12/2021  12:47:16,541763;9,421897E-1;1,146297E-1;1,199431E-1;9,187026E-1;;
02/12/2021  12:47:16,541863;9,432507E-1;1,276914E-1;1,287892E-1;9,192460E-1;;
02/12/2021  12:47:16,541963;9,443325E-1;1,404346E-1;1,458495E-1;9,198115E-1;;
02/12/2021  12:47:16,542063;9,450836E-1;1,748413E-1;2,191457E-1;9,203978E-1;;
02/12/2021  12:47:16,542163;9,454591E-1;1,152668E-1;1,237343E-1;9,210040E-1;;
02/12/2021  12:47:16,542263;9,456737E-1;1,531778E-1;2,042969E-1;9,216288E-1;;
02/12/2021  12:47:16,542363;9,454591E-1;1,254614E-1;1,310007E-1;9,222712E-1;;
02/12/2021  12:47:16,542463;9,464337E-1;1,085766E-1;1,019350E-1;9,229296E-1;;
02/12/2021  12:47:16,542563;9,474410E-1;1,375674E-1;1,376353E-1;9,236030E-1;;
02/12/2021  12:47:16,542663;9,471996E-1;1,305587E-1;1,322644E-1;9,242899E-1;;
02/12/2021  12:47:16,542763;9,479000E-1;1,216384E-1;1,287892E-1;9,249892E-1;;
02/12/2021  12:47:16,542863;9,474976E-1;1,174969E-1;1,272095E-1;9,256995E-1;;
02/12/2021  12:47:16,542963;9,493067E-1;1,159040E-1;1,126766E-1;9,264195E-1;;
02/12/2021  12:47:16,543063;9,502127E-1;1,276914E-1;1,325804E-1;9,271479E-1;;
02/12/2021  12:47:16,543163;9,499743E-1;1,340630E-1;1,322644E-1;9,278837E-1;;
02/12/2021  12:47:16,543263;9,496762E-1;1,101695E-1;1,152041E-1;9,286257E-1;;
02/12/2021  12:47:16,543363;9,496047E-1;1,407532E-1;1,420583E-1;9,293728E-1;;
02/12/2021  12:47:16,543463;9,502604E-1;3,434750E-2;9,150920E-2;9,301236E-1;;
02/12/2021  12:47:16,543563;9,511008E-1;1,388417E-1;1,341600E-1;9,308769E-1;;
02/12/2021  12:47:16,543663;9,513869E-1;1,251428E-1;1,237343E-1;9,316315E-1;;
02/12/2021  12:47:16,543763;9,507879E-1;1,114439E-1;1,221546E-1;9,323862E-1;;
02/12/2021  12:47:16,543863;9,510770E-1;1,308772E-1;1,442698E-1;9,331399E-1;;
02/12/2021  12:47:16,543963;9,528413E-1;1,251428E-1;1,325804E-1;9,338914E-1;;
02/12/2021  12:47:16,544063;9,529188E-1;1,146297E-1;1,167838E-1;9,346397E-1;;
02/12/2021  12:47:16,544163;9,529993E-1;1,174969E-1;1,161519E-1;9,353839E-1;;
02/12/2021  12:47:16,544263;9,526148E-1;9,105474E-2;1,673329E-1;9,361232E-1;;
02/12/2021  12:47:16,544363;9,532228E-1;1,347002E-1;1,158360E-1;9,368565E-1;;
02/12/2021  12:47:16,544463;9,540275E-1;1,557265E-1;2,074562E-1;9,375832E-1;;
02/12/2021  12:47:16,544563;9,539887E-1;1,095324E-1;1,120448E-1;9,383023E-1;;
02/12/2021  12:47:16,544663;9,540424E-1;1,139925E-1;1,224705E-1;9,390131E-1;;
02/12/2021  12:47:16,544763;9,532526E-1;1,353374E-1;1,417424E-1;9,397150E-1;;
02/12/2021  12:47:16,544863;9,540692E-1;1,270543E-1;1,284732E-1;9,404070E-1;;
02/12/2021  12:47:16,544963;9,546593E-1;1,203641E-1;1,243661E-1;9,410885E-1;;
02/12/2021  12:47:16,545063;9,545490E-1;1,235499E-1;1,218387E-1;9,417588E-1;;
02/12/2021  12:47:16,545163;9,542152E-1;1,311958E-1;1,382671E-1;9,424172E-1;;
02/12/2021  12:47:16,545263;9,533420E-1;1,216384E-1;1,136244E-1;9,430632E-1;;
02/12/2021  12:47:16,545363;9,537056E-1;1,092138E-1;1,231024E-1;9,436960E-1;;
02/12/2021  12:47:16,545463;9,543672E-1;1,168597E-1;1,347919E-1;9,443149E-1;;
02/12/2021  12:47:16,545563;9,541169E-1;1,213198E-1;1,268936E-1;9,449192E-1;;
02/12/2021  12:47:16,545663;9,536996E-1;1,340630E-1;1,360556E-1;9,455085E-1;;
02/12/2021  12:47:16,545763;9,530976E-1;1,181340E-1;1,123607E-1;9,460820E-1;;
02/12/2021  12:47:16,545863;9,538367E-1;1,347002E-1;1,445858E-1;9,466393E-1;;
02/12/2021  12:47:16,545963;9,544417E-1;1,174969E-1;1,117289E-1;9,471798E-1;;
02/12/2021  12:47:16,546063;9,539053E-1;1,302401E-1;1,243661E-1;9,477031E-1;;
02/12/2021  12:47:16,546163;9,537086E-1;1,503106E-1;1,616461E-1;9,482090E-1;;
02/12/2021  12:47:16,546263;9,534552E-1;1,168597E-1;1,063580E-1;9,486971E-1;;
02/12/2021  12:47:16,546363;9,539738E-1;1,139925E-1;1,047783E-1;9,491670E-1;;
02/12/2021  12:47:16,546463;9,547368E-1;1,095324E-1;1,584868E-1;9,496187E-1;;
02/12/2021  12:47:16,546563;9,538665E-1;1,442576E-1;1,338441E-1;9,500520E-1;;
02/12/2021  12:47:16,546663;9,531751E-1;1,624167E-1;1,543797E-1;9,504668E-1;;
02/12/2021  12:47:16,546763;9,530708E-1;1,219570E-1;1,208909E-1;9,508632E-1;;
02/12/2021  12:47:16,546863;9,537175E-1;1,133553E-1;1,215227E-1;9,512408E-1;;
02/12/2021  12:47:16,546963;9,540930E-1;1,165411E-1;1,452176E-1;9,515997E-1;;
02/12/2021  12:47:16,547063;9,533003E-1;1,299215E-1;1,294210E-1;9,519400E-1;;
02/12/2021  12:47:16,547163;9,522125E-1;1,238685E-1;1,199431E-1;9,522618E-1;;
02/12/2021  12:47:16,547263;9,511485E-1;1,044351E-1;1,167838E-1;9,525650E-1;;
02/12/2021  12:47:16,547363;9,515687E-1;1,630538E-1;1,644895E-1;9,528493E-1;;
02/12/2021  12:47:16,547463;9,512647E-1;1,506292E-1;1,439539E-1;9,531147E-1;;
02/12/2021  12:47:16,547563;9,503855E-1;1,232313E-1;1,306848E-1;9,533611E-1;;
02/12/2021  12:47:16,547663;9,492977E-1;9,583344E-2;1,028828E-1;9,535881E-1;;
02/12/2021  12:47:16,547763;9,491070E-1;1,149482E-1;1,215227E-1;9,537957E-1;;
02/12/2021  12:47:16,547863;9,496613E-1;1,283286E-1;1,439539E-1;9,539835E-1;;
02/12/2021  12:47:16,547963;9,490980E-1;1,139925E-1;1,240502E-1;9,541515E-1;;
02/12/2021  12:47:16,548063;9,482934E-1;9,328480E-2;1,180475E-1;9,542996E-1;;
02/12/2021  12:47:16,548163;9,473546E-1;9,870066E-2;1,006712E-1;9,544278E-1;;
02/12/2021  12:47:16,548263;9,467585E-1;1,168597E-1;1,253139E-1;9,545359E-1;;
02/12/2021  12:47:16,548363;9,473397E-1;1,092138E-1;1,224705E-1;9,546238E-1;;
02/12/2021  12:47:16,548463;9,465856E-1;9,933782E-2;1,152041E-1;9,546916E-1;;
02/12/2021  12:47:16,548563;9,460313E-1;7,098420E-2;1,076217E-1;9,547392E-1;;
02/12/2021  12:47:16,548663;9,453905E-1;1,133553E-1;1,205749E-1;9,547667E-1;;
02/12/2021  12:47:16,548763;9,443951E-1;1,028422E-1;1,107811E-1;9,547741E-1;;
02/12/2021  12:47:16,548863;9,457661E-1;1,649653E-1;1,660692E-1;9,547616E-1;;
02/12/2021  12:47:16,548963;9,446276E-1;9,392196E-2;1,079377E-1;9,547294E-1;;
02/12/2021  12:47:16,549063;9,434742E-1;9,710776E-2;9,624818E-2;9,546776E-1;;
02/12/2021  12:47:16,549163;9,423119E-1;1,076209E-1;1,259458E-1;9,546065E-1;;
02/12/2021  12:47:16,549263;9,423477E-1;1,002936E-1;1,092014E-1;9,545163E-1;;
02/12/2021  12:47:16,549363;9,427679E-1;9,615202E-2;9,814378E-2;9,544069E-1;;
02/12/2021  12:47:16,549463;9,419364E-1;8,404598E-2;1,031987E-1;9,542788E-1;;
02/12/2021  12:47:16,549563;9,409261E-1;1,165411E-1;1,202590E-1;9,541322E-1;;
02/12/2021  12:47:16,549663;9,404790E-1;1,165411E-1;1,291051E-1;9,539674E-1;;
02/12/2021  12:47:16,549763;9,402883E-1;1,104881E-1;1,246821E-1;9,537847E-1;;
02/12/2021  12:47:16,549863;9,402764E-1;1,130368E-1;1,107811E-1;9,535845E-1;;
02/12/2021  12:47:16,549963;9,399902E-1;1,296029E-1;1,376353E-1;9,533671E-1;;
02/12/2021  12:47:16,550063;9,388965E-1;1,480806E-1;1,392149E-1;9,531332E-1;;
02/12/2021  12:47:16,550163;9,385716E-1;1,130368E-1;1,129926E-1;9,528830E-1;;
02/12/2021  12:47:16,550263;9,389114E-1;1,796200E-1;1,085695E-1;9,526172E-1;;
02/12/2021  12:47:16,550363;9,397578E-1;1,503106E-1;1,183634E-1;9,523363E-1;;
02/12/2021  12:47:16,550463;9,392362E-1;1,786642E-1;1,569071E-1;9,520412E-1;;
02/12/2021  12:47:16,550563;9,387385E-1;1,700626E-1;1,515363E-1;9,517325E-1;;
02/12/2021  12:47:16,550663;9,379726E-1;1,735670E-1;1,546956E-1;9,514114E-1;;
02/12/2021  12:47:16,550763;9,386312E-1;1,477620E-1;1,291051E-1;9,510784E-1;;
02/12/2021  12:47:16,550863;9,388965E-1;1,369303E-1;1,417424E-1;9,507346E-1;;
02/12/2021  12:47:16,550963;9,384643E-1;1,464877E-1;1,363715E-1;9,503809E-1;;
02/12/2021  12:47:16,551063;9,373288E-1;9,296622E-2;9,214107E-2;9,500183E-1;;
02/12/2021  12:47:16,551163;9,368252E-1;1,340630E-1;1,313166E-1;9,496476E-1;;
02/12/2021  12:47:16,551263;9,366285E-1;1,324701E-1;1,310007E-1;9,492696E-1;;
02/12/2021  12:47:16,551363;9,370785E-1;1,369303E-1;1,445858E-1;9,488851E-1;;
02/12/2021  12:47:16,551463;9,359132E-1;1,436204E-1;1,420583E-1;9,484948E-1;;
02/12/2021  12:47:16,551563;9,352963E-1;1,149482E-1;1,240502E-1;9,480993E-1;;
02/12/2021  12:47:16,551663;9,341548E-1;1,343816E-1;1,294210E-1;9,476993E-1;;
02/12/2021  12:47:16,551763;9,346674E-1;9,901924E-2;1,098333E-1;9,472952E-1;;
02/12/2021  12:47:16,551863;9,347390E-1;1,334259E-1;1,344760E-1;9,468876E-1;;
02/12/2021  12:47:16,551963;9,348850E-1;1,318330E-1;1,240502E-1;9,464769E-1;;
02/12/2021  12:47:16,552063;9,337078E-1;1,331073E-1;1,205749E-1;9,460637E-1;;
02/12/2021  12:47:16,552163;9,332935E-1;-9,616542E-3;6,023194E-2;9,456486E-1;;
02/12/2021  12:47:16,552263;9,342055E-1;1,238685E-1;1,546956E-1;9,452322E-1;;
02/12/2021  12:47:16,552363;9,338926E-1;1,254614E-1;1,297370E-1;9,448148E-1;;
02/12/2021  12:47:16,552463;9,335647E-1;1,245056E-1;1,237343E-1;9,443971E-1;;
02/12/2021  12:47:16,552563;9,332041E-1;1,350188E-1;1,306848E-1;9,439798E-1;;
02/12/2021  12:47:16,552663;9,333501E-1;1,394789E-1;1,388990E-1;9,435633E-1;;
02/12/2021  12:47:16,552763;9,343336E-1;1,356559E-1;1,366875E-1;9,431483E-1;;
02/12/2021  12:47:16,552863;9,343724E-1;1,410718E-1;1,426902E-1;9,427355E-1;;
02/12/2021  12:47:16,552963;9,338508E-1;1,117624E-1;1,208909E-1;9,423255E-1;;
02/12/2021  12:47:16,553063;9,332011E-1;1,028422E-1;1,183634E-1;9,419191E-1;;
02/12/2021  12:47:16,553163;9,327869E-1;1,340630E-1;1,231024E-1;9,415170E-1;;
02/12/2021  12:47:16,553263;9,336959E-1;4,294916E-2;5,138584E-2;9,411195E-1;;
02/12/2021  12:47:16,553363;9,338031E-1;1,238685E-1;1,303688E-1;9,407273E-1;;
02/12/2021  12:47:16,553463;9,333799E-1;1,404346E-1;1,401627E-1;9,403409E-1;;
02/12/2021  12:47:16,553563;9,328465E-1;1,726112E-1;1,654373E-1;9,399608E-1;;
02/12/2021  12:47:16,553663;9,331743E-1;1,210013E-1;1,237343E-1;9,395876E-1;;
02/12/2021  12:47:16,553763;9,337108E-1;1,108067E-1;1,265777E-1;9,392215E-1;;
02/12/2021  12:47:16,553863;9,336541E-1;1,206827E-1;1,180475E-1;9,388632E-1;;
02/12/2021  12:47:16,553963;9,332876E-1;1,318330E-1;1,300529E-1;9,385130E-1;;
02/12/2021  12:47:16,554063;9,328614E-1;1,025236E-1;8,361090E-2;9,381713E-1;;
02/12/2021  12:47:16,554163;9,336213E-1;1,076209E-1;1,272095E-1;9,378386E-1;;
02/12/2021  12:47:16,554263;9,346078E-1;1,276914E-1;1,351078E-1;9,375151E-1;;
02/12/2021  12:47:16,554363;9,342651E-1;1,321516E-1;1,310007E-1;9,372013E-1;;
02/12/2021  12:47:16,554463;9,342681E-1;1,401161E-1;1,398468E-1;9,368977E-1;;
02/12/2021  12:47:16,554563;9,341012E-1;1,117624E-1;1,183634E-1;9,366046E-1;;
02/12/2021  12:47:16,554663;9,345095E-1;9,105474E-2;6,023194E-2;9,363225E-1;;
02/12/2021  12:47:16,554763;9,353112E-1;1,401161E-1;1,347919E-1;9,360515E-1;;
02/12/2021  12:47:16,554863;9,350102E-1;1,410718E-1;1,142563E-1;9,357922E-1;;
02/12/2021  12:47:16,554963;9,345750E-1;1,506292E-1;1,452176E-1;9,355449E-1;;
02/12/2021  12:47:16,555063;9,336333E-1;1,159040E-1;1,189953E-1;9,353096E-1;;
02/12/2021  12:47:16,555163;9,336631E-1;1,318330E-1;1,167838E-1;9,350866E-1;;
02/12/2021  12:47:16,555263;9,340475E-1;1,480806E-1;1,423743E-1;9,348756E-1;;
02/12/2021  12:47:16,555363;9,337912E-1;1,267357E-1;1,186794E-1;9,346765E-1;;
02/12/2021  12:47:16,555463;9,334425E-1;1,025236E-1;1,079377E-1;9,344892E-1;;
02/12/2021  12:47:16,555563;9,321193E-1;1,241871E-1;1,167838E-1;9,343134E-1;;
02/12/2021  12:47:16,555663;9,329061E-1;1,499920E-1;1,521681E-1;9,341488E-1;;
02/12/2021  12:47:16,555763;9,336452E-1;1,267357E-1;1,300529E-1;9,339948E-1;;
02/12/2021  12:47:16,555863;9,327869E-1;1,286472E-1;1,259458E-1;9,338512E-1;;
02/12/2021  12:47:16,555963;9,332935E-1;1,213198E-1;9,972343E-2;9,337175E-1;;
02/12/2021  12:47:16,556063;9,323458E-1;9,710776E-2;1,354238E-1;9,335935E-1;;
02/12/2021  12:47:16,556163;9,330670E-1;1,337445E-1;1,382671E-1;9,334788E-1;;
02/12/2021  12:47:16,556263;9,331654E-1;1,286472E-1;1,196272E-1;9,333728E-1;;
02/12/2021  12:47:16,556363;9,330432E-1;1,213198E-1;1,205749E-1;9,332754E-1;;
02/12/2021  12:47:16,556463;9,324471E-1;1,098510E-1;1,035146E-1;9,331860E-1;;
02/12/2021  12:47:16,556563;9,326468E-1;1,560451E-1;1,486929E-1;9,331044E-1;;
02/12/2021  12:47:16,556663;9,330461E-1;1,407532E-1;1,597505E-1;9,330302E-1;;
02/12/2021  12:47:16,556763;9,329389E-1;1,280100E-1;1,272095E-1;9,329628E-1;;
02/12/2021  12:47:16,556863;9,324233E-1;1,165411E-1;1,354238E-1;9,329020E-1;;
02/12/2021  12:47:16,556963;9,316931E-1;1,404346E-1;1,458495E-1;9,328474E-1;;
02/12/2021  12:47:16,557063;9,307811E-1;1,031608E-1;1,237343E-1;9,327985E-1;;
02/12/2021  12:47:16,557163;9,308914E-1;1,034794E-1;9,150920E-2;9,327546E-1;;
02/12/2021  12:47:16,557263;9,307662E-1;1,219570E-1;1,237343E-1;9,327150E-1;;
02/12/2021  12:47:16,557363;9,310613E-1;1,362931E-1;1,458495E-1;9,326790E-1;;
02/12/2021  12:47:16,557463;9,298572E-1;1,534964E-1;1,464814E-1;9,326461E-1;;
02/12/2021  12:47:16,557563;9,297797E-1;1,292843E-1;1,287892E-1;9,326156E-1;;
02/12/2021  12:47:16,557663;9,305755E-1;1,203641E-1;1,360556E-1;9,325869E-1;;
02/12/2021  12:47:16,557763;9,305606E-1;1,347002E-1;1,341600E-1;9,325593E-1;;
02/12/2021  12:47:16,557863;9,295860E-1;1,248242E-1;1,167838E-1;9,325325E-1;;
02/12/2021  12:47:16,557963;9,295920E-1;1,369303E-1;1,467973E-1;9,325060E-1;;
02/12/2021  12:47:16,558063;9,289631E-1;1,168597E-1;1,133085E-1;9,324792E-1;;
02/12/2021  12:47:16,558163;9,302327E-1;8,468314E-2;1,000394E-1;9,324517E-1;;
02/12/2021  12:47:16,558263;9,301195E-1;1,292843E-1;1,344760E-1;9,324231E-1;;
02/12/2021  12:47:16,558363;9,297052E-1;1,362931E-1;1,202590E-1;9,323932E-1;;
02/12/2021  12:47:16,558463;9,295175E-1;1,292843E-1;1,335282E-1;9,323618E-1;;
02/12/2021  12:47:16,558563;9,292761E-1;9,742634E-2;1,098333E-1;9,323286E-1;;
02/12/2021  12:47:16,558663;9,298066E-1;1,077258E-2;3,495737E-2;9,322934E-1;;
02/12/2021  12:47:16,558763;9,300509E-1;1,452133E-1;1,366875E-1;9,322562E-1;;
02/12/2021  12:47:16,558863;9,287486E-1;1,382046E-1;1,287892E-1;9,322167E-1;;
02/12/2021  12:47:16,558963;9,280720E-1;1,194084E-1;1,183634E-1;9,321749E-1;;
02/12/2021  12:47:16,559063;9,279260E-1;5,887816E-2;9,435259E-2;9,321306E-1;;
02/12/2021  12:47:16,559163;9,278664E-1;1,378860E-1;1,202590E-1;9,320834E-1;;
02/12/2021  12:47:16,559263;9,279320E-1;9,806350E-2;1,142563E-1;9,320329E-1;;
02/12/2021  12:47:16,559363;9,272226E-1;1,280100E-1;1,328963E-1;9,319791E-1;;
02/12/2021  12:47:16,559463;9,261080E-1;1,241871E-1;1,246821E-1;9,319215E-1;;
02/12/2021  12:47:16,559563;9,266474E-1;-3,382862E-2;6,497092E-2;9,318600E-1;;
02/12/2021  12:47:16,559663;9,270766E-1;1,353374E-1;1,313166E-1;9,317941E-1;;
02/12/2021  12:47:16,559763;9,267219E-1;1,331073E-1;1,268936E-1;9,317237E-1;;
02/12/2021  12:47:16,559863;9,263822E-1;1,378860E-1;1,486929E-1;9,316487E-1;;
02/12/2021  12:47:16,559963;9,260544E-1;1,139925E-1;1,208909E-1;9,315690E-1;;
02/12/2021  12:47:16,560063;9,268441E-1;1,248242E-1;1,275255E-1;9,314845E-1;;
02/12/2021  12:47:16,560163;9,270170E-1;1,267357E-1;1,379512E-1;9,313952E-1;;
02/12/2021  12:47:16,560263;9,263464E-1;1,401161E-1;1,224705E-1;9,313013E-1;;
02/12/2021  12:47:16,560363;9,263435E-1;1,219570E-1;1,310007E-1;9,312030E-1;;
02/12/2021  12:47:16,560463;9,265044E-1;1,375674E-1;1,347919E-1;9,311002E-1;;
02/12/2021  12:47:16,560563;9,276280E-1;8,818752E-2;9,751191E-2;9,309934E-1;;
02/12/2021  12:47:16,560663;9,279945E-1;1,101695E-1;1,202590E-1;9,308828E-1;;
02/12/2021  12:47:16,560763;9,280541E-1;1,123996E-1;1,215227E-1;9,307689E-1;;
02/12/2021  12:47:16,560863;9,277114E-1;1,050723E-1;1,212068E-1;9,306523E-1;;
02/12/2021  12:47:16,560963;9,269842E-1;1,213198E-1;1,417424E-1;9,305334E-1;;
02/12/2021  12:47:16,561063;9,277829E-1;1,178155E-1;1,493248E-1;9,304128E-1;;
02/12/2021  12:47:16,561163;9,274372E-1;1,092138E-1;1,180475E-1;9,302908E-1;;
02/12/2021  12:47:16,561263;9,276548E-1;1,133553E-1;1,234183E-1;9,301679E-1;;
02/12/2021  12:47:16,561363;9,270885E-1;1,022050E-1;1,136244E-1;9,300443E-1;;
02/12/2021  12:47:16,561463;9,278247E-1;1,022050E-1;1,107811E-1;9,299205E-1;;
02/12/2021  12:47:16,561563;9,285012E-1;9,710776E-2;1,145722E-1;9,297969E-1;;
02/12/2021  12:47:16,561663;9,284267E-1;1,047537E-1;1,155200E-1;9,296739E-1;;
02/12/2021  12:47:16,561763;9,282002E-1;1,044351E-1;1,189953E-1;9,295521E-1;;
02/12/2021  12:47:16,561863;9,275773E-1;1,120810E-1;1,224705E-1;9,294319E-1;;
02/12/2021  12:47:16,561963;9,277740E-1;1,060280E-1;1,016190E-1;9,293137E-1;;
02/12/2021  12:47:16,562063;9,288469E-1;8,468314E-2;1,016190E-1;9,291977E-1;;
02/12/2021  12:47:16,562163;9,294310E-1;9,455912E-2;1,098333E-1;9,290844E-1;;
02/12/2021  12:47:16,562263;9,287307E-1;9,201048E-2;1,101492E-1;9,289741E-1;;
02/12/2021  12:47:16,562363;9,285697E-1;9,710776E-2;1,265777E-1;9,288674E-1;;
02/12/2021  12:47:16,562463;9,299824E-1;8,309024E-2;1,044624E-1;9,287647E-1;;
02/12/2021  12:47:16,562563;9,309301E-1;8,595746E-2;1,262617E-1;9,286663E-1;;
02/12/2021  12:47:16,562663;9,304890E-1;1,069837E-1;1,199431E-1;9,285728E-1;;
02/12/2021  12:47:16,562763;9,304265E-1;9,328480E-2;1,145722E-1;9,284848E-1;;
02/12/2021  12:47:16,562863;9,300211E-1;6,461260E-2;6,686651E-2;9,284028E-1;;
02/12/2021  12:47:16,562963;9,301135E-1;1,143111E-1;1,253139E-1;9,283271E-1;;
02/12/2021  12:47:16,563063;9,310136E-1;1,394789E-1;1,606983E-1;9,282579E-1;;
02/12/2021  12:47:16,563163;9,314129E-1;1,337445E-1;1,385831E-1;9,281955E-1;;
02/12/2021  12:47:16,563263;9,308974E-1;1,353374E-1;1,278414E-1;9,281402E-1;;
02/12/2021  12:47:16,563363;9,310732E-1;1,538150E-1;1,319485E-1;9,280923E-1;;
02/12/2021  12:47:16,563463;9,320001E-1;1,210013E-1;1,186794E-1;9,280520E-1;;
02/12/2021  12:47:16,563563;9,334515E-1;1,799386E-1;1,467973E-1;9,280195E-1;;
02/12/2021  12:47:16,563663;9,330283E-1;1,620981E-1;1,332122E-1;9,279953E-1;;
02/12/2021  12:47:16,563763;9,337674E-1;1,464877E-1;1,436380E-1;9,279796E-1;;
02/12/2021  12:47:16,563863;9,336124E-1;1,458505E-1;1,379512E-1;9,279729E-1;;
02/12/2021  12:47:16,563963;9,351532E-1;1,474434E-1;1,234183E-1;9,279756E-1;;
02/12/2021  12:47:16,564063;9,355973E-1;1,073023E-1;8,992954E-2;9,279879E-1;;
02/12/2021  12:47:16,564163;9,359698E-1;8,914326E-2;9,150920E-2;9,280104E-1;;
02/12/2021  12:47:16,564263;9,366314E-1;1,146297E-1;1,284732E-1;9,280436E-1;;
02/12/2021  12:47:16,564363;9,368550E-1;1,222756E-1;1,193112E-1;9,280877E-1;;
02/12/2021  12:47:16,564463;9,387653E-1;1,305587E-1;1,313166E-1;9,281434E-1;;
02/12/2021  12:47:16,564563;9,402167E-1;1,136739E-1;1,373193E-1;9,282111E-1;;
02/12/2021  12:47:16,564663;9,404939E-1;1,076209E-1;1,126766E-1;9,282914E-1;;
02/12/2021  12:47:16,564763;9,402108E-1;1,104881E-1;1,142563E-1;9,283851E-1;;
02/12/2021  12:47:16,564863;9,405297E-1;1,149482E-1;1,407946E-1;9,284926E-1;;
02/12/2021  12:47:16,564963;9,416473E-1;1,213198E-1;1,221546E-1;9,286144E-1;;
02/12/2021  12:47:16,565063;9,423387E-1;1,206827E-1;1,259458E-1;9,287509E-1;;
02/12/2021  12:47:16,565163;9,421510E-1;1,264171E-1;1,316326E-1;9,289022E-1;;
02/12/2021  12:47:16,565263;9,427589E-1;1,229127E-1;1,208909E-1;9,290688E-1;;
02/12/2021  12:47:16,565363;9,433192E-1;1,321516E-1;1,360556E-1;9,292506E-1;;
02/12/2021  12:47:16,565463;9,446246E-1;1,082581E-1;1,430061E-1;9,294479E-1;;
02/12/2021  12:47:16,565563;9,458376E-1;1,098510E-1;1,202590E-1;9,296608E-1;;
02/12/2021  12:47:16,565663;9,457959E-1;1,299215E-1;1,464814E-1;9,298893E-1;;
02/12/2021  12:47:16,565763;9,468330E-1;1,315144E-1;1,224705E-1;9,301339E-1;;
02/12/2021  12:47:16,565863;9,469850E-1;1,063466E-1;1,117289E-1;9,303944E-1;;
02/12/2021  12:47:16,565963;9,483828E-1;1,076209E-1;1,025668E-1;9,306711E-1;;
02/12/2021  12:47:16,566063;9,498372E-1;1,267357E-1;1,316326E-1;9,309639E-1;;
02/12/2021  12:47:16,566163;9,492739E-1;1,433019E-1;1,502726E-1;9,312731E-1;;
02/12/2021  12:47:16,566263;9,509488E-1;1,031608E-1;1,117289E-1;9,315987E-1;;
02/12/2021  12:47:16,566363;9,518191E-1;6,047106E-2;1,047783E-1;9,319407E-1;;
02/12/2021  12:47:16,566463;9,535029E-1;1,152668E-1;1,407946E-1;9,322993E-1;;
02/12/2021  12:47:16,566563;9,542748E-1;1,280100E-1;1,332122E-1;9,326745E-1;;
02/12/2021  12:47:16,566663;9,544417E-1;1,165411E-1;1,120448E-1;9,330667E-1;;
02/12/2021  12:47:16,566763;9,546086E-1;1,133553E-1;1,379512E-1;9,334758E-1;;
02/12/2021  12:47:16,566863;9,553507E-1;1,257800E-1;1,246821E-1;9,339019E-1;;
02/12/2021  12:47:16,566963;9,564236E-1;9,997498E-2;1,095173E-1;9,343447E-1;;
02/12/2021  12:47:16,567063;9,567097E-1;1,210013E-1;1,256299E-1;9,348040E-1;;
02/12/2021  12:47:16,567163;9,567485E-1;1,260985E-1;1,196272E-1;9,352797E-1;;
02/12/2021  12:47:16,567263;9,569034E-1;3,466608E-2;7,697633E-2;9,357712E-1;;
02/12/2021  12:47:16,567363;9,576724E-1;1,229127E-1;1,303688E-1;9,362780E-1;;
02/12/2021  12:47:16,567463;9,588317E-1;1,713369E-1;1,603824E-1;9,367997E-1;;
02/12/2021  12:47:16,567563;9,588555E-1;1,362931E-1;1,366875E-1;9,373355E-1;;
02/12/2021  12:47:16,567663;9,587155E-1;1,133553E-1;1,142563E-1;9,378849E-1;;
02/12/2021  12:47:16,567763;9,586588E-1;1,159040E-1;1,136244E-1;9,384471E-1;;
02/12/2021  12:47:16,567863;9,598599E-1;1,076209E-1;1,126766E-1;9,390213E-1;;
02/12/2021  12:47:16,567963;9,607898E-1;1,302401E-1;1,420583E-1;9,396066E-1;;
02/12/2021  12:47:16,568063;9,601103E-1;1,213198E-1;1,256299E-1;9,402022E-1;;
02/12/2021  12:47:16,568163;9,608941E-1;1,254614E-1;1,278414E-1;9,408072E-1;;
02/12/2021  12:47:16,568263;9,616034E-1;1,337445E-1;1,344760E-1;9,414208E-1;;
02/12/2021  12:47:16,568363;9,620683E-1;7,926728E-2;1,212068E-1;9,420421E-1;;
02/12/2021  12:47:16,568463;9,632396E-1;1,114439E-1;1,183634E-1;9,426702E-1;;
02/12/2021  12:47:16,568563;9,628402E-1;1,066652E-1;1,186794E-1;9,433044E-1;;
02/12/2021  12:47:16,568663;9,627687E-1;1,108067E-1;1,278414E-1;9,439440E-1;;
02/12/2021  12:47:16,568763;9,626137E-1;1,474434E-1;1,433221E-1;9,445879E-1;;
02/12/2021  12:47:16,568863;9,632664E-1;1,442576E-1;1,388990E-1;9,452353E-1;;
02/12/2021  12:47:16,568963;9,636389E-1;1,267357E-1;1,411105E-1;9,458851E-1;;
02/12/2021  12:47:16,569063;9,637432E-1;1,031608E-1;1,174156E-1;9,465364E-1;;
02/12/2021  12:47:16,569163;9,637581E-1;1,503106E-1;1,584868E-1;9,471883E-1;;
02/12/2021  12:47:16,569263;9,631978E-1;1,241871E-1;1,275255E-1;9,478397E-1;;
02/12/2021  12:47:16,569363;9,643870E-1;4,071910E-2;9,530039E-2;9,484897E-1;;
02/12/2021  12:47:16,569463;9,639787E-1;1,276914E-1;1,360556E-1;9,491372E-1;;
02/12/2021  12:47:16,569563;9,643184E-1;1,331073E-1;1,265777E-1;9,497813E-1;;
02/12/2021  12:47:16,569663;9,635793E-1;1,493549E-1;1,322644E-1;9,504210E-1;;
02/12/2021  12:47:16,569763;9,635197E-1;4,135626E-2;7,097362E-2;9,510553E-1;;
02/12/2021  12:47:16,569863;9,643184E-1;1,238685E-1;1,787064E-1;9,516832E-1;;
02/12/2021  12:47:16,569963;9,649562E-1;1,025236E-1;1,243661E-1;9,523037E-1;;
02/12/2021  12:47:16,570063;9,646343E-1;1,311958E-1;1,294210E-1;9,529160E-1;;
02/12/2021  12:47:16,570163;9,636359E-1;1,264171E-1;1,218387E-1;9,535194E-1;;
02/12/2021  12:47:16,570263;9,643751E-1;1,283286E-1;1,256299E-1;9,541129E-1;;
02/12/2021  12:47:16,570363;9,648996E-1;1,232313E-1;1,227865E-1;9,546958E-1;;
02/12/2021  12:47:16,570463;9,650933E-1;1,238685E-1;1,297370E-1;9,552673E-1;;
02/12/2021  12:47:16,570563;9,648638E-1;1,257800E-1;1,360556E-1;9,558269E-1;;
02/12/2021  12:47:16,570663;9,635436E-1;1,219570E-1;1,249980E-1;9,563740E-1;;
02/12/2021  12:47:16,570763;9,637730E-1;1,139925E-1;9,751191E-2;9,569079E-1;;
02/12/2021  12:47:16,570863;9,639846E-1;1,311958E-1;1,243661E-1;9,574279E-1;;
02/12/2021  12:47:16,570963;9,636568E-1;1,499920E-1;1,363715E-1;9,579333E-1;;
02/12/2021  12:47:16,571063;9,634601E-1;1,375674E-1;1,335282E-1;9,584235E-1;;
02/12/2021  12:47:16,571163;9,627508E-1;1,204690E-2;6,718244E-2;9,588979E-1;;
02/12/2021  12:47:16,571263;9,624528E-1;1,318330E-1;1,354238E-1;9,593559E-1;;
02/12/2021  12:47:16,571363;9,633200E-1;1,238685E-1;1,167838E-1;9,597969E-1;;
02/12/2021  12:47:16,571463;9,624855E-1;1,232313E-1;1,145722E-1;9,602204E-1;;
02/12/2021  12:47:16,571563;9,616242E-1;1,101695E-1;1,107811E-1;9,606259E-1;;
02/12/2021  12:47:16,571663;9,611861E-1;1,410718E-1;1,294210E-1;9,610129E-1;;
02/12/2021  12:47:16,571763;9,610908E-1;1,442576E-1;1,430061E-1;9,613810E-1;;
02/12/2021  12:47:16,571863;9,618239E-1;1,292843E-1;1,370034E-1;9,617296E-1;;
02/12/2021  12:47:16,571963;9,609716E-1;1,334259E-1;1,284732E-1;9,620583E-1;;
02/12/2021  12:47:16,572063;9,602712E-1;1,356559E-1;1,268936E-1;9,623671E-1;;
02/12/2021  12:47:16,572163;9,592609E-1;1,283286E-1;1,224705E-1;9,626555E-1;;
02/12/2021  12:47:16,572263;9,587840E-1;1,969282E-2;5,391329E-2;9,629231E-1;;
02/12/2021  12:47:16,572363;9,590075E-1;9,551486E-2;1,025668E-1;9,631697E-1;;
02/12/2021  12:47:16,572463;9,578542E-1;1,413904E-1;1,322644E-1;9,633948E-1;;
02/12/2021  12:47:16,572563;9,573594E-1;1,235499E-1;1,237343E-1;9,635982E-1;;
02/12/2021  12:47:16,572663;9,559080E-1;1,327887E-1;1,328963E-1;9,637796E-1;;
02/12/2021  12:47:16,572763;9,557799E-1;1,267357E-1;1,328963E-1;9,639385E-1;;
02/12/2021  12:47:16,572863;9,554550E-1;1,203641E-1;1,208909E-1;9,640747E-1;;
02/12/2021  12:47:16,572963;9,537771E-1;1,079395E-1;1,123607E-1;9,641877E-1;;
02/12/2021  12:47:16,573063;9,527221E-1;1,433019E-1;1,379512E-1;9,642773E-1;;
02/12/2021  12:47:16,573163;9,514942E-1;1,372488E-1;1,376353E-1;9,643430E-1;;
02/12/2021  12:47:16,573263;9,515091E-1;1,225942E-1;1,227865E-1;9,643843E-1;;
02/12/2021  12:47:16,573363;9,515777E-1;1,385232E-1;1,452176E-1;9,644008E-1;;
02/12/2021  12:47:16,573463;9,509011E-1;1,554079E-1;1,433221E-1;9,643924E-1;;
02/12/2021  12:47:16,573563;9,492679E-1;1,681511E-1;1,578549E-1;9,643589E-1;;
02/12/2021  12:47:16,573663;9,483798E-1;1,582751E-1;1,742834E-1;9,643001E-1;;
02/12/2021  12:47:16,573763;9,490116E-1;1,289658E-1;1,133085E-1;9,642160E-1;;
02/12/2021  12:47:16,573863;9,485228E-1;1,401161E-1;1,373193E-1;9,641066E-1;;
02/12/2021  12:47:16,573963;9,483798E-1;1,254614E-1;1,234183E-1;9,639720E-1;;
02/12/2021  12:47:16,574063;9,480013E-1;1,334259E-1;1,388990E-1;9,638126E-1;;
02/12/2021  12:47:16,574163;9,471161E-1;1,229127E-1;1,227865E-1;9,636288E-1;;
02/12/2021  12:47:16,574263;9,475930E-1;1,276914E-1;1,559593E-1;9,634212E-1;;
02/12/2021  12:47:16,574363;9,468837E-1;1,139925E-1;1,240502E-1;9,631902E-1;;
02/12/2021  12:47:16,574463;9,460701E-1;1,257800E-1;1,291051E-1;9,629366E-1;;
02/12/2021  12:47:16,574563;9,449167E-1;1,184526E-1;1,047783E-1;9,626611E-1;;
02/12/2021  12:47:16,574663;9,434802E-1;8,149734E-2;9,403666E-2;9,623643E-1;;
02/12/2021  12:47:16,574763;9,437454E-1;1,809992E-2;7,697633E-2;9,620465E-1;;
02/12/2021  12:47:16,574863;9,426427E-1;1,197269E-1;1,202590E-1;9,617084E-1;;
02/12/2021  12:47:16,574963;9,421331E-1;1,101695E-1;1,193112E-1;9,613505E-1;;
02/12/2021  12:47:16,575063;9,399455E-1;1,041165E-1;1,104651E-1;9,609733E-1;;
02/12/2021  12:47:16,575163;9,393525E-1;2,861306E-2;9,561632E-2;9,605771E-1;;
02/12/2021  12:47:16,575263;9,389322E-1;4,263058E-2;8,898175E-2;9,601623E-1;;
02/12/2021  12:47:16,575363;9,379160E-1;8,659462E-2;1,025668E-1;9,597291E-1;;
02/12/2021  12:47:16,575463;9,369295E-1;9,232906E-2;1,085695E-1;9,592780E-1;;
02/12/2021  12:47:16,575563;9,348880E-1;6,333828E-2;9,814378E-2;9,588092E-1;;
02/12/2021  12:47:16,575663;9,340565E-1;1,248242E-1;1,502726E-1;9,583229E-1;;
02/12/2021  12:47:16,575763;9,340028E-1;1,123996E-1;1,398468E-1;9,578192E-1;;
02/12/2021  12:47:16,575863;9,333531E-1;1,123996E-1;1,224705E-1;9,572983E-1;;
02/12/2021  12:47:16,575963;9,324382E-1;1,229127E-1;1,313166E-1;9,567605E-1;;
02/12/2021  12:47:16,576063;9,309570E-1;2,328228E-1;2,109315E-1;9,562061E-1;;
02/12/2021  12:47:16,576163;9,303490E-1;1,315144E-1;1,452176E-1;9,556355E-1;;
02/12/2021  12:47:16,576263;9,306053E-1;1,327887E-1;1,041465E-1;9,550489E-1;;
02/12/2021  12:47:16,576363;9,297529E-1;1,308772E-1;1,224705E-1;9,544468E-1;;
02/12/2021  12:47:16,576463;9,291002E-1;1,480806E-1;1,227865E-1;9,538297E-1;;
02/12/2021  12:47:16,576563;9,271183E-1;1,732484E-1;1,531159E-1;9,531982E-1;;
02/12/2021  12:47:16,576663;9,266921E-1;1,808943E-1;1,493248E-1;9,525528E-1;;
02/12/2021  12:47:16,576763;9,266594E-1;1,417090E-1;1,110970E-1;9,518938E-1;;
02/12/2021  12:47:16,576863;9,257385E-1;1,464877E-1;1,366875E-1;9,512218E-1;;
02/12/2021  12:47:16,576963;9,249725E-1;1,499920E-1;1,452176E-1;9,505375E-1;;
02/12/2021  12:47:16,577063;9,238072E-1;1,560451E-1;1,486929E-1;9,498413E-1;;
02/12/2021  12:47:16,577163;9,235450E-1;1,315144E-1;1,123607E-1;9,491338E-1;;
02/12/2021  12:47:16,577263;9,225615E-1;1,464877E-1;1,287892E-1;9,484156E-1;;
02/12/2021  12:47:16,577363;9,224601E-1;1,206827E-1;9,782784E-2;9,476874E-1;;
02/12/2021  12:47:16,577463;9,217210E-1;1,318330E-1;1,325804E-1;9,469496E-1;;
02/12/2021  12:47:16,577563;9,204484E-1;1,337445E-1;1,388990E-1;9,462031E-1;;
02/12/2021  12:47:16,577663;9,206272E-1;1,264171E-1;1,240502E-1;9,454485E-1;;
02/12/2021  12:47:16,577763;9,208657E-1;1,318330E-1;1,540637E-1;9,446865E-1;;
02/12/2021  12:47:16,577863;9,207763E-1;1,436204E-1;1,328963E-1;9,439179E-1;;
02/12/2021  12:47:16,577963;9,205378E-1;1,139925E-1;1,351078E-1;9,431437E-1;;
02/12/2021  12:47:16,578063;9,198881E-1;1,675139E-1;1,796542E-1;9,423650E-1;;
02/12/2021  12:47:16,578163;9,211935E-1;1,598680E-1;1,606983E-1;9,415829E-1;;
02/12/2021  12:47:16,578263;9,217270E-1;1,366117E-1;1,404787E-1;9,407986E-1;;
02/12/2021  12:47:16,578363;9,217866E-1;1,292843E-1;1,303688E-1;9,400136E-1;;
02/12/2021  12:47:16,578463;9,214289E-1;1,162226E-1;1,275255E-1;9,392294E-1;;
02/12/2021  12:47:16,578563;9,210117E-1;1,155854E-1;1,180475E-1;9,384475E-1;;
02/12/2021  12:47:16,578663;9,221382E-1;1,541336E-1;1,809180E-1;9,376693E-1;;
02/12/2021  12:47:16,578763;9,223797E-1;1,433019E-1;1,392149E-1;9,368964E-1;;
02/12/2021  12:47:16,578863;9,235062E-1;1,184526E-1;1,174156E-1;9,361305E-1;;
02/12/2021  12:47:16,578963;9,228774E-1;1,216384E-1;1,259458E-1;9,353730E-1;;
02/12/2021  12:47:16,579063;9,227492E-1;9,774492E-2;1,031987E-1;9,346258E-1;;
02/12/2021  12:47:16,579163;9,237387E-1;1,034794E-1;1,322644E-1;9,338904E-1;;
02/12/2021  12:47:16,579263;9,242662E-1;1,254614E-1;1,249980E-1;9,331682E-1;;
02/12/2021  12:47:16,579363;9,249517E-1;1,382046E-1;1,578549E-1;9,324608E-1;;
02/12/2021  12:47:16,579463;9,244003E-1;1,267357E-1;1,275255E-1;9,317699E-1;;
02/12/2021  12:47:16,579563;9,249368E-1;1,222756E-1;1,249980E-1;9,310967E-1;;
02/12/2021  12:47:16,579663;9,263703E-1;1,280100E-1;1,300529E-1;9,304428E-1;;
02/12/2021  12:47:16,579763;9,277442E-1;1,162226E-1;1,227865E-1;9,298095E-1;;
02/12/2021  12:47:16,579863;9,285280E-1;1,203641E-1;1,328963E-1;9,291984E-1;;
02/12/2021  12:47:16,579963;9,283730E-1;1,579565E-1;1,711241E-1;9,286109E-1;;
02/12/2021  12:47:16,580063;9,289155E-1;1,382046E-1;1,319485E-1;9,280486E-1;;
02/12/2021  12:47:16,580163;9,309123E-1;8,659462E-2;1,038306E-1;9,275128E-1;;
02/12/2021  12:47:16,580263;9,307871E-1;1,146297E-1;1,196272E-1;9,270048E-1;;
02/12/2021  12:47:16,580363;9,319613E-1;6,843556E-2;6,244346E-2;9,265259E-1;;
02/12/2021  12:47:16,580463;9,314487E-1;1,308772E-1;1,572231E-1;9,260773E-1;;
02/12/2021  12:47:16,580563;9,319077E-1;1,257800E-1;1,287892E-1;9,256600E-1;;
02/12/2021  12:47:16,580663;9,331713E-1;9,041758E-2;1,129926E-1;9,252747E-1;;
02/12/2021  12:47:16,580763;9,328703E-1;1,219570E-1;1,253139E-1;9,249223E-1;;
02/12/2021  12:47:16,580863;9,339462E-1;1,229127E-1;1,189953E-1;9,246032E-1;;
02/12/2021  12:47:16,580963;9,328018E-1;1,111253E-1;1,066739E-1;9,243179E-1;;
02/12/2021  12:47:16,581063;9,339134E-1;7,098420E-2;7,792413E-2;9,240666E-1;;
02/12/2021  12:47:16,581163;9,347807E-1;1,171783E-1;1,120448E-1;9,238494E-1;;
02/12/2021  12:47:16,581263;9,351979E-1;1,130368E-1;1,237343E-1;9,236661E-1;;
02/12/2021  12:47:16,581363;9,350102E-1;1,146297E-1;1,243661E-1;9,235168E-1;;
02/12/2021  12:47:16,581463;9,337644E-1;1,305587E-1;1,256299E-1;9,234013E-1;;
02/12/2021  12:47:16,581563;9,343575E-1;1,324701E-1;1,227865E-1;9,233188E-1;;
02/12/2021  12:47:16,581663;9,345572E-1;1,159040E-1;1,136244E-1;9,232688E-1;;
02/12/2021  12:47:16,581763;9,356748E-1;1,302401E-1;1,322644E-1;9,232502E-1;;
02/12/2021  12:47:16,581863;9,357999E-1;1,280100E-1;1,344760E-1;9,232624E-1;;
02/12/2021  12:47:16,581963;9,352575E-1;1,152668E-1;1,202590E-1;9,233045E-1;;
02/12/2021  12:47:16,582063;9,362619E-1;1,149482E-1;1,193112E-1;9,233754E-1;;
02/12/2021  12:47:16,582163;9,367179E-1;1,315144E-1;1,610142E-1;9,234743E-1;;
02/12/2021  12:47:16,582263;9,373855E-1;1,155854E-1;1,218387E-1;9,236000E-1;;
02/12/2021  12:47:16,582363;9,374182E-1;1,429833E-1;1,989261E-1;9,237517E-1;;
02/12/2021  12:47:16,582463;9,368401E-1;1,340630E-1;1,357397E-1;9,239283E-1;;
02/12/2021  12:47:16,582563;9,374868E-1;1,382046E-1;1,411105E-1;9,241286E-1;;
02/12/2021  12:47:16,582663;9,396684E-1;1,280100E-1;1,338441E-1;9,243516E-1;;
02/12/2021  12:47:16,582763;9,402913E-1;1,241871E-1;1,303688E-1;9,245962E-1;;
02/12/2021  12:47:16,582863;9,404909E-1;1,162226E-1;1,208909E-1;9,248616E-1;;
02/12/2021  12:47:16,582963;9,411287E-1;1,213198E-1;1,170997E-1;9,251470E-1;;
02/12/2021  12:47:16,583063;9,420318E-1;1,114439E-1;1,518522E-1;9,254518E-1;;
02/12/2021  12:47:16,583163;9,428245E-1;1,229127E-1;1,249980E-1;9,257750E-1;;
02/12/2021  12:47:16,583263;9,442580E-1;1,219570E-1;1,212068E-1;9,261162E-1;;
02/12/2021  12:47:16,583363;9,430510E-1;1,257800E-1;1,196272E-1;9,264746E-1;;
02/12/2021  12:47:16,583463;9,431404E-1;1,206827E-1;1,316326E-1;9,268496E-1;;
02/12/2021  12:47:16,583563;9,442580E-1;1,378860E-1;1,430061E-1;9,272403E-1;;
02/12/2021  12:47:16,583663;9,448004E-1;1,331073E-1;1,306848E-1;9,276460E-1;;
02/12/2021  12:47:16,583763;9,456230E-1;1,015679E-1;1,215227E-1;9,280657E-1;;
02/12/2021  12:47:16,583863;9,448034E-1;1,037979E-1;1,148882E-1;9,284988E-1;;
02/12/2021  12:47:16,583963;9,446246E-1;1,382046E-1;1,319485E-1;9,289443E-1;;
02/12/2021  12:47:16,584063;9,462519E-1;1,356559E-1;1,316326E-1;9,294013E-1;;
02/12/2021  12:47:16,584163;9,468628E-1;1,292843E-1;1,310007E-1;9,298688E-1;;
02/12/2021  12:47:16,584263;9,472294E-1;1,327887E-1;1,357397E-1;9,303461E-1;;
02/12/2021  12:47:16,584363;9,462101E-1;1,079395E-1;9,593225E-2;9,308323E-1;;
02/12/2021  12:47:16,584463;9,469463E-1;1,388417E-1;1,442698E-1;9,313266E-1;;
02/12/2021  12:47:16,584563;9,480460E-1;1,149482E-1;9,245700E-2;9,318280E-1;;
02/12/2021  12:47:16,584663;9,492381E-1;1,018865E-1;1,101492E-1;9,323356E-1;;
02/12/2021  12:47:16,584763;9,493275E-1;1,155854E-1;1,174156E-1;9,328489E-1;;
02/12/2021  12:47:16,584863;9,485497E-1;1,219570E-1;9,845971E-2;9,333672E-1;;
02/12/2021  12:47:16,584963;9,500011E-1;1,041165E-1;1,139404E-1;9,338897E-1;;
02/12/2021  12:47:16,585063;9,506061E-1;8,786894E-2;6,149566E-2;9,344158E-1;;
02/12/2021  12:47:16,585163;9,515896E-1;1,066652E-1;1,180475E-1;9,349449E-1;;
02/12/2021  12:47:16,585263;9,512141E-1;1,378860E-1;1,357397E-1;9,354765E-1;;
02/12/2021  12:47:16,585363;9,503080E-1;1,219570E-1;1,120448E-1;9,360101E-1;;
02/12/2021  12:47:16,585463;9,506061E-1;9,901924E-2;9,245700E-2;9,365450E-1;;
02/12/2021  12:47:16,585563;9,510174E-1;6,333828E-2;1,082536E-1;9,370805E-1;;
02/12/2021  12:47:16,585663;9,520247E-1;1,353374E-1;1,398468E-1;9,376158E-1;;
02/12/2021  12:47:16,585763;9,513959E-1;1,512664E-1;1,433221E-1;9,381502E-1;;
02/12/2021  12:47:16,585863;9,499027E-1;1,155854E-1;1,240502E-1;9,386830E-1;;
02/12/2021  12:47:16,585963;9,501203E-1;1,194084E-1;1,139404E-1;9,392133E-1;;
02/12/2021  12:47:16,586063;9,507044E-1;1,203641E-1;1,224705E-1;9,397401E-1;;
02/12/2021  12:47:16,586163;9,505435E-1;1,187712E-1;1,079377E-1;9,402625E-1;;
02/12/2021  12:47:16,586263;9,490772E-1;1,251428E-1;1,249980E-1;9,407795E-1;;
02/12/2021  12:47:16,586363;9,480430E-1;1,311958E-1;1,240502E-1;9,412901E-1;;
02/12/2021  12:47:16,586463;9,475542E-1;1,375674E-1;1,268936E-1;9,417930E-1;;
02/12/2021  12:47:16,586563;9,478821E-1;1,458505E-1;1,714400E-1;9,422869E-1;;
02/12/2021  12:47:16,586663;9,473635E-1;1,445762E-1;1,224705E-1;9,427706E-1;;
02/12/2021  12:47:16,586763;9,457512E-1;1,592309E-1;1,240502E-1;9,432427E-1;;
02/12/2021  12:47:16,586863;9,445054E-1;1,127182E-1;1,161519E-1;9,437019E-1;;
02/12/2021  12:47:16,586963;9,439958E-1;1,305587E-1;1,426902E-1;9,441468E-1;;
02/12/2021  12:47:16,587063;9,437544E-1;1,238685E-1;1,376353E-1;9,445759E-1;;
02/12/2021  12:47:16,587163;9,435785E-1;1,267357E-1;1,231024E-1;9,449877E-1;;
02/12/2021  12:47:16,587263;9,413224E-1;5,537378E-2;5,928414E-2;9,453809E-1;;
02/12/2021  12:47:16,587363;9,402734E-1;1,171783E-1;1,768108E-1;9,457542E-1;;
02/12/2021  12:47:16,587463;9,404611E-1;1,136739E-1;1,268936E-1;9,461060E-1;;
02/12/2021  12:47:16,587563;9,400856E-1;1,073023E-1;1,196272E-1;9,464350E-1;;
02/12/2021  12:47:16,587663;9,402942E-1;1,050723E-1;1,167838E-1;9,467402E-1;;
02/12/2021  12:47:16,587763;9,393078E-1;1,088952E-1;1,060421E-1;9,470204E-1;;
02/12/2021  12:47:16,587863;9,387028E-1;1,069837E-1;1,104651E-1;9,472749E-1;;
02/12/2021  12:47:16,587963;9,392571E-1;1,063466E-1;1,262617E-1;9,475031E-1;;
02/12/2021  12:47:16,588063;9,393733E-1;1,037979E-1;1,177316E-1;9,477043E-1;;
02/12/2021  12:47:16,588163;9,390216E-1;9,901924E-2;1,335282E-1;9,478784E-1;;
02/12/2021  12:47:16,588263;9,379547E-1;1,015679E-1;1,158360E-1;9,480251E-1;;
02/12/2021  12:47:16,588363;9,365808E-1;6,270112E-2;5,865227E-2;9,481444E-1;;
02/12/2021  12:47:16,588463;9,368580E-1;9,424054E-2;9,877564E-2;9,482362E-1;;
02/12/2021  12:47:16,588563;9,364049E-1;8,786894E-2;9,403666E-2;9,483004E-1;;
02/12/2021  12:47:16,588663;9,363960E-1;8,022302E-2;1,066739E-1;9,483370E-1;;
02/12/2021  12:47:16,588763;9,344141E-1;7,268198E-3;7,981972E-2;9,483462E-1;;
02/12/2021  12:47:16,588863;9,336660E-1;1,088952E-1;1,215227E-1;9,483282E-1;;
02/12/2021  12:47:16,588963;9,334276E-1;8,277166E-2;1,193112E-1;9,482830E-1;;
02/12/2021  12:47:16,589063;9,330104E-1;9,009900E-2;1,069899E-1;9,482107E-1;;
02/12/2021  12:47:16,589163;9,322832E-1;1,037979E-1;1,076217E-1;9,481115E-1;;
02/12/2021  12:47:16,589263;9,313891E-1;6,270112E-2;5,517702E-2;9,479858E-1;;
02/12/2021  12:47:16,589363;9,308884E-1;6,174538E-2;7,887192E-2;9,478337E-1;;
02/12/2021  12:47:16,589463;9,318987E-1;1,155854E-1;1,559593E-1;9,476558E-1;;
02/12/2021  12:47:16,589563;9,324978E-1;1,496735E-1;1,407946E-1;9,474525E-1;;
02/12/2021  12:47:16,589663;9,321819E-1;1,656025E-1;1,436380E-1;9,472249E-1;;
02/12/2021  12:47:16,589763;9,315411E-1;1,592309E-1;1,379512E-1;9,469738E-1;;
02/12/2021  12:47:16,589863;9,313831E-1;1,697440E-1;1,477451E-1;9,467004E-1;;
02/12/2021  12:47:16,589963;9,329865E-1;1,327887E-1;1,180475E-1;9,464059E-1;;
02/12/2021  12:47:16,590063;9,329418E-1;1,656025E-1;1,556434E-1;9,460915E-1;;
02/12/2021  12:47:16,590163;9,319256E-1;1,614609E-1;1,493248E-1;9,457588E-1;;
02/12/2021  12:47:16,590263;9,310702E-1;1,601866E-1;1,540637E-1;9,454092E-1;;
02/12/2021  12:47:16,590363;9,307275E-1;1,327887E-1;1,449017E-1;9,450441E-1;;
02/12/2021  12:47:16,590463;9,311298E-1;1,388417E-1;1,275255E-1;9,446647E-1;;
02/12/2021  12:47:16,590563;9,307632E-1;1,359745E-1;1,351078E-1;9,442722E-1;;
02/12/2021  12:47:16,590663;9,297380E-1;1,433019E-1;1,347919E-1;9,438679E-1;;
02/12/2021  12:47:16,590763;9,283760E-1;5,728526E-2;7,792413E-2;9,434530E-1;;
02/12/2021  12:47:16,590863;9,283045E-1;9,009900E-2;9,340479E-2;9,430284E-1;;
02/12/2021  12:47:16,590963;9,292403E-1;1,585937E-1;1,809180E-1;9,425951E-1;;
02/12/2021  12:47:16,591063;9,292552E-1;1,302401E-1;1,256299E-1;9,421538E-1;;
02/12/2021  12:47:16,591163;9,280303E-1;5,780180E-4;5,707262E-2;9,417059E-1;;
02/12/2021  12:47:16,591263;9,274730E-1;1,264171E-1;1,310007E-1;9,412522E-1;;
02/12/2021  12:47:16,591363;9,279051E-1;6,206396E-2;1,259458E-1;9,407936E-1;;
02/12/2021  12:47:16,591463;9,290376E-1;1,200455E-1;1,294210E-1;9,403312E-1;;
02/12/2021  12:47:16,591563;9,288350E-1;1,286472E-1;1,272095E-1;9,398658E-1;;
02/12/2021  12:47:16,591663;9,278574E-1;1,315144E-1;1,360556E-1;9,393987E-1;;
02/12/2021  12:47:16,591763;9,270468E-1;1,410718E-1;1,404787E-1;9,389309E-1;;
02/12/2021  12:47:16,591863;9,274134E-1;1,362931E-1;1,291051E-1;9,384632E-1;;
02/12/2021  12:47:16,591963;9,270259E-1;1,296029E-1;1,310007E-1;9,379965E-1;;
02/12/2021  12:47:16,592063;9,269783E-1;1,334259E-1;1,341600E-1;9,375314E-1;;
02/12/2021  12:47:16,592163;9,257325E-1;1,280100E-1;1,237343E-1;9,370688E-1;;
02/12/2021  12:47:16,592263;9,243168E-1;1,362931E-1;1,392149E-1;9,366091E-1;;
02/12/2021  12:47:16,592363;9,246983E-1;1,420275E-1;1,745993E-1;9,361528E-1;;
02/12/2021  12:47:16,592463;9,248354E-1;1,372488E-1;1,300529E-1;9,357001E-1;;
02/12/2021  12:47:16,592563;9,248086E-1;1,299215E-1;1,300529E-1;9,352513E-1;;
02/12/2021  12:47:16,592663;9,238102E-1;1,362931E-1;1,382671E-1;9,348068E-1;;
02/12/2021  12:47:16,592763;9,237625E-1;1,391603E-1;1,385831E-1;9,343668E-1;;
02/12/2021  12:47:16,592863;9,248533E-1;1,197269E-1;1,196272E-1;9,339316E-1;;
02/12/2021  12:47:16,592963;9,259620E-1;1,009307E-1;1,161519E-1;9,335017E-1;;
02/12/2021  12:47:16,593063;9,259173E-1;1,245056E-1;1,297370E-1;9,330776E-1;;
02/12/2021  12:47:16,593163;9,255328E-1;1,413904E-1;1,667010E-1;9,326601E-1;;
02/12/2021  12:47:16,593263;9,251990E-1;1,276914E-1;1,275255E-1;9,322497E-1;;
02/12/2021  12:47:16,593363;9,268590E-1;1,531778E-1;2,084040E-1;9,318471E-1;;
02/12/2021  12:47:16,593463;9,274611E-1;1,350188E-1;1,338441E-1;9,314530E-1;;
02/12/2021  12:47:16,593563;9,279230E-1;1,382046E-1;1,436380E-1;9,310682E-1;;
02/12/2021  12:47:16,593663;9,265253E-1;1,060280E-1;1,142563E-1;9,306936E-1;;
02/12/2021  12:47:16,593763;9,270945E-1;1,200455E-1;1,268936E-1;9,303299E-1;;
02/12/2021  12:47:16,593863;9,280363E-1;1,283286E-1;1,294210E-1;9,299777E-1;;
02/12/2021  12:47:16,593963;9,285370E-1;1,407532E-1;1,363715E-1;9,296377E-1;;
02/12/2021  12:47:16,594063;9,285638E-1;1,480806E-1;1,439539E-1;9,293105E-1;;
02/12/2021  12:47:16,594163;9,275892E-1;1,369303E-1;1,249980E-1;9,289969E-1;;
02/12/2021  12:47:16,594263;9,284386E-1;9,901924E-2;1,509044E-1;9,286973E-1;;
02/12/2021  12:47:16,594363;9,300241E-1;1,445762E-1;1,546956E-1;9,284122E-1;;
02/12/2021  12:47:16,594463;9,314457E-1;1,455319E-1;1,414265E-1;9,281422E-1;;
02/12/2021  12:47:16,594563;9,313206E-1;1,092138E-1;1,199431E-1;9,278879E-1;;
02/12/2021  12:47:16,594663;9,313980E-1;1,098510E-1;1,098333E-1;9,276502E-1;;
02/12/2021  12:47:16,594763;9,328465E-1;5,728526E-2;9,909157E-2;9,274298E-1;;
02/12/2021  12:47:16,594863;9,342710E-1;1,471248E-1;1,328963E-1;9,272273E-1;;
02/12/2021  12:47:16,594963;9,348790E-1;1,267357E-1;1,152041E-1;9,270436E-1;;
02/12/2021  12:47:16,595063;9,350370E-1;1,452133E-1;1,625939E-1;9,268795E-1;;
02/12/2021  12:47:16,595163;9,345065E-1;1,219570E-1;1,297370E-1;9,267358E-1;;
02/12/2021  12:47:16,595263;9,356718E-1;1,264171E-1;1,291051E-1;9,266130E-1;;
02/12/2021  12:47:16,595363;9,373944E-1;1,503106E-1;1,692285E-1;9,265115E-1;;
02/12/2021  12:47:16,595463;9,384494E-1;1,334259E-1;1,240502E-1;9,264319E-1;;
02/12/2021  12:47:16,595563;9,380292E-1;1,149482E-1;1,275255E-1;9,263749E-1;;
02/12/2021  12:47:16,595663;9,381305E-1;1,311958E-1;1,366875E-1;9,263409E-1;;
02/12/2021  12:47:16,595763;9,392929E-1;1,436204E-1;1,385831E-1;9,263303E-1;;
02/12/2021  12:47:16,595863;9,401810E-1;1,171783E-1;1,268936E-1;9,263432E-1;;
02/12/2021  12:47:16,595963;9,412539E-1;1,174969E-1;1,208909E-1;9,263799E-1;;
02/12/2021  12:47:16,596063;9,413820E-1;1,267357E-1;1,139404E-1;9,264406E-1;;
02/12/2021  12:47:16,596163;9,407592E-1;8,404598E-2;1,347919E-1;9,265256E-1;;
02/12/2021  12:47:16,596263;9,417993E-1;1,522221E-1;1,388990E-1;9,266347E-1;;
02/12/2021  12:47:16,596363;9,425146E-1;1,283286E-1;1,231024E-1;9,267677E-1;;
02/12/2021  12:47:16,596463;9,427530E-1;1,299215E-1;1,291051E-1;9,269244E-1;;
02/12/2021  12:47:16,596563;9,420139E-1;1,439390E-1;1,430061E-1;9,271045E-1;;
02/12/2021  12:47:16,596663;9,416950E-1;1,410718E-1;1,316326E-1;9,273074E-1;;
02/12/2021  12:47:16,596763;9,428066E-1;1,292843E-1;1,411105E-1;9,275325E-1;;
02/12/2021  12:47:16,596863;9,434325E-1;1,203641E-1;1,170997E-1;9,277788E-1;;
02/12/2021  12:47:16,596963;9,428901E-1;1,362931E-1;1,385831E-1;9,280457E-1;;
02/12/2021  12:47:16,597063;9,425384E-1;1,289658E-1;1,265777E-1;9,283323E-1;;
02/12/2021  12:47:16,597163;9,426874E-1;1,002936E-1;7,286922E-2;9,286374E-1;;
02/12/2021  12:47:16,597263;9,437007E-1;1,245056E-1;1,174156E-1;9,289601E-1;;
02/12/2021  12:47:16,597363;9,448601E-1;1,308772E-1;1,322644E-1;9,292991E-1;;
02/12/2021  12:47:16,597463;9,454949E-1;1,318330E-1;1,401627E-1;9,296537E-1;;
02/12/2021  12:47:16,597563;9,449197E-1;1,550893E-1;1,597505E-1;9,300228E-1;;
02/12/2021  12:47:16,597663;9,453131E-1;1,429833E-1;1,499566E-1;9,304057E-1;;
02/12/2021  12:47:16,597763;9,466035E-1;1,241871E-1;1,366875E-1;9,308014E-1;;
02/12/2021  12:47:16,597863;9,476228E-1;1,375674E-1;1,354238E-1;9,312091E-1;;
02/12/2021  12:47:16,597963;9,468539E-1;1,388417E-1;1,344760E-1;9,316280E-1;;
02/12/2021  12:47:16,598063;9,457273E-1;1,251428E-1;1,284732E-1;9,320573E-1;;
02/12/2021  12:47:16,598163;9,451462E-1;1,092138E-1;1,110970E-1;9,324959E-1;;
02/12/2021  12:47:16,598263;9,455425E-1;5,282514E-2;9,182514E-2;9,329427E-1;;
02/12/2021  12:47:16,598363;9,455634E-1;1,397975E-1;1,325804E-1;9,333963E-1;;
02/12/2021  12:47:16,598463;9,451134E-1;1,194084E-1;1,167838E-1;9,338554E-1;;
02/12/2021  12:47:16,598563;9,439511E-1;1,143111E-1;9,498445E-2;9,343186E-1;;
02/12/2021  12:47:16,598663;9,437454E-1;1,468062E-1;1,505885E-1;9,347845E-1;;
02/12/2021  12:47:16,598763;9,444637E-1;3,817046E-2;8,487463E-2;9,352515E-1;;
02/12/2021  12:47:16,598863;9,447736E-1;1,327887E-1;1,328963E-1;9,357181E-1;;
02/12/2021  12:47:16,598963;9,448243E-1;1,260985E-1;1,294210E-1;9,361831E-1;;
02/12/2021  12:47:16,599063;9,442104E-1;1,347002E-1;9,277293E-2;9,366452E-1;;
02/12/2021  12:47:16,599163;9,451938E-1;1,203641E-1;1,170997E-1;9,371032E-1;;
02/12/2021  12:47:16,599263;9,465082E-1;1,327887E-1;1,275255E-1;9,375562E-1;;
02/12/2021  12:47:16,599363;9,473665E-1;1,152668E-1;1,148882E-1;9,380033E-1;;
02/12/2021  12:47:16,599463;9,468747E-1;1,391603E-1;1,540637E-1;9,384439E-1;;
02/12/2021  12:47:16,599563;9,464664E-1;7,448858E-2;8,234717E-2;9,388777E-1;;
02/12/2021  12:47:16,599663;9,471042E-1;1,369303E-1;1,284732E-1;9,393041E-1;;
02/12/2021  12:47:16,599763;9,481652E-1;1,914074E-1;2,153545E-1;9,397227E-1;;
02/12/2021  12:47:16,599863;9,480460E-1;1,229127E-1;1,227865E-1;9,401331E-1;;
02/12/2021  12:47:16,599963;9,471370E-1;1,257800E-1;7,034176E-2;9,405351E-1;;
02/12/2021  12:47:16,600063;9,465737E-1;1,382046E-1;1,338441E-1;9,409285E-1;;
02/12/2021  12:47:16,600163;9,471757E-1;2,224146E-2;7,824006E-2;9,413127E-1;;
02/12/2021  12:47:16,600263;9,476407E-1;1,254614E-1;1,347919E-1;9,416874E-1;;
02/12/2021  12:47:16,600363;9,475066E-1;1,219570E-1;1,278414E-1;9,420523E-1;;
02/12/2021  12:47:16,600463;9,474589E-1;1,267357E-1;1,227865E-1;9,424071E-1;;
02/12/2021  12:47:16,600563;9,467973E-1;1,101695E-1;1,196272E-1;9,427516E-1;;
02/12/2021  12:47:16,600663;9,480579E-1;1,076209E-1;1,079377E-1;9,430857E-1;;
02/12/2021  12:47:16,600763;9,486421E-1;1,041165E-1;1,145722E-1;9,434090E-1;;
02/12/2021  12:47:16,600863;9,487017E-1;1,060280E-1;1,322644E-1;9,437217E-1;;
02/12/2021  12:47:16,600963;9,479685E-1;1,095324E-1;1,189953E-1;9,440238E-1;;
02/12/2021  12:47:16,601063;9,478970E-1;1,057094E-1;1,161519E-1;9,443153E-1;;
02/12/2021  12:47:16,601163;9,485705E-1;1,063466E-1;1,174156E-1;9,445964E-1;;
02/12/2021  12:47:16,601263;9,489729E-1;8,436456E-2;1,038306E-1;9,448670E-1;;
02/12/2021  12:47:16,601363;9,486868E-1;1,025236E-1;1,284732E-1;9,451272E-1;;
02/12/2021  12:47:16,601463;9,473397E-1;1,034794E-1;1,139404E-1;9,453773E-1;;
02/12/2021  12:47:16,601563;9,469790E-1;6,970988E-2;9,435259E-2;9,456171E-1;;
02/12/2021  12:47:16,601663;9,478404E-1;9,232906E-2;1,104651E-1;9,458466E-1;;
02/12/2021  12:47:16,601763;9,475930E-1;9,933782E-2;1,152041E-1;9,460657E-1;;
02/12/2021  12:47:16,601863;9,463502E-1;1,149482E-1;1,031987E-1;9,462744E-1;;
02/12/2021  12:47:16,601963;9,451015E-1;7,863012E-2;1,003553E-1;9,464724E-1;;
02/12/2021  12:47:16,602063;9,442163E-1;8,436456E-2;1,101492E-1;9,466594E-1;;
02/12/2021  12:47:16,602163;9,451104E-1;9,360338E-2;9,466852E-2;9,468350E-1;;
02/12/2021  12:47:16,602263;9,448988E-1;9,710776E-2;1,164678E-1;9,469987E-1;;
02/12/2021  12:47:16,602363;9,436530E-1;1,063466E-1;1,057261E-1;9,471502E-1;;
02/12/2021  12:47:16,602463;9,426219E-1;1,178155E-1;1,332122E-1;9,472892E-1;;
02/12/2021  12:47:16,602563;9,428931E-1;1,190898E-1;1,114129E-1;9,474152E-1;;
02/12/2021  12:47:16,602663;9,437752E-1;1,114439E-1;1,259458E-1;9,475278E-1;;
02/12/2021  12:47:16,602763;9,434444E-1;1,334259E-1;1,366875E-1;9,476267E-1;;
02/12/2021  12:47:16,602863;9,423506E-1;1,426647E-1;1,351078E-1;9,477118E-1;;
02/12/2021  12:47:16,602963;9,409320E-1;1,557265E-1;1,404787E-1;9,477831E-1;;
02/12/2021  12:47:16,603063;9,413940E-1;1,595494E-1;1,338441E-1;9,478402E-1;;
02/12/2021  12:47:16,603163;9,422046E-1;1,423461E-1;1,388990E-1;9,478828E-1;;
02/12/2021  12:47:16,603263;9,421539E-1;1,757970E-1;1,559593E-1;9,479111E-1;;
02/12/2021  12:47:16,603363;9,417605E-1;1,461691E-1;1,385831E-1;9,479250E-1;;
02/12/2021  12:47:16,603463;9,407651E-1;3,307318E-2;9,024547E-2;9,479247E-1;;
02/12/2021  12:47:16,603563;9,412569E-1;1,210013E-1;1,000394E-1;9,479104E-1;;
02/12/2021  12:47:16,603663;9,421212E-1;1,108067E-1;1,240502E-1;9,478824E-1;;
02/12/2021  12:47:16,603763;9,412688E-1;1,149482E-1;1,174156E-1;9,478409E-1;;
02/12/2021  12:47:16,603863;9,403181E-1;1,264171E-1;1,404787E-1;9,477863E-1;;
02/12/2021  12:47:16,603963;9,387951E-1;1,283286E-1;1,088855E-1;9,477190E-1;;
02/12/2021  12:47:16,604063;9,392094E-1;1,506292E-1;1,704922E-1;9,476391E-1;;
02/12/2021  12:47:16,604163;9,397310E-1;1,974605E-1;2,106156E-1;9,475466E-1;;
02/12/2021  12:47:16,604263;9,388100E-1;1,133553E-1;1,110970E-1;9,474419E-1;;
02/12/2021  12:47:16,604363;9,382825E-1;1,069837E-1;1,240502E-1;9,473253E-1;;
02/12/2021  12:47:16,604463;9,372156E-1;1,264171E-1;1,319485E-1;9,471968E-1;;
02/12/2021  12:47:16,604563;9,384435E-1;1,280100E-1;1,388990E-1;9,470567E-1;;
02/12/2021  12:47:16,604663;9,391438E-1;1,219570E-1;1,297370E-1;9,469053E-1;;
02/12/2021  12:47:16,604763;9,385269E-1;1,092138E-1;1,155200E-1;9,467432E-1;;
02/12/2021  12:47:16,604863;9,373557E-1;1,347002E-1;1,284732E-1;9,465707E-1;;
02/12/2021  12:47:16,604963;9,378653E-1;1,254614E-1;1,268936E-1;9,463885E-1;;
02/12/2021  12:47:16,605063;9,389918E-1;1,181340E-1;1,133085E-1;9,461971E-1;;
02/12/2021  12:47:16,605163;9,394001E-1;1,088952E-1;1,202590E-1;9,459971E-1;;
02/12/2021  12:47:16,605263;9,393465E-1;1,066652E-1;1,278414E-1;9,457893E-1;;
02/12/2021  12:47:16,605363;9,386849E-1;1,366117E-1;1,300529E-1;9,455748E-1;;
02/12/2021  12:47:16,605463;9,386074E-1;1,117624E-1;1,180475E-1;9,453542E-1;;
02/12/2021  12:47:16,605563;9,392631E-1;1,216384E-1;1,480610E-1;9,451285E-1;;
02/12/2021  12:47:16,605663;9,392541E-1;1,229127E-1;1,310007E-1;9,448984E-1;;
02/12/2021  12:47:16,605763;9,384107E-1;1,359745E-1;1,376353E-1;9,446648E-1;;
02/12/2021  12:47:16,605863;9,365242E-1;1,216384E-1;1,246821E-1;9,444283E-1;;
02/12/2021  12:47:16,605963;9,357463E-1;6,461260E-2;8,898175E-2;9,441895E-1;;
02/12/2021  12:47:16,606063;9,357374E-1;1,260985E-1;1,310007E-1;9,439484E-1;;
02/12/2021  12:47:16,606163;9,357314E-1;1,257800E-1;1,152041E-1;9,437054E-1;;
02/12/2021  12:47:16,606263;9,343664E-1;8,277166E-2;9,024547E-2;9,434604E-1;;
02/12/2021  12:47:16,606363;9,332071E-1;1,722926E-1;1,600664E-1;9,432134E-1;;
02/12/2021  12:47:16,606463;9,332816E-1;9,742634E-2;1,069899E-1;9,429645E-1;;
02/12/2021  12:47:16,606563;9,339373E-1;1,321516E-1;1,632258E-1;9,427133E-1;;
02/12/2021  12:47:16,606663;9,338419E-1;1,343816E-1;1,341600E-1;9,424600E-1;;
02/12/2021  12:47:16,606763;9,326319E-1;1,257800E-1;1,272095E-1;9,422044E-1;;
02/12/2021  12:47:16,606863;9,319375E-1;9,264764E-2;1,164678E-1;9,419467E-1;;
02/12/2021  12:47:16,606963;9,328673E-1;8,532030E-2;9,403666E-2;9,416868E-1;;
02/12/2021  12:47:16,607063;9,336094E-1;4,932076E-2;1,013031E-1;9,414247E-1;;
02/12/2021  12:47:16,607163;9,340386E-1;1,254614E-1;1,278414E-1;9,411607E-1;;
02/12/2021  12:47:16,607263;9,335170E-1;1,219570E-1;1,237343E-1;9,408952E-1;;
02/12/2021  12:47:16,607363;9,329269E-1;1,187712E-1;1,278414E-1;9,406286E-1;;
02/12/2021  12:47:16,607463;9,332488E-1;1,318330E-1;1,325804E-1;9,403613E-1;;
02/12/2021  12:47:16,607563;9,334693E-1;1,076209E-1;8,013565E-2;9,400936E-1;;
02/12/2021  12:47:16,607663;9,341012E-1;1,002936E-1;8,297904E-2;9,398260E-1;;
02/12/2021  12:47:16,607763;9,329448E-1;1,159040E-1;1,167838E-1;9,395590E-1;;
02/12/2021  12:47:16,607863;9,326885E-1;3,721472E-2;7,634447E-2;9,392930E-1;;
02/12/2021  12:47:16,607963;9,334068E-1;1,407532E-1;1,363715E-1;9,390284E-1;;
02/12/2021  12:47:16,608063;9,336631E-1;1,245056E-1;1,060421E-1;9,387656E-1;;
02/12/2021  12:47:16,608163;9,330402E-1;1,181340E-1;1,167838E-1;9,385051E-1;;
02/12/2021  12:47:16,608263;9,318928E-1;1,219570E-1;1,430061E-1;9,382471E-1;;
02/12/2021  12:47:16,608363;9,314159E-1;9,360338E-2;1,085695E-1;9,379920E-1;;
02/12/2021  12:47:16,608463;9,316633E-1;1,076209E-1;1,164678E-1;9,377399E-1;;
02/12/2021  12:47:16,608563;9,317527E-1;1,104881E-1;1,698603E-1;9,374908E-1;;
02/12/2021  12:47:16,608663;9,316484E-1;1,200455E-1;1,202590E-1;9,372447E-1;;
02/12/2021  12:47:16,608763;9,307066E-1;1,573194E-1;1,935552E-1;9,370020E-1;;
02/12/2021  12:47:16,608863;9,307871E-1;1,420275E-1;1,379512E-1;9,367624E-1;;
02/12/2021  12:47:16,608963;9,319762E-1;1,053908E-1;1,174156E-1;9,365262E-1;;
02/12/2021  12:47:16,609063;9,326975E-1;1,165411E-1;1,319485E-1;9,362934E-1;;
02/12/2021  12:47:16,609163;9,330342E-1;1,296029E-1;1,360556E-1;9,360644E-1;;
02/12/2021  12:47:16,609263;9,332548E-1;1,369303E-1;1,275255E-1;9,358396E-1;;
02/12/2021  12:47:16,609363;9,332250E-1;1,394789E-1;1,382671E-1;9,356196E-1;;
02/12/2021  12:47:16,609463;9,346317E-1;1,340630E-1;1,259458E-1;9,354049E-1;;
02/12/2021  12:47:16,609563;9,354662E-1;1,366117E-1;1,398468E-1;9,351960E-1;;
02/12/2021  12:47:16,609663;9,355287E-1;1,334259E-1;1,600664E-1;9,349939E-1;;
02/12/2021  12:47:16,609763;9,349714E-1;1,292843E-1;1,335282E-1;9,347991E-1;;
02/12/2021  12:47:16,609863;9,350936E-1;1,184526E-1;1,284732E-1;9,346125E-1;;
02/12/2021  12:47:16,609963;9,363483E-1;1,229127E-1;1,167838E-1;9,344344E-1;;
02/12/2021  12:47:16,610063;9,364407E-1;1,235499E-1;1,310007E-1;9,342656E-1;;
02/12/2021  12:47:16,610163;9,361397E-1;1,413904E-1;1,430061E-1;9,341066E-1;;
02/12/2021  12:47:16,610263;9,359072E-1;1,413904E-1;1,407946E-1;9,339579E-1;;
02/12/2021  12:47:16,610363;9,357970E-1;6,270112E-2;1,202590E-1;9,338199E-1;;
02/12/2021  12:47:16,610463;9,365897E-1;1,232313E-1;1,265777E-1;9,336928E-1;;
02/12/2021  12:47:16,610563;9,365271E-1;1,401161E-1;1,354238E-1;9,335769E-1;;
02/12/2021  12:47:16,610663;9,365987E-1;1,190898E-1;1,044624E-1;9,334722E-1;;
02/12/2021  12:47:16,610763;9,359370E-1;6,620550E-2;8,740209E-2;9,333791E-1;;
02/12/2021  12:47:16,610863;9,360473E-1;1,404346E-1;1,499566E-1;9,332975E-1;;
02/12/2021  12:47:16,610963;9,373080E-1;1,378860E-1;2,036651E-1;9,332272E-1;;
02/12/2021  12:47:16,611063;9,379160E-1;1,257800E-1;1,246821E-1;9,331683E-1;;
02/12/2021  12:47:16,611163;9,380978E-1;1,315144E-1;1,262617E-1;9,331209E-1;;
02/12/2021  12:47:16,611263;9,369831E-1;1,238685E-1;1,344760E-1;9,330851E-1;;
02/12/2021  12:47:16,611363;9,380113E-1;1,331073E-1;1,370034E-1;9,330608E-1;;
02/12/2021  12:47:16,611463;9,387475E-1;1,327887E-1;1,360556E-1;9,330479E-1;;
02/12/2021  12:47:16,611563;9,390872E-1;1,401161E-1;1,300529E-1;9,330463E-1;;
02/12/2021  12:47:16,611663;9,384435E-1;1,382046E-1;1,360556E-1;9,330562E-1;;
02/12/2021  12:47:16,611763;9,381186E-1;1,337445E-1;1,366875E-1;9,330774E-1;;
02/12/2021  12:47:16,611863;9,386968E-1;1,305587E-1;1,092014E-1;9,331096E-1;;
02/12/2021  12:47:16,611963;9,390008E-1;1,296029E-1;1,035146E-1;9,331525E-1;;
02/12/2021  12:47:16,612063;9,392362E-1;1,245056E-1;1,237343E-1;9,332059E-1;;
02/12/2021  12:47:16,612163;9,379875E-1;1,366117E-1;1,354238E-1;9,332696E-1;;
02/12/2021  12:47:16,612263;9,377789E-1;1,410718E-1;1,392149E-1;9,333430E-1;;
02/12/2021  12:47:16,612363;9,380531E-1;1,073023E-1;1,344760E-1;9,334255E-1;;
02/12/2021  12:47:16,612463;9,385508E-1;6,493118E-2;8,139938E-2;9,335167E-1;;
02/12/2021  12:47:16,612563;9,382766E-1;1,181340E-1;1,016190E-1;9,336158E-1;;
02/12/2021  12:47:16,612663;9,372275E-1;1,305587E-1;1,306848E-1;9,337223E-1;;
02/12/2021  12:47:16,612763;9,370576E-1;1,340630E-1;1,344760E-1;9,338354E-1;;
02/12/2021  12:47:16,612863;9,376924E-1;1,308772E-1;1,249980E-1;9,339545E-1;;
02/12/2021  12:47:16,612963;9,377759E-1;1,560451E-1;1,461654E-1;9,340786E-1;;
02/12/2021  12:47:16,613063;9,377252E-1;1,452133E-1;1,328963E-1;9,342073E-1;;
02/12/2021  12:47:16,613163;9,364228E-1;1,340630E-1;1,490088E-1;9,343396E-1;;
02/12/2021  12:47:16,613263;9,364437E-1;1,413904E-1;1,341600E-1;9,344750E-1;;
02/12/2021  12:47:16,613363;9,373586E-1;1,171783E-1;1,114129E-1;9,346126E-1;;
02/12/2021  12:47:16,613463;9,376835E-1;1,388417E-1;1,486929E-1;9,347516E-1;;
02/12/2021  12:47:16,613563;9,373735E-1;1,327887E-1;1,376353E-1;9,348915E-1;;
02/12/2021  12:47:16,613663;9,364377E-1;1,251428E-1;1,313166E-1;9,350317E-1;;
02/12/2021  12:47:16,613763;9,360086E-1;1,178155E-1;1,054102E-1;9,351716E-1;;
02/12/2021  12:47:16,613863;9,370457E-1;8,850610E-2;8,045158E-2;9,353105E-1;;
02/12/2021  12:47:16,613963;9,370427E-1;1,203641E-1;1,284732E-1;9,354479E-1;;
02/12/2021  12:47:16,614063;9,361427E-1;1,251428E-1;1,306848E-1;9,355831E-1;;
02/12/2021  12:47:16,614163;9,358774E-1;1,098510E-1;1,249980E-1;9,357158E-1;;
02/12/2021  12:47:16,614263;9,354214E-1;9,997498E-2;1,079377E-1;9,358453E-1;;
02/12/2021  12:47:16,614363;9,355645E-1;1,114439E-1;1,379512E-1;9,359710E-1;;
02/12/2021  12:47:16,614463;9,359668E-1;1,206827E-1;1,275255E-1;9,360923E-1;;
02/12/2021  12:47:16,614563;9,355317E-1;9,009900E-2;1,133085E-1;9,362089E-1;;
02/12/2021  12:47:16,614663;9,342114E-1;1,022050E-1;1,117289E-1;9,363202E-1;;
02/12/2021  12:47:16,614763;9,339462E-1;8,723178E-2;9,403666E-2;9,364257E-1;;
02/12/2021  12:47:16,614863;9,344141E-1;1,095324E-1;1,082536E-1;9,365249E-1;;
02/12/2021  12:47:16,614963;9,341429E-1;1,108067E-1;1,193112E-1;9,366172E-1;;
02/12/2021  12:47:16,615063;9,337286E-1;9,424054E-2;1,186794E-1;9,367022E-1;;
02/12/2021  12:47:16,615163;9,329269E-1;6,110822E-2;9,656411E-2;9,367794E-1;;
02/12/2021  12:47:16,615263;9,332637E-1;9,519628E-2;1,076217E-1;9,368485E-1;;
02/12/2021  12:47:16,615363;9,335766E-1;9,678918E-2;1,300529E-1;9,369090E-1;;
02/12/2021  12:47:16,615463;9,331862E-1;1,120810E-1;1,205749E-1;9,369608E-1;;
02/12/2021  12:47:16,615563;9,325455E-1;1,190898E-1;1,193112E-1;9,370035E-1;;
02/12/2021  12:47:16,615663;9,316603E-1;1,299215E-1;1,420583E-1;9,370370E-1;;
02/12/2021  12:47:16,615763;9,319136E-1;1,429833E-1;1,486929E-1;9,370609E-1;;
02/12/2021  12:47:16,615863;9,326021E-1;1,168597E-1;1,009872E-1;9,370751E-1;;
02/12/2021  12:47:16,615963;9,313593E-1;1,146297E-1;1,275255E-1;9,370795E-1;;
02/12/2021  12:47:16,616063;9,307454E-1;1,452133E-1;1,256299E-1;9,370739E-1;;
02/12/2021  12:47:16,616163;9,295085E-1;1,719741E-1;1,550115E-1;9,370581E-1;;
02/12/2021  12:47:16,616263;9,297768E-1;1,796200E-1;1,528000E-1;9,370319E-1;;
02/12/2021  12:47:16,616363;9,303073E-1;5,601094E-2;6,718244E-2;9,369950E-1;;
02/12/2021  12:47:16,616463;9,298274E-1;1,764342E-1;1,591187E-1;9,369473E-1;;
02/12/2021  12:47:16,616563;9,291002E-1;1,671954E-1;1,632258E-1;9,368889E-1;;
02/12/2021  12:47:16,616663;9,281644E-1;1,522221E-1;1,449017E-1;9,368196E-1;;
02/12/2021  12:47:16,616763;9,290823E-1;7,894870E-2;6,718244E-2;9,367393E-1;;
02/12/2021  12:47:16,616863;9,295562E-1;1,321516E-1;1,392149E-1;9,366482E-1;;
02/12/2021  12:47:16,616963;9,294310E-1;1,350188E-1;1,354238E-1;9,365464E-1;;
02/12/2021  12:47:16,617063;9,291420E-1;1,429833E-1;1,370034E-1;9,364342E-1;;
02/12/2021  12:47:16,617163;9,287694E-1;1,362931E-1;1,328963E-1;9,363121E-1;;
02/12/2021  12:47:16,617263;9,298036E-1;1,391603E-1;1,325804E-1;9,361803E-1;;
02/12/2021  12:47:16,617363;9,309033E-1;1,146297E-1;1,170997E-1;9,360396E-1;;
02/12/2021  12:47:16,617463;9,311209E-1;1,404346E-1;1,411105E-1;9,358905E-1;;
02/12/2021  12:47:16,617563;9,306172E-1;7,608148E-2;9,214107E-2;9,357340E-1;;
02/12/2021  12:47:16,617663;9,300271E-1;1,235499E-1;1,208909E-1;9,355709E-1;;
02/12/2021  12:47:16,617763;9,308616E-1;1,203641E-1;1,170997E-1;9,354020E-1;;
02/12/2021  12:47:16,617863;9,315649E-1;1,420275E-1;1,483770E-1;9,352282E-1;;
02/12/2021  12:47:16,617963;9,312282E-1;1,436204E-1;1,414265E-1;9,350503E-1;;
02/12/2021  12:47:16,618063;9,311268E-1;1,311958E-1;1,366875E-1;9,348692E-1;;
02/12/2021  12:47:16,618163;9,310434E-1;1,235499E-1;1,227865E-1;9,346857E-1;;
02/12/2021  12:47:16,618263;9,320477E-1;1,053908E-1;1,035146E-1;9,345007E-1;;
02/12/2021  12:47:16,618363;9,331743E-1;1,324701E-1;1,388990E-1;9,343151E-1;;
02/12/2021  12:47:16,618463;9,323070E-1;1,260985E-1;1,256299E-1;9,341298E-1;;
02/12/2021  12:47:16,618563;9,324590E-1;1,337445E-1;1,193112E-1;9,339458E-1;;
02/12/2021  12:47:16,618663;9,322593E-1;7,799296E-2;1,082536E-1;9,337639E-1;;
02/12/2021  12:47:16,618763;9,334515E-1;1,276914E-1;1,638576E-1;9,335849E-1;;
02/12/2021  12:47:16,618863;9,344260E-1;1,280100E-1;1,300529E-1;9,334097E-1;;
02/12/2021  12:47:16,618963;9,337823E-1;1,235499E-1;1,256299E-1;9,332391E-1;;
02/12/2021  12:47:16,619063;9,340416E-1;1,235499E-1;1,202590E-1;9,330741E-1;;
02/12/2021  12:47:16,619163;9,347121E-1;1,149482E-1;1,294210E-1;9,329153E-1;;
02/12/2021  12:47:16,619263;9,358238E-1;1,362931E-1;1,414265E-1;9,327637E-1;;
02/12/2021  12:47:16,619363;9,361486E-1;1,337445E-1;1,344760E-1;9,326200E-1;;
02/12/2021  12:47:16,619463;9,355734E-1;1,210013E-1;1,208909E-1;9,324851E-1;;
02/12/2021  12:47:16,619563;9,351949E-1;1,178155E-1;1,218387E-1;9,323596E-1;;
02/12/2021  12:47:16,619663;9,357284E-1;1,334259E-1;1,240502E-1;9,322442E-1;;
02/12/2021  12:47:16,619763;9,368788E-1;1,015679E-1;1,022509E-1;9,321393E-1;;
02/12/2021  12:47:16,619863;9,378027E-1;1,210013E-1;1,259458E-1;9,320454E-1;;
02/12/2021  12:47:16,619963;9,378862E-1;1,273729E-1;1,294210E-1;9,319631E-1;;
02/12/2021  12:47:16,620063;9,377193E-1;1,455319E-1;1,398468E-1;9,318929E-1;;
02/12/2021  12:47:16,620163;9,384703E-1;1,474434E-1;1,401627E-1;9,318354E-1;;
02/12/2021  12:47:16,620263;9,400737E-1;1,324701E-1;1,385831E-1;9,317909E-1;;
02/12/2021  12:47:16,620363;9,405863E-1;1,232313E-1;1,294210E-1;9,317600E-1;;
02/12/2021  12:47:16,620463;9,406310E-1;1,232313E-1;1,265777E-1;9,317433E-1;;
02/12/2021  12:47:16,620563;9,401929E-1;9,360338E-2;8,677022E-2;9,317412E-1;;
02/12/2021  12:47:16,620663;9,415013E-1;1,257800E-1;1,262617E-1;9,317541E-1;;
02/12/2021  12:47:16,620763;9,426904E-1;1,143111E-1;1,464814E-1;9,317824E-1;;
02/12/2021  12:47:16,620863;9,437186E-1;1,203641E-1;1,278414E-1;9,318263E-1;;
02/12/2021  12:47:16,620963;9,433341E-1;1,190898E-1;1,256299E-1;9,318863E-1;;
02/12/2021  12:47:16,621063;9,431881E-1;1,216384E-1;1,237343E-1;9,319628E-1;;
02/12/2021  12:47:16,621163;9,446067E-1;1,200455E-1;1,227865E-1;9,320559E-1;;
02/12/2021  12:47:16,621263;9,457154E-1;1,184526E-1;1,098333E-1;9,321658E-1;;
02/12/2021  12:47:16,621363;9,462787E-1;1,264171E-1;1,110970E-1;9,322927E-1;;
02/12/2021  12:47:16,621463;9,464009E-1;1,311958E-1;1,670170E-1;9,324368E-1;;
02/12/2021  12:47:16,621563;9,466184E-1;1,216384E-1;1,265777E-1;9,325984E-1;;
02/12/2021  12:47:16,621663;9,480549E-1;1,219570E-1;1,249980E-1;9,327773E-1;;
02/12/2021  12:47:16,621763;9,493991E-1;1,200455E-1;1,253139E-1;9,329738E-1;;
02/12/2021  12:47:16,621863;9,500815E-1;1,254614E-1;1,240502E-1;9,331879E-1;;
02/12/2021  12:47:16,621963;9,506389E-1;1,302401E-1;1,430061E-1;9,334199E-1;;
02/12/2021  12:47:16,622063;9,512200E-1;1,203641E-1;1,186794E-1;9,336698E-1;;
02/12/2021  12:47:16,622163;9,530142E-1;6,206396E-2;8,866581E-2;9,339378E-1;;
02/12/2021  12:47:16,622263;9,542093E-1;1,337445E-1;1,502726E-1;9,342241E-1;;
02/12/2021  12:47:16,622363;9,548649E-1;1,292843E-1;1,297370E-1;9,345289E-1;;
02/12/2021  12:47:16,622463;9,553209E-1;1,213198E-1;1,066739E-1;9,348524E-1;;
02/12/2021  12:47:16,622563;9,556905E-1;1,184526E-1;1,202590E-1;9,351947E-1;;
02/12/2021  12:47:16,622663;9,572998E-1;7,640006E-2;9,214107E-2;9,355560E-1;;
02/12/2021  12:47:16,622763;9,582446E-1;1,225942E-1;1,287892E-1;9,359362E-1;;
02/12/2021  12:47:16,622863;9,588973E-1;1,292843E-1;1,272095E-1;9,363354E-1;;
02/12/2021  12:47:16,622963;9,596155E-1;1,216384E-1;1,212068E-1;9,367536E-1;;
02/12/2021  12:47:16,623063;9,596990E-1;1,143111E-1;1,272095E-1;9,371907E-1;;
02/12/2021  12:47:16,623163;9,619819E-1;1,372488E-1;1,720719E-1;9,376467E-1;;
02/12/2021  12:47:16,623263;9,635346E-1;1,324701E-1;1,310007E-1;9,381213E-1;;
02/12/2021  12:47:16,623363;9,637820E-1;1,184526E-1;1,325804E-1;9,386146E-1;;
02/12/2021  12:47:16,623463;9,638207E-1;1,174969E-1;1,249980E-1;9,391266E-1;;
02/12/2021  12:47:16,623563;9,650248E-1;1,487177E-1;1,505885E-1;9,396572E-1;;
02/12/2021  12:47:16,623663;9,668308E-1;1,305587E-1;1,335282E-1;9,402060E-1;;
02/12/2021  12:47:16,623763;9,678501E-1;1,152668E-1;1,120448E-1;9,407730E-1;;
02/12/2021  12:47:16,623863;9,690929E-1;1,216384E-1;1,259458E-1;9,413579E-1;;
02/12/2021  12:47:16,623963;9,691823E-1;1,213198E-1;1,300529E-1;9,419608E-1;;
02/12/2021  12:47:16,624063;9,700883E-1;1,401161E-1;1,319485E-1;9,425813E-1;;
02/12/2021  12:47:16,624163;9,710688E-1;1,162226E-1;1,287892E-1;9,432193E-1;;
02/12/2021  12:47:16,624263;9,724427E-1;1,165411E-1;1,212068E-1;9,438744E-1;;
02/12/2021  12:47:16,624363;9,720016E-1;9,965640E-2;8,708615E-2;9,445463E-1;;
02/12/2021  12:47:16,624463;9,716977E-1;9,009900E-2;1,524841E-1;9,452344E-1;;
02/12/2021  12:47:16,624563;9,725113E-1;1,190898E-1;1,227865E-1;9,459381E-1;;
02/12/2021  12:47:16,624663;9,734501E-1;6,397544E-2;8,455870E-2;9,466566E-1;;
02/12/2021  12:47:16,624763;9,738077E-1;1,178155E-1;1,183634E-1;9,473888E-1;;
02/12/2021  12:47:16,624863;9,729971E-1;1,296029E-1;1,259458E-1;9,481341E-1;;
02/12/2021  12:47:16,624963;9,723891E-1;1,327887E-1;1,357397E-1;9,488912E-1;;
02/12/2021  12:47:16,625063;9,730448E-1;1,073023E-1;1,139404E-1;9,496588E-1;;
02/12/2021  12:47:16,625163;9,736945E-1;4,581638E-2;2,010857E-2;9,504355E-1;;
02/12/2021  12:47:16,625263;9,731967E-1;1,181340E-1;1,221546E-1;9,512198E-1;;
02/12/2021  12:47:16,625363;9,728093E-1;1,308772E-1;1,287892E-1;9,520102E-1;;
02/12/2021  12:47:16,625463;9,717096E-1;1,305587E-1;1,249980E-1;9,528053E-1;;
02/12/2021  12:47:16,625563;9,730120E-1;2,956880E-2;8,866581E-2;9,536031E-1;;
02/12/2021  12:47:16,625663;9,732653E-1;1,286472E-1;1,414265E-1;9,544019E-1;;
02/12/2021  12:47:16,625763;9,729106E-1;1,308772E-1;1,363715E-1;9,552002E-1;;
02/12/2021  12:47:16,625863;9,726812E-1;1,280100E-1;1,281573E-1;9,559962E-1;;
02/12/2021  12:47:16,625963;9,716231E-1;1,280100E-1;1,240502E-1;9,567884E-1;;
02/12/2021  12:47:16,626063;9,730448E-1;-3,510294E-2;6,086380E-2;9,575751E-1;;
02/12/2021  12:47:16,626163;9,733875E-1;1,382046E-1;1,328963E-1;9,583545E-1;;
02/12/2021  12:47:16,626263;9,735276E-1;1,417090E-1;1,319485E-1;9,591254E-1;;
02/12/2021  12:47:16,626363;9,726841E-1;1,426647E-1;1,483770E-1;9,598865E-1;;
02/12/2021  12:47:16,626463;9,715814E-1;1,260985E-1;1,284732E-1;9,606362E-1;;
02/12/2021  12:47:16,626563;9,723593E-1;1,292843E-1;1,284732E-1;9,613734E-1;;
02/12/2021  12:47:16,626663;9,722460E-1;1,315144E-1;1,461654E-1;9,620965E-1;;
02/12/2021  12:47:16,626763;9,713758E-1;1,165411E-1;1,152041E-1;9,628042E-1;;
02/12/2021  12:47:16,626863;9,700674E-1;1,057094E-1;1,158360E-1;9,634953E-1;;
02/12/2021  12:47:16,626963;9,693462E-1;1,076209E-1;1,139404E-1;9,641684E-1;;
02/12/2021  12:47:16,627063;9,698678E-1;1,053908E-1;9,561632E-2;9,648221E-1;;
02/12/2021  12:47:16,627163;9,695280E-1;1,060280E-1;1,170997E-1;9,654549E-1;;
02/12/2021  12:47:16,627263;9,680349E-1;1,114439E-1;1,205749E-1;9,660657E-1;;
02/12/2021  12:47:16,627363;9,668487E-1;9,551486E-2;1,101492E-1;9,666532E-1;;
02/12/2021  12:47:16,627463;9,653586E-1;1,321516E-1;1,698603E-1;9,672160E-1;;
02/12/2021  12:47:16,627563;9,655135E-1;1,168597E-1;1,467973E-1;9,677528E-1;;
02/12/2021  12:47:16,627663;9,652006E-1;1,079395E-1;1,139404E-1;9,682622E-1;;
02/12/2021  12:47:16,627763;9,641068E-1;1,111253E-1;1,221546E-1;9,687429E-1;;
02/12/2021  12:47:16,627863;9,626495E-1;1,104881E-1;1,224705E-1;9,691940E-1;;
02/12/2021  12:47:16,627963;9,618984E-1;1,197269E-1;1,335282E-1;9,696141E-1;;
02/12/2021  12:47:16,628063;9,613322E-1;1,079395E-1;1,221546E-1;9,700023E-1;;
02/12/2021  12:47:16,628163;9,610639E-1;9,551486E-2;1,019350E-1;9,703576E-1;;
02/12/2021  12:47:16,628263;9,598778E-1;7,894870E-2;1,025668E-1;9,706790E-1;;
02/12/2021  12:47:16,628363;9,576992E-1;1,063466E-1;1,189953E-1;9,709658E-1;;
02/12/2021  12:47:16,628463;9,568707E-1;1,057094E-1;1,041465E-1;9,712171E-1;;
02/12/2021  12:47:16,628563;9,569929E-1;9,647060E-2;1,003553E-1;9,714322E-1;;
02/12/2021  12:47:16,628663;9,557829E-1;9,360338E-2;1,076217E-1;9,716103E-1;;
02/12/2021  12:47:16,628763;9,544328E-1;1,063466E-1;1,303688E-1;9,717509E-1;;
02/12/2021  12:47:16,628863;9,528562E-1;7,735580E-2;1,281573E-1;9,718536E-1;;
02/12/2021  12:47:16,628963;9,525761E-1;1,101695E-1;1,202590E-1;9,719178E-1;;
02/12/2021  12:47:16,629063;9,523406E-1;1,155854E-1;1,344760E-1;9,719432E-1;;
02/12/2021  12:47:16,629163;9,511276E-1;1,260985E-1;1,341600E-1;9,719295E-1;;
02/12/2021  12:47:16,629263;9,496643E-1;1,445762E-1;1,411105E-1;9,718769E-1;;
02/12/2021  12:47:16,629363;9,475542E-1;6,684266E-2;8,550650E-2;9,717852E-1;;
02/12/2021  12:47:16,629463;9,469850E-1;1,455319E-1;1,341600E-1;9,716543E-1;;
02/12/2021  12:47:16,629563;9,467585E-1;1,757970E-1;1,685966E-1;9,714842E-1;;
02/12/2021  12:47:16,629663;9,448779E-1;1,665582E-1;1,518522E-1;9,712750E-1;;
02/12/2021  12:47:16,629763;9,432000E-1;1,751599E-1;1,528000E-1;9,710268E-1;;
02/12/2021  12:47:16,629863;9,422195E-1;1,656025E-1;1,625939E-1;9,707399E-1;;
02/12/2021  12:47:16,629963;9,408635E-1;1,541336E-1;1,449017E-1;9,704143E-1;;
02/12/2021  12:47:16,630063;9,407025E-1;1,624167E-1;1,433221E-1;9,700502E-1;;
02/12/2021  12:47:16,630163;9,386640E-1;1,442576E-1;1,265777E-1;9,696481E-1;;
02/12/2021  12:47:16,630263;9,374451E-1;1,378860E-1;1,404787E-1;9,692084E-1;;
02/12/2021  12:47:16,630363;9,356539E-1;1,283286E-1;1,322644E-1;9,687314E-1;;
02/12/2021  12:47:16,630463;9,354542E-1;1,181340E-1;1,028828E-1;9,682176E-1;;
02/12/2021  12:47:16,630563;9,347241E-1;1,092138E-1;9,372073E-2;9,676674E-1;;
02/12/2021  12:47:16,630663;9,328435E-1;1,050723E-1;9,561632E-2;9,670816E-1;;
02/12/2021  12:47:16,630763;9,310762E-1;1,311958E-1;1,316326E-1;9,664608E-1;;
02/12/2021  12:47:16,630863;9,294549E-1;1,197269E-1;1,088855E-1;9,658057E-1;;
02/12/2021  12:47:16,630963;9,289274E-1;1,267357E-1;1,275255E-1;9,651168E-1;;
02/12/2021  12:47:16,631063;9,275982E-1;1,337445E-1;1,540637E-1;9,643949E-1;;
02/12/2021  12:47:16,631163;9,266981E-1;1,292843E-1;1,322644E-1;9,636406E-1;;
02/12/2021  12:47:16,631263;9,246775E-1;1,152668E-1;1,243661E-1;9,628547E-1;;
02/12/2021  12:47:16,631363;9,233274E-1;9,392196E-2;1,483770E-1;9,620380E-1;;
02/12/2021  12:47:16,631463;9,227045E-1;1,210013E-1;1,291051E-1;9,611914E-1;;
02/12/2021  12:47:16,631563;9,223439E-1;1,289658E-1;1,303688E-1;9,603156E-1;;
02/12/2021  12:47:16,631663;9,207047E-1;1,286472E-1;1,306848E-1;9,594117E-1;;
02/12/2021  12:47:16,631763;9,198583E-1;1,245056E-1;1,249980E-1;9,584807E-1;;
02/12/2021  12:47:16,631863;9,187884E-1;1,372488E-1;1,338441E-1;9,575237E-1;;
02/12/2021  12:47:16,631963;9,199030E-1;1,104881E-1;1,777586E-1;9,565420E-1;;
02/12/2021  12:47:16,632063;9,188748E-1;1,280100E-1;1,237343E-1;9,555370E-1;;
02/12/2021  12:47:16,632163;9,174562E-1;1,458505E-1;1,562753E-1;9,545102E-1;;
02/12/2021  12:47:16,632263;9,172684E-1;1,359745E-1;1,373193E-1;9,534632E-1;;
02/12/2021  12:47:16,632363;9,166992E-1;1,190898E-1;7,697633E-2;9,523978E-1;;
02/12/2021  12:47:16,632463;9,166247E-1;1,152668E-1;1,041465E-1;9,513156E-1;;
02/12/2021  12:47:16,632563;9,168691E-1;1,238685E-1;1,268936E-1;9,502184E-1;;
02/12/2021  12:47:16,632663;9,162194E-1;1,407532E-1;1,515363E-1;9,491083E-1;;
02/12/2021  12:47:16,632763;9,150243E-1;1,299215E-1;1,249980E-1;9,479871E-1;;
02/12/2021  12:47:16,632863;9,146190E-1;1,190898E-1;1,047783E-1;9,468569E-1;;
02/12/2021  12:47:16,632963;9,145653E-1;5,696668E-2;1,031987E-1;9,457195E-1;;
02/12/2021  12:47:16,633063;9,151077E-1;1,143111E-1;1,291051E-1;9,445770E-1;;
02/12/2021  12:47:16,633163;9,137636E-1;1,366117E-1;1,287892E-1;9,434311E-1;;
02/12/2021  12:47:16,633263;9,132301E-1;8,532030E-2;8,992954E-2;9,422840E-1;;
02/12/2021  12:47:16,633363;9,130394E-1;1,468062E-1;1,496407E-1;9,411374E-1;;
02/12/2021  12:47:16,633463;9,129798E-1;8,946184E-2;1,316326E-1;9,399932E-1;;
02/12/2021  12:47:16,633563;9,132570E-1;1,474434E-1;1,471132E-1;9,388532E-1;;
02/12/2021  12:47:16,633663;9,129440E-1;1,404346E-1;1,344760E-1;9,377191E-1;;
02/12/2021  12:47:16,633763;9,125536E-1;4,326774E-2;8,740209E-2;9,365928E-1;;
02/12/2021  12:47:16,633863;9,132570E-1;1,264171E-1;1,253139E-1;9,354761E-1;;
02/12/2021  12:47:16,633963;9,141719E-1;1,111253E-1;1,003553E-1;9,343708E-1;;
02/12/2021  12:47:16,634063;9,145355E-1;1,474434E-1;1,474292E-1;9,332787E-1;;
02/12/2021  12:47:16,634163;9,138858E-1;1,353374E-1;1,328963E-1;9,322019E-1;;
02/12/2021  12:47:16,634263;9,138679E-1;1,286472E-1;1,202590E-1;9,311421E-1;;
02/12/2021  12:47:16,634363;9,151316E-1;1,264171E-1;1,351078E-1;9,301012E-1;;
02/12/2021  12:47:16,634463;9,154475E-1;1,531778E-1;1,534319E-1;9,290809E-1;;
02/12/2021  12:47:16,634563;9,160346E-1;1,353374E-1;1,287892E-1;9,280829E-1;;
02/12/2021  12:47:16,634663;9,150422E-1;1,238685E-1;1,275255E-1;9,271091E-1;;
02/12/2021  12:47:16,634763;9,149051E-1;1,308772E-1;1,291051E-1;9,261609E-1;;
02/12/2021  12:47:16,634863;9,164131E-1;1,382046E-1;1,430061E-1;9,252396E-1;;
02/12/2021  12:47:16,634963;9,171284E-1;1,426647E-1;1,379512E-1;9,243468E-1;;
02/12/2021  12:47:16,635063;9,167588E-1;1,210013E-1;1,167838E-1;9,234836E-1;;
02/12/2021  12:47:16,635163;9,164995E-1;1,095324E-1;1,180475E-1;9,226513E-1;;
02/12/2021  12:47:16,635263;9,159392E-1;1,203641E-1;1,218387E-1;9,218510E-1;;
02/12/2021  12:47:16,635363;9,170926E-1;1,378860E-1;1,284732E-1;9,210835E-1;;
02/12/2021  12:47:16,635463;9,174890E-1;1,426647E-1;1,540637E-1;9,203494E-1;;
02/12/2021  12:47:16,635563;9,178615E-1;1,280100E-1;1,262617E-1;9,196494E-1;;
02/12/2021  12:47:16,635663;9,181744E-1;1,528593E-1;1,537478E-1;9,189842E-1;;
02/12/2021  12:47:16,635763;9,179122E-1;1,362931E-1;1,401627E-1;9,183542E-1;;
02/12/2021  12:47:16,635863;9,192295E-1;4,103768E-2;8,866581E-2;9,177598E-1;;
02/12/2021  12:47:16,635963;9,204395E-1;1,213198E-1;1,284732E-1;9,172015E-1;;
02/12/2021  12:47:16,636063;9,208150E-1;1,337445E-1;1,322644E-1;9,166796E-1;;
02/12/2021  12:47:16,636163;9,205110E-1;1,557265E-1;1,423743E-1;9,161945E-1;;
02/12/2021  12:47:16,636263;9,205945E-1;1,082581E-1;1,259458E-1;9,157464E-1;;
02/12/2021  12:47:16,636363;9,218581E-1;1,401161E-1;1,843932E-1;9,153354E-1;;
02/12/2021  12:47:16,636463;9,227909E-1;1,251428E-1;1,284732E-1;9,149616E-1;;
02/12/2021  12:47:16,636563;9,234675E-1;1,299215E-1;1,319485E-1;9,146249E-1;;
02/12/2021  12:47:16,636663;9,234645E-1;1,286472E-1;1,265777E-1;9,143254E-1;;
02/12/2021  12:47:16,636763;9,233244E-1;1,267357E-1;1,205749E-1;9,140630E-1;;
02/12/2021  12:47:16,636863;9,253868E-1;1,308772E-1;1,332122E-1;9,138374E-1;;
02/12/2021  12:47:16,636963;9,261169E-1;1,225942E-1;1,205749E-1;9,136485E-1;;
02/12/2021  12:47:16,637063;9,261110E-1;1,229127E-1;1,224705E-1;9,134961E-1;;
02/12/2021  12:47:16,637163;9,273627E-1;1,299215E-1;1,249980E-1;9,133798E-1;;
02/12/2021  12:47:16,637263;9,273925E-1;1,168597E-1;9,940750E-2;9,132995E-1;;
02/12/2021  12:47:16,637363;9,293297E-1;1,117624E-1;1,120448E-1;9,132547E-1;;
02/12/2021  12:47:16,637463;9,309450E-1;1,289658E-1;1,325804E-1;9,132452E-1;;
02/12/2021  12:47:16,637563;9,320537E-1;1,496735E-1;1,388990E-1;9,132707E-1;;
02/12/2021  12:47:16,637663;9,323100E-1;8,340882E-2;9,087734E-2;9,133312E-1;;
02/12/2021  12:47:16,637763;9,341578E-1;1,245056E-1;1,208909E-1;9,134265E-1;;
02/12/2021  12:47:16,637863;9,364079E-1;1,015679E-1;1,196272E-1;9,135564E-1;;
02/12/2021  12:47:16,637963;9,373139E-1;1,410718E-1;1,433221E-1;9,137210E-1;;
02/12/2021  12:47:16,638063;9,382289E-1;1,331073E-1;1,303688E-1;9,139204E-1;;
02/12/2021  12:47:16,638163;9,388160E-1;8,595746E-2;1,152041E-1;9,141544E-1;;
02/12/2021  12:47:16,638263;9,406459E-1;1,155854E-1;1,205749E-1;9,144231E-1;;
02/12/2021  12:47:16,638363;9,424639E-1;1,483991E-1;1,382671E-1;9,147263E-1;;
02/12/2021  12:47:16,638463;9,432119E-1;1,382046E-1;1,300529E-1;9,150639E-1;;
02/12/2021  12:47:16,638563;9,440315E-1;1,302401E-1;1,231024E-1;9,154359E-1;;
02/12/2021  12:47:16,638663;9,448154E-1;1,238685E-1;1,205749E-1;9,158420E-1;;
02/12/2021  12:47:16,638763;9,464635E-1;1,318330E-1;1,322644E-1;9,162820E-1;;
02/12/2021  12:47:16,638863;9,479983E-1;1,503106E-1;1,310007E-1;9,167554E-1;;
02/12/2021  12:47:16,638963;9,486272E-1;9,392196E-2;6,591871E-2;9,172621E-1;;
02/12/2021  12:47:16,639063;9,489401E-1;1,264171E-1;1,183634E-1;9,178015E-1;;
02/12/2021  12:47:16,639163;9,490235E-1;1,251428E-1;1,243661E-1;9,183730E-1;;
02/12/2021  12:47:16,639263;9,499266E-1;9,519628E-2;7,666040E-2;9,189758E-1;;
02/12/2021  12:47:16,639363;9,512588E-1;1,286472E-1;1,237343E-1;9,196091E-1;;
02/12/2021  12:47:16,639463;9,517237E-1;1,069837E-1;1,189953E-1;9,202717E-1;;
02/12/2021  12:47:16,639563;9,519234E-1;1,143111E-1;1,208909E-1;9,209626E-1;;
02/12/2021  12:47:16,639663;9,523645E-1;1,225942E-1;1,240502E-1;9,216807E-1;;
02/12/2021  12:47:16,639763;9,533390E-1;1,031608E-1;1,243661E-1;9,224245E-1;;
02/12/2021  12:47:16,639863;9,545729E-1;1,433019E-1;1,635417E-1;9,231928E-1;;
02/12/2021  12:47:16,639963;9,550348E-1;1,362931E-1;1,291051E-1;9,239842E-1;;
02/12/2021  12:47:16,640063;9,550169E-1;7,034704E-2;5,422923E-2;9,247973E-1;;
02/12/2021  12:47:16,640163;9,550557E-1;1,200455E-1;1,859729E-1;9,256307E-1;;
02/12/2021  12:47:16,640263;9,558603E-1;1,299215E-1;1,313166E-1;9,264828E-1;;
02/12/2021  12:47:16,640363;9,569541E-1;1,350188E-1;1,420583E-1;9,273519E-1;;
02/12/2021  12:47:16,640463;9,571091E-1;1,238685E-1;1,224705E-1;9,282364E-1;;
02/12/2021  12:47:16,640563;9,568975E-1;-8,023642E-3;6,939396E-2;9,291348E-1;;
02/12/2021  12:47:16,640663;9,574459E-1;1,241871E-1;1,215227E-1;9,300453E-1;;
02/12/2021  12:47:16,640763;9,583787E-1;1,232313E-1;1,268936E-1;9,309662E-1;;
02/12/2021  12:47:16,640863;9,590075E-1;1,069837E-1;1,054102E-1;9,318958E-1;;
02/12/2021  12:47:16,640963;9,589509E-1;1,079395E-1;1,376353E-1;9,328326E-1;;
02/12/2021  12:47:16,641063;9,586857E-1;1,130368E-1;1,221546E-1;9,337749E-1;;
02/12/2021  12:47:16,641163;9,583310E-1;9,232906E-2;1,076217E-1;9,347210E-1;;
02/12/2021  12:47:16,641263;9,592340E-1;9,742634E-2;1,278414E-1;9,356692E-1;;
02/12/2021  12:47:16,641363;9,602146E-1;9,965640E-2;1,136244E-1;9,366177E-1;;
02/12/2021  12:47:16,641463;9,605841E-1;1,229127E-1;1,404787E-1;9,375649E-1;;
02/12/2021  12:47:16,641563;9,603695E-1;1,041165E-1;1,152041E-1;9,385093E-1;;
02/12/2021  12:47:16,641663;9,603457E-1;8,786894E-2;1,047783E-1;9,394495E-1;;
02/12/2021  12:47:16,641763;9,620325E-1;9,647060E-2;1,196272E-1;9,403841E-1;;
02/12/2021  12:47:16,641863;9,625720E-1;9,583344E-2;1,066739E-1;9,413117E-1;;
02/12/2021  12:47:16,641963;9,627061E-1;8,213450E-2;8,139938E-2;9,422312E-1;;
02/12/2021  12:47:16,642063;9,618031E-1;1,076209E-1;1,423743E-1;9,431417E-1;;
02/12/2021  12:47:16,642163;9,627985E-1;8,309024E-2;1,079377E-1;9,440420E-1;;
02/12/2021  12:47:16,642263;9,631978E-1;1,044351E-1;1,398468E-1;9,449309E-1;;
02/12/2021  12:47:16,642363;9,632127E-1;1,034794E-1;1,126766E-1;9,458077E-1;;
02/12/2021  12:47:16,642463;9,625273E-1;8,340882E-2;9,719598E-2;9,466713E-1;;
02/12/2021  12:47:16,642563;9,618329E-1;1,162226E-1;1,306848E-1;9,475206E-1;;
02/12/2021  12:47:16,642663;9,617196E-1;1,063466E-1;1,221546E-1;9,483548E-1;;
02/12/2021  12:47:16,642763;9,619670E-1;8,149734E-2;1,133085E-1;9,491725E-1;;
02/12/2021  12:47:16,642863;9,614335E-1;1,210013E-1;1,259458E-1;9,499727E-1;;
02/12/2021  12:47:16,642963;9,607182E-1;1,235499E-1;1,322644E-1;9,507544E-1;;
02/12/2021  12:47:16,643063;9,595619E-1;1,337445E-1;1,249980E-1;9,515164E-1;;
02/12/2021  12:47:16,643163;9,588138E-1;1,519035E-1;1,575390E-1;9,522575E-1;;
02/12/2021  12:47:16,643263;9,584770E-1;1,238685E-1;1,275255E-1;9,529763E-1;;
02/12/2021  12:47:16,643363;9,582833E-1;1,423461E-1;1,310007E-1;9,536717E-1;;
02/12/2021  12:47:16,643463;9,579078E-1;1,461691E-1;1,328963E-1;9,543423E-1;;
02/12/2021  12:47:16,643563;9,568170E-1;1,614609E-1;1,531159E-1;9,549871E-1;;
02/12/2021  12:47:16,643663;9,566859E-1;2,016020E-1;1,850251E-1;9,556049E-1;;
02/12/2021  12:47:16,643763;9,565309E-1;1,302401E-1;1,310007E-1;9,561948E-1;;
02/12/2021  12:47:16,643863;9,561912E-1;1,493549E-1;1,430061E-1;9,567558E-1;;
02/12/2021  12:47:16,643963;9,552941E-1;1,324701E-1;1,524841E-1;9,572871E-1;;
02/12/2021  12:47:16,644063;9,546563E-1;1,394789E-1;1,420583E-1;9,577879E-1;;
02/12/2021  12:47:16,644163;9,549424E-1;1,232313E-1;1,221546E-1;9,582577E-1;;
02/12/2021  12:47:16,644263;9,552881E-1;1,347002E-1;1,559593E-1;9,586958E-1;;
02/12/2021  12:47:16,644363;9,549037E-1;1,168597E-1;1,177316E-1;9,591019E-1;;
02/12/2021  12:47:16,644463;9,540960E-1;1,299215E-1;1,414265E-1;9,594759E-1;;
02/12/2021  12:47:16,644563;9,538427E-1;1,385232E-1;1,335282E-1;9,598177E-1;;
02/12/2021  12:47:16,644663;9,540394E-1;1,318330E-1;1,167838E-1;9,601273E-1;;
02/12/2021  12:47:16,644763;9,540275E-1;1,248242E-1;1,291051E-1;9,604047E-1;;
02/12/2021  12:47:16,644863;9,538069E-1;1,235499E-1;1,278414E-1;9,606503E-1;;
02/12/2021  12:47:16,644963;9,529546E-1;1,331073E-1;1,351078E-1;9,608643E-1;;
02/12/2021  12:47:16,645063;9,522542E-1;1,041165E-1;1,287892E-1;9,610473E-1;;
02/12/2021  12:47:16,645163;9,521856E-1;1,168597E-1;1,278414E-1;9,611996E-1;;
02/12/2021  12:47:16,645263;9,521856E-1;1,229127E-1;1,240502E-1;9,613217E-1;;
02/12/2021  12:47:16,645363;9,507163E-1;1,149482E-1;1,234183E-1;9,614139E-1;;
02/12/2021  12:47:16,645463;9,498014E-1;1,225942E-1;1,208909E-1;9,614770E-1;;
02/12/2021  12:47:16,645563;9,496554E-1;1,123996E-1;1,268936E-1;9,615112E-1;;
02/12/2021  12:47:16,645663;9,495332E-1;1,146297E-1;1,272095E-1;9,615169E-1;;
02/12/2021  12:47:16,645763;9,493245E-1;1,280100E-1;1,310007E-1;9,614948E-1;;
02/12/2021  12:47:16,645863;9,485914E-1;1,203641E-1;1,256299E-1;9,614455E-1;;
02/12/2021  12:47:16,645963;9,472026E-1;1,222756E-1;1,268936E-1;9,613695E-1;;
02/12/2021  12:47:16,646063;9,465916E-1;9,137332E-2;8,519056E-2;9,612675E-1;;
02/12/2021  12:47:16,646163;9,469522E-1;1,222756E-1;1,196272E-1;9,611399E-1;;
02/12/2021  12:47:16,646263;9,460462E-1;1,372488E-1;1,366875E-1;9,609874E-1;;
02/12/2021  12:47:16,646363;9,449524E-1;1,296029E-1;1,379512E-1;9,608106E-1;;
02/12/2021  12:47:16,646463;9,438974E-1;1,222756E-1;1,152041E-1;9,606101E-1;;
02/12/2021  12:47:16,646563;9,429497E-1;1,136739E-1;1,098333E-1;9,603863E-1;;
02/12/2021  12:47:16,646663;9,438795E-1;9,296622E-2;1,186794E-1;9,601398E-1;;
02/12/2021  12:47:16,646763;9,426427E-1;1,337445E-1;1,272095E-1;9,598711E-1;;
02/12/2021  12:47:16,646863;9,416503E-1;1,276914E-1;1,167838E-1;9,595809E-1;;
02/12/2021  12:47:16,646963;9,404999E-1;7,640006E-2;7,981972E-2;9,592698E-1;;
02/12/2021  12:47:16,647063;9,398919E-1;1,327887E-1;1,328963E-1;9,589383E-1;;
02/12/2021  12:47:16,647163;9,398323E-1;1,159040E-1;1,117289E-1;9,585869E-1;;
02/12/2021  12:47:16,647263;9,390544E-1;1,060280E-1;1,104651E-1;9,582161E-1;;
02/12/2021  12:47:16,647363;9,387802E-1;1,219570E-1;1,208909E-1;9,578265E-1;;
02/12/2021  12:47:16,647463;9,377818E-1;1,152668E-1;1,234183E-1;9,574189E-1;;
02/12/2021  12:47:16,647563;9,378444E-1;1,286472E-1;1,278414E-1;9,569938E-1;;
02/12/2021  12:47:16,647663;9,382199E-1;1,216384E-1;1,047783E-1;9,565520E-1;;
02/12/2021  12:47:16,647763;9,377610E-1;1,149482E-1;1,205749E-1;9,560943E-1;;
02/12/2021  12:47:16,647863;9,371381E-1;1,162226E-1;1,240502E-1;9,556218E-1;;
02/12/2021  12:47:16,647963;9,363126E-1;1,442576E-1;1,449017E-1;9,551353E-1;;
02/12/2021  12:47:16,648063;9,356688E-1;1,404346E-1;1,322644E-1;9,546358E-1;;
02/12/2021  12:47:16,648163;9,364318E-1;1,136739E-1;1,107811E-1;9,541242E-1;;
02/12/2021  12:47:16,648263;9,356420E-1;1,216384E-1;1,208909E-1;9,536014E-1;;
02/12/2021  12:47:16,648363;9,354840E-1;1,251428E-1;1,338441E-1;9,530684E-1;;
02/12/2021  12:47:16,648463;9,344976E-1;1,375674E-1;1,253139E-1;9,525263E-1;;
02/12/2021  12:47:16,648563;9,356181E-1;1,216384E-1;1,205749E-1;9,519760E-1;;
02/12/2021  12:47:16,648663;9,363036E-1;1,321516E-1;1,641736E-1;9,514186E-1;;
02/12/2021  12:47:16,648763;9,354036E-1;1,324701E-1;1,354238E-1;9,508554E-1;;
02/12/2021  12:47:16,648863;9,344677E-1;1,675139E-1;2,159864E-1;9,502876E-1;;
02/12/2021  12:47:16,648963;9,337167E-1;1,216384E-1;1,215227E-1;9,497163E-1;;
02/12/2021  12:47:16,649063;9,340386E-1;1,324701E-1;1,297370E-1;9,491425E-1;;
02/12/2021  12:47:16,649163;9,345244E-1;1,194084E-1;1,291051E-1;9,485672E-1;;
02/12/2021  12:47:16,649263;9,330819E-1;1,280100E-1;1,319485E-1;9,479914E-1;;
02/12/2021  12:47:16,649363;9,324471E-1;1,270543E-1;1,341600E-1;9,474159E-1;;
02/12/2021  12:47:16,649463;9,319285E-1;1,302401E-1;1,319485E-1;9,468416E-1;;
02/12/2021  12:47:16,649563;9,326438E-1;1,111253E-1;1,041465E-1;9,462692E-1;;
02/12/2021  12:47:16,649663;9,321729E-1;1,245056E-1;1,291051E-1;9,456993E-1;;
02/12/2021  12:47:16,649763;9,316424E-1;1,318330E-1;1,322644E-1;9,451327E-1;;
02/12/2021  12:47:16,649863;9,308705E-1;1,241871E-1;1,227865E-1;9,445700E-1;;
02/12/2021  12:47:16,649963;9,300390E-1;1,111253E-1;1,022509E-1;9,440118E-1;;
02/12/2021  12:47:16,650063;9,304652E-1;1,327887E-1;1,319485E-1;9,434584E-1;;
02/12/2021  12:47:16,650163;9,305129E-1;1,394789E-1;1,452176E-1;9,429104E-1;;
02/12/2021  12:47:16,650263;9,300599E-1;1,079395E-1;1,227865E-1;9,423681E-1;;
02/12/2021  12:47:16,650363;9,292761E-1;1,229127E-1;1,167838E-1;9,418320E-1;;
02/12/2021  12:47:16,650463;9,293893E-1;5,792242E-2;9,498445E-2;9,413024E-1;;
02/12/2021  12:47:16,650563;9,297350E-1;1,423461E-1;1,414265E-1;9,407797E-1;;
02/12/2021  12:47:16,650663;9,302655E-1;1,356559E-1;1,310007E-1;9,402644E-1;;
02/12/2021  12:47:16,650763;9,297887E-1;1,366117E-1;1,366875E-1;9,397568E-1;;
02/12/2021  12:47:16,650863;9,291688E-1;5,346230E-2;1,082536E-1;9,392574E-1;;
02/12/2021  12:47:16,650963;9,291032E-1;1,315144E-1;1,221546E-1;9,387668E-1;;
02/12/2021  12:47:16,651063;9,298006E-1;1,359745E-1;1,076217E-1;9,382851E-1;;
02/12/2021  12:47:16,651163;9,299556E-1;1,334259E-1;1,313166E-1;9,378129E-1;;
02/12/2021  12:47:16,651263;9,296337E-1;1,283286E-1;1,332122E-1;9,373505E-1;;
02/12/2021  12:47:16,651363;9,290674E-1;1,523270E-2;7,950379E-2;9,368985E-1;;
02/12/2021  12:47:16,651463;9,291747E-1;1,315144E-1;1,319485E-1;9,364570E-1;;
02/12/2021  12:47:16,651563;9,300629E-1;1,426647E-1;1,423743E-1;9,360266E-1;;
02/12/2021  12:47:16,651663;9,303818E-1;1,273729E-1;1,265777E-1;9,356074E-1;;
02/12/2021  12:47:16,651763;9,303073E-1;1,245056E-1;1,291051E-1;9,351999E-1;;
02/12/2021  12:47:16,651863;9,292105E-1;1,292843E-1;1,167838E-1;9,348047E-1;;
02/12/2021  12:47:16,651963;9,297022E-1;1,123996E-1;9,877564E-2;9,344218E-1;;
02/12/2021  12:47:16,652063;9,312311E-1;1,050723E-1;8,297904E-2;9,340517E-1;;
02/12/2021  12:47:16,652163;9,304443E-1;1,299215E-1;1,300529E-1;9,336946E-1;;
02/12/2021  12:47:16,652263;9,306440E-1;1,534964E-1;1,344760E-1;9,333509E-1;;
02/12/2021  12:47:16,652363;9,310642E-1;1,088952E-1;1,407946E-1;9,330209E-1;;
02/12/2021  12:47:16,652463;9,316692E-1;1,034794E-1;1,423743E-1;9,327048E-1;;
02/12/2021  12:47:16,652563;9,325604E-1;1,283286E-1;1,243661E-1;9,324032E-1;;
02/12/2021  12:47:16,652663;9,331505E-1;1,324701E-1;1,259458E-1;9,321163E-1;;
02/12/2021  12:47:16,652763;9,320001E-1;1,458505E-1;1,632258E-1;9,318447E-1;;
02/12/2021  12:47:16,652863;9,317378E-1;1,203641E-1;1,275255E-1;9,315886E-1;;
02/12/2021  12:47:16,652963;9,316991E-1;1,340630E-1;1,259458E-1;9,313483E-1;;
02/12/2021  12:47:16,653063;9,323696E-1;1,608238E-1;1,755471E-1;9,311237E-1;;
02/12/2021  12:47:16,653163;9,329806E-1;1,362931E-1;1,303688E-1;9,309148E-1;;
02/12/2021  12:47:16,653263;9,329567E-1;7,162136E-2;4,506720E-2;9,307218E-1;;
02/12/2021  12:47:16,653363;9,319107E-1;1,273729E-1;1,189953E-1;9,305445E-1;;
02/12/2021  12:47:16,653463;9,326021E-1;6,333828E-2;1,170997E-1;9,303830E-1;;
02/12/2021  12:47:16,653563;9,338478E-1;1,289658E-1;1,338441E-1;9,302369E-1;;
02/12/2021  12:47:16,653663;9,335707E-1;1,439390E-1;1,382671E-1;9,301064E-1;;
02/12/2021  12:47:16,653763;9,326975E-1;1,372488E-1;1,177316E-1;9,299911E-1;;
02/12/2021  12:47:16,653863;9,323607E-1;4,199342E-2;9,119327E-2;9,298910E-1;;
02/12/2021  12:47:16,653963;9,332816E-1;9,041758E-2;1,480610E-1;9,298055E-1;;
02/12/2021  12:47:16,654063;9,333591E-1;1,283286E-1;1,382671E-1;9,297344E-1;;
02/12/2021  12:47:16,654163;9,328077E-1;1,127182E-1;1,117289E-1;9,296772E-1;;
02/12/2021  12:47:16,654263;9,326736E-1;1,123996E-1;1,117289E-1;9,296336E-1;;
02/12/2021  12:47:16,654363;9,321521E-1;1,063466E-1;1,123607E-1;9,296028E-1;;
02/12/2021  12:47:16,654463;9,326259E-1;1,168597E-1;1,420583E-1;9,295844E-1;;
02/12/2021  12:47:16,654563;9,329299E-1;1,245056E-1;1,272095E-1;9,295777E-1;;
02/12/2021  12:47:16,654663;9,328405E-1;1,216384E-1;1,322644E-1;9,295820E-1;;
02/12/2021  12:47:16,654763;9,316424E-1;1,143111E-1;1,196272E-1;9,295969E-1;;
02/12/2021  12:47:16,654863;9,310315E-1;7,512574E-2;6,813023E-2;9,296214E-1;;
02/12/2021  12:47:16,654963;9,312311E-1;1,159040E-1;1,155200E-1;9,296547E-1;;
02/12/2021  12:47:16,655063;9,317825E-1;1,088952E-1;1,199431E-1;9,296960E-1;;
02/12/2021  12:47:16,655163;9,312550E-1;8,691320E-2;9,751191E-2;9,297444E-1;;
02/12/2021  12:47:16,655263;9,307960E-1;1,127182E-1;1,218387E-1;9,297990E-1;;
02/12/2021  12:47:16,655363;9,310106E-1;1,123996E-1;1,205749E-1;9,298591E-1;;
02/12/2021  12:47:16,655463;9,312282E-1;1,082581E-1;1,268936E-1;9,299239E-1;;
02/12/2021  12:47:16,655563;9,316782E-1;8,659462E-2;1,054102E-1;9,299925E-1;;
02/12/2021  12:47:16,655663;9,316573E-1;8,054160E-2;9,403666E-2;9,300644E-1;;
02/12/2021  12:47:16,655763;9,314129E-1;8,309024E-2;1,098333E-1;9,301390E-1;;
02/12/2021  12:47:16,655863;9,312818E-1;1,076209E-1;1,101492E-1;9,302157E-1;;
02/12/2021  12:47:16,655963;9,319792E-1;1,022050E-1;1,082536E-1;9,302942E-1;;
02/12/2021  12:47:16,656063;9,324113E-1;9,424054E-2;1,104651E-1;9,303738E-1;;
02/12/2021  12:47:16,656163;9,323011E-1;1,321516E-1;1,373193E-1;9,304543E-1;;
02/12/2021  12:47:16,656263;9,319166E-1;1,458505E-1;1,483770E-1;9,305354E-1;;
02/12/2021  12:47:16,656363;9,324382E-1;1,455319E-1;1,411105E-1;9,306168E-1;;
02/12/2021  12:47:16,656463;9,332548E-1;1,506292E-1;1,180475E-1;9,306983E-1;;
02/12/2021  12:47:16,656563;9,334604E-1;1,483991E-1;1,262617E-1;9,307798E-1;;
02/12/2021  12:47:16,656663;9,321640E-1;1,879031E-1;1,606983E-1;9,308613E-1;;
02/12/2021  12:47:16,656763;9,318123E-1;1,780271E-1;1,483770E-1;9,309425E-1;;
02/12/2021  12:47:16,656863;9,319971E-1;1,738855E-1;1,651214E-1;9,310232E-1;;
02/12/2021  12:47:16,656963;9,323994E-1;3,753330E-2;8,361090E-2;9,311031E-1;;
02/12/2021  12:47:16,657063;9,326975E-1;1,703812E-1;1,575390E-1;9,311820E-1;;
02/12/2021  12:47:16,657163;9,317378E-1;1,538150E-1;1,474292E-1;9,312597E-1;;
02/12/2021  12:47:16,657263;9,313384E-1;8,691320E-2;9,498445E-2;9,313359E-1;;
02/12/2021  12:47:16,657363;9,319941E-1;1,015679E-1;9,688005E-2;9,314104E-1;;
02/12/2021  12:47:16,657463;9,332488E-1;1,713369E-1;1,941871E-1;9,314830E-1;;
02/12/2021  12:47:16,657563;9,326051E-1;1,436204E-1;1,332122E-1;9,315535E-1;;
02/12/2021  12:47:16,657663;9,328435E-1;-3,414720E-2;6,718244E-2;9,316221E-1;;
02/12/2021  12:47:16,657763;9,318928E-1;1,251428E-1;1,215227E-1;9,316886E-1;;
02/12/2021  12:47:16,657863;9,330342E-1;1,216384E-1;1,272095E-1;9,317530E-1;;
02/12/2021  12:47:16,657963;9,340386E-1;1,203641E-1;1,281573E-1;9,318153E-1;;
02/12/2021  12:47:16,658063;9,343575E-1;1,283286E-1;1,246821E-1;9,318757E-1;;
02/12/2021  12:47:16,658163;9,342740E-1;1,162226E-1;1,202590E-1;9,319344E-1;;
02/12/2021  12:47:16,658263;9,343754E-1;1,260985E-1;1,272095E-1;9,319919E-1;;
02/12/2021  12:47:16,658363;9,354483E-1;1,280100E-1;1,259458E-1;9,320483E-1;;
02/12/2021  12:47:16,658463;9,355675E-1;1,429833E-1;1,388990E-1;9,321042E-1;;
02/12/2021  12:47:16,658563;9,354840E-1;1,461691E-1;1,720719E-1;9,321598E-1;;
02/12/2021  12:47:16,658663;9,343068E-1;1,187712E-1;1,196272E-1;9,322156E-1;;
02/12/2021  12:47:16,658763;9,345065E-1;1,254614E-1;1,351078E-1;9,322718E-1;;
02/12/2021  12:47:16,658863;9,352605E-1;1,343816E-1;1,379512E-1;9,323284E-1;;
02/12/2021  12:47:16,658963;9,354155E-1;1,216384E-1;1,205749E-1;9,323856E-1;;
02/12/2021  12:47:16,659063;9,340654E-1;1,289658E-1;1,249980E-1;9,324436E-1;;
02/12/2021  12:47:16,659163;9,342889E-1;1,222756E-1;1,180475E-1;9,325023E-1;;
02/12/2021  12:47:16,659263;9,340058E-1;8,691320E-2;1,262617E-1;9,325617E-1;;
02/12/2021  12:47:16,659363;9,348761E-1;1,280100E-1;1,294210E-1;9,326216E-1;;
02/12/2021  12:47:16,659463;9,351800E-1;1,210013E-1;1,243661E-1;9,326821E-1;;
02/12/2021  12:47:16,659563;9,349774E-1;3,445238E-3;6,023194E-2;9,327430E-1;;
02/12/2021  12:47:16,659663;9,340535E-1;1,394789E-1;1,654373E-1;9,328044E-1;;
02/12/2021  12:47:16,659763;9,344707E-1;1,267357E-1;1,215227E-1;9,328662E-1;;
02/12/2021  12:47:16,659863;9,356956E-1;1,353374E-1;1,648054E-1;9,329283E-1;;
02/12/2021  12:47:16,659963;9,344350E-1;1,225942E-1;1,262617E-1;9,329907E-1;;
02/12/2021  12:47:16,660063;9,348403E-1;1,206827E-1;1,265777E-1;9,330534E-1;;
02/12/2021  12:47:16,660163;9,338180E-1;1,286472E-1;1,363715E-1;9,331161E-1;;
02/12/2021  12:47:16,660263;9,345840E-1;1,241871E-1;1,306848E-1;9,331788E-1;;
02/12/2021  12:47:16,660363;9,345870E-1;1,181340E-1;1,272095E-1;9,332413E-1;;
02/12/2021  12:47:16,660463;9,346734E-1;1,206827E-1;1,240502E-1;9,333034E-1;;
02/12/2021  12:47:16,660563;9,345840E-1;1,318330E-1;1,325804E-1;9,333651E-1;;
02/12/2021  12:47:16,660663;9,335409E-1;1,378860E-1;1,215227E-1;9,334261E-1;;
02/12/2021  12:47:16,660763;9,331177E-1;9,424054E-2;1,515363E-1;9,334863E-1;;
02/12/2021  12:47:16,660863;9,340267E-1;5,601094E-2;9,719598E-2;9,335453E-1;;
02/12/2021  12:47:16,660963;9,338508E-1;1,276914E-1;1,281573E-1;9,336029E-1;;
02/12/2021  12:47:16,661063;9,328763E-1;1,248242E-1;1,268936E-1;9,336588E-1;;
02/12/2021  12:47:16,661163;9,324888E-1;1,397975E-1;1,152041E-1;9,337127E-1;;
02/12/2021  12:47:16,661263;9,333442E-1;3,466608E-2;1,092014E-1;9,337644E-1;;
02/12/2021  12:47:16,661363;9,349833E-1;1,378860E-1;1,306848E-1;9,338135E-1;;
02/12/2021  12:47:16,661463;9,342412E-1;1,181340E-1;1,126766E-1;9,338600E-1;;
02/12/2021  12:47:16,661563;9,343932E-1;1,397975E-1;1,569071E-1;9,339041E-1;;
02/12/2021  12:47:16,661663;9,338717E-1;1,238685E-1;1,265777E-1;9,339458E-1;;
02/12/2021  12:47:16,661763;9,346972E-1;1,130368E-1;1,073058E-1;9,339851E-1;;
02/12/2021  12:47:16,661863;9,354453E-1;1,617795E-1;1,888163E-1;9,340221E-1;;
02/12/2021  12:47:16,661963;9,364228E-1;1,213198E-1;1,161519E-1;9,340571E-1;;
02/12/2021  12:47:16,662063;9,358119E-1;1,585937E-1;1,632258E-1;9,340905E-1;;
02/12/2021  12:47:16,662163;9,365063E-1;1,168597E-1;1,196272E-1;9,341227E-1;;
02/12/2021  12:47:16,662263;9,379875E-1;1,248242E-1;1,079377E-1;9,341541E-1;;
02/12/2021  12:47:16,662363;9,397250E-1;1,225942E-1;1,360556E-1;9,341853E-1;;
02/12/2021  12:47:16,662463;9,399396E-1;1,165411E-1;1,259458E-1;9,342172E-1;;
02/12/2021  12:47:16,662563;9,404433E-1;1,159040E-1;1,218387E-1;9,342507E-1;;
02/12/2021  12:47:16,662663;9,405923E-1;1,493549E-1;1,783905E-1;9,342869E-1;;
02/12/2021  12:47:16,662763;9,416533E-1;1,531778E-1;1,591187E-1;9,343265E-1;;
02/12/2021  12:47:16,662863;9,426874E-1;1,280100E-1;1,224705E-1;9,343705E-1;;
02/12/2021  12:47:16,662963;9,431434E-1;1,296029E-1;1,272095E-1;9,344199E-1;;
02/12/2021  12:47:16,663063;9,433043E-1;1,200455E-1;1,212068E-1;9,344756E-1;;
02/12/2021  12:47:16,663163;9,445173E-1;1,225942E-1;1,291051E-1;9,345385E-1;;
02/12/2021  12:47:16,663263;9,460254E-1;1,378860E-1;1,477451E-1;9,346095E-1;;
02/12/2021  12:47:16,663363;9,473695E-1;1,127182E-1;1,133085E-1;9,346898E-1;;
02/12/2021  12:47:16,663463;9,477509E-1;1,053908E-1;1,202590E-1;9,347802E-1;;
02/12/2021  12:47:16,663563;9,470595E-1;1,120810E-1;1,167838E-1;9,348820E-1;;
02/12/2021  12:47:16,663663;9,475691E-1;4,231200E-2;7,350108E-2;9,349958E-1;;
02/12/2021  12:47:16,663763;9,489997E-1;1,245056E-1;1,145722E-1;9,351226E-1;;
02/12/2021  12:47:16,663863;9,496911E-1;1,060280E-1;1,155200E-1;9,352627E-1;;
02/12/2021  12:47:16,663963;9,503617E-1;1,066652E-1;1,240502E-1;9,354170E-1;;
02/12/2021  12:47:16,664063;9,500309E-1;1,347002E-1;1,509044E-1;9,355859E-1;;
02/12/2021  12:47:16,664163;9,507104E-1;1,302401E-1;1,243661E-1;9,357700E-1;;
02/12/2021  12:47:16,664263;9,516164E-1;6,779840E-2;1,120448E-1;9,359695E-1;;
02/12/2021  12:47:16,664363;9,519025E-1;1,219570E-1;1,231024E-1;9,361846E-1;;
02/12/2021  12:47:16,664463;9,522691E-1;1,296029E-1;1,249980E-1;9,364157E-1;;
02/12/2021  12:47:16,664563;9,512617E-1;1,429833E-1;1,445858E-1;9,366627E-1;;
02/12/2021  12:47:16,664663;9,521469E-1;1,257800E-1;1,284732E-1;9,369254E-1;;
02/12/2021  12:47:16,664763;9,525969E-1;1,143111E-1;1,022509E-1;9,372037E-1;;
02/12/2021  12:47:16,664863;9,527340E-1;1,296029E-1;1,354238E-1;9,374971E-1;;
02/12/2021  12:47:16,664963;9,516611E-1;1,318330E-1;1,319485E-1;9,378052E-1;;
02/12/2021  12:47:16,665063;9,513482E-1;1,194084E-1;1,325804E-1;9,381273E-1;;
02/12/2021  12:47:16,665163;9,510114E-1;1,063466E-1;1,158360E-1;9,384627E-1;;
02/12/2021  12:47:16,665263;9,521290E-1;1,076209E-1;8,582243E-2;9,388102E-1;;
02/12/2021  12:47:16,665363;9,519860E-1;1,292843E-1;1,354238E-1;9,391689E-1;;
02/12/2021  12:47:16,665463;9,520187E-1;1,356559E-1;1,338441E-1;9,395378E-1;;
02/12/2021  12:47:16,665563;9,514614E-1;1,235499E-1;1,193112E-1;9,399160E-1;;
02/12/2021  12:47:16,665663;9,515836E-1;1,069837E-1;9,340479E-2;9,403023E-1;;
02/12/2021  12:47:16,665763;9,528085E-1;9,997498E-2;1,085695E-1;9,406956E-1;;
02/12/2021  12:47:16,665863;9,532466E-1;1,327887E-1;1,275255E-1;9,410949E-1;;
02/12/2021  12:47:16,665963;9,528949E-1;1,181340E-1;1,205749E-1;9,414993E-1;;
02/12/2021  12:47:16,666063;9,533629E-1;5,038138E-3;6,117973E-2;9,419079E-1;;
02/12/2021  12:47:16,666163;9,547934E-1;8,117876E-2;9,340479E-2;9,423200E-1;;
02/12/2021  12:47:16,666263;9,558633E-1;1,793014E-1;2,311511E-1;9,427349E-1;;
02/12/2021  12:47:16,666363;9,563968E-1;1,085766E-1;1,167838E-1;9,431521E-1;;
02/12/2021  12:47:16,666463;9,564177E-1;1,069837E-1;8,803395E-2;9,435713E-1;;
02/12/2021  12:47:16,666563;9,561554E-1;1,203641E-1;1,227865E-1;9,439922E-1;;
02/12/2021  12:47:16,666663;9,574250E-1;1,401161E-1;1,344760E-1;9,444144E-1;;
02/12/2021  12:47:16,666763;9,587125E-1;1,210013E-1;1,335282E-1;9,448377E-1;;
02/12/2021  12:47:16,666863;9,581105E-1;1,337445E-1;1,328963E-1;9,452617E-1;;
02/12/2021  12:47:16,666963;9,581850E-1;1,410718E-1;1,458495E-1;9,456864E-1;;
02/12/2021  12:47:16,667063;9,577856E-1;1,286472E-1;1,272095E-1;9,461115E-1;;
02/12/2021  12:47:16,667163;9,588347E-1;1,334259E-1;1,227865E-1;9,465366E-1;;
02/12/2021  12:47:16,667263;9,592311E-1;1,340630E-1;1,319485E-1;9,469614E-1;;
02/12/2021  12:47:16,667363;9,592519E-1;8,117876E-2;1,654373E-1;9,473856E-1;;
02/12/2021  12:47:16,667463;9,589897E-1;1,238685E-1;1,246821E-1;9,478090E-1;;
02/12/2021  12:47:16,667563;9,590105E-1;1,442576E-1;1,411105E-1;9,482311E-1;;
02/12/2021  12:47:16,667663;9,593026E-1;1,311958E-1;1,524841E-1;9,486516E-1;;
02/12/2021  12:47:16,667763;9,594993E-1;1,012493E-1;1,088855E-1;9,490701E-1;;
02/12/2021  12:47:16,667863;9,593682E-1;9,041758E-2;1,104651E-1;9,494861E-1;;
02/12/2021  12:47:16,667963;9,591208E-1;1,123996E-1;1,101492E-1;9,498991E-1;;
02/12/2021  12:47:16,668063;9,590761E-1;1,318330E-1;1,546956E-1;9,503088E-1;;
02/12/2021  12:47:16,668163;9,599404E-1;9,041758E-2;1,038306E-1;9,507146E-1;;
02/12/2021  12:47:16,668263;9,601490E-1;9,806350E-2;1,107811E-1;9,511160E-1;;
02/12/2021  12:47:16,668363;9,596364E-1;9,933782E-2;1,259458E-1;9,515126E-1;;
02/12/2021  12:47:16,668463;9,584085E-1;1,149482E-1;1,546956E-1;9,519042E-1;;
02/12/2021  12:47:16,668563;9,578273E-1;1,025236E-1;1,095173E-1;9,522899E-1;;
02/12/2021  12:47:16,668663;9,588436E-1;8,054160E-2;6,086380E-2;9,526692E-1;;
02/12/2021  12:47:16,668763;9,590433E-1;9,997498E-2;1,142563E-1;9,530414E-1;;
02/12/2021  12:47:16,668863;9,588734E-1;1,168597E-1;1,291051E-1;9,534059E-1;;
02/12/2021  12:47:16,668963;9,583131E-1;9,806350E-2;1,120448E-1;9,537623E-1;;
02/12/2021  12:47:16,669063;9,579942E-1;1,101695E-1;1,180475E-1;9,541100E-1;;
02/12/2021  12:47:16,669163;9,587661E-1;7,767438E-2;8,455870E-2;9,544485E-1;;
02/12/2021  12:47:16,669263;9,596334E-1;1,095324E-1;1,246821E-1;9,547774E-1;;
02/12/2021  12:47:16,669363;9,591327E-1;1,143111E-1;1,196272E-1;9,550964E-1;;
02/12/2021  12:47:16,669463;9,583161E-1;9,742634E-2;9,814378E-2;9,554053E-1;;
02/12/2021  12:47:16,669563;9,586082E-1;9,009900E-2;8,834988E-2;9,557038E-1;;
02/12/2021  12:47:16,669663;9,596930E-1;1,480806E-1;9,940750E-2;9,559916E-1;;
02/12/2021  12:47:16,669763;9,588466E-1;1,515849E-1;1,531159E-1;9,562687E-1;;
02/12/2021  12:47:16,669863;9,588824E-1;1,315144E-1;1,117289E-1;9,565349E-1;;
02/12/2021  12:47:16,669963;9,578035E-1;1,088952E-1;1,126766E-1;9,567902E-1;;
02/12/2021  12:47:16,670063;9,579197E-1;1,633724E-1;1,268936E-1;9,570342E-1;;
02/12/2021  12:47:16,670163;9,585068E-1;1,706997E-1;1,518522E-1;9,572669E-1;;
02/12/2021  12:47:16,670263;9,570495E-1;2,797590E-2;7,855599E-2;9,574879E-1;;
02/12/2021  12:47:16,670363;9,565309E-1;1,687883E-1;1,490088E-1;9,576972E-1;;
02/12/2021  12:47:16,670463;9,551302E-1;1,668768E-1;1,534319E-1;9,578944E-1;;
02/12/2021  12:47:16,670563;9,547576E-1;1,560451E-1;1,486929E-1;9,580789E-1;;
02/12/2021  12:47:16,670663;9,548381E-1;1,417090E-1;2,068244E-1;9,582502E-1;;
02/12/2021  12:47:16,670763;9,540155E-1;1,283286E-1;1,243661E-1;9,584079E-1;;
02/12/2021  12:47:16,670863;9,530350E-1;1,037979E-1;1,183634E-1;9,585514E-1;;
02/12/2021  12:47:16,670963;9,518429E-1;1,327887E-1;1,335282E-1;9,586802E-1;;
02/12/2021  12:47:16,671063;9,520456E-1;1,378860E-1;1,328963E-1;9,587936E-1;;
02/12/2021  12:47:16,671163;9,518518E-1;1,366117E-1;1,474292E-1;9,588910E-1;;
02/12/2021  12:47:16,671263;9,510412E-1;1,378860E-1;1,325804E-1;9,589721E-1;;
02/12/2021  12:47:16,671363;9,504153E-1;1,378860E-1;1,313166E-1;9,590363E-1;;
02/12/2021  12:47:16,671463;9,492769E-1;1,662396E-1;1,821817E-1;9,590833E-1;;
02/12/2021  12:47:16,671563;9,492798E-1;9,264764E-2;1,079377E-1;9,591125E-1;;
02/12/2021  12:47:16,671663;9,495868E-1;1,267357E-1;1,306848E-1;9,591237E-1;;
02/12/2021  12:47:16,671763;9,481563E-1;1,159040E-1;1,110970E-1;9,591166E-1;;
02/12/2021  12:47:16,671863;9,480311E-1;2,001140E-2;8,171531E-2;9,590909E-1;;
02/12/2021  12:47:16,671963;9,472413E-1;1,362931E-1;1,316326E-1;9,590466E-1;;
02/12/2021  12:47:16,672063;9,474529E-1;1,324701E-1;1,392149E-1;9,589835E-1;;
02/12/2021  12:47:16,672163;9,468569E-1;1,254614E-1;1,300529E-1;9,589015E-1;;
02/12/2021  12:47:16,672263;9,458287E-1;1,585937E-1;1,998739E-1;9,588008E-1;;
02/12/2021  12:47:16,672363;9,442461E-1;1,347002E-1;1,316326E-1;9,586813E-1;;
02/12/2021  12:47:16,672463;9,436977E-1;1,245056E-1;1,177316E-1;9,585429E-1;;
02/12/2021  12:47:16,672563;9,430331E-1;1,327887E-1;1,319485E-1;9,583856E-1;;
02/12/2021  12:47:16,672663;9,420288E-1;1,225942E-1;1,265777E-1;9,582092E-1;;
02/12/2021  12:47:16,672763;9,408933E-1;1,350188E-1;1,407946E-1;9,580135E-1;;
02/12/2021  12:47:16,672863;9,397310E-1;1,757970E-1;1,170997E-1;9,577985E-1;;
02/12/2021  12:47:16,672963;9,392839E-1;1,324701E-1;1,341600E-1;9,575639E-1;;
02/12/2021  12:47:16,673063;9,386282E-1;1,187712E-1;1,354238E-1;9,573095E-1;;
02/12/2021  12:47:16,673163;9,378504E-1;1,311958E-1;1,388990E-1;9,570353E-1;;
02/12/2021  12:47:16,673263;9,369533E-1;1,439390E-1;1,455336E-1;9,567412E-1;;
02/12/2021  12:47:16,673363;9,351532E-1;1,280100E-1;1,411105E-1;9,564271E-1;;
02/12/2021  12:47:16,673463;9,342591E-1;3,211744E-2;1,398468E-1;9,560930E-1;;
02/12/2021  12:47:16,673563;9,346764E-1;1,069837E-1;1,249980E-1;9,557387E-1;;
02/12/2021  12:47:16,673663;9,338747E-1;1,477620E-1;1,306848E-1;9,553643E-1;;
02/12/2021  12:47:16,673763;9,329091E-1;2,829448E-2;8,392683E-2;9,549699E-1;;
02/12/2021  12:47:16,673863;9,320984E-1;1,219570E-1;1,240502E-1;9,545558E-1;;
02/12/2021  12:47:16,673963;9,314398E-1;1,353374E-1;1,344760E-1;9,541221E-1;;
02/12/2021  12:47:16,674063;9,310732E-1;1,324701E-1;1,196272E-1;9,536691E-1;;
02/12/2021  12:47:16,674163;9,303788E-1;1,283286E-1;1,272095E-1;9,531972E-1;;
02/12/2021  12:47:16,674263;9,295950E-1;1,206827E-1;1,164678E-1;9,527068E-1;;
02/12/2021  12:47:16,674363;9,279230E-1;1,216384E-1;1,174156E-1;9,521983E-1;;
02/12/2021  12:47:16,674463;9,273746E-1;1,149482E-1;1,379512E-1;9,516722E-1;;
02/12/2021  12:47:16,674563;9,266325E-1;1,305587E-1;1,114129E-1;9,511288E-1;;
02/12/2021  12:47:16,674663;9,259858E-1;1,359745E-1;1,300529E-1;9,505684E-1;;
02/12/2021  12:47:16,674763;9,253003E-1;1,219570E-1;1,253139E-1;9,499916E-1;;
02/12/2021  12:47:16,674863;9,242006E-1;1,123996E-1;1,205749E-1;9,493988E-1;;
02/12/2021  12:47:16,674963;9,242364E-1;1,337445E-1;1,328963E-1;9,487904E-1;;
02/12/2021  12:47:16,675063;9,242155E-1;1,630538E-1;1,695444E-1;9,481671E-1;;
02/12/2021  12:47:16,675163;9,234704E-1;1,280100E-1;1,101492E-1;9,475295E-1;;
02/12/2021  12:47:16,675263;9,231694E-1;1,433019E-1;1,916596E-1;9,468785E-1;;
02/12/2021  12:47:16,675363;9,229042E-1;1,483991E-1;1,471132E-1;9,462150E-1;;
02/12/2021  12:47:16,675463;9,231456E-1;1,347002E-1;1,335282E-1;9,455398E-1;;
02/12/2021  12:47:16,675563;9,233632E-1;1,082581E-1;1,177316E-1;9,448541E-1;;
02/12/2021  12:47:16,675663;9,230741E-1;1,123996E-1;1,101492E-1;9,441590E-1;;
02/12/2021  12:47:16,675763;9,231068E-1;1,512664E-1;1,588027E-1;9,434559E-1;;
02/12/2021  12:47:16,675863;9,229847E-1;1,331073E-1;1,316326E-1;9,427460E-1;;
02/12/2021  12:47:16,675963;9,241261E-1;1,299215E-1;1,325804E-1;9,420309E-1;;
02/12/2021  12:47:16,676063;9,248414E-1;1,327887E-1;1,303688E-1;9,413120E-1;;
02/12/2021  12:47:16,676163;9,245761E-1;1,299215E-1;1,284732E-1;9,405911E-1;;
02/12/2021  12:47:16,676263;9,233602E-1;9,678918E-2;8,424277E-2;9,398699E-1;;
02/12/2021  12:47:16,676363;9,226032E-1;1,225942E-1;1,224705E-1;9,391500E-1;;
02/12/2021  12:47:16,676463;9,232171E-1;7,257710E-2;1,063580E-1;9,384329E-1;;
02/12/2021  12:47:16,676563;9,232708E-1;1,149482E-1;1,152041E-1;9,377197E-1;;
02/12/2021  12:47:16,676663;9,231635E-1;1,382046E-1;1,338441E-1;9,370119E-1;;
02/12/2021  12:47:16,676763;9,225704E-1;1,468062E-1;1,306848E-1;9,363108E-1;;
02/12/2021  12:47:16,676863;9,220906E-1;1,232313E-1;1,234183E-1;9,356175E-1;;
02/12/2021  12:47:16,676963;9,230055E-1;7,257710E-2;1,268936E-1;9,349331E-1;;
02/12/2021  12:47:16,677063;9,226419E-1;1,248242E-1;1,268936E-1;9,342588E-1;;
02/12/2021  12:47:16,677163;9,229996E-1;1,327887E-1;1,439539E-1;9,335954E-1;;
02/12/2021  12:47:16,677263;9,216823E-1;1,009307E-1;1,155200E-1;9,329442E-1;;
02/12/2021  12:47:16,677363;9,219505E-1;1,273729E-1;1,212068E-1;9,323058E-1;;
02/12/2021  12:47:16,677463;9,235926E-1;1,299215E-1;1,967146E-1;9,316811E-1;;
02/12/2021  12:47:16,677563;9,237983E-1;1,436204E-1;1,379512E-1;9,310710E-1;;
02/12/2021  12:47:16,677663;9,246328E-1;1,407532E-1;1,351078E-1;9,304764E-1;;
02/12/2021  12:47:16,677763;9,244510E-1;1,296029E-1;1,316326E-1;9,298984E-1;;
02/12/2021  12:47:16,677863;9,250738E-1;1,219570E-1;1,249980E-1;9,293380E-1;;
02/12/2021  12:47:16,677963;9,253957E-1;9,264764E-2;1,092014E-1;9,287961E-1;;
02/12/2021  12:47:16,678063;9,265372E-1;1,311958E-1;1,297370E-1;9,282737E-1;;
02/12/2021  12:47:16,678163;9,270170E-1;1,401161E-1;1,202590E-1;9,277718E-1;;
02/12/2021  12:47:16,678263;9,263673E-1;1,082581E-1;9,466852E-2;9,272914E-1;;
02/12/2021  12:47:16,678363;9,267011E-1;7,066562E-2;1,319485E-1;9,268332E-1;;
02/12/2021  12:47:16,678463;9,269872E-1;1,611423E-1;1,588027E-1;9,263980E-1;;
02/12/2021  12:47:16,678563;9,270200E-1;1,251428E-1;1,278414E-1;9,259863E-1;;
02/12/2021  12:47:16,678663;9,265193E-1;1,187712E-1;1,152041E-1;9,255986E-1;;
02/12/2021  12:47:16,678763;9,259799E-1;1,216384E-1;1,275255E-1;9,252350E-1;;
02/12/2021  12:47:16,678863;9,260156E-1;1,318330E-1;1,145722E-1;9,248957E-1;;
02/12/2021  12:47:16,678963;9,273299E-1;1,375674E-1;1,218387E-1;9,245807E-1;;
02/12/2021  12:47:16,679063;9,271243E-1;1,149482E-1;1,215227E-1;9,242897E-1;;
02/12/2021  12:47:16,679163;9,269723E-1;1,302401E-1;1,294210E-1;9,240227E-1;;
02/12/2021  12:47:16,679263;9,266474E-1;1,292843E-1;1,319485E-1;9,237796E-1;;
02/12/2021  12:47:16,679363;9,280631E-1;1,296029E-1;1,205749E-1;9,235601E-1;;
02/12/2021  12:47:16,679463;9,288201E-1;1,251428E-1;1,202590E-1;9,233638E-1;;
02/12/2021  12:47:16,679563;9,300688E-1;1,123996E-1;1,025668E-1;9,231907E-1;;
02/12/2021  12:47:16,679663;9,307722E-1;1,015679E-1;1,079377E-1;9,230407E-1;;
02/12/2021  12:47:16,679763;9,312222E-1;1,327887E-1;1,338441E-1;9,229140E-1;;
02/12/2021  12:47:16,679863;9,331385E-1;1,305587E-1;1,287892E-1;9,228105E-1;;
02/12/2021  12:47:16,679963;9,347330E-1;1,292843E-1;1,455336E-1;9,227306E-1;;
02/12/2021  12:47:16,680063;9,352367E-1;1,229127E-1;1,237343E-1;9,226745E-1;;
02/12/2021  12:47:16,680163;9,361129E-1;1,292843E-1;1,556434E-1;9,226429E-1;;
02/12/2021  12:47:16,680263;9,363751E-1;1,139925E-1;1,126766E-1;9,226359E-1;;
02/12/2021  12:47:16,680363;9,380501E-1;1,601866E-1;1,480610E-1;9,226540E-1;;
02/12/2021  12:47:16,680463;9,387296E-1;1,302401E-1;1,208909E-1;9,226975E-1;;
02/12/2021  12:47:16,680563;9,395104E-1;1,445762E-1;1,392149E-1;9,227666E-1;;
02/12/2021  12:47:16,680663;9,401393E-1;1,216384E-1;1,360556E-1;9,228617E-1;;
02/12/2021  12:47:16,680763;9,403062E-1;1,241871E-1;1,287892E-1;9,229830E-1;;
02/12/2021  12:47:16,680863;9,416503E-1;1,210013E-1;1,351078E-1;9,231304E-1;;
02/12/2021  12:47:16,680963;9,429854E-1;1,219570E-1;1,227865E-1;9,233041E-1;;
02/12/2021  12:47:16,681063;9,434086E-1;1,143111E-1;1,212068E-1;9,235041E-1;;
02/12/2021  12:47:16,681163;9,432567E-1;1,060280E-1;1,120448E-1;9,237303E-1;;
02/12/2021  12:47:16,681263;9,432179E-1;1,076209E-1;1,092014E-1;9,239826E-1;;
02/12/2021  12:47:16,681363;9,449852E-1;9,678918E-2;9,498445E-2;9,242605E-1;;
02/12/2021  12:47:16,681463;9,457005E-1;1,018865E-1;1,158360E-1;9,245637E-1;;
02/12/2021  12:47:16,681563;9,467198E-1;1,260985E-1;1,464814E-1;9,248919E-1;;
02/12/2021  12:47:16,681663;9,470774E-1;1,088952E-1;1,177316E-1;9,252445E-1;;
02/12/2021  12:47:16,681763;9,471668E-1;9,519628E-2;1,069899E-1;9,256212E-1;;
02/12/2021  12:47:16,681863;9,485556E-1;1,200455E-1;1,189953E-1;9,260214E-1;;
02/12/2021  12:47:16,681963;9,487702E-1;1,095324E-1;1,193112E-1;9,264446E-1;;
02/12/2021  12:47:16,682063;9,488715E-1;9,870066E-2;1,155200E-1;9,268900E-1;;
02/12/2021  12:47:16,682163;9,484126E-1;1,009307E-1;1,237343E-1;9,273569E-1;;
02/12/2021  12:47:16,682263;9,485765E-1;7,831154E-2;1,044624E-1;9,278442E-1;;
02/12/2021  12:47:16,682363;9,492709E-1;8,054160E-2;9,972343E-2;9,283510E-1;;
02/12/2021  12:47:16,682463;9,502037E-1;9,583344E-2;1,126766E-1;9,288759E-1;;
02/12/2021  12:47:16,682563;9,500041E-1;1,204690E-2;5,517702E-2;9,294179E-1;;
02/12/2021  12:47:16,682663;9,494438E-1;1,079395E-1;1,218387E-1;9,299757E-1;;
02/12/2021  12:47:16,682763;9,502097E-1;1,082581E-1;1,167838E-1;9,305481E-1;;
02/12/2021  12:47:16,682863;9,510829E-1;1,009307E-1;9,530039E-2;9,311336E-1;;
02/12/2021  12:47:16,682963;9,518876E-1;1,009307E-1;1,183634E-1;9,317311E-1;;
02/12/2021  12:47:16,683063;9,519204E-1;1,085766E-1;1,205749E-1;9,323392E-1;;
02/12/2021  12:47:16,683163;9,512230E-1;1,206827E-1;1,256299E-1;9,329569E-1;;
02/12/2021  12:47:16,683263;9,519562E-1;1,149482E-1;1,152041E-1;9,335829E-1;;
02/12/2021  12:47:16,683363;9,523287E-1;1,104881E-1;9,435259E-2;9,342158E-1;;
02/12/2021  12:47:16,683463;9,524241E-1;1,210013E-1;1,193112E-1;9,348543E-1;;
02/12/2021  12:47:16,683563;9,527668E-1;1,407532E-1;1,366875E-1;9,354972E-1;;
02/12/2021  12:47:16,683663;9,515598E-1;1,665582E-1;1,499566E-1;9,361433E-1;;
02/12/2021  12:47:16,683763;9,519562E-1;1,821686E-1;1,480610E-1;9,367912E-1;;
02/12/2021  12:47:16,683863;9,523794E-1;1,646467E-1;1,521681E-1;9,374394E-1;;
02/12/2021  12:47:16,683963;9,520962E-1;1,436204E-1;1,284732E-1;9,380867E-1;;
02/12/2021  12:47:16,684063;9,515359E-1;1,550893E-1;2,093518E-1;9,387317E-1;;
02/12/2021  12:47:16,684163;9,495570E-1;1,525407E-1;1,433221E-1;9,393728E-1;;
02/12/2021  12:47:16,684263;9,497448E-1;1,445762E-1;1,344760E-1;9,400087E-1;;
02/12/2021  12:47:16,684363;9,493067E-1;1,260985E-1;1,420583E-1;9,406374E-1;;
02/12/2021  12:47:16,684463;9,487732E-1;1,343816E-1;1,316326E-1;9,412574E-1;;
02/12/2021  12:47:16,684563;9,475781E-1;1,671954E-1;1,749153E-1;9,418668E-1;;
02/12/2021  12:47:16,684663;9,465231E-1;1,044351E-1;1,237343E-1;9,424640E-1;;
02/12/2021  12:47:16,684763;9,466602E-1;1,650702E-2;7,981972E-2;9,430472E-1;;
02/12/2021  12:47:16,684863;9,468539E-1;1,133553E-1;1,196272E-1;9,436146E-1;;
02/12/2021  12:47:16,684963;9,461773E-1;1,308772E-1;1,370034E-1;9,441646E-1;;
02/12/2021  12:47:16,685063;9,451134E-1;1,136739E-1;9,466852E-2;9,446959E-1;;
02/12/2021  12:47:16,685163;9,442759E-1;1,687883E-1;1,644895E-1;9,452068E-1;;
02/12/2021  12:47:16,685263;9,442193E-1;1,235499E-1;1,278414E-1;9,456961E-1;;
02/12/2021  12:47:16,685363;9,446723E-1;1,044351E-1;1,189953E-1;9,461624E-1;;
02/12/2021  12:47:16,685463;9,442461E-1;1,254614E-1;1,357397E-1;9,466046E-1;;
02/12/2021  12:47:16,685563;9,429258E-1;1,095324E-1;1,066739E-1;9,470218E-1;;
02/12/2021  12:47:16,685663;9,436501E-1;1,034794E-1;1,035146E-1;9,474130E-1;;
02/12/2021  12:47:16,685763;9,431941E-1;1,165411E-1;1,303688E-1;9,477777E-1;;
02/12/2021  12:47:16,685863;9,432567E-1;1,375674E-1;1,335282E-1;9,481152E-1;;
02/12/2021  12:47:16,685963;9,425205E-1;1,458505E-1;1,496407E-1;9,484251E-1;;
02/12/2021  12:47:16,686063;9,413999E-1;1,111253E-1;1,164678E-1;9,487070E-1;;
02/12/2021  12:47:16,686163;9,397041E-1;1,178155E-1;1,243661E-1;9,489607E-1;;
02/12/2021  12:47:16,686263;9,409410E-1;1,276914E-1;1,351078E-1;9,491857E-1;;
02/12/2021  12:47:16,686363;9,398651E-1;1,232313E-1;1,281573E-1;9,493818E-1;;
02/12/2021  12:47:16,686463;9,387177E-1;1,174969E-1;1,278414E-1;9,495487E-1;;
02/12/2021  12:47:16,686563;9,368788E-1;7,863012E-2;1,139404E-1;9,496862E-1;;
02/12/2021  12:47:16,686663;9,362649E-1;1,439390E-1;1,449017E-1;9,497941E-1;;
02/12/2021  12:47:16,686763;9,367179E-1;1,404346E-1;1,319485E-1;9,498720E-1;;
02/12/2021  12:47:16,686863;9,362023E-1;1,241871E-1;1,306848E-1;9,499199E-1;;
02/12/2021  12:47:16,686963;9,355615E-1;1,139925E-1;1,092014E-1;9,499377E-1;;
02/12/2021  12:47:16,687063;9,342502E-1;8,117876E-2;7,760819E-2;9,499255E-1;;
02/12/2021  12:47:16,687163;9,349625E-1;8,468314E-2;1,000394E-1;9,498836E-1;;
02/12/2021  12:47:16,687263;9,344320E-1;1,174969E-1;1,202590E-1;9,498122E-1;;
02/12/2021  12:47:16,687363;9,352873E-1;1,283286E-1;1,319485E-1;9,497117E-1;;
02/12/2021  12:47:16,687463;9,345154E-1;1,152668E-1;1,136244E-1;9,495830E-1;;
02/12/2021  12:47:16,687563;9,345363E-1;1,388417E-1;1,379512E-1;9,494267E-1;;
02/12/2021  12:47:16,687663;9,345721E-1;3,084312E-2;6,339125E-2;9,492440E-1;;
02/12/2021  12:47:16,687763;9,351622E-1;1,184526E-1;1,224705E-1;9,490357E-1;;
02/12/2021  12:47:16,687863;9,345244E-1;1,104881E-1;1,249980E-1;9,488032E-1;;
02/12/2021  12:47:16,687963;9,340684E-1;1,257800E-1;1,272095E-1;9,485476E-1;;
02/12/2021  12:47:16,688063;9,328852E-1;1,404346E-1;1,430061E-1;9,482703E-1;;
02/12/2021  12:47:16,688163;9,326110E-1;1,002936E-1;8,519056E-2;9,479724E-1;;
02/12/2021  12:47:16,688263;9,330730E-1;1,273729E-1;1,237343E-1;9,476550E-1;;
02/12/2021  12:47:16,688363;9,318332E-1;5,919674E-2;9,372073E-2;9,473193E-1;;
02/12/2021  12:47:16,688463;9,310315E-1;1,426647E-1;1,423743E-1;9,469663E-1;;
02/12/2021  12:47:16,688563;9,301314E-1;1,165411E-1;1,126766E-1;9,465971E-1;;
02/12/2021  12:47:16,688663;9,299913E-1;8,978042E-2;9,498445E-2;9,462125E-1;;
02/12/2021  12:47:16,688763;9,299615E-1;1,276914E-1;1,483770E-1;9,458135E-1;;
02/12/2021  12:47:16,688863;9,295085E-1;1,143111E-1;1,167838E-1;9,454009E-1;;
02/12/2021  12:47:16,688963;9,274998E-1;1,487177E-1;1,306848E-1;9,449757E-1;;
02/12/2021  12:47:16,689063;9,274849E-1;1,378860E-1;1,325804E-1;9,445386E-1;;
02/12/2021  12:47:16,689163;9,271153E-1;7,130278E-2;8,550650E-2;9,440903E-1;;
02/12/2021  12:47:16,689263;9,271958E-1;1,251428E-1;1,398468E-1;9,436315E-1;;
02/12/2021  12:47:16,689363;9,267279E-1;1,321516E-1;1,249980E-1;9,431630E-1;;
02/12/2021  12:47:16,689463;9,259411E-1;8,723178E-2;9,403666E-2;9,426854E-1;;
02/12/2021  12:47:16,689563;9,247997E-1;1,060280E-1;1,142563E-1;9,421996E-1;;
02/12/2021  12:47:16,689663;9,252854E-1;1,382046E-1;1,644895E-1;9,417061E-1;;
02/12/2021  12:47:16,689763;9,259620E-1;1,270543E-1;1,335282E-1;9,412057E-1;;
02/12/2021  12:47:16,689863;9,255418E-1;1,563636E-1;1,727037E-1;9,406991E-1;;
02/12/2021  12:47:16,689963;9,243049E-1;1,292843E-1;1,310007E-1;9,401872E-1;;
02/12/2021  12:47:16,690063;9,234079E-1;6,747982E-2;1,057261E-1;9,396709E-1;;
02/12/2021  12:47:16,690163;9,239115E-1;1,069837E-1;9,751191E-2;9,391507E-1;;
02/12/2021  12:47:16,690263;9,240903E-1;1,155854E-1;1,227865E-1;9,386275E-1;;
02/12/2021  12:47:16,690363;9,239682E-1;1,464877E-1;1,512204E-1;9,381018E-1;;
02/12/2021  12:47:16,690463;9,230234E-1;1,286472E-1;1,287892E-1;9,375745E-1;;
02/12/2021  12:47:16,690563;9,224363E-1;1,305587E-1;1,341600E-1;9,370465E-1;;
02/12/2021  12:47:16,690663;9,235539E-1;1,337445E-1;1,379512E-1;9,365182E-1;;
02/12/2021  12:47:16,690763;9,238877E-1;1,311958E-1;1,281573E-1;9,359906E-1;;
02/12/2021  12:47:16,690863;9,236254E-1;1,337445E-1;1,398468E-1;9,354644E-1;;
02/12/2021  12:47:16,690963;9,227075E-1;1,238685E-1;1,278414E-1;9,349406E-1;;
02/12/2021  12:47:16,691063;9,232141E-1;1,324701E-1;1,272095E-1;9,344200E-1;;
02/12/2021  12:47:16,691163;9,242841E-1;7,990444E-2;9,624818E-2;9,339034E-1;;
02/12/2021  12:47:16,691263;9,248742E-1;1,280100E-1;1,174156E-1;9,333918E-1;;
02/12/2021  12:47:16,691363;9,251185E-1;9,264764E-2;9,940750E-2;9,328862E-1;;
02/12/2021  12:47:16,691463;9,245910E-1;1,238685E-1;1,341600E-1;9,323877E-1;;
02/12/2021  12:47:16,691563;9,262421E-1;1,394789E-1;1,395309E-1;9,318974E-1;;
02/12/2021  12:47:16,691663;9,266921E-1;9,870066E-2;8,108345E-2;9,314164E-1;;
02/12/2021  12:47:16,691763;9,282151E-1;1,264171E-1;1,227865E-1;9,309460E-1;;
02/12/2021  12:47:16,691863;9,278574E-1;1,372488E-1;1,319485E-1;9,304876E-1;;
02/12/2021  12:47:16,691963;9,271213E-1;1,366117E-1;1,313166E-1;9,300424E-1;;
02/12/2021  12:47:16,692063;9,280571E-1;1,311958E-1;1,414265E-1;9,296116E-1;;
02/12/2021  12:47:16,692163;9,288082E-1;4,135626E-2;8,392683E-2;9,291962E-1;;
02/12/2021  12:47:16,692263;9,298036E-1;1,417090E-1;1,404787E-1;9,287972E-1;;
02/12/2021  12:47:16,692363;9,293178E-1;1,292843E-1;1,291051E-1;9,284156E-1;;
02/12/2021  12:47:16,692463;9,280750E-1;1,369303E-1;1,322644E-1;9,280525E-1;;
02/12/2021  12:47:16,692563;9,294728E-1;1,254614E-1;1,060421E-1;9,277085E-1;;
02/12/2021  12:47:16,692663;9,309957E-1;1,420275E-1;1,328963E-1;9,273842E-1;;
02/12/2021  12:47:16,692763;9,312371E-1;1,382046E-1;1,328963E-1;9,270802E-1;;
02/12/2021  12:47:16,692863;9,316245E-1;1,458505E-1;1,518522E-1;9,267973E-1;;
02/12/2021  12:47:16,692963;9,316245E-1;1,245056E-1;1,325804E-1;9,265361E-1;;
02/12/2021  12:47:16,693063;9,326647E-1;1,225942E-1;1,310007E-1;9,262972E-1;;
02/12/2021  12:47:16,693163;9,344499E-1;1,210013E-1;1,354238E-1;9,260810E-1;;
02/12/2021  12:47:16,693263;9,351383E-1;1,305587E-1;1,291051E-1;9,258884E-1;;
02/12/2021  12:47:16,693363;9,346466E-1;1,372488E-1;1,417424E-1;9,257197E-1;;
02/12/2021  12:47:16,693463;9,350877E-1;9,806350E-2;1,436380E-1;9,255757E-1;;
02/12/2021  12:47:16,693563;9,371470E-1;1,232313E-1;1,278414E-1;9,254567E-1;;
02/12/2021  12:47:16,693663;9,368937E-1;1,617795E-1;1,581709E-1;9,253630E-1;;
02/12/2021  12:47:16,693763;9,380709E-1;1,359745E-1;1,373193E-1;9,252951E-1;;
02/12/2021  12:47:16,693863;9,379934E-1;1,299215E-1;1,240502E-1;9,252532E-1;;
02/12/2021  12:47:16,693963;9,370368E-1;1,146297E-1;9,403666E-2;9,252375E-1;;
02/12/2021  12:47:16,694063;9,380113E-1;1,694254E-1;1,862888E-1;9,252479E-1;;
02/12/2021  12:47:16,694163;9,387087E-1;1,487177E-1;1,379512E-1;9,252842E-1;;
02/12/2021  12:47:16,694263;9,391856E-1;1,331073E-1;1,272095E-1;9,253461E-1;;
02/12/2021  12:47:16,694363;9,392064E-1;1,331073E-1;1,262617E-1;9,254332E-1;;
02/12/2021  12:47:16,694463;9,385537E-1;1,203641E-1;1,291051E-1;9,255451E-1;;
02/12/2021  12:47:16,694563;9,399813E-1;1,260985E-1;1,430061E-1;9,256812E-1;;
02/12/2021  12:47:16,694663;9,405297E-1;1,238685E-1;1,265777E-1;9,258409E-1;;
02/12/2021  12:47:16,694763;9,406459E-1;1,108067E-1;1,145722E-1;9,260236E-1;;
02/12/2021  12:47:16,694863;9,404254E-1;1,009307E-1;1,066739E-1;9,262285E-1;;
02/12/2021  12:47:16,694963;9,409976E-1;1,190898E-1;1,085695E-1;9,264549E-1;;
02/12/2021  12:47:16,695063;9,427887E-1;1,197269E-1;1,041465E-1;9,267020E-1;;
02/12/2021  12:47:16,695163;9,427917E-1;9,806350E-2;1,092014E-1;9,269690E-1;;
02/12/2021  12:47:16,695263;9,434236E-1;1,063466E-1;1,158360E-1;9,272553E-1;;
02/12/2021  12:47:16,695363;9,435964E-1;8,691320E-2;1,155200E-1;9,275603E-1;;
02/12/2021  12:47:16,695463;9,446157E-1;1,104881E-1;1,303688E-1;9,278833E-1;;
02/12/2021  12:47:16,695563;9,467734E-1;8,978042E-2;9,624818E-2;9,282235E-1;;
02/12/2021  12:47:16,695663;9,471907E-1;9,710776E-2;1,031987E-1;9,285805E-1;;
02/12/2021  12:47:16,695763;9,480102E-1;1,060280E-1;1,142563E-1;9,289541E-1;;
02/12/2021  12:47:16,695863;9,471757E-1;6,078964E-2;8,645429E-2;9,293437E-1;;
02/12/2021  12:47:16,695963;9,475244E-1;1,104881E-1;1,224705E-1;9,297490E-1;;
02/12/2021  12:47:16,696063;9,491696E-1;1,136739E-1;1,328963E-1;9,301693E-1;;
02/12/2021  12:47:16,696163;9,496166E-1;7,671864E-2;1,073058E-1;9,306040E-1;;
02/12/2021  12:47:16,696263;9,493633E-1;1,034794E-1;1,199431E-1;9,310525E-1;;
02/12/2021  12:47:16,696363;9,484513E-1;1,104881E-1;1,215227E-1;9,315141E-1;;
02/12/2021  12:47:16,696463;9,489848E-1;1,213198E-1;1,300529E-1;9,319882E-1;;
02/12/2021  12:47:16,696563;9,491219E-1;1,079395E-1;1,073058E-1;9,324735E-1;;
02/12/2021  12:47:16,696663;9,497746E-1;1,327887E-1;1,237343E-1;9,329693E-1;;
02/12/2021  12:47:16,696763;9,493216E-1;1,442576E-1;1,461654E-1;9,334743E-1;;
02/12/2021  12:47:16,696863;9,487315E-1;1,347002E-1;1,382671E-1;9,339876E-1;;
02/12/2021  12:47:16,696963;9,493424E-1;1,305587E-1;1,158360E-1;9,345079E-1;;
02/12/2021  12:47:16,697063;9,504958E-1;1,620981E-1;1,423743E-1;9,350341E-1;;
02/12/2021  12:47:16,697163;9,509727E-1;1,770713E-1;1,407946E-1;9,355651E-1;;
02/12/2021  12:47:16,697263;9,509965E-1;1,821686E-1;1,802861E-1;9,361000E-1;;
02/12/2021  12:47:16,697363;9,509279E-1;1,652839E-1;1,373193E-1;9,366377E-1;;
02/12/2021  12:47:16,697463;9,519532E-1;1,053908E-1;1,249980E-1;9,371776E-1;;
02/12/2021  12:47:16,697563;9,533927E-1;1,630538E-1;1,768108E-1;9,377187E-1;;
02/12/2021  12:47:16,697663;9,535774E-1;1,630538E-1;1,528000E-1;9,382603E-1;;
02/12/2021  12:47:16,697763;9,533509E-1;1,493549E-1;1,546956E-1;9,388020E-1;;
02/12/2021  12:47:16,697863;9,531006E-1;1,350188E-1;1,357397E-1;9,393433E-1;;
02/12/2021  12:47:16,697963;9,538248E-1;4,772786E-2;6,117973E-2;9,398834E-1;;
02/12/2021  12:47:16,698063;9,548649E-1;1,331073E-1;1,303688E-1;9,404218E-1;;
02/12/2021  12:47:16,698163;9,546235E-1;1,324701E-1;1,237343E-1;9,409579E-1;;
02/12/2021  12:47:16,698263;9,541944E-1;1,245056E-1;1,256299E-1;9,414914E-1;;
02/12/2021  12:47:16,698363;9,536788E-1;1,264171E-1;1,300529E-1;9,420215E-1;;
02/12/2021  12:47:16,698463;9,547427E-1;1,388417E-1;1,351078E-1;9,425477E-1;;
02/12/2021  12:47:16,698563;9,550408E-1;1,318330E-1;1,278414E-1;9,430694E-1;;
02/12/2021  12:47:16,698663;9,543493E-1;1,082581E-1;1,300529E-1;9,435858E-1;;
02/12/2021  12:47:16,698763;9,537741E-1;1,171783E-1;1,183634E-1;9,440966E-1;;
02/12/2021  12:47:16,698863;9,535953E-1;1,391603E-1;1,281573E-1;9,446008E-1;;
02/12/2021  12:47:16,698963;9,543106E-1;1,334259E-1;1,316326E-1;9,450979E-1;;
02/12/2021  12:47:16,699063;9,550437E-1;1,178155E-1;1,256299E-1;9,455870E-1;;
02/12/2021  12:47:16,699163;9,545192E-1;1,241871E-1;1,300529E-1;9,460677E-1;;
02/12/2021  12:47:16,699263;9,537264E-1;1,366117E-1;1,316326E-1;9,465394E-1;;
02/12/2021  12:47:16,699363;9,533778E-1;4,390490E-2;1,098333E-1;9,470015E-1;;
02/12/2021  12:47:16,699463;9,535774E-1;1,359745E-1;1,303688E-1;9,474533E-1;;
02/12/2021  12:47:16,699563;9,530261E-1;1,257800E-1;1,243661E-1;9,478941E-1;;
02/12/2021  12:47:16,699663;9,523257E-1;1,210013E-1;1,152041E-1;9,483233E-1;;
02/12/2021  12:47:16,699763;9,508117E-1;9,041758E-2;1,253139E-1;9,487401E-1;;
02/12/2021  12:47:16,699863;9,503587E-1;1,292843E-1;1,303688E-1;9,491435E-1;;
02/12/2021  12:47:16,699963;9,502008E-1;1,299215E-1;1,167838E-1;9,495326E-1;;
02/12/2021  12:47:16,700063;9,496315E-1;1,031608E-1;1,196272E-1;9,499064E-1;;
02/12/2021  12:47:16,700163;9,487762E-1;1,238685E-1;1,316326E-1;9,502639E-1;;
02/12/2021  12:47:16,700263;9,474261E-1;6,493118E-2;9,814378E-2;9,506043E-1;;
02/12/2021  12:47:16,700363;9,476377E-1;9,583344E-2;1,028828E-1;9,509264E-1;;
02/12/2021  12:47:16,700463;9,478493E-1;1,203641E-1;1,231024E-1;9,512293E-1;;
02/12/2021  12:47:16,700563;9,479745E-1;1,273729E-1;1,328963E-1;9,515123E-1;;
02/12/2021  12:47:16,700663;9,471340E-1;1,442576E-1;1,430061E-1;9,517748E-1;;
02/12/2021  12:47:16,700763;9,456081E-1;1,155854E-1;1,180475E-1;9,520163E-1;;
02/12/2021  12:47:16,700863;9,458465E-1;1,069837E-1;9,972343E-2;9,522361E-1;;
02/12/2021  12:47:16,700963;9,467943E-1;1,082581E-1;9,435259E-2;9,524339E-1;;
02/12/2021  12:47:16,701063;9,456498E-1;1,395838E-2;7,855599E-2;9,526093E-1;;
02/12/2021  12:47:16,701163;9,450210E-1;1,257800E-1;1,332122E-1;9,527621E-1;;
02/12/2021  12:47:16,701263;9,434861E-1;1,225942E-1;1,287892E-1;9,528921E-1;;
02/12/2021  12:47:16,701363;9,439958E-1;1,254614E-1;1,069899E-1;9,529991E-1;;
02/12/2021  12:47:16,701463;9,445352E-1;1,101695E-1;1,180475E-1;9,530829E-1;;
02/12/2021  12:47:16,701563;9,439481E-1;1,181340E-1;1,240502E-1;9,531437E-1;;
02/12/2021  12:47:16,701663;9,426844E-1;4,040052E-2;7,855599E-2;9,531814E-1;;
02/12/2021  12:47:16,701763;9,413969E-1;1,162226E-1;1,107811E-1;9,531963E-1;;
02/12/2021  12:47:16,701863;9,420377E-1;1,219570E-1;1,401627E-1;9,531884E-1;;
02/12/2021  12:47:16,701963;9,423059E-1;1,407532E-1;1,588027E-1;9,531577E-1;;
02/12/2021  12:47:16,702063;9,427530E-1;1,289658E-1;1,310007E-1;9,531048E-1;;
02/12/2021  12:47:16,702163;9,415489E-1;1,190898E-1;1,196272E-1;9,530300E-1;;
02/12/2021  12:47:16,702263;9,413135E-1;1,120810E-1;1,170997E-1;9,529339E-1;;
02/12/2021  12:47:16,702363;9,425205E-1;1,238685E-1;1,259458E-1;9,528172E-1;;
02/12/2021  12:47:16,702463;9,432537E-1;1,219570E-1;1,278414E-1;9,526806E-1;;
02/12/2021  12:47:16,702563;9,432954E-1;1,213198E-1;1,287892E-1;9,525251E-1;;
02/12/2021  12:47:16,702663;9,422285E-1;1,289658E-1;1,193112E-1;9,523519E-1;;
02/12/2021  12:47:16,702763;9,420228E-1;1,324701E-1;1,319485E-1;9,521622E-1;;
02/12/2021  12:47:16,702863;9,425324E-1;1,210013E-1;1,347919E-1;9,519569E-1;;
02/12/2021  12:47:16,702963;9,432626E-1;1,219570E-1;1,275255E-1;9,517371E-1;;
02/12/2021  12:47:16,703063;9,422314E-1;1,308772E-1;1,471132E-1;9,515042E-1;;
02/12/2021  12:47:16,703163;9,412002E-1;1,152668E-1;1,196272E-1;9,512591E-1;;
02/12/2021  12:47:16,703263;9,402138E-1;1,241871E-1;1,303688E-1;9,510030E-1;;
02/12/2021  12:47:16,703363;9,414357E-1;1,213198E-1;1,294210E-1;9,507367E-1;;
02/12/2021  12:47:16,703463;9,403479E-1;1,280100E-1;1,208909E-1;9,504610E-1;;
02/12/2021  12:47:16,703563;9,396386E-1;1,095324E-1;1,212068E-1;9,501767E-1;;
02/12/2021  12:47:16,703663;9,378355E-1;1,155854E-1;1,745993E-1;9,498846E-1;;
02/12/2021  12:47:16,703763;9,370159E-1;1,194084E-1;1,316326E-1;9,495850E-1;;
02/12/2021  12:47:16,703863;9,368460E-1;1,162226E-1;1,430061E-1;9,492784E-1;;
02/12/2021  12:47:16,703963;9,358566E-1;9,519628E-2;1,092014E-1;9,489648E-1;;
02/12/2021  12:47:16,704063;9,349208E-1;1,092138E-1;1,082536E-1;9,486444E-1;;
02/12/2021  12:47:16,704163;9,335379E-1;2,156195E-1;1,862888E-1;9,483173E-1;;
02/12/2021  12:47:16,704263;9,337108E-1;9,169190E-2;1,325804E-1;9,479833E-1;;
02/12/2021  12:47:16,704363;9,337972E-1;9,965640E-2;1,031987E-1;9,476425E-1;;
02/12/2021  12:47:16,704463;9,335319E-1;1,241871E-1;1,322644E-1;9,472949E-1;;
02/12/2021  12:47:16,704563;9,327422E-1;1,340630E-1;1,284732E-1;9,469405E-1;;
02/12/2021  12:47:16,704663;9,324829E-1;1,219570E-1;1,335282E-1;9,465797E-1;;
02/12/2021  12:47:16,704763;9,325604E-1;1,162226E-1;9,972343E-2;9,462125E-1;;
02/12/2021  12:47:16,704863;9,347211E-1;1,213198E-1;1,259458E-1;9,458392E-1;;
02/12/2021  12:47:16,704963;9,345303E-1;1,283286E-1;1,373193E-1;9,454605E-1;;
02/12/2021  12:47:16,705063;9,344081E-1;1,382046E-1;1,287892E-1;9,450772E-1;;
02/12/2021  12:47:16,705163;9,335796E-1;1,273729E-1;1,294210E-1;9,446901E-1;;
02/12/2021  12:47:16,705263;9,344856E-1;9,838208E-2;1,148882E-1;9,443000E-1;;
02/12/2021  12:47:16,705363;9,357165E-1;1,162226E-1;1,073058E-1;9,439078E-1;;
02/12/2021  12:47:16,705463;9,360890E-1;1,356559E-1;1,259458E-1;9,435145E-1;;
02/12/2021  12:47:16,705563;9,351353E-1;1,391603E-1;1,622780E-1;9,431214E-1;;
02/12/2021  12:47:16,705663;9,348761E-1;9,774492E-2;1,085695E-1;9,427294E-1;;
02/12/2021  12:47:16,705763;9,353887E-1;1,283286E-1;1,227865E-1;9,423396E-1;;
02/12/2021  12:47:16,705863;9,359847E-1;1,315144E-1;1,262617E-1;9,419528E-1;;
02/12/2021  12:47:16,705963;9,359251E-1;1,210013E-1;1,237343E-1;9,415702E-1;;
02/12/2021  12:47:16,706063;9,348284E-1;1,213198E-1;1,344760E-1;9,411925E-1;;
02/12/2021  12:47:16,706163;9,346883E-1;1,079395E-1;1,006712E-1;9,408207E-1;;
02/12/2021  12:47:16,706263;9,350608E-1;1,455319E-1;1,417424E-1;9,404554E-1;;
02/12/2021  12:47:16,706363;9,354900E-1;1,302401E-1;1,682807E-1;9,400972E-1;;
02/12/2021  12:47:16,706463;9,355764E-1;1,254614E-1;1,205749E-1;9,397467E-1;;
02/12/2021  12:47:16,706563;9,348701E-1;8,436456E-2;9,150920E-2;9,394046E-1;;
02/12/2021  12:47:16,706663;9,341936E-1;1,311958E-1;1,347919E-1;9,390714E-1;;
02/12/2021  12:47:16,706763;9,357076E-1;9,392196E-2;8,929768E-2;9,387475E-1;;
02/12/2021  12:47:16,706863;9,365450E-1;1,149482E-1;1,379512E-1;9,384333E-1;;
02/12/2021  12:47:16,706963;9,363275E-1;1,270543E-1;1,265777E-1;9,381293E-1;;
02/12/2021  12:47:16,707063;9,364526E-1;1,257800E-1;1,306848E-1;9,378362E-1;;
02/12/2021  12:47:16,707163;9,362023E-1;1,372488E-1;1,344760E-1;9,375545E-1;;
02/12/2021  12:47:16,707263;9,379219E-1;1,350188E-1;1,227865E-1;9,372847E-1;;
02/12/2021  12:47:16,707363;9,387594E-1;1,420275E-1;1,351078E-1;9,370272E-1;;
02/12/2021  12:47:16,707463;9,384226E-1;1,200455E-1;1,344760E-1;9,367828E-1;;
02/12/2021  12:47:16,707563;9,366404E-1;1,353374E-1;1,366875E-1;9,365521E-1;;
02/12/2021  12:47:16,707663;9,372752E-1;1,283286E-1;1,306848E-1;9,363353E-1;;
02/12/2021  12:47:16,707763;9,384315E-1;9,455912E-2;1,133085E-1;9,361327E-1;;
02/12/2021  12:47:16,707863;9,381544E-1;1,031608E-1;1,110970E-1;9,359444E-1;;
02/12/2021  12:47:16,707963;9,376418E-1;1,152668E-1;1,278414E-1;9,357707E-1;;
02/12/2021  12:47:16,708063;9,362112E-1;1,286472E-1;1,310007E-1;9,356114E-1;;
02/12/2021  12:47:16,708163;9,367447E-1;1,063466E-1;1,379512E-1;9,354665E-1;;
02/12/2021  12:47:16,708263;9,371053E-1;1,085766E-1;1,218387E-1;9,353355E-1;;
02/12/2021  12:47:16,708363;9,370338E-1;1,159040E-1;1,180475E-1;9,352182E-1;;
02/12/2021  12:47:16,708463;9,365182E-1;1,044351E-1;1,212068E-1;9,351141E-1;;
02/12/2021  12:47:16,708563;9,357165E-1;1,028422E-1;8,424277E-2;9,350229E-1;;
02/12/2021  12:47:16,708663;9,355883E-1;1,098510E-1;1,316326E-1;9,349439E-1;;
02/12/2021  12:47:16,708763;9,364347E-1;1,015679E-1;1,556434E-1;9,348766E-1;;
02/12/2021  12:47:16,708863;9,374808E-1;1,133553E-1;1,180475E-1;9,348202E-1;;
02/12/2021  12:47:16,708963;9,368937E-1;1,296029E-1;1,316326E-1;9,347744E-1;;
02/12/2021  12:47:16,709063;9,361576E-1;1,197269E-1;1,019350E-1;9,347389E-1;;
02/12/2021  12:47:16,709163;9,369205E-1;9,424054E-2;1,117289E-1;9,347130E-1;;
02/12/2021  12:47:16,709263;9,386431E-1;5,951532E-2;8,645429E-2;9,346963E-1;;
02/12/2021  12:47:16,709363;9,384584E-1;1,104881E-1;1,212068E-1;9,346886E-1;;
02/12/2021  12:47:16,709463;9,387773E-1;9,583344E-2;1,035146E-1;9,346897E-1;;
02/12/2021  12:47:16,709563;9,380560E-1;9,710776E-2;1,114129E-1;9,346995E-1;;
02/12/2021  12:47:16,709663;9,388577E-1;5,824100E-2;7,381701E-2;9,347178E-1;;
02/12/2021  12:47:16,709763;9,396088E-1;1,133553E-1;1,158360E-1;9,347442E-1;;
02/12/2021  12:47:16,709863;9,398472E-1;3,498466E-2;7,855599E-2;9,347788E-1;;
02/12/2021  12:47:16,709963;9,396535E-1;1,200455E-1;1,272095E-1;9,348214E-1;;
02/12/2021  12:47:16,710063;9,391826E-1;9,455912E-2;1,164678E-1;9,348719E-1;;
02/12/2021  12:47:16,710163;9,394747E-1;7,002846E-2;6,433905E-2;9,349300E-1;;
02/12/2021  12:47:16,710263;9,405923E-1;1,114439E-1;1,082536E-1;9,349956E-1;;
02/12/2021  12:47:16,710363;9,400260E-1;1,413904E-1;1,224705E-1;9,350683E-1;;
02/12/2021  12:47:16,710463;9,384792E-1;1,745227E-1;1,670170E-1;9,351480E-1;;
02/12/2021  12:47:16,710563;9,377997E-1;1,448948E-1;1,189953E-1;9,352342E-1;;
02/12/2021  12:47:16,710663;9,377193E-1;1,831244E-1;1,641736E-1;9,353263E-1;;
02/12/2021  12:47:16,710763;9,384315E-1;1,831244E-1;1,945030E-1;9,354234E-1;;
02/12/2021  12:47:16,710863;9,378444E-1;1,646467E-1;1,505885E-1;9,355249E-1;;
02/12/2021  12:47:16,710963;9,371530E-1;1,254614E-1;1,183634E-1;9,356301E-1;;
02/12/2021  12:47:16,711063;9,362559E-1;1,652839E-1;1,543797E-1;9,357382E-1;;
02/12/2021  12:47:16,711163;9,364914E-1;1,945932E-1;2,336786E-1;9,358484E-1;;
02/12/2021  12:47:16,711263;9,373110E-1;1,267357E-1;1,404787E-1;9,359597E-1;;
02/12/2021  12:47:16,711363;9,367805E-1;1,318330E-1;1,316326E-1;9,360714E-1;;
02/12/2021  12:47:16,711463;9,352933E-1;1,308772E-1;1,310007E-1;9,361828E-1;;
02/12/2021  12:47:16,711563;9,350221E-1;1,375674E-1;1,341600E-1;9,362930E-1;;
02/12/2021  12:47:16,711663;9,356956E-1;1,283286E-1;1,354238E-1;9,364014E-1;;
02/12/2021  12:47:16,711763;9,360443E-1;1,315144E-1;1,306848E-1;9,365069E-1;;
02/12/2021  12:47:16,711863;9,357791E-1;1,420275E-1;1,344760E-1;9,366091E-1;;
02/12/2021  12:47:16,711963;9,352784E-1;1,280100E-1;1,322644E-1;9,367073E-1;;
02/12/2021  12:47:16,712063;9,350966E-1;1,327887E-1;1,354238E-1;9,368011E-1;;
02/12/2021  12:47:16,712163;9,359430E-1;1,391603E-1;1,420583E-1;9,368900E-1;;
02/12/2021  12:47:16,712263;9,361606E-1;1,174969E-1;1,234183E-1;9,369735E-1;;
02/12/2021  12:47:16,712363;9,355198E-1;1,229127E-1;1,313166E-1;9,370515E-1;;
02/12/2021  12:47:16,712463;9,354602E-1;1,407532E-1;1,385831E-1;9,371237E-1;;
02/12/2021  12:47:16,712563;9,357463E-1;2,638300E-2;1,117289E-1;9,371900E-1;;
02/12/2021  12:47:16,712663;9,366821E-1;1,334259E-1;1,385831E-1;9,372502E-1;;
02/12/2021  12:47:16,712763;9,368132E-1;1,337445E-1;1,344760E-1;9,373043E-1;;
02/12/2021  12:47:16,712863;9,362857E-1;1,343816E-1;1,344760E-1;9,373526E-1;;
02/12/2021  12:47:16,712963;9,356390E-1;3,498466E-2;9,940750E-2;9,373950E-1;;
02/12/2021  12:47:16,713063;9,361933E-1;1,229127E-1;1,328963E-1;9,374318E-1;;
02/12/2021  12:47:16,713163;9,370338E-1;1,108067E-1;1,569071E-1;9,374630E-1;;
02/12/2021  12:47:16,713263;9,364288E-1;1,439390E-1;1,366875E-1;9,374887E-1;;
02/12/2021  12:47:16,713363;9,359609E-1;1,343816E-1;1,335282E-1;9,375093E-1;;
02/12/2021  12:47:16,713463;9,350906E-1;3,116170E-2;6,813023E-2;9,375249E-1;;
02/12/2021  12:47:16,713563;9,353440E-1;1,340630E-1;1,291051E-1;9,375355E-1;;
02/12/2021  12:47:16,713663;9,352575E-1;1,362931E-1;1,253139E-1;9,375411E-1;;
02/12/2021  12:47:16,713763;9,347866E-1;1,321516E-1;1,310007E-1;9,375417E-1;;
02/12/2021  12:47:16,713863;9,344141E-1;1,203641E-1;1,208909E-1;9,375373E-1;;
02/12/2021  12:47:16,713963;9,339045E-1;1,108067E-1;1,177316E-1;9,375279E-1;;
02/12/2021  12:47:16,714063;9,351592E-1;1,149482E-1;1,218387E-1;9,375133E-1;;
02/12/2021  12:47:16,714163;9,351622E-1;1,378860E-1;1,139404E-1;9,374936E-1;;
02/12/2021  12:47:16,714263;9,345333E-1;2,128572E-2;6,591871E-2;9,374690E-1;;
02/12/2021  12:47:16,714363;9,342174E-1;1,200455E-1;1,237343E-1;9,374395E-1;;
02/12/2021  12:47:16,714463;9,332965E-1;1,225942E-1;1,297370E-1;9,374053E-1;;
02/12/2021  12:47:16,714563;9,344827E-1;1,429833E-1;1,420583E-1;9,373664E-1;;
02/12/2021  12:47:16,714663;9,354840E-1;1,340630E-1;1,186794E-1;9,373228E-1;;
02/12/2021  12:47:16,714763;9,351055E-1;1,184526E-1;1,227865E-1;9,372748E-1;;
02/12/2021  12:47:16,714863;9,351204E-1;1,238685E-1;1,278414E-1;9,372228E-1;;
02/12/2021  12:47:16,714963;9,342740E-1;1,044351E-1;1,167838E-1;9,371672E-1;;
02/12/2021  12:47:16,715063;9,354304E-1;1,458505E-1;1,249980E-1;9,371082E-1;;
02/12/2021  12:47:16,715163;9,355228E-1;1,493549E-1;1,843932E-1;9,370462E-1;;
02/12/2021  12:47:16,715263;9,341310E-1;1,315144E-1;1,262617E-1;9,369815E-1;;
02/12/2021  12:47:16,715363;9,345601E-1;1,894960E-1;1,711241E-1;9,369144E-1;;
02/12/2021  12:47:16,715463;9,340624E-1;1,296029E-1;1,385831E-1;9,368452E-1;;
02/12/2021  12:47:16,715563;9,341697E-1;1,254614E-1;1,199431E-1;9,367740E-1;;
02/12/2021  12:47:16,715663;9,345542E-1;1,251428E-1;1,246821E-1;9,367009E-1;;
02/12/2021  12:47:16,715763;9,337644E-1;1,139925E-1;1,145722E-1;9,366262E-1;;
02/12/2021  12:47:16,715863;9,334574E-1;1,366117E-1;1,411105E-1;9,365499E-1;;
02/12/2021  12:47:16,715963;9,332786E-1;1,302401E-1;1,281573E-1;9,364722E-1;;
02/12/2021  12:47:16,716063;9,348999E-1;1,331073E-1;1,243661E-1;9,363932E-1;;
02/12/2021  12:47:16,716163;9,351711E-1;9,997498E-2;1,142563E-1;9,363129E-1;;
02/12/2021  12:47:16,716263;9,350102E-1;1,404346E-1;1,629098E-1;9,362319E-1;;
02/12/2021  12:47:16,716363;9,341757E-1;1,289658E-1;1,259458E-1;9,361504E-1;;
02/12/2021  12:47:16,716463;9,345035E-1;1,178155E-1;1,237343E-1;9,360689E-1;;
02/12/2021  12:47:16,716563;9,354840E-1;1,098510E-1;1,328963E-1;9,359875E-1;;
02/12/2021  12:47:16,716663;9,351651E-1;1,353374E-1;1,388990E-1;9,359066E-1;;
02/12/2021  12:47:16,716763;9,359221E-1;2,181682E-1;2,169342E-1;9,358266E-1;;
02/12/2021  12:47:16,716863;9,347628E-1;1,232313E-1;1,319485E-1;9,357478E-1;;
02/12/2021  12:47:16,716963;9,346823E-1;8,500172E-2;1,016190E-1;9,356705E-1;;
02/12/2021  12:47:16,717063;9,358804E-1;1,267357E-1;1,265777E-1;9,355951E-1;;
02/12/2021  12:47:16,717163;9,358953E-1;1,394789E-1;1,373193E-1;9,355218E-1;;
02/12/2021  12:47:16,717263;9,355198E-1;8,786894E-2;8,424277E-2;9,354508E-1;;
02/12/2021  12:47:16,717363;9,356062E-1;1,442576E-1;1,591187E-1;9,353825E-1;;
02/12/2021  12:47:16,717463;9,356986E-1;1,327887E-1;1,186794E-1;9,353172E-1;;
02/12/2021  12:47:16,717563;9,366553E-1;1,123996E-1;1,016190E-1;9,352550E-1;;
02/12/2021  12:47:16,717663;9,369921E-1;1,305587E-1;1,303688E-1;9,351962E-1;;
02/12/2021  12:47:16,717763;9,365778E-1;7,544432E-2;9,119327E-2;9,351413E-1;;
02/12/2021  12:47:16,717863;9,363722E-1;9,360338E-2;9,624818E-2;9,350906E-1;;
02/12/2021  12:47:16,717963;9,376626E-1;1,229127E-1;1,189953E-1;9,350442E-1;;
02/12/2021  12:47:16,718063;9,387564E-1;7,990444E-2;9,308886E-2;9,350026E-1;;
02/12/2021  12:47:16,718163;9,394150E-1;1,391603E-1;1,294210E-1;9,349661E-1;;
02/12/2021  12:47:16,718263;9,391379E-1;1,159040E-1;1,240502E-1;9,349354E-1;;
02/12/2021  12:47:16,718363;9,391766E-1;1,203641E-1;1,028828E-1;9,349110E-1;;
02/12/2021  12:47:16,718463;9,394598E-1;1,280100E-1;1,815498E-1;9,348934E-1;;
02/12/2021  12:47:16,718563;9,409648E-1;1,331073E-1;1,370034E-1;9,348829E-1;;
02/12/2021  12:47:16,718663;9,413373E-1;1,165411E-1;1,199431E-1;9,348800E-1;;
02/12/2021  12:47:16,718763;9,418976E-1;1,245056E-1;1,272095E-1;9,348853E-1;;
02/12/2021  12:47:16,718863;9,420675E-1;1,522221E-1;1,303688E-1;9,348994E-1;;
02/12/2021  12:47:16,718963;9,426308E-1;1,206827E-1;1,076217E-1;9,349227E-1;;
02/12/2021  12:47:16,719063;9,437335E-1;1,458505E-1;1,360556E-1;9,349557E-1;;
02/12/2021  12:47:16,719163;9,444249E-1;1,127182E-1;1,180475E-1;9,349991E-1;;
02/12/2021  12:47:16,719263;9,446961E-1;1,318330E-1;1,534319E-1;9,350532E-1;;
02/12/2021  12:47:16,719363;9,442491E-1;1,098510E-1;8,550650E-2;9,351188E-1;;
02/12/2021  12:47:16,719463;9,456707E-1;1,433019E-1;1,319485E-1;9,351960E-1;;
02/12/2021  12:47:16,719563;9,470446E-1;1,761156E-1;1,885003E-1;9,352854E-1;;
02/12/2021  12:47:16,719663;9,477033E-1;1,232313E-1;1,243661E-1;9,353874E-1;;
02/12/2021  12:47:16,719763;9,480102E-1;6,939130E-2;9,466852E-2;9,355026E-1;;
02/12/2021  12:47:16,719863;9,488358E-1;1,210013E-1;1,202590E-1;9,356313E-1;;
02/12/2021  12:47:16,719963;9,504243E-1;1,104881E-1;1,082536E-1;9,357742E-1;;
02/12/2021  12:47:16,720063;9,520903E-1;1,082581E-1;1,231024E-1;9,359317E-1;;
02/12/2021  12:47:16,720163;9,521648E-1;1,315144E-1;1,316326E-1;9,361044E-1;;
02/12/2021  12:47:16,720263;9,524032E-1;1,280100E-1;1,057261E-1;9,362931E-1;;
02/12/2021  12:47:16,720363;9,533509E-1;1,143111E-1;1,189953E-1;9,364983E-1;;
02/12/2021  12:47:16,720463;9,554640E-1;1,327887E-1;1,388990E-1;9,367202E-1;;
02/12/2021  12:47:16,720563;9,562746E-1;1,251428E-1;1,287892E-1;9,369595E-1;;
02/12/2021  12:47:16,720663;9,565160E-1;1,382046E-1;1,436380E-1;9,372168E-1;;
02/12/2021  12:47:16,720763;9,573475E-1;1,108067E-1;1,237343E-1;9,374924E-1;;
02/12/2021  12:47:16,720863;9,580628E-1;1,308772E-1;1,297370E-1;9,377868E-1;;
02/12/2021  12:47:16,720963;9,596394E-1;1,337445E-1;1,458495E-1;9,381003E-1;;
02/12/2021  12:47:16,721063;9,605752E-1;1,120810E-1;1,272095E-1;9,384331E-1;;
02/12/2021  12:47:16,721163;9,602205E-1;1,133553E-1;1,319485E-1;9,387855E-1;;
02/12/2021  12:47:16,721263;9,597675E-1;1,225942E-1;1,265777E-1;9,391577E-1;;
02/12/2021  12:47:16,721363;9,614544E-1;-1,758104E-2;7,760819E-2;9,395495E-1;;
02/12/2021  12:47:16,721463;9,612934E-1;1,018865E-1;1,167838E-1;9,399607E-1;;
02/12/2021  12:47:16,721563;9,617345E-1;1,092138E-1;1,221546E-1;9,403909E-1;;
02/12/2021  12:47:16,721663;9,619402E-1;1,108067E-1;1,161519E-1;9,408397E-1;;
02/12/2021  12:47:16,721763;9,614961E-1;1,178155E-1;1,303688E-1;9,413064E-1;;
02/12/2021  12:47:16,721863;9,616451E-1;9,678918E-2;1,275255E-1;9,417903E-1;;
02/12/2021  12:47:16,721963;9,626197E-1;1,028422E-1;1,234183E-1;9,422905E-1;;
02/12/2021  12:47:16,722063;9,626822E-1;9,774492E-2;1,167838E-1;9,428061E-1;;
02/12/2021  12:47:16,722163;9,620594E-1;8,914326E-2;9,308886E-2;9,433360E-1;;
02/12/2021  12:47:16,722263;9,622322E-1;9,742634E-2;1,174156E-1;9,438791E-1;;
02/12/2021  12:47:16,722363;9,629535E-1;7,831154E-2;9,719598E-2;9,444342E-1;;
02/12/2021  12:47:16,722463;9,636687E-1;8,340882E-2;1,114129E-1;9,450000E-1;;
02/12/2021  12:47:16,722563;9,635227E-1;8,882468E-2;1,092014E-1;9,455755E-1;;
02/12/2021  12:47:16,722663;9,635406E-1;8,691320E-2;1,031987E-1;9,461594E-1;;
02/12/2021  12:47:16,722763;9,639668E-1;9,424054E-2;1,114129E-1;9,467506E-1;;
02/12/2021  12:47:16,722863;9,645062E-1;9,647060E-2;1,145722E-1;9,473478E-1;;
02/12/2021  12:47:16,722963;9,657669E-1;7,257710E-2;6,718244E-2;9,479500E-1;;
02/12/2021  12:47:16,723063;9,659576E-1;6,429402E-2;6,149566E-2;9,485562E-1;;
02/12/2021  12:47:16,723163;9,652781E-1;9,901924E-2;1,212068E-1;9,491654E-1;;
02/12/2021  12:47:16,723263;9,646403E-1;1,057094E-1;1,512204E-1;9,497766E-1;;
02/12/2021  12:47:16,723363;9,650307E-1;1,391603E-1;1,338441E-1;9,503888E-1;;
02/12/2021  12:47:16,723463;9,657192E-1;1,353374E-1;1,325804E-1;9,510007E-1;;
02/12/2021  12:47:16,723563;9,660142E-1;9,774492E-2;9,308886E-2;9,516112E-1;;
02/12/2021  12:47:16,723663;9,653675E-1;1,477620E-1;1,385831E-1;9,522194E-1;;
02/12/2021  12:47:16,723763;9,653079E-1;1,461691E-1;1,253139E-1;9,528242E-1;;
02/12/2021  12:47:16,723863;9,663808E-1;1,534964E-1;1,565912E-1;9,534246E-1;;
02/12/2021  12:47:16,723963;9,667444E-1;1,662396E-1;2,065085E-1;9,540195E-1;;
02/12/2021  12:47:16,724063;9,665924E-1;1,541336E-1;1,332122E-1;9,546083E-1;;
02/12/2021  12:47:16,724163;9,657788E-1;-1,184660E-2;7,981972E-2;9,551900E-1;;
02/12/2021  12:47:16,724263;9,659665E-1;1,296029E-1;1,338441E-1;9,557639E-1;;
02/12/2021  12:47:16,724363;9,665715E-1;1,264171E-1;1,287892E-1;9,563291E-1;;
02/12/2021  12:47:16,724463;9,666282E-1;1,206827E-1;1,294210E-1;9,568848E-1;;
02/12/2021  12:47:16,724563;9,665805E-1;1,194084E-1;1,281573E-1;9,574303E-1;;
02/12/2021  12:47:16,724663;9,653675E-1;1,178155E-1;1,268936E-1;9,579649E-1;;
02/12/2021  12:47:16,724763;9,651917E-1;1,159040E-1;1,199431E-1;9,584880E-1;;
02/12/2021  12:47:16,724863;9,651678E-1;1,184526E-1;1,231024E-1;9,589985E-1;;
02/12/2021  12:47:16,724963;9,652334E-1;1,369303E-1;1,433221E-1;9,594958E-1;;
02/12/2021  12:47:16,725063;9,647297E-1;1,611423E-1;1,787064E-1;9,599791E-1;;
02/12/2021  12:47:16,725163;9,641694E-1;1,327887E-1;1,259458E-1;9,604476E-1;;
02/12/2021  12:47:16,725263;9,626673E-1;1,149482E-1;1,278414E-1;9,609007E-1;;
02/12/2021  12:47:16,725363;9,633320E-1;1,120810E-1;1,310007E-1;9,613373E-1;;
02/12/2021  12:47:16,725463;9,625481E-1;1,331073E-1;1,401627E-1;9,617568E-1;;
02/12/2021  12:47:16,725563;9,615646E-1;1,305587E-1;1,300529E-1;9,621582E-1;;
02/12/2021  12:47:16,725663;9,607898E-1;1,280100E-1;1,256299E-1;9,625408E-1;;
02/12/2021  12:47:16,725763;9,602295E-1;1,044351E-1;1,155200E-1;9,629037E-1;;
02/12/2021  12:47:16,725863;9,602444E-1;1,442576E-1;1,442698E-1;9,632460E-1;;
02/12/2021  12:47:16,725963;9,596990E-1;1,210013E-1;1,161519E-1;9,635669E-1;;
02/12/2021  12:47:16,726063;9,585963E-1;2,351578E-2;5,359736E-2;9,638658E-1;;
02/12/2021  12:47:16,726163;9,568587E-1;1,200455E-1;1,679647E-1;9,641420E-1;;
02/12/2021  12:47:16,726263;9,558961E-1;1,200455E-1;1,196272E-1;9,643945E-1;;
02/12/2021  12:47:16,726363;9,557650E-1;1,382046E-1;1,771268E-1;9,646226E-1;;
02/12/2021  12:47:16,726463;9,550080E-1;1,178155E-1;1,212068E-1;9,648255E-1;;
02/12/2021  12:47:16,726563;9,538933E-1;1,187712E-1;1,180475E-1;9,650023E-1;;
02/12/2021  12:47:16,726663;9,522333E-1;1,101695E-1;1,278414E-1;9,651524E-1;;
02/12/2021  12:47:16,726763;9,518489E-1;1,292843E-1;1,351078E-1;9,652751E-1;;
02/12/2021  12:47:16,726863;9,522899E-1;1,190898E-1;1,341600E-1;9,653696E-1;;
02/12/2021  12:47:16,726963;9,510263E-1;1,139925E-1;1,215227E-1;9,654356E-1;;
02/12/2021  12:47:16,727063;9,500696E-1;1,225942E-1;1,253139E-1;9,654725E-1;;
02/12/2021  12:47:16,727163;9,489133E-1;1,283286E-1;1,139404E-1;9,654801E-1;;
02/12/2021  12:47:16,727263;9,482010E-1;1,439390E-1;1,919756E-1;9,654582E-1;;
02/12/2021  12:47:16,727363;9,482546E-1;2,670158E-2;8,424277E-2;9,654063E-1;;
02/12/2021  12:47:16,727463;9,470267E-1;1,229127E-1;1,256299E-1;9,653245E-1;;
02/12/2021  12:47:16,727563;9,452743E-1;1,337445E-1;1,385831E-1;9,652127E-1;;
02/12/2021  12:47:16,727663;9,439600E-1;8,627604E-2;9,845971E-2;9,650707E-1;;
02/12/2021  12:47:16,727763;9,433580E-1;7,905358E-3;5,170177E-2;9,648985E-1;;
02/12/2021  12:47:16,727863;9,428364E-1;1,245056E-1;1,142563E-1;9,646960E-1;;
02/12/2021  12:47:16,727963;9,409618E-1;1,264171E-1;1,164678E-1;9,644631E-1;;
02/12/2021  12:47:16,728063;9,393018E-1;1,302401E-1;1,572231E-1;9,641998E-1;;
02/12/2021  12:47:16,728163;9,379011E-1;1,283286E-1;1,275255E-1;9,639061E-1;;
02/12/2021  12:47:16,728263;9,363662E-1;1,222756E-1;1,237343E-1;9,635818E-1;;
02/12/2021  12:47:16,728363;9,355198E-1;1,656025E-1;1,837613E-1;9,632267E-1;;
02/12/2021  12:47:16,728463;9,331415E-1;1,324701E-1;1,322644E-1;9,628407E-1;;
02/12/2021  12:47:16,728563;9,318659E-1;1,901331E-1;1,859729E-1;9,624235E-1;;
02/12/2021  12:47:16,728663;9,298334E-1;1,308772E-1;1,215227E-1;9,619750E-1;;
02/12/2021  12:47:16,728763;9,292850E-1;7,799296E-2;9,182514E-2;9,614949E-1;;
02/12/2021  12:47:16,728863;9,289363E-1;1,315144E-1;1,423743E-1;9,609830E-1;;
02/12/2021  12:47:16,728963;9,272256E-1;1,302401E-1;1,341600E-1;9,604393E-1;;
02/12/2021  12:47:16,729063;9,248801E-1;1,232313E-1;1,259458E-1;9,598640E-1;;
02/12/2021  12:47:16,729163;9,237059E-1;7,926728E-2;9,150920E-2;9,592571E-1;;
02/12/2021  12:47:16,729263;9,228625E-1;1,404346E-1;1,388990E-1;9,586187E-1;;
02/12/2021  12:47:16,729363;9,219624E-1;1,388417E-1;1,357397E-1;9,579490E-1;;
02/12/2021  12:47:16,729463;9,202845E-1;1,194084E-1;1,291051E-1;9,572482E-1;;
02/12/2021  12:47:16,729563;9,192056E-1;1,302401E-1;1,272095E-1;9,565166E-1;;
02/12/2021  12:47:16,729663;9,176827E-1;1,299215E-1;1,291051E-1;9,557548E-1;;
02/12/2021  12:47:16,729763;9,175307E-1;1,327887E-1;1,373193E-1;9,549631E-1;;
02/12/2021  12:47:16,729863;9,170926E-1;1,168597E-1;1,246821E-1;9,541422E-1;;
02/12/2021  12:47:16,729963;9,155190E-1;1,305587E-1;1,398468E-1;9,532929E-1;;
02/12/2021  12:47:16,730063;9,147769E-1;1,340630E-1;1,262617E-1;9,524161E-1;;
02/12/2021  12:47:16,730163;9,133702E-1;6,631038E-3;6,686651E-2;9,515128E-1;;
02/12/2021  12:47:16,730263;9,138947E-1;1,324701E-1;1,234183E-1;9,505840E-1;;
02/12/2021  12:47:16,730363;9,137427E-1;1,302401E-1;1,262617E-1;9,496309E-1;;
02/12/2021  12:47:16,730463;9,125417E-1;1,216384E-1;1,310007E-1;9,486551E-1;;
02/12/2021  12:47:16,730563;9,116387E-1;1,296029E-1;1,291051E-1;9,476579E-1;;
02/12/2021  12:47:16,730663;9,113823E-1;3,753330E-2;9,435259E-2;9,466409E-1;;
02/12/2021  12:47:16,730763;9,115582E-1;1,764342E-1;1,676488E-1;9,456057E-1;;
02/12/2021  12:47:16,730863;9,115433E-1;1,260985E-1;1,275255E-1;9,445541E-1;;
02/12/2021  12:47:16,730963;9,106939E-1;1,340630E-1;1,249980E-1;9,434880E-1;;
02/12/2021  12:47:16,731063;9,098564E-1;1,455319E-1;1,477451E-1;9,424093E-1;;
02/12/2021  12:47:16,731163;9,095912E-1;4,326774E-2;8,929768E-2;9,413199E-1;;
02/12/2021  12:47:16,731263;9,101664E-1;1,108067E-1;1,016190E-1;9,402216E-1;;
02/12/2021  12:47:16,731363;9,097909E-1;1,324701E-1;1,303688E-1;9,391166E-1;;
02/12/2021  12:47:16,731463;9,096120E-1;1,257800E-1;1,253139E-1;9,380067E-1;;
02/12/2021  12:47:16,731563;9,091531E-1;1,350188E-1;1,439539E-1;9,368942E-1;;
02/12/2021  12:47:16,731663;9,093230E-1;1,337445E-1;1,240502E-1;9,357809E-1;;
02/12/2021  12:47:16,731763;9,103720E-1;1,009307E-1;7,792413E-2;9,346691E-1;;
02/12/2021  12:47:16,731863;9,103780E-1;1,219570E-1;1,215227E-1;9,335609E-1;;
02/12/2021  12:47:16,731963;9,097223E-1;1,324701E-1;1,366875E-1;9,324584E-1;;
02/12/2021  12:47:16,732063;9,096359E-1;7,130278E-2;9,340479E-2;9,313638E-1;;
02/12/2021  12:47:16,732163;9,104644E-1;1,292843E-1;1,139404E-1;9,302793E-1;;
02/12/2021  12:47:16,732263;9,107982E-1;1,210013E-1;1,202590E-1;9,292067E-1;;
02/12/2021  12:47:16,732363;9,117459E-1;1,343816E-1;1,272095E-1;9,281482E-1;;
02/12/2021  12:47:16,732463;9,113049E-1;1,436204E-1;1,382671E-1;9,271059E-1;;
02/12/2021  12:47:16,732563;9,112274E-1;1,299215E-1;1,335282E-1;9,260818E-1;;
02/12/2021  12:47:16,732663;9,124046E-1;2,351578E-2;8,550650E-2;9,250779E-1;;
02/12/2021  12:47:16,732763;9,132897E-1;1,050723E-1;1,632258E-1;9,240960E-1;;
02/12/2021  12:47:16,732863;9,135371E-1;1,356559E-1;1,300529E-1;9,231381E-1;;
02/12/2021  12:47:16,732963;9,127890E-1;7,385142E-2;5,201770E-2;9,222060E-1;;
02/12/2021  12:47:16,733063;9,123688E-1;1,114439E-1;1,215227E-1;9,213014E-1;;
02/12/2021  12:47:16,733163;9,130901E-1;1,194084E-1;1,385831E-1;9,204255E-1;;
02/12/2021  12:47:16,733263;9,141361E-1;1,375674E-1;1,461654E-1;9,195797E-1;;
02/12/2021  12:47:16,733363;9,146756E-1;1,471248E-1;1,420583E-1;9,187652E-1;;
02/12/2021  12:47:16,733463;9,139067E-1;1,028422E-1;1,208909E-1;9,179832E-1;;
02/12/2021  12:47:16,733563;9,148067E-1;1,423461E-1;1,256299E-1;9,172347E-1;;
02/12/2021  12:47:16,733663;9,160108E-1;1,340630E-1;1,392149E-1;9,165205E-1;;
02/12/2021  12:47:16,733763;9,169287E-1;1,477620E-1;1,426902E-1;9,158417E-1;;
02/12/2021  12:47:16,733863;9,172029E-1;1,499920E-1;1,540637E-1;9,151990E-1;;
02/12/2021  12:47:16,733963;9,175456E-1;1,289658E-1;1,221546E-1;9,145934E-1;;
02/12/2021  12:47:16,734063;9,179897E-1;1,375674E-1;1,319485E-1;9,140255E-1;;
02/12/2021  12:47:16,734163;9,195722E-1;1,452133E-1;1,414265E-1;9,134959E-1;;
02/12/2021  12:47:16,734263;9,207584E-1;1,327887E-1;1,259458E-1;9,130053E-1;;
02/12/2021  12:47:16,734363;9,216644E-1;1,213198E-1;1,417424E-1;9,125543E-1;;
02/12/2021  12:47:16,734463;9,219982E-1;1,018865E-1;1,174156E-1;9,121434E-1;;
02/12/2021  12:47:16,734563;9,224750E-1;1,117624E-1;1,196272E-1;9,117732E-1;;
02/12/2021  12:47:16,734663;9,243526E-1;8,659462E-2;1,050943E-1;9,114440E-1;;
02/12/2021  12:47:16,734763;9,260246E-1;1,012493E-1;1,117289E-1;9,111563E-1;;
02/12/2021  12:47:16,734863;9,258904E-1;1,088952E-1;1,196272E-1;9,109105E-1;;
02/12/2021  12:47:16,734963;9,260424E-1;1,245056E-1;1,202590E-1;9,107069E-1;;
02/12/2021  12:47:16,735063;9,264925E-1;1,292843E-1;1,253139E-1;9,105455E-1;;
02/12/2021  12:47:16,735163;9,281525E-1;1,123996E-1;7,223735E-2;9,104262E-1;;
02/12/2021  12:47:16,735263;9,287784E-1;1,002936E-1;1,129926E-1;9,103490E-1;;
02/12/2021  12:47:16,735363;9,295503E-1;9,455912E-2;1,126766E-1;9,103136E-1;;
02/12/2021  12:47:16,735463;9,299377E-1;1,143111E-1;1,237343E-1;9,103196E-1;;
02/12/2021  12:47:16,735563;9,308228E-1;1,120810E-1;1,180475E-1;9,103668E-1;;
02/12/2021  12:47:16,735663;9,327511E-1;1,178155E-1;1,189953E-1;9,104546E-1;;
02/12/2021  12:47:16,735763;9,347121E-1;9,360338E-2;1,082536E-1;9,105825E-1;;
02/12/2021  12:47:16,735863;9,351622E-1;1,181340E-1;1,322644E-1;9,107503E-1;;
02/12/2021  12:47:16,735963;9,356092E-1;9,965640E-2;9,087734E-2;9,109576E-1;;
02/12/2021  12:47:16,736063;9,371739E-1;9,455912E-2;1,098333E-1;9,112040E-1;;
02/12/2021  12:47:16,736163;9,386789E-1;1,047537E-1;1,284732E-1;9,114889E-1;;
02/12/2021  12:47:16,736263;9,403062E-1;1,025236E-1;1,243661E-1;9,118119E-1;;
02/12/2021  12:47:16,736363;9,414327E-1;1,190898E-1;1,313166E-1;9,121726E-1;;
02/12/2021  12:47:16,736463;9,418827E-1;1,015679E-1;1,170997E-1;9,125705E-1;;
02/12/2021  12:47:16,736563;9,431523E-1;1,611423E-1;1,196272E-1;9,130051E-1;;
02/12/2021  12:47:16,736663;9,447498E-1;1,375674E-1;1,303688E-1;9,134759E-1;;
02/12/2021  12:47:16,736763;9,461714E-1;1,585937E-1;1,344760E-1;9,139822E-1;;
02/12/2021  12:47:16,736863;9,459330E-1;1,968233E-1;1,850251E-1;9,145235E-1;;
02/12/2021  12:47:16,736963;9,458346E-1;1,579565E-1;1,395309E-1;9,150988E-1;;
02/12/2021  12:47:16,737063;9,473307E-1;1,783457E-1;1,376353E-1;9,157074E-1;;
02/12/2021  12:47:16,737163;9,487344E-1;1,757970E-1;1,439539E-1;9,163480E-1;;
02/12/2021  12:47:16,737263;9,494169E-1;1,742041E-1;1,505885E-1;9,170195E-1;;
02/12/2021  12:47:16,737363;9,496971E-1;1,487177E-1;1,455336E-1;9,177208E-1;;
02/12/2021  12:47:16,737463;9,499087E-1;1,327887E-1;1,291051E-1;9,184507E-1;;
02/12/2021  12:47:16,737563;9,513929E-1;1,251428E-1;1,332122E-1;9,192079E-1;;
02/12/2021  12:47:16,737663;9,527519E-1;1,417090E-1;1,524841E-1;9,199908E-1;;
02/12/2021  12:47:16,737763;9,533927E-1;1,455319E-1;1,284732E-1;9,207984E-1;;
02/12/2021  12:47:16,737863;9,541646E-1;1,034794E-1;8,992954E-2;9,216291E-1;;
02/12/2021  12:47:16,737963;9,542957E-1;9,360338E-2;1,594346E-1;9,224818E-1;;
02/12/2021  12:47:16,738063;9,555385E-1;1,267357E-1;1,704922E-1;9,233550E-1;;
02/12/2021  12:47:16,738163;9,574727E-1;1,369303E-1;1,328963E-1;9,242473E-1;;
02/12/2021  12:47:16,738263;9,572402E-1;1,082581E-1;1,164678E-1;9,251574E-1;;
02/12/2021  12:47:16,738363;9,581075E-1;1,104881E-1;1,076217E-1;9,260841E-1;;
02/12/2021  12:47:16,738463;9,581611E-1;1,378860E-1;1,363715E-1;9,270260E-1;;
02/12/2021  12:47:16,738563;9,595142E-1;1,343816E-1;1,543797E-1;9,279817E-1;;
02/12/2021  12:47:16,738663;9,603487E-1;1,136739E-1;1,129926E-1;9,289498E-1;;
02/12/2021  12:47:16,738763;9,605305E-1;1,241871E-1;1,385831E-1;9,299290E-1;;
02/12/2021  12:47:16,738863;9,604321E-1;1,331073E-1;1,354238E-1;9,309178E-1;;
02/12/2021  12:47:16,738963;9,594814E-1;1,280100E-1;1,407946E-1;9,319149E-1;;
02/12/2021  12:47:16,739063;9,608315E-1;1,181340E-1;1,076217E-1;9,329184E-1;;
02/12/2021  12:47:16,739163;9,612785E-1;1,235499E-1;1,231024E-1;9,339268E-1;;
02/12/2021  12:47:16,739263;9,618805E-1;1,069837E-1;1,170997E-1;9,349383E-1;;
02/12/2021  12:47:16,739363;9,606676E-1;1,031608E-1;1,208909E-1;9,359515E-1;;
02/12/2021  12:47:16,739463;9,609567E-1;1,190898E-1;1,218387E-1;9,369645E-1;;
02/12/2021  12:47:16,739563;9,618150E-1;1,251428E-1;1,509044E-1;9,379757E-1;;
02/12/2021  12:47:16,739663;9,627240E-1;1,174969E-1;1,243661E-1;9,389832E-1;;
02/12/2021  12:47:16,739763;9,628730E-1;1,267357E-1;1,205749E-1;9,399857E-1;;
02/12/2021  12:47:16,739863;9,623753E-1;1,436204E-1;1,518522E-1;9,409817E-1;;
02/12/2021  12:47:16,739963;9,622322E-1;1,152668E-1;1,152041E-1;9,419697E-1;;
02/12/2021  12:47:16,740063;9,629982E-1;9,264764E-2;9,972343E-2;9,429482E-1;;
02/12/2021  12:47:16,740163;9,637581E-1;1,194084E-1;1,227865E-1;9,439158E-1;;
02/12/2021  12:47:16,740263;9,635883E-1;1,372488E-1;1,291051E-1;9,448712E-1;;
02/12/2021  12:47:16,740363;9,624438E-1;1,245056E-1;1,281573E-1;9,458132E-1;;
02/12/2021  12:47:16,740463;9,627746E-1;1,324701E-1;1,325804E-1;9,467406E-1;;
02/12/2021  12:47:16,740563;9,637850E-1;9,137332E-2;6,181159E-2;9,476521E-1;;
02/12/2021  12:47:16,740663;9,633439E-1;1,133553E-1;1,234183E-1;9,485464E-1;;
02/12/2021  12:47:16,740763;9,631025E-1;1,232313E-1;1,234183E-1;9,494227E-1;;
02/12/2021  12:47:16,740863;9,615408E-1;1,245056E-1;1,193112E-1;9,502797E-1;;
02/12/2021  12:47:16,740963;9,614156E-1;1,292843E-1;1,499566E-1;9,511163E-1;;
02/12/2021  12:47:16,741063;9,618925E-1;1,232313E-1;1,341600E-1;9,519314E-1;;
02/12/2021  12:47:16,741163;9,611504E-1;1,302401E-1;1,341600E-1;9,527236E-1;;
02/12/2021  12:47:16,741263;9,605454E-1;1,235499E-1;1,256299E-1;9,534920E-1;;
02/12/2021  12:47:16,741363;9,600119E-1;1,076209E-1;1,139404E-1;9,542355E-1;;
02/12/2021  12:47:16,741463;9,596364E-1;1,235499E-1;1,319485E-1;9,549531E-1;;
02/12/2021  12:47:16,741563;9,602920E-1;1,260985E-1;1,325804E-1;9,556436E-1;;
02/12/2021  12:47:16,741663;9,601460E-1;1,184526E-1;1,129926E-1;9,563063E-1;;
02/12/2021  12:47:16,741763;9,589718E-1;1,327887E-1;2,074562E-1;9,569405E-1;;
02/12/2021  12:47:16,741863;9,578273E-1;1,260985E-1;1,313166E-1;9,575454E-1;;
02/12/2021  12:47:16,741963;9,578959E-1;1,350188E-1;1,300529E-1;9,581205E-1;;
02/12/2021  12:47:16,742063;9,589509E-1;1,149482E-1;1,351078E-1;9,586649E-1;;
02/12/2021  12:47:16,742163;9,573594E-1;1,111253E-1;1,183634E-1;9,591783E-1;;
02/12/2021  12:47:16,742263;9,566263E-1;1,194084E-1;1,294210E-1;9,596602E-1;;
02/12/2021  12:47:16,742363;9,551779E-1;1,210013E-1;1,259458E-1;9,601103E-1;;
02/12/2021  12:47:16,742463;9,554044E-1;1,159040E-1;1,123607E-1;9,605281E-1;;
02/12/2021  12:47:16,742563;9,552226E-1;1,299215E-1;1,357397E-1;9,609130E-1;;
02/12/2021  12:47:16,742663;9,544358E-1;1,276914E-1;1,272095E-1;9,612650E-1;;
02/12/2021  12:47:16,742763;9,525075E-1;1,082581E-1;1,170997E-1;9,615837E-1;;
02/12/2021  12:47:16,742863;9,510561E-1;7,671864E-2;1,164678E-1;9,618688E-1;;
02/12/2021  12:47:16,742963;9,506895E-1;1,280100E-1;1,493248E-1;9,621200E-1;;
02/12/2021  12:47:16,743063;9,497209E-1;1,101695E-1;1,161519E-1;9,623367E-1;;
02/12/2021  12:47:16,743163;9,494795E-1;1,155854E-1;1,161519E-1;9,625187E-1;;
02/12/2021  12:47:16,743263;9,477778E-1;1,356559E-1;1,366875E-1;9,626657E-1;;
02/12/2021  12:47:16,743363;9,467078E-1;1,595494E-1;1,546956E-1;9,627774E-1;;
02/12/2021  12:47:16,743463;9,461446E-1;1,159040E-1;1,297370E-1;9,628536E-1;;
02/12/2021  12:47:16,743563;9,458048E-1;1,146297E-1;1,126766E-1;9,628941E-1;;
02/12/2021  12:47:16,743663;9,448362E-1;1,194084E-1;1,278414E-1;9,628990E-1;;
02/12/2021  12:47:16,743763;9,435785E-1;1,073023E-1;1,237343E-1;9,628682E-1;;
02/12/2021  12:47:16,743863;9,423506E-1;1,085766E-1;1,047783E-1;9,628018E-1;;
02/12/2021  12:47:16,743963;9,425950E-1;1,372488E-1;1,976624E-1;9,626999E-1;;
02/12/2021  12:47:16,744063;9,417605E-1;1,248242E-1;1,246821E-1;9,625628E-1;;
02/12/2021  12:47:16,744163;9,411794E-1;1,264171E-1;1,291051E-1;9,623909E-1;;
02/12/2021  12:47:16,744263;9,394299E-1;1,423461E-1;1,398468E-1;9,621845E-1;;
02/12/2021  12:47:16,744363;9,392005E-1;1,187712E-1;1,224705E-1;9,619443E-1;;
02/12/2021  12:47:16,744463;9,391736E-1;1,213198E-1;1,344760E-1;9,616707E-1;;
02/12/2021  12:47:16,744563;9,388428E-1;1,238685E-1;1,291051E-1;9,613644E-1;;
02/12/2021  12:47:16,744663;9,377908E-1;1,260985E-1;1,246821E-1;9,610262E-1;;
02/12/2021  12:47:16,744763;9,357612E-1;9,392196E-2;8,392683E-2;9,606571E-1;;
02/12/2021  12:47:16,744863;9,354840E-1;1,053908E-1;1,164678E-1;9,602579E-1;;
02/12/2021  12:47:16,744963;9,352993E-1;1,305587E-1;1,496407E-1;9,598293E-1;;
02/12/2021  12:47:16,745063;9,351741E-1;1,343816E-1;1,376353E-1;9,593723E-1;;
02/12/2021  12:47:16,745163;9,342830E-1;1,264171E-1;1,306848E-1;9,588879E-1;;
02/12/2021  12:47:16,745263;9,333531E-1;1,155854E-1;1,199431E-1;9,583772E-1;;
02/12/2021  12:47:16,745363;9,329687E-1;6,747982E-2;6,876210E-2;9,578413E-1;;
02/12/2021  12:47:16,745463;9,337853E-1;1,362931E-1;1,164678E-1;9,572814E-1;;
02/12/2021  12:47:16,745563;9,334574E-1;1,114439E-1;9,656411E-2;9,566989E-1;;
02/12/2021  12:47:16,745663;9,323428E-1;1,327887E-1;1,287892E-1;9,560953E-1;;
02/12/2021  12:47:16,745763;9,316722E-1;1,238685E-1;1,287892E-1;9,554720E-1;;
02/12/2021  12:47:16,745863;9,317944E-1;1,257800E-1;1,186794E-1;9,548305E-1;;
02/12/2021  12:47:16,745963;9,325961E-1;9,328480E-2;8,361090E-2;9,541723E-1;;
02/12/2021  12:47:16,746063;9,319196E-1;1,139925E-1;1,098333E-1;9,534990E-1;;
02/12/2021  12:47:16,746163;9,311686E-1;7,289568E-2;1,013031E-1;9,528123E-1;;
02/12/2021  12:47:16,746263;9,304235E-1;1,085766E-1;1,076217E-1;9,521138E-1;;
02/12/2021  12:47:16,746363;9,305487E-1;1,378860E-1;1,385831E-1;9,514051E-1;;
02/12/2021  12:47:16,746463;9,306679E-1;1,340630E-1;1,467973E-1;9,506878E-1;;
02/12/2021  12:47:16,746563;9,302447E-1;1,283286E-1;1,275255E-1;9,499633E-1;;
02/12/2021  12:47:16,746663;9,292165E-1;1,171783E-1;1,148882E-1;9,492333E-1;;
02/12/2021  12:47:16,746763;9,279677E-1;1,238685E-1;1,745993E-1;9,484991E-1;;
02/12/2021  12:47:16,746863;9,280959E-1;1,452133E-1;1,341600E-1;9,477621E-1;;
02/12/2021  12:47:16,746963;9,287813E-1;9,870066E-2;1,101492E-1;9,470233E-1;;
02/12/2021  12:47:16,747063;9,277740E-1;1,216384E-1;1,215227E-1;9,462840E-1;;
02/12/2021  12:47:16,747163;9,276101E-1;1,139925E-1;1,117289E-1;9,455454E-1;;
02/12/2021  12:47:16,747263;9,262630E-1;1,280100E-1;1,347919E-1;9,448087E-1;;
02/12/2021  12:47:16,747363;9,271481E-1;1,235499E-1;1,328963E-1;9,440750E-1;;
02/12/2021  12:47:16,747463;9,271153E-1;1,073023E-1;1,183634E-1;9,433451E-1;;
02/12/2021  12:47:16,747563;9,267279E-1;1,149482E-1;1,388990E-1;9,426202E-1;;
02/12/2021  12:47:16,747663;9,266981E-1;1,031608E-1;1,170997E-1;9,419013E-1;;
02/12/2021  12:47:16,747763;9,255835E-1;1,082581E-1;1,136244E-1;9,411893E-1;;
02/12/2021  12:47:16,747863;9,266921E-1;1,066652E-1;1,142563E-1;9,404853E-1;;
02/12/2021  12:47:16,747963;9,270587E-1;1,073023E-1;1,167838E-1;9,397900E-1;;
02/12/2021  12:47:16,748063;9,267965E-1;1,120810E-1;1,379512E-1;9,391046E-1;;
02/12/2021  12:47:16,748163;9,263017E-1;1,152668E-1;1,294210E-1;9,384298E-1;;
02/12/2021  12:47:16,748263;9,258040E-1;9,774492E-2;1,114129E-1;9,377668E-1;;
02/12/2021  12:47:16,748363;9,269186E-1;8,245308E-2;1,161519E-1;9,371161E-1;;
02/12/2021  12:47:16,748463;9,266385E-1;9,647060E-2;1,161519E-1;9,364787E-1;;
02/12/2021  12:47:16,748563;9,266743E-1;9,519628E-2;9,877564E-2;9,358552E-1;;
02/12/2021  12:47:16,748663;9,262451E-1;8,563888E-2;1,148882E-1;9,352466E-1;;
02/12/2021  12:47:16,748763;9,261169E-1;1,006121E-1;1,129926E-1;9,346533E-1;;
02/12/2021  12:47:16,748863;9,262987E-1;5,951532E-2;7,381701E-2;9,340760E-1;;
02/12/2021  12:47:16,748963;9,267011E-1;1,222756E-1;1,328963E-1;9,335152E-1;;
02/12/2021  12:47:16,749063;9,270766E-1;8,978042E-2;1,003553E-1;9,329714E-1;;
02/12/2021  12:47:16,749163;9,264716E-1;1,327887E-1;1,752312E-1;9,324451E-1;;
02/12/2021  12:47:16,749263;9,273538E-1;1,073023E-1;1,104651E-1;9,319367E-1;;
02/12/2021  12:47:16,749363;9,283730E-1;9,455912E-2;1,142563E-1;9,314468E-1;;
02/12/2021  12:47:16,749463;9,288707E-1;1,442576E-1;1,392149E-1;9,309759E-1;;
02/12/2021  12:47:16,749563;9,292284E-1;1,522221E-1;1,417424E-1;9,305247E-1;;
02/12/2021  12:47:16,749663;9,290704E-1;1,595494E-1;1,420583E-1;9,300936E-1;;
02/12/2021  12:47:16,749763;9,299019E-1;1,534964E-1;1,272095E-1;9,296834E-1;;
02/12/2021  12:47:16,749863;9,309003E-1;1,745227E-1;1,584868E-1;9,292945E-1;;
02/12/2021  12:47:16,749963;9,316126E-1;1,585937E-1;1,442698E-1;9,289274E-1;;
02/12/2021  12:47:16,750063;9,310404E-1;1,694254E-1;1,575390E-1;9,285829E-1;;
02/12/2021  12:47:16,750163;9,310166E-1;1,439390E-1;1,455336E-1;9,282613E-1;;
02/12/2021  12:47:16,750263;9,324888E-1;1,362931E-1;1,155200E-1;9,279630E-1;;
02/12/2021  12:47:16,750363;9,327273E-1;1,528593E-1;1,423743E-1;9,276884E-1;;
02/12/2021  12:47:16,750463;9,333025E-1;1,203641E-1;1,246821E-1;9,274377E-1;;
02/12/2021  12:47:16,750563;9,329716E-1;1,267357E-1;1,452176E-1;9,272113E-1;;
02/12/2021  12:47:16,750663;9,323756E-1;1,372488E-1;1,354238E-1;9,270092E-1;;
02/12/2021  12:47:16,750763;9,325574E-1;1,340630E-1;1,268936E-1;9,268315E-1;;
02/12/2021  12:47:16,750863;9,337674E-1;1,280100E-1;1,392149E-1;9,266778E-1;;
02/12/2021  12:47:16,750963;9,334217E-1;1,356559E-1;1,313166E-1;9,265481E-1;;
02/12/2021  12:47:16,751063;9,336184E-1;1,509478E-1;1,543797E-1;9,264419E-1;;
02/12/2021  12:47:16,751163;9,334693E-1;1,190898E-1;1,098333E-1;9,263591E-1;;
02/12/2021  12:47:16,751263;9,342591E-1;2,256004E-2;7,887192E-2;9,262990E-1;;
02/12/2021  12:47:16,751363;9,351949E-1;1,213198E-1;1,246821E-1;9,262613E-1;;
02/12/2021  12:47:16,751463;9,351860E-1;1,305587E-1;1,325804E-1;9,262455E-1;;
02/12/2021  12:47:16,751563;9,339224E-1;1,289658E-1;1,278414E-1;9,262512E-1;;
02/12/2021  12:47:16,751663;9,339104E-1;1,936375E-1;1,897641E-1;9,262778E-1;;
02/12/2021  12:47:16,751763;9,348641E-1;1,582751E-1;1,853410E-1;9,263243E-1;;
02/12/2021  12:47:16,751863;9,355377E-1;1,133553E-1;1,183634E-1;9,263901E-1;;
02/12/2021  12:47:16,751963;9,349297E-1;1,305587E-1;1,354238E-1;9,264744E-1;;
02/12/2021  12:47:16,752063;9,342919E-1;1,302401E-1;1,297370E-1;9,265764E-1;;
02/12/2021  12:47:16,752163;9,347598E-1;1,225942E-1;1,231024E-1;9,266951E-1;;
02/12/2021  12:47:16,752263;9,355645E-1;1,280100E-1;1,291051E-1;9,268297E-1;;
02/12/2021  12:47:16,752363;9,350549E-1;1,378860E-1;1,360556E-1;9,269790E-1;;
02/12/2021  12:47:16,752463;9,347747E-1;1,503106E-1;1,442698E-1;9,271423E-1;;
02/12/2021  12:47:16,752563;9,338180E-1;1,264171E-1;1,297370E-1;9,273185E-1;;
02/12/2021  12:47:16,752663;9,332995E-1;1,181340E-1;1,063580E-1;9,275063E-1;;
02/12/2021  12:47:16,752763;9,338717E-1;1,213198E-1;1,212068E-1;9,277046E-1;;
02/12/2021  12:47:16,752863;9,340594E-1;1,251428E-1;1,313166E-1;9,279119E-1;;
02/12/2021  12:47:16,752963;9,338180E-1;1,251428E-1;1,316326E-1;9,281272E-1;;
02/12/2021  12:47:16,753063;9,334872E-1;1,184526E-1;1,180475E-1;9,283492E-1;;
02/12/2021  12:47:16,753163;9,339492E-1;1,401161E-1;1,332122E-1;9,285768E-1;;
02/12/2021  12:47:16,753263;9,345989E-1;-1,280234E-2;6,591871E-2;9,288088E-1;;
02/12/2021  12:47:16,753363;9,354512E-1;1,388417E-1;1,382671E-1;9,290445E-1;;
02/12/2021  12:47:16,753463;9,350578E-1;1,267357E-1;1,284732E-1;9,292829E-1;;
02/12/2021  12:47:16,753563;9,351622E-1;3,243602E-2;5,928414E-2;9,295233E-1;;
02/12/2021  12:47:16,753663;9,348850E-1;1,155854E-1;1,218387E-1;9,297652E-1;;
02/12/2021  12:47:16,753763;9,357791E-1;1,582751E-1;1,837613E-1;9,300077E-1;;
02/12/2021  12:47:16,753863;9,356420E-1;1,401161E-1;1,328963E-1;9,302504E-1;;
02/12/2021  12:47:16,753963;9,359728E-1;1,187712E-1;1,180475E-1;9,304926E-1;;
02/12/2021  12:47:16,754063;9,352754E-1;1,171783E-1;1,221546E-1;9,307339E-1;;
02/12/2021  12:47:16,754163;9,358595E-1;1,429833E-1;1,439539E-1;9,309737E-1;;
02/12/2021  12:47:16,754263;9,365987E-1;1,452133E-1;1,297370E-1;9,312117E-1;;
02/12/2021  12:47:16,754363;9,362053E-1;1,229127E-1;1,060421E-1;9,314473E-1;;
02/12/2021  12:47:16,754463;9,358148E-1;1,187712E-1;1,294210E-1;9,316804E-1;;
02/12/2021  12:47:16,754563;9,347807E-1;1,385232E-1;1,335282E-1;9,319104E-1;;
02/12/2021  12:47:16,754663;9,349863E-1;6,843556E-2;7,413294E-2;9,321370E-1;;
02/12/2021  12:47:16,754763;9,355824E-1;1,289658E-1;1,360556E-1;9,323594E-1;;
02/12/2021  12:47:16,754863;9,352665E-1;6,811698E-2;9,056141E-2;9,325773E-1;;
02/12/2021  12:47:16,754963;9,347837E-1;1,359745E-1;1,284732E-1;9,327902E-1;;
02/12/2021  12:47:16,755063;9,341757E-1;1,404346E-1;1,338441E-1;9,329977E-1;;
02/12/2021  12:47:16,755163;9,352545E-1;1,264171E-1;1,449017E-1;9,331993E-1;;
02/12/2021  12:47:16,755263;9,356003E-1;1,324701E-1;1,471132E-1;9,333946E-1;;
02/12/2021  12:47:16,755363;9,355913E-1;1,152668E-1;1,183634E-1;9,335833E-1;;
02/12/2021  12:47:16,755463;9,352128E-1;6,747982E-2;8,013565E-2;9,337654E-1;;
02/12/2021  12:47:16,755563;9,349684E-1;1,353374E-1;1,575390E-1;9,339405E-1;;
02/12/2021  12:47:16,755663;9,356748E-1;1,410718E-1;1,338441E-1;9,341087E-1;;
02/12/2021  12:47:16,755763;9,356032E-1;1,225942E-1;1,268936E-1;9,342697E-1;;
02/12/2021  12:47:16,755863;9,356003E-1;1,289658E-1;1,363715E-1;9,344235E-1;;
02/12/2021  12:47:16,755963;9,354751E-1;9,041758E-2;1,013031E-1;9,345701E-1;;
02/12/2021  12:47:16,756063;9,349684E-1;8,850610E-2;1,031987E-1;9,347096E-1;;
02/12/2021  12:47:16,756163;9,356688E-1;1,254614E-1;1,651214E-1;9,348418E-1;;
02/12/2021  12:47:16,756263;9,358685E-1;1,254614E-1;1,291051E-1;9,349668E-1;;
02/12/2021  12:47:16,756363;9,360175E-1;1,401161E-1;1,562753E-1;9,350848E-1;;
02/12/2021  12:47:16,756463;9,347151E-1;1,362931E-1;1,316326E-1;9,351958E-1;;
02/12/2021  12:47:16,756563;9,345154E-1;3,498466E-2;6,086380E-2;9,352999E-1;;
02/12/2021  12:47:16,756663;9,347360E-1;8,436456E-2;6,844617E-2;9,353969E-1;;
02/12/2021  12:47:16,756763;9,347777E-1;1,292843E-1;1,388990E-1;9,354870E-1;;
02/12/2021  12:47:16,756863;9,346794E-1;1,324701E-1;1,303688E-1;9,355700E-1;;
02/12/2021  12:47:16,756963;9,342085E-1;1,321516E-1;1,253139E-1;9,356460E-1;;
02/12/2021  12:47:16,757063;9,340118E-1;1,302401E-1;1,237343E-1;9,357150E-1;;
02/12/2021  12:47:16,757163;9,343664E-1;1,576380E-1;1,505885E-1;9,357769E-1;;
02/12/2021  12:47:16,757263;9,346585E-1;1,490363E-1;1,445858E-1;9,358318E-1;;
02/12/2021  12:47:16,757363;9,347449E-1;1,299215E-1;1,126766E-1;9,358797E-1;;
02/12/2021  12:47:16,757463;9,338449E-1;1,085766E-1;1,306848E-1;9,359209E-1;;
02/12/2021  12:47:16,757563;9,335141E-1;1,213198E-1;1,180475E-1;9,359555E-1;;
02/12/2021  12:47:16,757663;9,339522E-1;7,480716E-2;1,129926E-1;9,359834E-1;;
02/12/2021  12:47:16,757763;9,341757E-1;1,299215E-1;1,284732E-1;9,360048E-1;;
02/12/2021  12:47:16,757863;9,334962E-1;9,551486E-2;9,530039E-2;9,360197E-1;;
02/12/2021  12:47:16,757963;9,333442E-1;7,448858E-2;1,079377E-1;9,360284E-1;;
02/12/2021  12:47:16,758063;9,338210E-1;1,480806E-1;1,423743E-1;9,360309E-1;;
02/12/2021  12:47:16,758163;9,346555E-1;1,397975E-1;1,360556E-1;9,360274E-1;;
02/12/2021  12:47:16,758263;9,340803E-1;1,241871E-1;1,231024E-1;9,360182E-1;;
02/12/2021  12:47:16,758363;9,346287E-1;1,136739E-1;1,110970E-1;9,360036E-1;;
02/12/2021  12:47:16,758463;9,340088E-1;1,254614E-1;1,158360E-1;9,359840E-1;;
02/12/2021  12:47:16,758563;9,335737E-1;1,452133E-1;1,467973E-1;9,359597E-1;;
02/12/2021  12:47:16,758663;9,339075E-1;1,216384E-1;1,322644E-1;9,359309E-1;;
02/12/2021  12:47:16,758763;9,343724E-1;1,429833E-1;1,272095E-1;9,358980E-1;;
02/12/2021  12:47:16,758863;9,343247E-1;1,073023E-1;1,170997E-1;9,358612E-1;;
02/12/2021  12:47:16,758963;9,344022E-1;1,213198E-1;1,246821E-1;9,358208E-1;;
02/12/2021  12:47:16,759063;9,354840E-1;3,211744E-2;8,171531E-2;9,357774E-1;;
02/12/2021  12:47:16,759163;9,367417E-1;1,254614E-1;1,253139E-1;9,357313E-1;;
02/12/2021  12:47:16,759263;9,368937E-1;1,130368E-1;1,174156E-1;9,356834E-1;;
02/12/2021  12:47:16,759363;9,366642E-1;1,423461E-1;1,515363E-1;9,356344E-1;;
02/12/2021  12:47:16,759463;9,373437E-1;1,483991E-1;1,411105E-1;9,355850E-1;;
02/12/2021  12:47:16,759563;9,377610E-1;1,210013E-1;1,170997E-1;9,355361E-1;;
02/12/2021  12:47:16,759663;9,391915E-1;1,426647E-1;1,556434E-1;9,354884E-1;;
02/12/2021  12:47:16,759763;9,396505E-1;1,283286E-1;1,199431E-1;9,354429E-1;;
02/12/2021  12:47:16,759863;9,400528E-1;1,356559E-1;1,455336E-1;9,354004E-1;;
02/12/2021  12:47:16,759963;9,403717E-1;1,235499E-1;1,208909E-1;9,353620E-1;;
02/12/2021  12:47:16,760063;9,411943E-1;8,627604E-2;8,613836E-2;9,353287E-1;;
02/12/2021  12:47:16,760163;9,424579E-1;1,238685E-1;1,275255E-1;9,353013E-1;;
02/12/2021  12:47:16,760263;9,431434E-1;1,130368E-1;1,212068E-1;9,352809E-1;;
02/12/2021  12:47:16,760363;9,427142E-1;1,216384E-1;1,262617E-1;9,352685E-1;;
02/12/2021  12:47:16,760463;9,428275E-1;7,586778E-3;7,476481E-2;9,352651E-1;;
02/12/2021  12:47:16,760563;9,436352E-1;1,222756E-1;1,600664E-1;9,352713E-1;;
02/12/2021  12:47:16,760663;9,442908E-1;1,037979E-1;1,142563E-1;9,352879E-1;;
02/12/2021  12:47:16,760763;9,447408E-1;1,136739E-1;1,193112E-1;9,353156E-1;;
02/12/2021  12:47:16,760863;9,449465E-1;1,127182E-1;1,205749E-1;9,353549E-1;;
02/12/2021  12:47:16,760963;9,454978E-1;8,818752E-2;1,092014E-1;9,354064E-1;;
02/12/2021  12:47:16,761063;9,469641E-1;1,006121E-1;1,259458E-1;9,354706E-1;;
02/12/2021  12:47:16,761163;9,478255E-1;1,095324E-1;1,174156E-1;9,355481E-1;;
02/12/2021  12:47:16,761263;9,485199E-1;9,774492E-2;1,129926E-1;9,356395E-1;;
02/12/2021  12:47:16,761363;9,484424E-1;9,201048E-2;1,073058E-1;9,357453E-1;;
02/12/2021  12:47:16,761463;9,489252E-1;9,328480E-2;9,719598E-2;9,358661E-1;;
02/12/2021  12:47:16,761563;9,500219E-1;1,098510E-1;1,189953E-1;9,360021E-1;;
02/12/2021  12:47:16,761663;9,508624E-1;9,169190E-2;1,047783E-1;9,361539E-1;;
02/12/2021  12:47:16,761763;9,512945E-1;8,691320E-2;1,088855E-1;9,363217E-1;;
02/12/2021  12:47:16,761863;9,513541E-1;7,576290E-2;1,060421E-1;9,365058E-1;;
02/12/2021  12:47:16,761963;9,524896E-1;4,008194E-2;7,855599E-2;9,367064E-1;;
02/12/2021  12:47:16,762063;9,540036E-1;3,179886E-2;8,613836E-2;9,369238E-1;;
02/12/2021  12:47:16,762163;9,547785E-1;1,085766E-1;1,227865E-1;9,371580E-1;;
02/12/2021  12:47:16,762263;9,548590E-1;1,267357E-1;1,316326E-1;9,374095E-1;;
02/12/2021  12:47:16,762363;9,544179E-1;9,041758E-2;1,319485E-1;9,376783E-1;;
02/12/2021  12:47:16,762463;9,549782E-1;6,811698E-2;9,435259E-2;9,379645E-1;;
02/12/2021  12:47:16,762563;9,562359E-1;1,057094E-1;1,458495E-1;9,382677E-1;;
02/12/2021  12:47:16,762663;9,567157E-1;1,417090E-1;1,310007E-1;9,385879E-1;;
02/12/2021  12:47:16,762763;9,569690E-1;1,534964E-1;1,382671E-1;9,389248E-1;;
02/12/2021  12:47:16,762863;9,572790E-1;1,719741E-1;1,584868E-1;9,392782E-1;;
02/12/2021  12:47:16,762963;9,581462E-1;1,824872E-1;1,619620E-1;9,396478E-1;;
02/12/2021  12:47:16,763063;9,593801E-1;1,455319E-1;1,218387E-1;9,400331E-1;;
02/12/2021  12:47:16,763163;9,592698E-1;1,334259E-1;1,164678E-1;9,404338E-1;;
02/12/2021  12:47:16,763263;9,597377E-1;1,506292E-1;1,505885E-1;9,408495E-1;;
02/12/2021  12:47:16,763363;9,593235E-1;1,471248E-1;1,436380E-1;9,412799E-1;;
02/12/2021  12:47:16,763463;9,605424E-1;1,152668E-1;1,038306E-1;9,417242E-1;;
02/12/2021  12:47:16,763563;9,614991E-1;6,238254E-2;6,623464E-2;9,421820E-1;;
02/12/2021  12:47:16,763663;9,611861E-1;8,723178E-2;8,834988E-2;9,426525E-1;;
02/12/2021  12:47:16,763763;9,618955E-1;1,139925E-1;1,180475E-1;9,431353E-1;;
02/12/2021  12:47:16,763863;9,618209E-1;1,174969E-1;1,069899E-1;9,436296E-1;;
02/12/2021  12:47:16,763963;9,628313E-1;1,299215E-1;1,379512E-1;9,441347E-1;;
02/12/2021  12:47:16,764063;9,635108E-1;1,225942E-1;1,550115E-1;9,446499E-1;;
02/12/2021  12:47:16,764163;9,634840E-1;1,232313E-1;1,272095E-1;9,451746E-1;;
02/12/2021  12:47:16,764263;9,633171E-1;1,388417E-1;1,411105E-1;9,457081E-1;;
02/12/2021  12:47:16,764363;9,630429E-1;1,194084E-1;1,224705E-1;9,462494E-1;;
02/12/2021  12:47:16,764463;9,634601E-1;7,034704E-2;5,612482E-2;9,467978E-1;;
02/12/2021  12:47:16,764563;9,636836E-1;1,257800E-1;1,300529E-1;9,473523E-1;;
02/12/2021  12:47:16,764663;9,637879E-1;1,327887E-1;1,328963E-1;9,479118E-1;;
02/12/2021  12:47:16,764763;9,632217E-1;1,257800E-1;1,243661E-1;9,484753E-1;;
02/12/2021  12:47:16,764863;9,633141E-1;1,302401E-1;1,480610E-1;9,490417E-1;;
02/12/2021  12:47:16,764963;9,638207E-1;1,455319E-1;1,521681E-1;9,496100E-1;;
02/12/2021  12:47:16,765063;9,639876E-1;1,388417E-1;1,382671E-1;9,501789E-1;;
02/12/2021  12:47:16,765163;9,636836E-1;1,012493E-1;1,145722E-1;9,507475E-1;;
02/12/2021  12:47:16,765263;9,633051E-1;1,162226E-1;1,240502E-1;9,513146E-1;;
02/12/2021  12:47:16,765363;9,629743E-1;1,206827E-1;1,319485E-1;9,518792E-1;;
02/12/2021  12:47:16,765463;9,637403E-1;9,933782E-2;9,214107E-2;9,524401E-1;;
02/12/2021  12:47:16,765563;9,641754E-1;1,350188E-1;1,322644E-1;9,529961E-1;;
02/12/2021  12:47:16,765663;9,636807E-1;1,487177E-1;1,606983E-1;9,535464E-1;;
02/12/2021  12:47:16,765763;9,637581E-1;1,232313E-1;1,253139E-1;9,540899E-1;;
02/12/2021  12:47:16,765863;9,645092E-1;9,328480E-2;1,073058E-1;9,546258E-1;;
02/12/2021  12:47:16,765963;9,651440E-1;1,245056E-1;1,272095E-1;9,551534E-1;;
02/12/2021  12:47:16,766063;9,650754E-1;1,108067E-1;1,117289E-1;9,556719E-1;;
02/12/2021  12:47:16,766163;9,655493E-1;1,066652E-1;8,740209E-2;9,561808E-1;;
02/12/2021  12:47:16,766263;9,646492E-1;1,382046E-1;1,809180E-1;9,566798E-1;;
02/12/2021  12:47:16,766363;9,646671E-1;1,385232E-1;1,344760E-1;9,571682E-1;;
02/12/2021  12:47:16,766463;9,656625E-1;9,009900E-2;8,234717E-2;9,576455E-1;;
02/12/2021  12:47:16,766563;9,662646E-1;1,092138E-1;1,120448E-1;9,581114E-1;;
02/12/2021  12:47:16,766663;9,657192E-1;6,429402E-2;9,056141E-2;9,585655E-1;;
02/12/2021  12:47:16,766763;9,658622E-1;1,031608E-1;1,063580E-1;9,590077E-1;;
02/12/2021  12:47:16,766863;9,664643E-1;1,187712E-1;1,142563E-1;9,594377E-1;;
02/12/2021  12:47:16,766963;9,669411E-1;-2,586412E-2;2,048550E-4;9,598555E-1;;
02/12/2021  12:47:16,767063;9,669143E-1;1,305587E-1;1,300529E-1;9,602610E-1;;
02/12/2021  12:47:16,767163;9,664046E-1;1,522221E-1;1,474292E-1;9,606542E-1;;
02/12/2021  12:47:16,767263;9,658563E-1;1,235499E-1;1,249980E-1;9,610350E-1;;
02/12/2021  12:47:16,767363;9,659457E-1;1,229127E-1;1,155200E-1;9,614035E-1;;
02/12/2021  12:47:16,767463;9,663510E-1;8,213450E-2;7,824006E-2;9,617593E-1;;
02/12/2021  12:47:16,767563;9,660559E-1;1,159040E-1;1,215227E-1;9,621025E-1;;
02/12/2021  12:47:16,767663;9,651946E-1;1,286472E-1;1,338441E-1;9,624329E-1;;
02/12/2021  12:47:16,767763;9,648966E-1;1,461691E-1;1,398468E-1;9,627503E-1;;
02/12/2021  12:47:16,767863;9,650635E-1;1,305587E-1;1,202590E-1;9,630546E-1;;
02/12/2021  12:47:16,767963;9,651946E-1;1,085766E-1;1,136244E-1;9,633455E-1;;
02/12/2021  12:47:16,768063;9,642857E-1;1,257800E-1;1,158360E-1;9,636230E-1;;
02/12/2021  12:47:16,768163;9,628939E-1;1,433019E-1;1,407946E-1;9,638866E-1;;
02/12/2021  12:47:16,768263;9,618955E-1;1,210013E-1;1,243661E-1;9,641362E-1;;
02/12/2021  12:47:16,768363;9,618209E-1;8,818752E-2;1,063580E-1;9,643711E-1;;
02/12/2021  12:47:16,768463;9,615706E-1;1,407532E-1;1,632258E-1;9,645908E-1;;
02/12/2021  12:47:16,768563;9,604142E-1;1,490363E-1;1,373193E-1;9,647948E-1;;
02/12/2021  12:47:16,768663;9,596274E-1;1,174969E-1;1,610142E-1;9,649826E-1;;
02/12/2021  12:47:16,768763;9,590701E-1;1,251428E-1;1,388990E-1;9,651536E-1;;
02/12/2021  12:47:16,768863;9,585933E-1;2,988738E-2;1,057261E-1;9,653071E-1;;
02/12/2021  12:47:16,768963;9,580479E-1;1,267357E-1;1,379512E-1;9,654426E-1;;
02/12/2021  12:47:16,769063;9,573892E-1;1,292843E-1;1,306848E-1;9,655595E-1;;
02/12/2021  12:47:16,769163;9,558752E-1;1,241871E-1;1,328963E-1;9,656574E-1;;
02/12/2021  12:47:16,769263;9,546354E-1;1,385232E-1;1,243661E-1;9,657357E-1;;
02/12/2021  12:47:16,769363;9,554073E-1;1,372488E-1;1,768108E-1;9,657936E-1;;
02/12/2021  12:47:16,769463;9,547964E-1;1,452133E-1;1,449017E-1;9,658308E-1;;
02/12/2021  12:47:16,769563;9,536251E-1;1,289658E-1;1,316326E-1;9,658468E-1;;
02/12/2021  12:47:16,769663;9,526476E-1;7,703722E-2;8,708615E-2;9,658413E-1;;
02/12/2021  12:47:16,769763;9,521767E-1;1,143111E-1;1,104651E-1;9,658140E-1;;
02/12/2021  12:47:16,769863;9,523376E-1;1,426647E-1;1,420583E-1;9,657644E-1;;
02/12/2021  12:47:16,769963;9,513541E-1;1,283286E-1;1,265777E-1;9,656925E-1;;
02/12/2021  12:47:16,770063;9,496673E-1;1,289658E-1;1,553275E-1;9,655981E-1;;
02/12/2021  12:47:16,770163;9,474440E-1;1,216384E-1;1,193112E-1;9,654810E-1;;
02/12/2021  12:47:16,770263;9,468002E-1;1,324701E-1;1,338441E-1;9,653409E-1;;
02/12/2021  12:47:16,770363;9,457541E-1;1,241871E-1;1,180475E-1;9,651772E-1;;
02/12/2021  12:47:16,770463;9,440941E-1;1,216384E-1;1,237343E-1;9,649895E-1;;
02/12/2021  12:47:16,770563;9,422761E-1;1,184526E-1;1,363715E-1;9,647773E-1;;
02/12/2021  12:47:16,770663;9,398412E-1;1,439390E-1;1,028828E-1;9,645400E-1;;
02/12/2021  12:47:16,770763;9,386849E-1;1,155854E-1;1,133085E-1;9,642769E-1;;
02/12/2021  12:47:16,770863;9,379517E-1;1,251428E-1;1,259458E-1;9,639871E-1;;
02/12/2021  12:47:16,770963;9,363692E-1;1,347002E-1;1,325804E-1;9,636698E-1;;
02/12/2021  12:47:16,771063;9,342234E-1;1,350188E-1;1,373193E-1;9,633245E-1;;
02/12/2021  12:47:16,771163;9,325633E-1;1,031608E-1;1,123607E-1;9,629505E-1;;
02/12/2021  12:47:16,771263;9,318212E-1;1,748413E-1;2,042969E-1;9,625469E-1;;
02/12/2021  12:47:16,771363;9,312997E-1;-4,200682E-3;7,950379E-2;9,621132E-1;;
02/12/2021  12:47:16,771463;9,302357E-1;1,264171E-1;1,268936E-1;9,616490E-1;;
02/12/2021  12:47:16,771563;9,287128E-1;1,273729E-1;1,246821E-1;9,611541E-1;;
02/12/2021  12:47:16,771663;9,271452E-1;1,385232E-1;1,313166E-1;9,606282E-1;;
02/12/2021  12:47:16,771763;9,268561E-1;8,468314E-2;9,466852E-2;9,600714E-1;;
02/12/2021  12:47:16,771863;9,268531E-1;8,277166E-2;7,760819E-2;9,594836E-1;;
02/12/2021  12:47:16,771963;9,262034E-1;1,397975E-1;1,411105E-1;9,588651E-1;;
02/12/2021  12:47:16,772063;9,252020E-1;1,452133E-1;1,354238E-1;9,582167E-1;;
02/12/2021  12:47:16,772163;9,235300E-1;1,238685E-1;1,186794E-1;9,575388E-1;;
02/12/2021  12:47:16,772263;9,227432E-1;1,369303E-1;1,278414E-1;9,568323E-1;;
02/12/2021  12:47:16,772363;9,230025E-1;1,359745E-1;1,291051E-1;9,560978E-1;;
02/12/2021  12:47:16,772463;9,217538E-1;1,324701E-1;1,357397E-1;9,553363E-1;;
02/12/2021  12:47:16,772563;9,211160E-1;1,324701E-1;1,196272E-1;9,545488E-1;;
02/12/2021  12:47:16,772663;9,199388E-1;9,424054E-2;9,561632E-2;9,537364E-1;;
02/12/2021  12:47:16,772763;9,198255E-1;1,267357E-1;1,249980E-1;9,529003E-1;;
02/12/2021  12:47:16,772863;9,193845E-1;1,327887E-1;1,638576E-1;9,520417E-1;;
02/12/2021  12:47:16,772963;9,190656E-1;1,257800E-1;1,212068E-1;9,511619E-1;;
02/12/2021  12:47:16,773063;9,184427E-1;7,130278E-2;1,003553E-1;9,502624E-1;;
02/12/2021  12:47:16,773163;9,176440E-1;1,114439E-1;1,237343E-1;9,493448E-1;;
02/12/2021  12:47:16,773263;9,181357E-1;3,211744E-2;7,508074E-2;9,484106E-1;;
02/12/2021  12:47:16,773363;9,185172E-1;1,331073E-1;1,436380E-1;9,474615E-1;;
02/12/2021  12:47:16,773463;9,186215E-1;1,181340E-1;1,259458E-1;9,464994E-1;;
02/12/2021  12:47:16,773563;9,180582E-1;1,117624E-1;1,313166E-1;9,455264E-1;;
02/12/2021  12:47:16,773663;9,176887E-1;1,085766E-1;1,145722E-1;9,445445E-1;;
02/12/2021  12:47:16,773763;9,187795E-1;1,053908E-1;1,644895E-1;9,435557E-1;;
02/12/2021  12:47:16,773863;9,188957E-1;1,069837E-1;1,180475E-1;9,425621E-1;;
02/12/2021  12:47:16,773963;9,187258E-1;1,130368E-1;1,167838E-1;9,415661E-1;;
02/12/2021  12:47:16,774063;9,177870E-1;5,887816E-2;4,064415E-2;9,405698E-1;;
02/12/2021  12:47:16,774163;9,171850E-1;1,216384E-1;1,272095E-1;9,395754E-1;;
02/12/2021  12:47:16,774263;9,180076E-1;7,767438E-2;1,155200E-1;9,385848E-1;;
02/12/2021  12:47:16,774363;9,180552E-1;8,723178E-2;1,013031E-1;9,375998E-1;;
02/12/2021  12:47:16,774463;9,182937E-1;8,086018E-2;8,834988E-2;9,366225E-1;;
02/12/2021  12:47:16,774563;9,171462E-1;9,615202E-2;1,047783E-1;9,356548E-1;;
02/12/2021  12:47:16,774663;9,171671E-1;1,254614E-1;1,452176E-1;9,346983E-1;;
02/12/2021  12:47:16,774763;9,183652E-1;1,178155E-1;1,392149E-1;9,337547E-1;;
02/12/2021  12:47:16,774863;9,182937E-1;1,216384E-1;1,313166E-1;9,328257E-1;;
02/12/2021  12:47:16,774963;9,187079E-1;1,136739E-1;1,344760E-1;9,319130E-1;;
02/12/2021  12:47:16,775063;9,178436E-1;9,901924E-2;1,243661E-1;9,310180E-1;;
02/12/2021  12:47:16,775163;9,181268E-1;1,547707E-1;1,395309E-1;9,301423E-1;;
02/12/2021  12:47:16,775263;9,199149E-1;1,573194E-1;1,641736E-1;9,292873E-1;;
02/12/2021  12:47:16,775363;9,203203E-1;1,538150E-1;1,395309E-1;9,284543E-1;;
02/12/2021  12:47:16,775463;9,202994E-1;1,748413E-1;1,559593E-1;9,276448E-1;;
02/12/2021  12:47:16,775563;9,197451E-1;1,168597E-1;1,123607E-1;9,268603E-1;;
02/12/2021  12:47:16,775663;9,203769E-1;1,563636E-1;1,480610E-1;9,261019E-1;;
02/12/2021  12:47:16,775763;9,206123E-1;1,356559E-1;9,782784E-2;9,253707E-1;;
02/12/2021  12:47:16,775863;9,212978E-1;1,433019E-1;1,471132E-1;9,246677E-1;;
02/12/2021  12:47:16,775963;9,204276E-1;1,477620E-1;1,221546E-1;9,239938E-1;;
02/12/2021  12:47:16,776063;9,198673E-1;1,248242E-1;1,218387E-1;9,233497E-1;;
02/12/2021  12:47:16,776163;9,203113E-1;1,232313E-1;1,142563E-1;9,227359E-1;;
02/12/2021  12:47:16,776263;9,208061E-1;1,280100E-1;9,845971E-2;9,221527E-1;;
02/12/2021  12:47:16,776363;9,214826E-1;1,238685E-1;1,199431E-1;9,216004E-1;;
02/12/2021  12:47:16,776463;9,213842E-1;1,299215E-1;1,310007E-1;9,210793E-1;;
02/12/2021  12:47:16,776563;9,208597E-1;1,133553E-1;1,183634E-1;9,205895E-1;;
02/12/2021  12:47:16,776663;9,215571E-1;1,073023E-1;1,057261E-1;9,201311E-1;;
02/12/2021  12:47:16,776763;9,230085E-1;1,251428E-1;1,246821E-1;9,197039E-1;;
02/12/2021  12:47:16,776863;9,228178E-1;6,333828E-2;6,655058E-2;9,193081E-1;;
02/12/2021  12:47:16,776963;9,228267E-1;1,343816E-1;1,284732E-1;9,189435E-1;;
02/12/2021  12:47:16,777063;9,229161E-1;1,149482E-1;1,189953E-1;9,186101E-1;;
02/12/2021  12:47:16,777163;9,237238E-1;1,311958E-1;1,351078E-1;9,183077E-1;;
02/12/2021  12:47:16,777263;9,252676E-1;1,675139E-1;1,992420E-1;9,180360E-1;;
02/12/2021  12:47:16,777363;9,258040E-1;1,155854E-1;1,069899E-1;9,177948E-1;;
02/12/2021  12:47:16,777463;9,273478E-1;9,647060E-2;1,265777E-1;9,175842E-1;;
02/12/2021  12:47:16,777563;9,271511E-1;1,362931E-1;1,300529E-1;9,174040E-1;;
02/12/2021  12:47:16,777663;9,288409E-1;1,764342E-1;1,790224E-1;9,172545E-1;;
02/12/2021  12:47:16,777763;9,304116E-1;1,302401E-1;1,328963E-1;9,171355E-1;;
02/12/2021  12:47:16,777863;9,315500E-1;1,229127E-1;1,189953E-1;9,170472E-1;;
02/12/2021  12:47:16,777963;9,310225E-1;1,190898E-1;1,287892E-1;9,169899E-1;;
02/12/2021  12:47:16,778063;9,318808E-1;1,206827E-1;1,208909E-1;9,169636E-1;;
02/12/2021  12:47:16,778163;9,334455E-1;1,334259E-1;1,657532E-1;9,169683E-1;;
02/12/2021  12:47:16,778263;9,348075E-1;1,187712E-1;1,120448E-1;9,170040E-1;;
02/12/2021  12:47:16,778363;9,361755E-1;1,174969E-1;1,117289E-1;9,170707E-1;;
02/12/2021  12:47:16,778463;9,361457E-1;1,139925E-1;1,202590E-1;9,171685E-1;;
02/12/2021  12:47:16,778563;9,370219E-1;1,321516E-1;1,351078E-1;9,172976E-1;;
02/12/2021  12:47:16,778663;9,385835E-1;1,280100E-1;1,325804E-1;9,174577E-1;;
02/12/2021  12:47:16,778763;9,392482E-1;1,159040E-1;1,177316E-1;9,176488E-1;;
02/12/2021  12:47:16,778863;9,404671E-1;1,136739E-1;1,401627E-1;9,178707E-1;;
02/12/2021  12:47:16,778963;9,397071E-1;1,280100E-1;1,287892E-1;9,181234E-1;;
02/12/2021  12:47:16,779063;9,401333E-1;1,155854E-1;1,249980E-1;9,184063E-1;;
02/12/2021  12:47:16,779163;9,412420E-1;1,127182E-1;1,139404E-1;9,187191E-1;;
02/12/2021  12:47:16,779263;9,422195E-1;1,257800E-1;1,253139E-1;9,190609E-1;;
02/12/2021  12:47:16,779363;9,425980E-1;1,356559E-1;1,474292E-1;9,194311E-1;;
02/12/2021  12:47:16,779463;9,423566E-1;1,034794E-1;1,133085E-1;9,198290E-1;;
02/12/2021  12:47:16,779563;9,427858E-1;1,235499E-1;1,237343E-1;9,202537E-1;;
02/12/2021  12:47:16,779663;9,446067E-1;1,340630E-1;1,445858E-1;9,207042E-1;;
02/12/2021  12:47:16,779763;9,453935E-1;1,225942E-1;1,243661E-1;9,211795E-1;;
02/12/2021  12:47:16,779863;9,460432E-1;1,178155E-1;9,751191E-2;9,216787E-1;;
02/12/2021  12:47:16,779963;9,453518E-1;8,436456E-2;9,530039E-2;9,222010E-1;;
02/12/2021  12:47:16,780063;9,464456E-1;1,123996E-1;1,347919E-1;9,227453E-1;;
02/12/2021  12:47:16,780163;9,479655E-1;1,108067E-1;9,182514E-2;9,233104E-1;;
02/12/2021  12:47:16,780263;9,491040E-1;1,254614E-1;1,272095E-1;9,238954E-1;;
02/12/2021  12:47:16,780363;9,493603E-1;1,267357E-1;1,215227E-1;9,244993E-1;;
02/12/2021  12:47:16,780463;9,494050E-1;1,254614E-1;1,205749E-1;9,251213E-1;;
02/12/2021  12:47:16,780563;9,503259E-1;1,095324E-1;1,129926E-1;9,257603E-1;;
02/12/2021  12:47:16,780663;9,520783E-1;5,123224E-2;9,466852E-2;9,264154E-1;;
02/12/2021  12:47:16,780763;9,531244E-1;1,318330E-1;1,335282E-1;9,270856E-1;;
02/12/2021  12:47:16,780863;9,531185E-1;1,146297E-1;1,202590E-1;9,277701E-1;;
02/12/2021  12:47:16,780963;9,526178E-1;1,162226E-1;1,224705E-1;9,284682E-1;;
02/12/2021  12:47:16,781063;9,530648E-1;1,210013E-1;1,253139E-1;9,291788E-1;;
02/12/2021  12:47:16,781163;9,542599E-1;1,308772E-1;1,224705E-1;9,299008E-1;;
02/12/2021  12:47:16,781263;9,544745E-1;1,123996E-1;1,186794E-1;9,306332E-1;;
02/12/2021  12:47:16,781363;9,541109E-1;1,283286E-1;1,265777E-1;9,313748E-1;;
02/12/2021  12:47:16,781463;9,537086E-1;1,311958E-1;1,332122E-1;9,321245E-1;;
02/12/2021  12:47:16,781563;9,545222E-1;1,257800E-1;1,303688E-1;9,328809E-1;;
02/12/2021  12:47:16,781663;9,549663E-1;1,636910E-1;1,913437E-1;9,336428E-1;;
02/12/2021  12:47:16,781763;9,553746E-1;1,280100E-1;1,249980E-1;9,344088E-1;;
02/12/2021  12:47:16,781863;9,537652E-1;1,257800E-1;1,212068E-1;9,351776E-1;;
02/12/2021  12:47:16,781963;9,526118E-1;1,079395E-1;1,215227E-1;9,359478E-1;;
02/12/2021  12:47:16,782063;9,524151E-1;1,254614E-1;1,199431E-1;9,367175E-1;;
02/12/2021  12:47:16,782163;9,526625E-1;1,203641E-1;1,259458E-1;9,374851E-1;;
02/12/2021  12:47:16,782263;9,521320E-1;1,082581E-1;1,196272E-1;9,382486E-1;;
02/12/2021  12:47:16,782363;9,506210E-1;1,203641E-1;1,322644E-1;9,390061E-1;;
02/12/2021  12:47:16,782463;9,494706E-1;1,299215E-1;1,344760E-1;9,397558E-1;;
02/12/2021  12:47:16,782563;9,495719E-1;1,257800E-1;1,167838E-1;9,404955E-1;;
02/12/2021  12:47:16,782663;9,497239E-1;1,092138E-1;1,129926E-1;9,412232E-1;;
02/12/2021  12:47:16,782763;9,489699E-1;1,216384E-1;1,240502E-1;9,419368E-1;;
02/12/2021  12:47:16,782863;9,484841E-1;1,267357E-1;1,256299E-1;9,426346E-1;;
02/12/2021  12:47:16,782963;9,467913E-1;1,181340E-1;1,098333E-1;9,433146E-1;;
02/12/2021  12:47:16,783063;9,473456E-1;1,206827E-1;1,218387E-1;9,439752E-1;;
02/12/2021  12:47:16,783163;9,480192E-1;1,296029E-1;1,316326E-1;9,446145E-1;;
02/12/2021  12:47:16,783263;9,477748E-1;1,318330E-1;1,354238E-1;9,452310E-1;;
02/12/2021  12:47:16,783363;9,472234E-1;1,318330E-1;1,366875E-1;9,458236E-1;;
02/12/2021  12:47:16,783463;9,466572E-1;1,069837E-1;1,291051E-1;9,463912E-1;;
02/12/2021  12:47:16,783563;9,477211E-1;1,120810E-1;1,196272E-1;9,469326E-1;;
02/12/2021  12:47:16,783663;9,476973E-1;1,273729E-1;1,265777E-1;9,474472E-1;;
02/12/2021  12:47:16,783763;9,476288E-1;1,439390E-1;1,411105E-1;9,479344E-1;;
02/12/2021  12:47:16,783863;9,469403E-1;1,464877E-1;1,597505E-1;9,483937E-1;;
02/12/2021  12:47:16,783963;9,460879E-1;1,350188E-1;1,189953E-1;9,488248E-1;;
02/12/2021  12:47:16,784063;9,460134E-1;1,222756E-1;9,845971E-2;9,492274E-1;;
02/12/2021  12:47:16,784163;9,461803E-1;1,229127E-1;1,278414E-1;9,496012E-1;;
02/12/2021  12:47:16,784263;9,452177E-1;1,372488E-1;1,370034E-1;9,499460E-1;;
02/12/2021  12:47:16,784363;9,438855E-1;1,155854E-1;1,218387E-1;9,502617E-1;;
02/12/2021  12:47:16,784463;9,429378E-1;5,919674E-2;9,656411E-2;9,505481E-1;;
02/12/2021  12:47:16,784563;9,435845E-1;1,123996E-1;1,325804E-1;9,508050E-1;;
02/12/2021  12:47:16,784663;9,435875E-1;1,401161E-1;1,395309E-1;9,510322E-1;;
02/12/2021  12:47:16,784763;9,429884E-1;1,241871E-1;1,221546E-1;9,512298E-1;;
02/12/2021  12:47:16,784863;9,417158E-1;1,203641E-1;1,126766E-1;9,513980E-1;;
02/12/2021  12:47:16,784963;9,416503E-1;6,939130E-2;9,024547E-2;9,515369E-1;;
02/12/2021  12:47:16,785063;9,421271E-1;1,257800E-1;9,182514E-2;9,516468E-1;;
02/12/2021  12:47:16,785163;9,426725E-1;1,292843E-1;1,249980E-1;9,517279E-1;;
02/12/2021  12:47:16,785263;9,415907E-1;1,267357E-1;1,262617E-1;9,517809E-1;;
02/12/2021  12:47:16,785363;9,404075E-1;1,614609E-1;1,676488E-1;9,518064E-1;;
02/12/2021  12:47:16,785463;9,403121E-1;1,108067E-1;1,249980E-1;9,518050E-1;;
02/12/2021  12:47:16,785563;9,414446E-1;1,404346E-1;1,344760E-1;9,517773E-1;;
02/12/2021  12:47:16,785663;9,406519E-1;1,092138E-1;9,435259E-2;9,517240E-1;;
02/12/2021  12:47:16,785763;9,389352E-1;1,101695E-1;1,231024E-1;9,516459E-1;;
02/12/2021  12:47:16,785863;9,369921E-1;1,095324E-1;1,117289E-1;9,515438E-1;;
02/12/2021  12:47:16,785963;9,362231E-1;1,299215E-1;1,240502E-1;9,514181E-1;;
02/12/2021  12:47:16,786063;9,368907E-1;1,538150E-1;1,660692E-1;9,512691E-1;;
02/12/2021  12:47:16,786163;9,356718E-1;1,041165E-1;1,054102E-1;9,510972E-1;;
02/12/2021  12:47:16,786263;9,344171E-1;-3,777220E-4;4,285567E-2;9,509029E-1;;
02/12/2021  12:47:16,786363;9,326527E-1;1,111253E-1;1,158360E-1;9,506866E-1;;
02/12/2021  12:47:16,786463;9,328256E-1;8,022302E-2;9,340479E-2;9,504483E-1;;
02/12/2021  12:47:16,786563;9,324799E-1;8,468314E-2;1,073058E-1;9,501885E-1;;
02/12/2021  12:47:16,786663;9,316335E-1;8,978042E-2;1,038306E-1;9,499074E-1;;
02/12/2021  12:47:16,786763;9,305308E-1;5,378088E-2;7,508074E-2;9,496053E-1;;
02/12/2021  12:47:16,786863;9,292641E-1;9,041758E-2;1,278414E-1;9,492828E-1;;
02/12/2021  12:47:16,786963;9,304026E-1;1,181340E-1;1,215227E-1;9,489400E-1;;
02/12/2021  12:47:16,787063;9,302804E-1;8,595746E-2;1,069899E-1;9,485774E-1;;
02/12/2021  12:47:16,787163;9,297112E-1;9,201048E-2;1,133085E-1;9,481957E-1;;
02/12/2021  12:47:16,787263;9,287188E-1;1,031608E-1;1,152041E-1;9,477958E-1;;
02/12/2021  12:47:16,787363;9,278872E-1;1,002936E-1;1,155200E-1;9,473783E-1;;
02/12/2021  12:47:16,787463;9,282300E-1;1,092138E-1;1,401627E-1;9,469439E-1;;
02/12/2021  12:47:16,787563;9,288350E-1;1,088952E-1;1,227865E-1;9,464935E-1;;
02/12/2021  12:47:16,787663;9,280601E-1;1,292843E-1;1,543797E-1;9,460280E-1;;
02/12/2021  12:47:16,787763;9,265610E-1;1,302401E-1;1,370034E-1;9,455484E-1;;
02/12/2021  12:47:16,787863;9,256252E-1;9,519628E-2;1,145722E-1;9,450557E-1;;
02/12/2021  12:47:16,787963;9,256282E-1;1,299215E-1;1,164678E-1;9,445506E-1;;
02/12/2021  12:47:16,788063;9,257116E-1;1,464877E-1;1,373193E-1;9,440338E-1;;
02/12/2021  12:47:16,788163;9,250470E-1;1,573194E-1;1,619620E-1;9,435063E-1;;
02/12/2021  12:47:16,788263;9,235181E-1;1,573194E-1;1,483770E-1;9,429689E-1;;
02/12/2021  12:47:16,788363;9,231337E-1;1,649653E-1;1,414265E-1;9,424223E-1;;
02/12/2021  12:47:16,788463;9,239890E-1;1,624167E-1;1,509044E-1;9,418673E-1;;
02/12/2021  12:47:16,788563;9,240158E-1;1,742041E-1;1,632258E-1;9,413045E-1;;
02/12/2021  12:47:16,788663;9,237416E-1;1,499920E-1;1,287892E-1;9,407350E-1;;
02/12/2021  12:47:16,788763;9,229310E-1;1,353374E-1;1,449017E-1;9,401598E-1;;
02/12/2021  12:47:16,788863;9,229429E-1;1,181340E-1;1,284732E-1;9,395798E-1;;
02/12/2021  12:47:16,788963;9,237566E-1;1,264171E-1;1,268936E-1;9,389961E-1;;
02/12/2021  12:47:16,789063;9,236135E-1;1,318330E-1;1,322644E-1;9,384095E-1;;
02/12/2021  12:47:16,789163;9,235062E-1;1,238685E-1;1,199431E-1;9,378214E-1;;
02/12/2021  12:47:16,789263;9,234406E-1;1,197269E-1;1,259458E-1;9,372328E-1;;
02/12/2021  12:47:16,789363;9,242185E-1;1,210013E-1;1,253139E-1;9,366450E-1;;
02/12/2021  12:47:16,789463;9,248563E-1;1,190898E-1;9,403666E-2;9,360592E-1;;
02/12/2021  12:47:16,789563;9,257385E-1;1,318330E-1;1,347919E-1;9,354766E-1;;
02/12/2021  12:47:16,789663;9,249099E-1;1,305587E-1;1,265777E-1;9,348989E-1;;
02/12/2021  12:47:16,789763;9,235300E-1;1,133553E-1;1,237343E-1;9,343273E-1;;
02/12/2021  12:47:16,789863;9,242155E-1;1,410718E-1;1,534319E-1;9,337629E-1;;
02/12/2021  12:47:16,789963;9,252825E-1;1,391603E-1;1,388990E-1;9,332069E-1;;
02/12/2021  12:47:16,790063;9,256163E-1;1,283286E-1;1,354238E-1;9,326602E-1;;
02/12/2021  12:47:16,790163;9,253778E-1;1,302401E-1;1,249980E-1;9,321241E-1;;
02/12/2021  12:47:16,790263;9,239801E-1;8,086018E-2;1,003553E-1;9,315997E-1;;
02/12/2021  12:47:16,790363;9,249517E-1;4,008194E-2;9,056141E-2;9,310877E-1;;
02/12/2021  12:47:16,790463;9,260514E-1;1,499920E-1;1,897641E-1;9,305891E-1;;
02/12/2021  12:47:16,790563;9,260454E-1;1,270543E-1;1,256299E-1;9,301046E-1;;
02/12/2021  12:47:16,790663;9,258726E-1;7,544432E-2;1,249980E-1;9,296351E-1;;
02/12/2021  12:47:16,790763;9,257802E-1;1,327887E-1;1,300529E-1;9,291815E-1;;
02/12/2021  12:47:16,790863;9,272822E-1;1,321516E-1;1,287892E-1;9,287444E-1;;
02/12/2021  12:47:16,790963;9,288082E-1;1,267357E-1;1,417424E-1;9,283247E-1;;
02/12/2021  12:47:16,791063;9,294579E-1;1,222756E-1;1,294210E-1;9,279231E-1;;
02/12/2021  12:47:16,791163;9,288737E-1;1,302401E-1;1,347919E-1;9,275409E-1;;
02/12/2021  12:47:16,791263;9,302447E-1;1,324701E-1;1,291051E-1;9,271787E-1;;
02/12/2021  12:47:16,791363;9,315471E-1;1,092138E-1;1,152041E-1;9,268377E-1;;
02/12/2021  12:47:16,791463;9,325872E-1;1,260985E-1;1,328963E-1;9,265185E-1;;
02/12/2021  12:47:16,791563;9,325186E-1;1,448948E-1;1,430061E-1;9,262224E-1;;
02/12/2021  12:47:16,791663;9,321223E-1;1,445762E-1;1,395309E-1;9,259501E-1;;
02/12/2021  12:47:16,791763;9,324441E-1;1,385232E-1;1,344760E-1;9,257023E-1;;
02/12/2021  12:47:16,791863;9,339194E-1;1,280100E-1;1,606983E-1;9,254796E-1;;
02/12/2021  12:47:16,791963;9,339462E-1;1,273729E-1;1,284732E-1;9,252823E-1;;
02/12/2021  12:47:16,792063;9,344797E-1;1,257800E-1;1,373193E-1;9,251109E-1;;
02/12/2021  12:47:16,792163;9,325455E-1;1,350188E-1;1,328963E-1;9,249657E-1;;
02/12/2021  12:47:16,792263;9,329508E-1;1,809992E-2;1,063580E-1;9,248466E-1;;
02/12/2021  12:47:16,792363;9,341161E-1;7,671864E-2;1,231024E-1;9,247533E-1;;
02/12/2021  12:47:16,792463;9,344618E-1;1,324701E-1;1,335282E-1;9,246856E-1;;
02/12/2021  12:47:16,792563;9,344469E-1;8,723178E-2;8,297904E-2;9,246430E-1;;
02/12/2021  12:47:16,792663;9,332816E-1;1,480806E-1;1,783905E-1;9,246253E-1;;
02/12/2021  12:47:16,792763;9,338210E-1;1,248242E-1;1,196272E-1;9,246316E-1;;
02/12/2021  12:47:16,792863;9,347300E-1;1,493549E-1;1,828136E-1;9,246614E-1;;
02/12/2021  12:47:16,792963;9,354155E-1;1,276914E-1;1,392149E-1;9,247138E-1;;
02/12/2021  12:47:16,793063;9,355138E-1;1,210013E-1;1,114129E-1;9,247882E-1;;
02/12/2021  12:47:16,793163;9,353589E-1;1,213198E-1;1,234183E-1;9,248840E-1;;
02/12/2021  12:47:16,793263;9,359937E-1;1,315144E-1;1,335282E-1;9,250003E-1;;
02/12/2021  12:47:16,793363;9,374659E-1;1,477620E-1;1,556434E-1;9,251364E-1;;
02/12/2021  12:47:16,793463;9,378951E-1;1,362931E-1;1,328963E-1;9,252918E-1;;
02/12/2021  12:47:16,793563;9,371858E-1;1,190898E-1;1,212068E-1;9,254657E-1;;
02/12/2021  12:47:16,793663;9,361546E-1;1,229127E-1;1,328963E-1;9,256576E-1;;
02/12/2021  12:47:16,793763;9,370517E-1;1,455319E-1;1,347919E-1;9,258665E-1;;
02/12/2021  12:47:16,793863;9,373169E-1;1,525407E-1;1,212068E-1;9,260914E-1;;
02/12/2021  12:47:16,793963;9,376030E-1;1,388417E-1;1,275255E-1;9,263313E-1;;
02/12/2021  12:47:16,794063;9,371590E-1;1,283286E-1;1,354238E-1;9,265854E-1;;
02/12/2021  12:47:16,794163;9,360622E-1;3,817046E-2;9,340479E-2;9,268525E-1;;
02/12/2021  12:47:16,794263;9,369533E-1;1,194084E-1;9,972343E-2;9,271315E-1;;
02/12/2021  12:47:16,794363;9,382736E-1;6,493118E-2;8,834988E-2;9,274212E-1;;
02/12/2021  12:47:16,794463;9,376746E-1;1,353374E-1;1,212068E-1;9,277206E-1;;
02/12/2021  12:47:16,794563;9,372335E-1;1,178155E-1;1,370034E-1;9,280286E-1;;
02/12/2021  12:47:16,794663;9,370696E-1;1,130368E-1;9,877564E-2;9,283442E-1;;
02/12/2021  12:47:16,794763;9,390276E-1;1,356559E-1;1,325804E-1;9,286663E-1;;
02/12/2021  12:47:16,794863;9,407234E-1;1,719741E-1;2,156705E-1;9,289941E-1;;
02/12/2021  12:47:16,794963;9,412628E-1;1,159040E-1;1,205749E-1;9,293269E-1;;
02/12/2021  12:47:16,795063;9,412688E-1;1,534964E-1;1,569071E-1;9,296645E-1;;
02/12/2021  12:47:16,795163;9,416264E-1;1,318330E-1;1,278414E-1;9,300064E-1;;
02/12/2021  12:47:16,795263;9,428841E-1;1,229127E-1;1,322644E-1;9,303525E-1;;
02/12/2021  12:47:16,795363;9,445173E-1;1,248242E-1;1,319485E-1;9,307024E-1;;
02/12/2021  12:47:16,795463;9,448928E-1;1,410718E-1;1,395309E-1;9,310562E-1;;
02/12/2021  12:47:16,795563;9,446604E-1;1,448948E-1;1,436380E-1;9,314139E-1;;
02/12/2021  12:47:16,795663;9,445382E-1;1,334259E-1;1,297370E-1;9,317757E-1;;
02/12/2021  12:47:16,795763;9,458436E-1;1,362931E-1;1,303688E-1;9,321413E-1;;
02/12/2021  12:47:16,795863;9,461326E-1;1,302401E-1;1,215227E-1;9,325108E-1;;
02/12/2021  12:47:16,795963;9,459538E-1;1,359745E-1;1,347919E-1;9,328841E-1;;
02/12/2021  12:47:16,796063;9,457452E-1;1,410718E-1;1,300529E-1;9,332610E-1;;
02/12/2021  12:47:16,796163;9,449912E-1;1,181340E-1;1,253139E-1;9,336413E-1;;
02/12/2021  12:47:16,796263;9,462250E-1;1,347002E-1;1,493248E-1;9,340246E-1;;
02/12/2021  12:47:16,796363;9,472324E-1;1,385232E-1;1,373193E-1;9,344105E-1;;
02/12/2021  12:47:16,796463;9,466900E-1;1,439390E-1;1,436380E-1;9,347987E-1;;
02/12/2021  12:47:16,796563;9,456111E-1;1,299215E-1;1,262617E-1;9,351888E-1;;
02/12/2021  12:47:16,796663;9,450240E-1;6,588692E-2;1,284732E-1;9,355804E-1;;
02/12/2021  12:47:16,796763;9,460164E-1;1,318330E-1;1,310007E-1;9,359727E-1;;
02/12/2021  12:47:16,796863;9,453667E-1;1,429833E-1;1,325804E-1;9,363650E-1;;
02/12/2021  12:47:16,796963;9,445412E-1;1,270543E-1;1,227865E-1;9,367566E-1;;
02/12/2021  12:47:16,797063;9,436530E-1;1,018865E-1;1,360556E-1;9,371466E-1;;
02/12/2021  12:47:16,797163;9,430123E-1;6,047106E-2;9,214107E-2;9,375339E-1;;
02/12/2021  12:47:16,797263;9,429974E-1;1,722926E-1;1,834454E-1;9,379174E-1;;
02/12/2021  12:47:16,797363;9,419692E-1;1,229127E-1;1,240502E-1;9,382960E-1;;
02/12/2021  12:47:16,797463;9,409559E-1;1,159040E-1;1,120448E-1;9,386684E-1;;
02/12/2021  12:47:16,797563;9,394240E-1;1,241871E-1;1,249980E-1;9,390333E-1;;
02/12/2021  12:47:16,797663;9,388846E-1;6,620550E-2;1,016190E-1;9,393891E-1;;
02/12/2021  12:47:16,797763;9,390515E-1;1,050723E-1;1,196272E-1;9,397344E-1;;
02/12/2021  12:47:16,797863;9,392601E-1;1,327887E-1;1,316326E-1;9,400677E-1;;
02/12/2021  12:47:16,797963;9,373646E-1;1,203641E-1;1,208909E-1;9,403876E-1;;
02/12/2021  12:47:16,798063;9,376090E-1;1,410718E-1;1,398468E-1;9,406931E-1;;
02/12/2021  12:47:16,798163;9,374600E-1;1,579565E-1;1,385831E-1;9,409828E-1;;
02/12/2021  12:47:16,798263;9,386640E-1;1,146297E-1;7,792413E-2;9,412557E-1;;
02/12/2021  12:47:16,798363;9,383243E-1;1,053908E-1;8,898175E-2;9,415110E-1;;
02/12/2021  12:47:16,798463;9,383153E-1;1,289658E-1;1,240502E-1;9,417483E-1;;
02/12/2021  12:47:16,798563;9,372037E-1;6,461260E-2;8,803395E-2;9,419671E-1;;
02/12/2021  12:47:16,798663;9,377818E-1;1,337445E-1;1,253139E-1;9,421670E-1;;
02/12/2021  12:47:16,798763;9,387713E-1;1,111253E-1;9,877564E-2;9,423478E-1;;
02/12/2021  12:47:16,798863;9,381305E-1;8,723178E-2;9,150920E-2;9,425094E-1;;
02/12/2021  12:47:16,798963;9,377282E-1;1,130368E-1;1,755471E-1;9,426520E-1;;
02/12/2021  12:47:16,799063;9,363543E-1;1,969282E-2;7,255328E-2;9,427755E-1;;
02/12/2021  12:47:16,799163;9,374928E-1;1,047537E-1;1,076217E-1;9,428801E-1;;
02/12/2021  12:47:16,799263;9,370308E-1;8,786894E-2;1,373193E-1;9,429659E-1;;
02/12/2021  12:47:16,799363;9,366583E-1;1,117624E-1;1,218387E-1;9,430331E-1;;
02/12/2021  12:47:16,799463;9,352844E-1;9,073616E-2;4,569906E-2;9,430819E-1;;
02/12/2021  12:47:16,799563;9,349088E-1;1,009307E-1;1,142563E-1;9,431125E-1;;
02/12/2021  12:47:16,799663;9,361844E-1;1,015679E-1;1,164678E-1;9,431250E-1;;
02/12/2021  12:47:16,799763;9,365093E-1;1,047537E-1;1,231024E-1;9,431197E-1;;
02/12/2021  12:47:16,799863;9,356837E-1;1,171783E-1;1,253139E-1;9,430971E-1;;
02/12/2021  12:47:16,799963;9,345303E-1;1,069837E-1;1,123607E-1;9,430578E-1;;
02/12/2021  12:47:16,800063;9,345244E-1;1,117624E-1;1,259458E-1;9,430022E-1;;
02/12/2021  12:47:16,800163;9,355407E-1;8,595746E-2;9,087734E-2;9,429307E-1;;
02/12/2021  12:47:16,800263;9,367149E-1;9,615202E-2;1,148882E-1;9,428438E-1;;
02/12/2021  12:47:16,800363;9,356807E-1;1,114439E-1;1,417424E-1;9,427425E-1;;
02/12/2021  12:47:16,800463;9,344230E-1;8,691320E-2;1,114129E-1;9,426276E-1;;
02/12/2021  12:47:16,800563;9,352695E-1;9,742634E-2;1,133085E-1;9,424997E-1;;
02/12/2021  12:47:16,800663;9,360592E-1;1,015679E-1;1,189953E-1;9,423597E-1;;
02/12/2021  12:47:16,800763;9,359221E-1;1,165411E-1;1,316326E-1;9,422084E-1;;
02/12/2021  12:47:16,800863;9,355496E-1;1,066652E-1;1,287892E-1;9,420468E-1;;
02/12/2021  12:47:16,800963;9,348313E-1;1,190898E-1;1,351078E-1;9,418757E-1;;
02/12/2021  12:47:16,801063;9,350280E-1;1,143111E-1;1,300529E-1;9,416960E-1;;
02/12/2021  12:47:16,801163;9,362977E-1;1,264171E-1;1,354238E-1;9,415086E-1;;
02/12/2021  12:47:16,801263;9,365540E-1;1,452133E-1;1,354238E-1;9,413142E-1;;
02/12/2021  12:47:16,801363;9,362977E-1;1,493549E-1;1,158360E-1;9,411141E-1;;
02/12/2021  12:47:16,801463;9,349535E-1;1,254614E-1;1,379512E-1;9,409091E-1;;
02/12/2021  12:47:16,801563;9,358506E-1;1,812129E-1;1,572231E-1;9,407002E-1;;
02/12/2021  12:47:16,801663;9,369623E-1;1,824872E-1;1,208909E-1;9,404881E-1;;
02/12/2021  12:47:16,801763;9,364795E-1;1,525407E-1;1,455336E-1;9,402739E-1;;
02/12/2021  12:47:16,801863;9,363334E-1;1,490363E-1;1,407946E-1;9,400584E-1;;
02/12/2021  12:47:16,801963;9,349714E-1;1,439390E-1;1,496407E-1;9,398426E-1;;
02/12/2021  12:47:16,802063;9,359937E-1;2,542726E-2;8,645429E-2;9,396270E-1;;
02/12/2021  12:47:16,802163;9,368103E-1;1,366117E-1;1,388990E-1;9,394124E-1;;
02/12/2021  12:47:16,802263;9,364109E-1;1,251428E-1;1,265777E-1;9,391994E-1;;
02/12/2021  12:47:16,802363;9,363781E-1;1,210013E-1;1,268936E-1;9,389887E-1;;
02/12/2021  12:47:16,802463;9,362202E-1;1,216384E-1;1,366875E-1;9,387811E-1;;
02/12/2021  12:47:16,802563;9,368341E-1;1,238685E-1;1,174156E-1;9,385772E-1;;
02/12/2021  12:47:16,802663;9,384584E-1;1,213198E-1;1,370034E-1;9,383775E-1;;
02/12/2021  12:47:16,802763;9,387147E-1;1,194084E-1;1,218387E-1;9,381828E-1;;
02/12/2021  12:47:16,802863;9,385716E-1;1,311958E-1;1,335282E-1;9,379941E-1;;
02/12/2021  12:47:16,802963;9,389203E-1;1,315144E-1;1,328963E-1;9,378121E-1;;
02/12/2021  12:47:16,803063;9,403419E-1;5,123224E-2;7,413294E-2;9,376376E-1;;
02/12/2021  12:47:16,803163;9,418291E-1;1,127182E-1;1,098333E-1;9,374715E-1;;
02/12/2021  12:47:16,803263;9,422642E-1;1,123996E-1;1,142563E-1;9,373149E-1;;
02/12/2021  12:47:16,803363;9,414446E-1;1,225942E-1;1,486929E-1;9,371689E-1;;
02/12/2021  12:47:16,803463;9,403211E-1;1,111253E-1;8,645429E-2;9,370342E-1;;
02/12/2021  12:47:16,803563;9,418768E-1;1,276914E-1;1,268936E-1;9,369115E-1;;
02/12/2021  12:47:16,803663;9,418142E-1;1,079395E-1;1,202590E-1;9,368013E-1;;
02/12/2021  12:47:16,803763;9,412390E-1;1,337445E-1;1,351078E-1;9,367040E-1;;
02/12/2021  12:47:16,803863;9,407741E-1;1,165411E-1;1,272095E-1;9,366199E-1;;
02/12/2021  12:47:16,803963;9,383183E-1;1,321516E-1;1,253139E-1;9,365491E-1;;
02/12/2021  12:47:16,804063;9,402287E-1;1,200455E-1;1,363715E-1;9,364912E-1;;
02/12/2021  12:47:16,804163;9,399426E-1;1,420275E-1;1,524841E-1;9,364459E-1;;
02/12/2021  12:47:16,804263;9,400320E-1;1,385232E-1;1,442698E-1;9,364128E-1;;
02/12/2021  12:47:16,804363;9,389680E-1;1,254614E-1;1,180475E-1;9,363916E-1;;
02/12/2021  12:47:16,804463;9,393227E-1;1,203641E-1;1,170997E-1;9,363816E-1;;
02/12/2021  12:47:16,804563;9,414089E-1;1,216384E-1;1,139404E-1;9,363825E-1;;
02/12/2021  12:47:16,804663;9,420794E-1;1,308772E-1;1,401627E-1;9,363937E-1;;
02/12/2021  12:47:16,804763;9,427381E-1;1,276914E-1;1,313166E-1;9,364153E-1;;
02/12/2021  12:47:16,804863;9,424848E-1;1,178155E-1;1,234183E-1;9,364473E-1;;
02/12/2021  12:47:16,804963;9,433908E-1;1,181340E-1;1,215227E-1;9,364895E-1;;
02/12/2021  12:47:16,805063;9,455396E-1;1,315144E-1;1,581709E-1;9,365421E-1;;
02/12/2021  12:47:16,805163;9,466840E-1;1,331073E-1;1,297370E-1;9,366053E-1;;
02/12/2021  12:47:16,805263;9,467615E-1;1,057094E-1;1,227865E-1;9,366796E-1;;
02/12/2021  12:47:16,805363;9,463591E-1;1,184526E-1;1,142563E-1;9,367654E-1;;
02/12/2021  12:47:16,805463;9,470357E-1;7,608148E-2;1,259458E-1;9,368630E-1;;
02/12/2021  12:47:16,805563;9,478284E-1;1,372488E-1;1,407946E-1;9,369726E-1;;
02/12/2021  12:47:16,805663;9,476079E-1;1,280100E-1;1,332122E-1;9,370945E-1;;
02/12/2021  12:47:16,805763;9,476884E-1;1,063466E-1;1,249980E-1;9,372287E-1;;
02/12/2021  12:47:16,805863;9,465439E-1;1,130368E-1;1,205749E-1;9,373752E-1;;
02/12/2021  12:47:16,805963;9,469492E-1;1,088952E-1;1,445858E-1;9,375338E-1;;
02/12/2021  12:47:16,806063;9,479983E-1;4,517922E-2;8,834988E-2;9,377041E-1;;
02/12/2021  12:47:16,806163;9,474291E-1;1,232313E-1;1,262617E-1;9,378857E-1;;
02/12/2021  12:47:16,806263;9,475006E-1;1,378860E-1;1,344760E-1;9,380782E-1;;
02/12/2021  12:47:16,806363;9,462459E-1;1,423461E-1;1,575390E-1;9,382811E-1;;
02/12/2021  12:47:16,806463;9,470357E-1;5,091366E-2;6,686651E-2;9,384937E-1;;
02/12/2021  12:47:16,806563;9,477539E-1;1,178155E-1;1,376353E-1;9,387154E-1;;
02/12/2021  12:47:16,806663;9,477599E-1;1,216384E-1;1,221546E-1;9,389452E-1;;
02/12/2021  12:47:16,806763;9,477986E-1;1,327887E-1;1,294210E-1;9,391828E-1;;
02/12/2021  12:47:16,806863;9,474857E-1;1,385232E-1;1,423743E-1;9,394274E-1;;
02/12/2021  12:47:16,806963;9,486093E-1;1,123996E-1;1,069899E-1;9,396783E-1;;
02/12/2021  12:47:16,807063;9,494318E-1;7,162136E-2;5,865227E-2;9,399350E-1;;
02/12/2021  12:47:16,807163;9,494408E-1;1,095324E-1;1,189953E-1;9,401970E-1;;
02/12/2021  12:47:16,807263;9,496911E-1;1,286472E-1;1,272095E-1;9,404638E-1;;
02/12/2021  12:47:16,807363;9,485854E-1;1,257800E-1;1,294210E-1;9,407352E-1;;
02/12/2021  12:47:16,807463;9,490593E-1;1,216384E-1;1,142563E-1;9,410104E-1;;
02/12/2021  12:47:16,807563;9,496107E-1;1,200455E-1;1,158360E-1;9,412889E-1;;
02/12/2021  12:47:16,807663;9,496315E-1;1,315144E-1;1,385831E-1;9,415702E-1;;
02/12/2021  12:47:16,807763;9,492918E-1;1,468062E-1;1,455336E-1;9,418537E-1;;
02/12/2021  12:47:16,807863;9,483232E-1;1,375674E-1;1,338441E-1;9,421388E-1;;
02/12/2021  12:47:16,807963;9,487195E-1;1,079395E-1;1,417424E-1;9,424249E-1;;
02/12/2021  12:47:16,808063;9,491040E-1;1,254614E-1;1,303688E-1;9,427111E-1;;
02/12/2021  12:47:16,808163;9,484245E-1;1,366117E-1;1,392149E-1;9,429969E-1;;
02/12/2021  12:47:16,808263;9,469284E-1;1,206827E-1;2,046129E-1;9,432814E-1;;
02/12/2021  12:47:16,808363;9,457929E-1;1,276914E-1;1,158360E-1;9,435637E-1;;
02/12/2021  12:47:16,808463;9,467615E-1;1,229127E-1;1,231024E-1;9,438428E-1;;
02/12/2021  12:47:16,808563;9,462191E-1;1,308772E-1;1,521681E-1;9,441176E-1;;
02/12/2021  12:47:16,808663;9,460939E-1;1,369303E-1;1,363715E-1;9,443871E-1;;
02/12/2021  12:47:16,808763;9,448690E-1;1,155854E-1;1,224705E-1;9,446504E-1;;
02/12/2021  12:47:16,808863;9,442551E-1;1,203641E-1;1,193112E-1;9,449064E-1;;
02/12/2021  12:47:16,808963;9,449971E-1;1,203641E-1;1,104651E-1;9,451541E-1;;
02/12/2021  12:47:16,809063;9,453458E-1;1,305587E-1;1,328963E-1;9,453926E-1;;
02/12/2021  12:47:16,809163;9,445590E-1;1,350188E-1;1,272095E-1;9,456212E-1;;
02/12/2021  12:47:16,809263;9,435994E-1;1,222756E-1;1,234183E-1;9,458391E-1;;
02/12/2021  12:47:16,809363;9,436441E-1;1,073023E-1;1,142563E-1;9,460456E-1;;
02/12/2021  12:47:16,809463;9,445382E-1;1,353374E-1;1,578549E-1;9,462401E-1;;
02/12/2021  12:47:16,809563;9,445739E-1;1,238685E-1;1,303688E-1;9,464221E-1;;
02/12/2021  12:47:16,809663;9,441299E-1;1,229127E-1;1,253139E-1;9,465912E-1;;
02/12/2021  12:47:16,809763;9,430182E-1;1,343816E-1;1,278414E-1;9,467471E-1;;
02/12/2021  12:47:16,809863;9,424669E-1;1,423461E-1;1,420583E-1;9,468896E-1;;
02/12/2021  12:47:16,809963;9,433401E-1;1,375674E-1;1,354238E-1;9,470183E-1;;
02/12/2021  12:47:16,810063;9,432805E-1;1,308772E-1;1,360556E-1;9,471329E-1;;
02/12/2021  12:47:16,810163;9,419304E-1;1,235499E-1;1,259458E-1;9,472332E-1;;
02/12/2021  12:47:16,810263;9,407800E-1;1,340630E-1;1,341600E-1;9,473192E-1;;
02/12/2021  12:47:16,810363;9,405684E-1;1,375674E-1;1,246821E-1;9,473906E-1;;
02/12/2021  12:47:16,810463;9,406698E-1;1,410718E-1;2,030332E-1;9,474470E-1;;
02/12/2021  12:47:16,810563;9,398472E-1;1,464877E-1;1,433221E-1;9,474881E-1;;
02/12/2021  12:47:16,810663;9,387057E-1;1,235499E-1;1,259458E-1;9,475138E-1;;
02/12/2021  12:47:16,810763;9,371560E-1;1,299215E-1;1,423743E-1;9,475237E-1;;
02/12/2021  12:47:16,810863;9,370457E-1;1,302401E-1;1,297370E-1;9,475174E-1;;
02/12/2021  12:47:16,810963;9,367149E-1;1,299215E-1;1,385831E-1;9,474945E-1;;
02/12/2021  12:47:16,811063;9,362410E-1;1,280100E-1;1,208909E-1;9,474547E-1;;
02/12/2021  12:47:16,811163;9,348105E-1;1,267357E-1;1,281573E-1;9,473976E-1;;
02/12/2021  12:47:16,811263;9,330134E-1;9,838208E-2;8,013565E-2;9,473228E-1;;
02/12/2021  12:47:16,811363;9,323309E-1;1,417090E-1;1,294210E-1;9,472300E-1;;
02/12/2021  12:47:16,811463;9,329836E-1;1,582751E-1;1,638576E-1;9,471186E-1;;
02/12/2021  12:47:16,811563;9,324680E-1;1,442576E-1;1,335282E-1;9,469882E-1;;
02/12/2021  12:47:16,811663;9,308497E-1;1,496735E-1;1,420583E-1;9,468386E-1;;
02/12/2021  12:47:16,811763;9,305546E-1;1,241871E-1;1,253139E-1;9,466697E-1;;
02/12/2021  12:47:16,811863;9,311924E-1;8,595746E-2;7,571260E-2;9,464814E-1;;
02/12/2021  12:47:16,811963;9,322593E-1;1,362931E-1;1,291051E-1;9,462736E-1;;
02/12/2021  12:47:16,812063;9,318779E-1;1,232313E-1;1,076217E-1;9,460468E-1;;
02/12/2021  12:47:16,812163;9,301940E-1;1,337445E-1;1,297370E-1;9,458016E-1;;
02/12/2021  12:47:16,812263;9,299317E-1;1,206827E-1;1,246821E-1;9,455384E-1;;
02/12/2021  12:47:16,812363;9,311417E-1;9,997498E-2;9,561632E-2;9,452579E-1;;
02/12/2021  12:47:16,812463;9,317944E-1;4,231200E-2;6,212753E-2;9,449606E-1;;
02/12/2021  12:47:16,812563;9,313891E-1;1,101695E-1;1,054102E-1;9,446475E-1;;
02/12/2021  12:47:16,812663;9,308646E-1;9,424054E-2;1,079377E-1;9,443198E-1;;
02/12/2021  12:47:16,812763;9,302923E-1;9,073616E-2;1,013031E-1;9,439785E-1;;
02/12/2021  12:47:16,812863;9,316663E-1;1,114439E-1;1,221546E-1;9,436245E-1;;
02/12/2021  12:47:16,812963;9,326676E-1;1,206827E-1;1,423743E-1;9,432591E-1;;
02/12/2021  12:47:16,813063;9,319166E-1;1,114439E-1;1,193112E-1;9,428836E-1;;
02/12/2021  12:47:16,813163;9,311417E-1;9,137332E-2;9,624818E-2;9,424995E-1;;
02/12/2021  12:47:16,813263;9,313951E-1;7,863012E-2;1,253139E-1;9,421080E-1;;
02/12/2021  12:47:16,813363;9,323815E-1;1,187712E-1;1,278414E-1;9,417105E-1;;
02/12/2021  12:47:16,813463;9,323190E-1;9,806350E-2;1,063580E-1;9,413081E-1;;
02/12/2021  12:47:16,813563;9,326259E-1;9,296622E-2;1,025668E-1;9,409024E-1;;
02/12/2021  12:47:16,813663;9,321610E-1;9,073616E-2;9,561632E-2;9,404946E-1;;
02/12/2021  12:47:16,813763;9,319613E-1;1,174969E-1;1,275255E-1;9,400862E-1;;
02/12/2021  12:47:16,813863;9,334515E-1;1,321516E-1;1,638576E-1;9,396783E-1;;
02/12/2021  12:47:16,813963;9,345393E-1;1,203641E-1;1,322644E-1;9,392723E-1;;
02/12/2021  12:47:16,814063;9,344976E-1;1,165411E-1;1,449017E-1;9,388697E-1;;
02/12/2021  12:47:16,814163;9,337644E-1;1,159040E-1;1,268936E-1;9,384719E-1;;
02/12/2021  12:47:16,814263;9,335617E-1;2,235840E-1;1,727037E-1;9,380802E-1;;
02/12/2021  12:47:16,814363;9,348224E-1;1,162226E-1;1,107811E-1;9,376959E-1;;
02/12/2021  12:47:16,814463;9,356569E-1;1,487177E-1;1,379512E-1;9,373200E-1;;
02/12/2021  12:47:16,814563;9,351651E-1;1,554079E-1;1,490088E-1;9,369538E-1;;
02/12/2021  12:47:16,814663;9,348522E-1;1,786642E-1;1,584868E-1;9,365984E-1;;
02/12/2021  12:47:16,814763;9,346853E-1;1,843987E-1;1,575390E-1;9,362548E-1;;
02/12/2021  12:47:16,814863;9,361725E-1;1,595494E-1;1,597505E-1;9,359237E-1;;
02/12/2021  12:47:16,814963;9,361159E-1;1,544522E-1;1,458495E-1;9,356061E-1;;
02/12/2021  12:47:16,815063;9,358059E-1;1,509478E-1;1,313166E-1;9,353027E-1;;
02/12/2021  12:47:16,815163;9,350102E-1;1,413904E-1;1,423743E-1;9,350142E-1;;
02/12/2021  12:47:16,815263;9,349565E-1;1,375674E-1;1,310007E-1;9,347411E-1;;
02/12/2021  12:47:16,815363;9,358983E-1;1,283286E-1;1,044624E-1;9,344835E-1;;
02/12/2021  12:47:16,815463;9,360175E-1;1,283286E-1;1,319485E-1;9,342419E-1;;
02/12/2021  12:47:16,815563;9,357523E-1;1,375674E-1;1,341600E-1;9,340164E-1;;
02/12/2021  12:47:16,815663;9,353946E-1;1,391603E-1;1,385831E-1;9,338072E-1;;
02/12/2021  12:47:16,815763;9,359221E-1;1,092138E-1;1,167838E-1;9,336143E-1;;
02/12/2021  12:47:16,815863;9,373408E-1;2,988738E-2;2,611128E-2;9,334378E-1;;
02/12/2021  12:47:16,815963;9,365331E-1;1,292843E-1;1,392149E-1;9,332777E-1;;
02/12/2021  12:47:16,816063;9,370815E-1;1,477620E-1;1,354238E-1;9,331341E-1;;
02/12/2021  12:47:16,816163;9,368639E-1;1,375674E-1;1,313166E-1;9,330069E-1;;
02/12/2021  12:47:16,816263;9,374689E-1;1,076209E-1;1,164678E-1;9,328961E-1;;
02/12/2021  12:47:16,816363;9,388488E-1;1,385232E-1;1,499566E-1;9,328015E-1;;
02/12/2021  12:47:16,816463;9,390276E-1;1,270543E-1;1,268936E-1;9,327233E-1;;
02/12/2021  12:47:16,816563;9,393912E-1;1,257800E-1;1,249980E-1;9,326614E-1;;
02/12/2021  12:47:16,816663;9,403538E-1;1,219570E-1;1,227865E-1;9,326159E-1;;
02/12/2021  12:47:16,816763;9,411466E-1;5,792242E-2;1,031987E-1;9,325869E-1;;
02/12/2021  12:47:16,816863;9,426725E-1;1,522221E-1;1,436380E-1;9,325747E-1;;
02/12/2021  12:47:16,816963;9,433639E-1;1,372488E-1;1,265777E-1;9,325794E-1;;
02/12/2021  12:47:16,817063;9,433759E-1;1,327887E-1;1,392149E-1;9,326015E-1;;
02/12/2021  12:47:16,817163;9,438915E-1;1,203641E-1;1,145722E-1;9,326412E-1;;
02/12/2021  12:47:16,817263;9,450299E-1;1,420275E-1;1,641736E-1;9,326987E-1;;
02/12/2021  12:47:16,817363;9,466274E-1;1,382046E-1;1,461654E-1;9,327744E-1;;
02/12/2021  12:47:16,817463;9,465767E-1;1,340630E-1;1,297370E-1;9,328685E-1;;
02/12/2021  12:47:16,817563;9,475274E-1;1,257800E-1;1,332122E-1;9,329813E-1;;
02/12/2021  12:47:16,817663;9,477718E-1;1,327887E-1;1,328963E-1;9,331132E-1;;
02/12/2021  12:47:16,817763;9,498342E-1;1,426647E-1;1,328963E-1;9,332642E-1;;
02/12/2021  12:47:16,817863;9,507551E-1;1,210013E-1;1,287892E-1;9,334347E-1;;
02/12/2021  12:47:16,817963;9,522363E-1;1,104881E-1;1,174156E-1;9,336251E-1;;
02/12/2021  12:47:16,818063;9,526118E-1;1,302401E-1;1,227865E-1;9,338357E-1;;
02/12/2021  12:47:16,818163;9,526118E-1;1,407532E-1;1,420583E-1;9,340670E-1;;
02/12/2021  12:47:16,818263;9,543076E-1;1,308772E-1;1,341600E-1;9,343191E-1;;
02/12/2021  12:47:16,818363;9,558246E-1;1,203641E-1;1,183634E-1;9,345923E-1;;
02/12/2021  12:47:16,818463;9,562001E-1;1,302401E-1;1,303688E-1;9,348868E-1;;
02/12/2021  12:47:16,818563;9,567813E-1;1,289658E-1;1,347919E-1;9,352028E-1;;
02/12/2021  12:47:16,818663;9,576515E-1;1,359745E-1;1,360556E-1;9,355405E-1;;
02/12/2021  12:47:16,818763;9,591953E-1;1,251428E-1;1,272095E-1;9,359000E-1;;
02/12/2021  12:47:16,818863;9,601818E-1;1,114439E-1;1,120448E-1;9,362812E-1;;
02/12/2021  12:47:16,818963;9,610729E-1;1,327887E-1;1,357397E-1;9,366844E-1;;
02/12/2021  12:47:16,819063;9,603815E-1;1,327887E-1;1,325804E-1;9,371093E-1;;
02/12/2021  12:47:16,819163;9,617107E-1;7,385142E-2;1,155200E-1;9,375561E-1;;
02/12/2021  12:47:16,819263;9,627746E-1;1,235499E-1;1,253139E-1;9,380242E-1;;
02/12/2021  12:47:16,819363;9,635287E-1;1,210013E-1;1,249980E-1;9,385134E-1;;
02/12/2021  12:47:16,819463;9,641128E-1;1,292843E-1;1,344760E-1;9,390234E-1;;
02/12/2021  12:47:16,819563;9,641515E-1;7,863012E-2;1,392149E-1;9,395537E-1;;
02/12/2021  12:47:16,819663;9,500190E-1;1,480806E-1;1,335282E-1;9,401034E-1;;
02/12/2021  12:47:16,819763;9,492620E-1;1,706997E-1;1,496407E-1;9,406701E-1;;
02/12/2021  12:47:16,819863;9,495242E-1;1,971419E-1;1,682807E-1;9,412502E-1;;
02/12/2021  12:47:16,819963;9,492351E-1;1,585937E-1;1,303688E-1;9,418397E-1;;
02/12/2021  12:47:16,820063;9,473546E-1;1,178155E-1;1,322644E-1;9,424350E-1;;
02/12/2021  12:47:16,820163;9,456916E-1;1,506292E-1;1,420583E-1;9,430324E-1;;
02/12/2021  12:47:16,820263;9,456022E-1;1,585937E-1;1,496407E-1;9,436280E-1;;
02/12/2021  12:47:16,820363;9,453518E-1;1,433019E-1;1,518522E-1;9,442183E-1;;
02/12/2021  12:47:16,820463;9,450031E-1;1,241871E-1;1,133085E-1;9,447998E-1;;
02/12/2021  12:47:16,820563;9,438319E-1;1,229127E-1;1,224705E-1;9,453695E-1;;
02/12/2021  12:47:16,820663;9,431792E-1;-6,090792E-2;2,769094E-2;9,459243E-1;;
02/12/2021  12:47:16,820763;9,433788E-1;1,149482E-1;1,237343E-1;9,464615E-1;;
02/12/2021  12:47:16,820863;9,442670E-1;1,245056E-1;1,278414E-1;9,469784E-1;;
02/12/2021  12:47:16,820963;9,437037E-1;1,200455E-1;1,180475E-1;9,474729E-1;;
02/12/2021  12:47:16,821063;9,429050E-1;6,684266E-2;8,740209E-2;9,479432E-1;;
02/12/2021  12:47:16,821163;9,418321E-1;1,318330E-1;1,376353E-1;9,483877E-1;;
02/12/2021  12:47:16,821263;9,435934E-1;1,347002E-1;1,531159E-1;9,488047E-1;;
02/12/2021  12:47:16,821363;9,432626E-1;1,213198E-1;1,243661E-1;9,491932E-1;;
02/12/2021  12:47:16,821463;9,422761E-1;1,257800E-1;1,613302E-1;9,495522E-1;;
02/12/2021  12:47:16,821563;9,416085E-1;1,362931E-1;1,351078E-1;9,498810E-1;;
02/12/2021  12:47:16,821663;9,404075E-1;1,254614E-1;1,196272E-1;9,501788E-1;;
02/12/2021  12:47:16,821763;9,410572E-1;1,229127E-1;1,268936E-1;9,504452E-1;;
02/12/2021  12:47:16,821863;9,406280E-1;1,257800E-1;1,224705E-1;9,506795E-1;;
02/12/2021  12:47:16,821963;9,400171E-1;1,458505E-1;1,518522E-1;9,508816E-1;;
02/12/2021  12:47:16,822063;9,381812E-1;1,289658E-1;1,268936E-1;9,510513E-1;;
02/12/2021  12:47:16,822163;9,379338E-1;1,206827E-1;1,234183E-1;9,511883E-1;;
02/12/2021  12:47:16,822263;9,383332E-1;1,123996E-1;1,344760E-1;9,512926E-1;;
02/12/2021  12:47:16,822363;9,386998E-1;1,225942E-1;1,170997E-1;9,513642E-1;;
02/12/2021  12:47:16,822463;9,382647E-1;1,260985E-1;1,306848E-1;9,514034E-1;;
02/12/2021  12:47:16,822563;9,375643E-1;1,299215E-1;1,411105E-1;9,514107E-1;;
02/12/2021  12:47:16,822663;9,369027E-1;1,136739E-1;1,240502E-1;9,513867E-1;;
02/12/2021  12:47:16,822763;9,372186E-1;6,811698E-2;1,120448E-1;9,513320E-1;;
02/12/2021  12:47:16,822863;9,384405E-1;1,146297E-1;1,205749E-1;9,512473E-1;;
02/12/2021  12:47:16,822963;9,377699E-1;1,168597E-1;1,114129E-1;9,511336E-1;;
02/12/2021  12:47:16,823063;9,376239E-1;9,360338E-2;9,182514E-2;9,509922E-1;;
02/12/2021  12:47:16,823163;9,373318E-1;1,028422E-1;1,120448E-1;9,508241E-1;;
02/12/2021  12:47:16,823263;9,384196E-1;1,171783E-1;1,066739E-1;9,506308E-1;;
02/12/2021  12:47:16,823363;9,383868E-1;1,324701E-1;1,291051E-1;9,504137E-1;;
02/12/2021  12:47:16,823463;9,377640E-1;1,302401E-1;1,291051E-1;9,501742E-1;;
02/12/2021  12:47:16,823563;9,363483E-1;1,127182E-1;1,152041E-1;9,499140E-1;;
02/12/2021  12:47:16,823663;9,368490E-1;3,753330E-2;8,550650E-2;9,496344E-1;;
02/12/2021  12:47:16,823763;9,369891E-1;8,500172E-2;9,024547E-2;9,493368E-1;;
02/12/2021  12:47:16,823863;9,366553E-1;1,210013E-1;1,256299E-1;9,490224E-1;;
02/12/2021  12:47:16,823963;9,363066E-1;1,174969E-1;1,240502E-1;9,486929E-1;;
02/12/2021  12:47:16,824063;9,348105E-1;1,321516E-1;1,297370E-1;9,483493E-1;;
02/12/2021  12:47:16,824163;9,348254E-1;1,388417E-1;1,202590E-1;9,479931E-1;;
02/12/2021  12:47:16,824263;9,358506E-1;1,229127E-1;1,212068E-1;9,476252E-1;;
02/12/2021  12:47:16,824363;9,362589E-1;1,206827E-1;1,164678E-1;9,472469E-1;;
02/12/2021  12:47:16,824463;9,347390E-1;1,308772E-1;2,181979E-1;9,468594E-1;;
02/12/2021  12:47:16,824563;9,338836E-1;1,241871E-1;1,287892E-1;9,464641E-1;;
02/12/2021  12:47:16,824663;9,343366E-1;1,232313E-1;1,294210E-1;9,460619E-1;;
02/12/2021  12:47:16,824763;9,350310E-1;1,318330E-1;1,442698E-1;9,456538E-1;;
02/12/2021  12:47:16,824863;9,345601E-1;1,270543E-1;1,256299E-1;9,452410E-1;;
02/12/2021  12:47:16,824963;9,338002E-1;1,174969E-1;1,303688E-1;9,448245E-1;;
02/12/2021  12:47:16,825063;9,331922E-1;1,229127E-1;1,281573E-1;9,444054E-1;;
02/12/2021  12:47:16,825163;9,333263E-1;4,517922E-2;8,266311E-2;9,439844E-1;;
02/12/2021  12:47:16,825263;9,340565E-1;1,114439E-1;1,196272E-1;9,435624E-1;;
02/12/2021  12:47:16,825363;9,335230E-1;1,104881E-1;1,199431E-1;9,431403E-1;;
02/12/2021  12:47:16,825463;9,323845E-1;1,222756E-1;1,256299E-1;9,427190E-1;;
02/12/2021  12:47:16,825563;9,310285E-1;1,251428E-1;1,287892E-1;9,422991E-1;;
02/12/2021  12:47:16,825663;9,314964E-1;1,292843E-1;1,518522E-1;9,418811E-1;;
02/12/2021  12:47:16,825763;9,316901E-1;1,254614E-1;1,246821E-1;9,414655E-1;;
02/12/2021  12:47:16,825863;9,310941E-1;1,149482E-1;1,313166E-1;9,410525E-1;;
02/12/2021  12:47:16,825963;9,291718E-1;1,413904E-1;1,376353E-1;9,406427E-1;;
02/12/2021  12:47:16,826063;9,285548E-1;1,270543E-1;1,281573E-1;9,402362E-1;;
02/12/2021  12:47:16,826163;9,292314E-1;1,155854E-1;1,123607E-1;9,398329E-1;;
02/12/2021  12:47:16,826263;9,291896E-1;1,254614E-1;1,243661E-1;9,394330E-1;;
02/12/2021  12:47:16,826363;9,287396E-1;1,321516E-1;1,338441E-1;9,390365E-1;;
02/12/2021  12:47:16,826463;9,274015E-1;1,257800E-1;1,249980E-1;9,386435E-1;;
02/12/2021  12:47:16,826563;9,271839E-1;1,222756E-1;1,142563E-1;9,382541E-1;;
02/12/2021  12:47:16,826663;9,282628E-1;1,308772E-1;1,891322E-1;9,378681E-1;;
02/12/2021  12:47:16,826763;9,286711E-1;1,174969E-1;1,237343E-1;9,374857E-1;;
02/12/2021  12:47:16,826863;9,279528E-1;1,340630E-1;1,335282E-1;9,371070E-1;;
02/12/2021  12:47:16,826963;9,264507E-1;1,117624E-1;1,313166E-1;9,367323E-1;;
02/12/2021  12:47:16,827063;9,269365E-1;1,060280E-1;1,117289E-1;9,363616E-1;;
02/12/2021  12:47:16,827163;9,274611E-1;1,047537E-1;1,205749E-1;9,359950E-1;;
02/12/2021  12:47:16,827263;9,271124E-1;1,321516E-1;1,300529E-1;9,356326E-1;;
02/12/2021  12:47:16,827363;9,265908E-1;1,225942E-1;1,208909E-1;9,352746E-1;;
02/12/2021  12:47:16,827463;9,251990E-1;7,671864E-2;8,171531E-2;9,349211E-1;;
02/12/2021  12:47:16,827563;9,246834E-1;1,238685E-1;1,297370E-1;9,345720E-1;;
02/12/2021  12:47:16,827663;9,252676E-1;1,522221E-1;1,708081E-1;9,342271E-1;;
02/12/2021  12:47:16,827763;9,258398E-1;1,146297E-1;1,199431E-1;9,338864E-1;;
02/12/2021  12:47:16,827863;9,254196E-1;1,178155E-1;1,212068E-1;9,335499E-1;;
02/12/2021  12:47:16,827963;9,242990E-1;1,296029E-1;1,313166E-1;9,332177E-1;;
02/12/2021  12:47:16,828063;9,257772E-1;7,799296E-2;8,487463E-2;9,328897E-1;;
02/12/2021  12:47:16,828163;9,267190E-1;1,445762E-1;1,275255E-1;9,325661E-1;;
02/12/2021  12:47:16,828263;9,272286E-1;1,267357E-1;1,092014E-1;9,322473E-1;;
02/12/2021  12:47:16,828363;9,271422E-1;1,337445E-1;1,366875E-1;9,319337E-1;;
02/12/2021  12:47:16,828463;9,263852E-1;1,213198E-1;1,231024E-1;9,316259E-1;;
02/12/2021  12:47:16,828563;9,278902E-1;1,340630E-1;1,133085E-1;9,313243E-1;;
02/12/2021  12:47:16,828663;9,292254E-1;8,181592E-2;6,781430E-2;9,310295E-1;;
02/12/2021  12:47:16,828763;9,293565E-1;1,171783E-1;1,079377E-1;9,307423E-1;;
02/12/2021  12:47:16,828863;9,291688E-1;9,806350E-2;1,088855E-1;9,304634E-1;;
02/12/2021  12:47:16,828963;9,280929E-1;1,302401E-1;1,259458E-1;9,301937E-1;;
02/12/2021  12:47:16,829063;9,287158E-1;1,260985E-1;1,287892E-1;9,299336E-1;;
02/12/2021  12:47:16,829163;9,292403E-1;1,012493E-1;1,272095E-1;9,296835E-1;;
02/12/2021  12:47:16,829263;9,292284E-1;1,139925E-1;1,177316E-1;9,294441E-1;;
02/12/2021  12:47:16,829363;9,289035E-1;1,280100E-1;1,268936E-1;9,292156E-1;;
02/12/2021  12:47:16,829463;9,283760E-1;1,324701E-1;1,720719E-1;9,289984E-1;;
02/12/2021  12:47:16,829563;9,286949E-1;1,305587E-1;1,272095E-1;9,287927E-1;;
02/12/2021  12:47:16,829663;9,289065E-1;1,394789E-1;1,328963E-1;9,285986E-1;;
02/12/2021  12:47:16,829763;9,293178E-1;1,534964E-1;1,531159E-1;9,284162E-1;;
02/12/2021  12:47:16,829863;9,281376E-1;1,436204E-1;1,344760E-1;9,282455E-1;;
02/12/2021  12:47:16,829963;9,284952E-1;1,362931E-1;1,243661E-1;9,280866E-1;;
02/12/2021  12:47:16,830063;9,291896E-1;1,407532E-1;1,477451E-1;9,279393E-1;;
02/12/2021  12:47:16,830163;9,303222E-1;1,114439E-1;1,234183E-1;9,278035E-1;;
02/12/2021  12:47:16,830263;9,310970E-1;1,359745E-1;1,528000E-1;9,276794E-1;;
02/12/2021  12:47:16,830363;9,306649E-1;1,283286E-1;1,303688E-1;9,275671E-1;;
02/12/2021  12:47:16,830463;9,296426E-1;1,155854E-1;1,016190E-1;9,274668E-1;;
02/12/2021  12:47:16,830563;9,315053E-1;8,532030E-2;8,866581E-2;9,273785E-1;;
02/12/2021  12:47:16,830663;9,321372E-1;1,235499E-1;1,306848E-1;9,273022E-1;;
02/12/2021  12:47:16,830763;9,323607E-1;1,168597E-1;1,366875E-1;9,272380E-1;;
02/12/2021  12:47:16,830863;9,322802E-1;1,015679E-1;1,193112E-1;9,271862E-1;;
02/12/2021  12:47:16,830963;9,324203E-1;9,615202E-2;1,268936E-1;9,271468E-1;;
02/12/2021  12:47:16,831063;9,341250E-1;1,812129E-1;1,787064E-1;9,271200E-1;;
02/12/2021  12:47:16,831163;9,346674E-1;1,267357E-1;1,347919E-1;9,271059E-1;;
02/12/2021  12:47:16,831263;9,353350E-1;8,786894E-2;9,340479E-2;9,271047E-1;;
02/12/2021  12:47:16,831363;9,344081E-1;9,742634E-2;1,170997E-1;9,271167E-1;;
02/12/2021  12:47:16,831463;9,342651E-1;1,031608E-1;1,167838E-1;9,271422E-1;;
02/12/2021  12:47:16,831563;9,354095E-1;9,392196E-2;1,038306E-1;9,271810E-1;;
02/12/2021  12:47:16,831663;9,357701E-1;9,933782E-2;1,114129E-1;9,272330E-1;;
02/12/2021  12:47:16,831763;9,353857E-1;7,894870E-2;1,022509E-1;9,272984E-1;;
02/12/2021  12:47:16,831863;9,347896E-1;7,958586E-2;1,139404E-1;9,273768E-1;;
02/12/2021  12:47:16,831963;9,349744E-1;9,264764E-2;1,082536E-1;9,274680E-1;;
02/12/2021  12:47:16,832063;9,354036E-1;1,719741E-1;1,667010E-1;9,275716E-1;;
02/12/2021  12:47:16,832163;9,355973E-1;1,165411E-1;1,294210E-1;9,276872E-1;;
02/12/2021  12:47:16,832263;9,347986E-1;1,222756E-1;1,370034E-1;9,278142E-1;;
02/12/2021  12:47:16,832363;9,333054E-1;1,225942E-1;1,357397E-1;9,279520E-1;;
02/12/2021  12:47:16,832463;9,345929E-1;1,382046E-1;1,259458E-1;9,281000E-1;;
02/12/2021  12:47:16,832563;9,360503E-1;1,506292E-1;1,401627E-1;9,282571E-1;;
02/12/2021  12:47:16,832663;9,365212E-1;5,824100E-2;7,918786E-2;9,284229E-1;;
02/12/2021  12:47:16,832763;9,367268E-1;1,557265E-1;1,385831E-1;9,285969E-1;;
02/12/2021  12:47:16,832863;9,367954E-1;1,595494E-1;1,436380E-1;9,287786E-1;;
02/12/2021  12:47:16,832963;9,380441E-1;1,706997E-1;1,338441E-1;9,289679E-1;;
02/12/2021  12:47:16,833063;9,390783E-1;1,652839E-1;1,458495E-1;9,291643E-1;;
02/12/2021  12:47:16,833163;9,394598E-1;1,671954E-1;1,499566E-1;9,293678E-1;;
02/12/2021  12:47:16,833263;9,393405E-1;1,356559E-1;1,480610E-1;9,295783E-1;;
02/12/2021  12:47:16,833363;9,391766E-1;1,318330E-1;1,294210E-1;9,297958E-1;;
02/12/2021  12:47:16,833463;9,395998E-1;1,480806E-1;1,606983E-1;9,300200E-1;;
02/12/2021  12:47:16,833563;9,403270E-1;1,353374E-1;1,521681E-1;9,302507E-1;;
02/12/2021  12:47:16,833663;9,402167E-1;1,283286E-1;1,370034E-1;9,304877E-1;;
02/12/2021  12:47:16,833763;9,401452E-1;1,388417E-1;1,224705E-1;9,307308E-1;;
02/12/2021  12:47:16,833863;9,393733E-1;1,509478E-1;1,404787E-1;9,309798E-1;;
02/12/2021  12:47:16,833963;9,402853E-1;1,426647E-1;1,382671E-1;9,312341E-1;;
02/12/2021  12:47:16,834063;9,409290E-1;1,251428E-1;1,294210E-1;9,314933E-1;;
02/12/2021  12:47:16,834163;9,406668E-1;1,369303E-1;1,385831E-1;9,317570E-1;;
02/12/2021  12:47:16,834263;9,402853E-1;1,410718E-1;1,328963E-1;9,320249E-1;;
02/12/2021  12:47:16,834363;9,402585E-1;1,464877E-1;1,265777E-1;9,322965E-1;;
02/12/2021  12:47:16,834463;9,415698E-1;1,095324E-1;1,401627E-1;9,325712E-1;;
02/12/2021  12:47:16,834563;9,426785E-1;1,286472E-1;1,294210E-1;9,328487E-1;;
02/12/2021  12:47:16,834663;9,427649E-1;1,429833E-1;1,458495E-1;9,331287E-1;;
02/12/2021  12:47:16,834763;9,421778E-1;1,257800E-1;1,234183E-1;9,334112E-1;;
02/12/2021  12:47:16,834863;9,424907E-1;1,356559E-1;1,316326E-1;9,336958E-1;;
02/12/2021  12:47:16,834963;9,437931E-1;1,165411E-1;1,363715E-1;9,339823E-1;;
02/12/2021  12:47:16,835063;9,439779E-1;1,353374E-1;1,379512E-1;9,342705E-1;;
02/12/2021  12:47:16,835163;9,438676E-1;2,733874E-2;7,508074E-2;9,345603E-1;;
02/12/2021  12:47:16,835263;9,421450E-1;1,197269E-1;1,698603E-1;9,348515E-1;;
02/12/2021  12:47:16,835363;9,413820E-1;1,241871E-1;1,341600E-1;9,351438E-1;;
02/12/2021  12:47:16,835463;9,422791E-1;1,337445E-1;1,553275E-1;9,354364E-1;;
02/12/2021  12:47:16,835563;9,417158E-1;1,321516E-1;1,306848E-1;9,357287E-1;;
02/12/2021  12:47:16,835663;9,413940E-1;1,308772E-1;1,101492E-1;9,360201E-1;;
02/12/2021  12:47:16,835763;9,406101E-1;6,875414E-2;1,306848E-1;9,363097E-1;;
02/12/2021  12:47:16,835863;9,405207E-1;1,378860E-1;1,370034E-1;9,365968E-1;;
02/12/2021  12:47:16,835963;9,419334E-1;1,439390E-1;1,385831E-1;9,368806E-1;;
02/12/2021  12:47:16,836063;9,423179E-1;1,292843E-1;1,379512E-1;9,371604E-1;;
02/12/2021  12:47:16,836163;9,418589E-1;1,143111E-1;1,142563E-1;9,374358E-1;;
02/12/2021  12:47:16,836263;9,414834E-1;-3,319146E-2;5,296550E-2;9,377062E-1;;
02/12/2021  12:47:16,836363;9,415638E-1;1,095324E-1;1,000394E-1;9,379714E-1;;
02/12/2021  12:47:16,836463;9,430391E-1;1,410718E-1;1,281573E-1;9,382308E-1;;
02/12/2021  12:47:16,836563;9,440286E-1;1,321516E-1;1,344760E-1;9,384842E-1;;
02/12/2021  12:47:16,836663;9,432835E-1;1,331073E-1;1,253139E-1;9,387316E-1;;
02/12/2021  12:47:16,836763;9,427083E-1;1,404346E-1;1,420583E-1;9,389729E-1;;
02/12/2021  12:47:16,836863;9,432239E-1;1,308772E-1;1,268936E-1;9,392082E-1;;
02/12/2021  12:47:16,836963;9,440047E-1;1,232313E-1;1,076217E-1;9,394372E-1;;
02/12/2021  12:47:16,837063;9,441180E-1;1,187712E-1;1,047783E-1;9,396602E-1;;
02/12/2021  12:47:16,837163;9,436322E-1;1,324701E-1;1,610142E-1;9,398770E-1;;
02/12/2021  12:47:16,837263;9,426487E-1;1,445762E-1;1,388990E-1;9,400878E-1;;
02/12/2021  12:47:16,837363;9,433818E-1;1,413904E-1;1,310007E-1;9,402925E-1;;
02/12/2021  12:47:16,837463;9,442372E-1;1,331073E-1;1,294210E-1;9,404910E-1;;
02/12/2021  12:47:16,837563;9,449822E-1;1,114439E-1;1,085695E-1;9,406834E-1;;
02/12/2021  12:47:16,837663;9,441150E-1;1,340630E-1;1,436380E-1;9,408698E-1;;
02/12/2021  12:47:16,837763;9,438885E-1;1,203641E-1;1,189953E-1;9,410504E-1;;
02/12/2021  12:47:16,837863;9,458644E-1;1,232313E-1;1,212068E-1;9,412254E-1;;
02/12/2021  12:47:16,837963;9,474648E-1;1,206827E-1;1,480610E-1;9,413950E-1;;
02/12/2021  12:47:16,838063;9,476556E-1;1,519035E-1;1,426902E-1;9,415598E-1;;
02/12/2021  12:47:16,838163;9,471519E-1;1,503106E-1;1,183634E-1;9,417205E-1;;
02/12/2021  12:47:16,838263;9,473516E-1;1,187712E-1;1,202590E-1;9,418778E-1;;
02/12/2021  12:47:16,838363;9,482040E-1;1,308772E-1;1,363715E-1;9,420322E-1;;
02/12/2021  12:47:16,838463;9,488626E-1;1,238685E-1;1,328963E-1;9,421842E-1;;
02/12/2021  12:47:16,838563;9,486123E-1;1,343816E-1;1,322644E-1;9,423346E-1;;
02/12/2021  12:47:16,838663;9,485437E-1;1,273729E-1;1,199431E-1;9,424838E-1;;
02/12/2021  12:47:16,838763;9,483649E-1;1,296029E-1;1,246821E-1;9,426323E-1;;
02/12/2021  12:47:16,838863;9,492918E-1;1,394789E-1;1,341600E-1;9,427805E-1;;
02/12/2021  12:47:16,838963;9,502276E-1;1,210013E-1;1,268936E-1;9,429288E-1;;
02/12/2021  12:47:16,839063;9,492262E-1;1,289658E-1;1,388990E-1;9,430777E-1;;
02/12/2021  12:47:16,839163;9,476794E-1;1,171783E-1;1,155200E-1;9,432274E-1;;
02/12/2021  12:47:16,839263;9,477480E-1;1,127182E-1;1,802861E-1;9,433781E-1;;
02/12/2021  12:47:16,839363;9,482397E-1;1,187712E-1;1,227865E-1;9,435296E-1;;
02/12/2021  12:47:16,839463;9,483589E-1;1,299215E-1;1,180475E-1;9,436816E-1;;
02/12/2021  12:47:16,839563;9,476794E-1;1,382046E-1;1,363715E-1;9,438342E-1;;
02/12/2021  12:47:16,839663;9,463830E-1;1,114439E-1;1,152041E-1;9,439870E-1;;
02/12/2021  12:47:16,839763;9,464158E-1;1,108067E-1;1,392149E-1;9,441397E-1;;
02/12/2021  12:47:16,839863;9,470834E-1;1,366117E-1;1,430061E-1;9,442916E-1;;
02/12/2021  12:47:16,839963;9,469403E-1;1,174969E-1;1,193112E-1;9,444425E-1;;
02/12/2021  12:47:16,840063;9,461386E-1;1,120810E-1;1,095173E-1;9,445917E-1;;
02/12/2021  12:47:16,840163;9,446395E-1;6,333828E-2;9,530039E-2;9,447390E-1;;
02/12/2021  12:47:16,840263;9,448839E-1;1,538150E-1;1,550115E-1;9,448835E-1;;
02/12/2021  12:47:16,840363;9,456528E-1;1,382046E-1;1,635417E-1;9,450247E-1;;
02/12/2021  12:47:16,840463;9,458972E-1;1,257800E-1;1,234183E-1;9,451619E-1;;
02/12/2021  12:47:16,840563;9,454472E-1;1,292843E-1;1,221546E-1;9,452947E-1;;
02/12/2021  12:47:16,840663;9,452624E-1;7,894870E-2;1,019350E-1;9,454227E-1;;
02/12/2021  12:47:16,840763;9,459687E-1;9,105474E-2;9,814378E-2;9,455456E-1;;
02/12/2021  12:47:16,840863;9,472771E-1;1,308772E-1;1,227865E-1;9,456631E-1;;
02/12/2021  12:47:16,840963;9,473277E-1;1,260985E-1;1,237343E-1;9,457753E-1;;
02/12/2021  12:47:16,841063;9,466900E-1;1,104881E-1;1,152041E-1;9,458822E-1;;
02/12/2021  12:47:16,841163;9,455843E-1;1,292843E-1;1,335282E-1;9,459839E-1;;
02/12/2021  12:47:16,841263;9,460969E-1;1,127182E-1;1,054102E-1;9,460804E-1;;
02/12/2021  12:47:16,841363;9,465678E-1;1,076209E-1;8,992954E-2;9,461715E-1;;
02/12/2021  12:47:16,841463;9,462429E-1;8,659462E-2;9,877564E-2;9,462573E-1;;
02/12/2021  12:47:16,841563;9,444398E-1;1,315144E-1;1,322644E-1;9,463376E-1;;
02/12/2021  12:47:16,841663;9,430540E-1;1,378860E-1;1,325804E-1;9,464124E-1;;
02/12/2021  12:47:16,841763;9,435100E-1;1,139925E-1;1,047783E-1;9,464811E-1;;
02/12/2021  12:47:16,841863;9,434236E-1;1,296029E-1;1,221546E-1;9,465433E-1;;
02/12/2021  12:47:16,841963;9,432507E-1;1,257800E-1;1,240502E-1;9,465985E-1;;
02/12/2021  12:47:16,842063;9,411049E-1;1,359745E-1;1,430061E-1;9,466463E-1;;
02/12/2021  12:47:16,842163;9,402942E-1;1,162226E-1;1,180475E-1;9,466863E-1;;
02/12/2021  12:47:16,842263;9,407383E-1;1,353374E-1;1,603824E-1;9,467177E-1;;
02/12/2021  12:47:16,842363;9,417486E-1;1,433019E-1;1,667010E-1;9,467398E-1;;
02/12/2021  12:47:16,842463;9,417129E-1;1,155854E-1;1,253139E-1;9,467525E-1;;
02/12/2021  12:47:16,842563;9,400946E-1;1,171783E-1;1,107811E-1;9,467553E-1;;
02/12/2021  12:47:16,842663;9,401244E-1;1,286472E-1;1,303688E-1;9,467482E-1;;
02/12/2021  12:47:16,842763;9,407919E-1;1,327887E-1;1,407946E-1;9,467308E-1;;
02/12/2021  12:47:16,842863;9,418768E-1;1,283286E-1;1,332122E-1;9,467030E-1;;
02/12/2021  12:47:16,842963;9,411764E-1;1,334259E-1;1,287892E-1;9,466651E-1;;
02/12/2021  12:47:16,843063;9,400975E-1;1,401161E-1;1,376353E-1;9,466172E-1;;
02/12/2021  12:47:16,843163;9,396743E-1;1,200455E-1;1,215227E-1;9,465594E-1;;
02/12/2021  12:47:16,843263;9,396982E-1;1,388417E-1;1,379512E-1;9,464918E-1;;
02/12/2021  12:47:16,843363;9,393674E-1;1,321516E-1;1,303688E-1;9,464145E-1;;
02/12/2021  12:47:16,843463;9,387385E-1;1,429833E-1;1,512204E-1;9,463276E-1;;
02/12/2021  12:47:16,843563;9,371321E-1;1,152668E-1;1,240502E-1;9,462311E-1;;
02/12/2021  12:47:16,843663;9,369056E-1;1,108067E-1;1,208909E-1;9,461249E-1;;
02/12/2021  12:47:16,843763;9,372752E-1;1,136739E-1;1,338441E-1;9,460089E-1;;
02/12/2021  12:47:16,843863;9,362798E-1;9,870066E-2;1,095173E-1;9,458830E-1;;
02/12/2021  12:47:16,843963;9,357016E-1;1,079395E-1;1,136244E-1;9,457471E-1;;
02/12/2021  12:47:16,844063;9,341340E-1;6,747982E-2;1,610142E-1;9,456011E-1;;
02/12/2021  12:47:16,844163;9,338300E-1;1,037979E-1;1,426902E-1;9,454447E-1;;
02/12/2021  12:47:16,844263;9,348224E-1;1,174969E-1;1,588027E-1;9,452778E-1;;
02/12/2021  12:47:16,844363;9,350340E-1;1,025236E-1;1,142563E-1;9,451003E-1;;
02/12/2021  12:47:16,844463;9,348135E-1;1,028422E-1;1,050943E-1;9,449123E-1;;
02/12/2021  12:47:16,844563;9,339641E-1;1,057094E-1;1,170997E-1;9,447141E-1;;
02/12/2021  12:47:16,844663;9,345244E-1;1,076209E-1;1,202590E-1;9,445059E-1;;
02/12/2021  12:47:16,844763;9,355138E-1;1,069837E-1;1,193112E-1;9,442881E-1;;
02/12/2021  12:47:16,844863;9,360861E-1;9,647060E-2;1,107811E-1;9,440612E-1;;
02/12/2021  12:47:16,844963;9,357046E-1;9,264764E-2;1,041465E-1;9,438261E-1;;
02/12/2021  12:47:16,845063;9,348164E-1;6,301970E-2;9,877564E-2;9,435834E-1;;
02/12/2021  12:47:16,845163;9,353738E-1;1,618844E-2;6,591871E-2;9,433341E-1;;
02/12/2021  12:47:16,845263;9,365957E-1;5,155082E-2;8,771802E-2;9,430787E-1;;
02/12/2021  12:47:16,845363;9,363334E-1;7,863012E-2;9,656411E-2;9,428183E-1;;
02/12/2021  12:47:16,845463;9,361397E-1;9,806350E-2;1,139404E-1;9,425538E-1;;
02/12/2021  12:47:16,845563;9,350340E-1;1,076209E-1;1,218387E-1;9,422861E-1;;
02/12/2021  12:47:16,845663;9,356181E-1;7,799296E-2;1,038306E-1;9,420160E-1;;
02/12/2021  12:47:16,845763;9,362738E-1;1,171783E-1;1,073058E-1;9,417442E-1;;
02/12/2021  12:47:16,845863;9,360592E-1;1,241871E-1;1,180475E-1;9,414716E-1;;
02/12/2021  12:47:16,845963;9,352009E-1;1,289658E-1;1,354238E-1;9,411989E-1;;
02/12/2021  12:47:16,846063;9,338598E-1;1,445762E-1;1,354238E-1;9,409269E-1;;
02/12/2021  12:47:16,846163;9,339969E-1;1,452133E-1;1,246821E-1;9,406560E-1;;
02/12/2021  12:47:16,846263;9,344976E-1;1,592309E-1;1,385831E-1;9,403865E-1;;
02/12/2021  12:47:16,846363;9,339700E-1;1,675139E-1;1,423743E-1;9,401187E-1;;
02/12/2021  12:47:16,846463;9,332399E-1;1,808943E-1;1,625939E-1;9,398531E-1;;
02/12/2021  12:47:16,846563;9,317885E-1;1,614609E-1;1,486929E-1;9,395897E-1;;
02/12/2021  12:47:16,846663;9,322176E-1;1,162226E-1;9,782784E-2;9,393287E-1;;
02/12/2021  12:47:16,846763;9,325782E-1;1,506292E-1;1,796542E-1;9,390701E-1;;
02/12/2021  12:47:16,846863;9,327749E-1;1,474434E-1;1,461654E-1;9,388138E-1;;
02/12/2021  12:47:16,846963;9,315590E-1;1,340630E-1;1,328963E-1;9,385600E-1;;
02/12/2021  12:47:16,847063;9,310106E-1;1,117624E-1;1,073058E-1;9,383087E-1;;
02/12/2021  12:47:16,847163;9,313682E-1;1,127182E-1;1,183634E-1;9,380599E-1;;
02/12/2021  12:47:16,847263;9,322683E-1;1,318330E-1;1,445858E-1;9,378135E-1;;
02/12/2021  12:47:16,847363;9,319881E-1;1,127182E-1;1,202590E-1;9,375697E-1;;
02/12/2021  12:47:16,847463;9,312669E-1;1,108067E-1;1,145722E-1;9,373286E-1;;
02/12/2021  12:47:16,847563;9,310732E-1;1,130368E-1;1,253139E-1;9,370903E-1;;
02/12/2021  12:47:16,847663;9,317706E-1;1,468062E-1;1,575390E-1;9,368549E-1;;
02/12/2021  12:47:16,847763;9,323666E-1;1,222756E-1;1,221546E-1;9,366225E-1;;
02/12/2021  12:47:16,847863;9,319315E-1;1,168597E-1;1,202590E-1;9,363933E-1;;
02/12/2021  12:47:16,847963;9,314219E-1;1,159040E-1;1,281573E-1;9,361677E-1;;
02/12/2021  12:47:16,848063;9,316454E-1;1,117624E-1;1,303688E-1;9,359459E-1;;
02/12/2021  12:47:16,848163;9,326319E-1;9,742634E-2;9,087734E-2;9,357279E-1;;
02/12/2021  12:47:16,848263;9,321282E-1;1,213198E-1;1,265777E-1;9,355142E-1;;
02/12/2021  12:47:16,848363;9,320984E-1;1,340630E-1;1,515363E-1;9,353050E-1;;
02/12/2021  12:47:16,848463;9,311984E-1;1,171783E-1;1,278414E-1;9,351005E-1;;
02/12/2021  12:47:16,848563;9,313772E-1;1,388417E-1;1,360556E-1;9,349008E-1;;
02/12/2021  12:47:16,848663;9,317050E-1;1,448948E-1;1,388990E-1;9,347062E-1;;
02/12/2021  12:47:16,848763;9,314785E-1;1,210013E-1;1,234183E-1;9,345166E-1;;
02/12/2021  12:47:16,848863;9,317080E-1;1,060280E-1;9,530039E-2;9,343321E-1;;
02/12/2021  12:47:16,848963;9,305904E-1;1,624167E-1;2,011376E-1;9,341528E-1;;
02/12/2021  12:47:16,849063;9,302774E-1;1,385232E-1;1,351078E-1;9,339787E-1;;
02/12/2021  12:47:16,849163;9,307483E-1;1,114439E-1;1,009872E-1;9,338097E-1;;
02/12/2021  12:47:16,849263;9,306142E-1;1,152668E-1;1,167838E-1;9,336457E-1;;
02/12/2021  12:47:16,849363;9,308139E-1;1,194084E-1;1,174156E-1;9,334865E-1;;
02/12/2021  12:47:16,849463;9,297559E-1;1,372488E-1;1,540637E-1;9,333321E-1;;
02/12/2021  12:47:16,849563;9,306887E-1;1,219570E-1;1,221546E-1;9,331823E-1;;
02/12/2021  12:47:16,849663;9,310374E-1;1,197269E-1;1,521681E-1;9,330371E-1;;
02/12/2021  12:47:16,849763;9,315471E-1;1,245056E-1;1,313166E-1;9,328964E-1;;
02/12/2021  12:47:16,849863;9,314964E-1;1,420275E-1;1,483770E-1;9,327604E-1;;
02/12/2021  12:47:16,849963;9,314219E-1;1,340630E-1;1,208909E-1;9,326292E-1;;
02/12/2021  12:47:16,850063;9,321908E-1;1,366117E-1;1,499566E-1;9,325029E-1;;
02/12/2021  12:47:16,850163;9,327600E-1;1,047537E-1;1,164678E-1;9,323818E-1;;
02/12/2021  12:47:16,850263;9,332905E-1;1,362931E-1;1,360556E-1;9,322660E-1;;
02/12/2021  12:47:16,850363;9,335021E-1;1,442576E-1;1,439539E-1;9,321561E-1;;
02/12/2021  12:47:16,850463;9,330491E-1;1,270543E-1;1,338441E-1;9,320523E-1;;
02/12/2021  12:47:16,850563;9,342979E-1;1,060280E-1;1,180475E-1;9,319551E-1;;
02/12/2021  12:47:16,850663;9,349774E-1;1,299215E-1;1,310007E-1;9,318647E-1;;
02/12/2021  12:47:16,850763;9,352218E-1;1,471248E-1;1,423743E-1;9,317817E-1;;
02/12/2021  12:47:16,850863;9,345750E-1;1,273729E-1;1,426902E-1;9,317066E-1;;
02/12/2021  12:47:16,850963;9,344707E-1;1,394789E-1;1,306848E-1;9,316396E-1;;
02/12/2021  12:47:16,851063;9,351771E-1;1,308772E-1;1,227865E-1;9,315810E-1;;
02/12/2021  12:47:16,851163;9,354870E-1;1,496735E-1;1,641736E-1;9,315311E-1;;
02/12/2021  12:47:16,851263;9,355228E-1;1,305587E-1;1,297370E-1;9,314900E-1;;
02/12/2021  12:47:16,851363;9,352456E-1;1,490363E-1;1,376353E-1;9,314579E-1;;
02/12/2021  12:47:16,851463;9,353589E-1;1,241871E-1;1,221546E-1;9,314349E-1;;
02/12/2021  12:47:16,851563;9,368520E-1;1,073023E-1;1,155200E-1;9,314210E-1;;
02/12/2021  12:47:16,851663;9,370368E-1;1,270543E-1;1,335282E-1;9,314164E-1;;
02/12/2021  12:47:16,851763;9,373586E-1;1,235499E-1;1,272095E-1;9,314213E-1;;
02/12/2021  12:47:16,851863;9,370517E-1;1,184526E-1;1,136244E-1;9,314358E-1;;
02/12/2021  12:47:16,851963;9,375524E-1;1,165411E-1;1,341600E-1;9,314600E-1;;
02/12/2021  12:47:16,852063;9,385061E-1;1,139925E-1;2,118793E-1;9,314941E-1;;
02/12/2021  12:47:16,852163;9,394627E-1;1,229127E-1;1,259458E-1;9,315381E-1;;
02/12/2021  12:47:16,852263;9,392780E-1;1,088952E-1;1,208909E-1;9,315923E-1;;
02/12/2021  12:47:16,852363;9,393256E-1;1,308772E-1;1,249980E-1;9,316567E-1;;
02/12/2021  12:47:16,852463;9,396356E-1;1,499920E-1;1,385831E-1;9,317317E-1;;
02/12/2021  12:47:16,852563;9,413016E-1;1,426647E-1;1,474292E-1;9,318171E-1;;
02/12/2021  12:47:16,852663;9,416443E-1;1,280100E-1;1,303688E-1;9,319133E-1;;
02/12/2021  12:47:16,852763;9,409439E-1;1,347002E-1;1,395309E-1;9,320203E-1;;
02/12/2021  12:47:16,852863;9,413731E-1;1,350188E-1;1,347919E-1;9,321383E-1;;
02/12/2021  12:47:16,852963;9,410363E-1;1,197269E-1;1,073058E-1;9,322672E-1;;
02/12/2021  12:47:16,853063;9,430689E-1;1,353374E-1;1,291051E-1;9,324069E-1;;
02/12/2021  12:47:16,853163;9,429556E-1;1,347002E-1;1,354238E-1;9,325574E-1;;
02/12/2021  12:47:16,853263;9,434146E-1;1,245056E-1;1,205749E-1;9,327187E-1;;
02/12/2021  12:47:16,853363;9,432805E-1;7,385142E-2;9,845971E-2;9,328908E-1;;
02/12/2021  12:47:16,853463;9,436232E-1;1,382046E-1;1,322644E-1;9,330736E-1;;
02/12/2021  12:47:16,853563;9,448422E-1;1,366117E-1;1,189953E-1;9,332669E-1;;
02/12/2021  12:47:16,853663;9,454680E-1;1,171783E-1;1,300529E-1;9,334707E-1;;
02/12/2021  12:47:16,853763;9,448779E-1;1,276914E-1;1,253139E-1;9,336849E-1;;
02/12/2021  12:47:16,853863;9,439719E-1;1,210013E-1;7,666040E-2;9,339094E-1;;
02/12/2021  12:47:16,853963;9,447885E-1;1,350188E-1;1,306848E-1;9,341437E-1;;
02/12/2021  12:47:16,854063;9,453607E-1;1,181340E-1;1,926074E-1;9,343875E-1;;
02/12/2021  12:47:16,854163;9,451521E-1;1,372488E-1;1,407946E-1;9,346403E-1;;
02/12/2021  12:47:16,854263;9,454114E-1;1,410718E-1;1,319485E-1;9,349016E-1;;
02/12/2021  12:47:16,854363;9,450419E-1;1,181340E-1;1,287892E-1;9,351711E-1;;
02/12/2021  12:47:16,854463;9,453429E-1;1,229127E-1;1,262617E-1;9,354480E-1;;
02/12/2021  12:47:16,854563;9,458138E-1;1,232313E-1;9,688005E-2;9,357317E-1;;
02/12/2021  12:47:16,854663;9,459002E-1;1,187712E-1;9,182514E-2;9,360218E-1;;
02/12/2021  12:47:16,854763;9,460462E-1;1,254614E-1;1,281573E-1;9,363176E-1;;
02/12/2021  12:47:16,854863;9,454204E-1;1,139925E-1;1,287892E-1;9,366184E-1;;
02/12/2021  12:47:16,854963;9,464784E-1;1,439390E-1;1,306848E-1;9,369238E-1;;
02/12/2021  12:47:16,855063;9,466393E-1;1,347002E-1;1,385831E-1;9,372329E-1;;
02/12/2021  12:47:16,855163;9,472503E-1;1,187712E-1;1,003553E-1;9,375453E-1;;
02/12/2021  12:47:16,855263;9,476615E-1;1,286472E-1;1,253139E-1;9,378606E-1;;
02/12/2021  12:47:16,855363;9,474112E-1;9,487770E-2;9,561632E-2;9,381782E-1;;
02/12/2021  12:47:16,855463;9,491576E-1;1,098510E-1;1,148882E-1;9,384978E-1;;
02/12/2021  12:47:16,855563;9,501084E-1;1,729298E-1;1,910278E-1;9,388192E-1;;
02/12/2021  12:47:16,855663;9,495123E-1;1,359745E-1;1,262617E-1;9,391422E-1;;
02/12/2021  12:47:16,855763;9,499743E-1;1,210013E-1;8,045158E-2;9,394668E-1;;
02/12/2021  12:47:16,855863;9,498193E-1;1,222756E-1;1,265777E-1;9,397929E-1;;
02/12/2021  12:47:16,855963;9,514882E-1;1,461691E-1;1,414265E-1;9,401202E-1;;
02/12/2021  12:47:16,856063;9,525164E-1;1,283286E-1;1,341600E-1;9,404487E-1;;
02/12/2021  12:47:16,856163;9,526148E-1;1,248242E-1;1,246821E-1;9,407785E-1;;
02/12/2021  12:47:16,856263;9,535774E-1;1,385232E-1;1,246821E-1;9,411098E-1;;
02/12/2021  12:47:16,856363;9,537831E-1;1,417090E-1;1,717559E-1;9,414428E-1;;
02/12/2021  12:47:16,856463;9,561763E-1;1,534964E-1;1,761790E-1;9,417778E-1;;
02/12/2021  12:47:16,856563;9,567664E-1;1,401161E-1;1,351078E-1;9,421152E-1;;
02/12/2021  12:47:16,856663;9,577856E-1;1,334259E-1;1,287892E-1;9,424555E-1;;
02/12/2021  12:47:16,856763;9,568826E-1;1,289658E-1;1,303688E-1;9,427994E-1;;
02/12/2021  12:47:16,856863;9,586976E-1;1,311958E-1;1,328963E-1;9,431472E-1;;
02/12/2021  12:47:16,856963;9,597496E-1;1,168597E-1;1,215227E-1;9,434995E-1;;
02/12/2021  12:47:16,857063;9,603189E-1;1,178155E-1;1,031987E-1;9,438568E-1;;
02/12/2021  12:47:16,857163;9,605990E-1;1,022050E-1;1,208909E-1;9,442196E-1;;
02/12/2021  12:47:16,857263;9,602563E-1;1,248242E-1;1,284732E-1;9,445885E-1;;
02/12/2021  12:47:16,857363;9,608881E-1;1,085766E-1;1,101492E-1;9,449636E-1;;
02/12/2021  12:47:16,857463;9,613650E-1;9,169190E-2;1,047783E-1;9,453452E-1;;
02/12/2021  12:47:16,857563;9,620534E-1;8,691320E-2;1,000394E-1;9,457335E-1;;
02/12/2021  12:47:16,857663;9,615140E-1;1,111253E-1;1,224705E-1;9,461284E-1;;
02/12/2021  12:47:16,857763;9,610878E-1;6,142680E-2;1,057261E-1;9,465299E-1;;
02/12/2021  12:47:16,857863;9,606556E-1;9,774492E-2;1,079377E-1;9,469378E-1;;
02/12/2021  12:47:16,857963;9,615319E-1;8,723178E-2;1,376353E-1;9,473517E-1;;
02/12/2021  12:47:16,858063;9,613143E-1;1,006121E-1;1,161519E-1;9,477709E-1;;
02/12/2021  12:47:16,858163;9,607212E-1;9,487770E-2;9,877564E-2;9,481950E-1;;
02/12/2021  12:47:16,858263;9,599344E-1;2,256004E-2;6,749837E-2;9,486232E-1;;
02/12/2021  12:47:16,858363;9,604351E-1;8,595746E-2;1,025668E-1;9,490548E-1;;
02/12/2021  12:47:16,858463;9,614633E-1;1,369303E-1;1,423743E-1;9,494887E-1;;
02/12/2021  12:47:16,858563;9,618716E-1;9,838208E-2;1,142563E-1;9,499243E-1;;
02/12/2021  12:47:16,858663;9,614484E-1;1,143111E-1;1,208909E-1;9,503608E-1;;
02/12/2021  12:47:16,858763;9,613203E-1;1,037979E-1;1,060421E-1;9,507975E-1;;
02/12/2021  12:47:16,858863;9,622948E-1;1,264171E-1;1,594346E-1;9,512339E-1;;
02/12/2021  12:47:16,858963;9,628849E-1;5,059508E-2;9,087734E-2;9,516691E-1;;
02/12/2021  12:47:16,859063;9,629266E-1;1,305587E-1;1,376353E-1;9,521027E-1;;
02/12/2021  12:47:16,859163;9,626465E-1;1,401161E-1;1,338441E-1;9,525342E-1;;
02/12/2021  12:47:16,859263;9,623693E-1;1,996905E-1;1,433221E-1;9,529630E-1;;
02/12/2021  12:47:16,859363;9,625094E-1;1,534964E-1;1,370034E-1;9,533887E-1;;
02/12/2021  12:47:16,859463;9,636479E-1;1,805757E-1;1,486929E-1;9,538105E-1;;
02/12/2021  12:47:16,859563;9,635525E-1;1,608238E-1;1,363715E-1;9,542281E-1;;
02/12/2021  12:47:16,859663;9,632068E-1;1,675139E-1;1,667010E-1;9,546411E-1;;
02/12/2021  12:47:16,859763;9,622829E-1;1,620981E-1;1,486929E-1;9,550489E-1;;
02/12/2021  12:47:16,859863;9,630250E-1;1,777085E-1;1,578549E-1;9,554510E-1;;
02/12/2021  12:47:16,859963;9,632247E-1;1,534964E-1;1,796542E-1;9,558469E-1;;
02/12/2021  12:47:16,860063;9,625154E-1;1,439390E-1;1,297370E-1;9,562361E-1;;
02/12/2021  12:47:16,860163;9,617494E-1;1,362931E-1;1,512204E-1;9,566180E-1;;
02/12/2021  12:47:16,860263;9,621786E-1;1,334259E-1;1,335282E-1;9,569921E-1;;
02/12/2021  12:47:16,860363;9,622739E-1;1,362931E-1;1,256299E-1;9,573577E-1;;
02/12/2021  12:47:16,860463;9,622471E-1;1,206827E-1;1,294210E-1;9,577142E-1;;
02/12/2021  12:47:16,860563;9,614901E-1;1,257800E-1;1,212068E-1;9,580612E-1;;
02/12/2021  12:47:16,860663;9,604202E-1;1,066652E-1;1,208909E-1;9,583981E-1;;
02/12/2021  12:47:16,860763;9,590522E-1;8,786894E-2;1,259458E-1;9,587243E-1;;
02/12/2021  12:47:16,860863;9,594009E-1;1,404346E-1;1,322644E-1;9,590388E-1;;
02/12/2021  12:47:16,860963;9,590969E-1;1,206827E-1;1,224705E-1;9,593409E-1;;
02/12/2021  12:47:16,861063;9,585665E-1;1,289658E-1;1,272095E-1;9,596297E-1;;
02/12/2021  12:47:16,861163;9,574280E-1;1,315144E-1;1,366875E-1;9,599046E-1;;
02/12/2021  12:47:16,861263;9,570256E-1;1,436204E-1;1,395309E-1;9,601646E-1;;
02/12/2021  12:47:16,861363;9,569482E-1;1,127182E-1;1,310007E-1;9,604091E-1;;
02/12/2021  12:47:16,861463;9,563551E-1;1,197269E-1;1,193112E-1;9,606372E-1;;
02/12/2021  12:47:16,861563;9,561196E-1;1,260985E-1;1,338441E-1;9,608483E-1;;
02/12/2021  12:47:16,861663;9,543970E-1;1,289658E-1;1,291051E-1;9,610417E-1;;
02/12/2021  12:47:16,861763;9,539589E-1;7,831154E-2;8,013565E-2;9,612168E-1;;
02/12/2021  12:47:16,861863;9,541258E-1;1,248242E-1;1,148882E-1;9,613729E-1;;
02/12/2021  12:47:16,861963;9,540394E-1;1,270543E-1;1,259458E-1;9,615093E-1;;
02/12/2021  12:47:16,862063;9,526982E-1;1,184526E-1;1,398468E-1;9,616257E-1;;
02/12/2021  12:47:16,862163;9,527668E-1;1,397975E-1;1,430061E-1;9,617216E-1;;
02/12/2021  12:47:16,862263;9,519830E-1;1,190898E-1;1,212068E-1;9,617966E-1;;
02/12/2021  12:47:16,862363;9,528115E-1;8,022302E-2;1,054102E-1;9,618506E-1;;
02/12/2021  12:47:16,862463;9,515955E-1;1,251428E-1;1,319485E-1;9,618833E-1;;
02/12/2021  12:47:16,862563;9,509965E-1;1,321516E-1;1,262617E-1;9,618948E-1;;
02/12/2021  12:47:16,862663;9,500219E-1;1,350188E-1;1,401627E-1;9,618849E-1;;
02/12/2021  12:47:16,862763;9,493394E-1;9,615202E-2;1,082536E-1;9,618538E-1;;
02/12/2021  12:47:16,862863;9,500011E-1;1,216384E-1;1,117289E-1;9,618012E-1;;
02/12/2021  12:47:16,862963;9,494736E-1;1,276914E-1;1,306848E-1;9,617273E-1;;
02/12/2021  12:47:16,863063;9,488745E-1;1,245056E-1;1,246821E-1;9,616323E-1;;
02/12/2021  12:47:16,863163;9,475393E-1;1,200455E-1;1,303688E-1;9,615165E-1;;
02/12/2021  12:47:16,863263;9,473099E-1;1,334259E-1;1,303688E-1;9,613801E-1;;
02/12/2021  12:47:16,863363;9,482814E-1;1,296029E-1;1,069899E-1;9,612233E-1;;
02/12/2021  12:47:16,863463;9,472562E-1;1,130368E-1;1,246821E-1;9,610465E-1;;
02/12/2021  12:47:16,863563;9,462578E-1;1,194084E-1;1,262617E-1;9,608502E-1;;
02/12/2021  12:47:16,863663;9,451342E-1;1,139925E-1;1,205749E-1;9,606349E-1;;
02/12/2021  12:47:16,863763;9,446336E-1;1,276914E-1;1,265777E-1;9,604010E-1;;
02/12/2021  12:47:16,863863;9,449584E-1;1,525407E-1;1,164678E-1;9,601486E-1;;
02/12/2021  12:47:16,863963;9,441567E-1;1,241871E-1;1,272095E-1;9,598784E-1;;
02/12/2021  12:47:16,864063;9,430987E-1;1,359745E-1;1,319485E-1;9,595907E-1;;
02/12/2021  12:47:16,864163;9,420377E-1;7,193994E-2;8,740209E-2;9,592860E-1;;
02/12/2021  12:47:16,864263;9,419572E-1;1,407532E-1;1,385831E-1;9,589647E-1;;
02/12/2021  12:47:16,864363;9,421033E-1;1,442576E-1;1,840773E-1;9,586271E-1;;
02/12/2021  12:47:16,864463;9,410274E-1;1,159040E-1;1,208909E-1;9,582737E-1;;
02/12/2021  12:47:16,864563;9,396416E-1;8,818752E-2;7,824006E-2;9,579051E-1;;
02/12/2021  12:47:16,864663;9,384405E-1;1,280100E-1;1,199431E-1;9,575215E-1;;
02/12/2021  12:47:16,864763;9,385239E-1;1,410718E-1;1,332122E-1;9,571234E-1;;
02/12/2021  12:47:16,864863;9,380918E-1;1,133553E-1;1,253139E-1;9,567111E-1;;
02/12/2021  12:47:16,864963;9,377371E-1;1,155854E-1;1,237343E-1;9,562848E-1;;
02/12/2021  12:47:16,865063;9,373020E-1;7,417000E-2;1,054102E-1;9,558452E-1;;
02/12/2021  12:47:16,865163;9,361457E-1;1,337445E-1;1,335282E-1;9,553926E-1;;
02/12/2021  12:47:16,865263;9,364586E-1;1,149482E-1;1,133085E-1;9,549276E-1;;
02/12/2021  12:47:16,865363;9,362589E-1;1,152668E-1;1,164678E-1;9,544507E-1;;
02/12/2021  12:47:16,865463;9,358595E-1;1,509478E-1;1,575390E-1;9,539626E-1;;
02/12/2021  12:47:16,865563;9,347241E-1;1,286472E-1;1,363715E-1;9,534640E-1;;
02/12/2021  12:47:16,865663;9,343396E-1;1,356559E-1;1,458495E-1;9,529555E-1;;
02/12/2021  12:47:16,865763;9,353201E-1;1,073023E-1;1,306848E-1;9,524377E-1;;
02/12/2021  12:47:16,865863;9,350668E-1;1,155854E-1;1,208909E-1;9,519115E-1;;
02/12/2021  12:47:16,865963;9,343485E-1;1,448948E-1;2,008217E-1;9,513777E-1;;
02/12/2021  12:47:16,866063;9,339849E-1;1,225942E-1;1,253139E-1;9,508373E-1;;
02/12/2021  12:47:16,866163;9,339134E-1;6,429402E-2;7,350108E-2;9,502910E-1;;
02/12/2021  12:47:16,866263;9,341429E-1;9,901924E-2;1,148882E-1;9,497398E-1;;
02/12/2021  12:47:16,866363;9,337942E-1;1,289658E-1;1,303688E-1;9,491847E-1;;
02/12/2021  12:47:16,866463;9,331445E-1;6,493118E-2;6,528685E-2;9,486265E-1;;
02/12/2021  12:47:16,866563;9,320716E-1;1,302401E-1;1,461654E-1;9,480661E-1;;
02/12/2021  12:47:16,866663;9,319017E-1;1,162226E-1;1,196272E-1;9,475043E-1;;
02/12/2021  12:47:16,866763;9,320656E-1;1,267357E-1;1,009872E-1;9,469419E-1;;
02/12/2021  12:47:16,866863;9,320805E-1;1,321516E-1;1,281573E-1;9,463794E-1;;
02/12/2021  12:47:16,866963;9,313861E-1;5,728526E-2;8,171531E-2;9,458176E-1;;
02/12/2021  12:47:16,867063;9,299377E-1;1,155854E-1;1,193112E-1;9,452573E-1;;
02/12/2021  12:47:16,867163;9,307573E-1;1,159040E-1;1,193112E-1;9,446990E-1;;
02/12/2021  12:47:16,867263;9,311507E-1;3,275460E-2;9,340479E-2;9,441433E-1;;
02/12/2021  12:47:16,867363;9,309808E-1;1,331073E-1;1,379512E-1;9,435907E-1;;
02/12/2021  12:47:16,867463;9,302357E-1;1,190898E-1;1,243661E-1;9,430420E-1;;
02/12/2021  12:47:16,867563;9,297201E-1;1,120810E-1;9,751191E-2;9,424979E-1;;
02/12/2021  12:47:16,867663;9,297440E-1;7,767438E-2;1,499566E-1;9,419589E-1;;
02/12/2021  12:47:16,867763;9,303341E-1;8,054160E-2;7,666040E-2;9,414254E-1;;
02/12/2021  12:47:16,867863;9,294489E-1;1,280100E-1;1,300529E-1;9,408981E-1;;
02/12/2021  12:47:16,867963;9,287366E-1;1,213198E-1;1,256299E-1;9,403775E-1;;
02/12/2021  12:47:16,868063;9,281167E-1;1,200455E-1;9,751191E-2;9,398639E-1;;
02/12/2021  12:47:16,868163;9,281793E-1;1,101695E-1;1,401627E-1;9,393577E-1;;
02/12/2021  12:47:16,868263;9,287038E-1;1,394789E-1;1,284732E-1;9,388591E-1;;
02/12/2021  12:47:16,868363;9,279826E-1;1,123996E-1;1,145722E-1;9,383683E-1;;
02/12/2021  12:47:16,868463;9,263733E-1;1,350188E-1;1,518522E-1;9,378857E-1;;
02/12/2021  12:47:16,868563;9,254494E-1;1,353374E-1;1,297370E-1;9,374112E-1;;
02/12/2021  12:47:16,868663;9,255984E-1;1,203641E-1;1,180475E-1;9,369448E-1;;
02/12/2021  12:47:16,868763;9,257861E-1;1,455319E-1;1,739675E-1;9,364863E-1;;
02/12/2021  12:47:16,868863;9,253719E-1;1,194084E-1;1,218387E-1;9,360356E-1;;
02/12/2021  12:47:16,868963;9,237148E-1;4,326774E-2;1,013031E-1;9,355925E-1;;
02/12/2021  12:47:16,869063;9,229191E-1;1,299215E-1;1,354238E-1;9,351569E-1;;
02/12/2021  12:47:16,869163;9,240456E-1;9,678918E-2;9,403666E-2;9,347282E-1;;
02/12/2021  12:47:16,869263;9,236433E-1;1,216384E-1;1,341600E-1;9,343063E-1;;
02/12/2021  12:47:16,869363;9,227820E-1;1,241871E-1;1,303688E-1;9,338908E-1;;
02/12/2021  12:47:16,869463;9,224959E-1;1,404346E-1;1,259458E-1;9,334817E-1;;
02/12/2021  12:47:16,869563;9,214915E-1;1,761156E-1;1,979783E-1;9,330785E-1;;
02/12/2021  12:47:16,869663;9,221919E-1;1,703812E-1;1,657532E-1;9,326810E-1;;
02/12/2021  12:47:16,869763;9,223230E-1;1,184526E-1;1,284732E-1;9,322890E-1;;
02/12/2021  12:47:16,869863;9,218372E-1;1,483991E-1;1,404787E-1;9,319022E-1;;
02/12/2021  12:47:16,869963;9,209014E-1;1,420275E-1;1,272095E-1;9,315205E-1;;
02/12/2021  12:47:16,870063;9,209938E-1;1,184526E-1;1,177316E-1;9,311438E-1;;
02/12/2021  12:47:16,870163;9,222962E-1;1,095324E-1;1,341600E-1;9,307720E-1;;
02/12/2021  12:47:16,870263;9,220876E-1;1,101695E-1;1,300529E-1;9,304050E-1;;
02/12/2021  12:47:16,870363;9,216763E-1;1,353374E-1;1,357397E-1;9,300430E-1;;
02/12/2021  12:47:16,870463;9,211100E-1;1,088952E-1;1,240502E-1;9,296861E-1;;
02/12/2021  12:47:16,870563;9,212382E-1;-5,156422E-3;6,149566E-2;9,293343E-1;;
02/12/2021  12:47:16,870663;9,217657E-1;1,018865E-1;1,019350E-1;9,289879E-1;;
02/12/2021  12:47:16,870763;9,221651E-1;1,197269E-1;1,313166E-1;9,286470E-1;;
02/12/2021  12:47:16,870863;9,217270E-1;1,101695E-1;1,218387E-1;9,283117E-1;;
02/12/2021  12:47:16,870963;9,216048E-1;1,366117E-1;1,518522E-1;9,279825E-1;;
02/12/2021  12:47:16,871063;9,219833E-1;1,085766E-1;1,117289E-1;9,276595E-1;;
02/12/2021  12:47:16,871163;9,228029E-1;1,018865E-1;1,392149E-1;9,273430E-1;;
02/12/2021  12:47:16,871263;9,229131E-1;1,117624E-1;1,253139E-1;9,270334E-1;;
02/12/2021  12:47:16,871363;9,226151E-1;9,870066E-2;1,066739E-1;9,267311E-1;;
02/12/2021  12:47:16,871463;9,221770E-1;9,838208E-2;1,208909E-1;9,264366E-1;;
02/12/2021  12:47:16,871563;9,228327E-1;9,838208E-2;1,142563E-1;9,261502E-1;;
02/12/2021  12:47:16,871663;9,233542E-1;1,028422E-1;1,114129E-1;9,258721E-1;;
02/12/2021  12:47:16,871763;9,238132E-1;1,066652E-1;1,114129E-1;9,256028E-1;;
02/12/2021  12:47:16,871863;9,238728E-1;7,608148E-2;1,025668E-1;9,253427E-1;;
02/12/2021  12:47:16,871963;9,239473E-1;9,742634E-2;1,145722E-1;9,250922E-1;;
02/12/2021  12:47:16,872063;9,245076E-1;1,041165E-1;1,253139E-1;9,248519E-1;;
02/12/2021  12:47:16,872163;9,260484E-1;1,006121E-1;8,613836E-2;9,246221E-1;;
02/12/2021  12:47:16,872263;9,254613E-1;1,165411E-1;1,249980E-1;9,244034E-1;;
02/12/2021  12:47:16,872363;9,255656E-1;1,248242E-1;1,310007E-1;9,241964E-1;;
02/12/2021  12:47:16,872463;9,244986E-1;1,445762E-1;1,373193E-1;9,240015E-1;;
02/12/2021  12:47:16,872563;9,251394E-1;1,292843E-1;1,373193E-1;9,238189E-1;;
02/12/2021  12:47:16,872663;9,260484E-1;1,423461E-1;1,430061E-1;9,236488E-1;;
02/12/2021  12:47:16,872763;9,255000E-1;1,433019E-1;1,300529E-1;9,234914E-1;;
02/12/2021  12:47:16,872863;9,253868E-1;1,649653E-1;1,430061E-1;9,233468E-1;;
02/12/2021  12:47:16,872963;9,255507E-1;1,649653E-1;1,486929E-1;9,232152E-1;;
02/12/2021  12:47:16,873063;9,263196E-1;1,159040E-1;1,278414E-1;9,230964E-1;;
02/12/2021  12:47:16,873163;9,267875E-1;1,974605E-1;2,238847E-1;9,229905E-1;;
02/12/2021  12:47:16,873263;9,264805E-1;1,519035E-1;1,483770E-1;9,228976E-1;;
02/12/2021  12:47:16,873363;9,267726E-1;1,697440E-1;2,077722E-1;9,228176E-1;;
02/12/2021  12:47:16,873463;9,261050E-1;1,327887E-1;1,417424E-1;9,227506E-1;;
02/12/2021  12:47:16,873563;9,275624E-1;1,270543E-1;1,303688E-1;9,226963E-1;;
02/12/2021  12:47:16,873663;9,282449E-1;1,203641E-1;1,398468E-1;9,226546E-1;;
02/12/2021  12:47:16,873763;9,279230E-1;1,350188E-1;1,313166E-1;9,226256E-1;;
02/12/2021  12:47:16,873863;9,276995E-1;1,420275E-1;1,363715E-1;9,226091E-1;;
02/12/2021  12:47:16,873963;9,283820E-1;1,334259E-1;1,351078E-1;9,226052E-1;;
02/12/2021  12:47:16,874063;9,298900E-1;1,241871E-1;1,215227E-1;9,226136E-1;;
02/12/2021  12:47:16,874163;9,305218E-1;1,270543E-1;1,287892E-1;9,226343E-1;;
02/12/2021  12:47:16,874263;9,308854E-1;1,337445E-1;1,325804E-1;9,226675E-1;;
02/12/2021  12:47:16,874363;9,307454E-1;1,283286E-1;1,284732E-1;9,227133E-1;;
02/12/2021  12:47:16,874463;9,306351E-1;1,203641E-1;1,376353E-1;9,227718E-1;;
02/12/2021  12:47:16,874563;9,321640E-1;1,162226E-1;1,092014E-1;9,228429E-1;;
02/12/2021  12:47:16,874663;9,330074E-1;1,283286E-1;1,316326E-1;9,229266E-1;;
02/12/2021  12:47:16,874763;9,331356E-1;1,347002E-1;1,366875E-1;9,230231E-1;;
02/12/2021  12:47:16,874863;9,332905E-1;1,299215E-1;1,284732E-1;9,231324E-1;;
02/12/2021  12:47:16,874963;9,336243E-1;1,461691E-1;1,486929E-1;9,232547E-1;;
02/12/2021  12:47:16,875063;9,351622E-1;1,206827E-1;1,398468E-1;9,233898E-1;;
02/12/2021  12:47:16,875163;9,355913E-1;1,315144E-1;1,347919E-1;9,235379E-1;;
02/12/2021  12:47:16,875263;9,359430E-1;1,251428E-1;1,212068E-1;9,236991E-1;;
02/12/2021  12:47:16,875363;9,353618E-1;7,385142E-2;1,758630E-1;9,238734E-1;;
02/12/2021  12:47:16,875463;9,354900E-1;1,222756E-1;1,202590E-1;9,240608E-1;;
02/12/2021  12:47:16,875563;9,367298E-1;1,681511E-1;2,027173E-1;9,242610E-1;;
02/12/2021  12:47:16,875663;9,373676E-1;1,391603E-1;1,366875E-1;9,244739E-1;;
02/12/2021  12:47:16,875763;9,374093E-1;1,238685E-1;1,310007E-1;9,246993E-1;;
02/12/2021  12:47:16,875863;9,369444E-1;1,225942E-1;1,357397E-1;9,249369E-1;;
02/12/2021  12:47:16,875963;9,377789E-1;1,401161E-1;1,373193E-1;9,251866E-1;;
02/12/2021  12:47:16,876063;9,390127E-1;1,340630E-1;1,351078E-1;9,254479E-1;;
02/12/2021  12:47:16,876163;9,399277E-1;1,327887E-1;1,259458E-1;9,257205E-1;;
02/12/2021  12:47:16,876263;9,395611E-1;1,299215E-1;1,281573E-1;9,260044E-1;;
02/12/2021  12:47:16,876363;9,398084E-1;1,200455E-1;1,076217E-1;9,262992E-1;;
02/12/2021  12:47:16,876463;9,403568E-1;1,534964E-1;1,509044E-1;9,266047E-1;;
02/12/2021  12:47:16,876563;9,418112E-1;1,483991E-1;1,433221E-1;9,269207E-1;;
02/12/2021  12:47:16,876663;9,424579E-1;1,174969E-1;1,193112E-1;9,272467E-1;;
02/12/2021  12:47:16,876763;9,421778E-1;1,047537E-1;1,167838E-1;9,275827E-1;;
02/12/2021  12:47:16,876863;9,426427E-1;1,213198E-1;1,231024E-1;9,279285E-1;;
02/12/2021  12:47:16,876963;9,443534E-1;1,474434E-1;1,275255E-1;9,282839E-1;;
02/12/2021  12:47:16,877063;9,453667E-1;1,270543E-1;1,161519E-1;9,286486E-1;;
02/12/2021  12:47:16,877163;9,464188E-1;1,194084E-1;1,098333E-1;9,290227E-1;;
02/12/2021  12:47:16,877263;9,460760E-1;1,627352E-1;1,818658E-1;9,294062E-1;;
02/12/2021  12:47:16,877363;9,467198E-1;1,391603E-1;1,344760E-1;9,297992E-1;;
02/12/2021  12:47:16,877463;9,477927E-1;1,174969E-1;1,158360E-1;9,302015E-1;;
02/12/2021  12:47:16,877563;9,488686E-1;1,503106E-1;1,452176E-1;9,306131E-1;;
02/12/2021  12:47:16,877663;9,494140E-1;1,302401E-1;1,189953E-1;9,310340E-1;;
02/12/2021  12:47:16,877763;9,497030E-1;1,503106E-1;2,020854E-1;9,314642E-1;;
02/12/2021  12:47:16,877863;9,501680E-1;1,324701E-1;1,275255E-1;9,319038E-1;;
02/12/2021  12:47:16,877963;9,513064E-1;1,350188E-1;1,300529E-1;9,323526E-1;;
02/12/2021  12:47:16,878063;9,525701E-1;1,366117E-1;1,452176E-1;9,328105E-1;;
02/12/2021  12:47:16,878163;9,521707E-1;1,382046E-1;1,433221E-1;9,332776E-1;;
02/12/2021  12:47:16,878263;9,519353E-1;1,171783E-1;1,183634E-1;9,337538E-1;;
02/12/2021  12:47:16,878363;9,515866E-1;9,424054E-2;1,177316E-1;9,342388E-1;;
02/12/2021  12:47:16,878463;9,528324E-1;1,382046E-1;1,445858E-1;9,347321E-1;;
02/12/2021  12:47:16,878563;9,534314E-1;1,375674E-1;1,376353E-1;9,352333E-1;;
02/12/2021  12:47:16,878663;9,530738E-1;1,448948E-1;1,388990E-1;9,357419E-1;;
02/12/2021  12:47:16,878763;9,527608E-1;1,378860E-1;1,246821E-1;9,362573E-1;;
02/12/2021  12:47:16,878863;9,519711E-1;1,066652E-1;1,183634E-1;9,367789E-1;;
02/12/2021  12:47:16,878963;9,532556E-1;1,168597E-1;1,354238E-1;9,373058E-1;;
02/12/2021  12:47:16,879063;9,538516E-1;1,302401E-1;1,275255E-1;9,378372E-1;;
02/12/2021  12:47:16,879163;9,531006E-1;1,251428E-1;1,294210E-1;9,383722E-1;;
02/12/2021  12:47:16,879263;9,530380E-1;1,311958E-1;1,212068E-1;9,389099E-1;;
02/12/2021  12:47:16,879363;9,527012E-1;1,311958E-1;1,278414E-1;9,394496E-1;;
02/12/2021  12:47:16,879463;9,535715E-1;1,385232E-1;1,167838E-1;9,399901E-1;;
02/12/2021  12:47:16,879563;9,537324E-1;1,238685E-1;1,291051E-1;9,405305E-1;;
02/12/2021  12:47:16,879663;9,534314E-1;1,159040E-1;1,310007E-1;9,410699E-1;;
02/12/2021  12:47:16,879763;9,527191E-1;1,458505E-1;1,085695E-1;9,416073E-1;;
02/12/2021  12:47:16,879863;9,532436E-1;1,292843E-1;1,291051E-1;9,421418E-1;;
02/12/2021  12:47:16,879963;9,541228E-1;1,611423E-1;1,657532E-1;9,426723E-1;;
02/12/2021  12:47:16,880063;9,536668E-1;1,292843E-1;1,259458E-1;9,431981E-1;;
02/12/2021  12:47:16,880163;9,533718E-1;1,270543E-1;1,101492E-1;9,437183E-1;;
02/12/2021  12:47:16,880263;9,524807E-1;1,289658E-1;1,455336E-1;9,442319E-1;;
02/12/2021  12:47:16,880363;9,523197E-1;1,311958E-1;1,218387E-1;9,447382E-1;;
02/12/2021  12:47:16,880463;9,524986E-1;1,104881E-1;9,719598E-2;9,452360E-1;;
02/12/2021  12:47:16,880563;9,528741E-1;1,149482E-1;1,167838E-1;9,457244E-1;;
02/12/2021  12:47:16,880663;9,524837E-1;1,130368E-1;1,104651E-1;9,462026E-1;;
02/12/2021  12:47:16,880763;9,522333E-1;1,420275E-1;1,442698E-1;9,466698E-1;;
02/12/2021  12:47:16,880863;9,530887E-1;1,382046E-1;1,240502E-1;9,471252E-1;;
02/12/2021  12:47:16,880963;9,538755E-1;3,880762E-2;5,201770E-2;9,475682E-1;;
02/12/2021  12:47:16,881063;9,532675E-1;1,248242E-1;1,284732E-1;9,479984E-1;;
02/12/2021  12:47:16,881163;9,539112E-1;1,149482E-1;1,240502E-1;9,484154E-1;;
02/12/2021  12:47:16,881263;9,530142E-1;1,254614E-1;1,281573E-1;9,488190E-1;;
02/12/2021  12:47:16,881363;9,536668E-1;9,169190E-2;7,413294E-2;9,492088E-1;;
02/12/2021  12:47:16,881463;9,548560E-1;1,178155E-1;1,013031E-1;9,495848E-1;;
02/12/2021  12:47:16,881563;9,548798E-1;1,232313E-1;1,221546E-1;9,499467E-1;;
02/12/2021  12:47:16,881663;9,545550E-1;1,315144E-1;1,357397E-1;9,502949E-1;;
02/12/2021  12:47:16,881763;9,540751E-1;1,340630E-1;1,310007E-1;9,506293E-1;;
02/12/2021  12:47:16,881863;9,545818E-1;1,206827E-1;1,360556E-1;9,509500E-1;;
02/12/2021  12:47:16,881963;9,552673E-1;1,477620E-1;1,392149E-1;9,512571E-1;;
02/12/2021  12:47:16,882063;9,551272E-1;1,302401E-1;1,357397E-1;9,515509E-1;;
02/12/2021  12:47:16,882163;9,543344E-1;8,978042E-2;7,887192E-2;9,518315E-1;;
02/12/2021  12:47:16,882263;9,531274E-1;1,216384E-1;1,117289E-1;9,520991E-1;;
02/12/2021  12:47:16,882363;9,538129E-1;1,162226E-1;1,205749E-1;9,523537E-1;;
02/12/2021  12:47:16,882463;9,545788E-1;1,337445E-1;1,464814E-1;9,525954E-1;;
02/12/2021  12:47:16,882563;9,538039E-1;1,159040E-1;1,281573E-1;9,528241E-1;;
02/12/2021  12:47:16,882663;9,525790E-1;1,343816E-1;1,477451E-1;9,530401E-1;;
02/12/2021  12:47:16,882763;9,526059E-1;1,213198E-1;1,272095E-1;9,532432E-1;;
02/12/2021  12:47:16,882863;9,532854E-1;1,098510E-1;1,057261E-1;9,534335E-1;;
02/12/2021  12:47:16,882963;9,531513E-1;1,439390E-1;1,328963E-1;9,536110E-1;;
02/12/2021  12:47:16,883063;9,523734E-1;1,222756E-1;1,272095E-1;9,537757E-1;;
02/12/2021  12:47:16,883163;9,515628E-1;1,315144E-1;1,281573E-1;9,539277E-1;;
02/12/2021  12:47:16,883263;9,507730E-1;8,946184E-2;9,782784E-2;9,540669E-1;;
02/12/2021  12:47:16,883363;9,512260E-1;1,270543E-1;1,303688E-1;9,541931E-1;;
02/12/2021  12:47:16,883463;9,505643E-1;1,292843E-1;1,281573E-1;9,543064E-1;;
02/12/2021  12:47:16,883563;9,507342E-1;1,232313E-1;1,259458E-1;9,544064E-1;;
02/12/2021  12:47:16,883663;9,499683E-1;1,305587E-1;1,234183E-1;9,544933E-1;;
02/12/2021  12:47:16,883763;9,491517E-1;1,101695E-1;1,253139E-1;9,545669E-1;;
02/12/2021  12:47:16,883863;9,496732E-1;1,171783E-1;1,275255E-1;9,546271E-1;;
02/12/2021  12:47:16,883963;9,493961E-1;1,117624E-1;1,202590E-1;9,546738E-1;;
02/12/2021  12:47:16,884063;9,485526E-1;9,615202E-2;1,148882E-1;9,547072E-1;;
02/12/2021  12:47:16,884163;9,473039E-1;4,422348E-2;8,171531E-2;9,547271E-1;;
02/12/2021  12:47:16,884263;9,467764E-1;1,123996E-1;1,088855E-1;9,547334E-1;;
02/12/2021  12:47:16,884363;9,471400E-1;8,468314E-2;6,591871E-2;9,547259E-1;;
02/12/2021  12:47:16,884463;9,471579E-1;9,264764E-2;1,142563E-1;9,547046E-1;;
02/12/2021  12:47:16,884563;9,467973E-1;1,127182E-1;1,212068E-1;9,546693E-1;;
02/12/2021  12:47:16,884663;9,451521E-1;1,171783E-1;1,313166E-1;9,546203E-1;;
02/12/2021  12:47:16,884763;9,454442E-1;1,114439E-1;1,202590E-1;9,545574E-1;;
02/12/2021  12:47:16,884863;9,455157E-1;8,723178E-2;1,073058E-1;9,544807E-1;;
02/12/2021  12:47:16,884963;9,455336E-1;9,615202E-2;1,107811E-1;9,543903E-1;;
02/12/2021  12:47:16,885063;9,447885E-1;1,034794E-1;1,136244E-1;9,542862E-1;;
02/12/2021  12:47:16,885163;9,443236E-1;6,588692E-2;6,402312E-2;9,541689E-1;;
02/12/2021  12:47:16,885263;9,447408E-1;8,277166E-2;1,180475E-1;9,540384E-1;;
02/12/2021  12:47:16,885363;9,449018E-1;8,117876E-2;1,041465E-1;9,538951E-1;;
02/12/2021  12:47:16,885463;9,447736E-1;8,277166E-2;1,028828E-1;9,537394E-1;;
02/12/2021  12:47:16,885563;9,441984E-1;1,018865E-1;1,215227E-1;9,535719E-1;;
02/12/2021  12:47:16,885663;9,430808E-1;1,088952E-1;1,221546E-1;9,533929E-1;;
02/12/2021  12:47:16,885763;9,436501E-1;4,995792E-2;5,328143E-2;9,532029E-1;;
02/12/2021  12:47:16,885863;9,440554E-1;8,850610E-2;1,076217E-1;9,530024E-1;;
02/12/2021  12:47:16,885963;9,435696E-1;1,130368E-1;1,164678E-1;9,527919E-1;;
02/12/2021  12:47:16,886063;9,422791E-1;1,241871E-1;1,205749E-1;9,525720E-1;;
02/12/2021  12:47:16,886163;9,412330E-1;1,302401E-1;1,262617E-1;9,523431E-1;;
02/12/2021  12:47:16,886263;9,410334E-1;1,302401E-1;1,054102E-1;9,521055E-1;;
02/12/2021  12:47:16,886363;9,413016E-1;1,538150E-1;1,392149E-1;9,518594E-1;;
02/12/2021  12:47:16,886463;9,406191E-1;1,757970E-1;1,420583E-1;9,516052E-1;;
02/12/2021  12:47:16,886563;9,399724E-1;1,311958E-1;1,376353E-1;9,513432E-1;;
02/12/2021  12:47:16,886663;9,391200E-1;1,598680E-1;1,398468E-1;9,510736E-1;;
02/12/2021  12:47:16,886763;9,393525E-1;1,681511E-1;1,556434E-1;9,507966E-1;;
02/12/2021  12:47:16,886863;9,394896E-1;1,630538E-1;1,692285E-1;9,505124E-1;;
02/12/2021  12:47:16,886963;9,379517E-1;1,477620E-1;1,477451E-1;9,502214E-1;;
02/12/2021  12:47:16,887063;9,372484E-1;1,296029E-1;1,050943E-1;9,499237E-1;;
02/12/2021  12:47:16,887163;9,361010E-1;3,625898E-2;9,624818E-2;9,496195E-1;;
02/12/2021  12:47:16,887263;9,363692E-1;8,181592E-2;1,044624E-1;9,493087E-1;;
02/12/2021  12:47:16,887363;9,365897E-1;1,289658E-1;1,411105E-1;9,489915E-1;;
02/12/2021  12:47:16,887463;9,352396E-1;1,159040E-1;1,208909E-1;9,486678E-1;;
02/12/2021  12:47:16,887563;9,342621E-1;9,455912E-2;8,677022E-2;9,483379E-1;;
02/12/2021  12:47:16,887663;9,339224E-1;1,159040E-1;1,243661E-1;9,480017E-1;;
02/12/2021  12:47:16,887763;9,341131E-1;1,512664E-1;1,654373E-1;9,476592E-1;;
02/12/2021  12:47:16,887863;9,346406E-1;1,273729E-1;1,237343E-1;9,473106E-1;;
02/12/2021  12:47:16,887963;9,333054E-1;1,104881E-1;1,319485E-1;9,469560E-1;;
02/12/2021  12:47:16,888063;9,320895E-1;1,111253E-1;1,227865E-1;9,465956E-1;;
02/12/2021  12:47:16,888163;9,315947E-1;1,206827E-1;1,420583E-1;9,462295E-1;;
02/12/2021  12:47:16,888263;9,316812E-1;1,111253E-1;9,877564E-2;9,458578E-1;;
02/12/2021  12:47:16,888363;9,321938E-1;1,216384E-1;1,284732E-1;9,454806E-1;;
02/12/2021  12:47:16,888463;9,321670E-1;1,311958E-1;1,423743E-1;9,450981E-1;;
02/12/2021  12:47:16,888563;9,308169E-1;1,353374E-1;1,341600E-1;9,447106E-1;;
02/12/2021  12:47:16,888663;9,310255E-1;1,369303E-1;1,363715E-1;9,443185E-1;;
02/12/2021  12:47:16,888763;9,315500E-1;1,445762E-1;1,673329E-1;9,439222E-1;;
02/12/2021  12:47:16,888863;9,316216E-1;1,155854E-1;1,265777E-1;9,435221E-1;;
02/12/2021  12:47:16,888963;9,313057E-1;1,025236E-1;9,561632E-2;9,431187E-1;;
02/12/2021  12:47:16,889063;9,311775E-1;1,248242E-1;1,486929E-1;9,427126E-1;;
02/12/2021  12:47:16,889163;9,313116E-1;1,225942E-1;1,237343E-1;9,423045E-1;;
02/12/2021  12:47:16,889263;9,317736E-1;8,691320E-2;9,245700E-2;9,418951E-1;;
02/12/2021  12:47:16,889363;9,317527E-1;1,114439E-1;1,215227E-1;9,414850E-1;;
02/12/2021  12:47:16,889463;9,315649E-1;1,334259E-1;1,278414E-1;9,410751E-1;;
02/12/2021  12:47:16,889563;9,309391E-1;1,190898E-1;1,287892E-1;9,406660E-1;;
02/12/2021  12:47:16,889663;9,317914E-1;1,133553E-1;1,212068E-1;9,402586E-1;;
02/12/2021  12:47:16,889763;9,323011E-1;3,689614E-2;5,960007E-2;9,398536E-1;;
02/12/2021  12:47:16,889863;9,320775E-1;1,248242E-1;1,208909E-1;9,394518E-1;;
02/12/2021  12:47:16,889963;9,317140E-1;1,350188E-1;1,306848E-1;9,390540E-1;;
02/12/2021  12:47:16,890063;9,307781E-1;1,238685E-1;1,240502E-1;9,386609E-1;;
02/12/2021  12:47:16,890163;9,306708E-1;1,321516E-1;1,363715E-1;9,382732E-1;;
02/12/2021  12:47:16,890263;9,314606E-1;8,149734E-2;8,361090E-2;9,378914E-1;;
02/12/2021  12:47:16,890363;9,314249E-1;1,519035E-1;1,521681E-1;9,375159E-1;;
02/12/2021  12:47:16,890463;9,308646E-1;1,254614E-1;1,278414E-1;9,371473E-1;;
02/12/2021  12:47:16,890563;9,308586E-1;1,241871E-1;1,265777E-1;9,367861E-1;;
02/12/2021  12:47:16,890663;9,310970E-1;1,280100E-1;1,107811E-1;9,364327E-1;;
02/12/2021  12:47:16,890763;9,324292E-1;1,286472E-1;1,360556E-1;9,360875E-1;;
02/12/2021  12:47:16,890863;9,316335E-1;1,464877E-1;1,357397E-1;9,357510E-1;;
02/12/2021  12:47:16,890963;9,309093E-1;1,254614E-1;1,660692E-1;9,354237E-1;;
02/12/2021  12:47:16,891063;9,311417E-1;1,245056E-1;1,262617E-1;9,351060E-1;;
02/12/2021  12:47:16,891163;9,321640E-1;1,318330E-1;1,360556E-1;9,347981E-1;;
02/12/2021  12:47:16,891263;9,321580E-1;1,366117E-1;1,562753E-1;9,345005E-1;;
02/12/2021  12:47:16,891363;9,321968E-1;1,337445E-1;1,237343E-1;9,342135E-1;;
02/12/2021  12:47:16,891463;9,326289E-1;1,117624E-1;1,265777E-1;9,339375E-1;;
02/12/2021  12:47:16,891563;9,322713E-1;1,136739E-1;1,199431E-1;9,336728E-1;;
02/12/2021  12:47:16,891663;9,335349E-1;8,022302E-2;9,435259E-2;9,334198E-1;;
02/12/2021  12:47:16,891763;9,341012E-1;1,216384E-1;1,148882E-1;9,331789E-1;;
02/12/2021  12:47:16,891863;9,339373E-1;1,245056E-1;1,335282E-1;9,329504E-1;;
02/12/2021  12:47:16,891963;9,332637E-1;1,187712E-1;1,246821E-1;9,327348E-1;;
02/12/2021  12:47:16,892063;9,335141E-1;1,608238E-1;1,853410E-1;9,325324E-1;;
02/12/2021  12:47:16,892163;9,338568E-1;1,289658E-1;1,625939E-1;9,323433E-1;;
02/12/2021  12:47:16,892263;9,344439E-1;1,222756E-1;1,227865E-1;9,321677E-1;;
02/12/2021  12:47:16,892363;9,345035E-1;1,362931E-1;1,338441E-1;9,320057E-1;;
02/12/2021  12:47:16,892463;9,348671E-1;1,299215E-1;1,291051E-1;9,318574E-1;;
02/12/2021  12:47:16,892563;9,346764E-1;1,397975E-1;1,417424E-1;9,317229E-1;;
02/12/2021  12:47:16,892663;9,360682E-1;1,311958E-1;1,420583E-1;9,316024E-1;;
02/12/2021  12:47:16,892763;9,356867E-1;1,372488E-1;1,316326E-1;9,314959E-1;;
02/12/2021  12:47:16,892863;9,359907E-1;1,190898E-1;1,237343E-1;9,314036E-1;;
02/12/2021  12:47:16,892963;9,355168E-1;1,375674E-1;1,344760E-1;9,313255E-1;;
02/12/2021  12:47:16,893063;9,359639E-1;1,324701E-1;1,221546E-1;9,312615E-1;;
02/12/2021  12:47:16,893163;9,369146E-1;1,171783E-1;1,455336E-1;9,312115E-1;;
02/12/2021  12:47:16,893263;9,367149E-1;1,187712E-1;1,284732E-1;9,311755E-1;;
02/12/2021  12:47:16,893363;9,363602E-1;1,276914E-1;1,332122E-1;9,311532E-1;;
02/12/2021  12:47:16,893463;9,359162E-1;1,331073E-1;1,474292E-1;9,311445E-1;;
02/12/2021  12:47:16,893563;9,372186E-1;1,165411E-1;1,218387E-1;9,311491E-1;;
02/12/2021  12:47:16,893663;9,377669E-1;1,353374E-1;1,268936E-1;9,311667E-1;;
02/12/2021  12:47:16,893763;9,375285E-1;1,388417E-1;1,351078E-1;9,311970E-1;;
02/12/2021  12:47:16,893863;9,373497E-1;1,353374E-1;1,297370E-1;9,312398E-1;;
02/12/2021  12:47:16,893963;9,365122E-1;8,468314E-2;7,508074E-2;9,312946E-1;;
02/12/2021  12:47:16,894063;9,366523E-1;1,311958E-1;1,344760E-1;9,313612E-1;;
02/12/2021  12:47:16,894163;9,379100E-1;1,509478E-1;1,559593E-1;9,314387E-1;;
02/12/2021  12:47:16,894263;9,376835E-1;1,321516E-1;1,332122E-1;9,315268E-1;;
02/12/2021  12:47:16,894363;9,377640E-1;1,382046E-1;1,341600E-1;9,316249E-1;;
02/12/2021  12:47:16,894463;9,377252E-1;1,289658E-1;1,303688E-1;9,317326E-1;;
02/12/2021  12:47:16,894563;9,387177E-1;1,324701E-1;1,351078E-1;9,318495E-1;;
02/12/2021  12:47:16,894663;9,398800E-1;1,324701E-1;1,253139E-1;9,319750E-1;;
02/12/2021  12:47:16,894763;9,408217E-1;1,359745E-1;1,186794E-1;9,321089E-1;;
02/12/2021  12:47:16,894863;9,403807E-1;1,174969E-1;1,281573E-1;9,322512E-1;;
02/12/2021  12:47:16,894963;9,400946E-1;1,143111E-1;1,208909E-1;9,324017E-1;;
02/12/2021  12:47:16,895063;9,414566E-1;1,133553E-1;1,025668E-1;9,325603E-1;;
02/12/2021  12:47:16,895163;9,429586E-1;1,006121E-1;8,234717E-2;9,327268E-1;;
02/12/2021  12:47:16,895263;9,430749E-1;1,178155E-1;9,972343E-2;9,329012E-1;;
02/12/2021  12:47:16,895363;9,428871E-1;1,362931E-1;1,268936E-1;9,330837E-1;;
02/12/2021  12:47:16,895463;9,432537E-1;1,238685E-1;1,170997E-1;9,332742E-1;;
02/12/2021  12:47:16,895563;9,443206E-1;1,560451E-1;1,347919E-1;9,334727E-1;;
02/12/2021  12:47:16,895663;9,452982E-1;1,283286E-1;1,480610E-1;9,336793E-1;;
02/12/2021  12:47:16,895763;9,454829E-1;1,251428E-1;1,256299E-1;9,338941E-1;;
02/12/2021  12:47:16,895863;9,446693E-1;1,057094E-1;1,104651E-1;9,341171E-1;;
02/12/2021  12:47:16,895963;9,451998E-1;1,139925E-1;1,714400E-1;9,343484E-1;;
02/12/2021  12:47:16,896063;9,454025E-1;1,375674E-1;1,341600E-1;9,345877E-1;;
02/12/2021  12:47:16,896163;9,455574E-1;1,318330E-1;1,335282E-1;9,348349E-1;;
02/12/2021  12:47:16,896263;9,455396E-1;1,331073E-1;1,275255E-1;9,350897E-1;;
02/12/2021  12:47:16,896363;9,448034E-1;1,254614E-1;1,240502E-1;9,353517E-1;;
02/12/2021  12:47:16,896463;9,457035E-1;1,292843E-1;1,411105E-1;9,356205E-1;;
02/12/2021  12:47:16,896563;9,459091E-1;1,483991E-1;1,635417E-1;9,358956E-1;;
02/12/2021  12:47:16,896663;9,468151E-1;1,334259E-1;1,234183E-1;9,361766E-1;;
02/12/2021  12:47:16,896763;9,462608E-1;1,350188E-1;1,436380E-1;9,364631E-1;;
02/12/2021  12:47:16,896863;9,456469E-1;1,534964E-1;1,436380E-1;9,367546E-1;;
02/12/2021  12:47:16,896963;9,452773E-1;1,327887E-1;1,066739E-1;9,370505E-1;;
02/12/2021  12:47:16,897063;9,456469E-1;1,254614E-1;1,098333E-1;9,373502E-1;;
02/12/2021  12:47:16,897163;9,460999E-1;1,200455E-1;1,212068E-1;9,376530E-1;;
02/12/2021  12:47:16,897263;9,457094E-1;1,225942E-1;1,395309E-1;9,379581E-1;;
02/12/2021  12:47:16,897363;9,451193E-1;1,098510E-1;1,268936E-1;9,382649E-1;;
02/12/2021  12:47:16,897463;9,451551E-1;5,473662E-2;9,814378E-2;9,385727E-1;;
02/12/2021  12:47:16,897563;9,457094E-1;9,710776E-2;1,183634E-1;9,388806E-1;;
02/12/2021  12:47:16,897663;9,456051E-1;1,123996E-1;1,126766E-1;9,391878E-1;;
02/12/2021  12:47:16,897763;9,448064E-1;1,114439E-1;1,095173E-1;9,394938E-1;;
02/12/2021  12:47:16,897863;9,432984E-1;8,563888E-2;1,376353E-1;9,397976E-1;;
02/12/2021  12:47:16,897963;9,433639E-1;1,069837E-1;1,202590E-1;9,400984E-1;;
02/12/2021  12:47:16,898063;9,433282E-1;6,939130E-2;8,929768E-2;9,403951E-1;;
02/12/2021  12:47:16,898163;9,437573E-1;1,060280E-1;1,202590E-1;9,406868E-1;;
02/12/2021  12:47:16,898263;9,430570E-1;1,168597E-1;1,167838E-1;9,409724E-1;;
02/12/2021  12:47:16,898363;9,422344E-1;2,925022E-2;9,877564E-2;9,412513E-1;;
02/12/2021  12:47:16,898463;9,419215E-1;8,882468E-2;1,009872E-1;9,415224E-1;;
02/12/2021  12:47:16,898563;9,431672E-1;1,491412E-2;4,727872E-2;9,417850E-1;;
02/12/2021  12:47:16,898663;9,423536E-1;1,216384E-1;1,294210E-1;9,420382E-1;;
02/12/2021  12:47:16,898763;9,420288E-1;9,870066E-2;1,139404E-1;9,422815E-1;;
02/12/2021  12:47:16,898863;9,411585E-1;9,201048E-2;1,054102E-1;9,425142E-1;;
02/12/2021  12:47:16,898963;9,409559E-1;9,169190E-2;1,110970E-1;9,427357E-1;;
02/12/2021  12:47:16,899063;9,417367E-1;1,197269E-1;1,338441E-1;9,429453E-1;;
02/12/2021  12:47:16,899163;9,413195E-1;8,850610E-2;1,016190E-1;9,431425E-1;;
02/12/2021  12:47:16,899263;9,406549E-1;1,130368E-1;1,231024E-1;9,433269E-1;;
02/12/2021  12:47:16,899363;9,402257E-1;1,057094E-1;1,139404E-1;9,434982E-1;;
02/12/2021  12:47:16,899463;9,414059E-1;1,178155E-1;1,085695E-1;9,436559E-1;;
02/12/2021  12:47:16,899563;9,421629E-1;1,315144E-1;1,344760E-1;9,438000E-1;;
02/12/2021  12:47:16,899663;9,412718E-1;1,120810E-1;1,164678E-1;9,439304E-1;;
02/12/2021  12:47:16,899763;9,409797E-1;1,474434E-1;1,455336E-1;9,440472E-1;;
02/12/2021  12:47:16,899863;9,400558E-1;1,433019E-1;1,322644E-1;9,441506E-1;;
02/12/2021  12:47:16,899963;9,407502E-1;1,767528E-1;1,496407E-1;9,442405E-1;;
02/12/2021  12:47:16,900063;9,413075E-1;1,789828E-1;1,663851E-1;9,443170E-1;;
02/12/2021  12:47:16,900163;9,405565E-1;1,640096E-1;1,458495E-1;9,443803E-1;;
02/12/2021  12:47:16,900263;9,402495E-1;1,687883E-1;1,679647E-1;9,444308E-1;;
02/12/2021  12:47:16,900363;9,393048E-1;1,700626E-1;1,619620E-1;9,444685E-1;;
02/12/2021  12:47:16,900463;9,404522E-1;1,073023E-1;1,066739E-1;9,444937E-1;;
02/12/2021  12:47:16,900563;9,408217E-1;1,139925E-1;1,205749E-1;9,445067E-1;;
02/12/2021  12:47:16,900663;9,405654E-1;1,213198E-1;1,246821E-1;9,445078E-1;;
02/12/2021  12:47:16,900763;9,403151E-1;1,337445E-1;1,310007E-1;9,444975E-1;;
02/12/2021  12:47:16,900863;9,401244E-1;2,797590E-2;8,297904E-2;9,444764E-1;;
02/12/2021  12:47:16,900963;9,406906E-1;1,165411E-1;1,783905E-1;9,444448E-1;;
02/12/2021  12:47:16,901063;9,413820E-1;1,289658E-1;1,278414E-1;9,444033E-1;;
02/12/2021  12:47:16,901163;9,412509E-1;1,433019E-1;1,401627E-1;9,443526E-1;;
02/12/2021  12:47:16,901263;9,407264E-1;1,133553E-1;1,126766E-1;9,442934E-1;;
02/12/2021  12:47:16,901363;9,406250E-1;1,229127E-1;1,253139E-1;9,442264E-1;;
02/12/2021  12:47:16,901463;9,419304E-1;1,238685E-1;1,300529E-1;9,441522E-1;;
02/12/2021  12:47:16,901563;9,421778E-1;1,187712E-1;1,224705E-1;9,440716E-1;;
02/12/2021  12:47:16,901663;9,424609E-1;1,238685E-1;1,376353E-1;9,439853E-1;;
02/12/2021  12:47:16,901763;9,415966E-1;1,235499E-1;1,237343E-1;9,438943E-1;;
02/12/2021  12:47:16,901863;9,411943E-1;1,229127E-1;1,054102E-1;9,437993E-1;;
02/12/2021  12:47:16,901963;9,420228E-1;1,034794E-1;1,038306E-1;9,437010E-1;;
02/12/2021  12:47:16,902063;9,418351E-1;1,181340E-1;1,259458E-1;9,436000E-1;;
02/12/2021  12:47:16,902163;9,424311E-1;1,267357E-1;1,347919E-1;9,434970E-1;;
02/12/2021  12:47:16,902263;9,418172E-1;-1,662530E-2;5,328143E-2;9,433926E-1;;
02/12/2021  12:47:16,902363;9,423506E-1;1,187712E-1;1,240502E-1;9,432875E-1;;
02/12/2021  12:47:16,902463;9,435249E-1;1,216384E-1;1,420583E-1;9,431822E-1;;
02/12/2021  12:47:16,902563;9,438646E-1;1,417090E-1;1,407946E-1;9,430776E-1;;
02/12/2021  12:47:16,902663;9,435994E-1;1,104881E-1;1,126766E-1;9,429744E-1;;
02/12/2021  12:47:16,902763;9,431136E-1;1,260985E-1;1,218387E-1;9,428733E-1;;
02/12/2021  12:47:16,902863;9,444398E-1;1,229127E-1;1,379512E-1;9,427749E-1;;
02/12/2021  12:47:16,902963;9,456618E-1;1,337445E-1;1,464814E-1;9,426801E-1;;
02/12/2021  12:47:16,903063;9,461177E-1;1,254614E-1;1,313166E-1;9,425895E-1;;
02/12/2021  12:47:16,903163;9,461386E-1;1,190898E-1;1,212068E-1;9,425041E-1;;
02/12/2021  12:47:16,903263;9,464128E-1;1,299215E-1;1,281573E-1;9,424247E-1;;
02/12/2021  12:47:16,903363;9,470178E-1;3,243602E-2;7,128955E-2;9,423520E-1;;
02/12/2021  12:47:16,903463;9,474082E-1;1,222756E-1;1,199431E-1;9,422870E-1;;
02/12/2021  12:47:16,903563;9,478344E-1;1,155854E-1;1,240502E-1;9,422302E-1;;
02/12/2021  12:47:16,903663;9,477062E-1;1,206827E-1;1,227865E-1;9,421823E-1;;
02/12/2021  12:47:16,903763;9,473665E-1;1,238685E-1;1,249980E-1;9,421440E-1;;
02/12/2021  12:47:16,903863;9,475274E-1;1,292843E-1;1,294210E-1;9,421157E-1;;
02/12/2021  12:47:16,903963;9,478880E-1;1,257800E-1;1,221546E-1;9,420976E-1;;
02/12/2021  12:47:16,904063;9,474440E-1;1,002936E-1;1,139404E-1;9,420899E-1;;
02/12/2021  12:47:16,904163;9,473248E-1;1,146297E-1;1,231024E-1;9,420928E-1;;
02/12/2021  12:47:16,904263;9,463353E-1;1,174969E-1;1,253139E-1;9,421062E-1;;
02/12/2021  12:47:16,904363;9,473814E-1;1,267357E-1;1,272095E-1;9,421299E-1;;
02/12/2021  12:47:16,904463;9,480579E-1;1,302401E-1;1,588027E-1;9,421637E-1;;
02/12/2021  12:47:16,904563;9,480341E-1;1,257800E-1;1,310007E-1;9,422074E-1;;
02/12/2021  12:47:16,904663;9,477957E-1;1,385232E-1;1,363715E-1;9,422608E-1;;
02/12/2021  12:47:16,904763;9,475393E-1;1,442576E-1;1,534319E-1;9,423238E-1;;
02/12/2021  12:47:16,904863;9,484901E-1;1,248242E-1;1,249980E-1;9,423959E-1;;
02/12/2021  12:47:16,904963;9,484990E-1;1,168597E-1;1,259458E-1;9,424770E-1;;
02/12/2021  12:47:16,905063;9,488805E-1;1,210013E-1;1,180475E-1;9,425667E-1;;
02/12/2021  12:47:16,905163;9,489460E-1;1,321516E-1;1,430061E-1;9,426649E-1;;
02/12/2021  12:47:16,905263;9,488417E-1;1,334259E-1;1,265777E-1;9,427711E-1;;
02/12/2021  12:47:16,905363;9,495123E-1;1,388417E-1;1,550115E-1;9,428853E-1;;
02/12/2021  12:47:16,905463;9,496613E-1;1,092138E-1;1,161519E-1;9,430069E-1;;
02/12/2021  12:47:16,905563;9,496375E-1;1,130368E-1;1,265777E-1;9,431359E-1;;
02/12/2021  12:47:16,905663;9,484930E-1;1,270543E-1;1,218387E-1;9,432719E-1;;
02/12/2021  12:47:16,905763;9,479089E-1;1,018865E-1;1,092014E-1;9,434143E-1;;
02/12/2021  12:47:16,905863;9,484305E-1;4,103768E-2;7,223735E-2;9,435626E-1;;
02/12/2021  12:47:16,905963;9,473933E-1;1,251428E-1;1,284732E-1;9,437160E-1;;
02/12/2021  12:47:16,906063;9,467913E-1;1,461691E-1;1,360556E-1;9,438738E-1;;
02/12/2021  12:47:16,906163;9,462489E-1;1,057094E-1;1,063580E-1;9,440351E-1;;
02/12/2021  12:47:16,906263;9,456051E-1;2,128572E-2;8,329497E-2;9,441987E-1;;
02/12/2021  12:47:16,906363;9,454621E-1;6,556834E-2;9,751191E-2;9,443638E-1;;
02/12/2021  12:47:16,906463;9,447349E-1;1,337445E-1;1,395309E-1;9,445291E-1;;
02/12/2021  12:47:16,906563;9,440882E-1;1,267357E-1;1,322644E-1;9,446936E-1;;
02/12/2021  12:47:16,906663;9,429288E-1;1,044351E-1;1,088855E-1;9,448561E-1;;
02/12/2021  12:47:16,906763;9,424579E-1;1,238685E-1;1,727037E-1;9,450153E-1;;
02/12/2021  12:47:16,906863;9,424788E-1;1,165411E-1;1,256299E-1;9,451699E-1;;
02/12/2021  12:47:16,906963;9,424550E-1;1,382046E-1;1,291051E-1;9,453188E-1;;
02/12/2021  12:47:16,907063;9,417009E-1;1,254614E-1;1,275255E-1;9,454607E-1;;
02/12/2021  12:47:16,907163;9,414595E-1;9,742634E-2;1,025668E-1;9,455948E-1;;
02/12/2021  12:47:16,907263;9,415847E-1;1,165411E-1;1,291051E-1;9,457201E-1;;
02/12/2021  12:47:16,907363;9,423417E-1;1,251428E-1;1,085695E-1;9,458357E-1;;
02/12/2021  12:47:16,907463;9,423804E-1;1,273729E-1;1,189953E-1;9,459410E-1;;
02/12/2021  12:47:16,907563;9,420973E-1;1,117624E-1;1,003553E-1;9,460357E-1;;
02/12/2021  12:47:16,907663;9,408903E-1;1,286472E-1;1,158360E-1;9,461193E-1;;
02/12/2021  12:47:16,907763;9,413731E-1;1,359745E-1;1,310007E-1;9,461915E-1;;
02/12/2021  12:47:16,907863;9,417278E-1;1,037979E-1;1,152041E-1;9,462519E-1;;
02/12/2021  12:47:16,907963;9,411496E-1;1,111253E-1;1,183634E-1;9,463005E-1;;
02/12/2021  12:47:16,908063;9,412956E-1;1,210013E-1;1,231024E-1;9,463371E-1;;
02/12/2021  12:47:16,908163;9,398681E-1;1,334259E-1;1,325804E-1;9,463616E-1;;
02/12/2021  12:47:16,908263;9,397935E-1;1,327887E-1;1,398468E-1;9,463739E-1;;
02/12/2021  12:47:16,908363;9,404134E-1;1,152668E-1;1,212068E-1;9,463740E-1;;
02/12/2021  12:47:16,908463;9,396117E-1;1,216384E-1;1,234183E-1;9,463617E-1;;
02/12/2021  12:47:16,908563;9,386342E-1;1,315144E-1;1,354238E-1;9,463371E-1;;
02/12/2021  12:47:16,908663;9,382199E-1;1,369303E-1;1,392149E-1;9,463002E-1;;
02/12/2021  12:47:16,908763;9,381216E-1;1,254614E-1;1,354238E-1;9,462509E-1;;
02/12/2021  12:47:16,908863;9,387743E-1;1,464877E-1;1,682807E-1;9,461891E-1;;
02/12/2021  12:47:16,908963;9,385776E-1;1,155854E-1;1,098333E-1;9,461150E-1;;
02/12/2021  12:47:16,909063;9,379517E-1;1,362931E-1;1,351078E-1;9,460287E-1;;
02/12/2021  12:47:16,909163;9,378623E-1;1,331073E-1;1,828136E-1;9,459307E-1;;
02/12/2021  12:47:16,909263;9,387624E-1;2,009648E-1;2,229369E-1;9,458210E-1;;
02/12/2021  12:47:16,909363;9,391319E-1;1,165411E-1;1,240502E-1;9,457002E-1;;
02/12/2021  12:47:16,909463;9,395730E-1;1,276914E-1;1,392149E-1;9,455689E-1;;
02/12/2021  12:47:16,909563;9,391379E-1;1,407532E-1;1,483770E-1;9,454278E-1;;
02/12/2021  12:47:16,909663;9,390515E-1;1,111253E-1;1,107811E-1;9,452776E-1;;
02/12/2021  12:47:16,909763;9,397846E-1;1,257800E-1;1,509044E-1;9,451192E-1;;
02/12/2021  12:47:16,909863;9,400528E-1;1,152668E-1;1,193112E-1;9,449533E-1;;
02/12/2021  12:47:16,909963;9,398084E-1;1,426647E-1;1,366875E-1;9,447808E-1;;
02/12/2021  12:47:16,910063;9,387862E-1;1,315144E-1;1,325804E-1;9,446026E-1;;
02/12/2021  12:47:16,910163;9,387892E-1;1,260985E-1;1,275255E-1;9,444194E-1;;
02/12/2021  12:47:16,910263;9,390932E-1;1,404346E-1;1,594346E-1;9,442320E-1;;
02/12/2021  12:47:16,910363;9,392929E-1;1,203641E-1;1,313166E-1;9,440408E-1;;
02/12/2021  12:47:16,910463;9,389561E-1;1,547707E-1;1,790224E-1;9,438467E-1;;
02/12/2021  12:47:16,910563;9,376477E-1;1,190898E-1;1,167838E-1;9,436502E-1;;
02/12/2021  12:47:16,910663;9,373497E-1;1,171783E-1;1,231024E-1;9,434519E-1;;
02/12/2021  12:47:16,910763;9,374302E-1;1,270543E-1;1,316326E-1;9,432519E-1;;
02/12/2021  12:47:16,910863;9,380054E-1;1,413904E-1;1,398468E-1;9,430507E-1;;
02/12/2021  12:47:16,910963;9,375643E-1;1,245056E-1;1,392149E-1;9,428486E-1;;
02/12/2021  12:47:16,911063;9,366493E-1;5,887816E-2;1,237343E-1;9,426460E-1;;
02/12/2021  12:47:16,911163;9,359460E-1;1,133553E-1;1,212068E-1;9,424430E-1;;
02/12/2021  12:47:16,911263;9,365242E-1;5,792242E-2;1,088855E-1;9,422399E-1;;
02/12/2021  12:47:16,911363;9,362917E-1;1,120810E-1;1,145722E-1;9,420367E-1;;
02/12/2021  12:47:16,911463;9,355943E-1;1,063466E-1;1,161519E-1;9,418337E-1;;
02/12/2021  12:47:16,911563;9,340505E-1;9,583344E-2;1,420583E-1;9,416307E-1;;
02/12/2021  12:47:16,911663;9,331266E-1;1,187712E-1;1,281573E-1;9,414278E-1;;
02/12/2021  12:47:16,911763;9,332697E-1;9,838208E-2;1,069899E-1;9,412246E-1;;
02/12/2021  12:47:16,911863;9,333501E-1;9,487770E-2;1,098333E-1;9,410208E-1;;
02/12/2021  12:47:16,911963;9,327779E-1;7,576290E-2;8,992954E-2;9,408161E-1;;
02/12/2021  12:47:16,912063;9,309123E-1;9,328480E-2;1,054102E-1;9,406103E-1;;
02/12/2021  12:47:16,912163;9,308169E-1;7,926728E-2;8,898175E-2;9,404030E-1;;
02/12/2021  12:47:16,912263;9,313355E-1;1,015679E-1;1,057261E-1;9,401937E-1;;
02/12/2021  12:47:16,912363;9,310791E-1;9,742634E-2;1,098333E-1;9,399820E-1;;
02/12/2021  12:47:16,912463;9,306112E-1;8,914326E-2;1,047783E-1;9,397677E-1;;
02/12/2021  12:47:16,912563;9,291837E-1;1,117624E-1;1,272095E-1;9,395506E-1;;
02/12/2021  12:47:16,912663;9,296188E-1;1,120810E-1;1,202590E-1;9,393303E-1;;
02/12/2021  12:47:16,912763;9,294310E-1;1,194084E-1;1,243661E-1;9,391066E-1;;
02/12/2021  12:47:16,912863;9,301612E-1;1,308772E-1;1,363715E-1;9,388793E-1;;
02/12/2021  12:47:16,912963;9,299943E-1;1,493549E-1;1,471132E-1;9,386483E-1;;
02/12/2021  12:47:16,913063;9,285340E-1;1,200455E-1;1,136244E-1;9,384137E-1;;
02/12/2021  12:47:16,913163;9,294698E-1;1,362931E-1;1,155200E-1;9,381755E-1;;
02/12/2021  12:47:16,913263;9,300986E-1;1,643281E-1;1,708081E-1;9,379338E-1;;
02/12/2021  12:47:16,913363;9,302298E-1;1,691068E-1;1,404787E-1;9,376889E-1;;
02/12/2021  12:47:16,913463;9,298930E-1;1,627352E-1;1,885003E-1;9,374412E-1;;
02/12/2021  12:47:16,913563;9,287903E-1;1,503106E-1;1,654373E-1;9,371910E-1;;
02/12/2021  12:47:16,913663;9,295503E-1;1,742041E-1;1,591187E-1;9,369387E-1;;
02/12/2021  12:47:16,913763;9,303311E-1;1,620981E-1;1,588027E-1;9,366846E-1;;
02/12/2021  12:47:16,913863;9,310076E-1;1,296029E-1;1,313166E-1;9,364291E-1;;
02/12/2021  12:47:16,913963;9,312520E-1;1,503106E-1;1,556434E-1;9,361731E-1;;
02/12/2021  12:47:16,914063;9,310911E-1;1,305587E-1;1,332122E-1;9,359171E-1;;
02/12/2021  12:47:16,914163;9,321550E-1;1,327887E-1;1,458495E-1;9,356620E-1;;
02/12/2021  12:47:16,914263;9,338359E-1;1,331073E-1;1,316326E-1;9,354087E-1;;
02/12/2021  12:47:16,914363;9,344260E-1;1,413904E-1;1,392149E-1;9,351581E-1;;
02/12/2021  12:47:16,914463;9,337257E-1;1,350188E-1;1,234183E-1;9,349116E-1;;
02/12/2021  12:47:16,914563;9,336690E-1;1,248242E-1;1,240502E-1;9,346702E-1;;
02/12/2021  12:47:16,914663;9,344648E-1;1,267357E-1;1,332122E-1;9,344349E-1;;
02/12/2021  12:47:16,914763;9,358625E-1;1,321516E-1;1,310007E-1;9,342066E-1;;
02/12/2021  12:47:16,914863;9,365033E-1;1,251428E-1;1,291051E-1;9,339865E-1;;
02/12/2021  12:47:16,914963;9,363841E-1;1,219570E-1;1,256299E-1;9,337755E-1;;
02/12/2021  12:47:16,915063;9,363841E-1;9,583344E-2;1,088855E-1;9,335749E-1;;
02/12/2021  12:47:16,915163;9,377848E-1;1,557265E-1;1,723878E-1;9,333854E-1;;
02/12/2021  12:47:16,915263;9,388369E-1;1,305587E-1;1,335282E-1;9,332081E-1;;
02/12/2021  12:47:16,915363;9,381752E-1;1,404346E-1;1,426902E-1;9,330440E-1;;
02/12/2021  12:47:16,915463;9,377163E-1;1,213198E-1;1,120448E-1;9,328940E-1;;
02/12/2021  12:47:16,915563;9,378862E-1;1,382046E-1;1,385831E-1;9,327586E-1;;
02/12/2021  12:47:16,915663;9,389710E-1;1,512664E-1;1,458495E-1;9,326384E-1;;
02/12/2021  12:47:16,915763;9,397459E-1;1,270543E-1;1,262617E-1;9,325337E-1;;
02/12/2021  12:47:16,915863;9,397876E-1;1,203641E-1;1,224705E-1;9,324452E-1;;
02/12/2021  12:47:16,915963;9,389829E-1;9,838208E-2;9,498445E-2;9,323732E-1;;
02/12/2021  12:47:16,916063;9,391230E-1;8,309024E-2;1,082536E-1;9,323178E-1;;
02/12/2021  12:47:16,916163;9,399873E-1;2,861306E-2;5,422923E-2;9,322793E-1;;
02/12/2021  12:47:16,916263;9,412271E-1;1,213198E-1;1,240502E-1;9,322575E-1;;
02/12/2021  12:47:16,916363;9,408456E-1;1,123996E-1;1,186794E-1;9,322526E-1;;
02/12/2021  12:47:16,916463;9,399277E-1;1,366117E-1;1,328963E-1;9,322646E-1;;
02/12/2021  12:47:16,916563;9,404492E-1;1,311958E-1;1,088855E-1;9,322934E-1;;
02/12/2021  12:47:16,916663;9,414446E-1;1,117624E-1;1,069899E-1;9,323386E-1;;
02/12/2021  12:47:16,916763;9,428424E-1;1,280100E-1;1,278414E-1;9,324000E-1;;
02/12/2021  12:47:16,916863;9,427291E-1;1,436204E-1;1,420583E-1;9,324776E-1;;
02/12/2021  12:47:16,916963;9,425205E-1;1,366117E-1;1,224705E-1;9,325710E-1;;
02/12/2021  12:47:16,917063;9,424609E-1;1,327887E-1;1,183634E-1;9,326803E-1;;
02/12/2021  12:47:16,917163;9,435189E-1;1,321516E-1;1,262617E-1;9,328049E-1;;
02/12/2021  12:47:16,917263;9,441090E-1;1,254614E-1;1,104651E-1;9,329447E-1;;
02/12/2021  12:47:16,917363;9,432686E-1;1,229127E-1;1,306848E-1;9,330992E-1;;
02/12/2021  12:47:16,917463;9,422821E-1;1,292843E-1;1,205749E-1;9,332680E-1;;
02/12/2021  12:47:16,917563;9,421033E-1;1,324701E-1;1,253139E-1;9,334504E-1;;
02/12/2021  12:47:16,917663;9,425712E-1;1,560451E-1;1,714400E-1;9,336456E-1;;
02/12/2021  12:47:16,917763;9,422910E-1;1,401161E-1;1,328963E-1;9,338527E-1;;
02/12/2021  12:47:16,917863;9,413344E-1;1,108067E-1;1,300529E-1;9,340707E-1;;
02/12/2021  12:47:16,917963;9,394150E-1;1,308772E-1;1,265777E-1;9,342984E-1;;
02/12/2021  12:47:16,918063;9,402287E-1;6,556834E-2;9,498445E-2;9,345346E-1;;
02/12/2021  12:47:16,918163;9,405923E-1;1,362931E-1;1,376353E-1;9,347777E-1;;
02/12/2021  12:47:16,918263;9,401840E-1;1,216384E-1;1,189953E-1;9,350266E-1;;
02/12/2021  12:47:16,918363;9,394419E-1;1,650702E-2;6,370719E-2;9,352799E-1;;
02/12/2021  12:47:16,918463;9,387147E-1;9,870066E-2;1,322644E-1;9,355362E-1;;
02/12/2021  12:47:16,918563;9,394657E-1;1,238685E-1;1,243661E-1;9,357943E-1;;
02/12/2021  12:47:16,918663;9,402287E-1;1,461691E-1;1,404787E-1;9,360528E-1;;
02/12/2021  12:47:16,918763;9,407860E-1;1,165411E-1;1,221546E-1;9,363107E-1;;
02/12/2021  12:47:16,918863;9,398502E-1;1,133553E-1;1,013031E-1;9,365671E-1;;
02/12/2021  12:47:16,918963;9,403658E-1;1,146297E-1;1,114129E-1;9,368212E-1;;
02/12/2021  12:47:16,919063;9,409588E-1;1,292843E-1;1,411105E-1;9,370722E-1;;
02/12/2021  12:47:16,919163;9,421897E-1;1,334259E-1;1,325804E-1;9,373195E-1;;
02/12/2021  12:47:16,919263;9,428036E-1;1,413904E-1;1,616461E-1;9,375627E-1;;
02/12/2021  12:47:16,919363;9,413224E-1;1,353374E-1;1,297370E-1;9,378016E-1;;
02/12/2021  12:47:16,919463;9,414983E-1;1,092138E-1;1,167838E-1;9,380360E-1;;
02/12/2021  12:47:16,919563;9,420109E-1;1,327887E-1;1,341600E-1;9,382655E-1;;
02/12/2021  12:47:16,919663;9,423506E-1;1,235499E-1;1,231024E-1;9,384898E-1;;
02/12/2021  12:47:16,919763;9,423208E-1;1,257800E-1;1,265777E-1;9,387088E-1;;
02/12/2021  12:47:16,919863;9,410423E-1;1,012493E-1;1,069899E-1;9,389222E-1;;
02/12/2021  12:47:16,919963;9,404462E-1;1,452133E-1;1,404787E-1;9,391299E-1;;
02/12/2021  12:47:16,920063;9,414178E-1;1,480806E-1;1,534319E-1;9,393313E-1;;
02/12/2021  12:47:16,920163;9,415251E-1;1,044351E-1;1,129926E-1;9,395262E-1;;
02/12/2021  12:47:16,920263;9,414625E-1;1,123996E-1;1,066739E-1;9,397144E-1;;
02/12/2021  12:47:16,920363;9,397965E-1;4,963934E-2;8,929768E-2;9,398956E-1;;
02/12/2021  12:47:16,920463;9,402942E-1;2,351578E-2;8,929768E-2;9,400695E-1;;
02/12/2021  12:47:16,920563;9,410870E-1;1,114439E-1;1,142563E-1;9,402358E-1;;
02/12/2021  12:47:16,920663;9,417635E-1;1,232313E-1;1,278414E-1;9,403942E-1;;
02/12/2021  12:47:16,920763;9,422821E-1;1,359745E-1;1,196272E-1;9,405448E-1;;
02/12/2021  12:47:16,920863;9,412777E-1;1,407532E-1;1,370034E-1;9,406877E-1;;
02/12/2021  12:47:16,920963;9,418470E-1;1,270543E-1;1,253139E-1;9,408230E-1;;
02/12/2021  12:47:16,921063;9,433312E-1;1,066652E-1;1,117289E-1;9,409509E-1;;
02/12/2021  12:47:16,921163;9,439630E-1;1,305587E-1;1,347919E-1;9,410716E-1;;
02/12/2021  12:47:16,921263;9,431553E-1;1,391603E-1;1,344760E-1;9,411858E-1;;
02/12/2021  12:47:16,921363;9,419602E-1;1,382046E-1;1,335282E-1;9,412938E-1;;
02/12/2021  12:47:16,921463;9,427202E-1;1,407532E-1;1,505885E-1;9,413959E-1;;
02/12/2021  12:47:16,921563;9,427142E-1;1,159040E-1;1,088855E-1;9,414923E-1;;
02/12/2021  12:47:16,921663;9,431196E-1;1,257800E-1;1,370034E-1;9,415833E-1;;
02/12/2021  12:47:16,921763;9,421301E-1;1,327887E-1;1,303688E-1;9,416691E-1;;
02/12/2021  12:47:16,921863;9,410959E-1;8,340882E-2;9,056141E-2;9,417498E-1;;
02/12/2021  12:47:16,921963;9,419394E-1;3,052454E-2;8,487463E-2;9,418256E-1;;
02/12/2021  12:47:16,922063;9,420467E-1;1,614609E-1;1,847091E-1;9,418964E-1;;
02/12/2021  12:47:16,922163;9,419155E-1;1,375674E-1;1,313166E-1;9,419623E-1;;
02/12/2021  12:47:16,922263;9,406638E-1;9,424054E-2;8,708615E-2;9,420233E-1;;
02/12/2021  12:47:16,922363;9,392571E-1;1,270543E-1;1,275255E-1;9,420794E-1;;
02/12/2021  12:47:16,922463;9,396773E-1;6,779840E-2;1,167838E-1;9,421302E-1;;
02/12/2021  12:47:16,922563;9,397041E-1;1,254614E-1;1,407946E-1;9,421755E-1;;
02/12/2021  12:47:16,922663;9,397906E-1;1,025236E-1;1,050943E-1;9,422150E-1;;
02/12/2021  12:47:16,922763;9,378564E-1;1,302401E-1;1,366875E-1;9,422485E-1;;
02/12/2021  12:47:16,922863;9,371053E-1;1,315144E-1;1,310007E-1;9,422755E-1;;
02/12/2021  12:47:16,922963;9,377848E-1;1,092138E-1;1,107811E-1;9,422957E-1;;
02/12/2021  12:47:16,923063;9,374421E-1;1,305587E-1;1,351078E-1;9,423085E-1;;
02/12/2021  12:47:16,923163;9,374153E-1;1,200455E-1;1,227865E-1;9,423137E-1;;
02/12/2021  12:47:16,923263;9,357821E-1;1,149482E-1;1,189953E-1;9,423109E-1;;
02/12/2021  12:47:16,923363;9,343694E-1;1,264171E-1;1,287892E-1;9,422996E-1;;
02/12/2021  12:47:16,923463;9,345542E-1;1,321516E-1;1,123607E-1;9,422795E-1;;
02/12/2021  12:47:16,923563;9,343307E-1;1,420275E-1;1,366875E-1;9,422497E-1;;
02/12/2021  12:47:16,923663;9,338359E-1;1,235499E-1;1,224705E-1;9,422100E-1;;
02/12/2021  12:47:16,923763;9,323696E-1;1,311958E-1;1,272095E-1;9,421598E-1;;
02/12/2021  12:47:16,923863;9,316841E-1;1,490363E-1;1,534319E-1;9,420985E-1;;
02/12/2021  12:47:16,923963;9,321282E-1;1,238685E-1;1,253139E-1;9,420257E-1;;
02/12/2021  12:47:16,924063;9,312937E-1;1,155854E-1;1,215227E-1;9,419409E-1;;
02/12/2021  12:47:16,924163;9,309123E-1;1,200455E-1;1,237343E-1;9,418437E-1;;
02/12/2021  12:47:16,924263;9,286770E-1;1,248242E-1;1,565912E-1;9,417338E-1;;
02/12/2021  12:47:16,924363;9,275415E-1;1,082581E-1;1,155200E-1;9,416106E-1;;
02/12/2021  12:47:16,924463;9,284177E-1;1,315144E-1;1,910278E-1;9,414735E-1;;
02/12/2021  12:47:16,924563;9,283790E-1;9,710776E-2;1,028828E-1;9,413222E-1;;
02/12/2021  12:47:16,924663;9,279409E-1;1,060280E-1;1,170997E-1;9,411562E-1;;
02/12/2021  12:47:16,924763;9,262034E-1;1,050723E-1;1,164678E-1;9,409755E-1;;
02/12/2021  12:47:16,924863;9,254047E-1;1,041165E-1;1,177316E-1;9,407799E-1;;
02/12/2021  12:47:16,924963;9,263524E-1;1,082581E-1;1,221546E-1;9,405692E-1;;
02/12/2021  12:47:16,925063;9,265968E-1;9,073616E-2;1,054102E-1;9,403432E-1;;
02/12/2021  12:47:16,925163;9,259590E-1;1,174969E-1;1,243661E-1;9,401023E-1;;
02/12/2021  12:47:16,925263;9,246059E-1;1,159040E-1;1,082536E-1;9,398465E-1;;
02/12/2021  12:47:16,925363;9,243765E-1;5,887816E-2;1,246821E-1;9,395762E-1;;
02/12/2021  12:47:16,925463;9,258279E-1;8,468314E-2;1,145722E-1;9,392916E-1;;
02/12/2021  12:47:16,925563;9,261050E-1;1,044351E-1;1,133085E-1;9,389931E-1;;
02/12/2021  12:47:16,925663;9,254941E-1;1,136739E-1;1,215227E-1;9,386816E-1;;
02/12/2021  12:47:16,925763;9,246953E-1;9,487770E-2;1,136244E-1;9,383577E-1;;
02/12/2021  12:47:16,925863;9,248712E-1;3,116170E-2;9,909157E-2;9,380223E-1;;
02/12/2021  12:47:16,925963;9,254315E-1;9,519628E-2;1,076217E-1;9,376761E-1;;
02/12/2021  12:47:16,926063;9,258308E-1;1,152668E-1;1,180475E-1;9,373200E-1;;
02/12/2021  12:47:16,926163;9,248563E-1;1,190898E-1;1,499566E-1;9,369550E-1;;
02/12/2021  12:47:16,926263;9,236463E-1;1,152668E-1;1,313166E-1;9,365820E-1;;
02/12/2021  12:47:16,926363;9,239771E-1;1,079395E-1;1,145722E-1;9,362019E-1;;
02/12/2021  12:47:16,926463;9,245732E-1;1,560451E-1;1,711241E-1;9,358155E-1;;
02/12/2021  12:47:16,926563;9,246477E-1;1,296029E-1;1,231024E-1;9,354236E-1;;
02/12/2021  12:47:16,926663;9,245463E-1;1,713369E-1;1,682807E-1;9,350272E-1;;
02/12/2021  12:47:16,926763;9,233125E-1;1,506292E-1;1,310007E-1;9,346272E-1;;
02/12/2021  12:47:16,926863;9,242006E-1;1,882216E-1;1,850251E-1;9,342246E-1;;
02/12/2021  12:47:16,926963;9,248354E-1;1,834429E-1;1,673329E-1;9,338202E-1;;
02/12/2021  12:47:16,927063;9,248235E-1;1,767528E-1;1,597505E-1;9,334149E-1;;
02/12/2021  12:47:16,927163;9,232827E-1;1,534964E-1;1,420583E-1;9,330099E-1;;
02/12/2021  12:47:16,927263;9,229161E-1;1,245056E-1;1,411105E-1;9,326058E-1;;
02/12/2021  12:47:16,927363;9,240754E-1;1,519035E-1;1,543797E-1;9,322034E-1;;
02/12/2021  12:47:16,927463;9,239205E-1;1,238685E-1;1,249980E-1;9,318034E-1;;
02/12/2021  12:47:16,927563;9,251156E-1;1,343816E-1;1,272095E-1;9,314067E-1;;
02/12/2021  12:47:16,927663;9,242334E-1;1,305587E-1;1,278414E-1;9,310141E-1;;
02/12/2021  12:47:16,927763;9,242006E-1;1,509478E-1;1,509044E-1;9,306264E-1;;
02/12/2021  12:47:16,927863;9,254941E-1;1,302401E-1;1,455336E-1;9,302446E-1;;
02/12/2021  12:47:16,927963;9,262093E-1;1,229127E-1;1,240502E-1;9,298694E-1;;
02/12/2021  12:47:16,928063;9,271481E-1;1,076209E-1;1,218387E-1;9,295019E-1;;
02/12/2021  12:47:16,928163;9,270140E-1;1,206827E-1;1,253139E-1;9,291431E-1;;
02/12/2021  12:47:16,928263;9,273597E-1;9,264764E-2;8,803395E-2;9,287942E-1;;
02/12/2021  12:47:16,928363;9,290496E-1;1,245056E-1;1,114129E-1;9,284562E-1;;
02/12/2021  12:47:16,928463;9,298840E-1;1,299215E-1;1,303688E-1;9,281303E-1;;
02/12/2021  12:47:16,928563;9,301791E-1;1,104881E-1;1,237343E-1;9,278176E-1;;
02/12/2021  12:47:16,928663;9,300122E-1;1,468062E-1;1,556434E-1;9,275195E-1;;
02/12/2021  12:47:16,928763;9,306887E-1;1,697440E-1;1,704922E-1;9,272368E-1;;
02/12/2021  12:47:16,928863;9,321133E-1;1,311958E-1;1,366875E-1;9,269708E-1;;
02/12/2021  12:47:16,928963;9,333829E-1;1,139925E-1;1,152041E-1;9,267223E-1;;
02/12/2021  12:47:16,929063;9,334813E-1;1,337445E-1;1,351078E-1;9,264925E-1;;
02/12/2021  12:47:16,929163;9,324829E-1;1,382046E-1;1,404787E-1;9,262825E-1;;
02/12/2021  12:47:16,929263;9,326080E-1;1,257800E-1;1,521681E-1;9,260929E-1;;
02/12/2021  12:47:16,929363;9,335498E-1;8,372740E-2;9,877564E-2;9,259244E-1;;
02/12/2021  12:47:16,929463;9,348761E-1;1,289658E-1;1,363715E-1;9,257773E-1;;
02/12/2021  12:47:16,929563;9,341608E-1;1,321516E-1;1,310007E-1;9,256521E-1;;
02/12/2021  12:47:16,929663;9,342055E-1;1,235499E-1;1,183634E-1;9,255493E-1;;
02/12/2021  12:47:16,929763;9,346823E-1;1,512664E-1;1,727037E-1;9,254688E-1;;
02/12/2021  12:47:16,929863;9,367387E-1;1,092138E-1;9,372073E-2;9,254109E-1;;
02/12/2021  12:47:16,929963;9,373467E-1;1,327887E-1;1,366875E-1;9,253757E-1;;
02/12/2021  12:47:16,930063;9,371947E-1;1,315144E-1;1,313166E-1;9,253634E-1;;
02/12/2021  12:47:16,930163;9,368073E-1;1,111253E-1;7,760819E-2;9,253742E-1;;
02/12/2021  12:47:16,930263;9,375881E-1;1,206827E-1;1,101492E-1;9,254080E-1;;
02/12/2021  12:47:16,930363;9,393644E-1;1,254614E-1;1,272095E-1;9,254647E-1;;
02/12/2021  12:47:16,930463;9,397876E-1;9,838208E-2;9,688005E-2;9,255441E-1;;
02/12/2021  12:47:16,930563;9,398233E-1;1,324701E-1;1,291051E-1;9,256462E-1;;
02/12/2021  12:47:16,930663;9,394717E-1;7,512574E-2;8,677022E-2;9,257708E-1;;
02/12/2021  12:47:16,930763;9,399902E-1;1,324701E-1;1,278414E-1;9,259177E-1;;
02/12/2021  12:47:16,930863;9,420139E-1;1,767528E-1;2,153545E-1;9,260865E-1;;
02/12/2021  12:47:16,930963;9,423000E-1;1,194084E-1;1,291051E-1;9,262767E-1;;
02/12/2021  12:47:16,931063;9,421063E-1;4,581638E-2;2,990246E-2;9,264881E-1;;
02/12/2021  12:47:16,931163;9,419066E-1;1,382046E-1;1,347919E-1;9,267203E-1;;
02/12/2021  12:47:16,931263;9,435308E-1;1,299215E-1;1,499566E-1;9,269728E-1;;
02/12/2021  12:47:16,931363;9,447915E-1;1,331073E-1;1,388990E-1;9,272450E-1;;
02/12/2021  12:47:16,931463;9,458287E-1;1,283286E-1;1,303688E-1;9,275366E-1;;
02/12/2021  12:47:16,931563;9,454412E-1;1,308772E-1;1,287892E-1;9,278472E-1;;
02/12/2021  12:47:16,931663;9,451700E-1;2,047878E-1;1,998739E-1;9,281765E-1;;
02/12/2021  12:47:16,931763;9,466423E-1;1,057094E-1;1,774427E-1;9,285238E-1;;
02/12/2021  12:47:16,931863;9,480400E-1;1,229127E-1;1,253139E-1;9,288886E-1;;
02/12/2021  12:47:16,931963;9,488477E-1;1,394789E-1;1,363715E-1;9,292705E-1;;
02/12/2021  12:47:16,932063;9,486331E-1;1,213198E-1;1,265777E-1;9,296690E-1;;
02/12/2021  12:47:16,932163;9,484781E-1;1,372488E-1;1,313166E-1;9,300837E-1;;
02/12/2021  12:47:16,932263;9,501233E-1;1,391603E-1;1,354238E-1;9,305141E-1;;
02/12/2021  12:47:16,932363;9,510203E-1;1,254614E-1;1,297370E-1;9,309595E-1;;
02/12/2021  12:47:16,932463;9,511604E-1;1,162226E-1;1,407946E-1;9,314195E-1;;
02/12/2021  12:47:16,932563;9,509846E-1;1,324701E-1;1,382671E-1;9,318935E-1;;
02/12/2021  12:47:16,932663;9,510144E-1;1,474434E-1;1,363715E-1;9,323809E-1;;
02/12/2021  12:47:16,932763;9,524956E-1;1,222756E-1;1,272095E-1;9,328809E-1;;
02/12/2021  12:47:16,932863;9,530559E-1;1,267357E-1;1,281573E-1;9,333928E-1;;
02/12/2021  12:47:16,932963;9,527966E-1;1,225942E-1;1,054102E-1;9,339160E-1;;
02/12/2021  12:47:16,933063;9,510650E-1;1,245056E-1;1,310007E-1;9,344496E-1;;
02/12/2021  12:47:16,933163;9,506001E-1;1,197269E-1;1,357397E-1;9,349925E-1;;
02/12/2021  12:47:16,933263;9,514167E-1;1,152668E-1;1,073058E-1;9,355436E-1;;
02/12/2021  12:47:16,933363;9,510919E-1;1,184526E-1;1,291051E-1;9,361014E-1;;
02/12/2021  12:47:16,933463;9,506150E-1;1,254614E-1;1,243661E-1;9,366645E-1;;
02/12/2021  12:47:16,933563;9,494944E-1;1,356559E-1;1,388990E-1;9,372314E-1;;
02/12/2021  12:47:16,933663;9,500130E-1;1,101695E-1;9,087734E-2;9,378007E-1;;
02/12/2021  12:47:16,933763;9,509190E-1;1,324701E-1;1,338441E-1;9,383707E-1;;
02/12/2021  12:47:16,933863;9,518697E-1;1,302401E-1;1,313166E-1;9,389400E-1;;
02/12/2021  12:47:16,933963;9,515329E-1;1,315144E-1;1,332122E-1;9,395075E-1;;
02/12/2021  12:47:16,934063;9,507998E-1;1,353374E-1;1,366875E-1;9,400718E-1;;
02/12/2021  12:47:16,934163;9,519383E-1;1,257800E-1;1,186794E-1;9,406320E-1;;
02/12/2021  12:47:16,934263;9,535178E-1;1,318330E-1;9,751191E-2;9,411871E-1;;
02/12/2021  12:47:16,934363;9,538963E-1;1,404346E-1;1,338441E-1;9,417361E-1;;
02/12/2021  12:47:16,934463;9,547696E-1;1,359745E-1;1,360556E-1;9,422787E-1;;
02/12/2021  12:47:16,934563;9,546891E-1;3,052454E-2;8,203124E-2;9,428144E-1;;
02/12/2021  12:47:16,934663;9,549066E-1;9,774492E-2;8,582243E-2;9,433428E-1;;
02/12/2021  12:47:16,934763;9,563133E-1;1,366117E-1;1,291051E-1;9,438637E-1;;
02/12/2021  12:47:16,934863;9,555802E-1;1,264171E-1;1,227865E-1;9,443769E-1;;
02/12/2021  12:47:16,934963;9,549782E-1;1,082581E-1;1,404787E-1;9,448822E-1;;
02/12/2021  12:47:16,935063;9,546146E-1;1,047537E-1;9,024547E-2;9,453792E-1;;
02/12/2021  12:47:16,935163;9,548441E-1;1,573194E-1;1,840773E-1;9,458675E-1;;
02/12/2021  12:47:16,935263;9,554908E-1;2,108408E-1;2,175661E-1;9,463467E-1;;
02/12/2021  12:47:16,935363;9,562448E-1;1,410718E-1;1,366875E-1;9,468165E-1;;
02/12/2021  12:47:16,935463;9,549186E-1;8,595746E-2;1,000394E-1;9,472765E-1;;
02/12/2021  12:47:16,935563;9,545639E-1;1,302401E-1;1,328963E-1;9,477264E-1;;
02/12/2021  12:47:16,935663;9,560123E-1;1,417090E-1;1,480610E-1;9,481660E-1;;
02/12/2021  12:47:16,935763;9,568409E-1;1,264171E-1;1,322644E-1;9,485948E-1;;
02/12/2021  12:47:16,935863;9,571031E-1;1,305587E-1;1,268936E-1;9,490129E-1;;
02/12/2021  12:47:16,935963;9,567216E-1;1,366117E-1;1,208909E-1;9,494202E-1;;
02/12/2021  12:47:16,936063;9,559557E-1;1,452133E-1;1,433221E-1;9,498167E-1;;
02/12/2021  12:47:16,936163;9,569869E-1;1,417090E-1;1,303688E-1;9,502025E-1;;
02/12/2021  12:47:16,936263;9,571031E-1;1,267357E-1;1,303688E-1;9,505775E-1;;
02/12/2021  12:47:16,936363;9,573833E-1;1,200455E-1;1,281573E-1;9,509416E-1;;
02/12/2021  12:47:16,936463;9,562955E-1;1,340630E-1;1,287892E-1;9,512949E-1;;
02/12/2021  12:47:16,936563;9,551063E-1;1,200455E-1;1,215227E-1;9,516374E-1;;
02/12/2021  12:47:16,936663;9,560243E-1;1,337445E-1;1,467973E-1;9,519689E-1;;
02/12/2021  12:47:16,936763;9,552315E-1;1,264171E-1;1,253139E-1;9,522890E-1;;
02/12/2021  12:47:16,936863;9,542242E-1;1,448948E-1;1,486929E-1;9,525976E-1;;
02/12/2021  12:47:16,936963;9,530350E-1;1,614609E-1;1,464814E-1;9,528942E-1;;
02/12/2021  12:47:16,937063;9,522154E-1;8,882468E-2;1,205749E-1;9,531782E-1;;
02/12/2021  12:47:16,937163;9,517893E-1;1,264171E-1;1,268936E-1;9,534490E-1;;
02/12/2021  12:47:16,937263;9,513213E-1;1,238685E-1;1,224705E-1;9,537057E-1;;
02/12/2021  12:47:16,937363;9,500160E-1;5,186940E-2;9,182514E-2;9,539477E-1;;
02/12/2021  12:47:16,937463;9,483917E-1;7,671864E-2;1,240502E-1;9,541742E-1;;
02/12/2021  12:47:16,937563;9,473516E-1;1,203641E-1;1,054102E-1;9,543841E-1;;
02/12/2021  12:47:16,937663;9,466453E-1;1,149482E-1;1,287892E-1;9,545764E-1;;
02/12/2021  12:47:16,937763;9,459151E-1;1,257800E-1;1,363715E-1;9,547500E-1;;
02/12/2021  12:47:16,937863;9,444965E-1;1,203641E-1;1,212068E-1;9,549038E-1;;
02/12/2021  12:47:16,937963;9,428901E-1;1,088952E-1;1,231024E-1;9,550368E-1;;
02/12/2021  12:47:16,938063;9,427142E-1;2,096714E-2;6,023194E-2;9,551479E-1;;
02/12/2021  12:47:16,938163;9,428364E-1;7,831154E-2;1,240502E-1;9,552360E-1;;
02/12/2021  12:47:16,938263;9,421122E-1;1,178155E-1;1,275255E-1;9,553003E-1;;
02/12/2021  12:47:16,938363;9,417248E-1;1,022050E-1;1,031987E-1;9,553400E-1;;
02/12/2021  12:47:16,938463;9,411436E-1;1,066652E-1;1,167838E-1;9,553547E-1;;
02/12/2021  12:47:16,938563;9,406608E-1;1,031608E-1;1,101492E-1;9,553440E-1;;
02/12/2021  12:47:16,938663;9,419304E-1;1,101695E-1;9,530039E-2;9,553077E-1;;
02/12/2021  12:47:16,938763;9,415907E-1;5,780180E-4;5,422923E-2;9,552457E-1;;
02/12/2021  12:47:16,938863;9,406250E-1;9,551486E-2;1,041465E-1;9,551584E-1;;
02/12/2021  12:47:16,938963;9,395343E-1;1,555128E-2;6,181159E-2;9,550460E-1;;
02/12/2021  12:47:16,939063;9,398859E-1;9,392196E-2;1,003553E-1;9,549090E-1;;
02/12/2021  12:47:16,939163;9,397608E-1;1,079395E-1;1,044624E-1;9,547476E-1;;
02/12/2021  12:47:16,939263;9,392631E-1;9,615202E-2;1,082536E-1;9,545625E-1;;
02/12/2021  12:47:16,939363;9,380531E-1;9,296622E-2;1,291051E-1;9,543543E-1;;
02/12/2021  12:47:16,939463;9,363126E-1;7,002846E-2;8,961361E-2;9,541235E-1;;
02/12/2021  12:47:16,939563;9,360264E-1;1,331073E-1;1,354238E-1;9,538705E-1;;
02/12/2021  12:47:16,939663;9,356211E-1;3,443258E-1;2,482115E-1;9,535958E-1;;
02/12/2021  12:47:16,939763;9,348433E-1;1,248242E-1;1,272095E-1;9,532997E-1;;
02/12/2021  12:47:16,939863;9,340445E-1;1,337445E-1;1,584868E-1;9,529827E-1;;
02/12/2021  12:47:16,939963;9,326200E-1;1,687883E-1;1,477451E-1;9,526453E-1;;
02/12/2021  12:47:16,940063;9,334395E-1;1,585937E-1;1,423743E-1;9,522878E-1;;
02/12/2021  12:47:16,940163;9,331683E-1;1,585937E-1;1,543797E-1;9,519108E-1;;
02/12/2021  12:47:16,940263;9,323935E-1;1,487177E-1;1,249980E-1;9,515150E-1;;
02/12/2021  12:47:16,940363;9,326557E-1;1,732484E-1;1,572231E-1;9,511011E-1;;
02/12/2021  12:47:16,940463;9,322921E-1;1,611423E-1;1,502726E-1;9,506700E-1;;
02/12/2021  12:47:16,940563;9,331117E-1;1,350188E-1;1,205749E-1;9,502226E-1;;
02/12/2021  12:47:16,940663;9,332965E-1;1,375674E-1;1,388990E-1;9,497601E-1;;
02/12/2021  12:47:16,940763;9,331803E-1;1,337445E-1;1,600664E-1;9,492836E-1;;
02/12/2021  12:47:16,940863;9,324084E-1;1,331073E-1;1,382671E-1;9,487947E-1;;
02/12/2021  12:47:16,940963;9,316931E-1;1,229127E-1;1,253139E-1;9,482945E-1;;
02/12/2021  12:47:16,941063;9,319166E-1;1,251428E-1;1,335282E-1;9,477843E-1;;
02/12/2021  12:47:16,941163;9,324709E-1;1,257800E-1;1,281573E-1;9,472653E-1;;
02/12/2021  12:47:16,941263;9,322266E-1;1,311958E-1;1,373193E-1;9,467388E-1;;
02/12/2021  12:47:16,941363;9,304116E-1;1,289658E-1;1,303688E-1;9,462061E-1;;
02/12/2021  12:47:16,941463;9,301731E-1;1,162226E-1;1,313166E-1;9,456685E-1;;
02/12/2021  12:47:16,941563;9,304205E-1;3,817046E-2;9,435259E-2;9,451267E-1;;
02/12/2021  12:47:16,941663;9,306142E-1;1,308772E-1;1,341600E-1;9,445820E-1;;
02/12/2021  12:47:16,941763;9,301284E-1;1,149482E-1;1,035146E-1;9,440352E-1;;
02/12/2021  12:47:16,941863;9,292403E-1;8,946184E-2;1,073058E-1;9,434874E-1;;
02/12/2021  12:47:16,941963;9,288916E-1;1,302401E-1;1,303688E-1;9,429395E-1;;
02/12/2021  12:47:16,942063;9,297768E-1;1,538150E-1;2,163023E-1;9,423924E-1;;
02/12/2021  12:47:16,942163;9,297172E-1;1,280100E-1;1,224705E-1;9,418468E-1;;
02/12/2021  12:47:16,942263;9,286591E-1;1,229127E-1;1,174156E-1;9,413038E-1;;
02/12/2021  12:47:16,942363;9,280661E-1;1,308772E-1;1,363715E-1;9,407642E-1;;
02/12/2021  12:47:16,942463;9,281704E-1;1,229127E-1;1,310007E-1;9,402285E-1;;
02/12/2021  12:47:16,942563;9,290376E-1;1,251428E-1;1,436380E-1;9,396976E-1;;
02/12/2021  12:47:16,942663;9,290227E-1;1,264171E-1;1,278414E-1;9,391721E-1;;
02/12/2021  12:47:16,942763;9,277680E-1;1,257800E-1;1,231024E-1;9,386528E-1;;
02/12/2021  12:47:16,942863;9,274879E-1;1,264171E-1;1,294210E-1;9,381403E-1;;
02/12/2021  12:47:16,942963;9,278783E-1;1,216384E-1;1,174156E-1;9,376353E-1;;
02/12/2021  12:47:16,943063;9,282777E-1;1,174969E-1;1,054102E-1;9,371381E-1;;
02/12/2021  12:47:16,943163;9,283641E-1;1,203641E-1;1,268936E-1;9,366494E-1;;
02/12/2021  12:47:16,943263;9,277174E-1;1,130368E-1;1,224705E-1;9,361698E-1;;
02/12/2021  12:47:16,943363;9,273001E-1;1,222756E-1;1,243661E-1;9,356998E-1;;
02/12/2021  12:47:16,943463;9,274432E-1;1,034794E-1;9,087734E-2;9,352397E-1;;
02/12/2021  12:47:16,943563;9,283641E-1;1,264171E-1;1,193112E-1;9,347901E-1;;
02/12/2021  12:47:16,943663;9,276101E-1;1,264171E-1;1,189953E-1;9,343513E-1;;
02/12/2021  12:47:16,943763;9,266147E-1;1,350188E-1;1,565912E-1;9,339237E-1;;
02/12/2021  12:47:16,943863;9,255298E-1;1,238685E-1;1,272095E-1;9,335075E-1;;
02/12/2021  12:47:16,943963;9,263673E-1;1,225942E-1;1,253139E-1;9,331027E-1;;
02/12/2021  12:47:16,944063;9,262421E-1;1,152668E-1;1,139404E-1;9,327093E-1;;
02/12/2021  12:47:16,944163;9,253480E-1;1,190898E-1;1,152041E-1;9,323272E-1;;
02/12/2021  12:47:16,944263;9,246685E-1;1,474434E-1;1,638576E-1;9,319565E-1;;
02/12/2021  12:47:16,944363;9,237625E-1;1,276914E-1;1,246821E-1;9,315967E-1;;
02/12/2021  12:47:16,944463;9,239234E-1;1,111253E-1;1,110970E-1;9,312477E-1;;
02/12/2021  12:47:16,944563;9,246119E-1;1,241871E-1;1,436380E-1;9,309089E-1;;
02/12/2021  12:47:16,944663;9,235986E-1;1,171783E-1;1,237343E-1;9,305800E-1;;
02/12/2021  12:47:16,944763;9,236493E-1;1,302401E-1;1,300529E-1;9,302608E-1;;
02/12/2021  12:47:16,944863;9,234675E-1;1,229127E-1;1,240502E-1;9,299509E-1;;
02/12/2021  12:47:16,944963;9,246328E-1;7,544432E-2;8,361090E-2;9,296500E-1;;
02/12/2021  12:47:16,945063;9,250619E-1;1,165411E-1;1,170997E-1;9,293580E-1;;
02/12/2021  12:47:16,945163;9,258755E-1;1,356559E-1;1,351078E-1;9,290749E-1;;
02/12/2021  12:47:16,945263;9,256163E-1;1,439390E-1;1,420583E-1;9,288008E-1;;
02/12/2021  12:47:16,945363;9,259888E-1;7,353284E-2;1,335282E-1;9,285360E-1;;
02/12/2021  12:47:16,945463;9,276965E-1;6,429402E-2;9,308886E-2;9,282807E-1;;
02/12/2021  12:47:16,945563;9,278157E-1;1,168597E-1;1,237343E-1;9,280353E-1;;
02/12/2021  12:47:16,945663;9,277919E-1;1,133553E-1;1,483770E-1;9,278003E-1;;
02/12/2021  12:47:16,945763;9,277680E-1;1,120810E-1;1,148882E-1;9,275762E-1;;
02/12/2021  12:47:16,945863;9,280959E-1;1,187712E-1;1,550115E-1;9,273635E-1;;
02/12/2021  12:47:16,945963;9,293297E-1;1,213198E-1;1,145722E-1;9,271624E-1;;
02/12/2021  12:47:16,946063;9,294370E-1;1,362931E-1;1,388990E-1;9,269735E-1;;
02/12/2021  12:47:16,946163;9,291896E-1;1,299215E-1;1,363715E-1;9,267971E-1;;
02/12/2021  12:47:16,946263;9,283552E-1;9,328480E-2;1,110970E-1;9,266337E-1;;
02/12/2021  12:47:16,946363;9,286770E-1;1,136739E-1;1,183634E-1;9,264835E-1;;
02/12/2021  12:47:16,946463;9,297291E-1;1,589123E-1;1,556434E-1;9,263465E-1;;
02/12/2021  12:47:16,946563;9,297201E-1;1,331073E-1;1,310007E-1;9,262228E-1;;
02/12/2021  12:47:16,946663;9,296426E-1;1,308772E-1;1,088855E-1;9,261125E-1;;
02/12/2021  12:47:16,946763;9,285876E-1;1,216384E-1;1,379512E-1;9,260156E-1;;
02/12/2021  12:47:16,946863;9,288976E-1;1,197269E-1;1,303688E-1;9,259321E-1;;
02/12/2021  12:47:16,946963;9,302089E-1;1,436204E-1;1,379512E-1;9,258616E-1;;
02/12/2021  12:47:16,947063;9,300748E-1;1,216384E-1;1,262617E-1;9,258040E-1;;
02/12/2021  12:47:16,947163;9,298364E-1;1,181340E-1;1,224705E-1;9,257592E-1;;
02/12/2021  12:47:16,947263;9,293774E-1;8,468314E-2;9,498445E-2;9,257268E-1;;
02/12/2021  12:47:16,947363;9,300182E-1;1,413904E-1;1,401627E-1;9,257068E-1;;
02/12/2021  12:47:16,947463;9,314070E-1;1,382046E-1;1,237343E-1;9,256986E-1;;
02/12/2021  12:47:16,947563;9,320030E-1;1,302401E-1;1,281573E-1;9,257021E-1;;
02/12/2021  12:47:16,947663;9,321252E-1;1,353374E-1;1,294210E-1;9,257174E-1;;
02/12/2021  12:47:16,947763;9,320030E-1;1,292843E-1;1,322644E-1;9,257443E-1;;
02/12/2021  12:47:16,947863;9,333442E-1;1,519035E-1;1,689125E-1;9,257828E-1;;
02/12/2021  12:47:16,947963;9,351324E-1;1,235499E-1;1,306848E-1;9,258328E-1;;
02/12/2021  12:47:16,948063;9,358327E-1;1,152668E-1;1,170997E-1;9,258947E-1;;
02/12/2021  12:47:16,948163;9,356718E-1;1,270543E-1;1,319485E-1;9,259687E-1;;
02/12/2021  12:47:16,948263;9,362768E-1;1,311958E-1;1,351078E-1;9,260552E-1;;
02/12/2021  12:47:16,948363;9,379398E-1;1,143111E-1;1,357397E-1;9,261544E-1;;
02/12/2021  12:47:16,948463;9,391170E-1;1,302401E-1;1,310007E-1;9,262666E-1;;
02/12/2021  12:47:16,948563;9,388577E-1;1,206827E-1;1,253139E-1;9,263923E-1;;
02/12/2021  12:47:16,948663;9,382974E-1;1,162226E-1;8,929768E-2;9,265319E-1;;
02/12/2021  12:47:16,948763;9,376418E-1;1,407532E-1;1,341600E-1;9,266855E-1;;
02/12/2021  12:47:16,948863;9,389024E-1;1,117624E-1;1,202590E-1;9,268531E-1;;
02/12/2021  12:47:16,948963;9,401184E-1;1,238685E-1;1,347919E-1;9,270344E-1;;
02/12/2021  12:47:16,949063;9,396058E-1;1,375674E-1;1,344760E-1;9,272293E-1;;
02/12/2021  12:47:16,949163;9,395909E-1;1,423461E-1;1,464814E-1;9,274378E-1;;
02/12/2021  12:47:16,949263;9,399694E-1;1,270543E-1;1,341600E-1;9,276596E-1;;
02/12/2021  12:47:16,949363;9,411287E-1;1,079395E-1;1,038306E-1;9,278944E-1;;
02/12/2021  12:47:16,949463;9,421390E-1;1,283286E-1;1,351078E-1;9,281418E-1;;
02/12/2021  12:47:16,949563;9,422314E-1;1,216384E-1;1,246821E-1;9,284017E-1;;
02/12/2021  12:47:16,949663;9,420884E-1;1,299215E-1;1,249980E-1;9,286739E-1;;
02/12/2021  12:47:16,949763;9,423059E-1;9,360338E-2;9,751191E-2;9,289581E-1;;
02/12/2021  12:47:16,949863;9,437335E-1;1,251428E-1;1,458495E-1;9,292540E-1;;
02/12/2021  12:47:16,949963;9,448839E-1;1,337445E-1;1,401627E-1;9,295612E-1;;
02/12/2021  12:47:16,950063;9,449554E-1;1,455319E-1;1,439539E-1;9,298796E-1;;
02/12/2021  12:47:16,950163;9,446157E-1;1,359745E-1;1,354238E-1;9,302089E-1;;
02/12/2021  12:47:16,950263;9,452624E-1;1,219570E-1;1,196272E-1;9,305490E-1;;
02/12/2021  12:47:16,950363;9,464873E-1;1,213198E-1;1,332122E-1;9,308994E-1;;
02/12/2021  12:47:16,950463;9,464903E-1;1,206827E-1;1,297370E-1;9,312598E-1;;
02/12/2021  12:47:16,950563;9,465141E-1;1,149482E-1;1,243661E-1;9,316300E-1;;
02/12/2021  12:47:16,950663;9,460373E-1;1,143111E-1;1,253139E-1;9,320095E-1;;
02/12/2021  12:47:16,950763;9,461803E-1;1,229127E-1;1,208909E-1;9,323978E-1;;
02/12/2021  12:47:16,950863;9,471042E-1;1,066652E-1;7,476481E-2;9,327943E-1;;
02/12/2021  12:47:16,950963;9,471966E-1;1,136739E-1;1,193112E-1;9,331983E-1;;
02/12/2021  12:47:16,951063;9,467853E-1;1,063466E-1;1,189953E-1;9,336092E-1;;
02/12/2021  12:47:16,951163;9,459777E-1;1,069837E-1;1,268936E-1;9,340262E-1;;
02/12/2021  12:47:16,951263;9,462489E-1;1,194084E-1;1,234183E-1;9,344486E-1;;
02/12/2021  12:47:16,951363;9,475155E-1;1,152668E-1;1,237343E-1;9,348754E-1;;
02/12/2021  12:47:16,951463;9,479178E-1;1,104881E-1;1,215227E-1;9,353057E-1;;
02/12/2021  12:47:16,951563;9,473367E-1;1,047537E-1;1,199431E-1;9,357388E-1;;
02/12/2021  12:47:16,951663;9,471400E-1;7,193994E-2;6,528685E-2;9,361740E-1;;
02/12/2021  12:47:16,951763;9,478493E-1;1,063466E-1;1,177316E-1;9,366105E-1;;
02/12/2021  12:47:16,951863;9,487911E-1;1,018865E-1;1,287892E-1;9,370474E-1;;
02/12/2021  12:47:16,951963;9,492411E-1;9,615202E-2;1,120448E-1;9,374843E-1;;
02/12/2021  12:47:16,952063;9,494080E-1;8,532030E-2;1,057261E-1;9,379205E-1;;
02/12/2021  12:47:16,952163;9,492828E-1;1,066652E-1;1,199431E-1;9,383557E-1;;
02/12/2021  12:47:16,952263;9,504809E-1;1,146297E-1;1,281573E-1;9,387892E-1;;
02/12/2021  12:47:16,952363;9,520128E-1;1,085766E-1;1,155200E-1;9,392209E-1;;
02/12/2021  12:47:16,952463;9,526416E-1;1,136739E-1;1,079377E-1;9,396505E-1;;
02/12/2021  12:47:16,952563;9,527936E-1;1,283286E-1;1,398468E-1;9,400781E-1;;
02/12/2021  12:47:16,952663;9,528085E-1;1,378860E-1;1,373193E-1;9,405037E-1;;
02/12/2021  12:47:16,952763;9,539440E-1;1,308772E-1;1,155200E-1;9,409274E-1;;
02/12/2021  12:47:16,952863;9,546623E-1;1,468062E-1;1,177316E-1;9,413491E-1;;
02/12/2021  12:47:16,952963;9,549454E-1;1,608238E-1;1,379512E-1;9,417691E-1;;
02/12/2021  12:47:16,953063;9,547696E-1;1,260985E-1;1,322644E-1;9,421875E-1;;
02/12/2021  12:47:16,953163;9,549186E-1;1,652839E-1;1,388990E-1;9,426044E-1;;
02/12/2021  12:47:16,953263;9,562955E-1;1,662396E-1;1,439539E-1;9,430198E-1;;
02/12/2021  12:47:16,953363;9,571240E-1;1,671954E-1;1,714400E-1;9,434338E-1;;
02/12/2021  12:47:16,953463;9,575919E-1;1,601866E-1;1,531159E-1;9,438466E-1;;
02/12/2021  12:47:16,953563;9,571806E-1;1,509478E-1;1,196272E-1;9,442585E-1;;
02/12/2021  12:47:16,953663;9,574161E-1;6,142680E-2;1,092014E-1;9,446696E-1;;
02/12/2021  12:47:16,953763;9,587095E-1;1,264171E-1;1,291051E-1;9,450800E-1;;
02/12/2021  12:47:16,953863;9,591327E-1;1,251428E-1;1,306848E-1;9,454899E-1;;
02/12/2021  12:47:16,953963;9,600030E-1;1,302401E-1;1,325804E-1;9,458993E-1;;
02/12/2021  12:47:16,954063;9,597526E-1;1,292843E-1;1,227865E-1;9,463086E-1;;
02/12/2021  12:47:16,954163;9,604321E-1;1,245056E-1;1,265777E-1;9,467179E-1;;
02/12/2021  12:47:16,954263;9,618865E-1;1,401161E-1;1,752312E-1;9,471274E-1;;
02/12/2021  12:47:16,954363;9,621160E-1;1,404346E-1;1,414265E-1;9,475373E-1;;
02/12/2021  12:47:16,954463;9,622531E-1;1,270543E-1;1,496407E-1;9,479480E-1;;
02/12/2021  12:47:16,954563;9,616213E-1;1,210013E-1;1,234183E-1;9,483596E-1;;
02/12/2021  12:47:16,954663;9,621994E-1;1,162226E-1;1,231024E-1;9,487723E-1;;
02/12/2021  12:47:16,954763;9,638446E-1;1,241871E-1;1,145722E-1;9,491859E-1;;
02/12/2021  12:47:16,954863;9,640025E-1;1,257800E-1;1,265777E-1;9,496006E-1;;
02/12/2021  12:47:16,954963;9,630399E-1;1,343816E-1;1,414265E-1;9,500165E-1;;
02/12/2021  12:47:16,955063;9,629564E-1;1,366117E-1;1,351078E-1;9,504335E-1;;
02/12/2021  12:47:16,955163;9,633260E-1;1,375674E-1;1,332122E-1;9,508515E-1;;
02/12/2021  12:47:16,955263;9,639370E-1;1,044351E-1;1,433221E-1;9,512701E-1;;
02/12/2021  12:47:16,955363;9,644376E-1;1,302401E-1;1,335282E-1;9,516892E-1;;
02/12/2021  12:47:16,955463;9,629445E-1;1,225942E-1;1,073058E-1;9,521084E-1;;
02/12/2021  12:47:16,955563;9,622441E-1;8,500172E-2;1,404787E-1;9,525273E-1;;
02/12/2021  12:47:16,955663;9,619402E-1;1,334259E-1;1,294210E-1;9,529453E-1;;
02/12/2021  12:47:16,955763;9,626018E-1;9,073616E-2;8,677022E-2;9,533617E-1;;
02/12/2021  12:47:16,955863;9,618835E-1;1,292843E-1;1,303688E-1;9,537756E-1;;
02/12/2021  12:47:16,955963;9,614156E-1;1,289658E-1;1,183634E-1;9,541862E-1;;
02/12/2021  12:47:16,956063;9,605454E-1;1,047537E-1;1,275255E-1;9,545928E-1;;
02/12/2021  12:47:16,956163;9,612010E-1;1,292843E-1;1,338441E-1;9,549942E-1;;
02/12/2021  12:47:16,956263;9,621041E-1;5,919674E-2;2,705907E-2;9,553896E-1;;
02/12/2021  12:47:16,956363;9,627597E-1;1,104881E-1;1,221546E-1;9,557784E-1;;
02/12/2021  12:47:16,956463;9,613054E-1;1,391603E-1;1,357397E-1;9,561598E-1;;
02/12/2021  12:47:16,956563;9,606229E-1;1,404346E-1;1,291051E-1;9,565334E-1;;
02/12/2021  12:47:16,956663;9,617911E-1;3,880762E-2;5,359736E-2;9,568984E-1;;
02/12/2021  12:47:16,956763;9,625630E-1;1,248242E-1;1,262617E-1;9,572542E-1;;
02/12/2021  12:47:16,956863;9,630458E-1;1,213198E-1;1,313166E-1;9,576005E-1;;
02/12/2021  12:47:16,956963;9,623514E-1;1,455319E-1;1,496407E-1;9,579370E-1;;
02/12/2021  12:47:16,957063;9,627776E-1;1,388417E-1;1,322644E-1;9,582635E-1;;
02/12/2021  12:47:16,957163;9,634422E-1;-1,280234E-2;7,602853E-2;9,585799E-1;;
02/12/2021  12:47:16,957263;9,643959E-1;1,264171E-1;1,224705E-1;9,588861E-1;;
02/12/2021  12:47:16,957363;9,642469E-1;1,455319E-1;1,284732E-1;9,591822E-1;;
02/12/2021  12:47:16,957463;9,633349E-1;1,292843E-1;1,347919E-1;9,594684E-1;;
02/12/2021  12:47:16,957563;9,628521E-1;1,289658E-1;1,291051E-1;9,597448E-1;;
02/12/2021  12:47:16,957663;9,637730E-1;1,197269E-1;1,183634E-1;9,600114E-1;;
02/12/2021  12:47:16,957763;9,642231E-1;1,225942E-1;1,499566E-1;9,602681E-1;;
02/12/2021  12:47:16,957863;9,633171E-1;1,372488E-1;1,322644E-1;9,605151E-1;;
02/12/2021  12:47:16,957963;9,627031E-1;1,002936E-1;1,174156E-1;9,607524E-1;;
02/12/2021  12:47:16,958063;9,619193E-1;1,216384E-1;1,174156E-1;9,609801E-1;;
02/12/2021  12:47:16,958163;9,624915E-1;1,028422E-1;9,814378E-2;9,611978E-1;;
02/12/2021  12:47:16,958263;9,632545E-1;1,397975E-1;1,458495E-1;9,614055E-1;;
02/12/2021  12:47:16,958363;9,616302E-1;1,296029E-1;1,265777E-1;9,616031E-1;;
02/12/2021  12:47:16,958463;9,613799E-1;1,289658E-1;1,313166E-1;9,617906E-1;;
02/12/2021  12:47:16,958563;9,602146E-1;1,681511E-1;1,606983E-1;9,619676E-1;;
02/12/2021  12:47:16,958663;9,609805E-1;1,458505E-1;1,739675E-1;9,621340E-1;;
02/12/2021  12:47:16,958763;9,614871E-1;1,321516E-1;1,303688E-1;9,622894E-1;;
02/12/2021  12:47:16,958863;9,612398E-1;1,296029E-1;1,265777E-1;9,624337E-1;;
02/12/2021  12:47:16,958963;9,601401E-1;1,327887E-1;1,284732E-1;9,625669E-1;;
02/12/2021  12:47:16,959063;9,602324E-1;1,407532E-1;1,373193E-1;9,626889E-1;;
02/12/2021  12:47:16,959163;9,603904E-1;1,468062E-1;1,480610E-1;9,627996E-1;;
02/12/2021  12:47:16,959263;9,607927E-1;1,372488E-1;1,322644E-1;9,628989E-1;;
02/12/2021  12:47:16,959363;9,597914E-1;1,174969E-1;1,221546E-1;9,629869E-1;;
02/12/2021  12:47:16,959463;9,579108E-1;1,235499E-1;1,199431E-1;9,630635E-1;;
02/12/2021  12:47:16,959563;9,587751E-1;1,213198E-1;1,186794E-1;9,631287E-1;;
02/12/2021  12:47:16,959663;9,584353E-1;1,168597E-1;1,167838E-1;9,631823E-1;;
02/12/2021  12:47:16,959763;9,587810E-1;1,184526E-1;1,120448E-1;9,632241E-1;;
02/12/2021  12:47:16,959863;9,575323E-1;1,289658E-1;1,297370E-1;9,632541E-1;;
02/12/2021  12:47:16,959963;9,567753E-1;1,359745E-1;1,464814E-1;9,632722E-1;;
02/12/2021  12:47:16,960063;9,568230E-1;1,340630E-1;1,351078E-1;9,632785E-1;;
02/12/2021  12:47:16,960163;9,574012E-1;1,200455E-1;1,294210E-1;9,632726E-1;;
02/12/2021  12:47:16,960263;9,567634E-1;1,187712E-1;1,183634E-1;9,632548E-1;;
02/12/2021  12:47:16,960363;9,560958E-1;1,203641E-1;1,186794E-1;9,632249E-1;;
02/12/2021  12:47:16,960463;9,542838E-1;2,606442E-2;7,160549E-2;9,631831E-1;;
02/12/2021  12:47:16,960563;9,538635E-1;1,350188E-1;1,284732E-1;9,631292E-1;;
02/12/2021  12:47:16,960663;9,549186E-1;1,385232E-1;1,452176E-1;9,630630E-1;;
02/12/2021  12:47:16,960763;9,542748E-1;1,159040E-1;1,208909E-1;9,629844E-1;;
02/12/2021  12:47:16,960863;9,533748E-1;1,382046E-1;1,388990E-1;9,628935E-1;;
02/12/2021  12:47:16,960963;9,518340E-1;1,254614E-1;1,275255E-1;9,627901E-1;;
02/12/2021  12:47:16,961063;9,517416E-1;1,273729E-1;1,300529E-1;9,626743E-1;;
02/12/2021  12:47:16,961163;9,516164E-1;1,092138E-1;1,082536E-1;9,625457E-1;;
02/12/2021  12:47:16,961263;9,515478E-1;1,267357E-1;1,104651E-1;9,624044E-1;;
02/12/2021  12:47:16,961363;9,500726E-1;1,423461E-1;1,411105E-1;9,622502E-1;;
02/12/2021  12:47:16,961463;9,486719E-1;1,292843E-1;1,291051E-1;9,620832E-1;;
02/12/2021  12:47:16,961563;9,485556E-1;1,241871E-1;1,066739E-1;9,619031E-1;;
02/12/2021  12:47:16,961663;9,476794E-1;1,229127E-1;9,845971E-2;9,617098E-1;;
02/12/2021  12:47:16,961763;9,472413E-1;1,254614E-1;1,142563E-1;9,615029E-1;;
02/12/2021  12:47:16,961863;9,456618E-1;1,264171E-1;1,215227E-1;9,612824E-1;;
02/12/2021  12:47:16,961963;9,444279E-1;1,270543E-1;1,199431E-1;9,610479E-1;;
02/12/2021  12:47:16,962063;9,439272E-1;1,318330E-1;1,341600E-1;9,607992E-1;;
02/12/2021  12:47:16,962163;9,440464E-1;1,280100E-1;1,550115E-1;9,605359E-1;;
02/12/2021  12:47:16,962263;9,424281E-1;1,219570E-1;1,249980E-1;9,602577E-1;;
02/12/2021  12:47:16,962363;9,412956E-1;1,133553E-1;1,126766E-1;9,599645E-1;;
02/12/2021  12:47:16,962463;9,397786E-1;1,146297E-1;1,502726E-1;9,596558E-1;;
02/12/2021  12:47:16,962563;9,394568E-1;1,232313E-1;1,313166E-1;9,593315E-1;;
02/12/2021  12:47:16,962663;9,397667E-1;1,350188E-1;1,294210E-1;9,589911E-1;;
02/12/2021  12:47:16,962763;9,386372E-1;1,254614E-1;1,344760E-1;9,586345E-1;;
02/12/2021  12:47:16,962863;9,376507E-1;1,334259E-1;1,212068E-1;9,582616E-1;;
02/12/2021  12:47:16,962963;9,370517E-1;1,289658E-1;1,313166E-1;9,578725E-1;;
02/12/2021  12:47:16,963063;9,367060E-1;1,012493E-1;1,632258E-1;9,574670E-1;;
02/12/2021  12:47:16,963163;9,373497E-1;1,283286E-1;1,237343E-1;9,570454E-1;;
02/12/2021  12:47:16,963263;9,369116E-1;1,302401E-1;1,430061E-1;9,566079E-1;;
02/12/2021  12:47:16,963363;9,358804E-1;1,302401E-1;1,310007E-1;9,561551E-1;;
02/12/2021  12:47:16,963463;9,355794E-1;7,576290E-2;7,255328E-2;9,556874E-1;;
02/12/2021  12:47:16,963563;9,359907E-1;9,870066E-2;9,466852E-2;9,552054E-1;;
02/12/2021  12:47:16,963663;9,357284E-1;1,108067E-1;1,193112E-1;9,547098E-1;;
02/12/2021  12:47:16,963763;9,350906E-1;1,108067E-1;1,265777E-1;9,542014E-1;;
02/12/2021  12:47:16,963863;9,335528E-1;1,053908E-1;1,180475E-1;9,536809E-1;;
02/12/2021  12:47:16,963963;9,334455E-1;9,965640E-2;1,129926E-1;9,531492E-1;;
02/12/2021  12:47:16,964063;9,335439E-1;1,194084E-1;1,382671E-1;9,526069E-1;;
02/12/2021  12:47:16,964163;9,323517E-1;1,088952E-1;1,167838E-1;9,520547E-1;;
02/12/2021  12:47:16,964263;9,313176E-1;1,028422E-1;9,719598E-2;9,514933E-1;;
02/12/2021  12:47:16,964363;9,292761E-1;2,861306E-2;7,855599E-2;9,509234E-1;;
02/12/2021  12:47:16,964463;9,284416E-1;1,047537E-1;1,120448E-1;9,503452E-1;;
02/12/2021  12:47:16,964563;9,281078E-1;9,009900E-2;9,245700E-2;9,497590E-1;;
02/12/2021  12:47:16,964663;9,276578E-1;8,595746E-2;1,025668E-1;9,491651E-1;;
02/12/2021  12:47:16,964763;9,264984E-1;9,328480E-2;1,013031E-1;9,485636E-1;;
02/12/2021  12:47:16,964863;9,255775E-1;-5,166910E-2;3,780076E-2;9,479550E-1;;
02/12/2021  12:47:16,964963;9,249755E-1;9,519628E-2;1,082536E-1;9,473393E-1;;
02/12/2021  12:47:16,965063;9,252348E-1;-2,108542E-2;5,454516E-2;9,467168E-1;;
02/12/2021  12:47:16,965163;9,240486E-1;1,069837E-1;1,208909E-1;9,460877E-1;;
02/12/2021  12:47:16,965263;9,228356E-1;1,133553E-1;1,256299E-1;9,454525E-1;;
02/12/2021  12:47:16,965363;9,223320E-1;1,034794E-1;1,117289E-1;9,448113E-1;;
02/12/2021  12:47:16,965463;9,221353E-1;9,615202E-2;1,177316E-1;9,441644E-1;;
02/12/2021  12:47:16,965563;9,221740E-1;1,181340E-1;1,268936E-1;9,435121E-1;;
02/12/2021  12:47:16,965663;9,216763E-1;1,289658E-1;1,385831E-1;9,428548E-1;;
02/12/2021  12:47:16,965763;9,210802E-1;1,391603E-1;1,303688E-1;9,421930E-1;;
02/12/2021  12:47:16,965863;9,195424E-1;1,410718E-1;1,363715E-1;9,415272E-1;;
02/12/2021  12:47:16,965963;9,199120E-1;1,079395E-1;7,792413E-2;9,408578E-1;;
02/12/2021  12:47:16,966063;9,201265E-1;1,528593E-1;1,366875E-1;9,401852E-1;;
02/12/2021  12:47:16,966163;9,194768E-1;1,719741E-1;1,467973E-1;9,395100E-1;;
02/12/2021  12:47:16,966263;9,176857E-1;1,563636E-1;1,581709E-1;9,388328E-1;;
02/12/2021  12:47:16,966363;9,165025E-1;1,461691E-1;1,363715E-1;9,381540E-1;;
02/12/2021  12:47:16,966463;9,167737E-1;1,589123E-1;1,426902E-1;9,374739E-1;;
02/12/2021  12:47:16,966563;9,166068E-1;1,570008E-1;1,654373E-1;9,367928E-1;;
02/12/2021  12:47:16,966663;9,160704E-1;1,340630E-1;1,341600E-1;9,361111E-1;;
02/12/2021  12:47:16,966763;9,147411E-1;1,340630E-1;1,436380E-1;9,354292E-1;;
02/12/2021  12:47:16,966863;9,140050E-1;1,184526E-1;1,237343E-1;9,347474E-1;;
02/12/2021  12:47:16,966963;9,148544E-1;9,328480E-2;1,050943E-1;9,340660E-1;;
02/12/2021  12:47:16,967063;9,151584E-1;1,229127E-1;1,294210E-1;9,333854E-1;;
02/12/2021  12:47:16,967163;9,145295E-1;1,114439E-1;1,196272E-1;9,327061E-1;;
02/12/2021  12:47:16,967263;9,137308E-1;1,178155E-1;1,183634E-1;9,320288E-1;;
02/12/2021  12:47:16,967363;9,129083E-1;1,031608E-1;1,148882E-1;9,313539E-1;;
02/12/2021  12:47:16,967463;9,136086E-1;1,538150E-1;1,929234E-1;9,306820E-1;;
02/12/2021  12:47:16,967563;9,142941E-1;1,264171E-1;1,310007E-1;9,300136E-1;;
02/12/2021  12:47:16,967663;9,132838E-1;1,254614E-1;1,300529E-1;9,293493E-1;;
02/12/2021  12:47:16,967763;9,130781E-1;1,260985E-1;1,306848E-1;9,286899E-1;;
02/12/2021  12:47:16,967863;9,128367E-1;1,311958E-1;1,338441E-1;9,280361E-1;;
02/12/2021  12:47:16,967963;9,129798E-1;1,187712E-1;1,224705E-1;9,273883E-1;;
02/12/2021  12:47:16,968063;9,138560E-1;1,210013E-1;1,167838E-1;9,267474E-1;;
02/12/2021  12:47:16,968163;9,130543E-1;1,206827E-1;1,278414E-1;9,261140E-1;;
02/12/2021  12:47:16,968263;9,122645E-1;1,276914E-1;1,392149E-1;9,254888E-1;;
02/12/2021  12:47:16,968363;9,115016E-1;1,305587E-1;1,145722E-1;9,248726E-1;;
02/12/2021  12:47:16,968463;9,126371E-1;1,133553E-1;1,129926E-1;9,242657E-1;;
02/12/2021  12:47:16,968563;9,129261E-1;1,117624E-1;1,180475E-1;9,236686E-1;;
02/12/2021  12:47:16,968663;9,126937E-1;1,251428E-1;1,376353E-1;9,230821E-1;;
02/12/2021  12:47:16,968763;9,121244E-1;9,232906E-2;9,940750E-2;9,225066E-1;;
02/12/2021  12:47:16,968863;9,132033E-1;1,213198E-1;1,227865E-1;9,219429E-1;;
02/12/2021  12:47:16,968963;9,146309E-1;8,755036E-2;9,624818E-2;9,213914E-1;;
02/12/2021  12:47:16,969063;9,151047E-1;1,308772E-1;1,376353E-1;9,208531E-1;;
02/12/2021  12:47:16,969163;9,149855E-1;1,327887E-1;1,404787E-1;9,203288E-1;;
02/12/2021  12:47:16,969263;9,146964E-1;1,098510E-1;1,193112E-1;9,198196E-1;;
02/12/2021  12:47:16,969363;9,162402E-1;1,200455E-1;1,297370E-1;9,193261E-1;;
02/12/2021  12:47:16,969463;9,172088E-1;1,235499E-1;1,695444E-1;9,188493E-1;;
02/12/2021  12:47:16,969563;9,182043E-1;1,334259E-1;1,341600E-1;9,183902E-1;;
02/12/2021  12:47:16,969663;9,183324E-1;1,439390E-1;1,357397E-1;9,179499E-1;;
02/12/2021  12:47:16,969763;9,178377E-1;1,385232E-1;1,360556E-1;9,175294E-1;;
02/12/2021  12:47:16,969863;9,192861E-1;1,114439E-1;1,189953E-1;9,171296E-1;;
02/12/2021  12:47:16,969963;9,206630E-1;1,308772E-1;1,221546E-1;9,167514E-1;;
02/12/2021  12:47:16,970063;9,210206E-1;1,066652E-1;9,245700E-2;9,163956E-1;;
02/12/2021  12:47:16,970163;9,206004E-1;1,280100E-1;1,313166E-1;9,160633E-1;;
02/12/2021  12:47:16,970263;9,207375E-1;1,139925E-1;1,183634E-1;9,157552E-1;;
02/12/2021  12:47:16,970363;9,215124E-1;1,127182E-1;9,656411E-2;9,154718E-1;;
02/12/2021  12:47:16,970463;9,223558E-1;6,779840E-2;1,013031E-1;9,152136E-1;;
02/12/2021  12:47:16,970563;9,229936E-1;8,054160E-2;8,550650E-2;9,149812E-1;;
02/12/2021  12:47:16,970663;9,240397E-1;1,340630E-1;1,392149E-1;9,147750E-1;;
02/12/2021  12:47:16,970763;9,234704E-1;1,168597E-1;1,167838E-1;9,145953E-1;;
02/12/2021  12:47:16,970863;9,251364E-1;1,248242E-1;1,509044E-1;9,144425E-1;;
02/12/2021  12:47:16,970963;9,259441E-1;1,251428E-1;1,553275E-1;9,143170E-1;;
02/12/2021  12:47:16,971063;9,266266E-1;1,318330E-1;1,328963E-1;9,142189E-1;;
02/12/2021  12:47:16,971163;9,262600E-1;1,012493E-1;5,738855E-2;9,141486E-1;;
02/12/2021  12:47:16,971263;9,266236E-1;1,241871E-1;1,698603E-1;9,141060E-1;;
02/12/2021  12:47:16,971363;9,281048E-1;1,436204E-1;1,445858E-1;9,140913E-1;;
02/12/2021  12:47:16,971463;9,290227E-1;1,241871E-1;1,338441E-1;9,141043E-1;;
02/12/2021  12:47:16,971563;9,297410E-1;1,305587E-1;1,366875E-1;9,141450E-1;;
02/12/2021  12:47:16,971663;9,297708E-1;1,155854E-1;1,117289E-1;9,142134E-1;;
02/12/2021  12:47:16,971763;9,306172E-1;1,442576E-1;1,373193E-1;9,143092E-1;;
02/12/2021  12:47:16,971863;9,323070E-1;1,324701E-1;1,300529E-1;9,144324E-1;;
02/12/2021  12:47:16,971963;9,335468E-1;1,308772E-1;1,265777E-1;9,145828E-1;;
02/12/2021  12:47:16,972063;9,347717E-1;1,327887E-1;1,537478E-1;9,147603E-1;;
02/12/2021  12:47:16,972163;9,350459E-1;1,327887E-1;1,335282E-1;9,149650E-1;;
02/12/2021  12:47:16,972263;9,352396E-1;1,296029E-1;1,272095E-1;9,151966E-1;;
02/12/2021  12:47:16,972363;9,368639E-1;9,360338E-2;9,372073E-2;9,154552E-1;;
02/12/2021  12:47:16,972463;9,381276E-1;1,127182E-1;1,142563E-1;9,157403E-1;;
02/12/2021  12:47:16,972563;9,386402E-1;1,461691E-1;1,575390E-1;9,160520E-1;;
02/12/2021  12:47:16,972663;9,397548E-1;1,222756E-1;1,218387E-1;9,163898E-1;;
02/12/2021  12:47:16,972763;9,403002E-1;1,133553E-1;1,114129E-1;9,167537E-1;;
02/12/2021  12:47:16,972863;9,425146E-1;1,343816E-1;1,291051E-1;9,171432E-1;;
02/12/2021  12:47:16,972963;9,429676E-1;1,238685E-1;1,382671E-1;9,175583E-1;;
02/12/2021  12:47:16,973063;9,431464E-1;1,174969E-1;9,688005E-2;9,179987E-1;;
02/12/2021  12:47:16,973163;9,435130E-1;1,738855E-1;2,005057E-1;9,184639E-1;;
02/12/2021  12:47:16,973263;9,441537E-1;1,413904E-1;1,347919E-1;9,189535E-1;;
02/12/2021  12:47:16,973363;9,454829E-1;1,362931E-1;1,464814E-1;9,194669E-1;;
02/12/2021  12:47:16,973463;9,459449E-1;1,296029E-1;1,379512E-1;9,200034E-1;;
02/12/2021  12:47:16,973563;9,455992E-1;1,206827E-1;1,082536E-1;9,205623E-1;;
02/12/2021  12:47:16,973663;9,452296E-1;1,659210E-1;1,837613E-1;9,211428E-1;;
02/12/2021  12:47:16,973763;9,462429E-1;1,315144E-1;1,303688E-1;9,217436E-1;;
02/12/2021  12:47:16,973863;9,472801E-1;1,315144E-1;1,287892E-1;9,223638E-1;;
02/12/2021  12:47:16,973963;9,467883E-1;1,417090E-1;1,417424E-1;9,230021E-1;;
02/12/2021  12:47:16,974063;9,470655E-1;1,245056E-1;1,265777E-1;9,236573E-1;;
02/12/2021  12:47:16,974163;9,462370E-1;1,315144E-1;1,212068E-1;9,243280E-1;;
02/12/2021  12:47:16,974263;9,469552E-1;1,302401E-1;1,379512E-1;9,250127E-1;;
02/12/2021  12:47:16,974363;9,478433E-1;7,257710E-2;1,145722E-1;9,257099E-1;;
02/12/2021  12:47:16,974463;9,480430E-1;1,308772E-1;1,325804E-1;9,264180E-1;;
02/12/2021  12:47:16,974563;9,484424E-1;1,245056E-1;1,237343E-1;9,271356E-1;;
02/12/2021  12:47:16,974663;9,479715E-1;1,238685E-1;1,218387E-1;9,278611E-1;;
02/12/2021  12:47:16,974763;9,487017E-1;1,640096E-1;1,764949E-1;9,285932E-1;;
02/12/2021  12:47:16,974863;9,498312E-1;1,429833E-1;1,341600E-1;9,293304E-1;;
02/12/2021  12:47:16,974963;9,504600E-1;1,318330E-1;1,114129E-1;9,300713E-1;;
02/12/2021  12:47:16,975063;9,500428E-1;1,155854E-1;1,436380E-1;9,308147E-1;;
02/12/2021  12:47:16,975163;9,499683E-1;1,337445E-1;1,385831E-1;9,315594E-1;;
02/12/2021  12:47:16,975263;9,515091E-1;1,522221E-1;1,483770E-1;9,323041E-1;;
02/12/2021  12:47:16,975363;9,522989E-1;1,464877E-1;1,685966E-1;9,330478E-1;;
02/12/2021  12:47:16,975463;9,521827E-1;1,264171E-1;1,240502E-1;9,337894E-1;;
02/12/2021  12:47:16,975563;9,519502E-1;1,429833E-1;1,515363E-1;9,345281E-1;;
02/12/2021  12:47:16,975663;9,521230E-1;1,534964E-1;1,420583E-1;9,352630E-1;;
02/12/2021  12:47:16,975763;9,532794E-1;1,570008E-1;1,496407E-1;9,359930E-1;;
02/12/2021  12:47:16,975863;9,535357E-1;1,359745E-1;1,376353E-1;9,367173E-1;;
02/12/2021  12:47:16,975963;9,539351E-1;1,503106E-1;1,370034E-1;9,374352E-1;;
02/12/2021  12:47:16,976063;9,537056E-1;1,452133E-1;1,439539E-1;9,381460E-1;;
02/12/2021  12:47:16,976163;9,535357E-1;1,219570E-1;1,433221E-1;9,388488E-1;;
02/12/2021  12:47:16,976263;9,538337E-1;1,225942E-1;1,553275E-1;9,395431E-1;;
02/12/2021  12:47:16,976363;9,547696E-1;1,194084E-1;1,193112E-1;9,402281E-1;;
02/12/2021  12:47:16,976463;9,545788E-1;1,210013E-1;1,227865E-1;9,409031E-1;;
02/12/2021  12:47:16,976563;9,543464E-1;1,260985E-1;1,205749E-1;9,415676E-1;;
02/12/2021  12:47:16,976663;9,549454E-1;1,031608E-1;1,145722E-1;9,422210E-1;;
02/12/2021  12:47:16,976763;9,552732E-1;1,111253E-1;1,272095E-1;9,428627E-1;;
02/12/2021  12:47:16,976863;9,556845E-1;9,933782E-2;1,031987E-1;9,434923E-1;;
02/12/2021  12:47:16,976963;9,544119E-1;1,219570E-1;1,316326E-1;9,441094E-1;;
02/12/2021  12:47:16,977063;9,542033E-1;1,050723E-1;1,088855E-1;9,447134E-1;;
02/12/2021  12:47:16,977163;9,546295E-1;8,086018E-2;7,065769E-2;9,453039E-1;;
02/12/2021  12:47:16,977263;9,549663E-1;9,997498E-2;1,028828E-1;9,458801E-1;;
02/12/2021  12:47:16,977363;9,555415E-1;1,235499E-1;1,294210E-1;9,464417E-1;;
02/12/2021  12:47:16,977463;9,544834E-1;1,308772E-1;1,370034E-1;9,469884E-1;;
02/12/2021  12:47:16,977563;9,533539E-1;7,671864E-2;9,466852E-2;9,475196E-1;;
02/12/2021  12:47:16,977663;9,532824E-1;9,519628E-2;1,076217E-1;9,480349E-1;;
02/12/2021  12:47:16,977763;9,543076E-1;8,086018E-2;8,834988E-2;9,485337E-1;;
02/12/2021  12:47:16,977863;9,536221E-1;1,152668E-1;1,221546E-1;9,490155E-1;;
02/12/2021  12:47:16,977963;9,527191E-1;1,028422E-1;1,041465E-1;9,494799E-1;;
02/12/2021  12:47:16,978063;9,518071E-1;3,211744E-2;5,359736E-2;9,499264E-1;;
02/12/2021  12:47:16,978163;9,517982E-1;9,742634E-2;1,076217E-1;9,503544E-1;;
02/12/2021  12:47:16,978263;9,522184E-1;1,127182E-1;1,189953E-1;9,507634E-1;;
02/12/2021  12:47:16,978363;9,520038E-1;1,060280E-1;1,167838E-1;9,511529E-1;;
02/12/2021  12:47:16,978463;9,511455E-1;1,063466E-1;1,170997E-1;9,515225E-1;;
02/12/2021  12:47:16,978563;9,504630E-1;9,296622E-2;1,126766E-1;9,518720E-1;;
02/12/2021  12:47:16,978663;9,506031E-1;1,174969E-1;1,306848E-1;9,522008E-1;;
02/12/2021  12:47:16,978763;9,509786E-1;1,270543E-1;1,006712E-1;9,525087E-1;;
02/12/2021  12:47:16,978863;9,499027E-1;9,424054E-2;1,031987E-1;9,527955E-1;;
02/12/2021  12:47:16,978963;9,503080E-1;1,509478E-1;1,392149E-1;9,530610E-1;;
02/12/2021  12:47:16,979063;9,498282E-1;1,630538E-1;1,436380E-1;9,533052E-1;;
02/12/2021  12:47:16,979163;9,496732E-1;1,789828E-1;1,584868E-1;9,535279E-1;;
02/12/2021  12:47:16,979263;9,501024E-1;1,735670E-1;1,449017E-1;9,537293E-1;;
02/12/2021  12:47:16,979363;9,495719E-1;1,483991E-1;1,404787E-1;9,539094E-1;;
02/12/2021  12:47:16,979463;9,487941E-1;1,560451E-1;1,493248E-1;9,540686E-1;;
02/12/2021  12:47:16,979563;9,487851E-1;1,509478E-1;1,382671E-1;9,542069E-1;;
02/12/2021  12:47:16,979663;9,493335E-1;1,031608E-1;1,259458E-1;9,543247E-1;;
02/12/2021  12:47:16,979763;9,491725E-1;1,544522E-1;1,780746E-1;9,544222E-1;;
02/12/2021  12:47:16,979863;9,486272E-1;1,136739E-1;1,199431E-1;9,544999E-1;;
02/12/2021  12:47:16,979963;9,468867E-1;1,407532E-1;1,657532E-1;9,545582E-1;;
02/12/2021  12:47:16,980063;9,465171E-1;1,397975E-1;1,426902E-1;9,545974E-1;;
02/12/2021  12:47:16,980163;9,462757E-1;1,331073E-1;1,294210E-1;9,546176E-1;;
02/12/2021  12:47:16,980263;9,459210E-1;1,178155E-1;1,148882E-1;9,546191E-1;;
02/12/2021  12:47:16,980363;9,450627E-1;1,225942E-1;1,189953E-1;9,546021E-1;;
02/12/2021  12:47:16,980463;9,443266E-1;1,337445E-1;1,404787E-1;9,545666E-1;;
02/12/2021  12:47:16,980563;9,431494E-1;1,257800E-1;1,268936E-1;9,545130E-1;;
02/12/2021  12:47:16,980663;9,432090E-1;1,057094E-1;1,006712E-1;9,544411E-1;;
02/12/2021  12:47:16,980763;9,435308E-1;1,104881E-1;1,193112E-1;9,543511E-1;;
02/12/2021  12:47:16,980863;9,429527E-1;1,350188E-1;1,575390E-1;9,542432E-1;;
02/12/2021  12:47:16,980963;9,415281E-1;1,267357E-1;1,231024E-1;9,541177E-1;;
02/12/2021  12:47:16,981063;9,414506E-1;1,241871E-1;1,376353E-1;9,539748E-1;;
02/12/2021  12:47:16,981163;9,422553E-1;1,069837E-1;1,193112E-1;9,538148E-1;;
02/12/2021  12:47:16,981263;9,420556E-1;1,241871E-1;1,268936E-1;9,536381E-1;;
02/12/2021  12:47:16,981363;9,415102E-1;1,433019E-1;1,818658E-1;9,534452E-1;;
02/12/2021  12:47:16,981463;9,403181E-1;1,200455E-1;1,291051E-1;9,532367E-1;;
02/12/2021  12:47:16,981563;9,395492E-1;9,424054E-2;1,161519E-1;9,530131E-1;;
02/12/2021  12:47:16,981663;9,405535E-1;1,350188E-1;1,363715E-1;9,527749E-1;;
02/12/2021  12:47:16,981763;9,412122E-1;1,382046E-1;1,360556E-1;9,525225E-1;;
02/12/2021  12:47:16,981863;9,399277E-1;9,551486E-2;7,729226E-2;9,522566E-1;;
02/12/2021  12:47:16,981963;9,387624E-1;6,270112E-2;1,126766E-1;9,519782E-1;;
02/12/2021  12:47:16,982063;9,384375E-1;1,321516E-1;1,310007E-1;9,516877E-1;;
02/12/2021  12:47:16,982163;9,390306E-1;1,308772E-1;1,139404E-1;9,513856E-1;;
02/12/2021  12:47:16,982263;9,388786E-1;1,350188E-1;1,338441E-1;9,510727E-1;;
02/12/2021  12:47:16,982363;9,378057E-1;6,970988E-2;9,403666E-2;9,507497E-1;;
02/12/2021  12:47:16,982463;9,376209E-1;1,332122E-2;6,117973E-2;9,504170E-1;;
02/12/2021  12:47:16,982563;9,382557E-1;1,248242E-1;1,177316E-1;9,500756E-1;;
02/12/2021  12:47:16,982663;9,391260E-1;1,395838E-2;7,918786E-2;9,497260E-1;;
02/12/2021  12:47:16,982763;9,387653E-1;1,174969E-1;1,215227E-1;9,493691E-1;;
02/12/2021  12:47:16,982863;9,382587E-1;1,245056E-1;1,284732E-1;9,490060E-1;;
02/12/2021  12:47:16,982963;9,380888E-1;1,187712E-1;1,152041E-1;9,486377E-1;;
02/12/2021  12:47:16,983063;9,384584E-1;1,012493E-1;1,505885E-1;9,482649E-1;;
02/12/2021  12:47:16,983163;9,384196E-1;9,487770E-2;6,970989E-2;9,478887E-1;;
02/12/2021  12:47:16,983263;9,383421E-1;1,146297E-1;1,196272E-1;9,475100E-1;;
02/12/2021  12:47:16,983363;9,378951E-1;1,251428E-1;1,287892E-1;9,471296E-1;;
02/12/2021  12:47:16,983463;9,379577E-1;9,965640E-2;1,379512E-1;9,467485E-1;;
02/12/2021  12:47:16,983563;9,384792E-1;9,296622E-2;1,076217E-1;9,463675E-1;;
02/12/2021  12:47:16,983663;9,392482E-1;1,245056E-1;1,240502E-1;9,459875E-1;;
02/12/2021  12:47:16,983763;9,391707E-1;1,270543E-1;1,246821E-1;9,456095E-1;;
02/12/2021  12:47:16,983863;9,375851E-1;1,340630E-1;1,531159E-1;9,452344E-1;;
02/12/2021  12:47:16,983963;9,366493E-1;1,270543E-1;1,281573E-1;9,448631E-1;;
02/12/2021  12:47:16,984063;9,369056E-1;1,267357E-1;1,142563E-1;9,444959E-1;;
02/12/2021  12:47:16,984163;9,368669E-1;1,471248E-1;1,610142E-1;9,441334E-1;;
02/12/2021  12:47:16,984263;9,365420E-1;1,165411E-1;1,167838E-1;9,437760E-1;;
02/12/2021  12:47:16,984363;9,356420E-1;1,528593E-1;1,575390E-1;9,434239E-1;;
02/12/2021  12:47:16,984463;9,353231E-1;1,308772E-1;1,246821E-1;9,430774E-1;;
02/12/2021  12:47:16,984563;9,354453E-1;6,397544E-2;1,180475E-1;9,427366E-1;;
02/12/2021  12:47:16,984663;9,352993E-1;1,101695E-1;1,234183E-1;9,424017E-1;;
02/12/2021  12:47:16,984763;9,346108E-1;1,289658E-1;1,300529E-1;9,420727E-1;;
02/12/2021  12:47:16,984863;9,339522E-1;1,296029E-1;1,237343E-1;9,417496E-1;;
02/12/2021  12:47:16,984963;9,334902E-1;6,301970E-2;1,066739E-1;9,414325E-1;;
02/12/2021  12:47:16,985063;9,341012E-1;1,267357E-1;1,385831E-1;9,411210E-1;;
02/12/2021  12:47:16,985163;9,340863E-1;1,286472E-1;1,325804E-1;9,408152E-1;;
02/12/2021  12:47:16,985263;9,333382E-1;1,286472E-1;1,363715E-1;9,405150E-1;;
02/12/2021  12:47:16,985363;9,327362E-1;1,229127E-1;1,246821E-1;9,402203E-1;;
02/12/2021  12:47:16,985463;9,329836E-1;1,117624E-1;1,152041E-1;9,399310E-1;;
02/12/2021  12:47:16,985563;9,337853E-1;1,213198E-1;1,351078E-1;9,396470E-1;;
02/12/2021  12:47:16,985663;9,340982E-1;1,388417E-1;1,385831E-1;9,393682E-1;;
02/12/2021  12:47:16,985763;9,331147E-1;1,241871E-1;1,398468E-1;9,390948E-1;;
02/12/2021  12:47:16,985863;9,327332E-1;1,324701E-1;1,373193E-1;9,388267E-1;;
02/12/2021  12:47:16,985963;9,322295E-1;8,755036E-2;6,876210E-2;9,385640E-1;;
02/12/2021  12:47:16,986063;9,326468E-1;1,162226E-1;1,120448E-1;9,383066E-1;;
02/12/2021  12:47:16,986163;9,331743E-1;1,359745E-1;1,338441E-1;9,380544E-1;;
02/12/2021  12:47:16,986263;9,321759E-1;1,289658E-1;1,332122E-1;9,378073E-1;;
02/12/2021  12:47:16,986363;9,321193E-1;1,318330E-1;1,278414E-1;9,375654E-1;;
02/12/2021  12:47:16,986463;9,320477E-1;1,251428E-1;1,240502E-1;9,373285E-1;;
02/12/2021  12:47:16,986563;9,328018E-1;1,388417E-1;1,471132E-1;9,370967E-1;;
02/12/2021  12:47:16,986663;9,331594E-1;1,270543E-1;1,231024E-1;9,368698E-1;;
02/12/2021  12:47:16,986763;9,326587E-1;1,155854E-1;1,120448E-1;9,366481E-1;;
02/12/2021  12:47:16,986863;9,320865E-1;5,155082E-2;7,824006E-2;9,364317E-1;;
02/12/2021  12:47:16,986963;9,328673E-1;1,905566E-2;9,435259E-2;9,362206E-1;;
02/12/2021  12:47:16,987063;9,340714E-1;1,210013E-1;7,602853E-2;9,360149E-1;;
02/12/2021  12:47:16,987163;9,338717E-1;1,190898E-1;1,215227E-1;9,358148E-1;;
02/12/2021  12:47:16,987263;9,337763E-1;1,235499E-1;1,205749E-1;9,356207E-1;;
02/12/2021  12:47:16,987363;9,340058E-1;1,088952E-1;1,246821E-1;9,354329E-1;;
02/12/2021  12:47:16,987463;9,352933E-1;1,496735E-1;1,423743E-1;9,352517E-1;;
02/12/2021  12:47:16,987563;9,360443E-1;1,267357E-1;1,028828E-1;9,350775E-1;;
02/12/2021  12:47:16,987663;9,362291E-1;1,229127E-1;1,265777E-1;9,349108E-1;;
02/12/2021  12:47:16,987763;9,352754E-1;1,232313E-1;1,256299E-1;9,347523E-1;;
02/12/2021  12:47:16,987863;9,352426E-1;1,385232E-1;1,319485E-1;9,346023E-1;;
02/12/2021  12:47:16,987963;9,362231E-1;1,388417E-1;1,379512E-1;9,344611E-1;;
02/12/2021  12:47:16,988063;9,365778E-1;1,264171E-1;1,104651E-1;9,343291E-1;;
02/12/2021  12:47:16,988163;9,363334E-1;1,143111E-1;1,287892E-1;9,342066E-1;;
02/12/2021  12:47:16,988263;9,361457E-1;1,407532E-1;1,411105E-1;9,340938E-1;;
02/12/2021  12:47:16,988363;9,358655E-1;7,480716E-2;8,834988E-2;9,339909E-1;;
02/12/2021  12:47:16,988463;9,368997E-1;4,071910E-2;6,497092E-2;9,338980E-1;;
02/12/2021  12:47:16,988563;9,375881E-1;1,611423E-1;1,818658E-1;9,338153E-1;;
02/12/2021  12:47:16,988663;9,370636E-1;1,385232E-1;1,360556E-1;9,337428E-1;;
02/12/2021  12:47:16,988763;9,369384E-1;1,280100E-1;1,338441E-1;9,336807E-1;;
02/12/2021  12:47:16,988863;9,368758E-1;1,289658E-1;1,193112E-1;9,336291E-1;;
02/12/2021  12:47:16,988963;9,372782E-1;1,299215E-1;1,648054E-1;9,335877E-1;;
02/12/2021  12:47:16,989063;9,381097E-1;1,292843E-1;1,341600E-1;9,335567E-1;;
02/12/2021  12:47:16,989163;9,376418E-1;1,359745E-1;1,404787E-1;9,335359E-1;;
02/12/2021  12:47:16,989263;9,374153E-1;1,206827E-1;1,253139E-1;9,335252E-1;;
02/12/2021  12:47:16,989363;9,384971E-1;8,563888E-2;1,243661E-1;9,335245E-1;;
02/12/2021  12:47:16,989463;9,395760E-1;1,149482E-1;1,152041E-1;9,335337E-1;;
02/12/2021  12:47:16,989563;9,400707E-1;1,296029E-1;1,370034E-1;9,335528E-1;;
02/12/2021  12:47:16,989663;9,397757E-1;1,347002E-1;1,404787E-1;9,335820E-1;;
02/12/2021  12:47:16,989763;9,395462E-1;1,168597E-1;1,237343E-1;9,336213E-1;;
02/12/2021  12:47:16,989863;9,394657E-1;1,178155E-1;1,291051E-1;9,336706E-1;;
02/12/2021  12:47:16,989963;9,406847E-1;1,302401E-1;1,834454E-1;9,337297E-1;;
02/12/2021  12:47:16,990063;9,413105E-1;1,305587E-1;1,392149E-1;9,337987E-1;;
02/12/2021  12:47:16,990163;9,413344E-1;9,838208E-2;1,041465E-1;9,338775E-1;;
02/12/2021  12:47:16,990263;9,406578E-1;1,037979E-1;1,101492E-1;9,339660E-1;;
02/12/2021  12:47:16,990363;9,414357E-1;1,060280E-1;1,237343E-1;9,340641E-1;;
02/12/2021  12:47:16,990463;9,421390E-1;1,088952E-1;1,227865E-1;9,341716E-1;;
02/12/2021  12:47:16,990563;9,418380E-1;8,946184E-2;1,158360E-1;9,342884E-1;;
02/12/2021  12:47:16,990663;9,413582E-1;8,946184E-2;1,044624E-1;9,344143E-1;;
02/12/2021  12:47:16,990763;9,407919E-1;1,006121E-1;1,449017E-1;9,345489E-1;;
02/12/2021  12:47:16,990863;9,409261E-1;9,487770E-2;1,107811E-1;9,346918E-1;;
02/12/2021  12:47:16,990963;9,415728E-1;1,114439E-1;1,486929E-1;9,348424E-1;;
02/12/2021  12:47:16,991063;9,412867E-1;9,901924E-2;1,114129E-1;9,350003E-1;;
02/12/2021  12:47:16,991163;9,408128E-1;9,041758E-2;1,082536E-1;9,351648E-1;;
02/12/2021  12:47:16,991263;9,404552E-1;9,264764E-2;1,152041E-1;9,353353E-1;;
02/12/2021  12:47:16,991363;9,405714E-1;1,098510E-1;1,237343E-1;9,355112E-1;;
02/12/2021  12:47:16,991463;9,410781E-1;1,232313E-1;1,404787E-1;9,356917E-1;;
02/12/2021  12:47:16,991563;9,409886E-1;1,133553E-1;1,272095E-1;9,358762E-1;;
02/12/2021  12:47:16,991663;9,397459E-1;1,292843E-1;1,341600E-1;9,360639E-1;;
02/12/2021  12:47:16,991763;9,396028E-1;1,404346E-1;1,268936E-1;9,362542E-1;;
02/12/2021  12:47:16,991863;9,394806E-1;1,531778E-1;1,673329E-1;9,364461E-1;;
02/12/2021  12:47:16,991963;9,399277E-1;1,563636E-1;1,550115E-1;9,366388E-1;;
02/12/2021  12:47:16,992063;9,399217E-1;1,605052E-1;1,376353E-1;9,368316E-1;;
02/12/2021  12:47:16,992163;9,397727E-1;1,824872E-1;1,651214E-1;9,370237E-1;;
02/12/2021  12:47:16,992263;9,392094E-1;1,385232E-1;1,142563E-1;9,372144E-1;;
02/12/2021  12:47:16,992363;9,394925E-1;4,008194E-2;8,708615E-2;9,374030E-1;;
02/12/2021  12:47:16,992463;9,406340E-1;1,675139E-1;1,524841E-1;9,375890E-1;;
02/12/2021  12:47:16,992563;9,404134E-1;1,538150E-1;1,335282E-1;9,377718E-1;;
02/12/2021  12:47:16,992663;9,403121E-1;1,528593E-1;1,708081E-1;9,379511E-1;;
02/12/2021  12:47:16,992763;9,400350E-1;1,359745E-1;1,325804E-1;9,381265E-1;;
02/12/2021  12:47:16,992863;9,405446E-1;1,340630E-1;1,272095E-1;9,382978E-1;;
02/12/2021  12:47:16,992963;9,412271E-1;1,671954E-1;1,872366E-1;9,384646E-1;;
02/12/2021  12:47:16,993063;9,412360E-1;1,289658E-1;1,215227E-1;9,386268E-1;;
02/12/2021  12:47:16,993163;9,408754E-1;8,468314E-2;9,056141E-2;9,387844E-1;;
02/12/2021  12:47:16,993263;9,404611E-1;1,280100E-1;1,231024E-1;9,389372E-1;;
02/12/2021  12:47:16,993363;9,412926E-1;8,914326E-2;9,909157E-2;9,390852E-1;;
02/12/2021  12:47:16,993463;9,419364E-1;1,315144E-1;1,430061E-1;9,392282E-1;;
02/12/2021  12:47:16,993563;9,414625E-1;1,429833E-1;1,401627E-1;9,393664E-1;;
02/12/2021  12:47:16,993663;9,407592E-1;1,273729E-1;1,221546E-1;9,394998E-1;;
02/12/2021  12:47:16,993763;9,404194E-1;1,662396E-1;1,850251E-1;9,396284E-1;;
02/12/2021  12:47:16,993863;9,407949E-1;1,468062E-1;1,537478E-1;9,397520E-1;;
02/12/2021  12:47:16,993963;9,408098E-1;1,382046E-1;1,354238E-1;9,398706E-1;;
02/12/2021  12:47:16,994063;9,410184E-1;1,356559E-1;1,328963E-1;9,399841E-1;;
02/12/2021  12:47:16,994163;9,409022E-1;1,324701E-1;1,227865E-1;9,400925E-1;;
02/12/2021  12:47:16,994263;9,411377E-1;1,388417E-1;1,360556E-1;9,401958E-1;;
02/12/2021  12:47:16,994363;9,415370E-1;1,302401E-1;1,445858E-1;9,402940E-1;;
02/12/2021  12:47:16,994463;9,427709E-1;1,241871E-1;1,189953E-1;9,403873E-1;;
02/12/2021  12:47:16,994563;9,423953E-1;1,216384E-1;1,291051E-1;9,404761E-1;;
02/12/2021  12:47:16,994663;9,420556E-1;1,289658E-1;1,278414E-1;9,405605E-1;;
02/12/2021  12:47:16,994763;9,425175E-1;5,728526E-2;8,550650E-2;9,406410E-1;;
02/12/2021  12:47:16,994863;9,427858E-1;1,433019E-1;1,284732E-1;9,407179E-1;;
02/12/2021  12:47:16,994963;9,439570E-1;1,375674E-1;1,354238E-1;9,407913E-1;;
02/12/2021  12:47:16,995063;9,434861E-1;1,133553E-1;1,221546E-1;9,408619E-1;;
02/12/2021  12:47:16,995163;9,436530E-1;1,347002E-1;1,442698E-1;9,409300E-1;;
02/12/2021  12:47:16,995263;9,442014E-1;1,292843E-1;1,322644E-1;9,409962E-1;;
02/12/2021  12:47:16,995363;9,444637E-1;1,318330E-1;1,505885E-1;9,410607E-1;;
02/12/2021  12:47:16,995463;9,447498E-1;1,162226E-1;1,174156E-1;9,411242E-1;;
02/12/2021  12:47:16,995563;9,436203E-1;1,324701E-1;1,237343E-1;9,411871E-1;;
02/12/2021  12:47:16,995663;9,429705E-1;1,471248E-1;1,486929E-1;9,412495E-1;;
02/12/2021  12:47:16,995763;9,427649E-1;1,423461E-1;1,366875E-1;9,413117E-1;;
02/12/2021  12:47:16,995863;9,430242E-1;1,305587E-1;1,136244E-1;9,413736E-1;;
02/12/2021  12:47:16,995963;9,430570E-1;1,197269E-1;1,227865E-1;9,414351E-1;;
02/12/2021  12:47:16,996063;9,425324E-1;1,436204E-1;1,458495E-1;9,414962E-1;;
02/12/2021  12:47:16,996163;9,417635E-1;1,455319E-1;1,499566E-1;9,415567E-1;;
02/12/2021  12:47:16,996263;9,418589E-1;1,311958E-1;1,306848E-1;9,416166E-1;;
02/12/2021  12:47:16,996363;9,427351E-1;1,203641E-1;8,392683E-2;9,416754E-1;;
02/12/2021  12:47:16,996463;9,421718E-1;1,213198E-1;1,199431E-1;9,417330E-1;;
02/12/2021  12:47:16,996563;9,421063E-1;1,464877E-1;1,420583E-1;9,417892E-1;;
02/12/2021  12:47:16,996663;9,414327E-1;1,260985E-1;1,227865E-1;9,418440E-1;;
02/12/2021  12:47:16,996763;9,412479E-1;1,225942E-1;1,205749E-1;9,418970E-1;;
02/12/2021  12:47:16,996863;9,422672E-1;2,765732E-2;6,813023E-2;9,419480E-1;;
02/12/2021  12:47:16,996963;9,421331E-1;1,296029E-1;1,303688E-1;9,419968E-1;;
02/12/2021  12:47:16,997063;9,423357E-1;1,343816E-1;1,335282E-1;9,420433E-1;;
02/12/2021  12:47:16,997163;9,419632E-1;8,563888E-2;9,245700E-2;9,420875E-1;;
02/12/2021  12:47:16,997263;9,432239E-1;1,459554E-2;6,749837E-2;9,421295E-1;;
02/12/2021  12:47:16,997363;9,436471E-1;1,949118E-1;2,390494E-1;9,421692E-1;;
02/12/2021  12:47:16,997463;9,436799E-1;1,375674E-1;1,354238E-1;9,422070E-1;;
02/12/2021  12:47:16,997563;9,432179E-1;-1,726246E-2;3,085026E-2;9,422430E-1;;
02/12/2021  12:47:16,997663;9,424520E-1;1,130368E-1;1,186794E-1;9,422775E-1;;
02/12/2021  12:47:16,997763;9,436828E-1;1,286472E-1;1,278414E-1;9,423107E-1;;
02/12/2021  12:47:16,997863;9,442551E-1;1,267357E-1;1,325804E-1;9,423425E-1;;
02/12/2021  12:47:16,997963;9,443832E-1;1,375674E-1;1,284732E-1;9,423734E-1;;
02/12/2021  12:47:16,998063;9,434623E-1;1,216384E-1;1,306848E-1;9,424035E-1;;
02/12/2021  12:47:16,998163;9,438646E-1;1,225942E-1;1,262617E-1;9,424332E-1;;
02/12/2021  12:47:16,998263;9,452386E-1;1,302401E-1;1,145722E-1;9,424626E-1;;
02/12/2021  12:47:16,998363;9,457154E-1;1,394789E-1;1,366875E-1;9,424921E-1;;
02/12/2021  12:47:16,998463;9,453220E-1;1,136739E-1;1,521681E-1;9,425220E-1;;
02/12/2021  12:47:16,998563;9,459091E-1;1,203641E-1;1,152041E-1;9,425527E-1;;
02/12/2021  12:47:16,998663;9,454829E-1;1,327887E-1;1,407946E-1;9,425848E-1;;
02/12/2021  12:47:16,998763;9,469284E-1;1,264171E-1;1,398468E-1;9,426185E-1;;
02/12/2021  12:47:16,998863;9,480847E-1;1,219570E-1;1,199431E-1;9,426542E-1;;
02/12/2021  12:47:16,998963;9,478702E-1;1,184526E-1;1,202590E-1;9,426926E-1;;
02/12/2021  12:47:16,999063;9,479834E-1;1,238685E-1;1,240502E-1;9,427343E-1;;
02/12/2021  12:47:16,999163;9,486450E-1;1,458505E-1;1,594346E-1;9,427798E-1;;
02/12/2021  12:47:16,999263;9,502544E-1;1,197269E-1;1,202590E-1;9,428296E-1;;
02/12/2021  12:47:16,999363;9,502395E-1;1,174969E-1;1,139404E-1;9,428844E-1;;
02/12/2021  12:47:16,999463;9,504958E-1;1,222756E-1;1,227865E-1;9,429450E-1;;
02/12/2021  12:47:16,999563;9,500666E-1;1,095324E-1;1,755471E-1;9,430118E-1;;
02/12/2021  12:47:16,999663;9,501084E-1;1,311958E-1;1,313166E-1;9,430854E-1;;
02/12/2021  12:47:16,999763;9,505435E-1;1,280100E-1;9,498445E-2;9,431660E-1;;
02/12/2021  12:47:16,999863;9,518548E-1;1,190898E-1;1,246821E-1;9,432541E-1;;
02/12/2021  12:47:16,999963;9,508564E-1;1,114439E-1;1,212068E-1;9,433497E-1;;
02/12/2021  12:47:17,000063;9,503826E-1;1,292843E-1;1,379512E-1;9,434533E-1;;
02/12/2021  12:47:17,000163;9,513482E-1;1,213198E-1;1,079377E-1;9,435647E-1;;
02/12/2021  12:47:17,000263;9,516343E-1;1,219570E-1;1,243661E-1;9,436841E-1;;
02/12/2021  12:47:17,000363;9,516134E-1;1,181340E-1;1,202590E-1;9,438113E-1;;
02/12/2021  12:47:17,000463;9,517147E-1;1,397975E-1;1,344760E-1;9,439463E-1;;
02/12/2021  12:47:17,000563;9,520217E-1;1,417090E-1;1,243661E-1;9,440891E-1;;
02/12/2021  12:47:17,000663;9,523674E-1;7,353284E-2;8,613836E-2;9,442395E-1;;
02/12/2021  12:47:17,000763;9,528920E-1;1,260985E-1;1,474292E-1;9,443973E-1;;
02/12/2021  12:47:17,000863;9,533629E-1;1,286472E-1;1,300529E-1;9,445625E-1;;
02/12/2021  12:47:17,000963;9,529933E-1;1,378860E-1;1,306848E-1;9,447350E-1;;
02/12/2021  12:47:17,001063;9,532675E-1;1,085766E-1;1,095173E-1;9,449145E-1;;
02/12/2021  12:47:17,001163;9,541675E-1;1,302401E-1;1,025668E-1;9,451009E-1;;
02/12/2021  12:47:17,001263;9,553537E-1;1,123996E-1;1,212068E-1;9,452941E-1;;
02/12/2021  12:47:17,001363;9,550050E-1;7,799296E-2;6,402312E-2;9,454940E-1;;
02/12/2021  12:47:17,001463;9,548768E-1;1,203641E-1;1,268936E-1;9,457006E-1;;
02/12/2021  12:47:17,001563;9,545520E-1;1,213198E-1;1,262617E-1;9,459137E-1;;
02/12/2021  12:47:17,001663;9,549156E-1;1,155854E-1;9,909157E-2;9,461332E-1;;
02/12/2021  12:47:17,001763;9,551272E-1;1,203641E-1;1,818658E-1;9,463585E-1;;
02/12/2021  12:47:17,001863;9,550646E-1;1,200455E-1;1,117289E-1;9,465895E-1;;
02/12/2021  12:47:17,001963;9,544745E-1;1,289658E-1;1,284732E-1;9,468257E-1;;
02/12/2021  12:47:17,002063;9,544983E-1;1,260985E-1;1,126766E-1;9,470667E-1;;
02/12/2021  12:47:17,002163;9,554818E-1;1,315144E-1;1,632258E-1;9,473118E-1;;
02/12/2021  12:47:17,002263;9,554938E-1;1,442576E-1;1,486929E-1;9,475607E-1;;
02/12/2021  12:47:17,002363;9,551719E-1;1,315144E-1;1,313166E-1;9,478128E-1;;
02/12/2021  12:47:17,002463;9,549663E-1;1,289658E-1;1,278414E-1;9,480677E-1;;
02/12/2021  12:47:17,002563;9,549961E-1;1,665582E-1;1,591187E-1;9,483248E-1;;
02/12/2021  12:47:17,002663;9,556607E-1;1,267357E-1;1,291051E-1;9,485835E-1;;
02/12/2021  12:47:17,002763;9,564147E-1;1,165411E-1;1,170997E-1;9,488435E-1;;
02/12/2021  12:47:17,002863;9,568021E-1;9,933782E-2;1,205749E-1;9,491042E-1;;
02/12/2021  12:47:17,002963;9,568707E-1;4,390490E-2;7,160549E-2;9,493655E-1;;
02/12/2021  12:47:17,003063;9,568617E-1;4,326774E-2;7,855599E-2;9,496271E-1;;
02/12/2021  12:47:17,003163;9,571210E-1;1,114439E-1;1,306848E-1;9,498887E-1;;
02/12/2021  12:47:17,003263;9,577201E-1;1,028422E-1;1,114129E-1;9,501502E-1;;
02/12/2021  12:47:17,003363;9,571329E-1;1,187712E-1;1,584868E-1;9,504112E-1;;
02/12/2021  12:47:17,003463;9,564028E-1;1,031608E-1;1,152041E-1;9,506715E-1;;
02/12/2021  12:47:17,003563;9,559349E-1;1,057094E-1;1,104651E-1;9,509308E-1;;
02/12/2021  12:47:17,003663;9,559050E-1;9,933782E-2;1,126766E-1;9,511885E-1;;
02/12/2021  12:47:17,003763;9,559468E-1;9,678918E-2;1,114129E-1;9,514440E-1;;
02/12/2021  12:47:17,003863;9,555713E-1;1,025236E-1;1,259458E-1;9,516967E-1;;
02/12/2021  12:47:17,003963;9,539887E-1;7,926728E-2;6,591871E-2;9,519461E-1;;
02/12/2021  12:47:17,004063;9,540394E-1;1,069837E-1;1,193112E-1;9,521914E-1;;
02/12/2021  12:47:17,004163;9,541705E-1;8,595746E-2;1,028828E-1;9,524317E-1;;
02/12/2021  12:47:17,004263;9,535506E-1;8,627604E-2;1,047783E-1;9,526663E-1;;
02/12/2021  12:47:17,004363;9,511634E-1;9,647060E-2;1,167838E-1;9,528943E-1;;
02/12/2021  12:47:17,004463;9,498223E-1;8,277166E-2;1,253139E-1;9,531147E-1;;
02/12/2021  12:47:17,004563;9,491576E-1;8,181592E-2;1,543797E-1;9,533262E-1;;
02/12/2021  12:47:17,004663;9,487583E-1;1,044351E-1;1,139404E-1;9,535274E-1;;
02/12/2021  12:47:17,004763;9,483291E-1;1,203641E-1;1,354238E-1;9,537171E-1;;
02/12/2021  12:47:17,004863;9,468598E-1;3,721472E-2;9,182514E-2;9,538940E-1;;
02/12/2021  12:47:17,004963;9,456737E-1;1,343816E-1;1,357397E-1;9,540568E-1;;
02/12/2021  12:47:17,005063;9,450627E-1;1,245056E-1;1,231024E-1;9,542042E-1;;
02/12/2021  12:47:17,005163;9,443266E-1;1,273729E-1;1,063580E-1;9,543348E-1;;
02/12/2021  12:47:17,005263;9,439779E-1;1,563636E-1;1,461654E-1;9,544476E-1;;
02/12/2021  12:47:17,005363;9,430272E-1;1,643281E-1;1,420583E-1;9,545413E-1;;
02/12/2021  12:47:17,005463;9,418649E-1;1,665582E-1;1,404787E-1;9,546149E-1;;
02/12/2021  12:47:17,005563;9,423864E-1;1,417090E-1;1,395309E-1;9,546675E-1;;
02/12/2021  12:47:17,005663;9,429109E-1;1,544522E-1;1,256299E-1;9,546982E-1;;
02/12/2021  12:47:17,005763;9,420645E-1;1,656025E-1;1,600664E-1;9,547067E-1;;
02/12/2021  12:47:17,005863;9,412062E-1;1,375674E-1;1,344760E-1;9,546925E-1;;
02/12/2021  12:47:17,005963;9,396565E-1;1,178155E-1;1,215227E-1;9,546554E-1;;
02/12/2021  12:47:17,006063;9,404105E-1;1,079395E-1;1,158360E-1;9,545952E-1;;
02/12/2021  12:47:17,006163;9,406221E-1;1,589123E-1;1,654373E-1;9,545115E-1;;
02/12/2021  12:47:17,006263;9,410214E-1;1,162226E-1;1,047783E-1;9,544046E-1;;
02/12/2021  12:47:17,006363;9,402406E-1;1,385232E-1;1,806020E-1;9,542747E-1;;
02/12/2021  12:47:17,006463;9,388249E-1;1,254614E-1;1,249980E-1;9,541223E-1;;
02/12/2021  12:47:17,006563;9,390664E-1;1,283286E-1;1,354238E-1;9,539478E-1;;
02/12/2021  12:47:17,006663;9,388428E-1;1,289658E-1;1,461654E-1;9,537516E-1;;
02/12/2021  12:47:17,006763;9,389233E-1;1,181340E-1;1,215227E-1;9,535343E-1;;
02/12/2021  12:47:17,006863;9,376388E-1;1,331073E-1;1,458495E-1;9,532964E-1;;
02/12/2021  12:47:17,006963;9,372782E-1;1,079395E-1;1,145722E-1;9,530387E-1;;
02/12/2021  12:47:17,007063;9,381544E-1;1,012493E-1;1,066739E-1;9,527617E-1;;
02/12/2021  12:47:17,007163;9,386431E-1;1,146297E-1;1,227865E-1;9,524664E-1;;
02/12/2021  12:47:17,007263;9,375345E-1;1,254614E-1;1,278414E-1;9,521536E-1;;
02/12/2021  12:47:17,007363;9,358238E-1;1,235499E-1;1,344760E-1;9,518245E-1;;
02/12/2021  12:47:17,007463;9,350072E-1;1,327887E-1;1,332122E-1;9,514797E-1;;
02/12/2021  12:47:17,007563;9,353261E-1;1,343816E-1;1,515363E-1;9,511200E-1;;
02/12/2021  12:47:17,007663;9,349565E-1;1,047537E-1;1,126766E-1;9,507461E-1;;
02/12/2021  12:47:17,007763;9,349267E-1;1,165411E-1;1,085695E-1;9,503587E-1;;
02/12/2021  12:47:17,007863;9,336780E-1;1,076209E-1;1,047783E-1;9,499587E-1;;
02/12/2021  12:47:17,007963;9,328971E-1;1,327887E-1;1,313166E-1;9,495467E-1;;
02/12/2021  12:47:17,008063;9,335975E-1;1,257800E-1;1,278414E-1;9,491234E-1;;
02/12/2021  12:47:17,008163;9,333084E-1;1,139925E-1;1,202590E-1;9,486897E-1;;
02/12/2021  12:47:17,008263;9,326498E-1;1,324701E-1;1,499566E-1;9,482462E-1;;
02/12/2021  12:47:17,008363;9,322772E-1;1,092138E-1;1,120448E-1;9,477939E-1;;
02/12/2021  12:47:17,008463;9,317706E-1;1,190898E-1;1,158360E-1;9,473335E-1;;
02/12/2021  12:47:17,008563;9,330432E-1;1,420275E-1;1,866047E-1;9,468658E-1;;
02/12/2021  12:47:17,008663;9,329955E-1;1,241871E-1;1,275255E-1;9,463917E-1;;
02/12/2021  12:47:17,008763;9,334187E-1;1,299215E-1;1,382671E-1;9,459123E-1;;
02/12/2021  12:47:17,008863;9,325186E-1;1,356559E-1;1,388990E-1;9,454287E-1;;
02/12/2021  12:47:17,008963;9,325246E-1;9,965640E-2;1,161519E-1;9,449421E-1;;
02/12/2021  12:47:17,009063;9,332876E-1;6,078964E-2;1,092014E-1;9,444535E-1;;
02/12/2021  12:47:17,009163;9,333829E-1;1,210013E-1;1,313166E-1;9,439640E-1;;
02/12/2021  12:47:17,009263;9,325484E-1;1,187712E-1;9,972343E-2;9,434748E-1;;
02/12/2021  12:47:17,009363;9,311924E-1;8,404598E-2;7,413294E-2;9,429869E-1;;
02/12/2021  12:47:17,009463;9,309123E-1;1,079395E-1;1,619620E-1;9,425012E-1;;
02/12/2021  12:47:17,009563;9,308526E-1;1,455319E-1;1,648054E-1;9,420182E-1;;
02/12/2021  12:47:17,009663;9,307603E-1;1,382046E-1;1,322644E-1;9,415387E-1;;
02/12/2021  12:47:17,009763;9,298423E-1;1,267357E-1;1,202590E-1;9,410632E-1;;
02/12/2021  12:47:17,009863;9,281942E-1;1,165411E-1;1,231024E-1;9,405921E-1;;
02/12/2021  12:47:17,009963;9,279558E-1;1,194084E-1;1,120448E-1;9,401257E-1;;
02/12/2021  12:47:17,010063;9,280780E-1;1,388417E-1;1,385831E-1;9,396641E-1;;
02/12/2021  12:47:17,010163;9,281197E-1;1,334259E-1;1,325804E-1;9,392073E-1;;
02/12/2021  12:47:17,010263;9,277889E-1;1,229127E-1;1,193112E-1;9,387556E-1;;
02/12/2021  12:47:17,010363;9,259352E-1;1,117624E-1;1,193112E-1;9,383090E-1;;
02/12/2021  12:47:17,010463;9,258487E-1;1,404346E-1;1,401627E-1;9,378676E-1;;
02/12/2021  12:47:17,010563;9,269216E-1;1,362931E-1;1,373193E-1;9,374312E-1;;
02/12/2021  12:47:17,010663;9,268173E-1;1,203641E-1;1,221546E-1;9,369999E-1;;
02/12/2021  12:47:17,010763;9,268620E-1;1,436204E-1;1,373193E-1;9,365739E-1;;
02/12/2021  12:47:17,010863;9,265074E-1;1,152668E-1;1,142563E-1;9,361532E-1;;
02/12/2021  12:47:17,010963;9,269395E-1;1,388417E-1;1,373193E-1;9,357383E-1;;
02/12/2021  12:47:17,011063;9,280452E-1;1,350188E-1;1,490088E-1;9,353293E-1;;
02/12/2021  12:47:17,011163;9,281257E-1;1,248242E-1;1,224705E-1;9,349268E-1;;
02/12/2021  12:47:17,011263;9,274104E-1;1,238685E-1;1,534319E-1;9,345312E-1;;
02/12/2021  12:47:17,011363;9,275028E-1;9,615202E-2;1,025668E-1;9,341430E-1;;
02/12/2021  12:47:17,011463;9,285399E-1;1,280100E-1;1,338441E-1;9,337628E-1;;
02/12/2021  12:47:17,011563;9,290645E-1;1,232313E-1;1,212068E-1;9,333909E-1;;
02/12/2021  12:47:17,011663;9,296367E-1;1,267357E-1;1,246821E-1;9,330281E-1;;
02/12/2021  12:47:17,011763;9,290972E-1;1,394789E-1;1,401627E-1;9,326751E-1;;
02/12/2021  12:47:17,011863;9,293595E-1;1,327887E-1;1,265777E-1;9,323324E-1;;
02/12/2021  12:47:17,011963;9,300390E-1;1,139925E-1;1,392149E-1;9,320008E-1;;
02/12/2021  12:47:17,012063;9,308795E-1;1,162226E-1;1,224705E-1;9,316807E-1;;
02/12/2021  12:47:17,012163;9,314010E-1;1,159040E-1;1,227865E-1;9,313728E-1;;
02/12/2021  12:47:17,012263;9,306112E-1;1,353374E-1;1,319485E-1;9,310779E-1;;
02/12/2021  12:47:17,012363;9,301851E-1;1,213198E-1;1,199431E-1;9,307966E-1;;
02/12/2021  12:47:17,012463;9,313533E-1;1,340630E-1;1,341600E-1;9,305292E-1;;
02/12/2021  12:47:17,012563;9,316096E-1;1,206827E-1;1,199431E-1;9,302762E-1;;
02/12/2021  12:47:17,012663;9,321610E-1;1,458505E-1;1,518522E-1;9,300379E-1;;
02/12/2021  12:47:17,012763;9,319792E-1;1,327887E-1;1,297370E-1;9,298148E-1;;
02/12/2021  12:47:17,012863;9,314487E-1;1,283286E-1;1,313166E-1;9,296072E-1;;
02/12/2021  12:47:17,012963;9,330759E-1;1,608238E-1;1,505885E-1;9,294153E-1;;
02/12/2021  12:47:17,013063;9,333233E-1;1,372488E-1;1,338441E-1;9,292394E-1;;
02/12/2021  12:47:17,013163;9,331952E-1;1,461691E-1;1,423743E-1;9,290797E-1;;
02/12/2021  12:47:17,013263;9,324501E-1;1,311958E-1;1,357397E-1;9,289365E-1;;
02/12/2021  12:47:17,013363;9,330610E-1;1,168597E-1;1,486929E-1;9,288097E-1;;
02/12/2021  12:47:17,013463;9,339641E-1;1,009307E-1;9,087734E-2;9,286993E-1;;
02/12/2021  12:47:17,013563;9,347062E-1;1,152668E-1;1,262617E-1;9,286054E-1;;
02/12/2021  12:47:17,013663;9,348671E-1;1,264171E-1;1,319485E-1;9,285279E-1;;
02/12/2021  12:47:17,013763;9,351353E-1;1,130368E-1;1,265777E-1;9,284669E-1;;
02/12/2021  12:47:17,013863;9,352784E-1;1,445762E-1;1,392149E-1;9,284225E-1;;
02/12/2021  12:47:17,013963;9,364973E-1;1,321516E-1;1,003553E-1;9,283946E-1;;
02/12/2021  12:47:17,014063;9,378772E-1;1,410718E-1;1,322644E-1;9,283833E-1;;
02/12/2021  12:47:17,014163;9,380769E-1;1,350188E-1;1,275255E-1;9,283887E-1;;
02/12/2021  12:47:17,014263;9,377103E-1;1,331073E-1;1,234183E-1;9,284110E-1;;
02/12/2021  12:47:17,014363;9,379726E-1;1,245056E-1;1,202590E-1;9,284502E-1;;
02/12/2021  12:47:17,014463;9,393256E-1;1,267357E-1;1,044624E-1;9,285063E-1;;
02/12/2021  12:47:17,014563;9,396952E-1;1,394789E-1;1,325804E-1;9,285793E-1;;
02/12/2021  12:47:17,014663;9,393703E-1;1,254614E-1;1,237343E-1;9,286691E-1;;
02/12/2021  12:47:17,014763;9,391647E-1;1,264171E-1;1,291051E-1;9,287756E-1;;
02/12/2021  12:47:17,014863;9,396624E-1;1,340630E-1;1,291051E-1;9,288985E-1;;
02/12/2021  12:47:17,014963;9,404224E-1;1,331073E-1;1,322644E-1;9,290375E-1;;
02/12/2021  12:47:17,015063;9,408605E-1;1,270543E-1;1,133085E-1;9,291922E-1;;
02/12/2021  12:47:17,015163;9,395939E-1;1,353374E-1;8,361090E-2;9,293623E-1;;
02/12/2021  12:47:17,015263;9,388041E-1;1,433019E-1;1,420583E-1;9,295471E-1;;
02/12/2021  12:47:17,015363;9,388518E-1;1,397975E-1;1,240502E-1;9,297460E-1;;
02/12/2021  12:47:17,015463;9,386312E-1;1,410718E-1;1,436380E-1;9,299578E-1;;
02/12/2021  12:47:17,015563;9,390723E-1;1,401161E-1;1,253139E-1;9,301816E-1;;
02/12/2021  12:47:17,015663;9,386312E-1;1,605052E-1;1,600664E-1;9,304164E-1;;
02/12/2021  12:47:17,015763;9,379487E-1;1,468062E-1;1,442698E-1;9,306611E-1;;
02/12/2021  12:47:17,015863;9,390544E-1;1,369303E-1;1,278414E-1;9,309145E-1;;
02/12/2021  12:47:17,015963;9,400946E-1;1,206827E-1;1,240502E-1;9,311755E-1;;
02/12/2021  12:47:17,016063;9,400767E-1;1,044351E-1;1,088855E-1;9,314434E-1;;
02/12/2021  12:47:17,016163;9,397012E-1;1,123996E-1;1,025668E-1;9,317173E-1;;
02/12/2021  12:47:17,016263;9,396863E-1;1,340630E-1;1,512204E-1;9,319964E-1;;
02/12/2021  12:47:17,016363;9,401512E-1;1,123996E-1;1,164678E-1;9,322799E-1;;
02/12/2021  12:47:17,016463;9,413314E-1;1,002936E-1;1,069899E-1;9,325669E-1;;
02/12/2021  12:47:17,016563;9,417337E-1;1,178155E-1;1,297370E-1;9,328570E-1;;
02/12/2021  12:47:17,016663;9,411794E-1;1,264171E-1;1,278414E-1;9,331495E-1;;
02/12/2021  12:47:17,016763;9,413135E-1;8,563888E-2;1,095173E-1;9,334440E-1;;
02/12/2021  12:47:17,016863;9,416592E-1;8,532030E-2;1,041465E-1;9,337400E-1;;
02/12/2021  12:47:17,016963;9,423834E-1;1,034794E-1;1,107811E-1;9,340369E-1;;
02/12/2021  12:47:17,017063;9,420675E-1;1,190898E-1;1,265777E-1;9,343343E-1;;
02/12/2021  12:47:17,017163;9,411198E-1;1,098510E-1;1,164678E-1;9,346318E-1;;
02/12/2021  12:47:17,017263;9,410900E-1;1,025236E-1;9,340479E-2;9,349287E-1;;
02/12/2021  12:47:17,017363;9,414118E-1;9,678918E-2;4,949025E-2;9,352246E-1;;
02/12/2021  12:47:17,017463;9,424371E-1;1,139925E-1;1,234183E-1;9,355187E-1;;
02/12/2021  12:47:17,017563;9,421003E-1;9,073616E-2;1,069899E-1;9,358107E-1;;
02/12/2021  12:47:17,017663;9,416264E-1;5,887816E-2;1,000394E-1;9,361000E-1;;
02/12/2021  12:47:17,017763;9,415430E-1;9,105474E-2;9,719598E-2;9,363863E-1;;
02/12/2021  12:47:17,017863;9,424579E-1;9,137332E-2;1,240502E-1;9,366691E-1;;
02/12/2021  12:47:17,017963;9,427828E-1;1,171783E-1;1,231024E-1;9,369479E-1;;
02/12/2021  12:47:17,018063;9,426993E-1;1,245056E-1;1,313166E-1;9,372226E-1;;
02/12/2021  12:47:17,018163;9,430987E-1;7,257710E-2;7,128955E-2;9,374928E-1;;
02/12/2021  12:47:17,018263;9,430689E-1;1,178155E-1;1,262617E-1;9,377584E-1;;
02/12/2021  12:47:17,018363;9,439034E-1;1,703812E-1;1,749153E-1;9,380193E-1;;
02/12/2021  12:47:17,018463;9,445203E-1;1,331073E-1;1,281573E-1;9,382753E-1;;
02/12/2021  12:47:17,018563;9,444935E-1;1,429833E-1;1,262617E-1;9,385266E-1;;
02/12/2021  12:47:17,018663;9,436024E-1;1,512664E-1;1,379512E-1;9,387733E-1;;
02/12/2021  12:47:17,018763;9,443415E-1;1,802571E-1;1,531159E-1;9,390152E-1;;
02/12/2021  12:47:17,018863;9,450538E-1;1,726112E-1;1,360556E-1;9,392525E-1;;
02/12/2021  12:47:17,018963;9,454651E-1;1,525407E-1;1,205749E-1;9,394852E-1;;
02/12/2021  12:47:17,019063;9,441656E-1;1,410718E-1;1,392149E-1;9,397134E-1;;
02/12/2021  12:47:17,019163;9,435875E-1;1,455319E-1;1,398468E-1;9,399372E-1;;
02/12/2021  12:47:17,019263;9,434265E-1;9,870066E-2;9,024547E-2;9,401564E-1;;
02/12/2021  12:47:17,019363;9,441299E-1;1,324701E-1;1,193112E-1;9,403707E-1;;
02/12/2021  12:47:17,019463;9,437693E-1;2,064856E-2;7,887192E-2;9,405800E-1;;
02/12/2021  12:47:17,019563;9,428394E-1;9,169190E-2;1,073058E-1;9,407840E-1;;
02/12/2021  12:47:17,019663;9,414268E-1;1,264171E-1;1,186794E-1;9,409825E-1;;
02/12/2021  12:47:17,019763;9,418559E-1;1,076209E-1;1,379512E-1;9,411749E-1;;
02/12/2021  12:47:17,019863;9,416443E-1;1,184526E-1;1,363715E-1;9,413608E-1;;
02/12/2021  12:47:17,019963;9,413075E-1;1,222756E-1;1,272095E-1;9,415395E-1;;
02/12/2021  12:47:17,020063;9,399455E-1;1,311958E-1;1,297370E-1;9,417106E-1;;
02/12/2021  12:47:17,020163;9,398055E-1;8,850610E-2;1,240502E-1;9,418736E-1;;
02/12/2021  12:47:17,020263;9,401840E-1;1,746276E-2;7,350108E-2;9,420276E-1;;
02/12/2021  12:47:17,020363;9,405237E-1;1,178155E-1;1,224705E-1;9,421723E-1;;
02/12/2021  12:47:17,020463;9,407562E-1;1,273729E-1;1,325804E-1;9,423072E-1;;
02/12/2021  12:47:17,020563;9,401810E-1;9,264764E-2;1,079377E-1;9,424322E-1;;
02/12/2021  12:47:17,020663;9,396177E-1;1,273729E-1;1,022509E-1;9,425468E-1;;
02/12/2021  12:47:17,020763;9,403628E-1;1,229127E-1;1,360556E-1;9,426511E-1;;
02/12/2021  12:47:17,020863;9,409290E-1;1,283286E-1;1,297370E-1;9,427448E-1;;
02/12/2021  12:47:17,020963;9,410184E-1;1,222756E-1;1,499566E-1;9,428280E-1;;
02/12/2021  12:47:17,021063;9,392303E-1;1,276914E-1;1,234183E-1;9,429009E-1;;
02/12/2021  12:47:17,021163;9,389412E-1;1,162226E-1;9,372073E-2;9,429634E-1;;
02/12/2021  12:47:17,021263;9,388220E-1;7,799296E-2;7,981972E-2;9,430155E-1;;
02/12/2021  12:47:17,021363;9,383779E-1;1,305587E-1;1,360556E-1;9,430570E-1;;
02/12/2021  12:47:17,021463;9,376865E-1;1,391603E-1;1,502726E-1;9,430879E-1;;
02/12/2021  12:47:17,021563;9,373169E-1;1,267357E-1;1,231024E-1;9,431080E-1;;
02/12/2021  12:47:17,021663;9,358864E-1;1,114439E-1;1,117289E-1;9,431171E-1;;
02/12/2021  12:47:17,021763;9,359490E-1;9,009900E-2;1,174156E-1;9,431150E-1;;
02/12/2021  12:47:17,021863;9,363394E-1;1,366117E-1;1,344760E-1;9,431012E-1;;
02/12/2021  12:47:17,021963;9,352844E-1;9,647060E-2;8,898175E-2;9,430758E-1;;
02/12/2021  12:47:17,022063;9,338508E-1;1,225942E-1;1,581709E-1;9,430384E-1;;
02/12/2021  12:47:17,022163;9,333531E-1;1,245056E-1;1,215227E-1;9,429888E-1;;
02/12/2021  12:47:17,022263;9,338896E-1;2,001140E-2;9,245700E-2;9,429267E-1;;
02/12/2021  12:47:17,022363;9,333591E-1;1,206827E-1;1,180475E-1;9,428519E-1;;
02/12/2021  12:47:17,022463;9,333203E-1;1,152668E-1;1,101492E-1;9,427641E-1;;
02/12/2021  12:47:17,022563;9,320179E-1;3,434750E-2;8,582243E-2;9,426635E-1;;
02/12/2021  12:47:17,022663;9,316216E-1;1,254614E-1;1,335282E-1;9,425498E-1;;
02/12/2021  12:47:17,022763;9,319196E-1;1,340630E-1;1,310007E-1;9,424230E-1;;
02/12/2021  12:47:17,022863;9,315888E-1;1,229127E-1;1,303688E-1;9,422831E-1;;
02/12/2021  12:47:17,022963;9,303371E-1;1,257800E-1;1,287892E-1;9,421302E-1;;
02/12/2021  12:47:17,023063;9,291539E-1;1,143111E-1;1,104651E-1;9,419642E-1;;
02/12/2021  12:47:17,023163;9,291598E-1;1,321516E-1;1,392149E-1;9,417852E-1;;
02/12/2021  12:47:17,023263;9,294012E-1;5,346230E-2;7,286922E-2;9,415931E-1;;
02/12/2021  12:47:17,023363;9,283313E-1;1,178155E-1;1,265777E-1;9,413879E-1;;
02/12/2021  12:47:17,023463;9,275564E-1;1,203641E-1;1,215227E-1;9,411697E-1;;
02/12/2021  12:47:17,023563;9,266296E-1;1,260985E-1;1,262617E-1;9,409385E-1;;
02/12/2021  12:47:17,023663;9,270915E-1;8,086018E-2;6,718244E-2;9,406945E-1;;
02/12/2021  12:47:17,023763;9,280094E-1;1,216384E-1;1,208909E-1;9,404376E-1;;
02/12/2021  12:47:17,023863;9,281644E-1;1,165411E-1;1,221546E-1;9,401684E-1;;
02/12/2021  12:47:17,023963;9,271392E-1;1,267357E-1;1,385831E-1;9,398873E-1;;
02/12/2021  12:47:17,024063;9,264358E-1;1,350188E-1;1,328963E-1;9,395950E-1;;
02/12/2021  12:47:17,024163;9,275028E-1;1,210013E-1;1,227865E-1;9,392919E-1;;
02/12/2021  12:47:17,024263;9,276578E-1;1,098510E-1;1,395309E-1;9,389787E-1;;
02/12/2021  12:47:17,024363;9,282657E-1;1,302401E-1;1,341600E-1;9,386563E-1;;
02/12/2021  12:47:17,024463;9,275952E-1;1,190898E-1;1,310007E-1;9,383254E-1;;
02/12/2021  12:47:17,024563;9,279141E-1;1,213198E-1;1,196272E-1;9,379872E-1;;
02/12/2021  12:47:17,024663;9,283611E-1;1,268406E-2;6,813023E-2;9,376426E-1;;
02/12/2021  12:47:17,024763;9,289304E-1;1,197269E-1;1,297370E-1;9,372927E-1;;
02/12/2021  12:47:17,024863;9,286174E-1;1,238685E-1;1,291051E-1;9,369385E-1;;
02/12/2021  12:47:17,024963;9,278992E-1;1,267357E-1;1,262617E-1;9,365813E-1;;
02/12/2021  12:47:17,025063;9,272346E-1;2,925022E-2;8,455870E-2;9,362221E-1;;
02/12/2021  12:47:17,025163;9,274760E-1;1,283286E-1;1,565912E-1;9,358618E-1;;
02/12/2021  12:47:17,025263;9,278723E-1;1,238685E-1;1,303688E-1;9,355011E-1;;
02/12/2021  12:47:17,025363;9,276548E-1;1,273729E-1;1,193112E-1;9,351409E-1;;
02/12/2021  12:47:17,025463;9,268292E-1;1,159040E-1;1,180475E-1;9,347820E-1;;
02/12/2021  12:47:17,025563;9,259113E-1;1,245056E-1;1,256299E-1;9,344251E-1;;
02/12/2021  12:47:17,025663;9,270379E-1;1,337445E-1;1,404787E-1;9,340707E-1;;
02/12/2021  12:47:17,025763;9,269932E-1;1,417090E-1;1,430061E-1;9,337195E-1;;
02/12/2021  12:47:17,025863;9,276220E-1;1,041165E-1;1,202590E-1;9,333719E-1;;
02/12/2021  12:47:17,025963;9,266415E-1;1,133553E-1;1,180475E-1;9,330287E-1;;
02/12/2021  12:47:17,026063;9,262838E-1;1,114439E-1;1,016190E-1;9,326905E-1;;
02/12/2021  12:47:17,026163;9,278068E-1;1,347002E-1;1,300529E-1;9,323578E-1;;
02/12/2021  12:47:17,026263;9,282270E-1;1,305587E-1;1,256299E-1;9,320310E-1;;
02/12/2021  12:47:17,026363;9,288201E-1;1,302401E-1;1,265777E-1;9,317110E-1;;
02/12/2021  12:47:17,026463;9,280243E-1;8,181592E-2;1,139404E-1;9,313986E-1;;
02/12/2021  12:47:17,026563;9,289095E-1;1,245056E-1;1,262617E-1;9,310943E-1;;
02/12/2021  12:47:17,026663;9,302894E-1;1,165411E-1;1,458495E-1;9,307989E-1;;
02/12/2021  12:47:17,026763;9,311566E-1;1,178155E-1;1,186794E-1;9,305133E-1;;
02/12/2021  12:47:17,026863;9,306351E-1;1,104881E-1;1,092014E-1;9,302384E-1;;
02/12/2021  12:47:17,026963;9,298840E-1;1,076209E-1;1,272095E-1;9,299750E-1;;
02/12/2021  12:47:17,027063;9,301046E-1;1,315144E-1;1,310007E-1;9,297237E-1;;
02/12/2021  12:47:17,027163;9,311388E-1;1,528593E-1;1,616461E-1;9,294852E-1;;
02/12/2021  12:47:17,027263;9,311060E-1;1,222756E-1;1,117289E-1;9,292598E-1;;
02/12/2021  12:47:17,027363;9,305844E-1;1,216384E-1;1,231024E-1;9,290481E-1;;
02/12/2021  12:47:17,027463;9,299794E-1;1,232313E-1;1,354238E-1;9,288504E-1;;
02/12/2021  12:47:17,027563;9,310136E-1;1,299215E-1;1,313166E-1;9,286669E-1;;
02/12/2021  12:47:17,027663;9,319911E-1;1,213198E-1;1,101492E-1;9,284976E-1;;
02/12/2021  12:47:17,027763;9,320477E-1;1,149482E-1;9,561632E-2;9,283429E-1;;
02/12/2021  12:47:17,027863;9,326527E-1;1,493549E-1;1,433221E-1;9,282030E-1;;
02/12/2021  12:47:17,027963;9,320090E-1;1,452133E-1;1,370034E-1;9,280781E-1;;
02/12/2021  12:47:17,028063;9,328792E-1;1,225942E-1;1,114129E-1;9,279684E-1;;
02/12/2021  12:47:17,028163;9,342353E-1;8,723178E-2;9,688005E-2;9,278739E-1;;
02/12/2021  12:47:17,028263;9,352784E-1;1,050723E-1;1,041465E-1;9,277949E-1;;
02/12/2021  12:47:17,028363;9,351592E-1;1,378860E-1;1,303688E-1;9,277316E-1;;
02/12/2021  12:47:17,028463;9,352903E-1;1,197269E-1;1,050943E-1;9,276846E-1;;
02/12/2021  12:47:17,028563;9,372573E-1;1,315144E-1;1,123607E-1;9,276539E-1;;
02/12/2021  12:47:17,028663;9,381633E-1;1,286472E-1;1,534319E-1;9,276399E-1;;
02/12/2021  12:47:17,028763;9,386282E-1;1,286472E-1;1,265777E-1;9,276430E-1;;
02/12/2021  12:47:17,028863;9,378355E-1;1,353374E-1;1,275255E-1;9,276637E-1;;
02/12/2021  12:47:17,028963;9,384345E-1;1,238685E-1;1,224705E-1;9,277022E-1;;
02/12/2021  12:47:17,029063;9,395790E-1;1,073023E-1;1,357397E-1;9,277586E-1;;
02/12/2021  12:47:17,029163;9,398859E-1;1,225942E-1;1,174156E-1;9,278329E-1;;
02/12/2021  12:47:17,029263;9,403449E-1;1,350188E-1;1,354238E-1;9,279254E-1;;
02/12/2021  12:47:17,029363;9,396892E-1;1,098510E-1;1,095173E-1;9,280359E-1;;
02/12/2021  12:47:17,029463;9,399157E-1;1,149482E-1;1,177316E-1;9,281643E-1;;
02/12/2021  12:47:17,029563;9,410870E-1;1,404346E-1;1,452176E-1;9,283104E-1;;
02/12/2021  12:47:17,029663;9,421748E-1;1,299215E-1;1,376353E-1;9,284739E-1;;
02/12/2021  12:47:17,029763;9,427053E-1;1,168597E-1;1,341600E-1;9,286544E-1;;
02/12/2021  12:47:17,029863;9,422970E-1;9,710776E-2;1,076217E-1;9,288520E-1;;
02/12/2021  12:47:17,029963;9,428215E-1;1,085766E-1;1,164678E-1;9,290663E-1;;
02/12/2021  12:47:17,030063;9,439213E-1;1,203641E-1;1,313166E-1;9,292970E-1;;
02/12/2021  12:47:17,030163;9,445173E-1;9,806350E-2;1,088855E-1;9,295437E-1;;
02/12/2021  12:47:17,030263;9,445382E-1;1,009307E-1;1,208909E-1;9,298061E-1;;
02/12/2021  12:47:17,030363;9,440524E-1;9,519628E-2;1,095173E-1;9,300839E-1;;
02/12/2021  12:47:17,030463;9,443623E-1;4,390490E-2;6,560278E-2;9,303765E-1;;
02/12/2021  12:47:17,030563;9,456945E-1;1,057094E-1;1,196272E-1;9,306834E-1;;
02/12/2021  12:47:17,030663;9,457512E-1;8,532030E-2;1,044624E-1;9,310039E-1;;
02/12/2021  12:47:17,030763;9,456498E-1;8,914326E-2;8,677022E-2;9,313374E-1;;
02/12/2021  12:47:17,030863;9,450538E-1;7,958586E-2;1,212068E-1;9,316834E-1;;
02/12/2021  12:47:17,030963;9,446455E-1;1,028422E-1;1,231024E-1;9,320411E-1;;
02/12/2021  12:47:17,031063;9,453995E-1;7,990444E-2;9,624818E-2;9,324093E-1;;
02/12/2021  12:47:17,031163;9,454949E-1;9,774492E-2;1,155200E-1;9,327872E-1;;
02/12/2021  12:47:17,031263;9,450597E-1;9,360338E-2;1,069899E-1;9,331739E-1;;
02/12/2021  12:47:17,031363;9,450776E-1;1,229127E-1;1,193112E-1;9,335681E-1;;
02/12/2021  12:47:17,031463;9,457631E-1;1,318330E-1;1,420583E-1;9,339690E-1;;
02/12/2021  12:47:17,031563;9,460432E-1;8,946184E-2;1,009872E-1;9,343754E-1;;
02/12/2021  12:47:17,031663;9,468151E-1;1,388417E-1;1,328963E-1;9,347864E-1;;
02/12/2021  12:47:17,031763;9,469761E-1;1,483991E-1;1,414265E-1;9,352012E-1;;
02/12/2021  12:47:17,031863;9,464098E-1;1,627352E-1;1,515363E-1;9,356190E-1;;
02/12/2021  12:47:17,031963;9,474619E-1;1,480806E-1;1,202590E-1;9,360390E-1;;
02/12/2021  12:47:17,032063;9,484722E-1;1,757970E-1;1,436380E-1;9,364604E-1;;
02/12/2021  12:47:17,032163;9,488835E-1;1,859916E-1;1,635417E-1;9,368828E-1;;
02/12/2021  12:47:17,032263;9,486391E-1;1,595494E-1;1,521681E-1;9,373055E-1;;
02/12/2021  12:47:17,032363;9,485497E-1;1,557265E-1;1,524841E-1;9,377281E-1;;
02/12/2021  12:47:17,032463;9,500398E-1;1,468062E-1;1,268936E-1;9,381502E-1;;
02/12/2021  12:47:17,032563;9,505345E-1;1,369303E-1;1,294210E-1;9,385713E-1;;
02/12/2021  12:47:17,032663;9,500845E-1;1,292843E-1;1,291051E-1;9,389912E-1;;
02/12/2021  12:47:17,032763;9,502782E-1;1,340630E-1;1,385831E-1;9,394095E-1;;
02/12/2021  12:47:17,032863;9,493692E-1;1,302401E-1;1,205749E-1;9,398259E-1;;
02/12/2021  12:47:17,032963;9,505226E-1;1,216384E-1;1,281573E-1;9,402399E-1;;
02/12/2021  12:47:17,033063;9,514435E-1;1,385232E-1;1,572231E-1;9,406511E-1;;
02/12/2021  12:47:17,033163;9,515240E-1;1,382046E-1;1,341600E-1;9,410593E-1;;
02/12/2021  12:47:17,033263;9,509637E-1;1,254614E-1;1,180475E-1;9,414641E-1;;
02/12/2021  12:47:17,033363;9,509727E-1;1,225942E-1;1,278414E-1;9,418653E-1;;
02/12/2021  12:47:17,033463;9,520456E-1;1,165411E-1;1,328963E-1;9,422625E-1;;
02/12/2021  12:47:17,033563;9,523346E-1;1,426647E-1;1,455336E-1;9,426555E-1;;
02/12/2021  12:47:17,033663;9,523913E-1;1,257800E-1;1,259458E-1;9,430442E-1;;
02/12/2021  12:47:17,033763;9,520158E-1;1,280100E-1;1,243661E-1;9,434283E-1;;
02/12/2021  12:47:17,033863;9,517863E-1;1,283286E-1;1,332122E-1;9,438076E-1;;
02/12/2021  12:47:17,033963;9,524837E-1;1,391603E-1;1,467973E-1;9,441818E-1;;
02/12/2021  12:47:17,034063;9,530678E-1;1,413904E-1;1,392149E-1;9,445507E-1;;
02/12/2021  12:47:17,034163;9,516760E-1;1,241871E-1;1,648054E-1;9,449141E-1;;
02/12/2021  12:47:17,034263;9,511217E-1;1,362931E-1;1,363715E-1;9,452716E-1;;
02/12/2021  12:47:17,034363;9,501799E-1;1,254614E-1;1,246821E-1;9,456228E-1;;
02/12/2021  12:47:17,034463;9,515777E-1;1,305587E-1;1,385831E-1;9,459671E-1;;
02/12/2021  12:47:17,034563;9,506061E-1;1,318330E-1;1,278414E-1;9,463040E-1;;
02/12/2021  12:47:17,034663;9,497567E-1;1,286472E-1;1,303688E-1;9,466329E-1;;
02/12/2021  12:47:17,034763;9,480520E-1;1,471248E-1;1,913437E-1;9,469531E-1;;
02/12/2021  12:47:17,034863;9,472562E-1;1,002936E-1;1,284732E-1;9,472639E-1;;
02/12/2021  12:47:17,034963;9,468837E-1;1,388417E-1;1,638576E-1;9,475641E-1;;
02/12/2021  12:47:17,035063;9,466125E-1;1,053908E-1;1,110970E-1;9,478527E-1;;
02/12/2021  12:47:17,035163;9,446455E-1;9,519628E-2;9,972343E-2;9,481288E-1;;
02/12/2021  12:47:17,035263;9,433818E-1;1,369303E-1;1,142563E-1;9,483911E-1;;
02/12/2021  12:47:17,035363;9,434414E-1;1,420275E-1;1,420583E-1;9,486384E-1;;
02/12/2021  12:47:17,035463;9,426815E-1;8,054160E-2;9,593225E-2;9,488694E-1;;
02/12/2021  12:47:17,035563;9,420824E-1;1,267357E-1;1,265777E-1;9,490831E-1;;
02/12/2021  12:47:17,035663;9,416294E-1;1,458505E-1;1,512204E-1;9,492783E-1;;
02/12/2021  12:47:17,035763;9,402167E-1;1,617795E-1;1,622780E-1;9,494540E-1;;
02/12/2021  12:47:17,035863;9,403866E-1;1,203641E-1;1,076217E-1;9,496094E-1;;
02/12/2021  12:47:17,035963;9,412151E-1;1,178155E-1;1,297370E-1;9,497435E-1;;
02/12/2021  12:47:17,036063;9,410691E-1;1,232313E-1;1,227865E-1;9,498558E-1;;
02/12/2021  12:47:17,036163;9,403598E-1;1,397975E-1;1,379512E-1;9,499460E-1;;
02/12/2021  12:47:17,036263;9,398979E-1;1,442576E-1;1,357397E-1;9,500139E-1;;
02/12/2021  12:47:17,036363;9,411287E-1;1,439390E-1;1,385831E-1;9,500593E-1;;
02/12/2021  12:47:17,036463;9,417158E-1;1,235499E-1;1,120448E-1;9,500825E-1;;
02/12/2021  12:47:17,036563;9,414297E-1;1,152668E-1;1,000394E-1;9,500837E-1;;
02/12/2021  12:47:17,036663;9,399098E-1;1,353374E-1;1,360556E-1;9,500635E-1;;
02/12/2021  12:47:17,036763;9,387415E-1;1,190898E-1;1,199431E-1;9,500224E-1;;
02/12/2021  12:47:17,036863;9,390753E-1;1,130368E-1;1,101492E-1;9,499607E-1;;
02/12/2021  12:47:17,036963;9,383123E-1;1,264171E-1;1,158360E-1;9,498788E-1;;
02/12/2021  12:47:17,037063;9,368639E-1;1,547707E-1;1,474292E-1;9,497769E-1;;
02/12/2021  12:47:17,037163;9,354065E-1;1,286472E-1;1,395309E-1;9,496553E-1;;
02/12/2021  12:47:17,037263;9,340773E-1;1,149482E-1;1,114129E-1;9,495141E-1;;
02/12/2021  12:47:17,037363;9,341489E-1;1,356559E-1;1,467973E-1;9,493531E-1;;
02/12/2021  12:47:17,037463;9,343009E-1;1,474434E-1;1,790224E-1;9,491725E-1;;
02/12/2021  12:47:17,037563;9,329776E-1;1,200455E-1;1,231024E-1;9,489723E-1;;
02/12/2021  12:47:17,037663;9,317020E-1;1,426647E-1;1,145722E-1;9,487527E-1;;
02/12/2021  12:47:17,037763;9,309570E-1;1,251428E-1;1,215227E-1;9,485137E-1;;
02/12/2021  12:47:17,037863;9,324680E-1;1,235499E-1;1,060421E-1;9,482556E-1;;
02/12/2021  12:47:17,037963;9,331713E-1;1,487177E-1;1,458495E-1;9,479785E-1;;
02/12/2021  12:47:17,038063;9,335200E-1;1,369303E-1;1,360556E-1;9,476832E-1;;
02/12/2021  12:47:17,038163;9,330402E-1;1,127182E-1;1,234183E-1;9,473707E-1;;
02/12/2021  12:47:17,038263;9,336720E-1;1,206827E-1;1,202590E-1;9,470419E-1;;
02/12/2021  12:47:17,038363;9,347896E-1;1,420275E-1;1,303688E-1;9,466981E-1;;
02/12/2021  12:47:17,038463;9,351562E-1;1,347002E-1;1,316326E-1;9,463406E-1;;
02/12/2021  12:47:17,038563;9,347449E-1;1,197269E-1;1,300529E-1;9,459709E-1;;
02/12/2021  12:47:17,038663;9,340267E-1;1,273729E-1;1,167838E-1;9,455906E-1;;
02/12/2021  12:47:17,038763;9,338568E-1;1,327887E-1;1,335282E-1;9,452012E-1;;
02/12/2021  12:47:17,038863;9,346317E-1;1,308772E-1;1,297370E-1;9,448039E-1;;
02/12/2021  12:47:17,038963;9,345393E-1;1,149482E-1;1,155200E-1;9,444001E-1;;
02/12/2021  12:47:17,039063;9,341876E-1;1,152668E-1;1,208909E-1;9,439912E-1;;
02/12/2021  12:47:17,039163;9,337555E-1;1,241871E-1;1,215227E-1;9,435786E-1;;
02/12/2021  12:47:17,039263;9,334843E-1;1,385232E-1;1,543797E-1;9,431634E-1;;
02/12/2021  12:47:17,039363;9,344469E-1;1,216384E-1;1,196272E-1;9,427469E-1;;
02/12/2021  12:47:17,039463;9,337465E-1;1,248242E-1;1,234183E-1;9,423301E-1;;
02/12/2021  12:47:17,039563;9,335915E-1;1,270543E-1;1,202590E-1;9,419142E-1;;
02/12/2021  12:47:17,039663;9,329001E-1;1,165411E-1;1,022509E-1;9,415002E-1;;
02/12/2021  12:47:17,039763;9,331952E-1;1,296029E-1;1,502726E-1;9,410890E-1;;
02/12/2021  12:47:17,039863;9,343634E-1;9,073616E-2;1,186794E-1;9,406814E-1;;
02/12/2021  12:47:17,039963;9,347270E-1;1,069837E-1;1,123607E-1;9,402784E-1;;
02/12/2021  12:47:17,040063;9,341161E-1;1,267357E-1;1,268936E-1;9,398810E-1;;
02/12/2021  12:47:17,040163;9,343575E-1;1,127182E-1;1,076217E-1;9,394901E-1;;
02/12/2021  12:47:17,040263;9,357195E-1;1,308772E-1;1,332122E-1;9,391067E-1;;
02/12/2021  12:47:17,040363;9,364169E-1;1,044351E-1;1,092014E-1;9,387317E-1;;
02/12/2021  12:47:17,040463;9,370308E-1;1,359745E-1;1,328963E-1;9,383663E-1;;
02/12/2021  12:47:17,040563;9,360771E-1;1,401161E-1;1,306848E-1;9,380115E-1;;
02/12/2021  12:47:17,040663;9,355734E-1;1,162226E-1;1,145722E-1;9,376684E-1;;
02/12/2021  12:47:17,040763;9,365003E-1;9,041758E-2;8,076751E-2;9,373376E-1;;
02/12/2021  12:47:17,040863;9,372603E-1;1,283286E-1;1,123607E-1;9,370199E-1;;
02/12/2021  12:47:17,040963;9,375762E-1;1,254614E-1;1,328963E-1;9,367160E-1;;
02/12/2021  12:47:17,041063;9,361784E-1;1,219570E-1;1,231024E-1;9,364266E-1;;
02/12/2021  12:47:17,041163;9,356122E-1;1,251428E-1;1,208909E-1;9,361521E-1;;
02/12/2021  12:47:17,041263;9,361844E-1;1,280100E-1;1,142563E-1;9,358929E-1;;
02/12/2021  12:47:17,041363;9,367447E-1;9,997498E-2;1,145722E-1;9,356489E-1;;
02/12/2021  12:47:17,041463;9,354065E-1;1,283286E-1;1,259458E-1;9,354204E-1;;
02/12/2021  12:47:17,041563;9,343307E-1;1,267357E-1;1,363715E-1;9,352073E-1;;
02/12/2021  12:47:17,041663;9,335021E-1;1,178155E-1;1,006712E-1;9,350093E-1;;
02/12/2021  12:47:17,041763;9,337584E-1;5,919674E-2;1,076217E-1;9,348257E-1;;
02/12/2021  12:47:17,041863;9,337227E-1;1,697440E-1;1,948190E-1;9,346561E-1;;
02/12/2021  12:47:17,041963;9,330998E-1;1,417090E-1;1,404787E-1;9,344997E-1;;
02/12/2021  12:47:17,042063;9,314845E-1;1,222756E-1;1,268936E-1;9,343558E-1;;
02/12/2021  12:47:17,042163;9,311417E-1;1,267357E-1;1,256299E-1;9,342235E-1;;
02/12/2021  12:47:17,042263;9,319911E-1;1,302401E-1;1,300529E-1;9,341019E-1;;
02/12/2021  12:47:17,042363;9,317706E-1;1,267357E-1;1,322644E-1;9,339899E-1;;
02/12/2021  12:47:17,042463;9,314636E-1;1,222756E-1;1,227865E-1;9,338867E-1;;
02/12/2021  12:47:17,042563;9,304324E-1;1,111253E-1;1,082536E-1;9,337915E-1;;
02/12/2021  12:47:17,042663;9,302238E-1;1,088952E-1;1,392149E-1;9,337033E-1;;
02/12/2021  12:47:17,042763;9,313444E-1;1,544522E-1;1,780746E-1;9,336213E-1;;
02/12/2021  12:47:17,042863;9,315292E-1;9,997498E-2;1,107811E-1;9,335447E-1;;
02/12/2021  12:47:17,042963;9,308646E-1;9,009900E-2;1,101492E-1;9,334728E-1;;
02/12/2021  12:47:17,043063;9,305397E-1;1,028422E-1;1,117289E-1;9,334051E-1;;
02/12/2021  12:47:17,043163;9,306500E-1;1,060280E-1;1,186794E-1;9,333409E-1;;
02/12/2021  12:47:17,043263;9,310493E-1;1,088952E-1;1,272095E-1;9,332797E-1;;
02/12/2021  12:47:17,043363;9,318630E-1;9,232906E-2;1,186794E-1;9,332211E-1;;
02/12/2021  12:47:17,043463;9,310225E-1;8,372740E-2;1,031987E-1;9,331647E-1;;
02/12/2021  12:47:17,043563;9,310791E-1;1,037979E-1;1,152041E-1;9,331103E-1;;
02/12/2021  12:47:17,043663;9,307454E-1;7,385142E-2;7,255328E-2;9,330575E-1;;
02/12/2021  12:47:17,043763;9,320418E-1;8,946184E-2;1,013031E-1;9,330060E-1;;
02/12/2021  12:47:17,043863;9,321133E-1;9,487770E-2;1,123607E-1;9,329558E-1;;
02/12/2021  12:47:17,043963;9,321640E-1;1,047537E-1;1,193112E-1;9,329068E-1;;
02/12/2021  12:47:17,044063;9,306500E-1;5,282514E-2;9,150920E-2;9,328590E-1;;
02/12/2021  12:47:17,044163;9,310106E-1;8,340882E-2;1,019350E-1;9,328123E-1;;
02/12/2021  12:47:17,044263;9,326527E-1;6,875414E-2;9,782784E-2;9,327665E-1;;
02/12/2021  12:47:17,044363;9,323041E-1;1,108067E-1;1,208909E-1;9,327216E-1;;
02/12/2021  12:47:17,044463;9,316543E-1;1,264171E-1;1,319485E-1;9,326777E-1;;
02/12/2021  12:47:17,044563;9,309927E-1;9,296622E-2;1,253139E-1;9,326348E-1;;
02/12/2021  12:47:17,044663;9,315977E-1;1,413904E-1;1,332122E-1;9,325929E-1;;
02/12/2021  12:47:17,044763;9,325842E-1;1,541336E-1;1,357397E-1;9,325519E-1;;
02/12/2021  12:47:17,044863;9,331862E-1;1,382046E-1;1,281573E-1;9,325119E-1;;
02/12/2021  12:47:17,044963;9,324829E-1;1,684697E-1;1,433221E-1;9,324730E-1;;
02/12/2021  12:47:17,045063;9,325276E-1;1,598680E-1;1,449017E-1;9,324356E-1;;
02/12/2021  12:47:17,045163;9,333859E-1;1,382046E-1;1,319485E-1;9,323997E-1;;
02/12/2021  12:47:17,045263;9,342144E-1;1,515849E-1;1,284732E-1;9,323657E-1;;
02/12/2021  12:47:17,045363;9,347390E-1;1,324701E-1;1,275255E-1;9,323338E-1;;
02/12/2021  12:47:17,045463;9,344797E-1;1,299215E-1;1,341600E-1;9,323045E-1;;
02/12/2021  12:47:17,045563;9,347032E-1;1,159040E-1;1,202590E-1;9,322782E-1;;
02/12/2021  12:47:17,045663;9,358327E-1;1,241871E-1;1,325804E-1;9,322555E-1;;
02/12/2021  12:47:17,045763;9,369265E-1;1,270543E-1;1,038306E-1;9,322366E-1;;
02/12/2021  12:47:17,045863;9,365093E-1;1,168597E-1;1,237343E-1;9,322223E-1;;
02/12/2021  12:47:17,045963;9,365063E-1;1,130368E-1;1,164678E-1;9,322131E-1;;
02/12/2021  12:47:17,046063;9,361993E-1;9,647060E-2;9,308886E-2;9,322095E-1;;
02/12/2021  12:47:17,046163;9,374033E-1;1,289658E-1;1,256299E-1;9,322118E-1;;
02/12/2021  12:47:17,046263;9,385955E-1;1,592309E-1;1,824976E-1;9,322205E-1;;
02/12/2021  12:47:17,046363;9,389918E-1;1,347002E-1;1,300529E-1;9,322361E-1;;
02/12/2021  12:47:17,046463;9,382259E-1;1,143111E-1;1,679647E-1;9,322591E-1;;
02/12/2021  12:47:17,046563;9,380829E-1;1,229127E-1;1,278414E-1;9,322899E-1;;
02/12/2021  12:47:17,046663;9,393227E-1;1,280100E-1;1,316326E-1;9,323288E-1;;
02/12/2021  12:47:17,046763;9,396922E-1;1,149482E-1;1,152041E-1;9,323760E-1;;
02/12/2021  12:47:17,046863;9,399843E-1;1,225942E-1;1,249980E-1;9,324320E-1;;
02/12/2021  12:47:17,046963;9,390455E-1;2,128572E-2;6,465498E-2;9,324968E-1;;
02/12/2021  12:47:17,047063;9,389293E-1;1,385232E-1;1,398468E-1;9,325707E-1;;
02/12/2021  12:47:17,047163;9,409231E-1;1,356559E-1;1,265777E-1;9,326536E-1;;
02/12/2021  12:47:17,047263;9,411377E-1;1,152668E-1;1,231024E-1;9,327455E-1;;
02/12/2021  12:47:17,047363;9,413493E-1;1,308772E-1;1,534319E-1;9,328466E-1;;
02/12/2021  12:47:17,047463;9,407681E-1;1,283286E-1;1,287892E-1;9,329569E-1;;
02/12/2021  12:47:17,047563;9,405416E-1;1,299215E-1;1,442698E-1;9,330766E-1;;
02/12/2021  12:47:17,047663;9,415251E-1;7,448858E-2;1,076217E-1;9,332053E-1;;
02/12/2021  12:47:17,047763;9,416175E-1;1,057094E-1;1,145722E-1;9,333430E-1;;
02/12/2021  12:47:17,047863;9,420705E-1;1,162226E-1;1,787064E-1;9,334894E-1;;
02/12/2021  12:47:17,047963;9,412718E-1;1,331073E-1;1,398468E-1;9,336445E-1;;
02/12/2021  12:47:17,048063;9,415668E-1;8,309024E-2;1,126766E-1;9,338078E-1;;
02/12/2021  12:47:17,048163;9,426010E-1;1,296029E-1;1,322644E-1;9,339791E-1;;
02/12/2021  12:47:17,048263;9,421331E-1;1,378860E-1;1,357397E-1;9,341580E-1;;
02/12/2021  12:47:17,048363;9,422702E-1;8,340882E-2;5,359736E-2;9,343443E-1;;
02/12/2021  12:47:17,048463;9,418052E-1;1,493549E-1;1,600664E-1;9,345374E-1;;
02/12/2021  12:47:17,048563;9,415400E-1;1,413904E-1;1,360556E-1;9,347371E-1;;
02/12/2021  12:47:17,048663;9,426278E-1;1,245056E-1;9,688005E-2;9,349425E-1;;
02/12/2021  12:47:17,048763;9,422165E-1;1,308772E-1;1,347919E-1;9,351534E-1;;
02/12/2021  12:47:17,048863;9,421271E-1;1,088952E-1;1,076217E-1;9,353690E-1;;
02/12/2021  12:47:17,048963;9,414208E-1;1,315144E-1;1,388990E-1;9,355890E-1;;
02/12/2021  12:47:17,049063;9,419096E-1;1,060280E-1;1,142563E-1;9,358125E-1;;
02/12/2021  12:47:17,049163;9,430302E-1;6,270112E-2;7,634447E-2;9,360390E-1;;
02/12/2021  12:47:17,049263;9,423417E-1;1,315144E-1;1,259458E-1;9,362680E-1;;
02/12/2021  12:47:17,049363;9,425652E-1;1,232313E-1;1,268936E-1;9,364989E-1;;
02/12/2021  12:47:17,049463;9,413969E-1;1,114439E-1;1,101492E-1;9,367312E-1;;
02/12/2021  12:47:17,049563;9,421718E-1;8,117876E-2;1,388990E-1;9,369642E-1;;
02/12/2021  12:47:17,049663;9,426964E-1;1,993719E-1;1,730197E-1;9,371975E-1;;
02/12/2021  12:47:17,049763;9,430778E-1;1,165411E-1;1,212068E-1;9,374304E-1;;
02/12/2021  12:47:17,049863;9,428394E-1;1,245056E-1;1,259458E-1;9,376625E-1;;
02/12/2021  12:47:17,049963;9,421688E-1;1,585937E-1;1,698603E-1;9,378934E-1;;
02/12/2021  12:47:17,050063;9,434563E-1;1,254614E-1;1,328963E-1;9,381228E-1;;
02/12/2021  12:47:17,050163;9,443683E-1;1,439390E-1;1,404787E-1;9,383502E-1;;
02/12/2021  12:47:17,050263;9,448183E-1;1,382046E-1;1,249980E-1;9,385756E-1;;
02/12/2021  12:47:17,050363;9,444875E-1;1,350188E-1;1,635417E-1;9,387988E-1;;
02/12/2021  12:47:17,050463;9,447617E-1;1,178155E-1;1,325804E-1;9,390198E-1;;
02/12/2021  12:47:17,050563;9,457780E-1;1,302401E-1;1,177316E-1;9,392387E-1;;
02/12/2021  12:47:17,050663;9,470744E-1;1,560451E-1;1,698603E-1;9,394555E-1;;
02/12/2021  12:47:17,050763;9,475870E-1;1,213198E-1;1,161519E-1;9,396705E-1;;
02/12/2021  12:47:17,050863;9,472175E-1;1,923632E-1;1,847091E-1;9,398841E-1;;
02/12/2021  12:47:17,050963;9,475840E-1;1,433019E-1;1,411105E-1;9,400966E-1;;
02/12/2021  12:47:17,051063;9,497418E-1;1,433019E-1;1,256299E-1;9,403085E-1;;
02/12/2021  12:47:17,051163;9,511843E-1;1,028422E-1;1,215227E-1;9,405201E-1;;
02/12/2021  12:47:17,051263;9,518220E-1;1,210013E-1;1,221546E-1;9,407323E-1;;
02/12/2021  12:47:17,051363;9,522929E-1;1,136739E-1;1,133085E-1;9,409459E-1;;
02/12/2021  12:47:17,051463;9,523197E-1;1,095324E-1;1,095173E-1;9,411618E-1;;
02/12/2021  12:47:17,051563;9,537563E-1;1,413904E-1;1,471132E-1;9,413807E-1;;
02/12/2021  12:47:17,051663;9,549961E-1;1,184526E-1;1,240502E-1;9,416035E-1;;
02/12/2021  12:47:17,051763;9,553448E-1;1,321516E-1;1,398468E-1;9,418309E-1;;
02/12/2021  12:47:17,051863;9,556368E-1;1,238685E-1;1,303688E-1;9,420640E-1;;
02/12/2021  12:47:17,051963;9,560481E-1;1,216384E-1;1,253139E-1;9,423034E-1;;
02/12/2021  12:47:17,052063;9,585992E-1;1,022050E-1;1,376353E-1;9,425499E-1;;
02/12/2021  12:47:17,052163;9,595410E-1;1,321516E-1;1,306848E-1;9,428043E-1;;
02/12/2021  12:47:17,052263;9,599553E-1;1,385232E-1;1,464814E-1;9,430675E-1;;
02/12/2021  12:47:17,052363;9,591834E-1;1,474434E-1;1,423743E-1;9,433404E-1;;
02/12/2021  12:47:17,052463;9,599016E-1;7,894870E-2;7,508074E-2;9,436237E-1;;
02/12/2021  12:47:17,052563;9,610639E-1;1,190898E-1;1,155200E-1;9,439178E-1;;
02/12/2021  12:47:17,052663;9,623425E-1;1,299215E-1;1,325804E-1;9,442233E-1;;
02/12/2021  12:47:17,052763;9,623395E-1;1,321516E-1;1,401627E-1;9,445404E-1;;
02/12/2021  12:47:17,052863;9,621696E-1;1,493549E-1;1,569071E-1;9,448698E-1;;
02/12/2021  12:47:17,052963;9,626465E-1;1,350188E-1;1,281573E-1;9,452115E-1;;
02/12/2021  12:47:17,053063;9,633737E-1;9,838208E-2;1,088855E-1;9,455658E-1;;
02/12/2021  12:47:17,053163;9,638595E-1;1,493549E-1;1,401627E-1;9,459325E-1;;
02/12/2021  12:47:17,053263;9,634214E-1;1,168597E-1;1,183634E-1;9,463116E-1;;
02/12/2021  12:47:17,053363;9,629207E-1;1,254614E-1;1,328963E-1;9,467029E-1;;
02/12/2021  12:47:17,053463;9,630786E-1;1,229127E-1;1,246821E-1;9,471060E-1;;
02/12/2021  12:47:17,053563;9,634124E-1;1,280100E-1;1,202590E-1;9,475202E-1;;
02/12/2021  12:47:17,053663;9,637701E-1;1,245056E-1;1,316326E-1;9,479449E-1;;
02/12/2021  12:47:17,053763;9,634959E-1;1,401161E-1;1,284732E-1;9,483793E-1;;
02/12/2021  12:47:17,053863;9,626912E-1;1,452133E-1;1,452176E-1;9,488228E-1;;
02/12/2021  12:47:17,053963;9,635316E-1;1,216384E-1;1,268936E-1;9,492742E-1;;
02/12/2021  12:47:17,054063;9,643065E-1;1,353374E-1;1,088855E-1;9,497328E-1;;
02/12/2021  12:47:17,054163;9,648758E-1;1,267357E-1;1,300529E-1;9,501975E-1;;
02/12/2021  12:47:17,054263;9,638952E-1;1,203641E-1;1,291051E-1;9,506675E-1;;
02/12/2021  12:47:17,054363;9,629922E-1;1,267357E-1;1,167838E-1;9,511420E-1;;
02/12/2021  12:47:17,054463;9,635346E-1;1,302401E-1;1,297370E-1;9,516199E-1;;
02/12/2021  12:47:17,054563;9,644734E-1;1,528593E-1;2,125112E-1;9,521000E-1;;
02/12/2021  12:47:17,054663;9,641605E-1;1,283286E-1;1,265777E-1;9,525814E-1;;
02/12/2021  12:47:17,054763;9,635316E-1;1,413904E-1;1,354238E-1;9,530630E-1;;
02/12/2021  12:47:17,054863;9,631055E-1;5,505520E-2;8,455870E-2;9,535438E-1;;
02/12/2021  12:47:17,054963;9,633618E-1;1,248242E-1;1,060421E-1;9,540228E-1;;
02/12/2021  12:47:17,055063;9,643840E-1;1,585937E-1;1,891322E-1;9,544987E-1;;
02/12/2021  12:47:17,055163;9,639519E-1;1,232313E-1;1,177316E-1;9,549708E-1;;
02/12/2021  12:47:17,055263;9,633945E-1;1,053908E-1;7,602853E-2;9,554380E-1;;
02/12/2021  12:47:17,055363;9,628462E-1;1,296029E-1;1,275255E-1;9,558994E-1;;
02/12/2021  12:47:17,055463;9,635048E-1;1,318330E-1;1,278414E-1;9,563542E-1;;
02/12/2021  12:47:17,055563;9,636896E-1;1,057094E-1;1,221546E-1;9,568013E-1;;
02/12/2021  12:47:17,055663;9,632127E-1;1,082581E-1;1,218387E-1;9,572400E-1;;
02/12/2021  12:47:17,055763;9,626405E-1;1,117624E-1;1,272095E-1;9,576694E-1;;
02/12/2021  12:47:17,055863;9,630101E-1;1,012493E-1;1,079377E-1;9,580888E-1;;
02/12/2021  12:47:17,055963;9,631412E-1;1,130368E-1;1,148882E-1;9,584975E-1;;
02/12/2021  12:47:17,056063;9,636210E-1;9,647060E-2;1,076217E-1;9,588947E-1;;
02/12/2021  12:47:17,056163;9,628730E-1;1,445762E-1;1,575390E-1;9,592800E-1;;
02/12/2021  12:47:17,056263;9,622501E-1;1,178155E-1;1,133085E-1;9,596528E-1;;
02/12/2021  12:47:17,056363;9,609418E-1;1,200455E-1;1,325804E-1;9,600126E-1;;
02/12/2021  12:47:17,056463;9,616362E-1;8,563888E-2;1,313166E-1;9,603586E-1;;
02/12/2021  12:47:17,056563;9,612308E-1;1,066652E-1;1,180475E-1;9,606903E-1;;
02/12/2021  12:47:17,056663;9,607033E-1;1,165411E-1;1,291051E-1;9,610070E-1;;
02/12/2021  12:47:17,056763;9,592936E-1;8,914326E-2;1,000394E-1;9,613081E-1;;
02/12/2021  12:47:17,056863;9,586350E-1;2,319720E-2;8,266311E-2;9,615930E-1;;
02/12/2021  12:47:17,056963;9,589330E-1;8,468314E-2;1,044624E-1;9,618609E-1;;
02/12/2021  12:47:17,057063;9,588734E-1;1,073023E-1;1,212068E-1;9,621112E-1;;
02/12/2021  12:47:17,057163;9,582654E-1;2,861306E-2;7,697633E-2;9,623434E-1;;
02/12/2021  12:47:17,057263;9,574131E-1;1,222756E-1;1,682807E-1;9,625571E-1;;
02/12/2021  12:47:17,057363;9,576128E-1;1,053908E-1;1,142563E-1;9,627516E-1;;
02/12/2021  12:47:17,057463;9,582535E-1;1,060280E-1;1,540637E-1;9,629268E-1;;
02/12/2021  12:47:17,057563;9,582654E-1;1,190898E-1;1,284732E-1;9,630825E-1;;
02/12/2021  12:47:17,057663;9,578154E-1;7,385142E-2;7,350108E-2;9,632186E-1;;
02/12/2021  12:47:17,057763;9,568438E-1;1,270543E-1;1,319485E-1;9,633353E-1;;
02/12/2021  12:47:17,057863;9,574012E-1;1,420275E-1;1,430061E-1;9,634326E-1;;
02/12/2021  12:47:17,057963;9,580330E-1;1,474434E-1;1,335282E-1;9,635107E-1;;
02/12/2021  12:47:17,058063;9,574578E-1;1,611423E-1;1,464814E-1;9,635698E-1;;
02/12/2021  12:47:17,058163;9,573475E-1;1,426647E-1;1,193112E-1;9,636105E-1;;
02/12/2021  12:47:17,058263;9,561554E-1;1,598680E-1;1,243661E-1;9,636331E-1;;
02/12/2021  12:47:17,058363;9,563372E-1;1,041165E-1;1,888163E-1;9,636380E-1;;
02/12/2021  12:47:17,058463;9,560928E-1;1,098510E-1;1,158360E-1;9,636256E-1;;
02/12/2021  12:47:17,058563;9,558484E-1;1,468062E-1;1,518522E-1;9,635963E-1;;
02/12/2021  12:47:17,058663;9,554342E-1;1,407532E-1;1,379512E-1;9,635504E-1;;
02/12/2021  12:47:17,058763;9,543523E-1;2,287862E-2;8,045158E-2;9,634885E-1;;
02/12/2021  12:47:17,058863;9,548172E-1;-3,287288E-2;4,696279E-2;9,634108E-1;;
02/12/2021  12:47:17,058963;9,545937E-1;1,229127E-1;1,196272E-1;9,633178E-1;;
02/12/2021  12:47:17,059063;9,538218E-1;1,098510E-1;1,041465E-1;9,632100E-1;;
02/12/2021  12:47:17,059163;9,524747E-1;1,439390E-1;1,610142E-1;9,630876E-1;;
02/12/2021  12:47:17,059263;9,519144E-1;1,350188E-1;1,328963E-1;9,629511E-1;;
02/12/2021  12:47:17,059363;9,515180E-1;1,280100E-1;1,167838E-1;9,628006E-1;;
02/12/2021  12:47:17,059463;9,516551E-1;1,872659E-1;2,014535E-1;9,626363E-1;;
02/12/2021  12:47:17,059563;9,503557E-1;9,551486E-2;1,025668E-1;9,624585E-1;;
02/12/2021  12:47:17,059663;9,494825E-1;-6,090792E-2;6,718244E-2;9,622672E-1;;
02/12/2021  12:47:17,059763;9,485616E-1;1,283286E-1;1,265777E-1;9,620627E-1;;
02/12/2021  12:47:17,059863;9,484096E-1;9,806350E-2;9,561632E-2;9,618450E-1;;
02/12/2021  12:47:17,059963;9,479625E-1;1,139925E-1;1,287892E-1;9,616141E-1;;
02/12/2021  12:47:17,060063;9,468390E-1;1,178155E-1;1,183634E-1;9,613701E-1;;
02/12/2021  12:47:17,060163;9,455634E-1;1,499920E-1;1,436380E-1;9,611131E-1;;
02/12/2021  12:47:17,060263;9,452713E-1;7,926728E-2;6,749837E-2;9,608430E-1;;
02/12/2021  12:47:17,060363;9,448004E-1;1,178155E-1;1,202590E-1;9,605598E-1;;
02/12/2021  12:47:17,060463;9,442402E-1;1,245056E-1;1,294210E-1;9,602634E-1;;
02/12/2021  12:47:17,060563;9,431881E-1;1,378860E-1;1,335282E-1;9,599539E-1;;
02/12/2021  12:47:17,060663;9,421003E-1;1,280100E-1;1,218387E-1;9,596313E-1;;
02/12/2021  12:47:17,060763;9,417814E-1;1,241871E-1;1,224705E-1;9,592955E-1;;
02/12/2021  12:47:17,060863;9,419841E-1;1,385232E-1;1,515363E-1;9,589467E-1;;
02/12/2021  12:47:17,060963;9,418500E-1;1,136739E-1;1,278414E-1;9,585847E-1;;
02/12/2021  12:47:17,061063;9,403956E-1;1,327887E-1;1,373193E-1;9,582101E-1;;
02/12/2021  12:47:17,061163;9,401899E-1;1,213198E-1;1,249980E-1;9,578229E-1;;
02/12/2021  12:47:17,061263;9,400588E-1;4,613496E-2;7,792413E-2;9,574234E-1;;
02/12/2021  12:47:17,061363;9,399902E-1;1,155854E-1;1,142563E-1;9,570120E-1;;
02/12/2021  12:47:17,061463;9,398293E-1;1,382046E-1;1,325804E-1;9,565892E-1;;
02/12/2021  12:47:17,061563;9,385567E-1;1,337445E-1;1,360556E-1;9,561554E-1;;
02/12/2021  12:47:17,061663;9,380590E-1;1,041165E-1;1,268936E-1;9,557111E-1;;
02/12/2021  12:47:17,061763;9,376298E-1;1,219570E-1;1,256299E-1;9,552568E-1;;
02/12/2021  12:47:17,061863;9,382378E-1;1,499920E-1;1,606983E-1;9,547930E-1;;
02/12/2021  12:47:17,061963;9,373408E-1;1,184526E-1;1,177316E-1;9,543203E-1;;
02/12/2021  12:47:17,062063;9,373408E-1;1,139925E-1;1,139404E-1;9,538391E-1;;
02/12/2021  12:47:17,062163;9,360712E-1;1,340630E-1;1,341600E-1;9,533503E-1;;
02/12/2021  12:47:17,062263;9,358089E-1;1,372488E-1;1,388990E-1;9,528544E-1;;
02/12/2021  12:47:17,062363;9,362112E-1;1,079395E-1;1,050943E-1;9,523520E-1;;
02/12/2021  12:47:17,062463;9,350340E-1;1,232313E-1;1,268936E-1;9,518436E-1;;
02/12/2021  12:47:17,062563;9,341787E-1;1,222756E-1;1,212068E-1;9,513299E-1;;
02/12/2021  12:47:17,062663;9,330909E-1;1,292843E-1;1,354238E-1;9,508114E-1;;
02/12/2021  12:47:17,062763;9,324233E-1;1,133553E-1;1,259458E-1;9,502883E-1;;
02/12/2021  12:47:17,062863;9,323219E-1;1,123996E-1;8,961361E-2;9,497611E-1;;
02/12/2021  12:47:17,062963;9,313265E-1;1,413904E-1;1,328963E-1;9,492299E-1;;
02/12/2021  12:47:17,063063;9,298900E-1;1,165411E-1;1,237343E-1;9,486951E-1;;
02/12/2021  12:47:17,063163;9,285429E-1;1,238685E-1;1,240502E-1;9,481567E-1;;
02/12/2021  12:47:17,063263;9,281167E-1;1,028422E-1;1,284732E-1;9,476147E-1;;
02/12/2021  12:47:17,063363;9,273597E-1;1,168597E-1;1,306848E-1;9,470690E-1;;
02/12/2021  12:47:17,063463;9,266176E-1;1,095324E-1;1,177316E-1;9,465195E-1;;
02/12/2021  12:47:17,063563;9,255298E-1;1,254614E-1;1,294210E-1;9,459661E-1;;
02/12/2021  12:47:17,063663;9,242572E-1;1,442576E-1;1,357397E-1;9,454087E-1;;
02/12/2021  12:47:17,063763;9,245404E-1;9,647060E-2;1,098333E-1;9,448471E-1;;
02/12/2021  12:47:17,063863;9,250679E-1;8,723178E-2;1,471132E-1;9,442811E-1;;
02/12/2021  12:47:17,063963;9,240158E-1;1,257800E-1;1,268936E-1;9,437108E-1;;
02/12/2021  12:47:17,064063;9,230145E-1;8,054160E-2;6,528685E-2;9,431364E-1;;
02/12/2021  12:47:17,064163;9,213127E-1;1,203641E-1;1,246821E-1;9,425579E-1;;
02/12/2021  12:47:17,064263;9,217538E-1;1,283286E-1;1,284732E-1;9,419754E-1;;
02/12/2021  12:47:17,064363;9,216435E-1;1,232313E-1;1,363715E-1;9,413889E-1;;
02/12/2021  12:47:17,064463;9,209908E-1;1,245056E-1;1,284732E-1;9,407984E-1;;
02/12/2021  12:47:17,064563;9,196110E-1;1,302401E-1;1,347919E-1;9,402043E-1;;
02/12/2021  12:47:17,064663;9,195812E-1;1,241871E-1;1,294210E-1;9,396066E-1;;
02/12/2021  12:47:17,064763;9,193845E-1;1,213198E-1;1,208909E-1;9,390055E-1;;
02/12/2021  12:47:17,064863;9,192235E-1;1,216384E-1;1,265777E-1;9,384012E-1;;
02/12/2021  12:47:17,064963;9,179420E-1;1,362931E-1;1,385831E-1;9,377940E-1;;
02/12/2021  12:47:17,065063;9,171164E-1;1,280100E-1;1,240502E-1;9,371843E-1;;
02/12/2021  12:47:17,065163;9,166962E-1;1,165411E-1;1,395309E-1;9,365722E-1;;
02/12/2021  12:47:17,065263;9,173161E-1;9,232906E-2;1,196272E-1;9,359579E-1;;
02/12/2021  12:47:17,065363;9,174592E-1;1,350188E-1;1,313166E-1;9,353418E-1;;
02/12/2021  12:47:17,065463;9,171850E-1;1,378860E-1;1,366875E-1;9,347243E-1;;
02/12/2021  12:47:17,065563;9,164369E-1;1,136739E-1;1,199431E-1;9,341061E-1;;
02/12/2021  12:47:17,065663;9,161657E-1;1,331073E-1;1,531159E-1;9,334877E-1;;
02/12/2021  12:47:17,065763;9,172804E-1;1,404346E-1;1,344760E-1;9,328697E-1;;
02/12/2021  12:47:17,065863;9,181387E-1;1,127182E-1;1,199431E-1;9,322528E-1;;
02/12/2021  12:47:17,065963;9,177632E-1;9,678918E-2;1,117289E-1;9,316381E-1;;
02/12/2021  12:47:17,066063;9,174920E-1;1,573194E-1;1,306848E-1;9,310264E-1;;
02/12/2021  12:47:17,066163;9,173578E-1;1,267357E-1;1,275255E-1;9,304188E-1;;
02/12/2021  12:47:17,066263;9,181715E-1;1,356559E-1;1,028828E-1;9,298162E-1;;
02/12/2021  12:47:17,066363;9,187526E-1;1,200455E-1;1,243661E-1;9,292197E-1;;
02/12/2021  12:47:17,066463;9,185500E-1;1,331073E-1;1,338441E-1;9,286303E-1;;
02/12/2021  12:47:17,066563;9,187169E-1;1,127182E-1;1,287892E-1;9,280492E-1;;
02/12/2021  12:47:17,066663;9,188838E-1;1,331073E-1;1,379512E-1;9,274775E-1;;
02/12/2021  12:47:17,066763;9,202160E-1;1,254614E-1;1,246821E-1;9,269162E-1;;
02/12/2021  12:47:17,066863;9,200997E-1;1,248242E-1;1,180475E-1;9,263665E-1;;
02/12/2021  12:47:17,066963;9,202785E-1;1,280100E-1;1,246821E-1;9,258295E-1;;
02/12/2021  12:47:17,067063;9,201653E-1;1,197269E-1;1,044624E-1;9,253064E-1;;
02/12/2021  12:47:17,067163;9,204812E-1;1,413904E-1;1,379512E-1;9,247981E-1;;
02/12/2021  12:47:17,067263;9,214051E-1;1,155854E-1;1,370034E-1;9,243057E-1;;
02/12/2021  12:47:17,067363;9,218372E-1;1,155854E-1;1,199431E-1;9,238299E-1;;
02/12/2021  12:47:17,067463;9,214707E-1;1,232313E-1;1,275255E-1;9,233719E-1;;
02/12/2021  12:47:17,067563;9,210087E-1;1,114439E-1;1,262617E-1;9,229324E-1;;
02/12/2021  12:47:17,067663;9,211756E-1;1,318330E-1;9,909157E-2;9,225120E-1;;
02/12/2021  12:47:17,067763;9,222008E-1;1,238685E-1;1,183634E-1;9,221113E-1;;
02/12/2021  12:47:17,067863;9,218134E-1;1,343816E-1;1,158360E-1;9,217308E-1;;
02/12/2021  12:47:17,067963;9,209223E-1;1,292843E-1;2,147227E-1;9,213709E-1;;
02/12/2021  12:47:17,068063;9,203381E-1;1,385232E-1;1,360556E-1;9,210317E-1;;
02/12/2021  12:47:17,068163;9,209849E-1;1,245056E-1;1,117289E-1;9,207133E-1;;
02/12/2021  12:47:17,068263;9,215869E-1;1,327887E-1;1,139404E-1;9,204155E-1;;
02/12/2021  12:47:17,068363;9,217538E-1;1,433019E-1;1,351078E-1;9,201382E-1;;
02/12/2021  12:47:17,068463;9,218223E-1;1,442576E-1;1,572231E-1;9,198815E-1;;
02/12/2021  12:47:17,068563;9,221174E-1;1,308772E-1;1,332122E-1;9,196452E-1;;
02/12/2021  12:47:17,068663;9,226658E-1;1,139925E-1;1,284732E-1;9,194292E-1;;
02/12/2021  12:47:17,068763;9,243854E-1;1,190898E-1;1,392149E-1;9,192333E-1;;
02/12/2021  12:47:17,068863;9,241887E-1;1,219570E-1;1,300529E-1;9,190577E-1;;
02/12/2021  12:47:17,068963;9,247251E-1;1,022050E-1;9,719598E-2;9,189023E-1;;
02/12/2021  12:47:17,069063;9,244718E-1;3,562182E-2;9,277293E-2;9,187673E-1;;
02/12/2021  12:47:17,069163;9,265253E-1;1,190898E-1;1,224705E-1;9,186526E-1;;
02/12/2021  12:47:17,069263;9,277233E-1;1,305587E-1;1,341600E-1;9,185583E-1;;
02/12/2021  12:47:17,069363;9,281138E-1;1,025236E-1;1,193112E-1;9,184847E-1;;
02/12/2021  12:47:17,069463;9,285936E-1;1,057094E-1;1,133085E-1;9,184319E-1;;
02/12/2021  12:47:17,069563;9,286264E-1;9,137332E-2;1,035146E-1;9,184002E-1;;
02/12/2021  12:47:17,069663;9,297291E-1;1,194084E-1;1,553275E-1;9,183898E-1;;
02/12/2021  12:47:17,069763;9,310851E-1;9,232906E-2;1,069899E-1;9,184008E-1;;
02/12/2021  12:47:17,069863;9,307722E-1;1,034794E-1;1,259458E-1;9,184333E-1;;
02/12/2021  12:47:17,069963;9,308497E-1;9,201048E-2;1,110970E-1;9,184875E-1;;
02/12/2021  12:47:17,070063;9,309003E-1;8,532030E-2;1,142563E-1;9,185632E-1;;
02/12/2021  12:47:17,070163;9,316216E-1;1,025236E-1;1,082536E-1;9,186602E-1;;
02/12/2021  12:47:17,070263;9,324799E-1;1,025236E-1;1,136244E-1;9,187783E-1;;
02/12/2021  12:47:17,070363;9,325693E-1;9,201048E-2;1,177316E-1;9,189173E-1;;
02/12/2021  12:47:17,070463;9,331117E-1;7,257710E-2;1,025668E-1;9,190767E-1;;
02/12/2021  12:47:17,070563;9,337912E-1;1,229127E-1;1,294210E-1;9,192563E-1;;
02/12/2021  12:47:17,070663;9,350131E-1;1,362931E-1;1,534319E-1;9,194557E-1;;
02/12/2021  12:47:17,070763;9,359043E-1;9,360338E-2;1,205749E-1;9,196745E-1;;
02/12/2021  12:47:17,070863;9,369801E-1;1,299215E-1;1,300529E-1;9,199126E-1;;
02/12/2021  12:47:17,070963;9,365242E-1;1,429833E-1;1,635417E-1;9,201697E-1;;
02/12/2021  12:47:17,071063;9,373795E-1;1,506292E-1;1,392149E-1;9,204457E-1;;
02/12/2021  12:47:17,071163;9,392064E-1;1,362931E-1;1,218387E-1;9,207401E-1;;
02/12/2021  12:47:17,071263;9,399992E-1;1,668768E-1;1,436380E-1;9,210527E-1;;
02/12/2021  12:47:17,071363;9,403747E-1;1,675139E-1;1,445858E-1;9,213834E-1;;
02/12/2021  12:47:17,071463;9,403419E-1;1,777085E-1;1,594346E-1;9,217320E-1;;
02/12/2021  12:47:17,071563;9,415400E-1;1,697440E-1;1,559593E-1;9,220982E-1;;
02/12/2021  12:47:17,071663;9,427202E-1;1,149482E-1;8,645429E-2;9,224817E-1;;
02/12/2021  12:47:17,071763;9,433878E-1;1,401161E-1;1,411105E-1;9,228821E-1;;
02/12/2021  12:47:17,071863;9,436024E-1;1,308772E-1;1,420583E-1;9,232993E-1;;
02/12/2021  12:47:17,071963;9,428931E-1;1,375674E-1;1,287892E-1;9,237329E-1;;
02/12/2021  12:47:17,072063;9,438795E-1;9,583344E-2;1,275255E-1;9,241823E-1;;
02/12/2021  12:47:17,072163;9,446753E-1;1,194084E-1;1,300529E-1;9,246470E-1;;
02/12/2021  12:47:17,072263;9,454412E-1;1,311958E-1;1,351078E-1;9,251263E-1;;
02/12/2021  12:47:17,072363;9,456290E-1;1,260985E-1;1,332122E-1;9,256196E-1;;
02/12/2021  12:47:17,072463;9,457571E-1;1,219570E-1;1,259458E-1;9,261262E-1;;
02/12/2021  12:47:17,072563;9,474648E-1;1,232313E-1;1,449017E-1;9,266456E-1;;
02/12/2021  12:47:17,072663;9,487017E-1;1,327887E-1;1,338441E-1;9,271770E-1;;
02/12/2021  12:47:17,072763;9,499057E-1;1,410718E-1;1,300529E-1;9,277201E-1;;
02/12/2021  12:47:17,072863;9,501948E-1;1,401161E-1;2,090359E-1;9,282745E-1;;
02/12/2021  12:47:17,072963;9,503885E-1;1,260985E-1;1,275255E-1;9,288399E-1;;
02/12/2021  12:47:17,073063;9,518071E-1;1,305587E-1;1,265777E-1;9,294159E-1;;
02/12/2021  12:47:17,073163;9,539649E-1;1,286472E-1;1,420583E-1;9,300021E-1;;
02/12/2021  12:47:17,073263;9,543970E-1;1,318330E-1;1,310007E-1;9,305984E-1;;
02/12/2021  12:47:17,073363;9,542778E-1;1,362931E-1;1,366875E-1;9,312046E-1;;
02/12/2021  12:47:17,073463;9,543791E-1;1,305587E-1;1,231024E-1;9,318205E-1;;
02/12/2021  12:47:17,073563;9,562388E-1;1,082581E-1;1,088855E-1;9,324459E-1;;
02/12/2021  12:47:17,073663;9,571985E-1;1,347002E-1;1,354238E-1;9,330802E-1;;
02/12/2021  12:47:17,073763;9,570793E-1;1,318330E-1;1,335282E-1;9,337235E-1;;
02/12/2021  12:47:17,073863;9,566203E-1;1,315144E-1;1,234183E-1;9,343752E-1;;
02/12/2021  12:47:17,073963;9,558544E-1;7,703722E-2;1,420583E-1;9,350348E-1;;
02/12/2021  12:47:17,074063;9,575114E-1;1,410718E-1;1,606983E-1;9,357017E-1;;
02/12/2021  12:47:17,074163;9,580032E-1;1,324701E-1;1,275255E-1;9,363750E-1;;
02/12/2021  12:47:17,074263;9,574101E-1;1,203641E-1;1,332122E-1;9,370539E-1;;
02/12/2021  12:47:17,074363;9,568289E-1;1,315144E-1;1,275255E-1;9,377377E-1;;
02/12/2021  12:47:17,074463;9,567157E-1;1,347002E-1;1,316326E-1;9,384253E-1;;
02/12/2021  12:47:17,074563;9,576455E-1;1,366117E-1;1,341600E-1;9,391154E-1;;
02/12/2021  12:47:17,074663;9,577350E-1;1,283286E-1;1,310007E-1;9,398071E-1;;
02/12/2021  12:47:17,074763;9,574459E-1;1,273729E-1;1,357397E-1;9,404992E-1;;
02/12/2021  12:47:17,074863;9,565100E-1;1,350188E-1;1,294210E-1;9,411906E-1;;
02/12/2021  12:47:17,074963;9,567306E-1;1,241871E-1;1,193112E-1;9,418800E-1;;
02/12/2021  12:47:17,075063;9,579495E-1;1,573194E-1;2,039810E-1;9,425660E-1;;
02/12/2021  12:47:17,075163;9,574608E-1;1,229127E-1;1,246821E-1;9,432476E-1;;
02/12/2021  12:47:17,075263;9,570167E-1;1,216384E-1;1,278414E-1;9,439235E-1;;
02/12/2021  12:47:17,075363;9,564326E-1;1,474434E-1;1,565912E-1;9,445927E-1;;
02/12/2021  12:47:17,075463;9,565637E-1;1,442576E-1;1,357397E-1;9,452538E-1;;
02/12/2021  12:47:17,075563;9,575442E-1;1,213198E-1;1,325804E-1;9,459057E-1;;
02/12/2021  12:47:17,075663;9,572432E-1;1,174969E-1;1,328963E-1;9,465473E-1;;
02/12/2021  12:47:17,075763;9,569958E-1;1,280100E-1;1,221546E-1;9,471775E-1;;
02/12/2021  12:47:17,075863;9,554282E-1;8,372740E-2;8,677022E-2;9,477955E-1;;
02/12/2021  12:47:17,075963;9,552077E-1;1,276914E-1;1,215227E-1;9,484001E-1;;
02/12/2021  12:47:17,076063;9,556547E-1;1,554079E-1;1,676488E-1;9,489901E-1;;
02/12/2021  12:47:17,076163;9,552822E-1;1,452133E-1;1,467973E-1;9,495645E-1;;
02/12/2021  12:47:17,076263;9,550318E-1;1,442576E-1;1,338441E-1;9,501223E-1;;
02/12/2021  12:47:17,076363;9,533539E-1;1,190898E-1;1,284732E-1;9,506625E-1;;
02/12/2021  12:47:17,076463;9,534940E-1;8,022302E-2;7,855599E-2;9,511840E-1;;
02/12/2021  12:47:17,076563;9,537086E-1;1,155854E-1;1,110970E-1;9,516859E-1;;
02/12/2021  12:47:17,076663;9,531572E-1;1,206827E-1;1,104651E-1;9,521671E-1;;
02/12/2021  12:47:17,076763;9,526267E-1;1,235499E-1;1,234183E-1;9,526270E-1;;
02/12/2021  12:47:17,076863;9,514495E-1;1,353374E-1;1,347919E-1;9,530647E-1;;
02/12/2021  12:47:17,076963;9,517118E-1;1,152668E-1;9,498445E-2;9,534795E-1;;
02/12/2021  12:47:17,077063;9,521052E-1;1,308772E-1;1,366875E-1;9,538705E-1;;
02/12/2021  12:47:17,077163;9,511246E-1;1,178155E-1;1,076217E-1;9,542373E-1;;
02/12/2021  12:47:17,077263;9,502246E-1;1,585937E-1;1,388990E-1;9,545794E-1;;
02/12/2021  12:47:17,077363;9,497448E-1;1,117624E-1;1,054102E-1;9,548963E-1;;
02/12/2021  12:47:17,077463;9,499146E-1;1,302401E-1;1,322644E-1;9,551876E-1;;
02/12/2021  12:47:17,077563;9,499743E-1;1,509478E-1;1,610142E-1;9,554530E-1;;
02/12/2021  12:47:17,077663;9,491338E-1;1,385232E-1;1,167838E-1;9,556921E-1;;
02/12/2021  12:47:17,077763;9,481443E-1;1,114439E-1;1,098333E-1;9,559050E-1;;
02/12/2021  12:47:17,077863;9,465707E-1;9,615202E-2;1,600664E-1;9,560915E-1;;
02/12/2021  12:47:17,077963;9,466602E-1;1,394789E-1;1,414265E-1;9,562512E-1;;
02/12/2021  12:47:17,078063;9,463234E-1;1,197269E-1;1,246821E-1;9,563841E-1;;
02/12/2021  12:47:17,078163;9,462340E-1;1,245056E-1;1,202590E-1;9,564900E-1;;
02/12/2021  12:47:17,078263;9,446455E-1;1,018865E-1;1,025668E-1;9,565688E-1;;
02/12/2021  12:47:17,078363;9,439153E-1;1,455319E-1;1,373193E-1;9,566206E-1;;
02/12/2021  12:47:17,078463;9,436322E-1;1,433019E-1;1,603824E-1;9,566454E-1;;
02/12/2021  12:47:17,078563;9,437395E-1;1,311958E-1;1,344760E-1;9,566432E-1;;
02/12/2021  12:47:17,078663;9,433550E-1;1,280100E-1;1,392149E-1;9,566141E-1;;
02/12/2021  12:47:17,078763;9,417874E-1;1,213198E-1;1,218387E-1;9,565585E-1;;
02/12/2021  12:47:17,078863;9,412450E-1;1,347002E-1;1,227865E-1;9,564767E-1;;
02/12/2021  12:47:17,078963;9,414834E-1;1,280100E-1;1,253139E-1;9,563688E-1;;
02/12/2021  12:47:17,079063;9,415877E-1;1,382046E-1;1,265777E-1;9,562354E-1;;
02/12/2021  12:47:17,079163;9,403777E-1;1,251428E-1;1,433221E-1;9,560768E-1;;
02/12/2021  12:47:17,079263;9,390783E-1;1,350188E-1;1,382671E-1;9,558937E-1;;
02/12/2021  12:47:17,079363;9,395581E-1;1,232313E-1;1,227865E-1;9,556866E-1;;
02/12/2021  12:47:17,079463;9,398770E-1;1,519035E-1;1,531159E-1;9,554561E-1;;
02/12/2021  12:47:17,079563;9,402525E-1;9,806350E-2;1,076217E-1;9,552029E-1;;
02/12/2021  12:47:17,079663;9,384763E-1;1,283286E-1;1,095173E-1;9,549279E-1;;
02/12/2021  12:47:17,079763;9,378504E-1;1,761156E-1;1,654373E-1;9,546322E-1;;
02/12/2021  12:47:17,079863;9,371888E-1;1,034794E-1;1,158360E-1;9,543165E-1;;
02/12/2021  12:47:17,079963;9,374361E-1;7,799296E-2;7,824006E-2;9,539815E-1;;
02/12/2021  12:47:17,080063;9,371560E-1;1,238685E-1;1,243661E-1;9,536282E-1;;
02/12/2021  12:47:17,080163;9,362321E-1;1,257800E-1;1,164678E-1;9,532574E-1;;
02/12/2021  12:47:17,080263;9,353142E-1;1,222756E-1;1,306848E-1;9,528700E-1;;
02/12/2021  12:47:17,080363;9,351383E-1;1,273729E-1;1,259458E-1;9,524669E-1;;
02/12/2021  12:47:17,080463;9,354512E-1;6,238254E-2;8,297904E-2;9,520488E-1;;
02/12/2021  12:47:17,080563;9,354572E-1;1,260985E-1;1,347919E-1;9,516167E-1;;
02/12/2021  12:47:17,080663;9,343634E-1;1,225942E-1;1,208909E-1;9,511716E-1;;
02/12/2021  12:47:17,080763;9,329746E-1;1,327887E-1;1,227865E-1;9,507144E-1;;
02/12/2021  12:47:17,080863;9,330670E-1;1,194084E-1;9,845971E-2;9,502460E-1;;
02/12/2021  12:47:17,080963;9,335498E-1;1,362931E-1;1,553275E-1;9,497671E-1;;
02/12/2021  12:47:17,081063;9,333174E-1;1,254614E-1;1,316326E-1;9,492787E-1;;
02/12/2021  12:47:17,081163;9,325842E-1;1,362931E-1;1,249980E-1;9,487816E-1;;
02/12/2021  12:47:17,081263;9,316931E-1;1,280100E-1;1,278414E-1;9,482769E-1;;
02/12/2021  12:47:17,081363;9,325127E-1;1,802571E-1;1,641736E-1;9,477654E-1;;
02/12/2021  12:47:17,081463;9,322802E-1;1,216384E-1;1,189953E-1;9,472480E-1;;
02/12/2021  12:47:17,081563;9,319315E-1;1,308772E-1;1,246821E-1;9,467257E-1;;
02/12/2021  12:47:17,081663;9,308288E-1;2,542726E-2;5,707262E-2;9,461995E-1;;
02/12/2021  12:47:17,081763;9,297917E-1;1,219570E-1;1,278414E-1;9,456701E-1;;
02/12/2021  12:47:17,081863;9,298751E-1;1,324701E-1;1,294210E-1;9,451383E-1;;
02/12/2021  12:47:17,081963;9,296397E-1;1,216384E-1;1,467973E-1;9,446047E-1;;
02/12/2021  12:47:17,082063;9,291837E-1;1,104881E-1;1,110970E-1;9,440699E-1;;
02/12/2021  12:47:17,082163;9,285608E-1;1,187712E-1;1,341600E-1;9,435346E-1;;
02/12/2021  12:47:17,082263;9,270975E-1;1,079395E-1;1,180475E-1;9,429992E-1;;
02/12/2021  12:47:17,082363;9,276816E-1;3,126658E-3;7,255328E-2;9,424643E-1;;
02/12/2021  12:47:17,082463;9,277323E-1;1,037979E-1;1,167838E-1;9,419301E-1;;
02/12/2021  12:47:17,082563;9,277591E-1;1,050723E-1;1,117289E-1;9,413971E-1;;
02/12/2021  12:47:17,082663;9,265759E-1;9,519628E-2;1,145722E-1;9,408659E-1;;
02/12/2021  12:47:17,082763;9,258696E-1;9,583344E-2;8,582243E-2;9,403370E-1;;
02/12/2021  12:47:17,082863;9,266385E-1;1,085766E-1;1,196272E-1;9,398106E-1;;
02/12/2021  12:47:17,082963;9,267667E-1;9,710776E-2;1,101492E-1;9,392873E-1;;
02/12/2021  12:47:17,083063;9,263941E-1;7,894870E-2;1,104651E-1;9,387674E-1;;
02/12/2021  12:47:17,083163;9,251066E-1;9,551486E-2;1,082536E-1;9,382516E-1;;
02/12/2021  12:47:17,083263;9,250321E-1;1,002936E-1;1,114129E-1;9,377401E-1;;
02/12/2021  12:47:17,083363;9,257563E-1;7,640006E-2;9,561632E-2;9,372333E-1;;
02/12/2021  12:47:17,083463;9,262838E-1;9,264764E-2;1,066739E-1;9,367316E-1;;
02/12/2021  12:47:17,083563;9,259352E-1;1,047537E-1;1,221546E-1;9,362356E-1;;
02/12/2021  12:47:17,083663;9,241470E-1;9,997498E-2;1,180475E-1;9,357458E-1;;
02/12/2021  12:47:17,083763;9,238728E-1;1,044351E-1;1,088855E-1;9,352624E-1;;
02/12/2021  12:47:17,083863;9,249129E-1;2,956880E-2;6,275939E-2;9,347859E-1;;
02/12/2021  12:47:17,083963;9,251901E-1;1,292843E-1;1,316326E-1;9,343163E-1;;
02/12/2021  12:47:17,084063;9,249278E-1;1,276914E-1;1,379512E-1;9,338541E-1;;
02/12/2021  12:47:17,084163;9,245910E-1;1,522221E-1;1,648054E-1;9,333998E-1;;
02/12/2021  12:47:17,084263;9,246983E-1;1,458505E-1;1,354238E-1;9,329538E-1;;
02/12/2021  12:47:17,084363;9,257057E-1;1,248242E-1;1,189953E-1;9,325164E-1;;
02/12/2021  12:47:17,084463;9,257265E-1;1,706997E-1;1,515363E-1;9,320880E-1;;
02/12/2021  12:47:17,084563;9,258636E-1;1,853544E-1;1,597505E-1;9,316693E-1;;
02/12/2021  12:47:17,084663;9,250202E-1;1,235499E-1;1,262617E-1;9,312608E-1;;
02/12/2021  12:47:17,084763;9,259232E-1;5,186940E-2;1,619620E-1;9,308628E-1;;
02/12/2021  12:47:17,084863;9,267279E-1;8,850610E-2;1,430061E-1;9,304759E-1;;
02/12/2021  12:47:17,084963;9,271630E-1;1,321516E-1;1,335282E-1;9,301006E-1;;
02/12/2021  12:47:17,085063;9,272375E-1;1,216384E-1;1,212068E-1;9,297375E-1;;
02/12/2021  12:47:17,085163;9,268024E-1;1,232313E-1;1,202590E-1;9,293873E-1;;
02/12/2021  12:47:17,085263;9,274670E-1;1,283286E-1;1,300529E-1;9,290503E-1;;
02/12/2021  12:47:17,085363;9,279707E-1;1,219570E-1;1,114129E-1;9,287271E-1;;
02/12/2021  12:47:17,085463;9,280363E-1;1,305587E-1;1,395309E-1;9,284181E-1;;
02/12/2021  12:47:17,085563;9,274849E-1;1,159040E-1;1,208909E-1;9,281239E-1;;
02/12/2021  12:47:17,085663;9,267607E-1;1,139925E-1;1,215227E-1;9,278447E-1;;
02/12/2021  12:47:17,085763;9,271750E-1;1,114439E-1;9,814378E-2;9,275806E-1;;
02/12/2021  12:47:17,085863;9,275803E-1;5,664810E-2;8,297904E-2;9,273317E-1;;
02/12/2021  12:47:17,085963;9,286353E-1;8,914326E-2;8,708615E-2;9,270980E-1;;
02/12/2021  12:47:17,086063;9,282389E-1;1,347002E-1;1,335282E-1;9,268797E-1;;
02/12/2021  12:47:17,086163;9,272048E-1;1,197269E-1;1,265777E-1;9,266767E-1;;
02/12/2021  12:47:17,086263;9,283999E-1;1,034794E-1;1,449017E-1;9,264892E-1;;
02/12/2021  12:47:17,086363;9,295205E-1;1,292843E-1;1,515363E-1;9,263169E-1;;
02/12/2021  12:47:17,086463;9,294370E-1;1,139925E-1;1,186794E-1;9,261600E-1;;
02/12/2021  12:47:17,086563;9,299228E-1;7,703722E-2;7,286922E-2;9,260185E-1;;
02/12/2021  12:47:17,086663;9,288976E-1;1,088952E-1;1,464814E-1;9,258925E-1;;
02/12/2021  12:47:17,086763;9,298662E-1;1,433019E-1;1,272095E-1;9,257819E-1;;
02/12/2021  12:47:17,086863;9,312162E-1;1,117624E-1;1,287892E-1;9,256865E-1;;
02/12/2021  12:47:17,086963;9,318034E-1;1,238685E-1;1,253139E-1;9,256065E-1;;
02/12/2021  12:47:17,087063;9,322683E-1;8,340882E-2;1,035146E-1;9,255418E-1;;
02/12/2021  12:47:17,087163;9,328882E-1;1,340630E-1;1,262617E-1;9,254928E-1;;
02/12/2021  12:47:17,087263;9,334395E-1;1,280100E-1;1,493248E-1;9,254595E-1;;
02/12/2021  12:47:17,087363;9,351443E-1;1,101695E-1;1,136244E-1;9,254422E-1;;
02/12/2021  12:47:17,087463;9,352337E-1;1,362931E-1;1,480610E-1;9,254412E-1;;
02/12/2021  12:47:17,087563;9,346227E-1;1,276914E-1;1,363715E-1;9,254567E-1;;
02/12/2021  12:47:17,087663;9,345750E-1;6,015248E-2;8,929768E-2;9,254889E-1;;
02/12/2021  12:47:17,087763;9,351115E-1;8,500172E-2;6,844617E-2;9,255377E-1;;
02/12/2021  12:47:17,087863;9,364646E-1;1,149482E-1;1,278414E-1;9,256031E-1;;
02/12/2021  12:47:17,087963;9,362768E-1;1,356559E-1;1,543797E-1;9,256850E-1;;
02/12/2021  12:47:17,088063;9,358685E-1;1,270543E-1;1,291051E-1;9,257832E-1;;
02/12/2021  12:47:17,088163;9,364169E-1;1,210013E-1;1,161519E-1;9,258975E-1;;
02/12/2021  12:47:17,088263;9,374212E-1;1,286472E-1;1,262617E-1;9,260276E-1;;
02/12/2021  12:47:17,088363;9,379636E-1;1,369303E-1;1,366875E-1;9,261733E-1;;
02/12/2021  12:47:17,088463;9,383421E-1;1,343816E-1;1,177316E-1;9,263342E-1;;
02/12/2021  12:47:17,088563;9,377431E-1;2,192288E-2;5,802041E-2;9,265103E-1;;
02/12/2021  12:47:17,088663;9,385448E-1;1,168597E-1;1,224705E-1;9,267010E-1;;
02/12/2021  12:47:17,088763;9,393346E-1;1,146297E-1;1,306848E-1;9,269059E-1;;
02/12/2021  12:47:17,088863;9,398472E-1;1,401161E-1;1,338441E-1;9,271248E-1;;
02/12/2021  12:47:17,088963;9,399098E-1;1,037979E-1;1,057261E-1;9,273572E-1;;
02/12/2021  12:47:17,089063;9,402555E-1;6,429402E-2;8,266311E-2;9,276027E-1;;
02/12/2021  12:47:17,089163;9,405535E-1;1,232313E-1;1,253139E-1;9,278610E-1;;
02/12/2021  12:47:17,089263;9,417069E-1;1,394789E-1;1,385831E-1;9,281315E-1;;
02/12/2021  12:47:17,089363;9,416413E-1;1,350188E-1;1,354238E-1;9,284139E-1;;
02/12/2021  12:47:17,089463;9,408963E-1;1,194084E-1;1,313166E-1;9,287077E-1;;
02/12/2021  12:47:17,089563;9,398204E-1;1,232313E-1;1,126766E-1;9,290124E-1;;
02/12/2021  12:47:17,089663;9,399187E-1;1,264171E-1;1,423743E-1;9,293271E-1;;
02/12/2021  12:47:17,089763;9,412599E-1;1,439390E-1;1,546956E-1;9,296509E-1;;
02/12/2021  12:47:17,089863;9,410691E-1;1,222756E-1;1,249980E-1;9,299828E-1;;
02/12/2021  12:47:17,089963;9,406489E-1;1,311958E-1;1,341600E-1;9,303221E-1;;
02/12/2021  12:47:17,090063;9,402525E-1;1,289658E-1;1,335282E-1;9,306678E-1;;
02/12/2021  12:47:17,090163;9,407383E-1;9,816838E-3;4,822652E-2;9,310190E-1;;
02/12/2021  12:47:17,090263;9,417516E-1;1,388417E-1;1,325804E-1;9,313747E-1;;
02/12/2021  12:47:17,090363;9,424788E-1;1,229127E-1;1,268936E-1;9,317340E-1;;
02/12/2021  12:47:17,090463;9,423089E-1;1,248242E-1;1,385831E-1;9,320964E-1;;
02/12/2021  12:47:17,090563;9,420884E-1;1,407532E-1;1,376353E-1;9,324611E-1;;
02/12/2021  12:47:17,090663;9,426099E-1;1,362931E-1;1,272095E-1;9,328276E-1;;
02/12/2021  12:47:17,090763;9,437097E-1;1,385232E-1;1,578549E-1;9,331952E-1;;
02/12/2021  12:47:17,090863;9,439630E-1;1,286472E-1;1,303688E-1;9,335634E-1;;
02/12/2021  12:47:17,090963;9,444577E-1;1,369303E-1;1,357397E-1;9,339318E-1;;
02/12/2021  12:47:17,091063;9,439689E-1;1,219570E-1;1,291051E-1;9,343001E-1;;
02/12/2021  12:47:17,091163;9,454382E-1;8,965980E-4;7,381701E-2;9,346679E-1;;
02/12/2021  12:47:17,091263;9,460760E-1;1,235499E-1;1,300529E-1;9,350351E-1;;
02/12/2021  12:47:17,091363;9,457273E-1;1,178155E-1;1,256299E-1;9,354013E-1;;
02/12/2021  12:47:17,091463;9,451223E-1;1,315144E-1;1,310007E-1;9,357666E-1;;
02/12/2021  12:47:17,091563;9,444905E-1;1,181340E-1;1,215227E-1;9,361305E-1;;
02/12/2021  12:47:17,091663;9,454084E-1;1,627352E-1;1,809180E-1;9,364926E-1;;
02/12/2021  12:47:17,091763;9,449882E-1;1,133553E-1;1,246821E-1;9,368525E-1;;
02/12/2021  12:47:17,091863;9,453846E-1;1,318330E-1;1,366875E-1;9,372098E-1;;
02/12/2021  12:47:17,091963;9,444905E-1;1,401161E-1;1,328963E-1;9,375640E-1;;
02/12/2021  12:47:17,092063;9,438617E-1;1,327887E-1;1,297370E-1;9,379145E-1;;
02/12/2021  12:47:17,092163;9,441865E-1;1,248242E-1;1,385831E-1;9,382608E-1;;
02/12/2021  12:47:17,092263;9,445084E-1;1,340630E-1;1,392149E-1;9,386021E-1;;
02/12/2021  12:47:17,092363;9,444637E-1;1,407532E-1;1,417424E-1;9,389379E-1;;
02/12/2021  12:47:17,092463;9,434236E-1;1,283286E-1;1,316326E-1;9,392677E-1;;
02/12/2021  12:47:17,092563;9,420794E-1;1,251428E-1;1,117289E-1;9,395908E-1;;
02/12/2021  12:47:17,092663;9,432418E-1;1,343816E-1;1,287892E-1;9,399064E-1;;
02/12/2021  12:47:17,092763;9,431136E-1;1,334259E-1;1,354238E-1;9,402139E-1;;
02/12/2021  12:47:17,092863;9,427262E-1;1,280100E-1;1,253139E-1;9,405124E-1;;
02/12/2021  12:47:17,092963;9,424192E-1;1,353374E-1;1,139404E-1;9,408016E-1;;
02/12/2021  12:47:17,093063;9,417337E-1;1,337445E-1;1,237343E-1;9,410807E-1;;
02/12/2021  12:47:17,093163;9,430182E-1;1,241871E-1;1,332122E-1;9,413493E-1;;
02/12/2021  12:47:17,093263;9,423179E-1;1,331073E-1;1,332122E-1;9,416068E-1;;
02/12/2021  12:47:17,093363;9,417993E-1;1,321516E-1;1,237343E-1;9,418528E-1;;
02/12/2021  12:47:17,093463;9,411883E-1;1,031608E-1;1,404787E-1;9,420870E-1;;
02/12/2021  12:47:17,093563;9,405327E-1;1,296029E-1;1,303688E-1;9,423090E-1;;
02/12/2021  12:47:17,093663;9,409946E-1;1,601866E-1;1,663851E-1;9,425181E-1;;
02/12/2021  12:47:17,093763;9,411347E-1;1,219570E-1;1,322644E-1;9,427141E-1;;
02/12/2021  12:47:17,093863;9,409886E-1;1,149482E-1;1,224705E-1;9,428966E-1;;
02/12/2021  12:47:17,093963;9,403687E-1;1,210013E-1;1,259458E-1;9,430655E-1;;
02/12/2021  12:47:17,094063;9,403985E-1;1,305587E-1;1,284732E-1;9,432206E-1;;
02/12/2021  12:47:17,094163;9,413195E-1;1,382046E-1;1,218387E-1;9,433617E-1;;
02/12/2021  12:47:17,094263;9,412271E-1;1,162226E-1;9,814378E-2;9,434889E-1;;
02/12/2021  12:47:17,094363;9,409797E-1;1,436204E-1;1,351078E-1;9,436024E-1;;
02/12/2021  12:47:17,094463;9,411377E-1;1,554079E-1;1,398468E-1;9,437024E-1;;
02/12/2021  12:47:17,094563;9,409499E-1;1,260985E-1;1,060421E-1;9,437891E-1;;
02/12/2021  12:47:17,094663;9,422791E-1;1,009307E-1;9,308886E-2;9,438628E-1;;
02/12/2021  12:47:17,094763;9,412539E-1;1,002936E-1;9,466852E-2;9,439240E-1;;
02/12/2021  12:47:17,094863;9,417903E-1;1,178155E-1;1,170997E-1;9,439733E-1;;
02/12/2021  12:47:17,094963;9,411168E-1;1,324701E-1;1,224705E-1;9,440110E-1;;
02/12/2021  12:47:17,095063;9,423596E-1;1,296029E-1;1,310007E-1;9,440378E-1;;
02/12/2021  12:47:17,095163;9,434653E-1;1,260985E-1;1,531159E-1;9,440541E-1;;
02/12/2021  12:47:17,095263;9,433878E-1;1,050723E-1;1,152041E-1;9,440609E-1;;
02/12/2021  12:47:17,095363;9,433759E-1;1,079395E-1;1,212068E-1;9,440590E-1;;
02/12/2021  12:47:17,095463;9,430868E-1;1,229127E-1;1,989261E-1;9,440493E-1;;
02/12/2021  12:47:17,095563;9,437693E-1;1,018865E-1;1,092014E-1;9,440327E-1;;
02/12/2021  12:47:17,095663;9,437752E-1;9,296622E-2;1,158360E-1;9,440098E-1;;
02/12/2021  12:47:17,095763;9,439779E-1;1,060280E-1;1,170997E-1;9,439817E-1;;
02/12/2021  12:47:17,095863;9,437991E-1;1,257800E-1;1,158360E-1;9,439490E-1;;
02/12/2021  12:47:17,095963;9,438497E-1;1,079395E-1;1,177316E-1;9,439125E-1;;
02/12/2021  12:47:17,096063;9,444398E-1;8,755036E-2;1,603824E-1;9,438729E-1;;
02/12/2021  12:47:17,096163;9,447408E-1;1,139925E-1;1,310007E-1;9,438311E-1;;
02/12/2021  12:47:17,096263;9,444607E-1;1,254614E-1;1,502726E-1;9,437876E-1;;
02/12/2021  12:47:17,096363;9,442163E-1;1,044351E-1;1,110970E-1;9,437432E-1;;
02/12/2021  12:47:17,096463;9,446544E-1;1,066652E-1;1,227865E-1;9,436984E-1;;
02/12/2021  12:47:17,096563;9,446693E-1;9,201048E-2;1,066739E-1;9,436539E-1;;
02/12/2021  12:47:17,096663;9,454114E-1;1,006121E-1;1,073058E-1;9,436101E-1;;
02/12/2021  12:47:17,096763;9,457184E-1;6,588692E-2;1,123607E-1;9,435676E-1;;
02/12/2021  12:47:17,096863;9,457005E-1;1,114439E-1;1,199431E-1;9,435271E-1;;
02/12/2021  12:47:17,096963;9,459300E-1;7,703722E-2;1,050943E-1;9,434891E-1;;
02/12/2021  12:47:17,097063;9,467734E-1;1,069837E-1;1,291051E-1;9,434541E-1;;
02/12/2021  12:47:17,097163;9,479625E-1;1,219570E-1;1,347919E-1;9,434228E-1;;
02/12/2021  12:47:17,097263;9,479268E-1;6,429402E-2;5,517702E-2;9,433958E-1;;
02/12/2021  12:47:17,097363;9,473337E-1;1,840801E-1;1,723878E-1;9,433738E-1;;
02/12/2021  12:47:17,097463;9,475662E-1;1,375674E-1;1,303688E-1;9,433575E-1;;
02/12/2021  12:47:17,097563;9,488298E-1;1,353374E-1;1,170997E-1;9,433472E-1;;
02/12/2021  12:47:17,097663;9,487136E-1;1,522221E-1;1,341600E-1;9,433435E-1;;
02/12/2021  12:47:17,097763;9,491725E-1;1,343816E-1;1,237343E-1;9,433468E-1;;
02/12/2021  12:47:17,097863;9,489997E-1;1,598680E-1;1,445858E-1;9,433576E-1;;
02/12/2021  12:47:17,097963;9,493633E-1;1,815315E-1;1,588027E-1;9,433762E-1;;
02/12/2021  12:47:17,098063;9,500726E-1;8,723178E-2;9,972343E-2;9,434030E-1;;
02/12/2021  12:47:17,098163;9,504898E-1;1,506292E-1;1,417424E-1;9,434384E-1;;
02/12/2021  12:47:17,098263;9,509220E-1;1,375674E-1;1,338441E-1;9,434825E-1;;
02/12/2021  12:47:17,098363;9,506985E-1;1,534964E-1;1,395309E-1;9,435357E-1;;
02/12/2021  12:47:17,098463;9,514465E-1;1,483991E-1;1,310007E-1;9,435983E-1;;
02/12/2021  12:47:17,098563;9,525015E-1;8,022302E-2;6,275939E-2;9,436705E-1;;
02/12/2021  12:47:17,098663;9,529367E-1;1,296029E-1;1,253139E-1;9,437525E-1;;
02/12/2021  12:47:17,098763;9,529695E-1;1,174969E-1;1,221546E-1;9,438447E-1;;
02/12/2021  12:47:17,098863;9,534105E-1;1,340630E-1;1,325804E-1;9,439473E-1;;
02/12/2021  12:47:17,098963;9,547427E-1;1,311958E-1;1,170997E-1;9,440604E-1;;
02/12/2021  12:47:17,099063;9,557232E-1;1,273729E-1;1,189953E-1;9,441845E-1;;
02/12/2021  12:47:17,099163;9,559647E-1;1,251428E-1;1,063580E-1;9,443198E-1;;
02/12/2021  12:47:17,099263;9,566740E-1;1,334259E-1;1,363715E-1;9,444667E-1;;
02/12/2021  12:47:17,099363;9,565875E-1;1,375674E-1;1,363715E-1;9,446255E-1;;
02/12/2021  12:47:17,099463;9,567038E-1;9,806350E-2;1,069899E-1;9,447964E-1;;
02/12/2021  12:47:17,099563;9,570346E-1;1,206827E-1;1,433221E-1;9,449796E-1;;
02/12/2021  12:47:17,099663;9,574935E-1;1,232313E-1;1,221546E-1;9,451749E-1;;
02/12/2021  12:47:17,099763;9,573475E-1;1,394789E-1;1,490088E-1;9,453825E-1;;
02/12/2021  12:47:17,099863;9,572700E-1;1,337445E-1;1,366875E-1;9,456020E-1;;
02/12/2021  12:47:17,099963;9,581433E-1;3,530324E-2;1,025668E-1;9,458333E-1;;
02/12/2021  12:47:17,100063;9,584919E-1;1,216384E-1;1,262617E-1;9,460760E-1;;
02/12/2021  12:47:17,100163;9,583727E-1;1,136739E-1;1,275255E-1;9,463298E-1;;
02/12/2021  12:47:17,100263;9,583787E-1;1,299215E-1;1,325804E-1;9,465944E-1;;
02/12/2021  12:47:17,100363;9,583221E-1;1,057094E-1;1,079377E-1;9,468694E-1;;
02/12/2021  12:47:17,100463;9,599463E-1;1,267357E-1;1,619620E-1;9,471542E-1;;
02/12/2021  12:47:17,100563;9,595172E-1;1,308772E-1;1,351078E-1;9,474484E-1;;
02/12/2021  12:47:17,100663;9,594427E-1;1,531778E-1;1,467973E-1;9,477514E-1;;
02/12/2021  12:47:17,100763;9,599612E-1;6,970988E-2;8,076751E-2;9,480629E-1;;
02/12/2021  12:47:17,100863;9,592638E-1;1,146297E-1;1,253139E-1;9,483823E-1;;
02/12/2021  12:47:17,100963;9,605186E-1;1,178155E-1;1,275255E-1;9,487089E-1;;
02/12/2021  12:47:17,101063;9,602801E-1;1,296029E-1;1,265777E-1;9,490421E-1;;
02/12/2021  12:47:17,101163;9,600417E-1;1,238685E-1;1,363715E-1;9,493813E-1;;
02/12/2021  12:47:17,101263;9,595619E-1;1,254614E-1;1,259458E-1;9,497258E-1;;
02/12/2021  12:47:17,101363;9,592191E-1;1,101695E-1;1,170997E-1;9,500748E-1;;
02/12/2021  12:47:17,101463;9,599076E-1;1,404346E-1;1,291051E-1;9,504275E-1;;
02/12/2021  12:47:17,101563;9,588496E-1;1,117624E-1;1,177316E-1;9,507829E-1;;
02/12/2021  12:47:17,101663;9,585545E-1;1,216384E-1;1,341600E-1;9,511402E-1;;
02/12/2021  12:47:17,101763;9,575293E-1;7,926728E-2;9,972343E-2;9,514982E-1;;
02/12/2021  12:47:17,101863;9,576128E-1;1,241871E-1;1,313166E-1;9,518557E-1;;
02/12/2021  12:47:17,101963;9,580449E-1;1,264171E-1;1,306848E-1;9,522117E-1;;
02/12/2021  12:47:17,102063;9,569958E-1;1,235499E-1;1,287892E-1;9,525649E-1;;
02/12/2021  12:47:17,102163;9,564057E-1;1,302401E-1;1,303688E-1;9,529143E-1;;
02/12/2021  12:47:17,102263;9,555057E-1;1,139925E-1;8,455870E-2;9,532585E-1;;
02/12/2021  12:47:17,102363;9,551093E-1;5,696668E-2;9,182514E-2;9,535965E-1;;
02/12/2021  12:47:17,102463;9,547696E-1;1,311958E-1;1,322644E-1;9,539267E-1;;
02/12/2021  12:47:17,102563;9,540811E-1;1,257800E-1;1,297370E-1;9,542480E-1;;
02/12/2021  12:47:17,102663;9,535148E-1;7,448858E-2;8,455870E-2;9,545592E-1;;
02/12/2021  12:47:17,102763;9,523794E-1;1,410718E-1;1,411105E-1;9,548588E-1;;
02/12/2021  12:47:17,102863;9,524032E-1;1,241871E-1;1,183634E-1;9,551458E-1;;
02/12/2021  12:47:17,102963;9,517416E-1;1,251428E-1;1,180475E-1;9,554188E-1;;
02/12/2021  12:47:17,103063;9,508922E-1;1,190898E-1;1,268936E-1;9,556767E-1;;
02/12/2021  12:47:17,103163;9,494676E-1;1,206827E-1;1,234183E-1;9,559184E-1;;
02/12/2021  12:47:17,103263;9,483470E-1;1,190898E-1;1,246821E-1;9,561427E-1;;
02/12/2021  12:47:17,103363;9,477331E-1;1,491412E-2;4,917431E-2;9,563483E-1;;
02/12/2021  12:47:17,103463;9,465618E-1;1,200455E-1;1,101492E-1;9,565340E-1;;
02/12/2021  12:47:17,103563;9,459598E-1;1,337445E-1;1,322644E-1;9,566986E-1;;
02/12/2021  12:47:17,103663;9,450240E-1;1,111253E-1;1,237343E-1;9,568409E-1;;
02/12/2021  12:47:17,103763;9,437216E-1;7,193994E-2;9,056141E-2;9,569600E-1;;
02/12/2021  12:47:17,103863;9,443176E-1;1,197269E-1;1,167838E-1;9,570547E-1;;
02/12/2021  12:47:17,103963;9,438825E-1;1,318330E-1;1,619620E-1;9,571243E-1;;
02/12/2021  12:47:17,104063;9,432447E-1;1,171783E-1;1,152041E-1;9,571681E-1;;
02/12/2021  12:47:17,104163;9,418857E-1;1,327887E-1;1,129926E-1;9,571856E-1;;
02/12/2021  12:47:17,104263;9,400737E-1;1,353374E-1;1,303688E-1;9,571765E-1;;
02/12/2021  12:47:17,104363;9,408128E-1;-1,163408E-1;1,347400E-2;9,571401E-1;;
02/12/2021  12:47:17,104463;9,407413E-1;1,232313E-1;1,347919E-1;9,570762E-1;;
02/12/2021  12:47:17,104563;9,407413E-1;1,283286E-1;1,313166E-1;9,569846E-1;;
02/12/2021  12:47:17,104663;9,400379E-1;1,350188E-1;1,534319E-1;9,568654E-1;;
02/12/2021  12:47:17,104763;9,398204E-1;1,130368E-1;1,110970E-1;9,567190E-1;;
02/12/2021  12:47:17,104863;9,397697E-1;1,159040E-1;1,648054E-1;9,565458E-1;;
02/12/2021  12:47:17,104963;9,398591E-1;1,401161E-1;1,341600E-1;9,563462E-1;;
02/12/2021  12:47:17,105063;9,389084E-1;1,117624E-1;1,098333E-1;9,561209E-1;;
02/12/2021  12:47:17,105163;9,376358E-1;8,786894E-2;6,181159E-2;9,558708E-1;;
02/12/2021  12:47:17,105263;9,363215E-1;1,210013E-1;1,227865E-1;9,555963E-1;;
02/12/2021  12:47:17,105363;9,372871E-1;7,894870E-2;1,310007E-1;9,552983E-1;;
02/12/2021  12:47:17,105463;9,368729E-1;1,289658E-1;1,272095E-1;9,549772E-1;;
02/12/2021  12:47:17,105563;9,365778E-1;1,159040E-1;1,227865E-1;9,546340E-1;;
02/12/2021  12:47:17,105663;9,349953E-1;1,069837E-1;1,073058E-1;9,542696E-1;;
02/12/2021  12:47:17,105763;9,339104E-1;1,353374E-1;1,467973E-1;9,538849E-1;;
02/12/2021  12:47:17,105863;9,345899E-1;8,786894E-2;1,325804E-1;9,534804E-1;;
02/12/2021  12:47:17,105963;9,345244E-1;1,289658E-1;1,272095E-1;9,530572E-1;;
02/12/2021  12:47:17,106063;9,340296E-1;1,098510E-1;1,322644E-1;9,526161E-1;;
02/12/2021  12:47:17,106163;9,330938E-1;6,078964E-2;1,114129E-1;9,521582E-1;;
02/12/2021  12:47:17,106263;9,319077E-1;1,407532E-1;1,420583E-1;9,516845E-1;;
02/12/2021  12:47:17,106363;9,330014E-1;1,557265E-1;1,967146E-1;9,511958E-1;;
02/12/2021  12:47:17,106463;9,317974E-1;1,159040E-1;1,164678E-1;9,506932E-1;;
02/12/2021  12:47:17,106563;9,310732E-1;1,340630E-1;1,322644E-1;9,501776E-1;;
02/12/2021  12:47:17,106663;9,300003E-1;1,809992E-2;7,286922E-2;9,496499E-1;;
02/12/2021  12:47:17,106763;9,303728E-1;1,391603E-1;1,316326E-1;9,491111E-1;;
02/12/2021  12:47:17,106863;9,316812E-1;1,022050E-1;7,792413E-2;9,485620E-1;;
02/12/2021  12:47:17,106963;9,313951E-1;1,238685E-1;1,281573E-1;9,480037E-1;;
02/12/2021  12:47:17,107063;9,311298E-1;1,216384E-1;1,085695E-1;9,474376E-1;;
02/12/2021  12:47:17,107163;9,289155E-1;1,159040E-1;1,092014E-1;9,468648E-1;;
02/12/2021  12:47:17,107263;9,282449E-1;1,130368E-1;1,054102E-1;9,462864E-1;;
02/12/2021  12:47:17,107363;9,285459E-1;7,417000E-2;8,582243E-2;9,457032E-1;;
02/12/2021  12:47:17,107463;9,281525E-1;1,283286E-1;1,278414E-1;9,451160E-1;;
02/12/2021  12:47:17,107563;9,275087E-1;1,442576E-1;1,382671E-1;9,445257E-1;;
02/12/2021  12:47:17,107663;9,259948E-1;1,136739E-1;1,253139E-1;9,439330E-1;;
02/12/2021  12:47:17,107763;9,258696E-1;1,245056E-1;1,180475E-1;9,433384E-1;;
02/12/2021  12:47:17,107863;9,256163E-1;9,009900E-2;1,041465E-1;9,427426E-1;;
02/12/2021  12:47:17,107963;9,247162E-1;1,318330E-1;1,376353E-1;9,421461E-1;;
02/12/2021  12:47:17,108063;9,231396E-1;1,248242E-1;1,240502E-1;9,415493E-1;;
02/12/2021  12:47:17,108163;9,219028E-1;1,238685E-1;1,234183E-1;9,409525E-1;;
02/12/2021  12:47:17,108263;9,221233E-1;1,108067E-1;1,101492E-1;9,403557E-1;;
02/12/2021  12:47:17,108363;9,223737E-1;1,576380E-1;1,960827E-1;9,397592E-1;;
02/12/2021  12:47:17,108463;9,222753E-1;9,296622E-2;1,035146E-1;9,391631E-1;;
02/12/2021  12:47:17,108563;9,220965E-1;4,390490E-2;1,016190E-1;9,385678E-1;;
02/12/2021  12:47:17,108663;9,218432E-1;9,710776E-2;1,038306E-1;9,379738E-1;;
02/12/2021  12:47:17,108763;9,230413E-1;1,133553E-1;1,155200E-1;9,373815E-1;;
02/12/2021  12:47:17,108863;9,237536E-1;1,200455E-1;1,341600E-1;9,367916E-1;;
02/12/2021  12:47:17,108963;9,244182E-1;1,165411E-1;1,221546E-1;9,362050E-1;;
02/12/2021  12:47:17,109063;9,235539E-1;1,178155E-1;1,423743E-1;9,356227E-1;;
02/12/2021  12:47:17,109163;9,236642E-1;1,130368E-1;1,133085E-1;9,350457E-1;;
02/12/2021  12:47:17,109263;9,255894E-1;9,041758E-2;1,092014E-1;9,344751E-1;;
02/12/2021  12:47:17,109363;9,259024E-1;1,028422E-1;1,186794E-1;9,339119E-1;;
02/12/2021  12:47:17,109463;9,268531E-1;9,360338E-2;1,088855E-1;9,333574E-1;;
02/12/2021  12:47:17,109563;9,266474E-1;7,990444E-2;9,782784E-2;9,328131E-1;;
02/12/2021  12:47:17,109663;9,271958E-1;8,850610E-2;1,035146E-1;9,322803E-1;;
02/12/2021  12:47:17,109763;9,277114E-1;1,238685E-1;1,407946E-1;9,317603E-1;;
02/12/2021  12:47:17,109863;9,289393E-1;1,123996E-1;1,227865E-1;9,312543E-1;;
02/12/2021  12:47:17,109963;9,298930E-1;9,551486E-2;1,332122E-1;9,307638E-1;;
02/12/2021  12:47:17,110063;9,286353E-1;1,101695E-1;1,249980E-1;9,302902E-1;;
02/12/2021  12:47:17,110163;9,283790E-1;1,334259E-1;1,480610E-1;9,298345E-1;;
02/12/2021  12:47:17,110263;9,294936E-1;1,289658E-1;1,347919E-1;9,293978E-1;;
02/12/2021  12:47:17,110363;9,302298E-1;1,299215E-1;1,325804E-1;9,289810E-1;;
02/12/2021  12:47:17,110463;9,303669E-1;1,445762E-1;1,363715E-1;9,285849E-1;;
02/12/2021  12:47:17,110563;9,295711E-1;1,894960E-1;1,727037E-1;9,282103E-1;;
02/12/2021  12:47:17,110663;9,290555E-1;1,764342E-1;1,471132E-1;9,278579E-1;;
02/12/2021  12:47:17,110763;9,306053E-1;1,742041E-1;1,654373E-1;9,275279E-1;;
02/12/2021  12:47:17,110863;9,313146E-1;1,471248E-1;1,496407E-1;9,272207E-1;;
02/12/2021  12:47:17,110963;9,311656E-1;1,544522E-1;1,461654E-1;9,269367E-1;;
02/12/2021  12:47:17,111063;9,309212E-1;1,506292E-1;1,518522E-1;9,266762E-1;;
02/12/2021  12:47:17,111163;9,315918E-1;1,643281E-1;1,758630E-1;9,264393E-1;;
02/12/2021  12:47:17,111263;9,328584E-1;1,018865E-1;1,493248E-1;9,262263E-1;;
02/12/2021  12:47:17,111363;9,333650E-1;1,276914E-1;1,297370E-1;9,260371E-1;;
02/12/2021  12:47:17,111463;9,340535E-1;1,213198E-1;1,183634E-1;9,258720E-1;;
02/12/2021  12:47:17,111563;9,340356E-1;1,206827E-1;1,145722E-1;9,257312E-1;;
02/12/2021  12:47:17,111663;9,345810E-1;1,114439E-1;1,142563E-1;9,256148E-1;;
02/12/2021  12:47:17,111763;9,366553E-1;8,723178E-2;8,929768E-2;9,255227E-1;;
02/12/2021  12:47:17,111863;9,383123E-1;1,225942E-1;1,284732E-1;9,254553E-1;;
02/12/2021  12:47:17,111963;9,386521E-1;1,334259E-1;1,306848E-1;9,254128E-1;;
02/12/2021  12:47:17,112063;9,380620E-1;1,133553E-1;1,152041E-1;9,253957E-1;;
02/12/2021  12:47:17,112163;9,385925E-1;1,251428E-1;1,243661E-1;9,254039E-1;;
02/12/2021  12:47:17,112263;9,401601E-1;1,171783E-1;1,170997E-1;9,254377E-1;;
02/12/2021  12:47:17,112363;9,410930E-1;1,366117E-1;1,224705E-1;9,254969E-1;;
02/12/2021  12:47:17,112463;9,412360E-1;1,165411E-1;1,278414E-1;9,255816E-1;;
02/12/2021  12:47:17,112563;9,412360E-1;1,305587E-1;1,325804E-1;9,256918E-1;;
02/12/2021  12:47:17,112663;9,428335E-1;1,327887E-1;1,272095E-1;9,258273E-1;;
02/12/2021  12:47:17,112763;9,432924E-1;1,700626E-1;2,014535E-1;9,259880E-1;;
02/12/2021  12:47:17,112863;9,442342E-1;1,445762E-1;1,300529E-1;9,261737E-1;;
02/12/2021  12:47:17,112963;9,435130E-1;1,671954E-1;2,102996E-1;9,263841E-1;;
02/12/2021  12:47:17,113063;9,430480E-1;1,219570E-1;1,246821E-1;9,266188E-1;;
02/12/2021  12:47:17,113163;9,435785E-1;1,391603E-1;1,603824E-1;9,268772E-1;;
02/12/2021  12:47:17,113263;9,443087E-1;1,369303E-1;1,445858E-1;9,271584E-1;;
02/12/2021  12:47:17,113363;9,443176E-1;1,337445E-1;1,284732E-1;9,274616E-1;;
02/12/2021  12:47:17,113463;9,436888E-1;1,331073E-1;1,366875E-1;9,277858E-1;;
02/12/2021  12:47:17,113563;9,428126E-1;1,168597E-1;1,161519E-1;9,281300E-1;;
02/12/2021  12:47:17,113663;9,435159E-1;1,203641E-1;1,249980E-1;9,284929E-1;;
02/12/2021  12:47:17,113763;9,441090E-1;1,270543E-1;1,322644E-1;9,288730E-1;;
02/12/2021  12:47:17,113863;9,438825E-1;1,254614E-1;1,205749E-1;9,292691E-1;;
02/12/2021  12:47:17,113963;9,434593E-1;1,194084E-1;1,142563E-1;9,296796E-1;;
02/12/2021  12:47:17,114063;9,434027E-1;1,076209E-1;1,066739E-1;9,301033E-1;;
02/12/2021  12:47:17,114163;9,453846E-1;1,375674E-1;1,392149E-1;9,305386E-1;;
02/12/2021  12:47:17,114263;9,460134E-1;1,286472E-1;1,158360E-1;9,309842E-1;;
02/12/2021  12:47:17,114363;9,457780E-1;1,299215E-1;1,316326E-1;9,314391E-1;;
02/12/2021  12:47:17,114463;9,450210E-1;1,366117E-1;1,363715E-1;9,319020E-1;;
02/12/2021  12:47:17,114563;9,451611E-1;1,531778E-1;1,581709E-1;9,323720E-1;;
02/12/2021  12:47:17,114663;9,459181E-1;1,299215E-1;1,344760E-1;9,328476E-1;;
02/12/2021  12:47:17,114763;9,476347E-1;1,260985E-1;1,265777E-1;9,333278E-1;;
02/12/2021  12:47:17,114863;9,476377E-1;1,238685E-1;1,262617E-1;9,338117E-1;;
02/12/2021  12:47:17,114963;9,458644E-1;1,589123E-1;1,727037E-1;9,342983E-1;;
02/12/2021  12:47:17,115063;9,460283E-1;1,429833E-1;1,303688E-1;9,347868E-1;;
02/12/2021  12:47:17,115163;9,461148E-1;1,362931E-1;1,092014E-1;9,352760E-1;;
02/12/2021  12:47:17,115263;9,462310E-1;1,229127E-1;1,221546E-1;9,357647E-1;;
02/12/2021  12:47:17,115363;9,459002E-1;1,362931E-1;1,395309E-1;9,362518E-1;;
02/12/2021  12:47:17,115463;9,442402E-1;1,468062E-1;1,436380E-1;9,367363E-1;;
02/12/2021  12:47:17,115563;9,444339E-1;1,159040E-1;1,170997E-1;9,372169E-1;;
02/12/2021  12:47:17,115663;9,452535E-1;9,933782E-2;9,877564E-2;9,376921E-1;;
02/12/2021  12:47:17,115763;9,454680E-1;1,203641E-1;1,227865E-1;9,381610E-1;;
02/12/2021  12:47:17,115863;9,454889E-1;1,407532E-1;1,341600E-1;9,386223E-1;;
02/12/2021  12:47:17,115963;9,442819E-1;1,210013E-1;1,098333E-1;9,390753E-1;;
02/12/2021  12:47:17,116063;9,447200E-1;1,133553E-1;1,152041E-1;9,395190E-1;;
02/12/2021  12:47:17,116163;9,457094E-1;1,337445E-1;1,436380E-1;9,399524E-1;;
02/12/2021  12:47:17,116263;9,473128E-1;1,276914E-1;1,335282E-1;9,403749E-1;;
02/12/2021  12:47:17,116363;9,469701E-1;1,273729E-1;1,265777E-1;9,407861E-1;;
02/12/2021  12:47:17,116463;9,469641E-1;1,120810E-1;9,150920E-2;9,411857E-1;;
02/12/2021  12:47:17,116563;9,473963E-1;1,162226E-1;1,205749E-1;9,415735E-1;;
02/12/2021  12:47:17,116663;9,480698E-1;1,445762E-1;1,351078E-1;9,419495E-1;;
02/12/2021  12:47:17,116763;9,483172E-1;1,480806E-1;1,234183E-1;9,423135E-1;;
02/12/2021  12:47:17,116863;9,476079E-1;1,331073E-1;1,319485E-1;9,426658E-1;;
02/12/2021  12:47:17,116963;9,458316E-1;1,181340E-1;1,243661E-1;9,430063E-1;;
02/12/2021  12:47:17,117063;9,463651E-1;1,225942E-1;1,167838E-1;9,433349E-1;;
02/12/2021  12:47:17,117163;9,477509E-1;1,649653E-1;1,885003E-1;9,436511E-1;;
02/12/2021  12:47:17,117263;9,468151E-1;1,206827E-1;1,145722E-1;9,439551E-1;;
02/12/2021  12:47:17,117363;9,464992E-1;1,608238E-1;1,123607E-1;9,442466E-1;;
02/12/2021  12:47:17,117463;9,452624E-1;1,235499E-1;1,208909E-1;9,445256E-1;;
02/12/2021  12:47:17,117563;9,454502E-1;1,512664E-1;1,546956E-1;9,447920E-1;;
02/12/2021  12:47:17,117663;9,454144E-1;1,257800E-1;1,322644E-1;9,450453E-1;;
02/12/2021  12:47:17,117763;9,453280E-1;1,143111E-1;1,155200E-1;9,452853E-1;;
02/12/2021  12:47:17,117863;9,446008E-1;9,710776E-2;8,108345E-2;9,455120E-1;;
02/12/2021  12:47:17,117963;9,435338E-1;3,371034E-2;6,117973E-2;9,457250E-1;;
02/12/2021  12:47:17,118063;9,446336E-1;1,509478E-1;1,316326E-1;9,459241E-1;;
02/12/2021  12:47:17,118163;9,442968E-1;1,299215E-1;1,177316E-1;9,461090E-1;;
02/12/2021  12:47:17,118263;9,434474E-1;1,238685E-1;1,215227E-1;9,462797E-1;;
02/12/2021  12:47:17,118363;9,418112E-1;1,260985E-1;1,243661E-1;9,464359E-1;;
02/12/2021  12:47:17,118463;9,408128E-1;1,413904E-1;1,455336E-1;9,465774E-1;;
02/12/2021  12:47:17,118563;9,411824E-1;1,219570E-1;1,363715E-1;9,467036E-1;;
02/12/2021  12:47:17,118663;9,411079E-1;1,181340E-1;1,202590E-1;9,468143E-1;;
02/12/2021  12:47:17,118763;9,399843E-1;1,264171E-1;1,388990E-1;9,469089E-1;;
02/12/2021  12:47:17,118863;9,385567E-1;1,343816E-1;1,398468E-1;9,469873E-1;;
02/12/2021  12:47:17,118963;9,378862E-1;1,452133E-1;1,480610E-1;9,470489E-1;;
02/12/2021  12:47:17,119063;9,374630E-1;1,302401E-1;1,107811E-1;9,470933E-1;;
02/12/2021  12:47:17,119163;9,378355E-1;1,315144E-1;1,325804E-1;9,471200E-1;;
02/12/2021  12:47:17,119263;9,375255E-1;1,321516E-1;1,379512E-1;9,471287E-1;;
02/12/2021  12:47:17,119363;9,356807E-1;1,719741E-1;1,644895E-1;9,471192E-1;;
02/12/2021  12:47:17,119463;9,355466E-1;1,206827E-1;1,167838E-1;9,470913E-1;;
02/12/2021  12:47:17,119563;9,357314E-1;1,296029E-1;1,385831E-1;9,470447E-1;;
02/12/2021  12:47:17,119663;9,363394E-1;1,299215E-1;1,243661E-1;9,469793E-1;;
02/12/2021  12:47:17,119763;9,356211E-1;1,334259E-1;1,221546E-1;9,468953E-1;;
02/12/2021  12:47:17,119863;9,336571E-1;1,270543E-1;1,388990E-1;9,467928E-1;;
02/12/2021  12:47:17,119963;9,331326E-1;1,149482E-1;1,461654E-1;9,466720E-1;;
02/12/2021  12:47:17,120063;9,333710E-1;1,079395E-1;1,291051E-1;9,465329E-1;;
02/12/2021  12:47:17,120163;9,328733E-1;1,270543E-1;1,332122E-1;9,463755E-1;;
02/12/2021  12:47:17,120263;9,314547E-1;1,366117E-1;1,249980E-1;9,462000E-1;;
02/12/2021  12:47:17,120363;9,309033E-1;1,232313E-1;1,278414E-1;9,460066E-1;;
02/12/2021  12:47:17,120463;9,300271E-1;1,267357E-1;1,224705E-1;9,457954E-1;;
02/12/2021  12:47:17,120563;9,298155E-1;1,159040E-1;8,266311E-2;9,455663E-1;;
02/12/2021  12:47:17,120663;9,298513E-1;1,512664E-1;1,477451E-1;9,453197E-1;;
02/12/2021  12:47:17,120763;9,282926E-1;1,423461E-1;1,376353E-1;9,450557E-1;;
02/12/2021  12:47:17,120863;9,270259E-1;1,305587E-1;1,284732E-1;9,447745E-1;;
02/12/2021  12:47:17,120963;9,267905E-1;1,168597E-1;1,382671E-1;9,444763E-1;;
02/12/2021  12:47:17,121063;9,275475E-1;1,375674E-1;1,186794E-1;9,441612E-1;;
02/12/2021  12:47:17,121163;9,272673E-1;1,251428E-1;1,246821E-1;9,438295E-1;;
02/12/2021  12:47:17,121263;9,269186E-1;1,229127E-1;1,284732E-1;9,434818E-1;;
02/12/2021  12:47:17,121363;9,259739E-1;1,047537E-1;1,152041E-1;9,431187E-1;;
02/12/2021  12:47:17,121463;9,261080E-1;1,197269E-1;1,319485E-1;9,427407E-1;;
02/12/2021  12:47:17,121563;9,262153E-1;1,445762E-1;1,989261E-1;9,423485E-1;;
02/12/2021  12:47:17,121663;9,256312E-1;1,053908E-1;1,107811E-1;9,419429E-1;;
02/12/2021  12:47:17,121763;9,240844E-1;-6,950958E-2;1,758111E-2;9,415246E-1;;
02/12/2021  12:47:17,121863;9,231724E-1;9,901924E-2;9,782784E-2;9,410942E-1;;
02/12/2021  12:47:17,121963;9,239503E-1;1,108067E-1;1,145722E-1;9,406524E-1;;
02/12/2021  12:47:17,122063;9,243735E-1;1,034794E-1;1,164678E-1;9,401998E-1;;
02/12/2021  12:47:17,122163;9,241559E-1;1,025236E-1;1,123607E-1;9,397372E-1;;
02/12/2021  12:47:17,122263;9,234377E-1;8,978042E-2;1,180475E-1;9,392655E-1;;
02/12/2021  12:47:17,122363;9,227880E-1;1,079395E-1;1,186794E-1;9,387855E-1;;
02/12/2021  12:47:17,122463;9,236940E-1;1,028422E-1;1,069899E-1;9,382983E-1;;
02/12/2021  12:47:17,122563;9,238340E-1;9,328480E-2;1,050943E-1;9,378046E-1;;
02/12/2021  12:47:17,122663;9,246179E-1;9,838208E-2;1,120448E-1;9,373057E-1;;
02/12/2021  12:47:17,122763;9,236612E-1;1,041165E-1;1,202590E-1;9,368026E-1;;
02/12/2021  12:47:17,122863;9,236016E-1;1,015679E-1;1,363715E-1;9,362966E-1;;
02/12/2021  12:47:17,122963;9,238549E-1;6,015248E-2;7,950379E-2;9,357887E-1;;
02/12/2021  12:47:17,123063;9,241291E-1;1,028422E-1;1,158360E-1;9,352802E-1;;
02/12/2021  12:47:17,123163;9,236612E-1;9,328480E-2;1,240502E-1;9,347722E-1;;
02/12/2021  12:47:17,123263;9,224571E-1;1,127182E-1;1,278414E-1;9,342656E-1;;
02/12/2021  12:47:17,123363;9,223946E-1;1,382046E-1;1,512204E-1;9,337615E-1;;
02/12/2021  12:47:17,123463;9,228684E-1;1,324701E-1;1,414265E-1;9,332607E-1;;
02/12/2021  12:47:17,123563;9,239443E-1;1,302401E-1;1,322644E-1;9,327639E-1;;
02/12/2021  12:47:17,123663;9,236075E-1;1,410718E-1;1,404787E-1;9,322721E-1;;
02/12/2021  12:47:17,123763;9,234317E-1;9,838208E-2;1,862888E-1;9,317863E-1;;
02/12/2021  12:47:17,123863;9,228088E-1;1,573194E-1;1,347919E-1;9,313075E-1;;
02/12/2021  12:47:17,123963;9,245076E-1;1,732484E-1;1,859729E-1;9,308363E-1;;
02/12/2021  12:47:17,124063;9,255060E-1;1,659210E-1;1,509044E-1;9,303738E-1;;
02/12/2021  12:47:17,124163;9,257593E-1;7,289568E-2;1,076217E-1;9,299210E-1;;
02/12/2021  12:47:17,124263;9,253927E-1;1,541336E-1;1,518522E-1;9,294790E-1;;
02/12/2021  12:47:17,124363;9,260514E-1;1,270543E-1;1,240502E-1;9,290489E-1;;
02/12/2021  12:47:17,124463;9,275445E-1;9,615202E-2;1,227865E-1;9,286316E-1;;
02/12/2021  12:47:17,124563;9,273657E-1;1,337445E-1;1,392149E-1;9,282283E-1;;
02/12/2021  12:47:17,124663;9,264984E-1;1,216384E-1;1,243661E-1;9,278401E-1;;
02/12/2021  12:47:17,124763;9,252795E-1;1,031608E-1;1,218387E-1;9,274676E-1;;
02/12/2021  12:47:17,124863;9,247907E-1;1,241871E-1;1,060421E-1;9,271115E-1;;
02/12/2021  12:47:17,124963;9,257086E-1;1,114439E-1;8,803395E-2;9,267719E-1;;
02/12/2021  12:47:17,125063;9,251454E-1;1,356559E-1;1,376353E-1;9,264491E-1;;
02/12/2021  12:47:17,125163;9,248920E-1;1,302401E-1;1,316326E-1;9,261431E-1;;
02/12/2021  12:47:17,125263;9,240665E-1;1,315144E-1;1,319485E-1;9,258540E-1;;
02/12/2021  12:47:17,125363;9,244510E-1;8,404598E-2;8,108345E-2;9,255815E-1;;
02/12/2021  12:47:17,125463;9,256371E-1;1,315144E-1;1,278414E-1;9,253254E-1;;
02/12/2021  12:47:17,125563;9,262362E-1;1,146297E-1;1,107811E-1;9,250856E-1;;
02/12/2021  12:47:17,125663;9,264150E-1;1,225942E-1;1,297370E-1;9,248621E-1;;
02/12/2021  12:47:17,125763;9,267518E-1;2,606442E-2;6,149566E-2;9,246549E-1;;
02/12/2021  12:47:17,125863;9,281644E-1;1,340630E-1;1,316326E-1;9,244642E-1;;
02/12/2021  12:47:17,125963;9,301731E-1;1,340630E-1;1,619620E-1;9,242900E-1;;
02/12/2021  12:47:17,126063;9,313414E-1;1,037979E-1;1,114129E-1;9,241328E-1;;
02/12/2021  12:47:17,126163;9,316692E-1;2,988738E-2;8,076751E-2;9,239934E-1;;
02/12/2021  12:47:17,126263;9,322146E-1;1,241871E-1;1,253139E-1;9,238723E-1;;
02/12/2021  12:47:17,126363;9,336750E-1;1,229127E-1;1,376353E-1;9,237701E-1;;
02/12/2021  12:47:17,126463;9,348343E-1;1,101695E-1;1,268936E-1;9,236876E-1;;
02/12/2021  12:47:17,126563;9,351860E-1;1,216384E-1;1,262617E-1;9,236254E-1;;
02/12/2021  12:47:17,126663;9,347926E-1;1,375674E-1;1,442698E-1;9,235843E-1;;
02/12/2021  12:47:17,126763;9,348522E-1;1,388417E-1;1,338441E-1;9,235646E-1;;
02/12/2021  12:47:17,126863;9,363513E-1;1,305587E-1;1,205749E-1;9,235667E-1;;
02/12/2021  12:47:17,126963;9,373765E-1;1,133553E-1;1,262617E-1;9,235908E-1;;
02/12/2021  12:47:17,127063;9,375941E-1;1,308772E-1;1,313166E-1;9,236372E-1;;
02/12/2021  12:47:17,127163;9,375434E-1;1,353374E-1;1,344760E-1;9,237061E-1;;
02/12/2021  12:47:17,127263;9,384733E-1;1,394789E-1;1,275255E-1;9,237977E-1;;
02/12/2021  12:47:17,127363;9,407621E-1;1,538150E-1;1,613302E-1;9,239119E-1;;
02/12/2021  12:47:17,127463;9,421748E-1;1,299215E-1;1,278414E-1;9,240489E-1;;
02/12/2021  12:47:17,127563;9,427500E-1;1,302401E-1;1,328963E-1;9,242090E-1;;
02/12/2021  12:47:17,127663;9,428454E-1;1,311958E-1;1,313166E-1;9,243926E-1;;
02/12/2021  12:47:17,127763;9,438795E-1;2,032998E-2;6,813023E-2;9,245999E-1;;
02/12/2021  12:47:17,127863;9,457154E-1;1,127182E-1;1,180475E-1;9,248309E-1;;
02/12/2021  12:47:17,127963;9,463144E-1;1,044351E-1;1,218387E-1;9,250858E-1;;
02/12/2021  12:47:17,128063;9,461833E-1;1,356559E-1;1,357397E-1;9,253648E-1;;
02/12/2021  12:47:17,128163;9,460283E-1;8,086018E-2;8,645429E-2;9,256678E-1;;
02/12/2021  12:47:17,128263;9,460224E-1;6,939130E-2;9,340479E-2;9,259945E-1;;
02/12/2021  12:47:17,128363;9,474350E-1;1,547707E-1;1,695444E-1;9,263445E-1;;
02/12/2021  12:47:17,128463;9,480490E-1;1,283286E-1;1,341600E-1;9,267173E-1;;
02/12/2021  12:47:17,128563;9,475125E-1;1,206827E-1;1,224705E-1;9,271122E-1;;
02/12/2021  12:47:17,128663;9,459032E-1;1,117624E-1;1,177316E-1;9,275285E-1;;
02/12/2021  12:47:17,128763;9,465588E-1;1,127182E-1;1,259458E-1;9,279652E-1;;
02/12/2021  12:47:17,128863;9,475542E-1;1,350188E-1;1,467973E-1;9,284210E-1;;
02/12/2021  12:47:17,128963;9,471251E-1;1,452133E-1;1,426902E-1;9,288947E-1;;
02/12/2021  12:47:17,129063;9,475036E-1;1,385232E-1;1,366875E-1;9,293848E-1;;
02/12/2021  12:47:17,129163;9,474321E-1;1,257800E-1;1,347919E-1;9,298902E-1;;
02/12/2021  12:47:17,129263;9,485526E-1;1,235499E-1;1,287892E-1;9,304094E-1;;
02/12/2021  12:47:17,129363;9,497150E-1;1,165411E-1;9,498445E-2;9,309412E-1;;
02/12/2021  12:47:17,129463;9,511276E-1;1,066652E-1;9,403666E-2;9,314844E-1;;
02/12/2021  12:47:17,129563;9,504600E-1;1,190898E-1;1,152041E-1;9,320381E-1;;
02/12/2021  12:47:17,129663;9,501143E-1;1,254614E-1;1,243661E-1;9,326013E-1;;
02/12/2021  12:47:17,129763;9,518608E-1;1,347002E-1;1,287892E-1;9,331729E-1;;
02/12/2021  12:47:17,129863;9,535238E-1;1,260985E-1;1,164678E-1;9,337521E-1;;
02/12/2021  12:47:17,129963;9,540066E-1;1,248242E-1;1,139404E-1;9,343381E-1;;
02/12/2021  12:47:17,130063;9,538457E-1;1,350188E-1;1,458495E-1;9,349302E-1;;
02/12/2021  12:47:17,130163;9,542778E-1;5,218798E-2;8,929768E-2;9,355279E-1;;
02/12/2021  12:47:17,130263;9,553358E-1;1,337445E-1;1,221546E-1;9,361304E-1;;
02/12/2021  12:47:17,130363;9,569273E-1;1,509478E-1;1,467973E-1;9,367373E-1;;
02/12/2021  12:47:17,130463;9,569988E-1;1,286472E-1;1,268936E-1;9,373480E-1;;
02/12/2021  12:47:17,130563;9,566829E-1;1,111253E-1;6,591871E-2;9,379622E-1;;
02/12/2021  12:47:17,130663;9,564385E-1;1,522221E-1;1,471132E-1;9,385793E-1;;
02/12/2021  12:47:17,130763;9,577111E-1;9,201048E-2;1,379512E-1;9,391987E-1;;
02/12/2021  12:47:17,130863;9,585218E-1;1,225942E-1;1,430061E-1;9,398199E-1;;
02/12/2021  12:47:17,130963;9,583012E-1;1,174969E-1;1,174156E-1;9,404423E-1;;
02/12/2021  12:47:17,131063;9,580747E-1;1,509478E-1;1,414265E-1;9,410654E-1;;
02/12/2021  12:47:17,131163;9,578720E-1;1,359745E-1;1,351078E-1;9,416885E-1;;
02/12/2021  12:47:17,131263;9,589002E-1;1,286472E-1;1,237343E-1;9,423110E-1;;
02/12/2021  12:47:17,131363;9,603517E-1;1,238685E-1;1,249980E-1;9,429321E-1;;
02/12/2021  12:47:17,131463;9,598063E-1;1,522221E-1;1,616461E-1;9,435513E-1;;
02/12/2021  12:47:17,131563;9,590016E-1;1,512664E-1;1,461654E-1;9,441682E-1;;
02/12/2021  12:47:17,131663;9,590105E-1;1,241871E-1;1,224705E-1;9,447820E-1;;
02/12/2021  12:47:17,131763;9,600864E-1;1,178155E-1;1,272095E-1;9,453920E-1;;
02/12/2021  12:47:17,131863;9,603457E-1;1,257800E-1;1,234183E-1;9,459975E-1;;
02/12/2021  12:47:17,131963;9,603785E-1;1,327887E-1;1,439539E-1;9,465979E-1;;
02/12/2021  12:47:17,132063;9,591268E-1;1,334259E-1;1,300529E-1;9,471926E-1;;
02/12/2021  12:47:17,132163;9,596781E-1;1,203641E-1;1,575390E-1;9,477809E-1;;
02/12/2021  12:47:17,132263;9,600208E-1;1,257800E-1;1,341600E-1;9,483620E-1;;
02/12/2021  12:47:17,132363;9,596185E-1;1,267357E-1;1,240502E-1;9,489351E-1;;
02/12/2021  12:47:17,132463;9,586141E-1;1,127182E-1;8,613836E-2;9,494994E-1;;
02/12/2021  12:47:17,132563;9,574697E-1;1,117624E-1;1,319485E-1;9,500542E-1;;
02/12/2021  12:47:17,132663;9,567962E-1;8,850610E-2;9,719598E-2;9,505984E-1;;
02/12/2021  12:47:17,132763;9,566054E-1;1,286472E-1;1,543797E-1;9,511308E-1;;
02/12/2021  12:47:17,132863;9,554610E-1;1,404346E-1;1,310007E-1;9,516502E-1;;
02/12/2021  12:47:17,132963;9,536430E-1;1,353374E-1;1,332122E-1;9,521553E-1;;
02/12/2021  12:47:17,133063;9,518608E-1;1,283286E-1;1,344760E-1;9,526446E-1;;
02/12/2021  12:47:17,133163;9,516104E-1;1,130368E-1;9,245700E-2;9,531165E-1;;
02/12/2021  12:47:17,133263;9,511694E-1;1,407532E-1;1,319485E-1;9,535694E-1;;
02/12/2021  12:47:17,133363;9,510174E-1;1,327887E-1;1,291051E-1;9,540017E-1;;
02/12/2021  12:47:17,133463;9,492828E-1;1,401161E-1;1,341600E-1;9,544119E-1;;
02/12/2021  12:47:17,133563;9,477211E-1;1,350188E-1;1,411105E-1;9,547986E-1;;
02/12/2021  12:47:17,133663;9,479417E-1;1,490363E-1;1,363715E-1;9,551603E-1;;
02/12/2021  12:47:17,133763;9,476347E-1;1,528593E-1;8,171531E-2;9,554958E-1;;
02/12/2021  12:47:17,133863;9,475900E-1;1,241871E-1;1,224705E-1;9,558037E-1;;
02/12/2021  12:47:17,133963;9,465707E-1;1,299215E-1;1,265777E-1;9,560833E-1;;
02/12/2021  12:47:17,134063;9,460283E-1;1,232313E-1;1,240502E-1;9,563337E-1;;
02/12/2021  12:47:17,134163;9,467674E-1;7,162136E-2;8,708615E-2;9,565542E-1;;
02/12/2021  12:47:17,134263;9,465380E-1;1,229127E-1;1,158360E-1;9,567444E-1;;
02/12/2021  12:47:17,134363;9,460790E-1;1,232313E-1;1,161519E-1;9,569041E-1;;
02/12/2021  12:47:17,134463;9,446663E-1;1,130368E-1;1,423743E-1;9,570332E-1;;
02/12/2021  12:47:17,134563;9,433073E-1;8,022302E-2;7,792413E-2;9,571316E-1;;
02/12/2021  12:47:17,134663;9,434176E-1;1,095324E-1;1,183634E-1;9,571993E-1;;
02/12/2021  12:47:17,134763;9,431166E-1;1,085766E-1;1,104651E-1;9,572362E-1;;
02/12/2021  12:47:17,134863;9,421271E-1;1,168597E-1;1,164678E-1;9,572423E-1;;
02/12/2021  12:47:17,134963;9,401959E-1;1,022050E-1;1,297370E-1;9,572178E-1;;
02/12/2021  12:47:17,135063;9,392392E-1;1,254614E-1;1,291051E-1;9,571627E-1;;
02/12/2021  12:47:17,135163;9,387117E-1;1,162226E-1;1,322644E-1;9,570770E-1;;
02/12/2021  12:47:17,135263;9,378713E-1;9,965640E-2;1,281573E-1;9,569608E-1;;
02/12/2021  12:47:17,135363;9,365182E-1;1,012493E-1;1,148882E-1;9,568142E-1;;
02/12/2021  12:47:17,135463;9,346108E-1;9,678918E-2;1,054102E-1;9,566371E-1;;
02/12/2021  12:47:17,135563;9,343009E-1;1,034794E-1;1,152041E-1;9,564296E-1;;
02/12/2021  12:47:17,135663;9,346525E-1;9,264764E-2;8,519056E-2;9,561917E-1;;
02/12/2021  12:47:17,135763;9,347956E-1;9,933782E-2;1,110970E-1;9,559237E-1;;
02/12/2021  12:47:17,135863;9,340624E-1;1,092138E-1;1,174156E-1;9,556262E-1;;
02/12/2021  12:47:17,135963;9,328822E-1;1,095324E-1;1,193112E-1;9,552998E-1;;
02/12/2021  12:47:17,136063;9,326110E-1;9,870066E-2;1,170997E-1;9,549453E-1;;
02/12/2021  12:47:17,136163;9,338002E-1;1,025236E-1;1,534319E-1;9,545634E-1;;
02/12/2021  12:47:17,136263;9,335319E-1;1,127182E-1;1,275255E-1;9,541553E-1;;
02/12/2021  12:47:17,136363;9,331296E-1;1,225942E-1;1,306848E-1;9,537220E-1;;
02/12/2021  12:47:17,136463;9,322474E-1;1,382046E-1;1,316326E-1;9,532651E-1;;
02/12/2021  12:47:17,136563;9,318808E-1;1,464877E-1;1,695444E-1;9,527858E-1;;
02/12/2021  12:47:17,136663;9,323398E-1;1,519035E-1;1,398468E-1;9,522855E-1;;
02/12/2021  12:47:17,136763;9,317676E-1;1,646467E-1;1,477451E-1;9,517657E-1;;
02/12/2021  12:47:17,136863;9,309123E-1;1,624167E-1;1,480610E-1;9,512277E-1;;
02/12/2021  12:47:17,136963;9,291479E-1;1,710183E-1;1,505885E-1;9,506730E-1;;
02/12/2021  12:47:17,137063;9,288976E-1;1,458505E-1;1,644895E-1;9,501028E-1;;
02/12/2021  12:47:17,137163;9,295294E-1;-8,342222E-3;9,182514E-2;9,495183E-1;;
02/12/2021  12:47:17,137263;9,290913E-1;1,595494E-1;1,436380E-1;9,489207E-1;;
02/12/2021  12:47:17,137363;9,283134E-1;1,576380E-1;1,436380E-1;9,483112E-1;;
02/12/2021  12:47:17,137463;9,269902E-1;1,487177E-1;1,537478E-1;9,476912E-1;;
02/12/2021  12:47:17,137563;9,269663E-1;3,402892E-2;7,097362E-2;9,470618E-1;;
02/12/2021  12:47:17,137663;9,278425E-1;1,413904E-1;1,569071E-1;9,464240E-1;;
02/12/2021  12:47:17,137763;9,277889E-1;1,238685E-1;1,227865E-1;9,457791E-1;;
02/12/2021  12:47:17,137863;9,270468E-1;1,267357E-1;1,227865E-1;9,451283E-1;;
02/12/2021  12:47:17,137963;9,262570E-1;1,133553E-1;1,196272E-1;9,444730E-1;;
02/12/2021  12:47:17,138063;9,269932E-1;1,155854E-1;1,038306E-1;9,438144E-1;;
02/12/2021  12:47:17,138163;9,279796E-1;8,372740E-2;6,370719E-2;9,431537E-1;;
02/12/2021  12:47:17,138263;9,275147E-1;1,143111E-1;1,199431E-1;9,424923E-1;;
02/12/2021  12:47:17,138363;9,270885E-1;1,197269E-1;1,291051E-1;9,418317E-1;;
02/12/2021  12:47:17,138463;9,261646E-1;1,289658E-1;1,351078E-1;9,411731E-1;;
02/12/2021  12:47:17,138563;9,269544E-1;1,331073E-1;1,177316E-1;9,405178E-1;;
02/12/2021  12:47:17,138663;9,272554E-1;9,997498E-2;1,031987E-1;9,398670E-1;;
02/12/2021  12:47:17,138763;9,270170E-1;7,831154E-2;8,203124E-2;9,392218E-1;;
02/12/2021  12:47:17,138863;9,263166E-1;1,362931E-1;1,351078E-1;9,385835E-1;;
02/12/2021  12:47:17,138963;9,248742E-1;1,337445E-1;1,344760E-1;9,379531E-1;;
02/12/2021  12:47:17,139063;9,255686E-1;1,159040E-1;1,019350E-1;9,373315E-1;;
02/12/2021  12:47:17,139163;9,254345E-1;1,219570E-1;1,088855E-1;9,367194E-1;;
02/12/2021  12:47:17,139263;9,247251E-1;1,366117E-1;1,294210E-1;9,361173E-1;;
02/12/2021  12:47:17,139363;9,236284E-1;1,681511E-1;2,248325E-1;9,355261E-1;;
02/12/2021  12:47:17,139463;9,229847E-1;1,241871E-1;9,814378E-2;9,349460E-1;;
02/12/2021  12:47:17,139563;9,238221E-1;1,372488E-1;1,613302E-1;9,343773E-1;;
02/12/2021  12:47:17,139663;9,239175E-1;1,174969E-1;1,360556E-1;9,338203E-1;;
02/12/2021  12:47:17,139763;9,233840E-1;1,356559E-1;1,376353E-1;9,332753E-1;;
02/12/2021  12:47:17,139863;9,221591E-1;9,296622E-2;9,466852E-2;9,327426E-1;;
02/12/2021  12:47:17,139963;9,221889E-1;1,257800E-1;1,249980E-1;9,322223E-1;;
02/12/2021  12:47:17,140063;9,229549E-1;9,647060E-2;8,834988E-2;9,317145E-1;;
02/12/2021  12:47:17,140163;9,230025E-1;1,340630E-1;1,379512E-1;9,312193E-1;;
02/12/2021  12:47:17,140263;9,233304E-1;1,123996E-1;1,234183E-1;9,307368E-1;;
02/12/2021  12:47:17,140363;9,228327E-1;1,213198E-1;1,221546E-1;9,302674E-1;;
02/12/2021  12:47:17,140463;9,228535E-1;1,178155E-1;1,373193E-1;9,298111E-1;;
02/12/2021  12:47:17,140563;9,250619E-1;1,324701E-1;1,569071E-1;9,293683E-1;;
02/12/2021  12:47:17,140663;9,256282E-1;1,499920E-1;1,464814E-1;9,289394E-1;;
02/12/2021  12:47:17,140763;9,256043E-1;1,353374E-1;1,328963E-1;9,285249E-1;;
02/12/2021  12:47:17,140863;9,254404E-1;1,216384E-1;1,259458E-1;9,281254E-1;;
02/12/2021  12:47:17,140963;9,261378E-1;1,238685E-1;1,234183E-1;9,277415E-1;;
02/12/2021  12:47:17,141063;9,278723E-1;1,318330E-1;1,382671E-1;9,273738E-1;;
02/12/2021  12:47:17,141163;9,281197E-1;1,283286E-1;1,287892E-1;9,270230E-1;;
02/12/2021  12:47:17,141263;9,283760E-1;1,225942E-1;1,310007E-1;9,266897E-1;;
02/12/2021  12:47:17,141363;9,283909E-1;1,206827E-1;1,145722E-1;9,263748E-1;;
02/12/2021  12:47:17,141463;9,291002E-1;1,257800E-1;1,174156E-1;9,260788E-1;;
02/12/2021  12:47:17,141563;9,305844E-1;1,691068E-1;2,125112E-1;9,258023E-1;;
02/12/2021  12:47:17,141663;9,310136E-1;1,308772E-1;1,316326E-1;9,255460E-1;;
02/12/2021  12:47:17,141763;9,307066E-1;1,286472E-1;1,306848E-1;9,253106E-1;;
02/12/2021  12:47:17,141863;9,302506E-1;1,060280E-1;1,363715E-1;9,250965E-1;;
02/12/2021  12:47:17,141963;9,314845E-1;1,302401E-1;1,316326E-1;9,249041E-1;;
02/12/2021  12:47:17,142063;9,324918E-1;1,388417E-1;1,449017E-1;9,247336E-1;;
02/12/2021  12:47:17,142163;9,329061E-1;1,203641E-1;1,253139E-1;9,245855E-1;;
02/12/2021  12:47:17,142263;9,326736E-1;1,184526E-1;1,183634E-1;9,244599E-1;;
02/12/2021  12:47:17,142363;9,320448E-1;6,843556E-2;7,381701E-2;9,243572E-1;;
02/12/2021  12:47:17,142463;9,333680E-1;1,296029E-1;1,303688E-1;9,242771E-1;;
02/12/2021  12:47:17,142563;9,338300E-1;1,474434E-1;1,584868E-1;9,242197E-1;;
02/12/2021  12:47:17,142663;9,338121E-1;1,194084E-1;1,240502E-1;9,241848E-1;;
02/12/2021  12:47:17,142763;9,337853E-1;1,340630E-1;1,344760E-1;9,241722E-1;;
02/12/2021  12:47:17,142863;9,334664E-1;1,324701E-1;1,303688E-1;9,241817E-1;;
02/12/2021  12:47:17,142963;9,346227E-1;4,549780E-2;8,297904E-2;9,242128E-1;;
02/12/2021  12:47:17,143063;9,355049E-1;1,210013E-1;1,155200E-1;9,242650E-1;;
02/12/2021  12:47:17,143163;9,360592E-1;1,159040E-1;1,041465E-1;9,243380E-1;;
02/12/2021  12:47:17,143263;9,355675E-1;1,219570E-1;1,152041E-1;9,244315E-1;;
02/12/2021  12:47:17,143363;9,354572E-1;1,308772E-1;1,284732E-1;9,245448E-1;;
02/12/2021  12:47:17,143463;9,363930E-1;1,104881E-1;1,044624E-1;9,246776E-1;;
02/12/2021  12:47:17,143563;9,381007E-1;5,537378E-2;7,065769E-2;9,248291E-1;;
02/12/2021  12:47:17,143663;9,377818E-1;1,037979E-1;1,057261E-1;9,249990E-1;;
02/12/2021  12:47:17,143763;9,373676E-1;8,850610E-2;1,060421E-1;9,251867E-1;;
02/12/2021  12:47:17,143863;9,376954E-1;1,200455E-1;1,152041E-1;9,253918E-1;;
02/12/2021  12:47:17,143963;9,393972E-1;1,350188E-1;1,300529E-1;9,256135E-1;;
02/12/2021  12:47:17,144063;9,398174E-1;1,305587E-1;1,524841E-1;9,258512E-1;;
02/12/2021  12:47:17,144163;9,395849E-1;1,410718E-1;1,414265E-1;9,261046E-1;;
02/12/2021  12:47:17,144263;9,394091E-1;1,241871E-1;1,117289E-1;9,263730E-1;;
02/12/2021  12:47:17,144363;9,392929E-1;8,086018E-2;1,474292E-1;9,266558E-1;;
02/12/2021  12:47:17,144463;9,404939E-1;1,200455E-1;1,240502E-1;9,269522E-1;;
02/12/2021  12:47:17,144563;9,410542E-1;1,187712E-1;1,262617E-1;9,272615E-1;;
02/12/2021  12:47:17,144663;9,413880E-1;1,292843E-1;1,347919E-1;9,275831E-1;;
02/12/2021  12:47:17,144763;9,409439E-1;1,076209E-1;1,044624E-1;9,279162E-1;;
02/12/2021  12:47:17,144863;9,406787E-1;1,302401E-1;1,306848E-1;9,282602E-1;;
02/12/2021  12:47:17,144963;9,422344E-1;1,700626E-1;1,809180E-1;9,286142E-1;;
02/12/2021  12:47:17,145063;9,431583E-1;1,318330E-1;1,341600E-1;9,289775E-1;;
02/12/2021  12:47:17,145163;9,424222E-1;1,280100E-1;1,325804E-1;9,293496E-1;;
02/12/2021  12:47:17,145263;9,419453E-1;1,162226E-1;1,202590E-1;9,297296E-1;;
02/12/2021  12:47:17,145363;9,410691E-1;1,178155E-1;7,602853E-2;9,301169E-1;;
02/12/2021  12:47:17,145463;9,427351E-1;1,222756E-1;1,107811E-1;9,305104E-1;;
02/12/2021  12:47:17,145563;9,424669E-1;1,334259E-1;1,300529E-1;9,309092E-1;;
02/12/2021  12:47:17,145663;9,413582E-1;1,289658E-1;1,347919E-1;9,313124E-1;;
02/12/2021  12:47:17,145763;9,412092E-1;1,206827E-1;1,243661E-1;9,317191E-1;;
02/12/2021  12:47:17,145863;9,418708E-1;1,382046E-1;1,347919E-1;9,321281E-1;;
02/12/2021  12:47:17,145963;9,427232E-1;1,525407E-1;1,689125E-1;9,325384E-1;;
02/12/2021  12:47:17,146063;9,423536E-1;1,088952E-1;1,196272E-1;9,329491E-1;;
02/12/2021  12:47:17,146163;9,417516E-1;1,076209E-1;9,909157E-2;9,333593E-1;;
02/12/2021  12:47:17,146263;9,415847E-1;1,442576E-1;1,708081E-1;9,337681E-1;;
02/12/2021  12:47:17,146363;9,412032E-1;1,391603E-1;1,313166E-1;9,341746E-1;;
02/12/2021  12:47:17,146463;9,418052E-1;1,216384E-1;1,041465E-1;9,345778E-1;;
02/12/2021  12:47:17,146563;9,419692E-1;1,308772E-1;1,256299E-1;9,349767E-1;;
02/12/2021  12:47:17,146663;9,412897E-1;1,305587E-1;1,227865E-1;9,353706E-1;;
02/12/2021  12:47:17,146763;9,407860E-1;4,581638E-2;1,249980E-1;9,357585E-1;;
02/12/2021  12:47:17,146863;9,416801E-1;1,251428E-1;1,265777E-1;9,361396E-1;;
02/12/2021  12:47:17,146963;9,421837E-1;5,027650E-2;6,623464E-2;9,365132E-1;;
02/12/2021  12:47:17,147063;9,421033E-1;1,114439E-1;1,060421E-1;9,368786E-1;;
02/12/2021  12:47:17,147163;9,412837E-1;1,159040E-1;1,212068E-1;9,372354E-1;;
02/12/2021  12:47:17,147263;9,403449E-1;1,283286E-1;1,227865E-1;9,375829E-1;;
02/12/2021  12:47:17,147363;9,403479E-1;7,162136E-2;1,066739E-1;9,379205E-1;;
02/12/2021  12:47:17,147463;9,414387E-1;1,088952E-1;1,363715E-1;9,382476E-1;;
02/12/2021  12:47:17,147563;9,417546E-1;9,933782E-2;1,129926E-1;9,385636E-1;;
02/12/2021  12:47:17,147663;9,413880E-1;1,225942E-1;1,256299E-1;9,388681E-1;;
02/12/2021  12:47:17,147763;9,410334E-1;9,901924E-2;1,164678E-1;9,391610E-1;;
02/12/2021  12:47:17,147863;9,414953E-1;9,901924E-2;9,435259E-2;9,394419E-1;;
02/12/2021  12:47:17,147963;9,429378E-1;1,076209E-1;1,183634E-1;9,397107E-1;;
02/12/2021  12:47:17,148063;9,434146E-1;1,238685E-1;1,199431E-1;9,399675E-1;;
02/12/2021  12:47:17,148163;9,429914E-1;1,079395E-1;1,294210E-1;9,402124E-1;;
02/12/2021  12:47:17,148263;9,427440E-1;9,678918E-2;1,129926E-1;9,404458E-1;;
02/12/2021  12:47:17,148363;9,440345E-1;9,105474E-2;1,073058E-1;9,406680E-1;;
02/12/2021  12:47:17,148463;9,449346E-1;1,060280E-1;1,404787E-1;9,408793E-1;;
02/12/2021  12:47:17,148563;9,453727E-1;9,169190E-2;1,000394E-1;9,410802E-1;;
02/12/2021  12:47:17,148663;9,452237E-1;1,044351E-1;1,177316E-1;9,412715E-1;;
02/12/2021  12:47:17,148763;9,451164E-1;1,025236E-1;1,095173E-1;9,414538E-1;;
02/12/2021  12:47:17,148863;9,470059E-1;1,098510E-1;1,265777E-1;9,416278E-1;;
02/12/2021  12:47:17,148963;9,477360E-1;1,152668E-1;1,259458E-1;9,417942E-1;;
02/12/2021  12:47:17,149063;9,483470E-1;1,229127E-1;1,328963E-1;9,419540E-1;;
02/12/2021  12:47:17,149163;9,479268E-1;1,178155E-1;1,325804E-1;9,421082E-1;;
02/12/2021  12:47:17,149263;9,482367E-1;1,190898E-1;1,278414E-1;9,422577E-1;;
02/12/2021  12:47:17,149363;9,495123E-1;1,270543E-1;1,455336E-1;9,424034E-1;;
02/12/2021  12:47:17,149463;9,506955E-1;1,448948E-1;1,322644E-1;9,425462E-1;;
02/12/2021  12:47:17,149563;9,505226E-1;1,550893E-1;1,373193E-1;9,426871E-1;;
02/12/2021  12:47:17,149663;9,510025E-1;1,694254E-1;1,439539E-1;9,428271E-1;;
02/12/2021  12:47:17,149763;9,513452E-1;1,879031E-1;1,676488E-1;9,429673E-1;;
02/12/2021  12:47:17,149863;9,534076E-1;1,945932E-1;2,172501E-1;9,431084E-1;;
02/12/2021  12:47:17,149963;9,535536E-1;1,433019E-1;1,385831E-1;9,432516E-1;;
02/12/2021  12:47:17,150063;9,540692E-1;1,426647E-1;1,436380E-1;9,433979E-1;;
02/12/2021  12:47:17,150163;9,538755E-1;1,439390E-1;1,452176E-1;9,435482E-1;;
02/12/2021  12:47:17,150263;9,539887E-1;1,480806E-1;1,727037E-1;9,437034E-1;;
02/12/2021  12:47:17,150363;9,554729E-1;1,203641E-1;1,205749E-1;9,438642E-1;;
02/12/2021  12:47:17,150463;9,556815E-1;1,327887E-1;1,287892E-1;9,440314E-1;;
02/12/2021  12:47:17,150563;9,562716E-1;1,283286E-1;1,354238E-1;9,442056E-1;;
02/12/2021  12:47:17,150663;9,560660E-1;1,618844E-2;9,340479E-2;9,443874E-1;;
02/12/2021  12:47:17,150763;9,569720E-1;1,292843E-1;1,310007E-1;9,445774E-1;;
02/12/2021  12:47:17,150863;9,580479E-1;1,270543E-1;1,110970E-1;9,447761E-1;;
02/12/2021  12:47:17,150963;9,587483E-1;1,044351E-1;1,164678E-1;9,449839E-1;;
02/12/2021  12:47:17,151063;9,587781E-1;1,347002E-1;1,373193E-1;9,452013E-1;;
02/12/2021  12:47:17,151163;9,586499E-1;9,997498E-2;1,145722E-1;9,454288E-1;;
02/12/2021  12:47:17,151263;9,589569E-1;1,378860E-1;1,449017E-1;9,456665E-1;;
02/12/2021  12:47:17,151363;9,593622E-1;1,391603E-1;1,610142E-1;9,459147E-1;;
02/12/2021  12:47:17,151463;9,598271E-1;1,296029E-1;1,316326E-1;9,461734E-1;;
02/12/2021  12:47:17,151563;9,595142E-1;1,296029E-1;1,313166E-1;9,464426E-1;;
02/12/2021  12:47:17,151663;9,591834E-1;1,289658E-1;1,268936E-1;9,467221E-1;;
02/12/2021  12:47:17,151763;9,597169E-1;1,280100E-1;1,316326E-1;9,470116E-1;;
02/12/2021  12:47:17,151863;9,608494E-1;1,315144E-1;1,129926E-1;9,473108E-1;;
02/12/2021  12:47:17,151963;9,613977E-1;1,394789E-1;1,155200E-1;9,476193E-1;;
02/12/2021  12:47:17,152063;9,602265E-1;1,162226E-1;1,212068E-1;9,479370E-1;;
02/12/2021  12:47:17,152163;9,597705E-1;1,235499E-1;1,281573E-1;9,482633E-1;;
02/12/2021  12:47:17,152263;9,604202E-1;1,069837E-1;9,782784E-2;9,485977E-1;;
02/12/2021  12:47:17,152363;9,611534E-1;7,544432E-2;8,582243E-2;9,489394E-1;;
02/12/2021  12:47:17,152463;9,617405E-1;9,519628E-2;1,016190E-1;9,492879E-1;;
02/12/2021  12:47:17,152563;9,612577E-1;1,073023E-1;1,193112E-1;9,496427E-1;;
02/12/2021  12:47:17,152663;9,619670E-1;1,283286E-1;1,272095E-1;9,500031E-1;;
02/12/2021  12:47:17,152763;9,625571E-1;1,289658E-1;1,262617E-1;9,503686E-1;;
02/12/2021  12:47:17,152863;9,633439E-1;1,410718E-1;1,616461E-1;9,507387E-1;;
02/12/2021  12:47:17,152963;9,629326E-1;1,292843E-1;1,275255E-1;9,511130E-1;;
02/12/2021  12:47:17,153063;9,627746E-1;1,127182E-1;8,866581E-2;9,514911E-1;;
02/12/2021  12:47:17,153163;9,623902E-1;1,483991E-1;1,572231E-1;9,518723E-1;;
02/12/2021  12:47:17,153263;9,630965E-1;1,347002E-1;1,297370E-1;9,522560E-1;;
02/12/2021  12:47:17,153363;9,635585E-1;1,417090E-1;1,433221E-1;9,526417E-1;;
02/12/2021  12:47:17,153463;9,635674E-1;1,130368E-1;1,164678E-1;9,530287E-1;;
02/12/2021  12:47:17,153563;9,626644E-1;1,184526E-1;1,114129E-1;9,534164E-1;;
02/12/2021  12:47:17,153663;9,627717E-1;1,251428E-1;1,322644E-1;9,538043E-1;;
02/12/2021  12:47:17,153763;9,628313E-1;1,292843E-1;1,268936E-1;9,541915E-1;;
02/12/2021  12:47:17,153863;9,629296E-1;1,340630E-1;1,278414E-1;9,545774E-1;;
02/12/2021  12:47:17,153963;9,627389E-1;1,321516E-1;1,464814E-1;9,549612E-1;;
02/12/2021  12:47:17,154063;9,618060E-1;1,426647E-1;1,449017E-1;9,553421E-1;;
02/12/2021  12:47:17,154163;9,621309E-1;1,085766E-1;1,275255E-1;9,557193E-1;;
02/12/2021  12:47:17,154263;9,626614E-1;8,850610E-2;7,697633E-2;9,560921E-1;;
02/12/2021  12:47:17,154363;9,622889E-1;1,267357E-1;1,259458E-1;9,564596E-1;;
02/12/2021  12:47:17,154463;9,617584E-1;1,366117E-1;1,493248E-1;9,568213E-1;;
02/12/2021  12:47:17,154563;9,612934E-1;1,331073E-1;1,338441E-1;9,571762E-1;;
02/12/2021  12:47:17,154663;9,609567E-1;1,391603E-1;1,259458E-1;9,575237E-1;;
02/12/2021  12:47:17,154763;9,618478E-1;1,563636E-1;1,562753E-1;9,578630E-1;;
02/12/2021  12:47:17,154863;9,616153E-1;1,143111E-1;1,199431E-1;9,581934E-1;;
02/12/2021  12:47:17,154963;9,615438E-1;1,302401E-1;1,189953E-1;9,585143E-1;;
02/12/2021  12:47:17,155063;9,605633E-1;1,366117E-1;1,278414E-1;9,588253E-1;;
02/12/2021  12:47:17,155163;9,608553E-1;1,276914E-1;1,249980E-1;9,591257E-1;;
02/12/2021  12:47:17,155263;9,616809E-1;1,104881E-1;1,322644E-1;9,594149E-1;;
02/12/2021  12:47:17,155363;9,612010E-1;1,257800E-1;1,240502E-1;9,596928E-1;;
02/12/2021  12:47:17,155463;9,603606E-1;1,340630E-1;1,243661E-1;9,599588E-1;;
02/12/2021  12:47:17,155563;9,601609E-1;1,331073E-1;1,123607E-1;9,602127E-1;;
02/12/2021  12:47:17,155663;9,598361E-1;1,289658E-1;1,205749E-1;9,604540E-1;;
02/12/2021  12:47:17,155763;9,612219E-1;1,184526E-1;1,256299E-1;9,606825E-1;;
02/12/2021  12:47:17,155863;9,610431E-1;1,331073E-1;1,388990E-1;9,608979E-1;;
02/12/2021  12:47:17,155963;9,601877E-1;1,299215E-1;1,347919E-1;9,611002E-1;;
02/12/2021  12:47:17,156063;9,592907E-1;1,238685E-1;1,170997E-1;9,612894E-1;;
02/12/2021  12:47:17,156163;9,593682E-1;3,530324E-2;1,016190E-1;9,614652E-1;;
02/12/2021  12:47:17,156263;9,595470E-1;1,219570E-1;1,319485E-1;9,616275E-1;;
02/12/2021  12:47:17,156363;9,592340E-1;1,372488E-1;1,354238E-1;9,617762E-1;;
02/12/2021  12:47:17,156463;9,589092E-1;1,359745E-1;1,328963E-1;9,619113E-1;;
02/12/2021  12:47:17,156563;9,582833E-1;1,190898E-1;1,148882E-1;9,620326E-1;;
02/12/2021  12:47:17,156663;9,579823E-1;1,751599E-1;1,673329E-1;9,621402E-1;;
02/12/2021  12:47:17,156763;9,583817E-1;1,499920E-1;1,388990E-1;9,622340E-1;;
02/12/2021  12:47:17,156863;9,575949E-1;1,391603E-1;1,338441E-1;9,623139E-1;;
02/12/2021  12:47:17,156963;9,567813E-1;1,136739E-1;1,297370E-1;9,623800E-1;;
02/12/2021  12:47:17,157063;9,555265E-1;1,241871E-1;1,196272E-1;9,624321E-1;;
02/12/2021  12:47:17,157163;9,558663E-1;1,433019E-1;1,303688E-1;9,624702E-1;;
02/12/2021  12:47:17,157263;9,549901E-1;1,471248E-1;1,622780E-1;9,624940E-1;;
02/12/2021  12:47:17,157363;9,542718E-1;1,321516E-1;1,319485E-1;9,625034E-1;;
02/12/2021  12:47:17,157463;9,533986E-1;1,308772E-1;1,430061E-1;9,624982E-1;;
02/12/2021  12:47:17,157563;9,524419E-1;1,343816E-1;1,379512E-1;9,624780E-1;;
02/12/2021  12:47:17,157663;9,522840E-1;2,861306E-2;8,487463E-2;9,624427E-1;;
02/12/2021  12:47:17,157763;9,516045E-1;1,162226E-1;1,208909E-1;9,623919E-1;;
02/12/2021  12:47:17,157863;9,508028E-1;1,248242E-1;1,221546E-1;9,623253E-1;;
02/12/2021  12:47:17,157963;9,492977E-1;1,260985E-1;1,212068E-1;9,622428E-1;;
02/12/2021  12:47:17,158063;9,479476E-1;1,426647E-1;1,486929E-1;9,621439E-1;;
02/12/2021  12:47:17,158163;9,474291E-1;1,538150E-1;1,824976E-1;9,620281E-1;;
02/12/2021  12:47:17,158263;9,472056E-1;1,321516E-1;1,328963E-1;9,618950E-1;;
02/12/2021  12:47:17,158363;9,461833E-1;1,108067E-1;1,183634E-1;9,617442E-1;;
02/12/2021  12:47:17,158463;9,452535E-1;1,410718E-1;1,360556E-1;9,615753E-1;;
02/12/2021  12:47:17,158563;9,443862E-1;1,356559E-1;1,291051E-1;9,613881E-1;;
02/12/2021  12:47:17,158663;9,440673E-1;1,337445E-1;1,385831E-1;9,611822E-1;;
02/12/2021  12:47:17,158763;9,437693E-1;1,251428E-1;1,256299E-1;9,609573E-1;;
02/12/2021  12:47:17,158863;9,424252E-1;1,334259E-1;1,401627E-1;9,607134E-1;;
02/12/2021  12:47:17,158963;9,419751E-1;1,350188E-1;1,366875E-1;9,604504E-1;;
02/12/2021  12:47:17,159063;9,406250E-1;9,933782E-2;8,929768E-2;9,601683E-1;;
02/12/2021  12:47:17,159163;9,411168E-1;1,174969E-1;1,148882E-1;9,598668E-1;;
02/12/2021  12:47:17,159263;9,409022E-1;1,216384E-1;1,246821E-1;9,595462E-1;;
02/12/2021  12:47:17,159363;9,390276E-1;1,385232E-1;1,363715E-1;9,592067E-1;;
02/12/2021  12:47:17,159463;9,375881E-1;1,656025E-1;1,417424E-1;9,588483E-1;;
02/12/2021  12:47:17,159563;9,368907E-1;9,838208E-2;9,403666E-2;9,584714E-1;;
02/12/2021  12:47:17,159663;9,371560E-1;1,369303E-1;1,401627E-1;9,580758E-1;;
02/12/2021  12:47:17,159763;9,357582E-1;1,171783E-1;1,256299E-1;9,576617E-1;;
02/12/2021  12:47:17,159863;9,347360E-1;1,359745E-1;1,313166E-1;9,572294E-1;;
02/12/2021  12:47:17,159963;9,326766E-1;1,327887E-1;1,430061E-1;9,567790E-1;;
02/12/2021  12:47:17,160063;9,317646E-1;9,806350E-2;1,107811E-1;9,563106E-1;;
02/12/2021  12:47:17,160163;9,314845E-1;9,806350E-2;9,214107E-2;9,558241E-1;;
02/12/2021  12:47:17,160263;9,310076E-1;1,264171E-1;1,294210E-1;9,553197E-1;;
02/12/2021  12:47:17,160363;9,297976E-1;1,206827E-1;1,212068E-1;9,547975E-1;;
02/12/2021  12:47:17,160463;9,284863E-1;9,264764E-2;1,025668E-1;9,542576E-1;;
02/12/2021  12:47:17,160563;9,283134E-1;9,551486E-2;1,120448E-1;9,537003E-1;;
02/12/2021  12:47:17,160663;9,277174E-1;1,178155E-1;1,145722E-1;9,531259E-1;;
02/12/2021  12:47:17,160763;9,275892E-1;8,882468E-2;9,435259E-2;9,525346E-1;;
02/12/2021  12:47:17,160863;9,259471E-1;1,060280E-1;1,082536E-1;9,519270E-1;;
02/12/2021  12:47:17,160963;9,252169E-1;1,143111E-1;1,158360E-1;9,513036E-1;;
02/12/2021  12:47:17,161063;9,249993E-1;7,130278E-2;8,013565E-2;9,506648E-1;;
02/12/2021  12:47:17,161163;9,248444E-1;4,804644E-2;7,508074E-2;9,500112E-1;;
02/12/2021  12:47:17,161263;9,241023E-1;5,951532E-2;7,887192E-2;9,493433E-1;;
02/12/2021  12:47:17,161363;9,233125E-1;9,615202E-2;1,095173E-1;9,486621E-1;;
02/12/2021  12:47:17,161463;9,222515E-1;8,786894E-2;9,308886E-2;9,479681E-1;;
02/12/2021  12:47:17,161563;9,228595E-1;9,009900E-2;8,740209E-2;9,472621E-1;;
02/12/2021  12:47:17,161663;9,222515E-1;1,095324E-1;1,499566E-1;9,465450E-1;;
02/12/2021  12:47:17,161763;9,213038E-1;1,034794E-1;1,202590E-1;9,458177E-1;;
02/12/2021  12:47:17,161863;9,204544E-1;9,519628E-2;1,050943E-1;9,450811E-1;;
02/12/2021  12:47:17,161963;9,192503E-1;1,022050E-1;1,189953E-1;9,443359E-1;;
02/12/2021  12:47:17,162063;9,193845E-1;1,694254E-1;1,528000E-1;9,435830E-1;;
02/12/2021  12:47:17,162163;9,196706E-1;1,159040E-1;1,373193E-1;9,428232E-1;;
02/12/2021  12:47:17,162263;9,187973E-1;1,159040E-1;1,259458E-1;9,420573E-1;;
02/12/2021  12:47:17,162363;9,179450E-1;1,311958E-1;1,297370E-1;9,412864E-1;;
02/12/2021  12:47:17,162463;9,178347E-1;2,082922E-1;1,960827E-1;9,405113E-1;;
02/12/2021  12:47:17,162563;9,177900E-1;1,961861E-1;1,714400E-1;9,397329E-1;;
02/12/2021  12:47:17,162663;9,179628E-1;1,630538E-1;1,461654E-1;9,389523E-1;;
02/12/2021  12:47:17,162763;9,171939E-1;1,624167E-1;1,401627E-1;9,381704E-1;;
02/12/2021  12:47:17,162863;9,168601E-1;1,675139E-1;1,524841E-1;9,373882E-1;;
02/12/2021  12:47:17,162963;9,162790E-1;1,627352E-1;1,594346E-1;9,366069E-1;;
02/12/2021  12:47:17,163063;9,166873E-1;3,880762E-2;8,045158E-2;9,358272E-1;;
02/12/2021  12:47:17,163163;9,168154E-1;1,359745E-1;1,439539E-1;9,350503E-1;;
02/12/2021  12:47:17,163263;9,157515E-1;1,305587E-1;1,512204E-1;9,342772E-1;;
02/12/2021  12:47:17,163363;9,155190E-1;1,311958E-1;1,306848E-1;9,335089E-1;;
02/12/2021  12:47:17,163463;9,154058E-1;1,120810E-1;1,186794E-1;9,327462E-1;;
02/12/2021  12:47:17,163563;9,153879E-1;1,143111E-1;1,240502E-1;9,319901E-1;;
02/12/2021  12:47:17,163663;9,154654E-1;1,184526E-1;1,256299E-1;9,312415E-1;;
02/12/2021  12:47:17,163763;9,152955E-1;1,257800E-1;9,656411E-2;9,305012E-1;;
02/12/2021  12:47:17,163863;9,138858E-1;9,455912E-2;1,013031E-1;9,297700E-1;;
02/12/2021  12:47:17,163963;9,138858E-1;1,101695E-1;1,120448E-1;9,290488E-1;;
02/12/2021  12:47:17,164063;9,138739E-1;1,203641E-1;1,082536E-1;9,283381E-1;;
02/12/2021  12:47:17,164163;9,148753E-1;1,289658E-1;1,291051E-1;9,276385E-1;;
02/12/2021  12:47:17,164263;9,141272E-1;1,088952E-1;1,095173E-1;9,269507E-1;;
02/12/2021  12:47:17,164363;9,140944E-1;7,512574E-2;8,708615E-2;9,262754E-1;;
02/12/2021  12:47:17,164463;9,145891E-1;1,114439E-1;1,196272E-1;9,256133E-1;;
02/12/2021  12:47:17,164563;9,160406E-1;1,691068E-1;1,376353E-1;9,249650E-1;;
02/12/2021  12:47:17,164663;9,156621E-1;1,136739E-1;1,076217E-1;9,243313E-1;;
02/12/2021  12:47:17,164763;9,159959E-1;1,264171E-1;1,253139E-1;9,237133E-1;;
02/12/2021  12:47:17,164863;9,157336E-1;1,127182E-1;1,126766E-1;9,231116E-1;;
02/12/2021  12:47:17,164963;9,168005E-1;1,315144E-1;1,591187E-1;9,225271E-1;;
02/12/2021  12:47:17,165063;9,180850E-1;1,378860E-1;1,249980E-1;9,219606E-1;;
02/12/2021  12:47:17,165163;9,186096E-1;1,283286E-1;1,246821E-1;9,214131E-1;;
02/12/2021  12:47:17,165263;9,186096E-1;1,311958E-1;1,310007E-1;9,208856E-1;;
02/12/2021  12:47:17,165363;9,179897E-1;1,095324E-1;1,161519E-1;9,203789E-1;;
02/12/2021  12:47:17,165463;9,200878E-1;2,988738E-2;8,487463E-2;9,198939E-1;;
02/12/2021  12:47:17,165563;9,210266E-1;1,260985E-1;1,234183E-1;9,194315E-1;;
02/12/2021  12:47:17,165663;9,216763E-1;1,283286E-1;1,208909E-1;9,189925E-1;;
02/12/2021  12:47:17,165763;9,208686E-1;1,155854E-1;1,445858E-1;9,185779E-1;;
02/12/2021  12:47:17,165863;9,218462E-1;1,245056E-1;1,262617E-1;9,181885E-1;;
02/12/2021  12:47:17,165963;9,226598E-1;1,433019E-1;1,313166E-1;9,178250E-1;;
02/12/2021  12:47:17,166063;9,235628E-1;1,251428E-1;1,483770E-1;9,174879E-1;;
02/12/2021  12:47:17,166163;9,238996E-1;1,088952E-1;1,060421E-1;9,171779E-1;;
02/12/2021  12:47:17,166263;9,244510E-1;1,359745E-1;1,407946E-1;9,168956E-1;;
02/12/2021  12:47:17,166363;9,247222E-1;1,388417E-1;1,363715E-1;9,166414E-1;;
02/12/2021  12:47:17,166463;9,260216E-1;9,997498E-2;1,158360E-1;9,164159E-1;;
02/12/2021  12:47:17,166563;9,274491E-1;1,127182E-1;1,142563E-1;9,162193E-1;;
02/12/2021  12:47:17,166663;9,273270E-1;1,362931E-1;1,370034E-1;9,160521E-1;;
02/12/2021  12:47:17,166763;9,278843E-1;1,203641E-1;1,227865E-1;9,159146E-1;;
02/12/2021  12:47:17,166863;9,286323E-1;1,222756E-1;1,509044E-1;9,158072E-1;;
02/12/2021  12:47:17,166963;9,295950E-1;1,369303E-1;1,490088E-1;9,157299E-1;;
02/12/2021  12:47:17,167063;9,308765E-1;1,133553E-1;1,167838E-1;9,156829E-1;;
02/12/2021  12:47:17,167163;9,313623E-1;1,391603E-1;1,398468E-1;9,156664E-1;;
02/12/2021  12:47:17,167263;9,318689E-1;1,442576E-1;1,316326E-1;9,156804E-1;;
02/12/2021  12:47:17,167363;9,325693E-1;1,439390E-1;1,395309E-1;9,157249E-1;;
02/12/2021  12:47:17,167463;9,344886E-1;1,216384E-1;1,420583E-1;9,158000E-1;;
02/12/2021  12:47:17,167563;9,358357E-1;1,203641E-1;1,196272E-1;9,159056E-1;;
02/12/2021  12:47:17,167663;9,370606E-1;1,340630E-1;1,401627E-1;9,160418E-1;;
02/12/2021  12:47:17,167763;9,365569E-1;1,143111E-1;1,126766E-1;9,162087E-1;;
02/12/2021  12:47:17,167863;9,372663E-1;9,551486E-2;7,950379E-2;9,164062E-1;;
02/12/2021  12:47:17,167963;9,392750E-1;1,347002E-1;1,259458E-1;9,166342E-1;;
02/12/2021  12:47:17,168063;9,405505E-1;1,305587E-1;1,379512E-1;9,168924E-1;;
02/12/2021  12:47:17,168163;9,410661E-1;1,229127E-1;1,357397E-1;9,171808E-1;;
02/12/2021  12:47:17,168263;9,415758E-1;7,735580E-2;9,688005E-2;9,174990E-1;;
02/12/2021  12:47:17,168363;9,430391E-1;1,117624E-1;1,208909E-1;9,178469E-1;;
02/12/2021  12:47:17,168463;9,452475E-1;9,647060E-2;7,729226E-2;9,182242E-1;;
02/12/2021  12:47:17,168563;9,456260E-1;1,286472E-1;1,278414E-1;9,186306E-1;;
02/12/2021  12:47:17,168663;9,464128E-1;1,254614E-1;1,212068E-1;9,190660E-1;;
02/12/2021  12:47:17,168763;9,464933E-1;8,786894E-2;1,085695E-1;9,195300E-1;;
02/12/2021  12:47:17,168863;9,478225E-1;1,273729E-1;1,392149E-1;9,200222E-1;;
02/12/2021  12:47:17,168963;9,496464E-1;1,477620E-1;1,417424E-1;9,205419E-1;;
02/12/2021  12:47:17,169063;9,500547E-1;1,289658E-1;1,303688E-1;9,210888E-1;;
02/12/2021  12:47:17,169163;9,503945E-1;1,232313E-1;1,240502E-1;9,216622E-1;;
02/12/2021  12:47:17,169263;9,508803E-1;1,213198E-1;1,287892E-1;9,222616E-1;;
02/12/2021  12:47:17,169363;9,520098E-1;1,442576E-1;1,461654E-1;9,228860E-1;;
02/12/2021  12:47:17,169463;9,533152E-1;1,378860E-1;1,069899E-1;9,235348E-1;;
02/12/2021  12:47:17,169563;9,538874E-1;1,168597E-1;1,208909E-1;9,242069E-1;;
02/12/2021  12:47:17,169663;9,543225E-1;1,168597E-1;1,256299E-1;9,249017E-1;;
02/12/2021  12:47:17,169763;9,537563E-1;1,235499E-1;1,313166E-1;9,256180E-1;;
02/12/2021  12:47:17,169863;9,546503E-1;3,562182E-2;6,402312E-2;9,263549E-1;;
02/12/2021  12:47:17,169963;9,557024E-1;1,133553E-1;1,107811E-1;9,271109E-1;;
02/12/2021  12:47:17,170063;9,565577E-1;1,165411E-1;1,155200E-1;9,278850E-1;;
02/12/2021  12:47:17,170163;9,561256E-1;1,436204E-1;1,354238E-1;9,286757E-1;;
02/12/2021  12:47:17,170263;9,562955E-1;9,647060E-2;1,082536E-1;9,294819E-1;;
02/12/2021  12:47:17,170363;9,575204E-1;1,225942E-1;1,006712E-1;9,303021E-1;;
02/12/2021  12:47:17,170463;9,583966E-1;1,566822E-1;1,856569E-1;9,311349E-1;;
02/12/2021  12:47:17,170563;9,590373E-1;1,149482E-1;1,215227E-1;9,319789E-1;;
02/12/2021  12:47:17,170663;9,592966E-1;8,245308E-2;1,035146E-1;9,328328E-1;;
02/12/2021  12:47:17,170763;9,591655E-1;1,397975E-1;1,426902E-1;9,336955E-1;;
02/12/2021  12:47:17,170863;9,601252E-1;1,318330E-1;1,265777E-1;9,345654E-1;;
02/12/2021  12:47:17,170963;9,606407E-1;1,155854E-1;1,325804E-1;9,354413E-1;;
02/12/2021  12:47:17,171063;9,611802E-1;1,343816E-1;1,310007E-1;9,363219E-1;;
02/12/2021  12:47:17,171163;9,610908E-1;1,159040E-1;1,215227E-1;9,372059E-1;;
02/12/2021  12:47:17,171263;9,613769E-1;1,216384E-1;1,316326E-1;9,380921E-1;;
02/12/2021  12:47:17,171363;9,624587E-1;1,206827E-1;1,202590E-1;9,389790E-1;;
02/12/2021  12:47:17,171463;9,629624E-1;1,407532E-1;1,354238E-1;9,398656E-1;;
02/12/2021  12:47:17,171563;9,624647E-1;1,649653E-1;1,790224E-1;9,407506E-1;;
02/12/2021  12:47:17,171663;9,617673E-1;1,251428E-1;1,313166E-1;9,416329E-1;;
02/12/2021  12:47:17,171763;9,617703E-1;1,286472E-1;1,265777E-1;9,425111E-1;;
02/12/2021  12:47:17,171863;9,624468E-1;6,875414E-2;1,373193E-1;9,433838E-1;;
02/12/2021  12:47:17,171963;9,625541E-1;1,213198E-1;1,256299E-1;9,442498E-1;;
02/12/2021  12:47:17,172063;9,625392E-1;1,308772E-1;1,287892E-1;9,451076E-1;;
02/12/2021  12:47:17,172163;9,617107E-1;1,356559E-1;1,351078E-1;9,459560E-1;;
02/12/2021  12:47:17,172263;9,614871E-1;8,563888E-2;8,961361E-2;9,467937E-1;;
02/12/2021  12:47:17,172363;9,625183E-1;1,187712E-1;1,294210E-1;9,476194E-1;;
02/12/2021  12:47:17,172463;9,622412E-1;1,356559E-1;1,291051E-1;9,484318E-1;;
02/12/2021  12:47:17,172563;9,616183E-1;9,870066E-2;9,182514E-2;9,492297E-1;;
02/12/2021  12:47:17,172663;9,608732E-1;1,468062E-1;1,695444E-1;9,500120E-1;;
02/12/2021  12:47:17,172763;9,611057E-1;1,324701E-1;1,259458E-1;9,507775E-1;;
02/12/2021  12:47:17,172863;9,614246E-1;1,420275E-1;1,613302E-1;9,515248E-1;;
02/12/2021  12:47:17,172963;9,613858E-1;1,340630E-1;1,310007E-1;9,522531E-1;;
02/12/2021  12:47:17,173063;9,607033E-1;3,148028E-2;7,571260E-2;9,529613E-1;;
02/12/2021  12:47:17,173163;9,603576E-1;1,257800E-1;1,306848E-1;9,536486E-1;;
02/12/2021  12:47:17,173263;9,598867E-1;1,289658E-1;1,275255E-1;9,543139E-1;;
02/12/2021  12:47:17,173363;9,602801E-1;1,229127E-1;1,268936E-1;9,549564E-1;;
02/12/2021  12:47:17,173463;9,595440E-1;1,069837E-1;1,174156E-1;9,555752E-1;;
02/12/2021  12:47:17,173563;9,590463E-1;1,111253E-1;1,202590E-1;9,561697E-1;;
02/12/2021  12:47:17,173663;9,574339E-1;1,181340E-1;1,031987E-1;9,567391E-1;;
02/12/2021  12:47:17,173763;9,574786E-1;1,194084E-1;1,812339E-1;9,572825E-1;;
02/12/2021  12:47:17,173863;9,573505E-1;6,110822E-2;8,866581E-2;9,577992E-1;;
02/12/2021  12:47:17,173963;9,566680E-1;1,076209E-1;1,170997E-1;9,582883E-1;;
02/12/2021  12:47:17,174063;9,556398E-1;1,088952E-1;1,205749E-1;9,587493E-1;;
02/12/2021  12:47:17,174163;9,543791E-1;6,461260E-2;1,095173E-1;9,591816E-1;;
02/12/2021  12:47:17,174263;9,544209E-1;1,236548E-2;6,023194E-2;9,595842E-1;;
02/12/2021  12:47:17,174363;9,549365E-1;1,031608E-1;1,019350E-1;9,599568E-1;;
02/12/2021  12:47:17,174463;9,542450E-1;7,990444E-2;9,466852E-2;9,602989E-1;;
02/12/2021  12:47:17,174563;9,527787E-1;1,025236E-1;1,278414E-1;9,606101E-1;;
02/12/2021  12:47:17,174663;9,522095E-1;1,053908E-1;1,133085E-1;9,608902E-1;;
02/12/2021  12:47:17,174763;9,517624E-1;1,015679E-1;1,095173E-1;9,611390E-1;;
02/12/2021  12:47:17,174863;9,523734E-1;7,990444E-2;1,635417E-1;9,613561E-1;;
02/12/2021  12:47:17,174963;9,511813E-1;1,143111E-1;1,243661E-1;9,615416E-1;;
02/12/2021  12:47:17,175063;9,502246E-1;1,197269E-1;1,616461E-1;9,616955E-1;;
02/12/2021  12:47:17,175163;9,492560E-1;1,130368E-1;1,319485E-1;9,618178E-1;;
02/12/2021  12:47:17,175263;9,495630E-1;1,171783E-1;1,272095E-1;9,619087E-1;;
02/12/2021  12:47:17,175363;9,496405E-1;1,315144E-1;1,366875E-1;9,619682E-1;;
02/12/2021  12:47:17,175463;9,486689E-1;1,592309E-1;1,493248E-1;9,619968E-1;;
02/12/2021  12:47:17,175563;9,472145E-1;7,703722E-2;7,508074E-2;9,619948E-1;;
02/12/2021  12:47:17,175663;9,457512E-1;1,996905E-1;1,711241E-1;9,619626E-1;;
02/12/2021  12:47:17,175763;9,454978E-1;1,726112E-1;1,556434E-1;9,619004E-1;;
02/12/2021  12:47:17,175863;9,449316E-1;1,636910E-1;1,540637E-1;9,618085E-1;;
02/12/2021  12:47:17,175963;9,439928E-1;1,831244E-1;1,663851E-1;9,616870E-1;;
02/12/2021  12:47:17,176063;9,426457E-1;1,503106E-1;1,253139E-1;9,615364E-1;;
02/12/2021  12:47:17,176163;9,413135E-1;1,401161E-1;1,351078E-1;9,613570E-1;;
02/12/2021  12:47:17,176263;9,417456E-1;1,337445E-1;1,442698E-1;9,611489E-1;;
02/12/2021  12:47:17,176363;9,411019E-1;1,496735E-1;1,471132E-1;9,609126E-1;;
02/12/2021  12:47:17,176463;9,401780E-1;1,420275E-1;1,534319E-1;9,606485E-1;;
02/12/2021  12:47:17,176563;9,385061E-1;1,127182E-1;1,193112E-1;9,603571E-1;;
02/12/2021  12:47:17,176663;9,376120E-1;1,225942E-1;1,246821E-1;9,600389E-1;;
02/12/2021  12:47:17,176763;9,388577E-1;1,280100E-1;1,341600E-1;9,596944E-1;;
02/12/2021  12:47:17,176863;9,377848E-1;1,315144E-1;1,294210E-1;9,593241E-1;;
02/12/2021  12:47:17,176963;9,370725E-1;1,267357E-1;1,300529E-1;9,589288E-1;;
02/12/2021  12:47:17,177063;9,362619E-1;1,436204E-1;1,398468E-1;9,585094E-1;;
02/12/2021  12:47:17,177163;9,356658E-1;1,324701E-1;1,319485E-1;9,580668E-1;;
02/12/2021  12:47:17,177263;9,360950E-1;1,560451E-1;1,698603E-1;9,576016E-1;;
02/12/2021  12:47:17,177363;9,357642E-1;1,216384E-1;1,291051E-1;9,571150E-1;;
02/12/2021  12:47:17,177463;9,344737E-1;1,085766E-1;9,308886E-2;9,566081E-1;;
02/12/2021  12:47:17,177563;9,335558E-1;1,216384E-1;1,275255E-1;9,560819E-1;;
02/12/2021  12:47:17,177663;9,323905E-1;1,413904E-1;1,360556E-1;9,555374E-1;;
02/12/2021  12:47:17,177763;9,325991E-1;1,327887E-1;1,104651E-1;9,549756E-1;;
02/12/2021  12:47:17,177863;9,316722E-1;1,353374E-1;1,287892E-1;9,543972E-1;;
02/12/2021  12:47:17,177963;9,306768E-1;1,123996E-1;1,044624E-1;9,538033E-1;;
02/12/2021  12:47:17,178063;9,293565E-1;1,359745E-1;1,341600E-1;9,531948E-1;;
02/12/2021  12:47:17,178163;9,287843E-1;1,276914E-1;1,221546E-1;9,525725E-1;;
02/12/2021  12:47:17,178263;9,296784E-1;1,022050E-1;9,719598E-2;9,519370E-1;;
02/12/2021  12:47:17,178363;9,293655E-1;9,933782E-2;1,088855E-1;9,512894E-1;;
02/12/2021  12:47:17,178463;9,284982E-1;1,232313E-1;1,256299E-1;9,506306E-1;;
02/12/2021  12:47:17,178563;9,274015E-1;1,378860E-1;1,253139E-1;9,499617E-1;;
02/12/2021  12:47:17,178663;9,274730E-1;1,216384E-1;1,183634E-1;9,492836E-1;;
02/12/2021  12:47:17,178763;9,283492E-1;1,060280E-1;1,117289E-1;9,485975E-1;;
02/12/2021  12:47:17,178863;9,280720E-1;1,283286E-1;1,366875E-1;9,479043E-1;;
02/12/2021  12:47:17,178963;9,278753E-1;1,267357E-1;1,313166E-1;9,472054E-1;;
02/12/2021  12:47:17,179063;9,267816E-1;1,152668E-1;1,221546E-1;9,465020E-1;;
02/12/2021  12:47:17,179163;9,272554E-1;1,337445E-1;1,300529E-1;9,457954E-1;;
02/12/2021  12:47:17,179263;9,279021E-1;2,073364E-1;2,232528E-1;9,450868E-1;;
02/12/2021  12:47:17,179363;9,277740E-1;1,327887E-1;1,385831E-1;9,443774E-1;;
02/12/2021  12:47:17,179463;9,263226E-1;1,649653E-1;1,322644E-1;9,436687E-1;;
02/12/2021  12:47:17,179563;9,251543E-1;1,276914E-1;1,234183E-1;9,429618E-1;;
02/12/2021  12:47:17,179663;9,250977E-1;1,159040E-1;1,224705E-1;9,422577E-1;;
02/12/2021  12:47:17,179763;9,258487E-1;1,203641E-1;1,376353E-1;9,415573E-1;;
02/12/2021  12:47:17,179863;9,249397E-1;1,308772E-1;1,256299E-1;9,408615E-1;;
02/12/2021  12:47:17,179963;9,243884E-1;1,347002E-1;1,316326E-1;9,401711E-1;;
02/12/2021  12:47:17,180063;9,237566E-1;1,095324E-1;1,139404E-1;9,394870E-1;;
02/12/2021  12:47:17,180163;9,241976E-1;1,130368E-1;1,092014E-1;9,388098E-1;;
02/12/2021  12:47:17,180263;9,241052E-1;1,401161E-1;1,426902E-1;9,381403E-1;;
02/12/2021  12:47:17,180363;9,238013E-1;1,143111E-1;1,234183E-1;9,374791E-1;;
02/12/2021  12:47:17,180463;9,223767E-1;1,088952E-1;1,129926E-1;9,368269E-1;;
02/12/2021  12:47:17,180563;9,225227E-1;7,958586E-2;1,218387E-1;9,361842E-1;;
02/12/2021  12:47:17,180663;9,228952E-1;1,394789E-1;1,578549E-1;9,355514E-1;;
02/12/2021  12:47:17,180763;9,236761E-1;1,114439E-1;1,272095E-1;9,349291E-1;;
02/12/2021  12:47:17,180863;9,238519E-1;1,216384E-1;1,202590E-1;9,343177E-1;;
02/12/2021  12:47:17,180963;9,229698E-1;1,273729E-1;1,253139E-1;9,337179E-1;;
02/12/2021  12:47:17,181063;9,236105E-1;1,429833E-1;1,657532E-1;9,331305E-1;;
02/12/2021  12:47:17,181163;9,241529E-1;1,362931E-1;1,445858E-1;9,325559E-1;;
02/12/2021  12:47:17,181263;9,244092E-1;1,238685E-1;1,297370E-1;9,319947E-1;;
02/12/2021  12:47:17,181363;9,238847E-1;1,318330E-1;1,272095E-1;9,314478E-1;;
02/12/2021  12:47:17,181463;9,236701E-1;1,455319E-1;1,619620E-1;9,309156E-1;;
02/12/2021  12:47:17,181563;9,233304E-1;1,340630E-1;1,253139E-1;9,303987E-1;;
02/12/2021  12:47:17,181663;9,237864E-1;1,382046E-1;1,016190E-1;9,298974E-1;;
02/12/2021  12:47:17,181763;9,240665E-1;1,296029E-1;1,215227E-1;9,294122E-1;;
02/12/2021  12:47:17,181863;9,236344E-1;1,254614E-1;1,281573E-1;9,289432E-1;;
02/12/2021  12:47:17,181963;9,232529E-1;1,184526E-1;1,328963E-1;9,284909E-1;;
02/12/2021  12:47:17,182063;9,235390E-1;1,356559E-1;1,281573E-1;9,280555E-1;;
02/12/2021  12:47:17,182163;9,245314E-1;1,194084E-1;1,328963E-1;9,276369E-1;;
02/12/2021  12:47:17,182263;9,244957E-1;1,184526E-1;1,186794E-1;9,272356E-1;;
02/12/2021  12:47:17,182363;9,246179E-1;1,190898E-1;1,246821E-1;9,268516E-1;;
02/12/2021  12:47:17,182463;9,240307E-1;1,206827E-1;1,054102E-1;9,264853E-1;;
02/12/2021  12:47:17,182563;9,249010E-1;1,245056E-1;1,291051E-1;9,261367E-1;;
02/12/2021  12:47:17,182663;9,268143E-1;1,248242E-1;1,496407E-1;9,258059E-1;;
02/12/2021  12:47:17,182763;9,272048E-1;1,238685E-1;1,237343E-1;9,254934E-1;;
02/12/2021  12:47:17,182863;9,274789E-1;1,197269E-1;1,268936E-1;9,251994E-1;;
02/12/2021  12:47:17,182963;9,274819E-1;2,479010E-2;8,171531E-2;9,249244E-1;;
02/12/2021  12:47:17,183063;9,287038E-1;1,353374E-1;1,107811E-1;9,246689E-1;;
02/12/2021  12:47:17,183163;9,300658E-1;1,327887E-1;1,278414E-1;9,244332E-1;;
02/12/2021  12:47:17,183263;9,305516E-1;1,327887E-1;1,212068E-1;9,242179E-1;;
02/12/2021  12:47:17,183363;9,300599E-1;1,436204E-1;1,657532E-1;9,240234E-1;;
02/12/2021  12:47:17,183463;9,296367E-1;1,308772E-1;1,256299E-1;9,238503E-1;;
02/12/2021  12:47:17,183563;9,309659E-1;1,041165E-1;1,148882E-1;9,236985E-1;;
02/12/2021  12:47:17,183663;9,312639E-1;1,649653E-1;1,745993E-1;9,235685E-1;;
02/12/2021  12:47:17,183763;9,317795E-1;1,219570E-1;1,189953E-1;9,234601E-1;;
02/12/2021  12:47:17,183863;9,321014E-1;-2,289202E-3;6,844617E-2;9,233736E-1;;
02/12/2021  12:47:17,183963;9,318838E-1;1,248242E-1;1,240502E-1;9,233090E-1;;
02/12/2021  12:47:17,184063;9,327958E-1;1,264171E-1;1,328963E-1;9,232662E-1;;
02/12/2021  12:47:17,184163;9,335915E-1;1,257800E-1;1,316326E-1;9,232450E-1;;
02/12/2021  12:47:17,184263;9,345244E-1;1,152668E-1;1,246821E-1;9,232455E-1;;
02/12/2021  12:47:17,184363;9,338896E-1;1,184526E-1;1,073058E-1;9,232675E-1;;
02/12/2021  12:47:17,184463;9,337912E-1;1,452133E-1;1,799702E-1;9,233108E-1;;
02/12/2021  12:47:17,184563;9,348343E-1;1,433019E-1;1,414265E-1;9,233752E-1;;
02/12/2021  12:47:17,184663;9,357135E-1;1,331073E-1;1,325804E-1;9,234602E-1;;
02/12/2021  12:47:17,184763;9,363781E-1;1,324701E-1;1,313166E-1;9,235655E-1;;
02/12/2021  12:47:17,184863;9,369980E-1;1,216384E-1;1,155200E-1;9,236909E-1;;
02/12/2021  12:47:17,184963;9,374451E-1;1,146297E-1;1,316326E-1;9,238360E-1;;
02/12/2021  12:47:17,185063;9,388726E-1;1,391603E-1;1,629098E-1;9,240007E-1;;
02/12/2021  12:47:17,185163;9,401273E-1;1,159040E-1;1,259458E-1;9,241848E-1;;
02/12/2021  12:47:17,185263;9,401333E-1;1,079395E-1;1,221546E-1;9,243881E-1;;
02/12/2021  12:47:17,185363;9,400797E-1;1,225942E-1;1,237343E-1;9,246106E-1;;
02/12/2021  12:47:17,185463;9,406072E-1;1,493549E-1;1,534319E-1;9,248519E-1;;
02/12/2021  12:47:17,185563;9,414893E-1;1,493549E-1;1,177316E-1;9,251117E-1;;
02/12/2021  12:47:17,185663;9,420526E-1;1,280100E-1;1,275255E-1;9,253897E-1;;
02/12/2021  12:47:17,185763;9,421301E-1;1,299215E-1;1,351078E-1;9,256855E-1;;
02/12/2021  12:47:17,185863;9,417874E-1;2,305928E-1;1,951349E-1;9,259986E-1;;
02/12/2021  12:47:17,185963;9,419900E-1;1,356559E-1;1,335282E-1;9,263284E-1;;
02/12/2021  12:47:17,186063;9,432686E-1;1,168597E-1;1,259458E-1;9,266742E-1;;
02/12/2021  12:47:17,186163;9,440971E-1;1,264171E-1;1,205749E-1;9,270353E-1;;
02/12/2021  12:47:17,186263;9,435845E-1;1,178155E-1;1,095173E-1;9,274111E-1;;
02/12/2021  12:47:17,186363;9,438825E-1;1,174969E-1;1,411105E-1;9,278010E-1;;
02/12/2021  12:47:17,186463;9,438676E-1;1,114439E-1;1,161519E-1;9,282041E-1;;
02/12/2021  12:47:17,186563;9,449852E-1;8,054160E-2;9,214107E-2;9,286197E-1;;
02/12/2021  12:47:17,186663;9,450359E-1;8,946184E-2;1,044624E-1;9,290469E-1;;
02/12/2021  12:47:17,186763;9,455485E-1;9,455912E-2;1,054102E-1;9,294849E-1;;
02/12/2021  12:47:17,186863;9,452535E-1;1,162226E-1;1,253139E-1;9,299330E-1;;
02/12/2021  12:47:17,186963;9,455545E-1;1,104881E-1;1,148882E-1;9,303902E-1;;
02/12/2021  12:47:17,187063;9,466095E-1;7,098420E-2;6,086380E-2;9,308557E-1;;
02/12/2021  12:47:17,187163;9,468241E-1;1,101695E-1;1,221546E-1;9,313286E-1;;
02/12/2021  12:47:17,187263;9,466780E-1;1,216384E-1;1,310007E-1;9,318083E-1;;
02/12/2021  12:47:17,187363;9,457184E-1;9,615202E-2;1,120448E-1;9,322937E-1;;
02/12/2021  12:47:17,187463;9,459508E-1;7,321426E-2;9,593225E-2;9,327841E-1;;
02/12/2021  12:47:17,187563;9,460850E-1;9,965640E-2;1,133085E-1;9,332782E-1;;
02/12/2021  12:47:17,187663;9,457661E-1;1,178155E-1;1,212068E-1;9,337750E-1;;
02/12/2021  12:47:17,187763;9,454382E-1;9,647060E-2;1,088855E-1;9,342733E-1;;
02/12/2021  12:47:17,187863;9,444726E-1;9,901924E-2;1,129926E-1;9,347720E-1;;
02/12/2021  12:47:17,187963;9,454412E-1;7,608148E-2;1,047783E-1;9,352697E-1;;
02/12/2021  12:47:17,188063;9,455247E-1;1,082581E-1;1,196272E-1;9,357653E-1;;
02/12/2021  12:47:17,188163;9,454949E-1;1,178155E-1;1,278414E-1;9,362576E-1;;
02/12/2021  12:47:17,188263;9,442342E-1;4,709070E-2;9,814378E-2;9,367456E-1;;
02/12/2021  12:47:17,188363;9,443594E-1;1,187712E-1;1,294210E-1;9,372280E-1;;
02/12/2021  12:47:17,188463;9,445829E-1;1,149482E-1;1,205749E-1;9,377037E-1;;
02/12/2021  12:47:17,188563;9,452892E-1;1,413904E-1;1,458495E-1;9,381716E-1;;
02/12/2021  12:47:17,188663;9,453309E-1;1,423461E-1;1,287892E-1;9,386308E-1;;
02/12/2021  12:47:17,188763;9,449495E-1;1,506292E-1;1,420583E-1;9,390805E-1;;
02/12/2021  12:47:17,188863;9,452982E-1;1,547707E-1;1,433221E-1;9,395200E-1;;
02/12/2021  12:47:17,188963;9,463621E-1;1,675139E-1;1,452176E-1;9,399485E-1;;
02/12/2021  12:47:17,189063;9,471310E-1;1,812129E-1;1,572231E-1;9,403657E-1;;
02/12/2021  12:47:17,189163;9,466661E-1;1,461691E-1;1,423743E-1;9,407712E-1;;
02/12/2021  12:47:17,189263;9,465618E-1;1,563636E-1;1,518522E-1;9,411650E-1;;
02/12/2021  12:47:17,189363;9,461714E-1;7,671864E-2;1,347919E-1;9,415467E-1;;
02/12/2021  12:47:17,189463;9,465231E-1;1,573194E-1;1,727037E-1;9,419162E-1;;
02/12/2021  12:47:17,189563;9,473546E-1;1,299215E-1;1,344760E-1;9,422733E-1;;
02/12/2021  12:47:17,189663;9,469463E-1;1,260985E-1;1,303688E-1;9,426178E-1;;
02/12/2021  12:47:17,189763;9,462727E-1;1,375674E-1;1,404787E-1;9,429498E-1;;
02/12/2021  12:47:17,189863;9,461297E-1;9,232906E-2;1,471132E-1;9,432692E-1;;
02/12/2021  12:47:17,189963;9,476168E-1;1,286472E-1;1,303688E-1;9,435759E-1;;
02/12/2021  12:47:17,190063;9,479745E-1;1,187712E-1;1,202590E-1;9,438700E-1;;
02/12/2021  12:47:17,190163;9,472443E-1;1,292843E-1;1,303688E-1;9,441515E-1;;
02/12/2021  12:47:17,190263;9,466453E-1;1,174969E-1;1,436380E-1;9,444208E-1;;
02/12/2021  12:47:17,190363;9,465320E-1;1,382046E-1;1,291051E-1;9,446779E-1;;
02/12/2021  12:47:17,190463;9,476556E-1;1,461691E-1;1,764949E-1;9,449229E-1;;
02/12/2021  12:47:17,190563;9,469701E-1;1,018865E-1;1,107811E-1;9,451559E-1;;
02/12/2021  12:47:17,190663;9,476586E-1;1,276914E-1;1,376353E-1;9,453771E-1;;
02/12/2021  12:47:17,190763;9,469403E-1;1,321516E-1;1,379512E-1;9,455867E-1;;
02/12/2021  12:47:17,190863;9,466125E-1;1,155854E-1;1,208909E-1;9,457850E-1;;
02/12/2021  12:47:17,190963;9,484752E-1;1,197269E-1;1,249980E-1;9,459721E-1;;
02/12/2021  12:47:17,191063;9,477688E-1;1,104881E-1;1,224705E-1;9,461484E-1;;
02/12/2021  12:47:17,191163;9,469045E-1;1,391603E-1;1,398468E-1;9,463142E-1;;
02/12/2021  12:47:17,191263;9,457720E-1;9,551486E-2;8,992954E-2;9,464698E-1;;
02/12/2021  12:47:17,191363;9,457243E-1;1,257800E-1;1,275255E-1;9,466152E-1;;
02/12/2021  12:47:17,191463;9,459687E-1;1,359745E-1;1,426902E-1;9,467504E-1;;
02/12/2021  12:47:17,191563;9,457452E-1;1,385232E-1;1,385831E-1;9,468755E-1;;
02/12/2021  12:47:17,191663;9,447289E-1;1,337445E-1;1,354238E-1;9,469904E-1;;
02/12/2021  12:47:17,191763;9,433610E-1;1,257800E-1;1,208909E-1;9,470950E-1;;
02/12/2021  12:47:17,191863;9,438617E-1;8,563888E-2;8,487463E-2;9,471892E-1;;
02/12/2021  12:47:17,191963;9,447766E-1;1,229127E-1;1,183634E-1;9,472726E-1;;
02/12/2021  12:47:17,192063;9,446842E-1;1,347002E-1;1,196272E-1;9,473454E-1;;
02/12/2021  12:47:17,192163;9,435189E-1;1,404346E-1;1,812339E-1;9,474074E-1;;
02/12/2021  12:47:17,192263;9,431851E-1;1,267357E-1;1,231024E-1;9,474588E-1;;
02/12/2021  12:47:17,192363;9,431553E-1;1,257800E-1;1,107811E-1;9,474996E-1;;
02/12/2021  12:47:17,192463;9,438319E-1;1,299215E-1;1,107811E-1;9,475296E-1;;
02/12/2021  12:47:17,192563;9,440196E-1;1,276914E-1;1,152041E-1;9,475490E-1;;
02/12/2021  12:47:17,192663;9,432656E-1;5,537378E-2;1,603824E-1;9,475581E-1;;
02/12/2021  12:47:17,192763;9,431851E-1;1,206827E-1;1,180475E-1;9,475570E-1;;
02/12/2021  12:47:17,192863;9,446067E-1;1,254614E-1;1,291051E-1;9,475461E-1;;
02/12/2021  12:47:17,192963;9,452356E-1;1,308772E-1;1,458495E-1;9,475257E-1;;
02/12/2021  12:47:17,193063;9,448452E-1;1,318330E-1;1,306848E-1;9,474964E-1;;
02/12/2021  12:47:17,193163;9,437067E-1;1,382046E-1;1,310007E-1;9,474589E-1;;
02/12/2021  12:47:17,193263;9,434236E-1;7,098420E-2;1,360556E-1;9,474138E-1;;
02/12/2021  12:47:17,193363;9,439749E-1;1,178155E-1;1,483770E-1;9,473613E-1;;
02/12/2021  12:47:17,193463;9,445620E-1;1,235499E-1;1,265777E-1;9,473019E-1;;
02/12/2021  12:47:17,193563;9,436858E-1;1,267357E-1;1,294210E-1;9,472360E-1;;
02/12/2021  12:47:17,193663;9,434444E-1;1,286472E-1;1,092014E-1;9,471643E-1;;
02/12/2021  12:47:17,193763;9,434474E-1;1,331073E-1;1,322644E-1;9,470871E-1;;
02/12/2021  12:47:17,193863;9,436739E-1;1,512664E-1;1,588027E-1;9,470048E-1;;
02/12/2021  12:47:17,193963;9,442849E-1;1,397975E-1;1,351078E-1;9,469177E-1;;
02/12/2021  12:47:17,194063;9,439421E-1;1,162226E-1;1,335282E-1;9,468264E-1;;
02/12/2021  12:47:17,194163;9,433818E-1;1,331073E-1;1,313166E-1;9,467314E-1;;
02/12/2021  12:47:17,194263;9,432209E-1;1,002936E-1;1,136244E-1;9,466332E-1;;
02/12/2021  12:47:17,194363;9,440077E-1;1,098510E-1;9,972343E-2;9,465319E-1;;
02/12/2021  12:47:17,194463;9,444816E-1;1,232313E-1;1,262617E-1;9,464282E-1;;
02/12/2021  12:47:17,194563;9,442580E-1;1,397975E-1;1,496407E-1;9,463225E-1;;
02/12/2021  12:47:17,194663;9,440703E-1;1,503106E-1;1,398468E-1;9,462154E-1;;
02/12/2021  12:47:17,194763;9,443176E-1;1,165411E-1;1,158360E-1;9,461073E-1;;
02/12/2021  12:47:17,194863;9,459598E-1;1,665582E-1;1,654373E-1;9,459987E-1;;
02/12/2021  12:47:17,194963;9,463204E-1;1,251428E-1;1,341600E-1;9,458903E-1;;
02/12/2021  12:47:17,195063;9,460015E-1;1,350188E-1;1,265777E-1;9,457829E-1;;
02/12/2021  12:47:17,195163;9,453756E-1;1,210013E-1;1,259458E-1;9,456771E-1;;
02/12/2021  12:47:17,195263;9,457571E-1;1,273729E-1;1,278414E-1;9,455737E-1;;
02/12/2021  12:47:17,195363;9,467049E-1;1,171783E-1;9,909157E-2;9,454731E-1;;
02/12/2021  12:47:17,195463;9,471251E-1;1,289658E-1;1,335282E-1;9,453759E-1;;
02/12/2021  12:47:17,195563;9,473546E-1;1,350188E-1;1,189953E-1;9,452827E-1;;
02/12/2021  12:47:17,195663;9,468747E-1;1,047537E-1;1,009872E-1;9,451942E-1;;
02/12/2021  12:47:17,195763;9,470416E-1;1,238685E-1;1,256299E-1;9,451109E-1;;
02/12/2021  12:47:17,195863;9,482934E-1;1,343816E-1;1,401627E-1;9,450333E-1;;
02/12/2021  12:47:17,195963;9,482785E-1;1,445762E-1;1,423743E-1;9,449619E-1;;
02/12/2021  12:47:17,196063;9,475662E-1;1,417090E-1;1,300529E-1;9,448972E-1;;
02/12/2021  12:47:17,196163;9,474350E-1;1,229127E-1;1,107811E-1;9,448396E-1;;
02/12/2021  12:47:17,196263;9,481324E-1;1,123996E-1;1,199431E-1;9,447893E-1;;
02/12/2021  12:47:17,196363;9,484841E-1;1,165411E-1;1,019350E-1;9,447466E-1;;
02/12/2021  12:47:17,196463;9,485974E-1;1,353374E-1;1,357397E-1;9,447117E-1;;
02/12/2021  12:47:17,196563;9,484215E-1;1,171783E-1;1,205749E-1;9,446847E-1;;
02/12/2021  12:47:17,196663;9,484245E-1;1,076209E-1;1,174156E-1;9,446659E-1;;
02/12/2021  12:47:17,196763;9,490057E-1;1,238685E-1;1,057261E-1;9,446552E-1;;
02/12/2021  12:47:17,196863;9,496107E-1;1,302401E-1;1,249980E-1;9,446529E-1;;
02/12/2021  12:47:17,196963;9,492411E-1;1,289658E-1;1,183634E-1;9,446589E-1;;
02/12/2021  12:47:17,197063;9,486778E-1;1,391603E-1;1,095173E-1;9,446734E-1;;
02/12/2021  12:47:17,197163;9,483887E-1;1,321516E-1;1,328963E-1;9,446962E-1;;
02/12/2021  12:47:17,197263;9,492620E-1;1,483991E-1;1,414265E-1;9,447271E-1;;
02/12/2021  12:47:17,197363;9,501888E-1;1,283286E-1;1,445858E-1;9,447659E-1;;
02/12/2021  12:47:17,197463;9,504034E-1;1,133553E-1;1,060421E-1;9,448125E-1;;
02/12/2021  12:47:17,197563;9,494944E-1;1,149482E-1;1,291051E-1;9,448670E-1;;
02/12/2021  12:47:17,197663;9,498580E-1;1,503106E-1;1,439539E-1;9,449291E-1;;
02/12/2021  12:47:17,197763;9,502335E-1;1,413904E-1;1,344760E-1;9,449986E-1;;
02/12/2021  12:47:17,197863;9,512230E-1;1,324701E-1;1,357397E-1;9,450755E-1;;
02/12/2021  12:47:17,197963;9,507283E-1;1,267357E-1;1,249980E-1;9,451594E-1;;
02/12/2021  12:47:17,198063;9,504183E-1;1,210013E-1;1,117289E-1;9,452504E-1;;
02/12/2021  12:47:17,198163;9,508922E-1;1,445762E-1;1,505885E-1;9,453481E-1;;
02/12/2021  12:47:17,198263;9,520664E-1;1,079395E-1;1,095173E-1;9,454524E-1;;
02/12/2021  12:47:17,198363;9,527817E-1;1,190898E-1;1,193112E-1;9,455630E-1;;
02/12/2021  12:47:17,198463;9,523972E-1;1,327887E-1;1,272095E-1;9,456801E-1;;
02/12/2021  12:47:17,198563;9,525582E-1;1,372488E-1;1,294210E-1;9,458036E-1;;
02/12/2021  12:47:17,198663;9,532377E-1;1,302401E-1;1,224705E-1;9,459334E-1;;
02/12/2021  12:47:17,198763;9,539798E-1;1,276914E-1;1,303688E-1;9,460695E-1;;
02/12/2021  12:47:17,198863;9,548053E-1;1,289658E-1;1,237343E-1;9,462119E-1;;
02/12/2021  12:47:17,198963;9,551421E-1;1,264171E-1;1,328963E-1;9,463607E-1;;
02/12/2021  12:47:17,199063;9,538427E-1;1,222756E-1;1,234183E-1;9,465159E-1;;
02/12/2021  12:47:17,199163;9,545252E-1;1,139925E-1;1,126766E-1;9,466777E-1;;
02/12/2021  12:47:17,199263;9,550706E-1;1,044351E-1;6,939396E-2;9,468458E-1;;
02/12/2021  12:47:17,199363;9,548530E-1;1,315144E-1;1,246821E-1;9,470201E-1;;
02/12/2021  12:47:17,199463;9,544298E-1;1,366117E-1;1,379512E-1;9,472004E-1;;
02/12/2021  12:47:17,199563;9,535178E-1;1,257800E-1;1,234183E-1;9,473864E-1;;
02/12/2021  12:47:17,199663;9,535745E-1;1,025236E-1;1,123607E-1;9,475776E-1;;
02/12/2021  12:47:17,199763;9,540304E-1;9,615202E-2;9,656411E-2;9,477734E-1;;
02/12/2021  12:47:17,199863;9,532496E-1;1,260985E-1;1,294210E-1;9,479733E-1;;
02/12/2021  12:47:17,199963;9,517595E-1;9,583344E-2;8,519056E-2;9,481766E-1;;
02/12/2021  12:47:17,200063;9,507372E-1;7,034704E-2;6,402312E-2;9,483823E-1;;
02/12/2021  12:47:17,200163;9,499266E-1;1,216384E-1;1,025668E-1;9,485894E-1;;
02/12/2021  12:47:17,200263;9,500935E-1;1,133553E-1;1,379512E-1;9,487967E-1;;
02/12/2021  12:47:17,200363;9,495958E-1;9,424054E-2;1,076217E-1;9,490028E-1;;
02/12/2021  12:47:17,200463;9,483917E-1;1,047537E-1;1,079377E-1;9,492067E-1;;
02/12/2021  12:47:17,200563;9,474142E-1;8,659462E-2;9,909157E-2;9,494069E-1;;
02/12/2021  12:47:17,200663;9,472026E-1;8,818752E-2;8,361090E-2;9,496022E-1;;
02/12/2021  12:47:17,200763;9,471996E-1;-1,407666E-2;5,991600E-2;9,497912E-1;;
02/12/2021  12:47:17,200863;9,464158E-1;1,018865E-1;1,126766E-1;9,499727E-1;;
02/12/2021  12:47:17,200963;9,456171E-1;9,965640E-2;1,101492E-1;9,501453E-1;;
02/12/2021  12:47:17,201063;9,446097E-1;7,926728E-2;9,845971E-2;9,503081E-1;;
02/12/2021  12:47:17,201163;9,445680E-1;1,041165E-1;1,025668E-1;9,504597E-1;;
02/12/2021  12:47:17,201263;9,443474E-1;1,015679E-1;9,972343E-2;9,505990E-1;;
02/12/2021  12:47:17,201363;9,431255E-1;1,015679E-1;1,196272E-1;9,507250E-1;;
02/12/2021  12:47:17,201463;9,425801E-1;8,372740E-2;1,152041E-1;9,508366E-1;;
02/12/2021  12:47:17,201563;9,414804E-1;1,302401E-1;1,300529E-1;9,509330E-1;;
02/12/2021  12:47:17,201663;9,418023E-1;1,506292E-1;1,449017E-1;9,510132E-1;;
02/12/2021  12:47:17,201763;9,412539E-1;1,286472E-1;1,417424E-1;9,510762E-1;;
02/12/2021  12:47:17,201863;9,408426E-1;1,464877E-1;1,328963E-1;9,511215E-1;;
02/12/2021  12:47:17,201963;9,390783E-1;1,840801E-1;1,739675E-1;9,511485E-1;;
02/12/2021  12:47:17,202063;9,382647E-1;1,006121E-1;1,174156E-1;9,511564E-1;;
02/12/2021  12:47:17,202163;9,384137E-1;1,821686E-1;1,708081E-1;9,511446E-1;;
02/12/2021  12:47:17,202263;9,382766E-1;1,706997E-1;1,562753E-1;9,511125E-1;;
02/12/2021  12:47:17,202363;9,383332E-1;1,649653E-1;1,531159E-1;9,510599E-1;;
02/12/2021  12:47:17,202463;9,369354E-1;1,382046E-1;1,509044E-1;9,509864E-1;;
02/12/2021  12:47:17,202563;9,363602E-1;1,375674E-1;1,363715E-1;9,508920E-1;;
02/12/2021  12:47:17,202663;9,369176E-1;1,276914E-1;1,445858E-1;9,507766E-1;;
02/12/2021  12:47:17,202763;9,367626E-1;1,165411E-1;1,193112E-1;9,506402E-1;;
02/12/2021  12:47:17,202863;9,363781E-1;1,232313E-1;1,259458E-1;9,504830E-1;;
02/12/2021  12:47:17,202963;9,352098E-1;1,324701E-1;1,218387E-1;9,503054E-1;;
02/12/2021  12:47:17,203063;9,343843E-1;1,315144E-1;1,332122E-1;9,501077E-1;;
02/12/2021  12:47:17,203163;9,344737E-1;1,095324E-1;1,110970E-1;9,498901E-1;;
02/12/2021  12:47:17,203263;9,338538E-1;1,210013E-1;1,253139E-1;9,496530E-1;;
02/12/2021  12:47:17,203363;9,328912E-1;1,257800E-1;1,594346E-1;9,493968E-1;;
02/12/2021  12:47:17,203463;9,315918E-1;1,238685E-1;1,281573E-1;9,491219E-1;;
02/12/2021  12:47:17,203563;9,309599E-1;1,139925E-1;1,249980E-1;9,488285E-1;;
02/12/2021  12:47:17,203663;9,310225E-1;1,200455E-1;1,332122E-1;9,485170E-1;;
02/12/2021  12:47:17,203763;9,307573E-1;1,385232E-1;1,328963E-1;9,481876E-1;;
02/12/2021  12:47:17,203863;9,293357E-1;1,210013E-1;1,272095E-1;9,478409E-1;;
02/12/2021  12:47:17,203963;9,289363E-1;1,200455E-1;1,306848E-1;9,474771E-1;;
02/12/2021  12:47:17,204063;9,282300E-1;7,289568E-2;1,158360E-1;9,470968E-1;;
02/12/2021  12:47:17,204163;9,290943E-1;1,123996E-1;1,155200E-1;9,467004E-1;;
02/12/2021  12:47:17,204263;9,291211E-1;1,229127E-1;1,256299E-1;9,462886E-1;;
02/12/2021  12:47:17,204363;9,293893E-1;1,267357E-1;1,272095E-1;9,458620E-1;;
02/12/2021  12:47:17,204463;9,289333E-1;1,229127E-1;1,322644E-1;9,454217E-1;;
02/12/2021  12:47:17,204563;9,290227E-1;1,194084E-1;1,262617E-1;9,449688E-1;;
02/12/2021  12:47:17,204663;9,295503E-1;1,270543E-1;1,073058E-1;9,445042E-1;;
02/12/2021  12:47:17,204763;9,294877E-1;1,232313E-1;1,253139E-1;9,440293E-1;;
02/12/2021  12:47:17,204863;9,287843E-1;1,159040E-1;1,142563E-1;9,435453E-1;;
02/12/2021  12:47:17,204963;9,278664E-1;9,519628E-2;1,123607E-1;9,430535E-1;;
02/12/2021  12:47:17,205063;9,278992E-1;1,280100E-1;1,126766E-1;9,425549E-1;;
02/12/2021  12:47:17,205163;9,275713E-1;1,168597E-1;9,277293E-2;9,420505E-1;;
02/12/2021  12:47:17,205263;9,273478E-1;1,034794E-1;1,101492E-1;9,415415E-1;;
02/12/2021  12:47:17,205363;9,257235E-1;1,187712E-1;1,142563E-1;9,410287E-1;;
02/12/2021  12:47:17,205463;9,246775E-1;1,337445E-1;1,373193E-1;9,405129E-1;;
02/12/2021  12:47:17,205563;9,245344E-1;1,076209E-1;1,076217E-1;9,399947E-1;;
02/12/2021  12:47:17,205663;9,240725E-1;1,216384E-1;1,243661E-1;9,394747E-1;;
02/12/2021  12:47:17,205763;9,240069E-1;8,861098E-3;6,591871E-2;9,389532E-1;;
02/12/2021  12:47:17,205863;9,228356E-1;1,200455E-1;2,055607E-1;9,384309E-1;;
02/12/2021  12:47:17,205963;9,217180E-1;1,315144E-1;1,335282E-1;9,379080E-1;;
02/12/2021  12:47:17,206063;9,214409E-1;1,155854E-1;1,193112E-1;9,373848E-1;;
02/12/2021  12:47:17,206163;9,222336E-1;1,238685E-1;1,436380E-1;9,368616E-1;;
02/12/2021  12:47:17,206263;9,221859E-1;1,162226E-1;1,129926E-1;9,363386E-1;;
02/12/2021  12:47:17,206363;9,216882E-1;1,359745E-1;1,398468E-1;9,358164E-1;;
02/12/2021  12:47:17,206463;9,209580E-1;1,455319E-1;1,433221E-1;9,352954E-1;;
02/12/2021  12:47:17,206563;9,222485E-1;1,053908E-1;1,180475E-1;9,347761E-1;;
02/12/2021  12:47:17,206663;9,230592E-1;1,111253E-1;1,183634E-1;9,342590E-1;;
02/12/2021  12:47:17,206763;9,230115E-1;1,229127E-1;1,227865E-1;9,337449E-1;;
02/12/2021  12:47:17,206863;9,218700E-1;1,289658E-1;1,347919E-1;9,332347E-1;;
02/12/2021  12:47:17,206963;9,222336E-1;1,347002E-1;1,164678E-1;9,327290E-1;;
02/12/2021  12:47:17,207063;9,231605E-1;1,235499E-1;1,196272E-1;9,322287E-1;;
02/12/2021  12:47:17,207163;9,243884E-1;1,299215E-1;1,338441E-1;9,317346E-1;;
02/12/2021  12:47:17,207263;9,242155E-1;1,445762E-1;1,477451E-1;9,312476E-1;;
02/12/2021  12:47:17,207363;9,245225E-1;1,120810E-1;1,180475E-1;9,307688E-1;;
02/12/2021  12:47:17,207463;9,251692E-1;1,123996E-1;1,180475E-1;9,302993E-1;;
02/12/2021  12:47:17,207563;9,270438E-1;1,120810E-1;1,158360E-1;9,298402E-1;;
02/12/2021  12:47:17,207663;9,281555E-1;1,340630E-1;1,357397E-1;9,293927E-1;;
02/12/2021  12:47:17,207763;9,285340E-1;1,343816E-1;1,471132E-1;9,289584E-1;;
02/12/2021  12:47:17,207863;9,281436E-1;1,340630E-1;1,363715E-1;9,285385E-1;;
02/12/2021  12:47:17,207963;9,286532E-1;1,257800E-1;1,284732E-1;9,281345E-1;;
02/12/2021  12:47:17,208063;9,303430E-1;1,573194E-1;2,156705E-1;9,277475E-1;;
02/12/2021  12:47:17,208163;9,308974E-1;1,267357E-1;1,360556E-1;9,273788E-1;;
02/12/2021  12:47:17,208263;9,316096E-1;1,238685E-1;1,300529E-1;9,270295E-1;;
02/12/2021  12:47:17,208363;9,309599E-1;1,088952E-1;1,379512E-1;9,267010E-1;;
02/12/2021  12:47:17,208463;9,315351E-1;1,034794E-1;1,281573E-1;9,263943E-1;;
02/12/2021  12:47:17,208563;9,330759E-1;9,997498E-2;1,480610E-1;9,261101E-1;;
02/12/2021  12:47:17,208663;9,336601E-1;1,315144E-1;1,303688E-1;9,258494E-1;;
02/12/2021  12:47:17,208763;9,337078E-1;1,041165E-1;1,006712E-1;9,256130E-1;;
02/12/2021  12:47:17,208863;9,329985E-1;1,092138E-1;1,224705E-1;9,254016E-1;;
02/12/2021  12:47:17,208963;9,335617E-1;1,391603E-1;1,578549E-1;9,252156E-1;;
02/12/2021  12:47:17,209063;9,347390E-1;1,356559E-1;1,256299E-1;9,250554E-1;;
02/12/2021  12:47:17,209163;9,359311E-1;1,292843E-1;1,237343E-1;9,249212E-1;;
02/12/2021  12:47:17,209263;9,362053E-1;1,225942E-1;1,224705E-1;9,248134E-1;;
02/12/2021  12:47:17,209363;9,359072E-1;1,337445E-1;1,291051E-1;9,247321E-1;;
02/12/2021  12:47:17,209463;9,373169E-1;5,505520E-2;7,476481E-2;9,246775E-1;;
02/12/2021  12:47:17,209563;9,390336E-1;3,084312E-2;8,108345E-2;9,246497E-1;;
02/12/2021  12:47:17,209663;9,402048E-1;1,273729E-1;1,284732E-1;9,246489E-1;;
02/12/2021  12:47:17,209763;9,400856E-1;1,057094E-1;1,246821E-1;9,246753E-1;;
02/12/2021  12:47:17,209863;9,397667E-1;1,334259E-1;1,322644E-1;9,247291E-1;;
02/12/2021  12:47:17,209963;9,407383E-1;1,359745E-1;1,341600E-1;9,248103E-1;;
02/12/2021  12:47:17,210063;9,424311E-1;1,359745E-1;1,262617E-1;9,249186E-1;;
02/12/2021  12:47:17,210163;9,424013E-1;1,200455E-1;1,256299E-1;9,250540E-1;;
02/12/2021  12:47:17,210263;9,424937E-1;1,104881E-1;1,205749E-1;9,252162E-1;;
02/12/2021  12:47:17,210363;9,420616E-1;1,283286E-1;1,281573E-1;9,254050E-1;;
02/12/2021  12:47:17,210463;9,430302E-1;1,257800E-1;1,231024E-1;9,256196E-1;;
02/12/2021  12:47:17,210563;9,446574E-1;1,203641E-1;1,426902E-1;9,258596E-1;;
02/12/2021  12:47:17,210663;9,446634E-1;1,337445E-1;1,310007E-1;9,261244E-1;;
02/12/2021  12:47:17,210763;9,444309E-1;1,528593E-1;1,641736E-1;9,264133E-1;;
02/12/2021  12:47:17,210863;9,437484E-1;1,499920E-1;1,806020E-1;9,267256E-1;;
02/12/2021  12:47:17,210963;9,446276E-1;1,404346E-1;1,540637E-1;9,270604E-1;;
02/12/2021  12:47:17,211063;9,456022E-1;1,190898E-1;1,256299E-1;9,274165E-1;;
02/12/2021  12:47:17,211163;9,459240E-1;1,334259E-1;1,430061E-1;9,277931E-1;;
02/12/2021  12:47:17,211263;9,451611E-1;1,264171E-1;1,268936E-1;9,281889E-1;;
02/12/2021  12:47:17,211363;9,450180E-1;4,645354E-2;9,877564E-2;9,286030E-1;;
02/12/2021  12:47:17,211463;9,462995E-1;1,442576E-1;1,556434E-1;9,290340E-1;;
02/12/2021  12:47:17,211563;9,470297E-1;1,280100E-1;1,281573E-1;9,294808E-1;;
02/12/2021  12:47:17,211663;9,473456E-1;1,417090E-1;1,392149E-1;9,299420E-1;;
02/12/2021  12:47:17,211763;9,463472E-1;1,296029E-1;1,237343E-1;9,304167E-1;;
02/12/2021  12:47:17,211863;9,464307E-1;1,235499E-1;1,092014E-1;9,309037E-1;;
02/12/2021  12:47:17,211963;9,473337E-1;1,299215E-1;1,278414E-1;9,314015E-1;;
02/12/2021  12:47:17,212063;9,476139E-1;1,385232E-1;1,366875E-1;9,319088E-1;;
02/12/2021  12:47:17,212163;9,482963E-1;1,550893E-1;1,603824E-1;9,324246E-1;;
02/12/2021  12:47:17,212263;9,477211E-1;1,296029E-1;1,265777E-1;9,329475E-1;;
02/12/2021  12:47:17,212363;9,474768E-1;1,181340E-1;1,205749E-1;9,334764E-1;;
02/12/2021  12:47:17,212463;9,494408E-1;9,806350E-2;1,114129E-1;9,340102E-1;;
02/12/2021  12:47:17,212563;9,497150E-1;1,206827E-1;1,268936E-1;9,345477E-1;;
02/12/2021  12:47:17,212663;9,497477E-1;1,066652E-1;1,145722E-1;9,350880E-1;;
02/12/2021  12:47:17,212763;9,491368E-1;6,365686E-2;1,227865E-1;9,356302E-1;;
02/12/2021  12:47:17,212863;9,486927E-1;1,229127E-1;1,218387E-1;9,361734E-1;;
02/12/2021  12:47:17,212963;9,492173E-1;1,108067E-1;1,098333E-1;9,367164E-1;;
02/12/2021  12:47:17,213063;9,494408E-1;1,101695E-1;1,218387E-1;9,372582E-1;;
02/12/2021  12:47:17,213163;9,489133E-1;8,532030E-2;9,372073E-2;9,377978E-1;;
02/12/2021  12:47:17,213263;9,481682E-1;7,671864E-2;1,009872E-1;9,383341E-1;;
02/12/2021  12:47:17,213363;9,480281E-1;1,120810E-1;1,212068E-1;9,388659E-1;;
02/12/2021  12:47:17,213463;9,483798E-1;7,002846E-2;6,497092E-2;9,393922E-1;;
02/12/2021  12:47:17,213563;9,490235E-1;1,053908E-1;1,183634E-1;9,399118E-1;;
02/12/2021  12:47:17,213663;9,488030E-1;1,022050E-1;1,110970E-1;9,404236E-1;;
02/12/2021  12:47:17,213763;9,478523E-1;1,069837E-1;1,073058E-1;9,409269E-1;;
02/12/2021  12:47:17,213863;9,481980E-1;9,710776E-2;9,214107E-2;9,414207E-1;;
02/12/2021  12:47:17,213963;9,498521E-1;9,105474E-2;8,487463E-2;9,419042E-1;;
02/12/2021  12:47:17,214063;9,497954E-1;9,232906E-2;1,076217E-1;9,423766E-1;;
02/12/2021  12:47:17,214163;9,499623E-1;1,085766E-1;1,196272E-1;9,428375E-1;;
02/12/2021  12:47:17,214263;9,487017E-1;1,152668E-1;1,256299E-1;9,432866E-1;;
02/12/2021  12:47:17,214363;9,501352E-1;1,114439E-1;1,129926E-1;9,437233E-1;;
02/12/2021  12:47:17,214463;9,508564E-1;1,327887E-1;1,357397E-1;9,441474E-1;;
02/12/2021  12:47:17,214563;9,511634E-1;1,222756E-1;1,208909E-1;9,445587E-1;;
02/12/2021  12:47:17,214663;9,498103E-1;1,369303E-1;1,407946E-1;9,449571E-1;;
02/12/2021  12:47:17,214763;9,493484E-1;1,404346E-1;1,347919E-1;9,453425E-1;;
02/12/2021  12:47:17,214863;9,497358E-1;1,525407E-1;1,341600E-1;9,457147E-1;;
02/12/2021  12:47:17,214963;9,497984E-1;1,547707E-1;1,619620E-1;9,460734E-1;;
02/12/2021  12:47:17,215063;9,498252E-1;1,589123E-1;1,275255E-1;9,464185E-1;;
02/12/2021  12:47:17,215163;9,481414E-1;2,019206E-1;1,834454E-1;9,467497E-1;;
02/12/2021  12:47:17,215263;9,465439E-1;1,646467E-1;1,467973E-1;9,470668E-1;;
02/12/2021  12:47:17,215363;9,465529E-1;1,566822E-1;1,490088E-1;9,473693E-1;;
02/12/2021  12:47:17,215463;9,461624E-1;1,633724E-1;1,651214E-1;9,476564E-1;;
02/12/2021  12:47:17,215563;9,461088E-1;1,620981E-1;1,556434E-1;9,479277E-1;;
02/12/2021  12:47:17,215663;9,445620E-1;1,299215E-1;1,167838E-1;9,481825E-1;;
02/12/2021  12:47:17,215763;9,430838E-1;1,044351E-1;1,278414E-1;9,484202E-1;;
02/12/2021  12:47:17,215863;9,436322E-1;1,168597E-1;1,243661E-1;9,486401E-1;;
02/12/2021  12:47:17,215963;9,440792E-1;1,433019E-1;1,426902E-1;9,488416E-1;;
02/12/2021  12:47:17,216063;9,437454E-1;1,305587E-1;1,272095E-1;9,490240E-1;;
02/12/2021  12:47:17,216163;9,422016E-1;1,276914E-1;1,208909E-1;9,491872E-1;;
02/12/2021  12:47:17,216263;9,410065E-1;1,273729E-1;1,297370E-1;9,493307E-1;;
02/12/2021  12:47:17,216363;9,418440E-1;1,468062E-1;1,667010E-1;9,494541E-1;;
02/12/2021  12:47:17,216463;9,415698E-1;1,251428E-1;1,253139E-1;9,495569E-1;;
02/12/2021  12:47:17,216563;9,403121E-1;1,162226E-1;1,366875E-1;9,496390E-1;;
02/12/2021  12:47:17,216663;9,380143E-1;1,225942E-1;1,227865E-1;9,497002E-1;;
02/12/2021  12:47:17,216763;9,367924E-1;1,171783E-1;1,000394E-1;9,497399E-1;;
02/12/2021  12:47:17,216863;9,369593E-1;1,296029E-1;1,246821E-1;9,497577E-1;;
02/12/2021  12:47:17,216963;9,365331E-1;1,347002E-1;1,218387E-1;9,497530E-1;;
02/12/2021  12:47:17,217063;9,358327E-1;1,299215E-1;1,347919E-1;9,497254E-1;;
02/12/2021  12:47:17,217163;9,334425E-1;1,235499E-1;1,287892E-1;9,496747E-1;;
02/12/2021  12:47:17,217263;9,324888E-1;1,340630E-1;1,379512E-1;9,496005E-1;;
02/12/2021  12:47:17,217363;9,334395E-1;1,264171E-1;1,287892E-1;9,495022E-1;;
02/12/2021  12:47:17,217463;9,327362E-1;1,305587E-1;1,240502E-1;9,493795E-1;;
02/12/2021  12:47:17,217563;9,320746E-1;1,092138E-1;9,972343E-2;9,492325E-1;;
02/12/2021  12:47:17,217663;9,304771E-1;1,490363E-1;1,313166E-1;9,490611E-1;;
02/12/2021  12:47:17,217763;9,304920E-1;1,477620E-1;1,426902E-1;9,488653E-1;;
02/12/2021  12:47:17,217863;9,313057E-1;1,184526E-1;1,231024E-1;9,486452E-1;;
02/12/2021  12:47:17,217963;9,313682E-1;1,210013E-1;1,237343E-1;9,484012E-1;;
02/12/2021  12:47:17,218063;9,303609E-1;1,229127E-1;1,227865E-1;9,481338E-1;;
02/12/2021  12:47:17,218163;9,294668E-1;1,366117E-1;1,376353E-1;9,478436E-1;;
02/12/2021  12:47:17,218263;9,297052E-1;1,267357E-1;1,253139E-1;9,475314E-1;;
02/12/2021  12:47:17,218363;9,298125E-1;1,289658E-1;1,079377E-1;9,471979E-1;;
02/12/2021  12:47:17,218463;9,288201E-1;7,735580E-2;7,128955E-2;9,468439E-1;;
02/12/2021  12:47:17,218563;9,276816E-1;1,378860E-1;1,411105E-1;9,464704E-1;;
02/12/2021  12:47:17,218663;9,256490E-1;1,331073E-1;1,328963E-1;9,460779E-1;;
02/12/2021  12:47:17,218763;9,254434E-1;5,919674E-2;8,803395E-2;9,456673E-1;;
02/12/2021  12:47:17,218863;9,261766E-1;9,997498E-2;9,530039E-2;9,452389E-1;;
02/12/2021  12:47:17,218963;9,259173E-1;1,235499E-1;1,278414E-1;9,447936E-1;;
02/12/2021  12:47:17,219063;9,247639E-1;1,391603E-1;1,291051E-1;9,443320E-1;;
02/12/2021  12:47:17,219163;9,241500E-1;1,165411E-1;1,101492E-1;9,438552E-1;;
02/12/2021  12:47:17,219263;9,245761E-1;5,441804E-2;9,814378E-2;9,433638E-1;;
02/12/2021  12:47:17,219363;9,250977E-1;1,359745E-1;1,619620E-1;9,428588E-1;;
02/12/2021  12:47:17,219463;9,259650E-1;1,347002E-1;1,354238E-1;9,423413E-1;;
02/12/2021  12:47:17,219563;9,251990E-1;7,608148E-2;7,981972E-2;9,418126E-1;;
02/12/2021  12:47:17,219663;9,240248E-1;1,264171E-1;1,319485E-1;9,412740E-1;;
02/12/2021  12:47:17,219763;9,246596E-1;1,127182E-1;1,183634E-1;9,407268E-1;;
02/12/2021  12:47:17,219863;9,256073E-1;1,474434E-1;1,404787E-1;9,401723E-1;;
02/12/2021  12:47:17,219963;9,254643E-1;1,302401E-1;1,275255E-1;9,396118E-1;;
02/12/2021  12:47:17,220063;9,246804E-1;7,257710E-2;8,487463E-2;9,390468E-1;;
02/12/2021  12:47:17,220163;9,233572E-1;1,174969E-1;1,221546E-1;9,384786E-1;;
02/12/2021  12:47:17,220263;9,243526E-1;1,292843E-1;1,297370E-1;9,379085E-1;;
02/12/2021  12:47:17,220363;9,246536E-1;1,308772E-1;1,284732E-1;9,373377E-1;;
02/12/2021  12:47:17,220463;9,242155E-1;1,139925E-1;1,531159E-1;9,367673E-1;;
02/12/2021  12:47:17,220563;9,226568E-1;1,197269E-1;1,215227E-1;9,361985E-1;;
02/12/2021  12:47:17,220663;9,220727E-1;1,229127E-1;1,338441E-1;9,356323E-1;;
02/12/2021  12:47:17,220763;9,221084E-1;7,640006E-2;9,561632E-2;9,350696E-1;;
02/12/2021  12:47:17,220863;9,233453E-1;1,229127E-1;1,231024E-1;9,345110E-1;;
02/12/2021  12:47:17,220963;9,227432E-1;1,442576E-1;1,546956E-1;9,339573E-1;;
02/12/2021  12:47:17,221063;9,218670E-1;1,241871E-1;1,249980E-1;9,334094E-1;;
02/12/2021  12:47:17,221163;9,220727E-1;1,273729E-1;1,335282E-1;9,328681E-1;;
02/12/2021  12:47:17,221263;9,226687E-1;1,410718E-1;1,373193E-1;9,323340E-1;;
02/12/2021  12:47:17,221363;9,231933E-1;1,219570E-1;1,221546E-1;9,318079E-1;;
02/12/2021  12:47:17,221463;9,230681E-1;1,184526E-1;1,025668E-1;9,312906E-1;;
02/12/2021  12:47:17,221563;9,221859E-1;1,305587E-1;1,303688E-1;9,307828E-1;;
02/12/2021  12:47:17,221663;9,219088E-1;1,353374E-1;1,366875E-1;9,302853E-1;;
02/12/2021  12:47:17,221763;9,239264E-1;1,219570E-1;1,426902E-1;9,297987E-1;;
02/12/2021  12:47:17,221863;9,248742E-1;1,254614E-1;1,278414E-1;9,293236E-1;;
02/12/2021  12:47:17,221963;9,244420E-1;1,210013E-1;1,120448E-1;9,288609E-1;;
02/12/2021  12:47:17,222063;9,239622E-1;9,742634E-2;1,205749E-1;9,284115E-1;;
02/12/2021  12:47:17,222163;9,249278E-1;1,238685E-1;1,303688E-1;9,279762E-1;;
02/12/2021  12:47:17,222263;9,264299E-1;1,104881E-1;1,167838E-1;9,275557E-1;;
02/12/2021  12:47:17,222363;9,277710E-1;1,187712E-1;1,234183E-1;9,271510E-1;;
02/12/2021  12:47:17,222463;9,278694E-1;1,302401E-1;1,300529E-1;9,267630E-1;;
02/12/2021  12:47:17,222563;9,277531E-1;1,324701E-1;1,256299E-1;9,263929E-1;;
02/12/2021  12:47:17,222663;9,279171E-1;1,337445E-1;1,417424E-1;9,260415E-1;;
02/12/2021  12:47:17,222763;9,295175E-1;1,251428E-1;1,316326E-1;9,257097E-1;;
02/12/2021  12:47:17,222863;9,294936E-1;1,276914E-1;1,281573E-1;9,253983E-1;;
02/12/2021  12:47:17,222963;9,297022E-1;1,353374E-1;1,379512E-1;9,251081E-1;;
02/12/2021  12:47:17,223063;9,287098E-1;1,334259E-1;1,328963E-1;9,248396E-1;;
02/12/2021  12:47:17,223163;9,293208E-1;1,174969E-1;1,148882E-1;9,245934E-1;;
02/12/2021  12:47:17,223263;9,313384E-1;1,315144E-1;1,259458E-1;9,243697E-1;;
02/12/2021  12:47:17,223363;9,318183E-1;1,286472E-1;1,265777E-1;9,241689E-1;;
02/12/2021  12:47:17,223463;9,316603E-1;1,245056E-1;1,392149E-1;9,239914E-1;;
02/12/2021  12:47:17,223563;9,313116E-1;1,152668E-1;1,028828E-1;9,238375E-1;;
02/12/2021  12:47:17,223663;9,327034E-1;1,187712E-1;1,272095E-1;9,237074E-1;;
02/12/2021  12:47:17,223763;9,337406E-1;1,471248E-1;1,793383E-1;9,236012E-1;;
02/12/2021  12:47:17,223863;9,351741E-1;1,324701E-1;1,272095E-1;9,235191E-1;;
02/12/2021  12:47:17,223963;9,349953E-1;1,327887E-1;1,385831E-1;9,234614E-1;;
02/12/2021  12:47:17,224063;9,358923E-1;1,308772E-1;1,310007E-1;9,234283E-1;;
02/12/2021  12:47:17,224163;9,374033E-1;1,305587E-1;1,467973E-1;9,234200E-1;;
02/12/2021  12:47:17,224263;9,389829E-1;1,299215E-1;1,354238E-1;9,234367E-1;;
02/12/2021  12:47:17,224363;9,398353E-1;1,225942E-1;1,262617E-1;9,234788E-1;;
02/12/2021  12:47:17,224463;9,394747E-1;1,225942E-1;1,297370E-1;9,235466E-1;;
02/12/2021  12:47:17,224563;9,392899E-1;1,181340E-1;1,136244E-1;9,236403E-1;;
02/12/2021  12:47:17,224663;9,412032E-1;1,436204E-1;1,398468E-1;9,237600E-1;;
02/12/2021  12:47:17,224763;9,415638E-1;1,318330E-1;1,322644E-1;9,239055E-1;;
02/12/2021  12:47:17,224863;9,423745E-1;1,356559E-1;1,458495E-1;9,240767E-1;;
02/12/2021  12:47:17,224963;9,420973E-1;1,194084E-1;1,243661E-1;9,242736E-1;;
02/12/2021  12:47:17,225063;9,425801E-1;1,366117E-1;1,379512E-1;9,244959E-1;;
02/12/2021  12:47:17,225163;9,444726E-1;1,289658E-1;1,354238E-1;9,247430E-1;;
02/12/2021  12:47:17,225263;9,456141E-1;1,232313E-1;1,234183E-1;9,250148E-1;;
02/12/2021  12:47:17,225363;9,461565E-1;1,276914E-1;1,341600E-1;9,253109E-1;;
02/12/2021  12:47:17,225463;9,456647E-1;1,448948E-1;1,458495E-1;9,256311E-1;;
02/12/2021  12:47:17,225563;9,466125E-1;1,522221E-1;1,619620E-1;9,259748E-1;;
02/12/2021  12:47:17,225663;9,486689E-1;1,213198E-1;1,262617E-1;9,263417E-1;;
02/12/2021  12:47:17,225763;9,497716E-1;1,053908E-1;1,120448E-1;9,267312E-1;;
02/12/2021  12:47:17,225863;9,500726E-1;3,275460E-2;7,666040E-2;9,271430E-1;;
02/12/2021  12:47:17,225963;9,491547E-1;3,689614E-2;8,455870E-2;9,275768E-1;;
02/12/2021  12:47:17,226063;9,494438E-1;1,031608E-1;1,117289E-1;9,280319E-1;;
02/12/2021  12:47:17,226163;9,510561E-1;4,719558E-3;7,381701E-2;9,285074E-1;;
02/12/2021  12:47:17,226263;9,516045E-1;8,882468E-2;1,013031E-1;9,290027E-1;;
02/12/2021  12:47:17,226363;9,510233E-1;9,169190E-2;1,117289E-1;9,295169E-1;;
02/12/2021  12:47:17,226463;9,497358E-1;6,652408E-2;6,117973E-2;9,300490E-1;;
02/12/2021  12:47:17,226563;9,494140E-1;8,404598E-2;7,760819E-2;9,305977E-1;;
02/12/2021  12:47:17,226663;9,504302E-1;7,640006E-2;7,729226E-2;9,311617E-1;;
02/12/2021  12:47:17,226763;9,505345E-1;1,006121E-1;1,133085E-1;9,317393E-1;;
02/12/2021  12:47:17,226863;9,504779E-1;1,139925E-1;1,284732E-1;9,323291E-1;;
02/12/2021  12:47:17,226963;9,488835E-1;9,615202E-2;1,082536E-1;9,329295E-1;;
02/12/2021  12:47:17,227063;9,498878E-1;8,277166E-2;9,498445E-2;9,335388E-1;;
02/12/2021  12:47:17,227163;9,514406E-1;8,372740E-2;8,455870E-2;9,341553E-1;;
02/12/2021  12:47:17,227263;9,515777E-1;9,551486E-2;1,028828E-1;9,347775E-1;;
02/12/2021  12:47:17,227363;9,510948E-1;9,647060E-2;1,512204E-1;9,354040E-1;;
02/12/2021  12:47:17,227463;9,503527E-1;8,978042E-2;9,909157E-2;9,360334E-1;;
02/12/2021  12:47:17,227563;9,507998E-1;1,104881E-1;1,170997E-1;9,366642E-1;;
02/12/2021  12:47:17,227663;9,521886E-1;1,222756E-1;1,284732E-1;9,372950E-1;;
02/12/2021  12:47:17,227763;9,521499E-1;1,350188E-1;1,360556E-1;9,379244E-1;;
02/12/2021  12:47:17,227863;9,513631E-1;1,375674E-1;1,594346E-1;9,385512E-1;;
02/12/2021  12:47:17,227963;9,509220E-1;1,139925E-1;1,139404E-1;9,391744E-1;;
02/12/2021  12:47:17,228063;9,522095E-1;1,353374E-1;1,322644E-1;9,397925E-1;;
02/12/2021  12:47:17,228163;9,526833E-1;1,828058E-1;2,017695E-1;9,404044E-1;;
02/12/2021  12:47:17,228263;9,524777E-1;1,694254E-1;1,480610E-1;9,410093E-1;;
02/12/2021  12:47:17,228363;9,516641E-1;1,863102E-1;1,546956E-1;9,416061E-1;;
02/12/2021  12:47:17,228463;9,507849E-1;1,563636E-1;1,411105E-1;9,421938E-1;;
02/12/2021  12:47:17,228563;9,519830E-1;1,343816E-1;1,104651E-1;9,427715E-1;;
02/12/2021  12:47:17,228663;9,526863E-1;1,646467E-1;1,657532E-1;9,433381E-1;;
02/12/2021  12:47:17,228763;9,524956E-1;1,362931E-1;1,426902E-1;9,438928E-1;;
02/12/2021  12:47:17,228863;9,520545E-1;1,276914E-1;1,291051E-1;9,444351E-1;;
02/12/2021  12:47:17,228963;9,522750E-1;1,404346E-1;1,411105E-1;9,449642E-1;;
02/12/2021  12:47:17,229063;9,535476E-1;1,433019E-1;1,379512E-1;9,454796E-1;;
02/12/2021  12:47:17,229163;9,546474E-1;1,238685E-1;1,237343E-1;9,459809E-1;;
02/12/2021  12:47:17,229263;9,547368E-1;1,267357E-1;1,461654E-1;9,464679E-1;;
02/12/2021  12:47:17,229363;9,542778E-1;1,299215E-1;1,325804E-1;9,469407E-1;;
02/12/2021  12:47:17,229463;9,543076E-1;1,461691E-1;1,455336E-1;9,473992E-1;;
02/12/2021  12:47:17,229563;9,555325E-1;1,378860E-1;1,363715E-1;9,478435E-1;;
02/12/2021  12:47:17,229663;9,563700E-1;1,260985E-1;1,310007E-1;9,482736E-1;;
02/12/2021  12:47:17,229763;9,562210E-1;1,171783E-1;1,221546E-1;9,486898E-1;;
02/12/2021  12:47:17,229863;9,547189E-1;1,350188E-1;1,338441E-1;9,490925E-1;;
02/12/2021  12:47:17,229963;9,548053E-1;8,340882E-2;1,038306E-1;9,494818E-1;;
02/12/2021  12:47:17,230063;9,554103E-1;1,171783E-1;1,278414E-1;9,498577E-1;;
02/12/2021  12:47:17,230163;9,552524E-1;1,190898E-1;1,253139E-1;9,502202E-1;;
02/12/2021  12:47:17,230263;9,546444E-1;1,216384E-1;1,142563E-1;9,505695E-1;;
02/12/2021  12:47:17,230363;9,523913E-1;1,254614E-1;1,281573E-1;9,509056E-1;;
02/12/2021  12:47:17,230463;9,520932E-1;1,238685E-1;1,275255E-1;9,512281E-1;;
02/12/2021  12:47:17,230563;9,522631E-1;1,260985E-1;1,073058E-1;9,515366E-1;;
02/12/2021  12:47:17,230663;9,517952E-1;1,146297E-1;1,218387E-1;9,518307E-1;;
02/12/2021  12:47:17,230763;9,504779E-1;1,324701E-1;1,325804E-1;9,521099E-1;;
02/12/2021  12:47:17,230863;9,489371E-1;7,193994E-2;8,929768E-2;9,523737E-1;;
02/12/2021  12:47:17,230963;9,479447E-1;1,178155E-1;1,186794E-1;9,526213E-1;;
02/12/2021  12:47:17,231063;9,477629E-1;1,706997E-1;1,708081E-1;9,528520E-1;;
02/12/2021  12:47:17,231163;9,472413E-1;1,305587E-1;1,344760E-1;9,530648E-1;;
02/12/2021  12:47:17,231263;9,466095E-1;1,366117E-1;1,344760E-1;9,532591E-1;;
02/12/2021  12:47:17,231363;9,454651E-1;1,308772E-1;1,322644E-1;9,534341E-1;;
02/12/2021  12:47:17,231463;9,448630E-1;1,650702E-2;7,634447E-2;9,535891E-1;;
02/12/2021  12:47:17,231563;9,463413E-1;5,186940E-2;8,108345E-2;9,537234E-1;;
02/12/2021  12:47:17,231663;9,456141E-1;1,436204E-1;1,455336E-1;9,538366E-1;;
02/12/2021  12:47:17,231763;9,442610E-1;1,302401E-1;1,341600E-1;9,539284E-1;;
02/12/2021  12:47:17,231863;9,444190E-1;1,053908E-1;1,300529E-1;9,539987E-1;;
02/12/2021  12:47:17,231963;9,448958E-1;1,241871E-1;1,006712E-1;9,540472E-1;;
02/12/2021  12:47:17,232063;9,455485E-1;1,439390E-1;1,373193E-1;9,540740E-1;;
02/12/2021  12:47:17,232163;9,454978E-1;1,350188E-1;1,218387E-1;9,540794E-1;;
02/12/2021  12:47:17,232263;9,442729E-1;1,270543E-1;1,354238E-1;9,540639E-1;;
02/12/2021  12:47:17,232363;9,427709E-1;1,245056E-1;1,095173E-1;9,540278E-1;;
02/12/2021  12:47:17,232463;9,433252E-1;1,490363E-1;1,682807E-1;9,539714E-1;;
02/12/2021  12:47:17,232563;9,432388E-1;1,636910E-1;1,881844E-1;9,538950E-1;;
02/12/2021  12:47:17,232663;9,423775E-1;1,229127E-1;1,240502E-1;9,537991E-1;;
02/12/2021  12:47:17,232763;9,412897E-1;8,213450E-2;9,656411E-2;9,536840E-1;;
02/12/2021  12:47:17,232863;9,402018E-1;1,267357E-1;1,272095E-1;9,535501E-1;;
02/12/2021  12:47:17,232963;9,393316E-1;1,245056E-1;1,670170E-1;9,533976E-1;;
02/12/2021  12:47:17,233063;9,397369E-1;1,315144E-1;1,395309E-1;9,532267E-1;;
02/12/2021  12:47:17,233163;9,383243E-1;1,407532E-1;1,335282E-1;9,530376E-1;;
02/12/2021  12:47:17,233263;9,364437E-1;1,267357E-1;1,246821E-1;9,528304E-1;;
02/12/2021  12:47:17,233363;9,358655E-1;1,299215E-1;1,291051E-1;9,526054E-1;;
02/12/2021  12:47:17,233463;9,358923E-1;1,573194E-1;1,572231E-1;9,523623E-1;;
02/12/2021  12:47:17,233563;9,369444E-1;1,299215E-1;1,310007E-1;9,521014E-1;;
02/12/2021  12:47:17,233663;9,363632E-1;1,324701E-1;1,335282E-1;9,518230E-1;;
02/12/2021  12:47:17,233763;9,352754E-1;1,410718E-1;1,360556E-1;9,515276E-1;;
02/12/2021  12:47:17,233863;9,355347E-1;1,480806E-1;1,436380E-1;9,512156E-1;;
02/12/2021  12:47:17,233963;9,361904E-1;1,184526E-1;1,401627E-1;9,508878E-1;;
02/12/2021  12:47:17,234063;9,366881E-1;1,257800E-1;1,224705E-1;9,505449E-1;;
02/12/2021  12:47:17,234163;9,366851E-1;1,238685E-1;1,259458E-1;9,501878E-1;;
02/12/2021  12:47:17,234263;9,356599E-1;1,382046E-1;1,291051E-1;9,498176E-1;;
02/12/2021  12:47:17,234363;9,353976E-1;1,270543E-1;1,622780E-1;9,494355E-1;;
02/12/2021  12:47:17,234463;9,357403E-1;1,133553E-1;1,881844E-1;9,490424E-1;;
02/12/2021  12:47:17,234563;9,355943E-1;1,267357E-1;1,224705E-1;9,486393E-1;;
02/12/2021  12:47:17,234663;9,341161E-1;2,447152E-2;8,550650E-2;9,482272E-1;;
02/12/2021  12:47:17,234763;9,329120E-1;1,458505E-1;1,423743E-1;9,478072E-1;;
02/12/2021  12:47:17,234863;9,326259E-1;1,174969E-1;1,148882E-1;9,473799E-1;;
02/12/2021  12:47:17,234963;9,332250E-1;1,187712E-1;1,370034E-1;9,469459E-1;;
02/12/2021  12:47:17,235063;9,327481E-1;1,232313E-1;1,278414E-1;9,465059E-1;;
02/12/2021  12:47:17,235163;9,323041E-1;1,490363E-1;1,426902E-1;9,460607E-1;;
02/12/2021  12:47:17,235263;9,309301E-1;1,385232E-1;1,392149E-1;9,456110E-1;;
02/12/2021  12:47:17,235363;9,305218E-1;8,595746E-2;9,119327E-2;9,451572E-1;;
02/12/2021  12:47:17,235463;9,307990E-1;7,066562E-2;1,088855E-1;9,446999E-1;;
02/12/2021  12:47:17,235563;9,308646E-1;1,426647E-1;1,401627E-1;9,442396E-1;;
02/12/2021  12:47:17,235663;9,310017E-1;1,375674E-1;1,332122E-1;9,437768E-1;;
02/12/2021  12:47:17,235763;9,305546E-1;1,280100E-1;1,272095E-1;9,433123E-1;;
02/12/2021  12:47:17,235863;9,317974E-1;1,203641E-1;1,139404E-1;9,428467E-1;;
02/12/2021  12:47:17,235963;9,320328E-1;1,206827E-1;9,972343E-2;9,423808E-1;;
02/12/2021  12:47:17,236063;9,324888E-1;5,919674E-2;6,749837E-2;9,419157E-1;;
02/12/2021  12:47:17,236163;9,319315E-1;1,302401E-1;1,278414E-1;9,414523E-1;;
02/12/2021  12:47:17,236263;9,312609E-1;1,155854E-1;1,430061E-1;9,409917E-1;;
02/12/2021  12:47:17,236363;9,318481E-1;1,257800E-1;1,272095E-1;9,405347E-1;;
02/12/2021  12:47:17,236463;9,323190E-1;1,315144E-1;1,234183E-1;9,400822E-1;;
02/12/2021  12:47:17,236563;9,319464E-1;1,085766E-1;1,076217E-1;9,396350E-1;;
02/12/2021  12:47:17,236663;9,313206E-1;1,225942E-1;1,407946E-1;9,391941E-1;;
02/12/2021  12:47:17,236763;9,307185E-1;1,216384E-1;1,212068E-1;9,387601E-1;;
02/12/2021  12:47:17,236863;9,307126E-1;1,452133E-1;1,319485E-1;9,383335E-1;;
02/12/2021  12:47:17,236963;9,314487E-1;1,930003E-1;1,967146E-1;9,379150E-1;;
02/12/2021  12:47:17,237063;9,303222E-1;1,229127E-1;1,231024E-1;9,375049E-1;;
02/12/2021  12:47:17,237163;9,290764E-1;8,468314E-2;7,666040E-2;9,371038E-1;;
02/12/2021  12:47:17,237263;9,281853E-1;1,382046E-1;1,351078E-1;9,367116E-1;;
02/12/2021  12:47:17,237363;9,282449E-1;1,388417E-1;1,499566E-1;9,363284E-1;;
02/12/2021  12:47:17,237463;9,286830E-1;1,318330E-1;1,313166E-1;9,359541E-1;;
02/12/2021  12:47:17,237563;9,272793E-1;1,114439E-1;1,193112E-1;9,355885E-1;;
02/12/2021  12:47:17,237663;9,261617E-1;1,311958E-1;1,265777E-1;9,352316E-1;;
02/12/2021  12:47:17,237763;9,256371E-1;1,458505E-1;1,452176E-1;9,348828E-1;;
02/12/2021  12:47:17,237863;9,261974E-1;1,324701E-1;1,275255E-1;9,345418E-1;;
02/12/2021  12:47:17,237963;9,256967E-1;1,251428E-1;1,268936E-1;9,342081E-1;;
02/12/2021  12:47:17,238063;9,254374E-1;1,353374E-1;1,588027E-1;9,338813E-1;;
02/12/2021  12:47:17,238163;9,245284E-1;1,343816E-1;1,325804E-1;9,335611E-1;;
02/12/2021  12:47:17,238263;9,246447E-1;1,391603E-1;1,291051E-1;9,332470E-1;;
02/12/2021  12:47:17,238363;9,254255E-1;1,359745E-1;1,240502E-1;9,329386E-1;;
02/12/2021  12:47:17,238463;9,258636E-1;1,270543E-1;1,202590E-1;9,326357E-1;;
02/12/2021  12:47:17,238563;9,261140E-1;1,592309E-1;1,610142E-1;9,323382E-1;;
02/12/2021  12:47:17,238663;9,259590E-1;1,452133E-1;1,411105E-1;9,320461E-1;;
02/12/2021  12:47:17,238763;9,259620E-1;2,256004E-2;1,148882E-1;9,317595E-1;;
02/12/2021  12:47:17,238863;9,272048E-1;9,678918E-2;1,385831E-1;9,314786E-1;;
02/12/2021  12:47:17,238963;9,269753E-1;1,206827E-1;1,202590E-1;9,312035E-1;;
02/12/2021  12:47:17,239063;9,269902E-1;1,618844E-2;5,675668E-2;9,309347E-1;;
02/12/2021  12:47:17,239163;9,273270E-1;1,098510E-1;1,673329E-1;9,306723E-1;;
02/12/2021  12:47:17,239263;9,271541E-1;1,060280E-1;1,133085E-1;9,304169E-1;;
02/12/2021  12:47:17,239363;9,291062E-1;1,184526E-1;1,550115E-1;9,301686E-1;;
02/12/2021  12:47:17,239463;9,290943E-1;1,308772E-1;1,392149E-1;9,299280E-1;;
02/12/2021  12:47:17,239563;9,292194E-1;6,078964E-2;6,939396E-2;9,296957E-1;;
02/12/2021  12:47:17,239663;9,280333E-1;9,232906E-2;1,054102E-1;9,294723E-1;;
02/12/2021  12:47:17,239763;9,288290E-1;1,069837E-1;1,114129E-1;9,292582E-1;;
02/12/2021  12:47:17,239863;9,299764E-1;1,143111E-1;1,243661E-1;9,290536E-1;;
02/12/2021  12:47:17,239963;9,300986E-1;1,088952E-1;1,155200E-1;9,288591E-1;;
02/12/2021  12:47:17,240063;9,303549E-1;1,057094E-1;1,158360E-1;9,286751E-1;;
02/12/2021  12:47:17,240163;9,296307E-1;8,946184E-2;8,898175E-2;9,285021E-1;;
02/12/2021  12:47:17,240263;9,300271E-1;4,995792E-2;1,306848E-1;9,283403E-1;;
02/12/2021  12:47:17,240363;9,314338E-1;-1,970622E-3;4,538313E-2;9,281901E-1;;
02/12/2021  12:47:17,240463;9,315530E-1;8,850610E-2;9,940750E-2;9,280517E-1;;
02/12/2021  12:47:17,240563;9,318928E-1;8,786894E-2;1,016190E-1;9,279256E-1;;
02/12/2021  12:47:17,240663;9,310225E-1;-1,248376E-2;5,486109E-2;9,278120E-1;;
02/12/2021  12:47:17,240763;9,321729E-1;-1,188895E-1;1,094654E-2;9,277112E-1;;
02/12/2021  12:47:17,240863;9,335468E-1;1,149482E-1;1,196272E-1;9,276234E-1;;
02/12/2021  12:47:17,240963;9,335379E-1;1,037979E-1;1,104651E-1;9,275489E-1;;
02/12/2021  12:47:17,241063;9,335856E-1;1,353374E-1;1,632258E-1;9,274880E-1;;
02/12/2021  12:47:17,241163;9,332279E-1;1,305587E-1;1,398468E-1;9,274409E-1;;
02/12/2021  12:47:17,241263;9,345303E-1;1,413904E-1;1,234183E-1;9,274079E-1;;
02/12/2021  12:47:17,241363;9,356927E-1;2,191239E-1;2,204095E-1;9,273889E-1;;
02/12/2021  12:47:17,241463;9,364705E-1;1,512664E-1;1,284732E-1;9,273844E-1;;
02/12/2021  12:47:17,241563;9,364973E-1;1,222756E-1;1,783905E-1;9,273946E-1;;
02/12/2021  12:47:17,241663;9,366404E-1;1,783457E-1;1,543797E-1;9,274198E-1;;
02/12/2021  12:47:17,241763;9,383034E-1;1,576380E-1;1,344760E-1;9,274602E-1;;
02/12/2021  12:47:17,241863;9,386104E-1;1,544522E-1;1,625939E-1;9,275161E-1;;
02/12/2021  12:47:17,241963;9,390783E-1;1,585937E-1;1,518522E-1;9,275877E-1;;
02/12/2021  12:47:17,242063;9,391826E-1;1,515849E-1;1,467973E-1;9,276754E-1;;
02/12/2021  12:47:17,242163;9,388458E-1;9,201048E-2;8,708615E-2;9,277791E-1;;
02/12/2021  12:47:17,242263;9,396147E-1;1,382046E-1;1,493248E-1;9,278989E-1;;
02/12/2021  12:47:17,242363;9,408068E-1;1,136739E-1;1,218387E-1;9,280348E-1;;
02/12/2021  12:47:17,242463;9,406698E-1;1,251428E-1;1,306848E-1;9,281865E-1;;
02/12/2021  12:47:17,242563;9,407949E-1;1,251428E-1;1,259458E-1;9,283541E-1;;
02/12/2021  12:47:17,242663;9,414357E-1;1,238685E-1;1,237343E-1;9,285374E-1;;
02/12/2021  12:47:17,242763;9,421033E-1;1,280100E-1;1,385831E-1;9,287360E-1;;
02/12/2021  12:47:17,242863;9,424877E-1;1,238685E-1;1,265777E-1;9,289499E-1;;
02/12/2021  12:47:17,242963;9,432418E-1;1,302401E-1;1,404787E-1;9,291787E-1;;
02/12/2021  12:47:17,243063;9,429884E-1;1,225942E-1;1,316326E-1;9,294221E-1;;
02/12/2021  12:47:17,243163;9,437454E-1;1,136739E-1;1,205749E-1;9,296799E-1;;
02/12/2021  12:47:17,243263;9,445114E-1;1,095324E-1;1,066739E-1;9,299517E-1;;
02/12/2021  12:47:17,243363;9,453429E-1;1,225942E-1;1,259458E-1;9,302372E-1;;
02/12/2021  12:47:17,243463;9,452654E-1;1,276914E-1;1,385831E-1;9,305360E-1;;
02/12/2021  12:47:17,243563;9,451402E-1;1,404346E-1;1,347919E-1;9,308478E-1;;
02/12/2021  12:47:17,243663;9,454680E-1;1,280100E-1;1,272095E-1;9,311723E-1;;
02/12/2021  12:47:17,243763;9,463055E-1;1,350188E-1;1,509044E-1;9,315087E-1;;
02/12/2021  12:47:17,243863;9,467019E-1;1,216384E-1;1,272095E-1;9,318567E-1;;
02/12/2021  12:47:17,243963;9,466035E-1;1,165411E-1;1,202590E-1;9,322156E-1;;
02/12/2021  12:47:17,244063;9,456975E-1;1,178155E-1;1,205749E-1;9,325850E-1;;
02/12/2021  12:47:17,244163;9,458436E-1;1,229127E-1;1,231024E-1;9,329640E-1;;
02/12/2021  12:47:17,244263;9,465082E-1;1,210013E-1;1,101492E-1;9,333518E-1;;
02/12/2021  12:47:17,244363;9,467347E-1;1,299215E-1;1,294210E-1;9,337475E-1;;
02/12/2021  12:47:17,244463;9,464456E-1;1,254614E-1;1,256299E-1;9,341503E-1;;
02/12/2021  12:47:17,244563;9,461744E-1;1,245056E-1;1,303688E-1;9,345592E-1;;
02/12/2021  12:47:17,244663;9,466095E-1;1,162226E-1;1,237343E-1;9,349733E-1;;
02/12/2021  12:47:17,244763;9,477211E-1;1,117624E-1;8,961361E-2;9,353917E-1;;
02/12/2021  12:47:17,244863;9,474321E-1;1,162226E-1;1,193112E-1;9,358135E-1;;
02/12/2021  12:47:17,244963;9,471519E-1;1,149482E-1;1,180475E-1;9,362380E-1;;
02/12/2021  12:47:17,245063;9,467406E-1;1,276914E-1;1,265777E-1;9,366643E-1;;
02/12/2021  12:47:17,245163;9,463681E-1;1,369303E-1;1,325804E-1;9,370915E-1;;
02/12/2021  12:47:17,245263;9,474261E-1;1,267357E-1;1,322644E-1;9,375185E-1;;
02/12/2021  12:47:17,245363;9,476466E-1;1,139925E-1;1,237343E-1;9,379446E-1;;
02/12/2021  12:47:17,245463;9,471847E-1;1,270543E-1;1,370034E-1;9,383689E-1;;
02/12/2021  12:47:17,245563;9,469641E-1;1,101695E-1;1,202590E-1;9,387906E-1;;
02/12/2021  12:47:17,245663;9,473874E-1;4,995792E-2;9,561632E-2;9,392089E-1;;
02/12/2021  12:47:17,245763;9,474112E-1;1,213198E-1;1,783905E-1;9,396230E-1;;
02/12/2021  12:47:17,245863;9,480967E-1;1,213198E-1;1,234183E-1;9,400322E-1;;
02/12/2021  12:47:17,245963;9,472383E-1;1,203641E-1;8,013565E-2;9,404358E-1;;
02/12/2021  12:47:17,246063;9,470923E-1;1,445762E-1;1,373193E-1;9,408333E-1;;
02/12/2021  12:47:17,246163;9,471817E-1;1,280100E-1;1,281573E-1;9,412240E-1;;
02/12/2021  12:47:17,246263;9,477599E-1;1,187712E-1;1,294210E-1;9,416071E-1;;
02/12/2021  12:47:17,246363;9,478493E-1;1,229127E-1;1,306848E-1;9,419823E-1;;
02/12/2021  12:47:17,246463;9,480192E-1;1,334259E-1;1,373193E-1;9,423489E-1;;
02/12/2021  12:47:17,246563;9,478106E-1;1,095324E-1;1,136244E-1;9,427067E-1;;
02/12/2021  12:47:17,246663;9,486659E-1;1,053908E-1;9,877564E-2;9,430553E-1;;
02/12/2021  12:47:17,246763;9,493573E-1;1,318330E-1;1,332122E-1;9,433945E-1;;
02/12/2021  12:47:17,246863;9,488119E-1;1,353374E-1;1,420583E-1;9,437242E-1;;
02/12/2021  12:47:17,246963;9,490414E-1;1,270543E-1;1,243661E-1;9,440443E-1;;
02/12/2021  12:47:17,247063;9,496226E-1;1,410718E-1;1,382671E-1;9,443548E-1;;
02/12/2021  12:47:17,247163;9,502633E-1;4,995792E-2;6,244346E-2;9,446558E-1;;
02/12/2021  12:47:17,247263;9,504630E-1;1,139925E-1;1,259458E-1;9,449473E-1;;
02/12/2021  12:47:17,247363;9,509428E-1;1,324701E-1;1,338441E-1;9,452297E-1;;
02/12/2021  12:47:17,247463;9,510084E-1;1,292843E-1;1,253139E-1;9,455032E-1;;
02/12/2021  12:47:17,247563;9,507789E-1;1,305587E-1;1,509044E-1;9,457682E-1;;
02/12/2021  12:47:17,247663;9,520545E-1;1,362931E-1;1,404787E-1;9,460249E-1;;
02/12/2021  12:47:17,247763;9,527310E-1;1,490363E-1;1,509044E-1;9,462737E-1;;
02/12/2021  12:47:17,247863;9,530201E-1;1,229127E-1;1,189953E-1;9,465151E-1;;
02/12/2021  12:47:17,247963;9,525164E-1;9,710776E-2;1,259458E-1;9,467497E-1;;
02/12/2021  12:47:17,248063;9,527579E-1;1,203641E-1;1,158360E-1;9,469780E-1;;
02/12/2021  12:47:17,248163;9,537115E-1;1,362931E-1;1,085695E-1;9,472005E-1;;
02/12/2021  12:47:17,248263;9,543553E-1;1,194084E-1;1,275255E-1;9,474175E-1;;
02/12/2021  12:47:17,248363;9,548441E-1;8,436456E-2;9,466852E-2;9,476298E-1;;
02/12/2021  12:47:17,248463;9,539887E-1;1,366117E-1;1,382671E-1;9,478378E-1;;
02/12/2021  12:47:17,248563;9,547368E-1;1,334259E-1;1,376353E-1;9,480422E-1;;
02/12/2021  12:47:17,248663;9,550229E-1;1,337445E-1;1,344760E-1;9,482433E-1;;
02/12/2021  12:47:17,248763;9,553030E-1;1,251428E-1;1,281573E-1;9,484416E-1;;
02/12/2021  12:47:17,248863;9,547189E-1;1,238685E-1;1,177316E-1;9,486375E-1;;
02/12/2021  12:47:17,248963;9,549961E-1;1,114439E-1;9,498445E-2;9,488314E-1;;
02/12/2021  12:47:17,249063;9,546414E-1;1,471248E-1;1,363715E-1;9,490236E-1;;
02/12/2021  12:47:17,249163;9,555146E-1;1,356559E-1;1,505885E-1;9,492140E-1;;
02/12/2021  12:47:17,249263;9,555772E-1;1,327887E-1;1,341600E-1;9,494031E-1;;
02/12/2021  12:47:17,249363;9,553537E-1;1,130368E-1;1,234183E-1;9,495909E-1;;
02/12/2021  12:47:17,249463;9,545103E-1;1,337445E-1;1,411105E-1;9,497776E-1;;
02/12/2021  12:47:17,249563;9,556756E-1;1,136739E-1;1,082536E-1;9,499631E-1;;
02/12/2021  12:47:17,249663;9,564206E-1;1,382046E-1;1,272095E-1;9,501476E-1;;
02/12/2021  12:47:17,249763;9,563521E-1;1,318330E-1;1,047783E-1;9,503311E-1;;
02/12/2021  12:47:17,249863;9,560243E-1;1,410718E-1;1,922915E-1;9,505138E-1;;
02/12/2021  12:47:17,249963;9,555862E-1;1,557265E-1;1,486929E-1;9,506957E-1;;
02/12/2021  12:47:17,250063;9,562061E-1;1,203641E-1;1,088855E-1;9,508768E-1;;
02/12/2021  12:47:17,250163;9,565995E-1;1,305587E-1;1,170997E-1;9,510572E-1;;
02/12/2021  12:47:17,250263;9,570703E-1;1,206827E-1;1,142563E-1;9,512367E-1;;
02/12/2021  12:47:17,250363;9,567455E-1;3,307318E-2;9,751191E-2;9,514156E-1;;
02/12/2021  12:47:17,250463;9,568707E-1;1,283286E-1;1,196272E-1;9,515937E-1;;
02/12/2021  12:47:17,250563;9,573326E-1;1,356559E-1;1,310007E-1;9,517713E-1;;
02/12/2021  12:47:17,250663;9,583787E-1;1,270543E-1;1,433221E-1;9,519482E-1;;
02/12/2021  12:47:17,250763;9,583698E-1;1,210013E-1;1,249980E-1;9,521246E-1;;
02/12/2021  12:47:17,250863;9,575412E-1;1,388417E-1;1,189953E-1;9,523008E-1;;
02/12/2021  12:47:17,250963;9,574459E-1;1,251428E-1;1,663851E-1;9,524768E-1;;
02/12/2021  12:47:17,251063;9,584413E-1;1,178155E-1;1,212068E-1;9,526524E-1;;
02/12/2021  12:47:17,251163;9,592191E-1;1,181340E-1;1,249980E-1;9,528279E-1;;
02/12/2021  12:47:17,251263;9,588049E-1;1,372488E-1;1,328963E-1;9,530031E-1;;
02/12/2021  12:47:17,251363;9,585426E-1;1,382046E-1;1,240502E-1;9,531784E-1;;
02/12/2021  12:47:17,251463;9,584800E-1;1,127182E-1;1,221546E-1;9,533536E-1;;
02/12/2021  12:47:17,251563;9,593264E-1;1,343816E-1;1,559593E-1;9,535287E-1;;
02/12/2021  12:47:17,251663;9,597258E-1;1,362931E-1;1,272095E-1;9,537038E-1;;
02/12/2021  12:47:17,251763;9,597705E-1;1,318330E-1;1,401627E-1;9,538789E-1;;
02/12/2021  12:47:17,251863;9,587065E-1;1,248242E-1;1,281573E-1;9,540540E-1;;
02/12/2021  12:47:17,251963;9,578363E-1;1,305587E-1;1,382671E-1;9,542290E-1;;
02/12/2021  12:47:17,252063;9,585367E-1;1,280100E-1;1,246821E-1;9,544037E-1;;
02/12/2021  12:47:17,252163;9,583817E-1;1,331073E-1;1,265777E-1;9,545778E-1;;
02/12/2021  12:47:17,252263;9,579376E-1;1,206827E-1;1,335282E-1;9,547509E-1;;
02/12/2021  12:47:17,252363;9,564564E-1;8,755036E-2;1,060421E-1;9,549225E-1;;
02/12/2021  12:47:17,252463;9,567813E-1;1,168597E-1;1,246821E-1;9,550923E-1;;
02/12/2021  12:47:17,252563;9,576098E-1;1,203641E-1;1,445858E-1;9,552595E-1;;
02/12/2021  12:47:17,252663;9,576455E-1;1,139925E-1;1,196272E-1;9,554238E-1;;
02/12/2021  12:47:17,252763;9,569183E-1;1,162226E-1;1,155200E-1;9,555847E-1;;
02/12/2021  12:47:17,252863;9,563789E-1;1,085766E-1;1,328963E-1;9,557418E-1;;
02/12/2021  12:47:17,252963;9,557858E-1;1,120810E-1;1,224705E-1;9,558947E-1;;
02/12/2021  12:47:17,253063;9,563044E-1;5,505520E-2;8,550650E-2;9,560427E-1;;
02/12/2021  12:47:17,253163;9,559885E-1;9,774492E-2;1,114129E-1;9,561855E-1;;
02/12/2021  12:47:17,253263;9,561852E-1;8,786894E-2;9,719598E-2;9,563225E-1;;
02/12/2021  12:47:17,253363;9,550139E-1;9,678918E-2;1,095173E-1;9,564534E-1;;
02/12/2021  12:47:17,253463;9,553090E-1;1,152668E-1;1,246821E-1;9,565778E-1;;
02/12/2021  12:47:17,253563;9,558842E-1;5,951532E-2;3,780076E-2;9,566951E-1;;
02/12/2021  12:47:17,253663;9,555593E-1;1,047537E-1;1,164678E-1;9,568052E-1;;
02/12/2021  12:47:17,253763;9,550616E-1;1,085766E-1;1,208909E-1;9,569078E-1;;
02/12/2021  12:47:17,253863;9,540424E-1;1,200455E-1;1,281573E-1;9,570026E-1;;
02/12/2021  12:47:17,253963;9,541258E-1;8,755036E-2;9,940750E-2;9,570893E-1;;
02/12/2021  12:47:17,254063;9,545758E-1;1,286472E-1;1,347919E-1;9,571675E-1;;
02/12/2021  12:47:17,254163;9,539857E-1;1,461691E-1;1,439539E-1;9,572371E-1;;
02/12/2021  12:47:17,254263;9,534582E-1;1,499920E-1;1,376353E-1;9,572978E-1;;
02/12/2021  12:47:17,254363;9,526923E-1;1,585937E-1;1,423743E-1;9,573494E-1;;
02/12/2021  12:47:17,254463;9,526953E-1;1,796200E-1;1,812339E-1;9,573916E-1;;
02/12/2021  12:47:17,254563;9,525403E-1;1,687883E-1;1,436380E-1;9,574241E-1;;
02/12/2021  12:47:17,254663;9,519919E-1;1,624167E-1;1,509044E-1;9,574467E-1;;
02/12/2021  12:47:17,254763;9,504958E-1;1,770713E-1;2,068244E-1;9,574591E-1;;
02/12/2021  12:47:17,254863;9,498968E-1;1,617795E-1;1,540637E-1;9,574611E-1;;
02/12/2021  12:47:17,254963;9,492888E-1;1,343816E-1;1,306848E-1;9,574521E-1;;
02/12/2021  12:47:17,255063;9,487464E-1;1,289658E-1;1,404787E-1;9,574318E-1;;
02/12/2021  12:47:17,255163;9,480222E-1;1,413904E-1;1,363715E-1;9,573995E-1;;
02/12/2021  12:47:17,255263;9,462608E-1;1,254614E-1;1,316326E-1;9,573549E-1;;
02/12/2021  12:47:17,255363;9,449763E-1;1,152668E-1;1,221546E-1;9,572973E-1;;
02/12/2021  12:47:17,255463;9,446425E-1;1,149482E-1;1,082536E-1;9,572259E-1;;
02/12/2021  12:47:17,255563;9,440643E-1;1,423461E-1;1,452176E-1;9,571402E-1;;
02/12/2021  12:47:17,255663;9,427828E-1;1,311958E-1;1,237343E-1;9,570393E-1;;
02/12/2021  12:47:17,255763;9,413731E-1;1,190898E-1;1,208909E-1;9,569226E-1;;
02/12/2021  12:47:17,255863;9,396594E-1;8,309024E-2;8,613836E-2;9,567893E-1;;
02/12/2021  12:47:17,255963;9,395790E-1;5,505520E-2;1,009872E-1;9,566387E-1;;
02/12/2021  12:47:17,256063;9,382140E-1;1,452133E-1;1,420583E-1;9,564698E-1;;
02/12/2021  12:47:17,256163;9,378891E-1;1,366117E-1;1,357397E-1;9,562821E-1;;
02/12/2021  12:47:17,256263;9,369712E-1;1,232313E-1;1,325804E-1;9,560748E-1;;
02/12/2021  12:47:17,256363;9,359013E-1;1,509478E-1;1,483770E-1;9,558475E-1;;
02/12/2021  12:47:17,256463;9,365987E-1;1,311958E-1;1,319485E-1;9,555995E-1;;
02/12/2021  12:47:17,256563;9,358595E-1;1,299215E-1;1,268936E-1;9,553308E-1;;
02/12/2021  12:47:17,256663;9,354483E-1;1,302401E-1;1,259458E-1;9,550412E-1;;
02/12/2021  12:47:17,256763;9,343485E-1;1,245056E-1;1,249980E-1;9,547308E-1;;
02/12/2021  12:47:17,256863;9,340893E-1;1,455319E-1;1,370034E-1;9,543997E-1;;
02/12/2021  12:47:17,256963;9,346168E-1;1,544522E-1;1,834454E-1;9,540481E-1;;
02/12/2021  12:47:17,257063;9,345363E-1;1,108067E-1;1,167838E-1;9,536763E-1;;
02/12/2021  12:47:17,257163;9,339581E-1;1,101695E-1;1,183634E-1;9,532851E-1;;
02/12/2021  12:47:17,257263;9,329120E-1;1,286472E-1;1,347919E-1;9,528751E-1;;
02/12/2021  12:47:17,257363;9,324382E-1;1,273729E-1;1,196272E-1;9,524469E-1;;
02/12/2021  12:47:17,257463;9,327213E-1;1,225942E-1;1,249980E-1;9,520013E-1;;
02/12/2021  12:47:17,257563;9,321282E-1;1,225942E-1;1,253139E-1;9,515391E-1;;
02/12/2021  12:47:17,257663;9,314994E-1;1,366117E-1;1,398468E-1;9,510610E-1;;
02/12/2021  12:47:17,257763;9,296397E-1;1,174969E-1;1,006712E-1;9,505680E-1;;
02/12/2021  12:47:17,257863;9,295443E-1;1,095324E-1;1,183634E-1;9,500608E-1;;
02/12/2021  12:47:17,257963;9,293059E-1;1,171783E-1;1,297370E-1;9,495400E-1;;
02/12/2021  12:47:17,258063;9,285697E-1;1,184526E-1;1,183634E-1;9,490063E-1;;
02/12/2021  12:47:17,258163;9,280333E-1;1,404346E-1;1,366875E-1;9,484605E-1;;
02/12/2021  12:47:17,258263;9,271779E-1;1,417090E-1;1,388990E-1;9,479032E-1;;
02/12/2021  12:47:17,258363;9,272048E-1;3,116170E-2;7,002583E-2;9,473353E-1;;
02/12/2021  12:47:17,258463;9,280065E-1;1,267357E-1;1,224705E-1;9,467573E-1;;
02/12/2021  12:47:17,258563;9,269842E-1;1,203641E-1;1,104651E-1;9,461703E-1;;
02/12/2021  12:47:17,258663;9,264120E-1;1,464877E-1;1,515363E-1;9,455752E-1;;
02/12/2021  12:47:17,258763;9,253749E-1;1,225942E-1;1,221546E-1;9,449729E-1;;
02/12/2021  12:47:17,258863;9,254583E-1;1,206827E-1;9,909157E-2;9,443642E-1;;
02/12/2021  12:47:17,258963;9,256490E-1;1,149482E-1;9,782784E-2;9,437499E-1;;
02/12/2021  12:47:17,259063;9,253331E-1;1,404346E-1;1,205749E-1;9,431310E-1;;
02/12/2021  12:47:17,259163;9,239890E-1;1,554079E-1;1,486929E-1;9,425083E-1;;
02/12/2021  12:47:17,259263;9,235211E-1;1,174969E-1;1,117289E-1;9,418827E-1;;
02/12/2021  12:47:17,259363;9,237685E-1;1,101695E-1;1,170997E-1;9,412549E-1;;
02/12/2021  12:47:17,259463;9,224422E-1;1,286472E-1;1,531159E-1;9,406256E-1;;
02/12/2021  12:47:17,259563;9,228327E-1;1,273729E-1;1,272095E-1;9,399955E-1;;
02/12/2021  12:47:17,259663;9,211130E-1;1,210013E-1;1,167838E-1;9,393653E-1;;
02/12/2021  12:47:17,259763;9,199447E-1;5,409946E-2;1,044624E-1;9,387354E-1;;
02/12/2021  12:47:17,259863;9,202905E-1;1,318330E-1;1,328963E-1;9,381062E-1;;
02/12/2021  12:47:17,259963;9,204037E-1;1,452133E-1;1,401627E-1;9,374781E-1;;
02/12/2021  12:47:17,260063;9,196825E-1;1,181340E-1;1,224705E-1;9,368516E-1;;
02/12/2021  12:47:17,260163;9,188718E-1;1,088952E-1;1,126766E-1;9,362270E-1;;
02/12/2021  12:47:17,260263;9,184308E-1;1,225942E-1;1,234183E-1;9,356048E-1;;
02/12/2021  12:47:17,260363;9,191997E-1;1,573194E-1;1,685966E-1;9,349852E-1;;
02/12/2021  12:47:17,260463;9,194292E-1;1,385232E-1;1,328963E-1;9,343689E-1;;
02/12/2021  12:47:17,260563;9,190834E-1;1,254614E-1;1,373193E-1;9,337563E-1;;
02/12/2021  12:47:17,260663;9,187616E-1;1,203641E-1;1,174156E-1;9,331481E-1;;
02/12/2021  12:47:17,260763;9,183294E-1;1,248242E-1;1,205749E-1;9,325448E-1;;
02/12/2021  12:47:17,260863;9,193994E-1;1,104881E-1;9,909157E-2;9,319472E-1;;
02/12/2021  12:47:17,260963;9,193129E-1;1,235499E-1;1,234183E-1;9,313558E-1;;
02/12/2021  12:47:17,261063;9,193785E-1;1,276914E-1;1,411105E-1;9,307714E-1;;
02/12/2021  12:47:17,261163;9,190268E-1;1,270543E-1;1,259458E-1;9,301948E-1;;
02/12/2021  12:47:17,261263;9,189612E-1;1,235499E-1;1,218387E-1;9,296266E-1;;
02/12/2021  12:47:17,261363;9,202696E-1;1,684697E-1;1,676488E-1;9,290677E-1;;
02/12/2021  12:47:17,261463;9,204365E-1;1,184526E-1;1,218387E-1;9,285188E-1;;
02/12/2021  12:47:17,261563;9,204276E-1;1,143111E-1;1,101492E-1;9,279808E-1;;
02/12/2021  12:47:17,261663;9,189821E-1;1,235499E-1;1,297370E-1;9,274545E-1;;
02/12/2021  12:47:17,261763;9,191609E-1;1,245056E-1;1,243661E-1;9,269406E-1;;
02/12/2021  12:47:17,261863;9,200729E-1;8,086018E-2;8,487463E-2;9,264395E-1;;
02/12/2021  12:47:17,261963;9,203680E-1;1,318330E-1;1,281573E-1;9,259520E-1;;
02/12/2021  12:47:17,262063;9,206183E-1;1,321516E-1;1,262617E-1;9,254785E-1;;
02/12/2021  12:47:17,262163;9,203620E-1;8,086018E-2;1,259458E-1;9,250197E-1;;
02/12/2021  12:47:17,262263;9,200908E-1;1,267357E-1;1,297370E-1;9,245762E-1;;
02/12/2021  12:47:17,262363;9,217180E-1;3,657756E-2;4,664686E-2;9,241483E-1;;
02/12/2021  12:47:17,262463;9,220965E-1;1,286472E-1;1,322644E-1;9,237368E-1;;
02/12/2021  12:47:17,262563;9,214617E-1;1,407532E-1;1,442698E-1;9,233420E-1;;
02/12/2021  12:47:17,262663;9,216286E-1;1,308772E-1;1,240502E-1;9,229646E-1;;
02/12/2021  12:47:17,262763;9,224303E-1;1,101695E-1;1,174156E-1;9,226050E-1;;
02/12/2021  12:47:17,262863;9,234108E-1;1,359745E-1;1,515363E-1;9,222636E-1;;
02/12/2021  12:47:17,262963;9,241052E-1;1,276914E-1;1,316326E-1;9,219408E-1;;
02/12/2021  12:47:17,263063;9,237685E-1;1,299215E-1;1,243661E-1;9,216373E-1;;
02/12/2021  12:47:17,263163;9,235748E-1;1,302401E-1;1,268936E-1;9,213535E-1;;
02/12/2021  12:47:17,263263;9,251215E-1;2,128572E-2;6,718244E-2;9,210897E-1;;
02/12/2021  12:47:17,263363;9,261915E-1;1,283286E-1;1,265777E-1;9,208463E-1;;
02/12/2021  12:47:17,263463;9,266415E-1;1,353374E-1;1,347919E-1;9,206237E-1;;
02/12/2021  12:47:17,263563;9,267458E-1;8,054160E-2;6,086380E-2;9,204225E-1;;
02/12/2021  12:47:17,263663;9,264329E-1;1,238685E-1;1,268936E-1;9,202430E-1;;
02/12/2021  12:47:17,263763;9,273955E-1;1,002936E-1;1,196272E-1;9,200854E-1;;
02/12/2021  12:47:17,263863;9,286174E-1;1,311958E-1;1,452176E-1;9,199500E-1;;
02/12/2021  12:47:17,263963;9,291420E-1;1,308772E-1;1,360556E-1;9,198371E-1;;
02/12/2021  12:47:17,264063;9,292433E-1;1,225942E-1;1,313166E-1;9,197467E-1;;
02/12/2021  12:47:17,264163;9,301195E-1;1,331073E-1;1,294210E-1;9,196792E-1;;
02/12/2021  12:47:17,264263;9,316484E-1;1,241871E-1;1,092014E-1;9,196348E-1;;
02/12/2021  12:47:17,264363;9,325604E-1;1,401161E-1;1,366875E-1;9,196136E-1;;
02/12/2021  12:47:17,264463;9,331981E-1;1,299215E-1;1,328963E-1;9,196159E-1;;
02/12/2021  12:47:17,264563;9,329001E-1;1,311958E-1;1,237343E-1;9,196420E-1;;
02/12/2021  12:47:17,264663;9,332011E-1;1,630538E-1;1,537478E-1;9,196921E-1;;
02/12/2021  12:47:17,264763;9,344797E-1;1,359745E-1;1,603824E-1;9,197660E-1;;
02/12/2021  12:47:17,264863;9,351055E-1;1,171783E-1;1,155200E-1;9,198638E-1;;
02/12/2021  12:47:17,264963;9,354155E-1;1,155854E-1;1,152041E-1;9,199853E-1;;
02/12/2021  12:47:17,265063;9,360324E-1;1,162226E-1;1,193112E-1;9,201304E-1;;
02/12/2021  12:47:17,265163;9,362231E-1;1,206827E-1;1,240502E-1;9,202989E-1;;
02/12/2021  12:47:17,265263;9,375851E-1;1,092138E-1;1,183634E-1;9,204906E-1;;
02/12/2021  12:47:17,265363;9,381156E-1;7,640006E-2;1,054102E-1;9,207050E-1;;
02/12/2021  12:47:17,265463;9,382050E-1;8,086018E-2;9,245700E-2;9,209420E-1;;
02/12/2021  12:47:17,265563;9,382706E-1;1,041165E-1;1,155200E-1;9,212011E-1;;
02/12/2021  12:47:17,265663;9,384852E-1;1,009307E-1;9,909157E-2;9,214819E-1;;
02/12/2021  12:47:17,265763;9,392273E-1;8,372740E-2;5,486109E-2;9,217835E-1;;
02/12/2021  12:47:17,265863;9,401065E-1;1,053908E-1;1,164678E-1;9,221055E-1;;
02/12/2021  12:47:17,265963;9,410095E-1;1,101695E-1;1,272095E-1;9,224471E-1;;
02/12/2021  12:47:17,266063;9,415340E-1;1,210013E-1;1,208909E-1;9,228077E-1;;
02/12/2021  12:47:17,266163;9,422374E-1;1,031608E-1;1,155200E-1;9,231868E-1;;
02/12/2021  12:47:17,266263;9,441507E-1;9,774492E-2;1,170997E-1;9,235838E-1;;
02/12/2021  12:47:17,266363;9,446514E-1;9,901924E-2;1,155200E-1;9,239982E-1;;
02/12/2021  12:47:17,266463;9,447617E-1;1,181340E-1;1,196272E-1;9,244297E-1;;
02/12/2021  12:47:17,266563;9,452773E-1;2,351578E-2;4,538313E-2;9,248779E-1;;
02/12/2021  12:47:17,266663;9,459657E-1;1,117624E-1;1,193112E-1;9,253422E-1;;
02/12/2021  12:47:17,266763;9,474082E-1;1,334259E-1;1,727037E-1;9,258220E-1;;
02/12/2021  12:47:17,266863;9,478523E-1;1,187712E-1;1,310007E-1;9,263169E-1;;
02/12/2021  12:47:17,266963;9,486242E-1;1,104881E-1;1,310007E-1;9,268265E-1;;
02/12/2021  12:47:17,267063;9,484543E-1;1,136739E-1;1,240502E-1;9,273502E-1;;
02/12/2021  12:47:17,267163;9,495123E-1;1,098510E-1;1,224705E-1;9,278875E-1;;
02/12/2021  12:47:17,267263;9,515031E-1;1,394789E-1;1,256299E-1;9,284379E-1;;
02/12/2021  12:47:17,267363;9,517595E-1;1,506292E-1;1,000394E-1;9,290010E-1;;
02/12/2021  12:47:17,267463;9,522899E-1;1,681511E-1;1,455336E-1;9,295762E-1;;
02/12/2021  12:47:17,267563;9,515568E-1;1,522221E-1;1,357397E-1;9,301633E-1;;
02/12/2021  12:47:17,267663;9,531155E-1;1,525407E-1;1,221546E-1;9,307617E-1;;
02/12/2021  12:47:17,267763;9,541169E-1;1,098510E-1;1,123607E-1;9,313706E-1;;
02/12/2021  12:47:17,267863;9,542689E-1;1,324701E-1;1,231024E-1;9,319897E-1;;
02/12/2021  12:47:17,267963;9,552315E-1;1,104881E-1;1,259458E-1;9,326182E-1;;
02/12/2021  12:47:17,268063;9,551272E-1;1,216384E-1;1,189953E-1;9,332557E-1;;
02/12/2021  12:47:17,268163;9,568468E-1;1,512664E-1;1,584868E-1;9,339016E-1;;
02/12/2021  12:47:17,268263;9,575084E-1;1,455319E-1;1,575390E-1;9,345554E-1;;
02/12/2021  12:47:17,268363;9,585635E-1;1,305587E-1;1,328963E-1;9,352165E-1;;
02/12/2021  12:47:17,268463;9,576515E-1;1,184526E-1;9,624818E-2;9,358847E-1;;
02/12/2021  12:47:17,268563;9,579287E-1;1,337445E-1;2,055607E-1;9,365592E-1;;
02/12/2021  12:47:17,268663;9,590373E-1;1,362931E-1;1,404787E-1;9,372396E-1;;
02/12/2021  12:47:17,268763;9,596900E-1;1,270543E-1;1,310007E-1;9,379250E-1;;
02/12/2021  12:47:17,268863;9,601281E-1;1,324701E-1;1,294210E-1;9,386148E-1;;
02/12/2021  12:47:17,268963;9,597198E-1;1,178155E-1;1,063580E-1;9,393085E-1;;
02/12/2021  12:47:17,269063;9,595023E-1;1,353374E-1;1,322644E-1;9,400052E-1;;
02/12/2021  12:47:17,269163;9,601192E-1;1,394789E-1;1,663851E-1;9,407042E-1;;
02/12/2021  12:47:17,269263;9,607212E-1;1,098510E-1;1,066739E-1;9,414045E-1;;
02/12/2021  12:47:17,269363;9,600924E-1;1,123996E-1;1,303688E-1;9,421053E-1;;
02/12/2021  12:47:17,269463;9,595500E-1;1,267357E-1;1,294210E-1;9,428057E-1;;
02/12/2021  12:47:17,269563;9,591685E-1;5,855958E-2;7,318515E-2;9,435044E-1;;
02/12/2021  12:47:17,269663;9,594933E-1;7,289568E-2;8,045158E-2;9,442005E-1;;
02/12/2021  12:47:17,269763;9,591744E-1;1,251428E-1;1,259458E-1;9,448925E-1;;
02/12/2021  12:47:17,269863;9,592132E-1;1,397975E-1;1,518522E-1;9,455794E-1;;
02/12/2021  12:47:17,269963;9,579585E-1;1,413904E-1;1,414265E-1;9,462598E-1;;
02/12/2021  12:47:17,270063;9,575740E-1;1,350188E-1;1,294210E-1;9,469323E-1;;
02/12/2021  12:47:17,270163;9,584204E-1;9,806350E-2;1,777586E-1;9,475957E-1;;
02/12/2021  12:47:17,270263;9,577558E-1;1,283286E-1;1,294210E-1;9,482485E-1;;
02/12/2021  12:47:17,270363;9,572551E-1;1,372488E-1;1,234183E-1;9,488896E-1;;
02/12/2021  12:47:17,270463;9,563789E-1;1,455319E-1;1,755471E-1;9,495175E-1;;
02/12/2021  12:47:17,270563;9,560541E-1;1,362931E-1;1,306848E-1;9,501310E-1;;
02/12/2021  12:47:17,270663;9,566412E-1;7,448858E-2;9,340479E-2;9,507287E-1;;
02/12/2021  12:47:17,270763;9,559796E-1;1,264171E-1;1,306848E-1;9,513095E-1;;
02/12/2021  12:47:17,270863;9,548262E-1;1,318330E-1;1,193112E-1;9,518723E-1;;
02/12/2021  12:47:17,270963;9,538308E-1;7,894870E-2;1,145722E-1;9,524158E-1;;
02/12/2021  12:47:17,271063;9,540185E-1;1,235499E-1;1,234183E-1;9,529388E-1;;
02/12/2021  12:47:17,271163;9,537771E-1;1,260985E-1;1,120448E-1;9,534403E-1;;
02/12/2021  12:47:17,271263;9,528920E-1;1,331073E-1;1,325804E-1;9,539191E-1;;
02/12/2021  12:47:17,271363;9,521528E-1;1,280100E-1;1,275255E-1;9,543743E-1;;
02/12/2021  12:47:17,271463;9,506001E-1;1,190898E-1;1,183634E-1;9,548049E-1;;
02/12/2021  12:47:17,271563;9,507551E-1;1,216384E-1;1,363715E-1;9,552099E-1;;
02/12/2021  12:47:17,271663;9,500637E-1;5,282514E-2;9,751191E-2;9,555883E-1;;
02/12/2021  12:47:17,271763;9,498968E-1;1,139925E-1;1,218387E-1;9,559393E-1;;
02/12/2021  12:47:17,271863;9,486897E-1;1,251428E-1;1,272095E-1;9,562622E-1;;
02/12/2021  12:47:17,271963;9,479953E-1;1,184526E-1;1,205749E-1;9,565562E-1;;
02/12/2021  12:47:17,272063;9,476407E-1;1,069837E-1;1,926074E-1;9,568208E-1;;
02/12/2021  12:47:17,272163;9,472264E-1;1,305587E-1;1,256299E-1;9,570554E-1;;
02/12/2021  12:47:17,272263;9,470953E-1;1,337445E-1;1,218387E-1;9,572595E-1;;
02/12/2021  12:47:17,272363;9,464247E-1;1,197269E-1;1,727037E-1;9,574331E-1;;
02/12/2021  12:47:17,272463;9,452564E-1;1,308772E-1;1,332122E-1;9,575757E-1;;
02/12/2021  12:47:17,272563;9,448899E-1;1,391603E-1;1,414265E-1;9,576875E-1;;
02/12/2021  12:47:17,272663;9,451521E-1;1,382046E-1;1,565912E-1;9,577681E-1;;
02/12/2021  12:47:17,272763;9,444428E-1;1,321516E-1;1,272095E-1;9,578179E-1;;
02/12/2021  12:47:17,272863;9,431404E-1;1,280100E-1;1,417424E-1;9,578370E-1;;
02/12/2021  12:47:17,272963;9,427917E-1;1,050723E-1;1,354238E-1;9,578255E-1;;
02/12/2021  12:47:17,273063;9,434355E-1;1,382046E-1;1,259458E-1;9,577839E-1;;
02/12/2021  12:47:17,273163;9,430868E-1;1,305587E-1;1,291051E-1;9,577124E-1;;
02/12/2021  12:47:17,273263;9,430093E-1;1,267357E-1;1,234183E-1;9,576119E-1;;
02/12/2021  12:47:17,273363;9,408575E-1;1,229127E-1;1,145722E-1;9,574830E-1;;
02/12/2021  12:47:17,273463;9,399187E-1;4,517922E-2;9,498445E-2;9,573263E-1;;
02/12/2021  12:47:17,273563;9,401244E-1;1,519035E-1;1,723878E-1;9,571424E-1;;
02/12/2021  12:47:17,273663;9,397041E-1;1,286472E-1;1,256299E-1;9,569319E-1;;
02/12/2021  12:47:17,273763;9,393435E-1;1,343816E-1;1,379512E-1;9,566954E-1;;
02/12/2021  12:47:17,273863;9,381931E-1;1,347002E-1;1,265777E-1;9,564338E-1;;
02/12/2021  12:47:17,273963;9,374182E-1;1,264171E-1;1,313166E-1;9,561477E-1;;
02/12/2021  12:47:17,274063;9,376805E-1;1,260985E-1;1,297370E-1;9,558380E-1;;
02/12/2021  12:47:17,274163;9,371917E-1;1,311958E-1;1,303688E-1;9,555054E-1;;
02/12/2021  12:47:17,274263;9,364318E-1;1,343816E-1;1,398468E-1;9,551508E-1;;
02/12/2021  12:47:17,274363;9,356330E-1;1,394789E-1;1,373193E-1;9,547752E-1;;
02/12/2021  12:47:17,274463;9,351920E-1;1,302401E-1;1,379512E-1;9,543793E-1;;
02/12/2021  12:47:17,274563;9,351949E-1;9,201048E-2;1,344760E-1;9,539641E-1;;
02/12/2021  12:47:17,274663;9,348611E-1;1,327887E-1;1,291051E-1;9,535305E-1;;
02/12/2021  12:47:17,274763;9,347449E-1;1,308772E-1;1,316326E-1;9,530795E-1;;
02/12/2021  12:47:17,274863;9,328971E-1;1,041165E-1;1,357397E-1;9,526122E-1;;
02/12/2021  12:47:17,274963;9,329299E-1;1,273729E-1;1,148882E-1;9,521295E-1;;
02/12/2021  12:47:17,275063;9,332607E-1;1,391603E-1;1,477451E-1;9,516324E-1;;
02/12/2021  12:47:17,275163;9,332488E-1;1,458505E-1;1,430061E-1;9,511218E-1;;
02/12/2021  12:47:17,275263;9,320925E-1;1,372488E-1;1,272095E-1;9,505990E-1;;
02/12/2021  12:47:17,275363;9,307483E-1;9,615202E-2;1,272095E-1;9,500648E-1;;
02/12/2021  12:47:17,275463;9,308646E-1;1,159040E-1;1,212068E-1;9,495203E-1;;
02/12/2021  12:47:17,275563;9,305814E-1;1,229127E-1;1,199431E-1;9,489663E-1;;
02/12/2021  12:47:17,275663;9,305606E-1;1,353374E-1;1,303688E-1;9,484038E-1;;
02/12/2021  12:47:17,275763;9,294489E-1;1,311958E-1;1,240502E-1;9,478336E-1;;
02/12/2021  12:47:17,275863;9,284416E-1;1,260985E-1;1,300529E-1;9,472566E-1;;
02/12/2021  12:47:17,275963;9,292731E-1;1,382046E-1;1,328963E-1;9,466737E-1;;
02/12/2021  12:47:17,276063;9,287098E-1;1,372488E-1;1,224705E-1;9,460857E-1;;
02/12/2021  12:47:17,276163;9,284982E-1;1,222756E-1;1,224705E-1;9,454934E-1;;
02/12/2021  12:47:17,276263;9,276369E-1;1,254614E-1;1,275255E-1;9,448977E-1;;
02/12/2021  12:47:17,276363;9,274968E-1;1,289658E-1;1,265777E-1;9,442995E-1;;
02/12/2021  12:47:17,276463;9,281078E-1;1,455319E-1;1,313166E-1;9,436996E-1;;
02/12/2021  12:47:17,276563;9,281346E-1;1,483991E-1;1,338441E-1;9,430988E-1;;
02/12/2021  12:47:17,276663;9,277084E-1;8,309024E-2;8,361090E-2;9,424981E-1;;
02/12/2021  12:47:17,276763;9,276905E-1;1,194084E-1;1,265777E-1;9,418985E-1;;
02/12/2021  12:47:17,276863;9,269097E-1;1,222756E-1;1,123607E-1;9,413009E-1;;
02/12/2021  12:47:17,276963;9,278276E-1;9,647060E-2;1,297370E-1;9,407062E-1;;
02/12/2021  12:47:17,277063;9,279767E-1;1,343816E-1;1,559593E-1;9,401154E-1;;
02/12/2021  12:47:17,277163;9,279051E-1;1,238685E-1;1,253139E-1;9,395293E-1;;
02/12/2021  12:47:17,277263;9,270379E-1;5,314372E-2;1,025668E-1;9,389491E-1;;
02/12/2021  12:47:17,277363;9,261587E-1;1,098510E-1;1,828136E-1;9,383755E-1;;
02/12/2021  12:47:17,277463;9,266474E-1;1,483991E-1;1,338441E-1;9,378092E-1;;
02/12/2021  12:47:17,277563;9,271690E-1;1,302401E-1;1,265777E-1;9,372509E-1;;
02/12/2021  12:47:17,277663;9,264627E-1;1,136739E-1;1,278414E-1;9,367013E-1;;
02/12/2021  12:47:17,277763;9,257086E-1;1,327887E-1;1,401627E-1;9,361611E-1;;
02/12/2021  12:47:17,277863;9,253272E-1;1,280100E-1;1,256299E-1;9,356306E-1;;
02/12/2021  12:47:17,277963;9,259143E-1;1,767528E-1;2,068244E-1;9,351104E-1;;
02/12/2021  12:47:17,278063;9,261617E-1;1,213198E-1;1,193112E-1;9,346008E-1;;
02/12/2021  12:47:17,278163;9,258815E-1;1,362931E-1;1,550115E-1;9,341023E-1;;
02/12/2021  12:47:17,278263;9,252169E-1;1,219570E-1;1,278414E-1;9,336152E-1;;
02/12/2021  12:47:17,278363;9,249517E-1;9,455912E-2;9,372073E-2;9,331400E-1;;
02/12/2021  12:47:17,278463;9,261348E-1;9,965640E-2;1,114129E-1;9,326768E-1;;
02/12/2021  12:47:17,278563;9,260693E-1;1,095324E-1;1,193112E-1;9,322260E-1;;
02/12/2021  12:47:17,278663;9,263435E-1;1,276914E-1;1,480610E-1;9,317879E-1;;
02/12/2021  12:47:17,278763;9,256848E-1;1,057094E-1;1,038306E-1;9,313630E-1;;
02/12/2021  12:47:17,278863;9,258606E-1;9,424054E-2;9,182514E-2;9,309514E-1;;
02/12/2021  12:47:17,278963;9,274909E-1;1,053908E-1;1,101492E-1;9,305536E-1;;
02/12/2021  12:47:17,279063;9,276548E-1;1,123996E-1;1,234183E-1;9,301698E-1;;
02/12/2021  12:47:17,279163;9,272077E-1;1,028422E-1;1,177316E-1;9,298006E-1;;
02/12/2021  12:47:17,279263;9,264656E-1;8,149734E-2;1,376353E-1;9,294464E-1;;
02/12/2021  12:47:17,279363;9,266921E-1;8,149734E-2;9,403666E-2;9,291073E-1;;
02/12/2021  12:47:17,279463;9,274044E-1;9,710776E-2;9,909157E-2;9,287836E-1;;
02/12/2021  12:47:17,279563;9,278843E-1;1,002936E-1;1,110970E-1;9,284753E-1;;
02/12/2021  12:47:17,279663;9,278902E-1;4,581638E-2;7,318515E-2;9,281827E-1;;
02/12/2021  12:47:17,279763;9,273657E-1;7,130278E-2;9,056141E-2;9,279060E-1;;
02/12/2021  12:47:17,279863;9,276518E-1;9,296622E-2;1,107811E-1;9,276453E-1;;
02/12/2021  12:47:17,279963;9,286681E-1;9,201048E-2;9,814378E-2;9,274005E-1;;
02/12/2021  12:47:17,280063;9,286979E-1;1,264171E-1;1,366875E-1;9,271718E-1;;
02/12/2021  12:47:17,280163;9,284714E-1;1,088952E-1;1,208909E-1;9,269593E-1;;
02/12/2021  12:47:17,280263;9,286264E-1;1,286472E-1;1,205749E-1;9,267630E-1;;
02/12/2021  12:47:17,280363;9,292254E-1;1,678325E-1;1,720719E-1;9,265828E-1;;
02/12/2021  12:47:17,280463;9,300509E-1;1,509478E-1;1,584868E-1;9,264187E-1;;
02/12/2021  12:47:17,280563;9,305665E-1;1,509478E-1;1,351078E-1;9,262707E-1;;
02/12/2021  12:47:17,280663;9,306530E-1;1,611423E-1;1,357397E-1;9,261390E-1;;
02/12/2021  12:47:17,280763;9,308079E-1;1,805757E-1;1,597505E-1;9,260237E-1;;
02/12/2021  12:47:17,280863;9,321997E-1;1,503106E-1;1,556434E-1;9,259247E-1;;
02/12/2021  12:47:17,280963;9,325753E-1;1,576380E-1;1,458495E-1;9,258422E-1;;
02/12/2021  12:47:17,281063;9,329657E-1;1,474434E-1;1,388990E-1;9,257763E-1;;
02/12/2021  12:47:17,281163;9,327064E-1;1,382046E-1;1,575390E-1;9,257272E-1;;
02/12/2021  12:47:17,281263;9,324859E-1;1,410718E-1;1,395309E-1;9,256949E-1;;
02/12/2021  12:47:17,281363;9,327451E-1;1,331073E-1;1,234183E-1;9,256792E-1;;
02/12/2021  12:47:17,281463;9,335737E-1;1,423461E-1;1,660692E-1;9,256799E-1;;
02/12/2021  12:47:17,281563;9,333352E-1;1,165411E-1;1,205749E-1;9,256969E-1;;
02/12/2021  12:47:17,281663;9,335766E-1;1,522221E-1;1,540637E-1;9,257299E-1;;
02/12/2021  12:47:17,281763;9,332339E-1;1,296029E-1;1,265777E-1;9,257785E-1;;
02/12/2021  12:47:17,281863;9,345840E-1;1,117624E-1;1,167838E-1;9,258424E-1;;
02/12/2021  12:47:17,281963;9,353678E-1;1,181340E-1;1,278414E-1;9,259212E-1;;
02/12/2021  12:47:17,282063;9,353380E-1;1,276914E-1;1,360556E-1;9,260146E-1;;
02/12/2021  12:47:17,282163;9,352158E-1;1,324701E-1;1,237343E-1;9,261224E-1;;
02/12/2021  12:47:17,282263;9,355287E-1;1,076209E-1;1,515363E-1;9,262443E-1;;
02/12/2021  12:47:17,282363;9,367089E-1;1,397975E-1;1,490088E-1;9,263798E-1;;
02/12/2021  12:47:17,282463;9,377669E-1;1,037979E-1;1,208909E-1;9,265286E-1;;
02/12/2021  12:47:17,282563;9,376835E-1;1,292843E-1;1,297370E-1;9,266906E-1;;
02/12/2021  12:47:17,282663;9,377878E-1;1,219570E-1;1,167838E-1;9,268656E-1;;
02/12/2021  12:47:17,282763;9,388249E-1;1,359745E-1;1,313166E-1;9,270532E-1;;
02/12/2021  12:47:17,282863;9,405893E-1;1,324701E-1;1,411105E-1;9,272534E-1;;
02/12/2021  12:47:17,282963;9,405058E-1;1,264171E-1;1,284732E-1;9,274660E-1;;
02/12/2021  12:47:17,283063;9,407383E-1;1,254614E-1;1,328963E-1;9,276910E-1;;
02/12/2021  12:47:17,283163;9,399932E-1;1,174969E-1;1,234183E-1;9,279284E-1;;
02/12/2021  12:47:17,283263;9,402346E-1;1,053908E-1;9,087734E-2;9,281778E-1;;
02/12/2021  12:47:17,283363;9,415132E-1;1,219570E-1;1,177316E-1;9,284388E-1;;
02/12/2021  12:47:17,283463;9,419185E-1;1,327887E-1;1,363715E-1;9,287110E-1;;
02/12/2021  12:47:17,283563;9,418887E-1;1,238685E-1;1,335282E-1;9,289942E-1;;
02/12/2021  12:47:17,283663;9,417725E-1;9,424054E-2;8,613836E-2;9,292880E-1;;
02/12/2021  12:47:17,283763;9,423775E-1;1,190898E-1;1,253139E-1;9,295918E-1;;
02/12/2021  12:47:17,283863;9,435159E-1;1,114439E-1;1,060421E-1;9,299054E-1;;
02/12/2021  12:47:17,283963;9,436352E-1;1,229127E-1;1,262617E-1;9,302281E-1;;
02/12/2021  12:47:17,284063;9,430212E-1;1,130368E-1;1,164678E-1;9,305597E-1;;
02/12/2021  12:47:17,284163;9,426725E-1;1,503106E-1;1,363715E-1;9,308997E-1;;
02/12/2021  12:47:17,284263;9,430749E-1;1,334259E-1;1,347919E-1;9,312474E-1;;
02/12/2021  12:47:17,284363;9,437305E-1;1,292843E-1;1,249980E-1;9,316020E-1;;
02/12/2021  12:47:17,284463;9,437722E-1;1,190898E-1;1,189953E-1;9,319630E-1;;
02/12/2021  12:47:17,284563;9,433878E-1;1,168597E-1;1,218387E-1;9,323296E-1;;
02/12/2021  12:47:17,284663;9,430451E-1;1,229127E-1;1,281573E-1;9,327012E-1;;
02/12/2021  12:47:17,284763;9,435308E-1;1,219570E-1;1,284732E-1;9,330768E-1;;
02/12/2021  12:47:17,284863;9,449584E-1;1,232313E-1;1,035146E-1;9,334558E-1;;
02/12/2021  12:47:17,284963;9,445620E-1;7,289568E-2;7,002583E-2;9,338374E-1;;
02/12/2021  12:47:17,285063;9,439600E-1;1,238685E-1;1,234183E-1;9,342210E-1;;
02/12/2021  12:47:17,285163;9,430480E-1;1,417090E-1;1,392149E-1;9,346059E-1;;
02/12/2021  12:47:17,285263;9,438050E-1;3,817046E-2;8,803395E-2;9,349913E-1;;
02/12/2021  12:47:17,285363;9,440017E-1;1,028422E-1;1,196272E-1;9,353763E-1;;
02/12/2021  12:47:17,285463;9,442253E-1;1,079395E-1;1,107811E-1;9,357601E-1;;
02/12/2021  12:47:17,285563;9,435875E-1;1,296029E-1;1,316326E-1;9,361419E-1;;
02/12/2021  12:47:17,285663;9,433222E-1;1,206827E-1;1,167838E-1;9,365211E-1;;
02/12/2021  12:47:17,285763;9,440405E-1;3,371034E-2;7,160549E-2;9,368968E-1;;
02/12/2021  12:47:17,285863;9,453488E-1;1,385232E-1;1,685966E-1;9,372682E-1;;
02/12/2021  12:47:17,285963;9,445263E-1;1,270543E-1;1,303688E-1;9,376349E-1;;
02/12/2021  12:47:17,286063;9,444577E-1;6,461260E-2;6,181159E-2;9,379965E-1;;
02/12/2021  12:47:17,286163;9,441984E-1;1,152668E-1;1,193112E-1;9,383524E-1;;
02/12/2021  12:47:17,286263;9,454084E-1;1,127182E-1;1,196272E-1;9,387020E-1;;
02/12/2021  12:47:17,286363;9,458942E-1;1,206827E-1;1,240502E-1;9,390452E-1;;
02/12/2021  12:47:17,286463;9,461565E-1;1,305587E-1;1,275255E-1;9,393815E-1;;
02/12/2021  12:47:17,286563;9,461684E-1;8,818752E-2;1,006712E-1;9,397110E-1;;
02/12/2021  12:47:17,286663;9,464515E-1;1,350188E-1;1,310007E-1;9,400334E-1;;
02/12/2021  12:47:17,286763;9,474142E-1;1,241871E-1;1,224705E-1;9,403489E-1;;
02/12/2021  12:47:17,286863;9,481980E-1;1,267357E-1;1,297370E-1;9,406574E-1;;
02/12/2021  12:47:17,286963;9,482576E-1;1,490363E-1;1,720719E-1;9,409591E-1;;
02/12/2021  12:47:17,287063;9,477867E-1;1,283286E-1;1,291051E-1;9,412544E-1;;
02/12/2021  12:47:17,287163;9,480043E-1;1,181340E-1;1,177316E-1;9,415434E-1;;
02/12/2021  12:47:17,287263;9,487672E-1;5,314372E-2;9,308886E-2;9,418262E-1;;
02/12/2021  12:47:17,287363;9,490831E-1;1,366117E-1;1,338441E-1;9,421031E-1;;
02/12/2021  12:47:17,287463;9,493752E-1;1,570008E-1;1,578549E-1;9,423742E-1;;
02/12/2021  12:47:17,287563;9,495809E-1;1,270543E-1;1,316326E-1;9,426400E-1;;
02/12/2021  12:47:17,287663;9,497209E-1;1,108067E-1;1,196272E-1;9,429007E-1;;
02/12/2021  12:47:17,287763;9,514972E-1;1,455319E-1;1,490088E-1;9,431565E-1;;
02/12/2021  12:47:17,287863;9,515061E-1;1,229127E-1;1,167838E-1;9,434080E-1;;
02/12/2021  12:47:17,287963;9,514942E-1;9,647060E-2;7,855599E-2;9,436556E-1;;
02/12/2021  12:47:17,288063;9,505673E-1;3,594040E-2;7,034176E-2;9,438998E-1;;
02/12/2021  12:47:17,288163;9,513631E-1;1,375674E-1;1,392149E-1;9,441410E-1;;
02/12/2021  12:47:17,288263;9,523764E-1;1,375674E-1;1,496407E-1;9,443793E-1;;
02/12/2021  12:47:17,288363;9,524151E-1;1,200455E-1;1,234183E-1;9,446150E-1;;
02/12/2021  12:47:17,288463;9,518936E-1;1,181340E-1;1,155200E-1;9,448486E-1;;
02/12/2021  12:47:17,288563;9,516194E-1;7,640006E-2;8,803395E-2;9,450802E-1;;
02/12/2021  12:47:17,288663;9,519532E-1;1,318330E-1;1,303688E-1;9,453101E-1;;
02/12/2021  12:47:17,288763;9,526595E-1;1,308772E-1;1,262617E-1;9,455381E-1;;
02/12/2021  12:47:17,288863;9,526297E-1;1,206827E-1;1,208909E-1;9,457646E-1;;
02/12/2021  12:47:17,288963;9,526297E-1;1,267357E-1;1,253139E-1;9,459895E-1;;
02/12/2021  12:47:17,289063;9,514495E-1;1,334259E-1;1,388990E-1;9,462130E-1;;
02/12/2021  12:47:17,289163;9,515836E-1;1,101695E-1;1,129926E-1;9,464349E-1;;
02/12/2021  12:47:17,289263;9,521558E-1;1,079395E-1;9,403666E-2;9,466551E-1;;
02/12/2021  12:47:17,289363;9,516015E-1;1,190898E-1;1,193112E-1;9,468733E-1;;
02/12/2021  12:47:17,289463;9,511574E-1;1,334259E-1;1,341600E-1;9,470893E-1;;
02/12/2021  12:47:17,289563;9,500726E-1;1,178155E-1;1,237343E-1;9,473028E-1;;
02/12/2021  12:47:17,289663;9,503796E-1;1,286472E-1;1,202590E-1;9,475133E-1;;
02/12/2021  12:47:17,289763;9,511783E-1;1,315144E-1;1,253139E-1;9,477203E-1;;
02/12/2021  12:47:17,289863;9,503468E-1;1,404346E-1;1,347919E-1;9,479235E-1;;
02/12/2021  12:47:17,289963;9,499951E-1;1,458505E-1;1,613302E-1;9,481223E-1;;
02/12/2021  12:47:17,290063;9,492202E-1;1,270543E-1;1,284732E-1;9,483163E-1;;
02/12/2021  12:47:17,290163;9,496077E-1;1,378860E-1;1,221546E-1;9,485051E-1;;
02/12/2021  12:47:17,290263;9,499653E-1;1,461691E-1;1,667010E-1;9,486880E-1;;
02/12/2021  12:47:17,290363;9,496136E-1;1,547707E-1;1,398468E-1;9,488648E-1;;
02/12/2021  12:47:17,290463;9,490355E-1;1,474434E-1;1,483770E-1;9,490349E-1;;
02/12/2021  12:47:17,290563;9,486450E-1;1,337445E-1;1,328963E-1;9,491981E-1;;
02/12/2021  12:47:17,290663;9,497269E-1;1,203641E-1;1,069899E-1;9,493538E-1;;
02/12/2021  12:47:17,290763;9,502693E-1;1,219570E-1;1,316326E-1;9,495019E-1;;
02/12/2021  12:47:17,290863;9,501382E-1;1,190898E-1;1,281573E-1;9,496423E-1;;
02/12/2021  12:47:17,290963;9,495958E-1;1,187712E-1;1,189953E-1;9,497749E-1;;
02/12/2021  12:47:17,291063;9,491010E-1;6,206396E-2;7,792413E-2;9,498996E-1;;
02/12/2021  12:47:17,291163;9,494587E-1;1,315144E-1;1,404787E-1;9,500165E-1;;
02/12/2021  12:47:17,291263;9,497239E-1;1,162226E-1;1,259458E-1;9,501254E-1;;
02/12/2021  12:47:17,291363;9,502633E-1;1,114439E-1;1,237343E-1;9,502263E-1;;
02/12/2021  12:47:17,291463;9,485974E-1;1,085766E-1;1,142563E-1;9,503194E-1;;
02/12/2021  12:47:17,291563;9,482695E-1;9,201048E-2;1,142563E-1;9,504047E-1;;
02/12/2021  12:47:17,291663;9,494795E-1;1,095324E-1;1,287892E-1;9,504820E-1;;
02/12/2021  12:47:17,291763;9,495958E-1;1,155854E-1;1,224705E-1;9,505515E-1;;
02/12/2021  12:47:17,291863;9,488954E-1;1,066652E-1;1,202590E-1;9,506132E-1;;
02/12/2021  12:47:17,291963;9,482665E-1;1,117624E-1;1,227865E-1;9,506672E-1;;
02/12/2021  12:47:17,292063;9,478940E-1;6,397544E-2;4,727872E-2;9,507136E-1;;
02/12/2021  12:47:17,292163;9,493186E-1;1,012493E-1;1,054102E-1;9,507524E-1;;
02/12/2021  12:47:17,292263;9,492143E-1;9,870066E-2;1,095173E-1;9,507838E-1;;
02/12/2021  12:47:17,292363;9,485139E-1;9,615202E-2;1,212068E-1;9,508079E-1;;
02/12/2021  12:47:17,292463;9,481265E-1;1,088952E-1;1,259458E-1;9,508249E-1;;
02/12/2021  12:47:17,292563;9,487434E-1;1,139925E-1;1,129926E-1;9,508351E-1;;
02/12/2021  12:47:17,292663;9,496524E-1;1,018865E-1;1,237343E-1;9,508387E-1;;
02/12/2021  12:47:17,292763;9,493484E-1;1,114439E-1;1,253139E-1;9,508359E-1;;
02/12/2021  12:47:17,292863;9,487315E-1;1,229127E-1;1,253139E-1;9,508273E-1;;
02/12/2021  12:47:17,292963;9,485348E-1;9,647060E-2;1,123607E-1;9,508131E-1;;
02/12/2021  12:47:17,293063;9,484096E-1;1,423461E-1;1,335282E-1;9,507936E-1;;
02/12/2021  12:47:17,293163;9,492560E-1;1,299215E-1;1,180475E-1;9,507691E-1;;
02/12/2021  12:47:17,293263;9,499176E-1;1,630538E-1;1,354238E-1;9,507399E-1;;
02/12/2021  12:47:17,293363;9,498461E-1;1,783457E-1;1,518522E-1;9,507065E-1;;
02/12/2021  12:47:17,293463;9,497925E-1;1,601866E-1;1,534319E-1;9,506694E-1;;
02/12/2021  12:47:17,293563;9,504243E-1;1,745227E-1;1,569071E-1;9,506292E-1;;
02/12/2021  12:47:17,293663;9,521022E-1;1,675139E-1;1,442698E-1;9,505864E-1;;
02/12/2021  12:47:17,293763;9,520307E-1;1,413904E-1;1,420583E-1;9,505418E-1;;
02/12/2021  12:47:17,293863;9,519293E-1;1,442576E-1;1,452176E-1;9,504962E-1;;
02/12/2021  12:47:17,293963;9,524986E-1;1,483991E-1;1,385831E-1;9,504505E-1;;
02/12/2021  12:47:17,294063;9,533718E-1;1,436204E-1;1,366875E-1;9,504054E-1;;
02/12/2021  12:47:17,294163;9,547874E-1;1,286472E-1;1,155200E-1;9,503618E-1;;
02/12/2021  12:47:17,294263;9,550765E-1;1,340630E-1;1,332122E-1;9,503207E-1;;
02/12/2021  12:47:17,294363;9,542569E-1;1,391603E-1;1,398468E-1;9,502831E-1;;
02/12/2021  12:47:17,294463;9,548232E-1;1,260985E-1;1,180475E-1;9,502499E-1;;
02/12/2021  12:47:17,294563;9,558872E-1;1,257800E-1;1,237343E-1;9,502219E-1;;
02/12/2021  12:47:17,294663;9,561733E-1;1,608238E-1;1,888163E-1;9,501999E-1;;
02/12/2021  12:47:17,294763;9,554669E-1;1,280100E-1;1,319485E-1;9,501846E-1;;
02/12/2021  12:47:17,294863;9,549871E-1;1,362931E-1;1,581709E-1;9,501766E-1;;
02/12/2021  12:47:17,294963;9,543404E-1;1,276914E-1;1,259458E-1;9,501764E-1;;
02/12/2021  12:47:17,295063;9,550497E-1;1,327887E-1;1,553275E-1;9,501840E-1;;
02/12/2021  12:47:17,295163;9,554997E-1;1,359745E-1;1,423743E-1;9,501996E-1;;
02/12/2021  12:47:17,295263;9,547785E-1;1,353374E-1;1,376353E-1;9,502232E-1;;
02/12/2021  12:47:17,295363;9,541020E-1;1,165411E-1;1,300529E-1;9,502549E-1;;
02/12/2021  12:47:17,295463;9,533569E-1;8,786894E-2;1,278414E-1;9,502945E-1;;
02/12/2021  12:47:17,295563;9,542569E-1;1,229127E-1;1,193112E-1;9,503415E-1;;
02/12/2021  12:47:17,295663;9,545848E-1;1,382046E-1;1,344760E-1;9,503956E-1;;
02/12/2021  12:47:17,295763;9,541705E-1;1,337445E-1;1,284732E-1;9,504565E-1;;
02/12/2021  12:47:17,295863;9,523853E-1;1,331073E-1;1,208909E-1;9,505237E-1;;
02/12/2021  12:47:17,295963;9,522095E-1;9,073616E-2;9,024547E-2;9,505967E-1;;
02/12/2021  12:47:17,296063;9,530142E-1;1,366117E-1;1,382671E-1;9,506747E-1;;
02/12/2021  12:47:17,296163;9,532436E-1;1,369303E-1;1,354238E-1;9,507571E-1;;
02/12/2021  12:47:17,296263;9,527757E-1;1,152668E-1;1,170997E-1;9,508432E-1;;
02/12/2021  12:47:17,296363;9,521886E-1;1,079395E-1;1,082536E-1;9,509324E-1;;
02/12/2021  12:47:17,296463;9,518787E-1;1,531778E-1;1,543797E-1;9,510242E-1;;
02/12/2021  12:47:17,296563;9,525582E-1;1,264171E-1;1,158360E-1;9,511177E-1;;
02/12/2021  12:47:17,296663;9,521171E-1;1,254614E-1;1,294210E-1;9,512124E-1;;
02/12/2021  12:47:17,296763;9,514048E-1;1,206827E-1;1,275255E-1;9,513076E-1;;
02/12/2021  12:47:17,296863;9,500666E-1;1,582751E-1;1,657532E-1;9,514027E-1;;
02/12/2021  12:47:17,296963;9,496226E-1;1,337445E-1;1,303688E-1;9,514968E-1;;
02/12/2021  12:47:17,297063;9,496881E-1;1,200455E-1;9,972343E-2;9,515891E-1;;
02/12/2021  12:47:17,297163;9,491159E-1;1,073023E-1;1,098333E-1;9,516786E-1;;
02/12/2021  12:47:17,297263;9,476615E-1;1,283286E-1;1,316326E-1;9,517643E-1;;
02/12/2021  12:47:17,297363;9,461356E-1;1,439390E-1;1,442698E-1;9,518454E-1;;
02/12/2021  12:47:17,297463;9,456320E-1;1,347002E-1;1,303688E-1;9,519207E-1;;
02/12/2021  12:47:17,297563;9,453399E-1;4,486064E-2;6,591871E-2;9,519888E-1;;
02/12/2021  12:47:17,297663;9,441031E-1;1,139925E-1;1,189953E-1;9,520487E-1;;
02/12/2021  12:47:17,297763;9,426487E-1;1,404346E-1;1,322644E-1;9,520991E-1;;
02/12/2021  12:47:17,297863;9,410214E-1;1,264171E-1;1,082536E-1;9,521387E-1;;
02/12/2021  12:47:17,297963;9,402585E-1;7,098420E-2;5,865227E-2;9,521661E-1;;
02/12/2021  12:47:17,298063;9,394359E-1;1,311958E-1;1,079377E-1;9,521800E-1;;
02/12/2021  12:47:17,298163;9,384465E-1;1,394789E-1;1,401627E-1;9,521788E-1;;
02/12/2021  12:47:17,298263;9,370397E-1;1,547707E-1;1,373193E-1;9,521614E-1;;
02/12/2021  12:47:17,298363;9,356479E-1;1,267357E-1;1,218387E-1;9,521263E-1;;
02/12/2021  12:47:17,298463;9,356122E-1;1,299215E-1;1,139404E-1;9,520723E-1;;
02/12/2021  12:47:17,298563;9,362500E-1;1,149482E-1;1,079377E-1;9,519982E-1;;
02/12/2021  12:47:17,298663;9,358297E-1;1,369303E-1;1,382671E-1;9,519032E-1;;
02/12/2021  12:47:17,298763;9,346674E-1;1,315144E-1;1,281573E-1;9,517867E-1;;
02/12/2021  12:47:17,298863;9,329299E-1;1,359745E-1;1,313166E-1;9,516482E-1;;
02/12/2021  12:47:17,298963;9,333770E-1;1,283286E-1;1,186794E-1;9,514872E-1;;
02/12/2021  12:47:17,299063;9,332250E-1;1,751599E-1;1,948190E-1;9,513033E-1;;
02/12/2021  12:47:17,299163;9,330998E-1;3,275460E-2;7,855599E-2;9,510962E-1;;
02/12/2021  12:47:17,299263;9,325276E-1;1,257800E-1;1,227865E-1;9,508662E-1;;
02/12/2021  12:47:17,299363;9,310732E-1;1,120810E-1;1,095173E-1;9,506133E-1;;
02/12/2021  12:47:17,299463;9,321431E-1;1,245056E-1;1,243661E-1;9,503377E-1;;
02/12/2021  12:47:17,299563;9,325514E-1;1,445762E-1;1,480610E-1;9,500398E-1;;
02/12/2021  12:47:17,299663;9,318689E-1;1,375674E-1;1,366875E-1;9,497203E-1;;
02/12/2021  12:47:17,299763;9,308437E-1;1,143111E-1;1,212068E-1;9,493799E-1;;
02/12/2021  12:47:17,299863;9,301016E-1;1,168597E-1;1,180475E-1;9,490193E-1;;
02/12/2021  12:47:17,299963;9,307007E-1;1,382046E-1;1,407946E-1;9,486393E-1;;
02/12/2021  12:47:17,300063;9,313980E-1;1,289658E-1;1,303688E-1;9,482408E-1;;
02/12/2021  12:47:17,300163;9,313802E-1;1,108067E-1;1,035146E-1;9,478248E-1;;
02/12/2021  12:47:17,300263;9,310583E-1;1,060280E-1;1,155200E-1;9,473926E-1;;
02/12/2021  12:47:17,300363;9,305487E-1;1,334259E-1;1,335282E-1;9,469454E-1;;
02/12/2021  12:47:17,300463;9,316722E-1;1,327887E-1;1,335282E-1;9,464846E-1;;
02/12/2021  12:47:17,300563;9,321610E-1;1,174969E-1;1,237343E-1;9,460115E-1;;
02/12/2021  12:47:17,300663;9,320984E-1;1,254614E-1;1,528000E-1;9,455278E-1;;
02/12/2021  12:47:17,300763;9,313504E-1;1,260985E-1;1,212068E-1;9,450351E-1;;
02/12/2021  12:47:17,300863;9,314100E-1;1,267357E-1;1,259458E-1;9,445350E-1;;
02/12/2021  12:47:17,300963;9,319166E-1;1,260985E-1;1,237343E-1;9,440289E-1;;
02/12/2021  12:47:17,301063;9,317825E-1;1,302401E-1;1,303688E-1;9,435184E-1;;
02/12/2021  12:47:17,301163;9,316514E-1;1,190898E-1;1,338441E-1;9,430049E-1;;
02/12/2021  12:47:17,301263;9,298334E-1;1,550893E-1;1,565912E-1;9,424900E-1;;
02/12/2021  12:47:17,301363;9,288916E-1;1,270543E-1;1,278414E-1;9,419747E-1;;
02/12/2021  12:47:17,301463;9,294400E-1;1,210013E-1;1,259458E-1;9,414600E-1;;
02/12/2021  12:47:17,301563;9,287188E-1;1,168597E-1;1,215227E-1;9,409467E-1;;
02/12/2021  12:47:17,301663;9,282359E-1;1,305587E-1;1,310007E-1;9,404356E-1;;
02/12/2021  12:47:17,301763;9,264597E-1;1,429833E-1;1,458495E-1;9,399274E-1;;
02/12/2021  12:47:17,301863;9,258845E-1;1,235499E-1;1,663851E-1;9,394225E-1;;
02/12/2021  12:47:17,301963;9,261736E-1;1,268406E-2;6,623464E-2;9,389211E-1;;
02/12/2021  12:47:17,302063;9,264478E-1;1,308772E-1;1,205749E-1;9,384236E-1;;
02/12/2021  12:47:17,302163;9,256669E-1;1,162226E-1;1,088855E-1;9,379302E-1;;
02/12/2021  12:47:17,302263;9,247520E-1;1,305587E-1;1,303688E-1;9,374413E-1;;
02/12/2021  12:47:17,302363;9,252467E-1;1,260985E-1;1,268936E-1;9,369571E-1;;
02/12/2021  12:47:17,302463;9,255358E-1;1,302401E-1;1,186794E-1;9,364778E-1;;
02/12/2021  12:47:17,302563;9,265253E-1;1,315144E-1;1,303688E-1;9,360038E-1;;
02/12/2021  12:47:17,302663;9,255328E-1;1,280100E-1;1,234183E-1;9,355355E-1;;
02/12/2021  12:47:17,302763;9,245881E-1;1,181340E-1;1,215227E-1;9,350734E-1;;
02/12/2021  12:47:17,302863;9,252109E-1;1,213198E-1;1,189953E-1;9,346179E-1;;
02/12/2021  12:47:17,302963;9,260275E-1;1,184526E-1;1,136244E-1;9,341693E-1;;
02/12/2021  12:47:17,303063;9,268114E-1;1,225942E-1;1,237343E-1;9,337281E-1;;
02/12/2021  12:47:17,303163;9,262332E-1;1,407532E-1;1,344760E-1;9,332948E-1;;
02/12/2021  12:47:17,303263;9,252705E-1;1,324701E-1;1,275255E-1;9,328701E-1;;
02/12/2021  12:47:17,303363;9,265580E-1;1,283286E-1;1,284732E-1;9,324545E-1;;
02/12/2021  12:47:17,303463;9,270855E-1;1,914074E-1;2,121952E-1;9,320484E-1;;
02/12/2021  12:47:17,303563;9,273955E-1;1,375674E-1;1,231024E-1;9,316525E-1;;
02/12/2021  12:47:17,303663;9,268292E-1;9,551486E-2;7,887192E-2;9,312673E-1;;
02/12/2021  12:47:17,303763;9,260782E-1;1,162226E-1;1,218387E-1;9,308934E-1;;
02/12/2021  12:47:17,303863;9,262630E-1;1,729298E-1;2,207254E-1;9,305312E-1;;
02/12/2021  12:47:17,303963;9,266236E-1;1,184526E-1;1,208909E-1;9,301810E-1;;
02/12/2021  12:47:17,304063;9,272852E-1;1,133553E-1;1,158360E-1;9,298431E-1;;
02/12/2021  12:47:17,304163;9,264180E-1;1,235499E-1;1,417424E-1;9,295177E-1;;
02/12/2021  12:47:17,304263;9,264209E-1;1,127182E-1;1,208909E-1;9,292051E-1;;
02/12/2021  12:47:17,304363;9,270289E-1;1,162226E-1;1,281573E-1;9,289055E-1;;
02/12/2021  12:47:17,304463;9,271690E-1;1,053908E-1;1,145722E-1;9,286190E-1;;
02/12/2021  12:47:17,304563;9,273657E-1;1,111253E-1;1,196272E-1;9,283459E-1;;
02/12/2021  12:47:17,304663;9,262660E-1;8,372740E-2;7,065769E-2;9,280862E-1;;
02/12/2021  12:47:17,304763;9,258070E-1;1,104881E-1;1,186794E-1;9,278399E-1;;
02/12/2021  12:47:17,304863;9,270826E-1;9,870066E-2;1,559593E-1;9,276069E-1;;
02/12/2021  12:47:17,304963;9,281048E-1;9,424054E-2;1,025668E-1;9,273871E-1;;
02/12/2021  12:47:17,305063;9,285280E-1;1,015679E-1;1,155200E-1;9,271806E-1;;
02/12/2021  12:47:17,305163;9,289184E-1;8,850610E-2;1,028828E-1;9,269875E-1;;
02/12/2021  12:47:17,305263;9,295503E-1;1,009307E-1;1,123607E-1;9,268082E-1;;
02/12/2021  12:47:17,305363;9,307752E-1;8,404598E-2;9,909157E-2;9,266428E-1;;
02/12/2021  12:47:17,305463;9,327422E-1;6,620550E-2;8,677022E-2;9,264918E-1;;
02/12/2021  12:47:17,305563;9,328494E-1;9,201048E-2;1,136244E-1;9,263557E-1;;
02/12/2021  12:47:17,305663;9,327928E-1;1,563636E-1;1,916596E-1;9,262354E-1;;
02/12/2021  12:47:17,305763;9,336362E-1;1,069837E-1;1,224705E-1;9,261312E-1;;
02/12/2021  12:47:17,305863;9,355973E-1;1,168597E-1;1,534319E-1;9,260439E-1;;
02/12/2021  12:47:17,305963;9,364467E-1;1,232313E-1;1,373193E-1;9,259740E-1;;
02/12/2021  12:47:17,306063;9,370845E-1;1,280100E-1;1,442698E-1;9,259223E-1;;
02/12/2021  12:47:17,306163;9,368878E-1;1,311958E-1;1,357397E-1;9,258896E-1;;
02/12/2021  12:47:17,306263;9,369295E-1;1,426647E-1;1,594346E-1;9,258763E-1;;
02/12/2021  12:47:17,306363;9,382557E-1;1,579565E-1;1,433221E-1;9,258830E-1;;
02/12/2021  12:47:17,306463;9,392541E-1;1,742041E-1;1,490088E-1;9,259099E-1;;
02/12/2021  12:47:17,306563;9,389531E-1;1,786642E-1;1,493248E-1;9,259574E-1;;
02/12/2021  12:47:17,306663;9,380739E-1;1,636910E-1;1,319485E-1;9,260258E-1;;
02/12/2021  12:47:17,306763;9,395611E-1;1,076209E-1;1,044624E-1;9,261151E-1;;
02/12/2021  12:47:17,306863;9,400230E-1;1,101695E-1;1,104651E-1;9,262251E-1;;
02/12/2021  12:47:17,306963;9,411496E-1;1,519035E-1;1,452176E-1;9,263557E-1;;
02/12/2021  12:47:17,307063;9,413880E-1;1,101695E-1;1,202590E-1;9,265069E-1;;
02/12/2021  12:47:17,307163;9,412688E-1;1,111253E-1;1,164678E-1;9,266785E-1;;
02/12/2021  12:47:17,307263;9,429318E-1;1,120810E-1;1,028828E-1;9,268704E-1;;
02/12/2021  12:47:17,307363;9,447408E-1;1,331073E-1;1,253139E-1;9,270823E-1;;
02/12/2021  12:47:17,307463;9,461535E-1;3,243602E-2;6,465498E-2;9,273142E-1;;
02/12/2021  12:47:17,307563;9,472324E-1;1,152668E-1;1,215227E-1;9,275663E-1;;
02/12/2021  12:47:17,307663;9,464784E-1;1,085766E-1;1,189953E-1;9,278388E-1;;
02/12/2021  12:47:17,307763;9,479894E-1;1,254614E-1;1,243661E-1;9,281316E-1;;
02/12/2021  12:47:17,307863;9,494467E-1;8,818752E-2;1,989261E-1;9,284448E-1;;
02/12/2021  12:47:17,307963;9,503140E-1;1,149482E-1;1,057261E-1;9,287784E-1;;
02/12/2021  12:47:17,308063;9,503408E-1;7,703722E-2;7,697633E-2;9,291325E-1;;
02/12/2021  12:47:17,308163;9,502306E-1;1,302401E-1;1,398468E-1;9,295068E-1;;
02/12/2021  12:47:17,308263;9,516224E-1;1,503106E-1;1,445858E-1;9,299013E-1;;
02/12/2021  12:47:17,308363;9,518936E-1;1,267357E-1;1,407946E-1;9,303155E-1;;
02/12/2021  12:47:17,308463;9,515449E-1;1,257800E-1;1,272095E-1;9,307490E-1;;
02/12/2021  12:47:17,308563;9,505167E-1;1,292843E-1;1,423743E-1;9,312013E-1;;
02/12/2021  12:47:17,308663;9,498431E-1;7,417000E-2;1,117289E-1;9,316714E-1;;
02/12/2021  12:47:17,308763;9,507134E-1;1,563636E-1;1,512204E-1;9,321582E-1;;
02/12/2021  12:47:17,308863;9,502931E-1;1,359745E-1;1,373193E-1;9,326604E-1;;
02/12/2021  12:47:17,308963;9,499862E-1;1,276914E-1;1,234183E-1;9,331765E-1;;
02/12/2021  12:47:17,309063;9,493037E-1;1,034794E-1;1,044624E-1;9,337053E-1;;
02/12/2021  12:47:17,309163;9,486272E-1;7,640006E-2;9,719598E-2;9,342449E-1;;
02/12/2021  12:47:17,309263;9,492620E-1;1,203641E-1;1,341600E-1;9,347937E-1;;
02/12/2021  12:47:17,309363;9,499415E-1;1,165411E-1;1,174156E-1;9,353498E-1;;
02/12/2021  12:47:17,309463;9,501739E-1;1,378860E-1;1,575390E-1;9,359118E-1;;
02/12/2021  12:47:17,309563;9,486808E-1;1,464877E-1;1,480610E-1;9,364780E-1;;
02/12/2021  12:47:17,309663;9,481265E-1;1,356559E-1;1,155200E-1;9,370467E-1;;
02/12/2021  12:47:17,309763;9,493991E-1;1,257800E-1;1,281573E-1;9,376163E-1;;
02/12/2021  12:47:17,309863;9,501501E-1;1,155854E-1;1,256299E-1;9,381852E-1;;
02/12/2021  12:47:17,309963;9,502335E-1;1,350188E-1;1,515363E-1;9,387519E-1;;
02/12/2021  12:47:17,310063;9,490593E-1;1,315144E-1;1,237343E-1;9,393151E-1;;
02/12/2021  12:47:17,310163;9,492769E-1;1,305587E-1;1,193112E-1;9,398736E-1;;
02/12/2021  12:47:17,310263;9,502574E-1;1,375674E-1;1,629098E-1;9,404261E-1;;
02/12/2021  12:47:17,310363;9,502633E-1;1,267357E-1;1,300529E-1;9,409715E-1;;
02/12/2021  12:47:17,310463;9,498968E-1;1,088952E-1;9,150920E-2;9,415086E-1;;
02/12/2021  12:47:17,310563;9,484901E-1;1,334259E-1;1,439539E-1;9,420366E-1;;
02/12/2021  12:47:17,310663;9,483202E-1;1,254614E-1;1,259458E-1;9,425543E-1;;
02/12/2021  12:47:17,310763;9,489580E-1;1,136739E-1;1,000394E-1;9,430605E-1;;
02/12/2021  12:47:17,310863;9,488447E-1;1,362931E-1;1,332122E-1;9,435543E-1;;
02/12/2021  12:47:17,310963;9,473158E-1;1,347002E-1;1,259458E-1;9,440347E-1;;
02/12/2021  12:47:17,311063;9,458525E-1;1,213198E-1;1,281573E-1;9,445006E-1;;
02/12/2021  12:47:17,311163;9,456260E-1;1,305587E-1;1,243661E-1;9,449510E-1;;
02/12/2021  12:47:17,311263;9,464128E-1;1,273729E-1;1,101492E-1;9,453845E-1;;
02/12/2021  12:47:17,311363;9,464575E-1;1,225942E-1;1,259458E-1;9,458002E-1;;
02/12/2021  12:47:17,311463;9,456618E-1;1,216384E-1;1,265777E-1;9,461972E-1;;
02/12/2021  12:47:17,311563;9,440673E-1;1,276914E-1;1,170997E-1;9,465748E-1;;
02/12/2021  12:47:17,311663;9,441001E-1;1,340630E-1;1,278414E-1;9,469322E-1;;
02/12/2021  12:47:17,311763;9,456469E-1;1,254614E-1;1,136244E-1;9,472684E-1;;
02/12/2021  12:47:17,311863;9,452952E-1;1,088952E-1;1,240502E-1;9,475831E-1;;
02/12/2021  12:47:17,311963;9,447736E-1;1,260985E-1;1,322644E-1;9,478759E-1;;
02/12/2021  12:47:17,312063;9,442640E-1;1,152668E-1;1,224705E-1;9,481466E-1;;
02/12/2021  12:47:17,312163;9,450270E-1;1,382046E-1;1,452176E-1;9,483949E-1;;
02/12/2021  12:47:17,312263;9,462221E-1;1,678325E-1;1,670170E-1;9,486210E-1;;
02/12/2021  12:47:17,312363;9,465231E-1;1,429833E-1;1,322644E-1;9,488250E-1;;
02/12/2021  12:47:17,312463;9,451462E-1;9,816838E-3;5,422923E-2;9,490075E-1;;
02/12/2021  12:47:17,312563;9,443504E-1;1,394789E-1;1,363715E-1;9,491689E-1;;
02/12/2021  12:47:17,312663;9,443445E-1;1,407532E-1;1,303688E-1;9,493095E-1;;
02/12/2021  12:47:17,312763;9,450031E-1;1,350188E-1;1,417424E-1;9,494296E-1;;
02/12/2021  12:47:17,312863;9,447289E-1;1,280100E-1;1,272095E-1;9,495296E-1;;
02/12/2021  12:47:17,312963;9,435934E-1;1,340630E-1;1,404787E-1;9,496101E-1;;
02/12/2021  12:47:17,313063;9,429705E-1;1,448948E-1;1,417424E-1;9,496715E-1;;
02/12/2021  12:47:17,313163;9,433997E-1;1,210013E-1;1,208909E-1;9,497141E-1;;
02/12/2021  12:47:17,313263;9,429437E-1;1,299215E-1;1,291051E-1;9,497383E-1;;
02/12/2021  12:47:17,313363;9,427679E-1;1,347002E-1;1,341600E-1;9,497447E-1;;
02/12/2021  12:47:17,313463;9,411228E-1;1,245056E-1;1,196272E-1;9,497335E-1;;
02/12/2021  12:47:17,313563;9,401124E-1;7,703722E-2;9,340479E-2;9,497052E-1;;
02/12/2021  12:47:17,313663;9,407443E-1;1,257800E-1;1,253139E-1;9,496598E-1;;
02/12/2021  12:47:17,313763;9,414387E-1;1,331073E-1;1,335282E-1;9,495977E-1;;
02/12/2021  12:47:17,313863;9,409916E-1;1,248242E-1;1,246821E-1;9,495192E-1;;
02/12/2021  12:47:17,313963;9,404939E-1;1,436204E-1;1,313166E-1;9,494250E-1;;
02/12/2021  12:47:17,314063;9,398263E-1;1,305587E-1;1,237343E-1;9,493154E-1;;
02/12/2021  12:47:17,314163;9,403687E-1;1,292843E-1;1,351078E-1;9,491911E-1;;
02/12/2021  12:47:17,314263;9,408992E-1;1,292843E-1;1,363715E-1;9,490525E-1;;
02/12/2021  12:47:17,314363;9,394449E-1;1,343816E-1;1,452176E-1;9,489004E-1;;
02/12/2021  12:47:17,314463;9,387206E-1;9,615202E-2;1,133085E-1;9,487354E-1;;
02/12/2021  12:47:17,314563;9,378772E-1;1,181340E-1;1,101492E-1;9,485580E-1;;
02/12/2021  12:47:17,314663;9,381156E-1;1,356559E-1;1,013031E-1;9,483685E-1;;
02/12/2021  12:47:17,314763;9,378057E-1;1,429833E-1;1,360556E-1;9,481675E-1;;
02/12/2021  12:47:17,314863;9,364020E-1;1,433019E-1;1,430061E-1;9,479552E-1;;
02/12/2021  12:47:17,314963;9,350817E-1;1,436204E-1;1,436380E-1;9,477321E-1;;
02/12/2021  12:47:17,315063;9,341399E-1;1,216384E-1;1,208909E-1;9,474982E-1;;
02/12/2021  12:47:17,315163;9,346108E-1;4,454206E-2;9,277293E-2;9,472535E-1;;
02/12/2021  12:47:17,315263;9,348820E-1;1,222756E-1;1,231024E-1;9,469983E-1;;
02/12/2021  12:47:17,315363;9,332816E-1;1,216384E-1;1,120448E-1;9,467325E-1;;
02/12/2021  12:47:17,315463;9,313921E-1;1,031608E-1;8,139938E-2;9,464565E-1;;
02/12/2021  12:47:17,315563;9,317795E-1;1,127182E-1;1,054102E-1;9,461703E-1;;
02/12/2021  12:47:17,315663;9,317318E-1;1,009307E-1;1,092014E-1;9,458737E-1;;
02/12/2021  12:47:17,315763;9,314755E-1;1,283286E-1;1,278414E-1;9,455668E-1;;
02/12/2021  12:47:17,315863;9,303669E-1;1,264171E-1;1,284732E-1;9,452499E-1;;
02/12/2021  12:47:17,315963;9,279021E-1;1,155854E-1;1,205749E-1;9,449230E-1;;
02/12/2021  12:47:17,316063;9,279528E-1;1,130368E-1;7,634447E-2;9,445860E-1;;
02/12/2021  12:47:17,316163;9,284624E-1;1,353374E-1;1,202590E-1;9,442388E-1;;
02/12/2021  12:47:17,316263;9,275713E-1;1,331073E-1;1,133085E-1;9,438813E-1;;
02/12/2021  12:47:17,316363;9,255626E-1;1,362931E-1;1,313166E-1;9,435137E-1;;
02/12/2021  12:47:17,316463;9,237178E-1;1,573194E-1;1,464814E-1;9,431358E-1;;
02/12/2021  12:47:17,316563;9,233840E-1;1,496735E-1;1,265777E-1;9,427473E-1;;
02/12/2021  12:47:17,316663;9,237834E-1;1,203641E-1;1,196272E-1;9,423479E-1;;
02/12/2021  12:47:17,316763;9,237118E-1;1,120810E-1;1,120448E-1;9,419375E-1;;
02/12/2021  12:47:17,316863;9,219922E-1;3,944478E-2;6,054787E-2;9,415160E-1;;
02/12/2021  12:47:17,316963;9,215601E-1;1,213198E-1;1,205749E-1;9,410835E-1;;
02/12/2021  12:47:17,317063;9,222128E-1;1,200455E-1;1,253139E-1;9,406399E-1;;
02/12/2021  12:47:17,317163;9,231009E-1;1,200455E-1;1,341600E-1;9,401856E-1;;
02/12/2021  12:47:17,317263;9,228803E-1;1,114439E-1;1,136244E-1;9,397209E-1;;
02/12/2021  12:47:17,317363;9,215094E-1;9,742634E-2;8,677022E-2;9,392466E-1;;
02/12/2021  12:47:17,317463;9,212144E-1;1,168597E-1;1,306848E-1;9,387632E-1;;
02/12/2021  12:47:17,317563;9,220220E-1;9,551486E-2;1,082536E-1;9,382714E-1;;
02/12/2021  12:47:17,317663;9,230115E-1;8,086018E-2;1,000394E-1;9,377718E-1;;
02/12/2021  12:47:17,317763;9,230472E-1;9,678918E-2;1,066739E-1;9,372656E-1;;
02/12/2021  12:47:17,317863;9,226270E-1;9,264764E-2;9,277293E-2;9,367537E-1;;
02/12/2021  12:47:17,317963;9,216614E-1;1,076209E-1;1,180475E-1;9,362374E-1;;
02/12/2021  12:47:17,318063;9,221830E-1;9,838208E-2;1,275255E-1;9,357177E-1;;
02/12/2021  12:47:17,318163;9,233006E-1;9,997498E-2;1,202590E-1;9,351956E-1;;
02/12/2021  12:47:17,318263;9,223200E-1;1,066652E-1;1,319485E-1;9,346722E-1;;
02/12/2021  12:47:17,318363;9,210385E-1;9,169190E-2;1,063580E-1;9,341488E-1;;
02/12/2021  12:47:17,318463;9,210802E-1;2,956880E-2;9,561632E-2;9,336262E-1;;
02/12/2021  12:47:17,318563;9,216137E-1;8,850610E-2;8,645429E-2;9,331052E-1;;
02/12/2021  12:47:17,318663;9,220071E-1;1,280100E-1;1,395309E-1;9,325869E-1;;
02/12/2021  12:47:17,318763;9,222575E-1;1,187712E-1;1,303688E-1;9,320721E-1;;
02/12/2021  12:47:17,318863;9,212948E-1;1,213198E-1;1,291051E-1;9,315618E-1;;
02/12/2021  12:47:17,318963;9,206749E-1;1,229127E-1;1,275255E-1;9,310569E-1;;
02/12/2021  12:47:17,319063;9,222992E-1;1,512664E-1;1,730197E-1;9,305581E-1;;
02/12/2021  12:47:17,319163;9,225078E-1;1,480806E-1;1,411105E-1;9,300664E-1;;
02/12/2021  12:47:17,319263;9,218253E-1;1,483991E-1;1,212068E-1;9,295826E-1;;
02/12/2021  12:47:17,319363;9,211339E-1;1,487177E-1;1,471132E-1;9,291075E-1;;
02/12/2021  12:47:17,319463;9,206749E-1;1,589123E-1;1,373193E-1;9,286419E-1;;
02/12/2021  12:47:17,319563;9,221055E-1;5,409946E-2;1,133085E-1;9,281862E-1;;
02/12/2021  12:47:17,319663;9,240039E-1;8,850610E-2;1,088855E-1;9,277411E-1;;
02/12/2021  12:47:17,319763;9,246357E-1;1,433019E-1;1,505885E-1;9,273074E-1;;
02/12/2021  12:47:17,319863;9,246536E-1;1,464877E-1;1,420583E-1;9,268864E-1;;
02/12/2021  12:47:17,319963;9,248146E-1;1,053908E-1;1,117289E-1;9,264789E-1;;
02/12/2021  12:47:17,320063;9,241350E-1;1,442576E-1;1,572231E-1;9,260860E-1;;
02/12/2021  12:47:17,320163;9,242453E-1;1,681511E-1;1,581709E-1;9,257083E-1;;
02/12/2021  12:47:17,320263;9,249248E-1;1,238685E-1;1,189953E-1;9,253467E-1;;
02/12/2021  12:47:17,320363;9,249218E-1;1,691068E-1;1,480610E-1;9,250015E-1;;
02/12/2021  12:47:17,320463;9,249159E-1;1,560451E-1;1,360556E-1;9,246734E-1;;
02/12/2021  12:47:17,320563;9,237595E-1;1,407532E-1;1,505885E-1;9,243628E-1;;
02/12/2021  12:47:17,320663;9,250232E-1;1,528593E-1;1,382671E-1;9,240699E-1;;
02/12/2021  12:47:17,320763;9,254106E-1;1,066652E-1;9,119327E-2;9,237948E-1;;
02/12/2021  12:47:17,320863;9,254523E-1;1,350188E-1;1,379512E-1;9,235378E-1;;
02/12/2021  12:47:17,320963;9,249427E-1;1,213198E-1;1,221546E-1;9,232991E-1;;
02/12/2021  12:47:17,321063;9,240278E-1;1,251428E-1;1,284732E-1;9,230785E-1;;
02/12/2021  12:47:17,321163;9,246894E-1;8,914326E-2;1,063580E-1;9,228760E-1;;
02/12/2021  12:47:17,321263;9,248831E-1;9,041758E-2;8,076751E-2;9,226913E-1;;
02/12/2021  12:47:17,321363;9,253659E-1;1,194084E-1;1,199431E-1;9,225241E-1;;
02/12/2021  12:47:17,321463;9,249666E-1;1,241871E-1;1,234183E-1;9,223741E-1;;
02/12/2021  12:47:17,321563;9,242304E-1;1,480806E-1;1,499566E-1;9,222411E-1;;
02/12/2021  12:47:17,321663;9,249934E-1;8,149734E-2;1,019350E-1;9,221245E-1;;
02/12/2021  12:47:17,321763;9,258875E-1;1,108067E-1;1,736515E-1;9,220239E-1;;
02/12/2021  12:47:17,321863;9,267935E-1;1,114439E-1;1,126766E-1;9,219390E-1;;
02/12/2021  12:47:17,321963;9,259918E-1;1,528593E-1;2,175661E-1;9,218695E-1;;
02/12/2021  12:47:17,322063;9,262302E-1;1,280100E-1;1,278414E-1;9,218152E-1;;
02/12/2021  12:47:17,322163;9,271153E-1;1,251428E-1;1,167838E-1;9,217756E-1;;
02/12/2021  12:47:17,322263;9,281734E-1;1,187712E-1;1,382671E-1;9,217505E-1;;
02/12/2021  12:47:17,322363;9,283671E-1;1,159040E-1;1,240502E-1;9,217397E-1;;
02/12/2021  12:47:17,322463;9,281376E-1;1,417090E-1;1,531159E-1;9,217432E-1;;
02/12/2021  12:47:17,322563;9,286621E-1;1,168597E-1;1,098333E-1;9,217606E-1;;
02/12/2021  12:47:17,322663;9,301553E-1;6,907272E-2;8,203124E-2;9,217919E-1;;
02/12/2021  12:47:17,322763;9,308974E-1;1,165411E-1;1,234183E-1;9,218370E-1;;
02/12/2021  12:47:17,322863;9,315918E-1;1,359745E-1;1,347919E-1;9,218958E-1;;
02/12/2021  12:47:17,322963;9,302357E-1;1,359745E-1;1,344760E-1;9,219685E-1;;
02/12/2021  12:47:17,323063;9,310374E-1;1,267357E-1;1,382671E-1;9,220550E-1;;
02/12/2021  12:47:17,323163;9,319941E-1;1,296029E-1;1,518522E-1;9,221551E-1;;
02/12/2021  12:47:17,323263;9,323547E-1;1,311958E-1;1,322644E-1;9,222686E-1;;
02/12/2021  12:47:17,323363;9,326557E-1;1,324701E-1;1,366875E-1;9,223954E-1;;
02/12/2021  12:47:17,323463;9,328554E-1;1,149482E-1;1,170997E-1;9,225354E-1;;
02/12/2021  12:47:17,323563;9,332488E-1;1,184526E-1;1,161519E-1;9,226883E-1;;
02/12/2021  12:47:17,323663;9,350877E-1;1,181340E-1;1,275255E-1;9,228540E-1;;
02/12/2021  12:47:17,323763;9,352098E-1;1,251428E-1;1,218387E-1;9,230324E-1;;
02/12/2021  12:47:17,323863;9,359579E-1;1,283286E-1;1,310007E-1;9,232235E-1;;
02/12/2021  12:47:17,323963;9,359728E-1;1,184526E-1;1,262617E-1;9,234273E-1;;
02/12/2021  12:47:17,324063;9,358506E-1;1,190898E-1;1,253139E-1;9,236436E-1;;
02/12/2021  12:47:17,324163;9,373318E-1;1,640096E-1;2,084040E-1;9,238724E-1;;
02/12/2021  12:47:17,324263;9,380709E-1;1,404346E-1;1,341600E-1;9,241135E-1;;
02/12/2021  12:47:17,324363;9,379279E-1;1,216384E-1;1,275255E-1;9,243667E-1;;
02/12/2021  12:47:17,324463;9,375941E-1;9,965640E-2;1,025668E-1;9,246320E-1;;
02/12/2021  12:47:17,324563;9,379398E-1;1,343816E-1;1,357397E-1;9,249090E-1;;
02/12/2021  12:47:17,324663;9,388875E-1;1,216384E-1;1,335282E-1;9,251974E-1;;
02/12/2021  12:47:17,324763;9,397846E-1;1,324701E-1;1,319485E-1;9,254968E-1;;
02/12/2021  12:47:17,324863;9,393018E-1;1,165411E-1;1,259458E-1;9,258070E-1;;
02/12/2021  12:47:17,324963;9,380531E-1;9,742634E-2;8,392683E-2;9,261275E-1;;
02/12/2021  12:47:17,325063;9,384435E-1;1,420275E-1;1,423743E-1;9,264577E-1;;
02/12/2021  12:47:17,325163;9,388518E-1;1,410718E-1;1,499566E-1;9,267969E-1;;
02/12/2021  12:47:17,325263;9,385478E-1;1,359745E-1;1,306848E-1;9,271443E-1;;
02/12/2021  12:47:17,325363;9,395521E-1;1,337445E-1;1,328963E-1;9,274990E-1;;
02/12/2021  12:47:17,325463;9,386849E-1;1,216384E-1;1,300529E-1;9,278604E-1;;
02/12/2021  12:47:17,325563;9,391289E-1;6,970988E-2;8,898175E-2;9,282275E-1;;
02/12/2021  12:47:17,325663;9,405327E-1;1,267357E-1;1,142563E-1;9,285996E-1;;
02/12/2021  12:47:17,325763;9,406221E-1;1,190898E-1;1,095173E-1;9,289759E-1;;
02/12/2021  12:47:17,325863;9,411526E-1;1,190898E-1;1,240502E-1;9,293560E-1;;
02/12/2021  12:47:17,325963;9,403449E-1;1,276914E-1;1,268936E-1;9,297393E-1;;
02/12/2021  12:47:17,326063;9,407651E-1;1,130368E-1;9,466852E-2;9,301250E-1;;
02/12/2021  12:47:17,326163;9,427142E-1;8,914326E-2;7,539667E-2;9,305128E-1;;
02/12/2021  12:47:17,326263;9,429795E-1;1,111253E-1;1,104651E-1;9,309020E-1;;
02/12/2021  12:47:17,326363;9,429288E-1;1,697440E-1;1,388990E-1;9,312924E-1;;
02/12/2021  12:47:17,326463;9,430749E-1;1,292843E-1;1,215227E-1;9,316838E-1;;
02/12/2021  12:47:17,326563;9,442372E-1;1,178155E-1;1,218387E-1;9,320757E-1;;
02/12/2021  12:47:17,326663;9,455813E-1;1,235499E-1;1,436380E-1;9,324681E-1;;
02/12/2021  12:47:17,326763;9,457184E-1;1,343816E-1;1,379512E-1;9,328609E-1;;
02/12/2021  12:47:17,326863;9,452028E-1;1,273729E-1;1,208909E-1;9,332541E-1;;
02/12/2021  12:47:17,326963;9,449226E-1;1,302401E-1;1,499566E-1;9,336476E-1;;
02/12/2021  12:47:17,327063;9,457690E-1;1,219570E-1;1,243661E-1;9,340412E-1;;
02/12/2021  12:47:17,327163;9,465350E-1;1,292843E-1;1,351078E-1;9,344347E-1;;
02/12/2021  12:47:17,327263;9,464396E-1;1,248242E-1;1,281573E-1;9,348279E-1;;
02/12/2021  12:47:17,327363;9,460105E-1;1,213198E-1;1,142563E-1;9,352207E-1;;
02/12/2021  12:47:17,327463;9,456856E-1;1,394789E-1;1,287892E-1;9,356128E-1;;
02/12/2021  12:47:17,327563;9,469373E-1;1,378860E-1;1,667010E-1;9,360039E-1;;
02/12/2021  12:47:17,327663;9,476705E-1;1,257800E-1;1,300529E-1;9,363936E-1;;
02/12/2021  12:47:17,327763;9,483053E-1;1,327887E-1;1,464814E-1;9,367819E-1;;
02/12/2021  12:47:17,327863;9,478404E-1;1,276914E-1;1,284732E-1;9,371685E-1;;
02/12/2021  12:47:17,327963;9,476586E-1;1,452133E-1;1,243661E-1;9,375535E-1;;
02/12/2021  12:47:17,328063;9,487464E-1;1,165411E-1;1,092014E-1;9,379366E-1;;
02/12/2021  12:47:17,328163;9,490742E-1;1,254614E-1;1,310007E-1;9,383176E-1;;
02/12/2021  12:47:17,328263;9,490682E-1;1,292843E-1;1,347919E-1;9,386965E-1;;
02/12/2021  12:47:17,328363;9,484692E-1;1,238685E-1;1,265777E-1;9,390731E-1;;
02/12/2021  12:47:17,328463;9,488239E-1;9,678918E-2;1,322644E-1;9,394473E-1;;
02/12/2021  12:47:17,328563;9,500935E-1;1,190898E-1;1,310007E-1;9,398187E-1;;
02/12/2021  12:47:17,328663;9,505465E-1;1,101695E-1;1,161519E-1;9,401872E-1;;
02/12/2021  12:47:17,328763;9,498401E-1;1,203641E-1;1,114129E-1;9,405528E-1;;
02/12/2021  12:47:17,328863;9,493067E-1;1,417090E-1;1,455336E-1;9,409154E-1;;
02/12/2021  12:47:17,328963;9,484781E-1;1,404346E-1;1,376353E-1;9,412747E-1;;
02/12/2021  12:47:17,329063;9,494438E-1;1,254614E-1;1,262617E-1;9,416303E-1;;
02/12/2021  12:47:17,329163;9,488179E-1;1,216384E-1;1,319485E-1;9,419818E-1;;
02/12/2021  12:47:17,329263;9,483768E-1;1,318330E-1;1,300529E-1;9,423286E-1;;
02/12/2021  12:47:17,329363;9,478612E-1;1,060280E-1;1,328963E-1;9,426703E-1;;
02/12/2021  12:47:17,329463;9,480043E-1;1,315144E-1;1,354238E-1;9,430063E-1;;
02/12/2021  12:47:17,329563;9,492351E-1;3,307318E-2;2,611128E-2;9,433360E-1;;
02/12/2021  12:47:17,329663;9,487076E-1;1,155854E-1;1,180475E-1;9,436589E-1;;
02/12/2021  12:47:17,329763;9,483708E-1;1,248242E-1;1,253139E-1;9,439747E-1;;
02/12/2021  12:47:17,329863;9,477718E-1;1,423461E-1;1,259458E-1;9,442830E-1;;
02/12/2021  12:47:17,329963;9,483351E-1;1,347002E-1;1,351078E-1;9,445833E-1;;
02/12/2021  12:47:17,330063;9,491189E-1;1,283286E-1;1,370034E-1;9,448752E-1;;
02/12/2021  12:47:17,330163;9,484543E-1;1,232313E-1;1,142563E-1;9,451584E-1;;
02/12/2021  12:47:17,330263;9,481801E-1;1,334259E-1;1,310007E-1;9,454328E-1;;
02/12/2021  12:47:17,330363;9,484394E-1;1,302401E-1;1,281573E-1;9,456980E-1;;
02/12/2021  12:47:17,330463;9,493156E-1;6,142680E-2;8,898175E-2;9,459538E-1;;
02/12/2021  12:47:17,330563;9,492977E-1;1,159040E-1;1,170997E-1;9,462002E-1;;
02/12/2021  12:47:17,330663;9,494199E-1;1,296029E-1;1,294210E-1;9,464372E-1;;
02/12/2021  12:47:17,330763;9,486272E-1;1,332122E-2;4,032822E-2;9,466648E-1;;
02/12/2021  12:47:17,330863;9,477062E-1;1,155854E-1;1,199431E-1;9,468829E-1;;
02/12/2021  12:47:17,330963;9,486868E-1;1,060280E-1;1,133085E-1;9,470915E-1;;
02/12/2021  12:47:17,331063;9,489401E-1;1,079395E-1;1,316326E-1;9,472905E-1;;
02/12/2021  12:47:17,331163;9,488388E-1;1,111253E-1;1,158360E-1;9,474798E-1;;
02/12/2021  12:47:17,331263;9,486033E-1;1,088952E-1;1,177316E-1;9,476595E-1;;
02/12/2021  12:47:17,331363;9,485467E-1;1,174969E-1;1,218387E-1;9,478297E-1;;
02/12/2021  12:47:17,331463;9,486957E-1;5,824100E-2;7,918786E-2;9,479905E-1;;
02/12/2021  12:47:17,331563;9,493573E-1;1,203641E-1;1,338441E-1;9,481420E-1;;
02/12/2021  12:47:17,331663;9,485169E-1;1,149482E-1;1,212068E-1;9,482843E-1;;
02/12/2021  12:47:17,331763;9,485705E-1;9,678918E-2;1,047783E-1;9,484176E-1;;
02/12/2021  12:47:17,331863;9,481980E-1;2,829448E-2;4,885838E-2;9,485421E-1;;
02/12/2021  12:47:17,331963;9,496673E-1;1,111253E-1;1,569071E-1;9,486578E-1;;
02/12/2021  12:47:17,332063;9,499713E-1;1,108067E-1;1,117289E-1;9,487651E-1;;
02/12/2021  12:47:17,332163;9,496315E-1;8,946184E-2;9,719598E-2;9,488644E-1;;
02/12/2021  12:47:17,332263;9,499951E-1;1,022050E-1;1,107811E-1;9,489561E-1;;
02/12/2021  12:47:17,332363;9,497537E-1;8,786894E-2;1,186794E-1;9,490406E-1;;
02/12/2021  12:47:17,332463;9,502455E-1;1,165411E-1;1,426902E-1;9,491184E-1;;
02/12/2021  12:47:17,332563;9,507044E-1;1,111253E-1;1,262617E-1;9,491899E-1;;
02/12/2021  12:47:17,332663;9,511246E-1;1,270543E-1;1,382671E-1;9,492556E-1;;
02/12/2021  12:47:17,332763;9,503587E-1;1,264171E-1;1,319485E-1;9,493161E-1;;
02/12/2021  12:47:17,332863;9,497090E-1;1,283286E-1;1,136244E-1;9,493719E-1;;
02/12/2021  12:47:17,332963;9,503766E-1;1,002936E-1;7,508074E-2;9,494233E-1;;
02/12/2021  12:47:17,333063;9,508743E-1;1,554079E-1;1,376353E-1;9,494706E-1;;
02/12/2021  12:47:17,333163;9,504332E-1;1,656025E-1;1,502726E-1;9,495142E-1;;
02/12/2021  12:47:17,333263;9,495123E-1;8,309024E-2;1,518522E-1;9,495545E-1;;
02/12/2021  12:47:17,333363;9,496643E-1;1,907703E-1;1,689125E-1;9,495916E-1;;
02/12/2021  12:47:17,333463;9,504451E-1;1,152668E-1;1,234183E-1;9,496258E-1;;
02/12/2021  12:47:17,333563;9,505733E-1;1,391603E-1;1,328963E-1;9,496571E-1;;
02/12/2021  12:47:17,333663;9,504660E-1;1,458505E-1;1,395309E-1;9,496860E-1;;
02/12/2021  12:47:17,333763;9,498729E-1;1,401161E-1;1,322644E-1;9,497126E-1;;
02/12/2021  12:47:17,333863;9,510680E-1;6,716124E-2;1,035146E-1;9,497371E-1;;
02/12/2021  12:47:17,333963;9,517714E-1;1,130368E-1;1,246821E-1;9,497599E-1;;
02/12/2021  12:47:17,334063;9,521230E-1;1,229127E-1;1,234183E-1;9,497813E-1;;
02/12/2021  12:47:17,334163;9,517267E-1;1,433019E-1;1,439539E-1;9,498019E-1;;
02/12/2021  12:47:17,334263;9,516969E-1;1,210013E-1;1,205749E-1;9,498220E-1;;
02/12/2021  12:47:17,334363;9,524032E-1;1,041165E-1;1,069899E-1;9,498420E-1;;
02/12/2021  12:47:17,334463;9,529635E-1;1,190898E-1;1,054102E-1;9,498624E-1;;
02/12/2021  12:47:17,334563;9,525969E-1;8,277166E-2;7,602853E-2;9,498835E-1;;
02/12/2021  12:47:17,334663;9,520605E-1;1,401161E-1;1,401627E-1;9,499058E-1;;
02/12/2021  12:47:17,334763;9,515836E-1;1,334259E-1;1,303688E-1;9,499295E-1;;
02/12/2021  12:47:17,334863;9,519353E-1;1,375674E-1;1,395309E-1;9,499547E-1;;
02/12/2021  12:47:17,334963;9,515866E-1;8,436456E-2;6,876210E-2;9,499816E-1;;
02/12/2021  12:47:17,335063;9,511157E-1;3,020596E-2;9,087734E-2;9,500101E-1;;
02/12/2021  12:47:17,335163;9,508207E-1;1,321516E-1;1,310007E-1;9,500401E-1;;
02/12/2021  12:47:17,335263;9,496762E-1;1,324701E-1;1,347919E-1;9,500714E-1;;
02/12/2021  12:47:17,335363;9,493335E-1;1,225942E-1;1,278414E-1;9,501037E-1;;
02/12/2021  12:47:17,335463;9,495898E-1;1,388417E-1;1,575390E-1;9,501366E-1;;
02/12/2021  12:47:17,335563;9,489937E-1;1,337445E-1;1,420583E-1;9,501695E-1;;
02/12/2021  12:47:17,335663;9,482963E-1;1,133553E-1;1,174156E-1;9,502020E-1;;
02/12/2021  12:47:17,335763;9,472473E-1;1,534964E-1;1,806020E-1;9,502335E-1;;
02/12/2021  12:47:17,335863;9,478076E-1;1,372488E-1;1,297370E-1;9,502633E-1;;
02/12/2021  12:47:17,335963;9,485646E-1;1,324701E-1;1,363715E-1;9,502910E-1;;
02/12/2021  12:47:17,336063;9,476675E-1;1,254614E-1;1,262617E-1;9,503159E-1;;
02/12/2021  12:47:17,336163;9,470804E-1;1,267357E-1;1,338441E-1;9,503377E-1;;
02/12/2021  12:47:17,336263;9,469373E-1;7,034704E-2;1,110970E-1;9,503559E-1;;
02/12/2021  12:47:17,336363;9,471668E-1;1,331073E-1;1,584868E-1;9,503700E-1;;
02/12/2021  12:47:17,336463;9,474887E-1;1,299215E-1;1,287892E-1;9,503797E-1;;
02/12/2021  12:47:17,336563;9,469224E-1;1,270543E-1;1,265777E-1;9,503847E-1;;
02/12/2021  12:47:17,336663;9,455157E-1;1,238685E-1;1,268936E-1;9,503847E-1;;
02/12/2021  12:47:17,336763;9,453011E-1;1,235499E-1;1,186794E-1;9,503794E-1;;
02/12/2021  12:47:17,336863;9,451670E-1;1,340630E-1;1,287892E-1;9,503682E-1;;
02/12/2021  12:47:17,336963;9,453190E-1;1,337445E-1;1,363715E-1;9,503508E-1;;
02/12/2021  12:47:17,337063;9,444935E-1;1,210013E-1;1,360556E-1;9,503268E-1;;
02/12/2021  12:47:17,337163;9,432030E-1;1,241871E-1;1,316326E-1;9,502959E-1;;
02/12/2021  12:47:17,337263;9,424907E-1;1,283286E-1;1,306848E-1;9,502576E-1;;
02/12/2021  12:47:17,337363;9,432924E-1;1,280100E-1;1,297370E-1;9,502114E-1;;
02/12/2021  12:47:17,337463;9,428036E-1;1,286472E-1;1,300529E-1;9,501569E-1;;
02/12/2021  12:47:17,337563;9,412241E-1;1,260985E-1;1,278414E-1;9,500937E-1;;
02/12/2021  12:47:17,337663;9,405565E-1;1,031608E-1;1,388990E-1;9,500214E-1;;
02/12/2021  12:47:17,337763;9,404105E-1;1,353374E-1;1,603824E-1;9,499396E-1;;
02/12/2021  12:47:17,337863;9,393882E-1;1,127182E-1;1,891322E-1;9,498477E-1;;
02/12/2021  12:47:17,337963;9,399217E-1;1,168597E-1;1,199431E-1;9,497452E-1;;
02/12/2021  12:47:17,338063;9,389114E-1;1,299215E-1;1,332122E-1;9,496320E-1;;
02/12/2021  12:47:17,338163;9,385895E-1;9,264764E-2;1,095173E-1;9,495076E-1;;
02/12/2021  12:47:17,338263;9,387653E-1;1,251428E-1;1,215227E-1;9,493717E-1;;
02/12/2021  12:47:17,338363;9,386223E-1;1,248242E-1;9,751191E-2;9,492244E-1;;
02/12/2021  12:47:17,338463;9,389620E-1;1,152668E-1;1,183634E-1;9,490654E-1;;
02/12/2021  12:47:17,338563;9,371441E-1;1,334259E-1;1,300529E-1;9,488950E-1;;
02/12/2021  12:47:17,338663;9,362053E-1;1,238685E-1;1,231024E-1;9,487131E-1;;
02/12/2021  12:47:17,338763;9,357821E-1;1,155854E-1;1,025668E-1;9,485197E-1;;
02/12/2021  12:47:17,338863;9,360771E-1;8,022302E-2;8,076751E-2;9,483147E-1;;
02/12/2021  12:47:17,338963;9,359043E-1;1,397975E-1;1,351078E-1;9,480980E-1;;
02/12/2021  12:47:17,339063;9,351473E-1;1,455319E-1;1,439539E-1;9,478697E-1;;
02/12/2021  12:47:17,339163;9,346466E-1;1,155854E-1;1,196272E-1;9,476301E-1;;
02/12/2021  12:47:17,339263;9,351592E-1;1,359745E-1;1,265777E-1;9,473792E-1;;
02/12/2021  12:47:17,339363;9,351771E-1;1,305587E-1;1,310007E-1;9,471174E-1;;
02/12/2021  12:47:17,339463;9,345661E-1;1,123996E-1;1,044624E-1;9,468449E-1;;
02/12/2021  12:47:17,339563;9,343813E-1;1,308772E-1;1,344760E-1;9,465623E-1;;
02/12/2021  12:47:17,339663;9,338329E-1;1,222756E-1;1,180475E-1;9,462701E-1;;
02/12/2021  12:47:17,339763;9,342591E-1;1,404346E-1;1,420583E-1;9,459685E-1;;
02/12/2021  12:47:17,339863;9,346883E-1;1,308772E-1;1,638576E-1;9,456583E-1;;
02/12/2021  12:47:17,339963;9,349535E-1;1,334259E-1;1,227865E-1;9,453401E-1;;
02/12/2021  12:47:17,340063;9,346168E-1;1,225942E-1;1,316326E-1;9,450147E-1;;
02/12/2021  12:47:17,340163;9,352754E-1;1,181340E-1;1,189953E-1;9,446829E-1;;
02/12/2021  12:47:17,340263;9,360771E-1;1,296029E-1;1,303688E-1;9,443456E-1;;
02/12/2021  12:47:17,340363;9,360771E-1;1,420275E-1;1,379512E-1;9,440040E-1;;
02/12/2021  12:47:17,340463;9,364347E-1;1,350188E-1;1,303688E-1;9,436592E-1;;
02/12/2021  12:47:17,340563;9,360801E-1;1,092138E-1;1,262617E-1;9,433124E-1;;
02/12/2021  12:47:17,340663;9,354572E-1;1,321516E-1;1,243661E-1;9,429646E-1;;
02/12/2021  12:47:17,340763;9,358178E-1;1,681511E-1;1,847091E-1;9,426168E-1;;
02/12/2021  12:47:17,340863;9,364795E-1;1,296029E-1;1,306848E-1;9,422700E-1;;
02/12/2021  12:47:17,340963;9,367834E-1;1,143111E-1;1,246821E-1;9,419252E-1;;
02/12/2021  12:47:17,341063;9,357970E-1;1,187712E-1;1,294210E-1;9,415834E-1;;
02/12/2021  12:47:17,341163;9,358178E-1;1,445762E-1;1,449017E-1;9,412454E-1;;
02/12/2021  12:47:17,341263;9,356509E-1;1,200455E-1;1,193112E-1;9,409121E-1;;
02/12/2021  12:47:17,341363;9,364944E-1;1,324701E-1;1,262617E-1;9,405842E-1;;
02/12/2021  12:47:17,341463;9,360920E-1;1,276914E-1;1,515363E-1;9,402623E-1;;
02/12/2021  12:47:17,341563;9,360473E-1;1,397975E-1;1,404787E-1;9,399471E-1;;
02/12/2021  12:47:17,341663;9,362410E-1;1,372488E-1;1,360556E-1;9,396393E-1;;
02/12/2021  12:47:17,341763;9,372841E-1;1,245056E-1;1,218387E-1;9,393395E-1;;
02/12/2021  12:47:17,341863;9,375196E-1;1,334259E-1;1,316326E-1;9,390482E-1;;
02/12/2021  12:47:17,341963;9,374600E-1;1,225942E-1;1,344760E-1;9,387663E-1;;
02/12/2021  12:47:17,342063;9,370636E-1;1,305587E-1;1,129926E-1;9,384943E-1;;
02/12/2021  12:47:17,342163;9,376209E-1;1,331073E-1;1,237343E-1;9,382327E-1;;
02/12/2021  12:47:17,342263;9,386938E-1;8,914326E-2;1,031987E-1;9,379822E-1;;
02/12/2021  12:47:17,342363;9,386849E-1;1,280100E-1;1,322644E-1;9,377432E-1;;
02/12/2021  12:47:17,342463;9,386342E-1;1,429833E-1;1,433221E-1;9,375164E-1;;
02/12/2021  12:47:17,342563;9,369325E-1;1,324701E-1;1,325804E-1;9,373021E-1;;
02/12/2021  12:47:17,342663;9,371470E-1;1,060280E-1;1,050943E-1;9,371005E-1;;
02/12/2021  12:47:17,342763;9,373765E-1;1,455319E-1;1,486929E-1;9,369117E-1;;
02/12/2021  12:47:17,342863;9,377103E-1;1,442576E-1;1,385831E-1;9,367357E-1;;
02/12/2021  12:47:17,342963;9,374093E-1;1,073023E-1;1,133085E-1;9,365723E-1;;
02/12/2021  12:47:17,343063;9,358953E-1;1,111253E-1;1,237343E-1;9,364215E-1;;
02/12/2021  12:47:17,343163;9,357701E-1;1,108067E-1;9,372073E-2;9,362829E-1;;
02/12/2021  12:47:17,343263;9,360652E-1;1,305587E-1;1,303688E-1;9,361561E-1;;
02/12/2021  12:47:17,343363;9,360712E-1;1,139925E-1;1,243661E-1;9,360405E-1;;
02/12/2021  12:47:17,343463;9,353052E-1;1,190898E-1;1,183634E-1;9,359356E-1;;
02/12/2021  12:47:17,343563;9,344171E-1;1,203641E-1;1,164678E-1;9,358408E-1;;
02/12/2021  12:47:17,343663;9,354751E-1;1,143111E-1;1,205749E-1;9,357556E-1;;
02/12/2021  12:47:17,343763;9,358387E-1;1,194084E-1;1,240502E-1;9,356791E-1;;
02/12/2021  12:47:17,343863;9,363245E-1;1,273729E-1;1,272095E-1;9,356109E-1;;
02/12/2021  12:47:17,343963;9,362500E-1;1,028422E-1;1,073058E-1;9,355507E-1;;
02/12/2021  12:47:17,344063;9,358804E-1;6,620550E-2;7,950379E-2;9,354980E-1;;
02/12/2021  12:47:17,344163;9,365182E-1;1,095324E-1;1,208909E-1;9,354526E-1;;
02/12/2021  12:47:17,344263;9,374510E-1;1,152668E-1;1,515363E-1;9,354140E-1;;
02/12/2021  12:47:17,344363;9,379398E-1;9,806350E-2;1,063580E-1;9,353822E-1;;
02/12/2021  12:47:17,344463;9,386163E-1;1,165411E-1;1,745993E-1;9,353571E-1;;
02/12/2021  12:47:17,344563;9,373676E-1;8,563888E-2;1,774427E-1;9,353388E-1;;
02/12/2021  12:47:17,344663;9,382080E-1;1,009307E-1;1,259458E-1;9,353271E-1;;
02/12/2021  12:47:17,344763;9,388309E-1;8,086018E-2;1,038306E-1;9,353220E-1;;
02/12/2021  12:47:17,344863;9,390634E-1;8,978042E-2;1,069899E-1;9,353235E-1;;
02/12/2021  12:47:17,344963;9,382289E-1;1,018865E-1;1,212068E-1;9,353317E-1;;
02/12/2021  12:47:17,345063;9,388875E-1;1,060280E-1;1,152041E-1;9,353464E-1;;
02/12/2021  12:47:17,345163;9,400856E-1;1,197269E-1;1,449017E-1;9,353675E-1;;
02/12/2021  12:47:17,345263;9,411585E-1;9,838208E-2;1,139404E-1;9,353952E-1;;
02/12/2021  12:47:17,345363;9,411317E-1;1,159040E-1;1,265777E-1;9,354297E-1;;
02/12/2021  12:47:17,345463;9,398979E-1;1,012493E-1;1,031987E-1;9,354711E-1;;
02/12/2021  12:47:17,345563;9,395134E-1;1,245056E-1;1,338441E-1;9,355195E-1;;
02/12/2021  12:47:17,345663;9,404313E-1;1,222756E-1;1,300529E-1;9,355748E-1;;
02/12/2021  12:47:17,345763;9,414029E-1;1,327887E-1;1,373193E-1;9,356367E-1;;
02/12/2021  12:47:17,345863;9,417218E-1;1,401161E-1;1,234183E-1;9,357054E-1;;
02/12/2021  12:47:17,345963;9,415311E-1;1,681511E-1;1,480610E-1;9,357808E-1;;
02/12/2021  12:47:17,346063;9,417248E-1;1,726112E-1;1,515363E-1;9,358629E-1;;
02/12/2021  12:47:17,346163;9,426248E-1;1,649653E-1;1,474292E-1;9,359517E-1;;
02/12/2021  12:47:17,346263;9,431970E-1;1,570008E-1;1,531159E-1;9,360473E-1;;
02/12/2021  12:47:17,346363;9,432030E-1;1,659210E-1;1,581709E-1;9,361497E-1;;
02/12/2021  12:47:17,346463;9,412420E-1;1,417090E-1;1,347919E-1;9,362589E-1;;
02/12/2021  12:47:17,346563;9,420765E-1;1,468062E-1;1,449017E-1;9,363748E-1;;
02/12/2021  12:47:17,346663;9,426427E-1;1,706997E-1;1,676488E-1;9,364969E-1;;
02/12/2021  12:47:17,346763;9,427619E-1;1,417090E-1;1,464814E-1;9,366252E-1;;
02/12/2021  12:47:17,346863;9,428007E-1;1,194084E-1;1,240502E-1;9,367591E-1;;
02/12/2021  12:47:17,346963;9,418559E-1;1,350188E-1;1,433221E-1;9,368986E-1;;
02/12/2021  12:47:17,347063;9,423834E-1;1,225942E-1;1,262617E-1;9,370432E-1;;
02/12/2021  12:47:17,347163;9,430033E-1;1,028422E-1;1,000394E-1;9,371925E-1;;
02/12/2021  12:47:17,347263;9,435189E-1;1,331073E-1;1,319485E-1;9,373461E-1;;
02/12/2021  12:47:17,347363;9,438170E-1;1,321516E-1;1,259458E-1;9,375037E-1;;
02/12/2021  12:47:17,347463;9,432626E-1;1,334259E-1;1,265777E-1;9,376652E-1;;
02/12/2021  12:47:17,347563;9,437007E-1;1,088952E-1;1,003553E-1;9,378302E-1;;
02/12/2021  12:47:17,347663;9,450389E-1;5,824100E-2;8,708615E-2;9,379986E-1;;
02/12/2021  12:47:17,347763;9,458912E-1;1,251428E-1;1,145722E-1;9,381701E-1;;
02/12/2021  12:47:17,347863;9,455038E-1;1,117624E-1;1,227865E-1;9,383449E-1;;
02/12/2021  12:47:17,347963;9,455872E-1;1,203641E-1;1,246821E-1;9,385229E-1;;
02/12/2021  12:47:17,348063;9,462936E-1;1,356559E-1;1,221546E-1;9,387041E-1;;
02/12/2021  12:47:17,348163;9,472592E-1;1,426647E-1;1,436380E-1;9,388886E-1;;
02/12/2021  12:47:17,348263;9,478255E-1;1,111253E-1;9,119327E-2;9,390765E-1;;
02/12/2021  12:47:17,348363;9,473814E-1;1,270543E-1;1,256299E-1;9,392678E-1;;
02/12/2021  12:47:17,348463;9,464009E-1;1,213198E-1;1,268936E-1;9,394628E-1;;
02/12/2021  12:47:17,348563;9,465260E-1;1,292843E-1;1,253139E-1;9,396613E-1;;
02/12/2021  12:47:17,348663;9,466780E-1;1,420275E-1;1,682807E-1;9,398630E-1;;
02/12/2021  12:47:17,348763;9,465797E-1;1,305587E-1;1,202590E-1;9,400677E-1;;
02/12/2021  12:47:17,348863;9,454472E-1;1,388417E-1;1,704922E-1;9,402749E-1;;
02/12/2021  12:47:17,348963;9,443057E-1;1,216384E-1;1,208909E-1;9,404843E-1;;
02/12/2021  12:47:17,349063;9,448273E-1;1,350188E-1;1,455336E-1;9,406951E-1;;
02/12/2021  12:47:17,349163;9,442282E-1;1,235499E-1;1,310007E-1;9,409065E-1;;
02/12/2021  12:47:17,349263;9,443772E-1;1,194084E-1;1,231024E-1;9,411177E-1;;
02/12/2021  12:47:17,349363;9,434891E-1;1,206827E-1;1,142563E-1;9,413279E-1;;
02/12/2021  12:47:17,349463;9,429765E-1;1,624167E-1;1,929234E-1;9,415364E-1;;
02/12/2021  12:47:17,349563;9,435726E-1;6,652408E-2;9,214107E-2;9,417422E-1;;
02/12/2021  12:47:17,349663;9,440405E-1;1,009307E-1;9,087734E-2;9,419445E-1;;
02/12/2021  12:47:17,349763;9,446932E-1;1,257800E-1;1,284732E-1;9,421427E-1;;
02/12/2021  12:47:17,349863;9,435398E-1;1,388417E-1;1,300529E-1;9,423363E-1;;
02/12/2021  12:47:17,349963;9,438140E-1;1,391603E-1;1,379512E-1;9,425249E-1;;
02/12/2021  12:47:17,350063;9,450419E-1;1,187712E-1;1,379512E-1;9,427079E-1;;
02/12/2021  12:47:17,350163;9,457124E-1;1,165411E-1;1,208909E-1;9,428852E-1;;
02/12/2021  12:47:17,350263;9,451521E-1;1,404346E-1;1,493248E-1;9,430566E-1;;
02/12/2021  12:47:17,350363;9,446067E-1;1,190898E-1;1,202590E-1;9,432221E-1;;
02/12/2021  12:47:17,350463;9,433639E-1;9,296622E-2;8,266311E-2;9,433816E-1;;
02/12/2021  12:47:17,350563;9,444875E-1;1,174969E-1;1,126766E-1;9,435348E-1;;
02/12/2021  12:47:17,350663;9,444845E-1;1,292843E-1;1,294210E-1;9,436814E-1;;
02/12/2021  12:47:17,350763;9,438795E-1;1,356559E-1;1,452176E-1;9,438213E-1;;
02/12/2021  12:47:17,350863;9,426993E-1;5,664810E-2;9,372073E-2;9,439543E-1;;
02/12/2021  12:47:17,350963;9,419066E-1;1,292843E-1;1,310007E-1;9,440801E-1;;
02/12/2021  12:47:17,351063;9,429258E-1;6,970988E-2;9,498445E-2;9,441982E-1;;
02/12/2021  12:47:17,351163;9,432835E-1;1,302401E-1;1,303688E-1;9,443084E-1;;
02/12/2021  12:47:17,351263;9,426666E-1;1,267357E-1;1,174156E-1;9,444104E-1;;
02/12/2021  12:47:17,351363;9,414446E-1;8,786894E-2;7,160549E-2;9,445042E-1;;
02/12/2021  12:47:17,351463;9,413433E-1;1,136739E-1;1,057261E-1;9,445893E-1;;
02/12/2021  12:47:17,351563;9,426308E-1;6,684266E-2;1,303688E-1;9,446655E-1;;
02/12/2021  12:47:17,351663;9,438229E-1;1,391603E-1;1,433221E-1;9,447328E-1;;
02/12/2021  12:47:17,351763;9,437275E-1;9,710776E-2;1,003553E-1;9,447914E-1;;
02/12/2021  12:47:17,351863;9,434295E-1;1,082581E-1;1,155200E-1;9,448414E-1;;
02/12/2021  12:47:17,351963;9,444458E-1;1,245056E-1;1,265777E-1;9,448834E-1;;
02/12/2021  12:47:17,352063;9,458614E-1;1,327887E-1;1,044624E-1;9,449178E-1;;
02/12/2021  12:47:17,352163;9,458972E-1;7,799296E-2;8,834988E-2;9,449452E-1;;
02/12/2021  12:47:17,352263;9,459508E-1;1,267357E-1;1,246821E-1;9,449665E-1;;
02/12/2021  12:47:17,352363;9,449912E-1;1,372488E-1;1,420583E-1;9,449825E-1;;
02/12/2021  12:47:17,352463;9,450448E-1;1,235499E-1;1,376353E-1;9,449937E-1;;
02/12/2021  12:47:17,352563;9,463025E-1;1,331073E-1;1,186794E-1;9,450007E-1;;
02/12/2021  12:47:17,352663;9,459777E-1;1,229127E-1;1,240502E-1;9,450041E-1;;
02/12/2021  12:47:17,352763;9,457541E-1;1,241871E-1;1,265777E-1;9,450045E-1;;
02/12/2021  12:47:17,352863;9,443087E-1;1,022050E-1;1,057261E-1;9,450025E-1;;
02/12/2021  12:47:17,352963;9,442193E-1;1,831244E-1;1,992420E-1;9,449983E-1;;
02/12/2021  12:47:17,353063;9,446842E-1;1,703812E-1;1,935552E-1;9,449921E-1;;
02/12/2021  12:47:17,353163;9,446336E-1;1,104881E-1;1,117289E-1;9,449841E-1;;
02/12/2021  12:47:17,353263;9,425175E-1;1,404346E-1;1,221546E-1;9,449744E-1;;
02/12/2021  12:47:17,353363;9,413403E-1;1,382046E-1;1,376353E-1;9,449629E-1;;
02/12/2021  12:47:17,353463;9,417129E-1;1,286472E-1;1,218387E-1;9,449493E-1;;
02/12/2021  12:47:17,353563;9,420586E-1;1,127182E-1;1,148882E-1;9,449332E-1;;
02/12/2021  12:47:17,353663;9,410512E-1;1,203641E-1;1,180475E-1;9,449142E-1;;
02/12/2021  12:47:17,353763;9,405654E-1;9,583344E-2;1,193112E-1;9,448920E-1;;
02/12/2021  12:47:17,353863;9,393048E-1;1,410718E-1;1,679647E-1;9,448662E-1;;
02/12/2021  12:47:17,353963;9,404999E-1;1,299215E-1;1,243661E-1;9,448363E-1;;
02/12/2021  12:47:17,354063;9,405714E-1;1,194084E-1;1,253139E-1;9,448018E-1;;
02/12/2021  12:47:17,354163;9,402436E-1;1,401161E-1;1,420583E-1;9,447626E-1;;
02/12/2021  12:47:17,354263;9,389918E-1;1,448948E-1;1,370034E-1;9,447185E-1;;
02/12/2021  12:47:17,354363;9,375702E-1;1,375674E-1;1,398468E-1;9,446690E-1;;
02/12/2021  12:47:17,354463;9,378653E-1;1,334259E-1;1,449017E-1;9,446138E-1;;
02/12/2021  12:47:17,354563;9,376000E-1;1,123996E-1;1,208909E-1;9,445524E-1;;
02/12/2021  12:47:17,354663;9,370368E-1;1,512664E-1;1,461654E-1;9,444843E-1;;
02/12/2021  12:47:17,354763;9,355943E-1;1,423461E-1;1,316326E-1;9,444092E-1;;
02/12/2021  12:47:17,354863;9,347956E-1;4,199342E-2;1,060421E-1;9,443264E-1;;
02/12/2021  12:47:17,354963;9,350221E-1;1,264171E-1;1,281573E-1;9,442355E-1;;
02/12/2021  12:47:17,355063;9,351383E-1;1,423461E-1;1,328963E-1;9,441359E-1;;
02/12/2021  12:47:17,355163;9,348224E-1;1,464877E-1;1,452176E-1;9,440272E-1;;
02/12/2021  12:47:17,355263;9,330819E-1;1,133553E-1;1,411105E-1;9,439091E-1;;
02/12/2021  12:47:17,355363;9,328822E-1;1,095324E-1;1,145722E-1;9,437813E-1;;
02/12/2021  12:47:17,355463;9,333352E-1;1,391603E-1;1,619620E-1;9,436435E-1;;
02/12/2021  12:47:17,355563;9,337882E-1;1,254614E-1;1,272095E-1;9,434953E-1;;
02/12/2021  12:47:17,355663;9,329418E-1;6,939130E-2;8,171531E-2;9,433367E-1;;
02/12/2021  12:47:17,355763;9,320448E-1;8,914326E-2;9,624818E-2;9,431678E-1;;
02/12/2021  12:47:17,355863;9,317974E-1;1,436204E-1;1,411105E-1;9,429885E-1;;
02/12/2021  12:47:17,355963;9,326915E-1;1,187712E-1;1,212068E-1;9,427988E-1;;
02/12/2021  12:47:17,356063;9,329657E-1;1,334259E-1;1,287892E-1;9,425990E-1;;
02/12/2021  12:47:17,356163;9,316245E-1;1,289658E-1;1,284732E-1;9,423892E-1;;
02/12/2021  12:47:17,356263;9,312520E-1;1,216384E-1;1,158360E-1;9,421699E-1;;
02/12/2021  12:47:17,356363;9,315858E-1;1,245056E-1;1,496407E-1;9,419413E-1;;
02/12/2021  12:47:17,356463;9,318391E-1;5,696668E-2;8,139938E-2;9,417038E-1;;
02/12/2021  12:47:17,356563;9,317467E-1;1,350188E-1;1,392149E-1;9,414577E-1;;
02/12/2021  12:47:17,356663;9,307930E-1;1,088952E-1;1,177316E-1;9,412037E-1;;
02/12/2021  12:47:17,356763;9,297261E-1;1,101695E-1;1,028828E-1;9,409422E-1;;
02/12/2021  12:47:17,356863;9,302774E-1;1,397975E-1;1,313166E-1;9,406734E-1;;
02/12/2021  12:47:17,356963;9,310881E-1;9,328480E-2;1,082536E-1;9,403979E-1;;
02/12/2021  12:47:17,357063;9,305218E-1;1,034794E-1;1,088855E-1;9,401160E-1;;
02/12/2021  12:47:17,357163;9,298304E-1;1,232313E-1;1,461654E-1;9,398285E-1;;
02/12/2021  12:47:17,357263;9,286919E-1;1,296029E-1;1,256299E-1;9,395358E-1;;
02/12/2021  12:47:17,357363;9,289572E-1;1,022050E-1;1,025668E-1;9,392383E-1;;
02/12/2021  12:47:17,357463;9,298066E-1;1,468062E-1;1,831295E-1;9,389363E-1;;
02/12/2021  12:47:17,357563;9,289780E-1;1,053908E-1;1,088855E-1;9,386303E-1;;
02/12/2021  12:47:17,357663;9,284237E-1;1,397975E-1;1,606983E-1;9,383209E-1;;
02/12/2021  12:47:17,357763;9,284922E-1;9,933782E-2;1,082536E-1;9,380085E-1;;
02/12/2021  12:47:17,357863;9,282479E-1;1,079395E-1;1,483770E-1;9,376935E-1;;
02/12/2021  12:47:17,357963;9,285310E-1;1,041165E-1;1,205749E-1;9,373764E-1;;
02/12/2021  12:47:17,358063;9,278843E-1;8,914326E-2;1,088855E-1;9,370575E-1;;
02/12/2021  12:47:17,358163;9,265312E-1;1,002936E-1;1,114129E-1;9,367374E-1;;
02/12/2021  12:47:17,358263;9,254881E-1;7,735580E-2;1,174156E-1;9,364162E-1;;
02/12/2021  12:47:17,358363;9,252497E-1;1,088952E-1;1,272095E-1;9,360942E-1;;
02/12/2021  12:47:17,358463;9,258219E-1;8,978042E-2;1,155200E-1;9,357711E-1;;
02/12/2021  12:47:17,358563;9,259620E-1;1,053908E-1;1,281573E-1;9,354473E-1;;
02/12/2021  12:47:17,358663;9,240427E-1;1,159040E-1;1,291051E-1;9,351227E-1;;
02/12/2021  12:47:17,358763;9,247073E-1;1,114439E-1;1,265777E-1;9,347976E-1;;
02/12/2021  12:47:17,358863;9,246477E-1;1,350188E-1;1,518522E-1;9,344720E-1;;
02/12/2021  12:47:17,358963;9,250172E-1;1,480806E-1;1,442698E-1;9,341460E-1;;
02/12/2021  12:47:17,359063;9,244748E-1;1,627352E-1;1,550115E-1;9,338199E-1;;
02/12/2021  12:47:17,359163;9,236433E-1;1,483991E-1;1,328963E-1;9,334939E-1;;
02/12/2021  12:47:17,359263;9,236105E-1;1,289658E-1;1,050943E-1;9,331683E-1;;
02/12/2021  12:47:17,359363;9,244867E-1;1,757970E-1;1,496407E-1;9,328431E-1;;
02/12/2021  12:47:17,359463;9,250709E-1;1,611423E-1;1,493248E-1;9,325186E-1;;
02/12/2021  12:47:17,359563;9,247401E-1;1,570008E-1;1,502726E-1;9,321954E-1;;
02/12/2021  12:47:17,359663;9,240844E-1;1,579565E-1;1,505885E-1;9,318738E-1;;
02/12/2021  12:47:17,359763;9,246566E-1;1,448948E-1;1,404787E-1;9,315543E-1;;
02/12/2021  12:47:17,359863;9,254315E-1;1,340630E-1;1,360556E-1;9,312374E-1;;
02/12/2021  12:47:17,359963;9,257951E-1;1,315144E-1;1,316326E-1;9,309237E-1;;
02/12/2021  12:47:17,360063;9,255865E-1;1,331073E-1;1,303688E-1;9,306137E-1;;
02/12/2021  12:47:17,360163;9,246506E-1;9,392196E-2;1,199431E-1;9,303081E-1;;
02/12/2021  12:47:17,360263;9,246506E-1;1,245056E-1;1,328963E-1;9,300075E-1;;
02/12/2021  12:47:17,360363;9,248861E-1;1,334259E-1;1,193112E-1;9,297122E-1;;
02/12/2021  12:47:17,360463;9,248175E-1;1,276914E-1;1,278414E-1;9,294225E-1;;
02/12/2021  12:47:17,360563;9,245135E-1;1,366117E-1;1,338441E-1;9,291390E-1;;
02/12/2021  12:47:17,360663;9,234526E-1;1,439390E-1;1,414265E-1;9,288617E-1;;
02/12/2021  12:47:17,360763;9,243437E-1;1,522221E-1;1,537478E-1;9,285910E-1;;
02/12/2021  12:47:17,360863;9,245076E-1;6,652408E-2;5,770448E-2;9,283270E-1;;
02/12/2021  12:47:17,360963;9,251066E-1;7,512574E-2;7,634447E-2;9,280698E-1;;
02/12/2021  12:47:17,361063;9,244212E-1;1,200455E-1;1,205749E-1;9,278198E-1;;
02/12/2021  12:47:17,361163;9,238072E-1;1,914074E-1;1,613302E-1;9,275771E-1;;
02/12/2021  12:47:17,361263;9,249278E-1;1,308772E-1;1,246821E-1;9,273421E-1;;
02/12/2021  12:47:17,361363;9,256520E-1;1,302401E-1;1,253139E-1;9,271147E-1;;
02/12/2021  12:47:17,361463;9,269157E-1;7,225852E-2;9,245700E-2;9,268954E-1;;
02/12/2021  12:47:17,361563;9,268054E-1;1,260985E-1;1,319485E-1;9,266846E-1;;
02/12/2021  12:47:17,361663;9,272286E-1;8,946184E-2;9,972343E-2;9,264829E-1;;
02/12/2021  12:47:17,361763;9,286532E-1;9,901924E-2;1,025668E-1;9,262908E-1;;
02/12/2021  12:47:17,361863;9,300539E-1;1,047537E-1;1,774427E-1;9,261090E-1;;
02/12/2021  12:47:17,361963;9,302178E-1;1,155854E-1;1,215227E-1;9,259384E-1;;
02/12/2021  12:47:17,362063;9,299526E-1;1,225942E-1;1,104651E-1;9,257798E-1;;
02/12/2021  12:47:17,362163;9,292522E-1;1,366117E-1;1,297370E-1;9,256339E-1;;
02/12/2021  12:47:17,362263;9,303043E-1;9,647060E-2;9,245700E-2;9,255013E-1;;
02/12/2021  12:47:17,362363;9,310166E-1;1,114439E-1;1,319485E-1;9,253824E-1;;
02/12/2021  12:47:17,362463;9,315590E-1;1,260985E-1;1,360556E-1;9,252776E-1;;
02/12/2021  12:47:17,362563;9,315590E-1;1,257800E-1;1,256299E-1;9,251875E-1;;
02/12/2021  12:47:17,362663;9,310911E-1;1,168597E-1;1,208909E-1;9,251124E-1;;
02/12/2021  12:47:17,362763;9,325723E-1;1,337445E-1;1,281573E-1;9,250526E-1;;
02/12/2021  12:47:17,362863;9,334544E-1;1,417090E-1;1,528000E-1;9,250083E-1;;
02/12/2021  12:47:17,362963;9,336780E-1;1,388417E-1;1,584868E-1;9,249799E-1;;
02/12/2021  12:47:17,363063;9,337584E-1;1,299215E-1;1,303688E-1;9,249676E-1;;
02/12/2021  12:47:17,363163;9,340654E-1;1,181340E-1;1,212068E-1;9,249718E-1;;
02/12/2021  12:47:17,363263;9,347568E-1;1,251428E-1;1,237343E-1;9,249924E-1;;
02/12/2021  12:47:17,363363;9,362023E-1;1,280100E-1;1,379512E-1;9,250298E-1;;
02/12/2021  12:47:17,363463;9,365778E-1;1,216384E-1;1,193112E-1;9,250839E-1;;
02/12/2021  12:47:17,363563;9,358536E-1;1,308772E-1;1,303688E-1;9,251551E-1;;
02/12/2021  12:47:17,363663;9,365152E-1;9,041758E-2;1,249980E-1;9,252434E-1;;
02/12/2021  12:47:17,363763;9,380232E-1;1,343816E-1;1,430061E-1;9,253487E-1;;
02/12/2021  12:47:17,363863;9,381514E-1;1,324701E-1;1,328963E-1;9,254711E-1;;
02/12/2021  12:47:17,363963;9,379636E-1;1,127182E-1;1,019350E-1;9,256104E-1;;
02/12/2021  12:47:17,364063;9,372513E-1;9,137332E-2;1,013031E-1;9,257667E-1;;
02/12/2021  12:47:17,364163;9,370457E-1;1,369303E-1;1,392149E-1;9,259394E-1;;
02/12/2021  12:47:17,364263;9,377014E-1;1,143111E-1;1,319485E-1;9,261280E-1;;
02/12/2021  12:47:17,364363;9,379130E-1;1,114439E-1;1,212068E-1;9,263320E-1;;
02/12/2021  12:47:17,364463;9,381633E-1;1,060280E-1;1,107811E-1;9,265506E-1;;
02/12/2021  12:47:17,364563;9,367268E-1;1,270543E-1;1,382671E-1;9,267832E-1;;
02/12/2021  12:47:17,364663;9,372215E-1;1,694254E-1;1,660692E-1;9,270289E-1;;
02/12/2021  12:47:17,364763;9,386908E-1;1,232313E-1;1,344760E-1;9,272868E-1;;
02/12/2021  12:47:17,364863;9,389680E-1;1,353374E-1;1,278414E-1;9,275561E-1;;
02/12/2021  12:47:17,364963;9,387683E-1;1,353374E-1;1,328963E-1;9,278359E-1;;
02/12/2021  12:47:17,365063;9,382736E-1;1,260985E-1;1,376353E-1;9,281256E-1;;
02/12/2021  12:47:17,365163;9,392869E-1;1,353374E-1;1,303688E-1;9,284244E-1;;
02/12/2021  12:47:17,365263;9,396326E-1;1,044351E-1;1,249980E-1;9,287314E-1;;
02/12/2021  12:47:17,365363;9,401869E-1;1,216384E-1;1,196272E-1;9,290459E-1;;
02/12/2021  12:47:17,365463;9,402287E-1;1,267357E-1;1,300529E-1;9,293673E-1;;
02/12/2021  12:47:17,365563;9,401750E-1;6,078964E-2;8,866581E-2;9,296948E-1;;
02/12/2021  12:47:17,365663;9,414417E-1;8,532030E-2;7,476481E-2;9,300280E-1;;
02/12/2021  12:47:17,365763;9,421361E-1;1,127182E-1;1,145722E-1;9,303661E-1;;
02/12/2021  12:47:17,365863;9,424937E-1;1,206827E-1;1,152041E-1;9,307088E-1;;
02/12/2021  12:47:17,365963;9,423238E-1;1,238685E-1;1,385831E-1;9,310557E-1;;
02/12/2021  12:47:17,366063;9,422135E-1;1,031608E-1;9,403666E-2;9,314065E-1;;
02/12/2021  12:47:17,366163;9,438110E-1;1,429833E-1;1,575390E-1;9,317606E-1;;
02/12/2021  12:47:17,366263;9,444547E-1;1,729298E-1;1,913437E-1;9,321178E-1;;
02/12/2021  12:47:17,366363;9,448928E-1;1,385232E-1;1,379512E-1;9,324779E-1;;
02/12/2021  12:47:17,366463;9,446425E-1;1,719741E-1;1,515363E-1;9,328406E-1;;
02/12/2021  12:47:17,366563;9,447975E-1;1,251428E-1;1,215227E-1;9,332059E-1;;
02/12/2021  12:47:17,366663;9,462012E-1;9,360338E-2;1,101492E-1;9,335735E-1;;
02/12/2021  12:47:17,366763;9,466959E-1;1,289658E-1;1,376353E-1;9,339431E-1;;
02/12/2021  12:47:17,366863;9,472830E-1;1,302401E-1;1,332122E-1;9,343148E-1;;
02/12/2021  12:47:17,366963;9,473546E-1;1,324701E-1;1,227865E-1;9,346886E-1;;
02/12/2021  12:47:17,367063;9,474619E-1;1,369303E-1;1,354238E-1;9,350643E-1;;
02/12/2021  12:47:17,367163;9,487970E-1;1,222756E-1;1,679647E-1;9,354420E-1;;
02/12/2021  12:47:17,367263;9,499504E-1;1,331073E-1;1,249980E-1;9,358216E-1;;
02/12/2021  12:47:17,367363;9,502127E-1;1,315144E-1;1,306848E-1;9,362033E-1;;
02/12/2021  12:47:17,367463;9,499862E-1;1,292843E-1;1,297370E-1;9,365873E-1;;
02/12/2021  12:47:17,367563;9,506001E-1;1,210013E-1;1,291051E-1;9,369735E-1;;
02/12/2021  12:47:17,367663;9,519085E-1;1,165411E-1;1,531159E-1;9,373621E-1;;
02/12/2021  12:47:17,367763;9,517505E-1;1,353374E-1;1,325804E-1;9,377532E-1;;
02/12/2021  12:47:17,367863;9,513243E-1;1,095324E-1;1,212068E-1;9,381469E-1;;
02/12/2021  12:47:17,367963;9,504302E-1;1,241871E-1;1,253139E-1;9,385431E-1;;
02/12/2021  12:47:17,368063;9,512677E-1;9,742634E-2;9,845971E-2;9,389414E-1;;
02/12/2021  12:47:17,368163;9,516551E-1;1,410718E-1;1,401627E-1;9,393416E-1;;
02/12/2021  12:47:17,368263;9,509458E-1;1,280100E-1;1,284732E-1;9,397433E-1;;
02/12/2021  12:47:17,368363;9,503229E-1;4,390490E-2;8,582243E-2;9,401461E-1;;
02/12/2021  12:47:17,368463;9,486927E-1;1,429833E-1;1,486929E-1;9,405492E-1;;
02/12/2021  12:47:17,368563;9,488179E-1;1,069837E-1;1,050943E-1;9,409519E-1;;
02/12/2021  12:47:17,368663;9,492322E-1;1,353374E-1;1,480610E-1;9,413531E-1;;
02/12/2021  12:47:17,368763;9,485556E-1;1,245056E-1;1,256299E-1;9,417518E-1;;
02/12/2021  12:47:17,368863;9,484483E-1;1,270543E-1;1,278414E-1;9,421471E-1;;
02/12/2021  12:47:17,368963;9,477241E-1;1,305587E-1;1,417424E-1;9,425379E-1;;
02/12/2021  12:47:17,369063;9,481503E-1;9,455912E-2;1,000394E-1;9,429233E-1;;
02/12/2021  12:47:17,369163;9,490623E-1;9,264764E-2;8,045158E-2;9,433022E-1;;
02/12/2021  12:47:17,369263;9,490355E-1;9,169190E-2;1,120448E-1;9,436740E-1;;
02/12/2021  12:47:17,369363;9,490384E-1;1,302401E-1;1,297370E-1;9,440379E-1;;
02/12/2021  12:47:17,369463;9,490414E-1;1,350188E-1;1,316326E-1;9,443934E-1;;
02/12/2021  12:47:17,369563;9,497507E-1;1,245056E-1;1,129926E-1;9,447400E-1;;
02/12/2021  12:47:17,369663;9,502157E-1;1,082581E-1;7,002583E-2;9,450773E-1;;
02/12/2021  12:47:17,369763;9,505852E-1;1,203641E-1;9,624818E-2;9,454051E-1;;
02/12/2021  12:47:17,369863;9,504958E-1;1,417090E-1;1,360556E-1;9,457233E-1;;
02/12/2021  12:47:17,369963;9,496524E-1;1,618844E-2;5,043804E-2;9,460317E-1;;
02/12/2021  12:47:17,370063;9,500011E-1;1,012493E-1;1,073058E-1;9,463302E-1;;
02/12/2021  12:47:17,370163;9,501501E-1;9,583344E-2;9,498445E-2;9,466187E-1;;
02/12/2021  12:47:17,370263;9,502157E-1;1,034794E-1;1,057261E-1;9,468971E-1;;
02/12/2021  12:47:17,370363;9,496375E-1;1,028422E-1;1,559593E-1;9,471651E-1;;
02/12/2021  12:47:17,370463;9,482010E-1;2,479010E-2;7,034176E-2;9,474228E-1;;
02/12/2021  12:47:17,370563;9,487702E-1;1,133553E-1;1,133085E-1;9,476697E-1;;
02/12/2021  12:47:17,370663;9,486421E-1;9,933782E-2;1,708081E-1;9,479057E-1;;
02/12/2021  12:47:17,370763;9,482427E-1;1,165411E-1;1,249980E-1;9,481304E-1;;
02/12/2021  12:47:17,370863;9,479655E-1;2,319720E-2;2,453162E-2;9,483437E-1;;
02/12/2021  12:47:17,370963;9,471638E-1;9,169190E-2;1,050943E-1;9,485451E-1;;
02/12/2021  12:47:17,371063;9,477837E-1;7,735580E-2;6,876210E-2;9,487345E-1;;
02/12/2021  12:47:17,371163;9,486331E-1;1,181340E-1;1,357397E-1;9,489117E-1;;
02/12/2021  12:47:17,371263;9,481473E-1;1,206827E-1;1,177316E-1;9,490765E-1;;
02/12/2021  12:47:17,371363;9,477837E-1;9,328480E-2;1,079377E-1;9,492292E-1;;
02/12/2021  12:47:17,371463;9,477688E-1;9,264764E-2;1,098333E-1;9,493696E-1;;
02/12/2021  12:47:17,371563;9,486778E-1;8,181592E-2;8,898175E-2;9,494979E-1;;
02/12/2021  12:47:17,371663;9,489222E-1;1,022050E-1;1,133085E-1;9,496142E-1;;
02/12/2021  12:47:17,371763;9,483351E-1;9,870066E-2;1,458495E-1;9,497190E-1;;
02/12/2021  12:47:17,371863;9,470089E-1;1,031608E-1;1,110970E-1;9,498126E-1;;
02/12/2021  12:47:17,371963;9,469224E-1;1,095324E-1;1,234183E-1;9,498950E-1;;
02/12/2021  12:47:17,372063;9,475393E-1;1,168597E-1;1,379512E-1;9,499663E-1;;
02/12/2021  12:47:17,372163;9,468032E-1;1,232313E-1;1,306848E-1;9,500268E-1;;
02/12/2021  12:47:17,372263;9,463949E-1;1,171783E-1;1,328963E-1;9,500765E-1;;
02/12/2021  12:47:17,372363;9,442878E-1;1,187712E-1;1,278414E-1;9,501155E-1;;
02/12/2021  12:47:17,372463;9,436501E-1;5,855958E-2;8,582243E-2;9,501436E-1;;
02/12/2021  12:47:17,372563;9,436024E-1;1,547707E-1;1,404787E-1;9,501606E-1;;
02/12/2021  12:47:17,372663;9,431583E-1;1,761156E-1;1,407946E-1;9,501662E-1;;
02/12/2021  12:47:17,372763;9,416354E-1;1,570008E-1;1,486929E-1;9,501599E-1;;
02/12/2021  12:47:17,372863;9,403509E-1;1,557265E-1;2,065085E-1;9,501415E-1;;
02/12/2021  12:47:17,372963;9,399068E-1;5,696668E-2;9,561632E-2;9,501104E-1;;
02/12/2021  12:47:17,373063;9,402078E-1;1,859916E-1;2,365220E-1;9,500660E-1;;
02/12/2021  12:47:17,373163;9,397995E-1;1,439390E-1;1,452176E-1;9,500079E-1;;
02/12/2021  12:47:17,373263;9,385150E-1;1,490363E-1;1,376353E-1;9,499357E-1;;
02/12/2021  12:47:17,373363;9,381961E-1;1,585937E-1;1,553275E-1;9,498492E-1;;
02/12/2021  12:47:17,373463;9,379875E-1;8,468314E-2;9,593225E-2;9,497480E-1;;
02/12/2021  12:47:17,373563;9,382348E-1;1,429833E-1;1,382671E-1;9,496319E-1;;
02/12/2021  12:47:17,373663;9,373378E-1;1,184526E-1;1,199431E-1;9,495008E-1;;
02/12/2021  12:47:17,373763;9,369056E-1;1,292843E-1;1,338441E-1;9,493547E-1;;
02/12/2021  12:47:17,373863;9,358417E-1;1,372488E-1;1,439539E-1;9,491935E-1;;
02/12/2021  12:47:17,373963;9,363096E-1;1,159040E-1;1,054102E-1;9,490172E-1;;
02/12/2021  12:47:17,374063;9,369116E-1;1,057094E-1;8,076751E-2;9,488260E-1;;
02/12/2021  12:47:17,374163;9,356301E-1;1,041165E-1;1,202590E-1;9,486201E-1;;
02/12/2021  12:47:17,374263;9,350817E-1;1,506292E-1;1,426902E-1;9,483999E-1;;
02/12/2021  12:47:17,374363;9,342561E-1;1,436204E-1;1,398468E-1;9,481655E-1;;
02/12/2021  12:47:17,374463;9,343277E-1;1,034794E-1;9,403666E-2;9,479173E-1;;
02/12/2021  12:47:17,374563;9,341161E-1;1,260985E-1;1,231024E-1;9,476555E-1;;
02/12/2021  12:47:17,374663;9,329359E-1;1,499920E-1;1,442698E-1;9,473806E-1;;
02/12/2021  12:47:17,374763;9,316394E-1;1,362931E-1;1,493248E-1;9,470927E-1;;
02/12/2021  12:47:17,374863;9,308795E-1;1,057094E-1;1,066739E-1;9,467921E-1;;
02/12/2021  12:47:17,374963;9,308735E-1;1,257800E-1;1,253139E-1;9,464789E-1;;
02/12/2021  12:47:17,375063;9,303251E-1;1,372488E-1;1,812339E-1;9,461532E-1;;
02/12/2021  12:47:17,375163;9,292016E-1;1,350188E-1;1,294210E-1;9,458153E-1;;
02/12/2021  12:47:17,375263;9,274313E-1;-4,200682E-3;8,929768E-2;9,454652E-1;;
02/12/2021  12:47:17,375363;9,263554E-1;1,327887E-1;1,303688E-1;9,451030E-1;;
02/12/2021  12:47:17,375463;9,269753E-1;1,299215E-1;1,237343E-1;9,447286E-1;;
02/12/2021  12:47:17,375563;9,266027E-1;1,245056E-1;1,439539E-1;9,443419E-1;;
02/12/2021  12:47:17,375663;9,256222E-1;1,276914E-1;1,303688E-1;9,439431E-1;;
02/12/2021  12:47:17,375763;9,243228E-1;1,289658E-1;1,253139E-1;9,435323E-1;;
02/12/2021  12:47:17,375863;9,235122E-1;8,468314E-2;1,031987E-1;9,431097E-1;;
02/12/2021  12:47:17,375963;9,239056E-1;1,190898E-1;1,603824E-1;9,426752E-1;;
02/12/2021  12:47:17,376063;9,235062E-1;1,289658E-1;1,297370E-1;9,422291E-1;;
02/12/2021  12:47:17,376163;9,235479E-1;1,321516E-1;1,291051E-1;9,417717E-1;;
02/12/2021  12:47:17,376263;9,233870E-1;1,095324E-1;1,148882E-1;9,413034E-1;;
02/12/2021  12:47:17,376363;9,238013E-1;1,289658E-1;1,338441E-1;9,408247E-1;;
02/12/2021  12:47:17,376463;9,248444E-1;1,331073E-1;1,464814E-1;9,403363E-1;;
02/12/2021  12:47:17,376563;9,246506E-1;1,225942E-1;1,246821E-1;9,398394E-1;;
02/12/2021  12:47:17,376663;9,248384E-1;1,238685E-1;1,411105E-1;9,393348E-1;;
02/12/2021  12:47:17,376763;9,241201E-1;1,194084E-1;1,189953E-1;9,388239E-1;;
02/12/2021  12:47:17,376863;9,247430E-1;1,366117E-1;1,306848E-1;9,383077E-1;;
02/12/2021  12:47:17,376963;9,251245E-1;1,114439E-1;1,088855E-1;9,377875E-1;;
02/12/2021  12:47:17,377063;9,254255E-1;1,203641E-1;1,256299E-1;9,372645E-1;;
02/12/2021  12:47:17,377163;9,249099E-1;1,238685E-1;1,379512E-1;9,367400E-1;;
02/12/2021  12:47:17,377263;9,244212E-1;1,315144E-1;1,227865E-1;9,362154E-1;;
02/12/2021  12:47:17,377363;9,253242E-1;1,311958E-1;1,300529E-1;9,356918E-1;;
02/12/2021  12:47:17,377463;9,251722E-1;1,601866E-1;1,704922E-1;9,351704E-1;;
02/12/2021  12:47:17,377563;9,254196E-1;1,254614E-1;1,224705E-1;9,346524E-1;;
02/12/2021  12:47:17,377663;9,246030E-1;1,232313E-1;1,215227E-1;9,341390E-1;;
02/12/2021  12:47:17,377763;9,239503E-1;1,372488E-1;1,392149E-1;9,336313E-1;;
02/12/2021  12:47:17,377863;9,241172E-1;1,276914E-1;1,259458E-1;9,331301E-1;;
02/12/2021  12:47:17,377963;9,250262E-1;1,088952E-1;9,656411E-2;9,326363E-1;;
02/12/2021  12:47:17,378063;9,247758E-1;1,241871E-1;1,291051E-1;9,321507E-1;;
02/12/2021  12:47:17,378163;9,244510E-1;1,308772E-1;1,253139E-1;9,316741E-1;;
02/12/2021  12:47:17,378263;9,239592E-1;1,413904E-1;1,376353E-1;9,312073E-1;;
02/12/2021  12:47:17,378363;9,256669E-1;9,328480E-2;1,167838E-1;9,307511E-1;;
02/12/2021  12:47:17,378463;9,266653E-1;7,417000E-2;6,117973E-2;9,303060E-1;;
02/12/2021  12:47:17,378563;9,262809E-1;1,241871E-1;1,316326E-1;9,298731E-1;;
02/12/2021  12:47:17,378663;9,270259E-1;1,283286E-1;1,189953E-1;9,294533E-1;;
02/12/2021  12:47:17,378763;9,270647E-1;1,308772E-1;1,262617E-1;9,290474E-1;;
02/12/2021  12:47:17,378863;9,283999E-1;9,105474E-2;8,045158E-2;9,286563E-1;;
02/12/2021  12:47:17,378963;9,300033E-1;1,283286E-1;1,133085E-1;9,282810E-1;;
02/12/2021  12:47:17,379063;9,295264E-1;1,321516E-1;1,430061E-1;9,279225E-1;;
02/12/2021  12:47:17,379163;9,300718E-1;1,264171E-1;1,272095E-1;9,275818E-1;;
02/12/2021  12:47:17,379263;9,312013E-1;1,248242E-1;1,287892E-1;9,272598E-1;;
02/12/2021  12:47:17,379363;9,323488E-1;1,493549E-1;1,524841E-1;9,269576E-1;;
02/12/2021  12:47:17,379463;9,333710E-1;1,442576E-1;1,420583E-1;9,266761E-1;;
02/12/2021  12:47:17,379563;9,333531E-1;1,442576E-1;1,392149E-1;9,264163E-1;;
02/12/2021  12:47:17,379663;9,339164E-1;1,267357E-1;9,656411E-2;9,261792E-1;;
02/12/2021  12:47:17,379763;9,335886E-1;1,136739E-1;1,231024E-1;9,259655E-1;;
02/12/2021  12:47:17,379863;9,353559E-1;1,378860E-1;1,385831E-1;9,257760E-1;;
02/12/2021  12:47:17,379963;9,356062E-1;1,139925E-1;1,388990E-1;9,256111E-1;;
02/12/2021  12:47:17,380063;9,352724E-1;1,194084E-1;1,164678E-1;9,254714E-1;;
02/12/2021  12:47:17,380163;9,362977E-1;1,069837E-1;1,208909E-1;9,253573E-1;;
02/12/2021  12:47:17,380263;9,365212E-1;1,302401E-1;1,287892E-1;9,252690E-1;;
02/12/2021  12:47:17,380363;9,378027E-1;1,299215E-1;1,126766E-1;9,252068E-1;;
02/12/2021  12:47:17,380463;9,388548E-1;1,219570E-1;1,278414E-1;9,251709E-1;;
02/12/2021  12:47:17,380563;9,390783E-1;1,178155E-1;1,142563E-1;9,251614E-1;;
02/12/2021  12:47:17,380663;9,390216E-1;1,251428E-1;1,281573E-1;9,251784E-1;;
02/12/2021  12:47:17,380763;9,399515E-1;5,632952E-2;9,372073E-2;9,252220E-1;;
02/12/2021  12:47:17,380863;9,416384E-1;1,248242E-1;1,543797E-1;9,252921E-1;;
02/12/2021  12:47:17,380963;9,424073E-1;1,296029E-1;1,303688E-1;9,253887E-1;;
02/12/2021  12:47:17,381063;9,425026E-1;1,245056E-1;1,205749E-1;9,255117E-1;;
02/12/2021  12:47:17,381163;9,428692E-1;1,302401E-1;1,357397E-1;9,256611E-1;;
02/12/2021  12:47:17,381263;9,440405E-1;1,477620E-1;1,411105E-1;9,258367E-1;;
02/12/2021  12:47:17,381363;9,459449E-1;1,340630E-1;1,385831E-1;9,260382E-1;;
02/12/2021  12:47:17,381463;9,466959E-1;1,187712E-1;1,253139E-1;9,262655E-1;;
02/12/2021  12:47:17,381563;9,473575E-1;1,165411E-1;1,366875E-1;9,265186E-1;;
02/12/2021  12:47:17,381663;9,468896E-1;1,404346E-1;1,360556E-1;9,267973E-1;;
02/12/2021  12:47:17,381763;9,479149E-1;1,375674E-1;1,148882E-1;9,271013E-1;;
02/12/2021  12:47:17,381863;9,495302E-1;1,260985E-1;9,150920E-2;9,274302E-1;;
02/12/2021  12:47:17,381963;9,499444E-1;1,267357E-1;1,265777E-1;9,277835E-1;;
02/12/2021  12:47:17,382063;9,505405E-1;1,385232E-1;1,363715E-1;9,281610E-1;;
02/12/2021  12:47:17,382163;9,511246E-1;1,455319E-1;1,483770E-1;9,285621E-1;;
02/12/2021  12:47:17,382263;9,526178E-1;1,025236E-1;1,189953E-1;9,289864E-1;;
02/12/2021  12:47:17,382363;9,542033E-1;1,114439E-1;1,215227E-1;9,294334E-1;;
02/12/2021  12:47:17,382463;9,546116E-1;1,264171E-1;1,186794E-1;9,299026E-1;;
02/12/2021  12:47:17,382563;9,544775E-1;1,225942E-1;1,237343E-1;9,303938E-1;;
02/12/2021  12:47:17,382663;9,551212E-1;9,678918E-2;7,981972E-2;9,309063E-1;;
02/12/2021  12:47:17,382763;9,552494E-1;1,159040E-1;1,189953E-1;9,314395E-1;;
02/12/2021  12:47:17,382863;9,568915E-1;1,375674E-1;1,625939E-1;9,319927E-1;;
02/12/2021  12:47:17,382963;9,574250E-1;1,413904E-1;1,404787E-1;9,325649E-1;;
02/12/2021  12:47:17,383063;9,576515E-1;1,337445E-1;1,300529E-1;9,331556E-1;;
02/12/2021  12:47:17,383163;9,580687E-1;1,232313E-1;1,287892E-1;9,337638E-1;;
02/12/2021  12:47:17,383263;9,591864E-1;9,455912E-2;1,000394E-1;9,343888E-1;;
02/12/2021  12:47:17,383363;9,600655E-1;1,538150E-1;1,442698E-1;9,350296E-1;;
02/12/2021  12:47:17,383463;9,604321E-1;1,315144E-1;1,085695E-1;9,356854E-1;;
02/12/2021  12:47:17,383563;9,609567E-1;1,168597E-1;1,174156E-1;9,363554E-1;;
02/12/2021  12:47:17,383663;9,605901E-1;1,181340E-1;1,202590E-1;9,370386E-1;;
02/12/2021  12:47:17,383763;9,616004E-1;1,178155E-1;1,167838E-1;9,377341E-1;;
02/12/2021  12:47:17,383863;9,627568E-1;1,200455E-1;1,101492E-1;9,384408E-1;;
02/12/2021  12:47:17,383963;9,625750E-1;9,009900E-2;9,877564E-2;9,391577E-1;;
02/12/2021  12:47:17,384063;9,624915E-1;1,085766E-1;1,287892E-1;9,398839E-1;;
02/12/2021  12:47:17,384163;9,628402E-1;9,169190E-2;9,845971E-2;9,406181E-1;;
02/12/2021  12:47:17,384263;9,640979E-1;1,178155E-1;1,243661E-1;9,413594E-1;;
02/12/2021  12:47:17,384363;9,645956E-1;1,053908E-1;1,240502E-1;9,421065E-1;;
02/12/2021  12:47:17,384463;9,652692E-1;9,806350E-2;1,129926E-1;9,428586E-1;;
02/12/2021  12:47:17,384563;9,653019E-1;9,264764E-2;8,992954E-2;9,436147E-1;;
02/12/2021  12:47:17,384663;9,651350E-1;1,104881E-1;1,275255E-1;9,443738E-1;;
02/12/2021  12:47:17,384763;9,658354E-1;9,201048E-2;9,719598E-2;9,451349E-1;;
02/12/2021  12:47:17,384863;9,672034E-1;8,882468E-2;1,050943E-1;9,458970E-1;;
02/12/2021  12:47:17,384963;9,670067E-1;8,914326E-2;1,085695E-1;9,466591E-1;;
02/12/2021  12:47:17,385063;9,670275E-1;9,774492E-2;1,126766E-1;9,474206E-1;;
02/12/2021  12:47:17,385163;9,671318E-1;9,424054E-2;1,256299E-1;9,481803E-1;;
02/12/2021  12:47:17,385263;9,691257E-1;1,044351E-1;1,231024E-1;9,489376E-1;;
02/12/2021  12:47:17,385363;9,693551E-1;8,595746E-2;1,079377E-1;9,496915E-1;;
02/12/2021  12:47:17,385463;9,696472E-1;1,120810E-1;1,496407E-1;9,504416E-1;;
02/12/2021  12:47:17,385563;9,695071E-1;1,171783E-1;1,287892E-1;9,511871E-1;;
02/12/2021  12:47:17,385663;9,696860E-1;1,174969E-1;1,272095E-1;9,519276E-1;;
02/12/2021  12:47:17,385763;9,705264E-1;1,302401E-1;1,388990E-1;9,526623E-1;;
02/12/2021  12:47:17,385863;9,709019E-1;1,391603E-1;1,347919E-1;9,533906E-1;;
02/12/2021  12:47:17,385963;9,706009E-1;1,455319E-1;1,449017E-1;9,541119E-1;;
02/12/2021  12:47:17,386063;9,700764E-1;1,385232E-1;1,335282E-1;9,548258E-1;;
02/12/2021  12:47:17,386163;9,707738E-1;1,582751E-1;1,379512E-1;9,555314E-1;;
02/12/2021  12:47:17,386263;9,708453E-1;1,544522E-1;1,373193E-1;9,562281E-1;;
02/12/2021  12:47:17,386363;9,706963E-1;1,585937E-1;1,452176E-1;9,569152E-1;;
02/12/2021  12:47:17,386463;9,694326E-1;1,601866E-1;1,287892E-1;9,575921E-1;;
02/12/2021  12:47:17,386563;9,680796E-1;1,652839E-1;1,764949E-1;9,582579E-1;;
02/12/2021  12:47:17,386663;9,677428E-1;1,582751E-1;1,496407E-1;9,589115E-1;;
02/12/2021  12:47:17,386763;9,678769E-1;9,137332E-2;1,025668E-1;9,595517E-1;;
02/12/2021  12:47:17,386863;9,669590E-1;1,385232E-1;1,366875E-1;9,601773E-1;;
02/12/2021  12:47:17,386963;9,653437E-1;1,225942E-1;1,205749E-1;9,607871E-1;;
02/12/2021  12:47:17,387063;9,645867E-1;1,136739E-1;1,278414E-1;9,613798E-1;;
02/12/2021  12:47:17,387163;9,645509E-1;1,216384E-1;1,313166E-1;9,619540E-1;;
02/12/2021  12:47:17,387263;9,646284E-1;7,034704E-2;4,601499E-2;9,625083E-1;;
02/12/2021  12:47:17,387363;9,640890E-1;1,356559E-1;1,303688E-1;9,630414E-1;;
02/12/2021  12:47:17,387463;9,627031E-1;1,184526E-1;1,259458E-1;9,635523E-1;;
02/12/2021  12:47:17,387563;9,623008E-1;1,219570E-1;1,224705E-1;9,640397E-1;;
02/12/2021  12:47:17,387663;9,626852E-1;1,746276E-2;7,381701E-2;9,645027E-1;;
02/12/2021  12:47:17,387763;9,623663E-1;1,296029E-1;1,319485E-1;9,649402E-1;;
02/12/2021  12:47:17,387863;9,620057E-1;1,222756E-1;1,253139E-1;9,653514E-1;;
02/12/2021  12:47:17,387963;9,612100E-1;1,308772E-1;1,328963E-1;9,657358E-1;;
02/12/2021  12:47:17,388063;9,605841E-1;1,340630E-1;1,313166E-1;9,660927E-1;;
02/12/2021  12:47:17,388163;9,610639E-1;-3,191714E-2;4,285567E-2;9,664216E-1;;
02/12/2021  12:47:17,388263;9,613381E-1;1,216384E-1;1,215227E-1;9,667220E-1;;
02/12/2021  12:47:17,388363;9,599434E-1;1,216384E-1;1,199431E-1;9,669939E-1;;
02/12/2021  12:47:17,388463;9,589807E-1;1,401161E-1;1,960827E-1;9,672371E-1;;
02/12/2021  12:47:17,388563;9,580866E-1;1,190898E-1;1,294210E-1;9,674514E-1;;
02/12/2021  12:47:17,388663;9,580985E-1;1,327887E-1;1,262617E-1;9,676366E-1;;
02/12/2021  12:47:17,388763;9,574786E-1;1,391603E-1;1,461654E-1;9,677926E-1;;
02/12/2021  12:47:17,388863;9,568885E-1;1,082581E-1;1,167838E-1;9,679193E-1;;
02/12/2021  12:47:17,388963;9,557322E-1;1,245056E-1;1,398468E-1;9,680168E-1;;
02/12/2021  12:47:17,389063;9,543672E-1;1,299215E-1;1,385831E-1;9,680850E-1;;
02/12/2021  12:47:17,389163;9,552464E-1;9,328480E-2;9,593225E-2;9,681239E-1;;
02/12/2021  12:47:17,389263;9,547427E-1;1,066652E-1;1,167838E-1;9,681336E-1;;
02/12/2021  12:47:17,389363;9,531721E-1;1,267357E-1;1,272095E-1;9,681144E-1;;
02/12/2021  12:47:17,389463;9,516998E-1;1,509478E-1;1,366875E-1;9,680664E-1;;
02/12/2021  12:47:17,389563;9,512290E-1;1,366117E-1;1,619620E-1;9,679899E-1;;
02/12/2021  12:47:17,389663;9,510650E-1;1,353374E-1;1,569071E-1;9,678849E-1;;
02/12/2021  12:47:17,389763;9,499832E-1;1,283286E-1;1,303688E-1;9,677516E-1;;
02/12/2021  12:47:17,389863;9,493037E-1;1,283286E-1;1,335282E-1;9,675904E-1;;
02/12/2021  12:47:17,389963;9,484066E-1;1,356559E-1;1,376353E-1;9,674015E-1;;
02/12/2021  12:47:17,390063;9,478344E-1;1,206827E-1;1,148882E-1;9,671852E-1;;
02/12/2021  12:47:17,390163;9,475840E-1;1,123996E-1;1,126766E-1;9,669420E-1;;
02/12/2021  12:47:17,390263;9,470834E-1;1,165411E-1;1,224705E-1;9,666723E-1;;
02/12/2021  12:47:17,390363;9,454621E-1;1,267357E-1;1,313166E-1;9,663766E-1;;
02/12/2021  12:47:17,390463;9,442938E-1;1,222756E-1;1,265777E-1;9,660555E-1;;
02/12/2021  12:47:17,390563;9,439570E-1;1,114439E-1;1,003553E-1;9,657094E-1;;
02/12/2021  12:47:17,390663;9,440345E-1;1,178155E-1;1,806020E-1;9,653389E-1;;
02/12/2021  12:47:17,390763;9,425622E-1;1,225942E-1;1,338441E-1;9,649444E-1;;
02/12/2021  12:47:17,390863;9,418887E-1;1,407532E-1;1,347919E-1;9,645267E-1;;
02/12/2021  12:47:17,390963;9,405148E-1;8,850610E-2;1,284732E-1;9,640863E-1;;
02/12/2021  12:47:17,391063;9,405893E-1;1,187712E-1;1,161519E-1;9,636238E-1;;
02/12/2021  12:47:17,391163;9,410781E-1;1,366117E-1;1,411105E-1;9,631399E-1;;
02/12/2021  12:47:17,391263;9,406727E-1;1,372488E-1;1,335282E-1;9,626354E-1;;
02/12/2021  12:47:17,391363;9,391796E-1;1,340630E-1;1,347919E-1;9,621113E-1;;
02/12/2021  12:47:17,391463;9,383034E-1;8,404598E-2;7,508074E-2;9,615685E-1;;
02/12/2021  12:47:17,391563;9,377342E-1;1,257800E-1;1,249980E-1;9,610080E-1;;
02/12/2021  12:47:17,391663;9,385508E-1;1,369303E-1;1,445858E-1;9,604306E-1;;
02/12/2021  12:47:17,391763;9,380948E-1;1,347002E-1;1,278414E-1;9,598374E-1;;
02/12/2021  12:47:17,391863;9,373825E-1;1,286472E-1;1,287892E-1;9,592294E-1;;
02/12/2021  12:47:17,391963;9,363304E-1;1,213198E-1;1,215227E-1;9,586078E-1;;
02/12/2021  12:47:17,392063;9,363275E-1;1,391603E-1;1,401627E-1;9,579737E-1;;
02/12/2021  12:47:17,392163;9,361039E-1;1,461691E-1;1,287892E-1;9,573283E-1;;
02/12/2021  12:47:17,392263;9,357761E-1;1,012493E-1;9,751191E-2;9,566726E-1;;
02/12/2021  12:47:17,392363;9,346764E-1;1,120810E-1;1,161519E-1;9,560077E-1;;
02/12/2021  12:47:17,392463;9,333621E-1;1,264171E-1;1,186794E-1;9,553348E-1;;
02/12/2021  12:47:17,392563;9,334604E-1;1,305587E-1;1,101492E-1;9,546547E-1;;
02/12/2021  12:47:17,392663;9,334157E-1;1,002936E-1;7,602853E-2;9,539684E-1;;
02/12/2021  12:47:17,392763;9,323398E-1;1,229127E-1;1,177316E-1;9,532768E-1;;
02/12/2021  12:47:17,392863;9,312073E-1;1,385232E-1;1,518522E-1;9,525807E-1;;
02/12/2021  12:47:17,392963;9,293714E-1;1,337445E-1;1,237343E-1;9,518810E-1;;
02/12/2021  12:47:17,393063;9,301821E-1;1,149482E-1;1,218387E-1;9,511781E-1;;
02/12/2021  12:47:17,393163;9,297827E-1;1,203641E-1;1,430061E-1;9,504726E-1;;
02/12/2021  12:47:17,393263;9,280005E-1;1,225942E-1;1,268936E-1;9,497652E-1;;
02/12/2021  12:47:17,393363;9,272793E-1;1,445762E-1;1,404787E-1;9,490564E-1;;
02/12/2021  12:47:17,393463;9,257921E-1;1,468062E-1;1,667010E-1;9,483464E-1;;
02/12/2021  12:47:17,393563;9,260126E-1;1,410718E-1;1,398468E-1;9,476356E-1;;
02/12/2021  12:47:17,393663;9,255716E-1;1,375674E-1;1,319485E-1;9,469243E-1;;
02/12/2021  12:47:17,393763;9,246715E-1;1,203641E-1;1,249980E-1;9,462127E-1;;
02/12/2021  12:47:17,393863;9,237118E-1;1,299215E-1;1,291051E-1;9,455011E-1;;
02/12/2021  12:47:17,393963;9,230800E-1;1,251428E-1;1,234183E-1;9,447897E-1;;
02/12/2021  12:47:17,394063;9,233244E-1;1,280100E-1;1,430061E-1;9,440788E-1;;
02/12/2021  12:47:17,394163;9,231784E-1;1,257800E-1;1,303688E-1;9,433687E-1;;
02/12/2021  12:47:17,394263;9,226985E-1;1,499920E-1;1,619620E-1;9,426597E-1;;
02/12/2021  12:47:17,394363;9,218998E-1;1,378860E-1;1,246821E-1;9,419523E-1;;
02/12/2021  12:47:17,394463;9,215511E-1;8,786894E-2;7,381701E-2;9,412468E-1;;
02/12/2021  12:47:17,394563;9,223290E-1;9,933782E-2;9,340479E-2;9,405437E-1;;
02/12/2021  12:47:17,394663;9,223230E-1;1,372488E-1;1,392149E-1;9,398435E-1;;
02/12/2021  12:47:17,394763;9,220101E-1;1,394789E-1;1,455336E-1;9,391469E-1;;
02/12/2021  12:47:17,394863;9,213365E-1;1,222756E-1;1,170997E-1;9,384545E-1;;
02/12/2021  12:47:17,394963;9,208299E-1;1,260985E-1;1,208909E-1;9,377670E-1;;
02/12/2021  12:47:17,395063;9,215154E-1;2,041506E-1;1,938712E-1;9,370850E-1;;
02/12/2021  12:47:17,395163;9,214409E-1;1,251428E-1;1,322644E-1;9,364091E-1;;
02/12/2021  12:47:17,395263;9,205199E-1;1,254614E-1;1,101492E-1;9,357400E-1;;
02/12/2021  12:47:17,395363;9,198434E-1;1,273729E-1;1,600664E-1;9,350783E-1;;
02/12/2021  12:47:17,395463;9,201832E-1;1,076209E-1;1,174156E-1;9,344245E-1;;
02/12/2021  12:47:17,395563;9,206153E-1;1,238685E-1;1,186794E-1;9,337793E-1;;
02/12/2021  12:47:17,395663;9,210683E-1;1,350188E-1;1,363715E-1;9,331430E-1;;
02/12/2021  12:47:17,395763;9,200789E-1;1,356559E-1;1,262617E-1;9,325165E-1;;
02/12/2021  12:47:17,395863;9,204365E-1;8,277166E-2;1,196272E-1;9,319003E-1;;
02/12/2021  12:47:17,395963;9,211846E-1;1,308772E-1;1,319485E-1;9,312951E-1;;
02/12/2021  12:47:17,396063;9,224124E-1;5,983390E-2;8,076751E-2;9,307016E-1;;
02/12/2021  12:47:17,396163;9,221531E-1;1,321516E-1;1,316326E-1;9,301206E-1;;
02/12/2021  12:47:17,396263;9,218164E-1;1,324701E-1;1,193112E-1;9,295530E-1;;
02/12/2021  12:47:17,396363;9,218968E-1;1,464877E-1;1,259458E-1;9,289997E-1;;
02/12/2021  12:47:17,396463;9,232231E-1;1,493549E-1;1,436380E-1;9,284613E-1;;
02/12/2021  12:47:17,396563;9,232320E-1;1,219570E-1;1,322644E-1;9,279386E-1;;
02/12/2021  12:47:17,396663;9,239175E-1;1,216384E-1;1,278414E-1;9,274326E-1;;
02/12/2021  12:47:17,396763;9,236105E-1;1,190898E-1;1,253139E-1;9,269439E-1;;
02/12/2021  12:47:17,396863;9,234317E-1;1,213198E-1;1,246821E-1;9,264735E-1;;
02/12/2021  12:47:17,396963;9,243079E-1;9,774492E-2;1,000394E-1;9,260218E-1;;
02/12/2021  12:47:17,397063;9,249338E-1;1,101695E-1;1,196272E-1;9,255895E-1;;
02/12/2021  12:47:17,397163;9,251364E-1;1,232313E-1;1,237343E-1;9,251773E-1;;
02/12/2021  12:47:17,397263;9,242066E-1;-1,726246E-2;4,601499E-2;9,247856E-1;;
02/12/2021  12:47:17,397363;9,241470E-1;1,127182E-1;1,208909E-1;9,244149E-1;;
02/12/2021  12:47:17,397463;9,245851E-1;1,098510E-1;1,155200E-1;9,240655E-1;;
02/12/2021  12:47:17,397563;9,254374E-1;1,136739E-1;1,357397E-1;9,237373E-1;;
02/12/2021  12:47:17,397663;9,251096E-1;1,069837E-1;1,170997E-1;9,234307E-1;;
02/12/2021  12:47:17,397763;9,249695E-1;1,168597E-1;1,325804E-1;9,231456E-1;;
02/12/2021  12:47:17,397863;9,244420E-1;1,187712E-1;1,212068E-1;9,228821E-1;;
02/12/2021  12:47:17,397963;9,254911E-1;3,275460E-2;6,718244E-2;9,226400E-1;;
02/12/2021  12:47:17,398063;9,260484E-1;9,870066E-2;1,183634E-1;9,224191E-1;;
02/12/2021  12:47:17,398163;9,257295E-1;9,169190E-2;9,972343E-2;9,222193E-1;;
02/12/2021  12:47:17,398263;9,247639E-1;9,742634E-2;1,031987E-1;9,220403E-1;;
02/12/2021  12:47:17,398363;9,248652E-1;-1,312092E-2;4,443533E-2;9,218818E-1;;
02/12/2021  12:47:17,398463;9,261378E-1;1,149482E-1;1,629098E-1;9,217432E-1;;
02/12/2021  12:47:17,398563;9,261587E-1;1,095324E-1;1,170997E-1;9,216241E-1;;
02/12/2021  12:47:17,398663;9,267726E-1;9,901924E-2;1,161519E-1;9,215241E-1;;
02/12/2021  12:47:17,398763;9,263136E-1;1,085766E-1;1,164678E-1;9,214427E-1;;
02/12/2021  12:47:17,398863;9,267398E-1;1,063466E-1;1,221546E-1;9,213797E-1;;
02/12/2021  12:47:17,398963;9,280512E-1;1,181340E-1;1,420583E-1;9,213344E-1;;
02/12/2021  12:47:17,399063;9,286979E-1;1,299215E-1;1,467973E-1;9,213066E-1;;
02/12/2021  12:47:17,399163;9,284565E-1;1,305587E-1;1,370034E-1;9,212960E-1;;
02/12/2021  12:47:17,399263;9,278902E-1;1,350188E-1;1,281573E-1;9,213024E-1;;
02/12/2021  12:47:17,399363;9,283701E-1;1,181340E-1;9,940750E-2;9,213252E-1;;
02/12/2021  12:47:17,399463;9,293744E-1;1,181340E-1;9,845971E-2;9,213640E-1;;
02/12/2021  12:47:17,399563;9,294668E-1;1,783457E-1;1,556434E-1;9,214185E-1;;
02/12/2021  12:47:17,399663;9,294400E-1;1,716555E-1;1,537478E-1;9,214880E-1;;
02/12/2021  12:47:17,399763;9,294042E-1;-5,995218E-2;5,960007E-2;9,215724E-1;;
02/12/2021  12:47:17,399863;9,296933E-1;1,732484E-1;1,667010E-1;9,216709E-1;;
02/12/2021  12:47:17,399963;9,311805E-1;1,327887E-1;1,534319E-1;9,217831E-1;;
02/12/2021  12:47:17,400063;9,312252E-1;1,286472E-1;1,208909E-1;9,219086E-1;;
02/12/2021  12:47:17,400163;9,307841E-1;1,353374E-1;1,268936E-1;9,220470E-1;;
02/12/2021  12:47:17,400263;9,308407E-1;1,350188E-1;1,306848E-1;9,221979E-1;;
02/12/2021  12:47:17,400363;9,317229E-1;1,445762E-1;1,411105E-1;9,223606E-1;;
02/12/2021  12:47:17,400463;9,325037E-1;1,528593E-1;1,455336E-1;9,225348E-1;;
02/12/2021  12:47:17,400563;9,332488E-1;1,197269E-1;1,246821E-1;9,227201E-1;;
02/12/2021  12:47:17,400663;9,329716E-1;1,232313E-1;1,227865E-1;9,229160E-1;;
02/12/2021  12:47:17,400763;9,331117E-1;1,184526E-1;1,249980E-1;9,231224E-1;;
02/12/2021  12:47:17,400863;9,341876E-1;1,267357E-1;1,306848E-1;9,233387E-1;;
02/12/2021  12:47:17,400963;9,353529E-1;1,286472E-1;1,158360E-1;9,235647E-1;;
02/12/2021  12:47:17,401063;9,355377E-1;1,206827E-1;9,466852E-2;9,238002E-1;;
02/12/2021  12:47:17,401163;9,352784E-1;1,347002E-1;1,351078E-1;9,240450E-1;;
02/12/2021  12:47:17,401263;9,345810E-1;1,471248E-1;1,439539E-1;9,242988E-1;;
02/12/2021  12:47:17,401363;9,352545E-1;9,137332E-2;8,234717E-2;9,245613E-1;;
02/12/2021  12:47:17,401463;9,359966E-1;9,551486E-2;1,025668E-1;9,248319E-1;;
02/12/2021  12:47:17,401563;9,360503E-1;9,498258E-3;6,876210E-2;9,251102E-1;;
02/12/2021  12:47:17,401663;9,355526E-1;1,413904E-1;1,411105E-1;9,253957E-1;;
02/12/2021  12:47:17,401763;9,351145E-1;1,155854E-1;1,133085E-1;9,256880E-1;;
02/12/2021  12:47:17,401863;9,364258E-1;1,311958E-1;1,351078E-1;9,259865E-1;;
02/12/2021  12:47:17,401963;9,375583E-1;1,289658E-1;1,392149E-1;9,262904E-1;;
02/12/2021  12:47:17,402063;9,377759E-1;1,436204E-1;1,436380E-1;9,265995E-1;;
02/12/2021  12:47:17,402163;9,379517E-1;8,117876E-2;6,876210E-2;9,269134E-1;;
02/12/2021  12:47:17,402263;9,376209E-1;1,041165E-1;1,370034E-1;9,272318E-1;;
02/12/2021  12:47:17,402363;9,384792E-1;1,168597E-1;1,189953E-1;9,275543E-1;;
02/12/2021  12:47:17,402463;9,392273E-1;1,248242E-1;1,325804E-1;9,278806E-1;;
02/12/2021  12:47:17,402563;9,399485E-1;1,276914E-1;1,262617E-1;9,282104E-1;;
02/12/2021  12:47:17,402663;9,392839E-1;8,723178E-2;9,340479E-2;9,285434E-1;;
02/12/2021  12:47:17,402763;9,396237E-1;1,254614E-1;1,272095E-1;9,288795E-1;;
02/12/2021  12:47:17,402863;9,413612E-1;1,178155E-1;1,294210E-1;9,292183E-1;;
02/12/2021  12:47:17,402963;9,418678E-1;1,149482E-1;1,306848E-1;9,295597E-1;;
02/12/2021  12:47:17,403063;9,419155E-1;1,229127E-1;1,439539E-1;9,299036E-1;;
02/12/2021  12:47:17,403163;9,412301E-1;1,069837E-1;1,126766E-1;9,302500E-1;;
02/12/2021  12:47:17,403263;9,414268E-1;8,213450E-2;9,751191E-2;9,305988E-1;;
02/12/2021  12:47:17,403363;9,426040E-1;4,103768E-2;8,771802E-2;9,309496E-1;;
02/12/2021  12:47:17,403463;9,430957E-1;1,429833E-1;1,360556E-1;9,313022E-1;;
02/12/2021  12:47:17,403563;9,429497E-1;1,248242E-1;1,404787E-1;9,316566E-1;;
02/12/2021  12:47:17,403663;9,430659E-1;1,133553E-1;1,215227E-1;9,320124E-1;;
02/12/2021  12:47:17,403763;9,431285E-1;1,152668E-1;1,259458E-1;9,323697E-1;;
02/12/2021  12:47:17,403863;9,449197E-1;1,324701E-1;1,297370E-1;9,327280E-1;;
02/12/2021  12:47:17,403963;9,456647E-1;1,159040E-1;1,174156E-1;9,330874E-1;;
02/12/2021  12:47:17,404063;9,457035E-1;1,181340E-1;1,041465E-1;9,334478E-1;;
02/12/2021  12:47:17,404163;9,451819E-1;1,264171E-1;1,240502E-1;9,338094E-1;;
02/12/2021  12:47:17,404263;9,455634E-1;1,187712E-1;1,281573E-1;9,341721E-1;;
02/12/2021  12:47:17,404363;9,468807E-1;1,311958E-1;1,442698E-1;9,345357E-1;;
02/12/2021  12:47:17,404463;9,468420E-1;1,203641E-1;1,278414E-1;9,349002E-1;;
02/12/2021  12:47:17,404563;9,476615E-1;8,022302E-2;9,087734E-2;9,352657E-1;;
02/12/2021  12:47:17,404663;9,469284E-1;9,169190E-2;1,385831E-1;9,356320E-1;;
02/12/2021  12:47:17,404763;9,480371E-1;1,442576E-1;1,445858E-1;9,359992E-1;;
02/12/2021  12:47:17,404863;9,491189E-1;1,082581E-1;1,224705E-1;9,363673E-1;;
02/12/2021  12:47:17,404963;9,498580E-1;1,073023E-1;1,142563E-1;9,367361E-1;;
02/12/2021  12:47:17,405063;9,499564E-1;1,213198E-1;1,249980E-1;9,371060E-1;;
02/12/2021  12:47:17,405163;9,492798E-1;1,302401E-1;1,278414E-1;9,374771E-1;;
02/12/2021  12:47:17,405263;9,498968E-1;1,181340E-1;1,338441E-1;9,378492E-1;;
02/12/2021  12:47:17,405363;9,510412E-1;7,321426E-2;1,126766E-1;9,382225E-1;;
02/12/2021  12:47:17,405463;9,516641E-1;1,232313E-1;1,281573E-1;9,385968E-1;;
02/12/2021  12:47:17,405563;9,516015E-1;1,464877E-1;1,395309E-1;9,389722E-1;;
02/12/2021  12:47:17,405663;9,514525E-1;1,197269E-1;1,240502E-1;9,393489E-1;;
02/12/2021  12:47:17,405763;9,528979E-1;1,162226E-1;1,426902E-1;9,397268E-1;;
02/12/2021  12:47:17,405863;9,541020E-1;1,238685E-1;1,237343E-1;9,401059E-1;;
02/12/2021  12:47:17,405963;9,542540E-1;1,302401E-1;1,278414E-1;9,404864E-1;;
02/12/2021  12:47:17,406063;9,543136E-1;1,308772E-1;1,455336E-1;9,408685E-1;;
02/12/2021  12:47:17,406163;9,542212E-1;1,206827E-1;1,297370E-1;9,412524E-1;;
02/12/2021  12:47:17,406263;9,555534E-1;1,296029E-1;1,193112E-1;9,416381E-1;;
02/12/2021  12:47:17,406363;9,564951E-1;1,229127E-1;1,458495E-1;9,420257E-1;;
02/12/2021  12:47:17,406463;9,566591E-1;1,289658E-1;1,275255E-1;9,424154E-1;;
02/12/2021  12:47:17,406563;9,564147E-1;1,292843E-1;1,411105E-1;9,428074E-1;;
02/12/2021  12:47:17,406663;9,564981E-1;1,194084E-1;1,234183E-1;9,432017E-1;;
02/12/2021  12:47:17,406763;9,581462E-1;1,190898E-1;1,265777E-1;9,435983E-1;;
02/12/2021  12:47:17,406863;9,581999E-1;1,327887E-1;1,332122E-1;9,439972E-1;;
02/12/2021  12:47:17,406963;9,590701E-1;1,423461E-1;1,325804E-1;9,443986E-1;;
02/12/2021  12:47:17,407063;9,581403E-1;1,197269E-1;1,174156E-1;9,448025E-1;;
02/12/2021  12:47:17,407163;9,576753E-1;1,407532E-1;1,474292E-1;9,452089E-1;;
02/12/2021  12:47:17,407263;9,581820E-1;1,605052E-1;1,771268E-1;9,456174E-1;;
02/12/2021  12:47:17,407363;9,585724E-1;1,302401E-1;1,291051E-1;9,460278E-1;;
02/12/2021  12:47:17,407463;9,583459E-1;1,235499E-1;1,291051E-1;9,464397E-1;;
02/12/2021  12:47:17,407563;9,581641E-1;1,197269E-1;1,284732E-1;9,468526E-1;;
02/12/2021  12:47:17,407663;9,584830E-1;1,331073E-1;1,234183E-1;9,472662E-1;;
02/12/2021  12:47:17,407763;9,596543E-1;1,165411E-1;1,272095E-1;9,476799E-1;;
02/12/2021  12:47:17,407863;9,596662E-1;1,245056E-1;1,256299E-1;9,480934E-1;;
02/12/2021  12:47:17,407963;9,595827E-1;1,210013E-1;1,328963E-1;9,485063E-1;;
02/12/2021  12:47:17,408063;9,596721E-1;1,241871E-1;1,300529E-1;9,489183E-1;;
02/12/2021  12:47:17,408163;9,591148E-1;1,174969E-1;1,050943E-1;9,493289E-1;;
02/12/2021  12:47:17,408263;9,601699E-1;1,302401E-1;1,227865E-1;9,497377E-1;;
02/12/2021  12:47:17,408363;9,600268E-1;1,286472E-1;1,249980E-1;9,501443E-1;;
02/12/2021  12:47:17,408463;9,597645E-1;1,181340E-1;1,259458E-1;9,505481E-1;;
02/12/2021  12:47:17,408563;9,590642E-1;1,640096E-1;1,736515E-1;9,509489E-1;;
02/12/2021  12:47:17,408663;9,592996E-1;1,385232E-1;1,310007E-1;9,513459E-1;;
02/12/2021  12:47:17,408763;9,598629E-1;1,531778E-1;1,679647E-1;9,517386E-1;;
02/12/2021  12:47:17,408863;9,599851E-1;1,178155E-1;1,253139E-1;9,521264E-1;;
02/12/2021  12:47:17,408963;9,590582E-1;1,229127E-1;1,253139E-1;9,525089E-1;;
02/12/2021  12:47:17,409063;9,580360E-1;1,350188E-1;1,648054E-1;9,528855E-1;;
02/12/2021  12:47:17,409163;9,579972E-1;1,120810E-1;1,180475E-1;9,532556E-1;;
02/12/2021  12:47:17,409263;9,581224E-1;1,168597E-1;1,047783E-1;9,536182E-1;;
02/12/2021  12:47:17,409363;9,575323E-1;1,159040E-1;1,205749E-1;9,539727E-1;;
02/12/2021  12:47:17,409463;9,568409E-1;1,350188E-1;1,303688E-1;9,543183E-1;;
02/12/2021  12:47:17,409563;9,567306E-1;1,378860E-1;1,294210E-1;9,546543E-1;;
02/12/2021  12:47:17,409663;9,567544E-1;1,388417E-1;1,354238E-1;9,549797E-1;;
02/12/2021  12:47:17,409763;9,569869E-1;1,292843E-1;1,079377E-1;9,552940E-1;;
02/12/2021  12:47:17,409863;9,572402E-1;1,123996E-1;1,164678E-1;9,555964E-1;;
02/12/2021  12:47:17,409963;9,562448E-1;1,397975E-1;1,363715E-1;9,558866E-1;;
02/12/2021  12:47:17,410063;9,560749E-1;1,213198E-1;1,186794E-1;9,561640E-1;;
02/12/2021  12:47:17,410163;9,561971E-1;1,152668E-1;1,123607E-1;9,564282E-1;;
02/12/2021  12:47:17,410263;9,570376E-1;4,454206E-2;5,896821E-2;9,566787E-1;;
02/12/2021  12:47:17,410363;9,567634E-1;5,186940E-2;8,361090E-2;9,569153E-1;;
02/12/2021  12:47:17,410463;9,566173E-1;1,232313E-1;1,275255E-1;9,571379E-1;;
02/12/2021  12:47:17,410563;9,556577E-1;8,946184E-2;1,006712E-1;9,573463E-1;;
02/12/2021  12:47:17,410663;9,559647E-1;9,296622E-2;1,003553E-1;9,575406E-1;;
02/12/2021  12:47:17,410763;9,562001E-1;1,187712E-1;1,546956E-1;9,577204E-1;;
02/12/2021  12:47:17,410863;9,561256E-1;1,095324E-1;1,136244E-1;9,578860E-1;;
02/12/2021  12:47:17,410963;9,553030E-1;1,088952E-1;1,458495E-1;9,580372E-1;;
02/12/2021  12:47:17,411063;9,533927E-1;9,965640E-2;1,493248E-1;9,581741E-1;;
02/12/2021  12:47:17,411163;9,535953E-1;1,235499E-1;1,297370E-1;9,582965E-1;;
02/12/2021  12:47:17,411263;9,529128E-1;1,018865E-1;1,170997E-1;9,584042E-1;;
02/12/2021  12:47:17,411363;9,527787E-1;9,678918E-2;1,126766E-1;9,584969E-1;;
02/12/2021  12:47:17,411463;9,512141E-1;9,615202E-2;1,069899E-1;9,585743E-1;;
02/12/2021  12:47:17,411563;9,500130E-1;8,723178E-2;1,022509E-1;9,586362E-1;;
02/12/2021  12:47:17,411663;9,505673E-1;9,997498E-2;1,047783E-1;9,586820E-1;;
02/12/2021  12:47:17,411763;9,502395E-1;1,009307E-1;1,095173E-1;9,587115E-1;;
02/12/2021  12:47:17,411863;9,490742E-1;1,060280E-1;1,148882E-1;9,587243E-1;;
02/12/2021  12:47:17,411963;9,474112E-1;8,978042E-2;9,561632E-2;9,587201E-1;;
02/12/2021  12:47:17,412063;9,470744E-1;8,755036E-2;9,782784E-2;9,586987E-1;;
02/12/2021  12:47:17,412163;9,475125E-1;1,136739E-1;1,287892E-1;9,586595E-1;;
02/12/2021  12:47:17,412263;9,469850E-1;1,050723E-1;1,212068E-1;9,586024E-1;;
02/12/2021  12:47:17,412363;9,455545E-1;1,378860E-1;1,461654E-1;9,585271E-1;;
02/12/2021  12:47:17,412463;9,441418E-1;1,359745E-1;1,401627E-1;9,584334E-1;;
02/12/2021  12:47:17,412563;9,439242E-1;1,350188E-1;1,303688E-1;9,583211E-1;;
02/12/2021  12:47:17,412663;9,435398E-1;1,483991E-1;1,306848E-1;9,581899E-1;;
02/12/2021  12:47:17,412763;9,431881E-1;1,560451E-1;1,442698E-1;9,580396E-1;;
02/12/2021  12:47:17,412863;9,420437E-1;1,544522E-1;1,442698E-1;9,578701E-1;;
02/12/2021  12:47:17,412963;9,400320E-1;1,668768E-1;1,347919E-1;9,576813E-1;;
02/12/2021  12:47:17,413063;9,395790E-1;1,706997E-1;1,430061E-1;9,574730E-1;;
02/12/2021  12:47:17,413163;9,387296E-1;1,659210E-1;1,357397E-1;9,572450E-1;;
02/12/2021  12:47:17,413263;9,385150E-1;1,560451E-1;1,493248E-1;9,569970E-1;;
02/12/2021  12:47:17,413363;9,371023E-1;7,671864E-2;9,087734E-2;9,567289E-1;;
02/12/2021  12:47:17,413463;9,359519E-1;1,232313E-1;1,009872E-1;9,564406E-1;;
02/12/2021  12:47:17,413563;9,357403E-1;1,184526E-1;1,224705E-1;9,561320E-1;;
02/12/2021  12:47:17,413663;9,352993E-1;1,012493E-1;1,193112E-1;9,558030E-1;;
02/12/2021  12:47:17,413763;9,350102E-1;1,187712E-1;1,291051E-1;9,554537E-1;;
02/12/2021  12:47:17,413863;9,342144E-1;1,343816E-1;1,316326E-1;9,550844E-1;;
02/12/2021  12:47:17,413963;9,333919E-1;1,359745E-1;1,183634E-1;9,546952E-1;;
02/12/2021  12:47:17,414063;9,336571E-1;1,841850E-2;4,001229E-2;9,542865E-1;;
02/12/2021  12:47:17,414163;9,335707E-1;1,174969E-1;9,656411E-2;9,538588E-1;;
02/12/2021  12:47:17,414263;9,330402E-1;1,305587E-1;1,373193E-1;9,534127E-1;;
02/12/2021  12:47:17,414363;9,326229E-1;1,299215E-1;1,303688E-1;9,529490E-1;;
02/12/2021  12:47:17,414463;9,318391E-1;1,200455E-1;1,246821E-1;9,524684E-1;;
02/12/2021  12:47:17,414563;9,318570E-1;9,519628E-2;1,133085E-1;9,519718E-1;;
02/12/2021  12:47:17,414663;9,322474E-1;1,407532E-1;1,319485E-1;9,514599E-1;;
02/12/2021  12:47:17,414763;9,315858E-1;1,375674E-1;1,291051E-1;9,509338E-1;;
02/12/2021  12:47:17,414863;9,302059E-1;1,254614E-1;1,480610E-1;9,503945E-1;;
02/12/2021  12:47:17,414963;9,284922E-1;1,241871E-1;1,243661E-1;9,498429E-1;;
02/12/2021  12:47:17,415063;9,288231E-1;1,283286E-1;1,202590E-1;9,492798E-1;;
02/12/2021  12:47:17,415163;9,283969E-1;1,512664E-1;1,742834E-1;9,487059E-1;;
02/12/2021  12:47:17,415263;9,277054E-1;1,181340E-1;1,215227E-1;9,481220E-1;;
02/12/2021  12:47:17,415363;9,269693E-1;1,640096E-1;1,648054E-1;9,475287E-1;;
02/12/2021  12:47:17,415463;9,261706E-1;1,165411E-1;1,158360E-1;9,469269E-1;;
02/12/2021  12:47:17,415563;9,263584E-1;1,257800E-1;1,221546E-1;9,463171E-1;;
02/12/2021  12:47:17,415663;9,260156E-1;1,340630E-1;1,401627E-1;9,457002E-1;;
02/12/2021  12:47:17,415763;9,259411E-1;1,229127E-1;1,243661E-1;9,450769E-1;;
02/12/2021  12:47:17,415863;9,241678E-1;1,174969E-1;1,129926E-1;9,444481E-1;;
02/12/2021  12:47:17,415963;9,238787E-1;1,417090E-1;1,840773E-1;9,438144E-1;;
02/12/2021  12:47:17,416063;9,240039E-1;1,461691E-1;1,543797E-1;9,431765E-1;;
02/12/2021  12:47:17,416163;9,237774E-1;1,095324E-1;1,161519E-1;9,425351E-1;;
02/12/2021  12:47:17,416263;9,231873E-1;1,327887E-1;1,294210E-1;9,418909E-1;;
02/12/2021  12:47:17,416363;9,222783E-1;1,174969E-1;1,170997E-1;9,412446E-1;;
02/12/2021  12:47:17,416463;9,216137E-1;1,302401E-1;1,366875E-1;9,405969E-1;;
02/12/2021  12:47:17,416563;9,216733E-1;1,280100E-1;1,423743E-1;9,399483E-1;;
02/12/2021  12:47:17,416663;9,212561E-1;1,324701E-1;1,373193E-1;9,392994E-1;;
02/12/2021  12:47:17,416763;9,200967E-1;1,270543E-1;1,335282E-1;9,386509E-1;;
02/12/2021  12:47:17,416863;9,190030E-1;1,044351E-1;1,186794E-1;9,380031E-1;;
02/12/2021  12:47:17,416963;9,178168E-1;1,006121E-1;8,740209E-2;9,373565E-1;;
02/12/2021  12:47:17,417063;9,181566E-1;1,245056E-1;1,208909E-1;9,367112E-1;;
02/12/2021  12:47:17,417163;9,178943E-1;1,241871E-1;1,265777E-1;9,360675E-1;;
02/12/2021  12:47:17,417263;9,162939E-1;1,232313E-1;1,322644E-1;9,354256E-1;;
02/12/2021  12:47:17,417363;9,156501E-1;3,211744E-2;9,751191E-2;9,347857E-1;;
02/12/2021  12:47:17,417463;9,160227E-1;1,340630E-1;1,325804E-1;9,341478E-1;;
02/12/2021  12:47:17,417563;9,166783E-1;-1,853678E-2;6,307532E-2;9,335123E-1;;
02/12/2021  12:47:17,417663;9,160435E-1;1,302401E-1;1,237343E-1;9,328794E-1;;
02/12/2021  12:47:17,417763;9,158111E-1;1,343816E-1;1,218387E-1;9,322495E-1;;
02/12/2021  12:47:17,417863;9,151822E-1;2,001140E-2;6,339125E-2;9,316232E-1;;
02/12/2021  12:47:17,417963;9,159452E-1;1,248242E-1;1,287892E-1;9,310007E-1;;
02/12/2021  12:47:17,418063;9,163177E-1;1,292843E-1;1,262617E-1;9,303827E-1;;
02/12/2021  12:47:17,418163;9,171313E-1;1,366117E-1;1,351078E-1;9,297698E-1;;
02/12/2021  12:47:17,418263;9,169674E-1;1,139925E-1;1,164678E-1;9,291628E-1;;
02/12/2021  12:47:17,418363;9,169197E-1;1,238685E-1;1,253139E-1;9,285627E-1;;
02/12/2021  12:47:17,418463;9,176440E-1;1,159040E-1;1,281573E-1;9,279702E-1;;
02/12/2021  12:47:17,418563;9,187049E-1;1,210013E-1;1,038306E-1;9,273864E-1;;
02/12/2021  12:47:17,418663;9,187437E-1;2,319720E-2;5,644075E-2;9,268123E-1;;
02/12/2021  12:47:17,418763;9,184695E-1;1,385232E-1;1,370034E-1;9,262490E-1;;
02/12/2021  12:47:17,418863;9,179658E-1;1,343816E-1;1,284732E-1;9,256976E-1;;
02/12/2021  12:47:17,418963;9,184516E-1;1,190898E-1;1,344760E-1;9,251591E-1;;
02/12/2021  12:47:17,419063;9,191669E-1;1,308772E-1;1,035146E-1;9,246341E-1;;
02/12/2021  12:47:17,419163;9,196795E-1;1,299215E-1;1,294210E-1;9,241236E-1;;
02/12/2021  12:47:17,419263;9,196974E-1;1,257800E-1;1,253139E-1;9,236286E-1;;
02/12/2021  12:47:17,419363;9,197838E-1;8,372740E-2;8,803395E-2;9,231498E-1;;
02/12/2021  12:47:17,419463;9,205945E-1;1,777085E-1;1,774427E-1;9,226880E-1;;
02/12/2021  12:47:17,419563;9,216227E-1;1,716555E-1;1,847091E-1;9,222441E-1;;
02/12/2021  12:47:17,419663;9,217538E-1;1,194084E-1;1,240502E-1;9,218189E-1;;
02/12/2021  12:47:17,419763;9,221561E-1;1,136739E-1;1,044624E-1;9,214133E-1;;
02/12/2021  12:47:17,419863;9,222724E-1;1,181340E-1;1,249980E-1;9,210280E-1;;
02/12/2021  12:47:17,419963;9,235062E-1;1,340630E-1;1,328963E-1;9,206638E-1;;
02/12/2021  12:47:17,420063;9,248473E-1;1,088952E-1;1,221546E-1;9,203213E-1;;
02/12/2021  12:47:17,420163;9,245940E-1;1,216384E-1;1,202590E-1;9,200014E-1;;
02/12/2021  12:47:17,420263;9,252676E-1;1,283286E-1;1,325804E-1;9,197048E-1;;
02/12/2021  12:47:17,420363;9,263405E-1;1,280100E-1;1,335282E-1;9,194322E-1;;
02/12/2021  12:47:17,420463;9,273091E-1;1,404346E-1;1,310007E-1;9,191843E-1;;
02/12/2021  12:47:17,420563;9,284565E-1;1,235499E-1;1,240502E-1;9,189616E-1;;
02/12/2021  12:47:17,420663;9,287396E-1;1,327887E-1;1,660692E-1;9,187650E-1;;
02/12/2021  12:47:17,420763;9,282985E-1;1,276914E-1;1,316326E-1;9,185950E-1;;
02/12/2021  12:47:17,420863;9,287813E-1;1,331073E-1;1,360556E-1;9,184520E-1;;
02/12/2021  12:47:17,420963;9,299764E-1;1,487177E-1;1,698603E-1;9,183364E-1;;
02/12/2021  12:47:17,421063;9,312133E-1;1,174969E-1;1,202590E-1;9,182482E-1;;
02/12/2021  12:47:17,421163;9,310404E-1;1,337445E-1;1,417424E-1;9,181878E-1;;
02/12/2021  12:47:17,421263;9,314696E-1;1,458505E-1;1,480610E-1;9,181553E-1;;
02/12/2021  12:47:17,421363;9,320477E-1;4,135626E-2;1,013031E-1;9,181507E-1;;
02/12/2021  12:47:17,421463;9,334574E-1;1,171783E-1;1,110970E-1;9,181740E-1;;
02/12/2021  12:47:17,421563;9,342770E-1;1,213198E-1;1,205749E-1;9,182251E-1;;
02/12/2021  12:47:17,421663;9,351532E-1;1,509478E-1;1,430061E-1;9,183039E-1;;
02/12/2021  12:47:17,421763;9,352367E-1;1,350188E-1;1,553275E-1;9,184105E-1;;
02/12/2021  12:47:17,421863;9,359728E-1;1,366117E-1;1,379512E-1;9,185447E-1;;
02/12/2021  12:47:17,421963;9,372364E-1;1,410718E-1;1,616461E-1;9,187062E-1;;
02/12/2021  12:47:17,422063;9,380829E-1;1,382046E-1;1,420583E-1;9,188949E-1;;
02/12/2021  12:47:17,422163;9,383302E-1;7,640006E-2;8,866581E-2;9,191104E-1;;
02/12/2021  12:47:17,422263;9,388398E-1;1,165411E-1;1,234183E-1;9,193525E-1;;
02/12/2021  12:47:17,422363;9,397339E-1;1,174969E-1;1,212068E-1;9,196208E-1;;
02/12/2021  12:47:17,422463;9,419572E-1;6,811698E-2;8,013565E-2;9,199149E-1;;
02/12/2021  12:47:17,422563;9,425503E-1;1,292843E-1;1,287892E-1;9,202344E-1;;
02/12/2021  12:47:17,422663;9,426129E-1;1,315144E-1;1,256299E-1;9,205791E-1;;
02/12/2021  12:47:17,422763;9,419483E-1;1,063466E-1;1,107811E-1;9,209485E-1;;
02/12/2021  12:47:17,422863;9,425593E-1;1,139925E-1;1,515363E-1;9,213421E-1;;
02/12/2021  12:47:17,422963;9,437544E-1;9,551486E-2;1,167838E-1;9,217591E-1;;
02/12/2021  12:47:17,423063;9,436501E-1;1,483991E-1;1,388990E-1;9,221986E-1;;
02/12/2021  12:47:17,423163;9,445769E-1;1,187712E-1;1,180475E-1;9,226597E-1;;
02/12/2021  12:47:17,423263;9,442968E-1;1,264171E-1;1,234183E-1;9,231415E-1;;
02/12/2021  12:47:17,423363;9,457571E-1;3,562182E-2;8,613836E-2;9,236431E-1;;
02/12/2021  12:47:17,423463;9,470446E-1;1,401161E-1;1,347919E-1;9,241635E-1;;
02/12/2021  12:47:17,423563;9,481712E-1;1,149482E-1;1,082536E-1;9,247018E-1;;
02/12/2021  12:47:17,423663;9,479596E-1;9,073616E-2;1,515363E-1;9,252572E-1;;
02/12/2021  12:47:17,423763;9,478702E-1;1,171783E-1;1,243661E-1;9,258291E-1;;
02/12/2021  12:47:17,423863;9,486987E-1;1,085766E-1;1,174156E-1;9,264164E-1;;
02/12/2021  12:47:17,423963;9,499534E-1;1,404346E-1;1,682807E-1;9,270182E-1;;
02/12/2021  12:47:17,424063;9,508892E-1;9,870066E-2;1,038306E-1;9,276335E-1;;
02/12/2021  12:47:17,424163;9,514495E-1;9,678918E-2;1,354238E-1;9,282616E-1;;
02/12/2021  12:47:17,424263;9,513661E-1;1,111253E-1;1,215227E-1;9,289017E-1;;
02/12/2021  12:47:17,424363;9,530589E-1;2,383436E-2;6,939396E-2;9,295530E-1;;
02/12/2021  12:47:17,424463;9,540334E-1;1,002936E-1;1,167838E-1;9,302147E-1;;
02/12/2021  12:47:17,424563;9,544834E-1;6,875414E-2;9,150920E-2;9,308862E-1;;
02/12/2021  12:47:17,424663;9,537503E-1;1,009307E-1;1,104651E-1;9,315667E-1;;
02/12/2021  12:47:17,424763;9,542450E-1;8,117876E-2;1,114129E-1;9,322556E-1;;
02/12/2021  12:47:17,424863;9,552404E-1;1,041165E-1;1,202590E-1;9,329519E-1;;
02/12/2021  12:47:17,424963;9,554491E-1;8,213450E-2;1,028828E-1;9,336547E-1;;
02/12/2021  12:47:17,425063;9,568170E-1;9,647060E-2;1,145722E-1;9,343632E-1;;
02/12/2021  12:47:17,425163;9,560481E-1;1,139925E-1;1,199431E-1;9,350766E-1;;
02/12/2021  12:47:17,425263;9,555653E-1;8,786894E-2;9,530039E-2;9,357940E-1;;
02/12/2021  12:47:17,425363;9,574548E-1;1,101695E-1;1,272095E-1;9,365146E-1;;
02/12/2021  12:47:17,425463;9,576187E-1;1,073023E-1;1,180475E-1;9,372372E-1;;
02/12/2021  12:47:17,425563;9,579257E-1;1,197269E-1;1,430061E-1;9,379611E-1;;
02/12/2021  12:47:17,425663;9,574548E-1;1,251428E-1;1,360556E-1;9,386854E-1;;
02/12/2021  12:47:17,425763;9,576098E-1;5,855958E-2;8,708615E-2;9,394093E-1;;
02/12/2021  12:47:17,425863;9,580002E-1;1,401161E-1;1,240502E-1;9,401318E-1;;
02/12/2021  12:47:17,425963;9,584025E-1;1,127182E-1;1,205749E-1;9,408518E-1;;
02/12/2021  12:47:17,426063;9,587125E-1;1,617795E-1;1,534319E-1;9,415684E-1;;
02/12/2021  12:47:17,426163;9,573386E-1;1,834429E-1;1,638576E-1;9,422807E-1;;
02/12/2021  12:47:17,426263;9,580866E-1;1,646467E-1;1,420583E-1;9,429878E-1;;
02/12/2021  12:47:17,426363;9,591029E-1;1,694254E-1;1,635417E-1;9,436885E-1;;
02/12/2021  12:47:17,426463;9,589002E-1;1,684697E-1;1,578549E-1;9,443820E-1;;
02/12/2021  12:47:17,426563;9,581939E-1;1,554079E-1;1,442698E-1;9,450674E-1;;
02/12/2021  12:47:17,426663;9,577886E-1;1,232313E-1;1,341600E-1;9,457437E-1;;
02/12/2021  12:47:17,426763;9,575830E-1;1,260985E-1;1,287892E-1;9,464101E-1;;
02/12/2021  12:47:17,426863;9,581462E-1;1,251428E-1;1,129926E-1;9,470654E-1;;
02/12/2021  12:47:17,426963;9,578601E-1;1,385232E-1;1,357397E-1;9,477086E-1;;
02/12/2021  12:47:17,427063;9,580479E-1;1,245056E-1;1,265777E-1;9,483390E-1;;
02/12/2021  12:47:17,427163;9,572015E-1;1,241871E-1;1,205749E-1;9,489557E-1;;
02/12/2021  12:47:17,427263;9,568051E-1;1,372488E-1;1,360556E-1;9,495577E-1;;
02/12/2021  12:47:17,427363;9,578095E-1;1,120810E-1;8,834988E-2;9,501442E-1;;
02/12/2021  12:47:17,427463;9,573773E-1;1,219570E-1;1,246821E-1;9,507144E-1;;
02/12/2021  12:47:17,427563;9,570316E-1;1,063466E-1;1,253139E-1;9,512676E-1;;
02/12/2021  12:47:17,427663;9,558842E-1;1,296029E-1;1,268936E-1;9,518032E-1;;
02/12/2021  12:47:17,427763;9,556547E-1;1,375674E-1;1,351078E-1;9,523204E-1;;
02/12/2021  12:47:17,427863;9,556696E-1;1,111253E-1;1,186794E-1;9,528185E-1;;
02/12/2021  12:47:17,427963;9,555176E-1;1,350188E-1;1,338441E-1;9,532967E-1;;
02/12/2021  12:47:17,428063;9,552851E-1;1,127182E-1;1,215227E-1;9,537545E-1;;
02/12/2021  12:47:17,428163;9,545043E-1;6,365686E-2;8,329497E-2;9,541912E-1;;
02/12/2021  12:47:17,428263;9,542718E-1;1,149482E-1;1,041465E-1;9,546063E-1;;
02/12/2021  12:47:17,428363;9,551063E-1;1,378860E-1;1,989261E-1;9,549994E-1;;
02/12/2021  12:47:17,428463;9,540483E-1;1,229127E-1;1,249980E-1;9,553700E-1;;
02/12/2021  12:47:17,428563;9,529784E-1;1,534964E-1;1,872366E-1;9,557179E-1;;
02/12/2021  12:47:17,428663;9,516879E-1;1,382046E-1;1,347919E-1;9,560427E-1;;
02/12/2021  12:47:17,428763;9,513094E-1;1,197269E-1;1,224705E-1;9,563440E-1;;
02/12/2021  12:47:17,428863;9,514912E-1;1,174969E-1;1,300529E-1;9,566211E-1;;
02/12/2021  12:47:17,428963;9,505256E-1;1,127182E-1;1,218387E-1;9,568737E-1;;
02/12/2021  12:47:17,429063;9,497150E-1;1,251428E-1;1,259458E-1;9,571015E-1;;
02/12/2021  12:47:17,429163;9,487344E-1;1,206827E-1;1,265777E-1;9,573041E-1;;
02/12/2021  12:47:17,429263;9,479625E-1;1,216384E-1;1,148882E-1;9,574811E-1;;
02/12/2021  12:47:17,429363;9,479834E-1;1,391603E-1;1,332122E-1;9,576321E-1;;
02/12/2021  12:47:17,429463;9,469165E-1;1,633724E-1;1,689125E-1;9,577569E-1;;
02/12/2021  12:47:17,429563;9,453220E-1;1,426647E-1;1,382671E-1;9,578551E-1;;
02/12/2021  12:47:17,429663;9,437722E-1;9,965640E-2;1,370034E-1;9,579265E-1;;
02/12/2021  12:47:17,429763;9,438110E-1;1,140974E-2;7,824006E-2;9,579706E-1;;
02/12/2021  12:47:17,429863;9,430570E-1;1,219570E-1;1,259458E-1;9,579870E-1;;
02/12/2021  12:47:17,429963;9,426040E-1;1,321516E-1;1,351078E-1;9,579756E-1;;
02/12/2021  12:47:17,430063;9,411824E-1;1,299215E-1;1,202590E-1;9,579360E-1;;
02/12/2021  12:47:17,430163;9,398114E-1;9,901924E-2;1,101492E-1;9,578682E-1;;
02/12/2021  12:47:17,430263;9,408128E-1;1,219570E-1;1,249980E-1;9,577720E-1;;
02/12/2021  12:47:17,430363;9,402197E-1;1,194084E-1;1,262617E-1;9,576473E-1;;
02/12/2021  12:47:17,430463;9,395819E-1;1,264171E-1;1,360556E-1;9,574946E-1;;
02/12/2021  12:47:17,430563;9,383749E-1;1,369303E-1;1,635417E-1;9,573139E-1;;
02/12/2021  12:47:17,430663;9,369235E-1;1,108067E-1;1,079377E-1;9,571058E-1;;
02/12/2021  12:47:17,430763;9,377252E-1;1,232313E-1;1,019350E-1;9,568704E-1;;
02/12/2021  12:47:17,430863;9,372126E-1;1,216384E-1;1,224705E-1;9,566081E-1;;
02/12/2021  12:47:17,430963;9,372215E-1;1,315144E-1;1,183634E-1;9,563196E-1;;
02/12/2021  12:47:17,431063;9,358894E-1;1,149482E-1;1,253139E-1;9,560056E-1;;
02/12/2021  12:47:17,431163;9,354185E-1;1,184526E-1;1,249980E-1;9,556669E-1;;
02/12/2021  12:47:17,431263;9,360652E-1;1,197269E-1;1,174156E-1;9,553042E-1;;
02/12/2021  12:47:17,431363;9,361308E-1;1,235499E-1;1,313166E-1;9,549184E-1;;
02/12/2021  12:47:17,431463;9,359668E-1;1,174969E-1;1,152041E-1;9,545108E-1;;
02/12/2021  12:47:17,431563;9,354930E-1;1,009307E-1;8,677022E-2;9,540824E-1;;
02/12/2021  12:47:17,431663;9,357821E-1;1,187712E-1;1,016190E-1;9,536348E-1;;
02/12/2021  12:47:17,431763;9,364169E-1;1,404346E-1;1,341600E-1;9,531691E-1;;
02/12/2021  12:47:17,431863;9,371113E-1;1,372488E-1;1,379512E-1;9,526871E-1;;
02/12/2021  12:47:17,431963;9,367894E-1;1,251428E-1;1,253139E-1;9,521903E-1;;
02/12/2021  12:47:17,432063;9,365420E-1;8,372740E-2;9,719598E-2;9,516807E-1;;
02/12/2021  12:47:17,432163;9,371023E-1;1,643281E-1;1,224705E-1;9,511598E-1;;
02/12/2021  12:47:17,432263;9,384733E-1;1,127182E-1;1,101492E-1;9,506297E-1;;
02/12/2021  12:47:17,432363;9,384912E-1;7,735580E-2;7,034176E-2;9,500922E-1;;
02/12/2021  12:47:17,432463;9,375941E-1;1,222756E-1;1,212068E-1;9,495494E-1;;
02/12/2021  12:47:17,432563;9,376746E-1;1,254614E-1;1,284732E-1;9,490032E-1;;
02/12/2021  12:47:17,432663;9,373676E-1;1,197269E-1;1,215227E-1;9,484553E-1;;
02/12/2021  12:47:17,432763;9,381544E-1;1,703812E-1;1,828136E-1;9,479074E-1;;
02/12/2021  12:47:17,432863;9,382736E-1;1,178155E-1;1,073058E-1;9,473612E-1;;
02/12/2021  12:47:17,432963;9,378802E-1;1,767528E-1;1,360556E-1;9,468182E-1;;
02/12/2021  12:47:17,433063;9,377252E-1;1,356559E-1;1,338441E-1;9,462801E-1;;
02/12/2021  12:47:17,433163;9,378713E-1;1,483991E-1;1,300529E-1;9,457481E-1;;
02/12/2021  12:47:17,433263;9,384166E-1;1,283286E-1;1,373193E-1;9,452237E-1;;
02/12/2021  12:47:17,433363;9,380978E-1;1,356559E-1;1,325804E-1;9,447081E-1;;
02/12/2021  12:47:17,433463;9,380292E-1;1,579565E-1;1,553275E-1;9,442025E-1;;
02/12/2021  12:47:17,433563;9,378921E-1;1,420275E-1;1,313166E-1;9,437080E-1;;
02/12/2021  12:47:17,433663;9,383570E-1;1,296029E-1;1,398468E-1;9,432256E-1;;
02/12/2021  12:47:17,433763;9,390127E-1;1,280100E-1;1,316326E-1;9,427562E-1;;
02/12/2021  12:47:17,433863;9,387862E-1;1,433019E-1;1,344760E-1;9,423007E-1;;
02/12/2021  12:47:17,433963;9,385686E-1;1,264171E-1;1,287892E-1;9,418600E-1;;
02/12/2021  12:47:17,434063;9,383004E-1;1,257800E-1;1,275255E-1;9,414348E-1;;
02/12/2021  12:47:17,434163;9,392541E-1;1,216384E-1;1,354238E-1;9,410257E-1;;
02/12/2021  12:47:17,434263;9,393167E-1;1,474434E-1;1,502726E-1;9,406333E-1;;
02/12/2021  12:47:17,434363;9,390783E-1;1,423461E-1;1,771268E-1;9,402582E-1;;
02/12/2021  12:47:17,434463;9,381752E-1;1,200455E-1;1,145722E-1;9,399007E-1;;
02/12/2021  12:47:17,434563;9,375971E-1;1,155854E-1;1,107811E-1;9,395611E-1;;
02/12/2021  12:47:17,434663;9,380381E-1;1,232313E-1;1,268936E-1;9,392394E-1;;
02/12/2021  12:47:17,434763;9,378116E-1;1,347002E-1;1,316326E-1;9,389356E-1;;
02/12/2021  12:47:17,434863;9,376567E-1;1,356559E-1;1,417424E-1;9,386494E-1;;
02/12/2021  12:47:17,434963;9,366106E-1;1,554079E-1;1,332122E-1;9,383806E-1;;
02/12/2021  12:47:17,435063;9,368430E-1;1,034794E-1;1,170997E-1;9,381289E-1;;
02/12/2021  12:47:17,435163;9,370487E-1;1,267357E-1;1,357397E-1;9,378938E-1;;
02/12/2021  12:47:17,435263;9,373318E-1;1,327887E-1;1,313166E-1;9,376748E-1;;
02/12/2021  12:47:17,435363;9,369563E-1;1,225942E-1;1,253139E-1;9,374716E-1;;
02/12/2021  12:47:17,435463;9,355317E-1;1,276914E-1;1,373193E-1;9,372835E-1;;
02/12/2021  12:47:17,435563;9,357165E-1;1,847173E-1;1,919756E-1;9,371100E-1;;
02/12/2021  12:47:17,435663;9,362768E-1;1,503106E-1;1,550115E-1;9,369503E-1;;
02/12/2021  12:47:17,435763;9,362172E-1;1,276914E-1;1,297370E-1;9,368037E-1;;
02/12/2021  12:47:17,435863;9,357374E-1;8,850610E-2;8,992954E-2;9,366696E-1;;
02/12/2021  12:47:17,435963;9,354781E-1;1,296029E-1;1,164678E-1;9,365473E-1;;
02/12/2021  12:47:17,436063;9,359370E-1;5,792242E-2;1,009872E-1;9,364362E-1;;
02/12/2021  12:47:17,436163;9,366642E-1;1,028422E-1;9,308886E-2;9,363355E-1;;
02/12/2021  12:47:17,436263;9,365182E-1;1,331073E-1;1,316326E-1;9,362448E-1;;
02/12/2021  12:47:17,436363;9,368132E-1;1,296029E-1;1,262617E-1;9,361635E-1;;
02/12/2021  12:47:17,436463;9,362500E-1;1,073023E-1;1,129926E-1;9,360914E-1;;
02/12/2021  12:47:17,436563;9,365450E-1;1,136739E-1;1,281573E-1;9,360279E-1;;
02/12/2021  12:47:17,436663;9,370457E-1;7,162136E-2;7,350108E-2;9,359726E-1;;
02/12/2021  12:47:17,436763;9,372931E-1;1,082581E-1;1,117289E-1;9,359251E-1;;
02/12/2021  12:47:17,436863;9,367060E-1;1,095324E-1;1,183634E-1;9,358852E-1;;
02/12/2021  12:47:17,436963;9,365003E-1;1,165411E-1;1,259458E-1;9,358524E-1;;
02/12/2021  12:47:17,437063;9,370070E-1;1,120810E-1;1,189953E-1;9,358263E-1;;
02/12/2021  12:47:17,437163;9,368371E-1;1,037979E-1;1,954508E-1;9,358067E-1;;
02/12/2021  12:47:17,437263;9,369444E-1;9,997498E-2;1,025668E-1;9,357930E-1;;
02/12/2021  12:47:17,437363;9,372692E-1;-5,676638E-2;2,326789E-2;9,357850E-1;;
02/12/2021  12:47:17,437463;9,373557E-1;1,015679E-1;1,180475E-1;9,357823E-1;;
02/12/2021  12:47:17,437563;9,386879E-1;9,498258E-3;1,013031E-1;9,357849E-1;;
02/12/2021  12:47:17,437663;9,387534E-1;1,069837E-1;1,265777E-1;9,357924E-1;;
02/12/2021  12:47:17,437763;9,393316E-1;1,149482E-1;1,152041E-1;9,358050E-1;;
02/12/2021  12:47:17,437863;9,389769E-1;9,105474E-2;1,082536E-1;9,358226E-1;;
02/12/2021  12:47:17,437963;9,392511E-1;9,583344E-2;1,095173E-1;9,358455E-1;;
02/12/2021  12:47:17,438063;9,407949E-1;9,232906E-2;1,104651E-1;9,358735E-1;;
02/12/2021  12:47:17,438163;9,415996E-1;1,006121E-1;1,152041E-1;9,359068E-1;;
02/12/2021  12:47:17,438263;9,417456E-1;8,882468E-2;1,123607E-1;9,359458E-1;;
02/12/2021  12:47:17,438363;9,410632E-1;1,178155E-1;1,366875E-1;9,359908E-1;;
02/12/2021  12:47:17,438463;9,408277E-1;1,238685E-1;1,347919E-1;9,360421E-1;;
02/12/2021  12:47:17,438563;9,412807E-1;9,296622E-2;1,224705E-1;9,360996E-1;;
02/12/2021  12:47:17,438663;9,417784E-1;1,340630E-1;1,347919E-1;9,361634E-1;;
02/12/2021  12:47:17,438763;9,416145E-1;1,458505E-1;1,373193E-1;9,362335E-1;;
02/12/2021  12:47:17,438863;9,413969E-1;1,082581E-1;1,035146E-1;9,363100E-1;;
02/12/2021  12:47:17,438963;9,411138E-1;1,410718E-1;1,341600E-1;9,363926E-1;;
02/12/2021  12:47:17,439063;9,417456E-1;1,891774E-1;2,273600E-1;9,364813E-1;;
02/12/2021  12:47:17,439163;9,422553E-1;1,789828E-1;1,588027E-1;9,365759E-1;;
02/12/2021  12:47:17,439263;9,419572E-1;1,627352E-1;1,600664E-1;9,366762E-1;;
02/12/2021  12:47:17,439363;9,415013E-1;1,308772E-1;1,493248E-1;9,367820E-1;;
02/12/2021  12:47:17,439463;9,416741E-1;1,589123E-1;1,616461E-1;9,368931E-1;;
02/12/2021  12:47:17,439563;9,421361E-1;1,751599E-1;2,077722E-1;9,370092E-1;;
02/12/2021  12:47:17,439663;9,429229E-1;1,318330E-1;1,300529E-1;9,371299E-1;;
02/12/2021  12:47:17,439763;9,427172E-1;1,257800E-1;1,310007E-1;9,372552E-1;;
02/12/2021  12:47:17,439863;9,423894E-1;1,206827E-1;1,379512E-1;9,373848E-1;;
02/12/2021  12:47:17,439963;9,425980E-1;1,334259E-1;1,344760E-1;9,375184E-1;;
02/12/2021  12:47:17,440063;9,431106E-1;4,836502E-2;9,435259E-2;9,376559E-1;;
02/12/2021  12:47:17,440163;9,427709E-1;1,292843E-1;1,287892E-1;9,377969E-1;;
02/12/2021  12:47:17,440263;9,423655E-1;1,149482E-1;9,214107E-2;9,379412E-1;;
02/12/2021  12:47:17,440363;9,412092E-1;1,289658E-1;1,142563E-1;9,380883E-1;;
02/12/2021  12:47:17,440463;9,411168E-1;1,264171E-1;1,177316E-1;9,382378E-1;;
02/12/2021  12:47:17,440563;9,414059E-1;1,031608E-1;8,961361E-2;9,383890E-1;;
02/12/2021  12:47:17,440663;9,414268E-1;9,264764E-2;1,028828E-1;9,385413E-1;;
02/12/2021  12:47:17,440763;9,413254E-1;1,203641E-1;1,177316E-1;9,386941E-1;;
02/12/2021  12:47:17,440863;9,400379E-1;1,468062E-1;1,445858E-1;9,388467E-1;;
02/12/2021  12:47:17,440963;9,401303E-1;1,260985E-1;1,101492E-1;9,389986E-1;;
02/12/2021  12:47:17,441063;9,403032E-1;1,162226E-1;1,202590E-1;9,391490E-1;;
02/12/2021  12:47:17,441163;9,395402E-1;1,267357E-1;1,322644E-1;9,392972E-1;;
02/12/2021  12:47:17,441263;9,394419E-1;1,426647E-1;1,442698E-1;9,394426E-1;;
02/12/2021  12:47:17,441363;9,374600E-1;1,194084E-1;1,275255E-1;9,395843E-1;;
02/12/2021  12:47:17,441463;9,377103E-1;1,079395E-1;1,202590E-1;9,397215E-1;;
02/12/2021  12:47:17,441563;9,379398E-1;1,324701E-1;1,294210E-1;9,398533E-1;;
02/12/2021  12:47:17,441663;9,377103E-1;1,417090E-1;1,439539E-1;9,399790E-1;;
02/12/2021  12:47:17,441763;9,371411E-1;1,037979E-1;1,155200E-1;9,400977E-1;;
02/12/2021  12:47:17,441863;9,358715E-1;1,359745E-1;1,338441E-1;9,402088E-1;;
02/12/2021  12:47:17,441963;9,362917E-1;1,324701E-1;1,303688E-1;9,403115E-1;;
02/12/2021  12:47:17,442063;9,366016E-1;1,076209E-1;1,297370E-1;9,404052E-1;;
02/12/2021  12:47:17,442163;9,364795E-1;1,260985E-1;1,253139E-1;9,404893E-1;;
02/12/2021  12:47:17,442263;9,357731E-1;1,296029E-1;1,569071E-1;9,405633E-1;;
02/12/2021  12:47:17,442363;9,351502E-1;1,162226E-1;1,107811E-1;9,406269E-1;;
02/12/2021  12:47:17,442463;9,364437E-1;8,468314E-2;1,411105E-1;9,406796E-1;;
02/12/2021  12:47:17,442563;9,370040E-1;1,286472E-1;1,335282E-1;9,407213E-1;;
02/12/2021  12:47:17,442663;9,374838E-1;1,318330E-1;1,319485E-1;9,407520E-1;;
02/12/2021  12:47:17,442763;9,372603E-1;9,965640E-2;1,186794E-1;9,407719E-1;;
02/12/2021  12:47:17,442863;9,364139E-1;9,487770E-2;9,719598E-2;9,407814E-1;;
02/12/2021  12:47:17,442963;9,373378E-1;1,200455E-1;1,316326E-1;9,407807E-1;;
02/12/2021  12:47:17,443063;9,382438E-1;1,280100E-1;1,262617E-1;9,407702E-1;;
02/12/2021  12:47:17,443163;9,389382E-1;1,152668E-1;1,212068E-1;9,407503E-1;;
02/12/2021  12:47:17,443263;9,377640E-1;1,194084E-1;1,183634E-1;9,407219E-1;;
02/12/2021  12:47:17,443363;9,371292E-1;1,327887E-1;1,363715E-1;9,406854E-1;;
02/12/2021  12:47:17,443463;9,381961E-1;1,388417E-1;1,423743E-1;9,406415E-1;;
02/12/2021  12:47:17,443563;9,385120E-1;1,210013E-1;1,237343E-1;9,405907E-1;;
02/12/2021  12:47:17,443663;9,380829E-1;1,296029E-1;1,461654E-1;9,405335E-1;;
02/12/2021  12:47:17,443763;9,371351E-1;8,786894E-2;1,139404E-1;9,404707E-1;;
02/12/2021  12:47:17,443863;9,369712E-1;1,311958E-1;1,338441E-1;9,404026E-1;;
02/12/2021  12:47:17,443963;9,372215E-1;1,652839E-1;1,569071E-1;9,403297E-1;;
02/12/2021  12:47:17,444063;9,374928E-1;1,452133E-1;1,373193E-1;9,402522E-1;;
02/12/2021  12:47:17,444163;9,370368E-1;1,018865E-1;1,155200E-1;9,401707E-1;;
02/12/2021  12:47:17,444263;9,358536E-1;1,327887E-1;1,467973E-1;9,400854E-1;;
02/12/2021  12:47:17,444363;9,355824E-1;3,179886E-2;9,782784E-2;9,399966E-1;;
02/12/2021  12:47:17,444463;9,353589E-1;8,404598E-2;9,245700E-2;9,399044E-1;;
02/12/2021  12:47:17,444563;9,357225E-1;1,178155E-1;1,174156E-1;9,398089E-1;;
02/12/2021  12:47:17,444663;9,356181E-1;5,123224E-2;8,866581E-2;9,397101E-1;;
02/12/2021  12:47:17,444763;9,345899E-1;1,245056E-1;1,088855E-1;9,396081E-1;;
02/12/2021  12:47:17,444863;9,347568E-1;1,101695E-1;1,310007E-1;9,395031E-1;;
02/12/2021  12:47:17,444963;9,357701E-1;1,136739E-1;1,066739E-1;9,393951E-1;;
02/12/2021  12:47:17,445063;9,364586E-1;1,133553E-1;1,215227E-1;9,392843E-1;;
02/12/2021  12:47:17,445163;9,367507E-1;1,241871E-1;1,278414E-1;9,391711E-1;;
02/12/2021  12:47:17,445263;9,360652E-1;1,286472E-1;1,237343E-1;9,390559E-1;;
02/12/2021  12:47:17,445363;9,367477E-1;1,257800E-1;1,120448E-1;9,389392E-1;;
02/12/2021  12:47:17,445463;9,377491E-1;1,235499E-1;1,066739E-1;9,388215E-1;;
02/12/2021  12:47:17,445563;9,381544E-1;1,200455E-1;1,259458E-1;9,387035E-1;;
02/12/2021  12:47:17,445663;9,383511E-1;1,372488E-1;1,407946E-1;9,385857E-1;;
02/12/2021  12:47:17,445763;9,382915E-1;1,187712E-1;1,227865E-1;9,384690E-1;;
02/12/2021  12:47:17,445863;9,388637E-1;1,194084E-1;1,199431E-1;9,383541E-1;;
02/12/2021  12:47:17,445963;9,391826E-1;1,283286E-1;1,281573E-1;9,382416E-1;;
02/12/2021  12:47:17,446063;9,401303E-1;1,378860E-1;1,294210E-1;9,381323E-1;;
02/12/2021  12:47:17,446163;9,389442E-1;2,105222E-1;1,733356E-1;9,380268E-1;;
02/12/2021  12:47:17,446263;9,382855E-1;1,200455E-1;1,227865E-1;9,379259E-1;;
02/12/2021  12:47:17,446363;9,382289E-1;1,232313E-1;1,234183E-1;9,378300E-1;;
02/12/2021  12:47:17,446463;9,389144E-1;1,337445E-1;1,467973E-1;9,377392E-1;;
02/12/2021  12:47:17,446563;9,380173E-1;1,283286E-1;1,262617E-1;9,376538E-1;;
02/12/2021  12:47:17,446663;9,378802E-1;1,270543E-1;1,262617E-1;9,375739E-1;;
02/12/2021  12:47:17,446763;9,372364E-1;1,308772E-1;1,224705E-1;9,374996E-1;;
02/12/2021  12:47:17,446863;9,372215E-1;1,280100E-1;1,268936E-1;9,374308E-1;;
02/12/2021  12:47:17,446963;9,380799E-1;1,245056E-1;1,287892E-1;9,373673E-1;;
02/12/2021  12:47:17,447063;9,384971E-1;1,321516E-1;1,332122E-1;9,373091E-1;;
02/12/2021  12:47:17,447163;9,380322E-1;1,194084E-1;1,101492E-1;9,372561E-1;;
02/12/2021  12:47:17,447263;9,374749E-1;9,615202E-2;1,164678E-1;9,372083E-1;;
02/12/2021  12:47:17,447363;9,385627E-1;1,162226E-1;1,272095E-1;9,371656E-1;;
02/12/2021  12:47:17,447463;9,400320E-1;1,324701E-1;1,347919E-1;9,371280E-1;;
02/12/2021  12:47:17,447563;9,403121E-1;1,318330E-1;1,335282E-1;9,370957E-1;;
02/12/2021  12:47:17,447663;9,400230E-1;1,229127E-1;1,202590E-1;9,370688E-1;;
02/12/2021  12:47:17,447763;9,399962E-1;1,391603E-1;1,297370E-1;9,370478E-1;;
02/12/2021  12:47:17,447863;9,413522E-1;1,433019E-1;1,404787E-1;9,370327E-1;;
02/12/2021  12:47:17,447963;9,418082E-1;1,245056E-1;1,278414E-1;9,370239E-1;;
02/12/2021  12:47:17,448063;9,425622E-1;1,276914E-1;1,388990E-1;9,370217E-1;;
02/12/2021  12:47:17,448163;9,415728E-1;1,391603E-1;1,344760E-1;9,370266E-1;;
02/12/2021  12:47:17,448263;9,411138E-1;1,407532E-1;1,246821E-1;9,370387E-1;;
02/12/2021  12:47:17,448363;9,417784E-1;1,382046E-1;8,771802E-2;9,370583E-1;;
02/12/2021  12:47:17,448463;9,423804E-1;1,286472E-1;1,322644E-1;9,370852E-1;;
02/12/2021  12:47:17,448563;9,418023E-1;1,168597E-1;1,136244E-1;9,371197E-1;;
02/12/2021  12:47:17,448663;9,412330E-1;1,280100E-1;1,376353E-1;9,371616E-1;;
02/12/2021  12:47:17,448763;9,412509E-1;1,238685E-1;1,240502E-1;9,372109E-1;;
02/12/2021  12:47:17,448863;9,417099E-1;5,314372E-2;8,771802E-2;9,372672E-1;;
02/12/2021  12:47:17,448963;9,424669E-1;1,034794E-1;1,161519E-1;9,373304E-1;;
02/12/2021  12:47:17,449063;9,422970E-1;1,117624E-1;1,148882E-1;9,374002E-1;;
02/12/2021  12:47:17,449163;9,423655E-1;1,133553E-1;8,929768E-2;9,374764E-1;;
02/12/2021  12:47:17,449263;9,432805E-1;1,162226E-1;1,041465E-1;9,375591E-1;;
02/12/2021  12:47:17,449363;9,443415E-1;1,171783E-1;1,186794E-1;9,376479E-1;;
02/12/2021  12:47:17,449463;9,461267E-1;1,321516E-1;1,360556E-1;9,377431E-1;;
02/12/2021  12:47:17,449563;9,461356E-1;1,423461E-1;1,417424E-1;9,378449E-1;;
02/12/2021  12:47:17,449663;9,459389E-1;1,359745E-1;1,363715E-1;9,379536E-1;;
02/12/2021  12:47:17,449763;9,477420E-1;7,225852E-2;5,138584E-2;9,380696E-1;;
02/12/2021  12:47:17,449863;9,487255E-1;1,152668E-1;1,082536E-1;9,381932E-1;;
02/12/2021  12:47:17,449963;9,494438E-1;1,283286E-1;1,107811E-1;9,383250E-1;;
02/12/2021  12:47:17,450063;9,496822E-1;1,245056E-1;1,253139E-1;9,384655E-1;;
02/12/2021  12:47:17,450163;9,490176E-1;1,111253E-1;1,158360E-1;9,386152E-1;;
02/12/2021  12:47:17,450263;9,494438E-1;9,424054E-2;8,708615E-2;9,387744E-1;;
02/12/2021  12:47:17,450363;9,499593E-1;1,171783E-1;1,202590E-1;9,389433E-1;;
02/12/2021  12:47:17,450463;9,503080E-1;7,831154E-2;7,792413E-2;9,391220E-1;;
02/12/2021  12:47:17,450563;9,498699E-1;6,524976E-2;9,372073E-2;9,393107E-1;;
02/12/2021  12:47:17,450663;9,486093E-1;9,933782E-2;1,000394E-1;9,395092E-1;;
02/12/2021  12:47:17,450763;9,489282E-1;1,082581E-1;1,246821E-1;9,397172E-1;;
02/12/2021  12:47:17,450863;9,497597E-1;1,082581E-1;1,354238E-1;9,399343E-1;;
02/12/2021  12:47:17,450963;9,489848E-1;9,933782E-2;1,066739E-1;9,401599E-1;;
02/12/2021  12:47:17,451063;9,484871E-1;4,581638E-2;5,138584E-2;9,403935E-1;;
02/12/2021  12:47:17,451163;9,471251E-1;7,353284E-2;1,101492E-1;9,406344E-1;;
02/12/2021  12:47:17,451263;9,485020E-1;1,391603E-1;1,670170E-1;9,408816E-1;;
02/12/2021  12:47:17,451363;9,484841E-1;1,022050E-1;1,161519E-1;9,411344E-1;;
02/12/2021  12:47:17,451463;9,486748E-1;9,678918E-2;1,073058E-1;9,413918E-1;;
02/12/2021  12:47:17,451563;9,475721E-1;9,392196E-2;9,972343E-2;9,416531E-1;;
02/12/2021  12:47:17,451663;9,473099E-1;1,053908E-1;1,205749E-1;9,419174E-1;;
02/12/2021  12:47:17,451763;9,476049E-1;1,420275E-1;1,635417E-1;9,421837E-1;;
02/12/2021  12:47:17,451863;9,476437E-1;1,216384E-1;1,379512E-1;9,424512E-1;;
02/12/2021  12:47:17,451963;9,475185E-1;1,499920E-1;1,562753E-1;9,427189E-1;;
02/12/2021  12:47:17,452063;9,460879E-1;1,417090E-1;1,392149E-1;9,429859E-1;;
02/12/2021  12:47:17,452163;9,461893E-1;2,124337E-1;1,335282E-1;9,432513E-1;;
02/12/2021  12:47:17,452263;9,459181E-1;1,448948E-1;1,022509E-1;9,435139E-1;;
02/12/2021  12:47:17,452363;9,460254E-1;1,777085E-1;1,401627E-1;9,437729E-1;;
02/12/2021  12:47:17,452463;9,454472E-1;1,866287E-1;1,708081E-1;9,440272E-1;;
02/12/2021  12:47:17,452563;9,446455E-1;1,777085E-1;1,597505E-1;9,442760E-1;;
02/12/2021  12:47:17,452663;9,441746E-1;1,678325E-1;1,581709E-1;9,445182E-1;;
02/12/2021  12:47:17,452763;9,445412E-1;1,324701E-1;1,442698E-1;9,447528E-1;;
02/12/2021  12:47:17,452863;9,454680E-1;1,248242E-1;1,237343E-1;9,449791E-1;;
02/12/2021  12:47:17,452963;9,447498E-1;1,331073E-1;1,328963E-1;9,451962E-1;;
02/12/2021  12:47:17,453063;9,433490E-1;1,276914E-1;1,515363E-1;9,454037E-1;;
02/12/2021  12:47:17,453163;9,432775E-1;1,302401E-1;1,259458E-1;9,456007E-1;;
02/12/2021  12:47:17,453263;9,438497E-1;6,461260E-2;8,582243E-2;9,457868E-1;;
02/12/2021  12:47:17,453363;9,440643E-1;1,111253E-1;1,186794E-1;9,459612E-1;;
02/12/2021  12:47:17,453463;9,435636E-1;1,369303E-1;1,313166E-1;9,461235E-1;;
02/12/2021  12:47:17,453563;9,423119E-1;1,267357E-1;1,407946E-1;9,462735E-1;;
02/12/2021  12:47:17,453663;9,422702E-1;1,165411E-1;1,180475E-1;9,464108E-1;;
02/12/2021  12:47:17,453763;9,427053E-1;7,894870E-2;8,487463E-2;9,465349E-1;;
02/12/2021  12:47:17,453863;9,420467E-1;1,401161E-1;1,398468E-1;9,466455E-1;;
02/12/2021  12:47:17,453963;9,410930E-1;1,499920E-1;1,423743E-1;9,467423E-1;;
02/12/2021  12:47:17,454063;9,397578E-1;1,388417E-1;1,310007E-1;9,468251E-1;;
02/12/2021  12:47:17,454163;9,391975E-1;1,181340E-1;1,272095E-1;9,468935E-1;;
02/12/2021  12:47:17,454263;9,401452E-1;9,105474E-2;6,275939E-2;9,469469E-1;;
02/12/2021  12:47:17,454363;9,396266E-1;1,340630E-1;1,366875E-1;9,469850E-1;;
02/12/2021  12:47:17,454463;9,390008E-1;1,315144E-1;1,284732E-1;9,470078E-1;;
02/12/2021  12:47:17,454563;9,378325E-1;1,318330E-1;1,249980E-1;9,470149E-1;;
02/12/2021  12:47:17,454663;9,376865E-1;1,971419E-1;1,885003E-1;9,470063E-1;;
02/12/2021  12:47:17,454763;9,376835E-1;1,375674E-1;1,306848E-1;9,469817E-1;;
02/12/2021  12:47:17,454863;9,376149E-1;1,264171E-1;1,265777E-1;9,469410E-1;;
02/12/2021  12:47:17,454963;9,366046E-1;1,401161E-1;2,084040E-1;9,468842E-1;;
02/12/2021  12:47:17,455063;9,359341E-1;1,101695E-1;1,167838E-1;9,468114E-1;;
02/12/2021  12:47:17,455163;9,355705E-1;1,289658E-1;1,347919E-1;9,467225E-1;;
02/12/2021  12:47:17,455263;9,360920E-1;1,417090E-1;1,515363E-1;9,466175E-1;;
02/12/2021  12:47:17,455363;9,357046E-1;1,184526E-1;1,227865E-1;9,464967E-1;;
02/12/2021  12:47:17,455463;9,343605E-1;1,251428E-1;1,388990E-1;9,463601E-1;;
02/12/2021  12:47:17,455563;9,333710E-1;1,257800E-1;1,316326E-1;9,462081E-1;;
02/12/2021  12:47:17,455663;9,331862E-1;1,350188E-1;1,407946E-1;9,460408E-1;;
02/12/2021  12:47:17,455763;9,337376E-1;1,222756E-1;1,306848E-1;9,458581E-1;;
02/12/2021  12:47:17,455863;9,328226E-1;1,340630E-1;1,347919E-1;9,456604E-1;;
02/12/2021  12:47:17,455963;9,312848E-1;1,302401E-1;1,249980E-1;9,454479E-1;;
02/12/2021  12:47:17,456063;9,297261E-1;1,601866E-1;1,976624E-1;9,452208E-1;;
02/12/2021  12:47:17,456163;9,299794E-1;1,452133E-1;1,543797E-1;9,449791E-1;;
02/12/2021  12:47:17,456263;9,301672E-1;1,311958E-1;1,297370E-1;9,447228E-1;;
02/12/2021  12:47:17,456363;9,298930E-1;1,308772E-1;1,313166E-1;9,444520E-1;;
02/12/2021  12:47:17,456463;9,286919E-1;1,280100E-1;1,313166E-1;9,441671E-1;;
02/12/2021  12:47:17,456563;9,280750E-1;1,340630E-1;1,379512E-1;9,438683E-1;;
02/12/2021  12:47:17,456663;9,286115E-1;1,372488E-1;1,392149E-1;9,435559E-1;;
02/12/2021  12:47:17,456763;9,289125E-1;1,267357E-1;1,262617E-1;9,432302E-1;;
02/12/2021  12:47:17,456863;9,285370E-1;1,238685E-1;1,278414E-1;9,428919E-1;;
02/12/2021  12:47:17,456963;9,264746E-1;1,270543E-1;1,328963E-1;9,425414E-1;;
02/12/2021  12:47:17,457063;9,262451E-1;1,254614E-1;1,177316E-1;9,421793E-1;;
02/12/2021  12:47:17,457163;9,263464E-1;1,582751E-1;2,017695E-1;9,418060E-1;;
02/12/2021  12:47:17,457263;9,263494E-1;1,206827E-1;1,237343E-1;9,414219E-1;;
02/12/2021  12:47:17,457363;9,261408E-1;1,321516E-1;1,360556E-1;9,410275E-1;;
02/12/2021  12:47:17,457463;9,248950E-1;1,401161E-1;1,518522E-1;9,406236E-1;;
02/12/2021  12:47:17,457563;9,242364E-1;1,241871E-1;1,268936E-1;9,402106E-1;;
02/12/2021  12:47:17,457663;9,249099E-1;1,260985E-1;1,319485E-1;9,397889E-1;;
02/12/2021  12:47:17,457763;9,249964E-1;1,353374E-1;1,313166E-1;9,393593E-1;;
02/12/2021  12:47:17,457863;9,232320E-1;1,264171E-1;1,253139E-1;9,389223E-1;;
02/12/2021  12:47:17,457963;9,218968E-1;3,211744E-2;6,939396E-2;9,384786E-1;;
02/12/2021  12:47:17,458063;9,213902E-1;1,235499E-1;1,227865E-1;9,380284E-1;;
02/12/2021  12:47:17,458163;9,215809E-1;1,337445E-1;1,436380E-1;9,375720E-1;;
02/12/2021  12:47:17,458263;9,207822E-1;1,353374E-1;1,347919E-1;9,371098E-1;;
02/12/2021  12:47:17,458363;9,197600E-1;1,423461E-1;1,401627E-1;9,366421E-1;;
02/12/2021  12:47:17,458463;9,188331E-1;1,305587E-1;1,338441E-1;9,361690E-1;;
02/12/2021  12:47:17,458563;9,184695E-1;1,273729E-1;1,268936E-1;9,356909E-1;;
02/12/2021  12:47:17,458663;9,191699E-1;1,327887E-1;1,164678E-1;9,352078E-1;;
02/12/2021  12:47:17,458763;9,184099E-1;1,331073E-1;1,170997E-1;9,347200E-1;;
02/12/2021  12:47:17,458863;9,179807E-1;1,127182E-1;1,641736E-1;9,342280E-1;;
02/12/2021  12:47:17,458963;9,173847E-1;1,174969E-1;1,221546E-1;9,337319E-1;;
02/12/2021  12:47:17,459063;9,176082E-1;1,251428E-1;1,227865E-1;9,332324E-1;;
02/12/2021  12:47:17,459163;9,193010E-1;1,308772E-1;1,278414E-1;9,327297E-1;;
02/12/2021  12:47:17,459263;9,204037E-1;1,232313E-1;1,199431E-1;9,322246E-1;;
02/12/2021  12:47:17,459363;9,201385E-1;8,404598E-2;1,310007E-1;9,317182E-1;;
02/12/2021  12:47:17,459463;9,202905E-1;1,270543E-1;1,303688E-1;9,312116E-1;;
02/12/2021  12:47:17,459563;9,218909E-1;1,595494E-1;1,651214E-1;9,307061E-1;;
02/12/2021  12:47:17,459663;9,234436E-1;1,133553E-1;1,426902E-1;9,302029E-1;;
02/12/2021  12:47:17,459763;9,237834E-1;1,251428E-1;1,278414E-1;9,297038E-1;;
02/12/2021  12:47:17,459863;9,231307E-1;1,356559E-1;1,411105E-1;9,292103E-1;;
02/12/2021  12:47:17,459963;9,227105E-1;1,423461E-1;1,373193E-1;9,287241E-1;;
02/12/2021  12:47:17,460063;9,233333E-1;1,362931E-1;1,139404E-1;9,282465E-1;;
02/12/2021  12:47:17,460163;9,236910E-1;1,359745E-1;1,366875E-1;9,277788E-1;;
02/12/2021  12:47:17,460263;9,242513E-1;1,276914E-1;1,328963E-1;9,273222E-1;;
02/12/2021  12:47:17,460363;9,227969E-1;1,318330E-1;1,407946E-1;9,268780E-1;;
02/12/2021  12:47:17,460463;9,227462E-1;1,353374E-1;1,363715E-1;9,264472E-1;;
02/12/2021  12:47:17,460563;9,238549E-1;1,347002E-1;1,310007E-1;9,260304E-1;;
02/12/2021  12:47:17,460663;9,247490E-1;1,133553E-1;1,129926E-1;9,256285E-1;;
02/12/2021  12:47:17,460763;9,254881E-1;1,299215E-1;1,379512E-1;9,252424E-1;;
02/12/2021  12:47:17,460863;9,252169E-1;1,522221E-1;1,531159E-1;9,248729E-1;;
02/12/2021  12:47:17,460963;9,257086E-1;9,519628E-2;1,373193E-1;9,245209E-1;;
02/12/2021  12:47:17,461063;9,277144E-1;1,267357E-1;1,281573E-1;9,241871E-1;;
02/12/2021  12:47:17,461163;9,289184E-1;1,152668E-1;1,167838E-1;9,238725E-1;;
02/12/2021  12:47:17,461263;9,296903E-1;1,095324E-1;1,303688E-1;9,235781E-1;;
02/12/2021  12:47:17,461363;9,296873E-1;1,375674E-1;1,310007E-1;9,233049E-1;;
02/12/2021  12:47:17,461463;9,298930E-1;6,312458E-3;6,623464E-2;9,230540E-1;;
02/12/2021  12:47:17,461563;9,317557E-1;1,952304E-1;1,919756E-1;9,228261E-1;;
02/12/2021  12:47:17,461663;9,320239E-1;1,267357E-1;1,300529E-1;9,226221E-1;;
02/12/2021  12:47:17,461763;9,308348E-1;1,506292E-1;1,420583E-1;9,224427E-1;;
02/12/2021  12:47:17,461863;9,295085E-1;6,301970E-2;7,444887E-2;9,222883E-1;;
02/12/2021  12:47:17,461963;9,295950E-1;8,500172E-2;7,981972E-2;9,221590E-1;;
02/12/2021  12:47:17,462063;9,300658E-1;1,203641E-1;1,170997E-1;9,220546E-1;;
02/12/2021  12:47:17,462163;9,304443E-1;1,458505E-1;1,414265E-1;9,219747E-1;;
02/12/2021  12:47:17,462263;9,303669E-1;1,461691E-1;1,373193E-1;9,219189E-1;;
02/12/2021  12:47:17,462363;9,302864E-1;8,213450E-2;1,189953E-1;9,218867E-1;;
02/12/2021  12:47:17,462463;9,307275E-1;1,136739E-1;1,063580E-1;9,218776E-1;;
02/12/2021  12:47:17,462563;9,319881E-1;1,041165E-1;1,110970E-1;9,218909E-1;;
02/12/2021  12:47:17,462663;9,330163E-1;1,369303E-1;1,366875E-1;9,219262E-1;;
02/12/2021  12:47:17,462763;9,334753E-1;1,302401E-1;1,284732E-1;9,219830E-1;;
02/12/2021  12:47:17,462863;9,334872E-1;1,159040E-1;1,240502E-1;9,220609E-1;;
02/12/2021  12:47:17,462963;9,350131E-1;1,190898E-1;1,050943E-1;9,221597E-1;;
02/12/2021  12:47:17,463063;9,367685E-1;1,206827E-1;1,038306E-1;9,222789E-1;;
02/12/2021  12:47:17,463163;9,371441E-1;6,939130E-2;8,234717E-2;9,224185E-1;;
02/12/2021  12:47:17,463263;9,374093E-1;1,041165E-1;1,186794E-1;9,225783E-1;;
02/12/2021  12:47:17,463363;9,370487E-1;1,133553E-1;1,227865E-1;9,227582E-1;;
02/12/2021  12:47:17,463463;9,379011E-1;1,114439E-1;1,088855E-1;9,229579E-1;;
02/12/2021  12:47:17,463563;9,393346E-1;1,181340E-1;1,243661E-1;9,231771E-1;;
02/12/2021  12:47:17,463663;9,392034E-1;1,085766E-1;1,148882E-1;9,234154E-1;;
02/12/2021  12:47:17,463763;9,390842E-1;-6,855384E-2;-1,116870E-2;9,236725E-1;;
02/12/2021  12:47:17,463863;9,395134E-1;1,143111E-1;1,142563E-1;9,239479E-1;;
02/12/2021  12:47:17,463963;9,410244E-1;1,181340E-1;1,366875E-1;9,242410E-1;;
02/12/2021  12:47:17,464063;9,421748E-1;1,053908E-1;1,376353E-1;9,245514E-1;;
02/12/2021  12:47:17,464163;9,429318E-1;8,213450E-2;1,019350E-1;9,248788E-1;;
02/12/2021  12:47:17,464263;9,430093E-1;9,870066E-2;1,031987E-1;9,252227E-1;;
02/12/2021  12:47:17,464363;9,439809E-1;1,216384E-1;1,268936E-1;9,255830E-1;;
02/12/2021  12:47:17,464463;9,457810E-1;8,861098E-3;7,223735E-2;9,259592E-1;;
02/12/2021  12:47:17,464563;9,477331E-1;9,296622E-2;1,104651E-1;9,263512E-1;;
02/12/2021  12:47:17,464663;9,479059E-1;9,232906E-2;1,126766E-1;9,267589E-1;;
02/12/2021  12:47:17,464763;9,478165E-1;9,870066E-2;1,139404E-1;9,271824E-1;;
02/12/2021  12:47:17,464863;9,475364E-1;9,870066E-2;1,092014E-1;9,276216E-1;;
02/12/2021  12:47:17,464963;9,489371E-1;1,044351E-1;1,212068E-1;9,280760E-1;;
02/12/2021  12:47:17,465063;9,500368E-1;9,870066E-2;1,142563E-1;9,285453E-1;;
02/12/2021  12:47:17,465163;9,496971E-1;1,213198E-1;1,426902E-1;9,290292E-1;;
02/12/2021  12:47:17,465263;9,494497E-1;1,190898E-1;1,291051E-1;9,295272E-1;;
02/12/2021  12:47:17,465363;9,502306E-1;1,216384E-1;1,278414E-1;9,300387E-1;;
02/12/2021  12:47:17,465463;9,517088E-1;1,232313E-1;1,385831E-1;9,305631E-1;;
02/12/2021  12:47:17,465563;9,515628E-1;1,216384E-1;1,313166E-1;9,310997E-1;;
02/12/2021  12:47:17,465663;9,522035E-1;8,436456E-2;1,022509E-1;9,316480E-1;;
02/12/2021  12:47:17,465763;9,506865E-1;1,751599E-1;1,809180E-1;9,322072E-1;;
02/12/2021  12:47:17,465863;9,507551E-1;1,296029E-1;1,392149E-1;9,327764E-1;;
02/12/2021  12:47:17,465963;9,521678E-1;1,611423E-1;1,546956E-1;9,333546E-1;;
02/12/2021  12:47:17,466063;9,520843E-1;1,675139E-1;1,600664E-1;9,339407E-1;;
02/12/2021  12:47:17,466163;9,511664E-1;1,544522E-1;1,303688E-1;9,345336E-1;;
02/12/2021  12:47:17,466263;9,500547E-1;6,939130E-2;1,104651E-1;9,351322E-1;;
02/12/2021  12:47:17,466363;9,505345E-1;1,487177E-1;1,581709E-1;9,357351E-1;;
02/12/2021  12:47:17,466463;9,505226E-1;1,203641E-1;1,136244E-1;9,363408E-1;;
02/12/2021  12:47:17,466563;9,503945E-1;1,292843E-1;1,328963E-1;9,369478E-1;;
02/12/2021  12:47:17,466663;9,499176E-1;1,270543E-1;1,268936E-1;9,375547E-1;;
02/12/2021  12:47:17,466763;9,486152E-1;7,385142E-2;9,845971E-2;9,381600E-1;;
02/12/2021  12:47:17,466863;9,498550E-1;1,251428E-1;1,114129E-1;9,387620E-1;;
02/12/2021  12:47:17,466963;9,502425E-1;1,238685E-1;1,297370E-1;9,393593E-1;;
02/12/2021  12:47:17,467063;9,511992E-1;1,283286E-1;1,306848E-1;9,399505E-1;;
02/12/2021  12:47:17,467163;9,504153E-1;1,267357E-1;1,249980E-1;9,405346E-1;;
02/12/2021  12:47:17,467263;9,499504E-1;1,127182E-1;1,212068E-1;9,411104E-1;;
02/12/2021  12:47:17,467363;9,515478E-1;1,219570E-1;1,253139E-1;9,416769E-1;;
02/12/2021  12:47:17,467463;9,526059E-1;1,305587E-1;1,155200E-1;9,422332E-1;;
02/12/2021  12:47:17,467563;9,522870E-1;1,270543E-1;1,142563E-1;9,427787E-1;;
02/12/2021  12:47:17,467663;9,518459E-1;1,305587E-1;1,625939E-1;9,433130E-1;;
02/12/2021  12:47:17,467763;9,513899E-1;1,245056E-1;1,351078E-1;9,438354E-1;;
02/12/2021  12:47:17,467863;9,513392E-1;1,334259E-1;1,319485E-1;9,443454E-1;;
02/12/2021  12:47:17,467963;9,512737E-1;1,210013E-1;1,224705E-1;9,448423E-1;;
02/12/2021  12:47:17,468063;9,502186E-1;1,187712E-1;1,104651E-1;9,453256E-1;;
02/12/2021  12:47:17,468163;9,494378E-1;1,337445E-1;1,420583E-1;9,457946E-1;;
02/12/2021  12:47:17,468263;9,475066E-1;1,232313E-1;1,167838E-1;9,462485E-1;;
02/12/2021  12:47:17,468363;9,482397E-1;1,627352E-1;1,698603E-1;9,466863E-1;;
02/12/2021  12:47:17,468463;9,478702E-1;1,382046E-1;1,654373E-1;9,471070E-1;;
02/12/2021  12:47:17,468563;9,469999E-1;1,292843E-1;1,303688E-1;9,475097E-1;;
02/12/2021  12:47:17,468663;9,461326E-1;1,232313E-1;1,079377E-1;9,478936E-1;;
02/12/2021  12:47:17,468763;9,454889E-1;1,238685E-1;1,265777E-1;9,482579E-1;;
02/12/2021  12:47:17,468863;9,463621E-1;1,069837E-1;9,845971E-2;9,486016E-1;;
02/12/2021  12:47:17,468963;9,468390E-1;1,085766E-1;1,193112E-1;9,489240E-1;;
02/12/2021  12:47:17,469063;9,459032E-1;1,276914E-1;1,268936E-1;9,492248E-1;;
02/12/2021  12:47:17,469163;9,456022E-1;1,433019E-1;1,370034E-1;9,495037E-1;;
02/12/2021  12:47:17,469263;9,458316E-1;1,296029E-1;1,275255E-1;9,497602E-1;;
02/12/2021  12:47:17,469363;9,463502E-1;1,190898E-1;1,152041E-1;9,499943E-1;;
02/12/2021  12:47:17,469463;9,467317E-1;1,210013E-1;1,259458E-1;9,502060E-1;;
02/12/2021  12:47:17,469563;9,456975E-1;1,296029E-1;1,433221E-1;9,503955E-1;;
02/12/2021  12:47:17,469663;9,450836E-1;1,229127E-1;1,249980E-1;9,505631E-1;;
02/12/2021  12:47:17,469763;9,446187E-1;6,843556E-2;1,685966E-1;9,507089E-1;;
02/12/2021  12:47:17,469863;9,451491E-1;1,251428E-1;1,300529E-1;9,508330E-1;;
02/12/2021  12:47:17,469963;9,450806E-1;1,372488E-1;1,253139E-1;9,509358E-1;;
02/12/2021  12:47:17,470063;9,441656E-1;1,267357E-1;1,395309E-1;9,510177E-1;;
02/12/2021  12:47:17,470163;9,430123E-1;1,235499E-1;1,249980E-1;9,510789E-1;;
02/12/2021  12:47:17,470263;9,428513E-1;1,742041E-1;1,638576E-1;9,511198E-1;;
02/12/2021  12:47:17,470363;9,432537E-1;1,098510E-1;1,262617E-1;9,511406E-1;;
02/12/2021  12:47:17,470463;9,428871E-1;1,257800E-1;1,287892E-1;9,511416E-1;;
02/12/2021  12:47:17,470563;9,419602E-1;1,311958E-1;1,180475E-1;9,511232E-1;;
02/12/2021  12:47:17,470663;9,407770E-1;1,222756E-1;1,246821E-1;9,510858E-1;;
02/12/2021  12:47:17,470763;9,409886E-1;1,200455E-1;1,281573E-1;9,510298E-1;;
02/12/2021  12:47:17,470863;9,413582E-1;1,487177E-1;1,755471E-1;9,509553E-1;;
02/12/2021  12:47:17,470963;9,407413E-1;1,331073E-1;1,284732E-1;9,508628E-1;;
02/12/2021  12:47:17,471063;9,402823E-1;1,127182E-1;1,158360E-1;9,507527E-1;;
02/12/2021  12:47:17,471163;9,388071E-1;1,117624E-1;1,161519E-1;9,506257E-1;;
02/12/2021  12:47:17,471263;9,391409E-1;9,073616E-2;1,085695E-1;9,504819E-1;;
02/12/2021  12:47:17,471363;9,393405E-1;1,843987E-1;1,704922E-1;9,503219E-1;;
02/12/2021  12:47:17,471463;9,392809E-1;1,139925E-1;1,170997E-1;9,501461E-1;;
02/12/2021  12:47:17,471563;9,382259E-1;1,162226E-1;1,167838E-1;9,499551E-1;;
02/12/2021  12:47:17,471663;9,371441E-1;1,210013E-1;1,297370E-1;9,497494E-1;;
02/12/2021  12:47:17,471763;9,372484E-1;1,216384E-1;1,158360E-1;9,495295E-1;;
02/12/2021  12:47:17,471863;9,373050E-1;8,022302E-2;6,181159E-2;9,492958E-1;;
02/12/2021  12:47:17,471963;9,368520E-1;9,838208E-2;1,110970E-1;9,490490E-1;;
02/12/2021  12:47:17,472063;9,356241E-1;1,219570E-1;1,240502E-1;9,487894E-1;;
02/12/2021  12:47:17,472163;9,345691E-1;1,334259E-1;1,325804E-1;9,485175E-1;;
02/12/2021  12:47:17,472263;9,349416E-1;1,356559E-1;1,189953E-1;9,482337E-1;;
02/12/2021  12:47:17,472363;9,349595E-1;1,334259E-1;1,281573E-1;9,479384E-1;;
02/12/2021  12:47:17,472463;9,336631E-1;1,206827E-1;1,196272E-1;9,476320E-1;;
02/12/2021  12:47:17,472563;9,322355E-1;1,216384E-1;1,366875E-1;9,473149E-1;;
02/12/2021  12:47:17,472663;9,312997E-1;1,331073E-1;1,212068E-1;9,469874E-1;;
02/12/2021  12:47:17,472763;9,308169E-1;1,480806E-1;1,581709E-1;9,466495E-1;;
02/12/2021  12:47:17,472863;9,308199E-1;1,270543E-1;1,559593E-1;9,463013E-1;;
02/12/2021  12:47:17,472963;9,300569E-1;1,267357E-1;1,183634E-1;9,459430E-1;;
02/12/2021  12:47:17,473063;9,287158E-1;1,506292E-1;1,518522E-1;9,455747E-1;;
02/12/2021  12:47:17,473163;9,271958E-1;1,356559E-1;1,322644E-1;9,451965E-1;;
02/12/2021  12:47:17,473263;9,284148E-1;1,407532E-1;1,344760E-1;9,448084E-1;;
02/12/2021  12:47:17,473363;9,279498E-1;1,219570E-1;1,253139E-1;9,444105E-1;;
02/12/2021  12:47:17,473463;9,276846E-1;1,417090E-1;1,404787E-1;9,440030E-1;;
02/12/2021  12:47:17,473563;9,260961E-1;1,168597E-1;1,259458E-1;9,435861E-1;;
02/12/2021  12:47:17,473663;9,252407E-1;1,206827E-1;1,262617E-1;9,431602E-1;;
02/12/2021  12:47:17,473763;9,267458E-1;1,245056E-1;1,129926E-1;9,427254E-1;;
02/12/2021  12:47:17,473863;9,266862E-1;1,302401E-1;1,328963E-1;9,422821E-1;;
02/12/2021  12:47:17,473963;9,264686E-1;1,404346E-1;1,392149E-1;9,418308E-1;;
02/12/2021  12:47:17,474063;9,259769E-1;1,299215E-1;1,297370E-1;9,413723E-1;;
02/12/2021  12:47:17,474163;9,265580E-1;1,280100E-1;1,319485E-1;9,409071E-1;;
02/12/2021  12:47:17,474263;9,276905E-1;1,229127E-1;1,297370E-1;9,404361E-1;;
02/12/2021  12:47:17,474363;9,278992E-1;1,286472E-1;1,284732E-1;9,399604E-1;;
02/12/2021  12:47:17,474463;9,274998E-1;1,296029E-1;1,284732E-1;9,394811E-1;;
02/12/2021  12:47:17,474563;9,271660E-1;1,407532E-1;1,303688E-1;9,389993E-1;;
02/12/2021  12:47:17,474663;9,277651E-1;1,190898E-1;1,073058E-1;9,385161E-1;;
02/12/2021  12:47:17,474763;9,293267E-1;1,340630E-1;1,316326E-1;9,380328E-1;;
02/12/2021  12:47:17,474863;9,298781E-1;1,378860E-1;1,347919E-1;9,375506E-1;;
02/12/2021  12:47:17,474963;9,287098E-1;1,270543E-1;1,294210E-1;9,370711E-1;;
02/12/2021  12:47:17,475063;9,281674E-1;1,439390E-1;1,341600E-1;9,365955E-1;;
02/12/2021  12:47:17,475163;9,292284E-1;1,136739E-1;1,275255E-1;9,361251E-1;;
02/12/2021  12:47:17,475263;9,295979E-1;5,696668E-2;1,114129E-1;9,356609E-1;;
02/12/2021  12:47:17,475363;9,293327E-1;1,229127E-1;1,224705E-1;9,352041E-1;;
02/12/2021  12:47:17,475463;9,289125E-1;1,286472E-1;1,278414E-1;9,347559E-1;;
02/12/2021  12:47:17,475563;9,284326E-1;1,356559E-1;1,183634E-1;9,343171E-1;;
02/12/2021  12:47:17,475663;9,289184E-1;1,308772E-1;1,202590E-1;9,338885E-1;;
02/12/2021  12:47:17,475763;9,297768E-1;1,283286E-1;1,180475E-1;9,334710E-1;;
02/12/2021  12:47:17,475863;9,292761E-1;1,206827E-1;1,262617E-1;9,330652E-1;;
02/12/2021  12:47:17,475963;9,292790E-1;1,362931E-1;1,284732E-1;9,326719E-1;;
02/12/2021  12:47:17,476063;9,288141E-1;1,423461E-1;1,392149E-1;9,322916E-1;;
02/12/2021  12:47:17,476163;9,306291E-1;1,442576E-1;1,360556E-1;9,319250E-1;;
02/12/2021  12:47:17,476263;9,311179E-1;1,311958E-1;1,142563E-1;9,315726E-1;;
02/12/2021  12:47:17,476363;9,320895E-1;8,086018E-2;7,981972E-2;9,312352E-1;;
02/12/2021  12:47:17,476463;9,316454E-1;1,283286E-1;1,316326E-1;9,309133E-1;;
02/12/2021  12:47:17,476563;9,317676E-1;1,264171E-1;1,347919E-1;9,306079E-1;;
02/12/2021  12:47:17,476663;9,339313E-1;1,184526E-1;1,202590E-1;9,303194E-1;;
02/12/2021  12:47:17,476763;9,352873E-1;1,079395E-1;1,120448E-1;9,300487E-1;;
02/12/2021  12:47:17,476863;9,350072E-1;1,159040E-1;1,227865E-1;9,297966E-1;;
02/12/2021  12:47:17,476963;9,355407E-1;1,159040E-1;1,278414E-1;9,295639E-1;;
02/12/2021  12:47:17,477063;9,360115E-1;8,914326E-2;9,435259E-2;9,293515E-1;;
02/12/2021  12:47:17,477163;9,378683E-1;6,811698E-2;1,129926E-1;9,291600E-1;;
02/12/2021  12:47:17,477263;9,383332E-1;1,139925E-1;1,546956E-1;9,289901E-1;;
02/12/2021  12:47:17,477363;9,383809E-1;1,073023E-1;1,177316E-1;9,288427E-1;;
02/12/2021  12:47:17,477463;9,387832E-1;1,120810E-1;1,461654E-1;9,287183E-1;;
02/12/2021  12:47:17,477563;9,386461E-1;1,136739E-1;1,126766E-1;9,286175E-1;;
02/12/2021  12:47:17,477663;9,405654E-1;1,098510E-1;1,177316E-1;9,285405E-1;;
02/12/2021  12:47:17,477763;9,409976E-1;1,028422E-1;1,205749E-1;9,284878E-1;;
02/12/2021  12:47:17,477863;9,410930E-1;1,063466E-1;1,202590E-1;9,284597E-1;;
02/12/2021  12:47:17,477963;9,411764E-1;8,755036E-2;1,088855E-1;9,284564E-1;;
02/12/2021  12:47:17,478063;9,421748E-1;9,073616E-2;1,047783E-1;9,284779E-1;;
02/12/2021  12:47:17,478163;9,434116E-1;9,678918E-2;9,909157E-2;9,285243E-1;;
02/12/2021  12:47:17,478263;9,444160E-1;1,012493E-1;1,126766E-1;9,285957E-1;;
02/12/2021  12:47:17,478363;9,453369E-1;1,136739E-1;1,493248E-1;9,286921E-1;;
02/12/2021  12:47:17,478463;9,444458E-1;1,053908E-1;1,227865E-1;9,288136E-1;;
02/12/2021  12:47:17,478563;9,446306E-1;1,181340E-1;1,423743E-1;9,289600E-1;;
02/12/2021  12:47:17,478663;9,471370E-1;9,392196E-2;1,268936E-1;9,291312E-1;;
02/12/2021  12:47:17,478763;9,470714E-1;1,245056E-1;1,319485E-1;9,293267E-1;;
02/12/2021  12:47:17,478863;9,477331E-1;1,477620E-1;1,515363E-1;9,295465E-1;;
02/12/2021  12:47:17,478963;9,475751E-1;1,267357E-1;1,278414E-1;9,297901E-1;;
02/12/2021  12:47:17,479063;9,483232E-1;1,362931E-1;1,265777E-1;9,300572E-1;;
02/12/2021  12:47:17,479163;9,496405E-1;1,742041E-1;1,550115E-1;9,303473E-1;;
02/12/2021  12:47:17,479263;9,508922E-1;1,757970E-1;1,534319E-1;9,306598E-1;;
02/12/2021  12:47:17,479363;9,508356E-1;1,219570E-1;1,031987E-1;9,309945E-1;;
02/12/2021  12:47:17,479463;9,504541E-1;4,677212E-2;9,182514E-2;9,313507E-1;;
02/12/2021  12:47:17,479563;9,513184E-1;1,652839E-1;1,543797E-1;9,317279E-1;;
02/12/2021  12:47:17,479663;9,517773E-1;1,582751E-1;1,313166E-1;9,321254E-1;;
02/12/2021  12:47:17,479763;9,524121E-1;1,429833E-1;1,392149E-1;9,325423E-1;;
02/12/2021  12:47:17,479863;9,519353E-1;1,085766E-1;1,098333E-1;9,329779E-1;;
02/12/2021  12:47:17,479963;9,521379E-1;6,206396E-2;8,740209E-2;9,334312E-1;;
02/12/2021  12:47:17,480063;9,524479E-1;1,375674E-1;1,354238E-1;9,339012E-1;;
02/12/2021  12:47:17,480163;9,535357E-1;1,251428E-1;1,104651E-1;9,343868E-1;;
02/12/2021  12:47:17,480263;9,534940E-1;1,133553E-1;1,218387E-1;9,348870E-1;;
02/12/2021  12:47:17,480363;9,535685E-1;1,302401E-1;1,328963E-1;9,354007E-1;;
02/12/2021  12:47:17,480463;9,533330E-1;1,388417E-1;1,243661E-1;9,359267E-1;;
02/12/2021  12:47:17,480563;9,537443E-1;9,105474E-2;1,306848E-1;9,364638E-1;;
02/12/2021  12:47:17,480663;9,546205E-1;1,248242E-1;1,313166E-1;9,370109E-1;;
02/12/2021  12:47:17,480763;9,551540E-1;1,232313E-1;1,259458E-1;9,375668E-1;;
02/12/2021  12:47:17,480863;9,550795E-1;1,410718E-1;1,467973E-1;9,381303E-1;;
02/12/2021  12:47:17,480963;9,548977E-1;1,216384E-1;1,249980E-1;9,387005E-1;;
02/12/2021  12:47:17,481063;9,563253E-1;1,009307E-1;1,205749E-1;9,392761E-1;;
02/12/2021  12:47:17,481163;9,580866E-1;1,222756E-1;1,231024E-1;9,398563E-1;;
02/12/2021  12:47:17,481263;9,579227E-1;1,245056E-1;1,240502E-1;9,404402E-1;;
02/12/2021  12:47:17,481363;9,587334E-1;1,442576E-1;1,553275E-1;9,410272E-1;;
02/12/2021  12:47:17,481463;9,579227E-1;1,267357E-1;1,215227E-1;9,416167E-1;;
02/12/2021  12:47:17,481563;9,594516E-1;1,219570E-1;1,218387E-1;9,422080E-1;;
02/12/2021  12:47:17,481663;9,604053E-1;1,417090E-1;1,708081E-1;9,428004E-1;;
02/12/2021  12:47:17,481763;9,612428E-1;1,413904E-1;1,445858E-1;9,433934E-1;;
02/12/2021  12:47:17,481863;9,608494E-1;1,433019E-1;1,417424E-1;9,439868E-1;;
02/12/2021  12:47:17,481963;9,612785E-1;1,229127E-1;1,221546E-1;9,445800E-1;;
02/12/2021  12:47:17,482063;9,625332E-1;1,273729E-1;1,218387E-1;9,451727E-1;;
02/12/2021  12:47:17,482163;9,632783E-1;1,324701E-1;1,392149E-1;9,457645E-1;;
02/12/2021  12:47:17,482263;9,639757E-1;1,334259E-1;1,322644E-1;9,463551E-1;;
02/12/2021  12:47:17,482363;9,636181E-1;1,235499E-1;1,193112E-1;9,469444E-1;;
02/12/2021  12:47:17,482463;9,632574E-1;1,257800E-1;1,417424E-1;9,475322E-1;;
02/12/2021  12:47:17,482563;9,644168E-1;1,509478E-1;1,929234E-1;9,481180E-1;;
02/12/2021  12:47:17,482663;9,650069E-1;1,194084E-1;1,284732E-1;9,487016E-1;;
02/12/2021  12:47:17,482763;9,656775E-1;1,171783E-1;1,218387E-1;9,492826E-1;;
02/12/2021  12:47:17,482863;9,655523E-1;1,210013E-1;1,208909E-1;9,498608E-1;;
02/12/2021  12:47:17,482963;9,655344E-1;1,302401E-1;1,310007E-1;9,504360E-1;;
02/12/2021  12:47:17,483063;9,664136E-1;1,321516E-1;1,471132E-1;9,510079E-1;;
02/12/2021  12:47:17,483163;9,674328E-1;1,296029E-1;1,310007E-1;9,515762E-1;;
02/12/2021  12:47:17,483263;9,668040E-1;1,203641E-1;1,249980E-1;9,521408E-1;;
02/12/2021  12:47:17,483363;9,659248E-1;1,127182E-1;1,224705E-1;9,527013E-1;;
02/12/2021  12:47:17,483463;9,659546E-1;5,664810E-2;1,354238E-1;9,532574E-1;;
02/12/2021  12:47:17,483563;9,666192E-1;1,334259E-1;1,319485E-1;9,538086E-1;;
02/12/2021  12:47:17,483663;9,668338E-1;1,225942E-1;1,224705E-1;9,543543E-1;;
02/12/2021  12:47:17,483763;9,664255E-1;1,241871E-1;1,341600E-1;9,548940E-1;;
02/12/2021  12:47:17,483863;9,656715E-1;1,321516E-1;1,395309E-1;9,554272E-1;;
02/12/2021  12:47:17,483963;9,653556E-1;1,133553E-1;1,376353E-1;9,559533E-1;;
02/12/2021  12:47:17,484063;9,659159E-1;1,066652E-1;1,126766E-1;9,564715E-1;;
02/12/2021  12:47:17,484163;9,661156E-1;1,168597E-1;1,243661E-1;9,569811E-1;;
02/12/2021  12:47:17,484263;9,651291E-1;1,053908E-1;1,155200E-1;9,574815E-1;;
02/12/2021  12:47:17,484363;9,639936E-1;7,926728E-2;9,909157E-2;9,579719E-1;;
02/12/2021  12:47:17,484463;9,634541E-1;1,028422E-1;1,133085E-1;9,584516E-1;;
02/12/2021  12:47:17,484563;9,639936E-1;1,251428E-1;1,215227E-1;9,589195E-1;;
02/12/2021  12:47:17,484663;9,629088E-1;1,159040E-1;1,240502E-1;9,593748E-1;;
02/12/2021  12:47:17,484763;9,624528E-1;1,353374E-1;1,363715E-1;9,598165E-1;;
02/12/2021  12:47:17,484863;9,610461E-1;1,248242E-1;1,297370E-1;9,602437E-1;;
02/12/2021  12:47:17,484963;9,612100E-1;1,203641E-1;1,275255E-1;9,606552E-1;;
02/12/2021  12:47:17,485063;9,612040E-1;1,225942E-1;1,066739E-1;9,610502E-1;;
02/12/2021  12:47:17,485163;9,609835E-1;1,216384E-1;1,212068E-1;9,614277E-1;;
02/12/2021  12:47:17,485263;9,594546E-1;1,378860E-1;1,360556E-1;9,617869E-1;;
02/12/2021  12:47:17,485363;9,582386E-1;1,305587E-1;1,278414E-1;9,621270E-1;;
02/12/2021  12:47:17,485463;9,586708E-1;8,691320E-2;7,034176E-2;9,624470E-1;;
02/12/2021  12:47:17,485563;9,582237E-1;1,254614E-1;1,354238E-1;9,627460E-1;;
02/12/2021  12:47:17,485663;9,581820E-1;1,238685E-1;1,268936E-1;9,630233E-1;;
02/12/2021  12:47:17,485763;9,570376E-1;1,305587E-1;1,297370E-1;9,632783E-1;;
02/12/2021  12:47:17,485863;9,563491E-1;8,723178E-2;9,909157E-2;9,635105E-1;;
02/12/2021  12:47:17,485963;9,563104E-1;1,085766E-1;1,054102E-1;9,637192E-1;;
02/12/2021  12:47:17,486063;9,561047E-1;1,732484E-1;1,986102E-1;9,639041E-1;;
02/12/2021  12:47:17,486163;9,559825E-1;1,276914E-1;1,253139E-1;9,640648E-1;;
02/12/2021  12:47:17,486263;9,548500E-1;1,618844E-2;5,138584E-2;9,642010E-1;;
02/12/2021  12:47:17,486363;9,534105E-1;1,232313E-1;1,262617E-1;9,643126E-1;;
02/12/2021  12:47:17,486463;9,535745E-1;1,213198E-1;1,272095E-1;9,643994E-1;;
02/12/2021  12:47:17,486563;9,535566E-1;1,235499E-1;1,363715E-1;9,644611E-1;;
02/12/2021  12:47:17,486663;9,520664E-1;1,264171E-1;1,237343E-1;9,644976E-1;;
02/12/2021  12:47:17,486763;9,511544E-1;7,799296E-2;9,245700E-2;9,645090E-1;;
02/12/2021  12:47:17,486863;9,495958E-1;1,283286E-1;1,278414E-1;9,644950E-1;;
02/12/2021  12:47:17,486963;9,502037E-1;1,245056E-1;1,224705E-1;9,644556E-1;;
02/12/2021  12:47:17,487063;9,494080E-1;1,280100E-1;1,237343E-1;9,643907E-1;;
02/12/2021  12:47:17,487163;9,483023E-1;1,452133E-1;1,714400E-1;9,643003E-1;;
02/12/2021  12:47:17,487263;9,464188E-1;1,229127E-1;1,249980E-1;9,641843E-1;;
02/12/2021  12:47:17,487363;9,456677E-1;1,385232E-1;1,433221E-1;9,640429E-1;;
02/12/2021  12:47:17,487463;9,454829E-1;1,120810E-1;1,395309E-1;9,638759E-1;;
02/12/2021  12:47:17,487563;9,455068E-1;1,200455E-1;1,224705E-1;9,636832E-1;;
02/12/2021  12:47:17,487663;9,449346E-1;1,350188E-1;1,351078E-1;9,634651E-1;;
02/12/2021  12:47:17,487763;9,435130E-1;1,248242E-1;1,294210E-1;9,632219E-1;;
02/12/2021  12:47:17,487863;9,426099E-1;7,193994E-2;1,076217E-1;9,629538E-1;;
02/12/2021  12:47:17,487963;9,430749E-1;1,264171E-1;1,287892E-1;9,626612E-1;;
02/12/2021  12:47:17,488063;9,430391E-1;1,267357E-1;1,249980E-1;9,623445E-1;;
02/12/2021  12:47:17,488163;9,421957E-1;9,997498E-2;7,602853E-2;9,620043E-1;;
02/12/2021  12:47:17,488263;9,408516E-1;1,547707E-1;1,711241E-1;9,616414E-1;;
02/12/2021  12:47:17,488363;9,408188E-1;1,401161E-1;1,303688E-1;9,612564E-1;;
02/12/2021  12:47:17,488463;9,410870E-1;1,321516E-1;1,540637E-1;9,608500E-1;;
02/12/2021  12:47:17,488563;9,407055E-1;1,257800E-1;1,272095E-1;9,604231E-1;;
02/12/2021  12:47:17,488663;9,396296E-1;3,689614E-2;7,697633E-2;9,599765E-1;;
02/12/2021  12:47:17,488763;9,388786E-1;1,280100E-1;1,328963E-1;9,595113E-1;;
02/12/2021  12:47:17,488863;9,388548E-1;1,289658E-1;1,306848E-1;9,590284E-1;;
02/12/2021  12:47:17,488963;9,392094E-1;1,085766E-1;1,092014E-1;9,585287E-1;;
02/12/2021  12:47:17,489063;9,388667E-1;1,028422E-1;1,221546E-1;9,580133E-1;;
02/12/2021  12:47:17,489163;9,383451E-1;1,385232E-1;1,379512E-1;9,574833E-1;;
02/12/2021  12:47:17,489263;9,368401E-1;1,433019E-1;1,224705E-1;9,569399E-1;;
02/12/2021  12:47:17,489363;9,368043E-1;1,544522E-1;1,644895E-1;9,563842E-1;;
02/12/2021  12:47:17,489463;9,373676E-1;5,282514E-2;6,402312E-2;9,558172E-1;;
02/12/2021  12:47:17,489563;9,368967E-1;1,464877E-1;1,385831E-1;9,552400E-1;;
02/12/2021  12:47:17,489663;9,357850E-1;1,445762E-1;1,376353E-1;9,546537E-1;;
02/12/2021  12:47:17,489763;9,352337E-1;1,136739E-1;1,268936E-1;9,540594E-1;;
02/12/2021  12:47:17,489863;9,359698E-1;6,939130E-2;1,180475E-1;9,534581E-1;;
02/12/2021  12:47:17,489963;9,363066E-1;1,471248E-1;1,373193E-1;9,528509E-1;;
02/12/2021  12:47:17,490063;9,353291E-1;1,455319E-1;1,316326E-1;9,522390E-1;;
02/12/2021  12:47:17,490163;9,346406E-1;1,305587E-1;1,524841E-1;9,516236E-1;;
02/12/2021  12:47:17,490263;9,338449E-1;1,085766E-1;1,158360E-1;9,510056E-1;;
02/12/2021  12:47:17,490363;9,338806E-1;1,028422E-1;1,063580E-1;9,503861E-1;;
02/12/2021  12:47:17,490463;9,341846E-1;1,452133E-1;1,850251E-1;9,497659E-1;;
02/12/2021  12:47:17,490563;9,335498E-1;1,002936E-1;1,028828E-1;9,491459E-1;;
02/12/2021  12:47:17,490663;9,327302E-1;8,277166E-2;1,385831E-1;9,485270E-1;;
02/12/2021  12:47:17,490763;9,317765E-1;9,519628E-2;1,006712E-1;9,479100E-1;;
02/12/2021  12:47:17,490863;9,327720E-1;1,334259E-1;1,322644E-1;9,472957E-1;;
02/12/2021  12:47:17,490963;9,324173E-1;1,165411E-1;1,310007E-1;9,466846E-1;;
02/12/2021  12:47:17,491063;9,321640E-1;9,232906E-2;1,057261E-1;9,460776E-1;;
02/12/2021  12:47:17,491163;9,315232E-1;8,786894E-2;9,530039E-2;9,454754E-1;;
02/12/2021  12:47:17,491263;9,304712E-1;7,894870E-2;1,117289E-1;9,448785E-1;;
02/12/2021  12:47:17,491363;9,313384E-1;1,092138E-1;1,212068E-1;9,442877E-1;;
02/12/2021  12:47:17,491463;9,313980E-1;9,901924E-2;1,082536E-1;9,437032E-1;;
02/12/2021  12:47:17,491563;9,309540E-1;1,002936E-1;1,133085E-1;9,431259E-1;;
02/12/2021  12:47:17,491663;9,306083E-1;1,015679E-1;1,142563E-1;9,425562E-1;;
02/12/2021  12:47:17,491763;9,304175E-1;1,165411E-1;1,325804E-1;9,419946E-1;;
02/12/2021  12:47:17,491863;9,311358E-1;1,098510E-1;1,332122E-1;9,414417E-1;;
02/12/2021  12:47:17,491963;9,311417E-1;9,169190E-2;1,063580E-1;9,408980E-1;;
02/12/2021  12:47:17,492063;9,308497E-1;1,136739E-1;1,328963E-1;9,403640E-1;;
02/12/2021  12:47:17,492163;9,302655E-1;1,350188E-1;1,401627E-1;9,398404E-1;;
02/12/2021  12:47:17,492263;9,305099E-1;9,551486E-2;9,688005E-2;9,393275E-1;;
02/12/2021  12:47:17,492363;9,312460E-1;1,401161E-1;1,379512E-1;9,388258E-1;;
02/12/2021  12:47:17,492463;9,318838E-1;1,315144E-1;1,325804E-1;9,383358E-1;;
02/12/2021  12:47:17,492563;9,317885E-1;1,426647E-1;1,436380E-1;9,378581E-1;;
02/12/2021  12:47:17,492663;9,306142E-1;1,945932E-1;1,730197E-1;9,373933E-1;;
02/12/2021  12:47:17,492763;9,306887E-1;1,563636E-1;1,310007E-1;9,369418E-1;;
02/12/2021  12:47:17,492863;9,319107E-1;1,210013E-1;1,237343E-1;9,365039E-1;;
02/12/2021  12:47:17,492963;9,315977E-1;1,719741E-1;1,505885E-1;9,360800E-1;;
02/12/2021  12:47:17,493063;9,306470E-1;1,799386E-1;1,540637E-1;9,356705E-1;;
02/12/2021  12:47:17,493163;9,299705E-1;1,490363E-1;1,531159E-1;9,352756E-1;;
02/12/2021  12:47:17,493263;9,297022E-1;1,523270E-2;6,149566E-2;9,348953E-1;;
02/12/2021  12:47:17,493363;9,300629E-1;1,092138E-1;1,047783E-1;9,345295E-1;;
02/12/2021  12:47:17,493463;9,297559E-1;1,283286E-1;1,335282E-1;9,341781E-1;;
02/12/2021  12:47:17,493563;9,292224E-1;1,382046E-1;1,316326E-1;9,338409E-1;;
02/12/2021  12:47:17,493663;9,289751E-1;1,407532E-1;1,366875E-1;9,335177E-1;;
02/12/2021  12:47:17,493763;9,291598E-1;1,324701E-1;1,316326E-1;9,332082E-1;;
02/12/2021  12:47:17,493863;9,297946E-1;1,130368E-1;9,688005E-2;9,329122E-1;;
02/12/2021  12:47:17,493963;9,296188E-1;1,350188E-1;1,351078E-1;9,326293E-1;;
02/12/2021  12:47:17,494063;9,288409E-1;1,353374E-1;1,347919E-1;9,323593E-1;;
02/12/2021  12:47:17,494163;9,287247E-1;1,210013E-1;1,249980E-1;9,321020E-1;;
02/12/2021  12:47:17,494263;9,286979E-1;1,241871E-1;1,199431E-1;9,318571E-1;;
02/12/2021  12:47:17,494363;9,301582E-1;1,267357E-1;9,087734E-2;9,316240E-1;;
02/12/2021  12:47:17,494463;9,297380E-1;1,327887E-1;1,310007E-1;9,314027E-1;;
02/12/2021  12:47:17,494563;9,296575E-1;1,104881E-1;1,170997E-1;9,311930E-1;;
02/12/2021  12:47:17,494663;9,295473E-1;5,282514E-2;8,108345E-2;9,309946E-1;;
02/12/2021  12:47:17,494763;9,300390E-1;1,190898E-1;9,845971E-2;9,308075E-1;;
02/12/2021  12:47:17,494863;9,303251E-1;1,945932E-1;2,219891E-1;9,306313E-1;;
02/12/2021  12:47:17,494963;9,300062E-1;1,232313E-1;1,246821E-1;9,304660E-1;;
02/12/2021  12:47:17,495063;9,296158E-1;1,605052E-1;1,850251E-1;9,303114E-1;;
02/12/2021  12:47:17,495163;9,288767E-1;1,283286E-1;1,167838E-1;9,301673E-1;;
02/12/2021  12:47:17,495263;9,294370E-1;1,302401E-1;1,287892E-1;9,300332E-1;;
02/12/2021  12:47:17,495363;9,297470E-1;1,235499E-1;1,300529E-1;9,299088E-1;;
02/12/2021  12:47:17,495463;9,289393E-1;1,241871E-1;1,284732E-1;9,297937E-1;;
02/12/2021  12:47:17,495563;9,290943E-1;1,203641E-1;1,338441E-1;9,296876E-1;;
02/12/2021  12:47:17,495663;9,283611E-1;1,273729E-1;1,335282E-1;9,295900E-1;;
02/12/2021  12:47:17,495763;9,294012E-1;1,302401E-1;1,205749E-1;9,295005E-1;;
02/12/2021  12:47:17,495863;9,296724E-1;1,410718E-1;1,395309E-1;9,294186E-1;;
02/12/2021  12:47:17,495963;9,294519E-1;1,595494E-1;1,733356E-1;9,293441E-1;;
02/12/2021  12:47:17,496063;9,288439E-1;1,334259E-1;1,395309E-1;9,292766E-1;;
02/12/2021  12:47:17,496163;9,289333E-1;9,105474E-2;1,518522E-1;9,292157E-1;;
02/12/2021  12:47:17,496263;9,296009E-1;2,224146E-2;7,255328E-2;9,291612E-1;;
02/12/2021  12:47:17,496363;9,296158E-1;1,235499E-1;1,265777E-1;9,291126E-1;;
02/12/2021  12:47:17,496463;9,297231E-1;1,292843E-1;1,297370E-1;9,290697E-1;;
02/12/2021  12:47:17,496563;9,295234E-1;1,407532E-1;1,436380E-1;9,290324E-1;;
02/12/2021  12:47:17,496663;9,293148E-1;1,439390E-1;1,509044E-1;9,290002E-1;;
02/12/2021  12:47:17,496763;9,305606E-1;1,270543E-1;1,341600E-1;9,289731E-1;;
02/12/2021  12:47:17,496863;9,306977E-1;1,229127E-1;1,256299E-1;9,289508E-1;;
02/12/2021  12:47:17,496963;9,306530E-1;1,213198E-1;1,300529E-1;9,289333E-1;;
02/12/2021  12:47:17,497063;9,299466E-1;1,289658E-1;1,452176E-1;9,289206E-1;;
02/12/2021  12:47:17,497163;9,299824E-1;1,200455E-1;1,155200E-1;9,289124E-1;;
02/12/2021  12:47:17,497263;9,311090E-1;1,302401E-1;1,000394E-1;9,289086E-1;;
02/12/2021  12:47:17,497363;9,311149E-1;1,270543E-1;1,284732E-1;9,289091E-1;;
02/12/2021  12:47:17,497463;9,311507E-1;1,331073E-1;1,373193E-1;9,289139E-1;;
02/12/2021  12:47:17,497563;9,308199E-1;1,353374E-1;1,376353E-1;9,289229E-1;;
02/12/2021  12:47:17,497663;9,312699E-1;1,225942E-1;1,249980E-1;9,289361E-1;;
02/12/2021  12:47:17,497763;9,318838E-1;1,203641E-1;1,281573E-1;9,289533E-1;;
02/12/2021  12:47:17,497863;9,323160E-1;1,302401E-1;1,335282E-1;9,289747E-1;;
02/12/2021  12:47:17,497963;9,326587E-1;1,407532E-1;1,373193E-1;9,290002E-1;;
02/12/2021  12:47:17,498063;9,319166E-1;1,174969E-1;1,009872E-1;9,290300E-1;;
02/12/2021  12:47:17,498163;9,317736E-1;1,117624E-1;1,249980E-1;9,290641E-1;;
02/12/2021  12:47:17,498263;9,329865E-1;1,407532E-1;1,584868E-1;9,291025E-1;;
02/12/2021  12:47:17,498363;9,331445E-1;1,340630E-1;1,344760E-1;9,291451E-1;;
02/12/2021  12:47:17,498463;9,327213E-1;1,283286E-1;1,284732E-1;9,291920E-1;;
02/12/2021  12:47:17,498563;9,321372E-1;5,314372E-2;8,834988E-2;9,292431E-1;;
02/12/2021  12:47:17,498663;9,319613E-1;9,328480E-2;1,180475E-1;9,292985E-1;;
02/12/2021  12:47:17,498763;9,332369E-1;1,305587E-1;1,259458E-1;9,293578E-1;;
02/12/2021  12:47:17,498863;9,332667E-1;1,359745E-1;1,212068E-1;9,294209E-1;;
02/12/2021  12:47:17,498963;9,326975E-1;1,146297E-1;1,486929E-1;9,294878E-1;;
02/12/2021  12:47:17,499063;9,312848E-1;1,133553E-1;1,142563E-1;9,295583E-1;;
02/12/2021  12:47:17,499163;9,316812E-1;1,401161E-1;1,262617E-1;9,296320E-1;;
02/12/2021  12:47:17,499263;9,322176E-1;1,426647E-1;2,065085E-1;9,297085E-1;;
02/12/2021  12:47:17,499363;9,322266E-1;1,133553E-1;1,139404E-1;9,297875E-1;;
02/12/2021  12:47:17,499463;9,318451E-1;6,875414E-2;5,644075E-2;9,298685E-1;;
02/12/2021  12:47:17,499563;9,312788E-1;1,436204E-1;1,404787E-1;9,299514E-1;;
02/12/2021  12:47:17,499663;9,322295E-1;1,372488E-1;1,370034E-1;9,300356E-1;;
02/12/2021  12:47:17,499763;9,328554E-1;1,053908E-1;1,316326E-1;9,301208E-1;;
02/12/2021  12:47:17,499863;9,328912E-1;1,296029E-1;1,357397E-1;9,302068E-1;;
02/12/2021  12:47:17,499963;9,320984E-1;1,442576E-1;1,322644E-1;9,302935E-1;;
02/12/2021  12:47:17,500063;9,322236E-1;2,873000E-1;2,450522E-1;9,303807E-1;;
02/12/2021  12:47:17,500163;9,329150E-1;1,407532E-1;1,625939E-1;9,304681E-1;;
02/12/2021  12:47:17,500263;9,332637E-1;1,248242E-1;1,243661E-1;9,305556E-1;;
02/12/2021  12:47:17,500363;9,331922E-1;1,273729E-1;1,341600E-1;9,306431E-1;;
02/12/2021  12:47:17,500463;9,334634E-1;1,350188E-1;1,234183E-1;9,307305E-1;;
02/12/2021  12:47:17,500563;9,333442E-1;1,407532E-1;1,328963E-1;9,308179E-1;;
02/12/2021  12:47:17,500663;9,351264E-1;1,487177E-1;1,622780E-1;9,309052E-1;;
02/12/2021  12:47:17,500763;9,355168E-1;1,289658E-1;1,294210E-1;9,309926E-1;;
02/12/2021  12:47:17,500863;9,359132E-1;1,251428E-1;1,328963E-1;9,310804E-1;;
02/12/2021  12:47:17,500963;9,356628E-1;1,417090E-1;1,417424E-1;9,311690E-1;;
02/12/2021  12:47:17,501063;9,359221E-1;1,162226E-1;1,319485E-1;9,312588E-1;;
02/12/2021  12:47:17,501163;9,371262E-1;1,053908E-1;9,782784E-2;9,313499E-1;;
02/12/2021  12:47:17,501263;9,375851E-1;1,162226E-1;1,212068E-1;9,314429E-1;;
02/12/2021  12:47:17,501363;9,382140E-1;1,270543E-1;1,458495E-1;9,315382E-1;;
02/12/2021  12:47:17,501463;9,382378E-1;1,754784E-1;1,670170E-1;9,316363E-1;;
02/12/2021  12:47:17,501563;9,385418E-1;1,174969E-1;1,256299E-1;9,317376E-1;;
02/12/2021  12:47:17,501663;9,397488E-1;1,382046E-1;1,550115E-1;9,318426E-1;;
02/12/2021  12:47:17,501763;9,401214E-1;1,391603E-1;1,420583E-1;9,319519E-1;;
02/12/2021  12:47:17,501863;9,401601E-1;1,308772E-1;1,186794E-1;9,320660E-1;;
02/12/2021  12:47:17,501963;9,399128E-1;1,190898E-1;1,291051E-1;9,321852E-1;;
02/12/2021  12:47:17,502063;9,401214E-1;1,343816E-1;1,313166E-1;9,323101E-1;;
02/12/2021  12:47:17,502163;9,411287E-1;1,382046E-1;1,306848E-1;9,324407E-1;;
02/12/2021  12:47:17,502263;9,414953E-1;1,413904E-1;1,392149E-1;9,325775E-1;;
02/12/2021  12:47:17,502363;9,412092E-1;1,292843E-1;1,202590E-1;9,327207E-1;;
02/12/2021  12:47:17,502463;9,412390E-1;1,225942E-1;1,310007E-1;9,328704E-1;;
02/12/2021  12:47:17,502563;9,419304E-1;1,219570E-1;1,265777E-1;9,330269E-1;;
02/12/2021  12:47:17,502663;9,424222E-1;1,012493E-1;7,855599E-2;9,331901E-1;;
02/12/2021  12:47:17,502763;9,429437E-1;1,264171E-1;1,136244E-1;9,333602E-1;;
02/12/2021  12:47:17,502863;9,429616E-1;1,448948E-1;1,322644E-1;9,335373E-1;;
02/12/2021  12:47:17,502963;9,428096E-1;1,127182E-1;1,174156E-1;9,337213E-1;;
02/12/2021  12:47:17,503063;9,430361E-1;1,382046E-1;1,385831E-1;9,339124E-1;;
02/12/2021  12:47:17,503163;9,441656E-1;1,337445E-1;1,347919E-1;9,341104E-1;;
02/12/2021  12:47:17,503263;9,449524E-1;1,251428E-1;1,249980E-1;9,343153E-1;;
02/12/2021  12:47:17,503363;9,446932E-1;1,098510E-1;1,152041E-1;9,345272E-1;;
02/12/2021  12:47:17,503463;9,454829E-1;1,254614E-1;1,272095E-1;9,347459E-1;;
02/12/2021  12:47:17,503563;9,465618E-1;1,573194E-1;1,550115E-1;9,349717E-1;;
02/12/2021  12:47:17,503663;9,481384E-1;1,311958E-1;1,224705E-1;9,352046E-1;;
02/12/2021  12:47:17,503763;9,485526E-1;1,104881E-1;1,161519E-1;9,354448E-1;;
02/12/2021  12:47:17,503863;9,483977E-1;-7,588118E-2;3,653703E-2;9,356928E-1;;
02/12/2021  12:47:17,503963;9,488447E-1;1,213198E-1;1,313166E-1;9,359488E-1;;
02/12/2021  12:47:17,504063;9,504213E-1;1,057094E-1;1,148882E-1;9,362129E-1;;
02/12/2021  12:47:17,504163;9,515270E-1;1,069837E-1;1,278414E-1;9,364854E-1;;
02/12/2021  12:47:17,504263;9,516075E-1;9,774492E-2;1,117289E-1;9,367668E-1;;
02/12/2021  12:47:17,504363;9,520724E-1;1,069837E-1;1,256299E-1;9,370572E-1;;
02/12/2021  12:47:17,504463;9,524598E-1;1,235499E-1;1,240502E-1;9,373570E-1;;
02/12/2021  12:47:17,504563;9,542778E-1;9,710776E-2;1,082536E-1;9,376664E-1;;
02/12/2021  12:47:17,504663;9,551749E-1;9,105474E-2;1,044624E-1;9,379857E-1;;
02/12/2021  12:47:17,504763;9,553149E-1;1,028422E-1;1,167838E-1;9,383152E-1;;
02/12/2021  12:47:17,504863;9,555474E-1;1,088952E-1;1,199431E-1;9,386553E-1;;
02/12/2021  12:47:17,504963;9,556845E-1;8,542518E-3;9,308886E-2;9,390061E-1;;
02/12/2021  12:47:17,505063;9,569720E-1;9,774492E-2;1,272095E-1;9,393677E-1;;
02/12/2021  12:47:17,505163;9,574965E-1;8,946184E-2;1,028828E-1;9,397401E-1;;
02/12/2021  12:47:17,505263;9,576038E-1;9,296622E-2;1,101492E-1;9,401235E-1;;
02/12/2021  12:47:17,505363;9,578542E-1;9,678918E-2;1,085695E-1;9,405177E-1;;
02/12/2021  12:47:17,505463;9,577618E-1;9,137332E-2;1,303688E-1;9,409226E-1;;
02/12/2021  12:47:17,505563;9,588108E-1;9,647060E-2;1,180475E-1;9,413379E-1;;
02/12/2021  12:47:17,505663;9,593920E-1;1,130368E-1;1,272095E-1;9,417635E-1;;
02/12/2021  12:47:17,505763;9,587453E-1;1,127182E-1;1,310007E-1;9,421988E-1;;
02/12/2021  12:47:17,505863;9,587959E-1;1,076209E-1;1,142563E-1;9,426436E-1;;
02/12/2021  12:47:17,505963;9,584830E-1;1,283286E-1;1,224705E-1;9,430972E-1;;
02/12/2021  12:47:17,506063;9,591834E-1;1,585937E-1;1,856569E-1;9,435589E-1;;
02/12/2021  12:47:17,506163;9,595649E-1;1,503106E-1;1,420583E-1;9,440280E-1;;
02/12/2021  12:47:17,506263;9,591029E-1;1,576380E-1;1,467973E-1;9,445036E-1;;
02/12/2021  12:47:17,506363;9,585486E-1;1,748413E-1;1,562753E-1;9,449851E-1;;
02/12/2021  12:47:17,506463;9,584443E-1;1,706997E-1;1,531159E-1;9,454714E-1;;
02/12/2021  12:47:17,506563;9,596930E-1;1,863102E-1;1,641736E-1;9,459615E-1;;
02/12/2021  12:47:17,506663;9,598480E-1;1,706997E-1;1,499566E-1;9,464545E-1;;
02/12/2021  12:47:17,506763;9,588406E-1;1,487177E-1;1,404787E-1;9,469493E-1;;
02/12/2021  12:47:17,506863;9,577260E-1;1,216384E-1;1,073058E-1;9,474451E-1;;
02/12/2021  12:47:17,506963;9,578303E-1;1,331073E-1;1,370034E-1;9,479407E-1;;
02/12/2021  12:47:17,507063;9,580181E-1;1,464877E-1;1,565912E-1;9,484348E-1;;
02/12/2021  12:47:17,507163;9,582982E-1;1,178155E-1;1,189953E-1;9,489262E-1;;
02/12/2021  12:47:17,507263;9,575710E-1;1,238685E-1;1,249980E-1;9,494138E-1;;
02/12/2021  12:47:17,507363;9,571240E-1;1,210013E-1;1,297370E-1;9,498964E-1;;
02/12/2021  12:47:17,507463;9,574071E-1;1,139925E-1;1,054102E-1;9,503728E-1;;
02/12/2021  12:47:17,507563;9,575114E-1;1,315144E-1;1,234183E-1;9,508419E-1;;
02/12/2021  12:47:17,507663;9,570107E-1;1,133553E-1;1,164678E-1;9,513027E-1;;
02/12/2021  12:47:17,507763;9,569631E-1;1,273729E-1;1,328963E-1;9,517542E-1;;
02/12/2021  12:47:17,507863;9,557203E-1;1,235499E-1;1,306848E-1;9,521953E-1;;
02/12/2021  12:47:17,507963;9,560392E-1;1,254614E-1;1,136244E-1;9,526251E-1;;
02/12/2021  12:47:17,508063;9,564653E-1;1,289658E-1;1,268936E-1;9,530426E-1;;
02/12/2021  12:47:17,508163;9,558037E-1;1,098510E-1;1,063580E-1;9,534468E-1;;
02/12/2021  12:47:17,508263;9,548292E-1;1,534964E-1;1,499566E-1;9,538370E-1;;
02/12/2021  12:47:17,508363;9,543791E-1;1,388417E-1;1,322644E-1;9,542124E-1;;
02/12/2021  12:47:17,508463;9,546861E-1;1,260985E-1;1,227865E-1;9,545721E-1;;
02/12/2021  12:47:17,508563;9,550169E-1;1,123996E-1;1,328963E-1;9,549153E-1;;
02/12/2021  12:47:17,508663;9,546027E-1;1,305587E-1;1,284732E-1;9,552414E-1;;
02/12/2021  12:47:17,508763;9,531065E-1;1,321516E-1;1,445858E-1;9,555499E-1;;
02/12/2021  12:47:17,508863;9,522840E-1;4,390490E-2;1,215227E-1;9,558402E-1;;
02/12/2021  12:47:17,508963;9,524598E-1;1,413904E-1;1,423743E-1;9,561117E-1;;
02/12/2021  12:47:17,509063;9,523436E-1;1,260985E-1;1,287892E-1;9,563638E-1;;
02/12/2021  12:47:17,509163;9,515598E-1;1,318330E-1;1,344760E-1;9,565959E-1;;
02/12/2021  12:47:17,509263;9,506508E-1;1,969282E-2;7,350108E-2;9,568077E-1;;
02/12/2021  12:47:17,509363;9,498789E-1;1,063466E-1;1,161519E-1;9,569986E-1;;
02/12/2021  12:47:17,509463;9,500279E-1;1,057094E-1;1,227865E-1;9,571682E-1;;
02/12/2021  12:47:17,509563;9,500696E-1;1,155854E-1;1,218387E-1;9,573160E-1;;
02/12/2021  12:47:17,509663;9,483470E-1;1,493549E-1;1,717559E-1;9,574419E-1;;
02/12/2021  12:47:17,509763;9,475215E-1;1,267357E-1;1,243661E-1;9,575456E-1;;
02/12/2021  12:47:17,509863;9,473337E-1;1,305587E-1;1,259458E-1;9,576267E-1;;
02/12/2021  12:47:17,509963;9,477301E-1;1,187712E-1;1,256299E-1;9,576850E-1;;
02/12/2021  12:47:17,510063;9,467317E-1;1,366117E-1;1,376353E-1;9,577203E-1;;
02/12/2021  12:47:17,510163;9,455366E-1;1,308772E-1;1,442698E-1;9,577326E-1;;
02/12/2021  12:47:17,510263;9,449137E-1;1,168597E-1;1,205749E-1;9,577219E-1;;
02/12/2021  12:47:17,510363;9,439004E-1;1,260985E-1;1,205749E-1;9,576879E-1;;
02/12/2021  12:47:17,510463;9,445948E-1;1,560451E-1;1,613302E-1;9,576308E-1;;
02/12/2021  12:47:17,510563;9,437275E-1;1,420275E-1;1,341600E-1;9,575504E-1;;
02/12/2021  12:47:17,510663;9,428811E-1;1,280100E-1;1,322644E-1;9,574471E-1;;
02/12/2021  12:47:17,510763;9,413075E-1;1,311958E-1;1,420583E-1;9,573208E-1;;
02/12/2021  12:47:17,510863;9,407055E-1;1,254614E-1;1,249980E-1;9,571717E-1;;
02/12/2021  12:47:17,510963;9,404373E-1;1,057094E-1;9,845971E-2;9,569999E-1;;
02/12/2021  12:47:17,511063;9,404850E-1;1,200455E-1;1,158360E-1;9,568055E-1;;
02/12/2021  12:47:17,511163;9,393554E-1;1,053908E-1;1,003553E-1;9,565887E-1;;
02/12/2021  12:47:17,511263;9,383600E-1;1,347002E-1;1,357397E-1;9,563499E-1;;
02/12/2021  12:47:17,511363;9,379368E-1;1,394789E-1;1,332122E-1;9,560892E-1;;
02/12/2021  12:47:17,511463;9,378504E-1;1,184526E-1;9,656411E-2;9,558072E-1;;
02/12/2021  12:47:17,511563;9,376358E-1;1,053908E-1;1,117289E-1;9,555041E-1;;
02/12/2021  12:47:17,511663;9,361069E-1;1,098510E-1;1,208909E-1;9,551805E-1;;
02/12/2021  12:47:17,511763;9,346495E-1;1,136739E-1;1,227865E-1;9,548369E-1;;
02/12/2021  12:47:17,511863;9,338836E-1;1,286472E-1;1,193112E-1;9,544736E-1;;
02/12/2021  12:47:17,511963;9,344558E-1;1,241871E-1;1,079377E-1;9,540909E-1;;
02/12/2021  12:47:17,512063;9,330491E-1;9,742634E-2;1,164678E-1;9,536894E-1;;
02/12/2021  12:47:17,512163;9,324173E-1;1,413904E-1;1,430061E-1;9,532693E-1;;
02/12/2021  12:47:17,512263;9,308765E-1;1,417090E-1;1,379512E-1;9,528313E-1;;
02/12/2021  12:47:17,512363;9,311835E-1;1,260985E-1;1,028828E-1;9,523757E-1;;
02/12/2021  12:47:17,512463;9,308318E-1;1,009307E-1;1,594346E-1;9,519030E-1;;
02/12/2021  12:47:17,512563;9,291300E-1;1,327887E-1;1,231024E-1;9,514137E-1;;
02/12/2021  12:47:17,512663;9,283999E-1;1,487177E-1;1,300529E-1;9,509084E-1;;
02/12/2021  12:47:17,512763;9,266147E-1;1,318330E-1;1,243661E-1;9,503874E-1;;
02/12/2021  12:47:17,512863;9,259024E-1;1,391603E-1;1,332122E-1;9,498511E-1;;
02/12/2021  12:47:17,512963;9,259232E-1;1,308772E-1;1,376353E-1;9,492997E-1;;
02/12/2021  12:47:17,513063;9,247699E-1;1,401161E-1;1,382671E-1;9,487337E-1;;
02/12/2021  12:47:17,513163;9,228833E-1;1,321516E-1;1,430061E-1;9,481533E-1;;
02/12/2021  12:47:17,513263;9,225018E-1;1,114439E-1;1,126766E-1;9,475589E-1;;
02/12/2021  12:47:17,513363;9,226866E-1;6,939130E-2;6,623464E-2;9,469507E-1;;
02/12/2021  12:47:17,513463;9,222783E-1;1,155854E-1;1,221546E-1;9,463290E-1;;
02/12/2021  12:47:17,513563;9,218700E-1;1,426647E-1;1,376353E-1;9,456945E-1;;
02/12/2021  12:47:17,513663;9,204633E-1;1,194084E-1;1,234183E-1;9,450478E-1;;
02/12/2021  12:47:17,513763;9,194977E-1;1,238685E-1;1,120448E-1;9,443894E-1;;
02/12/2021  12:47:17,513863;9,199090E-1;1,190898E-1;1,145722E-1;9,437199E-1;;
02/12/2021  12:47:17,513963;9,200461E-1;1,417090E-1;1,426902E-1;9,430399E-1;;
02/12/2021  12:47:17,514063;9,196408E-1;1,490363E-1;1,411105E-1;9,423502E-1;;
02/12/2021  12:47:17,514163;9,183294E-1;1,257800E-1;1,183634E-1;9,416518E-1;;
02/12/2021  12:47:17,514263;9,180463E-1;1,251428E-1;1,253139E-1;9,409454E-1;;
02/12/2021  12:47:17,514363;9,182639E-1;1,324701E-1;1,382671E-1;9,402319E-1;;
02/12/2021  12:47:17,514463;9,195722E-1;1,474434E-1;1,417424E-1;9,395123E-1;;
02/12/2021  12:47:17,514563;9,188867E-1;1,264171E-1;1,297370E-1;9,387877E-1;;
02/12/2021  12:47:17,514663;9,174204E-1;1,222756E-1;1,158360E-1;9,380593E-1;;
02/12/2021  12:47:17,514763;9,169048E-1;1,276914E-1;1,164678E-1;9,373283E-1;;
02/12/2021  12:47:17,514863;9,170330E-1;1,305587E-1;7,824006E-2;9,365957E-1;;
02/12/2021  12:47:17,514963;9,178913E-1;1,311958E-1;1,259458E-1;9,358624E-1;;
02/12/2021  12:47:17,515063;9,172774E-1;1,308772E-1;1,341600E-1;9,351297E-1;;
02/12/2021  12:47:17,515163;9,171582E-1;1,025236E-1;1,189953E-1;9,343986E-1;;
02/12/2021  12:47:17,515263;9,168154E-1;1,219570E-1;1,284732E-1;9,336703E-1;;
02/12/2021  12:47:17,515363;9,181327E-1;1,146297E-1;1,310007E-1;9,329459E-1;;
02/12/2021  12:47:17,515463;9,189136E-1;1,216384E-1;1,284732E-1;9,322268E-1;;
02/12/2021  12:47:17,515563;9,189970E-1;1,146297E-1;1,227865E-1;9,315142E-1;;
02/12/2021  12:47:17,515663;9,182341E-1;9,073616E-2;8,898175E-2;9,308097E-1;;
02/12/2021  12:47:17,515763;9,183115E-1;1,289658E-1;1,281573E-1;9,301146E-1;;
02/12/2021  12:47:17,515863;9,198315E-1;1,420275E-1;1,660692E-1;9,294302E-1;;
02/12/2021  12:47:17,515963;9,203322E-1;1,187712E-1;1,224705E-1;9,287578E-1;;
02/12/2021  12:47:17,516063;9,205348E-1;1,347002E-1;1,253139E-1;9,280988E-1;;
02/12/2021  12:47:17,516163;9,202279E-1;1,455319E-1;1,442698E-1;9,274547E-1;;
02/12/2021  12:47:17,516263;9,208984E-1;1,343816E-1;1,303688E-1;9,268267E-1;;
02/12/2021  12:47:17,516363;9,222038E-1;1,378860E-1;1,259458E-1;9,262162E-1;;
02/12/2021  12:47:17,516463;9,223737E-1;1,251428E-1;1,054102E-1;9,256244E-1;;
02/12/2021  12:47:17,516563;9,219356E-1;1,417090E-1;1,322644E-1;9,250527E-1;;
02/12/2021  12:47:17,516663;9,215958E-1;1,362931E-1;1,335282E-1;9,245020E-1;;
02/12/2021  12:47:17,516763;9,222843E-1;1,260985E-1;1,110970E-1;9,239734E-1;;
02/12/2021  12:47:17,516863;9,231903E-1;1,111253E-1;1,013031E-1;9,234677E-1;;
02/12/2021  12:47:17,516963;9,233781E-1;1,002936E-1;1,085695E-1;9,229856E-1;;
02/12/2021  12:47:17,517063;9,234913E-1;9,615202E-2;1,031987E-1;9,225280E-1;;
02/12/2021  12:47:17,517163;9,238340E-1;1,197269E-1;1,136244E-1;9,220956E-1;;
02/12/2021  12:47:17,517263;9,251573E-1;1,101695E-1;1,189953E-1;9,216888E-1;;
02/12/2021  12:47:17,517363;9,257802E-1;1,095324E-1;1,319485E-1;9,213083E-1;;
02/12/2021  12:47:17,517463;9,266564E-1;1,174969E-1;1,272095E-1;9,209548E-1;;
02/12/2021  12:47:17,517563;9,268978E-1;1,044351E-1;9,624818E-2;9,206288E-1;;
02/12/2021  12:47:17,517663;9,272942E-1;1,101695E-1;1,253139E-1;9,203310E-1;;
02/12/2021  12:47:17,517763;9,288767E-1;9,933782E-2;1,123607E-1;9,200617E-1;;
02/12/2021  12:47:17,517863;9,304354E-1;1,066652E-1;1,205749E-1;9,198214E-1;;
02/12/2021  12:47:17,517963;9,310941E-1;1,098510E-1;1,180475E-1;9,196109E-1;;
02/12/2021  12:47:17,518063;9,316245E-1;9,392196E-2;1,009872E-1;9,194305E-1;;
02/12/2021  12:47:17,518163;9,324888E-1;1,037979E-1;1,145722E-1;9,192810E-1;;
02/12/2021  12:47:17,518263;9,341191E-1;1,190898E-1;1,486929E-1;9,191628E-1;;
02/12/2021  12:47:17,518363;9,354811E-1;1,076209E-1;1,218387E-1;9,190762E-1;;
02/12/2021  12:47:17,518463;9,370129E-1;8,946184E-2;1,129926E-1;9,190220E-1;;
02/12/2021  12:47:17,518563;9,366344E-1;9,264764E-2;1,079377E-1;9,190006E-1;;
02/12/2021  12:47:17,518663;9,374928E-1;7,640006E-2;1,047783E-1;9,190125E-1;;
02/12/2021  12:47:17,518763;9,390544E-1;9,169190E-2;9,024547E-2;9,190578E-1;;
02/12/2021  12:47:17,518863;9,402853E-1;1,181340E-1;1,287892E-1;9,191369E-1;;
02/12/2021  12:47:17,518963;9,410572E-1;1,238685E-1;1,426902E-1;9,192499E-1;;
02/12/2021  12:47:17,519063;9,414595E-1;1,130368E-1;1,278414E-1;9,193969E-1;;
02/12/2021  12:47:17,519163;9,427560E-1;1,280100E-1;1,404787E-1;9,195780E-1;;
02/12/2021  12:47:17,519263;9,449375E-1;1,512664E-1;1,749153E-1;9,197931E-1;;
02/12/2021  12:47:17,519363;9,458644E-1;1,331073E-1;1,303688E-1;9,200423E-1;;
02/12/2021  12:47:17,519463;9,462429E-1;1,203641E-1;1,031987E-1;9,203255E-1;;
02/12/2021  12:47:17,519563;9,466244E-1;1,742041E-1;1,581709E-1;9,206427E-1;;
02/12/2021  12:47:17,519663;9,475483E-1;1,872659E-1;1,597505E-1;9,209935E-1;;
02/12/2021  12:47:17,519763;9,488656E-1;1,232313E-1;1,246821E-1;9,213776E-1;;
02/12/2021  12:47:17,519863;9,502753E-1;1,579565E-1;1,509044E-1;9,217944E-1;;
02/12/2021  12:47:17,519963;9,500279E-1;1,566822E-1;1,436380E-1;9,222435E-1;;
02/12/2021  12:47:17,520063;9,502127E-1;1,114439E-1;1,401627E-1;9,227243E-1;;
02/12/2021  12:47:17,520163;9,513959E-1;1,331073E-1;1,360556E-1;9,232359E-1;;
02/12/2021  12:47:17,520263;9,522929E-1;-6,963020E-4;3,464144E-2;9,237774E-1;;
02/12/2021  12:47:17,520363;9,529575E-1;1,238685E-1;1,170997E-1;9,243479E-1;;
02/12/2021  12:47:17,520463;9,522065E-1;1,369303E-1;1,351078E-1;9,249463E-1;;
02/12/2021  12:47:17,520563;9,516909E-1;1,442576E-1;1,322644E-1;9,255713E-1;;
02/12/2021  12:47:17,520663;9,529784E-1;1,308772E-1;1,411105E-1;9,262215E-1;;
02/12/2021  12:47:17,520763;9,530976E-1;1,101695E-1;1,281573E-1;9,268953E-1;;
02/12/2021  12:47:17,520863;9,533032E-1;1,232313E-1;1,310007E-1;9,275909E-1;;
02/12/2021  12:47:17,520963;9,533539E-1;1,420275E-1;1,426902E-1;9,283068E-1;;
02/12/2021  12:47:17,521063;9,534076E-1;1,260985E-1;1,202590E-1;9,290411E-1;;
02/12/2021  12:47:17,521163;9,537264E-1;1,085766E-1;1,332122E-1;9,297919E-1;;
02/12/2021  12:47:17,521263;9,553328E-1;1,251428E-1;1,284732E-1;9,305575E-1;;
02/12/2021  12:47:17,521363;9,550020E-1;1,382046E-1;1,382671E-1;9,313360E-1;;
02/12/2021  12:47:17,521463;9,549603E-1;1,407532E-1;2,144068E-1;9,321258E-1;;
02/12/2021  12:47:17,521563;9,549484E-1;1,127182E-1;1,177316E-1;9,329250E-1;;
02/12/2021  12:47:17,521663;9,558305E-1;1,194084E-1;1,221546E-1;9,337320E-1;;
02/12/2021  12:47:17,521763;9,562895E-1;1,267357E-1;1,496407E-1;9,345449E-1;;
02/12/2021  12:47:17,521863;9,566352E-1;1,340630E-1;1,208909E-1;9,353621E-1;;
02/12/2021  12:47:17,521963;9,562418E-1;1,225942E-1;1,300529E-1;9,361821E-1;;
02/12/2021  12:47:17,522063;9,562150E-1;1,213198E-1;1,234183E-1;9,370032E-1;;
02/12/2021  12:47:17,522163;9,575830E-1;9,455912E-2;1,060421E-1;9,378239E-1;;
02/12/2021  12:47:17,522263;9,578780E-1;1,280100E-1;1,240502E-1;9,386426E-1;;
02/12/2021  12:47:17,522363;9,579436E-1;1,232313E-1;1,291051E-1;9,394580E-1;;
02/12/2021  12:47:17,522463;9,567216E-1;1,190898E-1;1,221546E-1;9,402689E-1;;
02/12/2021  12:47:17,522563;9,567246E-1;9,232906E-2;9,498445E-2;9,410737E-1;;
02/12/2021  12:47:17,522663;9,575919E-1;1,570008E-1;1,812339E-1;9,418711E-1;;
02/12/2021  12:47:17,522763;9,576455E-1;1,174969E-1;1,253139E-1;9,426597E-1;;
02/12/2021  12:47:17,522863;9,575114E-1;1,311958E-1;1,316326E-1;9,434382E-1;;
02/12/2021  12:47:17,522963;9,574041E-1;1,270543E-1;1,291051E-1;9,442054E-1;;
02/12/2021  12:47:17,523063;9,569780E-1;1,372488E-1;1,411105E-1;9,449601E-1;;
02/12/2021  12:47:17,523163;9,578452E-1;1,321516E-1;1,401627E-1;9,457012E-1;;
02/12/2021  12:47:17,523263;9,587125E-1;1,114439E-1;1,155200E-1;9,464276E-1;;
02/12/2021  12:47:17,523363;9,577916E-1;1,085766E-1;1,148882E-1;9,471385E-1;;
02/12/2021  12:47:17,523463;9,572402E-1;1,174969E-1;1,215227E-1;9,478330E-1;;
02/12/2021  12:47:17,523563;9,572551E-1;1,251428E-1;1,161519E-1;9,485104E-1;;
02/12/2021  12:47:17,523663;9,575889E-1;1,445762E-1;2,134590E-1;9,491697E-1;;
02/12/2021  12:47:17,523763;9,577230E-1;1,155854E-1;1,199431E-1;9,498102E-1;;
02/12/2021  12:47:17,523863;9,568498E-1;1,152668E-1;1,268936E-1;9,504313E-1;;
02/12/2021  12:47:17,523963;9,564385E-1;1,114439E-1;1,578549E-1;9,510322E-1;;
02/12/2021  12:47:17,524063;9,562061E-1;1,267357E-1;1,328963E-1;9,516123E-1;;
02/12/2021  12:47:17,524163;9,573386E-1;1,082581E-1;1,253139E-1;9,521710E-1;;
02/12/2021  12:47:17,524263;9,566412E-1;1,184526E-1;1,224705E-1;9,527077E-1;;
02/12/2021  12:47:17,524363;9,556905E-1;1,123996E-1;1,262617E-1;9,532222E-1;;
02/12/2021  12:47:17,524463;9,545967E-1;1,123996E-1;1,272095E-1;9,537138E-1;;
02/12/2021  12:47:17,524563;9,546772E-1;1,302401E-1;1,341600E-1;9,541822E-1;;
02/12/2021  12:47:17,524663;9,543940E-1;1,388417E-1;1,524841E-1;9,546267E-1;;
02/12/2021  12:47:17,524763;9,541646E-1;1,318330E-1;1,303688E-1;9,550469E-1;;
02/12/2021  12:47:17,524863;9,536728E-1;1,461691E-1;1,404787E-1;9,554424E-1;;
02/12/2021  12:47:17,524963;9,523257E-1;1,267357E-1;1,294210E-1;9,558129E-1;;
02/12/2021  12:47:17,525063;9,521528E-1;1,257800E-1;1,284732E-1;9,561579E-1;;
02/12/2021  12:47:17,525163;9,523704E-1;1,264171E-1;1,155200E-1;9,564771E-1;;
02/12/2021  12:47:17,525263;9,523108E-1;1,280100E-1;1,120448E-1;9,567702E-1;;
02/12/2021  12:47:17,525363;9,513392E-1;1,232313E-1;1,275255E-1;9,570371E-1;;
02/12/2021  12:47:17,525463;9,505047E-1;1,210013E-1;1,278414E-1;9,572777E-1;;
02/12/2021  12:47:17,525563;9,501799E-1;9,870066E-2;8,929768E-2;9,574919E-1;;
02/12/2021  12:47:17,525663;9,500011E-1;3,211744E-2;7,286922E-2;9,576796E-1;;
02/12/2021  12:47:17,525763;9,499027E-1;9,678918E-2;9,403666E-2;9,578407E-1;;
02/12/2021  12:47:17,525863;9,489192E-1;1,092138E-1;1,152041E-1;9,579755E-1;;
02/12/2021  12:47:17,525963;9,478106E-1;1,098510E-1;1,152041E-1;9,580839E-1;;
02/12/2021  12:47:17,526063;9,485974E-1;1,159040E-1;1,126766E-1;9,581661E-1;;
02/12/2021  12:47:17,526163;9,487374E-1;1,334259E-1;1,581709E-1;9,582223E-1;;
02/12/2021  12:47:17,526263;9,480043E-1;1,264171E-1;1,259458E-1;9,582530E-1;;
02/12/2021  12:47:17,526363;9,473456E-1;1,184526E-1;1,152041E-1;9,582584E-1;;
02/12/2021  12:47:17,526463;9,464039E-1;1,047537E-1;1,505885E-1;9,582392E-1;;
02/12/2021  12:47:17,526563;9,464813E-1;1,382046E-1;1,388990E-1;9,581957E-1;;
02/12/2021  12:47:17,526663;9,461982E-1;1,417090E-1;1,382671E-1;9,581285E-1;;
02/12/2021  12:47:17,526763;9,452505E-1;1,155854E-1;1,227865E-1;9,580379E-1;;
02/12/2021  12:47:17,526863;9,447826E-1;1,098510E-1;1,129926E-1;9,579246E-1;;
02/12/2021  12:47:17,526963;9,435964E-1;1,315144E-1;1,344760E-1;9,577891E-1;;
02/12/2021  12:47:17,527063;9,442521E-1;1,480806E-1;1,685966E-1;9,576318E-1;;
02/12/2021  12:47:17,527163;9,437067E-1;1,251428E-1;1,246821E-1;9,574533E-1;;
02/12/2021  12:47:17,527263;9,430123E-1;1,359745E-1;1,493248E-1;9,572542E-1;;
02/12/2021  12:47:17,527363;9,423924E-1;1,413904E-1;1,366875E-1;9,570351E-1;;
02/12/2021  12:47:17,527463;9,416294E-1;1,101695E-1;1,208909E-1;9,567967E-1;;
02/12/2021  12:47:17,527563;9,418410E-1;1,300264E-2;6,370719E-2;9,565396E-1;;
02/12/2021  12:47:17,527663;9,420973E-1;1,232313E-1;1,259458E-1;9,562644E-1;;
02/12/2021  12:47:17,527763;9,409559E-1;1,337445E-1;1,518522E-1;9,559719E-1;;
02/12/2021  12:47:17,527863;9,406370E-1;1,254614E-1;1,291051E-1;9,556629E-1;;
02/12/2021  12:47:17,527963;9,399038E-1;1,280100E-1;1,193112E-1;9,553382E-1;;
02/12/2021  12:47:17,528063;9,404194E-1;1,318330E-1;1,313166E-1;9,549984E-1;;
02/12/2021  12:47:17,528163;9,396773E-1;1,152668E-1;1,208909E-1;9,546445E-1;;
02/12/2021  12:47:17,528263;9,394508E-1;1,216384E-1;1,079377E-1;9,542771E-1;;
02/12/2021  12:47:17,528363;9,375702E-1;7,321426E-2;1,224705E-1;9,538972E-1;;
02/12/2021  12:47:17,528463;9,368252E-1;1,257800E-1;1,208909E-1;9,535054E-1;;
02/12/2021  12:47:17,528563;9,373855E-1;1,363980E-2;5,612482E-2;9,531021E-1;;
02/12/2021  12:47:17,528663;9,367834E-1;1,343816E-1;1,306848E-1;9,526881E-1;;
02/12/2021  12:47:17,528763;9,362857E-1;1,174969E-1;1,082536E-1;9,522639E-1;;
02/12/2021  12:47:17,528863;9,350221E-1;3,594040E-2;8,487463E-2;9,518301E-1;;
02/12/2021  12:47:17,528963;9,349357E-1;1,276914E-1;1,253139E-1;9,513872E-1;;
02/12/2021  12:47:17,529063;9,349386E-1;1,187712E-1;9,877564E-2;9,509359E-1;;
02/12/2021  12:47:17,529163;9,344916E-1;1,267357E-1;1,357397E-1;9,504766E-1;;
02/12/2021  12:47:17,529263;9,341548E-1;1,356559E-1;1,354238E-1;9,500099E-1;;
02/12/2021  12:47:17,529363;9,334187E-1;1,073023E-1;1,047783E-1;9,495365E-1;;
02/12/2021  12:47:17,529463;9,338180E-1;1,181340E-1;1,035146E-1;9,490569E-1;;
02/12/2021  12:47:17,529563;9,336541E-1;1,267357E-1;1,335282E-1;9,485719E-1;;
02/12/2021  12:47:17,529663;9,334753E-1;1,413904E-1;1,328963E-1;9,480821E-1;;
02/12/2021  12:47:17,529763;9,326110E-1;1,296029E-1;1,262617E-1;9,475882E-1;;
02/12/2021  12:47:17,529863;9,320001E-1;1,162226E-1;1,155200E-1;9,470910E-1;;
02/12/2021  12:47:17,529963;9,318004E-1;1,165411E-1;1,240502E-1;9,465910E-1;;
02/12/2021  12:47:17,530063;9,319554E-1;1,382046E-1;1,322644E-1;9,460889E-1;;
02/12/2021  12:47:17,530163;9,316096E-1;1,366117E-1;1,152041E-1;9,455851E-1;;
02/12/2021  12:47:17,530263;9,304354E-1;1,111253E-1;1,155200E-1;9,450804E-1;;
02/12/2021  12:47:17,530363;9,296486E-1;1,194084E-1;1,170997E-1;9,445752E-1;;
02/12/2021  12:47:17,530463;9,296754E-1;1,197269E-1;1,221546E-1;9,440700E-1;;
02/12/2021  12:47:17,530563;9,298632E-1;1,318330E-1;1,540637E-1;9,435650E-1;;
02/12/2021  12:47:17,530663;9,298453E-1;1,143111E-1;1,180475E-1;9,430608E-1;;
02/12/2021  12:47:17,530763;9,292731E-1;1,321516E-1;1,461654E-1;9,425578E-1;;
02/12/2021  12:47:17,530863;9,292045E-1;1,299215E-1;1,395309E-1;9,420565E-1;;
02/12/2021  12:47:17,530963;9,298453E-1;1,155854E-1;1,310007E-1;9,415574E-1;;
02/12/2021  12:47:17,531063;9,301851E-1;9,997498E-2;1,076217E-1;9,410612E-1;;
02/12/2021  12:47:17,531163;9,303609E-1;1,066652E-1;1,107811E-1;9,405685E-1;;
02/12/2021  12:47:17,531263;9,299049E-1;9,360338E-2;8,424277E-2;9,400800E-1;;
02/12/2021  12:47:17,531363;9,301135E-1;7,640006E-2;1,325804E-1;9,395966E-1;;
02/12/2021  12:47:17,531463;9,309927E-1;1,168597E-1;1,215227E-1;9,391189E-1;;
02/12/2021  12:47:17,531563;9,319494E-1;9,742634E-2;1,101492E-1;9,386478E-1;;
02/12/2021  12:47:17,531663;9,319107E-1;7,863012E-2;9,751191E-2;9,381843E-1;;
02/12/2021  12:47:17,531763;9,321193E-1;9,870066E-2;9,561632E-2;9,377294E-1;;
02/12/2021  12:47:17,531863;9,325544E-1;9,328480E-2;9,593225E-2;9,372840E-1;;
02/12/2021  12:47:17,531963;9,340952E-1;8,786894E-2;1,009872E-1;9,368491E-1;;
02/12/2021  12:47:17,532063;9,345631E-1;8,181592E-2;9,751191E-2;9,364260E-1;;
02/12/2021  12:47:17,532163;9,344260E-1;9,774492E-2;1,328963E-1;9,360157E-1;;
02/12/2021  12:47:17,532263;9,342323E-1;1,178155E-1;1,272095E-1;9,356193E-1;;
02/12/2021  12:47:17,532363;9,342293E-1;8,978042E-2;1,060421E-1;9,352379E-1;;
02/12/2021  12:47:17,532463;9,351264E-1;9,870066E-2;1,133085E-1;9,348722E-1;;
02/12/2021  12:47:17,532563;9,354751E-1;1,044351E-1;1,224705E-1;9,345229E-1;;
02/12/2021  12:47:17,532663;9,348105E-1;1,410718E-1;1,556434E-1;9,341910E-1;;
02/12/2021  12:47:17,532763;9,347092E-1;1,350188E-1;1,145722E-1;9,338768E-1;;
02/12/2021  12:47:17,532863;9,349804E-1;1,480806E-1;1,411105E-1;9,335809E-1;;
02/12/2021  12:47:17,532963;9,357701E-1;1,777085E-1;1,714400E-1;9,333036E-1;;
02/12/2021  12:47:17,533063;9,360712E-1;1,605052E-1;1,496407E-1;9,330453E-1;;
02/12/2021  12:47:17,533163;9,351771E-1;1,350188E-1;1,095173E-1;9,328060E-1;;
02/12/2021  12:47:17,533263;9,346853E-1;1,675139E-1;1,341600E-1;9,325861E-1;;
02/12/2021  12:47:17,533363;9,350608E-1;1,073023E-1;1,401627E-1;9,323854E-1;;
02/12/2021  12:47:17,533463;9,355913E-1;1,550893E-1;1,531159E-1;9,322036E-1;;
02/12/2021  12:47:17,533563;9,361397E-1;1,659210E-1;1,575390E-1;9,320408E-1;;
02/12/2021  12:47:17,533663;9,362828E-1;1,789828E-1;1,493248E-1;9,318965E-1;;
02/12/2021  12:47:17,533763;9,357403E-1;1,267357E-1;1,316326E-1;9,317708E-1;;
02/12/2021  12:47:17,533863;9,361755E-1;7,225852E-2;8,519056E-2;9,316633E-1;;
02/12/2021  12:47:17,533963;9,367387E-1;1,401161E-1;1,344760E-1;9,315737E-1;;
02/12/2021  12:47:17,534063;9,372990E-1;1,283286E-1;1,325804E-1;9,315017E-1;;
02/12/2021  12:47:17,534163;9,369176E-1;1,063466E-1;1,126766E-1;9,314469E-1;;
02/12/2021  12:47:17,534263;9,355436E-1;1,302401E-1;1,268936E-1;9,314091E-1;;
02/12/2021  12:47:17,534363;9,361844E-1;1,241871E-1;9,182514E-2;9,313876E-1;;
02/12/2021  12:47:17,534463;9,369831E-1;1,439390E-1;1,332122E-1;9,313817E-1;;
02/12/2021  12:47:17,534563;9,365093E-1;1,270543E-1;1,341600E-1;9,313909E-1;;
02/12/2021  12:47:17,534663;9,366851E-1;1,213198E-1;1,256299E-1;9,314146E-1;;
02/12/2021  12:47:17,534763;9,360205E-1;1,296029E-1;1,272095E-1;9,314520E-1;;
02/12/2021  12:47:17,534863;9,370159E-1;1,337445E-1;1,325804E-1;9,315024E-1;;
02/12/2021  12:47:17,534963;9,373914E-1;1,480806E-1;1,682807E-1;9,315652E-1;;
02/12/2021  12:47:17,535063;9,377729E-1;1,187712E-1;1,256299E-1;9,316396E-1;;
02/12/2021  12:47:17,535163;9,375822E-1;1,423461E-1;1,455336E-1;9,317252E-1;;
02/12/2021  12:47:17,535263;9,377163E-1;1,190898E-1;1,657532E-1;9,318214E-1;;
02/12/2021  12:47:17,535363;9,381305E-1;1,722926E-1;1,878685E-1;9,319276E-1;;
02/12/2021  12:47:17,535463;9,389740E-1;1,315144E-1;1,347919E-1;9,320433E-1;;
02/12/2021  12:47:17,535563;9,402048E-1;1,260985E-1;1,183634E-1;9,321680E-1;;
02/12/2021  12:47:17,535663;9,401452E-1;1,302401E-1;1,370034E-1;9,323015E-1;;
02/12/2021  12:47:17,535763;9,405863E-1;1,426647E-1;1,370034E-1;9,324436E-1;;
02/12/2021  12:47:17,535863;9,419692E-1;1,442576E-1;1,736515E-1;9,325940E-1;;
02/12/2021  12:47:17,535963;9,423715E-1;1,219570E-1;1,297370E-1;9,327529E-1;;
02/12/2021  12:47:17,536063;9,429854E-1;1,197269E-1;1,208909E-1;9,329201E-1;;
02/12/2021  12:47:17,536163;9,426874E-1;1,283286E-1;1,243661E-1;9,330957E-1;;
02/12/2021  12:47:17,536263;9,425205E-1;1,232313E-1;1,256299E-1;9,332797E-1;;
02/12/2021  12:47:17,536363;9,430719E-1;1,267357E-1;1,310007E-1;9,334719E-1;;
02/12/2021  12:47:17,536463;9,436650E-1;1,299215E-1;1,347919E-1;9,336723E-1;;
02/12/2021  12:47:17,536563;9,437126E-1;1,366117E-1;1,319485E-1;9,338805E-1;;
02/12/2021  12:47:17,536663;9,432269E-1;1,213198E-1;1,316326E-1;9,340964E-1;;
02/12/2021  12:47:17,536763;9,431911E-1;1,260985E-1;1,278414E-1;9,343198E-1;;
02/12/2021  12:47:17,536863;9,431613E-1;1,210013E-1;1,275255E-1;9,345501E-1;;
02/12/2021  12:47:17,536963;9,437097E-1;1,276914E-1;1,313166E-1;9,347869E-1;;
02/12/2021  12:47:17,537063;9,429139E-1;1,299215E-1;1,335282E-1;9,350297E-1;;
02/12/2021  12:47:17,537163;9,429854E-1;2,057435E-1;1,907119E-1;9,352779E-1;;
02/12/2021  12:47:17,537263;9,435696E-1;1,267357E-1;1,351078E-1;9,355310E-1;;
02/12/2021  12:47:17,537363;9,439719E-1;2,574584E-2;1,120448E-1;9,357883E-1;;
02/12/2021  12:47:17,537463;9,442938E-1;1,241871E-1;1,249980E-1;9,360492E-1;;
02/12/2021  12:47:17,537563;9,442640E-1;1,232313E-1;1,259458E-1;9,363134E-1;;
02/12/2021  12:47:17,537663;9,445352E-1;1,464877E-1;1,606983E-1;9,365803E-1;;
02/12/2021  12:47:17,537763;9,446634E-1;1,146297E-1;1,237343E-1;9,368496E-1;;
02/12/2021  12:47:17,537863;9,452177E-1;1,793014E-1;1,802861E-1;9,371207E-1;;
02/12/2021  12:47:17,537963;9,452237E-1;1,302401E-1;1,281573E-1;9,373934E-1;;
02/12/2021  12:47:17,538063;9,447528E-1;1,327887E-1;1,256299E-1;9,376672E-1;;
02/12/2021  12:47:17,538163;9,437782E-1;1,197269E-1;1,123607E-1;9,379416E-1;;
02/12/2021  12:47:17,538263;9,438676E-1;1,060280E-1;1,155200E-1;9,382162E-1;;
02/12/2021  12:47:17,538363;9,440256E-1;1,108067E-1;1,189953E-1;9,384901E-1;;
02/12/2021  12:47:17,538463;9,431911E-1;1,254614E-1;1,265777E-1;9,387628E-1;;
02/12/2021  12:47:17,538563;9,424311E-1;1,308772E-1;1,265777E-1;9,390335E-1;;
02/12/2021  12:47:17,538663;9,412330E-1;1,245056E-1;1,243661E-1;9,393013E-1;;
02/12/2021  12:47:17,538763;9,414864E-1;1,391603E-1;1,360556E-1;9,395652E-1;;
02/12/2021  12:47:17,538863;9,420556E-1;1,359745E-1;1,366875E-1;9,398242E-1;;
02/12/2021  12:47:17,538963;9,415370E-1;1,187712E-1;1,076217E-1;9,400775E-1;;
02/12/2021  12:47:17,539063;9,396952E-1;1,203641E-1;1,256299E-1;9,403242E-1;;
02/12/2021  12:47:17,539163;9,392958E-1;1,315144E-1;1,363715E-1;9,405633E-1;;
02/12/2021  12:47:17,539263;9,394150E-1;1,372488E-1;1,388990E-1;9,407938E-1;;
02/12/2021  12:47:17,539363;9,392869E-1;1,296029E-1;1,581709E-1;9,410147E-1;;
02/12/2021  12:47:17,539463;9,393435E-1;1,267357E-1;1,126766E-1;9,412252E-1;;
02/12/2021  12:47:17,539563;9,382319E-1;1,238685E-1;1,227865E-1;9,414244E-1;;
02/12/2021  12:47:17,539663;9,378265E-1;1,573194E-1;1,528000E-1;9,416117E-1;;
02/12/2021  12:47:17,539763;9,382468E-1;1,624167E-1;1,635417E-1;9,417862E-1;;
02/12/2021  12:47:17,539863;9,384137E-1;1,155854E-1;1,243661E-1;9,419473E-1;;
02/12/2021  12:47:17,539963;9,377431E-1;1,362931E-1;1,370034E-1;9,420946E-1;;
02/12/2021  12:47:17,540063;9,367030E-1;1,229127E-1;1,404787E-1;9,422277E-1;;
02/12/2021  12:47:17,540163;9,366672E-1;1,372488E-1;1,291051E-1;9,423460E-1;;
02/12/2021  12:47:17,540263;9,376239E-1;1,477620E-1;1,761790E-1;9,424493E-1;;
02/12/2021  12:47:17,540363;9,378683E-1;1,321516E-1;1,291051E-1;9,425373E-1;;
02/12/2021  12:47:17,540463;9,375881E-1;1,343816E-1;1,373193E-1;9,426100E-1;;
02/12/2021  12:47:17,540563;9,380888E-1;1,127182E-1;1,167838E-1;9,426676E-1;;
02/12/2021  12:47:17,540663;9,377580E-1;1,315144E-1;1,357397E-1;9,427104E-1;;
02/12/2021  12:47:17,540763;9,392958E-1;1,184526E-1;1,291051E-1;9,427385E-1;;
02/12/2021  12:47:17,540863;9,400141E-1;1,273729E-1;1,284732E-1;9,427527E-1;;
02/12/2021  12:47:17,540963;9,393912E-1;1,417090E-1;1,521681E-1;9,427537E-1;;
02/12/2021  12:47:17,541063;9,388846E-1;1,257800E-1;1,215227E-1;9,427423E-1;;
02/12/2021  12:47:17,541163;9,385180E-1;1,292843E-1;1,287892E-1;9,427192E-1;;
02/12/2021  12:47:17,541263;9,400946E-1;1,238685E-1;1,193112E-1;9,426851E-1;;
02/12/2021  12:47:17,541363;9,401273E-1;1,496735E-1;1,509044E-1;9,426408E-1;;
02/12/2021  12:47:17,541463;9,399575E-1;1,292843E-1;1,420583E-1;9,425871E-1;;
02/12/2021  12:47:17,541563;9,390842E-1;9,774492E-2;1,047783E-1;9,425249E-1;;
02/12/2021  12:47:17,541663;9,392273E-1;1,050723E-1;1,114129E-1;9,424550E-1;;
02/12/2021  12:47:17,541763;9,399873E-1;1,276914E-1;1,303688E-1;9,423781E-1;;
02/12/2021  12:47:17,541863;9,393554E-1;1,331073E-1;1,284732E-1;9,422949E-1;;
02/12/2021  12:47:17,541963;9,389471E-1;9,232906E-2;7,539667E-2;9,422062E-1;;
02/12/2021  12:47:17,542063;9,374451E-1;1,397975E-1;1,196272E-1;9,421124E-1;;
02/12/2021  12:47:17,542163;9,380173E-1;1,245056E-1;1,638576E-1;9,420140E-1;;
02/12/2021  12:47:17,542263;9,383988E-1;1,308772E-1;1,221546E-1;9,419113E-1;;
02/12/2021  12:47:17,542363;9,384256E-1;1,420275E-1;1,256299E-1;9,418046E-1;;
02/12/2021  12:47:17,542463;9,385239E-1;1,127182E-1;1,054102E-1;9,416945E-1;;
02/12/2021  12:47:17,542563;9,378951E-1;1,095324E-1;1,180475E-1;9,415814E-1;;
02/12/2021  12:47:17,542663;9,385239E-1;1,347002E-1;1,357397E-1;9,414656E-1;;
02/12/2021  12:47:17,542763;9,399247E-1;1,452133E-1;1,291051E-1;9,413477E-1;;
02/12/2021  12:47:17,542863;9,400081E-1;1,206827E-1;1,262617E-1;9,412282E-1;;
02/12/2021  12:47:17,542963;9,404433E-1;1,174969E-1;1,249980E-1;9,411079E-1;;
02/12/2021  12:47:17,543063;9,393584E-1;1,194084E-1;1,297370E-1;9,409875E-1;;
02/12/2021  12:47:17,543163;9,405863E-1;1,286472E-1;1,246821E-1;9,408676E-1;;
02/12/2021  12:47:17,543263;9,412599E-1;1,165411E-1;1,136244E-1;9,407490E-1;;
02/12/2021  12:47:17,543363;9,412867E-1;1,155854E-1;1,177316E-1;9,406324E-1;;
02/12/2021  12:47:17,543463;9,405863E-1;1,308772E-1;1,306848E-1;9,405184E-1;;
02/12/2021  12:47:17,543563;9,398204E-1;1,464877E-1;1,480610E-1;9,404077E-1;;
02/12/2021  12:47:17,543663;9,403985E-1;1,356559E-1;1,218387E-1;9,403006E-1;;
02/12/2021  12:47:17,543763;9,404939E-1;1,480806E-1;1,714400E-1;9,401976E-1;;
02/12/2021  12:47:17,543863;9,403240E-1;1,267357E-1;1,212068E-1;9,400989E-1;;
02/12/2021  12:47:17,543963;9,389829E-1;1,620981E-1;2,033491E-1;9,400048E-1;;
02/12/2021  12:47:17,544063;9,380918E-1;1,283286E-1;1,287892E-1;9,399153E-1;;
02/12/2021  12:47:17,544163;9,379726E-1;1,474434E-1;1,594346E-1;9,398302E-1;;
02/12/2021  12:47:17,544263;9,381335E-1;1,174969E-1;1,268936E-1;9,397492E-1;;
02/12/2021  12:47:17,544363;9,379368E-1;1,181340E-1;1,310007E-1;9,396721E-1;;
02/12/2021  12:47:17,544463;9,366911E-1;1,308772E-1;1,480610E-1;9,395986E-1;;
02/12/2021  12:47:17,544563;9,362738E-1;8,022302E-2;1,297370E-1;9,395281E-1;;
02/12/2021  12:47:17,544663;9,369086E-1;1,041165E-1;1,079377E-1;9,394603E-1;;
02/12/2021  12:47:17,544763;9,377312E-1;9,487770E-2;1,076217E-1;9,393946E-1;;
02/12/2021  12:47:17,544863;9,381305E-1;1,127182E-1;1,221546E-1;9,393308E-1;;
02/12/2021  12:47:17,544963;9,367626E-1;1,168597E-1;1,180475E-1;9,392687E-1;;
02/12/2021  12:47:17,545063;9,368311E-1;9,360338E-2;8,771802E-2;9,392083E-1;;
02/12/2021  12:47:17,545163;9,383153E-1;1,002936E-1;1,123607E-1;9,391491E-1;;
02/12/2021  12:47:17,545263;9,386938E-1;1,108067E-1;1,208909E-1;9,390912E-1;;
02/12/2021  12:47:17,545363;9,393644E-1;1,053908E-1;1,186794E-1;9,390347E-1;;
02/12/2021  12:47:17,545463;9,386461E-1;1,063466E-1;1,180475E-1;9,389797E-1;;
02/12/2021  12:47:17,545563;9,395462E-1;1,034794E-1;1,129926E-1;9,389266E-1;;
02/12/2021  12:47:17,545663;9,408635E-1;1,289658E-1;1,401627E-1;9,388756E-1;;
02/12/2021  12:47:17,545763;9,416354E-1;9,073616E-2;1,107811E-1;9,388270E-1;;
02/12/2021  12:47:17,545863;9,419900E-1;9,264764E-2;1,110970E-1;9,387816E-1;;
02/12/2021  12:47:17,545963;9,415191E-1;2,096714E-2;9,087734E-2;9,387399E-1;;
02/12/2021  12:47:17,546063;9,417576E-1;8,882468E-2;1,047783E-1;9,387026E-1;;
02/12/2021  12:47:17,546163;9,432775E-1;1,187712E-1;1,376353E-1;9,386700E-1;;
02/12/2021  12:47:17,546263;9,434742E-1;1,168597E-1;1,259458E-1;9,386428E-1;;
02/12/2021  12:47:17,546363;9,434236E-1;1,034794E-1;1,202590E-1;9,386217E-1;;
02/12/2021  12:47:17,546463;9,427083E-1;6,684266E-2;1,268936E-1;9,386070E-1;;
02/12/2021  12:47:17,546563;9,433043E-1;5,378088E-2;1,022509E-1;9,385993E-1;;
02/12/2021  12:47:17,546663;9,443623E-1;7,098420E-2;1,028828E-1;9,385989E-1;;
02/12/2021  12:47:17,546763;9,451640E-1;1,372488E-1;1,325804E-1;9,386061E-1;;
02/12/2021  12:47:17,546863;9,447319E-1;1,455319E-1;1,338441E-1;9,386214E-1;;
02/12/2021  12:47:17,546963;9,443862E-1;1,620981E-1;1,354238E-1;9,386451E-1;;
02/12/2021  12:47:17,547063;9,450568E-1;1,627352E-1;1,224705E-1;9,386774E-1;;
02/12/2021  12:47:17,547163;9,468718E-1;1,761156E-1;1,474292E-1;9,387187E-1;;
02/12/2021  12:47:17,547263;9,475274E-1;1,706997E-1;1,546956E-1;9,387692E-1;;
02/12/2021  12:47:17,547363;9,479924E-1;1,468062E-1;1,509044E-1;9,388294E-1;;
02/12/2021  12:47:17,547463;9,481026E-1;1,512664E-1;1,354238E-1;9,388998E-1;;
02/12/2021  12:47:17,547563;9,491785E-1;1,458505E-1;1,240502E-1;9,389808E-1;;
02/12/2021  12:47:17,547663;9,509458E-1;1,366117E-1;1,319485E-1;9,390729E-1;;
02/12/2021  12:47:17,547763;9,514942E-1;1,152668E-1;9,624818E-2;9,391766E-1;;
02/12/2021  12:47:17,547863;9,511127E-1;1,375674E-1;1,370034E-1;9,392926E-1;;
02/12/2021  12:47:17,547963;9,502276E-1;1,401161E-1;1,379512E-1;9,394212E-1;;
02/12/2021  12:47:17,548063;9,507402E-1;1,270543E-1;1,183634E-1;9,395628E-1;;
02/12/2021  12:47:17,548163;9,509637E-1;1,515849E-1;1,692285E-1;9,397174E-1;;
02/12/2021  12:47:17,548263;9,513511E-1;1,232313E-1;1,227865E-1;9,398848E-1;;
02/12/2021  12:47:17,548363;9,494587E-1;1,334259E-1;1,360556E-1;9,400649E-1;;
02/12/2021  12:47:17,548463;9,485139E-1;1,260985E-1;1,227865E-1;9,402573E-1;;
02/12/2021  12:47:17,548563;9,489550E-1;1,491412E-2;6,749837E-2;9,404612E-1;;
02/12/2021  12:47:17,548663;9,488984E-1;1,245056E-1;1,325804E-1;9,406757E-1;;
02/12/2021  12:47:17,548763;9,482367E-1;1,343816E-1;1,360556E-1;9,408999E-1;;
02/12/2021  12:47:17,548863;9,469671E-1;1,238685E-1;1,152041E-1;9,411327E-1;;
02/12/2021  12:47:17,548963;9,462429E-1;4,868360E-2;1,107811E-1;9,413730E-1;;
02/12/2021  12:47:17,549063;9,467943E-1;1,283286E-1;1,335282E-1;9,416193E-1;;
02/12/2021  12:47:17,549163;9,478314E-1;1,174969E-1;1,259458E-1;9,418705E-1;;
02/12/2021  12:47:17,549263;9,473874E-1;1,289658E-1;1,360556E-1;9,421252E-1;;
02/12/2021  12:47:17,549363;9,463711E-1;1,162226E-1;9,940750E-2;9,423824E-1;;
02/12/2021  12:47:17,549463;9,461267E-1;1,270543E-1;1,215227E-1;9,426411E-1;;
02/12/2021  12:47:17,549563;9,470565E-1;1,197269E-1;1,366875E-1;9,429000E-1;;
02/12/2021  12:47:17,549663;9,469731E-1;1,366117E-1;1,388990E-1;9,431581E-1;;
02/12/2021  12:47:17,549763;9,468747E-1;1,429833E-1;1,455336E-1;9,434145E-1;;
02/12/2021  12:47:17,549863;9,453160E-1;1,079395E-1;1,107811E-1;9,436683E-1;;
02/12/2021  12:47:17,549963;9,439004E-1;6,875414E-2;5,960007E-2;9,439185E-1;;
02/12/2021  12:47:17,550063;9,442908E-1;1,232313E-1;1,129926E-1;9,441638E-1;;
02/12/2021  12:47:17,550163;9,446365E-1;1,302401E-1;1,278414E-1;9,444031E-1;;
02/12/2021  12:47:17,550263;9,437722E-1;1,213198E-1;1,291051E-1;9,446354E-1;;
02/12/2021  12:47:17,550363;9,425920E-1;1,375674E-1;1,401627E-1;9,448596E-1;;
02/12/2021  12:47:17,550463;9,416741E-1;1,353374E-1;1,316326E-1;9,450746E-1;;
02/12/2021  12:47:17,550563;9,422940E-1;1,232313E-1;1,417424E-1;9,452794E-1;;
02/12/2021  12:47:17,550663;9,425056E-1;1,165411E-1;1,243661E-1;9,454729E-1;;
02/12/2021  12:47:17,550763;9,412837E-1;1,130368E-1;1,139404E-1;9,456542E-1;;
02/12/2021  12:47:17,550863;9,403300E-1;1,378860E-1;1,347919E-1;9,458227E-1;;
02/12/2021  12:47:17,550963;9,401422E-1;1,413904E-1;1,635417E-1;9,459773E-1;;
02/12/2021  12:47:17,551063;9,416234E-1;2,542726E-2;7,286922E-2;9,461174E-1;;
02/12/2021  12:47:17,551163;9,413314E-1;1,280100E-1;1,278414E-1;9,462424E-1;;
02/12/2021  12:47:17,551263;9,399753E-1;1,174969E-1;1,063580E-1;9,463520E-1;;
02/12/2021  12:47:17,551363;9,390574E-1;1,200455E-1;1,297370E-1;9,464458E-1;;
02/12/2021  12:47:17,551463;9,387802E-1;1,311958E-1;1,328963E-1;9,465236E-1;;
02/12/2021  12:47:17,551563;9,393286E-1;1,136739E-1;8,771802E-2;9,465847E-1;;
02/12/2021  12:47:17,551663;9,386342E-1;1,149482E-1;1,221546E-1;9,466291E-1;;
02/12/2021  12:47:17,551763;9,381395E-1;1,254614E-1;1,240502E-1;9,466566E-1;;
02/12/2021  12:47:17,551863;9,358357E-1;1,503106E-1;1,430061E-1;9,466669E-1;;
02/12/2021  12:47:17,551963;9,359519E-1;1,273729E-1;1,316326E-1;9,466598E-1;;
02/12/2021  12:47:17,552063;9,362559E-1;2,702016E-2;7,381701E-2;9,466349E-1;;
02/12/2021  12:47:17,552163;9,361248E-1;1,025236E-1;1,212068E-1;9,465922E-1;;
02/12/2021  12:47:17,552263;9,352218E-1;1,366117E-1;1,370034E-1;9,465314E-1;;
02/12/2021  12:47:17,552363;9,338866E-1;8,818752E-2;8,961361E-2;9,464527E-1;;
02/12/2021  12:47:17,552463;9,344320E-1;8,723178E-2;8,866581E-2;9,463561E-1;;
02/12/2021  12:47:17,552563;9,344797E-1;1,601866E-1;1,881844E-1;9,462414E-1;;
02/12/2021  12:47:17,552663;9,345423E-1;1,388417E-1;1,335282E-1;9,461090E-1;;
02/12/2021  12:47:17,552763;9,329806E-1;1,184526E-1;8,076751E-2;9,459591E-1;;
02/12/2021  12:47:17,552863;9,321729E-1;1,260985E-1;1,281573E-1;9,457920E-1;;
02/12/2021  12:47:17,552963;9,329508E-1;1,190898E-1;1,205749E-1;9,456080E-1;;
02/12/2021  12:47:17,553063;9,337853E-1;1,133553E-1;1,265777E-1;9,454074E-1;;
02/12/2021  12:47:17,553163;9,326289E-1;1,260985E-1;1,133085E-1;9,451908E-1;;
02/12/2021  12:47:17,553263;9,309659E-1;1,337445E-1;1,338441E-1;9,449588E-1;;
02/12/2021  12:47:17,553363;9,304980E-1;1,305587E-1;1,202590E-1;9,447118E-1;;
02/12/2021  12:47:17,553463;9,309897E-1;1,296029E-1;1,224705E-1;9,444503E-1;;
02/12/2021  12:47:17,553563;9,310583E-1;1,372488E-1;1,430061E-1;9,441746E-1;;
02/12/2021  12:47:17,553663;9,300718E-1;1,315144E-1;1,780746E-1;9,438854E-1;;
02/12/2021  12:47:17,553763;9,290227E-1;1,229127E-1;1,272095E-1;9,435832E-1;;
02/12/2021  12:47:17,553863;9,278634E-1;1,203641E-1;1,281573E-1;9,432684E-1;;
02/12/2021  12:47:17,553963;9,284326E-1;1,554079E-1;1,843932E-1;9,429416E-1;;
02/12/2021  12:47:17,554063;9,286025E-1;1,382046E-1;1,344760E-1;9,426029E-1;;
02/12/2021  12:47:17,554163;9,280273E-1;1,337445E-1;1,256299E-1;9,422531E-1;;
02/12/2021  12:47:17,554263;9,268233E-1;1,289658E-1;1,278414E-1;9,418927E-1;;
02/12/2021  12:47:17,554363;9,260931E-1;5,218798E-2;1,025668E-1;9,415222E-1;;
02/12/2021  12:47:17,554463;9,269961E-1;1,480806E-1;1,502726E-1;9,411420E-1;;
02/12/2021  12:47:17,554563;9,271869E-1;1,280100E-1;1,256299E-1;9,407527E-1;;
02/12/2021  12:47:17,554663;9,267011E-1;6,238254E-2;6,781430E-2;9,403550E-1;;
02/12/2021  12:47:17,554763;9,247550E-1;1,506292E-1;1,629098E-1;9,399495E-1;;
02/12/2021  12:47:17,554863;9,246506E-1;1,413904E-1;1,341600E-1;9,395370E-1;;
02/12/2021  12:47:17,554963;9,258457E-1;1,420275E-1;1,635417E-1;9,391177E-1;;
02/12/2021  12:47:17,555063;9,256461E-1;1,321516E-1;1,240502E-1;9,386925E-1;;
02/12/2021  12:47:17,555163;9,252854E-1;8,117876E-2;7,760819E-2;9,382619E-1;;
02/12/2021  12:47:17,555263;9,239652E-1;1,311958E-1;1,351078E-1;9,378268E-1;;
02/12/2021  12:47:17,555363;9,243437E-1;1,302401E-1;1,354238E-1;9,373878E-1;;
02/12/2021  12:47:17,555463;9,256669E-1;1,053908E-1;1,076217E-1;9,369456E-1;;
02/12/2021  12:47:17,555563;9,257086E-1;1,203641E-1;1,237343E-1;9,365010E-1;;
02/12/2021  12:47:17,555663;9,248384E-1;1,276914E-1;1,272095E-1;9,360549E-1;;
02/12/2021  12:47:17,555763;9,238638E-1;1,241871E-1;1,129926E-1;9,356083E-1;;
02/12/2021  12:47:17,555863;9,243943E-1;1,490363E-1;1,698603E-1;9,351618E-1;;
02/12/2021  12:47:17,555963;9,245284E-1;1,480806E-1;1,783905E-1;9,347162E-1;;
02/12/2021  12:47:17,556063;9,248891E-1;1,331073E-1;1,338441E-1;9,342722E-1;;
02/12/2021  12:47:17,556163;9,240337E-1;1,302401E-1;1,281573E-1;9,338307E-1;;
02/12/2021  12:47:17,556263;9,230204E-1;9,838208E-2;8,708615E-2;9,333923E-1;;
02/12/2021  12:47:17,556363;9,240635E-1;1,257800E-1;1,092014E-1;9,329575E-1;;
02/12/2021  12:47:17,556463;9,240874E-1;1,334259E-1;1,287892E-1;9,325271E-1;;
02/12/2021  12:47:17,556563;9,245255E-1;1,289658E-1;1,249980E-1;9,321017E-1;;
02/12/2021  12:47:17,556663;9,234943E-1;1,455319E-1;1,562753E-1;9,316818E-1;;
02/12/2021  12:47:17,556763;9,231277E-1;1,327887E-1;1,351078E-1;9,312681E-1;;
02/12/2021  12:47:17,556863;9,237536E-1;1,181340E-1;1,120448E-1;9,308612E-1;;
02/12/2021  12:47:17,556963;9,253868E-1;1,636910E-1;1,783905E-1;9,304614E-1;;
02/12/2021  12:47:17,557063;9,264478E-1;1,308772E-1;1,221546E-1;9,300695E-1;;
02/12/2021  12:47:17,557163;9,252854E-1;1,719741E-1;1,834454E-1;9,296864E-1;;
02/12/2021  12:47:17,557263;9,255358E-1;1,296029E-1;1,234183E-1;9,293129E-1;;
02/12/2021  12:47:17,557363;9,274015E-1;1,251428E-1;1,158360E-1;9,289499E-1;;
02/12/2021  12:47:17,557463;9,288797E-1;1,394789E-1;1,417424E-1;9,285981E-1;;
02/12/2021  12:47:17,557563;9,289125E-1;1,299215E-1;1,227865E-1;9,282587E-1;;
02/12/2021  12:47:17,557663;9,281614E-1;1,315144E-1;1,294210E-1;9,279327E-1;;
02/12/2021  12:47:17,557763;9,281376E-1;1,238685E-1;1,240502E-1;9,276211E-1;;
02/12/2021  12:47:17,557863;9,299228E-1;1,471248E-1;1,341600E-1;9,273247E-1;;
02/12/2021  12:47:17,557963;9,303579E-1;1,251428E-1;1,265777E-1;9,270442E-1;;
02/12/2021  12:47:17,558063;9,301731E-1;1,206827E-1;1,253139E-1;9,267805E-1;;
02/12/2021  12:47:17,558163;9,302536E-1;1,197269E-1;1,231024E-1;9,265344E-1;;
02/12/2021  12:47:17,558263;9,304384E-1;1,037979E-1;1,117289E-1;9,263063E-1;;
02/12/2021  12:47:17,558363;9,320001E-1;1,178155E-1;1,385831E-1;9,260969E-1;;
02/12/2021  12:47:17,558463;9,331981E-1;1,155854E-1;1,161519E-1;9,259067E-1;;
02/12/2021  12:47:17,558563;9,333978E-1;1,114439E-1;1,231024E-1;9,257363E-1;;
02/12/2021  12:47:17,558663;9,327749E-1;1,073023E-1;1,167838E-1;9,255863E-1;;
02/12/2021  12:47:17,558763;9,332846E-1;3,944478E-2;9,751191E-2;9,254572E-1;;
02/12/2021  12:47:17,558863;9,346883E-1;1,187712E-1;1,196272E-1;9,253493E-1;;
02/12/2021  12:47:17,558963;9,358268E-1;1,044351E-1;1,123607E-1;9,252629E-1;;
02/12/2021  12:47:17,559063;9,361218E-1;9,009900E-2;1,079377E-1;9,251984E-1;;
02/12/2021  12:47:17,559163;9,357463E-1;9,137332E-2;1,275255E-1;9,251561E-1;;
02/12/2021  12:47:17,559263;9,362500E-1;9,424054E-2;8,708615E-2;9,251363E-1;;
02/12/2021  12:47:17,559363;9,378176E-1;1,133553E-1;1,363715E-1;9,251390E-1;;
02/12/2021  12:47:17,559463;9,380650E-1;9,041758E-2;9,877564E-2;9,251643E-1;;
02/12/2021  12:47:17,559563;9,375702E-1;1,076209E-1;1,129926E-1;9,252123E-1;;
02/12/2021  12:47:17,559663;9,363155E-1;9,742634E-2;1,218387E-1;9,252828E-1;;
02/12/2021  12:47:17,559763;9,367954E-1;9,424054E-2;1,218387E-1;9,253754E-1;;
02/12/2021  12:47:17,559863;9,375404E-1;1,152668E-1;1,231024E-1;9,254896E-1;;
02/12/2021  12:47:17,559963;9,382199E-1;9,583344E-2;1,164678E-1;9,256246E-1;;
02/12/2021  12:47:17,560063;9,381663E-1;1,286472E-1;1,407946E-1;9,257798E-1;;
02/12/2021  12:47:17,560163;9,368878E-1;1,331073E-1;1,464814E-1;9,259545E-1;;
02/12/2021  12:47:17,560263;9,378623E-1;1,359745E-1;1,354238E-1;9,261480E-1;;
02/12/2021  12:47:17,560363;9,394299E-1;1,127182E-1;8,803395E-2;9,263592E-1;;
02/12/2021  12:47:17,560463;9,402704E-1;1,296029E-1;1,142563E-1;9,265874E-1;;
02/12/2021  12:47:17,560563;9,408396E-1;1,649653E-1;1,540637E-1;9,268320E-1;;
02/12/2021  12:47:17,560663;9,397876E-1;1,426647E-1;9,782784E-2;9,270924E-1;;
02/12/2021  12:47:17,560763;9,409857E-1;1,585937E-1;1,281573E-1;9,273680E-1;;
02/12/2021  12:47:17,560863;9,425146E-1;1,630538E-1;1,328963E-1;9,276580E-1;;
02/12/2021  12:47:17,560963;9,434474E-1;1,879031E-1;1,588027E-1;9,279619E-1;;
02/12/2021  12:47:17,561063;9,427977E-1;1,879031E-1;1,938712E-1;9,282792E-1;;
02/12/2021  12:47:17,561163;9,430808E-1;9,997498E-2;1,069899E-1;9,286096E-1;;
02/12/2021  12:47:17,561263;9,444965E-1;1,139925E-1;1,212068E-1;9,289525E-1;;
02/12/2021  12:47:17,561363;9,454710E-1;1,757970E-1;2,333627E-1;9,293073E-1;;
02/12/2021  12:47:17,561463;9,456200E-1;1,356559E-1;1,373193E-1;9,296737E-1;;
02/12/2021  12:47:17,561563;9,450001E-1;9,933782E-2;5,422923E-2;9,300513E-1;;
02/12/2021  12:47:17,561663;9,449644E-1;1,225942E-1;1,193112E-1;9,304395E-1;;
02/12/2021  12:47:17,561763;9,460373E-1;1,232313E-1;1,338441E-1;9,308378E-1;;
02/12/2021  12:47:17,561863;9,468718E-1;1,401161E-1;1,392149E-1;9,312454E-1;;
02/12/2021  12:47:17,561963;9,473665E-1;1,318330E-1;1,303688E-1;9,316618E-1;;
02/12/2021  12:47:17,562063;9,470625E-1;1,276914E-1;1,313166E-1;9,320866E-1;;
02/12/2021  12:47:17,562163;9,469701E-1;1,162226E-1;1,253139E-1;9,325190E-1;;
02/12/2021  12:47:17,562263;9,487493E-1;1,232313E-1;1,196272E-1;9,329586E-1;;
02/12/2021  12:47:17,562363;9,497001E-1;1,439390E-1;1,382671E-1;9,334047E-1;;
02/12/2021  12:47:17,562463;9,498044E-1;1,229127E-1;1,382671E-1;9,338570E-1;;
02/12/2021  12:47:17,562563;9,492202E-1;1,241871E-1;1,262617E-1;9,343151E-1;;
02/12/2021  12:47:17,562663;9,491785E-1;1,397975E-1;1,351078E-1;9,347784E-1;;
02/12/2021  12:47:17,562763;9,505852E-1;1,426647E-1;1,442698E-1;9,352465E-1;;
02/12/2021  12:47:17,562863;9,515002E-1;1,114439E-1;1,284732E-1;9,357188E-1;;
02/12/2021  12:47:17,562963;9,513243E-1;1,171783E-1;1,328963E-1;9,361948E-1;;
02/12/2021  12:47:17,563063;9,509905E-1;1,257800E-1;1,306848E-1;9,366742E-1;;
02/12/2021  12:47:17,563163;9,510710E-1;1,417090E-1;1,420583E-1;9,371564E-1;;
02/12/2021  12:47:17,563263;9,524121E-1;1,276914E-1;1,249980E-1;9,376409E-1;;
02/12/2021  12:47:17,563363;9,524688E-1;1,232313E-1;1,180475E-1;9,381271E-1;;
02/12/2021  12:47:17,563463;9,514406E-1;1,133553E-1;1,031987E-1;9,386146E-1;;
02/12/2021  12:47:17,563563;9,510352E-1;8,595746E-2;1,167838E-1;9,391028E-1;;
02/12/2021  12:47:17,563663;9,503587E-1;1,216384E-1;1,407946E-1;9,395908E-1;;
02/12/2021  12:47:17,563763;9,509607E-1;7,225852E-2;9,940750E-2;9,400777E-1;;
02/12/2021  12:47:17,563863;9,509488E-1;1,025236E-1;1,076217E-1;9,405626E-1;;
02/12/2021  12:47:17,563963;9,499087E-1;1,162226E-1;1,224705E-1;9,410445E-1;;
02/12/2021  12:47:17,564063;9,483500E-1;1,426647E-1;1,496407E-1;9,415225E-1;;
02/12/2021  12:47:17,564163;9,482904E-1;1,057094E-1;8,455870E-2;9,419953E-1;;
02/12/2021  12:47:17,564263;9,486748E-1;1,152668E-1;1,246821E-1;9,424615E-1;;
02/12/2021  12:47:17,564363;9,485109E-1;1,235499E-1;1,275255E-1;9,429200E-1;;
02/12/2021  12:47:17,564463;9,479119E-1;1,340630E-1;1,483770E-1;9,433697E-1;;
02/12/2021  12:47:17,564563;9,467943E-1;1,280100E-1;1,328963E-1;9,438093E-1;;
02/12/2021  12:47:17,564663;9,469582E-1;1,130368E-1;1,088855E-1;9,442378E-1;;
02/12/2021  12:47:17,564763;9,480490E-1;1,356559E-1;1,240502E-1;9,446539E-1;;
02/12/2021  12:47:17,564863;9,483887E-1;1,296029E-1;1,316326E-1;9,450568E-1;;
02/12/2021  12:47:17,564963;9,479983E-1;1,343816E-1;1,341600E-1;9,454457E-1;;
02/12/2021  12:47:17,565063;9,470327E-1;9,774492E-2;1,028828E-1;9,458202E-1;;
02/12/2021  12:47:17,565163;9,482189E-1;6,270112E-2;7,065769E-2;9,461795E-1;;
02/12/2021  12:47:17,565263;9,489520E-1;1,260985E-1;1,221546E-1;9,465233E-1;;
02/12/2021  12:47:17,565363;9,487106E-1;1,238685E-1;1,215227E-1;9,468514E-1;;
02/12/2021  12:47:17,565463;9,478493E-1;1,270543E-1;1,404787E-1;9,471635E-1;;
02/12/2021  12:47:17,565563;9,467585E-1;1,095324E-1;9,150920E-2;9,474595E-1;;
02/12/2021  12:47:17,565663;9,473099E-1;1,308772E-1;1,284732E-1;9,477393E-1;;
02/12/2021  12:47:17,565763;9,472056E-1;1,171783E-1;1,733356E-1;9,480024E-1;;
02/12/2021  12:47:17,565863;9,467853E-1;1,334259E-1;1,303688E-1;9,482489E-1;;
02/12/2021  12:47:17,565963;9,453458E-1;-2,012968E-2;6,244346E-2;9,484784E-1;;
02/12/2021  12:47:17,566063;9,440226E-1;1,015679E-1;1,066739E-1;9,486907E-1;;
02/12/2021  12:47:17,566163;9,445441E-1;1,337445E-1;1,477451E-1;9,488855E-1;;
02/12/2021  12:47:17,566263;9,441627E-1;1,280100E-1;1,420583E-1;9,490623E-1;;
02/12/2021  12:47:17,566363;9,436083E-1;1,267357E-1;1,322644E-1;9,492209E-1;;
02/12/2021  12:47:17,566463;9,419572E-1;1,225942E-1;1,133085E-1;9,493609E-1;;
02/12/2021  12:47:17,566563;9,414506E-1;1,350188E-1;1,328963E-1;9,494821E-1;;
02/12/2021  12:47:17,566663;9,418619E-1;1,276914E-1;1,212068E-1;9,495839E-1;;
02/12/2021  12:47:17,566763;9,421510E-1;1,168597E-1;1,231024E-1;9,496661E-1;;
02/12/2021  12:47:17,566863;9,416890E-1;1,229127E-1;1,278414E-1;9,497286E-1;;
02/12/2021  12:47:17,566963;9,402764E-1;1,324701E-1;1,272095E-1;9,497714E-1;;
02/12/2021  12:47:17,567063;9,397399E-1;1,391603E-1;1,335282E-1;9,497945E-1;;
02/12/2021  12:47:17,567163;9,410870E-1;1,433019E-1;1,638576E-1;9,497978E-1;;
02/12/2021  12:47:17,567263;9,409737E-1;1,315144E-1;1,325804E-1;9,497815E-1;;
02/12/2021  12:47:17,567363;9,403300E-1;1,273729E-1;1,363715E-1;9,497459E-1;;
02/12/2021  12:47:17,567463;9,384465E-1;1,238685E-1;1,243661E-1;9,496913E-1;;
02/12/2021  12:47:17,567563;9,376030E-1;9,901924E-2;1,385831E-1;9,496180E-1;;
02/12/2021  12:47:17,567663;9,376984E-1;1,203641E-1;1,259458E-1;9,495262E-1;;
02/12/2021  12:47:17,567763;9,373110E-1;1,257800E-1;1,306848E-1;9,494158E-1;;
02/12/2021  12:47:17,567863;9,368967E-1;1,206827E-1;1,275255E-1;9,492871E-1;;
02/12/2021  12:47:17,567963;9,349297E-1;1,573194E-1;1,088855E-1;9,491404E-1;;
02/12/2021  12:47:17,568063;9,343575E-1;1,085766E-1;1,227865E-1;9,489757E-1;;
02/12/2021  12:47:17,568163;9,350072E-1;1,378860E-1;1,515363E-1;9,487931E-1;;
02/12/2021  12:47:17,568263;9,340237E-1;1,181340E-1;1,249980E-1;9,485927E-1;;
02/12/2021  12:47:17,568363;9,332279E-1;1,302401E-1;1,224705E-1;9,483748E-1;;
02/12/2021  12:47:17,568463;9,319822E-1;1,397975E-1;1,480610E-1;9,481396E-1;;
02/12/2021  12:47:17,568563;9,319226E-1;1,483991E-1;1,445858E-1;9,478873E-1;;
02/12/2021  12:47:17,568663;9,323011E-1;1,311958E-1;1,417424E-1;9,476180E-1;;
02/12/2021  12:47:17,568763;9,324531E-1;1,280100E-1;1,316326E-1;9,473321E-1;;
02/12/2021  12:47:17,568863;9,313831E-1;1,340630E-1;1,253139E-1;9,470301E-1;;
02/12/2021  12:47:17,568963;9,302834E-1;1,264171E-1;1,281573E-1;9,467127E-1;;
02/12/2021  12:47:17,569063;9,304145E-1;1,041165E-1;1,016190E-1;9,463801E-1;;
02/12/2021  12:47:17,569163;9,306351E-1;6,556834E-2;4,096008E-2;9,460331E-1;;
02/12/2021  12:47:17,569263;9,305665E-1;8,468314E-2;8,171531E-2;9,456721E-1;;
02/12/2021  12:47:17,569363;9,299168E-1;1,245056E-1;1,199431E-1;9,452980E-1;;
02/12/2021  12:47:17,569463;9,283075E-1;1,187712E-1;1,183634E-1;9,449114E-1;;
02/12/2021  12:47:17,569563;9,282032E-1;1,206827E-1;1,114129E-1;9,445130E-1;;
02/12/2021  12:47:17,569663;9,291062E-1;1,248242E-1;1,088855E-1;9,441034E-1;;
02/12/2021  12:47:17,569763;9,285608E-1;1,241871E-1;1,180475E-1;9,436833E-1;;
02/12/2021  12:47:17,569863;9,277353E-1;1,079395E-1;1,455336E-1;9,432534E-1;;
02/12/2021  12:47:17,569963;9,270289E-1;1,095324E-1;1,123607E-1;9,428146E-1;;
02/12/2021  12:47:17,570063;9,275743E-1;6,397544E-2;1,054102E-1;9,423675E-1;;
02/12/2021  12:47:17,570163;9,282032E-1;1,455319E-1;1,297370E-1;9,419129E-1;;
02/12/2021  12:47:17,570263;9,275445E-1;1,251428E-1;1,164678E-1;9,414517E-1;;
02/12/2021  12:47:17,570363;9,266087E-1;6,110822E-2;1,013031E-1;9,409849E-1;;
02/12/2021  12:47:17,570463;9,253212E-1;1,225942E-1;1,234183E-1;9,405133E-1;;
02/12/2021  12:47:17,570563;9,258219E-1;1,413904E-1;1,594346E-1;9,400374E-1;;
02/12/2021  12:47:17,570663;9,266266E-1;1,280100E-1;1,439539E-1;9,395580E-1;;
02/12/2021  12:47:17,570763;9,260544E-1;1,257800E-1;1,095173E-1;9,390759E-1;;
02/12/2021  12:47:17,570863;9,253808E-1;1,229127E-1;1,170997E-1;9,385919E-1;;
02/12/2021  12:47:17,570963;9,246089E-1;1,334259E-1;1,480610E-1;9,381067E-1;;
02/12/2021  12:47:17,571063;9,250142E-1;1,477620E-1;1,366875E-1;9,376211E-1;;
02/12/2021  12:47:17,571163;9,252169E-1;1,423461E-1;1,385831E-1;9,371355E-1;;
02/12/2021  12:47:17,571263;9,258010E-1;1,347002E-1;1,303688E-1;9,366509E-1;;
02/12/2021  12:47:17,571363;9,249517E-1;1,283286E-1;1,272095E-1;9,361679E-1;;
02/12/2021  12:47:17,571463;9,248712E-1;1,308772E-1;1,272095E-1;9,356874E-1;;
02/12/2021  12:47:17,571563;9,260722E-1;1,088952E-1;1,148882E-1;9,352101E-1;;
02/12/2021  12:47:17,571663;9,262809E-1;1,034794E-1;1,076217E-1;9,347369E-1;;
02/12/2021  12:47:17,571763;9,272852E-1;1,213198E-1;1,306848E-1;9,342688E-1;;
02/12/2021  12:47:17,571863;9,262958E-1;1,276914E-1;1,262617E-1;9,338068E-1;;
02/12/2021  12:47:17,571963;9,268888E-1;7,385142E-2;1,388990E-1;9,333518E-1;;
02/12/2021  12:47:17,572063;9,277978E-1;1,267357E-1;1,550115E-1;9,329050E-1;;
02/12/2021  12:47:17,572163;9,288678E-1;9,742634E-2;1,082536E-1;9,324672E-1;;
02/12/2021  12:47:17,572263;9,290615E-1;2,510868E-2;7,255328E-2;9,320396E-1;;
02/12/2021  12:47:17,572363;9,281316E-1;9,519628E-2;1,136244E-1;9,316235E-1;;
02/12/2021  12:47:17,572463;9,290227E-1;1,117624E-1;1,316326E-1;9,312197E-1;;
02/12/2021  12:47:17,572563;9,301344E-1;1,041165E-1;1,885003E-1;9,308292E-1;;
02/12/2021  12:47:17,572663;9,310404E-1;1,012493E-1;1,066739E-1;9,304530E-1;;
02/12/2021  12:47:17,572763;9,311954E-1;1,104881E-1;1,088855E-1;9,300921E-1;;
02/12/2021  12:47:17,572863;9,310881E-1;1,133553E-1;1,227865E-1;9,297477E-1;;
02/12/2021  12:47:17,572963;9,319196E-1;1,015679E-1;1,114129E-1;9,294206E-1;;
02/12/2021  12:47:17,573063;9,335439E-1;9,360338E-2;1,199431E-1;9,291116E-1;;
02/12/2021  12:47:17,573163;9,337704E-1;1,085766E-1;1,170997E-1;9,288218E-1;;
02/12/2021  12:47:17,573263;9,340386E-1;1,130368E-1;1,164678E-1;9,285521E-1;;
02/12/2021  12:47:17,573363;9,336273E-1;8,850610E-2;8,203124E-2;9,283033E-1;;
02/12/2021  12:47:17,573463;9,339134E-1;1,082581E-1;1,139404E-1;9,280760E-1;;
02/12/2021  12:47:17,573563;9,353797E-1;1,057094E-1;1,392149E-1;9,278708E-1;;
02/12/2021  12:47:17,573663;9,362559E-1;1,324701E-1;1,411105E-1;9,276881E-1;;
02/12/2021  12:47:17,573763;9,357880E-1;1,057094E-1;1,161519E-1;9,275284E-1;;
02/12/2021  12:47:17,573863;9,350519E-1;1,187712E-1;1,221546E-1;9,273922E-1;;
02/12/2021  12:47:17,573963;9,356181E-1;1,331073E-1;1,076217E-1;9,272795E-1;;
02/12/2021  12:47:17,574063;9,372990E-1;1,681511E-1;1,452176E-1;9,271903E-1;;
02/12/2021  12:47:17,574163;9,371560E-1;1,455319E-1;1,126766E-1;9,271247E-1;;
02/12/2021  12:47:17,574263;9,364884E-1;1,493549E-1;2,042969E-1;9,270827E-1;;
02/12/2021  12:47:17,574363;9,356092E-1;1,726112E-1;1,559593E-1;9,270639E-1;;
02/12/2021  12:47:17,574463;9,377163E-1;1,742041E-1;1,486929E-1;9,270681E-1;;
02/12/2021  12:47:17,574563;9,389471E-1;1,649653E-1;1,208909E-1;9,270947E-1;;
02/12/2021  12:47:17,574663;9,393405E-1;1,531778E-1;1,328963E-1;9,271434E-1;;
02/12/2021  12:47:17,574763;9,396863E-1;1,573194E-1;1,537478E-1;9,272141E-1;;
02/12/2021  12:47:17,574863;9,393674E-1;1,369303E-1;1,347919E-1;9,273065E-1;;
02/12/2021  12:47:17,574963;9,408039E-1;1,506292E-1;1,483770E-1;9,274203E-1;;
02/12/2021  12:47:17,575063;9,414804E-1;1,347002E-1;1,496407E-1;9,275550E-1;;
02/12/2021  12:47:17,575163;9,416473E-1;1,060280E-1;1,227865E-1;9,277104E-1;;
02/12/2021  12:47:17,575263;9,419394E-1;1,238685E-1;1,189953E-1;9,278860E-1;;
02/12/2021  12:47:17,575363;9,426487E-1;3,307318E-2;1,013031E-1;9,280816E-1;;
02/12/2021  12:47:17,575463;9,436262E-1;1,264171E-1;1,275255E-1;9,282965E-1;;
02/12/2021  12:47:17,575563;9,446037E-1;1,292843E-1;1,294210E-1;9,285305E-1;;
02/12/2021  12:47:17,575663;9,456796E-1;1,178155E-1;1,186794E-1;9,287833E-1;;
02/12/2021  12:47:17,575763;9,450001E-1;1,433019E-1;1,363715E-1;9,290544E-1;;
02/12/2021  12:47:17,575863;9,458555E-1;1,174969E-1;1,218387E-1;9,293436E-1;;
02/12/2021  12:47:17,575963;9,479029E-1;1,264171E-1;1,452176E-1;9,296504E-1;;
02/12/2021  12:47:17,576063;9,489311E-1;1,152668E-1;1,164678E-1;9,299746E-1;;
02/12/2021  12:47:17,576163;9,491070E-1;1,251428E-1;1,366875E-1;9,303159E-1;;
02/12/2021  12:47:17,576263;9,489669E-1;1,308772E-1;1,332122E-1;9,306743E-1;;
02/12/2021  12:47:17,576363;9,491070E-1;1,178155E-1;1,246821E-1;9,310492E-1;;
02/12/2021  12:47:17,576463;9,508505E-1;1,114439E-1;9,308886E-2;9,314404E-1;;
02/12/2021  12:47:17,576563;9,509637E-1;1,232313E-1;1,208909E-1;9,318472E-1;;
02/12/2021  12:47:17,576663;9,516134E-1;1,350188E-1;1,490088E-1;9,322694E-1;;
02/12/2021  12:47:17,576763;9,516462E-1;1,117624E-1;1,243661E-1;9,327065E-1;;
02/12/2021  12:47:17,576863;9,518638E-1;1,251428E-1;1,291051E-1;9,331579E-1;;
02/12/2021  12:47:17,576963;9,536072E-1;1,799386E-1;1,850251E-1;9,336229E-1;;
02/12/2021  12:47:17,577063;9,536311E-1;1,378860E-1;1,338441E-1;9,341012E-1;;
02/12/2021  12:47:17,577163;9,538159E-1;1,407532E-1;1,268936E-1;9,345920E-1;;
02/12/2021  12:47:17,577263;9,530708E-1;1,257800E-1;1,347919E-1;9,350948E-1;;
02/12/2021  12:47:17,577363;9,536221E-1;1,225942E-1;1,278414E-1;9,356088E-1;;
02/12/2021  12:47:17,577463;9,548381E-1;8,372740E-2;9,087734E-2;9,361330E-1;;
02/12/2021  12:47:17,577563;9,556040E-1;1,311958E-1;1,313166E-1;9,366668E-1;;
02/12/2021  12:47:17,577663;9,555116E-1;1,296029E-1;1,186794E-1;9,372093E-1;;
02/12/2021  12:47:17,577763;9,559408E-1;1,401161E-1;1,385831E-1;9,377598E-1;;
02/12/2021  12:47:17,577863;9,562716E-1;1,318330E-1;1,366875E-1;9,383175E-1;;
02/12/2021  12:47:17,577963;9,578363E-1;6,110822E-2;4,633093E-2;9,388818E-1;;
02/12/2021  12:47:17,578063;9,578065E-1;1,241871E-1;1,237343E-1;9,394519E-1;;
02/12/2021  12:47:17,578163;9,576753E-1;1,210013E-1;1,246821E-1;9,400273E-1;;
02/12/2021  12:47:17,578263;9,571747E-1;1,190898E-1;1,208909E-1;9,406071E-1;;
02/12/2021  12:47:17,578363;9,582118E-1;1,533758E-3;4,411940E-2;9,411907E-1;;
02/12/2021  12:47:17,578463;9,590433E-1;1,362931E-1;1,414265E-1;9,417772E-1;;
02/12/2021  12:47:17,578563;9,590910E-1;1,340630E-1;1,354238E-1;9,423658E-1;;
02/12/2021  12:47:17,578663;9,587244E-1;1,171783E-1;1,243661E-1;9,429559E-1;;
02/12/2021  12:47:17,578763;9,580121E-1;1,286472E-1;1,370034E-1;9,435467E-1;;
02/12/2021  12:47:17,578863;9,591476E-1;1,471248E-1;1,442698E-1;9,441373E-1;;
02/12/2021  12:47:17,578963;9,597407E-1;1,283286E-1;1,297370E-1;9,447268E-1;;
02/12/2021  12:47:17,579063;9,598897E-1;1,229127E-1;1,202590E-1;9,453144E-1;;
02/12/2021  12:47:17,579163;9,590016E-1;1,028422E-1;8,803395E-2;9,458994E-1;;
02/12/2021  12:47:17,579263;9,585784E-1;1,477620E-1;1,490088E-1;9,464810E-1;;
02/12/2021  12:47:17,579363;9,600745E-1;1,257800E-1;1,186794E-1;9,470583E-1;;
02/12/2021  12:47:17,579463;9,603070E-1;1,423461E-1;1,474292E-1;9,476304E-1;;
02/12/2021  12:47:17,579563;9,600536E-1;1,143111E-1;1,193112E-1;9,481967E-1;;
02/12/2021  12:47:17,579663;9,601430E-1;1,331073E-1;1,471132E-1;9,487565E-1;;
02/12/2021  12:47:17,579763;9,600864E-1;1,251428E-1;1,300529E-1;9,493091E-1;;
02/12/2021  12:47:17,579863;9,610401E-1;1,063466E-1;9,940750E-2;9,498540E-1;;
02/12/2021  12:47:17,579963;9,612636E-1;1,127182E-1;1,253139E-1;9,503904E-1;;
02/12/2021  12:47:17,580063;9,610848E-1;1,041165E-1;1,174156E-1;9,509180E-1;;
02/12/2021  12:47:17,580163;9,605037E-1;1,458505E-1;1,392149E-1;9,514364E-1;;
02/12/2021  12:47:17,580263;9,610580E-1;1,190898E-1;9,814378E-2;9,519450E-1;;
02/12/2021  12:47:17,580363;9,615855E-1;1,337445E-1;1,635417E-1;9,524434E-1;;
02/12/2021  12:47:17,580463;9,612219E-1;1,238685E-1;1,275255E-1;9,529312E-1;;
02/12/2021  12:47:17,580563;9,608494E-1;1,420275E-1;1,436380E-1;9,534080E-1;;
02/12/2021  12:47:17,580663;9,594248E-1;1,327887E-1;1,388990E-1;9,538734E-1;;
02/12/2021  12:47:17,580763;9,597258E-1;1,079395E-1;1,117289E-1;9,543269E-1;;
02/12/2021  12:47:17,580863;9,602116E-1;1,229127E-1;1,287892E-1;9,547677E-1;;
02/12/2021  12:47:17,580963;9,601490E-1;1,391603E-1;1,363715E-1;9,551954E-1;;
02/12/2021  12:47:17,581063;9,591238E-1;1,439390E-1;1,480610E-1;9,556095E-1;;
02/12/2021  12:47:17,581163;9,586559E-1;1,299215E-1;1,379512E-1;9,560096E-1;;
02/12/2021  12:47:17,581263;9,580568E-1;1,270543E-1;1,177316E-1;9,563950E-1;;
02/12/2021  12:47:17,581363;9,589211E-1;1,254614E-1;9,277293E-2;9,567651E-1;;
02/12/2021  12:47:17,581463;9,589330E-1;1,178155E-1;1,237343E-1;9,571196E-1;;
02/12/2021  12:47:17,581563;9,588406E-1;1,235499E-1;1,281573E-1;9,574580E-1;;
02/12/2021  12:47:17,581663;9,576992E-1;1,022050E-1;1,300529E-1;9,577800E-1;;
02/12/2021  12:47:17,581763;9,579674E-1;1,190898E-1;1,104651E-1;9,580854E-1;;
02/12/2021  12:47:17,581863;9,591595E-1;1,429833E-1;1,354238E-1;9,583739E-1;;
02/12/2021  12:47:17,581963;9,589926E-1;1,350188E-1;1,284732E-1;9,586455E-1;;
02/12/2021  12:47:17,582063;9,585009E-1;1,324701E-1;1,373193E-1;9,589001E-1;;
02/12/2021  12:47:17,582163;9,573475E-1;9,997498E-2;1,088855E-1;9,591380E-1;;
02/12/2021  12:47:17,582263;9,570525E-1;1,133553E-1;1,189953E-1;9,593590E-1;;
02/12/2021  12:47:17,582363;9,578273E-1;1,350188E-1;1,303688E-1;9,595630E-1;;
02/12/2021  12:47:17,582463;9,576962E-1;1,130368E-1;1,186794E-1;9,597501E-1;;
02/12/2021  12:47:17,582563;9,566620E-1;1,260985E-1;1,316326E-1;9,599205E-1;;
02/12/2021  12:47:17,582663;9,551600E-1;1,331073E-1;1,401627E-1;9,600741E-1;;
02/12/2021  12:47:17,582763;9,560779E-1;1,445762E-1;1,499566E-1;9,602110E-1;;
02/12/2021  12:47:17,582863;9,560392E-1;1,200455E-1;1,145722E-1;9,603310E-1;;
02/12/2021  12:47:17,582963;9,555623E-1;1,165411E-1;1,050943E-1;9,604342E-1;;
02/12/2021  12:47:17,583063;9,541735E-1;1,296029E-1;1,272095E-1;9,605208E-1;;
02/12/2021  12:47:17,583163;9,534523E-1;1,413904E-1;1,366875E-1;9,605907E-1;;
02/12/2021  12:47:17,583263;9,534791E-1;1,350188E-1;1,177316E-1;9,606439E-1;;
02/12/2021  12:47:17,583363;9,537145E-1;1,286472E-1;1,044624E-1;9,606803E-1;;
02/12/2021  12:47:17,583463;9,531662E-1;1,286472E-1;1,265777E-1;9,607000E-1;;
02/12/2021  12:47:17,583563;9,532645E-1;8,372740E-2;1,170997E-1;9,607031E-1;;
02/12/2021  12:47:17,583663;9,518220E-1;1,257800E-1;1,202590E-1;9,606897E-1;;
02/12/2021  12:47:17,583763;9,523883E-1;1,194084E-1;1,164678E-1;9,606601E-1;;
02/12/2021  12:47:17,583863;9,520068E-1;1,092138E-1;1,316326E-1;9,606143E-1;;
02/12/2021  12:47:17,583963;9,520277E-1;1,216384E-1;1,259458E-1;9,605527E-1;;
02/12/2021  12:47:17,584063;9,517416E-1;1,401161E-1;1,129926E-1;9,604756E-1;;
02/12/2021  12:47:17,584163;9,510621E-1;1,423461E-1;1,379512E-1;9,603833E-1;;
02/12/2021  12:47:17,584263;9,512886E-1;1,098510E-1;1,110970E-1;9,602763E-1;;
02/12/2021  12:47:17,584363;9,514704E-1;1,283286E-1;1,316326E-1;9,601550E-1;;
02/12/2021  12:47:17,584463;9,514018E-1;1,385232E-1;1,426902E-1;9,600198E-1;;
02/12/2021  12:47:17,584563;9,508415E-1;1,302401E-1;1,243661E-1;9,598714E-1;;
02/12/2021  12:47:17,584663;9,509727E-1;1,305587E-1;1,183634E-1;9,597105E-1;;
02/12/2021  12:47:17,584763;9,510621E-1;1,404346E-1;1,445858E-1;9,595375E-1;;
02/12/2021  12:47:17,584863;9,511187E-1;1,340630E-1;1,414265E-1;9,593533E-1;;
02/12/2021  12:47:17,584963;9,509130E-1;1,337445E-1;1,654373E-1;9,591585E-1;;
02/12/2021  12:47:17,585063;9,495779E-1;1,225942E-1;1,278414E-1;9,589539E-1;;
02/12/2021  12:47:17,585163;9,486272E-1;1,139925E-1;1,237343E-1;9,587401E-1;;
02/12/2021  12:47:17,585263;9,493663E-1;1,187712E-1;1,221546E-1;9,585176E-1;;
02/12/2021  12:47:17,585363;9,487493E-1;1,181340E-1;1,278414E-1;9,582867E-1;;
02/12/2021  12:47:17,585463;9,477301E-1;1,168597E-1;1,259458E-1;9,580480E-1;;
02/12/2021  12:47:17,585563;9,460343E-1;1,178155E-1;1,259458E-1;9,578018E-1;;
02/12/2021  12:47:17,585663;9,460254E-1;9,232906E-2;9,372073E-2;9,575483E-1;;
02/12/2021  12:47:17,585763;9,463681E-1;8,914326E-2;1,152041E-1;9,572876E-1;;
02/12/2021  12:47:17,585863;9,459359E-1;9,201048E-2;1,129926E-1;9,570198E-1;;
02/12/2021  12:47:17,585963;9,449852E-1;6,875414E-2;7,128955E-2;9,567451E-1;;
02/12/2021  12:47:17,586063;9,437991E-1;1,044351E-1;1,167838E-1;9,564638E-1;;
02/12/2021  12:47:17,586163;9,434444E-1;1,028422E-1;1,123607E-1;9,561758E-1;;
02/12/2021  12:47:17,586263;9,434772E-1;1,085766E-1;1,439539E-1;9,558812E-1;;
02/12/2021  12:47:17,586363;9,438497E-1;9,073616E-2;1,041465E-1;9,555799E-1;;
02/12/2021  12:47:17,586463;9,433729E-1;9,105474E-2;1,019350E-1;9,552723E-1;;
02/12/2021  12:47:17,586563;9,424997E-1;-1,280234E-2;5,644075E-2;9,549585E-1;;
02/12/2021  12:47:17,586663;9,427053E-1;9,678918E-2;1,139404E-1;9,546388E-1;;
02/12/2021  12:47:17,586763;9,428662E-1;1,057094E-1;1,035146E-1;9,543135E-1;;
02/12/2021  12:47:17,586863;9,429348E-1;1,069837E-1;1,186794E-1;9,539828E-1;;
02/12/2021  12:47:17,586963;9,416711E-1;1,139925E-1;1,287892E-1;9,536472E-1;;
02/12/2021  12:47:17,587063;9,407234E-1;1,073023E-1;1,218387E-1;9,533071E-1;;
02/12/2021  12:47:17,587163;9,405029E-1;1,219570E-1;1,237343E-1;9,529627E-1;;
02/12/2021  12:47:17,587263;9,411883E-1;1,181340E-1;1,256299E-1;9,526142E-1;;
02/12/2021  12:47:17,587363;9,407592E-1;6,333828E-2;1,050943E-1;9,522618E-1;;
02/12/2021  12:47:17,587463;9,399753E-1;1,241871E-1;1,310007E-1;9,519059E-1;;
02/12/2021  12:47:17,587563;9,384345E-1;1,579565E-1;1,395309E-1;9,515469E-1;;
02/12/2021  12:47:17,587663;9,384465E-1;1,528593E-1;1,142563E-1;9,511848E-1;;
02/12/2021  12:47:17,587763;9,383034E-1;1,241871E-1;1,120448E-1;9,508197E-1;;
02/12/2021  12:47:17,587863;9,379011E-1;1,757970E-1;1,411105E-1;9,504517E-1;;
02/12/2021  12:47:17,587963;9,368699E-1;1,480806E-1;1,960827E-1;9,500810E-1;;
02/12/2021  12:47:17,588063;9,355526E-1;1,531778E-1;1,486929E-1;9,497076E-1;;
02/12/2021  12:47:17,588163;9,354572E-1;1,429833E-1;1,360556E-1;9,493314E-1;;
02/12/2021  12:47:17,588263;9,358327E-1;1,388417E-1;1,569071E-1;9,489523E-1;;
02/12/2021  12:47:17,588363;9,351920E-1;1,420275E-1;1,376353E-1;9,485703E-1;;
02/12/2021  12:47:17,588463;9,340982E-1;1,225942E-1;1,294210E-1;9,481855E-1;;
02/12/2021  12:47:17,588563;9,332756E-1;1,292843E-1;1,272095E-1;9,477978E-1;;
02/12/2021  12:47:17,588663;9,334753E-1;8,946184E-2;9,624818E-2;9,474072E-1;;
02/12/2021  12:47:17,588763;9,337167E-1;1,165411E-1;1,313166E-1;9,470136E-1;;
02/12/2021  12:47:17,588863;9,331028E-1;1,264171E-1;1,341600E-1;9,466171E-1;;
02/12/2021  12:47:17,588963;9,318689E-1;1,378860E-1;1,328963E-1;9,462178E-1;;
02/12/2021  12:47:17,589063;9,303430E-1;8,595746E-2;8,834988E-2;9,458157E-1;;
02/12/2021  12:47:17,589163;9,312520E-1;1,407532E-1;1,619620E-1;9,454107E-1;;
02/12/2021  12:47:17,589263;9,310523E-1;1,385232E-1;1,385831E-1;9,450028E-1;;
02/12/2021  12:47:17,589363;9,308348E-1;1,455319E-1;1,363715E-1;9,445920E-1;;
02/12/2021  12:47:17,589463;9,302625E-1;1,343816E-1;1,300529E-1;9,441784E-1;;
02/12/2021  12:47:17,589563;9,287277E-1;1,184526E-1;1,234183E-1;9,437623E-1;;
02/12/2021  12:47:17,589663;9,295413E-1;1,302401E-1;1,370034E-1;9,433436E-1;;
02/12/2021  12:47:17,589763;9,297052E-1;1,331073E-1;1,322644E-1;9,429224E-1;;
02/12/2021  12:47:17,589863;9,290943E-1;1,025236E-1;1,044624E-1;9,424990E-1;;
02/12/2021  12:47:17,589963;9,288141E-1;1,168597E-1;1,145722E-1;9,420737E-1;;
02/12/2021  12:47:17,590063;9,274313E-1;1,200455E-1;1,073058E-1;9,416467E-1;;
02/12/2021  12:47:17,590163;9,283850E-1;1,181340E-1;1,540637E-1;9,412182E-1;;
02/12/2021  12:47:17,590263;9,286085E-1;1,178155E-1;1,167838E-1;9,407884E-1;;
02/12/2021  12:47:17,590363;9,292105E-1;1,136739E-1;1,221546E-1;9,403578E-1;;
02/12/2021  12:47:17,590463;9,283492E-1;6,493118E-2;8,613836E-2;9,399270E-1;;
02/12/2021  12:47:17,590563;9,285638E-1;1,130368E-1;1,189953E-1;9,394964E-1;;
02/12/2021  12:47:17,590663;9,298781E-1;9,678918E-2;1,316326E-1;9,390667E-1;;
02/12/2021  12:47:17,590763;9,299168E-1;1,082581E-1;1,085695E-1;9,386386E-1;;
02/12/2021  12:47:17,590863;9,299973E-1;1,248242E-1;1,224705E-1;9,382130E-1;;
02/12/2021  12:47:17,590963;9,289870E-1;1,318330E-1;1,373193E-1;9,377907E-1;;
02/12/2021  12:47:17,591063;9,288797E-1;1,404346E-1;1,347919E-1;9,373725E-1;;
02/12/2021  12:47:17,591163;9,301314E-1;1,636910E-1;1,723878E-1;9,369591E-1;;
02/12/2021  12:47:17,591263;9,301135E-1;1,073023E-1;1,120448E-1;9,365511E-1;;
02/12/2021  12:47:17,591363;9,298483E-1;1,213198E-1;1,234183E-1;9,361494E-1;;
02/12/2021  12:47:17,591463;9,289840E-1;1,353374E-1;1,322644E-1;9,357547E-1;;
02/12/2021  12:47:17,591563;9,302357E-1;1,337445E-1;1,303688E-1;9,353676E-1;;
02/12/2021  12:47:17,591663;9,298513E-1;1,359745E-1;1,133085E-1;9,349888E-1;;
02/12/2021  12:47:17,591763;9,303132E-1;1,210013E-1;1,006712E-1;9,346188E-1;;
02/12/2021  12:47:17,591863;9,297142E-1;1,534964E-1;1,543797E-1;9,342582E-1;;
02/12/2021  12:47:17,591963;9,288201E-1;1,225942E-1;1,221546E-1;9,339075E-1;;
02/12/2021  12:47:17,592063;9,287784E-1;1,012493E-1;9,340479E-2;9,335671E-1;;
02/12/2021  12:47:17,592163;9,304950E-1;7,289568E-2;5,770448E-2;9,332372E-1;;
02/12/2021  12:47:17,592263;9,307245E-1;8,786894E-2;8,866581E-2;9,329181E-1;;
02/12/2021  12:47:17,592363;9,297321E-1;1,311958E-1;1,262617E-1;9,326102E-1;;
02/12/2021  12:47:17,592463;9,290496E-1;1,286472E-1;1,170997E-1;9,323140E-1;;
02/12/2021  12:47:17,592563;9,297768E-1;1,366117E-1;1,423743E-1;9,320295E-1;;
02/12/2021  12:47:17,592663;9,304354E-1;1,216384E-1;1,471132E-1;9,317569E-1;;
02/12/2021  12:47:17,592763;9,293714E-1;1,423461E-1;1,420583E-1;9,314963E-1;;
02/12/2021  12:47:17,592863;9,287784E-1;1,162226E-1;1,063580E-1;9,312478E-1;;
02/12/2021  12:47:17,592963;9,271809E-1;1,146297E-1;1,572231E-1;9,310113E-1;;
02/12/2021  12:47:17,593063;9,276488E-1;1,276914E-1;1,300529E-1;9,307864E-1;;
02/12/2021  12:47:17,593163;9,275028E-1;1,442576E-1;1,420583E-1;9,305726E-1;;
02/12/2021  12:47:17,593263;9,271153E-1;1,531778E-1;1,480610E-1;9,303695E-1;;
02/12/2021  12:47:17,593363;9,262749E-1;1,197269E-1;1,164678E-1;9,301765E-1;;
02/12/2021  12:47:17,593463;9,259769E-1;1,280100E-1;1,297370E-1;9,299930E-1;;
02/12/2021  12:47:17,593563;9,263136E-1;1,305587E-1;1,202590E-1;9,298185E-1;;
02/12/2021  12:47:17,593663;9,271809E-1;1,404346E-1;1,370034E-1;9,296523E-1;;
02/12/2021  12:47:17,593763;9,260156E-1;1,350188E-1;1,426902E-1;9,294938E-1;;
02/12/2021  12:47:17,593863;9,250947E-1;1,273729E-1;1,256299E-1;9,293427E-1;;
02/12/2021  12:47:17,593963;9,246864E-1;8,340882E-2;1,025668E-1;9,291983E-1;;
02/12/2021  12:47:17,594063;9,254523E-1;1,037979E-1;9,466852E-2;9,290598E-1;;
02/12/2021  12:47:17,594163;9,254434E-1;1,410718E-1;1,341600E-1;9,289268E-1;;
02/12/2021  12:47:17,594263;9,245404E-1;1,264171E-1;1,335282E-1;9,287986E-1;;
02/12/2021  12:47:17,594363;9,241619E-1;1,108067E-1;1,196272E-1;9,286748E-1;;
02/12/2021  12:47:17,594463;9,240993E-1;1,181340E-1;1,259458E-1;9,285546E-1;;
02/12/2021  12:47:17,594563;9,241052E-1;1,382046E-1;1,622780E-1;9,284377E-1;;
02/12/2021  12:47:17,594663;9,251185E-1;1,292843E-1;1,306848E-1;9,283234E-1;;
02/12/2021  12:47:17,594763;9,241947E-1;1,130368E-1;9,277293E-2;9,282113E-1;;
02/12/2021  12:47:17,594863;9,236642E-1;1,203641E-1;1,471132E-1;9,281013E-1;;
02/12/2021  12:47:17,594963;9,228535E-1;1,324701E-1;1,341600E-1;9,279927E-1;;
02/12/2021  12:47:17,595063;9,240248E-1;1,216384E-1;1,092014E-1;9,278853E-1;;
02/12/2021  12:47:17,595163;9,245881E-1;1,229127E-1;1,237343E-1;9,277787E-1;;
02/12/2021  12:47:17,595263;9,243019E-1;1,331073E-1;1,240502E-1;9,276727E-1;;
02/12/2021  12:47:17,595363;9,240784E-1;1,378860E-1;1,439539E-1;9,275672E-1;;
02/12/2021  12:47:17,595463;9,246059E-1;1,251428E-1;1,224705E-1;9,274622E-1;;
02/12/2021  12:47:17,595563;9,259948E-1;1,362931E-1;1,268936E-1;9,273577E-1;;
02/12/2021  12:47:17,595663;9,266892E-1;1,280100E-1;1,310007E-1;9,272539E-1;;
02/12/2021  12:47:17,595763;9,262689E-1;1,340630E-1;1,392149E-1;9,271513E-1;;
02/12/2021  12:47:17,595863;9,257385E-1;1,334259E-1;1,281573E-1;9,270502E-1;;
02/12/2021  12:47:17,595963;9,271988E-1;1,305587E-1;1,322644E-1;9,269511E-1;;
02/12/2021  12:47:17,596063;9,282032E-1;6,843556E-2;1,357397E-1;9,268543E-1;;
02/12/2021  12:47:17,596163;9,286234E-1;1,174969E-1;1,218387E-1;9,267605E-1;;
02/12/2021  12:47:17,596263;9,282687E-1;1,378860E-1;1,344760E-1;9,266703E-1;;
02/12/2021  12:47:17,596363;9,282538E-1;1,391603E-1;1,357397E-1;9,265843E-1;;
02/12/2021  12:47:17,596463;9,293357E-1;9,296622E-2;9,972343E-2;9,265032E-1;;
02/12/2021  12:47:17,596563;9,303818E-1;1,190898E-1;1,218387E-1;9,264275E-1;;
02/12/2021  12:47:17,596663;9,308258E-1;1,324701E-1;1,262617E-1;9,263579E-1;;
02/12/2021  12:47:17,596763;9,301582E-1;1,350188E-1;1,531159E-1;9,262952E-1;;
02/12/2021  12:47:17,596863;9,292433E-1;1,162226E-1;1,240502E-1;9,262398E-1;;
02/12/2021  12:47:17,596963;9,302298E-1;1,245056E-1;1,224705E-1;9,261923E-1;;
02/12/2021  12:47:17,597063;9,308467E-1;1,439390E-1;1,540637E-1;9,261529E-1;;
02/12/2021  12:47:17,597163;9,307930E-1;1,296029E-1;1,294210E-1;9,261219E-1;;
02/12/2021  12:47:17,597263;9,301910E-1;1,321516E-1;1,430061E-1;9,260996E-1;;
02/12/2021  12:47:17,597363;9,307901E-1;1,289658E-1;1,231024E-1;9,260862E-1;;
02/12/2021  12:47:17,597463;9,318302E-1;1,417090E-1;1,322644E-1;9,260818E-1;;
02/12/2021  12:47:17,597563;9,324769E-1;1,289658E-1;1,278414E-1;9,260866E-1;;
02/12/2021  12:47:17,597663;9,329746E-1;1,359745E-1;1,303688E-1;9,261009E-1;;
02/12/2021  12:47:17,597763;9,321938E-1;1,353374E-1;1,300529E-1;9,261250E-1;;
02/12/2021  12:47:17,597863;9,322981E-1;1,315144E-1;1,401627E-1;9,261590E-1;;
02/12/2021  12:47:17,597963;9,332458E-1;1,439390E-1;1,850251E-1;9,262029E-1;;
02/12/2021  12:47:17,598063;9,340952E-1;1,296029E-1;1,262617E-1;9,262569E-1;;
02/12/2021  12:47:17,598163;9,342174E-1;1,174969E-1;1,294210E-1;9,263211E-1;;
02/12/2021  12:47:17,598263;9,340982E-1;1,047537E-1;1,117289E-1;9,263955E-1;;
02/12/2021  12:47:17,598363;9,334723E-1;1,155854E-1;1,205749E-1;9,264802E-1;;
02/12/2021  12:47:17,598463;9,352277E-1;1,216384E-1;1,328963E-1;9,265752E-1;;
02/12/2021  12:47:17,598563;9,351085E-1;1,114439E-1;1,177316E-1;9,266803E-1;;
02/12/2021  12:47:17,598663;9,353708E-1;9,838208E-2;1,164678E-1;9,267956E-1;;
02/12/2021  12:47:17,598763;9,340952E-1;1,085766E-1;1,224705E-1;9,269209E-1;;
02/12/2021  12:47:17,598863;9,337704E-1;1,139925E-1;1,066739E-1;9,270559E-1;;
02/12/2021  12:47:17,598963;9,345929E-1;9,424054E-2;1,009872E-1;9,272002E-1;;
02/12/2021  12:47:17,599063;9,354811E-1;1,015679E-1;1,101492E-1;9,273533E-1;;
02/12/2021  12:47:17,599163;9,361337E-1;9,997498E-2;1,167838E-1;9,275148E-1;;
02/12/2021  12:47:17,599263;9,358894E-1;9,360338E-2;1,436380E-1;9,276844E-1;;
02/12/2021  12:47:17,599363;9,360712E-1;1,194084E-1;1,262617E-1;9,278618E-1;;
02/12/2021  12:47:17,599463;9,380292E-1;9,455912E-2;1,069899E-1;9,280469E-1;;
02/12/2021  12:47:17,599563;9,388965E-1;1,088952E-1;1,240502E-1;9,282395E-1;;
02/12/2021  12:47:17,599663;9,392243E-1;9,933782E-2;1,117289E-1;9,284395E-1;;
02/12/2021  12:47:17,599763;9,392780E-1;9,774492E-2;1,107811E-1;9,286472E-1;;
02/12/2021  12:47:17,599863;9,401929E-1;9,678918E-2;1,079377E-1;9,288625E-1;;
02/12/2021  12:47:17,599963;9,414089E-1;1,216384E-1;1,240502E-1;9,290857E-1;;
02/12/2021  12:47:17,600063;9,421480E-1;1,028422E-1;1,186794E-1;9,293168E-1;;
02/12/2021  12:47:17,600163;9,429199E-1;1,302401E-1;1,388990E-1;9,295561E-1;;
02/12/2021  12:47:17,600263;9,427858E-1;1,356559E-1;1,430061E-1;9,298040E-1;;
02/12/2021  12:47:17,600363;9,435666E-1;1,098510E-1;1,237343E-1;9,300605E-1;;
02/12/2021  12:47:17,600463;9,445084E-1;1,276914E-1;1,152041E-1;9,303260E-1;;
02/12/2021  12:47:17,600563;9,447677E-1;1,378860E-1;1,050943E-1;9,306006E-1;;
02/12/2021  12:47:17,600663;9,441716E-1;1,652839E-1;1,471132E-1;9,308845E-1;;
02/12/2021  12:47:17,600763;9,440047E-1;1,665582E-1;1,404787E-1;9,311776E-1;;
02/12/2021  12:47:17,600863;9,439362E-1;1,296029E-1;9,530039E-2;9,314797E-1;;
02/12/2021  12:47:17,600963;9,447438E-1;1,828058E-1;1,787064E-1;9,317905E-1;;
02/12/2021  12:47:17,601063;9,456379E-1;1,222756E-1;1,291051E-1;9,321097E-1;;
02/12/2021  12:47:17,601163;9,458585E-1;1,560451E-1;1,537478E-1;9,324370E-1;;
02/12/2021  12:47:17,601263;9,452326E-1;1,264171E-1;1,265777E-1;9,327721E-1;;
02/12/2021  12:47:17,601363;9,461416E-1;8,786894E-2;1,414265E-1;9,331145E-1;;
02/12/2021  12:47:17,601463;9,473635E-1;1,570008E-1;1,783905E-1;9,334641E-1;;
02/12/2021  12:47:17,601563;9,479625E-1;1,433019E-1;1,373193E-1;9,338203E-1;;
02/12/2021  12:47:17,601663;9,483619E-1;9,201048E-2;6,402312E-2;9,341831E-1;;
02/12/2021  12:47:17,601763;9,485139E-1;1,503106E-1;1,322644E-1;9,345523E-1;;
02/12/2021  12:47:17,601863;9,491219E-1;1,382046E-1;1,379512E-1;9,349276E-1;;
02/12/2021  12:47:17,601963;9,506836E-1;1,273729E-1;1,328963E-1;9,353089E-1;;
02/12/2021  12:47:17,602063;9,503945E-1;1,127182E-1;1,202590E-1;9,356960E-1;;
02/12/2021  12:47:17,602163;9,504332E-1;6,620550E-2;7,981972E-2;9,360890E-1;;
02/12/2021  12:47:17,602263;9,507998E-1;1,276914E-1;1,265777E-1;9,364874E-1;;
02/12/2021  12:47:17,602363;9,519532E-1;1,506292E-1;1,398468E-1;9,368912E-1;;
02/12/2021  12:47:17,602463;9,527042E-1;1,085766E-1;1,114129E-1;9,373002E-1;;
02/12/2021  12:47:17,602563;9,529218E-1;1,264171E-1;1,575390E-1;9,377142E-1;;
02/12/2021  12:47:17,602663;9,520009E-1;1,171783E-1;1,246821E-1;9,381330E-1;;
02/12/2021  12:47:17,602763;9,513690E-1;1,251428E-1;1,341600E-1;9,385564E-1;;
02/12/2021  12:47:17,602863;9,520307E-1;1,190898E-1;1,341600E-1;9,389838E-1;;
02/12/2021  12:47:17,602963;9,524539E-1;1,050723E-1;1,193112E-1;9,394147E-1;;
02/12/2021  12:47:17,603063;9,526893E-1;1,531778E-1;1,660692E-1;9,398484E-1;;
02/12/2021  12:47:17,603163;9,528622E-1;1,248242E-1;1,284732E-1;9,402845E-1;;
02/12/2021  12:47:17,603263;9,525224E-1;1,213198E-1;1,227865E-1;9,407223E-1;;
02/12/2021  12:47:17,603363;9,539112E-1;1,385232E-1;1,401627E-1;9,411612E-1;;
02/12/2021  12:47:17,603463;9,540245E-1;1,174969E-1;1,272095E-1;9,416009E-1;;
02/12/2021  12:47:17,603563;9,539559E-1;1,057094E-1;9,024547E-2;9,420407E-1;;
02/12/2021  12:47:17,603663;9,531363E-1;1,162226E-1;9,372073E-2;9,424802E-1;;
02/12/2021  12:47:17,603763;9,540334E-1;1,359745E-1;1,328963E-1;9,429190E-1;;
02/12/2021  12:47:17,603863;9,541556E-1;1,069837E-1;1,275255E-1;9,433562E-1;;
02/12/2021  12:47:17,603963;9,543642E-1;1,264171E-1;1,265777E-1;9,437916E-1;;
02/12/2021  12:47:17,604063;9,542033E-1;8,340882E-2;9,277293E-2;9,442244E-1;;
02/12/2021  12:47:17,604163;9,543940E-1;1,222756E-1;1,050943E-1;9,446542E-1;;
02/12/2021  12:47:17,604263;9,546086E-1;1,178155E-1;1,208909E-1;9,450805E-1;;
02/12/2021  12:47:17,604363;9,548441E-1;7,098420E-2;9,814378E-2;9,455028E-1;;
02/12/2021  12:47:17,604463;9,547934E-1;1,445762E-1;1,483770E-1;9,459205E-1;;
02/12/2021  12:47:17,604563;9,541526E-1;1,159040E-1;1,240502E-1;9,463333E-1;;
02/12/2021  12:47:17,604663;9,535297E-1;1,254614E-1;1,123607E-1;9,467406E-1;;
02/12/2021  12:47:17,604763;9,534731E-1;1,280100E-1;1,423743E-1;9,471417E-1;;
02/12/2021  12:47:17,604863;9,540334E-1;1,174969E-1;1,433221E-1;9,475360E-1;;
02/12/2021  12:47:17,604963;9,537592E-1;1,257800E-1;1,332122E-1;9,479228E-1;;
02/12/2021  12:47:17,605063;9,532466E-1;1,299215E-1;1,262617E-1;9,483016E-1;;
02/12/2021  12:47:17,605163;9,528532E-1;1,327887E-1;1,310007E-1;9,486717E-1;;
02/12/2021  12:47:17,605263;9,527042E-1;1,528593E-1;1,518522E-1;9,490324E-1;;
02/12/2021  12:47:17,605363;9,535119E-1;1,327887E-1;1,316326E-1;9,493833E-1;;
02/12/2021  12:47:17,605463;9,537264E-1;1,299215E-1;1,107811E-1;9,497237E-1;;
02/12/2021  12:47:17,605563;9,532079E-1;1,464877E-1;1,641736E-1;9,500533E-1;;
02/12/2021  12:47:17,605663;9,520605E-1;1,200455E-1;1,246821E-1;9,503716E-1;;
02/12/2021  12:47:17,605763;9,524658E-1;1,327887E-1;1,268936E-1;9,506783E-1;;
02/12/2021  12:47:17,605863;9,528800E-1;1,627352E-1;1,900800E-1;9,509730E-1;;
02/12/2021  12:47:17,605963;9,528264E-1;1,117624E-1;1,088855E-1;9,512552E-1;;
02/12/2021  12:47:17,606063;9,519651E-1;1,426647E-1;1,467973E-1;9,515247E-1;;
02/12/2021  12:47:17,606163;9,516581E-1;1,229127E-1;1,253139E-1;9,517812E-1;;
02/12/2021  12:47:17,606263;9,517058E-1;1,276914E-1;1,170997E-1;9,520244E-1;;
02/12/2021  12:47:17,606363;9,521648E-1;1,241871E-1;1,354238E-1;9,522542E-1;;
02/12/2021  12:47:17,606463;9,514167E-1;1,216384E-1;1,218387E-1;9,524702E-1;;
02/12/2021  12:47:17,606563;9,500666E-1;1,292843E-1;1,202590E-1;9,526723E-1;;
02/12/2021  12:47:17,606663;9,492322E-1;1,350188E-1;1,467973E-1;9,528602E-1;;
02/12/2021  12:47:17,606763;9,497090E-1;1,331073E-1;1,417424E-1;9,530336E-1;;
02/12/2021  12:47:17,606863;9,489818E-1;1,225942E-1;1,262617E-1;9,531920E-1;;
02/12/2021  12:47:17,606963;9,490951E-1;1,280100E-1;1,300529E-1;9,533352E-1;;
02/12/2021  12:47:17,607063;9,480549E-1;1,251428E-1;1,215227E-1;9,534629E-1;;
02/12/2021  12:47:17,607163;9,471966E-1;1,359745E-1;1,341600E-1;9,535748E-1;;
02/12/2021  12:47:17,607263;9,475513E-1;1,369303E-1;1,458495E-1;9,536706E-1;;
02/12/2021  12:47:17,607363;9,474172E-1;1,073023E-1;1,076217E-1;9,537502E-1;;
02/12/2021  12:47:17,607463;9,466095E-1;1,289658E-1;1,370034E-1;9,538132E-1;;
02/12/2021  12:47:17,607563;9,459210E-1;1,372488E-1;1,310007E-1;9,538597E-1;;
02/12/2021  12:47:17,607663;9,449763E-1;1,327887E-1;1,281573E-1;9,538895E-1;;
02/12/2021  12:47:17,607763;9,453548E-1;1,190898E-1;1,297370E-1;9,539023E-1;;
02/12/2021  12:47:17,607863;9,447021E-1;1,267357E-1;1,275255E-1;9,538981E-1;;
02/12/2021  12:47:17,607963;9,435010E-1;1,366117E-1;1,417424E-1;9,538767E-1;;
02/12/2021  12:47:17,608063;9,433580E-1;7,608148E-2;9,656411E-2;9,538382E-1;;
02/12/2021  12:47:17,608163;9,431732E-1;1,245056E-1;1,234183E-1;9,537824E-1;;
02/12/2021  12:47:17,608263;9,433043E-1;1,270543E-1;1,363715E-1;9,537093E-1;;
02/12/2021  12:47:17,608363;9,424460E-1;1,292843E-1;1,275255E-1;9,536190E-1;;
02/12/2021  12:47:17,608463;9,417874E-1;1,337445E-1;1,174156E-1;9,535118E-1;;
02/12/2021  12:47:17,608563;9,400499E-1;4,645354E-2;7,097362E-2;9,533876E-1;;
02/12/2021  12:47:17,608663;9,397816E-1;1,321516E-1;1,360556E-1;9,532466E-1;;
02/12/2021  12:47:17,608763;9,399664E-1;1,101695E-1;1,095173E-1;9,530886E-1;;
02/12/2021  12:47:17,608863;9,398889E-1;1,299215E-1;1,313166E-1;9,529138E-1;;
02/12/2021  12:47:17,608963;9,387653E-1;1,197269E-1;1,177316E-1;9,527223E-1;;
02/12/2021  12:47:17,609063;9,380024E-1;1,101695E-1;1,167838E-1;9,525144E-1;;
02/12/2021  12:47:17,609163;9,380054E-1;1,213198E-1;1,265777E-1;9,522903E-1;;
02/12/2021  12:47:17,609263;9,382647E-1;1,350188E-1;1,142563E-1;9,520502E-1;;
02/12/2021  12:47:17,609363;9,370815E-1;1,445762E-1;1,445858E-1;9,517945E-1;;
02/12/2021  12:47:17,609463;9,365063E-1;1,206827E-1;1,259458E-1;9,515236E-1;;
02/12/2021  12:47:17,609563;9,362202E-1;1,219570E-1;1,205749E-1;9,512378E-1;;
02/12/2021  12:47:17,609663;9,357582E-1;1,305587E-1;1,240502E-1;9,509376E-1;;
02/12/2021  12:47:17,609763;9,355198E-1;1,359745E-1;1,234183E-1;9,506233E-1;;
02/12/2021  12:47:17,609863;9,351353E-1;1,260985E-1;1,193112E-1;9,502954E-1;;
02/12/2021  12:47:17,609963;9,344946E-1;1,264171E-1;1,202590E-1;9,499544E-1;;
02/12/2021  12:47:17,610063;9,335468E-1;1,362931E-1;1,395309E-1;9,496008E-1;;
02/12/2021  12:47:17,610163;9,333799E-1;1,286472E-1;1,262617E-1;9,492351E-1;;
02/12/2021  12:47:17,610263;9,335856E-1;1,528593E-1;1,834454E-1;9,488576E-1;;
02/12/2021  12:47:17,610363;9,331147E-1;1,251428E-1;1,208909E-1;9,484690E-1;;
02/12/2021  12:47:17,610463;9,315977E-1;1,181340E-1;1,597505E-1;9,480699E-1;;
02/12/2021  12:47:17,610563;9,305338E-1;1,264171E-1;1,297370E-1;9,476606E-1;;
02/12/2021  12:47:17,610663;9,304116E-1;1,378860E-1;1,284732E-1;9,472417E-1;;
02/12/2021  12:47:17,610763;9,299913E-1;1,382046E-1;1,351078E-1;9,468133E-1;;
02/12/2021  12:47:17,610863;9,296665E-1;1,168597E-1;1,167838E-1;9,463758E-1;;
02/12/2021  12:47:17,610963;9,288946E-1;1,388417E-1;1,395309E-1;9,459297E-1;;
02/12/2021  12:47:17,611063;9,283164E-1;1,429833E-1;1,442698E-1;9,454753E-1;;
02/12/2021  12:47:17,611163;9,280512E-1;1,267357E-1;1,092014E-1;9,450131E-1;;
02/12/2021  12:47:17,611263;9,278366E-1;1,232313E-1;1,246821E-1;9,445433E-1;;
02/12/2021  12:47:17,611363;9,271601E-1;1,273729E-1;1,249980E-1;9,440665E-1;;
02/12/2021  12:47:17,611463;9,262749E-1;1,429833E-1;1,373193E-1;9,435830E-1;;
02/12/2021  12:47:17,611563;9,259173E-1;9,678918E-2;9,624818E-2;9,430933E-1;;
02/12/2021  12:47:17,611663;9,257921E-1;1,152668E-1;1,224705E-1;9,425978E-1;;
02/12/2021  12:47:17,611763;9,258368E-1;1,063466E-1;1,161519E-1;9,420967E-1;;
02/12/2021  12:47:17,611863;9,250679E-1;1,136739E-1;1,212068E-1;9,415908E-1;;
02/12/2021  12:47:17,611963;9,243765E-1;1,098510E-1;1,208909E-1;9,410803E-1;;
02/12/2021  12:47:17,612063;9,238251E-1;1,459554E-2;8,929768E-2;9,405659E-1;;
02/12/2021  12:47:17,612163;9,245791E-1;1,174969E-1;1,193112E-1;9,400478E-1;;
02/12/2021  12:47:17,612263;9,240665E-1;9,392196E-2;1,095173E-1;9,395267E-1;;
02/12/2021  12:47:17,612363;9,230323E-1;2,574584E-2;7,192142E-2;9,390031E-1;;
02/12/2021  12:47:17,612463;9,219237E-1;1,283286E-1;1,477451E-1;9,384775E-1;;
02/12/2021  12:47:17,612563;9,216942E-1;1,060280E-1;1,133085E-1;9,379503E-1;;
02/12/2021  12:47:17,612663;9,226479E-1;8,691320E-2;8,455870E-2;9,374217E-1;;
02/12/2021  12:47:17,612763;9,220369E-1;1,085766E-1;1,186794E-1;9,368924E-1;;
02/12/2021  12:47:17,612863;9,220131E-1;1,101695E-1;1,142563E-1;9,363627E-1;;
02/12/2021  12:47:17,612963;9,216852E-1;4,135626E-2;7,508074E-2;9,358333E-1;;
02/12/2021  12:47:17,613063;9,216376E-1;9,360338E-2;9,624818E-2;9,353047E-1;;
02/12/2021  12:47:17,613163;9,224869E-1;1,146297E-1;1,243661E-1;9,347776E-1;;
02/12/2021  12:47:17,613263;9,224244E-1;1,178155E-1;1,272095E-1;9,342526E-1;;
02/12/2021  12:47:17,613363;9,223588E-1;1,025236E-1;1,202590E-1;9,337306E-1;;
02/12/2021  12:47:17,613463;9,222604E-1;1,181340E-1;1,161519E-1;9,332124E-1;;
02/12/2021  12:47:17,613563;9,224005E-1;1,417090E-1;1,423743E-1;9,326988E-1;;
02/12/2021  12:47:17,613663;9,235837E-1;1,324701E-1;1,464814E-1;9,321906E-1;;
02/12/2021  12:47:17,613763;9,241678E-1;1,369303E-1;1,278414E-1;9,316887E-1;;
02/12/2021  12:47:17,613863;9,238609E-1;1,554079E-1;1,385831E-1;9,311943E-1;;
02/12/2021  12:47:17,613963;9,241976E-1;1,875845E-1;1,471132E-1;9,307083E-1;;
02/12/2021  12:47:17,614063;9,245195E-1;1,184526E-1;1,407946E-1;9,302318E-1;;
02/12/2021  12:47:17,614163;9,252616E-1;1,914074E-1;1,591187E-1;9,297657E-1;;
02/12/2021  12:47:17,614263;9,252974E-1;1,550893E-1;1,407946E-1;9,293112E-1;;
02/12/2021  12:47:17,614363;9,255418E-1;1,506292E-1;1,768108E-1;9,288691E-1;;
02/12/2021  12:47:17,614463;9,251364E-1;1,611423E-1;1,565912E-1;9,284405E-1;;
02/12/2021  12:47:17,614563;9,257861E-1;1,570008E-1;1,385831E-1;9,280262E-1;;
02/12/2021  12:47:17,614663;9,262958E-1;1,745227E-1;1,764949E-1;9,276269E-1;;
02/12/2021  12:47:17,614763;9,263166E-1;1,203641E-1;1,205749E-1;9,272434E-1;;
02/12/2021  12:47:17,614863;9,267130E-1;1,691068E-1;1,799702E-1;9,268764E-1;;
02/12/2021  12:47:17,614963;9,268739E-1;1,458505E-1;1,351078E-1;9,265265E-1;;
02/12/2021  12:47:17,615063;9,276280E-1;1,034794E-1;8,108345E-2;9,261944E-1;;
02/12/2021  12:47:17,615163;9,286144E-1;1,267357E-1;1,332122E-1;9,258807E-1;;
02/12/2021  12:47:17,615263;9,284058E-1;1,130368E-1;1,253139E-1;9,255859E-1;;
02/12/2021  12:47:17,615363;9,286681E-1;1,388417E-1;1,272095E-1;9,253107E-1;;
02/12/2021  12:47:17,615463;9,286979E-1;1,133553E-1;1,120448E-1;9,250555E-1;;
02/12/2021  12:47:17,615563;9,296248E-1;1,356559E-1;1,483770E-1;9,248206E-1;;
02/12/2021  12:47:17,615663;9,307305E-1;1,334259E-1;1,344760E-1;9,246065E-1;;
02/12/2021  12:47:17,615763;9,311000E-1;1,120810E-1;1,212068E-1;9,244135E-1;;
02/12/2021  12:47:17,615863;9,312639E-1;1,308772E-1;1,332122E-1;9,242421E-1;;
02/12/2021  12:47:17,615963;9,318123E-1;1,245056E-1;1,272095E-1;9,240925E-1;;
02/12/2021  12:47:17,616063;9,329418E-1;1,324701E-1;1,455336E-1;9,239650E-1;;
02/12/2021  12:47:17,616163;9,341876E-1;1,292843E-1;1,306848E-1;9,238599E-1;;
02/12/2021  12:47:17,616263;9,342979E-1;1,366117E-1;1,430061E-1;9,237777E-1;;
02/12/2021  12:47:17,616363;9,342979E-1;1,417090E-1;1,423743E-1;9,237185E-1;;
02/12/2021  12:47:17,616463;9,352456E-1;6,907272E-2;5,264957E-2;9,236827E-1;;
02/12/2021  12:47:17,616563;9,363781E-1;1,181340E-1;1,155200E-1;9,236702E-1;;
02/12/2021  12:47:17,616663;9,368132E-1;1,248242E-1;1,303688E-1;9,236813E-1;;
02/12/2021  12:47:17,616763;9,376567E-1;1,308772E-1;1,370034E-1;9,237162E-1;;
02/12/2021  12:47:17,616863;9,383332E-1;1,353374E-1;1,407946E-1;9,237748E-1;;
02/12/2021  12:47:17,616963;9,390216E-1;1,229127E-1;1,237343E-1;9,238573E-1;;
02/12/2021  12:47:17,617063;9,405237E-1;1,315144E-1;1,455336E-1;9,239638E-1;;
02/12/2021  12:47:17,617163;9,416533E-1;1,165411E-1;1,256299E-1;9,240942E-1;;
02/12/2021  12:47:17,617263;9,415489E-1;1,251428E-1;1,224705E-1;9,242489E-1;;
02/12/2021  12:47:17,617363;9,419721E-1;1,203641E-1;1,287892E-1;9,244277E-1;;
02/12/2021  12:47:17,617463;9,426993E-1;1,213198E-1;1,240502E-1;9,246306E-1;;
02/12/2021  12:47:17,617563;9,437544E-1;1,321516E-1;1,224705E-1;9,248575E-1;;
02/12/2021  12:47:17,617663;9,446157E-1;1,382046E-1;1,357397E-1;9,251080E-1;;
02/12/2021  12:47:17,617763;9,448332E-1;1,375674E-1;1,322644E-1;9,253821E-1;;
02/12/2021  12:47:17,617863;9,451164E-1;1,171783E-1;1,246821E-1;9,256794E-1;;
02/12/2021  12:47:17,617963;9,467406E-1;1,270543E-1;1,291051E-1;9,259996E-1;;
02/12/2021  12:47:17,618063;9,479476E-1;1,210013E-1;9,814378E-2;9,263423E-1;;
02/12/2021  12:47:17,618163;9,478314E-1;1,197269E-1;1,265777E-1;9,267071E-1;;
02/12/2021  12:47:17,618263;9,480609E-1;1,187712E-1;1,291051E-1;9,270938E-1;;
02/12/2021  12:47:17,618363;9,474529E-1;1,366117E-1;1,281573E-1;9,275017E-1;;
02/12/2021  12:47:17,618463;9,489490E-1;1,359745E-1;1,474292E-1;9,279301E-1;;
02/12/2021  12:47:17,618563;9,496911E-1;1,136739E-1;7,855599E-2;9,283783E-1;;
02/12/2021  12:47:17,618663;9,495868E-1;1,241871E-1;1,291051E-1;9,288454E-1;;
02/12/2021  12:47:17,618763;9,498640E-1;1,232313E-1;1,243661E-1;9,293307E-1;;
02/12/2021  12:47:17,618863;9,495987E-1;7,958586E-2;9,214107E-2;9,298332E-1;;
02/12/2021  12:47:17,618963;9,511604E-1;1,085766E-1;9,308886E-2;9,303519E-1;;
02/12/2021  12:47:17,619063;9,517833E-1;1,538150E-1;1,783905E-1;9,308858E-1;;
02/12/2021  12:47:17,619163;9,520247E-1;1,308772E-1;1,303688E-1;9,314339E-1;;
02/12/2021  12:47:17,619263;9,521737E-1;1,130368E-1;1,035146E-1;9,319953E-1;;
02/12/2021  12:47:17,619363;9,517922E-1;1,477620E-1;1,439539E-1;9,325691E-1;;
02/12/2021  12:47:17,619463;9,526714E-1;1,299215E-1;1,300529E-1;9,331541E-1;;
02/12/2021  12:47:17,619563;9,532347E-1;1,146297E-1;1,310007E-1;9,337493E-1;;
02/12/2021  12:47:17,619663;9,531691E-1;1,187712E-1;1,300529E-1;9,343534E-1;;
02/12/2021  12:47:17,619763;9,529307E-1;1,315144E-1;1,344760E-1;9,349654E-1;;
02/12/2021  12:47:17,619863;9,527906E-1;1,369303E-1;1,303688E-1;9,355842E-1;;
02/12/2021  12:47:17,619963;9,541675E-1;1,136739E-1;1,120448E-1;9,362084E-1;;
02/12/2021  12:47:17,620063;9,543493E-1;1,232313E-1;1,325804E-1;9,368369E-1;;
02/12/2021  12:47:17,620163;9,543642E-1;1,499920E-1;1,793383E-1;9,374687E-1;;
02/12/2021  12:47:17,620263;9,539202E-1;1,410718E-1;1,360556E-1;9,381027E-1;;
02/12/2021  12:47:17,620363;9,536668E-1;1,213198E-1;1,275255E-1;9,387376E-1;;
02/12/2021  12:47:17,620463;9,547159E-1;1,200455E-1;1,682807E-1;9,393724E-1;;
02/12/2021  12:47:17,620563;9,549782E-1;1,366117E-1;1,360556E-1;9,400058E-1;;
02/12/2021  12:47:17,620663;9,541288E-1;1,292843E-1;1,322644E-1;9,406368E-1;;
02/12/2021  12:47:17,620763;9,545162E-1;1,296029E-1;1,291051E-1;9,412643E-1;;
02/12/2021  12:47:17,620863;9,547576E-1;1,028422E-1;1,186794E-1;9,418873E-1;;
02/12/2021  12:47:17,620963;9,557739E-1;1,334259E-1;1,398468E-1;9,425047E-1;;
02/12/2021  12:47:17,621063;9,565041E-1;1,337445E-1;1,407946E-1;9,431156E-1;;
02/12/2021  12:47:17,621163;9,557411E-1;6,939130E-2;7,160549E-2;9,437194E-1;;
02/12/2021  12:47:17,621263;9,555415E-1;9,296622E-2;1,537478E-1;9,443153E-1;;
02/12/2021  12:47:17,621363;9,550795E-1;1,022050E-1;1,088855E-1;9,449025E-1;;
02/12/2021  12:47:17,621463;9,561912E-1;1,448948E-1;1,698603E-1;9,454803E-1;;
02/12/2021  12:47:17,621563;9,566561E-1;1,420275E-1;1,370034E-1;9,460480E-1;;
02/12/2021  12:47:17,621663;9,557322E-1;1,225942E-1;1,237343E-1;9,466050E-1;;
02/12/2021  12:47:17,621763;9,558335E-1;1,213198E-1;1,294210E-1;9,471506E-1;;
02/12/2021  12:47:17,621863;9,562388E-1;1,229127E-1;1,313166E-1;9,476843E-1;;
02/12/2021  12:47:17,621963;9,580389E-1;1,442576E-1;1,426902E-1;9,482056E-1;;
02/12/2021  12:47:17,622063;9,574906E-1;1,063466E-1;1,167838E-1;9,487142E-1;;
02/12/2021  12:47:17,622163;9,565279E-1;1,238685E-1;1,215227E-1;9,492100E-1;;
02/12/2021  12:47:17,622263;9,556398E-1;1,136739E-1;1,044624E-1;9,496926E-1;;
02/12/2021  12:47:17,622363;9,558663E-1;1,133553E-1;1,635417E-1;9,501615E-1;;
02/12/2021  12:47:17,622463;9,564683E-1;6,620550E-2;1,019350E-1;9,506164E-1;;
02/12/2021  12:47:17,622563;9,556398E-1;1,289658E-1;1,310007E-1;9,510568E-1;;
02/12/2021  12:47:17,622663;9,553030E-1;1,302401E-1;1,272095E-1;9,514824E-1;;
02/12/2021  12:47:17,622763;9,545431E-1;4,358632E-2;7,539667E-2;9,518927E-1;;
02/12/2021  12:47:17,622863;9,551719E-1;7,926728E-2;9,877564E-2;9,522873E-1;;
02/12/2021  12:47:17,622963;9,556338E-1;1,267357E-1;1,224705E-1;9,526657E-1;;
02/12/2021  12:47:17,623063;9,547696E-1;1,245056E-1;1,054102E-1;9,530278E-1;;
02/12/2021  12:47:17,623163;9,538457E-1;1,528593E-1;1,711241E-1;9,533733E-1;;
02/12/2021  12:47:17,623263;9,527310E-1;1,445762E-1;1,426902E-1;9,537017E-1;;
02/12/2021  12:47:17,623363;9,532377E-1;1,337445E-1;1,249980E-1;9,540128E-1;;
02/12/2021  12:47:17,623463;9,535596E-1;1,480806E-1;1,888163E-1;9,543060E-1;;
02/12/2021  12:47:17,623563;9,528592E-1;1,168597E-1;1,158360E-1;9,545811E-1;;
02/12/2021  12:47:17,623663;9,519323E-1;1,362931E-1;1,316326E-1;9,548379E-1;;
02/12/2021  12:47:17,623763;9,518548E-1;1,340630E-1;1,237343E-1;9,550761E-1;;
02/12/2021  12:47:17,623863;9,523645E-1;3,625898E-2;8,455870E-2;9,552954E-1;;
02/12/2021  12:47:17,623963;9,525135E-1;1,219570E-1;1,360556E-1;9,554957E-1;;
02/12/2021  12:47:17,624063;9,516432E-1;1,490363E-1;1,439539E-1;9,556772E-1;;
02/12/2021  12:47:17,624163;9,504004E-1;1,302401E-1;1,268936E-1;9,558397E-1;;
02/12/2021  12:47:17,624263;9,499325E-1;1,002936E-1;9,435259E-2;9,559832E-1;;
02/12/2021  12:47:17,624363;9,504869E-1;1,133553E-1;1,322644E-1;9,561077E-1;;
02/12/2021  12:47:17,624463;9,495570E-1;1,273729E-1;1,322644E-1;9,562131E-1;;
02/12/2021  12:47:17,624563;9,488358E-1;1,324701E-1;1,313166E-1;9,562993E-1;;
02/12/2021  12:47:17,624663;9,487583E-1;1,289658E-1;1,202590E-1;9,563664E-1;;
02/12/2021  12:47:17,624763;9,474112E-1;1,162226E-1;1,205749E-1;9,564144E-1;;
02/12/2021  12:47:17,624863;9,478433E-1;1,041165E-1;1,313166E-1;9,564432E-1;;
02/12/2021  12:47:17,624963;9,475513E-1;1,162226E-1;1,164678E-1;9,564529E-1;;
02/12/2021  12:47:17,625063;9,468181E-1;1,082581E-1;1,262617E-1;9,564436E-1;;
02/12/2021  12:47:17,625163;9,457631E-1;1,076209E-1;1,152041E-1;9,564154E-1;;
02/12/2021  12:47:17,625263;9,453369E-1;1,034794E-1;1,120448E-1;9,563684E-1;;
02/12/2021  12:47:17,625363;9,458972E-1;1,104881E-1;1,073058E-1;9,563027E-1;;
02/12/2021  12:47:17,625463;9,457989E-1;1,203641E-1;1,243661E-1;9,562185E-1;;
02/12/2021  12:47:17,625563;9,447110E-1;8,627604E-2;1,145722E-1;9,561162E-1;;
02/12/2021  12:47:17,625663;9,447021E-1;1,213198E-1;1,335282E-1;9,559960E-1;;
02/12/2021  12:47:17,625763;9,454263E-1;1,015679E-1;1,145722E-1;9,558584E-1;;
02/12/2021  12:47:17,625863;9,448332E-1;1,302401E-1;1,486929E-1;9,557040E-1;;
02/12/2021  12:47:17,625963;9,451611E-1;7,703722E-2;1,025668E-1;9,555333E-1;;
02/12/2021  12:47:17,626063;9,446037E-1;9,901924E-2;9,466852E-2;9,553471E-1;;
02/12/2021  12:47:17,626163;9,439242E-1;1,053908E-1;1,189953E-1;9,551461E-1;;
02/12/2021  12:47:17,626263;9,445412E-1;8,404598E-2;1,069899E-1;9,549310E-1;;
02/12/2021  12:47:17,626363;9,451313E-1;1,018865E-1;9,940750E-2;9,547025E-1;;
02/12/2021  12:47:17,626463;9,451998E-1;9,838208E-2;1,114129E-1;9,544617E-1;;
02/12/2021  12:47:17,626563;9,448571E-1;9,583344E-2;1,050943E-1;9,542096E-1;;
02/12/2021  12:47:17,626663;9,443117E-1;1,095324E-1;1,294210E-1;9,539471E-1;;
02/12/2021  12:47:17,626763;9,448481E-1;1,315144E-1;1,388990E-1;9,536752E-1;;
02/12/2021  12:47:17,626863;9,454561E-1;1,350188E-1;1,126766E-1;9,533950E-1;;
02/12/2021  12:47:17,626963;9,446991E-1;1,155854E-1;1,256299E-1;9,531076E-1;;
02/12/2021  12:47:17,627063;9,443445E-1;1,378860E-1;1,370034E-1;9,528139E-1;;
02/12/2021  12:47:17,627163;9,441448E-1;1,512664E-1;1,395309E-1;9,525149E-1;;
02/12/2021  12:47:17,627263;9,447081E-1;1,579565E-1;1,382671E-1;9,522116E-1;;
02/12/2021  12:47:17,627363;9,450925E-1;1,608238E-1;1,338441E-1;9,519048E-1;;
02/12/2021  12:47:17,627463;9,450597E-1;1,767528E-1;1,524841E-1;9,515957E-1;;
02/12/2021  12:47:17,627563;9,449286E-1;1,471248E-1;1,524841E-1;9,512851E-1;;
02/12/2021  12:47:17,627663;9,451789E-1;1,528593E-1;1,550115E-1;9,509740E-1;;
02/12/2021  12:47:17,627763;9,456081E-1;1,280100E-1;1,407946E-1;9,506635E-1;;
02/12/2021  12:47:17,627863;9,461922E-1;1,732484E-1;1,821817E-1;9,503545E-1;;
02/12/2021  12:47:17,627963;9,459806E-1;1,318330E-1;1,278414E-1;9,500480E-1;;
02/12/2021  12:47:17,628063;9,454263E-1;-1,471382E-2;4,569906E-2;9,497451E-1;;
02/12/2021  12:47:17,628163;9,449137E-1;1,308772E-1;1,316326E-1;9,494464E-1;;
02/12/2021  12:47:17,628263;9,459359E-1;1,404346E-1;1,670170E-1;9,491529E-1;;
02/12/2021  12:47:17,628363;9,463115E-1;1,136739E-1;1,300529E-1;9,488651E-1;;
02/12/2021  12:47:17,628463;9,460254E-1;1,318330E-1;1,313166E-1;9,485838E-1;;
02/12/2021  12:47:17,628563;9,451372E-1;1,362931E-1;1,388990E-1;9,483098E-1;;
02/12/2021  12:47:17,628663;9,452594E-1;1,372488E-1;1,695444E-1;9,480434E-1;;
02/12/2021  12:47:17,628763;9,463293E-1;7,671864E-2;8,866581E-2;9,477853E-1;;
02/12/2021  12:47:17,628863;9,459896E-1;1,289658E-1;1,303688E-1;9,475357E-1;;
02/12/2021  12:47:17,628963;9,457541E-1;1,487177E-1;1,357397E-1;9,472951E-1;;
02/12/2021  12:47:17,629063;9,449524E-1;1,155854E-1;1,057261E-1;9,470640E-1;;
02/12/2021  12:47:17,629163;9,449912E-1;6,047106E-2;9,340479E-2;9,468424E-1;;
02/12/2021  12:47:17,629263;9,463442E-1;1,378860E-1;1,366875E-1;9,466305E-1;;
02/12/2021  12:47:17,629363;9,467496E-1;1,391603E-1;1,354238E-1;9,464285E-1;;
02/12/2021  12:47:17,629463;9,461148E-1;1,270543E-1;1,325804E-1;9,462367E-1;;
02/12/2021  12:47:17,629563;9,455932E-1;1,098510E-1;1,079377E-1;9,460552E-1;;
02/12/2021  12:47:17,629663;9,456141E-1;1,331073E-1;1,259458E-1;9,458842E-1;;
02/12/2021  12:47:17,629763;9,465141E-1;1,225942E-1;1,278414E-1;9,457236E-1;;
02/12/2021  12:47:17,629863;9,462459E-1;1,146297E-1;1,193112E-1;9,455735E-1;;
02/12/2021  12:47:17,629963;9,450031E-1;1,190898E-1;1,272095E-1;9,454338E-1;;
02/12/2021  12:47:17,630063;9,440613E-1;1,901331E-1;2,017695E-1;9,453044E-1;;
02/12/2021  12:47:17,630163;9,436918E-1;1,264171E-1;1,354238E-1;9,451848E-1;;
02/12/2021  12:47:17,630263;9,436173E-1;1,229127E-1;9,056141E-2;9,450744E-1;;
02/12/2021  12:47:17,630363;9,429318E-1;1,197269E-1;1,189953E-1;9,449727E-1;;
02/12/2021  12:47:17,630463;9,416801E-1;9,965640E-2;1,167838E-1;9,448790E-1;;
02/12/2021  12:47:17,630563;9,403211E-1;1,251428E-1;1,363715E-1;9,447922E-1;;
02/12/2021  12:47:17,630663;9,404015E-1;1,324701E-1;1,202590E-1;9,447115E-1;;
02/12/2021  12:47:17,630763;9,404164E-1;9,264764E-2;8,803395E-2;9,446357E-1;;
02/12/2021  12:47:17,630863;9,396356E-1;1,225942E-1;1,227865E-1;9,445638E-1;;
02/12/2021  12:47:17,630963;9,386610E-1;1,184526E-1;1,104651E-1;9,444948E-1;;
02/12/2021  12:47:17,631063;9,375792E-1;1,286472E-1;1,174156E-1;9,444275E-1;;
02/12/2021  12:47:17,631163;9,376686E-1;1,841850E-2;5,549295E-2;9,443608E-1;;
02/12/2021  12:47:17,631263;9,388160E-1;1,276914E-1;1,426902E-1;9,442936E-1;;
02/12/2021  12:47:17,631363;9,381127E-1;1,194084E-1;1,202590E-1;9,442251E-1;;
02/12/2021  12:47:17,631463;9,371202E-1;1,359745E-1;1,291051E-1;9,441545E-1;;
02/12/2021  12:47:17,631563;9,365093E-1;1,359745E-1;1,370034E-1;9,440810E-1;;
02/12/2021  12:47:17,631663;9,361904E-1;1,327887E-1;1,148882E-1;9,440038E-1;;
02/12/2021  12:47:17,631763;9,369444E-1;1,248242E-1;1,183634E-1;9,439223E-1;;
02/12/2021  12:47:17,631863;9,362589E-1;1,104881E-1;1,221546E-1;9,438357E-1;;
02/12/2021  12:47:17,631963;9,353589E-1;1,276914E-1;1,284732E-1;9,437435E-1;;
02/12/2021  12:47:17,632063;9,340237E-1;1,143111E-1;1,167838E-1;9,436453E-1;;
02/12/2021  12:47:17,632163;9,342621E-1;1,197269E-1;1,025668E-1;9,435404E-1;;
02/12/2021  12:47:17,632263;9,341757E-1;1,162226E-1;1,366875E-1;9,434282E-1;;
02/12/2021  12:47:17,632363;9,336899E-1;1,347002E-1;1,379512E-1;9,433082E-1;;
02/12/2021  12:47:17,632463;9,328047E-1;1,041165E-1;1,044624E-1;9,431801E-1;;
02/12/2021  12:47:17,632563;9,310941E-1;1,136739E-1;1,114129E-1;9,430433E-1;;
02/12/2021  12:47:17,632663;9,312997E-1;1,229127E-1;1,246821E-1;9,428973E-1;;
02/12/2021  12:47:17,632763;9,320001E-1;1,283286E-1;1,388990E-1;9,427416E-1;;
02/12/2021  12:47:17,632863;9,317020E-1;1,375674E-1;1,306848E-1;9,425759E-1;;
02/12/2021  12:47:17,632963;9,302745E-1;1,315144E-1;1,474292E-1;9,424001E-1;;
02/12/2021  12:47:17,633063;9,298423E-1;1,245056E-1;1,212068E-1;9,422138E-1;;
02/12/2021  12:47:17,633163;9,306410E-1;6,301970E-2;1,110970E-1;9,420171E-1;;
02/12/2021  12:47:17,633263;9,308348E-1;1,503106E-1;1,546956E-1;9,418097E-1;;
02/12/2021  12:47:17,633363;9,305725E-1;1,477620E-1;1,411105E-1;9,415920E-1;;
02/12/2021  12:47:17,633463;9,295950E-1;1,047537E-1;1,218387E-1;9,413640E-1;;
02/12/2021  12:47:17,633563;9,295205E-1;1,108067E-1;1,126766E-1;9,411261E-1;;
02/12/2021  12:47:17,633663;9,305427E-1;1,232313E-1;1,382671E-1;9,408785E-1;;
02/12/2021  12:47:17,633763;9,309599E-1;1,474434E-1;1,395309E-1;9,406217E-1;;
02/12/2021  12:47:17,633863;9,304712E-1;1,350188E-1;1,268936E-1;9,403563E-1;;
02/12/2021  12:47:17,633963;9,295175E-1;1,133553E-1;1,117289E-1;9,400829E-1;;
02/12/2021  12:47:17,634063;9,293148E-1;1,334259E-1;1,332122E-1;9,398022E-1;;
02/12/2021  12:47:17,634163;9,300122E-1;8,563888E-2;1,092014E-1;9,395147E-1;;
02/12/2021  12:47:17,634263;9,299794E-1;1,210013E-1;1,231024E-1;9,392209E-1;;
02/12/2021  12:47:17,634363;9,299288E-1;1,203641E-1;1,351078E-1;9,389217E-1;;
02/12/2021  12:47:17,634463;9,290972E-1;1,219570E-1;1,066739E-1;9,386177E-1;;
02/12/2021  12:47:17,634563;9,288797E-1;1,477620E-1;1,433221E-1;9,383096E-1;;
02/12/2021  12:47:17,634663;9,302536E-1;1,254614E-1;1,328963E-1;9,379980E-1;;
02/12/2021  12:47:17,634763;9,311537E-1;1,210013E-1;1,262617E-1;9,376836E-1;;
02/12/2021  12:47:17,634863;9,314666E-1;1,178155E-1;1,256299E-1;9,373675E-1;;
02/12/2021  12:47:17,634963;9,298870E-1;1,296029E-1;1,404787E-1;9,370507E-1;;
02/12/2021  12:47:17,635063;9,306112E-1;1,028422E-1;1,107811E-1;9,367340E-1;;
02/12/2021  12:47:17,635163;9,317110E-1;1,299215E-1;1,231024E-1;9,364184E-1;;
02/12/2021  12:47:17,635263;9,322474E-1;1,327887E-1;1,284732E-1;9,361047E-1;;
02/12/2021  12:47:17,635363;9,327004E-1;1,241871E-1;1,385831E-1;9,357941E-1;;
02/12/2021  12:47:17,635463;9,319792E-1;1,468062E-1;1,420583E-1;9,354877E-1;;
02/12/2021  12:47:17,635563;9,334336E-1;1,251428E-1;1,272095E-1;9,351865E-1;;
02/12/2021  12:47:17,635663;9,343932E-1;1,245056E-1;1,098333E-1;9,348916E-1;;
02/12/2021  12:47:17,635763;9,342412E-1;1,241871E-1;1,294210E-1;9,346040E-1;;
02/12/2021  12:47:17,635863;9,337733E-1;1,404346E-1;1,373193E-1;9,343250E-1;;
02/12/2021  12:47:17,635963;9,333561E-1;1,388417E-1;1,227865E-1;9,340554E-1;;
02/12/2021  12:47:17,636063;9,338896E-1;1,203641E-1;1,145722E-1;9,337961E-1;;
02/12/2021  12:47:17,636163;9,340654E-1;1,178155E-1;1,006712E-1;9,335477E-1;;
02/12/2021  12:47:17,636263;9,338091E-1;1,299215E-1;1,357397E-1;9,333107E-1;;
02/12/2021  12:47:17,636363;9,338359E-1;1,334259E-1;1,237343E-1;9,330858E-1;;
02/12/2021  12:47:17,636463;9,323845E-1;1,225942E-1;1,278414E-1;9,328733E-1;;
02/12/2021  12:47:17,636563;9,326557E-1;1,280100E-1;1,208909E-1;9,326733E-1;;
02/12/2021  12:47:17,636663;9,327839E-1;1,665582E-1;2,298874E-1;9,324857E-1;;
02/12/2021  12:47:17,636763;9,325902E-1;1,206827E-1;1,227865E-1;9,323107E-1;;
02/12/2021  12:47:17,636863;9,315679E-1;1,448948E-1;1,862888E-1;9,321480E-1;;
02/12/2021  12:47:17,636963;9,301106E-1;1,213198E-1;1,256299E-1;9,319972E-1;;
02/12/2021  12:47:17,637063;9,308377E-1;1,270543E-1;1,287892E-1;9,318579E-1;;
02/12/2021  12:47:17,637163;9,312520E-1;1,318330E-1;1,493248E-1;9,317295E-1;;
02/12/2021  12:47:17,637263;9,314010E-1;1,337445E-1;1,366875E-1;9,316114E-1;;
02/12/2021  12:47:17,637363;9,309361E-1;1,483991E-1;1,499566E-1;9,315032E-1;;
02/12/2021  12:47:17,637463;9,306828E-1;5,855958E-2;1,142563E-1;9,314044E-1;;
02/12/2021  12:47:17,637563;9,320209E-1;1,455319E-1;1,483770E-1;9,313145E-1;;
02/12/2021  12:47:17,637663;9,331654E-1;1,397975E-1;1,363715E-1;9,312333E-1;;
02/12/2021  12:47:17,637763;9,326229E-1;1,280100E-1;1,291051E-1;9,311604E-1;;
02/12/2021  12:47:17,637863;9,327898E-1;8,149734E-2;7,666040E-2;9,310960E-1;;
02/12/2021  12:47:17,637963;9,326796E-1;1,324701E-1;1,294210E-1;9,310397E-1;;
02/12/2021  12:47:17,638063;9,340207E-1;1,251428E-1;1,385831E-1;9,309915E-1;;
02/12/2021  12:47:17,638163;9,344707E-1;1,111253E-1;1,212068E-1;9,309514E-1;;
02/12/2021  12:47:17,638263;9,346168E-1;1,015679E-1;1,145722E-1;9,309193E-1;;
02/12/2021  12:47:17,638363;9,342770E-1;1,015679E-1;1,031987E-1;9,308956E-1;;
02/12/2021  12:47:17,638463;9,345780E-1;1,073023E-1;1,167838E-1;9,308800E-1;;
02/12/2021  12:47:17,638563;9,355466E-1;1,159040E-1;1,900800E-1;9,308728E-1;;
02/12/2021  12:47:17,638663;9,361784E-1;1,037979E-1;1,174156E-1;9,308738E-1;;
02/12/2021  12:47:17,638763;9,361308E-1;1,053908E-1;1,167838E-1;9,308833E-1;;
02/12/2021  12:47:17,638863;9,352844E-1;1,053908E-1;1,215227E-1;9,309014E-1;;
02/12/2021  12:47:17,638963;9,351800E-1;1,162226E-1;1,215227E-1;9,309281E-1;;
02/12/2021  12:47:17,639063;9,358327E-1;1,200455E-1;1,742834E-1;9,309632E-1;;
02/12/2021  12:47:17,639163;9,369623E-1;1,041165E-1;1,189953E-1;9,310065E-1;;
02/12/2021  12:47:17,639263;9,364973E-1;1,130368E-1;1,294210E-1;9,310580E-1;;
02/12/2021  12:47:17,639363;9,364914E-1;1,232313E-1;1,363715E-1;9,311176E-1;;
02/12/2021  12:47:17,639463;9,368550E-1;1,031608E-1;1,117289E-1;9,311852E-1;;
02/12/2021  12:47:17,639563;9,373616E-1;7,162136E-2;1,073058E-1;9,312607E-1;;
02/12/2021  12:47:17,639663;9,386640E-1;9,328480E-2;1,092014E-1;9,313439E-1;;
02/12/2021  12:47:17,639763;9,387534E-1;1,155854E-1;1,123607E-1;9,314350E-1;;
02/12/2021  12:47:17,639863;9,374302E-1;6,429402E-2;7,602853E-2;9,315339E-1;;
02/12/2021  12:47:17,639963;9,384643E-1;4,740928E-2;6,370719E-2;9,316405E-1;;
02/12/2021  12:47:17,640063;9,392303E-1;1,136739E-1;1,253139E-1;9,317547E-1;;
02/12/2021  12:47:17,640163;9,400051E-1;1,289658E-1;1,303688E-1;9,318764E-1;;
02/12/2021  12:47:17,640263;9,397608E-1;1,210013E-1;1,351078E-1;9,320056E-1;;
02/12/2021  12:47:17,640363;9,393733E-1;1,225942E-1;1,284732E-1;9,321422E-1;;
02/12/2021  12:47:17,640463;9,402585E-1;1,076209E-1;8,929768E-2;9,322862E-1;;
02/12/2021  12:47:17,640563;9,414238E-1;1,267357E-1;1,183634E-1;9,324375E-1;;
02/12/2021  12:47:17,640663;9,413642E-1;1,636910E-1;1,493248E-1;9,325959E-1;;
02/12/2021  12:47:17,640763;9,413999E-1;1,748413E-1;1,493248E-1;9,327616E-1;;
02/12/2021  12:47:17,640863;9,410661E-1;1,726112E-1;1,496407E-1;9,329344E-1;;
02/12/2021  12:47:17,640963;9,419185E-1;1,585937E-1;1,534319E-1;9,331142E-1;;
02/12/2021  12:47:17,641063;9,433878E-1;1,818500E-1;1,711241E-1;9,333009E-1;;
02/12/2021  12:47:17,641163;9,439868E-1;1,464877E-1;1,268936E-1;9,334945E-1;;
02/12/2021  12:47:17,641263;9,442342E-1;1,665582E-1;1,616461E-1;9,336951E-1;;
02/12/2021  12:47:17,641363;9,441954E-1;1,347002E-1;1,360556E-1;9,339027E-1;;
02/12/2021  12:47:17,641463;9,449554E-1;1,455319E-1;1,505885E-1;9,341176E-1;;
02/12/2021  12:47:17,641563;9,465558E-1;1,538150E-1;1,641736E-1;9,343396E-1;;
02/12/2021  12:47:17,641663;9,467257E-1;1,251428E-1;1,328963E-1;9,345691E-1;;
02/12/2021  12:47:17,641763;9,456349E-1;1,283286E-1;1,445858E-1;9,348062E-1;;
02/12/2021  12:47:17,641863;9,456528E-1;9,073616E-2;1,249980E-1;9,350509E-1;;
02/12/2021  12:47:17,641963;9,461356E-1;1,171783E-1;1,249980E-1;9,353031E-1;;
02/12/2021  12:47:17,642063;9,463174E-1;1,216384E-1;1,208909E-1;9,355624E-1;;
02/12/2021  12:47:17,642163;9,458734E-1;1,353374E-1;1,287892E-1;9,358286E-1;;
02/12/2021  12:47:17,642263;9,448511E-1;3,689614E-2;8,771802E-2;9,361014E-1;;
02/12/2021  12:47:17,642363;9,439868E-1;9,073616E-2;1,196272E-1;9,363801E-1;;
02/12/2021  12:47:17,642463;9,447170E-1;1,350188E-1;1,490088E-1;9,366638E-1;;
02/12/2021  12:47:17,642563;9,447259E-1;9,838208E-2;1,069899E-1;9,369518E-1;;
02/12/2021  12:47:17,642663;9,442431E-1;7,735580E-2;1,594346E-1;9,372432E-1;;
02/12/2021  12:47:17,642763;9,427887E-1;1,162226E-1;1,231024E-1;9,375371E-1;;
02/12/2021  12:47:17,642863;9,434534E-1;1,315144E-1;1,205749E-1;9,378325E-1;;
02/12/2021  12:47:17,642963;9,434623E-1;1,267357E-1;1,243661E-1;9,381284E-1;;
02/12/2021  12:47:17,643063;9,441060E-1;1,053908E-1;1,212068E-1;9,384237E-1;;
02/12/2021  12:47:17,643163;9,433520E-1;1,257800E-1;1,452176E-1;9,387177E-1;;
02/12/2021  12:47:17,643263;9,425801E-1;1,385232E-1;1,430061E-1;9,390094E-1;;
02/12/2021  12:47:17,643363;9,426308E-1;1,270543E-1;1,281573E-1;9,392979E-1;;
02/12/2021  12:47:17,643463;9,436620E-1;1,477620E-1;1,578549E-1;9,395824E-1;;
02/12/2021  12:47:17,643563;9,440673E-1;1,210013E-1;1,177316E-1;9,398620E-1;;
02/12/2021  12:47:17,643663;9,440584E-1;1,468062E-1;1,426902E-1;9,401362E-1;;
02/12/2021  12:47:17,643763;9,429407E-1;1,254614E-1;1,385831E-1;9,404046E-1;;
02/12/2021  12:47:17,643863;9,417248E-1;1,168597E-1;1,218387E-1;9,406665E-1;;
02/12/2021  12:47:17,643963;9,432418E-1;7,958586E-2;8,329497E-2;9,409212E-1;;
02/12/2021  12:47:17,644063;9,433282E-1;1,286472E-1;1,316326E-1;9,411681E-1;;
02/12/2021  12:47:17,644163;9,428364E-1;9,169190E-2;1,044624E-1;9,414069E-1;;
02/12/2021  12:47:17,644263;9,413522E-1;1,133553E-1;1,332122E-1;9,416370E-1;;
02/12/2021  12:47:17,644363;9,419841E-1;1,232313E-1;1,231024E-1;9,418579E-1;;
02/12/2021  12:47:17,644463;9,426308E-1;1,002936E-1;8,455870E-2;9,420691E-1;;
02/12/2021  12:47:17,644563;9,430927E-1;1,359745E-1;1,382671E-1;9,422703E-1;;
02/12/2021  12:47:17,644663;9,427798E-1;1,283286E-1;1,313166E-1;9,424614E-1;;
02/12/2021  12:47:17,644763;9,417218E-1;1,222756E-1;1,221546E-1;9,426420E-1;;
02/12/2021  12:47:17,644863;9,429288E-1;1,079395E-1;1,114129E-1;9,428123E-1;;
02/12/2021  12:47:17,644963;9,444190E-1;1,260985E-1;1,158360E-1;9,429720E-1;;
02/12/2021  12:47:17,645063;9,449942E-1;1,286472E-1;1,268936E-1;9,431214E-1;;
02/12/2021  12:47:17,645163;9,444458E-1;1,213198E-1;1,287892E-1;9,432609E-1;;
02/12/2021  12:47:17,645263;9,443206E-1;1,222756E-1;1,278414E-1;9,433910E-1;;
02/12/2021  12:47:17,645363;9,452713E-1;1,254614E-1;1,265777E-1;9,435122E-1;;
02/12/2021  12:47:17,645463;9,464784E-1;1,413904E-1;1,392149E-1;9,436249E-1;;
02/12/2021  12:47:17,645563;9,462221E-1;1,270543E-1;1,202590E-1;9,437299E-1;;
02/12/2021  12:47:17,645663;9,455634E-1;1,257800E-1;1,120448E-1;9,438278E-1;;
02/12/2021  12:47:17,645763;9,450687E-1;1,366117E-1;1,316326E-1;9,439191E-1;;
02/12/2021  12:47:17,645863;9,459419E-1;1,343816E-1;1,332122E-1;9,440045E-1;;
02/12/2021  12:47:17,645963;9,468628E-1;1,372488E-1;1,417424E-1;9,440843E-1;;
02/12/2021  12:47:17,646063;9,463115E-1;1,257800E-1;1,227865E-1;9,441592E-1;;
02/12/2021  12:47:17,646163;9,456320E-1;1,340630E-1;1,414265E-1;9,442297E-1;;
02/12/2021  12:47:17,646263;9,443981E-1;1,190898E-1;1,281573E-1;9,442961E-1;;
02/12/2021  12:47:17,646363;9,450955E-1;1,213198E-1;1,136244E-1;9,443588E-1;;
02/12/2021  12:47:17,646463;9,461177E-1;1,203641E-1;1,205749E-1;9,444177E-1;;
02/12/2021  12:47:17,646563;9,457899E-1;1,149482E-1;1,202590E-1;9,444733E-1;;
02/12/2021  12:47:17,646663;9,446037E-1;1,149482E-1;1,095173E-1;9,445257E-1;;
02/12/2021  12:47:17,646763;9,440345E-1;1,331073E-1;1,597505E-1;9,445751E-1;;
02/12/2021  12:47:17,646863;9,448750E-1;1,257800E-1;1,272095E-1;9,446215E-1;;
02/12/2021  12:47:17,646963;9,455664E-1;1,162226E-1;1,224705E-1;9,446649E-1;;
02/12/2021  12:47:17,647063;9,451521E-1;1,347002E-1;1,313166E-1;9,447055E-1;;
02/12/2021  12:47:17,647163;9,438736E-1;1,359745E-1;1,291051E-1;9,447433E-1;;
02/12/2021  12:47:17,647263;9,434891E-1;1,257800E-1;1,303688E-1;9,447784E-1;;
02/12/2021  12:47:17,647363;9,444398E-1;1,213198E-1;1,291051E-1;9,448106E-1;;
02/12/2021  12:47:17,647463;9,445412E-1;1,302401E-1;1,297370E-1;9,448399E-1;;
02/12/2021  12:47:17,647563;9,438766E-1;1,264171E-1;1,373193E-1;9,448662E-1;;
02/12/2021  12:47:17,647663;9,424252E-1;1,315144E-1;1,360556E-1;9,448896E-1;;
02/12/2021  12:47:17,647763;9,414923E-1;1,308772E-1;1,177316E-1;9,449098E-1;;
02/12/2021  12:47:17,647863;9,416920E-1;1,238685E-1;6,686651E-2;9,449263E-1;;
02/12/2021  12:47:17,647963;9,420377E-1;1,181340E-1;1,265777E-1;9,449388E-1;;
02/12/2021  12:47:17,648063;9,411466E-1;1,327887E-1;1,351078E-1;9,449469E-1;;
02/12/2021  12:47:17,648163;9,400379E-1;1,397975E-1;1,306848E-1;9,449502E-1;;
02/12/2021  12:47:17,648263;9,399157E-1;1,264171E-1;1,158360E-1;9,449482E-1;;
02/12/2021  12:47:17,648363;9,408814E-1;1,006121E-1;9,909157E-2;9,449406E-1;;
02/12/2021  12:47:17,648463;9,405535E-1;1,305587E-1;1,297370E-1;9,449269E-1;;
02/12/2021  12:47:17,648563;9,400290E-1;1,356559E-1;1,268936E-1;9,449070E-1;;
02/12/2021  12:47:17,648663;9,384256E-1;6,142680E-2;6,813023E-2;9,448806E-1;;
02/12/2021  12:47:17,648763;9,387057E-1;8,468314E-2;7,508074E-2;9,448475E-1;;
02/12/2021  12:47:17,648863;9,389620E-1;1,296029E-1;1,401627E-1;9,448071E-1;;
02/12/2021  12:47:17,648963;9,398502E-1;1,216384E-1;1,287892E-1;9,447593E-1;;
02/12/2021  12:47:17,649063;9,378176E-1;1,152668E-1;1,193112E-1;9,447040E-1;;
02/12/2021  12:47:17,649163;9,372961E-1;1,280100E-1;1,347919E-1;9,446411E-1;;
02/12/2021  12:47:17,649263;9,375196E-1;1,311958E-1;1,338441E-1;9,445704E-1;;
02/12/2021  12:47:17,649363;9,380978E-1;1,327887E-1;1,240502E-1;9,444916E-1;;
02/12/2021  12:47:17,649463;9,376805E-1;1,292843E-1;1,076217E-1;9,444047E-1;;
02/12/2021  12:47:17,649563;9,368520E-1;1,194084E-1;1,234183E-1;9,443097E-1;;
02/12/2021  12:47:17,649663;9,357612E-1;1,248242E-1;1,237343E-1;9,442067E-1;;
02/12/2021  12:47:17,649763;9,355794E-1;1,283286E-1;1,085695E-1;9,440955E-1;;
02/12/2021  12:47:17,649863;9,365540E-1;1,095324E-1;1,073058E-1;9,439759E-1;;
02/12/2021  12:47:17,649963;9,365629E-1;1,245056E-1;1,107811E-1;9,438481E-1;;
02/12/2021  12:47:17,650063;9,356062E-1;3,243602E-2;8,898175E-2;9,437121E-1;;
02/12/2021  12:47:17,650163;9,343843E-1;1,168597E-1;1,028828E-1;9,435681E-1;;
02/12/2021  12:47:17,650263;9,355287E-1;1,404346E-1;1,404787E-1;9,434162E-1;;
02/12/2021  12:47:17,650363;9,356539E-1;1,104881E-1;1,310007E-1;9,432564E-1;;
02/12/2021  12:47:17,650463;9,348284E-1;1,066652E-1;1,047783E-1;9,430890E-1;;
02/12/2021  12:47:17,650563;9,335707E-1;9,519628E-2;8,582243E-2;9,429143E-1;;
02/12/2021  12:47:17,650663;9,332250E-1;1,853544E-1;1,995579E-1;9,427324E-1;;
02/12/2021  12:47:17,650763;9,341578E-1;1,187712E-1;1,227865E-1;9,425434E-1;;
02/12/2021  12:47:17,650863;9,342442E-1;1,184526E-1;1,265777E-1;9,423474E-1;;
02/12/2021  12:47:17,650963;9,347360E-1;1,203641E-1;1,193112E-1;9,421447E-1;;
02/12/2021  12:47:17,651063;9,337227E-1;1,254614E-1;1,202590E-1;9,419359E-1;;
02/12/2021  12:47:17,651163;9,329269E-1;1,289658E-1;1,243661E-1;9,417213E-1;;
02/12/2021  12:47:17,651263;9,339134E-1;1,420275E-1;1,777586E-1;9,415013E-1;;
02/12/2021  12:47:17,651363;9,341906E-1;1,308772E-1;1,234183E-1;9,412763E-1;;
02/12/2021  12:47:17,651463;9,339462E-1;1,264171E-1;1,534319E-1;9,410468E-1;;
02/12/2021  12:47:17,651563;9,326676E-1;1,474434E-1;1,455336E-1;9,408133E-1;;
02/12/2021  12:47:17,651663;9,322832E-1;7,130278E-2;7,508074E-2;9,405762E-1;;
02/12/2021  12:47:17,651763;9,330402E-1;1,092138E-1;9,814378E-2;9,403359E-1;;
02/12/2021  12:47:17,651863;9,331594E-1;1,085766E-1;1,170997E-1;9,400928E-1;;
02/12/2021  12:47:17,651963;9,326170E-1;1,324701E-1;1,455336E-1;9,398472E-1;;
02/12/2021  12:47:17,652063;9,311209E-1;1,203641E-1;1,035146E-1;9,395997E-1;;
02/12/2021  12:47:17,652163;9,303996E-1;8,659462E-2;1,028828E-1;9,393503E-1;;
02/12/2021  12:47:17,652263;9,305785E-1;1,127182E-1;1,449017E-1;9,390993E-1;;
02/12/2021  12:47:17,652363;9,307156E-1;1,114439E-1;1,259458E-1;9,388466E-1;;
02/12/2021  12:47:17,652463;9,296367E-1;1,022050E-1;9,845971E-2;9,385923E-1;;
02/12/2021  12:47:17,652563;9,282210E-1;6,875414E-2;9,561632E-2;9,383365E-1;;
02/12/2021  12:47:17,652663;9,279707E-1;9,296622E-2;1,019350E-1;9,380791E-1;;
02/12/2021  12:47:17,652763;9,280959E-1;9,647060E-2;1,133085E-1;9,378199E-1;;
02/12/2021  12:47:17,652863;9,287664E-1;9,615202E-2;1,079377E-1;9,375586E-1;;
02/12/2021  12:47:17,652963;9,280690E-1;9,105474E-2;9,845971E-2;9,372953E-1;;
02/12/2021  12:47:17,653063;9,271064E-1;-1,981110E-2;5,517702E-2;9,370301E-1;;
02/12/2021  12:47:17,653163;9,278694E-1;8,595746E-2;1,016190E-1;9,367629E-1;;
02/12/2021  12:47:17,653263;9,287337E-1;-1,970622E-3;7,160549E-2;9,364939E-1;;
02/12/2021  12:47:17,653363;9,287038E-1;1,066652E-1;1,231024E-1;9,362232E-1;;
02/12/2021  12:47:17,653463;9,282538E-1;1,190898E-1;1,246821E-1;9,359512E-1;;
02/12/2021  12:47:17,653563;9,265789E-1;9,901924E-2;1,180475E-1;9,356784E-1;;
02/12/2021  12:47:17,653663;9,269395E-1;1,190898E-1;1,152041E-1;9,354049E-1;;
02/12/2021  12:47:17,653763;9,275296E-1;1,251428E-1;1,272095E-1;9,351307E-1;;
02/12/2021  12:47:17,653863;9,273568E-1;1,321516E-1;1,404787E-1;9,348563E-1;;
02/12/2021  12:47:17,653963;9,259828E-1;1,238685E-1;1,208909E-1;9,345817E-1;;
02/12/2021  12:47:17,654063;9,245523E-1;1,464877E-1;1,376353E-1;9,343071E-1;;
02/12/2021  12:47:17,654163;9,243645E-1;1,808943E-1;1,581709E-1;9,340325E-1;;
02/12/2021  12:47:17,654263;9,250142E-1;1,519035E-1;1,275255E-1;9,337578E-1;;
02/12/2021  12:47:17,654363;9,242990E-1;1,589123E-1;1,366875E-1;9,334827E-1;;
02/12/2021  12:47:17,654463;9,234049E-1;1,566822E-1;1,467973E-1;9,332072E-1;;
02/12/2021  12:47:17,654563;9,228446E-1;1,773899E-1;1,531159E-1;9,329313E-1;;
02/12/2021  12:47:17,654663;9,242811E-1;1,455319E-1;1,951349E-1;9,326548E-1;;
02/12/2021  12:47:17,654763;9,254821E-1;1,573194E-1;1,752312E-1;9,323776E-1;;
02/12/2021  12:47:17,654863;9,259620E-1;1,324701E-1;1,344760E-1;9,321002E-1;;
02/12/2021  12:47:17,654963;9,260305E-1;1,130368E-1;1,243661E-1;9,318230E-1;;
02/12/2021  12:47:17,655063;9,264269E-1;1,353374E-1;1,319485E-1;9,315467E-1;;
02/12/2021  12:47:17,655163;9,283283E-1;1,219570E-1;1,205749E-1;9,312720E-1;;
02/12/2021  12:47:17,655263;9,293565E-1;1,219570E-1;1,300529E-1;9,309999E-1;;
02/12/2021  12:47:17,655363;9,294817E-1;1,152668E-1;1,291051E-1;9,307315E-1;;
02/12/2021  12:47:17,655463;9,285012E-1;1,404346E-1;1,420583E-1;9,304678E-1;;
02/12/2021  12:47:17,655563;9,293148E-1;1,331073E-1;1,325804E-1;9,302101E-1;;
02/12/2021  12:47:17,655663;9,300778E-1;1,257800E-1;1,373193E-1;9,299591E-1;;
02/12/2021  12:47:17,655763;9,305904E-1;1,308772E-1;1,347919E-1;9,297159E-1;;
02/12/2021  12:47:17,655863;9,305844E-1;1,471248E-1;1,493248E-1;9,294815E-1;;
02/12/2021  12:47:17,655963;9,297768E-1;1,350188E-1;1,328963E-1;9,292567E-1;;
02/12/2021  12:47:17,656063;9,303371E-1;1,299215E-1;1,338441E-1;9,290422E-1;;
02/12/2021  12:47:17,656163;9,315143E-1;1,350188E-1;1,442698E-1;9,288388E-1;;
02/12/2021  12:47:17,656263;9,323517E-1;1,401161E-1;1,407946E-1;9,286471E-1;;
02/12/2021  12:47:17,656363;9,327213E-1;1,232313E-1;1,259458E-1;9,284678E-1;;
02/12/2021  12:47:17,656463;9,324799E-1;1,343816E-1;1,351078E-1;9,283017E-1;;
02/12/2021  12:47:17,656563;9,333859E-1;1,273729E-1;1,341600E-1;9,281496E-1;;
02/12/2021  12:47:17,656663;9,350966E-1;1,286472E-1;1,859729E-1;9,280119E-1;;
02/12/2021  12:47:17,656763;9,355883E-1;1,283286E-1;1,347919E-1;9,278895E-1;;
02/12/2021  12:47:17,656863;9,354453E-1;1,254614E-1;1,142563E-1;9,277831E-1;;
02/12/2021  12:47:17,656963;9,349357E-1;9,328480E-2;1,284732E-1;9,276934E-1;;
02/12/2021  12:47:17,657063;9,356897E-1;1,098510E-1;1,249980E-1;9,276209E-1;;
02/12/2021  12:47:17,657163;9,367179E-1;1,178155E-1;1,186794E-1;9,275658E-1;;
02/12/2021  12:47:17,657263;9,366076E-1;1,302401E-1;1,332122E-1;9,275286E-1;;
02/12/2021  12:47:17,657363;9,353678E-1;1,238685E-1;1,237343E-1;9,275094E-1;;
02/12/2021  12:47:17,657463;9,342025E-1;7,385142E-2;1,142563E-1;9,275082E-1;;
02/12/2021  12:47:17,657563;9,339492E-1;1,327887E-1;1,215227E-1;9,275246E-1;;
02/12/2021  12:47:17,657663;9,340714E-1;1,417090E-1;1,300529E-1;9,275580E-1;;
02/12/2021  12:47:17,657763;9,342740E-1;1,117624E-1;1,114129E-1;9,276076E-1;;
02/12/2021  12:47:17,657863;9,336959E-1;1,200455E-1;1,215227E-1;9,276728E-1;;
02/12/2021  12:47:17,657963;9,336124E-1;1,321516E-1;1,310007E-1;9,277525E-1;;
02/12/2021  12:47:17,658063;9,344409E-1;1,311958E-1;1,297370E-1;9,278460E-1;;
02/12/2021  12:47:17,658163;9,349416E-1;1,296029E-1;1,193112E-1;9,279524E-1;;
02/12/2021  12:47:17,658263;9,358119E-1;1,315144E-1;1,240502E-1;9,280709E-1;;
02/12/2021  12:47:17,658363;9,351443E-1;1,506292E-1;1,613302E-1;9,282010E-1;;
02/12/2021  12:47:17,658463;9,346257E-1;1,174969E-1;1,164678E-1;9,283419E-1;;
02/12/2021  12:47:17,658563;9,352545E-1;1,267357E-1;1,310007E-1;9,284930E-1;;
02/12/2021  12:47:17,658663;9,363424E-1;1,235499E-1;1,237343E-1;9,286535E-1;;
02/12/2021  12:47:17,658763;9,362023E-1;1,200455E-1;1,164678E-1;9,288227E-1;;
02/12/2021  12:47:17,658863;9,355466E-1;1,270543E-1;1,411105E-1;9,290000E-1;;
02/12/2021  12:47:17,658963;9,346615E-1;1,321516E-1;1,231024E-1;9,291849E-1;;
02/12/2021  12:47:17,659063;9,358655E-1;1,576380E-1;1,449017E-1;9,293764E-1;;
02/12/2021  12:47:17,659163;9,369295E-1;1,130368E-1;1,474292E-1;9,295738E-1;;
02/12/2021  12:47:17,659263;9,362351E-1;1,251428E-1;1,328963E-1;9,297766E-1;;
02/12/2021  12:47:17,659363;9,356241E-1;1,407532E-1;1,534319E-1;9,299841E-1;;
02/12/2021  12:47:17,659463;9,358268E-1;1,254614E-1;1,275255E-1;9,301957E-1;;
02/12/2021  12:47:17,659563;9,376447E-1;1,187712E-1;1,073058E-1;9,304107E-1;;
02/12/2021  12:47:17,659663;9,380829E-1;1,241871E-1;1,262617E-1;9,306287E-1;;
02/12/2021  12:47:17,659763;9,386163E-1;1,522221E-1;1,502726E-1;9,308492E-1;;
02/12/2021  12:47:17,659863;9,380560E-1;1,350188E-1;1,360556E-1;9,310722E-1;;
02/12/2021  12:47:17,659963;9,392690E-1;1,311958E-1;1,347919E-1;9,312975E-1;;
02/12/2021  12:47:17,660063;9,405267E-1;1,308772E-1;1,322644E-1;9,315248E-1;;
02/12/2021  12:47:17,660163;9,417546E-1;1,321516E-1;1,373193E-1;9,317543E-1;;
02/12/2021  12:47:17,660263;9,423536E-1;1,315144E-1;1,404787E-1;9,319861E-1;;
02/12/2021  12:47:17,660363;9,411853E-1;1,372488E-1;1,325804E-1;9,322207E-1;;
02/12/2021  12:47:17,660463;9,421808E-1;1,350188E-1;1,619620E-1;9,324581E-1;;
02/12/2021  12:47:17,660563;9,439481E-1;1,168597E-1;1,231024E-1;9,326986E-1;;
02/12/2021  12:47:17,660663;9,444309E-1;1,382046E-1;1,351078E-1;9,329424E-1;;
02/12/2021  12:47:17,660763;9,440673E-1;1,350188E-1;1,385831E-1;9,331899E-1;;
02/12/2021  12:47:17,660863;9,438289E-1;1,229127E-1;1,284732E-1;9,334415E-1;;
02/12/2021  12:47:17,660963;9,443474E-1;1,025236E-1;1,107811E-1;9,336973E-1;;
02/12/2021  12:47:17,661063;9,454889E-1;1,458505E-1;1,480610E-1;9,339573E-1;;
02/12/2021  12:47:17,661163;9,459330E-1;1,436204E-1;1,310007E-1;9,342218E-1;;
02/12/2021  12:47:17,661263;9,460134E-1;1,041165E-1;1,006712E-1;9,344910E-1;;
02/12/2021  12:47:17,661363;9,449852E-1;1,133553E-1;1,477451E-1;9,347649E-1;;
02/12/2021  12:47:17,661463;9,454949E-1;1,267357E-1;1,351078E-1;9,350435E-1;;
02/12/2021  12:47:17,661563;9,460164E-1;1,433019E-1;1,303688E-1;9,353266E-1;;
02/12/2021  12:47:17,661663;9,456886E-1;1,184526E-1;1,221546E-1;9,356141E-1;;
02/12/2021  12:47:17,661763;9,452952E-1;1,254614E-1;1,275255E-1;9,359057E-1;;
02/12/2021  12:47:17,661863;9,433848E-1;1,251428E-1;1,044624E-1;9,362010E-1;;
02/12/2021  12:47:17,661963;9,441090E-1;1,092138E-1;1,161519E-1;9,364992E-1;;
02/12/2021  12:47:17,662063;9,443921E-1;1,206827E-1;1,117289E-1;9,367997E-1;;
02/12/2021  12:47:17,662163;9,440286E-1;1,305587E-1;1,284732E-1;9,371017E-1;;
02/12/2021  12:47:17,662263;9,429080E-1;1,343816E-1;1,284732E-1;9,374043E-1;;
02/12/2021  12:47:17,662363;9,419811E-1;1,283286E-1;1,404787E-1;9,377068E-1;;
02/12/2021  12:47:17,662463;9,424997E-1;1,104881E-1;1,073058E-1;9,380081E-1;;
02/12/2021  12:47:17,662563;9,431672E-1;1,069837E-1;8,645429E-2;9,383072E-1;;
02/12/2021  12:47:17,662663;9,430838E-1;1,002936E-1;9,940750E-2;9,386031E-1;;
02/12/2021  12:47:17,662763;9,426666E-1;1,308772E-1;1,278414E-1;9,388951E-1;;
02/12/2021  12:47:17,662863;9,429050E-1;1,190898E-1;1,310007E-1;9,391825E-1;;
02/12/2021  12:47:17,662963;9,439630E-1;1,232313E-1;1,063580E-1;9,394646E-1;;
02/12/2021  12:47:17,663063;9,445412E-1;1,187712E-1;1,196272E-1;9,397409E-1;;
02/12/2021  12:47:17,663163;9,450001E-1;1,146297E-1;1,218387E-1;9,400111E-1;;
02/12/2021  12:47:17,663263;9,441805E-1;1,378860E-1;1,423743E-1;9,402750E-1;;
02/12/2021  12:47:17,663363;9,430391E-1;1,248242E-1;1,110970E-1;9,405325E-1;;
02/12/2021  12:47:17,663463;9,445084E-1;1,289658E-1;1,401627E-1;9,407831E-1;;
02/12/2021  12:47:17,663563;9,445352E-1;1,302401E-1;1,550115E-1;9,410265E-1;;
02/12/2021  12:47:17,663663;9,444339E-1;1,324701E-1;1,373193E-1;9,412627E-1;;
02/12/2021  12:47:17,663763;9,427589E-1;1,413904E-1;1,287892E-1;9,414914E-1;;
02/12/2021  12:47:17,663863;9,414715E-1;1,299215E-1;1,328963E-1;9,417124E-1;;
02/12/2021  12:47:17,663963;9,421986E-1;1,216384E-1;1,221546E-1;9,419250E-1;;
02/12/2021  12:47:17,664063;9,426725E-1;1,171783E-1;1,265777E-1;9,421287E-1;;
02/12/2021  12:47:17,664163;9,415758E-1;1,378860E-1;1,363715E-1;9,423232E-1;;
02/12/2021  12:47:17,664263;9,405744E-1;1,305587E-1;1,234183E-1;9,425080E-1;;
02/12/2021  12:47:17,664363;9,403628E-1;1,302401E-1;1,272095E-1;9,426826E-1;;
02/12/2021  12:47:17,664463;9,411079E-1;1,165411E-1;1,325804E-1;9,428464E-1;;
02/12/2021  12:47:17,664563;9,419125E-1;1,442576E-1;1,423743E-1;9,429991E-1;;
02/12/2021  12:47:17,664663;9,413731E-1;1,726112E-1;1,701763E-1;9,431405E-1;;
02/12/2021  12:47:17,664763;9,404343E-1;1,130368E-1;1,208909E-1;9,432705E-1;;
02/12/2021  12:47:17,664863;9,408068E-1;1,178155E-1;1,212068E-1;9,433889E-1;;
02/12/2021  12:47:17,664963;9,420735E-1;1,359745E-1;1,388990E-1;9,434957E-1;;
02/12/2021  12:47:17,665063;9,421212E-1;1,213198E-1;1,224705E-1;9,435910E-1;;
02/12/2021  12:47:17,665163;9,420347E-1;1,037979E-1;1,152041E-1;9,436750E-1;;
02/12/2021  12:47:17,665263;9,413254E-1;1,069837E-1;1,177316E-1;9,437481E-1;;
02/12/2021  12:47:17,665363;9,413016E-1;8,340882E-2;1,234183E-1;9,438106E-1;;
02/12/2021  12:47:17,665463;9,421957E-1;1,213198E-1;1,253139E-1;9,438627E-1;;
02/12/2021  12:47:17,665563;9,422016E-1;1,073023E-1;1,167838E-1;9,439048E-1;;
02/12/2021  12:47:17,665663;9,414089E-1;7,640006E-2;8,582243E-2;9,439373E-1;;
02/12/2021  12:47:17,665763;9,402495E-1;1,136739E-1;1,057261E-1;9,439605E-1;;
02/12/2021  12:47:17,665863;9,407830E-1;-1,343950E-2;6,876210E-2;9,439747E-1;;
02/12/2021  12:47:17,665963;9,416085E-1;1,165411E-1;1,259458E-1;9,439802E-1;;
02/12/2021  12:47:17,666063;9,413701E-1;9,264764E-2;1,174156E-1;9,439771E-1;;
02/12/2021  12:47:17,666163;9,405952E-1;9,201048E-2;1,076217E-1;9,439661E-1;;
02/12/2021  12:47:17,666263;9,391975E-1;7,448858E-2;7,760819E-2;9,439472E-1;;
02/12/2021  12:47:17,666363;9,397548E-1;1,873708E-2;4,854245E-2;9,439207E-1;;
02/12/2021  12:47:17,666463;9,401989E-1;7,512574E-2;8,329497E-2;9,438867E-1;;
02/12/2021  12:47:17,666563;9,404552E-1;1,009307E-1;1,069899E-1;9,438455E-1;;
02/12/2021  12:47:17,666663;9,396207E-1;1,031608E-1;1,161519E-1;9,437972E-1;;
02/12/2021  12:47:17,666763;9,385806E-1;1,088952E-1;1,246821E-1;9,437422E-1;;
02/12/2021  12:47:17,666863;9,396624E-1;9,455912E-2;1,060421E-1;9,436807E-1;;
02/12/2021  12:47:17,666963;9,396803E-1;9,965640E-2;9,530039E-2;9,436128E-1;;
02/12/2021  12:47:17,667063;9,395879E-1;9,455912E-2;8,645429E-2;9,435388E-1;;
02/12/2021  12:47:17,667163;9,392511E-1;1,229127E-1;1,370034E-1;9,434591E-1;;
02/12/2021  12:47:17,667263;9,381544E-1;1,270543E-1;1,344760E-1;9,433740E-1;;
02/12/2021  12:47:17,667363;9,393525E-1;1,359745E-1;1,325804E-1;9,432836E-1;;
02/12/2021  12:47:17,667463;9,395700E-1;1,509478E-1;1,379512E-1;9,431883E-1;;
02/12/2021  12:47:17,667563;9,395432E-1;1,512664E-1;1,281573E-1;9,430883E-1;;
02/12/2021  12:47:17,667663;9,391081E-1;1,534964E-1;1,493248E-1;9,429843E-1;;
02/12/2021  12:47:17,667763;9,383243E-1;1,474434E-1;1,202590E-1;9,428764E-1;;
02/12/2021  12:47:17,667863;9,393078E-1;1,547707E-1;1,335282E-1;9,427650E-1;;
02/12/2021  12:47:17,667963;9,389322E-1;1,853544E-1;1,963986E-1;9,426505E-1;;
02/12/2021  12:47:17,668063;9,388398E-1;1,764342E-1;1,597505E-1;9,425332E-1;;
02/12/2021  12:47:17,668163;9,378385E-1;1,589123E-1;1,237343E-1;9,424134E-1;;
02/12/2021  12:47:17,668263;9,368311E-1;1,343816E-1;1,316326E-1;9,422913E-1;;
02/12/2021  12:47:17,668363;9,377997E-1;1,337445E-1;1,006712E-1;9,421670E-1;;
02/12/2021  12:47:17,668463;9,376477E-1;1,213198E-1;1,316326E-1;9,420405E-1;;
02/12/2021  12:47:17,668563;9,367924E-1;1,257800E-1;1,287892E-1;9,419120E-1;;
02/12/2021  12:47:17,668663;9,351562E-1;1,206827E-1;1,183634E-1;9,417815E-1;;
02/12/2021  12:47:17,668763;9,344528E-1;1,251428E-1;1,237343E-1;9,416488E-1;;
02/12/2021  12:47:17,668863;9,347926E-1;1,254614E-1;1,205749E-1;9,415136E-1;;
02/12/2021  12:47:17,668963;9,349059E-1;1,302401E-1;1,325804E-1;9,413756E-1;;
02/12/2021  12:47:17,669063;9,339492E-1;1,292843E-1;1,550115E-1;9,412347E-1;;
02/12/2021  12:47:17,669163;9,330640E-1;1,232313E-1;1,161519E-1;9,410905E-1;;
02/12/2021  12:47:17,669263;9,320418E-1;1,069837E-1;1,234183E-1;9,409427E-1;;
02/12/2021  12:47:17,669363;9,331922E-1;3,625898E-2;8,708615E-2;9,407910E-1;;
02/12/2021  12:47:17,669463;9,331683E-1;1,203641E-1;1,237343E-1;9,406350E-1;;
02/12/2021  12:47:17,669563;9,336780E-1;1,318330E-1;1,430061E-1;9,404746E-1;;
02/12/2021  12:47:17,669663;9,325991E-1;1,190898E-1;1,183634E-1;9,403099E-1;;
02/12/2021  12:47:17,669763;9,335617E-1;1,213198E-1;1,208909E-1;9,401408E-1;;
02/12/2021  12:47:17,669863;9,349982E-1;1,337445E-1;1,382671E-1;9,399676E-1;;
02/12/2021  12:47:17,669963;9,346287E-1;1,210013E-1;1,253139E-1;9,397907E-1;;
02/12/2021  12:47:17,670063;9,349446E-1;1,117624E-1;1,000394E-1;9,396105E-1;;
02/12/2021  12:47:17,670163;9,341071E-1;4,963934E-2;8,329497E-2;9,394277E-1;;
02/12/2021  12:47:17,670263;9,350608E-1;1,372488E-1;1,310007E-1;9,392428E-1;;
02/12/2021  12:47:17,670363;9,364079E-1;1,232313E-1;1,398468E-1;9,390563E-1;;
02/12/2021  12:47:17,670463;9,360264E-1;1,213198E-1;1,208909E-1;9,388691E-1;;
02/12/2021  12:47:17,670563;9,365212E-1;9,583344E-2;9,561632E-2;9,386818E-1;;
02/12/2021  12:47:17,670663;9,356360E-1;7,066562E-2;9,245700E-2;9,384953E-1;;
02/12/2021  12:47:17,670763;9,363096E-1;1,286472E-1;1,202590E-1;9,383103E-1;;
02/12/2021  12:47:17,670863;9,375196E-1;1,522221E-1;1,562753E-1;9,381275E-1;;
02/12/2021  12:47:17,670963;9,370040E-1;1,098510E-1;1,174156E-1;9,379477E-1;;
02/12/2021  12:47:17,671063;9,360115E-1;1,197269E-1;1,221546E-1;9,377715E-1;;
02/12/2021  12:47:17,671163;9,356062E-1;1,327887E-1;1,167838E-1;9,375996E-1;;
02/12/2021  12:47:17,671263;9,361814E-1;1,229127E-1;1,316326E-1;9,374324E-1;;
02/12/2021  12:47:17,671363;9,373646E-1;9,774492E-2;1,420583E-1;9,372701E-1;;
02/12/2021  12:47:17,671463;9,374659E-1;1,206827E-1;1,281573E-1;9,371133E-1;;
02/12/2021  12:47:17,671563;9,365599E-1;1,321516E-1;1,291051E-1;9,369625E-1;;
02/12/2021  12:47:17,671663;9,360771E-1;1,101695E-1;1,126766E-1;9,368180E-1;;
02/12/2021  12:47:17,671763;9,372782E-1;1,204690E-2;2,705907E-2;9,366802E-1;;
02/12/2021  12:47:17,671863;9,383153E-1;1,219570E-1;1,208909E-1;9,365492E-1;;
02/12/2021  12:47:17,671963;9,388577E-1;1,289658E-1;1,275255E-1;9,364255E-1;;
02/12/2021  12:47:17,672063;9,388577E-1;1,407532E-1;1,550115E-1;9,363096E-1;;
02/12/2021  12:47:17,672163;9,376418E-1;1,327887E-1;1,322644E-1;9,362020E-1;;
02/12/2021  12:47:17,672263;9,401184E-1;1,299215E-1;1,246821E-1;9,361030E-1;;
02/12/2021  12:47:17,672363;9,405565E-1;1,541336E-1;1,787064E-1;9,360131E-1;;
02/12/2021  12:47:17,672463;9,414118E-1;1,353374E-1;1,338441E-1;9,359328E-1;;
02/12/2021  12:47:17,672563;9,411704E-1;1,219570E-1;1,313166E-1;9,358626E-1;;
02/12/2021  12:47:17,672663;9,416324E-1;1,273729E-1;1,196272E-1;9,358032E-1;;
02/12/2021  12:47:17,672763;9,424758E-1;9,041758E-2;1,300529E-1;9,357551E-1;;
02/12/2021  12:47:17,672863;9,434116E-1;1,397975E-1;1,404787E-1;9,357187E-1;;
02/12/2021  12:47:17,672963;9,446514E-1;1,315144E-1;1,272095E-1;9,356947E-1;;
02/12/2021  12:47:17,673063;9,429944E-1;1,280100E-1;1,249980E-1;9,356836E-1;;
02/12/2021  12:47:17,673163;9,431851E-1;8,818752E-2;1,284732E-1;9,356859E-1;;
02/12/2021  12:47:17,673263;9,441090E-1;1,410718E-1;1,486929E-1;9,357017E-1;;
02/12/2021  12:47:17,673363;9,448154E-1;1,273729E-1;1,278414E-1;9,357312E-1;;
02/12/2021  12:47:17,673463;9,445054E-1;1,066652E-1;1,035146E-1;9,357745E-1;;
02/12/2021  12:47:17,673563;9,441329E-1;1,152668E-1;1,152041E-1;9,358319E-1;;
02/12/2021  12:47:17,673663;9,439183E-1;1,560451E-1;1,480610E-1;9,359031E-1;;
02/12/2021  12:47:17,673763;9,449107E-1;1,452133E-1;1,486929E-1;9,359879E-1;;
02/12/2021  12:47:17,673863;9,460432E-1;1,241871E-1;1,322644E-1;9,360862E-1;;
02/12/2021  12:47:17,673963;9,457333E-1;1,254614E-1;1,287892E-1;9,361977E-1;;
02/12/2021  12:47:17,674063;9,452445E-1;1,302401E-1;1,256299E-1;9,363223E-1;;
02/12/2021  12:47:17,674163;9,454412E-1;1,213198E-1;1,054102E-1;9,364598E-1;;
02/12/2021  12:47:17,674263;9,467496E-1;1,232313E-1;1,170997E-1;9,366096E-1;;
02/12/2021  12:47:17,674363;9,469552E-1;1,232313E-1;1,275255E-1;9,367715E-1;;
02/12/2021  12:47:17,674463;9,476586E-1;1,222756E-1;1,284732E-1;9,369452E-1;;
02/12/2021  12:47:17,674563;9,475334E-1;1,296029E-1;1,357397E-1;9,371304E-1;;
02/12/2021  12:47:17,674663;9,482606E-1;1,334259E-1;1,328963E-1;9,373268E-1;;
02/12/2021  12:47:17,674763;9,493365E-1;1,254614E-1;1,129926E-1;9,375343E-1;;
02/12/2021  12:47:17,674863;9,503617E-1;1,315144E-1;1,310007E-1;9,377525E-1;;
02/12/2021  12:47:17,674963;9,498133E-1;1,311958E-1;1,177316E-1;9,379815E-1;;
02/12/2021  12:47:17,675063;9,493484E-1;9,455912E-2;1,028828E-1;9,382210E-1;;
02/12/2021  12:47:17,675163;9,502902E-1;1,308772E-1;1,310007E-1;9,384708E-1;;
02/12/2021  12:47:17,675263;9,518489E-1;1,232313E-1;1,133085E-1;9,387305E-1;;
02/12/2021  12:47:17,675363;9,513154E-1;1,152668E-1;1,120448E-1;9,389999E-1;;
02/12/2021  12:47:17,675463;9,522125E-1;1,327887E-1;1,316326E-1;9,392788E-1;;
02/12/2021  12:47:17,675563;9,521678E-1;1,302401E-1;1,316326E-1;9,395670E-1;;
02/12/2021  12:47:17,675663;9,534076E-1;1,267357E-1;1,328963E-1;9,398641E-1;;
02/12/2021  12:47:17,675763;9,543314E-1;1,225942E-1;1,073058E-1;9,401701E-1;;
02/12/2021  12:47:17,675863;9,545192E-1;1,375674E-1;1,392149E-1;9,404848E-1;;
02/12/2021  12:47:17,675963;9,546891E-1;1,305587E-1;1,313166E-1;9,408081E-1;;
02/12/2021  12:47:17,676063;9,546325E-1;1,251428E-1;1,297370E-1;9,411399E-1;;
02/12/2021  12:47:17,676163;9,550259E-1;6,110822E-2;8,487463E-2;9,414798E-1;;
02/12/2021  12:47:17,676263;9,563163E-1;1,305587E-1;1,196272E-1;9,418276E-1;;
02/12/2021  12:47:17,676363;9,569183E-1;1,324701E-1;1,325804E-1;9,421831E-1;;
02/12/2021  12:47:17,676463;9,562806E-1;1,347002E-1;1,319485E-1;9,425460E-1;;
02/12/2021  12:47:17,676563;9,565935E-1;1,171783E-1;1,000394E-1;9,429161E-1;;
02/12/2021  12:47:17,676663;9,579048E-1;9,838208E-2;1,275255E-1;9,432931E-1;;
02/12/2021  12:47:17,676763;9,591417E-1;1,499920E-1;1,907119E-1;9,436766E-1;;
02/12/2021  12:47:17,676863;9,587512E-1;1,286472E-1;1,253139E-1;9,440665E-1;;
02/12/2021  12:47:17,676963;9,596543E-1;6,174538E-2;1,357397E-1;9,444627E-1;;
02/12/2021  12:47:17,677063;9,596096E-1;1,174969E-1;1,215227E-1;9,448650E-1;;
02/12/2021  12:47:17,677163;9,597765E-1;1,334259E-1;1,335282E-1;9,452731E-1;;
02/12/2021  12:47:17,677263;9,613441E-1;1,305587E-1;1,256299E-1;9,456868E-1;;
02/12/2021  12:47:17,677363;9,606199E-1;1,264171E-1;1,256299E-1;9,461059E-1;;
02/12/2021  12:47:17,677463;9,614097E-1;9,774492E-2;1,019350E-1;9,465300E-1;;
02/12/2021  12:47:17,677563;9,617584E-1;1,318330E-1;1,335282E-1;9,469589E-1;;
02/12/2021  12:47:17,677663;9,634184E-1;1,340630E-1;1,303688E-1;9,473924E-1;;
02/12/2021  12:47:17,677763;9,635495E-1;1,280100E-1;1,234183E-1;9,478303E-1;;
02/12/2021  12:47:17,677863;9,643453E-1;1,385232E-1;1,493248E-1;9,482724E-1;;
02/12/2021  12:47:17,677963;9,630667E-1;1,407532E-1;1,360556E-1;9,487187E-1;;
02/12/2021  12:47:17,678063;9,634810E-1;1,455319E-1;1,354238E-1;9,491690E-1;;
02/12/2021  12:47:17,678163;9,645956E-1;1,331073E-1;1,354238E-1;9,496227E-1;;
02/12/2021  12:47:17,678263;9,645032E-1;1,254614E-1;1,265777E-1;9,500795E-1;;
02/12/2021  12:47:17,678363;9,644376E-1;1,060280E-1;1,322644E-1;9,505391E-1;;
02/12/2021  12:47:17,678463;9,642648E-1;1,149482E-1;1,234183E-1;9,510010E-1;;
02/12/2021  12:47:17,678563;9,649026E-1;8,149734E-2;8,866581E-2;9,514648E-1;;
02/12/2021  12:47:17,678663;9,665477E-1;1,143111E-1;1,227865E-1;9,519298E-1;;
02/12/2021  12:47:17,678763;9,666460E-1;1,111253E-1;1,177316E-1;9,523959E-1;;
02/12/2021  12:47:17,678863;9,666282E-1;1,200455E-1;1,256299E-1;9,528626E-1;;
02/12/2021  12:47:17,678963;9,660828E-1;1,362931E-1;1,581709E-1;9,533298E-1;;
02/12/2021  12:47:17,679063;9,660858E-1;1,455319E-1;1,783905E-1;9,537969E-1;;
02/12/2021  12:47:17,679163;9,669977E-1;1,104881E-1;1,044624E-1;9,542636E-1;;
02/12/2021  12:47:17,679263;9,671080E-1;9,678918E-2;1,117289E-1;9,547292E-1;;
02/12/2021  12:47:17,679363;9,666431E-1;1,101695E-1;1,158360E-1;9,551934E-1;;
02/12/2021  12:47:17,679463;9,659397E-1;9,647060E-2;1,123607E-1;9,556556E-1;;
02/12/2021  12:47:17,679563;9,662050E-1;9,487770E-2;1,104651E-1;9,561153E-1;;
02/12/2021  12:47:17,679663;9,657341E-1;-3,096140E-2;4,727872E-2;9,565716E-1;;
02/12/2021  12:47:17,679763;9,651976E-1;1,047537E-1;1,170997E-1;9,570238E-1;;
02/12/2021  12:47:17,679863;9,642618E-1;1,127182E-1;1,237343E-1;9,574710E-1;;
02/12/2021  12:47:17,679963;9,628581E-1;8,181592E-2;1,000394E-1;9,579123E-1;;
02/12/2021  12:47:17,680063;9,625481E-1;6,110822E-2;1,521681E-1;9,583464E-1;;
02/12/2021  12:47:17,680163;9,624557E-1;1,331073E-1;1,449017E-1;9,587721E-1;;
02/12/2021  12:47:17,680263;9,617196E-1;1,069837E-1;1,208909E-1;9,591881E-1;;
02/12/2021  12:47:17,680363;9,603517E-1;1,222756E-1;1,310007E-1;9,595932E-1;;
02/12/2021  12:47:17,680463;9,589062E-1;1,461691E-1;1,524841E-1;9,599860E-1;;
02/12/2021  12:47:17,680563;9,593115E-1;1,225942E-1;1,092014E-1;9,603650E-1;;
02/12/2021  12:47:17,680663;9,592549E-1;1,391603E-1;1,417424E-1;9,607289E-1;;
02/12/2021  12:47:17,680763;9,584025E-1;1,573194E-1;1,385831E-1;9,610765E-1;;
02/12/2021  12:47:17,680863;9,577022E-1;1,448948E-1;1,632258E-1;9,614065E-1;;
02/12/2021  12:47:17,680963;9,564981E-1;1,410718E-1;1,303688E-1;9,617178E-1;;
02/12/2021  12:47:17,681063;9,570614E-1;1,550893E-1;1,240502E-1;9,620094E-1;;
02/12/2021  12:47:17,681163;9,564504E-1;1,678325E-1;1,843932E-1;9,622802E-1;;
02/12/2021  12:47:17,681263;9,554640E-1;1,729298E-1;1,474292E-1;9,625294E-1;;
02/12/2021  12:47:17,681363;9,552732E-1;1,745227E-1;1,635417E-1;9,627561E-1;;
02/12/2021  12:47:17,681463;9,548202E-1;1,706997E-1;1,588027E-1;9,629598E-1;;
02/12/2021  12:47:17,681563;9,550229E-1;7,831154E-2;1,310007E-1;9,631397E-1;;
02/12/2021  12:47:17,681663;9,547368E-1;1,318330E-1;1,370034E-1;9,632955E-1;;
02/12/2021  12:47:17,681763;9,541377E-1;1,200455E-1;1,215227E-1;9,634269E-1;;
02/12/2021  12:47:17,681863;9,535238E-1;1,184526E-1;1,142563E-1;9,635337E-1;;
02/12/2021  12:47:17,681963;9,522035E-1;1,385232E-1;1,543797E-1;9,636157E-1;;
02/12/2021  12:47:17,682063;9,524002E-1;1,636910E-1;1,629098E-1;9,636728E-1;;
02/12/2021  12:47:17,682163;9,523794E-1;1,248242E-1;1,300529E-1;9,637049E-1;;
02/12/2021  12:47:17,682263;9,520009E-1;1,178155E-1;1,278414E-1;9,637121E-1;;
02/12/2021  12:47:17,682363;9,509309E-1;1,178155E-1;1,234183E-1;9,636945E-1;;
02/12/2021  12:47:17,682463;9,504153E-1;1,327887E-1;1,351078E-1;9,636524E-1;;
02/12/2021  12:47:17,682563;9,508147E-1;1,257800E-1;1,385831E-1;9,635859E-1;;
02/12/2021  12:47:17,682663;9,499981E-1;1,184526E-1;1,208909E-1;9,634954E-1;;
02/12/2021  12:47:17,682763;9,492590E-1;1,273729E-1;1,373193E-1;9,633813E-1;;
02/12/2021  12:47:17,682863;9,471638E-1;1,483991E-1;1,493248E-1;9,632440E-1;;
02/12/2021  12:47:17,682963;9,464694E-1;1,012493E-1;7,508074E-2;9,630837E-1;;
02/12/2021  12:47:17,683063;9,463770E-1;1,108067E-1;1,136244E-1;9,629006E-1;;
02/12/2021  12:47:17,683163;9,459806E-1;1,085766E-1;1,205749E-1;9,626948E-1;;
02/12/2021  12:47:17,683263;9,448690E-1;1,292843E-1;1,385831E-1;9,624667E-1;;
02/12/2021  12:47:17,683363;9,429139E-1;1,512664E-1;1,562753E-1;9,622166E-1;;
02/12/2021  12:47:17,683463;9,431851E-1;1,181340E-1;1,202590E-1;9,619446E-1;;
02/12/2021  12:47:17,683563;9,430093E-1;1,267357E-1;1,360556E-1;9,616509E-1;;
02/12/2021  12:47:17,683663;9,420556E-1;1,276914E-1;1,300529E-1;9,613360E-1;;
02/12/2021  12:47:17,683763;9,419215E-1;1,426647E-1;1,395309E-1;9,610002E-1;;
02/12/2021  12:47:17,683863;9,402346E-1;1,254614E-1;1,398468E-1;9,606439E-1;;
02/12/2021  12:47:17,683963;9,405058E-1;1,092138E-1;1,139404E-1;9,602678E-1;;
02/12/2021  12:47:17,684063;9,403509E-1;1,248242E-1;1,196272E-1;9,598722E-1;;
02/12/2021  12:47:17,684163;9,398174E-1;1,356559E-1;1,388990E-1;9,594578E-1;;
02/12/2021  12:47:17,684263;9,385329E-1;1,299215E-1;1,262617E-1;9,590253E-1;;
02/12/2021  12:47:17,684363;9,380531E-1;1,241871E-1;1,297370E-1;9,585753E-1;;
02/12/2021  12:47:17,684463;9,377401E-1;1,178155E-1;1,215227E-1;9,581086E-1;;
02/12/2021  12:47:17,684563;9,377371E-1;1,194084E-1;9,719598E-2;9,576257E-1;;
02/12/2021  12:47:17,684663;9,370994E-1;1,324701E-1;1,335282E-1;9,571275E-1;;
02/12/2021  12:47:17,684763;9,359758E-1;1,181340E-1;1,265777E-1;9,566148E-1;;
02/12/2021  12:47:17,684863;9,350996E-1;1,232313E-1;1,152041E-1;9,560884E-1;;
02/12/2021  12:47:17,684963;9,342263E-1;1,229127E-1;1,275255E-1;9,555490E-1;;
02/12/2021  12:47:17,685063;9,342412E-1;1,044351E-1;8,708615E-2;9,549971E-1;;
02/12/2021  12:47:17,685163;9,337525E-1;1,267357E-1;1,287892E-1;9,544335E-1;;
02/12/2021  12:47:17,685263;9,326915E-1;1,264171E-1;1,306848E-1;9,538588E-1;;
02/12/2021  12:47:17,685363;9,315739E-1;6,301970E-2;8,455870E-2;9,532738E-1;;
02/12/2021  12:47:17,685463;9,320895E-1;1,053908E-1;9,530039E-2;9,526790E-1;;
02/12/2021  12:47:17,685563;9,321044E-1;1,659210E-1;1,976624E-1;9,520751E-1;;
02/12/2021  12:47:17,685663;9,316573E-1;1,340630E-1;1,316326E-1;9,514629E-1;;
02/12/2021  12:47:17,685763;9,307930E-1;1,178155E-1;8,266311E-2;9,508433E-1;;
02/12/2021  12:47:17,685863;9,297142E-1;1,273729E-1;1,272095E-1;9,502171E-1;;
02/12/2021  12:47:17,685963;9,304503E-1;1,331073E-1;1,325804E-1;9,495850E-1;;
02/12/2021  12:47:17,686063;9,302149E-1;1,225942E-1;1,351078E-1;9,489478E-1;;
02/12/2021  12:47:17,686163;9,293267E-1;1,159040E-1;1,262617E-1;9,483064E-1;;
02/12/2021  12:47:17,686263;9,277770E-1;1,292843E-1;1,335282E-1;9,476616E-1;;
02/12/2021  12:47:17,686363;9,269216E-1;1,388417E-1;1,360556E-1;9,470140E-1;;
02/12/2021  12:47:17,686463;9,275028E-1;1,187712E-1;1,152041E-1;9,463643E-1;;
02/12/2021  12:47:17,686563;9,273329E-1;1,267357E-1;1,294210E-1;9,457128E-1;;
02/12/2021  12:47:17,686663;9,263435E-1;1,375674E-1;1,417424E-1;9,450604E-1;;
02/12/2021  12:47:17,686763;9,253182E-1;1,292843E-1;1,262617E-1;9,444076E-1;;
02/12/2021  12:47:17,686863;9,237923E-1;1,353374E-1;1,376353E-1;9,437548E-1;;
02/12/2021  12:47:17,686963;9,236373E-1;1,111253E-1;1,426902E-1;9,431024E-1;;
02/12/2021  12:47:17,687063;9,242185E-1;1,311958E-1;1,328963E-1;9,424507E-1;;
02/12/2021  12:47:17,687163;9,232350E-1;1,085766E-1;1,540637E-1;9,417999E-1;;
02/12/2021  12:47:17,687263;9,224393E-1;1,359745E-1;1,322644E-1;9,411505E-1;;
02/12/2021  12:47:17,687363;9,221740E-1;8,117876E-2;1,139404E-1;9,405028E-1;;
02/12/2021  12:47:17,687463;9,227701E-1;1,139925E-1;1,231024E-1;9,398570E-1;;
02/12/2021  12:47:17,687563;9,228029E-1;1,171783E-1;1,237343E-1;9,392138E-1;;
02/12/2021  12:47:17,687663;9,228654E-1;7,289568E-2;8,834988E-2;9,385736E-1;;
02/12/2021  12:47:17,687763;9,220161E-1;1,289658E-1;1,768108E-1;9,379370E-1;;
02/12/2021  12:47:17,687863;9,224542E-1;1,194084E-1;1,177316E-1;9,373046E-1;;
02/12/2021  12:47:17,687963;9,231784E-1;1,327887E-1;1,654373E-1;9,366772E-1;;
02/12/2021  12:47:17,688063;9,239980E-1;1,273729E-1;1,303688E-1;9,360554E-1;;
02/12/2021  12:47:17,688163;9,237327E-1;8,818752E-2;8,961361E-2;9,354403E-1;;
02/12/2021  12:47:17,688263;9,232201E-1;1,187712E-1;1,253139E-1;9,348328E-1;;
02/12/2021  12:47:17,688363;9,238907E-1;1,248242E-1;1,183634E-1;9,342337E-1;;
02/12/2021  12:47:17,688463;9,243556E-1;1,340630E-1;1,347919E-1;9,336441E-1;;
02/12/2021  12:47:17,688563;9,243824E-1;1,245056E-1;1,303688E-1;9,330649E-1;;
02/12/2021  12:47:17,688663;9,243854E-1;1,299215E-1;1,218387E-1;9,324970E-1;;
02/12/2021  12:47:17,688763;9,236165E-1;1,347002E-1;1,332122E-1;9,319413E-1;;
02/12/2021  12:47:17,688863;9,242096E-1;1,232313E-1;1,076217E-1;9,313987E-1;;
02/12/2021  12:47:17,688963;9,246953E-1;9,073616E-2;7,634447E-2;9,308697E-1;;
02/12/2021  12:47:17,689063;9,250172E-1;1,276914E-1;1,332122E-1;9,303553E-1;;
02/12/2021  12:47:17,689163;9,251126E-1;1,241871E-1;1,259458E-1;9,298560E-1;;
02/12/2021  12:47:17,689263;9,246953E-1;1,120810E-1;1,199431E-1;9,293727E-1;;
02/12/2021  12:47:17,689363;9,254643E-1;1,273729E-1;1,291051E-1;9,289060E-1;;
02/12/2021  12:47:17,689463;9,262481E-1;6,174538E-2;8,771802E-2;9,284564E-1;;
02/12/2021  12:47:17,689563;9,271303E-1;1,143111E-1;9,593225E-2;9,280246E-1;;
02/12/2021  12:47:17,689663;9,267845E-1;1,187712E-1;1,218387E-1;9,276113E-1;;
02/12/2021  12:47:17,689763;9,270557E-1;1,318330E-1;1,297370E-1;9,272172E-1;;
02/12/2021  12:47:17,689863;9,278306E-1;1,519035E-1;1,338441E-1;9,268428E-1;;
02/12/2021  12:47:17,689963;9,288588E-1;1,162226E-1;1,875525E-1;9,264888E-1;;
02/12/2021  12:47:17,690063;9,291956E-1;1,159040E-1;1,104651E-1;9,261556E-1;;
02/12/2021  12:47:17,690163;9,290138E-1;1,533758E-3;6,307532E-2;9,258440E-1;;
02/12/2021  12:47:17,690263;9,295383E-1;1,350188E-1;1,272095E-1;9,255544E-1;;
02/12/2021  12:47:17,690363;9,304831E-1;4,517922E-2;7,729226E-2;9,252873E-1;;
02/12/2021  12:47:17,690463;9,308020E-1;1,216384E-1;1,332122E-1;9,250430E-1;;
02/12/2021  12:47:17,690563;9,310791E-1;1,343816E-1;1,265777E-1;9,248218E-1;;
02/12/2021  12:47:17,690663;9,306768E-1;1,108067E-1;1,205749E-1;9,246242E-1;;
02/12/2021  12:47:17,690763;9,305636E-1;1,037979E-1;8,898175E-2;9,244502E-1;;
02/12/2021  12:47:17,690863;9,309719E-1;1,213198E-1;1,170997E-1;9,242997E-1;;
02/12/2021  12:47:17,690963;9,312699E-1;1,159040E-1;1,161519E-1;9,241726E-1;;
02/12/2021  12:47:17,691063;9,307245E-1;1,260985E-1;1,221546E-1;9,240686E-1;;
02/12/2021  12:47:17,691163;9,316394E-1;1,522221E-1;1,351078E-1;9,239874E-1;;
02/12/2021  12:47:17,691263;9,307513E-1;1,401161E-1;1,322644E-1;9,239286E-1;;
02/12/2021  12:47:17,691363;9,321580E-1;1,264171E-1;1,385831E-1;9,238917E-1;;
02/12/2021  12:47:17,691463;9,328167E-1;1,168597E-1;1,253139E-1;9,238761E-1;;
02/12/2021  12:47:17,691563;9,328673E-1;1,299215E-1;1,401627E-1;9,238815E-1;;
02/12/2021  12:47:17,691663;9,326617E-1;1,229127E-1;1,196272E-1;9,239073E-1;;
02/12/2021  12:47:17,691763;9,321968E-1;1,088952E-1;1,066739E-1;9,239531E-1;;
02/12/2021  12:47:17,691863;9,337465E-1;1,111253E-1;1,066739E-1;9,240181E-1;;
02/12/2021  12:47:17,691963;9,349029E-1;1,315144E-1;1,360556E-1;9,241017E-1;;
02/12/2021  12:47:17,692063;9,342114E-1;1,206827E-1;1,287892E-1;9,242035E-1;;
02/12/2021  12:47:17,692163;9,340565E-1;9,009900E-2;1,347919E-1;9,243230E-1;;
02/12/2021  12:47:17,692263;9,350012E-1;7,512574E-2;9,940750E-2;9,244594E-1;;
02/12/2021  12:47:17,692363;9,362261E-1;1,257800E-1;1,490088E-1;9,246123E-1;;
02/12/2021  12:47:17,692463;9,368281E-1;1,041165E-1;1,114129E-1;9,247811E-1;;
02/12/2021  12:47:17,692563;9,361337E-1;1,009307E-1;9,972343E-2;9,249653E-1;;
02/12/2021  12:47:17,692663;9,360920E-1;1,031608E-1;1,167838E-1;9,251645E-1;;
02/12/2021  12:47:17,692763;9,361039E-1;9,901924E-2;1,069899E-1;9,253780E-1;;
02/12/2021  12:47:17,692863;9,377312E-1;1,028422E-1;1,025668E-1;9,256052E-1;;
02/12/2021  12:47:17,692963;9,380054E-1;9,838208E-2;1,069899E-1;9,258453E-1;;
02/12/2021  12:47:17,693063;9,380590E-1;8,309024E-2;9,624818E-2;9,260979E-1;;
02/12/2021  12:47:17,693163;9,376656E-1;8,914326E-2;1,054102E-1;9,263624E-1;;
02/12/2021  12:47:17,693263;9,386104E-1;1,117624E-1;1,196272E-1;9,266382E-1;;
02/12/2021  12:47:17,693363;9,403091E-1;8,818752E-2;7,602853E-2;9,269247E-1;;
02/12/2021  12:47:17,693463;9,398889E-1;1,123996E-1;1,193112E-1;9,272213E-1;;
02/12/2021  12:47:17,693563;9,400916E-1;1,155854E-1;1,208909E-1;9,275278E-1;;
02/12/2021  12:47:17,693663;9,398800E-1;1,216384E-1;1,303688E-1;9,278436E-1;;
02/12/2021  12:47:17,693763;9,402734E-1;2,420617E-1;1,922915E-1;9,281681E-1;;
02/12/2021  12:47:17,693863;9,412688E-1;1,136739E-1;1,145722E-1;9,285007E-1;;
02/12/2021  12:47:17,693963;9,417546E-1;1,178155E-1;1,208909E-1;9,288410E-1;;
02/12/2021  12:47:17,694063;9,412718E-1;1,337445E-1;1,300529E-1;9,291885E-1;;
02/12/2021  12:47:17,694163;9,409201E-1;1,671954E-1;1,455336E-1;9,295425E-1;;
02/12/2021  12:47:17,694263;9,417367E-1;1,640096E-1;1,455336E-1;9,299025E-1;;
02/12/2021  12:47:17,694363;9,425622E-1;1,605052E-1;1,802861E-1;9,302679E-1;;
02/12/2021  12:47:17,694463;9,426248E-1;1,522221E-1;1,310007E-1;9,306381E-1;;
02/12/2021  12:47:17,694563;9,423506E-1;1,063466E-1;8,361090E-2;9,310125E-1;;
02/12/2021  12:47:17,694663;9,415758E-1;1,617795E-1;1,521681E-1;9,313907E-1;;
02/12/2021  12:47:17,694763;9,421927E-1;1,468062E-1;1,407946E-1;9,317718E-1;;
02/12/2021  12:47:17,694863;9,433729E-1;1,369303E-1;1,316326E-1;9,321552E-1;;
02/12/2021  12:47:17,694963;9,432269E-1;1,308772E-1;1,284732E-1;9,325402E-1;;
02/12/2021  12:47:17,695063;9,432537E-1;1,369303E-1;1,461654E-1;9,329264E-1;;
02/12/2021  12:47:17,695163;9,430838E-1;1,270543E-1;1,268936E-1;9,333131E-1;;
02/12/2021  12:47:17,695263;9,444458E-1;1,171783E-1;1,142563E-1;9,336998E-1;;
02/12/2021  12:47:17,695363;9,453637E-1;1,194084E-1;1,237343E-1;9,340861E-1;;
02/12/2021  12:47:17,695463;9,455098E-1;1,337445E-1;1,407946E-1;9,344717E-1;;
02/12/2021  12:47:17,695563;9,449703E-1;1,289658E-1;1,249980E-1;9,348564E-1;;
02/12/2021  12:47:17,695663;9,451968E-1;3,944478E-2;1,322644E-1;9,352399E-1;;
02/12/2021  12:47:17,695763;9,459210E-1;1,238685E-1;1,483770E-1;9,356218E-1;;
02/12/2021  12:47:17,695863;9,463979E-1;1,305587E-1;1,316326E-1;9,360019E-1;;
02/12/2021  12:47:17,695963;9,473546E-1;1,420275E-1;1,392149E-1;9,363800E-1;;
02/12/2021  12:47:17,696063;9,472205E-1;1,267357E-1;1,300529E-1;9,367560E-1;;
02/12/2021  12:47:17,696163;9,472264E-1;1,388417E-1;1,752312E-1;9,371299E-1;;
02/12/2021  12:47:17,696263;9,481294E-1;1,082581E-1;1,158360E-1;9,375014E-1;;
02/12/2021  12:47:17,696363;9,490086E-1;1,366117E-1;1,322644E-1;9,378707E-1;;
02/12/2021  12:47:17,696463;9,485914E-1;1,283286E-1;1,275255E-1;9,382377E-1;;
02/12/2021  12:47:17,696563;9,486272E-1;1,200455E-1;1,227865E-1;9,386025E-1;;
02/12/2021  12:47:17,696663;9,478821E-1;1,232313E-1;1,221546E-1;9,389649E-1;;
02/12/2021  12:47:17,696763;9,493514E-1;1,273729E-1;8,866581E-2;9,393248E-1;;
02/12/2021  12:47:17,696863;9,501560E-1;1,350188E-1;1,338441E-1;9,396822E-1;;
02/12/2021  12:47:17,696963;9,501203E-1;1,178155E-1;1,224705E-1;9,400369E-1;;
02/12/2021  12:47:17,697063;9,502961E-1;1,245056E-1;1,332122E-1;9,403891E-1;;
02/12/2021  12:47:17,697163;9,500219E-1;1,289658E-1;1,347919E-1;9,407387E-1;;
02/12/2021  12:47:17,697263;9,516849E-1;1,397975E-1;1,433221E-1;9,410858E-1;;
02/12/2021  12:47:17,697363;9,519591E-1;1,229127E-1;1,249980E-1;9,414303E-1;;
02/12/2021  12:47:17,697463;9,517863E-1;1,248242E-1;1,240502E-1;9,417726E-1;;
02/12/2021  12:47:17,697563;9,511723E-1;1,206827E-1;1,069899E-1;9,421126E-1;;
02/12/2021  12:47:17,697663;9,510978E-1;1,245056E-1;1,328963E-1;9,424503E-1;;
02/12/2021  12:47:17,697763;9,515568E-1;1,321516E-1;1,531159E-1;9,427856E-1;;
02/12/2021  12:47:17,697863;9,519114E-1;1,286472E-1;1,300529E-1;9,431183E-1;;
02/12/2021  12:47:17,697963;9,511872E-1;1,270543E-1;1,265777E-1;9,434483E-1;;
02/12/2021  12:47:17,698063;9,502395E-1;1,324701E-1;1,313166E-1;9,437754E-1;;
02/12/2021  12:47:17,698163;9,508981E-1;1,178155E-1;1,145722E-1;9,440991E-1;;
02/12/2021  12:47:17,698263;9,517118E-1;1,321516E-1;1,227865E-1;9,444191E-1;;
02/12/2021  12:47:17,698363;9,507193E-1;1,194084E-1;1,092014E-1;9,447349E-1;;
02/12/2021  12:47:17,698463;9,504600E-1;1,168597E-1;2,181979E-1;9,450464E-1;;
02/12/2021  12:47:17,698563;9,491845E-1;1,283286E-1;1,291051E-1;9,453529E-1;;
02/12/2021  12:47:17,698663;9,493454E-1;1,203641E-1;1,019350E-1;9,456540E-1;;
02/12/2021  12:47:17,698763;9,497358E-1;1,350188E-1;1,120448E-1;9,459488E-1;;
02/12/2021  12:47:17,698863;9,493573E-1;1,213198E-1;1,196272E-1;9,462369E-1;;
02/12/2021  12:47:17,698963;9,496971E-1;1,426647E-1;1,534319E-1;9,465177E-1;;
02/12/2021  12:47:17,699063;9,486689E-1;1,324701E-1;1,281573E-1;9,467907E-1;;
02/12/2021  12:47:17,699163;9,500875E-1;1,181340E-1;1,246821E-1;9,470554E-1;;
02/12/2021  12:47:17,699263;9,497507E-1;1,092138E-1;1,328963E-1;9,473115E-1;;
02/12/2021  12:47:17,699363;9,500637E-1;1,324701E-1;1,351078E-1;9,475586E-1;;
02/12/2021  12:47:17,699463;9,490057E-1;1,353374E-1;1,183634E-1;9,477965E-1;;
02/12/2021  12:47:17,699563;9,488328E-1;2,128572E-2;1,496407E-1;9,480249E-1;;
02/12/2021  12:47:17,699663;9,499176E-1;1,289658E-1;1,332122E-1;9,482437E-1;;
02/12/2021  12:47:17,699763;9,502216E-1;1,327887E-1;1,388990E-1;9,484526E-1;;
02/12/2021  12:47:17,699863;9,499266E-1;1,391603E-1;1,433221E-1;9,486515E-1;;
02/12/2021  12:47:17,699963;9,494140E-1;1,229127E-1;1,193112E-1;9,488406E-1;;
02/12/2021  12:47:17,700063;9,494348E-1;1,168597E-1;1,189953E-1;9,490198E-1;;
02/12/2021  12:47:17,700163;9,502127E-1;1,257800E-1;1,499566E-1;9,491890E-1;;
02/12/2021  12:47:17,700263;9,497090E-1;1,397975E-1;1,376353E-1;9,493485E-1;;
02/12/2021  12:47:17,700363;9,497925E-1;1,334259E-1;1,401627E-1;9,494982E-1;;
02/12/2021  12:47:17,700463;9,486927E-1;1,299215E-1;1,319485E-1;9,496383E-1;;
02/12/2021  12:47:17,700563;9,478821E-1;1,159040E-1;1,164678E-1;9,497688E-1;;
02/12/2021  12:47:17,700663;9,483083E-1;1,340630E-1;1,205749E-1;9,498895E-1;;
02/12/2021  12:47:17,700763;9,481473E-1;1,378860E-1;1,347919E-1;9,500004E-1;;
02/12/2021  12:47:17,700863;9,475364E-1;1,305587E-1;1,357397E-1;9,501013E-1;;
02/12/2021  12:47:17,700963;9,467764E-1;1,073023E-1;1,126766E-1;9,501921E-1;;
02/12/2021  12:47:17,701063;9,466393E-1;1,264171E-1;1,246821E-1;9,502727E-1;;
02/12/2021  12:47:17,701163;9,473367E-1;1,534964E-1;1,692285E-1;9,503429E-1;;
02/12/2021  12:47:17,701263;9,471459E-1;1,327887E-1;1,316326E-1;9,504026E-1;;
02/12/2021  12:47:17,701363;9,464486E-1;1,073023E-1;1,142563E-1;9,504519E-1;;
02/12/2021  12:47:17,701463;9,453846E-1;1,241871E-1;1,518522E-1;9,504907E-1;;
02/12/2021  12:47:17,701563;9,458257E-1;1,350188E-1;1,398468E-1;9,505190E-1;;
02/12/2021  12:47:17,701663;9,467645E-1;1,165411E-1;1,126766E-1;9,505367E-1;;
02/12/2021  12:47:17,701763;9,465916E-1;1,378860E-1;1,265777E-1;9,505439E-1;;
02/12/2021  12:47:17,701863;9,457571E-1;1,407532E-1;1,297370E-1;9,505409E-1;;
02/12/2021  12:47:17,701963;9,450210E-1;1,525407E-1;1,524841E-1;9,505279E-1;;
02/12/2021  12:47:17,702063;9,454114E-1;1,426647E-1;1,398468E-1;9,505049E-1;;
02/12/2021  12:47:17,702163;9,461088E-1;4,581638E-2;4,822652E-2;9,504721E-1;;
02/12/2021  12:47:17,702263;9,456469E-1;1,213198E-1;1,237343E-1;9,504299E-1;;
02/12/2021  12:47:17,702363;9,451968E-1;1,292843E-1;1,310007E-1;9,503785E-1;;
02/12/2021  12:47:17,702463;9,438766E-1;1,324701E-1;1,167838E-1;9,503182E-1;;
02/12/2021  12:47:17,702563;9,438199E-1;4,167484E-2;7,981972E-2;9,502491E-1;;
02/12/2021  12:47:17,702663;9,440971E-1;1,337445E-1;1,347919E-1;9,501714E-1;;
02/12/2021  12:47:17,702763;9,439987E-1;1,181340E-1;1,237343E-1;9,500852E-1;;
02/12/2021  12:47:17,702863;9,431345E-1;1,318330E-1;1,404787E-1;9,499907E-1;;
02/12/2021  12:47:17,702963;9,428841E-1;1,028422E-1;1,202590E-1;9,498880E-1;;
02/12/2021  12:47:17,703063;9,430421E-1;7,905358E-3;8,992954E-2;9,497774E-1;;
02/12/2021  12:47:17,703163;9,437395E-1;1,178155E-1;1,193112E-1;9,496589E-1;;
02/12/2021  12:47:17,703263;9,431404E-1;1,273729E-1;1,291051E-1;9,495329E-1;;
02/12/2021  12:47:17,703363;9,423864E-1;1,780271E-1;2,207254E-1;9,493997E-1;;
02/12/2021  12:47:17,703463;9,421569E-1;1,385232E-1;1,272095E-1;9,492597E-1;;
02/12/2021  12:47:17,703563;9,424281E-1;1,216384E-1;1,199431E-1;9,491130E-1;;
02/12/2021  12:47:17,703663;9,425533E-1;1,213198E-1;1,442698E-1;9,489599E-1;;
02/12/2021  12:47:17,703763;9,418172E-1;1,407532E-1;1,420583E-1;9,488008E-1;;
02/12/2021  12:47:17,703863;9,407085E-1;1,362931E-1;1,480610E-1;9,486360E-1;;
02/12/2021  12:47:17,703963;9,403479E-1;1,028422E-1;1,076217E-1;9,484656E-1;;
02/12/2021  12:47:17,704063;9,413224E-1;7,225852E-2;8,898175E-2;9,482897E-1;;
02/12/2021  12:47:17,704163;9,403240E-1;1,372488E-1;1,439539E-1;9,481086E-1;;
02/12/2021  12:47:17,704263;9,398681E-1;1,337445E-1;1,370034E-1;9,479223E-1;;
02/12/2021  12:47:17,704363;9,389680E-1;1,302401E-1;1,177316E-1;9,477312E-1;;
02/12/2021  12:47:17,704463;9,381663E-1;1,232313E-1;1,281573E-1;9,475351E-1;;
02/12/2021  12:47:17,704563;9,387147E-1;1,286472E-1;1,635417E-1;9,473341E-1;;
02/12/2021  12:47:17,704663;9,382587E-1;1,311958E-1;1,291051E-1;9,471281E-1;;
02/12/2021  12:47:17,704763;9,374182E-1;1,331073E-1;1,316326E-1;9,469172E-1;;
02/12/2021  12:47:17,704863;9,362768E-1;1,388417E-1;1,259458E-1;9,467013E-1;;
02/12/2021  12:47:17,704963;9,359072E-1;1,264171E-1;1,231024E-1;9,464804E-1;;
02/12/2021  12:47:17,705063;9,358625E-1;1,378860E-1;1,404787E-1;9,462543E-1;;
02/12/2021  12:47:17,705163;9,355824E-1;1,343816E-1;1,360556E-1;9,460228E-1;;
02/12/2021  12:47:17,705263;9,348284E-1;1,133553E-1;1,284732E-1;9,457857E-1;;
02/12/2021  12:47:17,705363;9,340594E-1;1,022050E-1;1,152041E-1;9,455431E-1;;
02/12/2021  12:47:17,705463;9,336005E-1;1,063466E-1;1,050943E-1;9,452948E-1;;
02/12/2021  12:47:17,705563;9,338389E-1;1,464877E-1;1,951349E-1;9,450406E-1;;
02/12/2021  12:47:17,705663;9,339134E-1;1,143111E-1;1,237343E-1;9,447804E-1;;
02/12/2021  12:47:17,705763;9,331862E-1;1,104881E-1;1,227865E-1;9,445143E-1;;
02/12/2021  12:47:17,705863;9,321670E-1;1,210013E-1;1,385831E-1;9,442424E-1;;
02/12/2021  12:47:17,705963;9,321968E-1;1,299215E-1;1,366875E-1;9,439645E-1;;
02/12/2021  12:47:17,706063;9,333412E-1;1,085766E-1;1,262617E-1;9,436809E-1;;
02/12/2021  12:47:17,706163;9,326349E-1;8,786894E-2;1,155200E-1;9,433916E-1;;
02/12/2021  12:47:17,706263;9,322593E-1;9,933782E-2;9,814378E-2;9,430969E-1;;
02/12/2021  12:47:17,706363;9,316841E-1;5,887816E-2;7,065769E-2;9,427973E-1;;
02/12/2021  12:47:17,706463;9,312401E-1;1,104881E-1;1,114129E-1;9,424929E-1;;
02/12/2021  12:47:17,706563;9,316633E-1;1,283286E-1;1,467973E-1;9,421839E-1;;
02/12/2021  12:47:17,706663;9,320656E-1;1,053908E-1;1,183634E-1;9,418708E-1;;
02/12/2021  12:47:17,706763;9,314666E-1;9,424054E-2;1,050943E-1;9,415538E-1;;
02/12/2021  12:47:17,706863;9,307454E-1;9,519628E-2;1,098333E-1;9,412335E-1;;
02/12/2021  12:47:17,706963;9,308675E-1;4,963934E-2;6,023194E-2;9,409103E-1;;
02/12/2021  12:47:17,707063;9,316245E-1;1,057094E-1;1,104651E-1;9,405845E-1;;
02/12/2021  12:47:17,707163;9,311477E-1;8,595746E-2;9,561632E-2;9,402566E-1;;
02/12/2021  12:47:17,707263;9,310493E-1;1,136739E-1;1,272095E-1;9,399272E-1;;
02/12/2021  12:47:17,707363;9,306500E-1;1,321516E-1;1,376353E-1;9,395968E-1;;
02/12/2021  12:47:17,707463;9,317944E-1;1,238685E-1;1,284732E-1;9,392660E-1;;
02/12/2021  12:47:17,707563;9,316573E-1;1,092138E-1;9,530039E-2;9,389353E-1;;
02/12/2021  12:47:17,707663;9,314457E-1;1,404346E-1;1,272095E-1;9,386054E-1;;
02/12/2021  12:47:17,707763;9,309331E-1;1,847173E-1;1,616461E-1;9,382770E-1;;
02/12/2021  12:47:17,707863;9,304384E-1;1,582751E-1;1,404787E-1;9,379506E-1;;
02/12/2021  12:47:17,707963;9,319375E-1;1,726112E-1;1,471132E-1;9,376267E-1;;
02/12/2021  12:47:17,708063;9,319703E-1;1,837615E-1;1,821817E-1;9,373060E-1;;
02/12/2021  12:47:17,708163;9,313265E-1;1,646467E-1;1,398468E-1;9,369891E-1;;
02/12/2021  12:47:17,708263;9,301880E-1;1,630538E-1;1,676488E-1;9,366765E-1;;
02/12/2021  12:47:17,708363;9,297380E-1;9,392196E-2;1,433221E-1;9,363687E-1;;
02/12/2021  12:47:17,708463;9,294579E-1;1,394789E-1;1,395309E-1;9,360659E-1;;
02/12/2021  12:47:17,708563;9,295205E-1;1,369303E-1;1,401627E-1;9,357682E-1;;
02/12/2021  12:47:17,708663;9,286293E-1;1,305587E-1;1,297370E-1;9,354757E-1;;
02/12/2021  12:47:17,708763;9,276756E-1;1,219570E-1;1,170997E-1;9,351884E-1;;
02/12/2021  12:47:17,708863;9,266921E-1;1,216384E-1;1,231024E-1;9,349062E-1;;
02/12/2021  12:47:17,708963;9,265998E-1;1,534964E-1;1,676488E-1;9,346286E-1;;
02/12/2021  12:47:17,709063;9,259202E-1;1,267357E-1;1,319485E-1;9,343554E-1;;
02/12/2021  12:47:17,709163;9,249129E-1;1,143111E-1;1,281573E-1;9,340862E-1;;
02/12/2021  12:47:17,709263;9,239473E-1;1,053908E-1;1,060421E-1;9,338203E-1;;
02/12/2021  12:47:17,709363;9,231873E-1;1,503106E-1;1,540637E-1;9,335572E-1;;
02/12/2021  12:47:17,709463;9,233751E-1;8,723178E-2;8,740209E-2;9,332961E-1;;
02/12/2021  12:47:17,709563;9,227969E-1;1,210013E-1;1,227865E-1;9,330364E-1;;
02/12/2021  12:47:17,709663;9,219922E-1;1,340630E-1;1,445858E-1;9,327774E-1;;
02/12/2021  12:47:17,709763;9,210773E-1;1,267357E-1;1,338441E-1;9,325187E-1;;
02/12/2021  12:47:17,709863;9,210445E-1;1,413904E-1;1,395309E-1;9,322593E-1;;
02/12/2021  12:47:17,709963;9,218253E-1;1,659210E-1;1,989261E-1;9,319989E-1;;
02/12/2021  12:47:17,710063;9,211637E-1;1,210013E-1;1,076217E-1;9,317368E-1;;
02/12/2021  12:47:17,710163;9,210206E-1;1,229127E-1;1,054102E-1;9,314729E-1;;
02/12/2021  12:47:17,710263;9,193368E-1;1,184526E-1;1,461654E-1;9,312068E-1;;
02/12/2021  12:47:17,710363;9,192533E-1;1,331073E-1;1,237343E-1;9,309381E-1;;
02/12/2021  12:47:17,710463;9,195335E-1;9,073616E-2;9,308886E-2;9,306665E-1;;
02/12/2021  12:47:17,710563;9,198047E-1;1,194084E-1;1,215227E-1;9,303916E-1;;
02/12/2021  12:47:17,710663;9,191907E-1;1,098510E-1;1,069899E-1;9,301134E-1;;
02/12/2021  12:47:17,710763;9,184665E-1;1,216384E-1;1,385831E-1;9,298317E-1;;
02/12/2021  12:47:17,710863;9,192474E-1;1,280100E-1;1,253139E-1;9,295465E-1;;
02/12/2021  12:47:17,710963;9,200252E-1;-7,386482E-3;4,980618E-2;9,292578E-1;;
02/12/2021  12:47:17,711063;9,199418E-1;1,149482E-1;1,145722E-1;9,289659E-1;;
02/12/2021  12:47:17,711163;9,193189E-1;1,302401E-1;1,281573E-1;9,286712E-1;;
02/12/2021  12:47:17,711263;9,191699E-1;1,347002E-1;1,246821E-1;9,283740E-1;;
02/12/2021  12:47:17,711363;9,195037E-1;1,165411E-1;1,363715E-1;9,280748E-1;;
02/12/2021  12:47:17,711463;9,211279E-1;8,563888E-2;6,655058E-2;9,277738E-1;;
02/12/2021  12:47:17,711563;9,205855E-1;1,302401E-1;1,316326E-1;9,274719E-1;;
02/12/2021  12:47:17,711663;9,209104E-1;1,251428E-1;1,237343E-1;9,271697E-1;;
02/12/2021  12:47:17,711763;9,209968E-1;1,178155E-1;1,202590E-1;9,268679E-1;;
02/12/2021  12:47:17,711863;9,220667E-1;1,910889E-1;1,881844E-1;9,265674E-1;;
02/12/2021  12:47:17,711963;9,235450E-1;1,347002E-1;1,281573E-1;9,262692E-1;;
02/12/2021  12:47:17,712063;9,229310E-1;1,413904E-1;1,395309E-1;9,259741E-1;;
02/12/2021  12:47:17,712163;9,225018E-1;3,689614E-2;7,413294E-2;9,256834E-1;;
02/12/2021  12:47:17,712263;9,220339E-1;1,391603E-1;1,370034E-1;9,253979E-1;;
02/12/2021  12:47:17,712363;9,228237E-1;1,257800E-1;1,218387E-1;9,251185E-1;;
02/12/2021  12:47:17,712463;9,236820E-1;1,496735E-1;1,556434E-1;9,248458E-1;;
02/12/2021  12:47:17,712563;9,238787E-1;1,378860E-1;1,262617E-1;9,245807E-1;;
02/12/2021  12:47:17,712663;9,235002E-1;1,433019E-1;1,426902E-1;9,243239E-1;;
02/12/2021  12:47:17,712763;9,239473E-1;1,187712E-1;1,177316E-1;9,240763E-1;;
02/12/2021  12:47:17,712863;9,248235E-1;5,378088E-2;1,038306E-1;9,238385E-1;;
02/12/2021  12:47:17,712963;9,255179E-1;1,359745E-1;1,332122E-1;9,236113E-1;;
02/12/2021  12:47:17,713063;9,252765E-1;1,178155E-1;1,133085E-1;9,233953E-1;;
02/12/2021  12:47:17,713163;9,251126E-1;1,178155E-1;1,126766E-1;9,231913E-1;;
02/12/2021  12:47:17,713263;9,260126E-1;1,101695E-1;7,981972E-2;9,229998E-1;;
02/12/2021  12:47:17,713363;9,266892E-1;1,557265E-1;1,869207E-1;9,228214E-1;;
02/12/2021  12:47:17,713463;9,275564E-1;1,280100E-1;1,281573E-1;9,226566E-1;;
02/12/2021  12:47:17,713563;9,279469E-1;1,308772E-1;1,310007E-1;9,225061E-1;;
02/12/2021  12:47:17,713663;9,282538E-1;1,213198E-1;1,259458E-1;9,223706E-1;;
02/12/2021  12:47:17,713763;9,286651E-1;1,299215E-1;1,341600E-1;9,222505E-1;;
02/12/2021  12:47:17,713863;9,301106E-1;1,359745E-1;1,332122E-1;9,221463E-1;;
02/12/2021  12:47:17,713963;9,306738E-1;1,238685E-1;1,189953E-1;9,220588E-1;;
02/12/2021  12:47:17,714063;9,312133E-1;1,117624E-1;1,167838E-1;9,219884E-1;;
02/12/2021  12:47:17,714163;9,315292E-1;1,327887E-1;1,316326E-1;9,219358E-1;;
02/12/2021  12:47:17,714263;9,319136E-1;1,499920E-1;1,275255E-1;9,219013E-1;;
02/12/2021  12:47:17,714363;9,327660E-1;5,091366E-2;6,497092E-2;9,218855E-1;;
02/12/2021  12:47:17,714463;9,337912E-1;1,264171E-1;1,253139E-1;9,218887E-1;;
02/12/2021  12:47:17,714563;9,342889E-1;1,174969E-1;1,234183E-1;9,219113E-1;;
02/12/2021  12:47:17,714663;9,344022E-1;1,063466E-1;1,480610E-1;9,219535E-1;;
02/12/2021  12:47:17,714763;9,357940E-1;1,327887E-1;1,328963E-1;9,220158E-1;;
02/12/2021  12:47:17,714863;9,369176E-1;8,659462E-2;9,340479E-2;9,220984E-1;;
02/12/2021  12:47:17,714963;9,371113E-1;1,171783E-1;1,180475E-1;9,222015E-1;;
02/12/2021  12:47:17,715063;9,378832E-1;1,366117E-1;1,357397E-1;9,223254E-1;;
02/12/2021  12:47:17,715163;9,379487E-1;1,108067E-1;1,025668E-1;9,224703E-1;;
02/12/2021  12:47:17,715263;9,392541E-1;1,006121E-1;1,193112E-1;9,226362E-1;;
02/12/2021  12:47:17,715363;9,402853E-1;1,152668E-1;1,638576E-1;9,228233E-1;;
02/12/2021  12:47:17,715463;9,410065E-1;1,257800E-1;1,265777E-1;9,230316E-1;;
02/12/2021  12:47:17,715563;9,414804E-1;1,391603E-1;1,335282E-1;9,232612E-1;;
02/12/2021  12:47:17,715663;9,421480E-1;1,241871E-1;1,259458E-1;9,235120E-1;;
02/12/2021  12:47:17,715763;9,433014E-1;1,382046E-1;1,303688E-1;9,237840E-1;;
02/12/2021  12:47:17,715863;9,448750E-1;1,276914E-1;1,107811E-1;9,240772E-1;;
02/12/2021  12:47:17,715963;9,457184E-1;1,174969E-1;9,909157E-2;9,243915E-1;;
02/12/2021  12:47:17,716063;9,457750E-1;1,296029E-1;1,341600E-1;9,247271E-1;;
02/12/2021  12:47:17,716163;9,453488E-1;1,318330E-1;1,366875E-1;9,250837E-1;;
02/12/2021  12:47:17,716263;9,467853E-1;1,200455E-1;1,003553E-1;9,254613E-1;;
02/12/2021  12:47:17,716363;9,479000E-1;5,919674E-2;9,688005E-2;9,258592E-1;;
02/12/2021  12:47:17,716463;9,477003E-1;9,933782E-2;1,035146E-1;9,262773E-1;;
02/12/2021  12:47:17,716563;9,480013E-1;1,238685E-1;1,256299E-1;9,267151E-1;;
02/12/2021  12:47:17,716663;9,482755E-1;1,267357E-1;1,218387E-1;9,271719E-1;;
02/12/2021  12:47:17,716763;9,492947E-1;1,356559E-1;1,341600E-1;9,276472E-1;;
02/12/2021  12:47:17,716863;9,504392E-1;1,168597E-1;1,467973E-1;9,281402E-1;;
02/12/2021  12:47:17,716963;9,505137E-1;1,321516E-1;1,275255E-1;9,286502E-1;;
02/12/2021  12:47:17,717063;9,504064E-1;1,127182E-1;8,613836E-2;9,291766E-1;;
02/12/2021  12:47:17,717163;9,507044E-1;5,569236E-2;1,019350E-1;9,297186E-1;;
02/12/2021  12:47:17,717263;9,512677E-1;1,299215E-1;1,278414E-1;9,302753E-1;;
02/12/2021  12:47:17,717363;9,523406E-1;1,337445E-1;1,303688E-1;9,308456E-1;;
02/12/2021  12:47:17,717463;9,524151E-1;1,238685E-1;1,281573E-1;9,314288E-1;;
02/12/2021  12:47:17,717563;9,526208E-1;1,018865E-1;1,063580E-1;9,320238E-1;;
02/12/2021  12:47:17,717663;9,527638E-1;1,260985E-1;1,246821E-1;9,326297E-1;;
02/12/2021  12:47:17,717763;9,547934E-1;1,433019E-1;1,701763E-1;9,332456E-1;;
02/12/2021  12:47:17,717863;9,552315E-1;1,340630E-1;1,313166E-1;9,338705E-1;;
02/12/2021  12:47:17,717963;9,551659E-1;1,280100E-1;1,420583E-1;9,345038E-1;;
02/12/2021  12:47:17,718063;9,550467E-1;1,429833E-1;1,379512E-1;9,351445E-1;;
02/12/2021  12:47:17,718163;9,552464E-1;3,944478E-2;6,686651E-2;9,357918E-1;;
02/12/2021  12:47:17,718263;9,566650E-1;1,123996E-1;9,340479E-2;9,364448E-1;;
02/12/2021  12:47:17,718363;9,564892E-1;1,305587E-1;1,278414E-1;9,371025E-1;;
02/12/2021  12:47:17,718463;9,571121E-1;1,264171E-1;1,445858E-1;9,377641E-1;;
02/12/2021  12:47:17,718563;9,561017E-1;1,417090E-1;1,401627E-1;9,384287E-1;;
02/12/2021  12:47:17,718663;9,562031E-1;1,210013E-1;1,174156E-1;9,390954E-1;;
02/12/2021  12:47:17,718763;9,577767E-1;1,305587E-1;1,660692E-1;9,397631E-1;;
02/12/2021  12:47:17,718863;9,584413E-1;1,108067E-1;1,164678E-1;9,404308E-1;;
02/12/2021  12:47:17,718963;9,579793E-1;1,181340E-1;1,123607E-1;9,410977E-1;;
02/12/2021  12:47:17,719063;9,574846E-1;6,875414E-2;1,031987E-1;9,417629E-1;;
02/12/2021  12:47:17,719163;9,589599E-1;9,838208E-2;1,050943E-1;9,424257E-1;;
02/12/2021  12:47:17,719263;9,589599E-1;9,742634E-2;1,199431E-1;9,430851E-1;;
02/12/2021  12:47:17,719363;9,595380E-1;9,424054E-2;1,041465E-1;9,437405E-1;;
02/12/2021  12:47:17,719463;9,588079E-1;1,181340E-1;1,170997E-1;9,443910E-1;;
02/12/2021  12:47:17,719563;9,593711E-1;5,473662E-2;8,297904E-2;9,450360E-1;;
02/12/2021  12:47:17,719663;9,608643E-1;1,006121E-1;1,129926E-1;9,456747E-1;;
02/12/2021  12:47:17,719763;9,620832E-1;1,300264E-2;4,348754E-2;9,463066E-1;;
02/12/2021  12:47:17,719863;9,620236E-1;1,133553E-1;1,281573E-1;9,469315E-1;;
02/12/2021  12:47:17,719963;9,616570E-1;1,111253E-1;1,218387E-1;9,475489E-1;;
02/12/2021  12:47:17,720063;9,611355E-1;8,786894E-2;9,182514E-2;9,481587E-1;;
02/12/2021  12:47:17,720163;9,616689E-1;6,684266E-2;9,119327E-2;9,487604E-1;;
02/12/2021  12:47:17,720263;9,623246E-1;1,245056E-1;1,338441E-1;9,493535E-1;;
02/12/2021  12:47:17,720363;9,621011E-1;1,114439E-1;1,221546E-1;9,499377E-1;;
02/12/2021  12:47:17,720463;9,616958E-1;1,050723E-1;1,227865E-1;9,505125E-1;;
02/12/2021  12:47:17,720563;9,610252E-1;1,041165E-1;1,148882E-1;9,510775E-1;;
02/12/2021  12:47:17,720663;9,613709E-1;-6,112162E-3;8,771802E-2;9,516322E-1;;
02/12/2021  12:47:17,720763;9,621696E-1;1,130368E-1;1,240502E-1;9,521760E-1;;
02/12/2021  12:47:17,720863;9,616362E-1;1,123996E-1;1,196272E-1;9,527084E-1;;
02/12/2021  12:47:17,720963;9,612785E-1;1,254614E-1;1,407946E-1;9,532290E-1;;
02/12/2021  12:47:17,721063;9,605186E-1;1,216384E-1;1,079377E-1;9,537373E-1;;
02/12/2021  12:47:17,721163;9,601311E-1;1,187712E-1;1,505885E-1;9,542327E-1;;
02/12/2021  12:47:17,721263;9,609805E-1;1,560451E-1;1,727037E-1;9,547146E-1;;
02/12/2021  12:47:17,721363;9,601192E-1;1,560451E-1;1,430061E-1;9,551824E-1;;
02/12/2021  12:47:17,721463;9,591774E-1;1,439390E-1;1,303688E-1;9,556356E-1;;
02/12/2021  12:47:17,721563;9,593443E-1;1,735670E-1;1,638576E-1;9,560735E-1;;
02/12/2021  12:47:17,721663;9,602682E-1;1,783457E-1;1,531159E-1;9,564955E-1;;
02/12/2021  12:47:17,721763;9,603695E-1;1,525407E-1;1,452176E-1;9,569013E-1;;
02/12/2021  12:47:17,721863;9,594486E-1;1,477620E-1;1,480610E-1;9,572904E-1;;
02/12/2021  12:47:17,721963;9,583191E-1;1,506292E-1;1,417424E-1;9,576627E-1;;
02/12/2021  12:47:17,722063;9,576664E-1;1,617795E-1;1,575390E-1;9,580176E-1;;
02/12/2021  12:47:17,722163;9,579704E-1;1,276914E-1;1,284732E-1;9,583547E-1;;
02/12/2021  12:47:17,722263;9,578363E-1;1,143111E-1;1,212068E-1;9,586735E-1;;
02/12/2021  12:47:17,722363;9,560719E-1;1,302401E-1;1,351078E-1;9,589735E-1;;
02/12/2021  12:47:17,722463;9,549663E-1;1,382046E-1;1,360556E-1;9,592544E-1;;
02/12/2021  12:47:17,722563;9,536281E-1;9,806350E-2;1,050943E-1;9,595155E-1;;
02/12/2021  12:47:17,722663;9,539559E-1;9,965640E-2;1,170997E-1;9,597559E-1;;
02/12/2021  12:47:17,722763;9,534761E-1;1,385232E-1;1,319485E-1;9,599751E-1;;
02/12/2021  12:47:17,722863;9,522423E-1;1,283286E-1;1,404787E-1;9,601725E-1;;
02/12/2021  12:47:17,722963;9,509279E-1;1,254614E-1;1,281573E-1;9,603474E-1;;
02/12/2021  12:47:17,723063;9,505375E-1;1,111253E-1;9,909157E-2;9,604992E-1;;
02/12/2021  12:47:17,723163;9,505196E-1;1,079395E-1;1,088855E-1;9,606273E-1;;
02/12/2021  12:47:17,723263;9,494259E-1;1,149482E-1;1,243661E-1;9,607311E-1;;
02/12/2021  12:47:17,723363;9,486152E-1;1,270543E-1;1,328963E-1;9,608103E-1;;
02/12/2021  12:47:17,723463;9,479327E-1;1,257800E-1;1,218387E-1;9,608645E-1;;
02/12/2021  12:47:17,723563;9,474380E-1;1,203641E-1;1,227865E-1;9,608932E-1;;
02/12/2021  12:47:17,723663;9,479834E-1;5,027650E-2;9,214107E-2;9,608963E-1;;
02/12/2021  12:47:17,723763;9,477062E-1;1,375674E-1;1,433221E-1;9,608736E-1;;
02/12/2021  12:47:17,723863;9,472473E-1;1,210013E-1;1,129926E-1;9,608254E-1;;
02/12/2021  12:47:17,723963;9,455872E-1;1,213198E-1;1,303688E-1;9,607517E-1;;
02/12/2021  12:47:17,724063;9,466870E-1;1,168597E-1;1,199431E-1;9,606530E-1;;
02/12/2021  12:47:17,724163;9,472741E-1;1,433019E-1;1,370034E-1;9,605295E-1;;
02/12/2021  12:47:17,724263;9,472264E-1;1,394789E-1;1,452176E-1;9,603818E-1;;
02/12/2021  12:47:17,724363;9,467347E-1;1,257800E-1;1,243661E-1;9,602109E-1;;
02/12/2021  12:47:17,724463;9,466423E-1;1,235499E-1;1,303688E-1;9,600176E-1;;
02/12/2021  12:47:17,724563;9,469910E-1;1,181340E-1;1,265777E-1;9,598028E-1;;
02/12/2021  12:47:17,724663;9,475483E-1;1,413904E-1;1,256299E-1;9,595678E-1;;
02/12/2021  12:47:17,724763;9,473397E-1;1,047537E-1;1,082536E-1;9,593136E-1;;
02/12/2021  12:47:17,724863;9,469343E-1;1,359745E-1;1,328963E-1;9,590417E-1;;
02/12/2021  12:47:17,724963;9,466900E-1;1,232313E-1;1,208909E-1;9,587533E-1;;
02/12/2021  12:47:17,725063;9,469492E-1;1,194084E-1;1,205749E-1;9,584498E-1;;
02/12/2021  12:47:17,725163;9,478761E-1;1,280100E-1;1,253139E-1;9,581324E-1;;
02/12/2021  12:47:17,725263;9,473814E-1;1,206827E-1;1,243661E-1;9,578025E-1;;
02/12/2021  12:47:17,725363;9,468509E-1;1,280100E-1;1,265777E-1;9,574617E-1;;
02/12/2021  12:47:17,725463;9,455425E-1;1,022050E-1;1,031987E-1;9,571114E-1;;
02/12/2021  12:47:17,725563;9,464515E-1;9,455912E-2;1,009872E-1;9,567526E-1;;
02/12/2021  12:47:17,725663;9,465439E-1;1,308772E-1;1,603824E-1;9,563865E-1;;
02/12/2021  12:47:17,725763;9,460432E-1;1,111253E-1;1,044624E-1;9,560143E-1;;
02/12/2021  12:47:17,725863;9,451015E-1;1,347002E-1;1,606983E-1;9,556372E-1;;
02/12/2021  12:47:17,725963;9,437395E-1;1,028422E-1;2,017695E-1;9,552561E-1;;
02/12/2021  12:47:17,726063;9,443892E-1;1,327887E-1;1,802861E-1;9,548718E-1;;
02/12/2021  12:47:17,726163;9,433431E-1;1,225942E-1;1,335282E-1;9,544850E-1;;
02/12/2021  12:47:17,726263;9,434921E-1;1,292843E-1;1,262617E-1;9,540963E-1;;
02/12/2021  12:47:17,726363;9,420943E-1;1,382046E-1;1,436380E-1;9,537062E-1;;
02/12/2021  12:47:17,726463;9,408247E-1;1,433019E-1;1,467973E-1;9,533153E-1;;
02/12/2021  12:47:17,726563;9,416592E-1;1,423461E-1;1,556434E-1;9,529236E-1;;
02/12/2021  12:47:17,726663;9,414655E-1;1,251428E-1;1,322644E-1;9,525316E-1;;
02/12/2021  12:47:17,726763;9,408575E-1;1,257800E-1;1,278414E-1;9,521395E-1;;
02/12/2021  12:47:17,726863;9,395760E-1;1,299215E-1;1,221546E-1;9,517475E-1;;
02/12/2021  12:47:17,726963;9,391736E-1;1,375674E-1;1,136244E-1;9,513559E-1;;
02/12/2021  12:47:17,727063;9,395939E-1;1,311958E-1;1,344760E-1;9,509648E-1;;
02/12/2021  12:47:17,727163;9,394150E-1;1,280100E-1;1,300529E-1;9,505741E-1;;
02/12/2021  12:47:17,727263;9,388488E-1;1,455319E-1;1,733356E-1;9,501842E-1;;
02/12/2021  12:47:17,727363;9,383153E-1;1,254614E-1;1,246821E-1;9,497952E-1;;
02/12/2021  12:47:17,727463;9,386044E-1;1,232313E-1;1,234183E-1;9,494072E-1;;
02/12/2021  12:47:17,727563;9,387802E-1;1,025236E-1;1,205749E-1;9,490204E-1;;
02/12/2021  12:47:17,727663;9,388518E-1;1,260985E-1;1,145722E-1;9,486351E-1;;
02/12/2021  12:47:17,727763;9,387445E-1;1,433019E-1;1,420583E-1;9,482516E-1;;
02/12/2021  12:47:17,727863;9,372275E-1;1,493549E-1;1,692285E-1;9,478703E-1;;
02/12/2021  12:47:17,727963;9,372812E-1;1,404346E-1;1,420583E-1;9,474914E-1;;
02/12/2021  12:47:17,728063;9,375911E-1;8,054160E-2;8,266311E-2;9,471150E-1;;
02/12/2021  12:47:17,728163;9,375315E-1;1,280100E-1;1,303688E-1;9,467413E-1;;
02/12/2021  12:47:17,728263;9,369414E-1;1,200455E-1;1,240502E-1;9,463706E-1;;
02/12/2021  12:47:17,728363;9,359847E-1;1,888588E-1;1,692285E-1;9,460031E-1;;
02/12/2021  12:47:17,728463;9,352098E-1;1,388417E-1;1,388990E-1;9,456388E-1;;
02/12/2021  12:47:17,728563;9,356539E-1;1,257800E-1;9,909157E-2;9,452777E-1;;
02/12/2021  12:47:17,728663;9,353976E-1;1,350188E-1;1,303688E-1;9,449199E-1;;
02/12/2021  12:47:17,728763;9,339700E-1;1,299215E-1;1,189953E-1;9,445652E-1;;
02/12/2021  12:47:17,728863;9,327779E-1;1,270543E-1;1,208909E-1;9,442136E-1;;
02/12/2021  12:47:17,728963;9,325663E-1;1,206827E-1;1,022509E-1;9,438648E-1;;
02/12/2021  12:47:17,729063;9,329329E-1;1,114439E-1;1,073058E-1;9,435185E-1;;
02/12/2021  12:47:17,729163;9,323815E-1;1,060280E-1;1,158360E-1;9,431742E-1;;
02/12/2021  12:47:17,729263;9,310613E-1;1,028422E-1;1,009872E-1;9,428320E-1;;
02/12/2021  12:47:17,729363;9,306977E-1;1,267357E-1;1,253139E-1;9,424913E-1;;
02/12/2021  12:47:17,729463;9,310166E-1;1,375674E-1;1,275255E-1;9,421518E-1;;
02/12/2021  12:47:17,729563;9,316126E-1;1,143111E-1;1,000394E-1;9,418134E-1;;
02/12/2021  12:47:17,729663;9,319971E-1;6,142680E-2;4,601499E-2;9,414758E-1;;
02/12/2021  12:47:17,729763;9,302357E-1;1,168597E-1;1,215227E-1;9,411391E-1;;
02/12/2021  12:47:17,729863;9,295532E-1;1,241871E-1;1,322644E-1;9,408033E-1;;
02/12/2021  12:47:17,729963;9,295950E-1;1,136739E-1;1,170997E-1;9,404683E-1;;
02/12/2021  12:47:17,730063;9,305636E-1;1,254614E-1;1,442698E-1;9,401339E-1;;
02/12/2021  12:47:17,730163;9,305963E-1;1,222756E-1;1,126766E-1;9,398002E-1;;
02/12/2021  12:47:17,730263;9,304652E-1;1,589123E-1;1,505885E-1;9,394673E-1;;
02/12/2021  12:47:17,730363;9,299973E-1;1,522221E-1;1,395309E-1;9,391354E-1;;
02/12/2021  12:47:17,730463;9,311119E-1;7,703722E-2;1,509044E-1;9,388048E-1;;
02/12/2021  12:47:17,730563;9,318183E-1;1,334259E-1;1,341600E-1;9,384760E-1;;
02/12/2021  12:47:17,730663;9,316812E-1;1,168597E-1;1,142563E-1;9,381493E-1;;
02/12/2021  12:47:17,730763;9,305010E-1;1,171783E-1;1,344760E-1;9,378255E-1;;
02/12/2021  12:47:17,730863;9,302774E-1;1,210013E-1;1,180475E-1;9,375049E-1;;
02/12/2021  12:47:17,730963;9,313057E-1;1,187712E-1;1,117289E-1;9,371879E-1;;
02/12/2021  12:47:17,731063;9,328643E-1;1,174969E-1;1,193112E-1;9,368750E-1;;
02/12/2021  12:47:17,731163;9,322593E-1;1,378860E-1;1,319485E-1;9,365669E-1;;
02/12/2021  12:47:17,731263;9,320001E-1;1,375674E-1;1,379512E-1;9,362641E-1;;
02/12/2021  12:47:17,731363;9,321699E-1;1,050723E-1;1,082536E-1;9,359673E-1;;
02/12/2021  12:47:17,731463;9,328733E-1;1,130368E-1;1,066739E-1;9,356772E-1;;
02/12/2021  12:47:17,731563;9,336333E-1;1,318330E-1;1,265777E-1;9,353943E-1;;
02/12/2021  12:47:17,731663;9,336780E-1;1,503106E-1;1,651214E-1;9,351194E-1;;
02/12/2021  12:47:17,731763;9,329240E-1;1,356559E-1;1,224705E-1;9,348531E-1;;
02/12/2021  12:47:17,731863;9,319017E-1;1,260985E-1;1,253139E-1;9,345959E-1;;
02/12/2021  12:47:17,731963;9,329061E-1;1,327887E-1;1,300529E-1;9,343482E-1;;
02/12/2021  12:47:17,732063;9,330402E-1;1,225942E-1;1,259458E-1;9,341103E-1;;
02/12/2021  12:47:17,732163;9,321968E-1;1,267357E-1;1,430061E-1;9,338824E-1;;
02/12/2021  12:47:17,732263;9,314606E-1;7,321426E-2;8,582243E-2;9,336647E-1;;
02/12/2021  12:47:17,732363;9,308109E-1;9,105474E-2;1,129926E-1;9,334571E-1;;
02/12/2021  12:47:17,732463;9,319971E-1;1,184526E-1;1,259458E-1;9,332595E-1;;
02/12/2021  12:47:17,732563;9,324322E-1;1,302401E-1;1,272095E-1;9,330718E-1;;
02/12/2021  12:47:17,732663;9,321431E-1;1,267357E-1;1,354238E-1;9,328939E-1;;
02/12/2021  12:47:17,732763;9,308437E-1;9,742634E-2;7,286922E-2;9,327257E-1;;
02/12/2021  12:47:17,732863;9,309331E-1;1,194084E-1;1,234183E-1;9,325671E-1;;
02/12/2021  12:47:17,732963;9,329955E-1;1,015679E-1;1,278414E-1;9,324178E-1;;
02/12/2021  12:47:17,733063;9,330610E-1;9,838208E-2;1,060421E-1;9,322777E-1;;
02/12/2021  12:47:17,733163;9,335647E-1;6,078964E-2;7,887192E-2;9,321468E-1;;
02/12/2021  12:47:17,733263;9,334276E-1;1,127182E-1;1,088855E-1;9,320253E-1;;
02/12/2021  12:47:17,733363;9,344737E-1;7,958586E-2;8,424277E-2;9,319133E-1;;
02/12/2021  12:47:17,733463;9,352009E-1;6,843556E-2;7,002583E-2;9,318110E-1;;
02/12/2021  12:47:17,733563;9,359668E-1;8,532030E-2;1,041465E-1;9,317187E-1;;
02/12/2021  12:47:17,733663;9,355794E-1;7,831154E-2;9,593225E-2;9,316368E-1;;
02/12/2021  12:47:17,733763;9,349178E-1;9,965640E-2;1,161519E-1;9,315656E-1;;
02/12/2021  12:47:17,733863;9,352247E-1;1,066652E-1;1,101492E-1;9,315052E-1;;
02/12/2021  12:47:17,733963;9,357940E-1;1,066652E-1;1,079377E-1;9,314556E-1;;
02/12/2021  12:47:17,734063;9,359788E-1;1,210013E-1;1,325804E-1;9,314168E-1;;
02/12/2021  12:47:17,734163;9,357463E-1;1,111253E-1;1,253139E-1;9,313890E-1;;
02/12/2021  12:47:17,734263;9,349655E-1;6,843556E-2;1,107811E-1;9,313720E-1;;
02/12/2021  12:47:17,734363;9,354214E-1;1,286472E-1;1,310007E-1;9,313655E-1;;
02/12/2021  12:47:17,734463;9,364467E-1;1,579565E-1;1,812339E-1;9,313695E-1;;
02/12/2021  12:47:17,734563;9,365361E-1;1,471248E-1;1,268936E-1;9,313835E-1;;
02/12/2021  12:47:17,734663;9,357016E-1;1,729298E-1;1,313166E-1;9,314076E-1;;
02/12/2021  12:47:17,734763;9,351741E-1;1,859916E-1;1,606983E-1;9,314414E-1;;
02/12/2021  12:47:17,734863;9,357076E-1;1,636910E-1;1,730197E-1;9,314844E-1;;
02/12/2021  12:47:17,734963;9,365540E-1;1,726112E-1;1,565912E-1;9,315363E-1;;
02/12/2021  12:47:17,735063;9,374242E-1;1,691068E-1;1,600664E-1;9,315967E-1;;
02/12/2021  12:47:17,735163;9,372364E-1;1,608238E-1;1,755471E-1;9,316654E-1;;
02/12/2021  12:47:17,735263;9,372812E-1;1,503106E-1;1,325804E-1;9,317422E-1;;
02/12/2021  12:47:17,735363;9,384226E-1;1,534964E-1;1,979783E-1;9,318269E-1;;
02/12/2021  12:47:17,735463;9,396356E-1;1,321516E-1;1,332122E-1;9,319194E-1;;
02/12/2021  12:47:17,735563;9,406817E-1;1,232313E-1;1,268936E-1;9,320197E-1;;
02/12/2021  12:47:17,735663;9,395313E-1;1,114439E-1;9,403666E-2;9,321281E-1;;
02/12/2021  12:47:17,735763;9,395551E-1;1,200455E-1;1,212068E-1;9,322445E-1;;
02/12/2021  12:47:17,735863;9,412211E-1;1,127182E-1;1,208909E-1;9,323691E-1;;
02/12/2021  12:47:17,735963;9,420467E-1;1,296029E-1;1,306848E-1;9,325018E-1;;
02/12/2021  12:47:17,736063;9,425265E-1;1,362931E-1;1,316326E-1;9,326427E-1;;
02/12/2021  12:47:17,736163;9,426427E-1;1,302401E-1;1,319485E-1;9,327922E-1;;
02/12/2021  12:47:17,736263;9,431911E-1;1,280100E-1;1,360556E-1;9,329503E-1;;
02/12/2021  12:47:17,736363;9,440911E-1;1,098510E-1;1,540637E-1;9,331173E-1;;
02/12/2021  12:47:17,736463;9,447051E-1;1,350188E-1;1,347919E-1;9,332934E-1;;
02/12/2021  12:47:17,736563;9,452326E-1;1,280100E-1;1,417424E-1;9,334787E-1;;
02/12/2021  12:47:17,736663;9,443921E-1;9,424054E-2;1,310007E-1;9,336735E-1;;
02/12/2021  12:47:17,736763;9,444160E-1;1,340630E-1;1,306848E-1;9,338778E-1;;
02/12/2021  12:47:17,736863;9,452892E-1;1,445762E-1;2,014535E-1;9,340915E-1;;
02/12/2021  12:47:17,736963;9,457720E-1;1,168597E-1;1,174156E-1;9,343144E-1;;
02/12/2021  12:47:17,737063;9,458108E-1;1,315144E-1;1,363715E-1;9,345465E-1;;
02/12/2021  12:47:17,737163;9,450419E-1;6,333828E-2;8,866581E-2;9,347874E-1;;
02/12/2021  12:47:17,737263;9,451253E-1;1,429833E-1;1,528000E-1;9,350370E-1;;
02/12/2021  12:47:17,737363;9,460730E-1;1,133553E-1;1,000394E-1;9,352948E-1;;
02/12/2021  12:47:17,737463;9,463949E-1;1,190898E-1;1,221546E-1;9,355602E-1;;
02/12/2021  12:47:17,737563;9,465231E-1;1,292843E-1;1,262617E-1;9,358330E-1;;
02/12/2021  12:47:17,737663;9,458287E-1;1,174969E-1;1,050943E-1;9,361127E-1;;
02/12/2021  12:47:17,737763;9,463323E-1;1,210013E-1;1,041465E-1;9,363988E-1;;
02/12/2021  12:47:17,737863;9,475572E-1;1,337445E-1;1,641736E-1;9,366908E-1;;
02/12/2021  12:47:17,737963;9,481503E-1;1,257800E-1;1,294210E-1;9,369883E-1;;
02/12/2021  12:47:17,738063;9,476973E-1;1,232313E-1;1,287892E-1;9,372908E-1;;
02/12/2021  12:47:17,738163;9,473337E-1;1,289658E-1;1,287892E-1;9,375982E-1;;
02/12/2021  12:47:17,738263;9,479119E-1;1,178155E-1;1,158360E-1;9,379098E-1;;
02/12/2021  12:47:17,738363;9,495272E-1;1,203641E-1;1,114129E-1;9,382252E-1;;
02/12/2021  12:47:17,738463;9,503140E-1;1,159040E-1;1,031987E-1;9,385442E-1;;
02/12/2021  12:47:17,738563;9,499832E-1;1,343816E-1;1,344760E-1;9,388666E-1;;
02/12/2021  12:47:17,738663;9,494914E-1;1,359745E-1;1,316326E-1;9,391922E-1;;
02/12/2021  12:47:17,738763;9,501769E-1;1,280100E-1;1,281573E-1;9,395207E-1;;
02/12/2021  12:47:17,738863;9,499862E-1;1,563636E-1;1,897641E-1;9,398519E-1;;
02/12/2021  12:47:17,738963;9,508356E-1;1,439390E-1;1,423743E-1;9,401853E-1;;
02/12/2021  12:47:17,739063;9,498103E-1;9,169190E-2;1,126766E-1;9,405206E-1;;
02/12/2021  12:47:17,739163;9,496166E-1;1,331073E-1;1,322644E-1;9,408575E-1;;
02/12/2021  12:47:17,739263;9,500190E-1;1,506292E-1;1,461654E-1;9,411954E-1;;
02/12/2021  12:47:17,739363;9,506925E-1;1,264171E-1;1,379512E-1;9,415337E-1;;
02/12/2021  12:47:17,739463;9,498759E-1;1,375674E-1;1,395309E-1;9,418719E-1;;
02/12/2021  12:47:17,739563;9,484245E-1;1,404346E-1;1,411105E-1;9,422094E-1;;
02/12/2021  12:47:17,739663;9,478791E-1;7,990444E-2;1,215227E-1;9,425456E-1;;
02/12/2021  12:47:17,739763;9,479804E-1;1,022050E-1;1,095173E-1;9,428795E-1;;
02/12/2021  12:47:17,739863;9,481205E-1;1,085766E-1;1,262617E-1;9,432101E-1;;
02/12/2021  12:47:17,739963;9,478940E-1;1,305587E-1;1,319485E-1;9,435364E-1;;
02/12/2021  12:47:17,740063;9,468569E-1;1,194084E-1;1,142563E-1;9,438577E-1;;
02/12/2021  12:47:17,740163;9,452088E-1;1,076209E-1;1,028828E-1;9,441729E-1;;
02/12/2021  12:47:17,740263;9,456826E-1;1,436204E-1;1,528000E-1;9,444810E-1;;
02/12/2021  12:47:17,740363;9,458346E-1;1,455319E-1;1,467973E-1;9,447807E-1;;
02/12/2021  12:47:17,740463;9,457333E-1;1,194084E-1;1,458495E-1;9,450712E-1;;
02/12/2021  12:47:17,740563;9,448899E-1;1,190898E-1;1,243661E-1;9,453516E-1;;
02/12/2021  12:47:17,740663;9,440911E-1;1,292843E-1;1,234183E-1;9,456208E-1;;
02/12/2021  12:47:17,740763;9,444488E-1;1,378860E-1;1,370034E-1;9,458782E-1;;
02/12/2021  12:47:17,740863;9,456737E-1;1,366117E-1;1,310007E-1;9,461228E-1;;
02/12/2021  12:47:17,740963;9,453518E-1;1,324701E-1;1,303688E-1;9,463541E-1;;
02/12/2021  12:47:17,741063;9,444100E-1;1,458505E-1;1,471132E-1;9,465718E-1;;
02/12/2021  12:47:17,741163;9,441954E-1;1,391603E-1;1,392149E-1;9,467754E-1;;
02/12/2021  12:47:17,741263;9,449584E-1;1,477620E-1;1,597505E-1;9,469647E-1;;
02/12/2021  12:47:17,741363;9,456022E-1;1,155854E-1;1,205749E-1;9,471394E-1;;
02/12/2021  12:47:17,741463;9,457154E-1;8,627604E-2;8,677022E-2;9,472994E-1;;
02/12/2021  12:47:17,741563;9,445829E-1;1,216384E-1;1,291051E-1;9,474450E-1;;
02/12/2021  12:47:17,741663;9,440792E-1;1,343816E-1;1,303688E-1;9,475763E-1;;
02/12/2021  12:47:17,741763;9,449673E-1;1,254614E-1;1,098333E-1;9,476931E-1;;
02/12/2021  12:47:17,741863;9,444637E-1;1,187712E-1;1,224705E-1;9,477957E-1;;
02/12/2021  12:47:17,741963;9,448124E-1;1,216384E-1;1,205749E-1;9,478843E-1;;
02/12/2021  12:47:17,742063;9,430540E-1;1,296029E-1;1,249980E-1;9,479591E-1;;
02/12/2021  12:47:17,742163;9,431345E-1;1,149482E-1;1,133085E-1;9,480201E-1;;
02/12/2021  12:47:17,742263;9,438408E-1;5,632952E-2;7,097362E-2;9,480676E-1;;
02/12/2021  12:47:17,742363;9,441448E-1;1,299215E-1;1,316326E-1;9,481017E-1;;
02/12/2021  12:47:17,742463;9,444100E-1;1,375674E-1;1,325804E-1;9,481228E-1;;
02/12/2021  12:47:17,742563;9,428960E-1;1,343816E-1;1,291051E-1;9,481312E-1;;
02/12/2021  12:47:17,742663;9,436024E-1;1,347002E-1;1,284732E-1;9,481275E-1;;
02/12/2021  12:47:17,742763;9,446097E-1;1,264171E-1;1,300529E-1;9,481119E-1;;
02/12/2021  12:47:17,742863;9,453697E-1;1,149482E-1;1,186794E-1;9,480852E-1;;
02/12/2021  12:47:17,742963;9,452564E-1;1,397975E-1;1,360556E-1;9,480479E-1;;
02/12/2021  12:47:17,743063;9,442014E-1;2,064856E-2;8,171531E-2;9,480011E-1;;
02/12/2021  12:47:17,743163;9,449524E-1;8,436456E-2;9,972343E-2;9,479453E-1;;
02/12/2021  12:47:17,743263;9,460373E-1;1,566822E-1;1,885003E-1;9,478814E-1;;
02/12/2021  12:47:17,743363;9,460850E-1;1,519035E-1;1,439539E-1;9,478102E-1;;
02/12/2021  12:47:17,743463;9,444488E-1;1,767528E-1;1,995579E-1;9,477325E-1;;
02/12/2021  12:47:17,743563;9,428215E-1;1,235499E-1;1,224705E-1;9,476492E-1;;
02/12/2021  12:47:17,743663;9,426069E-1;1,101695E-1;1,145722E-1;9,475605E-1;;
02/12/2021  12:47:17,743763;9,431047E-1;1,305587E-1;1,420583E-1;9,474667E-1;;
02/12/2021  12:47:17,743863;9,428305E-1;1,353374E-1;1,297370E-1;9,473680E-1;;
02/12/2021  12:47:17,743963;9,416831E-1;1,267357E-1;1,316326E-1;9,472646E-1;;
02/12/2021  12:47:17,744063;9,397786E-1;1,280100E-1;1,265777E-1;9,471567E-1;;
02/12/2021  12:47:17,744163;9,397250E-1;1,229127E-1;1,227865E-1;9,470440E-1;;
02/12/2021  12:47:17,744263;9,408426E-1;1,353374E-1;1,480610E-1;9,469264E-1;;
02/12/2021  12:47:17,744363;9,399873E-1;1,194084E-1;1,268936E-1;9,468037E-1;;
02/12/2021  12:47:17,744463;9,391558E-1;1,143111E-1;1,107811E-1;9,466758E-1;;
02/12/2021  12:47:17,744563;9,381842E-1;1,069837E-1;9,624818E-2;9,465427E-1;;
02/12/2021  12:47:17,744663;9,389740E-1;1,267357E-1;1,351078E-1;9,464042E-1;;
02/12/2021  12:47:17,744763;9,392273E-1;1,331073E-1;1,253139E-1;9,462601E-1;;
02/12/2021  12:47:17,744863;9,390664E-1;1,433019E-1;1,376353E-1;9,461104E-1;;
02/12/2021  12:47:17,744963;9,378713E-1;1,321516E-1;1,300529E-1;9,459552E-1;;
02/12/2021  12:47:17,745063;9,367179E-1;1,576380E-1;1,651214E-1;9,457946E-1;;
02/12/2021  12:47:17,745163;9,373884E-1;1,442576E-1;1,423743E-1;9,456283E-1;;
02/12/2021  12:47:17,745263;9,375494E-1;1,270543E-1;1,215227E-1;9,454564E-1;;
02/12/2021  12:47:17,745363;9,374868E-1;1,171783E-1;1,196272E-1;9,452789E-1;;
02/12/2021  12:47:17,745463;9,346287E-1;1,276914E-1;1,467973E-1;9,450958E-1;;
02/12/2021  12:47:17,745563;9,340654E-1;1,149482E-1;1,158360E-1;9,449070E-1;;
02/12/2021  12:47:17,745663;9,342144E-1;1,101695E-1;9,056141E-2;9,447122E-1;;
02/12/2021  12:47:17,745763;9,339224E-1;1,088952E-1;1,155200E-1;9,445111E-1;;
02/12/2021  12:47:17,745863;9,340058E-1;1,063466E-1;1,155200E-1;9,443034E-1;;
02/12/2021  12:47:17,745963;9,319226E-1;1,159040E-1;1,275255E-1;9,440889E-1;;
02/12/2021  12:47:17,746063;9,311864E-1;1,002936E-1;1,063580E-1;9,438675E-1;;
02/12/2021  12:47:17,746163;9,320537E-1;9,232906E-2;9,719598E-2;9,436387E-1;;
02/12/2021  12:47:17,746263;9,330163E-1;9,232906E-2;1,054102E-1;9,434024E-1;;
02/12/2021  12:47:17,746363;9,321193E-1;1,082581E-1;1,167838E-1;9,431586E-1;;
02/12/2021  12:47:17,746463;9,312401E-1;1,060280E-1;9,688005E-2;9,429074E-1;;
02/12/2021  12:47:17,746563;9,318123E-1;9,392196E-2;1,019350E-1;9,426490E-1;;
02/12/2021  12:47:17,746663;9,327600E-1;9,806350E-2;1,129926E-1;9,423835E-1;;
02/12/2021  12:47:17,746763;9,323219E-1;9,742634E-2;1,047783E-1;9,421114E-1;;
02/12/2021  12:47:17,746863;9,321968E-1;1,069837E-1;1,180475E-1;9,418331E-1;;
02/12/2021  12:47:17,746963;9,309808E-1;6,716124E-2;8,392683E-2;9,415492E-1;;
02/12/2021  12:47:17,747063;9,300509E-1;7,512574E-2;1,196272E-1;9,412601E-1;;
02/12/2021  12:47:17,747163;9,315292E-1;1,012493E-1;1,060421E-1;9,409660E-1;;
02/12/2021  12:47:17,747263;9,308944E-1;1,031608E-1;9,624818E-2;9,406673E-1;;
02/12/2021  12:47:17,747363;9,298334E-1;1,108067E-1;1,243661E-1;9,403645E-1;;
02/12/2021  12:47:17,747463;9,280869E-1;1,022050E-1;1,164678E-1;9,400579E-1;;
02/12/2021  12:47:17,747563;9,272763E-1;1,130368E-1;1,186794E-1;9,397477E-1;;
02/12/2021  12:47:17,747663;9,280422E-1;1,703812E-1;1,992420E-1;9,394336E-1;;
02/12/2021  12:47:17,747763;9,284624E-1;1,350188E-1;1,297370E-1;9,391159E-1;;
02/12/2021  12:47:17,747863;9,272644E-1;2,372830E-1;1,698603E-1;9,387947E-1;;
02/12/2021  12:47:17,747963;9,262004E-1;1,493549E-1;1,351078E-1;9,384701E-1;;
02/12/2021  12:47:17,748063;9,265461E-1;1,614609E-1;1,496407E-1;9,381422E-1;;
02/12/2021  12:47:17,748163;9,276280E-1;1,640096E-1;1,502726E-1;9,378111E-1;;
02/12/2021  12:47:17,748263;9,277978E-1;1,722926E-1;1,521681E-1;9,374771E-1;;
02/12/2021  12:47:17,748363;9,271779E-1;1,646467E-1;1,360556E-1;9,371406E-1;;
02/12/2021  12:47:17,748463;9,261080E-1;9,137332E-2;1,006712E-1;9,368022E-1;;
02/12/2021  12:47:17,748563;9,276190E-1;1,130368E-1;1,092014E-1;9,364622E-1;;
02/12/2021  12:47:17,748663;9,290108E-1;1,490363E-1;1,467973E-1;9,361211E-1;;
02/12/2021  12:47:17,748763;9,294489E-1;1,280100E-1;1,319485E-1;9,357797E-1;;
02/12/2021  12:47:17,748863;9,283611E-1;1,190898E-1;1,139404E-1;9,354390E-1;;
02/12/2021  12:47:17,748963;9,277233E-1;1,225942E-1;1,316326E-1;9,350996E-1;;
02/12/2021  12:47:17,749063;9,288648E-1;1,337445E-1;1,449017E-1;9,347625E-1;;
02/12/2021  12:47:17,749163;9,292641E-1;1,267357E-1;1,231024E-1;9,344284E-1;;
02/12/2021  12:47:17,749263;9,294400E-1;1,165411E-1;1,231024E-1;9,340979E-1;;
02/12/2021  12:47:17,749363;9,284356E-1;1,350188E-1;1,306848E-1;9,337721E-1;;
02/12/2021  12:47:17,749463;9,278217E-1;1,136739E-1;1,300529E-1;9,334514E-1;;
02/12/2021  12:47:17,749563;9,289631E-1;1,203641E-1;1,098333E-1;9,331366E-1;;
02/12/2021  12:47:17,749663;9,290436E-1;1,127182E-1;1,177316E-1;9,328281E-1;;
02/12/2021  12:47:17,749763;9,290287E-1;1,092138E-1;1,205749E-1;9,325265E-1;;
02/12/2021  12:47:17,749863;9,275087E-1;1,560451E-1;1,464814E-1;9,322324E-1;;
02/12/2021  12:47:17,749963;9,269395E-1;1,321516E-1;1,278414E-1;9,319460E-1;;
02/12/2021  12:47:17,750063;9,276309E-1;1,264171E-1;1,291051E-1;9,316675E-1;;
02/12/2021  12:47:17,750163;9,278276E-1;1,187712E-1;1,224705E-1;9,313970E-1;;
02/12/2021  12:47:17,750263;9,266176E-1;1,152668E-1;1,126766E-1;9,311346E-1;;
02/12/2021  12:47:17,750363;9,260871E-1;1,407532E-1;1,512204E-1;9,308804E-1;;
02/12/2021  12:47:17,750463;9,260037E-1;1,190898E-1;1,202590E-1;9,306342E-1;;
02/12/2021  12:47:17,750563;9,266236E-1;9,870066E-2;1,076217E-1;9,303958E-1;;
02/12/2021  12:47:17,750663;9,279469E-1;1,238685E-1;1,265777E-1;9,301652E-1;;
02/12/2021  12:47:17,750763;9,281406E-1;1,343816E-1;1,272095E-1;9,299423E-1;;
02/12/2021  12:47:17,750863;9,272614E-1;1,378860E-1;1,404787E-1;9,297276E-1;;
02/12/2021  12:47:17,750963;9,278813E-1;1,111253E-1;1,028828E-1;9,295209E-1;;
02/12/2021  12:47:17,751063;9,288260E-1;1,213198E-1;9,624818E-2;9,293226E-1;;
02/12/2021  12:47:17,751163;9,299913E-1;1,216384E-1;1,281573E-1;9,291329E-1;;
02/12/2021  12:47:17,751263;9,296218E-1;1,308772E-1;1,310007E-1;9,289522E-1;;
02/12/2021  12:47:17,751363;9,283611E-1;3,339176E-2;7,981972E-2;9,287808E-1;;
02/12/2021  12:47:17,751463;9,283075E-1;1,216384E-1;1,069899E-1;9,286190E-1;;
02/12/2021  12:47:17,751563;9,289423E-1;1,378860E-1;1,291051E-1;9,284668E-1;;
02/12/2021  12:47:17,751663;9,290972E-1;4,517922E-2;9,182514E-2;9,283242E-1;;
02/12/2021  12:47:17,751763;9,275833E-1;1,318330E-1;1,284732E-1;9,281913E-1;;
02/12/2021  12:47:17,751863;9,267309E-1;1,095324E-1;1,174156E-1;9,280678E-1;;
02/12/2021  12:47:17,751963;9,266713E-1;9,424054E-2;1,013031E-1;9,279534E-1;;
02/12/2021  12:47:17,752063;9,273717E-1;2,095665E-1;2,185139E-1;9,278477E-1;;
02/12/2021  12:47:17,752163;9,273568E-1;1,174969E-1;1,215227E-1;9,277500E-1;;
02/12/2021  12:47:17,752263;9,265253E-1;-2,522696E-2;-4,270090E-4;9,276602E-1;;
02/12/2021  12:47:17,752363;9,256699E-1;1,206827E-1;1,161519E-1;9,275777E-1;;
02/12/2021  12:47:17,752463;9,265044E-1;1,311958E-1;1,480610E-1;9,275019E-1;;
02/12/2021  12:47:17,752563;9,274283E-1;1,471248E-1;1,505885E-1;9,274324E-1;;
02/12/2021  12:47:17,752663;9,283820E-1;1,260985E-1;1,284732E-1;9,273688E-1;;
02/12/2021  12:47:17,752763;9,278962E-1;1,088952E-1;1,066739E-1;9,273110E-1;;
02/12/2021  12:47:17,752863;9,279469E-1;1,280100E-1;1,158360E-1;9,272588E-1;;
02/12/2021  12:47:17,752963;9,287277E-1;1,146297E-1;1,158360E-1;9,272122E-1;;
02/12/2021  12:47:17,753063;9,305040E-1;1,155854E-1;1,155200E-1;9,271711E-1;;
02/12/2021  12:47:17,753163;9,312818E-1;1,490363E-1;1,670170E-1;9,271359E-1;;
02/12/2021  12:47:17,753263;9,297708E-1;1,302401E-1;1,325804E-1;9,271067E-1;;
02/12/2021  12:47:17,753363;9,295711E-1;1,353374E-1;1,354238E-1;9,270840E-1;;
02/12/2021  12:47:17,753463;9,303698E-1;1,232313E-1;1,278414E-1;9,270677E-1;;
02/12/2021  12:47:17,753563;9,315769E-1;1,206827E-1;1,202590E-1;9,270580E-1;;
02/12/2021  12:47:17,753663;9,315798E-1;1,238685E-1;1,325804E-1;9,270550E-1;;
02/12/2021  12:47:17,753763;9,306798E-1;1,047537E-1;1,234183E-1;9,270590E-1;;
02/12/2021  12:47:17,753863;9,314129E-1;1,337445E-1;1,388990E-1;9,270700E-1;;
02/12/2021  12:47:17,753963;9,317110E-1;3,817046E-2;8,708615E-2;9,270881E-1;;
02/12/2021  12:47:17,754063;9,329269E-1;1,280100E-1;1,316326E-1;9,271135E-1;;
02/12/2021  12:47:17,754163;9,334455E-1;1,159040E-1;1,047783E-1;9,271462E-1;;
02/12/2021  12:47:17,754263;9,329120E-1;6,747982E-2;1,543797E-1;9,271866E-1;;
02/12/2021  12:47:17,754363;9,335617E-1;1,350188E-1;1,281573E-1;9,272348E-1;;
02/12/2021  12:47:17,754463;9,348462E-1;1,184526E-1;1,733356E-1;9,272910E-1;;
02/12/2021  12:47:17,754563;9,358148E-1;1,229127E-1;1,224705E-1;9,273555E-1;;
02/12/2021  12:47:17,754663;9,358446E-1;1,404346E-1;1,338441E-1;9,274287E-1;;
02/12/2021  12:47:17,754763;9,347330E-1;1,372488E-1;1,275255E-1;9,275108E-1;;
02/12/2021  12:47:17,754863;9,363602E-1;8,659462E-2;1,057261E-1;9,276022E-1;;
02/12/2021  12:47:17,754963;9,372037E-1;1,292843E-1;1,325804E-1;9,277028E-1;;
02/12/2021  12:47:17,755063;9,387534E-1;1,327887E-1;1,407946E-1;9,278132E-1;;
02/12/2021  12:47:17,755163;9,375464E-1;1,257800E-1;1,303688E-1;9,279335E-1;;
02/12/2021  12:47:17,755263;9,362738E-1;1,356559E-1;1,319485E-1;9,280640E-1;;
02/12/2021  12:47:17,755363;9,368788E-1;1,181340E-1;1,193112E-1;9,282047E-1;;
02/12/2021  12:47:17,755463;9,371351E-1;1,490363E-1;1,644895E-1;9,283554E-1;;
02/12/2021  12:47:17,755563;9,374302E-1;1,433019E-1;1,433221E-1;9,285157E-1;;
02/12/2021  12:47:17,755663;9,376626E-1;1,296029E-1;1,366875E-1;9,286855E-1;;
02/12/2021  12:47:17,755763;9,364139E-1;1,350188E-1;1,363715E-1;9,288644E-1;;
02/12/2021  12:47:17,755863;9,377789E-1;9,519628E-2;8,708615E-2;9,290519E-1;;
02/12/2021  12:47:17,755963;9,386968E-1;1,308772E-1;1,268936E-1;9,292475E-1;;
02/12/2021  12:47:17,756063;9,381723E-1;1,248242E-1;1,262617E-1;9,294511E-1;;
02/12/2021  12:47:17,756163;9,383600E-1;1,232313E-1;1,420583E-1;9,296621E-1;;
02/12/2021  12:47:17,756263;9,374987E-1;1,190898E-1;1,028828E-1;9,298802E-1;;
02/12/2021  12:47:17,756363;9,382259E-1;1,382046E-1;1,325804E-1;9,301048E-1;;
02/12/2021  12:47:17,756463;9,395313E-1;1,458505E-1;1,537478E-1;9,303354E-1;;
02/12/2021  12:47:17,756563;9,397161E-1;1,159040E-1;1,202590E-1;9,305716E-1;;
02/12/2021  12:47:17,756663;9,392243E-1;7,289568E-2;8,708615E-2;9,308131E-1;;
02/12/2021  12:47:17,756763;9,392929E-1;1,267357E-1;1,205749E-1;9,310594E-1;;
02/12/2021  12:47:17,756863;9,401899E-1;1,385232E-1;1,423743E-1;9,313102E-1;;
02/12/2021  12:47:17,756963;9,410781E-1;1,229127E-1;1,430061E-1;9,315650E-1;;
02/12/2021  12:47:17,757063;9,407532E-1;1,292843E-1;1,300529E-1;9,318238E-1;;
02/12/2021  12:47:17,757163;9,402138E-1;1,353374E-1;1,461654E-1;9,320860E-1;;
02/12/2021  12:47:17,757263;9,397429E-1;1,136739E-1;1,202590E-1;9,323515E-1;;
02/12/2021  12:47:17,757363;9,407770E-1;1,270543E-1;1,196272E-1;9,326196E-1;;
02/12/2021  12:47:17,757463;9,416264E-1;1,216384E-1;1,262617E-1;9,328900E-1;;
02/12/2021  12:47:17,757563;9,417307E-1;1,251428E-1;1,300529E-1;9,331623E-1;;
02/12/2021  12:47:17,757663;9,415609E-1;1,311958E-1;1,300529E-1;9,334362E-1;;
02/12/2021  12:47:17,757763;9,419632E-1;1,362931E-1;1,297370E-1;9,337115E-1;;
02/12/2021  12:47:17,757863;9,434265E-1;1,684697E-1;1,727037E-1;9,339879E-1;;
02/12/2021  12:47:17,757963;9,445233E-1;1,162226E-1;1,152041E-1;9,342654E-1;;
02/12/2021  12:47:17,758063;9,455068E-1;1,251428E-1;1,335282E-1;9,345440E-1;;
02/12/2021  12:47:17,758163;9,451372E-1;1,388417E-1;1,338441E-1;9,348239E-1;;
02/12/2021  12:47:17,758263;9,457303E-1;-1,439524E-2;1,129926E-1;9,351055E-1;;
02/12/2021  12:47:17,758363;9,471579E-1;1,260985E-1;1,281573E-1;9,353888E-1;;
02/12/2021  12:47:17,758463;9,483083E-1;1,280100E-1;1,272095E-1;9,356743E-1;;
02/12/2021  12:47:17,758563;9,486957E-1;7,703722E-2;8,803395E-2;9,359623E-1;;
02/12/2021  12:47:17,758663;9,480192E-1;7,544432E-2;1,050943E-1;9,362534E-1;;
02/12/2021  12:47:17,758763;9,486242E-1;9,615202E-2;8,613836E-2;9,365479E-1;;
02/12/2021  12:47:17,758863;9,496911E-1;1,337445E-1;1,528000E-1;9,368459E-1;;
02/12/2021  12:47:17,758963;9,497865E-1;1,120810E-1;1,240502E-1;9,371478E-1;;
02/12/2021  12:47:17,759063;9,493037E-1;1,108067E-1;1,155200E-1;9,374539E-1;;
02/12/2021  12:47:17,759163;9,486063E-1;1,187712E-1;1,202590E-1;9,377641E-1;;
02/12/2021  12:47:17,759263;9,488864E-1;1,108067E-1;1,281573E-1;9,380784E-1;;
02/12/2021  12:47:17,759363;9,488924E-1;9,678918E-2;9,372073E-2;9,383964E-1;;
02/12/2021  12:47:17,759463;9,491636E-1;1,184526E-1;1,335282E-1;9,387179E-1;;
02/12/2021  12:47:17,759563;9,485318E-1;1,194084E-1;1,268936E-1;9,390425E-1;;
02/12/2021  12:47:17,759663;9,484960E-1;9,774492E-2;1,136244E-1;9,393698E-1;;
02/12/2021  12:47:17,759763;9,481861E-1;7,544432E-2;9,087734E-2;9,396991E-1;;
02/12/2021  12:47:17,759863;9,492530E-1;7,193994E-2;6,907803E-2;9,400299E-1;;
02/12/2021  12:47:17,759963;9,494855E-1;4,963934E-2;7,286922E-2;9,403616E-1;;
02/12/2021  12:47:17,760063;9,488954E-1;9,424054E-2;1,003553E-1;9,406937E-1;;
02/12/2021  12:47:17,760163;9,481533E-1;1,015679E-1;1,148882E-1;9,410258E-1;;
02/12/2021  12:47:17,760263;9,493037E-1;9,901924E-2;1,069899E-1;9,413572E-1;;
02/12/2021  12:47:17,760363;9,501918E-1;1,155854E-1;1,208909E-1;9,416872E-1;;
02/12/2021  12:47:17,760463;9,499623E-1;1,034794E-1;1,006712E-1;9,420157E-1;;
02/12/2021  12:47:17,760563;9,502246E-1;1,165411E-1;1,847091E-1;9,423420E-1;;
02/12/2021  12:47:17,760663;9,497448E-1;4,868360E-2;7,602853E-2;9,426660E-1;;
02/12/2021  12:47:17,760763;9,515538E-1;1,222756E-1;1,234183E-1;9,429873E-1;;
02/12/2021  12:47:17,760863;9,528204E-1;1,471248E-1;1,480610E-1;9,433057E-1;;
02/12/2021  12:47:17,760963;9,525284E-1;1,452133E-1;1,392149E-1;9,436213E-1;;
02/12/2021  12:47:17,761063;9,523853E-1;1,267357E-1;5,422923E-2;9,439341E-1;;
02/12/2021  12:47:17,761163;9,519681E-1;1,624167E-1;1,452176E-1;9,442441E-1;;
02/12/2021  12:47:17,761263;9,531751E-1;1,837615E-1;1,689125E-1;9,445513E-1;;
02/12/2021  12:47:17,761363;9,534105E-1;1,757970E-1;1,695444E-1;9,448557E-1;;
02/12/2021  12:47:17,761463;9,523764E-1;1,538150E-1;1,366875E-1;9,451574E-1;;
02/12/2021  12:47:17,761563;9,518757E-1;1,687883E-1;1,528000E-1;9,454561E-1;;
02/12/2021  12:47:17,761663;9,509786E-1;1,751599E-1;1,644895E-1;9,457516E-1;;
02/12/2021  12:47:17,761763;9,516283E-1;1,401161E-1;1,335282E-1;9,460436E-1;;
02/12/2021  12:47:17,761863;9,511723E-1;1,267357E-1;1,376353E-1;9,463315E-1;;
02/12/2021  12:47:17,761963;9,509905E-1;1,570008E-1;1,809180E-1;9,466148E-1;;
02/12/2021  12:47:17,762063;9,494020E-1;1,455319E-1;1,480610E-1;9,468931E-1;;
02/12/2021  12:47:17,762163;9,490891E-1;1,210013E-1;1,205749E-1;9,471657E-1;;
02/12/2021  12:47:17,762263;9,494646E-1;1,216384E-1;1,262617E-1;9,474318E-1;;
02/12/2021  12:47:17,762363;9,502157E-1;1,267357E-1;1,183634E-1;9,476906E-1;;
02/12/2021  12:47:17,762463;9,496256E-1;1,448948E-1;1,537478E-1;9,479417E-1;;
02/12/2021  12:47:17,762563;9,492471E-1;1,372488E-1;1,392149E-1;9,481845E-1;;
02/12/2021  12:47:17,762663;9,496107E-1;1,410718E-1;1,464814E-1;9,484186E-1;;
02/12/2021  12:47:17,762763;9,503617E-1;1,343816E-1;1,433221E-1;9,486435E-1;;
02/12/2021  12:47:17,762863;9,511425E-1;9,965640E-2;1,076217E-1;9,488590E-1;;
02/12/2021  12:47:17,762963;9,515449E-1;1,267357E-1;1,092014E-1;9,490651E-1;;
02/12/2021  12:47:17,763063;9,504034E-1;1,006121E-1;1,265777E-1;9,492619E-1;;
02/12/2021  12:47:17,763163;9,505196E-1;7,385142E-2;1,092014E-1;9,494494E-1;;
02/12/2021  12:47:17,763263;9,505435E-1;1,159040E-1;7,160549E-2;9,496276E-1;;
02/12/2021  12:47:17,763363;9,509637E-1;1,302401E-1;1,354238E-1;9,497965E-1;;
02/12/2021  12:47:17,763463;9,506895E-1;1,315144E-1;1,351078E-1;9,499562E-1;;
02/12/2021  12:47:17,763563;9,493722E-1;1,257800E-1;1,341600E-1;9,501069E-1;;
02/12/2021  12:47:17,763663;9,494497E-1;1,184526E-1;1,294210E-1;9,502483E-1;;
02/12/2021  12:47:17,763763;9,497090E-1;1,260985E-1;1,414265E-1;9,503805E-1;;
02/12/2021  12:47:17,763863;9,494140E-1;1,429833E-1;1,379512E-1;9,505034E-1;;
02/12/2021  12:47:17,763963;9,489818E-1;1,254614E-1;1,268936E-1;9,506169E-1;;
02/12/2021  12:47:17,764063;9,477629E-1;1,241871E-1;1,373193E-1;9,507210E-1;;
02/12/2021  12:47:17,764163;9,477480E-1;1,321516E-1;1,335282E-1;9,508155E-1;;
02/12/2021  12:47:17,764263;9,486331E-1;1,254614E-1;1,249980E-1;9,509001E-1;;
02/12/2021  12:47:17,764363;9,490444E-1;1,190898E-1;1,224705E-1;9,509748E-1;;
02/12/2021  12:47:17,764463;9,487762E-1;9,774492E-2;1,104651E-1;9,510398E-1;;
02/12/2021  12:47:17,764563;9,477360E-1;1,241871E-1;1,284732E-1;9,510950E-1;;
02/12/2021  12:47:17,764663;9,478225E-1;4,231200E-2;8,234717E-2;9,511407E-1;;
02/12/2021  12:47:17,764763;9,483768E-1;1,385232E-1;1,243661E-1;9,511768E-1;;
02/12/2021  12:47:17,764863;9,481205E-1;1,356559E-1;1,300529E-1;9,512036E-1;;
02/12/2021  12:47:17,764963;9,470446E-1;1,130368E-1;1,370034E-1;9,512212E-1;;
02/12/2021  12:47:17,765063;9,457780E-1;7,703722E-2;6,497092E-2;9,512296E-1;;
02/12/2021  12:47:17,765163;9,451640E-1;1,225942E-1;1,303688E-1;9,512288E-1;;
02/12/2021  12:47:17,765263;9,454680E-1;1,206827E-1;1,167838E-1;9,512186E-1;;
02/12/2021  12:47:17,765363;9,450389E-1;1,238685E-1;1,227865E-1;9,511987E-1;;
02/12/2021  12:47:17,765463;9,437842E-1;1,302401E-1;1,319485E-1;9,511692E-1;;
02/12/2021  12:47:17,765563;9,426040E-1;1,251428E-1;1,370034E-1;9,511296E-1;;
02/12/2021  12:47:17,765663;9,421063E-1;1,152668E-1;1,186794E-1;9,510797E-1;;
02/12/2021  12:47:17,765763;9,414148E-1;1,219570E-1;1,373193E-1;9,510190E-1;;
02/12/2021  12:47:17,765863;9,404641E-1;1,165411E-1;1,189953E-1;9,509470E-1;;
02/12/2021  12:47:17,765963;9,390634E-1;1,200455E-1;1,066739E-1;9,508634E-1;;
02/12/2021  12:47:17,766063;9,377371E-1;1,178155E-1;1,272095E-1;9,507673E-1;;
02/12/2021  12:47:17,766163;9,376775E-1;9,678918E-2;7,097362E-2;9,506583E-1;;
02/12/2021  12:47:17,766263;9,368967E-1;1,331073E-1;1,347919E-1;9,505356E-1;;
02/12/2021  12:47:17,766363;9,353797E-1;1,149482E-1;1,202590E-1;9,503985E-1;;
02/12/2021  12:47:17,766463;9,343754E-1;1,356559E-1;1,325804E-1;9,502465E-1;;
02/12/2021  12:47:17,766563;9,324888E-1;1,280100E-1;1,297370E-1;9,500789E-1;;
02/12/2021  12:47:17,766663;9,328882E-1;1,353374E-1;1,622780E-1;9,498947E-1;;
02/12/2021  12:47:17,766763;9,317259E-1;1,232313E-1;1,275255E-1;9,496935E-1;;
02/12/2021  12:47:17,766863;9,315351E-1;1,378860E-1;1,430061E-1;9,494745E-1;;
02/12/2021  12:47:17,766963;9,303788E-1;1,401161E-1;1,407946E-1;9,492374E-1;;
02/12/2021  12:47:17,767063;9,295890E-1;1,305587E-1;1,995579E-1;9,489816E-1;;
02/12/2021  12:47:17,767163;9,298066E-1;1,203641E-1;1,243661E-1;9,487070E-1;;
02/12/2021  12:47:17,767263;9,298483E-1;1,267357E-1;1,272095E-1;9,484132E-1;;
02/12/2021  12:47:17,767363;9,297648E-1;1,251428E-1;1,322644E-1;9,481005E-1;;
02/12/2021  12:47:17,767463;9,288082E-1;1,283286E-1;1,303688E-1;9,477689E-1;;
02/12/2021  12:47:17,767563;9,282419E-1;1,350188E-1;1,300529E-1;9,474189E-1;;
02/12/2021  12:47:17,767663;9,289065E-1;1,331073E-1;1,644895E-1;9,470508E-1;;
02/12/2021  12:47:17,767763;9,292254E-1;1,165411E-1;1,215227E-1;9,466651E-1;;
02/12/2021  12:47:17,767863;9,282777E-1;1,292843E-1;1,202590E-1;9,462626E-1;;
02/12/2021  12:47:17,767963;9,274581E-1;1,216384E-1;1,499566E-1;9,458441E-1;;
02/12/2021  12:47:17,768063;9,272822E-1;1,190898E-1;1,193112E-1;9,454104E-1;;
02/12/2021  12:47:17,768163;9,275862E-1;9,838208E-2;1,060421E-1;9,449623E-1;;
02/12/2021  12:47:17,768263;9,274164E-1;1,337445E-1;1,310007E-1;9,445006E-1;;
02/12/2021  12:47:17,768363;9,270140E-1;1,401161E-1;1,319485E-1;9,440263E-1;;
02/12/2021  12:47:17,768463;9,261527E-1;1,136739E-1;1,205749E-1;9,435406E-1;;
02/12/2021  12:47:17,768563;9,261199E-1;1,347002E-1;1,300529E-1;9,430442E-1;;
02/12/2021  12:47:17,768663;9,266206E-1;7,831154E-2;6,149566E-2;9,425382E-1;;
02/12/2021  12:47:17,768763;9,253093E-1;1,232313E-1;1,237343E-1;9,420236E-1;;
02/12/2021  12:47:17,768863;9,248324E-1;1,108067E-1;1,145722E-1;9,415015E-1;;
02/12/2021  12:47:17,768963;9,235807E-1;1,315144E-1;1,268936E-1;9,409726E-1;;
02/12/2021  12:47:17,769063;9,229042E-1;8,627604E-2;7,760819E-2;9,404378E-1;;
02/12/2021  12:47:17,769163;9,232290E-1;1,149482E-1;1,152041E-1;9,398976E-1;;
02/12/2021  12:47:17,769263;9,230323E-1;1,028422E-1;1,183634E-1;9,393528E-1;;
02/12/2021  12:47:17,769363;9,224691E-1;1,159040E-1;1,224705E-1;9,388041E-1;;
02/12/2021  12:47:17,769463;9,223051E-1;1,283286E-1;1,354238E-1;9,382521E-1;;
02/12/2021  12:47:17,769563;9,222634E-1;-4,115596E-2;5,928414E-2;9,376977E-1;;
02/12/2021  12:47:17,769663;9,225346E-1;1,130368E-1;1,107811E-1;9,371416E-1;;
02/12/2021  12:47:17,769763;9,222366E-1;1,238685E-1;1,167838E-1;9,365845E-1;;
02/12/2021  12:47:17,769863;9,214885E-1;1,397975E-1;2,042969E-1;9,360274E-1;;
02/12/2021  12:47:17,769963;9,212173E-1;1,366117E-1;1,275255E-1;9,354710E-1;;
02/12/2021  12:47:17,770063;9,227731E-1;1,302401E-1;1,221546E-1;9,349160E-1;;
02/12/2021  12:47:17,770163;9,223558E-1;1,413904E-1;1,442698E-1;9,343634E-1;;
02/12/2021  12:47:17,770263;9,230145E-1;1,216384E-1;1,208909E-1;9,338141E-1;;
02/12/2021  12:47:17,770363;9,225644E-1;1,394789E-1;1,486929E-1;9,332691E-1;;
02/12/2021  12:47:17,770463;9,223230E-1;1,385232E-1;1,291051E-1;9,327294E-1;;
02/12/2021  12:47:17,770563;9,233006E-1;8,786894E-2;9,498445E-2;9,321961E-1;;
02/12/2021  12:47:17,770663;9,237893E-1;1,276914E-1;1,287892E-1;9,316700E-1;;
02/12/2021  12:47:17,770763;9,236046E-1;1,356559E-1;1,341600E-1;9,311522E-1;;
02/12/2021  12:47:17,770863;9,230860E-1;1,238685E-1;1,351078E-1;9,306438E-1;;
02/12/2021  12:47:17,770963;9,229698E-1;1,579565E-1;1,701763E-1;9,301457E-1;;
02/12/2021  12:47:17,771063;9,240069E-1;1,311958E-1;1,490088E-1;9,296586E-1;;
02/12/2021  12:47:17,771163;9,247639E-1;1,391603E-1;1,344760E-1;9,291835E-1;;
02/12/2021  12:47:17,771263;9,235300E-1;1,245056E-1;1,249980E-1;9,287211E-1;;
02/12/2021  12:47:17,771363;9,238430E-1;1,321516E-1;1,224705E-1;9,282724E-1;;
02/12/2021  12:47:17,771463;9,239622E-1;1,245056E-1;1,164678E-1;9,278378E-1;;
02/12/2021  12:47:17,771563;9,249129E-1;1,222756E-1;1,278414E-1;9,274181E-1;;
02/12/2021  12:47:17,771663;9,253301E-1;1,251428E-1;1,303688E-1;9,270138E-1;;
02/12/2021  12:47:17,771763;9,257206E-1;1,229127E-1;1,300529E-1;9,266256E-1;;
02/12/2021  12:47:17,771863;9,250947E-1;1,229127E-1;1,208909E-1;9,262542E-1;;
02/12/2021  12:47:17,771963;9,256818E-1;8,882468E-2;9,435259E-2;9,259000E-1;;
02/12/2021  12:47:17,772063;9,267428E-1;1,356559E-1;1,926074E-1;9,255637E-1;;
02/12/2021  12:47:17,772163;9,272971E-1;1,241871E-1;1,227865E-1;9,252456E-1;;
02/12/2021  12:47:17,772263;9,277323E-1;1,053908E-1;1,177316E-1;9,249464E-1;;
02/12/2021  12:47:17,772363;9,269693E-1;9,392196E-2;1,079377E-1;9,246665E-1;;
02/12/2021  12:47:17,772463;9,282508E-1;1,088952E-1;1,212068E-1;9,244065E-1;;
02/12/2021  12:47:17,772563;9,293267E-1;1,073023E-1;1,382671E-1;9,241665E-1;;
02/12/2021  12:47:17,772663;9,301135E-1;9,774492E-2;1,164678E-1;9,239471E-1;;
02/12/2021  12:47:17,772763;9,298453E-1;1,031608E-1;1,142563E-1;9,237488E-1;;
02/12/2021  12:47:17,772863;9,299168E-1;7,162136E-2;5,359736E-2;9,235719E-1;;
02/12/2021  12:47:17,772963;9,308675E-1;1,136739E-1;1,167838E-1;9,234167E-1;;
02/12/2021  12:47:17,773063;9,317914E-1;1,133553E-1;1,287892E-1;9,232835E-1;;
02/12/2021  12:47:17,773163;9,317885E-1;9,870066E-2;1,076217E-1;9,231724E-1;;
02/12/2021  12:47:17,773263;9,321431E-1;9,169190E-2;1,057261E-1;9,230837E-1;;
02/12/2021  12:47:17,773363;9,320805E-1;8,627604E-2;1,066739E-1;9,230173E-1;;
02/12/2021  12:47:17,773463;9,334336E-1;1,060280E-1;1,158360E-1;9,229734E-1;;
02/12/2021  12:47:17,773563;9,343545E-1;8,723178E-2;9,656411E-2;9,229520E-1;;
02/12/2021  12:47:17,773663;9,350787E-1;9,264764E-2;9,751191E-2;9,229529E-1;;
02/12/2021  12:47:17,773763;9,351920E-1;1,254614E-1;1,670170E-1;9,229763E-1;;
02/12/2021  12:47:17,773863;9,345840E-1;1,337445E-1;1,414265E-1;9,230223E-1;;
02/12/2021  12:47:17,773963;9,356837E-1;1,324701E-1;1,170997E-1;9,230904E-1;;
02/12/2021  12:47:17,774063;9,370666E-1;1,018865E-1;1,003553E-1;9,231806E-1;;
02/12/2021  12:47:17,774163;9,380680E-1;1,267357E-1;1,212068E-1;9,232927E-1;;
02/12/2021  12:47:17,774263;9,386282E-1;1,487177E-1;1,259458E-1;9,234264E-1;;
02/12/2021  12:47:17,774363;9,386193E-1;1,624167E-1;1,332122E-1;9,235819E-1;;
02/12/2021  12:47:17,774463;9,399426E-1;1,681511E-1;1,461654E-1;9,237588E-1;;
02/12/2021  12:47:17,774563;9,418172E-1;1,799386E-1;1,682807E-1;9,239570E-1;;
02/12/2021  12:47:17,774663;9,422523E-1;1,595494E-1;1,584868E-1;9,241765E-1;;
02/12/2021  12:47:17,774763;9,423715E-1;1,643281E-1;1,521681E-1;9,244172E-1;;
02/12/2021  12:47:17,774863;9,429556E-1;1,433019E-1;1,809180E-1;9,246792E-1;;
02/12/2021  12:47:17,774963;9,444577E-1;1,426647E-1;1,401627E-1;9,249622E-1;;
02/12/2021  12:47:17,775063;9,456826E-1;1,350188E-1;1,388990E-1;9,252660E-1;;
02/12/2021  12:47:17,775163;9,465558E-1;1,232313E-1;1,325804E-1;9,255905E-1;;
02/12/2021  12:47:17,775263;9,466423E-1;1,327887E-1;1,218387E-1;9,259358E-1;;
02/12/2021  12:47:17,775363;9,469940E-1;1,340630E-1;1,246821E-1;9,263016E-1;;
02/12/2021  12:47:17,775463;9,484007E-1;1,340630E-1;1,493248E-1;9,266876E-1;;
02/12/2021  12:47:17,775563;9,495958E-1;1,219570E-1;1,249980E-1;9,270936E-1;;
02/12/2021  12:47:17,775663;9,498729E-1;1,305587E-1;1,430061E-1;9,275194E-1;;
02/12/2021  12:47:17,775763;9,499206E-1;1,229127E-1;1,231024E-1;9,279645E-1;;
02/12/2021  12:47:17,775863;9,503438E-1;1,101695E-1;1,174156E-1;9,284287E-1;;
02/12/2021  12:47:17,775963;9,518578E-1;1,375674E-1;1,392149E-1;9,289113E-1;;
02/12/2021  12:47:17,776063;9,524151E-1;1,382046E-1;1,335282E-1;9,294119E-1;;
02/12/2021  12:47:17,776163;9,529933E-1;1,136739E-1;1,224705E-1;9,299299E-1;;
02/12/2021  12:47:17,776263;9,531542E-1;1,229127E-1;1,291051E-1;9,304648E-1;;
02/12/2021  12:47:17,776363;9,533360E-1;1,898145E-1;1,995579E-1;9,310160E-1;;
02/12/2021  12:47:17,776463;9,545997E-1;1,015679E-1;1,347919E-1;9,315827E-1;;
02/12/2021  12:47:17,776563;9,554997E-1;1,254614E-1;1,354238E-1;9,321642E-1;;
02/12/2021  12:47:17,776663;9,557978E-1;1,251428E-1;1,126766E-1;9,327597E-1;;
02/12/2021  12:47:17,776763;9,557322E-1;1,066652E-1;1,559593E-1;9,333687E-1;;
02/12/2021  12:47:17,776863;9,561614E-1;1,296029E-1;1,414265E-1;9,339903E-1;;
02/12/2021  12:47:17,776963;9,578571E-1;1,257800E-1;1,186794E-1;9,346236E-1;;
02/12/2021  12:47:17,777063;9,578542E-1;1,229127E-1;1,281573E-1;9,352679E-1;;
02/12/2021  12:47:17,777163;9,582625E-1;1,203641E-1;1,189953E-1;9,359223E-1;;
02/12/2021  12:47:17,777263;9,582356E-1;2,638300E-2;8,487463E-2;9,365861E-1;;
02/12/2021  12:47:17,777363;9,590284E-1;1,267357E-1;1,291051E-1;9,372583E-1;;
02/12/2021  12:47:17,777463;9,604381E-1;1,347002E-1;1,246821E-1;9,379381E-1;;
02/12/2021  12:47:17,777563;9,605364E-1;1,219570E-1;1,297370E-1;9,386247E-1;;
02/12/2021  12:47:17,777663;9,601222E-1;1,302401E-1;1,316326E-1;9,393173E-1;;
02/12/2021  12:47:17,777763;9,598688E-1;1,219570E-1;1,240502E-1;9,400150E-1;;
02/12/2021  12:47:17,777863;9,602473E-1;1,197269E-1;1,294210E-1;9,407168E-1;;
02/12/2021  12:47:17,777963;9,611027E-1;1,197269E-1;1,360556E-1;9,414217E-1;;
02/12/2021  12:47:17,778063;9,607838E-1;1,152668E-1;1,104651E-1;9,421286E-1;;
02/12/2021  12:47:17,778163;9,609894E-1;1,331073E-1;1,313166E-1;9,428364E-1;;
02/12/2021  12:47:17,778263;9,603457E-1;1,299215E-1;1,344760E-1;9,435442E-1;;
02/12/2021  12:47:17,778363;9,609328E-1;1,159040E-1;1,066739E-1;9,442507E-1;;
02/12/2021  12:47:17,778463;9,614693E-1;1,251428E-1;1,297370E-1;9,449547E-1;;
02/12/2021  12:47:17,778563;9,613828E-1;1,276914E-1;1,262617E-1;9,456553E-1;;
02/12/2021  12:47:17,778663;9,614633E-1;1,047537E-1;1,256299E-1;9,463513E-1;;
02/12/2021  12:47:17,778763;9,599255E-1;1,270543E-1;1,265777E-1;9,470417E-1;;
02/12/2021  12:47:17,778863;9,609149E-1;1,267357E-1;1,205749E-1;9,477253E-1;;
02/12/2021  12:47:17,778963;9,616511E-1;1,200455E-1;1,455336E-1;9,484009E-1;;
02/12/2021  12:47:17,779063;9,614961E-1;1,382046E-1;1,344760E-1;9,490676E-1;;
02/12/2021  12:47:17,779163;9,615170E-1;1,429833E-1;1,452176E-1;9,497244E-1;;
02/12/2021  12:47:17,779263;9,610699E-1;1,308772E-1;1,253139E-1;9,503704E-1;;
02/12/2021  12:47:17,779363;9,619908E-1;8,372740E-2;9,688005E-2;9,510047E-1;;
02/12/2021  12:47:17,779463;9,620057E-1;1,350188E-1;1,433221E-1;9,516266E-1;;
02/12/2021  12:47:17,779563;9,613381E-1;1,324701E-1;1,278414E-1;9,522354E-1;;
02/12/2021  12:47:17,779663;9,606914E-1;1,117624E-1;1,180475E-1;9,528303E-1;;
02/12/2021  12:47:17,779763;9,599821E-1;6,312458E-3;7,192142E-2;9,534106E-1;;
02/12/2021  12:47:17,779863;9,604053E-1;1,362931E-1;1,742834E-1;9,539754E-1;;
02/12/2021  12:47:17,779963;9,599225E-1;1,194084E-1;1,253139E-1;9,545238E-1;;
02/12/2021  12:47:17,780063;9,597496E-1;1,311958E-1;1,344760E-1;9,550550E-1;;
02/12/2021  12:47:17,780163;9,591059E-1;1,257800E-1;1,281573E-1;9,555684E-1;;
02/12/2021  12:47:17,780263;9,584621E-1;1,276914E-1;1,297370E-1;9,560632E-1;;
02/12/2021  12:47:17,780363;9,593235E-1;1,347002E-1;1,531159E-1;9,565386E-1;;
02/12/2021  12:47:17,780463;9,586886E-1;1,324701E-1;1,278414E-1;9,569940E-1;;
02/12/2021  12:47:17,780563;9,584770E-1;1,222756E-1;1,291051E-1;9,574289E-1;;
02/12/2021  12:47:17,780663;9,573445E-1;1,318330E-1;1,262617E-1;9,578428E-1;;
02/12/2021  12:47:17,780763;9,568558E-1;1,369303E-1;1,243661E-1;9,582351E-1;;
02/12/2021  12:47:17,780863;9,574786E-1;1,308772E-1;1,256299E-1;9,586054E-1;;
02/12/2021  12:47:17,780963;9,571836E-1;1,397975E-1;1,328963E-1;9,589531E-1;;
02/12/2021  12:47:17,781063;9,566114E-1;1,114439E-1;1,259458E-1;9,592780E-1;;
02/12/2021  12:47:17,781163;9,563253E-1;-7,842982E-2;3,843263E-2;9,595799E-1;;
02/12/2021  12:47:17,781263;9,559527E-1;1,343816E-1;1,392149E-1;9,598585E-1;;
02/12/2021  12:47:17,781363;9,565577E-1;9,424054E-2;1,354238E-1;9,601138E-1;;
02/12/2021  12:47:17,781463;9,555385E-1;1,178155E-1;1,155200E-1;9,603456E-1;;
02/12/2021  12:47:17,781563;9,554520E-1;1,104881E-1;1,202590E-1;9,605541E-1;;
02/12/2021  12:47:17,781663;9,536281E-1;1,528593E-1;1,417424E-1;9,607393E-1;;
02/12/2021  12:47:17,781763;9,537413E-1;1,241871E-1;1,322644E-1;9,609012E-1;;
02/12/2021  12:47:17,781863;9,541765E-1;1,331073E-1;1,534319E-1;9,610396E-1;;
02/12/2021  12:47:17,781963;9,532943E-1;1,139925E-1;1,170997E-1;9,611548E-1;;
02/12/2021  12:47:17,782063;9,527102E-1;1,270543E-1;1,278414E-1;9,612467E-1;;
02/12/2021  12:47:17,782163;9,510472E-1;1,299215E-1;1,316326E-1;9,613156E-1;;
02/12/2021  12:47:17,782263;9,517177E-1;1,273729E-1;1,306848E-1;9,613615E-1;;
02/12/2021  12:47:17,782363;9,515210E-1;1,382046E-1;1,227865E-1;9,613846E-1;;
02/12/2021  12:47:17,782463;9,511097E-1;1,082581E-1;9,940750E-2;9,613849E-1;;
02/12/2021  12:47:17,782563;9,498640E-1;1,413904E-1;1,430061E-1;9,613629E-1;;
02/12/2021  12:47:17,782663;9,488328E-1;1,257800E-1;1,328963E-1;9,613187E-1;;
02/12/2021  12:47:17,782763;9,486480E-1;1,101695E-1;1,028828E-1;9,612526E-1;;
02/12/2021  12:47:17,782863;9,487225E-1;6,970988E-2;7,160549E-2;9,611648E-1;;
02/12/2021  12:47:17,782963;9,486570E-1;1,251428E-1;1,180475E-1;9,610555E-1;;
02/12/2021  12:47:17,783063;9,469880E-1;1,509478E-1;1,404787E-1;9,609251E-1;;
02/12/2021  12:47:17,783163;9,456200E-1;1,066652E-1;1,158360E-1;9,607740E-1;;
02/12/2021  12:47:17,783263;9,466333E-1;1,299215E-1;1,344760E-1;9,606025E-1;;
02/12/2021  12:47:17,783363;9,455038E-1;1,331073E-1;1,584868E-1;9,604108E-1;;
02/12/2021  12:47:17,783463;9,448154E-1;1,251428E-1;1,265777E-1;9,601993E-1;;
02/12/2021  12:47:17,783563;9,440107E-1;1,044351E-1;8,266311E-2;9,599685E-1;;
02/12/2021  12:47:17,783663;9,425086E-1;1,423461E-1;1,521681E-1;9,597186E-1;;
02/12/2021  12:47:17,783763;9,426010E-1;1,254614E-1;1,129926E-1;9,594498E-1;;
02/12/2021  12:47:17,783863;9,418410E-1;1,136739E-1;1,319485E-1;9,591626E-1;;
02/12/2021  12:47:17,783963;9,410423E-1;1,302401E-1;1,319485E-1;9,588571E-1;;
02/12/2021  12:47:17,784063;9,393435E-1;1,098510E-1;1,123607E-1;9,585337E-1;;
02/12/2021  12:47:17,784163;9,389263E-1;1,197269E-1;1,297370E-1;9,581926E-1;;
02/12/2021  12:47:17,784263;9,391707E-1;1,286472E-1;1,310007E-1;9,578340E-1;;
02/12/2021  12:47:17,784363;9,389471E-1;1,378860E-1;1,335282E-1;9,574582E-1;;
02/12/2021  12:47:17,784463;9,380858E-1;1,397975E-1;1,546956E-1;9,570656E-1;;
02/12/2021  12:47:17,784563;9,369444E-1;1,178155E-1;1,243661E-1;9,566568E-1;;
02/12/2021  12:47:17,784663;9,360682E-1;7,098420E-2;9,909157E-2;9,562321E-1;;
02/12/2021  12:47:17,784763;9,367060E-1;1,225942E-1;1,123607E-1;9,557921E-1;;
02/12/2021  12:47:17,784863;9,366613E-1;1,324701E-1;1,319485E-1;9,553372E-1;;
02/12/2021  12:47:17,784963;9,363841E-1;1,331073E-1;1,442698E-1;9,548681E-1;;
02/12/2021  12:47:17,785063;9,357612E-1;1,276914E-1;1,316326E-1;9,543857E-1;;
02/12/2021  12:47:17,785163;9,368132E-1;1,366117E-1;1,325804E-1;9,538908E-1;;
02/12/2021  12:47:17,785263;9,367626E-1;1,296029E-1;1,411105E-1;9,533844E-1;;
02/12/2021  12:47:17,785363;9,368013E-1;1,143111E-1;1,189953E-1;9,528676E-1;;
02/12/2021  12:47:17,785463;9,369503E-1;1,002936E-1;9,593225E-2;9,523418E-1;;
02/12/2021  12:47:17,785563;9,368311E-1;1,073023E-1;1,129926E-1;9,518082E-1;;
02/12/2021  12:47:17,785663;9,370845E-1;9,710776E-2;1,009872E-1;9,512682E-1;;
02/12/2021  12:47:17,785763;9,374361E-1;1,079395E-1;1,265777E-1;9,507231E-1;;
02/12/2021  12:47:17,785863;9,375434E-1;1,101695E-1;1,095173E-1;9,501744E-1;;
02/12/2021  12:47:17,785963;9,374719E-1;9,296622E-2;1,031987E-1;9,496235E-1;;
02/12/2021  12:47:17,786063;9,371292E-1;8,213450E-2;1,152041E-1;9,490719E-1;;
02/12/2021  12:47:17,786163;9,371292E-1;9,965640E-2;1,114129E-1;9,485210E-1;;
02/12/2021  12:47:17,786263;9,374093E-1;5,186940E-2;7,160549E-2;9,479720E-1;;
02/12/2021  12:47:17,786363;9,370636E-1;8,723178E-2;1,104651E-1;9,474263E-1;;
02/12/2021  12:47:17,786463;9,363155E-1;1,037979E-1;1,183634E-1;9,468850E-1;;
02/12/2021  12:47:17,786563;9,351443E-1;1,092138E-1;1,101492E-1;9,463491E-1;;
02/12/2021  12:47:17,786663;9,346823E-1;9,647060E-2;1,278414E-1;9,458195E-1;;
02/12/2021  12:47:17,786763;9,348969E-1;1,053908E-1;1,218387E-1;9,452968E-1;;
02/12/2021  12:47:17,786863;9,345095E-1;1,073023E-1;1,193112E-1;9,447815E-1;;
02/12/2021  12:47:17,786963;9,342383E-1;1,101695E-1;1,224705E-1;9,442742E-1;;
02/12/2021  12:47:17,787063;9,334604E-1;9,806350E-2;1,170997E-1;9,437753E-1;;
02/12/2021  12:47:17,787163;9,341250E-1;1,541336E-1;1,594346E-1;9,432852E-1;;
02/12/2021  12:47:17,787263;9,340714E-1;1,187712E-1;1,256299E-1;9,428042E-1;;
02/12/2021  12:47:17,787363;9,341757E-1;1,210013E-1;1,284732E-1;9,423327E-1;;
02/12/2021  12:47:17,787463;9,328942E-1;1,343816E-1;1,518522E-1;9,418711E-1;;
02/12/2021  12:47:17,787563;9,322117E-1;1,321516E-1;1,237343E-1;9,414196E-1;;
02/12/2021  12:47:17,787663;9,328018E-1;1,433019E-1;1,300529E-1;9,409783E-1;;
02/12/2021  12:47:17,787763;9,335707E-1;1,624167E-1;1,720719E-1;9,405473E-1;;
02/12/2021  12:47:17,787863;9,333233E-1;1,719741E-1;1,455336E-1;9,401268E-1;;
02/12/2021  12:47:17,787963;9,326617E-1;1,464877E-1;1,553275E-1;9,397170E-1;;
02/12/2021  12:47:17,788063;9,320328E-1;1,474434E-1;1,411105E-1;9,393180E-1;;
02/12/2021  12:47:17,788163;9,332309E-1;1,296029E-1;1,246821E-1;9,389300E-1;;
02/12/2021  12:47:17,788263;9,333770E-1;1,582751E-1;1,569071E-1;9,385530E-1;;
02/12/2021  12:47:17,788363;9,326527E-1;1,452133E-1;1,423743E-1;9,381872E-1;;
02/12/2021  12:47:17,788463;9,317825E-1;1,343816E-1;1,385831E-1;9,378328E-1;;
02/12/2021  12:47:17,788563;9,315143E-1;1,254614E-1;1,332122E-1;9,374895E-1;;
02/12/2021  12:47:17,788663;9,322295E-1;1,028422E-1;1,739675E-1;9,371574E-1;;
02/12/2021  12:47:17,788763;9,320716E-1;1,155854E-1;1,246821E-1;9,368363E-1;;
02/12/2021  12:47:17,788863;9,318868E-1;1,190898E-1;1,208909E-1;9,365262E-1;;
02/12/2021  12:47:17,788963;9,317348E-1;1,331073E-1;1,287892E-1;9,362269E-1;;
02/12/2021  12:47:17,789063;9,319077E-1;1,375674E-1;1,357397E-1;9,359383E-1;;
02/12/2021  12:47:17,789163;9,330670E-1;1,394789E-1;1,417424E-1;9,356603E-1;;
02/12/2021  12:47:17,789263;9,333412E-1;1,311958E-1;1,265777E-1;9,353931E-1;;
02/12/2021  12:47:17,789363;9,326587E-1;1,302401E-1;1,338441E-1;9,351367E-1;;
02/12/2021  12:47:17,789463;9,322564E-1;1,127182E-1;1,155200E-1;9,348911E-1;;
02/12/2021  12:47:17,789563;9,330312E-1;1,159040E-1;1,025668E-1;9,346564E-1;;
02/12/2021  12:47:17,789663;9,342830E-1;1,082581E-1;1,044624E-1;9,344326E-1;;
02/12/2021  12:47:17,789763;9,339611E-1;1,073023E-1;1,110970E-1;9,342199E-1;;
02/12/2021  12:47:17,789863;9,343783E-1;1,139925E-1;1,322644E-1;9,340183E-1;;
02/12/2021  12:47:17,789963;9,334246E-1;1,560451E-1;1,458495E-1;9,338281E-1;;
02/12/2021  12:47:17,790063;9,337853E-1;1,388417E-1;1,240502E-1;9,336494E-1;;
02/12/2021  12:47:17,790163;9,348522E-1;9,583344E-2;1,066739E-1;9,334821E-1;;
02/12/2021  12:47:17,790263;9,350638E-1;9,647060E-2;1,129926E-1;9,333264E-1;;
02/12/2021  12:47:17,790363;9,341995E-1;1,245056E-1;1,297370E-1;9,331822E-1;;
02/12/2021  12:47:17,790463;9,338031E-1;1,439390E-1;1,540637E-1;9,330497E-1;;
02/12/2021  12:47:17,790563;9,338627E-1;1,092138E-1;1,129926E-1;9,329286E-1;;
02/12/2021  12:47:17,790663;9,346019E-1;1,235499E-1;1,148882E-1;9,328187E-1;;
02/12/2021  12:47:17,790763;9,349297E-1;1,350188E-1;1,303688E-1;9,327199E-1;;
02/12/2021  12:47:17,790863;9,350638E-1;1,362931E-1;1,395309E-1;9,326320E-1;;
02/12/2021  12:47:17,790963;9,351622E-1;1,245056E-1;1,287892E-1;9,325549E-1;;
02/12/2021  12:47:17,791063;9,358476E-1;1,219570E-1;1,256299E-1;9,324886E-1;;
02/12/2021  12:47:17,791163;9,371888E-1;1,190898E-1;1,022509E-1;9,324329E-1;;
02/12/2021  12:47:17,791263;9,378504E-1;9,710776E-2;9,940750E-2;9,323880E-1;;
02/12/2021  12:47:17,791363;9,372037E-1;1,347002E-1;1,212068E-1;9,323541E-1;;
02/12/2021  12:47:17,791463;9,376954E-1;1,302401E-1;1,193112E-1;9,323312E-1;;
02/12/2021  12:47:17,791563;9,387296E-1;3,020596E-2;6,655058E-2;9,323196E-1;;
02/12/2021  12:47:17,791663;9,398442E-1;1,464877E-1;1,414265E-1;9,323194E-1;;
02/12/2021  12:47:17,791763;9,401720E-1;1,273729E-1;1,322644E-1;9,323308E-1;;
02/12/2021  12:47:17,791863;9,401422E-1;1,111253E-1;1,117289E-1;9,323541E-1;;
02/12/2021  12:47:17,791963;9,400230E-1;8,978042E-2;8,803395E-2;9,323896E-1;;
02/12/2021  12:47:17,792063;9,407919E-1;7,002846E-2;7,223735E-2;9,324374E-1;;
02/12/2021  12:47:17,792163;9,416413E-1;1,452133E-1;1,654373E-1;9,324975E-1;;
02/12/2021  12:47:17,792263;9,411675E-1;1,047537E-1;1,243661E-1;9,325701E-1;;
02/12/2021  12:47:17,792363;9,407621E-1;9,519628E-2;8,582243E-2;9,326552E-1;;
02/12/2021  12:47:17,792463;9,402436E-1;1,232313E-1;1,291051E-1;9,327526E-1;;
02/12/2021  12:47:17,792563;9,415519E-1;1,318330E-1;1,351078E-1;9,328620E-1;;
02/12/2021  12:47:17,792663;9,415013E-1;1,229127E-1;1,291051E-1;9,329831E-1;;
02/12/2021  12:47:17,792763;9,414715E-1;1,296029E-1;1,275255E-1;9,331156E-1;;
02/12/2021  12:47:17,792863;9,409290E-1;3,976336E-2;9,214107E-2;9,332591E-1;;
02/12/2021  12:47:17,792963;9,411049E-1;1,366117E-1;1,404787E-1;9,334131E-1;;
02/12/2021  12:47:17,793063;9,421212E-1;1,490363E-1;1,401627E-1;9,335771E-1;;
02/12/2021  12:47:17,793163;9,421808E-1;1,350188E-1;1,376353E-1;9,337505E-1;;
02/12/2021  12:47:17,793263;9,416294E-1;1,385232E-1;1,445858E-1;9,339329E-1;;
02/12/2021  12:47:17,793363;9,413969E-1;1,216384E-1;1,256299E-1;9,341237E-1;;
02/12/2021  12:47:17,793463;9,416264E-1;1,296029E-1;1,398468E-1;9,343224E-1;;
02/12/2021  12:47:17,793563;9,420198E-1;1,044351E-1;1,142563E-1;9,345282E-1;;
02/12/2021  12:47:17,793663;9,420079E-1;1,178155E-1;1,234183E-1;9,347404E-1;;
02/12/2021  12:47:17,793763;9,419543E-1;1,324701E-1;1,584868E-1;9,349585E-1;;
02/12/2021  12:47:17,793863;9,419364E-1;1,146297E-1;1,284732E-1;9,351818E-1;;
02/12/2021  12:47:17,793963;9,419781E-1;1,044351E-1;1,066739E-1;9,354096E-1;;
02/12/2021  12:47:17,794063;9,429944E-1;1,225942E-1;1,294210E-1;9,356413E-1;;
02/12/2021  12:47:17,794163;9,430868E-1;1,232313E-1;1,259458E-1;9,358763E-1;;
02/12/2021  12:47:17,794263;9,428484E-1;1,311958E-1;1,016190E-1;9,361142E-1;;
02/12/2021  12:47:17,794363;9,425682E-1;1,044351E-1;9,909157E-2;9,363545E-1;;
02/12/2021  12:47:17,794463;9,423328E-1;1,308772E-1;1,256299E-1;9,365966E-1;;
02/12/2021  12:47:17,794563;9,434474E-1;1,213198E-1;1,088855E-1;9,368399E-1;;
02/12/2021  12:47:17,794663;9,435398E-1;1,225942E-1;1,297370E-1;9,370840E-1;;
02/12/2021  12:47:17,794763;9,432865E-1;1,037979E-1;1,142563E-1;9,373284E-1;;
02/12/2021  12:47:17,794863;9,434504E-1;1,136739E-1;9,751191E-2;9,375727E-1;;
02/12/2021  12:47:17,794963;9,444339E-1;1,321516E-1;1,294210E-1;9,378165E-1;;
02/12/2021  12:47:17,795063;9,454353E-1;9,583344E-2;8,392683E-2;9,380596E-1;;
02/12/2021  12:47:17,795163;9,457810E-1;1,404346E-1;1,316326E-1;9,383019E-1;;
02/12/2021  12:47:17,795263;9,456945E-1;1,369303E-1;1,319485E-1;9,385433E-1;;
02/12/2021  12:47:17,795363;9,450389E-1;1,257800E-1;1,133085E-1;9,387838E-1;;
02/12/2021  12:47:17,795463;9,456022E-1;1,104881E-1;1,379512E-1;9,390234E-1;;
02/12/2021  12:47:17,795563;9,466751E-1;1,334259E-1;1,306848E-1;9,392620E-1;;
02/12/2021  12:47:17,795663;9,464009E-1;1,334259E-1;1,306848E-1;9,394994E-1;;
02/12/2021  12:47:17,795763;9,461297E-1;1,181340E-1;1,265777E-1;9,397357E-1;;
02/12/2021  12:47:17,795863;9,458167E-1;1,382046E-1;1,281573E-1;9,399708E-1;;
02/12/2021  12:47:17,795963;9,461773E-1;6,015248E-2;8,961361E-2;9,402046E-1;;
02/12/2021  12:47:17,796063;9,466095E-1;1,280100E-1;1,284732E-1;9,404368E-1;;
02/12/2021  12:47:17,796163;9,463711E-1;1,248242E-1;1,193112E-1;9,406674E-1;;
02/12/2021  12:47:17,796263;9,454025E-1;1,308772E-1;1,524841E-1;9,408961E-1;;
02/12/2021  12:47:17,796363;9,448303E-1;1,289658E-1;1,259458E-1;9,411228E-1;;
02/12/2021  12:47:17,796463;9,452326E-1;1,267357E-1;1,278414E-1;9,413468E-1;;
02/12/2021  12:47:17,796563;9,450746E-1;1,506292E-1;1,616461E-1;9,415678E-1;;
02/12/2021  12:47:17,796663;9,446276E-1;1,280100E-1;1,202590E-1;9,417854E-1;;
02/12/2021  12:47:17,796763;9,440524E-1;1,585937E-1;1,572231E-1;9,419990E-1;;
02/12/2021  12:47:17,796863;9,435249E-1;1,331073E-1;1,335282E-1;9,422081E-1;;
02/12/2021  12:47:17,796963;9,447855E-1;1,178155E-1;1,297370E-1;9,424121E-1;;
02/12/2021  12:47:17,797063;9,451313E-1;1,181340E-1;1,275255E-1;9,426106E-1;;
02/12/2021  12:47:17,797163;9,441716E-1;1,104881E-1;1,218387E-1;9,428032E-1;;
02/12/2021  12:47:17,797263;9,429735E-1;1,283286E-1;1,237343E-1;9,429897E-1;;
02/12/2021  12:47:17,797363;9,430361E-1;1,684697E-1;2,046129E-1;9,431695E-1;;
02/12/2021  12:47:17,797463;9,433699E-1;1,429833E-1;1,480610E-1;9,433422E-1;;
02/12/2021  12:47:17,797563;9,441269E-1;1,273729E-1;1,275255E-1;9,435072E-1;;
02/12/2021  12:47:17,797663;9,438080E-1;1,378860E-1;1,338441E-1;9,436644E-1;;
02/12/2021  12:47:17,797763;9,432239E-1;1,417090E-1;1,313166E-1;9,438136E-1;;
02/12/2021  12:47:17,797863;9,429705E-1;1,283286E-1;1,354238E-1;9,439545E-1;;
02/12/2021  12:47:17,797963;9,443832E-1;1,321516E-1;1,417424E-1;9,440869E-1;;
02/12/2021  12:47:17,798063;9,443772E-1;1,203641E-1;1,164678E-1;9,442108E-1;;
02/12/2021  12:47:17,798163;9,439391E-1;1,318330E-1;1,360556E-1;9,443263E-1;;
02/12/2021  12:47:17,798263;9,431583E-1;1,257800E-1;1,300529E-1;9,444335E-1;;
02/12/2021  12:47:17,798363;9,437007E-1;9,678918E-2;8,234717E-2;9,445324E-1;;
02/12/2021  12:47:17,798463;9,443713E-1;1,187712E-1;1,145722E-1;9,446230E-1;;
02/12/2021  12:47:17,798563;9,445173E-1;1,031608E-1;1,152041E-1;9,447055E-1;;
02/12/2021  12:47:17,798663;9,444696E-1;1,018865E-1;1,227865E-1;9,447801E-1;;
02/12/2021  12:47:17,798763;9,437246E-1;4,517922E-2;8,392683E-2;9,448473E-1;;
02/12/2021  12:47:17,798863;9,438915E-1;9,742634E-2;1,101492E-1;9,449071E-1;;
02/12/2021  12:47:17,798963;9,444160E-1;5,123224E-2;8,266311E-2;9,449598E-1;;
02/12/2021  12:47:17,799063;9,445024E-1;1,270543E-1;1,328963E-1;9,450057E-1;;
02/12/2021  12:47:17,799163;9,445978E-1;1,382046E-1;1,310007E-1;9,450450E-1;;
02/12/2021  12:47:17,799263;9,436977E-1;1,045400E-2;6,212753E-2;9,450782E-1;;
02/12/2021  12:47:17,799363;9,441686E-1;1,015679E-1;1,215227E-1;9,451056E-1;;
02/12/2021  12:47:17,799463;9,445918E-1;1,031608E-1;1,107811E-1;9,451272E-1;;
02/12/2021  12:47:17,799563;9,441656E-1;1,063466E-1;1,148882E-1;9,451436E-1;;
02/12/2021  12:47:17,799663;9,440643E-1;1,012493E-1;1,066739E-1;9,451550E-1;;
02/12/2021  12:47:17,799763;9,425950E-1;1,037979E-1;1,095173E-1;9,451616E-1;;
02/12/2021  12:47:17,799863;9,432179E-1;1,034794E-1;1,120448E-1;9,451635E-1;;
02/12/2021  12:47:17,799963;9,441299E-1;9,965640E-2;9,435259E-2;9,451608E-1;;
02/12/2021  12:47:17,800063;9,431225E-1;9,678918E-2;1,107811E-1;9,451537E-1;;
02/12/2021  12:47:17,800163;9,426129E-1;9,487770E-2;1,025668E-1;9,451424E-1;;
02/12/2021  12:47:17,800263;9,411824E-1;8,117876E-2;1,060421E-1;9,451269E-1;;
02/12/2021  12:47:17,800363;9,408158E-1;1,034794E-1;1,347919E-1;9,451071E-1;;
02/12/2021  12:47:17,800463;9,411287E-1;1,181340E-1;1,155200E-1;9,450826E-1;;
02/12/2021  12:47:17,800563;9,406727E-1;1,292843E-1;1,316326E-1;9,450534E-1;;
02/12/2021  12:47:17,800663;9,403985E-1;1,168597E-1;1,328963E-1;9,450191E-1;;
02/12/2021  12:47:17,800763;9,389233E-1;1,225942E-1;1,243661E-1;9,449795E-1;;
02/12/2021  12:47:17,800863;9,393763E-1;1,910889E-1;1,524841E-1;9,449344E-1;;
02/12/2021  12:47:17,800963;9,399485E-1;1,882216E-1;1,948190E-1;9,448834E-1;;
02/12/2021  12:47:17,801063;9,391081E-1;1,585937E-1;1,417424E-1;9,448263E-1;;
02/12/2021  12:47:17,801163;9,387951E-1;1,347002E-1;1,268936E-1;9,447630E-1;;
02/12/2021  12:47:17,801263;9,378474E-1;1,904517E-1;1,698603E-1;9,446934E-1;;
02/12/2021  12:47:17,801363;9,388965E-1;1,713369E-1;1,588027E-1;9,446173E-1;;
02/12/2021  12:47:17,801463;9,392809E-1;1,671954E-1;1,619620E-1;9,445345E-1;;
02/12/2021  12:47:17,801563;9,388577E-1;1,503106E-1;1,464814E-1;9,444452E-1;;
02/12/2021  12:47:17,801663;9,386938E-1;1,499920E-1;1,569071E-1;9,443495E-1;;
02/12/2021  12:47:17,801763;9,386521E-1;8,404598E-2;1,041465E-1;9,442475E-1;;
02/12/2021  12:47:17,801863;9,395134E-1;1,289658E-1;1,294210E-1;9,441395E-1;;
02/12/2021  12:47:17,801963;9,405029E-1;1,206827E-1;1,170997E-1;9,440258E-1;;
02/12/2021  12:47:17,802063;9,397339E-1;1,098510E-1;1,208909E-1;9,439070E-1;;
02/12/2021  12:47:17,802163;9,390008E-1;1,356559E-1;1,335282E-1;9,437836E-1;;
02/12/2021  12:47:17,802263;9,388697E-1;1,203641E-1;1,275255E-1;9,436560E-1;;
02/12/2021  12:47:17,802363;9,394985E-1;1,490363E-1;1,648054E-1;9,435246E-1;;
02/12/2021  12:47:17,802463;9,400648E-1;1,108067E-1;1,193112E-1;9,433898E-1;;
02/12/2021  12:47:17,802563;9,393048E-1;1,296029E-1;1,404787E-1;9,432521E-1;;
02/12/2021  12:47:17,802663;9,386998E-1;1,241871E-1;1,237343E-1;9,431120E-1;;
02/12/2021  12:47:17,802763;9,390485E-1;6,047106E-2;9,593225E-2;9,429698E-1;;
02/12/2021  12:47:17,802863;9,398323E-1;1,283286E-1;1,316326E-1;9,428260E-1;;
02/12/2021  12:47:17,802963;9,399485E-1;1,270543E-1;1,357397E-1;9,426810E-1;;
02/12/2021  12:47:17,803063;9,388697E-1;1,308772E-1;1,335282E-1;9,425353E-1;;
02/12/2021  12:47:17,803163;9,385061E-1;1,347002E-1;1,682807E-1;9,423893E-1;;
02/12/2021  12:47:17,803263;9,382974E-1;1,184526E-1;1,183634E-1;9,422432E-1;;
02/12/2021  12:47:17,803363;9,396237E-1;1,324701E-1;1,562753E-1;9,420973E-1;;
02/12/2021  12:47:17,803463;9,387206E-1;1,260985E-1;1,392149E-1;9,419518E-1;;
02/12/2021  12:47:17,803563;9,382855E-1;2,170918E-3;6,749837E-2;9,418072E-1;;
02/12/2021  12:47:17,803663;9,382229E-1;1,225942E-1;1,272095E-1;9,416635E-1;;
02/12/2021  12:47:17,803763;9,382706E-1;1,206827E-1;1,221546E-1;9,415210E-1;;
02/12/2021  12:47:17,803863;9,391468E-1;1,350188E-1;1,379512E-1;9,413798E-1;;
02/12/2021  12:47:17,803963;9,398084E-1;1,350188E-1;1,351078E-1;9,412402E-1;;
02/12/2021  12:47:17,804063;9,395611E-1;1,315144E-1;1,272095E-1;9,411026E-1;;
02/12/2021  12:47:17,804163;9,378742E-1;9,201048E-2;1,025668E-1;9,409673E-1;;
02/12/2021  12:47:17,804263;9,378385E-1;1,146297E-1;1,455336E-1;9,408346E-1;;
02/12/2021  12:47:17,804363;9,392332E-1;1,047537E-1;1,174156E-1;9,407044E-1;;
02/12/2021  12:47:17,804463;9,385448E-1;1,219570E-1;1,212068E-1;9,405770E-1;;
02/12/2021  12:47:17,804563;9,380531E-1;1,238685E-1;1,351078E-1;9,404525E-1;;
02/12/2021  12:47:17,804663;9,373318E-1;9,647060E-2;1,332122E-1;9,403309E-1;;
02/12/2021  12:47:17,804763;9,375553E-1;-9,297962E-3;7,255328E-2;9,402123E-1;;
02/12/2021  12:47:17,804863;9,384405E-1;1,184526E-1;1,215227E-1;9,400964E-1;;
02/12/2021  12:47:17,804963;9,383183E-1;1,248242E-1;1,189953E-1;9,399834E-1;;
02/12/2021  12:47:17,805063;9,374480E-1;1,436204E-1;1,717559E-1;9,398733E-1;;
02/12/2021  12:47:17,805163;9,370040E-1;1,219570E-1;1,186794E-1;9,397660E-1;;
02/12/2021  12:47:17,805263;9,381127E-1;1,292843E-1;1,284732E-1;9,396616E-1;;
02/12/2021  12:47:17,805363;9,377967E-1;1,573194E-1;1,809180E-1;9,395599E-1;;
02/12/2021  12:47:17,805463;9,372573E-1;1,305587E-1;1,227865E-1;9,394609E-1;;
02/12/2021  12:47:17,805563;9,364973E-1;1,018865E-1;1,445858E-1;9,393646E-1;;
02/12/2021  12:47:17,805663;9,360086E-1;1,308772E-1;1,294210E-1;9,392708E-1;;
02/12/2021  12:47:17,805763;9,370010E-1;2,829448E-2;7,255328E-2;9,391792E-1;;
02/12/2021  12:47:17,805863;9,373288E-1;1,264171E-1;1,344760E-1;9,390897E-1;;
02/12/2021  12:47:17,805963;9,363632E-1;1,260985E-1;1,237343E-1;9,390021E-1;;
02/12/2021  12:47:17,806063;9,350877E-1;1,350188E-1;1,284732E-1;9,389163E-1;;
02/12/2021  12:47:17,806163;9,346823E-1;1,009307E-1;1,186794E-1;9,388319E-1;;
02/12/2021  12:47:17,806263;9,350996E-1;1,305587E-1;1,467973E-1;9,387486E-1;;
02/12/2021  12:47:17,806363;9,351979E-1;1,139925E-1;1,177316E-1;9,386660E-1;;
02/12/2021  12:47:17,806463;9,341757E-1;1,254614E-1;1,306848E-1;9,385837E-1;;
02/12/2021  12:47:17,806563;9,332577E-1;1,248242E-1;1,183634E-1;9,385013E-1;;
02/12/2021  12:47:17,806663;9,330789E-1;1,216384E-1;1,303688E-1;9,384184E-1;;
02/12/2021  12:47:17,806763;9,333740E-1;1,260985E-1;1,398468E-1;9,383345E-1;;
02/12/2021  12:47:17,806863;9,332279E-1;1,286472E-1;1,284732E-1;9,382490E-1;;
02/12/2021  12:47:17,806963;9,334843E-1;1,235499E-1;1,417424E-1;9,381617E-1;;
02/12/2021  12:47:17,807063;9,321789E-1;1,194084E-1;1,129926E-1;9,380722E-1;;
02/12/2021  12:47:17,807163;9,322057E-1;3,848904E-2;7,571260E-2;9,379802E-1;;
02/12/2021  12:47:17,807263;9,330372E-1;1,213198E-1;1,117289E-1;9,378854E-1;;
02/12/2021  12:47:17,807363;9,325157E-1;1,305587E-1;1,344760E-1;9,377876E-1;;
02/12/2021  12:47:17,807463;9,323488E-1;1,334259E-1;1,411105E-1;9,376867E-1;;
02/12/2021  12:47:17,807563;9,316663E-1;1,601866E-1;1,546956E-1;9,375824E-1;;
02/12/2021  12:47:17,807663;9,320090E-1;1,146297E-1;1,249980E-1;9,374748E-1;;
02/12/2021  12:47:17,807763;9,326259E-1;1,130368E-1;1,458495E-1;9,373637E-1;;
02/12/2021  12:47:17,807863;9,327481E-1;1,270543E-1;1,313166E-1;9,372491E-1;;
02/12/2021  12:47:17,807963;9,326975E-1;1,283286E-1;1,221546E-1;9,371312E-1;;
02/12/2021  12:47:17,808063;9,307096E-1;1,232313E-1;1,297370E-1;9,370102E-1;;
02/12/2021  12:47:17,808163;9,313295E-1;1,308772E-1;1,300529E-1;9,368861E-1;;
02/12/2021  12:47:17,808263;9,321521E-1;1,433019E-1;1,174156E-1;9,367589E-1;;
02/12/2021  12:47:17,808363;9,319226E-1;1,203641E-1;1,284732E-1;9,366287E-1;;
02/12/2021  12:47:17,808463;9,315858E-1;1,289658E-1;1,259458E-1;9,364957E-1;;
02/12/2021  12:47:17,808563;9,311775E-1;1,219570E-1;1,284732E-1;9,363600E-1;;
02/12/2021  12:47:17,808663;9,314547E-1;1,280100E-1;1,287892E-1;9,362219E-1;;
02/12/2021  12:47:17,808763;9,325991E-1;1,165411E-1;9,624818E-2;9,360816E-1;;
02/12/2021  12:47:17,808863;9,327988E-1;1,213198E-1;1,224705E-1;9,359393E-1;;
02/12/2021  12:47:17,808963;9,324203E-1;1,292843E-1;1,145722E-1;9,357956E-1;;
02/12/2021  12:47:17,809063;9,323339E-1;1,222756E-1;1,278414E-1;9,356509E-1;;
02/12/2021  12:47:17,809163;9,331177E-1;1,321516E-1;1,294210E-1;9,355056E-1;;
02/12/2021  12:47:17,809263;9,339909E-1;1,331073E-1;1,423743E-1;9,353604E-1;;
02/12/2021  12:47:17,809363;9,344588E-1;9,519628E-2;1,202590E-1;9,352157E-1;;
02/12/2021  12:47:17,809463;9,338538E-1;1,241871E-1;1,262617E-1;9,350724E-1;;
02/12/2021  12:47:17,809563;9,344767E-1;5,409946E-2;9,688005E-2;9,349310E-1;;
02/12/2021  12:47:17,809663;9,354960E-1;2,256004E-2;6,876210E-2;9,347923E-1;;
02/12/2021  12:47:17,809763;9,354602E-1;1,656025E-1;1,888163E-1;9,346570E-1;;
02/12/2021  12:47:17,809863;9,362529E-1;1,337445E-1;1,281573E-1;9,345258E-1;;
02/12/2021  12:47:17,809963;9,348820E-1;1,576380E-1;1,493248E-1;9,343996E-1;;
02/12/2021  12:47:17,810063;9,346466E-1;1,267357E-1;1,234183E-1;9,342788E-1;;
02/12/2021  12:47:17,810163;9,350906E-1;1,127182E-1;1,167838E-1;9,341639E-1;;
02/12/2021  12:47:17,810263;9,355347E-1;1,095324E-1;1,199431E-1;9,340552E-1;;
02/12/2021  12:47:17,810363;9,356748E-1;1,190898E-1;1,170997E-1;9,339531E-1;;
02/12/2021  12:47:17,810463;9,348552E-1;1,165411E-1;1,268936E-1;9,338579E-1;;
02/12/2021  12:47:17,810563;9,349416E-1;1,187712E-1;1,183634E-1;9,337697E-1;;
02/12/2021  12:47:17,810663;9,359251E-1;1,225942E-1;1,107811E-1;9,336888E-1;;
02/12/2021  12:47:17,810763;9,363692E-1;1,241871E-1;1,287892E-1;9,336152E-1;;
02/12/2021  12:47:17,810863;9,355109E-1;1,538150E-1;1,449017E-1;9,335492E-1;;
02/12/2021  12:47:17,810963;9,356032E-1;1,178155E-1;1,202590E-1;9,334909E-1;;
02/12/2021  12:47:17,811063;9,351890E-1;5,601094E-2;1,253139E-1;9,334403E-1;;
02/12/2021  12:47:17,811163;9,358685E-1;1,174969E-1;1,382671E-1;9,333973E-1;;
02/12/2021  12:47:17,811263;9,366374E-1;1,375674E-1;1,370034E-1;9,333620E-1;;
02/12/2021  12:47:17,811363;9,368281E-1;1,375674E-1;1,291051E-1;9,333342E-1;;
02/12/2021  12:47:17,811463;9,361844E-1;1,302401E-1;1,253139E-1;9,333141E-1;;
02/12/2021  12:47:17,811563;9,368103E-1;1,280100E-1;1,436380E-1;9,333017E-1;;
02/12/2021  12:47:17,811663;9,379607E-1;1,257800E-1;1,354238E-1;9,332969E-1;;
02/12/2021  12:47:17,811763;9,377252E-1;1,264171E-1;1,313166E-1;9,332999E-1;;
02/12/2021  12:47:17,811863;9,375226E-1;9,615202E-2;1,101492E-1;9,333106E-1;;
02/12/2021  12:47:17,811963;9,370070E-1;1,235499E-1;1,335282E-1;9,333291E-1;;
02/12/2021  12:47:17,812063;9,375762E-1;1,095324E-1;1,092014E-1;9,333553E-1;;
02/12/2021  12:47:17,812163;9,380948E-1;1,187712E-1;9,498445E-2;9,333891E-1;;
02/12/2021  12:47:17,812263;9,388488E-1;1,149482E-1;1,180475E-1;9,334302E-1;;
02/12/2021  12:47:17,812363;9,385865E-1;1,095324E-1;1,208909E-1;9,334788E-1;;
02/12/2021  12:47:17,812463;9,386223E-1;9,933782E-2;1,098333E-1;9,335348E-1;;
02/12/2021  12:47:17,812563;9,392541E-1;8,500172E-2;1,129926E-1;9,335980E-1;;
02/12/2021  12:47:17,812663;9,404224E-1;9,742634E-2;1,139404E-1;9,336686E-1;;
02/12/2021  12:47:17,812763;9,406459E-1;8,914326E-2;8,898175E-2;9,337464E-1;;
02/12/2021  12:47:17,812863;9,404015E-1;9,328480E-2;1,019350E-1;9,338316E-1;;
02/12/2021  12:47:17,812963;9,398919E-1;9,360338E-2;9,688005E-2;9,339244E-1;;
02/12/2021  12:47:17,813063;9,406370E-1;1,018865E-1;1,104651E-1;9,340245E-1;;
02/12/2021  12:47:17,813163;9,411645E-1;1,143111E-1;1,417424E-1;9,341319E-1;;
02/12/2021  12:47:17,813263;9,417993E-1;8,468314E-2;1,069899E-1;9,342464E-1;;
02/12/2021  12:47:17,813363;9,413671E-1;1,123996E-1;1,246821E-1;9,343682E-1;;
02/12/2021  12:47:17,813463;9,406698E-1;4,517922E-2;1,022509E-1;9,344970E-1;;
02/12/2021  12:47:17,813563;9,416562E-1;1,375674E-1;1,316326E-1;9,346327E-1;;
02/12/2021  12:47:17,813663;9,425950E-1;1,315144E-1;1,319485E-1;9,347750E-1;;
02/12/2021  12:47:17,813763;9,419781E-1;1,388417E-1;1,224705E-1;9,349238E-1;;
02/12/2021  12:47:17,813863;9,409946E-1;1,595494E-1;2,046129E-1;9,350789E-1;;
02/12/2021  12:47:17,813963;9,407145E-1;1,461691E-1;1,344760E-1;9,352399E-1;;
02/12/2021  12:47:17,814063;9,411943E-1;1,499920E-1;1,193112E-1;9,354063E-1;;
02/12/2021  12:47:17,814163;9,416145E-1;2,340972E-1;2,355742E-1;9,355775E-1;;
02/12/2021  12:47:17,814263;9,416324E-1;1,675139E-1;1,439539E-1;9,357531E-1;;
02/12/2021  12:47:17,814363;9,409112E-1;5,282514E-2;8,171531E-2;9,359327E-1;;
02/12/2021  12:47:17,814463;9,413195E-1;1,652839E-1;1,531159E-1;9,361156E-1;;
02/12/2021  12:47:17,814563;9,417725E-1;1,512664E-1;1,449017E-1;9,363014E-1;;
02/12/2021  12:47:17,814663;9,425563E-1;1,206827E-1;1,265777E-1;9,364896E-1;;
02/12/2021  12:47:17,814763;9,423000E-1;1,366117E-1;1,370034E-1;9,366798E-1;;
02/12/2021  12:47:17,814863;9,420437E-1;1,235499E-1;1,088855E-1;9,368717E-1;;
02/12/2021  12:47:17,814963;9,412062E-1;1,780271E-1;2,172501E-1;9,370650E-1;;
02/12/2021  12:47:17,815063;9,429050E-1;1,347002E-1;1,600664E-1;9,372592E-1;;
02/12/2021  12:47:17,815163;9,434534E-1;1,318330E-1;1,338441E-1;9,374539E-1;;
02/12/2021  12:47:17,815263;9,430123E-1;1,391603E-1;1,297370E-1;9,376489E-1;;
02/12/2021  12:47:17,815363;9,435845E-1;1,181340E-1;1,202590E-1;9,378441E-1;;
02/12/2021  12:47:17,815463;9,433729E-1;1,280100E-1;1,328963E-1;9,380392E-1;;
02/12/2021  12:47:17,815563;9,448601E-1;1,356559E-1;1,606983E-1;9,382342E-1;;
02/12/2021  12:47:17,815663;9,454263E-1;1,353374E-1;1,338441E-1;9,384291E-1;;
02/12/2021  12:47:17,815763;9,459002E-1;1,190898E-1;1,360556E-1;9,386239E-1;;
02/12/2021  12:47:17,815863;9,450597E-1;1,324701E-1;1,341600E-1;9,388189E-1;;
02/12/2021  12:47:17,815963;9,455455E-1;1,286472E-1;1,313166E-1;9,390142E-1;;
02/12/2021  12:47:17,816063;9,465022E-1;1,174969E-1;1,196272E-1;9,392097E-1;;
02/12/2021  12:47:17,816163;9,469999E-1;1,292843E-1;1,310007E-1;9,394058E-1;;
02/12/2021  12:47:17,816263;9,470834E-1;1,305587E-1;1,370034E-1;9,396025E-1;;
02/12/2021  12:47:17,816363;9,470863E-1;9,328480E-2;1,461654E-1;9,398000E-1;;
02/12/2021  12:47:17,816463;9,473009E-1;1,248242E-1;1,338441E-1;9,399986E-1;;
02/12/2021  12:47:17,816563;9,488745E-1;1,375674E-1;1,423743E-1;9,401983E-1;;
02/12/2021  12:47:17,816663;9,490265E-1;1,308772E-1;1,262617E-1;9,403995E-1;;
02/12/2021  12:47:17,816763;9,492322E-1;1,184526E-1;1,186794E-1;9,406024E-1;;
02/12/2021  12:47:17,816863;9,489997E-1;1,216384E-1;1,411105E-1;9,408073E-1;;
02/12/2021  12:47:17,816963;9,492888E-1;1,248242E-1;1,303688E-1;9,410144E-1;;
02/12/2021  12:47:17,817063;9,503080E-1;1,018865E-1;1,019350E-1;9,412239E-1;;
02/12/2021  12:47:17,817163;9,502455E-1;1,171783E-1;1,199431E-1;9,414360E-1;;
02/12/2021  12:47:17,817263;9,506448E-1;1,382046E-1;1,300529E-1;9,416508E-1;;
02/12/2021  12:47:17,817363;9,500786E-1;1,407532E-1;1,417424E-1;9,418685E-1;;
02/12/2021  12:47:17,817463;9,505584E-1;1,238685E-1;1,322644E-1;9,420892E-1;;
02/12/2021  12:47:17,817563;9,517833E-1;1,136739E-1;8,771802E-2;9,423128E-1;;
02/12/2021  12:47:17,817663;9,512945E-1;1,229127E-1;1,268936E-1;9,425395E-1;;
02/12/2021  12:47:17,817763;9,503140E-1;1,267357E-1;1,287892E-1;9,427691E-1;;
02/12/2021  12:47:17,817863;9,497418E-1;1,251428E-1;1,253139E-1;9,430017E-1;;
02/12/2021  12:47:17,817963;9,496673E-1;1,085766E-1;1,246821E-1;9,432367E-1;;
02/12/2021  12:47:17,818063;9,495153E-1;9,009900E-2;9,372073E-2;9,434738E-1;;
02/12/2021  12:47:17,818163;9,492292E-1;1,181340E-1;1,291051E-1;9,437123E-1;;
02/12/2021  12:47:17,818263;9,478791E-1;1,334259E-1;1,347919E-1;9,439516E-1;;
02/12/2021  12:47:17,818363;9,466423E-1;1,270543E-1;1,291051E-1;9,441909E-1;;
02/12/2021  12:47:17,818463;9,477301E-1;1,248242E-1;1,291051E-1;9,444294E-1;;
02/12/2021  12:47:17,818563;9,481294E-1;1,076209E-1;1,594346E-1;9,446659E-1;;
02/12/2021  12:47:17,818663;9,475691E-1;1,267357E-1;1,259458E-1;9,448998E-1;;
02/12/2021  12:47:17,818763;9,465976E-1;1,095324E-1;1,483770E-1;9,451303E-1;;
02/12/2021  12:47:17,818863;9,457035E-1;1,174969E-1;1,268936E-1;9,453565E-1;;
02/12/2021  12:47:17,818963;9,466214E-1;1,267357E-1;1,243661E-1;9,455775E-1;;
02/12/2021  12:47:17,819063;9,466810E-1;1,245056E-1;1,385831E-1;9,457926E-1;;
02/12/2021  12:47:17,819163;9,461058E-1;1,382046E-1;1,417424E-1;9,460010E-1;;
02/12/2021  12:47:17,819263;9,454055E-1;1,296029E-1;1,404787E-1;9,462020E-1;;
02/12/2021  12:47:17,819363;9,461088E-1;1,264171E-1;1,360556E-1;9,463949E-1;;
02/12/2021  12:47:17,819463;9,467585E-1;1,203641E-1;1,126766E-1;9,465793E-1;;
02/12/2021  12:47:17,819563;9,469194E-1;1,210013E-1;1,322644E-1;9,467547E-1;;
02/12/2021  12:47:17,819663;9,688068E-1;8,404598E-2;1,354238E-1;9,469215E-1;;
02/12/2021  12:47:17,819763;9,691435E-1;1,318330E-1;1,303688E-1;9,470821E-1;;
02/12/2021  12:47:17,819863;9,689558E-1;1,168597E-1;1,272095E-1;9,472405E-1;;
02/12/2021  12:47:17,819963;9,672302E-1;1,378860E-1;1,404787E-1;9,474009E-1;;
02/12/2021  12:47:17,820063;9,662288E-1;1,283286E-1;1,272095E-1;9,475666E-1;;
02/12/2021  12:47:17,820163;9,664464E-1;1,315144E-1;1,357397E-1;9,477403E-1;;
02/12/2021  12:47:17,820263;9,661692E-1;1,241871E-1;1,486929E-1;9,479241E-1;;
02/12/2021  12:47:17,820363;9,656506E-1;1,388417E-1;1,395309E-1;9,481199E-1;;
02/12/2021  12:47:17,820463;9,639906E-1;1,509478E-1;1,783905E-1;9,483288E-1;;
02/12/2021  12:47:17,820563;9,629266E-1;1,168597E-1;1,208909E-1;9,485517E-1;;
02/12/2021  12:47:17,820663;9,618895E-1;1,286472E-1;1,278414E-1;9,487886E-1;;
02/12/2021  12:47:17,820763;9,616123E-1;1,267357E-1;1,430061E-1;9,490395E-1;;
02/12/2021  12:47:17,820863;9,604679E-1;1,264171E-1;1,287892E-1;9,493038E-1;;
02/12/2021  12:47:17,820963;9,589420E-1;1,210013E-1;1,303688E-1;9,495807E-1;;
02/12/2021  12:47:17,821063;9,575412E-1;1,270543E-1;1,287892E-1;9,498691E-1;;
02/12/2021  12:47:17,821163;9,574459E-1;1,245056E-1;1,133085E-1;9,501674E-1;;
02/12/2021  12:47:17,821263;9,567067E-1;1,149482E-1;1,294210E-1;9,504741E-1;;
02/12/2021  12:47:17,821363;9,550795E-1;1,251428E-1;1,306848E-1;9,507874E-1;;
02/12/2021  12:47:17,821463;9,534642E-1;1,296029E-1;1,328963E-1;9,511054E-1;;
02/12/2021  12:47:17,821563;9,521141E-1;4,836502E-2;1,000394E-1;9,514260E-1;;
02/12/2021  12:47:17,821663;9,511753E-1;9,455912E-2;1,212068E-1;9,517469E-1;;
02/12/2021  12:47:17,821763;9,505942E-1;1,356559E-1;1,363715E-1;9,520657E-1;;
02/12/2021  12:47:17,821863;9,499474E-1;1,359745E-1;1,347919E-1;9,523800E-1;;
02/12/2021  12:47:17,821963;9,477331E-1;1,216384E-1;1,246821E-1;9,526876E-1;;
02/12/2021  12:47:17,822063;9,467913E-1;1,127182E-1;1,606983E-1;9,529860E-1;;
02/12/2021  12:47:17,822163;9,470297E-1;1,276914E-1;1,310007E-1;9,532730E-1;;
02/12/2021  12:47:17,822263;9,454472E-1;1,238685E-1;1,268936E-1;9,535462E-1;;
02/12/2021  12:47:17,822363;9,444547E-1;1,216384E-1;1,193112E-1;9,538036E-1;;
02/12/2021  12:47:17,822463;9,436203E-1;1,289658E-1;1,360556E-1;9,540431E-1;;
02/12/2021  12:47:17,822563;9,424550E-1;1,382046E-1;1,272095E-1;9,542628E-1;;
02/12/2021  12:47:17,822663;9,423685E-1;1,375674E-1;1,812339E-1;9,544607E-1;;
02/12/2021  12:47:17,822763;9,414744E-1;1,302401E-1;1,347919E-1;9,546352E-1;;
02/12/2021  12:47:17,822863;9,404283E-1;1,028422E-1;1,246821E-1;9,547849E-1;;
02/12/2021  12:47:17,822963;9,393048E-1;1,260985E-1;1,338441E-1;9,549082E-1;;
02/12/2021  12:47:17,823063;9,386402E-1;1,260985E-1;1,278414E-1;9,550040E-1;;
02/12/2021  12:47:17,823163;9,386849E-1;1,327887E-1;1,392149E-1;9,550710E-1;;
02/12/2021  12:47:17,823263;9,380203E-1;1,280100E-1;1,310007E-1;9,551084E-1;;
02/12/2021  12:47:17,823363;9,363930E-1;1,139925E-1;1,161519E-1;9,551155E-1;;
02/12/2021  12:47:17,823463;9,348641E-1;1,280100E-1;1,076217E-1;9,550914E-1;;
02/12/2021  12:47:17,823563;9,338747E-1;1,292843E-1;1,291051E-1;9,550357E-1;;
02/12/2021  12:47:17,823663;9,343307E-1;1,321516E-1;1,464814E-1;9,549476E-1;;
02/12/2021  12:47:17,823763;9,333025E-1;1,347002E-1;1,344760E-1;9,548269E-1;;
02/12/2021  12:47:17,823863;9,327690E-1;1,439390E-1;1,404787E-1;9,546732E-1;;
02/12/2021  12:47:17,823963;9,311954E-1;1,353374E-1;1,322644E-1;9,544865E-1;;
02/12/2021  12:47:17,824063;9,309897E-1;3,530324E-2;5,991600E-2;9,542669E-1;;
02/12/2021  12:47:17,824163;9,302864E-1;1,324701E-1;1,278414E-1;9,540145E-1;;
02/12/2021  12:47:17,824263;9,293714E-1;1,382046E-1;1,183634E-1;9,537295E-1;;
02/12/2021  12:47:17,824363;9,283224E-1;1,509478E-1;1,502726E-1;9,534123E-1;;
02/12/2021  12:47:17,824463;9,277949E-1;1,082581E-1;1,259458E-1;9,530632E-1;;
02/12/2021  12:47:17,824563;9,271004E-1;1,238685E-1;1,158360E-1;9,526828E-1;;
02/12/2021  12:47:17,824663;9,267875E-1;1,401161E-1;1,249980E-1;9,522717E-1;;
02/12/2021  12:47:17,824763;9,257921E-1;1,136739E-1;1,079377E-1;9,518306E-1;;
02/12/2021  12:47:17,824863;9,247788E-1;1,468062E-1;1,347919E-1;9,513602E-1;;
02/12/2021  12:47:17,824963;9,235926E-1;1,311958E-1;1,205749E-1;9,508614E-1;;
02/12/2021  12:47:17,825063;9,232827E-1;1,318330E-1;1,316326E-1;9,503350E-1;;
02/12/2021  12:47:17,825163;9,230145E-1;1,362931E-1;1,591187E-1;9,497818E-1;;
02/12/2021  12:47:17,825263;9,215988E-1;1,429833E-1;1,392149E-1;9,492028E-1;;
02/12/2021  12:47:17,825363;9,202279E-1;1,366117E-1;1,284732E-1;9,485990E-1;;
02/12/2021  12:47:17,825463;9,187139E-1;8,149734E-2;1,385831E-1;9,479713E-1;;
02/12/2021  12:47:17,825563;9,187884E-1;1,407532E-1;1,461654E-1;9,473204E-1;;
02/12/2021  12:47:17,825663;9,185529E-1;1,369303E-1;1,398468E-1;9,466472E-1;;
02/12/2021  12:47:17,825763;9,181804E-1;1,337445E-1;1,313166E-1;9,459528E-1;;
02/12/2021  12:47:17,825863;9,169227E-1;1,324701E-1;1,265777E-1;9,452382E-1;;
02/12/2021  12:47:17,825963;9,163773E-1;1,397975E-1;1,385831E-1;9,445046E-1;;
02/12/2021  12:47:17,826063;9,174532E-1;1,585937E-1;1,730197E-1;9,437532E-1;;
02/12/2021  12:47:17,826163;9,169823E-1;1,229127E-1;1,199431E-1;9,429853E-1;;
02/12/2021  12:47:17,826263;9,166068E-1;1,225942E-1;1,351078E-1;9,422024E-1;;
02/12/2021  12:47:17,826363;9,160972E-1;1,305587E-1;1,281573E-1;9,414060E-1;;
02/12/2021  12:47:17,826463;9,159064E-1;1,429833E-1;1,379512E-1;9,405979E-1;;
02/12/2021  12:47:17,826563;9,165979E-1;1,311958E-1;1,126766E-1;9,397794E-1;;
02/12/2021  12:47:17,826663;9,168452E-1;1,353374E-1;1,284732E-1;9,389524E-1;;
02/12/2021  12:47:17,826763;9,162194E-1;1,296029E-1;1,360556E-1;9,381187E-1;;
02/12/2021  12:47:17,826863;9,154385E-1;1,108067E-1;1,215227E-1;9,372801E-1;;
02/12/2021  12:47:17,826963;9,154922E-1;1,254614E-1;1,256299E-1;9,364383E-1;;
02/12/2021  12:47:17,827063;9,166783E-1;1,566822E-1;1,632258E-1;9,355951E-1;;
02/12/2021  12:47:17,827163;9,166247E-1;1,092138E-1;1,174156E-1;9,347521E-1;;
02/12/2021  12:47:17,827263;9,162700E-1;1,241871E-1;1,158360E-1;9,339113E-1;;
02/12/2021  12:47:17,827363;9,156561E-1;1,611423E-1;1,556434E-1;9,330744E-1;;
02/12/2021  12:47:17,827463;9,154385E-1;1,445762E-1;1,325804E-1;9,322431E-1;;
02/12/2021  12:47:17,827563;9,169585E-1;9,965640E-2;9,656411E-2;9,314191E-1;;
02/12/2021  12:47:17,827663;9,169317E-1;1,190898E-1;1,303688E-1;9,306038E-1;;
02/12/2021  12:47:17,827763;9,168244E-1;1,474434E-1;1,401627E-1;9,297990E-1;;
02/12/2021  12:47:17,827863;9,171433E-1;1,378860E-1;1,404787E-1;9,290064E-1;;
02/12/2021  12:47:17,827963;9,182162E-1;1,171783E-1;1,249980E-1;9,282275E-1;;
02/12/2021  12:47:17,828063;9,193040E-1;7,958586E-2;5,738855E-2;9,274639E-1;;
02/12/2021  12:47:17,828163;9,201981E-1;1,410718E-1;1,385831E-1;9,267174E-1;;
02/12/2021  12:47:17,828263;9,205587E-1;1,159040E-1;1,193112E-1;9,259897E-1;;
02/12/2021  12:47:17,828363;9,207673E-1;1,108067E-1;1,183634E-1;9,252827E-1;;
02/12/2021  12:47:17,828463;9,211577E-1;1,012493E-1;6,749837E-2;9,245980E-1;;
02/12/2021  12:47:17,828563;9,230025E-1;1,095324E-1;1,278414E-1;9,239371E-1;;
02/12/2021  12:47:17,828663;9,233155E-1;1,047537E-1;1,180475E-1;9,233016E-1;;
02/12/2021  12:47:17,828763;9,234734E-1;1,101695E-1;1,193112E-1;9,226931E-1;;
02/12/2021  12:47:17,828863;9,239026E-1;1,079395E-1;1,152041E-1;9,221130E-1;;
02/12/2021  12:47:17,828963;9,253063E-1;7,002846E-2;9,308886E-2;9,215626E-1;;
02/12/2021  12:47:17,829063;9,263315E-1;1,108067E-1;1,231024E-1;9,210431E-1;;
02/12/2021  12:47:17,829163;9,262302E-1;1,165411E-1;1,215227E-1;9,205558E-1;;
02/12/2021  12:47:17,829263;9,256967E-1;6,397544E-2;5,738855E-2;9,201016E-1;;
02/12/2021  12:47:17,829363;9,256639E-1;8,436456E-2;1,038306E-1;9,196814E-1;;
02/12/2021  12:47:17,829463;9,264120E-1;1,050723E-1;1,224705E-1;9,192956E-1;;
02/12/2021  12:47:17,829563;9,269902E-1;1,197269E-1;1,360556E-1;9,189447E-1;;
02/12/2021  12:47:17,829663;9,270975E-1;8,818752E-2;9,845971E-2;9,186288E-1;;
02/12/2021  12:47:17,829763;9,268620E-1;9,774492E-2;1,142563E-1;9,183480E-1;;
02/12/2021  12:47:17,829863;9,279021E-1;1,006121E-1;1,202590E-1;9,181023E-1;;
02/12/2021  12:47:17,829963;9,288916E-1;1,012493E-1;1,092014E-1;9,178915E-1;;
02/12/2021  12:47:17,830063;9,294877E-1;1,139925E-1;1,237343E-1;9,177155E-1;;
02/12/2021  12:47:17,830163;9,298572E-1;1,229127E-1;1,363715E-1;9,175741E-1;;
02/12/2021  12:47:17,830263;9,296367E-1;1,302401E-1;1,313166E-1;9,174671E-1;;
02/12/2021  12:47:17,830363;9,292492E-1;1,104881E-1;1,246821E-1;9,173940E-1;;
02/12/2021  12:47:17,830463;9,307930E-1;1,480806E-1;1,682807E-1;9,173542E-1;;
02/12/2021  12:47:17,830563;9,315798E-1;1,423461E-1;1,351078E-1;9,173471E-1;;
02/12/2021  12:47:17,830663;9,319166E-1;1,471248E-1;1,344760E-1;9,173720E-1;;
02/12/2021  12:47:17,830763;9,322742E-1;1,662396E-1;1,458495E-1;9,174283E-1;;
02/12/2021  12:47:17,830863;9,320299E-1;1,694254E-1;1,575390E-1;9,175153E-1;;
02/12/2021  12:47:17,830963;9,333263E-1;1,681511E-1;1,543797E-1;9,176322E-1;;
02/12/2021  12:47:17,831063;9,338240E-1;1,474434E-1;1,370034E-1;9,177782E-1;;
02/12/2021  12:47:17,831163;9,336064E-1;1,461691E-1;1,433221E-1;9,179522E-1;;
02/12/2021  12:47:17,831263;9,328584E-1;1,474434E-1;1,474292E-1;9,181536E-1;;
02/12/2021  12:47:17,831363;9,332816E-1;1,254614E-1;1,221546E-1;9,183809E-1;;
02/12/2021  12:47:17,831463;9,345214E-1;1,006121E-1;7,350108E-2;9,186331E-1;;
02/12/2021  12:47:17,831563;9,346644E-1;1,260985E-1;1,256299E-1;9,189088E-1;;
02/12/2021  12:47:17,831663;9,348522E-1;1,347002E-1;1,373193E-1;9,192070E-1;;
02/12/2021  12:47:17,831763;9,349327E-1;1,203641E-1;1,325804E-1;9,195264E-1;;
02/12/2021  12:47:17,831863;9,353708E-1;1,296029E-1;1,237343E-1;9,198657E-1;;
02/12/2021  12:47:17,831963;9,366165E-1;1,264171E-1;1,363715E-1;9,202238E-1;;
02/12/2021  12:47:17,832063;9,372305E-1;1,276914E-1;1,313166E-1;9,205995E-1;;
02/12/2021  12:47:17,832163;9,374868E-1;1,280100E-1;1,284732E-1;9,209917E-1;;
02/12/2021  12:47:17,832263;9,371262E-1;9,583344E-2;8,961361E-2;9,213994E-1;;
02/12/2021  12:47:17,832363;9,380322E-1;1,318330E-1;1,256299E-1;9,218215E-1;;
02/12/2021  12:47:17,832463;9,386819E-1;1,353374E-1;1,619620E-1;9,222570E-1;;
02/12/2021  12:47:17,832563;9,392034E-1;1,292843E-1;1,306848E-1;9,227048E-1;;
02/12/2021  12:47:17,832663;9,387296E-1;1,302401E-1;1,278414E-1;9,231640E-1;;
02/12/2021  12:47:17,832763;9,385984E-1;1,248242E-1;1,322644E-1;9,236335E-1;;
02/12/2021  12:47:17,832863;9,399336E-1;4,995792E-2;7,697633E-2;9,241122E-1;;
02/12/2021  12:47:17,832963;9,406310E-1;1,292843E-1;1,202590E-1;9,245991E-1;;
02/12/2021  12:47:17,833063;9,401840E-1;1,327887E-1;1,117289E-1;9,250934E-1;;
02/12/2021  12:47:17,833163;9,403896E-1;1,127182E-1;1,145722E-1;9,255940E-1;;
02/12/2021  12:47:17,833263;9,397220E-1;1,222756E-1;1,268936E-1;9,261000E-1;;
02/12/2021  12:47:17,833363;9,406370E-1;1,216384E-1;1,082536E-1;9,266103E-1;;
02/12/2021  12:47:17,833463;9,414417E-1;7,385142E-2;7,729226E-2;9,271239E-1;;
02/12/2021  12:47:17,833563;9,407949E-1;1,069837E-1;1,088855E-1;9,276399E-1;;
02/12/2021  12:47:17,833663;9,414744E-1;9,009900E-2;1,215227E-1;9,281573E-1;;
02/12/2021  12:47:17,833763;9,405863E-1;1,229127E-1;1,177316E-1;9,286752E-1;;
02/12/2021  12:47:17,833863;9,415787E-1;1,219570E-1;1,303688E-1;9,291927E-1;;
02/12/2021  12:47:17,833963;9,427649E-1;1,264171E-1;1,404787E-1;9,297089E-1;;
02/12/2021  12:47:17,834063;9,425354E-1;1,143111E-1;1,164678E-1;9,302230E-1;;
02/12/2021  12:47:17,834163;9,429139E-1;1,139925E-1;9,530039E-2;9,307344E-1;;
02/12/2021  12:47:17,834263;9,426368E-1;1,394789E-1;1,322644E-1;9,312425E-1;;
02/12/2021  12:47:17,834363;9,438646E-1;1,439390E-1;1,376353E-1;9,317466E-1;;
02/12/2021  12:47:17,834463;9,440524E-1;1,375674E-1;1,332122E-1;9,322463E-1;;
02/12/2021  12:47:17,834563;9,437007E-1;1,082581E-1;1,123607E-1;9,327410E-1;;
02/12/2021  12:47:17,834663;9,440703E-1;1,041165E-1;1,038306E-1;9,332305E-1;;
02/12/2021  12:47:17,834763;9,442789E-1;1,331073E-1;1,297370E-1;9,337142E-1;;
02/12/2021  12:47:17,834863;9,457363E-1;1,210013E-1;1,480610E-1;9,341917E-1;;
02/12/2021  12:47:17,834963;9,460403E-1;1,069837E-1;1,088855E-1;9,346629E-1;;
02/12/2021  12:47:17,835063;9,455634E-1;1,194084E-1;1,370034E-1;9,351275E-1;;
02/12/2021  12:47:17,835163;9,449048E-1;1,251428E-1;1,354238E-1;9,355855E-1;;
02/12/2021  12:47:17,835263;9,448154E-1;1,359745E-1;1,559593E-1;9,360365E-1;;
02/12/2021  12:47:17,835363;9,460432E-1;1,050723E-1;8,929768E-2;9,364801E-1;;
02/12/2021  12:47:17,835463;9,466065E-1;1,101695E-1;1,152041E-1;9,369162E-1;;
02/12/2021  12:47:17,835563;9,466304E-1;1,216384E-1;1,366875E-1;9,373445E-1;;
02/12/2021  12:47:17,835663;9,460492E-1;1,270543E-1;1,227865E-1;9,377650E-1;;
02/12/2021  12:47:17,835763;9,468032E-1;1,190898E-1;1,170997E-1;9,381776E-1;;
02/12/2021  12:47:17,835863;9,478821E-1;1,283286E-1;1,546956E-1;9,385822E-1;;
02/12/2021  12:47:17,835963;9,480818E-1;1,098510E-1;1,177316E-1;9,389787E-1;;
02/12/2021  12:47:17,836063;9,482308E-1;1,324701E-1;1,253139E-1;9,393673E-1;;
02/12/2021  12:47:17,836163;9,475066E-1;1,168597E-1;1,300529E-1;9,397482E-1;;
02/12/2021  12:47:17,836263;9,480669E-1;1,076209E-1;1,136244E-1;9,401213E-1;;
02/12/2021  12:47:17,836363;9,483887E-1;8,213450E-2;9,214107E-2;9,404866E-1;;
02/12/2021  12:47:17,836463;9,488060E-1;1,429833E-1;1,426902E-1;9,408443E-1;;
02/12/2021  12:47:17,836563;9,480490E-1;1,327887E-1;1,202590E-1;9,411944E-1;;
02/12/2021  12:47:17,836663;9,475542E-1;1,120810E-1;1,205749E-1;9,415369E-1;;
02/12/2021  12:47:17,836763;9,483619E-1;1,041165E-1;1,155200E-1;9,418716E-1;;
02/12/2021  12:47:17,836863;9,483530E-1;2,192288E-2;5,359736E-2;9,421986E-1;;
02/12/2021  12:47:17,836963;9,480818E-1;1,318330E-1;1,300529E-1;9,425176E-1;;
02/12/2021  12:47:17,837063;9,475870E-1;1,187712E-1;1,202590E-1;9,428288E-1;;
02/12/2021  12:47:17,837163;9,463204E-1;1,200455E-1;1,088855E-1;9,431318E-1;;
02/12/2021  12:47:17,837263;9,468062E-1;1,257800E-1;1,259458E-1;9,434262E-1;;
02/12/2021  12:47:17,837363;9,474201E-1;1,283286E-1;1,341600E-1;9,437119E-1;;
02/12/2021  12:47:17,837463;9,469135E-1;1,203641E-1;1,243661E-1;9,439884E-1;;
02/12/2021  12:47:17,837563;9,463562E-1;1,162226E-1;1,240502E-1;9,442556E-1;;
02/12/2021  12:47:17,837663;9,465529E-1;1,092138E-1;1,164678E-1;9,445132E-1;;
02/12/2021  12:47:17,837763;9,474082E-1;1,241871E-1;1,306848E-1;9,447608E-1;;
02/12/2021  12:47:17,837863;9,479387E-1;1,280100E-1;1,272095E-1;9,449985E-1;;
02/12/2021  12:47:17,837963;9,477033E-1;1,264171E-1;1,278414E-1;9,452262E-1;;
02/12/2021  12:47:17,838063;9,474142E-1;8,850610E-2;1,082536E-1;9,454441E-1;;
02/12/2021  12:47:17,838163;9,469403E-1;1,404346E-1;1,360556E-1;9,456522E-1;;
02/12/2021  12:47:17,838263;9,476615E-1;1,512664E-1;1,376353E-1;9,458505E-1;;
02/12/2021  12:47:17,838363;9,480996E-1;1,123996E-1;1,420583E-1;9,460390E-1;;
02/12/2021  12:47:17,838463;9,478672E-1;1,219570E-1;1,221546E-1;9,462181E-1;;
02/12/2021  12:47:17,838563;9,474857E-1;1,280100E-1;1,366875E-1;9,463878E-1;;
02/12/2021  12:47:17,838663;9,476198E-1;1,327887E-1;1,297370E-1;9,465483E-1;;
02/12/2021  12:47:17,838763;9,487970E-1;6,078964E-2;7,697633E-2;9,466999E-1;;
02/12/2021  12:47:17,838863;9,488686E-1;1,213198E-1;1,246821E-1;9,468429E-1;;
02/12/2021  12:47:17,838963;9,485020E-1;1,069837E-1;1,180475E-1;9,469775E-1;;
02/12/2021  12:47:17,839063;9,480251E-1;1,229127E-1;1,275255E-1;9,471043E-1;;
02/12/2021  12:47:17,839163;9,469552E-1;1,159040E-1;1,000394E-1;9,472234E-1;;
02/12/2021  12:47:17,839263;9,482844E-1;1,464877E-1;1,679647E-1;9,473350E-1;;
02/12/2021  12:47:17,839363;9,482606E-1;1,318330E-1;1,300529E-1;9,474394E-1;;
02/12/2021  12:47:17,839463;9,482010E-1;1,289658E-1;1,335282E-1;9,475366E-1;;
02/12/2021  12:47:17,839563;9,478791E-1;1,401161E-1;1,300529E-1;9,476271E-1;;
02/12/2021  12:47:17,839663;9,476407E-1;1,296029E-1;1,303688E-1;9,477110E-1;;
02/12/2021  12:47:17,839763;9,488358E-1;1,238685E-1;1,297370E-1;9,477885E-1;;
02/12/2021  12:47:17,839863;9,487344E-1;1,299215E-1;1,291051E-1;9,478601E-1;;
02/12/2021  12:47:17,839963;9,484245E-1;1,184526E-1;1,259458E-1;9,479259E-1;;
02/12/2021  12:47:17,840063;9,480847E-1;1,343816E-1;1,328963E-1;9,479864E-1;;
02/12/2021  12:47:17,840163;9,479208E-1;1,165411E-1;1,085695E-1;9,480418E-1;;
02/12/2021  12:47:17,840263;9,492471E-1;1,114439E-1;1,316326E-1;9,480923E-1;;
02/12/2021  12:47:17,840363;9,495779E-1;1,417090E-1;1,423743E-1;9,481383E-1;;
02/12/2021  12:47:17,840463;9,486391E-1;1,404346E-1;1,398468E-1;9,481803E-1;;
02/12/2021  12:47:17,840563;9,486808E-1;1,302401E-1;1,556434E-1;9,482185E-1;;
02/12/2021  12:47:17,840663;9,488596E-1;1,375674E-1;1,344760E-1;9,482533E-1;;
02/12/2021  12:47:17,840763;9,494974E-1;7,193994E-2;1,177316E-1;9,482850E-1;;
02/12/2021  12:47:17,840863;9,499653E-1;1,410718E-1;1,395309E-1;9,483139E-1;;
02/12/2021  12:47:17,840963;9,494050E-1;1,382046E-1;1,237343E-1;9,483404E-1;;
02/12/2021  12:47:17,841063;9,482576E-1;1,127182E-1;1,186794E-1;9,483649E-1;;
02/12/2021  12:47:17,841163;9,489073E-1;1,292843E-1;1,284732E-1;9,483877E-1;;
02/12/2021  12:47:17,841263;9,495063E-1;1,187712E-1;1,758630E-1;9,484087E-1;;
02/12/2021  12:47:17,841363;9,493305E-1;1,302401E-1;1,322644E-1;9,484284E-1;;
02/12/2021  12:47:17,841463;9,488715E-1;1,260985E-1;1,259458E-1;9,484467E-1;;
02/12/2021  12:47:17,841563;9,487792E-1;9,551486E-2;1,170997E-1;9,484641E-1;;
02/12/2021  12:47:17,841663;9,493871E-1;1,130368E-1;1,256299E-1;9,484804E-1;;
02/12/2021  12:47:17,841763;9,501382E-1;1,181340E-1;1,136244E-1;9,484960E-1;;
02/12/2021  12:47:17,841863;9,500935E-1;6,397544E-2;5,928414E-2;9,485110E-1;;
02/12/2021  12:47:17,841963;9,500845E-1;1,076209E-1;1,164678E-1;9,485259E-1;;
02/12/2021  12:47:17,842063;9,497984E-1;1,200455E-1;1,265777E-1;9,485407E-1;;
02/12/2021  12:47:17,842163;9,501024E-1;1,190898E-1;1,265777E-1;9,485558E-1;;
02/12/2021  12:47:17,842263;9,511515E-1;8,786894E-2;8,677022E-2;9,485715E-1;;
02/12/2021  12:47:17,842363;9,510859E-1;6,716124E-2;8,171531E-2;9,485879E-1;;
02/12/2021  12:47:17,842463;9,504988E-1;1,085766E-1;1,177316E-1;9,486054E-1;;
02/12/2021  12:47:17,842563;9,508594E-1;1,143111E-1;1,227865E-1;9,486243E-1;;
02/12/2021  12:47:17,842663;9,512617E-1;1,060280E-1;1,129926E-1;9,486448E-1;;
02/12/2021  12:47:17,842763;9,517744E-1;1,031608E-1;1,442698E-1;9,486671E-1;;
02/12/2021  12:47:17,842863;9,515538E-1;1,044351E-1;1,145722E-1;9,486915E-1;;
02/12/2021  12:47:17,842963;9,506418E-1;9,933782E-2;1,335282E-1;9,487182E-1;;
02/12/2021  12:47:17,843063;9,501024E-1;6,779840E-2;1,148882E-1;9,487473E-1;;
02/12/2021  12:47:17,843163;9,507938E-1;8,563888E-2;1,076217E-1;9,487787E-1;;
02/12/2021  12:47:17,843263;9,505345E-1;1,028422E-1;1,186794E-1;9,488123E-1;;
02/12/2021  12:47:17,843363;9,500815E-1;1,009307E-1;1,155200E-1;9,488480E-1;;
02/12/2021  12:47:17,843463;9,496047E-1;1,127182E-1;1,297370E-1;9,488857E-1;;
02/12/2021  12:47:17,843563;9,489967E-1;1,308772E-1;1,392149E-1;9,489250E-1;;
02/12/2021  12:47:17,843663;9,494378E-1;1,382046E-1;1,581709E-1;9,489656E-1;;
02/12/2021  12:47:17,843763;9,490593E-1;1,190898E-1;1,224705E-1;9,490071E-1;;
02/12/2021  12:47:17,843863;9,489013E-1;1,315144E-1;1,360556E-1;9,490491E-1;;
02/12/2021  12:47:17,843963;9,480490E-1;1,509478E-1;1,392149E-1;9,490913E-1;;
02/12/2021  12:47:17,844063;9,483798E-1;1,490363E-1;1,224705E-1;9,491331E-1;;
02/12/2021  12:47:17,844163;9,487732E-1;1,745227E-1;1,543797E-1;9,491741E-1;;
02/12/2021  12:47:17,844263;9,487672E-1;1,910889E-1;1,698603E-1;9,492140E-1;;
02/12/2021  12:47:17,844363;9,479685E-1;2,191239E-1;2,020854E-1;9,492525E-1;;
02/12/2021  12:47:17,844463;9,473963E-1;1,751599E-1;1,619620E-1;9,492893E-1;;
02/12/2021  12:47:17,844563;9,470506E-1;1,464877E-1;1,420583E-1;9,493238E-1;;
02/12/2021  12:47:17,844663;9,479059E-1;1,611423E-1;1,606983E-1;9,493558E-1;;
02/12/2021  12:47:17,844763;9,480460E-1;1,563636E-1;1,486929E-1;9,493847E-1;;
02/12/2021  12:47:17,844863;9,475215E-1;1,452133E-1;1,426902E-1;9,494105E-1;;
02/12/2021  12:47:17,844963;9,463115E-1;1,031608E-1;1,458495E-1;9,494328E-1;;
02/12/2021  12:47:17,845063;9,461624E-1;1,254614E-1;1,246821E-1;9,494514E-1;;
02/12/2021  12:47:17,845163;9,461207E-1;1,331073E-1;1,218387E-1;9,494658E-1;;
02/12/2021  12:47:17,845263;9,459836E-1;1,356559E-1;1,322644E-1;9,494756E-1;;
02/12/2021  12:47:17,845363;9,456975E-1;3,498466E-2;7,697633E-2;9,494806E-1;;
02/12/2021  12:47:17,845463;9,445382E-1;7,098420E-2;9,308886E-2;9,494803E-1;;
02/12/2021  12:47:17,845563;9,452028E-1;1,203641E-1;1,265777E-1;9,494744E-1;;
02/12/2021  12:47:17,845663;9,452117E-1;8,595746E-2;6,402312E-2;9,494626E-1;;
02/12/2021  12:47:17,845763;9,451223E-1;1,292843E-1;1,234183E-1;9,494446E-1;;
02/12/2021  12:47:17,845863;9,437305E-1;1,289658E-1;1,291051E-1;9,494202E-1;;
02/12/2021  12:47:17,845963;9,427411E-1;1,331073E-1;1,303688E-1;9,493893E-1;;
02/12/2021  12:47:17,846063;9,428394E-1;1,343816E-1;1,265777E-1;9,493514E-1;;
02/12/2021  12:47:17,846163;9,438766E-1;1,168597E-1;9,751191E-2;9,493061E-1;;
02/12/2021  12:47:17,846263;9,427321E-1;1,251428E-1;1,234183E-1;9,492532E-1;;
02/12/2021  12:47:17,846363;9,414744E-1;1,296029E-1;1,325804E-1;9,491926E-1;;
02/12/2021  12:47:17,846463;9,410244E-1;1,369303E-1;1,347919E-1;9,491239E-1;;
02/12/2021  12:47:17,846563;9,404373E-1;1,452133E-1;1,344760E-1;9,490469E-1;;
02/12/2021  12:47:17,846663;9,407145E-1;1,423461E-1;1,363715E-1;9,489611E-1;;
02/12/2021  12:47:17,846763;9,398383E-1;1,311958E-1;1,107811E-1;9,488662E-1;;
02/12/2021  12:47:17,846863;9,380203E-1;1,362931E-1;1,363715E-1;9,487619E-1;;
02/12/2021  12:47:17,846963;9,366076E-1;1,334259E-1;1,379512E-1;9,486479E-1;;
02/12/2021  12:47:17,847063;9,361993E-1;1,273729E-1;1,215227E-1;9,485234E-1;;
02/12/2021  12:47:17,847163;9,354512E-1;1,280100E-1;1,458495E-1;9,483879E-1;;
02/12/2021  12:47:17,847263;9,337435E-1;1,286472E-1;1,227865E-1;9,482406E-1;;
02/12/2021  12:47:17,847363;9,331534E-1;1,649653E-1;1,651214E-1;9,480809E-1;;
02/12/2021  12:47:17,847463;9,316722E-1;1,401161E-1;1,385831E-1;9,479079E-1;;
02/12/2021  12:47:17,847563;9,312252E-1;1,044351E-1;1,243661E-1;9,477209E-1;;
02/12/2021  12:47:17,847663;9,310881E-1;1,088952E-1;1,158360E-1;9,475191E-1;;
02/12/2021  12:47:17,847763;9,291211E-1;1,378860E-1;1,417424E-1;9,473020E-1;;
02/12/2021  12:47:17,847863;9,281495E-1;1,111253E-1;9,466852E-2;9,470688E-1;;
02/12/2021  12:47:17,847963;9,272763E-1;1,318330E-1;1,521681E-1;9,468190E-1;;
02/12/2021  12:47:17,848063;9,273746E-1;1,254614E-1;1,300529E-1;9,465518E-1;;
02/12/2021  12:47:17,848163;9,267219E-1;1,280100E-1;1,376353E-1;9,462668E-1;;
02/12/2021  12:47:17,848263;9,256550E-1;1,331073E-1;1,373193E-1;9,459637E-1;;
02/12/2021  12:47:17,848363;9,246566E-1;1,340630E-1;1,306848E-1;9,456422E-1;;
02/12/2021  12:47:17,848463;9,241500E-1;1,292843E-1;1,347919E-1;9,453021E-1;;
02/12/2021  12:47:17,848563;9,239145E-1;1,260985E-1;1,325804E-1;9,449431E-1;;
02/12/2021  12:47:17,848663;9,237744E-1;1,359745E-1;1,370034E-1;9,445654E-1;;
02/12/2021  12:47:17,848763;9,226687E-1;1,477620E-1;1,540637E-1;9,441689E-1;;
02/12/2021  12:47:17,848863;9,212591E-1;1,200455E-1;1,208909E-1;9,437539E-1;;
02/12/2021  12:47:17,848963;9,200908E-1;1,146297E-1;1,006712E-1;9,433205E-1;;
02/12/2021  12:47:17,849063;9,203530E-1;1,276914E-1;1,284732E-1;9,428689E-1;;
02/12/2021  12:47:17,849163;9,194888E-1;1,417090E-1;1,395309E-1;9,423991E-1;;
02/12/2021  12:47:17,849263;9,184546E-1;1,225942E-1;1,294210E-1;9,419116E-1;;
02/12/2021  12:47:17,849363;9,180403E-1;1,022050E-1;1,082536E-1;9,414065E-1;;
02/12/2021  12:47:17,849463;9,176112E-1;1,369303E-1;1,253139E-1;9,408844E-1;;
02/12/2021  12:47:17,849563;9,182281E-1;1,241871E-1;1,170997E-1;9,403456E-1;;
02/12/2021  12:47:17,849663;9,171373E-1;1,210013E-1;1,199431E-1;9,397909E-1;;
02/12/2021  12:47:17,849763;9,170717E-1;1,155854E-1;1,085695E-1;9,392210E-1;;
02/12/2021  12:47:17,849863;9,159184E-1;1,232313E-1;1,126766E-1;9,386366E-1;;
02/12/2021  12:47:17,849963;9,161627E-1;1,260985E-1;1,322644E-1;9,380387E-1;;
02/12/2021  12:47:17,850063;9,169346E-1;1,174969E-1;1,189953E-1;9,374281E-1;;
02/12/2021  12:47:17,850163;9,167916E-1;1,187712E-1;1,243661E-1;9,368058E-1;;
02/12/2021  12:47:17,850263;9,163356E-1;1,260985E-1;1,253139E-1;9,361732E-1;;
02/12/2021  12:47:17,850363;9,165234E-1;1,302401E-1;1,382671E-1;9,355315E-1;;
02/12/2021  12:47:17,850463;9,160972E-1;1,426647E-1;1,366875E-1;9,348819E-1;;
02/12/2021  12:47:17,850563;9,168482E-1;1,436204E-1;1,170997E-1;9,342260E-1;;
02/12/2021  12:47:17,850663;9,162492E-1;7,257710E-2;6,465498E-2;9,335650E-1;;
02/12/2021  12:47:17,850763;9,149915E-1;1,324701E-1;1,363715E-1;9,329003E-1;;
02/12/2021  12:47:17,850863;9,148067E-1;1,331073E-1;1,354238E-1;9,322333E-1;;
02/12/2021  12:47:17,850963;9,149259E-1;3,179886E-2;5,802041E-2;9,315651E-1;;
02/12/2021  12:47:17,851063;9,156710E-1;1,241871E-1;1,155200E-1;9,308968E-1;;
02/12/2021  12:47:17,851163;9,147143E-1;1,267357E-1;1,262617E-1;9,302296E-1;;
02/12/2021  12:47:17,851263;9,138381E-1;1,273729E-1;1,382671E-1;9,295648E-1;;
02/12/2021  12:47:17,851363;9,134447E-1;1,101695E-1;1,047783E-1;9,289034E-1;;
02/12/2021  12:47:17,851463;9,138798E-1;7,289568E-2;1,180475E-1;9,282462E-1;;
02/12/2021  12:47:17,851563;9,147471E-1;1,289658E-1;1,531159E-1;9,275943E-1;;
02/12/2021  12:47:17,851663;9,141749E-1;1,245056E-1;1,243661E-1;9,269485E-1;;
02/12/2021  12:47:17,851763;9,136831E-1;7,640006E-2;8,677022E-2;9,263101E-1;;
02/12/2021  12:47:17,851863;9,133255E-1;1,308772E-1;1,480610E-1;9,256798E-1;;
02/12/2021  12:47:17,851963;9,142345E-1;1,315144E-1;1,306848E-1;9,250585E-1;;
02/12/2021  12:47:17,852063;9,150630E-1;1,260985E-1;1,316326E-1;9,244472E-1;;
02/12/2021  12:47:17,852163;9,151405E-1;1,296029E-1;1,300529E-1;9,238467E-1;;
02/12/2021  12:47:17,852263;9,156501E-1;-3,096140E-2;6,465498E-2;9,232581E-1;;
02/12/2021  12:47:17,852363;9,155250E-1;1,197269E-1;1,249980E-1;9,226826E-1;;
02/12/2021  12:47:17,852463;9,164727E-1;1,369303E-1;1,313166E-1;9,221210E-1;;
02/12/2021  12:47:17,852563;9,177840E-1;1,359745E-1;1,338441E-1;9,215746E-1;;
02/12/2021  12:47:17,852663;9,181715E-1;1,445762E-1;1,660692E-1;9,210443E-1;;
02/12/2021  12:47:17,852763;9,183562E-1;1,248242E-1;1,300529E-1;9,205315E-1;;
02/12/2021  12:47:17,852863;9,184725E-1;1,260985E-1;1,319485E-1;9,200373E-1;;
02/12/2021  12:47:17,852963;9,200729E-1;8,946184E-2;1,076217E-1;9,195628E-1;;
02/12/2021  12:47:17,853063;9,209402E-1;1,343816E-1;1,310007E-1;9,191090E-1;;
02/12/2021  12:47:17,853163;9,213544E-1;1,407532E-1;1,477451E-1;9,186771E-1;;
02/12/2021  12:47:17,853263;9,214319E-1;1,356559E-1;1,253139E-1;9,182683E-1;;
02/12/2021  12:47:17,853363;9,219803E-1;1,292843E-1;1,259458E-1;9,178835E-1;;
02/12/2021  12:47:17,853463;9,235628E-1;1,308772E-1;1,313166E-1;9,175236E-1;;
02/12/2021  12:47:17,853563;9,243049E-1;1,280100E-1;1,278414E-1;9,171896E-1;;
02/12/2021  12:47:17,853663;9,245523E-1;1,088952E-1;1,035146E-1;9,168823E-1;;
02/12/2021  12:47:17,853763;9,241410E-1;1,423461E-1;1,265777E-1;9,166027E-1;;
02/12/2021  12:47:17,853863;9,249844E-1;1,060280E-1;1,180475E-1;9,163512E-1;;
02/12/2021  12:47:17,853963;9,262779E-1;1,299215E-1;1,455336E-1;9,161284E-1;;
02/12/2021  12:47:17,854063;9,268084E-1;1,178155E-1;1,167838E-1;9,159347E-1;;
02/12/2021  12:47:17,854163;9,275475E-1;1,213198E-1;1,092014E-1;9,157705E-1;;
02/12/2021  12:47:17,854263;9,275833E-1;1,534964E-1;1,660692E-1;9,156362E-1;;
02/12/2021  12:47:17,854363;9,287426E-1;1,487177E-1;1,404787E-1;9,155321E-1;;
02/12/2021  12:47:17,854463;9,301940E-1;1,088952E-1;1,249980E-1;9,154583E-1;;
02/12/2021  12:47:17,854563;9,313712E-1;1,120810E-1;1,189953E-1;9,154150E-1;;
02/12/2021  12:47:17,854663;9,319852E-1;1,302401E-1;1,265777E-1;9,154026E-1;;
02/12/2021  12:47:17,854763;9,317765E-1;1,413904E-1;1,272095E-1;9,154212E-1;;
02/12/2021  12:47:17,854863;9,325604E-1;1,391603E-1;1,486929E-1;9,154708E-1;;
02/12/2021  12:47:17,854963;9,343217E-1;1,260985E-1;1,303688E-1;9,155515E-1;;
02/12/2021  12:47:17,855063;9,355377E-1;1,127182E-1;1,231024E-1;9,156630E-1;;
02/12/2021  12:47:17,855163;9,366523E-1;1,165411E-1;1,218387E-1;9,158055E-1;;
02/12/2021  12:47:17,855263;9,370576E-1;1,254614E-1;1,199431E-1;9,159789E-1;;
02/12/2021  12:47:17,855363;9,391528E-1;9,870066E-2;1,189953E-1;9,161833E-1;;
02/12/2021  12:47:17,855463;9,408605E-1;8,914326E-2;1,009872E-1;9,164186E-1;;
02/12/2021  12:47:17,855563;9,420973E-1;9,105474E-2;1,013031E-1;9,166849E-1;;
02/12/2021  12:47:17,855663;9,431911E-1;1,079395E-1;1,205749E-1;9,169824E-1;;
02/12/2021  12:47:17,855763;9,436709E-1;9,933782E-2;1,060421E-1;9,173111E-1;;
02/12/2021  12:47:17,855863;9,452326E-1;1,009307E-1;1,088855E-1;9,176712E-1;;
02/12/2021  12:47:17,855963;9,464724E-1;1,104881E-1;1,505885E-1;9,180625E-1;;
02/12/2021  12:47:17,856063;9,476168E-1;1,133553E-1;1,246821E-1;9,184850E-1;;
02/12/2021  12:47:17,856163;9,480341E-1;9,742634E-2;1,170997E-1;9,189384E-1;;
02/12/2021  12:47:17,856263;9,486838E-1;8,404598E-2;9,624818E-2;9,194227E-1;;
02/12/2021  12:47:17,856363;9,505912E-1;1,041165E-1;1,104651E-1;9,199374E-1;;
02/12/2021  12:47:17,856463;9,516373E-1;1,073023E-1;1,240502E-1;9,204820E-1;;
02/12/2021  12:47:17,856563;9,522899E-1;1,092138E-1;1,234183E-1;9,210562E-1;;
02/12/2021  12:47:17,856663;9,526059E-1;1,022050E-1;1,152041E-1;9,216595E-1;;
02/12/2021  12:47:17,856763;9,525224E-1;8,978042E-2;1,193112E-1;9,222911E-1;;
02/12/2021  12:47:17,856863;9,541586E-1;4,963934E-2;1,310007E-1;9,229503E-1;;
02/12/2021  12:47:17,856963;9,549603E-1;1,238685E-1;1,360556E-1;9,236360E-1;;
02/12/2021  12:47:17,857063;9,559766E-1;1,197269E-1;1,303688E-1;9,243474E-1;;
02/12/2021  12:47:17,857163;9,568140E-1;1,267357E-1;1,243661E-1;9,250834E-1;;
02/12/2021  12:47:17,857263;9,573833E-1;1,445762E-1;1,392149E-1;9,258430E-1;;
02/12/2021  12:47:17,857363;9,588853E-1;1,477620E-1;1,458495E-1;9,266253E-1;;
02/12/2021  12:47:17,857463;9,599612E-1;1,598680E-1;1,388990E-1;9,274292E-1;;
02/12/2021  12:47:17,857563;9,609090E-1;1,531778E-1;1,291051E-1;9,282536E-1;;
02/12/2021  12:47:17,857663;9,610580E-1;1,496735E-1;1,335282E-1;9,290978E-1;;
02/12/2021  12:47:17,857763;9,615706E-1;1,490363E-1;1,189953E-1;9,299605E-1;;
02/12/2021  12:47:17,857863;9,632187E-1;1,582751E-1;1,398468E-1;9,308406E-1;;
02/12/2021  12:47:17,857963;9,642141E-1;1,397975E-1;1,395309E-1;9,317371E-1;;
02/12/2021  12:47:17,858063;9,642380E-1;1,311958E-1;1,347919E-1;9,326488E-1;;
02/12/2021  12:47:17,858163;9,642350E-1;6,047106E-2;9,150920E-2;9,335746E-1;;
02/12/2021  12:47:17,858263;9,651261E-1;1,452133E-1;1,467973E-1;9,345133E-1;;
02/12/2021  12:47:17,858363;9,668815E-1;9,328480E-2;1,319485E-1;9,354637E-1;;
02/12/2021  12:47:17,858463;9,666073E-1;1,171783E-1;1,221546E-1;9,364243E-1;;
02/12/2021  12:47:17,858563;9,666729E-1;1,327887E-1;1,240502E-1;9,373941E-1;;
02/12/2021  12:47:17,858663;9,657371E-1;1,155854E-1;1,009872E-1;9,383717E-1;;
02/12/2021  12:47:17,858763;9,662854E-1;1,299215E-1;1,291051E-1;9,393555E-1;;
02/12/2021  12:47:17,858863;9,668785E-1;1,321516E-1;1,262617E-1;9,403439E-1;;
02/12/2021  12:47:17,858963;9,672451E-1;1,308772E-1;1,328963E-1;9,413352E-1;;
02/12/2021  12:47:17,859063;9,661096E-1;1,178155E-1;1,212068E-1;9,423278E-1;;
02/12/2021  12:47:17,859163;9,665328E-1;1,210013E-1;1,237343E-1;9,433200E-1;;
02/12/2021  12:47:17,859263;9,671974E-1;1,108067E-1;1,158360E-1;9,443099E-1;;
02/12/2021  12:47:17,859363;9,673375E-1;1,117624E-1;9,656411E-2;9,452959E-1;;
02/12/2021  12:47:17,859463;9,673703E-1;5,091366E-2;5,328143E-2;9,462763E-1;;
02/12/2021  12:47:17,859563;9,672063E-1;1,407532E-1;1,376353E-1;9,472496E-1;;
02/12/2021  12:47:17,859663;9,663003E-1;1,369303E-1;1,303688E-1;9,482141E-1;;
02/12/2021  12:47:17,859763;9,669560E-1;9,551486E-2;9,877564E-2;9,491682E-1;;
02/12/2021  12:47:17,859863;9,675848E-1;1,324701E-1;1,461654E-1;9,501102E-1;;
02/12/2021  12:47:17,859963;9,673881E-1;1,254614E-1;1,246821E-1;9,510387E-1;;
02/12/2021  12:47:17,860063;9,672958E-1;1,331073E-1;1,291051E-1;9,519522E-1;;
02/12/2021  12:47:17,860163;9,666431E-1;1,098510E-1;1,044624E-1;9,528496E-1;;
02/12/2021  12:47:17,860263;9,668994E-1;4,900218E-2;8,582243E-2;9,537293E-1;;
02/12/2021  12:47:17,860363;9,669590E-1;1,611423E-1;1,979783E-1;9,545902E-1;;
02/12/2021  12:47:17,860463;9,667921E-1;1,417090E-1;1,385831E-1;9,554310E-1;;
02/12/2021  12:47:17,860563;9,653764E-1;1,190898E-1;1,467973E-1;9,562507E-1;;
02/12/2021  12:47:17,860663;9,644734E-1;1,197269E-1;1,281573E-1;9,570479E-1;;
02/12/2021  12:47:17,860763;9,646761E-1;1,340630E-1;1,347919E-1;9,578214E-1;;
02/12/2021  12:47:17,860863;9,635912E-1;1,410718E-1;1,458495E-1;9,585700E-1;;
02/12/2021  12:47:17,860963;9,624289E-1;1,356559E-1;1,316326E-1;9,592922E-1;;
02/12/2021  12:47:17,861063;9,613739E-1;1,423461E-1;1,455336E-1;9,599870E-1;;
02/12/2021  12:47:17,861163;9,605305E-1;1,286472E-1;1,253139E-1;9,606528E-1;;
02/12/2021  12:47:17,861263;9,601430E-1;1,362931E-1;1,316326E-1;9,612884E-1;;
02/12/2021  12:47:17,861363;9,597467E-1;1,206827E-1;1,161519E-1;9,618924E-1;;
02/12/2021  12:47:17,861463;9,589986E-1;1,331073E-1;1,319485E-1;9,624637E-1;;
02/12/2021  12:47:17,861563;9,575383E-1;1,273729E-1;1,265777E-1;9,630013E-1;;
02/12/2021  12:47:17,861663;9,568319E-1;1,302401E-1;1,439539E-1;9,635040E-1;;
02/12/2021  12:47:17,861763;9,568528E-1;1,550893E-1;1,679647E-1;9,639710E-1;;
02/12/2021  12:47:17,861863;9,564296E-1;1,251428E-1;1,243661E-1;9,644013E-1;;
02/12/2021  12:47:17,861963;9,554669E-1;1,264171E-1;1,234183E-1;9,647943E-1;;
02/12/2021  12:47:17,862063;9,543970E-1;1,229127E-1;1,284732E-1;9,651496E-1;;
02/12/2021  12:47:17,862163;9,540573E-1;9,424054E-2;1,022509E-1;9,654665E-1;;
02/12/2021  12:47:17,862263;9,543970E-1;1,283286E-1;1,347919E-1;9,657447E-1;;
02/12/2021  12:47:17,862363;9,534374E-1;1,296029E-1;1,262617E-1;9,659840E-1;;
02/12/2021  12:47:17,862463;9,525790E-1;1,356559E-1;1,382671E-1;9,661845E-1;;
02/12/2021  12:47:17,862563;9,510472E-1;1,044351E-1;1,253139E-1;9,663461E-1;;
02/12/2021  12:47:17,862663;9,493901E-1;1,356559E-1;1,297370E-1;9,664690E-1;;
02/12/2021  12:47:17,862763;9,494825E-1;1,296029E-1;1,114129E-1;9,665529E-1;;
02/12/2021  12:47:17,862863;9,484454E-1;1,194084E-1;1,259458E-1;9,665980E-1;;
02/12/2021  12:47:17,862963;9,477450E-1;1,098510E-1;1,240502E-1;9,666043E-1;;
02/12/2021  12:47:17,863063;9,464217E-1;4,900218E-2;9,119327E-2;9,665720E-1;;
02/12/2021  12:47:17,863163;9,458376E-1;1,413904E-1;1,442698E-1;9,665015E-1;;
02/12/2021  12:47:17,863263;9,459210E-1;9,965640E-2;8,045158E-2;9,663930E-1;;
02/12/2021  12:47:17,863363;9,450657E-1;1,305587E-1;1,278414E-1;9,662470E-1;;
02/12/2021  12:47:17,863463;9,445114E-1;1,378860E-1;1,338441E-1;9,660642E-1;;
02/12/2021  12:47:17,863563;9,432239E-1;1,251428E-1;1,145722E-1;9,658452E-1;;
02/12/2021  12:47:17,863663;9,441507E-1;1,044351E-1;9,656411E-2;9,655909E-1;;
02/12/2021  12:47:17,863763;9,438170E-1;2,160430E-2;6,844617E-2;9,653022E-1;;
02/12/2021  12:47:17,863863;9,434951E-1;1,356559E-1;1,332122E-1;9,649802E-1;;
02/12/2021  12:47:17,863963;9,430182E-1;1,359745E-1;1,278414E-1;9,646264E-1;;
02/12/2021  12:47:17,864063;9,423089E-1;1,241871E-1;1,262617E-1;9,642419E-1;;
02/12/2021  12:47:17,864163;9,430629E-1;1,270543E-1;1,155200E-1;9,638283E-1;;
02/12/2021  12:47:17,864263;9,424639E-1;1,404346E-1;1,376353E-1;9,633871E-1;;
02/12/2021  12:47:17,864363;9,421986E-1;1,296029E-1;1,133085E-1;9,629200E-1;;
02/12/2021  12:47:17,864463;9,407741E-1;1,254614E-1;1,294210E-1;9,624285E-1;;
02/12/2021  12:47:17,864563;9,395313E-1;1,073023E-1;1,262617E-1;9,619142E-1;;
02/12/2021  12:47:17,864663;9,397727E-1;1,168597E-1;1,224705E-1;9,613786E-1;;
02/12/2021  12:47:17,864763;9,397161E-1;1,735670E-1;1,954508E-1;9,608231E-1;;
02/12/2021  12:47:17,864863;9,389769E-1;1,378860E-1;1,306848E-1;9,602491E-1;;
02/12/2021  12:47:17,864963;9,376418E-1;1,659210E-1;1,502726E-1;9,596580E-1;;
02/12/2021  12:47:17,865063;9,363662E-1;1,445762E-1;1,430061E-1;9,590513E-1;;
02/12/2021  12:47:17,865163;9,361784E-1;1,668768E-1;1,629098E-1;9,584301E-1;;
02/12/2021  12:47:17,865263;9,360652E-1;1,458505E-1;1,480610E-1;9,577955E-1;;
02/12/2021  12:47:17,865363;9,346704E-1;1,225942E-1;1,174156E-1;9,571487E-1;;
02/12/2021  12:47:17,865463;9,343843E-1;1,270543E-1;1,291051E-1;9,564906E-1;;
02/12/2021  12:47:17,865563;9,340445E-1;9,901924E-2;1,385831E-1;9,558225E-1;;
02/12/2021  12:47:17,865663;9,349833E-1;1,388417E-1;1,319485E-1;9,551452E-1;;
02/12/2021  12:47:17,865763;9,348373E-1;1,353374E-1;1,291051E-1;9,544602E-1;;
02/12/2021  12:47:17,865863;9,342830E-1;1,225942E-1;1,253139E-1;9,537686E-1;;
02/12/2021  12:47:17,865963;9,339432E-1;1,216384E-1;1,177316E-1;9,530718E-1;;
02/12/2021  12:47:17,866063;9,341489E-1;1,331073E-1;1,294210E-1;9,523711E-1;;
02/12/2021  12:47:17,866163;9,361248E-1;1,088952E-1;1,278414E-1;9,516679E-1;;
02/12/2021  12:47:17,866263;9,362321E-1;1,187712E-1;1,189953E-1;9,509638E-1;;
02/12/2021  12:47:17,866363;9,361904E-1;1,410718E-1;1,638576E-1;9,502604E-1;;
02/12/2021  12:47:17,866463;9,357672E-1;1,385232E-1;1,401627E-1;9,495597E-1;;
02/12/2021  12:47:17,866563;9,352426E-1;1,534964E-1;1,445858E-1;9,488631E-1;;
02/12/2021  12:47:17,866663;9,357463E-1;1,378860E-1;1,335282E-1;9,481722E-1;;
02/12/2021  12:47:17,866763;9,355138E-1;1,254614E-1;1,234183E-1;9,474885E-1;;
02/12/2021  12:47:17,866863;9,350161E-1;1,248242E-1;1,360556E-1;9,468132E-1;;
02/12/2021  12:47:17,866963;9,349357E-1;1,538150E-1;1,575390E-1;9,461477E-1;;
02/12/2021  12:47:17,867063;9,346823E-1;1,308772E-1;1,193112E-1;9,454929E-1;;
02/12/2021  12:47:17,867163;9,354781E-1;1,391603E-1;1,613302E-1;9,448501E-1;;
02/12/2021  12:47:17,867263;9,347300E-1;1,203641E-1;1,227865E-1;9,442201E-1;;
02/12/2021  12:47:17,867363;9,341667E-1;1,101695E-1;9,909157E-2;9,436039E-1;;
02/12/2021  12:47:17,867463;9,332488E-1;1,375674E-1;1,414265E-1;9,430023E-1;;
02/12/2021  12:47:17,867563;9,326229E-1;1,343816E-1;1,828136E-1;9,424157E-1;;
02/12/2021  12:47:17,867663;9,327183E-1;1,353374E-1;1,272095E-1;9,418444E-1;;
02/12/2021  12:47:17,867763;9,326468E-1;1,305587E-1;1,338441E-1;9,412887E-1;;
02/12/2021  12:47:17,867863;9,325693E-1;1,337445E-1;1,174156E-1;9,407488E-1;;
02/12/2021  12:47:17,867963;9,318958E-1;1,283286E-1;1,183634E-1;9,402249E-1;;
02/12/2021  12:47:17,868063;9,325246E-1;1,194084E-1;1,158360E-1;9,397170E-1;;
02/12/2021  12:47:17,868163;9,332816E-1;1,085766E-1;1,249980E-1;9,392253E-1;;
02/12/2021  12:47:17,868263;9,335141E-1;1,347002E-1;1,388990E-1;9,387500E-1;;
02/12/2021  12:47:17,868363;9,328405E-1;1,219570E-1;1,272095E-1;9,382912E-1;;
02/12/2021  12:47:17,868463;9,319792E-1;1,101695E-1;1,189953E-1;9,378492E-1;;
02/12/2021  12:47:17,868563;9,325812E-1;1,057094E-1;1,193112E-1;9,374241E-1;;
02/12/2021  12:47:17,868663;9,331654E-1;1,174969E-1;1,073058E-1;9,370156E-1;;
02/12/2021  12:47:17,868763;9,336810E-1;1,305587E-1;1,351078E-1;9,366240E-1;;
02/12/2021  12:47:17,868863;9,335081E-1;1,009307E-1;1,104651E-1;9,362493E-1;;
02/12/2021  12:47:17,868963;9,326736E-1;1,006121E-1;1,073058E-1;9,358915E-1;;
02/12/2021  12:47:17,869063;9,338955E-1;1,018865E-1;1,129926E-1;9,355507E-1;;
02/12/2021  12:47:17,869163;9,341489E-1;1,391603E-1;1,739675E-1;9,352269E-1;;
02/12/2021  12:47:17,869263;9,339432E-1;9,742634E-2;9,119327E-2;9,349201E-1;;
02/12/2021  12:47:17,869363;9,339402E-1;9,583344E-2;9,845971E-2;9,346303E-1;;
02/12/2021  12:47:17,869463;9,337495E-1;1,079395E-1;1,174156E-1;9,343574E-1;;
02/12/2021  12:47:17,869563;9,341697E-1;1,222756E-1;1,663851E-1;9,341014E-1;;
02/12/2021  12:47:17,869663;9,350966E-1;1,037979E-1;1,227865E-1;9,338622E-1;;
02/12/2021  12:47:17,869763;9,361218E-1;8,978042E-2;1,025668E-1;9,336396E-1;;
02/12/2021  12:47:17,869863;9,354483E-1;8,500172E-2;1,155200E-1;9,334338E-1;;
02/12/2021  12:47:17,869963;9,359668E-1;1,012493E-1;1,158360E-1;9,332449E-1;;
02/12/2021  12:47:17,870063;9,365689E-1;1,174969E-1;1,246821E-1;9,330727E-1;;
02/12/2021  12:47:17,870163;9,376656E-1;1,022050E-1;1,167838E-1;9,329174E-1;;
02/12/2021  12:47:17,870263;9,375255E-1;9,424054E-2;1,110970E-1;9,327791E-1;;
02/12/2021  12:47:17,870363;9,378653E-1;5,728526E-2;8,708615E-2;9,326578E-1;;
02/12/2021  12:47:17,870463;9,376865E-1;1,270543E-1;1,344760E-1;9,325537E-1;;
02/12/2021  12:47:17,870563;9,382527E-1;1,174969E-1;1,297370E-1;9,324666E-1;;
02/12/2021  12:47:17,870663;9,393912E-1;1,260985E-1;1,328963E-1;9,323965E-1;;
02/12/2021  12:47:17,870763;9,399664E-1;1,378860E-1;1,366875E-1;9,323435E-1;;
02/12/2021  12:47:17,870863;9,394389E-1;1,656025E-1;1,373193E-1;9,323075E-1;;
02/12/2021  12:47:17,870963;9,386819E-1;1,611423E-1;1,385831E-1;9,322885E-1;;
02/12/2021  12:47:17,871063;9,402853E-1;1,687883E-1;1,455336E-1;9,322862E-1;;
02/12/2021  12:47:17,871163;9,414893E-1;1,668768E-1;1,471132E-1;9,323005E-1;;
02/12/2021  12:47:17,871263;9,413165E-1;1,697440E-1;1,682807E-1;9,323312E-1;;
02/12/2021  12:47:17,871363;9,404909E-1;1,780271E-1;1,932393E-1;9,323783E-1;;
02/12/2021  12:47:17,871463;9,399962E-1;1,468062E-1;1,379512E-1;9,324413E-1;;
02/12/2021  12:47:17,871563;9,412986E-1;1,582751E-1;1,809180E-1;9,325199E-1;;
02/12/2021  12:47:17,871663;9,415877E-1;1,238685E-1;1,262617E-1;9,326136E-1;;
02/12/2021  12:47:17,871763;9,426785E-1;1,315144E-1;1,344760E-1;9,327219E-1;;
02/12/2021  12:47:17,871863;9,418380E-1;1,337445E-1;1,319485E-1;9,328446E-1;;
02/12/2021  12:47:17,871963;9,424758E-1;1,136739E-1;9,688005E-2;9,329811E-1;;
02/12/2021  12:47:17,872063;9,436590E-1;1,219570E-1;1,035146E-1;9,331310E-1;;
02/12/2021  12:47:17,872163;9,439153E-1;1,241871E-1;1,291051E-1;9,332941E-1;;
02/12/2021  12:47:17,872263;9,435845E-1;1,286472E-1;1,208909E-1;9,334698E-1;;
02/12/2021  12:47:17,872363;9,431792E-1;1,155854E-1;1,009872E-1;9,336579E-1;;
02/12/2021  12:47:17,872463;9,432447E-1;2,829448E-2;2,800687E-2;9,338578E-1;;
02/12/2021  12:47:17,872563;9,437365E-1;1,245056E-1;1,076217E-1;9,340688E-1;;
02/12/2021  12:47:17,872663;9,438438E-1;1,296029E-1;1,335282E-1;9,342903E-1;;
02/12/2021  12:47:17,872763;9,437842E-1;1,229127E-1;1,212068E-1;9,345217E-1;;
02/12/2021  12:47:17,872863;9,433014E-1;1,194084E-1;1,215227E-1;9,347621E-1;;
02/12/2021  12:47:17,872963;9,432775E-1;1,327887E-1;1,167838E-1;9,350109E-1;;
02/12/2021  12:47:17,873063;9,444130E-1;1,283286E-1;1,189953E-1;9,352672E-1;;
02/12/2021  12:47:17,873163;9,443027E-1;1,650702E-2;6,497092E-2;9,355302E-1;;
02/12/2021  12:47:17,873263;9,439242E-1;1,308772E-1;1,281573E-1;9,357993E-1;;
02/12/2021  12:47:17,873363;9,430778E-1;1,292843E-1;1,275255E-1;9,360736E-1;;
02/12/2021  12:47:17,873463;9,436977E-1;1,273729E-1;1,275255E-1;9,363524E-1;;
02/12/2021  12:47:17,873563;9,446693E-1;1,550893E-1;2,046129E-1;9,366348E-1;;
02/12/2021  12:47:17,873663;9,448928E-1;1,149482E-1;1,107811E-1;9,369199E-1;;
02/12/2021  12:47:17,873763;9,447945E-1;8,245308E-2;7,381701E-2;9,372073E-1;;
02/12/2021  12:47:17,873863;9,440613E-1;1,219570E-1;1,183634E-1;9,374963E-1;;
02/12/2021  12:47:17,873963;9,451283E-1;1,162226E-1;1,092014E-1;9,377862E-1;;
02/12/2021  12:47:17,874063;9,459836E-1;1,235499E-1;1,300529E-1;9,380765E-1;;
02/12/2021  12:47:17,874163;9,457363E-1;1,168597E-1;1,227865E-1;9,383666E-1;;
02/12/2021  12:47:17,874263;9,449584E-1;1,139925E-1;1,335282E-1;9,386563E-1;;
02/12/2021  12:47:17,874363;9,447051E-1;1,308772E-1;1,237343E-1;9,389450E-1;;
02/12/2021  12:47:17,874463;9,453846E-1;1,225942E-1;1,294210E-1;9,392321E-1;;
02/12/2021  12:47:17,874563;9,460254E-1;1,053908E-1;1,114129E-1;9,395170E-1;;
02/12/2021  12:47:17,874663;9,461803E-1;1,155854E-1;1,117289E-1;9,397995E-1;;
02/12/2021  12:47:17,874763;9,455694E-1;1,311958E-1;1,319485E-1;9,400791E-1;;
02/12/2021  12:47:17,874863;9,464217E-1;1,334259E-1;1,322644E-1;9,403556E-1;;
02/12/2021  12:47:17,874963;9,474559E-1;1,168597E-1;1,287892E-1;9,406285E-1;;
02/12/2021  12:47:17,875063;9,478910E-1;1,206827E-1;1,265777E-1;9,408979E-1;;
02/12/2021  12:47:17,875163;9,477718E-1;1,675139E-1;1,796542E-1;9,411638E-1;;
02/12/2021  12:47:17,875263;9,475185E-1;1,149482E-1;1,218387E-1;9,414260E-1;;
02/12/2021  12:47:17,875363;9,473754E-1;1,104881E-1;1,120448E-1;9,416846E-1;;
02/12/2021  12:47:17,875463;9,486570E-1;1,133553E-1;1,148882E-1;9,419396E-1;;
02/12/2021  12:47:17,875563;9,485199E-1;1,222756E-1;1,256299E-1;9,421908E-1;;
02/12/2021  12:47:17,875663;9,489520E-1;1,404346E-1;1,477451E-1;9,424385E-1;;
02/12/2021  12:47:17,875763;9,478374E-1;1,617795E-1;1,591187E-1;9,426825E-1;;
02/12/2021  12:47:17,875863;9,471072E-1;1,076209E-1;1,120448E-1;9,429230E-1;;
02/12/2021  12:47:17,875963;9,483559E-1;1,203641E-1;1,426902E-1;9,431596E-1;;
02/12/2021  12:47:17,876063;9,476615E-1;1,337445E-1;1,385831E-1;9,433921E-1;;
02/12/2021  12:47:17,876163;9,473754E-1;9,392196E-2;5,612482E-2;9,436205E-1;;
02/12/2021  12:47:17,876263;9,461177E-1;1,219570E-1;1,265777E-1;9,438443E-1;;
02/12/2021  12:47:17,876363;9,454114E-1;1,324701E-1;1,736515E-1;9,440632E-1;;
02/12/2021  12:47:17,876463;9,453071E-1;5,993878E-3;6,212753E-2;9,442766E-1;;
02/12/2021  12:47:17,876563;9,449524E-1;1,439390E-1;1,401627E-1;9,444838E-1;;
02/12/2021  12:47:17,876663;9,449405E-1;1,120810E-1;1,082536E-1;9,446842E-1;;
02/12/2021  12:47:17,876763;9,443832E-1;1,034794E-1;1,000394E-1;9,448772E-1;;
02/12/2021  12:47:17,876863;9,442610E-1;8,818752E-2;1,003553E-1;9,450622E-1;;
02/12/2021  12:47:17,876963;9,449495E-1;6,429402E-2;7,508074E-2;9,452387E-1;;
02/12/2021  12:47:17,877063;9,453071E-1;1,216384E-1;1,155200E-1;9,454062E-1;;
02/12/2021  12:47:17,877163;9,446365E-1;1,369303E-1;1,281573E-1;9,455645E-1;;
02/12/2021  12:47:17,877263;9,434057E-1;1,270543E-1;1,221546E-1;9,457134E-1;;
02/12/2021  12:47:17,877363;9,441716E-1;1,283286E-1;1,259458E-1;9,458524E-1;;
02/12/2021  12:47:17,877463;9,447408E-1;1,305587E-1;1,227865E-1;9,459813E-1;;
02/12/2021  12:47:17,877563;9,448213E-1;1,181340E-1;1,202590E-1;9,461001E-1;;
02/12/2021  12:47:17,877663;9,437693E-1;1,139925E-1;1,164678E-1;9,462086E-1;;
02/12/2021  12:47:17,877763;9,428811E-1;1,245056E-1;1,246821E-1;9,463068E-1;;
02/12/2021  12:47:17,877863;9,431941E-1;1,439390E-1;1,306848E-1;9,463946E-1;;
02/12/2021  12:47:17,877963;9,433490E-1;2,022392E-1;2,235688E-1;9,464718E-1;;
02/12/2021  12:47:17,878063;9,426546E-1;1,123996E-1;1,076217E-1;9,465383E-1;;
02/12/2021  12:47:17,878163;9,409410E-1;1,852338E-3;5,991600E-2;9,465940E-1;;
02/12/2021  12:47:17,878263;9,391915E-1;1,442576E-1;1,411105E-1;9,466387E-1;;
02/12/2021  12:47:17,878363;9,391796E-1;1,436204E-1;1,790224E-1;9,466717E-1;;
02/12/2021  12:47:17,878463;9,384971E-1;1,006121E-1;1,174156E-1;9,466926E-1;;
02/12/2021  12:47:17,878563;9,377342E-1;1,101695E-1;1,120448E-1;9,467008E-1;;
02/12/2021  12:47:17,878663;9,364526E-1;1,308772E-1;1,407946E-1;9,466957E-1;;
02/12/2021  12:47:17,878763;9,349476E-1;1,778134E-2;6,275939E-2;9,466766E-1;;
02/12/2021  12:47:17,878863;9,355675E-1;1,248242E-1;1,253139E-1;9,466428E-1;;
02/12/2021  12:47:17,878963;9,351711E-1;1,155854E-1;1,104651E-1;9,465937E-1;;
02/12/2021  12:47:17,879063;9,355615E-1;1,162226E-1;1,224705E-1;9,465288E-1;;
02/12/2021  12:47:17,879163;9,339104E-1;1,283286E-1;1,193112E-1;9,464479E-1;;
02/12/2021  12:47:17,879263;9,334276E-1;7,894870E-2;7,034176E-2;9,463506E-1;;
02/12/2021  12:47:17,879363;9,336899E-1;1,111253E-1;1,152041E-1;9,462367E-1;;
02/12/2021  12:47:17,879463;9,344648E-1;1,076209E-1;1,079377E-1;9,461061E-1;;
02/12/2021  12:47:17,879563;9,337078E-1;1,388417E-1;1,388990E-1;9,459589E-1;;
02/12/2021  12:47:17,879663;9,336422E-1;1,436204E-1;1,376353E-1;9,457952E-1;;
02/12/2021  12:47:17,879763;9,334187E-1;1,248242E-1;1,246821E-1;9,456155E-1;;
02/12/2021  12:47:17,879863;9,340445E-1;1,133553E-1;1,208909E-1;9,454202E-1;;
02/12/2021  12:47:17,879963;9,343992E-1;1,372488E-1;1,300529E-1;9,452097E-1;;
02/12/2021  12:47:17,880063;9,338657E-1;1,149482E-1;1,300529E-1;9,449849E-1;;
02/12/2021  12:47:17,880163;9,332548E-1;1,697440E-1;2,036651E-1;9,447465E-1;;
02/12/2021  12:47:17,880263;9,329180E-1;1,347002E-1;1,243661E-1;9,444952E-1;;
02/12/2021  12:47:17,880363;9,333412E-1;1,331073E-1;9,909157E-2;9,442319E-1;;
02/12/2021  12:47:17,880463;9,333561E-1;1,270543E-1;1,313166E-1;9,439572E-1;;
02/12/2021  12:47:17,880563;9,326915E-1;1,270543E-1;1,319485E-1;9,436720E-1;;
02/12/2021  12:47:17,880663;9,313653E-1;1,321516E-1;1,376353E-1;9,433770E-1;;
02/12/2021  12:47:17,880763;9,317795E-1;1,276914E-1;1,316326E-1;9,430731E-1;;
02/12/2021  12:47:17,880863;9,325812E-1;8,850610E-2;7,918786E-2;9,427608E-1;;
02/12/2021  12:47:17,880963;9,331922E-1;1,410718E-1;1,275255E-1;9,424410E-1;;
02/12/2021  12:47:17,881063;9,326557E-1;1,372488E-1;1,281573E-1;9,421146E-1;;
02/12/2021  12:47:17,881163;9,324888E-1;1,203641E-1;1,041465E-1;9,417826E-1;;
02/12/2021  12:47:17,881263;9,333114E-1;1,210013E-1;1,145722E-1;9,414460E-1;;
02/12/2021  12:47:17,881363;9,343694E-1;7,958586E-2;7,413294E-2;9,411058E-1;;
02/12/2021  12:47:17,881463;9,349088E-1;1,362931E-1;1,354238E-1;9,407632E-1;;
02/12/2021  12:47:17,881563;9,351204E-1;1,264171E-1;1,234183E-1;9,404196E-1;;
02/12/2021  12:47:17,881663;9,354065E-1;1,114439E-1;1,234183E-1;9,400764E-1;;
02/12/2021  12:47:17,881763;9,360175E-1;1,181340E-1;9,972343E-2;9,397348E-1;;
02/12/2021  12:47:17,881863;9,372961E-1;1,222756E-1;1,167838E-1;9,393963E-1;;
02/12/2021  12:47:17,881963;9,372513E-1;1,088952E-1;1,183634E-1;9,390623E-1;;
02/12/2021  12:47:17,882063;9,370487E-1;1,120810E-1;1,186794E-1;9,387343E-1;;
02/12/2021  12:47:17,882163;9,364198E-1;1,187712E-1;1,278414E-1;9,384136E-1;;
02/12/2021  12:47:17,882263;9,377878E-1;1,082581E-1;1,136244E-1;9,381013E-1;;
02/12/2021  12:47:17,882363;9,383272E-1;9,870066E-2;1,562753E-1;9,377985E-1;;
02/12/2021  12:47:17,882463;9,381574E-1;9,965640E-2;1,006712E-1;9,375062E-1;;
02/12/2021  12:47:17,882563;9,376716E-1;1,057094E-1;1,231024E-1;9,372256E-1;;
02/12/2021  12:47:17,882663;9,360801E-1;1,092138E-1;1,224705E-1;9,369575E-1;;
02/12/2021  12:47:17,882763;9,373616E-1;9,901924E-2;1,117289E-1;9,367022E-1;;
02/12/2021  12:47:17,882863;9,376924E-1;1,069837E-1;1,316326E-1;9,364604E-1;;
02/12/2021  12:47:17,882963;9,374630E-1;9,137332E-2;1,009872E-1;9,362322E-1;;
02/12/2021  12:47:17,883063;9,363692E-1;1,076209E-1;1,189953E-1;9,360181E-1;;
02/12/2021  12:47:17,883163;9,355943E-1;1,108067E-1;1,328963E-1;9,358182E-1;;
02/12/2021  12:47:17,883263;9,359877E-1;9,965640E-2;1,066739E-1;9,356323E-1;;
02/12/2021  12:47:17,883363;9,372841E-1;9,742634E-2;1,129926E-1;9,354602E-1;;
02/12/2021  12:47:17,883463;9,364437E-1;1,015679E-1;1,155200E-1;9,353017E-1;;
02/12/2021  12:47:17,883563;9,355168E-1;1,009307E-1;1,073058E-1;9,351568E-1;;
02/12/2021  12:47:17,883663;9,359221E-1;9,933782E-2;1,161519E-1;9,350252E-1;;
02/12/2021  12:47:17,883763;9,365748E-1;1,181340E-1;1,442698E-1;9,349063E-1;;
02/12/2021  12:47:17,883863;9,374063E-1;1,283286E-1;1,354238E-1;9,347999E-1;;
02/12/2021  12:47:17,883963;9,376418E-1;1,585937E-1;1,847091E-1;9,347059E-1;;
02/12/2021  12:47:17,884063;9,367745E-1;1,426647E-1;1,436380E-1;9,346240E-1;;
02/12/2021  12:47:17,884163;9,368281E-1;1,544522E-1;1,512204E-1;9,345539E-1;;
02/12/2021  12:47:17,884263;9,380620E-1;1,620981E-1;1,297370E-1;9,344955E-1;;
02/12/2021  12:47:17,884363;9,384226E-1;1,684697E-1;1,540637E-1;9,344484E-1;;
02/12/2021  12:47:17,884463;9,383153E-1;1,761156E-1;1,660692E-1;9,344126E-1;;
02/12/2021  12:47:17,884563;9,372037E-1;1,280100E-1;1,066739E-1;9,343877E-1;;
02/12/2021  12:47:17,884663;9,375732E-1;1,665582E-1;1,398468E-1;9,343735E-1;;
02/12/2021  12:47:17,884763;9,383779E-1;1,751599E-1;1,866047E-1;9,343697E-1;;
02/12/2021  12:47:17,884863;9,388816E-1;1,605052E-1;1,550115E-1;9,343757E-1;;
02/12/2021  12:47:17,884963;9,375285E-1;1,187712E-1;1,054102E-1;9,343915E-1;;
02/12/2021  12:47:17,885063;9,368341E-1;1,181340E-1;1,376353E-1;9,344165E-1;;
02/12/2021  12:47:17,885163;9,371739E-1;1,276914E-1;1,306848E-1;9,344502E-1;;
02/12/2021  12:47:17,885263;9,374302E-1;1,213198E-1;1,104651E-1;9,344919E-1;;
02/12/2021  12:47:17,885363;9,375047E-1;1,308772E-1;1,272095E-1;9,345410E-1;;
02/12/2021  12:47:17,885463;9,380650E-1;1,152668E-1;1,085695E-1;9,345970E-1;;
02/12/2021  12:47:17,885563;9,372871E-1;1,401161E-1;1,426902E-1;9,346594E-1;;
02/12/2021  12:47:17,885663;9,378116E-1;1,394789E-1;1,436380E-1;9,347277E-1;;
02/12/2021  12:47:17,885763;9,390515E-1;6,747982E-2;4,443533E-2;9,348014E-1;;
02/12/2021  12:47:17,885863;9,391528E-1;1,114439E-1;1,170997E-1;9,348801E-1;;
02/12/2021  12:47:17,885963;9,386730E-1;1,133553E-1;1,246821E-1;9,349636E-1;;
02/12/2021  12:47:17,886063;9,376746E-1;1,305587E-1;1,347919E-1;9,350517E-1;;
02/12/2021  12:47:17,886163;9,386163E-1;5,664810E-2;6,939396E-2;9,351438E-1;;
02/12/2021  12:47:17,886263;9,390902E-1;1,324701E-1;1,082536E-1;9,352397E-1;;
02/12/2021  12:47:17,886363;9,388846E-1;1,496735E-1;1,430061E-1;9,353390E-1;;
02/12/2021  12:47:17,886463;9,381216E-1;1,041165E-1;1,174156E-1;9,354413E-1;;
02/12/2021  12:47:17,886563;9,377938E-1;1,490363E-1;1,363715E-1;9,355463E-1;;
02/12/2021  12:47:17,886663;9,380709E-1;1,088952E-1;1,344760E-1;9,356534E-1;;
02/12/2021  12:47:17,886763;9,389710E-1;1,366117E-1;1,360556E-1;9,357623E-1;;
02/12/2021  12:47:17,886863;9,387773E-1;1,101695E-1;1,114129E-1;9,358725E-1;;
02/12/2021  12:47:17,886963;9,386193E-1;1,633724E-1;2,084040E-1;9,359837E-1;;
02/12/2021  12:47:17,887063;9,381484E-1;1,394789E-1;1,354238E-1;9,360957E-1;;
02/12/2021  12:47:17,887163;9,391647E-1;1,159040E-1;1,174156E-1;9,362081E-1;;
02/12/2021  12:47:17,887263;9,398919E-1;1,280100E-1;1,385831E-1;9,363206E-1;;
02/12/2021  12:47:17,887363;9,398740E-1;1,289658E-1;1,328963E-1;9,364331E-1;;
02/12/2021  12:47:17,887463;9,392482E-1;1,289658E-1;1,423743E-1;9,365456E-1;;
02/12/2021  12:47:17,887563;9,388935E-1;1,197269E-1;1,218387E-1;9,366579E-1;;
02/12/2021  12:47:17,887663;9,399724E-1;1,031608E-1;9,909157E-2;9,367699E-1;;
02/12/2021  12:47:17,887763;9,394568E-1;1,391603E-1;1,430061E-1;9,368813E-1;;
02/12/2021  12:47:17,887863;9,392541E-1;1,302401E-1;1,341600E-1;9,369921E-1;;
02/12/2021  12:47:17,887963;9,381007E-1;1,280100E-1;1,291051E-1;9,371021E-1;;
02/12/2021  12:47:17,888063;9,370219E-1;8,914326E-2;1,155200E-1;9,372108E-1;;
02/12/2021  12:47:17,888163;9,374779E-1;1,229127E-1;1,467973E-1;9,373178E-1;;
02/12/2021  12:47:17,888263;9,372454E-1;1,356559E-1;1,417424E-1;9,374225E-1;;
02/12/2021  12:47:17,888363;9,371828E-1;1,369303E-1;1,376353E-1;9,375244E-1;;
02/12/2021  12:47:17,888463;9,354900E-1;1,251428E-1;1,174156E-1;9,376230E-1;;
02/12/2021  12:47:17,888563;9,357254E-1;1,241871E-1;1,189953E-1;9,377176E-1;;
02/12/2021  12:47:17,888663;9,363871E-1;1,413904E-1;1,439539E-1;9,378076E-1;;
02/12/2021  12:47:17,888763;9,365927E-1;1,426647E-1;1,420583E-1;9,378924E-1;;
02/12/2021  12:47:17,888863;9,356479E-1;1,245056E-1;1,338441E-1;9,379718E-1;;
02/12/2021  12:47:17,888963;9,343992E-1;9,870066E-2;1,120448E-1;9,380452E-1;;
02/12/2021  12:47:17,889063;9,346227E-1;1,305587E-1;1,221546E-1;9,381122E-1;;
02/12/2021  12:47:17,889163;9,350608E-1;1,751599E-1;2,115634E-1;9,381722E-1;;
02/12/2021  12:47:17,889263;9,350489E-1;1,108067E-1;1,145722E-1;9,382249E-1;;
02/12/2021  12:47:17,889363;9,350400E-1;1,241871E-1;1,259458E-1;9,382700E-1;;
02/12/2021  12:47:17,889463;9,334962E-1;1,378860E-1;1,366875E-1;9,383072E-1;;
02/12/2021  12:47:17,889563;9,337406E-1;1,308772E-1;1,335282E-1;9,383363E-1;;
02/12/2021  12:47:17,889663;9,341310E-1;1,359745E-1;1,430061E-1;9,383570E-1;;
02/12/2021  12:47:17,889763;9,341518E-1;1,222756E-1;1,253139E-1;9,383691E-1;;
02/12/2021  12:47:17,889863;9,335379E-1;1,356559E-1;1,366875E-1;9,383724E-1;;
02/12/2021  12:47:17,889963;9,320775E-1;9,455912E-2;8,961361E-2;9,383670E-1;;
02/12/2021  12:47:17,890063;9,324233E-1;1,350188E-1;1,335282E-1;9,383526E-1;;
02/12/2021  12:47:17,890163;9,325067E-1;1,324701E-1;1,366875E-1;9,383290E-1;;
02/12/2021  12:47:17,890263;9,319136E-1;1,178155E-1;1,265777E-1;9,382960E-1;;
02/12/2021  12:47:17,890363;9,314964E-1;1,123996E-1;1,155200E-1;9,382536E-1;;
02/12/2021  12:47:17,890463;9,298125E-1;1,327887E-1;1,322644E-1;9,382017E-1;;
02/12/2021  12:47:17,890563;9,300450E-1;1,168597E-1;8,771802E-2;9,381400E-1;;
02/12/2021  12:47:17,890663;9,303937E-1;1,203641E-1;1,120448E-1;9,380682E-1;;
02/12/2021  12:47:17,890763;9,299466E-1;1,184526E-1;1,180475E-1;9,379863E-1;;
02/12/2021  12:47:17,890863;9,292433E-1;1,525407E-1;1,638576E-1;9,378941E-1;;
02/12/2021  12:47:17,890963;9,283879E-1;1,283286E-1;1,246821E-1;9,377916E-1;;
02/12/2021  12:47:17,891063;9,287396E-1;1,200455E-1;1,253139E-1;9,376788E-1;;
02/12/2021  12:47:17,891163;9,301135E-1;1,222756E-1;1,218387E-1;9,375555E-1;;
02/12/2021  12:47:17,891263;9,295562E-1;1,378860E-1;1,344760E-1;9,374220E-1;;
02/12/2021  12:47:17,891363;9,290376E-1;1,461691E-1;1,515363E-1;9,372787E-1;;
02/12/2021  12:47:17,891463;9,290466E-1;1,219570E-1;1,193112E-1;9,371259E-1;;
02/12/2021  12:47:17,891563;9,297619E-1;8,181592E-2;8,803395E-2;9,369640E-1;;
02/12/2021  12:47:17,891663;9,310851E-1;1,305587E-1;1,458495E-1;9,367936E-1;;
02/12/2021  12:47:17,891763;9,304175E-1;1,299215E-1;1,335282E-1;9,366153E-1;;
02/12/2021  12:47:17,891863;9,299407E-1;1,302401E-1;1,291051E-1;9,364300E-1;;
02/12/2021  12:47:17,891963;9,291449E-1;1,340630E-1;1,310007E-1;9,362384E-1;;
02/12/2021  12:47:17,892063;9,302864E-1;9,328480E-2;8,392683E-2;9,360411E-1;;
02/12/2021  12:47:17,892163;9,298542E-1;1,260985E-1;1,363715E-1;9,358388E-1;;
02/12/2021  12:47:17,892263;9,294370E-1;1,369303E-1;1,240502E-1;9,356322E-1;;
02/12/2021  12:47:17,892363;9,291986E-1;1,171783E-1;1,234183E-1;9,354218E-1;;
02/12/2021  12:47:17,892463;9,282955E-1;1,235499E-1;1,294210E-1;9,352083E-1;;
02/12/2021  12:47:17,892563;9,292731E-1;1,461691E-1;1,670170E-1;9,349921E-1;;
02/12/2021  12:47:17,892663;9,303847E-1;1,429833E-1;1,433221E-1;9,347736E-1;;
02/12/2021  12:47:17,892763;9,305099E-1;1,114439E-1;1,262617E-1;9,345537E-1;;
02/12/2021  12:47:17,892863;9,296933E-1;1,260985E-1;1,246821E-1;9,343329E-1;;
02/12/2021  12:47:17,892963;9,294906E-1;1,487177E-1;1,600664E-1;9,341122E-1;;
02/12/2021  12:47:17,893063;9,313206E-1;1,401161E-1;1,325804E-1;9,338920E-1;;
02/12/2021  12:47:17,893163;9,320895E-1;1,308772E-1;1,322644E-1;9,336732E-1;;
02/12/2021  12:47:17,893263;9,316037E-1;1,296029E-1;1,294210E-1;9,334566E-1;;
02/12/2021  12:47:17,893363;9,316335E-1;1,340630E-1;1,284732E-1;9,332432E-1;;
02/12/2021  12:47:17,893463;9,316961E-1;1,041165E-1;1,136244E-1;9,330338E-1;;
02/12/2021  12:47:17,893563;9,328733E-1;2,098851E-1;1,935552E-1;9,328292E-1;;
02/12/2021  12:47:17,893663;9,327511E-1;1,181340E-1;1,240502E-1;9,326302E-1;;
02/12/2021  12:47:17,893763;9,320090E-1;1,219570E-1;1,227865E-1;9,324374E-1;;
02/12/2021  12:47:17,893863;9,307960E-1;1,280100E-1;1,338441E-1;9,322517E-1;;
02/12/2021  12:47:17,893963;9,306947E-1;1,206827E-1;1,613302E-1;9,320733E-1;;
02/12/2021  12:47:17,894063;9,314249E-1;1,359745E-1;1,237343E-1;9,319024E-1;;
02/12/2021  12:47:17,894163;9,311656E-1;1,114439E-1;1,142563E-1;9,317391E-1;;
02/12/2021  12:47:17,894263;9,305159E-1;1,235499E-1;1,256299E-1;9,315837E-1;;
02/12/2021  12:47:17,894363;9,296993E-1;1,165411E-1;1,291051E-1;9,314360E-1;;
02/12/2021  12:47:17,894463;9,306112E-1;1,238685E-1;1,098333E-1;9,312961E-1;;
02/12/2021  12:47:17,894563;9,317795E-1;3,880762E-2;5,075397E-2;9,311639E-1;;
02/12/2021  12:47:17,894663;9,319315E-1;1,343816E-1;1,249980E-1;9,310393E-1;;
02/12/2021  12:47:17,894763;9,316603E-1;1,382046E-1;1,319485E-1;9,309225E-1;;
02/12/2021  12:47:17,894863;9,310374E-1;1,210013E-1;1,272095E-1;9,308137E-1;;
02/12/2021  12:47:17,894963;9,322534E-1;1,174969E-1;1,076217E-1;9,307128E-1;;
02/12/2021  12:47:17,895063;9,336571E-1;9,997498E-2;9,245700E-2;9,306199E-1;;
02/12/2021  12:47:17,895163;9,337555E-1;9,710776E-2;9,498445E-2;9,305353E-1;;
02/12/2021  12:47:17,895263;9,333591E-1;1,120810E-1;1,224705E-1;9,304594E-1;;
02/12/2021  12:47:17,895363;9,332697E-1;1,057094E-1;1,101492E-1;9,303923E-1;;
02/12/2021  12:47:17,895463;9,344052E-1;1,104881E-1;1,000394E-1;9,303342E-1;;
02/12/2021  12:47:17,895563;9,354632E-1;7,512574E-2;1,028828E-1;9,302853E-1;;
02/12/2021  12:47:17,895663;9,360562E-1;1,130368E-1;1,215227E-1;9,302460E-1;;
02/12/2021  12:47:17,895763;9,351681E-1;7,767438E-2;1,410586E-2;9,302167E-1;;
02/12/2021  12:47:17,895863;9,355079E-1;9,264764E-2;1,003553E-1;9,301976E-1;;
02/12/2021  12:47:17,895963;9,362470E-1;7,958586E-2;8,455870E-2;9,301890E-1;;
02/12/2021  12:47:17,896063;9,378802E-1;1,047537E-1;1,249980E-1;9,301909E-1;;
02/12/2021  12:47:17,896163;9,382676E-1;1,143111E-1;1,152041E-1;9,302038E-1;;
02/12/2021  12:47:17,896263;9,386938E-1;8,818752E-2;1,013031E-1;9,302281E-1;;
02/12/2021  12:47:17,896363;9,387802E-1;9,838208E-2;1,126766E-1;9,302641E-1;;
02/12/2021  12:47:17,896463;9,402078E-1;7,640006E-2;9,466852E-2;9,303122E-1;;
02/12/2021  12:47:17,896563;9,420109E-1;1,095324E-1;1,208909E-1;9,303728E-1;;
02/12/2021  12:47:17,896663;9,426785E-1;1,340630E-1;1,556434E-1;9,304465E-1;;
02/12/2021  12:47:17,896763;9,423536E-1;9,519628E-2;1,050943E-1;9,305339E-1;;
02/12/2021  12:47:17,896863;9,431285E-1;1,114439E-1;1,212068E-1;9,306356E-1;;
02/12/2021  12:47:17,896963;9,446991E-1;1,184526E-1;1,471132E-1;9,307519E-1;;
02/12/2021  12:47:17,897063;9,466631E-1;1,308772E-1;1,351078E-1;9,308835E-1;;
02/12/2021  12:47:17,897163;9,462578E-1;1,159040E-1;1,404787E-1;9,310309E-1;;
02/12/2021  12:47:17,897263;9,460999E-1;1,270543E-1;1,325804E-1;9,311948E-1;;
02/12/2021  12:47:17,897363;9,466572E-1;2,140266E-1;1,872366E-1;9,313755E-1;;
02/12/2021  12:47:17,897463;9,479685E-1;1,560451E-1;1,493248E-1;9,315732E-1;;
02/12/2021  12:47:17,897563;9,492083E-1;1,503106E-1;1,243661E-1;9,317882E-1;;
02/12/2021  12:47:17,897663;9,484990E-1;1,060280E-1;7,634447E-2;9,320208E-1;;
02/12/2021  12:47:17,897763;9,479238E-1;1,671954E-1;1,742834E-1;9,322710E-1;;
02/12/2021  12:47:17,897863;9,480996E-1;1,726112E-1;2,396813E-1;9,325386E-1;;
02/12/2021  12:47:17,897963;9,488537E-1;4,231200E-2;3,653703E-2;9,328234E-1;;
02/12/2021  12:47:17,898063;9,489401E-1;1,337445E-1;1,373193E-1;9,331248E-1;;
02/12/2021  12:47:17,898163;9,480788E-1;1,286472E-1;1,272095E-1;9,334423E-1;;
02/12/2021  12:47:17,898263;9,474112E-1;9,965640E-2;1,480610E-1;9,337752E-1;;
02/12/2021  12:47:17,898363;9,471817E-1;1,203641E-1;1,332122E-1;9,341225E-1;;
02/12/2021  12:47:17,898463;9,484334E-1;1,194084E-1;1,221546E-1;9,344831E-1;;
02/12/2021  12:47:17,898563;9,476824E-1;1,162226E-1;1,164678E-1;9,348559E-1;;
02/12/2021  12:47:17,898663;9,478612E-1;1,359745E-1;1,306848E-1;9,352398E-1;;
02/12/2021  12:47:17,898763;9,471787E-1;7,671864E-2;1,423743E-1;9,356335E-1;;
02/12/2021  12:47:17,898863;9,476645E-1;1,232313E-1;1,202590E-1;9,360359E-1;;
02/12/2021  12:47:17,898963;9,493514E-1;1,108067E-1;1,079377E-1;9,364456E-1;;
02/12/2021  12:47:17,899063;9,492918E-1;1,079395E-1;1,215227E-1;9,368617E-1;;
02/12/2021  12:47:17,899163;9,490802E-1;1,394789E-1;1,392149E-1;9,372832E-1;;
02/12/2021  12:47:17,899263;9,491100E-1;1,350188E-1;1,313166E-1;9,377091E-1;;
02/12/2021  12:47:17,899363;9,503319E-1;1,280100E-1;1,259458E-1;9,381385E-1;;
02/12/2021  12:47:17,899463;9,514197E-1;6,811698E-2;8,076751E-2;9,385706E-1;;
02/12/2021  12:47:17,899563;9,513720E-1;1,232313E-1;1,177316E-1;9,390048E-1;;
02/12/2021  12:47:17,899663;9,510054E-1;1,483991E-1;1,648054E-1;9,394404E-1;;
02/12/2021  12:47:17,899763;9,501471E-1;2,861306E-2;5,486109E-2;9,398769E-1;;
02/12/2021  12:47:17,899863;9,506836E-1;1,203641E-1;1,180475E-1;9,403135E-1;;
02/12/2021  12:47:17,899963;9,511217E-1;1,254614E-1;1,249980E-1;9,407493E-1;;
02/12/2021  12:47:17,900063;9,510650E-1;1,257800E-1;1,297370E-1;9,411836E-1;;
02/12/2021  12:47:17,900163;9,496911E-1;8,436456E-2;1,114129E-1;9,416158E-1;;
02/12/2021  12:47:17,900263;9,482516E-1;1,270543E-1;1,253139E-1;9,420448E-1;;
02/12/2021  12:47:17,900363;9,494438E-1;1,433019E-1;1,534319E-1;9,424697E-1;;
02/12/2021  12:47:17,900463;9,492202E-1;1,311958E-1;1,603824E-1;9,428893E-1;;
02/12/2021  12:47:17,900563;9,484513E-1;1,302401E-1;1,325804E-1;9,433026E-1;;
02/12/2021  12:47:17,900663;9,470744E-1;1,347002E-1;1,227865E-1;9,437086E-1;;
02/12/2021  12:47:17,900763;9,458644E-1;1,350188E-1;1,373193E-1;9,441062E-1;;
02/12/2021  12:47:17,900863;9,473426E-1;1,302401E-1;1,186794E-1;9,444940E-1;;
02/12/2021  12:47:17,900963;9,471579E-1;1,471248E-1;1,455336E-1;9,448710E-1;;
02/12/2021  12:47:17,901063;9,470893E-1;1,407532E-1;1,344760E-1;9,452361E-1;;
02/12/2021  12:47:17,901163;9,461088E-1;1,289658E-1;1,360556E-1;9,455885E-1;;
02/12/2021  12:47:17,901263;9,462340E-1;1,286472E-1;1,332122E-1;9,459274E-1;;
02/12/2021  12:47:17,901363;9,473635E-1;1,241871E-1;1,973464E-1;9,462520E-1;;
02/12/2021  12:47:17,901463;9,473665E-1;1,254614E-1;1,256299E-1;9,465617E-1;;
02/12/2021  12:47:17,901563;9,470863E-1;1,241871E-1;1,363715E-1;9,468562E-1;;
02/12/2021  12:47:17,901663;9,451938E-1;1,264171E-1;1,300529E-1;9,471352E-1;;
02/12/2021  12:47:17,901763;9,448243E-1;7,576290E-2;1,177316E-1;9,473982E-1;;
02/12/2021  12:47:17,901863;9,459389E-1;1,257800E-1;1,338441E-1;9,476448E-1;;
02/12/2021  12:47:17,901963;9,456111E-1;1,203641E-1;1,275255E-1;9,478745E-1;;
02/12/2021  12:47:17,902063;9,445739E-1;1,095324E-1;1,227865E-1;9,480871E-1;;
02/12/2021  12:47:17,902163;9,429139E-1;1,292843E-1;1,347919E-1;9,482823E-1;;
02/12/2021  12:47:17,902263;9,425533E-1;1,204690E-2;8,582243E-2;9,484598E-1;;
02/12/2021  12:47:17,902363;9,426427E-1;1,127182E-1;1,180475E-1;9,486189E-1;;
02/12/2021  12:47:17,902463;9,420794E-1;1,331073E-1;1,256299E-1;9,487595E-1;;
02/12/2021  12:47:17,902563;9,414655E-1;1,222756E-1;1,278414E-1;9,488810E-1;;
02/12/2021  12:47:17,902663;9,395998E-1;1,512664E-1;1,821817E-1;9,489831E-1;;
02/12/2021  12:47:17,902763;9,399783E-1;1,248242E-1;1,360556E-1;9,490655E-1;;
02/12/2021  12:47:17,902863;9,405625E-1;9,424054E-2;1,439539E-1;9,491278E-1;;
02/12/2021  12:47:17,902963;9,394955E-1;1,311958E-1;1,319485E-1;9,491699E-1;;
02/12/2021  12:47:17,903063;9,386104E-1;1,347002E-1;1,351078E-1;9,491915E-1;;
02/12/2021  12:47:17,903163;9,378713E-1;1,203641E-1;1,426902E-1;9,491926E-1;;
02/12/2021  12:47:17,903263;9,385835E-1;4,900218E-2;8,171531E-2;9,491732E-1;;
02/12/2021  12:47:17,903363;9,395611E-1;2,224146E-2;3,337771E-2;9,491332E-1;;
02/12/2021  12:47:17,903463;9,393346E-1;1,254614E-1;1,281573E-1;9,490731E-1;;
02/12/2021  12:47:17,903563;9,381395E-1;1,203641E-1;1,256299E-1;9,489933E-1;;
02/12/2021  12:47:17,903663;9,372990E-1;1,267357E-1;1,278414E-1;9,488944E-1;;
02/12/2021  12:47:17,903763;9,374182E-1;1,315144E-1;1,152041E-1;9,487767E-1;;
02/12/2021  12:47:17,903863;9,377610E-1;1,426647E-1;1,265777E-1;9,486407E-1;;
02/12/2021  12:47:17,903963;9,370964E-1;1,324701E-1;1,420583E-1;9,484870E-1;;
02/12/2021  12:47:17,904063;9,365689E-1;1,362931E-1;1,370034E-1;9,483161E-1;;
02/12/2021  12:47:17,904163;9,353589E-1;1,241871E-1;1,164678E-1;9,481287E-1;;
02/12/2021  12:47:17,904263;9,352069E-1;1,210013E-1;1,382671E-1;9,479252E-1;;
02/12/2021  12:47:17,904363;9,348343E-1;1,359745E-1;1,414265E-1;9,477062E-1;;
02/12/2021  12:47:17,904463;9,336482E-1;1,385232E-1;1,341600E-1;9,474720E-1;;
02/12/2021  12:47:17,904563;9,320328E-1;1,343816E-1;1,388990E-1;9,472230E-1;;
02/12/2021  12:47:17,904663;9,299347E-1;1,095324E-1;1,164678E-1;9,469595E-1;;
02/12/2021  12:47:17,904763;9,299049E-1;1,640096E-1;1,796542E-1;9,466813E-1;;
02/12/2021  12:47:17,904863;9,293148E-1;1,464877E-1;1,695444E-1;9,463884E-1;;
02/12/2021  12:47:17,904963;9,284654E-1;1,273729E-1;1,287892E-1;9,460808E-1;;
02/12/2021  12:47:17,905063;9,263524E-1;1,280100E-1;1,373193E-1;9,457583E-1;;
02/12/2021  12:47:17,905163;9,252467E-1;1,461691E-1;1,360556E-1;9,454208E-1;;
02/12/2021  12:47:17,905263;9,252199E-1;1,455319E-1;1,306848E-1;9,450679E-1;;
02/12/2021  12:47:17,905363;9,246000E-1;1,337445E-1;1,392149E-1;9,446996E-1;;
02/12/2021  12:47:17,905463;9,234436E-1;1,318330E-1;1,287892E-1;9,443156E-1;;
02/12/2021  12:47:17,905563;9,217836E-1;1,280100E-1;1,287892E-1;9,439159E-1;;
02/12/2021  12:47:17,905663;9,211100E-1;1,397975E-1;1,366875E-1;9,435002E-1;;
02/12/2021  12:47:17,905763;9,211726E-1;1,302401E-1;1,335282E-1;9,430685E-1;;
02/12/2021  12:47:17,905863;9,208120E-1;1,270543E-1;1,351078E-1;9,426205E-1;;
02/12/2021  12:47:17,905963;9,208329E-1;1,229127E-1;1,224705E-1;9,421566E-1;;
02/12/2021  12:47:17,906063;9,194441E-1;1,178155E-1;1,202590E-1;9,416769E-1;;
02/12/2021  12:47:17,906163;9,192563E-1;1,420275E-1;1,351078E-1;9,411818E-1;;
02/12/2021  12:47:17,906263;9,204603E-1;1,171783E-1;1,287892E-1;9,406717E-1;;
02/12/2021  12:47:17,906363;9,206898E-1;1,299215E-1;1,284732E-1;9,401473E-1;;
02/12/2021  12:47:17,906463;9,205796E-1;1,321516E-1;1,426902E-1;9,396095E-1;;
02/12/2021  12:47:17,906563;9,194411E-1;1,483991E-1;1,458495E-1;9,390593E-1;;
02/12/2021  12:47:17,906663;9,200640E-1;1,375674E-1;1,129926E-1;9,384978E-1;;
02/12/2021  12:47:17,906763;9,213753E-1;1,187712E-1;1,205749E-1;9,379262E-1;;
02/12/2021  12:47:17,906863;9,219117E-1;1,251428E-1;1,265777E-1;9,373457E-1;;
02/12/2021  12:47:17,906963;9,208239E-1;1,474434E-1;1,524841E-1;9,367580E-1;;
02/12/2021  12:47:17,907063;9,206600E-1;3,339176E-2;9,530039E-2;9,361645E-1;;
02/12/2021  12:47:17,907163;9,204603E-1;1,305587E-1;1,310007E-1;9,355668E-1;;
02/12/2021  12:47:17,907263;9,216912E-1;1,401161E-1;1,328963E-1;9,349662E-1;;
02/12/2021  12:47:17,907363;9,217985E-1;1,347002E-1;1,341600E-1;9,343642E-1;;
02/12/2021  12:47:17,907463;9,208537E-1;1,327887E-1;1,354238E-1;9,337624E-1;;
02/12/2021  12:47:17,907563;9,202100E-1;1,254614E-1;1,303688E-1;9,331622E-1;;
02/12/2021  12:47:17,907663;9,203948E-1;1,318330E-1;1,212068E-1;9,325650E-1;;
02/12/2021  12:47:17,907763;9,214766E-1;1,544522E-1;1,550115E-1;9,319718E-1;;
02/12/2021  12:47:17,907863;9,211369E-1;1,273729E-1;1,411105E-1;9,313841E-1;;
02/12/2021  12:47:17,907963;9,215243E-1;1,343816E-1;1,180475E-1;9,308030E-1;;
02/12/2021  12:47:17,908063;9,211756E-1;1,404346E-1;1,322644E-1;9,302298E-1;;
02/12/2021  12:47:17,908163;9,219654E-1;1,143111E-1;1,253139E-1;9,296657E-1;;
02/12/2021  12:47:17,908263;9,235450E-1;1,347002E-1;1,240502E-1;9,291120E-1;;
02/12/2021  12:47:17,908363;9,243317E-1;1,222756E-1;1,107811E-1;9,285699E-1;;
02/12/2021  12:47:17,908463;9,241142E-1;1,254614E-1;1,262617E-1;9,280409E-1;;
02/12/2021  12:47:17,908563;9,247728E-1;1,143111E-1;1,224705E-1;9,275264E-1;;
02/12/2021  12:47:17,908663;9,264209E-1;1,066652E-1;9,845971E-2;9,270278E-1;;
02/12/2021  12:47:17,908763;9,279141E-1;7,703722E-2;1,000394E-1;9,265467E-1;;
02/12/2021  12:47:17,908863;9,285727E-1;4,517922E-2;8,139938E-2;9,260844E-1;;
02/12/2021  12:47:17,908963;9,293804E-1;1,047537E-1;1,180475E-1;9,256427E-1;;
02/12/2021  12:47:17,909063;9,296367E-1;9,424054E-2;9,909157E-2;9,252231E-1;;
02/12/2021  12:47:17,909163;9,310970E-1;1,190898E-1;1,262617E-1;9,248272E-1;;
02/12/2021  12:47:17,909263;9,321997E-1;1,225942E-1;1,565912E-1;9,244562E-1;;
02/12/2021  12:47:17,909363;9,327332E-1;1,149482E-1;1,215227E-1;9,241117E-1;;
02/12/2021  12:47:17,909463;9,329329E-1;8,850610E-2;1,016190E-1;9,237949E-1;;
02/12/2021  12:47:17,909563;9,329985E-1;9,009900E-2;1,499566E-1;9,235069E-1;;
02/12/2021  12:47:17,909663;9,345274E-1;1,098510E-1;1,180475E-1;9,232488E-1;;
02/12/2021  12:47:17,909763;9,350966E-1;8,627604E-2;1,076217E-1;9,230213E-1;;
02/12/2021  12:47:17,909863;9,354602E-1;8,500172E-2;8,929768E-2;9,228252E-1;;
02/12/2021  12:47:17,909963;9,359549E-1;8,340882E-2;9,087734E-2;9,226612E-1;;
02/12/2021  12:47:17,910063;9,367060E-1;1,015679E-1;1,145722E-1;9,225296E-1;;
02/12/2021  12:47:17,910163;9,378951E-1;1,044351E-1;1,126766E-1;9,224309E-1;;
02/12/2021  12:47:17,910263;9,383719E-1;8,532030E-2;1,139404E-1;9,223653E-1;;
02/12/2021  12:47:17,910363;9,392064E-1;1,063466E-1;1,382671E-1;9,223331E-1;;
02/12/2021  12:47:17,910463;9,390455E-1;1,264171E-1;1,370034E-1;9,223344E-1;;
02/12/2021  12:47:17,910563;9,402108E-1;1,130368E-1;1,278414E-1;9,223692E-1;;
02/12/2021  12:47:17,910663;9,417695E-1;1,041165E-1;1,003553E-1;9,224372E-1;;
02/12/2021  12:47:17,910763;9,430659E-1;1,452133E-1;1,401627E-1;9,225385E-1;;
02/12/2021  12:47:17,910863;9,440524E-1;1,834429E-1;1,663851E-1;9,226730E-1;;
02/12/2021  12:47:17,910963;9,442461E-1;1,630538E-1;1,464814E-1;9,228406E-1;;
02/12/2021  12:47:17,911063;9,450776E-1;1,547707E-1;1,423743E-1;9,230411E-1;;
02/12/2021  12:47:17,911163;9,469492E-1;1,745227E-1;1,843932E-1;9,232743E-1;;
02/12/2021  12:47:17,911263;9,472830E-1;1,662396E-1;1,559593E-1;9,235399E-1;;
02/12/2021  12:47:17,911363;9,479596E-1;1,499920E-1;1,249980E-1;9,238376E-1;;
02/12/2021  12:47:17,911463;9,480430E-1;1,324701E-1;1,379512E-1;9,241670E-1;;
02/12/2021  12:47:17,911563;9,484841E-1;1,429833E-1;1,325804E-1;9,245275E-1;;
02/12/2021  12:47:17,911663;9,498789E-1;1,133553E-1;1,041465E-1;9,249183E-1;;
02/12/2021  12:47:17,911763;9,510531E-1;1,184526E-1;1,148882E-1;9,253387E-1;;
02/12/2021  12:47:17,911863;9,514257E-1;1,174969E-1;1,129926E-1;9,257879E-1;;
02/12/2021  12:47:17,911963;9,508415E-1;9,201048E-2;1,155200E-1;9,262652E-1;;
02/12/2021  12:47:17,912063;9,515508E-1;1,200455E-1;1,246821E-1;9,267695E-1;;
02/12/2021  12:47:17,912163;9,539053E-1;6,047106E-2;1,013031E-1;9,272998E-1;;
02/12/2021  12:47:17,912263;9,541973E-1;1,391603E-1;1,338441E-1;9,278550E-1;;
02/12/2021  12:47:17,912363;9,543106E-1;1,136739E-1;1,170997E-1;9,284343E-1;;
02/12/2021  12:47:17,912463;9,543493E-1;1,216384E-1;1,164678E-1;9,290364E-1;;
02/12/2021  12:47:17,912563;9,552196E-1;1,117624E-1;1,347919E-1;9,296603E-1;;
02/12/2021  12:47:17,912663;9,577260E-1;1,082581E-1;1,411105E-1;9,303047E-1;;
02/12/2021  12:47:17,912763;9,576068E-1;1,235499E-1;1,249980E-1;9,309687E-1;;
02/12/2021  12:47:17,912863;9,578124E-1;1,267357E-1;1,272095E-1;9,316511E-1;;
02/12/2021  12:47:17,912963;9,583280E-1;1,394789E-1;1,332122E-1;9,323510E-1;;
02/12/2021  12:47:17,913063;9,603785E-1;1,601866E-1;1,537478E-1;9,330671E-1;;
02/12/2021  12:47:17,913163;9,611444E-1;1,340630E-1;1,303688E-1;9,337986E-1;;
02/12/2021  12:47:17,913263;9,622292E-1;1,283286E-1;1,243661E-1;9,345444E-1;;
02/12/2021  12:47:17,913363;9,617107E-1;1,181340E-1;1,388990E-1;9,353038E-1;;
02/12/2021  12:47:17,913463;9,621637E-1;1,225942E-1;1,262617E-1;9,360758E-1;;
02/12/2021  12:47:17,913563;9,632574E-1;1,302401E-1;1,275255E-1;9,368593E-1;;
02/12/2021  12:47:17,913663;9,650725E-1;1,410718E-1;1,442698E-1;9,376533E-1;;
02/12/2021  12:47:17,913763;9,650158E-1;1,206827E-1;1,212068E-1;9,384570E-1;;
02/12/2021  12:47:17,913863;9,653317E-1;1,397975E-1;1,414265E-1;9,392695E-1;;
02/12/2021  12:47:17,913963;9,659963E-1;1,203641E-1;1,227865E-1;9,400899E-1;;
02/12/2021  12:47:17,914063;9,674925E-1;6,620550E-2;8,234717E-2;9,409172E-1;;
02/12/2021  12:47:17,914163;9,692955E-1;1,041165E-1;1,152041E-1;9,417506E-1;;
02/12/2021  12:47:17,914263;9,691137E-1;1,031608E-1;1,152041E-1;9,425895E-1;;
02/12/2021  12:47:17,914363;9,692806E-1;1,238685E-1;1,199431E-1;9,434333E-1;;
02/12/2021  12:47:17,914463;9,693283E-1;1,165411E-1;1,474292E-1;9,442813E-1;;
02/12/2021  12:47:17,914563;9,709734E-1;1,417090E-1;1,824976E-1;9,451326E-1;;
02/12/2021  12:47:17,914663;9,719987E-1;1,203641E-1;1,231024E-1;9,459865E-1;;
02/12/2021  12:47:17,914763;9,717483E-1;1,299215E-1;1,319485E-1;9,468424E-1;;
02/12/2021  12:47:17,914863;9,722937E-1;1,385232E-1;1,373193E-1;9,476995E-1;;
02/12/2021  12:47:17,914963;9,731163E-1;1,248242E-1;1,291051E-1;9,485572E-1;;
02/12/2021  12:47:17,915063;9,744664E-1;1,146297E-1;1,259458E-1;9,494148E-1;;
02/12/2021  12:47:17,915163;9,756197E-1;1,165411E-1;1,212068E-1;9,502718E-1;;
02/12/2021  12:47:17,915263;9,754081E-1;1,394789E-1;1,433221E-1;9,511276E-1;;
02/12/2021  12:47:17,915363;9,750535E-1;1,235499E-1;1,243661E-1;9,519819E-1;;
02/12/2021  12:47:17,915463;9,746720E-1;1,190898E-1;1,041465E-1;9,528339E-1;;
02/12/2021  12:47:17,915563;9,763708E-1;1,162226E-1;1,107811E-1;9,536830E-1;;
02/12/2021  12:47:17,915663;9,764751E-1;1,296029E-1;1,310007E-1;9,545283E-1;;
02/12/2021  12:47:17,915763;9,768268E-1;1,299215E-1;1,259458E-1;9,553692E-1;;
02/12/2021  12:47:17,915863;9,757568E-1;1,378860E-1;1,414265E-1;9,562051E-1;;
02/12/2021  12:47:17,915963;9,764602E-1;1,069837E-1;1,117289E-1;9,570350E-1;;
02/12/2021  12:47:17,916063;9,765168E-1;5,887816E-2;8,771802E-2;9,578582E-1;;
02/12/2021  12:47:17,916163;9,764453E-1;1,289658E-1;1,246821E-1;9,586737E-1;;
02/12/2021  12:47:17,916263;9,755929E-1;1,206827E-1;1,227865E-1;9,594806E-1;;
02/12/2021  12:47:17,916363;9,735693E-1;8,563888E-2;1,259458E-1;9,602778E-1;;
02/12/2021  12:47:17,916463;9,736974E-1;1,120810E-1;1,212068E-1;9,610641E-1;;
02/12/2021  12:47:17,916563;9,732564E-1;1,382046E-1;1,660692E-1;9,618378E-1;;
02/12/2021  12:47:17,916663;9,720553E-1;1,267357E-1;1,278414E-1;9,625977E-1;;
02/12/2021  12:47:17,916763;9,715665E-1;1,162226E-1;1,202590E-1;9,633420E-1;;
02/12/2021  12:47:17,916863;9,704042E-1;1,280100E-1;1,297370E-1;9,640691E-1;;
02/12/2021  12:47:17,916963;9,697456E-1;1,276914E-1;1,354238E-1;9,647775E-1;;
02/12/2021  12:47:17,917063;9,701151E-1;1,458505E-1;1,221546E-1;9,654653E-1;;
02/12/2021  12:47:17,917163;9,692657E-1;7,640006E-2;7,350108E-2;9,661311E-1;;
02/12/2021  12:47:17,917263;9,681690E-1;1,302401E-1;1,319485E-1;9,667733E-1;;
02/12/2021  12:47:17,917363;9,672510E-1;1,302401E-1;1,313166E-1;9,673906E-1;;
02/12/2021  12:47:17,917463;9,671110E-1;1,241871E-1;9,656411E-2;9,679814E-1;;
02/12/2021  12:47:17,917563;9,667861E-1;2,001140E-2;5,517702E-2;9,685444E-1;;
02/12/2021  12:47:17,917663;9,662199E-1;8,309024E-2;9,182514E-2;9,690784E-1;;
02/12/2021  12:47:17,917763;9,653854E-1;1,289658E-1;1,313166E-1;9,695823E-1;;
02/12/2021  12:47:17,917863;9,639966E-1;1,241871E-1;1,177316E-1;9,700551E-1;;
02/12/2021  12:47:17,917963;9,641664E-1;1,101695E-1;1,278414E-1;9,704957E-1;;
02/12/2021  12:47:17,918063;9,639638E-1;1,159040E-1;1,461654E-1;9,709033E-1;;
02/12/2021  12:47:17,918163;9,629624E-1;1,044351E-1;1,088855E-1;9,712772E-1;;
02/12/2021  12:47:17,918263;9,620594E-1;6,684266E-2;6,117973E-2;9,716168E-1;;
02/12/2021  12:47:17,918363;9,603755E-1;1,423461E-1;1,376353E-1;9,719215E-1;;
02/12/2021  12:47:17,918463;9,598271E-1;1,311958E-1;1,218387E-1;9,721907E-1;;
02/12/2021  12:47:17,918563;9,594188E-1;1,206827E-1;1,291051E-1;9,724239E-1;;
02/12/2021  12:47:17,918663;9,581194E-1;1,267357E-1;1,344760E-1;9,726206E-1;;
02/12/2021  12:47:17,918763;9,563491E-1;1,292843E-1;1,243661E-1;9,727804E-1;;
02/12/2021  12:47:17,918863;9,552702E-1;1,264171E-1;1,287892E-1;9,729029E-1;;
02/12/2021  12:47:17,918963;9,549722E-1;1,241871E-1;1,202590E-1;9,729877E-1;;
02/12/2021  12:47:17,919063;9,542301E-1;1,190898E-1;1,218387E-1;9,730344E-1;;
02/12/2021  12:47:17,919163;9,528830E-1;1,471248E-1;1,711241E-1;9,730429E-1;;
02/12/2021  12:47:17,919263;9,512290E-1;1,426647E-1;1,310007E-1;9,730130E-1;;
02/12/2021  12:47:17,919363;9,495719E-1;1,206827E-1;1,234183E-1;9,729446E-1;;
02/12/2021  12:47:17,919463;9,495958E-1;8,086018E-2;8,866581E-2;9,728376E-1;;
02/12/2021  12:47:17,919563;9,482844E-1;1,286472E-1;1,278414E-1;9,726918E-1;;
02/12/2021  12:47:17,919663;9,471698E-1;1,385232E-1;1,477451E-1;9,725074E-1;;
02/12/2021  12:47:17,919763;9,457720E-1;1,111253E-1;1,136244E-1;9,722844E-1;;
02/12/2021  12:47:17,919863;9,448750E-1;1,238685E-1;1,205749E-1;9,720231E-1;;
02/12/2021  12:47:17,919963;9,443981E-1;1,369303E-1;1,294210E-1;9,717237E-1;;
02/12/2021  12:47:17,920063;9,437156E-1;1,260985E-1;1,281573E-1;9,713865E-1;;
02/12/2021  12:47:17,920163;9,426993E-1;1,006121E-1;1,000394E-1;9,710121E-1;;
02/12/2021  12:47:17,920263;9,412360E-1;1,034794E-1;9,561632E-2;9,706012E-1;;
02/12/2021  12:47:17,920363;9,407055E-1;1,162226E-1;1,212068E-1;9,701543E-1;;
02/12/2021  12:47:17,920463;9,405684E-1;1,308772E-1;1,562753E-1;9,696722E-1;;
02/12/2021  12:47:17,920563;9,397161E-1;1,385232E-1;1,338441E-1;9,691558E-1;;
02/12/2021  12:47:17,920663;9,392064E-1;1,289658E-1;1,152041E-1;9,686062E-1;;
02/12/2021  12:47:17,920763;9,378414E-1;1,111253E-1;1,107811E-1;9,680245E-1;;
02/12/2021  12:47:17,920863;9,372961E-1;1,334259E-1;1,303688E-1;9,674118E-1;;
02/12/2021  12:47:17,920963;9,374331E-1;1,184526E-1;1,499566E-1;9,667694E-1;;
02/12/2021  12:47:17,921063;9,371381E-1;1,340630E-1;1,335282E-1;9,660986E-1;;
02/12/2021  12:47:17,921163;9,366225E-1;1,353374E-1;1,360556E-1;9,654010E-1;;
02/12/2021  12:47:17,921263;9,350429E-1;1,429833E-1;1,259458E-1;9,646780E-1;;
02/12/2021  12:47:17,921363;9,345035E-1;1,611423E-1;1,689125E-1;9,639313E-1;;
02/12/2021  12:47:17,921463;9,352039E-1;1,184526E-1;1,297370E-1;9,631624E-1;;
02/12/2021  12:47:17,921563;9,342621E-1;1,146297E-1;1,218387E-1;9,623728E-1;;
02/12/2021  12:47:17,921663;9,333263E-1;1,178155E-1;1,249980E-1;9,615644E-1;;
02/12/2021  12:47:17,921763;9,329269E-1;9,424054E-2;1,069899E-1;9,607388E-1;;
02/12/2021  12:47:17,921863;9,322176E-1;-6,749322E-3;7,381701E-2;9,598976E-1;;
02/12/2021  12:47:17,921963;9,325276E-1;1,159040E-1;1,152041E-1;9,590424E-1;;
02/12/2021  12:47:17,922063;9,314606E-1;1,139925E-1;1,123607E-1;9,581750E-1;;
02/12/2021  12:47:17,922163;9,306351E-1;1,063466E-1;1,344760E-1;9,572969E-1;;
02/12/2021  12:47:17,922263;9,289423E-1;1,123996E-1;1,189953E-1;9,564097E-1;;
02/12/2021  12:47:17,922363;9,290406E-1;1,015679E-1;1,092014E-1;9,555148E-1;;
02/12/2021  12:47:17,922463;9,292850E-1;1,213198E-1;1,565912E-1;9,546135E-1;;
02/12/2021  12:47:17,922563;9,279528E-1;1,002936E-1;1,139404E-1;9,537071E-1;;
02/12/2021  12:47:17,922663;9,259948E-1;1,095324E-1;1,347919E-1;9,527970E-1;;
02/12/2021  12:47:17,922763;9,245553E-1;1,136739E-1;1,136244E-1;9,518841E-1;;
02/12/2021  12:47:17,922863;9,237267E-1;9,455912E-2;1,076217E-1;9,509695E-1;;
02/12/2021  12:47:17,922963;9,235181E-1;9,710776E-2;1,180475E-1;9,500536E-1;;
02/12/2021  12:47:17,923063;9,226777E-1;1,111253E-1;1,218387E-1;9,491372E-1;;
02/12/2021  12:47:17,923163;9,215988E-1;1,063466E-1;1,117289E-1;9,482209E-1;;
02/12/2021  12:47:17,923263;9,203262E-1;9,742634E-2;1,316326E-1;9,473054E-1;;
02/12/2021  12:47:17,923363;9,201981E-1;1,101695E-1;1,556434E-1;9,463911E-1;;
02/12/2021  12:47:17,923463;9,201057E-1;1,155854E-1;1,265777E-1;9,454784E-1;;
02/12/2021  12:47:17,923563;9,197182E-1;1,143111E-1;1,328963E-1;9,445680E-1;;
02/12/2021  12:47:17,923663;9,192593E-1;1,276914E-1;1,297370E-1;9,436604E-1;;
02/12/2021  12:47:17,923763;9,184844E-1;1,318330E-1;1,341600E-1;9,427563E-1;;
02/12/2021  12:47:17,923863;9,193666E-1;1,394789E-1;1,461654E-1;9,418564E-1;;
02/12/2021  12:47:17,923963;9,194679E-1;1,547707E-1;1,502726E-1;9,409614E-1;;
02/12/2021  12:47:17,924063;9,190447E-1;1,563636E-1;1,490088E-1;9,400722E-1;;
02/12/2021  12:47:17,924163;9,191341E-1;1,659210E-1;1,426902E-1;9,391898E-1;;
02/12/2021  12:47:17,924263;9,186126E-1;1,331073E-1;1,054102E-1;9,383152E-1;;
02/12/2021  12:47:17,924363;9,194441E-1;1,777085E-1;1,572231E-1;9,374492E-1;;
02/12/2021  12:47:17,924463;9,195156E-1;1,764342E-1;1,606983E-1;9,365929E-1;;
02/12/2021  12:47:17,924563;9,190924E-1;1,506292E-1;1,512204E-1;9,357474E-1;;
02/12/2021  12:47:17,924663;9,188778E-1;7,640006E-2;1,063580E-1;9,349137E-1;;
02/12/2021  12:47:17,924763;9,190089E-1;1,547707E-1;1,594346E-1;9,340929E-1;;
02/12/2021  12:47:17,924863;9,203203E-1;1,729298E-1;1,824976E-1;9,332859E-1;;
02/12/2021  12:47:17,924963;9,198017E-1;1,082581E-1;1,262617E-1;9,324938E-1;;
02/12/2021  12:47:17,925063;9,198017E-1;1,327887E-1;1,281573E-1;9,317176E-1;;
02/12/2021  12:47:17,925163;9,184069E-1;3,625898E-2;8,613836E-2;9,309585E-1;;
02/12/2021  12:47:17,925263;9,200461E-1;1,433019E-1;1,401627E-1;9,302171E-1;;
02/12/2021  12:47:17,925363;9,212620E-1;1,499920E-1;1,322644E-1;9,294943E-1;;
02/12/2021  12:47:17,925463;9,211786E-1;1,445762E-1;1,436380E-1;9,287911E-1;;
02/12/2021  12:47:17,925563;9,216554E-1;1,315144E-1;1,205749E-1;9,281086E-1;;
02/12/2021  12:47:17,925663;9,211637E-1;1,296029E-1;1,388990E-1;9,274476E-1;;
02/12/2021  12:47:17,925763;9,229012E-1;1,305587E-1;1,379512E-1;9,268091E-1;;
02/12/2021  12:47:17,925863;9,239443E-1;1,225942E-1;1,044624E-1;9,261940E-1;;
02/12/2021  12:47:17,925963;9,242125E-1;2,542726E-2;5,170177E-2;9,256035E-1;;
02/12/2021  12:47:17,926063;9,246506E-1;1,270543E-1;1,300529E-1;9,250384E-1;;
02/12/2021  12:47:17,926163;9,247520E-1;1,519035E-1;1,423743E-1;9,244998E-1;;
02/12/2021  12:47:17,926263;9,257861E-1;6,493118E-2;8,361090E-2;9,239886E-1;;
02/12/2021  12:47:17,926363;9,271392E-1;9,201048E-2;9,624818E-2;9,235056E-1;;
02/12/2021  12:47:17,926463;9,269902E-1;1,216384E-1;1,294210E-1;9,230516E-1;;
02/12/2021  12:47:17,926563;9,274819E-1;1,267357E-1;1,395309E-1;9,226275E-1;;
02/12/2021  12:47:17,926663;9,275266E-1;9,615202E-2;9,245700E-2;9,222338E-1;;
02/12/2021  12:47:17,926763;9,283790E-1;6,301970E-2;1,035146E-1;9,218712E-1;;
02/12/2021  12:47:17,926863;9,292880E-1;1,608238E-1;1,903959E-1;9,215400E-1;;
02/12/2021  12:47:17,926963;9,292373E-1;1,464877E-1;1,382671E-1;9,212406E-1;;
02/12/2021  12:47:17,927063;9,283999E-1;1,203641E-1;1,341600E-1;9,209733E-1;;
02/12/2021  12:47:17,927163;9,277919E-1;1,334259E-1;1,328963E-1;9,207380E-1;;
02/12/2021  12:47:17,927263;9,279349E-1;1,283286E-1;1,351078E-1;9,205345E-1;;
02/12/2021  12:47:17,927363;9,286979E-1;1,194084E-1;1,341600E-1;9,203622E-1;;
02/12/2021  12:47:17,927463;9,280839E-1;1,366117E-1;1,278414E-1;9,202204E-1;;
02/12/2021  12:47:17,927563;9,283909E-1;9,041758E-2;9,656411E-2;9,201086E-1;;
02/12/2021  12:47:17,927663;9,282359E-1;1,391603E-1;1,319485E-1;9,200259E-1;;
02/12/2021  12:47:17,927763;9,295681E-1;1,229127E-1;1,202590E-1;9,199715E-1;;
02/12/2021  12:47:17,927863;9,297559E-1;1,362931E-1;1,411105E-1;9,199445E-1;;
02/12/2021  12:47:17,927963;9,299228E-1;1,506292E-1;1,648054E-1;9,199440E-1;;
02/12/2021  12:47:17,928063;9,299586E-1;1,219570E-1;1,224705E-1;9,199693E-1;;
02/12/2021  12:47:17,928163;9,303490E-1;1,034794E-1;1,262617E-1;9,200195E-1;;
02/12/2021  12:47:17,928263;9,316007E-1;1,111253E-1;1,360556E-1;9,200936E-1;;
02/12/2021  12:47:17,928363;9,323428E-1;1,474434E-1;1,423743E-1;9,201909E-1;;
02/12/2021  12:47:17,928463;9,330223E-1;9,519628E-2;1,445858E-1;9,203106E-1;;
02/12/2021  12:47:17,928563;9,325961E-1;1,302401E-1;1,338441E-1;9,204520E-1;;
02/12/2021  12:47:17,928663;9,332518E-1;6,524976E-2;1,009872E-1;9,206145E-1;;
02/12/2021  12:47:17,928763;9,341638E-1;1,410718E-1;1,490088E-1;9,207972E-1;;
02/12/2021  12:47:17,928863;9,354363E-1;1,190898E-1;1,262617E-1;9,209995E-1;;
02/12/2021  12:47:17,928963;9,354960E-1;6,970988E-2;6,149566E-2;9,212208E-1;;
02/12/2021  12:47:17,929063;9,348522E-1;1,477620E-1;1,562753E-1;9,214604E-1;;
02/12/2021  12:47:17,929163;9,347121E-1;1,264171E-1;1,262617E-1;9,217178E-1;;
02/12/2021  12:47:17,929263;9,354363E-1;1,429833E-1;1,202590E-1;9,219918E-1;;
02/12/2021  12:47:17,929363;9,360861E-1;1,270543E-1;1,164678E-1;9,222818E-1;;
02/12/2021  12:47:17,929463;9,362142E-1;9,583344E-2;1,009872E-1;9,225867E-1;;
02/12/2021  12:47:17,929563;9,364169E-1;1,286472E-1;1,338441E-1;9,229058E-1;;
02/12/2021  12:47:17,929663;9,364854E-1;1,391603E-1;1,401627E-1;9,232382E-1;;
02/12/2021  12:47:17,929763;9,374957E-1;1,841850E-2;6,433905E-2;9,235829E-1;;
02/12/2021  12:47:17,929863;9,385418E-1;1,114439E-1;1,158360E-1;9,239393E-1;;
02/12/2021  12:47:17,929963;9,382378E-1;1,213198E-1;1,237343E-1;9,243064E-1;;
02/12/2021  12:47:17,930063;9,373467E-1;1,280100E-1;1,161519E-1;9,246837E-1;;
02/12/2021  12:47:17,930163;9,380083E-1;9,678918E-2;1,366875E-1;9,250701E-1;;
02/12/2021  12:47:17,930263;9,394121E-1;1,452133E-1;1,347919E-1;9,254650E-1;;
02/12/2021  12:47:17,930363;9,398204E-1;1,213198E-1;1,237343E-1;9,258673E-1;;
02/12/2021  12:47:17,930463;9,394150E-1;1,350188E-1;1,291051E-1;9,262766E-1;;
02/12/2021  12:47:17,930563;9,390783E-1;1,152668E-1;1,227865E-1;9,266919E-1;;
02/12/2021  12:47:17,930663;9,391498E-1;9,009900E-2;1,022509E-1;9,271127E-1;;
02/12/2021  12:47:17,930763;9,407562E-1;1,210013E-1;1,193112E-1;9,275379E-1;;
02/12/2021  12:47:17,930863;9,404582E-1;1,159040E-1;1,155200E-1;9,279668E-1;;
02/12/2021  12:47:17,930963;9,392362E-1;1,356559E-1;1,603824E-1;9,283988E-1;;
02/12/2021  12:47:17,931063;9,386074E-1;1,267357E-1;1,313166E-1;9,288330E-1;;
02/12/2021  12:47:17,931163;9,384137E-1;1,302401E-1;1,265777E-1;9,292683E-1;;
02/12/2021  12:47:17,931263;9,390395E-1;1,528593E-1;1,588027E-1;9,297036E-1;;
02/12/2021  12:47:17,931363;9,391289E-1;1,359745E-1;1,278414E-1;9,301378E-1;;
02/12/2021  12:47:17,931463;9,392273E-1;2,054250E-1;1,802861E-1;9,305700E-1;;
02/12/2021  12:47:17,931563;9,384017E-1;1,280100E-1;1,272095E-1;9,309993E-1;;
02/12/2021  12:47:17,931663;9,386521E-1;1,372488E-1;1,449017E-1;9,314246E-1;;
02/12/2021  12:47:17,931763;9,392422E-1;1,353374E-1;1,398468E-1;9,318450E-1;;
02/12/2021  12:47:17,931863;9,393137E-1;1,417090E-1;1,313166E-1;9,322597E-1;;
02/12/2021  12:47:17,931963;9,384286E-1;1,159040E-1;1,104651E-1;9,326680E-1;;
02/12/2021  12:47:17,932063;9,389769E-1;1,104881E-1;1,240502E-1;9,330690E-1;;
02/12/2021  12:47:17,932163;9,395462E-1;1,439390E-1;1,556434E-1;9,334621E-1;;
02/12/2021  12:47:17,932263;9,402227E-1;1,270543E-1;1,259458E-1;9,338466E-1;;
02/12/2021  12:47:17,932363;9,409886E-1;1,273729E-1;1,265777E-1;9,342222E-1;;
02/12/2021  12:47:17,932463;9,403926E-1;1,123996E-1;1,224705E-1;9,345887E-1;;
02/12/2021  12:47:17,932563;9,405476E-1;1,241871E-1;1,268936E-1;9,349458E-1;;
02/12/2021  12:47:17,932663;9,413969E-1;1,181340E-1;1,388990E-1;9,352934E-1;;
02/12/2021  12:47:17,932763;9,424609E-1;1,305587E-1;1,256299E-1;9,356315E-1;;
02/12/2021  12:47:17,932863;9,422851E-1;1,229127E-1;1,297370E-1;9,359600E-1;;
02/12/2021  12:47:17,932963;9,423894E-1;1,369303E-1;1,310007E-1;9,362793E-1;;
02/12/2021  12:47:17,933063;9,421182E-1;7,894870E-2;8,108345E-2;9,365894E-1;;
02/12/2021  12:47:17,933163;9,433192E-1;1,296029E-1;1,114129E-1;9,368906E-1;;
02/12/2021  12:47:17,933263;9,439511E-1;1,296029E-1;1,262617E-1;9,371831E-1;;
02/12/2021  12:47:17,933363;9,438885E-1;1,127182E-1;1,240502E-1;9,374672E-1;;
02/12/2021  12:47:17,933463;9,442044E-1;1,448948E-1;1,480610E-1;9,377434E-1;;
02/12/2021  12:47:17,933563;9,440524E-1;1,321516E-1;1,335282E-1;9,380120E-1;;
02/12/2021  12:47:17,933663;9,453429E-1;1,300264E-2;8,171531E-2;9,382735E-1;;
02/12/2021  12:47:17,933763;9,461684E-1;1,232313E-1;1,262617E-1;9,385282E-1;;
02/12/2021  12:47:17,933863;9,462519E-1;1,356559E-1;1,265777E-1;9,387769E-1;;
02/12/2021  12:47:17,933963;9,451700E-1;1,391603E-1;1,436380E-1;9,390200E-1;;
02/12/2021  12:47:17,934063;9,452505E-1;1,031608E-1;1,218387E-1;9,392580E-1;;
02/12/2021  12:47:17,934163;9,464635E-1;1,088952E-1;1,013031E-1;9,394912E-1;;
02/12/2021  12:47:17,934263;9,460939E-1;1,114439E-1;1,101492E-1;9,397199E-1;;
02/12/2021  12:47:17,934363;9,457392E-1;1,276914E-1;1,202590E-1;9,399446E-1;;
02/12/2021  12:47:17,934463;9,455306E-1;1,311958E-1;1,278414E-1;9,401654E-1;;
02/12/2021  12:47:17,934563;9,461654E-1;1,343816E-1;1,272095E-1;9,403824E-1;;
02/12/2021  12:47:17,934663;9,472234E-1;1,210013E-1;9,119327E-2;9,405960E-1;;
02/12/2021  12:47:17,934763;9,469880E-1;1,031608E-1;1,120448E-1;9,408062E-1;;
02/12/2021  12:47:17,934863;9,468926E-1;1,178155E-1;1,275255E-1;9,410134E-1;;
02/12/2021  12:47:17,934963;9,455098E-1;1,076209E-1;1,126766E-1;9,412178E-1;;
02/12/2021  12:47:17,935063;9,461267E-1;8,595746E-2;9,182514E-2;9,414194E-1;;
02/12/2021  12:47:17,935163;9,471608E-1;6,493118E-2;6,370719E-2;9,416181E-1;;
02/12/2021  12:47:17,935263;9,476526E-1;1,168597E-1;1,240502E-1;9,418141E-1;;
02/12/2021  12:47:17,935363;9,476496E-1;1,216384E-1;1,249980E-1;9,420074E-1;;
02/12/2021  12:47:17,935463;9,474410E-1;8,223938E-3;6,212753E-2;9,421984E-1;;
02/12/2021  12:47:17,935563;9,483828E-1;7,321426E-2;7,792413E-2;9,423870E-1;;
02/12/2021  12:47:17,935663;9,491070E-1;1,241871E-1;1,847091E-1;9,425736E-1;;
02/12/2021  12:47:17,935763;9,497448E-1;1,012493E-1;1,139404E-1;9,427585E-1;;
02/12/2021  12:47:17,935863;9,492977E-1;-3,064282E-2;2,326789E-2;9,429420E-1;;
02/12/2021  12:47:17,935963;9,485675E-1;9,296622E-2;1,044624E-1;9,431245E-1;;
02/12/2021  12:47:17,936063;9,493663E-1;9,838208E-2;1,009872E-1;9,433061E-1;;
02/12/2021  12:47:17,936163;9,504004E-1;1,037979E-1;1,212068E-1;9,434869E-1;;
02/12/2021  12:47:17,936263;9,506299E-1;8,627604E-2;9,751191E-2;9,436673E-1;;
02/12/2021  12:47:17,936363;9,498789E-1;8,054160E-2;1,073058E-1;9,438475E-1;;
02/12/2021  12:47:17,936463;9,498908E-1;7,767438E-2;9,972343E-2;9,440277E-1;;
02/12/2021  12:47:17,936563;9,511694E-1;9,296622E-2;1,035146E-1;9,442080E-1;;
02/12/2021  12:47:17,936663;9,513005E-1;1,022050E-1;1,120448E-1;9,443885E-1;;
02/12/2021  12:47:17,936763;9,515657E-1;1,235499E-1;1,518522E-1;9,445695E-1;;
02/12/2021  12:47:17,936863;9,503796E-1;1,002936E-1;1,196272E-1;9,447512E-1;;
02/12/2021  12:47:17,936963;9,493126E-1;1,254614E-1;1,385831E-1;9,449335E-1;;
02/12/2021  12:47:17,937063;9,505226E-1;2,143452E-1;1,727037E-1;9,451163E-1;;
02/12/2021  12:47:17,937163;9,506538E-1;1,248242E-1;1,246821E-1;9,452994E-1;;
02/12/2021  12:47:17,937263;9,508862E-1;1,073023E-1;1,177316E-1;9,454825E-1;;
02/12/2021  12:47:17,937363;9,501262E-1;1,519035E-1;1,404787E-1;9,456655E-1;;
02/12/2021  12:47:17,937463;9,497537E-1;1,525407E-1;1,531159E-1;9,458483E-1;;
02/12/2021  12:47:17,937563;9,503438E-1;1,636910E-1;1,449017E-1;9,460305E-1;;
02/12/2021  12:47:17,937663;9,507938E-1;1,598680E-1;1,458495E-1;9,462118E-1;;
02/12/2021  12:47:17,937763;9,508415E-1;2,638300E-2;7,571260E-2;9,463919E-1;;
02/12/2021  12:47:17,937863;9,496434E-1;1,433019E-1;2,011376E-1;9,465708E-1;;
02/12/2021  12:47:17,937963;9,488000E-1;1,334259E-1;1,300529E-1;9,467480E-1;;
02/12/2021  12:47:17,938063;9,501739E-1;1,353374E-1;1,679647E-1;9,469232E-1;;
02/12/2021  12:47:17,938163;9,502723E-1;1,168597E-1;1,152041E-1;9,470958E-1;;
02/12/2021  12:47:17,938263;9,493007E-1;1,127182E-1;1,183634E-1;9,472657E-1;;
02/12/2021  12:47:17,938363;9,492620E-1;1,289658E-1;1,335282E-1;9,474325E-1;;
02/12/2021  12:47:17,938463;9,486272E-1;1,190898E-1;1,180475E-1;9,475957E-1;;
02/12/2021  12:47:17,938563;9,495063E-1;1,146297E-1;1,177316E-1;9,477549E-1;;
02/12/2021  12:47:17,938663;9,498610E-1;1,079395E-1;1,167838E-1;9,479099E-1;;
02/12/2021  12:47:17,938763;9,490861E-1;1,331073E-1;1,401627E-1;9,480602E-1;;
02/12/2021  12:47:17,938863;9,475066E-1;1,174969E-1;1,006712E-1;9,482057E-1;;
02/12/2021  12:47:17,938963;9,480788E-1;1,114439E-1;1,054102E-1;9,483459E-1;;
02/12/2021  12:47:17,939063;9,487881E-1;8,595746E-2;9,940750E-2;9,484803E-1;;
02/12/2021  12:47:17,939163;9,488715E-1;1,292843E-1;1,316326E-1;9,486087E-1;;
02/12/2021  12:47:17,939263;9,480758E-1;1,375674E-1;1,347919E-1;9,487307E-1;;
02/12/2021  12:47:17,939363;9,481056E-1;2,319720E-2;6,339125E-2;9,488463E-1;;
02/12/2021  12:47:17,939463;9,485705E-1;7,767438E-2;1,025668E-1;9,489552E-1;;
02/12/2021  12:47:17,939563;9,487583E-1;1,340630E-1;1,272095E-1;9,490572E-1;;
02/12/2021  12:47:17,939663;9,491636E-1;1,197269E-1;1,158360E-1;9,491523E-1;;
02/12/2021  12:47:17,939763;9,484990E-1;1,509478E-1;1,682807E-1;9,492405E-1;;
02/12/2021  12:47:17,939863;9,472443E-1;1,280100E-1;1,243661E-1;9,493220E-1;;
02/12/2021  12:47:17,939963;9,481116E-1;1,222756E-1;1,120448E-1;9,493965E-1;;
02/12/2021  12:47:17,940063;9,491070E-1;1,659210E-1;1,812339E-1;9,494641E-1;;
02/12/2021  12:47:17,940163;9,491487E-1;1,350188E-1;1,294210E-1;9,495248E-1;;
02/12/2021  12:47:17,940263;9,487493E-1;4,900218E-2;1,107811E-1;9,495789E-1;;
02/12/2021  12:47:17,940363;9,487702E-1;1,139925E-1;1,114129E-1;9,496267E-1;;
02/12/2021  12:47:17,940463;9,492351E-1;2,606442E-2;8,992954E-2;9,496682E-1;;
02/12/2021  12:47:17,940563;9,502186E-1;1,219570E-1;1,388990E-1;9,497039E-1;;
02/12/2021  12:47:17,940663;9,494974E-1;1,235499E-1;1,291051E-1;9,497341E-1;;
02/12/2021  12:47:17,940763;9,490265E-1;1,245056E-1;1,145722E-1;9,497593E-1;;
02/12/2021  12:47:17,940863;9,478106E-1;8,659462E-2;9,498445E-2;9,497798E-1;;
02/12/2021  12:47:17,940963;9,486719E-1;1,633724E-1;1,632258E-1;9,497955E-1;;
02/12/2021  12:47:17,941063;9,489282E-1;1,130368E-1;1,193112E-1;9,498068E-1;;
02/12/2021  12:47:17,941163;9,484573E-1;1,280100E-1;1,347919E-1;9,498137E-1;;
02/12/2021  12:47:17,941263;9,473307E-1;1,213198E-1;1,158360E-1;9,498165E-1;;
02/12/2021  12:47:17,941363;9,470536E-1;1,337445E-1;1,373193E-1;9,498151E-1;;
02/12/2021  12:47:17,941463;9,473188E-1;1,461691E-1;1,474292E-1;9,498095E-1;;
02/12/2021  12:47:17,941563;9,480043E-1;1,302401E-1;1,354238E-1;9,497996E-1;;
02/12/2021  12:47:17,941663;9,480728E-1;1,334259E-1;1,490088E-1;9,497855E-1;;
02/12/2021  12:47:17,941763;9,469850E-1;1,159040E-1;1,215227E-1;9,497674E-1;;
02/12/2021  12:47:17,941863;9,467436E-1;1,318330E-1;1,291051E-1;9,497453E-1;;
02/12/2021  12:47:17,941963;9,474172E-1;1,296029E-1;1,167838E-1;9,497192E-1;;
02/12/2021  12:47:17,942063;9,471579E-1;1,229127E-1;1,319485E-1;9,496892E-1;;
02/12/2021  12:47:17,942163;9,474231E-1;1,232313E-1;1,414265E-1;9,496554E-1;;
02/12/2021  12:47:17,942263;9,466125E-1;1,417090E-1;1,550115E-1;9,496179E-1;;
02/12/2021  12:47:17,942363;9,463532E-1;1,340630E-1;1,310007E-1;9,495769E-1;;
02/12/2021  12:47:17,942463;9,475185E-1;1,452133E-1;1,591187E-1;9,495323E-1;;
02/12/2021  12:47:17,942563;9,471728E-1;1,245056E-1;1,300529E-1;9,494843E-1;;
02/12/2021  12:47:17,942663;9,467615E-1;1,254614E-1;1,155200E-1;9,494331E-1;;
02/12/2021  12:47:17,942763;9,455574E-1;1,308772E-1;1,351078E-1;9,493788E-1;;
02/12/2021  12:47:17,942863;9,448183E-1;1,232313E-1;1,249980E-1;9,493215E-1;;
02/12/2021  12:47:17,942963;9,453548E-1;1,216384E-1;1,104651E-1;9,492611E-1;;
02/12/2021  12:47:17,943063;9,451879E-1;1,375674E-1;1,379512E-1;9,491973E-1;;
02/12/2021  12:47:17,943163;9,444279E-1;1,216384E-1;1,193112E-1;9,491301E-1;;
02/12/2021  12:47:17,943263;9,427411E-1;1,219570E-1;1,284732E-1;9,490593E-1;;
02/12/2021  12:47:17,943363;9,426129E-1;1,232313E-1;1,281573E-1;9,489846E-1;;
02/12/2021  12:47:17,943463;9,430302E-1;1,025236E-1;7,824006E-2;9,489057E-1;;
02/12/2021  12:47:17,943563;9,428454E-1;1,331073E-1;1,322644E-1;9,488221E-1;;
02/12/2021  12:47:17,943663;9,418052E-1;1,359745E-1;1,354238E-1;9,487336E-1;;
02/12/2021  12:47:17,943763;9,411496E-1;1,340630E-1;1,281573E-1;9,486399E-1;;
02/12/2021  12:47:17,943863;9,412658E-1;9,264764E-2;6,876210E-2;9,485408E-1;;
02/12/2021  12:47:17,943963;9,408277E-1;1,216384E-1;1,139404E-1;9,484358E-1;;
02/12/2021  12:47:17,944063;9,408814E-1;1,324701E-1;1,370034E-1;9,483246E-1;;
02/12/2021  12:47:17,944163;9,399485E-1;1,334259E-1;1,313166E-1;9,482072E-1;;
02/12/2021  12:47:17,944263;9,390336E-1;1,133553E-1;1,202590E-1;9,480831E-1;;
02/12/2021  12:47:17,944363;9,393286E-1;1,213198E-1;1,303688E-1;9,479522E-1;;
02/12/2021  12:47:17,944463;9,392362E-1;1,506292E-1;1,888163E-1;9,478142E-1;;
02/12/2021  12:47:17,944563;9,391170E-1;1,270543E-1;1,202590E-1;9,476690E-1;;
02/12/2021  12:47:17,944663;9,372364E-1;1,273729E-1;9,466852E-2;9,475163E-1;;
02/12/2021  12:47:17,944763;9,367000E-1;1,299215E-1;1,328963E-1;9,473561E-1;;
02/12/2021  12:47:17,944863;9,361427E-1;1,417090E-1;1,404787E-1;9,471879E-1;;
02/12/2021  12:47:17,944963;9,363990E-1;1,311958E-1;1,423743E-1;9,470116E-1;;
02/12/2021  12:47:17,945063;9,354870E-1;1,353374E-1;1,259458E-1;9,468267E-1;;
02/12/2021  12:47:17,945163;9,344737E-1;1,458505E-1;1,477451E-1;9,466331E-1;;
02/12/2021  12:47:17,945263;9,327332E-1;1,273729E-1;1,284732E-1;9,464306E-1;;
02/12/2021  12:47:17,945363;9,330849E-1;1,197269E-1;1,170997E-1;9,462186E-1;;
02/12/2021  12:47:17,945463;9,324501E-1;1,302401E-1;1,401627E-1;9,459968E-1;;
02/12/2021  12:47:17,945563;9,321431E-1;1,219570E-1;1,265777E-1;9,457649E-1;;
02/12/2021  12:47:17,945663;9,307603E-1;1,280100E-1;1,287892E-1;9,455225E-1;;
02/12/2021  12:47:17,945763;9,303102E-1;6,174538E-2;8,076751E-2;9,452694E-1;;
02/12/2021  12:47:17,945863;9,295443E-1;1,397975E-1;1,344760E-1;9,450054E-1;;
02/12/2021  12:47:17,945963;9,293208E-1;1,152668E-1;1,142563E-1;9,447300E-1;;
02/12/2021  12:47:17,946063;9,287694E-1;1,315144E-1;1,278414E-1;9,444431E-1;;
02/12/2021  12:47:17,946163;9,277054E-1;1,493549E-1;1,442698E-1;9,441446E-1;;
02/12/2021  12:47:17,946263;9,275356E-1;1,041165E-1;1,591187E-1;9,438342E-1;;
02/12/2021  12:47:17,946363;9,279498E-1;1,114439E-1;1,240502E-1;9,435120E-1;;
02/12/2021  12:47:17,946463;9,276369E-1;1,190898E-1;1,164678E-1;9,431780E-1;;
02/12/2021  12:47:17,946563;9,271004E-1;1,388417E-1;1,423743E-1;9,428324E-1;;
02/12/2021  12:47:17,946663;9,257712E-1;1,296029E-1;1,107811E-1;9,424754E-1;;
02/12/2021  12:47:17,946763;9,247073E-1;1,248242E-1;1,120448E-1;9,421073E-1;;
02/12/2021  12:47:17,946863;9,252825E-1;1,286472E-1;9,372073E-2;9,417282E-1;;
02/12/2021  12:47:17,946963;9,251901E-1;1,321516E-1;1,328963E-1;9,413383E-1;;
02/12/2021  12:47:17,947063;9,246357E-1;1,429833E-1;1,414265E-1;9,409379E-1;;
02/12/2021  12:47:17,947163;9,237625E-1;1,369303E-1;1,401627E-1;9,405274E-1;;
02/12/2021  12:47:17,947263;9,236820E-1;1,327887E-1;1,300529E-1;9,401072E-1;;
02/12/2021  12:47:17,947363;9,235300E-1;1,104881E-1;1,044624E-1;9,396778E-1;;
02/12/2021  12:47:17,947463;9,235897E-1;1,423461E-1;1,360556E-1;9,392396E-1;;
02/12/2021  12:47:17,947563;9,230055E-1;1,426647E-1;1,303688E-1;9,387932E-1;;
02/12/2021  12:47:17,947663;9,220906E-1;1,216384E-1;1,038306E-1;9,383391E-1;;
02/12/2021  12:47:17,947763;9,221740E-1;1,044351E-1;8,992954E-2;9,378780E-1;;
02/12/2021  12:47:17,947863;9,228297E-1;1,337445E-1;1,483770E-1;9,374103E-1;;
02/12/2021  12:47:17,947963;9,225436E-1;1,101695E-1;1,256299E-1;9,369369E-1;;
02/12/2021  12:47:17,948063;9,219445E-1;1,079395E-1;1,139404E-1;9,364585E-1;;
02/12/2021  12:47:17,948163;9,212084E-1;1,088952E-1;1,161519E-1;9,359758E-1;;
02/12/2021  12:47:17,948263;9,216078E-1;9,041758E-2;8,487463E-2;9,354895E-1;;
02/12/2021  12:47:17,948363;9,216584E-1;1,273729E-1;1,193112E-1;9,350004E-1;;
02/12/2021  12:47:17,948463;9,211756E-1;1,133553E-1;9,909157E-2;9,345093E-1;;
02/12/2021  12:47:17,948563;9,205110E-1;1,053908E-1;1,186794E-1;9,340167E-1;;
02/12/2021  12:47:17,948663;9,193397E-1;1,031608E-1;1,193112E-1;9,335236E-1;;
02/12/2021  12:47:17,948763;9,187467E-1;1,076209E-1;1,095173E-1;9,330303E-1;;
02/12/2021  12:47:17,948863;9,191073E-1;1,245056E-1;1,212068E-1;9,325372E-1;;
02/12/2021  12:47:17,948963;9,188629E-1;9,169190E-2;9,087734E-2;9,320448E-1;;
02/12/2021  12:47:17,949063;9,182877E-1;9,264764E-2;1,107811E-1;9,315535E-1;;
02/12/2021  12:47:17,949163;9,172982E-1;1,034794E-1;1,133085E-1;9,310638E-1;;
02/12/2021  12:47:17,949263;9,178883E-1;1,245056E-1;1,407946E-1;9,305758E-1;;
02/12/2021  12:47:17,949363;9,182609E-1;1,015679E-1;1,262617E-1;9,300901E-1;;
02/12/2021  12:47:17,949463;9,177214E-1;7,480716E-2;9,624818E-2;9,296071E-1;;
02/12/2021  12:47:17,949563;9,175933E-1;7,321426E-2;7,855599E-2;9,291272E-1;;
02/12/2021  12:47:17,949663;9,166098E-1;1,267357E-1;1,654373E-1;9,286509E-1;;
02/12/2021  12:47:17,949763;9,175396E-1;1,076209E-1;1,351078E-1;9,281786E-1;;
02/12/2021  12:47:17,949863;9,190358E-1;1,108067E-1;1,221546E-1;9,277107E-1;;
02/12/2021  12:47:17,949963;9,181715E-1;1,114439E-1;1,237343E-1;9,272479E-1;;
02/12/2021  12:47:17,950063;9,193845E-1;1,264171E-1;1,287892E-1;9,267910E-1;;
02/12/2021  12:47:17,950163;9,193606E-1;1,852338E-3;8,203124E-2;9,263408E-1;;
02/12/2021  12:47:17,950263;9,210683E-1;1,241871E-1;1,338441E-1;9,258980E-1;;
02/12/2021  12:47:17,950363;9,217121E-1;1,362931E-1;1,287892E-1;9,254639E-1;;
02/12/2021  12:47:17,950463;9,226360E-1;1,630538E-1;1,755471E-1;9,250395E-1;;
02/12/2021  12:47:17,950563;9,225227E-1;1,700626E-1;1,458495E-1;9,246261E-1;;
02/12/2021  12:47:17,950663;9,223737E-1;1,930003E-1;1,717559E-1;9,242250E-1;;
02/12/2021  12:47:17,950763;9,242304E-1;1,652839E-1;1,452176E-1;9,238372E-1;;
02/12/2021  12:47:17,950863;9,251603E-1;1,515849E-1;1,493248E-1;9,234639E-1;;
02/12/2021  12:47:17,950963;9,257235E-1;1,563636E-1;1,556434E-1;9,231064E-1;;
02/12/2021  12:47:17,951063;9,254553E-1;1,028422E-1;1,170997E-1;9,227660E-1;;
02/12/2021  12:47:17,951163;9,268590E-1;1,168597E-1;1,272095E-1;9,224437E-1;;
02/12/2021  12:47:17,951263;9,283552E-1;1,127182E-1;1,202590E-1;9,221408E-1;;
02/12/2021  12:47:17,951363;9,289631E-1;1,353374E-1;1,338441E-1;9,218583E-1;;
02/12/2021  12:47:17,951463;9,299615E-1;1,022050E-1;9,498445E-2;9,215976E-1;;
02/12/2021  12:47:17,951563;9,294012E-1;1,264171E-1;1,467973E-1;9,213597E-1;;
02/12/2021  12:47:17,951663;9,304473E-1;1,216384E-1;1,265777E-1;9,211456E-1;;
02/12/2021  12:47:17,951763;9,316216E-1;1,047537E-1;1,069899E-1;9,209562E-1;;
02/12/2021  12:47:17,951863;9,325395E-1;1,289658E-1;1,284732E-1;9,207923E-1;;
02/12/2021  12:47:17,951963;9,329657E-1;1,155854E-1;1,107811E-1;9,206547E-1;;
02/12/2021  12:47:17,952063;9,333054E-1;1,375674E-1;1,407946E-1;9,205441E-1;;
02/12/2021  12:47:17,952163;9,342412E-1;1,420275E-1;1,379512E-1;9,204611E-1;;
02/12/2021  12:47:17,952263;9,359668E-1;5,601094E-2;4,538313E-2;9,204061E-1;;
02/12/2021  12:47:17,952363;9,362202E-1;1,229127E-1;1,262617E-1;9,203797E-1;;
02/12/2021  12:47:17,952463;9,363185E-1;1,194084E-1;1,240502E-1;9,203822E-1;;
02/12/2021  12:47:17,952563;9,360861E-1;1,197269E-1;1,243661E-1;9,204140E-1;;
02/12/2021  12:47:17,952663;9,365659E-1;1,149482E-1;8,108345E-2;9,204751E-1;;
02/12/2021  12:47:17,952763;9,376954E-1;1,267357E-1;1,325804E-1;9,205652E-1;;
02/12/2021  12:47:17,952863;9,378623E-1;1,302401E-1;1,306848E-1;9,206841E-1;;
02/12/2021  12:47:17,952963;9,378325E-1;1,206827E-1;1,259458E-1;9,208316E-1;;
02/12/2021  12:47:17,953063;9,373616E-1;1,181340E-1;1,275255E-1;9,210071E-1;;
02/12/2021  12:47:17,953163;9,383332E-1;1,331073E-1;1,322644E-1;9,212100E-1;;
02/12/2021  12:47:17,953263;9,397846E-1;1,238685E-1;1,208909E-1;9,214393E-1;;
02/12/2021  12:47:17,953363;9,405863E-1;1,216384E-1;1,208909E-1;9,216946E-1;;
02/12/2021  12:47:17,953463;9,405386E-1;1,509478E-1;2,080881E-1;9,219750E-1;;
02/12/2021  12:47:17,953563;9,406370E-1;1,347002E-1;1,366875E-1;9,222799E-1;;
02/12/2021  12:47:17,953663;9,419602E-1;1,334259E-1;1,284732E-1;9,226085E-1;;
02/12/2021  12:47:17,953763;9,425831E-1;1,235499E-1;1,357397E-1;9,229600E-1;;
02/12/2021  12:47:17,953863;9,433759E-1;1,149482E-1;1,189953E-1;9,233335E-1;;
02/12/2021  12:47:17,953963;9,443981E-1;1,203641E-1;1,341600E-1;9,237284E-1;;
02/12/2021  12:47:17,954063;9,446514E-1;1,225942E-1;1,253139E-1;9,241438E-1;;
02/12/2021  12:47:17,954163;9,462250E-1;1,069837E-1;1,000394E-1;9,245792E-1;;
02/12/2021  12:47:17,954263;9,474648E-1;1,152668E-1;1,202590E-1;9,250339E-1;;
02/12/2021  12:47:17,954363;9,487374E-1;1,104881E-1;1,208909E-1;9,255073E-1;;
02/12/2021  12:47:17,954463;9,486033E-1;1,401161E-1;1,373193E-1;9,259991E-1;;
02/12/2021  12:47:17,954563;9,483083E-1;7,066562E-2;9,688005E-2;9,265086E-1;;
02/12/2021  12:47:17,954663;9,497716E-1;4,740928E-2;1,016190E-1;9,270352E-1;;
02/12/2021  12:47:17,954763;9,505643E-1;1,123996E-1;1,177316E-1;9,275783E-1;;
02/12/2021  12:47:17,954863;9,511544E-1;1,340630E-1;1,354238E-1;9,281372E-1;;
02/12/2021  12:47:17,954963;9,519919E-1;1,264171E-1;1,272095E-1;9,287112E-1;;
02/12/2021  12:47:17,955063;9,518936E-1;1,127182E-1;1,117289E-1;9,292996E-1;;
02/12/2021  12:47:17,955163;9,534225E-1;1,025236E-1;9,972343E-2;9,299018E-1;;
02/12/2021  12:47:17,955263;9,543285E-1;1,289658E-1;1,294210E-1;9,305171E-1;;
02/12/2021  12:47:17,955363;9,549215E-1;5,951532E-2;8,740209E-2;9,311448E-1;;
02/12/2021  12:47:17,955463;9,549454E-1;9,742634E-2;1,673329E-1;9,317843E-1;;
02/12/2021  12:47:17,955563;9,554252E-1;9,647060E-2;1,423743E-1;9,324350E-1;;
02/12/2021  12:47:17,955663;9,568349E-1;1,971419E-1;2,823321E-1;9,330962E-1;;
02/12/2021  12:47:17,955763;9,573117E-1;1,174969E-1;1,231024E-1;9,337671E-1;;
02/12/2021  12:47:17,955863;9,575919E-1;8,850610E-2;8,740209E-2;9,344471E-1;;
02/12/2021  12:47:17,955963;9,578422E-1;1,146297E-1;1,243661E-1;9,351355E-1;;
02/12/2021  12:47:17,956063;9,584860E-1;9,965640E-2;1,003553E-1;9,358316E-1;;
02/12/2021  12:47:17,956163;9,590850E-1;1,210013E-1;1,300529E-1;9,365345E-1;;
02/12/2021  12:47:17,956263;9,589569E-1;1,280100E-1;1,300529E-1;9,372436E-1;;
02/12/2021  12:47:17,956363;9,586618E-1;1,197269E-1;1,240502E-1;9,379580E-1;;
02/12/2021  12:47:17,956463;9,584919E-1;1,114439E-1;9,751191E-2;9,386767E-1;;
02/12/2021  12:47:17,956563;9,584830E-1;1,210013E-1;1,054102E-1;9,393985E-1;;
02/12/2021  12:47:17,956663;9,591744E-1;8,181592E-2;6,655058E-2;9,401224E-1;;
02/12/2021  12:47:17,956763;9,588257E-1;1,260985E-1;1,253139E-1;9,408470E-1;;
02/12/2021  12:47:17,956863;9,583459E-1;1,216384E-1;1,259458E-1;9,415714E-1;;
02/12/2021  12:47:17,956963;9,581343E-1;1,216384E-1;1,249980E-1;9,422941E-1;;
02/12/2021  12:47:17,957063;9,583549E-1;9,678918E-2;9,403666E-2;9,430138E-1;;
02/12/2021  12:47:17,957163;9,586261E-1;1,251428E-1;1,152041E-1;9,437292E-1;;
02/12/2021  12:47:17,957263;9,581701E-1;1,162226E-1;1,088855E-1;9,444390E-1;;
02/12/2021  12:47:17,957363;9,582148E-1;1,308772E-1;1,332122E-1;9,451419E-1;;
02/12/2021  12:47:17,957463;9,576634E-1;1,340630E-1;1,306848E-1;9,458367E-1;;
02/12/2021  12:47:17,957563;9,580479E-1;1,238685E-1;1,117289E-1;9,465220E-1;;
02/12/2021  12:47:17,957663;9,579406E-1;1,299215E-1;1,088855E-1;9,471967E-1;;
02/12/2021  12:47:17,957763;9,572641E-1;1,168597E-1;1,145722E-1;9,478595E-1;;
02/12/2021  12:47:17,957863;9,573594E-1;1,534964E-1;1,660692E-1;9,485092E-1;;
02/12/2021  12:47:17,957963;9,569243E-1;1,280100E-1;1,170997E-1;9,491448E-1;;
02/12/2021  12:47:17,958063;9,569601E-1;1,222756E-1;1,202590E-1;9,497652E-1;;
02/12/2021  12:47:17,958163;9,573445E-1;1,165411E-1;1,332122E-1;9,503692E-1;;
02/12/2021  12:47:17,958263;9,566442E-1;1,229127E-1;1,215227E-1;9,509560E-1;;
02/12/2021  12:47:17,958363;9,559229E-1;1,347002E-1;1,237343E-1;9,515247E-1;;
02/12/2021  12:47:17,958463;9,550706E-1;9,009900E-2;1,606983E-1;9,520744E-1;;
02/12/2021  12:47:17,958563;9,553895E-1;1,225942E-1;1,234183E-1;9,526041E-1;;
02/12/2021  12:47:17,958663;9,550765E-1;1,178155E-1;1,278414E-1;9,531130E-1;;
02/12/2021  12:47:17,958763;9,547040E-1;1,286472E-1;1,341600E-1;9,536003E-1;;
02/12/2021  12:47:17,958863;9,539261E-1;1,388417E-1;1,268936E-1;9,540653E-1;;
02/12/2021  12:47:17,958963;9,529009E-1;1,229127E-1;1,193112E-1;9,545072E-1;;
02/12/2021  12:47:17,959063;9,539351E-1;1,327887E-1;1,404787E-1;9,549253E-1;;
02/12/2021  12:47:17,959163;9,530201E-1;1,413904E-1;1,423743E-1;9,553191E-1;;
02/12/2021  12:47:17,959263;9,527519E-1;1,429833E-1;1,518522E-1;9,556880E-1;;
02/12/2021  12:47:17,959363;9,516253E-1;1,273729E-1;1,249980E-1;9,560317E-1;;
02/12/2021  12:47:17,959463;9,511127E-1;1,053908E-1;1,129926E-1;9,563498E-1;;
02/12/2021  12:47:17,959563;9,517565E-1;8,914326E-2;8,929768E-2;9,566417E-1;;
02/12/2021  12:47:17,959663;9,519681E-1;1,283286E-1;1,284732E-1;9,569074E-1;;
02/12/2021  12:47:17,959763;9,515985E-1;1,388417E-1;1,509044E-1;9,571466E-1;;
02/12/2021  12:47:17,959863;9,508534E-1;1,413904E-1;1,401627E-1;9,573596E-1;;
02/12/2021  12:47:17,959963;9,508981E-1;1,184526E-1;1,164678E-1;9,575465E-1;;
02/12/2021  12:47:17,960063;9,516581E-1;1,901331E-1;2,099837E-1;9,577074E-1;;
02/12/2021  12:47:17,960163;9,512796E-1;1,366117E-1;1,328963E-1;9,578428E-1;;
02/12/2021  12:47:17,960263;9,509011E-1;1,092138E-1;8,613836E-2;9,579531E-1;;
02/12/2021  12:47:17,960363;9,495123E-1;1,194084E-1;1,246821E-1;9,580389E-1;;
02/12/2021  12:47:17,960463;9,498729E-1;1,276914E-1;1,221546E-1;9,581007E-1;;
02/12/2021  12:47:17,960563;9,501978E-1;1,404346E-1;1,189953E-1;9,581388E-1;;
02/12/2021  12:47:17,960663;9,492590E-1;1,321516E-1;1,303688E-1;9,581540E-1;;
02/12/2021  12:47:17,960763;9,488984E-1;1,257800E-1;1,193112E-1;9,581468E-1;;
02/12/2021  12:47:17,960863;9,481265E-1;9,328480E-2;1,382671E-1;9,581178E-1;;
02/12/2021  12:47:17,960963;9,482367E-1;1,315144E-1;1,414265E-1;9,580676E-1;;
02/12/2021  12:47:17,961063;9,480818E-1;1,178155E-1;1,073058E-1;9,579967E-1;;
02/12/2021  12:47:17,961163;9,471787E-1;1,136739E-1;1,208909E-1;9,579058E-1;;
02/12/2021  12:47:17,961263;9,463293E-1;1,280100E-1;1,259458E-1;9,577955E-1;;
02/12/2021  12:47:17,961363;9,456349E-1;1,203641E-1;1,133085E-1;9,576664E-1;;
02/12/2021  12:47:17,961463;9,460432E-1;1,302401E-1;1,272095E-1;9,575188E-1;;
02/12/2021  12:47:17,961563;9,453667E-1;9,997498E-2;9,656411E-2;9,573534E-1;;
02/12/2021  12:47:17,961663;9,447766E-1;1,095324E-1;1,224705E-1;9,571707E-1;;
02/12/2021  12:47:17,961763;9,440852E-1;1,012493E-1;1,126766E-1;9,569712E-1;;
02/12/2021  12:47:17,961863;9,427589E-1;9,201048E-2;1,145722E-1;9,567556E-1;;
02/12/2021  12:47:17,961963;9,437782E-1;1,047537E-1;9,435259E-2;9,565241E-1;;
02/12/2021  12:47:17,962063;9,434236E-1;1,012493E-1;1,110970E-1;9,562772E-1;;
02/12/2021  12:47:17,962163;9,420854E-1;1,009307E-1;9,498445E-2;9,560157E-1;;
02/12/2021  12:47:17,962263;9,416562E-1;8,978042E-2;1,755471E-1;9,557400E-1;;
02/12/2021  12:47:17,962363;9,407413E-1;1,053908E-1;1,155200E-1;9,554506E-1;;
02/12/2021  12:47:17,962463;9,409916E-1;9,041758E-2;1,066739E-1;9,551479E-1;;
02/12/2021  12:47:17,962563;9,411496E-1;9,105474E-2;1,240502E-1;9,548323E-1;;
02/12/2021  12:47:17,962663;9,398681E-1;1,139925E-1;1,227865E-1;9,545046E-1;;
02/12/2021  12:47:17,962763;9,391945E-1;1,257800E-1;1,426902E-1;9,541652E-1;;
02/12/2021  12:47:17,962863;9,386491E-1;1,165411E-1;1,335282E-1;9,538145E-1;;
02/12/2021  12:47:17,962963;9,389978E-1;1,296029E-1;1,426902E-1;9,534531E-1;;
02/12/2021  12:47:17,963063;9,391856E-1;1,194084E-1;1,414265E-1;9,530815E-1;;
02/12/2021  12:47:17,963163;9,376269E-1;1,417090E-1;1,395309E-1;9,527001E-1;;
02/12/2021  12:47:17,963263;9,370517E-1;1,289658E-1;9,972343E-2;9,523098E-1;;
02/12/2021  12:47:17,963363;9,365867E-1;2,188053E-1;1,534319E-1;9,519108E-1;;
02/12/2021  12:47:17,963463;9,370546E-1;1,442576E-1;1,351078E-1;9,515036E-1;;
02/12/2021  12:47:17,963563;9,373408E-1;1,761156E-1;1,540637E-1;9,510888E-1;;
02/12/2021  12:47:17,963663;9,360562E-1;1,780271E-1;1,569071E-1;9,506670E-1;;
02/12/2021  12:47:17,963763;9,354483E-1;1,636910E-1;1,433221E-1;9,502388E-1;;
02/12/2021  12:47:17,963863;9,353350E-1;1,611423E-1;1,531159E-1;9,498048E-1;;
02/12/2021  12:47:17,963963;9,359609E-1;1,560451E-1;1,597505E-1;9,493655E-1;;
02/12/2021  12:47:17,964063;9,358357E-1;1,445762E-1;1,373193E-1;9,489216E-1;;
02/12/2021  12:47:17,964163;9,349088E-1;1,235499E-1;1,344760E-1;9,484737E-1;;
02/12/2021  12:47:17,964263;9,338419E-1;1,248242E-1;1,215227E-1;9,480224E-1;;
02/12/2021  12:47:17,964363;9,344528E-1;1,245056E-1;1,272095E-1;9,475685E-1;;
02/12/2021  12:47:17,964463;9,354363E-1;6,047106E-2;7,760819E-2;9,471123E-1;;
02/12/2021  12:47:17,964563;9,348284E-1;1,359745E-1;1,370034E-1;9,466547E-1;;
02/12/2021  12:47:17,964663;9,344499E-1;1,238685E-1;1,313166E-1;9,461965E-1;;
02/12/2021  12:47:17,964763;9,335170E-1;1,187712E-1;1,401627E-1;9,457382E-1;;
02/12/2021  12:47:17,964863;9,335290E-1;4,008194E-2;1,259458E-1;9,452807E-1;;
02/12/2021  12:47:17,964963;9,341191E-1;-7,386482E-3;7,950379E-2;9,448243E-1;;
02/12/2021  12:47:17,965063;9,338389E-1;1,184526E-1;1,278414E-1;9,443698E-1;;
02/12/2021  12:47:17,965163;9,326915E-1;1,127182E-1;1,000394E-1;9,439178E-1;;
02/12/2021  12:47:17,965263;9,321938E-1;6,047106E-2;9,245700E-2;9,434687E-1;;
02/12/2021  12:47:17,965363;9,317795E-1;7,034704E-2;1,145722E-1;9,430230E-1;;
02/12/2021  12:47:17,965463;9,327332E-1;1,410718E-1;1,515363E-1;9,425810E-1;;
02/12/2021  12:47:17,965563;9,325604E-1;1,203641E-1;1,202590E-1;9,421431E-1;;
02/12/2021  12:47:17,965663;9,315441E-1;1,270543E-1;1,193112E-1;9,417097E-1;;
02/12/2021  12:47:17,965763;9,302745E-1;1,426647E-1;1,360556E-1;9,412812E-1;;
02/12/2021  12:47:17,965863;9,309480E-1;1,073023E-1;8,234717E-2;9,408577E-1;;
02/12/2021  12:47:17,965963;9,310225E-1;1,190898E-1;1,006712E-1;9,404395E-1;;
02/12/2021  12:47:17,966063;9,307603E-1;1,264171E-1;1,259458E-1;9,400266E-1;;
02/12/2021  12:47:17,966163;9,299913E-1;1,404346E-1;1,404787E-1;9,396194E-1;;
02/12/2021  12:47:17,966263;9,288380E-1;1,337445E-1;1,316326E-1;9,392180E-1;;
02/12/2021  12:47:17,966363;9,293476E-1;1,060280E-1;9,214107E-2;9,388223E-1;;
02/12/2021  12:47:17,966463;9,293536E-1;1,187712E-1;1,101492E-1;9,384324E-1;;
02/12/2021  12:47:17,966563;9,289304E-1;1,375674E-1;1,351078E-1;9,380482E-1;;
02/12/2021  12:47:17,966663;9,275117E-1;1,270543E-1;1,357397E-1;9,376698E-1;;
02/12/2021  12:47:17,966763;9,275177E-1;1,213198E-1;1,148882E-1;9,372970E-1;;
02/12/2021  12:47:17,966863;9,279081E-1;1,292843E-1;1,338441E-1;9,369297E-1;;
02/12/2021  12:47:17,966963;9,288767E-1;1,248242E-1;1,474292E-1;9,365679E-1;;
02/12/2021  12:47:17,967063;9,290555E-1;1,331073E-1;1,313166E-1;9,362115E-1;;
02/12/2021  12:47:17,967163;9,284744E-1;1,566822E-1;1,594346E-1;9,358608E-1;;
02/12/2021  12:47:17,967263;9,282240E-1;1,101695E-1;1,328963E-1;9,355161E-1;;
02/12/2021  12:47:17,967363;9,292492E-1;1,321516E-1;1,376353E-1;9,351775E-1;;
02/12/2021  12:47:17,967463;9,306291E-1;1,496735E-1;1,490088E-1;9,348453E-1;;
02/12/2021  12:47:17,967563;9,306798E-1;1,531778E-1;1,449017E-1;9,345200E-1;;
02/12/2021  12:47:17,967663;9,309689E-1;1,382046E-1;1,420583E-1;9,342023E-1;;
02/12/2021  12:47:17,967763;9,316722E-1;1,264171E-1;1,300529E-1;9,338927E-1;;
02/12/2021  12:47:17,967863;9,330938E-1;1,280100E-1;1,518522E-1;9,335921E-1;;
02/12/2021  12:47:17,967963;9,340147E-1;1,302401E-1;1,300529E-1;9,333013E-1;;
02/12/2021  12:47:17,968063;9,333889E-1;1,270543E-1;1,272095E-1;9,330213E-1;;
02/12/2021  12:47:17,968163;9,337614E-1;1,210013E-1;9,688005E-2;9,327529E-1;;
02/12/2021  12:47:17,968263;9,344946E-1;1,241871E-1;1,357397E-1;9,324970E-1;;
02/12/2021  12:47:17,968363;9,352724E-1;1,174969E-1;1,739675E-1;9,322544E-1;;
02/12/2021  12:47:17,968463;9,361874E-1;1,401161E-1;1,376353E-1;9,320258E-1;;
02/12/2021  12:47:17,968563;9,367805E-1;1,534964E-1;1,490088E-1;9,318123E-1;;
02/12/2021  12:47:17,968663;9,364705E-1;1,133553E-1;1,183634E-1;9,316145E-1;;
02/12/2021  12:47:17,968763;9,369593E-1;1,343816E-1;1,385831E-1;9,314333E-1;;
02/12/2021  12:47:17,968863;9,386849E-1;1,340630E-1;1,335282E-1;9,312693E-1;;
02/12/2021  12:47:17,968963;9,397488E-1;1,340630E-1;1,316326E-1;9,311232E-1;;
02/12/2021  12:47:17,969063;9,396922E-1;1,248242E-1;1,303688E-1;9,309959E-1;;
02/12/2021  12:47:17,969163;9,393405E-1;1,127182E-1;1,303688E-1;9,308879E-1;;
02/12/2021  12:47:17,969263;9,408188E-1;1,589123E-1;1,828136E-1;9,307999E-1;;
02/12/2021  12:47:17,969363;9,421748E-1;9,105474E-2;1,009872E-1;9,307324E-1;;
02/12/2021  12:47:17,969463;9,433490E-1;1,187712E-1;1,205749E-1;9,306859E-1;;
02/12/2021  12:47:17,969563;9,444875E-1;1,238685E-1;1,259458E-1;9,306611E-1;;
02/12/2021  12:47:17,969663;9,437901E-1;2,415294E-2;9,403666E-2;9,306587E-1;;
02/12/2021  12:47:17,969763;9,449942E-1;1,407532E-1;1,278414E-1;9,306792E-1;;
02/12/2021  12:47:17,969863;9,465648E-1;1,190898E-1;1,025668E-1;9,307230E-1;;
02/12/2021  12:47:17,969963;9,469075E-1;1,219570E-1;1,249980E-1;9,307904E-1;;
02/12/2021  12:47:17,970063;9,468330E-1;1,251428E-1;1,152041E-1;9,308820E-1;;
02/12/2021  12:47:17,970163;9,453458E-1;1,273729E-1;1,231024E-1;9,309978E-1;;
02/12/2021  12:47:17,970263;9,453578E-1;9,392196E-2;9,214107E-2;9,311377E-1;;
02/12/2021  12:47:17,970363;9,460283E-1;1,276914E-1;1,370034E-1;9,313011E-1;;
02/12/2021  12:47:17,970463;9,460909E-1;1,200455E-1;1,208909E-1;9,314875E-1;;
02/12/2021  12:47:17,970563;9,452356E-1;1,264171E-1;1,322644E-1;9,316962E-1;;
02/12/2021  12:47:17,970663;9,439004E-1;1,232313E-1;1,278414E-1;9,319261E-1;;
02/12/2021  12:47:17,970763;9,437842E-1;1,063466E-1;1,136244E-1;9,321761E-1;;
02/12/2021  12:47:17,970863;9,444369E-1;1,219570E-1;1,212068E-1;9,324448E-1;;
02/12/2021  12:47:17,970963;9,442789E-1;5,537378E-2;9,214107E-2;9,327306E-1;;
02/12/2021  12:47:17,971063;9,431792E-1;1,378860E-1;1,360556E-1;9,330323E-1;;
02/12/2021  12:47:17,971163;9,421480E-1;1,305587E-1;1,278414E-1;9,333480E-1;;
02/12/2021  12:47:17,971263;9,422255E-1;1,299215E-1;1,303688E-1;9,336762E-1;;
02/12/2021  12:47:17,971363;9,423149E-1;1,382046E-1;1,613302E-1;9,340149E-1;;
02/12/2021  12:47:17,971463;9,423983E-1;1,315144E-1;1,291051E-1;9,343624E-1;;
02/12/2021  12:47:17,971563;9,418559E-1;1,216384E-1;1,278414E-1;9,347168E-1;;
02/12/2021  12:47:17,971663;9,420019E-1;1,203641E-1;1,395309E-1;9,350766E-1;;
02/12/2021  12:47:17,971763;9,424013E-1;8,277166E-2;1,291051E-1;9,354402E-1;;
02/12/2021  12:47:17,971863;9,435815E-1;1,222756E-1;1,256299E-1;9,358059E-1;;
02/12/2021  12:47:17,971963;9,436381E-1;1,308772E-1;1,259458E-1;9,361726E-1;;
02/12/2021  12:47:17,972063;9,432298E-1;1,276914E-1;1,376353E-1;9,365391E-1;;
02/12/2021  12:47:17,972163;9,425056E-1;1,235499E-1;1,202590E-1;9,369044E-1;;
02/12/2021  12:47:17,972263;9,437067E-1;1,286472E-1;1,272095E-1;9,372674E-1;;
02/12/2021  12:47:17,972363;9,441388E-1;1,350188E-1;1,246821E-1;9,376271E-1;;
02/12/2021  12:47:17,972463;9,447766E-1;1,353374E-1;1,341600E-1;9,379827E-1;;
02/12/2021  12:47:17,972563;9,441358E-1;1,044351E-1;1,025668E-1;9,383336E-1;;
02/12/2021  12:47:17,972663;9,444994E-1;1,302401E-1;1,256299E-1;9,386791E-1;;
02/12/2021  12:47:17,972763;9,459240E-1;1,331073E-1;1,351078E-1;9,390189E-1;;
02/12/2021  12:47:17,972863;9,464873E-1;1,280100E-1;1,300529E-1;9,393525E-1;;
02/12/2021  12:47:17,972963;9,462012E-1;1,178155E-1;1,344760E-1;9,396798E-1;;
02/12/2021  12:47:17,973063;9,457035E-1;1,216384E-1;1,278414E-1;9,400006E-1;;
02/12/2021  12:47:17,973163;9,452088E-1;1,305587E-1;1,335282E-1;9,403148E-1;;
02/12/2021  12:47:17,973263;9,457333E-1;1,222756E-1;1,205749E-1;9,406220E-1;;
02/12/2021  12:47:17,973363;9,462370E-1;1,245056E-1;1,240502E-1;9,409220E-1;;
02/12/2021  12:47:17,973463;9,459359E-1;1,426647E-1;1,363715E-1;9,412147E-1;;
02/12/2021  12:47:17,973563;9,454651E-1;1,321516E-1;1,265777E-1;9,414998E-1;;
02/12/2021  12:47:17,973663;9,449703E-1;1,407532E-1;1,351078E-1;9,417772E-1;;
02/12/2021  12:47:17,973763;9,463800E-1;9,455912E-2;1,221546E-1;9,420466E-1;;
02/12/2021  12:47:17,973863;9,464217E-1;1,334259E-1;1,300529E-1;9,423078E-1;;
02/12/2021  12:47:17,973963;9,463591E-1;1,200455E-1;1,047783E-1;9,425608E-1;;
02/12/2021  12:47:17,974063;9,453011E-1;8,532030E-2;1,278414E-1;9,428056E-1;;
02/12/2021  12:47:17,974163;9,460671E-1;1,037979E-1;1,303688E-1;9,430420E-1;;
02/12/2021  12:47:17,974263;9,471668E-1;1,050723E-1;9,561632E-2;9,432701E-1;;
02/12/2021  12:47:17,974363;9,477241E-1;1,076209E-1;1,177316E-1;9,434900E-1;;
02/12/2021  12:47:17,974463;9,477301E-1;1,165411E-1;1,196272E-1;9,437018E-1;;
02/12/2021  12:47:17,974563;9,466065E-1;1,174969E-1;1,177316E-1;9,439059E-1;;
02/12/2021  12:47:17,974663;9,472532E-1;9,360338E-2;9,782784E-2;9,441024E-1;;
02/12/2021  12:47:17,974763;9,485348E-1;4,486064E-2;5,328143E-2;9,442917E-1;;
02/12/2021  12:47:17,974863;9,492739E-1;1,050723E-1;1,189953E-1;9,444739E-1;;
02/12/2021  12:47:17,974963;9,487613E-1;1,098510E-1;1,167838E-1;9,446495E-1;;
02/12/2021  12:47:17,975063;9,477152E-1;9,710776E-2;1,031987E-1;9,448192E-1;;
02/12/2021  12:47:17,975163;9,478731E-1;9,933782E-2;1,047783E-1;9,449830E-1;;
02/12/2021  12:47:17,975263;9,490563E-1;1,155854E-1;1,224705E-1;9,451412E-1;;
02/12/2021  12:47:17,975363;9,488000E-1;8,404598E-2;1,000394E-1;9,452941E-1;;
02/12/2021  12:47:17,975463;9,486242E-1;9,424054E-2;1,057261E-1;9,454421E-1;;
02/12/2021  12:47:17,975563;9,473963E-1;9,328480E-2;1,076217E-1;9,455853E-1;;
02/12/2021  12:47:17,975663;9,479924E-1;9,487770E-2;1,038306E-1;9,457238E-1;;
02/12/2021  12:47:17,975763;9,486421E-1;9,392196E-2;1,439539E-1;9,458578E-1;;
02/12/2021  12:47:17,975863;9,481622E-1;9,201048E-2;1,013031E-1;9,459872E-1;;
02/12/2021  12:47:17,975963;9,471161E-1;1,082581E-1;1,417424E-1;9,461123E-1;;
02/12/2021  12:47:17,976063;9,460164E-1;1,187712E-1;1,603824E-1;9,462329E-1;;
02/12/2021  12:47:17,976163;9,461267E-1;9,678918E-2;1,174156E-1;9,463489E-1;;
02/12/2021  12:47:17,976263;9,459240E-1;1,120810E-1;1,284732E-1;9,464598E-1;;
02/12/2021  12:47:17,976363;9,449554E-1;1,053908E-1;1,218387E-1;9,465653E-1;;
02/12/2021  12:47:17,976463;9,434742E-1;1,047537E-1;1,189953E-1;9,466651E-1;;
02/12/2021  12:47:17,976563;9,419543E-1;1,241871E-1;1,297370E-1;9,467583E-1;;
02/12/2021  12:47:17,976663;9,422672E-1;2,401502E-1;1,945030E-1;9,468444E-1;;
02/12/2021  12:47:17,976763;9,420705E-1;1,452133E-1;1,291051E-1;9,469224E-1;;
02/12/2021  12:47:17,976863;9,411496E-1;1,417090E-1;1,306848E-1;9,469915E-1;;
02/12/2021  12:47:17,976963;9,398710E-1;1,493549E-1;1,335282E-1;9,470510E-1;;
02/12/2021  12:47:17,977063;9,387206E-1;1,608238E-1;1,379512E-1;9,471001E-1;;
02/12/2021  12:47:17,977163;9,395045E-1;1,630538E-1;1,496407E-1;9,471379E-1;;
02/12/2021  12:47:17,977263;9,399664E-1;1,461691E-1;1,436380E-1;9,471636E-1;;
02/12/2021  12:47:17,977363;9,392273E-1;1,487177E-1;1,644895E-1;9,471767E-1;;
02/12/2021  12:47:17,977463;9,377848E-1;1,407532E-1;1,366875E-1;9,471767E-1;;
02/12/2021  12:47:17,977563;9,383243E-1;1,308772E-1;1,319485E-1;9,471633E-1;;
02/12/2021  12:47:17,977663;9,383511E-1;1,327887E-1;1,370034E-1;9,471360E-1;;
02/12/2021  12:47:17,977763;9,390783E-1;1,225942E-1;1,278414E-1;9,470946E-1;;
02/12/2021  12:47:17,977863;9,385835E-1;1,114439E-1;8,297904E-2;9,470391E-1;;
02/12/2021  12:47:17,977963;9,373318E-1;1,585937E-1;2,011376E-1;9,469696E-1;;
02/12/2021  12:47:17,978063;9,367030E-1;1,286472E-1;1,193112E-1;9,468862E-1;;
02/12/2021  12:47:17,978163;9,374689E-1;1,178155E-1;9,877564E-2;9,467889E-1;;
02/12/2021  12:47:17,978263;9,368252E-1;1,136739E-1;1,161519E-1;9,466777E-1;;
02/12/2021  12:47:17,978363;9,362768E-1;7,480716E-2;8,834988E-2;9,465529E-1;;
02/12/2021  12:47:17,978463;9,348194E-1;1,340630E-1;1,467973E-1;9,464146E-1;;
02/12/2021  12:47:17,978563;9,348492E-1;1,149482E-1;1,202590E-1;9,462629E-1;;
02/12/2021  12:47:17,978663;9,359728E-1;4,400978E-3;6,117973E-2;9,460979E-1;;
02/12/2021  12:47:17,978763;9,360443E-1;1,133553E-1;1,237343E-1;9,459199E-1;;
02/12/2021  12:47:17,978863;9,357105E-1;1,334259E-1;1,265777E-1;9,457294E-1;;
02/12/2021  12:47:17,978963;9,346287E-1;1,104881E-1;1,120448E-1;9,455269E-1;;
02/12/2021  12:47:17,979063;9,353231E-1;5,059508E-2;6,307532E-2;9,453129E-1;;
02/12/2021  12:47:17,979163;9,364377E-1;8,468314E-2;1,212068E-1;9,450880E-1;;
02/12/2021  12:47:17,979263;9,376239E-1;1,426647E-1;1,439539E-1;9,448530E-1;;
02/12/2021  12:47:17,979363;9,369980E-1;1,238685E-1;1,231024E-1;9,446090E-1;;
02/12/2021  12:47:17,979463;9,366970E-1;1,232313E-1;1,237343E-1;9,443570E-1;;
02/12/2021  12:47:17,979563;9,376895E-1;7,130278E-2;6,149566E-2;9,440980E-1;;
02/12/2021  12:47:17,979663;9,383511E-1;1,382046E-1;1,325804E-1;9,438334E-1;;
02/12/2021  12:47:17,979763;9,386163E-1;1,433019E-1;1,126766E-1;9,435642E-1;;
02/12/2021  12:47:17,979863;9,370725E-1;1,289658E-1;1,294210E-1;9,432917E-1;;
02/12/2021  12:47:17,979963;9,364496E-1;1,241871E-1;1,291051E-1;9,430170E-1;;
02/12/2021  12:47:17,980063;9,371739E-1;1,311958E-1;1,259458E-1;9,427410E-1;;
02/12/2021  12:47:17,980163;9,373765E-1;1,509478E-1;1,670170E-1;9,424645E-1;;
02/12/2021  12:47:17,980263;9,370636E-1;1,257800E-1;1,183634E-1;9,421883E-1;;
02/12/2021  12:47:17,980363;9,362291E-1;1,585937E-1;1,543797E-1;9,419133E-1;;
02/12/2021  12:47:17,980463;9,355764E-1;1,305587E-1;1,259458E-1;9,416400E-1;;
02/12/2021  12:47:17,980563;9,361993E-1;1,053908E-1;1,265777E-1;9,413689E-1;;
02/12/2021  12:47:17,980663;9,360741E-1;1,232313E-1;1,325804E-1;9,411006E-1;;
02/12/2021  12:47:17,980763;9,361129E-1;1,235499E-1;1,268936E-1;9,408354E-1;;
02/12/2021  12:47:17,980863;9,354363E-1;1,190898E-1;1,101492E-1;9,405739E-1;;
02/12/2021  12:47:17,980963;9,347151E-1;1,311958E-1;1,237343E-1;9,403162E-1;;
02/12/2021  12:47:17,981063;9,351860E-1;1,308772E-1;1,347919E-1;9,400628E-1;;
02/12/2021  12:47:17,981163;9,358864E-1;1,273729E-1;1,294210E-1;9,398138E-1;;
02/12/2021  12:47:17,981263;9,361129E-1;1,260985E-1;1,287892E-1;9,395694E-1;;
02/12/2021  12:47:17,981363;9,347360E-1;1,267357E-1;1,278414E-1;9,393300E-1;;
02/12/2021  12:47:17,981463;9,343694E-1;1,340630E-1;1,363715E-1;9,390959E-1;;
02/12/2021  12:47:17,981563;9,354721E-1;1,515849E-1;1,768108E-1;9,388672E-1;;
02/12/2021  12:47:17,981663;9,351920E-1;1,248242E-1;1,170997E-1;9,386439E-1;;
02/12/2021  12:47:17,981763;9,348135E-1;1,289658E-1;1,373193E-1;9,384263E-1;;
02/12/2021  12:47:17,981863;9,334664E-1;1,413904E-1;1,370034E-1;9,382144E-1;;
02/12/2021  12:47:17,981963;9,332488E-1;1,260985E-1;1,060421E-1;9,380081E-1;;
02/12/2021  12:47:17,982063;9,339313E-1;1,245056E-1;1,218387E-1;9,378073E-1;;
02/12/2021  12:47:17,982163;9,340863E-1;1,165411E-1;1,227865E-1;9,376119E-1;;
02/12/2021  12:47:17,982263;9,336303E-1;1,302401E-1;1,363715E-1;9,374217E-1;;
02/12/2021  12:47:17,982363;9,327392E-1;1,382046E-1;1,009872E-1;9,372366E-1;;
02/12/2021  12:47:17,982463;9,329120E-1;1,123996E-1;1,164678E-1;9,370565E-1;;
02/12/2021  12:47:17,982563;9,337555E-1;8,277166E-2;1,025668E-1;9,368812E-1;;
02/12/2021  12:47:17,982663;9,345601E-1;1,315144E-1;1,300529E-1;9,367105E-1;;
02/12/2021  12:47:17,982763;9,339045E-1;1,267357E-1;1,174156E-1;9,365446E-1;;
02/12/2021  12:47:17,982863;9,333501E-1;1,366117E-1;9,845971E-2;9,363835E-1;;
02/12/2021  12:47:17,982963;9,336541E-1;1,276914E-1;1,278414E-1;9,362271E-1;;
02/12/2021  12:47:17,983063;9,347449E-1;1,270543E-1;1,259458E-1;9,360756E-1;;
02/12/2021  12:47:17,983163;9,347866E-1;1,232313E-1;1,218387E-1;9,359289E-1;;
02/12/2021  12:47:17,983263;9,341101E-1;1,311958E-1;1,265777E-1;9,357873E-1;;
02/12/2021  12:47:17,983363;9,338270E-1;1,260985E-1;1,300529E-1;9,356509E-1;;
02/12/2021  12:47:17,983463;9,336839E-1;1,289658E-1;1,366875E-1;9,355196E-1;;
02/12/2021  12:47:17,983563;9,340982E-1;1,235499E-1;9,340479E-2;9,353935E-1;;
02/12/2021  12:47:17,983663;9,342204E-1;6,907272E-2;8,834988E-2;9,352725E-1;;
02/12/2021  12:47:17,983763;9,329091E-1;1,264171E-1;1,303688E-1;9,351565E-1;;
02/12/2021  12:47:17,983863;9,314547E-1;1,232313E-1;1,249980E-1;9,350455E-1;;
02/12/2021  12:47:17,983963;9,317557E-1;1,334259E-1;1,480610E-1;9,349389E-1;;
02/12/2021  12:47:17,984063;9,320269E-1;1,420275E-1;1,256299E-1;9,348364E-1;;
02/12/2021  12:47:17,984163;9,314934E-1;1,417090E-1;1,360556E-1;9,347376E-1;;
02/12/2021  12:47:17,984263;9,318570E-1;1,340630E-1;1,310007E-1;9,346419E-1;;
02/12/2021  12:47:17,984363;9,305695E-1;1,334259E-1;1,325804E-1;9,345490E-1;;
02/12/2021  12:47:17,984463;9,315471E-1;1,474434E-1;1,357397E-1;9,344585E-1;;
02/12/2021  12:47:17,984563;9,320507E-1;1,468062E-1;1,711241E-1;9,343700E-1;;
02/12/2021  12:47:17,984663;9,319107E-1;1,206827E-1;1,221546E-1;9,342834E-1;;
02/12/2021  12:47:17,984763;9,313057E-1;1,120810E-1;1,041465E-1;9,341984E-1;;
02/12/2021  12:47:17,984863;9,311626E-1;1,350188E-1;1,426902E-1;9,341149E-1;;
02/12/2021  12:47:17,984963;9,320954E-1;1,302401E-1;1,310007E-1;9,340327E-1;;
02/12/2021  12:47:17,985063;9,333531E-1;1,356559E-1;1,388990E-1;9,339517E-1;;
02/12/2021  12:47:17,985163;9,337912E-1;1,273729E-1;1,259458E-1;9,338720E-1;;
02/12/2021  12:47:17,985263;9,325157E-1;1,286472E-1;1,332122E-1;9,337940E-1;;
02/12/2021  12:47:17,985363;9,330640E-1;1,436204E-1;1,461654E-1;9,337179E-1;;
02/12/2021  12:47:17,985463;9,343754E-1;1,264171E-1;1,114129E-1;9,336438E-1;;
02/12/2021  12:47:17,985563;9,344737E-1;1,366117E-1;1,306848E-1;9,335721E-1;;
02/12/2021  12:47:17,985663;9,351383E-1;1,455319E-1;1,670170E-1;9,335032E-1;;
02/12/2021  12:47:17,985763;9,342591E-1;1,573194E-1;1,486929E-1;9,334375E-1;;
02/12/2021  12:47:17,985863;9,340893E-1;1,480806E-1;1,452176E-1;9,333754E-1;;
02/12/2021  12:47:17,985963;9,348999E-1;1,311958E-1;1,483770E-1;9,333172E-1;;
02/12/2021  12:47:17,986063;9,348224E-1;1,276914E-1;1,300529E-1;9,332631E-1;;
02/12/2021  12:47:17,986163;9,339730E-1;1,483991E-1;1,597505E-1;9,332134E-1;;
02/12/2021  12:47:17,986263;9,329925E-1;1,461691E-1;1,439539E-1;9,331681E-1;;
02/12/2021  12:47:17,986363;9,325067E-1;1,088952E-1;1,193112E-1;9,331271E-1;;
02/12/2021  12:47:17,986463;9,333948E-1;1,248242E-1;1,253139E-1;9,330902E-1;;
02/12/2021  12:47:17,986563;9,333084E-1;1,260985E-1;1,193112E-1;9,330572E-1;;
02/12/2021  12:47:17,986663;9,325812E-1;1,139925E-1;9,466852E-2;9,330279E-1;;
02/12/2021  12:47:17,986763;9,316573E-1;5,218798E-2;1,054102E-1;9,330019E-1;;
02/12/2021  12:47:17,986863;9,310106E-1;1,292843E-1;1,240502E-1;9,329789E-1;;
02/12/2021  12:47:17,986963;9,315471E-1;1,210013E-1;1,430061E-1;9,329584E-1;;
02/12/2021  12:47:17,987063;9,320090E-1;1,292843E-1;1,313166E-1;9,329399E-1;;
02/12/2021  12:47:17,987163;9,311417E-1;1,127182E-1;1,136244E-1;9,329229E-1;;
02/12/2021  12:47:17,987263;9,306083E-1;-8,023642E-3;6,244346E-2;9,329070E-1;;
02/12/2021  12:47:17,987363;9,313265E-1;1,152668E-1;1,139404E-1;9,328919E-1;;
02/12/2021  12:47:17,987463;9,319345E-1;9,870066E-2;1,259458E-1;9,328771E-1;;
02/12/2021  12:47:17,987563;9,323517E-1;1,286472E-1;1,335282E-1;9,328623E-1;;
02/12/2021  12:47:17,987663;9,314964E-1;1,149482E-1;1,259458E-1;9,328476E-1;;
02/12/2021  12:47:17,987763;9,298602E-1;1,104881E-1;1,129926E-1;9,328326E-1;;
02/12/2021  12:47:17,987863;9,294728E-1;1,362931E-1;1,575390E-1;9,328171E-1;;
02/12/2021  12:47:17,987963;9,297380E-1;1,280100E-1;1,262617E-1;9,328005E-1;;
02/12/2021  12:47:17,988063;9,290019E-1;1,047537E-1;1,136244E-1;9,327824E-1;;
02/12/2021  12:47:17,988163;9,278396E-1;1,257800E-1;1,363715E-1;9,327622E-1;;
02/12/2021  12:47:17,988263;9,275207E-1;8,627604E-2;1,104651E-1;9,327393E-1;;
02/12/2021  12:47:17,988363;9,269336E-1;1,120810E-1;1,117289E-1;9,327130E-1;;
02/12/2021  12:47:17,988463;9,270319E-1;1,130368E-1;1,161519E-1;9,326828E-1;;
02/12/2021  12:47:17,988563;9,270945E-1;1,069837E-1;1,120448E-1;9,326478E-1;;
02/12/2021  12:47:17,988663;9,261915E-1;9,009900E-2;1,180475E-1;9,326077E-1;;
02/12/2021  12:47:17,988763;9,255447E-1;7,926728E-2;8,076751E-2;9,325618E-1;;
02/12/2021  12:47:17,988863;9,271452E-1;1,047537E-1;1,164678E-1;9,325099E-1;;
02/12/2021  12:47:17,988963;9,281644E-1;1,222756E-1;1,660692E-1;9,324514E-1;;
02/12/2021  12:47:17,989063;9,289512E-1;9,551486E-2;1,095173E-1;9,323866E-1;;
02/12/2021  12:47:17,989163;9,291718E-1;1,487177E-1;1,824976E-1;9,323156E-1;;
02/12/2021  12:47:17,989263;9,293923E-1;1,296029E-1;1,322644E-1;9,322391E-1;;
02/12/2021  12:47:17,989363;9,311447E-1;2,140266E-1;1,821817E-1;9,321575E-1;;
02/12/2021  12:47:17,989463;9,320150E-1;1,162226E-1;1,310007E-1;9,320716E-1;;
02/12/2021  12:47:17,989563;9,330491E-1;1,331073E-1;1,332122E-1;9,319824E-1;;
02/12/2021  12:47:17,989663;9,321759E-1;1,362931E-1;1,471132E-1;9,318911E-1;;
02/12/2021  12:47:17,989763;9,322206E-1;1,550893E-1;1,439539E-1;9,317987E-1;;
02/12/2021  12:47:17,989863;9,334962E-1;1,859916E-1;1,613302E-1;9,317061E-1;;
02/12/2021  12:47:17,989963;9,336869E-1;1,764342E-1;1,559593E-1;9,316143E-1;;
02/12/2021  12:47:17,990063;9,336720E-1;1,977790E-1;1,644895E-1;9,315244E-1;;
02/12/2021  12:47:17,990163;9,330909E-1;1,748413E-1;1,606983E-1;9,314372E-1;;
02/12/2021  12:47:17,990263;9,334366E-1;1,592309E-1;1,474292E-1;9,313535E-1;;
02/12/2021  12:47:17,990363;9,344707E-1;1,522221E-1;1,569071E-1;9,312741E-1;;
02/12/2021  12:47:17,990463;9,355466E-1;1,299215E-1;1,303688E-1;9,311995E-1;;
02/12/2021  12:47:17,990563;9,353440E-1;1,305587E-1;1,395309E-1;9,311308E-1;;
02/12/2021  12:47:17,990663;9,348433E-1;1,324701E-1;1,297370E-1;9,310685E-1;;
02/12/2021  12:47:17,990763;9,350370E-1;-1,970622E-3;3,369365E-2;9,310134E-1;;
02/12/2021  12:47:17,990863;9,365480E-1;1,066652E-1;1,114129E-1;9,309661E-1;;
02/12/2021  12:47:17,990963;9,361099E-1;1,184526E-1;1,224705E-1;9,309269E-1;;
02/12/2021  12:47:17,991063;9,371023E-1;1,085766E-1;1,041465E-1;9,308966E-1;;
02/12/2021  12:47:17,991163;9,361427E-1;1,356559E-1;1,360556E-1;9,308755E-1;;
02/12/2021  12:47:17,991263;9,363990E-1;2,988738E-2;8,487463E-2;9,308641E-1;;
02/12/2021  12:47:17,991363;9,374719E-1;1,366117E-1;1,493248E-1;9,308627E-1;;
02/12/2021  12:47:17,991463;9,377699E-1;1,264171E-1;1,303688E-1;9,308714E-1;;
02/12/2021  12:47:17,991563;9,369265E-1;1,184526E-1;1,243661E-1;9,308906E-1;;
02/12/2021  12:47:17,991663;9,350310E-1;1,018865E-1;1,054102E-1;9,309203E-1;;
02/12/2021  12:47:17,991763;9,351264E-1;1,130368E-1;9,308886E-2;9,309602E-1;;
02/12/2021  12:47:17,991863;9,358715E-1;1,649653E-1;1,303688E-1;9,310099E-1;;
02/12/2021  12:47:17,991963;9,361933E-1;1,308772E-1;1,294210E-1;9,310690E-1;;
02/12/2021  12:47:17,992063;9,351711E-1;1,359745E-1;1,420583E-1;9,311369E-1;;
02/12/2021  12:47:17,992163;9,351890E-1;1,241871E-1;1,243661E-1;9,312133E-1;;
02/12/2021  12:47:17,992263;9,359281E-1;1,270543E-1;1,161519E-1;9,312975E-1;;
02/12/2021  12:47:17,992363;9,371470E-1;1,187712E-1;9,909157E-2;9,313890E-1;;
02/12/2021  12:47:17,992463;9,375345E-1;1,139925E-1;1,000394E-1;9,314874E-1;;
02/12/2021  12:47:17,992563;9,373676E-1;1,299215E-1;1,322644E-1;9,315927E-1;;
02/12/2021  12:47:17,992663;9,367179E-1;1,047537E-1;1,246821E-1;9,317044E-1;;
02/12/2021  12:47:17,992763;9,381812E-1;1,356559E-1;1,297370E-1;9,318224E-1;;
02/12/2021  12:47:17,992863;9,396714E-1;1,104881E-1;1,152041E-1;9,319464E-1;;
02/12/2021  12:47:17,992963;9,395313E-1;1,149482E-1;1,170997E-1;9,320763E-1;;
02/12/2021  12:47:17,993063;9,386223E-1;1,305587E-1;1,404787E-1;9,322123E-1;;
02/12/2021  12:47:17,993163;9,382647E-1;1,053908E-1;1,022509E-1;9,323542E-1;;
02/12/2021  12:47:17,993263;9,396624E-1;1,292843E-1;1,231024E-1;9,325017E-1;;
02/12/2021  12:47:17,993363;9,401393E-1;1,643281E-1;1,938712E-1;9,326546E-1;;
02/12/2021  12:47:17,993463;9,407055E-1;1,264171E-1;1,316326E-1;9,328129E-1;;
02/12/2021  12:47:17,993563;9,394687E-1;1,280100E-1;1,306848E-1;9,329765E-1;;
02/12/2021  12:47:17,993663;9,395849E-1;1,311958E-1;1,272095E-1;9,331452E-1;;
02/12/2021  12:47:17,993763;9,408545E-1;8,563888E-2;7,887192E-2;9,333187E-1;;
02/12/2021  12:47:17,993863;9,412450E-1;1,184526E-1;1,275255E-1;9,334968E-1;;
02/12/2021  12:47:17,993963;9,415072E-1;1,270543E-1;1,325804E-1;9,336794E-1;;
02/12/2021  12:47:17,994063;9,415698E-1;1,331073E-1;1,287892E-1;9,338665E-1;;
02/12/2021  12:47:17,994163;9,420556E-1;1,356559E-1;1,303688E-1;9,340579E-1;;
02/12/2021  12:47:17,994263;9,435219E-1;1,146297E-1;1,066739E-1;9,342535E-1;;
02/12/2021  12:47:17,994363;9,450389E-1;1,241871E-1;1,246821E-1;9,344535E-1;;
02/12/2021  12:47:17,994463;9,451938E-1;1,130368E-1;1,433221E-1;9,346581E-1;;
02/12/2021  12:47:17,994563;9,449405E-1;1,270543E-1;1,284732E-1;9,348677E-1;;
02/12/2021  12:47:17,994663;9,449554E-1;1,120810E-1;1,133085E-1;9,350825E-1;;
02/12/2021  12:47:17,994763;9,461833E-1;1,069837E-1;1,101492E-1;9,353028E-1;;
02/12/2021  12:47:17,994863;9,464098E-1;1,267357E-1;1,284732E-1;9,355285E-1;;
02/12/2021  12:47:17,994963;9,463681E-1;1,324701E-1;1,208909E-1;9,357600E-1;;
02/12/2021  12:47:17,995063;9,454472E-1;1,108067E-1;1,114129E-1;9,359973E-1;;
02/12/2021  12:47:17,995163;9,457035E-1;1,324701E-1;1,480610E-1;9,362403E-1;;
02/12/2021  12:47:17,995263;9,469671E-1;1,082581E-1;1,221546E-1;9,364887E-1;;
02/12/2021  12:47:17,995363;9,472205E-1;1,254614E-1;1,354238E-1;9,367425E-1;;
02/12/2021  12:47:17,995463;9,464724E-1;1,178155E-1;1,019350E-1;9,370015E-1;;
02/12/2021  12:47:17,995563;9,449971E-1;1,187712E-1;1,262617E-1;9,372654E-1;;
02/12/2021  12:47:17,995663;9,451849E-1;1,216384E-1;1,246821E-1;9,375338E-1;;
02/12/2021  12:47:17,995763;9,463264E-1;1,420275E-1;1,101492E-1;9,378059E-1;;
02/12/2021  12:47:17,995863;9,468300E-1;1,378860E-1;1,319485E-1;9,380813E-1;;
02/12/2021  12:47:17,995963;9,466304E-1;1,299215E-1;1,272095E-1;9,383594E-1;;
02/12/2021  12:47:17,996063;9,454561E-1;1,066652E-1;1,212068E-1;9,386398E-1;;
02/12/2021  12:47:17,996163;9,452892E-1;1,260985E-1;1,249980E-1;9,389219E-1;;
02/12/2021  12:47:17,996263;9,464009E-1;3,148028E-2;7,981972E-2;9,392051E-1;;
02/12/2021  12:47:17,996363;9,462787E-1;1,162226E-1;1,148882E-1;9,394886E-1;;
02/12/2021  12:47:17,996463;9,454978E-1;1,213198E-1;1,142563E-1;9,397720E-1;;
02/12/2021  12:47:17,996563;9,449375E-1;1,356559E-1;1,291051E-1;9,400545E-1;;
02/12/2021  12:47:17,996663;9,452475E-1;1,324701E-1;1,278414E-1;9,403355E-1;;
02/12/2021  12:47:17,996763;9,469582E-1;1,296029E-1;1,208909E-1;9,406142E-1;;
02/12/2021  12:47:17,996863;9,473009E-1;1,111253E-1;1,110970E-1;9,408902E-1;;
02/12/2021  12:47:17,996963;9,470446E-1;1,184526E-1;1,183634E-1;9,411631E-1;;
02/12/2021  12:47:17,997063;9,464396E-1;1,229127E-1;1,319485E-1;9,414328E-1;;
02/12/2021  12:47:17,997163;9,482069E-1;1,111253E-1;8,329497E-2;9,416989E-1;;
02/12/2021  12:47:17,997263;9,494080E-1;1,159040E-1;1,170997E-1;9,419613E-1;;
02/12/2021  12:47:17,997363;9,490176E-1;1,123996E-1;1,092014E-1;9,422199E-1;;
02/12/2021  12:47:17,997463;9,485139E-1;1,190898E-1;1,322644E-1;9,424751E-1;;
02/12/2021  12:47:17,997563;9,480847E-1;1,254614E-1;1,098333E-1;9,427267E-1;;
02/12/2021  12:47:17,997663;9,481771E-1;1,347002E-1;1,667010E-1;9,429747E-1;;
02/12/2021  12:47:17,997763;9,484603E-1;1,534964E-1;1,948190E-1;9,432188E-1;;
02/12/2021  12:47:17,997863;9,479655E-1;1,143111E-1;1,205749E-1;9,434591E-1;;
02/12/2021  12:47:17,997963;9,468896E-1;8,372740E-2;8,076751E-2;9,436951E-1;;
02/12/2021  12:47:17,998063;9,458227E-1;1,315144E-1;1,249980E-1;9,439266E-1;;
02/12/2021  12:47:17,998163;9,466661E-1;5,919674E-2;9,340479E-2;9,441531E-1;;
02/12/2021  12:47:17,998263;9,466125E-1;1,222756E-1;1,310007E-1;9,443739E-1;;
02/12/2021  12:47:17,998363;9,457541E-1;1,372488E-1;1,354238E-1;9,445886E-1;;
02/12/2021  12:47:17,998463;9,448213E-1;1,356559E-1;1,199431E-1;9,447967E-1;;
02/12/2021  12:47:17,998563;9,441388E-1;1,219570E-1;1,170997E-1;9,449976E-1;;
02/12/2021  12:47:17,998663;9,456081E-1;1,366117E-1;1,227865E-1;9,451907E-1;;
02/12/2021  12:47:17,998763;9,459121E-1;1,216384E-1;1,189953E-1;9,453753E-1;;
02/12/2021  12:47:17,998863;9,458048E-1;1,397975E-1;1,351078E-1;9,455512E-1;;
02/12/2021  12:47:17,998963;9,457035E-1;1,187712E-1;1,215227E-1;9,457182E-1;;
02/12/2021  12:47:17,999063;9,456945E-1;1,350188E-1;1,357397E-1;9,458762E-1;;
02/12/2021  12:47:17,999163;9,474321E-1;1,152668E-1;1,401627E-1;9,460250E-1;;
02/12/2021  12:47:17,999263;9,482069E-1;1,245056E-1;1,360556E-1;9,461648E-1;;
02/12/2021  12:47:17,999363;9,477509E-1;1,254614E-1;1,291051E-1;9,462960E-1;;
02/12/2021  12:47:17,999463;9,470655E-1;1,187712E-1;1,170997E-1;9,464189E-1;;
02/12/2021  12:47:17,999563;9,468867E-1;8,054160E-2;8,961361E-2;9,465340E-1;;
02/12/2021  12:47:17,999663;9,471698E-1;1,372488E-1;1,351078E-1;9,466413E-1;;
02/12/2021  12:47:17,999763;9,471907E-1;1,557265E-1;1,442698E-1;9,467412E-1;;
02/12/2021  12:47:17,999863;9,469343E-1;1,104881E-1;1,079377E-1;9,468339E-1;;
02/12/2021  12:47:17,999963;9,453071E-1;1,522221E-1;1,572231E-1;9,469195E-1;;
02/12/2021  12:47:18,000063;9,451789E-1;7,767438E-2;8,645429E-2;9,469981E-1;;
02/12/2021  12:47:18,000163;9,460552E-1;1,448948E-1;1,502726E-1;9,470696E-1;;
02/12/2021  12:47:18,000263;9,454561E-1;1,334259E-1;1,306848E-1;9,471340E-1;;
02/12/2021  12:47:18,000363;9,437722E-1;1,334259E-1;1,300529E-1;9,471912E-1;;
02/12/2021  12:47:18,000463;9,430421E-1;1,238685E-1;1,360556E-1;9,472411E-1;;
02/12/2021  12:47:18,000563;9,439272E-1;1,117624E-1;1,221546E-1;9,472833E-1;;
02/12/2021  12:47:18,000663;9,445739E-1;7,767438E-2;8,929768E-2;9,473176E-1;;
02/12/2021  12:47:18,000763;9,441478E-1;1,057094E-1;1,133085E-1;9,473439E-1;;
02/12/2021  12:47:18,000863;9,436411E-1;1,041165E-1;1,117289E-1;9,473623E-1;;
02/12/2021  12:47:18,000963;9,422046E-1;1,069837E-1;1,164678E-1;9,473727E-1;;
02/12/2021  12:47:18,001063;9,429199E-1;1,088952E-1;1,117289E-1;9,473750E-1;;
02/12/2021  12:47:18,001163;9,431047E-1;9,678918E-2;7,508074E-2;9,473690E-1;;
02/12/2021  12:47:18,001263;9,428662E-1;8,786894E-2;9,814378E-2;9,473547E-1;;
02/12/2021  12:47:18,001363;9,418231E-1;1,009307E-1;1,136244E-1;9,473322E-1;;
02/12/2021  12:47:18,001463;9,413135E-1;8,054160E-2;8,234717E-2;9,473014E-1;;
02/12/2021  12:47:18,001563;9,414595E-1;9,551486E-2;1,047783E-1;9,472623E-1;;
02/12/2021  12:47:18,001663;9,419602E-1;1,031608E-1;1,085695E-1;9,472146E-1;;
02/12/2021  12:47:18,001763;9,405863E-1;3,625898E-2;6,907803E-2;9,471586E-1;;
02/12/2021  12:47:18,001863;9,390693E-1;1,136739E-1;1,278414E-1;9,470941E-1;;
02/12/2021  12:47:18,001963;9,377669E-1;2,479010E-2;8,582243E-2;9,470209E-1;;
02/12/2021  12:47:18,002063;9,387802E-1;3,339176E-2;9,498445E-2;9,469387E-1;;
02/12/2021  12:47:18,002163;9,381872E-1;1,617795E-1;1,919756E-1;9,468470E-1;;
02/12/2021  12:47:18,002263;9,380143E-1;1,152668E-1;1,275255E-1;9,467458E-1;;
02/12/2021  12:47:18,002363;9,365420E-1;-1,970622E-3;7,471291E-3;9,466349E-1;;
02/12/2021  12:47:18,002463;9,354662E-1;1,397975E-1;1,363715E-1;9,465139E-1;;
02/12/2021  12:47:18,002563;9,357284E-1;1,522221E-1;1,701763E-1;9,463826E-1;;
02/12/2021  12:47:18,002663;9,350161E-1;1,420275E-1;1,423743E-1;9,462406E-1;;
02/12/2021  12:47:18,002763;9,344379E-1;1,570008E-1;1,426902E-1;9,460877E-1;;
02/12/2021  12:47:18,002863;9,331445E-1;1,525407E-1;1,240502E-1;9,459237E-1;;
02/12/2021  12:47:18,002963;9,325842E-1;1,668768E-1;1,474292E-1;9,457481E-1;;
02/12/2021  12:47:18,003063;9,332518E-1;1,525407E-1;1,284732E-1;9,455607E-1;;
02/12/2021  12:47:18,003163;9,333710E-1;1,640096E-1;1,515363E-1;9,453614E-1;;
02/12/2021  12:47:18,003263;9,326766E-1;1,926818E-1;1,960827E-1;9,451501E-1;;
02/12/2021  12:47:18,003363;9,317318E-1;1,483991E-1;1,423743E-1;9,449269E-1;;
02/12/2021  12:47:18,003463;9,319703E-1;1,251428E-1;1,376353E-1;9,446920E-1;;
02/12/2021  12:47:18,003563;9,325425E-1;1,063466E-1;1,212068E-1;9,444455E-1;;
02/12/2021  12:47:18,003663;9,332279E-1;1,292843E-1;1,297370E-1;9,441878E-1;;
02/12/2021  12:47:18,003763;9,333978E-1;1,225942E-1;1,278414E-1;9,439193E-1;;
02/12/2021  12:47:18,003863;9,325782E-1;1,289658E-1;1,300529E-1;9,436408E-1;;
02/12/2021  12:47:18,003963;9,327660E-1;1,608238E-1;1,638576E-1;9,433531E-1;;
02/12/2021  12:47:18,004063;9,340088E-1;1,356559E-1;1,328963E-1;9,430569E-1;;
02/12/2021  12:47:18,004163;9,341250E-1;1,413904E-1;1,379512E-1;9,427531E-1;;
02/12/2021  12:47:18,004263;9,334068E-1;9,774492E-2;1,066739E-1;9,424427E-1;;
02/12/2021  12:47:18,004363;9,329001E-1;1,748413E-1;1,948190E-1;9,421268E-1;;
02/12/2021  12:47:18,004463;9,328524E-1;1,429833E-1;1,401627E-1;9,418062E-1;;
02/12/2021  12:47:18,004563;9,335975E-1;1,512664E-1;1,780746E-1;9,414818E-1;;
02/12/2021  12:47:18,004663;9,335111E-1;1,388417E-1;1,373193E-1;9,411545E-1;;
02/12/2021  12:47:18,004763;9,320239E-1;1,197269E-1;1,221546E-1;9,408251E-1;;
02/12/2021  12:47:18,004863;9,312758E-1;1,292843E-1;1,366875E-1;9,404945E-1;;
02/12/2021  12:47:18,004963;9,314427E-1;1,474434E-1;1,332122E-1;9,401632E-1;;
02/12/2021  12:47:18,005063;9,315232E-1;1,299215E-1;1,322644E-1;9,398315E-1;;
02/12/2021  12:47:18,005163;9,309778E-1;1,018865E-1;1,167838E-1;9,395002E-1;;
02/12/2021  12:47:18,005263;9,297738E-1;1,264171E-1;1,278414E-1;9,391695E-1;;
02/12/2021  12:47:18,005363;9,286621E-1;1,327887E-1;1,199431E-1;9,388397E-1;;
02/12/2021  12:47:18,005463;9,284297E-1;1,270543E-1;1,243661E-1;9,385109E-1;;
02/12/2021  12:47:18,005563;9,286383E-1;1,267357E-1;1,341600E-1;9,381832E-1;;
02/12/2021  12:47:18,005663;9,278604E-1;1,308772E-1;1,275255E-1;9,378565E-1;;
02/12/2021  12:47:18,005763;9,274402E-1;1,474434E-1;1,505885E-1;9,375308E-1;;
02/12/2021  12:47:18,005863;9,263792E-1;8,914326E-2;1,066739E-1;9,372060E-1;;
02/12/2021  12:47:18,005963;9,270289E-1;1,483991E-1;1,287892E-1;9,368822E-1;;
02/12/2021  12:47:18,006063;9,271809E-1;1,353374E-1;1,303688E-1;9,365591E-1;;
02/12/2021  12:47:18,006163;9,275892E-1;1,324701E-1;1,205749E-1;9,362369E-1;;
02/12/2021  12:47:18,006263;9,275684E-1;1,608238E-1;1,679647E-1;9,359157E-1;;
02/12/2021  12:47:18,006363;9,265670E-1;1,280100E-1;1,278414E-1;9,355957E-1;;
02/12/2021  12:47:18,006463;9,275415E-1;1,267357E-1;1,088855E-1;9,352773E-1;;
02/12/2021  12:47:18,006563;9,282866E-1;7,608148E-2;1,553275E-1;9,349606E-1;;
02/12/2021  12:47:18,006663;9,284207E-1;1,474434E-1;1,366875E-1;9,346461E-1;;
02/12/2021  12:47:18,006763;9,285280E-1;1,104881E-1;1,322644E-1;9,343344E-1;;
02/12/2021  12:47:18,006863;9,279916E-1;1,203641E-1;1,069899E-1;9,340260E-1;;
02/12/2021  12:47:18,006963;9,297917E-1;1,200455E-1;1,243661E-1;9,337216E-1;;
02/12/2021  12:47:18,007063;9,305069E-1;1,311958E-1;1,373193E-1;9,334216E-1;;
02/12/2021  12:47:18,007163;9,306053E-1;1,417090E-1;1,347919E-1;9,331271E-1;;
02/12/2021  12:47:18,007263;9,305189E-1;1,315144E-1;1,231024E-1;9,328389E-1;;
02/12/2021  12:47:18,007363;9,300539E-1;8,691320E-2;1,022509E-1;9,325578E-1;;
02/12/2021  12:47:18,007463;9,312162E-1;1,697440E-1;1,670170E-1;9,322845E-1;;
02/12/2021  12:47:18,007563;9,327898E-1;1,337445E-1;1,347919E-1;9,320197E-1;;
02/12/2021  12:47:18,007663;9,325335E-1;1,232313E-1;1,240502E-1;9,317645E-1;;
02/12/2021  12:47:18,007763;9,325693E-1;1,184526E-1;1,196272E-1;9,315196E-1;;
02/12/2021  12:47:18,007863;9,332190E-1;1,232313E-1;1,253139E-1;9,312859E-1;;
02/12/2021  12:47:18,007963;9,349148E-1;1,503106E-1;1,572231E-1;9,310641E-1;;
02/12/2021  12:47:18,008063;9,355824E-1;1,366117E-1;1,338441E-1;9,308553E-1;;
02/12/2021  12:47:18,008163;9,360264E-1;1,343816E-1;1,464814E-1;9,306604E-1;;
02/12/2021  12:47:18,008263;9,358685E-1;1,264171E-1;1,281573E-1;9,304803E-1;;
02/12/2021  12:47:18,008363;9,361337E-1;1,235499E-1;1,328963E-1;9,303160E-1;;
02/12/2021  12:47:18,008463;9,385299E-1;1,280100E-1;1,199431E-1;9,301680E-1;;
02/12/2021  12:47:18,008563;9,398233E-1;1,241871E-1;1,243661E-1;9,300373E-1;;
02/12/2021  12:47:18,008663;9,396773E-1;1,353374E-1;1,370034E-1;9,299249E-1;;
02/12/2021  12:47:18,008763;9,397965E-1;2,376015E-1;1,853410E-1;9,298316E-1;;
02/12/2021  12:47:18,008863;9,404999E-1;1,404346E-1;1,382671E-1;9,297583E-1;;
02/12/2021  12:47:18,008963;9,420884E-1;1,706997E-1;1,708081E-1;9,297055E-1;;
02/12/2021  12:47:18,009063;9,432805E-1;1,216384E-1;1,237343E-1;9,296739E-1;;
02/12/2021  12:47:18,009163;9,433043E-1;1,184526E-1;1,177316E-1;9,296643E-1;;
02/12/2021  12:47:18,009263;9,428305E-1;1,388417E-1;1,442698E-1;9,296773E-1;;
02/12/2021  12:47:18,009363;9,437186E-1;1,407532E-1;1,319485E-1;9,297132E-1;;
02/12/2021  12:47:18,009463;9,452237E-1;8,946184E-2;8,076751E-2;9,297722E-1;;
02/12/2021  12:47:18,009563;9,456409E-1;1,321516E-1;1,341600E-1;9,298548E-1;;
02/12/2021  12:47:18,009663;9,461028E-1;1,327887E-1;1,313166E-1;9,299610E-1;;
02/12/2021  12:47:18,009763;9,454055E-1;1,337445E-1;1,442698E-1;9,300909E-1;;
02/12/2021  12:47:18,009863;9,469641E-1;1,194084E-1;1,224705E-1;9,302446E-1;;
02/12/2021  12:47:18,009963;9,492560E-1;9,615202E-2;8,203124E-2;9,304218E-1;;
02/12/2021  12:47:18,010063;9,489908E-1;1,159040E-1;1,234183E-1;9,306227E-1;;
02/12/2021  12:47:18,010163;9,491278E-1;1,372488E-1;1,385831E-1;9,308471E-1;;
02/12/2021  12:47:18,010263;9,489282E-1;1,331073E-1;1,275255E-1;9,310949E-1;;
02/12/2021  12:47:18,010363;9,504541E-1;1,254614E-1;1,003553E-1;9,313657E-1;;
02/12/2021  12:47:18,010463;9,516790E-1;1,311958E-1;1,332122E-1;9,316592E-1;;
02/12/2021  12:47:18,010563;9,523645E-1;1,337445E-1;1,370034E-1;9,319751E-1;;
02/12/2021  12:47:18,010663;9,528055E-1;1,324701E-1;1,227865E-1;9,323130E-1;;
02/12/2021  12:47:18,010763;9,532228E-1;1,165411E-1;1,193112E-1;9,326726E-1;;
02/12/2021  12:47:18,010863;9,545132E-1;7,130278E-2;1,152041E-1;9,330535E-1;;
02/12/2021  12:47:18,010963;9,556636E-1;1,388417E-1;1,297370E-1;9,334552E-1;;
02/12/2021  12:47:18,011063;9,563283E-1;1,267357E-1;1,272095E-1;9,338774E-1;;
02/12/2021  12:47:18,011163;9,567216E-1;1,219570E-1;8,929768E-2;9,343197E-1;;
02/12/2021  12:47:18,011263;9,564057E-1;1,216384E-1;1,120448E-1;9,347817E-1;;
02/12/2021  12:47:18,011363;9,579317E-1;1,311958E-1;1,483770E-1;9,352628E-1;;
02/12/2021  12:47:18,011463;9,595291E-1;1,334259E-1;1,442698E-1;9,357623E-1;;
02/12/2021  12:47:18,011563;9,600804E-1;1,120810E-1;1,174156E-1;9,362799E-1;;
02/12/2021  12:47:18,011663;9,605484E-1;9,264764E-2;9,498445E-2;9,368149E-1;;
02/12/2021  12:47:18,011763;9,608881E-1;1,238685E-1;1,205749E-1;9,373669E-1;;
02/12/2021  12:47:18,011863;9,625392E-1;1,324701E-1;1,306848E-1;9,379355E-1;;
02/12/2021  12:47:18,011963;9,639548E-1;1,340630E-1;1,363715E-1;9,385199E-1;;
02/12/2021  12:47:18,012063;9,641962E-1;1,417090E-1;1,667010E-1;9,391199E-1;;
02/12/2021  12:47:18,012163;9,643244E-1;1,165411E-1;1,193112E-1;9,397349E-1;;
02/12/2021  12:47:18,012263;9,643631E-1;1,299215E-1;1,297370E-1;9,403644E-1;;
02/12/2021  12:47:18,012363;9,658145E-1;1,382046E-1;1,407946E-1;9,410078E-1;;
02/12/2021  12:47:18,012463;9,667951E-1;1,190898E-1;1,208909E-1;9,416644E-1;;
02/12/2021  12:47:18,012563;9,671706E-1;1,503106E-1;1,341600E-1;9,423334E-1;;
02/12/2021  12:47:18,012663;9,678173E-1;1,283286E-1;1,249980E-1;9,430143E-1;;
02/12/2021  12:47:18,012763;9,678173E-1;1,477620E-1;1,616461E-1;9,437065E-1;;
02/12/2021  12:47:18,012863;9,696889E-1;1,487177E-1;1,569071E-1;9,444091E-1;;
02/12/2021  12:47:18,012963;9,703565E-1;1,299215E-1;1,278414E-1;9,451215E-1;;
02/12/2021  12:47:18,013063;9,710688E-1;1,060280E-1;7,160549E-2;9,458432E-1;;
02/12/2021  12:47:18,013163;9,702015E-1;9,774492E-2;1,575390E-1;9,465735E-1;;
02/12/2021  12:47:18,013263;9,704579E-1;1,420275E-1;1,411105E-1;9,473116E-1;;
02/12/2021  12:47:18,013363;9,722252E-1;1,509478E-1;1,294210E-1;9,480567E-1;;
02/12/2021  12:47:18,013463;9,727408E-1;1,181340E-1;1,265777E-1;9,488080E-1;;
02/12/2021  12:47:18,013563;9,728481E-1;6,620550E-2;8,424277E-2;9,495647E-1;;
02/12/2021  12:47:18,013663;9,727557E-1;1,280100E-1;1,328963E-1;9,503260E-1;;
02/12/2021  12:47:18,013763;9,726990E-1;1,127182E-1;1,095173E-1;9,510912E-1;;
02/12/2021  12:47:18,013863;9,736200E-1;8,914326E-2;1,038306E-1;9,518591E-1;;
02/12/2021  12:47:18,013963;9,738643E-1;9,806350E-2;1,098333E-1;9,526289E-1;;
02/12/2021  12:47:18,014063;9,734858E-1;1,152668E-1;1,193112E-1;9,533996E-1;;
02/12/2021  12:47:18,014163;9,726216E-1;1,203641E-1;1,328963E-1;9,541701E-1;;
02/12/2021  12:47:18,014263;9,732623E-1;9,105474E-2;8,866581E-2;9,549394E-1;;
02/12/2021  12:47:18,014363;9,734799E-1;6,843556E-2;8,203124E-2;9,557060E-1;;
02/12/2021  12:47:18,014463;9,726007E-1;1,044351E-1;1,107811E-1;9,564689E-1;;
02/12/2021  12:47:18,014563;9,723503E-1;1,044351E-1;1,126766E-1;9,572268E-1;;
02/12/2021  12:47:18,014663;9,717692E-1;8,404598E-2;9,624818E-2;9,579782E-1;;
02/12/2021  12:47:18,014763;9,714533E-1;-1,014882E-3;2,074043E-2;9,587217E-1;;
02/12/2021  12:47:18,014863;9,718646E-1;9,583344E-2;1,022509E-1;9,594559E-1;;
02/12/2021  12:47:18,014963;9,713728E-1;1,044351E-1;1,016190E-1;9,601794E-1;;
02/12/2021  12:47:18,015063;9,709377E-1;1,079395E-1;1,401627E-1;9,608907E-1;;
02/12/2021  12:47:18,015163;9,696085E-1;9,615202E-2;1,079377E-1;9,615885E-1;;
02/12/2021  12:47:18,015263;9,701062E-1;8,850610E-2;9,403666E-2;9,622713E-1;;
02/12/2021  12:47:18,015363;9,697456E-1;1,012493E-1;1,057261E-1;9,629378E-1;;
02/12/2021  12:47:18,015463;9,693551E-1;1,120810E-1;1,152041E-1;9,635865E-1;;
02/12/2021  12:47:18,015563;9,685505E-1;1,238685E-1;1,281573E-1;9,642163E-1;;
02/12/2021  12:47:18,015663;9,674179E-1;1,206827E-1;1,196272E-1;9,648257E-1;;
02/12/2021  12:47:18,015763;9,675908E-1;1,366117E-1;1,376353E-1;9,654137E-1;;
02/12/2021  12:47:18,015863;9,675580E-1;1,534964E-1;1,629098E-1;9,659788E-1;;
02/12/2021  12:47:18,015963;9,665715E-1;1,608238E-1;1,373193E-1;9,665201E-1;;
02/12/2021  12:47:18,016063;9,654271E-1;1,499920E-1;1,133085E-1;9,670364E-1;;
02/12/2021  12:47:18,016163;9,638654E-1;1,778134E-2;1,095173E-1;9,675268E-1;;
02/12/2021  12:47:18,016263;9,643989E-1;1,697440E-1;1,562753E-1;9,679900E-1;;
02/12/2021  12:47:18,016363;9,633528E-1;1,585937E-1;1,392149E-1;9,684250E-1;;
02/12/2021  12:47:18,016463;9,620832E-1;1,496735E-1;1,373193E-1;9,688309E-1;;
02/12/2021  12:47:18,016563;9,599076E-1;1,448948E-1;1,351078E-1;9,692066E-1;;
02/12/2021  12:47:18,016663;9,589897E-1;1,327887E-1;1,351078E-1;9,695511E-1;;
02/12/2021  12:47:18,016763;9,591178E-1;1,426647E-1;1,676488E-1;9,698632E-1;;
02/12/2021  12:47:18,016863;9,577230E-1;1,095324E-1;1,158360E-1;9,701420E-1;;
02/12/2021  12:47:18,016963;9,565428E-1;1,076209E-1;1,256299E-1;9,703866E-1;;
02/12/2021  12:47:18,017063;9,543106E-1;1,260985E-1;1,284732E-1;9,705962E-1;;
02/12/2021  12:47:18,017163;9,530976E-1;1,139925E-1;1,303688E-1;9,707697E-1;;
02/12/2021  12:47:18,017263;9,522274E-1;1,238685E-1;1,117289E-1;9,709063E-1;;
02/12/2021  12:47:18,017363;9,510144E-1;1,229127E-1;1,240502E-1;9,710051E-1;;
02/12/2021  12:47:18,017463;9,500845E-1;9,551486E-2;1,224705E-1;9,710652E-1;;
02/12/2021  12:47:18,017563;9,479417E-1;1,350188E-1;1,379512E-1;9,710860E-1;;
02/12/2021  12:47:18,017663;9,472413E-1;1,120810E-1;1,155200E-1;9,710669E-1;;
02/12/2021  12:47:18,017763;9,465111E-1;1,210013E-1;1,430061E-1;9,710073E-1;;
02/12/2021  12:47:18,017863;9,454263E-1;1,219570E-1;1,205749E-1;9,709067E-1;;
02/12/2021  12:47:18,017963;9,440464E-1;1,331073E-1;1,174156E-1;9,707649E-1;;
02/12/2021  12:47:18,018063;9,426517E-1;1,174969E-1;1,303688E-1;9,705818E-1;;
02/12/2021  12:47:18,018163;9,413969E-1;1,139925E-1;1,177316E-1;9,703571E-1;;
02/12/2021  12:47:18,018263;9,404880E-1;8,054160E-2;8,866581E-2;9,700909E-1;;
02/12/2021  12:47:18,018363;9,401542E-1;1,114439E-1;1,167838E-1;9,697832E-1;;
02/12/2021  12:47:18,018463;9,385478E-1;1,264171E-1;1,180475E-1;9,694343E-1;;
02/12/2021  12:47:18,018563;9,370070E-1;1,331073E-1;1,310007E-1;9,690445E-1;;
02/12/2021  12:47:18,018663;9,361993E-1;1,232313E-1;1,249980E-1;9,686143E-1;;
02/12/2021  12:47:18,018763;9,361635E-1;5,282514E-2;5,454516E-2;9,681442E-1;;
02/12/2021  12:47:18,018863;9,352903E-1;1,273729E-1;1,291051E-1;9,676348E-1;;
02/12/2021  12:47:18,018963;9,342740E-1;1,302401E-1;1,303688E-1;9,670870E-1;;
02/12/2021  12:47:18,019063;9,324709E-1;9,487770E-2;1,076217E-1;9,665019E-1;;
02/12/2021  12:47:18,019163;9,315530E-1;9,009900E-2;8,076751E-2;9,658803E-1;;
02/12/2021  12:47:18,019263;9,307394E-1;1,369303E-1;1,411105E-1;9,652233E-1;;
02/12/2021  12:47:18,019363;9,294966E-1;1,433019E-1;1,354238E-1;9,645318E-1;;
02/12/2021  12:47:18,019463;9,282836E-1;1,241871E-1;1,249980E-1;9,638070E-1;;
02/12/2021  12:47:18,019563;9,269812E-1;1,133553E-1;1,152041E-1;9,630500E-1;;
02/12/2021  12:47:18,019663;9,269902E-1;1,534964E-1;1,638576E-1;9,622618E-1;;
02/12/2021  12:47:18,019763;9,264776E-1;1,417090E-1;1,395309E-1;9,614437E-1;;
02/12/2021  12:47:18,019863;9,251335E-1;1,254614E-1;1,256299E-1;9,605971E-1;;
02/12/2021  12:47:18,019963;9,231903E-1;1,331073E-1;1,910278E-1;9,597233E-1;;
02/12/2021  12:47:18,020063;9,222932E-1;1,337445E-1;1,297370E-1;9,588237E-1;;
02/12/2021  12:47:18,020163;9,218819E-1;1,308772E-1;1,253139E-1;9,578996E-1;;
02/12/2021  12:47:18,020263;9,212680E-1;1,197269E-1;1,319485E-1;9,569521E-1;;
02/12/2021  12:47:18,020363;9,201862E-1;1,350188E-1;1,319485E-1;9,559828E-1;;
02/12/2021  12:47:18,020463;9,195990E-1;1,254614E-1;1,357397E-1;9,549931E-1;;
02/12/2021  12:47:18,020563;9,183890E-1;1,238685E-1;1,300529E-1;9,539844E-1;;
02/12/2021  12:47:18,020663;9,184159E-1;1,028422E-1;1,066739E-1;9,529582E-1;;
02/12/2021  12:47:18,020763;9,178675E-1;1,257800E-1;1,231024E-1;9,519160E-1;;
02/12/2021  12:47:18,020863;9,167022E-1;1,350188E-1;1,344760E-1;9,508594E-1;;
02/12/2021  12:47:18,020963;9,152836E-1;1,171783E-1;1,212068E-1;9,497900E-1;;
02/12/2021  12:47:18,021063;9,148186E-1;1,296029E-1;1,480610E-1;9,487093E-1;;
02/12/2021  12:47:18,021163;9,150243E-1;1,503106E-1;1,657532E-1;9,476185E-1;;
02/12/2021  12:47:18,021263;9,142077E-1;1,280100E-1;1,332122E-1;9,465194E-1;;
02/12/2021  12:47:18,021363;9,145593E-1;1,178155E-1;1,262617E-1;9,454134E-1;;
02/12/2021  12:47:18,021463;9,135133E-1;1,299215E-1;1,325804E-1;9,443023E-1;;
02/12/2021  12:47:18,021563;9,138739E-1;1,436204E-1;1,467973E-1;9,431876E-1;;
02/12/2021  12:47:18,021663;9,139245E-1;1,139925E-1;1,212068E-1;9,420710E-1;;
02/12/2021  12:47:18,021763;9,138411E-1;1,327887E-1;1,332122E-1;9,409545E-1;;
02/12/2021  12:47:18,021863;9,140914E-1;1,308772E-1;1,360556E-1;9,398398E-1;;
02/12/2021  12:47:18,021963;9,123211E-1;1,382046E-1;1,388990E-1;9,387287E-1;;
02/12/2021  12:47:18,022063;9,130275E-1;1,229127E-1;1,120448E-1;9,376231E-1;;
02/12/2021  12:47:18,022163;9,135162E-1;1,534964E-1;1,926074E-1;9,365246E-1;;
02/12/2021  12:47:18,022263;9,142911E-1;1,375674E-1;1,379512E-1;9,354349E-1;;
02/12/2021  12:47:18,022363;9,138173E-1;1,190898E-1;1,265777E-1;9,343559E-1;;
02/12/2021  12:47:18,022463;9,133762E-1;1,305587E-1;1,411105E-1;9,332895E-1;;
02/12/2021  12:47:18,022563;9,133374E-1;1,190898E-1;1,101492E-1;9,322374E-1;;
02/12/2021  12:47:18,022663;9,143299E-1;1,697440E-1;1,929234E-1;9,312012E-1;;
02/12/2021  12:47:18,022763;9,138173E-1;1,200455E-1;1,256299E-1;9,301826E-1;;
02/12/2021  12:47:18,022863;9,136146E-1;1,289658E-1;1,278414E-1;9,291831E-1;;
02/12/2021  12:47:18,022963;9,129023E-1;1,111253E-1;1,490088E-1;9,282041E-1;;
02/12/2021  12:47:18,023063;9,125804E-1;8,627604E-2;6,813023E-2;9,272470E-1;;
02/12/2021  12:47:18,023163;9,135669E-1;9,678918E-2;1,357397E-1;9,263127E-1;;
02/12/2021  12:47:18,023263;9,129857E-1;1,413904E-1;1,357397E-1;9,254023E-1;;
02/12/2021  12:47:18,023363;9,127890E-1;1,347002E-1;1,363715E-1;9,245167E-1;;
02/12/2021  12:47:18,023463;9,119099E-1;1,267357E-1;1,316326E-1;9,236569E-1;;
02/12/2021  12:47:18,023563;9,131377E-1;8,818752E-2;9,498445E-2;9,228233E-1;;
02/12/2021  12:47:18,023663;9,139782E-1;1,429833E-1;1,338441E-1;9,220168E-1;;
02/12/2021  12:47:18,023763;9,132748E-1;1,155854E-1;1,038306E-1;9,212378E-1;;
02/12/2021  12:47:18,023863;9,133464E-1;1,362931E-1;1,449017E-1;9,204871E-1;;
02/12/2021  12:47:18,023963;9,132957E-1;1,232313E-1;1,212068E-1;9,197652E-1;;
02/12/2021  12:47:18,024063;9,139275E-1;1,401161E-1;1,240502E-1;9,190724E-1;;
02/12/2021  12:47:18,024163;9,148574E-1;1,308772E-1;1,120448E-1;9,184091E-1;;
02/12/2021  12:47:18,024263;9,150451E-1;1,260985E-1;1,129926E-1;9,177757E-1;;
02/12/2021  12:47:18,024363;9,148633E-1;1,706997E-1;1,758630E-1;9,171727E-1;;
02/12/2021  12:47:18,024463;9,147948E-1;1,130368E-1;1,117289E-1;9,166002E-1;;
02/12/2021  12:47:18,024563;9,160823E-1;1,331073E-1;1,370034E-1;9,160586E-1;;
02/12/2021  12:47:18,024663;9,169734E-1;1,334259E-1;1,458495E-1;9,155480E-1;;
02/12/2021  12:47:18,024763;9,176887E-1;1,331073E-1;1,287892E-1;9,150687E-1;;
02/12/2021  12:47:18,024863;9,171015E-1;1,343816E-1;1,291051E-1;9,146210E-1;;
02/12/2021  12:47:18,024963;9,172118E-1;1,254614E-1;1,742834E-1;9,142050E-1;;
02/12/2021  12:47:18,025063;9,177363E-1;1,394789E-1;1,404787E-1;9,138208E-1;;
02/12/2021  12:47:18,025163;9,188003E-1;1,165411E-1;1,218387E-1;9,134683E-1;;
02/12/2021  12:47:18,025263;9,200431E-1;1,245056E-1;1,300529E-1;9,131474E-1;;
02/12/2021  12:47:18,025363;9,196378E-1;1,340630E-1;1,347919E-1;9,128582E-1;;
02/12/2021  12:47:18,025463;9,205766E-1;1,420275E-1;1,373193E-1;9,126007E-1;;
02/12/2021  12:47:18,025563;9,219594E-1;1,515849E-1;1,594346E-1;9,123749E-1;;
02/12/2021  12:47:18,025663;9,234883E-1;1,337445E-1;1,291051E-1;9,121806E-1;;
02/12/2021  12:47:18,025763;9,237506E-1;1,541336E-1;1,616461E-1;9,120181E-1;;
02/12/2021  12:47:18,025863;9,236701E-1;1,522221E-1;1,395309E-1;9,118874E-1;;
02/12/2021  12:47:18,025963;9,251573E-1;1,474434E-1;1,584868E-1;9,117885E-1;;
02/12/2021  12:47:18,026063;9,270975E-1;1,168597E-1;1,025668E-1;9,117215E-1;;
02/12/2021  12:47:18,026163;9,288618E-1;1,280100E-1;1,265777E-1;9,116863E-1;;
02/12/2021  12:47:18,026263;9,289095E-1;1,375674E-1;1,521681E-1;9,116832E-1;;
02/12/2021  12:47:18,026363;9,299854E-1;1,289658E-1;1,212068E-1;9,117125E-1;;
02/12/2021  12:47:18,026463;9,311626E-1;1,331073E-1;1,300529E-1;9,117742E-1;;
02/12/2021  12:47:18,026563;9,329120E-1;1,509478E-1;1,714400E-1;9,118685E-1;;
02/12/2021  12:47:18,026663;9,340118E-1;1,178155E-1;1,287892E-1;9,119956E-1;;
02/12/2021  12:47:18,026763;9,341727E-1;1,127182E-1;1,107811E-1;9,121557E-1;;
02/12/2021  12:47:18,026863;9,343307E-1;9,647060E-2;1,196272E-1;9,123486E-1;;
02/12/2021  12:47:18,026963;9,351771E-1;8,914326E-2;9,814378E-2;9,125744E-1;;
02/12/2021  12:47:18,027063;9,367149E-1;8,277166E-2;7,792413E-2;9,128326E-1;;
02/12/2021  12:47:18,027163;9,377014E-1;1,276914E-1;1,335282E-1;9,131229E-1;;
02/12/2021  12:47:18,027263;9,388041E-1;9,264764E-2;1,000394E-1;9,134451E-1;;
02/12/2021  12:47:18,027363;9,383719E-1;1,321516E-1;1,224705E-1;9,137987E-1;;
02/12/2021  12:47:18,027463;9,398025E-1;1,069837E-1;1,186794E-1;9,141833E-1;;
02/12/2021  12:47:18,027563;9,412479E-1;4,082398E-3;4,759465E-2;9,145982E-1;;
02/12/2021  12:47:18,027663;9,421569E-1;1,028422E-1;1,164678E-1;9,150429E-1;;
02/12/2021  12:47:18,027763;9,422791E-1;1,057094E-1;1,095173E-1;9,155168E-1;;
02/12/2021  12:47:18,027863;9,421212E-1;1,079395E-1;1,107811E-1;9,160191E-1;;
02/12/2021  12:47:18,027963;9,438080E-1;9,774492E-2;1,205749E-1;9,165491E-1;;
02/12/2021  12:47:18,028063;9,450240E-1;8,086018E-2;8,424277E-2;9,171057E-1;;
02/12/2021  12:47:18,028163;9,457035E-1;9,105474E-2;1,164678E-1;9,176880E-1;;
02/12/2021  12:47:18,028263;9,462042E-1;9,997498E-2;1,107811E-1;9,182953E-1;;
02/12/2021  12:47:18,028363;9,464873E-1;1,044351E-1;1,237343E-1;9,189266E-1;;
02/12/2021  12:47:18,028463;9,480341E-1;1,372488E-1;1,351078E-1;9,195808E-1;;
02/12/2021  12:47:18,028563;9,486182E-1;1,407532E-1;1,379512E-1;9,202569E-1;;
02/12/2021  12:47:18,028663;9,492858E-1;1,225942E-1;1,215227E-1;9,209540E-1;;
02/12/2021  12:47:18,028763;9,494944E-1;1,190898E-1;1,221546E-1;9,216710E-1;;
02/12/2021  12:47:18,028863;9,486003E-1;1,620981E-1;1,496407E-1;9,224066E-1;;
02/12/2021  12:47:18,028963;9,500100E-1;1,754784E-1;1,521681E-1;9,231597E-1;;
02/12/2021  12:47:18,029063;9,512290E-1;1,671954E-1;1,622780E-1;9,239287E-1;;
02/12/2021  12:47:18,029163;9,508981E-1;1,620981E-1;1,423743E-1;9,247124E-1;;
02/12/2021  12:47:18,029263;9,510144E-1;1,528593E-1;1,717559E-1;9,255093E-1;;
02/12/2021  12:47:18,029363;9,513422E-1;1,547707E-1;1,464814E-1;9,263182E-1;;
02/12/2021  12:47:18,029463;9,526476E-1;1,117624E-1;1,060421E-1;9,271375E-1;;
02/12/2021  12:47:18,029563;9,536013E-1;1,375674E-1;1,411105E-1;9,279657E-1;;
02/12/2021  12:47:18,029663;9,529933E-1;1,350188E-1;1,388990E-1;9,288016E-1;;
02/12/2021  12:47:18,029763;9,527370E-1;1,073023E-1;1,224705E-1;9,296439E-1;;
02/12/2021  12:47:18,029863;9,531453E-1;1,382046E-1;9,308886E-2;9,304911E-1;;
02/12/2021  12:47:18,029963;9,538904E-1;1,557265E-1;1,843932E-1;9,313417E-1;;
02/12/2021  12:47:18,030063;9,550020E-1;1,041165E-1;1,120448E-1;9,321943E-1;;
02/12/2021  12:47:18,030163;9,544983E-1;1,439390E-1;1,316326E-1;9,330476E-1;;
02/12/2021  12:47:18,030263;9,541973E-1;1,347002E-1;1,259458E-1;9,339002E-1;;
02/12/2021  12:47:18,030363;9,546027E-1;1,219570E-1;1,262617E-1;9,347508E-1;;
02/12/2021  12:47:18,030463;9,559676E-1;1,146297E-1;1,287892E-1;9,355981E-1;;
02/12/2021  12:47:18,030563;9,565369E-1;1,216384E-1;1,265777E-1;9,364409E-1;;
02/12/2021  12:47:18,030663;9,563163E-1;1,347002E-1;1,401627E-1;9,372781E-1;;
02/12/2021  12:47:18,030763;9,563372E-1;1,095324E-1;1,142563E-1;9,381087E-1;;
02/12/2021  12:47:18,030863;9,562388E-1;1,133553E-1;1,019350E-1;9,389318E-1;;
02/12/2021  12:47:18,030963;9,571508E-1;7,926728E-2;8,519056E-2;9,397461E-1;;
02/12/2021  12:47:18,031063;9,572641E-1;1,280100E-1;1,325804E-1;9,405508E-1;;
02/12/2021  12:47:18,031163;9,574757E-1;1,219570E-1;1,291051E-1;9,413450E-1;;
02/12/2021  12:47:18,031263;9,565726E-1;9,201048E-2;1,407946E-1;9,421279E-1;;
02/12/2021  12:47:18,031363;9,572402E-1;1,076209E-1;1,224705E-1;9,428985E-1;;
02/12/2021  12:47:18,031463;9,585039E-1;8,149734E-2;1,291051E-1;9,436561E-1;;
02/12/2021  12:47:18,031563;9,584770E-1;1,299215E-1;1,272095E-1;9,443998E-1;;
02/12/2021  12:47:18,031663;9,583549E-1;1,315144E-1;1,249980E-1;9,451292E-1;;
02/12/2021  12:47:18,031763;9,575412E-1;7,448858E-2;9,150920E-2;9,458437E-1;;
02/12/2021  12:47:18,031863;9,581373E-1;1,286472E-1;1,297370E-1;9,465427E-1;;
02/12/2021  12:47:18,031963;9,582327E-1;1,385232E-1;1,780746E-1;9,472255E-1;;
02/12/2021  12:47:18,032063;9,586916E-1;1,270543E-1;1,202590E-1;9,478917E-1;;
02/12/2021  12:47:18,032163;9,584711E-1;1,117624E-1;1,152041E-1;9,485408E-1;;
02/12/2021  12:47:18,032263;9,579287E-1;1,289658E-1;1,278414E-1;9,491724E-1;;
02/12/2021  12:47:18,032363;9,582714E-1;1,254614E-1;1,294210E-1;9,497860E-1;;
02/12/2021  12:47:18,032463;9,588377E-1;1,327887E-1;1,196272E-1;9,503813E-1;;
02/12/2021  12:47:18,032563;9,591029E-1;1,178155E-1;9,845971E-2;9,509581E-1;;
02/12/2021  12:47:18,032663;9,584592E-1;1,276914E-1;1,272095E-1;9,515160E-1;;
02/12/2021  12:47:18,032763;9,579406E-1;1,337445E-1;1,354238E-1;9,520549E-1;;
02/12/2021  12:47:18,032863;9,577111E-1;1,053908E-1;9,119327E-2;9,525747E-1;;
02/12/2021  12:47:18,032963;9,584502E-1;1,459554E-2;5,896821E-2;9,530749E-1;;
02/12/2021  12:47:18,033063;9,581850E-1;9,296622E-2;1,003553E-1;9,535555E-1;;
02/12/2021  12:47:18,033163;9,578393E-1;1,232313E-1;1,272095E-1;9,540163E-1;;
02/12/2021  12:47:18,033263;9,571955E-1;1,254614E-1;1,215227E-1;9,544572E-1;;
02/12/2021  12:47:18,033363;9,586886E-1;1,433019E-1;1,420583E-1;9,548781E-1;;
02/12/2021  12:47:18,033463;9,595410E-1;1,382046E-1;1,584868E-1;9,552791E-1;;
02/12/2021  12:47:18,033563;9,584681E-1;1,098510E-1;1,148882E-1;9,556604E-1;;
02/12/2021  12:47:18,033663;9,576992E-1;1,197269E-1;9,624818E-2;9,560222E-1;;
02/12/2021  12:47:18,033763;9,572343E-1;7,098420E-2;1,088855E-1;9,563648E-1;;
02/12/2021  12:47:18,033863;9,578363E-1;1,168597E-1;1,202590E-1;9,566882E-1;;
02/12/2021  12:47:18,033963;9,586797E-1;1,206827E-1;1,142563E-1;9,569925E-1;;
02/12/2021  12:47:18,034063;9,583072E-1;1,334259E-1;1,294210E-1;9,572780E-1;;
02/12/2021  12:47:18,034163;9,577707E-1;1,251428E-1;1,205749E-1;9,575452E-1;;
02/12/2021  12:47:18,034263;9,573386E-1;1,174969E-1;1,234183E-1;9,577943E-1;;
02/12/2021  12:47:18,034363;9,581850E-1;1,378860E-1;1,903959E-1;9,580256E-1;;
02/12/2021  12:47:18,034463;9,584472E-1;1,101695E-1;1,145722E-1;9,582395E-1;;
02/12/2021  12:47:18,034563;9,571776E-1;1,187712E-1;1,436380E-1;9,584365E-1;;
02/12/2021  12:47:18,034663;9,563998E-1;1,114439E-1;1,133085E-1;9,586170E-1;;
02/12/2021  12:47:18,034763;9,557143E-1;5,250656E-2;7,981972E-2;9,587811E-1;;
02/12/2021  12:47:18,034863;9,558544E-1;6,493118E-2;9,087734E-2;9,589290E-1;;
02/12/2021  12:47:18,034963;9,556726E-1;1,136739E-1;1,189953E-1;9,590608E-1;;
02/12/2021  12:47:18,035063;9,548470E-1;1,283286E-1;1,433221E-1;9,591767E-1;;
02/12/2021  12:47:18,035163;9,539738E-1;1,079395E-1;1,123607E-1;9,592767E-1;;
02/12/2021  12:47:18,035263;9,536192E-1;9,838208E-2;1,066739E-1;9,593609E-1;;
02/12/2021  12:47:18,035363;9,535774E-1;1,260985E-1;1,259458E-1;9,594292E-1;;
02/12/2021  12:47:18,035463;9,535923E-1;1,276914E-1;1,231024E-1;9,594817E-1;;
02/12/2021  12:47:18,035563;9,523734E-1;1,235499E-1;1,110970E-1;9,595185E-1;;
02/12/2021  12:47:18,035663;9,512051E-1;5,059508E-2;9,403666E-2;9,595396E-1;;
02/12/2021  12:47:18,035763;9,512319E-1;1,213198E-1;1,265777E-1;9,595448E-1;;
02/12/2021  12:47:18,035863;9,511127E-1;7,576290E-2;9,940750E-2;9,595343E-1;;
02/12/2021  12:47:18,035963;9,506508E-1;1,203641E-1;1,215227E-1;9,595078E-1;;
02/12/2021  12:47:18,036063;9,498461E-1;1,022050E-1;9,814378E-2;9,594655E-1;;
02/12/2021  12:47:18,036163;9,483858E-1;7,385142E-2;9,561632E-2;9,594073E-1;;
02/12/2021  12:47:18,036263;9,480549E-1;1,468062E-1;1,439539E-1;9,593332E-1;;
02/12/2021  12:47:18,036363;9,492351E-1;1,213198E-1;1,227865E-1;9,592431E-1;;
02/12/2021  12:47:18,036463;9,484662E-1;1,260985E-1;1,218387E-1;9,591371E-1;;
02/12/2021  12:47:18,036563;9,473546E-1;1,187712E-1;1,205749E-1;9,590153E-1;;
02/12/2021  12:47:18,036663;9,461863E-1;1,245056E-1;1,227865E-1;9,588778E-1;;
02/12/2021  12:47:18,036763;9,459270E-1;1,273729E-1;1,445858E-1;9,587248E-1;;
02/12/2021  12:47:18,036863;9,463889E-1;8,149734E-2;9,466852E-2;9,585563E-1;;
02/12/2021  12:47:18,036963;9,465707E-1;1,311958E-1;1,275255E-1;9,583725E-1;;
02/12/2021  12:47:18,037063;9,456886E-1;1,101695E-1;1,196272E-1;9,581736E-1;;
02/12/2021  12:47:18,037163;9,452237E-1;1,350188E-1;1,287892E-1;9,579602E-1;;
02/12/2021  12:47:18,037263;9,450299E-1;1,442576E-1;1,249980E-1;9,577326E-1;;
02/12/2021  12:47:18,037363;9,460313E-1;1,248242E-1;1,253139E-1;9,574912E-1;;
02/12/2021  12:47:18,037463;9,450925E-1;1,095324E-1;1,126766E-1;9,572366E-1;;
02/12/2021  12:47:18,037563;9,445799E-1;1,458505E-1;1,575390E-1;9,569695E-1;;
02/12/2021  12:47:18,037663;9,436292E-1;1,503106E-1;1,461654E-1;9,566905E-1;;
02/12/2021  12:47:18,037763;9,431821E-1;1,063466E-1;1,019350E-1;9,564000E-1;;
02/12/2021  12:47:18,037863;9,436679E-1;1,391603E-1;1,616461E-1;9,560986E-1;;
02/12/2021  12:47:18,037963;9,435696E-1;1,407532E-1;1,322644E-1;9,557868E-1;;
02/12/2021  12:47:18,038063;9,427023E-1;1,391603E-1;1,505885E-1;9,554653E-1;;
02/12/2021  12:47:18,038163;9,421688E-1;1,327887E-1;1,344760E-1;9,551346E-1;;
02/12/2021  12:47:18,038263;9,429199E-1;1,264171E-1;1,212068E-1;9,547953E-1;;
02/12/2021  12:47:18,038363;9,428454E-1;1,362931E-1;1,385831E-1;9,544481E-1;;
02/12/2021  12:47:18,038463;9,419155E-1;1,073023E-1;1,085695E-1;9,540937E-1;;
02/12/2021  12:47:18,038563;9,408158E-1;1,264171E-1;1,047783E-1;9,537329E-1;;
02/12/2021  12:47:18,038663;9,404611E-1;1,210013E-1;1,284732E-1;9,533660E-1;;
02/12/2021  12:47:18,038763;9,404671E-1;1,366117E-1;1,673329E-1;9,529936E-1;;
02/12/2021  12:47:18,038863;9,403628E-1;1,232313E-1;1,272095E-1;9,526161E-1;;
02/12/2021  12:47:18,038963;9,399873E-1;1,343816E-1;1,328963E-1;9,522340E-1;;
02/12/2021  12:47:18,039063;9,389680E-1;1,229127E-1;1,212068E-1;9,518479E-1;;
02/12/2021  12:47:18,039163;9,381663E-1;1,047537E-1;1,095173E-1;9,514581E-1;;
02/12/2021  12:47:18,039263;9,391379E-1;9,710776E-2;1,095173E-1;9,510650E-1;;
02/12/2021  12:47:18,039363;9,383004E-1;1,225942E-1;1,253139E-1;9,506689E-1;;
02/12/2021  12:47:18,039463;9,376447E-1;1,095324E-1;1,284732E-1;9,502702E-1;;
02/12/2021  12:47:18,039563;9,364228E-1;1,159040E-1;1,215227E-1;9,498693E-1;;
02/12/2021  12:47:18,039663;9,367924E-1;9,870066E-2;9,782784E-2;9,494664E-1;;
02/12/2021  12:47:18,039763;9,371947E-1;1,190898E-1;1,310007E-1;9,490617E-1;;
02/12/2021  12:47:18,039863;9,373229E-1;9,551486E-2;1,057261E-1;9,486556E-1;;
02/12/2021  12:47:18,039963;9,363006E-1;1,130368E-1;1,256299E-1;9,482485E-1;;
02/12/2021  12:47:18,040063;9,356360E-1;1,245056E-1;1,240502E-1;9,478408E-1;;
02/12/2021  12:47:18,040163;9,354512E-1;1,200455E-1;1,265777E-1;9,474329E-1;;
02/12/2021  12:47:18,040263;9,361069E-1;5,505520E-2;9,056141E-2;9,470249E-1;;
02/12/2021  12:47:18,040363;9,358387E-1;1,060280E-1;1,155200E-1;9,466172E-1;;
02/12/2021  12:47:18,040463;9,350400E-1;1,044351E-1;1,158360E-1;9,462104E-1;;
02/12/2021  12:47:18,040563;9,337257E-1;8,213450E-2;1,054102E-1;9,458046E-1;;
02/12/2021  12:47:18,040663;9,335379E-1;8,786894E-2;1,401627E-1;9,454001E-1;;
02/12/2021  12:47:18,040763;9,341191E-1;5,282514E-2;9,498445E-2;9,449970E-1;;
02/12/2021  12:47:18,040863;9,337972E-1;9,424054E-2;1,063580E-1;9,445955E-1;;
02/12/2021  12:47:18,040963;9,332279E-1;1,002936E-1;1,117289E-1;9,441958E-1;;
02/12/2021  12:47:18,041063;9,321640E-1;1,203641E-1;1,322644E-1;9,437981E-1;;
02/12/2021  12:47:18,041163;9,330521E-1;1,229127E-1;1,379512E-1;9,434025E-1;;
02/12/2021  12:47:18,041263;9,336929E-1;9,806350E-2;9,782784E-2;9,430092E-1;;
02/12/2021  12:47:18,041363;9,332220E-1;4,517922E-2;8,803395E-2;9,426185E-1;;
02/12/2021  12:47:18,041463;9,324918E-1;1,334259E-1;1,404787E-1;9,422307E-1;;
02/12/2021  12:47:18,041563;9,320835E-1;1,407532E-1;1,278414E-1;9,418463E-1;;
02/12/2021  12:47:18,041663;9,326527E-1;1,493549E-1;1,341600E-1;9,414653E-1;;
02/12/2021  12:47:18,041763;9,323726E-1;1,324701E-1;9,372073E-2;9,410881E-1;;
02/12/2021  12:47:18,041863;9,319941E-1;7,831154E-2;1,155200E-1;9,407150E-1;;
02/12/2021  12:47:18,041963;9,315888E-1;1,687883E-1;1,537478E-1;9,403461E-1;;
02/12/2021  12:47:18,042063;9,310106E-1;1,401161E-1;1,265777E-1;9,399817E-1;;
02/12/2021  12:47:18,042163;9,312371E-1;8,946184E-2;1,028828E-1;9,396219E-1;;
02/12/2021  12:47:18,042263;9,315113E-1;1,633724E-1;1,853410E-1;9,392669E-1;;
02/12/2021  12:47:18,042363;9,302089E-1;1,480806E-1;1,455336E-1;9,389167E-1;;
02/12/2021  12:47:18,042463;9,293446E-1;1,519035E-1;1,651214E-1;9,385715E-1;;
02/12/2021  12:47:18,042563;9,283313E-1;1,907703E-1;2,014535E-1;9,382311E-1;;
02/12/2021  12:47:18,042663;9,278932E-1;1,165411E-1;1,167838E-1;9,378953E-1;;
02/12/2021  12:47:18,042763;9,281078E-1;1,289658E-1;1,338441E-1;9,375638E-1;;
02/12/2021  12:47:18,042863;9,272197E-1;1,254614E-1;1,310007E-1;9,372361E-1;;
02/12/2021  12:47:18,042963;9,262064E-1;1,257800E-1;1,344760E-1;9,369121E-1;;
02/12/2021  12:47:18,043063;9,259560E-1;1,276914E-1;1,253139E-1;9,365912E-1;;
02/12/2021  12:47:18,043163;9,263584E-1;1,509478E-1;1,370034E-1;9,362731E-1;;
02/12/2021  12:47:18,043263;9,263077E-1;1,375674E-1;1,436380E-1;9,359573E-1;;
02/12/2021  12:47:18,043363;9,261348E-1;1,206827E-1;1,461654E-1;9,356437E-1;;
02/12/2021  12:47:18,043463;9,245523E-1;1,238685E-1;1,158360E-1;9,353320E-1;;
02/12/2021  12:47:18,043563;9,243705E-1;1,130368E-1;1,050943E-1;9,350220E-1;;
02/12/2021  12:47:18,043663;9,252825E-1;1,104881E-1;1,262617E-1;9,347133E-1;;
02/12/2021  12:47:18,043763;9,249755E-1;1,260985E-1;1,281573E-1;9,344057E-1;;
02/12/2021  12:47:18,043863;9,246298E-1;1,512664E-1;1,619620E-1;9,340991E-1;;
02/12/2021  12:47:18,043963;9,241231E-1;1,289658E-1;1,360556E-1;9,337936E-1;;
02/12/2021  12:47:18,044063;9,236046E-1;1,174969E-1;1,215227E-1;9,334889E-1;;
02/12/2021  12:47:18,044163;9,241321E-1;1,490363E-1;1,471132E-1;9,331850E-1;;
02/12/2021  12:47:18,044263;9,243705E-1;1,308772E-1;1,341600E-1;9,328819E-1;;
02/12/2021  12:47:18,044363;9,240129E-1;1,069837E-1;9,593225E-2;9,325797E-1;;
02/12/2021  12:47:18,044463;9,226121E-1;1,241871E-1;1,253139E-1;9,322784E-1;;
02/12/2021  12:47:18,044563;9,226181E-1;1,458505E-1;1,338441E-1;9,319781E-1;;
02/12/2021  12:47:18,044663;9,229399E-1;1,506292E-1;1,237343E-1;9,316787E-1;;
02/12/2021  12:47:18,044763;9,233333E-1;1,139925E-1;1,186794E-1;9,313802E-1;;
02/12/2021  12:47:18,044863;9,228803E-1;8,532030E-2;9,024547E-2;9,310828E-1;;
02/12/2021  12:47:18,044963;9,224810E-1;1,534964E-1;1,594346E-1;9,307866E-1;;
02/12/2021  12:47:18,045063;9,226002E-1;1,305587E-1;1,322644E-1;9,304918E-1;;
02/12/2021  12:47:18,045163;9,231247E-1;1,012493E-1;9,561632E-2;9,301985E-1;;
02/12/2021  12:47:18,045263;9,235211E-1;9,551486E-2;1,120448E-1;9,299070E-1;;
02/12/2021  12:47:18,045363;9,239562E-1;1,455319E-1;1,328963E-1;9,296176E-1;;
02/12/2021  12:47:18,045463;9,228714E-1;1,289658E-1;1,155200E-1;9,293309E-1;;
02/12/2021  12:47:18,045563;9,232529E-1;1,375674E-1;1,540637E-1;9,290471E-1;;
02/12/2021  12:47:18,045663;9,247013E-1;1,582751E-1;1,584868E-1;9,287668E-1;;
02/12/2021  12:47:18,045763;9,243168E-1;1,254614E-1;1,310007E-1;9,284904E-1;;
02/12/2021  12:47:18,045863;9,247937E-1;1,401161E-1;1,442698E-1;9,282185E-1;;
02/12/2021  12:47:18,045963;9,242185E-1;1,337445E-1;1,344760E-1;9,279517E-1;;
02/12/2021  12:47:18,046063;9,252139E-1;1,448948E-1;1,407946E-1;9,276906E-1;;
02/12/2021  12:47:18,046163;9,256341E-1;1,203641E-1;1,205749E-1;9,274358E-1;;
02/12/2021  12:47:18,046263;9,259202E-1;1,506292E-1;1,445858E-1;9,271878E-1;;
02/12/2021  12:47:18,046363;9,253451E-1;1,439390E-1;1,591187E-1;9,269473E-1;;
02/12/2021  12:47:18,046463;9,243794E-1;1,280100E-1;1,300529E-1;9,267148E-1;;
02/12/2021  12:47:18,046563;9,252378E-1;1,305587E-1;1,249980E-1;9,264908E-1;;
02/12/2021  12:47:18,046663;9,260871E-1;1,519035E-1;1,733356E-1;9,262754E-1;;
02/12/2021  12:47:18,046763;9,255835E-1;1,554079E-1;1,483770E-1;9,260691E-1;;
02/12/2021  12:47:18,046863;9,253242E-1;1,356559E-1;1,417424E-1;9,258722E-1;;
02/12/2021  12:47:18,046963;9,246208E-1;1,206827E-1;1,145722E-1;9,256850E-1;;
02/12/2021  12:47:18,047063;9,256580E-1;1,114439E-1;1,088855E-1;9,255075E-1;;
02/12/2021  12:47:18,047163;9,259650E-1;1,350188E-1;1,433221E-1;9,253398E-1;;
02/12/2021  12:47:18,047263;9,264299E-1;1,219570E-1;1,189953E-1;9,251822E-1;;
02/12/2021  12:47:18,047363;9,258279E-1;1,165411E-1;1,069899E-1;9,250346E-1;;
02/12/2021  12:47:18,047463;9,258159E-1;1,012493E-1;1,335282E-1;9,248974E-1;;
02/12/2021  12:47:18,047563;9,260544E-1;1,133553E-1;1,237343E-1;9,247705E-1;;
02/12/2021  12:47:18,047663;9,271660E-1;1,283286E-1;1,300529E-1;9,246539E-1;;
02/12/2021  12:47:18,047763;9,267100E-1;1,267357E-1;1,253139E-1;9,245477E-1;;
02/12/2021  12:47:18,047863;9,267518E-1;1,388417E-1;1,322644E-1;9,244520E-1;;
02/12/2021  12:47:18,047963;9,267905E-1;1,359745E-1;1,376353E-1;9,243667E-1;;
02/12/2021  12:47:18,048063;9,279647E-1;1,477620E-1;1,572231E-1;9,242919E-1;;
02/12/2021  12:47:18,048163;9,289453E-1;1,436204E-1;1,458495E-1;9,242276E-1;;
02/12/2021  12:47:18,048263;9,281793E-1;1,200455E-1;1,303688E-1;9,241740E-1;;
02/12/2021  12:47:18,048363;9,274015E-1;1,308772E-1;1,297370E-1;9,241311E-1;;
02/12/2021  12:47:18,048463;9,281585E-1;9,870066E-2;9,498445E-2;9,240990E-1;;
02/12/2021  12:47:18,048563;9,289095E-1;1,321516E-1;1,208909E-1;9,240775E-1;;
02/12/2021  12:47:18,048663;9,295264E-1;1,216384E-1;1,265777E-1;9,240664E-1;;
02/12/2021  12:47:18,048763;9,296516E-1;1,267357E-1;1,328963E-1;9,240660E-1;;
02/12/2021  12:47:18,048863;9,292135E-1;5,250656E-2;9,814378E-2;9,240761E-1;;
02/12/2021  12:47:18,048963;9,295324E-1;1,334259E-1;1,281573E-1;9,240966E-1;;
02/12/2021  12:47:18,049063;9,310881E-1;1,366117E-1;1,455336E-1;9,241276E-1;;
02/12/2021  12:47:18,049163;9,319673E-1;1,139925E-1;1,104651E-1;9,241690E-1;;
02/12/2021  12:47:18,049263;9,319673E-1;1,241871E-1;1,183634E-1;9,242209E-1;;
02/12/2021  12:47:18,049363;9,318421E-1;9,551486E-2;8,455870E-2;9,242835E-1;;
02/12/2021  12:47:18,049463;9,321580E-1;5,027650E-2;9,024547E-2;9,243569E-1;;
02/12/2021  12:47:18,049563;9,330551E-1;1,327887E-1;1,540637E-1;9,244410E-1;;
02/12/2021  12:47:18,049663;9,330014E-1;9,583344E-2;1,076217E-1;9,245359E-1;;
02/12/2021  12:47:18,049763;9,335588E-1;1,353374E-1;1,341600E-1;9,246416E-1;;
02/12/2021  12:47:18,049863;9,333948E-1;1,222756E-1;1,208909E-1;9,247580E-1;;
02/12/2021  12:47:18,049963;9,344648E-1;1,206827E-1;1,189953E-1;9,248851E-1;;
02/12/2021  12:47:18,050063;9,354662E-1;1,082581E-1;1,297370E-1;9,250228E-1;;
02/12/2021  12:47:18,050163;9,359043E-1;1,474434E-1;1,426902E-1;9,251712E-1;;
02/12/2021  12:47:18,050263;9,354185E-1;1,464877E-1;1,509044E-1;9,253303E-1;;
02/12/2021  12:47:18,050363;9,351175E-1;1,229127E-1;1,253139E-1;9,255001E-1;;
02/12/2021  12:47:18,050463;9,358983E-1;1,315144E-1;1,363715E-1;9,256804E-1;;
02/12/2021  12:47:18,050563;9,370040E-1;1,311958E-1;1,189953E-1;9,258709E-1;;
02/12/2021  12:47:18,050663;9,375315E-1;1,337445E-1;1,338441E-1;9,260716E-1;;
02/12/2021  12:47:18,050763;9,375464E-1;1,324701E-1;1,322644E-1;9,262824E-1;;
02/12/2021  12:47:18,050863;9,375315E-1;9,360338E-2;9,656411E-2;9,265031E-1;;
02/12/2021  12:47:18,050963;9,392303E-1;1,232313E-1;1,009872E-1;9,267335E-1;;
02/12/2021  12:47:18,051063;9,403300E-1;1,359745E-1;1,622780E-1;9,269736E-1;;
02/12/2021  12:47:18,051163;9,407890E-1;1,270543E-1;1,202590E-1;9,272235E-1;;
02/12/2021  12:47:18,051263;9,410274E-1;1,111253E-1;1,079377E-1;9,274832E-1;;
02/12/2021  12:47:18,051363;9,413880E-1;1,015679E-1;1,079377E-1;9,277528E-1;;
02/12/2021  12:47:18,051463;9,426844E-1;1,123996E-1;1,891322E-1;9,280324E-1;;
02/12/2021  12:47:18,051563;9,436530E-1;1,353374E-1;1,328963E-1;9,283219E-1;;
02/12/2021  12:47:18,051663;9,450210E-1;1,340630E-1;1,332122E-1;9,286217E-1;;
02/12/2021  12:47:18,051763;9,443981E-1;1,178155E-1;1,240502E-1;9,289318E-1;;
02/12/2021  12:47:18,051863;9,452892E-1;1,229127E-1;1,240502E-1;9,292525E-1;;
02/12/2021  12:47:18,051963;9,468062E-1;1,343816E-1;1,240502E-1;9,295839E-1;;
02/12/2021  12:47:18,052063;9,481116E-1;1,292843E-1;1,272095E-1;9,299262E-1;;
02/12/2021  12:47:18,052163;9,482397E-1;1,327887E-1;1,594346E-1;9,302795E-1;;
02/12/2021  12:47:18,052263;9,473248E-1;1,315144E-1;1,291051E-1;9,306442E-1;;
02/12/2021  12:47:18,052363;9,477688E-1;1,296029E-1;1,426902E-1;9,310202E-1;;
02/12/2021  12:47:18,052463;9,488596E-1;1,168597E-1;1,177316E-1;9,314074E-1;;
02/12/2021  12:47:18,052563;9,505405E-1;1,104881E-1;1,177316E-1;9,318056E-1;;
02/12/2021  12:47:18,052663;9,505703E-1;1,031608E-1;1,114129E-1;9,322147E-1;;
02/12/2021  12:47:18,052763;9,509071E-1;1,095324E-1;1,189953E-1;9,326347E-1;;
02/12/2021  12:47:18,052863;9,514942E-1;6,652408E-2;9,751191E-2;9,330655E-1;;
02/12/2021  12:47:18,052963;9,525612E-1;1,085766E-1;1,117289E-1;9,335068E-1;;
02/12/2021  12:47:18,053063;9,543881E-1;1,194084E-1;1,262617E-1;9,339587E-1;;
02/12/2021  12:47:18,053163;9,550169E-1;3,179886E-2;7,002583E-2;9,344210E-1;;
02/12/2021  12:47:18,053263;9,551391E-1;9,551486E-2;1,322644E-1;9,348939E-1;;
02/12/2021  12:47:18,053363;9,557620E-1;1,018865E-1;1,117289E-1;9,353774E-1;;
02/12/2021  12:47:18,053463;9,579674E-1;9,551486E-2;1,300529E-1;9,358713E-1;;
02/12/2021  12:47:18,053563;9,580807E-1;8,372740E-2;1,013031E-1;9,363758E-1;;
02/12/2021  12:47:18,053663;9,583101E-1;1,015679E-1;1,133085E-1;9,368910E-1;;
02/12/2021  12:47:18,053763;9,580270E-1;5,314372E-2;8,898175E-2;9,374166E-1;;
02/12/2021  12:47:18,053863;9,595917E-1;7,608148E-2;9,845971E-2;9,379526E-1;;
02/12/2021  12:47:18,053963;9,611832E-1;5,824100E-2;8,392683E-2;9,384988E-1;;
02/12/2021  12:47:18,054063;9,612785E-1;1,060280E-1;1,212068E-1;9,390549E-1;;
02/12/2021  12:47:18,054163;9,609596E-1;1,267357E-1;1,354238E-1;9,396209E-1;;
02/12/2021  12:47:18,054263;9,604798E-1;1,149482E-1;1,183634E-1;9,401965E-1;;
02/12/2021  12:47:18,054363;9,612666E-1;1,872659E-1;1,809180E-1;9,407811E-1;;
02/12/2021  12:47:18,054463;9,618925E-1;1,232313E-1;9,909157E-2;9,413742E-1;;
02/12/2021  12:47:18,054563;9,624140E-1;1,311958E-1;1,294210E-1;9,419751E-1;;
02/12/2021  12:47:18,054663;9,617256E-1;1,515849E-1;1,392149E-1;9,425831E-1;;
02/12/2021  12:47:18,054763;9,611236E-1;1,856730E-1;1,354238E-1;9,431975E-1;;
02/12/2021  12:47:18,054863;9,628849E-1;1,732484E-1;1,474292E-1;9,438174E-1;;
02/12/2021  12:47:18,054963;9,634690E-1;1,582751E-1;1,449017E-1;9,444419E-1;;
02/12/2021  12:47:18,055063;9,633677E-1;1,662396E-1;1,414265E-1;9,450701E-1;;
02/12/2021  12:47:18,055163;9,632604E-1;1,331073E-1;1,569071E-1;9,457014E-1;;
02/12/2021  12:47:18,055263;9,628581E-1;1,238685E-1;1,234183E-1;9,463348E-1;;
02/12/2021  12:47:18,055363;9,633945E-1;1,356559E-1;1,231024E-1;9,469694E-1;;
02/12/2021  12:47:18,055463;9,637730E-1;1,636910E-1;1,837613E-1;9,476042E-1;;
02/12/2021  12:47:18,055563;9,638237E-1;1,213198E-1;1,155200E-1;9,482382E-1;;
02/12/2021  12:47:18,055663;9,634541E-1;9,742634E-2;1,092014E-1;9,488705E-1;;
02/12/2021  12:47:18,055763;9,633796E-1;1,159040E-1;1,202590E-1;9,495002E-1;;
02/12/2021  12:47:18,055863;9,637641E-1;1,276914E-1;1,221546E-1;9,501262E-1;;
02/12/2021  12:47:18,055963;9,642558E-1;8,978042E-2;1,164678E-1;9,507475E-1;;
02/12/2021  12:47:18,056063;9,637760E-1;1,047537E-1;1,142563E-1;9,513633E-1;;
02/12/2021  12:47:18,056163;9,625601E-1;1,232313E-1;1,215227E-1;9,519725E-1;;
02/12/2021  12:47:18,056263;9,621905E-1;8,500172E-2;1,461654E-1;9,525741E-1;;
02/12/2021  12:47:18,056363;9,627836E-1;1,627352E-1;1,644895E-1;9,531670E-1;;
02/12/2021  12:47:18,056463;9,620534E-1;1,296029E-1;1,287892E-1;9,537500E-1;;
02/12/2021  12:47:18,056563;9,621011E-1;1,359745E-1;1,379512E-1;9,543220E-1;;
02/12/2021  12:47:18,056663;9,607510E-1;1,095324E-1;1,183634E-1;9,548820E-1;;
02/12/2021  12:47:18,056763;9,600685E-1;1,378860E-1;1,325804E-1;9,554288E-1;;
02/12/2021  12:47:18,056863;9,604202E-1;1,331073E-1;1,360556E-1;9,559611E-1;;
02/12/2021  12:47:18,056963;9,606407E-1;1,257800E-1;1,212068E-1;9,564778E-1;;
02/12/2021  12:47:18,057063;9,603636E-1;1,219570E-1;1,306848E-1;9,569779E-1;;
02/12/2021  12:47:18,057163;9,597109E-1;1,353374E-1;1,354238E-1;9,574605E-1;;
02/12/2021  12:47:18,057263;9,589241E-1;7,289568E-2;8,045158E-2;9,579248E-1;;
02/12/2021  12:47:18,057363;9,599225E-1;9,678918E-2;1,003553E-1;9,583698E-1;;
02/12/2021  12:47:18,057463;9,599076E-1;1,146297E-1;1,170997E-1;9,587949E-1;;
02/12/2021  12:47:18,057563;9,594903E-1;1,057094E-1;1,281573E-1;9,591996E-1;;
02/12/2021  12:47:18,057663;9,588466E-1;1,315144E-1;1,392149E-1;9,595833E-1;;
02/12/2021  12:47:18,057763;9,587900E-1;1,127182E-1;1,152041E-1;9,599457E-1;;
02/12/2021  12:47:18,057863;9,595440E-1;6,270112E-2;1,038306E-1;9,602865E-1;;
02/12/2021  12:47:18,057963;9,590403E-1;1,267357E-1;1,284732E-1;9,606053E-1;;
02/12/2021  12:47:18,058063;9,581075E-1;1,225942E-1;1,297370E-1;9,609022E-1;;
02/12/2021  12:47:18,058163;9,562746E-1;1,321516E-1;1,401627E-1;9,611770E-1;;
02/12/2021  12:47:18,058263;9,565399E-1;1,149482E-1;1,196272E-1;9,614294E-1;;
02/12/2021  12:47:18,058363;9,564683E-1;1,197269E-1;1,101492E-1;9,616590E-1;;
02/12/2021  12:47:18,058463;9,555862E-1;1,452133E-1;1,404787E-1;9,618656E-1;;
02/12/2021  12:47:18,058563;9,548888E-1;1,448948E-1;1,322644E-1;9,620492E-1;;
02/12/2021  12:47:18,058663;9,533271E-1;1,413904E-1;1,341600E-1;9,622093E-1;;
02/12/2021  12:47:18,058763;9,537026E-1;1,060280E-1;1,170997E-1;9,623459E-1;;
02/12/2021  12:47:18,058863;9,537592E-1;1,139925E-1;9,972343E-2;9,624586E-1;;
02/12/2021  12:47:18,058963;9,527996E-1;1,257800E-1;1,253139E-1;9,625474E-1;;
02/12/2021  12:47:18,059063;9,523585E-1;1,152668E-1;1,202590E-1;9,626122E-1;;
02/12/2021  12:47:18,059163;9,510442E-1;1,060280E-1;1,110970E-1;9,626532E-1;;
02/12/2021  12:47:18,059263;9,508862E-1;1,079395E-1;1,205749E-1;9,626702E-1;;
02/12/2021  12:47:18,059363;9,512558E-1;1,423461E-1;1,231024E-1;9,626633E-1;;
02/12/2021  12:47:18,059463;9,510680E-1;1,088952E-1;1,158360E-1;9,626326E-1;;
02/12/2021  12:47:18,059563;9,490086E-1;1,025236E-1;1,142563E-1;9,625785E-1;;
02/12/2021  12:47:18,059663;9,488149E-1;4,231200E-2;7,666040E-2;9,625012E-1;;
02/12/2021  12:47:18,059763;9,489282E-1;1,063466E-1;1,155200E-1;9,624008E-1;;
02/12/2021  12:47:18,059863;9,487911E-1;1,184526E-1;1,809180E-1;9,622777E-1;;
02/12/2021  12:47:18,059963;9,474231E-1;1,305587E-1;1,246821E-1;9,621324E-1;;
02/12/2021  12:47:18,060063;9,460283E-1;2,372830E-1;2,204095E-1;9,619650E-1;;
02/12/2021  12:47:18,060163;9,447706E-1;1,136739E-1;1,227865E-1;9,617761E-1;;
02/12/2021  12:47:18,060263;9,445084E-1;1,359745E-1;1,335282E-1;9,615656E-1;;
02/12/2021  12:47:18,060363;9,438825E-1;1,229127E-1;1,351078E-1;9,613338E-1;;
02/12/2021  12:47:18,060463;9,429169E-1;1,270543E-1;1,303688E-1;9,610808E-1;;
02/12/2021  12:47:18,060563;9,415430E-1;1,382046E-1;1,430061E-1;9,608069E-1;;
02/12/2021  12:47:18,060663;9,404045E-1;1,426647E-1;1,265777E-1;9,605121E-1;;
02/12/2021  12:47:18,060763;9,415817E-1;1,299215E-1;1,234183E-1;9,601967E-1;;
02/12/2021  12:47:18,060863;9,407174E-1;1,251428E-1;1,297370E-1;9,598608E-1;;
02/12/2021  12:47:18,060963;9,396147E-1;1,324701E-1;1,354238E-1;9,595050E-1;;
02/12/2021  12:47:18,061063;9,394598E-1;1,315144E-1;1,164678E-1;9,591296E-1;;
02/12/2021  12:47:18,061163;9,388786E-1;9,392196E-2;8,108345E-2;9,587353E-1;;
02/12/2021  12:47:18,061263;9,397101E-1;1,229127E-1;1,265777E-1;9,583225E-1;;
02/12/2021  12:47:18,061363;9,392124E-1;1,235499E-1;1,240502E-1;9,578920E-1;;
02/12/2021  12:47:18,061463;9,388607E-1;1,350188E-1;1,354238E-1;9,574448E-1;;
02/12/2021  12:47:18,061563;9,376269E-1;1,289658E-1;1,319485E-1;9,569818E-1;;
02/12/2021  12:47:18,061663;9,378504E-1;1,283286E-1;1,243661E-1;9,565038E-1;;
02/12/2021  12:47:18,061763;9,380858E-1;1,216384E-1;1,265777E-1;9,560118E-1;;
02/12/2021  12:47:18,061863;9,384941E-1;1,162226E-1;1,287892E-1;9,555068E-1;;
02/12/2021  12:47:18,061963;9,371262E-1;1,289658E-1;1,414265E-1;9,549901E-1;;
02/12/2021  12:47:18,062063;9,365152E-1;1,531778E-1;1,600664E-1;9,544626E-1;;
02/12/2021  12:47:18,062163;9,362112E-1;1,382046E-1;1,291051E-1;9,539255E-1;;
02/12/2021  12:47:18,062263;9,363155E-1;1,308772E-1;1,126766E-1;9,533797E-1;;
02/12/2021  12:47:18,062363;9,354781E-1;1,251428E-1;1,351078E-1;9,528263E-1;;
02/12/2021  12:47:18,062463;9,347956E-1;1,347002E-1;1,338441E-1;9,522662E-1;;
02/12/2021  12:47:18,062563;9,332786E-1;1,318330E-1;1,382671E-1;9,517003E-1;;
02/12/2021  12:47:18,062663;9,327898E-1;1,563636E-1;2,087200E-1;9,511293E-1;;
02/12/2021  12:47:18,062763;9,332518E-1;1,528593E-1;1,888163E-1;9,505538E-1;;
02/12/2021  12:47:18,062863;9,310106E-1;1,391603E-1;1,360556E-1;9,499744E-1;;
02/12/2021  12:47:18,062963;9,295592E-1;1,127182E-1;1,028828E-1;9,493915E-1;;
02/12/2021  12:47:18,063063;9,281227E-1;1,238685E-1;1,082536E-1;9,488055E-1;;
02/12/2021  12:47:18,063163;9,278753E-1;1,219570E-1;1,095173E-1;9,482163E-1;;
02/12/2021  12:47:18,063263;9,279886E-1;1,378860E-1;1,534319E-1;9,476239E-1;;
02/12/2021  12:47:18,063363;9,270587E-1;1,305587E-1;1,313166E-1;9,470285E-1;;
02/12/2021  12:47:18,063463;9,259262E-1;1,254614E-1;1,218387E-1;9,464301E-1;;
02/12/2021  12:47:18,063563;9,256222E-1;9,997498E-2;9,814378E-2;9,458289E-1;;
02/12/2021  12:47:18,063663;9,263584E-1;1,254614E-1;1,148882E-1;9,452250E-1;;
02/12/2021  12:47:18,063763;9,261766E-1;1,407532E-1;1,373193E-1;9,446185E-1;;
02/12/2021  12:47:18,063863;9,259620E-1;1,178155E-1;1,246821E-1;9,440100E-1;;
02/12/2021  12:47:18,063963;9,252378E-1;1,159040E-1;1,218387E-1;9,433999E-1;;
02/12/2021  12:47:18,064063;9,243049E-1;1,343816E-1;1,436380E-1;9,427887E-1;;
02/12/2021  12:47:18,064163;9,246536E-1;1,461691E-1;1,385831E-1;9,421768E-1;;
02/12/2021  12:47:18,064263;9,247311E-1;1,920446E-1;2,061925E-1;9,415646E-1;;
02/12/2021  12:47:18,064363;9,245404E-1;1,245056E-1;1,322644E-1;9,409528E-1;;
02/12/2021  12:47:18,064463;9,241440E-1;6,939130E-2;8,076751E-2;9,403419E-1;;
02/12/2021  12:47:18,064563;9,233065E-1;1,464877E-1;1,354238E-1;9,397325E-1;;
02/12/2021  12:47:18,064663;9,246208E-1;1,477620E-1;1,370034E-1;9,391252E-1;;
02/12/2021  12:47:18,064763;9,248652E-1;1,503106E-1;1,521681E-1;9,385207E-1;;
02/12/2021  12:47:18,064863;9,244927E-1;1,515849E-1;1,310007E-1;9,379199E-1;;
02/12/2021  12:47:18,064963;9,241976E-1;1,595494E-1;1,562753E-1;9,373235E-1;;
02/12/2021  12:47:18,065063;9,237774E-1;1,289658E-1;1,253139E-1;9,367324E-1;;
02/12/2021  12:47:18,065163;9,249189E-1;1,650702E-2;7,571260E-2;9,361473E-1;;
02/12/2021  12:47:18,065263;9,260454E-1;1,143111E-1;1,189953E-1;9,355692E-1;;
02/12/2021  12:47:18,065363;9,259381E-1;1,139925E-1;1,189953E-1;9,349989E-1;;
02/12/2021  12:47:18,065463;9,252020E-1;1,292843E-1;1,379512E-1;9,344377E-1;;
02/12/2021  12:47:18,065563;9,260067E-1;1,139925E-1;1,183634E-1;9,338864E-1;;
02/12/2021  12:47:18,065663;9,277263E-1;1,194084E-1;1,351078E-1;9,333461E-1;;
02/12/2021  12:47:18,065763;9,279409E-1;9,169190E-2;1,129926E-1;9,328179E-1;;
02/12/2021  12:47:18,065863;9,277949E-1;1,174969E-1;1,256299E-1;9,323029E-1;;
02/12/2021  12:47:18,065963;9,275117E-1;1,133553E-1;1,076217E-1;9,318025E-1;;
02/12/2021  12:47:18,066063;9,274193E-1;1,047537E-1;1,110970E-1;9,313175E-1;;
02/12/2021  12:47:18,066163;9,286025E-1;9,296622E-2;1,013031E-1;9,308487E-1;;
02/12/2021  12:47:18,066263;9,291569E-1;1,251428E-1;1,344760E-1;9,303971E-1;;
02/12/2021  12:47:18,066363;9,288409E-1;1,213198E-1;1,815498E-1;9,299636E-1;;
02/12/2021  12:47:18,066463;9,283432E-1;1,018865E-1;1,050943E-1;9,295488E-1;;
02/12/2021  12:47:18,066563;9,287992E-1;9,774492E-2;1,088855E-1;9,291535E-1;;
02/12/2021  12:47:18,066663;9,295383E-1;8,149734E-2;1,240502E-1;9,287780E-1;;
02/12/2021  12:47:18,066763;9,304414E-1;1,085766E-1;1,098333E-1;9,284230E-1;;
02/12/2021  12:47:18,066863;9,302625E-1;9,806350E-2;1,110970E-1;9,280889E-1;;
02/12/2021  12:47:18,066963;9,297142E-1;1,092138E-1;1,253139E-1;9,277762E-1;;
02/12/2021  12:47:18,067063;9,303996E-1;1,002936E-1;1,057261E-1;9,274851E-1;;
02/12/2021  12:47:18,067163;9,310225E-1;7,225852E-2;8,045158E-2;9,272159E-1;;
02/12/2021  12:47:18,067263;9,318659E-1;1,235499E-1;1,325804E-1;9,269688E-1;;
02/12/2021  12:47:18,067363;9,310821E-1;1,171783E-1;1,262617E-1;9,267440E-1;;
02/12/2021  12:47:18,067463;9,311149E-1;1,197269E-1;1,243661E-1;9,265416E-1;;
02/12/2021  12:47:18,067563;9,321163E-1;1,286472E-1;1,322644E-1;9,263615E-1;;
02/12/2021  12:47:18,067663;9,334276E-1;1,611423E-1;1,303688E-1;9,262036E-1;;
02/12/2021  12:47:18,067763;9,334425E-1;1,579565E-1;1,379512E-1;9,260680E-1;;
02/12/2021  12:47:18,067863;9,330253E-1;1,452133E-1;1,338441E-1;9,259548E-1;;
02/12/2021  12:47:18,067963;9,328345E-1;1,665582E-1;1,493248E-1;9,258637E-1;;
02/12/2021  12:47:18,068063;9,325842E-1;1,837615E-1;1,676488E-1;9,257945E-1;;
02/12/2021  12:47:18,068163;9,329627E-1;1,611423E-1;1,354238E-1;9,257468E-1;;
02/12/2021  12:47:18,068263;9,334604E-1;1,286472E-1;1,407946E-1;9,257200E-1;;
02/12/2021  12:47:18,068363;9,335319E-1;1,490363E-1;1,411105E-1;9,257135E-1;;
02/12/2021  12:47:18,068463;9,325425E-1;1,544522E-1;1,471132E-1;9,257269E-1;;
02/12/2021  12:47:18,068563;9,338508E-1;1,216384E-1;1,253139E-1;9,257593E-1;;
02/12/2021  12:47:18,068663;9,350251E-1;9,742634E-2;1,499566E-1;9,258102E-1;;
02/12/2021  12:47:18,068763;9,344886E-1;1,174969E-1;1,044624E-1;9,258789E-1;;
02/12/2021  12:47:18,068863;9,339939E-1;-1,981110E-2;6,907803E-2;9,259648E-1;;
02/12/2021  12:47:18,068963;9,330223E-1;1,292843E-1;1,335282E-1;9,260671E-1;;
02/12/2021  12:47:18,069063;9,345899E-1;-3,733300E-2;1,180475E-1;9,261851E-1;;
02/12/2021  12:47:18,069163;9,351651E-1;1,327887E-1;1,373193E-1;9,263178E-1;;
02/12/2021  12:47:18,069263;9,361874E-1;1,197269E-1;1,202590E-1;9,264644E-1;;
02/12/2021  12:47:18,069363;9,355973E-1;1,082581E-1;1,730197E-1;9,266245E-1;;
02/12/2021  12:47:18,069463;9,353082E-1;1,206827E-1;1,253139E-1;9,267973E-1;;
02/12/2021  12:47:18,069563;9,366016E-1;4,645354E-2;8,740209E-2;9,269821E-1;;
02/12/2021  12:47:18,069663;9,374957E-1;1,044351E-1;1,161519E-1;9,271783E-1;;
02/12/2021  12:47:18,069763;9,384971E-1;1,321516E-1;1,297370E-1;9,273855E-1;;
02/12/2021  12:47:18,069863;9,376746E-1;6,047106E-2;9,087734E-2;9,276032E-1;;
02/12/2021  12:47:18,069963;9,376507E-1;1,114439E-1;1,202590E-1;9,278310E-1;;
02/12/2021  12:47:18,070063;9,388935E-1;9,806350E-2;1,272095E-1;9,280684E-1;;
02/12/2021  12:47:18,070163;9,400290E-1;1,171783E-1;1,240502E-1;9,283150E-1;;
02/12/2021  12:47:18,070263;9,403628E-1;1,334259E-1;1,328963E-1;9,285704E-1;;
02/12/2021  12:47:18,070363;9,399694E-1;9,392196E-2;1,044624E-1;9,288345E-1;;
02/12/2021  12:47:18,070463;9,396714E-1;1,222756E-1;1,297370E-1;9,291068E-1;;
02/12/2021  12:47:18,070563;9,421212E-1;2,956880E-2;7,760819E-2;9,293870E-1;;
02/12/2021  12:47:18,070663;9,430838E-1;1,222756E-1;1,316326E-1;9,296748E-1;;
02/12/2021  12:47:18,070763;9,432119E-1;1,299215E-1;1,392149E-1;9,299703E-1;;
02/12/2021  12:47:18,070863;9,425384E-1;1,225942E-1;1,354238E-1;9,302733E-1;;
02/12/2021  12:47:18,070963;9,428990E-1;1,213198E-1;1,291051E-1;9,305836E-1;;
02/12/2021  12:47:18,071063;9,438408E-1;1,413904E-1;1,812339E-1;9,309012E-1;;
02/12/2021  12:47:18,071163;9,450538E-1;1,327887E-1;1,325804E-1;9,312256E-1;;
02/12/2021  12:47:18,071263;9,453190E-1;1,257800E-1;1,297370E-1;9,315567E-1;;
02/12/2021  12:47:18,071363;9,447319E-1;1,257800E-1;1,335282E-1;9,318946E-1;;
02/12/2021  12:47:18,071463;9,455843E-1;1,152668E-1;1,325804E-1;9,322390E-1;;
02/12/2021  12:47:18,071563;9,464664E-1;1,350188E-1;1,407946E-1;9,325897E-1;;
02/12/2021  12:47:18,071663;9,472979E-1;1,206827E-1;1,215227E-1;9,329464E-1;;
02/12/2021  12:47:18,071763;9,474142E-1;1,117624E-1;9,719598E-2;9,333092E-1;;
02/12/2021  12:47:18,071863;9,467198E-1;1,130368E-1;9,940750E-2;9,336779E-1;;
02/12/2021  12:47:18,071963;9,461982E-1;1,127182E-1;1,272095E-1;9,340521E-1;;
02/12/2021  12:47:18,072063;9,474499E-1;9,551486E-2;1,019350E-1;9,344316E-1;;
02/12/2021  12:47:18,072163;9,482963E-1;1,267357E-1;1,256299E-1;9,348157E-1;;
02/12/2021  12:47:18,072263;9,480847E-1;1,251428E-1;1,237343E-1;9,352041E-1;;
02/12/2021  12:47:18,072363;9,470595E-1;1,324701E-1;1,338441E-1;9,355965E-1;;
02/12/2021  12:47:18,072463;9,475006E-1;1,238685E-1;1,000394E-1;9,359924E-1;;
02/12/2021  12:47:18,072563;9,484543E-1;1,248242E-1;1,148882E-1;9,363911E-1;;
02/12/2021  12:47:18,072663;9,488090E-1;1,327887E-1;1,287892E-1;9,367921E-1;;
02/12/2021  12:47:18,072763;9,478344E-1;1,171783E-1;1,259458E-1;9,371949E-1;;
02/12/2021  12:47:18,072863;9,469284E-1;1,283286E-1;1,341600E-1;9,375989E-1;;
02/12/2021  12:47:18,072963;9,476466E-1;1,331073E-1;1,256299E-1;9,380033E-1;;
02/12/2021  12:47:18,073063;9,476913E-1;1,299215E-1;1,328963E-1;9,384074E-1;;
02/12/2021  12:47:18,073163;9,480222E-1;7,608148E-2;9,308886E-2;9,388103E-1;;
02/12/2021  12:47:18,073263;9,479149E-1;1,366117E-1;1,322644E-1;9,392114E-1;;
02/12/2021  12:47:18,073363;9,471221E-1;1,343816E-1;1,328963E-1;9,396099E-1;;
02/12/2021  12:47:18,073463;9,476019E-1;1,092138E-1;1,174156E-1;9,400051E-1;;
02/12/2021  12:47:18,073563;9,483470E-1;1,280100E-1;1,385831E-1;9,403964E-1;;
02/12/2021  12:47:18,073663;9,477867E-1;1,270543E-1;1,265777E-1;9,407829E-1;;
02/12/2021  12:47:18,073763;9,462727E-1;1,331073E-1;1,483770E-1;9,411641E-1;;
02/12/2021  12:47:18,073863;9,447021E-1;1,104881E-1;1,098333E-1;9,415392E-1;;
02/12/2021  12:47:18,073963;9,447230E-1;1,506292E-1;1,388990E-1;9,419072E-1;;
02/12/2021  12:47:18,074063;9,446753E-1;1,264171E-1;1,265777E-1;9,422668E-1;;
02/12/2021  12:47:18,074163;9,443921E-1;1,260985E-1;1,354238E-1;9,426170E-1;;
02/12/2021  12:47:18,074263;9,422761E-1;1,184526E-1;1,297370E-1;9,429567E-1;;
02/12/2021  12:47:18,074363;9,402942E-1;1,053908E-1;1,060421E-1;9,432848E-1;;
02/12/2021  12:47:18,074463;9,406847E-1;1,139925E-1;1,316326E-1;9,435998E-1;;
02/12/2021  12:47:18,074563;9,407115E-1;1,276914E-1;1,319485E-1;9,439002E-1;;
02/12/2021  12:47:18,074663;9,402644E-1;1,522221E-1;1,802861E-1;9,441850E-1;;
02/12/2021  12:47:18,074763;9,387683E-1;1,350188E-1;1,313166E-1;9,444528E-1;;
02/12/2021  12:47:18,074863;9,378981E-1;1,044351E-1;1,104651E-1;9,447026E-1;;
02/12/2021  12:47:18,074963;9,386253E-1;1,184526E-1;1,234183E-1;9,449333E-1;;
02/12/2021  12:47:18,075063;9,385746E-1;1,276914E-1;1,237343E-1;9,451440E-1;;
02/12/2021  12:47:18,075163;9,389114E-1;1,248242E-1;1,322644E-1;9,453338E-1;;
02/12/2021  12:47:18,075263;9,383570E-1;9,105474E-2;1,088855E-1;9,455024E-1;;
02/12/2021  12:47:18,075363;9,377669E-1;1,203641E-1;1,152041E-1;9,456493E-1;;
02/12/2021  12:47:18,075463;9,391289E-1;1,343816E-1;1,970305E-1;9,457744E-1;;
02/12/2021  12:47:18,075563;9,394925E-1;1,123996E-1;1,231024E-1;9,458776E-1;;
02/12/2021  12:47:18,075663;9,398859E-1;1,109116E-2;6,275939E-2;9,459593E-1;;
02/12/2021  12:47:18,075763;9,384345E-1;1,200455E-1;1,347919E-1;9,460198E-1;;
02/12/2021  12:47:18,075863;9,381961E-1;1,238685E-1;1,259458E-1;9,460595E-1;;
02/12/2021  12:47:18,075963;9,385359E-1;1,022050E-1;9,624818E-2;9,460790E-1;;
02/12/2021  12:47:18,076063;9,384524E-1;1,152668E-1;1,136244E-1;9,460786E-1;;
02/12/2021  12:47:18,076163;9,381842E-1;1,088952E-1;9,814378E-2;9,460589E-1;;
02/12/2021  12:47:18,076263;9,362440E-1;1,184526E-1;1,268936E-1;9,460205E-1;;
02/12/2021  12:47:18,076363;9,361397E-1;1,362931E-1;1,354238E-1;9,459638E-1;;
02/12/2021  12:47:18,076463;9,371411E-1;1,200455E-1;1,013031E-1;9,458892E-1;;
02/12/2021  12:47:18,076563;9,373020E-1;1,149482E-1;1,202590E-1;9,457972E-1;;
02/12/2021  12:47:18,076663;9,367060E-1;1,190898E-1;1,231024E-1;9,456885E-1;;
02/12/2021  12:47:18,076763;9,351949E-1;1,420275E-1;1,300529E-1;9,455638E-1;;
02/12/2021  12:47:18,076863;9,350310E-1;1,385232E-1;1,174156E-1;9,454236E-1;;
02/12/2021  12:47:18,076963;9,368669E-1;1,190898E-1;1,145722E-1;9,452686E-1;;
02/12/2021  12:47:18,077063;9,373110E-1;1,127182E-1;1,240502E-1;9,450993E-1;;
02/12/2021  12:47:18,077163;9,372841E-1;1,353374E-1;1,401627E-1;9,449169E-1;;
02/12/2021  12:47:18,077263;9,370099E-1;1,382046E-1;1,354238E-1;9,447224E-1;;
02/12/2021  12:47:18,077363;9,376447E-1;1,327887E-1;1,262617E-1;9,445169E-1;;
02/12/2021  12:47:18,077463;9,387922E-1;1,238685E-1;1,177316E-1;9,443016E-1;;
02/12/2021  12:47:18,077563;9,393048E-1;1,468062E-1;1,322644E-1;9,440778E-1;;
02/12/2021  12:47:18,077663;9,381067E-1;1,296029E-1;9,782784E-2;9,438469E-1;;
02/12/2021  12:47:18,077763;9,367745E-1;1,436204E-1;1,300529E-1;9,436101E-1;;
02/12/2021  12:47:18,077863;9,371768E-1;1,251428E-1;1,231024E-1;9,433685E-1;;
02/12/2021  12:47:18,077963;9,374779E-1;1,117624E-1;1,310007E-1;9,431230E-1;;
02/12/2021  12:47:18,078063;9,375226E-1;1,190898E-1;1,287892E-1;9,428745E-1;;
02/12/2021  12:47:18,078163;9,366404E-1;1,219570E-1;1,265777E-1;9,426238E-1;;
02/12/2021  12:47:18,078263;9,351175E-1;1,184526E-1;1,136244E-1;9,423717E-1;;
02/12/2021  12:47:18,078363;9,350012E-1;4,963934E-2;7,350108E-2;9,421187E-1;;
02/12/2021  12:47:18,078463;9,357433E-1;1,139925E-1;1,202590E-1;9,418652E-1;;
02/12/2021  12:47:18,078563;9,354542E-1;1,200455E-1;1,275255E-1;9,416117E-1;;
02/12/2021  12:47:18,078663;9,352098E-1;1,088952E-1;1,145722E-1;9,413584E-1;;
02/12/2021  12:47:18,078763;9,338300E-1;8,086018E-2;1,066739E-1;9,411058E-1;;
02/12/2021  12:47:18,078863;9,344677E-1;9,392196E-2;1,095173E-1;9,408541E-1;;
02/12/2021  12:47:18,078963;9,354125E-1;1,079395E-1;1,180475E-1;9,406037E-1;;
02/12/2021  12:47:18,079063;9,352635E-1;9,742634E-2;1,158360E-1;9,403547E-1;;
02/12/2021  12:47:18,079163;9,343545E-1;9,169190E-2;1,047783E-1;9,401077E-1;;
02/12/2021  12:47:18,079263;9,338091E-1;9,073616E-2;1,066739E-1;9,398630E-1;;
02/12/2021  12:47:18,079363;9,348701E-1;1,037979E-1;1,227865E-1;9,396207E-1;;
02/12/2021  12:47:18,079463;9,358864E-1;1,047537E-1;1,208909E-1;9,393813E-1;;
02/12/2021  12:47:18,079563;9,353142E-1;8,723178E-2;1,095173E-1;9,391450E-1;;
02/12/2021  12:47:18,079663;9,342651E-1;9,041758E-2;9,877564E-2;9,389125E-1;;
02/12/2021  12:47:18,079763;9,339998E-1;8,595746E-2;1,009872E-1;9,386839E-1;;
02/12/2021  12:47:18,079863;9,344916E-1;8,309024E-2;6,244346E-2;9,384595E-1;;
02/12/2021  12:47:18,079963;9,351502E-1;1,095324E-1;1,193112E-1;9,382394E-1;;
02/12/2021  12:47:18,080063;9,351353E-1;1,015679E-1;1,158360E-1;9,380241E-1;;
02/12/2021  12:47:18,080163;9,344499E-1;1,190898E-1;1,414265E-1;9,378136E-1;;
02/12/2021  12:47:18,080263;9,346674E-1;1,305587E-1;1,423743E-1;9,376084E-1;;
02/12/2021  12:47:18,080363;9,354989E-1;1,426647E-1;1,452176E-1;9,374086E-1;;
02/12/2021  12:47:18,080463;9,366970E-1;1,302401E-1;1,376353E-1;9,372145E-1;;
02/12/2021  12:47:18,080563;9,359519E-1;1,337445E-1;1,275255E-1;9,370266E-1;;
02/12/2021  12:47:18,080663;9,351711E-1;1,315144E-1;1,044624E-1;9,368453E-1;;
02/12/2021  12:47:18,080763;9,356539E-1;1,684697E-1;1,474292E-1;9,366709E-1;;
02/12/2021  12:47:18,080863;9,371917E-1;1,773899E-1;1,922915E-1;9,365035E-1;;
02/12/2021  12:47:18,080963;9,376388E-1;1,757970E-1;1,625939E-1;9,363437E-1;;
02/12/2021  12:47:18,081063;9,374331E-1;1,738855E-1;1,562753E-1;9,361917E-1;;
02/12/2021  12:47:18,081163;9,367775E-1;1,366117E-1;1,467973E-1;9,360482E-1;;
02/12/2021  12:47:18,081263;9,370189E-1;3,721472E-2;6,655058E-2;9,359135E-1;;
02/12/2021  12:47:18,081363;9,387743E-1;1,394789E-1;1,300529E-1;9,357876E-1;;
02/12/2021  12:47:18,081463;9,387504E-1;1,241871E-1;1,120448E-1;9,356712E-1;;
02/12/2021  12:47:18,081563;9,386193E-1;1,420275E-1;1,423743E-1;9,355644E-1;;
02/12/2021  12:47:18,081663;9,377103E-1;1,388417E-1;1,360556E-1;9,354677E-1;;
02/12/2021  12:47:18,081763;9,386521E-1;1,213198E-1;9,972343E-2;9,353812E-1;;
02/12/2021  12:47:18,081863;9,393703E-1;5,569236E-2;7,634447E-2;9,353052E-1;;
02/12/2021  12:47:18,081963;9,407025E-1;1,187712E-1;1,117289E-1;9,352396E-1;;
02/12/2021  12:47:18,082063;9,402764E-1;1,152668E-1;1,234183E-1;9,351850E-1;;
02/12/2021  12:47:18,082163;9,390634E-1;1,060280E-1;1,145722E-1;9,351416E-1;;
02/12/2021  12:47:18,082263;9,403360E-1;1,248242E-1;1,335282E-1;9,351094E-1;;
02/12/2021  12:47:18,082363;9,410930E-1;1,391603E-1;1,594346E-1;9,350885E-1;;
02/12/2021  12:47:18,082463;9,417933E-1;1,375674E-1;1,275255E-1;9,350790E-1;;
02/12/2021  12:47:18,082563;9,412956E-1;1,088952E-1;1,006712E-1;9,350811E-1;;
02/12/2021  12:47:18,082663;9,406459E-1;6,939130E-2;1,417424E-1;9,350948E-1;;
02/12/2021  12:47:18,082763;9,417695E-1;1,264171E-1;1,294210E-1;9,351202E-1;;
02/12/2021  12:47:18,082863;9,418947E-1;1,334259E-1;1,382671E-1;9,351571E-1;;
02/12/2021  12:47:18,082963;9,428186E-1;1,276914E-1;1,291051E-1;9,352053E-1;;
02/12/2021  12:47:18,083063;9,425056E-1;1,280100E-1;1,205749E-1;9,352650E-1;;
02/12/2021  12:47:18,083163;9,415072E-1;1,413904E-1;1,341600E-1;9,353359E-1;;
02/12/2021  12:47:18,083263;9,429795E-1;1,219570E-1;1,641736E-1;9,354178E-1;;
02/12/2021  12:47:18,083363;9,437424E-1;1,280100E-1;1,338441E-1;9,355105E-1;;
02/12/2021  12:47:18,083463;9,441418E-1;1,283286E-1;1,430061E-1;9,356138E-1;;
02/12/2021  12:47:18,083563;9,429765E-1;1,283286E-1;1,253139E-1;9,357276E-1;;
02/12/2021  12:47:18,083663;9,423387E-1;1,213198E-1;1,268936E-1;9,358516E-1;;
02/12/2021  12:47:18,083763;9,436799E-1;1,047537E-1;1,035146E-1;9,359853E-1;;
02/12/2021  12:47:18,083863;9,434355E-1;1,353374E-1;1,275255E-1;9,361284E-1;;
02/12/2021  12:47:18,083963;9,432000E-1;1,187712E-1;1,388990E-1;9,362803E-1;;
02/12/2021  12:47:18,084063;9,426427E-1;1,251428E-1;1,328963E-1;9,364405E-1;;
02/12/2021  12:47:18,084163;9,418231E-1;1,391603E-1;1,392149E-1;9,366083E-1;;
02/12/2021  12:47:18,084263;9,429199E-1;1,570008E-1;1,727037E-1;9,367830E-1;;
02/12/2021  12:47:18,084363;9,438438E-1;1,104881E-1;1,120448E-1;9,369639E-1;;
02/12/2021  12:47:18,084463;9,426308E-1;1,299215E-1;1,205749E-1;9,371503E-1;;
02/12/2021  12:47:18,084563;9,411168E-1;7,225852E-2;1,477451E-1;9,373416E-1;;
02/12/2021  12:47:18,084663;9,407711E-1;1,382046E-1;1,436380E-1;9,375368E-1;;
02/12/2021  12:47:18,084763;9,420794E-1;9,073616E-2;9,972343E-2;9,377350E-1;;
02/12/2021  12:47:18,084863;9,429825E-1;1,238685E-1;1,316326E-1;9,379353E-1;;
02/12/2021  12:47:18,084963;9,427172E-1;1,241871E-1;1,208909E-1;9,381369E-1;;
02/12/2021  12:47:18,085063;9,421688E-1;1,216384E-1;1,420583E-1;9,383393E-1;;
02/12/2021  12:47:18,085163;9,426427E-1;1,359745E-1;1,347919E-1;9,385420E-1;;
02/12/2021  12:47:18,085263;9,435100E-1;9,041758E-2;3,748483E-2;9,387442E-1;;
02/12/2021  12:47:18,085363;9,432418E-1;1,174969E-1;1,268936E-1;9,389457E-1;;
02/12/2021  12:47:18,085463;9,419841E-1;1,423461E-1;1,426902E-1;9,391460E-1;;
02/12/2021  12:47:18,085563;9,410602E-1;1,366117E-1;1,310007E-1;9,393445E-1;;
02/12/2021  12:47:18,085663;9,414953E-1;3,721472E-2;5,454516E-2;9,395406E-1;;
02/12/2021  12:47:18,085763;9,417695E-1;1,260985E-1;1,275255E-1;9,397335E-1;;
02/12/2021  12:47:18,085863;9,416443E-1;1,359745E-1;1,379512E-1;9,399227E-1;;
02/12/2021  12:47:18,085963;9,398174E-1;1,455319E-1;1,328963E-1;9,401076E-1;;
02/12/2021  12:47:18,086063;9,384852E-1;1,162226E-1;1,221546E-1;9,402874E-1;;
02/12/2021  12:47:18,086163;9,385984E-1;-7,588118E-2;3,685297E-2;9,404613E-1;;
02/12/2021  12:47:18,086263;9,387862E-1;1,283286E-1;1,221546E-1;9,406282E-1;;
02/12/2021  12:47:18,086363;9,388369E-1;1,461691E-1;1,433221E-1;9,407873E-1;;
02/12/2021  12:47:18,086463;9,381156E-1;1,286472E-1;2,077722E-1;9,409378E-1;;
02/12/2021  12:47:18,086563;9,374272E-1;1,203641E-1;1,243661E-1;9,410792E-1;;
02/12/2021  12:47:18,086663;9,375315E-1;1,315144E-1;1,275255E-1;9,412106E-1;;
02/12/2021  12:47:18,086763;9,385776E-1;1,331073E-1;1,483770E-1;9,413315E-1;;
02/12/2021  12:47:18,086863;9,381544E-1;1,455319E-1;1,341600E-1;9,414415E-1;;
02/12/2021  12:47:18,086963;9,372186E-1;1,254614E-1;1,376353E-1;9,415403E-1;;
02/12/2021  12:47:18,087063;9,370248E-1;1,216384E-1;1,268936E-1;9,416275E-1;;
02/12/2021  12:47:18,087163;9,372752E-1;1,362931E-1;1,401627E-1;9,417030E-1;;
02/12/2021  12:47:18,087263;9,381723E-1;1,324701E-1;1,376353E-1;9,417665E-1;;
02/12/2021  12:47:18,087363;9,371351E-1;1,276914E-1;1,231024E-1;9,418179E-1;;
02/12/2021  12:47:18,087463;9,360741E-1;1,165411E-1;1,268936E-1;9,418573E-1;;
02/12/2021  12:47:18,087563;9,347807E-1;1,302401E-1;1,351078E-1;9,418847E-1;;
02/12/2021  12:47:18,087663;9,352188E-1;1,487177E-1;1,455336E-1;9,418996E-1;;
02/12/2021  12:47:18,087763;9,358417E-1;1,302401E-1;1,265777E-1;9,419021E-1;;
02/12/2021  12:47:18,087863;9,347300E-1;1,302401E-1;1,351078E-1;9,418919E-1;;
02/12/2021  12:47:18,087963;9,337197E-1;1,241871E-1;1,256299E-1;9,418691E-1;;
02/12/2021  12:47:18,088063;9,337823E-1;1,347002E-1;1,379512E-1;9,418336E-1;;
02/12/2021  12:47:18,088163;9,346495E-1;1,327887E-1;1,227865E-1;9,417853E-1;;
02/12/2021  12:47:18,088263;9,350877E-1;1,267357E-1;1,196272E-1;9,417243E-1;;
02/12/2021  12:47:18,088363;9,343903E-1;1,305587E-1;1,284732E-1;9,416509E-1;;
02/12/2021  12:47:18,088463;9,333203E-1;1,356559E-1;1,398468E-1;9,415655E-1;;
02/12/2021  12:47:18,088563;9,331683E-1;1,614609E-1;1,761790E-1;9,414683E-1;;
02/12/2021  12:47:18,088663;9,341280E-1;1,433019E-1;2,175661E-1;9,413596E-1;;
02/12/2021  12:47:18,088763;9,342710E-1;1,347002E-1;1,306848E-1;9,412397E-1;;
02/12/2021  12:47:18,088863;9,333650E-1;1,018865E-1;1,174156E-1;9,411092E-1;;
02/12/2021  12:47:18,088963;9,318361E-1;1,455319E-1;1,518522E-1;9,409684E-1;;
02/12/2021  12:47:18,089063;9,309838E-1;1,343816E-1;1,366875E-1;9,408177E-1;;
02/12/2021  12:47:18,089163;9,320865E-1;5,696668E-2;9,340479E-2;9,406572E-1;;
02/12/2021  12:47:18,089263;9,308795E-1;1,197269E-1;1,227865E-1;9,404872E-1;;
02/12/2021  12:47:18,089363;9,300122E-1;1,522221E-1;1,471132E-1;9,403078E-1;;
02/12/2021  12:47:18,089463;9,283015E-1;1,436204E-1;1,363715E-1;9,401192E-1;;
02/12/2021  12:47:18,089563;9,281436E-1;1,194084E-1;1,069899E-1;9,399212E-1;;
02/12/2021  12:47:18,089663;9,282598E-1;1,136739E-1;1,050943E-1;9,397138E-1;;
02/12/2021  12:47:18,089763;9,288588E-1;1,270543E-1;1,284732E-1;9,394969E-1;;
02/12/2021  12:47:18,089863;9,277233E-1;1,388417E-1;1,385831E-1;9,392706E-1;;
02/12/2021  12:47:18,089963;9,264656E-1;1,264171E-1;1,287892E-1;9,390351E-1;;
02/12/2021  12:47:18,090063;9,272077E-1;8,850610E-2;9,340479E-2;9,387905E-1;;
02/12/2021  12:47:18,090163;9,282657E-1;1,308772E-1;1,297370E-1;9,385368E-1;;
02/12/2021  12:47:18,090263;9,282330E-1;6,206396E-2;7,381701E-2;9,382746E-1;;
02/12/2021  12:47:18,090363;9,270230E-1;1,318330E-1;1,325804E-1;9,380042E-1;;
02/12/2021  12:47:18,090463;9,265551E-1;1,292843E-1;1,297370E-1;9,377263E-1;;
02/12/2021  12:47:18,090563;9,265223E-1;1,308772E-1;1,224705E-1;9,374412E-1;;
02/12/2021  12:47:18,090663;9,270289E-1;1,356559E-1;1,300529E-1;9,371493E-1;;
02/12/2021  12:47:18,090763;9,272703E-1;1,356559E-1;1,275255E-1;9,368511E-1;;
02/12/2021  12:47:18,090863;9,266594E-1;1,213198E-1;1,363715E-1;9,365474E-1;;
02/12/2021  12:47:18,090963;9,258040E-1;1,123996E-1;1,145722E-1;9,362386E-1;;
02/12/2021  12:47:18,091063;9,269365E-1;1,503106E-1;1,524841E-1;9,359254E-1;;
02/12/2021  12:47:18,091163;9,274730E-1;1,324701E-1;1,524841E-1;9,356084E-1;;
02/12/2021  12:47:18,091263;9,278485E-1;1,194084E-1;1,249980E-1;9,352883E-1;;
02/12/2021  12:47:18,091363;9,271124E-1;1,136739E-1;1,259458E-1;9,349661E-1;;
02/12/2021  12:47:18,091463;9,267369E-1;1,165411E-1;1,212068E-1;9,346425E-1;;
02/12/2021  12:47:18,091563;9,271720E-1;1,210013E-1;1,079377E-1;9,343184E-1;;
02/12/2021  12:47:18,091663;9,285042E-1;1,044351E-1;1,180475E-1;9,339945E-1;;
02/12/2021  12:47:18,091763;9,283730E-1;1,006121E-1;1,152041E-1;9,336717E-1;;
02/12/2021  12:47:18,091863;9,284654E-1;9,997498E-2;1,117289E-1;9,333510E-1;;
02/12/2021  12:47:18,091963;9,286025E-1;1,073023E-1;1,063580E-1;9,330333E-1;;
02/12/2021  12:47:18,092063;9,300420E-1;1,076209E-1;1,148882E-1;9,327195E-1;;
02/12/2021  12:47:18,092163;9,311775E-1;1,073023E-1;1,164678E-1;9,324108E-1;;
02/12/2021  12:47:18,092263;9,314368E-1;1,114439E-1;1,237343E-1;9,321084E-1;;
02/12/2021  12:47:18,092363;9,309838E-1;9,328480E-2;1,174156E-1;9,318134E-1;;
02/12/2021  12:47:18,092463;9,316752E-1;7,671864E-2;1,284732E-1;9,315270E-1;;
02/12/2021  12:47:18,092563;9,332250E-1;9,392196E-2;1,092014E-1;9,312504E-1;;
02/12/2021  12:47:18,092663;9,343217E-1;9,041758E-2;1,057261E-1;9,309846E-1;;
02/12/2021  12:47:18,092763;9,349088E-1;9,870066E-2;1,174156E-1;9,307309E-1;;
02/12/2021  12:47:18,092863;9,345363E-1;9,933782E-2;1,180475E-1;9,304907E-1;;
02/12/2021  12:47:18,092963;9,357225E-1;1,496735E-1;1,657532E-1;9,302651E-1;;
02/12/2021  12:47:18,093063;9,371828E-1;5,919674E-2;1,174156E-1;9,300552E-1;;
02/12/2021  12:47:18,093163;9,374838E-1;1,018865E-1;1,180475E-1;9,298622E-1;;
02/12/2021  12:47:18,093263;9,375732E-1;1,101695E-1;1,196272E-1;9,296872E-1;;
02/12/2021  12:47:18,093363;9,364288E-1;1,843987E-1;1,458495E-1;9,295310E-1;;
02/12/2021  12:47:18,093463;9,365569E-1;5,441804E-2;5,896821E-2;9,293945E-1;;
02/12/2021  12:47:18,093563;9,375136E-1;1,318330E-1;1,240502E-1;9,292779E-1;;
02/12/2021  12:47:18,093663;9,370576E-1;1,522221E-1;1,357397E-1;9,291815E-1;;
02/12/2021  12:47:18,093763;9,370338E-1;1,560451E-1;1,483770E-1;9,291056E-1;;
02/12/2021  12:47:18,093863;9,362202E-1;1,378860E-1;1,332122E-1;9,290501E-1;;
02/12/2021  12:47:18,093963;9,364258E-1;1,468062E-1;1,224705E-1;9,290148E-1;;
02/12/2021  12:47:18,094063;9,371500E-1;8,563888E-2;9,593225E-2;9,289993E-1;;
02/12/2021  12:47:18,094163;9,374570E-1;1,697440E-1;1,597505E-1;9,290031E-1;;
02/12/2021  12:47:18,094263;9,373169E-1;1,624167E-1;1,546956E-1;9,290260E-1;;
02/12/2021  12:47:18,094363;9,365629E-1;1,391603E-1;1,275255E-1;9,290674E-1;;
02/12/2021  12:47:18,094463;9,383243E-1;9,105474E-2;1,016190E-1;9,291266E-1;;
02/12/2021  12:47:18,094563;9,392839E-1;1,264171E-1;1,101492E-1;9,292032E-1;;
02/12/2021  12:47:18,094663;9,402942E-1;9,551486E-2;9,688005E-2;9,292968E-1;;
02/12/2021  12:47:18,094763;9,401929E-1;1,178155E-1;1,243661E-1;9,294070E-1;;
02/12/2021  12:47:18,094863;9,404522E-1;1,079395E-1;1,161519E-1;9,295336E-1;;
02/12/2021  12:47:18,094963;9,414268E-1;1,159040E-1;1,085695E-1;9,296764E-1;;
02/12/2021  12:47:18,095063;9,431851E-1;1,264171E-1;1,202590E-1;9,298349E-1;;
02/12/2021  12:47:18,095163;9,428573E-1;1,155854E-1;1,205749E-1;9,300092E-1;;
02/12/2021  12:47:18,095263;9,430629E-1;4,900218E-2;7,350108E-2;9,301989E-1;;
02/12/2021  12:47:18,095363;9,423864E-1;1,133553E-1;1,092014E-1;9,304040E-1;;
02/12/2021  12:47:18,095463;9,431851E-1;1,241871E-1;1,401627E-1;9,306239E-1;;
02/12/2021  12:47:18,095563;9,437722E-1;1,270543E-1;1,534319E-1;9,308582E-1;;
02/12/2021  12:47:18,095663;9,436232E-1;1,130368E-1;1,183634E-1;9,311063E-1;;
02/12/2021  12:47:18,095763;9,425444E-1;1,088952E-1;9,435259E-2;9,313678E-1;;
02/12/2021  12:47:18,095863;9,414178E-1;1,162226E-1;1,240502E-1;9,316418E-1;;
02/12/2021  12:47:18,095963;9,423179E-1;9,105474E-2;8,234717E-2;9,319274E-1;;
02/12/2021  12:47:18,096063;9,426129E-1;1,041165E-1;1,196272E-1;9,322233E-1;;
02/12/2021  12:47:18,096163;9,427977E-1;1,200455E-1;1,278414E-1;9,325287E-1;;
02/12/2021  12:47:18,096263;9,418917E-1;1,133553E-1;1,196272E-1;9,328425E-1;;
02/12/2021  12:47:18,096363;9,416622E-1;1,362931E-1;1,354238E-1;9,331636E-1;;
02/12/2021  12:47:18,096463;9,431792E-1;1,337445E-1;1,332122E-1;9,334910E-1;;
02/12/2021  12:47:18,096563;9,434116E-1;1,050723E-1;1,161519E-1;9,338235E-1;;
02/12/2021  12:47:18,096663;9,438319E-1;1,337445E-1;1,458495E-1;9,341602E-1;;
02/12/2021  12:47:18,096763;9,436709E-1;1,302401E-1;1,303688E-1;9,345006E-1;;
02/12/2021  12:47:18,096863;9,440941E-1;1,369303E-1;1,328963E-1;9,348437E-1;;
02/12/2021  12:47:18,096963;9,453846E-1;1,152668E-1;1,287892E-1;9,351889E-1;;
02/12/2021  12:47:18,097063;9,465052E-1;1,286472E-1;1,284732E-1;9,355357E-1;;
02/12/2021  12:47:18,097163;9,459210E-1;2,956880E-2;5,549295E-2;9,358837E-1;;
02/12/2021  12:47:18,097263;9,450776E-1;1,311958E-1;1,632258E-1;9,362326E-1;;
02/12/2021  12:47:18,097363;9,451640E-1;1,222756E-1;1,240502E-1;9,365820E-1;;
02/12/2021  12:47:18,097463;9,460313E-1;1,229127E-1;1,379512E-1;9,369312E-1;;
02/12/2021  12:47:18,097563;9,464098E-1;1,187712E-1;1,237343E-1;9,372798E-1;;
02/12/2021  12:47:18,097663;9,461088E-1;1,101695E-1;1,079377E-1;9,376273E-1;;
02/12/2021  12:47:18,097763;9,451551E-1;2,383436E-2;8,740209E-2;9,379733E-1;;
02/12/2021  12:47:18,097863;9,450180E-1;1,372488E-1;1,417424E-1;9,383172E-1;;
02/12/2021  12:47:18,097963;9,459836E-1;9,647060E-2;1,275255E-1;9,386585E-1;;
02/12/2021  12:47:18,098063;9,465678E-1;1,210013E-1;1,300529E-1;9,389965E-1;;
02/12/2021  12:47:18,098163;9,460909E-1;1,347002E-1;1,291051E-1;9,393308E-1;;
02/12/2021  12:47:18,098263;9,451223E-1;3,976336E-2;6,623464E-2;9,396610E-1;;
02/12/2021  12:47:18,098363;9,458704E-1;1,136739E-1;1,028828E-1;9,399867E-1;;
02/12/2021  12:47:18,098463;9,467794E-1;1,340630E-1;1,303688E-1;9,403072E-1;;
02/12/2021  12:47:18,098563;9,472324E-1;1,410718E-1;1,407946E-1;9,406222E-1;;
02/12/2021  12:47:18,098663;9,469254E-1;1,222756E-1;1,287892E-1;9,409317E-1;;
02/12/2021  12:47:18,098763;9,466661E-1;1,073023E-1;1,155200E-1;9,412353E-1;;
02/12/2021  12:47:18,098863;9,472860E-1;1,254614E-1;1,199431E-1;9,415328E-1;;
02/12/2021  12:47:18,098963;9,485020E-1;1,799386E-1;1,727037E-1;9,418242E-1;;
02/12/2021  12:47:18,099063;9,481324E-1;1,159040E-1;9,498445E-2;9,421094E-1;;
02/12/2021  12:47:18,099163;9,480937E-1;1,276914E-1;1,243661E-1;9,423884E-1;;
02/12/2021  12:47:18,099263;9,471459E-1;1,133553E-1;1,227865E-1;9,426614E-1;;
02/12/2021  12:47:18,099363;9,478314E-1;1,117624E-1;1,243661E-1;9,429281E-1;;
02/12/2021  12:47:18,099463;9,484781E-1;1,229127E-1;1,328963E-1;9,431884E-1;;
02/12/2021  12:47:18,099563;9,492232E-1;1,216384E-1;1,152041E-1;9,434425E-1;;
02/12/2021  12:47:18,099663;9,477778E-1;1,232313E-1;1,351078E-1;9,436903E-1;;
02/12/2021  12:47:18,099763;9,467198E-1;1,146297E-1;1,098333E-1;9,439319E-1;;
02/12/2021  12:47:18,099863;9,468598E-1;1,190898E-1;1,385831E-1;9,441671E-1;;
02/12/2021  12:47:18,099963;9,469463E-1;1,439390E-1;1,588027E-1;9,443955E-1;;
02/12/2021  12:47:18,100063;9,467734E-1;1,197269E-1;1,253139E-1;9,446168E-1;;
02/12/2021  12:47:18,100163;9,456767E-1;1,159040E-1;1,022509E-1;9,448308E-1;;
02/12/2021  12:47:18,100263;9,441388E-1;1,292843E-1;1,300529E-1;9,450371E-1;;
02/12/2021  12:47:18,100363;9,446246E-1;1,114439E-1;1,152041E-1;9,452350E-1;;
02/12/2021  12:47:18,100463;9,442461E-1;1,286472E-1;1,388990E-1;9,454240E-1;;
02/12/2021  12:47:18,100563;9,439362E-1;1,423461E-1;1,341600E-1;9,456034E-1;;
02/12/2021  12:47:18,100663;9,418887E-1;1,366117E-1;1,246821E-1;9,457727E-1;;
02/12/2021  12:47:18,100763;9,410274E-1;1,337445E-1;1,363715E-1;9,459312E-1;;
02/12/2021  12:47:18,100863;9,416056E-1;1,213198E-1;1,259458E-1;9,460780E-1;;
02/12/2021  12:47:18,100963;9,414148E-1;1,229127E-1;1,287892E-1;9,462123E-1;;
02/12/2021  12:47:18,101063;9,406221E-1;1,270543E-1;1,461654E-1;9,463335E-1;;
02/12/2021  12:47:18,101163;9,394210E-1;1,331073E-1;1,332122E-1;9,464410E-1;;
02/12/2021  12:47:18,101263;9,385716E-1;1,283286E-1;1,319485E-1;9,465341E-1;;
02/12/2021  12:47:18,101363;9,390813E-1;1,382046E-1;1,316326E-1;9,466121E-1;;
02/12/2021  12:47:18,101463;9,390783E-1;1,254614E-1;1,196272E-1;9,466745E-1;;
02/12/2021  12:47:18,101563;9,384941E-1;1,308772E-1;1,411105E-1;9,467209E-1;;
02/12/2021  12:47:18,101663;9,378116E-1;1,286472E-1;1,335282E-1;9,467508E-1;;
02/12/2021  12:47:18,101763;9,375106E-1;1,006121E-1;1,202590E-1;9,467641E-1;;
02/12/2021  12:47:18,101863;9,379309E-1;1,165411E-1;1,382671E-1;9,467605E-1;;
02/12/2021  12:47:18,101963;9,381782E-1;1,286472E-1;1,310007E-1;9,467400E-1;;
02/12/2021  12:47:18,102063;9,373706E-1;1,369303E-1;1,174156E-1;9,467026E-1;;
02/12/2021  12:47:18,102163;9,360443E-1;1,353374E-1;1,366875E-1;9,466485E-1;;
02/12/2021  12:47:18,102263;9,359788E-1;1,337445E-1;1,300529E-1;9,465778E-1;;
02/12/2021  12:47:18,102363;9,366285E-1;1,315144E-1;1,461654E-1;9,464905E-1;;
02/12/2021  12:47:18,102463;9,368460E-1;1,254614E-1;1,278414E-1;9,463868E-1;;
02/12/2021  12:47:18,102563;9,358864E-1;1,235499E-1;1,142563E-1;9,462672E-1;;
02/12/2021  12:47:18,102663;9,353142E-1;1,302401E-1;1,054102E-1;9,461321E-1;;
02/12/2021  12:47:18,102763;9,352486E-1;1,375674E-1;1,332122E-1;9,459818E-1;;
02/12/2021  12:47:18,102863;9,353618E-1;6,493118E-2;1,038306E-1;9,458168E-1;;
02/12/2021  12:47:18,102963;9,352963E-1;1,343816E-1;1,310007E-1;9,456376E-1;;
02/12/2021  12:47:18,103063;9,343545E-1;1,305587E-1;1,313166E-1;9,454447E-1;;
02/12/2021  12:47:18,103163;9,338031E-1;1,216384E-1;1,196272E-1;9,452386E-1;;
02/12/2021  12:47:18,103263;9,337733E-1;1,203641E-1;1,392149E-1;9,450199E-1;;
02/12/2021  12:47:18,103363;9,338866E-1;1,487177E-1;1,338441E-1;9,447890E-1;;
02/12/2021  12:47:18,103463;9,342293E-1;1,299215E-1;1,243661E-1;9,445465E-1;;
02/12/2021  12:47:18,103563;9,335200E-1;1,216384E-1;1,275255E-1;9,442931E-1;;
02/12/2021  12:47:18,103663;9,327392E-1;1,362931E-1;1,303688E-1;9,440295E-1;;
02/12/2021  12:47:18,103763;9,323607E-1;1,566822E-1;1,556434E-1;9,437562E-1;;
02/12/2021  12:47:18,103863;9,326587E-1;1,436204E-1;1,360556E-1;9,434739E-1;;
02/12/2021  12:47:18,103963;9,328018E-1;1,321516E-1;1,253139E-1;9,431830E-1;;
02/12/2021  12:47:18,104063;9,322355E-1;1,372488E-1;1,524841E-1;9,428844E-1;;
02/12/2021  12:47:18,104163;9,321044E-1;1,461691E-1;1,436380E-1;9,425785E-1;;
02/12/2021  12:47:18,104263;9,320269E-1;1,280100E-1;1,287892E-1;9,422662E-1;;
02/12/2021  12:47:18,104363;9,329359E-1;1,299215E-1;1,521681E-1;9,419482E-1;;
02/12/2021  12:47:18,104463;9,324441E-1;1,216384E-1;1,193112E-1;9,416251E-1;;
02/12/2021  12:47:18,104563;9,321372E-1;1,315144E-1;1,458495E-1;9,412978E-1;;
02/12/2021  12:47:18,104663;9,318034E-1;1,289658E-1;1,338441E-1;9,409672E-1;;
02/12/2021  12:47:18,104763;9,325842E-1;1,130368E-1;1,243661E-1;9,406339E-1;;
02/12/2021  12:47:18,104863;9,339164E-1;1,104881E-1;1,202590E-1;9,402989E-1;;
02/12/2021  12:47:18,104963;9,339104E-1;9,838208E-2;1,145722E-1;9,399630E-1;;
02/12/2021  12:47:18,105063;9,333323E-1;1,168597E-1;1,196272E-1;9,396274E-1;;
02/12/2021  12:47:18,105163;9,328226E-1;9,296622E-2;1,164678E-1;9,392930E-1;;
02/12/2021  12:47:18,105263;9,340028E-1;1,343816E-1;1,606983E-1;9,389608E-1;;
02/12/2021  12:47:18,105363;9,348522E-1;1,002936E-1;1,136244E-1;9,386318E-1;;
02/12/2021  12:47:18,105463;9,348969E-1;1,111253E-1;1,234183E-1;9,383068E-1;;
02/12/2021  12:47:18,105563;9,349148E-1;1,130368E-1;1,167838E-1;9,379870E-1;;
02/12/2021  12:47:18,105663;9,352158E-1;8,850610E-2;1,120448E-1;9,376733E-1;;
02/12/2021  12:47:18,105763;9,362708E-1;8,978042E-2;1,057261E-1;9,373669E-1;;
02/12/2021  12:47:18,105863;9,374570E-1;9,965640E-2;1,129926E-1;9,370686E-1;;
02/12/2021  12:47:18,105963;9,376746E-1;1,174969E-1;1,272095E-1;9,367797E-1;;
02/12/2021  12:47:18,106063;9,371292E-1;1,082581E-1;1,208909E-1;9,365013E-1;;
02/12/2021  12:47:18,106163;9,376209E-1;9,360338E-2;9,435259E-2;9,362344E-1;;
02/12/2021  12:47:18,106263;9,387951E-1;1,213198E-1;1,234183E-1;9,359799E-1;;
02/12/2021  12:47:18,106363;9,392571E-1;1,241871E-1;1,471132E-1;9,357387E-1;;
02/12/2021  12:47:18,106463;9,395700E-1;1,251428E-1;1,370034E-1;9,355117E-1;;
02/12/2021  12:47:18,106563;9,394389E-1;2,108408E-1;1,584868E-1;9,352998E-1;;
02/12/2021  12:47:18,106663;9,400081E-1;1,474434E-1;1,363715E-1;9,351039E-1;;
02/12/2021  12:47:18,106763;9,407294E-1;1,888588E-1;1,616461E-1;9,349244E-1;;
02/12/2021  12:47:18,106863;9,408396E-1;1,840801E-1;1,534319E-1;9,347621E-1;;
02/12/2021  12:47:18,106963;9,414029E-1;1,863102E-1;1,550115E-1;9,346175E-1;;
02/12/2021  12:47:18,107063;9,404999E-1;1,576380E-1;1,518522E-1;9,344910E-1;;
02/12/2021  12:47:18,107163;9,404909E-1;1,630538E-1;1,505885E-1;9,343829E-1;;
02/12/2021  12:47:18,107263;9,412450E-1;1,716555E-1;1,528000E-1;9,342934E-1;;
02/12/2021  12:47:18,107363;9,421510E-1;1,442576E-1;1,379512E-1;9,342224E-1;;
02/12/2021  12:47:18,107463;9,425026E-1;1,280100E-1;1,268936E-1;9,341700E-1;;
02/12/2021  12:47:18,107563;9,420556E-1;1,257800E-1;1,322644E-1;9,341362E-1;;
02/12/2021  12:47:18,107663;9,427738E-1;1,407532E-1;1,319485E-1;9,341211E-1;;
02/12/2021  12:47:18,107763;9,445084E-1;1,232313E-1;1,082536E-1;9,341244E-1;;
02/12/2021  12:47:18,107863;9,448243E-1;6,333828E-2;6,939396E-2;9,341463E-1;;
02/12/2021  12:47:18,107963;9,447736E-1;1,174969E-1;1,227865E-1;9,341867E-1;;
02/12/2021  12:47:18,108063;9,448690E-1;1,340630E-1;1,373193E-1;9,342457E-1;;
02/12/2021  12:47:18,108163;9,458018E-1;4,963934E-2;8,487463E-2;9,343230E-1;;
02/12/2021  12:47:18,108263;9,465499E-1;1,375674E-1;1,284732E-1;9,344187E-1;;
02/12/2021  12:47:18,108363;9,473039E-1;7,193994E-2;9,814378E-2;9,345325E-1;;
02/12/2021  12:47:18,108463;9,473575E-1;1,350188E-1;1,341600E-1;9,346643E-1;;
02/12/2021  12:47:18,108563;9,475542E-1;1,299215E-1;1,268936E-1;9,348140E-1;;
02/12/2021  12:47:18,108663;9,484185E-1;6,365686E-2;8,329497E-2;9,349814E-1;;
02/12/2021  12:47:18,108763;9,495153E-1;1,426647E-1;1,714400E-1;9,351661E-1;;
02/12/2021  12:47:18,108863;9,498729E-1;1,245056E-1;1,237343E-1;9,353681E-1;;
02/12/2021  12:47:18,108963;9,506716E-1;1,260985E-1;1,120448E-1;9,355871E-1;;
02/12/2021  12:47:18,109063;9,501441E-1;1,448948E-1;1,335282E-1;9,358229E-1;;
02/12/2021  12:47:18,109163;9,512945E-1;1,213198E-1;1,262617E-1;9,360752E-1;;
02/12/2021  12:47:18,109263;9,521320E-1;1,178155E-1;1,253139E-1;9,363437E-1;;
02/12/2021  12:47:18,109363;9,534165E-1;1,327887E-1;1,366875E-1;9,366281E-1;;
02/12/2021  12:47:18,109463;9,534493E-1;8,563888E-2;1,123607E-1;9,369282E-1;;
02/12/2021  12:47:18,109563;9,538904E-1;1,206827E-1;1,205749E-1;9,372437E-1;;
02/12/2021  12:47:18,109663;9,555087E-1;1,308772E-1;1,234183E-1;9,375745E-1;;
02/12/2021  12:47:18,109763;9,559498E-1;1,308772E-1;1,272095E-1;9,379202E-1;;
02/12/2021  12:47:18,109863;9,567395E-1;1,315144E-1;1,578549E-1;9,382807E-1;;
02/12/2021  12:47:18,109963;9,569929E-1;1,108067E-1;1,253139E-1;9,386559E-1;;
02/12/2021  12:47:18,110063;9,576247E-1;1,178155E-1;1,347919E-1;9,390456E-1;;
02/12/2021  12:47:18,110163;9,592817E-1;1,111253E-1;1,249980E-1;9,394493E-1;;
02/12/2021  12:47:18,110263;9,601162E-1;1,318330E-1;1,357397E-1;9,398671E-1;;
02/12/2021  12:47:18,110363;9,612696E-1;1,483991E-1;1,581709E-1;9,402988E-1;;
02/12/2021  12:47:18,110463;9,611295E-1;1,391603E-1;1,341600E-1;9,407442E-1;;
02/12/2021  12:47:18,110563;9,614514E-1;1,041165E-1;1,139404E-1;9,412034E-1;;
02/12/2021  12:47:18,110663;9,633558E-1;1,267357E-1;1,360556E-1;9,416760E-1;;
02/12/2021  12:47:18,110763;9,637462E-1;1,347002E-1;1,366875E-1;9,421619E-1;;
02/12/2021  12:47:18,110863;9,642260E-1;9,647060E-2;7,981972E-2;9,426608E-1;;
02/12/2021  12:47:18,110963;9,643363E-1;7,289568E-2;9,056141E-2;9,431727E-1;;
02/12/2021  12:47:18,111063;9,645747E-1;1,337445E-1;1,287892E-1;9,436970E-1;;
02/12/2021  12:47:18,111163;9,651231E-1;1,372488E-1;1,136244E-1;9,442334E-1;;
02/12/2021  12:47:18,111263;9,662944E-1;1,171783E-1;1,234183E-1;9,447813E-1;;
02/12/2021  12:47:18,111363;9,664970E-1;1,111253E-1;1,066739E-1;9,453403E-1;;
02/12/2021  12:47:18,111463;9,662318E-1;5,409946E-2;7,223735E-2;9,459099E-1;;
02/12/2021  12:47:18,111563;9,660381E-1;1,136739E-1;1,186794E-1;9,464893E-1;;
02/12/2021  12:47:18,111663;9,673703E-1;1,203641E-1;1,268936E-1;9,470779E-1;;
02/12/2021  12:47:18,111763;9,675521E-1;1,232313E-1;1,265777E-1;9,476748E-1;;
02/12/2021  12:47:18,111863;9,668636E-1;1,299215E-1;1,278414E-1;9,482792E-1;;
02/12/2021  12:47:18,111963;9,671110E-1;1,168597E-1;1,142563E-1;9,488903E-1;;
02/12/2021  12:47:18,112063;9,673881E-1;1,143111E-1;1,392149E-1;9,495070E-1;;
02/12/2021  12:47:18,112163;9,681004E-1;8,468314E-2;9,877564E-2;9,501284E-1;;
02/12/2021  12:47:18,112263;9,676802E-1;1,181340E-1;1,259458E-1;9,507534E-1;;
02/12/2021  12:47:18,112363;9,671557E-1;1,155854E-1;1,272095E-1;9,513810E-1;;
02/12/2021  12:47:18,112463;9,670812E-1;1,362931E-1;1,341600E-1;9,520100E-1;;
02/12/2021  12:47:18,112563;9,672630E-1;1,487177E-1;1,306848E-1;9,526393E-1;;
02/12/2021  12:47:18,112663;9,680855E-1;1,203641E-1;1,189953E-1;9,532676E-1;;
02/12/2021  12:47:18,112763;9,673464E-1;1,305587E-1;1,249980E-1;9,538938E-1;;
02/12/2021  12:47:18,112863;9,672451E-1;1,413904E-1;1,575390E-1;9,545168E-1;;
02/12/2021  12:47:18,112963;9,660977E-1;1,327887E-1;1,294210E-1;9,551353E-1;;
02/12/2021  12:47:18,113063;9,661781E-1;1,254614E-1;1,221546E-1;9,557481E-1;;
02/12/2021  12:47:18,113163;9,665030E-1;1,468062E-1;1,682807E-1;9,563538E-1;;
02/12/2021  12:47:18,113263;9,660291E-1;1,356559E-1;1,313166E-1;9,569512E-1;;
02/12/2021  12:47:18,113363;9,654897E-1;1,327887E-1;1,300529E-1;9,575390E-1;;
02/12/2021  12:47:18,113463;9,648430E-1;1,229127E-1;1,218387E-1;9,581159E-1;;
02/12/2021  12:47:18,113563;9,654808E-1;1,267357E-1;1,208909E-1;9,586808E-1;;
02/12/2021  12:47:18,113663;9,655940E-1;1,206827E-1;1,287892E-1;9,592325E-1;;
02/12/2021  12:47:18,113763;9,648728E-1;1,181340E-1;1,303688E-1;9,597698E-1;;
02/12/2021  12:47:18,113863;9,646850E-1;1,350188E-1;1,265777E-1;9,602919E-1;;
02/12/2021  12:47:18,113963;9,638744E-1;2,797590E-2;7,792413E-2;9,607978E-1;;
02/12/2021  12:47:18,114063;9,636866E-1;1,136739E-1;1,660692E-1;9,612865E-1;;
02/12/2021  12:47:18,114163;9,635942E-1;1,216384E-1;1,253139E-1;9,617570E-1;;
02/12/2021  12:47:18,114263;9,633320E-1;1,337445E-1;1,313166E-1;9,622086E-1;;
02/12/2021  12:47:18,114363;9,622680E-1;1,194084E-1;1,148882E-1;9,626404E-1;;
02/12/2021  12:47:18,114463;9,621160E-1;1,289658E-1;1,278414E-1;9,630517E-1;;
02/12/2021  12:47:18,114563;9,626256E-1;1,327887E-1;1,524841E-1;9,634417E-1;;
02/12/2021  12:47:18,114663;9,623753E-1;1,433019E-1;1,404787E-1;9,638098E-1;;
02/12/2021  12:47:18,114763;9,608672E-1;1,146297E-1;1,297370E-1;9,641555E-1;;
02/12/2021  12:47:18,114863;9,599672E-1;1,152668E-1;1,205749E-1;9,644785E-1;;
02/12/2021  12:47:18,114963;9,588138E-1;1,057094E-1;8,834988E-2;9,647779E-1;;
02/12/2021  12:47:18,115063;9,584830E-1;1,356559E-1;1,268936E-1;9,650533E-1;;
02/12/2021  12:47:18,115163;9,583251E-1;1,334259E-1;1,297370E-1;9,653040E-1;;
02/12/2021  12:47:18,115263;9,569482E-1;1,241871E-1;1,183634E-1;9,655294E-1;;
02/12/2021  12:47:18,115363;9,555295E-1;1,139925E-1;1,142563E-1;9,657290E-1;;
02/12/2021  12:47:18,115463;9,547040E-1;1,127182E-1;1,158360E-1;9,659022E-1;;
02/12/2021  12:47:18,115563;9,546146E-1;1,053908E-1;9,498445E-2;9,660483E-1;;
02/12/2021  12:47:18,115663;9,533569E-1;1,139925E-1;1,177316E-1;9,661669E-1;;
02/12/2021  12:47:18,115763;9,517207E-1;1,104881E-1;1,066739E-1;9,662574E-1;;
02/12/2021  12:47:18,115863;9,503080E-1;6,301970E-2;8,550650E-2;9,663192E-1;;
02/12/2021  12:47:18,115963;9,491457E-1;1,292843E-1;1,303688E-1;9,663518E-1;;
02/12/2021  12:47:18,116063;9,482218E-1;1,210013E-1;1,148882E-1;9,663545E-1;;
02/12/2021  12:47:18,116163;9,472115E-1;1,104881E-1;1,199431E-1;9,663268E-1;;
02/12/2021  12:47:18,116263;9,462101E-1;1,136739E-1;1,180475E-1;9,662679E-1;;
02/12/2021  12:47:18,116363;9,443594E-1;1,267357E-1;1,344760E-1;9,661776E-1;;
02/12/2021  12:47:18,116463;9,436083E-1;1,213198E-1;1,237343E-1;9,660552E-1;;
02/12/2021  12:47:18,116563;9,433163E-1;1,267357E-1;1,016190E-1;9,659005E-1;;
02/12/2021  12:47:18,116663;9,425146E-1;1,388417E-1;1,328963E-1;9,657130E-1;;
02/12/2021  12:47:18,116763;9,408724E-1;1,509478E-1;1,420583E-1;9,654926E-1;;
02/12/2021  12:47:18,116863;9,396296E-1;1,382046E-1;1,297370E-1;9,652394E-1;;
02/12/2021  12:47:18,116963;9,390038E-1;2,447152E-2;7,602853E-2;9,649532E-1;;
02/12/2021  12:47:18,117063;9,385359E-1;1,025236E-1;1,069899E-1;9,646341E-1;;
02/12/2021  12:47:18,117163;9,374302E-1;1,152668E-1;1,088855E-1;9,642822E-1;;
02/12/2021  12:47:18,117263;9,362798E-1;1,327887E-1;1,322644E-1;9,638978E-1;;
02/12/2021  12:47:18,117363;9,344767E-1;7,894870E-2;9,056141E-2;9,634813E-1;;
02/12/2021  12:47:18,117463;9,339283E-1;8,723178E-2;8,424277E-2;9,630329E-1;;
02/12/2021  12:47:18,117563;9,332667E-1;1,213198E-1;1,556434E-1;9,625530E-1;;
02/12/2021  12:47:18,117663;9,324024E-1;1,149482E-1;1,199431E-1;9,620421E-1;;
02/12/2021  12:47:18,117763;9,301523E-1;5,441804E-2;8,139938E-2;9,615007E-1;;
02/12/2021  12:47:18,117863;9,287307E-1;1,057094E-1;1,107811E-1;9,609293E-1;;
02/12/2021  12:47:18,117963;9,282657E-1;9,551486E-2;1,069899E-1;9,603282E-1;;
02/12/2021  12:47:18,118063;9,268233E-1;1,015679E-1;1,240502E-1;9,596981E-1;;
02/12/2021  12:47:18,118163;9,255567E-1;1,130368E-1;1,177316E-1;9,590394E-1;;
02/12/2021  12:47:18,118263;9,237566E-1;-3,882102E-3;3,306178E-2;9,583526E-1;;
02/12/2021  12:47:18,118363;9,225316E-1;9,201048E-2;1,076217E-1;9,576382E-1;;
02/12/2021  12:47:18,118463;9,219684E-1;1,044351E-1;1,167838E-1;9,568966E-1;;
02/12/2021  12:47:18,118563;9,205706E-1;1,123996E-1;1,291051E-1;9,561285E-1;;
02/12/2021  12:47:18,118663;9,200938E-1;1,022050E-1;1,635417E-1;9,553343E-1;;
02/12/2021  12:47:18,118763;9,177691E-1;9,328480E-2;1,069899E-1;9,545149E-1;;
02/12/2021  12:47:18,118863;9,162611E-1;1,082581E-1;1,234183E-1;9,536709E-1;;
02/12/2021  12:47:18,118963;9,161687E-1;9,519628E-2;1,385831E-1;9,528027E-1;;
02/12/2021  12:47:18,119063;9,154773E-1;1,006121E-1;1,095173E-1;9,519113E-1;;
02/12/2021  12:47:18,119163;9,143060E-1;1,296029E-1;1,433221E-1;9,509972E-1;;
02/12/2021  12:47:18,119263;9,135431E-1;1,069837E-1;1,221546E-1;9,500615E-1;;
02/12/2021  12:47:18,119363;9,125327E-1;8,595746E-2;1,050943E-1;9,491051E-1;;
02/12/2021  12:47:18,119463;9,129261E-1;1,442576E-1;1,474292E-1;9,481292E-1;;
02/12/2021  12:47:18,119563;9,127116E-1;1,426647E-1;1,240502E-1;9,471348E-1;;
02/12/2021  12:47:18,119663;9,121900E-1;1,012493E-1;9,277293E-2;9,461234E-1;;
02/12/2021  12:47:18,119763;9,113615E-1;1,735670E-1;1,742834E-1;9,450965E-1;;
02/12/2021  12:47:18,119863;9,110277E-1;1,681511E-1;1,486929E-1;9,440558E-1;;
02/12/2021  12:47:18,119963;9,117638E-1;1,633724E-1;1,761790E-1;9,430027E-1;;
02/12/2021  12:47:18,120063;9,116118E-1;1,503106E-1;1,439539E-1;9,419391E-1;;
02/12/2021  12:47:18,120163;9,109353E-1;8,978042E-2;9,877564E-2;9,408670E-1;;
02/12/2021  12:47:18,120263;9,107982E-1;1,452133E-1;1,471132E-1;9,397882E-1;;
02/12/2021  12:47:18,120363;9,104137E-1;1,296029E-1;1,338441E-1;9,387047E-1;;
02/12/2021  12:47:18,120463;9,111588E-1;6,556834E-2;8,803395E-2;9,376184E-1;;
02/12/2021  12:47:18,120563;9,109144E-1;1,334259E-1;1,338441E-1;9,365313E-1;;
02/12/2021  12:47:18,120663;9,106879E-1;1,066652E-1;1,221546E-1;9,354455E-1;;
02/12/2021  12:47:18,120763;9,100889E-1;1,356559E-1;1,287892E-1;9,343630E-1;;
02/12/2021  12:47:18,120863;9,110307E-1;1,496735E-1;1,764949E-1;9,332858E-1;;
02/12/2021  12:47:18,120963;9,109472E-1;1,452133E-1;1,512204E-1;9,322159E-1;;
02/12/2021  12:47:18,121063;9,112691E-1;1,216384E-1;1,231024E-1;9,311551E-1;;
02/12/2021  12:47:18,121163;9,116655E-1;1,417090E-1;1,370034E-1;9,301056E-1;;
02/12/2021  12:47:18,121263;9,116059E-1;1,764342E-1;1,926074E-1;9,290693E-1;;
02/12/2021  12:47:18,121363;9,126341E-1;1,448948E-1;1,426902E-1;9,280481E-1;;
02/12/2021  12:47:18,121463;9,132003E-1;1,331073E-1;1,284732E-1;9,270441E-1;;
02/12/2021  12:47:18,121563;9,141004E-1;1,347002E-1;1,300529E-1;9,260592E-1;;
02/12/2021  12:47:18,121663;9,142285E-1;1,566822E-1;1,660692E-1;9,250955E-1;;
02/12/2021  12:47:18,121763;9,139484E-1;1,120810E-1;1,180475E-1;9,241549E-1;;
02/12/2021  12:47:18,121863;9,150541E-1;1,216384E-1;1,199431E-1;9,232392E-1;;
02/12/2021  12:47:18,121963;9,160137E-1;1,608238E-1;1,780746E-1;9,223503E-1;;
02/12/2021  12:47:18,122063;9,157842E-1;1,337445E-1;1,272095E-1;9,214897E-1;;
02/12/2021  12:47:18,122163;9,154564E-1;7,417000E-2;1,082536E-1;9,206591E-1;;
02/12/2021  12:47:18,122263;9,156144E-1;1,127182E-1;1,253139E-1;9,198599E-1;;
02/12/2021  12:47:18,122363;9,164936E-1;1,123996E-1;1,629098E-1;9,190932E-1;;
02/12/2021  12:47:18,122463;9,167767E-1;1,178155E-1;1,297370E-1;9,183600E-1;;
02/12/2021  12:47:18,122563;9,171939E-1;1,273729E-1;1,272095E-1;9,176614E-1;;
02/12/2021  12:47:18,122663;9,164638E-1;1,260985E-1;1,249980E-1;9,169982E-1;;
02/12/2021  12:47:18,122763;9,161955E-1;1,321516E-1;1,366875E-1;9,163709E-1;;
02/12/2021  12:47:18,122863;9,170151E-1;1,458505E-1;1,382671E-1;9,157800E-1;;
02/12/2021  12:47:18,122963;9,177542E-1;1,391603E-1;1,373193E-1;9,152257E-1;;
02/12/2021  12:47:18,123063;9,182013E-1;1,315144E-1;1,291051E-1;9,147081E-1;;
02/12/2021  12:47:18,123163;9,187079E-1;1,165411E-1;1,186794E-1;9,142276E-1;;
02/12/2021  12:47:18,123263;9,191222E-1;1,334259E-1;1,341600E-1;9,137842E-1;;
02/12/2021  12:47:18,123363;9,209402E-1;1,375674E-1;1,461654E-1;9,133780E-1;;
02/12/2021  12:47:18,123463;9,218968E-1;1,318330E-1;1,300529E-1;9,130092E-1;;
02/12/2021  12:47:18,123563;9,225942E-1;1,318330E-1;1,382671E-1;9,126779E-1;;
02/12/2021  12:47:18,123663;9,228654E-1;1,397975E-1;1,357397E-1;9,123844E-1;;
02/12/2021  12:47:18,123763;9,240188E-1;8,468314E-2;7,792413E-2;9,121287E-1;;
02/12/2021  12:47:18,123863;9,257921E-1;1,146297E-1;1,180475E-1;9,119110E-1;;
02/12/2021  12:47:18,123963;9,259977E-1;1,168597E-1;1,196272E-1;9,117314E-1;;
02/12/2021  12:47:18,124063;9,275356E-1;1,015679E-1;1,180475E-1;9,115899E-1;;
02/12/2021  12:47:18,124163;9,283850E-1;1,464877E-1;1,537478E-1;9,114866E-1;;
02/12/2021  12:47:18,124263;9,293834E-1;1,391603E-1;1,370034E-1;9,114217E-1;;
02/12/2021  12:47:18,124363;9,307305E-1;9,615202E-2;1,212068E-1;9,113951E-1;;
02/12/2021  12:47:18,124463;9,320358E-1;1,305587E-1;1,313166E-1;9,114069E-1;;
02/12/2021  12:47:18,124563;9,320954E-1;1,289658E-1;1,313166E-1;9,114570E-1;;
02/12/2021  12:47:18,124663;9,321670E-1;1,442576E-1;1,546956E-1;9,115454E-1;;
02/12/2021  12:47:18,124763;9,328316E-1;1,315144E-1;1,193112E-1;9,116717E-1;;
02/12/2021  12:47:18,124863;9,349118E-1;1,229127E-1;1,126766E-1;9,118354E-1;;
02/12/2021  12:47:18,124963;9,357791E-1;1,264171E-1;1,284732E-1;9,120361E-1;;
02/12/2021  12:47:18,125063;9,360115E-1;1,487177E-1;1,417424E-1;9,122733E-1;;
02/12/2021  12:47:18,125163;9,363900E-1;1,550893E-1;1,528000E-1;9,125464E-1;;
02/12/2021  12:47:18,125263;9,379607E-1;1,311958E-1;1,313166E-1;9,128547E-1;;
02/12/2021  12:47:18,125363;9,399694E-1;1,254614E-1;9,845971E-2;9,131977E-1;;
02/12/2021  12:47:18,125463;9,407621E-1;1,283286E-1;1,360556E-1;9,135746E-1;;
02/12/2021  12:47:18,125563;9,409499E-1;1,385232E-1;1,385831E-1;9,139849E-1;;
02/12/2021  12:47:18,125663;9,413731E-1;1,296029E-1;1,278414E-1;9,144279E-1;;
02/12/2021  12:47:18,125763;9,423179E-1;1,337445E-1;1,208909E-1;9,149028E-1;;
02/12/2021  12:47:18,125863;9,437275E-1;1,299215E-1;1,325804E-1;9,154086E-1;;
02/12/2021  12:47:18,125963;9,443206E-1;1,382046E-1;1,360556E-1;9,159444E-1;;
02/12/2021  12:47:18,126063;9,450985E-1;1,302401E-1;1,294210E-1;9,165093E-1;;
02/12/2021  12:47:18,126163;9,450359E-1;4,900218E-2;9,340479E-2;9,171024E-1;;
02/12/2021  12:47:18,126263;9,460552E-1;3,243602E-2;8,866581E-2;9,177224E-1;;
02/12/2021  12:47:18,126363;9,471996E-1;1,646467E-1;2,077722E-1;9,183681E-1;;
02/12/2021  12:47:18,126463;9,481771E-1;1,385232E-1;1,322644E-1;9,190385E-1;;
02/12/2021  12:47:18,126563;9,482785E-1;1,684697E-1;1,518522E-1;9,197323E-1;;
02/12/2021  12:47:18,126663;9,482665E-1;1,149482E-1;1,136244E-1;9,204484E-1;;
02/12/2021  12:47:18,126763;9,494408E-1;1,429833E-1;1,414265E-1;9,211853E-1;;
02/12/2021  12:47:18,126863;9,501352E-1;1,531778E-1;1,556434E-1;9,219418E-1;;
02/12/2021  12:47:18,126963;9,500011E-1;1,302401E-1;1,325804E-1;9,227164E-1;;
02/12/2021  12:47:18,127063;9,507044E-1;1,178155E-1;1,388990E-1;9,235078E-1;;
02/12/2021  12:47:18,127163;9,509339E-1;1,385232E-1;1,363715E-1;9,243143E-1;;
02/12/2021  12:47:18,127263;9,518399E-1;1,483991E-1;1,316326E-1;9,251346E-1;;
02/12/2021  12:47:18,127363;9,527638E-1;1,232313E-1;1,268936E-1;9,259672E-1;;
02/12/2021  12:47:18,127463;9,525045E-1;1,308772E-1;1,749153E-1;9,268106E-1;;
02/12/2021  12:47:18,127563;9,520456E-1;1,260985E-1;1,262617E-1;9,276634E-1;;
02/12/2021  12:47:18,127663;9,521916E-1;6,429402E-2;1,433221E-1;9,285240E-1;;
02/12/2021  12:47:18,127763;9,524449E-1;8,181592E-2;1,145722E-1;9,293907E-1;;
02/12/2021  12:47:18,127863;9,535655E-1;1,194084E-1;1,208909E-1;9,302618E-1;;
02/12/2021  12:47:18,127963;9,534195E-1;1,283286E-1;1,215227E-1;9,311358E-1;;
02/12/2021  12:47:18,128063;9,525164E-1;1,238685E-1;1,268936E-1;9,320110E-1;;
02/12/2021  12:47:18,128163;9,531274E-1;1,493549E-1;1,490088E-1;9,328859E-1;;
02/12/2021  12:47:18,128263;9,538486E-1;1,375674E-1;1,347919E-1;9,337588E-1;;
02/12/2021  12:47:18,128363;9,541795E-1;1,225942E-1;1,243661E-1;9,346281E-1;;
02/12/2021  12:47:18,128463;9,542897E-1;5,409946E-2;8,550650E-2;9,354925E-1;;
02/12/2021  12:47:18,128563;9,533897E-1;1,748413E-1;1,739675E-1;9,363505E-1;;
02/12/2021  12:47:18,128663;9,530410E-1;1,385232E-1;1,231024E-1;9,372006E-1;;
02/12/2021  12:47:18,128763;9,540990E-1;1,088952E-1;8,834988E-2;9,380415E-1;;
02/12/2021  12:47:18,128863;9,538486E-1;1,232313E-1;1,246821E-1;9,388716E-1;;
02/12/2021  12:47:18,128963;9,540632E-1;1,464877E-1;1,505885E-1;9,396897E-1;;
02/12/2021  12:47:18,129063;9,538904E-1;1,464877E-1;1,433221E-1;9,404945E-1;;
02/12/2021  12:47:18,129163;9,538933E-1;1,324701E-1;1,325804E-1;9,412849E-1;;
02/12/2021  12:47:18,129263;9,552375E-1;1,267357E-1;1,297370E-1;9,420598E-1;;
02/12/2021  12:47:18,129363;9,548917E-1;1,439390E-1;1,376353E-1;9,428183E-1;;
02/12/2021  12:47:18,129463;9,552255E-1;1,356559E-1;1,366875E-1;9,435595E-1;;
02/12/2021  12:47:18,129563;9,547070E-1;1,225942E-1;9,972343E-2;9,442829E-1;;
02/12/2021  12:47:18,129663;9,548470E-1;1,331073E-1;1,237343E-1;9,449876E-1;;
02/12/2021  12:47:18,129763;9,557769E-1;1,311958E-1;1,461654E-1;9,456731E-1;;
02/12/2021  12:47:18,129863;9,556487E-1;1,276914E-1;1,360556E-1;9,463390E-1;;
02/12/2021  12:47:18,129963;9,552136E-1;1,283286E-1;1,249980E-1;9,469847E-1;;
02/12/2021  12:47:18,130063;9,549543E-1;4,517922E-2;8,392683E-2;9,476099E-1;;
02/12/2021  12:47:18,130163;9,552136E-1;1,130368E-1;1,104651E-1;9,482143E-1;;
02/12/2021  12:47:18,130263;9,557918E-1;1,114439E-1;1,142563E-1;9,487974E-1;;
02/12/2021  12:47:18,130363;9,552494E-1;1,108067E-1;1,076217E-1;9,493592E-1;;
02/12/2021  12:47:18,130463;9,550676E-1;1,085766E-1;1,445858E-1;9,498994E-1;;
02/12/2021  12:47:18,130563;9,535923E-1;1,018865E-1;1,136244E-1;9,504179E-1;;
02/12/2021  12:47:18,130663;9,535506E-1;1,015679E-1;1,016190E-1;9,509142E-1;;
02/12/2021  12:47:18,130763;9,537175E-1;1,649653E-1;1,926074E-1;9,513882E-1;;
02/12/2021  12:47:18,130863;9,535745E-1;9,519628E-2;1,079377E-1;9,518395E-1;;
02/12/2021  12:47:18,130963;9,529605E-1;-4,211170E-2;3,432551E-2;9,522678E-1;;
02/12/2021  12:47:18,131063;9,519830E-1;1,012493E-1;1,095173E-1;9,526730E-1;;
02/12/2021  12:47:18,131163;9,525164E-1;1,143111E-1;1,265777E-1;9,530549E-1;;
02/12/2021  12:47:18,131263;9,525522E-1;9,933782E-2;1,265777E-1;9,534131E-1;;
02/12/2021  12:47:18,131363;9,524419E-1;9,519628E-2;1,177316E-1;9,537478E-1;;
02/12/2021  12:47:18,131463;9,509011E-1;1,025236E-1;9,056141E-2;9,540588E-1;;
02/12/2021  12:47:18,131563;9,503647E-1;1,213198E-1;1,202590E-1;9,543462E-1;;
02/12/2021  12:47:18,131663;9,509458E-1;1,165411E-1;1,512204E-1;9,546098E-1;;
02/12/2021  12:47:18,131763;9,509071E-1;9,551486E-2;1,095173E-1;9,548496E-1;;
02/12/2021  12:47:18,131863;9,508892E-1;1,108067E-1;1,221546E-1;9,550657E-1;;
02/12/2021  12:47:18,131963;9,502514E-1;1,066652E-1;1,133085E-1;9,552584E-1;;
02/12/2021  12:47:18,132063;9,496494E-1;1,235499E-1;1,328963E-1;9,554279E-1;;
02/12/2021  12:47:18,132163;9,500100E-1;1,356559E-1;1,499566E-1;9,555745E-1;;
02/12/2021  12:47:18,132263;9,501978E-1;1,165411E-1;1,268936E-1;9,556985E-1;;
02/12/2021  12:47:18,132363;9,494408E-1;1,353374E-1;1,344760E-1;9,558002E-1;;
02/12/2021  12:47:18,132463;9,484841E-1;1,468062E-1;1,376353E-1;9,558803E-1;;
02/12/2021  12:47:18,132563;9,479357E-1;1,579565E-1;1,480610E-1;9,559389E-1;;
02/12/2021  12:47:18,132663;9,477241E-1;1,560451E-1;1,262617E-1;9,559765E-1;;
02/12/2021  12:47:18,132763;9,476109E-1;1,726112E-1;1,581709E-1;9,559934E-1;;
02/12/2021  12:47:18,132863;9,476079E-1;1,745227E-1;1,638576E-1;9,559900E-1;;
02/12/2021  12:47:18,132963;9,464843E-1;2,694595E-1;2,204095E-1;9,559667E-1;;
02/12/2021  12:47:18,133063;9,459747E-1;1,455319E-1;1,392149E-1;9,559239E-1;;
02/12/2021  12:47:18,133163;9,464128E-1;1,382046E-1;1,562753E-1;9,558620E-1;;
02/12/2021  12:47:18,133263;9,460701E-1;1,286472E-1;1,360556E-1;9,557816E-1;;
02/12/2021  12:47:18,133363;9,455515E-1;1,375674E-1;1,259458E-1;9,556830E-1;;
02/12/2021  12:47:18,133463;9,445739E-1;1,407532E-1;1,461654E-1;9,555669E-1;;
02/12/2021  12:47:18,133563;9,438259E-1;1,337445E-1;1,268936E-1;9,554337E-1;;
02/12/2021  12:47:18,133663;9,442402E-1;1,069837E-1;1,123607E-1;9,552838E-1;;
02/12/2021  12:47:18,133763;9,442104E-1;1,245056E-1;1,281573E-1;9,551178E-1;;
02/12/2021  12:47:18,133863;9,433490E-1;1,235499E-1;1,164678E-1;9,549361E-1;;
02/12/2021  12:47:18,133963;9,429646E-1;1,076209E-1;1,104651E-1;9,547392E-1;;
02/12/2021  12:47:18,134063;9,423655E-1;9,870066E-2;1,038306E-1;9,545278E-1;;
02/12/2021  12:47:18,134163;9,430033E-1;8,181592E-2;6,023194E-2;9,543024E-1;;
02/12/2021  12:47:18,134263;9,427500E-1;1,292843E-1;1,212068E-1;9,540636E-1;;
02/12/2021  12:47:18,134363;9,411973E-1;1,002936E-1;1,088855E-1;9,538119E-1;;
02/12/2021  12:47:18,134463;9,404254E-1;1,149482E-1;1,145722E-1;9,535481E-1;;
02/12/2021  12:47:18,134563;9,402555E-1;1,050723E-1;1,170997E-1;9,532725E-1;;
02/12/2021  12:47:18,134663;9,406191E-1;1,108067E-1;1,047783E-1;9,529855E-1;;
02/12/2021  12:47:18,134763;9,399575E-1;1,155854E-1;1,208909E-1;9,526877E-1;;
02/12/2021  12:47:18,134863;9,397131E-1;1,168597E-1;1,183634E-1;9,523796E-1;;
02/12/2021  12:47:18,134963;9,393793E-1;1,283286E-1;1,249980E-1;9,520618E-1;;
02/12/2021  12:47:18,135063;9,394478E-1;1,238685E-1;1,404787E-1;9,517347E-1;;
02/12/2021  12:47:18,135163;9,406012E-1;1,442576E-1;1,493248E-1;9,513991E-1;;
02/12/2021  12:47:18,135263;9,401601E-1;1,276914E-1;1,300529E-1;9,510558E-1;;
02/12/2021  12:47:18,135363;9,393703E-1;8,117876E-2;1,385831E-1;9,507056E-1;;
02/12/2021  12:47:18,135463;9,397339E-1;1,197269E-1;1,278414E-1;9,503493E-1;;
02/12/2021  12:47:18,135563;9,409141E-1;1,378860E-1;1,521681E-1;9,499879E-1;;
02/12/2021  12:47:18,135663;9,409320E-1;1,264171E-1;1,332122E-1;9,496223E-1;;
02/12/2021  12:47:18,135763;9,409499E-1;1,108067E-1;1,095173E-1;9,492536E-1;;
02/12/2021  12:47:18,135863;9,408605E-1;1,098510E-1;1,193112E-1;9,488829E-1;;
02/12/2021  12:47:18,135963;9,410453E-1;1,302401E-1;1,291051E-1;9,485114E-1;;
02/12/2021  12:47:18,136063;9,425354E-1;1,047537E-1;1,028828E-1;9,481400E-1;;
02/12/2021  12:47:18,136163;9,423417E-1;9,455912E-2;1,098333E-1;9,477701E-1;;
02/12/2021  12:47:18,136263;9,425652E-1;1,139925E-1;1,186794E-1;9,474028E-1;;
02/12/2021  12:47:18,136363;9,419334E-1;1,318330E-1;1,237343E-1;9,470394E-1;;
02/12/2021  12:47:18,136463;9,424371E-1;5,409946E-2;9,277293E-2;9,466810E-1;;
02/12/2021  12:47:18,136563;9,425444E-1;1,120810E-1;1,347919E-1;9,463285E-1;;
02/12/2021  12:47:18,136663;9,425593E-1;1,149482E-1;1,126766E-1;9,459829E-1;;
02/12/2021  12:47:18,136763;9,423149E-1;1,152668E-1;1,234183E-1;9,456452E-1;;
02/12/2021  12:47:18,136863;9,419602E-1;1,375674E-1;1,357397E-1;9,453160E-1;;
02/12/2021  12:47:18,136963;9,413940E-1;1,155854E-1;1,237343E-1;9,449961E-1;;
02/12/2021  12:47:18,137063;9,419006E-1;1,165411E-1;1,240502E-1;9,446860E-1;;
02/12/2021  12:47:18,137163;9,420288E-1;1,123996E-1;1,161519E-1;9,443860E-1;;
02/12/2021  12:47:18,137263;9,414476E-1;1,302401E-1;1,388990E-1;9,440965E-1;;
02/12/2021  12:47:18,137363;9,410959E-1;1,439390E-1;1,325804E-1;9,438179E-1;;
02/12/2021  12:47:18,137463;9,406072E-1;1,280100E-1;1,224705E-1;9,435503E-1;;
02/12/2021  12:47:18,137563;9,413135E-1;1,426647E-1;1,828136E-1;9,432938E-1;;
02/12/2021  12:47:18,137663;9,410602E-1;1,410718E-1;1,398468E-1;9,430484E-1;;
02/12/2021  12:47:18,137763;9,402585E-1;1,190898E-1;1,262617E-1;9,428141E-1;;
02/12/2021  12:47:18,137863;9,398919E-1;1,210013E-1;1,278414E-1;9,425909E-1;;
02/12/2021  12:47:18,137963;9,400677E-1;1,098510E-1;1,148882E-1;9,423783E-1;;
02/12/2021  12:47:18,138063;9,404939E-1;8,723178E-2;8,455870E-2;9,421763E-1;;
02/12/2021  12:47:18,138163;9,402793E-1;1,318330E-1;1,287892E-1;9,419846E-1;;
02/12/2021  12:47:18,138263;9,402346E-1;1,248242E-1;1,177316E-1;9,418030E-1;;
02/12/2021  12:47:18,138363;9,387892E-1;1,018865E-1;9,150920E-2;9,416313E-1;;
02/12/2021  12:47:18,138463;9,386998E-1;1,165411E-1;1,155200E-1;9,414689E-1;;
02/12/2021  12:47:18,138563;9,394270E-1;1,372488E-1;1,528000E-1;9,413155E-1;;
02/12/2021  12:47:18,138663;9,390693E-1;1,267357E-1;1,237343E-1;9,411705E-1;;
02/12/2021  12:47:18,138763;9,379994E-1;1,206827E-1;1,199431E-1;9,410336E-1;;
02/12/2021  12:47:18,138863;9,379428E-1;1,178155E-1;1,199431E-1;9,409042E-1;;
02/12/2021  12:47:18,138963;9,377848E-1;1,031608E-1;9,751191E-2;9,407816E-1;;
02/12/2021  12:47:18,139063;9,381663E-1;1,407532E-1;1,354238E-1;9,406654E-1;;
02/12/2021  12:47:18,139163;9,374600E-1;5,537378E-2;7,697633E-2;9,405549E-1;;
02/12/2021  12:47:18,139263;9,370070E-1;1,149482E-1;1,221546E-1;9,404497E-1;;
02/12/2021  12:47:18,139363;9,370040E-1;1,149482E-1;1,284732E-1;9,403492E-1;;
02/12/2021  12:47:18,139463;9,372722E-1;1,356559E-1;1,249980E-1;9,402527E-1;;
02/12/2021  12:47:18,139563;9,370427E-1;1,286472E-1;1,262617E-1;9,401598E-1;;
02/12/2021  12:47:18,139663;9,367507E-1;1,136739E-1;1,038306E-1;9,400700E-1;;
02/12/2021  12:47:18,139763;9,355615E-1;1,665582E-1;1,543797E-1;9,399828E-1;;
02/12/2021  12:47:18,139863;9,353738E-1;1,391603E-1;1,281573E-1;9,398978E-1;;
02/12/2021  12:47:18,139963;9,360205E-1;1,216384E-1;1,253139E-1;9,398141E-1;;
02/12/2021  12:47:18,140063;9,362559E-1;1,216384E-1;1,332122E-1;9,397315E-1;;
02/12/2021  12:47:18,140163;9,354811E-1;1,232313E-1;1,253139E-1;9,396494E-1;;
02/12/2021  12:47:18,140263;9,343813E-1;1,194084E-1;1,351078E-1;9,395674E-1;;
02/12/2021  12:47:18,140363;9,331981E-1;1,321516E-1;1,556434E-1;9,394852E-1;;
02/12/2021  12:47:18,140463;9,335826E-1;1,133553E-1;1,449017E-1;9,394019E-1;;
02/12/2021  12:47:18,140563;9,335051E-1;1,241871E-1;1,234183E-1;9,393171E-1;;
02/12/2021  12:47:18,140663;9,326736E-1;1,120810E-1;1,234183E-1;9,392300E-1;;
02/12/2021  12:47:18,140763;9,320954E-1;1,165411E-1;1,186794E-1;9,391402E-1;;
02/12/2021  12:47:18,140863;9,315024E-1;1,190898E-1;1,243661E-1;9,390470E-1;;
02/12/2021  12:47:18,140963;9,317467E-1;1,232313E-1;1,426902E-1;9,389500E-1;;
02/12/2021  12:47:18,141063;9,308795E-1;1,194084E-1;1,212068E-1;9,388484E-1;;
02/12/2021  12:47:18,141163;9,306857E-1;1,506292E-1;1,597505E-1;9,387419E-1;;
02/12/2021  12:47:18,141263;9,297321E-1;1,512664E-1;1,398468E-1;9,386299E-1;;
02/12/2021  12:47:18,141363;9,287307E-1;1,308772E-1;1,310007E-1;9,385120E-1;;
02/12/2021  12:47:18,141463;9,292284E-1;1,311958E-1;1,284732E-1;9,383875E-1;;
02/12/2021  12:47:18,141563;9,294817E-1;1,375674E-1;1,332122E-1;9,382559E-1;;
02/12/2021  12:47:18,141663;9,287456E-1;1,385232E-1;1,490088E-1;9,381171E-1;;
02/12/2021  12:47:18,141763;9,281167E-1;1,120810E-1;1,189953E-1;9,379706E-1;;
02/12/2021  12:47:18,141863;9,276995E-1;1,378860E-1;1,287892E-1;9,378164E-1;;
02/12/2021  12:47:18,141963;9,284088E-1;1,885402E-1;1,834454E-1;9,376540E-1;;
02/12/2021  12:47:18,142063;9,286323E-1;1,219570E-1;1,268936E-1;9,374836E-1;;
02/12/2021  12:47:18,142163;9,275475E-1;1,299215E-1;1,152041E-1;9,373050E-1;;
02/12/2021  12:47:18,142263;9,269544E-1;1,407532E-1;1,474292E-1;9,371185E-1;;
02/12/2021  12:47:18,142363;9,266892E-1;1,206827E-1;1,139404E-1;9,369240E-1;;
02/12/2021  12:47:18,142463;9,266176E-1;1,108067E-1;9,498445E-2;9,367216E-1;;
02/12/2021  12:47:18,142563;9,264090E-1;1,483991E-1;1,423743E-1;9,365113E-1;;
02/12/2021  12:47:18,142663;9,261319E-1;1,407532E-1;1,193112E-1;9,362933E-1;;
02/12/2021  12:47:18,142763;9,255507E-1;1,331073E-1;1,407946E-1;9,360677E-1;;
02/12/2021  12:47:18,142863;9,259083E-1;1,318330E-1;1,332122E-1;9,358346E-1;;
02/12/2021  12:47:18,142963;9,260275E-1;4,677212E-2;3,085026E-2;9,355945E-1;;
02/12/2021  12:47:18,143063;9,259411E-1;1,168597E-1;1,224705E-1;9,353475E-1;;
02/12/2021  12:47:18,143163;9,258428E-1;1,098510E-1;1,212068E-1;9,350941E-1;;
02/12/2021  12:47:18,143263;9,248414E-1;1,200455E-1;1,227865E-1;9,348347E-1;;
02/12/2021  12:47:18,143363;9,254136E-1;1,037979E-1;1,114129E-1;9,345697E-1;;
02/12/2021  12:47:18,143463;9,256461E-1;7,767438E-2;7,539667E-2;9,342997E-1;;
02/12/2021  12:47:18,143563;9,261676E-1;1,101695E-1;1,167838E-1;9,340250E-1;;
02/12/2021  12:47:18,143663;9,253331E-1;1,076209E-1;1,237343E-1;9,337463E-1;;
02/12/2021  12:47:18,143763;9,252944E-1;1,085766E-1;1,215227E-1;9,334643E-1;;
02/12/2021  12:47:18,143863;9,256192E-1;1,302401E-1;1,521681E-1;9,331796E-1;;
02/12/2021  12:47:18,143963;9,267845E-1;1,101695E-1;1,164678E-1;9,328927E-1;;
02/12/2021  12:47:18,144063;9,263613E-1;1,123996E-1;1,126766E-1;9,326044E-1;;
02/12/2021  12:47:18,144163;9,248503E-1;8,691320E-2;7,697633E-2;9,323156E-1;;
02/12/2021  12:47:18,144263;9,240933E-1;1,139925E-1;1,148882E-1;9,320268E-1;;
02/12/2021  12:47:18,144363;9,244271E-1;1,063466E-1;1,110970E-1;9,317384E-1;;
02/12/2021  12:47:18,144463;9,250053E-1;9,073616E-2;1,161519E-1;9,314508E-1;;
02/12/2021  12:47:18,144563;9,246357E-1;8,978042E-2;1,110970E-1;9,311643E-1;;
02/12/2021  12:47:18,144663;9,237864E-1;1,149482E-1;1,373193E-1;9,308795E-1;;
02/12/2021  12:47:18,144763;9,231426E-1;1,069837E-1;1,158360E-1;9,305967E-1;;
02/12/2021  12:47:18,144863;9,239533E-1;6,716124E-2;8,487463E-2;9,303160E-1;;
02/12/2021  12:47:18,144963;9,246298E-1;1,136739E-1;1,291051E-1;9,300378E-1;;
02/12/2021  12:47:18,145063;9,244212E-1;1,302401E-1;1,426902E-1;9,297623E-1;;
02/12/2021  12:47:18,145163;9,235688E-1;1,499920E-1;1,493248E-1;9,294901E-1;;
02/12/2021  12:47:18,145263;9,226687E-1;1,324701E-1;1,426902E-1;9,292213E-1;;
02/12/2021  12:47:18,145363;9,246655E-1;1,436204E-1;1,708081E-1;9,289563E-1;;
02/12/2021  12:47:18,145463;9,248980E-1;1,729298E-1;1,477451E-1;9,286954E-1;;
02/12/2021  12:47:18,145563;9,246715E-1;1,770713E-1;1,584868E-1;9,284389E-1;;
02/12/2021  12:47:18,145663;9,245940E-1;1,770713E-1;1,486929E-1;9,281874E-1;;
02/12/2021  12:47:18,145763;9,242662E-1;1,751599E-1;1,524841E-1;9,279412E-1;;
02/12/2021  12:47:18,145863;9,259560E-1;1,627352E-1;1,531159E-1;9,277008E-1;;
02/12/2021  12:47:18,145963;9,265342E-1;1,745227E-1;1,695444E-1;9,274667E-1;;
02/12/2021  12:47:18,146063;9,263256E-1;1,585937E-1;1,562753E-1;9,272395E-1;;
02/12/2021  12:47:18,146163;9,253033E-1;1,401161E-1;1,240502E-1;9,270198E-1;;
02/12/2021  12:47:18,146263;9,261468E-1;1,190898E-1;1,079377E-1;9,268081E-1;;
02/12/2021  12:47:18,146363;9,270170E-1;1,385232E-1;9,688005E-2;9,266047E-1;;
02/12/2021  12:47:18,146463;9,276607E-1;1,356559E-1;1,328963E-1;9,264103E-1;;
02/12/2021  12:47:18,146563;9,277770E-1;1,257800E-1;1,272095E-1;9,262252E-1;;
02/12/2021  12:47:18,146663;9,275296E-1;1,397975E-1;1,464814E-1;9,260502E-1;;
02/12/2021  12:47:18,146763;9,281316E-1;1,382046E-1;1,401627E-1;9,258856E-1;;
02/12/2021  12:47:18,146863;9,298066E-1;1,267357E-1;1,385831E-1;9,257320E-1;;
02/12/2021  12:47:18,146963;9,297738E-1;1,127182E-1;1,212068E-1;9,255899E-1;;
02/12/2021  12:47:18,147063;9,303907E-1;1,331073E-1;1,354238E-1;9,254599E-1;;
02/12/2021  12:47:18,147163;9,304384E-1;9,328480E-2;8,392683E-2;9,253427E-1;;
02/12/2021  12:47:18,147263;9,311775E-1;1,417090E-1;1,379512E-1;9,252388E-1;;
02/12/2021  12:47:18,147363;9,323279E-1;1,687883E-1;1,771268E-1;9,251486E-1;;
02/12/2021  12:47:18,147463;9,329091E-1;1,327887E-1;1,373193E-1;9,250729E-1;;
02/12/2021  12:47:18,147563;9,325425E-1;1,372488E-1;1,363715E-1;9,250120E-1;;
02/12/2021  12:47:18,147663;9,332101E-1;1,308772E-1;1,379512E-1;9,249666E-1;;
02/12/2021  12:47:18,147763;9,345482E-1;1,213198E-1;1,227865E-1;9,249370E-1;;
02/12/2021  12:47:18,147863;9,359966E-1;1,324701E-1;1,202590E-1;9,249237E-1;;
02/12/2021  12:47:18,147963;9,357791E-1;1,270543E-1;1,117289E-1;9,249271E-1;;
02/12/2021  12:47:18,148063;9,352337E-1;1,216384E-1;1,183634E-1;9,249479E-1;;
02/12/2021  12:47:18,148163;9,348194E-1;1,442576E-1;1,401627E-1;9,249863E-1;;
02/12/2021  12:47:18,148263;9,362023E-1;1,382046E-1;1,152041E-1;9,250423E-1;;
02/12/2021  12:47:18,148363;9,374004E-1;5,760384E-2;7,444887E-2;9,251158E-1;;
02/12/2021  12:47:18,148463;9,374480E-1;9,551486E-2;1,076217E-1;9,252071E-1;;
02/12/2021  12:47:18,148563;9,378653E-1;1,037979E-1;1,208909E-1;9,253161E-1;;
02/12/2021  12:47:18,148663;9,377848E-1;1,264171E-1;1,202590E-1;9,254428E-1;;
02/12/2021  12:47:18,148763;9,392064E-1;1,257800E-1;1,335282E-1;9,255872E-1;;
02/12/2021  12:47:18,148863;9,409082E-1;1,270543E-1;1,417424E-1;9,257491E-1;;
02/12/2021  12:47:18,148963;9,419155E-1;1,474434E-1;1,433221E-1;9,259286E-1;;
02/12/2021  12:47:18,149063;9,415847E-1;1,241871E-1;1,079377E-1;9,261259E-1;;
02/12/2021  12:47:18,149163;9,423506E-1;1,391603E-1;1,480610E-1;9,263411E-1;;
02/12/2021  12:47:18,149263;9,446723E-1;1,203641E-1;1,249980E-1;9,265742E-1;;
02/12/2021  12:47:18,149363;9,459002E-1;1,203641E-1;1,243661E-1;9,268254E-1;;
02/12/2021  12:47:18,149463;9,465618E-1;1,499920E-1;1,461654E-1;9,270949E-1;;
02/12/2021  12:47:18,149563;9,471310E-1;1,162226E-1;1,069899E-1;9,273830E-1;;
02/12/2021  12:47:18,149663;9,481861E-1;1,366117E-1;1,316326E-1;9,276901E-1;;
02/12/2021  12:47:18,149763;9,501411E-1;1,006121E-1;1,553275E-1;9,280163E-1;;
02/12/2021  12:47:18,149863;9,514525E-1;1,356559E-1;1,439539E-1;9,283618E-1;;
02/12/2021  12:47:18,149963;9,518220E-1;1,283286E-1;1,319485E-1;9,287272E-1;;
02/12/2021  12:47:18,150063;9,518369E-1;1,092138E-1;1,227865E-1;9,291127E-1;;
02/12/2021  12:47:18,150163;9,527996E-1;1,229127E-1;1,471132E-1;9,295184E-1;;
02/12/2021  12:47:18,150263;9,542927E-1;1,210013E-1;1,063580E-1;9,299443E-1;;
02/12/2021  12:47:18,150363;9,553388E-1;1,436204E-1;1,388990E-1;9,303904E-1;;
02/12/2021  12:47:18,150463;9,556249E-1;1,184526E-1;1,287892E-1;9,308567E-1;;
02/12/2021  12:47:18,150563;9,561196E-1;1,257800E-1;1,231024E-1;9,313433E-1;;
02/12/2021  12:47:18,150663;9,579555E-1;1,159040E-1;1,205749E-1;9,318498E-1;;
02/12/2021  12:47:18,150763;9,590046E-1;1,538150E-1;1,809180E-1;9,323762E-1;;
02/12/2021  12:47:18,150863;9,603606E-1;1,216384E-1;1,291051E-1;9,329222E-1;;
02/12/2021  12:47:18,150963;9,610222E-1;1,260985E-1;1,114129E-1;9,334879E-1;;
02/12/2021  12:47:18,151063;9,614305E-1;1,248242E-1;1,423743E-1;9,340731E-1;;
02/12/2021  12:47:18,151163;9,617613E-1;1,181340E-1;1,272095E-1;9,346776E-1;;
02/12/2021  12:47:18,151263;9,632992E-1;8,659462E-2;9,372073E-2;9,353009E-1;;
02/12/2021  12:47:18,151363;9,637373E-1;1,245056E-1;1,303688E-1;9,359426E-1;;
02/12/2021  12:47:18,151463;9,640204E-1;1,181340E-1;1,142563E-1;9,366023E-1;;
02/12/2021  12:47:18,151563;9,639131E-1;9,455912E-2;1,237343E-1;9,372793E-1;;
02/12/2021  12:47:18,151663;9,649890E-1;1,280100E-1;1,338441E-1;9,379730E-1;;
02/12/2021  12:47:18,151763;9,662705E-1;3,371034E-2;5,517702E-2;9,386825E-1;;
02/12/2021  12:47:18,151863;9,659606E-1;1,123996E-1;1,107811E-1;9,394070E-1;;
02/12/2021  12:47:18,151963;9,657847E-1;1,296029E-1;1,291051E-1;9,401456E-1;;
02/12/2021  12:47:18,152063;9,650188E-1;1,267357E-1;1,218387E-1;9,408972E-1;;
02/12/2021  12:47:18,152163;9,652990E-1;1,280100E-1;1,338441E-1;9,416606E-1;;
02/12/2021  12:47:18,152263;9,658891E-1;1,088952E-1;1,325804E-1;9,424343E-1;;
02/12/2021  12:47:18,152363;9,653824E-1;1,168597E-1;1,237343E-1;9,432168E-1;;
02/12/2021  12:47:18,152463;9,646433E-1;1,382046E-1;1,328963E-1;9,440066E-1;;
02/12/2021  12:47:18,152563;9,639906E-1;1,210013E-1;1,224705E-1;9,448018E-1;;
02/12/2021  12:47:18,152663;9,651172E-1;1,187712E-1;1,240502E-1;9,456007E-1;;
02/12/2021  12:47:18,152763;9,651917E-1;1,264171E-1;1,300529E-1;9,464015E-1;;
02/12/2021  12:47:18,152863;9,654718E-1;1,241871E-1;1,237343E-1;9,472024E-1;;
02/12/2021  12:47:18,152963;9,643810E-1;1,299215E-1;1,919756E-1;9,480017E-1;;
02/12/2021  12:47:18,153063;9,642350E-1;1,286472E-1;1,284732E-1;9,487977E-1;;
02/12/2021  12:47:18,153163;9,646433E-1;1,401161E-1;1,256299E-1;9,495887E-1;;
02/12/2021  12:47:18,153263;9,651082E-1;1,194084E-1;1,471132E-1;9,503730E-1;;
02/12/2021  12:47:18,153363;9,648907E-1;1,359745E-1;1,313166E-1;9,511489E-1;;
02/12/2021  12:47:18,153463;9,646761E-1;1,267357E-1;1,388990E-1;9,519151E-1;;
02/12/2021  12:47:18,153563;9,646701E-1;1,213198E-1;1,237343E-1;9,526701E-1;;
02/12/2021  12:47:18,153663;9,652841E-1;7,894870E-2;8,961361E-2;9,534124E-1;;
02/12/2021  12:47:18,153763;9,661603E-1;1,213198E-1;1,189953E-1;9,541410E-1;;
02/12/2021  12:47:18,153863;9,652304E-1;1,353374E-1;1,313166E-1;9,548547E-1;;
02/12/2021  12:47:18,153963;9,645271E-1;1,076209E-1;1,063580E-1;9,555527E-1;;
02/12/2021  12:47:18,154063;9,640532E-1;6,556834E-2;7,286922E-2;9,562338E-1;;
02/12/2021  12:47:18,154163;9,643929E-1;1,477620E-1;1,682807E-1;9,568969E-1;;
02/12/2021  12:47:18,154263;9,646165E-1;1,417090E-1;1,335282E-1;9,575411E-1;;
02/12/2021  12:47:18,154363;9,637224E-1;1,292843E-1;1,272095E-1;9,581655E-1;;
02/12/2021  12:47:18,154463;9,626286E-1;1,181340E-1;1,174156E-1;9,587693E-1;;
02/12/2021  12:47:18,154563;9,620474E-1;1,139925E-1;1,202590E-1;9,593515E-1;;
02/12/2021  12:47:18,154663;9,625630E-1;1,092138E-1;1,224705E-1;9,599111E-1;;
02/12/2021  12:47:18,154763;9,623902E-1;1,254614E-1;1,218387E-1;9,604472E-1;;
02/12/2021  12:47:18,154863;9,617315E-1;1,034794E-1;1,107811E-1;9,609593E-1;;
02/12/2021  12:47:18,154963;9,608255E-1;1,073023E-1;1,177316E-1;9,614466E-1;;
02/12/2021  12:47:18,155063;9,602950E-1;1,254614E-1;1,253139E-1;9,619085E-1;;
02/12/2021  12:47:18,155163;9,608196E-1;1,372488E-1;1,742834E-1;9,623442E-1;;
02/12/2021  12:47:18,155263;9,602414E-1;1,305587E-1;1,240502E-1;9,627534E-1;;
02/12/2021  12:47:18,155363;9,597705E-1;1,063466E-1;1,107811E-1;9,631356E-1;;
02/12/2021  12:47:18,155463;9,591953E-1;1,229127E-1;1,509044E-1;9,634904E-1;;
02/12/2021  12:47:18,155563;9,589211E-1;1,382046E-1;1,351078E-1;9,638176E-1;;
02/12/2021  12:47:18,155663;9,596334E-1;1,260985E-1;1,129926E-1;9,641170E-1;;
02/12/2021  12:47:18,155763;9,589867E-1;1,267357E-1;1,215227E-1;9,643885E-1;;
02/12/2021  12:47:18,155863;9,582207E-1;1,216384E-1;1,136244E-1;9,646323E-1;;
02/12/2021  12:47:18,155963;9,571180E-1;5,091366E-2;9,498445E-2;9,648483E-1;;
02/12/2021  12:47:18,156063;9,569690E-1;1,069837E-1;1,183634E-1;9,650367E-1;;
02/12/2021  12:47:18,156163;9,573267E-1;1,267357E-1;1,341600E-1;9,651975E-1;;
02/12/2021  12:47:18,156263;9,571031E-1;9,009900E-2;1,006712E-1;9,653310E-1;;
02/12/2021  12:47:18,156363;9,564147E-1;1,120810E-1;1,167838E-1;9,654373E-1;;
02/12/2021  12:47:18,156463;9,550497E-1;1,123996E-1;1,196272E-1;9,655170E-1;;
02/12/2021  12:47:18,156563;9,551659E-1;1,300264E-2;4,791059E-2;9,655703E-1;;
02/12/2021  12:47:18,156663;9,553537E-1;1,063466E-1;1,076217E-1;9,655976E-1;;
02/12/2021  12:47:18,156763;9,557888E-1;8,532030E-2;1,025668E-1;9,655992E-1;;
02/12/2021  12:47:18,156863;9,543404E-1;1,098510E-1;1,240502E-1;9,655760E-1;;
02/12/2021  12:47:18,156963;9,532496E-1;9,933782E-2;1,104651E-1;9,655284E-1;;
02/12/2021  12:47:18,157063;9,536758E-1;9,360338E-2;1,079377E-1;9,654570E-1;;
02/12/2021  12:47:18,157163;9,540871E-1;9,232906E-2;9,877564E-2;9,653625E-1;;
02/12/2021  12:47:18,157263;9,535357E-1;9,678918E-2;1,095173E-1;9,652454E-1;;
02/12/2021  12:47:18,157363;9,526416E-1;1,044351E-1;1,139404E-1;9,651066E-1;;
02/12/2021  12:47:18,157463;9,513750E-1;6,811698E-2;8,234717E-2;9,649470E-1;;
02/12/2021  12:47:18,157563;9,515270E-1;2,574584E-2;8,139938E-2;9,647670E-1;;
02/12/2021  12:47:18,157663;9,514018E-1;1,018865E-1;1,392149E-1;9,645675E-1;;
02/12/2021  12:47:18,157763;9,504004E-1;1,133553E-1;1,265777E-1;9,643489E-1;;
02/12/2021  12:47:18,157863;9,487493E-1;1,069837E-1;1,423743E-1;9,641121E-1;;
02/12/2021  12:47:18,157963;9,466780E-1;1,563636E-1;1,606983E-1;9,638575E-1;;
02/12/2021  12:47:18,158063;9,468986E-1;1,754784E-1;1,812339E-1;9,635852E-1;;
02/12/2021  12:47:18,158163;9,463919E-1;1,327887E-1;1,347919E-1;9,632956E-1;;
02/12/2021  12:47:18,158263;9,451730E-1;1,493549E-1;1,341600E-1;9,629889E-1;;
02/12/2021  12:47:18,158363;9,441418E-1;1,522221E-1;1,423743E-1;9,626653E-1;;
02/12/2021  12:47:18,158463;9,422910E-1;8,850610E-2;1,246821E-1;9,623249E-1;;
02/12/2021  12:47:18,158563;9,424967E-1;1,767528E-1;1,768108E-1;9,619678E-1;;
02/12/2021  12:47:18,158663;9,419930E-1;1,697440E-1;1,509044E-1;9,615940E-1;;
02/12/2021  12:47:18,158763;9,409886E-1;1,547707E-1;1,461654E-1;9,612037E-1;;
02/12/2021  12:47:18,158863;9,398472E-1;1,174969E-1;1,196272E-1;9,607972E-1;;
02/12/2021  12:47:18,158963;9,384584E-1;1,286472E-1;1,237343E-1;9,603744E-1;;
02/12/2021  12:47:18,159063;9,390038E-1;1,436204E-1;1,449017E-1;9,599355E-1;;
02/12/2021  12:47:18,159163;9,385120E-1;1,082581E-1;1,256299E-1;9,594808E-1;;
02/12/2021  12:47:18,159263;9,374123E-1;1,401161E-1;1,502726E-1;9,590104E-1;;
02/12/2021  12:47:18,159363;9,362380E-1;1,257800E-1;1,281573E-1;9,585249E-1;;
02/12/2021  12:47:18,159463;9,350728E-1;1,496735E-1;1,325804E-1;9,580243E-1;;
02/12/2021  12:47:18,159563;9,358446E-1;1,165411E-1;1,142563E-1;9,575091E-1;;
02/12/2021  12:47:18,159663;9,353142E-1;1,264171E-1;1,240502E-1;9,569796E-1;;
02/12/2021  12:47:18,159763;9,342621E-1;1,267357E-1;1,328963E-1;9,564363E-1;;
02/12/2021  12:47:18,159863;9,327600E-1;6,588692E-2;9,624818E-2;9,558797E-1;;
02/12/2021  12:47:18,159963;9,319643E-1;1,276914E-1;1,322644E-1;9,553102E-1;;
02/12/2021  12:47:18,160063;9,315441E-1;9,901924E-2;9,340479E-2;9,547283E-1;;
02/12/2021  12:47:18,160163;9,315262E-1;1,327887E-1;1,291051E-1;9,541342E-1;;
02/12/2021  12:47:18,160263;9,306351E-1;1,101695E-1;1,199431E-1;9,535286E-1;;
02/12/2021  12:47:18,160363;9,290704E-1;1,356559E-1;1,347919E-1;9,529118E-1;;
02/12/2021  12:47:18,160463;9,278485E-1;1,162226E-1;1,246821E-1;9,522844E-1;;
02/12/2021  12:47:18,160563;9,280363E-1;1,292843E-1;1,212068E-1;9,516466E-1;;
02/12/2021  12:47:18,160663;9,268859E-1;1,222756E-1;1,259458E-1;9,509988E-1;;
02/12/2021  12:47:18,160763;9,261974E-1;1,174969E-1;1,310007E-1;9,503415E-1;;
02/12/2021  12:47:18,160863;9,244152E-1;1,410718E-1;1,313166E-1;9,496749E-1;;
02/12/2021  12:47:18,160963;9,240665E-1;1,095324E-1;9,308886E-2;9,489994E-1;;
02/12/2021  12:47:18,161063;9,244092E-1;9,615202E-2;9,056141E-2;9,483152E-1;;
02/12/2021  12:47:18,161163;9,235956E-1;1,331073E-1;1,354238E-1;9,476228E-1;;
02/12/2021  12:47:18,161263;9,236582E-1;1,378860E-1;1,360556E-1;9,469226E-1;;
02/12/2021  12:47:18,161363;9,224393E-1;1,229127E-1;1,221546E-1;9,462153E-1;;
02/12/2021  12:47:18,161463;9,229310E-1;1,264171E-1;1,224705E-1;9,455014E-1;;
02/12/2021  12:47:18,161563;9,225257E-1;1,343816E-1;1,256299E-1;9,447817E-1;;
02/12/2021  12:47:18,161663;9,224333E-1;1,165411E-1;1,025668E-1;9,440569E-1;;
02/12/2021  12:47:18,161763;9,220369E-1;1,315144E-1;1,322644E-1;9,433279E-1;;
02/12/2021  12:47:18,161863;9,208686E-1;1,315144E-1;1,287892E-1;9,425955E-1;;
02/12/2021  12:47:18,161963;9,215392E-1;1,245056E-1;1,224705E-1;9,418607E-1;;
02/12/2021  12:47:18,162063;9,219624E-1;1,334259E-1;1,553275E-1;9,411243E-1;;
02/12/2021  12:47:18,162163;9,222992E-1;1,302401E-1;1,240502E-1;9,403873E-1;;
02/12/2021  12:47:18,162263;9,211637E-1;1,426647E-1;1,395309E-1;9,396509E-1;;
02/12/2021  12:47:18,162363;9,214200E-1;9,901924E-2;1,101492E-1;9,389162E-1;;
02/12/2021  12:47:18,162463;9,222277E-1;1,270543E-1;1,281573E-1;9,381843E-1;;
02/12/2021  12:47:18,162563;9,224124E-1;1,337445E-1;1,392149E-1;9,374565E-1;;
02/12/2021  12:47:18,162663;9,218402E-1;1,257800E-1;1,287892E-1;9,367339E-1;;
02/12/2021  12:47:18,162763;9,218849E-1;1,257800E-1;1,319485E-1;9,360179E-1;;
02/12/2021  12:47:18,162863;9,217150E-1;1,350188E-1;1,335282E-1;9,353096E-1;;
02/12/2021  12:47:18,162963;9,229221E-1;1,382046E-1;1,385831E-1;9,346101E-1;;
02/12/2021  12:47:18,163063;9,243765E-1;1,184526E-1;1,202590E-1;9,339208E-1;;
02/12/2021  12:47:18,163163;9,248742E-1;1,308772E-1;1,322644E-1;9,332429E-1;;
02/12/2021  12:47:18,163263;9,249934E-1;9,073616E-2;8,992954E-2;9,325781E-1;;
02/12/2021  12:47:18,163363;9,255119E-1;1,296029E-1;1,202590E-1;9,319279E-1;;
02/12/2021  12:47:18,163463;9,276071E-1;1,311958E-1;1,332122E-1;9,312938E-1;;
02/12/2021  12:47:18,163563;9,285310E-1;1,305587E-1;1,344760E-1;9,306775E-1;;
02/12/2021  12:47:18,163663;9,287873E-1;1,302401E-1;1,540637E-1;9,300806E-1;;
02/12/2021  12:47:18,163763;9,282955E-1;1,184526E-1;1,196272E-1;9,295050E-1;;
02/12/2021  12:47:18,163863;9,286681E-1;1,385232E-1;1,407946E-1;9,289520E-1;;
02/12/2021  12:47:18,163963;9,293834E-1;1,165411E-1;1,240502E-1;9,284229E-1;;
02/12/2021  12:47:18,164063;9,306947E-1;1,238685E-1;1,237343E-1;9,279190E-1;;
02/12/2021  12:47:18,164163;9,305636E-1;1,289658E-1;1,436380E-1;9,274415E-1;;
02/12/2021  12:47:18,164263;9,302059E-1;1,095324E-1;1,199431E-1;9,269913E-1;;
02/12/2021  12:47:18,164363;9,299288E-1;1,506292E-1;1,445858E-1;9,265694E-1;;
02/12/2021  12:47:18,164463;9,308497E-1;8,786894E-2;8,929768E-2;9,261763E-1;;
02/12/2021  12:47:18,164563;9,319077E-1;1,280100E-1;1,338441E-1;9,258125E-1;;
02/12/2021  12:47:18,164663;9,317110E-1;1,085766E-1;9,688005E-2;9,254786E-1;;
02/12/2021  12:47:18,164763;9,313533E-1;1,133553E-1;1,347919E-1;9,251747E-1;;
02/12/2021  12:47:18,164863;9,319077E-1;6,939130E-2;1,455336E-1;9,249012E-1;;
02/12/2021  12:47:18,164963;9,340028E-1;1,315144E-1;1,471132E-1;9,246580E-1;;
02/12/2021  12:47:18,165063;9,340654E-1;1,471248E-1;1,445858E-1;9,244453E-1;;
02/12/2021  12:47:18,165163;9,345065E-1;1,315144E-1;1,227865E-1;9,242632E-1;;
02/12/2021  12:47:18,165263;9,340088E-1;1,286472E-1;1,294210E-1;9,241118E-1;;
02/12/2021  12:47:18,165363;9,349655E-1;5,505520E-2;7,508074E-2;9,239909E-1;;
02/12/2021  12:47:18,165463;9,367238E-1;1,245056E-1;1,180475E-1;9,239003E-1;;
02/12/2021  12:47:18,165563;9,363126E-1;1,321516E-1;1,385831E-1;9,238398E-1;;
02/12/2021  12:47:18,165663;9,359758E-1;1,426647E-1;1,319485E-1;9,238093E-1;;
02/12/2021  12:47:18,165763;9,353469E-1;1,426647E-1;1,341600E-1;9,238082E-1;;
02/12/2021  12:47:18,165863;9,356718E-1;1,219570E-1;1,205749E-1;9,238359E-1;;
02/12/2021  12:47:18,165963;9,364526E-1;1,299215E-1;1,303688E-1;9,238915E-1;;
02/12/2021  12:47:18,166063;9,365659E-1;1,404346E-1;1,420583E-1;9,239742E-1;;
02/12/2021  12:47:18,166163;9,363930E-1;1,225942E-1;1,259458E-1;9,240831E-1;;
02/12/2021  12:47:18,166263;9,359907E-1;6,811698E-2;8,613836E-2;9,242171E-1;;
02/12/2021  12:47:18,166363;9,367358E-1;1,280100E-1;1,278414E-1;9,243752E-1;;
02/12/2021  12:47:18,166463;9,372812E-1;1,592309E-1;1,739675E-1;9,245561E-1;;
02/12/2021  12:47:18,166563;9,372722E-1;1,264171E-1;1,224705E-1;9,247587E-1;;
02/12/2021  12:47:18,166663;9,366463E-1;1,503106E-1;1,556434E-1;9,249819E-1;;
02/12/2021  12:47:18,166763;9,368699E-1;1,127182E-1;1,790224E-1;9,252244E-1;;
02/12/2021  12:47:18,166863;9,374331E-1;1,656025E-1;1,875525E-1;9,254848E-1;;
02/12/2021  12:47:18,166963;9,386551E-1;1,305587E-1;1,338441E-1;9,257620E-1;;
02/12/2021  12:47:18,167063;9,388756E-1;1,337445E-1;1,284732E-1;9,260547E-1;;
02/12/2021  12:47:18,167163;9,385835E-1;1,471248E-1;1,430061E-1;9,263618E-1;;
02/12/2021  12:47:18,167263;9,381067E-1;1,391603E-1;1,335282E-1;9,266824E-1;;
02/12/2021  12:47:18,167363;9,388220E-1;1,487177E-1;1,733356E-1;9,270153E-1;;
02/12/2021  12:47:18,167463;9,394449E-1;1,273729E-1;1,376353E-1;9,273592E-1;;
02/12/2021  12:47:18,167563;9,396803E-1;1,203641E-1;1,199431E-1;9,277130E-1;;
02/12/2021  12:47:18,167663;9,390038E-1;1,225942E-1;1,114129E-1;9,280758E-1;;
02/12/2021  12:47:18,167763;9,383600E-1;1,331073E-1;1,319485E-1;9,284465E-1;;
02/12/2021  12:47:18,167863;9,395879E-1;8,468314E-2;1,000394E-1;9,288237E-1;;
02/12/2021  12:47:18,167963;9,405297E-1;1,222756E-1;1,218387E-1;9,292065E-1;;
02/12/2021  12:47:18,168063;9,404373E-1;1,308772E-1;1,294210E-1;9,295939E-1;;
02/12/2021  12:47:18,168163;9,397220E-1;1,382046E-1;1,300529E-1;9,299849E-1;;
02/12/2021  12:47:18,168263;9,404164E-1;1,280100E-1;1,332122E-1;9,303787E-1;;
02/12/2021  12:47:18,168363;9,419602E-1;7,671864E-2;1,177316E-1;9,307744E-1;;
02/12/2021  12:47:18,168463;9,434086E-1;1,232313E-1;1,253139E-1;9,311713E-1;;
02/12/2021  12:47:18,168563;9,436441E-1;1,474434E-1;1,430061E-1;9,315690E-1;;
02/12/2021  12:47:18,168663;9,431762E-1;1,722926E-1;1,742834E-1;9,319673E-1;;
02/12/2021  12:47:18,168763;9,432477E-1;1,289658E-1;1,303688E-1;9,323659E-1;;
02/12/2021  12:47:18,168863;9,445501E-1;4,231200E-2;1,044624E-1;9,327643E-1;;
02/12/2021  12:47:18,168963;9,455753E-1;1,149482E-1;1,202590E-1;9,331624E-1;;
02/12/2021  12:47:18,169063;9,465350E-1;1,280100E-1;1,351078E-1;9,335600E-1;;
02/12/2021  12:47:18,169163;9,463681E-1;1,337445E-1;1,464814E-1;9,339571E-1;;
02/12/2021  12:47:18,169263;9,471549E-1;1,210013E-1;1,022509E-1;9,343539E-1;;
02/12/2021  12:47:18,169363;9,479506E-1;1,204690E-2;4,664686E-2;9,347503E-1;;
02/12/2021  12:47:18,169463;9,481801E-1;1,206827E-1;1,205749E-1;9,351465E-1;;
02/12/2021  12:47:18,169563;9,476109E-1;1,149482E-1;1,145722E-1;9,355427E-1;;
02/12/2021  12:47:18,169663;9,463651E-1;1,025236E-1;1,031987E-1;9,359386E-1;;
02/12/2021  12:47:18,169763;9,468747E-1;9,424054E-2;9,245700E-2;9,363342E-1;;
02/12/2021  12:47:18,169863;9,473665E-1;9,965640E-2;1,278414E-1;9,367289E-1;;
02/12/2021  12:47:18,169963;9,482636E-1;1,120810E-1;1,193112E-1;9,371225E-1;;
02/12/2021  12:47:18,170063;9,490176E-1;8,595746E-2;9,877564E-2;9,375147E-1;;
02/12/2021  12:47:18,170163;9,476228E-1;9,901924E-2;1,085695E-1;9,379054E-1;;
02/12/2021  12:47:18,170263;9,485258E-1;9,360338E-2;9,909157E-2;9,382942E-1;;
02/12/2021  12:47:18,170363;9,496256E-1;1,063466E-1;1,129926E-1;9,386810E-1;;
02/12/2021  12:47:18,170463;9,501531E-1;8,117876E-2;8,045158E-2;9,390655E-1;;
02/12/2021  12:47:18,170563;9,489520E-1;1,006121E-1;1,152041E-1;9,394477E-1;;
02/12/2021  12:47:18,170663;9,491875E-1;1,037979E-1;1,177316E-1;9,398274E-1;;
02/12/2021  12:47:18,170763;9,494706E-1;1,031608E-1;1,208909E-1;9,402043E-1;;
02/12/2021  12:47:18,170863;9,501382E-1;1,455319E-1;1,736515E-1;9,405781E-1;;
02/12/2021  12:47:18,170963;9,515628E-1;1,235499E-1;1,221546E-1;9,409487E-1;;
02/12/2021  12:47:18,171063;9,499951E-1;1,420275E-1;1,354238E-1;9,413160E-1;;
02/12/2021  12:47:18,171163;9,496434E-1;1,808943E-1;1,537478E-1;9,416798E-1;;
02/12/2021  12:47:18,171263;9,500339E-1;1,174969E-1;1,325804E-1;9,420399E-1;;
02/12/2021  12:47:18,171363;9,499236E-1;1,662396E-1;1,398468E-1;9,423959E-1;;
02/12/2021  12:47:18,171463;9,502782E-1;1,331073E-1;1,300529E-1;9,427474E-1;;
02/12/2021  12:47:18,171563;9,492769E-1;1,413904E-1;9,719598E-2;9,430940E-1;;
02/12/2021  12:47:18,171663;9,473993E-1;1,573194E-1;1,553275E-1;9,434354E-1;;
02/12/2021  12:47:18,171763;9,477986E-1;1,506292E-1;1,461654E-1;9,437709E-1;;
02/12/2021  12:47:18,171863;9,469582E-1;1,401161E-1;1,379512E-1;9,440995E-1;;
02/12/2021  12:47:18,171963;9,460254E-1;1,375674E-1;1,357397E-1;9,444205E-1;;
02/12/2021  12:47:18,172063;9,436530E-1;1,318330E-1;1,253139E-1;9,447328E-1;;
02/12/2021  12:47:18,172163;9,424132E-1;1,034794E-1;1,095173E-1;9,450352E-1;;
02/12/2021  12:47:18,172263;9,425354E-1;1,251428E-1;1,341600E-1;9,453263E-1;;
02/12/2021  12:47:18,172363;9,416026E-1;1,289658E-1;1,275255E-1;9,456046E-1;;
02/12/2021  12:47:18,172463;9,411228E-1;1,264171E-1;1,382671E-1;9,458687E-1;;
02/12/2021  12:47:18,172563;9,393912E-1;1,270543E-1;1,287892E-1;9,461174E-1;;
02/12/2021  12:47:18,172663;9,387534E-1;1,353374E-1;1,281573E-1;9,463492E-1;;
02/12/2021  12:47:18,172763;9,387326E-1;1,292843E-1;1,275255E-1;9,465629E-1;;
02/12/2021  12:47:18,172863;9,385925E-1;1,063466E-1;1,117289E-1;9,467571E-1;;
02/12/2021  12:47:18,172963;9,378236E-1;1,286472E-1;1,344760E-1;9,469309E-1;;
02/12/2021  12:47:18,173063;9,370785E-1;9,360338E-2;1,107811E-1;9,470834E-1;;
02/12/2021  12:47:18,173163;9,366314E-1;1,213198E-1;1,262617E-1;9,472136E-1;;
02/12/2021  12:47:18,173263;9,376895E-1;3,944478E-2;8,866581E-2;9,473210E-1;;
02/12/2021  12:47:18,173363;9,375583E-1;1,366117E-1;1,357397E-1;9,474051E-1;;
02/12/2021  12:47:18,173463;9,370636E-1;1,347002E-1;1,057261E-1;9,474656E-1;;
02/12/2021  12:47:18,173563;9,349714E-1;8,054160E-2;8,297904E-2;9,475026E-1;;
02/12/2021  12:47:18,173663;9,346108E-1;1,480806E-1;1,648054E-1;9,475158E-1;;
02/12/2021  12:47:18,173763;9,356122E-1;1,034794E-1;1,092014E-1;9,475051E-1;;
02/12/2021  12:47:18,173863;9,352665E-1;1,241871E-1;1,243661E-1;9,474705E-1;;
02/12/2021  12:47:18,173963;9,341280E-1;1,159040E-1;1,114129E-1;9,474122E-1;;
02/12/2021  12:47:18,174063;9,332935E-1;1,146297E-1;1,085695E-1;9,473305E-1;;
02/12/2021  12:47:18,174163;9,330491E-1;1,267357E-1;1,268936E-1;9,472255E-1;;
02/12/2021  12:47:18,174263;9,341757E-1;7,544432E-2;7,950379E-2;9,470976E-1;;
02/12/2021  12:47:18,174363;9,336362E-1;1,235499E-1;1,275255E-1;9,469472E-1;;
02/12/2021  12:47:18,174463;9,329299E-1;1,031608E-1;1,085695E-1;9,467750E-1;;
02/12/2021  12:47:18,174563;9,321938E-1;1,114439E-1;1,148882E-1;9,465817E-1;;
02/12/2021  12:47:18,174663;9,325246E-1;1,146297E-1;1,212068E-1;9,463680E-1;;
02/12/2021  12:47:18,174763;9,337733E-1;1,327887E-1;1,227865E-1;9,461345E-1;;
02/12/2021  12:47:18,174863;9,343515E-1;1,299215E-1;1,246821E-1;9,458824E-1;;
02/12/2021  12:47:18,174963;9,344558E-1;1,152668E-1;1,202590E-1;9,456129E-1;;
02/12/2021  12:47:18,175063;9,345095E-1;9,838208E-2;1,110970E-1;9,453274E-1;;
02/12/2021  12:47:18,175163;9,354811E-1;1,735670E-1;1,613302E-1;9,450273E-1;;
02/12/2021  12:47:18,175263;9,364973E-1;1,273729E-1;1,575390E-1;9,447143E-1;;
02/12/2021  12:47:18,175363;9,370219E-1;1,200455E-1;1,212068E-1;9,443901E-1;;
02/12/2021  12:47:18,175463;9,367328E-1;1,302401E-1;1,575390E-1;9,440565E-1;;
02/12/2021  12:47:18,175563;9,360980E-1;1,433019E-1;1,411105E-1;9,437155E-1;;
02/12/2021  12:47:18,175663;9,367596E-1;1,187712E-1;1,133085E-1;9,433688E-1;;
02/12/2021  12:47:18,175763;9,378683E-1;1,200455E-1;1,265777E-1;9,430178E-1;;
02/12/2021  12:47:18,175863;9,376775E-1;1,206827E-1;1,237343E-1;9,426645E-1;;
02/12/2021  12:47:18,175963;9,360324E-1;1,149482E-1;1,300529E-1;9,423103E-1;;
02/12/2021  12:47:18,176063;9,353827E-1;1,168597E-1;1,246821E-1;9,419568E-1;;
02/12/2021  12:47:18,176163;9,357999E-1;1,127182E-1;1,063580E-1;9,416050E-1;;
02/12/2021  12:47:18,176263;9,358595E-1;1,114439E-1;1,155200E-1;9,412559E-1;;
02/12/2021  12:47:18,176363;9,355734E-1;1,168597E-1;1,212068E-1;9,409104E-1;;
02/12/2021  12:47:18,176463;9,345989E-1;1,280100E-1;1,272095E-1;9,405694E-1;;
02/12/2021  12:47:18,176563;9,344141E-1;1,187712E-1;1,088855E-1;9,402336E-1;;
02/12/2021  12:47:18,176663;9,346704E-1;1,149482E-1;1,215227E-1;9,399035E-1;;
02/12/2021  12:47:18,176763;9,353261E-1;1,139925E-1;1,212068E-1;9,395797E-1;;
02/12/2021  12:47:18,176863;9,350191E-1;1,353374E-1;1,477451E-1;9,392626E-1;;
02/12/2021  12:47:18,176963;9,342860E-1;1,315144E-1;1,310007E-1;9,389529E-1;;
02/12/2021  12:47:18,177063;9,342830E-1;5,537378E-2;7,729226E-2;9,386508E-1;;
02/12/2021  12:47:18,177163;9,354572E-1;1,283286E-1;1,278414E-1;9,383568E-1;;
02/12/2021  12:47:18,177263;9,364735E-1;1,257800E-1;1,253139E-1;9,380712E-1;;
02/12/2021  12:47:18,177363;9,363036E-1;1,547707E-1;1,474292E-1;9,377946E-1;;
02/12/2021  12:47:18,177463;9,350280E-1;2,606442E-2;9,372073E-2;9,375276E-1;;
02/12/2021  12:47:18,177563;9,349595E-1;1,270543E-1;1,256299E-1;9,372706E-1;;
02/12/2021  12:47:18,177663;9,351085E-1;1,276914E-1;1,035146E-1;9,370237E-1;;
02/12/2021  12:47:18,177763;9,355466E-1;1,273729E-1;1,249980E-1;9,367872E-1;;
02/12/2021  12:47:18,177863;9,349297E-1;1,168597E-1;1,265777E-1;9,365611E-1;;
02/12/2021  12:47:18,177963;9,339462E-1;1,300264E-2;7,950379E-2;9,363456E-1;;
02/12/2021  12:47:18,178063;9,345452E-1;1,047537E-1;1,136244E-1;9,361405E-1;;
02/12/2021  12:47:18,178163;9,354006E-1;1,257800E-1;1,306848E-1;9,359457E-1;;
02/12/2021  12:47:18,178263;9,358566E-1;1,273729E-1;1,259458E-1;9,357613E-1;;
02/12/2021  12:47:18,178363;9,352754E-1;1,232313E-1;1,243661E-1;9,355872E-1;;
02/12/2021  12:47:18,178463;9,335290E-1;9,901924E-2;9,688005E-2;9,354234E-1;;
02/12/2021  12:47:18,178563;9,342651E-1;6,397544E-2;8,834988E-2;9,352698E-1;;
02/12/2021  12:47:18,178663;9,355764E-1;1,343816E-1;8,771802E-2;9,351259E-1;;
02/12/2021  12:47:18,178763;9,355615E-1;1,337445E-1;1,297370E-1;9,349917E-1;;
02/12/2021  12:47:18,178863;9,357284E-1;1,308772E-1;1,325804E-1;9,348671E-1;;
02/12/2021  12:47:18,178963;9,345214E-1;1,181340E-1;1,133085E-1;9,347519E-1;;
02/12/2021  12:47:18,179063;9,347419E-1;8,914326E-2;6,528685E-2;9,346461E-1;;
02/12/2021  12:47:18,179163;9,357731E-1;1,123996E-1;1,170997E-1;9,345493E-1;;
02/12/2021  12:47:18,179263;9,359251E-1;1,229127E-1;1,028828E-1;9,344614E-1;;
02/12/2021  12:47:18,179363;9,352188E-1;1,327887E-1;1,300529E-1;9,343822E-1;;
02/12/2021  12:47:18,179463;9,338031E-1;1,315144E-1;1,357397E-1;9,343114E-1;;
02/12/2021  12:47:18,179563;9,348969E-1;1,302401E-1;1,221546E-1;9,342488E-1;;
02/12/2021  12:47:18,179663;9,355854E-1;1,652839E-1;1,730197E-1;9,341939E-1;;
02/12/2021  12:47:18,179763;9,354602E-1;1,299215E-1;1,259458E-1;9,341464E-1;;
02/12/2021  12:47:18,179863;9,357791E-1;1,646467E-1;1,629098E-1;9,341060E-1;;
02/12/2021  12:47:18,179963;9,349237E-1;1,382046E-1;1,275255E-1;9,340726E-1;;
02/12/2021  12:47:18,180063;9,363245E-1;1,302401E-1;1,193112E-1;9,340459E-1;;
02/12/2021  12:47:18,180163;9,377312E-1;1,273729E-1;1,338441E-1;9,340258E-1;;
02/12/2021  12:47:18,180263;9,386312E-1;1,200455E-1;1,218387E-1;9,340123E-1;;
02/12/2021  12:47:18,180363;9,382676E-1;1,353374E-1;1,297370E-1;9,340056E-1;;
02/12/2021  12:47:18,180463;9,383988E-1;8,850610E-2;9,119327E-2;9,340060E-1;;
02/12/2021  12:47:18,180563;9,396863E-1;1,229127E-1;1,401627E-1;9,340137E-1;;
02/12/2021  12:47:18,180663;9,407145E-1;1,165411E-1;1,243661E-1;9,340290E-1;;
02/12/2021  12:47:18,180763;9,410542E-1;1,311958E-1;1,366875E-1;9,340523E-1;;
02/12/2021  12:47:18,180863;9,400081E-1;1,378860E-1;1,205749E-1;9,340841E-1;;
02/12/2021  12:47:18,180963;9,400379E-1;1,356559E-1;1,275255E-1;9,341245E-1;;
02/12/2021  12:47:18,181063;9,415042E-1;1,356559E-1;1,464814E-1;9,341737E-1;;
02/12/2021  12:47:18,181163;9,417784E-1;1,442576E-1;1,426902E-1;9,342319E-1;;
02/12/2021  12:47:18,181263;9,420943E-1;1,401161E-1;1,477451E-1;9,342992E-1;;
02/12/2021  12:47:18,181363;9,409678E-1;1,350188E-1;1,328963E-1;9,343759E-1;;
02/12/2021  12:47:18,181463;9,406191E-1;1,165411E-1;9,877564E-2;9,344619E-1;;
02/12/2021  12:47:18,181563;9,413999E-1;1,260985E-1;1,186794E-1;9,345570E-1;;
02/12/2021  12:47:18,181663;9,419870E-1;1,267357E-1;1,303688E-1;9,346610E-1;;
02/12/2021  12:47:18,181763;9,424311E-1;1,308772E-1;1,398468E-1;9,347737E-1;;
02/12/2021  12:47:18,181863;9,411585E-1;1,391603E-1;1,467973E-1;9,348949E-1;;
02/12/2021  12:47:18,181963;9,413582E-1;1,057094E-1;1,133085E-1;9,350244E-1;;
02/12/2021  12:47:18,182063;9,419513E-1;8,309024E-2;8,045158E-2;9,351617E-1;;
02/12/2021  12:47:18,182163;9,421659E-1;1,015679E-1;1,167838E-1;9,353064E-1;;
02/12/2021  12:47:18,182263;9,419304E-1;1,088952E-1;1,186794E-1;9,354582E-1;;
02/12/2021  12:47:18,182363;9,409946E-1;7,703722E-2;9,561632E-2;9,356165E-1;;
02/12/2021  12:47:18,182463;9,402495E-1;1,159040E-1;1,215227E-1;9,357809E-1;;
02/12/2021  12:47:18,182563;9,418857E-1;1,197269E-1;1,212068E-1;9,359506E-1;;
02/12/2021  12:47:18,182663;9,415251E-1;1,060280E-1;1,202590E-1;9,361249E-1;;
02/12/2021  12:47:18,182763;9,414387E-1;9,551486E-2;1,009872E-1;9,363033E-1;;
02/12/2021  12:47:18,182863;9,409976E-1;9,360338E-2;1,088855E-1;9,364851E-1;;
02/12/2021  12:47:18,182963;9,415102E-1;1,006121E-1;1,129926E-1;9,366699E-1;;
02/12/2021  12:47:18,183063;9,425950E-1;8,086018E-2;7,034176E-2;9,368569E-1;;
02/12/2021  12:47:18,183163;9,426368E-1;-1,014882E-3;5,138584E-2;9,370458E-1;;
02/12/2021  12:47:18,183263;9,414446E-1;1,120810E-1;1,237343E-1;9,372363E-1;;
02/12/2021  12:47:18,183363;9,404880E-1;9,806350E-2;1,164678E-1;9,374277E-1;;
02/12/2021  12:47:18,183463;9,414268E-1;1,165411E-1;1,212068E-1;9,376195E-1;;
02/12/2021  12:47:18,183563;9,420824E-1;1,174969E-1;1,265777E-1;9,378110E-1;;
02/12/2021  12:47:18,183663;9,415638E-1;6,556834E-2;1,000394E-1;9,380019E-1;;
02/12/2021  12:47:18,183763;9,403449E-1;1,241871E-1;1,392149E-1;9,381915E-1;;
02/12/2021  12:47:18,183863;9,395670E-1;1,299215E-1;1,243661E-1;9,383794E-1;;
02/12/2021  12:47:18,183963;9,393614E-1;1,579565E-1;1,430061E-1;9,385646E-1;;
02/12/2021  12:47:18,184063;9,394478E-1;1,974605E-1;2,005057E-1;9,387465E-1;;
02/12/2021  12:47:18,184163;9,391200E-1;1,656025E-1;1,442698E-1;9,389242E-1;;
02/12/2021  12:47:18,184263;9,378593E-1;1,487177E-1;1,006712E-1;9,390970E-1;;
02/12/2021  12:47:18,184363;9,369325E-1;1,843987E-1;1,632258E-1;9,392641E-1;;
02/12/2021  12:47:18,184463;9,376686E-1;1,254614E-1;9,561632E-2;9,394244E-1;;
02/12/2021  12:47:18,184563;9,381931E-1;1,439390E-1;1,512204E-1;9,395773E-1;;
02/12/2021  12:47:18,184663;9,382229E-1;1,614609E-1;1,521681E-1;9,397219E-1;;
02/12/2021  12:47:18,184763;9,370219E-1;1,560451E-1;1,370034E-1;9,398580E-1;;
02/12/2021  12:47:18,184863;9,372186E-1;1,394789E-1;1,376353E-1;9,399849E-1;;
02/12/2021  12:47:18,184963;9,386968E-1;1,289658E-1;1,253139E-1;9,401022E-1;;
02/12/2021  12:47:18,185063;9,391289E-1;1,334259E-1;1,433221E-1;9,402098E-1;;
02/12/2021  12:47:18,185163;9,389471E-1;1,477620E-1;1,648054E-1;9,403076E-1;;
02/12/2021  12:47:18,185263;9,381931E-1;1,404346E-1;1,370034E-1;9,403957E-1;;
02/12/2021  12:47:18,185363;9,377520E-1;1,120810E-1;1,278414E-1;9,404742E-1;;
02/12/2021  12:47:18,185463;9,382199E-1;1,219570E-1;1,278414E-1;9,405431E-1;;
02/12/2021  12:47:18,185563;9,385210E-1;1,448948E-1;1,452176E-1;9,406025E-1;;
02/12/2021  12:47:18,185663;9,370755E-1;1,369303E-1;1,351078E-1;9,406525E-1;;
02/12/2021  12:47:18,185763;9,356330E-1;1,375674E-1;1,338441E-1;9,406931E-1;;
02/12/2021  12:47:18,185863;9,356301E-1;1,114439E-1;1,063580E-1;9,407242E-1;;
02/12/2021  12:47:18,185963;9,365301E-1;1,331073E-1;1,379512E-1;9,407455E-1;;
02/12/2021  12:47:18,186063;9,365391E-1;1,433019E-1;1,414265E-1;9,407569E-1;;
02/12/2021  12:47:18,186163;9,356271E-1;1,222756E-1;1,215227E-1;9,407585E-1;;
02/12/2021  12:47:18,186263;9,344648E-1;1,327887E-1;1,546956E-1;9,407504E-1;;
02/12/2021  12:47:18,186363;9,348075E-1;1,210013E-1;1,054102E-1;9,407324E-1;;
02/12/2021  12:47:18,186463;9,354811E-1;1,506292E-1;1,970305E-1;9,407044E-1;;
02/12/2021  12:47:18,186563;9,354483E-1;1,251428E-1;1,196272E-1;9,406666E-1;;
02/12/2021  12:47:18,186663;9,358804E-1;1,245056E-1;1,174156E-1;9,406191E-1;;
02/12/2021  12:47:18,186763;9,341667E-1;1,197269E-1;1,249980E-1;9,405623E-1;;
02/12/2021  12:47:18,186863;9,345274E-1;1,397975E-1;1,543797E-1;9,404963E-1;;
02/12/2021  12:47:18,186963;9,351443E-1;1,187712E-1;1,328963E-1;9,404214E-1;;
02/12/2021  12:47:18,187063;9,349446E-1;1,264171E-1;1,237343E-1;9,403379E-1;;
02/12/2021  12:47:18,187163;9,330342E-1;1,280100E-1;1,291051E-1;9,402460E-1;;
02/12/2021  12:47:18,187263;9,312043E-1;1,324701E-1;1,376353E-1;9,401459E-1;;
02/12/2021  12:47:18,187363;9,312878E-1;1,493549E-1;1,401627E-1;9,400375E-1;;
02/12/2021  12:47:18,187463;9,310911E-1;1,241871E-1;1,234183E-1;9,399206E-1;;
02/12/2021  12:47:18,187563;9,308884E-1;1,222756E-1;1,246821E-1;9,397950E-1;;
02/12/2021  12:47:18,187663;9,294847E-1;1,327887E-1;1,310007E-1;9,396605E-1;;
02/12/2021  12:47:18,187763;9,279171E-1;1,264171E-1;1,047783E-1;9,395170E-1;;
02/12/2021  12:47:18,187863;9,284475E-1;1,296029E-1;1,104651E-1;9,393640E-1;;
02/12/2021  12:47:18,187963;9,294430E-1;1,375674E-1;1,281573E-1;9,392013E-1;;
02/12/2021  12:47:18,188063;9,290674E-1;1,391603E-1;1,300529E-1;9,390288E-1;;
02/12/2021  12:47:18,188163;9,279767E-1;1,369303E-1;1,502726E-1;9,388466E-1;;
02/12/2021  12:47:18,188263;9,279141E-1;1,168597E-1;1,060421E-1;9,386547E-1;;
02/12/2021  12:47:18,188363;9,281972E-1;1,197269E-1;1,234183E-1;9,384533E-1;;
02/12/2021  12:47:18,188463;9,291151E-1;1,570008E-1;1,929234E-1;9,382425E-1;;
02/12/2021  12:47:18,188563;9,292522E-1;1,082581E-1;1,234183E-1;9,380228E-1;;
02/12/2021  12:47:18,188663;9,284058E-1;1,525407E-1;1,347919E-1;9,377946E-1;;
02/12/2021  12:47:18,188763;9,276637E-1;1,404346E-1;1,294210E-1;9,375586E-1;;
02/12/2021  12:47:18,188863;9,284028E-1;1,436204E-1;1,534319E-1;9,373152E-1;;
02/12/2021  12:47:18,188963;9,289959E-1;1,296029E-1;1,404787E-1;9,370650E-1;;
02/12/2021  12:47:18,189063;9,290913E-1;1,426647E-1;1,417424E-1;9,368085E-1;;
02/12/2021  12:47:18,189163;9,276667E-1;1,331073E-1;1,351078E-1;9,365466E-1;;
02/12/2021  12:47:18,189263;9,276637E-1;1,216384E-1;1,240502E-1;9,362799E-1;;
02/12/2021  12:47:18,189363;9,285101E-1;1,423461E-1;1,430061E-1;9,360090E-1;;
02/12/2021  12:47:18,189463;9,295562E-1;1,458505E-1;1,388990E-1;9,357345E-1;;
02/12/2021  12:47:18,189563;9,296873E-1;1,433019E-1;1,404787E-1;9,354573E-1;;
02/12/2021  12:47:18,189663;9,290555E-1;1,292843E-1;1,310007E-1;9,351782E-1;;
02/12/2021  12:47:18,189763;9,291688E-1;1,203641E-1;1,284732E-1;9,348983E-1;;
02/12/2021  12:47:18,189863;9,308914E-1;1,321516E-1;1,461654E-1;9,346184E-1;;
02/12/2021  12:47:18,189963;9,322772E-1;1,350188E-1;1,322644E-1;9,343394E-1;;
02/12/2021  12:47:18,190063;9,321103E-1;1,286472E-1;1,278414E-1;9,340626E-1;;
02/12/2021  12:47:18,190163;9,321521E-1;1,190898E-1;1,268936E-1;9,337894E-1;;
02/12/2021  12:47:18,190263;9,327481E-1;1,847173E-1;2,052447E-1;9,335209E-1;;
02/12/2021  12:47:18,190363;9,334932E-1;1,260985E-1;1,215227E-1;9,332582E-1;;
02/12/2021  12:47:18,190463;9,342949E-1;1,229127E-1;1,237343E-1;9,330026E-1;;
02/12/2021  12:47:18,190563;9,346168E-1;-1,566956E-2;6,212753E-2;9,327554E-1;;
02/12/2021  12:47:18,190663;9,340594E-1;1,251428E-1;1,344760E-1;9,325176E-1;;
02/12/2021  12:47:18,190763;9,346048E-1;1,190898E-1;1,161519E-1;9,322904E-1;;
02/12/2021  12:47:18,190863;9,358864E-1;1,458505E-1;1,562753E-1;9,320747E-1;;
02/12/2021  12:47:18,190963;9,363871E-1;1,260985E-1;1,284732E-1;9,318714E-1;;
02/12/2021  12:47:18,191063;9,356539E-1;1,248242E-1;1,249980E-1;9,316815E-1;;
02/12/2021  12:47:18,191163;9,349953E-1;1,229127E-1;1,287892E-1;9,315057E-1;;
02/12/2021  12:47:18,191263;9,351920E-1;7,448858E-2;7,792413E-2;9,313447E-1;;
02/12/2021  12:47:18,191363;9,363930E-1;7,385142E-2;8,992954E-2;9,311988E-1;;
02/12/2021  12:47:18,191463;9,375613E-1;1,232313E-1;1,231024E-1;9,310683E-1;;
02/12/2021  12:47:18,191563;9,366672E-1;1,331073E-1;1,316326E-1;9,309536E-1;;
02/12/2021  12:47:18,191663;9,359728E-1;1,464877E-1;1,452176E-1;9,308553E-1;;
02/12/2021  12:47:18,191763;9,361337E-1;1,273729E-1;1,268936E-1;9,307733E-1;;
02/12/2021  12:47:18,191863;9,369265E-1;1,155854E-1;8,992954E-2;9,307075E-1;;
02/12/2021  12:47:18,191963;9,372871E-1;1,127182E-1;1,009872E-1;9,306580E-1;;
02/12/2021  12:47:18,192063;9,369503E-1;1,225942E-1;1,259458E-1;9,306246E-1;;
02/12/2021  12:47:18,192163;9,362828E-1;1,308772E-1;7,855599E-2;9,306072E-1;;
02/12/2021  12:47:18,192263;9,373884E-1;1,267357E-1;1,139404E-1;9,306054E-1;;
02/12/2021  12:47:18,192363;9,384196E-1;1,327887E-1;1,224705E-1;9,306189E-1;;
02/12/2021  12:47:18,192463;9,392958E-1;1,280100E-1;1,199431E-1;9,306475E-1;;
02/12/2021  12:47:18,192563;9,389233E-1;1,423461E-1;1,480610E-1;9,306910E-1;;
02/12/2021  12:47:18,192663;9,387594E-1;1,037979E-1;1,050943E-1;9,307494E-1;;
02/12/2021  12:47:18,192763;9,411853E-1;1,241871E-1;1,139404E-1;9,308224E-1;;
02/12/2021  12:47:18,192863;9,426517E-1;1,821686E-1;2,251484E-1;9,309099E-1;;
02/12/2021  12:47:18,192963;9,435130E-1;1,324701E-1;1,297370E-1;9,310121E-1;;
02/12/2021  12:47:18,193063;9,437991E-1;7,480716E-2;4,506720E-2;9,311294E-1;;
02/12/2021  12:47:18,193163;9,434474E-1;1,302401E-1;1,281573E-1;9,312619E-1;;
02/12/2021  12:47:18,193263;9,449852E-1;1,276914E-1;1,430061E-1;9,314097E-1;;
02/12/2021  12:47:18,193363;9,446961E-1;1,203641E-1;1,351078E-1;9,315731E-1;;
02/12/2021  12:47:18,193463;9,440762E-1;1,308772E-1;1,360556E-1;9,317520E-1;;
02/12/2021  12:47:18,193563;9,437633E-1;1,213198E-1;1,221546E-1;9,319462E-1;;
02/12/2021  12:47:18,193663;9,430302E-1;1,280100E-1;1,294210E-1;9,321552E-1;;
02/12/2021  12:47:18,193763;9,436530E-1;1,260985E-1;1,161519E-1;9,323785E-1;;
02/12/2021  12:47:18,193863;9,438408E-1;1,445762E-1;1,351078E-1;9,326153E-1;;
02/12/2021  12:47:18,193963;9,438587E-1;1,388417E-1;1,458495E-1;9,328649E-1;;
02/12/2021  12:47:18,194063;9,428990E-1;1,302401E-1;1,231024E-1;9,331264E-1;;
02/12/2021  12:47:18,194163;9,431404E-1;1,318330E-1;1,218387E-1;9,333990E-1;;
02/12/2021  12:47:18,194263;9,442640E-1;1,245056E-1;1,275255E-1;9,336816E-1;;
02/12/2021  12:47:18,194363;9,453756E-1;1,260985E-1;1,272095E-1;9,339733E-1;;
02/12/2021  12:47:18,194463;9,448213E-1;1,092138E-1;1,227865E-1;9,342735E-1;;
02/12/2021  12:47:18,194563;9,453816E-1;9,424054E-2;1,028828E-1;9,345814E-1;;
02/12/2021  12:47:18,194663;9,460522E-1;7,385142E-2;1,136244E-1;9,348964E-1;;
02/12/2021  12:47:18,194763;9,468688E-1;1,095324E-1;1,177316E-1;9,352179E-1;;
02/12/2021  12:47:18,194863;9,474470E-1;9,901924E-2;1,069899E-1;9,355453E-1;;
02/12/2021  12:47:18,194963;9,469314E-1;8,914326E-2;8,550650E-2;9,358783E-1;;
02/12/2021  12:47:18,195063;9,463711E-1;6,939130E-2;1,139404E-1;9,362163E-1;;
02/12/2021  12:47:18,195163;9,463353E-1;1,037979E-1;1,136244E-1;9,365588E-1;;
02/12/2021  12:47:18,195263;9,476675E-1;1,130368E-1;1,357397E-1;9,369050E-1;;
02/12/2021  12:47:18,195363;9,472026E-1;8,786894E-2;1,013031E-1;9,372544E-1;;
02/12/2021  12:47:18,195463;9,474678E-1;1,060280E-1;1,069899E-1;9,376063E-1;;
02/12/2021  12:47:18,195563;9,461952E-1;1,092138E-1;1,297370E-1;9,379601E-1;;
02/12/2021  12:47:18,195663;9,461446E-1;1,066652E-1;1,085695E-1;9,383151E-1;;
02/12/2021  12:47:18,195763;9,468688E-1;1,018865E-1;1,123607E-1;9,386705E-1;;
02/12/2021  12:47:18,195863;9,466274E-1;8,786894E-2;1,066739E-1;9,390253E-1;;
02/12/2021  12:47:18,195963;9,458108E-1;8,372740E-2;1,047783E-1;9,393789E-1;;
02/12/2021  12:47:18,196063;9,436679E-1;9,965640E-2;1,208909E-1;9,397303E-1;;
02/12/2021  12:47:18,196163;9,442133E-1;9,583344E-2;9,561632E-2;9,400785E-1;;
02/12/2021  12:47:18,196263;9,444696E-1;9,742634E-2;8,708615E-2;9,404222E-1;;
02/12/2021  12:47:18,196363;9,440047E-1;1,053908E-1;1,202590E-1;9,407604E-1;;
02/12/2021  12:47:18,196463;9,432686E-1;1,289658E-1;1,420583E-1;9,410920E-1;;
02/12/2021  12:47:18,196563;9,425175E-1;1,334259E-1;1,310007E-1;9,414160E-1;;
02/12/2021  12:47:18,196663;9,428335E-1;1,114439E-1;1,253139E-1;9,417312E-1;;
02/12/2021  12:47:18,196763;9,431404E-1;1,155854E-1;1,376353E-1;9,420367E-1;;
02/12/2021  12:47:18,196863;9,432119E-1;1,471248E-1;1,152041E-1;9,423315E-1;;
02/12/2021  12:47:18,196963;9,428513E-1;1,748413E-1;2,144068E-1;9,426151E-1;;
02/12/2021  12:47:18,197063;9,423506E-1;1,522221E-1;1,297370E-1;9,428866E-1;;
02/12/2021  12:47:18,197163;9,432477E-1;1,675139E-1;1,477451E-1;9,431456E-1;;
02/12/2021  12:47:18,197263;9,437573E-1;2,130709E-1;2,387335E-1;9,433915E-1;;
02/12/2021  12:47:18,197363;9,435279E-1;1,573194E-1;1,556434E-1;9,436241E-1;;
02/12/2021  12:47:18,197463;9,433222E-1;-2,140400E-2;6,686651E-2;9,438432E-1;;
02/12/2021  12:47:18,197563;9,424907E-1;1,318330E-1;1,265777E-1;9,440488E-1;;
02/12/2021  12:47:18,197663;9,437305E-1;5,696668E-2;8,455870E-2;9,442407E-1;;
02/12/2021  12:47:18,197763;9,432269E-1;1,318330E-1;1,420583E-1;9,444189E-1;;
02/12/2021  12:47:18,197863;9,429378E-1;1,401161E-1;1,360556E-1;9,445834E-1;;
02/12/2021  12:47:18,197963;9,417665E-1;1,385232E-1;1,259458E-1;9,447342E-1;;
02/12/2021  12:47:18,198063;9,406936E-1;1,321516E-1;1,951349E-1;9,448714E-1;;
02/12/2021  12:47:18,198163;9,411406E-1;1,391603E-1;1,354238E-1;9,449946E-1;;
02/12/2021  12:47:18,198263;9,404909E-1;1,308772E-1;1,344760E-1;9,451038E-1;;
02/12/2021  12:47:18,198363;9,396177E-1;1,254614E-1;1,268936E-1;9,451987E-1;;
02/12/2021  12:47:18,198463;9,384763E-1;1,060280E-1;9,466852E-2;9,452791E-1;;
02/12/2021  12:47:18,198563;9,377342E-1;1,127182E-1;1,161519E-1;9,453448E-1;;
02/12/2021  12:47:18,198663;9,376954E-1;1,442576E-1;1,625939E-1;9,453952E-1;;
02/12/2021  12:47:18,198763;9,385776E-1;1,210013E-1;1,262617E-1;9,454301E-1;;
02/12/2021  12:47:18,198863;9,371649E-1;1,181340E-1;1,360556E-1;9,454494E-1;;
02/12/2021  12:47:18,198963;9,359817E-1;1,165411E-1;1,224705E-1;9,454528E-1;;
02/12/2021  12:47:18,199063;9,356450E-1;1,305587E-1;1,401627E-1;9,454403E-1;;
02/12/2021  12:47:18,199163;9,362708E-1;1,216384E-1;1,082536E-1;9,454115E-1;;
02/12/2021  12:47:18,199263;9,361099E-1;1,006121E-1;1,142563E-1;9,453665E-1;;
02/12/2021  12:47:18,199363;9,362291E-1;1,302401E-1;1,401627E-1;9,453053E-1;;
02/12/2021  12:47:18,199463;9,355228E-1;1,267357E-1;1,047783E-1;9,452281E-1;;
02/12/2021  12:47:18,199563;9,355049E-1;1,334259E-1;1,341600E-1;9,451353E-1;;
02/12/2021  12:47:18,199663;9,357791E-1;1,305587E-1;1,480610E-1;9,450270E-1;;
02/12/2021  12:47:18,199763;9,360682E-1;1,194084E-1;1,231024E-1;9,449038E-1;;
02/12/2021  12:47:18,199863;9,357850E-1;1,331073E-1;1,284732E-1;9,447662E-1;;
02/12/2021  12:47:18,199963;9,342889E-1;1,394789E-1;1,543797E-1;9,446148E-1;;
02/12/2021  12:47:18,200063;9,343545E-1;1,433019E-1;1,376353E-1;9,444500E-1;;
02/12/2021  12:47:18,200163;9,346913E-1;1,232313E-1;1,193112E-1;9,442725E-1;;
02/12/2021  12:47:18,200263;9,347092E-1;1,321516E-1;1,335282E-1;9,440826E-1;;
02/12/2021  12:47:18,200363;9,336899E-1;1,216384E-1;1,095173E-1;9,438811E-1;;
02/12/2021  12:47:18,200463;9,325514E-1;1,318330E-1;1,325804E-1;9,436685E-1;;
02/12/2021  12:47:18,200563;9,327422E-1;1,264171E-1;1,278414E-1;9,434451E-1;;
02/12/2021  12:47:18,200663;9,318689E-1;1,018865E-1;7,602853E-2;9,432115E-1;;
02/12/2021  12:47:18,200763;9,320328E-1;1,347002E-1;1,366875E-1;9,429680E-1;;
02/12/2021  12:47:18,200863;9,312460E-1;1,200455E-1;1,246821E-1;9,427149E-1;;
02/12/2021  12:47:18,200963;9,289780E-1;1,260985E-1;1,218387E-1;9,424526E-1;;
02/12/2021  12:47:18,201063;9,290555E-1;1,334259E-1;1,717559E-1;9,421813E-1;;
02/12/2021  12:47:18,201163;9,289572E-1;1,206827E-1;1,303688E-1;9,419009E-1;;
02/12/2021  12:47:18,201263;9,289304E-1;1,331073E-1;1,382671E-1;9,416116E-1;;
02/12/2021  12:47:18,201363;9,284356E-1;1,311958E-1;1,313166E-1;9,413136E-1;;
02/12/2021  12:47:18,201463;9,275892E-1;1,308772E-1;1,328963E-1;9,410071E-1;;
02/12/2021  12:47:18,201563;9,286353E-1;1,155854E-1;1,392149E-1;9,406924E-1;;
02/12/2021  12:47:18,201663;9,294579E-1;1,570008E-1;1,452176E-1;9,403699E-1;;
02/12/2021  12:47:18,201763;9,296307E-1;1,448948E-1;1,398468E-1;9,400401E-1;;
02/12/2021  12:47:18,201863;9,296635E-1;1,410718E-1;1,843932E-1;9,397040E-1;;
02/12/2021  12:47:18,201963;9,294310E-1;1,241871E-1;1,272095E-1;9,393622E-1;;
02/12/2021  12:47:18,202063;9,306023E-1;1,366117E-1;1,325804E-1;9,390158E-1;;
02/12/2021  12:47:18,202163;9,311030E-1;1,401161E-1;1,521681E-1;9,386656E-1;;
02/12/2021  12:47:18,202263;9,314100E-1;1,203641E-1;1,142563E-1;9,383130E-1;;
02/12/2021  12:47:18,202363;9,314636E-1;1,369303E-1;1,376353E-1;9,379591E-1;;
02/12/2021  12:47:18,202463;9,314487E-1;1,257800E-1;1,319485E-1;9,376050E-1;;
02/12/2021  12:47:18,202563;9,325693E-1;1,143111E-1;1,145722E-1;9,372521E-1;;
02/12/2021  12:47:18,202663;9,332518E-1;1,276914E-1;1,351078E-1;9,369015E-1;;
02/12/2021  12:47:18,202763;9,327690E-1;1,267357E-1;1,265777E-1;9,365545E-1;;
02/12/2021  12:47:18,202863;9,326200E-1;1,283286E-1;1,294210E-1;9,362124E-1;;
02/12/2021  12:47:18,202963;9,323398E-1;4,390490E-2;1,066739E-1;9,358764E-1;;
02/12/2021  12:47:18,203063;9,331266E-1;1,343816E-1;1,509044E-1;9,355473E-1;;
02/12/2021  12:47:18,203163;9,338300E-1;1,283286E-1;1,325804E-1;9,352261E-1;;
02/12/2021  12:47:18,203263;9,336511E-1;1,251428E-1;1,284732E-1;9,349139E-1;;
02/12/2021  12:47:18,203363;9,340893E-1;1,264171E-1;1,306848E-1;9,346115E-1;;
02/12/2021  12:47:18,203463;9,343485E-1;1,353374E-1;1,354238E-1;9,343199E-1;;
02/12/2021  12:47:18,203563;9,356509E-1;1,318330E-1;1,392149E-1;9,340398E-1;;
02/12/2021  12:47:18,203663;9,357374E-1;1,235499E-1;1,294210E-1;9,337723E-1;;
02/12/2021  12:47:18,203763;9,366702E-1;1,254614E-1;1,325804E-1;9,335182E-1;;
02/12/2021  12:47:18,203863;9,369027E-1;1,257800E-1;1,366875E-1;9,332783E-1;;
02/12/2021  12:47:18,203963;9,373080E-1;1,420275E-1;1,278414E-1;9,330537E-1;;
02/12/2021  12:47:18,204063;9,385686E-1;1,487177E-1;1,922915E-1;9,328451E-1;;
02/12/2021  12:47:18,204163;9,396475E-1;1,347002E-1;1,231024E-1;9,326533E-1;;
02/12/2021  12:47:18,204263;9,405684E-1;1,464877E-1;1,477451E-1;9,324792E-1;;
02/12/2021  12:47:18,204363;9,404760E-1;1,448948E-1;1,458495E-1;9,323238E-1;;
02/12/2021  12:47:18,204463;9,417248E-1;1,315144E-1;1,262617E-1;9,321880E-1;;
02/12/2021  12:47:18,204563;9,435964E-1;1,353374E-1;1,338441E-1;9,320724E-1;;
02/12/2021  12:47:18,204663;9,440494E-1;1,388417E-1;1,310007E-1;9,319782E-1;;
02/12/2021  12:47:18,204763;9,446485E-1;1,324701E-1;1,294210E-1;9,319060E-1;;
02/12/2021  12:47:18,204863;9,450836E-1;1,283286E-1;1,145722E-1;9,318568E-1;;
02/12/2021  12:47:18,204963;9,458912E-1;1,315144E-1;1,366875E-1;9,318312E-1;;
02/12/2021  12:47:18,205063;9,478612E-1;1,232313E-1;1,420583E-1;9,318299E-1;;
02/12/2021  12:47:18,205163;9,483947E-1;1,334259E-1;1,370034E-1;9,318535E-1;;
02/12/2021  12:47:18,205263;9,486689E-1;1,270543E-1;1,227865E-1;9,319026E-1;;
02/12/2021  12:47:18,205363;9,491398E-1;1,273729E-1;1,284732E-1;9,319778E-1;;
02/12/2021  12:47:18,205463;9,497239E-1;2,383436E-2;7,002583E-2;9,320793E-1;;
02/12/2021  12:47:18,205563;9,507014E-1;1,547707E-1;1,426902E-1;9,322074E-1;;
02/12/2021  12:47:18,205663;9,512617E-1;1,503106E-1;1,310007E-1;9,323622E-1;;
02/12/2021  12:47:18,205763;9,518489E-1;1,477620E-1;1,486929E-1;9,325438E-1;;
02/12/2021  12:47:18,205863;9,513571E-1;1,270543E-1;1,278414E-1;9,327520E-1;;
02/12/2021  12:47:18,205963;9,523585E-1;1,302401E-1;1,205749E-1;9,329866E-1;;
02/12/2021  12:47:18,206063;9,534344E-1;1,334259E-1;1,101492E-1;9,332472E-1;;
02/12/2021  12:47:18,206163;9,537235E-1;1,343816E-1;1,186794E-1;9,335334E-1;;
02/12/2021  12:47:18,206263;9,541407E-1;1,697440E-1;1,714400E-1;9,338448E-1;;
02/12/2021  12:47:18,206363;9,548560E-1;1,334259E-1;1,259458E-1;9,341808E-1;;
02/12/2021  12:47:18,206463;9,554848E-1;1,085766E-1;1,126766E-1;9,345407E-1;;
02/12/2021  12:47:18,206563;9,567932E-1;1,391603E-1;1,496407E-1;9,349240E-1;;
02/12/2021  12:47:18,206663;9,574876E-1;1,292843E-1;1,259458E-1;9,353300E-1;;
02/12/2021  12:47:18,206763;9,574846E-1;1,292843E-1;1,227865E-1;9,357582E-1;;
02/12/2021  12:47:18,206863;9,580240E-1;1,337445E-1;1,328963E-1;9,362078E-1;;
02/12/2021  12:47:18,206963;9,590969E-1;1,082581E-1;8,424277E-2;9,366781E-1;;
02/12/2021  12:47:18,207063;9,591774E-1;1,407532E-1;1,319485E-1;9,371683E-1;;
02/12/2021  12:47:18,207163;9,599851E-1;1,283286E-1;1,262617E-1;9,376776E-1;;
02/12/2021  12:47:18,207263;9,604709E-1;1,213198E-1;1,253139E-1;9,382051E-1;;
02/12/2021  12:47:18,207363;9,606288E-1;1,375674E-1;1,373193E-1;9,387500E-1;;
02/12/2021  12:47:18,207463;9,626852E-1;1,270543E-1;1,483770E-1;9,393113E-1;;
02/12/2021  12:47:18,207563;9,627836E-1;1,088952E-1;1,170997E-1;9,398882E-1;;
02/12/2021  12:47:18,207663;9,636538E-1;1,187712E-1;1,300529E-1;9,404800E-1;;
02/12/2021  12:47:18,207763;9,638595E-1;1,340630E-1;1,360556E-1;9,410859E-1;;
02/12/2021  12:47:18,207863;9,639519E-1;1,257800E-1;1,268936E-1;9,417050E-1;;
02/12/2021  12:47:18,207963;9,653615E-1;1,079395E-1;1,104651E-1;9,423364E-1;;
02/12/2021  12:47:18,208063;9,660858E-1;1,101695E-1;1,189953E-1;9,429795E-1;;
02/12/2021  12:47:18,208163;9,663301E-1;1,206827E-1;1,351078E-1;9,436332E-1;;
02/12/2021  12:47:18,208263;9,668189E-1;1,229127E-1;1,303688E-1;9,442969E-1;;
02/12/2021  12:47:18,208363;9,681630E-1;9,870066E-2;1,107811E-1;9,449698E-1;;
02/12/2021  12:47:18,208463;9,698588E-1;1,394789E-1;1,493248E-1;9,456511E-1;;
02/12/2021  12:47:18,208563;9,703744E-1;1,009307E-1;1,114129E-1;9,463403E-1;;
02/12/2021  12:47:18,208663;9,709705E-1;1,219570E-1;1,167838E-1;9,470369E-1;;
02/12/2021  12:47:18,208763;9,709526E-1;1,280100E-1;1,354238E-1;9,477406E-1;;
02/12/2021  12:47:18,208863;9,713639E-1;1,002936E-1;1,167838E-1;9,484506E-1;;
02/12/2021  12:47:18,208963;9,723652E-1;6,078964E-2;7,286922E-2;9,491664E-1;;
02/12/2021  12:47:18,209063;9,735991E-1;1,104881E-1;1,243661E-1;9,498875E-1;;
02/12/2021  12:47:18,209163;9,735961E-1;1,159040E-1;1,189953E-1;9,506132E-1;;
02/12/2021  12:47:18,209263;9,733249E-1;1,111253E-1;1,294210E-1;9,513431E-1;;
02/12/2021  12:47:18,209363;9,733517E-1;1,018865E-1;1,148882E-1;9,520764E-1;;
02/12/2021  12:47:18,209463;9,741355E-1;4,677212E-2;5,960007E-2;9,528125E-1;;
02/12/2021  12:47:18,209563;9,737451E-1;1,378860E-1;1,455336E-1;9,535504E-1;;
02/12/2021  12:47:18,209663;9,732832E-1;1,359745E-1;1,395309E-1;9,542893E-1;;
02/12/2021  12:47:18,209763;9,724308E-1;1,413904E-1;1,341600E-1;9,550282E-1;;
02/12/2021  12:47:18,209863;9,726335E-1;1,095324E-1;1,117289E-1;9,557657E-1;;
02/12/2021  12:47:18,209963;9,729553E-1;1,601866E-1;1,591187E-1;9,565007E-1;;
02/12/2021  12:47:18,210063;9,716679E-1;1,703812E-1;1,490088E-1;9,572319E-1;;
02/12/2021  12:47:18,210163;9,718646E-1;1,722926E-1;1,569071E-1;9,579578E-1;;
02/12/2021  12:47:18,210263;9,707499E-1;1,659210E-1;1,546956E-1;9,586770E-1;;
02/12/2021  12:47:18,210363;9,714473E-1;1,681511E-1;1,673329E-1;9,593880E-1;;
02/12/2021  12:47:18,210463;9,715188E-1;1,547707E-1;1,461654E-1;9,600893E-1;;
02/12/2021  12:47:18,210563;9,706247E-1;1,394789E-1;1,373193E-1;9,607796E-1;;
02/12/2021  12:47:18,210663;9,707499E-1;1,012493E-1;7,413294E-2;9,614575E-1;;
02/12/2021  12:47:18,210763;9,700943E-1;1,225942E-1;1,265777E-1;9,621218E-1;;
02/12/2021  12:47:18,210863;9,702761E-1;1,362931E-1;1,297370E-1;9,627710E-1;;
02/12/2021  12:47:18,210963;9,706724E-1;1,340630E-1;1,395309E-1;9,634040E-1;;
02/12/2021  12:47:18,211063;9,699750E-1;1,200455E-1;1,212068E-1;9,640198E-1;;
02/12/2021  12:47:18,211163;9,687591E-1;1,190898E-1;1,310007E-1;9,646172E-1;;
02/12/2021  12:47:18,211263;9,686369E-1;1,299215E-1;1,363715E-1;9,651952E-1;;
02/12/2021  12:47:18,211363;9,687561E-1;9,806350E-2;9,308886E-2;9,657527E-1;;
02/12/2021  12:47:18,211463;9,683657E-1;1,181340E-1;1,215227E-1;9,662888E-1;;
02/12/2021  12:47:18,211563;9,672630E-1;1,076209E-1;1,212068E-1;9,668026E-1;;
02/12/2021  12:47:18,211663;9,656864E-1;1,251428E-1;1,313166E-1;9,672931E-1;;
02/12/2021  12:47:18,211763;9,644555E-1;1,280100E-1;1,467973E-1;9,677594E-1;;
02/12/2021  12:47:18,211863;9,647357E-1;1,315144E-1;1,594346E-1;9,682002E-1;;
02/12/2021  12:47:18,211963;9,637581E-1;1,264171E-1;1,281573E-1;9,686146E-1;;
02/12/2021  12:47:18,212063;9,627031E-1;1,267357E-1;1,284732E-1;9,690016E-1;;
02/12/2021  12:47:18,212163;9,608941E-1;1,280100E-1;1,287892E-1;9,693602E-1;;
02/12/2021  12:47:18,212263;9,599970E-1;1,315144E-1;1,275255E-1;9,696895E-1;;
02/12/2021  12:47:18,212363;9,597556E-1;1,251428E-1;1,303688E-1;9,699883E-1;;
02/12/2021  12:47:18,212463;9,585575E-1;1,238685E-1;1,249980E-1;9,702557E-1;;
02/12/2021  12:47:18,212563;9,571419E-1;1,270543E-1;1,310007E-1;9,704909E-1;;
02/12/2021  12:47:18,212663;9,556398E-1;1,302401E-1;1,357397E-1;9,706929E-1;;
02/12/2021  12:47:18,212763;9,547010E-1;1,178155E-1;1,044624E-1;9,708609E-1;;
02/12/2021  12:47:18,212863;9,534523E-1;9,009900E-2;6,655058E-2;9,709941E-1;;
02/12/2021  12:47:18,212963;9,528115E-1;1,273729E-1;1,294210E-1;9,710916E-1;;
02/12/2021  12:47:18,213063;9,513810E-1;1,308772E-1;1,341600E-1;9,711528E-1;;
02/12/2021  12:47:18,213163;9,498282E-1;9,232906E-2;1,392149E-1;9,711769E-1;;
02/12/2021  12:47:18,213263;9,495272E-1;1,206827E-1;1,237343E-1;9,711636E-1;;
02/12/2021  12:47:18,213363;9,484394E-1;1,117624E-1;1,306848E-1;9,711122E-1;;
02/12/2021  12:47:18,213463;9,476049E-1;1,276914E-1;1,284732E-1;9,710225E-1;;
02/12/2021  12:47:18,213563;9,464486E-1;1,264171E-1;1,275255E-1;9,708943E-1;;
02/12/2021  12:47:18,213663;9,443176E-1;9,232906E-2;6,655058E-2;9,707275E-1;;
02/12/2021  12:47:18,213763;9,441984E-1;1,257800E-1;1,249980E-1;9,705219E-1;;
02/12/2021  12:47:18,213863;9,436232E-1;1,515849E-1;1,723878E-1;9,702776E-1;;
02/12/2021  12:47:18,213963;9,427887E-1;1,350188E-1;1,335282E-1;9,699948E-1;;
02/12/2021  12:47:18,214063;9,413493E-1;1,321516E-1;1,344760E-1;9,696738E-1;;
02/12/2021  12:47:18,214163;9,397697E-1;1,190898E-1;1,196272E-1;9,693150E-1;;
02/12/2021  12:47:18,214263;9,395015E-1;1,194084E-1;1,253139E-1;9,689188E-1;;
02/12/2021  12:47:18,214363;9,391826E-1;1,350188E-1;1,249980E-1;9,684857E-1;;
02/12/2021  12:47:18,214463;9,376030E-1;1,130368E-1;9,182514E-2;9,680165E-1;;
02/12/2021  12:47:18,214563;9,371888E-1;1,130368E-1;1,155200E-1;9,675118E-1;;
02/12/2021  12:47:18,214663;9,356599E-1;1,235499E-1;1,186794E-1;9,669726E-1;;
02/12/2021  12:47:18,214763;9,361725E-1;1,238685E-1;1,129926E-1;9,663998E-1;;
02/12/2021  12:47:18,214863;9,354811E-1;1,123996E-1;9,150920E-2;9,657944E-1;;
02/12/2021  12:47:18,214963;9,346823E-1;1,053908E-1;1,041465E-1;9,651578E-1;;
02/12/2021  12:47:18,215063;9,338717E-1;7,576290E-2;1,088855E-1;9,644911E-1;;
02/12/2021  12:47:18,215163;9,332607E-1;1,216384E-1;1,199431E-1;9,637958E-1;;
02/12/2021  12:47:18,215263;9,331296E-1;1,286472E-1;1,303688E-1;9,630734E-1;;
02/12/2021  12:47:18,215363;9,326796E-1;1,123996E-1;1,325804E-1;9,623253E-1;;
02/12/2021  12:47:18,215463;9,322325E-1;1,181340E-1;1,237343E-1;9,615531E-1;;
02/12/2021  12:47:18,215563;9,304116E-1;1,136739E-1;9,182514E-2;9,607586E-1;;
02/12/2021  12:47:18,215663;9,296605E-1;1,522221E-1;1,749153E-1;9,599432E-1;;
02/12/2021  12:47:18,215763;9,290049E-1;1,213198E-1;1,212068E-1;9,591085E-1;;
02/12/2021  12:47:18,215863;9,278992E-1;1,152668E-1;1,234183E-1;9,582560E-1;;
02/12/2021  12:47:18,215963;9,266713E-1;1,146297E-1;1,189953E-1;9,573868E-1;;
02/12/2021  12:47:18,216063;9,262034E-1;1,327887E-1;1,196272E-1;9,565025E-1;;
02/12/2021  12:47:18,216163;9,243198E-1;1,327887E-1;1,272095E-1;9,556041E-1;;
02/12/2021  12:47:18,216263;9,248950E-1;8,022302E-2;1,673329E-1;9,546929E-1;;
02/12/2021  12:47:18,216363;9,241678E-1;1,085766E-1;1,202590E-1;9,537701E-1;;
02/12/2021  12:47:18,216463;9,231039E-1;1,260985E-1;1,524841E-1;9,528368E-1;;
02/12/2021  12:47:18,216563;9,214677E-1;1,299215E-1;1,316326E-1;9,518944E-1;;
02/12/2021  12:47:18,216663;9,210922E-1;9,806350E-2;1,281573E-1;9,509439E-1;;
02/12/2021  12:47:18,216763;9,209104E-1;1,085766E-1;9,182514E-2;9,499863E-1;;
02/12/2021  12:47:18,216863;9,206183E-1;1,350188E-1;1,322644E-1;9,490226E-1;;
02/12/2021  12:47:18,216963;9,199179E-1;1,366117E-1;1,423743E-1;9,480542E-1;;
02/12/2021  12:47:18,217063;9,194411E-1;1,229127E-1;1,164678E-1;9,470820E-1;;
02/12/2021  12:47:18,217163;9,185321E-1;5,728526E-2;1,063580E-1;9,461072E-1;;
02/12/2021  12:47:18,217263;9,187556E-1;5,919674E-2;1,114129E-1;9,451310E-1;;
02/12/2021  12:47:18,217363;9,187020E-1;1,264171E-1;1,310007E-1;9,441546E-1;;
02/12/2021  12:47:18,217463;9,177274E-1;1,184526E-1;1,088855E-1;9,431790E-1;;
02/12/2021  12:47:18,217563;9,168154E-1;1,114439E-1;1,524841E-1;9,422055E-1;;
02/12/2021  12:47:18,217663;9,169764E-1;1,229127E-1;1,208909E-1;9,412352E-1;;
02/12/2021  12:47:18,217763;9,177512E-1;2,861306E-2;9,561632E-2;9,402691E-1;;
02/12/2021  12:47:18,217863;9,174175E-1;1,372488E-1;1,398468E-1;9,393085E-1;;
02/12/2021  12:47:18,217963;9,169346E-1;1,101695E-1;1,098333E-1;9,383546E-1;;
02/12/2021  12:47:18,218063;9,164965E-1;7,576290E-2;1,104651E-1;9,374086E-1;;
02/12/2021  12:47:18,218163;9,169317E-1;1,280100E-1;1,300529E-1;9,364718E-1;;
02/12/2021  12:47:18,218263;9,174234E-1;3,402892E-2;4,538313E-2;9,355452E-1;;
02/12/2021  12:47:18,218363;9,170419E-1;1,337445E-1;1,313166E-1;9,346302E-1;;
02/12/2021  12:47:18,218463;9,166873E-1;1,200455E-1;1,123607E-1;9,337280E-1;;
02/12/2021  12:47:18,218563;9,156382E-1;1,139925E-1;1,107811E-1;9,328398E-1;;
02/12/2021  12:47:18,218663;9,161240E-1;9,838208E-2;1,167838E-1;9,319664E-1;;
02/12/2021  12:47:18,218763;9,172208E-1;1,289658E-1;1,319485E-1;9,311088E-1;;
02/12/2021  12:47:18,218863;9,165770E-1;1,159040E-1;1,224705E-1;9,302680E-1;;
02/12/2021  12:47:18,218963;9,165770E-1;1,139925E-1;1,174156E-1;9,294451E-1;;
02/12/2021  12:47:18,219063;9,164042E-1;1,248242E-1;1,259458E-1;9,286409E-1;;
02/12/2021  12:47:18,219163;9,171492E-1;1,235499E-1;1,079377E-1;9,278563E-1;;
02/12/2021  12:47:18,219263;9,184188E-1;1,280100E-1;1,262617E-1;9,270922E-1;;
02/12/2021  12:47:18,219363;9,183622E-1;1,302401E-1;1,240502E-1;9,263495E-1;;
02/12/2021  12:47:18,219463;9,183384E-1;1,079395E-1;1,205749E-1;9,256292E-1;;
02/12/2021  12:47:18,219563;9,184695E-1;1,426647E-1;1,392149E-1;9,249323E-1;;
02/12/2021  12:47:18,219663;9,202249E-1;1,385232E-1;1,335282E-1;9,242596E-1;;
02/12/2021  12:47:18,219763;9,214349E-1;1,216384E-1;1,433221E-1;9,236121E-1;;
02/12/2021  12:47:18,219863;9,210653E-1;1,286472E-1;1,158360E-1;9,229907E-1;;
02/12/2021  12:47:18,219963;9,213544E-1;1,394789E-1;1,426902E-1;9,223966E-1;;
02/12/2021  12:47:18,220063;9,214647E-1;1,369303E-1;1,338441E-1;9,218305E-1;;
02/12/2021  12:47:18,220163;9,227492E-1;7,990444E-2;9,877564E-2;9,212933E-1;;
02/12/2021  12:47:18,220263;9,233512E-1;1,174969E-1;1,297370E-1;9,207856E-1;;
02/12/2021  12:47:18,220363;9,233453E-1;1,254614E-1;1,303688E-1;9,203081E-1;;
02/12/2021  12:47:18,220463;9,224095E-1;1,133553E-1;1,215227E-1;9,198615E-1;;
02/12/2021  12:47:18,220563;9,229817E-1;4,390490E-2;6,149566E-2;9,194461E-1;;
02/12/2021  12:47:18,220663;9,234675E-1;1,133553E-1;1,471132E-1;9,190620E-1;;
02/12/2021  12:47:18,220763;9,242483E-1;1,114439E-1;1,208909E-1;9,187093E-1;;
02/12/2021  12:47:18,220863;9,238042E-1;1,136739E-1;1,224705E-1;9,183880E-1;;
02/12/2021  12:47:18,220963;9,238132E-1;1,222756E-1;1,237343E-1;9,180981E-1;;
02/12/2021  12:47:18,221063;9,243914E-1;1,155854E-1;1,237343E-1;9,178394E-1;;
02/12/2021  12:47:18,221163;9,251215E-1;9,710776E-2;1,158360E-1;9,176114E-1;;
02/12/2021  12:47:18,221263;9,254166E-1;1,002936E-1;1,186794E-1;9,174141E-1;;
02/12/2021  12:47:18,221363;9,260931E-1;1,031608E-1;1,142563E-1;9,172468E-1;;
02/12/2021  12:47:18,221463;9,260186E-1;1,041165E-1;1,082536E-1;9,171094E-1;;
02/12/2021  12:47:18,221563;9,270110E-1;9,583344E-2;9,466852E-2;9,170014E-1;;
02/12/2021  12:47:18,221663;9,278187E-1;8,723178E-2;1,069899E-1;9,169224E-1;;
02/12/2021  12:47:18,221763;9,289095E-1;1,108067E-1;1,133085E-1;9,168719E-1;;
02/12/2021  12:47:18,221863;9,288231E-1;9,870066E-2;1,161519E-1;9,168496E-1;;
02/12/2021  12:47:18,221963;9,292105E-1;-8,798722E-2;2,927060E-2;9,168551E-1;;
02/12/2021  12:47:18,222063;9,299168E-1;1,203641E-1;1,325804E-1;9,168880E-1;;
02/12/2021  12:47:18,222163;9,318570E-1;1,088952E-1;1,401627E-1;9,169478E-1;;
02/12/2021  12:47:18,222263;9,323994E-1;1,165411E-1;1,313166E-1;9,170341E-1;;
02/12/2021  12:47:18,222363;9,324322E-1;1,439390E-1;1,366875E-1;9,171466E-1;;
02/12/2021  12:47:18,222463;9,323219E-1;1,547707E-1;1,546956E-1;9,172850E-1;;
02/12/2021  12:47:18,222563;9,336690E-1;1,649653E-1;1,442698E-1;9,174487E-1;;
02/12/2021  12:47:18,222663;9,348820E-1;1,996905E-1;1,888163E-1;9,176372E-1;;
02/12/2021  12:47:18,222763;9,349714E-1;1,675139E-1;1,496407E-1;9,178500E-1;;
02/12/2021  12:47:18,222863;9,354006E-1;1,691068E-1;1,502726E-1;9,180867E-1;;
02/12/2021  12:47:18,222963;9,358566E-1;1,675139E-1;1,588027E-1;9,183468E-1;;
02/12/2021  12:47:18,223063;9,366046E-1;1,576380E-1;1,543797E-1;9,186296E-1;;
02/12/2021  12:47:18,223163;9,381961E-1;1,512664E-1;1,370034E-1;9,189344E-1;;
02/12/2021  12:47:18,223263;9,380352E-1;1,136739E-1;9,593225E-2;9,192608E-1;;
02/12/2021  12:47:18,223363;9,380739E-1;1,257800E-1;1,294210E-1;9,196082E-1;;
02/12/2021  12:47:18,223463;9,384107E-1;1,289658E-1;1,303688E-1;9,199759E-1;;
02/12/2021  12:47:18,223563;9,397757E-1;9,073616E-2;8,329497E-2;9,203630E-1;;
02/12/2021  12:47:18,223663;9,410363E-1;1,264171E-1;1,082536E-1;9,207689E-1;;
02/12/2021  12:47:18,223763;9,408843E-1;8,404598E-2;9,688005E-2;9,211929E-1;;
02/12/2021  12:47:18,223863;9,415132E-1;1,245056E-1;1,385831E-1;9,216343E-1;;
02/12/2021  12:47:18,223963;9,417248E-1;1,340630E-1;1,253139E-1;9,220925E-1;;
02/12/2021  12:47:18,224063;9,437693E-1;1,069837E-1;1,310007E-1;9,225668E-1;;
02/12/2021  12:47:18,224163;9,438885E-1;1,413904E-1;1,619620E-1;9,230564E-1;;
02/12/2021  12:47:18,224263;9,450627E-1;1,286472E-1;1,341600E-1;9,235608E-1;;
02/12/2021  12:47:18,224363;9,440464E-1;1,353374E-1;1,240502E-1;9,240794E-1;;
02/12/2021  12:47:18,224463;9,436948E-1;1,509478E-1;1,698603E-1;9,246114E-1;;
02/12/2021  12:47:18,224563;9,446187E-1;1,382046E-1;1,395309E-1;9,251560E-1;;
02/12/2021  12:47:18,224663;9,451968E-1;1,299215E-1;1,306848E-1;9,257122E-1;;
02/12/2021  12:47:18,224763;9,450180E-1;1,480806E-1;1,480610E-1;9,262789E-1;;
02/12/2021  12:47:18,224863;9,449912E-1;1,159040E-1;1,139404E-1;9,268552E-1;;
02/12/2021  12:47:18,224963;9,449524E-1;1,260985E-1;1,313166E-1;9,274399E-1;;
02/12/2021  12:47:18,225063;9,459121E-1;1,372488E-1;1,360556E-1;9,280319E-1;;
02/12/2021  12:47:18,225163;9,466572E-1;1,401161E-1;1,388990E-1;9,286301E-1;;
02/12/2021  12:47:18,225263;9,466095E-1;1,506292E-1;1,531159E-1;9,292335E-1;;
02/12/2021  12:47:18,225363;9,462876E-1;1,327887E-1;1,294210E-1;9,298410E-1;;
02/12/2021  12:47:18,225463;9,463144E-1;1,034794E-1;1,221546E-1;9,304517E-1;;
02/12/2021  12:47:18,225563;9,479119E-1;7,863012E-2;7,413294E-2;9,310644E-1;;
02/12/2021  12:47:18,225663;9,480847E-1;1,487177E-1;1,477451E-1;9,316783E-1;;
02/12/2021  12:47:18,225763;9,483083E-1;1,350188E-1;1,477451E-1;9,322923E-1;;
02/12/2021  12:47:18,225863;9,481920E-1;1,283286E-1;1,284732E-1;9,329058E-1;;
02/12/2021  12:47:18,225963;9,486093E-1;1,200455E-1;1,246821E-1;9,335179E-1;;
02/12/2021  12:47:18,226063;9,497835E-1;1,152668E-1;1,600664E-1;9,341277E-1;;
02/12/2021  12:47:18,226163;9,502991E-1;1,417090E-1;1,344760E-1;9,347347E-1;;
02/12/2021  12:47:18,226263;9,499057E-1;1,296029E-1;1,035146E-1;9,353383E-1;;
02/12/2021  12:47:18,226363;9,489282E-1;1,241871E-1;1,376353E-1;9,359378E-1;;
02/12/2021  12:47:18,226463;9,492679E-1;1,423461E-1;1,442698E-1;9,365325E-1;;
02/12/2021  12:47:18,226563;9,506776E-1;1,413904E-1;1,265777E-1;9,371216E-1;;
02/12/2021  12:47:18,226663;9,504481E-1;1,283286E-1;1,306848E-1;9,377045E-1;;
02/12/2021  12:47:18,226763;9,506001E-1;1,111253E-1;1,079377E-1;9,382807E-1;;
02/12/2021  12:47:18,226863;9,504332E-1;1,063466E-1;1,177316E-1;9,388494E-1;;
02/12/2021  12:47:18,226963;9,505673E-1;1,471248E-1;1,417424E-1;9,394103E-1;;
02/12/2021  12:47:18,227063;9,518220E-1;1,190898E-1;1,199431E-1;9,399628E-1;;
02/12/2021  12:47:18,227163;9,513720E-1;1,194084E-1;1,240502E-1;9,405063E-1;;
02/12/2021  12:47:18,227263;9,512230E-1;1,286472E-1;1,325804E-1;9,410406E-1;;
02/12/2021  12:47:18,227363;9,505793E-1;1,423461E-1;1,379512E-1;9,415653E-1;;
02/12/2021  12:47:18,227463;9,505733E-1;1,235499E-1;1,253139E-1;9,420797E-1;;
02/12/2021  12:47:18,227563;9,514882E-1;9,487770E-2;1,553275E-1;9,425835E-1;;
02/12/2021  12:47:18,227663;9,511634E-1;1,302401E-1;1,275255E-1;9,430761E-1;;
02/12/2021  12:47:18,227763;9,508534E-1;1,356559E-1;1,395309E-1;9,435571E-1;;
02/12/2021  12:47:18,227863;9,496047E-1;1,324701E-1;1,363715E-1;9,440261E-1;;
02/12/2021  12:47:18,227963;9,502574E-1;5,409946E-2;8,329497E-2;9,444826E-1;;
02/12/2021  12:47:18,228063;9,511932E-1;1,251428E-1;1,240502E-1;9,449261E-1;;
02/12/2021  12:47:18,228163;9,503617E-1;1,168597E-1;1,189953E-1;9,453561E-1;;
02/12/2021  12:47:18,228263;9,496434E-1;1,397975E-1;1,613302E-1;9,457723E-1;;
02/12/2021  12:47:18,228363;9,486748E-1;1,292843E-1;1,278414E-1;9,461744E-1;;
02/12/2021  12:47:18,228463;9,492351E-1;1,267357E-1;1,193112E-1;9,465617E-1;;
02/12/2021  12:47:18,228563;9,494378E-1;1,337445E-1;1,464814E-1;9,469338E-1;;
02/12/2021  12:47:18,228663;9,490414E-1;1,366117E-1;1,407946E-1;9,472902E-1;;
02/12/2021  12:47:18,228763;9,485139E-1;1,627352E-1;1,657532E-1;9,476308E-1;;
02/12/2021  12:47:18,228863;9,487762E-1;1,178155E-1;1,224705E-1;9,479550E-1;;
02/12/2021  12:47:18,228963;9,487702E-1;8,723178E-2;9,150920E-2;9,482628E-1;;
02/12/2021  12:47:18,229063;9,497060E-1;1,257800E-1;1,303688E-1;9,485538E-1;;
02/12/2021  12:47:18,229163;9,494587E-1;1,410718E-1;1,357397E-1;9,488282E-1;;
02/12/2021  12:47:18,229263;9,488537E-1;1,315144E-1;1,259458E-1;9,490860E-1;;
02/12/2021  12:47:18,229363;9,483023E-1;1,260985E-1;1,392149E-1;9,493273E-1;;
02/12/2021  12:47:18,229463;9,490474E-1;1,375674E-1;1,859729E-1;9,495521E-1;;
02/12/2021  12:47:18,229563;9,496405E-1;1,375674E-1;1,430061E-1;9,497606E-1;;
02/12/2021  12:47:18,229663;9,492679E-1;1,343816E-1;1,347919E-1;9,499530E-1;;
02/12/2021  12:47:18,229763;9,484543E-1;1,235499E-1;1,268936E-1;9,501298E-1;;
02/12/2021  12:47:18,229863;9,479089E-1;1,280100E-1;1,256299E-1;9,502910E-1;;
02/12/2021  12:47:18,229963;9,494169E-1;1,375674E-1;1,433221E-1;9,504371E-1;;
02/12/2021  12:47:18,230063;9,491725E-1;1,378860E-1;1,341600E-1;9,505683E-1;;
02/12/2021  12:47:18,230163;9,487374E-1;1,388417E-1;1,430061E-1;9,506850E-1;;
02/12/2021  12:47:18,230263;9,472890E-1;1,174969E-1;1,284732E-1;9,507876E-1;;
02/12/2021  12:47:18,230363;9,468539E-1;1,178155E-1;1,016190E-1;9,508765E-1;;
02/12/2021  12:47:18,230463;9,470238E-1;1,273729E-1;1,231024E-1;9,509518E-1;;
02/12/2021  12:47:18,230563;9,472354E-1;1,162226E-1;1,193112E-1;9,510135E-1;;
02/12/2021  12:47:18,230663;9,461744E-1;1,206827E-1;1,319485E-1;9,510620E-1;;
02/12/2021  12:47:18,230763;9,450389E-1;1,764342E-1;1,619620E-1;9,510973E-1;;
02/12/2021  12:47:18,230863;9,454949E-1;1,417090E-1;1,401627E-1;9,511196E-1;;
02/12/2021  12:47:18,230963;9,457839E-1;1,366117E-1;1,382671E-1;9,511288E-1;;
02/12/2021  12:47:18,231063;9,456409E-1;1,302401E-1;1,325804E-1;9,511252E-1;;
02/12/2021  12:47:18,231163;9,451849E-1;1,229127E-1;1,215227E-1;9,511091E-1;;
02/12/2021  12:47:18,231263;9,441031E-1;1,423461E-1;1,411105E-1;9,510805E-1;;
02/12/2021  12:47:18,231363;9,446842E-1;1,331073E-1;1,275255E-1;9,510399E-1;;
02/12/2021  12:47:18,231463;9,449286E-1;1,369303E-1;1,272095E-1;9,509873E-1;;
02/12/2021  12:47:18,231563;9,448094E-1;1,254614E-1;1,310007E-1;9,509231E-1;;
02/12/2021  12:47:18,231663;9,438855E-1;1,292843E-1;1,313166E-1;9,508478E-1;;
02/12/2021  12:47:18,231763;9,432090E-1;1,280100E-1;1,281573E-1;9,507615E-1;;
02/12/2021  12:47:18,231863;9,428305E-1;1,104881E-1;1,177316E-1;9,506647E-1;;
02/12/2021  12:47:18,231963;9,439630E-1;1,139925E-1;1,016190E-1;9,505575E-1;;
02/12/2021  12:47:18,232063;9,437395E-1;9,392196E-2;7,508074E-2;9,504402E-1;;
02/12/2021  12:47:18,232163;9,426219E-1;1,353374E-1;1,335282E-1;9,503134E-1;;
02/12/2021  12:47:18,232263;9,414953E-1;1,394789E-1;1,310007E-1;9,501773E-1;;
02/12/2021  12:47:18,232363;9,410006E-1;3,880762E-2;7,634447E-2;9,500322E-1;;
02/12/2021  12:47:18,232463;9,412658E-1;1,334259E-1;1,208909E-1;9,498782E-1;;
02/12/2021  12:47:18,232563;9,414536E-1;1,273729E-1;1,287892E-1;9,497154E-1;;
02/12/2021  12:47:18,232663;9,398651E-1;1,321516E-1;1,328963E-1;9,495442E-1;;
02/12/2021  12:47:18,232763;9,394598E-1;1,111253E-1;1,038306E-1;9,493645E-1;;
02/12/2021  12:47:18,232863;9,400171E-1;5,855958E-2;8,898175E-2;9,491766E-1;;
02/12/2021  12:47:18,232963;9,405863E-1;1,413904E-1;1,695444E-1;9,489807E-1;;
02/12/2021  12:47:18,233063;9,409112E-1;1,171783E-1;1,259458E-1;9,487770E-1;;
02/12/2021  12:47:18,233163;9,406221E-1;1,194084E-1;1,057261E-1;9,485661E-1;;
02/12/2021  12:47:18,233263;9,400886E-1;1,085766E-1;1,174156E-1;9,483485E-1;;
02/12/2021  12:47:18,233363;9,412122E-1;9,742634E-2;1,120448E-1;9,481248E-1;;
02/12/2021  12:47:18,233463;9,423417E-1;1,050723E-1;1,221546E-1;9,478956E-1;;
02/12/2021  12:47:18,233563;9,421837E-1;1,114439E-1;1,186794E-1;9,476618E-1;;
02/12/2021  12:47:18,233663;9,416294E-1;1,117624E-1;1,208909E-1;9,474244E-1;;
02/12/2021  12:47:18,233763;9,419483E-1;1,006121E-1;1,117289E-1;9,471842E-1;;
02/12/2021  12:47:18,233863;9,428066E-1;1,073023E-1;1,114129E-1;9,469421E-1;;
02/12/2021  12:47:18,233963;9,434832E-1;1,194084E-1;1,256299E-1;9,466990E-1;;
02/12/2021  12:47:18,234063;9,426815E-1;1,073023E-1;1,505885E-1;9,464560E-1;;
02/12/2021  12:47:18,234163;9,422195E-1;8,213450E-2;9,561632E-2;9,462140E-1;;
02/12/2021  12:47:18,234263;9,412777E-1;9,169190E-2;1,076217E-1;9,459737E-1;;
02/12/2021  12:47:18,234363;9,416801E-1;5,473662E-2;1,107811E-1;9,457358E-1;;
02/12/2021  12:47:18,234463;9,419870E-1;8,946184E-2;1,006712E-1;9,455008E-1;;
02/12/2021  12:47:18,234563;9,417278E-1;1,143111E-1;1,733356E-1;9,452691E-1;;
02/12/2021  12:47:18,234663;9,413582E-1;9,137332E-2;1,031987E-1;9,450412E-1;;
02/12/2021  12:47:18,234763;9,409976E-1;7,958586E-2;1,129926E-1;9,448176E-1;;
02/12/2021  12:47:18,234863;9,416533E-1;1,060280E-1;1,231024E-1;9,445986E-1;;
02/12/2021  12:47:18,234963;9,413731E-1;1,088952E-1;1,265777E-1;9,443843E-1;;
02/12/2021  12:47:18,235063;9,410572E-1;7,767438E-2;7,792413E-2;9,441753E-1;;
02/12/2021  12:47:18,235163;9,408277E-1;9,041758E-2;9,056141E-2;9,439715E-1;;
02/12/2021  12:47:18,235263;9,408754E-1;1,480806E-1;1,379512E-1;9,437734E-1;;
02/12/2021  12:47:18,235363;9,415191E-1;1,331073E-1;2,128271E-1;9,435809E-1;;
02/12/2021  12:47:18,235463;9,411734E-1;1,534964E-1;1,357397E-1;9,433942E-1;;
02/12/2021  12:47:18,235563;9,408665E-1;1,461691E-1;1,256299E-1;9,432135E-1;;
02/12/2021  12:47:18,235663;9,404403E-1;1,592309E-1;1,338441E-1;9,430390E-1;;
02/12/2021  12:47:18,235763;9,408337E-1;1,649653E-1;1,534319E-1;9,428705E-1;;
02/12/2021  12:47:18,235863;9,410006E-1;8,149734E-2;1,076217E-1;9,427082E-1;;
02/12/2021  12:47:18,235963;9,407472E-1;1,347002E-1;1,347919E-1;9,425521E-1;;
02/12/2021  12:47:18,236063;9,403687E-1;1,394789E-1;1,335282E-1;9,424021E-1;;
02/12/2021  12:47:18,236163;9,391766E-1;1,184526E-1;1,136244E-1;9,422581E-1;;
02/12/2021  12:47:18,236263;9,387713E-1;1,372488E-1;1,442698E-1;9,421200E-1;;
02/12/2021  12:47:18,236363;9,391826E-1;7,894870E-2;9,688005E-2;9,419873E-1;;
02/12/2021  12:47:18,236463;9,384733E-1;1,206827E-1;1,284732E-1;9,418598E-1;;
02/12/2021  12:47:18,236563;9,379964E-1;1,260985E-1;1,259458E-1;9,417368E-1;;
02/12/2021  12:47:18,236663;9,370368E-1;1,187712E-1;1,082536E-1;9,416181E-1;;
02/12/2021  12:47:18,236763;9,376060E-1;7,289568E-2;8,929768E-2;9,415030E-1;;
02/12/2021  12:47:18,236863;9,376388E-1;1,283286E-1;1,265777E-1;9,413910E-1;;
02/12/2021  12:47:18,236963;9,376239E-1;1,318330E-1;1,246821E-1;9,412817E-1;;
02/12/2021  12:47:18,237063;9,365659E-1;1,318330E-1;1,449017E-1;9,411746E-1;;
02/12/2021  12:47:18,237163;9,360562E-1;1,241871E-1;1,253139E-1;9,410694E-1;;
02/12/2021  12:47:18,237263;9,372782E-1;1,098510E-1;1,098333E-1;9,409654E-1;;
02/12/2021  12:47:18,237363;9,378623E-1;1,423461E-1;1,783905E-1;9,408625E-1;;
02/12/2021  12:47:18,237463;9,369056E-1;1,254614E-1;1,164678E-1;9,407602E-1;;
02/12/2021  12:47:18,237563;9,370099E-1;1,359745E-1;1,452176E-1;9,406586E-1;;
02/12/2021  12:47:18,237663;9,367775E-1;1,267357E-1;1,224705E-1;9,405575E-1;;
02/12/2021  12:47:18,237763;9,371083E-1;9,137332E-2;1,414265E-1;9,404566E-1;;
02/12/2021  12:47:18,237863;9,368341E-1;1,413904E-1;1,496407E-1;9,403559E-1;;
02/12/2021  12:47:18,237963;9,368609E-1;1,203641E-1;1,227865E-1;9,402553E-1;;
02/12/2021  12:47:18,238063;9,358595E-1;1,079395E-1;1,126766E-1;9,401546E-1;;
02/12/2021  12:47:18,238163;9,348343E-1;1,276914E-1;1,594346E-1;9,400538E-1;;
02/12/2021  12:47:18,238263;9,350787E-1;1,347002E-1;1,423743E-1;9,399525E-1;;
02/12/2021  12:47:18,238363;9,346138E-1;1,254614E-1;1,262617E-1;9,398504E-1;;
02/12/2021  12:47:18,238463;9,337644E-1;1,171783E-1;1,196272E-1;9,397470E-1;;
02/12/2021  12:47:18,238563;9,332637E-1;1,203641E-1;1,212068E-1;9,396421E-1;;
02/12/2021  12:47:18,238663;9,326975E-1;1,229127E-1;1,240502E-1;9,395351E-1;;
02/12/2021  12:47:18,238763;9,333561E-1;1,305587E-1;1,404787E-1;9,394256E-1;;
02/12/2021  12:47:18,238863;9,327362E-1;1,098510E-1;1,114129E-1;9,393131E-1;;
02/12/2021  12:47:18,238963;9,321312E-1;1,190898E-1;1,202590E-1;9,391974E-1;;
02/12/2021  12:47:18,239063;9,310434E-1;1,146297E-1;1,208909E-1;9,390781E-1;;
02/12/2021  12:47:18,239163;9,308288E-1;9,232906E-2;8,392683E-2;9,389547E-1;;
02/12/2021  12:47:18,239263;9,313295E-1;1,334259E-1;1,256299E-1;9,388268E-1;;
02/12/2021  12:47:18,239363;9,313325E-1;1,060280E-1;1,152041E-1;9,386941E-1;;
02/12/2021  12:47:18,239463;9,307036E-1;1,174969E-1;1,287892E-1;9,385563E-1;;
02/12/2021  12:47:18,239563;9,294310E-1;1,143111E-1;1,287892E-1;9,384133E-1;;
02/12/2021  12:47:18,239663;9,300539E-1;1,219570E-1;1,249980E-1;9,382649E-1;;
02/12/2021  12:47:18,239763;9,300956E-1;4,199342E-2;9,277293E-2;9,381107E-1;;
02/12/2021  12:47:18,239863;9,296009E-1;1,292843E-1;1,281573E-1;9,379507E-1;;
02/12/2021  12:47:18,239963;9,286442E-1;1,337445E-1;1,275255E-1;9,377848E-1;;
02/12/2021  12:47:18,240063;9,270885E-1;5,441804E-2;9,877564E-2;9,376130E-1;;
02/12/2021  12:47:18,240163;9,270736E-1;1,331073E-1;1,328963E-1;9,374348E-1;;
02/12/2021  12:47:18,240263;9,265431E-1;1,194084E-1;1,136244E-1;9,372500E-1;;
02/12/2021  12:47:18,240363;9,263345E-1;1,267357E-1;1,262617E-1;9,370583E-1;;
02/12/2021  12:47:18,240463;9,251931E-1;1,292843E-1;1,224705E-1;9,368593E-1;;
02/12/2021  12:47:18,240563;9,248444E-1;1,254614E-1;1,287892E-1;9,366528E-1;;
02/12/2021  12:47:18,240663;9,251275E-1;1,321516E-1;1,328963E-1;9,364386E-1;;
02/12/2021  12:47:18,240763;9,246387E-1;1,149482E-1;9,340479E-2;9,362164E-1;;
02/12/2021  12:47:18,240863;9,244539E-1;1,397975E-1;1,379512E-1;9,359861E-1;;
02/12/2021  12:47:18,240963;9,244152E-1;1,324701E-1;1,385831E-1;9,357477E-1;;
02/12/2021  12:47:18,241063;9,237148E-1;1,213198E-1;1,256299E-1;9,355013E-1;;
02/12/2021  12:47:18,241163;9,233572E-1;1,143111E-1;1,224705E-1;9,352470E-1;;
02/12/2021  12:47:18,241263;9,242483E-1;1,324701E-1;1,152041E-1;9,349847E-1;;
02/12/2021  12:47:18,241363;9,236195E-1;1,487177E-1;1,404787E-1;9,347149E-1;;
02/12/2021  12:47:18,241463;9,231784E-1;1,362931E-1;1,303688E-1;9,344377E-1;;
02/12/2021  12:47:18,241563;9,227045E-1;8,946184E-2;9,498445E-2;9,341536E-1;;
02/12/2021  12:47:18,241663;9,236880E-1;1,805757E-1;1,850251E-1;9,338628E-1;;
02/12/2021  12:47:18,241763;9,238400E-1;1,627352E-1;1,938712E-1;9,335658E-1;;
02/12/2021  12:47:18,241863;9,227939E-1;1,305587E-1;1,291051E-1;9,332631E-1;;
02/12/2021  12:47:18,241963;9,228237E-1;1,458505E-1;1,648054E-1;9,329553E-1;;
02/12/2021  12:47:18,242063;9,215899E-1;1,436204E-1;1,398468E-1;9,326429E-1;;
02/12/2021  12:47:18,242163;9,224482E-1;1,327887E-1;1,341600E-1;9,323262E-1;;
02/12/2021  12:47:18,242263;9,222485E-1;1,289658E-1;1,335282E-1;9,320058E-1;;
02/12/2021  12:47:18,242363;9,222157E-1;1,321516E-1;1,303688E-1;9,316822E-1;;
02/12/2021  12:47:18,242463;9,212710E-1;1,260985E-1;1,347919E-1;9,313558E-1;;
02/12/2021  12:47:18,242563;9,209193E-1;1,251428E-1;1,332122E-1;9,310271E-1;;
02/12/2021  12:47:18,242663;9,219356E-1;1,283286E-1;1,183634E-1;9,306966E-1;;
02/12/2021  12:47:18,242763;9,224750E-1;1,340630E-1;1,316326E-1;9,303646E-1;;
02/12/2021  12:47:18,242863;9,220906E-1;1,337445E-1;1,313166E-1;9,300320E-1;;
02/12/2021  12:47:18,242963;9,220488E-1;1,308772E-1;1,294210E-1;9,296993E-1;;
02/12/2021  12:47:18,243063;9,220369E-1;1,187712E-1;1,057261E-1;9,293672E-1;;
02/12/2021  12:47:18,243163;9,224422E-1;1,264171E-1;1,221546E-1;9,290365E-1;;
02/12/2021  12:47:18,243263;9,229787E-1;1,184526E-1;1,234183E-1;9,287077E-1;;
02/12/2021  12:47:18,243363;9,233661E-1;1,366117E-1;1,897641E-1;9,283816E-1;;
02/12/2021  12:47:18,243463;9,233214E-1;1,413904E-1;1,417424E-1;9,280592E-1;;
02/12/2021  12:47:18,243563;9,236016E-1;9,551486E-2;1,208909E-1;9,277411E-1;;
02/12/2021  12:47:18,243663;9,246238E-1;1,276914E-1;1,313166E-1;9,274283E-1;;
02/12/2021  12:47:18,243763;9,253272E-1;1,337445E-1;1,325804E-1;9,271216E-1;;
02/12/2021  12:47:18,243863;9,248324E-1;1,490363E-1;1,480610E-1;9,268220E-1;;
02/12/2021  12:47:18,243963;9,246328E-1;1,598680E-1;1,682807E-1;9,265305E-1;;
02/12/2021  12:47:18,244063;9,249993E-1;1,410718E-1;1,313166E-1;9,262477E-1;;
02/12/2021  12:47:18,244163;9,260722E-1;1,311958E-1;1,107811E-1;9,259745E-1;;
02/12/2021  12:47:18,244263;9,263554E-1;1,232313E-1;1,234183E-1;9,257117E-1;;
02/12/2021  12:47:18,244363;9,266772E-1;1,366117E-1;1,351078E-1;9,254599E-1;;
02/12/2021  12:47:18,244463;9,268978E-1;1,302401E-1;1,332122E-1;9,252200E-1;;
02/12/2021  12:47:18,244563;9,269812E-1;1,321516E-1;1,287892E-1;9,249927E-1;;
02/12/2021  12:47:18,244663;9,283850E-1;1,292843E-1;1,303688E-1;9,247786E-1;;
02/12/2021  12:47:18,244763;9,291837E-1;1,385232E-1;1,388990E-1;9,245785E-1;;
02/12/2021  12:47:18,244863;9,289304E-1;1,477620E-1;1,471132E-1;9,243930E-1;;
02/12/2021  12:47:18,244963;9,288320E-1;1,190898E-1;1,079377E-1;9,242230E-1;;
02/12/2021  12:47:18,245063;9,295383E-1;9,647060E-2;1,041465E-1;9,240688E-1;;
02/12/2021  12:47:18,245163;9,307930E-1;7,225852E-2;9,403666E-2;9,239311E-1;;
02/12/2021  12:47:18,245263;9,311566E-1;1,512664E-1;1,442698E-1;9,238102E-1;;
02/12/2021  12:47:18,245363;9,314964E-1;1,433019E-1;1,328963E-1;9,237068E-1;;
02/12/2021  12:47:18,245463;9,316573E-1;1,598680E-1;1,575390E-1;9,236212E-1;;
02/12/2021  12:47:18,245563;9,327332E-1;1,082581E-1;1,212068E-1;9,235540E-1;;
02/12/2021  12:47:18,245663;9,343485E-1;1,480806E-1;1,366875E-1;9,235055E-1;;
02/12/2021  12:47:18,245763;9,351622E-1;1,356559E-1;1,253139E-1;9,234760E-1;;
02/12/2021  12:47:18,245863;9,348880E-1;1,331073E-1;1,619620E-1;9,234663E-1;;
02/12/2021  12:47:18,245963;9,343754E-1;1,187712E-1;1,224705E-1;9,234767E-1;;
02/12/2021  12:47:18,246063;9,358536E-1;1,413904E-1;1,281573E-1;9,235074E-1;;
02/12/2021  12:47:18,246163;9,371888E-1;1,337445E-1;1,591187E-1;9,235585E-1;;
02/12/2021  12:47:18,246263;9,371858E-1;1,254614E-1;1,259458E-1;9,236302E-1;;
02/12/2021  12:47:18,246363;9,377193E-1;1,464877E-1;1,344760E-1;9,237227E-1;;
02/12/2021  12:47:18,246463;9,382438E-1;1,063466E-1;1,152041E-1;9,238361E-1;;
02/12/2021  12:47:18,246563;9,395879E-1;-7,067902E-3;6,623464E-2;9,239704E-1;;
02/12/2021  12:47:18,246663;9,406310E-1;1,088952E-1;1,202590E-1;9,241257E-1;;
02/12/2021  12:47:18,246763;9,409112E-1;1,108067E-1;1,164678E-1;9,243020E-1;;
02/12/2021  12:47:18,246863;9,421718E-1;9,710776E-2;1,016190E-1;9,244995E-1;;
02/12/2021  12:47:18,246963;9,425742E-1;1,210013E-1;1,445858E-1;9,247181E-1;;
02/12/2021  12:47:18,247063;9,439272E-1;1,343816E-1;1,493248E-1;9,249579E-1;;
02/12/2021  12:47:18,247163;9,449226E-1;8,786894E-2;1,035146E-1;9,252189E-1;;
02/12/2021  12:47:18,247263;9,459032E-1;8,946184E-2;1,057261E-1;9,255012E-1;;
02/12/2021  12:47:18,247363;9,464545E-1;1,057094E-1;1,189953E-1;9,258048E-1;;
02/12/2021  12:47:18,247463;9,477599E-1;9,710776E-2;1,139404E-1;9,261298E-1;;
02/12/2021  12:47:18,247563;9,491457E-1;1,018865E-1;1,275255E-1;9,264761E-1;;
02/12/2021  12:47:18,247663;9,508803E-1;1,178155E-1;1,294210E-1;9,268439E-1;;
02/12/2021  12:47:18,247763;9,510740E-1;1,181340E-1;1,385831E-1;9,272333E-1;;
02/12/2021  12:47:18,247863;9,507819E-1;1,289658E-1;1,420583E-1;9,276444E-1;;
02/12/2021  12:47:18,247963;9,509786E-1;3,848904E-2;5,422923E-2;9,280770E-1;;
02/12/2021  12:47:18,248063;9,528234E-1;1,136739E-1;1,152041E-1;9,285308E-1;;
02/12/2021  12:47:18,248163;9,537890E-1;1,327887E-1;1,310007E-1;9,290056E-1;;
02/12/2021  12:47:18,248263;9,541258E-1;1,608238E-1;1,540637E-1;9,295009E-1;;
02/12/2021  12:47:18,248363;9,542927E-1;1,888588E-1;1,714400E-1;9,300163E-1;;
02/12/2021  12:47:18,248463;9,548709E-1;1,490363E-1;1,357397E-1;9,305515E-1;;
02/12/2021  12:47:18,248563;9,566769E-1;1,662396E-1;1,606983E-1;9,311058E-1;;
02/12/2021  12:47:18,248663;9,565279E-1;1,732484E-1;1,600664E-1;9,316787E-1;;
02/12/2021  12:47:18,248763;9,576068E-1;1,754784E-1;1,562753E-1;9,322695E-1;;
02/12/2021  12:47:18,248863;9,574786E-1;1,455319E-1;1,376353E-1;9,328776E-1;;
02/12/2021  12:47:18,248963;9,587989E-1;1,321516E-1;1,246821E-1;9,335022E-1;;
02/12/2021  12:47:18,249063;9,596215E-1;1,334259E-1;1,284732E-1;9,341427E-1;;
02/12/2021  12:47:18,249163;9,604560E-1;1,474434E-1;1,436380E-1;9,347983E-1;;
02/12/2021  12:47:18,249263;9,604381E-1;1,391603E-1;1,344760E-1;9,354684E-1;;
02/12/2021  12:47:18,249363;9,603815E-1;1,235499E-1;1,237343E-1;9,361520E-1;;
02/12/2021  12:47:18,249463;9,613381E-1;1,248242E-1;1,249980E-1;9,368483E-1;;
02/12/2021  12:47:18,249563;9,620653E-1;1,111253E-1;8,708615E-2;9,375563E-1;;
02/12/2021  12:47:18,249663;9,627746E-1;7,608148E-2;6,939396E-2;9,382752E-1;;
02/12/2021  12:47:18,249763;9,621398E-1;1,397975E-1;1,392149E-1;9,390038E-1;;
02/12/2021  12:47:18,249863;9,617852E-1;1,299215E-1;9,593225E-2;9,397414E-1;;
02/12/2021  12:47:18,249963;9,622859E-1;1,369303E-1;1,268936E-1;9,404865E-1;;
02/12/2021  12:47:18,250063;9,628253E-1;1,276914E-1;1,328963E-1;9,412379E-1;;
02/12/2021  12:47:18,250163;9,622680E-1;7,863012E-2;1,013031E-1;9,419943E-1;;
02/12/2021  12:47:18,250263;9,619312E-1;1,238685E-1;1,306848E-1;9,427544E-1;;
02/12/2021  12:47:18,250363;9,619104E-1;1,302401E-1;1,275255E-1;9,435167E-1;;
02/12/2021  12:47:18,250463;9,628015E-1;1,394789E-1;1,237343E-1;9,442797E-1;;
02/12/2021  12:47:18,250563;9,632604E-1;1,812129E-1;1,891322E-1;9,450420E-1;;
02/12/2021  12:47:18,250663;9,639161E-1;1,289658E-1;1,278414E-1;9,458023E-1;;
02/12/2021  12:47:18,250763;9,632515E-1;1,547707E-1;1,167838E-1;9,465594E-1;;
02/12/2021  12:47:18,250863;9,629207E-1;1,254614E-1;1,287892E-1;9,473121E-1;;
02/12/2021  12:47:18,250963;9,643125E-1;1,216384E-1;1,240502E-1;9,480590E-1;;
02/12/2021  12:47:18,251063;9,646880E-1;1,200455E-1;1,306848E-1;9,487992E-1;;
02/12/2021  12:47:18,251163;9,645330E-1;1,267357E-1;1,319485E-1;9,495317E-1;;
02/12/2021  12:47:18,251263;9,643006E-1;1,165411E-1;1,246821E-1;9,502554E-1;;
02/12/2021  12:47:18,251363;9,647714E-1;1,254614E-1;1,278414E-1;9,509694E-1;;
02/12/2021  12:47:18,251463;9,654569E-1;1,219570E-1;1,170997E-1;9,516729E-1;;
02/12/2021  12:47:18,251563;9,660917E-1;1,251428E-1;1,291051E-1;9,523651E-1;;
02/12/2021  12:47:18,251663;9,657788E-1;1,391603E-1;2,074562E-1;9,530454E-1;;
02/12/2021  12:47:18,251763;9,647834E-1;1,260985E-1;1,262617E-1;9,537132E-1;;
02/12/2021  12:47:18,251863;9,642618E-1;1,315144E-1;1,407946E-1;9,543678E-1;;
02/12/2021  12:47:18,251963;9,650337E-1;1,079395E-1;1,101492E-1;9,550083E-1;;
02/12/2021  12:47:18,252063;9,645300E-1;1,302401E-1;1,319485E-1;9,556341E-1;;
02/12/2021  12:47:18,252163;9,642976E-1;1,372488E-1;1,366875E-1;9,562443E-1;;
02/12/2021  12:47:18,252263;9,639876E-1;1,305587E-1;1,291051E-1;9,568383E-1;;
02/12/2021  12:47:18,252363;9,632515E-1;1,359745E-1;1,458495E-1;9,574153E-1;;
02/12/2021  12:47:18,252463;9,635644E-1;1,187712E-1;1,265777E-1;9,579746E-1;;
02/12/2021  12:47:18,252563;9,637194E-1;1,308772E-1;1,354238E-1;9,585156E-1;;
02/12/2021  12:47:18,252663;9,627448E-1;1,225942E-1;1,133085E-1;9,590375E-1;;
02/12/2021  12:47:18,252763;9,619312E-1;1,181340E-1;1,455336E-1;9,595397E-1;;
02/12/2021  12:47:18,252863;9,616838E-1;1,257800E-1;1,193112E-1;9,600216E-1;;
02/12/2021  12:47:18,252963;9,626226E-1;1,382046E-1;1,625939E-1;9,604826E-1;;
02/12/2021  12:47:18,253063;9,617673E-1;1,235499E-1;1,294210E-1;9,609221E-1;;
02/12/2021  12:47:18,253163;9,611325E-1;1,248242E-1;1,268936E-1;9,613397E-1;;
02/12/2021  12:47:18,253263;9,600059E-1;1,184526E-1;1,300529E-1;9,617349E-1;;
02/12/2021  12:47:18,253363;9,603219E-1;1,178155E-1;1,218387E-1;9,621073E-1;;
02/12/2021  12:47:18,253463;9,610818E-1;1,257800E-1;1,310007E-1;9,624564E-1;;
02/12/2021  12:47:18,253563;9,603755E-1;1,286472E-1;1,313166E-1;9,627820E-1;;
02/12/2021  12:47:18,253663;9,590701E-1;1,254614E-1;1,253139E-1;9,630839E-1;;
02/12/2021  12:47:18,253763;9,579197E-1;1,101695E-1;9,656411E-2;9,633621E-1;;
02/12/2021  12:47:18,253863;9,578691E-1;9,201048E-2;1,073058E-1;9,636160E-1;;
02/12/2021  12:47:18,253963;9,582774E-1;1,525407E-1;1,667010E-1;9,638455E-1;;
02/12/2021  12:47:18,254063;9,574250E-1;1,257800E-1;1,268936E-1;9,640504E-1;;
02/12/2021  12:47:18,254163;9,572104E-1;1,111253E-1;1,110970E-1;9,642306E-1;;
02/12/2021  12:47:18,254263;9,563074E-1;5,186940E-2;7,855599E-2;9,643861E-1;;
02/12/2021  12:47:18,254363;9,566680E-1;1,458505E-1;1,294210E-1;9,645170E-1;;
02/12/2021  12:47:18,254463;9,569154E-1;1,305587E-1;1,227865E-1;9,646233E-1;;
02/12/2021  12:47:18,254563;9,558156E-1;8,054160E-2;6,212753E-2;9,647054E-1;;
02/12/2021  12:47:18,254663;9,555862E-1;1,296029E-1;1,294210E-1;9,647634E-1;;
02/12/2021  12:47:18,254763;9,550437E-1;1,190898E-1;1,170997E-1;9,647978E-1;;
02/12/2021  12:47:18,254863;9,555683E-1;1,178155E-1;1,231024E-1;9,648089E-1;;
02/12/2021  12:47:18,254963;9,555683E-1;1,292843E-1;2,093518E-1;9,647971E-1;;
02/12/2021  12:47:18,255063;9,547338E-1;8,850610E-2;8,519056E-2;9,647631E-1;;
02/12/2021  12:47:18,255163;9,540394E-1;4,103768E-2;6,054787E-2;9,647074E-1;;
02/12/2021  12:47:18,255263;9,531393E-1;1,318330E-1;1,227865E-1;9,646307E-1;;
02/12/2021  12:47:18,255363;9,536311E-1;1,296029E-1;1,202590E-1;9,645334E-1;;
02/12/2021  12:47:18,255463;9,533152E-1;1,092138E-1;1,262617E-1;9,644161E-1;;
02/12/2021  12:47:18,255563;9,522303E-1;1,152668E-1;1,196272E-1;9,642794E-1;;
02/12/2021  12:47:18,255663;9,509607E-1;1,340630E-1;1,442698E-1;9,641239E-1;;
02/12/2021  12:47:18,255763;9,498878E-1;7,066562E-2;9,972343E-2;9,639500E-1;;
02/12/2021  12:47:18,255863;9,497567E-1;1,073023E-1;1,069899E-1;9,637580E-1;;
02/12/2021  12:47:18,255963;9,491696E-1;1,206827E-1;1,243661E-1;9,635483E-1;;
02/12/2021  12:47:18,256063;9,480579E-1;1,426647E-1;1,433221E-1;9,633212E-1;;
02/12/2021  12:47:18,256163;9,468330E-1;5,091366E-2;8,013565E-2;9,630768E-1;;
02/12/2021  12:47:18,256263;9,462519E-1;3,052454E-2;8,645429E-2;9,628155E-1;;
02/12/2021  12:47:18,256363;9,464754E-1;1,229127E-1;1,338441E-1;9,625374E-1;;
02/12/2021  12:47:18,256463;9,456945E-1;1,117624E-1;1,120448E-1;9,622427E-1;;
02/12/2021  12:47:18,256563;9,442253E-1;1,461691E-1;1,638576E-1;9,619317E-1;;
02/12/2021  12:47:18,256663;9,434385E-1;1,213198E-1;1,123607E-1;9,616046E-1;;
02/12/2021  12:47:18,256763;9,430689E-1;1,362931E-1;1,215227E-1;9,612617E-1;;
02/12/2021  12:47:18,256863;9,432596E-1;1,197269E-1;1,183634E-1;9,609031E-1;;
02/12/2021  12:47:18,256963;9,429646E-1;1,375674E-1;1,306848E-1;9,605291E-1;;
02/12/2021  12:47:18,257063;9,425175E-1;1,136739E-1;1,272095E-1;9,601403E-1;;
02/12/2021  12:47:18,257163;9,413463E-1;2,426988E-1;2,099837E-1;9,597371E-1;;
02/12/2021  12:47:18,257263;9,411645E-1;1,006121E-1;1,057261E-1;9,593201E-1;;
02/12/2021  12:47:18,257363;9,414744E-1;1,324701E-1;1,395309E-1;9,588897E-1;;
02/12/2021  12:47:18,257463;9,400618E-1;1,350188E-1;1,322644E-1;9,584466E-1;;
02/12/2021  12:47:18,257563;9,395223E-1;1,063466E-1;1,101492E-1;9,579913E-1;;
02/12/2021  12:47:18,257663;9,382080E-1;1,245056E-1;1,316326E-1;9,575243E-1;;
02/12/2021  12:47:18,257763;9,370219E-1;1,276914E-1;1,477451E-1;9,570461E-1;;
02/12/2021  12:47:18,257863;9,374600E-1;1,388417E-1;1,249980E-1;9,565571E-1;;
02/12/2021  12:47:18,257963;9,365540E-1;1,260985E-1;1,224705E-1;9,560575E-1;;
02/12/2021  12:47:18,258063;9,349953E-1;1,318330E-1;1,287892E-1;9,555477E-1;;
02/12/2021  12:47:18,258163;9,334306E-1;1,429833E-1;1,430061E-1;9,550282E-1;;
02/12/2021  12:47:18,258263;9,321997E-1;1,331073E-1;1,291051E-1;9,544988E-1;;
02/12/2021  12:47:18,258363;9,318540E-1;1,439390E-1;1,133085E-1;9,539598E-1;;
02/12/2021  12:47:18,258463;9,307364E-1;1,210013E-1;1,212068E-1;9,534110E-1;;
02/12/2021  12:47:18,258563;9,291777E-1;1,152668E-1;1,142563E-1;9,528524E-1;;
02/12/2021  12:47:18,258663;9,283820E-1;1,152668E-1;1,221546E-1;9,522839E-1;;
02/12/2021  12:47:18,258763;9,280333E-1;1,136739E-1;1,133085E-1;9,517054E-1;;
02/12/2021  12:47:18,258863;9,272524E-1;1,108067E-1;1,003553E-1;9,511168E-1;;
02/12/2021  12:47:18,258963;9,268680E-1;9,615202E-2;1,019350E-1;9,505181E-1;;
02/12/2021  12:47:18,259063;9,259083E-1;9,424054E-2;1,098333E-1;9,499095E-1;;
02/12/2021  12:47:18,259163;9,251245E-1;9,838208E-2;1,193112E-1;9,492910E-1;;
02/12/2021  12:47:18,259263;9,262511E-1;1,063466E-1;1,110970E-1;9,486629E-1;;
02/12/2021  12:47:18,259363;9,265610E-1;1,296029E-1;1,461654E-1;9,480255E-1;;
02/12/2021  12:47:18,259463;9,268471E-1;8,818752E-2;9,340479E-2;9,473795E-1;;
02/12/2021  12:47:18,259563;9,262958E-1;1,746276E-2;4,601499E-2;9,467258E-1;;
02/12/2021  12:47:18,259663;9,251394E-1;1,041165E-1;1,129926E-1;9,460654E-1;;
02/12/2021  12:47:18,259763;9,255835E-1;9,965640E-2;1,129926E-1;9,453992E-1;;
02/12/2021  12:47:18,259863;9,261527E-1;9,328480E-2;1,161519E-1;9,447280E-1;;
02/12/2021  12:47:18,259963;9,260424E-1;9,933782E-2;1,069899E-1;9,440530E-1;;
02/12/2021  12:47:18,260063;9,254345E-1;1,283286E-1;1,490088E-1;9,433754E-1;;
02/12/2021  12:47:18,260163;9,253301E-1;8,946184E-2;1,095173E-1;9,426961E-1;;
02/12/2021  12:47:18,260263;9,258100E-1;8,309024E-2;9,688005E-2;9,420165E-1;;
02/12/2021  12:47:18,260363;9,257027E-1;1,073023E-1;1,212068E-1;9,413377E-1;;
02/12/2021  12:47:18,260463;9,252109E-1;1,235499E-1;1,344760E-1;9,406609E-1;;
02/12/2021  12:47:18,260563;9,242602E-1;4,008194E-2;8,582243E-2;9,399872E-1;;
02/12/2021  12:47:18,260663;9,242245E-1;1,397975E-1;1,433221E-1;9,393176E-1;;
02/12/2021  12:47:18,260763;9,247937E-1;1,181340E-1;1,528000E-1;9,386531E-1;;
02/12/2021  12:47:18,260863;9,254136E-1;1,445762E-1;1,395309E-1;9,379947E-1;;
02/12/2021  12:47:18,260963;9,257295E-1;1,538150E-1;1,417424E-1;9,373433E-1;;
02/12/2021  12:47:18,261063;9,252974E-1;1,445762E-1;1,164678E-1;9,367003E-1;;
02/12/2021  12:47:18,261163;9,260782E-1;1,633724E-1;1,445858E-1;9,360666E-1;;
02/12/2021  12:47:18,261263;9,273717E-1;1,174969E-1;1,120448E-1;9,354434E-1;;
02/12/2021  12:47:18,261363;9,277114E-1;1,742041E-1;1,584868E-1;9,348321E-1;;
02/12/2021  12:47:18,261463;9,280005E-1;1,665582E-1;1,676488E-1;9,342338E-1;;
02/12/2021  12:47:18,261563;9,278962E-1;1,213198E-1;1,275255E-1;9,336501E-1;;
02/12/2021  12:47:18,261663;9,282181E-1;1,436204E-1;1,509044E-1;9,330820E-1;;
02/12/2021  12:47:18,261763;9,291390E-1;1,340630E-1;9,845971E-2;9,325308E-1;;
02/12/2021  12:47:18,261863;9,302715E-1;1,245056E-1;1,249980E-1;9,319975E-1;;
02/12/2021  12:47:18,261963;9,300778E-1;1,267357E-1;1,341600E-1;9,314835E-1;;
02/12/2021  12:47:18,262063;9,295950E-1;1,343816E-1;1,382671E-1;9,309898E-1;;
02/12/2021  12:47:18,262163;9,298632E-1;1,388417E-1;1,294210E-1;9,305174E-1;;
02/12/2021  12:47:18,262263;9,305904E-1;2,479010E-2;7,508074E-2;9,300671E-1;;
02/12/2021  12:47:18,262363;9,311179E-1;1,133553E-1;1,253139E-1;9,296395E-1;;
02/12/2021  12:47:18,262463;9,315888E-1;9,487770E-2;8,613836E-2;9,292355E-1;;
02/12/2021  12:47:18,262563;9,310315E-1;1,171783E-1;1,044624E-1;9,288556E-1;;
02/12/2021  12:47:18,262663;9,310702E-1;1,012493E-1;1,303688E-1;9,285003E-1;;
02/12/2021  12:47:18,262763;9,321908E-1;1,366117E-1;1,392149E-1;9,281700E-1;;
02/12/2021  12:47:18,262863;9,334813E-1;1,327887E-1;1,335282E-1;9,278649E-1;;
02/12/2021  12:47:18,262963;9,333919E-1;1,270543E-1;1,246821E-1;9,275855E-1;;
02/12/2021  12:47:18,263063;9,325365E-1;1,334259E-1;1,316326E-1;9,273320E-1;;
02/12/2021  12:47:18,263163;9,335707E-1;1,267357E-1;1,016190E-1;9,271046E-1;;
02/12/2021  12:47:18,263263;9,342234E-1;1,041165E-1;9,719598E-2;9,269033E-1;;
02/12/2021  12:47:18,263363;9,336810E-1;1,219570E-1;1,224705E-1;9,267281E-1;;
02/12/2021  12:47:18,263463;9,334306E-1;1,327887E-1;1,344760E-1;9,265788E-1;;
02/12/2021  12:47:18,263563;9,322325E-1;1,353374E-1;1,366875E-1;9,264550E-1;;
02/12/2021  12:47:18,263663;9,320328E-1;1,280100E-1;1,114129E-1;9,263562E-1;;
02/12/2021  12:47:18,263763;9,326796E-1;1,369303E-1;1,303688E-1;9,262815E-1;;
02/12/2021  12:47:18,263863;9,327034E-1;1,442576E-1;1,512204E-1;9,262300E-1;;
02/12/2021  12:47:18,263963;9,320984E-1;1,127182E-1;1,319485E-1;9,262008E-1;;
02/12/2021  12:47:18,264063;9,314487E-1;1,257800E-1;1,148882E-1;9,261930E-1;;
02/12/2021  12:47:18,264163;9,312550E-1;1,254614E-1;1,284732E-1;9,262054E-1;;
02/12/2021  12:47:18,264263;9,324650E-1;1,311958E-1;1,464814E-1;9,262367E-1;;
02/12/2021  12:47:18,264363;9,326587E-1;1,461691E-1;1,411105E-1;9,262858E-1;;
02/12/2021  12:47:18,264463;9,312639E-1;1,608238E-1;1,641736E-1;9,263517E-1;;
02/12/2021  12:47:18,264563;9,301016E-1;1,127182E-1;1,123607E-1;9,264332E-1;;
02/12/2021  12:47:18,264663;9,311417E-1;1,251428E-1;1,565912E-1;9,265288E-1;;
02/12/2021  12:47:18,264763;9,315351E-1;1,378860E-1;1,395309E-1;9,266373E-1;;
02/12/2021  12:47:18,264863;9,321342E-1;1,382046E-1;1,351078E-1;9,267573E-1;;
02/12/2021  12:47:18,264963;9,317408E-1;1,254614E-1;1,354238E-1;9,268878E-1;;
02/12/2021  12:47:18,265063;9,307394E-1;1,257800E-1;1,205749E-1;9,270278E-1;;
02/12/2021  12:47:18,265163;9,321163E-1;1,331073E-1;1,433221E-1;9,271761E-1;;
02/12/2021  12:47:18,265263;9,324531E-1;1,378860E-1;1,379512E-1;9,273317E-1;;
02/12/2021  12:47:18,265363;9,324411E-1;1,257800E-1;1,249980E-1;9,274938E-1;;
02/12/2021  12:47:18,265463;9,323249E-1;1,216384E-1;1,193112E-1;9,276614E-1;;
02/12/2021  12:47:18,265563;9,312967E-1;1,063466E-1;1,199431E-1;9,278338E-1;;
02/12/2021  12:47:18,265663;9,332607E-1;1,315144E-1;1,354238E-1;9,280102E-1;;
02/12/2021  12:47:18,265763;9,333650E-1;1,391603E-1;1,303688E-1;9,281899E-1;;
02/12/2021  12:47:18,265863;9,341310E-1;1,350188E-1;1,594346E-1;9,283722E-1;;
02/12/2021  12:47:18,265963;9,343307E-1;1,378860E-1;1,278414E-1;9,285569E-1;;
02/12/2021  12:47:18,266063;9,344201E-1;1,356559E-1;1,297370E-1;9,287435E-1;;
02/12/2021  12:47:18,266163;9,365152E-1;1,579565E-1;1,553275E-1;9,289319E-1;;
02/12/2021  12:47:18,266263;9,375851E-1;1,331073E-1;1,363715E-1;9,291220E-1;;
02/12/2021  12:47:18,266363;9,379428E-1;1,260985E-1;1,363715E-1;9,293140E-1;;
02/12/2021  12:47:18,266463;9,370129E-1;1,280100E-1;1,455336E-1;9,295083E-1;;
02/12/2021  12:47:18,266563;9,377610E-1;1,382046E-1;1,584868E-1;9,297050E-1;;
02/12/2021  12:47:18,266663;9,394985E-1;1,190898E-1;1,234183E-1;9,299042E-1;;
02/12/2021  12:47:18,266763;9,406429E-1;1,296029E-1;1,287892E-1;9,301063E-1;;
02/12/2021  12:47:18,266863;9,408337E-1;1,423461E-1;1,430061E-1;9,303116E-1;;
02/12/2021  12:47:18,266963;9,405535E-1;1,477620E-1;1,480610E-1;9,305208E-1;;
02/12/2021  12:47:18,267063;9,405118E-1;1,200455E-1;1,259458E-1;9,307342E-1;;
02/12/2021  12:47:18,267163;9,417576E-1;1,136739E-1;9,845971E-2;9,309520E-1;;
02/12/2021  12:47:18,267263;9,424043E-1;1,251428E-1;1,208909E-1;9,311746E-1;;
02/12/2021  12:47:18,267363;9,422612E-1;1,350188E-1;1,322644E-1;9,314023E-1;;
02/12/2021  12:47:18,267463;9,412837E-1;1,334259E-1;1,218387E-1;9,316352E-1;;
02/12/2021  12:47:18,267563;9,414536E-1;1,241871E-1;1,287892E-1;9,318736E-1;;
02/12/2021  12:47:18,267663;9,420705E-1;9,806350E-2;8,361090E-2;9,321171E-1;;
02/12/2021  12:47:18,267763;9,423745E-1;1,159040E-1;1,287892E-1;9,323657E-1;;
02/12/2021  12:47:18,267863;9,421390E-1;1,311958E-1;1,325804E-1;9,326193E-1;;
02/12/2021  12:47:18,267963;9,410363E-1;1,382046E-1;1,319485E-1;9,328776E-1;;
02/12/2021  12:47:18,268063;9,413791E-1;1,289658E-1;1,509044E-1;9,331403E-1;;
02/12/2021  12:47:18,268163;9,423149E-1;1,251428E-1;1,249980E-1;9,334067E-1;;
02/12/2021  12:47:18,268263;9,427023E-1;1,426647E-1;1,338441E-1;9,336766E-1;;
02/12/2021  12:47:18,268363;9,428036E-1;1,697440E-1;1,998739E-1;9,339495E-1;;
02/12/2021  12:47:18,268463;9,414804E-1;1,394789E-1;1,373193E-1;9,342252E-1;;
02/12/2021  12:47:18,268563;9,415728E-1;1,241871E-1;1,265777E-1;9,345031E-1;;
02/12/2021  12:47:18,268663;9,426815E-1;1,257800E-1;1,486929E-1;9,347826E-1;;
02/12/2021  12:47:18,268763;9,427142E-1;1,461691E-1;1,461654E-1;9,350632E-1;;
02/12/2021  12:47:18,268863;9,425801E-1;1,308772E-1;1,486929E-1;9,353445E-1;;
02/12/2021  12:47:18,268963;9,417903E-1;1,206827E-1;1,170997E-1;9,356261E-1;;
02/12/2021  12:47:18,269063;9,434563E-1;1,289658E-1;1,256299E-1;9,359074E-1;;
02/12/2021  12:47:18,269163;9,438795E-1;1,350188E-1;1,417424E-1;9,361879E-1;;
02/12/2021  12:47:18,269263;9,441060E-1;1,337445E-1;1,335282E-1;9,364675E-1;;
02/12/2021  12:47:18,269363;9,424639E-1;1,073023E-1;9,087734E-2;9,367459E-1;;
02/12/2021  12:47:18,269463;9,414417E-1;8,755036E-2;1,499566E-1;9,370228E-1;;
02/12/2021  12:47:18,269563;9,410781E-1;1,260985E-1;1,275255E-1;9,372973E-1;;
02/12/2021  12:47:18,269663;9,413493E-1;1,331073E-1;1,300529E-1;9,375689E-1;;
02/12/2021  12:47:18,269763;9,410572E-1;1,187712E-1;1,148882E-1;9,378366E-1;;
02/12/2021  12:47:18,269863;9,388369E-1;1,238685E-1;1,193112E-1;9,380998E-1;;
02/12/2021  12:47:18,269963;9,381246E-1;1,369303E-1;1,319485E-1;9,383574E-1;;
02/12/2021  12:47:18,270063;9,381216E-1;1,382046E-1;1,411105E-1;9,386083E-1;;
02/12/2021  12:47:18,270163;9,383094E-1;1,311958E-1;1,379512E-1;9,388514E-1;;
02/12/2021  12:47:18,270263;9,378295E-1;1,044351E-1;1,114129E-1;9,390857E-1;;
02/12/2021  12:47:18,270363;9,365063E-1;1,245056E-1;1,259458E-1;9,393102E-1;;
02/12/2021  12:47:18,270463;9,359132E-1;1,331073E-1;1,344760E-1;9,395239E-1;;
02/12/2021  12:47:18,270563;9,363573E-1;1,582751E-1;1,986102E-1;9,397259E-1;;
02/12/2021  12:47:18,270663;9,374451E-1;1,359745E-1;1,366875E-1;9,399152E-1;;
02/12/2021  12:47:18,270763;9,378295E-1;1,302401E-1;1,300529E-1;9,400913E-1;;
02/12/2021  12:47:18,270863;9,369295E-1;1,512664E-1;1,480610E-1;9,402537E-1;;
02/12/2021  12:47:18,270963;9,371172E-1;1,350188E-1;1,287892E-1;9,404023E-1;;
02/12/2021  12:47:18,271063;9,374898E-1;9,392196E-2;1,199431E-1;9,405369E-1;;
02/12/2021  12:47:18,271163;9,377222E-1;1,334259E-1;1,278414E-1;9,406573E-1;;
02/12/2021  12:47:18,271263;9,380888E-1;1,238685E-1;1,120448E-1;9,407637E-1;;
02/12/2021  12:47:18,271363;9,371828E-1;8,563888E-2;8,234717E-2;9,408563E-1;;
02/12/2021  12:47:18,271463;9,367834E-1;1,178155E-1;1,174156E-1;9,409351E-1;;
02/12/2021  12:47:18,271563;9,372007E-1;1,538150E-1;1,632258E-1;9,410004E-1;;
02/12/2021  12:47:18,271663;9,375315E-1;9,742634E-2;1,038306E-1;9,410524E-1;;
02/12/2021  12:47:18,271763;9,368878E-1;1,194084E-1;1,205749E-1;9,410914E-1;;
02/12/2021  12:47:18,271863;9,348164E-1;1,108067E-1;1,158360E-1;9,411177E-1;;
02/12/2021  12:47:18,271963;9,353529E-1;7,703722E-2;7,002583E-2;9,411313E-1;;
02/12/2021  12:47:18,272063;9,359639E-1;1,041165E-1;1,114129E-1;9,411324E-1;;
02/12/2021  12:47:18,272163;9,363334E-1;1,053908E-1;1,079377E-1;9,411212E-1;;
02/12/2021  12:47:18,272263;9,361635E-1;1,155854E-1;1,272095E-1;9,410979E-1;;
02/12/2021  12:47:18,272363;9,354065E-1;9,774492E-2;1,063580E-1;9,410630E-1;;
02/12/2021  12:47:18,272463;9,360562E-1;1,044351E-1;1,120448E-1;9,410170E-1;;
02/12/2021  12:47:18,272563;9,369921E-1;1,022050E-1;1,136244E-1;9,409603E-1;;
02/12/2021  12:47:18,272663;9,380948E-1;1,028422E-1;1,025668E-1;9,408935E-1;;
02/12/2021  12:47:18,272763;9,381633E-1;1,315144E-1;1,256299E-1;9,408176E-1;;
02/12/2021  12:47:18,272863;9,380590E-1;1,006121E-1;1,145722E-1;9,407335E-1;;
02/12/2021  12:47:18,272963;9,391766E-1;1,101695E-1;1,189953E-1;9,406422E-1;;
02/12/2021  12:47:18,273063;9,403956E-1;7,448858E-2;1,189953E-1;9,405447E-1;;
02/12/2021  12:47:18,273163;9,414208E-1;9,933782E-2;1,088855E-1;9,404425E-1;;
02/12/2021  12:47:18,273263;9,411555E-1;8,786894E-2;1,186794E-1;9,403367E-1;;
02/12/2021  12:47:18,273363;9,409857E-1;2,765732E-2;1,262617E-1;9,402289E-1;;
02/12/2021  12:47:18,273463;9,414685E-1;9,615202E-2;1,139404E-1;9,401202E-1;;
02/12/2021  12:47:18,273563;9,428454E-1;1,178155E-1;1,227865E-1;9,400118E-1;;
02/12/2021  12:47:18,273663;9,430659E-1;1,162226E-1;1,313166E-1;9,399051E-1;;
02/12/2021  12:47:18,273763;9,421420E-1;4,868360E-2;6,339125E-2;9,398011E-1;;
02/12/2021  12:47:18,273863;9,416562E-1;1,162226E-1;1,287892E-1;9,397011E-1;;
02/12/2021  12:47:18,273963;9,429497E-1;1,534964E-1;1,679647E-1;9,396058E-1;;
02/12/2021  12:47:18,274063;9,432030E-1;1,347002E-1;1,227865E-1;9,395160E-1;;
02/12/2021  12:47:18,274163;9,435159E-1;1,334259E-1;1,401627E-1;9,394325E-1;;
02/12/2021  12:47:18,274263;9,424013E-1;1,611423E-1;1,370034E-1;9,393561E-1;;
02/12/2021  12:47:18,274363;9,420556E-1;1,882216E-1;1,603824E-1;9,392874E-1;;
02/12/2021  12:47:18,274463;9,428156E-1;1,630538E-1;1,524841E-1;9,392265E-1;;
02/12/2021  12:47:18,274563;9,431017E-1;1,662396E-1;1,540637E-1;9,391739E-1;;
02/12/2021  12:47:18,274663;9,437156E-1;1,417090E-1;1,559593E-1;9,391298E-1;;
02/12/2021  12:47:18,274763;9,428484E-1;1,356559E-1;1,382671E-1;9,390945E-1;;
02/12/2021  12:47:18,274863;9,423059E-1;1,296029E-1;1,297370E-1;9,390682E-1;;
02/12/2021  12:47:18,274963;9,429407E-1;1,687883E-1;1,881844E-1;9,390508E-1;;
02/12/2021  12:47:18,275063;9,431672E-1;1,299215E-1;1,224705E-1;9,390423E-1;;
02/12/2021  12:47:18,275163;9,434057E-1;1,095324E-1;9,403666E-2;9,390426E-1;;
02/12/2021  12:47:18,275263;9,419304E-1;1,334259E-1;1,319485E-1;9,390516E-1;;
02/12/2021  12:47:18,275363;9,416771E-1;1,222756E-1;1,218387E-1;9,390691E-1;;
02/12/2021  12:47:18,275463;9,418231E-1;7,385142E-2;7,444887E-2;9,390946E-1;;
02/12/2021  12:47:18,275563;9,420288E-1;1,018865E-1;1,114129E-1;9,391276E-1;;
02/12/2021  12:47:18,275663;9,419632E-1;1,095324E-1;1,050943E-1;9,391676E-1;;
02/12/2021  12:47:18,275763;9,406876E-1;1,241871E-1;1,322644E-1;9,392141E-1;;
02/12/2021  12:47:18,275863;9,407681E-1;9,997498E-2;1,098333E-1;9,392666E-1;;
02/12/2021  12:47:18,275963;9,411287E-1;7,990444E-2;5,833634E-2;9,393242E-1;;
02/12/2021  12:47:18,276063;9,411198E-1;1,225942E-1;1,268936E-1;9,393864E-1;;
02/12/2021  12:47:18,276163;9,408128E-1;1,340630E-1;1,338441E-1;9,394526E-1;;
02/12/2021  12:47:18,276263;9,397310E-1;9,169190E-2;1,073058E-1;9,395220E-1;;
02/12/2021  12:47:18,276363;9,398412E-1;1,174969E-1;1,360556E-1;9,395941E-1;;
02/12/2021  12:47:18,276463;9,412479E-1;1,315144E-1;1,303688E-1;9,396681E-1;;
02/12/2021  12:47:18,276563;9,411824E-1;1,203641E-1;1,275255E-1;9,397434E-1;;
02/12/2021  12:47:18,276663;9,405178E-1;1,331073E-1;1,278414E-1;9,398196E-1;;
02/12/2021  12:47:18,276763;9,396028E-1;1,350188E-1;1,351078E-1;9,398963E-1;;
02/12/2021  12:47:18,276863;9,405416E-1;1,385232E-1;1,057261E-1;9,399728E-1;;
02/12/2021  12:47:18,276963;9,412658E-1;1,251428E-1;1,278414E-1;9,400489E-1;;
02/12/2021  12:47:18,277063;9,410423E-1;1,347002E-1;1,303688E-1;9,401240E-1;;
02/12/2021  12:47:18,277163;9,399724E-1;1,092138E-1;7,097362E-2;9,401980E-1;;
02/12/2021  12:47:18,277263;9,397161E-1;1,022050E-1;1,114129E-1;9,402706E-1;;
02/12/2021  12:47:18,277363;9,399336E-1;1,267357E-1;1,189953E-1;9,403412E-1;;
02/12/2021  12:47:18,277463;9,397578E-1;1,340630E-1;1,471132E-1;9,404096E-1;;
02/12/2021  12:47:18,277563;9,401810E-1;1,162226E-1;1,123607E-1;9,404753E-1;;
02/12/2021  12:47:18,277663;9,397131E-1;1,248242E-1;1,392149E-1;9,405381E-1;;
02/12/2021  12:47:18,277763;9,386849E-1;1,168597E-1;1,205749E-1;9,405976E-1;;
02/12/2021  12:47:18,277863;9,392422E-1;1,095324E-1;1,152041E-1;9,406535E-1;;
02/12/2021  12:47:18,277963;9,399604E-1;1,034794E-1;1,145722E-1;9,407055E-1;;
02/12/2021  12:47:18,278063;9,406042E-1;1,111253E-1;1,202590E-1;9,407535E-1;;
02/12/2021  12:47:18,278163;9,392809E-1;1,044351E-1;1,054102E-1;9,407973E-1;;
02/12/2021  12:47:18,278263;9,393912E-1;5,505520E-2;8,013565E-2;9,408369E-1;;
02/12/2021  12:47:18,278363;9,404522E-1;1,340630E-1;1,900800E-1;9,408723E-1;;
02/12/2021  12:47:18,278463;9,412926E-1;1,235499E-1;1,294210E-1;9,409035E-1;;
02/12/2021  12:47:18,278563;9,414744E-1;1,232313E-1;1,268936E-1;9,409308E-1;;
02/12/2021  12:47:18,278663;9,405893E-1;1,206827E-1;1,259458E-1;9,409543E-1;;
02/12/2021  12:47:18,278763;9,397578E-1;1,343816E-1;1,385831E-1;9,409745E-1;;
02/12/2021  12:47:18,278863;9,408635E-1;1,248242E-1;1,265777E-1;9,409914E-1;;
02/12/2021  12:47:18,278963;9,408337E-1;1,190898E-1;1,193112E-1;9,410052E-1;;
02/12/2021  12:47:18,279063;9,404939E-1;1,133553E-1;1,221546E-1;9,410160E-1;;
02/12/2021  12:47:18,279163;9,385001E-1;1,305587E-1;1,347919E-1;9,410240E-1;;
02/12/2021  12:47:18,279263;9,380173E-1;1,410718E-1;1,259458E-1;9,410291E-1;;
02/12/2021  12:47:18,279363;9,385448E-1;6,556834E-2;3,558924E-2;9,410310E-1;;
02/12/2021  12:47:18,279463;9,393495E-1;9,615202E-2;1,066739E-1;9,410295E-1;;
02/12/2021  12:47:18,279563;9,385627E-1;1,267357E-1;1,319485E-1;9,410244E-1;;
02/12/2021  12:47:18,279663;9,377729E-1;2,861306E-2;9,593225E-2;9,410158E-1;;
02/12/2021  12:47:18,279763;9,375702E-1;1,197269E-1;1,098333E-1;9,410034E-1;;
02/12/2021  12:47:18,279863;9,383123E-1;6,588692E-2;1,164678E-1;9,409871E-1;;
02/12/2021  12:47:18,279963;9,390634E-1;1,305587E-1;1,300529E-1;9,409667E-1;;
02/12/2021  12:47:18,280063;9,393346E-1;1,222756E-1;1,303688E-1;9,409423E-1;;
02/12/2021  12:47:18,280163;9,388875E-1;1,085766E-1;1,101492E-1;9,409141E-1;;
02/12/2021  12:47:18,280263;9,392660E-1;1,206827E-1;1,272095E-1;9,408825E-1;;
02/12/2021  12:47:18,280363;9,403330E-1;1,445762E-1;1,673329E-1;9,408475E-1;;
02/12/2021  12:47:18,280463;9,413701E-1;1,356559E-1;1,360556E-1;9,408098E-1;;
02/12/2021  12:47:18,280563;9,409767E-1;1,388417E-1;1,357397E-1;9,407697E-1;;
02/12/2021  12:47:18,280663;9,401095E-1;1,340630E-1;1,420583E-1;9,407280E-1;;
02/12/2021  12:47:18,280763;9,411347E-1;1,123996E-1;1,205749E-1;9,406851E-1;;
02/12/2021  12:47:18,280863;9,419274E-1;1,334259E-1;1,224705E-1;9,406416E-1;;
02/12/2021  12:47:18,280963;9,418738E-1;1,165411E-1;9,150920E-2;9,405979E-1;;
02/12/2021  12:47:18,281063;9,412569E-1;1,264171E-1;1,344760E-1;9,405547E-1;;
02/12/2021  12:47:18,281163;9,400737E-1;1,302401E-1;1,316326E-1;9,405125E-1;;
02/12/2021  12:47:18,281263;9,402525E-1;1,229127E-1;1,009872E-1;9,404714E-1;;
02/12/2021  12:47:18,281363;9,406549E-1;1,334259E-1;1,088855E-1;9,404317E-1;;
02/12/2021  12:47:18,281463;9,408486E-1;1,066652E-1;1,013031E-1;9,403935E-1;;
02/12/2021  12:47:18,281563;9,393942E-1;9,296622E-2;1,129926E-1;9,403569E-1;;
02/12/2021  12:47:18,281663;9,385835E-1;1,123996E-1;9,751191E-2;9,403219E-1;;
02/12/2021  12:47:18,281763;9,389293E-1;1,050723E-1;1,316326E-1;9,402882E-1;;
02/12/2021  12:47:18,281863;9,390664E-1;1,343816E-1;1,546956E-1;9,402558E-1;;
02/12/2021  12:47:18,281963;9,390991E-1;1,302401E-1;1,291051E-1;9,402243E-1;;
02/12/2021  12:47:18,282063;9,373586E-1;1,385232E-1;1,231024E-1;9,401935E-1;;
02/12/2021  12:47:18,282163;9,363692E-1;1,101695E-1;1,186794E-1;9,401632E-1;;
02/12/2021  12:47:18,282263;9,369086E-1;1,296029E-1;1,332122E-1;9,401327E-1;;
02/12/2021  12:47:18,282363;9,375285E-1;1,286472E-1;1,341600E-1;9,401016E-1;;
02/12/2021  12:47:18,282463;9,372722E-1;1,273729E-1;1,278414E-1;9,400694E-1;;
02/12/2021  12:47:18,282563;9,364616E-1;1,311958E-1;1,284732E-1;9,400359E-1;;
02/12/2021  12:47:18,282663;9,365480E-1;1,394789E-1;1,363715E-1;9,400007E-1;;
02/12/2021  12:47:18,282763;9,372692E-1;1,541336E-1;1,392149E-1;9,399635E-1;;
02/12/2021  12:47:18,282863;9,377073E-1;1,181340E-1;1,243661E-1;9,399241E-1;;
02/12/2021  12:47:18,282963;9,374987E-1;1,289658E-1;1,401627E-1;9,398824E-1;;
02/12/2021  12:47:18,283063;9,368550E-1;1,353374E-1;1,338441E-1;9,398386E-1;;
02/12/2021  12:47:18,283163;9,364258E-1;1,468062E-1;1,426902E-1;9,397924E-1;;
02/12/2021  12:47:18,283263;9,372663E-1;1,254614E-1;1,291051E-1;9,397439E-1;;
02/12/2021  12:47:18,283363;9,377342E-1;1,321516E-1;1,275255E-1;9,396930E-1;;
02/12/2021  12:47:18,283463;9,377133E-1;1,413904E-1;1,461654E-1;9,396399E-1;;
02/12/2021  12:47:18,283563;9,363751E-1;1,181340E-1;1,133085E-1;9,395847E-1;;
02/12/2021  12:47:18,283663;9,363722E-1;2,602207E-1;2,150386E-1;9,395274E-1;;
02/12/2021  12:47:18,283763;9,367179E-1;6,556834E-2;9,466852E-2;9,394680E-1;;
02/12/2021  12:47:18,283863;9,372305E-1;1,197269E-1;1,272095E-1;9,394066E-1;;
02/12/2021  12:47:18,283963;9,370427E-1;1,429833E-1;1,395309E-1;9,393432E-1;;
02/12/2021  12:47:18,284063;9,359460E-1;1,069837E-1;1,186794E-1;9,392780E-1;;
02/12/2021  12:47:18,284163;9,359758E-1;1,436204E-1;1,439539E-1;9,392111E-1;;
02/12/2021  12:47:18,284263;9,367179E-1;1,152668E-1;1,493248E-1;9,391423E-1;;
02/12/2021  12:47:18,284363;9,374570E-1;1,436204E-1;1,439539E-1;9,390719E-1;;
02/12/2021  12:47:18,284463;9,371947E-1;1,496735E-1;1,471132E-1;9,390000E-1;;
02/12/2021  12:47:18,284563;9,358625E-1;5,792242E-2;9,624818E-2;9,389268E-1;;
02/12/2021  12:47:18,284663;9,360503E-1;6,493118E-2;9,372073E-2;9,388526E-1;;
02/12/2021  12:47:18,284763;9,365420E-1;1,276914E-1;1,287892E-1;9,387773E-1;;
02/12/2021  12:47:18,284863;9,361784E-1;1,372488E-1;1,420583E-1;9,387011E-1;;
02/12/2021  12:47:18,284963;9,348015E-1;1,076209E-1;1,249980E-1;9,386240E-1;;
02/12/2021  12:47:18,285063;9,330581E-1;1,143111E-1;1,180475E-1;9,385459E-1;;
02/12/2021  12:47:18,285163;9,329657E-1;1,015679E-1;9,688005E-2;9,384664E-1;;
02/12/2021  12:47:18,285263;9,328643E-1;1,206827E-1;1,013031E-1;9,383851E-1;;
02/12/2021  12:47:18,285363;9,321074E-1;7,640006E-2;1,025668E-1;9,383015E-1;;
02/12/2021  12:47:18,285463;9,313146E-1;9,933782E-2;1,016190E-1;9,382150E-1;;
02/12/2021  12:47:18,285563;9,298393E-1;1,034794E-1;1,107811E-1;9,381252E-1;;
02/12/2021  12:47:18,285663;9,299466E-1;9,169190E-2;9,845971E-2;9,380313E-1;;
02/12/2021  12:47:18,285763;9,310881E-1;1,159040E-1;1,202590E-1;9,379327E-1;;
02/12/2021  12:47:18,285863;9,313504E-1;1,111253E-1;1,170997E-1;9,378290E-1;;
02/12/2021  12:47:18,285963;9,306291E-1;1,079395E-1;1,215227E-1;9,377198E-1;;
02/12/2021  12:47:18,286063;9,299198E-1;9,742634E-2;1,126766E-1;9,376051E-1;;
02/12/2021  12:47:18,286163;9,311894E-1;1,165411E-1;1,461654E-1;9,374847E-1;;
02/12/2021  12:47:18,286263;9,321044E-1;1,079395E-1;1,439539E-1;9,373586E-1;;
02/12/2021  12:47:18,286363;9,323696E-1;7,831154E-2;1,031987E-1;9,372269E-1;;
02/12/2021  12:47:18,286463;9,321878E-1;8,882468E-2;9,877564E-2;9,370902E-1;;
02/12/2021  12:47:18,286563;9,316275E-1;1,229127E-1;1,313166E-1;9,369489E-1;;
02/12/2021  12:47:18,286663;9,330134E-1;8,786894E-2;1,050943E-1;9,368034E-1;;
02/12/2021  12:47:18,286763;9,340267E-1;1,296029E-1;1,430061E-1;9,366542E-1;;
02/12/2021  12:47:18,286863;9,335945E-1;1,331073E-1;1,376353E-1;9,365022E-1;;
02/12/2021  12:47:18,286963;9,332101E-1;1,327887E-1;1,433221E-1;9,363481E-1;;
02/12/2021  12:47:18,287063;9,331177E-1;1,483991E-1;1,407946E-1;9,361925E-1;;
02/12/2021  12:47:18,287163;9,345721E-1;1,646467E-1;1,499566E-1;9,360363E-1;;
02/12/2021  12:47:18,287263;9,350936E-1;1,700626E-1;1,486929E-1;9,358799E-1;;
02/12/2021  12:47:18,287363;9,354840E-1;1,808943E-1;1,603824E-1;9,357245E-1;;
02/12/2021  12:47:18,287463;9,350102E-1;1,974605E-1;1,720719E-1;9,355708E-1;;
02/12/2021  12:47:18,287563;9,353261E-1;1,831244E-1;1,644895E-1;9,354197E-1;;
02/12/2021  12:47:18,287663;9,373706E-1;1,503106E-1;1,588027E-1;9,352720E-1;;
02/12/2021  12:47:18,287763;9,381693E-1;1,139925E-1;1,272095E-1;9,351286E-1;;
02/12/2021  12:47:18,287863;9,383034E-1;1,455319E-1;1,426902E-1;9,349907E-1;;
02/12/2021  12:47:18,287963;9,377312E-1;1,522221E-1;1,505885E-1;9,348593E-1;;
02/12/2021  12:47:18,288063;9,378683E-1;1,251428E-1;1,490088E-1;9,347353E-1;;
02/12/2021  12:47:18,288163;9,385329E-1;1,337445E-1;1,629098E-1;9,346196E-1;;
02/12/2021  12:47:18,288263;9,391170E-1;1,420275E-1;1,442698E-1;9,345128E-1;;
02/12/2021  12:47:18,288363;9,390991E-1;1,480806E-1;1,325804E-1;9,344156E-1;;
02/12/2021  12:47:18,288463;9,390157E-1;1,241871E-1;1,218387E-1;9,343288E-1;;
02/12/2021  12:47:18,288563;9,389740E-1;1,101695E-1;1,297370E-1;9,342528E-1;;
02/12/2021  12:47:18,288663;9,402466E-1;1,241871E-1;1,505885E-1;9,341880E-1;;
02/12/2021  12:47:18,288763;9,398949E-1;1,385232E-1;1,426902E-1;9,341349E-1;;
02/12/2021  12:47:18,288863;9,385210E-1;1,315144E-1;1,294210E-1;9,340937E-1;;
02/12/2021  12:47:18,288963;9,375822E-1;1,254614E-1;1,189953E-1;9,340645E-1;;
02/12/2021  12:47:18,289063;9,378236E-1;1,331073E-1;1,139404E-1;9,340472E-1;;
02/12/2021  12:47:18,289163;9,386372E-1;1,034794E-1;1,123607E-1;9,340413E-1;;
02/12/2021  12:47:18,289263;9,377014E-1;1,340630E-1;1,272095E-1;9,340464E-1;;
02/12/2021  12:47:18,289363;9,371709E-1;1,213198E-1;1,237343E-1;9,340622E-1;;
02/12/2021  12:47:18,289463;9,366106E-1;1,079395E-1;1,120448E-1;9,340880E-1;;
02/12/2021  12:47:18,289563;9,365629E-1;1,289658E-1;1,297370E-1;9,341233E-1;;
02/12/2021  12:47:18,289663;9,375434E-1;1,382046E-1;1,253139E-1;9,341671E-1;;
02/12/2021  12:47:18,289763;9,368550E-1;1,359745E-1;1,155200E-1;9,342189E-1;;
02/12/2021  12:47:18,289863;9,356062E-1;1,397975E-1;1,606983E-1;9,342779E-1;;
02/12/2021  12:47:18,289963;9,353410E-1;1,187712E-1;1,186794E-1;9,343433E-1;;
02/12/2021  12:47:18,290063;9,355943E-1;1,378860E-1;1,351078E-1;9,344142E-1;;
02/12/2021  12:47:18,290163;9,364496E-1;1,069837E-1;1,174156E-1;9,344898E-1;;
02/12/2021  12:47:18,290263;9,367954E-1;1,165411E-1;1,174156E-1;9,345692E-1;;
02/12/2021  12:47:18,290363;9,369176E-1;1,254614E-1;1,328963E-1;9,346519E-1;;
02/12/2021  12:47:18,290463;9,359966E-1;1,302401E-1;1,164678E-1;9,347374E-1;;
02/12/2021  12:47:18,290563;9,380232E-1;1,585937E-1;1,515363E-1;9,348252E-1;;
02/12/2021  12:47:18,290663;9,383243E-1;1,385232E-1;1,689125E-1;9,349149E-1;;
02/12/2021  12:47:18,290763;9,379130E-1;1,210013E-1;1,256299E-1;9,350063E-1;;
02/12/2021  12:47:18,290863;9,373795E-1;1,251428E-1;1,376353E-1;9,350993E-1;;
02/12/2021  12:47:18,290963;9,369623E-1;1,235499E-1;1,287892E-1;9,351935E-1;;
02/12/2021  12:47:18,291063;9,383660E-1;1,213198E-1;1,085695E-1;9,352887E-1;;
02/12/2021  12:47:18,291163;9,378713E-1;1,324701E-1;1,193112E-1;9,353846E-1;;
02/12/2021  12:47:18,291263;9,382825E-1;1,143111E-1;1,246821E-1;9,354811E-1;;
02/12/2021  12:47:18,291363;9,365331E-1;1,232313E-1;1,284732E-1;9,355779E-1;;
02/12/2021  12:47:18,291463;9,366165E-1;1,270543E-1;1,287892E-1;9,356746E-1;;
02/12/2021  12:47:18,291563;9,372692E-1;1,184526E-1;1,212068E-1;9,357710E-1;;
02/12/2021  12:47:18,291663;9,372782E-1;1,159040E-1;1,231024E-1;9,358666E-1;;
02/12/2021  12:47:18,291763;9,372335E-1;1,181340E-1;1,366875E-1;9,359610E-1;;
02/12/2021  12:47:18,291863;9,363513E-1;1,420275E-1;1,306848E-1;9,360541E-1;;
02/12/2021  12:47:18,291963;9,366732E-1;1,165411E-1;1,272095E-1;9,361454E-1;;
02/12/2021  12:47:18,292063;9,382319E-1;1,197269E-1;1,284732E-1;9,362347E-1;;
02/12/2021  12:47:18,292163;9,388637E-1;1,241871E-1;1,259458E-1;9,363219E-1;;
02/12/2021  12:47:18,292263;9,390813E-1;1,219570E-1;1,275255E-1;9,364070E-1;;
02/12/2021  12:47:18,292363;9,390574E-1;1,210013E-1;1,256299E-1;9,364903E-1;;
02/12/2021  12:47:18,292463;9,395939E-1;6,047106E-2;7,476481E-2;9,365719E-1;;
02/12/2021  12:47:18,292563;9,411675E-1;1,385232E-1;1,344760E-1;9,366523E-1;;
02/12/2021  12:47:18,292663;9,414864E-1;1,222756E-1;1,294210E-1;9,367316E-1;;
02/12/2021  12:47:18,292763;9,410959E-1;1,251428E-1;1,186794E-1;9,368107E-1;;
02/12/2021  12:47:18,292863;9,404641E-1;1,238685E-1;1,117289E-1;9,368898E-1;;
02/12/2021  12:47:18,292963;9,409290E-1;1,225942E-1;1,310007E-1;9,369694E-1;;
02/12/2021  12:47:18,293063;9,424341E-1;1,210013E-1;1,123607E-1;9,370498E-1;;
02/12/2021  12:47:18,293163;9,423924E-1;1,292843E-1;1,278414E-1;9,371313E-1;;
02/12/2021  12:47:18,293263;9,420168E-1;1,372488E-1;1,253139E-1;9,372143E-1;;
02/12/2021  12:47:18,293363;9,412390E-1;1,436204E-1;1,395309E-1;9,372994E-1;;
02/12/2021  12:47:18,293463;9,415281E-1;1,267357E-1;1,268936E-1;9,373865E-1;;
02/12/2021  12:47:18,293563;9,422285E-1;1,082581E-1;1,003553E-1;9,374758E-1;;
02/12/2021  12:47:18,293663;9,426099E-1;1,232313E-1;1,243661E-1;9,375675E-1;;
02/12/2021  12:47:18,293763;9,420675E-1;1,152668E-1;1,199431E-1;9,376616E-1;;
02/12/2021  12:47:18,293863;9,408516E-1;1,159040E-1;1,272095E-1;9,377583E-1;;
02/12/2021  12:47:18,293963;9,418708E-1;1,034794E-1;1,035146E-1;9,378574E-1;;
02/12/2021  12:47:18,294063;9,428484E-1;1,149482E-1;1,142563E-1;9,379588E-1;;
02/12/2021  12:47:18,294163;9,426069E-1;5,780180E-4;5,707262E-2;9,380625E-1;;
02/12/2021  12:47:18,294263;9,425712E-1;1,178155E-1;1,167838E-1;9,381685E-1;;
02/12/2021  12:47:18,294363;9,414536E-1;1,391603E-1;1,373193E-1;9,382768E-1;;
02/12/2021  12:47:18,294463;9,430302E-1;1,315144E-1;1,170997E-1;9,383873E-1;;
02/12/2021  12:47:18,294563;9,433192E-1;1,114439E-1;1,069899E-1;9,384997E-1;;
02/12/2021  12:47:18,294663;9,422106E-1;1,194084E-1;1,139404E-1;9,386141E-1;;
02/12/2021  12:47:18,294763;9,422314E-1;1,197269E-1;1,344760E-1;9,387304E-1;;
02/12/2021  12:47:18,294863;9,412628E-1;1,245056E-1;1,110970E-1;9,388482E-1;;
02/12/2021  12:47:18,294963;9,420079E-1;1,382046E-1;1,648054E-1;9,389674E-1;;
02/12/2021  12:47:18,295063;9,425175E-1;1,331073E-1;1,588027E-1;9,390874E-1;;
02/12/2021  12:47:18,295163;9,425324E-1;1,143111E-1;1,221546E-1;9,392080E-1;;
02/12/2021  12:47:18,295263;9,414953E-1;1,088952E-1;1,095173E-1;9,393291E-1;;
02/12/2021  12:47:18,295363;9,409439E-1;1,334259E-1;1,297370E-1;9,394503E-1;;
02/12/2021  12:47:18,295463;9,410423E-1;1,066652E-1;1,136244E-1;9,395711E-1;;
02/12/2021  12:47:18,295563;9,409708E-1;1,120810E-1;1,193112E-1;9,396910E-1;;
02/12/2021  12:47:18,295663;9,398949E-1;1,127182E-1;1,183634E-1;9,398096E-1;;
02/12/2021  12:47:18,295763;9,387504E-1;1,267357E-1;1,227865E-1;9,399262E-1;;
02/12/2021  12:47:18,295863;9,380232E-1;1,203641E-1;1,224705E-1;9,400402E-1;;
02/12/2021  12:47:18,295963;9,379964E-1;1,340630E-1;1,306848E-1;9,401505E-1;;
02/12/2021  12:47:18,296063;9,378444E-1;1,238685E-1;1,246821E-1;9,402564E-1;;
02/12/2021  12:47:18,296163;9,369116E-1;1,327887E-1;1,433221E-1;9,403571E-1;;
02/12/2021  12:47:18,296263;9,354781E-1;1,174969E-1;1,215227E-1;9,404517E-1;;
02/12/2021  12:47:18,296363;9,348611E-1;1,216384E-1;1,189953E-1;9,405392E-1;;
02/12/2021  12:47:18,296463;9,353887E-1;1,095324E-1;1,218387E-1;9,406186E-1;;
02/12/2021  12:47:18,296563;9,349833E-1;1,286472E-1;1,313166E-1;9,406891E-1;;
02/12/2021  12:47:18,296663;9,341399E-1;1,407532E-1;1,385831E-1;9,407499E-1;;
02/12/2021  12:47:18,296763;9,328554E-1;1,337445E-1;1,303688E-1;9,408001E-1;;
02/12/2021  12:47:18,296863;9,327302E-1;5,824100E-2;7,602853E-2;9,408391E-1;;
02/12/2021  12:47:18,296963;9,332101E-1;1,264171E-1;1,237343E-1;9,408660E-1;;
02/12/2021  12:47:18,297063;9,334574E-1;1,378860E-1;1,316326E-1;9,408801E-1;;
02/12/2021  12:47:18,297163;9,326319E-1;1,245056E-1;1,215227E-1;9,408812E-1;;
02/12/2021  12:47:18,297263;9,322057E-1;6,429402E-2;8,803395E-2;9,408689E-1;;
02/12/2021  12:47:18,297363;9,323815E-1;1,289658E-1;1,243661E-1;9,408429E-1;;
02/12/2021  12:47:18,297463;9,329478E-1;1,299215E-1;1,316326E-1;9,408032E-1;;
02/12/2021  12:47:18,297563;9,329716E-1;1,178155E-1;1,265777E-1;9,407496E-1;;
02/12/2021  12:47:18,297663;9,323845E-1;1,037979E-1;1,139404E-1;9,406823E-1;;
02/12/2021  12:47:18,297763;9,319405E-1;7,767438E-2;6,907803E-2;9,406017E-1;;
02/12/2021  12:47:18,297863;9,325067E-1;1,101695E-1;1,208909E-1;9,405079E-1;;
02/12/2021  12:47:18,297963;9,334068E-1;1,108067E-1;1,158360E-1;9,404012E-1;;
02/12/2021  12:47:18,298063;9,334395E-1;1,022050E-1;1,092014E-1;9,402823E-1;;
02/12/2021  12:47:18,298163;9,321521E-1;1,057094E-1;1,120448E-1;9,401518E-1;;
02/12/2021  12:47:18,298263;9,317885E-1;9,933782E-2;1,212068E-1;9,400102E-1;;
02/12/2021  12:47:18,298363;9,323428E-1;1,264171E-1;1,325804E-1;9,398581E-1;;
02/12/2021  12:47:18,298463;9,321789E-1;9,073616E-2;8,455870E-2;9,396961E-1;;
02/12/2021  12:47:18,298563;9,318391E-1;-2,522696E-2;1,631739E-2;9,395246E-1;;
02/12/2021  12:47:18,298663;9,311179E-1;9,201048E-2;1,085695E-1;9,393444E-1;;
02/12/2021  12:47:18,298763;9,296456E-1;1,111253E-1;1,170997E-1;9,391559E-1;;
02/12/2021  12:47:18,298863;9,308675E-1;6,333828E-2;3,590517E-2;9,389595E-1;;
02/12/2021  12:47:18,298963;9,304682E-1;4,613496E-2;1,107811E-1;9,387555E-1;;
02/12/2021  12:47:18,299063;9,300927E-1;7,767438E-2;9,530039E-2;9,385445E-1;;
02/12/2021  12:47:18,299163;9,298691E-1;9,615202E-2;1,126766E-1;9,383267E-1;;
02/12/2021  12:47:18,299263;9,293476E-1;5,282514E-2;7,887192E-2;9,381028E-1;;
02/12/2021  12:47:18,299363;9,302119E-1;4,709070E-2;7,981972E-2;9,378730E-1;;
02/12/2021  12:47:18,299463;9,309987E-1;1,254614E-1;1,660692E-1;9,376380E-1;;
02/12/2021  12:47:18,299563;9,303579E-1;1,114439E-1;1,208909E-1;9,373983E-1;;
02/12/2021  12:47:18,299663;9,294608E-1;5,250656E-2;8,013565E-2;9,371547E-1;;
02/12/2021  12:47:18,299763;9,298721E-1;1,334259E-1;1,347919E-1;9,369078E-1;;
02/12/2021  12:47:18,299863;9,314159E-1;1,343816E-1;1,376353E-1;9,366580E-1;;
02/12/2021  12:47:18,299963;9,313831E-1;1,340630E-1;1,360556E-1;9,364062E-1;;
02/12/2021  12:47:18,300063;9,319434E-1;1,608238E-1;1,509044E-1;9,361533E-1;;
02/12/2021  12:47:18,300163;9,313504E-1;1,531778E-1;1,366875E-1;9,359001E-1;;
02/12/2021  12:47:18,300263;9,315947E-1;1,808943E-1;1,483770E-1;9,356475E-1;;
02/12/2021  12:47:18,300363;9,326736E-1;1,509478E-1;1,401627E-1;9,353965E-1;;
02/12/2021  12:47:18,300463;9,332577E-1;1,678325E-1;1,581709E-1;9,351478E-1;;
02/12/2021  12:47:18,300563;9,329478E-1;1,732484E-1;1,948190E-1;9,349025E-1;;
02/12/2021  12:47:18,300663;9,330938E-1;1,439390E-1;1,404787E-1;9,346616E-1;;
02/12/2021  12:47:18,300763;9,329061E-1;1,369303E-1;1,398468E-1;9,344258E-1;;
02/12/2021  12:47:18,300863;9,341757E-1;8,500172E-2;1,490088E-1;9,341961E-1;;
02/12/2021  12:47:18,300963;9,343307E-1;1,442576E-1;1,376353E-1;9,339732E-1;;
02/12/2021  12:47:18,301063;9,339879E-1;1,468062E-1;1,569071E-1;9,337579E-1;;
02/12/2021  12:47:18,301163;9,335945E-1;1,292843E-1;1,227865E-1;9,335511E-1;;
02/12/2021  12:47:18,301263;9,345035E-1;8,755036E-2;1,148882E-1;9,333533E-1;;
02/12/2021  12:47:18,301363;9,357165E-1;1,340630E-1;1,379512E-1;9,331652E-1;;
02/12/2021  12:47:18,301463;9,361010E-1;1,273729E-1;1,338441E-1;9,329873E-1;;
02/12/2021  12:47:18,301563;9,356807E-1;9,774492E-2;9,087734E-2;9,328204E-1;;
02/12/2021  12:47:18,301663;9,357225E-1;1,076209E-1;1,256299E-1;9,326652E-1;;
02/12/2021  12:47:18,301763;9,363275E-1;1,260985E-1;1,272095E-1;9,325221E-1;;
02/12/2021  12:47:18,301863;9,374719E-1;1,420275E-1;1,584868E-1;9,323916E-1;;
02/12/2021  12:47:18,301963;9,378176E-1;1,350188E-1;1,347919E-1;9,322741E-1;;
02/12/2021  12:47:18,302063;9,376328E-1;7,640006E-2;9,972343E-2;9,321704E-1;;
02/12/2021  12:47:18,302163;9,381603E-1;5,632952E-2;9,624818E-2;9,320806E-1;;
02/12/2021  12:47:18,302263;9,389203E-1;1,324701E-1;1,341600E-1;9,320054E-1;;
02/12/2021  12:47:18,302363;9,397965E-1;9,328480E-2;1,016190E-1;9,319449E-1;;
02/12/2021  12:47:18,302463;9,400230E-1;1,050723E-1;1,262617E-1;9,318997E-1;;
02/12/2021  12:47:18,302563;9,397280E-1;1,356559E-1;1,332122E-1;9,318701E-1;;
02/12/2021  12:47:18,302663;9,396028E-1;1,299215E-1;1,170997E-1;9,318563E-1;;
02/12/2021  12:47:18,302763;9,401691E-1;1,538150E-1;1,714400E-1;9,318585E-1;;
02/12/2021  12:47:18,302863;9,406191E-1;1,213198E-1;1,294210E-1;9,318765E-1;;
02/12/2021  12:47:18,302963;9,410751E-1;1,283286E-1;1,347919E-1;9,319104E-1;;
02/12/2021  12:47:18,303063;9,404820E-1;1,216384E-1;1,126766E-1;9,319601E-1;;
02/12/2021  12:47:18,303163;9,399634E-1;9,137332E-2;1,082536E-1;9,320254E-1;;
02/12/2021  12:47:18,303263;9,413373E-1;8,181592E-2;9,751191E-2;9,321059E-1;;
02/12/2021  12:47:18,303363;9,419513E-1;1,280100E-1;1,253139E-1;9,322013E-1;;
02/12/2021  12:47:18,303463;9,425742E-1;1,299215E-1;1,243661E-1;9,323114E-1;;
02/12/2021  12:47:18,303563;9,424102E-1;1,401161E-1;1,600664E-1;9,324358E-1;;
02/12/2021  12:47:18,303663;9,417993E-1;1,292843E-1;1,306848E-1;9,325743E-1;;
02/12/2021  12:47:18,303763;9,429467E-1;1,273729E-1;1,205749E-1;9,327265E-1;;
02/12/2021  12:47:18,303863;9,437961E-1;1,531778E-1;1,847091E-1;9,328919E-1;;
02/12/2021  12:47:18,303963;9,442580E-1;1,356559E-1;1,338441E-1;9,330702E-1;;
02/12/2021  12:47:18,304063;9,447617E-1;1,289658E-1;1,455336E-1;9,332611E-1;;
02/12/2021  12:47:18,304163;9,444935E-1;1,362931E-1;1,297370E-1;9,334643E-1;;
02/12/2021  12:47:18,304263;9,462697E-1;9,041758E-2;1,303688E-1;9,336796E-1;;
02/12/2021  12:47:18,304363;9,471012E-1;1,433019E-1;1,531159E-1;9,339066E-1;;
02/12/2021  12:47:18,304463;9,475542E-1;1,499920E-1;1,445858E-1;9,341454E-1;;
02/12/2021  12:47:18,304563;9,471638E-1;1,149482E-1;1,180475E-1;9,343957E-1;;
02/12/2021  12:47:18,304663;9,478433E-1;6,047106E-2;8,582243E-2;9,346574E-1;;
02/12/2021  12:47:18,304763;9,497597E-1;1,493549E-1;1,581709E-1;9,349304E-1;;
02/12/2021  12:47:18,304863;9,501888E-1;1,276914E-1;1,338441E-1;9,352146E-1;;
02/12/2021  12:47:18,304963;9,503140E-1;1,302401E-1;1,189953E-1;9,355098E-1;;
02/12/2021  12:47:18,305063;9,509250E-1;1,394789E-1;1,278414E-1;9,358162E-1;;
02/12/2021  12:47:18,305163;9,517118E-1;1,369303E-1;1,316326E-1;9,361336E-1;;
02/12/2021  12:47:18,305263;9,537086E-1;1,248242E-1;1,442698E-1;9,364620E-1;;
02/12/2021  12:47:18,305363;9,547457E-1;1,350188E-1;1,379512E-1;9,368015E-1;;
02/12/2021  12:47:18,305463;9,546325E-1;1,238685E-1;1,284732E-1;9,371523E-1;;
02/12/2021  12:47:18,305563;9,551868E-1;1,200455E-1;1,212068E-1;9,375145E-1;;
02/12/2021  12:47:18,305663;9,557232E-1;7,193994E-2;1,625939E-1;9,378883E-1;;
02/12/2021  12:47:18,305763;9,573565E-1;1,439390E-1;1,388990E-1;9,382738E-1;;
02/12/2021  12:47:18,305863;9,581492E-1;1,439390E-1;1,398468E-1;9,386708E-1;;
02/12/2021  12:47:18,305963;9,586052E-1;1,133553E-1;1,275255E-1;9,390797E-1;;
02/12/2021  12:47:18,306063;9,591417E-1;1,401161E-1;1,436380E-1;9,395005E-1;;
02/12/2021  12:47:18,306163;9,598867E-1;1,649653E-1;1,575390E-1;9,399333E-1;;
02/12/2021  12:47:18,306263;9,618180E-1;1,445762E-1;1,445858E-1;9,403780E-1;;
02/12/2021  12:47:18,306363;9,625064E-1;1,194084E-1;1,218387E-1;9,408349E-1;;
02/12/2021  12:47:18,306463;9,623544E-1;1,292843E-1;1,253139E-1;9,413040E-1;;
02/12/2021  12:47:18,306563;9,622829E-1;1,550893E-1;1,502726E-1;9,417854E-1;;
02/12/2021  12:47:18,306663;9,626495E-1;1,101695E-1;1,474292E-1;9,422789E-1;;
02/12/2021  12:47:18,306763;9,643989E-1;1,260985E-1;1,208909E-1;9,427843E-1;;
02/12/2021  12:47:18,306863;9,646284E-1;1,203641E-1;1,085695E-1;9,433012E-1;;
02/12/2021  12:47:18,306963;9,648459E-1;1,251428E-1;1,287892E-1;9,438295E-1;;
02/12/2021  12:47:18,307063;9,649294E-1;1,283286E-1;1,335282E-1;9,443688E-1;;
02/12/2021  12:47:18,307163;9,657013E-1;1,264171E-1;1,208909E-1;9,449187E-1;;
02/12/2021  12:47:18,307263;9,667057E-1;1,044351E-1;8,992954E-2;9,454787E-1;;
02/12/2021  12:47:18,307363;9,665954E-1;9,615202E-2;8,803395E-2;9,460483E-1;;
02/12/2021  12:47:18,307463;9,664315E-1;1,442576E-1;1,423743E-1;9,466269E-1;;
02/12/2021  12:47:18,307563;9,654062E-1;1,311958E-1;1,208909E-1;9,472140E-1;;
02/12/2021  12:47:18,307663;9,662974E-1;1,267357E-1;1,231024E-1;9,478086E-1;;
02/12/2021  12:47:18,307763;9,667772E-1;1,270543E-1;1,227865E-1;9,484098E-1;;
02/12/2021  12:47:18,307863;9,664553E-1;8,340882E-2;8,361090E-2;9,490165E-1;;
02/12/2021  12:47:18,307963;9,656924E-1;1,480806E-1;1,398468E-1;9,496277E-1;;
02/12/2021  12:47:18,308063;9,648608E-1;4,836502E-2;7,855599E-2;9,502424E-1;;
02/12/2021  12:47:18,308163;9,653824E-1;1,028422E-1;1,231024E-1;9,508590E-1;;
02/12/2021  12:47:18,308263;9,655731E-1;1,579565E-1;1,963986E-1;9,514763E-1;;
02/12/2021  12:47:18,308363;9,650844E-1;1,493549E-1;1,474292E-1;9,520928E-1;;
02/12/2021  12:47:18,308463;9,645390E-1;9,647060E-2;1,076217E-1;9,527073E-1;;
02/12/2021  12:47:18,308563;9,641307E-1;1,241871E-1;1,199431E-1;9,533183E-1;;
02/12/2021  12:47:18,308663;9,636777E-1;9,296622E-2;1,110970E-1;9,539244E-1;;
02/12/2021  12:47:18,308763;9,645479E-1;1,308772E-1;1,227865E-1;9,545240E-1;;
02/12/2021  12:47:18,308863;9,640025E-1;1,340630E-1;1,310007E-1;9,551158E-1;;
02/12/2021  12:47:18,308963;9,632873E-1;1,321516E-1;1,246821E-1;9,556984E-1;;
02/12/2021  12:47:18,309063;9,631233E-1;1,222756E-1;1,243661E-1;9,562706E-1;;
02/12/2021  12:47:18,309163;9,638028E-1;1,347002E-1;1,382671E-1;9,568311E-1;;
02/12/2021  12:47:18,309263;9,636956E-1;1,305587E-1;1,306848E-1;9,573787E-1;;
02/12/2021  12:47:18,309363;9,632515E-1;1,245056E-1;1,698603E-1;9,579123E-1;;
02/12/2021  12:47:18,309463;9,620057E-1;1,085766E-1;1,095173E-1;9,584311E-1;;
02/12/2021  12:47:18,309563;9,611742E-1;1,200455E-1;1,376353E-1;9,589339E-1;;
02/12/2021  12:47:18,309663;9,612845E-1;1,327887E-1;1,256299E-1;9,594196E-1;;
02/12/2021  12:47:18,309763;9,607600E-1;1,235499E-1;1,253139E-1;9,598871E-1;;
02/12/2021  12:47:18,309863;9,596811E-1;1,512664E-1;1,648054E-1;9,603353E-1;;
02/12/2021  12:47:18,309963;9,587691E-1;1,241871E-1;1,294210E-1;9,607633E-1;;
02/12/2021  12:47:18,310063;9,579078E-1;1,073023E-1;1,101492E-1;9,611700E-1;;
02/12/2021  12:47:18,310163;9,586737E-1;1,311958E-1;1,313166E-1;9,615542E-1;;
02/12/2021  12:47:18,310263;9,581284E-1;1,359745E-1;1,316326E-1;9,619151E-1;;
02/12/2021  12:47:18,310363;9,563104E-1;7,735580E-2;6,623464E-2;9,622520E-1;;
02/12/2021  12:47:18,310463;9,555593E-1;1,503106E-1;1,701763E-1;9,625639E-1;;
02/12/2021  12:47:18,310563;9,548679E-1;1,356559E-1;1,319485E-1;9,628501E-1;;
02/12/2021  12:47:18,310663;9,552077E-1;1,229127E-1;9,782784E-2;9,631097E-1;;
02/12/2021  12:47:18,310763;9,544089E-1;1,130368E-1;1,180475E-1;9,633422E-1;;
02/12/2021  12:47:18,310863;9,535715E-1;2,256004E-2;6,370719E-2;9,635470E-1;;
02/12/2021  12:47:18,310963;9,532675E-1;1,123996E-1;1,221546E-1;9,637236E-1;;
02/12/2021  12:47:18,311063;9,529307E-1;1,015679E-1;1,139404E-1;9,638717E-1;;
02/12/2021  12:47:18,311163;9,529844E-1;1,009307E-1;1,110970E-1;9,639911E-1;;
02/12/2021  12:47:18,311263;9,524837E-1;9,774492E-2;1,082536E-1;9,640818E-1;;
02/12/2021  12:47:18,311363;9,513064E-1;1,060280E-1;1,167838E-1;9,641437E-1;;
02/12/2021  12:47:18,311463;9,501143E-1;1,034794E-1;9,972343E-2;9,641770E-1;;
02/12/2021  12:47:18,311563;9,500726E-1;1,464877E-1;1,761790E-1;9,641817E-1;;
02/12/2021  12:47:18,311663;9,497805E-1;-1,025370E-2;6,497092E-2;9,641578E-1;;
02/12/2021  12:47:18,311763;9,491964E-1;1,025236E-1;1,152041E-1;9,641056E-1;;
02/12/2021  12:47:18,311863;9,480430E-1;1,028422E-1;1,142563E-1;9,640254E-1;;
02/12/2021  12:47:18,311963;9,469105E-1;5,919674E-2;6,339125E-2;9,639175E-1;;
02/12/2021  12:47:18,312063;9,468181E-1;1,187712E-1;1,152041E-1;9,637820E-1;;
02/12/2021  12:47:18,312163;9,474410E-1;9,806350E-2;1,073058E-1;9,636195E-1;;
02/12/2021  12:47:18,312263;9,463740E-1;8,181592E-2;9,087734E-2;9,634303E-1;;
02/12/2021  12:47:18,312363;9,449435E-1;1,044351E-1;1,458495E-1;9,632151E-1;;
02/12/2021  12:47:18,312463;9,437097E-1;9,933782E-2;1,148882E-1;9,629744E-1;;
02/12/2021  12:47:18,312563;9,441060E-1;1,069837E-1;1,028828E-1;9,627088E-1;;
02/12/2021  12:47:18,312663;9,439868E-1;1,362931E-1;1,667010E-1;9,624187E-1;;
02/12/2021  12:47:18,312763;9,433699E-1;1,302401E-1;1,328963E-1;9,621049E-1;;
02/12/2021  12:47:18,312863;9,424788E-1;2,146638E-1;1,793383E-1;9,617680E-1;;
02/12/2021  12:47:18,312963;9,416473E-1;1,139925E-1;1,193112E-1;9,614090E-1;;
02/12/2021  12:47:18,313063;9,414446E-1;5,155082E-2;7,634447E-2;9,610285E-1;;
02/12/2021  12:47:18,313163;9,413969E-1;1,337445E-1;1,401627E-1;9,606274E-1;;
02/12/2021  12:47:18,313263;9,401840E-1;1,579565E-1;1,392149E-1;9,602064E-1;;
02/12/2021  12:47:18,313363;9,390097E-1;1,681511E-1;1,398468E-1;9,597665E-1;;
02/12/2021  12:47:18,313463;9,383302E-1;1,477620E-1;1,736515E-1;9,593085E-1;;
02/12/2021  12:47:18,313563;9,388398E-1;1,585937E-1;1,752312E-1;9,588329E-1;;
02/12/2021  12:47:18,313663;9,379636E-1;1,487177E-1;1,433221E-1;9,583408E-1;;
02/12/2021  12:47:18,313763;9,361576E-1;1,311958E-1;1,332122E-1;9,578328E-1;;
02/12/2021  12:47:18,313863;9,355943E-1;1,181340E-1;1,218387E-1;9,573098E-1;;
02/12/2021  12:47:18,313963;9,337108E-1;1,257800E-1;1,328963E-1;9,567723E-1;;
02/12/2021  12:47:18,314063;9,348164E-1;1,410718E-1;1,565912E-1;9,562208E-1;;
02/12/2021  12:47:18,314163;9,337525E-1;1,273729E-1;1,231024E-1;9,556560E-1;;
02/12/2021  12:47:18,314263;9,324501E-1;1,286472E-1;1,360556E-1;9,550785E-1;;
02/12/2021  12:47:18,314363;9,308675E-1;1,127182E-1;1,234183E-1;9,544889E-1;;
02/12/2021  12:47:18,314463;9,299615E-1;9,901924E-2;7,792413E-2;9,538876E-1;;
02/12/2021  12:47:18,314563;9,299437E-1;1,229127E-1;1,180475E-1;9,532749E-1;;
02/12/2021  12:47:18,314663;9,296128E-1;1,130368E-1;1,145722E-1;9,526512E-1;;
02/12/2021  12:47:18,314763;9,288737E-1;9,424054E-2;1,167838E-1;9,520171E-1;;
02/12/2021  12:47:18,314863;9,278783E-1;1,633724E-1;1,660692E-1;9,513730E-1;;
02/12/2021  12:47:18,314963;9,277084E-1;1,347002E-1;1,268936E-1;9,507195E-1;;
02/12/2021  12:47:18,315063;9,278157E-1;1,085766E-1;1,215227E-1;9,500572E-1;;
02/12/2021  12:47:18,315163;9,278008E-1;1,117624E-1;1,120448E-1;9,493868E-1;;
02/12/2021  12:47:18,315263;9,273061E-1;1,210013E-1;1,237343E-1;9,487090E-1;;
02/12/2021  12:47:18,315363;9,264686E-1;1,159040E-1;1,332122E-1;9,480248E-1;;
02/12/2021  12:47:18,315463;9,262451E-1;9,838208E-2;1,047783E-1;9,473349E-1;;
02/12/2021  12:47:18,315563;9,274700E-1;1,063466E-1;1,006712E-1;9,466403E-1;;
02/12/2021  12:47:18,315663;9,269693E-1;1,302401E-1;1,275255E-1;9,459419E-1;;
02/12/2021  12:47:18,315763;9,260246E-1;1,289658E-1;1,212068E-1;9,452408E-1;;
02/12/2021  12:47:18,315863;9,254285E-1;1,257800E-1;1,262617E-1;9,445382E-1;;
02/12/2021  12:47:18,315963;9,255984E-1;1,085766E-1;1,164678E-1;9,438350E-1;;
02/12/2021  12:47:18,316063;9,257712E-1;9,615202E-2;7,855599E-2;9,431321E-1;;
02/12/2021  12:47:18,316163;9,251990E-1;1,232313E-1;1,316326E-1;9,424306E-1;;
02/12/2021  12:47:18,316263;9,244897E-1;1,296029E-1;1,303688E-1;9,417314E-1;;
02/12/2021  12:47:18,316363;9,240188E-1;1,095324E-1;1,107811E-1;9,410355E-1;;
02/12/2021  12:47:18,316463;9,241380E-1;9,774492E-2;1,133085E-1;9,403436E-1;;
02/12/2021  12:47:18,316563;9,244510E-1;1,538150E-1;2,049288E-1;9,396565E-1;;
02/12/2021  12:47:18,316663;9,239950E-1;1,477620E-1;1,464814E-1;9,389751E-1;;
02/12/2021  12:47:18,316763;9,234555E-1;1,270543E-1;1,322644E-1;9,383003E-1;;
02/12/2021  12:47:18,316863;9,231516E-1;8,500172E-2;9,593225E-2;9,376327E-1;;
02/12/2021  12:47:18,316963;9,241798E-1;2,670158E-2;8,550650E-2;9,369732E-1;;
02/12/2021  12:47:18,317063;9,245404E-1;1,965047E-1;2,014535E-1;9,363225E-1;;
02/12/2021  12:47:18,317163;9,239622E-1;1,194084E-1;1,136244E-1;9,356814E-1;;
02/12/2021  12:47:18,317263;9,243496E-1;1,006121E-1;6,086380E-2;9,350509E-1;;
02/12/2021  12:47:18,317363;9,235748E-1;1,168597E-1;1,196272E-1;9,344318E-1;;
02/12/2021  12:47:18,317463;9,253182E-1;1,248242E-1;1,291051E-1;9,338248E-1;;
02/12/2021  12:47:18,317563;9,254881E-1;1,187712E-1;1,294210E-1;9,332308E-1;;
02/12/2021  12:47:18,317663;9,251335E-1;1,123996E-1;1,196272E-1;9,326507E-1;;
02/12/2021  12:47:18,317763;9,251662E-1;5,218798E-2;7,128955E-2;9,320854E-1;;
02/12/2021  12:47:18,317863;9,256490E-1;1,143111E-1;1,164678E-1;9,315356E-1;;
02/12/2021  12:47:18,317963;9,263613E-1;1,206827E-1;1,249980E-1;9,310022E-1;;
02/12/2021  12:47:18,318063;9,263971E-1;1,120810E-1;1,208909E-1;9,304859E-1;;
02/12/2021  12:47:18,318163;9,257146E-1;1,286472E-1;1,644895E-1;9,299875E-1;;
02/12/2021  12:47:18,318263;9,258368E-1;1,289658E-1;1,287892E-1;9,295075E-1;;
02/12/2021  12:47:18,318363;9,257057E-1;1,445762E-1;1,455336E-1;9,290466E-1;;
02/12/2021  12:47:18,318463;9,264418E-1;1,292843E-1;1,259458E-1;9,286049E-1;;
02/12/2021  12:47:18,318563;9,269634E-1;1,053908E-1;1,129926E-1;9,281830E-1;;
02/12/2021  12:47:18,318663;9,265819E-1;1,340630E-1;1,452176E-1;9,277811E-1;;
02/12/2021  12:47:18,318763;9,266683E-1;1,302401E-1;1,316326E-1;9,273997E-1;;
02/12/2021  12:47:18,318863;9,270826E-1;1,554079E-1;1,651214E-1;9,270389E-1;;
02/12/2021  12:47:18,318963;9,279737E-1;1,248242E-1;1,262617E-1;9,266988E-1;;
02/12/2021  12:47:18,319063;9,287098E-1;1,152668E-1;1,224705E-1;9,263798E-1;;
02/12/2021  12:47:18,319163;9,286323E-1;3,275460E-2;7,539667E-2;9,260822E-1;;
02/12/2021  12:47:18,319263;9,288797E-1;6,620550E-2;1,764949E-1;9,258060E-1;;
02/12/2021  12:47:18,319363;9,292522E-1;1,245056E-1;1,110970E-1;9,255516E-1;;
02/12/2021  12:47:18,319463;9,302894E-1;1,200455E-1;1,496407E-1;9,253191E-1;;
02/12/2021  12:47:18,319563;9,305814E-1;9,105474E-2;1,028828E-1;9,251085E-1;;
