waveform;Bridge;FTC1;FTC2;Bridge (Filtered);T_env;T_cell
t0;30/11/2021  14:47:37,990783;30/11/2021  14:47:37,990783;30/11/2021  14:47:37,990783;30/11/2021  14:47:37,990783;30/11/2021  14:47:36,340136;30/11/2021  14:47:36,340136
delta t;0,000100;0,000100;0,000100;0,000100;0,512821;0,512821

time;Bridge;FTC1;FTC2;Bridge (Filtered);T_env;T_cell
30/11/2021  14:47:37,990783;9,500994E-1;3,126658E-3;5,891631E-3;2,769207E-5;1,081770E+2;1,084695E+2
30/11/2021  14:47:37,990883;9,502455E-1;5,356718E-3;9,050951E-3;1,903694E-4;;
30/11/2021  14:47:37,990983;9,502663E-1;1,044459E+1;1,663332E-2;6,647190E-4;;
30/11/2021  14:47:37,991083;9,509250E-1;1,044459E+1;3,680107E-3;1,631899E-3;;
30/11/2021  14:47:37,991183;9,506657E-1;1,044459E+1;3,364175E-3;3,247903E-3;;
30/11/2021  14:47:37,991283;9,508803E-1;1,044459E+1;3,996039E-3;5,645227E-3;;
30/11/2021  14:47:37,991383;9,519711E-1;1,044459E+1;3,680107E-3;8,934501E-3;;
30/11/2021  14:47:37,991483;9,520515E-1;1,044459E+1;1,189434E-2;1,320612E-2;;
30/11/2021  14:47:37,991583;9,526744E-1;1,044459E+1;1,568552E-2;1,853174E-2;;
30/11/2021  14:47:37,991683;9,529188E-1;1,044459E+1;6,839427E-3;2,496575E-2;;
30/11/2021  14:47:37,991783;9,532466E-1;1,044459E+1;1,189434E-2;3,254659E-2;;
30/11/2021  14:47:37,991883;9,533807E-1;1,044459E+1;1,221027E-2;4,129807E-2;;
30/11/2021  14:47:37,991983;9,534910E-1;1,044459E+1;1,347400E-2;5,123068E-2;;
30/11/2021  14:47:37,992083;9,545073E-1;1,044459E+1;1,473773E-2;6,234277E-2;;
30/11/2021  14:47:37,992183;9,542480E-1;1,044459E+1;9,682815E-3;7,462179E-2;;
30/11/2021  14:47:37,992283;9,541586E-1;1,044459E+1;1,789705E-2;8,804534E-2;;
30/11/2021  14:47:37,992383;9,531930E-1;1,044459E+1;1,410586E-2;1,025821E-1;;
30/11/2021  14:47:37,992483;9,531721E-1;1,044459E+1;3,685297E-2;1,181930E-1;;
30/11/2021  14:47:37,992583;9,528353E-1;1,044459E+1;1,821298E-2;1,348318E-1;;
30/11/2021  14:47:37,992683;9,535804E-1;1,044459E+1;1,694925E-2;1,524464E-1;;
30/11/2021  14:47:37,992783;9,534165E-1;1,044459E+1;1,694925E-2;1,709797E-1;;
30/11/2021  14:47:37,992883;9,530082E-1;1,044459E+1;1,758111E-2;1,903701E-1;;
30/11/2021  14:47:37,992983;9,529247E-1;1,044459E+1;1,821298E-2;2,105528E-1;;
30/11/2021  14:47:37,993083;9,528443E-1;1,044459E+1;1,631739E-2;2,314599E-1;;
30/11/2021  14:47:37,993183;9,525969E-1;1,044459E+1;1,694925E-2;2,530213E-1;;
30/11/2021  14:47:37,993283;9,524419E-1;1,044459E+1;1,758111E-2;2,751655E-1;;
30/11/2021  14:47:37,993383;9,525045E-1;1,044459E+1;1,694925E-2;2,978198E-1;;
30/11/2021  14:47:37,993483;9,524896E-1;1,044459E+1;1,884484E-2;3,209113E-1;;
30/11/2021  14:47:37,993583;9,526893E-1;1,044459E+1;2,042450E-2;3,443669E-1;;
30/11/2021  14:47:37,993683;9,521171E-1;1,044459E+1;1,631739E-2;3,681141E-1;;
30/11/2021  14:47:37,993783;9,520068E-1;1,044459E+1;1,821298E-2;3,920813E-1;;
30/11/2021  14:47:37,993883;9,512647E-1;1,044459E+1;1,852891E-2;4,161980E-1;;
30/11/2021  14:47:37,993983;9,521946E-1;1,044459E+1;1,758111E-2;4,403954E-1;;
30/11/2021  14:47:37,994083;9,519353E-1;1,044459E+1;1,947671E-2;4,646064E-1;;
30/11/2021  14:47:37,994183;9,516849E-1;1,044459E+1;1,758111E-2;4,887662E-1;;
30/11/2021  14:47:37,994283;9,522005E-1;1,044459E+1;2,042450E-2;5,128124E-1;;
30/11/2021  14:47:37,994383;9,510531E-1;1,044459E+1;1,663332E-2;5,366853E-1;;
30/11/2021  14:47:37,994483;9,511038E-1;1,044459E+1;1,536959E-2;5,603276E-1;;
30/11/2021  14:47:37,994583;9,502633E-1;1,044459E+1;1,600145E-2;5,836850E-1;;
30/11/2021  14:47:37,994683;9,504988E-1;1,044459E+1;1,694925E-2;6,067063E-1;;
30/11/2021  14:47:37,994783;9,503468E-1;1,044459E+1;1,473773E-2;6,293431E-1;;
30/11/2021  14:47:37,994883;9,494706E-1;1,044459E+1;1,600145E-2;6,515504E-1;;
30/11/2021  14:47:37,994983;9,487344E-1;1,044459E+1;1,378993E-2;6,732862E-1;;
30/11/2021  14:47:37,995083;9,485914E-1;1,044459E+1;1,473773E-2;6,945119E-1;;
30/11/2021  14:47:37,995183;9,476884E-1;1,044459E+1;1,663332E-2;7,151919E-1;;
30/11/2021  14:47:37,995283;9,468479E-1;1,044459E+1;2,042450E-2;7,352939E-1;;
30/11/2021  14:47:37,995383;9,469880E-1;1,044459E+1;1,726518E-2;7,547889E-1;;
30/11/2021  14:47:37,995483;9,466453E-1;1,044459E+1;1,916077E-2;7,736510E-1;;
30/11/2021  14:47:37,995583;9,463115E-1;1,044459E+1;2,137230E-2;7,918576E-1;;
30/11/2021  14:47:37,995683;9,456856E-1;1,044459E+1;2,232009E-2;8,093891E-1;;
30/11/2021  14:47:37,995783;9,457780E-1;1,044459E+1;1,193112E-1;8,262292E-1;;
30/11/2021  14:47:37,995883;9,450985E-1;1,044459E+1;1,246821E-1;8,423643E-1;;
30/11/2021  14:47:37,995983;9,455992E-1;1,044459E+1;1,281573E-1;8,577840E-1;;
30/11/2021  14:47:37,996083;9,461416E-1;1,044459E+1;1,189953E-1;8,724805E-1;;
30/11/2021  14:47:37,996183;9,459032E-1;1,044459E+1;1,101492E-1;8,864491E-1;;
30/11/2021  14:47:37,996283;9,457989E-1;1,044459E+1;1,278414E-1;8,996876E-1;;
30/11/2021  14:47:37,996383;9,453041E-1;1,044459E+1;1,208909E-1;9,121962E-1;;
30/11/2021  14:47:37,996483;9,452594E-1;1,044459E+1;9,024547E-2;9,239777E-1;;
30/11/2021  14:47:37,996583;9,444786E-1;1,044459E+1;5,644075E-2;9,350368E-1;;
30/11/2021  14:47:37,996683;9,446485E-1;1,044459E+1;1,006712E-1;9,453803E-1;;
30/11/2021  14:47:37,996783;9,449942E-1;1,044459E+1;1,215227E-1;9,550172E-1;;
30/11/2021  14:47:37,996883;9,442938E-1;1,044459E+1;1,711241E-1;9,639580E-1;;
30/11/2021  14:47:37,996983;9,440494E-1;1,044459E+1;7,981972E-2;9,722151E-1;;
30/11/2021  14:47:37,997083;9,429735E-1;1,044459E+1;1,212068E-1;9,798025E-1;;
30/11/2021  14:47:37,997183;9,428394E-1;1,044459E+1;1,044624E-1;9,867354E-1;;
30/11/2021  14:47:37,997283;9,423298E-1;1,044459E+1;1,550115E-1;9,930303E-1;;
30/11/2021  14:47:37,997383;9,425205E-1;1,044459E+1;1,606983E-1;9,987047E-1;;
30/11/2021  14:47:37,997483;9,424341E-1;1,044459E+1;1,117289E-1;1,003777E+0;;
30/11/2021  14:47:37,997583;9,420407E-1;1,044459E+1;1,281573E-1;1,008268E+0;;
30/11/2021  14:47:37,997683;9,417516E-1;1,044459E+1;1,212068E-1;1,012197E+0;;
30/11/2021  14:47:37,997783;9,413463E-1;1,044459E+1;1,278414E-1;1,015587E+0;;
30/11/2021  14:47:37,997883;9,407979E-1;1,044459E+1;1,167838E-1;1,018457E+0;;
30/11/2021  14:47:37,997983;9,402704E-1;1,044459E+1;1,129926E-1;1,020832E+0;;
30/11/2021  14:47:37,998083;9,407621E-1;1,044459E+1;1,129926E-1;1,022732E+0;;
30/11/2021  14:47:37,998183;9,403062E-1;1,044459E+1;1,540637E-1;1,024182E+0;;
30/11/2021  14:47:37,998283;9,398561E-1;1,044459E+1;1,202590E-1;1,025205E+0;;
30/11/2021  14:47:37,998383;9,394627E-1;1,044459E+1;1,562753E-1;1,025823E+0;;
30/11/2021  14:47:37,998483;9,387743E-1;1,044459E+1;1,297370E-1;1,026059E+0;;
30/11/2021  14:47:37,998583;9,384822E-1;1,044459E+1;1,133085E-1;1,025938E+0;;
30/11/2021  14:47:37,998683;9,385299E-1;1,044459E+1;1,050943E-1;1,025481E+0;;
30/11/2021  14:47:37,998783;9,391051E-1;1,044459E+1;1,110970E-1;1,024711E+0;;
30/11/2021  14:47:37,998883;9,381723E-1;1,044459E+1;7,981972E-2;1,023651E+0;;
30/11/2021  14:47:37,998983;9,383213E-1;1,044459E+1;1,069899E-1;1,022323E+0;;
30/11/2021  14:47:37,999083;9,370606E-1;1,044459E+1;1,076217E-1;1,020749E+0;;
30/11/2021  14:47:37,999183;9,362291E-1;1,044459E+1;1,050943E-1;1,018949E+0;;
30/11/2021  14:47:37,999283;9,357046E-1;1,044459E+1;9,972343E-2;1,016946E+0;;
30/11/2021  14:47:37,999383;9,357374E-1;1,044459E+1;-1,401209E-2;1,014757E+0;;
30/11/2021  14:47:37,999483;9,359668E-1;1,044459E+1;1,531159E-1;1,012403E+0;;
30/11/2021  14:47:37,999583;9,355347E-1;1,044459E+1;1,559593E-1;1,009903E+0;;
30/11/2021  14:47:37,999683;9,350251E-1;1,044459E+1;3,400958E-2;1,007275E+0;;
30/11/2021  14:47:37,999783;9,345035E-1;1,044459E+1;1,606983E-1;1,004536E+0;;
30/11/2021  14:47:37,999883;9,345154E-1;1,044459E+1;2,200416E-2;1,001704E+0;;
30/11/2021  14:47:37,999983;9,333948E-1;1,044459E+1;1,758111E-2;9,987935E-1;;
30/11/2021  14:47:38,000083;9,337257E-1;1,044459E+1;1,789705E-2;9,958208E-1;;
30/11/2021  14:47:38,000183;9,345244E-1;1,044459E+1;1,947671E-2;9,928003E-1;;
30/11/2021  14:47:38,000283;9,342591E-1;1,044459E+1;1,789705E-2;9,897460E-1;;
30/11/2021  14:47:38,000383;9,338091E-1;1,044459E+1;1,821298E-2;9,866714E-1;;
30/11/2021  14:47:38,000483;9,338121E-1;1,044459E+1;1,821298E-2;9,835888E-1;;
30/11/2021  14:47:38,000583;9,338806E-1;1,044459E+1;1,916077E-2;9,805104E-1;;
30/11/2021  14:47:38,000683;9,337644E-1;1,044459E+1;1,852891E-2;9,774470E-1;;
30/11/2021  14:47:38,000783;9,347568E-1;1,044459E+1;1,852891E-2;9,744093E-1;;
30/11/2021  14:47:38,000883;9,347002E-1;1,044459E+1;1,189434E-2;9,714069E-1;;
30/11/2021  14:47:38,000983;9,350817E-1;1,044459E+1;8,419087E-3;9,684491E-1;;
30/11/2021  14:47:38,001083;9,351473E-1;1,044459E+1;1,473773E-2;9,655444E-1;;
30/11/2021  14:47:38,001183;9,352218E-1;1,044459E+1;1,631739E-2;9,627005E-1;;
30/11/2021  14:47:38,001283;9,349386E-1;1,044459E+1;1,315807E-2;9,599248E-1;;
30/11/2021  14:47:38,001383;9,358476E-1;1,044459E+1;6,839427E-3;9,572236E-1;;
30/11/2021  14:47:38,001483;9,368281E-1;1,044459E+1;1,094654E-2;9,546028E-1;;
30/11/2021  14:47:38,001583;9,373169E-1;1,044459E+1;1,726518E-2;9,520678E-1;;
30/11/2021  14:47:38,001683;9,368997E-1;1,044459E+1;1,947671E-2;9,496234E-1;;
30/11/2021  14:47:38,001783;9,370964E-1;1,044459E+1;1,094654E-2;9,472738E-1;;
30/11/2021  14:47:38,001883;9,373527E-1;1,044459E+1;1,694925E-2;9,450226E-1;;
30/11/2021  14:47:38,001983;9,376686E-1;1,044459E+1;1,631739E-2;9,428729E-1;;
30/11/2021  14:47:38,002083;9,384256E-1;1,044459E+1;1,284213E-2;9,408271E-1;;
30/11/2021  14:47:38,002183;9,388428E-1;1,044459E+1;1,284213E-2;9,388872E-1;;
30/11/2021  14:47:38,002283;9,386819E-1;1,044459E+1;1,505366E-2;9,370549E-1;;
30/11/2021  14:47:38,002383;9,387713E-1;1,044459E+1;1,063061E-2;9,353311E-1;;
30/11/2021  14:47:38,002483;9,396714E-1;1,044459E+1;2,642721E-2;9,337164E-1;;
30/11/2021  14:47:38,002583;9,391885E-1;1,044459E+1;1,568552E-2;9,322111E-1;;
30/11/2021  14:47:38,002683;9,399068E-1;1,044459E+1;6,523495E-3;9,308149E-1;;
30/11/2021  14:47:38,002783;9,403002E-1;1,044459E+1;1,221027E-2;9,295271E-1;;
30/11/2021  14:47:38,002883;9,406191E-1;1,044459E+1;1,726518E-2;9,283469E-1;;
30/11/2021  14:47:38,002983;9,416533E-1;1,044459E+1;1,410586E-2;9,272729E-1;;
30/11/2021  14:47:38,003083;9,403270E-1;1,044459E+1;1,031468E-2;9,263037E-1;;
30/11/2021  14:47:38,003183;9,404283E-1;1,044459E+1;1,947671E-2;9,254374E-1;;
30/11/2021  14:47:38,003283;9,400141E-1;1,044459E+1;1,726518E-2;9,246715E-1;;
30/11/2021  14:47:38,003383;9,401363E-1;1,044459E+1;9,366883E-3;9,240036E-1;;
30/11/2021  14:47:38,003483;9,407323E-1;1,044459E+1;1,252620E-2;9,234307E-1;;
30/11/2021  14:47:38,003583;9,403926E-1;1,044459E+1;1,442179E-2;9,229496E-1;;
30/11/2021  14:47:38,003683;9,403628E-1;1,044459E+1;1,568552E-2;9,225572E-1;;
30/11/2021  14:47:38,003783;9,400499E-1;1,044459E+1;4,943835E-3;9,222501E-1;;
30/11/2021  14:47:38,003883;9,399068E-1;1,044459E+1;1,410586E-2;9,220244E-1;;
30/11/2021  14:47:38,003983;9,394478E-1;1,044459E+1;7,471291E-3;9,218766E-1;;
30/11/2021  14:47:38,004083;9,397995E-1;1,044459E+1;4,311971E-3;9,218025E-1;;
30/11/2021  14:47:38,004183;9,402883E-1;1,044459E+1;1,442179E-2;9,217983E-1;;
30/11/2021  14:47:38,004283;9,405207E-1;1,044459E+1;1,031468E-2;9,218599E-1;;
30/11/2021  14:47:38,004383;9,403300E-1;1,044459E+1;7,155359E-3;9,219835E-1;;
30/11/2021  14:47:38,004483;9,401244E-1;1,044459E+1;6,839427E-3;9,221651E-1;;
30/11/2021  14:47:38,004583;9,400290E-1;1,044459E+1;1,378993E-2;9,224007E-1;;
30/11/2021  14:47:38,004683;9,399515E-1;1,044459E+1;1,063061E-2;9,226864E-1;;
30/11/2021  14:47:38,004783;9,400946E-1;1,044459E+1;4,627903E-3;9,230182E-1;;
30/11/2021  14:47:38,004883;9,400469E-1;1,044459E+1;1,442179E-2;9,233922E-1;;
30/11/2021  14:47:38,004983;9,406191E-1;1,044459E+1;8,735019E-3;9,238046E-1;;
30/11/2021  14:47:38,005083;9,401869E-1;1,044459E+1;1,600145E-2;9,242517E-1;;
30/11/2021  14:47:38,005183;9,405356E-1;1,044459E+1;8,103155E-3;9,247298E-1;;
30/11/2021  14:47:38,005283;9,402078E-1;1,044459E+1;9,366883E-3;9,252356E-1;;
30/11/2021  14:47:38,005383;9,403598E-1;1,044459E+1;9,682815E-3;9,257654E-1;;
30/11/2021  14:47:38,005483;9,404760E-1;1,044459E+1;1,347400E-2;9,263161E-1;;
30/11/2021  14:47:38,005583;9,404522E-1;1,044459E+1;9,050951E-3;9,268845E-1;;
30/11/2021  14:47:38,005683;9,400797E-1;1,044459E+1;1,347400E-2;9,274673E-1;;
30/11/2021  14:47:38,005783;9,401393E-1;1,044459E+1;3,680107E-3;9,280617E-1;;
30/11/2021  14:47:38,005883;9,400826E-1;1,044459E+1;5,891631E-3;9,286648E-1;;
30/11/2021  14:47:38,005983;9,395462E-1;1,044459E+1;3,680107E-3;9,292738E-1;;
30/11/2021  14:47:38,006083;9,396266E-1;1,044459E+1;5,575699E-3;9,298860E-1;;
30/11/2021  14:47:38,006183;9,404283E-1;1,044459E+1;3,680107E-3;9,304988E-1;;
30/11/2021  14:47:38,006283;9,399932E-1;1,044459E+1;3,996039E-3;9,311100E-1;;
30/11/2021  14:47:38,006383;9,401899E-1;1,044459E+1;5,891631E-3;9,317173E-1;;
30/11/2021  14:47:38,006483;9,398919E-1;1,044459E+1;3,996039E-3;9,323188E-1;;
30/11/2021  14:47:38,006583;9,398144E-1;1,044459E+1;3,996039E-3;9,329124E-1;;
30/11/2021  14:47:38,006683;9,404045E-1;1,044459E+1;3,364175E-3;9,334965E-1;;
30/11/2021  14:47:38,006783;9,396535E-1;1,044459E+1;8,735019E-3;9,340695E-1;;
30/11/2021  14:47:38,006883;9,411496E-1;1,044459E+1;3,364175E-3;9,346298E-1;;
30/11/2021  14:47:38,006983;9,414804E-1;1,044459E+1;3,996039E-3;9,351763E-1;;
30/11/2021  14:47:38,007083;9,412211E-1;1,044459E+1;3,680107E-3;9,357080E-1;;
30/11/2021  14:47:38,007183;9,416324E-1;1,044459E+1;3,680107E-3;9,362241E-1;;
30/11/2021  14:47:38,007283;9,419155E-1;1,044459E+1;5,575699E-3;9,367238E-1;;
30/11/2021  14:47:38,007383;9,418857E-1;1,044459E+1;1,189434E-2;9,372066E-1;;
30/11/2021  14:47:38,007483;9,425801E-1;1,044459E+1;5,259767E-3;9,376722E-1;;
30/11/2021  14:47:38,007583;9,437484E-1;1,044459E+1;3,996039E-3;9,381201E-1;;
30/11/2021  14:47:38,007683;9,436650E-1;1,044459E+1;3,996039E-3;9,385505E-1;;
30/11/2021  14:47:38,007783;9,439570E-1;1,044459E+1;1,063061E-2;9,389634E-1;;
30/11/2021  14:47:38,007883;9,441239E-1;1,044459E+1;3,680107E-3;9,393589E-1;;
30/11/2021  14:47:38,007983;9,438140E-1;1,044459E+1;4,627903E-3;9,397374E-1;;
30/11/2021  14:47:38,008083;9,436501E-1;1,044459E+1;4,311971E-3;9,400991E-1;;
30/11/2021  14:47:38,008183;9,444071E-1;1,044459E+1;3,996039E-3;9,404441E-1;;
30/11/2021  14:47:38,008283;9,443683E-1;1,044459E+1;3,680107E-3;9,407728E-1;;
30/11/2021  14:47:38,008383;9,442938E-1;1,044459E+1;3,364175E-3;9,410854E-1;;
30/11/2021  14:47:38,008483;9,444190E-1;1,044459E+1;3,048243E-3;9,413825E-1;;
30/11/2021  14:47:38,008583;9,441001E-1;1,044459E+1;3,996039E-3;9,416643E-1;;
30/11/2021  14:47:38,008683;9,439540E-1;1,044459E+1;3,364175E-3;9,419312E-1;;
30/11/2021  14:47:38,008783;9,437454E-1;1,044459E+1;3,364175E-3;9,421835E-1;;
30/11/2021  14:47:38,008883;9,445739E-1;1,044459E+1;7,155359E-3;9,424214E-1;;
30/11/2021  14:47:38,008983;9,440077E-1;1,044459E+1;7,471291E-3;9,426454E-1;;
30/11/2021  14:47:38,009083;9,446455E-1;1,044459E+1;6,523495E-3;9,428558E-1;;
30/11/2021  14:47:38,009183;9,443474E-1;1,044459E+1;3,996039E-3;9,430531E-1;;
30/11/2021  14:47:38,009283;9,442521E-1;1,044459E+1;3,364175E-3;9,432376E-1;;
30/11/2021  14:47:38,009383;9,444309E-1;1,044459E+1;3,680107E-3;9,434099E-1;;
30/11/2021  14:47:38,009483;9,453816E-1;1,044459E+1;3,364175E-3;9,435702E-1;;
30/11/2021  14:47:38,009583;9,453488E-1;1,044459E+1;3,048243E-3;9,437192E-1;;
30/11/2021  14:47:38,009683;9,458525E-1;1,044459E+1;3,680107E-3;9,438575E-1;;
30/11/2021  14:47:38,009783;9,455604E-1;1,044459E+1;3,364175E-3;9,439858E-1;;
30/11/2021  14:47:38,009883;9,459270E-1;1,044459E+1;3,364175E-3;9,441046E-1;;
30/11/2021  14:47:38,009983;9,458018E-1;1,044459E+1;3,680107E-3;9,442147E-1;;
30/11/2021  14:47:38,010083;9,459538E-1;1,044459E+1;3,996039E-3;9,443166E-1;;
30/11/2021  14:47:38,010183;9,461058E-1;1,044459E+1;3,680107E-3;9,444109E-1;;
30/11/2021  14:47:38,010283;9,465171E-1;1,044459E+1;3,996039E-3;9,444983E-1;;
30/11/2021  14:47:38,010383;9,467138E-1;1,044459E+1;4,943835E-3;9,445792E-1;;
30/11/2021  14:47:38,010483;9,470297E-1;1,044459E+1;3,996039E-3;9,446545E-1;;
30/11/2021  14:47:38,010583;9,469522E-1;1,044459E+1;3,364175E-3;9,447246E-1;;
30/11/2021  14:47:38,010683;9,473337E-1;1,044459E+1;3,996039E-3;9,447902E-1;;
30/11/2021  14:47:38,010783;9,467406E-1;1,044459E+1;3,680107E-3;9,448520E-1;;
30/11/2021  14:47:38,010883;9,471400E-1;1,044459E+1;3,364175E-3;9,449104E-1;;
30/11/2021  14:47:38,010983;9,474559E-1;1,044459E+1;1,189434E-2;9,449658E-1;;
30/11/2021  14:47:38,011083;9,473069E-1;1,044459E+1;1,758111E-2;9,450189E-1;;
30/11/2021  14:47:38,011183;9,475453E-1;1,044459E+1;1,473773E-2;9,450699E-1;;
30/11/2021  14:47:38,011283;9,470029E-1;1,044459E+1;1,694925E-2;9,451193E-1;;
30/11/2021  14:47:38,011383;9,474172E-1;1,044459E+1;1,505366E-2;9,451675E-1;;
30/11/2021  14:47:38,011483;9,470685E-1;1,044459E+1;1,694925E-2;9,452147E-1;;
30/11/2021  14:47:38,011583;9,475513E-1;1,044459E+1;1,726518E-2;9,452612E-1;;
30/11/2021  14:47:38,011683;9,481145E-1;1,044459E+1;1,758111E-2;9,453072E-1;;
30/11/2021  14:47:38,011783;9,481891E-1;1,044459E+1;5,891631E-3;9,453530E-1;;
30/11/2021  14:47:38,011883;9,477062E-1;1,044459E+1;1,473773E-2;9,453990E-1;;
30/11/2021  14:47:38,011983;9,477420E-1;1,044459E+1;1,852891E-2;9,454453E-1;;
30/11/2021  14:47:38,012083;9,471728E-1;1,044459E+1;1,821298E-2;9,454921E-1;;
30/11/2021  14:47:38,012183;9,480579E-1;1,044459E+1;1,789705E-2;9,455395E-1;;
30/11/2021  14:47:38,012283;9,488388E-1;1,044459E+1;1,821298E-2;9,455877E-1;;
30/11/2021  14:47:38,012383;9,481622E-1;1,044459E+1;1,758111E-2;9,456367E-1;;
30/11/2021  14:47:38,012483;9,486331E-1;1,044459E+1;2,168823E-2;9,456868E-1;;
30/11/2021  14:47:38,012583;9,480877E-1;1,044459E+1;1,852891E-2;9,457381E-1;;
30/11/2021  14:47:38,012683;9,478284E-1;1,044459E+1;1,852891E-2;9,457907E-1;;
30/11/2021  14:47:38,012783;9,472383E-1;1,044459E+1;1,789705E-2;9,458446E-1;;
30/11/2021  14:47:38,012883;9,481801E-1;1,044459E+1;1,631739E-2;9,458997E-1;;
30/11/2021  14:47:38,012983;9,482725E-1;1,044459E+1;9,682815E-3;9,459558E-1;;
30/11/2021  14:47:38,013083;9,481861E-1;1,044459E+1;7,787223E-3;9,460129E-1;;
30/11/2021  14:47:38,013183;9,481145E-1;1,044459E+1;2,042450E-2;9,460710E-1;;
30/11/2021  14:47:38,013283;9,474738E-1;1,044459E+1;1,758111E-2;9,461300E-1;;
30/11/2021  14:47:38,013383;9,479536E-1;1,044459E+1;1,505366E-2;9,461898E-1;;
30/11/2021  14:47:38,013483;9,479089E-1;1,044459E+1;1,631739E-2;9,462503E-1;;
30/11/2021  14:47:38,013583;9,478344E-1;1,044459E+1;1,505366E-2;9,463112E-1;;
30/11/2021  14:47:38,013683;9,484305E-1;1,044459E+1;1,758111E-2;9,463725E-1;;
30/11/2021  14:47:38,013783;9,484811E-1;1,044459E+1;1,789705E-2;9,464341E-1;;
30/11/2021  14:47:38,013883;9,481622E-1;1,044459E+1;1,789705E-2;9,464959E-1;;
30/11/2021  14:47:38,013983;9,478225E-1;1,044459E+1;1,852891E-2;9,465580E-1;;
30/11/2021  14:47:38,014083;9,477360E-1;1,044459E+1;1,789705E-2;9,466200E-1;;
30/11/2021  14:47:38,014183;9,482099E-1;1,044459E+1;1,821298E-2;9,466820E-1;;
30/11/2021  14:47:38,014283;9,485556E-1;1,044459E+1;1,378993E-2;9,467437E-1;;
30/11/2021  14:47:38,014383;9,483738E-1;1,044459E+1;1,789705E-2;9,468052E-1;;
30/11/2021  14:47:38,014483;9,486212E-1;1,044459E+1;1,410586E-2;9,468663E-1;;
30/11/2021  14:47:38,014583;9,484305E-1;1,044459E+1;1,726518E-2;9,469270E-1;;
30/11/2021  14:47:38,014683;9,488745E-1;1,044459E+1;1,916077E-2;9,469874E-1;;
30/11/2021  14:47:38,014783;9,481145E-1;1,044459E+1;1,663332E-2;9,470473E-1;;
30/11/2021  14:47:38,014883;9,488566E-1;1,044459E+1;9,682815E-3;9,471068E-1;;
30/11/2021  14:47:38,014983;9,489788E-1;1,044459E+1;1,916077E-2;9,471659E-1;;
30/11/2021  14:47:38,015083;9,488596E-1;1,044459E+1;1,473773E-2;9,472244E-1;;
30/11/2021  14:47:38,015183;9,485407E-1;1,044459E+1;2,295196E-2;9,472825E-1;;
30/11/2021  14:47:38,015283;9,487672E-1;1,044459E+1;2,263603E-2;9,473401E-1;;
30/11/2021  14:47:38,015383;9,480251E-1;1,044459E+1;1,789705E-2;9,473972E-1;;
30/11/2021  14:47:38,015483;9,488805E-1;1,044459E+1;1,600145E-2;9,474535E-1;;
30/11/2021  14:47:38,015583;9,489371E-1;1,044459E+1;1,789705E-2;9,475092E-1;;
30/11/2021  14:47:38,015683;9,490921E-1;1,044459E+1;1,568552E-2;9,475641E-1;;
30/11/2021  14:47:38,015783;9,494557E-1;1,044459E+1;6,970989E-2;9,476183E-1;;
30/11/2021  14:47:38,015883;9,493603E-1;1,044459E+1;1,272095E-1;9,476718E-1;;
30/11/2021  14:47:38,015983;9,492232E-1;1,044459E+1;1,916596E-1;9,477248E-1;;
30/11/2021  14:47:38,016083;9,486123E-1;1,044459E+1;5,012211E-2;9,477772E-1;;
30/11/2021  14:47:38,016183;9,492530E-1;1,044459E+1;1,126766E-1;9,478290E-1;;
30/11/2021  14:47:38,016283;9,497567E-1;1,044459E+1;8,866581E-2;9,478803E-1;;
30/11/2021  14:47:38,016383;9,499474E-1;1,044459E+1;1,471132E-1;9,479310E-1;;
30/11/2021  14:47:38,016483;9,501590E-1;1,044459E+1;1,234183E-1;9,479814E-1;;
30/11/2021  14:47:38,016583;9,502216E-1;1,044459E+1;1,458495E-1;9,480314E-1;;
30/11/2021  14:47:38,016683;9,496762E-1;1,044459E+1;1,133085E-1;9,480814E-1;;
30/11/2021  14:47:38,016783;9,492441E-1;1,044459E+1;1,449017E-1;9,481314E-1;;
30/11/2021  14:47:38,016883;9,496405E-1;1,044459E+1;1,281573E-1;9,481813E-1;;
30/11/2021  14:47:38,016983;9,501024E-1;1,044459E+1;1,145722E-1;9,482311E-1;;
30/11/2021  14:47:38,017083;9,496732E-1;1,044459E+1;1,186794E-1;9,482808E-1;;
30/11/2021  14:47:38,017183;9,496881E-1;1,044459E+1;1,193112E-1;9,483305E-1;;
30/11/2021  14:47:38,017283;9,491129E-1;1,044459E+1;9,782784E-2;9,483800E-1;;
30/11/2021  14:47:38,017383;9,485646E-1;1,044459E+1;9,277293E-2;9,484293E-1;;
30/11/2021  14:47:38,017483;9,488537E-1;1,044459E+1;1,107811E-1;9,484781E-1;;
30/11/2021  14:47:38,017583;9,492769E-1;1,044459E+1;1,164678E-1;9,485263E-1;;
30/11/2021  14:47:38,017683;9,493484E-1;1,044459E+1;1,452176E-1;9,485736E-1;;
30/11/2021  14:47:38,017783;9,487970E-1;1,044459E+1;8,203124E-2;9,486200E-1;;
30/11/2021  14:47:38,017883;9,485020E-1;1,044459E+1;1,234183E-1;9,486653E-1;;
30/11/2021  14:47:38,017983;9,485348E-1;1,044459E+1;1,253139E-1;9,487094E-1;;
30/11/2021  14:47:38,018083;9,479208E-1;1,044459E+1;1,177316E-1;9,487520E-1;;
30/11/2021  14:47:38,018183;9,482606E-1;1,044459E+1;1,240502E-1;9,487928E-1;;
30/11/2021  14:47:38,018283;9,482010E-1;1,044459E+1;1,319485E-1;9,488317E-1;;
30/11/2021  14:47:38,018383;9,478642E-1;1,044459E+1;1,291051E-1;9,488684E-1;;
30/11/2021  14:47:38,018483;9,478642E-1;1,044459E+1;1,455336E-1;9,489027E-1;;
30/11/2021  14:47:38,018583;9,480520E-1;1,044459E+1;9,150920E-2;9,489344E-1;;
30/11/2021  14:47:38,018683;9,470953E-1;1,044459E+1;8,424277E-2;9,489633E-1;;
30/11/2021  14:47:38,018783;9,466661E-1;1,044459E+1;1,110970E-1;9,489893E-1;;
30/11/2021  14:47:38,018883;9,468867E-1;1,044459E+1;6,339125E-2;9,490119E-1;;
30/11/2021  14:47:38,018983;9,467078E-1;1,044459E+1;2,105637E-2;9,490310E-1;;
30/11/2021  14:47:38,019083;9,473367E-1;1,044459E+1;1,028828E-1;9,490463E-1;;
30/11/2021  14:47:38,019183;9,465231E-1;1,044459E+1;2,169342E-1;9,490577E-1;;
30/11/2021  14:47:38,019283;9,461297E-1;1,044459E+1;1,050943E-1;9,490649E-1;;
30/11/2021  14:47:38,019383;9,459300E-1;1,044459E+1;-1,748734E-2;9,490678E-1;;
30/11/2021  14:47:38,019483;9,453250E-1;1,044459E+1;1,395309E-1;9,490663E-1;;
30/11/2021  14:47:38,019583;9,462191E-1;1,044459E+1;-2,349005E-2;9,490599E-1;;
30/11/2021  14:47:38,019683;9,465469E-1;1,044459E+1;2,207254E-1;9,490488E-1;;
30/11/2021  14:47:38,019783;9,464575E-1;1,044459E+1;1,082536E-1;9,490327E-1;;
30/11/2021  14:47:38,019883;9,476675E-1;1,044459E+1;1,834454E-1;9,490119E-1;;
30/11/2021  14:47:38,019983;9,481741E-1;1,044459E+1;1,518522E-1;9,489866E-1;;
30/11/2021  14:47:38,020083;9,479447E-1;1,044459E+1;1,458495E-1;9,489573E-1;;
30/11/2021  14:47:38,020183;9,493245E-1;1,044459E+1;2,200416E-2;9,489245E-1;;
30/11/2021  14:47:38,020283;9,493573E-1;1,044459E+1;2,105637E-2;9,488887E-1;;
30/11/2021  14:47:38,020383;9,507461E-1;1,044459E+1;1,821298E-2;9,488507E-1;;
30/11/2021  14:47:38,020483;9,516224E-1;1,044459E+1;1,726518E-2;9,488113E-1;;
30/11/2021  14:47:38,020583;9,518876E-1;1,044459E+1;1,473773E-2;9,487715E-1;;
30/11/2021  14:47:38,020683;9,518250E-1;1,044459E+1;1,063061E-2;9,487323E-1;;
30/11/2021  14:47:38,020783;9,521409E-1;1,044459E+1;1,410586E-2;9,486947E-1;;
30/11/2021  14:47:38,020883;9,531602E-1;1,044459E+1;9,682815E-3;9,486595E-1;;
30/11/2021  14:47:38,020983;9,533480E-1;1,044459E+1;1,284213E-2;9,486276E-1;;
30/11/2021  14:47:38,021083;9,541467E-1;1,044459E+1;1,663332E-2;9,485999E-1;;
30/11/2021  14:47:38,021183;9,544387E-1;1,044459E+1;1,221027E-2;9,485774E-1;;
30/11/2021  14:47:38,021283;9,546980E-1;1,044459E+1;1,694925E-2;9,485610E-1;;
30/11/2021  14:47:38,021383;9,548798E-1;1,044459E+1;1,568552E-2;9,485513E-1;;
30/11/2021  14:47:38,021483;9,544119E-1;1,044459E+1;1,726518E-2;9,485492E-1;;
30/11/2021  14:47:38,021583;9,556636E-1;1,044459E+1;1,157841E-2;9,485552E-1;;
30/11/2021  14:47:38,021683;9,562269E-1;1,044459E+1;1,631739E-2;9,485698E-1;;
30/11/2021  14:47:38,021783;9,569511E-1;1,044459E+1;1,916077E-2;9,485937E-1;;
30/11/2021  14:47:38,021883;9,574906E-1;1,044459E+1;1,473773E-2;9,486273E-1;;
30/11/2021  14:47:38,021983;9,570674E-1;1,044459E+1;1,726518E-2;9,486714E-1;;
30/11/2021  14:47:38,022083;9,575174E-1;1,044459E+1;1,505366E-2;9,487263E-1;;
30/11/2021  14:47:38,022183;9,580985E-1;1,044459E+1;1,126247E-2;9,487924E-1;;
30/11/2021  14:47:38,022283;9,589241E-1;1,044459E+1;1,378993E-2;9,488700E-1;;
30/11/2021  14:47:38,022383;9,601639E-1;1,044459E+1;1,221027E-2;9,489594E-1;;
30/11/2021  14:47:38,022483;9,602950E-1;1,044459E+1;1,094654E-2;9,490610E-1;;
30/11/2021  14:47:38,022583;9,609477E-1;1,044459E+1;1,315807E-2;9,491753E-1;;
30/11/2021  14:47:38,022683;9,611146E-1;1,044459E+1;1,821298E-2;9,493026E-1;;
30/11/2021  14:47:38,022783;9,611504E-1;1,044459E+1;1,694925E-2;9,494431E-1;;
30/11/2021  14:47:38,022883;9,621547E-1;1,044459E+1;1,063061E-2;9,495970E-1;;
30/11/2021  14:47:38,022983;9,628462E-1;1,044459E+1;1,284213E-2;9,497644E-1;;
30/11/2021  14:47:38,023083;9,636091E-1;1,044459E+1;1,315807E-2;9,499455E-1;;
30/11/2021  14:47:38,023183;9,639459E-1;1,044459E+1;1,631739E-2;9,501404E-1;;
30/11/2021  14:47:38,023283;9,638267E-1;1,044459E+1;6,207563E-3;9,503492E-1;;
30/11/2021  14:47:38,023383;9,637939E-1;1,044459E+1;1,347400E-2;9,505719E-1;;
30/11/2021  14:47:38,023483;9,638237E-1;1,044459E+1;1,252620E-2;9,508083E-1;;
30/11/2021  14:47:38,023583;9,641724E-1;1,044459E+1;1,094654E-2;9,510581E-1;;
30/11/2021  14:47:38,023683;9,646284E-1;1,044459E+1;8,735019E-3;9,513209E-1;;
30/11/2021  14:47:38,023783;9,646552E-1;1,044459E+1;1,031468E-2;9,515964E-1;;
30/11/2021  14:47:38,023883;9,648907E-1;1,044459E+1;5,891631E-3;9,518840E-1;;
30/11/2021  14:47:38,023983;9,642886E-1;1,044459E+1;9,998747E-3;9,521832E-1;;
30/11/2021  14:47:38,024083;9,644376E-1;1,044459E+1;1,221027E-2;9,524934E-1;;
30/11/2021  14:47:38,024183;9,640264E-1;1,044459E+1;1,063061E-2;9,528136E-1;;
30/11/2021  14:47:38,024283;9,640591E-1;1,044459E+1;3,996039E-3;9,531432E-1;;
30/11/2021  14:47:38,024383;9,650575E-1;1,044459E+1;1,600145E-2;9,534811E-1;;
30/11/2021  14:47:38,024483;9,641486E-1;1,044459E+1;1,221027E-2;9,538265E-1;;
30/11/2021  14:47:38,024583;9,648370E-1;1,044459E+1;1,852891E-2;9,541784E-1;;
30/11/2021  14:47:38,024683;9,639072E-1;1,044459E+1;1,600145E-2;9,545360E-1;;
30/11/2021  14:47:38,024783;9,634899E-1;1,044459E+1;1,442179E-2;9,548981E-1;;
30/11/2021  14:47:38,024883;9,639638E-1;1,044459E+1;8,419087E-3;9,552638E-1;;
30/11/2021  14:47:38,024983;9,645718E-1;1,044459E+1;9,366883E-3;9,556318E-1;;
30/11/2021  14:47:38,025083;9,648787E-1;1,044459E+1;4,943835E-3;9,560014E-1;;
30/11/2021  14:47:38,025183;9,652841E-1;1,044459E+1;1,979264E-2;9,563715E-1;;
30/11/2021  14:47:38,025283;9,654837E-1;1,044459E+1;3,364175E-3;9,567415E-1;;
30/11/2021  14:47:38,025383;9,657967E-1;1,044459E+1;6,523495E-3;9,571108E-1;;
30/11/2021  14:47:38,025483;9,660083E-1;1,044459E+1;1,157841E-2;9,574786E-1;;
30/11/2021  14:47:38,025583;9,662497E-1;1,044459E+1;7,471291E-3;9,578444E-1;;
30/11/2021  14:47:38,025683;9,666967E-1;1,044459E+1;1,726518E-2;9,582077E-1;;
30/11/2021  14:47:38,025783;9,669232E-1;1,044459E+1;1,536959E-2;9,585682E-1;;
30/11/2021  14:47:38,025883;9,672481E-1;1,044459E+1;5,891631E-3;9,589253E-1;;
30/11/2021  14:47:38,025983;9,677160E-1;1,044459E+1;4,311971E-3;9,592789E-1;;
30/11/2021  14:47:38,026083;9,671557E-1;1,044459E+1;3,680107E-3;9,596286E-1;;
30/11/2021  14:47:38,026183;9,669411E-1;1,044459E+1;5,891631E-3;9,599742E-1;;
30/11/2021  14:47:38,026283;9,678352E-1;1,044459E+1;4,943835E-3;9,603152E-1;;
30/11/2021  14:47:38,026383;9,688097E-1;1,044459E+1;4,311971E-3;9,606515E-1;;
30/11/2021  14:47:38,026483;9,691167E-1;1,044459E+1;7,155359E-3;9,609829E-1;;
30/11/2021  14:47:38,026583;9,695161E-1;1,044459E+1;3,996039E-3;9,613093E-1;;
30/11/2021  14:47:38,026683;9,698618E-1;1,044459E+1;1,031468E-2;9,616310E-1;;
30/11/2021  14:47:38,026783;9,703893E-1;1,044459E+1;5,575699E-3;9,619479E-1;;
30/11/2021  14:47:38,026883;9,699929E-1;1,044459E+1;1,094654E-2;9,622603E-1;;
30/11/2021  14:47:38,026983;9,712268E-1;1,044459E+1;3,996039E-3;9,625681E-1;;
30/11/2021  14:47:38,027083;9,714235E-1;1,044459E+1;3,680107E-3;9,628717E-1;;
30/11/2021  14:47:38,027183;9,718705E-1;1,044459E+1;4,311971E-3;9,631712E-1;;
30/11/2021  14:47:38,027283;9,716261E-1;1,044459E+1;1,094654E-2;9,634669E-1;;
30/11/2021  14:47:38,027383;9,719033E-1;1,044459E+1;3,996039E-3;9,637590E-1;;
30/11/2021  14:47:38,027483;9,713013E-1;1,044459E+1;3,364175E-3;9,640477E-1;;
30/11/2021  14:47:38,027583;9,714950E-1;1,044459E+1;3,680107E-3;9,643330E-1;;
30/11/2021  14:47:38,027683;9,718944E-1;1,044459E+1;3,996039E-3;9,646149E-1;;
30/11/2021  14:47:38,027783;9,716589E-1;1,044459E+1;4,311971E-3;9,648934E-1;;
30/11/2021  14:47:38,027883;9,718616E-1;1,044459E+1;3,680107E-3;9,651685E-1;;
30/11/2021  14:47:38,027983;9,719599E-1;1,044459E+1;4,627903E-3;9,654401E-1;;
30/11/2021  14:47:38,028083;9,713341E-1;1,044459E+1;3,680107E-3;9,657081E-1;;
30/11/2021  14:47:38,028183;9,713043E-1;1,044459E+1;1,126247E-2;9,659723E-1;;
30/11/2021  14:47:38,028283;9,719361E-1;1,044459E+1;8,103155E-3;9,662326E-1;;
30/11/2021  14:47:38,028383;9,717722E-1;1,044459E+1;4,311971E-3;9,664888E-1;;
30/11/2021  14:47:38,028483;9,721834E-1;1,044459E+1;4,627903E-3;9,667407E-1;;
30/11/2021  14:47:38,028583;9,723772E-1;1,044459E+1;8,103155E-3;9,669882E-1;;
30/11/2021  14:47:38,028683;9,726663E-1;1,044459E+1;3,996039E-3;9,672314E-1;;
30/11/2021  14:47:38,028783;9,728630E-1;1,044459E+1;3,996039E-3;9,674700E-1;;
30/11/2021  14:47:38,028883;9,727139E-1;1,044459E+1;3,364175E-3;9,677043E-1;;
30/11/2021  14:47:38,028983;9,730060E-1;1,044459E+1;3,680107E-3;9,679340E-1;;
30/11/2021  14:47:38,029083;9,733517E-1;1,044459E+1;3,680107E-3;9,681594E-1;;
30/11/2021  14:47:38,029183;9,737392E-1;1,044459E+1;3,364175E-3;9,683804E-1;;
30/11/2021  14:47:38,029283;9,743471E-1;1,044459E+1;3,996039E-3;9,685971E-1;;
30/11/2021  14:47:38,029383;9,748836E-1;1,044459E+1;3,680107E-3;9,688097E-1;;
30/11/2021  14:47:38,029483;9,742577E-1;1,044459E+1;3,996039E-3;9,690185E-1;;
30/11/2021  14:47:38,029583;9,742846E-1;1,044459E+1;3,364175E-3;9,692237E-1;;
30/11/2021  14:47:38,029683;9,755273E-1;1,044459E+1;3,680107E-3;9,694254E-1;;
30/11/2021  14:47:38,029783;9,759237E-1;1,044459E+1;3,048243E-3;9,696239E-1;;
30/11/2021  14:47:38,029883;9,761681E-1;1,044459E+1;3,680107E-3;9,698195E-1;;
30/11/2021  14:47:38,029983;9,773096E-1;1,044459E+1;3,364175E-3;9,700126E-1;;
30/11/2021  14:47:38,030083;9,760817E-1;1,044459E+1;3,680107E-3;9,702036E-1;;
30/11/2021  14:47:38,030183;9,764900E-1;1,044459E+1;3,996039E-3;9,703928E-1;;
30/11/2021  14:47:38,030283;9,762247E-1;1,044459E+1;3,680107E-3;9,705804E-1;;
30/11/2021  14:47:38,030383;9,766003E-1;1,044459E+1;3,364175E-3;9,707667E-1;;
30/11/2021  14:47:38,030483;9,772649E-1;1,044459E+1;4,627903E-3;9,709518E-1;;
30/11/2021  14:47:38,030583;9,769698E-1;1,044459E+1;3,996039E-3;9,711358E-1;;
30/11/2021  14:47:38,030683;9,769668E-1;1,044459E+1;3,996039E-3;9,713189E-1;;
30/11/2021  14:47:38,030783;9,766062E-1;1,044459E+1;3,996039E-3;9,715012E-1;;
30/11/2021  14:47:38,030883;9,764065E-1;1,044459E+1;4,943835E-3;9,716827E-1;;
30/11/2021  14:47:38,030983;9,761681E-1;1,044459E+1;1,063061E-2;9,718632E-1;;
30/11/2021  14:47:38,031083;9,767165E-1;1,044459E+1;7,155359E-3;9,720426E-1;;
30/11/2021  14:47:38,031183;9,777477E-1;1,044459E+1;8,735019E-3;9,722209E-1;;
30/11/2021  14:47:38,031283;9,779593E-1;1,044459E+1;1,094654E-2;9,723979E-1;;
30/11/2021  14:47:38,031383;9,781947E-1;1,044459E+1;1,568552E-2;9,725739E-1;;
30/11/2021  14:47:38,031483;9,776374E-1;1,044459E+1;1,663332E-2;9,727488E-1;;
30/11/2021  14:47:38,031583;9,781589E-1;1,044459E+1;1,663332E-2;9,729228E-1;;
30/11/2021  14:47:38,031683;9,785643E-1;1,044459E+1;1,884484E-2;9,730959E-1;;
30/11/2021  14:47:38,031783;9,795358E-1;1,044459E+1;1,758111E-2;9,732681E-1;;
30/11/2021  14:47:38,031883;9,805551E-1;1,044459E+1;1,663332E-2;9,734397E-1;;
30/11/2021  14:47:38,031983;9,804866E-1;1,044459E+1;1,821298E-2;9,736111E-1;;
30/11/2021  14:47:38,032083;9,808502E-1;1,044459E+1;1,600145E-2;9,737825E-1;;
30/11/2021  14:47:38,032183;9,815654E-1;1,044459E+1;1,852891E-2;9,739543E-1;;
30/11/2021  14:47:38,032283;9,811124E-1;1,044459E+1;1,726518E-2;9,741270E-1;;
30/11/2021  14:47:38,032383;9,814671E-1;1,044459E+1;1,694925E-2;9,743008E-1;;
30/11/2021  14:47:38,032483;9,820631E-1;1,044459E+1;1,600145E-2;9,744760E-1;;
30/11/2021  14:47:38,032583;9,822837E-1;1,044459E+1;1,694925E-2;9,746528E-1;;
30/11/2021  14:47:38,032683;9,824446E-1;1,044459E+1;1,663332E-2;9,748315E-1;;
30/11/2021  14:47:38,032783;9,819648E-1;1,044459E+1;1,252620E-2;9,750123E-1;;
30/11/2021  14:47:38,032883;9,815654E-1;1,044459E+1;1,947671E-2;9,751952E-1;;
30/11/2021  14:47:38,032983;9,825609E-1;1,044459E+1;1,694925E-2;9,753804E-1;;
30/11/2021  14:47:38,033083;9,829215E-1;1,044459E+1;1,157841E-2;9,755677E-1;;
30/11/2021  14:47:38,033183;9,826503E-1;1,044459E+1;1,758111E-2;9,757572E-1;;
30/11/2021  14:47:38,033283;9,828440E-1;1,044459E+1;1,884484E-2;9,759488E-1;;
30/11/2021  14:47:38,033383;9,829155E-1;1,044459E+1;1,694925E-2;9,761425E-1;;
30/11/2021  14:47:38,033483;9,829185E-1;1,044459E+1;1,821298E-2;9,763382E-1;;
30/11/2021  14:47:38,033583;9,833715E-1;1,044459E+1;2,732311E-3;9,765357E-1;;
30/11/2021  14:47:38,033683;9,835443E-1;1,044459E+1;1,568552E-2;9,767351E-1;;
30/11/2021  14:47:38,033783;9,841255E-1;1,044459E+1;1,631739E-2;9,769361E-1;;
30/11/2021  14:47:38,033883;9,846202E-1;1,044459E+1;2,326789E-2;9,771387E-1;;
30/11/2021  14:47:38,033983;9,849212E-1;1,044459E+1;1,568552E-2;9,773430E-1;;
30/11/2021  14:47:38,034083;9,849987E-1;1,044459E+1;1,758111E-2;9,775489E-1;;
30/11/2021  14:47:38,034183;9,850136E-1;1,044459E+1;1,505366E-2;9,777565E-1;;
30/11/2021  14:47:38,034283;9,852193E-1;1,044459E+1;1,221027E-2;9,779657E-1;;
30/11/2021  14:47:38,034383;9,863130E-1;1,044459E+1;1,568552E-2;9,781766E-1;;
30/11/2021  14:47:38,034483;9,862952E-1;1,044459E+1;1,663332E-2;9,783892E-1;;
30/11/2021  14:47:38,034583;9,874336E-1;1,044459E+1;1,663332E-2;9,786035E-1;;
30/11/2021  14:47:38,034683;9,881012E-1;1,044459E+1;2,832280E-2;9,788198E-1;;
30/11/2021  14:47:38,034783;9,884678E-1;1,044459E+1;2,042450E-2;9,790383E-1;;
30/11/2021  14:47:38,034883;9,879880E-1;1,044459E+1;1,884484E-2;9,792592E-1;;
30/11/2021  14:47:38,034983;9,883128E-1;1,044459E+1;1,821298E-2;9,794827E-1;;
30/11/2021  14:47:38,035083;9,891890E-1;1,044459E+1;1,852891E-2;9,797091E-1;;
30/11/2021  14:47:38,035183;9,895228E-1;1,044459E+1;1,473773E-2;9,799383E-1;;
30/11/2021  14:47:38,035283;9,901040E-1;1,044459E+1;1,947671E-2;9,801706E-1;;
30/11/2021  14:47:38,035383;9,905004E-1;1,044459E+1;1,631739E-2;9,804061E-1;;
30/11/2021  14:47:38,035483;9,902530E-1;1,044459E+1;1,663332E-2;9,806451E-1;;
30/11/2021  14:47:38,035583;9,903126E-1;1,044459E+1;1,600145E-2;9,808876E-1;;
30/11/2021  14:47:38,035683;9,902917E-1;1,044459E+1;1,568552E-2;9,811336E-1;;
30/11/2021  14:47:38,035783;9,904706E-1;1,044459E+1;9,366883E-3;9,813832E-1;;
30/11/2021  14:47:38,035883;9,908014E-1;1,044459E+1;3,274585E-2;9,816361E-1;;
30/11/2021  14:47:38,035983;9,908699E-1;1,044459E+1;1,657532E-1;9,818922E-1;;
30/11/2021  14:47:38,036083;9,906851E-1;1,044459E+1;1,256299E-1;9,821513E-1;;
30/11/2021  14:47:38,036183;9,901338E-1;1,044459E+1;1,164678E-1;9,824132E-1;;
30/11/2021  14:47:38,036283;9,899162E-1;1,044459E+1;1,606983E-1;9,826774E-1;;
30/11/2021  14:47:38,036383;9,903961E-1;1,044459E+1;1,259458E-1;9,829436E-1;;
30/11/2021  14:47:38,036483;9,900742E-1;1,044459E+1;1,193112E-1;9,832113E-1;;
30/11/2021  14:47:38,036583;9,904855E-1;1,044459E+1;1,303688E-1;9,834799E-1;;
30/11/2021  14:47:38,036683;9,900086E-1;1,044459E+1;1,578549E-1;9,837489E-1;;
30/11/2021  14:47:38,036783;9,890668E-1;1,044459E+1;1,291051E-1;9,840178E-1;;
30/11/2021  14:47:38,036883;9,889476E-1;1,044459E+1;1,148882E-1;9,842860E-1;;
30/11/2021  14:47:38,036983;9,883933E-1;1,044459E+1;1,110970E-1;9,845527E-1;;
30/11/2021  14:47:38,037083;9,883695E-1;1,044459E+1;1,234183E-1;9,848171E-1;;
30/11/2021  14:47:38,037183;9,881161E-1;1,044459E+1;1,948190E-1;9,850783E-1;;
30/11/2021  14:47:38,037283;9,880297E-1;1,044459E+1;6,781430E-2;9,853356E-1;;
30/11/2021  14:47:38,037383;9,878032E-1;1,044459E+1;1,546956E-1;9,855882E-1;;
30/11/2021  14:47:38,037483;9,871118E-1;1,044459E+1;1,445858E-1;9,858354E-1;;
30/11/2021  14:47:38,037583;9,860031E-1;1,044459E+1;1,328963E-1;9,860762E-1;;
30/11/2021  14:47:38,037683;9,854488E-1;1,044459E+1;1,199431E-1;9,863099E-1;;
30/11/2021  14:47:38,037783;9,848378E-1;1,044459E+1;1,376353E-1;9,865354E-1;;
30/11/2021  14:47:38,037883;9,854398E-1;1,044459E+1;1,155200E-1;9,867518E-1;;
30/11/2021  14:47:38,037983;9,847693E-1;1,044459E+1;1,546956E-1;9,869582E-1;;
30/11/2021  14:47:38,038083;9,842239E-1;1,044459E+1;1,227865E-1;9,871537E-1;;
30/11/2021  14:47:38,038183;9,827337E-1;1,044459E+1;1,240502E-1;9,873377E-1;;
30/11/2021  14:47:38,038283;9,819290E-1;1,044459E+1;1,215227E-1;9,875092E-1;;
30/11/2021  14:47:38,038383;9,813330E-1;1,044459E+1;1,521681E-1;9,876673E-1;;
30/11/2021  14:47:38,038483;9,806415E-1;1,044459E+1;9,814378E-2;9,878109E-1;;
30/11/2021  14:47:38,038583;9,804240E-1;1,044459E+1;1,828136E-1;9,879392E-1;;
30/11/2021  14:47:38,038683;9,797385E-1;1,044459E+1;-7,377513E-3;9,880513E-1;;
30/11/2021  14:47:38,038783;9,783974E-1;1,044459E+1;1,186794E-1;9,881464E-1;;
30/11/2021  14:47:38,038883;9,775361E-1;1,044459E+1;1,316326E-1;9,882238E-1;;
30/11/2021  14:47:38,038983;9,760936E-1;1,044459E+1;1,221546E-1;9,882824E-1;;
30/11/2021  14:47:38,039083;9,760161E-1;1,044459E+1;9,372073E-2;9,883216E-1;;
30/11/2021  14:47:38,039183;9,754946E-1;1,044459E+1;9,845971E-2;9,883404E-1;;
30/11/2021  14:47:38,039283;9,743889E-1;1,044459E+1;1,139404E-1;9,883381E-1;;
30/11/2021  14:47:38,039383;9,737243E-1;1,044459E+1;1,164678E-1;9,883142E-1;;
30/11/2021  14:47:38,039483;9,729106E-1;1,044459E+1;1,142563E-1;9,882680E-1;;
30/11/2021  14:47:38,039583;9,717215E-1;1,044459E+1;1,142563E-1;9,881991E-1;;
30/11/2021  14:47:38,039683;9,706456E-1;1,044459E+1;1,158360E-1;9,881068E-1;;
30/11/2021  14:47:38,039783;9,702612E-1;1,044459E+1;1,129926E-1;9,879908E-1;;
30/11/2021  14:47:38,039883;9,705413E-1;1,044459E+1;1,284732E-1;9,878505E-1;;
30/11/2021  14:47:38,039983;9,702969E-1;1,044459E+1;1,543797E-1;9,876859E-1;;
30/11/2021  14:47:38,040083;9,697724E-1;1,044459E+1;2,074043E-2;9,874969E-1;;
30/11/2021  14:47:38,040183;9,687799E-1;1,044459E+1;2,895467E-2;9,872838E-1;;
30/11/2021  14:47:38,040283;9,683001E-1;1,044459E+1;3,622110E-2;9,870467E-1;;
30/11/2021  14:47:38,040383;9,683985E-1;1,044459E+1;2,389975E-2;9,867859E-1;;
30/11/2021  14:47:38,040483;9,685385E-1;1,044459E+1;1,821298E-2;9,865018E-1;;
30/11/2021  14:47:38,040583;9,680617E-1;1,044459E+1;1,852891E-2;9,861951E-1;;
30/11/2021  14:47:38,040683;9,682435E-1;1,044459E+1;1,473773E-2;9,858664E-1;;
30/11/2021  14:47:38,040783;9,676832E-1;1,044459E+1;9,682815E-3;9,855167E-1;;
30/11/2021  14:47:38,040883;9,671140E-1;1,044459E+1;1,631739E-2;9,851468E-1;;
30/11/2021  14:47:38,040983;9,667176E-1;1,044459E+1;1,315807E-2;9,847578E-1;;
30/11/2021  14:47:38,041083;9,667891E-1;1,044459E+1;8,735019E-3;9,843505E-1;;
30/11/2021  14:47:38,041183;9,669947E-1;1,044459E+1;1,221027E-2;9,839261E-1;;
30/11/2021  14:47:38,041283;9,669560E-1;1,044459E+1;4,943835E-3;9,834856E-1;;
30/11/2021  14:47:38,041383;9,676921E-1;1,044459E+1;1,442179E-2;9,830304E-1;;
30/11/2021  14:47:38,041483;9,668845E-1;1,044459E+1;1,947671E-2;9,825618E-1;;
30/11/2021  14:47:38,041583;9,663927E-1;1,044459E+1;1,252620E-2;9,820812E-1;;
30/11/2021  14:47:38,041683;9,661573E-1;1,044459E+1;9,050951E-3;9,815900E-1;;
30/11/2021  14:47:38,041783;9,667802E-1;1,044459E+1;1,347400E-2;9,810895E-1;;
30/11/2021  14:47:38,041883;9,670693E-1;1,044459E+1;1,884484E-2;9,805810E-1;;
30/11/2021  14:47:38,041983;9,673166E-1;1,044459E+1;1,442179E-2;9,800660E-1;;
30/11/2021  14:47:38,042083;9,677547E-1;1,044459E+1;6,839427E-3;9,795460E-1;;
30/11/2021  14:47:38,042183;9,675252E-1;1,044459E+1;1,821298E-2;9,790227E-1;;
30/11/2021  14:47:38,042283;9,674358E-1;1,044459E+1;1,410586E-2;9,784975E-1;;
30/11/2021  14:47:38,042383;9,684014E-1;1,044459E+1;1,315807E-2;9,779719E-1;;
30/11/2021  14:47:38,042483;9,685624E-1;1,044459E+1;1,600145E-2;9,774476E-1;;
30/11/2021  14:47:38,042583;9,689290E-1;1,044459E+1;1,536959E-2;9,769261E-1;;
30/11/2021  14:47:38,042683;9,699274E-1;1,044459E+1;1,410586E-2;9,764089E-1;;
30/11/2021  14:47:38,042783;9,703535E-1;1,044459E+1;1,378993E-2;9,758978E-1;;
30/11/2021  14:47:38,042883;9,709764E-1;1,044459E+1;1,347400E-2;9,753944E-1;;
30/11/2021  14:47:38,042983;9,712417E-1;1,044459E+1;9,682815E-3;9,749003E-1;;
30/11/2021  14:47:38,043083;9,720881E-1;1,044459E+1;8,103155E-3;9,744172E-1;;
30/11/2021  14:47:38,043183;9,732504E-1;1,044459E+1;9,050951E-3;9,739467E-1;;
30/11/2021  14:47:38,043283;9,745707E-1;1,044459E+1;1,568552E-2;9,734904E-1;;
30/11/2021  14:47:38,043383;9,757121E-1;1,044459E+1;9,682815E-3;9,730502E-1;;
30/11/2021  14:47:38,043483;9,760042E-1;1,044459E+1;7,787223E-3;9,726277E-1;;
30/11/2021  14:47:38,043583;9,767701E-1;1,044459E+1;8,419087E-3;9,722247E-1;;
30/11/2021  14:47:38,043683;9,773006E-1;1,044459E+1;1,347400E-2;9,718429E-1;;
30/11/2021  14:47:38,043783;9,784927E-1;1,044459E+1;3,680107E-3;9,714837E-1;;
30/11/2021  14:47:38,043883;9,806564E-1;1,044459E+1;1,694925E-2;9,711486E-1;;
30/11/2021  14:47:38,043983;9,810379E-1;1,044459E+1;1,031468E-2;9,708393E-1;;
30/11/2021  14:47:38,044083;9,817442E-1;1,044459E+1;1,726518E-2;9,705571E-1;;
30/11/2021  14:47:38,044183;9,829811E-1;1,044459E+1;1,221027E-2;9,703035E-1;;
30/11/2021  14:47:38,044283;9,837679E-1;1,044459E+1;1,378993E-2;9,700798E-1;;
30/11/2021  14:47:38,044383;9,841344E-1;1,044459E+1;4,943835E-3;9,698871E-1;;
30/11/2021  14:47:38,044483;9,856216E-1;1,044459E+1;6,523495E-3;9,697266E-1;;
30/11/2021  14:47:38,044583;9,867482E-1;1,044459E+1;7,471291E-3;9,695991E-1;;
30/11/2021  14:47:38,044683;9,878658E-1;1,044459E+1;1,252620E-2;9,695055E-1;;
30/11/2021  14:47:38,044783;9,884440E-1;1,044459E+1;4,943835E-3;9,694466E-1;;
30/11/2021  14:47:38,044883;9,888552E-1;1,044459E+1;9,050951E-3;9,694231E-1;;
30/11/2021  14:47:38,044983;9,897046E-1;1,044459E+1;4,627903E-3;9,694356E-1;;
30/11/2021  14:47:38,045083;9,903663E-1;1,044459E+1;3,680107E-3;9,694842E-1;;
30/11/2021  14:47:38,045183;9,912931E-1;1,044459E+1;1,094654E-2;9,695691E-1;;
30/11/2021  14:47:38,045283;9,922915E-1;1,044459E+1;1,473773E-2;9,696905E-1;;
30/11/2021  14:47:38,045383;9,934717E-1;1,044459E+1;3,680107E-3;9,698483E-1;;
30/11/2021  14:47:38,045483;9,939784E-1;1,044459E+1;7,787223E-3;9,700423E-1;;
30/11/2021  14:47:38,045583;9,943926E-1;1,044459E+1;1,252620E-2;9,702725E-1;;
30/11/2021  14:47:38,045683;9,949023E-1;1,044459E+1;1,221027E-2;9,705383E-1;;
30/11/2021  14:47:38,045783;9,957487E-1;1,044459E+1;8,103155E-3;9,708394E-1;;
30/11/2021  14:47:38,045883;9,967232E-1;1,044459E+1;3,996039E-3;9,711750E-1;;
30/11/2021  14:47:38,045983;9,978647E-1;1,044459E+1;4,311971E-3;9,715444E-1;;
30/11/2021  14:47:38,046083;9,981121E-1;1,044459E+1;3,364175E-3;9,719471E-1;;
30/11/2021  14:47:38,046183;9,984965E-1;1,044459E+1;3,680107E-3;9,723821E-1;;
30/11/2021  14:47:38,046283;9,986455E-1;1,044459E+1;3,996039E-3;9,728485E-1;;
30/11/2021  14:47:38,046383;9,990777E-1;1,044459E+1;4,943835E-3;9,733452E-1;;
30/11/2021  14:47:38,046483;1,000171E+0;1,044459E+1;3,680107E-3;9,738709E-1;;
30/11/2021  14:47:38,046583;1,000940E+0;1,044459E+1;8,419087E-3;9,744245E-1;;
30/11/2021  14:47:38,046683;1,001828E+0;1,044459E+1;4,627903E-3;9,750046E-1;;
30/11/2021  14:47:38,046783;1,002287E+0;1,044459E+1;8,103155E-3;9,756100E-1;;
30/11/2021  14:47:38,046883;1,002296E+0;1,044459E+1;4,311971E-3;9,762395E-1;;
30/11/2021  14:47:38,046983;1,002878E+0;1,044459E+1;4,311971E-3;9,768917E-1;;
30/11/2021  14:47:38,047083;1,003506E+0;1,044459E+1;4,311971E-3;9,775652E-1;;
30/11/2021  14:47:38,047183;1,004955E+0;1,044459E+1;5,259767E-3;9,782585E-1;;
30/11/2021  14:47:38,047283;1,006034E+0;1,044459E+1;4,627903E-3;9,789702E-1;;
30/11/2021  14:47:38,047383;1,006078E+0;1,044459E+1;3,680107E-3;9,796993E-1;;
30/11/2021  14:47:38,047483;1,007035E+0;1,044459E+1;6,839427E-3;9,804444E-1;;
30/11/2021  14:47:38,047583;1,007083E+0;1,044459E+1;4,627903E-3;9,812042E-1;;
30/11/2021  14:47:38,047683;1,007437E+0;1,044459E+1;3,364175E-3;9,819776E-1;;
30/11/2021  14:47:38,047783;1,008028E+0;1,044459E+1;3,680107E-3;9,827632E-1;;
30/11/2021  14:47:38,047883;1,009038E+0;1,044459E+1;6,207563E-3;9,835596E-1;;
30/11/2021  14:47:38,047983;1,009646E+0;1,044459E+1;1,063061E-2;9,843655E-1;;
30/11/2021  14:47:38,048083;1,010707E+0;1,044459E+1;6,523495E-3;9,851799E-1;;
30/11/2021  14:47:38,048183;1,010939E+0;1,044459E+1;2,732311E-3;9,860015E-1;;
30/11/2021  14:47:38,048283;1,011568E+0;1,044459E+1;3,680107E-3;9,868292E-1;;
30/11/2021  14:47:38,048383;1,011559E+0;1,044459E+1;3,996039E-3;9,876621E-1;;
30/11/2021  14:47:38,048483;1,012024E+0;1,044459E+1;3,680107E-3;9,884989E-1;;
30/11/2021  14:47:38,048583;1,013037E+0;1,044459E+1;3,364175E-3;9,893386E-1;;
30/11/2021  14:47:38,048683;1,013619E+0;1,044459E+1;3,996039E-3;9,901801E-1;;
30/11/2021  14:47:38,048783;1,013845E+0;1,044459E+1;3,680107E-3;9,910224E-1;;
30/11/2021  14:47:38,048883;1,013729E+0;1,044459E+1;3,364175E-3;9,918645E-1;;
30/11/2021  14:47:38,048983;1,013738E+0;1,044459E+1;3,680107E-3;9,927055E-1;;
30/11/2021  14:47:38,049083;1,013803E+0;1,044459E+1;3,680107E-3;9,935442E-1;;
30/11/2021  14:47:38,049183;1,013955E+0;1,044459E+1;3,996039E-3;9,943794E-1;;
30/11/2021  14:47:38,049283;1,014784E+0;1,044459E+1;4,311971E-3;9,952101E-1;;
30/11/2021  14:47:38,049383;1,015043E+0;1,044459E+1;3,996039E-3;9,960353E-1;;
30/11/2021  14:47:38,049483;1,014730E+0;1,044459E+1;3,364175E-3;9,968538E-1;;
30/11/2021  14:47:38,049583;1,015121E+0;1,044459E+1;3,680107E-3;9,976647E-1;;
30/11/2021  14:47:38,049683;1,015270E+0;1,044459E+1;3,680107E-3;9,984671E-1;;
30/11/2021  14:47:38,049783;1,015258E+0;1,044459E+1;3,364175E-3;9,992599E-1;;
30/11/2021  14:47:38,049883;1,015869E+0;1,044459E+1;3,680107E-3;1,000042E+0;;
30/11/2021  14:47:38,049983;1,015985E+0;1,044459E+1;3,048243E-3;1,000813E+0;;
30/11/2021  14:47:38,050083;1,016000E+0;1,044459E+1;3,048243E-3;1,001572E+0;;
30/11/2021  14:47:38,050183;1,015687E+0;1,044459E+1;3,048243E-3;1,002318E+0;;
30/11/2021  14:47:38,050283;1,015440E+0;1,044459E+1;3,364175E-3;1,003051E+0;;
30/11/2021  14:47:38,050383;1,014992E+0;1,044459E+1;3,048243E-3;1,003769E+0;;
30/11/2021  14:47:38,050483;1,014805E+0;1,044459E+1;3,364175E-3;1,004471E+0;;
30/11/2021  14:47:38,050583;1,015091E+0;1,044459E+1;3,364175E-3;1,005158E+0;;
30/11/2021  14:47:38,050683;1,015067E+0;1,044459E+1;4,627903E-3;1,005827E+0;;
30/11/2021  14:47:38,050783;1,014569E+0;1,044459E+1;4,627903E-3;1,006479E+0;;
30/11/2021  14:47:38,050883;1,014244E+0;1,044459E+1;3,996039E-3;1,007112E+0;;
30/11/2021  14:47:38,050983;1,014304E+0;1,044459E+1;3,996039E-3;1,007726E+0;;
30/11/2021  14:47:38,051083;1,013934E+0;1,044459E+1;5,575699E-3;1,008320E+0;;
30/11/2021  14:47:38,051183;1,013765E+0;1,044459E+1;7,155359E-3;1,008894E+0;;
30/11/2021  14:47:38,051283;1,013678E+0;1,044459E+1;1,221027E-2;1,009446E+0;;
30/11/2021  14:47:38,051383;1,014054E+0;1,044459E+1;1,126247E-2;1,009977E+0;;
30/11/2021  14:47:38,051483;1,013079E+0;1,044459E+1;1,852891E-2;1,010486E+0;;
30/11/2021  14:47:38,051583;1,012790E+0;1,044459E+1;1,758111E-2;1,010972E+0;;
30/11/2021  14:47:38,051683;1,012429E+0;1,044459E+1;1,884484E-2;1,011435E+0;;
30/11/2021  14:47:38,051783;1,011628E+0;1,044459E+1;1,821298E-2;1,011875E+0;;
30/11/2021  14:47:38,051883;1,012510E+0;1,044459E+1;1,600145E-2;1,012291E+0;;
30/11/2021  14:47:38,051983;1,012081E+0;1,044459E+1;1,600145E-2;1,012683E+0;;
30/11/2021  14:47:38,052083;1,011190E+0;1,044459E+1;1,568552E-2;1,013051E+0;;
30/11/2021  14:47:38,052183;1,010802E+0;1,044459E+1;1,536959E-2;1,013395E+0;;
30/11/2021  14:47:38,052283;1,010144E+0;1,044459E+1;1,568552E-2;1,013714E+0;;
30/11/2021  14:47:38,052383;1,009661E+0;1,044459E+1;2,168823E-2;1,014008E+0;;
30/11/2021  14:47:38,052483;1,009610E+0;1,044459E+1;1,315807E-2;1,014278E+0;;
30/11/2021  14:47:38,052583;1,009428E+0;1,044459E+1;1,284213E-2;1,014522E+0;;
30/11/2021  14:47:38,052683;1,009398E+0;1,044459E+1;2,168823E-2;1,014742E+0;;
30/11/2021  14:47:38,052783;1,009020E+0;1,044459E+1;9,682815E-3;1,014937E+0;;
30/11/2021  14:47:38,052883;1,009029E+0;1,044459E+1;1,758111E-2;1,015106E+0;;
30/11/2021  14:47:38,052983;1,008215E+0;1,044459E+1;1,694925E-2;1,015252E+0;;
30/11/2021  14:47:38,053083;1,007431E+0;1,044459E+1;2,137230E-2;1,015373E+0;;
30/11/2021  14:47:38,053183;1,007738E+0;1,044459E+1;1,189434E-2;1,015471E+0;;
30/11/2021  14:47:38,053283;1,007837E+0;1,044459E+1;1,758111E-2;1,015544E+0;;
30/11/2021  14:47:38,053383;1,007440E+0;1,044459E+1;1,726518E-2;1,015595E+0;;
30/11/2021  14:47:38,053483;1,007002E+0;1,044459E+1;1,631739E-2;1,015622E+0;;
30/11/2021  14:47:38,053583;1,006838E+0;1,044459E+1;1,947671E-2;1,015628E+0;;
30/11/2021  14:47:38,053683;1,006382E+0;1,044459E+1;1,126247E-2;1,015612E+0;;
30/11/2021  14:47:38,053783;1,005718E+0;1,044459E+1;1,410586E-2;1,015575E+0;;
30/11/2021  14:47:38,053883;1,006061E+0;1,044459E+1;1,726518E-2;1,015517E+0;;
30/11/2021  14:47:38,053983;1,005664E+0;1,044459E+1;1,789705E-2;1,015439E+0;;
30/11/2021  14:47:38,054083;1,005554E+0;1,044459E+1;1,189434E-2;1,015342E+0;;
30/11/2021  14:47:38,054183;1,005688E+0;1,044459E+1;1,979264E-2;1,015227E+0;;
30/11/2021  14:47:38,054283;1,005062E+0;1,044459E+1;2,010857E-2;1,015094E+0;;
30/11/2021  14:47:38,054383;1,005098E+0;1,044459E+1;2,389975E-2;1,014944E+0;;
30/11/2021  14:47:38,054483;1,004490E+0;1,044459E+1;1,789705E-2;1,014778E+0;;
30/11/2021  14:47:38,054583;1,005017E+0;1,044459E+1;1,821298E-2;1,014596E+0;;
30/11/2021  14:47:38,054683;1,004374E+0;1,044459E+1;1,694925E-2;1,014400E+0;;
30/11/2021  14:47:38,054783;1,004052E+0;1,044459E+1;1,600145E-2;1,014191E+0;;
30/11/2021  14:47:38,054883;1,003664E+0;1,044459E+1;1,063061E-2;1,013968E+0;;
30/11/2021  14:47:38,054983;1,003062E+0;1,044459E+1;1,884484E-2;1,013733E+0;;
30/11/2021  14:47:38,055083;1,002404E+0;1,044459E+1;2,326789E-2;1,013488E+0;;
30/11/2021  14:47:38,055183;1,003009E+0;1,044459E+1;1,726518E-2;1,013231E+0;;
30/11/2021  14:47:38,055283;1,002425E+0;1,044459E+1;1,852891E-2;1,012965E+0;;
30/11/2021  14:47:38,055383;1,003226E+0;1,044459E+1;1,852891E-2;1,012689E+0;;
30/11/2021  14:47:38,055483;1,002848E+0;1,044459E+1;1,126247E-2;1,012405E+0;;
30/11/2021  14:47:38,055583;1,002708E+0;1,044459E+1;1,663332E-2;1,012113E+0;;
30/11/2021  14:47:38,055683;1,001688E+0;1,044459E+1;2,484755E-2;1,011814E+0;;
30/11/2021  14:47:38,055783;1,002416E+0;1,044459E+1;1,821298E-2;1,011510E+0;;
30/11/2021  14:47:38,055883;1,002070E+0;1,044459E+1;1,287892E-1;1,011200E+0;;
30/11/2021  14:47:38,055983;1,002648E+0;1,044459E+1;1,234183E-1;1,010886E+0;;
30/11/2021  14:47:38,056083;1,003179E+0;1,044459E+1;1,215227E-1;1,010568E+0;;
30/11/2021  14:47:38,056183;1,003122E+0;1,044459E+1;1,234183E-1;1,010248E+0;;
30/11/2021  14:47:38,056283;1,002740E+0;1,044459E+1;1,145722E-1;1,009925E+0;;
30/11/2021  14:47:38,056383;1,002299E+0;1,044459E+1;1,148882E-1;1,009603E+0;;
30/11/2021  14:47:38,056483;1,002529E+0;1,044459E+1;1,126766E-1;1,009280E+0;;
30/11/2021  14:47:38,056583;1,003584E+0;1,044459E+1;1,199431E-1;1,008958E+0;;
30/11/2021  14:47:38,056683;1,004839E+0;1,044459E+1;1,278414E-1;1,008637E+0;;
30/11/2021  14:47:38,056783;1,004034E+0;1,044459E+1;-3,586329E-3;1,008320E+0;;
30/11/2021  14:47:38,056883;1,004034E+0;1,044459E+1;1,000394E-1;1,008006E+0;;
30/11/2021  14:47:38,056983;1,003977E+0;1,044459E+1;1,066739E-1;1,007697E+0;;
30/11/2021  14:47:38,057083;1,003769E+0;1,044459E+1;1,752312E-1;1,007394E+0;;
30/11/2021  14:47:38,057183;1,003825E+0;1,044459E+1;1,619620E-1;1,007097E+0;;
30/11/2021  14:47:38,057283;1,004353E+0;1,044459E+1;1,572231E-1;1,006807E+0;;
30/11/2021  14:47:38,057383;1,005065E+0;1,044459E+1;1,126766E-1;1,006525E+0;;
30/11/2021  14:47:38,057483;1,005119E+0;1,044459E+1;1,821817E-1;1,006251E+0;;
30/11/2021  14:47:38,057583;1,005497E+0;1,044459E+1;1,208909E-1;1,005986E+0;;
30/11/2021  14:47:38,057683;1,005029E+0;1,044459E+1;1,259458E-1;1,005731E+0;;
30/11/2021  14:47:38,057783;1,005441E+0;1,044459E+1;4,854245E-2;1,005487E+0;;
30/11/2021  14:47:38,057883;1,006111E+0;1,044459E+1;1,155200E-1;1,005253E+0;;
30/11/2021  14:47:38,057983;1,006579E+0;1,044459E+1;7,318515E-2;1,005031E+0;;
30/11/2021  14:47:38,058083;1,007098E+0;1,044459E+1;1,208909E-1;1,004821E+0;;
30/11/2021  14:47:38,058183;1,007592E+0;1,044459E+1;9,845971E-2;1,004624E+0;;
30/11/2021  14:47:38,058283;1,007521E+0;1,044459E+1;9,119327E-2;1,004439E+0;;
30/11/2021  14:47:38,058383;1,007738E+0;1,044459E+1;7,192142E-2;1,004269E+0;;
30/11/2021  14:47:38,058483;1,007527E+0;1,044459E+1;1,685966E-1;1,004113E+0;;
30/11/2021  14:47:38,058583;1,008394E+0;1,044459E+1;3,021839E-2;1,003970E+0;;
30/11/2021  14:47:38,058683;1,009533E+0;1,044459E+1;1,186794E-1;1,003843E+0;;
30/11/2021  14:47:38,058783;1,009866E+0;1,044459E+1;1,458495E-1;1,003731E+0;;
30/11/2021  14:47:38,058883;1,009628E+0;1,044459E+1;1,597505E-1;1,003634E+0;;
30/11/2021  14:47:38,058983;1,009953E+0;1,044459E+1;1,218387E-1;1,003553E+0;;
30/11/2021  14:47:38,059083;1,009920E+0;1,044459E+1;1,281573E-1;1,003488E+0;;
30/11/2021  14:47:38,059183;1,009875E+0;1,044459E+1;1,019350E-1;1,003439E+0;;
30/11/2021  14:47:38,059283;1,010492E+0;1,044459E+1;1,152041E-1;1,003407E+0;;
30/11/2021  14:47:38,059383;1,011404E+0;1,044459E+1;1,101492E-1;1,003390E+0;;
30/11/2021  14:47:38,059483;1,011210E+0;1,044459E+1;1,183634E-1;1,003389E+0;;
30/11/2021  14:47:38,059583;1,011324E+0;1,044459E+1;1,152041E-1;1,003404E+0;;
30/11/2021  14:47:38,059683;1,010713E+0;1,044459E+1;9,972343E-2;1,003435E+0;;
30/11/2021  14:47:38,059783;1,010561E+0;1,044459E+1;8,992954E-2;1,003481E+0;;
30/11/2021  14:47:38,059883;1,011008E+0;1,044459E+1;9,688005E-2;1,003542E+0;;
30/11/2021  14:47:38,059983;1,011333E+0;1,044459E+1;4,159195E-2;1,003617E+0;;
30/11/2021  14:47:38,060083;1,011491E+0;1,044459E+1;2,042450E-2;1,003707E+0;;
30/11/2021  14:47:38,060183;1,010689E+0;1,044459E+1;1,884484E-2;1,003810E+0;;
30/11/2021  14:47:38,060283;1,010823E+0;1,044459E+1;1,694925E-2;1,003926E+0;;
30/11/2021  14:47:38,060383;1,010424E+0;1,044459E+1;1,663332E-2;1,004053E+0;;
30/11/2021  14:47:38,060483;1,009848E+0;1,044459E+1;2,263603E-2;1,004192E+0;;
30/11/2021  14:47:38,060583;1,010501E+0;1,044459E+1;1,852891E-2;1,004341E+0;;
30/11/2021  14:47:38,060683;1,010531E+0;1,044459E+1;2,263603E-2;1,004500E+0;;
30/11/2021  14:47:38,060783;1,010844E+0;1,044459E+1;2,326789E-2;1,004667E+0;;
30/11/2021  14:47:38,060883;1,010287E+0;1,044459E+1;1,789705E-2;1,004841E+0;;
30/11/2021  14:47:38,060983;1,009983E+0;1,044459E+1;1,600145E-2;1,005023E+0;;
30/11/2021  14:47:38,061083;1,009464E+0;1,044459E+1;1,315807E-2;1,005210E+0;;
30/11/2021  14:47:38,061183;1,009488E+0;1,044459E+1;9,366883E-3;1,005402E+0;;
30/11/2021  14:47:38,061283;1,009428E+0;1,044459E+1;1,189434E-2;1,005598E+0;;
30/11/2021  14:47:38,061383;1,010164E+0;1,044459E+1;1,347400E-2;1,005797E+0;;
30/11/2021  14:47:38,061483;1,009899E+0;1,044459E+1;9,050951E-3;1,005998E+0;;
30/11/2021  14:47:38,061583;1,009053E+0;1,044459E+1;7,787223E-3;1,006200E+0;;
30/11/2021  14:47:38,061683;1,008501E+0;1,044459E+1;1,694925E-2;1,006402E+0;;
30/11/2021  14:47:38,061783;1,008191E+0;1,044459E+1;1,758111E-2;1,006604E+0;;
30/11/2021  14:47:38,061883;1,008182E+0;1,044459E+1;1,063061E-2;1,006804E+0;;
30/11/2021  14:47:38,061983;1,008126E+0;1,044459E+1;1,663332E-2;1,007001E+0;;
30/11/2021  14:47:38,062083;1,008925E+0;1,044459E+1;1,568552E-2;1,007196E+0;;
30/11/2021  14:47:38,062183;1,007917E+0;1,044459E+1;1,758111E-2;1,007386E+0;;
30/11/2021  14:47:38,062283;1,007831E+0;1,044459E+1;1,600145E-2;1,007571E+0;;
30/11/2021  14:47:38,062383;1,006889E+0;1,044459E+1;1,694925E-2;1,007751E+0;;
30/11/2021  14:47:38,062483;1,005774E+0;1,044459E+1;1,568552E-2;1,007924E+0;;
30/11/2021  14:47:38,062583;1,005900E+0;1,044459E+1;1,221027E-2;1,008090E+0;;
30/11/2021  14:47:38,062683;1,006457E+0;1,044459E+1;1,063061E-2;1,008249E+0;;
30/11/2021  14:47:38,062783;1,005843E+0;1,044459E+1;1,378993E-2;1,008398E+0;;
30/11/2021  14:47:38,062883;1,005208E+0;1,044459E+1;1,157841E-2;1,008539E+0;;
30/11/2021  14:47:38,062983;1,004052E+0;1,044459E+1;1,315807E-2;1,008669E+0;;
30/11/2021  14:47:38,063083;1,003322E+0;1,044459E+1;8,735019E-3;1,008788E+0;;
30/11/2021  14:47:38,063183;1,003217E+0;1,044459E+1;9,998747E-3;1,008896E+0;;
30/11/2021  14:47:38,063283;1,003059E+0;1,044459E+1;8,419087E-3;1,008992E+0;;
30/11/2021  14:47:38,063383;1,003074E+0;1,044459E+1;1,694925E-2;1,009075E+0;;
30/11/2021  14:47:38,063483;1,002401E+0;1,044459E+1;6,839427E-3;1,009145E+0;;
30/11/2021  14:47:38,063583;1,001545E+0;1,044459E+1;1,600145E-2;1,009201E+0;;
30/11/2021  14:47:38,063683;1,000824E+0;1,044459E+1;1,315807E-2;1,009243E+0;;
30/11/2021  14:47:38,063783;9,995694E-1;1,044459E+1;1,126247E-2;1,009270E+0;;
30/11/2021  14:47:38,063883;9,993131E-1;1,044459E+1;4,627903E-3;1,009281E+0;;
30/11/2021  14:47:38,063983;9,992237E-1;1,044459E+1;4,627903E-3;1,009277E+0;;
30/11/2021  14:47:38,064083;9,987409E-1;1,044459E+1;4,311971E-3;1,009257E+0;;
30/11/2021  14:47:38,064183;9,989197E-1;1,044459E+1;1,378993E-2;1,009219E+0;;
30/11/2021  14:47:38,064283;9,980405E-1;1,044459E+1;3,364175E-3;1,009165E+0;;
30/11/2021  14:47:38,064383;9,969736E-1;1,044459E+1;6,839427E-3;1,009095E+0;;
30/11/2021  14:47:38,064483;9,961927E-1;1,044459E+1;1,252620E-2;1,009007E+0;;
30/11/2021  14:47:38,064583;9,959543E-1;1,044459E+1;1,221027E-2;1,008901E+0;;
30/11/2021  14:47:38,064683;9,961629E-1;1,044459E+1;1,473773E-2;1,008778E+0;;
30/11/2021  14:47:38,064783;9,960348E-1;1,044459E+1;1,600145E-2;1,008638E+0;;
30/11/2021  14:47:38,064883;9,952539E-1;1,044459E+1;8,103155E-3;1,008480E+0;;
30/11/2021  14:47:38,064983;9,942377E-1;1,044459E+1;1,094654E-2;1,008305E+0;;
30/11/2021  14:47:38,065083;9,927952E-1;1,044459E+1;1,536959E-2;1,008114E+0;;
30/11/2021  14:47:38,065183;9,927803E-1;1,044459E+1;1,568552E-2;1,007905E+0;;
30/11/2021  14:47:38,065283;9,931439E-1;1,044459E+1;1,126247E-2;1,007679E+0;;
30/11/2021  14:47:38,065383;9,928757E-1;1,044459E+1;1,442179E-2;1,007436E+0;;
30/11/2021  14:47:38,065483;9,931737E-1;1,044459E+1;1,442179E-2;1,007177E+0;;
30/11/2021  14:47:38,065583;9,920919E-1;1,044459E+1;1,536959E-2;1,006903E+0;;
30/11/2021  14:47:38,065683;9,918832E-1;1,044459E+1;1,221027E-2;1,006612E+0;;
30/11/2021  14:47:38,065783;9,911203E-1;1,044459E+1;6,207563E-3;1,006308E+0;;
30/11/2021  14:47:38,065883;9,905034E-1;1,044459E+1;5,575699E-3;1,005988E+0;;
30/11/2021  14:47:38,065983;9,914421E-1;1,044459E+1;3,680107E-3;1,005656E+0;;
30/11/2021  14:47:38,066083;9,913617E-1;1,044459E+1;8,103155E-3;1,005310E+0;;
30/11/2021  14:47:38,066183;9,915375E-1;1,044459E+1;3,364175E-3;1,004951E+0;;
30/11/2021  14:47:38,066283;9,914600E-1;1,044459E+1;6,523495E-3;1,004582E+0;;
30/11/2021  14:47:38,066383;9,908789E-1;1,044459E+1;6,207563E-3;1,004202E+0;;
30/11/2021  14:47:38,066483;9,905928E-1;1,044459E+1;1,063061E-2;1,003812E+0;;
30/11/2021  14:47:38,066583;9,909891E-1;1,044459E+1;4,311971E-3;1,003414E+0;;
30/11/2021  14:47:38,066683;9,917312E-1;1,044459E+1;3,996039E-3;1,003008E+0;;
30/11/2021  14:47:38,066783;9,923720E-1;1,044459E+1;3,680107E-3;1,002597E+0;;
30/11/2021  14:47:38,066883;9,927445E-1;1,044459E+1;4,311971E-3;1,002180E+0;;
30/11/2021  14:47:38,066983;9,929055E-1;1,044459E+1;3,680107E-3;1,001759E+0;;
30/11/2021  14:47:38,067083;9,924078E-1;1,044459E+1;3,680107E-3;1,001336E+0;;
30/11/2021  14:47:38,067183;9,926998E-1;1,044459E+1;6,523495E-3;1,000912E+0;;
30/11/2021  14:47:38,067283;9,928786E-1;1,044459E+1;7,155359E-3;1,000489E+0;;
30/11/2021  14:47:38,067383;9,942824E-1;1,044459E+1;4,627903E-3;1,000067E+0;;
30/11/2021  14:47:38,067483;9,948218E-1;1,044459E+1;3,680107E-3;9,996476E-1;;
30/11/2021  14:47:38,067583;9,951288E-1;1,044459E+1;4,627903E-3;9,992332E-1;;
30/11/2021  14:47:38,067683;9,955401E-1;1,044459E+1;4,311971E-3;9,988247E-1;;
30/11/2021  14:47:38,067783;9,952838E-1;1,044459E+1;4,311971E-3;9,984237E-1;;
30/11/2021  14:47:38,067883;9,958440E-1;1,044459E+1;3,996039E-3;9,980315E-1;;
30/11/2021  14:47:38,067983;9,967858E-1;1,044459E+1;3,996039E-3;9,976493E-1;;
30/11/2021  14:47:38,068083;9,983952E-1;1,044459E+1;3,680107E-3;9,972786E-1;;
30/11/2021  14:47:38,068183;9,990330E-1;1,044459E+1;5,575699E-3;9,969206E-1;;
30/11/2021  14:47:38,068283;1,000350E+0;1,044459E+1;3,680107E-3;9,965770E-1;;
30/11/2021  14:47:38,068383;1,000183E+0;1,044459E+1;3,680107E-3;9,962493E-1;;
30/11/2021  14:47:38,068483;1,001295E+0;1,044459E+1;4,627903E-3;9,959388E-1;;
30/11/2021  14:47:38,068583;1,001823E+0;1,044459E+1;5,259767E-3;9,956470E-1;;
30/11/2021  14:47:38,068683;1,003387E+0;1,044459E+1;3,996039E-3;9,953752E-1;;
30/11/2021  14:47:38,068783;1,004913E+0;1,044459E+1;3,996039E-3;9,951247E-1;;
30/11/2021  14:47:38,068883;1,005092E+0;1,044459E+1;4,311971E-3;9,948969E-1;;
30/11/2021  14:47:38,068983;1,005941E+0;1,044459E+1;3,364175E-3;9,946932E-1;;
30/11/2021  14:47:38,069083;1,005530E+0;1,044459E+1;4,311971E-3;9,945146E-1;;
30/11/2021  14:47:38,069183;1,006603E+0;1,044459E+1;3,048243E-3;9,943621E-1;;
30/11/2021  14:47:38,069283;1,006996E+0;1,044459E+1;3,680107E-3;9,942366E-1;;
30/11/2021  14:47:38,069383;1,008260E+0;1,044459E+1;3,364175E-3;9,941386E-1;;
30/11/2021  14:47:38,069483;1,009026E+0;1,044459E+1;3,680107E-3;9,940688E-1;;
30/11/2021  14:47:38,069583;1,009363E+0;1,044459E+1;3,048243E-3;9,940278E-1;;
30/11/2021  14:47:38,069683;1,009446E+0;1,044459E+1;3,364175E-3;9,940160E-1;;
30/11/2021  14:47:38,069783;1,009318E+0;1,044459E+1;3,680107E-3;9,940335E-1;;
30/11/2021  14:47:38,069883;1,009115E+0;1,044459E+1;3,680107E-3;9,940804E-1;;
30/11/2021  14:47:38,069983;1,010659E+0;1,044459E+1;3,680107E-3;9,941564E-1;;
30/11/2021  14:47:38,070083;1,012111E+0;1,044459E+1;3,048243E-3;9,942613E-1;;
30/11/2021  14:47:38,070183;1,013115E+0;1,044459E+1;2,732311E-3;9,943948E-1;;
30/11/2021  14:47:38,070283;1,013210E+0;1,044459E+1;4,311971E-3;9,945568E-1;;
30/11/2021  14:47:38,070383;1,013213E+0;1,044459E+1;3,680107E-3;9,947470E-1;;
30/11/2021  14:47:38,070483;1,013222E+0;1,044459E+1;3,680107E-3;9,949652E-1;;
30/11/2021  14:47:38,070583;1,014101E+0;1,044459E+1;3,364175E-3;9,952105E-1;;
30/11/2021  14:47:38,070683;1,015368E+0;1,044459E+1;3,364175E-3;9,954824E-1;;
30/11/2021  14:47:38,070783;1,016557E+0;1,044459E+1;4,311971E-3;9,957803E-1;;
30/11/2021  14:47:38,070883;1,017421E+0;1,044459E+1;4,943835E-3;9,961035E-1;;
30/11/2021  14:47:38,070983;1,017854E+0;1,044459E+1;6,839427E-3;9,964516E-1;;
30/11/2021  14:47:38,071083;1,018178E+0;1,044459E+1;5,259767E-3;9,968241E-1;;
30/11/2021  14:47:38,071183;1,018569E+0;1,044459E+1;7,787223E-3;9,972202E-1;;
30/11/2021  14:47:38,071283;1,019874E+0;1,044459E+1;9,050951E-3;9,976393E-1;;
30/11/2021  14:47:38,071383;1,021045E+0;1,044459E+1;9,998747E-3;9,980806E-1;;
30/11/2021  14:47:38,071483;1,021984E+0;1,044459E+1;9,998747E-3;9,985435E-1;;
30/11/2021  14:47:38,071583;1,023197E+0;1,044459E+1;1,378993E-2;9,990274E-1;;
30/11/2021  14:47:38,071683;1,023871E+0;1,044459E+1;1,284213E-2;9,995318E-1;;
30/11/2021  14:47:38,071783;1,024139E+0;1,044459E+1;1,505366E-2;1,000056E+0;;
30/11/2021  14:47:38,071883;1,025409E+0;1,044459E+1;2,010857E-2;1,000600E+0;;
30/11/2021  14:47:38,071983;1,025844E+0;1,044459E+1;1,442179E-2;1,001162E+0;;
30/11/2021  14:47:38,072083;1,027534E+0;1,044459E+1;1,568552E-2;1,001743E+0;;
30/11/2021  14:47:38,072183;1,028824E+0;1,044459E+1;2,295196E-2;1,002341E+0;;
30/11/2021  14:47:38,072283;1,029927E+0;1,044459E+1;1,347400E-2;1,002957E+0;;
30/11/2021  14:47:38,072383;1,030725E+0;1,044459E+1;1,789705E-2;1,003589E+0;;
30/11/2021  14:47:38,072483;1,030821E+0;1,044459E+1;1,821298E-2;1,004237E+0;;
30/11/2021  14:47:38,072583;1,031441E+0;1,044459E+1;1,884484E-2;1,004902E+0;;
30/11/2021  14:47:38,072683;1,033417E+0;1,044459E+1;1,663332E-2;1,005582E+0;;
30/11/2021  14:47:38,072783;1,034364E+0;1,044459E+1;1,821298E-2;1,006276E+0;;
30/11/2021  14:47:38,072883;1,035807E+0;1,044459E+1;1,821298E-2;1,006985E+0;;
30/11/2021  14:47:38,072983;1,036841E+0;1,044459E+1;1,631739E-2;1,007709E+0;;
30/11/2021  14:47:38,073083;1,037601E+0;1,044459E+1;1,758111E-2;1,008446E+0;;
30/11/2021  14:47:38,073183;1,038534E+0;1,044459E+1;1,568552E-2;1,009196E+0;;
30/11/2021  14:47:38,073283;1,039204E+0;1,044459E+1;1,473773E-2;1,009960E+0;;
30/11/2021  14:47:38,073383;1,040462E+0;1,044459E+1;1,631739E-2;1,010736E+0;;
30/11/2021  14:47:38,073483;1,041452E+0;1,044459E+1;1,789705E-2;1,011525E+0;;
30/11/2021  14:47:38,073583;1,042516E+0;1,044459E+1;1,568552E-2;1,012326E+0;;
30/11/2021  14:47:38,073683;1,043422E+0;1,044459E+1;1,821298E-2;1,013138E+0;;
30/11/2021  14:47:38,073783;1,044158E+0;1,044459E+1;2,042450E-2;1,013962E+0;;
30/11/2021  14:47:38,073883;1,044751E+0;1,044459E+1;1,789705E-2;1,014797E+0;;
30/11/2021  14:47:38,073983;1,045502E+0;1,044459E+1;1,758111E-2;1,015642E+0;;
30/11/2021  14:47:38,074083;1,046962E+0;1,044459E+1;1,726518E-2;1,016497E+0;;
30/11/2021  14:47:38,074183;1,047269E+0;1,044459E+1;1,663332E-2;1,017362E+0;;
30/11/2021  14:47:38,074283;1,047934E+0;1,044459E+1;2,042450E-2;1,018235E+0;;
30/11/2021  14:47:38,074383;1,048417E+0;1,044459E+1;1,663332E-2;1,019117E+0;;
30/11/2021  14:47:38,074483;1,048574E+0;1,044459E+1;1,694925E-2;1,020006E+0;;
30/11/2021  14:47:38,074583;1,048017E+0;1,044459E+1;1,758111E-2;1,020902E+0;;
30/11/2021  14:47:38,074683;1,048458E+0;1,044459E+1;8,735019E-3;1,021805E+0;;
30/11/2021  14:47:38,074783;1,049406E+0;1,044459E+1;1,821298E-2;1,022712E+0;;
30/11/2021  14:47:38,074883;1,049826E+0;1,044459E+1;1,473773E-2;1,023623E+0;;
30/11/2021  14:47:38,074983;1,049856E+0;1,044459E+1;5,891631E-3;1,024536E+0;;
30/11/2021  14:47:38,075083;1,049403E+0;1,044459E+1;1,568552E-2;1,025451E+0;;
30/11/2021  14:47:38,075183;1,049179E+0;1,044459E+1;2,516348E-2;1,026367E+0;;
30/11/2021  14:47:38,075283;1,049403E+0;1,044459E+1;1,726518E-2;1,027281E+0;;
30/11/2021  14:47:38,075383;1,049337E+0;1,044459E+1;1,758111E-2;1,028193E+0;;
30/11/2021  14:47:38,075483;1,049749E+0;1,044459E+1;1,821298E-2;1,029101E+0;;
30/11/2021  14:47:38,075583;1,050080E+0;1,044459E+1;1,758111E-2;1,030004E+0;;
30/11/2021  14:47:38,075683;1,049865E+0;1,044459E+1;2,295196E-2;1,030900E+0;;
30/11/2021  14:47:38,075783;1,050059E+0;1,044459E+1;1,852891E-2;1,031789E+0;;
30/11/2021  14:47:38,075883;1,049743E+0;1,044459E+1;1,212068E-1;1,032668E+0;;
30/11/2021  14:47:38,075983;1,049692E+0;1,044459E+1;1,183634E-1;1,033536E+0;;
30/11/2021  14:47:38,076083;1,049814E+0;1,044459E+1;1,284732E-1;1,034393E+0;;
30/11/2021  14:47:38,076183;1,050750E+0;1,044459E+1;8,708615E-2;1,035236E+0;;
30/11/2021  14:47:38,076283;1,050547E+0;1,044459E+1;9,530039E-2;1,036066E+0;;
30/11/2021  14:47:38,076383;1,050828E+0;1,044459E+1;1,291051E-1;1,036880E+0;;
30/11/2021  14:47:38,076483;1,051269E+0;1,044459E+1;1,303688E-1;1,037677E+0;;
30/11/2021  14:47:38,076583;1,050127E+0;1,044459E+1;1,243661E-1;1,038458E+0;;
30/11/2021  14:47:38,076683;1,049960E+0;1,044459E+1;1,139404E-1;1,039222E+0;;
30/11/2021  14:47:38,076783;1,050130E+0;1,044459E+1;1,306848E-1;1,039966E+0;;
30/11/2021  14:47:38,076883;1,051060E+0;1,044459E+1;1,224705E-1;1,040691E+0;;
30/11/2021  14:47:38,076983;1,050240E+0;1,044459E+1;1,351078E-1;1,041395E+0;;
30/11/2021  14:47:38,077083;1,050068E+0;1,044459E+1;1,227865E-1;1,042079E+0;;
30/11/2021  14:47:38,077183;1,049823E+0;1,044459E+1;1,177316E-1;1,042741E+0;;
30/11/2021  14:47:38,077283;1,049776E+0;1,044459E+1;2,150386E-1;1,043381E+0;;
30/11/2021  14:47:38,077383;1,050068E+0;1,044459E+1;8,834988E-2;1,043998E+0;;
30/11/2021  14:47:38,077483;1,050050E+0;1,044459E+1;8,834988E-2;1,044592E+0;;
30/11/2021  14:47:38,077583;1,050166E+0;1,044459E+1;1,189953E-1;1,045163E+0;;
30/11/2021  14:47:38,077683;1,050503E+0;1,044459E+1;9,814378E-2;1,045709E+0;;
30/11/2021  14:47:38,077783;1,050056E+0;1,044459E+1;1,417424E-1;1,046233E+0;;
30/11/2021  14:47:38,077883;1,048995E+0;1,044459E+1;8,929768E-2;1,046732E+0;;
30/11/2021  14:47:38,077983;1,048628E+0;1,044459E+1;1,313166E-1;1,047207E+0;;
30/11/2021  14:47:38,078083;1,049051E+0;1,044459E+1;1,035146E-1;1,047657E+0;;
30/11/2021  14:47:38,078183;1,049308E+0;1,044459E+1;9,435259E-2;1,048084E+0;;
30/11/2021  14:47:38,078283;1,049281E+0;1,044459E+1;1,303688E-1;1,048486E+0;;
30/11/2021  14:47:38,078383;1,048589E+0;1,044459E+1;1,515363E-1;1,048863E+0;;
30/11/2021  14:47:38,078483;1,047832E+0;1,044459E+1;1,240502E-1;1,049217E+0;;
30/11/2021  14:47:38,078583;1,046885E+0;1,044459E+1;1,300529E-1;1,049546E+0;;
30/11/2021  14:47:38,078683;1,046831E+0;1,044459E+1;1,249980E-1;1,049851E+0;;
30/11/2021  14:47:38,078783;1,046536E+0;1,044459E+1;1,297370E-1;1,050132E+0;;
30/11/2021  14:47:38,078883;1,045883E+0;1,044459E+1;1,193112E-1;1,050388E+0;;
30/11/2021  14:47:38,078983;1,045111E+0;1,044459E+1;1,082536E-1;1,050620E+0;;
30/11/2021  14:47:38,079083;1,044608E+0;1,044459E+1;1,066739E-1;1,050828E+0;;
30/11/2021  14:47:38,079183;1,043389E+0;1,044459E+1;1,193112E-1;1,051012E+0;;
30/11/2021  14:47:38,079283;1,042200E+0;1,044459E+1;1,009872E-1;1,051171E+0;;
30/11/2021  14:47:38,079383;1,041720E+0;1,044459E+1;1,297370E-1;1,051306E+0;;
30/11/2021  14:47:38,079483;1,041395E+0;1,044459E+1;1,193112E-1;1,051415E+0;;
30/11/2021  14:47:38,079583;1,040423E+0;1,044459E+1;1,003553E-1;1,051500E+0;;
30/11/2021  14:47:38,079683;1,039538E+0;1,044459E+1;1,104651E-1;1,051559E+0;;
30/11/2021  14:47:38,079783;1,037461E+0;1,044459E+1;1,486929E-1;1,051593E+0;;
30/11/2021  14:47:38,079883;1,035974E+0;1,044459E+1;1,695444E-1;1,051602E+0;;
30/11/2021  14:47:38,079983;1,034513E+0;1,044459E+1;1,884484E-2;1,051584E+0;;
30/11/2021  14:47:38,080083;1,034090E+0;1,044459E+1;1,631739E-2;1,051539E+0;;
30/11/2021  14:47:38,080183;1,033169E+0;1,044459E+1;1,262617E-1;1,051467E+0;;
30/11/2021  14:47:38,080283;1,031661E+0;1,044459E+1;1,789705E-2;1,051367E+0;;
30/11/2021  14:47:38,080383;1,031047E+0;1,044459E+1;1,821298E-2;1,051240E+0;;
30/11/2021  14:47:38,080483;1,030031E+0;1,044459E+1;1,315807E-2;1,051083E+0;;
30/11/2021  14:47:38,080583;1,028025E+0;1,044459E+1;1,536959E-2;1,050898E+0;;
30/11/2021  14:47:38,080683;1,027441E+0;1,044459E+1;1,221027E-2;1,050684E+0;;
30/11/2021  14:47:38,080783;1,026616E+0;1,044459E+1;1,947671E-2;1,050440E+0;;
30/11/2021  14:47:38,080883;1,025573E+0;1,044459E+1;1,821298E-2;1,050167E+0;;
30/11/2021  14:47:38,080983;1,025182E+0;1,044459E+1;1,063061E-2;1,049864E+0;;
30/11/2021  14:47:38,081083;1,024067E+0;1,044459E+1;5,259767E-3;1,049531E+0;;
30/11/2021  14:47:38,081183;1,022229E+0;1,044459E+1;8,735019E-3;1,049169E+0;;
30/11/2021  14:47:38,081283;1,021358E+0;1,044459E+1;1,347400E-2;1,048777E+0;;
30/11/2021  14:47:38,081383;1,020309E+0;1,044459E+1;1,252620E-2;1,048355E+0;;
30/11/2021  14:47:38,081483;1,019451E+0;1,044459E+1;1,536959E-2;1,047904E+0;;
30/11/2021  14:47:38,081583;1,019073E+0;1,044459E+1;1,410586E-2;1,047424E+0;;
30/11/2021  14:47:38,081683;1,017934E+0;1,044459E+1;4,943835E-3;1,046916E+0;;
30/11/2021  14:47:38,081783;1,017263E+0;1,044459E+1;6,207563E-3;1,046379E+0;;
30/11/2021  14:47:38,081883;1,015994E+0;1,044459E+1;1,347400E-2;1,045814E+0;;
30/11/2021  14:47:38,081983;1,015288E+0;1,044459E+1;1,221027E-2;1,045222E+0;;
30/11/2021  14:47:38,082083;1,014253E+0;1,044459E+1;4,627903E-3;1,044604E+0;;
30/11/2021  14:47:38,082183;1,014271E+0;1,044459E+1;1,536959E-2;1,043960E+0;;
30/11/2021  14:47:38,082283;1,013300E+0;1,044459E+1;1,347400E-2;1,043291E+0;;
30/11/2021  14:47:38,082383;1,012891E+0;1,044459E+1;1,473773E-2;1,042598E+0;;
30/11/2021  14:47:38,082483;1,011962E+0;1,044459E+1;1,031468E-2;1,041882E+0;;
30/11/2021  14:47:38,082583;1,010901E+0;1,044459E+1;1,126247E-2;1,041144E+0;;
30/11/2021  14:47:38,082683;1,010743E+0;1,044459E+1;1,157841E-2;1,040385E+0;;
30/11/2021  14:47:38,082783;1,010898E+0;1,044459E+1;5,891631E-3;1,039607E+0;;
30/11/2021  14:47:38,082883;1,011327E+0;1,044459E+1;9,998747E-3;1,038810E+0;;
30/11/2021  14:47:38,082983;1,010671E+0;1,044459E+1;1,410586E-2;1,037996E+0;;
30/11/2021  14:47:38,083083;1,010737E+0;1,044459E+1;1,631739E-2;1,037167E+0;;
30/11/2021  14:47:38,083183;1,010018E+0;1,044459E+1;1,568552E-2;1,036324E+0;;
30/11/2021  14:47:38,083283;1,009798E+0;1,044459E+1;1,505366E-2;1,035470E+0;;
30/11/2021  14:47:38,083383;1,010299E+0;1,044459E+1;6,207563E-3;1,034605E+0;;
30/11/2021  14:47:38,083483;1,011374E+0;1,044459E+1;9,998747E-3;1,033732E+0;;
30/11/2021  14:47:38,083583;1,011523E+0;1,044459E+1;9,682815E-3;1,032853E+0;;
30/11/2021  14:47:38,083683;1,011804E+0;1,044459E+1;1,473773E-2;1,031969E+0;;
30/11/2021  14:47:38,083783;1,011541E+0;1,044459E+1;8,735019E-3;1,031084E+0;;
30/11/2021  14:47:38,083883;1,010906E+0;1,044459E+1;6,839427E-3;1,030199E+0;;
30/11/2021  14:47:38,083983;1,010629E+0;1,044459E+1;1,221027E-2;1,029316E+0;;
30/11/2021  14:47:38,084083;1,011076E+0;1,044459E+1;6,523495E-3;1,028437E+0;;
30/11/2021  14:47:38,084183;1,010594E+0;1,044459E+1;1,315807E-2;1,027564E+0;;
30/11/2021  14:47:38,084283;1,011044E+0;1,044459E+1;1,221027E-2;1,026698E+0;;
30/11/2021  14:47:38,084383;1,010802E+0;1,044459E+1;3,680107E-3;1,025843E+0;;
30/11/2021  14:47:38,084483;1,010242E+0;1,044459E+1;5,259767E-3;1,024998E+0;;
30/11/2021  14:47:38,084583;1,009616E+0;1,044459E+1;1,284213E-2;1,024165E+0;;
30/11/2021  14:47:38,084683;1,009217E+0;1,044459E+1;3,680107E-3;1,023347E+0;;
30/11/2021  14:47:38,084783;1,009258E+0;1,044459E+1;3,996039E-3;1,022543E+0;;
30/11/2021  14:47:38,084883;1,009637E+0;1,044459E+1;1,252620E-2;1,021756E+0;;
30/11/2021  14:47:38,084983;1,009419E+0;1,044459E+1;5,891631E-3;1,020985E+0;;
30/11/2021  14:47:38,085083;1,008194E+0;1,044459E+1;1,536959E-2;1,020232E+0;;
30/11/2021  14:47:38,085183;1,008251E+0;1,044459E+1;1,189434E-2;1,019498E+0;;
30/11/2021  14:47:38,085283;1,007646E+0;1,044459E+1;3,996039E-3;1,018783E+0;;
30/11/2021  14:47:38,085383;1,007890E+0;1,044459E+1;3,364175E-3;1,018087E+0;;
30/11/2021  14:47:38,085483;1,007965E+0;1,044459E+1;3,996039E-3;1,017411E+0;;
30/11/2021  14:47:38,085583;1,008540E+0;1,044459E+1;5,891631E-3;1,016756E+0;;
30/11/2021  14:47:38,085683;1,008379E+0;1,044459E+1;1,536959E-2;1,016122E+0;;
30/11/2021  14:47:38,085783;1,008519E+0;1,044459E+1;6,523495E-3;1,015508E+0;;
30/11/2021  14:47:38,085883;1,008340E+0;1,044459E+1;3,680107E-3;1,014916E+0;;
30/11/2021  14:47:38,085983;1,008311E+0;1,044459E+1;3,996039E-3;1,014346E+0;;
30/11/2021  14:47:38,086083;1,008400E+0;1,044459E+1;3,364175E-3;1,013798E+0;;
30/11/2021  14:47:38,086183;1,009008E+0;1,044459E+1;4,627903E-3;1,013272E+0;;
30/11/2021  14:47:38,086283;1,009589E+0;1,044459E+1;3,680107E-3;1,012768E+0;;
30/11/2021  14:47:38,086383;1,009387E+0;1,044459E+1;3,996039E-3;1,012286E+0;;
30/11/2021  14:47:38,086483;1,009401E+0;1,044459E+1;4,311971E-3;1,011828E+0;;
30/11/2021  14:47:38,086583;1,009258E+0;1,044459E+1;3,680107E-3;1,011392E+0;;
30/11/2021  14:47:38,086683;1,008665E+0;1,044459E+1;4,627903E-3;1,010979E+0;;
30/11/2021  14:47:38,086783;1,008966E+0;1,044459E+1;3,996039E-3;1,010588E+0;;
30/11/2021  14:47:38,086883;1,009494E+0;1,044459E+1;3,996039E-3;1,010220E+0;;
30/11/2021  14:47:38,086983;1,009217E+0;1,044459E+1;3,996039E-3;1,009874E+0;;
30/11/2021  14:47:38,087083;1,010221E+0;1,044459E+1;4,311971E-3;1,009550E+0;;
30/11/2021  14:47:38,087183;1,010012E+0;1,044459E+1;3,680107E-3;1,009248E+0;;
30/11/2021  14:47:38,087283;1,009860E+0;1,044459E+1;4,627903E-3;1,008968E+0;;
30/11/2021  14:47:38,087383;1,010129E+0;1,044459E+1;3,996039E-3;1,008709E+0;;
30/11/2021  14:47:38,087483;1,010349E+0;1,044459E+1;3,364175E-3;1,008471E+0;;
30/11/2021  14:47:38,087583;1,011121E+0;1,044459E+1;5,575699E-3;1,008254E+0;;
30/11/2021  14:47:38,087683;1,011511E+0;1,044459E+1;9,366883E-3;1,008057E+0;;
30/11/2021  14:47:38,087783;1,011574E+0;1,044459E+1;6,839427E-3;1,007881E+0;;
30/11/2021  14:47:38,087883;1,011425E+0;1,044459E+1;3,996039E-3;1,007724E+0;;
30/11/2021  14:47:38,087983;1,012060E+0;1,044459E+1;3,364175E-3;1,007587E+0;;
30/11/2021  14:47:38,088083;1,011556E+0;1,044459E+1;3,364175E-3;1,007469E+0;;
30/11/2021  14:47:38,088183;1,012397E+0;1,044459E+1;3,996039E-3;1,007370E+0;;
30/11/2021  14:47:38,088283;1,012596E+0;1,044459E+1;7,155359E-3;1,007290E+0;;
30/11/2021  14:47:38,088383;1,013589E+0;1,044459E+1;5,259767E-3;1,007228E+0;;
30/11/2021  14:47:38,088483;1,013714E+0;1,044459E+1;4,943835E-3;1,007183E+0;;
30/11/2021  14:47:38,088583;1,013332E+0;1,044459E+1;7,155359E-3;1,007156E+0;;
30/11/2021  14:47:38,088683;1,013681E+0;1,044459E+1;4,943835E-3;1,007146E+0;;
30/11/2021  14:47:38,088783;1,013419E+0;1,044459E+1;4,627903E-3;1,007153E+0;;
30/11/2021  14:47:38,088883;1,014152E+0;1,044459E+1;4,627903E-3;1,007175E+0;;
30/11/2021  14:47:38,088983;1,014835E+0;1,044459E+1;7,787223E-3;1,007214E+0;;
30/11/2021  14:47:38,089083;1,013961E+0;1,044459E+1;3,048243E-3;1,007267E+0;;
30/11/2021  14:47:38,089183;1,014384E+0;1,044459E+1;3,364175E-3;1,007336E+0;;
30/11/2021  14:47:38,089283;1,014545E+0;1,044459E+1;3,996039E-3;1,007418E+0;;
30/11/2021  14:47:38,089383;1,013845E+0;1,044459E+1;4,311971E-3;1,007513E+0;;
30/11/2021  14:47:38,089483;1,014745E+0;1,044459E+1;3,364175E-3;1,007622E+0;;
30/11/2021  14:47:38,089583;1,015234E+0;1,044459E+1;3,680107E-3;1,007742E+0;;
30/11/2021  14:47:38,089683;1,015291E+0;1,044459E+1;3,680107E-3;1,007873E+0;;
30/11/2021  14:47:38,089783;1,015937E+0;1,044459E+1;3,996039E-3;1,008016E+0;;
30/11/2021  14:47:38,089883;1,015103E+0;1,044459E+1;4,311971E-3;1,008168E+0;;
30/11/2021  14:47:38,089983;1,015249E+0;1,044459E+1;3,048243E-3;1,008330E+0;;
30/11/2021  14:47:38,090083;1,016238E+0;1,044459E+1;3,364175E-3;1,008501E+0;;
30/11/2021  14:47:38,090183;1,016509E+0;1,044459E+1;3,680107E-3;1,008681E+0;;
30/11/2021  14:47:38,090283;1,017475E+0;1,044459E+1;3,048243E-3;1,008868E+0;;
30/11/2021  14:47:38,090383;1,017812E+0;1,044459E+1;3,996039E-3;1,009063E+0;;
30/11/2021  14:47:38,090483;1,017594E+0;1,044459E+1;2,732311E-3;1,009264E+0;;
30/11/2021  14:47:38,090583;1,018062E+0;1,044459E+1;3,680107E-3;1,009473E+0;;
30/11/2021  14:47:38,090683;1,018262E+0;1,044459E+1;3,048243E-3;1,009688E+0;;
30/11/2021  14:47:38,090783;1,046953E+0;1,082581E-1;1,347919E-1;1,009909E+0;;
30/11/2021  14:47:38,090883;1,045618E+0;1,143111E-1;1,246821E-1;1,010141E+0;;
30/11/2021  14:47:38,090983;1,044310E+0;8,691320E-2;1,117289E-1;1,010387E+0;;
30/11/2021  14:47:38,091083;1,042864E+0;1,493549E-1;1,436380E-1;1,010651E+0;;
30/11/2021  14:47:38,091183;1,041919E+0;8,965980E-4;3,680107E-3;1,010939E+0;;
30/11/2021  14:47:38,091283;1,040158E+0;6,949618E-3;9,366883E-3;1,011251E+0;;
30/11/2021  14:47:38,091383;1,039574E+0;1,109116E-2;1,189434E-2;1,011590E+0;;
30/11/2021  14:47:38,091483;1,038433E+0;1,013542E-2;1,094654E-2;1,011957E+0;;
30/11/2021  14:47:38,091583;1,037822E+0;1,204690E-2;1,410586E-2;1,012352E+0;;
30/11/2021  14:47:38,091683;1,036728E+0;7,905358E-3;8,735019E-3;1,012774E+0;;
30/11/2021  14:47:38,091783;1,034817E+0;1,045400E-2;1,252620E-2;1,013224E+0;;
30/11/2021  14:47:38,091883;1,034078E+0;1,332122E-2;1,631739E-2;1,013700E+0;;
30/11/2021  14:47:38,091983;1,033122E+0;6,949618E-3;8,103155E-3;1,014201E+0;;
30/11/2021  14:47:38,092083;1,032245E+0;7,905358E-3;9,366883E-3;1,014723E+0;;
30/11/2021  14:47:38,092183;1,031485E+0;5,675298E-3;6,839427E-3;1,015266E+0;;
30/11/2021  14:47:38,092283;1,030806E+0;3,445238E-3;6,207563E-3;1,015826E+0;;
30/11/2021  14:47:38,092383;1,030538E+0;8,542518E-3;1,031468E-2;1,016401E+0;;
30/11/2021  14:47:38,092483;1,029349E+0;2,489498E-3;4,627903E-3;1,016989E+0;;
30/11/2021  14:47:38,092583;1,028758E+0;8,965980E-4;3,680107E-3;1,017586E+0;;
30/11/2021  14:47:38,092683;1,028875E+0;3,763818E-3;5,259767E-3;1,018190E+0;;
30/11/2021  14:47:38,092783;1,028407E+0;2,808078E-3;4,627903E-3;1,018798E+0;;
30/11/2021  14:47:38,092883;1,029343E+0;1,852338E-3;3,048243E-3;1,019407E+0;;
30/11/2021  14:47:38,092983;1,028943E+0;1,852338E-3;3,364175E-3;1,020016E+0;;
30/11/2021  14:47:38,093083;1,028392E+0;1,533758E-3;3,996039E-3;1,020621E+0;;
30/11/2021  14:47:38,093183;1,028127E+0;6,949618E-3;8,103155E-3;1,021221E+0;;
30/11/2021  14:47:38,093283;1,027221E+0;1,215178E-3;3,048243E-3;1,021814E+0;;
30/11/2021  14:47:38,093383;1,027712E+0;1,533758E-3;3,364175E-3;1,022397E+0;;
30/11/2021  14:47:38,093483;1,028234E+0;8,965980E-4;3,364175E-3;1,022968E+0;;
30/11/2021  14:47:38,093583;1,028925E+0;5,780180E-4;3,680107E-3;1,023527E+0;;
30/11/2021  14:47:38,093683;1,029280E+0;1,533758E-3;3,680107E-3;1,024071E+0;;
30/11/2021  14:47:38,093783;1,029134E+0;1,215178E-3;3,996039E-3;1,024599E+0;;
30/11/2021  14:47:38,093883;1,029524E+0;1,215178E-3;3,364175E-3;1,025111E+0;;
30/11/2021  14:47:38,093983;1,029405E+0;5,780180E-4;3,680107E-3;1,025606E+0;;
30/11/2021  14:47:38,094083;1,030681E+0;8,965980E-4;3,364175E-3;1,026083E+0;;
30/11/2021  14:47:38,094183;1,031968E+0;1,533758E-3;3,680107E-3;1,026541E+0;;
30/11/2021  14:47:38,094283;1,032728E+0;1,215178E-3;3,364175E-3;1,026981E+0;;
30/11/2021  14:47:38,094383;1,033786E+0;2,489498E-3;4,943835E-3;1,027403E+0;;
30/11/2021  14:47:38,094483;1,034901E+0;8,965980E-4;3,048243E-3;1,027807E+0;;
30/11/2021  14:47:38,094583;1,035503E+0;5,780180E-4;3,048243E-3;1,028193E+0;;
30/11/2021  14:47:38,094683;1,036072E+0;2,170918E-3;5,259767E-3;1,028564E+0;;
30/11/2021  14:47:38,094783;1,037589E+0;1,215178E-3;3,048243E-3;1,028919E+0;;
30/11/2021  14:47:38,094883;1,038811E+0;2,489498E-3;6,207563E-3;1,029260E+0;;
30/11/2021  14:47:38,094983;1,040227E+0;1,109116E-2;1,315807E-2;1,029588E+0;;
30/11/2021  14:47:38,095083;1,041502E+0;8,861098E-3;1,315807E-2;1,029904E+0;;
30/11/2021  14:47:38,095183;1,043132E+0;1,363980E-2;1,473773E-2;1,030210E+0;;
30/11/2021  14:47:38,095283;1,043851E+0;1,523270E-2;1,568552E-2;1,030509E+0;;
30/11/2021  14:47:38,095383;1,044921E+0;1,109116E-2;1,536959E-2;1,030800E+0;;
30/11/2021  14:47:38,095483;1,047168E+0;1,363980E-2;1,852891E-2;1,031088E+0;;
30/11/2021  14:47:38,095583;1,047889E+0;4,613496E-2;5,075397E-2;1,031372E+0;;
30/11/2021  14:47:38,095683;1,050059E+0;2,606442E-2;3,622110E-2;1,031656E+0;;
30/11/2021  14:47:38,095783;1,051483E+0;1,305587E-1;1,227865E-1;1,031942E+0;;
30/11/2021  14:47:38,095883;1,051656E+0;9,615202E-2;9,024547E-2;1,032231E+0;;
30/11/2021  14:47:38,095983;1,053271E+0;1,778134E-2;2,042450E-2;1,032525E+0;;
30/11/2021  14:47:38,096083;1,054437E+0;1,714418E-2;2,042450E-2;1,032827E+0;;
30/11/2021  14:47:38,096183;1,056201E+0;2,670158E-2;2,453162E-2;1,033138E+0;;
30/11/2021  14:47:38,096283;1,057784E+0;1,165411E-1;1,294210E-1;1,033460E+0;;
30/11/2021  14:47:38,096383;1,058797E+0;1,143111E-1;1,449017E-1;1,033795E+0;;
30/11/2021  14:47:38,096483;1,059891E+0;1,241871E-1;1,534319E-1;1,034144E+0;;
30/11/2021  14:47:38,096583;1,061119E+0;1,225942E-1;1,215227E-1;1,034510E+0;;
30/11/2021  14:47:38,096683;1,061953E+0;1,305587E-1;1,325804E-1;1,034893E+0;;
30/11/2021  14:47:38,096783;1,063798E+0;4,263058E-2;5,138584E-2;1,035295E+0;;
30/11/2021  14:47:38,096883;1,065553E+0;1,022050E-1;1,047783E-1;1,035718E+0;;
30/11/2021  14:47:38,096983;1,066868E+0;1,108067E-1;1,104651E-1;1,036162E+0;;
30/11/2021  14:47:38,097083;1,067642E+0;1,120810E-1;1,142563E-1;1,036629E+0;;
30/11/2021  14:47:38,097183;1,069049E+0;1,308772E-1;1,332122E-1;1,037119E+0;;
30/11/2021  14:47:38,097283;1,070250E+0;1,302401E-1;1,170997E-1;1,037634E+0;;
30/11/2021  14:47:38,097383;1,071269E+0;1,178155E-1;1,221546E-1;1,038175E+0;;
30/11/2021  14:47:38,097483;1,073004E+0;2,016020E-1;2,365220E-1;1,038742E+0;;
30/11/2021  14:47:38,097583;1,074154E+0;6,716124E-2;9,593225E-2;1,039335E+0;;
30/11/2021  14:47:38,097683;1,075934E+0;1,404346E-1;1,512204E-1;1,039956E+0;;
30/11/2021  14:47:38,097783;1,077290E+0;1,289658E-1;1,436380E-1;1,040605E+0;;
30/11/2021  14:47:38,097883;1,078375E+0;1,238685E-1;1,259458E-1;1,041281E+0;;
30/11/2021  14:47:38,097983;1,079090E+0;1,264171E-1;1,303688E-1;1,041985E+0;;
30/11/2021  14:47:38,098083;1,081179E+0;1,273729E-1;1,221546E-1;1,042718E+0;;
30/11/2021  14:47:38,098183;1,082982E+0;1,292843E-1;1,338441E-1;1,043480E+0;;
30/11/2021  14:47:38,098283;1,085107E+0;1,375674E-1;1,313166E-1;1,044270E+0;;
30/11/2021  14:47:38,098383;1,086326E+0;1,439390E-1;1,426902E-1;1,045088E+0;;
30/11/2021  14:47:38,098483;1,087992E+0;1,225942E-1;1,186794E-1;1,045935E+0;;
30/11/2021  14:47:38,098583;1,089509E+0;1,324701E-1;1,262617E-1;1,046812E+0;;
30/11/2021  14:47:38,098683;1,090835E+0;1,197269E-1;1,155200E-1;1,047716E+0;;
30/11/2021  14:47:38,098783;1,092537E+0;1,136739E-1;1,085695E-1;1,048650E+0;;
30/11/2021  14:47:38,098883;1,094286E+0;1,203641E-1;1,227865E-1;1,049612E+0;;
30/11/2021  14:47:38,098983;1,096197E+0;1,210013E-1;1,360556E-1;1,050602E+0;;
30/11/2021  14:47:38,099083;1,097690E+0;9,360338E-2;9,372073E-2;1,051620E+0;;
30/11/2021  14:47:38,099183;1,099120E+0;1,726112E-1;1,708081E-1;1,052667E+0;;
30/11/2021  14:47:38,099283;1,100122E+0;1,426647E-1;1,502726E-1;1,053741E+0;;
30/11/2021  14:47:38,099383;1,100974E+0;1,407532E-1;1,398468E-1;1,054842E+0;;
30/11/2021  14:47:38,099483;1,102202E+0;1,397975E-1;1,347919E-1;1,055970E+0;;
30/11/2021  14:47:38,099583;1,104416E+0;1,299215E-1;1,287892E-1;1,057123E+0;;
30/11/2021  14:47:38,099683;1,106413E+0;1,203641E-1;1,110970E-1;1,058302E+0;;
30/11/2021  14:47:38,099783;1,107611E+0;1,216384E-1;1,275255E-1;1,059506E+0;;
30/11/2021  14:47:38,099883;1,108189E+0;1,222756E-1;1,221546E-1;1,060733E+0;;
30/11/2021  14:47:38,099983;1,110022E+0;9,615202E-2;1,016190E-1;1,061984E+0;;
30/11/2021  14:47:38,100083;1,111155E+0;1,002936E-1;9,909157E-2;1,063257E+0;;
30/11/2021  14:47:38,100183;1,113012E+0;9,360338E-2;1,164678E-1;1,064551E+0;;
30/11/2021  14:47:38,100283;1,114135E+0;1,219570E-1;1,253139E-1;1,065866E+0;;
30/11/2021  14:47:38,100383;1,116388E+0;7,321426E-2;7,160549E-2;1,067201E+0;;
30/11/2021  14:47:38,100483;1,116749E+0;-2,012968E-2;3,780076E-2;1,068554E+0;;
30/11/2021  14:47:38,100583;1,118343E+0;8,723178E-2;8,992954E-2;1,069925E+0;;
30/11/2021  14:47:38,100683;1,118942E+0;1,187712E-1;1,287892E-1;1,071313E+0;;
30/11/2021  14:47:38,100783;1,119565E+0;8,723178E-2;9,877564E-2;1,072716E+0;;
30/11/2021  14:47:38,100883;1,121169E+0;9,519628E-2;9,940750E-2;1,074134E+0;;
30/11/2021  14:47:38,100983;1,122703E+0;8,500172E-2;9,624818E-2;1,075566E+0;;
30/11/2021  14:47:38,101083;1,123663E+0;8,755036E-2;1,009872E-1;1,077009E+0;;
30/11/2021  14:47:38,101183;1,124361E+0;1,165411E-1;1,407946E-1;1,078463E+0;;
30/11/2021  14:47:38,101283;1,124420E+0;1,136739E-1;1,259458E-1;1,079926E+0;;
30/11/2021  14:47:38,101383;1,124581E+0;9,870066E-2;1,057261E-1;1,081398E+0;;
30/11/2021  14:47:38,101483;1,125380E+0;9,296622E-2;8,929768E-2;1,082876E+0;;
30/11/2021  14:47:38,101583;1,126196E+0;1,308772E-1;1,237343E-1;1,084359E+0;;
30/11/2021  14:47:38,101683;1,127514E+0;1,337445E-1;9,877564E-2;1,085844E+0;;
30/11/2021  14:47:38,101783;1,127719E+0;1,477620E-1;1,041465E-1;1,087331E+0;;
30/11/2021  14:47:38,101883;1,128128E+0;1,554079E-1;1,423743E-1;1,088818E+0;;
30/11/2021  14:47:38,101983;1,128405E+0;4,517922E-2;3,337771E-2;1,090302E+0;;
30/11/2021  14:47:38,102083;1,128286E+0;7,353284E-2;9,150920E-2;1,091783E+0;;
30/11/2021  14:47:38,102183;1,128643E+0;7,066562E-2;7,223735E-2;1,093258E+0;;
30/11/2021  14:47:38,102283;1,129677E+0;2,256004E-2;2,579535E-2;1,094726E+0;;
30/11/2021  14:47:38,102383;1,130443E+0;1,229127E-1;1,158360E-1;1,096184E+0;;
30/11/2021  14:47:38,102483;1,130288E+0;1,350188E-1;1,392149E-1;1,097632E+0;;
30/11/2021  14:47:38,102583;1,129999E+0;1,404346E-1;1,505885E-1;1,099067E+0;;
30/11/2021  14:47:38,102683;1,130127E+0;9,455912E-2;9,877564E-2;1,100487E+0;;
30/11/2021  14:47:38,102783;1,130151E+0;1,767528E-1;1,648054E-1;1,101891E+0;;
30/11/2021  14:47:38,102883;1,130846E+0;8,818752E-2;7,760819E-2;1,103278E+0;;
30/11/2021  14:47:38,102983;1,131290E+0;8,850610E-2;8,898175E-2;1,104644E+0;;
30/11/2021  14:47:38,103083;1,131808E+0;1,184526E-1;1,180475E-1;1,105990E+0;;
30/11/2021  14:47:38,103183;1,131877E+0;1,203641E-1;1,019350E-1;1,107313E+0;;
30/11/2021  14:47:38,103283;1,131510E+0;1,318330E-1;1,461654E-1;1,108613E+0;;
30/11/2021  14:47:38,103383;1,131624E+0;9,806350E-2;9,119327E-2;1,109887E+0;;
30/11/2021  14:47:38,103483;1,131561E+0;1,534964E-1;1,682807E-1;1,111136E+0;;
30/11/2021  14:47:38,103583;1,132318E+0;1,229127E-1;1,152041E-1;1,112356E+0;;
30/11/2021  14:47:38,103683;1,132386E+0;1,292843E-1;1,471132E-1;1,113548E+0;;
30/11/2021  14:47:38,103783;1,132801E+0;1,095324E-1;1,000394E-1;1,114710E+0;;
30/11/2021  14:47:38,103883;1,132449E+0;1,299215E-1;1,439539E-1;1,115842E+0;;
30/11/2021  14:47:38,103983;1,131832E+0;1,554079E-1;1,806020E-1;1,116943E+0;;
30/11/2021  14:47:38,104083;1,131385E+0;1,458505E-1;1,490088E-1;1,118011E+0;;
30/11/2021  14:47:38,104183;1,131674E+0;1,280100E-1;1,291051E-1;1,119047E+0;;
30/11/2021  14:47:38,104283;1,131942E+0;1,267357E-1;1,234183E-1;1,120049E+0;;
30/11/2021  14:47:38,104383;1,131874E+0;1,327887E-1;1,170997E-1;1,121017E+0;;
30/11/2021  14:47:38,104483;1,131585E+0;1,184526E-1;1,155200E-1;1,121950E+0;;
30/11/2021  14:47:38,104583;1,130929E+0;6,939130E-2;9,719598E-2;1,122848E+0;;
30/11/2021  14:47:38,104683;1,130902E+0;1,937424E-2;7,697633E-2;1,123711E+0;;
30/11/2021  14:47:38,104783;1,130110E+0;1,013542E-2;4,633093E-2;1,124537E+0;;
30/11/2021  14:47:38,104883;1,130375E+0;8,978042E-2;1,060421E-1;1,125327E+0;;
30/11/2021  14:47:38,104983;1,130273E+0;2,256004E-2;9,245700E-2;1,126080E+0;;
30/11/2021  14:47:38,105083;1,129892E+0;1,324701E-1;1,275255E-1;1,126796E+0;;
30/11/2021  14:47:38,105183;1,128709E+0;9,424054E-2;8,992954E-2;1,127476E+0;;
30/11/2021  14:47:38,105283;1,128324E+0;1,063466E-1;1,145722E-1;1,128118E+0;;
30/11/2021  14:47:38,105383;1,127526E+0;9,615202E-2;9,624818E-2;1,128722E+0;;
30/11/2021  14:47:38,105483;1,127064E+0;1,251428E-1;1,328963E-1;1,129290E+0;;
30/11/2021  14:47:38,105583;1,126894E+0;1,283286E-1;1,316326E-1;1,129819E+0;;
30/11/2021  14:47:38,105683;1,126503E+0;1,232313E-1;1,218387E-1;1,130310E+0;;
30/11/2021  14:47:38,105783;1,126149E+0;1,318330E-1;1,319485E-1;1,130764E+0;;
30/11/2021  14:47:38,105883;1,125100E+0;1,324701E-1;1,262617E-1;1,131180E+0;;
30/11/2021  14:47:38,105983;1,124551E+0;1,114439E-1;1,006712E-1;1,131559E+0;;
30/11/2021  14:47:38,106083;1,123142E+0;1,273729E-1;1,145722E-1;1,131900E+0;;
30/11/2021  14:47:38,106183;1,122391E+0;8,245308E-2;1,107811E-1;1,132204E+0;;
30/11/2021  14:47:38,106283;1,122096E+0;1,283286E-1;1,262617E-1;1,132470E+0;;
30/11/2021  14:47:38,106383;1,121574E+0;1,305587E-1;1,351078E-1;1,132699E+0;;
30/11/2021  14:47:38,106483;1,120912E+0;9,965640E-2;6,528685E-2;1,132891E+0;;
30/11/2021  14:47:38,106583;1,119023E+0;1,245056E-1;1,069899E-1;1,133046E+0;;
30/11/2021  14:47:38,106683;1,117640E+0;1,037979E-1;1,145722E-1;1,133164E+0;;
30/11/2021  14:47:38,106783;1,117002E+0;2,192288E-2;1,095173E-1;1,133245E+0;;
30/11/2021  14:47:38,106883;1,115792E+0;1,296029E-1;1,325804E-1;1,133290E+0;;
30/11/2021  14:47:38,106983;1,115309E+0;2,594380E-4;9,024547E-2;1,133298E+0;;
30/11/2021  14:47:38,107083;1,114418E+0;1,251428E-1;1,253139E-1;1,133270E+0;;
30/11/2021  14:47:38,107183;1,113468E+0;1,305587E-1;1,354238E-1;1,133206E+0;;
30/11/2021  14:47:38,107283;1,112097E+0;1,318330E-1;1,272095E-1;1,133106E+0;;
30/11/2021  14:47:38,107383;1,111173E+0;1,350188E-1;1,297370E-1;1,132969E+0;;
30/11/2021  14:47:38,107483;1,110198E+0;5,346230E-2;6,149566E-2;1,132798E+0;;
30/11/2021  14:47:38,107583;1,108774E+0;1,343816E-1;1,328963E-1;1,132591E+0;;
30/11/2021  14:47:38,107683;1,109048E+0;1,283286E-1;1,158360E-1;1,132349E+0;;
30/11/2021  14:47:38,107783;1,107474E+0;1,235499E-1;1,306848E-1;1,132073E+0;;
30/11/2021  14:47:38,107883;1,106667E+0;1,187712E-1;1,098333E-1;1,131763E+0;;
30/11/2021  14:47:38,107983;1,104664E+0;1,178155E-1;9,877564E-2;1,131419E+0;;
30/11/2021  14:47:38,108083;1,103039E+0;1,353374E-1;1,512204E-1;1,131042E+0;;
30/11/2021  14:47:38,108183;1,102002E+0;1,334259E-1;1,310007E-1;1,130633E+0;;
30/11/2021  14:47:38,108283;1,101338E+0;1,238685E-1;1,262617E-1;1,130191E+0;;
30/11/2021  14:47:38,108383;1,100378E+0;1,640096E-1;1,575390E-1;1,129717E+0;;
30/11/2021  14:47:38,108483;1,099803E+0;1,203641E-1;1,126766E-1;1,129212E+0;;
30/11/2021  14:47:38,108583;1,098685E+0;1,554079E-1;1,758630E-1;1,128676E+0;;
30/11/2021  14:47:38,108683;1,097130E+0;1,299215E-1;1,281573E-1;1,128110E+0;;
30/11/2021  14:47:38,108783;1,095887E+0;1,337445E-1;1,319485E-1;1,127514E+0;;
30/11/2021  14:47:38,108883;1,094713E+0;1,200455E-1;1,272095E-1;1,126889E+0;;
30/11/2021  14:47:38,108983;1,094236E+0;1,101695E-1;1,148882E-1;1,126236E+0;;
30/11/2021  14:47:38,109083;1,093899E+0;1,302401E-1;1,313166E-1;1,125556E+0;;
30/11/2021  14:47:38,109183;1,092656E+0;1,356559E-1;1,284732E-1;1,124849E+0;;
30/11/2021  14:47:38,109283;1,091109E+0;1,315144E-1;1,237343E-1;1,124116E+0;;
30/11/2021  14:47:38,109383;1,089592E+0;1,219570E-1;1,006712E-1;1,123358E+0;;
30/11/2021  14:47:38,109483;1,089038E+0;9,169190E-2;1,167838E-1;1,122576E+0;;
30/11/2021  14:47:38,109583;1,087363E+0;1,640096E-1;1,777586E-1;1,121770E+0;;
30/11/2021  14:47:38,109683;1,086725E+0;1,155854E-1;1,272095E-1;1,120943E+0;;
30/11/2021  14:47:38,109783;1,086201E+0;1,436204E-1;1,806020E-1;1,120093E+0;;
30/11/2021  14:47:38,109883;1,084979E+0;6,047106E-2;1,003553E-1;1,119223E+0;;
30/11/2021  14:47:38,109983;1,084001E+0;1,203641E-1;1,265777E-1;1,118333E+0;;
30/11/2021  14:47:38,110083;1,082934E+0;1,165411E-1;1,256299E-1;1,117424E+0;;
30/11/2021  14:47:38,110183;1,081391E+0;1,197269E-1;1,426902E-1;1,116498E+0;;
30/11/2021  14:47:38,110283;1,081417E+0;1,241871E-1;1,370034E-1;1,115554E+0;;
30/11/2021  14:47:38,110383;1,080938E+0;1,248242E-1;1,243661E-1;1,114594E+0;;
30/11/2021  14:47:38,110483;1,080204E+0;8,627604E-2;1,240502E-1;1,113619E+0;;
30/11/2021  14:47:38,110583;1,078383E+0;1,123996E-1;1,212068E-1;1,112631E+0;;
30/11/2021  14:47:38,110683;1,077099E+0;1,114439E-1;1,218387E-1;1,111629E+0;;
30/11/2021  14:47:38,110783;1,076163E+0;1,076209E-1;1,019350E-1;1,110616E+0;;
30/11/2021  14:47:38,110883;1,075078E+0;1,187712E-1;1,430061E-1;1,109592E+0;;
30/11/2021  14:47:38,110983;1,074476E+0;1,101695E-1;1,145722E-1;1,108558E+0;;
30/11/2021  14:47:38,111083;1,074387E+0;1,184526E-1;1,556434E-1;1,107515E+0;;
30/11/2021  14:47:38,111183;1,073514E+0;1,178155E-1;1,455336E-1;1,106463E+0;;
30/11/2021  14:47:38,111283;1,071743E+0;1,429833E-1;2,061925E-1;1,105405E+0;;
30/11/2021  14:47:38,111383;1,071562E+0;1,595494E-1;1,745993E-1;1,104340E+0;;
30/11/2021  14:47:38,111483;1,070358E+0;5,356718E-3;7,787223E-3;1,103269E+0;;
30/11/2021  14:47:38,111583;1,069395E+0;1,077258E-2;1,284213E-2;1,102195E+0;;
30/11/2021  14:47:38,111683;1,069475E+0;1,140974E-2;1,284213E-2;1,101116E+0;;
30/11/2021  14:47:38,111783;1,068909E+0;1,077258E-2;1,063061E-2;1,100036E+0;;
30/11/2021  14:47:38,111883;1,067625E+0;8,542518E-3;9,682815E-3;1,098953E+0;;
30/11/2021  14:47:38,111983;1,067243E+0;5,993878E-3;8,103155E-3;1,097870E+0;;
30/11/2021  14:47:38,112083;1,066087E+0;8,861098E-3;1,094654E-2;1,096787E+0;;
30/11/2021  14:47:38,112183;1,065211E+0;1,215178E-3;3,680107E-3;1,095705E+0;;
30/11/2021  14:47:38,112283;1,064457E+0;2,808078E-3;5,259767E-3;1,094625E+0;;
30/11/2021  14:47:38,112383;1,064459E+0;5,780180E-4;3,048243E-3;1,093547E+0;;
30/11/2021  14:47:38,112483;1,063953E+0;4,082398E-3;5,575699E-3;1,092473E+0;;
30/11/2021  14:47:38,112583;1,063103E+0;2,489498E-3;4,311971E-3;1,091403E+0;;
30/11/2021  14:47:38,112683;1,061521E+0;2,489498E-3;4,311971E-3;1,090338E+0;;
30/11/2021  14:47:38,112783;1,060949E+0;1,852338E-3;3,996039E-3;1,089278E+0;;
30/11/2021  14:47:38,112883;1,060162E+0;1,852338E-3;3,680107E-3;1,088225E+0;;
30/11/2021  14:47:38,112983;1,060081E+0;2,808078E-3;5,891631E-3;1,087178E+0;;
30/11/2021  14:47:38,113083;1,059876E+0;8,223938E-3;1,031468E-2;1,086139E+0;;
30/11/2021  14:47:38,113183;1,059757E+0;4,400978E-3;6,523495E-3;1,085108E+0;;
30/11/2021  14:47:38,113283;1,058809E+0;3,445238E-3;5,891631E-3;1,084085E+0;;
30/11/2021  14:47:38,113383;1,057986E+0;1,215178E-3;3,364175E-3;1,083072E+0;;
30/11/2021  14:47:38,113483;1,057018E+0;8,965980E-4;3,048243E-3;1,082068E+0;;
30/11/2021  14:47:38,113583;1,056159E+0;8,965980E-4;3,364175E-3;1,081075E+0;;
30/11/2021  14:47:38,113683;1,056869E+0;1,533758E-3;3,680107E-3;1,080092E+0;;
30/11/2021  14:47:38,113783;1,056377E+0;1,215178E-3;3,996039E-3;1,079120E+0;;
30/11/2021  14:47:38,113883;1,055575E+0;1,215178E-3;3,048243E-3;1,078160E+0;;
30/11/2021  14:47:38,113983;1,055510E+0;1,215178E-3;3,680107E-3;1,077212E+0;;
30/11/2021  14:47:38,114083;1,054449E+0;8,965980E-4;3,048243E-3;1,076276E+0;;
30/11/2021  14:47:38,114183;1,053739E+0;8,965980E-4;3,680107E-3;1,075353E+0;;
30/11/2021  14:47:38,114283;1,052953E+0;1,533758E-3;3,680107E-3;1,074444E+0;;
30/11/2021  14:47:38,114383;1,052252E+0;5,780180E-4;3,364175E-3;1,073547E+0;;
30/11/2021  14:47:38,114483;1,052240E+0;5,780180E-4;3,364175E-3;1,072664E+0;;
30/11/2021  14:47:38,114583;1,051412E+0;5,780180E-4;3,996039E-3;1,071795E+0;;
30/11/2021  14:47:38,114683;1,050640E+0;8,965980E-4;3,996039E-3;1,070939E+0;;
30/11/2021  14:47:38,114783;1,049802E+0;1,215178E-3;3,680107E-3;1,070097E+0;;
30/11/2021  14:47:38,114883;1,048899E+0;5,675298E-3;8,103155E-3;1,069268E+0;;
30/11/2021  14:47:38,114983;1,048169E+0;5,993878E-3;9,682815E-3;1,068453E+0;;
30/11/2021  14:47:38,115083;1,047618E+0;1,523270E-2;1,758111E-2;1,067650E+0;;
30/11/2021  14:47:38,115183;1,047233E+0;1,555128E-2;1,821298E-2;1,066861E+0;;
30/11/2021  14:47:38,115283;1,046479E+0;1,618844E-2;1,789705E-2;1,066084E+0;;
30/11/2021  14:47:38,115383;1,045696E+0;1,459554E-2;1,726518E-2;1,065319E+0;;
30/11/2021  14:47:38,115483;1,044724E+0;1,140974E-2;1,694925E-2;1,064566E+0;;
30/11/2021  14:47:38,115583;1,044596E+0;1,682560E-2;1,884484E-2;1,063824E+0;;
30/11/2021  14:47:38,115683;1,044629E+0;1,491412E-2;1,758111E-2;1,063094E+0;;
30/11/2021  14:47:38,115783;1,044110E+0;2,064856E-2;3,148212E-2;1,062374E+0;;
30/11/2021  14:47:38,115883;1,044164E+0;1,905566E-2;1,979264E-2;1,061665E+0;;
30/11/2021  14:47:38,115983;1,043493E+0;1,746276E-2;2,168823E-2;1,060967E+0;;
30/11/2021  14:47:38,116083;1,042769E+0;1,385232E-1;1,398468E-1;1,060278E+0;;
30/11/2021  14:47:38,116183;1,042399E+0;8,277166E-2;9,403666E-2;1,059600E+0;;
30/11/2021  14:47:38,116283;1,042614E+0;1,809992E-2;1,947671E-2;1,058931E+0;;
30/11/2021  14:47:38,116383;1,042131E+0;4,963934E-2;5,328143E-2;1,058273E+0;;
30/11/2021  14:47:38,116483;1,041452E+0;1,022050E-1;9,624818E-2;1,057624E+0;;
30/11/2021  14:47:38,116583;1,041425E+0;1,190898E-1;1,189953E-1;1,056985E+0;;
30/11/2021  14:47:38,116683;1,041285E+0;1,127182E-1;9,182514E-2;1,056355E+0;;
30/11/2021  14:47:38,116783;1,041338E+0;9,137332E-2;6,813023E-2;1,055735E+0;;
30/11/2021  14:47:38,116883;1,040391E+0;1,703812E-1;2,775932E-1;1,055124E+0;;
30/11/2021  14:47:38,116983;1,040665E+0;1,012493E-1;1,120448E-1;1,054523E+0;;
30/11/2021  14:47:38,117083;1,040334E+0;4,963934E-2;7,918786E-2;1,053932E+0;;
30/11/2021  14:47:38,117183;1,040361E+0;1,340630E-1;1,360556E-1;1,053350E+0;;
30/11/2021  14:47:38,117283;1,040367E+0;8,946184E-2;7,981972E-2;1,052777E+0;;
30/11/2021  14:47:38,117383;1,039562E+0;1,640096E-1;1,682807E-1;1,052215E+0;;
30/11/2021  14:47:38,117483;1,039479E+0;1,286472E-1;1,240502E-1;1,051663E+0;;
30/11/2021  14:47:38,117583;1,039374E+0;1,334259E-1;1,347919E-1;1,051120E+0;;
30/11/2021  14:47:38,117683;1,039345E+0;1,219570E-1;1,294210E-1;1,050588E+0;;
30/11/2021  14:47:38,117783;1,040042E+0;1,276914E-1;1,294210E-1;1,050065E+0;;
30/11/2021  14:47:38,117883;1,039684E+0;1,391603E-1;1,370034E-1;1,049553E+0;;
30/11/2021  14:47:38,117983;1,039815E+0;9,105474E-2;1,092014E-1;1,049052E+0;;
30/11/2021  14:47:38,118083;1,039395E+0;1,079395E-1;1,085695E-1;1,048561E+0;;
30/11/2021  14:47:38,118183;1,039133E+0;1,203641E-1;1,265777E-1;1,048082E+0;;
30/11/2021  14:47:38,118283;1,039026E+0;1,544522E-1;1,606983E-1;1,047613E+0;;
30/11/2021  14:47:38,118383;1,039735E+0;1,302401E-1;1,246821E-1;1,047156E+0;;
30/11/2021  14:47:38,118483;1,040307E+0;1,378860E-1;1,398468E-1;1,046710E+0;;
30/11/2021  14:47:38,118583;1,041008E+0;1,420275E-1;1,310007E-1;1,046277E+0;;
30/11/2021  14:47:38,118683;1,041157E+0;1,280100E-1;1,202590E-1;1,045855E+0;;
30/11/2021  14:47:38,118783;1,040552E+0;4,836502E-2;9,656411E-2;1,045447E+0;;
30/11/2021  14:47:38,118883;1,040569E+0;1,219570E-1;1,237343E-1;1,045051E+0;;
30/11/2021  14:47:38,118983;1,041955E+0;1,257800E-1;1,234183E-1;1,044669E+0;;
30/11/2021  14:47:38,119083;1,042629E+0;1,248242E-1;1,281573E-1;1,044301E+0;;
30/11/2021  14:47:38,119183;1,042551E+0;1,254614E-1;1,249980E-1;1,043948E+0;;
30/11/2021  14:47:38,119283;1,042918E+0;1,404346E-1;1,439539E-1;1,043609E+0;;
30/11/2021  14:47:38,119383;1,043213E+0;1,452133E-1;1,231024E-1;1,043286E+0;;
30/11/2021  14:47:38,119483;1,043794E+0;1,267357E-1;1,152041E-1;1,042979E+0;;
30/11/2021  14:47:38,119583;1,043794E+0;7,066562E-2;1,316326E-1;1,042688E+0;;
30/11/2021  14:47:38,119683;1,044167E+0;1,353374E-1;1,379512E-1;1,042415E+0;;
30/11/2021  14:47:38,119783;1,045293E+0;1,210013E-1;1,164678E-1;1,042158E+0;;
30/11/2021  14:47:38,119883;1,045812E+0;1,146297E-1;1,145722E-1;1,041920E+0;;
30/11/2021  14:47:38,119983;1,045499E+0;1,047537E-1;8,961361E-2;1,041699E+0;;
30/11/2021  14:47:38,120083;1,045809E+0;6,875414E-2;6,086380E-2;1,041497E+0;;
30/11/2021  14:47:38,120183;1,046658E+0;1,219570E-1;1,351078E-1;1,041314E+0;;
30/11/2021  14:47:38,120283;1,046396E+0;9,137332E-2;1,047783E-1;1,041150E+0;;
30/11/2021  14:47:38,120383;1,047204E+0;1,022050E-1;1,047783E-1;1,041006E+0;;
30/11/2021  14:47:38,120483;1,047823E+0;2,415294E-2;1,253139E-1;1,040880E+0;;
30/11/2021  14:47:38,120583;1,048867E+0;2,383436E-2;4,854245E-2;1,040775E+0;;
30/11/2021  14:47:38,120683;1,049558E+0;1,076209E-1;1,531159E-1;1,040689E+0;;
30/11/2021  14:47:38,120783;1,049787E+0;9,455912E-2;1,066739E-1;1,040623E+0;;
30/11/2021  14:47:38,120883;1,050205E+0;1,009307E-1;1,013031E-1;1,040578E+0;;
30/11/2021  14:47:38,120983;1,050795E+0;7,193994E-2;8,108345E-2;1,040553E+0;;
30/11/2021  14:47:38,121083;1,052243E+0;8,755036E-2;9,909157E-2;1,040548E+0;;
30/11/2021  14:47:38,121183;1,053024E+0;8,086018E-2;1,041465E-1;1,040565E+0;;
30/11/2021  14:47:38,121283;1,054222E+0;9,424054E-2;9,372073E-2;1,040602E+0;;
30/11/2021  14:47:38,121383;1,054943E+0;1,025236E-1;1,142563E-1;1,040661E+0;;
30/11/2021  14:47:38,121483;1,056594E+0;-1,216518E-2;-1,811920E-2;1,040741E+0;;
30/11/2021  14:47:38,121583;1,057021E+0;1,401161E-1;1,518522E-1;1,040843E+0;;
30/11/2021  14:47:38,121683;1,059187E+0;8,818752E-2;7,855599E-2;1,040967E+0;;
30/11/2021  14:47:38,121783;1,060481E+0;1,143111E-1;8,487463E-2;1,041114E+0;;
30/11/2021  14:47:38,121883;1,062630E+0;1,318330E-1;1,117289E-1;1,041285E+0;;
30/11/2021  14:47:38,121983;1,063753E+0;1,671954E-1;1,629098E-1;1,041479E+0;;
30/11/2021  14:47:38,122083;1,064758E+0;1,382046E-1;1,243661E-1;1,041699E+0;;
30/11/2021  14:47:38,122183;1,065988E+0;1,448948E-1;1,407946E-1;1,041944E+0;;
30/11/2021  14:47:38,122283;1,067932E+0;1,471248E-1;1,322644E-1;1,042216E+0;;
30/11/2021  14:47:38,122383;1,069279E+0;1,270543E-1;1,177316E-1;1,042514E+0;;
30/11/2021  14:47:38,122483;1,071541E+0;6,556834E-2;6,528685E-2;1,042840E+0;;
30/11/2021  14:47:38,122583;1,073454E+0;1,203641E-1;1,306848E-1;1,043195E+0;;
30/11/2021  14:47:38,122683;1,075430E+0;1,260985E-1;1,208909E-1;1,043578E+0;;
30/11/2021  14:47:38,122783;1,076193E+0;1,149482E-1;1,057261E-1;1,043993E+0;;
30/11/2021  14:47:38,122883;1,077519E+0;1,241871E-1;1,243661E-1;1,044438E+0;;
30/11/2021  14:47:38,122983;1,079143E+0;1,426647E-1;1,562753E-1;1,044915E+0;;
30/11/2021  14:47:38,123083;1,081632E+0;1,286472E-1;1,133085E-1;1,045424E+0;;
30/11/2021  14:47:38,123183;1,083215E+0;1,076209E-1;1,313166E-1;1,045966E+0;;
30/11/2021  14:47:38,123283;1,084809E+0;1,203641E-1;1,363715E-1;1,046542E+0;;
30/11/2021  14:47:38,123383;1,086445E+0;1,538150E-1;1,629098E-1;1,047152E+0;;
30/11/2021  14:47:38,123483;1,088072E+0;1,586986E-2;2,010857E-2;1,047796E+0;;
30/11/2021  14:47:38,123583;1,090048E+0;1,270543E-1;1,300529E-1;1,048476E+0;;
30/11/2021  14:47:38,123683;1,091768E+0;1,206827E-1;1,205749E-1;1,049191E+0;;
30/11/2021  14:47:38,123783;1,093523E+0;1,327887E-1;1,281573E-1;1,049941E+0;;
30/11/2021  14:47:38,123883;1,095860E+0;1,276914E-1;1,085695E-1;1,050728E+0;;
30/11/2021  14:47:38,123983;1,097982E+0;1,149482E-1;1,202590E-1;1,051551E+0;;
30/11/2021  14:47:38,124083;1,098965E+0;1,257800E-1;1,303688E-1;1,052410E+0;;
30/11/2021  14:47:38,124183;1,100995E+0;1,251428E-1;1,148882E-1;1,053306E+0;;
30/11/2021  14:47:38,124283;1,102610E+0;8,914326E-2;1,016190E-1;1,054239E+0;;
30/11/2021  14:47:38,124383;1,104720E+0;5,282514E-2;7,097362E-2;1,055208E+0;;
30/11/2021  14:47:38,124483;1,106759E+0;1,213198E-1;1,152041E-1;1,056214E+0;;
30/11/2021  14:47:38,124583;1,108347E+0;1,538150E-1;1,458495E-1;1,057256E+0;;
30/11/2021  14:47:38,124683;1,109638E+0;1,165411E-1;9,845971E-2;1,058335E+0;;
30/11/2021  14:47:38,124783;1,110818E+0;1,162226E-1;1,167838E-1;1,059449E+0;;
30/11/2021  14:47:38,124883;1,112603E+0;1,311958E-1;1,284732E-1;1,060599E+0;;
30/11/2021  14:47:38,124983;1,113202E+0;1,245056E-1;1,272095E-1;1,061783E+0;;
30/11/2021  14:47:38,125083;1,115524E+0;1,203641E-1;1,186794E-1;1,063001E+0;;
30/11/2021  14:47:38,125183;1,116734E+0;1,305587E-1;1,325804E-1;1,064253E+0;;
30/11/2021  14:47:38,125283;1,117470E+0;1,433019E-1;1,414265E-1;1,065536E+0;;
30/11/2021  14:47:38,125383;1,118626E+0;2,098851E-1;1,976624E-1;1,066850E+0;;
30/11/2021  14:47:38,125483;1,119199E+0;9,838208E-2;1,117289E-1;1,068193E+0;;
30/11/2021  14:47:38,125583;1,119798E+0;1,111253E-1;1,047783E-1;1,069565E+0;;
30/11/2021  14:47:38,125683;1,120576E+0;8,213450E-2;8,234717E-2;1,070963E+0;;
30/11/2021  14:47:38,125783;1,122194E+0;1,254614E-1;1,212068E-1;1,072385E+0;;
30/11/2021  14:47:38,125883;1,122349E+0;1,229127E-1;1,259458E-1;1,073830E+0;;
30/11/2021  14:47:38,125983;1,123356E+0;1,257800E-1;1,006712E-1;1,075296E+0;;
30/11/2021  14:47:38,126083;1,123684E+0;1,353374E-1;1,439539E-1;1,076781E+0;;
30/11/2021  14:47:38,126183;1,124140E+0;1,318330E-1;1,411105E-1;1,078282E+0;;
30/11/2021  14:47:38,126283;1,124733E+0;1,123996E-1;1,054102E-1;1,079797E+0;;
30/11/2021  14:47:38,126383;1,125889E+0;1,331073E-1;1,325804E-1;1,081324E+0;;
30/11/2021  14:47:38,126483;1,126772E+0;1,458505E-1;1,401627E-1;1,082861E+0;;
30/11/2021  14:47:38,126583;1,127096E+0;-3,733300E-2;7,128955E-2;1,084405E+0;;
30/11/2021  14:47:38,126683;1,128596E+0;9,710776E-2;1,569071E-1;1,085955E+0;;
30/11/2021  14:47:38,126783;1,128885E+0;1,834429E-1;1,663851E-1;1,087507E+0;;
30/11/2021  14:47:38,126883;1,128882E+0;1,372488E-1;1,370034E-1;1,089060E+0;;
30/11/2021  14:47:38,126983;1,129725E+0;1,178155E-1;1,038306E-1;1,090612E+0;;
30/11/2021  14:47:38,127083;1,130381E+0;8,149734E-2;8,645429E-2;1,092161E+0;;
30/11/2021  14:47:38,127183;1,131573E+0;1,292843E-1;1,316326E-1;1,093704E+0;;
30/11/2021  14:47:38,127283;1,132103E+0;1,283286E-1;1,272095E-1;1,095240E+0;;
30/11/2021  14:47:38,127383;1,132866E+0;1,162226E-1;8,740209E-2;1,096766E+0;;
30/11/2021  14:47:38,127483;1,133766E+0;1,570008E-1;1,821817E-1;1,098282E+0;;
30/11/2021  14:47:38,127583;1,133820E+0;2,124337E-1;2,949694E-1;1,099785E+0;;
30/11/2021  14:47:38,127683;1,134136E+0;1,343816E-1;1,351078E-1;1,101273E+0;;
30/11/2021  14:47:38,127783;1,134702E+0;1,155854E-1;1,221546E-1;1,102746E+0;;
30/11/2021  14:47:38,127883;1,135972E+0;1,605052E-1;1,708081E-1;1,104202E+0;;
30/11/2021  14:47:38,127983;1,137063E+0;1,417090E-1;1,398468E-1;1,105640E+0;;
30/11/2021  14:47:38,128083;1,136598E+0;1,337445E-1;1,588027E-1;1,107057E+0;;
30/11/2021  14:47:38,128183;1,137486E+0;1,245056E-1;1,300529E-1;1,108454E+0;;
30/11/2021  14:47:38,128283;1,137536E+0;2,376015E-1;2,210413E-1;1,109829E+0;;
30/11/2021  14:47:38,128383;1,137274E+0;1,362931E-1;1,287892E-1;1,111181E+0;;
30/11/2021  14:47:38,128483;1,138586E+0;1,194084E-1;1,193112E-1;1,112510E+0;;
30/11/2021  14:47:38,128583;1,138499E+0;1,276914E-1;1,117289E-1;1,113813E+0;;
30/11/2021  14:47:38,128683;1,139104E+0;1,210013E-1;1,231024E-1;1,115091E+0;;
30/11/2021  14:47:38,128783;1,139545E+0;7,735580E-2;9,624818E-2;1,116342E+0;;
30/11/2021  14:47:38,128883;1,138851E+0;-6,536804E-2;3,527331E-2;1,117566E+0;;
30/11/2021  14:47:38,128983;1,138663E+0;-1,208010E-1;8,367190E-4;1,118763E+0;;
30/11/2021  14:47:38,129083;1,139393E+0;1,337445E-1;1,335282E-1;1,119930E+0;;
30/11/2021  14:47:38,129183;1,140108E+0;1,347002E-1;1,335282E-1;1,121069E+0;;
30/11/2021  14:47:38,129283;1,139775E+0;1,146297E-1;1,152041E-1;1,122177E+0;;
30/11/2021  14:47:38,129383;1,139778E+0;1,382046E-1;1,249980E-1;1,123256E+0;;
30/11/2021  14:47:38,129483;1,139673E+0;1,372488E-1;1,426902E-1;1,124303E+0;;
30/11/2021  14:47:38,129583;1,138824E+0;1,614609E-1;1,606983E-1;1,125320E+0;;
30/11/2021  14:47:38,129683;1,138788E+0;1,382046E-1;1,442698E-1;1,126305E+0;;
30/11/2021  14:47:38,129783;1,138109E+0;1,401161E-1;1,411105E-1;1,127258E+0;;
30/11/2021  14:47:38,129883;1,138609E+0;1,347002E-1;1,325804E-1;1,128178E+0;;
30/11/2021  14:47:38,129983;1,138726E+0;1,162226E-1;1,240502E-1;1,129064E+0;;
30/11/2021  14:47:38,130083;1,138338E+0;1,190898E-1;1,202590E-1;1,129918E+0;;
30/11/2021  14:47:38,130183;1,137384E+0;9,933782E-2;7,918786E-2;1,130737E+0;;
30/11/2021  14:47:38,130283;1,137384E+0;8,468314E-2;9,087734E-2;1,131523E+0;;
30/11/2021  14:47:38,130383;1,135987E+0;1,276914E-1;1,474292E-1;1,132274E+0;;
30/11/2021  14:47:38,130483;1,135975E+0;1,190898E-1;1,215227E-1;1,132990E+0;;
30/11/2021  14:47:38,130583;1,135748E+0;1,073023E-1;1,199431E-1;1,133670E+0;;
30/11/2021  14:47:38,130683;1,134485E+0;8,978042E-2;1,227865E-1;1,134316E+0;;
30/11/2021  14:47:38,130783;1,133558E+0;3,179886E-2;5,707262E-2;1,134925E+0;;
30/11/2021  14:47:38,130883;1,132097E+0;1,369303E-1;1,682807E-1;1,135498E+0;;
30/11/2021  14:47:38,130983;1,130107E+0;9,201048E-2;1,294210E-1;1,136034E+0;;
30/11/2021  14:47:38,131083;1,129192E+0;1,006121E-1;1,183634E-1;1,136532E+0;;
30/11/2021  14:47:38,131183;1,128360E+0;9,838208E-2;1,167838E-1;1,136992E+0;;
30/11/2021  14:47:38,131283;1,127818E+0;1,171783E-1;1,284732E-1;1,137413E+0;;
30/11/2021  14:47:38,131383;1,125910E+0;1,216384E-1;1,439539E-1;1,137795E+0;;
30/11/2021  14:47:38,131483;1,124694E+0;1,714418E-2;2,042450E-2;1,138136E+0;;
30/11/2021  14:47:38,131583;1,123186E+0;8,965980E-4;3,680107E-3;1,138435E+0;;
30/11/2021  14:47:38,131683;1,121285E+0;7,905358E-3;1,094654E-2;1,138693E+0;;
30/11/2021  14:47:38,131783;1,120900E+0;1,140974E-2;1,252620E-2;1,138909E+0;;
30/11/2021  14:47:38,131883;1,119822E+0;1,045400E-2;1,126247E-2;1,139081E+0;;
30/11/2021  14:47:38,131983;1,118874E+0;1,172832E-2;1,221027E-2;1,139209E+0;;
30/11/2021  14:47:38,132083;1,117250E+0;3,763818E-3;5,891631E-3;1,139293E+0;;
30/11/2021  14:47:38,132183;1,115736E+0;3,126658E-3;4,943835E-3;1,139332E+0;;
30/11/2021  14:47:38,132283;1,114272E+0;1,140974E-2;1,410586E-2;1,139327E+0;;
30/11/2021  14:47:38,132383;1,112871E+0;6,312458E-3;8,419087E-3;1,139276E+0;;
30/11/2021  14:47:38,132483;1,112451E+0;6,949618E-3;8,735019E-3;1,139180E+0;;
30/11/2021  14:47:38,132583;1,112112E+0;6,312458E-3;8,103155E-3;1,139039E+0;;
30/11/2021  14:47:38,132683;1,110884E+0;2,170918E-3;4,311971E-3;1,138851E+0;;
30/11/2021  14:47:38,132783;1,109349E+0;9,498258E-3;1,189434E-2;1,138619E+0;;
30/11/2021  14:47:38,132883;1,108160E+0;5,356718E-3;6,523495E-3;1,138342E+0;;
30/11/2021  14:47:38,132983;1,106249E+0;8,965980E-4;3,680107E-3;1,138021E+0;;
30/11/2021  14:47:38,133083;1,105132E+0;1,533758E-3;3,048243E-3;1,137656E+0;;
30/11/2021  14:47:38,133183;1,104273E+0;5,780180E-4;3,048243E-3;1,137247E+0;;
30/11/2021  14:47:38,133283;1,103731E+0;1,533758E-3;3,680107E-3;1,136796E+0;;
30/11/2021  14:47:38,133383;1,102157E+0;8,965980E-4;3,364175E-3;1,136302E+0;;
30/11/2021  14:47:38,133483;1,101111E+0;2,170918E-3;3,680107E-3;1,135767E+0;;
30/11/2021  14:47:38,133583;1,099120E+0;1,533758E-3;3,680107E-3;1,135191E+0;;
30/11/2021  14:47:38,133683;1,097365E+0;2,489498E-3;5,891631E-3;1,134575E+0;;
30/11/2021  14:47:38,133783;1,096379E+0;1,533758E-3;3,680107E-3;1,133920E+0;;
30/11/2021  14:47:38,133883;1,095738E+0;1,215178E-3;3,680107E-3;1,133227E+0;;
30/11/2021  14:47:38,133983;1,093950E+0;8,965980E-4;3,048243E-3;1,132497E+0;;
30/11/2021  14:47:38,134083;1,092886E+0;1,533758E-3;3,364175E-3;1,131730E+0;;
30/11/2021  14:47:38,134183;1,091163E+0;8,965980E-4;3,364175E-3;1,130928E+0;;
30/11/2021  14:47:38,134283;1,088978E+0;1,215178E-3;3,364175E-3;1,130091E+0;;
30/11/2021  14:47:38,134383;1,087837E+0;1,533758E-3;3,680107E-3;1,129221E+0;;
30/11/2021  14:47:38,134483;1,086588E+0;8,965980E-4;3,364175E-3;1,128318E+0;;
30/11/2021  14:47:38,134583;1,086034E+0;1,215178E-3;3,364175E-3;1,127383E+0;;
30/11/2021  14:47:38,134683;1,084761E+0;1,215178E-3;3,364175E-3;1,126417E+0;;
30/11/2021  14:47:38,134783;1,083158E+0;5,780180E-4;3,364175E-3;1,125421E+0;;
30/11/2021  14:47:38,134883;1,082183E+0;1,215178E-3;3,364175E-3;1,124397E+0;;
30/11/2021  14:47:38,134983;1,080356E+0;1,215178E-3;3,680107E-3;1,123345E+0;;
30/11/2021  14:47:38,135083;1,079185E+0;8,965980E-4;2,732311E-3;1,122267E+0;;
30/11/2021  14:47:38,135183;1,078124E+0;5,038138E-3;5,575699E-3;1,121163E+0;;
30/11/2021  14:47:38,135283;1,077185E+0;9,498258E-3;1,600145E-2;1,120035E+0;;
30/11/2021  14:47:38,135383;1,076402E+0;1,682560E-2;2,010857E-2;1,118885E+0;;
30/11/2021  14:47:38,135483;1,074902E+0;1,714418E-2;2,421569E-2;1,117712E+0;;
30/11/2021  14:47:38,135583;1,073913E+0;1,555128E-2;1,663332E-2;1,116520E+0;;
30/11/2021  14:47:38,135683;1,072453E+0;1,618844E-2;1,821298E-2;1,115308E+0;;
30/11/2021  14:47:38,135783;1,070787E+0;1,586986E-2;1,758111E-2;1,114079E+0;;
30/11/2021  14:47:38,135883;1,070611E+0;1,778134E-2;2,137230E-2;1,112833E+0;;
30/11/2021  14:47:38,135983;1,069544E+0;1,210013E-1;1,117289E-1;1,111571E+0;;
30/11/2021  14:47:38,136083;1,068158E+0;1,178155E-1;1,221546E-1;1,110296E+0;;
30/11/2021  14:47:38,136183;1,066942E+0;4,613496E-2;6,907803E-2;1,109008E+0;;
30/11/2021  14:47:38,136283;1,065482E+0;1,251428E-1;1,202590E-1;1,107708E+0;;
30/11/2021  14:47:38,136383;1,064582E+0;1,268406E-2;2,737501E-2;1,106398E+0;;
30/11/2021  14:47:38,136483;1,063685E+0;1,618844E-2;2,042450E-2;1,105079E+0;;
30/11/2021  14:47:38,136583;1,062898E+0;1,187712E-1;1,088855E-1;1,103752E+0;;
30/11/2021  14:47:38,136683;1,061944E+0;4,804644E-2;6,275939E-2;1,102418E+0;;
30/11/2021  14:47:38,136783;1,061077E+0;8,723178E-2;7,381701E-2;1,101079E+0;;
30/11/2021  14:47:38,136883;1,060418E+0;1,200455E-1;1,246821E-1;1,099735E+0;;
30/11/2021  14:47:38,136983;1,059378E+0;1,229127E-1;1,231024E-1;1,098388E+0;;
30/11/2021  14:47:38,137083;1,058478E+0;1,283286E-1;1,316326E-1;1,097040E+0;;
30/11/2021  14:47:38,137183;1,058120E+0;1,410718E-1;1,531159E-1;1,095690E+0;;
30/11/2021  14:47:38,137283;1,058013E+0;1,200455E-1;1,253139E-1;1,094342E+0;;
30/11/2021  14:47:38,137383;1,057089E+0;1,598680E-1;1,787064E-1;1,092995E+0;;
30/11/2021  14:47:38,137483;1,055927E+0;1,369303E-1;1,464814E-1;1,091651E+0;;
30/11/2021  14:47:38,137583;1,055086E+0;1,308772E-1;1,303688E-1;1,090311E+0;;
30/11/2021  14:47:38,137683;1,054571E+0;1,292843E-1;1,167838E-1;1,088978E+0;;
30/11/2021  14:47:38,137783;1,053909E+0;1,120810E-1;9,972343E-2;1,087651E+0;;
30/11/2021  14:47:38,137883;1,053757E+0;1,343816E-1;1,300529E-1;1,086332E+0;;
30/11/2021  14:47:38,137983;1,053215E+0;1,203641E-1;1,262617E-1;1,085021E+0;;
30/11/2021  14:47:38,138083;1,052807E+0;1,047537E-1;1,284732E-1;1,083721E+0;;
30/11/2021  14:47:38,138183;1,052941E+0;1,305587E-1;1,474292E-1;1,082432E+0;;
30/11/2021  14:47:38,138283;1,051597E+0;1,117624E-1;1,300529E-1;1,081156E+0;;
30/11/2021  14:47:38,138383;1,050828E+0;2,606442E-2;6,686651E-2;1,079893E+0;;
30/11/2021  14:47:38,138483;1,050610E+0;1,248242E-1;1,265777E-1;1,078645E+0;;
30/11/2021  14:47:38,138583;1,050467E+0;1,324701E-1;1,322644E-1;1,077412E+0;;
30/11/2021  14:47:38,138683;1,049817E+0;1,496735E-1;1,537478E-1;1,076195E+0;;
30/11/2021  14:47:38,138783;1,049305E+0;1,429833E-1;1,565912E-1;1,074996E+0;;
30/11/2021  14:47:38,138883;1,048655E+0;1,362931E-1;1,322644E-1;1,073814E+0;;
30/11/2021  14:47:38,138983;1,047400E+0;1,305587E-1;1,268936E-1;1,072651E+0;;
30/11/2021  14:47:38,139083;1,046926E+0;1,206827E-1;1,114129E-1;1,071508E+0;;
30/11/2021  14:47:38,139183;1,046593E+0;1,235499E-1;1,344760E-1;1,070384E+0;;
30/11/2021  14:47:38,139283;1,046178E+0;1,264171E-1;1,275255E-1;1,069280E+0;;
30/11/2021  14:47:38,139383;1,046405E+0;1,152668E-1;1,129926E-1;1,068197E+0;;
30/11/2021  14:47:38,139483;1,045102E+0;9,806350E-2;9,593225E-2;1,067134E+0;;
30/11/2021  14:47:38,139583;1,044420E+0;1,375674E-1;1,234183E-1;1,066092E+0;;
30/11/2021  14:47:38,139683;1,043758E+0;1,630538E-1;1,619620E-1;1,065072E+0;;
30/11/2021  14:47:38,139783;1,043419E+0;1,241871E-1;1,262617E-1;1,064073E+0;;
30/11/2021  14:47:38,139883;1,043165E+0;1,299215E-1;1,246821E-1;1,063095E+0;;
30/11/2021  14:47:38,139983;1,043559E+0;-5,835928E-2;3,053433E-2;1,062139E+0;;
30/11/2021  14:47:38,140083;1,042611E+0;8,946184E-2;8,108345E-2;1,061204E+0;;
30/11/2021  14:47:38,140183;1,042158E+0;1,117624E-1;1,464814E-1;1,060290E+0;;
30/11/2021  14:47:38,140283;1,041002E+0;9,487770E-2;8,898175E-2;1,059398E+0;;
30/11/2021  14:47:38,140383;1,040584E+0;1,235499E-1;1,395309E-1;1,058527E+0;;
30/11/2021  14:47:38,140483;1,040856E+0;9,838208E-2;1,022509E-1;1,057677E+0;;
30/11/2021  14:47:38,140583;1,041344E+0;9,678918E-2;1,066739E-1;1,056848E+0;;
30/11/2021  14:47:38,140683;1,041595E+0;8,500172E-2;8,266311E-2;1,056040E+0;;
30/11/2021  14:47:38,140783;1,041189E+0;9,296622E-2;1,019350E-1;1,055252E+0;;
30/11/2021  14:47:38,140883;1,040993E+0;4,008194E-2;2,579535E-2;1,054485E+0;;
30/11/2021  14:47:38,140983;1,040715E+0;-2,395264E-2;-1,180056E-2;1,053740E+0;;
30/11/2021  14:47:38,141083;1,040841E+0;1,013542E-2;5,960007E-2;1,053014E+0;;
30/11/2021  14:47:38,141183;1,041255E+0;9,455912E-2;1,054102E-1;1,052310E+0;;
30/11/2021  14:47:38,141283;1,041353E+0;7,448858E-2;9,656411E-2;1,051627E+0;;
30/11/2021  14:47:38,141383;1,042048E+0;8,022302E-2;8,550650E-2;1,050964E+0;;
30/11/2021  14:47:38,141483;1,042304E+0;4,454206E-2;5,201770E-2;1,050323E+0;;
30/11/2021  14:47:38,141583;1,041934E+0;1,079395E-1;1,297370E-1;1,049703E+0;;
30/11/2021  14:47:38,141683;1,041836E+0;4,645354E-2;6,686651E-2;1,049105E+0;;
30/11/2021  14:47:38,141783;1,042268E+0;1,299215E-1;1,449017E-1;1,048529E+0;;
30/11/2021  14:47:38,141883;1,042504E+0;1,337445E-1;1,294210E-1;1,047975E+0;;
30/11/2021  14:47:38,141983;1,043064E+0;1,159040E-1;1,047783E-1;1,047443E+0;;
30/11/2021  14:47:38,142083;1,043529E+0;1,359745E-1;1,294210E-1;1,046933E+0;;
30/11/2021  14:47:38,142183;1,044030E+0;1,458505E-1;1,142563E-1;1,046446E+0;;
30/11/2021  14:47:38,142283;1,044033E+0;1,308772E-1;1,085695E-1;1,045981E+0;;
30/11/2021  14:47:38,142383;1,043988E+0;1,487177E-1;1,392149E-1;1,045540E+0;;
30/11/2021  14:47:38,142483;1,044751E+0;1,506292E-1;1,550115E-1;1,045121E+0;;
30/11/2021  14:47:38,142583;1,046062E+0;1,280100E-1;1,183634E-1;1,044726E+0;;
30/11/2021  14:47:38,142683;1,046780E+0;1,181340E-1;1,120448E-1;1,044355E+0;;
30/11/2021  14:47:38,142783;1,047224E+0;1,905566E-2;1,758111E-2;1,044008E+0;;
30/11/2021  14:47:38,142883;1,047585E+0;9,965640E-2;9,845971E-2;1,043685E+0;;
30/11/2021  14:47:38,142983;1,048139E+0;6,970988E-2;9,877564E-2;1,043387E+0;;
30/11/2021  14:47:38,143083;1,048974E+0;1,347002E-1;1,366875E-1;1,043114E+0;;
30/11/2021  14:47:38,143183;1,049030E+0;1,235499E-1;1,253139E-1;1,042867E+0;;
30/11/2021  14:47:38,143283;1,050214E+0;1,264171E-1;1,272095E-1;1,042645E+0;;
30/11/2021  14:47:38,143383;1,050831E+0;7,257710E-2;7,792413E-2;1,042448E+0;;
30/11/2021  14:47:38,143483;1,051111E+0;1,343816E-1;1,411105E-1;1,042278E+0;;
30/11/2021  14:47:38,143583;1,052616E+0;1,273729E-1;1,170997E-1;1,042135E+0;;
30/11/2021  14:47:38,143683;1,052711E+0;1,031608E-1;9,814378E-2;1,042017E+0;;
30/11/2021  14:47:38,143783;1,053301E+0;1,184526E-1;1,066739E-1;1,041927E+0;;
30/11/2021  14:47:38,143883;1,054368E+0;7,098420E-2;5,644075E-2;1,041863E+0;;
30/11/2021  14:47:38,143983;1,054955E+0;1,190898E-1;1,123607E-1;1,041826E+0;;
30/11/2021  14:47:38,144083;1,056213E+0;1,283286E-1;1,139404E-1;1,041816E+0;;
30/11/2021  14:47:38,144183;1,056365E+0;1,225942E-1;9,403666E-2;1,041834E+0;;
30/11/2021  14:47:38,144283;1,056931E+0;9,965640E-2;1,073058E-1;1,041878E+0;;
30/11/2021  14:47:38,144383;1,057292E+0;9,870066E-2;1,310007E-1;1,041949E+0;;
30/11/2021  14:47:38,144483;1,058237E+0;1,251428E-1;1,287892E-1;1,042047E+0;;
30/11/2021  14:47:38,144583;1,058815E+0;1,321516E-1;1,234183E-1;1,042172E+0;;
30/11/2021  14:47:38,144683;1,059751E+0;1,302401E-1;1,291051E-1;1,042324E+0;;
30/11/2021  14:47:38,144783;1,060856E+0;1,028422E-1;1,170997E-1;1,042501E+0;;
30/11/2021  14:47:38,144883;1,060624E+0;1,417090E-1;1,594346E-1;1,042704E+0;;
30/11/2021  14:47:38,144983;1,062051E+0;1,194084E-1;1,145722E-1;1,042933E+0;;
30/11/2021  14:47:38,145083;1,062728E+0;1,123996E-1;1,050943E-1;1,043187E+0;;
30/11/2021  14:47:38,145183;1,063348E+0;1,053908E-1;1,003553E-1;1,043466E+0;;
30/11/2021  14:47:38,145283;1,064853E+0;1,127182E-1;1,253139E-1;1,043769E+0;;
30/11/2021  14:47:38,145383;1,065255E+0;1,283286E-1;1,335282E-1;1,044096E+0;;
30/11/2021  14:47:38,145483;1,065994E+0;1,286472E-1;1,212068E-1;1,044447E+0;;
30/11/2021  14:47:38,145583;1,066602E+0;1,362931E-1;1,253139E-1;1,044821E+0;;
30/11/2021  14:47:38,145683;1,066781E+0;1,353374E-1;1,310007E-1;1,045219E+0;;
30/11/2021  14:47:38,145783;1,068075E+0;1,385232E-1;1,458495E-1;1,045638E+0;;
30/11/2021  14:47:38,145883;1,069302E+0;1,292843E-1;1,332122E-1;1,046079E+0;;
30/11/2021  14:47:38,145983;1,070098E+0;1,095324E-1;1,000394E-1;1,046541E+0;;
30/11/2021  14:47:38,146083;1,071401E+0;1,270543E-1;1,259458E-1;1,047023E+0;;
30/11/2021  14:47:38,146183;1,072178E+0;1,477620E-1;1,673329E-1;1,047526E+0;;
30/11/2021  14:47:38,146283;1,072614E+0;1,308772E-1;1,281573E-1;1,048049E+0;;
30/11/2021  14:47:38,146383;1,073588E+0;1,359745E-1;1,354238E-1;1,048591E+0;;
30/11/2021  14:47:38,146483;1,073561E+0;1,487177E-1;1,240502E-1;1,049152E+0;;
30/11/2021  14:47:38,146583;1,074557E+0;1,006121E-1;1,180475E-1;1,049731E+0;;
30/11/2021  14:47:38,146683;1,075871E+0;1,324701E-1;1,284732E-1;1,050327E+0;;
30/11/2021  14:47:38,146783;1,076750E+0;1,353374E-1;1,461654E-1;1,050941E+0;;
30/11/2021  14:47:38,146883;1,078023E+0;1,203641E-1;1,237343E-1;1,051571E+0;;
30/11/2021  14:47:38,146983;1,078640E+0;1,254614E-1;1,164678E-1;1,052216E+0;;
30/11/2021  14:47:38,147083;1,079120E+0;1,350188E-1;1,385831E-1;1,052877E+0;;
30/11/2021  14:47:38,147183;1,080303E+0;1,388417E-1;1,385831E-1;1,053552E+0;;
30/11/2021  14:47:38,147283;1,081784E+0;8,277166E-2;8,392683E-2;1,054242E+0;;
30/11/2021  14:47:38,147383;1,083143E+0;2,051064E-1;1,903959E-1;1,054946E+0;;
30/11/2021  14:47:38,147483;1,084109E+0;1,267357E-1;1,325804E-1;1,055662E+0;;
30/11/2021  14:47:38,147583;1,084958E+0;1,241871E-1;1,363715E-1;1,056392E+0;;
30/11/2021  14:47:38,147683;1,086228E+0;1,264171E-1;1,272095E-1;1,057135E+0;;
30/11/2021  14:47:38,147783;1,087125E+0;1,340630E-1;1,338441E-1;1,057890E+0;;
30/11/2021  14:47:38,147883;1,088281E+0;1,321516E-1;1,196272E-1;1,058658E+0;;
30/11/2021  14:47:38,147983;1,089554E+0;1,283286E-1;1,275255E-1;1,059437E+0;;
30/11/2021  14:47:38,148083;1,091133E+0;1,174969E-1;9,782784E-2;1,060228E+0;;
30/11/2021  14:47:38,148183;1,091804E+0;1,270543E-1;1,294210E-1;1,061030E+0;;
30/11/2021  14:47:38,148283;1,092892E+0;1,232313E-1;1,300529E-1;1,061844E+0;;
30/11/2021  14:47:38,148383;1,093750E+0;1,267357E-1;1,164678E-1;1,062669E+0;;
30/11/2021  14:47:38,148483;1,094343E+0;1,267357E-1;1,373193E-1;1,063506E+0;;
30/11/2021  14:47:38,148583;1,095484E+0;1,241871E-1;1,376353E-1;1,064353E+0;;
30/11/2021  14:47:38,148683;1,096119E+0;1,340630E-1;1,224705E-1;1,065210E+0;;
30/11/2021  14:47:38,148783;1,097267E+0;3,689614E-2;9,435259E-2;1,066077E+0;;
30/11/2021  14:47:38,148883;1,097830E+0;6,811698E-2;6,749837E-2;1,066955E+0;;
30/11/2021  14:47:38,148983;1,097964E+0;1,324701E-1;1,294210E-1;1,067841E+0;;
30/11/2021  14:47:38,149083;1,098936E+0;1,251428E-1;1,287892E-1;1,068736E+0;;
30/11/2021  14:47:38,149183;1,099055E+0;1,267357E-1;1,351078E-1;1,069639E+0;;
30/11/2021  14:47:38,149283;1,099675E+0;1,324701E-1;1,332122E-1;1,070549E+0;;
30/11/2021  14:47:38,149383;1,100542E+0;1,305587E-1;1,303688E-1;1,071466E+0;;
30/11/2021  14:47:38,149483;1,101064E+0;1,659210E-1;1,521681E-1;1,072389E+0;;
30/11/2021  14:47:38,149583;1,101981E+0;2,181682E-1;2,030332E-1;1,073317E+0;;
30/11/2021  14:47:38,149683;1,102491E+0;1,362931E-1;1,322644E-1;1,074249E+0;;
30/11/2021  14:47:38,149783;1,102452E+0;1,318330E-1;1,117289E-1;1,075184E+0;;
30/11/2021  14:47:38,149883;1,103281E+0;2,032998E-2;7,981972E-2;1,076122E+0;;
30/11/2021  14:47:38,149983;1,104330E+0;1,359745E-1;1,291051E-1;1,077061E+0;;
30/11/2021  14:47:38,150083;1,105346E+0;1,410718E-1;1,019350E-1;1,078002E+0;;
30/11/2021  14:47:38,150183;1,105561E+0;-3,478436E-2;-4,270090E-4;1,078942E+0;;
30/11/2021  14:47:38,150283;1,106425E+0;1,187712E-1;1,404787E-1;1,079882E+0;;
30/11/2021  14:47:38,150383;1,107194E+0;1,216384E-1;1,360556E-1;1,080820E+0;;
30/11/2021  14:47:38,150483;1,107459E+0;1,719741E-1;1,616461E-1;1,081757E+0;;
30/11/2021  14:47:38,150583;1,108833E+0;1,178155E-1;1,281573E-1;1,082691E+0;;
30/11/2021  14:47:38,150683;1,109748E+0;1,111253E-1;1,243661E-1;1,083622E+0;;
30/11/2021  14:47:38,150783;1,110508E+0;1,280100E-1;1,430061E-1;1,084549E+0;;
30/11/2021  14:47:38,150883;1,111727E+0;1,331073E-1;1,651214E-1;1,085472E+0;;
30/11/2021  14:47:38,150983;1,111888E+0;1,095324E-1;1,246821E-1;1,086391E+0;;
30/11/2021  14:47:38,151083;1,111918E+0;1,206827E-1;1,300529E-1;1,087306E+0;;
30/11/2021  14:47:38,151183;1,112717E+0;9,105474E-2;9,845971E-2;1,088215E+0;;
30/11/2021  14:47:38,151283;1,113873E+0;1,111253E-1;1,284732E-1;1,089119E+0;;
30/11/2021  14:47:38,151383;1,114594E+0;1,057094E-1;1,205749E-1;1,090017E+0;;
30/11/2021  14:47:38,151483;1,115467E+0;1,332122E-2;1,600145E-2;1,090910E+0;;
30/11/2021  14:47:38,151583;1,116352E+0;8,965980E-4;3,680107E-3;1,091796E+0;;
30/11/2021  14:47:38,151683;1,116642E+0;5,675298E-3;8,103155E-3;1,092676E+0;;
30/11/2021  14:47:38,151783;1,116892E+0;1,172832E-2;1,473773E-2;1,093549E+0;;
30/11/2021  14:47:38,151883;1,117390E+0;9,498258E-3;1,063061E-2;1,094416E+0;;
30/11/2021  14:47:38,151983;1,118135E+0;1,077258E-2;1,189434E-2;1,095276E+0;;
30/11/2021  14:47:38,152083;1,119133E+0;8,223938E-3;9,366883E-3;1,096129E+0;;
30/11/2021  14:47:38,152183;1,119309E+0;7,268198E-3;7,155359E-3;1,096975E+0;;
30/11/2021  14:47:38,152283;1,119595E+0;1,268406E-2;1,600145E-2;1,097813E+0;;
30/11/2021  14:47:38,152383;1,119872E+0;8,861098E-3;9,682815E-3;1,098644E+0;;
30/11/2021  14:47:38,152483;1,120081E+0;5,675298E-3;6,839427E-3;1,099467E+0;;
30/11/2021  14:47:38,152583;1,120117E+0;4,082398E-3;6,523495E-3;1,100281E+0;;
30/11/2021  14:47:38,152683;1,120966E+0;4,400978E-3;6,523495E-3;1,101087E+0;;
30/11/2021  14:47:38,152783;1,121485E+0;8,965980E-4;3,364175E-3;1,101885E+0;;
30/11/2021  14:47:38,152883;1,121252E+0;1,533758E-3;3,364175E-3;1,102673E+0;;
30/11/2021  14:47:38,152983;1,121079E+0;2,170918E-3;4,311971E-3;1,103452E+0;;
30/11/2021  14:47:38,153083;1,120817E+0;5,356718E-3;7,787223E-3;1,104221E+0;;
30/11/2021  14:47:38,153183;1,121291E+0;5,993878E-3;7,471291E-3;1,104979E+0;;
30/11/2021  14:47:38,153283;1,121577E+0;1,533758E-3;3,996039E-3;1,105726E+0;;
30/11/2021  14:47:38,153383;1,122113E+0;5,780180E-4;3,048243E-3;1,106462E+0;;
30/11/2021  14:47:38,153483;1,122164E+0;8,965980E-4;3,680107E-3;1,107186E+0;;
30/11/2021  14:47:38,153583;1,122125E+0;5,780180E-4;3,680107E-3;1,107898E+0;;
30/11/2021  14:47:38,153683;1,121884E+0;1,215178E-3;3,996039E-3;1,108597E+0;;
30/11/2021  14:47:38,153783;1,121496E+0;1,533758E-3;3,680107E-3;1,109283E+0;;
30/11/2021  14:47:38,153883;1,121154E+0;1,215178E-3;3,364175E-3;1,109955E+0;;
30/11/2021  14:47:38,153983;1,121607E+0;8,965980E-4;3,680107E-3;1,110612E+0;;
30/11/2021  14:47:38,154083;1,122078E+0;1,215178E-3;3,364175E-3;1,111255E+0;;
30/11/2021  14:47:38,154183;1,122239E+0;8,965980E-4;4,311971E-3;1,111882E+0;;
30/11/2021  14:47:38,154283;1,121756E+0;8,965980E-4;3,996039E-3;1,112493E+0;;
30/11/2021  14:47:38,154383;1,121923E+0;8,965980E-4;3,996039E-3;1,113088E+0;;
30/11/2021  14:47:38,154483;1,121559E+0;5,780180E-4;3,680107E-3;1,113667E+0;;
30/11/2021  14:47:38,154583;1,120459E+0;1,533758E-3;3,364175E-3;1,114228E+0;;
30/11/2021  14:47:38,154683;1,120990E+0;5,780180E-4;3,364175E-3;1,114772E+0;;
30/11/2021  14:47:38,154783;1,120596E+0;1,533758E-3;5,891631E-3;1,115298E+0;;
30/11/2021  14:47:38,154883;1,120304E+0;4,082398E-3;7,155359E-3;1,115806E+0;;
30/11/2021  14:47:38,154983;1,119223E+0;1,215178E-3;5,891631E-3;1,116294E+0;;
30/11/2021  14:47:38,155083;1,118942E+0;1,300264E-2;1,726518E-2;1,116764E+0;;
30/11/2021  14:47:38,155183;1,117884E+0;1,268406E-2;2,168823E-2;1,117213E+0;;
30/11/2021  14:47:38,155283;1,117124E+0;1,204690E-2;1,442179E-2;1,117641E+0;;
30/11/2021  14:47:38,155383;1,116731E+0;1,459554E-2;1,694925E-2;1,118049E+0;;
30/11/2021  14:47:38,155483;1,116215E+0;1,555128E-2;1,694925E-2;1,118434E+0;;
30/11/2021  14:47:38,155583;1,115500E+0;1,937424E-2;2,137230E-2;1,118796E+0;;
30/11/2021  14:47:38,155683;1,115443E+0;1,523270E-2;1,726518E-2;1,119135E+0;;
30/11/2021  14:47:38,155783;1,114368E+0;1,746276E-2;1,947671E-2;1,119450E+0;;
30/11/2021  14:47:38,155883;1,113804E+0;2,808078E-3;1,442179E-2;1,119740E+0;;
30/11/2021  14:47:38,155983;1,113929E+0;1,140974E-2;1,473773E-2;1,120006E+0;;
30/11/2021  14:47:38,156083;1,113825E+0;7,703722E-2;6,718244E-2;1,120246E+0;;
30/11/2021  14:47:38,156183;1,113524E+0;4,613496E-2;5,138584E-2;1,120460E+0;;
30/11/2021  14:47:38,156283;1,113751E+0;7,576290E-2;6,086380E-2;1,120649E+0;;
30/11/2021  14:47:38,156383;1,113360E+0;9,179678E-3;3,116619E-2;1,120812E+0;;
30/11/2021  14:47:38,156483;1,112484E+0;1,187712E-1;1,218387E-1;1,120949E+0;;
30/11/2021  14:47:38,156583;1,111301E+0;6,524976E-2;7,950379E-2;1,121061E+0;;
30/11/2021  14:47:38,156683;1,111566E+0;2,988738E-2;4,696279E-2;1,121147E+0;;
30/11/2021  14:47:38,156783;1,111465E+0;1,426647E-1;2,191457E-1;1,121208E+0;;
30/11/2021  14:47:38,156883;1,110729E+0;1,296029E-1;1,180475E-1;1,121244E+0;;
30/11/2021  14:47:38,156983;1,110145E+0;1,554079E-1;1,648054E-1;1,121256E+0;;
30/11/2021  14:47:38,157083;1,109310E+0;1,200455E-1;1,215227E-1;1,121242E+0;;
30/11/2021  14:47:38,157183;1,107969E+0;1,190898E-1;1,129926E-1;1,121205E+0;;
30/11/2021  14:47:38,157283;1,107197E+0;1,280100E-1;1,382671E-1;1,121144E+0;;
30/11/2021  14:47:38,157383;1,106523E+0;1,206827E-1;1,205749E-1;1,121059E+0;;
30/11/2021  14:47:38,157483;1,105665E+0;1,197269E-1;1,234183E-1;1,120951E+0;;
30/11/2021  14:47:38,157583;1,104652E+0;1,397975E-1;1,268936E-1;1,120819E+0;;
30/11/2021  14:47:38,157683;1,103051E+0;1,356559E-1;1,275255E-1;1,120663E+0;;
30/11/2021  14:47:38,157783;1,101987E+0;1,088952E-1;1,196272E-1;1,120484E+0;;
30/11/2021  14:47:38,157883;1,100089E+0;1,315144E-1;1,382671E-1;1,120281E+0;;
30/11/2021  14:47:38,157983;1,099222E+0;1,289658E-1;1,297370E-1;1,120055E+0;;
30/11/2021  14:47:38,158083;1,099108E+0;1,034794E-1;1,524841E-1;1,119804E+0;;
30/11/2021  14:47:38,158183;1,097904E+0;4,135626E-2;1,275255E-1;1,119529E+0;;
30/11/2021  14:47:38,158283;1,096554E+0;1,318330E-1;1,875525E-1;1,119230E+0;;
30/11/2021  14:47:38,158383;1,095723E+0;1,280100E-1;1,265777E-1;1,118906E+0;;
30/11/2021  14:47:38,158483;1,094215E+0;1,270543E-1;1,249980E-1;1,118558E+0;;
30/11/2021  14:47:38,158583;1,093130E+0;2,267698E-1;2,178820E-1;1,118186E+0;;
30/11/2021  14:47:38,158683;1,092224E+0;1,152668E-1;1,401627E-1;1,117789E+0;;
30/11/2021  14:47:38,158783;1,091729E+0;1,331073E-1;1,234183E-1;1,117367E+0;;
30/11/2021  14:47:38,158883;1,091711E+0;1,350188E-1;1,483770E-1;1,116921E+0;;
30/11/2021  14:47:38,158983;1,090737E+0;1,299215E-1;1,189953E-1;1,116451E+0;;
30/11/2021  14:47:38,159083;1,089658E+0;1,350188E-1;1,186794E-1;1,115956E+0;;
30/11/2021  14:47:38,159183;1,088513E+0;1,442576E-1;1,521681E-1;1,115439E+0;;
30/11/2021  14:47:38,159283;1,087530E+0;1,130368E-1;1,205749E-1;1,114898E+0;;
30/11/2021  14:47:38,159383;1,086859E+0;1,206827E-1;1,272095E-1;1,114334E+0;;
30/11/2021  14:47:38,159483;1,086091E+0;1,146297E-1;1,205749E-1;1,113749E+0;;
30/11/2021  14:47:38,159583;1,085247E+0;1,452133E-1;1,581709E-1;1,113142E+0;;
30/11/2021  14:47:38,159683;1,084395E+0;1,331073E-1;1,458495E-1;1,112513E+0;;
30/11/2021  14:47:38,159783;1,082979E+0;1,283286E-1;1,259458E-1;1,111864E+0;;
30/11/2021  14:47:38,159883;1,081358E+0;1,302401E-1;1,227865E-1;1,111196E+0;;
30/11/2021  14:47:38,159983;1,080437E+0;1,340630E-1;1,212068E-1;1,110508E+0;;
30/11/2021  14:47:38,160083;1,079069E+0;1,289658E-1;1,262617E-1;1,109801E+0;;
30/11/2021  14:47:38,160183;1,078461E+0;1,041165E-1;9,024547E-2;1,109075E+0;;
30/11/2021  14:47:38,160283;1,077865E+0;1,120810E-1;1,164678E-1;1,108331E+0;;
30/11/2021  14:47:38,160383;1,076449E+0;1,127182E-1;1,126766E-1;1,107570E+0;;
30/11/2021  14:47:38,160483;1,074560E+0;9,169190E-2;8,645429E-2;1,106791E+0;;
30/11/2021  14:47:38,160583;1,073138E+0;2,606442E-2;7,918786E-2;1,105996E+0;;
30/11/2021  14:47:38,160683;1,072345E+0;4,932076E-2;7,128955E-2;1,105185E+0;;
30/11/2021  14:47:38,160783;1,071657E+0;8,659462E-2;8,645429E-2;1,104357E+0;;
30/11/2021  14:47:38,160883;1,070954E+0;9,806350E-2;1,158360E-1;1,103514E+0;;
30/11/2021  14:47:38,160983;1,069848E+0;6,949618E-3;4,759465E-2;1,102655E+0;;
30/11/2021  14:47:38,161083;1,068790E+0;9,710776E-2;1,085695E-1;1,101782E+0;;
30/11/2021  14:47:38,161183;1,067657E+0;9,487770E-2;1,038306E-1;1,100895E+0;;
30/11/2021  14:47:38,161283;1,066555E+0;9,870066E-2;1,120448E-1;1,099994E+0;;
30/11/2021  14:47:38,161383;1,066340E+0;9,360338E-2;1,054102E-1;1,099080E+0;;
30/11/2021  14:47:38,161483;1,065571E+0;3,466608E-2;3,843263E-2;1,098154E+0;;
30/11/2021  14:47:38,161583;1,064826E+0;8,436456E-2;1,035146E-1;1,097216E+0;;
30/11/2021  14:47:38,161683;1,064161E+0;-2,172258E-2;-9,904969E-3;1,096267E+0;;
30/11/2021  14:47:38,161783;1,063261E+0;4,390490E-2;4,664686E-2;1,095308E+0;;
30/11/2021  14:47:38,161883;1,062117E+0;7,767438E-2;7,824006E-2;1,094340E+0;;
30/11/2021  14:47:38,161983;1,061569E+0;1,079395E-1;1,379512E-1;1,093363E+0;;
30/11/2021  14:47:38,162083;1,060847E+0;1,165411E-1;1,107811E-1;1,092378E+0;;
30/11/2021  14:47:38,162183;1,060904E+0;1,347002E-1;1,215227E-1;1,091387E+0;;
30/11/2021  14:47:38,162283;1,060266E+0;1,037979E-1;7,255328E-2;1,090389E+0;;
30/11/2021  14:47:38,162383;1,059527E+0;1,716555E-1;1,837613E-1;1,089387E+0;;
30/11/2021  14:47:38,162483;1,058910E+0;1,636910E-1;1,518522E-1;1,088381E+0;;
30/11/2021  14:47:38,162583;1,058177E+0;1,404346E-1;1,249980E-1;1,087372E+0;;
30/11/2021  14:47:38,162683;1,057924E+0;1,474434E-1;1,404787E-1;1,086361E+0;;
30/11/2021  14:47:38,162783;1,058034E+0;1,356559E-1;1,328963E-1;1,085349E+0;;
30/11/2021  14:47:38,162883;1,057217E+0;1,385232E-1;1,278414E-1;1,084337E+0;;
30/11/2021  14:47:38,162983;1,056982E+0;1,506292E-1;1,730197E-1;1,083327E+0;;
30/11/2021  14:47:38,163083;1,057205E+0;1,136739E-1;1,145722E-1;1,082319E+0;;
30/11/2021  14:47:38,163183;1,056079E+0;1,248242E-1;1,202590E-1;1,081315E+0;;
30/11/2021  14:47:38,163283;1,055241E+0;1,194084E-1;9,751191E-2;1,080316E+0;;
30/11/2021  14:47:38,163383;1,054902E+0;1,165411E-1;1,256299E-1;1,079323E+0;;
30/11/2021  14:47:38,163483;1,055089E+0;1,139925E-1;1,224705E-1;1,078336E+0;;
30/11/2021  14:47:38,163583;1,054848E+0;1,331073E-1;1,395309E-1;1,077357E+0;;
30/11/2021  14:47:38,163683;1,054535E+0;1,143111E-1;9,245700E-2;1,076386E+0;;
30/11/2021  14:47:38,163783;1,054273E+0;1,404346E-1;1,319485E-1;1,075426E+0;;
30/11/2021  14:47:38,163883;1,054371E+0;5,569236E-2;5,644075E-2;1,074476E+0;;
30/11/2021  14:47:38,163983;1,054186E+0;1,296029E-1;1,328963E-1;1,073537E+0;;
30/11/2021  14:47:38,164083;1,054923E+0;1,264171E-1;1,268936E-1;1,072612E+0;;
30/11/2021  14:47:38,164183;1,055411E+0;7,098420E-2;9,940750E-2;1,071700E+0;;
30/11/2021  14:47:38,164283;1,055924E+0;1,123996E-1;1,082536E-1;1,070803E+0;;
30/11/2021  14:47:38,164383;1,056645E+0;1,448948E-1;1,948190E-1;1,069922E+0;;
30/11/2021  14:47:38,164483;1,056648E+0;1,187712E-1;1,114129E-1;1,069058E+0;;
30/11/2021  14:47:38,164583;1,056198E+0;1,213198E-1;1,215227E-1;1,068214E+0;;
30/11/2021  14:47:38,164683;1,057030E+0;1,248242E-1;1,161519E-1;1,067389E+0;;
30/11/2021  14:47:38,164783;1,058037E+0;1,241871E-1;1,265777E-1;1,066586E+0;;
30/11/2021  14:47:38,164883;1,058561E+0;8,850610E-2;8,108345E-2;1,065805E+0;;
30/11/2021  14:47:38,164983;1,059441E+0;1,283286E-1;1,291051E-1;1,065048E+0;;
30/11/2021  14:47:38,165083;1,060317E+0;1,445762E-1;1,471132E-1;1,064316E+0;;
30/11/2021  14:47:38,165183;1,060746E+0;1,264171E-1;1,941871E-1;1,063611E+0;;
30/11/2021  14:47:38,165283;1,060979E+0;1,181340E-1;1,847091E-1;1,062933E+0;;
30/11/2021  14:47:38,165383;1,061813E+0;1,206827E-1;1,249980E-1;1,062284E+0;;
30/11/2021  14:47:38,165483;1,063017E+0;1,130368E-1;1,152041E-1;1,061665E+0;;
30/11/2021  14:47:38,165583;1,063959E+0;1,108067E-1;1,126766E-1;1,061078E+0;;
30/11/2021  14:47:38,165683;1,064254E+0;1,133553E-1;1,199431E-1;1,060522E+0;;
30/11/2021  14:47:38,165783;1,065333E+0;1,742041E-1;1,723878E-1;1,060001E+0;;
30/11/2021  14:47:38,165883;1,065681E+0;1,331073E-1;1,328963E-1;1,059513E+0;;
30/11/2021  14:47:38,165983;1,066099E+0;1,385232E-1;1,455336E-1;1,059061E+0;;
30/11/2021  14:47:38,166083;1,066745E+0;1,340630E-1;1,379512E-1;1,058645E+0;;
30/11/2021  14:47:38,166183;1,067470E+0;1,120810E-1;1,240502E-1;1,058265E+0;;
30/11/2021  14:47:38,166283;1,068027E+0;1,296029E-1;1,370034E-1;1,057923E+0;;
30/11/2021  14:47:38,166383;1,068739E+0;1,254614E-1;1,164678E-1;1,057618E+0;;
30/11/2021  14:47:38,166483;1,069156E+0;1,337445E-1;1,379512E-1;1,057351E+0;;
30/11/2021  14:47:38,166583;1,069481E+0;1,254614E-1;1,303688E-1;1,057122E+0;;
30/11/2021  14:47:38,166683;1,070104E+0;1,391603E-1;1,360556E-1;1,056931E+0;;
30/11/2021  14:47:38,166783;1,070307E+0;9,997498E-2;1,028828E-1;1,056778E+0;;
30/11/2021  14:47:38,166883;1,072071E+0;1,101695E-1;1,490088E-1;1,056663E+0;;
30/11/2021  14:47:38,166983;1,072688E+0;1,292843E-1;1,212068E-1;1,056585E+0;;
30/11/2021  14:47:38,167083;1,073028E+0;1,184526E-1;1,205749E-1;1,056544E+0;;
30/11/2021  14:47:38,167183;1,073639E+0;8,277166E-2;1,180475E-1;1,056541E+0;;
30/11/2021  14:47:38,167283;1,074077E+0;-6,154508E-2;7,128955E-2;1,056574E+0;;
30/11/2021  14:47:38,167383;1,075150E+0;1,343816E-1;1,328963E-1;1,056643E+0;;
30/11/2021  14:47:38,167483;1,076521E+0;1,225942E-1;1,256299E-1;1,056748E+0;;
30/11/2021  14:47:38,167583;1,077451E+0;1,283286E-1;1,275255E-1;1,056888E+0;;
30/11/2021  14:47:38,167683;1,077662E+0;1,458505E-1;1,524841E-1;1,057062E+0;;
30/11/2021  14:47:38,167783;1,079033E+0;9,965640E-2;9,056141E-2;1,057270E+0;;
30/11/2021  14:47:38,167883;1,079078E+0;1,057094E-1;8,487463E-2;1,057511E+0;;
30/11/2021  14:47:38,167983;1,079376E+0;1,015679E-1;1,303688E-1;1,057785E+0;;
30/11/2021  14:47:38,168083;1,080347E+0;9,328480E-2;1,006712E-1;1,058091E+0;;
30/11/2021  14:47:38,168183;1,081543E+0;1,264171E-1;1,114129E-1;1,058428E+0;;
30/11/2021  14:47:38,168283;1,081715E+0;1,012493E-1;9,119327E-2;1,058795E+0;;
30/11/2021  14:47:38,168383;1,082720E+0;7,066562E-2;5,454516E-2;1,059190E+0;;
30/11/2021  14:47:38,168483;1,082475E+0;9,615202E-2;9,751191E-2;1,059614E+0;;
30/11/2021  14:47:38,168583;1,082401E+0;1,187712E-1;1,180475E-1;1,060065E+0;;
30/11/2021  14:47:38,168683;1,082726E+0;1,289658E-1;1,328963E-1;1,060542E+0;;
30/11/2021  14:47:38,168783;1,083921E+0;1,385232E-1;1,344760E-1;1,061044E+0;;
30/11/2021  14:47:38,168883;1,084439E+0;1,362931E-1;1,319485E-1;1,061568E+0;;
30/11/2021  14:47:38,168983;1,085107E+0;9,710776E-2;9,940750E-2;1,062114E+0;;
30/11/2021  14:47:38,169083;1,085086E+0;1,254614E-1;1,227865E-1;1,062681E+0;;
30/11/2021  14:47:38,169183;1,085453E+0;1,280100E-1;1,240502E-1;1,063267E+0;;
30/11/2021  14:47:38,169283;1,085685E+0;1,181340E-1;1,098333E-1;1,063870E+0;;
30/11/2021  14:47:38,169383;1,086490E+0;1,178155E-1;1,373193E-1;1,064490E+0;;
30/11/2021  14:47:38,169483;1,087527E+0;1,260985E-1;1,253139E-1;1,065125E+0;;
30/11/2021  14:47:38,169583;1,088457E+0;1,318330E-1;1,351078E-1;1,065773E+0;;
30/11/2021  14:47:38,169683;1,088817E+0;1,060280E-1;1,022509E-1;1,066434E+0;;
30/11/2021  14:47:38,169783;1,089369E+0;1,232313E-1;1,189953E-1;1,067106E+0;;
30/11/2021  14:47:38,169883;1,089428E+0;1,468062E-1;1,445858E-1;1,067789E+0;;
30/11/2021  14:47:38,169983;1,090036E+0;1,210013E-1;1,161519E-1;1,068480E+0;;
30/11/2021  14:47:38,170083;1,091008E+0;1,356559E-1;1,373193E-1;1,069180E+0;;
30/11/2021  14:47:38,170183;1,091902E+0;1,356559E-1;1,306848E-1;1,069886E+0;;
30/11/2021  14:47:38,170283;1,092951E+0;1,366117E-1;1,742834E-1;1,070598E+0;;
30/11/2021  14:47:38,170383;1,093216E+0;1,251428E-1;1,310007E-1;1,071315E+0;;
30/11/2021  14:47:38,170483;1,093547E+0;1,174969E-1;1,208909E-1;1,072037E+0;;
30/11/2021  14:47:38,170583;1,094030E+0;1,194084E-1;1,259458E-1;1,072762E+0;;
30/11/2021  14:47:38,170683;1,094474E+0;9,615202E-2;9,814378E-2;1,073489E+0;;
30/11/2021  14:47:38,170783;1,094510E+0;-2,745702E-2;4,727872E-2;1,074219E+0;;
30/11/2021  14:47:38,170883;1,096015E+0;1,155854E-1;1,234183E-1;1,074950E+0;;
30/11/2021  14:47:38,170983;1,096677E+0;1,104881E-1;1,445858E-1;1,075681E+0;;
30/11/2021  14:47:38,171083;1,097434E+0;1,206827E-1;1,215227E-1;1,076412E+0;;
30/11/2021  14:47:38,171183;1,097192E+0;1,190898E-1;1,079377E-1;1,077142E+0;;
30/11/2021  14:47:38,171283;1,097094E+0;1,025236E-1;1,310007E-1;1,077871E+0;;
30/11/2021  14:47:38,171383;1,097603E+0;1,108067E-1;1,231024E-1;1,078598E+0;;
30/11/2021  14:47:38,171483;1,098271E+0;2,510868E-2;4,475127E-2;1,079322E+0;;
30/11/2021  14:47:38,171583;1,099100E+0;2,594380E-4;2,732311E-3;1,080043E+0;;
30/11/2021  14:47:38,171683;1,098429E+0;5,038138E-3;6,523495E-3;1,080761E+0;;
30/11/2021  14:47:38,171783;1,098804E+0;8,223938E-3;1,126247E-2;1,081473E+0;;
30/11/2021  14:47:38,171883;1,099356E+0;8,861098E-3;1,063061E-2;1,082181E+0;;
30/11/2021  14:47:38,171983;1,099028E+0;1,172832E-2;1,284213E-2;1,082883E+0;;
30/11/2021  14:47:38,172083;1,099684E+0;8,542518E-3;9,682815E-3;1,083579E+0;;
30/11/2021  14:47:38,172183;1,100214E+0;1,140974E-2;1,284213E-2;1,084267E+0;;
30/11/2021  14:47:38,172283;1,101049E+0;9,179678E-3;9,050951E-3;1,084948E+0;;
30/11/2021  14:47:38,172383;1,100763E+0;5,675298E-3;7,471291E-3;1,085621E+0;;
30/11/2021  14:47:38,172483;1,100134E+0;8,861098E-3;1,063061E-2;1,086286E+0;;
30/11/2021  14:47:38,172583;1,100226E+0;2,808078E-3;4,311971E-3;1,086942E+0;;
30/11/2021  14:47:38,172683;1,100304E+0;1,852338E-3;3,680107E-3;1,087588E+0;;
30/11/2021  14:47:38,172783;1,100709E+0;3,126658E-3;5,575699E-3;1,088224E+0;;
30/11/2021  14:47:38,172883;1,100950E+0;8,965980E-4;3,364175E-3;1,088849E+0;;
30/11/2021  14:47:38,172983;1,101365E+0;3,763818E-3;5,259767E-3;1,089462E+0;;
30/11/2021  14:47:38,173083;1,101096E+0;4,719558E-3;6,207563E-3;1,090064E+0;;
30/11/2021  14:47:38,173183;1,101186E+0;1,533758E-3;3,364175E-3;1,090654E+0;;
30/11/2021  14:47:38,173283;1,100450E+0;1,215178E-3;3,680107E-3;1,091232E+0;;
30/11/2021  14:47:38,173383;1,099994E+0;8,965980E-4;3,364175E-3;1,091796E+0;;
30/11/2021  14:47:38,173483;1,100667E+0;2,594380E-4;3,680107E-3;1,092346E+0;;
30/11/2021  14:47:38,173583;1,100414E+0;1,215178E-3;3,680107E-3;1,092883E+0;;
30/11/2021  14:47:38,173683;1,100578E+0;1,533758E-3;3,680107E-3;1,093404E+0;;
30/11/2021  14:47:38,173783;1,099895E+0;1,533758E-3;3,364175E-3;1,093911E+0;;
30/11/2021  14:47:38,173883;1,099040E+0;8,965980E-4;3,048243E-3;1,094402E+0;;
30/11/2021  14:47:38,173983;1,097979E+0;1,533758E-3;3,364175E-3;1,094877E+0;;
30/11/2021  14:47:38,174083;1,097806E+0;2,808078E-3;4,311971E-3;1,095335E+0;;
30/11/2021  14:47:38,174183;1,097013E+0;1,215178E-3;3,364175E-3;1,095775E+0;;
30/11/2021  14:47:38,174283;1,096963E+0;8,965980E-4;3,048243E-3;1,096197E+0;;
30/11/2021  14:47:38,174383;1,097031E+0;5,780180E-4;3,364175E-3;1,096600E+0;;
30/11/2021  14:47:38,174483;1,096364E+0;8,965980E-4;3,680107E-3;1,096983E+0;;
30/11/2021  14:47:38,174583;1,095449E+0;5,780180E-4;3,048243E-3;1,097347E+0;;
30/11/2021  14:47:38,174683;1,094432E+0;1,215178E-3;3,048243E-3;1,097689E+0;;
30/11/2021  14:47:38,174783;1,093902E+0;8,965980E-4;3,364175E-3;1,098009E+0;;
30/11/2021  14:47:38,174883;1,093765E+0;1,215178E-3;3,680107E-3;1,098308E+0;;
30/11/2021  14:47:38,174983;1,094042E+0;6,949618E-3;1,063061E-2;1,098584E+0;;
30/11/2021  14:47:38,175083;1,094021E+0;5,356718E-3;1,031468E-2;1,098836E+0;;
30/11/2021  14:47:38,175183;1,093240E+0;1,204690E-2;1,473773E-2;1,099065E+0;;
30/11/2021  14:47:38,175283;1,093127E+0;1,395838E-2;1,726518E-2;1,099271E+0;;
30/11/2021  14:47:38,175383;1,092328E+0;1,395838E-2;1,758111E-2;1,099453E+0;;
30/11/2021  14:47:38,175483;1,091962E+0;1,300264E-2;1,726518E-2;1,099611E+0;;
30/11/2021  14:47:38,175583;1,092719E+0;1,459554E-2;1,631739E-2;1,099745E+0;;
30/11/2021  14:47:38,175683;1,092662E+0;1,268406E-2;1,694925E-2;1,099855E+0;;
30/11/2021  14:47:38,175783;1,092337E+0;1,057094E-1;3,274585E-2;1,099942E+0;;
30/11/2021  14:47:38,175883;1,092477E+0;1,714418E-2;2,326789E-2;1,100006E+0;;
30/11/2021  14:47:38,175983;1,091160E+0;6,588692E-2;7,697633E-2;1,100047E+0;;
30/11/2021  14:47:38,176083;1,091288E+0;1,618844E-2;1,852891E-2;1,100066E+0;;
30/11/2021  14:47:38,176183;1,091735E+0;1,459554E-2;1,947671E-2;1,100063E+0;;
30/11/2021  14:47:38,176283;1,091646E+0;1,002936E-1;1,114129E-1;1,100039E+0;;
30/11/2021  14:47:38,176383;1,091768E+0;2,861306E-2;3,495737E-2;1,099995E+0;;
30/11/2021  14:47:38,176483;1,091658E+0;1,471248E-1;2,178820E-1;1,099932E+0;;
30/11/2021  14:47:38,176583;1,090868E+0;1,324701E-1;1,322644E-1;1,099849E+0;;
30/11/2021  14:47:38,176683;1,091160E+0;1,190898E-1;1,152041E-1;1,099749E+0;;
30/11/2021  14:47:38,176783;1,090162E+0;1,149482E-1;2,020854E-1;1,099631E+0;;
30/11/2021  14:47:38,176883;1,090928E+0;5,664810E-2;7,255328E-2;1,099497E+0;;
30/11/2021  14:47:38,176983;1,090984E+0;1,225942E-1;1,401627E-1;1,099348E+0;;
30/11/2021  14:47:38,177083;1,090612E+0;1,238685E-1;1,095173E-1;1,099184E+0;;
30/11/2021  14:47:38,177183;1,090707E+0;1,012493E-1;1,073058E-1;1,099007E+0;;
30/11/2021  14:47:38,177283;1,090939E+0;1,671954E-1;1,824976E-1;1,098817E+0;;
30/11/2021  14:47:38,177383;1,090334E+0;9,519628E-2;1,521681E-1;1,098615E+0;;
30/11/2021  14:47:38,177483;1,090942E+0;1,331073E-1;1,360556E-1;1,098403E+0;;
30/11/2021  14:47:38,177583;1,091217E+0;1,375674E-1;1,458495E-1;1,098181E+0;;
30/11/2021  14:47:38,177683;1,091184E+0;1,442576E-1;1,496407E-1;1,097951E+0;;
30/11/2021  14:47:38,177783;1,091434E+0;1,066652E-1;8,329497E-2;1,097713E+0;;
30/11/2021  14:47:38,177883;1,091032E+0;1,337445E-1;1,303688E-1;1,097469E+0;;
30/11/2021  14:47:38,177983;1,090764E+0;1,347002E-1;1,297370E-1;1,097219E+0;;
30/11/2021  14:47:38,178083;1,091187E+0;1,675139E-1;1,660692E-1;1,096966E+0;;
30/11/2021  14:47:38,178183;1,090850E+0;1,490363E-1;1,635417E-1;1,096709E+0;;
30/11/2021  14:47:38,178283;1,091339E+0;1,225942E-1;1,231024E-1;1,096449E+0;;
30/11/2021  14:47:38,178383;1,091285E+0;1,206827E-1;1,136244E-1;1,096189E+0;;
30/11/2021  14:47:38,178483;1,090418E+0;1,136739E-1;1,050943E-1;1,095928E+0;;
30/11/2021  14:47:38,178583;1,090570E+0;1,337445E-1;1,480610E-1;1,095667E+0;;
30/11/2021  14:47:38,178683;1,089700E+0;1,401161E-1;1,303688E-1;1,095407E+0;;
30/11/2021  14:47:38,178783;1,088859E+0;1,251428E-1;1,259458E-1;1,095148E+0;;
30/11/2021  14:47:38,178883;1,089607E+0;9,328480E-2;1,076217E-1;1,094891E+0;;
30/11/2021  14:47:38,178983;1,089998E+0;1,324701E-1;1,388990E-1;1,094637E+0;;
30/11/2021  14:47:38,179083;1,089807E+0;4,167484E-2;8,076751E-2;1,094385E+0;;
30/11/2021  14:47:38,179183;1,088856E+0;1,302401E-1;1,540637E-1;1,094136E+0;;
30/11/2021  14:47:38,179283;1,088356E+0;1,238685E-1;1,268936E-1;1,093891E+0;;
30/11/2021  14:47:38,179383;1,087745E+0;1,359745E-1;1,483770E-1;1,093649E+0;;
30/11/2021  14:47:38,179483;1,087011E+0;1,382046E-1;1,243661E-1;1,093411E+0;;
30/11/2021  14:47:38,179583;1,087333E+0;1,990534E-1;1,644895E-1;1,093177E+0;;
30/11/2021  14:47:38,179683;1,086958E+0;1,267357E-1;1,028828E-1;1,092946E+0;;
30/11/2021  14:47:38,179783;1,086329E+0;1,557265E-1;1,553275E-1;1,092718E+0;;
30/11/2021  14:47:38,179883;1,085348E+0;1,219570E-1;1,120448E-1;1,092494E+0;;
30/11/2021  14:47:38,179983;1,085545E+0;1,015679E-1;1,054102E-1;1,092272E+0;;
30/11/2021  14:47:38,180083;1,084571E+0;1,525407E-1;1,809180E-1;1,092053E+0;;
30/11/2021  14:47:38,180183;1,084493E+0;1,321516E-1;1,237343E-1;1,091836E+0;;
30/11/2021  14:47:38,180283;1,083992E+0;8,277166E-2;6,813023E-2;1,091621E+0;;
30/11/2021  14:47:38,180383;1,083909E+0;9,073616E-2;9,024547E-2;1,091408E+0;;
30/11/2021  14:47:38,180483;1,083343E+0;9,965640E-2;8,613836E-2;1,091196E+0;;
30/11/2021  14:47:38,180583;1,083036E+0;-3,797016E-2;4,222381E-2;1,090985E+0;;
30/11/2021  14:47:38,180683;1,082419E+0;8,086018E-2;9,087734E-2;1,090774E+0;;
30/11/2021  14:47:38,180783;1,081969E+0;9,838208E-2;1,098333E-1;1,090563E+0;;
30/11/2021  14:47:38,180883;1,082034E+0;9,519628E-2;1,063580E-1;1,090351E+0;;
30/11/2021  14:47:38,180983;1,083027E+0;9,583344E-2;1,066739E-1;1,090139E+0;;
30/11/2021  14:47:38,181083;1,082711E+0;6,270112E-2;7,065769E-2;1,089927E+0;;
30/11/2021  14:47:38,181183;1,082943E+0;8,277166E-2;9,498445E-2;1,089713E+0;;
30/11/2021  14:47:38,181283;1,082821E+0;9,201048E-2;8,582243E-2;1,089498E+0;;
30/11/2021  14:47:38,181383;1,083378E+0;8,946184E-2;1,044624E-1;1,089283E+0;;
30/11/2021  14:47:38,181483;1,082958E+0;9,933782E-2;1,183634E-1;1,089068E+0;;
30/11/2021  14:47:38,181583;1,084016E+0;1,079395E-1;1,038306E-1;1,088852E+0;;
30/11/2021  14:47:38,181683;1,085074E+0;1,139925E-1;1,177316E-1;1,088636E+0;;
30/11/2021  14:47:38,181783;1,084511E+0;1,088952E-1;6,655058E-2;1,088421E+0;;
30/11/2021  14:47:38,181883;1,084806E+0;1,174969E-1;1,047783E-1;1,088208E+0;;
30/11/2021  14:47:38,181983;1,084106E+0;7,385142E-2;8,392683E-2;1,087996E+0;;
30/11/2021  14:47:38,182083;1,083840E+0;8,149734E-2;5,896821E-2;1,087787E+0;;
30/11/2021  14:47:38,182183;1,084049E+0;1,563636E-1;1,325804E-1;1,087581E+0;;
30/11/2021  14:47:38,182283;1,084848E+0;1,531778E-1;1,291051E-1;1,087378E+0;;
30/11/2021  14:47:38,182383;1,084863E+0;1,519035E-1;1,458495E-1;1,087178E+0;;
30/11/2021  14:47:38,182483;1,085161E+0;1,289658E-1;1,351078E-1;1,086982E+0;;
30/11/2021  14:47:38,182583;1,084463E+0;1,136739E-1;1,120448E-1;1,086791E+0;;
30/11/2021  14:47:38,182683;1,083796E+0;1,216384E-1;1,060421E-1;1,086605E+0;;
30/11/2021  14:47:38,182783;1,083665E+0;8,786894E-2;7,666040E-2;1,086424E+0;;
30/11/2021  14:47:38,182883;1,084469E+0;1,213198E-1;1,218387E-1;1,086248E+0;;
30/11/2021  14:47:38,182983;1,084827E+0;1,213198E-1;1,202590E-1;1,086078E+0;;
30/11/2021  14:47:38,183083;1,084457E+0;1,388417E-1;1,588027E-1;1,085913E+0;;
30/11/2021  14:47:38,183183;1,084496E+0;1,184526E-1;8,961361E-2;1,085754E+0;;
30/11/2021  14:47:38,183283;1,084335E+0;1,050723E-1;8,550650E-2;1,085601E+0;;
30/11/2021  14:47:38,183383;1,084726E+0;1,276914E-1;1,477451E-1;1,085454E+0;;
30/11/2021  14:47:38,183483;1,084392E+0;1,225942E-1;1,152041E-1;1,085314E+0;;
30/11/2021  14:47:38,183583;1,084809E+0;1,181340E-1;1,249980E-1;1,085180E+0;;
30/11/2021  14:47:38,183683;1,085223E+0;8,850610E-2;9,182514E-2;1,085053E+0;;
30/11/2021  14:47:38,183783;1,085420E+0;1,311958E-1;1,221546E-1;1,084932E+0;;
30/11/2021  14:47:38,183883;1,085491E+0;1,640096E-1;1,828136E-1;1,084818E+0;;
30/11/2021  14:47:38,183983;1,085223E+0;1,276914E-1;1,268936E-1;1,084711E+0;;
30/11/2021  14:47:38,184083;1,084189E+0;1,127182E-1;1,085695E-1;1,084611E+0;;
30/11/2021  14:47:38,184183;1,084076E+0;9,169190E-2;9,719598E-2;1,084519E+0;;
30/11/2021  14:47:38,184283;1,084061E+0;1,299215E-1;1,284732E-1;1,084433E+0;;
30/11/2021  14:47:38,184383;1,084216E+0;1,077258E-2;2,358382E-2;1,084353E+0;;
30/11/2021  14:47:38,184483;1,083521E+0;1,229127E-1;1,240502E-1;1,084280E+0;;
30/11/2021  14:47:38,184583;1,082362E+0;1,245056E-1;1,180475E-1;1,084212E+0;;
30/11/2021  14:47:38,184683;1,081253E+0;8,563888E-2;6,433905E-2;1,084151E+0;;
30/11/2021  14:47:38,184783;1,080461E+0;1,350188E-1;1,174156E-1;1,084093E+0;;
30/11/2021  14:47:38,184883;1,080455E+0;1,264171E-1;1,243661E-1;1,084040E+0;;
30/11/2021  14:47:38,184983;1,080169E+0;8,755036E-2;7,981972E-2;1,083990E+0;;
30/11/2021  14:47:38,185083;1,080014E+0;1,015679E-1;1,287892E-1;1,083941E+0;;
30/11/2021  14:47:38,185183;1,079263E+0;1,219570E-1;1,370034E-1;1,083894E+0;;
30/11/2021  14:47:38,185283;1,078643E+0;1,260985E-1;1,278414E-1;1,083848E+0;;
30/11/2021  14:47:38,185383;1,078029E+0;1,356559E-1;1,256299E-1;1,083801E+0;;
30/11/2021  14:47:38,185483;1,077963E+0;1,375674E-1;1,483770E-1;1,083753E+0;;
30/11/2021  14:47:38,185583;1,078780E+0;1,127182E-1;1,142563E-1;1,083703E+0;;
30/11/2021  14:47:38,185683;1,078071E+0;1,225942E-1;1,205749E-1;1,083650E+0;;
30/11/2021  14:47:38,185783;1,078792E+0;1,289658E-1;1,370034E-1;1,083594E+0;;
30/11/2021  14:47:38,185883;1,078974E+0;1,270543E-1;1,215227E-1;1,083534E+0;;
30/11/2021  14:47:38,185983;1,077623E+0;1,206827E-1;1,243661E-1;1,083470E+0;;
30/11/2021  14:47:38,186083;1,077400E+0;1,308772E-1;1,354238E-1;1,083403E+0;;
30/11/2021  14:47:38,186183;1,077647E+0;1,401161E-1;1,411105E-1;1,083330E+0;;
30/11/2021  14:47:38,186283;1,077784E+0;1,101695E-1;1,016190E-1;1,083253E+0;;
30/11/2021  14:47:38,186383;1,078056E+0;1,296029E-1;1,294210E-1;1,083171E+0;;
30/11/2021  14:47:38,186483;1,077916E+0;6,312458E-3;2,642721E-2;1,083084E+0;;
30/11/2021  14:47:38,186583;1,077299E+0;1,334259E-1;1,613302E-1;1,082992E+0;;
30/11/2021  14:47:38,186683;1,077212E+0;1,544522E-1;1,629098E-1;1,082895E+0;;
30/11/2021  14:47:38,186783;1,076565E+0;1,331073E-1;1,322644E-1;1,082793E+0;;
30/11/2021  14:47:38,186883;1,076712E+0;1,391603E-1;1,335282E-1;1,082686E+0;;
30/11/2021  14:47:38,186983;1,077123E+0;1,366117E-1;1,370034E-1;1,082574E+0;;
30/11/2021  14:47:38,187083;1,077445E+0;1,168597E-1;1,183634E-1;1,082457E+0;;
30/11/2021  14:47:38,187183;1,077197E+0;1,541336E-1;1,692285E-1;1,082335E+0;;
30/11/2021  14:47:38,187283;1,076631E+0;1,241871E-1;1,189953E-1;1,082209E+0;;
30/11/2021  14:47:38,187383;1,075904E+0;1,270543E-1;1,237343E-1;1,082078E+0;;
30/11/2021  14:47:38,187483;1,075746E+0;1,203641E-1;1,196272E-1;1,081944E+0;;
30/11/2021  14:47:38,187583;1,076285E+0;-3,319146E-2;5,201770E-2;1,081805E+0;;
30/11/2021  14:47:38,187683;1,076399E+0;1,331073E-1;1,291051E-1;1,081662E+0;;
30/11/2021  14:47:38,187783;1,076160E+0;1,308772E-1;1,373193E-1;1,081516E+0;;
30/11/2021  14:47:38,187883;1,076104E+0;1,241871E-1;1,031987E-1;1,081366E+0;;
30/11/2021  14:47:38,187983;1,075460E+0;1,302401E-1;1,294210E-1;1,081213E+0;;
30/11/2021  14:47:38,188083;1,075263E+0;1,311958E-1;1,341600E-1;1,081057E+0;;
30/11/2021  14:47:38,188183;1,075299E+0;1,302401E-1;1,373193E-1;1,080899E+0;;
30/11/2021  14:47:38,188283;1,075344E+0;1,041165E-1;1,047783E-1;1,080737E+0;;
30/11/2021  14:47:38,188383;1,075138E+0;1,668768E-1;1,591187E-1;1,080574E+0;;
30/11/2021  14:47:38,188483;1,074902E+0;1,442576E-1;1,433221E-1;1,080408E+0;;
30/11/2021  14:47:38,188583;1,074944E+0;1,496735E-1;1,689125E-1;1,080241E+0;;
30/11/2021  14:47:38,188683;1,073797E+0;1,324701E-1;1,303688E-1;1,080071E+0;;
30/11/2021  14:47:38,188783;1,073186E+0;1,296029E-1;1,186794E-1;1,079901E+0;;
30/11/2021  14:47:38,188883;1,073096E+0;7,193994E-2;8,519056E-2;1,079728E+0;;
30/11/2021  14:47:38,188983;1,073076E+0;1,257800E-1;1,262617E-1;1,079554E+0;;
30/11/2021  14:47:38,189083;1,072709E+0;1,350188E-1;1,379512E-1;1,079377E+0;;
30/11/2021  14:47:38,189183;1,072488E+0;1,321516E-1;1,265777E-1;1,079200E+0;;
30/11/2021  14:47:38,189283;1,071544E+0;1,190898E-1;1,325804E-1;1,079020E+0;;
30/11/2021  14:47:38,189383;1,071463E+0;1,652839E-1;2,068244E-1;1,078838E+0;;
30/11/2021  14:47:38,189483;1,070751E+0;2,019206E-1;2,011376E-1;1,078654E+0;;
30/11/2021  14:47:38,189583;1,070399E+0;1,372488E-1;1,338441E-1;1,078468E+0;;
30/11/2021  14:47:38,189683;1,070009E+0;1,595494E-1;1,531159E-1;1,078280E+0;;
30/11/2021  14:47:38,189783;1,069872E+0;1,554079E-1;1,537478E-1;1,078089E+0;;
30/11/2021  14:47:38,189883;1,069380E+0;1,448948E-1;1,802861E-1;1,077895E+0;;
30/11/2021  14:47:38,189983;1,068078E+0;1,299215E-1;1,392149E-1;1,077698E+0;;
30/11/2021  14:47:38,190083;1,067639E+0;1,079395E-1;1,196272E-1;1,077497E+0;;
30/11/2021  14:47:38,190183;1,067657E+0;1,678325E-1;1,632258E-1;1,077293E+0;;
30/11/2021  14:47:38,190283;1,067875E+0;3,594040E-2;7,350108E-2;1,077085E+0;;
30/11/2021  14:47:38,190383;1,067657E+0;1,149482E-1;1,281573E-1;1,076872E+0;;
30/11/2021  14:47:38,190483;1,067628E+0;1,095324E-1;1,202590E-1;1,076656E+0;;
30/11/2021  14:47:38,190583;1,067419E+0;1,184526E-1;1,208909E-1;1,076435E+0;;
30/11/2021  14:47:38,190683;1,067026E+0;-6,749322E-3;6,686651E-2;1,076210E+0;;
30/11/2021  14:47:38,190783;1,086144E+0;9,901924E-2;1,351078E-1;1,075981E+0;;
30/11/2021  14:47:38,190883;1,086546E+0;1,203641E-1;1,439539E-1;1,075751E+0;;
30/11/2021  14:47:38,190983;1,087303E+0;-3,797016E-2;6,275939E-2;1,075523E+0;;
30/11/2021  14:47:38,191083;1,087897E+0;1,092138E-1;1,186794E-1;1,075301E+0;;
30/11/2021  14:47:38,191183;1,088010E+0;1,210013E-1;1,458495E-1;1,075090E+0;;
30/11/2021  14:47:38,191283;1,088201E+0;9,169190E-2;1,054102E-1;1,074892E+0;;
30/11/2021  14:47:38,191383;1,087664E+0;1,006121E-1;1,117289E-1;1,074711E+0;;
30/11/2021  14:47:38,191483;1,087920E+0;1,155854E-1;1,455336E-1;1,074548E+0;;
30/11/2021  14:47:38,191583;1,088472E+0;2,383436E-2;1,006712E-1;1,074407E+0;;
30/11/2021  14:47:38,191683;1,088925E+0;9,519628E-2;9,972343E-2;1,074288E+0;;
30/11/2021  14:47:38,191783;1,088770E+0;1,165411E-1;1,461654E-1;1,074194E+0;;
30/11/2021  14:47:38,191883;1,088221E+0;1,197269E-1;1,215227E-1;1,074124E+0;;
30/11/2021  14:47:38,191983;1,088323E+0;1,241871E-1;1,316326E-1;1,074082E+0;;
30/11/2021  14:47:38,192083;1,088239E+0;1,264171E-1;1,114129E-1;1,074066E+0;;
30/11/2021  14:47:38,192183;1,087935E+0;1,401161E-1;1,518522E-1;1,074077E+0;;
30/11/2021  14:47:38,192283;1,088019E+0;1,483991E-1;1,224705E-1;1,074115E+0;;
30/11/2021  14:47:38,192383;1,088639E+0;1,933189E-1;1,989261E-1;1,074180E+0;;
30/11/2021  14:47:38,192483;1,088680E+0;1,238685E-1;1,208909E-1;1,074272E+0;;
30/11/2021  14:47:38,192583;1,088573E+0;1,894960E-1;2,251484E-1;1,074389E+0;;
30/11/2021  14:47:38,192683;1,087998E+0;1,190898E-1;1,616461E-1;1,074533E+0;;
30/11/2021  14:47:38,192783;1,087712E+0;1,245056E-1;1,313166E-1;1,074700E+0;;
30/11/2021  14:47:38,192883;1,088260E+0;1,296029E-1;1,335282E-1;1,074891E+0;;
30/11/2021  14:47:38,192983;1,088302E+0;1,260985E-1;1,303688E-1;1,075105E+0;;
30/11/2021  14:47:38,193083;1,088135E+0;1,111253E-1;8,803395E-2;1,075340E+0;;
30/11/2021  14:47:38,193183;1,087622E+0;1,088952E-1;1,227865E-1;1,075595E+0;;
30/11/2021  14:47:38,193283;1,087563E+0;1,276914E-1;1,281573E-1;1,075868E+0;;
30/11/2021  14:47:38,193383;1,086576E+0;1,321516E-1;1,300529E-1;1,076159E+0;;
30/11/2021  14:47:38,193483;1,086561E+0;1,203641E-1;1,123607E-1;1,076466E+0;;
30/11/2021  14:47:38,193583;1,086842E+0;1,394789E-1;1,569071E-1;1,076786E+0;;
30/11/2021  14:47:38,193683;1,086564E+0;1,248242E-1;1,243661E-1;1,077118E+0;;
30/11/2021  14:47:38,193783;1,086535E+0;1,232313E-1;1,234183E-1;1,077461E+0;;
30/11/2021  14:47:38,193883;1,086010E+0;9,201048E-2;1,019350E-1;1,077813E+0;;
30/11/2021  14:47:38,193983;1,086263E+0;1,254614E-1;1,316326E-1;1,078173E+0;;
30/11/2021  14:47:38,194083;1,085679E+0;1,302401E-1;1,275255E-1;1,078537E+0;;
30/11/2021  14:47:38,194183;1,086120E+0;1,423461E-1;1,398468E-1;1,078906E+0;;
30/11/2021  14:47:38,194283;1,086654E+0;1,174969E-1;1,262617E-1;1,079278E+0;;
30/11/2021  14:47:38,194383;1,086853E+0;1,235499E-1;1,262617E-1;1,079651E+0;;
30/11/2021  14:47:38,194483;1,086701E+0;1,270543E-1;1,373193E-1;1,080023E+0;;
30/11/2021  14:47:38,194583;1,086853E+0;1,879031E-1;1,856569E-1;1,080395E+0;;
30/11/2021  14:47:38,194683;1,086213E+0;1,362931E-1;1,379512E-1;1,080764E+0;;
30/11/2021  14:47:38,194783;1,086216E+0;1,254614E-1;1,338441E-1;1,081130E+0;;
30/11/2021  14:47:38,194883;1,086734E+0;1,445762E-1;1,417424E-1;1,081491E+0;;
30/11/2021  14:47:38,194983;1,086770E+0;1,404346E-1;1,347919E-1;1,081847E+0;;
30/11/2021  14:47:38,195083;1,086949E+0;1,394789E-1;1,531159E-1;1,082197E+0;;
30/11/2021  14:47:38,195183;1,086865E+0;1,413904E-1;1,502726E-1;1,082540E+0;;
30/11/2021  14:47:38,195283;1,086934E+0;1,388417E-1;1,486929E-1;1,082875E+0;;
30/11/2021  14:47:38,195383;1,086400E+0;2,019206E-1;2,415769E-1;1,083203E+0;;
30/11/2021  14:47:38,195483;1,085956E+0;7,225852E-2;1,202590E-1;1,083521E+0;;
30/11/2021  14:47:38,195583;1,086314E+0;1,378860E-1;1,411105E-1;1,083829E+0;;
30/11/2021  14:47:38,195683;1,086555E+0;1,503106E-1;1,676488E-1;1,084128E+0;;
30/11/2021  14:47:38,195783;1,086889E+0;1,280100E-1;1,338441E-1;1,084416E+0;;
30/11/2021  14:47:38,195883;1,085825E+0;1,439390E-1;1,648054E-1;1,084693E+0;;
30/11/2021  14:47:38,195983;1,085590E+0;1,350188E-1;1,360556E-1;1,084959E+0;;
30/11/2021  14:47:38,196083;1,084991E+0;1,378860E-1;1,379512E-1;1,085214E+0;;
30/11/2021  14:47:38,196183;1,084925E+0;1,375674E-1;1,392149E-1;1,085456E+0;;
30/11/2021  14:47:38,196283;1,085667E+0;8,223938E-3;1,189434E-2;1,085685E+0;;
30/11/2021  14:47:38,196383;1,085554E+0;1,533758E-3;3,996039E-3;1,085902E+0;;
30/11/2021  14:47:38,196483;1,085837E+0;1,852338E-3;3,364175E-3;1,086106E+0;;
30/11/2021  14:47:38,196583;1,085170E+0;8,965980E-4;3,048243E-3;1,086297E+0;;
30/11/2021  14:47:38,196683;1,084922E+0;3,763818E-3;5,891631E-3;1,086474E+0;;
30/11/2021  14:47:38,196783;1,084997E+0;9,816838E-3;1,252620E-2;1,086639E+0;;
30/11/2021  14:47:38,196883;1,084946E+0;4,400978E-3;6,839427E-3;1,086790E+0;;
30/11/2021  14:47:38,196983;1,085688E+0;6,949618E-3;9,998747E-3;1,086928E+0;;
30/11/2021  14:47:38,197083;1,085810E+0;5,993878E-3;8,735019E-3;1,087053E+0;;
30/11/2021  14:47:38,197183;1,085882E+0;2,808078E-3;4,627903E-3;1,087166E+0;;
30/11/2021  14:47:38,197283;1,084860E+0;5,356718E-3;7,787223E-3;1,087266E+0;;
30/11/2021  14:47:38,197383;1,084395E+0;2,489498E-3;4,311971E-3;1,087354E+0;;
30/11/2021  14:47:38,197483;1,084225E+0;3,763818E-3;5,891631E-3;1,087430E+0;;
30/11/2021  14:47:38,197583;1,083977E+0;3,126658E-3;5,575699E-3;1,087495E+0;;
30/11/2021  14:47:38,197683;1,084472E+0;5,780180E-4;3,680107E-3;1,087547E+0;;
30/11/2021  14:47:38,197783;1,084523E+0;1,533758E-3;3,996039E-3;1,087589E+0;;
30/11/2021  14:47:38,197883;1,084019E+0;2,170918E-3;3,680107E-3;1,087619E+0;;
30/11/2021  14:47:38,197983;1,084121E+0;8,965980E-4;3,048243E-3;1,087639E+0;;
30/11/2021  14:47:38,198083;1,083411E+0;1,852338E-3;3,364175E-3;1,087647E+0;;
30/11/2021  14:47:38,198183;1,083334E+0;6,312458E-3;7,787223E-3;1,087646E+0;;
30/11/2021  14:47:38,198283;1,083498E+0;2,170918E-3;4,311971E-3;1,087635E+0;;
30/11/2021  14:47:38,198383;1,083754E+0;2,170918E-3;4,627903E-3;1,087614E+0;;
30/11/2021  14:47:38,198483;1,083837E+0;1,215178E-3;3,048243E-3;1,087584E+0;;
30/11/2021  14:47:38,198583;1,083632E+0;5,780180E-4;3,048243E-3;1,087544E+0;;
30/11/2021  14:47:38,198683;1,083119E+0;2,170918E-3;5,259767E-3;1,087497E+0;;
30/11/2021  14:47:38,198783;1,082443E+0;5,780180E-4;3,364175E-3;1,087441E+0;;
30/11/2021  14:47:38,198883;1,082782E+0;1,215178E-3;3,048243E-3;1,087377E+0;;
30/11/2021  14:47:38,198983;1,082335E+0;8,965980E-4;3,680107E-3;1,087306E+0;;
30/11/2021  14:47:38,199083;1,082759E+0;5,780180E-4;3,048243E-3;1,087228E+0;;
30/11/2021  14:47:38,199183;1,082469E+0;8,965980E-4;3,680107E-3;1,087143E+0;;
30/11/2021  14:47:38,199283;1,081975E+0;5,780180E-4;2,732311E-3;1,087051E+0;;
30/11/2021  14:47:38,199383;1,081480E+0;2,594380E-4;2,732311E-3;1,086953E+0;;
30/11/2021  14:47:38,199483;1,081170E+0;1,533758E-3;3,364175E-3;1,086849E+0;;
30/11/2021  14:47:38,199583;1,080723E+0;8,965980E-4;3,048243E-3;1,086739E+0;;
30/11/2021  14:47:38,199683;1,081280E+0;1,215178E-3;3,680107E-3;1,086624E+0;;
30/11/2021  14:47:38,199783;1,081334E+0;1,215178E-3;4,311971E-3;1,086503E+0;;
30/11/2021  14:47:38,199883;1,081170E+0;7,268198E-3;9,366883E-3;1,086377E+0;;
30/11/2021  14:47:38,199983;1,081069E+0;7,268198E-3;1,126247E-2;1,086247E+0;;
30/11/2021  14:47:38,200083;1,079933E+0;9,498258E-3;1,284213E-2;1,086111E+0;;
30/11/2021  14:47:38,200183;1,079328E+0;9,816838E-3;1,252620E-2;1,085972E+0;;
30/11/2021  14:47:38,200283;1,079465E+0;1,459554E-2;1,726518E-2;1,085828E+0;;
30/11/2021  14:47:38,200383;1,079871E+0;1,459554E-2;1,758111E-2;1,085680E+0;;
30/11/2021  14:47:38,200483;1,080368E+0;2,064856E-2;3,053433E-2;1,085528E+0;;
30/11/2021  14:47:38,200583;1,080681E+0;1,618844E-2;1,947671E-2;1,085373E+0;;
30/11/2021  14:47:38,200683;1,080258E+0;1,109116E-2;1,347400E-2;1,085214E+0;;
30/11/2021  14:47:38,200783;1,080622E+0;1,197269E-1;1,180475E-1;1,085052E+0;;
30/11/2021  14:47:38,200883;1,080195E+0;7,586778E-3;1,347400E-2;1,084888E+0;;
30/11/2021  14:47:38,200983;1,081331E+0;1,136739E-1;2,137749E-1;1,084722E+0;;
30/11/2021  14:47:38,201083;1,081182E+0;9,838208E-2;9,593225E-2;1,084555E+0;;
30/11/2021  14:47:38,201183;1,081352E+0;1,060280E-1;1,054102E-1;1,084387E+0;;
30/11/2021  14:47:38,201283;1,081656E+0;7,990444E-2;6,560278E-2;1,084219E+0;;
30/11/2021  14:47:38,201383;1,081742E+0;-4,519262E-3;2,800687E-2;1,084051E+0;;
30/11/2021  14:47:38,201483;1,081274E+0;1,066652E-1;1,313166E-1;1,083884E+0;;
30/11/2021  14:47:38,201583;1,081495E+0;1,483991E-1;1,704922E-1;1,083719E+0;;
30/11/2021  14:47:38,201683;1,082034E+0;1,410718E-1;1,651214E-1;1,083555E+0;;
30/11/2021  14:47:38,201783;1,082660E+0;8,372740E-2;1,148882E-1;1,083395E+0;;
30/11/2021  14:47:38,201883;1,083334E+0;1,541336E-1;2,011376E-1;1,083238E+0;;
30/11/2021  14:47:38,201983;1,083051E+0;9,360338E-2;1,101492E-1;1,083084E+0;;
30/11/2021  14:47:38,202083;1,083465E+0;1,245056E-1;1,370034E-1;1,082935E+0;;
30/11/2021  14:47:38,202183;1,083197E+0;1,442576E-1;1,467973E-1;1,082792E+0;;
30/11/2021  14:47:38,202283;1,083793E+0;1,656025E-1;1,714400E-1;1,082654E+0;;
30/11/2021  14:47:38,202383;1,085143E+0;1,974605E-1;1,806020E-1;1,082523E+0;;
30/11/2021  14:47:38,202483;1,085268E+0;1,563636E-1;1,452176E-1;1,082398E+0;;
30/11/2021  14:47:38,202583;1,085763E+0;1,652839E-1;1,303688E-1;1,082281E+0;;
30/11/2021  14:47:38,202683;1,085408E+0;1,359745E-1;1,177316E-1;1,082173E+0;;
30/11/2021  14:47:38,202783;1,085372E+0;1,385232E-1;1,284732E-1;1,082074E+0;;
30/11/2021  14:47:38,202883;1,086019E+0;1,289658E-1;1,202590E-1;1,081984E+0;;
30/11/2021  14:47:38,202983;1,086490E+0;1,308772E-1;1,357397E-1;1,081904E+0;;
30/11/2021  14:47:38,203083;1,086824E+0;1,382046E-1;1,540637E-1;1,081834E+0;;
30/11/2021  14:47:38,203183;1,087515E+0;1,331073E-1;1,376353E-1;1,081775E+0;;
30/11/2021  14:47:38,203283;1,087351E+0;1,206827E-1;1,518522E-1;1,081727E+0;;
30/11/2021  14:47:38,203383;1,087092E+0;1,206827E-1;1,234183E-1;1,081690E+0;;
30/11/2021  14:47:38,203483;1,086979E+0;1,245056E-1;1,278414E-1;1,081666E+0;;
30/11/2021  14:47:38,203583;1,086597E+0;1,598680E-1;1,426902E-1;1,081653E+0;;
30/11/2021  14:47:38,203683;1,087202E+0;9,328480E-2;1,088855E-1;1,081651E+0;;
30/11/2021  14:47:38,203783;1,087157E+0;1,324701E-1;1,287892E-1;1,081661E+0;;
30/11/2021  14:47:38,203883;1,087658E+0;1,257800E-1;1,483770E-1;1,081683E+0;;
30/11/2021  14:47:38,203983;1,086758E+0;1,235499E-1;1,189953E-1;1,081715E+0;;
30/11/2021  14:47:38,204083;1,086070E+0;1,222756E-1;1,104651E-1;1,081759E+0;;
30/11/2021  14:47:38,204183;1,085694E+0;1,308772E-1;1,341600E-1;1,081813E+0;;
30/11/2021  14:47:38,204283;1,085113E+0;8,213450E-2;1,531159E-1;1,081876E+0;;
30/11/2021  14:47:38,204383;1,084988E+0;1,114439E-1;1,000394E-1;1,081949E+0;;
30/11/2021  14:47:38,204483;1,085518E+0;1,034794E-1;9,972343E-2;1,082029E+0;;
30/11/2021  14:47:38,204583;1,084708E+0;1,276914E-1;1,300529E-1;1,082117E+0;;
30/11/2021  14:47:38,204683;1,084091E+0;1,241871E-1;1,379512E-1;1,082211E+0;;
30/11/2021  14:47:38,204783;1,084284E+0;1,015679E-1;1,107811E-1;1,082311E+0;;
30/11/2021  14:47:38,204883;1,084481E+0;1,206827E-1;1,243661E-1;1,082416E+0;;
30/11/2021  14:47:38,204983;1,084416E+0;1,219570E-1;1,212068E-1;1,082524E+0;;
30/11/2021  14:47:38,205083;1,084949E+0;1,178155E-1;1,183634E-1;1,082635E+0;;
30/11/2021  14:47:38,205183;1,085199E+0;1,095324E-1;7,413294E-2;1,082748E+0;;
30/11/2021  14:47:38,205283;1,084976E+0;1,213198E-1;1,196272E-1;1,082864E+0;;
30/11/2021  14:47:38,205383;1,084350E+0;1,222756E-1;1,246821E-1;1,082980E+0;;
30/11/2021  14:47:38,205483;1,084782E+0;1,139925E-1;1,041465E-1;1,083097E+0;;
30/11/2021  14:47:38,205583;1,084931E+0;1,168597E-1;1,231024E-1;1,083214E+0;;
30/11/2021  14:47:38,205683;1,084812E+0;6,620550E-2;1,085695E-1;1,083330E+0;;
30/11/2021  14:47:38,205783;1,085119E+0;1,363980E-2;7,381701E-2;1,083446E+0;;
30/11/2021  14:47:38,205883;1,085360E+0;1,155854E-1;1,114129E-1;1,083560E+0;;
30/11/2021  14:47:38,205983;1,084490E+0;8,563888E-2;9,593225E-2;1,083673E+0;;
30/11/2021  14:47:38,206083;1,084943E+0;1,155854E-1;1,117289E-1;1,083784E+0;;
30/11/2021  14:47:38,206183;1,085024E+0;1,168597E-1;1,133085E-1;1,083893E+0;;
30/11/2021  14:47:38,206283;1,084347E+0;1,127182E-1;1,145722E-1;1,083999E+0;;
30/11/2021  14:47:38,206383;1,085438E+0;1,162226E-1;1,016190E-1;1,084102E+0;;
30/11/2021  14:47:38,206483;1,085745E+0;1,098510E-1;1,082536E-1;1,084202E+0;;
30/11/2021  14:47:38,206583;1,085438E+0;1,063466E-1;1,240502E-1;1,084299E+0;;
30/11/2021  14:47:38,206683;1,085638E+0;1,618844E-2;1,031468E-2;1,084393E+0;;
30/11/2021  14:47:38,206783;1,085649E+0;9,392196E-2;9,372073E-2;1,084483E+0;;
30/11/2021  14:47:38,206883;1,085593E+0;9,933782E-2;9,119327E-2;1,084571E+0;;
30/11/2021  14:47:38,206983;1,086225E+0;8,595746E-2;7,413294E-2;1,084655E+0;;
30/11/2021  14:47:38,207083;1,086758E+0;1,165411E-1;1,129926E-1;1,084736E+0;;
30/11/2021  14:47:38,207183;1,086991E+0;5,038138E-3;-3,902261E-3;1,084814E+0;;
30/11/2021  14:47:38,207283;1,087303E+0;1,523270E-2;1,784515E-3;1,084889E+0;;
30/11/2021  14:47:38,207383;1,087157E+0;1,401161E-1;1,373193E-1;1,084962E+0;;
30/11/2021  14:47:38,207483;1,087375E+0;1,235499E-1;1,303688E-1;1,085033E+0;;
30/11/2021  14:47:38,207583;1,087783E+0;1,289658E-1;1,272095E-1;1,085101E+0;;
30/11/2021  14:47:38,207683;1,088198E+0;1,286472E-1;1,259458E-1;1,085169E+0;;
30/11/2021  14:47:38,207783;1,089288E+0;1,194084E-1;1,231024E-1;1,085235E+0;;
30/11/2021  14:47:38,207883;1,089580E+0;1,018865E-1;1,013031E-1;1,085300E+0;;
30/11/2021  14:47:38,207983;1,090457E+0;1,401161E-1;1,597505E-1;1,085365E+0;;
30/11/2021  14:47:38,208083;1,090251E+0;1,238685E-1;1,221546E-1;1,085431E+0;;
30/11/2021  14:47:38,208183;1,089810E+0;1,088952E-1;1,189953E-1;1,085498E+0;;
30/11/2021  14:47:38,208283;1,090361E+0;1,241871E-1;1,006712E-1;1,085566E+0;;
30/11/2021  14:47:38,208383;1,091208E+0;1,321516E-1;1,303688E-1;1,085636E+0;;
30/11/2021  14:47:38,208483;1,092084E+0;1,200455E-1;1,196272E-1;1,085708E+0;;
30/11/2021  14:47:38,208583;1,092191E+0;1,273729E-1;1,129926E-1;1,085784E+0;;
30/11/2021  14:47:38,208683;1,093178E+0;9,498258E-3;-3,486360E-2;1,085863E+0;;
30/11/2021  14:47:38,208783;1,093228E+0;1,308772E-1;1,272095E-1;1,085946E+0;;
30/11/2021  14:47:38,208883;1,093336E+0;1,452133E-1;1,543797E-1;1,086033E+0;;
30/11/2021  14:47:38,208983;1,093514E+0;1,327887E-1;1,322644E-1;1,086126E+0;;
30/11/2021  14:47:38,209083;1,094021E+0;1,270543E-1;1,215227E-1;1,086225E+0;;
30/11/2021  14:47:38,209183;1,095517E+0;1,852338E-3;2,674314E-2;1,086329E+0;;
30/11/2021  14:47:38,209283;1,095505E+0;-2,650128E-2;2,674314E-2;1,086441E+0;;
30/11/2021  14:47:38,209383;1,095157E+0;1,445762E-1;1,711241E-1;1,086559E+0;;
30/11/2021  14:47:38,209483;1,095481E+0;1,206827E-1;1,205749E-1;1,086684E+0;;
30/11/2021  14:47:38,209583;1,095613E+0;1,993719E-1;1,739675E-1;1,086817E+0;;
30/11/2021  14:47:38,209683;1,095472E+0;1,273729E-1;1,249980E-1;1,086958E+0;;
30/11/2021  14:47:38,209783;1,095991E+0;1,117624E-1;1,256299E-1;1,087107E+0;;
30/11/2021  14:47:38,209883;1,096986E+0;4,932076E-2;6,212753E-2;1,087263E+0;;
30/11/2021  14:47:38,209983;1,096772E+0;1,270543E-1;1,158360E-1;1,087427E+0;;
30/11/2021  14:47:38,210083;1,097013E+0;1,391603E-1;1,411105E-1;1,087600E+0;;
30/11/2021  14:47:38,210183;1,096510E+0;1,315144E-1;1,101492E-1;1,087780E+0;;
30/11/2021  14:47:38,210283;1,096361E+0;1,958676E-1;2,178820E-1;1,087968E+0;;
30/11/2021  14:47:38,210383;1,096829E+0;1,187712E-1;1,196272E-1;1,088164E+0;;
30/11/2021  14:47:38,210483;1,097332E+0;9,774492E-2;1,189953E-1;1,088366E+0;;
30/11/2021  14:47:38,210583;1,097875E+0;6,939130E-2;8,803395E-2;1,088576E+0;;
30/11/2021  14:47:38,210683;1,097863E+0;1,171783E-1;1,205749E-1;1,088792E+0;;
30/11/2021  14:47:38,210783;1,097803E+0;1,260985E-1;1,401627E-1;1,089014E+0;;
30/11/2021  14:47:38,210883;1,096823E+0;1,442576E-1;1,834454E-1;1,089243E+0;;
30/11/2021  14:47:38,210983;1,097413E+0;1,200455E-1;1,414265E-1;1,089476E+0;;
30/11/2021  14:47:38,211083;1,097329E+0;1,098510E-1;1,227865E-1;1,089715E+0;;
30/11/2021  14:47:38,211183;1,097547E+0;1,060280E-1;1,069899E-1;1,089959E+0;;
30/11/2021  14:47:38,211283;1,097538E+0;1,095324E-1;1,174156E-1;1,090206E+0;;
30/11/2021  14:47:38,211383;1,097183E+0;9,965640E-2;1,016190E-1;1,090456E+0;;
30/11/2021  14:47:38,211483;1,097019E+0;-7,110248E-2;-2,006669E-3;1,090710E+0;;
30/11/2021  14:47:38,211583;1,096080E+0;9,455912E-2;1,028828E-1;1,090965E+0;;
30/11/2021  14:47:38,211683;1,096420E+0;1,174969E-1;1,379512E-1;1,091221E+0;;
30/11/2021  14:47:38,211783;1,096447E+0;9,424054E-2;9,972343E-2;1,091478E+0;;
30/11/2021  14:47:38,211883;1,096322E+0;1,050723E-1;1,294210E-1;1,091734E+0;;
30/11/2021  14:47:38,211983;1,096557E+0;8,340882E-2;1,082536E-1;1,091989E+0;;
30/11/2021  14:47:38,212083;1,096036E+0;3,116170E-2;6,813023E-2;1,092243E+0;;
30/11/2021  14:47:38,212183;1,095857E+0;1,576380E-1;1,878685E-1;1,092494E+0;;
30/11/2021  14:47:38,212283;1,095061E+0;6,078964E-2;1,028828E-1;1,092741E+0;;
30/11/2021  14:47:38,212383;1,095791E+0;1,445762E-1;1,395309E-1;1,092985E+0;;
30/11/2021  14:47:38,212483;1,095893E+0;1,538150E-1;1,467973E-1;1,093224E+0;;
30/11/2021  14:47:38,212583;1,096337E+0;1,611423E-1;1,357397E-1;1,093457E+0;;
30/11/2021  14:47:38,212683;1,096116E+0;1,974605E-1;1,843932E-1;1,093685E+0;;
30/11/2021  14:47:38,212783;1,096060E+0;1,684697E-1;1,521681E-1;1,093907E+0;;
30/11/2021  14:47:38,212883;1,095663E+0;1,544522E-1;1,430061E-1;1,094122E+0;;
30/11/2021  14:47:38,212983;1,095508E+0;8,786894E-2;1,606983E-1;1,094330E+0;;
30/11/2021  14:47:38,213083;1,095982E+0;1,429833E-1;1,167838E-1;1,094530E+0;;
30/11/2021  14:47:38,213183;1,096760E+0;9,838208E-2;8,171531E-2;1,094723E+0;;
30/11/2021  14:47:38,213283;1,096712E+0;1,260985E-1;1,215227E-1;1,094909E+0;;
30/11/2021  14:47:38,213383;1,096179E+0;6,631038E-3;5,201770E-2;1,095086E+0;;
30/11/2021  14:47:38,213483;1,096539E+0;8,277166E-2;6,370719E-2;1,095256E+0;;
30/11/2021  14:47:38,213583;1,096274E+0;1,025236E-1;1,799702E-1;1,095417E+0;;
30/11/2021  14:47:38,213683;1,095943E+0;1,347002E-1;1,332122E-1;1,095571E+0;;
30/11/2021  14:47:38,213783;1,096823E+0;1,203641E-1;1,256299E-1;1,095717E+0;;
30/11/2021  14:47:38,213883;1,096590E+0;1,264171E-1;1,300529E-1;1,095855E+0;;
30/11/2021  14:47:38,213983;1,096873E+0;2,956880E-2;7,286922E-2;1,095985E+0;;
30/11/2021  14:47:38,214083;1,097347E+0;1,241871E-1;1,224705E-1;1,096107E+0;;
30/11/2021  14:47:38,214183;1,096656E+0;1,216384E-1;1,073058E-1;1,096222E+0;;
30/11/2021  14:47:38,214283;1,096551E+0;1,273729E-1;1,215227E-1;1,096330E+0;;
30/11/2021  14:47:38,214383;1,095928E+0;1,229127E-1;1,227865E-1;1,096430E+0;;
30/11/2021  14:47:38,214483;1,096602E+0;1,299215E-1;1,246821E-1;1,096524E+0;;
30/11/2021  14:47:38,214583;1,096522E+0;1,254614E-1;1,287892E-1;1,096611E+0;;
30/11/2021  14:47:38,214683;1,096644E+0;1,359745E-1;1,265777E-1;1,096691E+0;;
30/11/2021  14:47:38,214783;1,097183E+0;1,292843E-1;1,297370E-1;1,096764E+0;;
30/11/2021  14:47:38,214883;1,096602E+0;1,232313E-1;1,313166E-1;1,096831E+0;;
30/11/2021  14:47:38,214983;1,096119E+0;1,082581E-1;1,092014E-1;1,096892E+0;;
30/11/2021  14:47:38,215083;1,096370E+0;1,407532E-1;1,420583E-1;1,096947E+0;;
30/11/2021  14:47:38,215183;1,097076E+0;6,747982E-2;1,625939E-1;1,096997E+0;;
30/11/2021  14:47:38,215283;1,096805E+0;1,251428E-1;1,338441E-1;1,097040E+0;;
30/11/2021  14:47:38,215383;1,096456E+0;1,353374E-1;1,973464E-1;1,097079E+0;;
30/11/2021  14:47:38,215483;1,096352E+0;1,362931E-1;1,385831E-1;1,097113E+0;;
30/11/2021  14:47:38,215583;1,095851E+0;1,439390E-1;1,420583E-1;1,097142E+0;;
30/11/2021  14:47:38,215683;1,095496E+0;1,780271E-1;2,144068E-1;1,097166E+0;;
30/11/2021  14:47:38,215783;1,095642E+0;1,605052E-1;1,477451E-1;1,097185E+0;;
30/11/2021  14:47:38,215883;1,095836E+0;1,375674E-1;1,231024E-1;1,097200E+0;;
30/11/2021  14:47:38,215983;1,095660E+0;1,652839E-1;1,828136E-1;1,097211E+0;;
30/11/2021  14:47:38,216083;1,094626E+0;1,359745E-1;1,272095E-1;1,097217E+0;;
30/11/2021  14:47:38,216183;1,094540E+0;1,407532E-1;1,325804E-1;1,097218E+0;;
30/11/2021  14:47:38,216283;1,093368E+0;1,714418E-2;2,042450E-2;1,097215E+0;;
30/11/2021  14:47:38,216383;1,092787E+0;1,533758E-3;3,048243E-3;1,097207E+0;;
30/11/2021  14:47:38,216483;1,092883E+0;1,533758E-3;4,311971E-3;1,097194E+0;;
30/11/2021  14:47:38,216583;1,092531E+0;9,816838E-3;1,189434E-2;1,097176E+0;;
30/11/2021  14:47:38,216683;1,092367E+0;1,109116E-2;1,378993E-2;1,097152E+0;;
30/11/2021  14:47:38,216783;1,091568E+0;7,586778E-3;9,682815E-3;1,097122E+0;;
30/11/2021  14:47:38,216883;1,090963E+0;5,993878E-3;7,471291E-3;1,097086E+0;;
30/11/2021  14:47:38,216983;1,090960E+0;5,038138E-3;6,839427E-3;1,097044E+0;;
30/11/2021  14:47:38,217083;1,090999E+0;6,631038E-3;9,366883E-3;1,096994E+0;;
30/11/2021  14:47:38,217183;1,090749E+0;6,949618E-3;8,419087E-3;1,096938E+0;;
30/11/2021  14:47:38,217283;1,090764E+0;5,993878E-3;7,471291E-3;1,096874E+0;;
30/11/2021  14:47:38,217383;1,090305E+0;1,533758E-3;3,048243E-3;1,096802E+0;;
30/11/2021  14:47:38,217483;1,089685E+0;4,400978E-3;5,891631E-3;1,096724E+0;;
30/11/2021  14:47:38,217583;1,089309E+0;1,215178E-3;3,996039E-3;1,096637E+0;;
30/11/2021  14:47:38,217683;1,088665E+0;8,965980E-4;3,364175E-3;1,096543E+0;;
30/11/2021  14:47:38,217783;1,088570E+0;5,675298E-3;7,471291E-3;1,096441E+0;;
30/11/2021  14:47:38,217883;1,089157E+0;2,489498E-3;4,627903E-3;1,096332E+0;;
30/11/2021  14:47:38,217983;1,088993E+0;3,763818E-3;6,207563E-3;1,096214E+0;;
30/11/2021  14:47:38,218083;1,088397E+0;1,533758E-3;3,996039E-3;1,096088E+0;;
30/11/2021  14:47:38,218183;1,087780E+0;1,533758E-3;3,680107E-3;1,095954E+0;;
30/11/2021  14:47:38,218283;1,087262E+0;5,780180E-4;3,364175E-3;1,095813E+0;;
30/11/2021  14:47:38,218383;1,086812E+0;1,533758E-3;3,680107E-3;1,095664E+0;;
30/11/2021  14:47:38,218483;1,086779E+0;1,215178E-3;3,048243E-3;1,095508E+0;;
30/11/2021  14:47:38,218583;1,087232E+0;1,533758E-3;3,364175E-3;1,095343E+0;;
30/11/2021  14:47:38,218683;1,086997E+0;8,965980E-4;3,364175E-3;1,095172E+0;;
30/11/2021  14:47:38,218783;1,086785E+0;5,780180E-4;3,364175E-3;1,094993E+0;;
30/11/2021  14:47:38,218883;1,086237E+0;1,215178E-3;3,996039E-3;1,094807E+0;;
30/11/2021  14:47:38,218983;1,086004E+0;5,780180E-4;3,680107E-3;1,094614E+0;;
30/11/2021  14:47:38,219083;1,085491E+0;8,965980E-4;3,996039E-3;1,094415E+0;;
30/11/2021  14:47:38,219183;1,086016E+0;1,533758E-3;3,364175E-3;1,094209E+0;;
30/11/2021  14:47:38,219283;1,085992E+0;8,965980E-4;5,259767E-3;1,093997E+0;;
30/11/2021  14:47:38,219383;1,086177E+0;1,215178E-3;3,048243E-3;1,093780E+0;;
30/11/2021  14:47:38,219483;1,085715E+0;8,965980E-4;3,364175E-3;1,093558E+0;;
30/11/2021  14:47:38,219583;1,085798E+0;1,215178E-3;3,364175E-3;1,093331E+0;;
30/11/2021  14:47:38,219683;1,085581E+0;5,993878E-3;1,063061E-2;1,093100E+0;;
30/11/2021  14:47:38,219783;1,085396E+0;2,489498E-3;5,259767E-3;1,092864E+0;;
30/11/2021  14:47:38,219883;1,085533E+0;9,498258E-3;1,284213E-2;1,092626E+0;;
30/11/2021  14:47:38,219983;1,085703E+0;1,204690E-2;1,473773E-2;1,092385E+0;;
30/11/2021  14:47:38,220083;1,085995E+0;1,204690E-2;1,568552E-2;1,092141E+0;;
30/11/2021  14:47:38,220183;1,085176E+0;1,459554E-2;1,631739E-2;1,091895E+0;;
30/11/2021  14:47:38,220283;1,085217E+0;1,778134E-2;1,852891E-2;1,091649E+0;;
30/11/2021  14:47:38,220383;1,084737E+0;1,714418E-2;1,726518E-2;1,091401E+0;;
30/11/2021  14:47:38,220483;1,085405E+0;1,523270E-2;2,137230E-2;1,091153E+0;;
30/11/2021  14:47:38,220583;1,085140E+0;4,199342E-2;4,854245E-2;1,090905E+0;;
30/11/2021  14:47:38,220683;1,084881E+0;7,257710E-2;7,824006E-2;1,090658E+0;;
30/11/2021  14:47:38,220783;1,084964E+0;5,314372E-2;6,528685E-2;1,090412E+0;;
30/11/2021  14:47:38,220883;1,084267E+0;1,012493E-1;9,688005E-2;1,090166E+0;;
30/11/2021  14:47:38,220983;1,083557E+0;9,901924E-2;1,221546E-1;1,089923E+0;;
30/11/2021  14:47:38,221083;1,083438E+0;1,459554E-2;2,800687E-2;1,089682E+0;;
30/11/2021  14:47:38,221183;1,083888E+0;1,905566E-2;2,547941E-2;1,089442E+0;;
30/11/2021  14:47:38,221283;1,084025E+0;1,034794E-1;1,433221E-1;1,089205E+0;;
30/11/2021  14:47:38,221383;1,083468E+0;1,025236E-1;1,505885E-1;1,088970E+0;;
30/11/2021  14:47:38,221483;1,083271E+0;1,636910E-1;2,592691E-1;1,088738E+0;;
30/11/2021  14:47:38,221583;1,082484E+0;9,296622E-2;9,782784E-2;1,088508E+0;;
30/11/2021  14:47:38,221683;1,082016E+0;8,086018E-2;8,203124E-2;1,088281E+0;;
30/11/2021  14:47:38,221783;1,081417E+0;1,681511E-1;1,780746E-1;1,088057E+0;;
30/11/2021  14:47:38,221883;1,081680E+0;1,515849E-1;1,556434E-1;1,087836E+0;;
30/11/2021  14:47:38,221983;1,082309E+0;7,894870E-2;8,139938E-2;1,087616E+0;;
30/11/2021  14:47:38,222083;1,082094E+0;8,595746E-2;1,028828E-1;1,087400E+0;;
30/11/2021  14:47:38,222183;1,082010E+0;1,965047E-1;2,163023E-1;1,087185E+0;;
30/11/2021  14:47:38,222283;1,081408E+0;2,586278E-1;3,294060E-1;1,086974E+0;;
30/11/2021  14:47:38,222383;1,081477E+0;1,483991E-1;1,417424E-1;1,086765E+0;;
30/11/2021  14:47:38,222483;1,081176E+0;1,907703E-1;1,967146E-1;1,086558E+0;;
30/11/2021  14:47:38,222583;1,081787E+0;2,315485E-1;2,482115E-1;1,086354E+0;;
30/11/2021  14:47:38,222683;1,081850E+0;1,687883E-1;1,445858E-1;1,086153E+0;;
30/11/2021  14:47:38,222783;1,081999E+0;5,250656E-2;8,992954E-2;1,085954E+0;;
30/11/2021  14:47:38,222883;1,081227E+0;1,808943E-1;1,616461E-1;1,085759E+0;;
30/11/2021  14:47:38,222983;1,081009E+0;1,742041E-1;1,559593E-1;1,085566E+0;;
30/11/2021  14:47:38,223083;1,080502E+0;1,646467E-1;1,657532E-1;1,085377E+0;;
30/11/2021  14:47:38,223183;1,080797E+0;1,286472E-1;1,436380E-1;1,085190E+0;;
30/11/2021  14:47:38,223283;1,081280E+0;1,337445E-1;1,316326E-1;1,085007E+0;;
30/11/2021  14:47:38,223383;1,080926E+0;1,327887E-1;1,401627E-1;1,084826E+0;;
30/11/2021  14:47:38,223483;1,080461E+0;1,260985E-1;1,110970E-1;1,084649E+0;;
30/11/2021  14:47:38,223583;1,080565E+0;9,201048E-2;9,561632E-2;1,084474E+0;;
30/11/2021  14:47:38,223683;1,079823E+0;1,280100E-1;1,319485E-1;1,084303E+0;;
30/11/2021  14:47:38,223783;1,079647E+0;1,786642E-1;1,749153E-1;1,084135E+0;;
30/11/2021  14:47:38,223883;1,080014E+0;1,178155E-1;1,177316E-1;1,083969E+0;;
30/11/2021  14:47:38,223983;1,079871E+0;1,254614E-1;1,477451E-1;1,083807E+0;;
30/11/2021  14:47:38,224083;1,080488E+0;1,260985E-1;9,972343E-2;1,083647E+0;;
30/11/2021  14:47:38,224183;1,080321E+0;1,420275E-1;1,483770E-1;1,083490E+0;;
30/11/2021  14:47:38,224283;1,079889E+0;1,675139E-1;1,982942E-1;1,083336E+0;;
30/11/2021  14:47:38,224383;1,079948E+0;2,736011E-1;2,229369E-1;1,083185E+0;;
30/11/2021  14:47:38,224483;1,079903E+0;1,311958E-1;1,303688E-1;1,083036E+0;;
30/11/2021  14:47:38,224583;1,080431E+0;1,216384E-1;1,221546E-1;1,082891E+0;;
30/11/2021  14:47:38,224683;1,080902E+0;1,216384E-1;1,120448E-1;1,082749E+0;;
30/11/2021  14:47:38,224783;1,080470E+0;1,254614E-1;1,449017E-1;1,082609E+0;;
30/11/2021  14:47:38,224883;1,080836E+0;1,079395E-1;8,677022E-2;1,082474E+0;;
30/11/2021  14:47:38,224983;1,080383E+0;1,069837E-1;8,361090E-2;1,082341E+0;;
30/11/2021  14:47:38,225083;1,080592E+0;1,213198E-1;1,196272E-1;1,082213E+0;;
30/11/2021  14:47:38,225183;1,080243E+0;1,022050E-1;1,041465E-1;1,082088E+0;;
30/11/2021  14:47:38,225283;1,081322E+0;1,586986E-2;3,179805E-2;1,081967E+0;;
30/11/2021  14:47:38,225383;1,081277E+0;1,076209E-1;1,038306E-1;1,081850E+0;;
30/11/2021  14:47:38,225483;1,080258E+0;1,104881E-1;1,000394E-1;1,081738E+0;;
30/11/2021  14:47:38,225583;1,079990E+0;4,422348E-2;9,056141E-2;1,081630E+0;;
30/11/2021  14:47:38,225683;1,079257E+0;6,110822E-2;8,771802E-2;1,081526E+0;;
30/11/2021  14:47:38,225783;1,079084E+0;1,120810E-1;1,215227E-1;1,081426E+0;;
30/11/2021  14:47:38,225883;1,078705E+0;1,187712E-1;1,221546E-1;1,081330E+0;;
30/11/2021  14:47:38,225983;1,078717E+0;1,171783E-1;1,189953E-1;1,081237E+0;;
30/11/2021  14:47:38,226083;1,078592E+0;1,136739E-1;8,297904E-2;1,081148E+0;;
30/11/2021  14:47:38,226183;1,077755E+0;1,178155E-1;1,167838E-1;1,081061E+0;;
30/11/2021  14:47:38,226283;1,077242E+0;1,133553E-1;1,057261E-1;1,080977E+0;;
30/11/2021  14:47:38,226383;1,076875E+0;1,034794E-1;1,025668E-1;1,080895E+0;;
30/11/2021  14:47:38,226483;1,076315E+0;8,723178E-2;7,918786E-2;1,080814E+0;;
30/11/2021  14:47:38,226583;1,076777E+0;1,069837E-1;1,035146E-1;1,080734E+0;;
30/11/2021  14:47:38,226683;1,076956E+0;1,133553E-1;1,177316E-1;1,080655E+0;;
30/11/2021  14:47:38,226783;1,077245E+0;9,838208E-2;8,866581E-2;1,080576E+0;;
30/11/2021  14:47:38,226883;1,077123E+0;1,203641E-1;1,110970E-1;1,080496E+0;;
30/11/2021  14:47:38,226983;1,076667E+0;1,085766E-1;1,038306E-1;1,080417E+0;;
30/11/2021  14:47:38,227083;1,076402E+0;2,319720E-2;5,075397E-2;1,080336E+0;;
30/11/2021  14:47:38,227183;1,076652E+0;1,012493E-1;1,013031E-1;1,080255E+0;;
30/11/2021  14:47:38,227283;1,076670E+0;2,829448E-2;4,096008E-2;1,080173E+0;;
30/11/2021  14:47:38,227383;1,076729E+0;1,200455E-1;1,174156E-1;1,080090E+0;;
30/11/2021  14:47:38,227483;1,076592E+0;1,143111E-1;1,180475E-1;1,080006E+0;;
30/11/2021  14:47:38,227583;1,077004E+0;1,159040E-1;1,126766E-1;1,079920E+0;;
30/11/2021  14:47:38,227683;1,076244E+0;1,216384E-1;1,158360E-1;1,079834E+0;;
30/11/2021  14:47:38,227783;1,076083E+0;1,184526E-1;1,038306E-1;1,079746E+0;;
30/11/2021  14:47:38,227883;1,076709E+0;5,919674E-2;6,433905E-2;1,079657E+0;;
30/11/2021  14:47:38,227983;1,076887E+0;1,104881E-1;1,082536E-1;1,079567E+0;;
30/11/2021  14:47:38,228083;1,076425E+0;1,359745E-1;1,676488E-1;1,079476E+0;;
30/11/2021  14:47:38,228183;1,075552E+0;1,229127E-1;1,158360E-1;1,079384E+0;;
30/11/2021  14:47:38,228283;1,075710E+0;1,123996E-1;9,214107E-2;1,079291E+0;;
30/11/2021  14:47:38,228383;1,075698E+0;1,241871E-1;1,253139E-1;1,079197E+0;;
30/11/2021  14:47:38,228483;1,074932E+0;1,292843E-1;1,275255E-1;1,079103E+0;;
30/11/2021  14:47:38,228583;1,075084E+0;8,946184E-2;9,182514E-2;1,079007E+0;;
30/11/2021  14:47:38,228683;1,075242E+0;1,331073E-1;1,357397E-1;1,078910E+0;;
30/11/2021  14:47:38,228783;1,075013E+0;1,066652E-1;1,114129E-1;1,078812E+0;;
30/11/2021  14:47:38,228883;1,075054E+0;1,334259E-1;1,464814E-1;1,078712E+0;;
30/11/2021  14:47:38,228983;1,074733E+0;1,267357E-1;1,256299E-1;1,078612E+0;;
30/11/2021  14:47:38,229083;1,074724E+0;1,216384E-1;1,259458E-1;1,078510E+0;;
30/11/2021  14:47:38,229183;1,074479E+0;1,203641E-1;1,145722E-1;1,078407E+0;;
30/11/2021  14:47:38,229283;1,074977E+0;1,286472E-1;1,268936E-1;1,078303E+0;;
30/11/2021  14:47:38,229383;1,075350E+0;1,305587E-1;1,278414E-1;1,078198E+0;;
30/11/2021  14:47:38,229483;1,075829E+0;1,267357E-1;1,170997E-1;1,078092E+0;;
30/11/2021  14:47:38,229583;1,075594E+0;1,162226E-1;1,167838E-1;1,077985E+0;;
30/11/2021  14:47:38,229683;1,075671E+0;1,216384E-1;9,845971E-2;1,077878E+0;;
30/11/2021  14:47:38,229783;1,075382E+0;1,308772E-1;1,423743E-1;1,077772E+0;;
30/11/2021  14:47:38,229883;1,076431E+0;1,206827E-1;1,610142E-1;1,077665E+0;;
30/11/2021  14:47:38,229983;1,076518E+0;5,855958E-2;5,391329E-2;1,077559E+0;;
30/11/2021  14:47:38,230083;1,077165E+0;1,149482E-1;1,142563E-1;1,077454E+0;;
30/11/2021  14:47:38,230183;1,077033E+0;5,155082E-2;4,949025E-2;1,077350E+0;;
30/11/2021  14:47:38,230283;1,076908E+0;1,197269E-1;1,208909E-1;1,077249E+0;;
30/11/2021  14:47:38,230383;1,076834E+0;1,388417E-1;1,341600E-1;1,077150E+0;;
30/11/2021  14:47:38,230483;1,076905E+0;1,483991E-1;1,445858E-1;1,077054E+0;;
30/11/2021  14:47:38,230583;1,077123E+0;1,378860E-1;1,303688E-1;1,076961E+0;;
30/11/2021  14:47:38,230683;1,077898E+0;1,340630E-1;1,291051E-1;1,076872E+0;;
30/11/2021  14:47:38,230783;1,077641E+0;1,366117E-1;1,385831E-1;1,076786E+0;;
30/11/2021  14:47:38,230883;1,077525E+0;1,324701E-1;1,300529E-1;1,076705E+0;;
30/11/2021  14:47:38,230983;1,077269E+0;1,216384E-1;1,202590E-1;1,076628E+0;;
30/11/2021  14:47:38,231083;1,076911E+0;9,774492E-2;8,329497E-2;1,076556E+0;;
30/11/2021  14:47:38,231183;1,076911E+0;1,187712E-1;1,357397E-1;1,076489E+0;;
30/11/2021  14:47:38,231283;1,078336E+0;1,095324E-1;1,088855E-1;1,076427E+0;;
30/11/2021  14:47:38,231383;1,078327E+0;1,066652E-1;1,129926E-1;1,076370E+0;;
30/11/2021  14:47:38,231483;1,078237E+0;6,716124E-2;1,572231E-1;1,076318E+0;;
30/11/2021  14:47:38,231583;1,078848E+0;1,229127E-1;1,417424E-1;1,076272E+0;;
30/11/2021  14:47:38,231683;1,078696E+0;1,302401E-1;1,433221E-1;1,076231E+0;;
30/11/2021  14:47:38,231783;1,078431E+0;9,615202E-2;1,095173E-1;1,076197E+0;;
30/11/2021  14:47:38,231883;1,079388E+0;1,031608E-1;1,167838E-1;1,076168E+0;;
30/11/2021  14:47:38,231983;1,080240E+0;1,015679E-1;1,183634E-1;1,076146E+0;;
30/11/2021  14:47:38,232083;1,080344E+0;1,012493E-1;1,013031E-1;1,076130E+0;;
30/11/2021  14:47:38,232183;1,080249E+0;1,082581E-1;1,215227E-1;1,076121E+0;;
30/11/2021  14:47:38,232283;1,080440E+0;8,468314E-2;1,104651E-1;1,076119E+0;;
30/11/2021  14:47:38,232383;1,080461E+0;1,066652E-1;1,193112E-1;1,076124E+0;;
30/11/2021  14:47:38,232483;1,080646E+0;1,066652E-1;1,006712E-1;1,076136E+0;;
30/11/2021  14:47:38,232583;1,080380E+0;1,165411E-1;1,186794E-1;1,076156E+0;;
30/11/2021  14:47:38,232683;1,081477E+0;1,254614E-1;1,174156E-1;1,076183E+0;;
30/11/2021  14:47:38,232783;1,081176E+0;1,585937E-1;1,632258E-1;1,076218E+0;;
30/11/2021  14:47:38,232883;1,081355E+0;-6,963020E-4;-4,270090E-4;1,076260E+0;;
30/11/2021  14:47:38,232983;1,080941E+0;4,613496E-2;9,245700E-2;1,076310E+0;;
30/11/2021  14:47:38,233083;1,080848E+0;1,716555E-1;1,524841E-1;1,076367E+0;;
30/11/2021  14:47:38,233183;1,080565E+0;1,808943E-1;1,603824E-1;1,076431E+0;;
30/11/2021  14:47:38,233283;1,080795E+0;1,257800E-1;1,338441E-1;1,076502E+0;;
30/11/2021  14:47:38,233383;1,081352E+0;1,149482E-1;1,477451E-1;1,076579E+0;;
30/11/2021  14:47:38,233483;1,081003E+0;1,149482E-1;1,407946E-1;1,076662E+0;;
30/11/2021  14:47:38,233583;1,080708E+0;1,550893E-1;1,739675E-1;1,076752E+0;;
30/11/2021  14:47:38,233683;1,079775E+0;1,289658E-1;1,284732E-1;1,076847E+0;;
30/11/2021  14:47:38,233783;1,079197E+0;1,264171E-1;1,259458E-1;1,076946E+0;;
30/11/2021  14:47:38,233883;1,079224E+0;1,117624E-1;1,196272E-1;1,077050E+0;;
30/11/2021  14:47:38,233983;1,079281E+0;1,296029E-1;1,272095E-1;1,077158E+0;;
30/11/2021  14:47:38,234083;1,079775E+0;8,627604E-2;9,214107E-2;1,077268E+0;;
30/11/2021  14:47:38,234183;1,079739E+0;1,238685E-1;1,126766E-1;1,077380E+0;;
30/11/2021  14:47:38,234283;1,078750E+0;1,292843E-1;1,357397E-1;1,077494E+0;;
30/11/2021  14:47:38,234383;1,078690E+0;1,531778E-1;1,543797E-1;1,077609E+0;;
30/11/2021  14:47:38,234483;1,078005E+0;1,146297E-1;1,970305E-1;1,077725E+0;;
30/11/2021  14:47:38,234583;1,077105E+0;1,315144E-1;1,322644E-1;1,077840E+0;;
30/11/2021  14:47:38,234683;1,078082E+0;1,152668E-1;1,332122E-1;1,077953E+0;;
30/11/2021  14:47:38,234783;1,078684E+0;8,213450E-2;1,038306E-1;1,078065E+0;;
30/11/2021  14:47:38,234883;1,077862E+0;1,385232E-1;1,458495E-1;1,078174E+0;;
30/11/2021  14:47:38,234983;1,078661E+0;1,608238E-1;1,708081E-1;1,078280E+0;;
30/11/2021  14:47:38,235083;1,077999E+0;1,340630E-1;1,366875E-1;1,078383E+0;;
30/11/2021  14:47:38,235183;1,077543E+0;1,786642E-1;1,847091E-1;1,078482E+0;;
30/11/2021  14:47:38,235283;1,078202E+0;1,353374E-1;1,385831E-1;1,078576E+0;;
30/11/2021  14:47:38,235383;1,078595E+0;1,321516E-1;1,338441E-1;1,078666E+0;;
30/11/2021  14:47:38,235483;1,078613E+0;1,273729E-1;1,322644E-1;1,078752E+0;;
30/11/2021  14:47:38,235583;1,079212E+0;1,331073E-1;1,237343E-1;1,078832E+0;;
30/11/2021  14:47:38,235683;1,079412E+0;1,299215E-1;1,496407E-1;1,078908E+0;;
30/11/2021  14:47:38,235783;1,079114E+0;1,289658E-1;1,291051E-1;1,078979E+0;;
30/11/2021  14:47:38,235883;1,079748E+0;1,375674E-1;1,385831E-1;1,079045E+0;;
30/11/2021  14:47:38,235983;1,080249E+0;9,009900E-2;1,044624E-1;1,079107E+0;;
30/11/2021  14:47:38,236083;1,081200E+0;1,557265E-1;1,537478E-1;1,079165E+0;;
30/11/2021  14:47:38,236183;1,081510E+0;1,439390E-1;1,382671E-1;1,079219E+0;;
30/11/2021  14:47:38,236283;1,081805E+0;1,618844E-2;2,105637E-2;1,079269E+0;;
30/11/2021  14:47:38,236383;1,081936E+0;3,445238E-3;5,891631E-3;1,079318E+0;;
30/11/2021  14:47:38,236483;1,082344E+0;9,816838E-3;1,126247E-2;1,079364E+0;;
30/11/2021  14:47:38,236583;1,082809E+0;5,675298E-3;7,787223E-3;1,079408E+0;;
30/11/2021  14:47:38,236683;1,083897E+0;5,038138E-3;6,523495E-3;1,079452E+0;;
30/11/2021  14:47:38,236783;1,084505E+0;5,675298E-3;8,103155E-3;1,079495E+0;;
30/11/2021  14:47:38,236883;1,084609E+0;8,542518E-3;1,031468E-2;1,079539E+0;;
30/11/2021  14:47:38,236983;1,084600E+0;3,763818E-3;5,575699E-3;1,079584E+0;;
30/11/2021  14:47:38,237083;1,084791E+0;1,533758E-3;3,680107E-3;1,079632E+0;;
30/11/2021  14:47:38,237183;1,084889E+0;3,763818E-3;5,891631E-3;1,079682E+0;;
30/11/2021  14:47:38,237283;1,085590E+0;7,905358E-3;9,682815E-3;1,079735E+0;;
30/11/2021  14:47:38,237383;1,085965E+0;2,489498E-3;4,311971E-3;1,079791E+0;;
30/11/2021  14:47:38,237483;1,086639E+0;1,533758E-3;3,996039E-3;1,079852E+0;;
30/11/2021  14:47:38,237583;1,086347E+0;1,533758E-3;3,364175E-3;1,079918E+0;;
30/11/2021  14:47:38,237683;1,086502E+0;5,993878E-3;8,735019E-3;1,079989E+0;;
30/11/2021  14:47:38,237783;1,086740E+0;1,215178E-3;3,680107E-3;1,080066E+0;;
30/11/2021  14:47:38,237883;1,087172E+0;1,852338E-3;3,680107E-3;1,080149E+0;;
30/11/2021  14:47:38,237983;1,087098E+0;1,533758E-3;3,680107E-3;1,080238E+0;;
30/11/2021  14:47:38,238083;1,087524E+0;1,215178E-3;3,364175E-3;1,080333E+0;;
30/11/2021  14:47:38,238183;1,088028E+0;8,965980E-4;3,048243E-3;1,080435E+0;;
30/11/2021  14:47:38,238283;1,088397E+0;5,780180E-4;3,048243E-3;1,080543E+0;;
30/11/2021  14:47:38,238383;1,087512E+0;1,533758E-3;3,680107E-3;1,080659E+0;;
30/11/2021  14:47:38,238483;1,087262E+0;1,215178E-3;3,680107E-3;1,080782E+0;;
30/11/2021  14:47:38,238583;1,087780E+0;1,533758E-3;3,680107E-3;1,080911E+0;;
30/11/2021  14:47:38,238683;1,087685E+0;1,215178E-3;3,680107E-3;1,081047E+0;;
30/11/2021  14:47:38,238783;1,087846E+0;1,215178E-3;3,680107E-3;1,081190E+0;;
30/11/2021  14:47:38,238883;1,088469E+0;1,215178E-3;3,680107E-3;1,081338E+0;;
30/11/2021  14:47:38,238983;1,088177E+0;5,780180E-4;3,364175E-3;1,081493E+0;;
30/11/2021  14:47:38,239083;1,087172E+0;1,215178E-3;3,364175E-3;1,081653E+0;;
30/11/2021  14:47:38,239183;1,087309E+0;8,965980E-4;3,680107E-3;1,081819E+0;;
30/11/2021  14:47:38,239283;1,087047E+0;1,215178E-3;2,732311E-3;1,081989E+0;;
30/11/2021  14:47:38,239383;1,086836E+0;1,215178E-3;3,680107E-3;1,082163E+0;;
30/11/2021  14:47:38,239483;1,088028E+0;2,170918E-3;4,943835E-3;1,082341E+0;;
30/11/2021  14:47:38,239583;1,087151E+0;2,489498E-3;6,523495E-3;1,082521E+0;;
30/11/2021  14:47:38,239683;1,086895E+0;8,965980E-4;3,680107E-3;1,082704E+0;;
30/11/2021  14:47:38,239783;1,086496E+0;1,533758E-3;4,627903E-3;1,082889E+0;;
30/11/2021  14:47:38,239883;1,085971E+0;7,586778E-3;7,787223E-3;1,083075E+0;;
30/11/2021  14:47:38,239983;1,086266E+0;1,140974E-2;1,442179E-2;1,083262E+0;;
30/11/2021  14:47:38,240083;1,086210E+0;1,523270E-2;1,631739E-2;1,083448E+0;;
30/11/2021  14:47:38,240183;1,086928E+0;1,300264E-2;1,758111E-2;1,083633E+0;;
30/11/2021  14:47:38,240283;1,086189E+0;1,746276E-2;1,726518E-2;1,083816E+0;;
30/11/2021  14:47:38,240383;1,086123E+0;1,746276E-2;1,663332E-2;1,083998E+0;;
30/11/2021  14:47:38,240483;1,085167E+0;1,714418E-2;2,168823E-2;1,084177E+0;;
30/11/2021  14:47:38,240583;1,085185E+0;1,618844E-2;1,758111E-2;1,084352E+0;;
30/11/2021  14:47:38,240683;1,085298E+0;1,523270E-2;1,694925E-2;1,084523E+0;;
30/11/2021  14:47:38,240783;1,085578E+0;2,096714E-2;8,898175E-2;1,084690E+0;;
30/11/2021  14:47:38,240883;1,085977E+0;1,018865E-1;9,877564E-2;1,084852E+0;;
30/11/2021  14:47:38,240983;1,085861E+0;1,098510E-1;1,354238E-1;1,085008E+0;;
30/11/2021  14:47:38,241083;1,085527E+0;1,037979E-1;1,031987E-1;1,085159E+0;;
30/11/2021  14:47:38,241183;1,085217E+0;9,678918E-2;9,751191E-2;1,085303E+0;;
30/11/2021  14:47:38,241283;1,085214E+0;1,356559E-1;1,294210E-1;1,085441E+0;;
30/11/2021  14:47:38,241383;1,086237E+0;9,678918E-2;1,164678E-1;1,085573E+0;;
30/11/2021  14:47:38,241483;1,086633E+0;1,101695E-1;1,231024E-1;1,085697E+0;;
30/11/2021  14:47:38,241583;1,087146E+0;1,034794E-1;1,101492E-1;1,085815E+0;;
30/11/2021  14:47:38,241683;1,086725E+0;1,044351E-1;1,110970E-1;1,085927E+0;;
30/11/2021  14:47:38,241783;1,086737E+0;8,117876E-2;8,803395E-2;1,086032E+0;;
30/11/2021  14:47:38,241883;1,086922E+0;1,149482E-1;1,366875E-1;1,086130E+0;;
30/11/2021  14:47:38,241983;1,086755E+0;8,436456E-2;9,119327E-2;1,086223E+0;;
30/11/2021  14:47:38,242083;1,087941E+0;4,549780E-2;4,980618E-2;1,086310E+0;;
30/11/2021  14:47:38,242183;1,088552E+0;9,583344E-2;1,152041E-1;1,086391E+0;;
30/11/2021  14:47:38,242283;1,088353E+0;5,728526E-2;1,215227E-1;1,086468E+0;;
30/11/2021  14:47:38,242383;1,088621E+0;8,914326E-2;1,031987E-1;1,086539E+0;;
30/11/2021  14:47:38,242483;1,088889E+0;9,360338E-2;1,066739E-1;1,086607E+0;;
30/11/2021  14:47:38,242583;1,088528E+0;9,933782E-2;1,177316E-1;1,086671E+0;;
30/11/2021  14:47:38,242683;1,089217E+0;1,308772E-1;1,445858E-1;1,086732E+0;;
30/11/2021  14:47:38,242783;1,090168E+0;1,206827E-1;1,284732E-1;1,086790E+0;;
30/11/2021  14:47:38,242883;1,089953E+0;1,499920E-1;1,613302E-1;1,086846E+0;;
30/11/2021  14:47:38,242983;1,090278E+0;1,429833E-1;1,398468E-1;1,086900E+0;;
30/11/2021  14:47:38,243083;1,090349E+0;1,665582E-1;1,455336E-1;1,086954E+0;;
30/11/2021  14:47:38,243183;1,089229E+0;1,592309E-1;1,505885E-1;1,087006E+0;;
30/11/2021  14:47:38,243283;1,089563E+0;1,783457E-1;1,862888E-1;1,087059E+0;;
30/11/2021  14:47:38,243383;1,089837E+0;1,544522E-1;1,313166E-1;1,087112E+0;;
30/11/2021  14:47:38,243483;1,090281E+0;1,423461E-1;1,458495E-1;1,087164E+0;;
30/11/2021  14:47:38,243583;1,089813E+0;7,703722E-2;1,082536E-1;1,087218E+0;;
30/11/2021  14:47:38,243683;1,089977E+0;1,401161E-1;1,575390E-1;1,087272E+0;;
30/11/2021  14:47:38,243783;1,089384E+0;1,534964E-1;1,581709E-1;1,087326E+0;;
30/11/2021  14:47:38,243883;1,089086E+0;1,280100E-1;1,215227E-1;1,087382E+0;;
30/11/2021  14:47:38,243983;1,089092E+0;1,264171E-1;1,246821E-1;1,087438E+0;;
30/11/2021  14:47:38,244083;1,089256E+0;1,216384E-1;1,243661E-1;1,087495E+0;;
30/11/2021  14:47:38,244183;1,089658E+0;1,095324E-1;1,227865E-1;1,087553E+0;;
30/11/2021  14:47:38,244283;1,089184E+0;1,366117E-1;1,395309E-1;1,087611E+0;;
30/11/2021  14:47:38,244383;1,088072E+0;1,210013E-1;1,237343E-1;1,087670E+0;;
30/11/2021  14:47:38,244483;1,088356E+0;1,267357E-1;1,189953E-1;1,087729E+0;;
30/11/2021  14:47:38,244583;1,087843E+0;-7,705062E-3;3,811669E-2;1,087787E+0;;
30/11/2021  14:47:38,244683;1,088528E+0;1,969282E-2;7,286922E-2;1,087846E+0;;
30/11/2021  14:47:38,244783;1,088150E+0;1,241871E-1;1,243661E-1;1,087903E+0;;
30/11/2021  14:47:38,244883;1,088278E+0;1,483991E-1;1,426902E-1;1,087960E+0;;
30/11/2021  14:47:38,244983;1,088007E+0;1,108067E-1;9,814378E-2;1,088015E+0;;
30/11/2021  14:47:38,245083;1,087688E+0;1,203641E-1;1,180475E-1;1,088069E+0;;
30/11/2021  14:47:38,245183;1,087947E+0;1,254614E-1;1,237343E-1;1,088121E+0;;
30/11/2021  14:47:38,245283;1,087530E+0;1,025236E-1;1,110970E-1;1,088171E+0;;
30/11/2021  14:47:38,245383;1,088081E+0;2,287862E-2;5,549295E-2;1,088218E+0;;
30/11/2021  14:47:38,245483;1,087742E+0;1,547707E-1;1,518522E-1;1,088264E+0;;
30/11/2021  14:47:38,245583;1,088782E+0;1,130368E-1;1,152041E-1;1,088307E+0;;
30/11/2021  14:47:38,245683;1,088436E+0;1,407532E-1;1,600664E-1;1,088347E+0;;
30/11/2021  14:47:38,245783;1,087593E+0;1,162226E-1;1,085695E-1;1,088385E+0;;
30/11/2021  14:47:38,245883;1,087715E+0;1,200455E-1;1,114129E-1;1,088421E+0;;
30/11/2021  14:47:38,245983;1,087923E+0;1,018865E-1;8,455870E-2;1,088453E+0;;
30/11/2021  14:47:38,246083;1,087932E+0;1,095324E-1;1,069899E-1;1,088483E+0;;
30/11/2021  14:47:38,246183;1,087938E+0;1,136739E-1;1,227865E-1;1,088510E+0;;
30/11/2021  14:47:38,246283;1,087429E+0;1,002936E-1;8,834988E-2;1,088535E+0;;
30/11/2021  14:47:38,246383;1,087801E+0;2,765732E-2;1,442179E-2;1,088556E+0;;
30/11/2021  14:47:38,246483;1,086818E+0;1,401161E-1;1,799702E-1;1,088575E+0;;
30/11/2021  14:47:38,246583;1,086901E+0;9,519628E-2;7,981972E-2;1,088590E+0;;
30/11/2021  14:47:38,246683;1,086806E+0;7,321426E-2;7,350108E-2;1,088603E+0;;
30/11/2021  14:47:38,246783;1,086618E+0;7,608148E-2;7,981972E-2;1,088612E+0;;
30/11/2021  14:47:38,246883;1,086627E+0;9,774492E-2;9,403666E-2;1,088618E+0;;
30/11/2021  14:47:38,246983;1,086225E+0;1,270543E-1;1,275255E-1;1,088620E+0;;
30/11/2021  14:47:38,247083;1,085998E+0;1,490363E-1;1,502726E-1;1,088619E+0;;
30/11/2021  14:47:38,247183;1,084445E+0;1,123996E-1;1,101492E-1;1,088614E+0;;
30/11/2021  14:47:38,247283;1,084243E+0;1,525407E-1;1,524841E-1;1,088605E+0;;
30/11/2021  14:47:38,247383;1,084508E+0;6,333828E-2;8,171531E-2;1,088591E+0;;
30/11/2021  14:47:38,247483;1,084356E+0;7,831154E-2;7,855599E-2;1,088573E+0;;
30/11/2021  14:47:38,247583;1,084651E+0;1,104881E-1;1,098333E-1;1,088549E+0;;
30/11/2021  14:47:38,247683;1,084714E+0;1,009307E-1;8,361090E-2;1,088520E+0;;
30/11/2021  14:47:38,247783;1,084129E+0;1,331073E-1;1,155200E-1;1,088486E+0;;
30/11/2021  14:47:38,247883;1,084422E+0;1,296029E-1;1,363715E-1;1,088446E+0;;
30/11/2021  14:47:38,247983;1,084287E+0;1,190898E-1;1,221546E-1;1,088401E+0;;
30/11/2021  14:47:38,248083;1,085173E+0;6,110822E-2;7,444887E-2;1,088351E+0;;
30/11/2021  14:47:38,248183;1,085790E+0;1,340630E-1;1,521681E-1;1,088295E+0;;
30/11/2021  14:47:38,248283;1,085936E+0;1,136739E-1;1,031987E-1;1,088234E+0;;
30/11/2021  14:47:38,248383;1,086147E+0;1,225942E-1;1,439539E-1;1,088169E+0;;
30/11/2021  14:47:38,248483;1,086058E+0;1,347002E-1;1,313166E-1;1,088101E+0;;
30/11/2021  14:47:38,248583;1,086165E+0;1,714418E-2;2,295196E-2;1,088028E+0;;
30/11/2021  14:47:38,248683;1,086117E+0;1,260985E-1;1,202590E-1;1,087953E+0;;
30/11/2021  14:47:38,248783;1,086785E+0;1,296029E-1;1,243661E-1;1,087875E+0;;
30/11/2021  14:47:38,248883;1,086725E+0;1,149482E-1;1,107811E-1;1,087796E+0;;
30/11/2021  14:47:38,248983;1,087450E+0;1,286472E-1;1,281573E-1;1,087715E+0;;
30/11/2021  14:47:38,249083;1,087086E+0;1,229127E-1;1,098333E-1;1,087633E+0;;
30/11/2021  14:47:38,249183;1,086520E+0;1,117624E-1;9,056141E-2;1,087551E+0;;
30/11/2021  14:47:38,249283;1,086266E+0;1,178155E-1;1,025668E-1;1,087469E+0;;
30/11/2021  14:47:38,249383;1,086028E+0;7,576290E-2;1,234183E-1;1,087388E+0;;
30/11/2021  14:47:38,249483;1,086248E+0;5,696668E-2;6,370719E-2;1,087308E+0;;
30/11/2021  14:47:38,249583;1,086150E+0;1,276914E-1;1,170997E-1;1,087228E+0;;
30/11/2021  14:47:38,249683;1,085772E+0;5,951532E-2;9,277293E-2;1,087150E+0;;
30/11/2021  14:47:38,249783;1,084985E+0;1,273729E-1;1,344760E-1;1,087074E+0;;
30/11/2021  14:47:38,249883;1,084520E+0;5,887816E-2;8,929768E-2;1,086999E+0;;
30/11/2021  14:47:38,249983;1,083986E+0;1,410718E-1;1,445858E-1;1,086925E+0;;
30/11/2021  14:47:38,250083;1,083948E+0;1,391603E-1;1,338441E-1;1,086852E+0;;
30/11/2021  14:47:38,250183;1,084219E+0;1,299215E-1;1,265777E-1;1,086779E+0;;
30/11/2021  14:47:38,250283;1,083957E+0;1,461691E-1;1,641736E-1;1,086708E+0;;
30/11/2021  14:47:38,250383;1,083855E+0;1,216384E-1;1,221546E-1;1,086637E+0;;
30/11/2021  14:47:38,250483;1,083828E+0;1,037979E-1;1,189953E-1;1,086566E+0;;
30/11/2021  14:47:38,250583;1,083107E+0;9,647060E-2;9,372073E-2;1,086495E+0;;
30/11/2021  14:47:38,250683;1,082836E+0;1,347002E-1;1,423743E-1;1,086424E+0;;
30/11/2021  14:47:38,250783;1,083703E+0;1,302401E-1;1,199431E-1;1,086353E+0;;
30/11/2021  14:47:38,250883;1,084225E+0;1,359745E-1;1,395309E-1;1,086281E+0;;
30/11/2021  14:47:38,250983;1,084144E+0;1,841850E-2;5,486109E-2;1,086209E+0;;
30/11/2021  14:47:38,251083;1,083885E+0;1,324701E-1;1,256299E-1;1,086136E+0;;
30/11/2021  14:47:38,251183;1,083712E+0;1,283286E-1;1,316326E-1;1,086063E+0;;
30/11/2021  14:47:38,251283;1,082720E+0;1,034794E-1;1,158360E-1;1,085990E+0;;
30/11/2021  14:47:38,251383;1,082922E+0;1,216384E-1;1,284732E-1;1,085916E+0;;
30/11/2021  14:47:38,251483;1,083453E+0;1,123996E-1;1,088855E-1;1,085842E+0;;
30/11/2021  14:47:38,251583;1,083003E+0;1,143111E-1;1,196272E-1;1,085768E+0;;
30/11/2021  14:47:38,251683;1,083346E+0;1,120810E-1;1,237343E-1;1,085693E+0;;
30/11/2021  14:47:38,251783;1,082425E+0;1,117624E-1;1,170997E-1;1,085618E+0;;
30/11/2021  14:47:38,251883;1,081647E+0;1,136739E-1;1,183634E-1;1,085542E+0;;
30/11/2021  14:47:38,251983;1,081262E+0;1,018865E-1;9,909157E-2;1,085465E+0;;
30/11/2021  14:47:38,252083;1,080744E+0;9,487770E-2;1,189953E-1;1,085387E+0;;
30/11/2021  14:47:38,252183;1,080347E+0;1,025236E-1;1,088855E-1;1,085308E+0;;
30/11/2021  14:47:38,252283;1,080184E+0;9,870066E-2;1,006712E-1;1,085227E+0;;
30/11/2021  14:47:38,252383;1,078768E+0;9,519628E-2;9,593225E-2;1,085144E+0;;
30/11/2021  14:47:38,252483;1,078053E+0;7,703722E-2;7,097362E-2;1,085059E+0;;
30/11/2021  14:47:38,252583;1,077156E+0;1,219570E-1;1,480610E-1;1,084970E+0;;
30/11/2021  14:47:38,252683;1,076714E+0;1,136739E-1;1,234183E-1;1,084878E+0;;
30/11/2021  14:47:38,252783;1,076479E+0;1,047537E-1;1,202590E-1;1,084781E+0;;
30/11/2021  14:47:38,252883;1,076327E+0;1,366117E-1;1,657532E-1;1,084678E+0;;
30/11/2021  14:47:38,252983;1,075892E+0;7,512574E-2;7,223735E-2;1,084570E+0;;
30/11/2021  14:47:38,253083;1,075290E+0;1,834429E-1;1,932393E-1;1,084456E+0;;
30/11/2021  14:47:38,253183;1,075344E+0;1,522221E-1;1,379512E-1;1,084334E+0;;
30/11/2021  14:47:38,253283;1,075233E+0;1,636910E-1;1,455336E-1;1,084206E+0;;
30/11/2021  14:47:38,253383;1,074983E+0;1,678325E-1;1,360556E-1;1,084070E+0;;
30/11/2021  14:47:38,253483;1,075537E+0;1,675139E-1;1,594346E-1;1,083927E+0;;
30/11/2021  14:47:38,253583;1,076354E+0;1,493549E-1;1,471132E-1;1,083775E+0;;
30/11/2021  14:47:38,253683;1,076944E+0;1,388417E-1;1,392149E-1;1,083616E+0;;
30/11/2021  14:47:38,253783;1,076020E+0;1,321516E-1;1,341600E-1;1,083450E+0;;
30/11/2021  14:47:38,253883;1,076562E+0;4,082398E-3;5,296550E-2;1,083278E+0;;
30/11/2021  14:47:38,253983;1,076509E+0;1,499920E-1;1,834454E-1;1,083099E+0;;
30/11/2021  14:47:38,254083;1,077442E+0;1,318330E-1;1,325804E-1;1,082914E+0;;
30/11/2021  14:47:38,254183;1,078890E+0;1,210013E-1;1,139404E-1;1,082724E+0;;
30/11/2021  14:47:38,254283;1,079465E+0;1,225942E-1;1,284732E-1;1,082531E+0;;
30/11/2021  14:47:38,254383;1,079376E+0;1,337445E-1;1,534319E-1;1,082334E+0;;
30/11/2021  14:47:38,254483;1,080303E+0;1,251428E-1;1,278414E-1;1,082135E+0;;
30/11/2021  14:47:38,254583;1,080136E+0;1,311958E-1;1,306848E-1;1,081935E+0;;
30/11/2021  14:47:38,254683;1,081128E+0;1,413904E-1;1,407946E-1;1,081736E+0;;
30/11/2021  14:47:38,254783;1,081817E+0;1,321516E-1;1,455336E-1;1,081538E+0;;
30/11/2021  14:47:38,254883;1,083080E+0;1,391603E-1;1,373193E-1;1,081343E+0;;
30/11/2021  14:47:38,254983;1,083995E+0;1,429833E-1;1,534319E-1;1,081152E+0;;
30/11/2021  14:47:38,255083;1,084141E+0;1,245056E-1;1,278414E-1;1,080967E+0;;
30/11/2021  14:47:38,255183;1,084046E+0;1,382046E-1;1,385831E-1;1,080789E+0;;
30/11/2021  14:47:38,255283;1,084460E+0;1,366117E-1;1,328963E-1;1,080619E+0;;
30/11/2021  14:47:38,255383;1,084335E+0;1,496735E-1;1,698603E-1;1,080458E+0;;
30/11/2021  14:47:38,255483;1,085003E+0;1,235499E-1;1,167838E-1;1,080308E+0;;
30/11/2021  14:47:38,255583;1,085235E+0;9,105474E-2;1,019350E-1;1,080168E+0;;
30/11/2021  14:47:38,255683;1,085345E+0;1,726112E-1;1,531159E-1;1,080041E+0;;
30/11/2021  14:47:38,255783;1,085530E+0;1,429833E-1;1,600664E-1;1,079927E+0;;
30/11/2021  14:47:38,255883;1,085104E+0;1,356559E-1;1,382671E-1;1,079826E+0;;
30/11/2021  14:47:38,255983;1,085182E+0;1,375674E-1;1,385831E-1;1,079739E+0;;
30/11/2021  14:47:38,256083;1,084580E+0;1,372488E-1;1,382671E-1;1,079666E+0;;
30/11/2021  14:47:38,256183;1,085286E+0;1,407532E-1;1,445858E-1;1,079607E+0;;
30/11/2021  14:47:38,256283;1,085328E+0;1,305587E-1;1,193112E-1;1,079563E+0;;
30/11/2021  14:47:38,256383;1,084928E+0;1,215178E-3;3,680107E-3;1,079532E+0;;
30/11/2021  14:47:38,256483;1,085095E+0;5,993878E-3;7,787223E-3;1,079516E+0;;
30/11/2021  14:47:38,256583;1,084422E+0;3,763818E-3;5,891631E-3;1,079513E+0;;
30/11/2021  14:47:38,256683;1,084276E+0;6,949618E-3;7,787223E-3;1,079524E+0;;
30/11/2021  14:47:38,256783;1,084627E+0;7,586778E-3;9,050951E-3;1,079548E+0;;
30/11/2021  14:47:38,256883;1,085086E+0;4,400978E-3;6,207563E-3;1,079583E+0;;
30/11/2021  14:47:38,256983;1,084308E+0;5,675298E-3;7,787223E-3;1,079631E+0;;
30/11/2021  14:47:38,257083;1,084892E+0;2,489498E-3;3,680107E-3;1,079690E+0;;
30/11/2021  14:47:38,257183;1,084574E+0;8,861098E-3;9,682815E-3;1,079760E+0;;
30/11/2021  14:47:38,257283;1,084046E+0;2,489498E-3;4,627903E-3;1,079839E+0;;
30/11/2021  14:47:38,257383;1,084115E+0;4,082398E-3;5,259767E-3;1,079928E+0;;
30/11/2021  14:47:38,257483;1,084657E+0;3,445238E-3;5,575699E-3;1,080026E+0;;
30/11/2021  14:47:38,257583;1,084863E+0;8,223938E-3;9,998747E-3;1,080131E+0;;
30/11/2021  14:47:38,257683;1,084344E+0;6,631038E-3;7,787223E-3;1,080243E+0;;
30/11/2021  14:47:38,257783;1,083909E+0;4,719558E-3;5,891631E-3;1,080362E+0;;
30/11/2021  14:47:38,257883;1,083486E+0;1,533758E-3;3,680107E-3;1,080487E+0;;
30/11/2021  14:47:38,257983;1,083155E+0;1,533758E-3;3,680107E-3;1,080617E+0;;
30/11/2021  14:47:38,258083;1,082770E+0;1,533758E-3;3,680107E-3;1,080751E+0;;
30/11/2021  14:47:38,258183;1,082949E+0;1,215178E-3;3,364175E-3;1,080888E+0;;
30/11/2021  14:47:38,258283;1,083027E+0;8,965980E-4;3,048243E-3;1,081027E+0;;
30/11/2021  14:47:38,258383;1,082803E+0;1,533758E-3;3,364175E-3;1,081167E+0;;
30/11/2021  14:47:38,258483;1,081999E+0;1,852338E-3;4,311971E-3;1,081308E+0;;
30/11/2021  14:47:38,258583;1,081516E+0;2,489498E-3;4,627903E-3;1,081449E+0;;
30/11/2021  14:47:38,258683;1,081313E+0;1,852338E-3;3,996039E-3;1,081589E+0;;
30/11/2021  14:47:38,258783;1,081191E+0;8,965980E-4;3,364175E-3;1,081726E+0;;
30/11/2021  14:47:38,258883;1,081617E+0;1,533758E-3;3,996039E-3;1,081861E+0;;
30/11/2021  14:47:38,258983;1,081647E+0;1,533758E-3;3,364175E-3;1,081991E+0;;
30/11/2021  14:47:38,259083;1,081474E+0;3,126658E-3;4,627903E-3;1,082118E+0;;
30/11/2021  14:47:38,259183;1,081403E+0;8,965980E-4;3,680107E-3;1,082240E+0;;
30/11/2021  14:47:38,259283;1,081218E+0;8,965980E-4;3,364175E-3;1,082356E+0;;
30/11/2021  14:47:38,259383;1,081438E+0;2,808078E-3;4,943835E-3;1,082467E+0;;
30/11/2021  14:47:38,259483;1,081429E+0;5,675298E-3;8,419087E-3;1,082571E+0;;
30/11/2021  14:47:38,259583;1,081987E+0;1,215178E-3;3,996039E-3;1,082669E+0;;
30/11/2021  14:47:38,259683;1,082776E+0;1,533758E-3;3,680107E-3;1,082760E+0;;
30/11/2021  14:47:38,259783;1,083292E+0;4,719558E-3;4,943835E-3;1,082845E+0;;
30/11/2021  14:47:38,259883;1,083733E+0;1,533758E-3;3,996039E-3;1,082923E+0;;
30/11/2021  14:47:38,259983;1,084177E+0;3,126658E-3;7,155359E-3;1,082995E+0;;
30/11/2021  14:47:38,260083;1,084547E+0;1,523270E-2;1,694925E-2;1,083062E+0;;
30/11/2021  14:47:38,260183;1,085170E+0;1,363980E-2;1,631739E-2;1,083123E+0;;
30/11/2021  14:47:38,260283;1,086555E+0;1,778134E-2;2,263603E-2;1,083180E+0;;
30/11/2021  14:47:38,260383;1,086693E+0;1,778134E-2;2,010857E-2;1,083233E+0;;
30/11/2021  14:47:38,260483;1,087146E+0;1,746276E-2;2,168823E-2;1,083283E+0;;
30/11/2021  14:47:38,260583;1,087309E+0;6,429402E-2;6,970989E-2;1,083330E+0;;
30/11/2021  14:47:38,260683;1,087309E+0;2,765732E-2;1,758111E-2;1,083377E+0;;
30/11/2021  14:47:38,260783;1,087947E+0;1,746276E-2;1,726518E-2;1,083423E+0;;
30/11/2021  14:47:38,260883;1,088233E+0;3,371034E-2;4,001229E-2;1,083468E+0;;
30/11/2021  14:47:38,260983;1,089282E+0;1,009307E-1;8,519056E-2;1,083515E+0;;
30/11/2021  14:47:38,261083;1,089425E+0;1,178155E-1;1,136244E-1;1,083563E+0;;
30/11/2021  14:47:38,261183;1,089664E+0;6,238254E-2;7,855599E-2;1,083614E+0;;
30/11/2021  14:47:38,261283;1,089726E+0;2,489498E-3;1,385831E-1;1,083668E+0;;
30/11/2021  14:47:38,261383;1,090352E+0;1,251428E-1;1,278414E-1;1,083726E+0;;
30/11/2021  14:47:38,261483;1,090913E+0;1,305587E-1;1,619620E-1;1,083788E+0;;
30/11/2021  14:47:38,261583;1,091458E+0;1,375674E-1;1,392149E-1;1,083855E+0;;
30/11/2021  14:47:38,261683;1,091506E+0;1,276914E-1;1,240502E-1;1,083928E+0;;
30/11/2021  14:47:38,261783;1,091917E+0;-1,758104E-2;4,348754E-2;1,084007E+0;;
30/11/2021  14:47:38,261883;1,091229E+0;1,595494E-1;1,818658E-1;1,084092E+0;;
30/11/2021  14:47:38,261983;1,091071E+0;1,506292E-1;1,654373E-1;1,084185E+0;;
30/11/2021  14:47:38,262083;1,091312E+0;1,108067E-1;1,237343E-1;1,084285E+0;;
30/11/2021  14:47:38,262183;1,091074E+0;1,251428E-1;1,313166E-1;1,084391E+0;;
30/11/2021  14:47:38,262283;1,091011E+0;9,519628E-2;1,120448E-1;1,084505E+0;;
30/11/2021  14:47:38,262383;1,090638E+0;8,850610E-2;1,028828E-1;1,084626E+0;;
30/11/2021  14:47:38,262483;1,090752E+0;9,424054E-2;1,022509E-1;1,084754E+0;;
30/11/2021  14:47:38,262583;1,089947E+0;7,193994E-2;7,097362E-2;1,084888E+0;;
30/11/2021  14:47:38,262683;1,089574E+0;6,365686E-2;7,950379E-2;1,085028E+0;;
30/11/2021  14:47:38,262783;1,090334E+0;1,671954E-1;1,891322E-1;1,085173E+0;;
30/11/2021  14:47:38,262883;1,089914E+0;1,028422E-1;1,038306E-1;1,085323E+0;;
30/11/2021  14:47:38,262983;1,090147E+0;1,171783E-1;1,265777E-1;1,085477E+0;;
30/11/2021  14:47:38,263083;1,089929E+0;7,608148E-2;1,050943E-1;1,085635E+0;;
30/11/2021  14:47:38,263183;1,089801E+0;1,818500E-1;1,534319E-1;1,085796E+0;;
30/11/2021  14:47:38,263283;1,089020E+0;1,834429E-1;1,872366E-1;1,085960E+0;;
30/11/2021  14:47:38,263383;1,089092E+0;1,028422E-1;1,265777E-1;1,086125E+0;;
30/11/2021  14:47:38,263483;1,088555E+0;1,656025E-1;1,518522E-1;1,086291E+0;;
30/11/2021  14:47:38,263583;1,088615E+0;1,519035E-1;1,467973E-1;1,086457E+0;;
30/11/2021  14:47:38,263683;1,088511E+0;1,684697E-1;1,900800E-1;1,086624E+0;;
30/11/2021  14:47:38,263783;1,088278E+0;1,445762E-1;1,524841E-1;1,086788E+0;;
30/11/2021  14:47:38,263883;1,087280E+0;1,114439E-1;1,224705E-1;1,086952E+0;;
30/11/2021  14:47:38,263983;1,087172E+0;1,270543E-1;1,237343E-1;1,087112E+0;;
30/11/2021  14:47:38,264083;1,086740E+0;7,066562E-2;3,685297E-2;1,087269E+0;;
30/11/2021  14:47:38,264183;1,086567E+0;1,378860E-1;1,404787E-1;1,087422E+0;;
30/11/2021  14:47:38,264283;1,086666E+0;1,248242E-1;1,152041E-1;1,087569E+0;;
30/11/2021  14:47:38,264383;1,087113E+0;1,292843E-1;1,275255E-1;1,087711E+0;;
30/11/2021  14:47:38,264483;1,085947E+0;1,149482E-1;9,656411E-2;1,087847E+0;;
30/11/2021  14:47:38,264583;1,085816E+0;4,071910E-2;5,865227E-2;1,087976E+0;;
30/11/2021  14:47:38,264683;1,085790E+0;1,359745E-1;1,569071E-1;1,088097E+0;;
30/11/2021  14:47:38,264783;1,085408E+0;1,053908E-1;1,044624E-1;1,088210E+0;;
30/11/2021  14:47:38,264883;1,085369E+0;1,292843E-1;1,313166E-1;1,088315E+0;;
30/11/2021  14:47:38,264983;1,085962E+0;1,257800E-1;1,142563E-1;1,088411E+0;;
30/11/2021  14:47:38,265083;1,085074E+0;1,095324E-1;1,054102E-1;1,088497E+0;;
30/11/2021  14:47:38,265183;1,085390E+0;9,105474E-2;1,556434E-1;1,088574E+0;;
30/11/2021  14:47:38,265283;1,084842E+0;1,229127E-1;1,155200E-1;1,088642E+0;;
30/11/2021  14:47:38,265383;1,084335E+0;1,225942E-1;1,155200E-1;1,088699E+0;;
30/11/2021  14:47:38,265483;1,084076E+0;9,710776E-2;1,047783E-1;1,088747E+0;;
30/11/2021  14:47:38,265583;1,084943E+0;1,050723E-1;1,104651E-1;1,088784E+0;;
30/11/2021  14:47:38,265683;1,084687E+0;1,162226E-1;1,215227E-1;1,088811E+0;;
30/11/2021  14:47:38,265783;1,084600E+0;1,159040E-1;1,145722E-1;1,088827E+0;;
30/11/2021  14:47:38,265883;1,084511E+0;1,127182E-1;1,123607E-1;1,088834E+0;;
30/11/2021  14:47:38,265983;1,084001E+0;1,146297E-1;1,136244E-1;1,088830E+0;;
30/11/2021  14:47:38,266083;1,084040E+0;1,229127E-1;1,268936E-1;1,088817E+0;;
30/11/2021  14:47:38,266183;1,084797E+0;1,257800E-1;1,208909E-1;1,088794E+0;;
30/11/2021  14:47:38,266283;1,085205E+0;6,716124E-2;6,623464E-2;1,088762E+0;;
30/11/2021  14:47:38,266383;1,085548E+0;-3,159856E-2;4,443533E-2;1,088720E+0;;
30/11/2021  14:47:38,266483;1,085283E+0;3,275460E-2;4,190788E-2;1,088671E+0;;
30/11/2021  14:47:38,266583;1,085706E+0;1,012493E-1;1,044624E-1;1,088613E+0;;
30/11/2021  14:47:38,266683;1,085304E+0;1,203641E-1;1,082536E-1;1,088549E+0;;
30/11/2021  14:47:38,266783;1,085766E+0;1,251428E-1;1,347919E-1;1,088477E+0;;
30/11/2021  14:47:38,266883;1,086257E+0;1,168597E-1;1,085695E-1;1,088400E+0;;
30/11/2021  14:47:38,266983;1,087235E+0;8,723178E-2;8,613836E-2;1,088318E+0;;
30/11/2021  14:47:38,267083;1,087354E+0;9,424054E-2;1,199431E-1;1,088231E+0;;
30/11/2021  14:47:38,267183;1,087613E+0;1,162226E-1;1,098333E-1;1,088141E+0;;
30/11/2021  14:47:38,267283;1,087783E+0;1,165411E-1;1,069899E-1;1,088049E+0;;
30/11/2021  14:47:38,267383;1,087619E+0;1,159040E-1;1,227865E-1;1,087954E+0;;
30/11/2021  14:47:38,267483;1,088540E+0;1,636910E-1;1,973464E-1;1,087859E+0;;
30/11/2021  14:47:38,267583;1,088993E+0;1,079395E-1;8,961361E-2;1,087764E+0;;
30/11/2021  14:47:38,267683;1,089697E+0;7,034704E-2;7,918786E-2;1,087670E+0;;
30/11/2021  14:47:38,267783;1,090081E+0;1,229127E-1;1,344760E-1;1,087578E+0;;
30/11/2021  14:47:38,267883;1,090326E+0;1,455319E-1;1,866047E-1;1,087489E+0;;
30/11/2021  14:47:38,267983;1,090436E+0;1,229127E-1;1,234183E-1;1,087403E+0;;
30/11/2021  14:47:38,268083;1,090358E+0;1,245056E-1;1,189953E-1;1,087323E+0;;
30/11/2021  14:47:38,268183;1,090904E+0;1,260985E-1;1,224705E-1;1,087247E+0;;
30/11/2021  14:47:38,268283;1,090981E+0;1,219570E-1;1,215227E-1;1,087178E+0;;
30/11/2021  14:47:38,268383;1,091151E+0;1,235499E-1;1,117289E-1;1,087116E+0;;
30/11/2021  14:47:38,268483;1,091232E+0;1,366117E-1;1,398468E-1;1,087061E+0;;
30/11/2021  14:47:38,268583;1,090847E+0;1,139925E-1;1,110970E-1;1,087014E+0;;
30/11/2021  14:47:38,268683;1,090686E+0;1,171783E-1;1,126766E-1;1,086975E+0;;
30/11/2021  14:47:38,268783;1,090293E+0;1,299215E-1;1,328963E-1;1,086944E+0;;
30/11/2021  14:47:38,268883;1,089941E+0;8,213450E-2;1,041465E-1;1,086922E+0;;
30/11/2021  14:47:38,268983;1,089744E+0;1,232313E-1;1,164678E-1;1,086909E+0;;
30/11/2021  14:47:38,269083;1,089685E+0;1,305587E-1;1,164678E-1;1,086903E+0;;
30/11/2021  14:47:38,269183;1,089402E+0;1,082581E-1;8,013565E-2;1,086905E+0;;
30/11/2021  14:47:38,269283;1,089229E+0;1,216384E-1;1,224705E-1;1,086915E+0;;
30/11/2021  14:47:38,269383;1,088543E+0;1,241871E-1;1,253139E-1;1,086932E+0;;
30/11/2021  14:47:38,269483;1,088120E+0;1,184526E-1;1,268936E-1;1,086956E+0;;
30/11/2021  14:47:38,269583;1,088245E+0;1,289658E-1;1,284732E-1;1,086986E+0;;
30/11/2021  14:47:38,269683;1,088439E+0;1,292843E-1;1,237343E-1;1,087021E+0;;
30/11/2021  14:47:38,269783;1,087992E+0;1,471248E-1;1,591187E-1;1,087061E+0;;
30/11/2021  14:47:38,269883;1,087661E+0;1,952304E-1;1,774427E-1;1,087105E+0;;
30/11/2021  14:47:38,269983;1,086934E+0;1,340630E-1;1,281573E-1;1,087152E+0;;
30/11/2021  14:47:38,270083;1,086922E+0;1,184526E-1;1,092014E-1;1,087203E+0;;
30/11/2021  14:47:38,270183;1,086225E+0;9,647060E-2;8,708615E-2;1,087255E+0;;
30/11/2021  14:47:38,270283;1,086093E+0;1,324701E-1;1,284732E-1;1,087309E+0;;
30/11/2021  14:47:38,270383;1,085992E+0;6,365686E-2;1,272095E-1;1,087363E+0;;
30/11/2021  14:47:38,270483;1,085772E+0;1,111253E-1;1,133085E-1;1,087417E+0;;
30/11/2021  14:47:38,270583;1,084797E+0;1,296029E-1;1,385831E-1;1,087470E+0;;
30/11/2021  14:47:38,270683;1,083653E+0;1,875845E-1;2,352583E-1;1,087520E+0;;
30/11/2021  14:47:38,270783;1,083063E+0;1,745227E-1;1,553275E-1;1,087569E+0;;
30/11/2021  14:47:38,270883;1,083042E+0;1,340630E-1;1,341600E-1;1,087613E+0;;
30/11/2021  14:47:38,270983;1,082267E+0;1,334259E-1;1,300529E-1;1,087653E+0;;
30/11/2021  14:47:38,271083;1,081894E+0;-4,784614E-2;7,476481E-2;1,087687E+0;;
30/11/2021  14:47:38,271183;1,081492E+0;6,174538E-2;1,294210E-1;1,087715E+0;;
30/11/2021  14:47:38,271283;1,081116E+0;1,184526E-1;1,215227E-1;1,087735E+0;;
30/11/2021  14:47:38,271383;1,081069E+0;1,123996E-1;1,237343E-1;1,087748E+0;;
30/11/2021  14:47:38,271483;1,080151E+0;1,267357E-1;1,193112E-1;1,087751E+0;;
30/11/2021  14:47:38,271583;1,080252E+0;8,946184E-2;1,129926E-1;1,087745E+0;;
30/11/2021  14:47:38,271683;1,080887E+0;1,120810E-1;1,202590E-1;1,087729E+0;;
30/11/2021  14:47:38,271783;1,080714E+0;1,079395E-1;1,145722E-1;1,087703E+0;;
30/11/2021  14:47:38,271883;1,080333E+0;1,108067E-1;1,006712E-1;1,087666E+0;;
30/11/2021  14:47:38,271983;1,080404E+0;1,194084E-1;1,259458E-1;1,087618E+0;;
30/11/2021  14:47:38,272083;1,080428E+0;1,786642E-1;1,752312E-1;1,087560E+0;;
30/11/2021  14:47:38,272183;1,081176E+0;1,159040E-1;1,259458E-1;1,087491E+0;;
30/11/2021  14:47:38,272283;1,081248E+0;1,098510E-1;1,253139E-1;1,087411E+0;;
30/11/2021  14:47:38,272383;1,081781E+0;1,041165E-1;1,208909E-1;1,087321E+0;;
30/11/2021  14:47:38,272483;1,082067E+0;1,018865E-1;9,656411E-2;1,087222E+0;;
30/11/2021  14:47:38,272583;1,082627E+0;1,082581E-1;1,480610E-1;1,087113E+0;;
30/11/2021  14:47:38,272683;1,082449E+0;1,037979E-1;1,189953E-1;1,086996E+0;;
30/11/2021  14:47:38,272783;1,082800E+0;1,009307E-1;1,177316E-1;1,086872E+0;;
30/11/2021  14:47:38,272883;1,083766E+0;1,165411E-1;1,189953E-1;1,086741E+0;;
30/11/2021  14:47:38,272983;1,083966E+0;1,133553E-1;1,363715E-1;1,086604E+0;;
30/11/2021  14:47:38,273083;1,085018E+0;1,088952E-1;1,038306E-1;1,086463E+0;;
30/11/2021  14:47:38,273183;1,085334E+0;1,426647E-1;1,395309E-1;1,086318E+0;;
30/11/2021  14:47:38,273283;1,085652E+0;1,413904E-1;9,814378E-2;1,086171E+0;;
30/11/2021  14:47:38,273383;1,086436E+0;5,378088E-2;4,348754E-2;1,086022E+0;;
30/11/2021  14:47:38,273483;1,086573E+0;6,142680E-2;1,057261E-1;1,085874E+0;;
30/11/2021  14:47:38,273583;1,087381E+0;1,700626E-1;1,597505E-1;1,085727E+0;;
30/11/2021  14:47:38,273683;1,088186E+0;1,589123E-1;1,543797E-1;1,085582E+0;;
30/11/2021  14:47:38,273783;1,088686E+0;1,311958E-1;1,256299E-1;1,085441E+0;;
30/11/2021  14:47:38,273883;1,088764E+0;1,171783E-1;9,845971E-2;1,085306E+0;;
30/11/2021  14:47:38,273983;1,089521E+0;1,388417E-1;1,483770E-1;1,085176E+0;;
30/11/2021  14:47:38,274083;1,089417E+0;1,656025E-1;1,701763E-1;1,085054E+0;;
30/11/2021  14:47:38,274183;1,089214E+0;1,311958E-1;1,430061E-1;1,084940E+0;;
30/11/2021  14:47:38,274283;1,090624E+0;1,273729E-1;1,310007E-1;1,084836E+0;;
30/11/2021  14:47:38,274383;1,090370E+0;1,337445E-1;1,313166E-1;1,084741E+0;;
30/11/2021  14:47:38,274483;1,091139E+0;1,436204E-1;1,420583E-1;1,084658E+0;;
30/11/2021  14:47:38,274583;1,090865E+0;1,028422E-1;1,129926E-1;1,084586E+0;;
30/11/2021  14:47:38,274683;1,091363E+0;1,305587E-1;1,430061E-1;1,084527E+0;;
30/11/2021  14:47:38,274783;1,090856E+0;7,417000E-2;9,277293E-2;1,084481E+0;;
30/11/2021  14:47:38,274883;1,090960E+0;1,487177E-1;1,594346E-1;1,084447E+0;;
30/11/2021  14:47:38,274983;1,091097E+0;1,276914E-1;1,246821E-1;1,084427E+0;;
30/11/2021  14:47:38,275083;1,090963E+0;1,347002E-1;1,439539E-1;1,084421E+0;;
30/11/2021  14:47:38,275183;1,091297E+0;9,424054E-2;1,284732E-1;1,084428E+0;;
30/11/2021  14:47:38,275283;1,090814E+0;1,108067E-1;1,152041E-1;1,084448E+0;;
30/11/2021  14:47:38,275383;1,090191E+0;1,487177E-1;1,802861E-1;1,084482E+0;;
30/11/2021  14:47:38,275483;1,089983E+0;1,401161E-1;1,764949E-1;1,084529E+0;;
30/11/2021  14:47:38,275583;1,089962E+0;1,362931E-1;1,404787E-1;1,084587E+0;;
30/11/2021  14:47:38,275683;1,089995E+0;1,343816E-1;1,344760E-1;1,084658E+0;;
30/11/2021  14:47:38,275783;1,090376E+0;1,382046E-1;1,379512E-1;1,084739E+0;;
30/11/2021  14:47:38,275883;1,089986E+0;1,455319E-1;1,543797E-1;1,084831E+0;;
30/11/2021  14:47:38,275983;1,089560E+0;1,442576E-1;1,417424E-1;1,084932E+0;;
30/11/2021  14:47:38,276083;1,089053E+0;1,238685E-1;1,215227E-1;1,085043E+0;;
30/11/2021  14:47:38,276183;1,088922E+0;3,689614E-2;8,361090E-2;1,085161E+0;;
30/11/2021  14:47:38,276283;1,089050E+0;9,615202E-2;9,972343E-2;1,085287E+0;;
30/11/2021  14:47:38,276383;1,088901E+0;1,215178E-3;3,048243E-3;1,085418E+0;;
30/11/2021  14:47:38,276483;1,089345E+0;4,719558E-3;6,523495E-3;1,085556E+0;;
30/11/2021  14:47:38,276583;1,088779E+0;2,489498E-3;4,627903E-3;1,085698E+0;;
30/11/2021  14:47:38,276683;1,088075E+0;4,400978E-3;6,207563E-3;1,085843E+0;;
30/11/2021  14:47:38,276783;1,087619E+0;2,489498E-3;3,996039E-3;1,085992E+0;;
30/11/2021  14:47:38,276883;1,087542E+0;6,949618E-3;9,682815E-3;1,086142E+0;;
30/11/2021  14:47:38,276983;1,087321E+0;6,949618E-3;8,419087E-3;1,086293E+0;;
30/11/2021  14:47:38,277083;1,087673E+0;9,816838E-3;1,157841E-2;1,086445E+0;;
30/11/2021  14:47:38,277183;1,087140E+0;1,215178E-3;3,680107E-3;1,086595E+0;;
30/11/2021  14:47:38,277283;1,086931E+0;2,808078E-3;4,943835E-3;1,086744E+0;;
30/11/2021  14:47:38,277383;1,086600E+0;4,400978E-3;6,207563E-3;1,086890E+0;;
30/11/2021  14:47:38,277483;1,086144E+0;2,489498E-3;4,311971E-3;1,087032E+0;;
30/11/2021  14:47:38,277583;1,086016E+0;2,808078E-3;4,943835E-3;1,087171E+0;;
30/11/2021  14:47:38,277683;1,086713E+0;1,533758E-3;3,680107E-3;1,087305E+0;;
30/11/2021  14:47:38,277783;1,087545E+0;5,993878E-3;7,471291E-3;1,087433E+0;;
30/11/2021  14:47:38,277883;1,087870E+0;8,965980E-4;3,364175E-3;1,087556E+0;;
30/11/2021  14:47:38,277983;1,087974E+0;2,808078E-3;4,627903E-3;1,087672E+0;;
30/11/2021  14:47:38,278083;1,087858E+0;1,852338E-3;3,680107E-3;1,087783E+0;;
30/11/2021  14:47:38,278183;1,088400E+0;1,215178E-3;3,364175E-3;1,087887E+0;;
30/11/2021  14:47:38,278283;1,088892E+0;1,533758E-3;3,996039E-3;1,087985E+0;;
30/11/2021  14:47:38,278383;1,088949E+0;5,038138E-3;6,207563E-3;1,088077E+0;;
30/11/2021  14:47:38,278483;1,090179E+0;8,965980E-4;3,680107E-3;1,088163E+0;;
30/11/2021  14:47:38,278583;1,091547E+0;6,949618E-3;9,366883E-3;1,088244E+0;;
30/11/2021  14:47:38,278683;1,091407E+0;1,215178E-3;3,680107E-3;1,088321E+0;;
30/11/2021  14:47:38,278783;1,091398E+0;1,533758E-3;3,364175E-3;1,088393E+0;;
30/11/2021  14:47:38,278883;1,091893E+0;1,215178E-3;3,048243E-3;1,088462E+0;;
30/11/2021  14:47:38,278983;1,091941E+0;1,852338E-3;3,996039E-3;1,088528E+0;;
30/11/2021  14:47:38,279083;1,092543E+0;1,533758E-3;3,364175E-3;1,088592E+0;;
30/11/2021  14:47:38,279183;1,093586E+0;1,533758E-3;3,680107E-3;1,088655E+0;;
30/11/2021  14:47:38,279283;1,093339E+0;5,780180E-4;3,048243E-3;1,088717E+0;;
30/11/2021  14:47:38,279383;1,092811E+0;1,215178E-3;3,996039E-3;1,088779E+0;;
30/11/2021  14:47:38,279483;1,092582E+0;1,215178E-3;3,048243E-3;1,088842E+0;;
30/11/2021  14:47:38,279583;1,093127E+0;5,780180E-4;3,048243E-3;1,088905E+0;;
30/11/2021  14:47:38,279683;1,092808E+0;1,215178E-3;3,680107E-3;1,088970E+0;;
30/11/2021  14:47:38,279783;1,093064E+0;1,533758E-3;4,943835E-3;1,089037E+0;;
30/11/2021  14:47:38,279883;1,093073E+0;2,489498E-3;6,207563E-3;1,089105E+0;;
30/11/2021  14:47:38,279983;1,092680E+0;1,045400E-2;1,315807E-2;1,089175E+0;;
30/11/2021  14:47:38,280083;1,091822E+0;9,816838E-3;1,252620E-2;1,089247E+0;;
30/11/2021  14:47:38,280183;1,092179E+0;1,268406E-2;1,442179E-2;1,089322E+0;;
30/11/2021  14:47:38,280283;1,091938E+0;1,491412E-2;1,568552E-2;1,089398E+0;;
30/11/2021  14:47:38,280383;1,092215E+0;1,682560E-2;1,821298E-2;1,089476E+0;;
30/11/2021  14:47:38,280483;1,092862E+0;5,059508E-2;5,106991E-2;1,089556E+0;;
30/11/2021  14:47:38,280583;1,092176E+0;7,448858E-2;8,929768E-2;1,089637E+0;;
30/11/2021  14:47:38,280683;1,091848E+0;1,650702E-2;1,916077E-2;1,089719E+0;;
30/11/2021  14:47:38,280783;1,091714E+0;8,755036E-2;8,424277E-2;1,089803E+0;;
30/11/2021  14:47:38,280883;1,091911E+0;1,714418E-2;2,105637E-2;1,089888E+0;;
30/11/2021  14:47:38,280983;1,091556E+0;1,714418E-2;2,010857E-2;1,089973E+0;;
30/11/2021  14:47:38,281083;1,091688E+0;1,200455E-1;1,152041E-1;1,090058E+0;;
30/11/2021  14:47:38,281183;1,091825E+0;1,041165E-1;1,196272E-1;1,090144E+0;;
30/11/2021  14:47:38,281283;1,092680E+0;6,843556E-2;5,802041E-2;1,090229E+0;;
30/11/2021  14:47:38,281383;1,092060E+0;1,009307E-1;9,498445E-2;1,090314E+0;;
30/11/2021  14:47:38,281483;1,091115E+0;1,162226E-1;1,107811E-1;1,090399E+0;;
30/11/2021  14:47:38,281583;1,091741E+0;1,041165E-1;1,063580E-1;1,090482E+0;;
30/11/2021  14:47:38,281683;1,090936E+0;1,123996E-1;1,287892E-1;1,090565E+0;;
30/11/2021  14:47:38,281783;1,092233E+0;1,174969E-1;1,243661E-1;1,090647E+0;;
30/11/2021  14:47:38,281883;1,091580E+0;1,076209E-1;1,126766E-1;1,090726E+0;;
30/11/2021  14:47:38,281983;1,091544E+0;1,292843E-1;1,449017E-1;1,090805E+0;;
30/11/2021  14:47:38,282083;1,090334E+0;7,735580E-2;9,877564E-2;1,090881E+0;;
30/11/2021  14:47:38,282183;1,090227E+0;9,933782E-2;9,593225E-2;1,090955E+0;;
30/11/2021  14:47:38,282283;1,090025E+0;1,057094E-1;1,294210E-1;1,091026E+0;;
30/11/2021  14:47:38,282383;1,089625E+0;1,028422E-1;1,063580E-1;1,091094E+0;;
30/11/2021  14:47:38,282483;1,089700E+0;1,034794E-1;1,129926E-1;1,091159E+0;;
30/11/2021  14:47:38,282583;1,088990E+0;4,836502E-2;4,696279E-2;1,091220E+0;;
30/11/2021  14:47:38,282683;1,089035E+0;1,085766E-1;1,316326E-1;1,091277E+0;;
30/11/2021  14:47:38,282783;1,088394E+0;1,063466E-1;1,284732E-1;1,091329E+0;;
30/11/2021  14:47:38,282883;1,088561E+0;1,006121E-1;1,107811E-1;1,091375E+0;;
30/11/2021  14:47:38,282983;1,088391E+0;9,838208E-2;1,104651E-1;1,091416E+0;;
30/11/2021  14:47:38,283083;1,088937E+0;9,551486E-2;1,110970E-1;1,091451E+0;;
30/11/2021  14:47:38,283183;1,089175E+0;1,378860E-1;2,068244E-1;1,091481E+0;;
30/11/2021  14:47:38,283283;1,089214E+0;8,723178E-2;1,047783E-1;1,091503E+0;;
30/11/2021  14:47:38,283383;1,089518E+0;1,117624E-1;1,234183E-1;1,091520E+0;;
30/11/2021  14:47:38,283483;1,089914E+0;1,203641E-1;1,253139E-1;1,091531E+0;;
30/11/2021  14:47:38,283583;1,090156E+0;1,522221E-1;1,471132E-1;1,091536E+0;;
30/11/2021  14:47:38,283683;1,090594E+0;1,544522E-1;1,594346E-1;1,091535E+0;;
30/11/2021  14:47:38,283783;1,091145E+0;1,662396E-1;1,496407E-1;1,091530E+0;;
30/11/2021  14:47:38,283883;1,092391E+0;1,646467E-1;1,360556E-1;1,091519E+0;;
30/11/2021  14:47:38,283983;1,092233E+0;1,742041E-1;1,392149E-1;1,091505E+0;;
30/11/2021  14:47:38,284083;1,092099E+0;1,643281E-1;1,638576E-1;1,091488E+0;;
30/11/2021  14:47:38,284183;1,092120E+0;1,267357E-1;1,319485E-1;1,091468E+0;;
30/11/2021  14:47:38,284283;1,092751E+0;1,337445E-1;1,341600E-1;1,091446E+0;;
30/11/2021  14:47:38,284383;1,092641E+0;1,273729E-1;1,287892E-1;1,091422E+0;;
30/11/2021  14:47:38,284483;1,094072E+0;1,324701E-1;1,310007E-1;1,091398E+0;;
30/11/2021  14:47:38,284583;1,094069E+0;5,569236E-2;8,076751E-2;1,091375E+0;;
30/11/2021  14:47:38,284683;1,093789E+0;1,483991E-1;1,783905E-1;1,091351E+0;;
30/11/2021  14:47:38,284783;1,093884E+0;1,213198E-1;1,199431E-1;1,091330E+0;;
30/11/2021  14:47:38,284883;1,092972E+0;1,245056E-1;1,186794E-1;1,091310E+0;;
30/11/2021  14:47:38,284983;1,093666E+0;1,210013E-1;1,088855E-1;1,091293E+0;;
30/11/2021  14:47:38,285083;1,093744E+0;7,130278E-2;7,981972E-2;1,091278E+0;;
30/11/2021  14:47:38,285183;1,093467E+0;8,086018E-2;6,181159E-2;1,091267E+0;;
30/11/2021  14:47:38,285283;1,094146E+0;1,025236E-1;9,403666E-2;1,091259E+0;;
30/11/2021  14:47:38,285383;1,093017E+0;1,165411E-1;1,212068E-1;1,091255E+0;;
30/11/2021  14:47:38,285483;1,092406E+0;1,369303E-1;1,452176E-1;1,091254E+0;;
30/11/2021  14:47:38,285583;1,091899E+0;1,296029E-1;1,189953E-1;1,091257E+0;;
30/11/2021  14:47:38,285683;1,091762E+0;1,229127E-1;1,199431E-1;1,091263E+0;;
30/11/2021  14:47:38,285783;1,092376E+0;1,123996E-1;1,088855E-1;1,091273E+0;;
30/11/2021  14:47:38,285883;1,092278E+0;8,340882E-2;1,205749E-1;1,091285E+0;;
30/11/2021  14:47:38,285983;1,092117E+0;1,127182E-1;1,133085E-1;1,091300E+0;;
30/11/2021  14:47:38,286083;1,092111E+0;1,210013E-1;1,382671E-1;1,091318E+0;;
30/11/2021  14:47:38,286183;1,090808E+0;1,538150E-1;1,673329E-1;1,091337E+0;;
30/11/2021  14:47:38,286283;1,090805E+0;1,257800E-1;1,300529E-1;1,091359E+0;;
30/11/2021  14:47:38,286383;1,091157E+0;1,041165E-1;1,063580E-1;1,091382E+0;;
30/11/2021  14:47:38,286483;1,090874E+0;7,162136E-2;7,160549E-2;1,091405E+0;;
30/11/2021  14:47:38,286583;1,091094E+0;1,041165E-1;1,076217E-1;1,091430E+0;;
30/11/2021  14:47:38,286683;1,090415E+0;1,181340E-1;1,085695E-1;1,091454E+0;;
30/11/2021  14:47:38,286783;1,089682E+0;7,863012E-2;4,822652E-2;1,091479E+0;;
30/11/2021  14:47:38,286883;1,089300E+0;1,082581E-1;9,972343E-2;1,091502E+0;;
30/11/2021  14:47:38,286983;1,088761E+0;1,187712E-1;1,231024E-1;1,091525E+0;;
30/11/2021  14:47:38,287083;1,088385E+0;9,647060E-2;8,645429E-2;1,091545E+0;;
30/11/2021  14:47:38,287183;1,088865E+0;8,882468E-2;9,435259E-2;1,091563E+0;;
30/11/2021  14:47:38,287283;1,087950E+0;9,870066E-2;8,203124E-2;1,091579E+0;;
30/11/2021  14:47:38,287383;1,087056E+0;1,006121E-1;9,593225E-2;1,091590E+0;;
30/11/2021  14:47:38,287483;1,085915E+0;1,809992E-2;3,969635E-2;1,091598E+0;;
30/11/2021  14:47:38,287583;1,084755E+0;1,123996E-1;1,152041E-1;1,091600E+0;;
30/11/2021  14:47:38,287683;1,084186E+0;1,168597E-1;1,114129E-1;1,091597E+0;;
30/11/2021  14:47:38,287783;1,084171E+0;8,149734E-2;7,887192E-2;1,091587E+0;;
30/11/2021  14:47:38,287883;1,084019E+0;1,229127E-1;1,145722E-1;1,091570E+0;;
30/11/2021  14:47:38,287983;1,082985E+0;1,152668E-1;1,319485E-1;1,091544E+0;;
30/11/2021  14:47:38,288083;1,082013E+0;1,111253E-1;1,126766E-1;1,091509E+0;;
30/11/2021  14:47:38,288183;1,081262E+0;9,296622E-2;8,455870E-2;1,091465E+0;;
30/11/2021  14:47:38,288283;1,080800E+0;1,675139E-1;2,027173E-1;1,091409E+0;;
30/11/2021  14:47:38,288383;1,082010E+0;8,468314E-2;7,255328E-2;1,091343E+0;;
30/11/2021  14:47:38,288483;1,081465E+0;1,286472E-1;1,114129E-1;1,091264E+0;;
30/11/2021  14:47:38,288583;1,081477E+0;1,203641E-1;1,101492E-1;1,091174E+0;;
30/11/2021  14:47:38,288683;1,081680E+0;4,103768E-2;3,021839E-2;1,091071E+0;;
30/11/2021  14:47:38,288783;1,080795E+0;6,142680E-2;4,506720E-2;1,090956E+0;;
30/11/2021  14:47:38,288883;1,080669E+0;1,197269E-1;1,167838E-1;1,090829E+0;;
30/11/2021  14:47:38,288983;1,080249E+0;1,289658E-1;1,196272E-1;1,090689E+0;;
30/11/2021  14:47:38,289083;1,080917E+0;5,951532E-2;7,729226E-2;1,090538E+0;;
30/11/2021  14:47:38,289183;1,081617E+0;1,238685E-1;1,249980E-1;1,090374E+0;;
30/11/2021  14:47:38,289283;1,081340E+0;1,420275E-1;1,512204E-1;1,090199E+0;;
30/11/2021  14:47:38,289383;1,081081E+0;1,276914E-1;1,231024E-1;1,090013E+0;;
30/11/2021  14:47:38,289483;1,081435E+0;1,382046E-1;1,215227E-1;1,089817E+0;;
30/11/2021  14:47:38,289583;1,080625E+0;7,990444E-2;9,245700E-2;1,089612E+0;;
30/11/2021  14:47:38,289683;1,079778E+0;1,359745E-1;1,442698E-1;1,089397E+0;;
30/11/2021  14:47:38,289783;1,080935E+0;1,283286E-1;1,265777E-1;1,089174E+0;;
30/11/2021  14:47:38,289883;1,080750E+0;1,315144E-1;1,328963E-1;1,088942E+0;;
30/11/2021  14:47:38,289983;1,081063E+0;1,241871E-1;1,133085E-1;1,088704E+0;;
30/11/2021  14:47:38,290083;1,080866E+0;1,200455E-1;1,126766E-1;1,088459E+0;;
30/11/2021  14:47:38,290183;1,080100E+0;1,098510E-1;1,136244E-1;1,088209E+0;;
30/11/2021  14:47:38,290283;1,079739E+0;4,294916E-2;9,056141E-2;1,087954E+0;;
30/11/2021  14:47:38,290383;1,080160E+0;1,359745E-1;1,388990E-1;1,087694E+0;;
30/11/2021  14:47:38,290483;1,080520E+0;1,413904E-1;1,341600E-1;1,087431E+0;;
30/11/2021  14:47:38,290583;1,080592E+0;1,362931E-1;1,284732E-1;1,087164E+0;;
30/11/2021  14:47:38,290683;1,080043E+0;1,327887E-1;1,322644E-1;1,086896E+0;;
30/11/2021  14:47:38,290783;1,075507E+0;3,763818E-3;4,943835E-3;1,086625E+0;;
30/11/2021  14:47:38,290883;1,075141E+0;3,763818E-3;7,155359E-3;1,086353E+0;;
30/11/2021  14:47:38,290983;1,074351E+0;7,905358E-3;8,735019E-3;1,086079E+0;;
30/11/2021  14:47:38,291083;1,073898E+0;4,082398E-3;5,259767E-3;1,085803E+0;;
30/11/2021  14:47:38,291183;1,074747E+0;7,905358E-3;9,050951E-3;1,085524E+0;;
30/11/2021  14:47:38,291283;1,074452E+0;1,013542E-2;1,157841E-2;1,085242E+0;;
30/11/2021  14:47:38,291383;1,075034E+0;7,586778E-3;8,103155E-3;1,084957E+0;;
30/11/2021  14:47:38,291483;1,074750E+0;2,489498E-3;3,680107E-3;1,084670E+0;;
30/11/2021  14:47:38,291583;1,074020E+0;3,445238E-3;5,259767E-3;1,084379E+0;;
30/11/2021  14:47:38,291683;1,074220E+0;5,356718E-3;6,523495E-3;1,084086E+0;;
30/11/2021  14:47:38,291783;1,074047E+0;1,533758E-3;3,680107E-3;1,083790E+0;;
30/11/2021  14:47:38,291883;1,074804E+0;1,215178E-3;3,680107E-3;1,083491E+0;;
30/11/2021  14:47:38,291983;1,074789E+0;5,780180E-4;3,048243E-3;1,083191E+0;;
30/11/2021  14:47:38,292083;1,075865E+0;1,533758E-3;3,680107E-3;1,082889E+0;;
30/11/2021  14:47:38,292183;1,074968E+0;8,965980E-4;3,048243E-3;1,082587E+0;;
30/11/2021  14:47:38,292283;1,075335E+0;1,215178E-3;3,048243E-3;1,082284E+0;;
30/11/2021  14:47:38,292383;1,075293E+0;5,780180E-4;3,048243E-3;1,081981E+0;;
30/11/2021  14:47:38,292483;1,075916E+0;8,965980E-4;3,364175E-3;1,081680E+0;;
30/11/2021  14:47:38,292583;1,076154E+0;8,965980E-4;3,680107E-3;1,081380E+0;;
30/11/2021  14:47:38,292683;1,076795E+0;1,215178E-3;4,311971E-3;1,081082E+0;;
30/11/2021  14:47:38,292783;1,076914E+0;2,170918E-3;5,259767E-3;1,080788E+0;;
30/11/2021  14:47:38,292883;1,077355E+0;2,594380E-4;2,416379E-3;1,080497E+0;;
30/11/2021  14:47:38,292983;1,077337E+0;1,533758E-3;3,364175E-3;1,080212E+0;;
30/11/2021  14:47:38,293083;1,077269E+0;1,852338E-3;6,839427E-3;1,079932E+0;;
30/11/2021  14:47:38,293183;1,078527E+0;8,965980E-4;3,680107E-3;1,079659E+0;;
30/11/2021  14:47:38,293283;1,078723E+0;2,170918E-3;4,627903E-3;1,079393E+0;;
30/11/2021  14:47:38,293383;1,079972E+0;1,077258E-2;1,442179E-2;1,079135E+0;;
30/11/2021  14:47:38,293483;1,080300E+0;7,586778E-3;1,094654E-2;1,078887E+0;;
30/11/2021  14:47:38,293583;1,080634E+0;4,400978E-3;6,523495E-3;1,078649E+0;;
30/11/2021  14:47:38,293683;1,080488E+0;1,204690E-2;1,505366E-2;1,078422E+0;;
30/11/2021  14:47:38,293783;1,081403E+0;1,533758E-3;3,680107E-3;1,078207E+0;;
30/11/2021  14:47:38,293883;1,082365E+0;1,618844E-2;1,789705E-2;1,078004E+0;;
30/11/2021  14:47:38,293983;1,082863E+0;1,618844E-2;1,821298E-2;1,077816E+0;;
30/11/2021  14:47:38,294083;1,083894E+0;6,333828E-2;6,655058E-2;1,077642E+0;;
30/11/2021  14:47:38,294183;1,084010E+0;1,200455E-1;9,087734E-2;1,077483E+0;;
30/11/2021  14:47:38,294283;1,084028E+0;6,588692E-2;5,612482E-2;1,077341E+0;;
30/11/2021  14:47:38,294383;1,083921E+0;1,714418E-2;2,010857E-2;1,077215E+0;;
30/11/2021  14:47:38,294483;1,084472E+0;1,778134E-2;2,326789E-2;1,077107E+0;;
30/11/2021  14:47:38,294583;1,085286E+0;1,618844E-2;1,884484E-2;1,077017E+0;;
30/11/2021  14:47:38,294683;1,085652E+0;1,879031E-1;2,270440E-1;1,076945E+0;;
30/11/2021  14:47:38,294783;1,086058E+0;1,002936E-1;9,972343E-2;1,076891E+0;;
30/11/2021  14:47:38,294883;1,085992E+0;1,640096E-1;1,847091E-1;1,076857E+0;;
30/11/2021  14:47:38,294983;1,085769E+0;1,219570E-1;1,259458E-1;1,076841E+0;;
30/11/2021  14:47:38,295083;1,085408E+0;1,433019E-1;1,455336E-1;1,076845E+0;;
30/11/2021  14:47:38,295183;1,086064E+0;1,076209E-1;1,117289E-1;1,076867E+0;;
30/11/2021  14:47:38,295283;1,086842E+0;1,241871E-1;1,246821E-1;1,076908E+0;;
30/11/2021  14:47:38,295383;1,086874E+0;1,197269E-1;1,167838E-1;1,076966E+0;;
30/11/2021  14:47:38,295483;1,087369E+0;1,289658E-1;1,300529E-1;1,077043E+0;;
30/11/2021  14:47:38,295583;1,086907E+0;1,203641E-1;1,231024E-1;1,077138E+0;;
30/11/2021  14:47:38,295683;1,086690E+0;1,104881E-1;1,050943E-1;1,077249E+0;;
30/11/2021  14:47:38,295783;1,087464E+0;1,165411E-1;1,202590E-1;1,077377E+0;;
30/11/2021  14:47:38,295883;1,087742E+0;-1,630672E-2;5,264957E-2;1,077521E+0;;
30/11/2021  14:47:38,295983;1,087232E+0;1,235499E-1;1,414265E-1;1,077681E+0;;
30/11/2021  14:47:38,296083;1,087920E+0;1,528593E-1;1,787064E-1;1,077854E+0;;
30/11/2021  14:47:38,296183;1,087590E+0;6,333828E-2;8,771802E-2;1,078042E+0;;
30/11/2021  14:47:38,296283;1,087432E+0;1,238685E-1;1,256299E-1;1,078243E+0;;
30/11/2021  14:47:38,296383;1,087989E+0;1,257800E-1;1,265777E-1;1,078457E+0;;
30/11/2021  14:47:38,296483;1,088430E+0;1,292843E-1;1,461654E-1;1,078682E+0;;
30/11/2021  14:47:38,296583;1,088150E+0;1,225942E-1;1,344760E-1;1,078917E+0;;
30/11/2021  14:47:38,296683;1,089148E+0;1,181340E-1;1,079377E-1;1,079162E+0;;
30/11/2021  14:47:38,296783;1,089363E+0;1,257800E-1;1,385831E-1;1,079417E+0;;
30/11/2021  14:47:38,296883;1,089124E+0;1,296029E-1;1,221546E-1;1,079680E+0;;
30/11/2021  14:47:38,296983;1,089205E+0;1,276914E-1;1,231024E-1;1,079951E+0;;
30/11/2021  14:47:38,297083;1,089181E+0;1,289658E-1;1,189953E-1;1,080229E+0;;
30/11/2021  14:47:38,297183;1,089792E+0;1,197269E-1;1,092014E-1;1,080513E+0;;
30/11/2021  14:47:38,297283;1,089798E+0;1,296029E-1;1,215227E-1;1,080802E+0;;
30/11/2021  14:47:38,297383;1,090016E+0;1,413904E-1;1,575390E-1;1,081097E+0;;
30/11/2021  14:47:38,297483;1,090641E+0;-2,235974E-2;5,233363E-2;1,081396E+0;;
30/11/2021  14:47:38,297583;1,090761E+0;1,302401E-1;1,632258E-1;1,081698E+0;;
30/11/2021  14:47:38,297683;1,090877E+0;1,197269E-1;1,351078E-1;1,082004E+0;;
30/11/2021  14:47:38,297783;1,091723E+0;1,206827E-1;1,253139E-1;1,082312E+0;;
30/11/2021  14:47:38,297883;1,091866E+0;1,299215E-1;1,313166E-1;1,082622E+0;;
30/11/2021  14:47:38,297983;1,092442E+0;1,327887E-1;1,347919E-1;1,082933E+0;;
30/11/2021  14:47:38,298083;1,094116E+0;1,296029E-1;1,117289E-1;1,083247E+0;;
30/11/2021  14:47:38,298183;1,094537E+0;1,299215E-1;1,272095E-1;1,083561E+0;;
30/11/2021  14:47:38,298283;1,094197E+0;1,248242E-1;1,208909E-1;1,083877E+0;;
30/11/2021  14:47:38,298383;1,094501E+0;1,200455E-1;1,193112E-1;1,084194E+0;;
30/11/2021  14:47:38,298483;1,094730E+0;6,078964E-2;7,160549E-2;1,084513E+0;;
30/11/2021  14:47:38,298583;1,094939E+0;1,232313E-1;8,045158E-2;1,084832E+0;;
30/11/2021  14:47:38,298683;1,095648E+0;1,060280E-1;1,082536E-1;1,085153E+0;;
30/11/2021  14:47:38,298783;1,095920E+0;1,194084E-1;1,227865E-1;1,085474E+0;;
30/11/2021  14:47:38,298883;1,095657E+0;9,009900E-2;9,308886E-2;1,085796E+0;;
30/11/2021  14:47:38,298983;1,095571E+0;1,066652E-1;1,136244E-1;1,086119E+0;;
30/11/2021  14:47:38,299083;1,095788E+0;1,350188E-1;1,297370E-1;1,086442E+0;;
30/11/2021  14:47:38,299183;1,095243E+0;1,257800E-1;1,240502E-1;1,086766E+0;;
30/11/2021  14:47:38,299283;1,096080E+0;1,155854E-1;1,218387E-1;1,087089E+0;;
30/11/2021  14:47:38,299383;1,095994E+0;1,203641E-1;1,205749E-1;1,087412E+0;;
30/11/2021  14:47:38,299483;1,095869E+0;1,190898E-1;1,259458E-1;1,087734E+0;;
30/11/2021  14:47:38,299583;1,095842E+0;1,257800E-1;1,366875E-1;1,088055E+0;;
30/11/2021  14:47:38,299683;1,095502E+0;1,002936E-1;1,044624E-1;1,088374E+0;;
30/11/2021  14:47:38,299783;1,094906E+0;1,069837E-1;1,095173E-1;1,088692E+0;;
30/11/2021  14:47:38,299883;1,094561E+0;9,774492E-2;1,022509E-1;1,089007E+0;;
30/11/2021  14:47:38,299983;1,094882E+0;8,818752E-2;9,182514E-2;1,089318E+0;;
30/11/2021  14:47:38,300083;1,095559E+0;3,275460E-2;3,337771E-2;1,089626E+0;;
30/11/2021  14:47:38,300183;1,095225E+0;8,436456E-2;9,877564E-2;1,089930E+0;;
30/11/2021  14:47:38,300283;1,095443E+0;9,965640E-2;1,177316E-1;1,090229E+0;;
30/11/2021  14:47:38,300383;1,094686E+0;-1,853678E-2;-1,058873E-3;1,090522E+0;;
30/11/2021  14:47:38,300483;1,094456E+0;2,160430E-2;1,600145E-2;1,090810E+0;;
30/11/2021  14:47:38,300583;1,095046E+0;2,319720E-2;2,642721E-2;1,091092E+0;;
30/11/2021  14:47:38,300683;1,093827E+0;4,008194E-2;5,233363E-2;1,091367E+0;;
30/11/2021  14:47:38,300783;1,094218E+0;3,817046E-2;4,885838E-2;1,091634E+0;;
30/11/2021  14:47:38,300883;1,093842E+0;-3,351004E-2;-1,495988E-2;1,091895E+0;;
30/11/2021  14:47:38,300983;1,093336E+0;9,583344E-2;1,114129E-1;1,092146E+0;;
30/11/2021  14:47:38,301083;1,092465E+0;1,034794E-1;1,170997E-1;1,092389E+0;;
30/11/2021  14:47:38,301183;1,092185E+0;1,378860E-1;1,189953E-1;1,092623E+0;;
30/11/2021  14:47:38,301283;1,091908E+0;4,294916E-2;2,453162E-2;1,092847E+0;;
30/11/2021  14:47:38,301383;1,091637E+0;1,159040E-1;9,372073E-2;1,093059E+0;;
30/11/2021  14:47:38,301483;1,091389E+0;1,417090E-1;1,268936E-1;1,093261E+0;;
30/11/2021  14:47:38,301583;1,090999E+0;1,429833E-1;9,814378E-2;1,093451E+0;;
30/11/2021  14:47:38,301683;1,090439E+0;1,764342E-1;1,600664E-1;1,093628E+0;;
30/11/2021  14:47:38,301783;1,089899E+0;1,837615E-1;1,850251E-1;1,093793E+0;;
30/11/2021  14:47:38,301883;1,090150E+0;1,617795E-1;1,455336E-1;1,093944E+0;;
30/11/2021  14:47:38,301983;1,090442E+0;8,946184E-2;1,076217E-1;1,094081E+0;;
30/11/2021  14:47:38,302083;1,090814E+0;2,287862E-2;4,538313E-2;1,094205E+0;;
30/11/2021  14:47:38,302183;1,089911E+0;1,136739E-1;1,000394E-1;1,094314E+0;;
30/11/2021  14:47:38,302283;1,089995E+0;1,308772E-1;1,588027E-1;1,094409E+0;;
30/11/2021  14:47:38,302383;1,089318E+0;1,241871E-1;1,205749E-1;1,094490E+0;;
30/11/2021  14:47:38,302483;1,089130E+0;1,264171E-1;1,354238E-1;1,094556E+0;;
30/11/2021  14:47:38,302583;1,089270E+0;1,280100E-1;1,294210E-1;1,094608E+0;;
30/11/2021  14:47:38,302683;1,089726E+0;1,251428E-1;1,284732E-1;1,094646E+0;;
30/11/2021  14:47:38,302783;1,089935E+0;1,200455E-1;1,208909E-1;1,094670E+0;;
30/11/2021  14:47:38,302883;1,089643E+0;1,324701E-1;1,354238E-1;1,094680E+0;;
30/11/2021  14:47:38,302983;1,089276E+0;1,114439E-1;7,981972E-2;1,094677E+0;;
30/11/2021  14:47:38,303083;1,088826E+0;6,206396E-2;5,865227E-2;1,094661E+0;;
30/11/2021  14:47:38,303183;1,088457E+0;1,289658E-1;1,569071E-1;1,094632E+0;;
30/11/2021  14:47:38,303283;1,089074E+0;1,280100E-1;1,332122E-1;1,094591E+0;;
30/11/2021  14:47:38,303383;1,089139E+0;1,324701E-1;1,249980E-1;1,094538E+0;;
30/11/2021  14:47:38,303483;1,089113E+0;1,095324E-1;1,088855E-1;1,094474E+0;;
30/11/2021  14:47:38,303583;1,088815E+0;5,378088E-2;8,234717E-2;1,094399E+0;;
30/11/2021  14:47:38,303683;1,088475E+0;1,260985E-1;1,483770E-1;1,094314E+0;;
30/11/2021  14:47:38,303783;1,088651E+0;1,640096E-1;1,635417E-1;1,094219E+0;;
30/11/2021  14:47:38,303883;1,087700E+0;1,331073E-1;1,420583E-1;1,094114E+0;;
30/11/2021  14:47:38,303983;1,088698E+0;1,404346E-1;1,417424E-1;1,094001E+0;;
30/11/2021  14:47:38,304083;1,088487E+0;1,267357E-1;1,360556E-1;1,093880E+0;;
30/11/2021  14:47:38,304183;1,088195E+0;1,248242E-1;2,178820E-1;1,093751E+0;;
30/11/2021  14:47:38,304283;1,087983E+0;1,200455E-1;1,161519E-1;1,093615E+0;;
30/11/2021  14:47:38,304383;1,087950E+0;1,088952E-1;1,114129E-1;1,093473E+0;;
30/11/2021  14:47:38,304483;1,087864E+0;9,678918E-2;9,119327E-2;1,093325E+0;;
30/11/2021  14:47:38,304583;1,087637E+0;1,464877E-1;1,569071E-1;1,093171E+0;;
30/11/2021  14:47:38,304683;1,088060E+0;1,197269E-1;1,215227E-1;1,093012E+0;;
30/11/2021  14:47:38,304783;1,088931E+0;1,254614E-1;1,297370E-1;1,092849E+0;;
30/11/2021  14:47:38,304883;1,088499E+0;1,305587E-1;1,256299E-1;1,092682E+0;;
30/11/2021  14:47:38,304983;1,088201E+0;8,086018E-2;9,214107E-2;1,092512E+0;;
30/11/2021  14:47:38,305083;1,087932E+0;1,442576E-1;1,692285E-1;1,092340E+0;;
30/11/2021  14:47:38,305183;1,087080E+0;-1,216518E-2;1,104651E-1;1,092166E+0;;
30/11/2021  14:47:38,305283;1,087524E+0;1,324701E-1;1,306848E-1;1,091991E+0;;
30/11/2021  14:47:38,305383;1,087956E+0;1,257800E-1;1,265777E-1;1,091814E+0;;
30/11/2021  14:47:38,305483;1,087876E+0;1,665582E-1;1,812339E-1;1,091637E+0;;
30/11/2021  14:47:38,305583;1,087327E+0;1,464877E-1;1,524841E-1;1,091460E+0;;
30/11/2021  14:47:38,305683;1,086442E+0;1,270543E-1;1,183634E-1;1,091283E+0;;
30/11/2021  14:47:38,305783;1,086108E+0;1,178155E-1;1,133085E-1;1,091106E+0;;
30/11/2021  14:47:38,305883;1,085691E+0;1,155854E-1;1,035146E-1;1,090930E+0;;
30/11/2021  14:47:38,305983;1,085050E+0;1,315144E-1;1,392149E-1;1,090755E+0;;
30/11/2021  14:47:38,306083;1,085730E+0;1,276914E-1;1,221546E-1;1,090581E+0;;
30/11/2021  14:47:38,306183;1,085727E+0;1,280100E-1;1,253139E-1;1,090407E+0;;
30/11/2021  14:47:38,306283;1,084875E+0;1,267357E-1;1,038306E-1;1,090234E+0;;
30/11/2021  14:47:38,306383;1,084413E+0;8,691320E-2;7,286922E-2;1,090061E+0;;
30/11/2021  14:47:38,306483;1,083447E+0;1,203641E-1;1,414265E-1;1,089889E+0;;
30/11/2021  14:47:38,306583;1,083167E+0;1,327887E-1;1,376353E-1;1,089718E+0;;
30/11/2021  14:47:38,306683;1,083313E+0;1,229127E-1;1,180475E-1;1,089547E+0;;
30/11/2021  14:47:38,306783;1,083572E+0;1,423461E-1;1,806020E-1;1,089375E+0;;
30/11/2021  14:47:38,306883;1,083280E+0;6,301970E-2;6,307532E-2;1,089204E+0;;
30/11/2021  14:47:38,306983;1,082723E+0;1,410718E-1;1,632258E-1;1,089032E+0;;
30/11/2021  14:47:38,307083;1,082577E+0;1,350188E-1;1,322644E-1;1,088860E+0;;
30/11/2021  14:47:38,307183;1,081933E+0;1,331073E-1;1,227865E-1;1,088687E+0;;
30/11/2021  14:47:38,307283;1,082240E+0;1,194084E-1;1,120448E-1;1,088513E+0;;
30/11/2021  14:47:38,307383;1,082347E+0;1,305587E-1;1,284732E-1;1,088339E+0;;
30/11/2021  14:47:38,307483;1,082747E+0;1,315144E-1;1,328963E-1;1,088164E+0;;
30/11/2021  14:47:38,307583;1,082395E+0;1,280100E-1;1,186794E-1;1,087988E+0;;
30/11/2021  14:47:38,307683;1,082392E+0;1,283286E-1;1,272095E-1;1,087811E+0;;
30/11/2021  14:47:38,307783;1,081557E+0;4,900218E-2;5,391329E-2;1,087634E+0;;
30/11/2021  14:47:38,307883;1,081319E+0;1,299215E-1;1,483770E-1;1,087456E+0;;
30/11/2021  14:47:38,307983;1,081459E+0;1,213198E-1;1,262617E-1;1,087277E+0;;
30/11/2021  14:47:38,308083;1,081489E+0;1,299215E-1;1,594346E-1;1,087098E+0;;
30/11/2021  14:47:38,308183;1,082303E+0;1,417090E-1;1,657532E-1;1,086919E+0;;
30/11/2021  14:47:38,308283;1,081498E+0;1,487177E-1;1,606983E-1;1,086739E+0;;
30/11/2021  14:47:38,308383;1,081796E+0;1,152668E-1;1,253139E-1;1,086559E+0;;
30/11/2021  14:47:38,308483;1,081033E+0;1,388417E-1;1,392149E-1;1,086379E+0;;
30/11/2021  14:47:38,308583;1,081081E+0;1,595494E-1;1,606983E-1;1,086200E+0;;
30/11/2021  14:47:38,308683;1,081689E+0;1,299215E-1;1,430061E-1;1,086020E+0;;
30/11/2021  14:47:38,308783;1,081918E+0;1,264171E-1;1,262617E-1;1,085841E+0;;
30/11/2021  14:47:38,308883;1,082523E+0;1,404346E-1;1,524841E-1;1,085664E+0;;
30/11/2021  14:47:38,308983;1,082416E+0;1,391603E-1;1,370034E-1;1,085487E+0;;
30/11/2021  14:47:38,309083;1,082195E+0;1,433019E-1;1,341600E-1;1,085312E+0;;
30/11/2021  14:47:38,309183;1,081939E+0;1,397975E-1;1,436380E-1;1,085139E+0;;
30/11/2021  14:47:38,309283;1,082335E+0;1,710183E-1;1,780746E-1;1,084968E+0;;
30/11/2021  14:47:38,309383;1,082502E+0;1,496735E-1;1,287892E-1;1,084800E+0;;
30/11/2021  14:47:38,309483;1,082967E+0;1,245056E-1;1,189953E-1;1,084635E+0;;
30/11/2021  14:47:38,309583;1,083161E+0;1,483991E-1;1,291051E-1;1,084473E+0;;
30/11/2021  14:47:38,309683;1,082753E+0;1,280100E-1;1,370034E-1;1,084316E+0;;
30/11/2021  14:47:38,309783;1,082371E+0;1,229127E-1;1,278414E-1;1,084162E+0;;
30/11/2021  14:47:38,309883;1,082249E+0;1,395838E-2;1,726518E-2;1,084013E+0;;
30/11/2021  14:47:38,309983;1,083119E+0;1,215178E-3;3,364175E-3;1,083869E+0;;
30/11/2021  14:47:38,310083;1,083450E+0;1,852338E-3;3,048243E-3;1,083729E+0;;
30/11/2021  14:47:38,310183;1,084657E+0;1,533758E-3;3,996039E-3;1,083595E+0;;
30/11/2021  14:47:38,310283;1,083912E+0;1,533758E-3;3,680107E-3;1,083467E+0;;
30/11/2021  14:47:38,310383;1,083831E+0;1,533758E-3;3,996039E-3;1,083344E+0;;
30/11/2021  14:47:38,310483;1,083855E+0;1,533758E-3;4,627903E-3;1,083228E+0;;
30/11/2021  14:47:38,310583;1,084052E+0;8,965980E-4;3,048243E-3;1,083119E+0;;
30/11/2021  14:47:38,310683;1,084293E+0;8,965980E-4;3,996039E-3;1,083017E+0;;
30/11/2021  14:47:38,310783;1,084550E+0;1,215178E-3;3,680107E-3;1,082921E+0;;
30/11/2021  14:47:38,310883;1,085477E+0;8,965980E-4;3,048243E-3;1,082833E+0;;
30/11/2021  14:47:38,310983;1,085986E+0;1,533758E-3;3,364175E-3;1,082753E+0;;
30/11/2021  14:47:38,311083;1,085581E+0;3,126658E-3;4,627903E-3;1,082681E+0;;
30/11/2021  14:47:38,311183;1,085146E+0;4,400978E-3;6,207563E-3;1,082616E+0;;
30/11/2021  14:47:38,311283;1,085357E+0;3,763818E-3;6,523495E-3;1,082561E+0;;
30/11/2021  14:47:38,311383;1,086535E+0;5,993878E-3;7,471291E-3;1,082513E+0;;
30/11/2021  14:47:38,311483;1,086791E+0;1,013542E-2;1,157841E-2;1,082475E+0;;
30/11/2021  14:47:38,311583;1,087318E+0;8,223938E-3;9,366883E-3;1,082445E+0;;
30/11/2021  14:47:38,311683;1,087169E+0;7,268198E-3;8,735019E-3;1,082424E+0;;
30/11/2021  14:47:38,311783;1,087616E+0;3,126658E-3;4,627903E-3;1,082412E+0;;
30/11/2021  14:47:38,311883;1,087581E+0;2,489498E-3;4,627903E-3;1,082410E+0;;
30/11/2021  14:47:38,311983;1,087470E+0;1,533758E-3;4,311971E-3;1,082418E+0;;
30/11/2021  14:47:38,312083;1,088364E+0;1,533758E-3;3,364175E-3;1,082435E+0;;
30/11/2021  14:47:38,312183;1,089223E+0;5,780180E-4;3,048243E-3;1,082462E+0;;
30/11/2021  14:47:38,312283;1,089217E+0;5,780180E-4;3,996039E-3;1,082498E+0;;
30/11/2021  14:47:38,312383;1,089282E+0;1,215178E-3;3,364175E-3;1,082544E+0;;
30/11/2021  14:47:38,312483;1,088332E+0;8,965980E-4;3,364175E-3;1,082601E+0;;
30/11/2021  14:47:38,312583;1,088624E+0;1,533758E-3;3,680107E-3;1,082667E+0;;
30/11/2021  14:47:38,312683;1,089190E+0;1,533758E-3;3,048243E-3;1,082742E+0;;
30/11/2021  14:47:38,312783;1,089917E+0;8,965980E-4;3,680107E-3;1,082827E+0;;
30/11/2021  14:47:38,312883;1,090185E+0;1,215178E-3;3,680107E-3;1,082921E+0;;
30/11/2021  14:47:38,312983;1,090025E+0;1,852338E-3;4,627903E-3;1,083024E+0;;
30/11/2021  14:47:38,313083;1,089205E+0;8,965980E-4;3,364175E-3;1,083136E+0;;
30/11/2021  14:47:38,313183;1,088969E+0;1,533758E-3;3,680107E-3;1,083256E+0;;
30/11/2021  14:47:38,313283;1,088215E+0;1,533758E-3;3,996039E-3;1,083384E+0;;
30/11/2021  14:47:38,313383;1,088484E+0;1,533758E-3;3,364175E-3;1,083520E+0;;
30/11/2021  14:47:38,313483;1,088809E+0;1,555128E-2;1,631739E-2;1,083662E+0;;
30/11/2021  14:47:38,313583;1,088698E+0;1,491412E-2;1,789705E-2;1,083810E+0;;
30/11/2021  14:47:38,313683;1,088278E+0;1,427696E-2;1,157841E-2;1,083963E+0;;
30/11/2021  14:47:38,313783;1,087676E+0;1,523270E-2;2,042450E-2;1,084121E+0;;
30/11/2021  14:47:38,313883;1,087092E+0;1,586986E-2;2,105637E-2;1,084283E+0;;
30/11/2021  14:47:38,313983;1,086722E+0;1,650702E-2;1,916077E-2;1,084448E+0;;
30/11/2021  14:47:38,314083;1,086865E+0;1,555128E-2;1,758111E-2;1,084614E+0;;
30/11/2021  14:47:38,314183;1,087020E+0;1,037979E-1;1,821817E-1;1,084782E+0;;
30/11/2021  14:47:38,314283;1,087068E+0;3,562182E-2;4,127601E-2;1,084950E+0;;
30/11/2021  14:47:38,314383;1,086809E+0;1,618844E-2;2,168823E-2;1,085117E+0;;
30/11/2021  14:47:38,314483;1,086302E+0;1,206827E-1;1,205749E-1;1,085283E+0;;
30/11/2021  14:47:38,314583;1,085363E+0;1,652839E-1;1,676488E-1;1,085447E+0;;
30/11/2021  14:47:38,314683;1,085840E+0;5,792242E-2;6,339125E-2;1,085607E+0;;
30/11/2021  14:47:38,314783;1,085271E+0;1,155854E-1;1,259458E-1;1,085764E+0;;
30/11/2021  14:47:38,314883;1,086353E+0;1,073023E-1;9,403666E-2;1,085917E+0;;
30/11/2021  14:47:38,314983;1,086430E+0;1,184526E-1;1,161519E-1;1,086064E+0;;
30/11/2021  14:47:38,315083;1,085801E+0;3,976336E-2;5,865227E-2;1,086206E+0;;
30/11/2021  14:47:38,315183;1,085202E+0;1,605052E-1;1,512204E-1;1,086342E+0;;
30/11/2021  14:47:38,315283;1,085432E+0;2,351578E-2;1,031468E-2;1,086472E+0;;
30/11/2021  14:47:38,315383;1,085736E+0;9,169190E-2;9,245700E-2;1,086594E+0;;
30/11/2021  14:47:38,315483;1,086567E+0;9,933782E-2;1,066739E-1;1,086710E+0;;
30/11/2021  14:47:38,315583;1,086940E+0;9,041758E-2;1,275255E-1;1,086818E+0;;
30/11/2021  14:47:38,315683;1,087005E+0;1,225942E-1;1,338441E-1;1,086919E+0;;
30/11/2021  14:47:38,315783;1,086561E+0;1,232313E-1;1,347919E-1;1,087013E+0;;
30/11/2021  14:47:38,315883;1,086278E+0;1,347002E-1;1,572231E-1;1,087100E+0;;
30/11/2021  14:47:38,315983;1,086707E+0;1,254614E-1;1,376353E-1;1,087180E+0;;
30/11/2021  14:47:38,316083;1,087381E+0;1,318330E-1;1,388990E-1;1,087253E+0;;
30/11/2021  14:47:38,316183;1,088072E+0;1,219570E-1;1,234183E-1;1,087319E+0;;
30/11/2021  14:47:38,316283;1,088317E+0;1,178155E-1;1,231024E-1;1,087379E+0;;
30/11/2021  14:47:38,316383;1,088791E+0;1,286472E-1;1,215227E-1;1,087434E+0;;
30/11/2021  14:47:38,316483;1,088695E+0;1,136739E-1;9,340479E-2;1,087483E+0;;
30/11/2021  14:47:38,316583;1,088505E+0;1,044351E-1;1,016190E-1;1,087527E+0;;
30/11/2021  14:47:38,316683;1,089211E+0;1,289658E-1;1,398468E-1;1,087567E+0;;
30/11/2021  14:47:38,316783;1,089512E+0;1,229127E-1;1,215227E-1;1,087604E+0;;
30/11/2021  14:47:38,316883;1,090174E+0;1,248242E-1;1,265777E-1;1,087637E+0;;
30/11/2021  14:47:38,316983;1,090662E+0;1,178155E-1;1,224705E-1;1,087668E+0;;
30/11/2021  14:47:38,317083;1,091184E+0;8,117876E-2;8,582243E-2;1,087697E+0;;
30/11/2021  14:47:38,317183;1,091154E+0;1,356559E-1;1,638576E-1;1,087725E+0;;
30/11/2021  14:47:38,317283;1,090400E+0;1,525407E-1;1,625939E-1;1,087753E+0;;
30/11/2021  14:47:38,317383;1,091080E+0;1,324701E-1;1,306848E-1;1,087781E+0;;
30/11/2021  14:47:38,317483;1,091935E+0;1,117624E-1;1,278414E-1;1,087810E+0;;
30/11/2021  14:47:38,317583;1,092036E+0;1,461691E-1;1,433221E-1;1,087840E+0;;
30/11/2021  14:47:38,317683;1,092740E+0;1,356559E-1;1,436380E-1;1,087872E+0;;
30/11/2021  14:47:38,317783;1,092480E+0;1,162226E-1;1,136244E-1;1,087906E+0;;
30/11/2021  14:47:38,317883;1,092206E+0;1,133553E-1;1,136244E-1;1,087944E+0;;
30/11/2021  14:47:38,317983;1,092030E+0;1,448948E-1;1,752312E-1;1,087984E+0;;
30/11/2021  14:47:38,318083;1,091884E+0;1,264171E-1;1,420583E-1;1,088029E+0;;
30/11/2021  14:47:38,318183;1,092710E+0;1,063466E-1;8,677022E-2;1,088077E+0;;
30/11/2021  14:47:38,318283;1,093514E+0;1,283286E-1;1,265777E-1;1,088129E+0;;
30/11/2021  14:47:38,318383;1,093562E+0;1,149482E-1;8,329497E-2;1,088186E+0;;
30/11/2021  14:47:38,318483;1,093076E+0;8,149734E-2;6,023194E-2;1,088247E+0;;
30/11/2021  14:47:38,318583;1,092814E+0;1,566822E-1;1,711241E-1;1,088313E+0;;
30/11/2021  14:47:38,318683;1,092462E+0;1,235499E-1;1,240502E-1;1,088384E+0;;
30/11/2021  14:47:38,318783;1,092832E+0;1,197269E-1;1,256299E-1;1,088460E+0;;
30/11/2021  14:47:38,318883;1,093142E+0;1,127182E-1;1,152041E-1;1,088540E+0;;
30/11/2021  14:47:38,318983;1,093324E+0;8,627604E-2;8,171531E-2;1,088625E+0;;
30/11/2021  14:47:38,319083;1,092963E+0;1,034794E-1;1,129926E-1;1,088714E+0;;
30/11/2021  14:47:38,319183;1,092531E+0;1,206827E-1;1,189953E-1;1,088807E+0;;
30/11/2021  14:47:38,319283;1,091381E+0;1,159040E-1;1,117289E-1;1,088905E+0;;
30/11/2021  14:47:38,319383;1,091556E+0;1,168597E-1;1,155200E-1;1,089006E+0;;
30/11/2021  14:47:38,319483;1,091583E+0;1,229127E-1;1,174156E-1;1,089110E+0;;
30/11/2021  14:47:38,319583;1,091524E+0;1,347002E-1;1,313166E-1;1,089216E+0;;
30/11/2021  14:47:38,319683;1,091598E+0;1,235499E-1;1,152041E-1;1,089325E+0;;
30/11/2021  14:47:38,319783;1,091378E+0;1,235499E-1;1,193112E-1;1,089434E+0;;
30/11/2021  14:47:38,319883;1,090293E+0;1,778134E-2;1,410586E-2;1,089545E+0;;
30/11/2021  14:47:38,319983;1,089929E+0;1,085766E-1;1,177316E-1;1,089656E+0;;
30/11/2021  14:47:38,320083;1,090117E+0;3,530324E-2;3,843263E-2;1,089766E+0;;
30/11/2021  14:47:38,320183;1,090153E+0;5,601094E-2;8,234717E-2;1,089876E+0;;
30/11/2021  14:47:38,320283;1,089831E+0;5,664810E-2;6,149566E-2;1,089983E+0;;
30/11/2021  14:47:38,320383;1,089792E+0;1,044351E-1;1,354238E-1;1,090089E+0;;
30/11/2021  14:47:38,320483;1,089500E+0;3,880762E-2;4,253974E-2;1,090191E+0;;
30/11/2021  14:47:38,320583;1,088880E+0;6,301970E-2;6,686651E-2;1,090290E+0;;
30/11/2021  14:47:38,320683;1,088031E+0;1,095324E-1;1,328963E-1;1,090385E+0;;
30/11/2021  14:47:38,320783;1,088156E+0;3,179886E-2;1,947671E-2;1,090476E+0;;
30/11/2021  14:47:38,320883;1,088397E+0;9,647060E-2;9,277293E-2;1,090561E+0;;
30/11/2021  14:47:38,320983;1,088797E+0;9,424054E-2;1,237343E-1;1,090640E+0;;
30/11/2021  14:47:38,321083;1,088564E+0;8,914326E-2;8,361090E-2;1,090713E+0;;
30/11/2021  14:47:38,321183;1,088168E+0;9,201048E-2;9,909157E-2;1,090780E+0;;
30/11/2021  14:47:38,321283;1,087578E+0;6,875414E-2;7,065769E-2;1,090839E+0;;
30/11/2021  14:47:38,321383;1,087318E+0;1,162226E-1;1,401627E-1;1,090892E+0;;
30/11/2021  14:47:38,321483;1,088171E+0;1,031608E-1;1,000394E-1;1,090937E+0;;
30/11/2021  14:47:38,321583;1,088558E+0;1,914074E-1;1,926074E-1;1,090975E+0;;
30/11/2021  14:47:38,321683;1,088815E+0;1,407532E-1;1,505885E-1;1,091005E+0;;
30/11/2021  14:47:38,321783;1,088871E+0;1,649653E-1;2,033491E-1;1,091028E+0;;
30/11/2021  14:47:38,321883;1,088055E+0;1,525407E-1;1,354238E-1;1,091043E+0;;
30/11/2021  14:47:38,321983;1,087602E+0;1,656025E-1;1,464814E-1;1,091051E+0;;
30/11/2021  14:47:38,322083;1,088499E+0;1,735670E-1;1,572231E-1;1,091052E+0;;
30/11/2021  14:47:38,322183;1,089127E+0;1,576380E-1;1,591187E-1;1,091046E+0;;
30/11/2021  14:47:38,322283;1,089279E+0;1,088952E-1;1,054102E-1;1,091034E+0;;
30/11/2021  14:47:38,322383;1,089750E+0;1,276914E-1;1,284732E-1;1,091015E+0;;
30/11/2021  14:47:38,322483;1,090171E+0;1,276914E-1;1,291051E-1;1,090991E+0;;
30/11/2021  14:47:38,322583;1,089625E+0;1,225942E-1;1,180475E-1;1,090961E+0;;
30/11/2021  14:47:38,322683;1,089884E+0;7,767438E-2;9,719598E-2;1,090927E+0;;
30/11/2021  14:47:38,322783;1,090230E+0;1,085766E-1;1,133085E-1;1,090890E+0;;
30/11/2021  14:47:38,322883;1,091002E+0;1,203641E-1;1,167838E-1;1,090848E+0;;
30/11/2021  14:47:38,322983;1,091789E+0;1,248242E-1;1,449017E-1;1,090804E+0;;
30/11/2021  14:47:38,323083;1,091726E+0;7,098420E-2;1,006712E-1;1,090758E+0;;
30/11/2021  14:47:38,323183;1,091422E+0;1,241871E-1;1,300529E-1;1,090711E+0;;
30/11/2021  14:47:38,323283;1,091118E+0;1,299215E-1;1,306848E-1;1,090664E+0;;
30/11/2021  14:47:38,323383;1,091327E+0;1,216384E-1;1,360556E-1;1,090616E+0;;
30/11/2021  14:47:38,323483;1,092015E+0;1,347002E-1;1,357397E-1;1,090569E+0;;
30/11/2021  14:47:38,323583;1,093216E+0;1,372488E-1;1,366875E-1;1,090523E+0;;
30/11/2021  14:47:38,323683;1,092999E+0;5,314372E-2;1,170997E-1;1,090478E+0;;
30/11/2021  14:47:38,323783;1,093437E+0;1,570008E-1;1,486929E-1;1,090437E+0;;
30/11/2021  14:47:38,323883;1,093184E+0;1,216384E-1;1,215227E-1;1,090398E+0;;
30/11/2021  14:47:38,323983;1,092900E+0;1,216384E-1;1,164678E-1;1,090363E+0;;
30/11/2021  14:47:38,324083;1,093064E+0;1,165411E-1;1,066739E-1;1,090332E+0;;
30/11/2021  14:47:38,324183;1,093699E+0;1,235499E-1;1,287892E-1;1,090306E+0;;
30/11/2021  14:47:38,324283;1,094328E+0;1,302401E-1;1,281573E-1;1,090285E+0;;
30/11/2021  14:47:38,324383;1,094194E+0;1,184526E-1;1,407946E-1;1,090269E+0;;
30/11/2021  14:47:38,324483;1,094331E+0;1,219570E-1;1,392149E-1;1,090259E+0;;
30/11/2021  14:47:38,324583;1,093666E+0;1,283286E-1;1,430061E-1;1,090255E+0;;
30/11/2021  14:47:38,324683;1,093547E+0;1,401161E-1;1,891322E-1;1,090257E+0;;
30/11/2021  14:47:38,324783;1,093863E+0;1,327887E-1;1,319485E-1;1,090265E+0;;
30/11/2021  14:47:38,324883;1,094480E+0;1,308772E-1;1,310007E-1;1,090280E+0;;
30/11/2021  14:47:38,324983;1,093917E+0;9,806350E-2;1,199431E-1;1,090301E+0;;
30/11/2021  14:47:38,325083;1,093899E+0;1,544522E-1;1,733356E-1;1,090329E+0;;
30/11/2021  14:47:38,325183;1,093416E+0;1,382046E-1;1,379512E-1;1,090362E+0;;
30/11/2021  14:47:38,325283;1,092838E+0;1,174969E-1;1,205749E-1;1,090402E+0;;
30/11/2021  14:47:38,325383;1,092069E+0;1,241871E-1;1,107811E-1;1,090447E+0;;
30/11/2021  14:47:38,325483;1,091810E+0;1,337445E-1;1,430061E-1;1,090498E+0;;
30/11/2021  14:47:38,325583;1,091655E+0;1,283286E-1;1,234183E-1;1,090553E+0;;
30/11/2021  14:47:38,325683;1,091246E+0;1,353374E-1;1,474292E-1;1,090611E+0;;
30/11/2021  14:47:38,325783;1,091264E+0;1,146297E-1;8,677022E-2;1,090673E+0;;
30/11/2021  14:47:38,325883;1,090406E+0;1,640096E-1;1,543797E-1;1,090737E+0;;
30/11/2021  14:47:38,325983;1,090132E+0;1,719741E-1;1,531159E-1;1,090803E+0;;
30/11/2021  14:47:38,326083;1,089783E+0;1,276914E-1;1,325804E-1;1,090870E+0;;
30/11/2021  14:47:38,326183;1,089420E+0;1,318330E-1;1,319485E-1;1,090937E+0;;
30/11/2021  14:47:38,326283;1,090078E+0;6,015248E-2;1,006712E-1;1,091004E+0;;
30/11/2021  14:47:38,326383;1,089586E+0;-2,522696E-2;5,422923E-2;1,091068E+0;;
30/11/2021  14:47:38,326483;1,089512E+0;1,547707E-1;1,875525E-1;1,091131E+0;;
30/11/2021  14:47:38,326583;1,088609E+0;1,276914E-1;1,237343E-1;1,091192E+0;;
30/11/2021  14:47:38,326683;1,088046E+0;1,410718E-1;1,370034E-1;1,091249E+0;;
30/11/2021  14:47:38,326783;1,088379E+0;1,210013E-1;1,193112E-1;1,091302E+0;;
30/11/2021  14:47:38,326883;1,088752E+0;1,280100E-1;1,278414E-1;1,091350E+0;;
30/11/2021  14:47:38,326983;1,088385E+0;1,069837E-1;9,214107E-2;1,091394E+0;;
30/11/2021  14:47:38,327083;1,088430E+0;1,305587E-1;1,284732E-1;1,091432E+0;;
30/11/2021  14:47:38,327183;1,088320E+0;8,946184E-2;6,149566E-2;1,091465E+0;;
30/11/2021  14:47:38,327283;1,087515E+0;1,069837E-1;1,344760E-1;1,091491E+0;;
30/11/2021  14:47:38,327383;1,087140E+0;1,656025E-1;1,635417E-1;1,091511E+0;;
30/11/2021  14:47:38,327483;1,087312E+0;1,280100E-1;1,316326E-1;1,091524E+0;;
30/11/2021  14:47:38,327583;1,087503E+0;-6,504946E-2;6,718244E-2;1,091530E+0;;
30/11/2021  14:47:38,327683;1,087536E+0;1,257800E-1;1,202590E-1;1,091529E+0;;
30/11/2021  14:47:38,327783;1,087703E+0;9,487770E-2;8,171531E-2;1,091521E+0;;
30/11/2021  14:47:38,327883;1,087286E+0;2,245398E-1;2,058766E-1;1,091505E+0;;
30/11/2021  14:47:38,327983;1,086409E+0;1,273729E-1;1,284732E-1;1,091483E+0;;
30/11/2021  14:47:38,328083;1,085757E+0;1,413904E-1;1,458495E-1;1,091452E+0;;
30/11/2021  14:47:38,328183;1,085620E+0;1,343816E-1;1,461654E-1;1,091415E+0;;
30/11/2021  14:47:38,328283;1,086013E+0;1,216384E-1;1,281573E-1;1,091370E+0;;
30/11/2021  14:47:38,328383;1,086371E+0;1,321516E-1;1,363715E-1;1,091317E+0;;
30/11/2021  14:47:38,328483;1,086529E+0;1,327887E-1;1,129926E-1;1,091256E+0;;
30/11/2021  14:47:38,328583;1,085286E+0;1,420275E-1;1,445858E-1;1,091188E+0;;
30/11/2021  14:47:38,328683;1,085119E+0;9,455912E-2;9,308886E-2;1,091113E+0;;
30/11/2021  14:47:38,328783;1,085447E+0;1,503106E-1;1,594346E-1;1,091031E+0;;
30/11/2021  14:47:38,328883;1,084955E+0;1,343816E-1;1,300529E-1;1,090941E+0;;
30/11/2021  14:47:38,328983;1,085691E+0;1,232313E-1;1,433221E-1;1,090845E+0;;
30/11/2021  14:47:38,329083;1,086085E+0;1,407532E-1;1,310007E-1;1,090742E+0;;
30/11/2021  14:47:38,329183;1,085682E+0;5,728526E-2;9,056141E-2;1,090632E+0;;
30/11/2021  14:47:38,329283;1,085113E+0;1,691068E-1;1,992420E-1;1,090517E+0;;
30/11/2021  14:47:38,329383;1,084064E+0;2,309114E-1;2,153545E-1;1,090396E+0;;
30/11/2021  14:47:38,329483;1,083045E+0;1,515849E-1;1,483770E-1;1,090270E+0;;
30/11/2021  14:47:38,329583;1,083790E+0;1,541336E-1;1,430061E-1;1,090138E+0;;
30/11/2021  14:47:38,329683;1,083799E+0;1,547707E-1;1,445858E-1;1,090002E+0;;
30/11/2021  14:47:38,329783;1,083614E+0;1,426647E-1;1,550115E-1;1,089860E+0;;
30/11/2021  14:47:38,329883;1,083104E+0;1,523270E-2;1,568552E-2;1,089713E+0;;
30/11/2021  14:47:38,329983;1,082058E+0;1,215178E-3;3,364175E-3;1,089561E+0;;
30/11/2021  14:47:38,330083;1,081230E+0;5,780180E-4;2,732311E-3;1,089404E+0;;
30/11/2021  14:47:38,330183;1,081107E+0;2,489498E-3;4,311971E-3;1,089243E+0;;
30/11/2021  14:47:38,330283;1,081018E+0;8,965980E-4;3,364175E-3;1,089077E+0;;
30/11/2021  14:47:38,330383;1,080958E+0;1,215178E-3;3,364175E-3;1,088905E+0;;
30/11/2021  14:47:38,330483;1,080309E+0;8,965980E-4;3,364175E-3;1,088729E+0;;
30/11/2021  14:47:38,330583;1,080166E+0;1,852338E-3;3,996039E-3;1,088548E+0;;
30/11/2021  14:47:38,330683;1,079233E+0;3,126658E-3;4,627903E-3;1,088361E+0;;
30/11/2021  14:47:38,330783;1,078369E+0;1,533758E-3;3,996039E-3;1,088169E+0;;
30/11/2021  14:47:38,330883;1,078419E+0;1,215178E-3;3,680107E-3;1,087973E+0;;
30/11/2021  14:47:38,330983;1,078679E+0;1,215178E-3;3,048243E-3;1,087770E+0;;
30/11/2021  14:47:38,331083;1,078202E+0;4,400978E-3;6,839427E-3;1,087562E+0;;
30/11/2021  14:47:38,331183;1,078193E+0;1,852338E-3;3,680107E-3;1,087349E+0;;
30/11/2021  14:47:38,331283;1,077522E+0;1,533758E-3;3,996039E-3;1,087130E+0;;
30/11/2021  14:47:38,331383;1,076846E+0;1,533758E-3;3,680107E-3;1,086906E+0;;
30/11/2021  14:47:38,331483;1,077308E+0;1,852338E-3;4,311971E-3;1,086677E+0;;
30/11/2021  14:47:38,331583;1,076685E+0;3,445238E-3;5,575699E-3;1,086443E+0;;
30/11/2021  14:47:38,331683;1,077388E+0;5,993878E-3;8,103155E-3;1,086203E+0;;
30/11/2021  14:47:38,331783;1,077388E+0;1,533758E-3;3,680107E-3;1,085958E+0;;
30/11/2021  14:47:38,331883;1,077764E+0;8,542518E-3;9,998747E-3;1,085709E+0;;
30/11/2021  14:47:38,331983;1,077066E+0;4,082398E-3;5,575699E-3;1,085456E+0;;
30/11/2021  14:47:38,332083;1,076112E+0;5,038138E-3;7,155359E-3;1,085200E+0;;
30/11/2021  14:47:38,332183;1,076631E+0;4,719558E-3;6,207563E-3;1,084939E+0;;
30/11/2021  14:47:38,332283;1,077212E+0;8,542518E-3;9,366883E-3;1,084676E+0;;
30/11/2021  14:47:38,332383;1,077880E+0;1,533758E-3;3,996039E-3;1,084411E+0;;
30/11/2021  14:47:38,332483;1,078109E+0;8,965980E-4;3,680107E-3;1,084143E+0;;
30/11/2021  14:47:38,332583;1,078220E+0;2,594380E-4;3,048243E-3;1,083874E+0;;
30/11/2021  14:47:38,332683;1,078285E+0;1,533758E-3;3,680107E-3;1,083605E+0;;
30/11/2021  14:47:38,332783;1,078696E+0;8,965980E-4;3,364175E-3;1,083337E+0;;
30/11/2021  14:47:38,332883;1,078398E+0;1,533758E-3;3,680107E-3;1,083069E+0;;
30/11/2021  14:47:38,332983;1,079430E+0;8,965980E-4;2,732311E-3;1,082804E+0;;
30/11/2021  14:47:38,333083;1,079570E+0;5,780180E-4;3,048243E-3;1,082541E+0;;
30/11/2021  14:47:38,333183;1,079549E+0;1,852338E-3;3,996039E-3;1,082281E+0;;
30/11/2021  14:47:38,333283;1,079352E+0;1,852338E-3;3,996039E-3;1,082027E+0;;
30/11/2021  14:47:38,333383;1,078869E+0;8,965980E-4;3,680107E-3;1,081777E+0;;
30/11/2021  14:47:38,333483;1,079096E+0;2,170918E-3;4,311971E-3;1,081533E+0;;
30/11/2021  14:47:38,333583;1,079617E+0;9,816838E-3;1,094654E-2;1,081295E+0;;
30/11/2021  14:47:38,333683;1,079403E+0;8,861098E-3;1,347400E-2;1,081064E+0;;
30/11/2021  14:47:38,333783;1,080032E+0;1,459554E-2;1,694925E-2;1,080841E+0;;
30/11/2021  14:47:38,333883;1,079653E+0;1,618844E-2;1,884484E-2;1,080625E+0;;
30/11/2021  14:47:38,333983;1,079173E+0;1,618844E-2;1,758111E-2;1,080418E+0;;
30/11/2021  14:47:38,334083;1,078863E+0;1,459554E-2;1,821298E-2;1,080219E+0;;
30/11/2021  14:47:38,334183;1,078783E+0;1,618844E-2;1,694925E-2;1,080029E+0;;
30/11/2021  14:47:38,334283;1,079257E+0;1,459554E-2;1,663332E-2;1,079848E+0;;
30/11/2021  14:47:38,334383;1,078765E+0;3,912620E-2;3,116619E-2;1,079676E+0;;
30/11/2021  14:47:38,334483;1,078920E+0;1,155854E-1;1,234183E-1;1,079512E+0;;
30/11/2021  14:47:38,334583;1,078121E+0;1,523270E-2;1,821298E-2;1,079358E+0;;
30/11/2021  14:47:38,334683;1,077606E+0;1,299215E-1;1,114129E-1;1,079212E+0;;
30/11/2021  14:47:38,334783;1,077111E+0;1,778134E-2;2,137230E-2;1,079075E+0;;
30/11/2021  14:47:38,334883;1,076980E+0;1,045400E-2;3,306178E-2;1,078946E+0;;
30/11/2021  14:47:38,334983;1,076893E+0;8,978042E-2;1,723878E-1;1,078825E+0;;
30/11/2021  14:47:38,335083;1,077144E+0;1,213198E-1;1,186794E-1;1,078711E+0;;
30/11/2021  14:47:38,335183;1,076479E+0;1,076209E-1;1,268936E-1;1,078604E+0;;
30/11/2021  14:47:38,335283;1,076485E+0;1,254614E-1;1,297370E-1;1,078503E+0;;
30/11/2021  14:47:38,335383;1,075066E+0;1,366117E-1;1,392149E-1;1,078407E+0;;
30/11/2021  14:47:38,335483;1,074464E+0;1,385232E-1;1,474292E-1;1,078318E+0;;
30/11/2021  14:47:38,335583;1,074843E+0;1,260985E-1;1,294210E-1;1,078232E+0;;
30/11/2021  14:47:38,335683;1,074426E+0;1,216384E-1;1,284732E-1;1,078150E+0;;
30/11/2021  14:47:38,335783;1,074613E+0;1,493549E-1;1,509044E-1;1,078072E+0;;
30/11/2021  14:47:38,335883;1,073895E+0;2,162567E-1;1,960827E-1;1,077996E+0;;
30/11/2021  14:47:38,335983;1,073445E+0;1,197269E-1;1,240502E-1;1,077921E+0;;
30/11/2021  14:47:38,336083;1,072530E+0;1,127182E-1;9,340479E-2;1,077848E+0;;
30/11/2021  14:47:38,336183;1,072047E+0;1,200455E-1;1,344760E-1;1,077775E+0;;
30/11/2021  14:47:38,336283;1,072032E+0;1,206827E-1;1,196272E-1;1,077702E+0;;
30/11/2021  14:47:38,336383;1,072226E+0;1,292843E-1;1,407946E-1;1,077628E+0;;
30/11/2021  14:47:38,336483;1,072390E+0;-1,055091E-1;-7,377513E-3;1,077552E+0;;
30/11/2021  14:47:38,336583;1,072175E+0;1,442576E-1;1,540637E-1;1,077474E+0;;
30/11/2021  14:47:38,336683;1,071839E+0;1,321516E-1;1,414265E-1;1,077393E+0;;
30/11/2021  14:47:38,336783;1,071690E+0;1,260985E-1;1,287892E-1;1,077310E+0;;
30/11/2021  14:47:38,336883;1,071666E+0;1,289658E-1;1,316326E-1;1,077223E+0;;
30/11/2021  14:47:38,336983;1,072336E+0;1,283286E-1;1,316326E-1;1,077133E+0;;
30/11/2021  14:47:38,337083;1,073174E+0;1,353374E-1;1,262617E-1;1,077039E+0;;
30/11/2021  14:47:38,337183;1,073257E+0;1,777085E-1;1,869207E-1;1,076941E+0;;
30/11/2021  14:47:38,337283;1,073192E+0;1,053908E-1;1,174156E-1;1,076841E+0;;
30/11/2021  14:47:38,337383;1,073895E+0;1,200455E-1;1,237343E-1;1,076737E+0;;
30/11/2021  14:47:38,337483;1,073925E+0;1,155854E-1;1,041465E-1;1,076631E+0;;
30/11/2021  14:47:38,337583;1,074092E+0;1,311958E-1;1,366875E-1;1,076522E+0;;
30/11/2021  14:47:38,337683;1,075290E+0;1,280100E-1;1,265777E-1;1,076412E+0;;
30/11/2021  14:47:38,337783;1,075981E+0;1,283286E-1;1,028828E-1;1,076301E+0;;
30/11/2021  14:47:38,337883;1,076554E+0;1,299215E-1;1,006712E-1;1,076189E+0;;
30/11/2021  14:47:38,337983;1,077078E+0;1,159040E-1;1,344760E-1;1,076078E+0;;
30/11/2021  14:47:38,338083;1,076765E+0;1,267357E-1;1,998739E-1;1,075969E+0;;
30/11/2021  14:47:38,338183;1,076750E+0;1,155854E-1;1,196272E-1;1,075862E+0;;
30/11/2021  14:47:38,338283;1,077722E+0;1,143111E-1;1,152041E-1;1,075757E+0;;
30/11/2021  14:47:38,338383;1,078741E+0;-2,650128E-2;8,361090E-2;1,075657E+0;;
30/11/2021  14:47:38,338483;1,079400E+0;2,638300E-2;6,813023E-2;1,075561E+0;;
30/11/2021  14:47:38,338583;1,079686E+0;1,697440E-1;2,011376E-1;1,075471E+0;;
30/11/2021  14:47:38,338683;1,080231E+0;1,264171E-1;1,246821E-1;1,075388E+0;;
30/11/2021  14:47:38,338783;1,080443E+0;1,213198E-1;1,196272E-1;1,075312E+0;;
30/11/2021  14:47:38,338883;1,080559E+0;1,245056E-1;1,196272E-1;1,075244E+0;;
30/11/2021  14:47:38,338983;1,080911E+0;1,181340E-1;1,170997E-1;1,075186E+0;;
30/11/2021  14:47:38,339083;1,081915E+0;8,595746E-2;8,740209E-2;1,075137E+0;;
30/11/2021  14:47:38,339183;1,082002E+0;1,155854E-1;1,085695E-1;1,075098E+0;;
30/11/2021  14:47:38,339283;1,082422E+0;1,200455E-1;1,284732E-1;1,075071E+0;;
30/11/2021  14:47:38,339383;1,082520E+0;1,534964E-1;1,474292E-1;1,075055E+0;;
30/11/2021  14:47:38,339483;1,081584E+0;9,424054E-2;1,054102E-1;1,075051E+0;;
30/11/2021  14:47:38,339583;1,082010E+0;1,206827E-1;1,215227E-1;1,075060E+0;;
30/11/2021  14:47:38,339683;1,082499E+0;1,130368E-1;1,139404E-1;1,075080E+0;;
30/11/2021  14:47:38,339783;1,082729E+0;-5,007620E-2;4,475127E-2;1,075114E+0;;
30/11/2021  14:47:38,339883;1,082705E+0;6,110822E-2;5,612482E-2;1,075159E+0;;
30/11/2021  14:47:38,339983;1,082449E+0;2,638300E-2;2,421569E-2;1,075217E+0;;
30/11/2021  14:47:38,340083;1,082043E+0;9,169190E-2;8,929768E-2;1,075288E+0;;
30/11/2021  14:47:38,340183;1,081912E+0;1,420275E-1;1,528000E-1;1,075370E+0;;
30/11/2021  14:47:38,340283;1,081841E+0;9,360338E-2;1,031987E-1;1,075463E+0;;
30/11/2021  14:47:38,340383;1,082246E+0;6,047106E-2;6,402312E-2;1,075568E+0;;
30/11/2021  14:47:38,340483;1,082753E+0;1,076209E-1;1,101492E-1;1,075683E+0;;
30/11/2021  14:47:38,340583;1,082544E+0;9,774492E-2;9,024547E-2;1,075808E+0;;
30/11/2021  14:47:38,340683;1,082982E+0;3,126658E-3;-4,850057E-3;1,075942E+0;;
30/11/2021  14:47:38,340783;1,082356E+0;9,678918E-2;1,047783E-1;1,076085E+0;;
30/11/2021  14:47:38,340883;1,082657E+0;1,069837E-1;1,133085E-1;1,076236E+0;;
30/11/2021  14:47:38,340983;1,083104E+0;8,563888E-2;9,024547E-2;1,076395E+0;;
30/11/2021  14:47:38,341083;1,083158E+0;9,678918E-2;1,133085E-1;1,076562E+0;;
30/11/2021  14:47:38,341183;1,083846E+0;3,116170E-2;5,201770E-2;1,076735E+0;;
30/11/2021  14:47:38,341283;1,083089E+0;3,402892E-2;5,896821E-2;1,076914E+0;;
30/11/2021  14:47:38,341383;1,083548E+0;1,452133E-1;1,704922E-1;1,077098E+0;;
30/11/2021  14:47:38,341483;1,083539E+0;-2,427122E-2;1,315807E-2;1,077288E+0;;
30/11/2021  14:47:38,341583;1,083322E+0;8,277166E-2;1,076217E-1;1,077483E+0;;
30/11/2021  14:47:38,341683;1,083131E+0;1,149482E-1;1,325804E-1;1,077681E+0;;
30/11/2021  14:47:38,341783;1,083706E+0;1,002936E-1;1,057261E-1;1,077883E+0;;
30/11/2021  14:47:38,341883;1,083250E+0;1,359745E-1;1,518522E-1;1,078087E+0;;
30/11/2021  14:47:38,341983;1,083033E+0;1,296029E-1;1,278414E-1;1,078294E+0;;
30/11/2021  14:47:38,342083;1,082568E+0;1,362931E-1;1,189953E-1;1,078502E+0;;
30/11/2021  14:47:38,342183;1,082782E+0;1,684697E-1;1,919756E-1;1,078711E+0;;
30/11/2021  14:47:38,342283;1,083131E+0;4,486064E-2;7,981972E-2;1,078920E+0;;
30/11/2021  14:47:38,342383;1,083206E+0;1,617795E-1;1,208909E-1;1,079129E+0;;
30/11/2021  14:47:38,342483;1,082311E+0;1,340630E-1;1,234183E-1;1,079337E+0;;
30/11/2021  14:47:38,342583;1,082672E+0;4,294916E-2;5,896821E-2;1,079543E+0;;
30/11/2021  14:47:38,342683;1,082621E+0;1,276914E-1;1,256299E-1;1,079747E+0;;
30/11/2021  14:47:38,342783;1,081546E+0;1,200455E-1;1,180475E-1;1,079949E+0;;
30/11/2021  14:47:38,342883;1,081325E+0;1,286472E-1;1,344760E-1;1,080146E+0;;
30/11/2021  14:47:38,342983;1,081668E+0;1,235499E-1;1,256299E-1;1,080340E+0;;
30/11/2021  14:47:38,343083;1,082031E+0;1,369303E-1;1,379512E-1;1,080529E+0;;
30/11/2021  14:47:38,343183;1,082177E+0;4,677212E-2;7,729226E-2;1,080713E+0;;
30/11/2021  14:47:38,343283;1,081867E+0;9,201048E-2;1,689125E-1;1,080891E+0;;
30/11/2021  14:47:38,343383;1,081704E+0;1,168597E-1;1,016190E-1;1,081062E+0;;
30/11/2021  14:47:38,343483;1,081709E+0;1,082581E-1;1,038306E-1;1,081228E+0;;
30/11/2021  14:47:38,343583;1,081271E+0;1,302401E-1;1,464814E-1;1,081386E+0;;
30/11/2021  14:47:38,343683;1,082130E+0;1,280100E-1;1,259458E-1;1,081538E+0;;
30/11/2021  14:47:38,343783;1,082428E+0;1,340630E-1;1,388990E-1;1,081682E+0;;
30/11/2021  14:47:38,343883;1,082526E+0;1,455319E-1;1,275255E-1;1,081819E+0;;
30/11/2021  14:47:38,343983;1,082422E+0;1,168597E-1;1,107811E-1;1,081949E+0;;
30/11/2021  14:47:38,344083;1,081769E+0;8,882468E-2;1,063580E-1;1,082071E+0;;
30/11/2021  14:47:38,344183;1,081677E+0;1,254614E-1;1,224705E-1;1,082186E+0;;
30/11/2021  14:47:38,344283;1,082070E+0;1,299215E-1;1,303688E-1;1,082293E+0;;
30/11/2021  14:47:38,344383;1,082607E+0;1,394789E-1;1,401627E-1;1,082393E+0;;
30/11/2021  14:47:38,344483;1,083051E+0;-1,313141E-1;9,998747E-3;1,082486E+0;;
30/11/2021  14:47:38,344583;1,082902E+0;1,805757E-1;2,115634E-1;1,082572E+0;;
30/11/2021  14:47:38,344683;1,082595E+0;1,353374E-1;1,303688E-1;1,082651E+0;;
30/11/2021  14:47:38,344783;1,082380E+0;1,082581E-1;1,152041E-1;1,082723E+0;;
30/11/2021  14:47:38,344883;1,082183E+0;1,859916E-1;1,717559E-1;1,082789E+0;;
30/11/2021  14:47:38,344983;1,083301E+0;1,937424E-2;8,045158E-2;1,082849E+0;;
30/11/2021  14:47:38,345083;1,083706E+0;1,257800E-1;1,189953E-1;1,082904E+0;;
30/11/2021  14:47:38,345183;1,083530E+0;1,372488E-1;1,546956E-1;1,082952E+0;;
30/11/2021  14:47:38,345283;1,083799E+0;1,343816E-1;1,205749E-1;1,082996E+0;;
30/11/2021  14:47:38,345383;1,083921E+0;1,334259E-1;1,152041E-1;1,083035E+0;;
30/11/2021  14:47:38,345483;1,084350E+0;1,280100E-1;1,496407E-1;1,083070E+0;;
30/11/2021  14:47:38,345583;1,084433E+0;1,229127E-1;1,246821E-1;1,083102E+0;;
30/11/2021  14:47:38,345683;1,084585E+0;1,283286E-1;1,322644E-1;1,083130E+0;;
30/11/2021  14:47:38,345783;1,085116E+0;1,337445E-1;1,310007E-1;1,083155E+0;;
30/11/2021  14:47:38,345883;1,085778E+0;1,487177E-1;1,616461E-1;1,083179E+0;;
30/11/2021  14:47:38,345983;1,085491E+0;1,525407E-1;2,027173E-1;1,083201E+0;;
30/11/2021  14:47:38,346083;1,086129E+0;1,388417E-1;1,325804E-1;1,083222E+0;;
30/11/2021  14:47:38,346183;1,085965E+0;1,436204E-1;1,373193E-1;1,083242E+0;;
30/11/2021  14:47:38,346283;1,085787E+0;1,152668E-1;1,158360E-1;1,083263E+0;;
30/11/2021  14:47:38,346383;1,086123E+0;1,289658E-1;1,328963E-1;1,083284E+0;;
30/11/2021  14:47:38,346483;1,086925E+0;8,850610E-2;8,866581E-2;1,083307E+0;;
30/11/2021  14:47:38,346583;1,087077E+0;1,296029E-1;1,294210E-1;1,083330E+0;;
30/11/2021  14:47:38,346683;1,087140E+0;1,270543E-1;1,275255E-1;1,083356E+0;;
30/11/2021  14:47:38,346783;1,087128E+0;1,034794E-1;8,992954E-2;1,083384E+0;;
30/11/2021  14:47:38,346883;1,087301E+0;1,675139E-1;1,771268E-1;1,083416E+0;;
30/11/2021  14:47:38,346983;1,087140E+0;1,321516E-1;1,287892E-1;1,083450E+0;;
30/11/2021  14:47:38,347083;1,087333E+0;1,213198E-1;1,057261E-1;1,083487E+0;;
30/11/2021  14:47:38,347183;1,087134E+0;1,311958E-1;1,433221E-1;1,083528E+0;;
30/11/2021  14:47:38,347283;1,086892E+0;1,353374E-1;1,480610E-1;1,083573E+0;;
30/11/2021  14:47:38,347383;1,087116E+0;1,315144E-1;1,344760E-1;1,083622E+0;;
30/11/2021  14:47:38,347483;1,087599E+0;1,203641E-1;1,256299E-1;1,083674E+0;;
30/11/2021  14:47:38,347583;1,086982E+0;1,362931E-1;1,379512E-1;1,083730E+0;;
30/11/2021  14:47:38,347683;1,087822E+0;1,407532E-1;1,430061E-1;1,083790E+0;;
30/11/2021  14:47:38,347783;1,087336E+0;1,213198E-1;1,224705E-1;1,083854E+0;;
30/11/2021  14:47:38,347883;1,087584E+0;1,356559E-1;1,388990E-1;1,083921E+0;;
30/11/2021  14:47:38,347983;1,087196E+0;1,665582E-1;1,632258E-1;1,083992E+0;;
30/11/2021  14:47:38,348083;1,087000E+0;1,353374E-1;1,284732E-1;1,084067E+0;;
30/11/2021  14:47:38,348183;1,086567E+0;1,305587E-1;1,376353E-1;1,084144E+0;;
30/11/2021  14:47:38,348283;1,086427E+0;1,630538E-1;1,986102E-1;1,084224E+0;;
30/11/2021  14:47:38,348383;1,086752E+0;1,433019E-1;1,291051E-1;1,084307E+0;;
30/11/2021  14:47:38,348483;1,086827E+0;1,238685E-1;1,259458E-1;1,084392E+0;;
30/11/2021  14:47:38,348583;1,087119E+0;1,331073E-1;1,088855E-1;1,084479E+0;;
30/11/2021  14:47:38,348683;1,086019E+0;1,369303E-1;1,480610E-1;1,084567E+0;;
30/11/2021  14:47:38,348783;1,085986E+0;1,671954E-1;1,701763E-1;1,084657E+0;;
30/11/2021  14:47:38,348883;1,086347E+0;1,404346E-1;1,322644E-1;1,084747E+0;;
30/11/2021  14:47:38,348983;1,085843E+0;1,445762E-1;1,363715E-1;1,084837E+0;;
30/11/2021  14:47:38,349083;1,086645E+0;1,302401E-1;1,376353E-1;1,084927E+0;;
30/11/2021  14:47:38,349183;1,086719E+0;2,192288E-2;9,372073E-2;1,085017E+0;;
30/11/2021  14:47:38,349283;1,086794E+0;1,133553E-1;1,534319E-1;1,085107E+0;;
30/11/2021  14:47:38,349383;1,086266E+0;1,315144E-1;1,297370E-1;1,085195E+0;;
30/11/2021  14:47:38,349483;1,086678E+0;1,292843E-1;1,259458E-1;1,085282E+0;;
30/11/2021  14:47:38,349583;1,085933E+0;1,318330E-1;1,401627E-1;1,085368E+0;;
30/11/2021  14:47:38,349683;1,086597E+0;9,774492E-2;1,467973E-1;1,085452E+0;;
30/11/2021  14:47:38,349783;1,086526E+0;1,436204E-1;1,392149E-1;1,085535E+0;;
30/11/2021  14:47:38,349883;1,087318E+0;2,808078E-3;4,627903E-3;1,085616E+0;;
30/11/2021  14:47:38,349983;1,086728E+0;8,965980E-4;3,680107E-3;1,085694E+0;;
30/11/2021  14:47:38,350083;1,086544E+0;5,038138E-3;6,523495E-3;1,085771E+0;;
30/11/2021  14:47:38,350183;1,086746E+0;4,400978E-3;6,207563E-3;1,085845E+0;;
30/11/2021  14:47:38,350283;1,086937E+0;2,489498E-3;4,627903E-3;1,085917E+0;;
30/11/2021  14:47:38,350383;1,087202E+0;6,312458E-3;7,787223E-3;1,085987E+0;;
30/11/2021  14:47:38,350483;1,087366E+0;6,949618E-3;8,103155E-3;1,086055E+0;;
30/11/2021  14:47:38,350583;1,087682E+0;1,852338E-3;3,364175E-3;1,086120E+0;;
30/11/2021  14:47:38,350683;1,087414E+0;4,400978E-3;5,891631E-3;1,086183E+0;;
30/11/2021  14:47:38,350783;1,087408E+0;1,215178E-3;4,311971E-3;1,086244E+0;;
30/11/2021  14:47:38,350883;1,087438E+0;1,533758E-3;3,048243E-3;1,086304E+0;;
30/11/2021  14:47:38,350983;1,087366E+0;1,215178E-3;3,680107E-3;1,086361E+0;;
30/11/2021  14:47:38,351083;1,087250E+0;1,215178E-3;3,364175E-3;1,086416E+0;;
30/11/2021  14:47:38,351183;1,088421E+0;2,170918E-3;4,943835E-3;1,086470E+0;;
30/11/2021  14:47:38,351283;1,088198E+0;8,965980E-4;3,364175E-3;1,086522E+0;;
30/11/2021  14:47:38,351383;1,088081E+0;1,215178E-3;3,996039E-3;1,086573E+0;;
30/11/2021  14:47:38,351483;1,087187E+0;8,965980E-4;3,048243E-3;1,086622E+0;;
30/11/2021  14:47:38,351583;1,087199E+0;1,215178E-3;3,996039E-3;1,086670E+0;;
30/11/2021  14:47:38,351683;1,087625E+0;1,533758E-3;3,996039E-3;1,086717E+0;;
30/11/2021  14:47:38,351783;1,087572E+0;4,082398E-3;5,575699E-3;1,086762E+0;;
30/11/2021  14:47:38,351883;1,087447E+0;2,489498E-3;4,627903E-3;1,086806E+0;;
30/11/2021  14:47:38,351983;1,087619E+0;4,400978E-3;7,155359E-3;1,086849E+0;;
30/11/2021  14:47:38,352083;1,087026E+0;1,045400E-2;1,189434E-2;1,086890E+0;;
30/11/2021  14:47:38,352183;1,086994E+0;4,082398E-3;6,523495E-3;1,086930E+0;;
30/11/2021  14:47:38,352283;1,086347E+0;3,445238E-3;5,891631E-3;1,086969E+0;;
30/11/2021  14:47:38,352383;1,086278E+0;5,993878E-3;7,471291E-3;1,087005E+0;;
30/11/2021  14:47:38,352483;1,086380E+0;1,215178E-3;2,416379E-3;1,087040E+0;;
30/11/2021  14:47:38,352583;1,085858E+0;1,215178E-3;3,048243E-3;1,087073E+0;;
30/11/2021  14:47:38,352683;1,085214E+0;5,780180E-4;3,048243E-3;1,087104E+0;;
30/11/2021  14:47:38,352783;1,084463E+0;8,965980E-4;3,364175E-3;1,087131E+0;;
30/11/2021  14:47:38,352883;1,084511E+0;5,780180E-4;4,311971E-3;1,087156E+0;;
30/11/2021  14:47:38,352983;1,084571E+0;1,215178E-3;3,364175E-3;1,087178E+0;;
30/11/2021  14:47:38,353083;1,083733E+0;5,780180E-4;3,048243E-3;1,087195E+0;;
30/11/2021  14:47:38,353183;1,083358E+0;1,533758E-3;3,048243E-3;1,087208E+0;;
30/11/2021  14:47:38,353283;1,083438E+0;1,533758E-3;3,680107E-3;1,087217E+0;;
30/11/2021  14:47:38,353383;1,083411E+0;2,489498E-3;8,103155E-3;1,087220E+0;;
30/11/2021  14:47:38,353483;1,082326E+0;6,312458E-3;9,050951E-3;1,087218E+0;;
30/11/2021  14:47:38,353583;1,081194E+0;5,038138E-3;7,787223E-3;1,087210E+0;;
30/11/2021  14:47:38,353683;1,081206E+0;9,498258E-3;1,126247E-2;1,087196E+0;;
30/11/2021  14:47:38,353783;1,081286E+0;1,363980E-2;1,600145E-2;1,087175E+0;;
30/11/2021  14:47:38,353883;1,080544E+0;1,586986E-2;1,789705E-2;1,087147E+0;;
30/11/2021  14:47:38,353983;1,080631E+0;1,778134E-2;2,074043E-2;1,087112E+0;;
30/11/2021  14:47:38,354083;1,079868E+0;1,586986E-2;1,600145E-2;1,087068E+0;;
30/11/2021  14:47:38,354183;1,079537E+0;1,459554E-2;1,378993E-2;1,087016E+0;;
30/11/2021  14:47:38,354283;1,078857E+0;1,236548E-2;1,442179E-2;1,086955E+0;;
30/11/2021  14:47:38,354383;1,078881E+0;1,746276E-2;1,884484E-2;1,086885E+0;;
30/11/2021  14:47:38,354483;1,078616E+0;1,034794E-1;8,929768E-2;1,086806E+0;;
30/11/2021  14:47:38,354583;1,078664E+0;1,219570E-1;1,082536E-1;1,086717E+0;;
30/11/2021  14:47:38,354683;1,078532E+0;1,041165E-1;1,234183E-1;1,086619E+0;;
30/11/2021  14:47:38,354783;1,077650E+0;1,714418E-2;1,947671E-2;1,086511E+0;;
30/11/2021  14:47:38,354883;1,077221E+0;9,105474E-2;9,940750E-2;1,086393E+0;;
30/11/2021  14:47:38,354983;1,077147E+0;6,047106E-2;8,013565E-2;1,086266E+0;;
30/11/2021  14:47:38,355083;1,077913E+0;1,969282E-2;2,453162E-2;1,086129E+0;;
30/11/2021  14:47:38,355183;1,077793E+0;1,187712E-1;1,212068E-1;1,085982E+0;;
30/11/2021  14:47:38,355283;1,078380E+0;1,480806E-1;1,531159E-1;1,085826E+0;;
30/11/2021  14:47:38,355383;1,078467E+0;1,270543E-1;1,265777E-1;1,085661E+0;;
30/11/2021  14:47:38,355483;1,078828E+0;1,092138E-1;1,152041E-1;1,085488E+0;;
30/11/2021  14:47:38,355583;1,078884E+0;7,799296E-2;8,771802E-2;1,085307E+0;;
30/11/2021  14:47:38,355683;1,079647E+0;1,362931E-1;1,619620E-1;1,085119E+0;;
30/11/2021  14:47:38,355783;1,080377E+0;1,331073E-1;1,325804E-1;1,084926E+0;;
30/11/2021  14:47:38,355883;1,081343E+0;1,503106E-1;1,591187E-1;1,084727E+0;;
30/11/2021  14:47:38,355983;1,082285E+0;8,404598E-2;8,645429E-2;1,084524E+0;;
30/11/2021  14:47:38,356083;1,083310E+0;1,206827E-1;1,189953E-1;1,084318E+0;;
30/11/2021  14:47:38,356183;1,082833E+0;1,136739E-1;1,237343E-1;1,084112E+0;;
30/11/2021  14:47:38,356283;1,082613E+0;9,009900E-2;8,929768E-2;1,083905E+0;;
30/11/2021  14:47:38,356383;1,083885E+0;1,254614E-1;1,284732E-1;1,083700E+0;;
30/11/2021  14:47:38,356483;1,084538E+0;1,267357E-1;1,231024E-1;1,083498E+0;;
30/11/2021  14:47:38,356583;1,085614E+0;1,232313E-1;1,667010E-1;1,083299E+0;;
30/11/2021  14:47:38,356683;1,085652E+0;1,308772E-1;1,379512E-1;1,083106E+0;;
30/11/2021  14:47:38,356783;1,085804E+0;1,066652E-1;1,161519E-1;1,082920E+0;;
30/11/2021  14:47:38,356883;1,085888E+0;1,251428E-1;1,259458E-1;1,082742E+0;;
30/11/2021  14:47:38,356983;1,086204E+0;8,117876E-2;8,898175E-2;1,082572E+0;;
30/11/2021  14:47:38,357083;1,086675E+0;1,327887E-1;1,363715E-1;1,082413E+0;;
30/11/2021  14:47:38,357183;1,087393E+0;1,254614E-1;1,218387E-1;1,082265E+0;;
30/11/2021  14:47:38,357283;1,087512E+0;1,433019E-1;1,569071E-1;1,082128E+0;;
30/11/2021  14:47:38,357383;1,087554E+0;1,254614E-1;1,183634E-1;1,082004E+0;;
30/11/2021  14:47:38,357483;1,087044E+0;1,139925E-1;9,814378E-2;1,081894E+0;;
30/11/2021  14:47:38,357583;1,086946E+0;1,353374E-1;1,496407E-1;1,081797E+0;;
30/11/2021  14:47:38,357683;1,086693E+0;1,210013E-1;1,265777E-1;1,081714E+0;;
30/11/2021  14:47:38,357783;1,086877E+0;1,190898E-1;1,234183E-1;1,081646E+0;;
30/11/2021  14:47:38,357883;1,087005E+0;1,248242E-1;1,354238E-1;1,081592E+0;;
30/11/2021  14:47:38,357983;1,086454E+0;1,557265E-1;1,486929E-1;1,081552E+0;;
30/11/2021  14:47:38,358083;1,086102E+0;1,496735E-1;1,654373E-1;1,081527E+0;;
30/11/2021  14:47:38,358183;1,085515E+0;1,267357E-1;1,310007E-1;1,081515E+0;;
30/11/2021  14:47:38,358283;1,084863E+0;1,133553E-1;1,193112E-1;1,081516E+0;;
30/11/2021  14:47:38,358383;1,084922E+0;1,225942E-1;1,114129E-1;1,081529E+0;;
30/11/2021  14:47:38,358483;1,084410E+0;1,130368E-1;1,167838E-1;1,081554E+0;;
30/11/2021  14:47:38,358583;1,084433E+0;1,149482E-1;1,158360E-1;1,081590E+0;;
30/11/2021  14:47:38,358683;1,084439E+0;1,127182E-1;1,133085E-1;1,081636E+0;;
30/11/2021  14:47:38,358783;1,083566E+0;1,117624E-1;1,186794E-1;1,081691E+0;;
30/11/2021  14:47:38,358883;1,083110E+0;5,664810E-2;5,391329E-2;1,081754E+0;;
30/11/2021  14:47:38,358983;1,082440E+0;1,362931E-1;1,569071E-1;1,081824E+0;;
30/11/2021  14:47:38,359083;1,082636E+0;1,200455E-1;1,186794E-1;1,081900E+0;;
30/11/2021  14:47:38,359183;1,082377E+0;1,101695E-1;9,688005E-2;1,081982E+0;;
30/11/2021  14:47:38,359283;1,082204E+0;1,009307E-1;1,208909E-1;1,082066E+0;;
30/11/2021  14:47:38,359383;1,081832E+0;9,806350E-2;1,316326E-1;1,082154E+0;;
30/11/2021  14:47:38,359483;1,081328E+0;1,136739E-1;1,167838E-1;1,082244E+0;;
30/11/2021  14:47:38,359583;1,080580E+0;1,168597E-1;1,193112E-1;1,082334E+0;;
30/11/2021  14:47:38,359683;1,079891E+0;1,315144E-1;1,300529E-1;1,082424E+0;;
30/11/2021  14:47:38,359783;1,079942E+0;1,088952E-1;1,272095E-1;1,082512E+0;;
30/11/2021  14:47:38,359883;1,080133E+0;6,811698E-2;7,034176E-2;1,082598E+0;;
30/11/2021  14:47:38,359983;1,079719E+0;1,155854E-1;1,174156E-1;1,082681E+0;;
30/11/2021  14:47:38,360083;1,079221E+0;1,232313E-1;1,155200E-1;1,082759E+0;;
30/11/2021  14:47:38,360183;1,079018E+0;1,213198E-1;1,104651E-1;1,082832E+0;;
30/11/2021  14:47:38,360283;1,078154E+0;1,241871E-1;1,126766E-1;1,082899E+0;;
30/11/2021  14:47:38,360383;1,078479E+0;1,165411E-1;1,392149E-1;1,082960E+0;;
30/11/2021  14:47:38,360483;1,078202E+0;1,063466E-1;9,214107E-2;1,083013E+0;;
30/11/2021  14:47:38,360583;1,078091E+0;7,703722E-2;8,171531E-2;1,083058E+0;;
30/11/2021  14:47:38,360683;1,078467E+0;6,716124E-2;9,308886E-2;1,083094E+0;;
30/11/2021  14:47:38,360783;1,078181E+0;1,146297E-1;1,139404E-1;1,083122E+0;;
30/11/2021  14:47:38,360883;1,077910E+0;5,919674E-2;6,718244E-2;1,083140E+0;;
30/11/2021  14:47:38,360983;1,077704E+0;6,716124E-2;7,160549E-2;1,083149E+0;;
30/11/2021  14:47:38,361083;1,077802E+0;1,012493E-1;1,092014E-1;1,083149E+0;;
30/11/2021  14:47:38,361183;1,078944E+0;1,031608E-1;1,120448E-1;1,083138E+0;;
30/11/2021  14:47:38,361283;1,079587E+0;6,429402E-2;6,591871E-2;1,083118E+0;;
30/11/2021  14:47:38,361383;1,079510E+0;1,012493E-1;1,145722E-1;1,083089E+0;;
30/11/2021  14:47:38,361483;1,079707E+0;8,818752E-2;1,016190E-1;1,083051E+0;;
30/11/2021  14:47:38,361583;1,079593E+0;9,392196E-2;9,909157E-2;1,083005E+0;;
30/11/2021  14:47:38,361683;1,079671E+0;8,532030E-2;1,066739E-1;1,082951E+0;;
30/11/2021  14:47:38,361783;1,080175E+0;-2,096848E-1;-9,710220E-2;1,082890E+0;;
30/11/2021  14:47:38,361883;1,080860E+0;1,063466E-1;1,104651E-1;1,082822E+0;;
30/11/2021  14:47:38,361983;1,081608E+0;1,219570E-1;1,341600E-1;1,082749E+0;;
30/11/2021  14:47:38,362083;1,082723E+0;8,627604E-2;5,233363E-2;1,082670E+0;;
30/11/2021  14:47:38,362183;1,082323E+0;2,624508E-1;2,324149E-1;1,082588E+0;;
30/11/2021  14:47:38,362283;1,082419E+0;1,391603E-1;1,366875E-1;1,082502E+0;;
30/11/2021  14:47:38,362383;1,082803E+0;1,515849E-1;1,411105E-1;1,082415E+0;;
30/11/2021  14:47:38,362483;1,083781E+0;1,557265E-1;1,325804E-1;1,082327E+0;;
30/11/2021  14:47:38,362583;1,084740E+0;1,907703E-1;1,692285E-1;1,082239E+0;;
30/11/2021  14:47:38,362683;1,085840E+0;1,706997E-1;1,524841E-1;1,082151E+0;;
30/11/2021  14:47:38,362783;1,085909E+0;1,331073E-1;1,843932E-1;1,082067E+0;;
30/11/2021  14:47:38,362883;1,086511E+0;1,445762E-1;1,417424E-1;1,081985E+0;;
30/11/2021  14:47:38,362983;1,086913E+0;1,356559E-1;1,275255E-1;1,081909E+0;;
30/11/2021  14:47:38,363083;1,087524E+0;9,742634E-2;1,016190E-1;1,081838E+0;;
30/11/2021  14:47:38,363183;1,088204E+0;1,200455E-1;1,215227E-1;1,081774E+0;;
30/11/2021  14:47:38,363283;1,088296E+0;1,270543E-1;1,297370E-1;1,081718E+0;;
30/11/2021  14:47:38,363383;1,088886E+0;1,267357E-1;1,110970E-1;1,081671E+0;;
30/11/2021  14:47:38,363483;1,089482E+0;1,254614E-1;1,328963E-1;1,081634E+0;;
30/11/2021  14:47:38,363583;1,089685E+0;1,254614E-1;1,354238E-1;1,081608E+0;;
30/11/2021  14:47:38,363683;1,089142E+0;1,624167E-1;2,061925E-1;1,081593E+0;;
30/11/2021  14:47:38,363783;1,090224E+0;1,139925E-1;1,174156E-1;1,081591E+0;;
30/11/2021  14:47:38,363883;1,090445E+0;1,235499E-1;1,436380E-1;1,081601E+0;;
30/11/2021  14:47:38,363983;1,090838E+0;1,162226E-1;1,360556E-1;1,081624E+0;;
30/11/2021  14:47:38,364083;1,090743E+0;1,413904E-1;1,594346E-1;1,081660E+0;;
30/11/2021  14:47:38,364183;1,089971E+0;1,315144E-1;1,262617E-1;1,081710E+0;;
30/11/2021  14:47:38,364283;1,090326E+0;1,178155E-1;1,227865E-1;1,081774E+0;;
30/11/2021  14:47:38,364383;1,090177E+0;1,780271E-1;1,783905E-1;1,081851E+0;;
30/11/2021  14:47:38,364483;1,089485E+0;6,078964E-2;9,593225E-2;1,081942E+0;;
30/11/2021  14:47:38,364583;1,090182E+0;1,321516E-1;1,300529E-1;1,082045E+0;;
30/11/2021  14:47:38,364683;1,089515E+0;1,232313E-1;1,205749E-1;1,082162E+0;;
30/11/2021  14:47:38,364783;1,089166E+0;1,171783E-1;9,435259E-2;1,082290E+0;;
30/11/2021  14:47:38,364883;1,088883E+0;9,774492E-2;7,381701E-2;1,082429E+0;;
30/11/2021  14:47:38,364983;1,088269E+0;1,219570E-1;1,218387E-1;1,082579E+0;;
30/11/2021  14:47:38,365083;1,087450E+0;1,280100E-1;1,275255E-1;1,082738E+0;;
30/11/2021  14:47:38,365183;1,087625E+0;6,811698E-2;9,024547E-2;1,082906E+0;;
30/11/2021  14:47:38,365283;1,087664E+0;1,404346E-1;1,556434E-1;1,083081E+0;;
30/11/2021  14:47:38,365383;1,087590E+0;1,331073E-1;1,363715E-1;1,083262E+0;;
30/11/2021  14:47:38,365483;1,087214E+0;1,260985E-1;1,461654E-1;1,083449E+0;;
30/11/2021  14:47:38,365583;1,086088E+0;1,315144E-1;1,278414E-1;1,083639E+0;;
30/11/2021  14:47:38,365683;1,085453E+0;8,861098E-3;1,095173E-1;1,083833E+0;;
30/11/2021  14:47:38,365783;1,085003E+0;1,143111E-1;1,183634E-1;1,084028E+0;;
30/11/2021  14:47:38,365883;1,085187E+0;1,267357E-1;1,316326E-1;1,084223E+0;;
30/11/2021  14:47:38,365983;1,085050E+0;1,286472E-1;1,139404E-1;1,084418E+0;;
30/11/2021  14:47:38,366083;1,085062E+0;1,057094E-1;1,588027E-1;1,084610E+0;;
30/11/2021  14:47:38,366183;1,084025E+0;1,245056E-1;1,170997E-1;1,084799E+0;;
30/11/2021  14:47:38,366283;1,083402E+0;1,047537E-1;1,013031E-1;1,084984E+0;;
30/11/2021  14:47:38,366383;1,083170E+0;1,869473E-1;2,248325E-1;1,085164E+0;;
30/11/2021  14:47:38,366483;1,082961E+0;1,375674E-1;1,325804E-1;1,085337E+0;;
30/11/2021  14:47:38,366583;1,083161E+0;8,086018E-2;7,255328E-2;1,085503E+0;;
30/11/2021  14:47:38,366683;1,083772E+0;1,327887E-1;1,316326E-1;1,085660E+0;;
30/11/2021  14:47:38,366783;1,082914E+0;1,031608E-1;1,013031E-1;1,085808E+0;;
30/11/2021  14:47:38,366883;1,082663E+0;1,327887E-1;1,496407E-1;1,085947E+0;;
30/11/2021  14:47:38,366983;1,082613E+0;1,557265E-1;1,616461E-1;1,086075E+0;;
30/11/2021  14:47:38,367083;1,082413E+0;1,433019E-1;1,433221E-1;1,086192E+0;;
30/11/2021  14:47:38,367183;1,082860E+0;1,397975E-1;1,300529E-1;1,086298E+0;;
30/11/2021  14:47:38,367283;1,083137E+0;1,117624E-1;1,234183E-1;1,086393E+0;;
30/11/2021  14:47:38,367383;1,083337E+0;1,296029E-1;1,303688E-1;1,086476E+0;;
30/11/2021  14:47:38,367483;1,083957E+0;1,305587E-1;1,240502E-1;1,086548E+0;;
30/11/2021  14:47:38,367583;1,084186E+0;1,267357E-1;1,155200E-1;1,086608E+0;;
30/11/2021  14:47:38,367683;1,083873E+0;7,926728E-2;8,108345E-2;1,086657E+0;;
30/11/2021  14:47:38,367783;1,084636E+0;1,461691E-1;1,537478E-1;1,086695E+0;;
30/11/2021  14:47:38,367883;1,085310E+0;1,327887E-1;1,215227E-1;1,086723E+0;;
30/11/2021  14:47:38,367983;1,085965E+0;1,267357E-1;1,300529E-1;1,086741E+0;;
30/11/2021  14:47:38,368083;1,086576E+0;6,493118E-2;7,350108E-2;1,086750E+0;;
30/11/2021  14:47:38,368183;1,086973E+0;1,273729E-1;1,189953E-1;1,086751E+0;;
30/11/2021  14:47:38,368283;1,086645E+0;8,340882E-2;1,152041E-1;1,086745E+0;;
30/11/2021  14:47:38,368383;1,087005E+0;1,305587E-1;1,275255E-1;1,086732E+0;;
30/11/2021  14:47:38,368483;1,087464E+0;1,331073E-1;1,344760E-1;1,086714E+0;;
30/11/2021  14:47:38,368583;1,087980E+0;1,401161E-1;1,401627E-1;1,086692E+0;;
30/11/2021  14:47:38,368683;1,089202E+0;2,203982E-1;1,834454E-1;1,086666E+0;;
30/11/2021  14:47:38,368783;1,089709E+0;1,203641E-1;1,328963E-1;1,086638E+0;;
30/11/2021  14:47:38,368883;1,089613E+0;1,305587E-1;1,347919E-1;1,086608E+0;;
30/11/2021  14:47:38,368983;1,089539E+0;1,388417E-1;1,338441E-1;1,086578E+0;;
30/11/2021  14:47:38,369083;1,089619E+0;8,978042E-2;9,277293E-2;1,086549E+0;;
30/11/2021  14:47:38,369183;1,090308E+0;1,436204E-1;1,461654E-1;1,086521E+0;;
30/11/2021  14:47:38,369283;1,091828E+0;1,468062E-1;1,360556E-1;1,086496E+0;;
30/11/2021  14:47:38,369383;1,092504E+0;1,391603E-1;1,249980E-1;1,086474E+0;;
30/11/2021  14:47:38,369483;1,092626E+0;1,350188E-1;1,158360E-1;1,086456E+0;;
30/11/2021  14:47:38,369583;1,093514E+0;1,216384E-1;1,000394E-1;1,086444E+0;;
30/11/2021  14:47:38,369683;1,092704E+0;1,503106E-1;1,730197E-1;1,086438E+0;;
30/11/2021  14:47:38,369783;1,093887E+0;1,362931E-1;1,253139E-1;1,086440E+0;;
30/11/2021  14:47:38,369883;1,094558E+0;1,650702E-2;1,821298E-2;1,086449E+0;;
30/11/2021  14:47:38,369983;1,095091E+0;1,533758E-3;3,364175E-3;1,086468E+0;;
30/11/2021  14:47:38,370083;1,095794E+0;2,808078E-3;4,311971E-3;1,086496E+0;;
30/11/2021  14:47:38,370183;1,096566E+0;9,179678E-3;1,126247E-2;1,086534E+0;;
30/11/2021  14:47:38,370283;1,096095E+0;8,965980E-4;3,048243E-3;1,086583E+0;;
30/11/2021  14:47:38,370383;1,095365E+0;8,965980E-4;3,048243E-3;1,086644E+0;;
30/11/2021  14:47:38,370483;1,095672E+0;1,215178E-3;3,680107E-3;1,086717E+0;;
30/11/2021  14:47:38,370583;1,095949E+0;1,215178E-3;3,680107E-3;1,086802E+0;;
30/11/2021  14:47:38,370683;1,096232E+0;2,170918E-3;3,996039E-3;1,086899E+0;;
30/11/2021  14:47:38,370783;1,095791E+0;1,215178E-3;3,364175E-3;1,087009E+0;;
30/11/2021  14:47:38,370883;1,094900E+0;1,215178E-3;3,680107E-3;1,087130E+0;;
30/11/2021  14:47:38,370983;1,094811E+0;3,445238E-3;5,259767E-3;1,087263E+0;;
30/11/2021  14:47:38,371083;1,093982E+0;1,533758E-3;3,364175E-3;1,087406E+0;;
30/11/2021  14:47:38,371183;1,093589E+0;1,533758E-3;3,048243E-3;1,087561E+0;;
30/11/2021  14:47:38,371283;1,093476E+0;1,533758E-3;3,048243E-3;1,087724E+0;;
30/11/2021  14:47:38,371383;1,092862E+0;8,965980E-4;3,048243E-3;1,087896E+0;;
30/11/2021  14:47:38,371483;1,092060E+0;1,215178E-3;3,364175E-3;1,088075E+0;;
30/11/2021  14:47:38,371583;1,091339E+0;8,965980E-4;3,048243E-3;1,088261E+0;;
30/11/2021  14:47:38,371683;1,090081E+0;8,965980E-4;3,680107E-3;1,088451E+0;;
30/11/2021  14:47:38,371783;1,089193E+0;2,594380E-4;3,048243E-3;1,088646E+0;;
30/11/2021  14:47:38,371883;1,089059E+0;1,533758E-3;3,996039E-3;1,088842E+0;;
30/11/2021  14:47:38,371983;1,088341E+0;1,215178E-3;4,311971E-3;1,089038E+0;;
30/11/2021  14:47:38,372083;1,087959E+0;3,126658E-3;5,259767E-3;1,089233E+0;;
30/11/2021  14:47:38,372183;1,086567E+0;1,533758E-3;4,311971E-3;1,089425E+0;;
30/11/2021  14:47:38,372283;1,085542E+0;2,808078E-3;4,943835E-3;1,089613E+0;;
30/11/2021  14:47:38,372383;1,084067E+0;6,949618E-3;9,366883E-3;1,089795E+0;;
30/11/2021  14:47:38,372483;1,083602E+0;5,038138E-3;6,523495E-3;1,089969E+0;;
30/11/2021  14:47:38,372583;1,082905E+0;1,215178E-3;2,732311E-3;1,090133E+0;;
30/11/2021  14:47:38,372683;1,082848E+0;4,082398E-3;5,259767E-3;1,090287E+0;;
30/11/2021  14:47:38,372783;1,081647E+0;8,965980E-4;2,732311E-3;1,090427E+0;;
30/11/2021  14:47:38,372883;1,081051E+0;1,533758E-3;3,364175E-3;1,090553E+0;;
30/11/2021  14:47:38,372983;1,080175E+0;1,215178E-3;3,680107E-3;1,090664E+0;;
30/11/2021  14:47:38,373083;1,078729E+0;1,215178E-3;3,364175E-3;1,090758E+0;;
30/11/2021  14:47:38,373183;1,078586E+0;1,215178E-3;3,048243E-3;1,090833E+0;;
30/11/2021  14:47:38,373283;1,078237E+0;4,082398E-3;6,523495E-3;1,090889E+0;;
30/11/2021  14:47:38,373383;1,078339E+0;8,223938E-3;1,031468E-2;1,090925E+0;;
30/11/2021  14:47:38,373483;1,078157E+0;1,395838E-2;1,600145E-2;1,090939E+0;;
30/11/2021  14:47:38,373583;1,077698E+0;1,395838E-2;1,568552E-2;1,090932E+0;;
30/11/2021  14:47:38,373683;1,077120E+0;1,586986E-2;1,631739E-2;1,090902E+0;;
30/11/2021  14:47:38,373783;1,076390E+0;1,650702E-2;1,916077E-2;1,090850E+0;;
30/11/2021  14:47:38,373883;1,077337E+0;1,045400E-2;1,631739E-2;1,090775E+0;;
30/11/2021  14:47:38,373983;1,077719E+0;1,459554E-2;1,631739E-2;1,090677E+0;;
30/11/2021  14:47:38,374083;1,077772E+0;1,746276E-2;1,916077E-2;1,090557E+0;;
30/11/2021  14:47:38,374183;1,077924E+0;1,009307E-1;1,275255E-1;1,090415E+0;;
30/11/2021  14:47:38,374283;1,078038E+0;1,555128E-2;1,758111E-2;1,090252E+0;;
30/11/2021  14:47:38,374383;1,077564E+0;9,583344E-2;1,085695E-1;1,090069E+0;;
30/11/2021  14:47:38,374483;1,078595E+0;1,523270E-2;1,947671E-2;1,089866E+0;;
30/11/2021  14:47:38,374583;1,079951E+0;1,618844E-2;1,789705E-2;1,089644E+0;;
30/11/2021  14:47:38,374683;1,080845E+0;1,034794E-1;1,259458E-1;1,089406E+0;;
30/11/2021  14:47:38,374783;1,081510E+0;3,753330E-2;1,268936E-1;1,089152E+0;;
30/11/2021  14:47:38,374883;1,082222E+0;1,245056E-1;1,325804E-1;1,088885E+0;;
30/11/2021  14:47:38,374983;1,083125E+0;1,353374E-1;1,407946E-1;1,088606E+0;;
30/11/2021  14:47:38,375083;1,082466E+0;1,264171E-1;1,186794E-1;1,088318E+0;;
30/11/2021  14:47:38,375183;1,083671E+0;7,225852E-2;6,591871E-2;1,088021E+0;;
30/11/2021  14:47:38,375283;1,085170E+0;1,289658E-1;1,253139E-1;1,087719E+0;;
30/11/2021  14:47:38,375383;1,086067E+0;5,569236E-2;7,760819E-2;1,087414E+0;;
30/11/2021  14:47:38,375483;1,086809E+0;1,184526E-1;1,044624E-1;1,087107E+0;;
30/11/2021  14:47:38,375583;1,088111E+0;1,308772E-1;1,452176E-1;1,086800E+0;;
30/11/2021  14:47:38,375683;1,088332E+0;1,235499E-1;1,335282E-1;1,086497E+0;;
30/11/2021  14:47:38,375783;1,088695E+0;1,898145E-1;2,494752E-1;1,086200E+0;;
30/11/2021  14:47:38,375883;1,089864E+0;1,280100E-1;1,351078E-1;1,085910E+0;;
30/11/2021  14:47:38,375983;1,091199E+0;1,646467E-1;1,559593E-1;1,085629E+0;;
30/11/2021  14:47:38,376083;1,092865E+0;1,222756E-1;1,366875E-1;1,085360E+0;;
30/11/2021  14:47:38,376183;1,092963E+0;1,633724E-1;1,591187E-1;1,085104E+0;;
30/11/2021  14:47:38,376283;1,092948E+0;1,697440E-1;1,584868E-1;1,084865E+0;;
30/11/2021  14:47:38,376383;1,093219E+0;1,210013E-1;1,303688E-1;1,084643E+0;;
30/11/2021  14:47:38,376483;1,093184E+0;1,554079E-1;1,812339E-1;1,084440E+0;;
30/11/2021  14:47:38,376583;1,094391E+0;1,665582E-1;1,474292E-1;1,084257E+0;;
30/11/2021  14:47:38,376683;1,095112E+0;1,216384E-1;1,249980E-1;1,084096E+0;;
30/11/2021  14:47:38,376783;1,095863E+0;1,245056E-1;1,357397E-1;1,083957E+0;;
30/11/2021  14:47:38,376883;1,095574E+0;1,098510E-1;1,031987E-1;1,083842E+0;;
30/11/2021  14:47:38,376983;1,095100E+0;1,910889E-1;1,584868E-1;1,083752E+0;;
30/11/2021  14:47:38,377083;1,095273E+0;1,270543E-1;1,423743E-1;1,083686E+0;;
30/11/2021  14:47:38,377183;1,094358E+0;1,270543E-1;1,303688E-1;1,083646E+0;;
30/11/2021  14:47:38,377283;1,094802E+0;1,267357E-1;1,313166E-1;1,083630E+0;;
30/11/2021  14:47:38,377383;1,095592E+0;1,614609E-1;1,758630E-1;1,083639E+0;;
30/11/2021  14:47:38,377483;1,095166E+0;1,181340E-1;1,104651E-1;1,083673E+0;;
30/11/2021  14:47:38,377583;1,094391E+0;1,327887E-1;1,572231E-1;1,083731E+0;;
30/11/2021  14:47:38,377683;1,093440E+0;1,337445E-1;1,303688E-1;1,083812E+0;;
30/11/2021  14:47:38,377783;1,092021E+0;1,410718E-1;1,556434E-1;1,083916E+0;;
30/11/2021  14:47:38,377883;1,091214E+0;1,190898E-1;1,183634E-1;1,084040E+0;;
30/11/2021  14:47:38,377983;1,091214E+0;1,187712E-1;1,249980E-1;1,084184E+0;;
30/11/2021  14:47:38,378083;1,090564E+0;1,155854E-1;1,035146E-1;1,084346E+0;;
30/11/2021  14:47:38,378183;1,090138E+0;1,296029E-1;1,297370E-1;1,084523E+0;;
30/11/2021  14:47:38,378283;1,088871E+0;1,190898E-1;1,069899E-1;1,084715E+0;;
30/11/2021  14:47:38,378383;1,087557E+0;1,037979E-1;7,887192E-2;1,084918E+0;;
30/11/2021  14:47:38,378483;1,086704E+0;9,965640E-2;7,792413E-2;1,085132E+0;;
30/11/2021  14:47:38,378583;1,085709E+0;5,983390E-2;8,550650E-2;1,085354E+0;;
30/11/2021  14:47:38,378683;1,085238E+0;8,245308E-2;9,877564E-2;1,085580E+0;;
30/11/2021  14:47:38,378783;1,084904E+0;1,178155E-1;1,246821E-1;1,085810E+0;;
30/11/2021  14:47:38,378883;1,083632E+0;1,650702E-2;5,612482E-2;1,086041E+0;;
30/11/2021  14:47:38,378983;1,083015E+0;1,210013E-1;1,357397E-1;1,086271E+0;;
30/11/2021  14:47:38,379083;1,082306E+0;1,534964E-1;1,629098E-1;1,086497E+0;;
30/11/2021  14:47:38,379183;1,081355E+0;1,340630E-1;1,347919E-1;1,086717E+0;;
30/11/2021  14:47:38,379283;1,081018E+0;1,069837E-1;1,047783E-1;1,086930E+0;;
30/11/2021  14:47:38,379383;1,080756E+0;1,225942E-1;1,196272E-1;1,087133E+0;;
30/11/2021  14:47:38,379483;1,080756E+0;1,187712E-1;1,177316E-1;1,087324E+0;;
30/11/2021  14:47:38,379583;1,080634E+0;1,213198E-1;1,186794E-1;1,087502E+0;;
30/11/2021  14:47:38,379683;1,080213E+0;9,296622E-2;9,845971E-2;1,087666E+0;;
30/11/2021  14:47:38,379783;1,079877E+0;8,223938E-3;6,781430E-2;1,087815E+0;;
30/11/2021  14:47:38,379883;1,079760E+0;1,296029E-1;1,385831E-1;1,087946E+0;;
30/11/2021  14:47:38,379983;1,080246E+0;9,551486E-2;8,771802E-2;1,088060E+0;;
30/11/2021  14:47:38,380083;1,081164E+0;1,162226E-1;1,170997E-1;1,088156E+0;;
30/11/2021  14:47:38,380183;1,081501E+0;8,404598E-2;8,898175E-2;1,088234E+0;;
30/11/2021  14:47:38,380283;1,081844E+0;1,238685E-1;1,098333E-1;1,088293E+0;;
30/11/2021  14:47:38,380383;1,081847E+0;3,625898E-2;4,285567E-2;1,088334E+0;;
30/11/2021  14:47:38,380483;1,082779E+0;1,066652E-1;1,016190E-1;1,088357E+0;;
30/11/2021  14:47:38,380583;1,083167E+0;1,088952E-1;1,110970E-1;1,088363E+0;;
30/11/2021  14:47:38,380683;1,084121E+0;8,946184E-2;9,877564E-2;1,088352E+0;;
30/11/2021  14:47:38,380783;1,084943E+0;1,109116E-2;2,042450E-2;1,088325E+0;;
30/11/2021  14:47:38,380883;1,085596E+0;1,066652E-1;1,183634E-1;1,088284E+0;;
30/11/2021  14:47:38,380983;1,086266E+0;9,901924E-2;1,047783E-1;1,088230E+0;;
30/11/2021  14:47:38,381083;1,086558E+0;1,060280E-1;1,047783E-1;1,088164E+0;;
30/11/2021  14:47:38,381183;1,087324E+0;9,742634E-2;8,961361E-2;1,088088E+0;;
30/11/2021  14:47:38,381283;1,087926E+0;9,201048E-2;1,101492E-1;1,088003E+0;;
30/11/2021  14:47:38,381383;1,088832E+0;8,691320E-2;8,740209E-2;1,087910E+0;;
30/11/2021  14:47:38,381483;1,089586E+0;7,417000E-2;9,056141E-2;1,087813E+0;;
30/11/2021  14:47:38,381583;1,089566E+0;8,468314E-2;8,076751E-2;1,087711E+0;;
30/11/2021  14:47:38,381683;1,090129E+0;7,162136E-2;5,738855E-2;1,087607E+0;;
30/11/2021  14:47:38,381783;1,089652E+0;1,085766E-1;1,284732E-1;1,087502E+0;;
30/11/2021  14:47:38,381883;1,089831E+0;9,041758E-2;1,047783E-1;1,087398E+0;;
30/11/2021  14:47:38,381983;1,090138E+0;7,289568E-2;8,740209E-2;1,087295E+0;;
30/11/2021  14:47:38,382083;1,090522E+0;7,894870E-2;1,104651E-1;1,087196E+0;;
30/11/2021  14:47:38,382183;1,090808E+0;1,060280E-1;1,054102E-1;1,087101E+0;;
30/11/2021  14:47:38,382283;1,091297E+0;1,149482E-1;1,679647E-1;1,087011E+0;;
30/11/2021  14:47:38,382383;1,090439E+0;1,213198E-1;1,297370E-1;1,086928E+0;;
30/11/2021  14:47:38,382483;1,090007E+0;1,315144E-1;1,306848E-1;1,086851E+0;;
30/11/2021  14:47:38,382583;1,090331E+0;1,280100E-1;1,170997E-1;1,086782E+0;;
30/11/2021  14:47:38,382683;1,090367E+0;1,477620E-1;1,328963E-1;1,086720E+0;;
30/11/2021  14:47:38,382783;1,091032E+0;1,681511E-1;1,493248E-1;1,086667E+0;;
30/11/2021  14:47:38,382883;1,090460E+0;1,761156E-1;1,531159E-1;1,086623E+0;;
30/11/2021  14:47:38,382983;1,090191E+0;1,671954E-1;1,591187E-1;1,086587E+0;;
30/11/2021  14:47:38,383083;1,089700E+0;1,410718E-1;1,338441E-1;1,086561E+0;;
30/11/2021  14:47:38,383183;1,088856E+0;1,442576E-1;1,423743E-1;1,086543E+0;;
30/11/2021  14:47:38,383283;1,088487E+0;1,369303E-1;1,370034E-1;1,086534E+0;;
30/11/2021  14:47:38,383383;1,088493E+0;-1,471382E-2;5,960007E-2;1,086533E+0;;
30/11/2021  14:47:38,383483;1,088573E+0;1,633724E-1;2,087200E-1;1,086539E+0;;
30/11/2021  14:47:38,383583;1,088773E+0;1,452133E-1;1,632258E-1;1,086553E+0;;
30/11/2021  14:47:38,383683;1,087679E+0;1,458505E-1;1,401627E-1;1,086574E+0;;
30/11/2021  14:47:38,383783;1,087354E+0;1,315144E-1;1,275255E-1;1,086600E+0;;
30/11/2021  14:47:38,383883;1,086660E+0;1,267357E-1;1,332122E-1;1,086632E+0;;
30/11/2021  14:47:38,383983;1,087029E+0;1,194084E-1;1,313166E-1;1,086669E+0;;
30/11/2021  14:47:38,384083;1,087253E+0;1,219570E-1;1,265777E-1;1,086710E+0;;
30/11/2021  14:47:38,384183;1,086991E+0;1,178155E-1;1,281573E-1;1,086754E+0;;
30/11/2021  14:47:38,384283;1,087241E+0;1,413904E-1;1,347919E-1;1,086800E+0;;
30/11/2021  14:47:38,384383;1,086940E+0;1,350188E-1;1,306848E-1;1,086849E+0;;
30/11/2021  14:47:38,384483;1,086701E+0;1,273729E-1;1,344760E-1;1,086899E+0;;
30/11/2021  14:47:38,384583;1,086749E+0;1,146297E-1;1,177316E-1;1,086950E+0;;
30/11/2021  14:47:38,384683;1,086463E+0;9,870066E-2;8,803395E-2;1,087001E+0;;
30/11/2021  14:47:38,384783;1,087014E+0;1,238685E-1;1,272095E-1;1,087052E+0;;
30/11/2021  14:47:38,384883;1,086943E+0;1,366117E-1;1,540637E-1;1,087103E+0;;
30/11/2021  14:47:38,384983;1,086898E+0;1,426647E-1;1,534319E-1;1,087153E+0;;
30/11/2021  14:47:38,385083;1,087184E+0;1,340630E-1;1,332122E-1;1,087202E+0;;
30/11/2021  14:47:38,385183;1,086696E+0;1,353374E-1;1,300529E-1;1,087249E+0;;
30/11/2021  14:47:38,385283;1,086469E+0;1,149482E-1;1,193112E-1;1,087294E+0;;
30/11/2021  14:47:38,385383;1,087351E+0;1,296029E-1;1,328963E-1;1,087338E+0;;
30/11/2021  14:47:38,385483;1,087745E+0;1,254614E-1;1,117289E-1;1,087379E+0;;
30/11/2021  14:47:38,385583;1,087876E+0;1,305587E-1;1,310007E-1;1,087419E+0;;
30/11/2021  14:47:38,385683;1,087885E+0;1,280100E-1;1,281573E-1;1,087456E+0;;
30/11/2021  14:47:38,385783;1,086839E+0;1,273729E-1;1,129926E-1;1,087491E+0;;
30/11/2021  14:47:38,385883;1,086597E+0;1,452133E-1;1,638576E-1;1,087524E+0;;
30/11/2021  14:47:38,385983;1,086633E+0;7,576290E-2;1,022509E-1;1,087554E+0;;
30/11/2021  14:47:38,386083;1,087444E+0;1,155854E-1;1,117289E-1;1,087583E+0;;
30/11/2021  14:47:38,386183;1,087348E+0;1,248242E-1;9,719598E-2;1,087608E+0;;
30/11/2021  14:47:38,386283;1,087008E+0;1,111253E-1;9,466852E-2;1,087632E+0;;
30/11/2021  14:47:38,386383;1,087163E+0;1,308772E-1;1,291051E-1;1,087653E+0;;
30/11/2021  14:47:38,386483;1,086728E+0;1,302401E-1;1,291051E-1;1,087671E+0;;
30/11/2021  14:47:38,386583;1,086254E+0;1,331073E-1;1,319485E-1;1,087687E+0;;
30/11/2021  14:47:38,386683;1,086114E+0;1,378860E-1;1,335282E-1;1,087701E+0;;
30/11/2021  14:47:38,386783;1,086693E+0;1,190898E-1;1,262617E-1;1,087711E+0;;
30/11/2021  14:47:38,386883;1,086678E+0;1,515849E-1;1,531159E-1;1,087719E+0;;
30/11/2021  14:47:38,386983;1,086698E+0;1,468062E-1;1,531159E-1;1,087725E+0;;
30/11/2021  14:47:38,387083;1,086871E+0;1,302401E-1;1,297370E-1;1,087727E+0;;
30/11/2021  14:47:38,387183;1,085912E+0;1,222756E-1;1,101492E-1;1,087727E+0;;
30/11/2021  14:47:38,387283;1,086198E+0;1,347002E-1;1,474292E-1;1,087725E+0;;
30/11/2021  14:47:38,387383;1,086582E+0;1,391603E-1;1,316326E-1;1,087719E+0;;
30/11/2021  14:47:38,387483;1,086019E+0;1,324701E-1;1,284732E-1;1,087712E+0;;
30/11/2021  14:47:38,387583;1,086234E+0;1,034794E-1;7,034176E-2;1,087701E+0;;
30/11/2021  14:47:38,387683;1,086207E+0;1,340630E-1;1,420583E-1;1,087688E+0;;
30/11/2021  14:47:38,387783;1,086201E+0;1,350188E-1;1,433221E-1;1,087672E+0;;
30/11/2021  14:47:38,387883;1,086523E+0;1,286472E-1;1,294210E-1;1,087654E+0;;
30/11/2021  14:47:38,387983;1,086603E+0;1,251428E-1;1,275255E-1;1,087634E+0;;
30/11/2021  14:47:38,388083;1,086639E+0;1,372488E-1;1,354238E-1;1,087611E+0;;
30/11/2021  14:47:38,388183;1,086997E+0;6,238254E-2;9,688005E-2;1,087587E+0;;
30/11/2021  14:47:38,388283;1,087014E+0;9,615202E-2;1,041465E-1;1,087561E+0;;
30/11/2021  14:47:38,388383;1,086535E+0;1,305587E-1;1,297370E-1;1,087533E+0;;
30/11/2021  14:47:38,388483;1,086448E+0;1,359745E-1;1,306848E-1;1,087504E+0;;
30/11/2021  14:47:38,388583;1,086779E+0;1,372488E-1;1,183634E-1;1,087474E+0;;
30/11/2021  14:47:38,388683;1,086824E+0;7,831154E-2;1,057261E-1;1,087443E+0;;
30/11/2021  14:47:38,388783;1,086746E+0;1,410718E-1;1,354238E-1;1,087411E+0;;
30/11/2021  14:47:38,388883;1,087128E+0;1,270543E-1;1,148882E-1;1,087378E+0;;
30/11/2021  14:47:38,388983;1,086922E+0;1,378860E-1;1,205749E-1;1,087345E+0;;
30/11/2021  14:47:38,389083;1,086824E+0;1,318330E-1;1,493248E-1;1,087312E+0;;
30/11/2021  14:47:38,389183;1,086216E+0;1,006121E-1;1,158360E-1;1,087279E+0;;
30/11/2021  14:47:38,389283;1,086570E+0;1,423461E-1;1,423743E-1;1,087246E+0;;
30/11/2021  14:47:38,389383;1,087265E+0;1,426647E-1;1,430061E-1;1,087213E+0;;
30/11/2021  14:47:38,389483;1,087256E+0;1,515849E-1;1,704922E-1;1,087180E+0;;
30/11/2021  14:47:38,389583;1,087941E+0;1,378860E-1;1,104651E-1;1,087148E+0;;
30/11/2021  14:47:38,389683;1,087530E+0;1,608238E-1;1,783905E-1;1,087116E+0;;
30/11/2021  14:47:38,389783;1,087143E+0;2,057435E-1;1,935552E-1;1,087086E+0;;
30/11/2021  14:47:38,389883;1,086579E+0;3,817046E-2;1,126766E-1;1,087056E+0;;
30/11/2021  14:47:38,389983;1,086803E+0;8,965980E-4;3,048243E-3;1,087028E+0;;
30/11/2021  14:47:38,390083;1,087605E+0;4,400978E-3;6,839427E-3;1,087001E+0;;
30/11/2021  14:47:38,390183;1,088490E+0;5,993878E-3;8,103155E-3;1,086976E+0;;
30/11/2021  14:47:38,390283;1,088540E+0;5,038138E-3;7,155359E-3;1,086952E+0;;
30/11/2021  14:47:38,390383;1,087813E+0;5,038138E-3;7,787223E-3;1,086930E+0;;
30/11/2021  14:47:38,390483;1,087390E+0;5,675298E-3;8,103155E-3;1,086910E+0;;
30/11/2021  14:47:38,390583;1,088105E+0;6,631038E-3;8,103155E-3;1,086892E+0;;
30/11/2021  14:47:38,390683;1,088093E+0;4,719558E-3;6,207563E-3;1,086877E+0;;
30/11/2021  14:47:38,390783;1,078401E+0;1,187712E-1;1,032929E+1;1,086864E+0;;
30/11/2021  14:47:38,390883;1,078401E+0;1,767528E-1;1,032929E+1;1,086852E+0;;
30/11/2021  14:47:38,390983;1,077778E+0;1,483991E-1;1,032929E+1;1,086839E+0;;
30/11/2021  14:47:38,391083;1,078217E+0;1,229127E-1;1,032929E+1;1,086824E+0;;
30/11/2021  14:47:38,391183;1,077859E+0;1,920446E-1;1,032929E+1;1,086804E+0;;
30/11/2021  14:47:38,391283;1,078312E+0;4,900218E-2;1,032929E+1;1,086779E+0;;
30/11/2021  14:47:38,391383;1,078038E+0;1,280100E-1;1,032929E+1;1,086748E+0;;
30/11/2021  14:47:38,391483;1,078538E+0;1,337445E-1;1,032929E+1;1,086708E+0;;
30/11/2021  14:47:38,391583;1,079737E+0;9,710776E-2;1,032929E+1;1,086661E+0;;
30/11/2021  14:47:38,391683;1,079737E+0;9,678918E-2;1,032929E+1;1,086604E+0;;
30/11/2021  14:47:38,391783;1,080023E+0;7,863012E-2;1,032929E+1;1,086538E+0;;
30/11/2021  14:47:38,391883;1,080237E+0;1,969282E-2;1,032929E+1;1,086464E+0;;
30/11/2021  14:47:38,391983;1,080851E+0;1,586986E-2;1,032929E+1;1,086380E+0;;
30/11/2021  14:47:38,392083;1,081286E+0;1,778134E-2;1,032929E+1;1,086288E+0;;
30/11/2021  14:47:38,392183;1,082276E+0;1,809992E-2;1,032929E+1;1,086188E+0;;
30/11/2021  14:47:38,392283;1,081861E+0;1,586986E-2;1,032929E+1;1,086080E+0;;
30/11/2021  14:47:38,392383;1,082073E+0;1,204690E-2;1,032929E+1;1,085966E+0;;
30/11/2021  14:47:38,392483;1,081900E+0;1,586986E-2;1,032929E+1;1,085845E+0;;
30/11/2021  14:47:38,392583;1,082097E+0;2,287862E-2;1,032929E+1;1,085719E+0;;
30/11/2021  14:47:38,392683;1,081790E+0;1,618844E-2;1,032929E+1;1,085589E+0;;
30/11/2021  14:47:38,392783;1,082335E+0;1,459554E-2;1,032929E+1;1,085454E+0;;
30/11/2021  14:47:38,392883;1,082246E+0;1,618844E-2;1,032929E+1;1,085317E+0;;
30/11/2021  14:47:38,392983;1,081847E+0;1,300264E-2;1,032929E+1;1,085176E+0;;
30/11/2021  14:47:38,393083;1,081563E+0;1,395838E-2;1,032929E+1;1,085034E+0;;
30/11/2021  14:47:38,393183;1,081706E+0;6,631038E-3;1,032929E+1;1,084890E+0;;
30/11/2021  14:47:38,393283;1,080812E+0;6,312458E-3;1,032929E+1;1,084744E+0;;
30/11/2021  14:47:38,393383;1,080914E+0;1,215178E-3;1,032929E+1;1,084598E+0;;
30/11/2021  14:47:38,393483;1,080571E+0;1,332122E-2;1,032929E+1;1,084452E+0;;
30/11/2021  14:47:38,393583;1,080839E+0;1,491412E-2;1,032929E+1;1,084306E+0;;
30/11/2021  14:47:38,393683;1,080839E+0;1,140974E-2;1,032929E+1;1,084159E+0;;
30/11/2021  14:47:38,393783;1,079933E+0;7,905358E-3;1,032929E+1;1,084013E+0;;
30/11/2021  14:47:38,393883;1,079710E+0;5,993878E-3;1,032929E+1;1,083868E+0;;
30/11/2021  14:47:38,393983;1,078792E+0;1,236548E-2;1,032929E+1;1,083723E+0;;
30/11/2021  14:47:38,394083;1,078994E+0;1,013542E-2;1,032929E+1;1,083579E+0;;
30/11/2021  14:47:38,394183;1,078926E+0;1,300264E-2;1,032929E+1;1,083435E+0;;
30/11/2021  14:47:38,394283;1,078184E+0;1,332122E-2;1,032929E+1;1,083291E+0;;
30/11/2021  14:47:38,394383;1,077948E+0;1,109116E-2;1,032929E+1;1,083148E+0;;
30/11/2021  14:47:38,394483;1,077266E+0;1,268406E-2;1,032929E+1;1,083005E+0;;
30/11/2021  14:47:38,394583;1,076709E+0;1,491412E-2;1,032929E+1;1,082862E+0;;
30/11/2021  14:47:38,394683;1,076184E+0;6,631038E-3;1,032929E+1;1,082718E+0;;
30/11/2021  14:47:38,394783;1,076774E+0;2,170918E-3;1,032929E+1;1,082574E+0;;
30/11/2021  14:47:38,394883;1,076548E+0;1,236548E-2;1,032929E+1;1,082428E+0;;
30/11/2021  14:47:38,394983;1,075984E+0;8,223938E-3;1,032929E+1;1,082281E+0;;
30/11/2021  14:47:38,395083;1,075689E+0;9,816838E-3;1,032929E+1;1,082133E+0;;
30/11/2021  14:47:38,395183;1,074968E+0;3,126658E-3;1,032929E+1;1,081984E+0;;
30/11/2021  14:47:38,395283;1,074014E+0;1,533758E-3;1,032929E+1;1,081832E+0;;
30/11/2021  14:47:38,395383;1,073618E+0;1,533758E-3;1,032929E+1;1,081678E+0;;
30/11/2021  14:47:38,395483;1,074053E+0;2,170918E-3;1,032929E+1;1,081521E+0;;
30/11/2021  14:47:38,395583;1,074265E+0;9,816838E-3;1,032929E+1;1,081362E+0;;
30/11/2021  14:47:38,395683;1,073442E+0;1,140974E-2;1,032929E+1;1,081199E+0;;
30/11/2021  14:47:38,395783;1,073016E+0;1,204690E-2;1,032929E+1;1,081033E+0;;
30/11/2021  14:47:38,395883;1,072012E+0;1,045400E-2;1,032929E+1;1,080863E+0;;
30/11/2021  14:47:38,395983;1,071812E+0;9,498258E-3;1,032929E+1;1,080690E+0;;
30/11/2021  14:47:38,396083;1,071517E+0;2,489498E-3;1,032929E+1;1,080512E+0;;
30/11/2021  14:47:38,396183;1,072530E+0;1,533758E-3;1,032929E+1;1,080330E+0;;
30/11/2021  14:47:38,396283;1,072250E+0;2,489498E-3;1,032929E+1;1,080143E+0;;
30/11/2021  14:47:38,396383;1,072378E+0;7,905358E-3;1,032929E+1;1,079952E+0;;
30/11/2021  14:47:38,396483;1,072292E+0;1,533758E-3;1,032929E+1;1,079757E+0;;
30/11/2021  14:47:38,396583;1,072050E+0;1,852338E-3;1,032929E+1;1,079557E+0;;
30/11/2021  14:47:38,396683;1,072628E+0;7,586778E-3;1,032929E+1;1,079354E+0;;
30/11/2021  14:47:38,396783;1,072313E+0;1,533758E-3;1,032929E+1;1,079147E+0;;
30/11/2021  14:47:38,396883;1,072861E+0;1,533758E-3;1,032929E+1;1,078937E+0;;
30/11/2021  14:47:38,396983;1,073329E+0;7,586778E-3;1,032929E+1;1,078724E+0;;
30/11/2021  14:47:38,397083;1,073302E+0;8,965980E-4;1,032929E+1;1,078509E+0;;
30/11/2021  14:47:38,397183;1,072697E+0;1,533758E-3;1,032929E+1;1,078293E+0;;
30/11/2021  14:47:38,397283;1,073344E+0;8,223938E-3;1,032929E+1;1,078075E+0;;
30/11/2021  14:47:38,397383;1,073746E+0;1,215178E-3;1,032929E+1;1,077857E+0;;
30/11/2021  14:47:38,397483;1,073380E+0;1,852338E-3;1,032929E+1;1,077639E+0;;
30/11/2021  14:47:38,397583;1,074005E+0;1,459554E-2;1,032929E+1;1,077422E+0;;
30/11/2021  14:47:38,397683;1,074446E+0;6,312458E-3;1,032929E+1;1,077206E+0;;
30/11/2021  14:47:38,397783;1,074107E+0;1,586986E-2;1,032929E+1;1,076993E+0;;
30/11/2021  14:47:38,397883;1,073907E+0;1,852338E-3;1,032929E+1;1,076782E+0;;
30/11/2021  14:47:38,397983;1,074202E+0;8,965980E-4;1,032929E+1;1,076574E+0;;
30/11/2021  14:47:38,398083;1,074217E+0;6,312458E-3;1,032929E+1;1,076371E+0;;
30/11/2021  14:47:38,398183;1,075174E+0;1,215178E-3;1,032929E+1;1,076172E+0;;
30/11/2021  14:47:38,398283;1,075364E+0;5,780180E-4;1,032929E+1;1,075977E+0;;
30/11/2021  14:47:38,398383;1,075955E+0;4,719558E-3;1,032929E+1;1,075789E+0;;
30/11/2021  14:47:38,398483;1,076363E+0;3,126658E-3;1,032929E+1;1,075607E+0;;
30/11/2021  14:47:38,398583;1,075394E+0;9,498258E-3;1,032929E+1;1,075432E+0;;
30/11/2021  14:47:38,398683;1,076154E+0;1,215178E-3;1,032929E+1;1,075264E+0;;
30/11/2021  14:47:38,398783;1,076187E+0;5,038138E-3;1,032929E+1;1,075105E+0;;
30/11/2021  14:47:38,398883;1,076619E+0;4,719558E-3;1,032929E+1;1,074954E+0;;
30/11/2021  14:47:38,398983;1,077427E+0;1,215178E-3;1,032929E+1;1,074812E+0;;
30/11/2021  14:47:38,399083;1,077394E+0;1,533758E-3;1,032929E+1;1,074679E+0;;
30/11/2021  14:47:38,399183;1,076598E+0;4,400978E-3;1,032929E+1;1,074556E+0;;
30/11/2021  14:47:38,399283;1,077391E+0;1,852338E-3;1,032929E+1;1,074444E+0;;
30/11/2021  14:47:38,399383;1,076574E+0;1,852338E-3;1,032929E+1;1,074342E+0;;
30/11/2021  14:47:38,399483;1,076771E+0;1,852338E-3;1,032929E+1;1,074250E+0;;
30/11/2021  14:47:38,399583;1,077299E+0;8,965980E-4;1,032929E+1;1,074169E+0;;
30/11/2021  14:47:38,399683;1,078085E+0;7,905358E-3;1,032929E+1;1,074099E+0;;
30/11/2021  14:47:38,399783;1,077021E+0;1,215178E-3;1,032929E+1;1,074039E+0;;
30/11/2021  14:47:38,399883;1,077147E+0;9,498258E-3;1,032929E+1;1,073990E+0;;
30/11/2021  14:47:38,399983;1,076709E+0;5,675298E-3;1,032929E+1;1,073952E+0;;
30/11/2021  14:47:38,400083;1,076133E+0;3,445238E-3;1,032929E+1;1,073923E+0;;
30/11/2021  14:47:38,400183;1,076703E+0;1,215178E-3;1,032929E+1;1,073904E+0;;
30/11/2021  14:47:38,400283;1,076589E+0;1,215178E-3;1,032929E+1;1,073895E+0;;
30/11/2021  14:47:38,400383;1,076580E+0;5,038138E-3;1,032929E+1;1,073895E+0;;
30/11/2021  14:47:38,400483;1,075892E+0;1,215178E-3;1,032929E+1;1,073903E+0;;
30/11/2021  14:47:38,400583;1,075603E+0;5,780180E-4;1,032929E+1;1,073919E+0;;
30/11/2021  14:47:38,400683;1,075084E+0;1,533758E-3;1,032929E+1;1,073943E+0;;
30/11/2021  14:47:38,400783;1,075290E+0;1,215178E-3;1,032929E+1;1,073973E+0;;
30/11/2021  14:47:38,400883;1,074911E+0;5,780180E-4;1,032929E+1;1,074009E+0;;
30/11/2021  14:47:38,400983;1,075466E+0;1,533758E-3;1,032929E+1;1,074051E+0;;
30/11/2021  14:47:38,401083;1,074601E+0;8,965980E-4;1,032929E+1;1,074097E+0;;
30/11/2021  14:47:38,401183;1,074679E+0;1,215178E-3;1,032929E+1;1,074147E+0;;
30/11/2021  14:47:38,401283;1,074014E+0;1,215178E-3;1,032929E+1;1,074200E+0;;
30/11/2021  14:47:38,401383;1,073922E+0;1,215178E-3;1,032929E+1;1,074255E+0;;
30/11/2021  14:47:38,401483;1,074107E+0;8,965980E-4;1,032929E+1;1,074312E+0;;
30/11/2021  14:47:38,401583;1,075162E+0;1,852338E-3;1,032929E+1;1,074371E+0;;
30/11/2021  14:47:38,401683;1,075174E+0;1,215178E-3;1,032929E+1;1,074430E+0;;
30/11/2021  14:47:38,401783;1,074429E+0;3,445238E-3;1,032929E+1;1,074489E+0;;
30/11/2021  14:47:38,401883;1,073865E+0;4,400978E-3;1,032929E+1;1,074548E+0;;
30/11/2021  14:47:38,401983;1,073618E+0;8,965980E-4;1,032929E+1;1,074606E+0;;
30/11/2021  14:47:38,402083;1,073481E+0;1,533758E-3;1,032929E+1;1,074663E+0;;
30/11/2021  14:47:38,402183;1,073922E+0;1,533758E-3;1,032929E+1;1,074718E+0;;
30/11/2021  14:47:38,402283;1,074381E+0;1,533758E-3;1,032929E+1;1,074771E+0;;
30/11/2021  14:47:38,402383;1,074479E+0;8,965980E-4;1,032929E+1;1,074822E+0;;
30/11/2021  14:47:38,402483;1,074208E+0;1,533758E-3;1,032929E+1;1,074870E+0;;
30/11/2021  14:47:38,402583;1,073740E+0;1,533758E-3;1,032929E+1;1,074915E+0;;
30/11/2021  14:47:38,402683;1,073874E+0;5,780180E-4;1,032929E+1;1,074957E+0;;
30/11/2021  14:47:38,402783;1,074470E+0;8,965980E-4;1,032929E+1;1,074996E+0;;
30/11/2021  14:47:38,402883;1,075400E+0;2,170918E-3;1,032929E+1;1,075031E+0;;
30/11/2021  14:47:38,402983;1,076142E+0;5,675298E-3;1,032929E+1;1,075064E+0;;
30/11/2021  14:47:38,403083;1,076023E+0;1,077258E-2;1,032929E+1;1,075094E+0;;
30/11/2021  14:47:38,403183;1,076360E+0;9,498258E-3;1,032929E+1;1,075121E+0;;
30/11/2021  14:47:38,403283;1,076831E+0;1,268406E-2;1,032929E+1;1,075145E+0;;
30/11/2021  14:47:38,403383;1,076902E+0;1,204690E-2;1,032929E+1;1,075168E+0;;
30/11/2021  14:47:38,403483;1,077820E+0;9,179678E-3;1,032929E+1;1,075190E+0;;
30/11/2021  14:47:38,403583;1,078297E+0;1,459554E-2;1,032929E+1;1,075211E+0;;
30/11/2021  14:47:38,403683;1,080172E+0;1,268406E-2;1,032929E+1;1,075232E+0;;
30/11/2021  14:47:38,403783;1,080142E+0;1,427696E-2;1,032929E+1;1,075253E+0;;
30/11/2021  14:47:38,403883;1,079871E+0;4,400978E-3;1,032929E+1;1,075276E+0;;
30/11/2021  14:47:38,403983;1,080225E+0;1,395838E-2;1,032929E+1;1,075301E+0;;
30/11/2021  14:47:38,404083;1,080374E+0;6,631038E-3;1,032929E+1;1,075329E+0;;
30/11/2021  14:47:38,404183;1,081265E+0;1,332122E-2;1,032929E+1;1,075361E+0;;
30/11/2021  14:47:38,404283;1,082082E+0;5,356718E-3;1,032929E+1;1,075396E+0;;
30/11/2021  14:47:38,404383;1,082437E+0;1,459554E-2;1,032929E+1;1,075437E+0;;
30/11/2021  14:47:38,404483;1,082595E+0;1,204690E-2;1,032929E+1;1,075483E+0;;
30/11/2021  14:47:38,404583;1,083089E+0;1,395838E-2;1,032929E+1;1,075535E+0;;
30/11/2021  14:47:38,404683;1,083602E+0;1,873708E-2;1,032929E+1;1,075595E+0;;
30/11/2021  14:47:38,404783;1,084132E+0;1,650702E-2;1,032929E+1;1,075661E+0;;
30/11/2021  14:47:38,404883;1,085134E+0;1,555128E-2;1,032929E+1;1,075736E+0;;
30/11/2021  14:47:38,404983;1,085760E+0;1,746276E-2;1,032929E+1;1,075819E+0;;
30/11/2021  14:47:38,405083;1,086904E+0;1,714418E-2;1,032929E+1;1,075911E+0;;
30/11/2021  14:47:38,405183;1,087244E+0;1,778134E-2;1,032929E+1;1,076013E+0;;
30/11/2021  14:47:38,405283;1,087226E+0;9,816838E-3;1,032929E+1;1,076126E+0;;
30/11/2021  14:47:38,405383;1,087813E+0;1,236548E-2;1,032929E+1;1,076250E+0;;
30/11/2021  14:47:38,405483;1,088302E+0;6,949618E-3;1,032929E+1;1,076385E+0;;
30/11/2021  14:47:38,405583;1,089202E+0;1,140974E-2;1,032929E+1;1,076532E+0;;
30/11/2021  14:47:38,405683;1,090418E+0;1,204690E-2;1,032929E+1;1,076691E+0;;
30/11/2021  14:47:38,405783;1,090677E+0;6,312458E-3;1,032929E+1;1,076863E+0;;
30/11/2021  14:47:38,405883;1,090355E+0;1,395838E-2;1,032929E+1;1,077048E+0;;
30/11/2021  14:47:38,405983;1,091378E+0;8,861098E-3;1,032929E+1;1,077246E+0;;
30/11/2021  14:47:38,406083;1,091029E+0;1,491412E-2;1,032929E+1;1,077458E+0;;
30/11/2021  14:47:38,406183;1,092054E+0;1,491412E-2;1,032929E+1;1,077683E+0;;
30/11/2021  14:47:38,406283;1,092257E+0;1,586986E-2;1,032929E+1;1,077922E+0;;
30/11/2021  14:47:38,406383;1,092608E+0;1,555128E-2;1,032929E+1;1,078174E+0;;
30/11/2021  14:47:38,406483;1,093365E+0;1,395838E-2;1,032929E+1;1,078440E+0;;
30/11/2021  14:47:38,406583;1,092898E+0;1,363980E-2;1,032929E+1;1,078719E+0;;
30/11/2021  14:47:38,406683;1,092281E+0;1,459554E-2;1,032929E+1;1,079011E+0;;
30/11/2021  14:47:38,406783;1,092635E+0;8,861098E-3;1,032929E+1;1,079316E+0;;
30/11/2021  14:47:38,406883;1,093160E+0;9,816838E-3;1,032929E+1;1,079632E+0;;
30/11/2021  14:47:38,406983;1,093413E+0;9,816838E-3;1,032929E+1;1,079960E+0;;
30/11/2021  14:47:38,407083;1,094057E+0;1,363980E-2;1,032929E+1;1,080298E+0;;
30/11/2021  14:47:38,407183;1,093574E+0;6,631038E-3;1,032929E+1;1,080646E+0;;
30/11/2021  14:47:38,407283;1,093124E+0;1,332122E-2;1,032929E+1;1,081004E+0;;
30/11/2021  14:47:38,407383;1,092701E+0;1,427696E-2;1,032929E+1;1,081370E+0;;
30/11/2021  14:47:38,407483;1,092743E+0;1,491412E-2;1,032929E+1;1,081744E+0;;
30/11/2021  14:47:38,407583;1,092766E+0;6,949618E-3;1,032929E+1;1,082125E+0;;
30/11/2021  14:47:38,407683;1,092760E+0;1,555128E-2;1,032929E+1;1,082510E+0;;
30/11/2021  14:47:38,407783;1,093187E+0;1,427696E-2;1,032929E+1;1,082900E+0;;
30/11/2021  14:47:38,407883;1,092230E+0;1,241871E-1;1,032929E+1;1,083294E+0;;
30/11/2021  14:47:38,407983;1,091369E+0;1,318330E-1;1,032929E+1;1,083689E+0;;
30/11/2021  14:47:38,408083;1,091309E+0;1,136739E-1;1,032929E+1;1,084086E+0;;
30/11/2021  14:47:38,408183;1,091500E+0;1,012493E-1;1,032929E+1;1,084482E+0;;
30/11/2021  14:47:38,408283;1,091387E+0;1,197269E-1;1,032929E+1;1,084877E+0;;
30/11/2021  14:47:38,408383;1,091485E+0;1,133553E-1;1,032929E+1;1,085269E+0;;
30/11/2021  14:47:38,408483;1,090963E+0;1,267357E-1;1,032929E+1;1,085657E+0;;
30/11/2021  14:47:38,408583;1,090412E+0;1,203641E-1;1,032929E+1;1,086040E+0;;
30/11/2021  14:47:38,408683;1,089366E+0;1,066652E-1;1,032929E+1;1,086417E+0;;
30/11/2021  14:47:38,408783;1,089425E+0;1,257800E-1;1,032929E+1;1,086787E+0;;
30/11/2021  14:47:38,408883;1,089178E+0;1,305587E-1;1,032929E+1;1,087149E+0;;
30/11/2021  14:47:38,408983;1,088993E+0;8,978042E-2;1,032929E+1;1,087500E+0;;
30/11/2021  14:47:38,409083;1,088525E+0;1,200455E-1;1,032929E+1;1,087841E+0;;
30/11/2021  14:47:38,409183;1,088105E+0;1,101695E-1;1,032929E+1;1,088171E+0;;
30/11/2021  14:47:38,409283;1,087384E+0;1,194084E-1;1,032929E+1;1,088487E+0;;
30/11/2021  14:47:38,409383;1,087351E+0;1,225942E-1;1,032929E+1;1,088790E+0;;
30/11/2021  14:47:38,409483;1,086955E+0;1,598680E-1;1,032929E+1;1,089078E+0;;
30/11/2021  14:47:38,409583;1,087572E+0;1,219570E-1;1,032929E+1;1,089351E+0;;
30/11/2021  14:47:38,409683;1,088311E+0;1,206827E-1;1,032929E+1;1,089608E+0;;
30/11/2021  14:47:38,409783;1,087879E+0;1,028422E-1;1,032929E+1;1,089848E+0;;
30/11/2021  14:47:38,409883;1,087900E+0;1,044351E-1;1,032929E+1;1,090072E+0;;
30/11/2021  14:47:38,409983;1,087536E+0;1,165411E-1;1,032929E+1;1,090279E+0;;
30/11/2021  14:47:38,410083;1,087426E+0;1,162226E-1;1,032929E+1;1,090468E+0;;
30/11/2021  14:47:38,410183;1,088302E+0;1,139925E-1;1,032929E+1;1,090641E+0;;
30/11/2021  14:47:38,410283;1,088376E+0;1,260985E-1;1,032929E+1;1,090797E+0;;
30/11/2021  14:47:38,410383;1,088978E+0;1,483991E-1;1,032929E+1;1,090936E+0;;
30/11/2021  14:47:38,410483;1,089056E+0;1,168597E-1;1,032929E+1;1,091059E+0;;
30/11/2021  14:47:38,410583;1,088600E+0;1,382046E-1;1,032929E+1;1,091167E+0;;
30/11/2021  14:47:38,410683;1,088809E+0;1,318330E-1;1,032929E+1;1,091259E+0;;
30/11/2021  14:47:38,410783;1,088204E+0;1,149482E-1;1,032929E+1;1,091336E+0;;
30/11/2021  14:47:38,410883;1,088800E+0;1,229127E-1;1,032929E+1;1,091400E+0;;
30/11/2021  14:47:38,410983;1,088949E+0;1,407532E-1;1,032929E+1;1,091449E+0;;
30/11/2021  14:47:38,411083;1,089288E+0;9,232906E-2;1,032929E+1;1,091486E+0;;
30/11/2021  14:47:38,411183;1,089041E+0;1,222756E-1;1,032929E+1;1,091511E+0;;
30/11/2021  14:47:38,411283;1,089241E+0;1,171783E-1;1,032929E+1;1,091524E+0;;
30/11/2021  14:47:38,411383;1,089631E+0;1,213198E-1;1,032929E+1;1,091526E+0;;
30/11/2021  14:47:38,411483;1,090376E+0;1,270543E-1;1,032929E+1;1,091518E+0;;
30/11/2021  14:47:38,411583;1,089938E+0;1,624167E-1;1,032929E+1;1,091501E+0;;
30/11/2021  14:47:38,411683;1,090972E+0;1,746276E-2;1,032929E+1;1,091476E+0;;
30/11/2021  14:47:38,411783;1,091041E+0;1,101695E-1;1,032929E+1;1,091444E+0;;
30/11/2021  14:47:38,411883;1,091112E+0;-5,914200E-5;1,032929E+1;1,091405E+0;;
30/11/2021  14:47:38,411983;1,090919E+0;1,238685E-1;1,032929E+1;1,091361E+0;;
30/11/2021  14:47:38,412083;1,091112E+0;1,251428E-1;1,032929E+1;1,091312E+0;;
30/11/2021  14:47:38,412183;1,091357E+0;1,714418E-2;1,032929E+1;1,091259E+0;;
30/11/2021  14:47:38,412283;1,091425E+0;1,586986E-2;1,032929E+1;1,091204E+0;;
30/11/2021  14:47:38,412383;1,092883E+0;2,319720E-2;1,032929E+1;1,091147E+0;;
30/11/2021  14:47:38,412483;1,093449E+0;1,586986E-2;1,032929E+1;1,091088E+0;;
30/11/2021  14:47:38,412583;1,092442E+0;1,937424E-2;1,032929E+1;1,091029E+0;;
30/11/2021  14:47:38,412683;1,092066E+0;1,714418E-2;1,032929E+1;1,090971E+0;;
30/11/2021  14:47:38,412783;1,091688E+0;1,778134E-2;1,032929E+1;1,090915E+0;;
30/11/2021  14:47:38,412883;1,091553E+0;1,746276E-2;1,032929E+1;1,090860E+0;;
30/11/2021  14:47:38,412983;1,091866E+0;1,523270E-2;1,032929E+1;1,090807E+0;;
30/11/2021  14:47:38,413083;1,092898E+0;9,816838E-3;1,032929E+1;1,090757E+0;;
30/11/2021  14:47:38,413183;1,092272E+0;1,586986E-2;1,032929E+1;1,090710E+0;;
30/11/2021  14:47:38,413283;1,091533E+0;1,586986E-2;1,032929E+1;1,090667E+0;;
30/11/2021  14:47:38,413383;1,091094E+0;1,491412E-2;1,032929E+1;1,090627E+0;;
30/11/2021  14:47:38,413483;1,090701E+0;1,332122E-2;1,032929E+1;1,090590E+0;;
30/11/2021  14:47:38,413583;1,090495E+0;8,542518E-3;1,032929E+1;1,090558E+0;;
30/11/2021  14:47:38,413683;1,090576E+0;6,312458E-3;1,032929E+1;1,090528E+0;;
30/11/2021  14:47:38,413783;1,090218E+0;1,363980E-2;1,032929E+1;1,090502E+0;;
30/11/2021  14:47:38,413883;1,089482E+0;4,400978E-3;1,032929E+1;1,090479E+0;;
30/11/2021  14:47:38,413983;1,088737E+0;1,172832E-2;1,032929E+1;1,090458E+0;;
30/11/2021  14:47:38,414083;1,088430E+0;1,236548E-2;1,032929E+1;1,090439E+0;;
30/11/2021  14:47:38,414183;1,087727E+0;1,332122E-2;1,032929E+1;1,090422E+0;;
30/11/2021  14:47:38,414283;1,087920E+0;9,816838E-3;1,032929E+1;1,090407E+0;;
30/11/2021  14:47:38,414383;1,087777E+0;9,498258E-3;1,032929E+1;1,090391E+0;;
30/11/2021  14:47:38,414483;1,087780E+0;1,363980E-2;1,032929E+1;1,090376E+0;;
30/11/2021  14:47:38,414583;1,087345E+0;1,140974E-2;1,032929E+1;1,090359E+0;;
30/11/2021  14:47:38,414683;1,087283E+0;1,459554E-2;1,032929E+1;1,090342E+0;;
30/11/2021  14:47:38,414783;1,086794E+0;1,236548E-2;1,032929E+1;1,090323E+0;;
30/11/2021  14:47:38,414883;1,087029E+0;6,631038E-3;1,032929E+1;1,090303E+0;;
30/11/2021  14:47:38,414983;1,086657E+0;5,675298E-3;1,032929E+1;1,090280E+0;;
30/11/2021  14:47:38,415083;1,087163E+0;1,555128E-2;1,032929E+1;1,090254E+0;;
30/11/2021  14:47:38,415183;1,086225E+0;8,223938E-3;1,032929E+1;1,090225E+0;;
30/11/2021  14:47:38,415283;1,086007E+0;1,533758E-3;1,032929E+1;1,090193E+0;;
30/11/2021  14:47:38,415383;1,085277E+0;2,489498E-3;1,032929E+1;1,090157E+0;;
30/11/2021  14:47:38,415483;1,084600E+0;4,400978E-3;1,032929E+1;1,090118E+0;;
30/11/2021  14:47:38,415583;1,084404E+0;1,533758E-3;1,032929E+1;1,090074E+0;;
30/11/2021  14:47:38,415683;1,084681E+0;1,852338E-3;1,032929E+1;1,090025E+0;;
30/11/2021  14:47:38,415783;1,084886E+0;5,356718E-3;1,032929E+1;1,089971E+0;;
30/11/2021  14:47:38,415883;1,084782E+0;7,905358E-3;1,032929E+1;1,089911E+0;;
30/11/2021  14:47:38,415983;1,084347E+0;3,445238E-3;1,032929E+1;1,089846E+0;;
30/11/2021  14:47:38,416083;1,083805E+0;2,489498E-3;1,032929E+1;1,089776E+0;;
30/11/2021  14:47:38,416183;1,084201E+0;2,489498E-3;1,032929E+1;1,089699E+0;;
30/11/2021  14:47:38,416283;1,084380E+0;1,852338E-3;1,032929E+1;1,089617E+0;;
30/11/2021  14:47:38,416383;1,085685E+0;4,719558E-3;1,032929E+1;1,089529E+0;;
30/11/2021  14:47:38,416483;1,085539E+0;7,586778E-3;1,032929E+1;1,089436E+0;;
30/11/2021  14:47:38,416583;1,085334E+0;6,949618E-3;1,032929E+1;1,089337E+0;;
30/11/2021  14:47:38,416683;1,085027E+0;8,965980E-4;1,032929E+1;1,089234E+0;;
30/11/2021  14:47:38,416783;1,085134E+0;1,300264E-2;1,032929E+1;1,089126E+0;;
30/11/2021  14:47:38,416883;1,085351E+0;2,489498E-3;1,032929E+1;1,089015E+0;;
30/11/2021  14:47:38,416983;1,085906E+0;1,852338E-3;1,032929E+1;1,088899E+0;;
30/11/2021  14:47:38,417083;1,086982E+0;1,332122E-2;1,032929E+1;1,088781E+0;;
30/11/2021  14:47:38,417183;1,086901E+0;8,223938E-3;1,032929E+1;1,088661E+0;;
30/11/2021  14:47:38,417283;1,086558E+0;1,268406E-2;1,032929E+1;1,088539E+0;;
30/11/2021  14:47:38,417383;1,086436E+0;8,542518E-3;1,032929E+1;1,088416E+0;;
30/11/2021  14:47:38,417483;1,085950E+0;7,268198E-3;1,032929E+1;1,088292E+0;;
30/11/2021  14:47:38,417583;1,086177E+0;1,215178E-3;1,032929E+1;1,088169E+0;;
30/11/2021  14:47:38,417683;1,086350E+0;2,808078E-3;1,032929E+1;1,088046E+0;;
30/11/2021  14:47:38,417783;1,086639E+0;1,533758E-3;1,032929E+1;1,087924E+0;;
30/11/2021  14:47:38,417883;1,086627E+0;1,533758E-3;1,032929E+1;1,087803E+0;;
30/11/2021  14:47:38,417983;1,085971E+0;1,215178E-3;1,032929E+1;1,087684E+0;;
30/11/2021  14:47:38,418083;1,085655E+0;5,993878E-3;1,032929E+1;1,087567E+0;;
30/11/2021  14:47:38,418183;1,085578E+0;1,215178E-3;1,032929E+1;1,087453E+0;;
30/11/2021  14:47:38,418283;1,085375E+0;2,489498E-3;1,032929E+1;1,087341E+0;;
30/11/2021  14:47:38,418383;1,086415E+0;4,400978E-3;1,032929E+1;1,087231E+0;;
30/11/2021  14:47:38,418483;1,086335E+0;1,533758E-3;1,032929E+1;1,087124E+0;;
30/11/2021  14:47:38,418583;1,086257E+0;1,215178E-3;1,032929E+1;1,087021E+0;;
30/11/2021  14:47:38,418683;1,085983E+0;1,215178E-3;1,032929E+1;1,086920E+0;;
30/11/2021  14:47:38,418783;1,085664E+0;1,215178E-3;1,032929E+1;1,086823E+0;;
30/11/2021  14:47:38,418883;1,085125E+0;1,215178E-3;1,032929E+1;1,086729E+0;;
30/11/2021  14:47:38,418983;1,085560E+0;4,082398E-3;1,032929E+1;1,086639E+0;;
30/11/2021  14:47:38,419083;1,086219E+0;1,533758E-3;1,032929E+1;1,086553E+0;;
30/11/2021  14:47:38,419183;1,085897E+0;1,533758E-3;1,032929E+1;1,086469E+0;;
30/11/2021  14:47:38,419283;1,085363E+0;1,215178E-3;1,032929E+1;1,086390E+0;;
30/11/2021  14:47:38,419383;1,084538E+0;2,489498E-3;1,032929E+1;1,086313E+0;;
30/11/2021  14:47:38,419483;1,083656E+0;3,763818E-3;1,032929E+1;1,086241E+0;;
30/11/2021  14:47:38,419583;1,083015E+0;3,126658E-3;1,032929E+1;1,086171E+0;;
30/11/2021  14:47:38,419683;1,084126E+0;6,949618E-3;1,032929E+1;1,086103E+0;;
30/11/2021  14:47:38,419783;1,083733E+0;1,533758E-3;1,032929E+1;1,086038E+0;;
30/11/2021  14:47:38,419883;1,083679E+0;1,533758E-3;1,032929E+1;1,085975E+0;;
30/11/2021  14:47:38,419983;1,082991E+0;1,215178E-3;1,032929E+1;1,085913E+0;;
30/11/2021  14:47:38,420083;1,082565E+0;1,215178E-3;1,032929E+1;1,085852E+0;;
30/11/2021  14:47:38,420183;1,082466E+0;1,852338E-3;1,032929E+1;1,085793E+0;;
30/11/2021  14:47:38,420283;1,082416E+0;2,808078E-3;1,032929E+1;1,085733E+0;;
30/11/2021  14:47:38,420383;1,082943E+0;1,215178E-3;1,032929E+1;1,085674E+0;;
30/11/2021  14:47:38,420483;1,083694E+0;1,852338E-3;1,032929E+1;1,085614E+0;;
30/11/2021  14:47:38,420583;1,082991E+0;5,780180E-4;1,032929E+1;1,085554E+0;;
30/11/2021  14:47:38,420683;1,082484E+0;8,965980E-4;1,032929E+1;1,085494E+0;;
30/11/2021  14:47:38,420783;1,082803E+0;1,215178E-3;1,032929E+1;1,085433E+0;;
30/11/2021  14:47:38,420883;1,082803E+0;2,489498E-3;1,032929E+1;1,085372E+0;;
30/11/2021  14:47:38,420983;1,083125E+0;1,852338E-3;1,032929E+1;1,085309E+0;;
30/11/2021  14:47:38,421083;1,083715E+0;1,852338E-3;1,032929E+1;1,085246E+0;;
30/11/2021  14:47:38,421183;1,084138E+0;5,780180E-4;1,032929E+1;1,085183E+0;;
30/11/2021  14:47:38,421283;1,084028E+0;1,533758E-3;1,032929E+1;1,085119E+0;;
30/11/2021  14:47:38,421383;1,083697E+0;1,852338E-3;1,032929E+1;1,085055E+0;;
30/11/2021  14:47:38,421483;1,083247E+0;1,215178E-3;1,032929E+1;1,084991E+0;;
30/11/2021  14:47:38,421583;1,083545E+0;5,780180E-4;1,032929E+1;1,084927E+0;;
30/11/2021  14:47:38,421683;1,083763E+0;2,170918E-3;1,032929E+1;1,084864E+0;;
30/11/2021  14:47:38,421783;1,084278E+0;1,215178E-3;1,032929E+1;1,084801E+0;;
30/11/2021  14:47:38,421883;1,084103E+0;1,215178E-3;1,032929E+1;1,084738E+0;;
30/11/2021  14:47:38,421983;1,084740E+0;1,215178E-3;1,032929E+1;1,084677E+0;;
30/11/2021  14:47:38,422083;1,083849E+0;1,533758E-3;1,032929E+1;1,084617E+0;;
30/11/2021  14:47:38,422183;1,083435E+0;8,965980E-4;1,032929E+1;1,084558E+0;;
30/11/2021  14:47:38,422283;1,083063E+0;1,533758E-3;1,032929E+1;1,084500E+0;;
30/11/2021  14:47:38,422383;1,083536E+0;1,215178E-3;1,032929E+1;1,084444E+0;;
30/11/2021  14:47:38,422483;1,084213E+0;8,965980E-4;1,032929E+1;1,084390E+0;;
30/11/2021  14:47:38,422583;1,084729E+0;1,215178E-3;1,032929E+1;1,084337E+0;;
30/11/2021  14:47:38,422683;1,085030E+0;8,965980E-4;1,032929E+1;1,084285E+0;;
30/11/2021  14:47:38,422783;1,084088E+0;1,215178E-3;1,032929E+1;1,084236E+0;;
30/11/2021  14:47:38,422883;1,085030E+0;8,965980E-4;1,032929E+1;1,084189E+0;;
30/11/2021  14:47:38,422983;1,085110E+0;1,215178E-3;1,032929E+1;1,084144E+0;;
30/11/2021  14:47:38,423083;1,086177E+0;2,808078E-3;1,032929E+1;1,084103E+0;;
30/11/2021  14:47:38,423183;1,086445E+0;5,356718E-3;1,032929E+1;1,084064E+0;;
30/11/2021  14:47:38,423283;1,086871E+0;1,650702E-2;1,032929E+1;1,084028E+0;;
30/11/2021  14:47:38,423383;1,086535E+0;1,300264E-2;1,032929E+1;1,083997E+0;;
30/11/2021  14:47:38,423483;1,085822E+0;1,459554E-2;1,032929E+1;1,083970E+0;;
30/11/2021  14:47:38,423583;1,085986E+0;1,077258E-2;1,032929E+1;1,083947E+0;;
30/11/2021  14:47:38,423683;1,086296E+0;7,268198E-3;1,032929E+1;1,083929E+0;;
30/11/2021  14:47:38,423783;1,086436E+0;1,045400E-2;1,032929E+1;1,083916E+0;;
30/11/2021  14:47:38,423883;1,085998E+0;1,332122E-2;1,032929E+1;1,083907E+0;;
30/11/2021  14:47:38,423983;1,086442E+0;5,993878E-3;1,032929E+1;1,083904E+0;;
30/11/2021  14:47:38,424083;1,085584E+0;1,332122E-2;1,032929E+1;1,083905E+0;;
30/11/2021  14:47:38,424183;1,084812E+0;1,300264E-2;1,032929E+1;1,083911E+0;;
30/11/2021  14:47:38,424283;1,084532E+0;1,236548E-2;1,032929E+1;1,083921E+0;;
30/11/2021  14:47:38,424383;1,085173E+0;1,236548E-2;1,032929E+1;1,083935E+0;;
30/11/2021  14:47:38,424483;1,084743E+0;1,332122E-2;1,032929E+1;1,083953E+0;;
30/11/2021  14:47:38,424583;1,084883E+0;1,172832E-2;1,032929E+1;1,083975E+0;;
30/11/2021  14:47:38,424683;1,084335E+0;2,001140E-2;1,032929E+1;1,083999E+0;;
30/11/2021  14:47:38,424783;1,084085E+0;1,077258E-2;1,032929E+1;1,084026E+0;;
30/11/2021  14:47:38,424883;1,083146E+0;1,268406E-2;1,032929E+1;1,084055E+0;;
30/11/2021  14:47:38,424983;1,083894E+0;1,109116E-2;1,032929E+1;1,084086E+0;;
30/11/2021  14:47:38,425083;1,084070E+0;1,555128E-2;1,032929E+1;1,084117E+0;;
30/11/2021  14:47:38,425183;1,084281E+0;1,618844E-2;1,032929E+1;1,084150E+0;;
30/11/2021  14:47:38,425283;1,084106E+0;1,852338E-3;1,032929E+1;1,084182E+0;;
30/11/2021  14:47:38,425383;1,083685E+0;1,013542E-2;1,032929E+1;1,084215E+0;;
30/11/2021  14:47:38,425483;1,083587E+0;1,268406E-2;1,032929E+1;1,084248E+0;;
30/11/2021  14:47:38,425583;1,083331E+0;1,491412E-2;1,032929E+1;1,084279E+0;;
30/11/2021  14:47:38,425683;1,083986E+0;8,223938E-3;1,032929E+1;1,084310E+0;;
30/11/2021  14:47:38,425783;1,084195E+0;1,109116E-2;1,032929E+1;1,084340E+0;;
30/11/2021  14:47:38,425883;1,084439E+0;1,523270E-2;1,032929E+1;1,084368E+0;;
30/11/2021  14:47:38,425983;1,084359E+0;8,223938E-3;1,032929E+1;1,084395E+0;;
30/11/2021  14:47:38,426083;1,083581E+0;1,204690E-2;1,032929E+1;1,084421E+0;;
30/11/2021  14:47:38,426183;1,082979E+0;1,618844E-2;1,032929E+1;1,084445E+0;;
30/11/2021  14:47:38,426283;1,082824E+0;1,618844E-2;1,032929E+1;1,084467E+0;;
30/11/2021  14:47:38,426383;1,083057E+0;1,395838E-2;1,032929E+1;1,084486E+0;;
30/11/2021  14:47:38,426483;1,083077E+0;1,523270E-2;1,032929E+1;1,084504E+0;;
30/11/2021  14:47:38,426583;1,083471E+0;1,586986E-2;1,032929E+1;1,084519E+0;;
30/11/2021  14:47:38,426683;1,083244E+0;6,631038E-3;1,032929E+1;1,084531E+0;;
30/11/2021  14:47:38,426783;1,082764E+0;1,555128E-2;1,032929E+1;1,084541E+0;;
30/11/2021  14:47:38,426883;1,082225E+0;1,491412E-2;1,032929E+1;1,084548E+0;;
30/11/2021  14:47:38,426983;1,082168E+0;1,363980E-2;1,032929E+1;1,084551E+0;;
30/11/2021  14:47:38,427083;1,082651E+0;1,363980E-2;1,032929E+1;1,084552E+0;;
30/11/2021  14:47:38,427183;1,082884E+0;9,498258E-3;1,032929E+1;1,084549E+0;;
30/11/2021  14:47:38,427283;1,083033E+0;9,498258E-3;1,032929E+1;1,084543E+0;;
30/11/2021  14:47:38,427383;1,083462E+0;1,236548E-2;1,032929E+1;1,084533E+0;;
30/11/2021  14:47:38,427483;1,082815E+0;1,586986E-2;1,032929E+1;1,084521E+0;;
30/11/2021  14:47:38,427583;1,082845E+0;1,395838E-2;1,032929E+1;1,084505E+0;;
30/11/2021  14:47:38,427683;1,082979E+0;1,459554E-2;1,032929E+1;1,084487E+0;;
30/11/2021  14:47:38,427783;1,083453E+0;1,555128E-2;1,032929E+1;1,084465E+0;;
30/11/2021  14:47:38,427883;1,083709E+0;3,339176E-2;1,032929E+1;1,084442E+0;;
30/11/2021  14:47:38,427983;1,083951E+0;1,257800E-1;1,032929E+1;1,084415E+0;;
30/11/2021  14:47:38,428083;1,084869E+0;1,238685E-1;1,032929E+1;1,084387E+0;;
30/11/2021  14:47:38,428183;1,084630E+0;1,245056E-1;1,032929E+1;1,084358E+0;;
30/11/2021  14:47:38,428283;1,084955E+0;1,248242E-1;1,032929E+1;1,084327E+0;;
30/11/2021  14:47:38,428383;1,085655E+0;1,095324E-1;1,032929E+1;1,084296E+0;;
30/11/2021  14:47:38,428483;1,086761E+0;1,178155E-1;1,032929E+1;1,084264E+0;;
30/11/2021  14:47:38,428583;1,087086E+0;9,424054E-2;1,032929E+1;1,084234E+0;;
30/11/2021  14:47:38,428683;1,087366E+0;1,197269E-1;1,032929E+1;1,084204E+0;;
30/11/2021  14:47:38,428783;1,087888E+0;1,331073E-1;1,032929E+1;1,084177E+0;;
30/11/2021  14:47:38,428883;1,088260E+0;1,203641E-1;1,032929E+1;1,084153E+0;;
30/11/2021  14:47:38,428983;1,088204E+0;1,474434E-1;1,032929E+1;1,084132E+0;;
30/11/2021  14:47:38,429083;1,089229E+0;1,162226E-1;1,032929E+1;1,084116E+0;;
30/11/2021  14:47:38,429183;1,090260E+0;1,197269E-1;1,032929E+1;1,084105E+0;;
30/11/2021  14:47:38,429283;1,090510E+0;1,181340E-1;1,032929E+1;1,084100E+0;;
30/11/2021  14:47:38,429383;1,090755E+0;1,254614E-1;1,032929E+1;1,084101E+0;;
30/11/2021  14:47:38,429483;1,091300E+0;9,678918E-2;1,032929E+1;1,084109E+0;;
30/11/2021  14:47:38,429583;1,091544E+0;1,082581E-1;1,032929E+1;1,084126E+0;;
30/11/2021  14:47:38,429683;1,091974E+0;1,589123E-1;1,032929E+1;1,084151E+0;;
30/11/2021  14:47:38,429783;1,092304E+0;1,292843E-1;1,032929E+1;1,084186E+0;;
30/11/2021  14:47:38,429883;1,093184E+0;1,076209E-1;1,032929E+1;1,084230E+0;;
30/11/2021  14:47:38,429983;1,093500E+0;1,210013E-1;1,032929E+1;1,084285E+0;;
30/11/2021  14:47:38,430083;1,093956E+0;7,958586E-2;1,032929E+1;1,084350E+0;;
30/11/2021  14:47:38,430183;1,093875E+0;1,671954E-1;1,032929E+1;1,084427E+0;;
30/11/2021  14:47:38,430283;1,093634E+0;9,965640E-2;1,032929E+1;1,084515E+0;;
30/11/2021  14:47:38,430383;1,093520E+0;1,210013E-1;1,032929E+1;1,084614E+0;;
30/11/2021  14:47:38,430483;1,094391E+0;1,292843E-1;1,032929E+1;1,084726E+0;;
30/11/2021  14:47:38,430583;1,094438E+0;1,286472E-1;1,032929E+1;1,084849E+0;;
30/11/2021  14:47:38,430683;1,094724E+0;1,824872E-1;1,032929E+1;1,084983E+0;;
30/11/2021  14:47:38,430783;1,094659E+0;1,136739E-1;1,032929E+1;1,085129E+0;;
30/11/2021  14:47:38,430883;1,094054E+0;9,710776E-2;1,032929E+1;1,085286E+0;;
30/11/2021  14:47:38,430983;1,094590E+0;7,385142E-2;1,032929E+1;1,085455E+0;;
30/11/2021  14:47:38,431083;1,094403E+0;1,095324E-1;1,032929E+1;1,085633E+0;;
30/11/2021  14:47:38,431183;1,095318E+0;1,286472E-1;1,032929E+1;1,085822E+0;;
30/11/2021  14:47:38,431283;1,095738E+0;1,136739E-1;1,032929E+1;1,086020E+0;;
30/11/2021  14:47:38,431383;1,095645E+0;1,828058E-1;1,032929E+1;1,086227E+0;;
30/11/2021  14:47:38,431483;1,095505E+0;-4,912046E-2;1,032929E+1;1,086443E+0;;
30/11/2021  14:47:38,431583;1,095389E+0;9,551486E-2;1,032929E+1;1,086668E+0;;
30/11/2021  14:47:38,431683;1,095145E+0;1,213198E-1;1,032929E+1;1,086900E+0;;
30/11/2021  14:47:38,431783;1,095341E+0;2,988738E-2;1,032929E+1;1,087139E+0;;
30/11/2021  14:47:38,431883;1,095481E+0;1,203641E-1;1,032929E+1;1,087385E+0;;
30/11/2021  14:47:38,431983;1,095470E+0;3,402892E-2;1,032929E+1;1,087636E+0;;
30/11/2021  14:47:38,432083;1,095452E+0;9,137332E-2;1,032929E+1;1,087892E+0;;
30/11/2021  14:47:38,432183;1,094295E+0;1,746276E-2;1,032929E+1;1,088153E+0;;
30/11/2021  14:47:38,432283;1,093622E+0;1,778134E-2;1,032929E+1;1,088417E+0;;
30/11/2021  14:47:38,432383;1,093559E+0;1,523270E-2;1,032929E+1;1,088683E+0;;
30/11/2021  14:47:38,432483;1,093285E+0;1,682560E-2;1,032929E+1;1,088951E+0;;
30/11/2021  14:47:38,432583;1,093663E+0;1,650702E-2;1,032929E+1;1,089219E+0;;
30/11/2021  14:47:38,432683;1,092975E+0;1,650702E-2;1,032929E+1;1,089486E+0;;
30/11/2021  14:47:38,432783;1,092474E+0;1,395838E-2;1,032929E+1;1,089752E+0;;
30/11/2021  14:47:38,432883;1,092138E+0;1,555128E-2;1,032929E+1;1,090015E+0;;
30/11/2021  14:47:38,432983;1,091795E+0;1,714418E-2;1,032929E+1;1,090274E+0;;
30/11/2021  14:47:38,433083;1,091479E+0;1,363980E-2;1,032929E+1;1,090528E+0;;
30/11/2021  14:47:38,433183;1,091664E+0;1,013542E-2;1,032929E+1;1,090776E+0;;
30/11/2021  14:47:38,433283;1,091977E+0;8,542518E-3;1,032929E+1;1,091018E+0;;
30/11/2021  14:47:38,433383;1,091798E+0;7,905358E-3;1,032929E+1;1,091252E+0;;
30/11/2021  14:47:38,433483;1,091378E+0;1,427696E-2;1,032929E+1;1,091477E+0;;
30/11/2021  14:47:38,433583;1,091592E+0;1,363980E-2;1,032929E+1;1,091694E+0;;
30/11/2021  14:47:38,433683;1,091291E+0;1,618844E-2;1,032929E+1;1,091901E+0;;
30/11/2021  14:47:38,433783;1,091372E+0;3,126658E-3;1,032929E+1;1,092099E+0;;
30/11/2021  14:47:38,433883;1,092081E+0;1,268406E-2;1,032929E+1;1,092286E+0;;
30/11/2021  14:47:38,433983;1,092021E+0;1,363980E-2;1,032929E+1;1,092462E+0;;
30/11/2021  14:47:38,434083;1,092099E+0;1,363980E-2;1,032929E+1;1,092627E+0;;
30/11/2021  14:47:38,434183;1,091914E+0;1,363980E-2;1,032929E+1;1,092782E+0;;
30/11/2021  14:47:38,434283;1,092063E+0;1,045400E-2;1,032929E+1;1,092926E+0;;
30/11/2021  14:47:38,434383;1,092260E+0;1,236548E-2;1,032929E+1;1,093059E+0;;
30/11/2021  14:47:38,434483;1,092650E+0;3,763818E-3;1,032929E+1;1,093181E+0;;
30/11/2021  14:47:38,434583;1,093741E+0;5,993878E-3;1,032929E+1;1,093292E+0;;
30/11/2021  14:47:38,434683;1,093812E+0;1,109116E-2;1,032929E+1;1,093394E+0;;
30/11/2021  14:47:38,434783;1,094149E+0;1,332122E-2;1,032929E+1;1,093486E+0;;
30/11/2021  14:47:38,434883;1,093982E+0;1,395838E-2;1,032929E+1;1,093568E+0;;
30/11/2021  14:47:38,434983;1,094066E+0;1,523270E-2;1,032929E+1;1,093643E+0;;
30/11/2021  14:47:38,435083;1,094483E+0;9,498258E-3;1,032929E+1;1,093709E+0;;
30/11/2021  14:47:38,435183;1,094862E+0;1,172832E-2;1,032929E+1;1,093768E+0;;
30/11/2021  14:47:38,435283;1,095410E+0;8,223938E-3;1,032929E+1;1,093821E+0;;
30/11/2021  14:47:38,435383;1,095878E+0;1,268406E-2;1,032929E+1;1,093867E+0;;
30/11/2021  14:47:38,435483;1,095633E+0;4,082398E-3;1,032929E+1;1,093909E+0;;
30/11/2021  14:47:38,435583;1,095347E+0;6,312458E-3;1,032929E+1;1,093945E+0;;
30/11/2021  14:47:38,435683;1,095189E+0;1,533758E-3;1,032929E+1;1,093978E+0;;
30/11/2021  14:47:38,435783;1,095267E+0;1,533758E-3;1,032929E+1;1,094008E+0;;
30/11/2021  14:47:38,435883;1,094921E+0;5,780180E-4;1,032929E+1;1,094035E+0;;
30/11/2021  14:47:38,435983;1,095046E+0;4,719558E-3;1,032929E+1;1,094059E+0;;
30/11/2021  14:47:38,436083;1,094954E+0;7,905358E-3;1,032929E+1;1,094081E+0;;
30/11/2021  14:47:38,436183;1,094036E+0;1,852338E-3;1,032929E+1;1,094102E+0;;
30/11/2021  14:47:38,436283;1,093875E+0;9,816838E-3;1,032929E+1;1,094120E+0;;
30/11/2021  14:47:38,436383;1,093857E+0;1,533758E-3;1,032929E+1;1,094137E+0;;
30/11/2021  14:47:38,436483;1,093300E+0;5,780180E-4;1,032929E+1;1,094153E+0;;
30/11/2021  14:47:38,436583;1,093374E+0;1,077258E-2;1,032929E+1;1,094166E+0;;
30/11/2021  14:47:38,436683;1,093336E+0;1,852338E-3;1,032929E+1;1,094178E+0;;
30/11/2021  14:47:38,436783;1,092969E+0;1,395838E-2;1,032929E+1;1,094188E+0;;
30/11/2021  14:47:38,436883;1,092492E+0;1,204690E-2;1,032929E+1;1,094196E+0;;
30/11/2021  14:47:38,436983;1,091971E+0;1,013542E-2;1,032929E+1;1,094202E+0;;
30/11/2021  14:47:38,437083;1,091112E+0;1,852338E-3;1,032929E+1;1,094205E+0;;
30/11/2021  14:47:38,437183;1,091103E+0;2,808078E-3;1,032929E+1;1,094206E+0;;
30/11/2021  14:47:38,437283;1,090537E+0;2,170918E-3;1,032929E+1;1,094203E+0;;
30/11/2021  14:47:38,437383;1,090117E+0;8,542518E-3;1,032929E+1;1,094197E+0;;
30/11/2021  14:47:38,437483;1,089029E+0;1,533758E-3;1,032929E+1;1,094187E+0;;
30/11/2021  14:47:38,437583;1,088269E+0;5,356718E-3;1,032929E+1;1,094173E+0;;
30/11/2021  14:47:38,437683;1,087989E+0;1,236548E-2;1,032929E+1;1,094153E+0;;
30/11/2021  14:47:38,437783;1,087518E+0;3,445238E-3;1,032929E+1;1,094128E+0;;
30/11/2021  14:47:38,437883;1,086988E+0;1,215178E-3;1,032929E+1;1,094096E+0;;
30/11/2021  14:47:38,437983;1,087098E+0;3,445238E-3;1,032929E+1;1,094057E+0;;
30/11/2021  14:47:38,438083;1,085626E+0;1,852338E-3;1,032929E+1;1,094010E+0;;
30/11/2021  14:47:38,438183;1,085396E+0;1,215178E-3;1,032929E+1;1,093955E+0;;
30/11/2021  14:47:38,438283;1,084350E+0;2,489498E-3;1,032929E+1;1,093892E+0;;
30/11/2021  14:47:38,438383;1,083486E+0;1,852338E-3;1,032929E+1;1,093819E+0;;
30/11/2021  14:47:38,438483;1,082961E+0;3,445238E-3;1,032929E+1;1,093737E+0;;
30/11/2021  14:47:38,438583;1,083107E+0;1,533758E-3;1,032929E+1;1,093643E+0;;
30/11/2021  14:47:38,438683;1,083107E+0;7,586778E-3;1,032929E+1;1,093539E+0;;
30/11/2021  14:47:38,438783;1,082845E+0;4,082398E-3;1,032929E+1;1,093422E+0;;
30/11/2021  14:47:38,438883;1,081540E+0;1,215178E-3;1,032929E+1;1,093295E+0;;
30/11/2021  14:47:38,438983;1,080839E+0;7,586778E-3;1,032929E+1;1,093155E+0;;
30/11/2021  14:47:38,439083;1,080070E+0;1,533758E-3;1,032929E+1;1,093002E+0;;
30/11/2021  14:47:38,439183;1,080279E+0;1,852338E-3;1,032929E+1;1,092837E+0;;
30/11/2021  14:47:38,439283;1,080276E+0;5,038138E-3;1,032929E+1;1,092659E+0;;
30/11/2021  14:47:38,439383;1,079883E+0;6,631038E-3;1,032929E+1;1,092468E+0;;
30/11/2021  14:47:38,439483;1,079596E+0;8,542518E-3;1,032929E+1;1,092264E+0;;
30/11/2021  14:47:38,439583;1,079000E+0;1,215178E-3;1,032929E+1;1,092047E+0;;
30/11/2021  14:47:38,439683;1,078494E+0;2,170918E-3;1,032929E+1;1,091818E+0;;
30/11/2021  14:47:38,439783;1,078157E+0;5,038138E-3;1,032929E+1;1,091575E+0;;
30/11/2021  14:47:38,439883;1,078509E+0;1,215178E-3;1,032929E+1;1,091321E+0;;
30/11/2021  14:47:38,439983;1,078819E+0;1,533758E-3;1,032929E+1;1,091054E+0;;
30/11/2021  14:47:38,440083;1,078679E+0;1,215178E-3;1,032929E+1;1,090776E+0;;
30/11/2021  14:47:38,440183;1,078804E+0;2,489498E-3;1,032929E+1;1,090486E+0;;
30/11/2021  14:47:38,440283;1,077829E+0;4,082398E-3;1,032929E+1;1,090186E+0;;
30/11/2021  14:47:38,440383;1,077489E+0;6,312458E-3;1,032929E+1;1,089877E+0;;
30/11/2021  14:47:38,440483;1,077758E+0;1,533758E-3;1,032929E+1;1,089558E+0;;
30/11/2021  14:47:38,440583;1,078211E+0;6,631038E-3;1,032929E+1;1,089231E+0;;
30/11/2021  14:47:38,440683;1,077922E+0;1,215178E-3;1,032929E+1;1,088896E+0;;
30/11/2021  14:47:38,440783;1,077880E+0;1,533758E-3;1,032929E+1;1,088554E+0;;
30/11/2021  14:47:38,440883;1,077719E+0;1,852338E-3;1,032929E+1;1,088206E+0;;
30/11/2021  14:47:38,440983;1,077096E+0;1,215178E-3;1,032929E+1;1,087853E+0;;
30/11/2021  14:47:38,441083;1,076911E+0;1,852338E-3;1,032929E+1;1,087495E+0;;
30/11/2021  14:47:38,441183;1,077308E+0;8,965980E-4;1,032929E+1;1,087134E+0;;
30/11/2021  14:47:38,441283;1,077445E+0;8,965980E-4;1,032929E+1;1,086769E+0;;
30/11/2021  14:47:38,441383;1,077513E+0;1,533758E-3;1,032929E+1;1,086403E+0;;
30/11/2021  14:47:38,441483;1,077421E+0;1,533758E-3;1,032929E+1;1,086034E+0;;
30/11/2021  14:47:38,441583;1,077120E+0;8,965980E-4;1,032929E+1;1,085666E+0;;
30/11/2021  14:47:38,441683;1,076750E+0;1,852338E-3;1,032929E+1;1,085298E+0;;
30/11/2021  14:47:38,441783;1,076998E+0;2,489498E-3;1,032929E+1;1,084930E+0;;
30/11/2021  14:47:38,441883;1,077018E+0;8,965980E-4;1,032929E+1;1,084565E+0;;
30/11/2021  14:47:38,441983;1,077620E+0;1,533758E-3;1,032929E+1;1,084201E+0;;
30/11/2021  14:47:38,442083;1,077060E+0;5,780180E-4;1,032929E+1;1,083841E+0;;
30/11/2021  14:47:38,442183;1,077114E+0;5,780180E-4;1,032929E+1;1,083485E+0;;
30/11/2021  14:47:38,442283;1,076852E+0;1,215178E-3;1,032929E+1;1,083134E+0;;
30/11/2021  14:47:38,442383;1,076875E+0;1,533758E-3;1,032929E+1;1,082787E+0;;
30/11/2021  14:47:38,442483;1,076822E+0;8,965980E-4;1,032929E+1;1,082446E+0;;
30/11/2021  14:47:38,442583;1,077543E+0;1,215178E-3;1,032929E+1;1,082112E+0;;
30/11/2021  14:47:38,442683;1,077045E+0;8,965980E-4;1,032929E+1;1,081784E+0;;
30/11/2021  14:47:38,442783;1,076592E+0;1,215178E-3;1,032929E+1;1,081464E+0;;
30/11/2021  14:47:38,442883;1,076828E+0;1,215178E-3;1,032929E+1;1,081151E+0;;
30/11/2021  14:47:38,442983;1,076500E+0;1,852338E-3;1,032929E+1;1,080846E+0;;
30/11/2021  14:47:38,443083;1,075963E+0;1,852338E-3;1,032929E+1;1,080550E+0;;
30/11/2021  14:47:38,443183;1,076115E+0;2,489498E-3;1,032929E+1;1,080262E+0;;
30/11/2021  14:47:38,443283;1,076926E+0;4,082398E-3;1,032929E+1;1,079982E+0;;
30/11/2021  14:47:38,443383;1,076816E+0;1,523270E-2;1,032929E+1;1,079712E+0;;
30/11/2021  14:47:38,443483;1,077093E+0;1,491412E-2;1,032929E+1;1,079451E+0;;
30/11/2021  14:47:38,443583;1,076503E+0;1,140974E-2;1,032929E+1;1,079199E+0;;
30/11/2021  14:47:38,443683;1,076095E+0;5,993878E-3;1,032929E+1;1,078956E+0;;
30/11/2021  14:47:38,443783;1,076285E+0;1,332122E-2;1,032929E+1;1,078723E+0;;
30/11/2021  14:47:38,443883;1,076613E+0;1,363980E-2;1,032929E+1;1,078500E+0;;
30/11/2021  14:47:38,443983;1,076852E+0;1,523270E-2;1,032929E+1;1,078286E+0;;
30/11/2021  14:47:38,444083;1,077007E+0;7,586778E-3;1,032929E+1;1,078082E+0;;
30/11/2021  14:47:38,444183;1,076810E+0;1,427696E-2;1,032929E+1;1,077888E+0;;
30/11/2021  14:47:38,444283;1,076410E+0;1,332122E-2;1,032929E+1;1,077703E+0;;
30/11/2021  14:47:38,444383;1,076053E+0;1,300264E-2;1,032929E+1;1,077528E+0;;
30/11/2021  14:47:38,444483;1,076154E+0;7,905358E-3;1,032929E+1;1,077363E+0;;
30/11/2021  14:47:38,444583;1,076992E+0;1,109116E-2;1,032929E+1;1,077207E+0;;
30/11/2021  14:47:38,444683;1,077778E+0;1,204690E-2;1,032929E+1;1,077060E+0;;
30/11/2021  14:47:38,444783;1,077430E+0;1,013542E-2;1,032929E+1;1,076922E+0;;
30/11/2021  14:47:38,444883;1,077409E+0;1,172832E-2;1,032929E+1;1,076794E+0;;
30/11/2021  14:47:38,444983;1,076741E+0;4,082398E-3;1,032929E+1;1,076675E+0;;
30/11/2021  14:47:38,445083;1,077525E+0;1,523270E-2;1,032929E+1;1,076565E+0;;
30/11/2021  14:47:38,445183;1,077892E+0;1,363980E-2;1,032929E+1;1,076465E+0;;
30/11/2021  14:47:38,445283;1,078547E+0;9,498258E-3;1,032929E+1;1,076373E+0;;
30/11/2021  14:47:38,445383;1,078136E+0;1,077258E-2;1,032929E+1;1,076290E+0;;
30/11/2021  14:47:38,445483;1,078828E+0;9,498258E-3;1,032929E+1;1,076217E+0;;
30/11/2021  14:47:38,445583;1,078491E+0;1,491412E-2;1,032929E+1;1,076152E+0;;
30/11/2021  14:47:38,445683;1,079006E+0;1,555128E-2;1,032929E+1;1,076097E+0;;
30/11/2021  14:47:38,445783;1,079027E+0;1,077258E-2;1,032929E+1;1,076050E+0;;
30/11/2021  14:47:38,445883;1,079361E+0;5,356718E-3;1,032929E+1;1,076013E+0;;
30/11/2021  14:47:38,445983;1,080055E+0;1,523270E-2;1,032929E+1;1,075984E+0;;
30/11/2021  14:47:38,446083;1,080532E+0;1,172832E-2;1,032929E+1;1,075964E+0;;
30/11/2021  14:47:38,446183;1,080333E+0;1,555128E-2;1,032929E+1;1,075954E+0;;
30/11/2021  14:47:38,446283;1,080100E+0;1,300264E-2;1,032929E+1;1,075952E+0;;
30/11/2021  14:47:38,446383;1,079972E+0;1,523270E-2;1,032929E+1;1,075960E+0;;
30/11/2021  14:47:38,446483;1,080282E+0;1,523270E-2;1,032929E+1;1,075976E+0;;
30/11/2021  14:47:38,446583;1,080640E+0;1,077258E-2;1,032929E+1;1,076001E+0;;
30/11/2021  14:47:38,446683;1,080631E+0;1,363980E-2;1,032929E+1;1,076034E+0;;
30/11/2021  14:47:38,446783;1,080926E+0;7,268198E-3;1,032929E+1;1,076076E+0;;
30/11/2021  14:47:38,446883;1,081006E+0;1,618844E-2;1,032929E+1;1,076126E+0;;
30/11/2021  14:47:38,446983;1,080908E+0;1,714418E-2;1,032929E+1;1,076184E+0;;
30/11/2021  14:47:38,447083;1,080714E+0;1,459554E-2;1,032929E+1;1,076249E+0;;
30/11/2021  14:47:38,447183;1,081060E+0;1,523270E-2;1,032929E+1;1,076322E+0;;
30/11/2021  14:47:38,447283;1,081388E+0;1,427696E-2;1,032929E+1;1,076402E+0;;
30/11/2021  14:47:38,447383;1,082127E+0;1,555128E-2;1,032929E+1;1,076489E+0;;
30/11/2021  14:47:38,447483;1,082121E+0;1,618844E-2;1,032929E+1;1,076582E+0;;
30/11/2021  14:47:38,447583;1,082434E+0;1,523270E-2;1,032929E+1;1,076681E+0;;
30/11/2021  14:47:38,447683;1,082210E+0;1,459554E-2;1,032929E+1;1,076787E+0;;
30/11/2021  14:47:38,447783;1,082031E+0;1,555128E-2;1,032929E+1;1,076899E+0;;
30/11/2021  14:47:38,447883;1,082407E+0;1,714418E-2;1,032929E+1;1,077016E+0;;
30/11/2021  14:47:38,447983;1,083679E+0;6,875414E-2;1,032929E+1;1,077139E+0;;
30/11/2021  14:47:38,448083;1,083316E+0;1,073023E-1;1,032929E+1;1,077267E+0;;
30/11/2021  14:47:38,448183;1,083942E+0;6,493118E-2;1,032929E+1;1,077400E+0;;
30/11/2021  14:47:38,448283;1,083703E+0;1,203641E-1;1,032929E+1;1,077538E+0;;
30/11/2021  14:47:38,448383;1,083110E+0;1,095324E-1;1,032929E+1;1,077681E+0;;
30/11/2021  14:47:38,448483;1,083173E+0;1,311958E-1;1,032929E+1;1,077829E+0;;
30/11/2021  14:47:38,448583;1,083375E+0;1,254614E-1;1,032929E+1;1,077980E+0;;
30/11/2021  14:47:38,448683;1,083927E+0;1,203641E-1;1,032929E+1;1,078136E+0;;
30/11/2021  14:47:38,448783;1,083867E+0;1,184526E-1;1,032929E+1;1,078295E+0;;
30/11/2021  14:47:38,448883;1,083513E+0;9,806350E-2;1,032929E+1;1,078457E+0;;
30/11/2021  14:47:38,448983;1,083334E+0;1,229127E-1;1,032929E+1;1,078622E+0;;
30/11/2021  14:47:38,449083;1,082767E+0;1,101695E-1;1,032929E+1;1,078790E+0;;
30/11/2021  14:47:38,449183;1,082836E+0;-4,519262E-3;1,032929E+1;1,078960E+0;;
30/11/2021  14:47:38,449283;1,083328E+0;1,213198E-1;1,032929E+1;1,079131E+0;;
30/11/2021  14:47:38,449383;1,083131E+0;1,082581E-1;1,032929E+1;1,079303E+0;;
30/11/2021  14:47:38,449483;1,083328E+0;1,445762E-1;1,032929E+1;1,079475E+0;;
30/11/2021  14:47:38,449583;1,082940E+0;1,254614E-1;1,032929E+1;1,079647E+0;;
30/11/2021  14:47:38,449683;1,082669E+0;1,222756E-1;1,032929E+1;1,079819E+0;;
30/11/2021  14:47:38,449783;1,082180E+0;1,238685E-1;1,032929E+1;1,079990E+0;;
30/11/2021  14:47:38,449883;1,082860E+0;1,273729E-1;1,032929E+1;1,080159E+0;;
30/11/2021  14:47:38,449983;1,082770E+0;1,200455E-1;1,032929E+1;1,080327E+0;;
30/11/2021  14:47:38,450083;1,083718E+0;1,178155E-1;1,032929E+1;1,080492E+0;;
30/11/2021  14:47:38,450183;1,083715E+0;1,108067E-1;1,032929E+1;1,080654E+0;;
30/11/2021  14:47:38,450283;1,083226E+0;1,092138E-1;1,032929E+1;1,080813E+0;;
30/11/2021  14:47:38,450383;1,082407E+0;1,210013E-1;1,032929E+1;1,080970E+0;;
30/11/2021  14:47:38,450483;1,082717E+0;1,050723E-1;1,032929E+1;1,081123E+0;;
30/11/2021  14:47:38,450583;1,082666E+0;1,452133E-1;1,032929E+1;1,081272E+0;;
30/11/2021  14:47:38,450683;1,083033E+0;1,296029E-1;1,032929E+1;1,081417E+0;;
30/11/2021  14:47:38,450783;1,083462E+0;8,532030E-2;1,032929E+1;1,081557E+0;;
30/11/2021  14:47:38,450883;1,083408E+0;7,640006E-2;1,032929E+1;1,081694E+0;;
30/11/2021  14:47:38,450983;1,082985E+0;1,194084E-1;1,032929E+1;1,081825E+0;;
30/11/2021  14:47:38,451083;1,082613E+0;1,155854E-1;1,032929E+1;1,081953E+0;;
30/11/2021  14:47:38,451183;1,082782E+0;1,257800E-1;1,032929E+1;1,082075E+0;;
30/11/2021  14:47:38,451283;1,083089E+0;1,009307E-1;1,032929E+1;1,082192E+0;;
30/11/2021  14:47:38,451383;1,083986E+0;1,522221E-1;1,032929E+1;1,082304E+0;;
30/11/2021  14:47:38,451483;1,083963E+0;3,562182E-2;1,032929E+1;1,082412E+0;;
30/11/2021  14:47:38,451583;1,084141E+0;7,448858E-2;1,032929E+1;1,082514E+0;;
30/11/2021  14:47:38,451683;1,083745E+0;1,305587E-1;1,032929E+1;1,082612E+0;;
30/11/2021  14:47:38,451783;1,083203E+0;1,238685E-1;1,032929E+1;1,082705E+0;;
30/11/2021  14:47:38,451883;1,083700E+0;1,181340E-1;1,032929E+1;1,082793E+0;;
30/11/2021  14:47:38,451983;1,083703E+0;1,334259E-1;1,032929E+1;1,082878E+0;;
30/11/2021  14:47:38,452083;1,084410E+0;1,555128E-2;1,032929E+1;1,082958E+0;;
30/11/2021  14:47:38,452183;1,084678E+0;1,586986E-2;1,032929E+1;1,083033E+0;;
30/11/2021  14:47:38,452283;1,084541E+0;1,586986E-2;1,032929E+1;1,083105E+0;;
30/11/2021  14:47:38,452383;1,084320E+0;1,714418E-2;1,032929E+1;1,083174E+0;;
30/11/2021  14:47:38,452483;1,083575E+0;1,841850E-2;1,032929E+1;1,083238E+0;;
30/11/2021  14:47:38,452583;1,083629E+0;1,650702E-2;1,032929E+1;1,083300E+0;;
30/11/2021  14:47:38,452683;1,084025E+0;1,077258E-2;1,032929E+1;1,083358E+0;;
30/11/2021  14:47:38,452783;1,084639E+0;1,236548E-2;1,032929E+1;1,083414E+0;;
30/11/2021  14:47:38,452883;1,084273E+0;1,682560E-2;1,032929E+1;1,083466E+0;;
30/11/2021  14:47:38,452983;1,083575E+0;1,841850E-2;1,032929E+1;1,083515E+0;;
30/11/2021  14:47:38,453083;1,082791E+0;1,586986E-2;1,032929E+1;1,083562E+0;;
30/11/2021  14:47:38,453183;1,082890E+0;2,032998E-2;1,032929E+1;1,083605E+0;;
30/11/2021  14:47:38,453283;1,082565E+0;8,542518E-3;1,032929E+1;1,083646E+0;;
30/11/2021  14:47:38,453383;1,082785E+0;1,300264E-2;1,032929E+1;1,083684E+0;;
30/11/2021  14:47:38,453483;1,082592E+0;7,268198E-3;1,032929E+1;1,083718E+0;;
30/11/2021  14:47:38,453583;1,082601E+0;1,586986E-2;1,032929E+1;1,083749E+0;;
30/11/2021  14:47:38,453683;1,082079E+0;5,675298E-3;1,032929E+1;1,083776E+0;;
30/11/2021  14:47:38,453783;1,081656E+0;5,038138E-3;1,032929E+1;1,083800E+0;;
30/11/2021  14:47:38,453883;1,081104E+0;9,498258E-3;1,032929E+1;1,083819E+0;;
30/11/2021  14:47:38,453983;1,081581E+0;1,045400E-2;1,032929E+1;1,083835E+0;;
30/11/2021  14:47:38,454083;1,081391E+0;1,013542E-2;1,032929E+1;1,083847E+0;;
30/11/2021  14:47:38,454183;1,081820E+0;1,204690E-2;1,032929E+1;1,083854E+0;;
30/11/2021  14:47:38,454283;1,081104E+0;6,631038E-3;1,032929E+1;1,083857E+0;;
30/11/2021  14:47:38,454383;1,080890E+0;2,192288E-2;1,032929E+1;1,083855E+0;;
30/11/2021  14:47:38,454483;1,080422E+0;1,204690E-2;1,032929E+1;1,083848E+0;;
30/11/2021  14:47:38,454583;1,080032E+0;9,498258E-3;1,032929E+1;1,083837E+0;;
30/11/2021  14:47:38,454683;1,080255E+0;1,140974E-2;1,032929E+1;1,083820E+0;;
30/11/2021  14:47:38,454783;1,081078E+0;1,077258E-2;1,032929E+1;1,083799E+0;;
30/11/2021  14:47:38,454883;1,080646E+0;1,268406E-2;1,032929E+1;1,083773E+0;;
30/11/2021  14:47:38,454983;1,080681E+0;8,223938E-3;1,032929E+1;1,083741E+0;;
30/11/2021  14:47:38,455083;1,080288E+0;5,038138E-3;1,032929E+1;1,083705E+0;;
30/11/2021  14:47:38,455183;1,079984E+0;4,082398E-3;1,032929E+1;1,083664E+0;;
30/11/2021  14:47:38,455283;1,079912E+0;2,489498E-3;1,032929E+1;1,083618E+0;;
30/11/2021  14:47:38,455383;1,080514E+0;6,949618E-3;1,032929E+1;1,083567E+0;;
30/11/2021  14:47:38,455483;1,081325E+0;1,300264E-2;1,032929E+1;1,083512E+0;;
30/11/2021  14:47:38,455583;1,080792E+0;8,223938E-3;1,032929E+1;1,083453E+0;;
30/11/2021  14:47:38,455683;1,080508E+0;1,215178E-3;1,032929E+1;1,083389E+0;;
30/11/2021  14:47:38,455783;1,080100E+0;6,631038E-3;1,032929E+1;1,083323E+0;;
30/11/2021  14:47:38,455883;1,080184E+0;1,852338E-3;1,032929E+1;1,083252E+0;;
30/11/2021  14:47:38,455983;1,080577E+0;1,533758E-3;1,032929E+1;1,083179E+0;;
30/11/2021  14:47:38,456083;1,081635E+0;4,719558E-3;1,032929E+1;1,083103E+0;;
30/11/2021  14:47:38,456183;1,081560E+0;2,170918E-3;1,032929E+1;1,083024E+0;;
30/11/2021  14:47:38,456283;1,082097E+0;8,223938E-3;1,032929E+1;1,082943E+0;;
30/11/2021  14:47:38,456383;1,082195E+0;6,312458E-3;1,032929E+1;1,082861E+0;;
30/11/2021  14:47:38,456483;1,082797E+0;5,356718E-3;1,032929E+1;1,082779E+0;;
30/11/2021  14:47:38,456583;1,082875E+0;1,533758E-3;1,032929E+1;1,082696E+0;;
30/11/2021  14:47:38,456683;1,083852E+0;1,533758E-3;1,032929E+1;1,082613E+0;;
30/11/2021  14:47:38,456783;1,084731E+0;2,808078E-3;1,032929E+1;1,082532E+0;;
30/11/2021  14:47:38,456883;1,085718E+0;6,631038E-3;1,032929E+1;1,082453E+0;;
30/11/2021  14:47:38,456983;1,085787E+0;2,808078E-3;1,032929E+1;1,082377E+0;;
30/11/2021  14:47:38,457083;1,086237E+0;2,808078E-3;1,032929E+1;1,082305E+0;;
30/11/2021  14:47:38,457183;1,086138E+0;2,808078E-3;1,032929E+1;1,082238E+0;;
30/11/2021  14:47:38,457283;1,086418E+0;1,533758E-3;1,032929E+1;1,082177E+0;;
30/11/2021  14:47:38,457383;1,088004E+0;3,445238E-3;1,032929E+1;1,082122E+0;;
30/11/2021  14:47:38,457483;1,088862E+0;5,675298E-3;1,032929E+1;1,082075E+0;;
30/11/2021  14:47:38,457583;1,089566E+0;6,631038E-3;1,032929E+1;1,082035E+0;;
30/11/2021  14:47:38,457683;1,089011E+0;5,356718E-3;1,032929E+1;1,082006E+0;;
30/11/2021  14:47:38,457783;1,089190E+0;1,236548E-2;1,032929E+1;1,081986E+0;;
30/11/2021  14:47:38,457883;1,089482E+0;1,533758E-3;1,032929E+1;1,081977E+0;;
30/11/2021  14:47:38,457983;1,090817E+0;1,215178E-3;1,032929E+1;1,081979E+0;;
30/11/2021  14:47:38,458083;1,091834E+0;1,215178E-3;1,032929E+1;1,081993E+0;;
30/11/2021  14:47:38,458183;1,092623E+0;1,852338E-3;1,032929E+1;1,082019E+0;;
30/11/2021  14:47:38,458283;1,093202E+0;1,533758E-3;1,032929E+1;1,082059E+0;;
30/11/2021  14:47:38,458383;1,093041E+0;8,965980E-4;1,032929E+1;1,082112E+0;;
30/11/2021  14:47:38,458483;1,093261E+0;2,170918E-3;1,032929E+1;1,082180E+0;;
30/11/2021  14:47:38,458583;1,094105E+0;1,852338E-3;1,032929E+1;1,082263E+0;;
30/11/2021  14:47:38,458683;1,094367E+0;1,852338E-3;1,032929E+1;1,082360E+0;;
30/11/2021  14:47:38,458783;1,095514E+0;5,675298E-3;1,032929E+1;1,082473E+0;;
30/11/2021  14:47:38,458883;1,096614E+0;1,852338E-3;1,032929E+1;1,082602E+0;;
30/11/2021  14:47:38,458983;1,096417E+0;6,631038E-3;1,032929E+1;1,082747E+0;;
30/11/2021  14:47:38,459083;1,096685E+0;1,852338E-3;1,032929E+1;1,082908E+0;;
30/11/2021  14:47:38,459183;1,096879E+0;1,852338E-3;1,032929E+1;1,083085E+0;;
30/11/2021  14:47:38,459283;1,097133E+0;1,533758E-3;1,032929E+1;1,083278E+0;;
30/11/2021  14:47:38,459383;1,097949E+0;1,852338E-3;1,032929E+1;1,083488E+0;;
30/11/2021  14:47:38,459483;1,098825E+0;1,215178E-3;1,032929E+1;1,083714E+0;;
30/11/2021  14:47:38,459583;1,099579E+0;1,533758E-3;1,032929E+1;1,083955E+0;;
30/11/2021  14:47:38,459683;1,099228E+0;2,170918E-3;1,032929E+1;1,084213E+0;;
30/11/2021  14:47:38,459783;1,099237E+0;1,852338E-3;1,032929E+1;1,084485E+0;;
30/11/2021  14:47:38,459883;1,098298E+0;1,852338E-3;1,032929E+1;1,084774E+0;;
30/11/2021  14:47:38,459983;1,099147E+0;1,533758E-3;1,032929E+1;1,085076E+0;;
30/11/2021  14:47:38,460083;1,099111E+0;1,852338E-3;1,032929E+1;1,085393E+0;;
30/11/2021  14:47:38,460183;1,100143E+0;5,993878E-3;1,032929E+1;1,085722E+0;;
30/11/2021  14:47:38,460283;1,099564E+0;5,675298E-3;1,032929E+1;1,086064E+0;;
30/11/2021  14:47:38,460383;1,099687E+0;8,965980E-4;1,032929E+1;1,086417E+0;;
30/11/2021  14:47:38,460483;1,099082E+0;1,215178E-3;1,032929E+1;1,086782E+0;;
30/11/2021  14:47:38,460583;1,097338E+0;1,533758E-3;1,032929E+1;1,087156E+0;;
30/11/2021  14:47:38,460683;1,097788E+0;1,533758E-3;1,032929E+1;1,087538E+0;;
30/11/2021  14:47:38,460783;1,098566E+0;1,215178E-3;1,032929E+1;1,087927E+0;;
30/11/2021  14:47:38,460883;1,098170E+0;8,965980E-4;1,032929E+1;1,088322E+0;;
30/11/2021  14:47:38,460983;1,097210E+0;8,965980E-4;1,032929E+1;1,088722E+0;;
30/11/2021  14:47:38,461083;1,096468E+0;8,965980E-4;1,032929E+1;1,089124E+0;;
30/11/2021  14:47:38,461183;1,095130E+0;1,533758E-3;1,032929E+1;1,089529E+0;;
30/11/2021  14:47:38,461283;1,094394E+0;2,808078E-3;1,032929E+1;1,089933E+0;;
30/11/2021  14:47:38,461383;1,094233E+0;5,780180E-4;1,032929E+1;1,090335E+0;;
30/11/2021  14:47:38,461483;1,093789E+0;1,533758E-3;1,032929E+1;1,090734E+0;;
30/11/2021  14:47:38,461583;1,093491E+0;1,533758E-3;1,032929E+1;1,091127E+0;;
30/11/2021  14:47:38,461683;1,093398E+0;1,533758E-3;1,032929E+1;1,091513E+0;;
30/11/2021  14:47:38,461783;1,091792E+0;1,533758E-3;1,032929E+1;1,091891E+0;;
30/11/2021  14:47:38,461883;1,091351E+0;8,965980E-4;1,032929E+1;1,092258E+0;;
30/11/2021  14:47:38,461983;1,089896E+0;8,965980E-4;1,032929E+1;1,092614E+0;;
30/11/2021  14:47:38,462083;1,089867E+0;8,965980E-4;1,032929E+1;1,092956E+0;;
30/11/2021  14:47:38,462183;1,089381E+0;1,533758E-3;1,032929E+1;1,093283E+0;;
30/11/2021  14:47:38,462283;1,088877E+0;1,215178E-3;1,032929E+1;1,093593E+0;;
30/11/2021  14:47:38,462383;1,087599E+0;5,780180E-4;1,032929E+1;1,093886E+0;;
30/11/2021  14:47:38,462483;1,086552E+0;1,215178E-3;1,032929E+1;1,094159E+0;;
30/11/2021  14:47:38,462583;1,086132E+0;1,533758E-3;1,032929E+1;1,094412E+0;;
30/11/2021  14:47:38,462683;1,085253E+0;1,533758E-3;1,032929E+1;1,094642E+0;;
30/11/2021  14:47:38,462783;1,085277E+0;1,533758E-3;1,032929E+1;1,094850E+0;;
30/11/2021  14:47:38,462883;1,084493E+0;1,215178E-3;1,032929E+1;1,095034E+0;;
30/11/2021  14:47:38,462983;1,083936E+0;5,993878E-3;1,032929E+1;1,095192E+0;;
30/11/2021  14:47:38,463083;1,083414E+0;6,631038E-3;1,032929E+1;1,095325E+0;;
30/11/2021  14:47:38,463183;1,082055E+0;1,459554E-2;1,032929E+1;1,095432E+0;;
30/11/2021  14:47:38,463283;1,081686E+0;5,993878E-3;1,032929E+1;1,095511E+0;;
30/11/2021  14:47:38,463383;1,081242E+0;3,126658E-3;1,032929E+1;1,095563E+0;;
30/11/2021  14:47:38,463483;1,081814E+0;1,491412E-2;1,032929E+1;1,095587E+0;;
30/11/2021  14:47:38,463583;1,081188E+0;9,498258E-3;1,032929E+1;1,095583E+0;;
30/11/2021  14:47:38,463683;1,081358E+0;1,618844E-2;1,032929E+1;1,095550E+0;;
30/11/2021  14:47:38,463783;1,081382E+0;1,618844E-2;1,032929E+1;1,095490E+0;;
30/11/2021  14:47:38,463883;1,080344E+0;1,332122E-2;1,032929E+1;1,095403E+0;;
30/11/2021  14:47:38,463983;1,080112E+0;1,140974E-2;1,032929E+1;1,095289E+0;;
30/11/2021  14:47:38,464083;1,081036E+0;1,459554E-2;1,032929E+1;1,095148E+0;;
30/11/2021  14:47:38,464183;1,080878E+0;1,459554E-2;1,032929E+1;1,094981E+0;;
30/11/2021  14:47:38,464283;1,081626E+0;1,491412E-2;1,032929E+1;1,094790E+0;;
30/11/2021  14:47:38,464383;1,081420E+0;5,675298E-3;1,032929E+1;1,094576E+0;;
30/11/2021  14:47:38,464483;1,081265E+0;1,586986E-2;1,032929E+1;1,094339E+0;;
30/11/2021  14:47:38,464583;1,081552E+0;8,861098E-3;1,032929E+1;1,094081E+0;;
30/11/2021  14:47:38,464683;1,081212E+0;1,236548E-2;1,032929E+1;1,093804E+0;;
30/11/2021  14:47:38,464783;1,081963E+0;1,491412E-2;1,032929E+1;1,093509E+0;;
30/11/2021  14:47:38,464883;1,082055E+0;1,268406E-2;1,032929E+1;1,093197E+0;;
30/11/2021  14:47:38,464983;1,081391E+0;8,542518E-3;1,032929E+1;1,092870E+0;;
30/11/2021  14:47:38,465083;1,081236E+0;1,236548E-2;1,032929E+1;1,092530E+0;;
30/11/2021  14:47:38,465183;1,081385E+0;1,204690E-2;1,032929E+1;1,092178E+0;;
30/11/2021  14:47:38,465283;1,080923E+0;1,841850E-2;1,032929E+1;1,091815E+0;;
30/11/2021  14:47:38,465383;1,081131E+0;7,905358E-3;1,032929E+1;1,091443E+0;;
30/11/2021  14:47:38,465483;1,081706E+0;1,109116E-2;1,032929E+1;1,091064E+0;;
30/11/2021  14:47:38,465583;1,081110E+0;1,395838E-2;1,032929E+1;1,090678E+0;;
30/11/2021  14:47:38,465683;1,081450E+0;1,395838E-2;1,032929E+1;1,090288E+0;;
30/11/2021  14:47:38,465783;1,080911E+0;1,809992E-2;1,032929E+1;1,089893E+0;;
30/11/2021  14:47:38,465883;1,080595E+0;1,905566E-2;1,032929E+1;1,089497E+0;;
30/11/2021  14:47:38,465983;1,080437E+0;1,586986E-2;1,032929E+1;1,089099E+0;;
30/11/2021  14:47:38,466083;1,080964E+0;1,140974E-2;1,032929E+1;1,088701E+0;;
30/11/2021  14:47:38,466183;1,080833E+0;1,459554E-2;1,032929E+1;1,088304E+0;;
30/11/2021  14:47:38,466283;1,080574E+0;9,816838E-3;1,032929E+1;1,087910E+0;;
30/11/2021  14:47:38,466383;1,080347E+0;4,719558E-3;1,032929E+1;1,087518E+0;;
30/11/2021  14:47:38,466483;1,079886E+0;1,618844E-2;1,032929E+1;1,087130E+0;;
30/11/2021  14:47:38,466583;1,078586E+0;1,172832E-2;1,032929E+1;1,086746E+0;;
30/11/2021  14:47:38,466683;1,078950E+0;1,491412E-2;1,032929E+1;1,086367E+0;;
30/11/2021  14:47:38,466783;1,078872E+0;1,459554E-2;1,032929E+1;1,085994E+0;;
30/11/2021  14:47:38,466883;1,078175E+0;1,523270E-2;1,032929E+1;1,085627E+0;;
30/11/2021  14:47:38,466983;1,077856E+0;1,618844E-2;1,032929E+1;1,085266E+0;;
30/11/2021  14:47:38,467083;1,076941E+0;1,491412E-2;1,032929E+1;1,084912E+0;;
30/11/2021  14:47:38,467183;1,075734E+0;1,268406E-2;1,032929E+1;1,084564E+0;;
30/11/2021  14:47:38,467283;1,074992E+0;1,586986E-2;1,032929E+1;1,084222E+0;;
30/11/2021  14:47:38,467383;1,074488E+0;6,631038E-3;1,032929E+1;1,083886E+0;;
30/11/2021  14:47:38,467483;1,074122E+0;8,861098E-3;1,032929E+1;1,083556E+0;;
30/11/2021  14:47:38,467583;1,073058E+0;1,523270E-2;1,032929E+1;1,083232E+0;;
30/11/2021  14:47:38,467683;1,072640E+0;1,204690E-2;1,032929E+1;1,082912E+0;;
30/11/2021  14:47:38,467783;1,071666E+0;7,586778E-3;1,032929E+1;1,082596E+0;;
30/11/2021  14:47:38,467883;1,070548E+0;1,109116E-2;1,032929E+1;1,082283E+0;;
30/11/2021  14:47:38,467983;1,069940E+0;1,238685E-1;1,032929E+1;1,081974E+0;;
30/11/2021  14:47:38,468083;1,069669E+0;1,340630E-1;1,032929E+1;1,081666E+0;;
30/11/2021  14:47:38,468183;1,069523E+0;1,133553E-1;1,032929E+1;1,081360E+0;;
30/11/2021  14:47:38,468283;1,069121E+0;1,232313E-1;1,032929E+1;1,081054E+0;;
30/11/2021  14:47:38,468383;1,068233E+0;1,178155E-1;1,032929E+1;1,080748E+0;;
30/11/2021  14:47:38,468483;1,068054E+0;6,875414E-2;1,032929E+1;1,080442E+0;;
30/11/2021  14:47:38,468583;1,067574E+0;8,213450E-2;1,032929E+1;1,080135E+0;;
30/11/2021  14:47:38,468683;1,066897E+0;1,267357E-1;1,032929E+1;1,079826E+0;;
30/11/2021  14:47:38,468783;1,066686E+0;1,245056E-1;1,032929E+1;1,079515E+0;;
30/11/2021  14:47:38,468883;1,066888E+0;1,037979E-1;1,032929E+1;1,079201E+0;;
30/11/2021  14:47:38,468983;1,067282E+0;-4,274886E-2;1,032929E+1;1,078885E+0;;
30/11/2021  14:47:38,469083;1,067106E+0;1,165411E-1;1,032929E+1;1,078565E+0;;
30/11/2021  14:47:38,469183;1,066659E+0;1,060280E-1;1,032929E+1;1,078243E+0;;
30/11/2021  14:47:38,469283;1,066245E+0;6,747982E-2;1,032929E+1;1,077918E+0;;
30/11/2021  14:47:38,469383;1,065869E+0;1,219570E-1;1,032929E+1;1,077590E+0;;
30/11/2021  14:47:38,469483;1,066376E+0;1,206827E-1;1,032929E+1;1,077259E+0;;
30/11/2021  14:47:38,469583;1,066832E+0;1,203641E-1;1,032929E+1;1,076926E+0;;
30/11/2021  14:47:38,469683;1,067067E+0;1,111253E-1;1,032929E+1;1,076590E+0;;
30/11/2021  14:47:38,469783;1,067103E+0;1,095324E-1;1,032929E+1;1,076252E+0;;
30/11/2021  14:47:38,469883;1,067008E+0;1,203641E-1;1,032929E+1;1,075914E+0;;
30/11/2021  14:47:38,469983;1,066894E+0;7,608148E-2;1,032929E+1;1,075574E+0;;
30/11/2021  14:47:38,470083;1,067261E+0;1,315144E-1;1,032929E+1;1,075234E+0;;
30/11/2021  14:47:38,470183;1,068253E+0;1,206827E-1;1,032929E+1;1,074895E+0;;
30/11/2021  14:47:38,470283;1,068477E+0;1,509478E-1;1,032929E+1;1,074557E+0;;
30/11/2021  14:47:38,470383;1,068101E+0;1,178155E-1;1,032929E+1;1,074221E+0;;
30/11/2021  14:47:38,470483;1,068972E+0;1,117624E-1;1,032929E+1;1,073888E+0;;
30/11/2021  14:47:38,470583;1,068712E+0;1,350188E-1;1,032929E+1;1,073559E+0;;
30/11/2021  14:47:38,470683;1,068906E+0;1,206827E-1;1,032929E+1;1,073234E+0;;
30/11/2021  14:47:38,470783;1,069878E+0;1,315144E-1;1,032929E+1;1,072915E+0;;
30/11/2021  14:47:38,470883;1,069761E+0;7,193994E-2;1,032929E+1;1,072602E+0;;
30/11/2021  14:47:38,470983;1,069994E+0;4,071910E-2;1,032929E+1;1,072297E+0;;
30/11/2021  14:47:38,471083;1,070152E+0;2,111594E-1;1,032929E+1;1,071999E+0;;
30/11/2021  14:47:38,471183;1,069884E+0;1,127182E-1;1,032929E+1;1,071710E+0;;
30/11/2021  14:47:38,471283;1,070304E+0;1,280100E-1;1,032929E+1;1,071430E+0;;
30/11/2021  14:47:38,471383;1,070498E+0;9,933782E-2;1,032929E+1;1,071161E+0;;
30/11/2021  14:47:38,471483;1,070933E+0;1,162226E-1;1,032929E+1;1,070902E+0;;
30/11/2021  14:47:38,471583;1,071776E+0;5,855958E-2;1,032929E+1;1,070654E+0;;
30/11/2021  14:47:38,471683;1,071827E+0;5,537378E-2;1,032929E+1;1,070419E+0;;
30/11/2021  14:47:38,471783;1,071934E+0;6,875414E-2;1,032929E+1;1,070195E+0;;
30/11/2021  14:47:38,471883;1,071949E+0;6,939130E-2;1,032929E+1;1,069985E+0;;
30/11/2021  14:47:38,471983;1,072259E+0;8,850610E-2;1,032929E+1;1,069789E+0;;
30/11/2021  14:47:38,472083;1,072742E+0;8,468314E-2;1,032929E+1;1,069606E+0;;
30/11/2021  14:47:38,472183;1,073427E+0;4,326774E-2;1,032929E+1;1,069438E+0;;
30/11/2021  14:47:38,472283;1,073710E+0;3,402892E-2;1,032929E+1;1,069284E+0;;
30/11/2021  14:47:38,472383;1,073687E+0;1,746276E-2;1,032929E+1;1,069146E+0;;
30/11/2021  14:47:38,472483;1,073645E+0;1,682560E-2;1,032929E+1;1,069022E+0;;
30/11/2021  14:47:38,472583;1,074441E+0;1,714418E-2;1,032929E+1;1,068915E+0;;
30/11/2021  14:47:38,472683;1,074372E+0;1,618844E-2;1,032929E+1;1,068823E+0;;
30/11/2021  14:47:38,472783;1,075165E+0;1,459554E-2;1,032929E+1;1,068746E+0;;
30/11/2021  14:47:38,472883;1,075624E+0;1,746276E-2;1,032929E+1;1,068686E+0;;
30/11/2021  14:47:38,472983;1,075481E+0;1,332122E-2;1,032929E+1;1,068641E+0;;
30/11/2021  14:47:38,473083;1,075659E+0;1,523270E-2;1,032929E+1;1,068613E+0;;
30/11/2021  14:47:38,473183;1,075540E+0;1,555128E-2;1,032929E+1;1,068601E+0;;
30/11/2021  14:47:38,473283;1,075099E+0;1,586986E-2;1,032929E+1;1,068604E+0;;
30/11/2021  14:47:38,473383;1,076080E+0;1,363980E-2;1,032929E+1;1,068623E+0;;
30/11/2021  14:47:38,473483;1,076920E+0;1,427696E-2;1,032929E+1;1,068657E+0;;
30/11/2021  14:47:38,473583;1,076601E+0;8,223938E-3;1,032929E+1;1,068706E+0;;
30/11/2021  14:47:38,473683;1,077361E+0;5,356718E-3;1,032929E+1;1,068770E+0;;
30/11/2021  14:47:38,473783;1,077641E+0;5,356718E-3;1,032929E+1;1,068848E+0;;
30/11/2021  14:47:38,473883;1,077436E+0;1,077258E-2;1,032929E+1;1,068941E+0;;
30/11/2021  14:47:38,473983;1,077656E+0;1,363980E-2;1,032929E+1;1,069047E+0;;
30/11/2021  14:47:38,474083;1,078619E+0;5,038138E-3;1,032929E+1;1,069166E+0;;
30/11/2021  14:47:38,474183;1,079248E+0;1,077258E-2;1,032929E+1;1,069299E+0;;
30/11/2021  14:47:38,474283;1,079897E+0;1,363980E-2;1,032929E+1;1,069444E+0;;
30/11/2021  14:47:38,474383;1,080216E+0;1,459554E-2;1,032929E+1;1,069602E+0;;
30/11/2021  14:47:38,474483;1,080198E+0;1,204690E-2;1,032929E+1;1,069773E+0;;
30/11/2021  14:47:38,474583;1,080273E+0;1,268406E-2;1,032929E+1;1,069955E+0;;
30/11/2021  14:47:38,474683;1,080532E+0;5,356718E-3;1,032929E+1;1,070149E+0;;
30/11/2021  14:47:38,474783;1,081295E+0;4,400978E-3;1,032929E+1;1,070355E+0;;
30/11/2021  14:47:38,474883;1,082481E+0;1,172832E-2;1,032929E+1;1,070571E+0;;
30/11/2021  14:47:38,474983;1,082380E+0;3,763818E-3;1,032929E+1;1,070798E+0;;
30/11/2021  14:47:38,475083;1,082726E+0;5,356718E-3;1,032929E+1;1,071036E+0;;
30/11/2021  14:47:38,475183;1,083790E+0;1,077258E-2;1,032929E+1;1,071283E+0;;
30/11/2021  14:47:38,475283;1,083679E+0;1,204690E-2;1,032929E+1;1,071541E+0;;
30/11/2021  14:47:38,475383;1,084156E+0;2,808078E-3;1,032929E+1;1,071809E+0;;
30/11/2021  14:47:38,475483;1,084487E+0;1,533758E-3;1,032929E+1;1,072086E+0;;
30/11/2021  14:47:38,475583;1,085059E+0;1,268406E-2;1,032929E+1;1,072372E+0;;
30/11/2021  14:47:38,475683;1,085050E+0;6,312458E-3;1,032929E+1;1,072667E+0;;
30/11/2021  14:47:38,475783;1,085307E+0;1,618844E-2;1,032929E+1;1,072971E+0;;
30/11/2021  14:47:38,475883;1,085021E+0;1,236548E-2;1,032929E+1;1,073283E+0;;
30/11/2021  14:47:38,475983;1,085137E+0;1,013542E-2;1,032929E+1;1,073602E+0;;
30/11/2021  14:47:38,476083;1,084761E+0;1,215178E-3;1,032929E+1;1,073929E+0;;
30/11/2021  14:47:38,476183;1,085208E+0;1,533758E-3;1,032929E+1;1,074262E+0;;
30/11/2021  14:47:38,476283;1,085453E+0;2,489498E-3;1,032929E+1;1,074601E+0;;
30/11/2021  14:47:38,476383;1,085062E+0;8,223938E-3;1,032929E+1;1,074945E+0;;
30/11/2021  14:47:38,476483;1,084532E+0;2,170918E-3;1,032929E+1;1,075294E+0;;
30/11/2021  14:47:38,476583;1,083864E+0;1,533758E-3;1,032929E+1;1,075646E+0;;
30/11/2021  14:47:38,476683;1,083638E+0;5,038138E-3;1,032929E+1;1,076000E+0;;
30/11/2021  14:47:38,476783;1,082982E+0;1,215178E-3;1,032929E+1;1,076356E+0;;
30/11/2021  14:47:38,476883;1,083390E+0;8,223938E-3;1,032929E+1;1,076713E+0;;
30/11/2021  14:47:38,476983;1,082952E+0;8,542518E-3;1,032929E+1;1,077068E+0;;
30/11/2021  14:47:38,477083;1,082455E+0;1,109116E-2;1,032929E+1;1,077422E+0;;
30/11/2021  14:47:38,477183;1,082317E+0;5,675298E-3;1,032929E+1;1,077773E+0;;
30/11/2021  14:47:38,477283;1,080967E+0;1,077258E-2;1,032929E+1;1,078119E+0;;
30/11/2021  14:47:38,477383;1,080735E+0;5,675298E-3;1,032929E+1;1,078460E+0;;
30/11/2021  14:47:38,477483;1,080249E+0;5,356718E-3;1,032929E+1;1,078795E+0;;
30/11/2021  14:47:38,477583;1,080452E+0;1,332122E-2;1,032929E+1;1,079121E+0;;
30/11/2021  14:47:38,477683;1,081099E+0;2,489498E-3;1,032929E+1;1,079439E+0;;
30/11/2021  14:47:38,477783;1,080398E+0;1,491412E-2;1,032929E+1;1,079746E+0;;
30/11/2021  14:47:38,477883;1,080610E+0;2,808078E-3;1,032929E+1;1,080043E+0;;
30/11/2021  14:47:38,477983;1,080425E+0;1,533758E-3;1,032929E+1;1,080328E+0;;
30/11/2021  14:47:38,478083;1,079436E+0;1,215178E-3;1,032929E+1;1,080600E+0;;
30/11/2021  14:47:38,478183;1,079883E+0;1,852338E-3;1,032929E+1;1,080860E+0;;
30/11/2021  14:47:38,478283;1,079912E+0;6,949618E-3;1,032929E+1;1,081106E+0;;
30/11/2021  14:47:38,478383;1,079856E+0;8,965980E-4;1,032929E+1;1,081338E+0;;
30/11/2021  14:47:38,478483;1,079525E+0;6,312458E-3;1,032929E+1;1,081556E+0;;
30/11/2021  14:47:38,478583;1,079382E+0;2,170918E-3;1,032929E+1;1,081758E+0;;
30/11/2021  14:47:38,478683;1,078464E+0;2,489498E-3;1,032929E+1;1,081946E+0;;
30/11/2021  14:47:38,478783;1,078181E+0;1,852338E-3;1,032929E+1;1,082118E+0;;
30/11/2021  14:47:38,478883;1,078980E+0;1,852338E-3;1,032929E+1;1,082275E+0;;
30/11/2021  14:47:38,478983;1,079075E+0;5,780180E-4;1,032929E+1;1,082416E+0;;
30/11/2021  14:47:38,479083;1,078068E+0;2,489498E-3;1,032929E+1;1,082541E+0;;
30/11/2021  14:47:38,479183;1,077620E+0;4,719558E-3;1,032929E+1;1,082650E+0;;
30/11/2021  14:47:38,479283;1,077296E+0;3,126658E-3;1,032929E+1;1,082744E+0;;
30/11/2021  14:47:38,479383;1,076837E+0;3,763818E-3;1,032929E+1;1,082821E+0;;
30/11/2021  14:47:38,479483;1,076914E+0;1,533758E-3;1,032929E+1;1,082883E+0;;
30/11/2021  14:47:38,479583;1,076917E+0;1,533758E-3;1,032929E+1;1,082929E+0;;
30/11/2021  14:47:38,479683;1,076467E+0;5,780180E-4;1,032929E+1;1,082959E+0;;
30/11/2021  14:47:38,479783;1,075949E+0;3,126658E-3;1,032929E+1;1,082973E+0;;
30/11/2021  14:47:38,479883;1,075355E+0;4,082398E-3;1,032929E+1;1,082972E+0;;
30/11/2021  14:47:38,479983;1,074628E+0;3,763818E-3;1,032929E+1;1,082956E+0;;
30/11/2021  14:47:38,480083;1,074765E+0;1,215178E-3;1,032929E+1;1,082925E+0;;
30/11/2021  14:47:38,480183;1,074834E+0;1,215178E-3;1,032929E+1;1,082878E+0;;
30/11/2021  14:47:38,480283;1,074551E+0;2,489498E-3;1,032929E+1;1,082817E+0;;
30/11/2021  14:47:38,480383;1,074351E+0;2,489498E-3;1,032929E+1;1,082741E+0;;
30/11/2021  14:47:38,480483;1,074354E+0;1,533758E-3;1,032929E+1;1,082651E+0;;
30/11/2021  14:47:38,480583;1,073627E+0;8,965980E-4;1,032929E+1;1,082547E+0;;
30/11/2021  14:47:38,480683;1,073076E+0;2,808078E-3;1,032929E+1;1,082429E+0;;
30/11/2021  14:47:38,480783;1,073043E+0;6,631038E-3;1,032929E+1;1,082299E+0;;
30/11/2021  14:47:38,480883;1,073713E+0;8,965980E-4;1,032929E+1;1,082156E+0;;
30/11/2021  14:47:38,480983;1,073448E+0;8,965980E-4;1,032929E+1;1,082000E+0;;
30/11/2021  14:47:38,481083;1,073675E+0;1,215178E-3;1,032929E+1;1,081833E+0;;
30/11/2021  14:47:38,481183;1,073317E+0;1,533758E-3;1,032929E+1;1,081655E+0;;
30/11/2021  14:47:38,481283;1,073451E+0;1,533758E-3;1,032929E+1;1,081467E+0;;
30/11/2021  14:47:38,481383;1,072989E+0;1,215178E-3;1,032929E+1;1,081269E+0;;
30/11/2021  14:47:38,481483;1,073073E+0;1,215178E-3;1,032929E+1;1,081063E+0;;
30/11/2021  14:47:38,481583;1,073618E+0;1,215178E-3;1,032929E+1;1,080848E+0;;
30/11/2021  14:47:38,481683;1,073362E+0;1,533758E-3;1,032929E+1;1,080625E+0;;
30/11/2021  14:47:38,481783;1,073663E+0;8,965980E-4;1,032929E+1;1,080397E+0;;
30/11/2021  14:47:38,481883;1,073529E+0;1,215178E-3;1,032929E+1;1,080162E+0;;
30/11/2021  14:47:38,481983;1,074050E+0;8,965980E-4;1,032929E+1;1,079923E+0;;
30/11/2021  14:47:38,482083;1,074157E+0;1,215178E-3;1,032929E+1;1,079679E+0;;
30/11/2021  14:47:38,482183;1,074524E+0;1,852338E-3;1,032929E+1;1,079433E+0;;
30/11/2021  14:47:38,482283;1,075770E+0;1,533758E-3;1,032929E+1;1,079185E+0;;
30/11/2021  14:47:38,482383;1,076592E+0;1,215178E-3;1,032929E+1;1,078935E+0;;
30/11/2021  14:47:38,482483;1,076560E+0;1,215178E-3;1,032929E+1;1,078687E+0;;
30/11/2021  14:47:38,482583;1,077546E+0;1,215178E-3;1,032929E+1;1,078439E+0;;
30/11/2021  14:47:38,482683;1,076592E+0;5,780180E-4;1,032929E+1;1,078195E+0;;
30/11/2021  14:47:38,482783;1,077618E+0;8,965980E-4;1,032929E+1;1,077955E+0;;
30/11/2021  14:47:38,482883;1,078392E+0;1,215178E-3;1,032929E+1;1,077720E+0;;
30/11/2021  14:47:38,482983;1,079158E+0;4,719558E-3;1,032929E+1;1,077491E+0;;
30/11/2021  14:47:38,483083;1,079406E+0;6,631038E-3;1,032929E+1;1,077270E+0;;
30/11/2021  14:47:38,483183;1,080699E+0;1,332122E-2;1,032929E+1;1,077058E+0;;
30/11/2021  14:47:38,483283;1,080279E+0;1,332122E-2;1,032929E+1;1,076855E+0;;
30/11/2021  14:47:38,483383;1,080032E+0;1,395838E-2;1,032929E+1;1,076664E+0;;
30/11/2021  14:47:38,483483;1,080383E+0;1,013542E-2;1,032929E+1;1,076485E+0;;
30/11/2021  14:47:38,483583;1,081495E+0;1,332122E-2;1,032929E+1;1,076318E+0;;
30/11/2021  14:47:38,483683;1,081951E+0;1,172832E-2;1,032929E+1;1,076165E+0;;
30/11/2021  14:47:38,483783;1,081566E+0;1,555128E-2;1,032929E+1;1,076027E+0;;
30/11/2021  14:47:38,483883;1,082091E+0;1,363980E-2;1,032929E+1;1,075903E+0;;
30/11/2021  14:47:38,483983;1,081766E+0;6,949618E-3;1,032929E+1;1,075795E+0;;
30/11/2021  14:47:38,484083;1,081981E+0;1,491412E-2;1,032929E+1;1,075703E+0;;
30/11/2021  14:47:38,484183;1,082767E+0;1,395838E-2;1,032929E+1;1,075627E+0;;
30/11/2021  14:47:38,484283;1,083071E+0;6,312458E-3;1,032929E+1;1,075567E+0;;
30/11/2021  14:47:38,484383;1,083271E+0;8,861098E-3;1,032929E+1;1,075524E+0;;
30/11/2021  14:47:38,484483;1,083203E+0;6,312458E-3;1,032929E+1;1,075498E+0;;
30/11/2021  14:47:38,484583;1,083429E+0;1,300264E-2;1,032929E+1;1,075488E+0;;
30/11/2021  14:47:38,484683;1,083936E+0;1,459554E-2;1,032929E+1;1,075495E+0;;
30/11/2021  14:47:38,484783;1,083620E+0;1,427696E-2;1,032929E+1;1,075519E+0;;
30/11/2021  14:47:38,484883;1,084612E+0;1,109116E-2;1,032929E+1;1,075559E+0;;
30/11/2021  14:47:38,484983;1,085211E+0;1,459554E-2;1,032929E+1;1,075615E+0;;
30/11/2021  14:47:38,485083;1,084782E+0;1,459554E-2;1,032929E+1;1,075687E+0;;
30/11/2021  14:47:38,485183;1,085065E+0;1,491412E-2;1,032929E+1;1,075775E+0;;
30/11/2021  14:47:38,485283;1,084690E+0;1,363980E-2;1,032929E+1;1,075878E+0;;
30/11/2021  14:47:38,485383;1,084186E+0;4,400978E-3;1,032929E+1;1,075996E+0;;
30/11/2021  14:47:38,485483;1,083763E+0;8,223938E-3;1,032929E+1;1,076129E+0;;
30/11/2021  14:47:38,485583;1,084377E+0;1,204690E-2;1,032929E+1;1,076274E+0;;
30/11/2021  14:47:38,485683;1,084273E+0;1,427696E-2;1,032929E+1;1,076432E+0;;
30/11/2021  14:47:38,485783;1,083879E+0;7,905358E-3;1,032929E+1;1,076602E+0;;
30/11/2021  14:47:38,485883;1,084132E+0;1,586986E-2;1,032929E+1;1,076783E+0;;
30/11/2021  14:47:38,485983;1,083405E+0;1,459554E-2;1,032929E+1;1,076974E+0;;
30/11/2021  14:47:38,486083;1,083203E+0;1,523270E-2;1,032929E+1;1,077174E+0;;
30/11/2021  14:47:38,486183;1,082565E+0;1,586986E-2;1,032929E+1;1,077382E+0;;
30/11/2021  14:47:38,486283;1,082958E+0;1,714418E-2;1,032929E+1;1,077596E+0;;
30/11/2021  14:47:38,486383;1,082693E+0;1,427696E-2;1,032929E+1;1,077816E+0;;
30/11/2021  14:47:38,486483;1,082341E+0;1,586986E-2;1,032929E+1;1,078041E+0;;
30/11/2021  14:47:38,486583;1,082714E+0;1,363980E-2;1,032929E+1;1,078269E+0;;
30/11/2021  14:47:38,486683;1,082186E+0;1,491412E-2;1,032929E+1;1,078499E+0;;
30/11/2021  14:47:38,486783;1,081167E+0;9,498258E-3;1,032929E+1;1,078730E+0;;
30/11/2021  14:47:38,486883;1,081620E+0;9,498258E-3;1,032929E+1;1,078962E+0;;
30/11/2021  14:47:38,486983;1,081689E+0;9,498258E-3;1,032929E+1;1,079192E+0;;
30/11/2021  14:47:38,487083;1,081617E+0;6,312458E-3;1,032929E+1;1,079420E+0;;
30/11/2021  14:47:38,487183;1,081212E+0;1,140974E-2;1,032929E+1;1,079646E+0;;
30/11/2021  14:47:38,487283;1,081242E+0;1,491412E-2;1,032929E+1;1,079868E+0;;
30/11/2021  14:47:38,487383;1,080827E+0;1,618844E-2;1,032929E+1;1,080085E+0;;
30/11/2021  14:47:38,487483;1,080067E+0;1,268406E-2;1,032929E+1;1,080296E+0;;
30/11/2021  14:47:38,487583;1,080955E+0;1,236548E-2;1,032929E+1;1,080501E+0;;
30/11/2021  14:47:38,487683;1,080890E+0;1,586986E-2;1,032929E+1;1,080699E+0;;
30/11/2021  14:47:38,487783;1,081173E+0;1,555128E-2;1,032929E+1;1,080890E+0;;
30/11/2021  14:47:38,487883;1,080947E+0;1,682560E-2;1,032929E+1;1,081072E+0;;
30/11/2021  14:47:38,487983;1,081104E+0;1,015679E-1;1,032929E+1;1,081246E+0;;
30/11/2021  14:47:38,488083;1,081054E+0;1,171783E-1;1,032929E+1;1,081411E+0;;
30/11/2021  14:47:38,488183;1,081104E+0;1,127182E-1;1,032929E+1;1,081567E+0;;
30/11/2021  14:47:38,488283;1,081796E+0;1,235499E-1;1,032929E+1;1,081714E+0;;
30/11/2021  14:47:38,488383;1,082371E+0;1,139925E-1;1,032929E+1;1,081852E+0;;
30/11/2021  14:47:38,488483;1,083146E+0;1,296029E-1;1,032929E+1;1,081980E+0;;
30/11/2021  14:47:38,488583;1,083018E+0;1,139925E-1;1,032929E+1;1,082100E+0;;
30/11/2021  14:47:38,488683;1,083614E+0;1,216384E-1;1,032929E+1;1,082211E+0;;
30/11/2021  14:47:38,488783;1,083736E+0;1,821686E-1;1,032929E+1;1,082315E+0;;
30/11/2021  14:47:38,488883;1,084439E+0;1,225942E-1;1,032929E+1;1,082411E+0;;
30/11/2021  14:47:38,488983;1,086055E+0;1,589123E-1;1,032929E+1;1,082500E+0;;
30/11/2021  14:47:38,489083;1,086707E+0;1,646467E-1;1,032929E+1;1,082583E+0;;
30/11/2021  14:47:38,489183;1,087891E+0;1,873708E-2;1,032929E+1;1,082661E+0;;
30/11/2021  14:47:38,489283;1,089470E+0;1,216384E-1;1,032929E+1;1,082735E+0;;
30/11/2021  14:47:38,489383;1,089843E+0;1,190898E-1;1,032929E+1;1,082806E+0;;
30/11/2021  14:47:38,489483;1,090704E+0;1,181340E-1;1,032929E+1;1,082876E+0;;
30/11/2021  14:47:38,489583;1,091717E+0;1,108067E-1;1,032929E+1;1,082946E+0;;
30/11/2021  14:47:38,489683;1,093181E+0;1,181340E-1;1,032929E+1;1,083018E+0;;
30/11/2021  14:47:38,489783;1,094233E+0;1,426647E-1;1,032929E+1;1,083093E+0;;
30/11/2021  14:47:38,489883;1,095389E+0;1,073023E-1;1,032929E+1;1,083172E+0;;
30/11/2021  14:47:38,489983;1,097022E+0;1,353374E-1;1,032929E+1;1,083258E+0;;
30/11/2021  14:47:38,490083;1,097743E+0;1,044351E-1;1,032929E+1;1,083351E+0;;
30/11/2021  14:47:38,490183;1,098581E+0;1,232313E-1;1,032929E+1;1,083454E+0;;
30/11/2021  14:47:38,490283;1,099347E+0;1,286472E-1;1,032929E+1;1,083568E+0;;
30/11/2021  14:47:38,490383;1,100187E+0;1,257800E-1;1,032929E+1;1,083694E+0;;
30/11/2021  14:47:38,490483;1,100602E+0;7,640006E-2;1,032929E+1;1,083835E+0;;
30/11/2021  14:47:38,490583;1,100816E+0;1,254614E-1;1,032929E+1;1,083990E+0;;
30/11/2021  14:47:38,490683;1,101636E+0;1,448948E-1;1,032929E+1;1,084161E+0;;
30/11/2021  14:47:38,490783;9,378891E-1;1,684697E-1;1,859729E-1;1,084345E+0;;
30/11/2021  14:47:38,490883;9,382438E-1;-6,430742E-3;1,694925E-2;1,084522E+0;;
30/11/2021  14:47:38,490983;9,382050E-1;1,512664E-1;1,774427E-1;1,084664E+0;;
30/11/2021  14:47:38,491083;9,378206E-1;1,187712E-1;1,243661E-1;1,084739E+0;;
30/11/2021  14:47:38,491183;9,368222E-1;1,302401E-1;1,297370E-1;1,084721E+0;;
30/11/2021  14:47:38,491283;9,374480E-1;1,633724E-1;1,616461E-1;1,084585E+0;;
30/11/2021  14:47:38,491383;9,371888E-1;1,165411E-1;9,751191E-2;1,084314E+0;;
30/11/2021  14:47:38,491483;9,380381E-1;1,241871E-1;1,221546E-1;1,083890E+0;;
30/11/2021  14:47:38,491583;9,385031E-1;1,340630E-1;1,493248E-1;1,083300E+0;;
30/11/2021  14:47:38,491683;9,379875E-1;1,385232E-1;1,303688E-1;1,082535E+0;;
30/11/2021  14:47:38,491783;9,373735E-1;1,143111E-1;1,063580E-1;1,081586E+0;;
30/11/2021  14:47:38,491883;9,372424E-1;1,174969E-1;1,237343E-1;1,080450E+0;;
30/11/2021  14:47:38,491983;9,375673E-1;1,168597E-1;1,208909E-1;1,079124E+0;;
30/11/2021  14:47:38,492083;9,380739E-1;8,818752E-2;8,929768E-2;1,077605E+0;;
30/11/2021  14:47:38,492183;9,389591E-1;8,086018E-2;1,196272E-1;1,075897E+0;;
30/11/2021  14:47:38,492283;9,389680E-1;1,397975E-1;1,442698E-1;1,074000E+0;;
30/11/2021  14:47:38,492383;9,394985E-1;1,315144E-1;1,426902E-1;1,071921E+0;;
30/11/2021  14:47:38,492483;9,394538E-1;1,397975E-1;1,388990E-1;1,069665E+0;;
30/11/2021  14:47:38,492583;9,393674E-1;1,216384E-1;1,265777E-1;1,067238E+0;;
30/11/2021  14:47:38,492683;9,397399E-1;1,276914E-1;1,291051E-1;1,064649E+0;;
30/11/2021  14:47:38,492783;9,405952E-1;1,318330E-1;1,341600E-1;1,061908E+0;;
30/11/2021  14:47:38,492883;9,415162E-1;8,978042E-2;7,318515E-2;1,059022E+0;;
30/11/2021  14:47:38,492983;9,407592E-1;1,296029E-1;1,313166E-1;1,056004E+0;;
30/11/2021  14:47:38,493083;9,410542E-1;1,302401E-1;1,325804E-1;1,052864E+0;;
30/11/2021  14:47:38,493183;9,400499E-1;1,324701E-1;1,199431E-1;1,049613E+0;;
30/11/2021  14:47:38,493283;9,401959E-1;1,248242E-1;1,256299E-1;1,046262E+0;;
30/11/2021  14:47:38,493383;9,410393E-1;1,468062E-1;1,550115E-1;1,042824E+0;;
30/11/2021  14:47:38,493483;9,409767E-1;1,232313E-1;1,458495E-1;1,039309E+0;;
30/11/2021  14:47:38,493583;9,411883E-1;1,283286E-1;1,275255E-1;1,035730E+0;;
30/11/2021  14:47:38,493683;9,415817E-1;4,082398E-3;-7,693445E-3;1,032098E+0;;
30/11/2021  14:47:38,493783;9,410453E-1;1,264171E-1;1,249980E-1;1,028425E+0;;
30/11/2021  14:47:38,493883;9,407741E-1;1,340630E-1;1,310007E-1;1,024722E+0;;
30/11/2021  14:47:38,493983;9,406370E-1;1,404346E-1;1,467973E-1;1,021000E+0;;
30/11/2021  14:47:38,494083;9,409052E-1;1,203641E-1;1,328963E-1;1,017270E+0;;
30/11/2021  14:47:38,494183;9,411019E-1;1,254614E-1;1,297370E-1;1,013542E+0;;
30/11/2021  14:47:38,494283;9,404999E-1;1,640096E-1;1,603824E-1;1,009827E+0;;
30/11/2021  14:47:38,494383;9,398502E-1;1,990534E-1;1,701763E-1;1,006133E+0;;
30/11/2021  14:47:38,494483;9,394508E-1;1,149482E-1;1,231024E-1;1,002470E+0;;
30/11/2021  14:47:38,494583;9,390544E-1;1,206827E-1;1,142563E-1;9,988469E-1;;
30/11/2021  14:47:38,494683;9,384226E-1;8,850610E-2;9,308886E-2;9,952707E-1;;
30/11/2021  14:47:38,494783;9,390336E-1;1,311958E-1;1,259458E-1;9,917491E-1;;
30/11/2021  14:47:38,494883;9,389740E-1;1,257800E-1;1,237343E-1;9,882891E-1;;
30/11/2021  14:47:38,494983;9,390216E-1;1,270543E-1;6,781430E-2;9,848971E-1;;
30/11/2021  14:47:38,495083;9,392660E-1;1,350188E-1;1,505885E-1;9,815791E-1;;
30/11/2021  14:47:38,495183;9,382110E-1;1,343816E-1;1,347919E-1;9,783409E-1;;
30/11/2021  14:47:38,495283;9,387773E-1;1,280100E-1;1,278414E-1;9,751872E-1;;
30/11/2021  14:47:38,495383;9,387713E-1;1,353374E-1;1,316326E-1;9,721228E-1;;
30/11/2021  14:47:38,495483;9,392869E-1;1,407532E-1;1,370034E-1;9,691515E-1;;
30/11/2021  14:47:38,495583;9,389233E-1;1,155854E-1;1,183634E-1;9,662772E-1;;
30/11/2021  14:47:38,495683;9,392541E-1;1,397975E-1;1,676488E-1;9,635029E-1;;
30/11/2021  14:47:38,495783;9,386133E-1;1,257800E-1;1,275255E-1;9,608315E-1;;
30/11/2021  14:47:38,495883;9,378265E-1;1,270543E-1;1,256299E-1;9,582651E-1;;
30/11/2021  14:47:38,495983;9,374928E-1;1,270543E-1;1,202590E-1;9,558055E-1;;
30/11/2021  14:47:38,496083;9,374630E-1;1,210013E-1;1,354238E-1;9,534537E-1;;
30/11/2021  14:47:38,496183;9,382885E-1;1,356559E-1;1,268936E-1;9,512106E-1;;
30/11/2021  14:47:38,496283;9,378444E-1;1,388417E-1;1,430061E-1;9,490765E-1;;
30/11/2021  14:47:38,496383;9,376090E-1;8,659462E-2;4,348754E-2;9,470516E-1;;
30/11/2021  14:47:38,496483;9,367268E-1;1,385232E-1;1,638576E-1;9,451355E-1;;
30/11/2021  14:47:38,496583;9,367894E-1;2,489498E-3;8,171531E-2;9,433276E-1;;
30/11/2021  14:47:38,496683;9,367507E-1;1,334259E-1;1,328963E-1;9,416267E-1;;
30/11/2021  14:47:38,496783;9,374063E-1;1,286472E-1;1,297370E-1;9,400316E-1;;
30/11/2021  14:47:38,496883;9,375971E-1;4,103768E-2;9,593225E-2;9,385407E-1;;
30/11/2021  14:47:38,496983;9,379994E-1;1,104881E-1;1,351078E-1;9,371524E-1;;
30/11/2021  14:47:38,497083;9,377014E-1;1,471248E-1;1,891322E-1;9,358648E-1;;
30/11/2021  14:47:38,497183;9,378802E-1;1,280100E-1;1,294210E-1;9,346758E-1;;
30/11/2021  14:47:38,497283;9,376209E-1;1,388417E-1;1,376353E-1;9,335833E-1;;
30/11/2021  14:47:38,497383;9,378534E-1;1,483991E-1;1,411105E-1;9,325847E-1;;
30/11/2021  14:47:38,497483;9,389114E-1;1,382046E-1;1,401627E-1;9,316776E-1;;
30/11/2021  14:47:38,497583;9,389620E-1;1,296029E-1;1,183634E-1;9,308593E-1;;
30/11/2021  14:47:38,497683;9,395790E-1;1,347002E-1;1,284732E-1;9,301272E-1;;
30/11/2021  14:47:38,497783;9,386759E-1;1,066652E-1;1,114129E-1;9,294785E-1;;
30/11/2021  14:47:38,497883;9,391766E-1;5,473662E-2;9,782784E-2;9,289104E-1;;
30/11/2021  14:47:38,497983;9,392005E-1;1,611423E-1;1,433221E-1;9,284198E-1;;
30/11/2021  14:47:38,498083;9,394776E-1;1,490363E-1;1,486929E-1;9,280037E-1;;
30/11/2021  14:47:38,498183;9,403270E-1;3,445238E-3;5,891631E-3;9,276591E-1;;
30/11/2021  14:47:38,498283;9,413105E-1;8,223938E-3;9,682815E-3;9,273828E-1;;
30/11/2021  14:47:38,498383;9,412718E-1;7,268198E-3;8,735019E-3;9,271719E-1;;
30/11/2021  14:47:38,498483;9,407860E-1;4,082398E-3;6,207563E-3;9,270234E-1;;
30/11/2021  14:47:38,498583;9,412151E-1;8,542518E-3;1,031468E-2;9,269345E-1;;
30/11/2021  14:47:38,498683;9,413403E-1;3,763818E-3;5,891631E-3;9,269019E-1;;
30/11/2021  14:47:38,498783;9,422165E-1;1,533758E-3;3,364175E-3;9,269226E-1;;
30/11/2021  14:47:38,498883;9,427291E-1;5,780180E-4;3,680107E-3;9,269937E-1;;
30/11/2021  14:47:38,498983;9,431643E-1;1,215178E-3;3,364175E-3;9,271123E-1;;
30/11/2021  14:47:38,499083;9,435726E-1;1,215178E-3;3,680107E-3;9,272756E-1;;
30/11/2021  14:47:38,499183;9,434086E-1;1,215178E-3;3,364175E-3;9,274809E-1;;
30/11/2021  14:47:38,499283;9,427738E-1;1,215178E-3;3,048243E-3;9,277253E-1;;
30/11/2021  14:47:38,499383;9,429467E-1;1,533758E-3;3,680107E-3;9,280061E-1;;
30/11/2021  14:47:38,499483;9,436948E-1;1,215178E-3;3,364175E-3;9,283205E-1;;
30/11/2021  14:47:38,499583;9,441746E-1;2,170918E-3;4,311971E-3;9,286657E-1;;
30/11/2021  14:47:38,499683;9,442491E-1;4,719558E-3;7,155359E-3;9,290390E-1;;
30/11/2021  14:47:38,499783;9,439809E-1;3,763818E-3;6,839427E-3;9,294380E-1;;
30/11/2021  14:47:38,499883;9,437752E-1;3,126658E-3;5,575699E-3;9,298601E-1;;
30/11/2021  14:47:38,499983;9,438736E-1;3,763818E-3;5,575699E-3;9,303028E-1;;
30/11/2021  14:47:38,500083;9,441448E-1;8,965980E-4;3,364175E-3;9,307635E-1;;
30/11/2021  14:47:38,500183;9,448779E-1;8,965980E-4;3,680107E-3;9,312400E-1;;
30/11/2021  14:47:38,500283;9,453965E-1;8,965980E-4;3,680107E-3;9,317298E-1;;
30/11/2021  14:47:38,500383;9,452266E-1;3,126658E-3;5,259767E-3;9,322311E-1;;
30/11/2021  14:47:38,500483;9,452117E-1;3,445238E-3;5,575699E-3;9,327418E-1;;
30/11/2021  14:47:38,500583;9,444994E-1;2,808078E-3;4,627903E-3;9,332600E-1;;
30/11/2021  14:47:38,500683;9,443266E-1;4,082398E-3;6,523495E-3;9,337836E-1;;
30/11/2021  14:47:38,500783;9,444190E-1;8,223938E-3;8,735019E-3;9,343108E-1;;
30/11/2021  14:47:38,500883;9,449971E-1;1,215178E-3;3,680107E-3;9,348397E-1;;
30/11/2021  14:47:38,500983;9,446246E-1;1,533758E-3;3,048243E-3;9,353683E-1;;
30/11/2021  14:47:38,501083;9,441358E-1;1,852338E-3;4,311971E-3;9,358952E-1;;
30/11/2021  14:47:38,501183;9,431255E-1;8,965980E-4;3,364175E-3;9,364186E-1;;
30/11/2021  14:47:38,501283;9,426040E-1;5,780180E-4;3,364175E-3;9,369368E-1;;
30/11/2021  14:47:38,501383;9,423208E-1;8,965980E-4;3,364175E-3;9,374480E-1;;
30/11/2021  14:47:38,501483;9,422523E-1;1,533758E-3;3,364175E-3;9,379505E-1;;
30/11/2021  14:47:38,501583;9,423983E-1;6,312458E-3;9,366883E-3;9,384427E-1;;
30/11/2021  14:47:38,501683;9,414685E-1;7,905358E-3;1,031468E-2;9,389230E-1;;
30/11/2021  14:47:38,501783;9,411287E-1;1,586986E-2;1,726518E-2;9,393901E-1;;
30/11/2021  14:47:38,501883;9,405416E-1;1,555128E-2;1,568552E-2;9,398426E-1;;
30/11/2021  14:47:38,501983;9,401691E-1;1,332122E-2;1,631739E-2;9,402791E-1;;
30/11/2021  14:47:38,502083;9,399902E-1;1,363980E-2;1,726518E-2;9,406983E-1;;
30/11/2021  14:47:38,502183;9,393107E-1;1,586986E-2;1,758111E-2;9,410991E-1;;
30/11/2021  14:47:38,502283;9,392094E-1;9,816838E-3;1,378993E-2;9,414804E-1;;
30/11/2021  14:47:38,502383;9,387385E-1;7,767438E-2;7,792413E-2;9,418412E-1;;
30/11/2021  14:47:38,502483;9,374153E-1;1,491412E-2;1,694925E-2;9,421806E-1;;
30/11/2021  14:47:38,502583;9,363334E-1;5,473662E-2;5,106991E-2;9,424976E-1;;
30/11/2021  14:47:38,502683;9,352277E-1;1,682560E-2;2,200416E-2;9,427913E-1;;
30/11/2021  14:47:38,502783;9,348671E-1;2,032998E-2;2,389975E-2;9,430606E-1;;
30/11/2021  14:47:38,502883;9,345929E-1;4,231200E-2;5,612482E-2;9,433047E-1;;
30/11/2021  14:47:38,502983;9,338955E-1;1,382046E-1;1,388990E-1;9,435227E-1;;
30/11/2021  14:47:38,503083;9,330610E-1;1,969282E-2;7,034176E-2;9,437140E-1;;
30/11/2021  14:47:38,503183;9,323964E-1;1,206827E-1;1,354238E-1;9,438778E-1;;
30/11/2021  14:47:38,503283;9,314934E-1;1,280100E-1;1,284732E-1;9,440138E-1;;
30/11/2021  14:47:38,503383;9,309868E-1;1,703812E-1;1,998739E-1;9,441212E-1;;
30/11/2021  14:47:38,503483;9,310881E-1;9,264764E-2;1,136244E-1;9,441998E-1;;
30/11/2021  14:47:38,503583;9,310791E-1;1,127182E-1;1,101492E-1;9,442493E-1;;
30/11/2021  14:47:38,503683;9,302357E-1;1,700626E-1;1,945030E-1;9,442698E-1;;
30/11/2021  14:47:38,503783;9,292880E-1;1,130368E-1;1,003553E-1;9,442612E-1;;
30/11/2021  14:47:38,503883;9,286293E-1;1,254614E-1;1,212068E-1;9,442237E-1;;
30/11/2021  14:47:38,503983;9,277561E-1;1,031608E-1;8,613836E-2;9,441575E-1;;
30/11/2021  14:47:38,504083;9,273836E-1;1,503106E-1;1,736515E-1;9,440626E-1;;
30/11/2021  14:47:38,504183;9,270438E-1;1,127182E-1;9,498445E-2;9,439394E-1;;
30/11/2021  14:47:38,504283;9,269008E-1;1,353374E-1;1,417424E-1;9,437882E-1;;
30/11/2021  14:47:38,504383;9,262451E-1;1,385232E-1;1,458495E-1;9,436095E-1;;
30/11/2021  14:47:38,504483;9,267190E-1;1,423461E-1;1,610142E-1;9,434038E-1;;
30/11/2021  14:47:38,504583;9,259143E-1;1,292843E-1;1,486929E-1;9,431719E-1;;
30/11/2021  14:47:38,504683;9,253272E-1;1,264171E-1;1,221546E-1;9,429147E-1;;
30/11/2021  14:47:38,504783;9,261289E-1;1,286472E-1;1,310007E-1;9,426330E-1;;
30/11/2021  14:47:38,504883;9,263554E-1;1,232313E-1;1,259458E-1;9,423279E-1;;
30/11/2021  14:47:38,504983;9,263315E-1;1,162226E-1;1,227865E-1;9,420006E-1;;
30/11/2021  14:47:38,505083;9,266176E-1;1,216384E-1;1,287892E-1;9,416523E-1;;
30/11/2021  14:47:38,505183;9,266027E-1;1,213198E-1;1,262617E-1;9,412847E-1;;
30/11/2021  14:47:38,505283;9,259769E-1;1,136739E-1;1,129926E-1;9,408993E-1;;
30/11/2021  14:47:38,505383;9,259977E-1;1,120810E-1;1,016190E-1;9,404975E-1;;
30/11/2021  14:47:38,505483;9,262689E-1;1,260985E-1;1,205749E-1;9,400808E-1;;
30/11/2021  14:47:38,505583;9,272137E-1;-3,000566E-2;7,634447E-2;9,396509E-1;;
30/11/2021  14:47:38,505683;9,276548E-1;9,169190E-2;1,199431E-1;9,392094E-1;;
30/11/2021  14:47:38,505783;9,269097E-1;1,356559E-1;1,449017E-1;9,387582E-1;;
30/11/2021  14:47:38,505883;9,269395E-1;1,308772E-1;1,319485E-1;9,382989E-1;;
30/11/2021  14:47:38,505983;9,269127E-1;1,267357E-1;1,341600E-1;9,378333E-1;;
30/11/2021  14:47:38,506083;9,267339E-1;1,108067E-1;1,253139E-1;9,373630E-1;;
30/11/2021  14:47:38,506183;9,279588E-1;1,238685E-1;1,268936E-1;9,368895E-1;;
30/11/2021  14:47:38,506283;9,287515E-1;1,181340E-1;1,199431E-1;9,364144E-1;;
30/11/2021  14:47:38,506383;9,287992E-1;1,232313E-1;1,363715E-1;9,359396E-1;;
30/11/2021  14:47:38,506483;9,289333E-1;1,620981E-1;1,648054E-1;9,354667E-1;;
30/11/2021  14:47:38,506583;9,291718E-1;1,343816E-1;1,259458E-1;9,349975E-1;;
30/11/2021  14:47:38,506683;9,290496E-1;1,423461E-1;1,294210E-1;9,345335E-1;;
30/11/2021  14:47:38,506783;9,296665E-1;1,162226E-1;1,145722E-1;9,340763E-1;;
30/11/2021  14:47:38,506883;9,304741E-1;1,219570E-1;1,183634E-1;9,336274E-1;;
30/11/2021  14:47:38,506983;9,310404E-1;1,299215E-1;1,474292E-1;9,331881E-1;;
30/11/2021  14:47:38,507083;9,310046E-1;-3,159856E-2;-4,850057E-3;9,327600E-1;;
30/11/2021  14:47:38,507183;9,312669E-1;1,232313E-1;1,556434E-1;9,323445E-1;;
30/11/2021  14:47:38,507283;9,310762E-1;1,210013E-1;1,243661E-1;9,319428E-1;;
30/11/2021  14:47:38,507383;9,308377E-1;1,273729E-1;1,268936E-1;9,315560E-1;;
30/11/2021  14:47:38,507483;9,317527E-1;1,321516E-1;1,351078E-1;9,311852E-1;;
30/11/2021  14:47:38,507583;9,317020E-1;1,235499E-1;1,202590E-1;9,308311E-1;;
30/11/2021  14:47:38,507683;9,317378E-1;1,229127E-1;1,079377E-1;9,304945E-1;;
30/11/2021  14:47:38,507783;9,317974E-1;-2,289202E-3;8,929768E-2;9,301762E-1;;
30/11/2021  14:47:38,507883;9,312609E-1;1,159040E-1;1,234183E-1;9,298766E-1;;
30/11/2021  14:47:38,507983;9,305934E-1;1,210013E-1;1,152041E-1;9,295961E-1;;
30/11/2021  14:47:38,508083;9,311656E-1;1,200455E-1;1,161519E-1;9,293348E-1;;
30/11/2021  14:47:38,508183;9,306410E-1;7,926728E-2;9,119327E-2;9,290928E-1;;
30/11/2021  14:47:38,508283;9,312937E-1;1,050723E-1;9,277293E-2;9,288698E-1;;
30/11/2021  14:47:38,508383;9,314845E-1;1,280100E-1;1,013031E-1;9,286659E-1;;
30/11/2021  14:47:38,508483;9,302149E-1;1,111253E-1;9,940750E-2;9,284809E-1;;
30/11/2021  14:47:38,508583;9,302387E-1;9,264764E-2;8,677022E-2;9,283144E-1;;
30/11/2021  14:47:38,508683;9,298989E-1;1,257800E-1;1,240502E-1;9,281659E-1;;
30/11/2021  14:47:38,508783;9,293029E-1;1,143111E-1;1,186794E-1;9,280347E-1;;
30/11/2021  14:47:38,508883;9,299556E-1;6,747982E-2;9,403666E-2;9,279203E-1;;
30/11/2021  14:47:38,508983;9,301106E-1;1,076209E-1;1,035146E-1;9,278219E-1;;
30/11/2021  14:47:38,509083;9,295681E-1;1,114439E-1;1,221546E-1;9,277388E-1;;
30/11/2021  14:47:38,509183;9,290078E-1;5,675298E-3;2,389975E-2;9,276702E-1;;
30/11/2021  14:47:38,509283;9,286770E-1;5,601094E-2;6,054787E-2;9,276153E-1;;
30/11/2021  14:47:38,509383;9,283403E-1;6,556834E-2;7,065769E-2;9,275733E-1;;
30/11/2021  14:47:38,509483;9,285995E-1;8,404598E-2;1,019350E-1;9,275431E-1;;
30/11/2021  14:47:38,509583;9,282747E-1;1,111253E-1;1,199431E-1;9,275237E-1;;
30/11/2021  14:47:38,509683;9,290585E-1;1,088952E-1;1,063580E-1;9,275143E-1;;
30/11/2021  14:47:38,509783;9,286740E-1;9,487770E-2;9,845971E-2;9,275141E-1;;
30/11/2021  14:47:38,509883;9,288290E-1;6,620550E-2;4,190788E-2;9,275221E-1;;
30/11/2021  14:47:38,509983;9,287545E-1;2,415294E-2;4,348754E-2;9,275378E-1;;
30/11/2021  14:47:38,510083;9,285250E-1;8,149734E-2;7,855599E-2;9,275603E-1;;
30/11/2021  14:47:38,510183;9,287486E-1;6,333828E-2;7,792413E-2;9,275890E-1;;
30/11/2021  14:47:38,510283;9,295503E-1;6,970988E-2;1,152041E-1;9,276231E-1;;
30/11/2021  14:47:38,510383;9,304324E-1;1,206827E-1;1,363715E-1;9,276622E-1;;
30/11/2021  14:47:38,510483;9,302596E-1;1,139925E-1;1,186794E-1;9,277059E-1;;
30/11/2021  14:47:38,510583;9,302834E-1;1,260985E-1;1,537478E-1;9,277540E-1;;
30/11/2021  14:47:38,510683;9,304771E-1;2,541677E-1;2,279918E-1;9,278061E-1;;
30/11/2021  14:47:38,510783;9,301076E-1;1,433019E-1;1,600664E-1;9,278620E-1;;
30/11/2021  14:47:38,510883;9,310523E-1;1,554079E-1;1,477451E-1;9,279214E-1;;
30/11/2021  14:47:38,510983;9,317676E-1;1,601866E-1;1,322644E-1;9,279842E-1;;
30/11/2021  14:47:38,511083;9,320716E-1;1,585937E-1;1,515363E-1;9,280502E-1;;
30/11/2021  14:47:38,511183;9,320299E-1;1,678325E-1;1,319485E-1;9,281195E-1;;
30/11/2021  14:47:38,511283;9,323517E-1;1,640096E-1;1,606983E-1;9,281921E-1;;
30/11/2021  14:47:38,511383;9,320954E-1;1,350188E-1;1,253139E-1;9,282680E-1;;
30/11/2021  14:47:38,511483;9,327332E-1;1,321516E-1;1,272095E-1;9,283472E-1;;
30/11/2021  14:47:38,511583;9,338419E-1;1,264171E-1;1,202590E-1;9,284297E-1;;
30/11/2021  14:47:38,511683;9,348254E-1;1,085766E-1;2,140908E-1;9,285156E-1;;
30/11/2021  14:47:38,511783;9,349178E-1;1,085766E-1;1,120448E-1;9,286053E-1;;
30/11/2021  14:47:38,511883;9,343217E-1;1,372488E-1;1,464814E-1;9,286991E-1;;
30/11/2021  14:47:38,511983;9,356390E-1;1,630538E-1;1,714400E-1;9,287972E-1;;
30/11/2021  14:47:38,512083;9,354214E-1;-1,029605E-1;-2,759716E-2;9,288998E-1;;
30/11/2021  14:47:38,512183;9,360533E-1;1,181340E-1;1,237343E-1;9,290073E-1;;
30/11/2021  14:47:38,512283;9,369056E-1;1,200455E-1;1,240502E-1;9,291197E-1;;
30/11/2021  14:47:38,512383;9,379219E-1;1,210013E-1;1,152041E-1;9,292375E-1;;
30/11/2021  14:47:38,512483;9,380590E-1;1,280100E-1;1,505885E-1;9,293611E-1;;
30/11/2021  14:47:38,512583;9,385806E-1;1,315144E-1;1,205749E-1;9,294908E-1;;
30/11/2021  14:47:38,512683;9,384196E-1;1,210013E-1;1,158360E-1;9,296270E-1;;
30/11/2021  14:47:38,512783;9,385806E-1;1,114439E-1;9,245700E-2;9,297701E-1;;
30/11/2021  14:47:38,512883;9,398532E-1;1,410718E-1;1,354238E-1;9,299202E-1;;
30/11/2021  14:47:38,512983;9,403717E-1;1,296029E-1;1,395309E-1;9,300776E-1;;
30/11/2021  14:47:38,513083;9,406757E-1;5,855958E-2;8,582243E-2;9,302426E-1;;
30/11/2021  14:47:38,513183;9,408456E-1;6,588692E-2;9,498445E-2;9,304155E-1;;
30/11/2021  14:47:38,513283;9,408992E-1;3,594040E-2;4,917431E-2;9,305965E-1;;
30/11/2021  14:47:38,513383;9,411615E-1;1,213198E-1;1,313166E-1;9,307857E-1;;
30/11/2021  14:47:38,513483;9,417158E-1;1,439390E-1;1,461654E-1;9,309832E-1;;
30/11/2021  14:47:38,513583;9,415638E-1;1,229127E-1;1,322644E-1;9,311889E-1;;
30/11/2021  14:47:38,513683;9,423894E-1;1,318330E-1;1,249980E-1;9,314029E-1;;
30/11/2021  14:47:38,513783;9,430182E-1;1,264171E-1;1,294210E-1;9,316251E-1;;
30/11/2021  14:47:38,513883;9,431136E-1;1,273729E-1;1,243661E-1;9,318555E-1;;
30/11/2021  14:47:38,513983;9,428960E-1;1,267357E-1;1,224705E-1;9,320939E-1;;
30/11/2021  14:47:38,514083;9,426129E-1;1,302401E-1;1,325804E-1;9,323403E-1;;
30/11/2021  14:47:38,514183;9,423715E-1;1,331073E-1;1,310007E-1;9,325943E-1;;
30/11/2021  14:47:38,514283;9,432835E-1;1,225942E-1;1,259458E-1;9,328556E-1;;
30/11/2021  14:47:38,514383;9,431494E-1;9,901924E-2;1,085695E-1;9,331236E-1;;
30/11/2021  14:47:38,514483;9,430987E-1;1,232313E-1;1,189953E-1;9,333980E-1;;
30/11/2021  14:47:38,514583;9,421867E-1;1,260985E-1;1,265777E-1;9,336782E-1;;
30/11/2021  14:47:38,514683;9,415072E-1;1,085766E-1;8,297904E-2;9,339636E-1;;
30/11/2021  14:47:38,514783;9,418678E-1;9,519628E-2;1,098333E-1;9,342534E-1;;
30/11/2021  14:47:38,514883;9,417099E-1;1,401161E-1;1,613302E-1;9,345466E-1;;
30/11/2021  14:47:38,514983;9,418351E-1;1,627352E-1;1,875525E-1;9,348425E-1;;
30/11/2021  14:47:38,515083;9,420586E-1;1,171783E-1;1,243661E-1;9,351401E-1;;
30/11/2021  14:47:38,515183;9,416533E-1;1,245056E-1;1,306848E-1;9,354386E-1;;
30/11/2021  14:47:38,515283;9,410393E-1;1,232313E-1;1,212068E-1;9,357373E-1;;
30/11/2021  14:47:38,515383;9,408128E-1;1,200455E-1;1,221546E-1;9,360353E-1;;
30/11/2021  14:47:38,515483;9,408516E-1;1,681511E-1;1,370034E-1;9,363315E-1;;
30/11/2021  14:47:38,515583;9,415519E-1;1,378860E-1;1,354238E-1;9,366252E-1;;
30/11/2021  14:47:38,515683;9,411764E-1;1,197269E-1;1,028828E-1;9,369156E-1;;
30/11/2021  14:47:38,515783;9,407502E-1;1,353374E-1;1,297370E-1;9,372018E-1;;
30/11/2021  14:47:38,515883;9,404641E-1;1,296029E-1;1,126766E-1;9,374833E-1;;
30/11/2021  14:47:38,515983;9,399157E-1;1,238685E-1;1,167838E-1;9,377592E-1;;
30/11/2021  14:47:38,516083;9,395790E-1;1,133553E-1;1,013031E-1;9,380287E-1;;
30/11/2021  14:47:38,516183;9,394657E-1;8,818752E-2;8,297904E-2;9,382911E-1;;
30/11/2021  14:47:38,516283;9,394031E-1;9,678918E-2;8,234717E-2;9,385455E-1;;
30/11/2021  14:47:38,516383;9,400677E-1;1,601866E-1;1,518522E-1;9,387913E-1;;
30/11/2021  14:47:38,516483;9,396803E-1;1,433019E-1;1,559593E-1;9,390279E-1;;
30/11/2021  14:47:38,516583;9,389978E-1;1,385232E-1;1,736515E-1;9,392549E-1;;
30/11/2021  14:47:38,516683;9,386431E-1;1,474434E-1;1,692285E-1;9,394716E-1;;
30/11/2021  14:47:38,516783;9,388667E-1;1,321516E-1;1,328963E-1;9,396777E-1;;
30/11/2021  14:47:38,516883;9,396237E-1;1,375674E-1;1,379512E-1;9,398727E-1;;
30/11/2021  14:47:38,516983;9,397518E-1;1,168597E-1;1,357397E-1;9,400563E-1;;
30/11/2021  14:47:38,517083;9,400528E-1;1,366117E-1;1,366875E-1;9,402285E-1;;
30/11/2021  14:47:38,517183;9,398651E-1;1,417090E-1;1,395309E-1;9,403891E-1;;
30/11/2021  14:47:38,517283;9,397101E-1;1,264171E-1;1,300529E-1;9,405385E-1;;
30/11/2021  14:47:38,517383;9,394359E-1;1,382046E-1;1,366875E-1;9,406764E-1;;
30/11/2021  14:47:38,517483;9,396445E-1;1,331073E-1;1,101492E-1;9,408032E-1;;
30/11/2021  14:47:38,517583;9,398919E-1;1,391603E-1;1,338441E-1;9,409189E-1;;
30/11/2021  14:47:38,517683;9,401244E-1;1,041165E-1;1,319485E-1;9,410236E-1;;
30/11/2021  14:47:38,517783;9,412450E-1;5,409946E-2;7,539667E-2;9,411178E-1;;
30/11/2021  14:47:38,517883;9,407025E-1;1,662396E-1;1,796542E-1;9,412018E-1;;
30/11/2021  14:47:38,517983;9,405446E-1;1,541336E-1;1,433221E-1;9,412761E-1;;
30/11/2021  14:47:38,518083;9,403211E-1;1,257800E-1;1,281573E-1;9,413412E-1;;
30/11/2021  14:47:38,518183;9,410453E-1;2,808078E-3;5,891631E-3;9,413976E-1;;
30/11/2021  14:47:38,518283;9,413224E-1;2,808078E-3;4,943835E-3;9,414456E-1;;
30/11/2021  14:47:38,518383;9,415549E-1;1,533758E-3;3,680107E-3;9,414859E-1;;
30/11/2021  14:47:38,518483;9,421867E-1;3,763818E-3;5,575699E-3;9,415191E-1;;
30/11/2021  14:47:38,518583;9,419632E-1;1,852338E-3;4,311971E-3;9,415458E-1;;
30/11/2021  14:47:38,518683;9,419483E-1;8,542518E-3;9,998747E-3;9,415667E-1;;
30/11/2021  14:47:38,518783;9,429139E-1;3,126658E-3;4,311971E-3;9,415825E-1;;
30/11/2021  14:47:38,518883;9,428662E-1;8,223938E-3;1,031468E-2;9,415938E-1;;
30/11/2021  14:47:38,518983;9,440882E-1;3,126658E-3;3,996039E-3;9,416014E-1;;
30/11/2021  14:47:38,519083;9,446395E-1;7,905358E-3;9,050951E-3;9,416062E-1;;
30/11/2021  14:47:38,519183;9,445143E-1;2,489498E-3;4,627903E-3;9,416091E-1;;
30/11/2021  14:47:38,519283;9,448839E-1;3,445238E-3;5,891631E-3;9,416108E-1;;
30/11/2021  14:47:38,519383;9,450627E-1;2,489498E-3;4,311971E-3;9,416124E-1;;
30/11/2021  14:47:38,519483;9,453429E-1;1,215178E-3;3,680107E-3;9,416145E-1;;
30/11/2021  14:47:38,519583;9,458853E-1;1,215178E-3;4,311971E-3;9,416180E-1;;
30/11/2021  14:47:38,519683;9,471191E-1;1,215178E-3;3,364175E-3;9,416236E-1;;
30/11/2021  14:47:38,519783;9,474142E-1;1,215178E-3;3,364175E-3;9,416322E-1;;
30/11/2021  14:47:38,519883;9,477688E-1;2,594380E-4;2,732311E-3;9,416446E-1;;
30/11/2021  14:47:38,519983;9,474350E-1;1,533758E-3;3,364175E-3;9,416616E-1;;
30/11/2021  14:47:38,520083;9,467943E-1;1,215178E-3;3,364175E-3;9,416840E-1;;
30/11/2021  14:47:38,520183;9,474768E-1;8,965980E-4;3,048243E-3;9,417123E-1;;
30/11/2021  14:47:38,520283;9,474768E-1;5,356718E-3;7,155359E-3;9,417468E-1;;
30/11/2021  14:47:38,520383;9,476824E-1;1,852338E-3;3,680107E-3;9,417878E-1;;
30/11/2021  14:47:38,520483;9,476437E-1;8,965980E-4;3,364175E-3;9,418357E-1;;
30/11/2021  14:47:38,520583;9,471728E-1;5,780180E-4;2,416379E-3;9,418905E-1;;
30/11/2021  14:47:38,520683;9,470297E-1;8,965980E-4;3,364175E-3;9,419525E-1;;
30/11/2021  14:47:38,520783;9,469016E-1;6,312458E-3;8,103155E-3;9,420215E-1;;
30/11/2021  14:47:38,520883;9,458227E-1;2,808078E-3;4,943835E-3;9,420972E-1;;
30/11/2021  14:47:38,520983;9,464188E-1;7,586778E-3;9,366883E-3;9,421794E-1;;
30/11/2021  14:47:38,521083;9,461773E-1;1,533758E-3;4,943835E-3;9,422677E-1;;
30/11/2021  14:47:38,521183;9,456528E-1;3,126658E-3;4,627903E-3;9,423615E-1;;
30/11/2021  14:47:38,521283;9,449077E-1;1,215178E-3;3,364175E-3;9,424604E-1;;
30/11/2021  14:47:38,521383;9,446216E-1;8,965980E-4;3,364175E-3;9,425636E-1;;
30/11/2021  14:47:38,521483;9,448183E-1;2,170918E-3;4,311971E-3;9,426706E-1;;
30/11/2021  14:47:38,521583;9,442551E-1;8,965980E-4;3,048243E-3;9,427804E-1;;
30/11/2021  14:47:38,521683;9,441656E-1;2,170918E-3;4,627903E-3;9,428925E-1;;
30/11/2021  14:47:38,521783;9,441656E-1;9,816838E-3;1,189434E-2;9,430059E-1;;
30/11/2021  14:47:38,521883;9,428871E-1;1,459554E-2;1,378993E-2;9,431200E-1;;
30/11/2021  14:47:38,521983;9,433371E-1;1,491412E-2;1,758111E-2;9,432340E-1;;
30/11/2021  14:47:38,522083;9,422761E-1;1,459554E-2;1,600145E-2;9,433470E-1;;
30/11/2021  14:47:38,522183;9,421957E-1;1,268406E-2;1,726518E-2;9,434582E-1;;
30/11/2021  14:47:38,522283;9,419692E-1;1,204690E-2;1,442179E-2;9,435667E-1;;
30/11/2021  14:47:38,522383;9,422493E-1;1,650702E-2;3,432551E-2;9,436716E-1;;
30/11/2021  14:47:38,522483;9,416741E-1;6,652408E-2;7,444887E-2;9,437724E-1;;
30/11/2021  14:47:38,522583;9,413135E-1;1,009307E-1;1,300529E-1;9,438683E-1;;
30/11/2021  14:47:38,522683;9,410453E-1;1,650702E-2;1,916077E-2;9,439586E-1;;
30/11/2021  14:47:38,522783;9,402823E-1;1,286472E-1;1,335282E-1;9,440426E-1;;
30/11/2021  14:47:38,522883;9,396416E-1;9,710776E-2;1,199431E-1;9,441198E-1;;
30/11/2021  14:47:38,522983;9,402823E-1;7,130278E-2;1,123607E-1;9,441893E-1;;
30/11/2021  14:47:38,523083;9,402436E-1;1,359745E-1;1,316326E-1;9,442507E-1;;
30/11/2021  14:47:38,523183;9,396207E-1;1,155854E-1;1,095173E-1;9,443035E-1;;
30/11/2021  14:47:38,523283;9,398859E-1;1,127182E-1;9,530039E-2;9,443473E-1;;
30/11/2021  14:47:38,523383;9,401154E-1;1,085766E-1;8,455870E-2;9,443818E-1;;
30/11/2021  14:47:38,523483;9,395521E-1;1,117624E-1;1,035146E-1;9,444068E-1;;
30/11/2021  14:47:38,523583;9,388279E-1;1,248242E-1;1,272095E-1;9,444222E-1;;
30/11/2021  14:47:38,523683;9,401452E-1;1,238685E-1;1,196272E-1;9,444278E-1;;
30/11/2021  14:47:38,523783;9,406161E-1;1,971419E-1;2,308352E-1;9,444235E-1;;
30/11/2021  14:47:38,523883;9,409767E-1;1,171783E-1;1,104651E-1;9,444097E-1;;
30/11/2021  14:47:38,523983;9,399336E-1;1,347002E-1;1,546956E-1;9,443867E-1;;
30/11/2021  14:47:38,524083;9,401750E-1;1,139925E-1;1,354238E-1;9,443548E-1;;
30/11/2021  14:47:38,524183;9,399694E-1;8,372740E-2;1,382671E-1;9,443143E-1;;
30/11/2021  14:47:38,524283;9,407651E-1;1,324701E-1;1,316326E-1;9,442655E-1;;
30/11/2021  14:47:38,524383;9,411675E-1;1,200455E-1;1,246821E-1;9,442089E-1;;
30/11/2021  14:47:38,524483;9,412956E-1;9,742634E-2;1,107811E-1;9,441451E-1;;
30/11/2021  14:47:38,524583;9,412956E-1;1,296029E-1;1,310007E-1;9,440747E-1;;
30/11/2021  14:47:38,524683;9,415370E-1;1,257800E-1;1,202590E-1;9,439983E-1;;
30/11/2021  14:47:38,524783;9,415132E-1;1,053908E-1;1,079377E-1;9,439165E-1;;
30/11/2021  14:47:38,524883;9,406429E-1;1,560451E-1;1,812339E-1;9,438302E-1;;
30/11/2021  14:47:38,524983;9,410840E-1;1,464877E-1;1,436380E-1;9,437397E-1;;
30/11/2021  14:47:38,525083;9,422255E-1;1,257800E-1;1,256299E-1;9,436456E-1;;
30/11/2021  14:47:38,525183;9,424609E-1;1,283286E-1;1,376353E-1;9,435485E-1;;
30/11/2021  14:47:38,525283;9,423715E-1;1,273729E-1;1,275255E-1;9,434493E-1;;
30/11/2021  14:47:38,525383;9,416413E-1;1,251428E-1;1,186794E-1;9,433486E-1;;
30/11/2021  14:47:38,525483;9,417903E-1;1,675139E-1;1,989261E-1;9,432470E-1;;
30/11/2021  14:47:38,525583;9,423953E-1;1,101695E-1;1,243661E-1;9,431450E-1;;
30/11/2021  14:47:38,525683;9,424579E-1;1,213198E-1;1,249980E-1;9,430432E-1;;
30/11/2021  14:47:38,525783;9,429258E-1;1,251428E-1;1,278414E-1;9,429422E-1;;
30/11/2021  14:47:38,525883;9,428186E-1;1,267357E-1;1,297370E-1;9,428425E-1;;
30/11/2021  14:47:38,525983;9,425444E-1;1,257800E-1;1,275255E-1;9,427447E-1;;
30/11/2021  14:47:38,526083;9,428692E-1;1,149482E-1;1,152041E-1;9,426493E-1;;
30/11/2021  14:47:38,526183;9,425026E-1;1,347002E-1;1,284732E-1;9,425568E-1;;
30/11/2021  14:47:38,526283;9,428126E-1;1,257800E-1;1,253139E-1;9,424674E-1;;
30/11/2021  14:47:38,526383;9,428931E-1;1,203641E-1;1,249980E-1;9,423815E-1;;
30/11/2021  14:47:38,526483;9,432358E-1;1,219570E-1;1,338441E-1;9,422994E-1;;
30/11/2021  14:47:38,526583;9,434802E-1;9,137332E-2;9,814378E-2;9,422216E-1;;
30/11/2021  14:47:38,526683;9,423626E-1;1,130368E-1;1,082536E-1;9,421482E-1;;
30/11/2021  14:47:38,526783;9,417367E-1;9,816838E-3;2,895467E-2;9,420794E-1;;
30/11/2021  14:47:38,526883;9,419096E-1;1,363980E-2;1,076217E-1;9,420153E-1;;
30/11/2021  14:47:38,526983;9,418052E-1;1,448948E-1;1,461654E-1;9,419556E-1;;
30/11/2021  14:47:38,527083;9,419811E-1;-1,694388E-2;1,237343E-1;9,419004E-1;;
30/11/2021  14:47:38,527183;9,420526E-1;1,289658E-1;1,240502E-1;9,418494E-1;;
30/11/2021  14:47:38,527283;9,414118E-1;1,439390E-1;1,755471E-1;9,418026E-1;;
30/11/2021  14:47:38,527383;9,411615E-1;1,143111E-1;1,189953E-1;9,417598E-1;;
30/11/2021  14:47:38,527483;9,403032E-1;1,181340E-1;1,174156E-1;9,417207E-1;;
30/11/2021  14:47:38,527583;9,404403E-1;1,063466E-1;7,634447E-2;9,416849E-1;;
30/11/2021  14:47:38,527683;9,404254E-1;1,187712E-1;1,268936E-1;9,416520E-1;;
30/11/2021  14:47:38,527783;9,406727E-1;5,919674E-2;6,339125E-2;9,416217E-1;;
30/11/2021  14:47:38,527883;9,406936E-1;1,213198E-1;1,189953E-1;9,415936E-1;;
30/11/2021  14:47:38,527983;9,412330E-1;1,200455E-1;9,182514E-2;9,415675E-1;;
30/11/2021  14:47:38,528083;9,405297E-1;1,213198E-1;1,038306E-1;9,415431E-1;;
30/11/2021  14:47:38,528183;9,404164E-1;1,136739E-1;1,110970E-1;9,415202E-1;;
30/11/2021  14:47:38,528283;9,404850E-1;1,264171E-1;1,439539E-1;9,414987E-1;;
30/11/2021  14:47:38,528383;9,409648E-1;4,231200E-2;5,264957E-2;9,414783E-1;;
30/11/2021  14:47:38,528483;9,413701E-1;1,366117E-1;1,388990E-1;9,414587E-1;;
30/11/2021  14:47:38,528583;9,414506E-1;7,735580E-2;8,203124E-2;9,414401E-1;;
30/11/2021  14:47:38,528683;9,420228E-1;1,369303E-1;1,543797E-1;9,414224E-1;;
30/11/2021  14:47:38,528783;9,418201E-1;8,850610E-2;9,214107E-2;9,414057E-1;;
30/11/2021  14:47:38,528883;9,421152E-1;9,965640E-2;9,403666E-2;9,413902E-1;;
30/11/2021  14:47:38,528983;9,423983E-1;1,216384E-1;1,183634E-1;9,413758E-1;;
30/11/2021  14:47:38,529083;9,427768E-1;1,254614E-1;1,205749E-1;9,413629E-1;;
30/11/2021  14:47:38,529183;9,435547E-1;1,321516E-1;1,208909E-1;9,413517E-1;;
30/11/2021  14:47:38,529283;9,438855E-1;1,225942E-1;1,202590E-1;9,413424E-1;;
30/11/2021  14:47:38,529383;9,433014E-1;1,257800E-1;1,212068E-1;9,413354E-1;;
30/11/2021  14:47:38,529483;9,426397E-1;1,136739E-1;9,909157E-2;9,413309E-1;;
30/11/2021  14:47:38,529583;9,427738E-1;1,215178E-3;1,947671E-2;9,413292E-1;;
30/11/2021  14:47:38,529683;9,432418E-1;7,130278E-2;7,381701E-2;9,413303E-1;;
30/11/2021  14:47:38,529783;9,442163E-1;1,013542E-2;1,252620E-2;9,413342E-1;;
30/11/2021  14:47:38,529883;9,449524E-1;1,187712E-1;1,442698E-1;9,413411E-1;;
30/11/2021  14:47:38,529983;9,443743E-1;8,818752E-2;1,433221E-1;9,413514E-1;;
30/11/2021  14:47:38,530083;9,441954E-1;1,006121E-1;1,174156E-1;9,413653E-1;;
30/11/2021  14:47:38,530183;9,442193E-1;1,095324E-1;1,186794E-1;9,413830E-1;;
30/11/2021  14:47:38,530283;9,444577E-1;1,095324E-1;1,278414E-1;9,414046E-1;;
30/11/2021  14:47:38,530383;9,457243E-1;9,360338E-2;1,066739E-1;9,414301E-1;;
30/11/2021  14:47:38,530483;9,457094E-1;9,455912E-2;1,000394E-1;9,414598E-1;;
30/11/2021  14:47:38,530583;9,463413E-1;1,053908E-1;1,262617E-1;9,414940E-1;;
30/11/2021  14:47:38,530683;9,459449E-1;1,012493E-1;1,085695E-1;9,415329E-1;;
30/11/2021  14:47:38,530783;9,455753E-1;9,328480E-2;9,182514E-2;9,415767E-1;;
30/11/2021  14:47:38,530883;9,454561E-1;1,053908E-1;1,050943E-1;9,416255E-1;;
30/11/2021  14:47:38,530983;9,449763E-1;1,060280E-1;1,098333E-1;9,416793E-1;;
30/11/2021  14:47:38,531083;9,458287E-1;1,146297E-1;1,215227E-1;9,417378E-1;;
30/11/2021  14:47:38,531183;9,454233E-1;1,286472E-1;1,578549E-1;9,418011E-1;;
30/11/2021  14:47:38,531283;9,448869E-1;9,009900E-2;3,337771E-2;9,418689E-1;;
30/11/2021  14:47:38,531383;9,448541E-1;1,445762E-1;1,584868E-1;9,419410E-1;;
30/11/2021  14:47:38,531483;9,441984E-1;1,636910E-1;1,534319E-1;9,420170E-1;;
30/11/2021  14:47:38,531583;9,437544E-1;1,652839E-1;1,531159E-1;9,420965E-1;;
30/11/2021  14:47:38,531683;9,438736E-1;1,678325E-1;1,521681E-1;9,421789E-1;;
30/11/2021  14:47:38,531783;9,437454E-1;1,614609E-1;1,502726E-1;9,422637E-1;;
30/11/2021  14:47:38,531883;9,441329E-1;1,420275E-1;1,253139E-1;9,423503E-1;;
30/11/2021  14:47:38,531983;9,435934E-1;1,260985E-1;1,395309E-1;9,424384E-1;;
30/11/2021  14:47:38,532083;9,428633E-1;1,359745E-1;1,376353E-1;9,425272E-1;;
30/11/2021  14:47:38,532183;9,425295E-1;1,401161E-1;1,385831E-1;9,426164E-1;;
30/11/2021  14:47:38,532283;9,413224E-1;1,225942E-1;1,129926E-1;9,427051E-1;;
30/11/2021  14:47:38,532383;9,411049E-1;1,270543E-1;1,224705E-1;9,427927E-1;;
30/11/2021  14:47:38,532483;9,407145E-1;1,152668E-1;7,413294E-2;9,428783E-1;;
30/11/2021  14:47:38,532583;9,404731E-1;1,018865E-1;9,909157E-2;9,429609E-1;;
30/11/2021  14:47:38,532683;9,403002E-1;7,512574E-2;5,644075E-2;9,430399E-1;;
30/11/2021  14:47:38,532783;9,396177E-1;1,219570E-1;1,167838E-1;9,431144E-1;;
30/11/2021  14:47:38,532883;9,393495E-1;1,426647E-1;1,515363E-1;9,431838E-1;;
30/11/2021  14:47:38,532983;9,388071E-1;1,362931E-1;1,341600E-1;9,432471E-1;;
30/11/2021  14:47:38,533083;9,388011E-1;2,829448E-2;8,139938E-2;9,433038E-1;;
30/11/2021  14:47:38,533183;9,385061E-1;1,248242E-1;1,265777E-1;9,433531E-1;;
30/11/2021  14:47:38,533283;9,381186E-1;1,241871E-1;1,300529E-1;9,433945E-1;;
30/11/2021  14:47:38,533383;9,377878E-1;1,318330E-1;1,401627E-1;9,434274E-1;;
30/11/2021  14:47:38,533483;9,364616E-1;1,331073E-1;1,335282E-1;9,434512E-1;;
30/11/2021  14:47:38,533583;9,361010E-1;1,187712E-1;1,363715E-1;9,434654E-1;;
30/11/2021  14:47:38,533683;9,357493E-1;1,324701E-1;1,306848E-1;9,434694E-1;;
30/11/2021  14:47:38,533783;9,361725E-1;1,260985E-1;1,265777E-1;9,434626E-1;;
30/11/2021  14:47:38,533883;9,356658E-1;1,225942E-1;1,126766E-1;9,434446E-1;;
30/11/2021  14:47:38,533983;9,355973E-1;1,315144E-1;1,395309E-1;9,434150E-1;;
30/11/2021  14:47:38,534083;9,353797E-1;1,321516E-1;1,420583E-1;9,433737E-1;;
30/11/2021  14:47:38,534183;9,350280E-1;1,203641E-1;1,831295E-1;9,433204E-1;;
30/11/2021  14:47:38,534283;9,343485E-1;1,840801E-1;1,591187E-1;9,432551E-1;;
30/11/2021  14:47:38,534383;9,349565E-1;1,477620E-1;1,512204E-1;9,431778E-1;;
30/11/2021  14:47:38,534483;9,354274E-1;2,702016E-2;6,086380E-2;9,430883E-1;;
30/11/2021  14:47:38,534583;9,355615E-1;1,222756E-1;1,145722E-1;9,429871E-1;;
30/11/2021  14:47:38,534683;9,352396E-1;1,267357E-1;1,385831E-1;9,428743E-1;;
30/11/2021  14:47:38,534783;9,360264E-1;1,563636E-1;1,641736E-1;9,427506E-1;;
30/11/2021  14:47:38,534883;9,359192E-1;1,267357E-1;1,294210E-1;9,426163E-1;;
30/11/2021  14:47:38,534983;9,359579E-1;1,547707E-1;1,730197E-1;9,424723E-1;;
30/11/2021  14:47:38,535083;9,367924E-1;1,305587E-1;1,351078E-1;9,423192E-1;;
30/11/2021  14:47:38,535183;9,371023E-1;1,178155E-1;1,092014E-1;9,421577E-1;;
30/11/2021  14:47:38,535283;9,375822E-1;1,311958E-1;1,310007E-1;9,419889E-1;;
30/11/2021  14:47:38,535383;9,371232E-1;1,190898E-1;1,038306E-1;9,418138E-1;;
30/11/2021  14:47:38,535483;9,377908E-1;1,598680E-1;1,531159E-1;9,416333E-1;;
30/11/2021  14:47:38,535583;9,376924E-1;8,404598E-2;8,171531E-2;9,414484E-1;;
30/11/2021  14:47:38,535683;9,381276E-1;1,378860E-1;1,445858E-1;9,412601E-1;;
30/11/2021  14:47:38,535783;9,388220E-1;1,162226E-1;1,145722E-1;9,410695E-1;;
30/11/2021  14:47:38,535883;9,391379E-1;9,455912E-2;1,606983E-1;9,408776E-1;;
30/11/2021  14:47:38,535983;9,393614E-1;1,382046E-1;1,224705E-1;9,406854E-1;;
30/11/2021  14:47:38,536083;9,399843E-1;1,289658E-1;1,569071E-1;9,404942E-1;;
30/11/2021  14:47:38,536183;9,400916E-1;1,347002E-1;1,512204E-1;9,403050E-1;;
30/11/2021  14:47:38,536283;9,403151E-1;1,824872E-1;1,644895E-1;9,401188E-1;;
30/11/2021  14:47:38,536383;9,407532E-1;1,331073E-1;1,338441E-1;9,399367E-1;;
30/11/2021  14:47:38,536483;9,416652E-1;1,283286E-1;1,180475E-1;9,397597E-1;;
30/11/2021  14:47:38,536583;9,420914E-1;1,299215E-1;1,183634E-1;9,395889E-1;;
30/11/2021  14:47:38,536683;9,421122E-1;1,362931E-1;1,366875E-1;9,394252E-1;;
30/11/2021  14:47:38,536783;9,430182E-1;1,251428E-1;1,076217E-1;9,392697E-1;;
30/11/2021  14:47:38,536883;9,430868E-1;1,088952E-1;9,182514E-2;9,391232E-1;;
30/11/2021  14:47:38,536983;9,433878E-1;9,041758E-2;1,265777E-1;9,389867E-1;;
30/11/2021  14:47:38,537083;9,438706E-1;4,900218E-2;7,128955E-2;9,388611E-1;;
30/11/2021  14:47:38,537183;9,451104E-1;1,417090E-1;1,603824E-1;9,387470E-1;;
30/11/2021  14:47:38,537283;9,450419E-1;2,287862E-2;7,381701E-2;9,386453E-1;;
30/11/2021  14:47:38,537383;9,458316E-1;1,442576E-1;1,505885E-1;9,385567E-1;;
30/11/2021  14:47:38,537483;9,461475E-1;1,162226E-1;1,208909E-1;9,384820E-1;;
30/11/2021  14:47:38,537583;9,459628E-1;1,114439E-1;1,982942E-1;9,384218E-1;;
30/11/2021  14:47:38,537683;9,467347E-1;1,347002E-1;1,436380E-1;9,383766E-1;;
30/11/2021  14:47:38,537783;9,473158E-1;1,315144E-1;1,411105E-1;9,383468E-1;;
30/11/2021  14:47:38,537883;9,473397E-1;1,283286E-1;1,319485E-1;9,383329E-1;;
30/11/2021  14:47:38,537983;9,478672E-1;1,318330E-1;1,382671E-1;9,383351E-1;;
30/11/2021  14:47:38,538083;9,474589E-1;1,347002E-1;1,332122E-1;9,383538E-1;;
30/11/2021  14:47:38,538183;9,480907E-1;1,459554E-2;1,663332E-2;9,383889E-1;;
30/11/2021  14:47:38,538283;9,474142E-1;5,780180E-4;3,680107E-3;9,384405E-1;;
30/11/2021  14:47:38,538383;9,477480E-1;7,586778E-3;9,050951E-3;9,385083E-1;;
30/11/2021  14:47:38,538483;9,479387E-1;4,400978E-3;6,523495E-3;9,385923E-1;;
30/11/2021  14:47:38,538583;9,484275E-1;5,993878E-3;8,735019E-3;9,386919E-1;;
30/11/2021  14:47:38,538683;9,482665E-1;6,949618E-3;8,735019E-3;9,388068E-1;;
30/11/2021  14:47:38,538783;9,480251E-1;4,719558E-3;6,523495E-3;9,389365E-1;;
30/11/2021  14:47:38,538883;9,479119E-1;5,038138E-3;7,471291E-3;9,390806E-1;;
30/11/2021  14:47:38,538983;9,481652E-1;7,905358E-3;9,366883E-3;9,392384E-1;;
30/11/2021  14:47:38,539083;9,480818E-1;1,852338E-3;4,311971E-3;9,394090E-1;;
30/11/2021  14:47:38,539183;9,490802E-1;9,498258E-3;1,157841E-2;9,395919E-1;;
30/11/2021  14:47:38,539283;9,487553E-1;4,400978E-3;6,523495E-3;9,397864E-1;;
30/11/2021  14:47:38,539383;9,484990E-1;9,179678E-3;1,126247E-2;9,399916E-1;;
30/11/2021  14:47:38,539483;9,483083E-1;1,852338E-3;3,364175E-3;9,402070E-1;;
30/11/2021  14:47:38,539583;9,482904E-1;2,489498E-3;4,627903E-3;9,404316E-1;;
30/11/2021  14:47:38,539683;9,481324E-1;8,965980E-4;3,680107E-3;9,406645E-1;;
30/11/2021  14:47:38,539783;9,486063E-1;8,965980E-4;2,732311E-3;9,409048E-1;;
30/11/2021  14:47:38,539883;9,489967E-1;1,215178E-3;3,048243E-3;9,411517E-1;;
30/11/2021  14:47:38,539983;9,490235E-1;1,215178E-3;4,311971E-3;9,414044E-1;;
30/11/2021  14:47:38,540083;9,490682E-1;1,215178E-3;3,048243E-3;9,416620E-1;;
30/11/2021  14:47:38,540183;9,484334E-1;8,965980E-4;3,048243E-3;9,419238E-1;;
30/11/2021  14:47:38,540283;9,478880E-1;8,965980E-4;4,311971E-3;9,421891E-1;;
30/11/2021  14:47:38,540383;9,481652E-1;3,445238E-3;4,943835E-3;9,424567E-1;;
30/11/2021  14:47:38,540483;9,486361E-1;1,215178E-3;3,364175E-3;9,427260E-1;;
30/11/2021  14:47:38,540583;9,484036E-1;8,965980E-4;3,680107E-3;9,429959E-1;;
30/11/2021  14:47:38,540683;9,485050E-1;1,533758E-3;4,311971E-3;9,432658E-1;;
30/11/2021  14:47:38,540783;9,488030E-1;1,215178E-3;3,680107E-3;9,435349E-1;;
30/11/2021  14:47:38,540883;9,487434E-1;5,780180E-4;2,732311E-3;9,438024E-1;;
30/11/2021  14:47:38,540983;9,488566E-1;5,780180E-4;2,732311E-3;9,440679E-1;;
30/11/2021  14:47:38,541083;9,491964E-1;8,965980E-4;3,048243E-3;9,443307E-1;;
30/11/2021  14:47:38,541183;9,495779E-1;5,780180E-4;3,048243E-3;9,445902E-1;;
30/11/2021  14:47:38,541283;9,505405E-1;1,215178E-3;3,680107E-3;9,448463E-1;;
30/11/2021  14:47:38,541383;9,502186E-1;1,533758E-3;3,680107E-3;9,450984E-1;;
30/11/2021  14:47:38,541483;9,506985E-1;1,852338E-3;4,311971E-3;9,453466E-1;;
30/11/2021  14:47:38,541583;9,499444E-1;1,852338E-3;3,680107E-3;9,455907E-1;;
30/11/2021  14:47:38,541683;9,504898E-1;6,949618E-3;9,998747E-3;9,458304E-1;;
30/11/2021  14:47:38,541783;9,511723E-1;1,533758E-3;3,996039E-3;9,460656E-1;;
30/11/2021  14:47:38,541883;9,513452E-1;8,965980E-4;3,364175E-3;9,462961E-1;;
30/11/2021  14:47:38,541983;9,519591E-1;7,268198E-3;9,998747E-3;9,465221E-1;;
30/11/2021  14:47:38,542083;9,521767E-1;6,631038E-3;1,252620E-2;9,467436E-1;;
30/11/2021  14:47:38,542183;9,523495E-1;1,523270E-2;1,600145E-2;9,469608E-1;;
30/11/2021  14:47:38,542283;9,517893E-1;1,714418E-2;2,042450E-2;9,471737E-1;;
30/11/2021  14:47:38,542383;9,523704E-1;1,682560E-2;1,979264E-2;9,473825E-1;;
30/11/2021  14:47:38,542483;9,529396E-1;1,682560E-2;1,852891E-2;9,475873E-1;;
30/11/2021  14:47:38,542583;9,532079E-1;5,378088E-2;5,612482E-2;9,477882E-1;;
30/11/2021  14:47:38,542683;9,533509E-1;1,778134E-2;2,137230E-2;9,479855E-1;;
30/11/2021  14:47:38,542783;9,533301E-1;1,270543E-1;1,208909E-1;9,481793E-1;;
30/11/2021  14:47:38,542883;9,528383E-1;1,270543E-1;1,262617E-1;9,483698E-1;;
30/11/2021  14:47:38,542983;9,527996E-1;1,187712E-1;1,133085E-1;9,485572E-1;;
30/11/2021  14:47:38,543083;9,527459E-1;1,586986E-2;1,726518E-2;9,487414E-1;;
30/11/2021  14:47:38,543183;9,529724E-1;8,755036E-2;8,803395E-2;9,489224E-1;;
30/11/2021  14:47:38,543283;9,532347E-1;1,778134E-2;2,800687E-2;9,491002E-1;;
30/11/2021  14:47:38,543383;9,537235E-1;1,589123E-1;1,660692E-1;9,492748E-1;;
30/11/2021  14:47:38,543483;9,533241E-1;7,863012E-2;8,266311E-2;9,494463E-1;;
30/11/2021  14:47:38,543583;9,527191E-1;1,203641E-1;1,303688E-1;9,496147E-1;;
30/11/2021  14:47:38,543683;9,528830E-1;1,257800E-1;1,253139E-1;9,497800E-1;;
30/11/2021  14:47:38,543783;9,535148E-1;1,245056E-1;1,278414E-1;9,499420E-1;;
30/11/2021  14:47:38,543883;9,536072E-1;1,187712E-1;1,253139E-1;9,501008E-1;;
30/11/2021  14:47:38,543983;9,538129E-1;1,079395E-1;9,277293E-2;9,502562E-1;;
30/11/2021  14:47:38,544083;9,535387E-1;1,264171E-1;1,193112E-1;9,504085E-1;;
30/11/2021  14:47:38,544183;9,533867E-1;1,334259E-1;1,310007E-1;9,505576E-1;;
30/11/2021  14:47:38,544283;9,531214E-1;1,229127E-1;1,237343E-1;9,507035E-1;;
30/11/2021  14:47:38,544383;9,529367E-1;1,216384E-1;1,205749E-1;9,508460E-1;;
30/11/2021  14:47:38,544483;9,534970E-1;1,523270E-2;5,359736E-2;9,509851E-1;;
30/11/2021  14:47:38,544583;9,532824E-1;1,238685E-1;1,205749E-1;9,511207E-1;;
30/11/2021  14:47:38,544683;9,531095E-1;1,222756E-1;9,372073E-2;9,512527E-1;;
30/11/2021  14:47:38,544783;9,523108E-1;1,190898E-1;1,202590E-1;9,513810E-1;;
30/11/2021  14:47:38,544883;9,518697E-1;1,302401E-1;1,572231E-1;9,515053E-1;;
30/11/2021  14:47:38,544983;9,507938E-1;1,643281E-1;1,676488E-1;9,516255E-1;;
30/11/2021  14:47:38,545083;9,507044E-1;1,101695E-1;1,208909E-1;9,517411E-1;;
30/11/2021  14:47:38,545183;9,503647E-1;1,254614E-1;1,265777E-1;9,518514E-1;;
30/11/2021  14:47:38,545283;9,506508E-1;1,280100E-1;1,294210E-1;9,519562E-1;;
30/11/2021  14:47:38,545383;9,502216E-1;1,178155E-1;1,297370E-1;9,520548E-1;;
30/11/2021  14:47:38,545483;9,492232E-1;1,382046E-1;1,486929E-1;9,521469E-1;;
30/11/2021  14:47:38,545583;9,484811E-1;1,296029E-1;1,287892E-1;9,522321E-1;;
30/11/2021  14:47:38,545683;9,479238E-1;1,280100E-1;1,278414E-1;9,523097E-1;;
30/11/2021  14:47:38,545783;9,476615E-1;1,260985E-1;1,246821E-1;9,523791E-1;;
30/11/2021  14:47:38,545883;9,476198E-1;1,289658E-1;1,316326E-1;9,524397E-1;;
30/11/2021  14:47:38,545983;9,472681E-1;9,806350E-2;8,266311E-2;9,524911E-1;;
30/11/2021  14:47:38,546083;9,466333E-1;1,165411E-1;1,022509E-1;9,525327E-1;;
30/11/2021  14:47:38,546183;9,464724E-1;1,248242E-1;1,360556E-1;9,525641E-1;;
30/11/2021  14:47:38,546283;9,460999E-1;1,251428E-1;1,313166E-1;9,525848E-1;;
30/11/2021  14:47:38,546383;9,453309E-1;2,000091E-1;1,856569E-1;9,525945E-1;;
30/11/2021  14:47:38,546483;9,448481E-1;1,397975E-1;1,328963E-1;9,525928E-1;;
30/11/2021  14:47:38,546583;9,445590E-1;1,331073E-1;1,385831E-1;9,525794E-1;;
30/11/2021  14:47:38,546683;9,448392E-1;1,264171E-1;1,202590E-1;9,525539E-1;;
30/11/2021  14:47:38,546783;9,444339E-1;1,174969E-1;1,366875E-1;9,525160E-1;;
30/11/2021  14:47:38,546883;9,442104E-1;1,178155E-1;1,189953E-1;9,524658E-1;;
30/11/2021  14:47:38,546983;9,434772E-1;9,615202E-2;1,092014E-1;9,524030E-1;;
30/11/2021  14:47:38,547083;9,427142E-1;2,210354E-1;2,008217E-1;9,523276E-1;;
30/11/2021  14:47:38,547183;9,425682E-1;7,268198E-3;5,138584E-2;9,522395E-1;;
30/11/2021  14:47:38,547283;9,429288E-1;1,139925E-1;9,593225E-2;9,521387E-1;;
30/11/2021  14:47:38,547383;9,424192E-1;1,235499E-1;1,193112E-1;9,520252E-1;;
30/11/2021  14:47:38,547483;9,421688E-1;1,273729E-1;1,044624E-1;9,518991E-1;;
30/11/2021  14:47:38,547583;9,418172E-1;8,563888E-2;1,054102E-1;9,517606E-1;;
30/11/2021  14:47:38,547683;9,417009E-1;1,022050E-1;9,466852E-2;9,516099E-1;;
30/11/2021  14:47:38,547783;9,413165E-1;1,276914E-1;1,401627E-1;9,514473E-1;;
30/11/2021  14:47:38,547883;9,408843E-1;1,034794E-1;9,435259E-2;9,512730E-1;;
30/11/2021  14:47:38,547983;9,410184E-1;1,206827E-1;1,145722E-1;9,510872E-1;;
30/11/2021  14:47:38,548083;9,411466E-1;1,015679E-1;1,009872E-1;9,508905E-1;;
30/11/2021  14:47:38,548183;9,408277E-1;1,206827E-1;1,426902E-1;9,506832E-1;;
30/11/2021  14:47:38,548283;9,407085E-1;1,503106E-1;1,423743E-1;9,504657E-1;;
30/11/2021  14:47:38,548383;9,402704E-1;1,286472E-1;1,303688E-1;9,502387E-1;;
30/11/2021  14:47:38,548483;9,402764E-1;1,194084E-1;1,136244E-1;9,500026E-1;;
30/11/2021  14:47:38,548583;9,403419E-1;8,978042E-2;9,624818E-2;9,497580E-1;;
30/11/2021  14:47:38,548683;9,407085E-1;1,002936E-1;8,329497E-2;9,495055E-1;;
30/11/2021  14:47:38,548783;9,403568E-1;1,241871E-1;1,221546E-1;9,492457E-1;;
30/11/2021  14:47:38,548883;9,404552E-1;1,268406E-2;1,568552E-2;9,489794E-1;;
30/11/2021  14:47:38,548983;9,398591E-1;1,229127E-1;1,129926E-1;9,487073E-1;;
30/11/2021  14:47:38,549083;9,398770E-1;8,117876E-2;6,591871E-2;9,484300E-1;;
30/11/2021  14:47:38,549183;9,395223E-1;1,523270E-2;1,821298E-2;9,481482E-1;;
30/11/2021  14:47:38,549283;9,402525E-1;-3,032424E-2;3,969635E-2;9,478626E-1;;
30/11/2021  14:47:38,549383;9,397578E-1;1,366117E-1;1,357397E-1;9,475738E-1;;
30/11/2021  14:47:38,549483;9,394419E-1;1,356559E-1;1,234183E-1;9,472825E-1;;
30/11/2021  14:47:38,549583;9,391885E-1;1,219570E-1;1,256299E-1;9,469893E-1;;
30/11/2021  14:47:38,549683;9,383779E-1;1,340630E-1;1,388990E-1;9,466949E-1;;
30/11/2021  14:47:38,549783;9,379636E-1;1,283286E-1;1,310007E-1;9,463996E-1;;
30/11/2021  14:47:38,549883;9,376447E-1;1,159040E-1;1,167838E-1;9,461038E-1;;
30/11/2021  14:47:38,549983;9,377371E-1;1,149482E-1;1,133085E-1;9,458078E-1;;
30/11/2021  14:47:38,550083;9,375136E-1;1,085766E-1;1,145722E-1;9,455119E-1;;
30/11/2021  14:47:38,550183;9,369682E-1;1,095324E-1;1,199431E-1;9,452164E-1;;
30/11/2021  14:47:38,550283;9,366881E-1;1,114439E-1;1,073058E-1;9,449215E-1;;
30/11/2021  14:47:38,550383;9,360741E-1;9,232906E-2;9,119327E-2;9,446275E-1;;
30/11/2021  14:47:38,550483;9,355705E-1;9,455912E-2;9,909157E-2;9,443344E-1;;
30/11/2021  14:47:38,550583;9,353589E-1;1,044351E-1;1,139404E-1;9,440424E-1;;
30/11/2021  14:47:38,550683;9,358655E-1;1,013542E-2;4,096008E-2;9,437514E-1;;
30/11/2021  14:47:38,550783;9,354274E-1;3,562182E-2;6,876210E-2;9,434615E-1;;
30/11/2021  14:47:38,550883;9,348194E-1;7,671864E-2;8,329497E-2;9,431729E-1;;
30/11/2021  14:47:38,550983;9,342234E-1;1,050723E-1;1,319485E-1;9,428856E-1;;
30/11/2021  14:47:38,551083;9,338180E-1;7,958586E-2;1,310007E-1;9,425997E-1;;
30/11/2021  14:47:38,551183;9,331922E-1;1,088952E-1;1,152041E-1;9,423151E-1;;
30/11/2021  14:47:38,551283;9,335170E-1;1,053908E-1;1,177316E-1;9,420316E-1;;
30/11/2021  14:47:38,551383;9,332935E-1;1,120810E-1;1,202590E-1;9,417492E-1;;
30/11/2021  14:47:38,551483;9,326021E-1;1,267357E-1;1,430061E-1;9,414679E-1;;
30/11/2021  14:47:38,551583;9,327004E-1;1,327887E-1;1,366875E-1;9,411875E-1;;
30/11/2021  14:47:38,551683;9,318123E-1;1,464877E-1;1,316326E-1;9,409081E-1;;
30/11/2021  14:47:38,551783;9,318719E-1;1,417090E-1;1,104651E-1;9,406296E-1;;
30/11/2021  14:47:38,551883;9,314308E-1;1,675139E-1;1,483770E-1;9,403518E-1;;
30/11/2021  14:47:38,551983;9,311715E-1;1,044351E-1;9,940750E-2;9,400746E-1;;
30/11/2021  14:47:38,552083;9,316573E-1;1,464877E-1;1,341600E-1;9,397980E-1;;
30/11/2021  14:47:38,552183;9,312401E-1;4,549780E-2;3,242992E-2;9,395220E-1;;
30/11/2021  14:47:38,552283;9,312311E-1;6,110822E-2;9,340479E-2;9,392466E-1;;
30/11/2021  14:47:38,552383;9,309421E-1;1,251428E-1;1,395309E-1;9,389718E-1;;
30/11/2021  14:47:38,552483;9,307603E-1;1,519035E-1;1,480610E-1;9,386979E-1;;
30/11/2021  14:47:38,552583;9,304980E-1;1,037979E-1;1,376353E-1;9,384248E-1;;
30/11/2021  14:47:38,552683;9,312699E-1;1,280100E-1;1,272095E-1;9,381527E-1;;
30/11/2021  14:47:38,552783;9,316335E-1;1,139925E-1;1,079377E-1;9,378817E-1;;
30/11/2021  14:47:38,552883;9,313831E-1;1,114439E-1;1,749153E-1;9,376122E-1;;
30/11/2021  14:47:38,552983;9,314994E-1;1,292843E-1;1,259458E-1;9,373446E-1;;
30/11/2021  14:47:38,553083;9,309540E-1;1,292843E-1;1,224705E-1;9,370791E-1;;
30/11/2021  14:47:38,553183;9,318570E-1;1,327887E-1;1,297370E-1;9,368161E-1;;
30/11/2021  14:47:38,553283;9,317140E-1;1,375674E-1;1,376353E-1;9,365561E-1;;
30/11/2021  14:47:38,553383;9,319315E-1;1,108067E-1;1,110970E-1;9,362993E-1;;
30/11/2021  14:47:38,553483;9,320925E-1;1,276914E-1;1,278414E-1;9,360464E-1;;
30/11/2021  14:47:38,553583;9,322236E-1;1,216384E-1;1,189953E-1;9,357976E-1;;
30/11/2021  14:47:38,553683;9,317825E-1;1,152668E-1;9,845971E-2;9,355536E-1;;
30/11/2021  14:47:38,553783;9,317289E-1;9,169190E-2;1,057261E-1;9,353146E-1;;
30/11/2021  14:47:38,553883;9,313325E-1;1,442576E-1;1,610142E-1;9,350810E-1;;
30/11/2021  14:47:38,553983;9,320805E-1;3,848904E-2;1,518522E-1;9,348531E-1;;
30/11/2021  14:47:38,554083;9,325484E-1;6,301970E-2;1,806020E-1;9,346311E-1;;
30/11/2021  14:47:38,554183;9,320179E-1;1,174969E-1;8,898175E-2;9,344154E-1;;
30/11/2021  14:47:38,554283;9,321103E-1;1,251428E-1;1,278414E-1;9,342063E-1;;
30/11/2021  14:47:38,554383;9,319792E-1;1,296029E-1;1,278414E-1;9,340041E-1;;
30/11/2021  14:47:38,554483;9,319941E-1;1,264171E-1;1,701763E-1;9,338090E-1;;
30/11/2021  14:47:38,554583;9,318004E-1;1,254614E-1;1,341600E-1;9,336211E-1;;
30/11/2021  14:47:38,554683;9,323845E-1;1,280100E-1;1,183634E-1;9,334406E-1;;
30/11/2021  14:47:38,554783;9,324382E-1;1,464877E-1;1,616461E-1;9,332675E-1;;
30/11/2021  14:47:38,554883;9,329508E-1;1,178155E-1;1,126766E-1;9,331022E-1;;
30/11/2021  14:47:38,554983;9,328435E-1;1,305587E-1;1,218387E-1;9,329448E-1;;
30/11/2021  14:47:38,555083;9,321014E-1;1,229127E-1;1,088855E-1;9,327954E-1;;
30/11/2021  14:47:38,555183;9,326259E-1;1,159040E-1;1,060421E-1;9,326541E-1;;
30/11/2021  14:47:38,555283;9,328912E-1;1,203641E-1;1,145722E-1;9,325210E-1;;
30/11/2021  14:47:38,555383;9,329418E-1;1,554079E-1;1,818658E-1;9,323962E-1;;
30/11/2021  14:47:38,555483;9,330819E-1;1,372488E-1;1,455336E-1;9,322796E-1;;
30/11/2021  14:47:38,555583;9,333084E-1;2,191239E-1;2,636921E-1;9,321714E-1;;
30/11/2021  14:47:38,555683;9,329538E-1;1,372488E-1;1,430061E-1;9,320715E-1;;
30/11/2021  14:47:38,555783;9,331803E-1;1,283286E-1;1,300529E-1;9,319799E-1;;
30/11/2021  14:47:38,555883;9,333948E-1;1,276914E-1;1,335282E-1;9,318967E-1;;
30/11/2021  14:47:38,555983;9,335141E-1;1,305587E-1;1,284732E-1;9,318217E-1;;
30/11/2021  14:47:38,556083;9,341936E-1;9,774492E-2;9,498445E-2;9,317549E-1;;
30/11/2021  14:47:38,556183;9,343426E-1;1,292843E-1;1,300529E-1;9,316963E-1;;
30/11/2021  14:47:38,556283;9,345065E-1;1,417090E-1;1,417424E-1;9,316461E-1;;
30/11/2021  14:47:38,556383;9,341101E-1;1,203641E-1;1,240502E-1;9,316041E-1;;
30/11/2021  14:47:38,556483;9,343843E-1;1,299215E-1;1,199431E-1;9,315703E-1;;
30/11/2021  14:47:38,556583;9,348522E-1;1,525407E-1;1,692285E-1;9,315447E-1;;
30/11/2021  14:47:38,556683;9,347807E-1;1,321516E-1;1,351078E-1;9,315273E-1;;
30/11/2021  14:47:38,556783;9,352367E-1;1,362931E-1;1,464814E-1;9,315178E-1;;
30/11/2021  14:47:38,556883;9,350489E-1;2,733874E-2;3,179805E-2;9,315164E-1;;
30/11/2021  14:47:38,556983;9,356092E-1;1,235499E-1;1,177316E-1;9,315228E-1;;
30/11/2021  14:47:38,557083;9,356390E-1;1,636910E-1;1,496407E-1;9,315370E-1;;
30/11/2021  14:47:38,557183;9,358506E-1;1,308772E-1;1,417424E-1;9,315589E-1;;
30/11/2021  14:47:38,557283;9,363245E-1;1,369303E-1;1,433221E-1;9,315885E-1;;
30/11/2021  14:47:38,557383;9,368043E-1;1,343816E-1;1,322644E-1;9,316256E-1;;
30/11/2021  14:47:38,557483;9,376388E-1;1,359745E-1;1,382671E-1;9,316704E-1;;
30/11/2021  14:47:38,557583;9,378951E-1;1,407532E-1;1,480610E-1;9,317227E-1;;
30/11/2021  14:47:38,557683;9,383392E-1;1,296029E-1;1,341600E-1;9,317828E-1;;
30/11/2021  14:47:38,557783;9,385120E-1;1,413904E-1;1,398468E-1;9,318508E-1;;
30/11/2021  14:47:38,557883;9,387266E-1;1,184526E-1;1,208909E-1;9,319268E-1;;
30/11/2021  14:47:38,557983;9,397757E-1;1,276914E-1;1,300529E-1;9,320108E-1;;
30/11/2021  14:47:38,558083;9,404164E-1;2,064856E-2;7,160549E-2;9,321030E-1;;
30/11/2021  14:47:38,558183;9,405118E-1;1,172832E-2;1,378993E-2;9,322036E-1;;
30/11/2021  14:47:38,558283;9,408307E-1;6,631038E-3;9,366883E-3;9,323128E-1;;
30/11/2021  14:47:38,558383;9,415162E-1;6,949618E-3;9,050951E-3;9,324307E-1;;
30/11/2021  14:47:38,558483;9,410840E-1;1,140974E-2;1,473773E-2;9,325575E-1;;
30/11/2021  14:47:38,558583;9,425146E-1;2,170918E-3;3,996039E-3;9,326932E-1;;
30/11/2021  14:47:38,558683;9,428990E-1;7,268198E-3;9,366883E-3;9,328380E-1;;
30/11/2021  14:47:38,558783;9,432358E-1;3,445238E-3;4,943835E-3;9,329920E-1;;
30/11/2021  14:47:38,558883;9,435159E-1;6,631038E-3;9,050951E-3;9,331553E-1;;
30/11/2021  14:47:38,558983;9,438170E-1;3,763818E-3;5,575699E-3;9,333280E-1;;
30/11/2021  14:47:38,559083;9,440494E-1;4,082398E-3;6,839427E-3;9,335101E-1;;
30/11/2021  14:47:38,559183;9,436918E-1;3,126658E-3;5,575699E-3;9,337017E-1;;
30/11/2021  14:47:38,559283;9,439511E-1;1,852338E-3;3,680107E-3;9,339026E-1;;
30/11/2021  14:47:38,559383;9,446306E-1;1,852338E-3;3,364175E-3;9,341125E-1;;
30/11/2021  14:47:38,559483;9,446485E-1;1,852338E-3;4,627903E-3;9,343312E-1;;
30/11/2021  14:47:38,559583;9,449644E-1;1,215178E-3;3,364175E-3;9,345585E-1;;
30/11/2021  14:47:38,559683;9,448034E-1;1,533758E-3;3,680107E-3;9,347941E-1;;
30/11/2021  14:47:38,559783;9,445412E-1;4,719558E-3;7,155359E-3;9,350376E-1;;
30/11/2021  14:47:38,559883;9,447200E-1;6,631038E-3;7,471291E-3;9,352886E-1;;
30/11/2021  14:47:38,559983;9,447498E-1;4,082398E-3;6,207563E-3;9,355465E-1;;
30/11/2021  14:47:38,560083;9,451909E-1;1,215178E-3;2,732311E-3;9,358108E-1;;
30/11/2021  14:47:38,560183;9,450866E-1;8,965980E-4;3,364175E-3;9,360810E-1;;
30/11/2021  14:47:38,560283;9,449226E-1;1,533758E-3;3,364175E-3;9,363564E-1;;
30/11/2021  14:47:38,560383;9,446216E-1;6,949618E-3;9,050951E-3;9,366364E-1;;
30/11/2021  14:47:38,560483;9,444845E-1;5,780180E-4;3,364175E-3;9,369204E-1;;
30/11/2021  14:47:38,560583;9,442104E-1;1,215178E-3;3,048243E-3;9,372076E-1;;
30/11/2021  14:47:38,560683;9,445918E-1;5,780180E-4;3,680107E-3;9,374972E-1;;
30/11/2021  14:47:38,560783;9,444845E-1;1,533758E-3;3,364175E-3;9,377883E-1;;
30/11/2021  14:47:38,560883;9,441001E-1;5,780180E-4;3,680107E-3;9,380804E-1;;
30/11/2021  14:47:38,560983;9,437842E-1;8,965980E-4;3,048243E-3;9,383724E-1;;
30/11/2021  14:47:38,561083;9,434653E-1;8,965980E-4;3,048243E-3;9,386637E-1;;
30/11/2021  14:47:38,561183;9,430868E-1;5,780180E-4;3,048243E-3;9,389534E-1;;
30/11/2021  14:47:38,561283;9,432775E-1;5,780180E-4;3,364175E-3;9,392404E-1;;
30/11/2021  14:47:38,561383;9,430361E-1;1,533758E-3;4,627903E-3;9,395241E-1;;
30/11/2021  14:47:38,561483;9,431762E-1;8,965980E-4;3,996039E-3;9,398035E-1;;
30/11/2021  14:47:38,561583;9,427142E-1;1,852338E-3;4,311971E-3;9,400778E-1;;
30/11/2021  14:47:38,561683;9,422314E-1;1,852338E-3;4,627903E-3;9,403464E-1;;
30/11/2021  14:47:38,561783;9,423447E-1;1,300264E-2;1,252620E-2;9,406084E-1;;
30/11/2021  14:47:38,561883;9,417188E-1;6,949618E-3;9,050951E-3;9,408632E-1;;
30/11/2021  14:47:38,561983;9,417754E-1;5,993878E-3;7,787223E-3;9,411099E-1;;
30/11/2021  14:47:38,562083;9,425712E-1;1,300264E-2;1,410586E-2;9,413479E-1;;
30/11/2021  14:47:38,562183;9,416831E-1;1,363980E-2;1,600145E-2;9,415766E-1;;
30/11/2021  14:47:38,562283;9,422016E-1;1,650702E-2;1,758111E-2;9,417957E-1;;
30/11/2021  14:47:38,562383;9,417129E-1;1,109116E-2;2,547941E-2;9,420046E-1;;
30/11/2021  14:47:38,562483;9,415489E-1;1,809992E-2;3,085026E-2;9,422031E-1;;
30/11/2021  14:47:38,562583;9,413940E-1;1,172832E-2;1,378993E-2;9,423908E-1;;
30/11/2021  14:47:38,562683;9,415251E-1;1,523270E-2;1,726518E-2;9,425674E-1;;
30/11/2021  14:47:38,562783;9,417993E-1;1,714418E-2;2,295196E-2;9,427326E-1;;
30/11/2021  14:47:38,562883;9,419066E-1;1,512664E-1;1,739675E-1;9,428864E-1;;
30/11/2021  14:47:38,562983;9,417695E-1;2,351578E-2;3,179805E-2;9,430287E-1;;
30/11/2021  14:47:38,563083;9,412926E-1;1,682560E-2;3,148212E-2;9,431596E-1;;
30/11/2021  14:47:38,563183;9,410423E-1;1,082581E-1;1,509044E-1;9,432790E-1;;
30/11/2021  14:47:38,563283;9,410930E-1;6,142680E-2;7,192142E-2;9,433870E-1;;
30/11/2021  14:47:38,563383;9,411704E-1;1,257800E-1;1,281573E-1;9,434836E-1;;
30/11/2021  14:47:38,563483;9,416920E-1;1,327887E-1;1,328963E-1;9,435688E-1;;
30/11/2021  14:47:38,563583;9,415162E-1;1,232313E-1;1,411105E-1;9,436430E-1;;
30/11/2021  14:47:38,563683;9,417635E-1;1,197269E-1;1,126766E-1;9,437064E-1;;
30/11/2021  14:47:38,563783;9,411496E-1;1,251428E-1;1,186794E-1;9,437593E-1;;
30/11/2021  14:47:38,563883;9,408098E-1;1,085766E-1;1,006712E-1;9,438020E-1;;
30/11/2021  14:47:38,563983;9,413046E-1;-1,503240E-2;7,539667E-2;9,438348E-1;;
30/11/2021  14:47:38,564083;9,409261E-1;1,394789E-1;1,066739E-1;9,438579E-1;;
30/11/2021  14:47:38,564183;9,410810E-1;7,321426E-2;9,087734E-2;9,438718E-1;;
30/11/2021  14:47:38,564283;9,415191E-1;8,965980E-4;4,253974E-2;9,438766E-1;;
30/11/2021  14:47:38,564383;9,413701E-1;9,870066E-2;9,751191E-2;9,438729E-1;;
30/11/2021  14:47:38,564483;9,409439E-1;1,273729E-1;1,284732E-1;9,438611E-1;;
30/11/2021  14:47:38,564583;9,403121E-1;1,194084E-1;1,243661E-1;9,438416E-1;;
30/11/2021  14:47:38,564683;9,405833E-1;1,181340E-1;6,907803E-2;9,438147E-1;;
30/11/2021  14:47:38,564783;9,401929E-1;1,273729E-1;1,291051E-1;9,437807E-1;;
30/11/2021  14:47:38,564883;9,401780E-1;7,894870E-2;9,466852E-2;9,437399E-1;;
30/11/2021  14:47:38,564983;9,396416E-1;1,229127E-1;1,227865E-1;9,436926E-1;;
30/11/2021  14:47:38,565083;9,389710E-1;1,267357E-1;1,224705E-1;9,436389E-1;;
30/11/2021  14:47:38,565183;9,383809E-1;1,206827E-1;1,262617E-1;9,435791E-1;;
30/11/2021  14:47:38,565283;9,384584E-1;1,203641E-1;1,253139E-1;9,435131E-1;;
30/11/2021  14:47:38,565383;9,384852E-1;1,152668E-1;1,253139E-1;9,434410E-1;;
30/11/2021  14:47:38,565483;9,381454E-1;1,155854E-1;1,152041E-1;9,433628E-1;;
30/11/2021  14:47:38,565583;9,383421E-1;1,289658E-1;1,246821E-1;9,432788E-1;;
30/11/2021  14:47:38,565683;9,376388E-1;1,273729E-1;1,231024E-1;9,431889E-1;;
30/11/2021  14:47:38,565783;9,369712E-1;1,104881E-1;9,466852E-2;9,430934E-1;;
30/11/2021  14:47:38,565883;9,373199E-1;1,069837E-1;1,294210E-1;9,429922E-1;;
30/11/2021  14:47:38,565983;9,371232E-1;1,429833E-1;1,632258E-1;9,428855E-1;;
30/11/2021  14:47:38,566083;9,371768E-1;1,127182E-1;1,461654E-1;9,427732E-1;;
30/11/2021  14:47:38,566183;9,370338E-1;1,241871E-1;1,265777E-1;9,426557E-1;;
30/11/2021  14:47:38,566283;9,378444E-1;7,905358E-3;7,634447E-2;9,425330E-1;;
30/11/2021  14:47:38,566383;9,378116E-1;1,213198E-1;1,164678E-1;9,424056E-1;;
30/11/2021  14:47:38,566483;9,370785E-1;1,267357E-1;1,265777E-1;9,422738E-1;;
30/11/2021  14:47:38,566583;9,366583E-1;1,547707E-1;1,556434E-1;9,421378E-1;;
30/11/2021  14:47:38,566683;9,370606E-1;4,294916E-2;8,550650E-2;9,419982E-1;;
30/11/2021  14:47:38,566783;9,375911E-1;1,159040E-1;1,107811E-1;9,418550E-1;;
30/11/2021  14:47:38,566883;9,381365E-1;1,286472E-1;1,430061E-1;9,417087E-1;;
30/11/2021  14:47:38,566983;9,374630E-1;1,210013E-1;1,079377E-1;9,415599E-1;;
30/11/2021  14:47:38,567083;9,373646E-1;1,101695E-1;1,054102E-1;9,414090E-1;;
30/11/2021  14:47:38,567183;9,367685E-1;1,079395E-1;9,814378E-2;9,412564E-1;;
30/11/2021  14:47:38,567283;9,369772E-1;7,002846E-2;8,076751E-2;9,411025E-1;;
30/11/2021  14:47:38,567383;9,373467E-1;1,197269E-1;1,035146E-1;9,409476E-1;;
30/11/2021  14:47:38,567483;9,377640E-1;1,649653E-1;2,071403E-1;9,407920E-1;;
30/11/2021  14:47:38,567583;9,378057E-1;1,130368E-1;1,265777E-1;9,406363E-1;;
30/11/2021  14:47:38,567683;9,377342E-1;1,267357E-1;1,404787E-1;9,404809E-1;;
30/11/2021  14:47:38,567783;9,380292E-1;1,665582E-1;1,543797E-1;9,403263E-1;;
30/11/2021  14:47:38,567883;9,377073E-1;1,095324E-1;1,142563E-1;9,401729E-1;;
30/11/2021  14:47:38,567983;9,375464E-1;1,165411E-1;1,161519E-1;9,400211E-1;;
30/11/2021  14:47:38,568083;9,378683E-1;1,136739E-1;1,148882E-1;9,398714E-1;;
30/11/2021  14:47:38,568183;9,387206E-1;4,231200E-2;3,337771E-2;9,397241E-1;;
30/11/2021  14:47:38,568283;9,381603E-1;1,213198E-1;1,095173E-1;9,395796E-1;;
30/11/2021  14:47:38,568383;9,388130E-1;6,301970E-2;6,149566E-2;9,394384E-1;;
30/11/2021  14:47:38,568483;9,389293E-1;1,203641E-1;1,133085E-1;9,393010E-1;;
30/11/2021  14:47:38,568583;9,381246E-1;1,130368E-1;9,877564E-2;9,391677E-1;;
30/11/2021  14:47:38,568683;9,383958E-1;5,473662E-2;5,233363E-2;9,390388E-1;;
30/11/2021  14:47:38,568783;9,386461E-1;8,786894E-2;7,887192E-2;9,389148E-1;;
30/11/2021  14:47:38,568883;9,389084E-1;2,956880E-2;3,179805E-2;9,387957E-1;;
30/11/2021  14:47:38,568983;9,388488E-1;-5,421774E-2;-4,528935E-2;9,386819E-1;;
30/11/2021  14:47:38,569083;9,388309E-1;7,257710E-2;7,476481E-2;9,385736E-1;;
30/11/2021  14:47:38,569183;9,384673E-1;8,468314E-2;8,740209E-2;9,384711E-1;;
30/11/2021  14:47:38,569283;9,382050E-1;1,187712E-1;1,183634E-1;9,383743E-1;;
30/11/2021  14:47:38,569383;9,387624E-1;1,260985E-1;1,212068E-1;9,382834E-1;;
30/11/2021  14:47:38,569483;9,389501E-1;1,136739E-1;1,205749E-1;9,381984E-1;;
30/11/2021  14:47:38,569583;9,387713E-1;1,321516E-1;1,303688E-1;9,381193E-1;;
30/11/2021  14:47:38,569683;9,390067E-1;1,608238E-1;1,651214E-1;9,380462E-1;;
30/11/2021  14:47:38,569783;9,384733E-1;1,385232E-1;1,338441E-1;9,379792E-1;;
30/11/2021  14:47:38,569883;9,376328E-1;1,203641E-1;1,180475E-1;9,379180E-1;;
30/11/2021  14:47:38,569983;9,379875E-1;1,238685E-1;1,186794E-1;9,378626E-1;;
30/11/2021  14:47:38,570083;9,384941E-1;1,101695E-1;1,158360E-1;9,378127E-1;;
30/11/2021  14:47:38,570183;9,378832E-1;6,333828E-2;8,519056E-2;9,377680E-1;;
30/11/2021  14:47:38,570283;9,374749E-1;2,001140E-2;4,601499E-2;9,377285E-1;;
30/11/2021  14:47:38,570383;9,379338E-1;1,229127E-1;1,370034E-1;9,376936E-1;;
30/11/2021  14:47:38,570483;9,370308E-1;1,159040E-1;1,268936E-1;9,376632E-1;;
30/11/2021  14:47:38,570583;9,368460E-1;9,933782E-2;1,136244E-1;9,376369E-1;;
30/11/2021  14:47:38,570683;9,364616E-1;1,041165E-1;1,145722E-1;9,376143E-1;;
30/11/2021  14:47:38,570783;9,373676E-1;6,461260E-2;9,719598E-2;9,375948E-1;;
30/11/2021  14:47:38,570883;9,368580E-1;9,870066E-2;1,031987E-1;9,375781E-1;;
30/11/2021  14:47:38,570983;9,368729E-1;3,084312E-2;6,307532E-2;9,375639E-1;;
30/11/2021  14:47:38,571083;9,367656E-1;7,703722E-2;1,003553E-1;9,375518E-1;;
30/11/2021  14:47:38,571183;9,360235E-1;9,710776E-2;1,069899E-1;9,375414E-1;;
30/11/2021  14:47:38,571283;9,363602E-1;1,098510E-1;1,196272E-1;9,375324E-1;;
30/11/2021  14:47:38,571383;9,362619E-1;1,022050E-1;1,218387E-1;9,375244E-1;;
30/11/2021  14:47:38,571483;9,362857E-1;8,691320E-2;1,069899E-1;9,375170E-1;;
30/11/2021  14:47:38,571583;9,367030E-1;1,350188E-1;1,379512E-1;9,375099E-1;;
30/11/2021  14:47:38,571683;9,363036E-1;1,280100E-1;9,845971E-2;9,375030E-1;;
30/11/2021  14:47:38,571783;9,365391E-1;1,464877E-1;1,502726E-1;9,374959E-1;;
30/11/2021  14:47:38,571883;9,358268E-1;1,280100E-1;1,003553E-1;9,374886E-1;;
30/11/2021  14:47:38,571983;9,360652E-1;1,853544E-1;1,635417E-1;9,374807E-1;;
30/11/2021  14:47:38,572083;9,359072E-1;1,761156E-1;1,417424E-1;9,374721E-1;;
30/11/2021  14:47:38,572183;9,361486E-1;1,589123E-1;1,480610E-1;9,374626E-1;;
30/11/2021  14:47:38,572283;9,360145E-1;1,057094E-1;8,866581E-2;9,374520E-1;;
30/11/2021  14:47:38,572383;9,361486E-1;1,668768E-1;2,074562E-1;9,374402E-1;;
30/11/2021  14:47:38,572483;9,355973E-1;1,296029E-1;1,338441E-1;9,374270E-1;;
30/11/2021  14:47:38,572583;9,352605E-1;1,311958E-1;1,300529E-1;9,374125E-1;;
30/11/2021  14:47:38,572683;9,353797E-1;1,229127E-1;1,227865E-1;9,373963E-1;;
30/11/2021  14:47:38,572783;9,357612E-1;1,359745E-1;1,370034E-1;9,373784E-1;;
30/11/2021  14:47:38,572883;9,360890E-1;1,618844E-2;6,655058E-2;9,373587E-1;;
30/11/2021  14:47:38,572983;9,360980E-1;1,248242E-1;1,253139E-1;9,373371E-1;;
30/11/2021  14:47:38,573083;9,361993E-1;1,270543E-1;1,325804E-1;9,373138E-1;;
30/11/2021  14:47:38,573183;9,360831E-1;1,614609E-1;1,338441E-1;9,372889E-1;;
30/11/2021  14:47:38,573283;9,362321E-1;2,383436E-2;7,286922E-2;9,372624E-1;;
30/11/2021  14:47:38,573383;9,366613E-1;1,487177E-1;1,531159E-1;9,372345E-1;;
30/11/2021  14:47:38,573483;9,362261E-1;1,088952E-1;1,212068E-1;9,372054E-1;;
30/11/2021  14:47:38,573583;9,367298E-1;1,538150E-1;1,537478E-1;9,371753E-1;;
30/11/2021  14:47:38,573683;9,366642E-1;1,356559E-1;1,433221E-1;9,371443E-1;;
30/11/2021  14:47:38,573783;9,365778E-1;1,302401E-1;1,430061E-1;9,371126E-1;;
30/11/2021  14:47:38,573883;9,366434E-1;1,824872E-1;1,945030E-1;9,370805E-1;;
30/11/2021  14:47:38,573983;9,361188E-1;1,356559E-1;1,373193E-1;9,370481E-1;;
30/11/2021  14:47:38,574083;9,362321E-1;1,337445E-1;1,370034E-1;9,370156E-1;;
30/11/2021  14:47:38,574183;9,361486E-1;1,283286E-1;1,205749E-1;9,369829E-1;;
30/11/2021  14:47:38,574283;9,361159E-1;1,366117E-1;1,401627E-1;9,369502E-1;;
30/11/2021  14:47:38,574383;9,360145E-1;1,216384E-1;1,259458E-1;9,369175E-1;;
30/11/2021  14:47:38,574483;9,362172E-1;1,174969E-1;9,909157E-2;9,368849E-1;;
30/11/2021  14:47:38,574583;9,356956E-1;1,111253E-1;9,909157E-2;9,368524E-1;;
30/11/2021  14:47:38,574683;9,355645E-1;9,041758E-2;9,024547E-2;9,368200E-1;;
30/11/2021  14:47:38,574783;9,356330E-1;1,270543E-1;1,227865E-1;9,367877E-1;;
30/11/2021  14:47:38,574883;9,353499E-1;1,490363E-1;1,764949E-1;9,367553E-1;;
30/11/2021  14:47:38,574983;9,358774E-1;6,843556E-2;8,487463E-2;9,367230E-1;;
30/11/2021  14:47:38,575083;9,349237E-1;1,139925E-1;1,123607E-1;9,366906E-1;;
30/11/2021  14:47:38,575183;9,344767E-1;-5,326200E-2;6,497092E-2;9,366580E-1;;
30/11/2021  14:47:38,575283;9,338627E-1;1,289658E-1;1,253139E-1;9,366251E-1;;
30/11/2021  14:47:38,575383;9,340565E-1;1,206827E-1;1,294210E-1;9,365915E-1;;
30/11/2021  14:47:38,575483;9,339492E-1;1,283286E-1;1,297370E-1;9,365571E-1;;
30/11/2021  14:47:38,575583;9,338389E-1;1,283286E-1;1,221546E-1;9,365215E-1;;
30/11/2021  14:47:38,575683;9,335588E-1;1,544522E-1;1,565912E-1;9,364846E-1;;
30/11/2021  14:47:38,575783;9,332816E-1;1,276914E-1;1,208909E-1;9,364461E-1;;
30/11/2021  14:47:38,575883;9,330849E-1;9,519628E-2;9,972343E-2;9,364057E-1;;
30/11/2021  14:47:38,575983;9,326975E-1;6,939130E-2;6,623464E-2;9,363633E-1;;
30/11/2021  14:47:38,576083;9,326200E-1;1,321516E-1;1,031987E-1;9,363186E-1;;
30/11/2021  14:47:38,576183;9,327690E-1;7,767438E-2;6,117973E-2;9,362713E-1;;
30/11/2021  14:47:38,576283;9,330968E-1;4,900218E-2;9,277293E-2;9,362212E-1;;
30/11/2021  14:47:38,576383;9,332548E-1;1,289658E-1;1,180475E-1;9,361684E-1;;
30/11/2021  14:47:38,576483;9,329448E-1;1,006121E-1;8,392683E-2;9,361127E-1;;
30/11/2021  14:47:38,576583;9,325246E-1;1,308772E-1;1,458495E-1;9,360543E-1;;
30/11/2021  14:47:38,576683;9,326796E-1;1,283286E-1;1,351078E-1;9,359930E-1;;
30/11/2021  14:47:38,576783;9,325812E-1;1,305587E-1;1,351078E-1;9,359290E-1;;
30/11/2021  14:47:38,576883;9,331475E-1;1,407532E-1;1,398468E-1;9,358622E-1;;
30/11/2021  14:47:38,576983;9,325127E-1;3,944478E-2;9,403666E-2;9,357927E-1;;
30/11/2021  14:47:38,577083;9,340356E-1;1,273729E-1;1,316326E-1;9,357208E-1;;
30/11/2021  14:47:38,577183;9,333650E-1;1,337445E-1;1,338441E-1;9,356466E-1;;
30/11/2021  14:47:38,577283;9,330044E-1;1,461691E-1;1,430061E-1;9,355704E-1;;
30/11/2021  14:47:38,577383;9,332637E-1;1,235499E-1;1,297370E-1;9,354926E-1;;
30/11/2021  14:47:38,577483;9,336392E-1;1,391603E-1;1,385831E-1;9,354133E-1;;
30/11/2021  14:47:38,577583;9,340535E-1;9,583344E-2;1,092014E-1;9,353328E-1;;
30/11/2021  14:47:38,577683;9,342412E-1;1,401161E-1;1,379512E-1;9,352516E-1;;
30/11/2021  14:47:38,577783;9,344022E-1;1,375674E-1;1,253139E-1;9,351700E-1;;
30/11/2021  14:47:38,577883;9,340594E-1;9,806350E-2;8,424277E-2;9,350884E-1;;
30/11/2021  14:47:38,577983;9,333561E-1;1,544522E-1;1,708081E-1;9,350073E-1;;
30/11/2021  14:47:38,578083;9,336869E-1;1,012493E-1;1,670170E-1;9,349269E-1;;
30/11/2021  14:47:38,578183;9,340952E-1;1,077258E-2;2,389975E-2;9,348473E-1;;
30/11/2021  14:47:38,578283;9,339253E-1;1,215178E-3;3,048243E-3;9,347689E-1;;
30/11/2021  14:47:38,578383;9,338419E-1;8,861098E-3;1,157841E-2;9,346919E-1;;
30/11/2021  14:47:38,578483;9,341787E-1;7,586778E-3;9,682815E-3;9,346165E-1;;
30/11/2021  14:47:38,578583;9,337376E-1;6,312458E-3;8,103155E-3;9,345429E-1;;
30/11/2021  14:47:38,578683;9,338359E-1;6,949618E-3;8,735019E-3;9,344713E-1;;
30/11/2021  14:47:38,578783;9,336631E-1;6,631038E-3;7,787223E-3;9,344018E-1;;
30/11/2021  14:47:38,578883;9,336154E-1;1,215178E-3;3,996039E-3;9,343345E-1;;
30/11/2021  14:47:38,578983;9,343396E-1;8,542518E-3;1,094654E-2;9,342696E-1;;
30/11/2021  14:47:38,579083;9,337525E-1;8,965980E-4;3,048243E-3;9,342071E-1;;
30/11/2021  14:47:38,579183;9,338866E-1;5,356718E-3;7,155359E-3;9,341472E-1;;
30/11/2021  14:47:38,579283;9,335856E-1;5,993878E-3;7,155359E-3;9,340899E-1;;
30/11/2021  14:47:38,579383;9,333442E-1;8,861098E-3;1,063061E-2;9,340352E-1;;
30/11/2021  14:47:38,579483;9,336154E-1;1,533758E-3;3,680107E-3;9,339831E-1;;
30/11/2021  14:47:38,579583;9,335379E-1;1,852338E-3;3,680107E-3;9,339336E-1;;
30/11/2021  14:47:38,579683;9,334187E-1;2,489498E-3;4,627903E-3;9,338866E-1;;
30/11/2021  14:47:38,579783;9,333412E-1;3,126658E-3;4,943835E-3;9,338421E-1;;
30/11/2021  14:47:38,579883;9,336452E-1;2,808078E-3;4,311971E-3;9,338001E-1;;
30/11/2021  14:47:38,579983;9,334276E-1;1,852338E-3;3,364175E-3;9,337604E-1;;
30/11/2021  14:47:38,580083;9,332488E-1;1,215178E-3;3,364175E-3;9,337229E-1;;
30/11/2021  14:47:38,580183;9,336333E-1;8,965980E-4;3,364175E-3;9,336878E-1;;
30/11/2021  14:47:38,580283;9,338478E-1;1,533758E-3;3,048243E-3;9,336548E-1;;
30/11/2021  14:47:38,580383;9,342860E-1;1,215178E-3;3,680107E-3;9,336240E-1;;
30/11/2021  14:47:38,580483;9,339492E-1;8,965980E-4;3,048243E-3;9,335954E-1;;
30/11/2021  14:47:38,580583;9,339492E-1;8,965980E-4;3,364175E-3;9,335692E-1;;
30/11/2021  14:47:38,580683;9,337525E-1;1,852338E-3;3,364175E-3;9,335452E-1;;
30/11/2021  14:47:38,580783;9,341876E-1;1,215178E-3;3,680107E-3;9,335235E-1;;
30/11/2021  14:47:38,580883;9,343456E-1;1,215178E-3;6,523495E-3;9,335042E-1;;
30/11/2021  14:47:38,580983;9,346913E-1;8,965980E-4;3,364175E-3;9,334871E-1;;
30/11/2021  14:47:38,581083;9,349446E-1;-5,914200E-5;2,416379E-3;9,334725E-1;;
30/11/2021  14:47:38,581183;9,348403E-1;5,780180E-4;3,048243E-3;9,334605E-1;;
30/11/2021  14:47:38,581283;9,355794E-1;8,965980E-4;2,732311E-3;9,334511E-1;;
30/11/2021  14:47:38,581383;9,357344E-1;5,780180E-4;3,364175E-3;9,334446E-1;;
30/11/2021  14:47:38,581483;9,363751E-1;8,965980E-4;4,311971E-3;9,334412E-1;;
30/11/2021  14:47:38,581583;9,370874E-1;8,965980E-4;3,680107E-3;9,334412E-1;;
30/11/2021  14:47:38,581683;9,375971E-1;8,965980E-4;4,311971E-3;9,334448E-1;;
30/11/2021  14:47:38,581783;9,374570E-1;2,170918E-3;4,943835E-3;9,334527E-1;;
30/11/2021  14:47:38,581883;9,387147E-1;7,586778E-3;9,366883E-3;9,334651E-1;;
30/11/2021  14:47:38,581983;9,383630E-1;5,356718E-3;7,471291E-3;9,334825E-1;;
30/11/2021  14:47:38,582083;9,384554E-1;3,126658E-3;4,943835E-3;9,335053E-1;;
30/11/2021  14:47:38,582183;9,393316E-1;1,268406E-2;1,315807E-2;9,335340E-1;;
30/11/2021  14:47:38,582283;9,396743E-1;1,109116E-2;2,674314E-2;9,335688E-1;;
30/11/2021  14:47:38,582383;9,406578E-1;1,045400E-2;1,189434E-2;9,336102E-1;;
30/11/2021  14:47:38,582483;9,406519E-1;1,714418E-2;2,137230E-2;9,336586E-1;;
30/11/2021  14:47:38,582583;9,408843E-1;1,586986E-2;1,916077E-2;9,337145E-1;;
30/11/2021  14:47:38,582683;9,411913E-1;7,608148E-2;1,439539E-1;9,337782E-1;;
30/11/2021  14:47:38,582783;9,414804E-1;1,618844E-2;1,789705E-2;9,338499E-1;;
30/11/2021  14:47:38,582883;9,424877E-1;4,645354E-2;5,865227E-2;9,339301E-1;;
30/11/2021  14:47:38,582983;9,432984E-1;1,181340E-1;1,136244E-1;9,340190E-1;;
30/11/2021  14:47:38,583083;9,437752E-1;1,165411E-1;1,461654E-1;9,341170E-1;;
30/11/2021  14:47:38,583183;9,436858E-1;1,022050E-1;1,076217E-1;9,342245E-1;;
30/11/2021  14:47:38,583283;9,436322E-1;1,152668E-1;1,129926E-1;9,343417E-1;;
30/11/2021  14:47:38,583383;9,438706E-1;1,165411E-1;1,234183E-1;9,344689E-1;;
30/11/2021  14:47:38,583483;9,445114E-1;6,206396E-2;8,076751E-2;9,346060E-1;;
30/11/2021  14:47:38,583583;9,446961E-1;1,350188E-1;1,300529E-1;9,347533E-1;;
30/11/2021  14:47:38,583683;9,449971E-1;1,716555E-1;1,682807E-1;9,349107E-1;;
30/11/2021  14:47:38,583783;9,450419E-1;4,677212E-2;4,506720E-2;9,350781E-1;;
30/11/2021  14:47:38,583883;9,453697E-1;1,930003E-1;1,869207E-1;9,352555E-1;;
30/11/2021  14:47:38,583983;9,451968E-1;1,687883E-1;1,787064E-1;9,354427E-1;;
30/11/2021  14:47:38,584083;9,456707E-1;1,178155E-1;1,212068E-1;9,356394E-1;;
30/11/2021  14:47:38,584183;9,454293E-1;1,296029E-1;1,294210E-1;9,358455E-1;;
30/11/2021  14:47:38,584283;9,456409E-1;1,296029E-1;1,319485E-1;9,360606E-1;;
30/11/2021  14:47:38,584383;9,458436E-1;1,270543E-1;1,328963E-1;9,362841E-1;;
30/11/2021  14:47:38,584483;9,454949E-1;1,649653E-1;2,185139E-1;9,365158E-1;;
30/11/2021  14:47:38,584583;9,450061E-1;1,241871E-1;1,272095E-1;9,367550E-1;;
30/11/2021  14:47:38,584683;9,449644E-1;1,347002E-1;1,316326E-1;9,370012E-1;;
30/11/2021  14:47:38,584783;9,449733E-1;1,327887E-1;1,303688E-1;9,372535E-1;;
30/11/2021  14:47:38,584883;9,451909E-1;1,152668E-1;1,212068E-1;9,375112E-1;;
30/11/2021  14:47:38,584983;9,458018E-1;1,225942E-1;1,123607E-1;9,377736E-1;;
30/11/2021  14:47:38,585083;9,454293E-1;1,251428E-1;1,294210E-1;9,380399E-1;;
30/11/2021  14:47:38,585183;9,461684E-1;1,079395E-1;8,361090E-2;9,383096E-1;;
30/11/2021  14:47:38,585283;9,457929E-1;1,969282E-2;2,800687E-2;9,385821E-1;;
30/11/2021  14:47:38,585383;9,456618E-1;7,193994E-2;8,076751E-2;9,388566E-1;;
30/11/2021  14:47:38,585483;9,454114E-1;1,410718E-1;1,565912E-1;9,391326E-1;;
30/11/2021  14:47:38,585583;9,464337E-1;1,229127E-1;1,483770E-1;9,394094E-1;;
30/11/2021  14:47:38,585683;9,465827E-1;1,254614E-1;1,569071E-1;9,396864E-1;;
30/11/2021  14:47:38,585783;9,465558E-1;-1,089086E-2;5,517702E-2;9,399631E-1;;
30/11/2021  14:47:38,585883;9,466244E-1;2,146638E-1;1,869207E-1;9,402391E-1;;
30/11/2021  14:47:38,585983;9,464635E-1;1,267357E-1;1,287892E-1;9,405140E-1;;
30/11/2021  14:47:38,586083;9,460820E-1;1,197269E-1;1,423743E-1;9,407871E-1;;
30/11/2021  14:47:38,586183;9,468360E-1;1,458505E-1;1,518522E-1;9,410582E-1;;
30/11/2021  14:47:38,586283;9,467615E-1;1,347002E-1;1,262617E-1;9,413266E-1;;
30/11/2021  14:47:38,586383;9,471221E-1;1,108067E-1;1,212068E-1;9,415920E-1;;
30/11/2021  14:47:38,586483;9,470416E-1;1,289658E-1;1,183634E-1;9,418541E-1;;
30/11/2021  14:47:38,586583;9,469940E-1;1,280100E-1;1,294210E-1;9,421126E-1;;
30/11/2021  14:47:38,586683;9,470118E-1;9,806350E-2;9,688005E-2;9,423671E-1;;
30/11/2021  14:47:38,586783;9,469075E-1;9,169190E-2;1,104651E-1;9,426174E-1;;
30/11/2021  14:47:38,586883;9,466214E-1;1,194084E-1;1,126766E-1;9,428630E-1;;
30/11/2021  14:47:38,586983;9,478582E-1;1,710183E-1;1,960827E-1;9,431038E-1;;
30/11/2021  14:47:38,587083;9,477927E-1;1,117624E-1;1,152041E-1;9,433394E-1;;
30/11/2021  14:47:38,587183;9,476198E-1;5,250656E-2;8,392683E-2;9,435699E-1;;
30/11/2021  14:47:38,587283;9,477003E-1;1,311958E-1;1,496407E-1;9,437950E-1;;
30/11/2021  14:47:38,587383;9,474112E-1;1,308772E-1;1,354238E-1;9,440147E-1;;
30/11/2021  14:47:38,587483;9,478255E-1;1,270543E-1;1,275255E-1;9,442289E-1;;
30/11/2021  14:47:38,587583;9,474440E-1;1,203641E-1;1,183634E-1;9,444373E-1;;
30/11/2021  14:47:38,587683;9,480639E-1;1,190898E-1;1,170997E-1;9,446400E-1;;
30/11/2021  14:47:38,587783;9,476615E-1;1,636910E-1;1,553275E-1;9,448368E-1;;
30/11/2021  14:47:38,587883;9,477957E-1;1,155854E-1;1,060421E-1;9,450278E-1;;
30/11/2021  14:47:38,587983;9,480847E-1;1,238685E-1;1,050943E-1;9,452128E-1;;
30/11/2021  14:47:38,588083;9,477003E-1;1,117624E-1;1,025668E-1;9,453917E-1;;
30/11/2021  14:47:38,588183;9,475036E-1;1,057094E-1;9,593225E-2;9,455647E-1;;
30/11/2021  14:47:38,588283;9,475244E-1;8,404598E-2;6,655058E-2;9,457316E-1;;
30/11/2021  14:47:38,588383;9,479476E-1;9,551486E-2;1,006712E-1;9,458924E-1;;
30/11/2021  14:47:38,588483;9,473516E-1;5,675298E-3;1,315807E-2;9,460470E-1;;
30/11/2021  14:47:38,588583;9,469284E-1;-1,343950E-2;-1,338022E-2;9,461953E-1;;
30/11/2021  14:47:38,588683;9,466244E-1;1,120810E-1;1,123607E-1;9,463373E-1;;
30/11/2021  14:47:38,588783;9,460075E-1;1,276914E-1;1,224705E-1;9,464728E-1;;
30/11/2021  14:47:38,588883;9,460134E-1;1,200455E-1;1,174156E-1;9,466014E-1;;
30/11/2021  14:47:38,588983;9,460879E-1;1,194084E-1;1,196272E-1;9,467231E-1;;
30/11/2021  14:47:38,589083;9,458316E-1;1,114439E-1;1,186794E-1;9,468374E-1;;
30/11/2021  14:47:38,589183;9,452952E-1;1,270543E-1;1,202590E-1;9,469443E-1;;
30/11/2021  14:47:38,589283;9,445471E-1;1,133553E-1;1,057261E-1;9,470436E-1;;
30/11/2021  14:47:38,589383;9,439004E-1;1,022050E-1;1,003553E-1;9,471347E-1;;
30/11/2021  14:47:38,589483;9,429884E-1;1,267357E-1;1,202590E-1;9,472175E-1;;
30/11/2021  14:47:38,589583;9,436083E-1;1,270543E-1;1,287892E-1;9,472914E-1;;
30/11/2021  14:47:38,589683;9,431881E-1;1,204690E-2;2,295196E-2;9,473561E-1;;
30/11/2021  14:47:38,589783;9,428543E-1;1,203641E-1;9,751191E-2;9,474111E-1;;
30/11/2021  14:47:38,589883;9,426993E-1;1,305587E-1;1,278414E-1;9,474563E-1;;
30/11/2021  14:47:38,589983;9,423685E-1;7,098420E-2;7,539667E-2;9,474913E-1;;
30/11/2021  14:47:38,590083;9,420735E-1;8,054160E-2;1,167838E-1;9,475159E-1;;
30/11/2021  14:47:38,590183;9,416026E-1;1,136739E-1;1,164678E-1;9,475300E-1;;
30/11/2021  14:47:38,590283;9,414715E-1;4,082398E-3;1,631739E-2;9,475334E-1;;
30/11/2021  14:47:38,590383;9,419692E-1;1,041165E-1;1,148882E-1;9,475259E-1;;
30/11/2021  14:47:38,590483;9,421182E-1;1,178155E-1;1,467973E-1;9,475075E-1;;
30/11/2021  14:47:38,590583;9,415549E-1;1,079395E-1;1,117289E-1;9,474784E-1;;
30/11/2021  14:47:38,590683;9,412509E-1;1,066652E-1;1,085695E-1;9,474386E-1;;
30/11/2021  14:47:38,590783;9,268143E-1;1,372488E-1;1,306848E-1;9,473880E-1;;
30/11/2021  14:47:38,590883;9,262898E-1;1,499920E-1;1,670170E-1;9,473251E-1;;
30/11/2021  14:47:38,590983;9,259620E-1;1,296029E-1;1,338441E-1;9,472473E-1;;
30/11/2021  14:47:38,591083;9,254136E-1;1,270543E-1;1,287892E-1;9,471521E-1;;
30/11/2021  14:47:38,591183;9,249815E-1;1,458505E-1;1,483770E-1;9,470371E-1;;
30/11/2021  14:47:38,591283;9,253808E-1;1,286472E-1;1,546956E-1;9,469006E-1;;
30/11/2021  14:47:38,591383;9,250887E-1;1,483991E-1;1,449017E-1;9,467409E-1;;
30/11/2021  14:47:38,591483;9,253003E-1;1,280100E-1;1,505885E-1;9,465570E-1;;
30/11/2021  14:47:38,591583;9,239533E-1;1,417090E-1;1,332122E-1;9,463480E-1;;
30/11/2021  14:47:38,591683;9,242423E-1;1,474434E-1;1,319485E-1;9,461135E-1;;
30/11/2021  14:47:38,591783;9,238877E-1;1,433019E-1;1,436380E-1;9,458529E-1;;
30/11/2021  14:47:38,591883;9,232827E-1;1,397975E-1;1,401627E-1;9,455662E-1;;
30/11/2021  14:47:38,591983;9,239354E-1;5,993878E-3;8,103155E-3;9,452535E-1;;
30/11/2021  14:47:38,592083;9,240695E-1;3,445238E-3;5,575699E-3;9,449150E-1;;
30/11/2021  14:47:38,592183;9,238787E-1;4,400978E-3;6,523495E-3;9,445515E-1;;
30/11/2021  14:47:38,592283;9,237029E-1;8,861098E-3;1,126247E-2;9,441637E-1;;
30/11/2021  14:47:38,592383;9,240099E-1;3,126658E-3;4,627903E-3;9,437525E-1;;
30/11/2021  14:47:38,592483;9,239056E-1;4,400978E-3;5,891631E-3;9,433192E-1;;
30/11/2021  14:47:38,592583;9,235837E-1;5,356718E-3;7,155359E-3;9,428649E-1;;
30/11/2021  14:47:38,592683;9,247520E-1;5,993878E-3;7,787223E-3;9,423910E-1;;
30/11/2021  14:47:38,592783;9,249129E-1;1,215178E-3;3,364175E-3;9,418991E-1;;
30/11/2021  14:47:38,592883;9,247877E-1;1,533758E-3;3,680107E-3;9,413908E-1;;
30/11/2021  14:47:38,592983;9,248742E-1;8,965980E-4;3,680107E-3;9,408680E-1;;
30/11/2021  14:47:38,593083;9,241052E-1;1,533758E-3;3,680107E-3;9,403325E-1;;
30/11/2021  14:47:38,593183;9,237923E-1;8,965980E-4;3,364175E-3;9,397858E-1;;
30/11/2021  14:47:38,593283;9,248980E-1;1,215178E-3;3,048243E-3;9,392298E-1;;
30/11/2021  14:47:38,593383;9,247997E-1;1,533758E-3;3,996039E-3;9,386661E-1;;
30/11/2021  14:47:38,593483;9,247609E-1;3,763818E-3;4,943835E-3;9,380964E-1;;
30/11/2021  14:47:38,593583;9,250500E-1;1,215178E-3;4,311971E-3;9,375226E-1;;
30/11/2021  14:47:38,593683;9,247877E-1;8,965980E-4;3,048243E-3;9,369464E-1;;
30/11/2021  14:47:38,593783;9,245195E-1;1,215178E-3;3,364175E-3;9,363694E-1;;
30/11/2021  14:47:38,593883;9,247371E-1;1,215178E-3;3,996039E-3;9,357933E-1;;
30/11/2021  14:47:38,593983;9,254076E-1;1,215178E-3;3,680107E-3;9,352195E-1;;
30/11/2021  14:47:38,594083;9,253719E-1;1,215178E-3;3,364175E-3;9,346497E-1;;
30/11/2021  14:47:38,594183;9,253480E-1;1,215178E-3;3,996039E-3;9,340852E-1;;
30/11/2021  14:47:38,594283;9,250172E-1;1,533758E-3;3,680107E-3;9,335276E-1;;
30/11/2021  14:47:38,594383;9,247281E-1;5,780180E-4;3,048243E-3;9,329782E-1;;
30/11/2021  14:47:38,594483;9,249576E-1;8,965980E-4;3,364175E-3;9,324382E-1;;
30/11/2021  14:47:38,594583;9,252705E-1;4,400978E-3;5,575699E-3;9,319086E-1;;
30/11/2021  14:47:38,594683;9,259471E-1;5,780180E-4;3,048243E-3;9,313904E-1;;
30/11/2021  14:47:38,594783;9,268739E-1;2,170918E-3;4,943835E-3;9,308849E-1;;
30/11/2021  14:47:38,594883;9,270289E-1;1,533758E-3;4,311971E-3;9,303931E-1;;
30/11/2021  14:47:38,594983;9,268918E-1;1,852338E-3;3,996039E-3;9,299162E-1;;
30/11/2021  14:47:38,595083;9,274342E-1;1,852338E-3;4,311971E-3;9,294552E-1;;
30/11/2021  14:47:38,595183;9,279379E-1;1,852338E-3;4,943835E-3;9,290111E-1;;
30/11/2021  14:47:38,595283;9,283015E-1;8,965980E-4;3,364175E-3;9,285848E-1;;
30/11/2021  14:47:38,595383;9,290972E-1;5,780180E-4;3,048243E-3;9,281772E-1;;
30/11/2021  14:47:38,595483;9,308109E-1;3,763818E-3;5,575699E-3;9,277894E-1;;
30/11/2021  14:47:38,595583;9,313057E-1;9,498258E-3;1,252620E-2;9,274221E-1;;
30/11/2021  14:47:38,595683;9,309838E-1;1,491412E-2;1,663332E-2;9,270766E-1;;
30/11/2021  14:47:38,595783;9,310017E-1;1,586986E-2;1,852891E-2;9,267537E-1;;
30/11/2021  14:47:38,595883;9,315947E-1;1,650702E-2;1,694925E-2;9,264540E-1;;
30/11/2021  14:47:38,595983;9,325931E-1;1,586986E-2;1,789705E-2;9,261783E-1;;
30/11/2021  14:47:38,596083;9,329657E-1;1,650702E-2;1,694925E-2;9,259270E-1;;
30/11/2021  14:47:38,596183;9,340475E-1;1,459554E-2;1,916077E-2;9,257007E-1;;
30/11/2021  14:47:38,596283;9,341399E-1;1,063466E-1;7,223735E-2;9,255000E-1;;
30/11/2021  14:47:38,596383;9,346138E-1;1,650702E-2;1,979264E-2;9,253251E-1;;
30/11/2021  14:47:38,596483;9,352337E-1;1,300264E-2;1,536959E-2;9,251766E-1;;
30/11/2021  14:47:38,596583;9,354423E-1;1,650702E-2;1,884484E-2;9,250546E-1;;
30/11/2021  14:47:38,596683;9,366851E-1;1,555128E-2;1,758111E-2;9,249594E-1;;
30/11/2021  14:47:38,596783;9,374868E-1;1,098510E-1;1,224705E-1;9,248909E-1;;
30/11/2021  14:47:38,596883;9,379994E-1;1,190898E-1;1,960827E-1;9,248495E-1;;
30/11/2021  14:47:38,596983;9,383660E-1;4,040052E-2;7,444887E-2;9,248352E-1;;
30/11/2021  14:47:38,597083;9,388905E-1;1,305587E-1;1,325804E-1;9,248480E-1;;
30/11/2021  14:47:38,597183;9,389650E-1;1,585937E-1;1,401627E-1;9,248879E-1;;
30/11/2021  14:47:38,597283;9,397965E-1;1,130368E-1;1,133085E-1;9,249546E-1;;
30/11/2021  14:47:38,597383;9,411853E-1;1,130368E-1;1,164678E-1;9,250479E-1;;
30/11/2021  14:47:38,597483;9,421063E-1;8,372740E-2;9,624818E-2;9,251675E-1;;
30/11/2021  14:47:38,597583;9,418798E-1;1,232313E-1;1,246821E-1;9,253133E-1;;
30/11/2021  14:47:38,597683;9,425295E-1;1,714418E-2;4,727872E-2;9,254850E-1;;
30/11/2021  14:47:38,597783;9,430570E-1;1,104881E-1;1,221546E-1;9,256822E-1;;
30/11/2021  14:47:38,597883;9,431315E-1;1,343816E-1;2,011376E-1;9,259044E-1;;
30/11/2021  14:47:38,597983;9,439838E-1;1,292843E-1;1,332122E-1;9,261511E-1;;
30/11/2021  14:47:38,598083;9,452088E-1;1,340630E-1;1,430061E-1;9,264217E-1;;
30/11/2021  14:47:38,598183;9,455336E-1;1,053908E-1;1,104651E-1;9,267155E-1;;
30/11/2021  14:47:38,598283;9,455992E-1;1,305587E-1;1,382671E-1;9,270321E-1;;
30/11/2021  14:47:38,598383;9,457303E-1;1,280100E-1;1,407946E-1;9,273707E-1;;
30/11/2021  14:47:38,598483;9,456051E-1;1,872659E-1;1,824976E-1;9,277305E-1;;
30/11/2021  14:47:38,598583;9,462817E-1;1,264171E-1;1,426902E-1;9,281106E-1;;
30/11/2021  14:47:38,598683;9,466661E-1;1,260985E-1;1,300529E-1;9,285100E-1;;
30/11/2021  14:47:38,598783;9,474410E-1;1,276914E-1;1,183634E-1;9,289276E-1;;
30/11/2021  14:47:38,598883;9,476764E-1;1,315144E-1;1,310007E-1;9,293626E-1;;
30/11/2021  14:47:38,598983;9,476317E-1;1,079395E-1;1,107811E-1;9,298138E-1;;
30/11/2021  14:47:38,599083;9,479804E-1;1,162226E-1;1,085695E-1;9,302803E-1;;
30/11/2021  14:47:38,599183;9,476258E-1;9,997498E-2;9,940750E-2;9,307609E-1;;
30/11/2021  14:47:38,599283;9,485407E-1;1,283286E-1;1,376353E-1;9,312545E-1;;
30/11/2021  14:47:38,599383;9,494646E-1;1,146297E-1;1,164678E-1;9,317597E-1;;
30/11/2021  14:47:38,599483;9,491129E-1;1,270543E-1;1,404787E-1;9,322757E-1;;
30/11/2021  14:47:38,599583;9,494646E-1;1,273729E-1;1,262617E-1;9,328012E-1;;
30/11/2021  14:47:38,599683;9,490682E-1;5,186940E-2;7,918786E-2;9,333352E-1;;
30/11/2021  14:47:38,599783;9,493782E-1;1,550893E-1;1,758630E-1;9,338764E-1;;
30/11/2021  14:47:38,599883;9,493186E-1;5,664810E-2;1,129926E-1;9,344237E-1;;
30/11/2021  14:47:38,599983;9,498223E-1;1,251428E-1;1,297370E-1;9,349758E-1;;
30/11/2021  14:47:38,600083;9,499027E-1;1,260985E-1;1,253139E-1;9,355316E-1;;
30/11/2021  14:47:38,600183;9,510412E-1;1,181340E-1;1,164678E-1;9,360898E-1;;
30/11/2021  14:47:38,600283;9,504511E-1;1,391603E-1;1,464814E-1;9,366495E-1;;
30/11/2021  14:47:38,600383;9,506836E-1;1,225942E-1;1,183634E-1;9,372097E-1;;
30/11/2021  14:47:38,600483;9,502097E-1;9,487770E-2;1,079377E-1;9,377693E-1;;
30/11/2021  14:47:38,600583;9,503915E-1;-4,306744E-2;2,042450E-2;9,383272E-1;;
30/11/2021  14:47:38,600683;9,505465E-1;1,327887E-1;1,202590E-1;9,388825E-1;;
30/11/2021  14:47:38,600783;9,506091E-1;1,076209E-1;8,898175E-2;9,394340E-1;;
30/11/2021  14:47:38,600883;9,512379E-1;1,257800E-1;1,300529E-1;9,399809E-1;;
30/11/2021  14:47:38,600983;9,503915E-1;1,190898E-1;1,095173E-1;9,405220E-1;;
30/11/2021  14:47:38,601083;9,504809E-1;1,181340E-1;9,245700E-2;9,410567E-1;;
30/11/2021  14:47:38,601183;9,498550E-1;1,232313E-1;1,360556E-1;9,415839E-1;;
30/11/2021  14:47:38,601283;9,503557E-1;1,111253E-1;1,129926E-1;9,421027E-1;;
30/11/2021  14:47:38,601383;9,504749E-1;8,965980E-4;5,170177E-2;9,426121E-1;;
30/11/2021  14:47:38,601483;9,510501E-1;1,206827E-1;1,164678E-1;9,431114E-1;;
30/11/2021  14:47:38,601583;9,513541E-1;8,659462E-2;9,119327E-2;9,435999E-1;;
30/11/2021  14:47:38,601683;9,509637E-1;1,123996E-1;1,139404E-1;9,440771E-1;;
30/11/2021  14:47:38,601783;9,504869E-1;1,213198E-1;1,142563E-1;9,445424E-1;;
30/11/2021  14:47:38,601883;9,514912E-1;1,366117E-1;1,297370E-1;9,449954E-1;;
30/11/2021  14:47:38,601983;9,515300E-1;9,424054E-2;8,866581E-2;9,454356E-1;;
30/11/2021  14:47:38,602083;9,517177E-1;9,997498E-2;1,092014E-1;9,458626E-1;;
30/11/2021  14:47:38,602183;9,521528E-1;7,385142E-2;7,255328E-2;9,462763E-1;;
30/11/2021  14:47:38,602283;9,521439E-1;1,219570E-1;1,079377E-1;9,466766E-1;;
30/11/2021  14:47:38,602383;9,517505E-1;1,232313E-1;1,212068E-1;9,470633E-1;;
30/11/2021  14:47:38,602483;9,510382E-1;4,613496E-2;3,369365E-2;9,474363E-1;;
30/11/2021  14:47:38,602583;9,505733E-1;1,022050E-1;1,025668E-1;9,477955E-1;;
30/11/2021  14:47:38,602683;9,511246E-1;1,311958E-1;1,436380E-1;9,481407E-1;;
30/11/2021  14:47:38,602783;9,512409E-1;7,576290E-2;1,035146E-1;9,484715E-1;;
30/11/2021  14:47:38,602883;9,507521E-1;1,229127E-1;1,196272E-1;9,487879E-1;;
30/11/2021  14:47:38,602983;9,501978E-1;1,378860E-1;1,543797E-1;9,490898E-1;;
30/11/2021  14:47:38,603083;9,500100E-1;1,308772E-1;1,249980E-1;9,493769E-1;;
30/11/2021  14:47:38,603183;9,496554E-1;1,273729E-1;1,253139E-1;9,496492E-1;;
30/11/2021  14:47:38,603283;9,492113E-1;1,315144E-1;1,411105E-1;9,499064E-1;;
30/11/2021  14:47:38,603383;9,494944E-1;1,210013E-1;1,256299E-1;9,501484E-1;;
30/11/2021  14:47:38,603483;9,492798E-1;1,009307E-1;9,308886E-2;9,503749E-1;;
30/11/2021  14:47:38,603583;9,493931E-1;1,178155E-1;1,452176E-1;9,505860E-1;;
30/11/2021  14:47:38,603683;9,487911E-1;9,328480E-2;9,435259E-2;9,507816E-1;;
30/11/2021  14:47:38,603783;9,477331E-1;1,044351E-1;1,088855E-1;9,509616E-1;;
30/11/2021  14:47:38,603883;9,468092E-1;8,818752E-2;7,760819E-2;9,511261E-1;;
30/11/2021  14:47:38,603983;9,467287E-1;1,332122E-2;1,410586E-2;9,512746E-1;;
30/11/2021  14:47:38,604083;9,462280E-1;9,838208E-2;8,771802E-2;9,514071E-1;;
30/11/2021  14:47:38,604183;9,457035E-1;1,174969E-1;1,215227E-1;9,515231E-1;;
30/11/2021  14:47:38,604283;9,452833E-1;9,360338E-2;1,174156E-1;9,516227E-1;;
30/11/2021  14:47:38,604383;9,446574E-1;1,522221E-1;2,229369E-1;9,517055E-1;;
30/11/2021  14:47:38,604483;9,438378E-1;1,146297E-1;1,183634E-1;9,517713E-1;;
30/11/2021  14:47:38,604583;9,430361E-1;9,105474E-2;1,069899E-1;9,518199E-1;;
30/11/2021  14:47:38,604683;9,430451E-1;9,615202E-2;1,117289E-1;9,518511E-1;;
30/11/2021  14:47:38,604783;9,432954E-1;1,015679E-1;1,167838E-1;9,518646E-1;;
30/11/2021  14:47:38,604883;9,423864E-1;7,002846E-2;8,045158E-2;9,518604E-1;;
30/11/2021  14:47:38,604983;9,414744E-1;1,120810E-1;1,272095E-1;9,518385E-1;;
30/11/2021  14:47:38,605083;9,407025E-1;1,254614E-1;1,316326E-1;9,517988E-1;;
30/11/2021  14:47:38,605183;9,400588E-1;1,420275E-1;1,338441E-1;9,517412E-1;;
30/11/2021  14:47:38,605283;9,388607E-1;7,863012E-2;7,381701E-2;9,516657E-1;;
30/11/2021  14:47:38,605383;9,387177E-1;6,429402E-2;8,329497E-2;9,515719E-1;;
30/11/2021  14:47:38,605483;9,381127E-1;9,392196E-2;1,218387E-1;9,514599E-1;;
30/11/2021  14:47:38,605583;9,372961E-1;1,531778E-1;1,133085E-1;9,513295E-1;;
30/11/2021  14:47:38,605683;9,360920E-1;1,404346E-1;1,467973E-1;9,511806E-1;;
30/11/2021  14:47:38,605783;9,360056E-1;1,525407E-1;1,461654E-1;9,510132E-1;;
30/11/2021  14:47:38,605883;9,350340E-1;1,388417E-1;1,354238E-1;9,508272E-1;;
30/11/2021  14:47:38,605983;9,347777E-1;1,257800E-1;1,300529E-1;9,506225E-1;;
30/11/2021  14:47:38,606083;9,346287E-1;1,194084E-1;1,256299E-1;9,503993E-1;;
30/11/2021  14:47:38,606183;9,351979E-1;1,171783E-1;1,237343E-1;9,501577E-1;;
30/11/2021  14:47:38,606283;9,346794E-1;1,311958E-1;1,341600E-1;9,498981E-1;;
30/11/2021  14:47:38,606383;9,339879E-1;1,382046E-1;1,423743E-1;9,496210E-1;;
30/11/2021  14:47:38,606483;9,339402E-1;1,136739E-1;1,205749E-1;9,493269E-1;;
30/11/2021  14:47:38,606583;9,341608E-1;1,257800E-1;1,262617E-1;9,490164E-1;;
30/11/2021  14:47:38,606683;9,339522E-1;1,296029E-1;1,275255E-1;9,486902E-1;;
30/11/2021  14:47:38,606783;9,349804E-1;1,276914E-1;1,249980E-1;9,483492E-1;;
30/11/2021  14:47:38,606883;9,349476E-1;1,127182E-1;1,354238E-1;9,479944E-1;;
30/11/2021  14:47:38,606983;9,354423E-1;1,283286E-1;1,259458E-1;9,476270E-1;;
30/11/2021  14:47:38,607083;9,349625E-1;1,378860E-1;1,515363E-1;9,472482E-1;;
30/11/2021  14:47:38,607183;9,346764E-1;1,292843E-1;1,287892E-1;9,468592E-1;;
30/11/2021  14:47:38,607283;9,351085E-1;1,764342E-1;2,276759E-1;9,464615E-1;;
30/11/2021  14:47:38,607383;9,349982E-1;1,362931E-1;1,338441E-1;9,460561E-1;;
30/11/2021  14:47:38,607483;9,355764E-1;1,630538E-1;1,553275E-1;9,456444E-1;;
30/11/2021  14:47:38,607583;9,357701E-1;1,254614E-1;1,249980E-1;9,452278E-1;;
30/11/2021  14:47:38,607683;9,361159E-1;3,625898E-2;7,539667E-2;9,448076E-1;;
30/11/2021  14:47:38,607783;9,353082E-1;1,327887E-1;1,300529E-1;9,443853E-1;;
30/11/2021  14:47:38,607883;9,354006E-1;1,356559E-1;1,268936E-1;9,439621E-1;;
30/11/2021  14:47:38,607983;9,358715E-1;1,159040E-1;1,224705E-1;9,435392E-1;;
30/11/2021  14:47:38,608083;9,368430E-1;1,340630E-1;1,496407E-1;9,431180E-1;;
30/11/2021  14:47:38,608183;9,367417E-1;1,260985E-1;1,212068E-1;9,426996E-1;;
30/11/2021  14:47:38,608283;9,376805E-1;1,496735E-1;1,458495E-1;9,422855E-1;;
30/11/2021  14:47:38,608383;9,375673E-1;9,774492E-2;7,729226E-2;9,418769E-1;;
30/11/2021  14:47:38,608483;9,376805E-1;2,191239E-1;2,068244E-1;9,414753E-1;;
30/11/2021  14:47:38,608583;9,376209E-1;1,378860E-1;1,480610E-1;9,410817E-1;;
30/11/2021  14:47:38,608683;9,387057E-1;1,260985E-1;1,505885E-1;9,406973E-1;;
30/11/2021  14:47:38,608783;9,392005E-1;1,283286E-1;1,319485E-1;9,403234E-1;;
30/11/2021  14:47:38,608883;9,397965E-1;1,334259E-1;1,303688E-1;9,399610E-1;;
30/11/2021  14:47:38,608983;9,398949E-1;1,636910E-1;1,600664E-1;9,396113E-1;;
30/11/2021  14:47:38,609083;9,395909E-1;1,598680E-1;2,084040E-1;9,392754E-1;;
30/11/2021  14:47:38,609183;9,394389E-1;1,340630E-1;1,363715E-1;9,389543E-1;;
30/11/2021  14:47:38,609283;9,390246E-1;1,413904E-1;1,376353E-1;9,386486E-1;;
30/11/2021  14:47:38,609383;9,392422E-1;1,385232E-1;1,328963E-1;9,383589E-1;;
30/11/2021  14:47:38,609483;9,398830E-1;1,190898E-1;1,256299E-1;9,380857E-1;;
30/11/2021  14:47:38,609583;9,399753E-1;8,850610E-2;9,845971E-2;9,378293E-1;;
30/11/2021  14:47:38,609683;9,399992E-1;1,292843E-1;1,338441E-1;9,375901E-1;;
30/11/2021  14:47:38,609783;9,404611E-1;1,149482E-1;9,087734E-2;9,373684E-1;;
30/11/2021  14:47:38,609883;9,394925E-1;3,944478E-2;2,516348E-2;9,371644E-1;;
30/11/2021  14:47:38,609983;9,397667E-1;1,172832E-2;7,950379E-2;9,369781E-1;;
30/11/2021  14:47:38,610083;9,396594E-1;6,970988E-2;9,909157E-2;9,368094E-1;;
30/11/2021  14:47:38,610183;9,407383E-1;1,359745E-1;1,423743E-1;9,366582E-1;;
30/11/2021  14:47:38,610283;9,408426E-1;1,515849E-1;1,597505E-1;9,365244E-1;;
30/11/2021  14:47:38,610383;9,407711E-1;9,073616E-2;1,388990E-1;9,364078E-1;;
30/11/2021  14:47:38,610483;9,401899E-1;1,347002E-1;1,502726E-1;9,363083E-1;;
30/11/2021  14:47:38,610583;9,402406E-1;1,716555E-1;1,736515E-1;9,362255E-1;;
30/11/2021  14:47:38,610683;9,403270E-1;1,331073E-1;1,474292E-1;9,361591E-1;;
30/11/2021  14:47:38,610783;9,407055E-1;1,512664E-1;1,556434E-1;9,361085E-1;;
30/11/2021  14:47:38,610883;9,397727E-1;1,423461E-1;1,328963E-1;9,360733E-1;;
30/11/2021  14:47:38,610983;9,404403E-1;1,286472E-1;1,306848E-1;9,360529E-1;;
30/11/2021  14:47:38,611083;9,401273E-1;1,410718E-1;1,268936E-1;9,360465E-1;;
30/11/2021  14:47:38,611183;9,400379E-1;1,366117E-1;1,499566E-1;9,360537E-1;;
30/11/2021  14:47:38,611283;9,394806E-1;1,079395E-1;1,133085E-1;9,360737E-1;;
30/11/2021  14:47:38,611383;9,391289E-1;1,257800E-1;1,265777E-1;9,361056E-1;;
30/11/2021  14:47:38,611483;9,403091E-1;1,375674E-1;1,328963E-1;9,361486E-1;;
30/11/2021  14:47:38,611583;9,398263E-1;1,608238E-1;1,910278E-1;9,362020E-1;;
30/11/2021  14:47:38,611683;9,399873E-1;1,491412E-2;5,138584E-2;9,362649E-1;;
30/11/2021  14:47:38,611783;9,390574E-1;1,165411E-1;1,199431E-1;9,363367E-1;;
30/11/2021  14:47:38,611883;9,384017E-1;1,503106E-1;1,714400E-1;9,364165E-1;;
30/11/2021  14:47:38,611983;9,386789E-1;2,192288E-2;1,758111E-2;9,365033E-1;;
30/11/2021  14:47:38,612083;9,375524E-1;1,533758E-3;3,364175E-3;9,365961E-1;;
30/11/2021  14:47:38,612183;9,368878E-1;6,631038E-3;8,735019E-3;9,366938E-1;;
30/11/2021  14:47:38,612283;9,373944E-1;5,356718E-3;7,787223E-3;9,367954E-1;;
30/11/2021  14:47:38,612383;9,371649E-1;1,077258E-2;1,157841E-2;9,368998E-1;;
30/11/2021  14:47:38,612483;9,361278E-1;2,594380E-4;3,364175E-3;9,370058E-1;;
30/11/2021  14:47:38,612583;9,360235E-1;1,215178E-3;3,364175E-3;9,371125E-1;;
30/11/2021  14:47:38,612683;9,354006E-1;1,533758E-3;3,680107E-3;9,372187E-1;;
30/11/2021  14:47:38,612783;9,360443E-1;6,631038E-3;9,050951E-3;9,373234E-1;;
30/11/2021  14:47:38,612883;9,367030E-1;4,719558E-3;6,523495E-3;9,374257E-1;;
30/11/2021  14:47:38,612983;9,371590E-1;2,808078E-3;5,259767E-3;9,375249E-1;;
30/11/2021  14:47:38,613083;9,369146E-1;4,400978E-3;5,575699E-3;9,376204E-1;;
30/11/2021  14:47:38,613183;9,367715E-1;1,852338E-3;3,364175E-3;9,377118E-1;;
30/11/2021  14:47:38,613283;9,362708E-1;2,489498E-3;3,996039E-3;9,377988E-1;;
30/11/2021  14:47:38,613383;9,367507E-1;5,356718E-3;7,155359E-3;9,378809E-1;;
30/11/2021  14:47:38,613483;9,375702E-1;1,533758E-3;3,680107E-3;9,379579E-1;;
30/11/2021  14:47:38,613583;9,371530E-1;1,533758E-3;3,680107E-3;9,380295E-1;;
30/11/2021  14:47:38,613683;9,371441E-1;1,533758E-3;3,364175E-3;9,380957E-1;;
30/11/2021  14:47:38,613783;9,363364E-1;8,965980E-4;3,364175E-3;9,381565E-1;;
30/11/2021  14:47:38,613883;9,359281E-1;5,780180E-4;3,364175E-3;9,382116E-1;;
30/11/2021  14:47:38,613983;9,351353E-1;8,965980E-4;3,364175E-3;9,382609E-1;;
30/11/2021  14:47:38,614083;9,346943E-1;5,780180E-4;3,996039E-3;9,383040E-1;;
30/11/2021  14:47:38,614183;9,349208E-1;8,965980E-4;3,364175E-3;9,383406E-1;;
30/11/2021  14:47:38,614283;9,347002E-1;5,780180E-4;3,680107E-3;9,383704E-1;;
30/11/2021  14:47:38,614383;9,344677E-1;8,965980E-4;3,996039E-3;9,383932E-1;;
30/11/2021  14:47:38,614483;9,337316E-1;8,965980E-4;3,364175E-3;9,384086E-1;;
30/11/2021  14:47:38,614583;9,338240E-1;8,965980E-4;3,680107E-3;9,384165E-1;;
30/11/2021  14:47:38,614683;9,337614E-1;8,965980E-4;3,048243E-3;9,384166E-1;;
30/11/2021  14:47:38,614783;9,339134E-1;8,965980E-4;3,996039E-3;9,384088E-1;;
30/11/2021  14:47:38,614883;9,347688E-1;2,594380E-4;2,732311E-3;9,383930E-1;;
30/11/2021  14:47:38,614983;9,349863E-1;2,594380E-4;3,048243E-3;9,383693E-1;;
30/11/2021  14:47:38,615083;9,356271E-1;1,215178E-3;3,364175E-3;9,383381E-1;;
30/11/2021  14:47:38,615183;9,358536E-1;8,965980E-4;4,311971E-3;9,382996E-1;;
30/11/2021  14:47:38,615283;9,352873E-1;8,965980E-4;3,680107E-3;9,382545E-1;;
30/11/2021  14:47:38,615383;9,357165E-1;1,215178E-3;3,996039E-3;9,382033E-1;;
30/11/2021  14:47:38,615483;9,367507E-1;5,993878E-3;9,366883E-3;9,381463E-1;;
30/11/2021  14:47:38,615583;9,371232E-1;5,356718E-3;6,207563E-3;9,380844E-1;;
30/11/2021  14:47:38,615683;9,371679E-1;4,082398E-3;7,155359E-3;9,380182E-1;;
30/11/2021  14:47:38,615783;9,371977E-1;1,491412E-2;1,378993E-2;9,379484E-1;;
30/11/2021  14:47:38,615883;9,363245E-1;1,459554E-2;1,473773E-2;9,378760E-1;;
30/11/2021  14:47:38,615983;9,365957E-1;1,618844E-2;1,663332E-2;9,378013E-1;;
30/11/2021  14:47:38,616083;9,362798E-1;1,459554E-2;1,631739E-2;9,377250E-1;;
30/11/2021  14:47:38,616183;9,363453E-1;1,395838E-2;1,442179E-2;9,376474E-1;;
30/11/2021  14:47:38,616283;9,366762E-1;1,778134E-2;2,105637E-2;9,375691E-1;;
30/11/2021  14:47:38,616383;9,363126E-1;1,332122E-2;2,453162E-2;9,374903E-1;;
30/11/2021  14:47:38,616483;9,358446E-1;1,969282E-2;4,127601E-2;9,374115E-1;;
30/11/2021  14:47:38,616583;9,358059E-1;3,689614E-2;4,917431E-2;9,373330E-1;;
30/11/2021  14:47:38,616683;9,355198E-1;1,123996E-1;1,177316E-1;9,372549E-1;;
30/11/2021  14:47:38,616783;9,350042E-1;1,523270E-2;1,726518E-2;9,371774E-1;;
30/11/2021  14:47:38,616883;9,354363E-1;4,581638E-2;5,106991E-2;9,371006E-1;;
30/11/2021  14:47:38,616983;9,353678E-1;1,455319E-1;1,632258E-1;9,370244E-1;;
30/11/2021  14:47:38,617083;9,348820E-1;1,085766E-1;1,262617E-1;9,369491E-1;;
30/11/2021  14:47:38,617183;9,338359E-1;1,315144E-1;1,291051E-1;9,368745E-1;;
30/11/2021  14:47:38,617283;9,337376E-1;1,238685E-1;1,205749E-1;9,368006E-1;;
30/11/2021  14:47:38,617383;9,339939E-1;1,092138E-1;9,782784E-2;9,367271E-1;;
30/11/2021  14:47:38,617483;9,335409E-1;1,155854E-1;1,205749E-1;9,366539E-1;;
30/11/2021  14:47:38,617583;9,330909E-1;9,647060E-2;1,152041E-1;9,365808E-1;;
30/11/2021  14:47:38,617683;9,328882E-1;7,417000E-2;9,435259E-2;9,365075E-1;;
30/11/2021  14:47:38,617783;9,331683E-1;7,576290E-2;5,391329E-2;9,364338E-1;;
30/11/2021  14:47:38,617883;9,322653E-1;1,219570E-1;1,278414E-1;9,363595E-1;;
30/11/2021  14:47:38,617983;9,315888E-1;1,181340E-1;1,243661E-1;9,362842E-1;;
30/11/2021  14:47:38,618083;9,315262E-1;1,251428E-1;1,328963E-1;9,362078E-1;;
30/11/2021  14:47:38,618183;9,314457E-1;1,200455E-1;1,268936E-1;9,361298E-1;;
30/11/2021  14:47:38,618283;9,307841E-1;1,241871E-1;1,224705E-1;9,360498E-1;;
30/11/2021  14:47:38,618383;9,304473E-1;1,362931E-1;1,407946E-1;9,359676E-1;;
30/11/2021  14:47:38,618483;9,293714E-1;1,761156E-1;1,619620E-1;9,358826E-1;;
30/11/2021  14:47:38,618583;9,281048E-1;1,232313E-1;1,152041E-1;9,357946E-1;;
30/11/2021  14:47:38,618683;9,267339E-1;1,060280E-1;1,161519E-1;9,357027E-1;;
30/11/2021  14:47:38,618783;9,266504E-1;1,210013E-1;1,215227E-1;9,356063E-1;;
30/11/2021  14:47:38,618883;9,261885E-1;1,248242E-1;1,243661E-1;9,355045E-1;;
30/11/2021  14:47:38,618983;9,255388E-1;9,041758E-2;1,265777E-1;9,353965E-1;;
30/11/2021  14:47:38,619083;9,243675E-1;8,723178E-2;4,348754E-2;9,352817E-1;;
30/11/2021  14:47:38,619183;9,239324E-1;1,375674E-1;1,486929E-1;9,351593E-1;;
30/11/2021  14:47:38,619283;9,238877E-1;1,270543E-1;1,354238E-1;9,350285E-1;;
30/11/2021  14:47:38,619383;9,232797E-1;1,251428E-1;1,303688E-1;9,348887E-1;;
30/11/2021  14:47:38,619483;9,235390E-1;1,292843E-1;1,351078E-1;9,347393E-1;;
30/11/2021  14:47:38,619583;9,240456E-1;1,385232E-1;1,351078E-1;9,345800E-1;;
30/11/2021  14:47:38,619683;9,249517E-1;1,203641E-1;1,120448E-1;9,344106E-1;;
30/11/2021  14:47:38,619783;9,244659E-1;1,404346E-1;1,414265E-1;9,342312E-1;;
30/11/2021  14:47:38,619883;9,241857E-1;1,296029E-1;1,294210E-1;9,340420E-1;;
30/11/2021  14:47:38,619983;9,242543E-1;1,098510E-1;1,189953E-1;9,338433E-1;;
30/11/2021  14:47:38,620083;9,246924E-1;1,216384E-1;1,205749E-1;9,336355E-1;;
30/11/2021  14:47:38,620183;9,257891E-1;1,210013E-1;1,328963E-1;9,334190E-1;;
30/11/2021  14:47:38,620283;9,265342E-1;1,181340E-1;1,300529E-1;9,331946E-1;;
30/11/2021  14:47:38,620383;9,265491E-1;1,136739E-1;1,322644E-1;9,329632E-1;;
30/11/2021  14:47:38,620483;9,262451E-1;1,219570E-1;1,047783E-1;9,327257E-1;;
30/11/2021  14:47:38,620583;9,265759E-1;1,264171E-1;1,388990E-1;9,324831E-1;;
30/11/2021  14:47:38,620683;9,263941E-1;-3,510294E-2;2,137230E-2;9,322364E-1;;
30/11/2021  14:47:38,620783;9,269097E-1;1,356559E-1;1,449017E-1;9,319866E-1;;
30/11/2021  14:47:38,620883;9,277710E-1;5,250656E-2;9,182514E-2;9,317346E-1;;
30/11/2021  14:47:38,620983;9,286264E-1;1,136739E-1;1,142563E-1;9,314815E-1;;
30/11/2021  14:47:38,621083;9,292880E-1;1,579565E-1;1,644895E-1;9,312285E-1;;
30/11/2021  14:47:38,621183;9,292135E-1;9,201048E-2;1,708081E-1;9,309770E-1;;
30/11/2021  14:47:38,621283;9,297410E-1;1,292843E-1;1,249980E-1;9,307281E-1;;
30/11/2021  14:47:38,621383;9,306619E-1;1,267357E-1;1,272095E-1;9,304830E-1;;
30/11/2021  14:47:38,621483;9,317676E-1;1,136739E-1;1,158360E-1;9,302432E-1;;
30/11/2021  14:47:38,621583;9,334962E-1;1,168597E-1;1,158360E-1;9,300099E-1;;
30/11/2021  14:47:38,621683;9,350102E-1;1,190898E-1;1,139404E-1;9,297848E-1;;
30/11/2021  14:47:38,621783;9,360443E-1;1,076209E-1;9,214107E-2;9,295695E-1;;
30/11/2021  14:47:38,621883;9,365271E-1;1,181340E-1;1,303688E-1;9,293658E-1;;
30/11/2021  14:47:38,621983;9,383660E-1;1,079395E-1;1,158360E-1;9,291754E-1;;
30/11/2021  14:47:38,622083;9,386372E-1;5,664810E-2;8,297904E-2;9,290001E-1;;
30/11/2021  14:47:38,622183;9,399098E-1;6,939130E-2;6,686651E-2;9,288416E-1;;
30/11/2021  14:47:38,622283;9,413344E-1;9,424054E-2;1,009872E-1;9,287016E-1;;
30/11/2021  14:47:38,622383;9,422016E-1;1,337445E-1;1,291051E-1;9,285815E-1;;
30/11/2021  14:47:38,622483;9,425622E-1;1,356559E-1;1,218387E-1;9,284831E-1;;
30/11/2021  14:47:38,622583;9,433818E-1;8,213450E-2;7,855599E-2;9,284077E-1;;
30/11/2021  14:47:38,622683;9,433550E-1;7,321426E-2;7,508074E-2;9,283565E-1;;
30/11/2021  14:47:38,622783;9,437752E-1;1,331073E-1;1,477451E-1;9,283305E-1;;
30/11/2021  14:47:38,622883;9,444905E-1;9,615202E-2;9,972343E-2;9,283305E-1;;
30/11/2021  14:47:38,622983;9,455545E-1;9,264764E-2;9,087734E-2;9,283572E-1;;
30/11/2021  14:47:38,623083;9,459121E-1;1,159040E-1;1,212068E-1;9,284110E-1;;
30/11/2021  14:47:38,623183;9,466095E-1;1,184526E-1;9,372073E-2;9,284925E-1;;
30/11/2021  14:47:38,623283;9,464962E-1;1,015679E-1;7,097362E-2;9,286018E-1;;
30/11/2021  14:47:38,623383;9,466333E-1;1,117624E-1;8,771802E-2;9,287391E-1;;
30/11/2021  14:47:38,623483;9,463562E-1;1,276914E-1;1,180475E-1;9,289041E-1;;
30/11/2021  14:47:38,623583;9,477390E-1;1,347002E-1;1,246821E-1;9,290967E-1;;
30/11/2021  14:47:38,623683;9,481712E-1;1,353374E-1;1,638576E-1;9,293162E-1;;
30/11/2021  14:47:38,623783;9,481384E-1;2,861306E-2;2,579535E-2;9,295622E-1;;
30/11/2021  14:47:38,623883;9,482934E-1;-3,892590E-2;2,010857E-2;9,298342E-1;;
30/11/2021  14:47:38,623983;9,489431E-1;1,528593E-1;1,610142E-1;9,301313E-1;;
30/11/2021  14:47:38,624083;9,491815E-1;8,861098E-3;1,663332E-2;9,304528E-1;;
30/11/2021  14:47:38,624183;9,494587E-1;1,085766E-1;1,215227E-1;9,307978E-1;;
30/11/2021  14:47:38,624283;9,498282E-1;1,053908E-1;1,050943E-1;9,311652E-1;;
30/11/2021  14:47:38,624383;9,507253E-1;1,066652E-1;1,019350E-1;9,315541E-1;;
30/11/2021  14:47:38,624483;9,511902E-1;8,022302E-2;1,038306E-1;9,319634E-1;;
30/11/2021  14:47:38,624583;9,512051E-1;7,640006E-2;9,561632E-2;9,323923E-1;;
30/11/2021  14:47:38,624683;9,518667E-1;7,321426E-2;9,245700E-2;9,328395E-1;;
30/11/2021  14:47:38,624783;9,520128E-1;7,544432E-2;7,350108E-2;9,333041E-1;;
30/11/2021  14:47:38,624883;9,526953E-1;1,006121E-1;1,092014E-1;9,337849E-1;;
30/11/2021  14:47:38,624983;9,533390E-1;9,583344E-2;1,110970E-1;9,342809E-1;;
30/11/2021  14:47:38,625083;9,534910E-1;1,332122E-2;4,222381E-2;9,347910E-1;;
30/11/2021  14:47:38,625183;9,540155E-1;8,755036E-2;1,047783E-1;9,353142E-1;;
30/11/2021  14:47:38,625283;9,539470E-1;8,786894E-2;9,814378E-2;9,358493E-1;;
30/11/2021  14:47:38,625383;9,533211E-1;8,309024E-2;1,319485E-1;9,363953E-1;;
30/11/2021  14:47:38,625483;9,539291E-1;1,296029E-1;1,407946E-1;9,369509E-1;;
30/11/2021  14:47:38,625583;9,541854E-1;1,318330E-1;1,363715E-1;9,375148E-1;;
30/11/2021  14:47:38,625683;9,544983E-1;1,251428E-1;1,253139E-1;9,380859E-1;;
30/11/2021  14:47:38,625783;9,546563E-1;1,522221E-1;1,420583E-1;9,386628E-1;;
30/11/2021  14:47:38,625883;9,549692E-1;1,773899E-1;1,512204E-1;9,392444E-1;;
30/11/2021  14:47:38,625983;9,548083E-1;1,719741E-1;1,550115E-1;9,398294E-1;;
30/11/2021  14:47:38,626083;9,548709E-1;1,687883E-1;1,550115E-1;9,404168E-1;;
30/11/2021  14:47:38,626183;9,554371E-1;1,299215E-1;1,231024E-1;9,410053E-1;;
30/11/2021  14:47:38,626283;9,560928E-1;1,426647E-1;1,417424E-1;9,415939E-1;;
30/11/2021  14:47:38,626383;9,565458E-1;8,309024E-2;1,009872E-1;9,421814E-1;;
30/11/2021  14:47:38,626483;9,568051E-1;1,378860E-1;1,281573E-1;9,427671E-1;;
30/11/2021  14:47:38,626583;9,565399E-1;1,292843E-1;1,237343E-1;9,433501E-1;;
30/11/2021  14:47:38,626683;9,568736E-1;7,608148E-2;6,781430E-2;9,439295E-1;;
30/11/2021  14:47:38,626783;9,562448E-1;1,404346E-1;1,625939E-1;9,445046E-1;;
30/11/2021  14:47:38,626883;9,566561E-1;1,356559E-1;1,518522E-1;9,450744E-1;;
30/11/2021  14:47:38,626983;9,571210E-1;4,326774E-2;1,016190E-1;9,456381E-1;;
30/11/2021  14:47:38,627083;9,570525E-1;1,225942E-1;1,265777E-1;9,461949E-1;;
30/11/2021  14:47:38,627183;9,565756E-1;1,321516E-1;1,600664E-1;9,467441E-1;;
30/11/2021  14:47:38,627283;9,560183E-1;1,321516E-1;1,303688E-1;9,472848E-1;;
30/11/2021  14:47:38,627383;9,557173E-1;1,321516E-1;1,294210E-1;9,478164E-1;;
30/11/2021  14:47:38,627483;9,551361E-1;4,263058E-2;1,234183E-1;9,483377E-1;;
30/11/2021  14:47:38,627583;9,550944E-1;1,308772E-1;1,344760E-1;9,488479E-1;;
30/11/2021  14:47:38,627683;9,549990E-1;1,149482E-1;9,719598E-2;9,493461E-1;;
30/11/2021  14:47:38,627783;9,547755E-1;1,299215E-1;1,297370E-1;9,498313E-1;;
30/11/2021  14:47:38,627883;9,544596E-1;1,200455E-1;1,044624E-1;9,503028E-1;;
30/11/2021  14:47:38,627983;9,544387E-1;1,280100E-1;1,180475E-1;9,507596E-1;;
30/11/2021  14:47:38,628083;9,536788E-1;9,201048E-2;7,381701E-2;9,512011E-1;;
30/11/2021  14:47:38,628183;9,538606E-1;7,480716E-2;1,025668E-1;9,516266E-1;;
30/11/2021  14:47:38,628283;9,537980E-1;9,424054E-2;7,223735E-2;9,520352E-1;;
30/11/2021  14:47:38,628383;9,541079E-1;1,554079E-1;1,663851E-1;9,524264E-1;;
30/11/2021  14:47:38,628483;9,539500E-1;1,359745E-1;1,471132E-1;9,527999E-1;;
30/11/2021  14:47:38,628583;9,533152E-1;1,971419E-1;2,532664E-1;9,531552E-1;;
30/11/2021  14:47:38,628683;9,528473E-1;1,350188E-1;1,278414E-1;9,534919E-1;;
30/11/2021  14:47:38,628783;9,518161E-1;1,353374E-1;1,316326E-1;9,538098E-1;;
30/11/2021  14:47:38,628883;9,516164E-1;1,382046E-1;1,357397E-1;9,541083E-1;;
30/11/2021  14:47:38,628983;9,515657E-1;1,232313E-1;1,287892E-1;9,543871E-1;;
30/11/2021  14:47:38,629083;9,510561E-1;1,296029E-1;1,268936E-1;9,546457E-1;;
30/11/2021  14:47:38,629183;9,502216E-1;1,331073E-1;1,322644E-1;9,548839E-1;;
30/11/2021  14:47:38,629283;9,490861E-1;1,327887E-1;1,306848E-1;9,551014E-1;;
30/11/2021  14:47:38,629383;9,477062E-1;1,225942E-1;1,205749E-1;9,552976E-1;;
30/11/2021  14:47:38,629483;9,467525E-1;1,229127E-1;1,139404E-1;9,554722E-1;;
30/11/2021  14:47:38,629583;9,462101E-1;1,334259E-1;1,237343E-1;9,556244E-1;;
30/11/2021  14:47:38,629683;9,461148E-1;7,098420E-2;1,101492E-1;9,557537E-1;;
30/11/2021  14:47:38,629783;9,451074E-1;1,225942E-1;1,420583E-1;9,558596E-1;;
30/11/2021  14:47:38,629883;9,442640E-1;1,388417E-1;1,480610E-1;9,559417E-1;;
30/11/2021  14:47:38,629983;9,440077E-1;1,248242E-1;1,155200E-1;9,559995E-1;;
30/11/2021  14:47:38,630083;9,430808E-1;1,238685E-1;1,265777E-1;9,560329E-1;;
30/11/2021  14:47:38,630183;9,423745E-1;1,302401E-1;1,385831E-1;9,560414E-1;;
30/11/2021  14:47:38,630283;9,421241E-1;1,378860E-1;1,379512E-1;9,560249E-1;;
30/11/2021  14:47:38,630383;9,421241E-1;1,436204E-1;1,392149E-1;9,559832E-1;;
30/11/2021  14:47:38,630483;9,414774E-1;1,136739E-1;1,281573E-1;9,559165E-1;;
30/11/2021  14:47:38,630583;9,409052E-1;1,656025E-1;1,600664E-1;9,558247E-1;;
30/11/2021  14:47:38,630683;9,405237E-1;1,366117E-1;1,338441E-1;9,557083E-1;;
30/11/2021  14:47:38,630783;9,394270E-1;1,385232E-1;1,328963E-1;9,555673E-1;;
30/11/2021  14:47:38,630883;9,388637E-1;1,340630E-1;1,275255E-1;9,554021E-1;;
30/11/2021  14:47:38,630983;9,383779E-1;1,394789E-1;1,322644E-1;9,552130E-1;;
30/11/2021  14:47:38,631083;9,385359E-1;1,523270E-2;6,623464E-2;9,550004E-1;;
30/11/2021  14:47:38,631183;9,385210E-1;1,270543E-1;8,139938E-2;9,547646E-1;;
30/11/2021  14:47:38,631283;9,374093E-1;1,350188E-1;1,632258E-1;9,545065E-1;;
30/11/2021  14:47:38,631383;9,371202E-1;1,391603E-1;1,436380E-1;9,542265E-1;;
30/11/2021  14:47:38,631483;9,362738E-1;1,372488E-1;1,347919E-1;9,539255E-1;;
30/11/2021  14:47:38,631583;9,359758E-1;1,397975E-1;1,392149E-1;9,536040E-1;;
30/11/2021  14:47:38,631683;9,353142E-1;1,420275E-1;1,392149E-1;9,532628E-1;;
30/11/2021  14:47:38,631783;9,345125E-1;1,404346E-1;1,278414E-1;9,529026E-1;;
30/11/2021  14:47:38,631883;9,348284E-1;1,366117E-1;1,221546E-1;9,525240E-1;;
30/11/2021  14:47:38,631983;9,336452E-1;1,746276E-2;1,947671E-2;9,521278E-1;;
30/11/2021  14:47:38,632083;9,330432E-1;5,780180E-4;3,364175E-3;9,517149E-1;;
30/11/2021  14:47:38,632183;9,318958E-1;3,126658E-3;5,891631E-3;9,512859E-1;;
30/11/2021  14:47:38,632283;9,319583E-1;6,312458E-3;8,103155E-3;9,508414E-1;;
30/11/2021  14:47:38,632383;9,315649E-1;6,949618E-3;8,419087E-3;9,503822E-1;;
30/11/2021  14:47:38,632483;9,308139E-1;6,312458E-3;8,103155E-3;9,499090E-1;;
30/11/2021  14:47:38,632583;9,303788E-1;8,965980E-4;4,627903E-3;9,494226E-1;;
30/11/2021  14:47:38,632683;9,299913E-1;1,215178E-3;3,364175E-3;9,489236E-1;;
30/11/2021  14:47:38,632783;9,295324E-1;4,719558E-3;6,839427E-3;9,484128E-1;;
30/11/2021  14:47:38,632883;9,293744E-1;2,170918E-3;4,311971E-3;9,478910E-1;;
30/11/2021  14:47:38,632983;9,292552E-1;8,223938E-3;8,419087E-3;9,473591E-1;;
30/11/2021  14:47:38,633083;9,293893E-1;5,780180E-4;3,680107E-3;9,468179E-1;;
30/11/2021  14:47:38,633183;9,292939E-1;3,445238E-3;5,575699E-3;9,462684E-1;;
30/11/2021  14:47:38,633283;9,288529E-1;2,808078E-3;5,259767E-3;9,457115E-1;;
30/11/2021  14:47:38,633383;9,291628E-1;4,082398E-3;6,523495E-3;9,451485E-1;;
30/11/2021  14:47:38,633483;9,286115E-1;1,852338E-3;3,680107E-3;9,445803E-1;;
30/11/2021  14:47:38,633583;9,284893E-1;1,215178E-3;3,364175E-3;9,440080E-1;;
30/11/2021  14:47:38,633683;9,278723E-1;1,533758E-3;4,311971E-3;9,434328E-1;;
30/11/2021  14:47:38,633783;9,282330E-1;1,215178E-3;3,364175E-3;9,428555E-1;;
30/11/2021  14:47:38,633883;9,276041E-1;1,215178E-3;3,364175E-3;9,422773E-1;;
30/11/2021  14:47:38,633983;9,272644E-1;8,965980E-4;3,048243E-3;9,416990E-1;;
30/11/2021  14:47:38,634083;9,267756E-1;1,215178E-3;3,364175E-3;9,411216E-1;;
30/11/2021  14:47:38,634183;9,260931E-1;1,852338E-3;4,311971E-3;9,405459E-1;;
30/11/2021  14:47:38,634283;9,259202E-1;8,965980E-4;3,680107E-3;9,399727E-1;;
30/11/2021  14:47:38,634383;9,261944E-1;1,533758E-3;3,680107E-3;9,394025E-1;;
30/11/2021  14:47:38,634483;9,260722E-1;1,533758E-3;3,364175E-3;9,388361E-1;;
30/11/2021  14:47:38,634583;9,262958E-1;8,965980E-4;3,680107E-3;9,382742E-1;;
30/11/2021  14:47:38,634683;9,266445E-1;1,215178E-3;3,680107E-3;9,377176E-1;;
30/11/2021  14:47:38,634783;9,260097E-1;1,533758E-3;3,680107E-3;9,371670E-1;;
30/11/2021  14:47:38,634883;9,258815E-1;1,215178E-3;3,048243E-3;9,366233E-1;;
30/11/2021  14:47:38,634983;9,257355E-1;4,400978E-3;8,735019E-3;9,360871E-1;;
30/11/2021  14:47:38,635083;9,266325E-1;5,780180E-4;3,048243E-3;9,355591E-1;;
30/11/2021  14:47:38,635183;9,264001E-1;8,965980E-4;3,048243E-3;9,350399E-1;;
30/11/2021  14:47:38,635283;9,267100E-1;2,489498E-3;4,943835E-3;9,345304E-1;;
30/11/2021  14:47:38,635383;9,268561E-1;8,965980E-4;3,048243E-3;9,340312E-1;;
30/11/2021  14:47:38,635483;9,264269E-1;3,126658E-3;6,839427E-3;9,335431E-1;;
30/11/2021  14:47:38,635583;9,263673E-1;2,594380E-4;3,680107E-3;9,330667E-1;;
30/11/2021  14:47:38,635683;9,264597E-1;9,498258E-3;1,031468E-2;9,326026E-1;;
30/11/2021  14:47:38,635783;9,269872E-1;9,816838E-3;1,284213E-2;9,321513E-1;;
30/11/2021  14:47:38,635883;9,273359E-1;8,542518E-3;1,063061E-2;9,317132E-1;;
30/11/2021  14:47:38,635983;9,270706E-1;4,082398E-3;7,471291E-3;9,312890E-1;;
30/11/2021  14:47:38,636083;9,267726E-1;1,427696E-2;1,631739E-2;9,308792E-1;;
30/11/2021  14:47:38,636183;9,262958E-1;5,059508E-2;9,877564E-2;9,304841E-1;;
30/11/2021  14:47:38,636283;9,268859E-1;1,491412E-2;1,600145E-2;9,301039E-1;;
30/11/2021  14:47:38,636383;9,276727E-1;1,682560E-2;1,789705E-2;9,297389E-1;;
30/11/2021  14:47:38,636483;9,273866E-1;1,044351E-1;1,098333E-1;9,293894E-1;;
30/11/2021  14:47:38,636583;9,279349E-1;9,583344E-2;1,104651E-1;9,290556E-1;;
30/11/2021  14:47:38,636683;9,285101E-1;1,618844E-2;1,378993E-2;9,287379E-1;;
30/11/2021  14:47:38,636783;9,279588E-1;1,206827E-1;9,909157E-2;9,284364E-1;;
30/11/2021  14:47:38,636883;9,281495E-1;2,765732E-2;2,358382E-2;9,281515E-1;;
30/11/2021  14:47:38,636983;9,285727E-1;3,434750E-2;3,653703E-2;9,278833E-1;;
30/11/2021  14:47:38,637083;9,295950E-1;2,606442E-2;3,495737E-2;9,276318E-1;;
30/11/2021  14:47:38,637183;9,300062E-1;9,296622E-2;1,237343E-1;9,273973E-1;;
30/11/2021  14:47:38,637283;9,304592E-1;1,420275E-1;1,461654E-1;9,271800E-1;;
30/11/2021  14:47:38,637383;9,304354E-1;-1,439524E-2;4,627903E-3;9,269802E-1;;
30/11/2021  14:47:38,637483;9,312013E-1;1,299215E-1;1,505885E-1;9,267981E-1;;
30/11/2021  14:47:38,637583;9,317616E-1;1,251428E-1;1,275255E-1;9,266339E-1;;
30/11/2021  14:47:38,637683;9,322653E-1;1,509478E-1;1,546956E-1;9,264878E-1;;
30/11/2021  14:47:38,637783;9,331296E-1;1,289658E-1;1,259458E-1;9,263600E-1;;
30/11/2021  14:47:38,637883;9,333442E-1;1,490363E-1;1,493248E-1;9,262507E-1;;
30/11/2021  14:47:38,637983;9,340326E-1;1,095324E-1;1,180475E-1;9,261603E-1;;
30/11/2021  14:47:38,638083;9,346078E-1;1,168597E-1;1,129926E-1;9,260888E-1;;
30/11/2021  14:47:38,638183;9,352218E-1;1,187712E-1;1,170997E-1;9,260365E-1;;
30/11/2021  14:47:38,638283;9,359490E-1;1,184526E-1;1,183634E-1;9,260037E-1;;
30/11/2021  14:47:38,638383;9,371768E-1;1,260985E-1;1,278414E-1;9,259904E-1;;
30/11/2021  14:47:38,638483;9,376924E-1;1,289658E-1;1,471132E-1;9,259969E-1;;
30/11/2021  14:47:38,638583;9,380381E-1;1,047537E-1;1,066739E-1;9,260235E-1;;
30/11/2021  14:47:38,638683;9,386581E-1;1,238685E-1;1,215227E-1;9,260704E-1;;
30/11/2021  14:47:38,638783;9,390634E-1;7,321426E-2;8,898175E-2;9,261377E-1;;
30/11/2021  14:47:38,638883;9,392541E-1;-5,156422E-3;9,340479E-2;9,262255E-1;;
30/11/2021  14:47:38,638983;9,408128E-1;1,286472E-1;1,262617E-1;9,263337E-1;;
30/11/2021  14:47:38,639083;9,414446E-1;1,130368E-1;1,644895E-1;9,264623E-1;;
30/11/2021  14:47:38,639183;9,424937E-1;1,178155E-1;1,208909E-1;9,266115E-1;;
30/11/2021  14:47:38,639283;9,431821E-1;1,608238E-1;1,837613E-1;9,267812E-1;;
30/11/2021  14:47:38,639383;9,435487E-1;1,311958E-1;1,297370E-1;9,269716E-1;;
30/11/2021  14:47:38,639483;9,443057E-1;1,152668E-1;1,107811E-1;9,271826E-1;;
30/11/2021  14:47:38,639583;9,447587E-1;1,022050E-1;1,114129E-1;9,274141E-1;;
30/11/2021  14:47:38,639683;9,458972E-1;1,264171E-1;1,328963E-1;9,276661E-1;;
30/11/2021  14:47:38,639783;9,467198E-1;1,133553E-1;9,561632E-2;9,279384E-1;;
30/11/2021  14:47:38,639883;9,471310E-1;1,197269E-1;1,205749E-1;9,282309E-1;;
30/11/2021  14:47:38,639983;9,477122E-1;1,111253E-1;9,150920E-2;9,285434E-1;;
30/11/2021  14:47:38,640083;9,478910E-1;1,238685E-1;1,098333E-1;9,288757E-1;;
30/11/2021  14:47:38,640183;9,483291E-1;1,245056E-1;1,306848E-1;9,292274E-1;;
30/11/2021  14:47:38,640283;9,483261E-1;1,213198E-1;1,458495E-1;9,295980E-1;;
30/11/2021  14:47:38,640383;9,493067E-1;1,082581E-1;1,145722E-1;9,299871E-1;;
30/11/2021  14:47:38,640483;9,491338E-1;1,468062E-1;1,509044E-1;9,303938E-1;;
30/11/2021  14:47:38,640583;9,495212E-1;1,356559E-1;1,606983E-1;9,308177E-1;;
30/11/2021  14:47:38,640683;9,496405E-1;1,496735E-1;1,815498E-1;9,312579E-1;;
30/11/2021  14:47:38,640783;9,501024E-1;1,270543E-1;1,259458E-1;9,317134E-1;;
30/11/2021  14:47:38,640883;9,494676E-1;1,305587E-1;1,240502E-1;9,321835E-1;;
30/11/2021  14:47:38,640983;9,496911E-1;1,174969E-1;1,158360E-1;9,326669E-1;;
30/11/2021  14:47:38,641083;9,503200E-1;1,168597E-1;1,186794E-1;9,331627E-1;;
30/11/2021  14:47:38,641183;9,506418E-1;1,018865E-1;1,136244E-1;9,336696E-1;;
30/11/2021  14:47:38,641283;9,506538E-1;1,168597E-1;1,208909E-1;9,341866E-1;;
30/11/2021  14:47:38,641383;9,500786E-1;1,149482E-1;1,129926E-1;9,347125E-1;;
30/11/2021  14:47:38,641483;9,499862E-1;1,165411E-1;1,076217E-1;9,352460E-1;;
30/11/2021  14:47:38,641583;9,493365E-1;8,627604E-2;6,244346E-2;9,357857E-1;;
30/11/2021  14:47:38,641683;9,499266E-1;1,276914E-1;1,136244E-1;9,363304E-1;;
30/11/2021  14:47:38,641783;9,503677E-1;3,944478E-2;5,580889E-2;9,368785E-1;;
30/11/2021  14:47:38,641883;9,505733E-1;1,260985E-1;1,401627E-1;9,374287E-1;;
30/11/2021  14:47:38,641983;9,502693E-1;8,468314E-2;1,025668E-1;9,379798E-1;;
30/11/2021  14:47:38,642083;9,496613E-1;8,309024E-2;8,329497E-2;9,385305E-1;;
30/11/2021  14:47:38,642183;9,487792E-1;6,875414E-2;7,002583E-2;9,390795E-1;;
30/11/2021  14:47:38,642283;9,487941E-1;1,136739E-1;1,234183E-1;9,396253E-1;;
30/11/2021  14:47:38,642383;9,492679E-1;1,184526E-1;1,148882E-1;9,401666E-1;;
30/11/2021  14:47:38,642483;9,485556E-1;1,136739E-1;1,082536E-1;9,407020E-1;;
30/11/2021  14:47:38,642583;9,497060E-1;1,190898E-1;1,259458E-1;9,412301E-1;;
30/11/2021  14:47:38,642683;9,492143E-1;1,241871E-1;1,158360E-1;9,417498E-1;;
30/11/2021  14:47:38,642783;9,481056E-1;9,710776E-2;9,435259E-2;9,422601E-1;;
30/11/2021  14:47:38,642883;9,485854E-1;1,254614E-1;1,139404E-1;9,427599E-1;;
30/11/2021  14:47:38,642983;9,479447E-1;1,162226E-1;1,057261E-1;9,432480E-1;;
30/11/2021  14:47:38,643083;9,482844E-1;1,222756E-1;1,120448E-1;9,437235E-1;;
30/11/2021  14:47:38,643183;9,478553E-1;1,385232E-1;1,616461E-1;9,441854E-1;;
30/11/2021  14:47:38,643283;9,474946E-1;8,340882E-2;9,561632E-2;9,446328E-1;;
30/11/2021  14:47:38,643383;9,478374E-1;1,171783E-1;1,284732E-1;9,450649E-1;;
30/11/2021  14:47:38,643483;9,476794E-1;1,171783E-1;1,240502E-1;9,454810E-1;;
30/11/2021  14:47:38,643583;9,472234E-1;1,190898E-1;1,189953E-1;9,458803E-1;;
30/11/2021  14:47:38,643683;9,476377E-1;1,232313E-1;1,253139E-1;9,462625E-1;;
30/11/2021  14:47:38,643783;9,482636E-1;1,337445E-1;1,281573E-1;9,466269E-1;;
30/11/2021  14:47:38,643883;9,487195E-1;1,362931E-1;1,110970E-1;9,469734E-1;;
30/11/2021  14:47:38,643983;9,489222E-1;1,194084E-1;1,193112E-1;9,473019E-1;;
30/11/2021  14:47:38,644083;9,484454E-1;1,203641E-1;1,268936E-1;9,476124E-1;;
30/11/2021  14:47:38,644183;9,486450E-1;1,222756E-1;1,218387E-1;9,479050E-1;;
30/11/2021  14:47:38,644283;9,487195E-1;1,235499E-1;1,183634E-1;9,481799E-1;;
30/11/2021  14:47:38,644383;9,487881E-1;8,022302E-2;1,215227E-1;9,484373E-1;;
30/11/2021  14:47:38,644483;9,487076E-1;3,243602E-2;3,400958E-2;9,486774E-1;;
30/11/2021  14:47:38,644583;9,486629E-1;7,289568E-2;7,286922E-2;9,489006E-1;;
30/11/2021  14:47:38,644683;9,484275E-1;3,944478E-2;1,252620E-2;9,491071E-1;;
30/11/2021  14:47:38,644783;9,483232E-1;1,286472E-1;1,733356E-1;9,492973E-1;;
30/11/2021  14:47:38,644883;9,478582E-1;1,171783E-1;1,322644E-1;9,494714E-1;;
30/11/2021  14:47:38,644983;9,475274E-1;1,002936E-1;1,133085E-1;9,496299E-1;;
30/11/2021  14:47:38,645083;9,477748E-1;4,677212E-2;7,002583E-2;9,497729E-1;;
30/11/2021  14:47:38,645183;9,477957E-1;9,328480E-2;1,054102E-1;9,499008E-1;;
30/11/2021  14:47:38,645283;9,479596E-1;9,997498E-2;1,145722E-1;9,500139E-1;;
30/11/2021  14:47:38,645383;9,475155E-1;1,098510E-1;1,275255E-1;9,501125E-1;;
30/11/2021  14:47:38,645483;9,468718E-1;9,519628E-2;1,126766E-1;9,501973E-1;;
30/11/2021  14:47:38,645583;9,466214E-1;1,092138E-1;1,240502E-1;9,502683E-1;;
30/11/2021  14:47:38,645683;9,461565E-1;1,114439E-1;1,189953E-1;9,503260E-1;;
30/11/2021  14:47:38,645783;9,468271E-1;1,037979E-1;1,148882E-1;9,503706E-1;;
30/11/2021  14:47:38,645883;9,464337E-1;1,018865E-1;1,047783E-1;9,504024E-1;;
30/11/2021  14:47:38,645983;9,466929E-1;1,206827E-1;1,180475E-1;9,504218E-1;;
30/11/2021  14:47:38,646083;9,462221E-1;1,436204E-1;1,490088E-1;9,504293E-1;;
30/11/2021  14:47:38,646183;9,454651E-1;9,583344E-2;1,031987E-1;9,504252E-1;;
30/11/2021  14:47:38,646283;9,452237E-1;2,235840E-1;3,047633E-1;9,504098E-1;;
30/11/2021  14:47:38,646383;9,453756E-1;1,665582E-1;1,543797E-1;9,503835E-1;;
30/11/2021  14:47:38,646483;9,463889E-1;9,615202E-2;1,183634E-1;9,503465E-1;;
30/11/2021  14:47:38,646583;9,456379E-1;1,570008E-1;1,449017E-1;9,502994E-1;;
30/11/2021  14:47:38,646683;9,459032E-1;1,420275E-1;1,534319E-1;9,502427E-1;;
30/11/2021  14:47:38,646783;9,448273E-1;1,722926E-1;1,717559E-1;9,501769E-1;;
30/11/2021  14:47:38,646883;9,443772E-1;1,388417E-1;1,376353E-1;9,501023E-1;;
30/11/2021  14:47:38,646983;9,441031E-1;1,703812E-1;1,802861E-1;9,500193E-1;;
30/11/2021  14:47:38,647083;9,439809E-1;1,165411E-1;1,521681E-1;9,499282E-1;;
30/11/2021  14:47:38,647183;9,441567E-1;1,210013E-1;1,069899E-1;9,498292E-1;;
30/11/2021  14:47:38,647283;9,441329E-1;1,366117E-1;1,376353E-1;9,497226E-1;;
30/11/2021  14:47:38,647383;9,435487E-1;1,245056E-1;1,158360E-1;9,496088E-1;;
30/11/2021  14:47:38,647483;9,425324E-1;9,360338E-2;7,128955E-2;9,494881E-1;;
30/11/2021  14:47:38,647583;9,416294E-1;2,925022E-2;7,286922E-2;9,493607E-1;;
30/11/2021  14:47:38,647683;9,410453E-1;1,417090E-1;1,509044E-1;9,492267E-1;;
30/11/2021  14:47:38,647783;9,408128E-1;1,085766E-1;1,095173E-1;9,490858E-1;;
30/11/2021  14:47:38,647883;9,411943E-1;1,433019E-1;1,420583E-1;9,489382E-1;;
30/11/2021  14:47:38,647983;9,410006E-1;1,308772E-1;1,278414E-1;9,487839E-1;;
30/11/2021  14:47:38,648083;9,401035E-1;1,391603E-1;1,588027E-1;9,486229E-1;;
30/11/2021  14:47:38,648183;9,396416E-1;1,598680E-1;1,638576E-1;9,484553E-1;;
30/11/2021  14:47:38,648283;9,396714E-1;8,468314E-2;1,316326E-1;9,482811E-1;;
30/11/2021  14:47:38,648383;9,392362E-1;1,343816E-1;1,357397E-1;9,481005E-1;;
30/11/2021  14:47:38,648483;9,395939E-1;1,311958E-1;1,256299E-1;9,479133E-1;;
30/11/2021  14:47:38,648583;9,402972E-1;1,206827E-1;1,085695E-1;9,477200E-1;;
30/11/2021  14:47:38,648683;9,401959E-1;1,155854E-1;1,265777E-1;9,475207E-1;;
30/11/2021  14:47:38,648783;9,404850E-1;1,114439E-1;1,142563E-1;9,473159E-1;;
30/11/2021  14:47:38,648883;9,399217E-1;6,142680E-2;8,866581E-2;9,471061E-1;;
30/11/2021  14:47:38,648983;9,397727E-1;-3,637726E-2;-5,476731E-2;9,468918E-1;;
30/11/2021  14:47:38,649083;9,394061E-1;6,333828E-2;7,602853E-2;9,466735E-1;;
30/11/2021  14:47:38,649183;9,403389E-1;1,066652E-1;1,433221E-1;9,464517E-1;;
30/11/2021  14:47:38,649283;9,404462E-1;8,436456E-2;1,016190E-1;9,462268E-1;;
30/11/2021  14:47:38,649383;9,404313E-1;1,318330E-1;1,335282E-1;9,459994E-1;;
30/11/2021  14:47:38,649483;9,400528E-1;1,031608E-1;8,961361E-2;9,457702E-1;;
30/11/2021  14:47:38,649583;9,399932E-1;7,767438E-2;1,600664E-1;9,455399E-1;;
30/11/2021  14:47:38,649683;9,392988E-1;1,296029E-1;1,335282E-1;9,453088E-1;;
30/11/2021  14:47:38,649783;9,399485E-1;1,334259E-1;1,366875E-1;9,450776E-1;;
30/11/2021  14:47:38,649883;9,400320E-1;1,331073E-1;1,313166E-1;9,448466E-1;;
30/11/2021  14:47:38,649983;9,405654E-1;1,283286E-1;1,284732E-1;9,446164E-1;;
30/11/2021  14:47:38,650083;9,408903E-1;1,305587E-1;1,265777E-1;9,443875E-1;;
30/11/2021  14:47:38,650183;9,407085E-1;1,340630E-1;1,186794E-1;9,441606E-1;;
30/11/2021  14:47:38,650283;9,403419E-1;1,181340E-1;1,231024E-1;9,439364E-1;;
30/11/2021  14:47:38,650383;9,408724E-1;1,280100E-1;1,215227E-1;9,437154E-1;;
30/11/2021  14:47:38,650483;9,421808E-1;1,302401E-1;1,306848E-1;9,434980E-1;;
30/11/2021  14:47:38,650583;9,421510E-1;1,321516E-1;1,316326E-1;9,432851E-1;;
30/11/2021  14:47:38,650683;9,423119E-1;1,487177E-1;1,152041E-1;9,430773E-1;;
30/11/2021  14:47:38,650783;9,426397E-1;1,267357E-1;1,297370E-1;9,428754E-1;;
30/11/2021  14:47:38,650883;9,426874E-1;1,178155E-1;1,208909E-1;9,426801E-1;;
30/11/2021  14:47:38,650983;9,428305E-1;4,400978E-3;7,634447E-2;9,424919E-1;;
30/11/2021  14:47:38,651083;9,431494E-1;1,324701E-1;1,325804E-1;9,423116E-1;;
30/11/2021  14:47:38,651183;9,437454E-1;1,595494E-1;1,796542E-1;9,421396E-1;;
30/11/2021  14:47:38,651283;9,440137E-1;1,385232E-1;1,370034E-1;9,419765E-1;;
30/11/2021  14:47:38,651383;9,443266E-1;1,426647E-1;1,493248E-1;9,418229E-1;;
30/11/2021  14:47:38,651483;9,445829E-1;1,289658E-1;1,272095E-1;9,416794E-1;;
30/11/2021  14:47:38,651583;9,445471E-1;1,343816E-1;1,303688E-1;9,415465E-1;;
30/11/2021  14:47:38,651683;9,443683E-1;8,340882E-2;1,104651E-1;9,414244E-1;;
30/11/2021  14:47:38,651783;9,446574E-1;1,515849E-1;1,496407E-1;9,413137E-1;;
30/11/2021  14:47:38,651883;9,450568E-1;1,308772E-1;1,193112E-1;9,412145E-1;;
30/11/2021  14:47:38,651983;9,461624E-1;1,292843E-1;1,208909E-1;9,411271E-1;;
30/11/2021  14:47:38,652083;9,460790E-1;6,312458E-3;6,839427E-3;9,410516E-1;;
30/11/2021  14:47:38,652183;9,458018E-1;2,489498E-3;4,627903E-3;9,409885E-1;;
30/11/2021  14:47:38,652283;9,456916E-1;3,445238E-3;6,523495E-3;9,409379E-1;;
30/11/2021  14:47:38,652383;9,456320E-1;6,631038E-3;9,366883E-3;9,408997E-1;;
30/11/2021  14:47:38,652483;9,460909E-1;2,489498E-3;4,311971E-3;9,408740E-1;;
30/11/2021  14:47:38,652583;9,463413E-1;5,993878E-3;8,419087E-3;9,408606E-1;;
30/11/2021  14:47:38,652683;9,470118E-1;5,356718E-3;6,523495E-3;9,408594E-1;;
30/11/2021  14:47:38,652783;9,470953E-1;1,491412E-2;1,726518E-2;9,408703E-1;;
30/11/2021  14:47:38,652883;9,464784E-1;5,675298E-3;7,787223E-3;9,408932E-1;;
30/11/2021  14:47:38,652983;9,472205E-1;2,489498E-3;4,311971E-3;9,409280E-1;;
30/11/2021  14:47:38,653083;9,466155E-1;2,489498E-3;3,680107E-3;9,409744E-1;;
30/11/2021  14:47:38,653183;9,471698E-1;1,215178E-3;3,364175E-3;9,410319E-1;;
30/11/2021  14:47:38,653283;9,475393E-1;5,780180E-4;3,048243E-3;9,411004E-1;;
30/11/2021  14:47:38,653383;9,476109E-1;1,215178E-3;3,680107E-3;9,411794E-1;;
30/11/2021  14:47:38,653483;9,474350E-1;1,533758E-3;3,680107E-3;9,412686E-1;;
30/11/2021  14:47:38,653583;9,474231E-1;1,215178E-3;3,364175E-3;9,413676E-1;;
30/11/2021  14:47:38,653683;9,466065E-1;8,965980E-4;3,364175E-3;9,414759E-1;;
30/11/2021  14:47:38,653783;9,466691E-1;2,489498E-3;4,943835E-3;9,415929E-1;;
30/11/2021  14:47:38,653883;9,469403E-1;1,215178E-3;3,680107E-3;9,417180E-1;;
30/11/2021  14:47:38,653983;9,466959E-1;1,533758E-3;3,996039E-3;9,418504E-1;;
30/11/2021  14:47:38,654083;9,469641E-1;2,489498E-3;4,311971E-3;9,419895E-1;;
30/11/2021  14:47:38,654183;9,464664E-1;8,965980E-4;3,364175E-3;9,421345E-1;;
30/11/2021  14:47:38,654283;9,468092E-1;5,780180E-4;3,048243E-3;9,422849E-1;;
30/11/2021  14:47:38,654383;9,457631E-1;1,215178E-3;3,996039E-3;9,424399E-1;;
30/11/2021  14:47:38,654483;9,457422E-1;1,533758E-3;3,364175E-3;9,425986E-1;;
30/11/2021  14:47:38,654583;9,461833E-1;1,215178E-3;3,364175E-3;9,427603E-1;;
30/11/2021  14:47:38,654683;9,461863E-1;1,215178E-3;3,048243E-3;9,429241E-1;;
30/11/2021  14:47:38,654783;9,458436E-1;5,780180E-4;3,680107E-3;9,430895E-1;;
30/11/2021  14:47:38,654883;9,454353E-1;1,215178E-3;3,996039E-3;9,432555E-1;;
30/11/2021  14:47:38,654983;9,448154E-1;1,215178E-3;3,680107E-3;9,434216E-1;;
30/11/2021  14:47:38,655083;9,440315E-1;8,965980E-4;3,048243E-3;9,435868E-1;;
30/11/2021  14:47:38,655183;9,440166E-1;8,965980E-4;3,364175E-3;9,437503E-1;;
30/11/2021  14:47:38,655283;9,439540E-1;2,594380E-4;3,680107E-3;9,439112E-1;;
30/11/2021  14:47:38,655383;9,440405E-1;3,445238E-3;9,366883E-3;9,440686E-1;;
30/11/2021  14:47:38,655483;9,434146E-1;5,780180E-4;3,680107E-3;9,442218E-1;;
30/11/2021  14:47:38,655583;9,431672E-1;3,763818E-3;7,155359E-3;9,443700E-1;;
30/11/2021  14:47:38,655683;9,431494E-1;1,618844E-2;1,884484E-2;9,445124E-1;;
30/11/2021  14:47:38,655783;9,421390E-1;1,555128E-2;1,947671E-2;9,446484E-1;;
30/11/2021  14:47:38,655883;9,416384E-1;1,618844E-2;1,979264E-2;9,447773E-1;;
30/11/2021  14:47:38,655983;9,414238E-1;1,491412E-2;1,631739E-2;9,448983E-1;;
30/11/2021  14:47:38,656083;9,417784E-1;1,682560E-2;1,758111E-2;9,450108E-1;;
30/11/2021  14:47:38,656183;9,411675E-1;1,204690E-2;1,505366E-2;9,451140E-1;;
30/11/2021  14:47:38,656283;9,405565E-1;1,841850E-2;1,663332E-2;9,452074E-1;;
30/11/2021  14:47:38,656383;9,391617E-1;1,650702E-2;1,505366E-2;9,452906E-1;;
30/11/2021  14:47:38,656483;9,390604E-1;9,816838E-3;1,600145E-2;9,453627E-1;;
30/11/2021  14:47:38,656583;9,382945E-1;2,001140E-2;2,168823E-2;9,454233E-1;;
30/11/2021  14:47:38,656683;9,390574E-1;7,608148E-2;8,045158E-2;9,454716E-1;;
30/11/2021  14:47:38,656783;9,383749E-1;8,978042E-2;8,139938E-2;9,455071E-1;;
30/11/2021  14:47:38,656883;9,374480E-1;1,095324E-1;1,063580E-1;9,455296E-1;;
30/11/2021  14:47:38,656983;9,372215E-1;7,193994E-2;7,097362E-2;9,455385E-1;;
30/11/2021  14:47:38,657083;9,360980E-1;5,601094E-2;6,686651E-2;9,455335E-1;;
30/11/2021  14:47:38,657183;9,360443E-1;1,682560E-2;1,884484E-2;9,455143E-1;;
30/11/2021  14:47:38,657283;9,361039E-1;1,286472E-1;1,306848E-1;9,454804E-1;;
30/11/2021  14:47:38,657383;9,361516E-1;1,404346E-1;1,490088E-1;9,454318E-1;;
30/11/2021  14:47:38,657483;9,354632E-1;1,299215E-1;1,385831E-1;9,453681E-1;;
30/11/2021  14:47:38,657583;9,346972E-1;1,235499E-1;1,243661E-1;9,452896E-1;;
30/11/2021  14:47:38,657683;9,339075E-1;1,241871E-1;1,234183E-1;9,451961E-1;;
30/11/2021  14:47:38,657783;9,333710E-1;1,197269E-1;1,291051E-1;9,450874E-1;;
30/11/2021  14:47:38,657883;9,330551E-1;1,311958E-1;1,385831E-1;9,449637E-1;;
30/11/2021  14:47:38,657983;9,335200E-1;1,073023E-1;8,677022E-2;9,448248E-1;;
30/11/2021  14:47:38,658083;9,329806E-1;1,302401E-1;1,366875E-1;9,446708E-1;;
30/11/2021  14:47:38,658183;9,328345E-1;1,095324E-1;1,164678E-1;9,445019E-1;;
30/11/2021  14:47:38,658283;9,320239E-1;1,872659E-1;2,608488E-1;9,443185E-1;;
30/11/2021  14:47:38,658383;9,310613E-1;1,618844E-2;7,508074E-2;9,441208E-1;;
30/11/2021  14:47:38,658483;9,304265E-1;1,168597E-1;1,221546E-1;9,439091E-1;;
30/11/2021  14:47:38,658583;9,301582E-1;1,675139E-1;1,711241E-1;9,436833E-1;;
30/11/2021  14:47:38,658683;9,310642E-1;1,235499E-1;1,221546E-1;9,434439E-1;;
30/11/2021  14:47:38,658783;9,304116E-1;1,433019E-1;1,692285E-1;9,431911E-1;;
30/11/2021  14:47:38,658883;9,299645E-1;1,216384E-1;1,287892E-1;9,429255E-1;;
30/11/2021  14:47:38,658983;9,294698E-1;1,280100E-1;1,268936E-1;9,426474E-1;;
30/11/2021  14:47:38,659083;9,283075E-1;1,780271E-1;1,755471E-1;9,423575E-1;;
30/11/2021  14:47:38,659183;9,286055E-1;4,645354E-2;4,664686E-2;9,420560E-1;;
30/11/2021  14:47:38,659283;9,282747E-1;1,178155E-1;1,031987E-1;9,417434E-1;;
30/11/2021  14:47:38,659383;9,282240E-1;1,257800E-1;1,363715E-1;9,414202E-1;;
30/11/2021  14:47:38,659483;9,282628E-1;1,143111E-1;1,003553E-1;9,410870E-1;;
30/11/2021  14:47:38,659583;9,284714E-1;1,350188E-1;1,379512E-1;9,407443E-1;;
30/11/2021  14:47:38,659683;9,276756E-1;-3,382862E-2;6,402312E-2;9,403929E-1;;
30/11/2021  14:47:38,659783;9,271064E-1;1,251428E-1;1,442698E-1;9,400335E-1;;
30/11/2021  14:47:38,659883;9,279677E-1;1,060280E-1;9,372073E-2;9,396667E-1;;
30/11/2021  14:47:38,659983;9,281287E-1;1,181340E-1;1,221546E-1;9,392934E-1;;
30/11/2021  14:47:38,660083;9,282628E-1;1,225942E-1;1,120448E-1;9,389143E-1;;
30/11/2021  14:47:38,660183;9,273091E-1;1,362931E-1;1,654373E-1;9,385303E-1;;
30/11/2021  14:47:38,660283;9,275564E-1;2,098851E-1;2,150386E-1;9,381424E-1;;
30/11/2021  14:47:38,660383;9,270617E-1;6,875414E-2;9,561632E-2;9,377514E-1;;
30/11/2021  14:47:38,660483;9,267637E-1;1,267357E-1;1,259458E-1;9,373579E-1;;
30/11/2021  14:47:38,660583;9,271958E-1;1,136739E-1;1,167838E-1;9,369629E-1;;
30/11/2021  14:47:38,660683;9,278634E-1;1,060280E-1;1,019350E-1;9,365670E-1;;
30/11/2021  14:47:38,660783;9,277829E-1;1,178155E-1;1,253139E-1;9,361712E-1;;
30/11/2021  14:47:38,660883;9,274640E-1;1,178155E-1;1,060421E-1;9,357763E-1;;
30/11/2021  14:47:38,660983;9,273895E-1;1,108067E-1;9,340479E-2;9,353832E-1;;
30/11/2021  14:47:38,661083;9,273895E-1;1,215178E-3;2,326789E-2;9,349927E-1;;
30/11/2021  14:47:38,661183;9,282210E-1;1,108067E-1;1,114129E-1;9,346056E-1;;
30/11/2021  14:47:38,661283;9,285638E-1;-8,002272E-2;5,359736E-2;9,342228E-1;;
30/11/2021  14:47:38,661383;9,286442E-1;1,260985E-1;1,335282E-1;9,338452E-1;;
30/11/2021  14:47:38,661483;9,285459E-1;1,178155E-1;1,180475E-1;9,334737E-1;;
30/11/2021  14:47:38,661583;9,289095E-1;9,073616E-2;1,047783E-1;9,331091E-1;;
30/11/2021  14:47:38,661683;9,289780E-1;1,554079E-1;1,376353E-1;9,327523E-1;;
30/11/2021  14:47:38,661783;9,293536E-1;1,206827E-1;1,183634E-1;9,324040E-1;;
30/11/2021  14:47:38,661883;9,295860E-1;1,238685E-1;1,278414E-1;9,320652E-1;;
30/11/2021  14:47:38,661983;9,300629E-1;1,168597E-1;1,098333E-1;9,317364E-1;;
30/11/2021  14:47:38,662083;9,304771E-1;9,997498E-2;1,142563E-1;9,314185E-1;;
30/11/2021  14:47:38,662183;9,302983E-1;1,184526E-1;1,155200E-1;9,311123E-1;;
30/11/2021  14:47:38,662283;9,299198E-1;9,838208E-2;8,613836E-2;9,308184E-1;;
30/11/2021  14:47:38,662383;9,295175E-1;1,069837E-1;9,593225E-2;9,305373E-1;;
30/11/2021  14:47:38,662483;9,300778E-1;1,111253E-1;1,069899E-1;9,302694E-1;;
30/11/2021  14:47:38,662583;9,299854E-1;1,254614E-1;1,212068E-1;9,300150E-1;;
30/11/2021  14:47:38,662683;9,307454E-1;8,818752E-2;1,136244E-1;9,297744E-1;;
30/11/2021  14:47:38,662783;9,313533E-1;-1,343950E-2;-1,053683E-2;9,295478E-1;;
30/11/2021  14:47:38,662883;9,311447E-1;1,060280E-1;1,038306E-1;9,293356E-1;;
30/11/2021  14:47:38,662983;9,310136E-1;7,799296E-2;9,245700E-2;9,291381E-1;;
30/11/2021  14:47:38,663083;9,309212E-1;1,238685E-1;1,107811E-1;9,289554E-1;;
30/11/2021  14:47:38,663183;9,312669E-1;1,206827E-1;1,212068E-1;9,287876E-1;;
30/11/2021  14:47:38,663283;9,321014E-1;1,229127E-1;1,202590E-1;9,286347E-1;;
30/11/2021  14:47:38,663383;9,321968E-1;1,327887E-1;1,272095E-1;9,284968E-1;;
30/11/2021  14:47:38,663483;9,327213E-1;1,270543E-1;1,328963E-1;9,283739E-1;;
30/11/2021  14:47:38,663583;9,335856E-1;1,152668E-1;1,152041E-1;9,282662E-1;;
30/11/2021  14:47:38,663683;9,327809E-1;9,965640E-2;9,751191E-2;9,281737E-1;;
30/11/2021  14:47:38,663783;9,334604E-1;1,187712E-1;1,069899E-1;9,280965E-1;;
30/11/2021  14:47:38,663883;9,341161E-1;1,085766E-1;1,060421E-1;9,280346E-1;;
30/11/2021  14:47:38,663983;9,347837E-1;1,104881E-1;9,845971E-2;9,279879E-1;;
30/11/2021  14:47:38,664083;9,355436E-1;1,165411E-1;1,060421E-1;9,279566E-1;;
30/11/2021  14:47:38,664183;9,362470E-1;5,282514E-2;5,454516E-2;9,279406E-1;;
30/11/2021  14:47:38,664283;9,368043E-1;1,028422E-1;8,834988E-2;9,279402E-1;;
30/11/2021  14:47:38,664383;9,364079E-1;1,324701E-1;1,347919E-1;9,279555E-1;;
30/11/2021  14:47:38,664483;9,366195E-1;1,216384E-1;1,234183E-1;9,279865E-1;;
30/11/2021  14:47:38,664583;9,370546E-1;8,850610E-2;1,126766E-1;9,280331E-1;;
30/11/2021  14:47:38,664683;9,380739E-1;1,187712E-1;1,196272E-1;9,280953E-1;;
30/11/2021  14:47:38,664783;9,388667E-1;1,018865E-1;9,814378E-2;9,281730E-1;;
30/11/2021  14:47:38,664883;9,393644E-1;4,963934E-2;8,392683E-2;9,282662E-1;;
30/11/2021  14:47:38,664983;9,400022E-1;9,965640E-2;1,044624E-1;9,283748E-1;;
30/11/2021  14:47:38,665083;9,392571E-1;1,069837E-1;1,139404E-1;9,284989E-1;;
30/11/2021  14:47:38,665183;9,399694E-1;1,108067E-1;1,161519E-1;9,286383E-1;;
30/11/2021  14:47:38,665283;9,408396E-1;1,041165E-1;1,205749E-1;9,287928E-1;;
30/11/2021  14:47:38,665383;9,418559E-1;1,018865E-1;1,098333E-1;9,289622E-1;;
30/11/2021  14:47:38,665483;9,423924E-1;9,647060E-2;1,107811E-1;9,291464E-1;;
30/11/2021  14:47:38,665583;9,426368E-1;9,838208E-2;9,751191E-2;9,293453E-1;;
30/11/2021  14:47:38,665683;9,430629E-1;1,088952E-1;9,845971E-2;9,295588E-1;;
30/11/2021  14:47:38,665783;9,435785E-1;9,041758E-2;1,076217E-1;9,297867E-1;;
30/11/2021  14:47:38,665883;9,444160E-1;6,652408E-2;6,939396E-2;9,300288E-1;;
30/11/2021  14:47:38,665983;9,454949E-1;1,716555E-1;1,834454E-1;9,302849E-1;;
30/11/2021  14:47:38,666083;9,461267E-1;1,292843E-1;1,559593E-1;9,305550E-1;;
30/11/2021  14:47:38,666183;9,473933E-1;9,774492E-2;1,455336E-1;9,308389E-1;;
30/11/2021  14:47:38,666283;9,474082E-1;1,264171E-1;1,325804E-1;9,311367E-1;;
30/11/2021  14:47:38,666383;9,479536E-1;1,382046E-1;1,436380E-1;9,314482E-1;;
30/11/2021  14:47:38,666483;9,485318E-1;1,442576E-1;1,382671E-1;9,317735E-1;;
30/11/2021  14:47:38,666583;9,496166E-1;1,382046E-1;1,388990E-1;9,321124E-1;;
30/11/2021  14:47:38,666683;9,501441E-1;1,614609E-1;1,338441E-1;9,324647E-1;;
30/11/2021  14:47:38,666783;9,510561E-1;1,796200E-1;1,711241E-1;9,328303E-1;;
30/11/2021  14:47:38,666883;9,517147E-1;1,592309E-1;1,480610E-1;9,332092E-1;;
30/11/2021  14:47:38,666983;9,520515E-1;1,522221E-1;1,449017E-1;9,336012E-1;;
30/11/2021  14:47:38,667083;9,520217E-1;1,391603E-1;1,268936E-1;9,340062E-1;;
30/11/2021  14:47:38,667183;9,516075E-1;1,267357E-1;1,133085E-1;9,344238E-1;;
30/11/2021  14:47:38,667283;9,531513E-1;1,152668E-1;1,104651E-1;9,348536E-1;;
30/11/2021  14:47:38,667383;9,537235E-1;1,493549E-1;1,815498E-1;9,352952E-1;;
30/11/2021  14:47:38,667483;9,536877E-1;1,477620E-1;1,433221E-1;9,357481E-1;;
30/11/2021  14:47:38,667583;9,540453E-1;1,455319E-1;1,638576E-1;9,362119E-1;;
30/11/2021  14:47:38,667683;9,541705E-1;1,499920E-1;1,600664E-1;9,366859E-1;;
30/11/2021  14:47:38,667783;9,546414E-1;1,382046E-1;1,388990E-1;9,371697E-1;;
30/11/2021  14:47:38,667883;9,539947E-1;1,385232E-1;1,382671E-1;9,376624E-1;;
30/11/2021  14:47:38,667983;9,546682E-1;1,225942E-1;1,234183E-1;9,381634E-1;;
30/11/2021  14:47:38,668083;9,554073E-1;1,082581E-1;8,519056E-2;9,386718E-1;;
30/11/2021  14:47:38,668183;9,555027E-1;1,324701E-1;1,303688E-1;9,391869E-1;;
30/11/2021  14:47:38,668283;9,553239E-1;1,362931E-1;1,341600E-1;9,397078E-1;;
30/11/2021  14:47:38,668383;9,551987E-1;1,334259E-1;1,310007E-1;9,402337E-1;;
30/11/2021  14:47:38,668483;9,543314E-1;1,302401E-1;1,189953E-1;9,407636E-1;;
30/11/2021  14:47:38,668583;9,546176E-1;1,448948E-1;1,486929E-1;9,412966E-1;;
30/11/2021  14:47:38,668683;9,550378E-1;1,350188E-1;1,256299E-1;9,418314E-1;;
30/11/2021  14:47:38,668783;9,554938E-1;9,806350E-2;1,385831E-1;9,423670E-1;;
30/11/2021  14:47:38,668883;9,552285E-1;8,149734E-2;5,422923E-2;9,429023E-1;;
30/11/2021  14:47:38,668983;9,547010E-1;8,723178E-2;8,992954E-2;9,434364E-1;;
30/11/2021  14:47:38,669083;9,540990E-1;1,254614E-1;1,272095E-1;9,439681E-1;;
30/11/2021  14:47:38,669183;9,531691E-1;1,292843E-1;1,278414E-1;9,444963E-1;;
30/11/2021  14:47:38,669283;9,534642E-1;1,375674E-1;1,404787E-1;9,450197E-1;;
30/11/2021  14:47:38,669383;9,531214E-1;1,308772E-1;1,202590E-1;9,455371E-1;;
30/11/2021  14:47:38,669483;9,532705E-1;1,315144E-1;1,291051E-1;9,460470E-1;;
30/11/2021  14:47:38,669583;9,525790E-1;1,417090E-1;1,581709E-1;9,465484E-1;;
30/11/2021  14:47:38,669683;9,522601E-1;1,337445E-1;1,328963E-1;9,470401E-1;;
30/11/2021  14:47:38,669783;9,519681E-1;1,315144E-1;1,332122E-1;9,475209E-1;;
30/11/2021  14:47:38,669883;9,509071E-1;1,299215E-1;1,278414E-1;9,479895E-1;;
30/11/2021  14:47:38,669983;9,505971E-1;1,280100E-1;1,249980E-1;9,484449E-1;;
30/11/2021  14:47:38,670083;9,509279E-1;8,595746E-2;1,013031E-1;9,488859E-1;;
30/11/2021  14:47:38,670183;9,508594E-1;1,299215E-1;1,031987E-1;9,493113E-1;;
30/11/2021  14:47:38,670283;9,495689E-1;1,216384E-1;1,379512E-1;9,497203E-1;;
30/11/2021  14:47:38,670383;9,493871E-1;1,340630E-1;1,366875E-1;9,501118E-1;;
30/11/2021  14:47:38,670483;9,488686E-1;1,111253E-1;1,000394E-1;9,504850E-1;;
30/11/2021  14:47:38,670583;9,487136E-1;1,305587E-1;1,284732E-1;9,508390E-1;;
30/11/2021  14:47:38,670683;9,487523E-1;1,264171E-1;1,543797E-1;9,511731E-1;;
30/11/2021  14:47:38,670783;9,481026E-1;1,356559E-1;1,297370E-1;9,514864E-1;;
30/11/2021  14:47:38,670883;9,481056E-1;1,557265E-1;1,641736E-1;9,517786E-1;;
30/11/2021  14:47:38,670983;9,471787E-1;1,353374E-1;1,335282E-1;9,520490E-1;;
30/11/2021  14:47:38,671083;9,468986E-1;1,343816E-1;1,335282E-1;9,522973E-1;;
30/11/2021  14:47:38,671183;9,462936E-1;2,554420E-1;2,219891E-1;9,525231E-1;;
30/11/2021  14:47:38,671283;9,459151E-1;1,385232E-1;1,335282E-1;9,527259E-1;;
30/11/2021  14:47:38,671383;9,456230E-1;1,254614E-1;1,060421E-1;9,529054E-1;;
30/11/2021  14:47:38,671483;9,457363E-1;1,407532E-1;1,388990E-1;9,530615E-1;;
30/11/2021  14:47:38,671583;9,451968E-1;1,302401E-1;8,771802E-2;9,531940E-1;;
30/11/2021  14:47:38,671683;9,448422E-1;1,726112E-1;2,033491E-1;9,533030E-1;;
30/11/2021  14:47:38,671783;9,441776E-1;1,143111E-1;1,960827E-1;9,533885E-1;;
30/11/2021  14:47:38,671883;9,436620E-1;1,952304E-1;1,783905E-1;9,534506E-1;;
30/11/2021  14:47:38,671983;9,440762E-1;1,098510E-1;1,076217E-1;9,534893E-1;;
30/11/2021  14:47:38,672083;9,438319E-1;1,204690E-2;1,347400E-2;9,535050E-1;;
30/11/2021  14:47:38,672183;9,432328E-1;6,949618E-3;8,735019E-3;9,534979E-1;;
30/11/2021  14:47:38,672283;9,433252E-1;1,140974E-2;1,410586E-2;9,534686E-1;;
30/11/2021  14:47:38,672383;9,424609E-1;9,498258E-3;1,063061E-2;9,534174E-1;;
30/11/2021  14:47:38,672483;9,416294E-1;8,223938E-3;9,366883E-3;9,533449E-1;;
30/11/2021  14:47:38,672583;9,417725E-1;6,949618E-3;9,050951E-3;9,532514E-1;;
30/11/2021  14:47:38,672683;9,410274E-1;3,445238E-3;5,575699E-3;9,531375E-1;;
30/11/2021  14:47:38,672783;9,409827E-1;1,533758E-3;3,680107E-3;9,530036E-1;;
30/11/2021  14:47:38,672883;9,408545E-1;2,489498E-3;5,575699E-3;9,528504E-1;;
30/11/2021  14:47:38,672983;9,402108E-1;2,489498E-3;4,943835E-3;9,526784E-1;;
30/11/2021  14:47:38,673083;9,398442E-1;1,852338E-3;3,680107E-3;9,524882E-1;;
30/11/2021  14:47:38,673183;9,391558E-1;6,949618E-3;7,787223E-3;9,522805E-1;;
30/11/2021  14:47:38,673283;9,384763E-1;5,038138E-3;6,839427E-3;9,520559E-1;;
30/11/2021  14:47:38,673383;9,389293E-1;6,312458E-3;7,155359E-3;9,518149E-1;;
30/11/2021  14:47:38,673483;9,384673E-1;2,808078E-3;4,311971E-3;9,515582E-1;;
30/11/2021  14:47:38,673583;9,381484E-1;4,719558E-3;6,523495E-3;9,512866E-1;;
30/11/2021  14:47:38,673683;9,375583E-1;2,489498E-3;4,943835E-3;9,510007E-1;;
30/11/2021  14:47:38,673783;9,369742E-1;5,038138E-3;7,155359E-3;9,507012E-1;;
30/11/2021  14:47:38,673883;9,361457E-1;1,215178E-3;3,680107E-3;9,503888E-1;;
30/11/2021  14:47:38,673983;9,363096E-1;1,533758E-3;3,364175E-3;9,500640E-1;;
30/11/2021  14:47:38,674083;9,360264E-1;8,965980E-4;3,680107E-3;9,497276E-1;;
30/11/2021  14:47:38,674183;9,357672E-1;1,533758E-3;3,996039E-3;9,493801E-1;;
30/11/2021  14:47:38,674283;9,356241E-1;1,852338E-3;3,996039E-3;9,490223E-1;;
30/11/2021  14:47:38,674383;9,347300E-1;1,533758E-3;3,364175E-3;9,486549E-1;;
30/11/2021  14:47:38,674483;9,346406E-1;1,533758E-3;3,680107E-3;9,482786E-1;;
30/11/2021  14:47:38,674583;9,344290E-1;8,965980E-4;2,732311E-3;9,478939E-1;;
30/11/2021  14:47:38,674683;9,341608E-1;8,965980E-4;3,364175E-3;9,475016E-1;;
30/11/2021  14:47:38,674783;9,338180E-1;5,780180E-4;3,048243E-3;9,471024E-1;;
30/11/2021  14:47:38,674883;9,342114E-1;1,852338E-3;5,575699E-3;9,466970E-1;;
30/11/2021  14:47:38,674983;9,337853E-1;8,965980E-4;3,996039E-3;9,462860E-1;;
30/11/2021  14:47:38,675083;9,331832E-1;1,215178E-3;3,048243E-3;9,458703E-1;;
30/11/2021  14:47:38,675183;9,329657E-1;8,965980E-4;3,680107E-3;9,454505E-1;;
30/11/2021  14:47:38,675283;9,328912E-1;5,780180E-4;3,364175E-3;9,450274E-1;;
30/11/2021  14:47:38,675383;9,323815E-1;1,533758E-3;3,996039E-3;9,446016E-1;;
30/11/2021  14:47:38,675483;9,328018E-1;7,586778E-3;1,126247E-2;9,441737E-1;;
30/11/2021  14:47:38,675583;9,325127E-1;9,498258E-3;1,347400E-2;9,437445E-1;;
30/11/2021  14:47:38,675683;9,323607E-1;6,631038E-3;1,094654E-2;9,433146E-1;;
30/11/2021  14:47:38,675783;9,319911E-1;1,236548E-2;1,568552E-2;9,428847E-1;;
30/11/2021  14:47:38,675883;9,322713E-1;1,491412E-2;1,916077E-2;9,424554E-1;;
30/11/2021  14:47:38,675983;9,322295E-1;8,223938E-3;1,442179E-2;9,420274E-1;;
30/11/2021  14:47:38,676083;9,323219E-1;1,077258E-2;2,453162E-2;9,416015E-1;;
30/11/2021  14:47:38,676183;9,322981E-1;1,841850E-2;3,021839E-2;9,411782E-1;;
30/11/2021  14:47:38,676283;9,327332E-1;3,052454E-2;3,874856E-2;9,407584E-1;;
30/11/2021  14:47:38,676383;9,323517E-1;1,395838E-2;1,473773E-2;9,403427E-1;;
30/11/2021  14:47:38,676483;9,324054E-1;1,841850E-2;2,168823E-2;9,399319E-1;;
30/11/2021  14:47:38,676583;9,323815E-1;1,746276E-2;1,852891E-2;9,395266E-1;;
30/11/2021  14:47:38,676683;9,328942E-1;1,459554E-2;2,674314E-2;9,391275E-1;;
30/11/2021  14:47:38,676783;9,333978E-1;2,415294E-2;2,074043E-2;9,387352E-1;;
30/11/2021  14:47:38,676883;9,341995E-1;1,969282E-2;1,663332E-2;9,383506E-1;;
30/11/2021  14:47:38,676983;9,341965E-1;9,806350E-2;8,487463E-2;9,379745E-1;;
30/11/2021  14:47:38,677083;9,338091E-1;8,086018E-2;8,076751E-2;9,376077E-1;;
30/11/2021  14:47:38,677183;9,339551E-1;1,022050E-1;1,019350E-1;9,372509E-1;;
30/11/2021  14:47:38,677283;9,340833E-1;7,608148E-2;8,550650E-2;9,369048E-1;;
30/11/2021  14:47:38,677383;9,348284E-1;1,311958E-1;1,376353E-1;9,365700E-1;;
30/11/2021  14:47:38,677483;9,355049E-1;1,152668E-1;1,129926E-1;9,362472E-1;;
30/11/2021  14:47:38,677583;9,360980E-1;1,302401E-1;1,265777E-1;9,359369E-1;;
30/11/2021  14:47:38,677683;9,357403E-1;1,143111E-1;1,126766E-1;9,356400E-1;;
30/11/2021  14:47:38,677783;9,355615E-1;9,615202E-2;9,308886E-2;9,353571E-1;;
30/11/2021  14:47:38,677883;9,353946E-1;1,257800E-1;1,385831E-1;9,350887E-1;;
30/11/2021  14:47:38,677983;9,361814E-1;1,506292E-1;1,730197E-1;9,348351E-1;;
30/11/2021  14:47:38,678083;9,366881E-1;1,060280E-1;1,069899E-1;9,345966E-1;;
30/11/2021  14:47:38,678183;9,372931E-1;1,155854E-1;1,227865E-1;9,343737E-1;;
30/11/2021  14:47:38,678283;9,373169E-1;1,296029E-1;1,546956E-1;9,341668E-1;;
30/11/2021  14:47:38,678383;9,375434E-1;1,251428E-1;1,215227E-1;9,339761E-1;;
30/11/2021  14:47:38,678483;9,368430E-1;1,241871E-1;1,243661E-1;9,338020E-1;;
30/11/2021  14:47:38,678583;9,373914E-1;1,292843E-1;1,366875E-1;9,336445E-1;;
30/11/2021  14:47:38,678683;9,384345E-1;1,028422E-1;1,363715E-1;9,335037E-1;;
30/11/2021  14:47:38,678783;9,389740E-1;1,206827E-1;1,167838E-1;9,333797E-1;;
30/11/2021  14:47:38,678883;9,394121E-1;1,267357E-1;1,483770E-1;9,332727E-1;;
30/11/2021  14:47:38,678983;9,387743E-1;1,181340E-1;1,095173E-1;9,331827E-1;;
30/11/2021  14:47:38,679083;9,390365E-1;1,276914E-1;1,234183E-1;9,331098E-1;;
30/11/2021  14:47:38,679183;9,386402E-1;1,254614E-1;1,060421E-1;9,330538E-1;;
30/11/2021  14:47:38,679283;9,398919E-1;3,912620E-2;6,465498E-2;9,330146E-1;;
30/11/2021  14:47:38,679383;9,398025E-1;1,130368E-1;1,041465E-1;9,329919E-1;;
30/11/2021  14:47:38,679483;9,399873E-1;1,735670E-1;1,872366E-1;9,329854E-1;;
30/11/2021  14:47:38,679583;9,407681E-1;3,848904E-2;6,054787E-2;9,329950E-1;;
30/11/2021  14:47:38,679683;9,409499E-1;1,391603E-1;1,771268E-1;9,330205E-1;;
30/11/2021  14:47:38,679783;9,410512E-1;1,503106E-1;1,606983E-1;9,330615E-1;;
30/11/2021  14:47:38,679883;9,409559E-1;1,299215E-1;1,306848E-1;9,331177E-1;;
30/11/2021  14:47:38,679983;9,410304E-1;1,267357E-1;1,278414E-1;9,331889E-1;;
30/11/2021  14:47:38,680083;9,414148E-1;1,210013E-1;1,253139E-1;9,332745E-1;;
30/11/2021  14:47:38,680183;9,421331E-1;1,060280E-1;9,435259E-2;9,333741E-1;;
30/11/2021  14:47:38,680283;9,423804E-1;1,146297E-1;1,212068E-1;9,334872E-1;;
30/11/2021  14:47:38,680383;9,417158E-1;1,168597E-1;1,193112E-1;9,336135E-1;;
30/11/2021  14:47:38,680483;9,418738E-1;1,200455E-1;1,170997E-1;9,337525E-1;;
30/11/2021  14:47:38,680583;9,412658E-1;1,057094E-1;8,740209E-2;9,339034E-1;;
30/11/2021  14:47:38,680683;9,419960E-1;1,563636E-1;1,679647E-1;9,340656E-1;;
30/11/2021  14:47:38,680783;9,421986E-1;1,031608E-1;1,120448E-1;9,342384E-1;;
30/11/2021  14:47:38,680883;9,427142E-1;1,343816E-1;1,303688E-1;9,344210E-1;;
30/11/2021  14:47:38,680983;9,428603E-1;7,130278E-2;8,677022E-2;9,346129E-1;;
30/11/2021  14:47:38,681083;9,423506E-1;1,104881E-1;1,129926E-1;9,348134E-1;;
30/11/2021  14:47:38,681183;9,425652E-1;1,117624E-1;1,193112E-1;9,350219E-1;;
30/11/2021  14:47:38,681283;9,428662E-1;1,165411E-1;1,208909E-1;9,352376E-1;;
30/11/2021  14:47:38,681383;9,423894E-1;1,203641E-1;1,218387E-1;9,354599E-1;;
30/11/2021  14:47:38,681483;9,433788E-1;1,200455E-1;1,177316E-1;9,356880E-1;;
30/11/2021  14:47:38,681583;9,437931E-1;1,130368E-1;1,199431E-1;9,359213E-1;;
30/11/2021  14:47:38,681683;9,430778E-1;1,203641E-1;1,344760E-1;9,361592E-1;;
30/11/2021  14:47:38,681783;9,425444E-1;1,219570E-1;1,196272E-1;9,364012E-1;;
30/11/2021  14:47:38,681883;9,429646E-1;1,149482E-1;1,155200E-1;9,366464E-1;;
30/11/2021  14:47:38,681983;9,427083E-1;1,111253E-1;1,117289E-1;9,368941E-1;;
30/11/2021  14:47:38,682083;9,430480E-1;1,066652E-1;1,082536E-1;9,371437E-1;;
30/11/2021  14:47:38,682183;9,439451E-1;1,127182E-1;1,205749E-1;9,373944E-1;;
30/11/2021  14:47:38,682283;9,434474E-1;9,201048E-2;9,782784E-2;9,376457E-1;;
30/11/2021  14:47:38,682383;9,429914E-1;1,222756E-1;1,347919E-1;9,378971E-1;;
30/11/2021  14:47:38,682483;9,430272E-1;1,088952E-1;1,142563E-1;9,381479E-1;;
30/11/2021  14:47:38,682583;9,420496E-1;8,818752E-2;1,291051E-1;9,383975E-1;;
30/11/2021  14:47:38,682683;9,427083E-1;1,047537E-1;1,035146E-1;9,386452E-1;;
30/11/2021  14:47:38,682783;9,432775E-1;-3,287288E-2;-1,811920E-2;9,388904E-1;;
30/11/2021  14:47:38,682883;9,430391E-1;1,216384E-1;1,145722E-1;9,391324E-1;;
30/11/2021  14:47:38,682983;9,433699E-1;1,178155E-1;1,354238E-1;9,393709E-1;;
30/11/2021  14:47:38,683083;9,423894E-1;1,194084E-1;1,262617E-1;9,396054E-1;;
30/11/2021  14:47:38,683183;9,414893E-1;1,206827E-1;1,205749E-1;9,398353E-1;;
30/11/2021  14:47:38,683283;9,412837E-1;1,219570E-1;1,145722E-1;9,400600E-1;;
30/11/2021  14:47:38,683383;9,412122E-1;1,168597E-1;1,199431E-1;9,402789E-1;;
30/11/2021  14:47:38,683483;9,411883E-1;3,052454E-2;3,938042E-2;9,404912E-1;;
30/11/2021  14:47:38,683583;9,402197E-1;1,327887E-1;1,256299E-1;9,406964E-1;;
30/11/2021  14:47:38,683683;9,404283E-1;1,022050E-1;6,970989E-2;9,408937E-1;;
30/11/2021  14:47:38,683783;9,398472E-1;1,442576E-1;1,370034E-1;9,410826E-1;;
30/11/2021  14:47:38,683883;9,388697E-1;1,245056E-1;1,347919E-1;9,412624E-1;;
30/11/2021  14:47:38,683983;9,381484E-1;1,260985E-1;1,287892E-1;9,414324E-1;;
30/11/2021  14:47:38,684083;9,389293E-1;9,742634E-2;1,000394E-1;9,415919E-1;;
30/11/2021  14:47:38,684183;9,383362E-1;1,187712E-1;1,227865E-1;9,417403E-1;;
30/11/2021  14:47:38,684283;9,384703E-1;1,299215E-1;1,063580E-1;9,418770E-1;;
30/11/2021  14:47:38,684383;9,369474E-1;1,633724E-1;1,941871E-1;9,420016E-1;;
30/11/2021  14:47:38,684483;9,365361E-1;1,362931E-1;1,806020E-1;9,421137E-1;;
30/11/2021  14:47:38,684583;9,357880E-1;6,684266E-2;9,308886E-2;9,422125E-1;;
30/11/2021  14:47:38,684683;9,355496E-1;1,321516E-1;1,265777E-1;9,422976E-1;;
30/11/2021  14:47:38,684783;9,358327E-1;1,324701E-1;1,287892E-1;9,423685E-1;;
30/11/2021  14:47:38,684883;9,357135E-1;8,213450E-2;8,139938E-2;9,424248E-1;;
30/11/2021  14:47:38,684983;9,350191E-1;1,229127E-1;1,297370E-1;9,424661E-1;;
30/11/2021  14:47:38,685083;9,347717E-1;9,965640E-2;6,497092E-2;9,424923E-1;;
30/11/2021  14:47:38,685183;9,337942E-1;-7,067902E-3;2,042450E-2;9,425033E-1;;
30/11/2021  14:47:38,685283;9,336810E-1;7,926728E-2;1,584868E-1;9,424988E-1;;
30/11/2021  14:47:38,685383;9,336213E-1;1,095324E-1;1,310007E-1;9,424786E-1;;
30/11/2021  14:47:38,685483;9,341727E-1;-2,289202E-3;7,602853E-2;9,424428E-1;;
30/11/2021  14:47:38,685583;9,341816E-1;1,283286E-1;1,458495E-1;9,423914E-1;;
30/11/2021  14:47:38,685683;9,338985E-1;6,461260E-2;9,024547E-2;9,423247E-1;;
30/11/2021  14:47:38,685783;9,330104E-1;1,114439E-1;1,363715E-1;9,422431E-1;;
30/11/2021  14:47:38,685883;9,327720E-1;1,331073E-1;1,531159E-1;9,421468E-1;;
30/11/2021  14:47:38,685983;9,320448E-1;9,551486E-2;1,133085E-1;9,420362E-1;;
30/11/2021  14:47:38,686083;9,326498E-1;1,095324E-1;1,287892E-1;9,419116E-1;;
30/11/2021  14:47:38,686183;9,330819E-1;9,232906E-2;1,088855E-1;9,417732E-1;;
30/11/2021  14:47:38,686283;9,326736E-1;9,774492E-2;1,129926E-1;9,416216E-1;;
30/11/2021  14:47:38,686383;9,328494E-1;9,774492E-2;1,092014E-1;9,414575E-1;;
30/11/2021  14:47:38,686483;9,326229E-1;5,250656E-2;8,582243E-2;9,412815E-1;;
30/11/2021  14:47:38,686583;9,319434E-1;1,076209E-1;1,085695E-1;9,410943E-1;;
30/11/2021  14:47:38,686683;9,315947E-1;1,171783E-1;1,215227E-1;9,408965E-1;;
30/11/2021  14:47:38,686783;9,328942E-1;1,232313E-1;1,300529E-1;9,406887E-1;;
30/11/2021  14:47:38,686883;9,323726E-1;1,547707E-1;1,806020E-1;9,404716E-1;;
30/11/2021  14:47:38,686983;9,323696E-1;1,770713E-1;1,294210E-1;9,402462E-1;;
30/11/2021  14:47:38,687083;9,323339E-1;1,573194E-1;1,376353E-1;9,400131E-1;;
30/11/2021  14:47:38,687183;9,314368E-1;1,308772E-1;1,338441E-1;9,397732E-1;;
30/11/2021  14:47:38,687283;9,313176E-1;1,745227E-1;1,727037E-1;9,395272E-1;;
30/11/2021  14:47:38,687383;9,314934E-1;1,605052E-1;1,565912E-1;9,392757E-1;;
30/11/2021  14:47:38,687483;9,319345E-1;1,433019E-1;1,436380E-1;9,390194E-1;;
30/11/2021  14:47:38,687583;9,318898E-1;1,311958E-1;1,249980E-1;9,387591E-1;;
30/11/2021  14:47:38,687683;9,316722E-1;1,458505E-1;1,486929E-1;9,384954E-1;;
30/11/2021  14:47:38,687783;9,315918E-1;1,165411E-1;1,249980E-1;9,382292E-1;;
30/11/2021  14:47:38,687883;9,307871E-1;1,280100E-1;1,161519E-1;9,379612E-1;;
30/11/2021  14:47:38,687983;9,307841E-1;1,248242E-1;1,104651E-1;9,376919E-1;;
30/11/2021  14:47:38,688083;9,309927E-1;1,375674E-1;1,313166E-1;9,374218E-1;;
30/11/2021  14:47:38,688183;9,320150E-1;-1,152802E-2;4,317161E-2;9,371516E-1;;
30/11/2021  14:47:38,688283;9,320656E-1;7,990444E-2;9,656411E-2;9,368819E-1;;
30/11/2021  14:47:38,688383;9,322504E-1;7,863012E-2;8,866581E-2;9,366135E-1;;
30/11/2021  14:47:38,688483;9,319881E-1;9,264764E-2;9,845971E-2;9,363471E-1;;
30/11/2021  14:47:38,688583;9,309957E-1;1,123996E-1;1,294210E-1;9,360834E-1;;
30/11/2021  14:47:38,688683;9,312043E-1;1,283286E-1;1,303688E-1;9,358229E-1;;
30/11/2021  14:47:38,688783;9,311417E-1;6,461260E-2;9,182514E-2;9,355662E-1;;
30/11/2021  14:47:38,688883;9,319643E-1;1,362931E-1;1,325804E-1;9,353136E-1;;
30/11/2021  14:47:38,688983;9,319256E-1;9,742634E-2;8,992954E-2;9,350656E-1;;
30/11/2021  14:47:38,689083;9,317795E-1;1,273729E-1;1,275255E-1;9,348228E-1;;
30/11/2021  14:47:38,689183;9,317587E-1;1,353374E-1;1,338441E-1;9,345855E-1;;
30/11/2021  14:47:38,689283;9,310911E-1;1,375674E-1;1,344760E-1;9,343543E-1;;
30/11/2021  14:47:38,689383;9,317259E-1;1,203641E-1;1,249980E-1;9,341294E-1;;
30/11/2021  14:47:38,689483;9,326587E-1;1,241871E-1;1,265777E-1;9,339110E-1;;
30/11/2021  14:47:38,689583;9,331594E-1;1,181340E-1;1,186794E-1;9,336998E-1;;
30/11/2021  14:47:38,689683;9,333144E-1;1,350188E-1;1,275255E-1;9,334960E-1;;
30/11/2021  14:47:38,689783;9,325574E-1;1,206827E-1;1,161519E-1;9,333003E-1;;
30/11/2021  14:47:38,689883;9,327362E-1;1,181340E-1;9,150920E-2;9,331131E-1;;
30/11/2021  14:47:38,689983;9,322653E-1;1,187712E-1;1,262617E-1;9,329345E-1;;
30/11/2021  14:47:38,690083;9,333382E-1;1,359745E-1;1,606983E-1;9,327649E-1;;
30/11/2021  14:47:38,690183;9,339641E-1;5,441804E-2;9,119327E-2;9,326044E-1;;
30/11/2021  14:47:38,690283;9,349297E-1;1,372488E-1;1,328963E-1;9,324533E-1;;
30/11/2021  14:47:38,690383;9,352009E-1;1,468062E-1;1,610142E-1;9,323122E-1;;
30/11/2021  14:47:38,690483;9,350102E-1;1,340630E-1;1,313166E-1;9,321814E-1;;
30/11/2021  14:47:38,690583;9,351979E-1;1,394789E-1;1,388990E-1;9,320614E-1;;
30/11/2021  14:47:38,690683;9,352277E-1;1,576380E-1;1,411105E-1;9,319525E-1;;
30/11/2021  14:47:38,690783;9,319464E-1;1,757970E-1;1,376353E-1;9,318549E-1;;
30/11/2021  14:47:38,690883;9,323458E-1;1,324701E-1;1,332122E-1;9,317683E-1;;
30/11/2021  14:47:38,690983;9,325276E-1;9,455912E-2;8,992954E-2;9,316923E-1;;
30/11/2021  14:47:38,691083;9,330491E-1;1,461691E-1;1,439539E-1;9,316263E-1;;
30/11/2021  14:47:38,691183;9,331922E-1;1,101695E-1;8,424277E-2;9,315700E-1;;
30/11/2021  14:47:38,691283;9,336392E-1;1,324701E-1;1,467973E-1;9,315229E-1;;
30/11/2021  14:47:38,691383;9,336392E-1;1,104881E-1;1,076217E-1;9,314847E-1;;
30/11/2021  14:47:38,691483;9,341518E-1;1,305587E-1;1,341600E-1;9,314552E-1;;
30/11/2021  14:47:38,691583;9,357493E-1;2,256004E-2;7,634447E-2;9,314341E-1;;
30/11/2021  14:47:38,691683;9,359877E-1;1,289658E-1;1,310007E-1;9,314215E-1;;
30/11/2021  14:47:38,691783;9,370487E-1;1,044351E-1;9,119327E-2;9,314175E-1;;
30/11/2021  14:47:38,691883;9,369354E-1;1,423461E-1;1,736515E-1;9,314222E-1;;
30/11/2021  14:47:38,691983;9,375822E-1;1,082581E-1;1,758630E-1;9,314359E-1;;
30/11/2021  14:47:38,692083;9,379368E-1;1,362931E-1;1,335282E-1;9,314587E-1;;
30/11/2021  14:47:38,692183;9,390604E-1;1,159040E-1;1,234183E-1;9,314910E-1;;
30/11/2021  14:47:38,692283;9,397369E-1;1,359745E-1;1,319485E-1;9,315330E-1;;
30/11/2021  14:47:38,692383;9,409618E-1;1,060280E-1;9,403666E-2;9,315850E-1;;
30/11/2021  14:47:38,692483;9,413016E-1;1,347002E-1;1,338441E-1;9,316477E-1;;
30/11/2021  14:47:38,692583;9,416682E-1;1,060280E-1;1,019350E-1;9,317213E-1;;
30/11/2021  14:47:38,692683;9,422881E-1;-8,660802E-3;6,433905E-2;9,318065E-1;;
30/11/2021  14:47:38,692783;9,420914E-1;-2,427122E-2;4,253974E-2;9,319035E-1;;
30/11/2021  14:47:38,692883;9,425086E-1;1,452133E-1;1,565912E-1;9,320127E-1;;
30/11/2021  14:47:38,692983;9,437395E-1;1,585937E-1;1,632258E-1;9,321342E-1;;
30/11/2021  14:47:38,693083;9,447706E-1;1,442576E-1;1,483770E-1;9,322682E-1;;
30/11/2021  14:47:38,693183;9,444220E-1;1,079395E-1;1,129926E-1;9,324152E-1;;
30/11/2021  14:47:38,693283;9,448630E-1;1,547707E-1;1,588027E-1;9,325753E-1;;
30/11/2021  14:47:38,693383;9,450180E-1;1,257800E-1;1,717559E-1;9,327485E-1;;
30/11/2021  14:47:38,693483;9,455098E-1;1,378860E-1;1,486929E-1;9,329350E-1;;
30/11/2021  14:47:38,693583;9,463204E-1;1,257800E-1;1,272095E-1;9,331347E-1;;
30/11/2021  14:47:38,693683;9,475900E-1;1,222756E-1;1,177316E-1;9,333476E-1;;
30/11/2021  14:47:38,693783;9,483708E-1;1,114439E-1;1,215227E-1;9,335737E-1;;
30/11/2021  14:47:38,693883;9,484990E-1;1,108067E-1;1,152041E-1;9,338132E-1;;
30/11/2021  14:47:38,693983;9,491875E-1;1,063466E-1;9,340479E-2;9,340661E-1;;
30/11/2021  14:47:38,694083;9,495451E-1;1,155854E-1;1,117289E-1;9,343325E-1;;
30/11/2021  14:47:38,694183;9,498312E-1;9,232906E-2;1,028828E-1;9,346122E-1;;
30/11/2021  14:47:38,694283;9,514614E-1;1,114439E-1;1,174156E-1;9,349054E-1;;
30/11/2021  14:47:38,694383;9,521320E-1;1,187712E-1;1,534319E-1;9,352118E-1;;
30/11/2021  14:47:38,694483;9,519830E-1;2,638300E-2;8,708615E-2;9,355315E-1;;
30/11/2021  14:47:38,694583;9,520724E-1;7,799296E-2;9,340479E-2;9,358645E-1;;
30/11/2021  14:47:38,694683;9,516611E-1;1,197269E-1;1,521681E-1;9,362105E-1;;
30/11/2021  14:47:38,694783;9,518042E-1;1,165411E-1;1,407946E-1;9,365690E-1;;
30/11/2021  14:47:38,694883;9,523734E-1;1,006121E-1;1,221546E-1;9,369397E-1;;
30/11/2021  14:47:38,694983;9,525284E-1;1,037979E-1;1,193112E-1;9,373217E-1;;
30/11/2021  14:47:38,695083;9,533122E-1;1,012493E-1;1,174156E-1;9,377147E-1;;
30/11/2021  14:47:38,695183;9,531513E-1;1,216384E-1;1,474292E-1;9,381178E-1;;
30/11/2021  14:47:38,695283;9,527459E-1;1,305587E-1;1,376353E-1;9,385305E-1;;
30/11/2021  14:47:38,695383;9,528353E-1;1,471248E-1;1,493248E-1;9,389521E-1;;
30/11/2021  14:47:38,695483;9,521379E-1;7,268198E-3;1,063061E-2;9,393815E-1;;
30/11/2021  14:47:38,695583;9,528771E-1;7,586778E-3;7,787223E-3;9,398178E-1;;
30/11/2021  14:47:38,695683;9,534642E-1;8,223938E-3;8,103155E-3;9,402600E-1;;
30/11/2021  14:47:38,695783;9,533509E-1;7,905358E-3;9,366883E-3;9,407072E-1;;
30/11/2021  14:47:38,695883;9,527191E-1;7,586778E-3;7,787223E-3;9,411584E-1;;
30/11/2021  14:47:38,695983;9,523168E-1;3,126658E-3;5,259767E-3;9,416126E-1;;
30/11/2021  14:47:38,696083;9,524807E-1;7,905358E-3;1,031468E-2;9,420687E-1;;
30/11/2021  14:47:38,696183;9,525045E-1;6,631038E-3;8,735019E-3;9,425256E-1;;
30/11/2021  14:47:38,696283;9,521678E-1;6,631038E-3;7,471291E-3;9,429822E-1;;
30/11/2021  14:47:38,696383;9,525910E-1;8,965980E-4;2,732311E-3;9,434373E-1;;
30/11/2021  14:47:38,696483;9,530440E-1;1,215178E-3;4,311971E-3;9,438899E-1;;
30/11/2021  14:47:38,696583;9,523972E-1;1,215178E-3;3,680107E-3;9,443391E-1;;
30/11/2021  14:47:38,696683;9,517624E-1;1,852338E-3;3,364175E-3;9,447839E-1;;
30/11/2021  14:47:38,696783;9,517207E-1;2,170918E-3;4,627903E-3;9,452233E-1;;
30/11/2021  14:47:38,696883;9,517296E-1;2,808078E-3;3,996039E-3;9,456562E-1;;
30/11/2021  14:47:38,696983;9,515508E-1;2,489498E-3;4,627903E-3;9,460817E-1;;
30/11/2021  14:47:38,697083;9,519860E-1;1,533758E-3;3,680107E-3;9,464988E-1;;
30/11/2021  14:47:38,697183;9,511097E-1;1,215178E-3;3,048243E-3;9,469068E-1;;
30/11/2021  14:47:38,697283;9,498342E-1;8,965980E-4;3,680107E-3;9,473046E-1;;
30/11/2021  14:47:38,697383;9,491785E-1;8,965980E-4;3,048243E-3;9,476915E-1;;
30/11/2021  14:47:38,697483;9,485646E-1;1,533758E-3;3,364175E-3;9,480662E-1;;
30/11/2021  14:47:38,697583;9,480162E-1;2,808078E-3;4,627903E-3;9,484277E-1;;
30/11/2021  14:47:38,697683;9,475006E-1;3,445238E-3;5,259767E-3;9,487749E-1;;
30/11/2021  14:47:38,697783;9,466572E-1;1,215178E-3;3,364175E-3;9,491066E-1;;
30/11/2021  14:47:38,697883;9,459151E-1;8,965980E-4;3,364175E-3;9,494218E-1;;
30/11/2021  14:47:38,697983;9,459240E-1;1,533758E-3;3,364175E-3;9,497195E-1;;
30/11/2021  14:47:38,698083;9,444547E-1;8,965980E-4;3,364175E-3;9,499986E-1;;
30/11/2021  14:47:38,698183;9,441805E-1;1,215178E-3;3,364175E-3;9,502581E-1;;
30/11/2021  14:47:38,698283;9,435964E-1;7,586778E-3;8,735019E-3;9,504972E-1;;
30/11/2021  14:47:38,698383;9,432984E-1;2,594380E-4;3,680107E-3;9,507149E-1;;
30/11/2021  14:47:38,698483;9,428156E-1;1,533758E-3;3,048243E-3;9,509105E-1;;
30/11/2021  14:47:38,698583;9,423596E-1;2,489498E-3;4,627903E-3;9,510833E-1;;
30/11/2021  14:47:38,698683;9,423208E-1;1,215178E-3;3,996039E-3;9,512328E-1;;
30/11/2021  14:47:38,698783;9,416860E-1;8,965980E-4;3,364175E-3;9,513586E-1;;
30/11/2021  14:47:38,698883;9,411019E-1;1,215178E-3;3,680107E-3;9,514603E-1;;
30/11/2021  14:47:38,698983;9,412837E-1;1,013542E-2;1,189434E-2;9,515378E-1;;
30/11/2021  14:47:38,699083;9,409797E-1;1,268406E-2;1,789705E-2;9,515909E-1;;
30/11/2021  14:47:38,699183;9,405595E-1;6,949618E-3;1,252620E-2;9,516196E-1;;
30/11/2021  14:47:38,699283;9,400946E-1;1,236548E-2;1,694925E-2;9,516242E-1;;
30/11/2021  14:47:38,699383;9,393703E-1;1,459554E-2;1,852891E-2;9,516047E-1;;
30/11/2021  14:47:38,699483;9,388548E-1;1,586986E-2;1,884484E-2;9,515614E-1;;
30/11/2021  14:47:38,699583;9,377967E-1;1,714418E-2;1,947671E-2;9,514945E-1;;
30/11/2021  14:47:38,699683;9,381425E-1;1,523270E-2;1,821298E-2;9,514042E-1;;
30/11/2021  14:47:38,699783;9,374153E-1;4,199342E-2;4,569906E-2;9,512909E-1;;
30/11/2021  14:47:38,699883;9,370576E-1;1,108067E-1;1,218387E-1;9,511549E-1;;
30/11/2021  14:47:38,699983;9,364914E-1;4,645354E-2;5,391329E-2;9,509966E-1;;
30/11/2021  14:47:38,700083;9,353648E-1;1,340630E-1;1,303688E-1;9,508165E-1;;
30/11/2021  14:47:38,700183;9,351800E-1;1,506292E-1;1,287892E-1;9,506151E-1;;
30/11/2021  14:47:38,700283;9,345095E-1;2,160430E-2;3,969635E-2;9,503926E-1;;
30/11/2021  14:47:38,700383;9,352158E-1;9,073616E-2;1,003553E-1;9,501498E-1;;
30/11/2021  14:47:38,700483;9,343277E-1;1,356559E-1;1,442698E-1;9,498871E-1;;
30/11/2021  14:47:38,700583;9,339820E-1;9,105474E-2;2,292556E-1;9,496052E-1;;
30/11/2021  14:47:38,700683;9,335945E-1;6,684266E-2;7,729226E-2;9,493050E-1;;
30/11/2021  14:47:38,700783;9,332339E-1;1,343816E-1;1,328963E-1;9,489872E-1;;
30/11/2021  14:47:38,700883;9,330759E-1;1,098510E-1;1,196272E-1;9,486524E-1;;
30/11/2021  14:47:38,700983;9,337525E-1;1,219570E-1;1,303688E-1;9,483017E-1;;
30/11/2021  14:47:38,701083;9,335081E-1;1,260985E-1;1,287892E-1;9,479359E-1;;
30/11/2021  14:47:38,701183;9,334455E-1;1,356559E-1;1,388990E-1;9,475561E-1;;
30/11/2021  14:47:38,701283;9,333889E-1;1,308772E-1;1,445858E-1;9,471636E-1;;
30/11/2021  14:47:38,701383;9,324084E-1;1,315144E-1;1,291051E-1;9,467594E-1;;
30/11/2021  14:47:38,701483;9,325723E-1;1,353374E-1;1,322644E-1;9,463446E-1;;
30/11/2021  14:47:38,701583;9,319643E-1;1,359745E-1;1,328963E-1;9,459204E-1;;
30/11/2021  14:47:38,701683;9,324322E-1;1,181340E-1;1,196272E-1;9,454877E-1;;
30/11/2021  14:47:38,701783;9,324471E-1;7,894870E-2;1,101492E-1;9,450476E-1;;
30/11/2021  14:47:38,701883;9,323011E-1;1,299215E-1;1,556434E-1;9,446013E-1;;
30/11/2021  14:47:38,701983;9,321819E-1;1,210013E-1;1,414265E-1;9,441499E-1;;
30/11/2021  14:47:38,702083;9,313086E-1;1,149482E-1;1,183634E-1;9,436945E-1;;
30/11/2021  14:47:38,702183;9,310166E-1;1,933189E-1;2,384176E-1;9,432360E-1;;
30/11/2021  14:47:38,702283;9,312788E-1;1,474434E-1;1,404787E-1;9,427755E-1;;
30/11/2021  14:47:38,702383;9,319822E-1;5,951532E-2;1,180475E-1;9,423139E-1;;
30/11/2021  14:47:38,702483;9,321759E-1;1,264171E-1;1,240502E-1;9,418521E-1;;
30/11/2021  14:47:38,702583;9,324382E-1;1,362931E-1;1,518522E-1;9,413913E-1;;
30/11/2021  14:47:38,702683;9,316216E-1;1,283286E-1;1,272095E-1;9,409325E-1;;
30/11/2021  14:47:38,702783;9,314398E-1;1,241871E-1;1,240502E-1;9,404769E-1;;
30/11/2021  14:47:38,702883;9,318779E-1;1,178155E-1;1,240502E-1;9,400252E-1;;
30/11/2021  14:47:38,702983;9,318898E-1;1,292843E-1;1,445858E-1;9,395784E-1;;
30/11/2021  14:47:38,703083;9,328107E-1;9,742634E-2;8,045158E-2;9,391374E-1;;
30/11/2021  14:47:38,703183;9,328971E-1;1,362931E-1;1,417424E-1;9,387031E-1;;
30/11/2021  14:47:38,703283;9,332399E-1;1,108067E-1;1,069899E-1;9,382766E-1;;
30/11/2021  14:47:38,703383;9,323696E-1;1,420275E-1;1,319485E-1;9,378587E-1;;
30/11/2021  14:47:38,703483;9,334813E-1;1,359745E-1;1,411105E-1;9,374505E-1;;
30/11/2021  14:47:38,703583;9,331147E-1;1,490363E-1;1,572231E-1;9,370526E-1;;
30/11/2021  14:47:38,703683;9,331922E-1;7,193994E-2;9,624818E-2;9,366658E-1;;
30/11/2021  14:47:38,703783;9,343277E-1;1,324701E-1;1,313166E-1;9,362910E-1;;
30/11/2021  14:47:38,703883;9,340296E-1;1,146297E-1;1,297370E-1;9,359287E-1;;
30/11/2021  14:47:38,703983;9,334813E-1;1,251428E-1;1,651214E-1;9,355798E-1;;
30/11/2021  14:47:38,704083;9,329865E-1;1,563636E-1;1,745993E-1;9,352447E-1;;
30/11/2021  14:47:38,704183;9,324650E-1;1,210013E-1;1,524841E-1;9,349238E-1;;
30/11/2021  14:47:38,704283;9,325008E-1;9,455912E-2;1,025668E-1;9,346173E-1;;
30/11/2021  14:47:38,704383;9,325782E-1;9,742634E-2;1,076217E-1;9,343253E-1;;
30/11/2021  14:47:38,704483;9,325693E-1;-2,204116E-2;3,843263E-2;9,340476E-1;;
30/11/2021  14:47:38,704583;9,319524E-1;9,870066E-2;1,025668E-1;9,337844E-1;;
30/11/2021  14:47:38,704683;9,317169E-1;7,417000E-2;6,402312E-2;9,335354E-1;;
30/11/2021  14:47:38,704783;9,316394E-1;6,110822E-2;4,475127E-2;9,333005E-1;;
30/11/2021  14:47:38,704883;9,318361E-1;7,130278E-2;1,180475E-1;9,330792E-1;;
30/11/2021  14:47:38,704983;9,323607E-1;8,054160E-2;8,992954E-2;9,328714E-1;;
30/11/2021  14:47:38,705083;9,332905E-1;-1,630672E-2;3,116619E-2;9,326767E-1;;
30/11/2021  14:47:38,705183;9,337257E-1;1,015679E-1;1,231024E-1;9,324952E-1;;
30/11/2021  14:47:38,705283;9,338151E-1;9,870066E-2;1,129926E-1;9,323267E-1;;
30/11/2021  14:47:38,705383;9,337823E-1;1,063466E-1;1,297370E-1;9,321712E-1;;
30/11/2021  14:47:38,705483;9,339134E-1;1,318330E-1;1,404787E-1;9,320289E-1;;
30/11/2021  14:47:38,705583;9,346823E-1;1,095324E-1;1,347919E-1;9,318995E-1;;
30/11/2021  14:47:38,705683;9,350370E-1;1,216384E-1;1,196272E-1;9,317831E-1;;
30/11/2021  14:47:38,705783;9,356658E-1;1,401161E-1;1,240502E-1;9,316798E-1;;
30/11/2021  14:47:38,705883;9,362500E-1;1,477620E-1;1,237343E-1;9,315895E-1;;
30/11/2021  14:47:38,705983;9,364526E-1;1,630538E-1;1,205749E-1;9,315124E-1;;
30/11/2021  14:47:38,706083;9,361635E-1;4,135626E-2;4,190788E-2;9,314486E-1;;
30/11/2021  14:47:38,706183;9,360950E-1;1,273729E-1;1,148882E-1;9,313982E-1;;
30/11/2021  14:47:38,706283;9,369444E-1;1,359745E-1;1,297370E-1;9,313610E-1;;
30/11/2021  14:47:38,706383;9,371232E-1;1,251428E-1;1,170997E-1;9,313370E-1;;
30/11/2021  14:47:38,706483;9,377550E-1;1,012493E-1;1,259458E-1;9,313261E-1;;
30/11/2021  14:47:38,706583;9,378504E-1;5,409946E-2;4,222381E-2;9,313283E-1;;
30/11/2021  14:47:38,706683;9,379547E-1;8,595746E-2;9,624818E-2;9,313435E-1;;
30/11/2021  14:47:38,706783;9,374630E-1;1,321516E-1;1,502726E-1;9,313715E-1;;
30/11/2021  14:47:38,706883;9,383272E-1;5,282514E-2;6,528685E-2;9,314122E-1;;
30/11/2021  14:47:38,706983;9,391230E-1;1,203641E-1;1,202590E-1;9,314653E-1;;
30/11/2021  14:47:38,707083;9,394240E-1;1,254614E-1;1,275255E-1;9,315307E-1;;
30/11/2021  14:47:38,707183;9,408545E-1;1,069837E-1;1,152041E-1;9,316082E-1;;
30/11/2021  14:47:38,707283;9,407711E-1;1,334259E-1;1,376353E-1;9,316977E-1;;
30/11/2021  14:47:38,707383;9,413940E-1;1,165411E-1;1,120448E-1;9,317994E-1;;
30/11/2021  14:47:38,707483;9,417278E-1;1,273729E-1;1,145722E-1;9,319133E-1;;
30/11/2021  14:47:38,707583;9,420973E-1;1,292843E-1;1,098333E-1;9,320392E-1;;
30/11/2021  14:47:38,707683;9,431345E-1;2,988738E-2;4,348754E-2;9,321772E-1;;
30/11/2021  14:47:38,707783;9,439451E-1;3,625898E-2;2,042450E-2;9,323274E-1;;
30/11/2021  14:47:38,707883;9,443951E-1;1,009307E-1;9,656411E-2;9,324896E-1;;
30/11/2021  14:47:38,707983;9,447021E-1;6,397544E-2;4,159195E-2;9,326642E-1;;
30/11/2021  14:47:38,708083;9,442849E-1;7,894870E-2;7,508074E-2;9,328510E-1;;
30/11/2021  14:47:38,708183;9,438378E-1;1,334259E-1;1,417424E-1;9,330499E-1;;
30/11/2021  14:47:38,708283;9,444875E-1;1,149482E-1;1,796542E-1;9,332608E-1;;
30/11/2021  14:47:38,708383;9,449614E-1;9,009900E-2;9,845971E-2;9,334831E-1;;
30/11/2021  14:47:38,708483;9,452535E-1;1,273729E-1;1,265777E-1;9,337165E-1;;
30/11/2021  14:47:38,708583;9,455336E-1;9,487770E-2;9,751191E-2;9,339607E-1;;
30/11/2021  14:47:38,708683;9,446037E-1;1,235499E-1;1,212068E-1;9,342152E-1;;
30/11/2021  14:47:38,708783;9,446425E-1;1,168597E-1;1,158360E-1;9,344796E-1;;
30/11/2021  14:47:38,708883;9,446693E-1;1,273729E-1;1,237343E-1;9,347529E-1;;
30/11/2021  14:47:38,708983;9,445650E-1;1,296029E-1;1,275255E-1;9,350346E-1;;
30/11/2021  14:47:38,709083;9,451223E-1;1,382046E-1;1,370034E-1;9,353239E-1;;
30/11/2021  14:47:38,709183;9,451432E-1;1,088952E-1;1,069899E-1;9,356199E-1;;
30/11/2021  14:47:38,709283;9,449197E-1;7,353284E-2;8,234717E-2;9,359218E-1;;
30/11/2021  14:47:38,709383;9,435219E-1;1,190898E-1;1,208909E-1;9,362290E-1;;
30/11/2021  14:47:38,709483;9,426785E-1;1,114439E-1;9,277293E-2;9,365403E-1;;
30/11/2021  14:47:38,709583;9,425622E-1;1,238685E-1;1,281573E-1;9,368545E-1;;
30/11/2021  14:47:38,709683;9,421450E-1;1,028422E-1;9,435259E-2;9,371704E-1;;
30/11/2021  14:47:38,709783;9,424341E-1;1,114439E-1;1,335282E-1;9,374867E-1;;
30/11/2021  14:47:38,709883;9,417605E-1;1,337445E-1;1,445858E-1;9,378021E-1;;
30/11/2021  14:47:38,709983;9,409469E-1;1,257800E-1;1,335282E-1;9,381155E-1;;
30/11/2021  14:47:38,710083;9,404731E-1;1,302401E-1;1,338441E-1;9,384254E-1;;
30/11/2021  14:47:38,710183;9,394150E-1;1,308772E-1;1,306848E-1;9,387307E-1;;
30/11/2021  14:47:38,710283;9,390723E-1;1,700626E-1;1,641736E-1;9,390298E-1;;
30/11/2021  14:47:38,710383;9,388071E-1;1,382046E-1;1,524841E-1;9,393215E-1;;
30/11/2021  14:47:38,710483;9,386014E-1;1,276914E-1;1,161519E-1;9,396044E-1;;
30/11/2021  14:47:38,710583;9,379428E-1;1,388417E-1;1,717559E-1;9,398771E-1;;
30/11/2021  14:47:38,710683;9,366940E-1;2,415294E-2;7,539667E-2;9,401386E-1;;
30/11/2021  14:47:38,710783;9,358983E-1;1,280100E-1;1,177316E-1;9,403876E-1;;
30/11/2021  14:47:38,710883;9,348939E-1;1,241871E-1;1,148882E-1;9,406228E-1;;
30/11/2021  14:47:38,710983;9,348224E-1;1,187712E-1;1,164678E-1;9,408429E-1;;
30/11/2021  14:47:38,711083;9,343247E-1;1,213198E-1;1,063580E-1;9,410468E-1;;
30/11/2021  14:47:38,711183;9,342830E-1;1,649653E-1;1,957668E-1;9,412332E-1;;
30/11/2021  14:47:38,711283;9,338627E-1;1,229127E-1;1,095173E-1;9,414014E-1;;
30/11/2021  14:47:38,711383;9,331236E-1;1,385232E-1;1,565912E-1;9,415504E-1;;
30/11/2021  14:47:38,711483;9,319941E-1;1,477620E-1;1,613302E-1;9,416797E-1;;
30/11/2021  14:47:38,711583;9,326796E-1;1,292843E-1;1,278414E-1;9,417884E-1;;
30/11/2021  14:47:38,711683;9,323756E-1;1,292843E-1;1,291051E-1;9,418761E-1;;
30/11/2021  14:47:38,711783;9,323637E-1;1,308772E-1;1,291051E-1;9,419424E-1;;
30/11/2021  14:47:38,711883;9,326110E-1;1,296029E-1;1,300529E-1;9,419871E-1;;
30/11/2021  14:47:38,711983;9,319971E-1;1,292843E-1;1,287892E-1;9,420102E-1;;
30/11/2021  14:47:38,712083;9,317825E-1;1,347002E-1;1,303688E-1;9,420118E-1;;
30/11/2021  14:47:38,712183;9,316484E-1;1,200455E-1;1,224705E-1;9,419921E-1;;
30/11/2021  14:47:38,712283;9,317974E-1;1,235499E-1;1,161519E-1;9,419513E-1;;
30/11/2021  14:47:38,712383;9,318779E-1;7,193994E-2;1,082536E-1;9,418900E-1;;
30/11/2021  14:47:38,712483;9,320954E-1;1,165411E-1;1,114129E-1;9,418085E-1;;
30/11/2021  14:47:38,712583;9,317855E-1;1,111253E-1;1,284732E-1;9,417076E-1;;
30/11/2021  14:47:38,712683;9,318212E-1;1,203641E-1;1,003553E-1;9,415881E-1;;
30/11/2021  14:47:38,712783;9,312341E-1;3,084312E-2;8,108345E-2;9,414506E-1;;
30/11/2021  14:47:38,712883;9,304443E-1;1,356559E-1;1,354238E-1;9,412961E-1;;
30/11/2021  14:47:38,712983;9,300897E-1;1,353374E-1;1,319485E-1;9,411252E-1;;
30/11/2021  14:47:38,713083;9,303102E-1;1,104881E-1;1,256299E-1;9,409385E-1;;
30/11/2021  14:47:38,713183;9,307573E-1;1,238685E-1;1,249980E-1;9,407369E-1;;
30/11/2021  14:47:38,713283;9,299586E-1;1,302401E-1;1,351078E-1;9,405211E-1;;
30/11/2021  14:47:38,713383;9,301642E-1;1,270543E-1;1,237343E-1;9,402921E-1;;
30/11/2021  14:47:38,713483;9,296546E-1;1,327887E-1;1,208909E-1;9,400507E-1;;
30/11/2021  14:47:38,713583;9,299258E-1;1,471248E-1;1,335282E-1;9,397977E-1;;
30/11/2021  14:47:38,713683;9,304920E-1;1,302401E-1;1,284732E-1;9,395341E-1;;
30/11/2021  14:47:38,713783;9,312997E-1;1,356559E-1;1,316326E-1;9,392609E-1;;
30/11/2021  14:47:38,713883;9,312311E-1;1,238685E-1;1,338441E-1;9,389793E-1;;
30/11/2021  14:47:38,713983;9,319703E-1;7,480716E-2;7,255328E-2;9,386904E-1;;
30/11/2021  14:47:38,714083;9,322742E-1;1,455319E-1;1,584868E-1;9,383957E-1;;
30/11/2021  14:47:38,714183;9,320597E-1;1,273729E-1;1,376353E-1;9,380964E-1;;
30/11/2021  14:47:38,714283;9,330849E-1;1,901331E-1;1,986102E-1;9,377940E-1;;
30/11/2021  14:47:38,714383;9,329776E-1;1,222756E-1;1,319485E-1;9,374898E-1;;
30/11/2021  14:47:38,714483;9,341578E-1;1,493549E-1;1,512204E-1;9,371852E-1;;
30/11/2021  14:47:38,714583;9,349059E-1;1,222756E-1;1,224705E-1;9,368816E-1;;
30/11/2021  14:47:38,714683;9,343366E-1;4,900218E-2;1,641736E-1;9,365806E-1;;
30/11/2021  14:47:38,714783;9,339283E-1;1,123996E-1;1,253139E-1;9,362835E-1;;
30/11/2021  14:47:38,714883;9,336511E-1;1,079395E-1;1,180475E-1;9,359917E-1;;
30/11/2021  14:47:38,714983;9,341340E-1;1,171783E-1;1,253139E-1;9,357060E-1;;
30/11/2021  14:47:38,715083;9,344856E-1;1,350188E-1;1,445858E-1;9,354274E-1;;
30/11/2021  14:47:38,715183;9,344409E-1;7,002846E-2;5,233363E-2;9,351569E-1;;
30/11/2021  14:47:38,715283;9,348820E-1;1,210013E-1;1,370034E-1;9,348954E-1;;
30/11/2021  14:47:38,715383;9,342323E-1;3,339176E-2;3,748483E-2;9,346436E-1;;
30/11/2021  14:47:38,715483;9,342949E-1;6,047106E-2;1,193112E-1;9,344021E-1;;
30/11/2021  14:47:38,715583;9,340684E-1;5,780180E-4;3,364175E-3;9,341715E-1;;
30/11/2021  14:47:38,715683;9,342979E-1;1,045400E-2;1,126247E-2;9,339522E-1;;
30/11/2021  14:47:38,715783;9,346734E-1;8,223938E-3;9,998747E-3;9,337446E-1;;
30/11/2021  14:47:38,715883;9,350221E-1;7,905358E-3;9,682815E-3;9,335489E-1;;
30/11/2021  14:47:38,715983;9,348313E-1;1,268406E-2;1,442179E-2;9,333654E-1;;
30/11/2021  14:47:38,716083;9,345303E-1;1,268406E-2;1,505366E-2;9,331945E-1;;
30/11/2021  14:47:38,716183;9,345661E-1;8,542518E-3;9,998747E-3;9,330362E-1;;
30/11/2021  14:47:38,716283;9,343932E-1;9,498258E-3;1,189434E-2;9,328905E-1;;
30/11/2021  14:47:38,716383;9,344499E-1;8,861098E-3;1,063061E-2;9,327574E-1;;
30/11/2021  14:47:38,716483;9,351979E-1;5,038138E-3;6,839427E-3;9,326368E-1;;
30/11/2021  14:47:38,716583;9,350817E-1;1,852338E-3;4,627903E-3;9,325285E-1;;
30/11/2021  14:47:38,716683;9,358923E-1;2,808078E-3;4,627903E-3;9,324326E-1;;
30/11/2021  14:47:38,716783;9,363006E-1;6,312458E-3;7,787223E-3;9,323491E-1;;
30/11/2021  14:47:38,716883;9,363066E-1;5,993878E-3;7,787223E-3;9,322778E-1;;
30/11/2021  14:47:38,716983;9,368132E-1;5,993878E-3;8,735019E-3;9,322188E-1;;
30/11/2021  14:47:38,717083;9,369056E-1;1,533758E-3;3,996039E-3;9,321722E-1;;
30/11/2021  14:47:38,717183;9,380292E-1;1,533758E-3;3,996039E-3;9,321378E-1;;
30/11/2021  14:47:38,717283;9,383898E-1;5,780180E-4;3,364175E-3;9,321159E-1;;
30/11/2021  14:47:38,717383;9,381574E-1;1,533758E-3;3,680107E-3;9,321063E-1;;
30/11/2021  14:47:38,717483;9,378385E-1;7,586778E-3;9,050951E-3;9,321092E-1;;
30/11/2021  14:47:38,717583;9,380143E-1;8,965980E-4;3,364175E-3;9,321245E-1;;
30/11/2021  14:47:38,717683;9,386104E-1;8,965980E-4;3,680107E-3;9,321519E-1;;
30/11/2021  14:47:38,717783;9,388398E-1;8,965980E-4;3,048243E-3;9,321913E-1;;
30/11/2021  14:47:38,717883;9,403419E-1;8,965980E-4;3,048243E-3;9,322425E-1;;
30/11/2021  14:47:38,717983;9,402764E-1;8,965980E-4;3,680107E-3;9,323054E-1;;
30/11/2021  14:47:38,718083;9,404164E-1;8,965980E-4;3,364175E-3;9,323801E-1;;
30/11/2021  14:47:38,718183;9,410125E-1;1,215178E-3;4,311971E-3;9,324664E-1;;
30/11/2021  14:47:38,718283;9,411764E-1;1,215178E-3;3,364175E-3;9,325644E-1;;
30/11/2021  14:47:38,718383;9,414417E-1;1,215178E-3;3,680107E-3;9,326738E-1;;
30/11/2021  14:47:38,718483;9,428007E-1;8,965980E-4;3,680107E-3;9,327945E-1;;
30/11/2021  14:47:38,718583;9,436024E-1;1,215178E-3;3,364175E-3;9,329267E-1;;
30/11/2021  14:47:38,718683;9,442729E-1;1,533758E-3;3,364175E-3;9,330702E-1;;
30/11/2021  14:47:38,718783;9,438080E-1;1,215178E-3;3,996039E-3;9,332253E-1;;
30/11/2021  14:47:38,718883;9,444160E-1;3,126658E-3;4,943835E-3;9,333918E-1;;
30/11/2021  14:47:38,718983;9,447587E-1;5,675298E-3;1,063061E-2;9,335699E-1;;
30/11/2021  14:47:38,719083;9,453339E-1;1,332122E-2;1,536959E-2;9,337594E-1;;
30/11/2021  14:47:38,719183;9,457482E-1;1,491412E-2;1,694925E-2;9,339602E-1;;
30/11/2021  14:47:38,719283;9,459985E-1;1,586986E-2;1,694925E-2;9,341721E-1;;
30/11/2021  14:47:38,719383;9,462906E-1;1,809992E-2;2,042450E-2;9,343951E-1;;
30/11/2021  14:47:38,719483;9,467943E-1;1,459554E-2;1,758111E-2;9,346290E-1;;
30/11/2021  14:47:38,719583;9,471281E-1;1,714418E-2;1,852891E-2;9,348735E-1;;
30/11/2021  14:47:38,719683;9,467466E-1;1,586986E-2;1,979264E-2;9,351284E-1;;
30/11/2021  14:47:38,719783;9,479596E-1;1,109116E-2;1,600145E-2;9,353934E-1;;
30/11/2021  14:47:38,719883;9,483112E-1;1,459554E-2;1,758111E-2;9,356682E-1;;
30/11/2021  14:47:38,719983;9,488417E-1;5,378088E-2;7,002583E-2;9,359524E-1;;
30/11/2021  14:47:38,720083;9,486778E-1;6,270112E-2;1,310007E-1;9,362459E-1;;
30/11/2021  14:47:38,720183;9,486361E-1;3,848904E-2;4,380347E-2;9,365483E-1;;
30/11/2021  14:47:38,720283;9,486957E-1;1,236548E-2;2,074043E-2;9,368592E-1;;
30/11/2021  14:47:38,720383;9,499504E-1;7,162136E-2;8,645429E-2;9,371780E-1;;
30/11/2021  14:47:38,720483;9,495034E-1;1,714418E-2;2,042450E-2;9,375044E-1;;
30/11/2021  14:47:38,720583;9,504630E-1;1,181340E-1;1,208909E-1;9,378378E-1;;
30/11/2021  14:47:38,720683;9,513810E-1;1,283286E-1;1,313166E-1;9,381780E-1;;
30/11/2021  14:47:38,720783;9,511097E-1;1,311958E-1;1,294210E-1;9,385245E-1;;
30/11/2021  14:47:38,720883;9,514614E-1;1,289658E-1;1,234183E-1;9,388771E-1;;
30/11/2021  14:47:38,720983;9,516283E-1;1,229127E-1;1,189953E-1;9,392353E-1;;
30/11/2021  14:47:38,721083;9,520813E-1;1,139925E-1;1,088855E-1;9,395987E-1;;
30/11/2021  14:47:38,721183;9,521141E-1;1,111253E-1;1,177316E-1;9,399670E-1;;
30/11/2021  14:47:38,721283;9,529695E-1;9,201048E-2;9,940750E-2;9,403397E-1;;
30/11/2021  14:47:38,721383;9,526327E-1;1,308772E-1;1,275255E-1;9,407163E-1;;
30/11/2021  14:47:38,721483;9,522691E-1;1,197269E-1;1,189953E-1;9,410965E-1;;
30/11/2021  14:47:38,721583;9,518340E-1;9,105474E-2;7,824006E-2;9,414797E-1;;
30/11/2021  14:47:38,721683;9,518131E-1;1,483991E-1;1,673329E-1;9,418652E-1;;
30/11/2021  14:47:38,721783;9,516075E-1;1,662396E-1;1,764949E-1;9,422523E-1;;
30/11/2021  14:47:38,721883;9,519085E-1;-7,705062E-3;1,170997E-1;9,426402E-1;;
30/11/2021  14:47:38,721983;9,518340E-1;1,296029E-1;1,303688E-1;9,430280E-1;;
30/11/2021  14:47:38,722083;9,516522E-1;1,382046E-1;1,594346E-1;9,434150E-1;;
30/11/2021  14:47:38,722183;9,506746E-1;1,082581E-1;1,202590E-1;9,438004E-1;;
30/11/2021  14:47:38,722283;9,507402E-1;1,232313E-1;1,272095E-1;9,441833E-1;;
30/11/2021  14:47:38,722383;9,503140E-1;1,649653E-1;1,903959E-1;9,445627E-1;;
30/11/2021  14:47:38,722483;9,509458E-1;1,905566E-2;6,528685E-2;9,449376E-1;;
30/11/2021  14:47:38,722583;9,514465E-1;1,245056E-1;1,047783E-1;9,453073E-1;;
30/11/2021  14:47:38,722683;9,511246E-1;7,831154E-2;1,660692E-1;9,456709E-1;;
30/11/2021  14:47:38,722783;9,505584E-1;1,280100E-1;1,117289E-1;9,460278E-1;;
30/11/2021  14:47:38,722883;9,508624E-1;1,318330E-1;1,240502E-1;9,463774E-1;;
30/11/2021  14:47:38,722983;9,500279E-1;1,143111E-1;9,214107E-2;9,467189E-1;;
30/11/2021  14:47:38,723083;9,501739E-1;2,351578E-2;4,633093E-2;9,470517E-1;;
30/11/2021  14:47:38,723183;9,506001E-1;1,136739E-1;9,466852E-2;9,473752E-1;;
30/11/2021  14:47:38,723283;9,511008E-1;1,560451E-1;1,575390E-1;9,476887E-1;;
30/11/2021  14:47:38,723383;9,503945E-1;1,245056E-1;1,401627E-1;9,479918E-1;;
30/11/2021  14:47:38,723483;9,503945E-1;1,372488E-1;1,562753E-1;9,482843E-1;;
30/11/2021  14:47:38,723583;9,502365E-1;1,834429E-1;1,727037E-1;9,485657E-1;;
30/11/2021  14:47:38,723683;9,497179E-1;1,378860E-1;1,341600E-1;9,488357E-1;;
30/11/2021  14:47:38,723783;9,496524E-1;1,273729E-1;1,341600E-1;9,490939E-1;;
30/11/2021  14:47:38,723883;9,495838E-1;1,308772E-1;1,284732E-1;9,493400E-1;;
30/11/2021  14:47:38,723983;9,492262E-1;1,353374E-1;1,275255E-1;9,495737E-1;;
30/11/2021  14:47:38,724083;9,491129E-1;1,331073E-1;1,268936E-1;9,497946E-1;;
30/11/2021  14:47:38,724183;9,485407E-1;1,022050E-1;1,104651E-1;9,500026E-1;;
30/11/2021  14:47:38,724283;9,475900E-1;1,130368E-1;1,079377E-1;9,501973E-1;;
30/11/2021  14:47:38,724383;9,468807E-1;1,095324E-1;9,182514E-2;9,503785E-1;;
30/11/2021  14:47:38,724483;9,468390E-1;9,615202E-2;9,782784E-2;9,505455E-1;;
30/11/2021  14:47:38,724583;9,468151E-1;-1,726246E-2;2,421569E-2;9,506982E-1;;
30/11/2021  14:47:38,724683;9,462906E-1;9,360338E-2;1,158360E-1;9,508361E-1;;
30/11/2021  14:47:38,724783;9,456290E-1;1,082581E-1;1,253139E-1;9,509589E-1;;
30/11/2021  14:47:38,724883;9,453131E-1;9,201048E-2;1,006712E-1;9,510664E-1;;
30/11/2021  14:47:38,724983;9,443385E-1;9,264764E-2;1,022509E-1;9,511583E-1;;
30/11/2021  14:47:38,725083;9,447081E-1;1,012493E-1;1,180475E-1;9,512343E-1;;
30/11/2021  14:47:38,725183;9,445888E-1;9,360338E-2;1,047783E-1;9,512942E-1;;
30/11/2021  14:47:38,725283;9,455187E-1;8,786894E-2;9,751191E-2;9,513379E-1;;
30/11/2021  14:47:38,725383;9,447826E-1;8,117876E-2;1,041465E-1;9,513655E-1;;
30/11/2021  14:47:38,725483;9,440971E-1;1,210013E-1;1,224705E-1;9,513773E-1;;
30/11/2021  14:47:38,725583;9,438944E-1;6,206396E-2;6,497092E-2;9,513734E-1;;
30/11/2021  14:47:38,725683;9,425980E-1;5,632952E-2;5,960007E-2;9,513539E-1;;
30/11/2021  14:47:38,725783;9,424967E-1;1,047537E-1;1,092014E-1;9,513190E-1;;
30/11/2021  14:47:38,725883;9,422523E-1;1,241871E-1;1,202590E-1;9,512687E-1;;
30/11/2021  14:47:38,725983;9,422255E-1;4,645354E-2;4,980618E-2;9,512031E-1;;
30/11/2021  14:47:38,726083;9,412539E-1;7,066562E-2;3,053433E-2;9,511224E-1;;
30/11/2021  14:47:38,726183;9,407472E-1;1,525407E-1;1,569071E-1;9,510268E-1;;
30/11/2021  14:47:38,726283;9,402764E-1;1,633724E-1;1,370034E-1;9,509164E-1;;
30/11/2021  14:47:38,726383;9,392899E-1;1,178155E-1;1,335282E-1;9,507913E-1;;
30/11/2021  14:47:38,726483;9,387415E-1;1,506292E-1;1,411105E-1;9,506516E-1;;
30/11/2021  14:47:38,726583;9,386342E-1;1,448948E-1;1,417424E-1;9,504973E-1;;
30/11/2021  14:47:38,726683;9,385597E-1;1,321516E-1;1,253139E-1;9,503287E-1;;
30/11/2021  14:47:38,726783;9,374182E-1;1,076209E-1;1,031987E-1;9,501457E-1;;
30/11/2021  14:47:38,726883;9,368758E-1;1,254614E-1;1,227865E-1;9,499487E-1;;
30/11/2021  14:47:38,726983;9,357254E-1;1,280100E-1;1,256299E-1;9,497377E-1;;
30/11/2021  14:47:38,727083;9,355198E-1;1,343816E-1;1,291051E-1;9,495128E-1;;
30/11/2021  14:47:38,727183;9,352724E-1;8,086018E-2;1,082536E-1;9,492740E-1;;
30/11/2021  14:47:38,727283;9,349059E-1;9,169190E-2;9,845971E-2;9,490215E-1;;
30/11/2021  14:47:38,727383;9,346078E-1;1,088952E-1;8,550650E-2;9,487556E-1;;
30/11/2021  14:47:38,727483;9,337942E-1;-1,535098E-2;1,505366E-2;9,484764E-1;;
30/11/2021  14:47:38,727583;9,331683E-1;1,219570E-1;1,205749E-1;9,481843E-1;;
30/11/2021  14:47:38,727683;9,325693E-1;1,347002E-1;1,445858E-1;9,478794E-1;;
30/11/2021  14:47:38,727783;9,323994E-1;1,283286E-1;1,297370E-1;9,475621E-1;;
30/11/2021  14:47:38,727883;9,314606E-1;1,047537E-1;1,145722E-1;9,472325E-1;;
30/11/2021  14:47:38,727983;9,315322E-1;1,267357E-1;1,240502E-1;9,468911E-1;;
30/11/2021  14:47:38,728083;9,308377E-1;1,248242E-1;1,332122E-1;9,465380E-1;;
30/11/2021  14:47:38,728183;9,304354E-1;1,165411E-1;1,433221E-1;9,461736E-1;;
30/11/2021  14:47:38,728283;9,292224E-1;1,286472E-1;1,284732E-1;9,457984E-1;;
30/11/2021  14:47:38,728383;9,286740E-1;1,276914E-1;1,294210E-1;9,454126E-1;;
30/11/2021  14:47:38,728483;9,279558E-1;1,343816E-1;1,313166E-1;9,450164E-1;;
30/11/2021  14:47:38,728583;9,281704E-1;1,327887E-1;1,287892E-1;9,446101E-1;;
30/11/2021  14:47:38,728683;9,278127E-1;1,159040E-1;1,110970E-1;9,441940E-1;;
30/11/2021  14:47:38,728783;9,275296E-1;1,238685E-1;1,275255E-1;9,437685E-1;;
30/11/2021  14:47:38,728883;9,272524E-1;1,267357E-1;1,366875E-1;9,433341E-1;;
30/11/2021  14:47:38,728983;9,273866E-1;1,461691E-1;1,771268E-1;9,428912E-1;;
30/11/2021  14:47:38,729083;9,268769E-1;2,510868E-2;1,218387E-1;9,424406E-1;;
30/11/2021  14:47:38,729183;9,273150E-1;1,401161E-1;1,490088E-1;9,419828E-1;;
30/11/2021  14:47:38,729283;9,284446E-1;2,479010E-2;9,372073E-2;9,415186E-1;;
30/11/2021  14:47:38,729383;9,287337E-1;1,382046E-1;1,878685E-1;9,410489E-1;;
30/11/2021  14:47:38,729483;9,290555E-1;1,073023E-1;1,013031E-1;9,405750E-1;;
30/11/2021  14:47:38,729583;9,287217E-1;1,458505E-1;1,565912E-1;9,400980E-1;;
30/11/2021  14:47:38,729683;9,293893E-1;1,200455E-1;1,231024E-1;9,396192E-1;;
30/11/2021  14:47:38,729783;9,296486E-1;1,417090E-1;1,524841E-1;9,391398E-1;;
30/11/2021  14:47:38,729883;9,301314E-1;1,289658E-1;1,373193E-1;9,386612E-1;;
30/11/2021  14:47:38,729983;9,301433E-1;1,280100E-1;1,180475E-1;9,381847E-1;;
30/11/2021  14:47:38,730083;9,309778E-1;1,318330E-1;1,215227E-1;9,377117E-1;;
30/11/2021  14:47:38,730183;9,316126E-1;1,203641E-1;1,101492E-1;9,372435E-1;;
30/11/2021  14:47:38,730283;9,309421E-1;1,305587E-1;1,376353E-1;9,367816E-1;;
30/11/2021  14:47:38,730383;9,313146E-1;7,863012E-2;9,150920E-2;9,363274E-1;;
30/11/2021  14:47:38,730483;9,319971E-1;6,631038E-3;7,855599E-2;9,358820E-1;;
30/11/2021  14:47:38,730583;9,324441E-1;1,251428E-1;1,215227E-1;9,354467E-1;;
30/11/2021  14:47:38,730683;9,332279E-1;1,321516E-1;2,260962E-1;9,350228E-1;;
30/11/2021  14:47:38,730783;9,336631E-1;1,238685E-1;1,354238E-1;9,346114E-1;;
30/11/2021  14:47:38,730883;9,339581E-1;1,305587E-1;1,467973E-1;9,342138E-1;;
30/11/2021  14:47:38,730983;9,340982E-1;1,668768E-1;1,929234E-1;9,338312E-1;;
30/11/2021  14:47:38,731083;9,342860E-1;2,242212E-1;2,052447E-1;9,334647E-1;;
30/11/2021  14:47:38,731183;9,349029E-1;1,385232E-1;1,379512E-1;9,331151E-1;;
30/11/2021  14:47:38,731283;9,357791E-1;1,136739E-1;1,246821E-1;9,327835E-1;;
30/11/2021  14:47:38,731383;9,367536E-1;1,270543E-1;1,272095E-1;9,324707E-1;;
30/11/2021  14:47:38,731483;9,371977E-1;1,241871E-1;1,584868E-1;9,321777E-1;;
30/11/2021  14:47:38,731583;9,378206E-1;1,238685E-1;9,909157E-2;9,319054E-1;;
30/11/2021  14:47:38,731683;9,384256E-1;1,111253E-1;9,466852E-2;9,316546E-1;;
30/11/2021  14:47:38,731783;9,388726E-1;8,627604E-2;7,034176E-2;9,314261E-1;;
30/11/2021  14:47:38,731883;9,399366E-1;1,359745E-1;1,275255E-1;9,312207E-1;;
30/11/2021  14:47:38,731983;9,409112E-1;1,299215E-1;1,243661E-1;9,310390E-1;;
30/11/2021  14:47:38,732083;9,413999E-1;9,647060E-2;1,174156E-1;9,308818E-1;;
30/11/2021  14:47:38,732183;9,425354E-1;6,461260E-2;9,150920E-2;9,307497E-1;;
30/11/2021  14:47:38,732283;9,426695E-1;1,299215E-1;1,246821E-1;9,306433E-1;;
30/11/2021  14:47:38,732383;9,423089E-1;9,742634E-2;1,338441E-1;9,305632E-1;;
30/11/2021  14:47:38,732483;9,434653E-1;1,270543E-1;1,291051E-1;9,305095E-1;;
30/11/2021  14:47:38,732583;9,441835E-1;1,264171E-1;1,284732E-1;9,304825E-1;;
30/11/2021  14:47:38,732683;9,446753E-1;1,283286E-1;1,272095E-1;9,304823E-1;;
30/11/2021  14:47:38,732783;9,450091E-1;1,340630E-1;1,328963E-1;9,305090E-1;;
30/11/2021  14:47:38,732883;9,457690E-1;1,267357E-1;1,313166E-1;9,305626E-1;;
30/11/2021  14:47:38,732983;9,454472E-1;1,276914E-1;1,180475E-1;9,306429E-1;;
30/11/2021  14:47:38,733083;9,460581E-1;1,397975E-1;1,262617E-1;9,307497E-1;;
30/11/2021  14:47:38,733183;9,456290E-1;1,241871E-1;1,246821E-1;9,308826E-1;;
30/11/2021  14:47:38,733283;9,469641E-1;1,289658E-1;1,300529E-1;9,310410E-1;;
30/11/2021  14:47:38,733383;9,476735E-1;2,574584E-2;9,719598E-2;9,312244E-1;;
30/11/2021  14:47:38,733483;9,479357E-1;1,149482E-1;1,066739E-1;9,314321E-1;;
30/11/2021  14:47:38,733583;9,478821E-1;1,200455E-1;1,136244E-1;9,316637E-1;;
30/11/2021  14:47:38,733683;9,478076E-1;4,358632E-2;4,854245E-2;9,319183E-1;;
30/11/2021  14:47:38,733783;9,480490E-1;1,181340E-1;1,584868E-1;9,321951E-1;;
30/11/2021  14:47:38,733883;9,484156E-1;1,640096E-1;1,764949E-1;9,324931E-1;;
30/11/2021  14:47:38,733983;9,488924E-1;1,178155E-1;1,553275E-1;9,328114E-1;;
30/11/2021  14:47:38,734083;9,494557E-1;1,356559E-1;1,319485E-1;9,331489E-1;;
30/11/2021  14:47:38,734183;9,498133E-1;1,503106E-1;1,727037E-1;9,335045E-1;;
30/11/2021  14:47:38,734283;9,499921E-1;1,340630E-1;1,360556E-1;9,338775E-1;;
30/11/2021  14:47:38,734383;9,500488E-1;1,276914E-1;1,278414E-1;9,342666E-1;;
30/11/2021  14:47:38,734483;9,498461E-1;1,286472E-1;1,284732E-1;9,346708E-1;;
30/11/2021  14:47:38,734583;9,502693E-1;1,337445E-1;1,376353E-1;9,350889E-1;;
30/11/2021  14:47:38,734683;9,507193E-1;8,436456E-2;8,866581E-2;9,355198E-1;;
30/11/2021  14:47:38,734783;9,510948E-1;1,171783E-1;1,224705E-1;9,359622E-1;;
30/11/2021  14:47:38,734883;9,505524E-1;1,073023E-1;9,909157E-2;9,364151E-1;;
30/11/2021  14:47:38,734983;9,509190E-1;1,152668E-1;1,120448E-1;9,368773E-1;;
30/11/2021  14:47:38,735083;9,505733E-1;7,193994E-2;8,392683E-2;9,373475E-1;;
30/11/2021  14:47:38,735183;9,502663E-1;1,190898E-1;1,433221E-1;9,378244E-1;;
30/11/2021  14:47:38,735283;9,502306E-1;1,101695E-1;9,340479E-2;9,383067E-1;;
30/11/2021  14:47:38,735383;9,509399E-1;1,493549E-1;1,581709E-1;9,387931E-1;;
30/11/2021  14:47:38,735483;9,514614E-1;1,563636E-1;1,749153E-1;9,392823E-1;;
30/11/2021  14:47:38,735583;9,516134E-1;5,780180E-4;2,416379E-3;9,397732E-1;;
30/11/2021  14:47:38,735683;9,507760E-1;2,489498E-3;4,311971E-3;9,402647E-1;;
30/11/2021  14:47:38,735783;9,509965E-1;3,763818E-3;5,259767E-3;9,407556E-1;;
30/11/2021  14:47:38,735883;9,511694E-1;7,268198E-3;9,366883E-3;9,412449E-1;;
30/11/2021  14:47:38,735983;9,517386E-1;8,542518E-3;9,998747E-3;9,417314E-1;;
30/11/2021  14:47:38,736083;9,521976E-1;6,312458E-3;8,103155E-3;9,422143E-1;;
30/11/2021  14:47:38,736183;9,519383E-1;7,905358E-3;9,366883E-3;9,426926E-1;;
30/11/2021  14:47:38,736283;9,520068E-1;1,045400E-2;1,189434E-2;9,431656E-1;;
30/11/2021  14:47:38,736383;9,513661E-1;1,140974E-2;1,221027E-2;9,436325E-1;;
30/11/2021  14:47:38,736483;9,513094E-1;3,763818E-3;4,627903E-3;9,440926E-1;;
30/11/2021  14:47:38,736583;9,513750E-1;7,268198E-3;8,735019E-3;9,445448E-1;;
30/11/2021  14:47:38,736683;9,516343E-1;8,223938E-3;9,998747E-3;9,449886E-1;;
30/11/2021  14:47:38,736783;9,515747E-1;8,861098E-3;1,094654E-2;9,454230E-1;;
30/11/2021  14:47:38,736883;9,511008E-1;2,489498E-3;4,311971E-3;9,458476E-1;;
30/11/2021  14:47:38,736983;9,509667E-1;3,126658E-3;6,207563E-3;9,462616E-1;;
30/11/2021  14:47:38,737083;9,504898E-1;2,808078E-3;4,627903E-3;9,466643E-1;;
30/11/2021  14:47:38,737183;9,497179E-1;8,965980E-4;3,364175E-3;9,470552E-1;;
30/11/2021  14:47:38,737283;9,499921E-1;1,215178E-3;3,048243E-3;9,474334E-1;;
30/11/2021  14:47:38,737383;9,504988E-1;1,215178E-3;3,048243E-3;9,477983E-1;;
30/11/2021  14:47:38,737483;9,498878E-1;1,215178E-3;3,996039E-3;9,481494E-1;;
30/11/2021  14:47:38,737583;9,500994E-1;8,965980E-4;3,048243E-3;9,484862E-1;;
30/11/2021  14:47:38,737683;9,491278E-1;8,965980E-4;3,048243E-3;9,488082E-1;;
30/11/2021  14:47:38,737783;9,486510E-1;5,780180E-4;3,364175E-3;9,491150E-1;;
30/11/2021  14:47:38,737883;9,487136E-1;1,215178E-3;3,364175E-3;9,494062E-1;;
30/11/2021  14:47:38,737983;9,482695E-1;8,965980E-4;3,048243E-3;9,496813E-1;;
30/11/2021  14:47:38,738083;9,489848E-1;1,533758E-3;3,996039E-3;9,499400E-1;;
30/11/2021  14:47:38,738183;9,486868E-1;8,965980E-4;3,996039E-3;9,501819E-1;;
30/11/2021  14:47:38,738283;9,476794E-1;1,533758E-3;3,364175E-3;9,504070E-1;;
30/11/2021  14:47:38,738383;9,475036E-1;8,965980E-4;3,364175E-3;9,506150E-1;;
30/11/2021  14:47:38,738483;9,468390E-1;1,215178E-3;3,680107E-3;9,508058E-1;;
30/11/2021  14:47:38,738583;9,465886E-1;8,965980E-4;3,364175E-3;9,509791E-1;;
30/11/2021  14:47:38,738683;9,468837E-1;8,965980E-4;3,364175E-3;9,511349E-1;;
30/11/2021  14:47:38,738783;9,467078E-1;8,965980E-4;3,364175E-3;9,512729E-1;;
30/11/2021  14:47:38,738883;9,464575E-1;1,215178E-3;3,680107E-3;9,513933E-1;;
30/11/2021  14:47:38,738983;9,455634E-1;8,965980E-4;3,680107E-3;9,514960E-1;;
30/11/2021  14:47:38,739083;9,443415E-1;3,445238E-3;5,891631E-3;9,515812E-1;;
30/11/2021  14:47:38,739183;9,438378E-1;1,332122E-2;1,600145E-2;9,516487E-1;;
30/11/2021  14:47:38,739283;9,438915E-1;8,223938E-3;1,347400E-2;9,516984E-1;;
30/11/2021  14:47:38,739383;9,440196E-1;8,861098E-3;1,568552E-2;9,517302E-1;;
30/11/2021  14:47:38,739483;9,437842E-1;1,491412E-2;1,536959E-2;9,517442E-1;;
30/11/2021  14:47:38,739583;9,434385E-1;5,027650E-2;1,758111E-2;9,517406E-1;;
30/11/2021  14:47:38,739683;9,419632E-1;1,746276E-2;2,326789E-2;9,517195E-1;;
30/11/2021  14:47:38,739783;9,411645E-1;2,479010E-2;3,274585E-2;9,516811E-1;;
30/11/2021  14:47:38,739883;9,410661E-1;1,523270E-2;1,789705E-2;9,516252E-1;;
30/11/2021  14:47:38,739983;9,406668E-1;8,542518E-3;1,252620E-2;9,515521E-1;;
30/11/2021  14:47:38,740083;9,399008E-1;1,241871E-1;1,268936E-1;9,514617E-1;;
30/11/2021  14:47:38,740183;9,395223E-1;4,709070E-2;5,770448E-2;9,513541E-1;;
30/11/2021  14:47:38,740283;9,397667E-1;1,359745E-1;1,471132E-1;9,512294E-1;;
30/11/2021  14:47:38,740383;9,384733E-1;1,251428E-1;1,379512E-1;9,510879E-1;;
30/11/2021  14:47:38,740483;9,383094E-1;1,203641E-1;1,205749E-1;9,509298E-1;;
30/11/2021  14:47:38,740583;9,381752E-1;5,728526E-2;5,896821E-2;9,507553E-1;;
30/11/2021  14:47:38,740683;9,369116E-1;1,210013E-1;1,253139E-1;9,505646E-1;;
30/11/2021  14:47:38,740783;9,374063E-1;1,222756E-1;1,148882E-1;9,503581E-1;;
30/11/2021  14:47:38,740883;9,370099E-1;1,260985E-1;1,164678E-1;9,501360E-1;;
30/11/2021  14:47:38,740983;9,369533E-1;1,006121E-1;1,193112E-1;9,498989E-1;;
30/11/2021  14:47:38,741083;9,362649E-1;1,073023E-1;1,098333E-1;9,496471E-1;;
30/11/2021  14:47:38,741183;9,355705E-1;1,203641E-1;1,205749E-1;9,493813E-1;;
30/11/2021  14:47:38,741283;9,348433E-1;2,360086E-1;2,655877E-1;9,491018E-1;;
30/11/2021  14:47:38,741383;9,349535E-1;7,162136E-2;1,025668E-1;9,488091E-1;;
30/11/2021  14:47:38,741483;9,350489E-1;1,200455E-1;1,114129E-1;9,485037E-1;;
30/11/2021  14:47:38,741583;9,348761E-1;1,162226E-1;1,256299E-1;9,481861E-1;;
30/11/2021  14:47:38,741683;9,341489E-1;1,493549E-1;1,404787E-1;9,478570E-1;;
30/11/2021  14:47:38,741783;9,334574E-1;1,225942E-1;1,272095E-1;9,475171E-1;;
30/11/2021  14:47:38,741883;9,330491E-1;1,490363E-1;1,676488E-1;9,471669E-1;;
30/11/2021  14:47:38,741983;9,324680E-1;2,447152E-2;5,896821E-2;9,468069E-1;;
30/11/2021  14:47:38,742083;9,325872E-1;1,283286E-1;1,139404E-1;9,464377E-1;;
30/11/2021  14:47:38,742183;9,327958E-1;1,181340E-1;1,262617E-1;9,460598E-1;;
30/11/2021  14:47:38,742283;9,326200E-1;1,296029E-1;1,177316E-1;9,456739E-1;;
30/11/2021  14:47:38,742383;9,322683E-1;3,371034E-2;3,811669E-2;9,452807E-1;;
30/11/2021  14:47:38,742483;9,315769E-1;9,360338E-2;8,329497E-2;9,448810E-1;;
30/11/2021  14:47:38,742583;9,317229E-1;1,372488E-1;1,433221E-1;9,444754E-1;;
30/11/2021  14:47:38,742683;9,321074E-1;1,194084E-1;1,139404E-1;9,440646E-1;;
30/11/2021  14:47:38,742783;9,320448E-1;1,047537E-1;1,755471E-1;9,436494E-1;;
30/11/2021  14:47:38,742883;9,319792E-1;1,245056E-1;1,246821E-1;9,432306E-1;;
30/11/2021  14:47:38,742983;9,317944E-1;1,210013E-1;1,423743E-1;9,428091E-1;;
30/11/2021  14:47:38,743083;9,314666E-1;1,926818E-1;1,986102E-1;9,423858E-1;;
30/11/2021  14:47:38,743183;9,307513E-1;4,263058E-2;8,455870E-2;9,419614E-1;;
30/11/2021  14:47:38,743283;9,311209E-1;1,292843E-1;1,344760E-1;9,415366E-1;;
30/11/2021  14:47:38,743383;9,315590E-1;1,216384E-1;1,155200E-1;9,411122E-1;;
30/11/2021  14:47:38,743483;9,320179E-1;1,391603E-1;1,221546E-1;9,406889E-1;;
30/11/2021  14:47:38,743583;9,322802E-1;1,436204E-1;1,370034E-1;9,402677E-1;;
30/11/2021  14:47:38,743683;9,314934E-1;8,181592E-2;9,466852E-2;9,398493E-1;;
30/11/2021  14:47:38,743783;9,318242E-1;1,077258E-2;7,097362E-2;9,394347E-1;;
30/11/2021  14:47:38,743883;9,321193E-1;2,479010E-2;-7,061581E-3;9,390247E-1;;
30/11/2021  14:47:38,743983;9,322027E-1;1,216384E-1;1,148882E-1;9,386201E-1;;
30/11/2021  14:47:38,744083;9,325872E-1;1,315144E-1;1,294210E-1;9,382217E-1;;
30/11/2021  14:47:38,744183;9,328465E-1;1,206827E-1;1,325804E-1;9,378302E-1;;
30/11/2021  14:47:38,744283;9,331683E-1;1,305587E-1;1,310007E-1;9,374467E-1;;
30/11/2021  14:47:38,744383;9,334693E-1;4,740928E-2;5,012211E-2;9,370718E-1;;
30/11/2021  14:47:38,744483;9,328763E-1;1,321516E-1;1,461654E-1;9,367064E-1;;
30/11/2021  14:47:38,744583;9,331296E-1;1,270543E-1;1,272095E-1;9,363513E-1;;
30/11/2021  14:47:38,744683;9,335290E-1;1,120810E-1;1,212068E-1;9,360070E-1;;
30/11/2021  14:47:38,744783;9,342144E-1;1,178155E-1;1,167838E-1;9,356742E-1;;
30/11/2021  14:47:38,744883;9,346317E-1;1,057094E-1;1,104651E-1;9,353535E-1;;
30/11/2021  14:47:38,744983;9,346019E-1;1,063466E-1;1,066739E-1;9,350456E-1;;
30/11/2021  14:47:38,745083;9,352516E-1;1,079395E-1;1,031987E-1;9,347512E-1;;
30/11/2021  14:47:38,745183;9,350459E-1;8,882468E-2;9,466852E-2;9,344708E-1;;
30/11/2021  14:47:38,745283;9,355973E-1;9,392196E-2;9,087734E-2;9,342050E-1;;
30/11/2021  14:47:38,745383;9,359788E-1;9,519628E-2;1,009872E-1;9,339543E-1;;
30/11/2021  14:47:38,745483;9,366463E-1;9,169190E-2;1,073058E-1;9,337192E-1;;
30/11/2021  14:47:38,745583;9,365331E-1;6,461260E-2;7,318515E-2;9,335001E-1;;
30/11/2021  14:47:38,745683;9,369146E-1;8,181592E-2;8,045158E-2;9,332974E-1;;
30/11/2021  14:47:38,745783;9,360443E-1;-6,963020E-4;1,094654E-2;9,331115E-1;;
30/11/2021  14:47:38,745883;9,360056E-1;9,678918E-2;9,056141E-2;9,329426E-1;;
30/11/2021  14:47:38,745983;9,368371E-1;7,926728E-2;8,392683E-2;9,327905E-1;;
30/11/2021  14:47:38,746083;9,371679E-1;-3,828874E-2;-2,759716E-2;9,326553E-1;;
30/11/2021  14:47:38,746183;9,377938E-1;6,365686E-2;6,939396E-2;9,325371E-1;;
30/11/2021  14:47:38,746283;9,379458E-1;1,018865E-1;1,783905E-1;9,324357E-1;;
30/11/2021  14:47:38,746383;9,383153E-1;9,678918E-2;1,044624E-1;9,323513E-1;;
30/11/2021  14:47:38,746483;9,377759E-1;1,232313E-1;1,300529E-1;9,322837E-1;;
30/11/2021  14:47:38,746583;9,381782E-1;1,114439E-1;6,718244E-2;9,322328E-1;;
30/11/2021  14:47:38,746683;9,393227E-1;1,232313E-1;1,152041E-1;9,321984E-1;;
30/11/2021  14:47:38,746783;9,404134E-1;1,146297E-1;7,381701E-2;9,321803E-1;;
30/11/2021  14:47:38,746883;9,407353E-1;1,506292E-1;1,234183E-1;9,321786E-1;;
30/11/2021  14:47:38,746983;9,406578E-1;1,506292E-1;1,050943E-1;9,321931E-1;;
30/11/2021  14:47:38,747083;9,418201E-1;1,404346E-1;1,205749E-1;9,322240E-1;;
30/11/2021  14:47:38,747183;9,412211E-1;2,224146E-2;2,642721E-2;9,322711E-1;;
30/11/2021  14:47:38,747283;9,421599E-1;1,512664E-1;1,648054E-1;9,323343E-1;;
30/11/2021  14:47:38,747383;9,428841E-1;9,997498E-2;1,088855E-1;9,324135E-1;;
30/11/2021  14:47:38,747483;9,431970E-1;1,452133E-1;1,417424E-1;9,325086E-1;;
30/11/2021  14:47:38,747583;9,437931E-1;1,394789E-1;1,553275E-1;9,326194E-1;;
30/11/2021  14:47:38,747683;9,439540E-1;1,522221E-1;1,708081E-1;9,327458E-1;;
30/11/2021  14:47:38,747783;9,437246E-1;1,276914E-1;1,231024E-1;9,328875E-1;;
30/11/2021  14:47:38,747883;9,440226E-1;1,130368E-1;1,231024E-1;9,330444E-1;;
30/11/2021  14:47:38,747983;9,441895E-1;1,260985E-1;1,294210E-1;9,332160E-1;;
30/11/2021  14:47:38,748083;9,448720E-1;1,308772E-1;1,335282E-1;9,334019E-1;;
30/11/2021  14:47:38,748183;9,450568E-1;1,130368E-1;1,120448E-1;9,336016E-1;;
30/11/2021  14:47:38,748283;9,456379E-1;1,302401E-1;1,265777E-1;9,338147E-1;;
30/11/2021  14:47:38,748383;9,456409E-1;1,238685E-1;1,186794E-1;9,340407E-1;;
30/11/2021  14:47:38,748483;9,456022E-1;1,210013E-1;1,129926E-1;9,342792E-1;;
30/11/2021  14:47:38,748583;9,456349E-1;7,257710E-2;6,433905E-2;9,345295E-1;;
30/11/2021  14:47:38,748683;9,457720E-1;1,184526E-1;1,092014E-1;9,347911E-1;;
30/11/2021  14:47:38,748783;9,467049E-1;3,307318E-2;6,054787E-2;9,350632E-1;;
30/11/2021  14:47:38,748883;9,470744E-1;1,350188E-1;1,594346E-1;9,353453E-1;;
30/11/2021  14:47:38,748983;9,477957E-1;1,311958E-1;1,493248E-1;9,356367E-1;;
30/11/2021  14:47:38,749083;9,475691E-1;1,232313E-1;1,152041E-1;9,359371E-1;;
30/11/2021  14:47:38,749183;9,476586E-1;1,206827E-1;1,215227E-1;9,362458E-1;;
30/11/2021  14:47:38,749283;9,479327E-1;1,165411E-1;1,284732E-1;9,365623E-1;;
30/11/2021  14:47:38,749383;9,480877E-1;1,219570E-1;1,294210E-1;9,368860E-1;;
30/11/2021  14:47:38,749483;9,494169E-1;1,267357E-1;1,338441E-1;9,372163E-1;;
30/11/2021  14:47:38,749583;9,491785E-1;1,391603E-1;1,493248E-1;9,375527E-1;;
30/11/2021  14:47:38,749683;9,492769E-1;1,522221E-1;1,240502E-1;9,378946E-1;;
30/11/2021  14:47:38,749783;9,489520E-1;1,308772E-1;1,256299E-1;9,382417E-1;;
30/11/2021  14:47:38,749883;9,483172E-1;1,289658E-1;1,208909E-1;9,385932E-1;;
30/11/2021  14:47:38,749983;9,484752E-1;1,267357E-1;1,177316E-1;9,389485E-1;;
30/11/2021  14:47:38,750083;9,489192E-1;1,280100E-1;1,212068E-1;9,393066E-1;;
30/11/2021  14:47:38,750183;9,482934E-1;1,347002E-1;1,512204E-1;9,396669E-1;;
30/11/2021  14:47:38,750283;9,482665E-1;2,224146E-2;5,259767E-3;9,400286E-1;;
30/11/2021  14:47:38,750383;9,480728E-1;1,471248E-1;1,809180E-1;9,403907E-1;;
30/11/2021  14:47:38,750483;9,483291E-1;1,232313E-1;1,303688E-1;9,407523E-1;;
30/11/2021  14:47:38,750583;9,472711E-1;1,267357E-1;1,297370E-1;9,411127E-1;;
30/11/2021  14:47:38,750683;9,472681E-1;1,276914E-1;1,272095E-1;9,414709E-1;;
30/11/2021  14:47:38,750783;9,470834E-1;1,283286E-1;1,310007E-1;9,418258E-1;;
30/11/2021  14:47:38,750883;9,471340E-1;1,254614E-1;1,170997E-1;9,421766E-1;;
30/11/2021  14:47:38,750983;9,467525E-1;1,280100E-1;1,227865E-1;9,425223E-1;;
30/11/2021  14:47:38,751083;9,463562E-1;1,308772E-1;1,347919E-1;9,428620E-1;;
30/11/2021  14:47:38,751183;9,461326E-1;1,251428E-1;1,246821E-1;9,431948E-1;;
30/11/2021  14:47:38,751283;9,450180E-1;1,114439E-1;1,025668E-1;9,435198E-1;;
30/11/2021  14:47:38,751383;9,447379E-1;1,534964E-1;1,638576E-1;9,438359E-1;;
30/11/2021  14:47:38,751483;9,446306E-1;2,638300E-2;7,128955E-2;9,441423E-1;;
30/11/2021  14:47:38,751583;9,440107E-1;9,583344E-2;7,571260E-2;9,444379E-1;;
30/11/2021  14:47:38,751683;9,438110E-1;6,429402E-2;7,950379E-2;9,447219E-1;;
30/11/2021  14:47:38,751783;9,432537E-1;1,152668E-1;1,092014E-1;9,449932E-1;;
30/11/2021  14:47:38,751883;9,429974E-1;1,388417E-1;1,711241E-1;9,452512E-1;;
30/11/2021  14:47:38,751983;9,416205E-1;1,216384E-1;1,281573E-1;9,454949E-1;;
30/11/2021  14:47:38,752083;9,413314E-1;1,028422E-1;1,076217E-1;9,457236E-1;;
30/11/2021  14:47:38,752183;9,414148E-1;1,225942E-1;1,278414E-1;9,459364E-1;;
30/11/2021  14:47:38,752283;9,416175E-1;1,248242E-1;1,319485E-1;9,461326E-1;;
30/11/2021  14:47:38,752383;9,406668E-1;1,260985E-1;1,344760E-1;9,463115E-1;;
30/11/2021  14:47:38,752483;9,400856E-1;1,302401E-1;1,310007E-1;9,464727E-1;;
30/11/2021  14:47:38,752583;9,395223E-1;1,397975E-1;1,332122E-1;9,466158E-1;;
30/11/2021  14:47:38,752683;9,393376E-1;1,340630E-1;1,291051E-1;9,467401E-1;;
30/11/2021  14:47:38,752783;9,388309E-1;1,302401E-1;1,335282E-1;9,468454E-1;;
30/11/2021  14:47:38,752883;9,385478E-1;1,152668E-1;9,403666E-2;9,469313E-1;;
30/11/2021  14:47:38,752983;9,381693E-1;1,334259E-1;1,354238E-1;9,469975E-1;;
30/11/2021  14:47:38,753083;9,375524E-1;6,588692E-2;4,222381E-2;9,470438E-1;;
30/11/2021  14:47:38,753183;9,373318E-1;5,250656E-2;1,246821E-1;9,470702E-1;;
30/11/2021  14:47:38,753283;9,367656E-1;2,797590E-2;9,087734E-2;9,470766E-1;;
30/11/2021  14:47:38,753383;9,371232E-1;1,331073E-1;1,385831E-1;9,470628E-1;;
30/11/2021  14:47:38,753483;9,372484E-1;7,894870E-2;1,167838E-1;9,470292E-1;;
30/11/2021  14:47:38,753583;9,368222E-1;1,353374E-1;1,297370E-1;9,469759E-1;;
30/11/2021  14:47:38,753683;9,364496E-1;6,015248E-2;9,909157E-2;9,469033E-1;;
30/11/2021  14:47:38,753783;9,364228E-1;1,162226E-1;1,297370E-1;9,468119E-1;;
30/11/2021  14:47:38,753883;9,354662E-1;1,404346E-1;1,379512E-1;9,467021E-1;;
30/11/2021  14:47:38,753983;9,351353E-1;1,821686E-1;1,866047E-1;9,465744E-1;;
30/11/2021  14:47:38,754083;9,355764E-1;1,522221E-1;1,543797E-1;9,464292E-1;;
30/11/2021  14:47:38,754183;9,352069E-1;1,213198E-1;1,104651E-1;9,462671E-1;;
30/11/2021  14:47:38,754283;9,344707E-1;1,417090E-1;1,449017E-1;9,460887E-1;;
30/11/2021  14:47:38,754383;9,346913E-1;1,276914E-1;1,180475E-1;9,458945E-1;;
30/11/2021  14:47:38,754483;9,339730E-1;1,423461E-1;1,464814E-1;9,456854E-1;;
30/11/2021  14:47:38,754583;9,333859E-1;1,120810E-1;1,291051E-1;9,454618E-1;;
30/11/2021  14:47:38,754683;9,330283E-1;1,557265E-1;1,663851E-1;9,452243E-1;;
30/11/2021  14:47:38,754783;9,337525E-1;1,391603E-1;1,189953E-1;9,449737E-1;;
30/11/2021  14:47:38,754883;9,334217E-1;1,726112E-1;1,597505E-1;9,447105E-1;;
30/11/2021  14:47:38,754983;9,335558E-1;1,260985E-1;1,196272E-1;9,444356E-1;;
30/11/2021  14:47:38,755083;9,327422E-1;1,369303E-1;1,654373E-1;9,441498E-1;;
30/11/2021  14:47:38,755183;9,324709E-1;1,334259E-1;1,553275E-1;9,438539E-1;;
30/11/2021  14:47:38,755283;9,322832E-1;1,821686E-1;1,771268E-1;9,435486E-1;;
30/11/2021  14:47:38,755383;9,319643E-1;9,901924E-2;1,189953E-1;9,432346E-1;;
30/11/2021  14:47:38,755483;9,324382E-1;1,427696E-2;1,789705E-2;9,429128E-1;;
30/11/2021  14:47:38,755583;9,322742E-1;8,965980E-4;3,680107E-3;9,425839E-1;;
30/11/2021  14:47:38,755683;9,325276E-1;1,215178E-3;3,048243E-3;9,422488E-1;;
30/11/2021  14:47:38,755783;9,320954E-1;1,852338E-3;3,680107E-3;9,419082E-1;;
30/11/2021  14:47:38,755883;9,322266E-1;1,215178E-3;3,680107E-3;9,415632E-1;;
30/11/2021  14:47:38,755983;9,318302E-1;1,215178E-3;3,996039E-3;9,412145E-1;;
30/11/2021  14:47:38,756083;9,314904E-1;3,763818E-3;4,943835E-3;9,408631E-1;;
30/11/2021  14:47:38,756183;9,320477E-1;1,852338E-3;4,311971E-3;9,405096E-1;;
30/11/2021  14:47:38,756283;9,320984E-1;2,489498E-3;5,259767E-3;9,401548E-1;;
30/11/2021  14:47:38,756383;9,317974E-1;2,594380E-4;3,680107E-3;9,397997E-1;;
30/11/2021  14:47:38,756483;9,317140E-1;1,852338E-3;4,311971E-3;9,394449E-1;;
30/11/2021  14:47:38,756583;9,312729E-1;9,179678E-3;1,157841E-2;9,390913E-1;;
30/11/2021  14:47:38,756683;9,311239E-1;3,763818E-3;5,891631E-3;9,387395E-1;;
30/11/2021  14:47:38,756783;9,311894E-1;4,400978E-3;6,523495E-3;9,383902E-1;;
30/11/2021  14:47:38,756883;9,310195E-1;3,445238E-3;5,575699E-3;9,380438E-1;;
30/11/2021  14:47:38,756983;9,311805E-1;8,223938E-3;1,031468E-2;9,377011E-1;;
30/11/2021  14:47:38,757083;9,306232E-1;7,905358E-3;9,998747E-3;9,373624E-1;;
30/11/2021  14:47:38,757183;9,308497E-1;5,038138E-3;6,839427E-3;9,370283E-1;;
30/11/2021  14:47:38,757283;9,305844E-1;7,586778E-3;9,050951E-3;9,366992E-1;;
30/11/2021  14:47:38,757383;9,307036E-1;4,082398E-3;5,575699E-3;9,363756E-1;;
30/11/2021  14:47:38,757483;9,314755E-1;2,808078E-3;4,311971E-3;9,360578E-1;;
30/11/2021  14:47:38,757583;9,321074E-1;2,808078E-3;4,943835E-3;9,357463E-1;;
30/11/2021  14:47:38,757683;9,319911E-1;6,312458E-3;7,155359E-3;9,354418E-1;;
30/11/2021  14:47:38,757783;9,322951E-1;1,215178E-3;3,364175E-3;9,351447E-1;;
30/11/2021  14:47:38,757883;9,320358E-1;5,038138E-3;7,471291E-3;9,348558E-1;;
30/11/2021  14:47:38,757983;9,321819E-1;1,852338E-3;3,996039E-3;9,345755E-1;;
30/11/2021  14:47:38,758083;9,327749E-1;1,215178E-3;3,048243E-3;9,343043E-1;;
30/11/2021  14:47:38,758183;9,332697E-1;2,170918E-3;4,627903E-3;9,340427E-1;;
30/11/2021  14:47:38,758283;9,341220E-1;5,780180E-4;3,364175E-3;9,337912E-1;;
30/11/2021  14:47:38,758383;9,339671E-1;1,215178E-3;3,048243E-3;9,335505E-1;;
30/11/2021  14:47:38,758483;9,351532E-1;8,965980E-4;3,364175E-3;9,333211E-1;;
30/11/2021  14:47:38,758583;9,352396E-1;5,780180E-4;3,680107E-3;9,331037E-1;;
30/11/2021  14:47:38,758683;9,351622E-1;5,780180E-4;3,364175E-3;9,328988E-1;;
30/11/2021  14:47:38,758783;9,358834E-1;8,965980E-4;3,048243E-3;9,327072E-1;;
30/11/2021  14:47:38,758883;9,371560E-1;1,533758E-3;4,311971E-3;9,325293E-1;;
30/11/2021  14:47:38,758983;9,374480E-1;7,586778E-3;1,063061E-2;9,323656E-1;;
30/11/2021  14:47:38,759083;9,377640E-1;1,236548E-2;1,189434E-2;9,322169E-1;;
30/11/2021  14:47:38,759183;9,380262E-1;1,268406E-2;1,378993E-2;9,320838E-1;;
30/11/2021  14:47:38,759283;9,384971E-1;1,650702E-2;1,884484E-2;9,319666E-1;;
30/11/2021  14:47:38,759383;9,386133E-1;1,204690E-2;1,631739E-2;9,318659E-1;;
30/11/2021  14:47:38,759483;9,393554E-1;1,523270E-2;1,821298E-2;9,317819E-1;;
30/11/2021  14:47:38,759583;9,402376E-1;1,650702E-2;1,821298E-2;9,317151E-1;;
30/11/2021  14:47:38,759683;9,404105E-1;9,551486E-2;1,060421E-1;9,316658E-1;;
30/11/2021  14:47:38,759783;9,405267E-1;4,932076E-2;6,907803E-2;9,316342E-1;;
30/11/2021  14:47:38,759883;9,414595E-1;9,264764E-2;1,092014E-1;9,316206E-1;;
30/11/2021  14:47:38,759983;9,413433E-1;6,588692E-2;6,876210E-2;9,316252E-1;;
30/11/2021  14:47:38,760083;9,416234E-1;1,714418E-2;1,758111E-2;9,316479E-1;;
30/11/2021  14:47:38,760183;9,427113E-1;6,843556E-2;8,076751E-2;9,316889E-1;;
30/11/2021  14:47:38,760283;9,430898E-1;5,123224E-2;6,149566E-2;9,317481E-1;;
30/11/2021  14:47:38,760383;9,435875E-1;1,222756E-1;1,224705E-1;9,318255E-1;;
30/11/2021  14:47:38,760483;9,432179E-1;1,047537E-1;1,101492E-1;9,319211E-1;;
30/11/2021  14:47:38,760583;9,438885E-1;1,257800E-1;1,126766E-1;9,320347E-1;;
30/11/2021  14:47:38,760683;9,437216E-1;1,130368E-1;1,284732E-1;9,321660E-1;;
30/11/2021  14:47:38,760783;9,442819E-1;2,861306E-2;3,716890E-2;9,323147E-1;;
30/11/2021  14:47:38,760883;9,448094E-1;1,073023E-1;1,227865E-1;9,324804E-1;;
30/11/2021  14:47:38,760983;9,452803E-1;1,560451E-1;1,739675E-1;9,326627E-1;;
30/11/2021  14:47:38,761083;9,452684E-1;1,245056E-1;1,505885E-1;9,328612E-1;;
30/11/2021  14:47:38,761183;9,458138E-1;1,248242E-1;1,237343E-1;9,330754E-1;;
30/11/2021  14:47:38,761283;9,460730E-1;1,069837E-1;1,215227E-1;9,333048E-1;;
30/11/2021  14:47:38,761383;9,455723E-1;1,305587E-1;1,423743E-1;9,335488E-1;;
30/11/2021  14:47:38,761483;9,464039E-1;1,397975E-1;1,417424E-1;9,338069E-1;;
30/11/2021  14:47:38,761583;9,466304E-1;1,296029E-1;1,221546E-1;9,340783E-1;;
30/11/2021  14:47:38,761683;9,468807E-1;1,257800E-1;1,392149E-1;9,343624E-1;;
30/11/2021  14:47:38,761783;9,472681E-1;1,286472E-1;1,246821E-1;9,346584E-1;;
30/11/2021  14:47:38,761883;9,473546E-1;1,267357E-1;1,208909E-1;9,349658E-1;;
30/11/2021  14:47:38,761983;9,469790E-1;1,219570E-1;1,142563E-1;9,352837E-1;;
30/11/2021  14:47:38,762083;9,473248E-1;1,114439E-1;1,060421E-1;9,356114E-1;;
30/11/2021  14:47:38,762183;9,475393E-1;1,296029E-1;1,205749E-1;9,359481E-1;;
30/11/2021  14:47:38,762283;9,478731E-1;1,499920E-1;1,777586E-1;9,362929E-1;;
30/11/2021  14:47:38,762383;9,479655E-1;1,088952E-1;1,215227E-1;9,366449E-1;;
30/11/2021  14:47:38,762483;9,482963E-1;1,082581E-1;1,297370E-1;9,370035E-1;;
30/11/2021  14:47:38,762583;9,482099E-1;1,327887E-1;1,449017E-1;9,373677E-1;;
30/11/2021  14:47:38,762683;9,474708E-1;1,254614E-1;1,287892E-1;9,377368E-1;;
30/11/2021  14:47:38,762783;9,480579E-1;1,251428E-1;1,325804E-1;9,381099E-1;;
30/11/2021  14:47:38,762883;9,482397E-1;1,034794E-1;1,215227E-1;9,384860E-1;;
30/11/2021  14:47:38,762983;9,484424E-1;1,200455E-1;1,019350E-1;9,388643E-1;;
30/11/2021  14:47:38,763083;9,481980E-1;1,382046E-1;1,370034E-1;9,392440E-1;;
30/11/2021  14:47:38,763183;9,484960E-1;1,331073E-1;1,344760E-1;9,396242E-1;;
30/11/2021  14:47:38,763283;9,482695E-1;1,327887E-1;1,319485E-1;9,400042E-1;;
30/11/2021  14:47:38,763383;9,480162E-1;1,350188E-1;1,234183E-1;9,403831E-1;;
30/11/2021  14:47:38,763483;9,479029E-1;4,400978E-3;5,391329E-2;9,407601E-1;;
30/11/2021  14:47:38,763583;9,483530E-1;1,184526E-1;1,205749E-1;9,411344E-1;;
30/11/2021  14:47:38,763683;9,486331E-1;1,139925E-1;1,347919E-1;9,415052E-1;;
30/11/2021  14:47:38,763783;9,485169E-1;7,894870E-2;4,411940E-2;9,418718E-1;;
30/11/2021  14:47:38,763883;9,486093E-1;1,152668E-1;1,057261E-1;9,422336E-1;;
30/11/2021  14:47:38,763983;9,481622E-1;1,691068E-1;1,625939E-1;9,425900E-1;;
30/11/2021  14:47:38,764083;9,479506E-1;1,257800E-1;1,265777E-1;9,429404E-1;;
30/11/2021  14:47:38,764183;9,481294E-1;1,257800E-1;1,272095E-1;9,432841E-1;;
30/11/2021  14:47:38,764283;9,482129E-1;1,260985E-1;1,215227E-1;9,436206E-1;;
30/11/2021  14:47:38,764383;9,481026E-1;1,229127E-1;1,215227E-1;9,439492E-1;;
30/11/2021  14:47:38,764483;9,482189E-1;1,401161E-1;1,524841E-1;9,442695E-1;;
30/11/2021  14:47:38,764583;9,479238E-1;1,178155E-1;1,208909E-1;9,445810E-1;;
30/11/2021  14:47:38,764683;9,474410E-1;1,133553E-1;1,170997E-1;9,448833E-1;;
30/11/2021  14:47:38,764783;9,466393E-1;1,178155E-1;1,155200E-1;9,451760E-1;;
30/11/2021  14:47:38,764883;9,469433E-1;1,184526E-1;1,164678E-1;9,454584E-1;;
30/11/2021  14:47:38,764983;9,467049E-1;8,850610E-2;8,392683E-2;9,457300E-1;;
30/11/2021  14:47:38,765083;9,467943E-1;1,143111E-1;9,340479E-2;9,459905E-1;;
30/11/2021  14:47:38,765183;9,461595E-1;1,340630E-1;1,458495E-1;9,462393E-1;;
30/11/2021  14:47:38,765283;9,455366E-1;1,318330E-1;1,246821E-1;9,464760E-1;;
30/11/2021  14:47:38,765383;9,455485E-1;1,496735E-1;1,341600E-1;9,467003E-1;;
30/11/2021  14:47:38,765483;9,447259E-1;4,772786E-2;4,759465E-2;9,469117E-1;;
30/11/2021  14:47:38,765583;9,446544E-1;5,473662E-2;5,359736E-2;9,471097E-1;;
30/11/2021  14:47:38,765683;9,438557E-1;8,691320E-2;8,424277E-2;9,472939E-1;;
30/11/2021  14:47:38,765783;9,436441E-1;9,041758E-2;1,057261E-1;9,474639E-1;;
30/11/2021  14:47:38,765883;9,425742E-1;2,574584E-2;2,832280E-2;9,476193E-1;;
30/11/2021  14:47:38,765983;9,420854E-1;7,321426E-2;7,760819E-2;9,477596E-1;;
30/11/2021  14:47:38,766083;9,409499E-1;1,920446E-1;1,922915E-1;9,478842E-1;;
30/11/2021  14:47:38,766183;9,406101E-1;3,530324E-2;3,843263E-2;9,479927E-1;;
30/11/2021  14:47:38,766283;9,410155E-1;8,532030E-2;7,034176E-2;9,480845E-1;;
30/11/2021  14:47:38,766383;9,401631E-1;1,034794E-1;1,085695E-1;9,481592E-1;;
30/11/2021  14:47:38,766483;9,390723E-1;9,137332E-2;8,045158E-2;9,482164E-1;;
30/11/2021  14:47:38,766583;9,389203E-1;8,978042E-2;1,107811E-1;9,482559E-1;;
30/11/2021  14:47:38,766683;9,375881E-1;6,907272E-2;7,034176E-2;9,482773E-1;;
30/11/2021  14:47:38,766783;9,370308E-1;1,130368E-1;1,278414E-1;9,482801E-1;;
30/11/2021  14:47:38,766883;9,360086E-1;5,569236E-2;6,307532E-2;9,482641E-1;;
30/11/2021  14:47:38,766983;9,363096E-1;8,723178E-2;1,047783E-1;9,482288E-1;;
30/11/2021  14:47:38,767083;9,356211E-1;1,050723E-1;1,110970E-1;9,481740E-1;;
30/11/2021  14:47:38,767183;9,348522E-1;1,095324E-1;1,512204E-1;9,480996E-1;;
30/11/2021  14:47:38,767283;9,339045E-1;1,260985E-1;1,594346E-1;9,480052E-1;;
30/11/2021  14:47:38,767383;9,336273E-1;1,098510E-1;1,063580E-1;9,478910E-1;;
30/11/2021  14:47:38,767483;9,330789E-1;1,426647E-1;1,430061E-1;9,477567E-1;;
30/11/2021  14:47:38,767583;9,326110E-1;1,407532E-1;1,281573E-1;9,476023E-1;;
30/11/2021  14:47:38,767683;9,324441E-1;1,417090E-1;1,082536E-1;9,474279E-1;;
30/11/2021  14:47:38,767783;9,321908E-1;1,605052E-1;1,351078E-1;9,472337E-1;;
30/11/2021  14:47:38,767883;9,319017E-1;1,757970E-1;1,610142E-1;9,470199E-1;;
30/11/2021  14:47:38,767983;9,309838E-1;1,789828E-1;1,651214E-1;9,467869E-1;;
30/11/2021  14:47:38,768083;9,306470E-1;1,420275E-1;2,188298E-1;9,465352E-1;;
30/11/2021  14:47:38,768183;9,306619E-1;6,811698E-2;9,308886E-2;9,462650E-1;;
30/11/2021  14:47:38,768283;9,309838E-1;-5,644780E-2;4,980618E-2;9,459770E-1;;
30/11/2021  14:47:38,768383;9,313176E-1;1,356559E-1;1,398468E-1;9,456718E-1;;
30/11/2021  14:47:38,768483;9,311060E-1;1,155854E-1;1,272095E-1;9,453503E-1;;
30/11/2021  14:47:38,768583;9,310702E-1;9,105474E-2;7,792413E-2;9,450135E-1;;
30/11/2021  14:47:38,768683;9,311030E-1;6,365686E-2;9,909157E-2;9,446623E-1;;
30/11/2021  14:47:38,768783;9,307781E-1;1,181340E-1;1,316326E-1;9,442979E-1;;
30/11/2021  14:47:38,768883;9,306530E-1;1,283286E-1;1,300529E-1;9,439214E-1;;
30/11/2021  14:47:38,768983;9,310762E-1;1,257800E-1;1,227865E-1;9,435339E-1;;
30/11/2021  14:47:38,769083;9,307662E-1;1,359745E-1;1,370034E-1;9,431365E-1;;
30/11/2021  14:47:38,769183;9,315381E-1;1,375674E-1;1,275255E-1;9,427305E-1;;
30/11/2021  14:47:38,769283;9,310225E-1;1,273729E-1;1,044624E-1;9,423172E-1;;
30/11/2021  14:47:38,769383;9,311149E-1;1,197269E-1;1,104651E-1;9,418979E-1;;
30/11/2021  14:47:38,769483;9,311477E-1;1,133553E-1;1,073058E-1;9,414738E-1;;
30/11/2021  14:47:38,769583;9,317646E-1;1,245056E-1;1,243661E-1;9,410462E-1;;
30/11/2021  14:47:38,769683;9,316007E-1;2,670158E-2;1,028828E-1;9,406163E-1;;
30/11/2021  14:47:38,769783;9,316692E-1;8,946184E-2;9,340479E-2;9,401856E-1;;
30/11/2021  14:47:38,769883;9,320299E-1;1,095324E-1;1,050943E-1;9,397552E-1;;
30/11/2021  14:47:38,769983;9,314576E-1;3,721472E-2;7,760819E-2;9,393264E-1;;
30/11/2021  14:47:38,770083;9,313265E-1;-6,430742E-3;7,160549E-2;9,389004E-1;;
30/11/2021  14:47:38,770183;9,314964E-1;1,260985E-1;1,294210E-1;9,384781E-1;;
30/11/2021  14:47:38,770283;9,317706E-1;1,305587E-1;1,316326E-1;9,380607E-1;;
30/11/2021  14:47:38,770383;9,313235E-1;1,114439E-1;1,237343E-1;9,376491E-1;;
30/11/2021  14:47:38,770483;9,318242E-1;1,388417E-1;1,467973E-1;9,372442E-1;;
30/11/2021  14:47:38,770583;9,323309E-1;1,280100E-1;1,237343E-1;9,368468E-1;;
30/11/2021  14:47:38,770683;9,320597E-1;1,270543E-1;1,227865E-1;9,364579E-1;;
30/11/2021  14:47:38,770783;9,318332E-1;1,417090E-1;1,606983E-1;9,360782E-1;;
30/11/2021  14:47:38,770883;9,320030E-1;1,289658E-1;1,303688E-1;9,357085E-1;;
30/11/2021  14:47:38,770983;9,325246E-1;8,850610E-2;1,079377E-1;9,353494E-1;;
30/11/2021  14:47:38,771083;9,328047E-1;1,136739E-1;1,152041E-1;9,350017E-1;;
30/11/2021  14:47:38,771183;9,326736E-1;3,657756E-2;4,569906E-2;9,346659E-1;;
30/11/2021  14:47:38,771283;9,333442E-1;1,238685E-1;1,085695E-1;9,343426E-1;;
30/11/2021  14:47:38,771383;9,332786E-1;1,410718E-1;1,430061E-1;9,340325E-1;;
30/11/2021  14:47:38,771483;9,333740E-1;1,194084E-1;1,249980E-1;9,337360E-1;;
30/11/2021  14:47:38,771583;9,339611E-1;1,174969E-1;1,193112E-1;9,334536E-1;;
30/11/2021  14:47:38,771683;9,341638E-1;1,289658E-1;1,310007E-1;9,331857E-1;;
30/11/2021  14:47:38,771783;9,343932E-1;1,149482E-1;1,129926E-1;9,329329E-1;;
30/11/2021  14:47:38,771883;9,344588E-1;1,299215E-1;1,344760E-1;9,326955E-1;;
30/11/2021  14:47:38,771983;9,346227E-1;1,136739E-1;1,212068E-1;9,324738E-1;;
30/11/2021  14:47:38,772083;9,342442E-1;1,292843E-1;1,303688E-1;9,322680E-1;;
30/11/2021  14:47:38,772183;9,353410E-1;1,276914E-1;1,278414E-1;9,320782E-1;;
30/11/2021  14:47:38,772283;9,359877E-1;1,216384E-1;1,265777E-1;9,319048E-1;;
30/11/2021  14:47:38,772383;9,354036E-1;1,159040E-1;1,117289E-1;9,317477E-1;;
30/11/2021  14:47:38,772483;9,364556E-1;1,289658E-1;1,243661E-1;9,316072E-1;;
30/11/2021  14:47:38,772583;9,364884E-1;1,267357E-1;1,246821E-1;9,314833E-1;;
30/11/2021  14:47:38,772683;9,362380E-1;1,184526E-1;1,076217E-1;9,313762E-1;;
30/11/2021  14:47:38,772783;9,364169E-1;1,299215E-1;1,351078E-1;9,312858E-1;;
30/11/2021  14:47:38,772883;9,367060E-1;1,483991E-1;1,572231E-1;9,312119E-1;;
30/11/2021  14:47:38,772983;9,372573E-1;-1,357742E-1;1,600145E-2;9,311544E-1;;
30/11/2021  14:47:38,773083;9,379279E-1;1,289658E-1;1,322644E-1;9,311132E-1;;
30/11/2021  14:47:38,773183;9,377789E-1;1,296029E-1;1,524841E-1;9,310881E-1;;
30/11/2021  14:47:38,773283;9,380978E-1;1,286472E-1;1,221546E-1;9,310790E-1;;
30/11/2021  14:47:38,773383;9,386193E-1;1,280100E-1;1,259458E-1;9,310857E-1;;
30/11/2021  14:47:38,773483;9,387981E-1;1,401161E-1;1,515363E-1;9,311080E-1;;
30/11/2021  14:47:38,773583;9,393376E-1;1,280100E-1;1,341600E-1;9,311455E-1;;
30/11/2021  14:47:38,773683;9,396147E-1;1,280100E-1;1,189953E-1;9,311982E-1;;
30/11/2021  14:47:38,773783;9,397518E-1;1,229127E-1;1,392149E-1;9,312657E-1;;
30/11/2021  14:47:38,773883;9,404164E-1;1,315144E-1;1,205749E-1;9,313478E-1;;
30/11/2021  14:47:38,773983;9,403836E-1;1,327887E-1;1,294210E-1;9,314441E-1;;
30/11/2021  14:47:38,774083;9,403360E-1;1,283286E-1;1,148882E-1;9,315545E-1;;
30/11/2021  14:47:38,774183;9,405565E-1;9,551486E-2;9,877564E-2;9,316784E-1;;
30/11/2021  14:47:38,774283;9,415638E-1;1,334259E-1;1,246821E-1;9,318154E-1;;
30/11/2021  14:47:38,774383;9,416026E-1;1,796200E-1;1,938712E-1;9,319651E-1;;
30/11/2021  14:47:38,774483;9,418231E-1;1,525407E-1;1,622780E-1;9,321273E-1;;
30/11/2021  14:47:38,774583;9,420854E-1;1,560451E-1;1,913437E-1;9,323013E-1;;
30/11/2021  14:47:38,774683;9,418678E-1;1,550893E-1;1,629098E-1;9,324869E-1;;
30/11/2021  14:47:38,774783;9,417486E-1;1,452133E-1;1,417424E-1;9,326835E-1;;
30/11/2021  14:47:38,774883;9,414327E-1;1,468062E-1;1,461654E-1;9,328904E-1;;
30/11/2021  14:47:38,774983;9,427530E-1;1,350188E-1;1,363715E-1;9,331071E-1;;
30/11/2021  14:47:38,775083;9,425801E-1;1,225942E-1;1,110970E-1;9,333329E-1;;
30/11/2021  14:47:38,775183;9,423596E-1;1,283286E-1;1,265777E-1;9,335672E-1;;
30/11/2021  14:47:38,775283;9,425414E-1;1,270543E-1;1,303688E-1;9,338093E-1;;
30/11/2021  14:47:38,775383;9,427351E-1;1,382046E-1;1,363715E-1;9,340586E-1;;
30/11/2021  14:47:38,775483;9,421301E-1;2,861306E-2;2,547941E-2;9,343145E-1;;
30/11/2021  14:47:38,775583;9,423894E-1;1,215178E-3;3,680107E-3;9,345761E-1;;
30/11/2021  14:47:38,775683;9,430957E-1;8,965980E-4;3,364175E-3;9,348427E-1;;
30/11/2021  14:47:38,775783;9,431315E-1;6,949618E-3;9,998747E-3;9,351136E-1;;
30/11/2021  14:47:38,775883;9,432358E-1;1,852338E-3;4,311971E-3;9,353881E-1;;
30/11/2021  14:47:38,775983;9,437186E-1;2,808078E-3;4,627903E-3;9,356658E-1;;
30/11/2021  14:47:38,776083;9,437424E-1;3,126658E-3;5,575699E-3;9,359459E-1;;
30/11/2021  14:47:38,776183;9,436113E-1;1,852338E-3;3,996039E-3;9,362279E-1;;
30/11/2021  14:47:38,776283;9,439421E-1;2,170918E-3;4,943835E-3;9,365113E-1;;
30/11/2021  14:47:38,776383;9,445322E-1;1,215178E-3;3,996039E-3;9,367957E-1;;
30/11/2021  14:47:38,776483;9,448779E-1;2,170918E-3;4,627903E-3;9,370804E-1;;
30/11/2021  14:47:38,776583;9,449673E-1;3,126658E-3;4,627903E-3;9,373653E-1;;
30/11/2021  14:47:38,776683;9,446574E-1;1,533758E-3;3,680107E-3;9,376498E-1;;
30/11/2021  14:47:38,776783;9,441120E-1;1,215178E-3;3,680107E-3;9,379337E-1;;
30/11/2021  14:47:38,776883;9,448690E-1;1,215178E-3;3,680107E-3;9,382164E-1;;
30/11/2021  14:47:38,776983;9,444220E-1;1,533758E-3;3,364175E-3;9,384976E-1;;
30/11/2021  14:47:38,777083;9,446336E-1;1,533758E-3;3,048243E-3;9,387767E-1;;
30/11/2021  14:47:38,777183;9,453190E-1;8,965980E-4;3,680107E-3;9,390533E-1;;
30/11/2021  14:47:38,777283;9,455813E-1;8,965980E-4;3,680107E-3;9,393272E-1;;
30/11/2021  14:47:38,777383;9,451283E-1;8,542518E-3;1,094654E-2;9,395979E-1;;
30/11/2021  14:47:38,777483;9,453369E-1;6,312458E-3;8,103155E-3;9,398653E-1;;
30/11/2021  14:47:38,777583;9,454680E-1;1,852338E-3;3,364175E-3;9,401290E-1;;
30/11/2021  14:47:38,777683;9,462697E-1;5,038138E-3;6,523495E-3;9,403889E-1;;
30/11/2021  14:47:38,777783;9,468002E-1;1,852338E-3;4,311971E-3;9,406447E-1;;
30/11/2021  14:47:38,777883;9,470536E-1;9,498258E-3;1,157841E-2;9,408964E-1;;
30/11/2021  14:47:38,777983;9,469373E-1;5,356718E-3;7,155359E-3;9,411441E-1;;
30/11/2021  14:47:38,778083;9,467168E-1;2,489498E-3;4,627903E-3;9,413878E-1;;
30/11/2021  14:47:38,778183;9,466304E-1;1,533758E-3;3,680107E-3;9,416274E-1;;
30/11/2021  14:47:38,778283;9,461565E-1;1,852338E-3;4,311971E-3;9,418628E-1;;
30/11/2021  14:47:38,778383;9,468718E-1;8,965980E-4;3,364175E-3;9,420939E-1;;
30/11/2021  14:47:38,778483;9,466184E-1;1,215178E-3;2,416379E-3;9,423206E-1;;
30/11/2021  14:47:38,778583;9,459896E-1;5,780180E-4;3,680107E-3;9,425427E-1;;
30/11/2021  14:47:38,778683;9,457661E-1;8,965980E-4;3,048243E-3;9,427600E-1;;
30/11/2021  14:47:38,778783;9,456290E-1;1,215178E-3;2,732311E-3;9,429722E-1;;
30/11/2021  14:47:38,778883;9,457184E-1;1,215178E-3;3,996039E-3;9,431790E-1;;
30/11/2021  14:47:38,778983;9,454531E-1;3,763818E-3;7,471291E-3;9,433802E-1;;
30/11/2021  14:47:38,779083;9,448779E-1;8,223938E-3;1,094654E-2;9,435754E-1;;
30/11/2021  14:47:38,779183;9,449167E-1;1,109116E-2;1,252620E-2;9,437643E-1;;
30/11/2021  14:47:38,779283;9,448392E-1;1,523270E-2;2,074043E-2;9,439465E-1;;
30/11/2021  14:47:38,779383;9,443921E-1;1,459554E-2;1,726518E-2;9,441217E-1;;
30/11/2021  14:47:38,779483;9,435755E-1;1,459554E-2;1,884484E-2;9,442895E-1;;
30/11/2021  14:47:38,779583;9,433669E-1;1,586986E-2;1,758111E-2;9,444495E-1;;
30/11/2021  14:47:38,779683;9,435249E-1;1,427696E-2;1,663332E-2;9,446013E-1;;
30/11/2021  14:47:38,779783;9,436322E-1;1,268406E-2;1,505366E-2;9,447445E-1;;
30/11/2021  14:47:38,779883;9,432477E-1;5,696668E-2;6,907803E-2;9,448787E-1;;
30/11/2021  14:47:38,779983;9,430093E-1;1,523270E-2;1,505366E-2;9,450037E-1;;
30/11/2021  14:47:38,780083;9,423804E-1;5,983390E-2;4,411940E-2;9,451192E-1;;
30/11/2021  14:47:38,780183;9,418321E-1;1,555128E-2;2,800687E-2;9,452249E-1;;
30/11/2021  14:47:38,780283;9,416741E-1;1,746276E-2;2,074043E-2;9,453206E-1;;
30/11/2021  14:47:38,780383;9,421986E-1;4,135626E-2;4,538313E-2;9,454058E-1;;
30/11/2021  14:47:38,780483;9,413582E-1;1,525407E-1;1,641736E-1;9,454803E-1;;
30/11/2021  14:47:38,780583;9,408247E-1;1,436204E-1;1,398468E-1;9,455441E-1;;
30/11/2021  14:47:38,780683;9,402853E-1;1,382046E-1;1,512204E-1;9,455968E-1;;
30/11/2021  14:47:38,780783;9,395968E-1;1,280100E-1;1,303688E-1;9,456382E-1;;
30/11/2021  14:47:38,780883;9,389144E-1;1,190898E-1;1,208909E-1;9,456680E-1;;
30/11/2021  14:47:38,780983;9,387206E-1;1,200455E-1;1,259458E-1;9,456858E-1;;
30/11/2021  14:47:38,781083;9,382140E-1;1,206827E-1;1,199431E-1;9,456915E-1;;
30/11/2021  14:47:38,781183;9,377938E-1;1,315144E-1;1,360556E-1;9,456846E-1;;
30/11/2021  14:47:38,781283;9,377103E-1;1,181340E-1;1,180475E-1;9,456649E-1;;
30/11/2021  14:47:38,781383;9,370606E-1;9,360338E-2;1,025668E-1;9,456322E-1;;
30/11/2021  14:47:38,781483;9,355615E-1;1,111253E-1;1,016190E-1;9,455864E-1;;
30/11/2021  14:47:38,781583;9,350817E-1;8,723178E-2;8,613836E-2;9,455271E-1;;
30/11/2021  14:47:38,781683;9,352784E-1;1,155854E-1;1,205749E-1;9,454541E-1;;
30/11/2021  14:47:38,781783;9,357344E-1;1,433019E-1;1,708081E-1;9,453672E-1;;
30/11/2021  14:47:38,781883;9,352993E-1;3,689614E-2;8,455870E-2;9,452662E-1;;
30/11/2021  14:47:38,781983;9,342502E-1;6,047106E-2;8,803395E-2;9,451513E-1;;
30/11/2021  14:47:38,782083;9,342830E-1;1,503106E-1;1,695444E-1;9,450226E-1;;
30/11/2021  14:47:38,782183;9,334574E-1;1,397975E-1;1,619620E-1;9,448801E-1;;
30/11/2021  14:47:38,782283;9,334157E-1;1,280100E-1;1,335282E-1;9,447239E-1;;
30/11/2021  14:47:38,782383;9,329508E-1;1,296029E-1;1,287892E-1;9,445542E-1;;
30/11/2021  14:47:38,782483;9,333472E-1;1,289658E-1;1,246821E-1;9,443711E-1;;
30/11/2021  14:47:38,782583;9,331356E-1;1,391603E-1;1,486929E-1;9,441750E-1;;
30/11/2021  14:47:38,782683;9,327183E-1;1,178155E-1;1,199431E-1;9,439663E-1;;
30/11/2021  14:47:38,782783;9,336511E-1;1,152668E-1;1,019350E-1;9,437454E-1;;
30/11/2021  14:47:38,782883;9,326527E-1;1,187712E-1;1,028828E-1;9,435129E-1;;
30/11/2021  14:47:38,782983;9,326557E-1;-9,627030E-2;1,663332E-2;9,432695E-1;;
30/11/2021  14:47:38,783083;9,329299E-1;1,445762E-1;1,054102E-1;9,430157E-1;;
30/11/2021  14:47:38,783183;9,336601E-1;1,098510E-1;1,085695E-1;9,427523E-1;;
30/11/2021  14:47:38,783283;9,331475E-1;9,678918E-2;8,297904E-2;9,424801E-1;;
30/11/2021  14:47:38,783383;9,331713E-1;1,095324E-1;9,024547E-2;9,422000E-1;;
30/11/2021  14:47:38,783483;9,329269E-1;1,101695E-1;1,249980E-1;9,419129E-1;;
30/11/2021  14:47:38,783583;9,331207E-1;1,260985E-1;1,291051E-1;9,416197E-1;;
30/11/2021  14:47:38,783683;9,329150E-1;1,684697E-1;1,155200E-1;9,413211E-1;;
30/11/2021  14:47:38,783783;9,331177E-1;1,187712E-1;1,243661E-1;9,410181E-1;;
30/11/2021  14:47:38,783883;9,328286E-1;9,678918E-2;9,214107E-2;9,407116E-1;;
30/11/2021  14:47:38,783983;9,327153E-1;1,296029E-1;1,262617E-1;9,404023E-1;;
30/11/2021  14:47:38,784083;9,326885E-1;1,299215E-1;1,234183E-1;9,400912E-1;;
30/11/2021  14:47:38,784183;9,319673E-1;1,292843E-1;1,237343E-1;9,397789E-1;;
30/11/2021  14:47:38,784283;9,320805E-1;1,136739E-1;1,107811E-1;9,394661E-1;;
30/11/2021  14:47:38,784383;9,326021E-1;1,235499E-1;1,189953E-1;9,391535E-1;;
30/11/2021  14:47:38,784483;9,323130E-1;1,073023E-1;1,073058E-1;9,388418E-1;;
30/11/2021  14:47:38,784583;9,321103E-1;1,117624E-1;1,145722E-1;9,385316E-1;;
30/11/2021  14:47:38,784683;9,319822E-1;1,155854E-1;1,069899E-1;9,382234E-1;;
30/11/2021  14:47:38,784783;9,312639E-1;1,063466E-1;8,045158E-2;9,379180E-1;;
30/11/2021  14:47:38,784883;9,308169E-1;1,254614E-1;1,445858E-1;9,376157E-1;;
30/11/2021  14:47:38,784983;9,308735E-1;1,104881E-1;1,486929E-1;9,373168E-1;;
30/11/2021  14:47:38,785083;9,307573E-1;1,235499E-1;1,528000E-1;9,370216E-1;;
30/11/2021  14:47:38,785183;9,310106E-1;1,206827E-1;1,177316E-1;9,367304E-1;;
30/11/2021  14:47:38,785283;9,311775E-1;1,311958E-1;1,433221E-1;9,364435E-1;;
30/11/2021  14:47:38,785383;9,308556E-1;1,041165E-1;1,098333E-1;9,361612E-1;;
30/11/2021  14:47:38,785483;9,303490E-1;1,171783E-1;1,133085E-1;9,358838E-1;;
30/11/2021  14:47:38,785583;9,303788E-1;1,493549E-1;1,502726E-1;9,356115E-1;;
30/11/2021  14:47:38,785683;9,307245E-1;-2,172258E-2;-2,954465E-3;9,353446E-1;;
30/11/2021  14:47:38,785783;9,311656E-1;1,034794E-1;9,340479E-2;9,350832E-1;;
30/11/2021  14:47:38,785883;9,315798E-1;1,347002E-1;1,357397E-1;9,348277E-1;;
30/11/2021  14:47:38,785983;9,314398E-1;1,187712E-1;1,050943E-1;9,345783E-1;;
30/11/2021  14:47:38,786083;9,316692E-1;1,123996E-1;1,082536E-1;9,343355E-1;;
30/11/2021  14:47:38,786183;9,319256E-1;9,424054E-2;7,855599E-2;9,340996E-1;;
30/11/2021  14:47:38,786283;9,326617E-1;1,321516E-1;1,347919E-1;9,338710E-1;;
30/11/2021  14:47:38,786383;9,330193E-1;1,276914E-1;1,025668E-1;9,336501E-1;;
30/11/2021  14:47:38,786483;9,341489E-1;2,638300E-2;3,337771E-2;9,334375E-1;;
30/11/2021  14:47:38,786583;9,347211E-1;1,308772E-1;1,272095E-1;9,332338E-1;;
30/11/2021  14:47:38,786683;9,345005E-1;2,064856E-2;2,832280E-2;9,330396E-1;;
30/11/2021  14:47:38,786783;9,353440E-1;2,415294E-2;2,168823E-2;9,328557E-1;;
30/11/2021  14:47:38,786883;9,362023E-1;1,085766E-1;1,110970E-1;9,326826E-1;;
30/11/2021  14:47:38,786983;9,368162E-1;9,519628E-2;1,117289E-1;9,325211E-1;;
30/11/2021  14:47:38,787083;9,376626E-1;1,152668E-1;1,227865E-1;9,323719E-1;;
30/11/2021  14:47:38,787183;9,383094E-1;4,008194E-2;3,874856E-2;9,322358E-1;;
30/11/2021  14:47:38,787283;9,393137E-1;9,615202E-2;1,031987E-1;9,321136E-1;;
30/11/2021  14:47:38,787383;9,402287E-1;1,079395E-1;1,167838E-1;9,320060E-1;;
30/11/2021  14:47:38,787483;9,404909E-1;1,041165E-1;1,092014E-1;9,319140E-1;;
30/11/2021  14:47:38,787583;9,407174E-1;1,047537E-1;9,182514E-2;9,318384E-1;;
30/11/2021  14:47:38,787683;9,412271E-1;7,193994E-2;7,539667E-2;9,317797E-1;;
30/11/2021  14:47:38,787783;9,420467E-1;8,181592E-2;8,866581E-2;9,317386E-1;;
30/11/2021  14:47:38,787883;9,431523E-1;1,586986E-2;3,685297E-2;9,317156E-1;;
30/11/2021  14:47:38,787983;9,439987E-1;-1,471382E-2;-2,317411E-2;9,317114E-1;;
30/11/2021  14:47:38,788083;9,448064E-1;9,742634E-2;1,066739E-1;9,317264E-1;;
30/11/2021  14:47:38,788183;9,447438E-1;9,965640E-2;1,126766E-1;9,317612E-1;;
30/11/2021  14:47:38,788283;9,448809E-1;1,060280E-1;1,218387E-1;9,318162E-1;;
30/11/2021  14:47:38,788383;9,453488E-1;1,159040E-1;1,303688E-1;9,318918E-1;;
30/11/2021  14:47:38,788483;9,462429E-1;1,225942E-1;1,186794E-1;9,319880E-1;;
30/11/2021  14:47:38,788583;9,469165E-1;1,206827E-1;1,347919E-1;9,321049E-1;;
30/11/2021  14:47:38,788683;9,477629E-1;1,659210E-1;1,708081E-1;9,322426E-1;;
30/11/2021  14:47:38,788783;9,475781E-1;1,436204E-1;1,325804E-1;9,324011E-1;;
30/11/2021  14:47:38,788883;9,471132E-1;1,652839E-1;1,449017E-1;9,325803E-1;;
30/11/2021  14:47:38,788983;9,473754E-1;1,675139E-1;1,423743E-1;9,327799E-1;;
30/11/2021  14:47:38,789083;9,476615E-1;1,608238E-1;1,455336E-1;9,329995E-1;;
30/11/2021  14:47:38,789183;9,483858E-1;1,487177E-1;1,594346E-1;9,332385E-1;;
30/11/2021  14:47:38,789283;9,488566E-1;1,283286E-1;8,234717E-2;9,334963E-1;;
30/11/2021  14:47:38,789383;9,480162E-1;1,506292E-1;1,622780E-1;9,337723E-1;;
30/11/2021  14:47:38,789483;9,477271E-1;1,324701E-1;1,354238E-1;9,340657E-1;;
30/11/2021  14:47:38,789583;9,480013E-1;1,649653E-1;1,758630E-1;9,343756E-1;;
30/11/2021  14:47:38,789683;9,481980E-1;1,264171E-1;1,278414E-1;9,347008E-1;;
30/11/2021  14:47:38,789783;9,486868E-1;3,466608E-2;1,076217E-1;9,350405E-1;;
30/11/2021  14:47:38,789883;9,485825E-1;1,311958E-1;1,265777E-1;9,353934E-1;;
30/11/2021  14:47:38,789983;9,486868E-1;1,213198E-1;1,417424E-1;9,357586E-1;;
30/11/2021  14:47:38,790083;9,487762E-1;1,254614E-1;1,243661E-1;9,361349E-1;;
30/11/2021  14:47:38,790183;9,480013E-1;1,340630E-1;1,351078E-1;9,365211E-1;;
30/11/2021  14:47:38,790283;9,479387E-1;1,178155E-1;1,234183E-1;9,369161E-1;;
30/11/2021  14:47:38,790383;9,477390E-1;1,225942E-1;1,177316E-1;9,373185E-1;;
30/11/2021  14:47:38,790483;9,477927E-1;7,385142E-2;6,655058E-2;9,377270E-1;;
30/11/2021  14:47:38,790583;9,484454E-1;1,385232E-1;1,332122E-1;9,381401E-1;;
30/11/2021  14:47:38,790683;9,476198E-1;1,155854E-1;7,413294E-2;9,385568E-1;;
30/11/2021  14:47:38,790783;9,372394E-1;1,618844E-2;2,769094E-2;9,389753E-1;;
30/11/2021  14:47:38,790883;9,377580E-1;1,420275E-1;1,881844E-1;9,393932E-1;;
30/11/2021  14:47:38,790983;9,383570E-1;1,407532E-1;1,505885E-1;9,398075E-1;;
30/11/2021  14:47:38,791083;9,395015E-1;5,601094E-2;9,940750E-2;9,402152E-1;;
30/11/2021  14:47:38,791183;9,392392E-1;1,445762E-1;1,606983E-1;9,406137E-1;;
30/11/2021  14:47:38,791283;9,393167E-1;1,573194E-1;1,275255E-1;9,410009E-1;;
30/11/2021  14:47:38,791383;9,390902E-1;1,433019E-1;1,581709E-1;9,413749E-1;;
30/11/2021  14:47:38,791483;9,393137E-1;1,573194E-1;1,692285E-1;9,417340E-1;;
30/11/2021  14:47:38,791583;9,386312E-1;1,296029E-1;1,376353E-1;9,420768E-1;;
30/11/2021  14:47:38,791683;9,391409E-1;1,315144E-1;1,398468E-1;9,424019E-1;;
30/11/2021  14:47:38,791783;9,397906E-1;1,238685E-1;1,208909E-1;9,427084E-1;;
30/11/2021  14:47:38,791883;9,399604E-1;1,181340E-1;1,174156E-1;9,429953E-1;;
30/11/2021  14:47:38,791983;9,394419E-1;1,216384E-1;1,142563E-1;9,432622E-1;;
30/11/2021  14:47:38,792083;9,387147E-1;1,095324E-1;1,054102E-1;9,435086E-1;;
30/11/2021  14:47:38,792183;9,393435E-1;9,774492E-2;9,561632E-2;9,437341E-1;;
30/11/2021  14:47:38,792283;9,387951E-1;1,063466E-1;1,142563E-1;9,439385E-1;;
30/11/2021  14:47:38,792383;9,389799E-1;1,181340E-1;1,114129E-1;9,441216E-1;;
30/11/2021  14:47:38,792483;9,393465E-1;1,257800E-1;1,569071E-1;9,442834E-1;;
30/11/2021  14:47:38,792583;9,393137E-1;1,694254E-1;1,509044E-1;9,444240E-1;;
30/11/2021  14:47:38,792683;9,384166E-1;1,098510E-1;1,145722E-1;9,445437E-1;;
30/11/2021  14:47:38,792783;9,381663E-1;9,806350E-2;1,107811E-1;9,446427E-1;;
30/11/2021  14:47:38,792883;9,386849E-1;8,372740E-2;1,095173E-1;9,447214E-1;;
30/11/2021  14:47:38,792983;9,386670E-1;1,178155E-1;1,170997E-1;9,447800E-1;;
30/11/2021  14:47:38,793083;9,393674E-1;1,174969E-1;1,186794E-1;9,448192E-1;;
30/11/2021  14:47:38,793183;9,387057E-1;1,095324E-1;1,114129E-1;9,448395E-1;;
30/11/2021  14:47:38,793283;9,397518E-1;1,270543E-1;1,332122E-1;9,448417E-1;;
30/11/2021  14:47:38,793383;9,396714E-1;1,123996E-1;9,372073E-2;9,448266E-1;;
30/11/2021  14:47:38,793483;9,389442E-1;1,095324E-1;8,898175E-2;9,447952E-1;;
30/11/2021  14:47:38,793583;9,394061E-1;1,127182E-1;9,119327E-2;9,447482E-1;;
30/11/2021  14:47:38,793683;9,399247E-1;6,588692E-2;6,718244E-2;9,446867E-1;;
30/11/2021  14:47:38,793783;9,404701E-1;6,047106E-2;5,802041E-2;9,446117E-1;;
30/11/2021  14:47:38,793883;9,399545E-1;6,397544E-2;6,402312E-2;9,445242E-1;;
30/11/2021  14:47:38,793983;9,400737E-1;1,108067E-1;1,215227E-1;9,444252E-1;;
30/11/2021  14:47:38,794083;9,390067E-1;5,441804E-2;5,612482E-2;9,443160E-1;;
30/11/2021  14:47:38,794183;9,384435E-1;1,194084E-1;1,170997E-1;9,441972E-1;;
30/11/2021  14:47:38,794283;9,380381E-1;1,200455E-1;1,199431E-1;9,440698E-1;;
30/11/2021  14:47:38,794383;9,382319E-1;8,404598E-2;8,487463E-2;9,439342E-1;;
30/11/2021  14:47:38,794483;9,380203E-1;1,136739E-1;1,088855E-1;9,437910E-1;;
30/11/2021  14:47:38,794583;9,374540E-1;5,378088E-2;5,549295E-2;9,436410E-1;;
30/11/2021  14:47:38,794683;9,370368E-1;1,203641E-1;1,189953E-1;9,434846E-1;;
30/11/2021  14:47:38,794783;9,371977E-1;1,076209E-1;1,050943E-1;9,433222E-1;;
30/11/2021  14:47:38,794883;9,369265E-1;1,210013E-1;1,177316E-1;9,431544E-1;;
30/11/2021  14:47:38,794983;9,367834E-1;1,190898E-1;1,183634E-1;9,429815E-1;;
30/11/2021  14:47:38,795083;9,371888E-1;1,267357E-1;1,246821E-1;9,428040E-1;;
30/11/2021  14:47:38,795183;9,367983E-1;1,130368E-1;1,063580E-1;9,426224E-1;;
30/11/2021  14:47:38,795283;9,375702E-1;1,088952E-1;1,013031E-1;9,424372E-1;;
30/11/2021  14:47:38,795383;9,373080E-1;1,194084E-1;1,177316E-1;9,422490E-1;;
30/11/2021  14:47:38,795483;9,375017E-1;1,044351E-1;8,045158E-2;9,420583E-1;;
30/11/2021  14:47:38,795583;9,373408E-1;1,098510E-1;1,142563E-1;9,418657E-1;;
30/11/2021  14:47:38,795683;9,381097E-1;1,159040E-1;1,493248E-1;9,416719E-1;;
30/11/2021  14:47:38,795783;9,386968E-1;1,363980E-2;6,212753E-2;9,414776E-1;;
30/11/2021  14:47:38,795883;9,390634E-1;1,286472E-1;1,303688E-1;9,412834E-1;;
30/11/2021  14:47:38,795983;9,390187E-1;1,267357E-1;1,398468E-1;9,410901E-1;;
30/11/2021  14:47:38,796083;9,387683E-1;1,267357E-1;1,155200E-1;9,408987E-1;;
30/11/2021  14:47:38,796183;9,391766E-1;1,289658E-1;1,227865E-1;9,407098E-1;;
30/11/2021  14:47:38,796283;9,384554E-1;1,331073E-1;1,145722E-1;9,405241E-1;;
30/11/2021  14:47:38,796383;9,382617E-1;1,184526E-1;1,237343E-1;9,403422E-1;;
30/11/2021  14:47:38,796483;9,390395E-1;1,232313E-1;1,158360E-1;9,401644E-1;;
30/11/2021  14:47:38,796583;9,386223E-1;1,359745E-1;1,458495E-1;9,399914E-1;;
30/11/2021  14:47:38,796683;9,383123E-1;1,308772E-1;1,123607E-1;9,398234E-1;;
30/11/2021  14:47:38,796783;9,378206E-1;1,171783E-1;1,142563E-1;9,396607E-1;;
30/11/2021  14:47:38,796883;9,377818E-1;1,111253E-1;1,025668E-1;9,395037E-1;;
30/11/2021  14:47:38,796983;9,375136E-1;8,978042E-2;1,069899E-1;9,393523E-1;;
30/11/2021  14:47:38,797083;9,377580E-1;1,200455E-1;1,006712E-1;9,392066E-1;;
30/11/2021  14:47:38,797183;9,377282E-1;1,413904E-1;1,420583E-1;9,390667E-1;;
30/11/2021  14:47:38,797283;9,377729E-1;9,328480E-2;1,114129E-1;9,389325E-1;;
30/11/2021  14:47:38,797383;9,372990E-1;1,299215E-1;1,502726E-1;9,388041E-1;;
30/11/2021  14:47:38,797483;9,371768E-1;1,554079E-1;1,610142E-1;9,386815E-1;;
30/11/2021  14:47:38,797583;9,371798E-1;1,356559E-1;1,363715E-1;9,385645E-1;;
30/11/2021  14:47:38,797683;9,378414E-1;1,302401E-1;1,319485E-1;9,384530E-1;;
30/11/2021  14:47:38,797783;9,379845E-1;1,286472E-1;1,272095E-1;9,383470E-1;;
30/11/2021  14:47:38,797883;9,384465E-1;1,267357E-1;1,316326E-1;9,382465E-1;;
30/11/2021  14:47:38,797983;9,383988E-1;1,203641E-1;1,193112E-1;9,381515E-1;;
30/11/2021  14:47:38,798083;9,378862E-1;1,311958E-1;1,294210E-1;9,380621E-1;;
30/11/2021  14:47:38,798183;9,377908E-1;1,420275E-1;1,253139E-1;9,379784E-1;;
30/11/2021  14:47:38,798283;9,379666E-1;1,289658E-1;1,164678E-1;9,379003E-1;;
30/11/2021  14:47:38,798383;9,378116E-1;5,855958E-2;8,550650E-2;9,378277E-1;;
30/11/2021  14:47:38,798483;9,383183E-1;1,111253E-1;1,120448E-1;9,377604E-1;;
30/11/2021  14:47:38,798583;9,387475E-1;9,392196E-2;1,461654E-1;9,376985E-1;;
30/11/2021  14:47:38,798683;9,380113E-1;8,914326E-2;8,266311E-2;9,376418E-1;;
30/11/2021  14:47:38,798783;9,384673E-1;1,241871E-1;1,265777E-1;9,375905E-1;;
30/11/2021  14:47:38,798883;9,380232E-1;1,168597E-1;1,294210E-1;9,375443E-1;;
30/11/2021  14:47:38,798983;9,381454E-1;1,139925E-1;1,164678E-1;9,375032E-1;;
30/11/2021  14:47:38,799083;9,383570E-1;1,088952E-1;1,148882E-1;9,374670E-1;;
30/11/2021  14:47:38,799183;9,388846E-1;1,085766E-1;1,164678E-1;9,374356E-1;;
30/11/2021  14:47:38,799283;9,385269E-1;1,111253E-1;1,234183E-1;9,374089E-1;;
30/11/2021  14:47:38,799383;9,386372E-1;1,311958E-1;1,483770E-1;9,373868E-1;;
30/11/2021  14:47:38,799483;9,381276E-1;1,063466E-1;1,167838E-1;9,373693E-1;;
30/11/2021  14:47:38,799583;9,380620E-1;1,088952E-1;1,161519E-1;9,373562E-1;;
30/11/2021  14:47:38,799683;9,381246E-1;1,133553E-1;1,164678E-1;9,373471E-1;;
30/11/2021  14:47:38,799783;9,383183E-1;9,073616E-2;1,063580E-1;9,373420E-1;;
30/11/2021  14:47:38,799883;9,386730E-1;1,028422E-1;1,136244E-1;9,373405E-1;;
30/11/2021  14:47:38,799983;9,379070E-1;2,829448E-2;4,348754E-2;9,373426E-1;;
30/11/2021  14:47:38,800083;9,379875E-1;1,095324E-1;1,322644E-1;9,373479E-1;;
30/11/2021  14:47:38,800183;9,373735E-1;1,041165E-1;1,253139E-1;9,373562E-1;;
30/11/2021  14:47:38,800283;9,373706E-1;1,331073E-1;1,471132E-1;9,373672E-1;;
30/11/2021  14:47:38,800383;9,375792E-1;1,362931E-1;1,420583E-1;9,373804E-1;;
30/11/2021  14:47:38,800483;9,381097E-1;1,311958E-1;1,373193E-1;9,373957E-1;;
30/11/2021  14:47:38,800583;9,385210E-1;1,385232E-1;1,249980E-1;9,374126E-1;;
30/11/2021  14:47:38,800683;9,372782E-1;1,917260E-1;1,941871E-1;9,374311E-1;;
30/11/2021  14:47:38,800783;9,363751E-1;1,719741E-1;1,569071E-1;9,374509E-1;;
30/11/2021  14:47:38,800883;9,362679E-1;1,745227E-1;1,546956E-1;9,374717E-1;;
30/11/2021  14:47:38,800983;9,356450E-1;1,640096E-1;1,531159E-1;9,374928E-1;;
30/11/2021  14:47:38,801083;9,357493E-1;1,589123E-1;1,581709E-1;9,375137E-1;;
30/11/2021  14:47:38,801183;9,355973E-1;1,101695E-1;7,855599E-2;9,375339E-1;;
30/11/2021  14:47:38,801283;9,352456E-1;1,426647E-1;1,483770E-1;9,375529E-1;;
30/11/2021  14:47:38,801383;9,346734E-1;4,963934E-2;2,200416E-2;9,375701E-1;;
30/11/2021  14:47:38,801483;9,338538E-1;1,687883E-1;2,020854E-1;9,375851E-1;;
30/11/2021  14:47:38,801583;9,332995E-1;2,095665E-1;2,431566E-1;9,375972E-1;;
30/11/2021  14:47:38,801683;9,335528E-1;1,452133E-1;1,594346E-1;9,376058E-1;;
30/11/2021  14:47:38,801783;9,341578E-1;1,337445E-1;1,265777E-1;9,376102E-1;;
30/11/2021  14:47:38,801883;9,339253E-1;1,375674E-1;1,373193E-1;9,376101E-1;;
30/11/2021  14:47:38,801983;9,347568E-1;1,585937E-1;1,692285E-1;9,376051E-1;;
30/11/2021  14:47:38,802083;9,346227E-1;1,777085E-1;2,163023E-1;9,375952E-1;;
30/11/2021  14:47:38,802183;9,341757E-1;1,407532E-1;1,442698E-1;9,375802E-1;;
30/11/2021  14:47:38,802283;9,341280E-1;2,439731E-1;2,172501E-1;9,375601E-1;;
30/11/2021  14:47:38,802383;9,341399E-1;1,382046E-1;1,401627E-1;9,375349E-1;;
30/11/2021  14:47:38,802483;9,347479E-1;1,334259E-1;1,373193E-1;9,375046E-1;;
30/11/2021  14:47:38,802583;9,353678E-1;1,490363E-1;1,411105E-1;9,374693E-1;;
30/11/2021  14:47:38,802683;9,348284E-1;1,423461E-1;1,268936E-1;9,374293E-1;;
30/11/2021  14:47:38,802783;9,341399E-1;1,235499E-1;1,360556E-1;9,373848E-1;;
30/11/2021  14:47:38,802883;9,345691E-1;1,614609E-1;1,569071E-1;9,373361E-1;;
30/11/2021  14:47:38,802983;9,342353E-1;1,426647E-1;1,347919E-1;9,372833E-1;;
30/11/2021  14:47:38,803083;9,344499E-1;1,305587E-1;1,313166E-1;9,372266E-1;;
30/11/2021  14:47:38,803183;9,346436E-1;1,155854E-1;1,385831E-1;9,371662E-1;;
30/11/2021  14:47:38,803283;9,355615E-1;1,461691E-1;1,543797E-1;9,371025E-1;;
30/11/2021  14:47:38,803383;9,350936E-1;1,722926E-1;1,733356E-1;9,370357E-1;;
30/11/2021  14:47:38,803483;9,357016E-1;1,586986E-2;1,884484E-2;9,369664E-1;;
30/11/2021  14:47:38,803583;9,353857E-1;1,215178E-3;3,364175E-3;9,368949E-1;;
30/11/2021  14:47:38,803683;9,355466E-1;4,719558E-3;6,207563E-3;9,368218E-1;;
30/11/2021  14:47:38,803783;9,366732E-1;8,965980E-4;3,996039E-3;9,367474E-1;;
30/11/2021  14:47:38,803883;9,372812E-1;1,215178E-3;3,680107E-3;9,366724E-1;;
30/11/2021  14:47:38,803983;9,377044E-1;4,400978E-3;6,523495E-3;9,365974E-1;;
30/11/2021  14:47:38,804083;9,381335E-1;8,965980E-4;3,680107E-3;9,365231E-1;;
30/11/2021  14:47:38,804183;9,384614E-1;3,445238E-3;4,943835E-3;9,364504E-1;;
30/11/2021  14:47:38,804283;9,387028E-1;1,533758E-3;3,996039E-3;9,363800E-1;;
30/11/2021  14:47:38,804383;9,395939E-1;1,533758E-3;3,680107E-3;9,363127E-1;;
30/11/2021  14:47:38,804483;9,406817E-1;1,533758E-3;3,364175E-3;9,362492E-1;;
30/11/2021  14:47:38,804583;9,410930E-1;6,312458E-3;8,419087E-3;9,361906E-1;;
30/11/2021  14:47:38,804683;9,416920E-1;1,215178E-3;3,680107E-3;9,361376E-1;;
30/11/2021  14:47:38,804783;9,420914E-1;1,852338E-3;3,996039E-3;9,360914E-1;;
30/11/2021  14:47:38,804883;9,424579E-1;6,949618E-3;8,735019E-3;9,360527E-1;;
30/11/2021  14:47:38,804983;9,425265E-1;3,126658E-3;4,943835E-3;9,360224E-1;;
30/11/2021  14:47:38,805083;9,427262E-1;1,852338E-3;4,311971E-3;9,360012E-1;;
30/11/2021  14:47:38,805183;9,433401E-1;1,215178E-3;3,680107E-3;9,359898E-1;;
30/11/2021  14:47:38,805283;9,438676E-1;1,852338E-3;3,680107E-3;9,359888E-1;;
30/11/2021  14:47:38,805383;9,432119E-1;2,808078E-3;5,259767E-3;9,359986E-1;;
30/11/2021  14:47:38,805483;9,436381E-1;8,965980E-4;3,996039E-3;9,360197E-1;;
30/11/2021  14:47:38,805583;9,434921E-1;1,215178E-3;3,364175E-3;9,360523E-1;;
30/11/2021  14:47:38,805683;9,425324E-1;5,780180E-4;3,364175E-3;9,360966E-1;;
30/11/2021  14:47:38,805783;9,431166E-1;5,780180E-4;3,048243E-3;9,361524E-1;;
30/11/2021  14:47:38,805883;9,438229E-1;8,965980E-4;3,364175E-3;9,362196E-1;;
30/11/2021  14:47:38,805983;9,436888E-1;1,533758E-3;3,364175E-3;9,362981E-1;;
30/11/2021  14:47:38,806083;9,429646E-1;3,445238E-3;5,575699E-3;9,363876E-1;;
30/11/2021  14:47:38,806183;9,429109E-1;1,215178E-3;3,680107E-3;9,364878E-1;;
30/11/2021  14:47:38,806283;9,421420E-1;1,533758E-3;3,996039E-3;9,365982E-1;;
30/11/2021  14:47:38,806383;9,426129E-1;3,445238E-3;6,207563E-3;9,367182E-1;;
30/11/2021  14:47:38,806483;9,418500E-1;1,215178E-3;3,364175E-3;9,368471E-1;;
30/11/2021  14:47:38,806583;9,427589E-1;5,780180E-4;3,996039E-3;9,369842E-1;;
30/11/2021  14:47:38,806683;9,427023E-1;1,215178E-3;3,364175E-3;9,371287E-1;;
30/11/2021  14:47:38,806783;9,419006E-1;4,082398E-3;7,471291E-3;9,372800E-1;;
30/11/2021  14:47:38,806883;9,416801E-1;4,082398E-3;6,839427E-3;9,374374E-1;;
30/11/2021  14:47:38,806983;9,413612E-1;1,204690E-2;1,442179E-2;9,376000E-1;;
30/11/2021  14:47:38,807083;9,415102E-1;8,223938E-3;1,031468E-2;9,377669E-1;;
30/11/2021  14:47:38,807183;9,409708E-1;1,650702E-2;1,821298E-2;9,379373E-1;;
30/11/2021  14:47:38,807283;9,416831E-1;1,395838E-2;1,631739E-2;9,381103E-1;;
30/11/2021  14:47:38,807383;9,408516E-1;1,395838E-2;1,600145E-2;9,382850E-1;;
30/11/2021  14:47:38,807483;9,397339E-1;1,491412E-2;1,505366E-2;9,384607E-1;;
30/11/2021  14:47:38,807583;9,396535E-1;1,363980E-2;1,378993E-2;9,386363E-1;;
30/11/2021  14:47:38,807683;9,395968E-1;1,746276E-2;2,168823E-2;9,388109E-1;;
30/11/2021  14:47:38,807783;9,389948E-1;1,013542E-2;1,410586E-2;9,389835E-1;;
30/11/2021  14:47:38,807883;9,393733E-1;2,829448E-2;3,685297E-2;9,391532E-1;;
30/11/2021  14:47:38,807983;9,388846E-1;1,053908E-1;1,085695E-1;9,393190E-1;;
30/11/2021  14:47:38,808083;9,387177E-1;9,392196E-2;1,110970E-1;9,394802E-1;;
30/11/2021  14:47:38,808183;9,381305E-1;7,066562E-2;7,539667E-2;9,396359E-1;;
30/11/2021  14:47:38,808283;9,373497E-1;1,225942E-1;1,212068E-1;9,397855E-1;;
30/11/2021  14:47:38,808383;9,378027E-1;7,831154E-2;1,050943E-1;9,399279E-1;;
30/11/2021  14:47:38,808483;9,379160E-1;5,314372E-2;8,771802E-2;9,400627E-1;;
30/11/2021  14:47:38,808583;9,384256E-1;1,101695E-1;8,961361E-2;9,401890E-1;;
30/11/2021  14:47:38,808683;9,394210E-1;1,241871E-1;1,524841E-1;9,403067E-1;;
30/11/2021  14:47:38,808783;9,385388E-1;1,618844E-2;6,117973E-2;9,404154E-1;;
30/11/2021  14:47:38,808883;9,383392E-1;1,194084E-1;1,155200E-1;9,405151E-1;;
30/11/2021  14:47:38,808983;9,380948E-1;1,009307E-1;8,961361E-2;9,406057E-1;;
30/11/2021  14:47:38,809083;9,389740E-1;9,583344E-2;9,435259E-2;9,406870E-1;;
30/11/2021  14:47:38,809183;9,390485E-1;9,519628E-2;8,708615E-2;9,407590E-1;;
30/11/2021  14:47:38,809283;9,395581E-1;1,347002E-1;1,758630E-1;9,408219E-1;;
30/11/2021  14:47:38,809383;9,396714E-1;1,254614E-1;1,180475E-1;9,408760E-1;;
30/11/2021  14:47:38,809483;9,397310E-1;1,490363E-1;2,102996E-1;9,409216E-1;;
30/11/2021  14:47:38,809583;9,387504E-1;1,305587E-1;1,439539E-1;9,409591E-1;;
30/11/2021  14:47:38,809683;9,384166E-1;1,022050E-1;1,129926E-1;9,409886E-1;;
30/11/2021  14:47:38,809783;9,389680E-1;9,838208E-2;1,145722E-1;9,410105E-1;;
30/11/2021  14:47:38,809883;9,389173E-1;9,806350E-2;1,123607E-1;9,410250E-1;;
30/11/2021  14:47:38,809983;9,394180E-1;9,710776E-2;1,098333E-1;9,410323E-1;;
30/11/2021  14:47:38,810083;9,390932E-1;1,053908E-1;1,110970E-1;9,410327E-1;;
30/11/2021  14:47:38,810183;9,390634E-1;9,997498E-2;1,107811E-1;9,410267E-1;;
30/11/2021  14:47:38,810283;9,388816E-1;7,767438E-2;9,782784E-2;9,410146E-1;;
30/11/2021  14:47:38,810383;9,393763E-1;9,615202E-2;1,069899E-1;9,409968E-1;;
30/11/2021  14:47:38,810483;9,393793E-1;9,710776E-2;1,104651E-1;9,409736E-1;;
30/11/2021  14:47:38,810583;9,401512E-1;8,277166E-2;1,417424E-1;9,409455E-1;;
30/11/2021  14:47:38,810683;9,406549E-1;2,098851E-1;1,907119E-1;9,409130E-1;;
30/11/2021  14:47:38,810783;9,410095E-1;1,640096E-1;1,752312E-1;9,408767E-1;;
30/11/2021  14:47:38,810883;9,412122E-1;1,726112E-1;1,553275E-1;9,408373E-1;;
30/11/2021  14:47:38,810983;9,415489E-1;1,831244E-1;1,588027E-1;9,407956E-1;;
30/11/2021  14:47:38,811083;9,422285E-1;1,796200E-1;1,670170E-1;9,407522E-1;;
30/11/2021  14:47:38,811183;9,429229E-1;1,675139E-1;1,584868E-1;9,407079E-1;;
30/11/2021  14:47:38,811283;9,436381E-1;1,350188E-1;1,196272E-1;9,406637E-1;;
30/11/2021  14:47:38,811383;9,435606E-1;1,305587E-1;1,388990E-1;9,406204E-1;;
30/11/2021  14:47:38,811483;9,433252E-1;1,203641E-1;1,180475E-1;9,405789E-1;;
30/11/2021  14:47:38,811583;9,431136E-1;1,302401E-1;1,284732E-1;9,405400E-1;;
30/11/2021  14:47:38,811683;9,431523E-1;1,334259E-1;1,291051E-1;9,405042E-1;;
30/11/2021  14:47:38,811783;9,434176E-1;1,076209E-1;1,123607E-1;9,404721E-1;;
30/11/2021  14:47:38,811883;9,435457E-1;1,143111E-1;1,126766E-1;9,404441E-1;;
30/11/2021  14:47:38,811983;9,433043E-1;1,286472E-1;1,433221E-1;9,404207E-1;;
30/11/2021  14:47:38,812083;9,435308E-1;-1,389600E-1;-6,550900E-2;9,404022E-1;;
30/11/2021  14:47:38,812183;9,428036E-1;1,194084E-1;1,436380E-1;9,403888E-1;;
30/11/2021  14:47:38,812283;9,419513E-1;9,933782E-2;1,164678E-1;9,403806E-1;;
30/11/2021  14:47:38,812383;9,416115E-1;1,458505E-1;1,464814E-1;9,403776E-1;;
30/11/2021  14:47:38,812483;9,415609E-1;1,197269E-1;1,202590E-1;9,403796E-1;;
30/11/2021  14:47:38,812583;9,416711E-1;1,331073E-1;1,332122E-1;9,403861E-1;;
30/11/2021  14:47:38,812683;9,414655E-1;1,235499E-1;1,117289E-1;9,403970E-1;;
30/11/2021  14:47:38,812783;9,407621E-1;1,818500E-1;2,049288E-1;9,404118E-1;;
30/11/2021  14:47:38,812883;9,404254E-1;1,101695E-1;1,120448E-1;9,404302E-1;;
30/11/2021  14:47:38,812983;9,402316E-1;1,181340E-1;1,212068E-1;9,404516E-1;;
30/11/2021  14:47:38,813083;9,400350E-1;1,210013E-1;1,218387E-1;9,404755E-1;;
30/11/2021  14:47:38,813183;9,404433E-1;7,926728E-2;1,240502E-1;9,405014E-1;;
30/11/2021  14:47:38,813283;9,407264E-1;9,997498E-2;9,814378E-2;9,405289E-1;;
30/11/2021  14:47:38,813383;9,407025E-1;1,969282E-2;2,200416E-2;9,405574E-1;;
30/11/2021  14:47:38,813483;9,413135E-1;3,848904E-2;5,391329E-2;9,405868E-1;;
30/11/2021  14:47:38,813583;9,404522E-1;8,850610E-2;8,708615E-2;9,406168E-1;;
30/11/2021  14:47:38,813683;9,411228E-1;1,111253E-1;1,126766E-1;9,406471E-1;;
30/11/2021  14:47:38,813783;9,402257E-1;1,417090E-1;1,480610E-1;9,406776E-1;;
30/11/2021  14:47:38,813883;9,410334E-1;7,385142E-2;9,688005E-2;9,407080E-1;;
30/11/2021  14:47:38,813983;9,414029E-1;7,321426E-2;7,160549E-2;9,407381E-1;;
30/11/2021  14:47:38,814083;9,408903E-1;1,229127E-1;1,275255E-1;9,407678E-1;;
30/11/2021  14:47:38,814183;9,401691E-1;6,631038E-3;1,884484E-2;9,407969E-1;;
30/11/2021  14:47:38,814283;9,393644E-1;6,110822E-2;6,402312E-2;9,408254E-1;;
30/11/2021  14:47:38,814383;9,394896E-1;1,117624E-1;1,117289E-1;9,408527E-1;;
30/11/2021  14:47:38,814483;9,390455E-1;1,210013E-1;1,268936E-1;9,408786E-1;;
30/11/2021  14:47:38,814583;9,391975E-1;1,206827E-1;1,202590E-1;9,409026E-1;;
30/11/2021  14:47:38,814683;9,390693E-1;1,241871E-1;1,095173E-1;9,409244E-1;;
30/11/2021  14:47:38,814783;9,393554E-1;1,101695E-1;9,940750E-2;9,409437E-1;;
30/11/2021  14:47:38,814883;9,386163E-1;1,082581E-1;7,729226E-2;9,409601E-1;;
30/11/2021  14:47:38,814983;9,385329E-1;7,905358E-3;1,536959E-2;9,409735E-1;;
30/11/2021  14:47:38,815083;9,393644E-1;8,181592E-2;7,634447E-2;9,409836E-1;;
30/11/2021  14:47:38,815183;9,389561E-1;1,140974E-2;2,137230E-2;9,409902E-1;;
30/11/2021  14:47:38,815283;9,393346E-1;1,060280E-1;1,385831E-1;9,409932E-1;;
30/11/2021  14:47:38,815383;9,397012E-1;1,538150E-1;1,569071E-1;9,409927E-1;;
30/11/2021  14:47:38,815483;9,399187E-1;5,123224E-2;7,255328E-2;9,409887E-1;;
30/11/2021  14:47:38,815583;9,393614E-1;1,372488E-1;1,360556E-1;9,409814E-1;;
30/11/2021  14:47:38,815683;9,400379E-1;1,254614E-1;1,253139E-1;9,409708E-1;;
30/11/2021  14:47:38,815783;9,395730E-1;1,382046E-1;1,464814E-1;9,409572E-1;;
30/11/2021  14:47:38,815883;9,397071E-1;8,022302E-2;1,167838E-1;9,409408E-1;;
30/11/2021  14:47:38,815983;9,398263E-1;1,245056E-1;1,177316E-1;9,409217E-1;;
30/11/2021  14:47:38,816083;9,402078E-1;1,311958E-1;1,328963E-1;9,409000E-1;;
30/11/2021  14:47:38,816183;9,400111E-1;1,289658E-1;1,167838E-1;9,408761E-1;;
30/11/2021  14:47:38,816283;9,396714E-1;5,441804E-2;8,297904E-2;9,408502E-1;;
30/11/2021  14:47:38,816383;9,403747E-1;1,159040E-1;1,117289E-1;9,408225E-1;;
30/11/2021  14:47:38,816483;9,397131E-1;1,190898E-1;1,180475E-1;9,407932E-1;;
30/11/2021  14:47:38,816583;9,407621E-1;1,251428E-1;1,193112E-1;9,407626E-1;;
30/11/2021  14:47:38,816683;9,407681E-1;1,397975E-1;1,963986E-1;9,407309E-1;;
30/11/2021  14:47:38,816783;9,410006E-1;1,219570E-1;1,148882E-1;9,406984E-1;;
30/11/2021  14:47:38,816883;9,409767E-1;1,305587E-1;1,471132E-1;9,406656E-1;;
30/11/2021  14:47:38,816983;9,405684E-1;1,496735E-1;1,556434E-1;9,406328E-1;;
30/11/2021  14:47:38,817083;9,409767E-1;-1,726246E-2;6,023194E-2;9,406003E-1;;
30/11/2021  14:47:38,817183;9,413701E-1;1,280100E-1;1,319485E-1;9,405683E-1;;
30/11/2021  14:47:38,817283;9,417605E-1;1,362931E-1;1,398468E-1;9,405372E-1;;
30/11/2021  14:47:38,817383;9,426219E-1;1,347002E-1;1,278414E-1;9,405072E-1;;
30/11/2021  14:47:38,817483;9,427351E-1;1,260985E-1;1,606983E-1;9,404790E-1;;
30/11/2021  14:47:38,817583;9,426964E-1;1,248242E-1;1,098333E-1;9,404529E-1;;
30/11/2021  14:47:38,817683;9,428752E-1;1,302401E-1;1,110970E-1;9,404295E-1;;
30/11/2021  14:47:38,817783;9,434146E-1;1,117624E-1;9,214107E-2;9,404092E-1;;
30/11/2021  14:47:38,817883;9,431792E-1;1,439390E-1;1,392149E-1;9,403923E-1;;
30/11/2021  14:47:38,817983;9,436620E-1;1,321516E-1;1,366875E-1;9,403793E-1;;
30/11/2021  14:47:38,818083;9,436173E-1;1,321516E-1;1,306848E-1;9,403705E-1;;
30/11/2021  14:47:38,818183;9,438557E-1;1,528593E-1;1,559593E-1;9,403663E-1;;
30/11/2021  14:47:38,818283;9,427977E-1;1,264171E-1;1,249980E-1;9,403669E-1;;
30/11/2021  14:47:38,818383;9,426755E-1;9,710776E-2;1,322644E-1;9,403723E-1;;
30/11/2021  14:47:38,818483;9,422642E-1;1,388417E-1;1,379512E-1;9,403826E-1;;
30/11/2021  14:47:38,818583;9,422225E-1;1,251428E-1;1,246821E-1;9,403976E-1;;
30/11/2021  14:47:38,818683;9,425175E-1;1,407532E-1;1,335282E-1;9,404171E-1;;
30/11/2021  14:47:38,818783;9,413910E-1;1,334259E-1;1,338441E-1;9,404408E-1;;
30/11/2021  14:47:38,818883;9,412181E-1;1,366117E-1;1,234183E-1;9,404684E-1;;
30/11/2021  14:47:38,818983;9,404552E-1;1,260985E-1;1,205749E-1;9,404995E-1;;
30/11/2021  14:47:38,819083;9,406608E-1;1,311958E-1;1,300529E-1;9,405335E-1;;
30/11/2021  14:47:38,819183;9,399992E-1;1,315144E-1;1,268936E-1;9,405697E-1;;
30/11/2021  14:47:38,819283;9,404254E-1;1,123996E-1;1,227865E-1;9,406077E-1;;
30/11/2021  14:47:38,819383;9,407502E-1;5,601094E-2;9,119327E-2;9,406469E-1;;
30/11/2021  14:47:38,819483;9,402466E-1;1,041165E-1;1,035146E-1;9,406868E-1;;
30/11/2021  14:47:38,819583;9,405178E-1;1,127182E-1;1,189953E-1;9,407270E-1;;
30/11/2021  14:47:38,819683;9,397131E-1;5,887816E-2;6,023194E-2;9,407671E-1;;
30/11/2021  14:47:38,819783;9,394389E-1;1,006121E-1;1,464814E-1;9,408066E-1;;
30/11/2021  14:47:38,819883;9,396624E-1;1,241871E-1;1,606983E-1;9,408451E-1;;
30/11/2021  14:47:38,819983;9,404552E-1;1,050723E-1;1,471132E-1;9,408821E-1;;
30/11/2021  14:47:38,820083;9,402108E-1;9,296622E-2;1,047783E-1;9,409173E-1;;
30/11/2021  14:47:38,820183;9,397995E-1;1,123996E-1;1,474292E-1;9,409505E-1;;
30/11/2021  14:47:38,820283;9,396326E-1;1,044351E-1;1,076217E-1;9,409815E-1;;
30/11/2021  14:47:38,820383;9,399217E-1;1,025236E-1;1,101492E-1;9,410100E-1;;
30/11/2021  14:47:38,820483;9,390365E-1;8,086018E-2;6,086380E-2;9,410359E-1;;
30/11/2021  14:47:38,820583;9,397161E-1;1,108067E-1;1,272095E-1;9,410588E-1;;
30/11/2021  14:47:38,820683;9,397608E-1;9,710776E-2;9,751191E-2;9,410786E-1;;
30/11/2021  14:47:38,820783;9,400022E-1;1,149482E-1;1,164678E-1;9,410953E-1;;
30/11/2021  14:47:38,820883;9,396803E-1;1,219570E-1;1,101492E-1;9,411087E-1;;
30/11/2021  14:47:38,820983;9,392124E-1;1,340630E-1;1,205749E-1;9,411188E-1;;
30/11/2021  14:47:38,821083;9,381723E-1;1,353374E-1;1,047783E-1;9,411256E-1;;
30/11/2021  14:47:38,821183;9,383541E-1;1,675139E-1;1,657532E-1;9,411288E-1;;
30/11/2021  14:47:38,821283;9,388100E-1;1,413904E-1;1,104651E-1;9,411282E-1;;
30/11/2021  14:47:38,821383;9,388220E-1;1,423461E-1;1,796542E-1;9,411236E-1;;
30/11/2021  14:47:38,821483;9,389710E-1;1,713369E-1;1,831295E-1;9,411151E-1;;
30/11/2021  14:47:38,821583;9,388279E-1;1,550893E-1;1,888163E-1;9,411026E-1;;
30/11/2021  14:47:38,821683;9,385746E-1;1,362931E-1;1,392149E-1;9,410861E-1;;
30/11/2021  14:47:38,821783;9,389114E-1;1,340630E-1;1,316326E-1;9,410658E-1;;
30/11/2021  14:47:38,821883;9,392452E-1;1,388417E-1;1,382671E-1;9,410416E-1;;
30/11/2021  14:47:38,821983;9,398919E-1;1,238685E-1;1,303688E-1;9,410138E-1;;
30/11/2021  14:47:38,822083;9,401512E-1;1,356559E-1;1,370034E-1;9,409827E-1;;
30/11/2021  14:47:38,822183;9,405297E-1;1,423461E-1;1,379512E-1;9,409486E-1;;
30/11/2021  14:47:38,822283;9,405654E-1;1,315144E-1;1,344760E-1;9,409120E-1;;
30/11/2021  14:47:38,822383;9,400022E-1;1,347002E-1;1,265777E-1;9,408733E-1;;
30/11/2021  14:47:38,822483;9,398740E-1;1,260985E-1;1,076217E-1;9,408330E-1;;
30/11/2021  14:47:38,822583;9,401422E-1;1,334259E-1;1,310007E-1;9,407913E-1;;
30/11/2021  14:47:38,822683;9,403777E-1;6,811698E-2;1,240502E-1;9,407486E-1;;
30/11/2021  14:47:38,822783;9,403211E-1;1,433019E-1;1,559593E-1;9,407051E-1;;
30/11/2021  14:47:38,822883;9,401810E-1;1,429833E-1;1,486929E-1;9,406611E-1;;
30/11/2021  14:47:38,822983;9,398621E-1;1,324701E-1;1,411105E-1;9,406170E-1;;
30/11/2021  14:47:38,823083;9,388726E-1;1,292843E-1;1,392149E-1;9,405729E-1;;
30/11/2021  14:47:38,823183;9,386640E-1;1,382046E-1;1,379512E-1;9,405288E-1;;
30/11/2021  14:47:38,823283;9,385120E-1;1,347002E-1;1,401627E-1;9,404847E-1;;
30/11/2021  14:47:38,823383;9,384256E-1;1,337445E-1;1,347919E-1;9,404405E-1;;
30/11/2021  14:47:38,823483;9,383570E-1;1,525407E-1;1,638576E-1;9,403960E-1;;
30/11/2021  14:47:38,823583;9,377342E-1;2,170918E-3;4,627903E-3;9,403512E-1;;
30/11/2021  14:47:38,823683;9,372245E-1;4,400978E-3;6,839427E-3;9,403058E-1;;
30/11/2021  14:47:38,823783;9,368073E-1;1,852338E-3;3,996039E-3;9,402596E-1;;
30/11/2021  14:47:38,823883;9,370755E-1;7,268198E-3;9,050951E-3;9,402122E-1;;
30/11/2021  14:47:38,823983;9,369354E-1;4,400978E-3;5,891631E-3;9,401635E-1;;
30/11/2021  14:47:38,824083;9,362559E-1;7,905358E-3;1,063061E-2;9,401131E-1;;
30/11/2021  14:47:38,824183;9,365569E-1;2,489498E-3;3,996039E-3;9,400609E-1;;
30/11/2021  14:47:38,824283;9,350578E-1;8,861098E-3;1,189434E-2;9,400065E-1;;
30/11/2021  14:47:38,824383;9,355496E-1;7,586778E-3;8,735019E-3;9,399496E-1;;
30/11/2021  14:47:38,824483;9,350638E-1;4,082398E-3;6,207563E-3;9,398899E-1;;
30/11/2021  14:47:38,824583;9,352575E-1;3,763818E-3;6,207563E-3;9,398271E-1;;
30/11/2021  14:47:38,824683;9,360592E-1;5,675298E-3;7,471291E-3;9,397609E-1;;
30/11/2021  14:47:38,824783;9,357999E-1;1,215178E-3;3,996039E-3;9,396913E-1;;
30/11/2021  14:47:38,824883;9,351771E-1;1,215178E-3;3,364175E-3;9,396182E-1;;
30/11/2021  14:47:38,824983;9,349625E-1;3,126658E-3;5,575699E-3;9,395417E-1;;
30/11/2021  14:47:38,825083;9,339432E-1;1,215178E-3;3,996039E-3;9,394616E-1;;
30/11/2021  14:47:38,825183;9,334246E-1;1,852338E-3;3,364175E-3;9,393778E-1;;
30/11/2021  14:47:38,825283;9,339164E-1;6,631038E-3;6,839427E-3;9,392900E-1;;
30/11/2021  14:47:38,825383;9,339879E-1;2,489498E-3;4,311971E-3;9,391981E-1;;
30/11/2021  14:47:38,825483;9,337376E-1;8,965980E-4;3,680107E-3;9,391020E-1;;
30/11/2021  14:47:38,825583;9,337286E-1;5,780180E-4;3,680107E-3;9,390016E-1;;
30/11/2021  14:47:38,825683;9,333889E-1;1,533758E-3;3,364175E-3;9,388969E-1;;
30/11/2021  14:47:38,825783;9,330372E-1;1,533758E-3;3,996039E-3;9,387881E-1;;
30/11/2021  14:47:38,825883;9,330610E-1;5,780180E-4;3,680107E-3;9,386750E-1;;
30/11/2021  14:47:38,825983;9,334902E-1;5,675298E-3;6,839427E-3;9,385577E-1;;
30/11/2021  14:47:38,826083;9,349774E-1;1,215178E-3;3,364175E-3;9,384364E-1;;
30/11/2021  14:47:38,826183;9,346108E-1;5,780180E-4;3,364175E-3;9,383114E-1;;
30/11/2021  14:47:38,826283;9,351085E-1;8,965980E-4;3,364175E-3;9,381832E-1;;
30/11/2021  14:47:38,826383;9,348254E-1;8,965980E-4;3,680107E-3;9,380524E-1;;
30/11/2021  14:47:38,826483;9,351830E-1;1,215178E-3;3,680107E-3;9,379196E-1;;
30/11/2021  14:47:38,826583;9,354274E-1;8,965980E-4;3,364175E-3;9,377851E-1;;
30/11/2021  14:47:38,826683;9,362261E-1;2,808078E-3;4,311971E-3;9,376498E-1;;
30/11/2021  14:47:38,826783;9,367685E-1;5,780180E-4;3,048243E-3;9,375141E-1;;
30/11/2021  14:47:38,826883;9,371053E-1;8,965980E-4;3,364175E-3;9,373790E-1;;
30/11/2021  14:47:38,826983;9,366791E-1;8,965980E-4;3,680107E-3;9,372452E-1;;
30/11/2021  14:47:38,827083;9,368907E-1;8,223938E-3;1,284213E-2;9,371135E-1;;
30/11/2021  14:47:38,827183;9,369384E-1;1,204690E-2;1,947671E-2;9,369844E-1;;
30/11/2021  14:47:38,827283;9,375881E-1;5,038138E-3;8,735019E-3;9,368587E-1;;
30/11/2021  14:47:38,827383;9,383183E-1;8,223938E-3;1,157841E-2;9,367369E-1;;
30/11/2021  14:47:38,827483;9,388965E-1;1,650702E-2;1,821298E-2;9,366198E-1;;
30/11/2021  14:47:38,827583;9,386253E-1;1,204690E-2;1,789705E-2;9,365081E-1;;
30/11/2021  14:47:38,827683;9,389501E-1;2,096714E-2;2,421569E-2;9,364025E-1;;
30/11/2021  14:47:38,827783;9,394449E-1;4,231200E-2;4,854245E-2;9,363036E-1;;
30/11/2021  14:47:38,827883;9,393227E-1;2,001140E-2;2,263603E-2;9,362121E-1;;
30/11/2021  14:47:38,827983;9,394270E-1;1,809992E-2;3,179805E-2;9,361284E-1;;
30/11/2021  14:47:38,828083;9,410363E-1;8,563888E-2;7,286922E-2;9,360530E-1;;
30/11/2021  14:47:38,828183;9,408694E-1;2,638300E-2;3,021839E-2;9,359865E-1;;
30/11/2021  14:47:38,828283;9,413701E-1;1,111253E-1;9,403666E-2;9,359294E-1;;
30/11/2021  14:47:38,828383;9,413671E-1;9,551486E-2;1,212068E-1;9,358823E-1;;
30/11/2021  14:47:38,828483;9,415668E-1;7,926728E-2;7,223735E-2;9,358456E-1;;
30/11/2021  14:47:38,828583;9,420347E-1;1,650702E-2;2,010857E-2;9,358197E-1;;
30/11/2021  14:47:38,828683;9,423030E-1;1,219570E-1;1,174156E-1;9,358048E-1;;
30/11/2021  14:47:38,828783;9,429974E-1;1,544522E-1;1,932393E-1;9,358013E-1;;
30/11/2021  14:47:38,828883;9,434385E-1;1,206827E-1;1,272095E-1;9,358094E-1;;
30/11/2021  14:47:38,828983;9,434772E-1;1,264171E-1;1,442698E-1;9,358295E-1;;
30/11/2021  14:47:38,829083;9,434861E-1;2,194425E-1;2,418928E-1;9,358617E-1;;
30/11/2021  14:47:38,829183;9,432328E-1;5,505520E-2;1,158360E-1;9,359061E-1;;
30/11/2021  14:47:38,829283;9,433669E-1;1,235499E-1;1,237343E-1;9,359627E-1;;
30/11/2021  14:47:38,829383;9,443594E-1;1,296029E-1;1,281573E-1;9,360315E-1;;
30/11/2021  14:47:38,829483;9,439064E-1;1,114439E-1;1,041465E-1;9,361122E-1;;
30/11/2021  14:47:38,829583;9,438676E-1;1,225942E-1;1,237343E-1;9,362047E-1;;
30/11/2021  14:47:38,829683;9,436888E-1;9,487770E-2;1,006712E-1;9,363088E-1;;
30/11/2021  14:47:38,829783;9,435904E-1;5,919674E-2;8,139938E-2;9,364240E-1;;
30/11/2021  14:47:38,829883;9,436411E-1;1,353374E-1;8,866581E-2;9,365499E-1;;
30/11/2021  14:47:38,829983;9,436709E-1;1,079395E-1;1,054102E-1;9,366860E-1;;
30/11/2021  14:47:38,830083;9,444428E-1;1,085766E-1;1,221546E-1;9,368317E-1;;
30/11/2021  14:47:38,830183;9,447468E-1;1,280100E-1;1,316326E-1;9,369864E-1;;
30/11/2021  14:47:38,830283;9,441567E-1;1,079395E-1;1,139404E-1;9,371498E-1;;
30/11/2021  14:47:38,830383;9,441299E-1;9,870066E-2;9,624818E-2;9,373214E-1;;
30/11/2021  14:47:38,830483;9,431255E-1;1,025236E-1;1,417424E-1;9,375004E-1;;
30/11/2021  14:47:38,830583;9,432477E-1;9,328480E-2;1,129926E-1;9,376861E-1;;
30/11/2021  14:47:38,830683;9,439719E-1;1,012493E-1;1,161519E-1;9,378778E-1;;
30/11/2021  14:47:38,830783;9,441150E-1;9,137332E-2;1,028828E-1;9,380745E-1;;
30/11/2021  14:47:38,830883;9,442193E-1;9,264764E-2;1,101492E-1;9,382758E-1;;
30/11/2021  14:47:38,830983;9,449167E-1;9,424054E-2;1,076217E-1;9,384809E-1;;
30/11/2021  14:47:38,831083;9,439838E-1;9,774492E-2;1,063580E-1;9,386893E-1;;
30/11/2021  14:47:38,831183;9,436024E-1;1,098510E-1;1,202590E-1;9,389005E-1;;
30/11/2021  14:47:38,831283;9,440315E-1;1,063466E-1;1,167838E-1;9,391136E-1;;
30/11/2021  14:47:38,831383;9,444398E-1;1,315144E-1;1,338441E-1;9,393281E-1;;
30/11/2021  14:47:38,831483;9,444905E-1;1,560451E-1;1,572231E-1;9,395433E-1;;
30/11/2021  14:47:38,831583;9,448243E-1;1,984162E-1;1,556434E-1;9,397588E-1;;
30/11/2021  14:47:38,831683;9,443653E-1;1,748413E-1;1,442698E-1;9,399740E-1;;
30/11/2021  14:47:38,831783;9,443892E-1;1,382046E-1;1,243661E-1;9,401886E-1;;
30/11/2021  14:47:38,831883;9,440405E-1;3,785188E-2;1,461654E-1;9,404019E-1;;
30/11/2021  14:47:38,831983;9,442610E-1;1,270543E-1;1,246821E-1;9,406135E-1;;
30/11/2021  14:47:38,832083;9,447706E-1;-2,650128E-2;6,402312E-2;9,408228E-1;;
30/11/2021  14:47:38,832183;9,450925E-1;1,152668E-1;1,133085E-1;9,410295E-1;;
30/11/2021  14:47:38,832283;9,448452E-1;1,413904E-1;1,764949E-1;9,412333E-1;;
30/11/2021  14:47:38,832383;9,445888E-1;1,130368E-1;1,098333E-1;9,414339E-1;;
30/11/2021  14:47:38,832483;9,450895E-1;1,104881E-1;1,117289E-1;9,416309E-1;;
30/11/2021  14:47:38,832583;9,446306E-1;-1,093321E-1;-3,202021E-2;9,418242E-1;;
30/11/2021  14:47:38,832683;9,456171E-1;1,235499E-1;1,227865E-1;9,420134E-1;;
30/11/2021  14:47:38,832783;9,461118E-1;8,978042E-2;7,223735E-2;9,421983E-1;;
30/11/2021  14:47:38,832883;9,465588E-1;1,104881E-1;1,063580E-1;9,423791E-1;;
30/11/2021  14:47:38,832983;9,467973E-1;1,063466E-1;8,550650E-2;9,425558E-1;;
30/11/2021  14:47:38,833083;9,466542E-1;1,184526E-1;1,101492E-1;9,427285E-1;;
30/11/2021  14:47:38,833183;9,463860E-1;1,143111E-1;1,208909E-1;9,428973E-1;;
30/11/2021  14:47:38,833283;9,467198E-1;1,238685E-1;1,452176E-1;9,430624E-1;;
30/11/2021  14:47:38,833383;9,478582E-1;9,041758E-2;9,719598E-2;9,432238E-1;;
30/11/2021  14:47:38,833483;9,483321E-1;9,009900E-2;1,000394E-1;9,433817E-1;;
30/11/2021  14:47:38,833583;9,488358E-1;8,723178E-2;8,898175E-2;9,435365E-1;;
30/11/2021  14:47:38,833683;9,488298E-1;1,289658E-1;1,474292E-1;9,436886E-1;;
30/11/2021  14:47:38,833783;9,486748E-1;9,424054E-2;9,719598E-2;9,438383E-1;;
30/11/2021  14:47:38,833883;9,484215E-1;1,082581E-1;1,117289E-1;9,439860E-1;;
30/11/2021  14:47:38,833983;9,483500E-1;1,165411E-1;1,227865E-1;9,441319E-1;;
30/11/2021  14:47:38,834083;9,491129E-1;1,197269E-1;1,205749E-1;9,442762E-1;;
30/11/2021  14:47:38,834183;9,492590E-1;1,162226E-1;1,060421E-1;9,444190E-1;;
30/11/2021  14:47:38,834283;9,498431E-1;1,111253E-1;1,076217E-1;9,445607E-1;;
30/11/2021  14:47:38,834383;9,496881E-1;1,162226E-1;1,189953E-1;9,447014E-1;;
30/11/2021  14:47:38,834483;9,496703E-1;1,127182E-1;1,028828E-1;9,448414E-1;;
30/11/2021  14:47:38,834583;9,492381E-1;1,427696E-2;3,780076E-2;9,449808E-1;;
30/11/2021  14:47:38,834683;9,496256E-1;6,556834E-2;5,833634E-2;9,451199E-1;;
30/11/2021  14:47:38,834783;9,504541E-1;3,689614E-2;4,443533E-2;9,452586E-1;;
30/11/2021  14:47:38,834883;9,504988E-1;1,260985E-1;1,505885E-1;9,453971E-1;;
30/11/2021  14:47:38,834983;9,505673E-1;3,179886E-2;5,359736E-2;9,455356E-1;;
30/11/2021  14:47:38,835083;9,506746E-1;1,146297E-1;1,199431E-1;9,456742E-1;;
30/11/2021  14:47:38,835183;9,506031E-1;1,178155E-1;1,180475E-1;9,458131E-1;;
30/11/2021  14:47:38,835283;9,501173E-1;1,280100E-1;1,360556E-1;9,459522E-1;;
30/11/2021  14:47:38,835383;9,508177E-1;1,213198E-1;1,196272E-1;9,460917E-1;;
30/11/2021  14:47:38,835483;9,517863E-1;1,248242E-1;1,142563E-1;9,462315E-1;;
30/11/2021  14:47:38,835583;9,513154E-1;1,225942E-1;1,319485E-1;9,463717E-1;;
30/11/2021  14:47:38,835683;9,510829E-1;1,493549E-1;1,411105E-1;9,465124E-1;;
30/11/2021  14:47:38,835783;9,505137E-1;1,254614E-1;1,208909E-1;9,466536E-1;;
30/11/2021  14:47:38,835883;9,499355E-1;1,203641E-1;1,180475E-1;9,467951E-1;;
30/11/2021  14:47:38,835983;9,497895E-1;1,174969E-1;1,073058E-1;9,469368E-1;;
30/11/2021  14:47:38,836083;9,494199E-1;1,225942E-1;1,158360E-1;9,470783E-1;;
30/11/2021  14:47:38,836183;9,498193E-1;1,353374E-1;1,540637E-1;9,472191E-1;;
30/11/2021  14:47:38,836283;9,500488E-1;9,073616E-2;1,916077E-2;9,473588E-1;;
30/11/2021  14:47:38,836383;9,491070E-1;1,149482E-1;1,537478E-1;9,474972E-1;;
30/11/2021  14:47:38,836483;9,488179E-1;1,413904E-1;1,483770E-1;9,476339E-1;;
30/11/2021  14:47:38,836583;9,481533E-1;1,187712E-1;1,265777E-1;9,477683E-1;;
30/11/2021  14:47:38,836683;9,476168E-1;1,311958E-1;1,319485E-1;9,479000E-1;;
30/11/2021  14:47:38,836783;9,478344E-1;1,229127E-1;1,221546E-1;9,480283E-1;;
30/11/2021  14:47:38,836883;9,473188E-1;1,190898E-1;1,098333E-1;9,481526E-1;;
30/11/2021  14:47:38,836983;9,468747E-1;1,213198E-1;1,240502E-1;9,482723E-1;;
30/11/2021  14:47:38,837083;9,463115E-1;1,251428E-1;1,275255E-1;9,483868E-1;;
30/11/2021  14:47:38,837183;9,456111E-1;1,267357E-1;1,253139E-1;9,484955E-1;;
30/11/2021  14:47:38,837283;9,448988E-1;1,104881E-1;9,845971E-2;9,485976E-1;;
30/11/2021  14:47:38,837383;9,447677E-1;1,503106E-1;1,534319E-1;9,486924E-1;;
30/11/2021  14:47:38,837483;9,446783E-1;4,486064E-2;7,855599E-2;9,487793E-1;;
30/11/2021  14:47:38,837583;9,439362E-1;1,088952E-1;8,834988E-2;9,488575E-1;;
30/11/2021  14:47:38,837683;9,432567E-1;1,130368E-1;9,561632E-2;9,489265E-1;;
30/11/2021  14:47:38,837783;9,433788E-1;1,203641E-1;1,183634E-1;9,489855E-1;;
30/11/2021  14:47:38,837883;9,428960E-1;1,343816E-1;1,493248E-1;9,490341E-1;;
30/11/2021  14:47:38,837983;9,417605E-1;1,343816E-1;1,414265E-1;9,490716E-1;;
30/11/2021  14:47:38,838083;9,424371E-1;1,044351E-1;1,158360E-1;9,490977E-1;;
30/11/2021  14:47:38,838183;9,422583E-1;1,273729E-1;1,319485E-1;9,491118E-1;;
30/11/2021  14:47:38,838283;9,416324E-1;1,280100E-1;1,325804E-1;9,491136E-1;;
30/11/2021  14:47:38,838383;9,410542E-1;1,350188E-1;1,388990E-1;9,491029E-1;;
30/11/2021  14:47:38,838483;9,401542E-1;1,327887E-1;1,291051E-1;9,490795E-1;;
30/11/2021  14:47:38,838583;9,401333E-1;1,340630E-1;1,306848E-1;9,490430E-1;;
30/11/2021  14:47:38,838683;9,391915E-1;1,382046E-1;1,328963E-1;9,489931E-1;;
30/11/2021  14:47:38,838783;9,394687E-1;1,308772E-1;1,319485E-1;9,489298E-1;;
30/11/2021  14:47:38,838883;9,397995E-1;1,210013E-1;1,076217E-1;9,488527E-1;;
30/11/2021  14:47:38,838983;9,383898E-1;1,321516E-1;1,341600E-1;9,487620E-1;;
30/11/2021  14:47:38,839083;9,383570E-1;1,283286E-1;1,401627E-1;9,486575E-1;;
30/11/2021  14:47:38,839183;9,373676E-1;6,397544E-2;1,603824E-1;9,485394E-1;;
30/11/2021  14:47:38,839283;9,376209E-1;2,479010E-2;8,803395E-2;9,484075E-1;;
30/11/2021  14:47:38,839383;9,372066E-1;1,538150E-1;1,382671E-1;9,482620E-1;;
30/11/2021  14:47:38,839483;9,370755E-1;1,257800E-1;1,531159E-1;9,481030E-1;;
30/11/2021  14:47:38,839583;9,374510E-1;1,251428E-1;1,310007E-1;9,479308E-1;;
30/11/2021  14:47:38,839683;9,364377E-1;1,203641E-1;1,351078E-1;9,477455E-1;;
30/11/2021  14:47:38,839783;9,365987E-1;2,465218E-1;2,194617E-1;9,475476E-1;;
30/11/2021  14:47:38,839883;9,359043E-1;1,327887E-1;1,319485E-1;9,473375E-1;;
30/11/2021  14:47:38,839983;9,356390E-1;1,585937E-1;1,657532E-1;9,471156E-1;;
30/11/2021  14:47:38,840083;9,359132E-1;1,668768E-1;1,584868E-1;9,468821E-1;;
30/11/2021  14:47:38,840183;9,362202E-1;1,174969E-1;1,092014E-1;9,466377E-1;;
30/11/2021  14:47:38,840283;9,357552E-1;1,174969E-1;1,253139E-1;9,463830E-1;;
30/11/2021  14:47:38,840383;9,357254E-1;1,063466E-1;9,751191E-2;9,461185E-1;;
30/11/2021  14:47:38,840483;9,356062E-1;1,149482E-1;1,268936E-1;9,458450E-1;;
30/11/2021  14:47:38,840583;9,357254E-1;3,307318E-2;8,266311E-2;9,455631E-1;;
30/11/2021  14:47:38,840683;9,355049E-1;1,187712E-1;1,411105E-1;9,452736E-1;;
30/11/2021  14:47:38,840783;9,356330E-1;9,392196E-2;9,814378E-2;9,449772E-1;;
30/11/2021  14:47:38,840883;9,359519E-1;1,034794E-1;1,423743E-1;9,446748E-1;;
30/11/2021  14:47:38,840983;9,361188E-1;1,155854E-1;1,123607E-1;9,443671E-1;;
30/11/2021  14:47:38,841083;9,360682E-1;1,012493E-1;1,442698E-1;9,440552E-1;;
30/11/2021  14:47:38,841183;9,357165E-1;1,318330E-1;1,619620E-1;9,437399E-1;;
30/11/2021  14:47:38,841283;9,351413E-1;-1,067834E-1;1,152651E-3;9,434220E-1;;
30/11/2021  14:47:38,841383;9,354721E-1;1,018865E-1;1,152041E-1;9,431024E-1;;
30/11/2021  14:47:38,841483;9,356181E-1;1,022050E-1;1,164678E-1;9,427818E-1;;
30/11/2021  14:47:38,841583;9,361159E-1;1,092138E-1;1,152041E-1;9,424610E-1;;
30/11/2021  14:47:38,841683;9,360086E-1;1,264171E-1;1,332122E-1;9,421408E-1;;
30/11/2021  14:47:38,841783;9,359847E-1;1,178155E-1;1,035146E-1;9,418219E-1;;
30/11/2021  14:47:38,841883;9,357582E-1;1,315144E-1;1,076217E-1;9,415054E-1;;
30/11/2021  14:47:38,841983;9,355824E-1;3,307318E-2;6,497092E-2;9,411918E-1;;
30/11/2021  14:47:38,842083;9,360086E-1;1,350188E-1;1,341600E-1;9,408818E-1;;
30/11/2021  14:47:38,842183;9,365182E-1;2,111594E-1;1,809180E-1;9,405761E-1;;
30/11/2021  14:47:38,842283;9,363275E-1;1,633724E-1;1,632258E-1;9,402754E-1;;
30/11/2021  14:47:38,842383;9,367060E-1;1,745227E-1;1,625939E-1;9,399804E-1;;
30/11/2021  14:47:38,842483;9,357493E-1;1,114439E-1;1,227865E-1;9,396918E-1;;
30/11/2021  14:47:38,842583;9,355883E-1;1,847173E-1;2,156705E-1;9,394101E-1;;
30/11/2021  14:47:38,842683;9,354691E-1;1,331073E-1;1,385831E-1;9,391356E-1;;
30/11/2021  14:47:38,842783;9,348939E-1;1,378860E-1;1,423743E-1;9,388688E-1;;
30/11/2021  14:47:38,842883;9,358834E-1;1,334259E-1;1,332122E-1;9,386097E-1;;
30/11/2021  14:47:38,842983;9,349029E-1;1,289658E-1;1,373193E-1;9,383586E-1;;
30/11/2021  14:47:38,843083;9,348582E-1;1,331073E-1;1,256299E-1;9,381157E-1;;
30/11/2021  14:47:38,843183;9,345333E-1;1,391603E-1;1,313166E-1;9,378811E-1;;
30/11/2021  14:47:38,843283;9,342889E-1;1,302401E-1;1,224705E-1;9,376547E-1;;
30/11/2021  14:47:38,843383;9,338389E-1;1,251428E-1;1,259458E-1;9,374365E-1;;
30/11/2021  14:47:38,843483;9,338627E-1;7,799296E-2;8,929768E-2;9,372263E-1;;
30/11/2021  14:47:38,843583;9,340714E-1;1,215178E-3;3,364175E-3;9,370239E-1;;
30/11/2021  14:47:38,843683;9,348284E-1;5,993878E-3;7,787223E-3;9,368292E-1;;
30/11/2021  14:47:38,843783;9,346794E-1;1,533758E-3;4,311971E-3;9,366421E-1;;
30/11/2021  14:47:38,843883;9,340684E-1;7,586778E-3;1,063061E-2;9,364627E-1;;
30/11/2021  14:47:38,843983;9,337376E-1;7,905358E-3;8,735019E-3;9,362908E-1;;
30/11/2021  14:47:38,844083;9,334455E-1;6,312458E-3;8,103155E-3;9,361263E-1;;
30/11/2021  14:47:38,844183;9,342055E-1;8,861098E-3;1,094654E-2;9,359689E-1;;
30/11/2021  14:47:38,844283;9,344767E-1;1,852338E-3;3,680107E-3;9,358185E-1;;
30/11/2021  14:47:38,844383;9,347539E-1;6,312458E-3;8,419087E-3;9,356749E-1;;
30/11/2021  14:47:38,844483;9,340475E-1;5,356718E-3;7,471291E-3;9,355382E-1;;
30/11/2021  14:47:38,844583;9,342263E-1;5,038138E-3;6,839427E-3;9,354082E-1;;
30/11/2021  14:47:38,844683;9,341369E-1;1,215178E-3;3,364175E-3;9,352849E-1;;
30/11/2021  14:47:38,844783;9,341369E-1;8,965980E-4;3,364175E-3;9,351680E-1;;
30/11/2021  14:47:38,844883;9,344201E-1;1,215178E-3;3,364175E-3;9,350575E-1;;
30/11/2021  14:47:38,844983;9,341101E-1;8,965980E-4;2,732311E-3;9,349532E-1;;
30/11/2021  14:47:38,845083;9,346317E-1;1,533758E-3;3,996039E-3;9,348550E-1;;
30/11/2021  14:47:38,845183;9,341697E-1;8,965980E-4;3,680107E-3;9,347628E-1;;
30/11/2021  14:47:38,845283;9,338538E-1;1,215178E-3;3,996039E-3;9,346764E-1;;
30/11/2021  14:47:38,845383;9,343158E-1;6,631038E-3;8,735019E-3;9,345956E-1;;
30/11/2021  14:47:38,845483;9,343128E-1;1,215178E-3;4,311971E-3;9,345203E-1;;
30/11/2021  14:47:38,845583;9,349446E-1;8,965980E-4;3,680107E-3;9,344503E-1;;
30/11/2021  14:47:38,845683;9,353261E-1;3,126658E-3;4,943835E-3;9,343855E-1;;
30/11/2021  14:47:38,845783;9,355049E-1;3,126658E-3;4,943835E-3;9,343260E-1;;
30/11/2021  14:47:38,845883;9,352814E-1;1,215178E-3;3,364175E-3;9,342719E-1;;
30/11/2021  14:47:38,845983;9,352575E-1;1,215178E-3;3,048243E-3;9,342231E-1;;
30/11/2021  14:47:38,846083;9,359400E-1;1,533758E-3;3,364175E-3;9,341796E-1;;
30/11/2021  14:47:38,846183;9,367119E-1;1,533758E-3;3,364175E-3;9,341415E-1;;
30/11/2021  14:47:38,846283;9,375702E-1;2,594380E-4;3,048243E-3;9,341089E-1;;
30/11/2021  14:47:38,846383;9,378891E-1;1,215178E-3;3,680107E-3;9,340821E-1;;
30/11/2021  14:47:38,846483;9,377103E-1;1,215178E-3;3,364175E-3;9,340615E-1;;
30/11/2021  14:47:38,846583;9,378862E-1;5,780180E-4;3,364175E-3;9,340473E-1;;
30/11/2021  14:47:38,846683;9,379458E-1;1,215178E-3;4,627903E-3;9,340398E-1;;
30/11/2021  14:47:38,846783;9,380352E-1;1,215178E-3;3,364175E-3;9,340391E-1;;
30/11/2021  14:47:38,846883;9,389442E-1;1,852338E-3;3,048243E-3;9,340454E-1;;
30/11/2021  14:47:38,846983;9,392899E-1;3,445238E-3;6,839427E-3;9,340588E-1;;
30/11/2021  14:47:38,847083;9,398621E-1;5,675298E-3;1,094654E-2;9,340796E-1;;
30/11/2021  14:47:38,847183;9,390425E-1;1,363980E-2;1,600145E-2;9,341080E-1;;
30/11/2021  14:47:38,847283;9,385329E-1;1,523270E-2;1,789705E-2;9,341442E-1;;
30/11/2021  14:47:38,847383;9,385657E-1;1,332122E-2;1,536959E-2;9,341879E-1;;
30/11/2021  14:47:38,847483;9,394299E-1;1,140974E-2;1,473773E-2;9,342392E-1;;
30/11/2021  14:47:38,847583;9,399634E-1;1,841850E-2;1,852891E-2;9,342977E-1;;
30/11/2021  14:47:38,847683;9,400022E-1;1,746276E-2;1,979264E-2;9,343636E-1;;
30/11/2021  14:47:38,847783;9,398681E-1;1,028422E-1;1,028828E-1;9,344367E-1;;
30/11/2021  14:47:38,847883;9,392183E-1;6,907272E-2;7,002583E-2;9,345169E-1;;
30/11/2021  14:47:38,847983;9,383630E-1;6,015248E-2;5,580889E-2;9,346039E-1;;
30/11/2021  14:47:38,848083;9,381752E-1;1,459554E-2;1,568552E-2;9,346974E-1;;
30/11/2021  14:47:38,848183;9,389054E-1;3,052454E-2;3,242992E-2;9,347966E-1;;
30/11/2021  14:47:38,848283;9,392571E-1;1,841850E-2;2,421569E-2;9,349011E-1;;
30/11/2021  14:47:38,848383;9,392124E-1;8,372740E-2;8,677022E-2;9,350105E-1;;
30/11/2021  14:47:38,848483;9,387147E-1;4,231200E-2;6,686651E-2;9,351244E-1;;
30/11/2021  14:47:38,848583;9,384524E-1;2,028763E-1;2,216732E-1;9,352422E-1;;
30/11/2021  14:47:38,848683;9,382766E-1;1,372488E-1;1,483770E-1;9,353635E-1;;
30/11/2021  14:47:38,848783;9,376298E-1;7,640006E-2;7,887192E-2;9,354876E-1;;
30/11/2021  14:47:38,848883;9,383511E-1;1,254614E-1;1,284732E-1;9,356139E-1;;
30/11/2021  14:47:38,848983;9,389442E-1;1,174969E-1;9,435259E-2;9,357418E-1;;
30/11/2021  14:47:38,849083;9,391111E-1;1,356559E-1;1,347919E-1;9,358709E-1;;
30/11/2021  14:47:38,849183;9,387266E-1;1,315144E-1;1,310007E-1;9,360007E-1;;
30/11/2021  14:47:38,849283;9,378802E-1;1,292843E-1;1,262617E-1;9,361309E-1;;
30/11/2021  14:47:38,849383;9,375732E-1;1,292843E-1;1,208909E-1;9,362610E-1;;
30/11/2021  14:47:38,849483;9,378623E-1;1,060280E-1;1,464814E-1;9,363904E-1;;
30/11/2021  14:47:38,849583;9,381246E-1;1,155854E-1;1,177316E-1;9,365187E-1;;
30/11/2021  14:47:38,849683;9,384226E-1;9,816838E-3;6,528685E-2;9,366452E-1;;
30/11/2021  14:47:38,849783;9,389978E-1;8,181592E-2;6,718244E-2;9,367698E-1;;
30/11/2021  14:47:38,849883;9,383898E-1;1,802571E-1;2,223051E-1;9,368921E-1;;
30/11/2021  14:47:38,849983;9,377163E-1;2,082922E-1;2,001898E-1;9,370120E-1;;
30/11/2021  14:47:38,850083;9,380501E-1;1,203641E-1;1,272095E-1;9,371290E-1;;
30/11/2021  14:47:38,850183;9,387087E-1;1,394789E-1;1,354238E-1;9,372429E-1;;
30/11/2021  14:47:38,850283;9,387624E-1;1,388417E-1;1,294210E-1;9,373536E-1;;
30/11/2021  14:47:38,850383;9,396296E-1;1,305587E-1;1,313166E-1;9,374608E-1;;
30/11/2021  14:47:38,850483;9,397459E-1;1,267357E-1;1,496407E-1;9,375646E-1;;
30/11/2021  14:47:38,850583;9,394121E-1;1,245056E-1;1,284732E-1;9,376651E-1;;
30/11/2021  14:47:38,850683;9,385448E-1;1,213198E-1;1,126766E-1;9,377625E-1;;
30/11/2021  14:47:38,850783;9,386223E-1;1,098510E-1;1,129926E-1;9,378566E-1;;
30/11/2021  14:47:38,850883;9,395700E-1;1,108067E-1;1,145722E-1;9,379474E-1;;
30/11/2021  14:47:38,850983;9,401482E-1;7,448858E-2;7,729226E-2;9,380348E-1;;
30/11/2021  14:47:38,851083;9,403330E-1;1,006121E-1;9,751191E-2;9,381191E-1;;
30/11/2021  14:47:38,851183;9,407741E-1;1,092138E-1;1,243661E-1;9,382005E-1;;
30/11/2021  14:47:38,851283;9,405267E-1;1,082581E-1;1,189953E-1;9,382793E-1;;
30/11/2021  14:47:38,851383;9,395611E-1;2,200796E-1;2,065085E-1;9,383556E-1;;
30/11/2021  14:47:38,851483;9,405505E-1;1,060280E-1;1,202590E-1;9,384298E-1;;
30/11/2021  14:47:38,851583;9,406906E-1;1,585937E-1;1,531159E-1;9,385019E-1;;
30/11/2021  14:47:38,851683;9,412271E-1;1,012493E-1;1,082536E-1;9,385721E-1;;
30/11/2021  14:47:38,851783;9,417933E-1;7,799296E-2;1,129926E-1;9,386406E-1;;
30/11/2021  14:47:38,851883;9,416115E-1;9,232906E-2;1,050943E-1;9,387079E-1;;
30/11/2021  14:47:38,851983;9,408158E-1;8,532030E-2;1,013031E-1;9,387742E-1;;
30/11/2021  14:47:38,852083;9,408128E-1;1,544522E-1;1,733356E-1;9,388398E-1;;
30/11/2021  14:47:38,852183;9,407502E-1;-4,402318E-2;2,547941E-2;9,389048E-1;;
30/11/2021  14:47:38,852283;9,415966E-1;7,894870E-2;7,634447E-2;9,389691E-1;;
30/11/2021  14:47:38,852383;9,420347E-1;1,146297E-1;1,253139E-1;9,390329E-1;;
30/11/2021  14:47:38,852483;9,422165E-1;1,190898E-1;1,028828E-1;9,390965E-1;;
30/11/2021  14:47:38,852583;9,419185E-1;1,388417E-1;1,461654E-1;9,391602E-1;;
30/11/2021  14:47:38,852683;9,411317E-1;1,362931E-1;1,167838E-1;9,392240E-1;;
30/11/2021  14:47:38,852783;9,409499E-1;1,824872E-1;1,689125E-1;9,392880E-1;;
30/11/2021  14:47:38,852883;9,414476E-1;1,576380E-1;1,313166E-1;9,393522E-1;;
30/11/2021  14:47:38,852983;9,423089E-1;1,401161E-1;1,445858E-1;9,394166E-1;;
30/11/2021  14:47:38,853083;9,423417E-1;1,356559E-1;1,294210E-1;9,394812E-1;;
30/11/2021  14:47:38,853183;9,424490E-1;1,433019E-1;1,679647E-1;9,395462E-1;;
30/11/2021  14:47:38,853283;9,414595E-1;1,382046E-1;1,559593E-1;9,396117E-1;;
30/11/2021  14:47:38,853383;9,412360E-1;1,085766E-1;1,284732E-1;9,396777E-1;;
30/11/2021  14:47:38,853483;9,404760E-1;1,165411E-1;1,189953E-1;9,397440E-1;;
30/11/2021  14:47:38,853583;9,412181E-1;1,098510E-1;1,095173E-1;9,398104E-1;;
30/11/2021  14:47:38,853683;9,414446E-1;1,012493E-1;8,740209E-2;9,398767E-1;;
30/11/2021  14:47:38,853783;9,416234E-1;1,143111E-1;1,104651E-1;9,399427E-1;;
30/11/2021  14:47:38,853883;9,409141E-1;9,296622E-2;8,866581E-2;9,400084E-1;;
30/11/2021  14:47:38,853983;9,407472E-1;6,588692E-2;6,117973E-2;9,400735E-1;;
30/11/2021  14:47:38,854083;9,400677E-1;9,806350E-2;1,316326E-1;9,401379E-1;;
30/11/2021  14:47:38,854183;9,398889E-1;3,307318E-2;3,653703E-2;9,402012E-1;;
30/11/2021  14:47:38,854283;9,407204E-1;-3,637726E-2;5,328143E-2;9,402630E-1;;
30/11/2021  14:47:38,854383;9,414655E-1;1,219570E-1;1,259458E-1;9,403232E-1;;
30/11/2021  14:47:38,854483;9,411734E-1;1,165411E-1;1,006712E-1;9,403817E-1;;
30/11/2021  14:47:38,854583;9,410602E-1;2,733874E-2;1,821298E-2;9,404383E-1;;
30/11/2021  14:47:38,854683;9,407919E-1;1,222756E-1;1,294210E-1;9,404931E-1;;
30/11/2021  14:47:38,854783;9,403717E-1;1,152668E-1;1,243661E-1;9,405460E-1;;
30/11/2021  14:47:38,854883;9,410453E-1;1,168597E-1;1,186794E-1;9,405969E-1;;
30/11/2021  14:47:38,854983;9,418112E-1;1,238685E-1;1,170997E-1;9,406456E-1;;
30/11/2021  14:47:38,855083;9,426636E-1;1,276914E-1;1,281573E-1;9,406923E-1;;
30/11/2021  14:47:38,855183;9,428901E-1;1,286472E-1;1,221546E-1;9,407372E-1;;
30/11/2021  14:47:38,855283;9,426844E-1;1,088952E-1;9,466852E-2;9,407806E-1;;
30/11/2021  14:47:38,855383;9,427858E-1;1,194084E-1;1,142563E-1;9,408229E-1;;
30/11/2021  14:47:38,855483;9,427589E-1;1,190898E-1;1,148882E-1;9,408643E-1;;
30/11/2021  14:47:38,855583;9,432269E-1;1,260985E-1;1,208909E-1;9,409051E-1;;
30/11/2021  14:47:38,855683;9,446842E-1;8,223938E-3;4,127601E-2;9,409457E-1;;
30/11/2021  14:47:38,855783;9,451521E-1;-1,535098E-2;4,627903E-3;9,409863E-1;;
30/11/2021  14:47:38,855883;9,447349E-1;1,060280E-1;9,845971E-2;9,410276E-1;;
30/11/2021  14:47:38,855983;9,448750E-1;1,060280E-1;1,291051E-1;9,410702E-1;;
30/11/2021  14:47:38,856083;9,448243E-1;1,092138E-1;1,313166E-1;9,411143E-1;;
30/11/2021  14:47:38,856183;9,452117E-1;1,213198E-1;1,287892E-1;9,411605E-1;;
30/11/2021  14:47:38,856283;9,459568E-1;1,232313E-1;1,294210E-1;9,412090E-1;;
30/11/2021  14:47:38,856383;9,464962E-1;1,254614E-1;1,155200E-1;9,412603E-1;;
30/11/2021  14:47:38,856483;9,470118E-1;1,327887E-1;1,430061E-1;9,413147E-1;;
30/11/2021  14:47:38,856583;9,464843E-1;1,241871E-1;1,205749E-1;9,413728E-1;;
30/11/2021  14:47:38,856683;9,462370E-1;1,359745E-1;1,291051E-1;9,414350E-1;;
30/11/2021  14:47:38,856783;9,463800E-1;9,073616E-2;2,769094E-2;9,415014E-1;;
30/11/2021  14:47:38,856883;9,461773E-1;1,267357E-1;1,388990E-1;9,415722E-1;;
30/11/2021  14:47:38,856983;9,466870E-1;7,640006E-2;8,424277E-2;9,416475E-1;;
30/11/2021  14:47:38,857083;9,470238E-1;1,136739E-1;1,114129E-1;9,417273E-1;;
30/11/2021  14:47:38,857183;9,475125E-1;6,078964E-2;4,475127E-2;9,418117E-1;;
30/11/2021  14:47:38,857283;9,465111E-1;1,012493E-1;9,845971E-2;9,419007E-1;;
30/11/2021  14:47:38,857383;9,463472E-1;1,238685E-1;1,291051E-1;9,419945E-1;;
30/11/2021  14:47:38,857483;9,459628E-1;1,528593E-1;2,270440E-1;9,420927E-1;;
30/11/2021  14:47:38,857583;9,467943E-1;1,095324E-1;1,325804E-1;9,421951E-1;;
30/11/2021  14:47:38,857683;9,465946E-1;1,327887E-1;1,385831E-1;9,423014E-1;;
30/11/2021  14:47:38,857783;9,467376E-1;1,136739E-1;1,066739E-1;9,424114E-1;;
30/11/2021  14:47:38,857883;9,465886E-1;1,245056E-1;1,442698E-1;9,425249E-1;;
30/11/2021  14:47:38,857983;9,468151E-1;1,241871E-1;1,231024E-1;9,426416E-1;;
30/11/2021  14:47:38,858083;9,454114E-1;1,292843E-1;1,328963E-1;9,427611E-1;;
30/11/2021  14:47:38,858183;9,449793E-1;1,347002E-1;1,344760E-1;9,428830E-1;;
30/11/2021  14:47:38,858283;9,456498E-1;1,254614E-1;1,221546E-1;9,430068E-1;;
30/11/2021  14:47:38,858383;9,457482E-1;1,194084E-1;1,177316E-1;9,431319E-1;;
30/11/2021  14:47:38,858483;9,458197E-1;1,302401E-1;1,287892E-1;9,432577E-1;;
30/11/2021  14:47:38,858583;9,449226E-1;1,362931E-1;1,335282E-1;9,433839E-1;;
30/11/2021  14:47:38,858683;9,443385E-1;1,229127E-1;1,079377E-1;9,435099E-1;;
30/11/2021  14:47:38,858783;9,435219E-1;1,280100E-1;1,291051E-1;9,436351E-1;;
30/11/2021  14:47:38,858883;9,434414E-1;1,267357E-1;1,502726E-1;9,437587E-1;;
30/11/2021  14:47:38,858983;9,443176E-1;2,032998E-2;1,278414E-1;9,438800E-1;;
30/11/2021  14:47:38,859083;9,445233E-1;1,745227E-1;2,156705E-1;9,439985E-1;;
30/11/2021  14:47:38,859183;9,440345E-1;1,225942E-1;9,751191E-2;9,441136E-1;;
30/11/2021  14:47:38,859283;9,441835E-1;1,273729E-1;1,268936E-1;9,442249E-1;;
30/11/2021  14:47:38,859383;9,432656E-1;1,343816E-1;1,316326E-1;9,443321E-1;;
30/11/2021  14:47:38,859483;9,428305E-1;1,382046E-1;1,572231E-1;9,444346E-1;;
30/11/2021  14:47:38,859583;9,427589E-1;1,327887E-1;1,436380E-1;9,445320E-1;;
30/11/2021  14:47:38,859683;9,436828E-1;1,359745E-1;1,193112E-1;9,446239E-1;;
30/11/2021  14:47:38,859783;9,434593E-1;1,436204E-1;1,531159E-1;9,447098E-1;;
30/11/2021  14:47:38,859883;9,436113E-1;1,334259E-1;1,221546E-1;9,447895E-1;;
30/11/2021  14:47:38,859983;9,427053E-1;1,305587E-1;1,287892E-1;9,448629E-1;;
30/11/2021  14:47:38,860083;9,419125E-1;1,213198E-1;1,088855E-1;9,449298E-1;;
30/11/2021  14:47:38,860183;9,421241E-1;8,659462E-2;6,623464E-2;9,449898E-1;;
30/11/2021  14:47:38,860283;9,422046E-1;1,225942E-1;1,120448E-1;9,450428E-1;;
30/11/2021  14:47:38,860383;9,428543E-1;1,614609E-1;1,796542E-1;9,450884E-1;;
30/11/2021  14:47:38,860483;9,425712E-1;1,219570E-1;1,584868E-1;9,451266E-1;;
30/11/2021  14:47:38,860583;9,421867E-1;1,923632E-1;2,295715E-1;9,451573E-1;;
30/11/2021  14:47:38,860683;9,423745E-1;1,455319E-1;1,505885E-1;9,451807E-1;;
30/11/2021  14:47:38,860783;9,408367E-1;1,378860E-1;1,313166E-1;9,451967E-1;;
30/11/2021  14:47:38,860883;9,412390E-1;1,378860E-1;1,325804E-1;9,452053E-1;;
30/11/2021  14:47:38,860983;9,415668E-1;1,318330E-1;1,325804E-1;9,452062E-1;;
30/11/2021  14:47:38,861083;9,413314E-1;1,171783E-1;1,057261E-1;9,451996E-1;;
30/11/2021  14:47:38,861183;9,418440E-1;1,321516E-1;1,322644E-1;9,451855E-1;;
30/11/2021  14:47:38,861283;9,416682E-1;1,155854E-1;1,189953E-1;9,451640E-1;;
30/11/2021  14:47:38,861383;9,408903E-1;1,095324E-1;1,142563E-1;9,451353E-1;;
30/11/2021  14:47:38,861483;9,402883E-1;1,120810E-1;1,085695E-1;9,450997E-1;;
30/11/2021  14:47:38,861583;9,401244E-1;1,219570E-1;1,467973E-1;9,450570E-1;;
30/11/2021  14:47:38,861683;9,402227E-1;1,009307E-1;1,126766E-1;9,450074E-1;;
30/11/2021  14:47:38,861783;9,408814E-1;1,073023E-1;1,164678E-1;9,449510E-1;;
30/11/2021  14:47:38,861883;9,406131E-1;3,976336E-2;4,190788E-2;9,448879E-1;;
30/11/2021  14:47:38,861983;9,394478E-1;7,767438E-2;1,006712E-1;9,448183E-1;;
30/11/2021  14:47:38,862083;9,392660E-1;9,392196E-2;1,177316E-1;9,447425E-1;;
30/11/2021  14:47:38,862183;9,382736E-1;1,050723E-1;1,205749E-1;9,446604E-1;;
30/11/2021  14:47:38,862283;9,382259E-1;1,057094E-1;1,202590E-1;9,445720E-1;;
30/11/2021  14:47:38,862383;9,387802E-1;1,066652E-1;1,205749E-1;9,444773E-1;;
30/11/2021  14:47:38,862483;9,384047E-1;1,031608E-1;1,265777E-1;9,443763E-1;;
30/11/2021  14:47:38,862583;9,384047E-1;1,248242E-1;1,458495E-1;9,442692E-1;;
30/11/2021  14:47:38,862683;9,374153E-1;1,159040E-1;1,303688E-1;9,441560E-1;;
30/11/2021  14:47:38,862783;9,362231E-1;1,241871E-1;1,316326E-1;9,440368E-1;;
30/11/2021  14:47:38,862883;9,359996E-1;1,509478E-1;1,512204E-1;9,439116E-1;;
30/11/2021  14:47:38,862983;9,362738E-1;1,662396E-1;1,584868E-1;9,437801E-1;;
30/11/2021  14:47:38,863083;9,357552E-1;1,098510E-1;1,237343E-1;9,436423E-1;;
30/11/2021  14:47:38,863183;9,354125E-1;1,882216E-1;1,736515E-1;9,434981E-1;;
30/11/2021  14:47:38,863283;9,349267E-1;1,777085E-1;1,701763E-1;9,433476E-1;;
30/11/2021  14:47:38,863383;9,345482E-1;2,557606E-1;2,621125E-1;9,431906E-1;;
30/11/2021  14:47:38,863483;9,336064E-1;1,633724E-1;1,528000E-1;9,430270E-1;;
30/11/2021  14:47:38,863583;9,335319E-1;8,965980E-4;3,680107E-3;9,428569E-1;;
30/11/2021  14:47:38,863683;9,339879E-1;9,498258E-3;1,094654E-2;9,426799E-1;;
30/11/2021  14:47:38,863783;9,336571E-1;2,808078E-3;4,943835E-3;9,424963E-1;;
30/11/2021  14:47:38,863883;9,337316E-1;9,816838E-3;1,157841E-2;9,423060E-1;;
30/11/2021  14:47:38,863983;9,331356E-1;3,763818E-3;4,943835E-3;9,421092E-1;;
30/11/2021  14:47:38,864083;9,324560E-1;5,993878E-3;8,103155E-3;9,419061E-1;;
30/11/2021  14:47:38,864183;9,320358E-1;6,631038E-3;7,787223E-3;9,416968E-1;;
30/11/2021  14:47:38,864283;9,318868E-1;2,808078E-3;4,943835E-3;9,414814E-1;;
30/11/2021  14:47:38,864383;9,324024E-1;1,215178E-3;3,364175E-3;9,412600E-1;;
30/11/2021  14:47:38,864483;9,324382E-1;5,038138E-3;7,471291E-3;9,410327E-1;;
30/11/2021  14:47:38,864583;9,323100E-1;8,965980E-4;3,680107E-3;9,407999E-1;;
30/11/2021  14:47:38,864683;9,318838E-1;7,586778E-3;8,735019E-3;9,405620E-1;;
30/11/2021  14:47:38,864783;9,309748E-1;6,312458E-3;8,419087E-3;9,403193E-1;;
30/11/2021  14:47:38,864883;9,309510E-1;1,533758E-3;4,311971E-3;9,400721E-1;;
30/11/2021  14:47:38,864983;9,313772E-1;2,808078E-3;5,891631E-3;9,398206E-1;;
30/11/2021  14:47:38,865083;9,317259E-1;8,965980E-4;3,364175E-3;9,395652E-1;;
30/11/2021  14:47:38,865183;9,320686E-1;1,215178E-3;3,996039E-3;9,393064E-1;;
30/11/2021  14:47:38,865283;9,318004E-1;3,763818E-3;4,943835E-3;9,390446E-1;;
30/11/2021  14:47:38,865383;9,316692E-1;9,179678E-3;1,126247E-2;9,387806E-1;;
30/11/2021  14:47:38,865483;9,316782E-1;1,215178E-3;3,364175E-3;9,385147E-1;;
30/11/2021  14:47:38,865583;9,316543E-1;1,215178E-3;3,996039E-3;9,382477E-1;;
30/11/2021  14:47:38,865683;9,319792E-1;1,215178E-3;3,364175E-3;9,379800E-1;;
30/11/2021  14:47:38,865783;9,324382E-1;1,215178E-3;3,364175E-3;9,377123E-1;;
30/11/2021  14:47:38,865883;9,327898E-1;8,965980E-4;3,048243E-3;9,374452E-1;;
30/11/2021  14:47:38,865983;9,326140E-1;8,965980E-4;3,680107E-3;9,371796E-1;;
30/11/2021  14:47:38,866083;9,324590E-1;8,965980E-4;3,364175E-3;9,369160E-1;;
30/11/2021  14:47:38,866183;9,321640E-1;5,993878E-3;9,366883E-3;9,366551E-1;;
30/11/2021  14:47:38,866283;9,319434E-1;1,215178E-3;3,364175E-3;9,363976E-1;;
30/11/2021  14:47:38,866383;9,325365E-1;1,215178E-3;3,364175E-3;9,361439E-1;;
30/11/2021  14:47:38,866483;9,330193E-1;8,965980E-4;3,048243E-3;9,358945E-1;;
30/11/2021  14:47:38,866583;9,331296E-1;5,993878E-3;1,221027E-2;9,356501E-1;;
30/11/2021  14:47:38,866683;9,324739E-1;5,780180E-4;3,048243E-3;9,354110E-1;;
30/11/2021  14:47:38,866783;9,322474E-1;8,965980E-4;3,364175E-3;9,351780E-1;;
30/11/2021  14:47:38,866883;9,321819E-1;1,533758E-3;2,416379E-3;9,349512E-1;;
30/11/2021  14:47:38,866983;9,318302E-1;1,215178E-3;3,048243E-3;9,347311E-1;;
30/11/2021  14:47:38,867083;9,324680E-1;9,498258E-3;1,063061E-2;9,345177E-1;;
30/11/2021  14:47:38,867183;9,329299E-1;5,356718E-3;8,103155E-3;9,343114E-1;;
30/11/2021  14:47:38,867283;9,323190E-1;1,555128E-2;1,600145E-2;9,341123E-1;;
30/11/2021  14:47:38,867383;9,325693E-1;1,650702E-2;1,884484E-2;9,339208E-1;;
30/11/2021  14:47:38,867483;9,315858E-1;1,268406E-2;1,505366E-2;9,337369E-1;;
30/11/2021  14:47:38,867583;9,319941E-1;5,038138E-3;9,050951E-3;9,335608E-1;;
30/11/2021  14:47:38,867683;9,324918E-1;1,555128E-2;1,789705E-2;9,333924E-1;;
30/11/2021  14:47:38,867783;9,326319E-1;1,332122E-2;2,010857E-2;9,332318E-1;;
30/11/2021  14:47:38,867883;9,328316E-1;5,059508E-2;5,264957E-2;9,330791E-1;;
30/11/2021  14:47:38,867983;9,328435E-1;1,332122E-2;1,758111E-2;9,329344E-1;;
30/11/2021  14:47:38,868083;9,323935E-1;8,861098E-3;2,642721E-2;9,327976E-1;;
30/11/2021  14:47:38,868183;9,320507E-1;1,268406E-2;5,106991E-2;9,326690E-1;;
30/11/2021  14:47:38,868283;9,320328E-1;1,650702E-2;1,852891E-2;9,325482E-1;;
30/11/2021  14:47:38,868383;9,326349E-1;8,627604E-2;1,000394E-1;9,324353E-1;;
30/11/2021  14:47:38,868483;9,333531E-1;1,276914E-1;1,259458E-1;9,323300E-1;;
30/11/2021  14:47:38,868583;9,336005E-1;1,296029E-1;1,531159E-1;9,322325E-1;;
30/11/2021  14:47:38,868683;9,335886E-1;1,372488E-1;1,341600E-1;9,321427E-1;;
30/11/2021  14:47:38,868783;9,336720E-1;1,283286E-1;1,231024E-1;9,320608E-1;;
30/11/2021  14:47:38,868883;9,333978E-1;1,248242E-1;1,107811E-1;9,319867E-1;;
30/11/2021  14:47:38,868983;9,337137E-1;9,137332E-2;1,502726E-1;9,319205E-1;;
30/11/2021  14:47:38,869083;9,345482E-1;1,057094E-1;1,107811E-1;9,318621E-1;;
30/11/2021  14:47:38,869183;9,349804E-1;1,123996E-1;1,050943E-1;9,318115E-1;;
30/11/2021  14:47:38,869283;9,356092E-1;9,838208E-2;8,139938E-2;9,317690E-1;;
30/11/2021  14:47:38,869383;9,352695E-1;1,041165E-1;8,866581E-2;9,317346E-1;;
30/11/2021  14:47:38,869483;9,350072E-1;1,311958E-1;1,395309E-1;9,317084E-1;;
30/11/2021  14:47:38,869583;9,352575E-1;9,647060E-2;1,174156E-1;9,316906E-1;;
30/11/2021  14:47:38,869683;9,358774E-1;1,305587E-1;8,266311E-2;9,316811E-1;;
30/11/2021  14:47:38,869783;9,365629E-1;1,238685E-1;1,246821E-1;9,316798E-1;;
30/11/2021  14:47:38,869883;9,367089E-1;1,114439E-1;1,054102E-1;9,316869E-1;;
30/11/2021  14:47:38,869983;9,372603E-1;1,334259E-1;1,297370E-1;9,317025E-1;;
30/11/2021  14:47:38,870083;9,374033E-1;1,382046E-1;1,319485E-1;9,317267E-1;;
30/11/2021  14:47:38,870183;9,373795E-1;1,324701E-1;1,284732E-1;9,317596E-1;;
30/11/2021  14:47:38,870283;9,376716E-1;1,251428E-1;1,227865E-1;9,318012E-1;;
30/11/2021  14:47:38,870383;9,375881E-1;1,229127E-1;1,224705E-1;9,318516E-1;;
30/11/2021  14:47:38,870483;9,384047E-1;1,079395E-1;1,120448E-1;9,319106E-1;;
30/11/2021  14:47:38,870583;9,386730E-1;1,162226E-1;1,158360E-1;9,319784E-1;;
30/11/2021  14:47:38,870683;9,392929E-1;1,194084E-1;1,212068E-1;9,320548E-1;;
30/11/2021  14:47:38,870783;9,383749E-1;1,174969E-1;9,688005E-2;9,321399E-1;;
30/11/2021  14:47:38,870883;9,382617E-1;1,439390E-1;1,537478E-1;9,322336E-1;;
30/11/2021  14:47:38,870983;9,387504E-1;1,627352E-1;1,761790E-1;9,323355E-1;;
30/11/2021  14:47:38,871083;9,386342E-1;1,245056E-1;1,480610E-1;9,324456E-1;;
30/11/2021  14:47:38,871183;9,391230E-1;1,292843E-1;1,278414E-1;9,325634E-1;;
30/11/2021  14:47:38,871283;9,397131E-1;1,289658E-1;1,439539E-1;9,326886E-1;;
30/11/2021  14:47:38,871383;9,395372E-1;1,162226E-1;1,180475E-1;9,328211E-1;;
30/11/2021  14:47:38,871483;9,388488E-1;1,108067E-1;1,174156E-1;9,329605E-1;;
30/11/2021  14:47:38,871583;9,383511E-1;1,382046E-1;1,442698E-1;9,331064E-1;;
30/11/2021  14:47:38,871683;9,388637E-1;-8,384568E-2;2,010857E-2;9,332584E-1;;
30/11/2021  14:47:38,871783;9,384375E-1;9,742634E-2;9,435259E-2;9,334159E-1;;
30/11/2021  14:47:38,871883;9,385508E-1;1,063466E-1;1,262617E-1;9,335782E-1;;
30/11/2021  14:47:38,871983;9,389024E-1;9,901924E-2;1,006712E-1;9,337448E-1;;
30/11/2021  14:47:38,872083;9,384494E-1;9,806350E-2;9,845971E-2;9,339151E-1;;
30/11/2021  14:47:38,872183;9,380232E-1;8,404598E-2;7,792413E-2;9,340885E-1;;
30/11/2021  14:47:38,872283;9,377222E-1;8,786894E-2;1,139404E-1;9,342643E-1;;
30/11/2021  14:47:38,872383;9,383034E-1;9,137332E-2;8,961361E-2;9,344419E-1;;
30/11/2021  14:47:38,872483;9,389501E-1;6,875414E-2;1,850251E-1;9,346206E-1;;
30/11/2021  14:47:38,872583;9,390574E-1;8,245308E-2;1,123607E-1;9,347999E-1;;
30/11/2021  14:47:38,872683;9,385627E-1;8,691320E-2;1,161519E-1;9,349793E-1;;
30/11/2021  14:47:38,872783;9,388518E-1;1,528593E-1;1,584868E-1;9,351585E-1;;
30/11/2021  14:47:38,872883;9,386670E-1;9,201048E-2;1,107811E-1;9,353369E-1;;
30/11/2021  14:47:38,872983;9,394389E-1;1,063466E-1;1,095173E-1;9,355142E-1;;
30/11/2021  14:47:38,873083;9,397429E-1;1,120810E-1;1,205749E-1;9,356901E-1;;
30/11/2021  14:47:38,873183;9,398651E-1;1,063466E-1;7,824006E-2;9,358643E-1;;
30/11/2021  14:47:38,873283;9,400648E-1;1,334259E-1;1,202590E-1;9,360367E-1;;
30/11/2021  14:47:38,873383;9,403568E-1;1,483991E-1;1,344760E-1;9,362071E-1;;
30/11/2021  14:47:38,873483;9,405058E-1;1,566822E-1;1,284732E-1;9,363756E-1;;
30/11/2021  14:47:38,873583;9,405088E-1;1,519035E-1;1,189953E-1;9,365419E-1;;
30/11/2021  14:47:38,873683;9,415042E-1;1,174969E-1;1,215227E-1;9,367061E-1;;
30/11/2021  14:47:38,873783;9,418440E-1;1,146297E-1;1,126766E-1;9,368683E-1;;
30/11/2021  14:47:38,873883;9,421897E-1;7,894870E-2;1,186794E-1;9,370285E-1;;
30/11/2021  14:47:38,873983;9,427947E-1;8,223938E-3;1,094654E-2;9,371872E-1;;
30/11/2021  14:47:38,874083;9,427738E-1;4,868360E-2;5,012211E-2;9,373444E-1;;
30/11/2021  14:47:38,874183;9,428424E-1;8,054160E-2;8,329497E-2;9,375005E-1;;
30/11/2021  14:47:38,874283;9,436590E-1;1,143111E-1;1,186794E-1;9,376557E-1;;
30/11/2021  14:47:38,874383;9,441776E-1;1,149482E-1;1,148882E-1;9,378104E-1;;
30/11/2021  14:47:38,874483;9,448869E-1;1,165411E-1;1,133085E-1;9,379648E-1;;
30/11/2021  14:47:38,874583;9,454293E-1;1,194084E-1;1,240502E-1;9,381194E-1;;
30/11/2021  14:47:38,874683;9,453607E-1;1,544522E-1;1,581709E-1;9,382747E-1;;
30/11/2021  14:47:38,874783;9,459508E-1;8,914326E-2;8,992954E-2;9,384312E-1;;
30/11/2021  14:47:38,874883;9,458048E-1;1,213198E-1;1,088855E-1;9,385891E-1;;
30/11/2021  14:47:38,874983;9,458912E-1;1,206827E-1;1,164678E-1;9,387489E-1;;
30/11/2021  14:47:38,875083;9,468092E-1;1,232313E-1;1,231024E-1;9,389109E-1;;
30/11/2021  14:47:38,875183;9,469552E-1;1,229127E-1;1,237343E-1;9,390754E-1;;
30/11/2021  14:47:38,875283;9,467823E-1;6,779840E-2;5,264957E-2;9,392426E-1;;
30/11/2021  14:47:38,875383;9,465022E-1;1,251428E-1;1,313166E-1;9,394129E-1;;
30/11/2021  14:47:38,875483;9,467376E-1;1,114439E-1;1,227865E-1;9,395862E-1;;
30/11/2021  14:47:38,875583;9,462489E-1;4,836502E-2;6,465498E-2;9,397626E-1;;
30/11/2021  14:47:38,875683;9,466006E-1;1,194084E-1;1,227865E-1;9,399420E-1;;
30/11/2021  14:47:38,875783;9,465320E-1;-1,535098E-2;2,927060E-2;9,401243E-1;;
30/11/2021  14:47:38,875883;9,469820E-1;1,216384E-1;1,152041E-1;9,403092E-1;;
30/11/2021  14:47:38,875983;9,465439E-1;1,149482E-1;1,268936E-1;9,404968E-1;;
30/11/2021  14:47:38,876083;9,464992E-1;1,254614E-1;1,268936E-1;9,406866E-1;;
30/11/2021  14:47:38,876183;9,458734E-1;1,260985E-1;1,275255E-1;9,408784E-1;;
30/11/2021  14:47:38,876283;9,462310E-1;1,213198E-1;1,189953E-1;9,410718E-1;;
30/11/2021  14:47:38,876383;9,459151E-1;1,254614E-1;1,249980E-1;9,412664E-1;;
30/11/2021  14:47:38,876483;9,460909E-1;1,682560E-2;6,402312E-2;9,414618E-1;;
30/11/2021  14:47:38,876583;9,459836E-1;1,343816E-1;1,306848E-1;9,416574E-1;;
30/11/2021  14:47:38,876683;9,452088E-1;1,136739E-1;8,455870E-2;9,418528E-1;;
30/11/2021  14:47:38,876783;9,459806E-1;1,254614E-1;1,430061E-1;9,420476E-1;;
30/11/2021  14:47:38,876883;9,453160E-1;-1,566956E-2;5,865227E-2;9,422412E-1;;
30/11/2021  14:47:38,876983;9,451164E-1;1,337445E-1;1,268936E-1;9,424330E-1;;
30/11/2021  14:47:38,877083;9,455604E-1;1,060280E-1;1,155200E-1;9,426226E-1;;
30/11/2021  14:47:38,877183;9,455843E-1;1,139925E-1;1,212068E-1;9,428096E-1;;
30/11/2021  14:47:38,877283;9,457392E-1;1,117624E-1;9,719598E-2;9,429934E-1;;
30/11/2021  14:47:38,877383;9,450806E-1;1,703812E-1;2,017695E-1;9,431737E-1;;
30/11/2021  14:47:38,877483;9,453101E-1;1,347002E-1;1,341600E-1;9,433501E-1;;
30/11/2021  14:47:38,877583;9,449465E-1;1,378860E-1;1,373193E-1;9,435223E-1;;
30/11/2021  14:47:38,877683;9,446812E-1;1,254614E-1;1,297370E-1;9,436898E-1;;
30/11/2021  14:47:38,877783;9,448869E-1;1,216384E-1;1,202590E-1;9,438523E-1;;
30/11/2021  14:47:38,877883;9,449614E-1;7,448858E-2;7,729226E-2;9,440094E-1;;
30/11/2021  14:47:38,877983;9,444994E-1;1,216384E-1;1,161519E-1;9,441607E-1;;
30/11/2021  14:47:38,878083;9,445054E-1;1,305587E-1;1,347919E-1;9,443060E-1;;
30/11/2021  14:47:38,878183;9,438795E-1;1,359745E-1;1,363715E-1;9,444450E-1;;
30/11/2021  14:47:38,878283;9,435815E-1;1,592309E-1;2,102996E-1;9,445773E-1;;
30/11/2021  14:47:38,878383;9,437991E-1;1,420275E-1;1,493248E-1;9,447026E-1;;
30/11/2021  14:47:38,878483;9,440554E-1;6,875414E-2;1,038306E-1;9,448206E-1;;
30/11/2021  14:47:38,878583;9,435636E-1;1,401161E-1;1,546956E-1;9,449310E-1;;
30/11/2021  14:47:38,878683;9,440464E-1;6,652408E-2;9,024547E-2;9,450337E-1;;
30/11/2021  14:47:38,878783;9,434146E-1;1,372488E-1;1,515363E-1;9,451285E-1;;
30/11/2021  14:47:38,878883;9,430451E-1;1,656025E-1;1,777586E-1;9,452154E-1;;
30/11/2021  14:47:38,878983;9,428245E-1;1,362931E-1;1,477451E-1;9,452941E-1;;
30/11/2021  14:47:38,879083;9,433759E-1;1,401161E-1;1,420583E-1;9,453647E-1;;
30/11/2021  14:47:38,879183;9,429348E-1;1,407532E-1;1,284732E-1;9,454269E-1;;
30/11/2021  14:47:38,879283;9,428960E-1;1,302401E-1;1,278414E-1;9,454807E-1;;
30/11/2021  14:47:38,879383;9,427321E-1;1,257800E-1;1,152041E-1;9,455262E-1;;
30/11/2021  14:47:38,879483;9,423506E-1;1,053908E-1;7,981972E-2;9,455634E-1;;
30/11/2021  14:47:38,879583;9,421241E-1;1,232313E-1;1,129926E-1;9,455922E-1;;
30/11/2021  14:47:38,879683;9,421837E-1;8,946184E-2;9,845971E-2;9,456127E-1;;
30/11/2021  14:47:38,879783;9,421063E-1;1,216384E-1;1,227865E-1;9,456250E-1;;
30/11/2021  14:47:38,879883;9,422553E-1;1,468062E-1;1,685966E-1;9,456290E-1;;
30/11/2021  14:47:38,879983;9,425026E-1;1,111253E-1;1,186794E-1;9,456250E-1;;
30/11/2021  14:47:38,880083;9,415936E-1;1,066652E-1;1,095173E-1;9,456131E-1;;
30/11/2021  14:47:38,880183;9,415758E-1;4,677212E-2;9,403666E-2;9,455934E-1;;
30/11/2021  14:47:38,880283;9,407741E-1;4,040052E-2;9,435259E-2;9,455663E-1;;
30/11/2021  14:47:38,880383;9,404790E-1;1,362931E-1;1,328963E-1;9,455316E-1;;
30/11/2021  14:47:38,880483;9,408724E-1;1,340630E-1;1,351078E-1;9,454894E-1;;
30/11/2021  14:47:38,880583;9,408009E-1;1,260985E-1;1,126766E-1;9,454399E-1;;
30/11/2021  14:47:38,880683;9,401154E-1;1,519035E-1;1,572231E-1;9,453830E-1;;
30/11/2021  14:47:38,880783;9,393405E-1;1,299215E-1;1,234183E-1;9,453190E-1;;
30/11/2021  14:47:38,880883;9,390902E-1;1,229127E-1;1,212068E-1;9,452478E-1;;
30/11/2021  14:47:38,880983;9,384763E-1;9,583344E-2;1,145722E-1;9,451695E-1;;
30/11/2021  14:47:38,881083;9,384315E-1;1,738855E-1;1,644895E-1;9,450839E-1;;
30/11/2021  14:47:38,881183;9,391140E-1;7,480716E-2;7,097362E-2;9,449911E-1;;
30/11/2021  14:47:38,881283;9,385686E-1;9,806350E-2;1,013031E-1;9,448910E-1;;
30/11/2021  14:47:38,881383;9,384971E-1;1,130368E-1;1,259458E-1;9,447839E-1;;
30/11/2021  14:47:38,881483;9,377252E-1;8,850610E-2;9,182514E-2;9,446699E-1;;
30/11/2021  14:47:38,881583;9,371917E-1;1,178155E-1;1,357397E-1;9,445491E-1;;
30/11/2021  14:47:38,881683;9,376924E-1;1,225942E-1;1,265777E-1;9,444215E-1;;
30/11/2021  14:47:38,881783;9,376924E-1;5,314372E-2;7,824006E-2;9,442874E-1;;
30/11/2021  14:47:38,881883;9,373139E-1;1,197269E-1;1,246821E-1;9,441468E-1;;
30/11/2021  14:47:38,881983;9,372096E-1;7,544432E-2;8,582243E-2;9,440001E-1;;
30/11/2021  14:47:38,882083;9,372275E-1;1,165411E-1;1,205749E-1;9,438474E-1;;
30/11/2021  14:47:38,882183;9,374987E-1;1,197269E-1;1,193112E-1;9,436891E-1;;
30/11/2021  14:47:38,882283;9,370904E-1;1,095324E-1;1,133085E-1;9,435254E-1;;
30/11/2021  14:47:38,882383;9,367685E-1;1,111253E-1;1,196272E-1;9,433568E-1;;
30/11/2021  14:47:38,882483;9,379607E-1;1,111253E-1;1,139404E-1;9,431835E-1;;
30/11/2021  14:47:38,882583;9,379398E-1;8,627604E-2;1,028828E-1;9,430061E-1;;
30/11/2021  14:47:38,882683;9,373884E-1;1,114439E-1;1,177316E-1;9,428252E-1;;
30/11/2021  14:47:38,882783;9,379607E-1;1,025236E-1;1,123607E-1;9,426412E-1;;
30/11/2021  14:47:38,882883;9,373735E-1;8,978042E-2;8,266311E-2;9,424547E-1;;
30/11/2021  14:47:38,882983;9,376835E-1;3,211744E-2;9,308886E-2;9,422663E-1;;
30/11/2021  14:47:38,883083;9,380829E-1;1,280100E-1;1,572231E-1;9,420764E-1;;
30/11/2021  14:47:38,883183;9,383004E-1;4,932076E-2;7,950379E-2;9,418857E-1;;
30/11/2021  14:47:38,883283;9,386640E-1;1,104881E-1;1,218387E-1;9,416948E-1;;
30/11/2021  14:47:38,883383;9,382885E-1;1,385232E-1;1,723878E-1;9,415043E-1;;
30/11/2021  14:47:38,883483;9,385269E-1;1,439390E-1;1,420583E-1;9,413149E-1;;
30/11/2021  14:47:38,883583;9,386879E-1;1,459554E-2;1,536959E-2;9,411271E-1;;
30/11/2021  14:47:38,883683;9,383183E-1;8,223938E-3;1,094654E-2;9,409416E-1;;
30/11/2021  14:47:38,883783;9,391707E-1;8,542518E-3;9,366883E-3;9,407588E-1;;
30/11/2021  14:47:38,883883;9,395819E-1;5,675298E-3;7,155359E-3;9,405794E-1;;
30/11/2021  14:47:38,883983;9,397429E-1;1,077258E-2;1,347400E-2;9,404039E-1;;
30/11/2021  14:47:38,884083;9,397965E-1;2,808078E-3;4,311971E-3;9,402330E-1;;
30/11/2021  14:47:38,884183;9,396475E-1;3,763818E-3;5,891631E-3;9,400673E-1;;
30/11/2021  14:47:38,884283;9,401691E-1;1,533758E-3;3,364175E-3;9,399073E-1;;
30/11/2021  14:47:38,884383;9,399902E-1;7,268198E-3;9,366883E-3;9,397535E-1;;
30/11/2021  14:47:38,884483;9,404969E-1;1,215178E-3;3,680107E-3;9,396063E-1;;
30/11/2021  14:47:38,884583;9,409410E-1;4,400978E-3;6,523495E-3;9,394663E-1;;
30/11/2021  14:47:38,884683;9,404969E-1;4,400978E-3;6,207563E-3;9,393338E-1;;
30/11/2021  14:47:38,884783;9,413731E-1;9,816838E-3;1,284213E-2;9,392093E-1;;
30/11/2021  14:47:38,884883;9,409618E-1;7,905358E-3;9,366883E-3;9,390932E-1;;
30/11/2021  14:47:38,884983;9,409827E-1;3,126658E-3;4,943835E-3;9,389857E-1;;
30/11/2021  14:47:38,885083;9,406280E-1;4,400978E-3;6,207563E-3;9,388871E-1;;
30/11/2021  14:47:38,885183;9,409648E-1;1,215178E-3;3,680107E-3;9,387976E-1;;
30/11/2021  14:47:38,885283;9,413671E-1;5,780180E-4;2,732311E-3;9,387171E-1;;
30/11/2021  14:47:38,885383;9,406221E-1;1,215178E-3;3,364175E-3;9,386458E-1;;
30/11/2021  14:47:38,885483;9,407502E-1;2,170918E-3;4,311971E-3;9,385836E-1;;
30/11/2021  14:47:38,885583;9,402138E-1;1,215178E-3;3,364175E-3;9,385304E-1;;
30/11/2021  14:47:38,885683;9,398144E-1;5,780180E-4;3,364175E-3;9,384860E-1;;
30/11/2021  14:47:38,885783;9,399545E-1;8,965980E-4;3,996039E-3;9,384500E-1;;
30/11/2021  14:47:38,885883;9,400767E-1;1,533758E-3;3,364175E-3;9,384220E-1;;
30/11/2021  14:47:38,885983;9,401899E-1;5,780180E-4;2,732311E-3;9,384017E-1;;
30/11/2021  14:47:38,886083;9,395521E-1;1,852338E-3;4,311971E-3;9,383888E-1;;
30/11/2021  14:47:38,886183;9,386968E-1;1,215178E-3;3,048243E-3;9,383826E-1;;
30/11/2021  14:47:38,886283;9,384763E-1;1,215178E-3;2,732311E-3;9,383828E-1;;
30/11/2021  14:47:38,886383;9,387445E-1;1,533758E-3;3,680107E-3;9,383885E-1;;
30/11/2021  14:47:38,886483;9,390574E-1;1,215178E-3;3,680107E-3;9,383992E-1;;
30/11/2021  14:47:38,886583;9,385001E-1;1,215178E-3;3,364175E-3;9,384143E-1;;
30/11/2021  14:47:38,886683;9,389114E-1;8,965980E-4;3,680107E-3;9,384333E-1;;
30/11/2021  14:47:38,886783;9,384286E-1;5,780180E-4;3,048243E-3;9,384556E-1;;
30/11/2021  14:47:38,886883;9,372663E-1;8,965980E-4;3,680107E-3;9,384807E-1;;
30/11/2021  14:47:38,886983;9,372305E-1;1,533758E-3;4,311971E-3;9,385079E-1;;
30/11/2021  14:47:38,887083;9,375971E-1;1,533758E-3;3,680107E-3;9,385365E-1;;
30/11/2021  14:47:38,887183;9,375345E-1;4,719558E-3;6,839427E-3;9,385659E-1;;
30/11/2021  14:47:38,887283;9,376269E-1;4,719558E-3;9,050951E-3;9,385956E-1;;
30/11/2021  14:47:38,887383;9,371560E-1;8,542518E-3;1,252620E-2;9,386250E-1;;
30/11/2021  14:47:38,887483;9,372096E-1;1,140974E-2;1,568552E-2;9,386537E-1;;
30/11/2021  14:47:38,887583;9,362440E-1;1,586986E-2;1,916077E-2;9,386812E-1;;
30/11/2021  14:47:38,887683;9,363334E-1;2,096714E-2;3,148212E-2;9,387069E-1;;
30/11/2021  14:47:38,887783;9,362142E-1;1,618844E-2;1,884484E-2;9,387304E-1;;
30/11/2021  14:47:38,887883;9,367685E-1;1,682560E-2;2,516348E-2;9,387512E-1;;
30/11/2021  14:47:38,887983;9,367775E-1;1,159040E-1;1,212068E-1;9,387690E-1;;
30/11/2021  14:47:38,888083;9,368162E-1;3,912620E-2;6,370719E-2;9,387834E-1;;
30/11/2021  14:47:38,888183;9,361010E-1;4,995792E-2;4,854245E-2;9,387943E-1;;
30/11/2021  14:47:38,888283;9,358774E-1;1,155854E-1;1,120448E-1;9,388015E-1;;
30/11/2021  14:47:38,888383;9,359341E-1;1,251428E-1;1,164678E-1;9,388047E-1;;
30/11/2021  14:47:38,888483;9,366195E-1;1,809992E-2;2,421569E-2;9,388037E-1;;
30/11/2021  14:47:38,888583;9,367924E-1;1,219570E-1;1,205749E-1;9,387985E-1;;
30/11/2021  14:47:38,888683;9,371530E-1;1,471248E-1;1,433221E-1;9,387890E-1;;
30/11/2021  14:47:38,888783;9,369772E-1;7,225852E-2;5,454516E-2;9,387755E-1;;
30/11/2021  14:47:38,888883;9,367298E-1;1,018865E-1;8,234717E-2;9,387580E-1;;
30/11/2021  14:47:38,888983;9,369295E-1;2,509819E-1;2,940216E-1;9,387368E-1;;
30/11/2021  14:47:38,889083;9,362947E-1;1,353374E-1;1,471132E-1;9,387120E-1;;
30/11/2021  14:47:38,889183;9,370159E-1;1,286472E-1;1,382671E-1;9,386837E-1;;
30/11/2021  14:47:38,889283;9,377312E-1;1,181340E-1;1,215227E-1;9,386520E-1;;
30/11/2021  14:47:38,889383;9,374838E-1;1,235499E-1;1,306848E-1;9,386174E-1;;
30/11/2021  14:47:38,889483;9,371292E-1;1,509478E-1;1,897641E-1;9,385801E-1;;
30/11/2021  14:47:38,889583;9,367417E-1;1,337445E-1;1,332122E-1;9,385404E-1;;
30/11/2021  14:47:38,889683;9,370457E-1;1,289658E-1;1,278414E-1;9,384986E-1;;
30/11/2021  14:47:38,889783;9,371262E-1;1,260985E-1;1,212068E-1;9,384548E-1;;
30/11/2021  14:47:38,889883;9,371470E-1;1,308772E-1;1,287892E-1;9,384093E-1;;
30/11/2021  14:47:38,889983;9,375315E-1;-2,108542E-2;3,653703E-2;9,383622E-1;;
30/11/2021  14:47:38,890083;9,376060E-1;1,197269E-1;1,158360E-1;9,383140E-1;;
30/11/2021  14:47:38,890183;9,375971E-1;1,022050E-1;7,666040E-2;9,382649E-1;;
30/11/2021  14:47:38,890283;9,376120E-1;8,086018E-2;5,359736E-2;9,382152E-1;;
30/11/2021  14:47:38,890383;9,370308E-1;2,003277E-1;2,289396E-1;9,381651E-1;;
30/11/2021  14:47:38,890483;9,371739E-1;1,235499E-1;1,347919E-1;9,381150E-1;;
30/11/2021  14:47:38,890583;9,374987E-1;1,646467E-1;1,540637E-1;9,380649E-1;;
30/11/2021  14:47:38,890683;9,375792E-1;1,327887E-1;1,287892E-1;9,380151E-1;;
30/11/2021  14:47:38,890783;9,389144E-1;1,533758E-3;3,996039E-3;9,379658E-1;;
30/11/2021  14:47:38,890883;9,382855E-1;1,215178E-3;3,680107E-3;9,379173E-1;;
30/11/2021  14:47:38,890983;9,374242E-1;8,965980E-4;2,732311E-3;9,378700E-1;;
30/11/2021  14:47:38,891083;9,367536E-1;1,215178E-3;3,048243E-3;9,378242E-1;;
30/11/2021  14:47:38,891183;9,364467E-1;8,965980E-4;3,364175E-3;9,377797E-1;;
30/11/2021  14:47:38,891283;9,351264E-1;1,852338E-3;3,996039E-3;9,377365E-1;;
30/11/2021  14:47:38,891383;9,352695E-1;1,852338E-3;3,048243E-3;9,376943E-1;;
30/11/2021  14:47:38,891483;9,349327E-1;1,215178E-3;3,680107E-3;9,376528E-1;;
30/11/2021  14:47:38,891583;9,352545E-1;5,780180E-4;3,048243E-3;9,376115E-1;;
30/11/2021  14:47:38,891683;9,349416E-1;1,215178E-3;3,680107E-3;9,375701E-1;;
30/11/2021  14:47:38,891783;9,345482E-1;1,215178E-3;3,680107E-3;9,375285E-1;;
30/11/2021  14:47:38,891883;9,339492E-1;8,965980E-4;3,048243E-3;9,374862E-1;;
30/11/2021  14:47:38,891983;9,340028E-1;8,965980E-4;3,364175E-3;9,374429E-1;;
30/11/2021  14:47:38,892083;9,343873E-1;1,215178E-3;3,680107E-3;9,373982E-1;;
30/11/2021  14:47:38,892183;9,347509E-1;1,215178E-3;3,048243E-3;9,373519E-1;;
30/11/2021  14:47:38,892283;9,339760E-1;1,215178E-3;3,680107E-3;9,373039E-1;;
30/11/2021  14:47:38,892383;9,336988E-1;1,533758E-3;3,680107E-3;9,372540E-1;;
30/11/2021  14:47:38,892483;9,326498E-1;1,533758E-3;3,680107E-3;9,372020E-1;;
30/11/2021  14:47:38,892583;9,322057E-1;1,215178E-3;3,364175E-3;9,371475E-1;;
30/11/2021  14:47:38,892683;9,314249E-1;2,489498E-3;4,943835E-3;9,370902E-1;;
30/11/2021  14:47:38,892783;9,314308E-1;5,993878E-3;7,787223E-3;9,370296E-1;;
30/11/2021  14:47:38,892883;9,310732E-1;6,949618E-3;1,094654E-2;9,369652E-1;;
30/11/2021  14:47:38,892983;9,304324E-1;1,459554E-2;1,758111E-2;9,368966E-1;;
30/11/2021  14:47:38,893083;9,297738E-1;1,395838E-2;1,758111E-2;9,368234E-1;;
30/11/2021  14:47:38,893183;9,286264E-1;1,523270E-2;1,852891E-2;9,367450E-1;;
30/11/2021  14:47:38,893283;9,276369E-1;1,746276E-2;1,916077E-2;9,366609E-1;;
30/11/2021  14:47:38,893383;9,279469E-1;1,650702E-2;1,758111E-2;9,365705E-1;;
30/11/2021  14:47:38,893483;9,285668E-1;1,714418E-2;1,884484E-2;9,364730E-1;;
30/11/2021  14:47:38,893583;9,282568E-1;5,537378E-2;5,675668E-2;9,363682E-1;;
30/11/2021  14:47:38,893683;9,283790E-1;8,818752E-2;9,940750E-2;9,362557E-1;;
30/11/2021  14:47:38,893783;9,274283E-1;1,714418E-2;1,694925E-2;9,361356E-1;;
30/11/2021  14:47:38,893883;9,275713E-1;9,487770E-2;8,487463E-2;9,360075E-1;;
30/11/2021  14:47:38,893983;9,284058E-1;1,714418E-2;2,674314E-2;9,358715E-1;;
30/11/2021  14:47:38,894083;9,281853E-1;1,778134E-2;1,979264E-2;9,357276E-1;;
30/11/2021  14:47:38,894183;9,297410E-1;2,156195E-1;2,908623E-1;9,355761E-1;;
30/11/2021  14:47:38,894283;9,297380E-1;1,254614E-1;1,234183E-1;9,354175E-1;;
30/11/2021  14:47:38,894383;9,297231E-1;7,130278E-2;2,263603E-2;9,352524E-1;;
30/11/2021  14:47:38,894483;9,301702E-1;1,289658E-1;1,278414E-1;9,350816E-1;;
30/11/2021  14:47:38,894583;9,298095E-1;1,225942E-1;1,212068E-1;9,349056E-1;;
30/11/2021  14:47:38,894683;9,309599E-1;1,394789E-1;1,546956E-1;9,347253E-1;;
30/11/2021  14:47:38,894783;9,314487E-1;1,296029E-1;1,338441E-1;9,345415E-1;;
30/11/2021  14:47:38,894883;9,324233E-1;1,292843E-1;1,300529E-1;9,343553E-1;;
30/11/2021  14:47:38,894983;9,324918E-1;9,551486E-2;1,436380E-1;9,341676E-1;;
30/11/2021  14:47:38,895083;9,328554E-1;1,576380E-1;1,578549E-1;9,339796E-1;;
30/11/2021  14:47:38,895183;9,323279E-1;1,283286E-1;1,332122E-1;9,337924E-1;;
30/11/2021  14:47:38,895283;9,323696E-1;1,280100E-1;1,170997E-1;9,336070E-1;;
30/11/2021  14:47:38,895383;9,329091E-1;1,025236E-1;9,972343E-2;9,334242E-1;;
30/11/2021  14:47:38,895483;9,334246E-1;1,200455E-1;1,202590E-1;9,332449E-1;;
30/11/2021  14:47:38,895583;9,337853E-1;1,331073E-1;1,310007E-1;9,330700E-1;;
30/11/2021  14:47:38,895683;9,345274E-1;1,069837E-1;7,034176E-2;9,329003E-1;;
30/11/2021  14:47:38,895783;9,345661E-1;1,264171E-1;1,351078E-1;9,327368E-1;;
30/11/2021  14:47:38,895883;9,348015E-1;1,324701E-1;1,388990E-1;9,325804E-1;;
30/11/2021  14:47:38,895983;9,345929E-1;1,821686E-1;1,597505E-1;9,324318E-1;;
30/11/2021  14:47:38,896083;9,356360E-1;1,385232E-1;1,376353E-1;9,322918E-1;;
30/11/2021  14:47:38,896183;9,364705E-1;1,139925E-1;1,208909E-1;9,321610E-1;;
30/11/2021  14:47:38,896283;9,372573E-1;8,563888E-2;1,117289E-1;9,320402E-1;;
30/11/2021  14:47:38,896383;9,378176E-1;1,092138E-1;1,240502E-1;9,319302E-1;;
30/11/2021  14:47:38,896483;9,381156E-1;1,213198E-1;1,256299E-1;9,318319E-1;;
30/11/2021  14:47:38,896583;9,383600E-1;1,184526E-1;1,231024E-1;9,317460E-1;;
30/11/2021  14:47:38,896683;9,387385E-1;1,305587E-1;1,183634E-1;9,316732E-1;;
30/11/2021  14:47:38,896783;9,393018E-1;1,337445E-1;1,373193E-1;9,316140E-1;;
30/11/2021  14:47:38,896883;9,400290E-1;1,292843E-1;1,196272E-1;9,315691E-1;;
30/11/2021  14:47:38,896983;9,405565E-1;1,426647E-1;1,461654E-1;9,315390E-1;;
30/11/2021  14:47:38,897083;9,407264E-1;1,369303E-1;1,177316E-1;9,315241E-1;;
30/11/2021  14:47:38,897183;9,404552E-1;1,280100E-1;1,385831E-1;9,315250E-1;;
30/11/2021  14:47:38,897283;9,405088E-1;-5,294342E-2;4,222381E-2;9,315417E-1;;
30/11/2021  14:47:38,897383;9,405148E-1;1,213198E-1;1,246821E-1;9,315745E-1;;
30/11/2021  14:47:38,897483;9,410900E-1;1,222756E-1;1,265777E-1;9,316233E-1;;
30/11/2021  14:47:38,897583;9,410721E-1;1,216384E-1;1,063580E-1;9,316879E-1;;
30/11/2021  14:47:38,897683;9,419215E-1;-4,784614E-2;8,419087E-3;9,317683E-1;;
30/11/2021  14:47:38,897783;9,408784E-1;1,143111E-1;1,477451E-1;9,318642E-1;;
30/11/2021  14:47:38,897883;9,412122E-1;8,882468E-2;1,006712E-1;9,319753E-1;;
30/11/2021  14:47:38,897983;9,410155E-1;9,264764E-2;1,041465E-1;9,321012E-1;;
30/11/2021  14:47:38,898083;9,414059E-1;9,647060E-2;1,016190E-1;9,322412E-1;;
30/11/2021  14:47:38,898183;9,417963E-1;9,838208E-2;1,073058E-1;9,323948E-1;;
30/11/2021  14:47:38,898283;9,421271E-1;8,532030E-2;7,634447E-2;9,325614E-1;;
30/11/2021  14:47:38,898383;9,419721E-1;9,296622E-2;9,719598E-2;9,327405E-1;;
30/11/2021  14:47:38,898483;9,423238E-1;6,142680E-2;8,266311E-2;9,329313E-1;;
30/11/2021  14:47:38,898583;9,420496E-1;5,091366E-2;7,065769E-2;9,331334E-1;;
30/11/2021  14:47:38,898683;9,423268E-1;9,424054E-2;1,531159E-1;9,333459E-1;;
30/11/2021  14:47:38,898783;9,428066E-1;8,149734E-2;9,530039E-2;9,335683E-1;;
30/11/2021  14:47:38,898883;9,437037E-1;8,946184E-2;1,003553E-1;9,337997E-1;;
30/11/2021  14:47:38,898983;9,437097E-1;1,012493E-1;1,066739E-1;9,340397E-1;;
30/11/2021  14:47:38,899083;9,435904E-1;1,184526E-1;1,117289E-1;9,342877E-1;;
30/11/2021  14:47:38,899183;9,435308E-1;1,155854E-1;1,379512E-1;9,345432E-1;;
30/11/2021  14:47:38,899283;9,433610E-1;1,334259E-1;1,019350E-1;9,348054E-1;;
30/11/2021  14:47:38,899383;9,435457E-1;1,417090E-1;1,341600E-1;9,350737E-1;;
30/11/2021  14:47:38,899483;9,438468E-1;1,257800E-1;1,076217E-1;9,353474E-1;;
30/11/2021  14:47:38,899583;9,446306E-1;1,534964E-1;1,347919E-1;9,356259E-1;;
30/11/2021  14:47:38,899683;9,448541E-1;1,525407E-1;1,407946E-1;9,359084E-1;;
30/11/2021  14:47:38,899783;9,450717E-1;1,509478E-1;1,366875E-1;9,361946E-1;;
30/11/2021  14:47:38,899883;9,452028E-1;1,159040E-1;9,498445E-2;9,364839E-1;;
30/11/2021  14:47:38,899983;9,446127E-1;3,817046E-2;3,811669E-2;9,367759E-1;;
30/11/2021  14:47:38,900083;9,453399E-1;1,283286E-1;1,347919E-1;9,370700E-1;;
30/11/2021  14:47:38,900183;9,455247E-1;1,143111E-1;1,085695E-1;9,373656E-1;;
30/11/2021  14:47:38,900283;9,458048E-1;1,063466E-1;1,073058E-1;9,376624E-1;;
30/11/2021  14:47:38,900383;9,464813E-1;2,956880E-2;4,411940E-2;9,379599E-1;;
30/11/2021  14:47:38,900483;9,461773E-1;9,678918E-2;8,582243E-2;9,382577E-1;;
30/11/2021  14:47:38,900583;9,461803E-1;1,289658E-1;1,467973E-1;9,385555E-1;;
30/11/2021  14:47:38,900683;9,459896E-1;1,028422E-1;1,019350E-1;9,388529E-1;;
30/11/2021  14:47:38,900783;9,463830E-1;1,222756E-1;1,262617E-1;9,391494E-1;;
30/11/2021  14:47:38,900883;9,473933E-1;1,152668E-1;1,177316E-1;9,394448E-1;;
30/11/2021  14:47:38,900983;9,474678E-1;1,248242E-1;1,193112E-1;9,397385E-1;;
30/11/2021  14:47:38,901083;9,475185E-1;1,219570E-1;1,398468E-1;9,400306E-1;;
30/11/2021  14:47:38,901183;9,474410E-1;1,245056E-1;1,227865E-1;9,403208E-1;;
30/11/2021  14:47:38,901283;9,469671E-1;1,232313E-1;1,180475E-1;9,406088E-1;;
30/11/2021  14:47:38,901383;9,464933E-1;9,519628E-2;9,845971E-2;9,408944E-1;;
30/11/2021  14:47:38,901483;9,466155E-1;-4,519262E-3;7,981972E-2;9,411770E-1;;
30/11/2021  14:47:38,901583;9,468271E-1;1,022050E-1;7,034176E-2;9,414563E-1;;
30/11/2021  14:47:38,901683;9,472622E-1;1,245056E-1;1,246821E-1;9,417319E-1;;
30/11/2021  14:47:38,901783;9,461207E-1;7,926728E-2;6,117973E-2;9,420034E-1;;
30/11/2021  14:47:38,901883;9,456916E-1;9,169190E-2;6,528685E-2;9,422703E-1;;
30/11/2021  14:47:38,901983;9,451372E-1;1,359745E-1;1,603824E-1;9,425321E-1;;
30/11/2021  14:47:38,902083;9,448422E-1;1,299215E-1;1,246821E-1;9,427882E-1;;
30/11/2021  14:47:38,902183;9,446872E-1;7,958586E-2;7,192142E-2;9,430379E-1;;
30/11/2021  14:47:38,902283;9,446097E-1;1,248242E-1;1,262617E-1;9,432805E-1;;
30/11/2021  14:47:38,902383;9,440673E-1;8,245308E-2;9,372073E-2;9,435155E-1;;
30/11/2021  14:47:38,902483;9,433967E-1;1,257800E-1;1,224705E-1;9,437421E-1;;
30/11/2021  14:47:38,902583;9,431285E-1;1,264171E-1;1,208909E-1;9,439597E-1;;
30/11/2021  14:47:38,902683;9,420347E-1;1,152668E-1;1,205749E-1;9,441677E-1;;
30/11/2021  14:47:38,902783;9,415191E-1;1,238685E-1;1,218387E-1;9,443652E-1;;
30/11/2021  14:47:38,902883;9,419215E-1;1,254614E-1;1,227865E-1;9,445515E-1;;
30/11/2021  14:47:38,902983;9,414327E-1;1,213198E-1;1,215227E-1;9,447259E-1;;
30/11/2021  14:47:38,903083;9,407174E-1;1,187712E-1;1,095173E-1;9,448878E-1;;
30/11/2021  14:47:38,903183;9,398561E-1;1,155854E-1;1,152041E-1;9,450365E-1;;
30/11/2021  14:47:38,903283;9,397041E-1;1,149482E-1;1,073058E-1;9,451716E-1;;
30/11/2021  14:47:38,903383;9,393554E-1;1,152668E-1;1,401627E-1;9,452922E-1;;
30/11/2021  14:47:38,903483;9,392154E-1;1,270543E-1;1,281573E-1;9,453980E-1;;
30/11/2021  14:47:38,903583;9,392183E-1;1,624167E-1;1,866047E-1;9,454885E-1;;
30/11/2021  14:47:38,903683;9,392571E-1;1,184526E-1;1,234183E-1;9,455633E-1;;
30/11/2021  14:47:38,903783;9,386849E-1;1,401161E-1;1,660692E-1;9,456223E-1;;
30/11/2021  14:47:38,903883;9,379875E-1;1,241871E-1;1,259458E-1;9,456654E-1;;
30/11/2021  14:47:38,903983;9,374004E-1;1,302401E-1;1,319485E-1;9,456924E-1;;
30/11/2021  14:47:38,904083;9,371262E-1;1,426647E-1;1,641736E-1;9,457031E-1;;
30/11/2021  14:47:38,904183;9,372752E-1;-3,127998E-2;6,117973E-2;9,456975E-1;;
30/11/2021  14:47:38,904283;9,377252E-1;1,149482E-1;1,082536E-1;9,456756E-1;;
30/11/2021  14:47:38,904383;9,370636E-1;1,369303E-1;1,502726E-1;9,456375E-1;;
30/11/2021  14:47:38,904483;9,366165E-1;1,171783E-1;1,047783E-1;9,455834E-1;;
30/11/2021  14:47:38,904583;9,361516E-1;1,267357E-1;1,253139E-1;9,455137E-1;;
30/11/2021  14:47:38,904683;9,359817E-1;9,774492E-2;8,392683E-2;9,454285E-1;;
30/11/2021  14:47:38,904783;9,356718E-1;1,340630E-1;1,477451E-1;9,453281E-1;;
30/11/2021  14:47:38,904883;9,361755E-1;1,187712E-1;1,063580E-1;9,452129E-1;;
30/11/2021  14:47:38,904983;9,366881E-1;1,213198E-1;1,948190E-1;9,450833E-1;;
30/11/2021  14:47:38,905083;9,365957E-1;1,362931E-1;1,436380E-1;9,449399E-1;;
30/11/2021  14:47:38,905183;9,367685E-1;1,573194E-1;2,061925E-1;9,447834E-1;;
30/11/2021  14:47:38,905283;9,361099E-1;1,362931E-1;1,480610E-1;9,446147E-1;;
30/11/2021  14:47:38,905383;9,363364E-1;1,292843E-1;1,300529E-1;9,444345E-1;;
30/11/2021  14:47:38,905483;9,364854E-1;1,337445E-1;1,354238E-1;9,442435E-1;;
30/11/2021  14:47:38,905583;9,369503E-1;1,308772E-1;1,351078E-1;9,440427E-1;;
30/11/2021  14:47:38,905683;9,370159E-1;1,063466E-1;9,466852E-2;9,438329E-1;;
30/11/2021  14:47:38,905783;9,372066E-1;1,315144E-1;1,335282E-1;9,436152E-1;;
30/11/2021  14:47:38,905883;9,366970E-1;1,305587E-1;1,300529E-1;9,433905E-1;;
30/11/2021  14:47:38,905983;9,360056E-1;1,254614E-1;1,221546E-1;9,431598E-1;;
30/11/2021  14:47:38,906083;9,360056E-1;1,168597E-1;1,082536E-1;9,429238E-1;;
30/11/2021  14:47:38,906183;9,364258E-1;1,483991E-1;1,727037E-1;9,426834E-1;;
30/11/2021  14:47:38,906283;9,362291E-1;1,200455E-1;1,240502E-1;9,424393E-1;;
30/11/2021  14:47:38,906383;9,363722E-1;1,359745E-1;1,066739E-1;9,421923E-1;;
30/11/2021  14:47:38,906483;9,361665E-1;9,710776E-2;1,152041E-1;9,419432E-1;;
30/11/2021  14:47:38,906583;9,360980E-1;1,382046E-1;1,303688E-1;9,416927E-1;;
30/11/2021  14:47:38,906683;9,361069E-1;1,213198E-1;1,237343E-1;9,414416E-1;;
30/11/2021  14:47:38,906783;9,348045E-1;1,260985E-1;1,335282E-1;9,411903E-1;;
30/11/2021  14:47:38,906883;9,350251E-1;1,280100E-1;1,300529E-1;9,409396E-1;;
30/11/2021  14:47:38,906983;9,356956E-1;1,139925E-1;1,262617E-1;9,406897E-1;;
30/11/2021  14:47:38,907083;9,355407E-1;1,260985E-1;1,240502E-1;9,404412E-1;;
30/11/2021  14:47:38,907183;9,350042E-1;1,382046E-1;1,445858E-1;9,401945E-1;;
30/11/2021  14:47:38,907283;9,340893E-1;1,394789E-1;1,341600E-1;9,399501E-1;;
30/11/2021  14:47:38,907383;9,337942E-1;1,356559E-1;1,240502E-1;9,397082E-1;;
30/11/2021  14:47:38,907483;9,335260E-1;1,337445E-1;1,256299E-1;9,394690E-1;;
30/11/2021  14:47:38,907583;9,339998E-1;1,350188E-1;1,313166E-1;9,392326E-1;;
30/11/2021  14:47:38,907683;9,338717E-1;1,401161E-1;1,606983E-1;9,389991E-1;;
30/11/2021  14:47:38,907783;9,334693E-1;1,340630E-1;1,370034E-1;9,387686E-1;;
30/11/2021  14:47:38,907883;9,330759E-1;1,238685E-1;1,471132E-1;9,385413E-1;;
30/11/2021  14:47:38,907983;9,329120E-1;1,296029E-1;1,392149E-1;9,383173E-1;;
30/11/2021  14:47:38,908083;9,323994E-1;1,691068E-1;2,460000E-1;9,380965E-1;;
30/11/2021  14:47:38,908183;9,317557E-1;1,101695E-1;1,208909E-1;9,378789E-1;;
30/11/2021  14:47:38,908283;9,322742E-1;-2,140400E-2;7,697633E-2;9,376643E-1;;
30/11/2021  14:47:38,908383;9,324411E-1;1,133553E-1;1,196272E-1;9,374528E-1;;
30/11/2021  14:47:38,908483;9,319762E-1;-5,389916E-2;5,170177E-2;9,372443E-1;;
30/11/2021  14:47:38,908583;9,308228E-1;9,519628E-2;1,177316E-1;9,370387E-1;;
30/11/2021  14:47:38,908683;9,310672E-1;1,114439E-1;1,221546E-1;9,368358E-1;;
30/11/2021  14:47:38,908783;9,303043E-1;1,120810E-1;1,221546E-1;9,366356E-1;;
30/11/2021  14:47:38,908883;9,300420E-1;1,123996E-1;1,338441E-1;9,364377E-1;;
30/11/2021  14:47:38,908983;9,309838E-1;-1,471382E-2;3,716890E-2;9,362419E-1;;
30/11/2021  14:47:38,909083;9,305129E-1;1,229127E-1;1,319485E-1;9,360480E-1;;
30/11/2021  14:47:38,909183;9,302476E-1;7,417000E-2;7,065769E-2;9,358559E-1;;
30/11/2021  14:47:38,909283;9,300897E-1;1,395838E-2;1,568552E-2;9,356657E-1;;
30/11/2021  14:47:38,909383;9,298900E-1;5,675298E-3;7,787223E-3;9,354771E-1;;
30/11/2021  14:47:38,909483;9,300271E-1;8,542518E-3;9,998747E-3;9,352901E-1;;
30/11/2021  14:47:38,909583;9,302238E-1;8,861098E-3;1,094654E-2;9,351046E-1;;
30/11/2021  14:47:38,909683;9,309182E-1;6,631038E-3;9,050951E-3;9,349206E-1;;
30/11/2021  14:47:38,909783;9,307692E-1;7,586778E-3;7,787223E-3;9,347384E-1;;
30/11/2021  14:47:38,909883;9,313116E-1;1,300264E-2;1,536959E-2;9,345581E-1;;
30/11/2021  14:47:38,909983;9,313057E-1;8,542518E-3;9,998747E-3;9,343799E-1;;
30/11/2021  14:47:38,910083;9,316007E-1;9,498258E-3;1,126247E-2;9,342043E-1;;
30/11/2021  14:47:38,910183;9,320001E-1;6,949618E-3;9,050951E-3;9,340315E-1;;
30/11/2021  14:47:38,910283;9,324531E-1;5,356718E-3;7,155359E-3;9,338620E-1;;
30/11/2021  14:47:38,910383;9,335915E-1;4,400978E-3;6,523495E-3;9,336962E-1;;
30/11/2021  14:47:38,910483;9,344558E-1;1,215178E-3;3,364175E-3;9,335348E-1;;
30/11/2021  14:47:38,910583;9,347539E-1;1,533758E-3;3,680107E-3;9,333786E-1;;
30/11/2021  14:47:38,910683;9,350698E-1;1,533758E-3;3,364175E-3;9,332283E-1;;
30/11/2021  14:47:38,910783;9,351592E-1;2,489498E-3;4,627903E-3;9,330847E-1;;
30/11/2021  14:47:38,910883;9,354721E-1;4,719558E-3;6,523495E-3;9,329486E-1;;
30/11/2021  14:47:38,910983;9,361784E-1;1,852338E-3;3,680107E-3;9,328206E-1;;
30/11/2021  14:47:38,911083;9,365450E-1;1,852338E-3;4,627903E-3;9,327014E-1;;
30/11/2021  14:47:38,911183;9,369027E-1;3,445238E-3;5,259767E-3;9,325917E-1;;
30/11/2021  14:47:38,911283;9,367894E-1;2,808078E-3;4,943835E-3;9,324921E-1;;
30/11/2021  14:47:38,911383;9,365808E-1;9,498258E-3;1,031468E-2;9,324032E-1;;
30/11/2021  14:47:38,911483;9,369980E-1;2,489498E-3;4,311971E-3;9,323253E-1;;
30/11/2021  14:47:38,911583;9,375494E-1;1,215178E-3;3,364175E-3;9,322588E-1;;
30/11/2021  14:47:38,911683;9,385031E-1;8,965980E-4;3,680107E-3;9,322040E-1;;
30/11/2021  14:47:38,911783;9,387862E-1;1,852338E-3;3,048243E-3;9,321612E-1;;
30/11/2021  14:47:38,911883;9,392511E-1;1,215178E-3;3,680107E-3;9,321309E-1;;
30/11/2021  14:47:38,911983;9,394985E-1;5,780180E-4;3,048243E-3;9,321135E-1;;
30/11/2021  14:47:38,912083;9,403598E-1;8,965980E-4;3,048243E-3;9,321091E-1;;
30/11/2021  14:47:38,912183;9,397935E-1;1,533758E-3;3,680107E-3;9,321182E-1;;
30/11/2021  14:47:38,912283;9,413463E-1;1,215178E-3;3,364175E-3;9,321409E-1;;
30/11/2021  14:47:38,912383;9,421361E-1;1,215178E-3;3,364175E-3;9,321775E-1;;
30/11/2021  14:47:38,912483;9,425384E-1;8,965980E-4;3,364175E-3;9,322282E-1;;
30/11/2021  14:47:38,912583;9,423059E-1;8,965980E-4;3,364175E-3;9,322934E-1;;
30/11/2021  14:47:38,912683;9,422344E-1;8,965980E-4;3,048243E-3;9,323732E-1;;
30/11/2021  14:47:38,912783;9,422553E-1;1,852338E-3;4,627903E-3;9,324676E-1;;
30/11/2021  14:47:38,912883;9,420496E-1;3,445238E-3;5,575699E-3;9,325764E-1;;
30/11/2021  14:47:38,912983;9,424490E-1;1,332122E-2;1,600145E-2;9,326995E-1;;
30/11/2021  14:47:38,913083;9,425742E-1;1,523270E-2;1,758111E-2;9,328365E-1;;
30/11/2021  14:47:38,913183;9,427172E-1;1,778134E-2;2,042450E-2;9,329869E-1;;
30/11/2021  14:47:38,913283;9,431017E-1;1,555128E-2;1,726518E-2;9,331504E-1;;
30/11/2021  14:47:38,913383;9,421688E-1;1,523270E-2;1,631739E-2;9,333265E-1;;
30/11/2021  14:47:38,913483;9,420079E-1;1,523270E-2;1,631739E-2;9,335145E-1;;
30/11/2021  14:47:38,913583;9,428692E-1;1,714418E-2;3,274585E-2;9,337137E-1;;
30/11/2021  14:47:38,913683;9,433073E-1;1,013542E-2;1,852891E-2;9,339234E-1;;
30/11/2021  14:47:38,913783;9,433878E-1;5,537378E-2;7,160549E-2;9,341429E-1;;
30/11/2021  14:47:38,913883;9,433818E-1;8,022302E-2;8,582243E-2;9,343716E-1;;
30/11/2021  14:47:38,913983;9,428990E-1;1,092138E-1;9,593225E-2;9,346089E-1;;
30/11/2021  14:47:38,914083;9,423030E-1;4,358632E-2;5,549295E-2;9,348539E-1;;
30/11/2021  14:47:38,914183;9,422702E-1;1,123996E-1;1,654373E-1;9,351058E-1;;
30/11/2021  14:47:38,914283;9,419751E-1;1,586986E-2;1,821298E-2;9,353636E-1;;
30/11/2021  14:47:38,914383;9,420586E-1;1,321516E-1;1,319485E-1;9,356263E-1;;
30/11/2021  14:47:38,914483;9,420288E-1;1,420275E-1;1,986102E-1;9,358929E-1;;
30/11/2021  14:47:38,914583;9,413612E-1;1,270543E-1;1,278414E-1;9,361624E-1;;
30/11/2021  14:47:38,914683;9,411436E-1;1,267357E-1;1,196272E-1;9,364338E-1;;
30/11/2021  14:47:38,914783;9,408665E-1;1,436204E-1;1,376353E-1;9,367060E-1;;
30/11/2021  14:47:38,914883;9,406698E-1;1,111253E-1;1,088855E-1;9,369779E-1;;
30/11/2021  14:47:38,914983;9,412867E-1;1,245056E-1;1,246821E-1;9,372486E-1;;
30/11/2021  14:47:38,915083;9,415251E-1;1,123996E-1;1,177316E-1;9,375169E-1;;
30/11/2021  14:47:38,915183;9,408843E-1;7,066562E-2;8,834988E-2;9,377822E-1;;
30/11/2021  14:47:38,915283;9,402048E-1;1,190898E-1;1,224705E-1;9,380437E-1;;
30/11/2021  14:47:38,915383;9,398919E-1;1,082581E-1;8,992954E-2;9,383003E-1;;
30/11/2021  14:47:38,915483;9,388995E-1;1,426647E-1;1,550115E-1;9,385514E-1;;
30/11/2021  14:47:38,915583;9,385448E-1;1,245056E-1;1,310007E-1;9,387958E-1;;
30/11/2021  14:47:38,915683;9,385984E-1;8,914326E-2;1,047783E-1;9,390326E-1;;
30/11/2021  14:47:38,915783;9,381335E-1;1,407532E-1;1,351078E-1;9,392608E-1;;
30/11/2021  14:47:38,915883;9,382706E-1;1,280100E-1;1,316326E-1;9,394796E-1;;
30/11/2021  14:47:38,915983;9,370606E-1;1,299215E-1;1,294210E-1;9,396882E-1;;
30/11/2021  14:47:38,916083;9,363692E-1;1,095324E-1;1,177316E-1;9,398858E-1;;
30/11/2021  14:47:38,916183;9,367000E-1;1,732484E-1;1,695444E-1;9,400715E-1;;
30/11/2021  14:47:38,916283;9,368490E-1;1,894960E-1;1,537478E-1;9,402446E-1;;
30/11/2021  14:47:38,916383;9,369742E-1;1,130368E-1;1,044624E-1;9,404044E-1;;
30/11/2021  14:47:38,916483;9,369772E-1;1,452133E-1;1,622780E-1;9,405506E-1;;
30/11/2021  14:47:38,916583;9,372603E-1;1,292843E-1;1,174156E-1;9,406829E-1;;
30/11/2021  14:47:38,916683;9,368997E-1;1,296029E-1;1,218387E-1;9,408012E-1;;
30/11/2021  14:47:38,916783;9,367805E-1;1,222756E-1;1,101492E-1;9,409052E-1;;
30/11/2021  14:47:38,916883;9,365391E-1;1,235499E-1;1,174156E-1;9,409951E-1;;
30/11/2021  14:47:38,916983;9,371321E-1;1,292843E-1;1,129926E-1;9,410708E-1;;
30/11/2021  14:47:38,917083;9,373020E-1;6,078964E-2;1,745993E-1;9,411324E-1;;
30/11/2021  14:47:38,917183;9,373467E-1;1,181340E-1;9,940750E-2;9,411803E-1;;
30/11/2021  14:47:38,917283;9,363751E-1;1,296029E-1;1,543797E-1;9,412149E-1;;
30/11/2021  14:47:38,917383;9,358268E-1;1,372488E-1;1,509044E-1;9,412363E-1;;
30/11/2021  14:47:38,917483;9,354691E-1;1,222756E-1;1,278414E-1;9,412448E-1;;
30/11/2021  14:47:38,917583;9,351055E-1;1,238685E-1;1,221546E-1;9,412406E-1;;
30/11/2021  14:47:38,917683;9,357344E-1;1,098510E-1;1,174156E-1;9,412238E-1;;
30/11/2021  14:47:38,917783;9,355615E-1;1,343816E-1;1,310007E-1;9,411947E-1;;
30/11/2021  14:47:38,917883;9,350549E-1;1,321516E-1;1,237343E-1;9,411537E-1;;
30/11/2021  14:47:38,917983;9,353529E-1;1,315144E-1;1,215227E-1;9,411011E-1;;
30/11/2021  14:47:38,918083;9,350221E-1;1,286472E-1;1,183634E-1;9,410372E-1;;
30/11/2021  14:47:38,918183;9,348135E-1;1,241871E-1;1,129926E-1;9,409626E-1;;
30/11/2021  14:47:38,918283;9,347449E-1;9,169190E-2;9,940750E-2;9,408776E-1;;
30/11/2021  14:47:38,918383;9,353112E-1;7,448858E-2;9,498445E-2;9,407826E-1;;
30/11/2021  14:47:38,918483;9,361784E-1;9,328480E-2;1,272095E-1;9,406783E-1;;
30/11/2021  14:47:38,918583;9,367626E-1;4,932076E-2;3,527331E-2;9,405652E-1;;
30/11/2021  14:47:38,918683;9,363900E-1;7,990444E-2;9,024547E-2;9,404444E-1;;
30/11/2021  14:47:38,918783;9,363692E-1;9,678918E-2;1,050943E-1;9,403167E-1;;
30/11/2021  14:47:38,918883;9,370874E-1;9,519628E-2;1,114129E-1;9,401829E-1;;
30/11/2021  14:47:38,918983;9,375911E-1;9,424054E-2;1,073058E-1;9,400440E-1;;
30/11/2021  14:47:38,919083;9,381246E-1;9,742634E-2;1,044624E-1;9,399009E-1;;
30/11/2021  14:47:38,919183;9,384554E-1;1,037979E-1;1,133085E-1;9,397546E-1;;
30/11/2021  14:47:38,919283;9,381365E-1;1,098510E-1;1,300529E-1;9,396064E-1;;
30/11/2021  14:47:38,919383;9,380411E-1;3,116170E-2;3,558924E-2;9,394571E-1;;
30/11/2021  14:47:38,919483;9,382796E-1;5,314372E-2;5,517702E-2;9,393077E-1;;
30/11/2021  14:47:38,919583;9,383541E-1;8,691320E-2;8,992954E-2;9,391590E-1;;
30/11/2021  14:47:38,919683;9,384435E-1;6,875414E-2;7,350108E-2;9,390118E-1;;
30/11/2021  14:47:38,919783;9,384822E-1;5,123224E-2;8,455870E-2;9,388669E-1;;
30/11/2021  14:47:38,919883;9,385537E-1;3,880762E-2;3,242992E-2;9,387249E-1;;
30/11/2021  14:47:38,919983;9,385150E-1;1,241871E-1;1,445858E-1;9,385865E-1;;
30/11/2021  14:47:38,920083;9,385120E-1;1,283286E-1;1,297370E-1;9,384524E-1;;
30/11/2021  14:47:38,920183;9,382796E-1;1,047537E-1;1,003553E-1;9,383229E-1;;
30/11/2021  14:47:38,920283;9,385210E-1;1,468062E-1;1,328963E-1;9,381984E-1;;
30/11/2021  14:47:38,920383;9,385418E-1;1,063466E-1;9,972343E-2;9,380794E-1;;
30/11/2021  14:47:38,920483;9,386521E-1;1,605052E-1;1,310007E-1;9,379662E-1;;
30/11/2021  14:47:38,920583;9,383064E-1;6,716124E-2;8,361090E-2;9,378591E-1;;
30/11/2021  14:47:38,920683;9,374689E-1;1,605052E-1;1,556434E-1;9,377582E-1;;
30/11/2021  14:47:38,920783;9,369652E-1;1,458505E-1;1,458495E-1;9,376636E-1;;
30/11/2021  14:47:38,920883;9,366583E-1;1,210013E-1;1,193112E-1;9,375751E-1;;
30/11/2021  14:47:38,920983;9,367685E-1;1,171783E-1;1,199431E-1;9,374924E-1;;
30/11/2021  14:47:38,921083;9,370487E-1;2,606442E-2;1,884484E-2;9,374154E-1;;
30/11/2021  14:47:38,921183;9,366434E-1;1,506292E-1;1,354238E-1;9,373439E-1;;
30/11/2021  14:47:38,921283;9,367536E-1;7,130278E-2;6,907803E-2;9,372774E-1;;
30/11/2021  14:47:38,921383;9,357999E-1;1,245056E-1;1,328963E-1;9,372159E-1;;
30/11/2021  14:47:38,921483;9,358715E-1;1,445762E-1;1,853410E-1;9,371589E-1;;
30/11/2021  14:47:38,921583;9,352367E-1;1,464877E-1;1,471132E-1;9,371060E-1;;
30/11/2021  14:47:38,921683;9,357821E-1;1,025236E-1;1,044624E-1;9,370568E-1;;
30/11/2021  14:47:38,921783;9,353499E-1;1,286472E-1;1,231024E-1;9,370108E-1;;
30/11/2021  14:47:38,921883;9,357046E-1;1,531778E-1;1,714400E-1;9,369677E-1;;
30/11/2021  14:47:38,921983;9,347390E-1;1,573194E-1;2,024013E-1;9,369271E-1;;
30/11/2021  14:47:38,922083;9,342472E-1;1,225942E-1;1,240502E-1;9,368885E-1;;
30/11/2021  14:47:38,922183;9,345274E-1;1,257800E-1;1,287892E-1;9,368515E-1;;
30/11/2021  14:47:38,922283;9,339313E-1;1,254614E-1;1,253139E-1;9,368156E-1;;
30/11/2021  14:47:38,922383;9,339998E-1;1,213198E-1;1,180475E-1;9,367803E-1;;
30/11/2021  14:47:38,922483;9,340744E-1;1,229127E-1;1,177316E-1;9,367452E-1;;
30/11/2021  14:47:38,922583;9,340237E-1;1,251428E-1;1,224705E-1;9,367098E-1;;
30/11/2021  14:47:38,922683;9,334008E-1;1,267357E-1;1,360556E-1;9,366738E-1;;
30/11/2021  14:47:38,922783;9,334515E-1;1,582751E-1;1,610142E-1;9,366369E-1;;
30/11/2021  14:47:38,922883;9,335886E-1;1,573194E-1;2,125112E-1;9,365986E-1;;
30/11/2021  14:47:38,922983;9,342025E-1;1,248242E-1;1,205749E-1;9,365588E-1;;
30/11/2021  14:47:38,923083;9,347926E-1;1,391603E-1;1,480610E-1;9,365174E-1;;
30/11/2021  14:47:38,923183;9,355883E-1;1,340630E-1;1,436380E-1;9,364742E-1;;
30/11/2021  14:47:38,923283;9,352218E-1;1,560451E-1;1,521681E-1;9,364296E-1;;
30/11/2021  14:47:38,923383;9,356092E-1;1,401161E-1;1,505885E-1;9,363838E-1;;
30/11/2021  14:47:38,923483;9,361844E-1;1,200455E-1;1,189953E-1;9,363370E-1;;
30/11/2021  14:47:38,923583;9,359311E-1;1,238685E-1;1,512204E-1;9,362896E-1;;
30/11/2021  14:47:38,923683;9,369682E-1;1,331073E-1;1,335282E-1;9,362420E-1;;
30/11/2021  14:47:38,923783;9,379726E-1;1,248242E-1;1,199431E-1;9,361946E-1;;
30/11/2021  14:47:38,923883;9,380799E-1;1,276914E-1;1,291051E-1;9,361480E-1;;
30/11/2021  14:47:38,923983;9,383094E-1;1,229127E-1;1,079377E-1;9,361029E-1;;
30/11/2021  14:47:38,924083;9,380948E-1;1,267357E-1;1,120448E-1;9,360599E-1;;
30/11/2021  14:47:38,924183;9,383809E-1;1,206827E-1;1,101492E-1;9,360195E-1;;
30/11/2021  14:47:38,924283;9,385597E-1;1,302401E-1;1,268936E-1;9,359824E-1;;
30/11/2021  14:47:38,924383;9,389293E-1;1,235499E-1;1,212068E-1;9,359489E-1;;
30/11/2021  14:47:38,924483;9,396594E-1;1,636910E-1;1,862888E-1;9,359196E-1;;
30/11/2021  14:47:38,924583;9,397608E-1;8,818752E-2;1,224705E-1;9,358949E-1;;
30/11/2021  14:47:38,924683;9,398740E-1;1,190898E-1;1,360556E-1;9,358753E-1;;
30/11/2021  14:47:38,924783;9,400618E-1;1,786642E-1;1,546956E-1;9,358614E-1;;
30/11/2021  14:47:38,924883;9,406072E-1;1,404346E-1;1,569071E-1;9,358535E-1;;
30/11/2021  14:47:38,924983;9,413373E-1;1,305587E-1;1,338441E-1;9,358519E-1;;
30/11/2021  14:47:38,925083;9,420914E-1;1,308772E-1;1,306848E-1;9,358573E-1;;
30/11/2021  14:47:38,925183;9,425891E-1;1,171783E-1;1,215227E-1;9,358701E-1;;
30/11/2021  14:47:38,925283;9,440971E-1;1,515849E-1;1,562753E-1;9,358908E-1;;
30/11/2021  14:47:38,925383;9,440166E-1;1,245056E-1;1,186794E-1;9,359200E-1;;
30/11/2021  14:47:38,925483;9,444309E-1;1,082581E-1;1,107811E-1;9,359585E-1;;
30/11/2021  14:47:38,925583;9,448958E-1;1,219570E-1;2,017695E-1;9,360068E-1;;
30/11/2021  14:47:38,925683;9,451760E-1;8,627604E-2;1,022509E-1;9,360654E-1;;
30/11/2021  14:47:38,925783;9,462310E-1;1,299215E-1;1,344760E-1;9,361347E-1;;
30/11/2021  14:47:38,925883;9,466155E-1;1,079395E-1;1,136244E-1;9,362153E-1;;
30/11/2021  14:47:38,925983;9,466006E-1;1,037979E-1;1,120448E-1;9,363075E-1;;
30/11/2021  14:47:38,926083;9,465171E-1;1,347002E-1;1,193112E-1;9,364117E-1;;
30/11/2021  14:47:38,926183;9,464426E-1;9,455912E-2;1,193112E-1;9,365281E-1;;
30/11/2021  14:47:38,926283;9,462340E-1;1,506292E-1;1,742834E-1;9,366567E-1;;
30/11/2021  14:47:38,926383;9,464515E-1;1,264171E-1;1,303688E-1;9,367974E-1;;
30/11/2021  14:47:38,926483;9,465856E-1;1,315144E-1;1,332122E-1;9,369500E-1;;
30/11/2021  14:47:38,926583;9,465111E-1;1,321516E-1;1,322644E-1;9,371141E-1;;
30/11/2021  14:47:38,926683;9,457959E-1;1,337445E-1;1,297370E-1;9,372894E-1;;
30/11/2021  14:47:38,926783;9,456081E-1;1,251428E-1;1,281573E-1;9,374754E-1;;
30/11/2021  14:47:38,926883;9,457214E-1;1,251428E-1;1,249980E-1;9,376714E-1;;
30/11/2021  14:47:38,926983;9,454502E-1;1,289658E-1;1,316326E-1;9,378765E-1;;
30/11/2021  14:47:38,927083;9,454859E-1;1,283286E-1;1,281573E-1;9,380902E-1;;
30/11/2021  14:47:38,927183;9,453846E-1;1,213198E-1;1,199431E-1;9,383114E-1;;
30/11/2021  14:47:38,927283;9,451640E-1;5,887816E-2;8,203124E-2;9,385393E-1;;
30/11/2021  14:47:38,927383;9,449465E-1;1,289658E-1;1,265777E-1;9,387732E-1;;
30/11/2021  14:47:38,927483;9,448183E-1;9,551486E-2;7,381701E-2;9,390119E-1;;
30/11/2021  14:47:38,927583;9,446187E-1;1,439390E-1;1,452176E-1;9,392546E-1;;
30/11/2021  14:47:38,927683;9,447289E-1;8,054160E-2;9,751191E-2;9,395003E-1;;
30/11/2021  14:47:38,927783;9,446514E-1;1,468062E-1;1,780746E-1;9,397480E-1;;
30/11/2021  14:47:38,927883;9,444607E-1;1,327887E-1;1,376353E-1;9,399970E-1;;
30/11/2021  14:47:38,927983;9,446693E-1;1,331073E-1;1,392149E-1;9,402461E-1;;
30/11/2021  14:47:38,928083;9,443474E-1;1,347002E-1;1,354238E-1;9,404948E-1;;
30/11/2021  14:47:38,928183;9,442431E-1;1,477620E-1;1,430061E-1;9,407420E-1;;
30/11/2021  14:47:38,928283;9,443713E-1;2,481147E-1;2,706426E-1;9,409870E-1;;
30/11/2021  14:47:38,928383;9,444786E-1;1,254614E-1;1,360556E-1;9,412291E-1;;
30/11/2021  14:47:38,928483;9,445888E-1;1,404346E-1;1,180475E-1;9,414675E-1;;
30/11/2021  14:47:38,928583;9,450031E-1;1,636910E-1;1,622780E-1;9,417018E-1;;
30/11/2021  14:47:38,928683;9,441895E-1;1,426647E-1;1,363715E-1;9,419313E-1;;
30/11/2021  14:47:38,928783;9,441060E-1;1,311958E-1;1,265777E-1;9,421556E-1;;
30/11/2021  14:47:38,928883;9,432984E-1;1,127182E-1;1,009872E-1;9,423740E-1;;
30/11/2021  14:47:38,928983;9,435428E-1;1,143111E-1;1,057261E-1;9,425861E-1;;
30/11/2021  14:47:38,929083;9,435577E-1;1,171783E-1;1,019350E-1;9,427913E-1;;
30/11/2021  14:47:38,929183;9,439481E-1;1,401161E-1;1,496407E-1;9,429889E-1;;
30/11/2021  14:47:38,929283;9,436679E-1;3,126658E-3;6,839427E-3;9,431787E-1;;
30/11/2021  14:47:38,929383;9,432418E-1;8,965980E-4;3,364175E-3;9,433604E-1;;
30/11/2021  14:47:38,929483;9,425891E-1;6,949618E-3;9,366883E-3;9,435335E-1;;
30/11/2021  14:47:38,929583;9,433639E-1;3,445238E-3;5,259767E-3;9,436977E-1;;
30/11/2021  14:47:38,929683;9,439719E-1;3,126658E-3;5,575699E-3;9,438527E-1;;
30/11/2021  14:47:38,929783;9,436232E-1;2,170918E-3;4,311971E-3;9,439984E-1;;
30/11/2021  14:47:38,929883;9,442491E-1;1,215178E-3;3,364175E-3;9,441348E-1;;
30/11/2021  14:47:38,929983;9,447647E-1;1,215178E-3;3,680107E-3;9,442620E-1;;
30/11/2021  14:47:38,930083;9,446336E-1;3,445238E-3;5,575699E-3;9,443801E-1;;
30/11/2021  14:47:38,930183;9,438199E-1;1,533758E-3;4,311971E-3;9,444895E-1;;
30/11/2021  14:47:38,930283;9,444547E-1;1,852338E-3;4,627903E-3;9,445902E-1;;
30/11/2021  14:47:38,930383;9,441954E-1;3,763818E-3;6,207563E-3;9,446825E-1;;
30/11/2021  14:47:38,930483;9,448571E-1;5,675298E-3;7,787223E-3;9,447667E-1;;
30/11/2021  14:47:38,930583;9,448213E-1;7,905358E-3;8,735019E-3;9,448430E-1;;
30/11/2021  14:47:38,930683;9,442312E-1;6,631038E-3;9,682815E-3;9,449118E-1;;
30/11/2021  14:47:38,930783;9,435457E-1;1,013542E-2;1,221027E-2;9,449733E-1;;
30/11/2021  14:47:38,930883;9,429705E-1;1,077258E-2;1,252620E-2;9,450277E-1;;
30/11/2021  14:47:38,930983;9,427679E-1;3,445238E-3;5,259767E-3;9,450751E-1;;
30/11/2021  14:47:38,931083;9,421361E-1;3,126658E-3;4,627903E-3;9,451153E-1;;
30/11/2021  14:47:38,931183;9,426666E-1;1,215178E-3;3,048243E-3;9,451485E-1;;
30/11/2021  14:47:38,931283;9,425920E-1;3,763818E-3;5,259767E-3;9,451744E-1;;
30/11/2021  14:47:38,931383;9,409678E-1;5,780180E-4;2,732311E-3;9,451932E-1;;
30/11/2021  14:47:38,931483;9,405446E-1;1,533758E-3;3,680107E-3;9,452048E-1;;
30/11/2021  14:47:38,931583;9,401065E-1;8,965980E-4;3,364175E-3;9,452088E-1;;
30/11/2021  14:47:38,931683;9,398204E-1;1,215178E-3;3,996039E-3;9,452051E-1;;
30/11/2021  14:47:38,931783;9,397339E-1;1,215178E-3;3,048243E-3;9,451933E-1;;
30/11/2021  14:47:38,931883;9,396028E-1;8,965980E-4;3,364175E-3;9,451733E-1;;
30/11/2021  14:47:38,931983;9,394955E-1;1,852338E-3;3,996039E-3;9,451449E-1;;
30/11/2021  14:47:38,932083;9,391438E-1;8,965980E-4;3,680107E-3;9,451079E-1;;
30/11/2021  14:47:38,932183;9,386223E-1;8,965980E-4;3,048243E-3;9,450623E-1;;
30/11/2021  14:47:38,932283;9,385746E-1;8,965980E-4;3,680107E-3;9,450080E-1;;
30/11/2021  14:47:38,932383;9,379815E-1;8,965980E-4;3,364175E-3;9,449450E-1;;
30/11/2021  14:47:38,932483;9,379368E-1;8,965980E-4;3,680107E-3;9,448731E-1;;
30/11/2021  14:47:38,932583;9,375583E-1;5,780180E-4;3,364175E-3;9,447923E-1;;
30/11/2021  14:47:38,932683;9,375673E-1;4,400978E-3;1,189434E-2;9,447027E-1;;
30/11/2021  14:47:38,932783;9,367447E-1;5,993878E-3;8,419087E-3;9,446042E-1;;
30/11/2021  14:47:38,932883;9,363722E-1;6,631038E-3;9,050951E-3;9,444969E-1;;
30/11/2021  14:47:38,932983;9,354244E-1;6,631038E-3;9,050951E-3;9,443808E-1;;
30/11/2021  14:47:38,933083;9,348015E-1;6,631038E-3;1,063061E-2;9,442556E-1;;
30/11/2021  14:47:38,933183;9,349237E-1;1,459554E-2;1,473773E-2;9,441215E-1;;
30/11/2021  14:47:38,933283;9,344141E-1;1,586986E-2;1,663332E-2;9,439781E-1;;
30/11/2021  14:47:38,933383;9,338806E-1;1,452133E-1;1,193112E-1;9,438255E-1;;
30/11/2021  14:47:38,933483;9,333293E-1;2,032998E-2;2,137230E-2;9,436636E-1;;
30/11/2021  14:47:38,933583;9,334843E-1;1,746276E-2;2,042450E-2;9,434923E-1;;
30/11/2021  14:47:38,933683;9,329210E-1;1,586986E-2;1,884484E-2;9,433118E-1;;
30/11/2021  14:47:38,933783;9,333412E-1;1,045400E-2;1,126247E-2;9,431219E-1;;
30/11/2021  14:47:38,933883;9,335260E-1;1,331073E-1;1,303688E-1;9,429230E-1;;
30/11/2021  14:47:38,933983;9,334515E-1;2,797590E-2;4,696279E-2;9,427153E-1;;
30/11/2021  14:47:38,934083;9,339492E-1;1,464877E-1;1,613302E-1;9,424992E-1;;
30/11/2021  14:47:38,934183;9,333382E-1;1,305587E-1;1,303688E-1;9,422752E-1;;
30/11/2021  14:47:38,934283;9,327451E-1;1,324701E-1;1,436380E-1;9,420438E-1;;
30/11/2021  14:47:38,934383;9,336869E-1;7,863012E-2;8,771802E-2;9,418056E-1;;
30/11/2021  14:47:38,934483;9,342651E-1;1,296029E-1;1,360556E-1;9,415612E-1;;
30/11/2021  14:47:38,934583;9,342770E-1;1,251428E-1;1,186794E-1;9,413112E-1;;
30/11/2021  14:47:38,934683;9,344320E-1;1,318330E-1;1,366875E-1;9,410565E-1;;
30/11/2021  14:47:38,934783;9,346794E-1;1,123996E-1;1,278414E-1;9,407979E-1;;
30/11/2021  14:47:38,934883;9,347479E-1;2,184867E-1;2,674833E-1;9,405363E-1;;
30/11/2021  14:47:38,934983;9,346078E-1;9,710776E-2;1,221546E-1;9,402727E-1;;
30/11/2021  14:47:38,935083;9,343992E-1;8,882468E-2;9,087734E-2;9,400079E-1;;
30/11/2021  14:47:38,935183;9,349416E-1;1,852338E-3;6,718244E-2;9,397427E-1;;
30/11/2021  14:47:38,935283;9,356718E-1;1,308772E-1;1,872366E-1;9,394778E-1;;
30/11/2021  14:47:38,935383;9,357672E-1;1,493549E-1;1,379512E-1;9,392143E-1;;
30/11/2021  14:47:38,935483;9,361010E-1;1,372488E-1;1,546956E-1;9,389531E-1;;
30/11/2021  14:47:38,935583;9,354542E-1;1,213198E-1;1,231024E-1;9,386951E-1;;
30/11/2021  14:47:38,935683;9,353648E-1;1,474434E-1;1,575390E-1;9,384410E-1;;
30/11/2021  14:47:38,935783;9,362142E-1;1,633724E-1;1,499566E-1;9,381917E-1;;
30/11/2021  14:47:38,935883;9,366672E-1;1,187712E-1;1,136244E-1;9,379478E-1;;
30/11/2021  14:47:38,935983;9,372245E-1;1,254614E-1;1,344760E-1;9,377101E-1;;
30/11/2021  14:47:38,936083;9,371441E-1;1,311958E-1;1,218387E-1;9,374794E-1;;
30/11/2021  14:47:38,936183;9,374928E-1;1,331073E-1;1,357397E-1;9,372566E-1;;
30/11/2021  14:47:38,936283;9,383958E-1;8,404598E-2;9,656411E-2;9,370423E-1;;
30/11/2021  14:47:38,936383;9,385478E-1;7,894870E-2;9,751191E-2;9,368373E-1;;
30/11/2021  14:47:38,936483;9,394568E-1;1,254614E-1;1,218387E-1;9,366424E-1;;
30/11/2021  14:47:38,936583;9,405535E-1;1,120810E-1;1,919756E-1;9,364584E-1;;
30/11/2021  14:47:38,936683;9,409827E-1;1,034794E-1;1,079377E-1;9,362861E-1;;
30/11/2021  14:47:38,936783;9,413910E-1;7,799296E-2;1,028828E-1;9,361265E-1;;
30/11/2021  14:47:38,936883;9,418827E-1;1,745227E-1;1,875525E-1;9,359805E-1;;
30/11/2021  14:47:38,936983;9,419692E-1;7,767438E-2;9,624818E-2;9,358487E-1;;
30/11/2021  14:47:38,937083;9,426189E-1;1,318330E-1;1,306848E-1;9,357319E-1;;
30/11/2021  14:47:38,937183;9,433431E-1;1,321516E-1;1,306848E-1;9,356308E-1;;
30/11/2021  14:47:38,937283;9,436828E-1;1,254614E-1;1,215227E-1;9,355459E-1;;
30/11/2021  14:47:38,937383;9,437186E-1;1,292843E-1;1,338441E-1;9,354777E-1;;
30/11/2021  14:47:38,937483;9,435606E-1;1,203641E-1;1,057261E-1;9,354267E-1;;
30/11/2021  14:47:38,937583;9,435040E-1;1,053908E-1;8,487463E-2;9,353931E-1;;
30/11/2021  14:47:38,937683;9,434563E-1;1,098510E-1;1,047783E-1;9,353771E-1;;
30/11/2021  14:47:38,937783;9,427977E-1;1,334259E-1;1,262617E-1;9,353785E-1;;
30/11/2021  14:47:38,937883;9,440494E-1;1,254614E-1;1,341600E-1;9,353972E-1;;
30/11/2021  14:47:38,937983;9,444041E-1;1,251428E-1;1,208909E-1;9,354327E-1;;
30/11/2021  14:47:38,938083;9,440107E-1;-2,650128E-2;3,242992E-2;9,354850E-1;;
30/11/2021  14:47:38,938183;9,439838E-1;1,047537E-1;1,016190E-1;9,355536E-1;;
30/11/2021  14:47:38,938283;9,437186E-1;-8,065988E-2;5,296550E-2;9,356382E-1;;
30/11/2021  14:47:38,938383;9,431434E-1;1,210013E-1;1,259458E-1;9,357380E-1;;
30/11/2021  14:47:38,938483;9,440971E-1;1,184526E-1;1,208909E-1;9,358524E-1;;
30/11/2021  14:47:38,938583;9,442819E-1;9,328480E-2;1,066739E-1;9,359807E-1;;
30/11/2021  14:47:38,938683;9,448392E-1;1,171783E-1;1,189953E-1;9,361222E-1;;
30/11/2021  14:47:38,938783;9,448452E-1;1,222756E-1;1,199431E-1;9,362763E-1;;
30/11/2021  14:47:38,938883;9,445710E-1;1,127182E-1;9,688005E-2;9,364423E-1;;
30/11/2021  14:47:38,938983;9,445263E-1;1,117624E-1;1,016190E-1;9,366195E-1;;
30/11/2021  14:47:38,939083;9,449703E-1;1,299215E-1;1,199431E-1;9,368072E-1;;
30/11/2021  14:47:38,939183;9,456409E-1;1,245056E-1;1,205749E-1;9,370047E-1;;
30/11/2021  14:47:38,939283;9,450180E-1;2,064856E-2;3,053433E-2;9,372112E-1;;
30/11/2021  14:47:38,939383;9,450508E-1;7,417000E-2;6,465498E-2;9,374261E-1;;
30/11/2021  14:47:38,939483;9,447587E-1;1,187712E-1;1,167838E-1;9,376486E-1;;
30/11/2021  14:47:38,939583;9,443474E-1;3,211744E-2;1,694925E-2;9,378778E-1;;
30/11/2021  14:47:38,939683;9,438020E-1;9,901924E-2;1,256299E-1;9,381128E-1;;
30/11/2021  14:47:38,939783;9,441925E-1;4,517922E-2;5,802041E-2;9,383526E-1;;
30/11/2021  14:47:38,939883;9,441507E-1;4,390490E-2;7,034176E-2;9,385963E-1;;
30/11/2021  14:47:38,939983;9,437126E-1;5,473662E-2;6,023194E-2;9,388429E-1;;
30/11/2021  14:47:38,940083;9,438348E-1;1,098510E-1;1,360556E-1;9,390914E-1;;
30/11/2021  14:47:38,940183;9,438825E-1;5,473662E-2;6,402312E-2;9,393409E-1;;
30/11/2021  14:47:38,940283;9,428722E-1;8,181592E-2;8,392683E-2;9,395904E-1;;
30/11/2021  14:47:38,940383;9,430331E-1;8,532030E-2;7,508074E-2;9,398392E-1;;
30/11/2021  14:47:38,940483;9,431374E-1;7,767438E-2;8,424277E-2;9,400860E-1;;
30/11/2021  14:47:38,940583;9,437216E-1;6,110822E-2;6,718244E-2;9,403302E-1;;
30/11/2021  14:47:38,940683;9,439451E-1;9,678918E-2;1,025668E-1;9,405709E-1;;
30/11/2021  14:47:38,940783;9,433312E-1;8,213450E-2;6,623464E-2;9,408076E-1;;
30/11/2021  14:47:38,940883;9,436501E-1;9,455912E-2;9,719598E-2;9,410396E-1;;
30/11/2021  14:47:38,940983;9,433341E-1;1,069837E-1;1,212068E-1;9,412665E-1;;
30/11/2021  14:47:38,941083;9,431136E-1;1,254614E-1;1,474292E-1;9,414875E-1;;
30/11/2021  14:47:38,941183;9,434623E-1;6,174538E-2;6,149566E-2;9,417023E-1;;
30/11/2021  14:47:38,941283;9,436828E-1;1,394789E-1;1,531159E-1;9,419104E-1;;
30/11/2021  14:47:38,941383;9,438915E-1;1,474434E-1;1,644895E-1;9,421114E-1;;
30/11/2021  14:47:38,941483;9,439600E-1;1,611423E-1;1,755471E-1;9,423051E-1;;
30/11/2021  14:47:38,941583;9,438497E-1;1,576380E-1;1,357397E-1;9,424914E-1;;
30/11/2021  14:47:38,941683;9,437573E-1;1,726112E-1;1,528000E-1;9,426700E-1;;
30/11/2021  14:47:38,941783;9,437812E-1;1,643281E-1;1,546956E-1;9,428408E-1;;
30/11/2021  14:47:38,941883;9,447289E-1;1,617795E-1;1,518522E-1;9,430038E-1;;
30/11/2021  14:47:38,941983;9,453250E-1;1,375674E-1;1,328963E-1;9,431590E-1;;
30/11/2021  14:47:38,942083;9,446783E-1;1,327887E-1;1,335282E-1;9,433065E-1;;
30/11/2021  14:47:38,942183;9,451462E-1;1,292843E-1;1,297370E-1;9,434466E-1;;
30/11/2021  14:47:38,942283;9,445710E-1;1,299215E-1;1,170997E-1;9,435795E-1;;
30/11/2021  14:47:38,942383;9,445143E-1;9,965640E-2;8,771802E-2;9,437054E-1;;
30/11/2021  14:47:38,942483;9,450180E-1;1,136739E-1;1,028828E-1;9,438243E-1;;
30/11/2021  14:47:38,942583;9,450270E-1;9,933782E-2;8,898175E-2;9,439365E-1;;
30/11/2021  14:47:38,942683;9,456171E-1;1,184526E-1;1,265777E-1;9,440422E-1;;
30/11/2021  14:47:38,942783;9,458525E-1;1,305587E-1;1,332122E-1;9,441417E-1;;
30/11/2021  14:47:38,942883;9,457929E-1;1,123996E-1;1,152041E-1;9,442353E-1;;
30/11/2021  14:47:38,942983;9,459717E-1;1,117624E-1;1,183634E-1;9,443235E-1;;
30/11/2021  14:47:38,943083;9,462399E-1;1,241871E-1;1,382671E-1;9,444065E-1;;
30/11/2021  14:47:38,943183;9,464456E-1;1,331073E-1;1,370034E-1;9,444849E-1;;
30/11/2021  14:47:38,943283;9,476198E-1;1,417090E-1;1,376353E-1;9,445589E-1;;
30/11/2021  14:47:38,943383;9,477986E-1;1,280100E-1;1,363715E-1;9,446293E-1;;
30/11/2021  14:47:38,943483;9,473069E-1;1,585937E-1;1,603824E-1;9,446965E-1;;
30/11/2021  14:47:38,943583;9,477390E-1;1,264171E-1;1,284732E-1;9,447612E-1;;
30/11/2021  14:47:38,943683;9,473188E-1;1,216384E-1;1,139404E-1;9,448238E-1;;
30/11/2021  14:47:38,943783;9,469314E-1;1,222756E-1;1,139404E-1;9,448846E-1;;
30/11/2021  14:47:38,943883;9,468390E-1;1,283286E-1;1,227865E-1;9,449441E-1;;
30/11/2021  14:47:38,943983;9,479864E-1;1,353374E-1;1,578549E-1;9,450023E-1;;
30/11/2021  14:47:38,944083;9,474350E-1;1,423461E-1;1,745993E-1;9,450597E-1;;
30/11/2021  14:47:38,944183;9,467049E-1;1,267357E-1;1,420583E-1;9,451164E-1;;
30/11/2021  14:47:38,944283;9,463115E-1;1,289658E-1;1,363715E-1;9,451725E-1;;
30/11/2021  14:47:38,944383;9,458048E-1;1,267357E-1;1,278414E-1;9,452281E-1;;
30/11/2021  14:47:38,944483;9,457661E-1;1,315144E-1;1,357397E-1;9,452829E-1;;
30/11/2021  14:47:38,944583;9,455515E-1;1,245056E-1;1,183634E-1;9,453369E-1;;
30/11/2021  14:47:38,944683;9,458972E-1;1,260985E-1;1,104651E-1;9,453898E-1;;
30/11/2021  14:47:38,944783;9,449614E-1;7,130278E-2;8,771802E-2;9,454413E-1;;
30/11/2021  14:47:38,944883;9,447557E-1;1,327887E-1;1,325804E-1;9,454914E-1;;
30/11/2021  14:47:38,944983;9,444547E-1;1,254614E-1;1,297370E-1;9,455395E-1;;
30/11/2021  14:47:38,945083;9,440494E-1;1,280100E-1;1,253139E-1;9,455855E-1;;
30/11/2021  14:47:38,945183;9,433431E-1;3,944478E-2;9,561632E-2;9,456289E-1;;
30/11/2021  14:47:38,945283;9,430987E-1;1,633724E-1;1,578549E-1;9,456692E-1;;
30/11/2021  14:47:38,945383;9,426099E-1;1,197269E-1;1,082536E-1;9,457059E-1;;
30/11/2021  14:47:38,945483;9,416294E-1;7,863012E-2;2,074043E-2;9,457386E-1;;
30/11/2021  14:47:38,945583;9,408754E-1;1,245056E-1;1,148882E-1;9,457665E-1;;
30/11/2021  14:47:38,945683;9,397965E-1;1,292843E-1;1,411105E-1;9,457891E-1;;
30/11/2021  14:47:38,945783;9,386998E-1;1,311958E-1;1,341600E-1;9,458054E-1;;
30/11/2021  14:47:38,945883;9,381752E-1;1,098510E-1;1,057261E-1;9,458146E-1;;
30/11/2021  14:47:38,945983;9,381216E-1;1,280100E-1;1,297370E-1;9,458158E-1;;
30/11/2021  14:47:38,946083;9,375762E-1;1,181340E-1;1,313166E-1;9,458082E-1;;
30/11/2021  14:47:38,946183;9,368192E-1;1,350188E-1;1,385831E-1;9,457908E-1;;
30/11/2021  14:47:38,946283;9,358655E-1;1,327887E-1;1,354238E-1;9,457631E-1;;
30/11/2021  14:47:38,946383;9,347419E-1;1,324701E-1;1,313166E-1;9,457242E-1;;
30/11/2021  14:47:38,946483;9,347151E-1;1,280100E-1;1,148882E-1;9,456733E-1;;
30/11/2021  14:47:38,946583;9,343903E-1;1,327887E-1;1,310007E-1;9,456097E-1;;
30/11/2021  14:47:38,946683;9,339879E-1;1,178155E-1;1,088855E-1;9,455328E-1;;
30/11/2021  14:47:38,946783;9,337227E-1;1,280100E-1;1,189953E-1;9,454420E-1;;
30/11/2021  14:47:38,946883;9,331922E-1;1,264171E-1;1,411105E-1;9,453370E-1;;
30/11/2021  14:47:38,946983;9,325812E-1;9,710776E-2;9,561632E-2;9,452174E-1;;
30/11/2021  14:47:38,947083;9,323398E-1;1,732484E-1;1,610142E-1;9,450829E-1;;
30/11/2021  14:47:38,947183;9,326140E-1;1,433019E-1;1,543797E-1;9,449334E-1;;
30/11/2021  14:47:38,947283;9,329865E-1;1,311958E-1;1,357397E-1;9,447689E-1;;
30/11/2021  14:47:38,947383;9,329061E-1;1,308772E-1;1,313166E-1;9,445894E-1;;
30/11/2021  14:47:38,947483;9,336273E-1;5,887816E-2;1,133085E-1;9,443955E-1;;
30/11/2021  14:47:38,947583;9,331177E-1;1,397975E-1;1,445858E-1;9,441876E-1;;
30/11/2021  14:47:38,947683;9,329776E-1;1,213198E-1;1,328963E-1;9,439663E-1;;
30/11/2021  14:47:38,947783;9,326617E-1;1,732484E-1;1,862888E-1;9,437323E-1;;
30/11/2021  14:47:38,947883;9,335021E-1;5,824100E-2;1,060421E-1;9,434862E-1;;
30/11/2021  14:47:38,947983;9,342621E-1;1,305587E-1;1,180475E-1;9,432290E-1;;
30/11/2021  14:47:38,948083;9,346943E-1;1,420275E-1;1,452176E-1;9,429616E-1;;
30/11/2021  14:47:38,948183;9,350102E-1;1,401161E-1;1,205749E-1;9,426852E-1;;
30/11/2021  14:47:38,948283;9,352247E-1;1,499920E-1;1,815498E-1;9,424010E-1;;
30/11/2021  14:47:38,948383;9,348254E-1;2,000091E-1;2,153545E-1;9,421103E-1;;
30/11/2021  14:47:38,948483;9,356062E-1;1,359745E-1;1,445858E-1;9,418144E-1;;
30/11/2021  14:47:38,948583;9,364198E-1;1,452133E-1;1,278414E-1;9,415145E-1;;
30/11/2021  14:47:38,948683;9,374868E-1;7,640006E-2;1,537478E-1;9,412120E-1;;
30/11/2021  14:47:38,948783;9,380769E-1;1,337445E-1;1,392149E-1;9,409084E-1;;
30/11/2021  14:47:38,948883;9,384465E-1;8,340882E-2;1,073058E-1;9,406054E-1;;
30/11/2021  14:47:38,948983;9,387862E-1;1,719741E-1;1,897641E-1;9,403045E-1;;
30/11/2021  14:47:38,949083;9,389978E-1;-2,926362E-3;7,065769E-2;9,400073E-1;;
30/11/2021  14:47:38,949183;9,396594E-1;1,445762E-1;1,452176E-1;9,397153E-1;;
30/11/2021  14:47:38,949283;9,403807E-1;1,650702E-2;1,884484E-2;9,394298E-1;;
30/11/2021  14:47:38,949383;9,411496E-1;1,533758E-3;3,680107E-3;9,391524E-1;;
30/11/2021  14:47:38,949483;9,418827E-1;1,533758E-3;3,996039E-3;9,388845E-1;;
30/11/2021  14:47:38,949583;9,422493E-1;3,126658E-3;4,943835E-3;9,386275E-1;;
30/11/2021  14:47:38,949683;9,431315E-1;3,445238E-3;6,207563E-3;9,383829E-1;;
30/11/2021  14:47:38,949783;9,429914E-1;1,533758E-3;3,996039E-3;9,381519E-1;;
30/11/2021  14:47:38,949883;9,442133E-1;5,038138E-3;6,523495E-3;9,379358E-1;;
30/11/2021  14:47:38,949983;9,448988E-1;1,533758E-3;3,996039E-3;9,377358E-1;;
30/11/2021  14:47:38,950083;9,457154E-1;6,312458E-3;7,787223E-3;9,375529E-1;;
30/11/2021  14:47:38,950183;9,462459E-1;1,215178E-3;3,680107E-3;9,373883E-1;;
30/11/2021  14:47:38,950283;9,466512E-1;1,215178E-3;3,048243E-3;9,372431E-1;;
30/11/2021  14:47:38,950383;9,469671E-1;3,126658E-3;5,891631E-3;9,371181E-1;;
30/11/2021  14:47:38,950483;9,462936E-1;1,852338E-3;3,680107E-3;9,370141E-1;;
30/11/2021  14:47:38,950583;9,473337E-1;8,965980E-4;3,680107E-3;9,369317E-1;;
30/11/2021  14:47:38,950683;9,482576E-1;5,780180E-4;3,364175E-3;9,368712E-1;;
30/11/2021  14:47:38,950783;9,489043E-1;2,489498E-3;3,996039E-3;9,368330E-1;;
30/11/2021  14:47:38,950883;9,491636E-1;1,852338E-3;2,732311E-3;9,368176E-1;;
30/11/2021  14:47:38,950983;9,485258E-1;1,533758E-3;3,364175E-3;9,368250E-1;;
30/11/2021  14:47:38,951083;9,491606E-1;5,780180E-4;3,364175E-3;9,368555E-1;;
30/11/2021  14:47:38,951183;9,489162E-1;8,965980E-4;3,364175E-3;9,369088E-1;;
30/11/2021  14:47:38,951283;9,491845E-1;5,780180E-4;3,048243E-3;9,369847E-1;;
30/11/2021  14:47:38,951383;9,495183E-1;3,763818E-3;5,259767E-3;9,370828E-1;;
30/11/2021  14:47:38,951483;9,503319E-1;5,356718E-3;6,523495E-3;9,372027E-1;;
30/11/2021  14:47:38,951583;9,496285E-1;2,170918E-3;4,311971E-3;9,373437E-1;;
30/11/2021  14:47:38,951683;9,499385E-1;2,489498E-3;4,627903E-3;9,375054E-1;;
30/11/2021  14:47:38,951783;9,490861E-1;5,993878E-3;8,103155E-3;9,376869E-1;;
30/11/2021  14:47:38,951883;9,491815E-1;5,356718E-3;7,787223E-3;9,378874E-1;;
30/11/2021  14:47:38,951983;9,497001E-1;2,808078E-3;5,575699E-3;9,381058E-1;;
30/11/2021  14:47:38,952083;9,502693E-1;1,215178E-3;3,680107E-3;9,383411E-1;;
30/11/2021  14:47:38,952183;9,500190E-1;1,215178E-3;3,680107E-3;9,385922E-1;;
30/11/2021  14:47:38,952283;9,493216E-1;1,215178E-3;3,364175E-3;9,388580E-1;;
30/11/2021  14:47:38,952383;9,491875E-1;5,780180E-4;2,416379E-3;9,391375E-1;;
30/11/2021  14:47:38,952483;9,490682E-1;8,965980E-4;3,364175E-3;9,394294E-1;;
30/11/2021  14:47:38,952583;9,489908E-1;8,965980E-4;3,364175E-3;9,397322E-1;;
30/11/2021  14:47:38,952683;9,490414E-1;4,082398E-3;6,839427E-3;9,400448E-1;;
30/11/2021  14:47:38,952783;9,493007E-1;9,816838E-3;1,189434E-2;9,403657E-1;;
30/11/2021  14:47:38,952883;9,489192E-1;1,332122E-2;1,221027E-2;9,406937E-1;;
30/11/2021  14:47:38,952983;9,481950E-1;1,332122E-2;1,410586E-2;9,410274E-1;;
30/11/2021  14:47:38,953083;9,486599E-1;8,223938E-3;1,126247E-2;9,413656E-1;;
30/11/2021  14:47:38,953183;9,479655E-1;1,077258E-2;1,663332E-2;9,417069E-1;;
30/11/2021  14:47:38,953283;9,484066E-1;1,109116E-2;1,473773E-2;9,420499E-1;;
30/11/2021  14:47:38,953383;9,487613E-1;1,873708E-2;2,263603E-2;9,423935E-1;;
30/11/2021  14:47:38,953483;9,488209E-1;1,969282E-2;2,263603E-2;9,427364E-1;;
30/11/2021  14:47:38,953583;9,488954E-1;2,224146E-2;3,337771E-2;9,430777E-1;;
30/11/2021  14:47:38,953683;9,480013E-1;4,613496E-2;4,917431E-2;9,434163E-1;;
30/11/2021  14:47:38,953783;9,478821E-1;5,409946E-2;5,896821E-2;9,437514E-1;;
30/11/2021  14:47:38,953883;9,478612E-1;1,523270E-2;1,694925E-2;9,440818E-1;;
30/11/2021  14:47:38,953983;9,481473E-1;4,645354E-2;5,960007E-2;9,444066E-1;;
30/11/2021  14:47:38,954083;9,483232E-1;7,162136E-2;7,318515E-2;9,447249E-1;;
30/11/2021  14:47:38,954183;9,487404E-1;1,280100E-1;1,278414E-1;9,450360E-1;;
30/11/2021  14:47:38,954283;9,483708E-1;1,356559E-1;1,373193E-1;9,453393E-1;;
30/11/2021  14:47:38,954383;9,478016E-1;1,347002E-1;1,275255E-1;9,456342E-1;;
30/11/2021  14:47:38,954483;9,473814E-1;1,060280E-1;1,199431E-1;9,459200E-1;;
30/11/2021  14:47:38,954583;9,475572E-1;8,277166E-2;1,006712E-1;9,461963E-1;;
30/11/2021  14:47:38,954683;9,473277E-1;1,659210E-1;2,080881E-1;9,464624E-1;;
30/11/2021  14:47:38,954783;9,471251E-1;1,347002E-1;1,584868E-1;9,467178E-1;;
30/11/2021  14:47:38,954883;9,474797E-1;6,684266E-2;1,208909E-1;9,469620E-1;;
30/11/2021  14:47:38,954983;9,465558E-1;1,225942E-1;1,287892E-1;9,471946E-1;;
30/11/2021  14:47:38,955083;9,461654E-1;1,289658E-1;1,275255E-1;9,474153E-1;;
30/11/2021  14:47:38,955183;9,455098E-1;1,066652E-1;1,417424E-1;9,476235E-1;;
30/11/2021  14:47:38,955283;9,454829E-1;1,563636E-1;1,629098E-1;9,478189E-1;;
30/11/2021  14:47:38,955383;9,456439E-1;1,235499E-1;1,180475E-1;9,480010E-1;;
30/11/2021  14:47:38,955483;9,455127E-1;1,241871E-1;1,360556E-1;9,481694E-1;;
30/11/2021  14:47:38,955583;9,452028E-1;1,458505E-1;1,603824E-1;9,483240E-1;;
30/11/2021  14:47:38,955683;9,443176E-1;1,276914E-1;1,243661E-1;9,484646E-1;;
30/11/2021  14:47:38,955783;9,438140E-1;1,216384E-1;1,152041E-1;9,485908E-1;;
30/11/2021  14:47:38,955883;9,430242E-1;1,152668E-1;1,133085E-1;9,487024E-1;;
30/11/2021  14:47:38,955983;9,424102E-1;1,302401E-1;1,174156E-1;9,487991E-1;;
30/11/2021  14:47:38,956083;9,426785E-1;1,448948E-1;1,597505E-1;9,488806E-1;;
30/11/2021  14:47:38,956183;9,422374E-1;9,105474E-2;7,192142E-2;9,489465E-1;;
30/11/2021  14:47:38,956283;9,418976E-1;1,340630E-1;1,777586E-1;9,489968E-1;;
30/11/2021  14:47:38,956383;9,409261E-1;1,238685E-1;1,376353E-1;9,490312E-1;;
30/11/2021  14:47:38,956483;9,402287E-1;1,194084E-1;1,221546E-1;9,490496E-1;;
30/11/2021  14:47:38,956583;9,397548E-1;1,235499E-1;1,262617E-1;9,490518E-1;;
30/11/2021  14:47:38,956683;9,393286E-1;1,308772E-1;1,300529E-1;9,490376E-1;;
30/11/2021  14:47:38,956783;9,390276E-1;1,104881E-1;1,079377E-1;9,490068E-1;;
30/11/2021  14:47:38,956883;9,383719E-1;1,267357E-1;1,291051E-1;9,489593E-1;;
30/11/2021  14:47:38,956983;9,379338E-1;1,210013E-1;1,224705E-1;9,488950E-1;;
30/11/2021  14:47:38,957083;9,368580E-1;1,276914E-1;1,243661E-1;9,488139E-1;;
30/11/2021  14:47:38,957183;9,358446E-1;1,254614E-1;1,224705E-1;9,487159E-1;;
30/11/2021  14:47:38,957283;9,354393E-1;1,633724E-1;1,407946E-1;9,486007E-1;;
30/11/2021  14:47:38,957383;9,355347E-1;9,328480E-2;1,009872E-1;9,484684E-1;;
30/11/2021  14:47:38,957483;9,347092E-1;8,436456E-2;8,361090E-2;9,483187E-1;;
30/11/2021  14:47:38,957583;9,346585E-1;-7,067902E-3;1,157841E-2;9,481519E-1;;
30/11/2021  14:47:38,957683;9,339432E-1;9,678918E-2;9,182514E-2;9,479680E-1;;
30/11/2021  14:47:38,957783;9,336541E-1;1,394789E-1;1,474292E-1;9,477672E-1;;
30/11/2021  14:47:38,957883;9,328405E-1;1,206827E-1;1,224705E-1;9,475496E-1;;
30/11/2021  14:47:38,957983;9,327273E-1;1,229127E-1;1,224705E-1;9,473156E-1;;
30/11/2021  14:47:38,958083;9,332548E-1;1,184526E-1;1,174156E-1;9,470653E-1;;
30/11/2021  14:47:38,958183;9,326557E-1;1,184526E-1;1,208909E-1;9,467994E-1;;
30/11/2021  14:47:38,958283;9,328643E-1;1,206827E-1;1,328963E-1;9,465183E-1;;
30/11/2021  14:47:38,958383;9,316216E-1;1,114439E-1;1,170997E-1;9,462226E-1;;
30/11/2021  14:47:38,958483;9,318332E-1;1,139925E-1;1,142563E-1;9,459129E-1;;
30/11/2021  14:47:38,958583;9,309570E-1;1,187712E-1;1,170997E-1;9,455900E-1;;
30/11/2021  14:47:38,958683;9,318034E-1;1,127182E-1;1,142563E-1;9,452544E-1;;
30/11/2021  14:47:38,958783;9,315560E-1;1,082581E-1;9,624818E-2;9,449068E-1;;
30/11/2021  14:47:38,958883;9,322176E-1;1,286472E-1;1,310007E-1;9,445481E-1;;
30/11/2021  14:47:38,958983;9,322087E-1;1,289658E-1;1,338441E-1;9,441793E-1;;
30/11/2021  14:47:38,959083;9,313831E-1;7,257710E-2;8,013565E-2;9,438015E-1;;
30/11/2021  14:47:38,959183;9,316633E-1;2,560792E-1;3,120297E-1;9,434156E-1;;
30/11/2021  14:47:38,959283;9,312878E-1;1,268406E-2;9,050951E-3;9,430228E-1;;
30/11/2021  14:47:38,959383;9,315739E-1;-1,375808E-2;-2,096259E-2;9,426239E-1;;
30/11/2021  14:47:38,959483;9,318212E-1;1,022050E-1;1,025668E-1;9,422201E-1;;
30/11/2021  14:47:38,959583;9,317318E-1;8,691320E-2;9,845971E-2;9,418123E-1;;
30/11/2021  14:47:38,959683;9,314278E-1;8,978042E-2;9,214107E-2;9,414017E-1;;
30/11/2021  14:47:38,959783;9,307007E-1;8,914326E-2;8,898175E-2;9,409894E-1;;
30/11/2021  14:47:38,959883;9,299615E-1;1,018865E-1;1,060421E-1;9,405761E-1;;
30/11/2021  14:47:38,959983;9,302655E-1;3,976336E-2;2,895467E-2;9,401627E-1;;
30/11/2021  14:47:38,960083;9,301076E-1;1,216384E-1;9,845971E-2;9,397499E-1;;
30/11/2021  14:47:38,960183;9,300480E-1;1,280100E-1;1,262617E-1;9,393383E-1;;
30/11/2021  14:47:38,960283;9,297172E-1;1,229127E-1;1,022509E-1;9,389287E-1;;
30/11/2021  14:47:38,960383;9,298691E-1;1,190898E-1;1,193112E-1;9,385218E-1;;
30/11/2021  14:47:38,960483;9,290615E-1;1,200455E-1;1,284732E-1;9,381181E-1;;
30/11/2021  14:47:38,960583;9,287664E-1;1,260985E-1;1,388990E-1;9,377181E-1;;
30/11/2021  14:47:38,960683;9,291718E-1;7,735580E-2;7,887192E-2;9,373224E-1;;
30/11/2021  14:47:38,960783;9,294221E-1;1,037979E-1;1,107811E-1;9,369314E-1;;
30/11/2021  14:47:38,960883;9,291658E-1;1,028422E-1;9,972343E-2;9,365456E-1;;
30/11/2021  14:47:38,960983;9,295264E-1;1,069837E-1;1,379512E-1;9,361654E-1;;
30/11/2021  14:47:38,961083;9,290198E-1;1,006121E-1;1,341600E-1;9,357915E-1;;
30/11/2021  14:47:38,961183;9,286174E-1;1,073023E-1;1,019350E-1;9,354243E-1;;
30/11/2021  14:47:38,961283;9,285787E-1;1,066652E-1;1,164678E-1;9,350641E-1;;
30/11/2021  14:47:38,961383;9,279290E-1;1,063466E-1;1,164678E-1;9,347112E-1;;
30/11/2021  14:47:38,961483;9,289125E-1;7,448858E-2;7,634447E-2;9,343659E-1;;
30/11/2021  14:47:38,961583;9,283462E-1;1,025236E-1;1,145722E-1;9,340284E-1;;
30/11/2021  14:47:38,961683;9,284833E-1;5,664810E-2;3,590517E-2;9,336989E-1;;
30/11/2021  14:47:38,961783;9,278872E-1;1,022050E-1;1,357397E-1;9,333777E-1;;
30/11/2021  14:47:38,961883;9,283373E-1;-5,071336E-2;9,998747E-3;9,330650E-1;;
30/11/2021  14:47:38,961983;9,279886E-1;7,576290E-2;9,024547E-2;9,327608E-1;;
30/11/2021  14:47:38,962083;9,283701E-1;1,127182E-1;1,382671E-1;9,324654E-1;;
30/11/2021  14:47:38,962183;9,285906E-1;1,203641E-1;1,395309E-1;9,321789E-1;;
30/11/2021  14:47:38,962283;9,280780E-1;1,213198E-1;1,231024E-1;9,319013E-1;;
30/11/2021  14:47:38,962383;9,287456E-1;1,063466E-1;9,498445E-2;9,316330E-1;;
30/11/2021  14:47:38,962483;9,277263E-1;1,936375E-1;1,742834E-1;9,313739E-1;;
30/11/2021  14:47:38,962583;9,278694E-1;1,656025E-1;1,537478E-1;9,311241E-1;;
30/11/2021  14:47:38,962683;9,285697E-1;1,496735E-1;1,455336E-1;9,308837E-1;;
30/11/2021  14:47:38,962783;9,286591E-1;1,687883E-1;1,543797E-1;9,306526E-1;;
30/11/2021  14:47:38,962883;9,291747E-1;1,620981E-1;1,603824E-1;9,304309E-1;;
30/11/2021  14:47:38,962983;9,290078E-1;1,350188E-1;1,341600E-1;9,302189E-1;;
30/11/2021  14:47:38,963083;9,289900E-1;1,232313E-1;1,110970E-1;9,300166E-1;;
30/11/2021  14:47:38,963183;9,290049E-1;1,178155E-1;1,107811E-1;9,298242E-1;;
30/11/2021  14:47:38,963283;9,292343E-1;1,092138E-1;1,082536E-1;9,296416E-1;;
30/11/2021  14:47:38,963383;9,302596E-1;1,245056E-1;1,287892E-1;9,294690E-1;;
30/11/2021  14:47:38,963483;9,307662E-1;1,292843E-1;1,682807E-1;9,293065E-1;;
30/11/2021  14:47:38,963583;9,314576E-1;1,395838E-2;7,697633E-2;9,291543E-1;;
30/11/2021  14:47:38,963683;9,319613E-1;1,264171E-1;1,246821E-1;9,290130E-1;;
30/11/2021  14:47:38,963783;9,325186E-1;9,487770E-2;1,152041E-1;9,288827E-1;;
30/11/2021  14:47:38,963883;9,321610E-1;1,184526E-1;1,212068E-1;9,287639E-1;;
30/11/2021  14:47:38,963983;9,334485E-1;1,264171E-1;1,335282E-1;9,286570E-1;;
30/11/2021  14:47:38,964083;9,342591E-1;1,362931E-1;1,414265E-1;9,285624E-1;;
30/11/2021  14:47:38,964183;9,353916E-1;1,286472E-1;1,237343E-1;9,284805E-1;;
30/11/2021  14:47:38,964283;9,360562E-1;1,238685E-1;1,417424E-1;9,284119E-1;;
30/11/2021  14:47:38,964383;9,371113E-1;1,382046E-1;1,351078E-1;9,283572E-1;;
30/11/2021  14:47:38,964483;9,369503E-1;1,225942E-1;1,196272E-1;9,283171E-1;;
30/11/2021  14:47:38,964583;9,374480E-1;1,267357E-1;1,221546E-1;9,282921E-1;;
30/11/2021  14:47:38,964683;9,378146E-1;1,334259E-1;1,388990E-1;9,282828E-1;;
30/11/2021  14:47:38,964783;9,387445E-1;1,257800E-1;1,152041E-1;9,282896E-1;;
30/11/2021  14:47:38,964883;9,404075E-1;1,146297E-1;1,161519E-1;9,283129E-1;;
30/11/2021  14:47:38,964983;9,406936E-1;9,073616E-2;8,582243E-2;9,283531E-1;;
30/11/2021  14:47:38,965083;9,412002E-1;1,136739E-1;9,877564E-2;9,284108E-1;;
30/11/2021  14:47:38,965183;9,410512E-1;1,219570E-1;1,303688E-1;9,284864E-1;;
30/11/2021  14:47:38,965283;9,412897E-1;1,315144E-1;1,328963E-1;9,285802E-1;;
30/11/2021  14:47:38,965383;9,421271E-1;1,337445E-1;1,341600E-1;9,286923E-1;;
30/11/2021  14:47:38,965483;9,428931E-1;1,315144E-1;1,322644E-1;9,288228E-1;;
30/11/2021  14:47:38,965583;9,432239E-1;1,197269E-1;1,139404E-1;9,289717E-1;;
30/11/2021  14:47:38,965683;9,435904E-1;1,697440E-1;1,967146E-1;9,291391E-1;;
30/11/2021  14:47:38,965783;9,439600E-1;1,327887E-1;1,303688E-1;9,293248E-1;;
30/11/2021  14:47:38,965883;9,442610E-1;1,340630E-1;1,401627E-1;9,295288E-1;;
30/11/2021  14:47:38,965983;9,445680E-1;1,216384E-1;1,272095E-1;9,297507E-1;;
30/11/2021  14:47:38,966083;9,448690E-1;1,251428E-1;1,265777E-1;9,299903E-1;;
30/11/2021  14:47:38,966183;9,454174E-1;1,178155E-1;1,196272E-1;9,302471E-1;;
30/11/2021  14:47:38,966283;9,460105E-1;1,283286E-1;1,262617E-1;9,305207E-1;;
30/11/2021  14:47:38,966383;9,462578E-1;1,273729E-1;1,275255E-1;9,308107E-1;;
30/11/2021  14:47:38,966483;9,461446E-1;1,219570E-1;1,066739E-1;9,311166E-1;;
30/11/2021  14:47:38,966583;9,460552E-1;1,369303E-1;1,455336E-1;9,314377E-1;;
30/11/2021  14:47:38,966683;9,466989E-1;5,505520E-2;9,751191E-2;9,317735E-1;;
30/11/2021  14:47:38,966783;9,467764E-1;1,331073E-1;1,464814E-1;9,321230E-1;;
30/11/2021  14:47:38,966883;9,474976E-1;1,538150E-1;1,727037E-1;9,324855E-1;;
30/11/2021  14:47:38,966983;9,476526E-1;1,123996E-1;1,357397E-1;9,328603E-1;;
30/11/2021  14:47:38,967083;9,478940E-1;1,286472E-1;1,281573E-1;9,332466E-1;;
30/11/2021  14:47:38,967183;9,478791E-1;1,225942E-1;1,253139E-1;9,336436E-1;;
30/11/2021  14:47:38,967283;9,484364E-1;1,397975E-1;1,442698E-1;9,340505E-1;;
30/11/2021  14:47:38,967383;9,484156E-1;1,461691E-1;1,430061E-1;9,344663E-1;;
30/11/2021  14:47:38,967483;9,490593E-1;1,162226E-1;1,177316E-1;9,348904E-1;;
30/11/2021  14:47:38,967583;9,493067E-1;1,321516E-1;1,423743E-1;9,353218E-1;;
30/11/2021  14:47:38,967683;9,494527E-1;1,388417E-1;1,328963E-1;9,357597E-1;;
30/11/2021  14:47:38,967783;9,496166E-1;1,331073E-1;1,347919E-1;9,362034E-1;;
30/11/2021  14:47:38,967883;9,490772E-1;1,289658E-1;1,205749E-1;9,366520E-1;;
30/11/2021  14:47:38,967983;9,492590E-1;1,280100E-1;1,205749E-1;9,371046E-1;;
30/11/2021  14:47:38,968083;9,494795E-1;1,401161E-1;1,316326E-1;9,375603E-1;;
30/11/2021  14:47:38,968183;9,498521E-1;1,528593E-1;1,850251E-1;9,380181E-1;;
30/11/2021  14:47:38,968283;9,498461E-1;1,397975E-1;1,404787E-1;9,384772E-1;;
30/11/2021  14:47:38,968383;9,497865E-1;1,751599E-1;1,815498E-1;9,389367E-1;;
30/11/2021  14:47:38,968483;9,497626E-1;1,589123E-1;1,654373E-1;9,393958E-1;;
30/11/2021  14:47:38,968583;9,493245E-1;1,385232E-1;1,420583E-1;9,398534E-1;;
30/11/2021  14:47:38,968683;9,487970E-1;1,404346E-1;1,442698E-1;9,403088E-1;;
30/11/2021  14:47:38,968783;9,505137E-1;1,391603E-1;1,325804E-1;9,407609E-1;;
30/11/2021  14:47:38,968883;9,503885E-1;1,382046E-1;1,133085E-1;9,412089E-1;;
30/11/2021  14:47:38,968983;9,500517E-1;1,232313E-1;1,306848E-1;9,416522E-1;;
30/11/2021  14:47:38,969083;9,499623E-1;1,337445E-1;1,351078E-1;9,420900E-1;;
30/11/2021  14:47:38,969183;9,495749E-1;1,353374E-1;1,360556E-1;9,425217E-1;;
30/11/2021  14:47:38,969283;9,491278E-1;1,350188E-1;1,275255E-1;9,429464E-1;;
30/11/2021  14:47:38,969383;9,493782E-1;8,965980E-4;3,996039E-3;9,433635E-1;;
30/11/2021  14:47:38,969483;9,495093E-1;8,965980E-4;3,680107E-3;9,437721E-1;;
30/11/2021  14:47:38,969583;9,492053E-1;5,356718E-3;7,471291E-3;9,441717E-1;;
30/11/2021  14:47:38,969683;9,488477E-1;2,170918E-3;3,680107E-3;9,445614E-1;;
30/11/2021  14:47:38,969783;9,486987E-1;1,533758E-3;3,996039E-3;9,449408E-1;;
30/11/2021  14:47:38,969883;9,481414E-1;6,312458E-3;8,103155E-3;9,453091E-1;;
30/11/2021  14:47:38,969983;9,479119E-1;5,993878E-3;8,103155E-3;9,456657E-1;;
30/11/2021  14:47:38,970083;9,478910E-1;5,675298E-3;8,103155E-3;9,460099E-1;;
30/11/2021  14:47:38,970183;9,482546E-1;2,489498E-3;5,259767E-3;9,463412E-1;;
30/11/2021  14:47:38,970283;9,481861E-1;5,993878E-3;8,103155E-3;9,466590E-1;;
30/11/2021  14:47:38,970383;9,472950E-1;1,852338E-3;3,996039E-3;9,469629E-1;;
30/11/2021  14:47:38,970483;9,464545E-1;1,533758E-3;3,680107E-3;9,472526E-1;;
30/11/2021  14:47:38,970583;9,456171E-1;2,808078E-3;4,627903E-3;9,475274E-1;;
30/11/2021  14:47:38,970683;9,452833E-1;2,489498E-3;3,680107E-3;9,477869E-1;;
30/11/2021  14:47:38,970783;9,455396E-1;1,215178E-3;3,680107E-3;9,480304E-1;;
30/11/2021  14:47:38,970883;9,453429E-1;2,489498E-3;4,311971E-3;9,482574E-1;;
30/11/2021  14:47:38,970983;9,447766E-1;5,780180E-4;3,680107E-3;9,484675E-1;;
30/11/2021  14:47:38,971083;9,431225E-1;2,170918E-3;3,996039E-3;9,486604E-1;;
30/11/2021  14:47:38,971183;9,429884E-1;8,965980E-4;3,048243E-3;9,488356E-1;;
30/11/2021  14:47:38,971283;9,422314E-1;2,808078E-3;4,311971E-3;9,489926E-1;;
30/11/2021  14:47:38,971383;9,420377E-1;8,965980E-4;3,996039E-3;9,491309E-1;;
30/11/2021  14:47:38,971483;9,421003E-1;6,949618E-3;8,735019E-3;9,492500E-1;;
30/11/2021  14:47:38,971583;9,423149E-1;8,965980E-4;3,364175E-3;9,493498E-1;;
30/11/2021  14:47:38,971683;9,420705E-1;8,965980E-4;3,364175E-3;9,494301E-1;;
30/11/2021  14:47:38,971783;9,408456E-1;1,215178E-3;3,048243E-3;9,494908E-1;;
30/11/2021  14:47:38,971883;9,403211E-1;5,780180E-4;3,048243E-3;9,495321E-1;;
30/11/2021  14:47:38,971983;9,406996E-1;4,400978E-3;6,523495E-3;9,495537E-1;;
30/11/2021  14:47:38,972083;9,403121E-1;1,215178E-3;3,364175E-3;9,495559E-1;;
30/11/2021  14:47:38,972183;9,404790E-1;8,965980E-4;3,048243E-3;9,495387E-1;;
30/11/2021  14:47:38,972283;9,404254E-1;5,780180E-4;2,732311E-3;9,495024E-1;;
30/11/2021  14:47:38,972383;9,403807E-1;2,594380E-4;3,048243E-3;9,494475E-1;;
30/11/2021  14:47:38,972483;9,405833E-1;8,965980E-4;3,680107E-3;9,493744E-1;;
30/11/2021  14:47:38,972583;9,400797E-1;5,780180E-4;3,048243E-3;9,492838E-1;;
30/11/2021  14:47:38,972683;9,397578E-1;5,780180E-4;3,364175E-3;9,491762E-1;;
30/11/2021  14:47:38,972783;9,398979E-1;1,533758E-3;4,627903E-3;9,490524E-1;;
30/11/2021  14:47:38,972883;9,406966E-1;6,312458E-3;9,682815E-3;9,489130E-1;;
30/11/2021  14:47:38,972983;9,406996E-1;1,268406E-2;1,378993E-2;9,487588E-1;;
30/11/2021  14:47:38,973083;9,410184E-1;6,949618E-3;9,998747E-3;9,485909E-1;;
30/11/2021  14:47:38,973183;9,399336E-1;1,013542E-2;1,157841E-2;9,484103E-1;;
30/11/2021  14:47:38,973283;9,399813E-1;1,746276E-2;1,758111E-2;9,482178E-1;;
30/11/2021  14:47:38,973383;9,397041E-1;1,300264E-2;1,410586E-2;9,480145E-1;;
30/11/2021  14:47:38,973483;9,400648E-1;1,746276E-2;1,947671E-2;9,478012E-1;;
30/11/2021  14:47:38,973583;9,408426E-1;3,657756E-2;3,527331E-2;9,475788E-1;;
30/11/2021  14:47:38,973683;9,398561E-1;7,544432E-2;7,887192E-2;9,473483E-1;;
30/11/2021  14:47:38,973783;9,399098E-1;1,109116E-2;1,536959E-2;9,471107E-1;;
30/11/2021  14:47:38,973883;9,391707E-1;1,714418E-2;1,884484E-2;9,468669E-1;;
30/11/2021  14:47:38,973983;9,393674E-1;1,204690E-2;1,600145E-2;9,466177E-1;;
30/11/2021  14:47:38,974083;9,387326E-1;1,746276E-2;2,042450E-2;9,463639E-1;;
30/11/2021  14:47:38,974183;9,396237E-1;2,287862E-2;3,811669E-2;9,461061E-1;;
30/11/2021  14:47:38,974283;9,399485E-1;1,203641E-1;1,370034E-1;9,458452E-1;;
30/11/2021  14:47:38,974383;9,391170E-1;9,742634E-2;1,107811E-1;9,455819E-1;;
30/11/2021  14:47:38,974483;9,385299E-1;1,586986E-2;2,389975E-2;9,453170E-1;;
30/11/2021  14:47:38,974583;9,386163E-1;1,417090E-1;1,524841E-1;9,450511E-1;;
30/11/2021  14:47:38,974683;9,375166E-1;9,901924E-2;1,183634E-1;9,447849E-1;;
30/11/2021  14:47:38,974783;9,375673E-1;7,671864E-2;8,613836E-2;9,445186E-1;;
30/11/2021  14:47:38,974883;9,380531E-1;1,267357E-1;1,249980E-1;9,442527E-1;;
30/11/2021  14:47:38,974983;9,382199E-1;1,241871E-1;1,344760E-1;9,439875E-1;;
30/11/2021  14:47:38,975083;9,377312E-1;1,229127E-1;1,170997E-1;9,437236E-1;;
30/11/2021  14:47:38,975183;9,368609E-1;-7,173964E-2;-5,165989E-3;9,434613E-1;;
30/11/2021  14:47:38,975283;9,359907E-1;9,041758E-2;7,824006E-2;9,432009E-1;;
30/11/2021  14:47:38,975383;9,366016E-1;9,965640E-2;1,063580E-1;9,429425E-1;;
30/11/2021  14:47:38,975483;9,365003E-1;1,311958E-1;1,268936E-1;9,426864E-1;;
30/11/2021  14:47:38,975583;9,369265E-1;1,006121E-1;1,392149E-1;9,424325E-1;;
30/11/2021  14:47:38,975683;9,368281E-1;1,028422E-1;1,028828E-1;9,421813E-1;;
30/11/2021  14:47:38,975783;9,359609E-1;1,155854E-1;1,152041E-1;9,419328E-1;;
30/11/2021  14:47:38,975883;9,355377E-1;1,356559E-1;1,556434E-1;9,416875E-1;;
30/11/2021  14:47:38,975983;9,352456E-1;1,225942E-1;1,208909E-1;9,414451E-1;;
30/11/2021  14:47:38,976083;9,349804E-1;1,235499E-1;1,287892E-1;9,412059E-1;;
30/11/2021  14:47:38,976183;9,355019E-1;1,257800E-1;1,265777E-1;9,409698E-1;;
30/11/2021  14:47:38,976283;9,357523E-1;1,331073E-1;1,291051E-1;9,407367E-1;;
30/11/2021  14:47:38,976383;9,354989E-1;1,318330E-1;1,341600E-1;9,405069E-1;;
30/11/2021  14:47:38,976483;9,352426E-1;1,041165E-1;1,076217E-1;9,402805E-1;;
30/11/2021  14:47:38,976583;9,346883E-1;1,143111E-1;1,148882E-1;9,400575E-1;;
30/11/2021  14:47:38,976683;9,346138E-1;3,052454E-2;5,486109E-2;9,398381E-1;;
30/11/2021  14:47:38,976783;9,345184E-1;9,328480E-2;1,104651E-1;9,396221E-1;;
30/11/2021  14:47:38,976883;9,350012E-1;1,149482E-1;9,877564E-2;9,394097E-1;;
30/11/2021  14:47:38,976983;9,351353E-1;1,101695E-1;1,079377E-1;9,392008E-1;;
30/11/2021  14:47:38,977083;9,348284E-1;8,277166E-2;6,212753E-2;9,389957E-1;;
30/11/2021  14:47:38,977183;9,357135E-1;1,108067E-1;9,845971E-2;9,387943E-1;;
30/11/2021  14:47:38,977283;9,347390E-1;1,219570E-1;1,347919E-1;9,385970E-1;;
30/11/2021  14:47:38,977383;9,347062E-1;1,108067E-1;1,727037E-1;9,384038E-1;;
30/11/2021  14:47:38,977483;9,355556E-1;1,260985E-1;1,357397E-1;9,382149E-1;;
30/11/2021  14:47:38,977583;9,363543E-1;1,229127E-1;1,253139E-1;9,380304E-1;;
30/11/2021  14:47:38,977683;9,369354E-1;8,054160E-2;9,372073E-2;9,378508E-1;;
30/11/2021  14:47:38,977783;9,370546E-1;1,359745E-1;1,313166E-1;9,376763E-1;;
30/11/2021  14:47:38,977883;9,369950E-1;1,210013E-1;1,114129E-1;9,375076E-1;;
30/11/2021  14:47:38,977983;9,370278E-1;1,031608E-1;1,063580E-1;9,373451E-1;;
30/11/2021  14:47:38,978083;9,371113E-1;1,251428E-1;1,224705E-1;9,371890E-1;;
30/11/2021  14:47:38,978183;9,380113E-1;1,241871E-1;1,243661E-1;9,370399E-1;;
30/11/2021  14:47:38,978283;9,390991E-1;1,066652E-1;9,656411E-2;9,368981E-1;;
30/11/2021  14:47:38,978383;9,387028E-1;1,194084E-1;1,158360E-1;9,367642E-1;;
30/11/2021  14:47:38,978483;9,388369E-1;1,229127E-1;1,205749E-1;9,366386E-1;;
30/11/2021  14:47:38,978583;9,389680E-1;1,178155E-1;9,877564E-2;9,365218E-1;;
30/11/2021  14:47:38,978683;9,387326E-1;1,152668E-1;1,278414E-1;9,364142E-1;;
30/11/2021  14:47:38,978783;9,393763E-1;1,229127E-1;1,395309E-1;9,363161E-1;;
30/11/2021  14:47:38,978883;9,402942E-1;-1,316327E-1;9,050951E-3;9,362277E-1;;
30/11/2021  14:47:38,978983;9,405148E-1;1,280100E-1;1,281573E-1;9,361493E-1;;
30/11/2021  14:47:38,979083;9,408814E-1;1,427696E-2;5,865227E-2;9,360813E-1;;
30/11/2021  14:47:38,979183;9,400528E-1;1,178155E-1;1,170997E-1;9,360241E-1;;
30/11/2021  14:47:38,979283;9,404522E-1;9,647060E-2;1,028828E-1;9,359778E-1;;
30/11/2021  14:47:38,979383;9,401780E-1;1,547707E-1;1,758630E-1;9,359425E-1;;
30/11/2021  14:47:38,979483;9,410334E-1;6,238254E-2;9,814378E-2;9,359181E-1;;
30/11/2021  14:47:38,979583;9,419066E-1;1,171783E-1;1,079377E-1;9,359047E-1;;
30/11/2021  14:47:38,979683;9,420407E-1;1,229127E-1;1,411105E-1;9,359023E-1;;
30/11/2021  14:47:38,979783;9,420019E-1;5,027650E-2;5,012211E-2;9,359112E-1;;
30/11/2021  14:47:38,979883;9,415877E-1;9,615202E-2;9,530039E-2;9,359312E-1;;
30/11/2021  14:47:38,979983;9,415013E-1;1,136739E-1;9,751191E-2;9,359623E-1;;
30/11/2021  14:47:38,980083;9,413224E-1;9,519628E-2;7,981972E-2;9,360042E-1;;
30/11/2021  14:47:38,980183;9,421152E-1;1,095324E-1;8,329497E-2;9,360567E-1;;
30/11/2021  14:47:38,980283;9,431792E-1;1,464877E-1;1,603824E-1;9,361195E-1;;
30/11/2021  14:47:38,980383;9,430361E-1;2,765732E-2;2,737501E-2;9,361923E-1;;
30/11/2021  14:47:38,980483;9,426844E-1;1,426647E-1;1,888163E-1;9,362752E-1;;
30/11/2021  14:47:38,980583;9,420049E-1;1,296029E-1;1,407946E-1;9,363677E-1;;
30/11/2021  14:47:38,980683;9,417665E-1;1,260985E-1;1,243661E-1;9,364694E-1;;
30/11/2021  14:47:38,980783;9,423030E-1;1,225942E-1;1,208909E-1;9,365800E-1;;
30/11/2021  14:47:38,980883;9,426755E-1;1,235499E-1;1,300529E-1;9,366986E-1;;
30/11/2021  14:47:38,980983;9,425205E-1;1,053908E-1;9,340479E-2;9,368250E-1;;
30/11/2021  14:47:38,981083;9,426874E-1;1,305587E-1;1,310007E-1;9,369585E-1;;
30/11/2021  14:47:38,981183;9,428752E-1;1,280100E-1;1,231024E-1;9,370988E-1;;
30/11/2021  14:47:38,981283;9,415877E-1;1,318330E-1;1,193112E-1;9,372451E-1;;
30/11/2021  14:47:38,981383;9,415728E-1;1,245056E-1;1,088855E-1;9,373971E-1;;
30/11/2021  14:47:38,981483;9,415668E-1;1,111253E-1;1,471132E-1;9,375537E-1;;
30/11/2021  14:47:38,981583;9,425682E-1;1,280100E-1;1,262617E-1;9,377144E-1;;
30/11/2021  14:47:38,981683;9,424579E-1;8,532030E-2;1,088855E-1;9,378785E-1;;
30/11/2021  14:47:38,981783;9,424788E-1;8,500172E-2;8,929768E-2;9,380455E-1;;
30/11/2021  14:47:38,981883;9,423983E-1;1,108067E-1;1,136244E-1;9,382147E-1;;
30/11/2021  14:47:38,981983;9,416831E-1;1,053908E-1;1,158360E-1;9,383858E-1;;
30/11/2021  14:47:38,982083;9,415221E-1;1,022050E-1;1,035146E-1;9,385580E-1;;
30/11/2021  14:47:38,982183;9,420168E-1;9,901924E-2;1,082536E-1;9,387307E-1;;
30/11/2021  14:47:38,982283;9,424669E-1;1,088952E-1;1,161519E-1;9,389033E-1;;
30/11/2021  14:47:38,982383;9,420467E-1;1,155854E-1;1,294210E-1;9,390754E-1;;
30/11/2021  14:47:38,982483;9,419274E-1;1,025236E-1;1,344760E-1;9,392464E-1;;
30/11/2021  14:47:38,982583;9,414566E-1;1,041165E-1;1,110970E-1;9,394158E-1;;
30/11/2021  14:47:38,982683;9,409082E-1;9,201048E-2;1,003553E-1;9,395833E-1;;
30/11/2021  14:47:38,982783;9,406757E-1;9,615202E-2;1,013031E-1;9,397480E-1;;
30/11/2021  14:47:38,982883;9,413820E-1;9,647060E-2;1,076217E-1;9,399095E-1;;
30/11/2021  14:47:38,982983;9,412032E-1;9,997498E-2;1,300529E-1;9,400671E-1;;
30/11/2021  14:47:38,983083;9,407413E-1;9,551486E-2;1,227865E-1;9,402205E-1;;
30/11/2021  14:47:38,983183;9,408963E-1;1,111253E-1;1,319485E-1;9,403692E-1;;
30/11/2021  14:47:38,983283;9,404611E-1;2,755126E-1;2,725382E-1;9,405128E-1;;
30/11/2021  14:47:38,983383;9,399426E-1;1,837615E-1;2,320989E-1;9,406509E-1;;
30/11/2021  14:47:38,983483;9,400618E-1;1,289658E-1;1,316326E-1;9,407830E-1;;
30/11/2021  14:47:38,983583;9,403062E-1;1,299215E-1;1,509044E-1;9,409087E-1;;
30/11/2021  14:47:38,983683;9,402197E-1;1,506292E-1;1,310007E-1;9,410276E-1;;
30/11/2021  14:47:38,983783;9,397727E-1;5,378088E-2;1,000394E-1;9,411395E-1;;
30/11/2021  14:47:38,983883;9,388518E-1;1,824872E-1;1,667010E-1;9,412442E-1;;
30/11/2021  14:47:38,983983;9,385150E-1;1,579565E-1;1,398468E-1;9,413412E-1;;
30/11/2021  14:47:38,984083;9,369980E-1;1,550893E-1;1,490088E-1;9,414301E-1;;
30/11/2021  14:47:38,984183;9,378713E-1;1,401161E-1;1,490088E-1;9,415104E-1;;
30/11/2021  14:47:38,984283;9,374600E-1;9,009900E-2;8,234717E-2;9,415816E-1;;
30/11/2021  14:47:38,984383;9,372961E-1;1,343816E-1;1,376353E-1;9,416434E-1;;
30/11/2021  14:47:38,984483;9,361039E-1;1,117624E-1;8,771802E-2;9,416953E-1;;
30/11/2021  14:47:38,984583;9,349386E-1;1,480806E-1;1,414265E-1;9,417370E-1;;
30/11/2021  14:47:38,984683;9,345035E-1;1,375674E-1;1,483770E-1;9,417679E-1;;
30/11/2021  14:47:38,984783;9,338926E-1;1,283286E-1;1,341600E-1;9,417875E-1;;
30/11/2021  14:47:38,984883;9,342681E-1;9,073616E-2;1,066739E-1;9,417952E-1;;
30/11/2021  14:47:38,984983;9,343217E-1;1,315144E-1;1,297370E-1;9,417905E-1;;
30/11/2021  14:47:38,985083;9,342651E-1;8,309024E-2;8,266311E-2;9,417733E-1;;
30/11/2021  14:47:38,985183;9,330104E-1;1,401161E-1;1,824976E-1;9,417433E-1;;
30/11/2021  14:47:38,985283;9,318600E-1;1,343816E-1;2,096678E-1;9,417003E-1;;
30/11/2021  14:47:38,985383;9,313444E-1;1,445762E-1;1,420583E-1;9,416441E-1;;
30/11/2021  14:47:38,985483;9,309003E-1;1,254614E-1;1,300529E-1;9,415743E-1;;
30/11/2021  14:47:38,985583;9,311954E-1;1,289658E-1;1,291051E-1;9,414906E-1;;
30/11/2021  14:47:38,985683;9,309838E-1;8,372740E-2;8,455870E-2;9,413928E-1;;
30/11/2021  14:47:38,985783;9,307424E-1;1,270543E-1;1,344760E-1;9,412809E-1;;
30/11/2021  14:47:38,985883;9,303073E-1;3,689614E-2;1,505366E-2;9,411550E-1;;
30/11/2021  14:47:38,985983;9,297678E-1;1,477620E-1;1,764949E-1;9,410151E-1;;
30/11/2021  14:47:38,986083;9,294489E-1;1,276914E-1;1,265777E-1;9,408613E-1;;
30/11/2021  14:47:38,986183;9,293834E-1;1,407532E-1;1,471132E-1;9,406938E-1;;
30/11/2021  14:47:38,986283;9,299019E-1;9,997498E-2;1,167838E-1;9,405128E-1;;
30/11/2021  14:47:38,986383;9,295443E-1;1,547707E-1;1,635417E-1;9,403188E-1;;
30/11/2021  14:47:38,986483;9,300748E-1;1,251428E-1;1,098333E-1;9,401121E-1;;
30/11/2021  14:47:38,986583;9,293178E-1;1,394789E-1;1,512204E-1;9,398934E-1;;
30/11/2021  14:47:38,986683;9,291241E-1;1,783457E-1;1,755471E-1;9,396633E-1;;
30/11/2021  14:47:38,986783;9,294042E-1;1,149482E-1;1,388990E-1;9,394224E-1;;
30/11/2021  14:47:38,986883;9,291330E-1;1,433019E-1;1,445858E-1;9,391714E-1;;
30/11/2021  14:47:38,986983;9,302208E-1;1,229127E-1;1,212068E-1;9,389111E-1;;
30/11/2021  14:47:38,987083;9,304652E-1;1,232313E-1;1,291051E-1;9,386422E-1;;
30/11/2021  14:47:38,987183;9,311447E-1;1,267357E-1;1,234183E-1;9,383658E-1;;
30/11/2021  14:47:38,987283;9,303371E-1;1,369303E-1;1,388990E-1;9,380831E-1;;
30/11/2021  14:47:38,987383;9,302000E-1;1,104881E-1;1,079377E-1;9,377951E-1;;
30/11/2021  14:47:38,987483;9,304384E-1;6,174538E-2;9,530039E-2;9,375028E-1;;
30/11/2021  14:47:38,987583;9,312580E-1;1,340630E-1;1,268936E-1;9,372071E-1;;
30/11/2021  14:47:38,987683;9,318719E-1;1,487177E-1;1,742834E-1;9,369093E-1;;
30/11/2021  14:47:38,987783;9,319285E-1;1,159040E-1;1,183634E-1;9,366104E-1;;
30/11/2021  14:47:38,987883;9,323368E-1;1,254614E-1;1,253139E-1;9,363117E-1;;
30/11/2021  14:47:38,987983;9,318928E-1;1,088952E-1;1,351078E-1;9,360143E-1;;
30/11/2021  14:47:38,988083;9,316871E-1;1,327887E-1;1,363715E-1;9,357193E-1;;
30/11/2021  14:47:38,988183;9,324888E-1;1,350188E-1;1,436380E-1;9,354277E-1;;
30/11/2021  14:47:38,988283;9,328733E-1;1,388417E-1;1,351078E-1;9,351405E-1;;
30/11/2021  14:47:38,988383;9,331922E-1;1,343816E-1;1,360556E-1;9,348586E-1;;
30/11/2021  14:47:38,988483;9,339402E-1;1,350188E-1;1,531159E-1;9,345832E-1;;
30/11/2021  14:47:38,988583;9,336780E-1;1,401161E-1;1,379512E-1;9,343151E-1;;
30/11/2021  14:47:38,988683;9,332190E-1;1,404346E-1;1,351078E-1;9,340553E-1;;
30/11/2021  14:47:38,988783;9,334693E-1;1,334259E-1;1,164678E-1;9,338046E-1;;
30/11/2021  14:47:38,988883;9,335051E-1;1,104881E-1;1,126766E-1;9,335637E-1;;
30/11/2021  14:47:38,988983;9,342323E-1;-3,159856E-2;2,674314E-2;9,333331E-1;;
30/11/2021  14:47:38,989083;9,347032E-1;6,747982E-2;1,063580E-1;9,331135E-1;;
30/11/2021  14:47:38,989183;9,347390E-1;2,170918E-3;4,317161E-2;9,329055E-1;;
30/11/2021  14:47:38,989283;9,344558E-1;8,500172E-2;8,361090E-2;9,327096E-1;;
30/11/2021  14:47:38,989383;9,341667E-1;8,965980E-4;3,680107E-3;9,325262E-1;;
30/11/2021  14:47:38,989483;9,339075E-1;6,949618E-3;8,735019E-3;9,323557E-1;;
30/11/2021  14:47:38,989583;9,341906E-1;7,586778E-3;7,787223E-3;9,321981E-1;;
30/11/2021  14:47:38,989683;9,353618E-1;3,763818E-3;5,259767E-3;9,320536E-1;;
30/11/2021  14:47:38,989783;9,351949E-1;4,400978E-3;7,155359E-3;9,319223E-1;;
30/11/2021  14:47:38,989883;9,352605E-1;1,533758E-3;3,680107E-3;9,318044E-1;;
30/11/2021  14:47:38,989983;9,351949E-1;1,852338E-3;4,311971E-3;9,316998E-1;;
30/11/2021  14:47:38,990083;9,349982E-1;2,808078E-3;4,943835E-3;9,316087E-1;;
30/11/2021  14:47:38,990183;9,357672E-1;2,808078E-3;4,943835E-3;9,315309E-1;;
30/11/2021  14:47:38,990283;9,365182E-1;5,675298E-3;7,155359E-3;9,314664E-1;;
30/11/2021  14:47:38,990383;9,370994E-1;1,852338E-3;3,996039E-3;9,314151E-1;;
30/11/2021  14:47:38,990483;9,374957E-1;8,965980E-4;3,364175E-3;9,313772E-1;;
30/11/2021  14:47:38,990583;9,373616E-1;7,268198E-3;9,998747E-3;9,313526E-1;;
30/11/2021  14:47:38,990683;9,378146E-1;1,533758E-3;3,996039E-3;9,313414E-1;;
30/11/2021  14:47:38,990783;9,436948E-1;1,181340E-1;1,186794E-1;9,313437E-1;;
30/11/2021  14:47:38,990883;9,435279E-1;1,257800E-1;1,363715E-1;9,313601E-1;;
30/11/2021  14:47:38,990983;9,426129E-1;1,264171E-1;1,313166E-1;9,313915E-1;;
30/11/2021  14:47:38,991083;9,430749E-1;1,531778E-1;1,414265E-1;9,314385E-1;;
30/11/2021  14:47:38,991183;9,419930E-1;1,458505E-1;1,085695E-1;9,315018E-1;;
30/11/2021  14:47:38,991283;9,420854E-1;1,808943E-1;1,354238E-1;9,315814E-1;;
30/11/2021  14:47:38,991383;9,426278E-1;1,662396E-1;1,376353E-1;9,316773E-1;;
30/11/2021  14:47:38,991483;9,429705E-1;1,722926E-1;1,433221E-1;9,317894E-1;;
30/11/2021  14:47:38,991583;9,423000E-1;1,095324E-1;1,066739E-1;9,319175E-1;;
30/11/2021  14:47:38,991683;9,421092E-1;1,085766E-1;1,164678E-1;9,320612E-1;;
30/11/2021  14:47:38,991783;9,422642E-1;1,229127E-1;1,347919E-1;9,322201E-1;;
30/11/2021  14:47:38,991883;9,418112E-1;1,311958E-1;1,392149E-1;9,323935E-1;;
30/11/2021  14:47:38,991983;9,416085E-1;1,343816E-1;1,354238E-1;9,325807E-1;;
30/11/2021  14:47:38,992083;9,419185E-1;1,302401E-1;1,316326E-1;9,327808E-1;;
30/11/2021  14:47:38,992183;9,417486E-1;-1,662530E-2;7,097362E-2;9,329929E-1;;
30/11/2021  14:47:38,992283;9,408009E-1;1,598680E-1;1,704922E-1;9,332162E-1;;
30/11/2021  14:47:38,992383;9,406221E-1;1,350188E-1;1,385831E-1;9,334494E-1;;
30/11/2021  14:47:38,992483;9,396326E-1;1,436204E-1;1,395309E-1;9,336915E-1;;
30/11/2021  14:47:38,992583;9,396505E-1;8,965980E-4;3,364175E-3;9,339411E-1;;
30/11/2021  14:47:38,992683;9,398919E-1;6,949618E-3;9,682815E-3;9,341969E-1;;
30/11/2021  14:47:38,992783;9,402466E-1;7,268198E-3;9,366883E-3;9,344576E-1;;
30/11/2021  14:47:38,992883;9,395819E-1;1,215178E-3;3,680107E-3;9,347220E-1;;
30/11/2021  14:47:38,992983;9,400677E-1;9,179678E-3;1,189434E-2;9,349889E-1;;
30/11/2021  14:47:38,993083;9,392273E-1;8,861098E-3;1,063061E-2;9,352572E-1;;
30/11/2021  14:47:38,993183;9,392243E-1;6,949618E-3;9,050951E-3;9,355258E-1;;
30/11/2021  14:47:38,993283;9,396147E-1;3,763818E-3;6,207563E-3;9,357937E-1;;
30/11/2021  14:47:38,993383;9,393227E-1;6,312458E-3;8,103155E-3;9,360597E-1;;
30/11/2021  14:47:38,993483;9,396833E-1;3,763818E-3;5,891631E-3;9,363229E-1;;
30/11/2021  14:47:38,993583;9,394091E-1;3,445238E-3;6,207563E-3;9,365825E-1;;
30/11/2021  14:47:38,993683;9,386402E-1;9,816838E-3;1,221027E-2;9,368377E-1;;
30/11/2021  14:47:38,993783;9,382647E-1;3,763818E-3;5,575699E-3;9,370877E-1;;
30/11/2021  14:47:38,993883;9,385359E-1;6,949618E-3;8,735019E-3;9,373315E-1;;
30/11/2021  14:47:38,993983;9,388398E-1;6,949618E-3;7,787223E-3;9,375684E-1;;
30/11/2021  14:47:38,994083;9,386133E-1;1,533758E-3;3,048243E-3;9,377978E-1;;
30/11/2021  14:47:38,994183;9,382706E-1;1,533758E-3;3,364175E-3;9,380190E-1;;
30/11/2021  14:47:38,994283;9,385120E-1;8,965980E-4;3,996039E-3;9,382315E-1;;
30/11/2021  14:47:38,994383;9,388875E-1;8,965980E-4;3,680107E-3;9,384348E-1;;
30/11/2021  14:47:38,994483;9,385597E-1;3,126658E-3;5,575699E-3;9,386286E-1;;
30/11/2021  14:47:38,994583;9,389978E-1;1,533758E-3;3,680107E-3;9,388127E-1;;
30/11/2021  14:47:38,994683;9,395015E-1;1,215178E-3;3,364175E-3;9,389867E-1;;
30/11/2021  14:47:38,994783;9,399485E-1;4,082398E-3;5,575699E-3;9,391508E-1;;
30/11/2021  14:47:38,994883;9,401929E-1;1,852338E-3;3,680107E-3;9,393050E-1;;
30/11/2021  14:47:38,994983;9,400797E-1;8,965980E-4;3,996039E-3;9,394495E-1;;
30/11/2021  14:47:38,995083;9,401124E-1;8,965980E-4;3,680107E-3;9,395846E-1;;
30/11/2021  14:47:38,995183;9,397399E-1;5,675298E-3;9,050951E-3;9,397105E-1;;
30/11/2021  14:47:38,995283;9,401095E-1;8,965980E-4;3,364175E-3;9,398274E-1;;
30/11/2021  14:47:38,995383;9,405654E-1;1,215178E-3;3,996039E-3;9,399356E-1;;
30/11/2021  14:47:38,995483;9,404582E-1;1,852338E-3;4,311971E-3;9,400354E-1;;
30/11/2021  14:47:38,995583;9,409916E-1;1,533758E-3;3,364175E-3;9,401271E-1;;
30/11/2021  14:47:38,995683;9,408575E-1;8,965980E-4;3,364175E-3;9,402113E-1;;
30/11/2021  14:47:38,995783;9,406280E-1;1,215178E-3;3,680107E-3;9,402883E-1;;
30/11/2021  14:47:38,995883;9,404701E-1;1,215178E-3;3,680107E-3;9,403585E-1;;
30/11/2021  14:47:38,995983;9,410572E-1;1,533758E-3;3,680107E-3;9,404222E-1;;
30/11/2021  14:47:38,996083;9,414476E-1;6,312458E-3;8,103155E-3;9,404800E-1;;
30/11/2021  14:47:38,996183;9,423804E-1;1,268406E-2;1,473773E-2;9,405321E-1;;
30/11/2021  14:47:38,996283;9,422910E-1;7,586778E-3;1,031468E-2;9,405793E-1;;
30/11/2021  14:47:38,996383;9,421212E-1;1,332122E-2;1,663332E-2;9,406221E-1;;
30/11/2021  14:47:38,996483;9,429288E-1;4,082398E-3;1,252620E-2;9,406612E-1;;
30/11/2021  14:47:38,996583;9,427709E-1;1,682560E-2;1,947671E-2;9,406971E-1;;
30/11/2021  14:47:38,996683;9,427858E-1;1,618844E-2;1,916077E-2;9,407305E-1;;
30/11/2021  14:47:38,996783;9,437067E-1;8,340882E-2;9,340479E-2;9,407618E-1;;
30/11/2021  14:47:38,996883;9,440047E-1;2,224146E-2;3,306178E-2;9,407917E-1;;
30/11/2021  14:47:38,996983;9,438736E-1;1,413904E-1;1,417424E-1;9,408209E-1;;
30/11/2021  14:47:38,997083;9,437365E-1;1,006121E-1;1,057261E-1;9,408498E-1;;
30/11/2021  14:47:38,997183;9,433073E-1;3,689614E-2;4,633093E-2;9,408791E-1;;
30/11/2021  14:47:38,997283;9,432060E-1;1,746276E-2;1,979264E-2;9,409090E-1;;
30/11/2021  14:47:38,997383;9,435338E-1;6,684266E-2;7,350108E-2;9,409399E-1;;
30/11/2021  14:47:38,997483;9,437454E-1;8,818752E-2;1,101492E-1;9,409720E-1;;
30/11/2021  14:47:38,997583;9,442133E-1;-7,492544E-2;5,259767E-3;9,410055E-1;;
30/11/2021  14:47:38,997683;9,433312E-1;8,500172E-2;9,087734E-2;9,410407E-1;;
30/11/2021  14:47:38,997783;9,425116E-1;1,111253E-1;1,467973E-1;9,410777E-1;;
30/11/2021  14:47:38,997883;9,427738E-1;8,436456E-2;1,054102E-1;9,411165E-1;;
30/11/2021  14:47:38,997983;9,424758E-1;1,324701E-1;1,310007E-1;9,411570E-1;;
30/11/2021  14:47:38,998083;9,420914E-1;1,372488E-1;1,417424E-1;9,411990E-1;;
30/11/2021  14:47:38,998183;9,417754E-1;1,382046E-1;1,600664E-1;9,412423E-1;;
30/11/2021  14:47:38,998283;9,410751E-1;1,187712E-1;1,215227E-1;9,412865E-1;;
30/11/2021  14:47:38,998383;9,408992E-1;1,280100E-1;1,196272E-1;9,413313E-1;;
30/11/2021  14:47:38,998483;9,401452E-1;1,123996E-1;1,107811E-1;9,413762E-1;;
30/11/2021  14:47:38,998583;9,397667E-1;1,178155E-1;1,540637E-1;9,414207E-1;;
30/11/2021  14:47:38,998683;9,403091E-1;1,315144E-1;1,325804E-1;9,414640E-1;;
30/11/2021  14:47:38,998783;9,403687E-1;1,155854E-1;1,145722E-1;9,415059E-1;;
30/11/2021  14:47:38,998883;9,402346E-1;6,907272E-2;8,740209E-2;9,415458E-1;;
30/11/2021  14:47:38,998983;9,403866E-1;1,190898E-1;1,047783E-1;9,415834E-1;;
30/11/2021  14:47:38,999083;9,392869E-1;1,190898E-1;8,392683E-2;9,416183E-1;;
30/11/2021  14:47:38,999183;9,389322E-1;1,875845E-1;1,802861E-1;9,416503E-1;;
30/11/2021  14:47:38,999283;9,387117E-1;1,267357E-1;1,328963E-1;9,416787E-1;;
30/11/2021  14:47:38,999383;9,395194E-1;1,445762E-1;1,338441E-1;9,417033E-1;;
30/11/2021  14:47:38,999483;9,397131E-1;1,595494E-1;1,537478E-1;9,417237E-1;;
30/11/2021  14:47:38,999583;9,396117E-1;1,245056E-1;1,158360E-1;9,417398E-1;;
30/11/2021  14:47:38,999683;9,396624E-1;7,576290E-2;1,610142E-1;9,417513E-1;;
30/11/2021  14:47:38,999783;9,390365E-1;1,280100E-1;1,253139E-1;9,417584E-1;;
30/11/2021  14:47:38,999883;9,390932E-1;1,187712E-1;1,199431E-1;9,417608E-1;;
30/11/2021  14:47:38,999983;9,395849E-1;7,225852E-2;9,214107E-2;9,417586E-1;;
30/11/2021  14:47:39,000083;9,402615E-1;1,015679E-1;1,101492E-1;9,417517E-1;;
30/11/2021  14:47:39,000183;9,406876E-1;1,092138E-1;1,183634E-1;9,417403E-1;;
30/11/2021  14:47:39,000283;9,411436E-1;1,069837E-1;1,104651E-1;9,417248E-1;;
30/11/2021  14:47:39,000383;9,408098E-1;9,583344E-2;1,114129E-1;9,417055E-1;;
30/11/2021  14:47:39,000483;9,406042E-1;1,066652E-1;1,174156E-1;9,416828E-1;;
30/11/2021  14:47:39,000583;9,408873E-1;1,088952E-1;1,092014E-1;9,416571E-1;;
30/11/2021  14:47:39,000683;9,414834E-1;9,806350E-2;1,126766E-1;9,416287E-1;;
30/11/2021  14:47:39,000783;9,418768E-1;-4,338602E-2;1,694925E-2;9,415981E-1;;
30/11/2021  14:47:39,000883;9,428335E-1;5,919674E-2;1,139404E-1;9,415658E-1;;
30/11/2021  14:47:39,000983;9,433699E-1;9,742634E-2;1,202590E-1;9,415323E-1;;
30/11/2021  14:47:39,001083;9,437544E-1;8,978042E-2;1,031987E-1;9,414985E-1;;
30/11/2021  14:47:39,001183;9,442968E-1;8,786894E-2;1,016190E-1;9,414651E-1;;
30/11/2021  14:47:39,001283;9,444667E-1;1,034794E-1;1,193112E-1;9,414329E-1;;
30/11/2021  14:47:39,001383;9,451581E-1;7,767438E-2;1,164678E-1;9,414026E-1;;
30/11/2021  14:47:39,001483;9,459568E-1;9,360338E-2;1,085695E-1;9,413751E-1;;
30/11/2021  14:47:39,001583;9,469999E-1;1,311958E-1;1,376353E-1;9,413513E-1;;
30/11/2021  14:47:39,001683;9,469314E-1;1,487177E-1;1,354238E-1;9,413320E-1;;
30/11/2021  14:47:39,001783;9,471668E-1;1,678325E-1;1,442698E-1;9,413181E-1;;
30/11/2021  14:47:39,001883;9,473605E-1;1,716555E-1;1,606983E-1;9,413105E-1;;
30/11/2021  14:47:39,001983;9,474321E-1;1,659210E-1;1,512204E-1;9,413098E-1;;
30/11/2021  14:47:39,002083;9,486123E-1;1,289658E-1;1,104651E-1;9,413167E-1;;
30/11/2021  14:47:39,002183;9,484305E-1;1,378860E-1;1,382671E-1;9,413318E-1;;
30/11/2021  14:47:39,002283;9,482457E-1;4,963934E-2;5,960007E-2;9,413556E-1;;
30/11/2021  14:47:39,002383;9,479566E-1;1,620981E-1;1,616461E-1;9,413887E-1;;
30/11/2021  14:47:39,002483;9,480877E-1;6,907272E-2;7,097362E-2;9,414311E-1;;
30/11/2021  14:47:39,002583;9,477420E-1;8,117876E-2;8,329497E-2;9,414830E-1;;
30/11/2021  14:47:39,002683;9,479357E-1;8,914326E-2;9,087734E-2;9,415445E-1;;
30/11/2021  14:47:39,002783;9,480341E-1;1,149482E-1;1,148882E-1;9,416154E-1;;
30/11/2021  14:47:39,002883;9,480698E-1;8,786894E-2;6,465498E-2;9,416956E-1;;
30/11/2021  14:47:39,002983;9,478314E-1;1,066652E-1;1,107811E-1;9,417849E-1;;
30/11/2021  14:47:39,003083;9,469969E-1;9,838208E-2;1,003553E-1;9,418829E-1;;
30/11/2021  14:47:39,003183;9,461833E-1;1,168597E-1;1,041465E-1;9,419892E-1;;
30/11/2021  14:47:39,003283;9,454502E-1;1,197269E-1;1,291051E-1;9,421032E-1;;
30/11/2021  14:47:39,003383;9,459926E-1;8,818752E-2;9,466852E-2;9,422239E-1;;
30/11/2021  14:47:39,003483;9,458108E-1;1,060280E-1;9,466852E-2;9,423505E-1;;
30/11/2021  14:47:39,003583;9,451044E-1;4,454206E-2;5,233363E-2;9,424822E-1;;
30/11/2021  14:47:39,003683;9,447379E-1;-5,772212E-2;-4,813274E-2;9,426182E-1;;
30/11/2021  14:47:39,003783;9,440911E-1;1,139925E-1;1,193112E-1;9,427574E-1;;
30/11/2021  14:47:39,003883;9,432596E-1;1,187712E-1;1,180475E-1;9,428988E-1;;
30/11/2021  14:47:39,003983;9,421033E-1;1,235499E-1;1,208909E-1;9,430414E-1;;
30/11/2021  14:47:39,004083;9,418798E-1;1,194084E-1;1,218387E-1;9,431838E-1;;
30/11/2021  14:47:39,004183;9,414774E-1;1,200455E-1;1,278414E-1;9,433248E-1;;
30/11/2021  14:47:39,004283;9,412748E-1;1,522221E-1;1,594346E-1;9,434631E-1;;
30/11/2021  14:47:39,004383;9,400707E-1;1,276914E-1;1,231024E-1;9,435976E-1;;
30/11/2021  14:47:39,004483;9,389978E-1;1,213198E-1;1,268936E-1;9,437270E-1;;
30/11/2021  14:47:39,004583;9,377580E-1;1,257800E-1;1,148882E-1;9,438500E-1;;
30/11/2021  14:47:39,004683;9,373825E-1;9,169190E-2;9,119327E-2;9,439652E-1;;
30/11/2021  14:47:39,004783;9,365301E-1;1,194084E-1;1,126766E-1;9,440711E-1;;
30/11/2021  14:47:39,004883;9,364437E-1;1,178155E-1;1,133085E-1;9,441665E-1;;
30/11/2021  14:47:39,004983;9,355585E-1;1,219570E-1;9,119327E-2;9,442501E-1;;
30/11/2021  14:47:39,005083;9,350221E-1;1,318330E-1;1,379512E-1;9,443208E-1;;
30/11/2021  14:47:39,005183;9,342561E-1;1,063466E-1;1,275255E-1;9,443774E-1;;
30/11/2021  14:47:39,005283;9,332428E-1;1,165411E-1;1,262617E-1;9,444189E-1;;
30/11/2021  14:47:39,005383;9,330134E-1;1,283286E-1;1,291051E-1;9,444444E-1;;
30/11/2021  14:47:39,005483;9,325723E-1;1,461691E-1;1,436380E-1;9,444529E-1;;
30/11/2021  14:47:39,005583;9,327571E-1;4,294916E-2;9,119327E-2;9,444437E-1;;
30/11/2021  14:47:39,005683;9,322564E-1;1,210013E-1;1,284732E-1;9,444161E-1;;
30/11/2021  14:47:39,005783;9,319554E-1;1,433019E-1;1,366875E-1;9,443697E-1;;
30/11/2021  14:47:39,005883;9,304116E-1;1,324701E-1;1,262617E-1;9,443043E-1;;
30/11/2021  14:47:39,005983;9,304741E-1;1,767528E-1;1,357397E-1;9,442195E-1;;
30/11/2021  14:47:39,006083;9,311656E-1;1,257800E-1;1,297370E-1;9,441150E-1;;
30/11/2021  14:47:39,006183;9,313146E-1;1,257800E-1;1,193112E-1;9,439909E-1;;
30/11/2021  14:47:39,006283;9,312401E-1;1,152668E-1;1,076217E-1;9,438474E-1;;
30/11/2021  14:47:39,006383;9,310225E-1;1,225942E-1;1,038306E-1;9,436848E-1;;
30/11/2021  14:47:39,006483;9,303579E-1;1,276914E-1;1,477451E-1;9,435037E-1;;
30/11/2021  14:47:39,006583;9,298513E-1;9,647060E-2;1,231024E-1;9,433045E-1;;
30/11/2021  14:47:39,006683;9,296277E-1;1,356559E-1;1,275255E-1;9,430879E-1;;
30/11/2021  14:47:39,006783;9,302894E-1;1,136739E-1;1,234183E-1;9,428544E-1;;
30/11/2021  14:47:39,006883;9,311209E-1;1,700626E-1;1,869207E-1;9,426046E-1;;
30/11/2021  14:47:39,006983;9,306559E-1;5,346230E-2;5,896821E-2;9,423396E-1;;
30/11/2021  14:47:39,007083;9,305129E-1;1,391603E-1;1,733356E-1;9,420603E-1;;
30/11/2021  14:47:39,007183;9,298453E-1;1,296029E-1;1,310007E-1;9,417679E-1;;
30/11/2021  14:47:39,007283;9,293923E-1;1,729298E-1;1,392149E-1;9,414632E-1;;
30/11/2021  14:47:39,007383;9,300807E-1;1,292843E-1;1,221546E-1;9,411473E-1;;
30/11/2021  14:47:39,007483;9,301046E-1;1,216384E-1;1,278414E-1;9,408211E-1;;
30/11/2021  14:47:39,007583;9,305129E-1;1,216384E-1;1,054102E-1;9,404857E-1;;
30/11/2021  14:47:39,007683;9,303490E-1;1,331073E-1;1,237343E-1;9,401423E-1;;
30/11/2021  14:47:39,007783;9,296724E-1;1,082581E-1;1,057261E-1;9,397920E-1;;
30/11/2021  14:47:39,007883;9,290734E-1;2,415294E-2;5,865227E-2;9,394359E-1;;
30/11/2021  14:47:39,007983;9,292820E-1;2,733874E-2;1,231024E-1;9,390750E-1;;
30/11/2021  14:47:39,008083;9,294906E-1;1,343816E-1;1,335282E-1;9,387101E-1;;
30/11/2021  14:47:39,008183;9,301404E-1;1,216384E-1;1,227865E-1;9,383424E-1;;
30/11/2021  14:47:39,008283;9,304801E-1;1,216384E-1;1,155200E-1;9,379727E-1;;
30/11/2021  14:47:39,008383;9,296456E-1;1,225942E-1;1,278414E-1;9,376022E-1;;
30/11/2021  14:47:39,008483;9,288648E-1;1,372488E-1;1,543797E-1;9,372320E-1;;
30/11/2021  14:47:39,008583;9,291032E-1;1,614609E-1;1,373193E-1;9,368628E-1;;
30/11/2021  14:47:39,008683;9,290108E-1;1,343816E-1;1,385831E-1;9,364954E-1;;
30/11/2021  14:47:39,008783;9,296039E-1;1,356559E-1;1,319485E-1;9,361306E-1;;
30/11/2021  14:47:39,008883;9,295354E-1;1,366117E-1;1,306848E-1;9,357691E-1;;
30/11/2021  14:47:39,008983;9,298602E-1;1,200455E-1;1,240502E-1;9,354117E-1;;
30/11/2021  14:47:39,009083;9,297261E-1;1,292843E-1;1,243661E-1;9,350592E-1;;
30/11/2021  14:47:39,009183;9,294012E-1;1,229127E-1;1,082536E-1;9,347124E-1;;
30/11/2021  14:47:39,009283;9,290525E-1;1,022050E-1;1,060421E-1;9,343720E-1;;
30/11/2021  14:47:39,009383;9,291211E-1;1,474434E-1;1,493248E-1;9,340383E-1;;
30/11/2021  14:47:39,009483;9,298453E-1;1,299215E-1;1,243661E-1;9,337121E-1;;
30/11/2021  14:47:39,009583;9,304175E-1;1,184526E-1;1,231024E-1;9,333938E-1;;
30/11/2021  14:47:39,009683;9,305636E-1;1,321516E-1;1,303688E-1;9,330840E-1;;
30/11/2021  14:47:39,009783;9,299645E-1;-5,389916E-2;4,475127E-2;9,327833E-1;;
30/11/2021  14:47:39,009883;9,299079E-1;1,726112E-1;1,888163E-1;9,324923E-1;;
30/11/2021  14:47:39,009983;9,293863E-1;1,133553E-1;1,101492E-1;9,322113E-1;;
30/11/2021  14:47:39,010083;9,300152E-1;1,270543E-1;1,278414E-1;9,319407E-1;;
30/11/2021  14:47:39,010183;9,305248E-1;1,174969E-1;1,234183E-1;9,316807E-1;;
30/11/2021  14:47:39,010283;9,310434E-1;1,213198E-1;1,218387E-1;9,314316E-1;;
30/11/2021  14:47:39,010383;9,316633E-1;1,235499E-1;1,338441E-1;9,311938E-1;;
30/11/2021  14:47:39,010483;9,317110E-1;9,965640E-2;1,009872E-1;9,309678E-1;;
30/11/2021  14:47:39,010583;9,311566E-1;1,085766E-1;1,098333E-1;9,307538E-1;;
30/11/2021  14:47:39,010683;9,321938E-1;3,179886E-2;-1,110770E-4;9,305523E-1;;
30/11/2021  14:47:39,010783;9,328047E-1;8,149734E-2;1,152041E-1;9,303636E-1;;
30/11/2021  14:47:39,010883;9,335111E-1;1,073023E-1;1,066739E-1;9,301879E-1;;
30/11/2021  14:47:39,010983;9,345333E-1;1,123996E-1;1,148882E-1;9,300258E-1;;
30/11/2021  14:47:39,011083;9,350996E-1;7,417000E-2;6,339125E-2;9,298778E-1;;
30/11/2021  14:47:39,011183;9,351383E-1;9,232906E-2;7,729226E-2;9,297443E-1;;
30/11/2021  14:47:39,011283;9,354065E-1;1,235499E-1;1,543797E-1;9,296259E-1;;
30/11/2021  14:47:39,011383;9,364049E-1;1,066652E-1;1,243661E-1;9,295231E-1;;
30/11/2021  14:47:39,011483;9,376686E-1;5,728526E-2;1,104651E-1;9,294362E-1;;
30/11/2021  14:47:39,011583;9,385895E-1;1,270543E-1;1,625939E-1;9,293658E-1;;
30/11/2021  14:47:39,011683;9,392690E-1;-1,566956E-2;3,211399E-2;9,293125E-1;;
30/11/2021  14:47:39,011783;9,399008E-1;1,264171E-1;1,379512E-1;9,292768E-1;;
30/11/2021  14:47:39,011883;9,397161E-1;1,401161E-1;1,360556E-1;9,292593E-1;;
30/11/2021  14:47:39,011983;9,403002E-1;1,490363E-1;1,455336E-1;9,292606E-1;;
30/11/2021  14:47:39,012083;9,412926E-1;1,716555E-1;1,528000E-1;9,292808E-1;;
30/11/2021  14:47:39,012183;9,422016E-1;1,793014E-1;1,622780E-1;9,293203E-1;;
30/11/2021  14:47:39,012283;9,431553E-1;1,859916E-1;1,704922E-1;9,293794E-1;;
30/11/2021  14:47:39,012383;9,432358E-1;1,812129E-1;1,597505E-1;9,294585E-1;;
30/11/2021  14:47:39,012483;9,431196E-1;1,395838E-2;1,600145E-2;9,295578E-1;;
30/11/2021  14:47:39,012583;9,439302E-1;8,965980E-4;3,680107E-3;9,296773E-1;;
30/11/2021  14:47:39,012683;9,446097E-1;2,808078E-3;4,311971E-3;9,298171E-1;;
30/11/2021  14:47:39,012783;9,443057E-1;4,082398E-3;6,207563E-3;9,299771E-1;;
30/11/2021  14:47:39,012883;9,455545E-1;7,268198E-3;7,787223E-3;9,301571E-1;;
30/11/2021  14:47:39,012983;9,458108E-1;6,312458E-3;7,787223E-3;9,303569E-1;;
30/11/2021  14:47:39,013083;9,457780E-1;6,312458E-3;8,419087E-3;9,305763E-1;;
30/11/2021  14:47:39,013183;9,458912E-1;6,631038E-3;8,735019E-3;9,308148E-1;;
30/11/2021  14:47:39,013283;9,455276E-1;5,675298E-3;7,787223E-3;9,310720E-1;;
30/11/2021  14:47:39,013383;9,464366E-1;3,763818E-3;4,627903E-3;9,313472E-1;;
30/11/2021  14:47:39,013483;9,463085E-1;1,215178E-3;3,364175E-3;9,316397E-1;;
30/11/2021  14:47:39,013583;9,473814E-1;8,965980E-4;3,364175E-3;9,319488E-1;;
30/11/2021  14:47:39,013683;9,470714E-1;4,400978E-3;7,155359E-3;9,322737E-1;;
30/11/2021  14:47:39,013783;9,470774E-1;8,965980E-4;3,364175E-3;9,326136E-1;;
30/11/2021  14:47:39,013883;9,467615E-1;1,215178E-3;3,048243E-3;9,329677E-1;;
30/11/2021  14:47:39,013983;9,462191E-1;2,808078E-3;5,259767E-3;9,333349E-1;;
30/11/2021  14:47:39,014083;9,462876E-1;5,675298E-3;7,471291E-3;9,337140E-1;;
30/11/2021  14:47:39,014183;9,459419E-1;1,215178E-3;3,680107E-3;9,341039E-1;;
30/11/2021  14:47:39,014283;9,464962E-1;2,489498E-3;5,259767E-3;9,345032E-1;;
30/11/2021  14:47:39,014383;9,462221E-1;1,533758E-3;3,996039E-3;9,349106E-1;;
30/11/2021  14:47:39,014483;9,452982E-1;2,808078E-3;4,627903E-3;9,353249E-1;;
30/11/2021  14:47:39,014583;9,446693E-1;6,949618E-3;8,419087E-3;9,357445E-1;;
30/11/2021  14:47:39,014683;9,443206E-1;8,965980E-4;3,048243E-3;9,361680E-1;;
30/11/2021  14:47:39,014783;9,445382E-1;8,965980E-4;3,996039E-3;9,365938E-1;;
30/11/2021  14:47:39,014883;9,447021E-1;8,965980E-4;3,680107E-3;9,370204E-1;;
30/11/2021  14:47:39,014983;9,443683E-1;5,780180E-4;3,364175E-3;9,374463E-1;;
30/11/2021  14:47:39,015083;9,439898E-1;8,965980E-4;3,048243E-3;9,378701E-1;;
30/11/2021  14:47:39,015183;9,432567E-1;1,215178E-3;3,680107E-3;9,382904E-1;;
30/11/2021  14:47:39,015283;9,433550E-1;8,965980E-4;2,732311E-3;9,387058E-1;;
30/11/2021  14:47:39,015383;9,430451E-1;1,852338E-3;3,364175E-3;9,391150E-1;;
30/11/2021  14:47:39,015483;9,438199E-1;8,965980E-4;3,680107E-3;9,395166E-1;;
30/11/2021  14:47:39,015583;9,439391E-1;8,965980E-4;3,364175E-3;9,399097E-1;;
30/11/2021  14:47:39,015683;9,441269E-1;6,631038E-3;1,094654E-2;9,402931E-1;;
30/11/2021  14:47:39,015783;9,442074E-1;8,965980E-4;3,364175E-3;9,406661E-1;;
30/11/2021  14:47:39,015883;9,434414E-1;1,215178E-3;3,364175E-3;9,410281E-1;;
30/11/2021  14:47:39,015983;9,432298E-1;5,038138E-3;7,471291E-3;9,413782E-1;;
30/11/2021  14:47:39,016083;9,433669E-1;3,126658E-3;6,839427E-3;9,417159E-1;;
30/11/2021  14:47:39,016183;9,437186E-1;4,719558E-3;7,787223E-3;9,420405E-1;;
30/11/2021  14:47:39,016283;9,441209E-1;1,555128E-2;1,694925E-2;9,423516E-1;;
30/11/2021  14:47:39,016383;9,441418E-1;1,427696E-2;1,600145E-2;9,426489E-1;;
30/11/2021  14:47:39,016483;9,434265E-1;1,618844E-2;2,010857E-2;9,429320E-1;;
30/11/2021  14:47:39,016583;9,444190E-1;1,586986E-2;1,916077E-2;9,432009E-1;;
30/11/2021  14:47:39,016683;9,436441E-1;1,682560E-2;1,821298E-2;9,434554E-1;;
30/11/2021  14:47:39,016783;9,435457E-1;1,650702E-2;1,694925E-2;9,436955E-1;;
30/11/2021  14:47:39,016883;9,447259E-1;1,586986E-2;1,726518E-2;9,439211E-1;;
30/11/2021  14:47:39,016983;9,447736E-1;1,555128E-2;1,947671E-2;9,441324E-1;;
30/11/2021  14:47:39,017083;9,454531E-1;1,245056E-1;1,316326E-1;9,443297E-1;;
30/11/2021  14:47:39,017183;9,452117E-1;1,650702E-2;2,105637E-2;9,445133E-1;;
30/11/2021  14:47:39,017283;9,461118E-1;8,850610E-2;1,085695E-1;9,446837E-1;;
30/11/2021  14:47:39,017383;9,452803E-1;1,264171E-1;1,976624E-1;9,448414E-1;;
30/11/2021  14:47:39,017483;9,460879E-1;1,194084E-1;1,357397E-1;9,449870E-1;;
30/11/2021  14:47:39,017583;9,465290E-1;1,025236E-1;1,455336E-1;9,451211E-1;;
30/11/2021  14:47:39,017683;9,468300E-1;1,197269E-1;1,205749E-1;9,452442E-1;;
30/11/2021  14:47:39,017783;9,464456E-1;1,560451E-1;1,727037E-1;9,453571E-1;;
30/11/2021  14:47:39,017883;9,457392E-1;1,423461E-1;1,404787E-1;9,454605E-1;;
30/11/2021  14:47:39,017983;9,465380E-1;1,229127E-1;1,275255E-1;9,455549E-1;;
30/11/2021  14:47:39,018083;9,462042E-1;1,283286E-1;1,208909E-1;9,456408E-1;;
30/11/2021  14:47:39,018183;9,463800E-1;1,232313E-1;1,300529E-1;9,457187E-1;;
30/11/2021  14:47:39,018283;9,464754E-1;5,675298E-3;3,843263E-2;9,457892E-1;;
30/11/2021  14:47:39,018383;9,464784E-1;1,276914E-1;1,275255E-1;9,458528E-1;;
30/11/2021  14:47:39,018483;9,464307E-1;9,901924E-2;8,076751E-2;9,459099E-1;;
30/11/2021  14:47:39,018583;9,456856E-1;1,627352E-1;1,543797E-1;9,459611E-1;;
30/11/2021  14:47:39,018683;9,453578E-1;1,334259E-1;1,458495E-1;9,460066E-1;;
30/11/2021  14:47:39,018783;9,443981E-1;1,130368E-1;1,208909E-1;9,460466E-1;;
30/11/2021  14:47:39,018883;9,444458E-1;1,270543E-1;1,328963E-1;9,460814E-1;;
30/11/2021  14:47:39,018983;9,440464E-1;1,302401E-1;1,316326E-1;9,461108E-1;;
30/11/2021  14:47:39,019083;9,437514E-1;9,710776E-2;7,666040E-2;9,461348E-1;;
30/11/2021  14:47:39,019183;9,426159E-1;1,544522E-1;1,862888E-1;9,461534E-1;;
30/11/2021  14:47:39,019283;9,414446E-1;2,426988E-1;2,339945E-1;9,461664E-1;;
30/11/2021  14:47:39,019383;9,407711E-1;9,328480E-2;1,167838E-1;9,461733E-1;;
30/11/2021  14:47:39,019483;9,403985E-1;1,184526E-1;1,155200E-1;9,461737E-1;;
30/11/2021  14:47:39,019583;9,398055E-1;1,178155E-1;1,193112E-1;9,461670E-1;;
30/11/2021  14:47:39,019683;9,398412E-1;8,436456E-2;8,329497E-2;9,461527E-1;;
30/11/2021  14:47:39,019783;9,392839E-1;1,229127E-1;1,284732E-1;9,461304E-1;;
30/11/2021  14:47:39,019883;9,384614E-1;5,993878E-3;2,100447E-3;9,460996E-1;;
30/11/2021  14:47:39,019983;9,380143E-1;1,404346E-1;1,625939E-1;9,460598E-1;;
30/11/2021  14:47:39,020083;9,371858E-1;1,251428E-1;1,341600E-1;9,460106E-1;;
30/11/2021  14:47:39,020183;9,361874E-1;1,337445E-1;1,496407E-1;9,459514E-1;;
30/11/2021  14:47:39,020283;9,366195E-1;1,834429E-1;1,442698E-1;9,458818E-1;;
30/11/2021  14:47:39,020383;9,358745E-1;1,499920E-1;1,581709E-1;9,458013E-1;;
30/11/2021  14:47:39,020483;9,342800E-1;6,811698E-2;8,076751E-2;9,457095E-1;;
30/11/2021  14:47:39,020583;9,331564E-1;1,426647E-1;1,543797E-1;9,456059E-1;;
30/11/2021  14:47:39,020683;9,319107E-1;1,315144E-1;1,272095E-1;9,454899E-1;;
30/11/2021  14:47:39,020783;9,317676E-1;1,178155E-1;1,310007E-1;9,453607E-1;;
30/11/2021  14:47:39,020883;9,312818E-1;1,127182E-1;1,240502E-1;9,452179E-1;;
30/11/2021  14:47:39,020983;9,305367E-1;9,073616E-2;9,624818E-2;9,450607E-1;;
30/11/2021  14:47:39,021083;9,299288E-1;9,838208E-2;1,060421E-1;9,448888E-1;;
30/11/2021  14:47:39,021183;9,292820E-1;1,034794E-1;1,041465E-1;9,447017E-1;;
30/11/2021  14:47:39,021283;9,289363E-1;6,365686E-2;8,613836E-2;9,444992E-1;;
30/11/2021  14:47:39,021383;9,280035E-1;8,340882E-2;7,887192E-2;9,442808E-1;;
30/11/2021  14:47:39,021483;9,277025E-1;8,022302E-2;8,771802E-2;9,440464E-1;;
30/11/2021  14:47:39,021583;9,284446E-1;9,933782E-2;1,044624E-1;9,437958E-1;;
30/11/2021  14:47:39,021683;9,289870E-1;1,079395E-1;1,411105E-1;9,435292E-1;;
30/11/2021  14:47:39,021783;9,282777E-1;6,684266E-2;7,381701E-2;9,432468E-1;;
30/11/2021  14:47:39,021883;9,279349E-1;7,544432E-2;8,645429E-2;9,429493E-1;;
30/11/2021  14:47:39,021983;9,272375E-1;1,852338E-3;6,433905E-2;9,426370E-1;;
30/11/2021  14:47:39,022083;9,269186E-1;1,292843E-1;1,505885E-1;9,423105E-1;;
30/11/2021  14:47:39,022183;9,275594E-1;1,012493E-1;1,139404E-1;9,419704E-1;;
30/11/2021  14:47:39,022283;9,275684E-1;1,225942E-1;1,322644E-1;9,416173E-1;;
30/11/2021  14:47:39,022383;9,279856E-1;1,302401E-1;1,243661E-1;9,412520E-1;;
30/11/2021  14:47:39,022483;9,276339E-1;1,331073E-1;1,335282E-1;9,408756E-1;;
30/11/2021  14:47:39,022583;9,279379E-1;1,452133E-1;1,155200E-1;9,404889E-1;;
30/11/2021  14:47:39,022683;9,274819E-1;1,582751E-1;1,212068E-1;9,400931E-1;;
30/11/2021  14:47:39,022783;9,276816E-1;1,531778E-1;1,095173E-1;9,396893E-1;;
30/11/2021  14:47:39,022883;9,278753E-1;2,319720E-2;2,358382E-2;9,392786E-1;;
30/11/2021  14:47:39,022983;9,292403E-1;3,976336E-2;3,274585E-2;9,388620E-1;;
30/11/2021  14:47:39,023083;9,296784E-1;7,448858E-2;6,655058E-2;9,384410E-1;;
30/11/2021  14:47:39,023183;9,295681E-1;1,852338E-3;3,364175E-3;9,380171E-1;;
30/11/2021  14:47:39,023283;9,294847E-1;4,263058E-2;3,874856E-2;9,375916E-1;;
30/11/2021  14:47:39,023383;9,300271E-1;1,079395E-1;1,139404E-1;9,371660E-1;;
30/11/2021  14:47:39,023483;9,300509E-1;9,201048E-2;8,645429E-2;9,367418E-1;;
30/11/2021  14:47:39,023583;9,312013E-1;1,045400E-2;-5,165989E-3;9,363202E-1;;
30/11/2021  14:47:39,023683;9,323905E-1;1,139925E-1;1,212068E-1;9,359028E-1;;
30/11/2021  14:47:39,023783;9,325246E-1;7,353284E-2;8,329497E-2;9,354912E-1;;
30/11/2021  14:47:39,023883;9,334008E-1;1,308772E-1;1,237343E-1;9,350869E-1;;
30/11/2021  14:47:39,023983;9,326796E-1;1,146297E-1;1,123607E-1;9,346916E-1;;
30/11/2021  14:47:39,024083;9,338121E-1;1,181340E-1;1,174156E-1;9,343066E-1;;
30/11/2021  14:47:39,024183;9,344558E-1;1,280100E-1;1,313166E-1;9,339333E-1;;
30/11/2021  14:47:39,024283;9,353231E-1;1,257800E-1;1,243661E-1;9,335732E-1;;
30/11/2021  14:47:39,024383;9,369176E-1;1,146297E-1;1,114129E-1;9,332277E-1;;
30/11/2021  14:47:39,024483;9,365718E-1;1,133553E-1;1,057261E-1;9,328981E-1;;
30/11/2021  14:47:39,024583;9,361457E-1;1,296029E-1;1,275255E-1;9,325858E-1;;
30/11/2021  14:47:39,024683;9,372454E-1;1,264171E-1;1,047783E-1;9,322921E-1;;
30/11/2021  14:47:39,024783;9,376269E-1;1,187712E-1;1,354238E-1;9,320179E-1;;
30/11/2021  14:47:39,024883;9,382199E-1;1,395838E-2;2,389975E-2;9,317641E-1;;
30/11/2021  14:47:39,024983;9,389144E-1;1,222756E-1;1,559593E-1;9,315317E-1;;
30/11/2021  14:47:39,025083;9,396147E-1;9,105474E-2;1,366875E-1;9,313214E-1;;
30/11/2021  14:47:39,025183;9,401124E-1;1,143111E-1;1,524841E-1;9,311341E-1;;
30/11/2021  14:47:39,025283;9,397310E-1;1,292843E-1;1,291051E-1;9,309703E-1;;
30/11/2021  14:47:39,025383;9,396088E-1;1,273729E-1;1,240502E-1;9,308306E-1;;
30/11/2021  14:47:39,025483;9,399634E-1;1,678325E-1;1,663851E-1;9,307152E-1;;
30/11/2021  14:47:39,025583;9,402704E-1;9,519628E-2;9,688005E-2;9,306243E-1;;
30/11/2021  14:47:39,025683;9,417546E-1;1,238685E-1;1,139404E-1;9,305578E-1;;
30/11/2021  14:47:39,025783;9,421241E-1;1,385232E-1;1,550115E-1;9,305158E-1;;
30/11/2021  14:47:39,025883;9,419423E-1;1,213198E-1;1,129926E-1;9,304983E-1;;
30/11/2021  14:47:39,025983;9,414506E-1;1,283286E-1;1,224705E-1;9,305053E-1;;
30/11/2021  14:47:39,026083;9,417188E-1;1,098510E-1;1,085695E-1;9,305363E-1;;
30/11/2021  14:47:39,026183;9,417129E-1;1,299215E-1;1,246821E-1;9,305909E-1;;
30/11/2021  14:47:39,026283;9,426606E-1;1,206827E-1;1,133085E-1;9,306686E-1;;
30/11/2021  14:47:39,026383;9,431345E-1;1,719741E-1;2,150386E-1;9,307688E-1;;
30/11/2021  14:47:39,026483;9,429616E-1;1,292843E-1;1,212068E-1;9,308908E-1;;
30/11/2021  14:47:39,026583;9,424430E-1;1,235499E-1;1,439539E-1;9,310340E-1;;
30/11/2021  14:47:39,026683;9,425622E-1;1,318330E-1;1,426902E-1;9,311976E-1;;
30/11/2021  14:47:39,026783;9,417605E-1;1,308772E-1;1,303688E-1;9,313806E-1;;
30/11/2021  14:47:39,026883;9,426844E-1;1,340630E-1;1,370034E-1;9,315820E-1;;
30/11/2021  14:47:39,026983;9,426993E-1;1,222756E-1;1,262617E-1;9,318005E-1;;
30/11/2021  14:47:39,027083;9,433163E-1;5,218798E-2;6,781430E-2;9,320351E-1;;
30/11/2021  14:47:39,027183;9,431732E-1;1,232313E-1;1,205749E-1;9,322847E-1;;
30/11/2021  14:47:39,027283;9,426606E-1;1,235499E-1;1,262617E-1;9,325483E-1;;
30/11/2021  14:47:39,027383;9,416622E-1;1,270543E-1;1,240502E-1;9,328246E-1;;
30/11/2021  14:47:39,027483;9,415191E-1;1,254614E-1;1,186794E-1;9,331124E-1;;
30/11/2021  14:47:39,027583;9,416831E-1;1,146297E-1;1,455336E-1;9,334102E-1;;
30/11/2021  14:47:39,027683;9,418678E-1;8,468314E-2;1,148882E-1;9,337165E-1;;
30/11/2021  14:47:39,027783;9,417248E-1;9,328480E-2;1,155200E-1;9,340300E-1;;
30/11/2021  14:47:39,027883;9,416294E-1;9,583344E-2;9,245700E-2;9,343494E-1;;
30/11/2021  14:47:39,027983;9,413969E-1;8,022302E-2;1,107811E-1;9,346733E-1;;
30/11/2021  14:47:39,028083;9,408158E-1;1,267357E-1;1,423743E-1;9,350004E-1;;
30/11/2021  14:47:39,028183;9,413314E-1;1,353374E-1;1,373193E-1;9,353294E-1;;
30/11/2021  14:47:39,028283;9,417307E-1;1,331073E-1;1,338441E-1;9,356590E-1;;
30/11/2021  14:47:39,028383;9,426397E-1;1,318330E-1;1,310007E-1;9,359882E-1;;
30/11/2021  14:47:39,028483;9,426576E-1;1,324701E-1;1,392149E-1;9,363159E-1;;
30/11/2021  14:47:39,028583;9,428424E-1;1,706997E-1;1,654373E-1;9,366415E-1;;
30/11/2021  14:47:39,028683;9,422791E-1;1,340630E-1;1,300529E-1;9,369643E-1;;
30/11/2021  14:47:39,028783;9,425503E-1;1,270543E-1;1,272095E-1;9,372834E-1;;
30/11/2021  14:47:39,028883;9,425593E-1;1,257800E-1;1,291051E-1;9,375983E-1;;
30/11/2021  14:47:39,028983;9,428394E-1;1,276914E-1;1,189953E-1;9,379082E-1;;
30/11/2021  14:47:39,029083;9,437991E-1;5,473662E-2;9,119327E-2;9,382127E-1;;
30/11/2021  14:47:39,029183;9,438646E-1;-7,067902E-3;5,707262E-2;9,385113E-1;;
30/11/2021  14:47:39,029283;9,432239E-1;1,232313E-1;1,477451E-1;9,388038E-1;;
30/11/2021  14:47:39,029383;9,433610E-1;1,356559E-1;1,401627E-1;9,390899E-1;;
30/11/2021  14:47:39,029483;9,432269E-1;1,372488E-1;1,341600E-1;9,393691E-1;;
30/11/2021  14:47:39,029583;9,440762E-1;1,340630E-1;1,297370E-1;9,396413E-1;;
30/11/2021  14:47:39,029683;9,441656E-1;1,395838E-2;8,961361E-2;9,399062E-1;;
30/11/2021  14:47:39,029783;9,448332E-1;1,296029E-1;1,215227E-1;9,401637E-1;;
30/11/2021  14:47:39,029883;9,441895E-1;1,442576E-1;1,720719E-1;9,404138E-1;;
30/11/2021  14:47:39,029983;9,443772E-1;1,273729E-1;1,265777E-1;9,406565E-1;;
30/11/2021  14:47:39,030083;9,440911E-1;1,347002E-1;1,300529E-1;9,408917E-1;;
30/11/2021  14:47:39,030183;9,440226E-1;1,353374E-1;1,306848E-1;9,411194E-1;;
30/11/2021  14:47:39,030283;9,441925E-1;1,417090E-1;1,420583E-1;9,413394E-1;;
30/11/2021  14:47:39,030383;9,452743E-1;1,018865E-1;7,981972E-2;9,415519E-1;;
30/11/2021  14:47:39,030483;9,454382E-1;1,557265E-1;1,467973E-1;9,417568E-1;;
30/11/2021  14:47:39,030583;9,452564E-1;1,436204E-1;1,332122E-1;9,419544E-1;;
30/11/2021  14:47:39,030683;9,457631E-1;1,471248E-1;1,663851E-1;9,421449E-1;;
30/11/2021  14:47:39,030783;9,455634E-1;1,477620E-1;1,982942E-1;9,423284E-1;;
30/11/2021  14:47:39,030883;9,455396E-1;1,286472E-1;1,373193E-1;9,425054E-1;;
30/11/2021  14:47:39,030983;9,462191E-1;1,098510E-1;1,139404E-1;9,426759E-1;;
30/11/2021  14:47:39,031083;9,465231E-1;1,085766E-1;1,180475E-1;9,428402E-1;;
30/11/2021  14:47:39,031183;9,465856E-1;3,763818E-3;8,139938E-2;9,429988E-1;;
30/11/2021  14:47:39,031283;9,458734E-1;1,570008E-1;1,998739E-1;9,431518E-1;;
30/11/2021  14:47:39,031383;9,456767E-1;1,292843E-1;1,344760E-1;9,432996E-1;;
30/11/2021  14:47:39,031483;9,456796E-1;1,092138E-1;1,202590E-1;9,434423E-1;;
30/11/2021  14:47:39,031583;9,453011E-1;1,123996E-1;1,227865E-1;9,435800E-1;;
30/11/2021  14:47:39,031683;9,454144E-1;1,120810E-1;1,243661E-1;9,437126E-1;;
30/11/2021  14:47:39,031783;9,455545E-1;6,556834E-2;9,087734E-2;9,438403E-1;;
30/11/2021  14:47:39,031883;9,451044E-1;1,050723E-1;1,013031E-1;9,439631E-1;;
30/11/2021  14:47:39,031983;9,444339E-1;1,063466E-1;1,249980E-1;9,440808E-1;;
30/11/2021  14:47:39,032083;9,440852E-1;1,557265E-1;1,471132E-1;9,441935E-1;;
30/11/2021  14:47:39,032183;9,432596E-1;6,270112E-2;6,181159E-2;9,443009E-1;;
30/11/2021  14:47:39,032283;9,438497E-1;7,703722E-2;9,845971E-2;9,444027E-1;;
30/11/2021  14:47:39,032383;9,442491E-1;1,268406E-2;7,981972E-2;9,444987E-1;;
30/11/2021  14:47:39,032483;9,439362E-1;3,976336E-2;5,707262E-2;9,445888E-1;;
30/11/2021  14:47:39,032583;9,432239E-1;8,965980E-4;4,311971E-3;9,446728E-1;;
30/11/2021  14:47:39,032683;9,428096E-1;1,140974E-2;1,347400E-2;9,447505E-1;;
30/11/2021  14:47:39,032783;9,414446E-1;1,459554E-2;1,442179E-2;9,448218E-1;;
30/11/2021  14:47:39,032883;9,414059E-1;1,300264E-2;1,442179E-2;9,448862E-1;;
30/11/2021  14:47:39,032983;9,411049E-1;8,542518E-3;9,366883E-3;9,449434E-1;;
30/11/2021  14:47:39,033083;9,401989E-1;2,170918E-3;3,996039E-3;9,449928E-1;;
30/11/2021  14:47:39,033183;9,396922E-1;7,268198E-3;8,735019E-3;9,450340E-1;;
30/11/2021  14:47:39,033283;9,392482E-1;2,170918E-3;4,943835E-3;9,450665E-1;;
30/11/2021  14:47:39,033383;9,381603E-1;1,215178E-3;3,996039E-3;9,450898E-1;;
30/11/2021  14:47:39,033483;9,370189E-1;4,082398E-3;6,523495E-3;9,451033E-1;;
30/11/2021  14:47:39,033583;9,366106E-1;1,852338E-3;4,627903E-3;9,451063E-1;;
30/11/2021  14:47:39,033683;9,361337E-1;8,965980E-4;3,364175E-3;9,450981E-1;;
30/11/2021  14:47:39,033783;9,359728E-1;4,719558E-3;7,155359E-3;9,450780E-1;;
30/11/2021  14:47:39,033883;9,353738E-1;1,852338E-3;4,311971E-3;9,450456E-1;;
30/11/2021  14:47:39,033983;9,345095E-1;4,082398E-3;6,523495E-3;9,450002E-1;;
30/11/2021  14:47:39,034083;9,331981E-1;5,675298E-3;6,839427E-3;9,449415E-1;;
30/11/2021  14:47:39,034183;9,326855E-1;6,312458E-3;8,103155E-3;9,448687E-1;;
30/11/2021  14:47:39,034283;9,319971E-1;1,533758E-3;3,680107E-3;9,447814E-1;;
30/11/2021  14:47:39,034383;9,314457E-1;1,215178E-3;3,680107E-3;9,446790E-1;;
30/11/2021  14:47:39,034483;9,307930E-1;8,965980E-4;3,364175E-3;9,445610E-1;;
30/11/2021  14:47:39,034583;9,301314E-1;1,852338E-3;3,996039E-3;9,444270E-1;;
30/11/2021  14:47:39,034683;9,290585E-1;1,215178E-3;3,364175E-3;9,442766E-1;;
30/11/2021  14:47:39,034783;9,281704E-1;1,215178E-3;3,364175E-3;9,441093E-1;;
30/11/2021  14:47:39,034883;9,280839E-1;1,215178E-3;3,364175E-3;9,439249E-1;;
30/11/2021  14:47:39,034983;9,284684E-1;5,038138E-3;6,839427E-3;9,437230E-1;;
30/11/2021  14:47:39,035083;9,280005E-1;5,780180E-4;2,416379E-3;9,435036E-1;;
30/11/2021  14:47:39,035183;9,277978E-1;1,215178E-3;3,680107E-3;9,432667E-1;;
30/11/2021  14:47:39,035283;9,275654E-1;8,965980E-4;3,364175E-3;9,430126E-1;;
30/11/2021  14:47:39,035383;9,272465E-1;8,965980E-4;3,680107E-3;9,427416E-1;;
30/11/2021  14:47:39,035483;9,269216E-1;8,965980E-4;3,364175E-3;9,424540E-1;;
30/11/2021  14:47:39,035583;9,266415E-1;5,780180E-4;3,680107E-3;9,421505E-1;;
30/11/2021  14:47:39,035683;9,268710E-1;1,533758E-3;3,364175E-3;9,418314E-1;;
30/11/2021  14:47:39,035783;9,271958E-1;5,780180E-4;3,680107E-3;9,414975E-1;;
30/11/2021  14:47:39,035883;9,272286E-1;1,852338E-3;4,311971E-3;9,411495E-1;;
30/11/2021  14:47:39,035983;9,269067E-1;1,013542E-2;1,221027E-2;9,407885E-1;;
30/11/2021  14:47:39,036083;9,266474E-1;1,013542E-2;1,315807E-2;9,404153E-1;;
30/11/2021  14:47:39,036183;9,257355E-1;1,077258E-2;1,284213E-2;9,400310E-1;;
30/11/2021  14:47:39,036283;9,264984E-1;5,356718E-3;8,735019E-3;9,396364E-1;;
30/11/2021  14:47:39,036383;9,266951E-1;1,204690E-2;1,442179E-2;9,392326E-1;;
30/11/2021  14:47:39,036483;9,268143E-1;1,459554E-2;1,726518E-2;9,388206E-1;;
30/11/2021  14:47:39,036583;9,272554E-1;8,861098E-3;9,682815E-3;9,384015E-1;;
30/11/2021  14:47:39,036683;9,269514E-1;1,586986E-2;1,726518E-2;9,379767E-1;;
30/11/2021  14:47:39,036783;9,271750E-1;8,223938E-3;3,685297E-2;9,375473E-1;;
30/11/2021  14:47:39,036883;9,278962E-1;1,459554E-2;1,694925E-2;9,371147E-1;;
30/11/2021  14:47:39,036983;9,283790E-1;1,459554E-2;1,758111E-2;9,366801E-1;;
30/11/2021  14:47:39,037083;9,298632E-1;2,224146E-2;4,032822E-2;9,362449E-1;;
30/11/2021  14:47:39,037183;9,303192E-1;1,334259E-1;1,319485E-1;9,358108E-1;;
30/11/2021  14:47:39,037283;9,305636E-1;2,479010E-2;4,380347E-2;9,353794E-1;;
30/11/2021  14:47:39,037383;9,310553E-1;4,071910E-2;4,854245E-2;9,349525E-1;;
30/11/2021  14:47:39,037483;9,313355E-1;1,079395E-1;1,129926E-1;9,345315E-1;;
30/11/2021  14:47:39,037583;9,322415E-1;8,086018E-2;1,110970E-1;9,341183E-1;;
30/11/2021  14:47:39,037683;9,332101E-1;3,371034E-2;4,475127E-2;9,337142E-1;;
30/11/2021  14:47:39,037783;9,344976E-1;1,190898E-1;1,041465E-1;9,333210E-1;;
30/11/2021  14:47:39,037883;9,352337E-1;1,754784E-1;2,099837E-1;9,329403E-1;;
30/11/2021  14:47:39,037983;9,347002E-1;5,951532E-2;1,054102E-1;9,325740E-1;;
30/11/2021  14:47:39,038083;9,350906E-1;1,203641E-1;1,129926E-1;9,322234E-1;;
30/11/2021  14:47:39,038183;9,354960E-1;1,117624E-1;9,624818E-2;9,318900E-1;;
30/11/2021  14:47:39,038283;9,362231E-1;1,404346E-1;1,360556E-1;9,315749E-1;;
30/11/2021  14:47:39,038383;9,369384E-1;1,088952E-1;1,050943E-1;9,312794E-1;;
30/11/2021  14:47:39,038483;9,376000E-1;1,847173E-1;2,406291E-1;9,310044E-1;;
30/11/2021  14:47:39,038583;9,379607E-1;1,041165E-1;1,420583E-1;9,307511E-1;;
30/11/2021  14:47:39,038683;9,380203E-1;1,566822E-1;2,084040E-1;9,305203E-1;;
30/11/2021  14:47:39,038783;9,381007E-1;1,340630E-1;1,449017E-1;9,303127E-1;;
30/11/2021  14:47:39,038883;9,378742E-1;1,353374E-1;1,341600E-1;9,301291E-1;;
30/11/2021  14:47:39,038983;9,386938E-1;1,280100E-1;1,294210E-1;9,299696E-1;;
30/11/2021  14:47:39,039083;9,392422E-1;1,238685E-1;1,272095E-1;9,298347E-1;;
30/11/2021  14:47:39,039183;9,399366E-1;1,267357E-1;1,275255E-1;9,297245E-1;;
30/11/2021  14:47:39,039283;9,395849E-1;1,216384E-1;1,278414E-1;9,296391E-1;;
30/11/2021  14:47:39,039383;9,393495E-1;1,216384E-1;1,278414E-1;9,295787E-1;;
30/11/2021  14:47:39,039483;9,394001E-1;1,229127E-1;1,193112E-1;9,295430E-1;;
30/11/2021  14:47:39,039583;9,399336E-1;1,305587E-1;1,139404E-1;9,295316E-1;;
30/11/2021  14:47:39,039683;9,403628E-1;1,442576E-1;1,335282E-1;9,295442E-1;;
30/11/2021  14:47:39,039783;9,409141E-1;7,576290E-2;9,782784E-2;9,295802E-1;;
30/11/2021  14:47:39,039883;9,411466E-1;1,433019E-1;1,439539E-1;9,296394E-1;;
30/11/2021  14:47:39,039983;9,410870E-1;-2,968708E-2;3,148212E-2;9,297210E-1;;
30/11/2021  14:47:39,040083;9,406906E-1;9,583344E-2;1,095173E-1;9,298245E-1;;
30/11/2021  14:47:39,040183;9,405327E-1;1,210013E-1;1,262617E-1;9,299492E-1;;
30/11/2021  14:47:39,040283;9,408516E-1;1,235499E-1;1,366875E-1;9,300941E-1;;
30/11/2021  14:47:39,040383;9,416413E-1;1,238685E-1;1,158360E-1;9,302583E-1;;
30/11/2021  14:47:39,040483;9,423119E-1;1,299215E-1;1,243661E-1;9,304409E-1;;
30/11/2021  14:47:39,040583;9,423357E-1;1,257800E-1;1,335282E-1;9,306411E-1;;
30/11/2021  14:47:39,040683;9,422046E-1;1,362931E-1;1,300529E-1;9,308579E-1;;
30/11/2021  14:47:39,040783;9,410810E-1;1,391603E-1;1,351078E-1;9,310905E-1;;
30/11/2021  14:47:39,040883;9,417456E-1;1,353374E-1;1,246821E-1;9,313379E-1;;
30/11/2021  14:47:39,040983;9,421629E-1;1,270543E-1;1,189953E-1;9,315987E-1;;
30/11/2021  14:47:39,041083;9,430689E-1;1,203641E-1;1,177316E-1;9,318721E-1;;
30/11/2021  14:47:39,041183;9,437067E-1;1,162226E-1;1,373193E-1;9,321570E-1;;
30/11/2021  14:47:39,041283;9,437365E-1;-6,186366E-2;-8,325309E-3;9,324525E-1;;
30/11/2021  14:47:39,041383;9,436292E-1;1,053908E-1;1,199431E-1;9,327579E-1;;
30/11/2021  14:47:39,041483;9,433937E-1;1,002936E-1;1,088855E-1;9,330723E-1;;
30/11/2021  14:47:39,041583;9,443892E-1;-4,179312E-2;5,738855E-2;9,333948E-1;;
30/11/2021  14:47:39,041683;9,452475E-1;1,002936E-1;1,129926E-1;9,337245E-1;;
30/11/2021  14:47:39,041783;9,458614E-1;1,190898E-1;1,319485E-1;9,340609E-1;;
30/11/2021  14:47:39,041883;9,468449E-1;1,034794E-1;1,025668E-1;9,344033E-1;;
30/11/2021  14:47:39,041983;9,470267E-1;1,429833E-1;1,714400E-1;9,347512E-1;;
30/11/2021  14:47:39,042083;9,465886E-1;9,424054E-2;1,041465E-1;9,351044E-1;;
30/11/2021  14:47:39,042183;9,467287E-1;9,806350E-2;1,107811E-1;9,354623E-1;;
30/11/2021  14:47:39,042283;9,473099E-1;9,105474E-2;8,740209E-2;9,358244E-1;;
30/11/2021  14:47:39,042383;9,474410E-1;8,563888E-2;1,224705E-1;9,361901E-1;;
30/11/2021  14:47:39,042483;9,482278E-1;7,926728E-2;8,266311E-2;9,365591E-1;;
30/11/2021  14:47:39,042583;9,483321E-1;-1,821820E-2;7,787223E-3;9,369307E-1;;
30/11/2021  14:47:39,042683;9,482367E-1;6,684266E-2;5,896821E-2;9,373047E-1;;
30/11/2021  14:47:39,042783;9,477927E-1;4,740928E-2;4,885838E-2;9,376805E-1;;
30/11/2021  14:47:39,042883;9,480579E-1;1,181340E-1;1,338441E-1;9,380577E-1;;
30/11/2021  14:47:39,042983;9,483619E-1;1,439390E-1;1,499566E-1;9,384355E-1;;
30/11/2021  14:47:39,043083;9,495838E-1;1,327887E-1;1,189953E-1;9,388136E-1;;
30/11/2021  14:47:39,043183;9,496464E-1;1,445762E-1;1,284732E-1;9,391914E-1;;
30/11/2021  14:47:39,043283;9,502455E-1;1,382046E-1;1,268936E-1;9,395687E-1;;
30/11/2021  14:47:39,043383;9,501441E-1;1,181340E-1;1,212068E-1;9,399451E-1;;
30/11/2021  14:47:39,043483;9,493842E-1;1,347002E-1;1,221546E-1;9,403205E-1;;
30/11/2021  14:47:39,043583;9,497895E-1;1,139925E-1;1,114129E-1;9,406943E-1;;
30/11/2021  14:47:39,043683;9,499921E-1;1,337445E-1;1,294210E-1;9,410661E-1;;
30/11/2021  14:47:39,043783;9,506359E-1;1,229127E-1;1,256299E-1;9,414355E-1;;
30/11/2021  14:47:39,043883;9,510919E-1;1,130368E-1;1,076217E-1;9,418022E-1;;
30/11/2021  14:47:39,043983;9,512081E-1;1,210013E-1;1,246821E-1;9,421660E-1;;
30/11/2021  14:47:39,044083;9,504153E-1;6,907272E-2;4,253974E-2;9,425265E-1;;
30/11/2021  14:47:39,044183;9,503796E-1;1,187712E-1;1,265777E-1;9,428834E-1;;
30/11/2021  14:47:39,044283;9,498997E-1;1,025236E-1;1,208909E-1;9,432364E-1;;
30/11/2021  14:47:39,044383;9,498699E-1;1,714418E-2;3,337771E-2;9,435849E-1;;
30/11/2021  14:47:39,044483;9,509488E-1;1,041165E-1;1,218387E-1;9,439284E-1;;
30/11/2021  14:47:39,044583;9,500786E-1;1,512664E-1;1,695444E-1;9,442665E-1;;
30/11/2021  14:47:39,044683;9,498342E-1;9,169190E-2;8,645429E-2;9,445988E-1;;
30/11/2021  14:47:39,044783;9,488119E-1;1,605052E-1;1,667010E-1;9,449247E-1;;
30/11/2021  14:47:39,044883;9,475036E-1;1,308772E-1;1,316326E-1;9,452437E-1;;
30/11/2021  14:47:39,044983;9,472324E-1;1,340630E-1;1,442698E-1;9,455549E-1;;
30/11/2021  14:47:39,045083;9,470118E-1;1,165411E-1;1,363715E-1;9,458575E-1;;
30/11/2021  14:47:39,045183;9,470178E-1;1,321516E-1;1,199431E-1;9,461505E-1;;
30/11/2021  14:47:39,045283;9,463651E-1;1,292843E-1;1,281573E-1;9,464332E-1;;
30/11/2021  14:47:39,045383;9,459538E-1;1,206827E-1;1,158360E-1;9,467046E-1;;
30/11/2021  14:47:39,045483;9,450985E-1;1,235499E-1;1,338441E-1;9,469642E-1;;
30/11/2021  14:47:39,045583;9,448362E-1;1,174969E-1;1,107811E-1;9,472109E-1;;
30/11/2021  14:47:39,045683;9,446991E-1;1,229127E-1;1,120448E-1;9,474441E-1;;
30/11/2021  14:47:39,045783;9,447289E-1;1,203641E-1;1,148882E-1;9,476630E-1;;
30/11/2021  14:47:39,045883;9,445352E-1;1,519035E-1;1,783905E-1;9,478670E-1;;
30/11/2021  14:47:39,045983;9,441686E-1;1,190898E-1;1,123607E-1;9,480556E-1;;
30/11/2021  14:47:39,046083;9,435785E-1;4,995792E-2;8,076751E-2;9,482284E-1;;
30/11/2021  14:47:39,046183;9,428275E-1;1,442576E-1;1,597505E-1;9,483850E-1;;
30/11/2021  14:47:39,046283;9,417903E-1;1,824872E-1;1,761790E-1;9,485248E-1;;
30/11/2021  14:47:39,046383;9,420526E-1;1,283286E-1;1,341600E-1;9,486475E-1;;
30/11/2021  14:47:39,046483;9,422821E-1;1,302401E-1;1,366875E-1;9,487527E-1;;
30/11/2021  14:47:39,046583;9,420228E-1;1,260985E-1;1,189953E-1;9,488401E-1;;
30/11/2021  14:47:39,046683;9,423626E-1;1,640096E-1;1,531159E-1;9,489095E-1;;
30/11/2021  14:47:39,046783;9,413224E-1;1,213198E-1;1,088855E-1;9,489611E-1;;
30/11/2021  14:47:39,046883;9,408217E-1;1,222756E-1;1,057261E-1;9,489949E-1;;
30/11/2021  14:47:39,046983;9,407323E-1;1,063466E-1;9,119327E-2;9,490108E-1;;
30/11/2021  14:47:39,047083;9,413999E-1;1,417090E-1;1,341600E-1;9,490091E-1;;
30/11/2021  14:47:39,047183;9,408337E-1;8,468314E-2;9,909157E-2;9,489899E-1;;
30/11/2021  14:47:39,047283;9,409231E-1;1,241871E-1;1,272095E-1;9,489537E-1;;
30/11/2021  14:47:39,047383;9,404164E-1;1,088952E-1;1,003553E-1;9,489007E-1;;
30/11/2021  14:47:39,047483;9,399247E-1;1,229127E-1;1,243661E-1;9,488314E-1;;
30/11/2021  14:47:39,047583;9,399068E-1;9,296622E-2;1,177316E-1;9,487463E-1;;
30/11/2021  14:47:39,047683;9,395372E-1;1,267357E-1;1,300529E-1;9,486458E-1;;
30/11/2021  14:47:39,047783;9,394627E-1;1,315144E-1;1,341600E-1;9,485303E-1;;
30/11/2021  14:47:39,047883;9,397488E-1;1,327887E-1;1,351078E-1;9,484004E-1;;
30/11/2021  14:47:39,047983;9,394031E-1;1,245056E-1;1,161519E-1;9,482567E-1;;
30/11/2021  14:47:39,048083;9,393316E-1;1,241871E-1;1,227865E-1;9,480998E-1;;
30/11/2021  14:47:39,048183;9,394389E-1;1,232313E-1;1,193112E-1;9,479304E-1;;
30/11/2021  14:47:39,048283;9,389918E-1;1,264171E-1;1,262617E-1;9,477492E-1;;
30/11/2021  14:47:39,048383;9,390872E-1;1,302401E-1;1,310007E-1;9,475570E-1;;
30/11/2021  14:47:39,048483;9,394836E-1;1,283286E-1;1,303688E-1;9,473544E-1;;
30/11/2021  14:47:39,048583;9,402257E-1;7,066562E-2;1,092014E-1;9,471423E-1;;
30/11/2021  14:47:39,048683;9,397667E-1;1,235499E-1;1,145722E-1;9,469217E-1;;
30/11/2021  14:47:39,048783;9,393793E-1;1,152668E-1;1,148882E-1;9,466936E-1;;
30/11/2021  14:47:39,048883;9,385537E-1;8,054160E-2;6,749837E-2;9,464588E-1;;
30/11/2021  14:47:39,048983;9,391856E-1;7,130278E-2;1,246821E-1;9,462180E-1;;
30/11/2021  14:47:39,049083;9,390008E-1;1,401161E-1;1,632258E-1;9,459722E-1;;
30/11/2021  14:47:39,049183;9,393852E-1;8,213450E-2;1,202590E-1;9,457220E-1;;
30/11/2021  14:47:39,049283;9,388369E-1;1,327887E-1;1,316326E-1;9,454683E-1;;
30/11/2021  14:47:39,049383;9,385925E-1;1,442576E-1;1,610142E-1;9,452118E-1;;
30/11/2021  14:47:39,049483;9,380739E-1;1,292843E-1;1,256299E-1;9,449532E-1;;
30/11/2021  14:47:39,049583;9,371828E-1;1,315144E-1;1,256299E-1;9,446931E-1;;
30/11/2021  14:47:39,049683;9,371530E-1;2,506633E-1;2,163023E-1;9,444320E-1;;
30/11/2021  14:47:39,049783;9,369235E-1;1,302401E-1;1,366875E-1;9,441702E-1;;
30/11/2021  14:47:39,049883;9,373348E-1;1,092138E-1;9,435259E-2;9,439080E-1;;
30/11/2021  14:47:39,049983;9,368520E-1;1,146297E-1;1,698603E-1;9,436458E-1;;
30/11/2021  14:47:39,050083;9,370040E-1;1,280100E-1;1,057261E-1;9,433840E-1;;
30/11/2021  14:47:39,050183;9,358268E-1;1,139925E-1;1,060421E-1;9,431229E-1;;
30/11/2021  14:47:39,050283;9,347539E-1;3,307318E-2;6,528685E-2;9,428628E-1;;
30/11/2021  14:47:39,050383;9,351473E-1;1,340630E-1;1,442698E-1;9,426037E-1;;
30/11/2021  14:47:39,050483;9,349833E-1;9,201048E-2;8,139938E-2;9,423456E-1;;
30/11/2021  14:47:39,050583;9,356211E-1;1,471248E-1;1,559593E-1;9,420886E-1;;
30/11/2021  14:47:39,050683;9,353052E-1;1,423461E-1;1,588027E-1;9,418329E-1;;
30/11/2021  14:47:39,050783;9,342114E-1;1,468062E-1;1,755471E-1;9,415786E-1;;
30/11/2021  14:47:39,050883;9,338210E-1;1,417090E-1;1,379512E-1;9,413259E-1;;
30/11/2021  14:47:39,050983;9,327988E-1;1,401161E-1;1,354238E-1;9,410747E-1;;
30/11/2021  14:47:39,051083;9,335260E-1;1,375674E-1;1,316326E-1;9,408248E-1;;
30/11/2021  14:47:39,051183;9,335707E-1;1,410718E-1;1,388990E-1;9,405763E-1;;
30/11/2021  14:47:39,051283;9,337257E-1;1,455319E-1;1,388990E-1;9,403290E-1;;
30/11/2021  14:47:39,051383;9,337674E-1;1,397975E-1;1,354238E-1;9,400831E-1;;
30/11/2021  14:47:39,051483;9,324650E-1;1,299215E-1;1,332122E-1;9,398388E-1;;
30/11/2021  14:47:39,051583;9,320626E-1;1,270543E-1;1,240502E-1;9,395959E-1;;
30/11/2021  14:47:39,051683;9,323488E-1;1,174969E-1;1,003553E-1;9,393545E-1;;
30/11/2021  14:47:39,051783;9,324769E-1;9,169190E-2;9,972343E-2;9,391146E-1;;
30/11/2021  14:47:39,051883;9,329776E-1;6,875414E-2;9,340479E-2;9,388760E-1;;
30/11/2021  14:47:39,051983;9,334932E-1;1,178155E-1;1,404787E-1;9,386390E-1;;
30/11/2021  14:47:39,052083;9,334843E-1;1,178155E-1;1,322644E-1;9,384039E-1;;
30/11/2021  14:47:39,052183;9,332428E-1;1,139925E-1;1,246821E-1;9,381709E-1;;
30/11/2021  14:47:39,052283;9,326378E-1;1,165411E-1;1,240502E-1;9,379405E-1;;
30/11/2021  14:47:39,052383;9,331475E-1;1,082581E-1;1,240502E-1;9,377127E-1;;
30/11/2021  14:47:39,052483;9,333174E-1;1,268406E-2;1,568552E-2;9,374880E-1;;
30/11/2021  14:47:39,052583;9,347479E-1;2,594380E-4;2,732311E-3;9,372665E-1;;
30/11/2021  14:47:39,052683;9,351264E-1;1,852338E-3;4,627903E-3;9,370488E-1;;
30/11/2021  14:47:39,052783;9,349029E-1;4,082398E-3;6,207563E-3;9,368355E-1;;
30/11/2021  14:47:39,052883;9,350966E-1;2,489498E-3;4,627903E-3;9,366271E-1;;
30/11/2021  14:47:39,052983;9,351532E-1;4,082398E-3;6,839427E-3;9,364244E-1;;
30/11/2021  14:47:39,053083;9,358804E-1;5,356718E-3;7,787223E-3;9,362277E-1;;
30/11/2021  14:47:39,053183;9,372424E-1;8,223938E-3;9,366883E-3;9,360376E-1;;
30/11/2021  14:47:39,053283;9,372096E-1;8,223938E-3;9,050951E-3;9,358550E-1;;
30/11/2021  14:47:39,053383;9,374331E-1;7,268198E-3;9,682815E-3;9,356805E-1;;
30/11/2021  14:47:39,053483;9,377759E-1;1,109116E-2;1,252620E-2;9,355148E-1;;
30/11/2021  14:47:39,053583;9,379905E-1;1,204690E-2;1,347400E-2;9,353586E-1;;
30/11/2021  14:47:39,053683;9,381454E-1;8,861098E-3;1,063061E-2;9,352125E-1;;
30/11/2021  14:47:39,053783;9,394836E-1;9,816838E-3;1,063061E-2;9,350771E-1;;
30/11/2021  14:47:39,053883;9,405893E-1;5,993878E-3;8,419087E-3;9,349530E-1;;
30/11/2021  14:47:39,053983;9,412301E-1;1,533758E-3;4,311971E-3;9,348409E-1;;
30/11/2021  14:47:39,054083;9,420437E-1;1,215178E-3;3,680107E-3;9,347416E-1;;
30/11/2021  14:47:39,054183;9,421718E-1;2,489498E-3;4,943835E-3;9,346560E-1;;
30/11/2021  14:47:39,054283;9,423834E-1;1,215178E-3;3,680107E-3;9,345847E-1;;
30/11/2021  14:47:39,054383;9,426397E-1;1,215178E-3;3,364175E-3;9,345284E-1;;
30/11/2021  14:47:39,054483;9,437693E-1;2,808078E-3;4,627903E-3;9,344877E-1;;
30/11/2021  14:47:39,054583;9,450568E-1;1,852338E-3;3,364175E-3;9,344630E-1;;
30/11/2021  14:47:39,054683;9,452892E-1;1,215178E-3;3,680107E-3;9,344549E-1;;
30/11/2021  14:47:39,054783;9,461207E-1;5,780180E-4;3,048243E-3;9,344640E-1;;
30/11/2021  14:47:39,054883;9,466482E-1;1,533758E-3;3,364175E-3;9,344909E-1;;
30/11/2021  14:47:39,054983;9,461595E-1;1,215178E-3;3,680107E-3;9,345360E-1;;
30/11/2021  14:47:39,055083;9,468241E-1;1,215178E-3;3,364175E-3;9,345995E-1;;
30/11/2021  14:47:39,055183;9,479596E-1;1,533758E-3;3,680107E-3;9,346817E-1;;
30/11/2021  14:47:39,055283;9,485974E-1;1,215178E-3;3,364175E-3;9,347827E-1;;
30/11/2021  14:47:39,055383;9,495451E-1;1,533758E-3;3,680107E-3;9,349027E-1;;
30/11/2021  14:47:39,055483;9,490623E-1;8,965980E-4;3,680107E-3;9,350418E-1;;
30/11/2021  14:47:39,055583;9,492560E-1;1,852338E-3;3,680107E-3;9,352001E-1;;
30/11/2021  14:47:39,055683;9,489908E-1;1,533758E-3;3,364175E-3;9,353774E-1;;
30/11/2021  14:47:39,055783;9,493305E-1;8,965980E-4;3,364175E-3;9,355734E-1;;
30/11/2021  14:47:39,055883;9,499832E-1;1,533758E-3;3,680107E-3;9,357876E-1;;
30/11/2021  14:47:39,055983;9,504660E-1;1,215178E-3;3,364175E-3;9,360196E-1;;
30/11/2021  14:47:39,056083;9,506895E-1;1,045400E-2;1,189434E-2;9,362689E-1;;
30/11/2021  14:47:39,056183;9,504779E-1;7,586778E-3;9,682815E-3;9,365349E-1;;
30/11/2021  14:47:39,056283;9,506389E-1;1,300264E-2;1,473773E-2;9,368169E-1;;
30/11/2021  14:47:39,056383;9,501352E-1;1,204690E-2;1,916077E-2;9,371143E-1;;
30/11/2021  14:47:39,056483;9,509637E-1;1,363980E-2;1,694925E-2;9,374261E-1;;
30/11/2021  14:47:39,056583;9,506061E-1;1,045400E-2;1,600145E-2;9,377515E-1;;
30/11/2021  14:47:39,056683;9,511544E-1;1,555128E-2;1,694925E-2;9,380894E-1;;
30/11/2021  14:47:39,056783;9,512439E-1;5,675298E-3;1,473773E-2;9,384390E-1;;
30/11/2021  14:47:39,056883;9,504690E-1;1,778134E-2;2,200416E-2;9,387992E-1;;
30/11/2021  14:47:39,056983;9,501382E-1;1,133553E-1;1,161519E-1;9,391689E-1;;
30/11/2021  14:47:39,057083;9,496136E-1;1,905566E-2;2,263603E-2;9,395470E-1;;
30/11/2021  14:47:39,057183;9,495481E-1;1,363980E-2;1,568552E-2;9,399321E-1;;
30/11/2021  14:47:39,057283;9,500517E-1;1,260985E-1;1,152041E-1;9,403228E-1;;
30/11/2021  14:47:39,057383;9,499266E-1;6,461260E-2;8,108345E-2;9,407178E-1;;
30/11/2021  14:47:39,057483;9,493335E-1;1,299215E-1;1,193112E-1;9,411159E-1;;
30/11/2021  14:47:39,057583;9,484811E-1;9,105474E-2;6,149566E-2;9,415158E-1;;
30/11/2021  14:47:39,057683;9,483202E-1;8,117876E-2;7,002583E-2;9,419160E-1;;
30/11/2021  14:47:39,057783;9,479178E-1;1,053908E-1;1,442698E-1;9,423152E-1;;
30/11/2021  14:47:39,057883;9,482963E-1;1,187712E-1;1,193112E-1;9,427118E-1;;
30/11/2021  14:47:39,057983;9,481443E-1;1,678325E-1;1,922915E-1;9,431046E-1;;
30/11/2021  14:47:39,058083;9,480162E-1;7,640006E-2;7,128955E-2;9,434924E-1;;
30/11/2021  14:47:39,058183;9,470208E-1;-5,166910E-2;3,274585E-2;9,438739E-1;;
30/11/2021  14:47:39,058283;9,466274E-1;1,770713E-1;1,932393E-1;9,442479E-1;;
30/11/2021  14:47:39,058383;9,464486E-1;1,092138E-1;1,234183E-1;9,446132E-1;;
30/11/2021  14:47:39,058483;9,456796E-1;1,362931E-1;1,322644E-1;9,449687E-1;;
30/11/2021  14:47:39,058583;9,463353E-1;1,267357E-1;1,262617E-1;9,453131E-1;;
30/11/2021  14:47:39,058683;9,452237E-1;1,238685E-1;1,133085E-1;9,456454E-1;;
30/11/2021  14:47:39,058783;9,448869E-1;1,257800E-1;1,294210E-1;9,459646E-1;;
30/11/2021  14:47:39,058883;9,443296E-1;9,838208E-2;9,877564E-2;9,462698E-1;;
30/11/2021  14:47:39,058983;9,440524E-1;2,670158E-2;8,108345E-2;9,465599E-1;;
30/11/2021  14:47:39,059083;9,429318E-1;1,490363E-1;1,812339E-1;9,468340E-1;;
30/11/2021  14:47:39,059183;9,435904E-1;1,554079E-1;1,458495E-1;9,470914E-1;;
30/11/2021  14:47:39,059283;9,434116E-1;9,615202E-2;1,215227E-1;9,473312E-1;;
30/11/2021  14:47:39,059383;9,434057E-1;1,117624E-1;1,243661E-1;9,475528E-1;;
30/11/2021  14:47:39,059483;9,427560E-1;5,675298E-3;5,612482E-2;9,477558E-1;;
30/11/2021  14:47:39,059583;9,426666E-1;6,047106E-2;6,244346E-2;9,479399E-1;;
30/11/2021  14:47:39,059683;9,419990E-1;1,200455E-1;1,474292E-1;9,481046E-1;;
30/11/2021  14:47:39,059783;9,414089E-1;1,347002E-1;1,388990E-1;9,482497E-1;;
30/11/2021  14:47:39,059883;9,416831E-1;1,292843E-1;1,303688E-1;9,483750E-1;;
30/11/2021  14:47:39,059983;9,420586E-1;1,165411E-1;1,189953E-1;9,484803E-1;;
30/11/2021  14:47:39,060083;9,422821E-1;1,190898E-1;1,249980E-1;9,485657E-1;;
30/11/2021  14:47:39,060183;9,415936E-1;1,286472E-1;1,284732E-1;9,486313E-1;;
30/11/2021  14:47:39,060283;9,412032E-1;1,241871E-1;1,158360E-1;9,486775E-1;;
30/11/2021  14:47:39,060383;9,411377E-1;1,241871E-1;1,218387E-1;9,487046E-1;;
30/11/2021  14:47:39,060483;9,412330E-1;1,235499E-1;1,259458E-1;9,487128E-1;;
30/11/2021  14:47:39,060583;9,414178E-1;1,308772E-1;1,291051E-1;9,487026E-1;;
30/11/2021  14:47:39,060683;9,414774E-1;1,426647E-1;1,474292E-1;9,486744E-1;;
30/11/2021  14:47:39,060783;9,413493E-1;9,487770E-2;8,898175E-2;9,486291E-1;;
30/11/2021  14:47:39,060883;9,404134E-1;1,044351E-1;1,076217E-1;9,485671E-1;;
30/11/2021  14:47:39,060983;9,408098E-1;9,615202E-2;1,000394E-1;9,484891E-1;;
30/11/2021  14:47:39,061083;9,402972E-1;-2,299690E-2;6,876210E-2;9,483958E-1;;
30/11/2021  14:47:39,061183;9,402167E-1;1,178155E-1;1,193112E-1;9,482877E-1;;
30/11/2021  14:47:39,061283;9,407711E-1;7,385142E-2;1,546956E-1;9,481657E-1;;
30/11/2021  14:47:39,061383;9,408545E-1;1,302401E-1;1,237343E-1;9,480305E-1;;
30/11/2021  14:47:39,061483;9,406400E-1;1,538150E-1;1,866047E-1;9,478828E-1;;
30/11/2021  14:47:39,061583;9,403836E-1;1,184526E-1;1,126766E-1;9,477236E-1;;
30/11/2021  14:47:39,061683;9,404939E-1;1,245056E-1;1,215227E-1;9,475537E-1;;
30/11/2021  14:47:39,061783;9,399575E-1;8,978042E-2;2,769094E-2;9,473740E-1;;
30/11/2021  14:47:39,061883;9,403389E-1;1,219570E-1;1,199431E-1;9,471852E-1;;
30/11/2021  14:47:39,061983;9,405535E-1;5,186940E-2;6,465498E-2;9,469883E-1;;
30/11/2021  14:47:39,062083;9,406280E-1;1,088952E-1;1,066739E-1;9,467840E-1;;
30/11/2021  14:47:39,062183;9,402346E-1;1,018865E-1;8,424277E-2;9,465733E-1;;
30/11/2021  14:47:39,062283;9,403091E-1;8,914326E-2;8,613836E-2;9,463570E-1;;
30/11/2021  14:47:39,062383;9,398621E-1;8,818752E-2;9,877564E-2;9,461360E-1;;
30/11/2021  14:47:39,062483;9,393763E-1;1,002936E-1;1,338441E-1;9,459110E-1;;
30/11/2021  14:47:39,062583;9,396624E-1;4,719558E-3;-5,797853E-3;9,456826E-1;;
30/11/2021  14:47:39,062683;9,396475E-1;9,232906E-2;9,751191E-2;9,454515E-1;;
30/11/2021  14:47:39,062783;9,400051E-1;9,710776E-2;1,073058E-1;9,452184E-1;;
30/11/2021  14:47:39,062883;9,398353E-1;1,232313E-1;1,796542E-1;9,449840E-1;;
30/11/2021  14:47:39,062983;9,390783E-1;4,517922E-2;4,822652E-2;9,447488E-1;;
30/11/2021  14:47:39,063083;9,391677E-1;2,510868E-2;2,895467E-2;9,445136E-1;;
30/11/2021  14:47:39,063183;9,383570E-1;3,944478E-2;4,380347E-2;9,442786E-1;;
30/11/2021  14:47:39,063283;9,386849E-1;5,728526E-2;6,244346E-2;9,440445E-1;;
30/11/2021  14:47:39,063383;9,385686E-1;9,519628E-2;1,019350E-1;9,438114E-1;;
30/11/2021  14:47:39,063483;9,384405E-1;1,031608E-1;1,126766E-1;9,435798E-1;;
30/11/2021  14:47:39,063583;9,385150E-1;1,190898E-1;1,310007E-1;9,433499E-1;;
30/11/2021  14:47:39,063683;9,378474E-1;1,200455E-1;1,120448E-1;9,431222E-1;;
30/11/2021  14:47:39,063783;9,376954E-1;3,116170E-2;3,938042E-2;9,428968E-1;;
30/11/2021  14:47:39,063883;9,375613E-1;1,114439E-1;8,645429E-2;9,426740E-1;;
30/11/2021  14:47:39,063983;9,375226E-1;1,280100E-1;8,961361E-2;9,424539E-1;;
30/11/2021  14:47:39,064083;9,378295E-1;1,617795E-1;1,698603E-1;9,422366E-1;;
30/11/2021  14:47:39,064183;9,376358E-1;1,786642E-1;1,850251E-1;9,420224E-1;;
30/11/2021  14:47:39,064283;9,372335E-1;1,652839E-1;1,505885E-1;9,418114E-1;;
30/11/2021  14:47:39,064383;9,367238E-1;1,624167E-1;1,543797E-1;9,416038E-1;;
30/11/2021  14:47:39,064483;9,365987E-1;1,458505E-1;1,534319E-1;9,413996E-1;;
30/11/2021  14:47:39,064583;9,370278E-1;1,139925E-1;1,107811E-1;9,411988E-1;;
30/11/2021  14:47:39,064683;9,367447E-1;1,203641E-1;1,129926E-1;9,410014E-1;;
30/11/2021  14:47:39,064783;9,371411E-1;1,238685E-1;1,341600E-1;9,408076E-1;;
30/11/2021  14:47:39,064883;9,364347E-1;1,245056E-1;1,189953E-1;9,406173E-1;;
30/11/2021  14:47:39,064983;9,369235E-1;1,270543E-1;1,278414E-1;9,404308E-1;;
30/11/2021  14:47:39,065083;9,366613E-1;1,289658E-1;1,167838E-1;9,402480E-1;;
30/11/2021  14:47:39,065183;9,358357E-1;1,232313E-1;1,164678E-1;9,400690E-1;;
30/11/2021  14:47:39,065283;9,372752E-1;1,197269E-1;1,164678E-1;9,398938E-1;;
30/11/2021  14:47:39,065383;9,375911E-1;1,340630E-1;1,518522E-1;9,397225E-1;;
30/11/2021  14:47:39,065483;9,372066E-1;5,155082E-2;1,252620E-2;9,395554E-1;;
30/11/2021  14:47:39,065583;9,372424E-1;1,289658E-1;1,562753E-1;9,393925E-1;;
30/11/2021  14:47:39,065683;9,368967E-1;1,318330E-1;1,392149E-1;9,392342E-1;;
30/11/2021  14:47:39,065783;9,374331E-1;1,299215E-1;1,291051E-1;9,390804E-1;;
30/11/2021  14:47:39,065883;9,376418E-1;1,388417E-1;1,401627E-1;9,389315E-1;;
30/11/2021  14:47:39,065983;9,379547E-1;1,337445E-1;1,379512E-1;9,387875E-1;;
30/11/2021  14:47:39,066083;9,390365E-1;1,162226E-1;1,073058E-1;9,386488E-1;;
30/11/2021  14:47:39,066183;9,388339E-1;1,388417E-1;1,363715E-1;9,385156E-1;;
30/11/2021  14:47:39,066283;9,386581E-1;1,308772E-1;1,287892E-1;9,383884E-1;;
30/11/2021  14:47:39,066383;9,388488E-1;1,213198E-1;1,234183E-1;9,382675E-1;;
30/11/2021  14:47:39,066483;9,387683E-1;1,174969E-1;1,013031E-1;9,381531E-1;;
30/11/2021  14:47:39,066583;9,396177E-1;1,139925E-1;1,009872E-1;9,380455E-1;;
30/11/2021  14:47:39,066683;9,397816E-1;6,047106E-2;5,580889E-2;9,379449E-1;;
30/11/2021  14:47:39,066783;9,406161E-1;4,995792E-2;6,655058E-2;9,378516E-1;;
30/11/2021  14:47:39,066883;9,405565E-1;2,702016E-2;4,601499E-2;9,377660E-1;;
30/11/2021  14:47:39,066983;9,405744E-1;1,200455E-1;1,104651E-1;9,376885E-1;;
30/11/2021  14:47:39,067083;9,405714E-1;1,477620E-1;1,572231E-1;9,376193E-1;;
30/11/2021  14:47:39,067183;9,410483E-1;1,299215E-1;1,303688E-1;9,375587E-1;;
30/11/2021  14:47:39,067283;9,413761E-1;5,664810E-2;9,593225E-2;9,375068E-1;;
30/11/2021  14:47:39,067383;9,419066E-1;1,340630E-1;1,360556E-1;9,374639E-1;;
30/11/2021  14:47:39,067483;9,424758E-1;1,305587E-1;1,395309E-1;9,374302E-1;;
30/11/2021  14:47:39,067583;9,421569E-1;1,222756E-1;1,322644E-1;9,374059E-1;;
30/11/2021  14:47:39,067683;9,417307E-1;1,299215E-1;1,265777E-1;9,373913E-1;;
30/11/2021  14:47:39,067783;9,421331E-1;1,315144E-1;1,316326E-1;9,373863E-1;;
30/11/2021  14:47:39,067883;9,421063E-1;1,267357E-1;1,268936E-1;9,373910E-1;;
30/11/2021  14:47:39,067983;9,422493E-1;1,315144E-1;1,310007E-1;9,374052E-1;;
30/11/2021  14:47:39,068083;9,430898E-1;1,190898E-1;1,066739E-1;9,374290E-1;;
30/11/2021  14:47:39,068183;9,431225E-1;1,366117E-1;1,420583E-1;9,374621E-1;;
30/11/2021  14:47:39,068283;9,426278E-1;4,199342E-2;1,694925E-2;9,375045E-1;;
30/11/2021  14:47:39,068383;9,429884E-1;8,532030E-2;1,382671E-1;9,375561E-1;;
30/11/2021  14:47:39,068483;9,428096E-1;1,650702E-2;1,196272E-1;9,376167E-1;;
30/11/2021  14:47:39,068583;9,427768E-1;1,181340E-1;1,524841E-1;9,376859E-1;;
30/11/2021  14:47:39,068683;9,429884E-1;6,429402E-2;7,381701E-2;9,377635E-1;;
30/11/2021  14:47:39,068783;9,433699E-1;1,299215E-1;1,278414E-1;9,378490E-1;;
30/11/2021  14:47:39,068883;9,441388E-1;5,473662E-2;9,972343E-2;9,379423E-1;;
30/11/2021  14:47:39,068983;9,433312E-1;1,401161E-1;1,376353E-1;9,380429E-1;;
30/11/2021  14:47:39,069083;9,431941E-1;1,187712E-1;1,227865E-1;9,381507E-1;;
30/11/2021  14:47:39,069183;9,428841E-1;1,697440E-1;1,793383E-1;9,382651E-1;;
30/11/2021  14:47:39,069283;9,432865E-1;1,146297E-1;1,013031E-1;9,383858E-1;;
30/11/2021  14:47:39,069383;9,442044E-1;1,213198E-1;1,079377E-1;9,385121E-1;;
30/11/2021  14:47:39,069483;9,441865E-1;1,229127E-1;1,284732E-1;9,386438E-1;;
30/11/2021  14:47:39,069583;9,441686E-1;1,241871E-1;1,114129E-1;9,387805E-1;;
30/11/2021  14:47:39,069683;9,441448E-1;1,378860E-1;1,411105E-1;9,389218E-1;;
30/11/2021  14:47:39,069783;9,436143E-1;1,809992E-2;8,297904E-2;9,390674E-1;;
30/11/2021  14:47:39,069883;9,437871E-1;1,426647E-1;1,461654E-1;9,392169E-1;;
30/11/2021  14:47:39,069983;9,448094E-1;1,133553E-1;1,129926E-1;9,393698E-1;;
30/11/2021  14:47:39,070083;9,452564E-1;1,305587E-1;1,294210E-1;9,395257E-1;;
30/11/2021  14:47:39,070183;9,455664E-1;1,337445E-1;1,278414E-1;9,396844E-1;;
30/11/2021  14:47:39,070283;9,451164E-1;1,337445E-1;1,512204E-1;9,398457E-1;;
30/11/2021  14:47:39,070383;9,449018E-1;1,388417E-1;1,572231E-1;9,400094E-1;;
30/11/2021  14:47:39,070483;9,443802E-1;1,423461E-1;1,414265E-1;9,401752E-1;;
30/11/2021  14:47:39,070583;9,447706E-1;1,190898E-1;1,224705E-1;9,403427E-1;;
30/11/2021  14:47:39,070683;9,452326E-1;1,270543E-1;1,291051E-1;9,405114E-1;;
30/11/2021  14:47:39,070783;9,457929E-1;1,219570E-1;1,104651E-1;9,406811E-1;;
30/11/2021  14:47:39,070883;9,457929E-1;1,350188E-1;1,332122E-1;9,408515E-1;;
30/11/2021  14:47:39,070983;9,455306E-1;1,324701E-1;1,107811E-1;9,410225E-1;;
30/11/2021  14:47:39,071083;9,452803E-1;1,187712E-1;1,003553E-1;9,411937E-1;;
30/11/2021  14:47:39,071183;9,447408E-1;4,199342E-2;3,558924E-2;9,413648E-1;;
30/11/2021  14:47:39,071283;9,451760E-1;-1,120944E-2;4,411940E-2;9,415356E-1;;
30/11/2021  14:47:39,071383;9,457154E-1;1,037979E-1;1,328963E-1;9,417055E-1;;
30/11/2021  14:47:39,071483;9,457810E-1;2,765732E-2;8,834988E-2;9,418745E-1;;
30/11/2021  14:47:39,071583;9,460254E-1;1,296029E-1;1,303688E-1;9,420421E-1;;
30/11/2021  14:47:39,071683;9,455276E-1;1,292843E-1;1,249980E-1;9,422082E-1;;
30/11/2021  14:47:39,071783;9,449316E-1;1,907703E-1;1,824976E-1;9,423727E-1;;
30/11/2021  14:47:39,071883;9,449554E-1;1,490363E-1;1,449017E-1;9,425351E-1;;
30/11/2021  14:47:39,071983;9,445888E-1;1,480806E-1;1,467973E-1;9,426952E-1;;
30/11/2021  14:47:39,072083;9,442908E-1;1,296029E-1;1,310007E-1;9,428524E-1;;
30/11/2021  14:47:39,072183;9,444428E-1;1,324701E-1;1,281573E-1;9,430064E-1;;
30/11/2021  14:47:39,072283;9,438915E-1;1,318330E-1;1,294210E-1;9,431567E-1;;
30/11/2021  14:47:39,072383;9,434921E-1;1,114439E-1;1,139404E-1;9,433029E-1;;
30/11/2021  14:47:39,072483;9,426368E-1;1,139925E-1;1,145722E-1;9,434445E-1;;
30/11/2021  14:47:39,072583;9,425861E-1;1,533758E-3;4,627903E-3;9,435809E-1;;
30/11/2021  14:47:39,072683;9,420735E-1;1,852338E-3;3,680107E-3;9,437115E-1;;
30/11/2021  14:47:39,072783;9,424341E-1;1,852338E-3;3,996039E-3;9,438357E-1;;
30/11/2021  14:47:39,072883;9,417874E-1;3,445238E-3;4,311971E-3;9,439531E-1;;
30/11/2021  14:47:39,072983;9,407443E-1;1,215178E-3;3,364175E-3;9,440630E-1;;
30/11/2021  14:47:39,073083;9,403777E-1;1,215178E-3;3,680107E-3;9,441650E-1;;
30/11/2021  14:47:39,073183;9,392064E-1;2,170918E-3;3,996039E-3;9,442583E-1;;
30/11/2021  14:47:39,073283;9,393733E-1;5,356718E-3;7,471291E-3;9,443423E-1;;
30/11/2021  14:47:39,073383;9,388220E-1;7,586778E-3;9,998747E-3;9,444164E-1;;
30/11/2021  14:47:39,073483;9,382706E-1;1,533758E-3;3,996039E-3;9,444798E-1;;
30/11/2021  14:47:39,073583;9,384584E-1;3,763818E-3;5,891631E-3;9,445321E-1;;
30/11/2021  14:47:39,073683;9,374242E-1;2,489498E-3;4,311971E-3;9,445726E-1;;
30/11/2021  14:47:39,073783;9,369652E-1;2,489498E-3;4,943835E-3;9,446010E-1;;
30/11/2021  14:47:39,073883;9,357850E-1;8,965980E-4;3,996039E-3;9,446167E-1;;
30/11/2021  14:47:39,073983;9,356986E-1;6,631038E-3;8,735019E-3;9,446192E-1;;
30/11/2021  14:47:39,074083;9,357314E-1;4,400978E-3;6,839427E-3;9,446080E-1;;
30/11/2021  14:47:39,074183;9,353529E-1;7,905358E-3;8,735019E-3;9,445827E-1;;
30/11/2021  14:47:39,074283;9,343962E-1;1,533758E-3;3,996039E-3;9,445431E-1;;
30/11/2021  14:47:39,074383;9,338121E-1;3,126658E-3;4,311971E-3;9,444888E-1;;
30/11/2021  14:47:39,074483;9,329240E-1;8,542518E-3;9,998747E-3;9,444195E-1;;
30/11/2021  14:47:39,074583;9,326855E-1;6,949618E-3;8,419087E-3;9,443351E-1;;
30/11/2021  14:47:39,074683;9,322683E-1;1,533758E-3;3,364175E-3;9,442351E-1;;
30/11/2021  14:47:39,074783;9,324590E-1;1,852338E-3;3,996039E-3;9,441195E-1;;
30/11/2021  14:47:39,074883;9,313891E-1;1,533758E-3;3,996039E-3;9,439882E-1;;
30/11/2021  14:47:39,074983;9,317736E-1;1,852338E-3;4,311971E-3;9,438411E-1;;
30/11/2021  14:47:39,075083;9,312073E-1;8,965980E-4;3,364175E-3;9,436784E-1;;
30/11/2021  14:47:39,075183;9,300599E-1;1,215178E-3;3,680107E-3;9,435002E-1;;
30/11/2021  14:47:39,075283;9,298334E-1;8,965980E-4;3,680107E-3;9,433067E-1;;
30/11/2021  14:47:39,075383;9,300778E-1;5,780180E-4;3,048243E-3;9,430980E-1;;
30/11/2021  14:47:39,075483;9,302745E-1;8,965980E-4;2,732311E-3;9,428743E-1;;
30/11/2021  14:47:39,075583;9,303758E-1;1,215178E-3;3,680107E-3;9,426362E-1;;
30/11/2021  14:47:39,075683;9,299258E-1;8,965980E-4;3,364175E-3;9,423841E-1;;
30/11/2021  14:47:39,075783;9,297261E-1;1,215178E-3;3,364175E-3;9,421188E-1;;
30/11/2021  14:47:39,075883;9,288231E-1;8,965980E-4;3,364175E-3;9,418407E-1;;
30/11/2021  14:47:39,075983;9,287337E-1;2,808078E-3;6,523495E-3;9,415506E-1;;
30/11/2021  14:47:39,076083;9,288737E-1;1,533758E-3;4,627903E-3;9,412489E-1;;
30/11/2021  14:47:39,076183;9,295085E-1;5,038138E-3;8,419087E-3;9,409365E-1;;
30/11/2021  14:47:39,076283;9,293655E-1;9,179678E-3;1,442179E-2;9,406141E-1;;
30/11/2021  14:47:39,076383;9,293148E-1;1,746276E-2;1,884484E-2;9,402826E-1;;
30/11/2021  14:47:39,076483;9,292165E-1;1,586986E-2;1,726518E-2;9,399430E-1;;
30/11/2021  14:47:39,076583;9,286621E-1;1,491412E-2;1,789705E-2;9,395962E-1;;
30/11/2021  14:47:39,076683;9,288648E-1;1,459554E-2;1,726518E-2;9,392430E-1;;
30/11/2021  14:47:39,076783;9,294370E-1;7,799296E-2;8,108345E-2;9,388845E-1;;
30/11/2021  14:47:39,076883;9,291032E-1;1,586986E-2;2,010857E-2;9,385216E-1;;
30/11/2021  14:47:39,076983;9,293506E-1;1,283286E-1;1,272095E-1;9,381553E-1;;
30/11/2021  14:47:39,077083;9,293744E-1;1,152668E-1;1,152041E-1;9,377865E-1;;
30/11/2021  14:47:39,077183;9,290883E-1;9,105474E-2;8,519056E-2;9,374164E-1;;
30/11/2021  14:47:39,077283;9,289393E-1;1,618844E-2;2,674314E-2;9,370458E-1;;
30/11/2021  14:47:39,077383;9,287456E-1;8,532030E-2;8,771802E-2;9,366756E-1;;
30/11/2021  14:47:39,077483;9,297917E-1;1,841850E-2;4,506720E-2;9,363068E-1;;
30/11/2021  14:47:39,077583;9,293863E-1;1,283286E-1;1,300529E-1;9,359401E-1;;
30/11/2021  14:47:39,077683;9,290734E-1;8,882468E-2;1,013031E-1;9,355766E-1;;
30/11/2021  14:47:39,077783;9,292701E-1;1,353374E-1;1,531159E-1;9,352169E-1;;
30/11/2021  14:47:39,077883;9,291598E-1;1,216384E-1;1,120448E-1;9,348619E-1;;
30/11/2021  14:47:39,077983;9,288946E-1;1,238685E-1;1,246821E-1;9,345124E-1;;
30/11/2021  14:47:39,078083;9,299615E-1;1,388417E-1;1,430061E-1;9,341688E-1;;
30/11/2021  14:47:39,078183;9,299258E-1;1,165411E-1;9,688005E-2;9,338321E-1;;
30/11/2021  14:47:39,078283;9,305427E-1;1,289658E-1;1,313166E-1;9,335028E-1;;
30/11/2021  14:47:39,078383;9,302655E-1;1,206827E-1;1,199431E-1;9,331818E-1;;
30/11/2021  14:47:39,078483;9,302208E-1;1,260985E-1;1,237343E-1;9,328697E-1;;
30/11/2021  14:47:39,078583;9,301463E-1;1,257800E-1;1,196272E-1;9,325672E-1;;
30/11/2021  14:47:39,078683;9,309629E-1;3,721472E-2;5,422923E-2;9,322748E-1;;
30/11/2021  14:47:39,078783;9,312639E-1;1,117624E-1;1,183634E-1;9,319930E-1;;
30/11/2021  14:47:39,078883;9,313206E-1;-2,044826E-2;3,969635E-2;9,317225E-1;;
30/11/2021  14:47:39,078983;9,326706E-1;6,652408E-2;3,780076E-2;9,314639E-1;;
30/11/2021  14:47:39,079083;9,321938E-1;1,092138E-1;1,107811E-1;9,312176E-1;;
30/11/2021  14:47:39,079183;9,322295E-1;1,522221E-1;1,651214E-1;9,309843E-1;;
30/11/2021  14:47:39,079283;9,321640E-1;1,308772E-1;1,328963E-1;9,307645E-1;;
30/11/2021  14:47:39,079383;9,329269E-1;1,334259E-1;1,322644E-1;9,305585E-1;;
30/11/2021  14:47:39,079483;9,338836E-1;1,283286E-1;1,253139E-1;9,303667E-1;;
30/11/2021  14:47:39,079583;9,344499E-1;1,159040E-1;1,243661E-1;9,301896E-1;;
30/11/2021  14:47:39,079683;9,342860E-1;1,436204E-1;1,603824E-1;9,300275E-1;;
30/11/2021  14:47:39,079783;9,353142E-1;1,213198E-1;1,148882E-1;9,298809E-1;;
30/11/2021  14:47:39,079883;9,347092E-1;1,219570E-1;1,253139E-1;9,297503E-1;;
30/11/2021  14:47:39,079983;9,352456E-1;1,216384E-1;1,249980E-1;9,296357E-1;;
30/11/2021  14:47:39,080083;9,359430E-1;1,347002E-1;1,316326E-1;9,295376E-1;;
30/11/2021  14:47:39,080183;9,364228E-1;1,101695E-1;1,054102E-1;9,294561E-1;;
30/11/2021  14:47:39,080283;9,373497E-1;1,123996E-1;9,782784E-2;9,293913E-1;;
30/11/2021  14:47:39,080383;9,372275E-1;1,299215E-1;1,366875E-1;9,293436E-1;;
30/11/2021  14:47:39,080483;9,378623E-1;1,254614E-1;1,303688E-1;9,293130E-1;;
30/11/2021  14:47:39,080583;9,382229E-1;1,923632E-1;2,738020E-1;9,292998E-1;;
30/11/2021  14:47:39,080683;9,389263E-1;1,203641E-1;1,297370E-1;9,293039E-1;;
30/11/2021  14:47:39,080783;9,402048E-1;1,404346E-1;1,493248E-1;9,293256E-1;;
30/11/2021  14:47:39,080883;9,407413E-1;1,194084E-1;1,158360E-1;9,293650E-1;;
30/11/2021  14:47:39,080983;9,409588E-1;4,422348E-2;1,022509E-1;9,294222E-1;;
30/11/2021  14:47:39,081083;9,416682E-1;1,076209E-1;1,145722E-1;9,294974E-1;;
30/11/2021  14:47:39,081183;9,421301E-1;1,257800E-1;1,246821E-1;9,295907E-1;;
30/11/2021  14:47:39,081283;9,426189E-1;2,200796E-1;1,976624E-1;9,297021E-1;;
30/11/2021  14:47:39,081383;9,433759E-1;1,937424E-2;4,064415E-2;9,298317E-1;;
30/11/2021  14:47:39,081483;9,445114E-1;1,130368E-1;9,656411E-2;9,299794E-1;;
30/11/2021  14:47:39,081583;9,451134E-1;1,302401E-1;1,294210E-1;9,301452E-1;;
30/11/2021  14:47:39,081683;9,452117E-1;1,238685E-1;8,329497E-2;9,303293E-1;;
30/11/2021  14:47:39,081783;9,458614E-1;1,082581E-1;1,385831E-1;9,305315E-1;;
30/11/2021  14:47:39,081883;9,457482E-1;8,627604E-2;8,582243E-2;9,307518E-1;;
30/11/2021  14:47:39,081983;9,463740E-1;1,347002E-1;1,404787E-1;9,309899E-1;;
30/11/2021  14:47:39,082083;9,477003E-1;9,806350E-2;9,877564E-2;9,312455E-1;;
30/11/2021  14:47:39,082183;9,479864E-1;1,174969E-1;1,155200E-1;9,315184E-1;;
30/11/2021  14:47:39,082283;9,486093E-1;1,366117E-1;1,259458E-1;9,318082E-1;;
30/11/2021  14:47:39,082383;9,491368E-1;1,426647E-1;1,603824E-1;9,321149E-1;;
30/11/2021  14:47:39,082483;9,489967E-1;1,308772E-1;1,430061E-1;9,324379E-1;;
30/11/2021  14:47:39,082583;9,491517E-1;4,645354E-2;3,685297E-2;9,327769E-1;;
30/11/2021  14:47:39,082683;9,495779E-1;9,137332E-2;9,182514E-2;9,331313E-1;;
30/11/2021  14:47:39,082783;9,498699E-1;9,806350E-2;9,940750E-2;9,335006E-1;;
30/11/2021  14:47:39,082883;9,507014E-1;9,392196E-2;8,171531E-2;9,338840E-1;;
30/11/2021  14:47:39,082983;9,507998E-1;1,060280E-1;1,088855E-1;9,342809E-1;;
30/11/2021  14:47:39,083083;9,509458E-1;1,009307E-1;9,940750E-2;9,346906E-1;;
30/11/2021  14:47:39,083183;9,511574E-1;7,512574E-2;6,781430E-2;9,351125E-1;;
30/11/2021  14:47:39,083283;9,506120E-1;1,085766E-1;1,575390E-1;9,355456E-1;;
30/11/2021  14:47:39,083383;9,510859E-1;8,149734E-2;1,120448E-1;9,359891E-1;;
30/11/2021  14:47:39,083483;9,518161E-1;1,204690E-2;2,168823E-2;9,364420E-1;;
30/11/2021  14:47:39,083583;9,513780E-1;9,615202E-2;1,025668E-1;9,369034E-1;;
30/11/2021  14:47:39,083683;9,519204E-1;8,659462E-2;9,814378E-2;9,373723E-1;;
30/11/2021  14:47:39,083783;9,514793E-1;8,659462E-2;1,016190E-1;9,378477E-1;;
30/11/2021  14:47:39,083883;9,513005E-1;9,179678E-3;1,758111E-2;9,383286E-1;;
30/11/2021  14:47:39,083983;9,511723E-1;1,076209E-1;1,272095E-1;9,388140E-1;;
30/11/2021  14:47:39,084083;9,514018E-1;8,755036E-2;1,025668E-1;9,393025E-1;;
30/11/2021  14:47:39,084183;9,514525E-1;1,012493E-1;1,079377E-1;9,397932E-1;;
30/11/2021  14:47:39,084283;9,521648E-1;1,034794E-1;1,158360E-1;9,402848E-1;;
30/11/2021  14:47:39,084383;9,517326E-1;1,143111E-1;1,189953E-1;9,407764E-1;;
30/11/2021  14:47:39,084483;9,522035E-1;1,123996E-1;1,013031E-1;9,412669E-1;;
30/11/2021  14:47:39,084583;9,517505E-1;1,334259E-1;1,227865E-1;9,417555E-1;;
30/11/2021  14:47:39,084683;9,517028E-1;1,385232E-1;1,265777E-1;9,422411E-1;;
30/11/2021  14:47:39,084783;9,519889E-1;1,509478E-1;1,316326E-1;9,427227E-1;;
30/11/2021  14:47:39,084883;9,520038E-1;7,257710E-2;7,508074E-2;9,431995E-1;;
30/11/2021  14:47:39,084983;9,525999E-1;4,932076E-2;8,519056E-2;9,436706E-1;;
30/11/2021  14:47:39,085083;9,526804E-1;1,366117E-1;1,218387E-1;9,441353E-1;;
30/11/2021  14:47:39,085183;9,523704E-1;2,287862E-2;8,424277E-2;9,445928E-1;;
30/11/2021  14:47:39,085283;9,523376E-1;-6,430742E-3;4,949025E-2;9,450425E-1;;
30/11/2021  14:47:39,085383;9,528741E-1;1,388417E-1;1,373193E-1;9,454838E-1;;
30/11/2021  14:47:39,085483;9,531185E-1;1,413904E-1;1,291051E-1;9,459162E-1;;
30/11/2021  14:47:39,085583;9,524628E-1;1,194084E-1;1,212068E-1;9,463391E-1;;
30/11/2021  14:47:39,085683;9,522303E-1;1,254614E-1;1,351078E-1;9,467520E-1;;
30/11/2021  14:47:39,085783;9,524419E-1;1,254614E-1;1,256299E-1;9,471545E-1;;
30/11/2021  14:47:39,085883;9,523108E-1;1,270543E-1;1,259458E-1;9,475461E-1;;
30/11/2021  14:47:39,085983;9,517684E-1;5,887816E-2;6,560278E-2;9,479262E-1;;
30/11/2021  14:47:39,086083;9,513601E-1;1,181340E-1;1,199431E-1;9,482945E-1;;
30/11/2021  14:47:39,086183;9,516104E-1;1,139925E-1;9,498445E-2;9,486503E-1;;
30/11/2021  14:47:39,086283;9,512647E-1;1,085766E-1;1,079377E-1;9,489933E-1;;
30/11/2021  14:47:39,086383;9,509548E-1;7,894870E-2;7,286922E-2;9,493231E-1;;
30/11/2021  14:47:39,086483;9,501352E-1;1,340630E-1;1,189953E-1;9,496391E-1;;
30/11/2021  14:47:39,086583;9,497984E-1;1,260985E-1;1,401627E-1;9,499408E-1;;
30/11/2021  14:47:39,086683;9,493991E-1;1,480806E-1;1,945030E-1;9,502279E-1;;
30/11/2021  14:47:39,086783;9,488745E-1;9,455912E-2;1,231024E-1;9,504998E-1;;
30/11/2021  14:47:39,086883;9,487285E-1;1,337445E-1;1,325804E-1;9,507559E-1;;
30/11/2021  14:47:39,086983;9,493842E-1;1,235499E-1;1,139404E-1;9,509959E-1;;
30/11/2021  14:47:39,087083;9,483142E-1;1,254614E-1;1,897641E-1;9,512194E-1;;
30/11/2021  14:47:39,087183;9,475125E-1;1,292843E-1;1,227865E-1;9,514261E-1;;
30/11/2021  14:47:39,087283;9,467227E-1;1,219570E-1;1,253139E-1;9,516158E-1;;
30/11/2021  14:47:39,087383;9,459210E-1;1,203641E-1;1,107811E-1;9,517879E-1;;
30/11/2021  14:47:39,087483;9,461028E-1;1,283286E-1;1,268936E-1;9,519421E-1;;
30/11/2021  14:47:39,087583;9,459181E-1;1,257800E-1;1,208909E-1;9,520779E-1;;
30/11/2021  14:47:39,087683;9,455425E-1;1,337445E-1;1,316326E-1;9,521952E-1;;
30/11/2021  14:47:39,087783;9,441627E-1;1,280100E-1;1,259458E-1;9,522937E-1;;
30/11/2021  14:47:39,087883;9,436292E-1;1,216384E-1;1,069899E-1;9,523732E-1;;
30/11/2021  14:47:39,087983;9,425593E-1;1,174969E-1;1,237343E-1;9,524333E-1;;
30/11/2021  14:47:39,088083;9,415400E-1;4,231200E-2;9,656411E-2;9,524738E-1;;
30/11/2021  14:47:39,088183;9,414566E-1;1,181340E-1;1,591187E-1;9,524942E-1;;
30/11/2021  14:47:39,088283;9,408754E-1;1,455319E-1;2,052447E-1;9,524942E-1;;
30/11/2021  14:47:39,088383;9,398949E-1;1,334259E-1;1,126766E-1;9,524736E-1;;
30/11/2021  14:47:39,088483;9,385716E-1;1,372488E-1;1,322644E-1;9,524321E-1;;
30/11/2021  14:47:39,088583;9,379338E-1;1,251428E-1;1,265777E-1;9,523694E-1;;
30/11/2021  14:47:39,088683;9,371441E-1;1,385232E-1;1,477451E-1;9,522852E-1;;
30/11/2021  14:47:39,088783;9,363334E-1;1,130368E-1;1,278414E-1;9,521792E-1;;
30/11/2021  14:47:39,088883;9,365599E-1;1,225942E-1;1,136244E-1;9,520512E-1;;
30/11/2021  14:47:39,088983;9,354781E-1;1,340630E-1;1,477451E-1;9,519011E-1;;
30/11/2021  14:47:39,089083;9,350578E-1;1,280100E-1;1,205749E-1;9,517288E-1;;
30/11/2021  14:47:39,089183;9,345661E-1;1,299215E-1;1,272095E-1;9,515345E-1;;
30/11/2021  14:47:39,089283;9,334336E-1;1,152668E-1;9,403666E-2;9,513181E-1;;
30/11/2021  14:47:39,089383;9,326855E-1;1,181340E-1;1,038306E-1;9,510799E-1;;
30/11/2021  14:47:39,089483;9,327004E-1;1,283286E-1;1,155200E-1;9,508200E-1;;
30/11/2021  14:47:39,089583;9,329031E-1;1,477620E-1;1,692285E-1;9,505387E-1;;
30/11/2021  14:47:39,089683;9,327213E-1;1,009307E-1;1,461654E-1;9,502364E-1;;
30/11/2021  14:47:39,089783;9,319107E-1;1,407532E-1;1,711241E-1;9,499137E-1;;
30/11/2021  14:47:39,089883;9,316543E-1;1,404346E-1;1,471132E-1;9,495712E-1;;
30/11/2021  14:47:39,089983;9,310732E-1;1,391603E-1;1,363715E-1;9,492097E-1;;
30/11/2021  14:47:39,090083;9,312758E-1;1,216384E-1;1,319485E-1;9,488299E-1;;
30/11/2021  14:47:39,090183;9,305963E-1;1,241871E-1;1,291051E-1;9,484326E-1;;
30/11/2021  14:47:39,090283;9,308407E-1;1,159040E-1;1,000394E-1;9,480188E-1;;
30/11/2021  14:47:39,090383;9,310702E-1;1,245056E-1;1,243661E-1;9,475892E-1;;
30/11/2021  14:47:39,090483;9,302864E-1;1,267357E-1;1,246821E-1;9,471452E-1;;
30/11/2021  14:47:39,090583;9,300629E-1;1,337445E-1;1,291051E-1;9,466877E-1;;
30/11/2021  14:47:39,090683;9,293089E-1;1,012493E-1;8,803395E-2;9,462178E-1;;
30/11/2021  14:47:39,090783;9,458734E-1;1,225942E-1;1,104651E-1;9,457371E-1;;
30/11/2021  14:47:39,090883;9,467734E-1;6,047106E-2;6,149566E-2;9,452485E-1;;
30/11/2021  14:47:39,090983;9,471608E-1;1,286472E-1;1,215227E-1;9,447563E-1;;
30/11/2021  14:47:39,091083;9,479506E-1;1,394789E-1;1,502726E-1;9,442650E-1;;
30/11/2021  14:47:39,091183;9,476526E-1;1,216384E-1;1,234183E-1;9,437788E-1;;
30/11/2021  14:47:39,091283;9,475513E-1;1,257800E-1;1,249980E-1;9,433017E-1;;
30/11/2021  14:47:39,091383;9,481324E-1;1,299215E-1;1,249980E-1;9,428370E-1;;
30/11/2021  14:47:39,091483;9,482040E-1;1,273729E-1;1,313166E-1;9,423878E-1;;
30/11/2021  14:47:39,091583;9,488537E-1;7,703722E-2;6,591871E-2;9,419570E-1;;
30/11/2021  14:47:39,091683;9,488596E-1;1,375674E-1;1,407946E-1;9,415470E-1;;
30/11/2021  14:47:39,091783;9,491994E-1;1,286472E-1;9,466852E-2;9,411601E-1;;
30/11/2021  14:47:39,091883;9,493096E-1;1,404346E-1;1,467973E-1;9,407982E-1;;
30/11/2021  14:47:39,091983;9,486212E-1;5,569236E-2;7,255328E-2;9,404630E-1;;
30/11/2021  14:47:39,092083;9,483858E-1;1,280100E-1;1,306848E-1;9,401557E-1;;
30/11/2021  14:47:39,092183;9,491010E-1;8,818752E-2;9,624818E-2;9,398772E-1;;
30/11/2021  14:47:39,092283;9,500041E-1;1,251428E-1;1,237343E-1;9,396283E-1;;
30/11/2021  14:47:39,092383;9,488924E-1;9,487770E-2;1,202590E-1;9,394096E-1;;
30/11/2021  14:47:39,092483;9,496047E-1;1,480806E-1;1,787064E-1;9,392214E-1;;
30/11/2021  14:47:39,092583;9,489013E-1;1,340630E-1;1,407946E-1;9,390639E-1;;
30/11/2021  14:47:39,092683;9,479774E-1;1,286472E-1;1,196272E-1;9,389369E-1;;
30/11/2021  14:47:39,092783;9,480579E-1;1,315144E-1;1,259458E-1;9,388399E-1;;
30/11/2021  14:47:39,092883;9,482963E-1;1,394789E-1;1,310007E-1;9,387724E-1;;
30/11/2021  14:47:39,092983;9,486421E-1;9,583344E-2;9,909157E-2;9,387334E-1;;
30/11/2021  14:47:39,093083;9,479625E-1;1,362931E-1;1,306848E-1;9,387223E-1;;
30/11/2021  14:47:39,093183;9,470804E-1;1,130368E-1;1,107811E-1;9,387379E-1;;
30/11/2021  14:47:39,093283;9,470089E-1;7,225852E-2;8,771802E-2;9,387791E-1;;
30/11/2021  14:47:39,093383;9,460611E-1;1,550893E-1;1,973464E-1;9,388444E-1;;
30/11/2021  14:47:39,093483;9,460432E-1;1,146297E-1;1,385831E-1;9,389324E-1;;
30/11/2021  14:47:39,093583;9,458346E-1;3,817046E-2;8,740209E-2;9,390414E-1;;
30/11/2021  14:47:39,093683;9,457541E-1;1,267357E-1;1,373193E-1;9,391697E-1;;
30/11/2021  14:47:39,093783;9,455247E-1;7,703722E-2;9,561632E-2;9,393156E-1;;
30/11/2021  14:47:39,093883;9,453071E-1;1,098510E-1;1,253139E-1;9,394775E-1;;
30/11/2021  14:47:39,093983;9,440613E-1;1,423461E-1;1,562753E-1;9,396537E-1;;
30/11/2021  14:47:39,094083;9,433639E-1;1,235499E-1;1,388990E-1;9,398423E-1;;
30/11/2021  14:47:39,094183;9,433520E-1;1,101695E-1;1,193112E-1;9,400415E-1;;
30/11/2021  14:47:39,094283;9,432865E-1;9,583344E-2;9,940750E-2;9,402493E-1;;
30/11/2021  14:47:39,094383;9,434325E-1;1,018865E-1;1,170997E-1;9,404639E-1;;
30/11/2021  14:47:39,094483;9,431941E-1;1,041165E-1;1,088855E-1;9,406836E-1;;
30/11/2021  14:47:39,094583;9,425920E-1;6,047106E-2;3,590517E-2;9,409068E-1;;
30/11/2021  14:47:39,094683;9,419066E-1;8,627604E-2;8,740209E-2;9,411320E-1;;
30/11/2021  14:47:39,094783;9,412599E-1;6,365686E-2;8,708615E-2;9,413574E-1;;
30/11/2021  14:47:39,094883;9,410006E-1;1,159040E-1;1,193112E-1;9,415814E-1;;
30/11/2021  14:47:39,094983;9,418201E-1;1,229127E-1;1,632258E-1;9,418027E-1;;
30/11/2021  14:47:39,095083;9,419513E-1;1,162226E-1;1,407946E-1;9,420197E-1;;
30/11/2021  14:47:39,095183;9,412092E-1;1,181340E-1;1,205749E-1;9,422313E-1;;
30/11/2021  14:47:39,095283;9,411287E-1;1,547707E-1;1,667010E-1;9,424364E-1;;
30/11/2021  14:47:39,095383;9,406310E-1;1,522221E-1;1,360556E-1;9,426341E-1;;
30/11/2021  14:47:39,095483;9,395581E-1;1,713369E-1;1,556434E-1;9,428233E-1;;
30/11/2021  14:47:39,095583;9,407353E-1;1,796200E-1;1,619620E-1;9,430031E-1;;
30/11/2021  14:47:39,095683;9,402316E-1;1,684697E-1;1,493248E-1;9,431725E-1;;
30/11/2021  14:47:39,095783;9,400916E-1;1,624167E-1;1,663851E-1;9,433310E-1;;
30/11/2021  14:47:39,095883;9,400290E-1;1,356559E-1;1,328963E-1;9,434779E-1;;
30/11/2021  14:47:39,095983;9,391766E-1;1,305587E-1;1,246821E-1;9,436128E-1;;
30/11/2021  14:47:39,096083;9,386074E-1;1,311958E-1;1,449017E-1;9,437350E-1;;
30/11/2021  14:47:39,096183;9,388220E-1;1,149482E-1;1,076217E-1;9,438441E-1;;
30/11/2021  14:47:39,096283;9,392154E-1;4,719558E-3;4,317161E-2;9,439398E-1;;
30/11/2021  14:47:39,096383;9,389293E-1;2,606442E-2;8,803395E-2;9,440216E-1;;
30/11/2021  14:47:39,096483;9,383749E-1;8,946184E-2;5,770448E-2;9,440895E-1;;
30/11/2021  14:47:39,096583;9,385597E-1;1,009307E-1;8,329497E-2;9,441434E-1;;
30/11/2021  14:47:39,096683;9,375553E-1;1,292843E-1;1,452176E-1;9,441831E-1;;
30/11/2021  14:47:39,096783;9,372364E-1;1,296029E-1;1,338441E-1;9,442087E-1;;
30/11/2021  14:47:39,096883;9,372156E-1;3,817046E-2;8,519056E-2;9,442200E-1;;
30/11/2021  14:47:39,096983;9,372484E-1;1,270543E-1;1,272095E-1;9,442171E-1;;
30/11/2021  14:47:39,097083;9,371739E-1;9,551486E-2;1,110970E-1;9,442000E-1;;
30/11/2021  14:47:39,097183;9,362738E-1;1,563636E-1;1,480610E-1;9,441688E-1;;
30/11/2021  14:47:39,097283;9,360771E-1;1,289658E-1;1,275255E-1;9,441237E-1;;
30/11/2021  14:47:39,097383;9,350817E-1;1,420275E-1;1,430061E-1;9,440648E-1;;
30/11/2021  14:47:39,097483;9,349237E-1;1,391603E-1;1,347919E-1;9,439923E-1;;
30/11/2021  14:47:39,097583;9,351920E-1;1,324701E-1;1,335282E-1;9,439061E-1;;
30/11/2021  14:47:39,097683;9,347241E-1;9,232906E-2;1,047783E-1;9,438064E-1;;
30/11/2021  14:47:39,097783;9,347688E-1;1,388417E-1;1,360556E-1;9,436936E-1;;
30/11/2021  14:47:39,097883;9,337853E-1;1,375674E-1;1,401627E-1;9,435678E-1;;
30/11/2021  14:47:39,097983;9,329925E-1;9,583344E-2;8,582243E-2;9,434294E-1;;
30/11/2021  14:47:39,098083;9,330283E-1;1,455319E-1;1,632258E-1;9,432785E-1;;
30/11/2021  14:47:39,098183;9,329955E-1;1,452133E-1;1,449017E-1;9,431153E-1;;
30/11/2021  14:47:39,098283;9,329448E-1;6,684266E-2;7,918786E-2;9,429402E-1;;
30/11/2021  14:47:39,098383;9,329895E-1;1,420275E-1;1,325804E-1;9,427534E-1;;
30/11/2021  14:47:39,098483;9,331028E-1;1,483991E-1;1,733356E-1;9,425555E-1;;
30/11/2021  14:47:39,098583;9,324769E-1;1,289658E-1;1,284732E-1;9,423469E-1;;
30/11/2021  14:47:39,098683;9,321789E-1;1,210013E-1;1,202590E-1;9,421283E-1;;
30/11/2021  14:47:39,098783;9,317169E-1;1,533758E-3;3,364175E-3;9,419000E-1;;
30/11/2021  14:47:39,098883;9,320477E-1;6,631038E-3;8,103155E-3;9,416627E-1;;
30/11/2021  14:47:39,098983;9,325008E-1;1,852338E-3;3,996039E-3;9,414168E-1;;
30/11/2021  14:47:39,099083;9,323547E-1;5,356718E-3;7,471291E-3;9,411631E-1;;
30/11/2021  14:47:39,099183;9,322415E-1;3,126658E-3;4,943835E-3;9,409022E-1;;
30/11/2021  14:47:39,099283;9,321074E-1;7,905358E-3;9,682815E-3;9,406350E-1;;
30/11/2021  14:47:39,099383;9,315083E-1;6,312458E-3;7,155359E-3;9,403620E-1;;
30/11/2021  14:47:39,099483;9,316275E-1;3,126658E-3;4,943835E-3;9,400840E-1;;
30/11/2021  14:47:39,099583;9,317706E-1;1,533758E-3;3,364175E-3;9,398017E-1;;
30/11/2021  14:47:39,099683;9,321312E-1;4,719558E-3;7,155359E-3;9,395158E-1;;
30/11/2021  14:47:39,099783;9,333591E-1;4,719558E-3;6,839427E-3;9,392269E-1;;
30/11/2021  14:47:39,099883;9,323726E-1;1,045400E-2;1,252620E-2;9,389361E-1;;
30/11/2021  14:47:39,099983;9,327630E-1;4,400978E-3;6,207563E-3;9,386443E-1;;
30/11/2021  14:47:39,100083;9,325872E-1;4,400978E-3;6,523495E-3;9,383522E-1;;
30/11/2021  14:47:39,100183;9,326647E-1;1,533758E-3;3,680107E-3;9,380608E-1;;
30/11/2021  14:47:39,100283;9,335290E-1;1,215178E-3;3,364175E-3;9,377708E-1;;
30/11/2021  14:47:39,100383;9,338598E-1;1,215178E-3;2,732311E-3;9,374832E-1;;
30/11/2021  14:47:39,100483;9,335170E-1;5,780180E-4;3,680107E-3;9,371987E-1;;
30/11/2021  14:47:39,100583;9,338747E-1;1,215178E-3;3,364175E-3;9,369184E-1;;
30/11/2021  14:47:39,100683;9,341429E-1;1,215178E-3;3,364175E-3;9,366430E-1;;
30/11/2021  14:47:39,100783;9,345750E-1;1,215178E-3;3,364175E-3;9,363733E-1;;
30/11/2021  14:47:39,100883;9,346674E-1;6,312458E-3;8,103155E-3;9,361103E-1;;
30/11/2021  14:47:39,100983;9,354960E-1;1,533758E-3;4,311971E-3;9,358545E-1;;
30/11/2021  14:47:39,101083;9,359162E-1;8,965980E-4;3,680107E-3;9,356070E-1;;
30/11/2021  14:47:39,101183;9,356450E-1;1,215178E-3;2,732311E-3;9,353685E-1;;
30/11/2021  14:47:39,101283;9,362917E-1;8,965980E-4;3,364175E-3;9,351398E-1;;
30/11/2021  14:47:39,101383;9,369444E-1;1,533758E-3;3,048243E-3;9,349217E-1;;
30/11/2021  14:47:39,101483;9,372066E-1;5,780180E-4;3,364175E-3;9,347148E-1;;
30/11/2021  14:47:39,101583;9,380203E-1;1,533758E-3;3,364175E-3;9,345200E-1;;
30/11/2021  14:47:39,101683;9,387475E-1;5,780180E-4;3,048243E-3;9,343379E-1;;
30/11/2021  14:47:39,101783;9,388398E-1;8,965980E-4;3,996039E-3;9,341692E-1;;
30/11/2021  14:47:39,101883;9,389680E-1;5,780180E-4;3,680107E-3;9,340148E-1;;
30/11/2021  14:47:39,101983;9,392571E-1;1,215178E-3;3,680107E-3;9,338752E-1;;
30/11/2021  14:47:39,102083;9,392273E-1;1,215178E-3;4,311971E-3;9,337508E-1;;
30/11/2021  14:47:39,102183;9,396863E-1;1,215178E-3;3,996039E-3;9,336421E-1;;
30/11/2021  14:47:39,102283;9,403956E-1;4,400978E-3;7,471291E-3;9,335494E-1;;
30/11/2021  14:47:39,102383;9,410393E-1;6,949618E-3;1,094654E-2;9,334730E-1;;
30/11/2021  14:47:39,102483;9,410095E-1;1,140974E-2;1,789705E-2;9,334132E-1;;
30/11/2021  14:47:39,102583;9,412658E-1;1,395838E-2;1,852891E-2;9,333702E-1;;
30/11/2021  14:47:39,102683;9,419155E-1;1,523270E-2;1,916077E-2;9,333442E-1;;
30/11/2021  14:47:39,102783;9,423000E-1;1,204690E-2;2,326789E-2;9,333353E-1;;
30/11/2021  14:47:39,102883;9,430451E-1;1,682560E-2;1,821298E-2;9,333437E-1;;
30/11/2021  14:47:39,102983;9,429378E-1;1,650702E-2;1,884484E-2;9,333693E-1;;
30/11/2021  14:47:39,103083;9,438348E-1;2,702016E-2;2,800687E-2;9,334121E-1;;
30/11/2021  14:47:39,103183;9,439868E-1;4,071910E-2;4,664686E-2;9,334723E-1;;
30/11/2021  14:47:39,103283;9,448452E-1;4,932076E-2;5,264957E-2;9,335496E-1;;
30/11/2021  14:47:39,103383;9,445263E-1;1,037979E-1;1,000394E-1;9,336441E-1;;
30/11/2021  14:47:39,103483;9,447885E-1;1,050723E-1;1,016190E-1;9,337556E-1;;
30/11/2021  14:47:39,103583;9,452058E-1;2,128572E-2;4,032822E-2;9,338838E-1;;
30/11/2021  14:47:39,103683;9,456439E-1;1,267357E-1;1,208909E-1;9,340284E-1;;
30/11/2021  14:47:39,103783;9,455098E-1;9,901924E-2;1,041465E-1;9,341891E-1;;
30/11/2021  14:47:39,103883;9,460492E-1;8,882468E-2;8,740209E-2;9,343654E-1;;
30/11/2021  14:47:39,103983;9,463472E-1;1,028422E-1;1,126766E-1;9,345569E-1;;
30/11/2021  14:47:39,104083;9,460820E-1;1,238685E-1;1,357397E-1;9,347631E-1;;
30/11/2021  14:47:39,104183;9,464813E-1;1,257800E-1;1,319485E-1;9,349835E-1;;
30/11/2021  14:47:39,104283;9,474946E-1;1,321516E-1;1,496407E-1;9,352173E-1;;
30/11/2021  14:47:39,104383;9,481563E-1;8,965980E-4;4,727872E-2;9,354641E-1;;
30/11/2021  14:47:39,104483;9,480549E-1;8,213450E-2;1,363715E-1;9,357233E-1;;
30/11/2021  14:47:39,104583;9,480281E-1;1,624167E-1;2,074562E-1;9,359946E-1;;
30/11/2021  14:47:39,104683;9,479208E-1;9,615202E-2;1,054102E-1;9,362772E-1;;
30/11/2021  14:47:39,104783;9,477957E-1;9,232906E-2;1,000394E-1;9,365705E-1;;
30/11/2021  14:47:39,104883;9,489401E-1;9,997498E-2;1,095173E-1;9,368738E-1;;
30/11/2021  14:47:39,104983;9,488984E-1;9,487770E-2;1,120448E-1;9,371864E-1;;
30/11/2021  14:47:39,105083;9,490742E-1;8,309024E-2;1,196272E-1;9,375076E-1;;
30/11/2021  14:47:39,105183;9,492649E-1;1,101695E-1;1,243661E-1;9,378366E-1;;
30/11/2021  14:47:39,105283;9,493812E-1;1,955490E-1;2,033491E-1;9,381729E-1;;
30/11/2021  14:47:39,105383;9,496136E-1;2,267698E-1;2,696949E-1;9,385157E-1;;
30/11/2021  14:47:39,105483;9,489937E-1;2,548049E-1;1,771268E-1;9,388643E-1;;
30/11/2021  14:47:39,105583;9,493812E-1;1,773899E-1;1,600664E-1;9,392178E-1;;
30/11/2021  14:47:39,105683;9,503259E-1;1,710183E-1;1,546956E-1;9,395756E-1;;
30/11/2021  14:47:39,105783;9,507372E-1;1,633724E-1;1,562753E-1;9,399368E-1;;
30/11/2021  14:47:39,105883;9,507998E-1;1,713369E-1;1,711241E-1;9,403009E-1;;
30/11/2021  14:47:39,105983;9,500845E-1;1,509478E-1;1,528000E-1;9,406673E-1;;
30/11/2021  14:47:39,106083;9,502425E-1;1,901331E-1;1,834454E-1;9,410352E-1;;
30/11/2021  14:47:39,106183;9,498908E-1;1,302401E-1;1,379512E-1;9,414041E-1;;
30/11/2021  14:47:39,106283;9,504809E-1;1,378860E-1;1,430061E-1;9,417731E-1;;
30/11/2021  14:47:39,106383;9,502633E-1;1,286472E-1;1,284732E-1;9,421415E-1;;
30/11/2021  14:47:39,106483;9,499474E-1;1,264171E-1;1,300529E-1;9,425085E-1;;
30/11/2021  14:47:39,106583;9,498044E-1;1,222756E-1;1,202590E-1;9,428734E-1;;
30/11/2021  14:47:39,106683;9,488298E-1;1,232313E-1;1,275255E-1;9,432354E-1;;
30/11/2021  14:47:39,106783;9,490027E-1;1,053908E-1;1,240502E-1;9,435936E-1;;
30/11/2021  14:47:39,106883;9,486450E-1;1,436204E-1;1,401627E-1;9,439471E-1;;
30/11/2021  14:47:39,106983;9,488984E-1;8,022302E-2;9,782784E-2;9,442951E-1;;
30/11/2021  14:47:39,107083;9,487374E-1;1,073023E-1;1,063580E-1;9,446366E-1;;
30/11/2021  14:47:39,107183;9,485675E-1;6,524976E-2;8,992954E-2;9,449710E-1;;
30/11/2021  14:47:39,107283;9,478642E-1;1,127182E-1;1,170997E-1;9,452975E-1;;
30/11/2021  14:47:39,107383;9,468330E-1;-2,607782E-3;8,992954E-2;9,456152E-1;;
30/11/2021  14:47:39,107483;9,463204E-1;1,206827E-1;1,161519E-1;9,459233E-1;;
30/11/2021  14:47:39,107583;9,462429E-1;1,190898E-1;1,199431E-1;9,462208E-1;;
30/11/2021  14:47:39,107683;9,464724E-1;1,152668E-1;1,142563E-1;9,465070E-1;;
30/11/2021  14:47:39,107783;9,462697E-1;1,120810E-1;1,136244E-1;9,467809E-1;;
30/11/2021  14:47:39,107883;9,458793E-1;1,356559E-1;1,407946E-1;9,470419E-1;;
30/11/2021  14:47:39,107983;9,453905E-1;1,133553E-1;9,277293E-2;9,472894E-1;;
30/11/2021  14:47:39,108083;9,446008E-1;8,468314E-2;6,117973E-2;9,475229E-1;;
30/11/2021  14:47:39,108183;9,440822E-1;1,171783E-1;1,243661E-1;9,477415E-1;;
30/11/2021  14:47:39,108283;9,441954E-1;5,887816E-2;8,171531E-2;9,479449E-1;;
30/11/2021  14:47:39,108383;9,443504E-1;1,159040E-1;9,656411E-2;9,481323E-1;;
30/11/2021  14:47:39,108483;9,446037E-1;1,152668E-1;1,136244E-1;9,483034E-1;;
30/11/2021  14:47:39,108583;9,441805E-1;1,809992E-2;5,264957E-2;9,484580E-1;;
30/11/2021  14:47:39,108683;9,435219E-1;5,675298E-3;5,575699E-3;9,485959E-1;;
30/11/2021  14:47:39,108783;9,435964E-1;1,041165E-1;1,013031E-1;9,487171E-1;;
30/11/2021  14:47:39,108883;9,431613E-1;1,200455E-1;1,189953E-1;9,488213E-1;;
30/11/2021  14:47:39,108983;9,432865E-1;1,210013E-1;1,193112E-1;9,489086E-1;;
30/11/2021  14:47:39,109083;9,433788E-1;7,831154E-2;8,645429E-2;9,489790E-1;;
30/11/2021  14:47:39,109183;9,438825E-1;-4,519262E-3;2,958653E-2;9,490327E-1;;
30/11/2021  14:47:39,109283;9,431553E-1;9,137332E-2;1,066739E-1;9,490700E-1;;
30/11/2021  14:47:39,109383;9,428484E-1;8,372740E-2;8,171531E-2;9,490912E-1;;
30/11/2021  14:47:39,109483;9,429318E-1;1,053908E-1;9,056141E-2;9,490967E-1;;
30/11/2021  14:47:39,109583;9,432716E-1;9,933782E-2;1,031987E-1;9,490869E-1;;
30/11/2021  14:47:39,109683;9,434146E-1;1,229127E-1;1,253139E-1;9,490623E-1;;
30/11/2021  14:47:39,109783;9,436322E-1;1,235499E-1;1,183634E-1;9,490234E-1;;
30/11/2021  14:47:39,109883;9,438468E-1;1,063466E-1;8,771802E-2;9,489709E-1;;
30/11/2021  14:47:39,109983;9,433520E-1;1,098510E-1;1,120448E-1;9,489056E-1;;
30/11/2021  14:47:39,110083;9,427172E-1;1,174969E-1;1,167838E-1;9,488283E-1;;
30/11/2021  14:47:39,110183;9,425533E-1;1,155854E-1;1,215227E-1;9,487395E-1;;
30/11/2021  14:47:39,110283;9,425384E-1;1,184526E-1;1,202590E-1;9,486399E-1;;
30/11/2021  14:47:39,110383;9,430152E-1;1,267357E-1;1,496407E-1;9,485300E-1;;
30/11/2021  14:47:39,110483;9,435070E-1;1,270543E-1;1,253139E-1;9,484106E-1;;
30/11/2021  14:47:39,110583;9,429080E-1;1,260985E-1;1,338441E-1;9,482824E-1;;
30/11/2021  14:47:39,110683;9,429288E-1;1,210013E-1;1,161519E-1;9,481461E-1;;
30/11/2021  14:47:39,110783;9,425891E-1;1,168597E-1;1,095173E-1;9,480027E-1;;
30/11/2021  14:47:39,110883;9,423179E-1;1,560451E-1;1,502726E-1;9,478526E-1;;
30/11/2021  14:47:39,110983;9,428931E-1;3,339176E-2;4,096008E-2;9,476965E-1;;
30/11/2021  14:47:39,111083;9,431285E-1;1,276914E-1;1,253139E-1;9,475352E-1;;
30/11/2021  14:47:39,111183;9,426487E-1;1,267357E-1;1,347919E-1;9,473693E-1;;
30/11/2021  14:47:39,111283;9,425414E-1;1,203641E-1;1,158360E-1;9,471995E-1;;
30/11/2021  14:47:39,111383;9,413999E-1;1,299215E-1;1,076217E-1;9,470265E-1;;
30/11/2021  14:47:39,111483;9,404880E-1;1,238685E-1;1,373193E-1;9,468506E-1;;
30/11/2021  14:47:39,111583;9,401422E-1;1,264171E-1;1,297370E-1;9,466722E-1;;
30/11/2021  14:47:39,111683;9,403330E-1;1,257800E-1;1,234183E-1;9,464913E-1;;
30/11/2021  14:47:39,111783;9,399038E-1;1,296029E-1;1,300529E-1;9,463083E-1;;
30/11/2021  14:47:39,111883;9,396773E-1;1,483991E-1;1,727037E-1;9,461231E-1;;
30/11/2021  14:47:39,111983;9,386551E-1;1,369303E-1;1,546956E-1;9,459359E-1;;
30/11/2021  14:47:39,112083;9,389084E-1;1,340630E-1;1,379512E-1;9,457467E-1;;
30/11/2021  14:47:39,112183;9,377640E-1;1,254614E-1;1,196272E-1;9,455556E-1;;
30/11/2021  14:47:39,112283;9,379398E-1;1,315144E-1;1,231024E-1;9,453624E-1;;
30/11/2021  14:47:39,112383;9,378295E-1;1,378860E-1;1,347919E-1;9,451671E-1;;
30/11/2021  14:47:39,112483;9,372901E-1;9,901924E-2;7,571260E-2;9,449697E-1;;
30/11/2021  14:47:39,112583;9,370278E-1;1,296029E-1;1,265777E-1;9,447701E-1;;
30/11/2021  14:47:39,112683;9,361993E-1;1,155854E-1;1,164678E-1;9,445682E-1;;
30/11/2021  14:47:39,112783;9,351592E-1;1,152668E-1;9,530039E-2;9,443639E-1;;
30/11/2021  14:47:39,112883;9,344797E-1;1,311958E-1;1,641736E-1;9,441570E-1;;
30/11/2021  14:47:39,112983;9,341936E-1;1,149482E-1;1,208909E-1;9,439472E-1;;
30/11/2021  14:47:39,113083;9,338538E-1;1,146297E-1;1,025668E-1;9,437340E-1;;
30/11/2021  14:47:39,113183;9,335260E-1;1,286472E-1;1,278414E-1;9,435172E-1;;
30/11/2021  14:47:39,113283;9,326915E-1;1,136739E-1;1,243661E-1;9,432965E-1;;
30/11/2021  14:47:39,113383;9,323547E-1;1,388417E-1;1,310007E-1;9,430715E-1;;
30/11/2021  14:47:39,113483;9,315858E-1;1,353374E-1;1,351078E-1;9,428420E-1;;
30/11/2021  14:47:39,113583;9,309331E-1;1,483991E-1;1,433221E-1;9,426076E-1;;
30/11/2021  14:47:39,113683;9,311984E-1;1,359745E-1;1,332122E-1;9,423680E-1;;
30/11/2021  14:47:39,113783;9,313921E-1;1,241871E-1;1,237343E-1;9,421230E-1;;
30/11/2021  14:47:39,113883;9,319226E-1;1,229127E-1;1,281573E-1;9,418724E-1;;
30/11/2021  14:47:39,113983;9,317259E-1;1,276914E-1;1,452176E-1;9,416164E-1;;
30/11/2021  14:47:39,114083;9,310225E-1;1,181340E-1;1,199431E-1;9,413552E-1;;
30/11/2021  14:47:39,114183;9,309301E-1;6,142680E-2;6,749837E-2;9,410889E-1;;
30/11/2021  14:47:39,114283;9,309480E-1;1,257800E-1;1,477451E-1;9,408177E-1;;
30/11/2021  14:47:39,114383;9,313146E-1;1,114439E-1;1,063580E-1;9,405420E-1;;
30/11/2021  14:47:39,114483;9,322236E-1;8,723178E-2;1,142563E-1;9,402621E-1;;
30/11/2021  14:47:39,114583;9,323488E-1;-3,860732E-2;-5,066020E-2;9,399785E-1;;
30/11/2021  14:47:39,114683;9,327839E-1;1,082581E-1;1,300529E-1;9,396920E-1;;
30/11/2021  14:47:39,114783;9,324829E-1;1,235499E-1;1,433221E-1;9,394033E-1;;
30/11/2021  14:47:39,114883;9,332279E-1;1,041165E-1;1,177316E-1;9,391132E-1;;
30/11/2021  14:47:39,114983;9,334693E-1;1,057094E-1;1,104651E-1;9,388226E-1;;
30/11/2021  14:47:39,115083;9,349386E-1;1,031608E-1;1,152041E-1;9,385324E-1;;
30/11/2021  14:47:39,115183;9,355079E-1;5,091366E-2;1,025668E-1;9,382436E-1;;
30/11/2021  14:47:39,115283;9,359966E-1;9,965640E-2;1,313166E-1;9,379575E-1;;
30/11/2021  14:47:39,115383;9,360473E-1;1,162226E-1;1,313166E-1;9,376753E-1;;
30/11/2021  14:47:39,115483;9,365927E-1;1,254614E-1;1,253139E-1;9,373982E-1;;
30/11/2021  14:47:39,115583;9,369444E-1;1,073023E-1;9,466852E-2;9,371274E-1;;
30/11/2021  14:47:39,115683;9,377699E-1;1,541336E-1;1,600664E-1;9,368641E-1;;
30/11/2021  14:47:39,115783;9,389799E-1;1,563636E-1;1,420583E-1;9,366094E-1;;
30/11/2021  14:47:39,115883;9,392005E-1;1,958676E-1;1,910278E-1;9,363646E-1;;
30/11/2021  14:47:39,115983;9,400677E-1;1,423461E-1;1,000394E-1;9,361309E-1;;
30/11/2021  14:47:39,116083;9,398591E-1;1,716555E-1;2,068244E-1;9,359096E-1;;
30/11/2021  14:47:39,116183;9,405297E-1;1,611423E-1;1,540637E-1;9,357016E-1;;
30/11/2021  14:47:39,116283;9,401899E-1;1,487177E-1;1,493248E-1;9,355081E-1;;
30/11/2021  14:47:39,116383;9,408337E-1;1,149482E-1;1,341600E-1;9,353297E-1;;
30/11/2021  14:47:39,116483;9,417605E-1;1,117624E-1;1,300529E-1;9,351674E-1;;
30/11/2021  14:47:39,116583;9,417665E-1;1,366117E-1;1,360556E-1;9,350218E-1;;
30/11/2021  14:47:39,116683;9,420884E-1;1,598680E-1;1,641736E-1;9,348935E-1;;
30/11/2021  14:47:39,116783;9,417278E-1;1,184526E-1;1,234183E-1;9,347831E-1;;
30/11/2021  14:47:39,116883;9,420079E-1;1,260985E-1;1,193112E-1;9,346909E-1;;
30/11/2021  14:47:39,116983;9,418351E-1;1,248242E-1;1,167838E-1;9,346171E-1;;
30/11/2021  14:47:39,117083;9,425354E-1;1,340630E-1;1,338441E-1;9,345618E-1;;
30/11/2021  14:47:39,117183;9,428752E-1;4,008194E-2;8,898175E-2;9,345250E-1;;
30/11/2021  14:47:39,117283;9,430003E-1;1,366117E-1;1,300529E-1;9,345067E-1;;
30/11/2021  14:47:39,117383;9,426487E-1;8,861098E-3;7,223735E-2;9,345068E-1;;
30/11/2021  14:47:39,117483;9,424520E-1;1,503106E-1;1,597505E-1;9,345250E-1;;
30/11/2021  14:47:39,117583;9,421152E-1;1,013542E-2;1,916077E-2;9,345610E-1;;
30/11/2021  14:47:39,117683;9,424728E-1;1,362931E-1;1,401627E-1;9,346141E-1;;
30/11/2021  14:47:39,117783;9,426010E-1;1,041165E-1;1,253139E-1;9,346838E-1;;
30/11/2021  14:47:39,117883;9,429229E-1;6,588692E-2;9,561632E-2;9,347695E-1;;
30/11/2021  14:47:39,117983;9,423596E-1;1,442576E-1;1,534319E-1;9,348704E-1;;
30/11/2021  14:47:39,118083;9,419781E-1;1,710183E-1;1,755471E-1;9,349859E-1;;
30/11/2021  14:47:39,118183;9,420258E-1;1,356559E-1;1,370034E-1;9,351150E-1;;
30/11/2021  14:47:39,118283;9,412986E-1;1,436204E-1;1,594346E-1;9,352569E-1;;
30/11/2021  14:47:39,118383;9,416592E-1;1,197269E-1;1,373193E-1;9,354104E-1;;
30/11/2021  14:47:39,118483;9,413552E-1;1,391603E-1;1,382671E-1;9,355744E-1;;
30/11/2021  14:47:39,118583;9,414685E-1;1,362931E-1;1,347919E-1;9,357481E-1;;
30/11/2021  14:47:39,118683;9,413552E-1;1,327887E-1;1,281573E-1;9,359301E-1;;
30/11/2021  14:47:39,118783;9,413820E-1;1,215178E-3;5,259767E-3;9,361196E-1;;
30/11/2021  14:47:39,118883;9,403836E-1;7,268198E-3;9,050951E-3;9,363154E-1;;
30/11/2021  14:47:39,118983;9,405148E-1;2,489498E-3;4,627903E-3;9,365165E-1;;
30/11/2021  14:47:39,119083;9,406489E-1;1,533758E-3;3,680107E-3;9,367216E-1;;
30/11/2021  14:47:39,119183;9,413940E-1;6,949618E-3;9,050951E-3;9,369298E-1;;
30/11/2021  14:47:39,119283;9,409857E-1;1,852338E-3;3,996039E-3;9,371400E-1;;
30/11/2021  14:47:39,119383;9,403866E-1;3,763818E-3;5,575699E-3;9,373515E-1;;
30/11/2021  14:47:39,119483;9,404999E-1;1,268406E-2;1,442179E-2;9,375633E-1;;
30/11/2021  14:47:39,119583;9,401631E-1;4,719558E-3;6,839427E-3;9,377745E-1;;
30/11/2021  14:47:39,119683;9,404373E-1;5,675298E-3;7,471291E-3;9,379843E-1;;
30/11/2021  14:47:39,119783;9,406698E-1;3,126658E-3;5,259767E-3;9,381918E-1;;
30/11/2021  14:47:39,119883;9,406429E-1;1,533758E-3;3,364175E-3;9,383963E-1;;
30/11/2021  14:47:39,119983;9,405386E-1;2,170918E-3;4,627903E-3;9,385972E-1;;
30/11/2021  14:47:39,120083;9,401005E-1;1,533758E-3;4,311971E-3;9,387940E-1;;
30/11/2021  14:47:39,120183;9,397012E-1;1,215178E-3;3,680107E-3;9,389859E-1;;
30/11/2021  14:47:39,120283;9,396445E-1;3,445238E-3;5,891631E-3;9,391725E-1;;
30/11/2021  14:47:39,120383;9,392780E-1;4,719558E-3;7,155359E-3;9,393531E-1;;
30/11/2021  14:47:39,120483;9,399902E-1;8,965980E-4;3,364175E-3;9,395271E-1;;
30/11/2021  14:47:39,120583;9,403717E-1;8,965980E-4;3,364175E-3;9,396941E-1;;
30/11/2021  14:47:39,120683;9,404492E-1;1,215178E-3;3,364175E-3;9,398538E-1;;
30/11/2021  14:47:39,120783;9,403479E-1;8,965980E-4;3,364175E-3;9,400060E-1;;
30/11/2021  14:47:39,120883;9,394210E-1;1,215178E-3;3,048243E-3;9,401505E-1;;
30/11/2021  14:47:39,120983;9,403449E-1;1,852338E-3;3,680107E-3;9,402872E-1;;
30/11/2021  14:47:39,121083;9,408486E-1;8,965980E-4;3,364175E-3;9,404159E-1;;
30/11/2021  14:47:39,121183;9,413075E-1;2,489498E-3;5,575699E-3;9,405367E-1;;
30/11/2021  14:47:39,121283;9,414387E-1;5,780180E-4;3,048243E-3;9,406497E-1;;
30/11/2021  14:47:39,121383;9,411049E-1;1,215178E-3;3,048243E-3;9,407552E-1;;
30/11/2021  14:47:39,121483;9,411734E-1;1,215178E-3;3,996039E-3;9,408534E-1;;
30/11/2021  14:47:39,121583;9,401661E-1;5,780180E-4;3,680107E-3;9,409445E-1;;
30/11/2021  14:47:39,121683;9,407741E-1;1,533758E-3;3,680107E-3;9,410286E-1;;
30/11/2021  14:47:39,121783;9,409380E-1;1,215178E-3;3,364175E-3;9,411059E-1;;
30/11/2021  14:47:39,121883;9,409320E-1;5,780180E-4;3,048243E-3;9,411765E-1;;
30/11/2021  14:47:39,121983;9,407115E-1;2,594380E-4;3,048243E-3;9,412405E-1;;
30/11/2021  14:47:39,122083;9,400916E-1;1,215178E-3;3,048243E-3;9,412983E-1;;
30/11/2021  14:47:39,122183;9,394985E-1;1,533758E-3;3,364175E-3;9,413499E-1;;
30/11/2021  14:47:39,122283;9,391409E-1;3,126658E-3;5,259767E-3;9,413953E-1;;
30/11/2021  14:47:39,122383;9,387117E-1;1,215178E-3;4,311971E-3;9,414344E-1;;
30/11/2021  14:47:39,122483;9,396117E-1;1,268406E-2;1,568552E-2;9,414671E-1;;
30/11/2021  14:47:39,122583;9,396654E-1;1,682560E-2;1,726518E-2;9,414935E-1;;
30/11/2021  14:47:39,122683;9,388607E-1;1,332122E-2;1,536959E-2;9,415135E-1;;
30/11/2021  14:47:39,122783;9,380203E-1;1,427696E-2;1,568552E-2;9,415273E-1;;
30/11/2021  14:47:39,122883;9,376358E-1;1,618844E-2;1,821298E-2;9,415348E-1;;
30/11/2021  14:47:39,122983;9,379785E-1;4,103768E-2;6,307532E-2;9,415358E-1;;
30/11/2021  14:47:39,123083;9,379279E-1;1,650702E-2;1,852891E-2;9,415303E-1;;
30/11/2021  14:47:39,123183;9,382527E-1;9,424054E-2;1,000394E-1;9,415181E-1;;
30/11/2021  14:47:39,123283;9,387564E-1;3,020596E-2;4,253974E-2;9,414995E-1;;
30/11/2021  14:47:39,123383;9,382617E-1;1,248242E-1;1,101492E-1;9,414745E-1;;
30/11/2021  14:47:39,123483;9,375226E-1;1,232313E-1;1,133085E-1;9,414434E-1;;
30/11/2021  14:47:39,123583;9,369831E-1;2,001140E-2;4,380347E-2;9,414064E-1;;
30/11/2021  14:47:39,123683;9,372573E-1;2,383436E-2;2,927060E-2;9,413633E-1;;
30/11/2021  14:47:39,123783;9,376924E-1;1,586986E-2;2,042450E-2;9,413144E-1;;
30/11/2021  14:47:39,123883;9,378385E-1;1,490363E-1;2,738020E-1;9,412597E-1;;
30/11/2021  14:47:39,123983;9,377997E-1;9,296622E-2;9,782784E-2;9,411996E-1;;
30/11/2021  14:47:39,124083;9,370785E-1;1,359745E-1;1,875525E-1;9,411342E-1;;
30/11/2021  14:47:39,124183;9,367000E-1;1,210013E-1;1,218387E-1;9,410638E-1;;
30/11/2021  14:47:39,124283;9,363662E-1;1,123996E-1;1,145722E-1;9,409885E-1;;
30/11/2021  14:47:39,124383;9,359728E-1;1,012493E-1;1,063580E-1;9,409085E-1;;
30/11/2021  14:47:39,124483;9,360920E-1;1,079395E-1;1,114129E-1;9,408238E-1;;
30/11/2021  14:47:39,124583;9,364437E-1;1,018865E-1;1,101492E-1;9,407344E-1;;
30/11/2021  14:47:39,124683;9,361516E-1;1,015679E-1;1,120448E-1;9,406405E-1;;
30/11/2021  14:47:39,124783;9,349297E-1;1,079395E-1;1,161519E-1;9,405423E-1;;
30/11/2021  14:47:39,124883;9,344916E-1;9,774492E-2;9,056141E-2;9,404399E-1;;
30/11/2021  14:47:39,124983;9,342025E-1;1,018865E-1;1,278414E-1;9,403331E-1;;
30/11/2021  14:47:39,125083;9,341012E-1;1,034794E-1;1,129926E-1;9,402218E-1;;
30/11/2021  14:47:39,125183;9,349804E-1;5,537378E-2;7,444887E-2;9,401061E-1;;
30/11/2021  14:47:39,125283;9,354095E-1;1,213198E-1;1,594346E-1;9,399861E-1;;
30/11/2021  14:47:39,125383;9,342591E-1;1,165411E-1;1,581709E-1;9,398618E-1;;
30/11/2021  14:47:39,125483;9,342561E-1;9,424054E-2;1,079377E-1;9,397337E-1;;
30/11/2021  14:47:39,125583;9,340565E-1;9,392196E-2;1,079377E-1;9,396017E-1;;
30/11/2021  14:47:39,125683;9,339402E-1;9,710776E-2;1,259458E-1;9,394661E-1;;
30/11/2021  14:47:39,125783;9,347002E-1;9,774492E-2;1,177316E-1;9,393269E-1;;
30/11/2021  14:47:39,125883;9,344737E-1;1,076209E-1;1,208909E-1;9,391846E-1;;
30/11/2021  14:47:39,125983;9,348313E-1;1,257800E-1;1,401627E-1;9,390394E-1;;
30/11/2021  14:47:39,126083;9,342383E-1;1,477620E-1;1,550115E-1;9,388916E-1;;
30/11/2021  14:47:39,126183;9,343903E-1;1,665582E-1;1,512204E-1;9,387417E-1;;
30/11/2021  14:47:39,126283;9,338091E-1;1,573194E-1;1,268936E-1;9,385900E-1;;
30/11/2021  14:47:39,126383;9,334783E-1;1,894960E-1;1,764949E-1;9,384366E-1;;
30/11/2021  14:47:39,126483;9,340058E-1;1,554079E-1;1,347919E-1;9,382819E-1;;
30/11/2021  14:47:39,126583;9,344111E-1;1,534964E-1;1,407946E-1;9,381261E-1;;
30/11/2021  14:47:39,126683;9,338508E-1;6,174538E-2;5,486109E-2;9,379696E-1;;
30/11/2021  14:47:39,126783;9,336154E-1;1,331073E-1;1,550115E-1;9,378125E-1;;
30/11/2021  14:47:39,126883;9,329597E-1;1,350188E-1;1,439539E-1;9,376553E-1;;
30/11/2021  14:47:39,126983;9,326796E-1;1,276914E-1;1,281573E-1;9,374979E-1;;
30/11/2021  14:47:39,127083;9,326229E-1;1,146297E-1;1,155200E-1;9,373406E-1;;
30/11/2021  14:47:39,127183;9,329895E-1;1,206827E-1;1,237343E-1;9,371834E-1;;
30/11/2021  14:47:39,127283;9,329776E-1;1,114439E-1;1,054102E-1;9,370264E-1;;
30/11/2021  14:47:39,127383;9,327511E-1;1,013542E-2;4,664686E-2;9,368698E-1;;
30/11/2021  14:47:39,127483;9,318481E-1;1,133553E-1;1,152041E-1;9,367137E-1;;
30/11/2021  14:47:39,127583;9,319494E-1;1,171783E-1;1,158360E-1;9,365582E-1;;
30/11/2021  14:47:39,127683;9,315560E-1;1,069837E-1;9,940750E-2;9,364032E-1;;
30/11/2021  14:47:39,127783;9,317736E-1;-1,000933E-1;3,116619E-2;9,362488E-1;;
30/11/2021  14:47:39,127883;9,318719E-1;9,710776E-2;9,466852E-2;9,360950E-1;;
30/11/2021  14:47:39,127983;9,324203E-1;1,347002E-1;1,268936E-1;9,359418E-1;;
30/11/2021  14:47:39,128083;9,325484E-1;1,012493E-1;8,677022E-2;9,357893E-1;;
30/11/2021  14:47:39,128183;9,320060E-1;8,914326E-2;8,929768E-2;9,356379E-1;;
30/11/2021  14:47:39,128283;9,322057E-1;1,222756E-1;1,139404E-1;9,354877E-1;;
30/11/2021  14:47:39,128383;9,316841E-1;1,162226E-1;1,189953E-1;9,353389E-1;;
30/11/2021  14:47:39,128483;9,319732E-1;1,570008E-1;1,449017E-1;9,351916E-1;;
30/11/2021  14:47:39,128583;9,331296E-1;1,270543E-1;1,227865E-1;9,350460E-1;;
30/11/2021  14:47:39,128683;9,330938E-1;1,155854E-1;1,300529E-1;9,349023E-1;;
30/11/2021  14:47:39,128783;9,329806E-1;1,088952E-1;1,243661E-1;9,347609E-1;;
30/11/2021  14:47:39,128883;9,322951E-1;9,105474E-2;9,182514E-2;9,346222E-1;;
30/11/2021  14:47:39,128983;9,320835E-1;1,181340E-1;1,142563E-1;9,344864E-1;;
30/11/2021  14:47:39,129083;9,322087E-1;1,171783E-1;1,085695E-1;9,343536E-1;;
30/11/2021  14:47:39,129183;9,326527E-1;1,187712E-1;1,246821E-1;9,342239E-1;;
30/11/2021  14:47:39,129283;9,332518E-1;8,723178E-2;7,192142E-2;9,340976E-1;;
30/11/2021  14:47:39,129383;9,331713E-1;1,260985E-1;1,155200E-1;9,339748E-1;;
30/11/2021  14:47:39,129483;9,328554E-1;8,086018E-2;6,023194E-2;9,338559E-1;;
30/11/2021  14:47:39,129583;9,330461E-1;-2,873134E-2;-2,949275E-2;9,337410E-1;;
30/11/2021  14:47:39,129683;9,328852E-1;1,104881E-1;1,003553E-1;9,336304E-1;;
30/11/2021  14:47:39,129783;9,337197E-1;1,194084E-1;1,193112E-1;9,335241E-1;;
30/11/2021  14:47:39,129883;9,345750E-1;9,169190E-2;1,205749E-1;9,334226E-1;;
30/11/2021  14:47:39,129983;9,350429E-1;1,111253E-1;1,104651E-1;9,333260E-1;;
30/11/2021  14:47:39,130083;9,355615E-1;1,359745E-1;1,414265E-1;9,332348E-1;;
30/11/2021  14:47:39,130183;9,353887E-1;1,471248E-1;1,521681E-1;9,331496E-1;;
30/11/2021  14:47:39,130283;9,350757E-1;9,583344E-2;9,688005E-2;9,330708E-1;;
30/11/2021  14:47:39,130383;9,362112E-1;1,350188E-1;1,461654E-1;9,329987E-1;;
30/11/2021  14:47:39,130483;9,366225E-1;4,071910E-2;2,232009E-2;9,329337E-1;;
30/11/2021  14:47:39,130583;9,374540E-1;1,181340E-1;1,085695E-1;9,328763E-1;;
30/11/2021  14:47:39,130683;9,377073E-1;1,251428E-1;1,275255E-1;9,328269E-1;;
30/11/2021  14:47:39,130783;9,381425E-1;1,225942E-1;1,104651E-1;9,327860E-1;;
30/11/2021  14:47:39,130883;9,377997E-1;8,542518E-3;3,148212E-2;9,327542E-1;;
30/11/2021  14:47:39,130983;9,382438E-1;1,063466E-1;1,139404E-1;9,327317E-1;;
30/11/2021  14:47:39,131083;9,383034E-1;1,366117E-1;1,467973E-1;9,327190E-1;;
30/11/2021  14:47:39,131183;9,387057E-1;1,155854E-1;1,076217E-1;9,327162E-1;;
30/11/2021  14:47:39,131283;9,398800E-1;1,299215E-1;1,553275E-1;9,327236E-1;;
30/11/2021  14:47:39,131383;9,404850E-1;1,350188E-1;1,284732E-1;9,327414E-1;;
30/11/2021  14:47:39,131483;9,400797E-1;9,455912E-2;1,133085E-1;9,327700E-1;;
30/11/2021  14:47:39,131583;9,394538E-1;1,605052E-1;1,875525E-1;9,328096E-1;;
30/11/2021  14:47:39,131683;9,404045E-1;8,818752E-2;1,136244E-1;9,328603E-1;;
30/11/2021  14:47:39,131783;9,406936E-1;1,187712E-1;1,249980E-1;9,329221E-1;;
30/11/2021  14:47:39,131883;9,425444E-1;1,260985E-1;1,259458E-1;9,329950E-1;;
30/11/2021  14:47:39,131983;9,429884E-1;1,308772E-1;1,221546E-1;9,330792E-1;;
30/11/2021  14:47:39,132083;9,435517E-1;1,296029E-1;1,183634E-1;9,331749E-1;;
30/11/2021  14:47:39,132183;9,443951E-1;1,190898E-1;1,016190E-1;9,332826E-1;;
30/11/2021  14:47:39,132283;9,441865E-1;1,015679E-1;7,666040E-2;9,334023E-1;;
30/11/2021  14:47:39,132383;9,444309E-1;8,404598E-2;1,038306E-1;9,335345E-1;;
30/11/2021  14:47:39,132483;9,454680E-1;1,241871E-1;1,133085E-1;9,336791E-1;;
30/11/2021  14:47:39,132583;9,461922E-1;1,340630E-1;1,430061E-1;9,338363E-1;;
30/11/2021  14:47:39,132683;9,467734E-1;4,900218E-2;8,645429E-2;9,340062E-1;;
30/11/2021  14:47:39,132783;9,465946E-1;1,378860E-1;1,404787E-1;9,341891E-1;;
30/11/2021  14:47:39,132883;9,469999E-1;-5,294342E-2;7,155359E-3;9,343848E-1;;
30/11/2021  14:47:39,132983;9,465320E-1;1,152668E-1;1,528000E-1;9,345935E-1;;
30/11/2021  14:47:39,133083;9,470863E-1;1,359745E-1;1,322644E-1;9,348148E-1;;
30/11/2021  14:47:39,133183;9,476258E-1;1,452133E-1;1,436380E-1;9,350484E-1;;
30/11/2021  14:47:39,133283;9,477420E-1;1,213198E-1;1,243661E-1;9,352942E-1;;
30/11/2021  14:47:39,133383;9,477748E-1;1,251428E-1;1,310007E-1;9,355516E-1;;
30/11/2021  14:47:39,133483;9,477450E-1;1,276914E-1;1,265777E-1;9,358203E-1;;
30/11/2021  14:47:39,133583;9,481145E-1;1,133553E-1;1,117289E-1;9,360999E-1;;
30/11/2021  14:47:39,133683;9,472860E-1;1,232313E-1;1,183634E-1;9,363896E-1;;
30/11/2021  14:47:39,133783;9,473575E-1;1,073023E-1;1,164678E-1;9,366889E-1;;
30/11/2021  14:47:39,133883;9,477420E-1;1,417090E-1;1,382671E-1;9,369969E-1;;
30/11/2021  14:47:39,133983;9,481592E-1;1,315144E-1;1,306848E-1;9,373128E-1;;
30/11/2021  14:47:39,134083;9,478463E-1;1,206827E-1;1,088855E-1;9,376358E-1;;
30/11/2021  14:47:39,134183;9,471310E-1;1,382046E-1;1,332122E-1;9,379652E-1;;
30/11/2021  14:47:39,134283;9,473128E-1;1,334259E-1;1,294210E-1;9,382999E-1;;
30/11/2021  14:47:39,134383;9,464933E-1;1,582751E-1;1,755471E-1;9,386391E-1;;
30/11/2021  14:47:39,134483;9,463413E-1;1,238685E-1;1,281573E-1;9,389816E-1;;
30/11/2021  14:47:39,134583;9,468122E-1;8,277166E-2;1,303688E-1;9,393262E-1;;
30/11/2021  14:47:39,134683;9,467764E-1;1,292843E-1;1,303688E-1;9,396720E-1;;
30/11/2021  14:47:39,134783;9,468002E-1;1,397975E-1;1,815498E-1;9,400179E-1;;
30/11/2021  14:47:39,134883;9,462578E-1;1,057094E-1;1,079377E-1;9,403629E-1;;
30/11/2021  14:47:39,134983;9,458644E-1;1,073023E-1;1,025668E-1;9,407060E-1;;
30/11/2021  14:47:39,135083;9,453101E-1;9,424054E-2;8,361090E-2;9,410463E-1;;
30/11/2021  14:47:39,135183;9,456290E-1;1,098510E-1;1,218387E-1;9,413825E-1;;
30/11/2021  14:47:39,135283;9,456588E-1;-5,475002E-3;5,833634E-2;9,417138E-1;;
30/11/2021  14:47:39,135383;9,455068E-1;9,519628E-2;1,098333E-1;9,420392E-1;;
30/11/2021  14:47:39,135483;9,444279E-1;8,755036E-2;7,760819E-2;9,423578E-1;;
30/11/2021  14:47:39,135583;9,430212E-1;9,933782E-2;9,719598E-2;9,426687E-1;;
30/11/2021  14:47:39,135683;9,420318E-1;1,015679E-1;1,167838E-1;9,429707E-1;;
30/11/2021  14:47:39,135783;9,425056E-1;1,171783E-1;1,458495E-1;9,432626E-1;;
30/11/2021  14:47:39,135883;9,415162E-1;8,532030E-2;8,866581E-2;9,435433E-1;;
30/11/2021  14:47:39,135983;9,412628E-1;1,391603E-1;1,436380E-1;9,438117E-1;;
30/11/2021  14:47:39,136083;9,404164E-1;1,331073E-1;1,663851E-1;9,440666E-1;;
30/11/2021  14:47:39,136183;9,394657E-1;1,742041E-1;2,090359E-1;9,443071E-1;;
30/11/2021  14:47:39,136283;9,390813E-1;1,388417E-1;1,398468E-1;9,445321E-1;;
30/11/2021  14:47:39,136383;9,381961E-1;1,566822E-1;1,398468E-1;9,447406E-1;;
30/11/2021  14:47:39,136483;9,385925E-1;1,691068E-1;1,505885E-1;9,449315E-1;;
30/11/2021  14:47:39,136583;9,388398E-1;1,716555E-1;1,546956E-1;9,451042E-1;;
30/11/2021  14:47:39,136683;9,382319E-1;1,675139E-1;1,550115E-1;9,452578E-1;;
30/11/2021  14:47:39,136783;9,383451E-1;1,617795E-1;1,578549E-1;9,453921E-1;;
30/11/2021  14:47:39,136883;9,377312E-1;1,557265E-1;1,480610E-1;9,455066E-1;;
30/11/2021  14:47:39,136983;9,371530E-1;1,264171E-1;1,208909E-1;9,456011E-1;;
30/11/2021  14:47:39,137083;9,377461E-1;1,088952E-1;9,782784E-2;9,456755E-1;;
30/11/2021  14:47:39,137183;9,377073E-1;1,270543E-1;1,202590E-1;9,457295E-1;;
30/11/2021  14:47:39,137283;9,377401E-1;8,340882E-2;9,372073E-2;9,457634E-1;;
30/11/2021  14:47:39,137383;9,378951E-1;1,423461E-1;1,581709E-1;9,457774E-1;;
30/11/2021  14:47:39,137483;9,379100E-1;1,417090E-1;1,474292E-1;9,457719E-1;;
30/11/2021  14:47:39,137583;9,375971E-1;1,353374E-1;1,335282E-1;9,457474E-1;;
30/11/2021  14:47:39,137683;9,366940E-1;1,461691E-1;1,439539E-1;9,457045E-1;;
30/11/2021  14:47:39,137783;9,366225E-1;1,190898E-1;1,268936E-1;9,456436E-1;;
30/11/2021  14:47:39,137883;9,368043E-1;1,356559E-1;1,404787E-1;9,455652E-1;;
30/11/2021  14:47:39,137983;9,373527E-1;1,362931E-1;1,325804E-1;9,454699E-1;;
30/11/2021  14:47:39,138083;9,367715E-1;1,404346E-1;1,524841E-1;9,453585E-1;;
30/11/2021  14:47:39,138183;9,366493E-1;1,528593E-1;1,670170E-1;9,452317E-1;;
30/11/2021  14:47:39,138283;9,360384E-1;1,404346E-1;1,376353E-1;9,450903E-1;;
30/11/2021  14:47:39,138383;9,361069E-1;1,407532E-1;1,316326E-1;9,449349E-1;;
30/11/2021  14:47:39,138483;9,360592E-1;1,347002E-1;1,313166E-1;9,447664E-1;;
30/11/2021  14:47:39,138583;9,368371E-1;1,305587E-1;1,265777E-1;9,445855E-1;;
30/11/2021  14:47:39,138683;9,367924E-1;1,413904E-1;1,679647E-1;9,443930E-1;;
30/11/2021  14:47:39,138783;9,370576E-1;1,236548E-2;1,758111E-2;9,441901E-1;;
30/11/2021  14:47:39,138883;9,370636E-1;6,312458E-3;8,419087E-3;9,439776E-1;;
30/11/2021  14:47:39,138983;9,365897E-1;8,542518E-3;1,126247E-2;9,437567E-1;;
30/11/2021  14:47:39,139083;9,365629E-1;8,223938E-3;1,031468E-2;9,435283E-1;;
30/11/2021  14:47:39,139183;9,365480E-1;6,949618E-3;9,050951E-3;9,432934E-1;;
30/11/2021  14:47:39,139283;9,367268E-1;7,586778E-3;9,366883E-3;9,430529E-1;;
30/11/2021  14:47:39,139383;9,371083E-1;4,400978E-3;6,207563E-3;9,428078E-1;;
30/11/2021  14:47:39,139483;9,368043E-1;5,675298E-3;7,155359E-3;9,425589E-1;;
30/11/2021  14:47:39,139583;9,363602E-1;2,808078E-3;5,259767E-3;9,423072E-1;;
30/11/2021  14:47:39,139683;9,364973E-1;3,445238E-3;5,575699E-3;9,420536E-1;;
30/11/2021  14:47:39,139783;9,363483E-1;5,993878E-3;7,787223E-3;9,417989E-1;;
30/11/2021  14:47:39,139883;9,369742E-1;8,223938E-3;9,366883E-3;9,415437E-1;;
30/11/2021  14:47:39,139983;9,372007E-1;3,126658E-3;4,311971E-3;9,412889E-1;;
30/11/2021  14:47:39,140083;9,371172E-1;8,965980E-4;3,048243E-3;9,410353E-1;;
30/11/2021  14:47:39,140183;9,375017E-1;4,719558E-3;5,575699E-3;9,407838E-1;;
30/11/2021  14:47:39,140283;9,369652E-1;8,965980E-4;3,364175E-3;9,405350E-1;;
30/11/2021  14:47:39,140383;9,367030E-1;4,400978E-3;6,523495E-3;9,402896E-1;;
30/11/2021  14:47:39,140483;9,372990E-1;1,215178E-3;3,680107E-3;9,400484E-1;;
30/11/2021  14:47:39,140583;9,374510E-1;1,533758E-3;3,364175E-3;9,398118E-1;;
30/11/2021  14:47:39,140683;9,377282E-1;1,215178E-3;3,048243E-3;9,395806E-1;;
30/11/2021  14:47:39,140783;9,376209E-1;8,965980E-4;3,364175E-3;9,393551E-1;;
30/11/2021  14:47:39,140883;9,373497E-1;1,852338E-3;3,364175E-3;9,391361E-1;;
30/11/2021  14:47:39,140983;9,365003E-1;8,965980E-4;3,364175E-3;9,389240E-1;;
30/11/2021  14:47:39,141083;9,359281E-1;1,533758E-3;3,364175E-3;9,387189E-1;;
30/11/2021  14:47:39,141183;9,359519E-1;8,965980E-4;3,048243E-3;9,385211E-1;;
30/11/2021  14:47:39,141283;9,360235E-1;1,533758E-3;3,364175E-3;9,383304E-1;;
30/11/2021  14:47:39,141383;9,364258E-1;1,533758E-3;3,680107E-3;9,381470E-1;;
30/11/2021  14:47:39,141483;9,359370E-1;8,965980E-4;3,364175E-3;9,379709E-1;;
30/11/2021  14:47:39,141583;9,353589E-1;8,965980E-4;3,364175E-3;9,378020E-1;;
30/11/2021  14:47:39,141683;9,351383E-1;5,780180E-4;3,048243E-3;9,376402E-1;;
30/11/2021  14:47:39,141783;9,351592E-1;2,808078E-3;4,627903E-3;9,374853E-1;;
30/11/2021  14:47:39,141883;9,348850E-1;1,533758E-3;3,364175E-3;9,373371E-1;;
30/11/2021  14:47:39,141983;9,354423E-1;4,082398E-3;7,155359E-3;9,371953E-1;;
30/11/2021  14:47:39,142083;9,354125E-1;1,215178E-3;3,996039E-3;9,370598E-1;;
30/11/2021  14:47:39,142183;9,353976E-1;1,533758E-3;4,311971E-3;9,369305E-1;;
30/11/2021  14:47:39,142283;9,346108E-1;1,852338E-3;4,627903E-3;9,368070E-1;;
30/11/2021  14:47:39,142383;9,345095E-1;8,861098E-3;1,252620E-2;9,366894E-1;;
30/11/2021  14:47:39,142483;9,342770E-1;2,489498E-3;5,575699E-3;9,365771E-1;;
30/11/2021  14:47:39,142583;9,341965E-1;6,631038E-3;1,252620E-2;9,364700E-1;;
30/11/2021  14:47:39,142683;9,343187E-1;1,555128E-2;1,694925E-2;9,363676E-1;;
30/11/2021  14:47:39,142783;9,347986E-1;1,714418E-2;1,916077E-2;9,362697E-1;;
30/11/2021  14:47:39,142883;9,348790E-1;6,015248E-2;4,727872E-2;9,361761E-1;;
30/11/2021  14:47:39,142983;9,347002E-1;1,523270E-2;2,010857E-2;9,360866E-1;;
30/11/2021  14:47:39,143083;9,340863E-1;1,873708E-2;2,389975E-2;9,360010E-1;;
30/11/2021  14:47:39,143183;9,352128E-1;1,204690E-2;1,505366E-2;9,359193E-1;;
30/11/2021  14:47:39,143283;9,349029E-1;1,586986E-2;1,884484E-2;9,358411E-1;;
30/11/2021  14:47:39,143383;9,355019E-1;6,747982E-2;6,718244E-2;9,357666E-1;;
30/11/2021  14:47:39,143483;9,358923E-1;4,645354E-2;4,190788E-2;9,356957E-1;;
30/11/2021  14:47:39,143583;9,357791E-1;5,855958E-2;7,981972E-2;9,356284E-1;;
30/11/2021  14:47:39,143683;9,356330E-1;4,645354E-2;7,034176E-2;9,355649E-1;;
30/11/2021  14:47:39,143783;9,356688E-1;1,194084E-1;1,430061E-1;9,355052E-1;;
30/11/2021  14:47:39,143883;9,357940E-1;9,806350E-2;1,060421E-1;9,354493E-1;;
30/11/2021  14:47:39,143983;9,364079E-1;1,245056E-1;1,268936E-1;9,353974E-1;;
30/11/2021  14:47:39,144083;9,368997E-1;1,296029E-1;1,202590E-1;9,353494E-1;;
30/11/2021  14:47:39,144183;9,365152E-1;1,267357E-1;1,234183E-1;9,353055E-1;;
30/11/2021  14:47:39,144283;9,364705E-1;1,079395E-1;1,016190E-1;9,352659E-1;;
30/11/2021  14:47:39,144383;9,359728E-1;3,466608E-2;8,013565E-2;9,352307E-1;;
30/11/2021  14:47:39,144483;9,363662E-1;1,165411E-1;1,471132E-1;9,351998E-1;;
30/11/2021  14:47:39,144583;9,363960E-1;3,148028E-2;5,296550E-2;9,351731E-1;;
30/11/2021  14:47:39,144683;9,372990E-1;1,069837E-1;1,120448E-1;9,351508E-1;;
30/11/2021  14:47:39,144783;9,377967E-1;1,283286E-1;1,575390E-1;9,351328E-1;;
30/11/2021  14:47:39,144883;9,383213E-1;1,037979E-1;8,740209E-2;9,351193E-1;;
30/11/2021  14:47:39,144983;9,379577E-1;9,965640E-2;8,992954E-2;9,351105E-1;;
30/11/2021  14:47:39,145083;9,378951E-1;1,742041E-1;2,137749E-1;9,351067E-1;;
30/11/2021  14:47:39,145183;9,386551E-1;1,101695E-1;1,221546E-1;9,351079E-1;;
30/11/2021  14:47:39,145283;9,390425E-1;8,818752E-2;1,095173E-1;9,351143E-1;;
30/11/2021  14:47:39,145383;9,404850E-1;9,965640E-2;9,751191E-2;9,351262E-1;;
30/11/2021  14:47:39,145483;9,409201E-1;1,037979E-1;1,158360E-1;9,351439E-1;;
30/11/2021  14:47:39,145583;9,413314E-1;9,678918E-2;1,019350E-1;9,351678E-1;;
30/11/2021  14:47:39,145683;9,410334E-1;8,659462E-2;7,729226E-2;9,351984E-1;;
30/11/2021  14:47:39,145783;9,411496E-1;9,615202E-2;1,035146E-1;9,352361E-1;;
30/11/2021  14:47:39,145883;9,420914E-1;9,965640E-2;1,101492E-1;9,352812E-1;;
30/11/2021  14:47:39,145983;9,434265E-1;9,487770E-2;1,047783E-1;9,353339E-1;;
30/11/2021  14:47:39,146083;9,440554E-1;9,328480E-2;1,234183E-1;9,353947E-1;;
30/11/2021  14:47:39,146183;9,437454E-1;1,203641E-1;1,120448E-1;9,354642E-1;;
30/11/2021  14:47:39,146283;9,440017E-1;1,012493E-1;1,155200E-1;9,355427E-1;;
30/11/2021  14:47:39,146383;9,442014E-1;1,034794E-1;1,120448E-1;9,356305E-1;;
30/11/2021  14:47:39,146483;9,443951E-1;1,710183E-1;1,771268E-1;9,357279E-1;;
30/11/2021  14:47:39,146583;9,450419E-1;1,382046E-1;1,824976E-1;9,358351E-1;;
30/11/2021  14:47:39,146683;9,450180E-1;2,411059E-1;2,153545E-1;9,359521E-1;;
30/11/2021  14:47:39,146783;9,458972E-1;1,611423E-1;1,493248E-1;9,360792E-1;;
30/11/2021  14:47:39,146883;9,458257E-1;1,761156E-1;1,992420E-1;9,362163E-1;;
30/11/2021  14:47:39,146983;9,459508E-1;1,483991E-1;1,382671E-1;9,363635E-1;;
30/11/2021  14:47:39,147083;9,455127E-1;1,270543E-1;1,212068E-1;9,365207E-1;;
30/11/2021  14:47:39,147183;9,457422E-1;1,133553E-1;1,411105E-1;9,366878E-1;;
30/11/2021  14:47:39,147283;9,464217E-1;1,289658E-1;1,199431E-1;9,368645E-1;;
30/11/2021  14:47:39,147383;9,465767E-1;4,740928E-2;5,043804E-2;9,370505E-1;;
30/11/2021  14:47:39,147483;9,465231E-1;1,174969E-1;1,095173E-1;9,372455E-1;;
30/11/2021  14:47:39,147583;9,460075E-1;1,088952E-1;8,550650E-2;9,374492E-1;;
30/11/2021  14:47:39,147683;9,452952E-1;1,229127E-1;1,129926E-1;9,376612E-1;;
30/11/2021  14:47:39,147783;9,445501E-1;1,155854E-1;1,202590E-1;9,378807E-1;;
30/11/2021  14:47:39,147883;9,442133E-1;1,216384E-1;1,423743E-1;9,381069E-1;;
30/11/2021  14:47:39,147983;9,441597E-1;1,143111E-1;1,240502E-1;9,383388E-1;;
30/11/2021  14:47:39,148083;9,448094E-1;1,159040E-1;1,170997E-1;9,385756E-1;;
30/11/2021  14:47:39,148183;9,441954E-1;1,308772E-1;1,360556E-1;9,388162E-1;;
30/11/2021  14:47:39,148283;9,437246E-1;1,783457E-1;2,324149E-1;9,390597E-1;;
30/11/2021  14:47:39,148383;9,430451E-1;1,098510E-1;1,114129E-1;9,393051E-1;;
30/11/2021  14:47:39,148483;9,428364E-1;1,155854E-1;1,170997E-1;9,395514E-1;;
30/11/2021  14:47:39,148583;9,423864E-1;1,162226E-1;1,183634E-1;9,397975E-1;;
30/11/2021  14:47:39,148683;9,425533E-1;1,181340E-1;1,167838E-1;9,400422E-1;;
30/11/2021  14:47:39,148783;9,421122E-1;9,551486E-2;1,063580E-1;9,402846E-1;;
30/11/2021  14:47:39,148883;9,414655E-1;1,155854E-1;1,139404E-1;9,405235E-1;;
30/11/2021  14:47:39,148983;9,411138E-1;1,079395E-1;1,047783E-1;9,407580E-1;;
30/11/2021  14:47:39,149083;9,398263E-1;1,085766E-1;9,751191E-2;9,409869E-1;;
30/11/2021  14:47:39,149183;9,399128E-1;7,512574E-2;6,149566E-2;9,412091E-1;;
30/11/2021  14:47:39,149283;9,392034E-1;1,006121E-1;9,150920E-2;9,414236E-1;;
30/11/2021  14:47:39,149383;9,388339E-1;9,710776E-2;1,060421E-1;9,416291E-1;;
30/11/2021  14:47:39,149483;9,381484E-1;1,165411E-1;1,344760E-1;9,418247E-1;;
30/11/2021  14:47:39,149583;9,380650E-1;1,292843E-1;1,635417E-1;9,420093E-1;;
30/11/2021  14:47:39,149683;9,372871E-1;9,806350E-2;9,466852E-2;9,421820E-1;;
30/11/2021  14:47:39,149783;9,362023E-1;8,755036E-2;8,866581E-2;9,423417E-1;;
30/11/2021  14:47:39,149883;9,358953E-1;1,206827E-1;1,306848E-1;9,424877E-1;;
30/11/2021  14:47:39,149983;9,363394E-1;1,114439E-1;1,145722E-1;9,426190E-1;;
30/11/2021  14:47:39,150083;9,374182E-1;1,168597E-1;1,133085E-1;9,427349E-1;;
30/11/2021  14:47:39,150183;9,369980E-1;1,181340E-1;1,303688E-1;9,428350E-1;;
30/11/2021  14:47:39,150283;9,365599E-1;1,136739E-1;1,000394E-1;9,429190E-1;;
30/11/2021  14:47:39,150383;9,357910E-1;1,174969E-1;1,208909E-1;9,429868E-1;;
30/11/2021  14:47:39,150483;9,357493E-1;1,178155E-1;1,082536E-1;9,430383E-1;;
30/11/2021  14:47:39,150583;9,354930E-1;1,146297E-1;1,085695E-1;9,430733E-1;;
30/11/2021  14:47:39,150683;9,358178E-1;1,203641E-1;1,120448E-1;9,430917E-1;;
30/11/2021  14:47:39,150783;9,361427E-1;1,318330E-1;1,502726E-1;9,430938E-1;;
30/11/2021  14:47:39,150883;9,357791E-1;5,441804E-2;5,896821E-2;9,430797E-1;;
30/11/2021  14:47:39,150983;9,352784E-1;1,136739E-1;1,417424E-1;9,430497E-1;;
30/11/2021  14:47:39,151083;9,345870E-1;1,203641E-1;1,196272E-1;9,430042E-1;;
30/11/2021  14:47:39,151183;9,335915E-1;1,315144E-1;1,243661E-1;9,429435E-1;;
30/11/2021  14:47:39,151283;9,340594E-1;1,168597E-1;1,177316E-1;9,428678E-1;;
30/11/2021  14:47:39,151383;9,341876E-1;1,245056E-1;1,246821E-1;9,427772E-1;;
30/11/2021  14:47:39,151483;9,345661E-1;1,174969E-1;1,076217E-1;9,426723E-1;;
30/11/2021  14:47:39,151583;9,347151E-1;1,216384E-1;1,193112E-1;9,425535E-1;;
30/11/2021  14:47:39,151683;9,341310E-1;1,248242E-1;1,262617E-1;9,424215E-1;;
30/11/2021  14:47:39,151783;9,340654E-1;1,267357E-1;1,240502E-1;9,422769E-1;;
30/11/2021  14:47:39,151883;9,343396E-1;1,321516E-1;1,268936E-1;9,421203E-1;;
30/11/2021  14:47:39,151983;9,351055E-1;2,956880E-2;7,160549E-2;9,419526E-1;;
30/11/2021  14:47:39,152083;9,359013E-1;1,152668E-1;1,177316E-1;9,417746E-1;;
30/11/2021  14:47:39,152183;9,363304E-1;1,088952E-1;9,561632E-2;9,415873E-1;;
30/11/2021  14:47:39,152283;9,363066E-1;6,588692E-2;9,024547E-2;9,413919E-1;;
30/11/2021  14:47:39,152383;9,360026E-1;1,210013E-1;1,142563E-1;9,411896E-1;;
30/11/2021  14:47:39,152483;9,361308E-1;1,353374E-1;1,423743E-1;9,409815E-1;;
30/11/2021  14:47:39,152583;9,366732E-1;1,229127E-1;1,215227E-1;9,407687E-1;;
30/11/2021  14:47:39,152683;9,372066E-1;1,210013E-1;1,202590E-1;9,405523E-1;;
30/11/2021  14:47:39,152783;9,370606E-1;1,184526E-1;1,253139E-1;9,403334E-1;;
30/11/2021  14:47:39,152883;9,368907E-1;1,315144E-1;1,404787E-1;9,401131E-1;;
30/11/2021  14:47:39,152983;9,373080E-1;1,350188E-1;1,354238E-1;9,398926E-1;;
30/11/2021  14:47:39,153083;9,365271E-1;1,203641E-1;1,227865E-1;9,396728E-1;;
30/11/2021  14:47:39,153183;9,362053E-1;1,276914E-1;1,256299E-1;9,394544E-1;;
30/11/2021  14:47:39,153283;9,360145E-1;1,315144E-1;1,287892E-1;9,392384E-1;;
30/11/2021  14:47:39,153383;9,360443E-1;1,426647E-1;1,420583E-1;9,390252E-1;;
30/11/2021  14:47:39,153483;9,367924E-1;1,267357E-1;1,066739E-1;9,388154E-1;;
30/11/2021  14:47:39,153583;9,363334E-1;1,143111E-1;1,038306E-1;9,386096E-1;;
30/11/2021  14:47:39,153683;9,357135E-1;6,206396E-2;4,253974E-2;9,384082E-1;;
30/11/2021  14:47:39,153783;9,350817E-1;1,219570E-1;1,600664E-1;9,382117E-1;;
30/11/2021  14:47:39,153883;9,348492E-1;1,289658E-1;1,360556E-1;9,380202E-1;;
30/11/2021  14:47:39,153983;9,342114E-1;1,410718E-1;1,521681E-1;9,378339E-1;;
30/11/2021  14:47:39,154083;9,341936E-1;1,748413E-1;1,600664E-1;9,376528E-1;;
30/11/2021  14:47:39,154183;9,341489E-1;1,343816E-1;1,227865E-1;9,374767E-1;;
30/11/2021  14:47:39,154283;9,333442E-1;8,181592E-2;1,044624E-1;9,373056E-1;;
30/11/2021  14:47:39,154383;9,330163E-1;2,430174E-1;2,024013E-1;9,371393E-1;;
30/11/2021  14:47:39,154483;9,322564E-1;1,347002E-1;1,287892E-1;9,369775E-1;;
30/11/2021  14:47:39,154583;9,316633E-1;1,930003E-1;1,888163E-1;9,368199E-1;;
30/11/2021  14:47:39,154683;9,322683E-1;-9,297962E-3;4,980618E-2;9,366659E-1;;
30/11/2021  14:47:39,154783;9,320090E-1;1,187712E-1;1,101492E-1;9,365153E-1;;
30/11/2021  14:47:39,154883;9,322802E-1;1,292843E-1;1,294210E-1;9,363677E-1;;
30/11/2021  14:47:39,154983;9,322295E-1;7,735580E-2;4,822652E-2;9,362228E-1;;
30/11/2021  14:47:39,155083;9,321401E-1;1,222756E-1;1,294210E-1;9,360804E-1;;
30/11/2021  14:47:39,155183;9,319792E-1;1,359745E-1;1,234183E-1;9,359404E-1;;
30/11/2021  14:47:39,155283;9,325872E-1;-1,057228E-2;7,602853E-2;9,358027E-1;;
30/11/2021  14:47:39,155383;9,324531E-1;9,360338E-2;9,845971E-2;9,356671E-1;;
30/11/2021  14:47:39,155483;9,328167E-1;1,194084E-1;1,199431E-1;9,355336E-1;;
30/11/2021  14:47:39,155583;9,333501E-1;2,479010E-2;5,896821E-2;9,354023E-1;;
30/11/2021  14:47:39,155683;9,330759E-1;1,245056E-1;1,553275E-1;9,352734E-1;;
30/11/2021  14:47:39,155783;9,327928E-1;1,063466E-1;1,471132E-1;9,351470E-1;;
30/11/2021  14:47:39,155883;9,328494E-1;1,643281E-1;1,717559E-1;9,350232E-1;;
30/11/2021  14:47:39,155983;9,328047E-1;1,022050E-1;1,136244E-1;9,349022E-1;;
30/11/2021  14:47:39,156083;9,338717E-1;1,018865E-1;1,123607E-1;9,347839E-1;;
30/11/2021  14:47:39,156183;9,338002E-1;9,137332E-2;9,624818E-2;9,346687E-1;;
30/11/2021  14:47:39,156283;9,340118E-1;9,838208E-2;1,167838E-1;9,345568E-1;;
30/11/2021  14:47:39,156383;9,341399E-1;1,229127E-1;1,256299E-1;9,344484E-1;;
30/11/2021  14:47:39,156483;9,345184E-1;1,280100E-1;1,148882E-1;9,343439E-1;;
30/11/2021  14:47:39,156583;9,347837E-1;1,241871E-1;1,164678E-1;9,342435E-1;;
30/11/2021  14:47:39,156683;9,352754E-1;1,509478E-1;1,392149E-1;9,341476E-1;;
30/11/2021  14:47:39,156783;9,361755E-1;4,517922E-2;1,268936E-1;9,340567E-1;;
30/11/2021  14:47:39,156883;9,364973E-1;1,012493E-1;1,310007E-1;9,339711E-1;;
30/11/2021  14:47:39,156983;9,376209E-1;1,659210E-1;1,588027E-1;9,338914E-1;;
30/11/2021  14:47:39,157083;9,377640E-1;1,455319E-1;1,344760E-1;9,338182E-1;;
30/11/2021  14:47:39,157183;9,382915E-1;2,614950E-1;2,905464E-1;9,337523E-1;;
30/11/2021  14:47:39,157283;9,386044E-1;1,321516E-1;1,417424E-1;9,336941E-1;;
30/11/2021  14:47:39,157383;9,399485E-1;1,378860E-1;1,458495E-1;9,336444E-1;;
30/11/2021  14:47:39,157483;9,403002E-1;1,420275E-1;1,392149E-1;9,336038E-1;;
30/11/2021  14:47:39,157583;9,407502E-1;1,359745E-1;1,407946E-1;9,335731E-1;;
30/11/2021  14:47:39,157683;9,413999E-1;1,350188E-1;1,373193E-1;9,335529E-1;;
30/11/2021  14:47:39,157783;9,417605E-1;1,413904E-1;1,328963E-1;9,335439E-1;;
30/11/2021  14:47:39,157883;9,424401E-1;1,308772E-1;1,338441E-1;9,335467E-1;;
30/11/2021  14:47:39,157983;9,428960E-1;1,359745E-1;1,344760E-1;9,335619E-1;;
30/11/2021  14:47:39,158083;9,436560E-1;1,257800E-1;1,291051E-1;9,335900E-1;;
30/11/2021  14:47:39,158183;9,447170E-1;1,608238E-1;1,679647E-1;9,336316E-1;;
30/11/2021  14:47:39,158283;9,447110E-1;8,213450E-2;7,792413E-2;9,336873E-1;;
30/11/2021  14:47:39,158383;9,451611E-1;1,270543E-1;1,253139E-1;9,337574E-1;;
30/11/2021  14:47:39,158483;9,448124E-1;1,375674E-1;1,581709E-1;9,338425E-1;;
30/11/2021  14:47:39,158583;9,452058E-1;1,219570E-1;1,856569E-1;9,339426E-1;;
30/11/2021  14:47:39,158683;9,461386E-1;1,477620E-1;1,366875E-1;9,340579E-1;;
30/11/2021  14:47:39,158783;9,462489E-1;1,682560E-2;1,947671E-2;9,341886E-1;;
30/11/2021  14:47:39,158883;9,475453E-1;5,780180E-4;3,364175E-3;9,343345E-1;;
30/11/2021  14:47:39,158983;9,471638E-1;9,498258E-3;1,221027E-2;9,344958E-1;;
30/11/2021  14:47:39,159083;9,466214E-1;5,038138E-3;7,787223E-3;9,346724E-1;;
30/11/2021  14:47:39,159183;9,471728E-1;1,533758E-3;3,680107E-3;9,348641E-1;;
30/11/2021  14:47:39,159283;9,470357E-1;1,215178E-3;3,996039E-3;9,350705E-1;;
30/11/2021  14:47:39,159383;9,473367E-1;8,223938E-3;9,998747E-3;9,352912E-1;;
30/11/2021  14:47:39,159483;9,477480E-1;8,965980E-4;3,680107E-3;9,355257E-1;;
30/11/2021  14:47:39,159583;9,477122E-1;1,215178E-3;3,680107E-3;9,357734E-1;;
30/11/2021  14:47:39,159683;9,477271E-1;1,533758E-3;3,364175E-3;9,360337E-1;;
30/11/2021  14:47:39,159783;9,474768E-1;1,215178E-3;3,048243E-3;9,363060E-1;;
30/11/2021  14:47:39,159883;9,466214E-1;2,808078E-3;4,627903E-3;9,365895E-1;;
30/11/2021  14:47:39,159983;9,467257E-1;6,949618E-3;9,050951E-3;9,368831E-1;;
30/11/2021  14:47:39,160083;9,469940E-1;3,445238E-3;5,891631E-3;9,371860E-1;;
30/11/2021  14:47:39,160183;9,468837E-1;1,533758E-3;3,364175E-3;9,374970E-1;;
30/11/2021  14:47:39,160283;9,464933E-1;6,631038E-3;9,050951E-3;9,378151E-1;;
30/11/2021  14:47:39,160383;9,464962E-1;7,586778E-3;9,366883E-3;9,381391E-1;;
30/11/2021  14:47:39,160483;9,466631E-1;1,533758E-3;3,680107E-3;9,384681E-1;;
30/11/2021  14:47:39,160583;9,462787E-1;1,215178E-3;3,680107E-3;9,388009E-1;;
30/11/2021  14:47:39,160683;9,464962E-1;1,533758E-3;3,996039E-3;9,391363E-1;;
30/11/2021  14:47:39,160783;9,467794E-1;1,215178E-3;3,364175E-3;9,394735E-1;;
30/11/2021  14:47:39,160883;9,471191E-1;1,215178E-3;3,996039E-3;9,398112E-1;;
30/11/2021  14:47:39,160983;9,469761E-1;1,215178E-3;3,048243E-3;9,401488E-1;;
30/11/2021  14:47:39,161083;9,465141E-1;1,533758E-3;3,996039E-3;9,404852E-1;;
30/11/2021  14:47:39,161183;9,467019E-1;1,215178E-3;3,048243E-3;9,408197E-1;;
30/11/2021  14:47:39,161283;9,466333E-1;1,215178E-3;3,364175E-3;9,411515E-1;;
30/11/2021  14:47:39,161383;9,465737E-1;1,533758E-3;3,680107E-3;9,414796E-1;;
30/11/2021  14:47:39,161483;9,466721E-1;2,489498E-3;4,627903E-3;9,418033E-1;;
30/11/2021  14:47:39,161583;9,471161E-1;1,215178E-3;3,680107E-3;9,421219E-1;;
30/11/2021  14:47:39,161683;9,471847E-1;6,631038E-3;8,103155E-3;9,424349E-1;;
30/11/2021  14:47:39,161783;9,473456E-1;8,965980E-4;3,364175E-3;9,427416E-1;;
30/11/2021  14:47:39,161883;9,469701E-1;5,780180E-4;3,996039E-3;9,430416E-1;;
30/11/2021  14:47:39,161983;9,471251E-1;8,965980E-4;3,680107E-3;9,433345E-1;;
30/11/2021  14:47:39,162083;9,475840E-1;8,965980E-4;3,996039E-3;9,436199E-1;;
30/11/2021  14:47:39,162183;9,476854E-1;1,852338E-3;4,627903E-3;9,438974E-1;;
30/11/2021  14:47:39,162283;9,475483E-1;1,533758E-3;3,680107E-3;9,441668E-1;;
30/11/2021  14:47:39,162383;9,473933E-1;1,650702E-2;1,758111E-2;9,444279E-1;;
30/11/2021  14:47:39,162483;9,470297E-1;1,523270E-2;1,568552E-2;9,446804E-1;;
30/11/2021  14:47:39,162583;9,466214E-1;1,491412E-2;1,505366E-2;9,449242E-1;;
30/11/2021  14:47:39,162683;9,465290E-1;1,523270E-2;1,600145E-2;9,451588E-1;;
30/11/2021  14:47:39,162783;9,469045E-1;1,459554E-2;1,600145E-2;9,453841E-1;;
30/11/2021  14:47:39,162883;9,469433E-1;1,841850E-2;2,579535E-2;9,455998E-1;;
30/11/2021  14:47:39,162983;9,467823E-1;1,650702E-2;1,979264E-2;9,458058E-1;;
30/11/2021  14:47:39,163083;9,473516E-1;2,160430E-2;2,421569E-2;9,460019E-1;;
30/11/2021  14:47:39,163183;9,466065E-1;2,001140E-2;2,105637E-2;9,461882E-1;;
30/11/2021  14:47:39,163283;9,468271E-1;1,343816E-1;1,433221E-1;9,463645E-1;;
30/11/2021  14:47:39,163383;9,471370E-1;1,618844E-2;1,821298E-2;9,465310E-1;;
30/11/2021  14:47:39,163483;9,472473E-1;3,498466E-2;4,222381E-2;9,466876E-1;;
30/11/2021  14:47:39,163583;9,477271E-1;1,044351E-1;8,234717E-2;9,468345E-1;;
30/11/2021  14:47:39,163683;9,474768E-1;1,184526E-1;1,139404E-1;9,469719E-1;;
30/11/2021  14:47:39,163783;9,471936E-1;8,723178E-2;1,063580E-1;9,471001E-1;;
30/11/2021  14:47:39,163883;9,466035E-1;1,245056E-1;1,199431E-1;9,472192E-1;;
30/11/2021  14:47:39,163983;9,463353E-1;1,286472E-1;1,237343E-1;9,473294E-1;;
30/11/2021  14:47:39,164083;9,465231E-1;1,350188E-1;1,565912E-1;9,474308E-1;;
30/11/2021  14:47:39,164183;9,460581E-1;1,417090E-1;1,401627E-1;9,475234E-1;;
30/11/2021  14:47:39,164283;9,460641E-1;1,541336E-1;1,739675E-1;9,476072E-1;;
30/11/2021  14:47:39,164383;9,451879E-1;1,015679E-1;8,708615E-2;9,476824E-1;;
30/11/2021  14:47:39,164483;9,447379E-1;1,483991E-1;1,764949E-1;9,477489E-1;;
30/11/2021  14:47:39,164583;9,438527E-1;1,264171E-1;1,335282E-1;9,478066E-1;;
30/11/2021  14:47:39,164683;9,435428E-1;1,397975E-1;1,404787E-1;9,478553E-1;;
30/11/2021  14:47:39,164783;9,433401E-1;1,168597E-1;1,199431E-1;9,478948E-1;;
30/11/2021  14:47:39,164883;9,430033E-1;1,324701E-1;1,287892E-1;9,479247E-1;;
30/11/2021  14:47:39,164983;9,431762E-1;1,181340E-1;1,237343E-1;9,479451E-1;;
30/11/2021  14:47:39,165083;9,423030E-1;1,216384E-1;1,366875E-1;9,479555E-1;;
30/11/2021  14:47:39,165183;9,411973E-1;1,104881E-1;1,167838E-1;9,479560E-1;;
30/11/2021  14:47:39,165283;9,404343E-1;1,123996E-1;1,180475E-1;9,479463E-1;;
30/11/2021  14:47:39,165383;9,403985E-1;1,066652E-1;1,155200E-1;9,479259E-1;;
30/11/2021  14:47:39,165483;9,396356E-1;1,057094E-1;1,120448E-1;9,478946E-1;;
30/11/2021  14:47:39,165583;9,394150E-1;2,829448E-2;4,980618E-2;9,478519E-1;;
30/11/2021  14:47:39,165683;9,387475E-1;9,806350E-2;9,087734E-2;9,477978E-1;;
30/11/2021  14:47:39,165783;9,380620E-1;1,018865E-1;1,180475E-1;9,477317E-1;;
30/11/2021  14:47:39,165883;9,370964E-1;9,455912E-2;1,110970E-1;9,476535E-1;;
30/11/2021  14:47:39,165983;9,371947E-1;1,210013E-1;1,629098E-1;9,475628E-1;;
30/11/2021  14:47:39,166083;9,368580E-1;1,022050E-1;1,155200E-1;9,474594E-1;;
30/11/2021  14:47:39,166183;9,361665E-1;8,404598E-2;1,218387E-1;9,473430E-1;;
30/11/2021  14:47:39,166283;9,359341E-1;8,436456E-2;9,245700E-2;9,472135E-1;;
30/11/2021  14:47:39,166383;9,352993E-1;1,123996E-1;1,436380E-1;9,470709E-1;;
30/11/2021  14:47:39,166483;9,347598E-1;1,101695E-1;1,218387E-1;9,469149E-1;;
30/11/2021  14:47:39,166583;9,339671E-1;1,053908E-1;1,218387E-1;9,467456E-1;;
30/11/2021  14:47:39,166683;9,337137E-1;2,331414E-1;2,320989E-1;9,465629E-1;;
30/11/2021  14:47:39,166783;9,330938E-1;1,464877E-1;1,464814E-1;9,463668E-1;;
30/11/2021  14:47:39,166883;9,339402E-1;1,570008E-1;1,189953E-1;9,461572E-1;;
30/11/2021  14:47:39,166983;9,331177E-1;1,863102E-1;1,704922E-1;9,459343E-1;;
30/11/2021  14:47:39,167083;9,330402E-1;1,605052E-1;1,249980E-1;9,456985E-1;;
30/11/2021  14:47:39,167183;9,327094E-1;1,662396E-1;1,689125E-1;9,454500E-1;;
30/11/2021  14:47:39,167283;9,320120E-1;4,008194E-2;6,560278E-2;9,451892E-1;;
30/11/2021  14:47:39,167383;9,321699E-1;1,512664E-1;1,546956E-1;9,449165E-1;;
30/11/2021  14:47:39,167483;9,323309E-1;8,181592E-2;8,740209E-2;9,446323E-1;;
30/11/2021  14:47:39,167583;9,329418E-1;1,168597E-1;1,227865E-1;9,443372E-1;;
30/11/2021  14:47:39,167683;9,324978E-1;1,222756E-1;1,129926E-1;9,440318E-1;;
30/11/2021  14:47:39,167783;9,326110E-1;4,135626E-2;1,088855E-1;9,437170E-1;;
30/11/2021  14:47:39,167883;9,324650E-1;2,168938E-1;2,153545E-1;9,433936E-1;;
30/11/2021  14:47:39,167983;9,322892E-1;6,588692E-2;1,120448E-1;9,430624E-1;;
30/11/2021  14:47:39,168083;9,330432E-1;1,092138E-1;1,183634E-1;9,427243E-1;;
30/11/2021  14:47:39,168183;9,332518E-1;1,152668E-1;1,155200E-1;9,423802E-1;;
30/11/2021  14:47:39,168283;9,334574E-1;8,882468E-2;8,266311E-2;9,420312E-1;;
30/11/2021  14:47:39,168383;9,336422E-1;1,216384E-1;1,189953E-1;9,416785E-1;;
30/11/2021  14:47:39,168483;9,340773E-1;1,324701E-1;1,351078E-1;9,413230E-1;;
30/11/2021  14:47:39,168583;9,337227E-1;1,595494E-1;1,588027E-1;9,409660E-1;;
30/11/2021  14:47:39,168683;9,342860E-1;2,224146E-2;2,074043E-2;9,406087E-1;;
30/11/2021  14:47:39,168783;9,352575E-1;4,836502E-2;4,664686E-2;9,402522E-1;;
30/11/2021  14:47:39,168883;9,357254E-1;1,085766E-1;1,227865E-1;9,398976E-1;;
30/11/2021  14:47:39,168983;9,363155E-1;1,187712E-1;1,268936E-1;9,395464E-1;;
30/11/2021  14:47:39,169083;9,366702E-1;1,108067E-1;1,180475E-1;9,391999E-1;;
30/11/2021  14:47:39,169183;9,372782E-1;9,328480E-2;9,688005E-2;9,388593E-1;;
30/11/2021  14:47:39,169283;9,377491E-1;7,894870E-2;7,381701E-2;9,385262E-1;;
30/11/2021  14:47:39,169383;9,377520E-1;1,073023E-1;1,158360E-1;9,382017E-1;;
30/11/2021  14:47:39,169483;9,384852E-1;1,165411E-1;1,152041E-1;9,378871E-1;;
30/11/2021  14:47:39,169583;9,401750E-1;1,200455E-1;1,095173E-1;9,375837E-1;;
30/11/2021  14:47:39,169683;9,409916E-1;1,088952E-1;1,205749E-1;9,372927E-1;;
30/11/2021  14:47:39,169783;9,414327E-1;1,108067E-1;1,066739E-1;9,370156E-1;;
30/11/2021  14:47:39,169883;9,419543E-1;1,088952E-1;8,613836E-2;9,367536E-1;;
30/11/2021  14:47:39,169983;9,418410E-1;1,289658E-1;1,120448E-1;9,365082E-1;;
30/11/2021  14:47:39,170083;9,422970E-1;1,069837E-1;1,069899E-1;9,362802E-1;;
30/11/2021  14:47:39,170183;9,431196E-1;1,241871E-1;1,196272E-1;9,360708E-1;;
30/11/2021  14:47:39,170283;9,441537E-1;7,958586E-2;9,940750E-2;9,358809E-1;;
30/11/2021  14:47:39,170383;9,443862E-1;7,544432E-2;7,792413E-2;9,357112E-1;;
30/11/2021  14:47:39,170483;9,445501E-1;1,066652E-1;1,063580E-1;9,355627E-1;;
30/11/2021  14:47:39,170583;9,451730E-1;1,305587E-1;1,452176E-1;9,354360E-1;;
30/11/2021  14:47:39,170683;9,453965E-1;1,222756E-1;1,126766E-1;9,353316E-1;;
30/11/2021  14:47:39,170783;9,452535E-1;1,241871E-1;1,268936E-1;9,352500E-1;;
30/11/2021  14:47:39,170883;9,467883E-1;1,219570E-1;1,259458E-1;9,351915E-1;;
30/11/2021  14:47:39,170983;9,464575E-1;1,254614E-1;1,249980E-1;9,351563E-1;;
30/11/2021  14:47:39,171083;9,467347E-1;1,321516E-1;1,398468E-1;9,351445E-1;;
30/11/2021  14:47:39,171183;9,467645E-1;1,260985E-1;1,218387E-1;9,351561E-1;;
30/11/2021  14:47:39,171283;9,469671E-1;1,034794E-1;1,107811E-1;9,351910E-1;;
30/11/2021  14:47:39,171383;9,468747E-1;7,257710E-2;6,497092E-2;9,352489E-1;;
30/11/2021  14:47:39,171483;9,475244E-1;1,618844E-2;4,822652E-2;9,353294E-1;;
30/11/2021  14:47:39,171583;9,481414E-1;5,378088E-2;5,675668E-2;9,354320E-1;;
30/11/2021  14:47:39,171683;9,483381E-1;1,114439E-1;1,041465E-1;9,355563E-1;;
30/11/2021  14:47:39,171783;9,480460E-1;5,059508E-2;3,148212E-2;9,357016E-1;;
30/11/2021  14:47:39,171883;9,477807E-1;1,022050E-1;9,372073E-2;9,358674E-1;;
30/11/2021  14:47:39,171983;9,475185E-1;1,187712E-1;1,325804E-1;9,360529E-1;;
30/11/2021  14:47:39,172083;9,480311E-1;1,254614E-1;1,787064E-1;9,362570E-1;;
30/11/2021  14:47:39,172183;9,485974E-1;1,442576E-1;1,126766E-1;9,364789E-1;;
30/11/2021  14:47:39,172283;9,483858E-1;1,296029E-1;1,300529E-1;9,367174E-1;;
30/11/2021  14:47:39,172383;9,487374E-1;8,723178E-2;9,308886E-2;9,369718E-1;;
30/11/2021  14:47:39,172483;9,492024E-1;1,296029E-1;1,287892E-1;9,372408E-1;;
30/11/2021  14:47:39,172583;9,485914E-1;1,378860E-1;1,224705E-1;9,375236E-1;;
30/11/2021  14:47:39,172683;9,484156E-1;1,347002E-1;1,268936E-1;9,378192E-1;;
30/11/2021  14:47:39,172783;9,489759E-1;1,171783E-1;1,164678E-1;9,381263E-1;;
30/11/2021  14:47:39,172883;9,487970E-1;1,155854E-1;1,256299E-1;9,384438E-1;;
30/11/2021  14:47:39,172983;9,494587E-1;1,216384E-1;1,180475E-1;9,387706E-1;;
30/11/2021  14:47:39,173083;9,491100E-1;1,178155E-1;1,234183E-1;9,391056E-1;;
30/11/2021  14:47:39,173183;9,497358E-1;1,241871E-1;1,253139E-1;9,394478E-1;;
30/11/2021  14:47:39,173283;9,490533E-1;1,178155E-1;1,063580E-1;9,397962E-1;;
30/11/2021  14:47:39,173383;9,485974E-1;1,321516E-1;1,366875E-1;9,401497E-1;;
30/11/2021  14:47:39,173483;9,493275E-1;1,280100E-1;1,449017E-1;9,405071E-1;;
30/11/2021  14:47:39,173583;9,493156E-1;1,296029E-1;1,234183E-1;9,408675E-1;;
30/11/2021  14:47:39,173683;9,495600E-1;1,452133E-1;1,420583E-1;9,412297E-1;;
30/11/2021  14:47:39,173783;9,491934E-1;1,969282E-2;7,824006E-2;9,415927E-1;;
30/11/2021  14:47:39,173883;9,491517E-1;1,305587E-1;1,259458E-1;9,419558E-1;;
30/11/2021  14:47:39,173983;9,493812E-1;1,315144E-1;1,284732E-1;9,423178E-1;;
30/11/2021  14:47:39,174083;9,491487E-1;1,331073E-1;1,404787E-1;9,426779E-1;;
30/11/2021  14:47:39,174183;9,495004E-1;2,808078E-3;5,865227E-2;9,430353E-1;;
30/11/2021  14:47:39,174283;9,500488E-1;1,219570E-1;1,148882E-1;9,433891E-1;;
30/11/2021  14:47:39,174383;9,500875E-1;1,490363E-1;1,616461E-1;9,437386E-1;;
30/11/2021  14:47:39,174483;9,498878E-1;1,426647E-1;1,287892E-1;9,440833E-1;;
30/11/2021  14:47:39,174583;9,500964E-1;1,276914E-1;1,240502E-1;9,444226E-1;;
30/11/2021  14:47:39,174683;9,502991E-1;1,280100E-1;1,101492E-1;9,447560E-1;;
30/11/2021  14:47:39,174783;9,501203E-1;1,273729E-1;1,098333E-1;9,450829E-1;;
30/11/2021  14:47:39,174883;9,507253E-1;1,311958E-1;1,139404E-1;9,454030E-1;;
30/11/2021  14:47:39,174983;9,509667E-1;1,636910E-1;1,866047E-1;9,457159E-1;;
30/11/2021  14:47:39,175083;9,508058E-1;1,547707E-1;1,742834E-1;9,460214E-1;;
30/11/2021  14:47:39,175183;9,507163E-1;1,554079E-1;2,099837E-1;9,463192E-1;;
30/11/2021  14:47:39,175283;9,511068E-1;1,241871E-1;1,335282E-1;9,466091E-1;;
30/11/2021  14:47:39,175383;9,505256E-1;1,120810E-1;1,174156E-1;9,468909E-1;;
30/11/2021  14:47:39,175483;9,505793E-1;1,159040E-1;1,196272E-1;9,471644E-1;;
30/11/2021  14:47:39,175583;9,505673E-1;9,933782E-2;1,180475E-1;9,474295E-1;;
30/11/2021  14:47:39,175683;9,502663E-1;7,640006E-2;7,381701E-2;9,476858E-1;;
30/11/2021  14:47:39,175783;9,504511E-1;1,063466E-1;1,164678E-1;9,479332E-1;;
30/11/2021  14:47:39,175883;9,496345E-1;1,088952E-1;1,155200E-1;9,481715E-1;;
30/11/2021  14:47:39,175983;9,495600E-1;1,174969E-1;1,218387E-1;9,484005E-1;;
30/11/2021  14:47:39,176083;9,492262E-1;9,169190E-2;9,909157E-2;9,486198E-1;;
30/11/2021  14:47:39,176183;9,489073E-1;9,933782E-2;1,436380E-1;9,488293E-1;;
30/11/2021  14:47:39,176283;9,500011E-1;9,201048E-2;1,073058E-1;9,490285E-1;;
30/11/2021  14:47:39,176383;9,489371E-1;8,850610E-2;1,022509E-1;9,492174E-1;;
30/11/2021  14:47:39,176483;9,486838E-1;-4,274886E-2;3,274585E-2;9,493958E-1;;
30/11/2021  14:47:39,176583;9,486629E-1;5,601094E-2;8,045158E-2;9,495636E-1;;
30/11/2021  14:47:39,176683;9,477211E-1;1,273729E-1;1,398468E-1;9,497205E-1;;
30/11/2021  14:47:39,176783;9,475811E-1;1,241871E-1;1,360556E-1;9,498663E-1;;
30/11/2021  14:47:39,176883;9,474291E-1;1,353374E-1;1,366875E-1;9,500008E-1;;
30/11/2021  14:47:39,176983;9,476496E-1;1,522221E-1;1,392149E-1;9,501238E-1;;
30/11/2021  14:47:39,177083;9,473158E-1;1,687883E-1;1,562753E-1;9,502350E-1;;
30/11/2021  14:47:39,177183;9,473188E-1;1,706997E-1;1,689125E-1;9,503345E-1;;
30/11/2021  14:47:39,177283;9,460760E-1;1,706997E-1;1,584868E-1;9,504222E-1;;
30/11/2021  14:47:39,177383;9,455247E-1;1,742041E-1;1,610142E-1;9,504979E-1;;
30/11/2021  14:47:39,177483;9,450717E-1;1,624167E-1;1,537478E-1;9,505614E-1;;
30/11/2021  14:47:39,177583;9,451313E-1;1,235499E-1;1,319485E-1;9,506125E-1;;
30/11/2021  14:47:39,177683;9,449614E-1;1,350188E-1;1,505885E-1;9,506511E-1;;
30/11/2021  14:47:39,177783;9,446604E-1;1,452133E-1;1,528000E-1;9,506769E-1;;
30/11/2021  14:47:39,177883;9,436590E-1;1,382046E-1;1,515363E-1;9,506899E-1;;
30/11/2021  14:47:39,177983;9,433103E-1;1,614609E-1;2,153545E-1;9,506901E-1;;
30/11/2021  14:47:39,178083;9,423089E-1;1,225942E-1;1,208909E-1;9,506772E-1;;
30/11/2021  14:47:39,178183;9,420943E-1;1,464877E-1;1,417424E-1;9,506510E-1;;
30/11/2021  14:47:39,178283;9,425235E-1;-3,605868E-2;9,024547E-2;9,506115E-1;;
30/11/2021  14:47:39,178383;9,415370E-1;1,343816E-1;1,313166E-1;9,505584E-1;;
30/11/2021  14:47:39,178483;9,409499E-1;-3,064282E-2;7,697633E-2;9,504918E-1;;
30/11/2021  14:47:39,178583;9,408277E-1;1,327887E-1;1,351078E-1;9,504116E-1;;
30/11/2021  14:47:39,178683;9,402138E-1;1,308772E-1;1,310007E-1;9,503177E-1;;
30/11/2021  14:47:39,178783;9,393614E-1;1,523270E-2;1,789705E-2;9,502103E-1;;
30/11/2021  14:47:39,178883;9,395730E-1;1,852338E-3;3,364175E-3;9,500892E-1;;
30/11/2021  14:47:39,178983;9,389084E-1;2,489498E-3;5,259767E-3;9,499545E-1;;
30/11/2021  14:47:39,179083;9,382140E-1;5,675298E-3;7,787223E-3;9,498062E-1;;
30/11/2021  14:47:39,179183;9,381514E-1;1,533758E-3;3,364175E-3;9,496445E-1;;
30/11/2021  14:47:39,179283;9,375762E-1;7,268198E-3;9,366883E-3;9,494694E-1;;
30/11/2021  14:47:39,179383;9,366791E-1;5,038138E-3;7,471291E-3;9,492811E-1;;
30/11/2021  14:47:39,179483;9,361457E-1;8,542518E-3;1,094654E-2;9,490796E-1;;
30/11/2021  14:47:39,179583;9,362738E-1;6,949618E-3;8,735019E-3;9,488651E-1;;
30/11/2021  14:47:39,179683;9,362589E-1;3,763818E-3;6,839427E-3;9,486377E-1;;
30/11/2021  14:47:39,179783;9,358238E-1;5,993878E-3;7,471291E-3;9,483978E-1;;
30/11/2021  14:47:39,179883;9,356718E-1;8,861098E-3;1,157841E-2;9,481456E-1;;
30/11/2021  14:47:39,179983;9,349059E-1;9,498258E-3;1,189434E-2;9,478816E-1;;
30/11/2021  14:47:39,180083;9,341876E-1;5,993878E-3;7,155359E-3;9,476061E-1;;
30/11/2021  14:47:39,180183;9,339134E-1;2,808078E-3;4,627903E-3;9,473194E-1;;
30/11/2021  14:47:39,180283;9,337525E-1;2,808078E-3;4,311971E-3;9,470220E-1;;
30/11/2021  14:47:39,180383;9,329538E-1;3,126658E-3;5,259767E-3;9,467141E-1;;
30/11/2021  14:47:39,180483;9,337316E-1;1,215178E-3;3,364175E-3;9,463961E-1;;
30/11/2021  14:47:39,180583;9,335379E-1;2,594380E-4;3,680107E-3;9,460686E-1;;
30/11/2021  14:47:39,180683;9,323041E-1;1,533758E-3;3,680107E-3;9,457321E-1;;
30/11/2021  14:47:39,180783;9,319643E-1;2,489498E-3;4,311971E-3;9,453871E-1;;
30/11/2021  14:47:39,180883;9,321550E-1;4,719558E-3;6,207563E-3;9,450341E-1;;
30/11/2021  14:47:39,180983;9,312520E-1;3,126658E-3;4,311971E-3;9,446736E-1;;
30/11/2021  14:47:39,181083;9,317378E-1;1,533758E-3;3,680107E-3;9,443061E-1;;
30/11/2021  14:47:39,181183;9,315709E-1;7,586778E-3;8,419087E-3;9,439321E-1;;
30/11/2021  14:47:39,181283;9,310166E-1;5,780180E-4;2,732311E-3;9,435522E-1;;
30/11/2021  14:47:39,181383;9,305040E-1;1,215178E-3;3,996039E-3;9,431670E-1;;
30/11/2021  14:47:39,181483;9,305636E-1;2,594380E-4;3,364175E-3;9,427772E-1;;
30/11/2021  14:47:39,181583;9,308020E-1;1,852338E-3;3,996039E-3;9,423832E-1;;
30/11/2021  14:47:39,181683;9,316394E-1;1,215178E-3;3,996039E-3;9,419857E-1;;
30/11/2021  14:47:39,181783;9,311626E-1;1,215178E-3;3,364175E-3;9,415856E-1;;
30/11/2021  14:47:39,181883;9,306559E-1;8,965980E-4;3,048243E-3;9,411836E-1;;
30/11/2021  14:47:39,181983;9,309897E-1;1,215178E-3;3,364175E-3;9,407804E-1;;
30/11/2021  14:47:39,182083;9,308079E-1;8,965980E-4;3,680107E-3;9,403770E-1;;
30/11/2021  14:47:39,182183;9,307573E-1;1,533758E-3;3,680107E-3;9,399740E-1;;
30/11/2021  14:47:39,182283;9,304741E-1;1,852338E-3;4,943835E-3;9,395722E-1;;
30/11/2021  14:47:39,182383;9,307424E-1;1,852338E-3;4,311971E-3;9,391723E-1;;
30/11/2021  14:47:39,182483;9,310195E-1;9,816838E-3;1,094654E-2;9,387750E-1;;
30/11/2021  14:47:39,182583;9,311000E-1;1,363980E-2;1,600145E-2;9,383810E-1;;
30/11/2021  14:47:39,182683;9,307305E-1;4,082398E-3;8,419087E-3;9,379912E-1;;
30/11/2021  14:47:39,182783;9,302268E-1;-5,475002E-3;2,200416E-2;9,376062E-1;;
30/11/2021  14:47:39,182883;9,312282E-1;1,555128E-2;1,694925E-2;9,372266E-1;;
30/11/2021  14:47:39,182983;9,306649E-1;1,650702E-2;1,852891E-2;9,368531E-1;;
30/11/2021  14:47:39,183083;9,310523E-1;4,963934E-2;6,370719E-2;9,364862E-1;;
30/11/2021  14:47:39,183183;9,315947E-1;1,905566E-2;2,295196E-2;9,361266E-1;;
30/11/2021  14:47:39,183283;9,313474E-1;1,618844E-2;1,758111E-2;9,357750E-1;;
30/11/2021  14:47:39,183383;9,316514E-1;1,018865E-1;9,972343E-2;9,354318E-1;;
30/11/2021  14:47:39,183483;9,320537E-1;9,583344E-2;8,487463E-2;9,350978E-1;;
30/11/2021  14:47:39,183583;9,324173E-1;5,027650E-2;6,655058E-2;9,347735E-1;;
30/11/2021  14:47:39,183683;9,327571E-1;1,283286E-1;1,641736E-1;9,344595E-1;;
30/11/2021  14:47:39,183783;9,333978E-1;4,645354E-2;4,317161E-2;9,341566E-1;;
30/11/2021  14:47:39,183883;9,333799E-1;1,123996E-1;1,076217E-1;9,338653E-1;;
30/11/2021  14:47:39,183983;9,337286E-1;-2,395264E-2;-3,270397E-3;9,335863E-1;;
30/11/2021  14:47:39,184083;9,336005E-1;1,216384E-1;1,322644E-1;9,333202E-1;;
30/11/2021  14:47:39,184183;9,336511E-1;1,331073E-1;1,392149E-1;9,330674E-1;;
30/11/2021  14:47:39,184283;9,347717E-1;1,276914E-1;1,376353E-1;9,328284E-1;;
30/11/2021  14:47:39,184383;9,348045E-1;1,203641E-1;1,212068E-1;9,326036E-1;;
30/11/2021  14:47:39,184483;9,353678E-1;2,893164E-2;7,128955E-2;9,323936E-1;;
30/11/2021  14:47:39,184583;9,356301E-1;1,280100E-1;1,272095E-1;9,321986E-1;;
30/11/2021  14:47:39,184683;9,358715E-1;1,114439E-1;1,227865E-1;9,320192E-1;;
30/11/2021  14:47:39,184783;9,362321E-1;1,299215E-1;1,202590E-1;9,318556E-1;;
30/11/2021  14:47:39,184883;9,358327E-1;1,369303E-1;1,294210E-1;9,317082E-1;;
30/11/2021  14:47:39,184983;9,366642E-1;1,241871E-1;1,158360E-1;9,315771E-1;;
30/11/2021  14:47:39,185083;9,373974E-1;9,647060E-2;1,054102E-1;9,314625E-1;;
30/11/2021  14:47:39,185183;9,381305E-1;1,324701E-1;1,265777E-1;9,313645E-1;;
30/11/2021  14:47:39,185283;9,379517E-1;1,238685E-1;1,177316E-1;9,312835E-1;;
30/11/2021  14:47:39,185383;9,381961E-1;9,551486E-2;7,824006E-2;9,312195E-1;;
30/11/2021  14:47:39,185483;9,385567E-1;-3,000566E-2;6,370719E-2;9,311726E-1;;
30/11/2021  14:47:39,185583;9,388577E-1;1,190898E-1;1,505885E-1;9,311429E-1;;
30/11/2021  14:47:39,185683;9,395313E-1;9,455912E-2;1,028828E-1;9,311302E-1;;
30/11/2021  14:47:39,185783;9,398383E-1;1,092138E-1;1,123607E-1;9,311345E-1;;
30/11/2021  14:47:39,185883;9,403449E-1;1,066652E-1;1,297370E-1;9,311559E-1;;
30/11/2021  14:47:39,185983;9,409022E-1;1,018865E-1;1,101492E-1;9,311941E-1;;
30/11/2021  14:47:39,186083;9,407830E-1;1,012493E-1;1,114129E-1;9,312492E-1;;
30/11/2021  14:47:39,186183;9,413552E-1;1,433019E-1;1,534319E-1;9,313209E-1;;
30/11/2021  14:47:39,186283;9,415042E-1;6,652408E-2;1,054102E-1;9,314091E-1;;
30/11/2021  14:47:39,186383;9,416771E-1;9,774492E-2;9,466852E-2;9,315135E-1;;
30/11/2021  14:47:39,186483;9,418201E-1;1,270543E-1;1,483770E-1;9,316338E-1;;
30/11/2021  14:47:39,186583;9,423000E-1;7,894870E-2;8,866581E-2;9,317695E-1;;
30/11/2021  14:47:39,186683;9,424252E-1;8,627604E-2;8,329497E-2;9,319203E-1;;
30/11/2021  14:47:39,186783;9,419334E-1;8,022302E-2;8,203124E-2;9,320857E-1;;
30/11/2021  14:47:39,186883;9,418678E-1;8,277166E-2;8,582243E-2;9,322650E-1;;
30/11/2021  14:47:39,186983;9,423387E-1;9,487770E-2;9,719598E-2;9,324577E-1;;
30/11/2021  14:47:39,187083;9,417874E-1;1,334259E-1;1,540637E-1;9,326630E-1;;
30/11/2021  14:47:39,187183;9,426487E-1;1,375674E-1;1,474292E-1;9,328801E-1;;
30/11/2021  14:47:39,187283;9,430838E-1;1,665582E-1;1,708081E-1;9,331082E-1;;
30/11/2021  14:47:39,187383;9,427738E-1;2,066993E-1;1,916596E-1;9,333465E-1;;
30/11/2021  14:47:39,187483;9,429884E-1;1,745227E-1;1,569071E-1;9,335945E-1;;
30/11/2021  14:47:39,187583;9,429497E-1;1,662396E-1;1,524841E-1;9,338512E-1;;
30/11/2021  14:47:39,187683;9,432567E-1;1,455319E-1;1,347919E-1;9,341159E-1;;
30/11/2021  14:47:39,187783;9,433073E-1;1,385232E-1;1,306848E-1;9,343879E-1;;
30/11/2021  14:47:39,187883;9,435487E-1;1,241871E-1;1,275255E-1;9,346664E-1;;
30/11/2021  14:47:39,187983;9,437961E-1;1,321516E-1;1,313166E-1;9,349505E-1;;
30/11/2021  14:47:39,188083;9,436769E-1;1,108067E-1;1,139404E-1;9,352396E-1;;
30/11/2021  14:47:39,188183;9,435189E-1;1,152668E-1;1,057261E-1;9,355330E-1;;
30/11/2021  14:47:39,188283;9,430629E-1;4,167484E-2;7,887192E-2;9,358299E-1;;
30/11/2021  14:47:39,188383;9,437603E-1;5,186940E-2;8,740209E-2;9,361295E-1;;
30/11/2021  14:47:39,188483;9,432298E-1;1,350188E-1;1,613302E-1;9,364309E-1;;
30/11/2021  14:47:39,188583;9,433759E-1;7,448858E-2;8,045158E-2;9,367333E-1;;
30/11/2021  14:47:39,188683;9,439004E-1;5,664810E-2;8,266311E-2;9,370361E-1;;
30/11/2021  14:47:39,188783;9,431374E-1;7,512574E-2;7,444887E-2;9,373384E-1;;
30/11/2021  14:47:39,188883;9,427351E-1;1,155854E-1;1,212068E-1;9,376396E-1;;
30/11/2021  14:47:39,188983;9,428036E-1;1,101695E-1;1,161519E-1;9,379388E-1;;
30/11/2021  14:47:39,189083;9,434623E-1;1,114439E-1;1,101492E-1;9,382352E-1;;
30/11/2021  14:47:39,189183;9,433699E-1;1,210013E-1;1,272095E-1;9,385281E-1;;
30/11/2021  14:47:39,189283;9,430093E-1;1,197269E-1;1,193112E-1;9,388169E-1;;
30/11/2021  14:47:39,189383;9,429258E-1;1,047537E-1;1,025668E-1;9,391011E-1;;
30/11/2021  14:47:39,189483;9,422881E-1;1,130368E-1;1,057261E-1;9,393799E-1;;
30/11/2021  14:47:39,189583;9,421390E-1;9,041758E-2;9,056141E-2;9,396527E-1;;
30/11/2021  14:47:39,189683;9,421122E-1;1,152668E-1;1,126766E-1;9,399189E-1;;
30/11/2021  14:47:39,189783;9,422076E-1;9,041758E-2;1,041465E-1;9,401778E-1;;
30/11/2021  14:47:39,189883;9,422583E-1;5,346230E-2;4,001229E-2;9,404288E-1;;
30/11/2021  14:47:39,189983;9,419155E-1;1,241871E-1;1,344760E-1;9,406715E-1;;
30/11/2021  14:47:39,190083;9,420616E-1;1,254614E-1;1,306848E-1;9,409054E-1;;
30/11/2021  14:47:39,190183;9,417754E-1;1,213198E-1;1,215227E-1;9,411301E-1;;
30/11/2021  14:47:39,190283;9,419185E-1;1,238685E-1;1,237343E-1;9,413451E-1;;
30/11/2021  14:47:39,190383;9,418321E-1;9,710776E-2;1,076217E-1;9,415503E-1;;
30/11/2021  14:47:39,190483;9,422314E-1;1,235499E-1;1,031987E-1;9,417453E-1;;
30/11/2021  14:47:39,190583;9,422106E-1;1,197269E-1;1,417424E-1;9,419300E-1;;
30/11/2021  14:47:39,190683;9,417546E-1;1,267357E-1;1,281573E-1;9,421044E-1;;
30/11/2021  14:47:39,190783;9,372692E-1;1,184526E-1;1,148882E-1;9,422681E-1;;
30/11/2021  14:47:39,190883;9,368073E-1;1,299215E-1;1,180475E-1;9,424206E-1;;
30/11/2021  14:47:39,190983;9,373080E-1;1,060280E-1;1,129926E-1;9,425611E-1;;
30/11/2021  14:47:39,191083;9,377491E-1;1,203641E-1;1,215227E-1;9,426886E-1;;
30/11/2021  14:47:39,191183;9,380292E-1;1,219570E-1;1,262617E-1;9,428025E-1;;
30/11/2021  14:47:39,191283;9,382021E-1;1,448948E-1;1,174156E-1;9,429025E-1;;
30/11/2021  14:47:39,191383;9,376298E-1;1,149482E-1;1,085695E-1;9,429884E-1;;
30/11/2021  14:47:39,191483;9,378742E-1;1,022050E-1;1,066739E-1;9,430599E-1;;
30/11/2021  14:47:39,191583;9,375732E-1;1,327887E-1;1,509044E-1;9,431171E-1;;
30/11/2021  14:47:39,191683;9,379666E-1;1,235499E-1;1,275255E-1;9,431600E-1;;
30/11/2021  14:47:39,191783;9,381484E-1;1,716555E-1;1,806020E-1;9,431886E-1;;
30/11/2021  14:47:39,191883;9,384733E-1;1,302401E-1;1,272095E-1;9,432033E-1;;
30/11/2021  14:47:39,191983;9,386372E-1;1,413904E-1;1,407946E-1;9,432045E-1;;
30/11/2021  14:47:39,192083;9,390693E-1;1,136739E-1;1,170997E-1;9,431927E-1;;
30/11/2021  14:47:39,192183;9,382348E-1;1,257800E-1;1,259458E-1;9,431684E-1;;
30/11/2021  14:47:39,192283;9,386521E-1;1,793014E-1;9,719598E-2;9,431323E-1;;
30/11/2021  14:47:39,192383;9,391587E-1;1,318330E-1;1,319485E-1;9,430849E-1;;
30/11/2021  14:47:39,192483;9,392720E-1;1,251428E-1;1,148882E-1;9,430270E-1;;
30/11/2021  14:47:39,192583;9,396594E-1;1,123996E-1;1,158360E-1;9,429593E-1;;
30/11/2021  14:47:39,192683;9,400588E-1;1,047537E-1;8,803395E-2;9,428827E-1;;
30/11/2021  14:47:39,192783;9,394866E-1;1,267357E-1;1,098333E-1;9,427980E-1;;
30/11/2021  14:47:39,192883;9,393942E-1;1,232313E-1;1,354238E-1;9,427061E-1;;
30/11/2021  14:47:39,192983;9,386670E-1;1,092138E-1;1,771268E-1;9,426078E-1;;
30/11/2021  14:47:39,193083;9,388398E-1;1,276914E-1;1,338441E-1;9,425037E-1;;
30/11/2021  14:47:39,193183;9,392422E-1;9,009900E-2;1,411105E-1;9,423944E-1;;
30/11/2021  14:47:39,193283;9,390067E-1;1,031608E-1;1,496407E-1;9,422806E-1;;
30/11/2021  14:47:39,193383;9,389322E-1;1,687883E-1;1,806020E-1;9,421628E-1;;
30/11/2021  14:47:39,193483;9,382915E-1;1,327887E-1;1,240502E-1;9,420416E-1;;
30/11/2021  14:47:39,193583;9,386431E-1;1,133553E-1;1,155200E-1;9,419175E-1;;
30/11/2021  14:47:39,193683;9,376149E-1;1,139925E-1;1,170997E-1;9,417910E-1;;
30/11/2021  14:47:39,193783;9,383839E-1;1,079395E-1;1,088855E-1;9,416623E-1;;
30/11/2021  14:47:39,193883;9,379875E-1;1,082581E-1;1,063580E-1;9,415320E-1;;
30/11/2021  14:47:39,193983;9,380978E-1;1,139925E-1;1,148882E-1;9,414003E-1;;
30/11/2021  14:47:39,194083;9,378623E-1;1,165411E-1;1,164678E-1;9,412676E-1;;
30/11/2021  14:47:39,194183;9,377699E-1;1,111253E-1;1,050943E-1;9,411341E-1;;
30/11/2021  14:47:39,194283;9,378176E-1;1,194084E-1;1,212068E-1;9,410002E-1;;
30/11/2021  14:47:39,194383;9,374421E-1;1,241871E-1;1,373193E-1;9,408662E-1;;
30/11/2021  14:47:39,194483;9,382825E-1;1,222756E-1;1,480610E-1;9,407323E-1;;
30/11/2021  14:47:39,194583;9,381633E-1;1,417090E-1;1,708081E-1;9,405989E-1;;
30/11/2021  14:47:39,194683;9,378295E-1;1,159040E-1;1,054102E-1;9,404662E-1;;
30/11/2021  14:47:39,194783;9,371947E-1;1,168597E-1;1,193112E-1;9,403345E-1;;
30/11/2021  14:47:39,194883;9,383243E-1;1,216384E-1;1,212068E-1;9,402041E-1;;
30/11/2021  14:47:39,194983;9,380054E-1;1,232313E-1;1,256299E-1;9,400752E-1;;
30/11/2021  14:47:39,195083;9,386402E-1;9,774492E-2;9,909157E-2;9,399481E-1;;
30/11/2021  14:47:39,195183;9,388607E-1;1,101695E-1;1,013031E-1;9,398232E-1;;
30/11/2021  14:47:39,195283;9,394449E-1;1,101695E-1;1,231024E-1;9,397009E-1;;
30/11/2021  14:47:39,195383;9,389054E-1;1,181340E-1;1,066739E-1;9,395815E-1;;
30/11/2021  14:47:39,195483;9,388428E-1;9,742634E-2;9,530039E-2;9,394656E-1;;
30/11/2021  14:47:39,195583;9,385746E-1;1,098510E-1;9,466852E-2;9,393534E-1;;
30/11/2021  14:47:39,195683;9,390813E-1;1,034794E-1;8,234717E-2;9,392452E-1;;
30/11/2021  14:47:39,195783;9,392988E-1;1,168597E-1;1,047783E-1;9,391412E-1;;
30/11/2021  14:47:39,195883;9,394449E-1;1,133553E-1;1,341600E-1;9,390416E-1;;
30/11/2021  14:47:39,195983;9,395849E-1;8,595746E-2;1,031987E-1;9,389468E-1;;
30/11/2021  14:47:39,196083;9,400707E-1;1,324701E-1;1,720719E-1;9,388571E-1;;
30/11/2021  14:47:39,196183;9,394508E-1;1,206827E-1;1,262617E-1;9,387726E-1;;
30/11/2021  14:47:39,196283;9,394776E-1;1,181340E-1;1,174156E-1;9,386936E-1;;
30/11/2021  14:47:39,196383;9,396565E-1;1,286472E-1;1,243661E-1;9,386202E-1;;
30/11/2021  14:47:39,196483;9,395790E-1;1,235499E-1;1,205749E-1;9,385526E-1;;
30/11/2021  14:47:39,196583;9,404134E-1;1,098510E-1;9,119327E-2;9,384907E-1;;
30/11/2021  14:47:39,196683;9,399157E-1;1,213198E-1;1,215227E-1;9,384348E-1;;
30/11/2021  14:47:39,196783;9,400975E-1;1,248242E-1;1,237343E-1;9,383849E-1;;
30/11/2021  14:47:39,196883;9,395343E-1;1,066652E-1;1,205749E-1;9,383410E-1;;
30/11/2021  14:47:39,196983;9,389054E-1;1,117624E-1;1,000394E-1;9,383030E-1;;
30/11/2021  14:47:39,197083;9,395074E-1;1,012493E-1;8,203124E-2;9,382709E-1;;
30/11/2021  14:47:39,197183;9,396028E-1;1,270543E-1;1,174156E-1;9,382443E-1;;
30/11/2021  14:47:39,197283;9,394180E-1;1,018865E-1;1,000394E-1;9,382231E-1;;
30/11/2021  14:47:39,197383;9,392392E-1;1,165411E-1;7,729226E-2;9,382071E-1;;
30/11/2021  14:47:39,197483;9,387862E-1;1,114439E-1;1,028828E-1;9,381961E-1;;
30/11/2021  14:47:39,197583;9,384971E-1;1,162226E-1;1,205749E-1;9,381897E-1;;
30/11/2021  14:47:39,197683;9,379070E-1;1,241871E-1;1,249980E-1;9,381876E-1;;
30/11/2021  14:47:39,197783;9,378802E-1;1,159040E-1;1,215227E-1;9,381892E-1;;
30/11/2021  14:47:39,197883;9,381901E-1;1,210013E-1;1,234183E-1;9,381941E-1;;
30/11/2021  14:47:39,197983;9,382766E-1;1,136739E-1;1,189953E-1;9,382018E-1;;
30/11/2021  14:47:39,198083;9,373378E-1;9,487770E-2;1,095173E-1;9,382119E-1;;
30/11/2021  14:47:39,198183;9,366076E-1;1,031608E-1;1,107811E-1;9,382239E-1;;
30/11/2021  14:47:39,198283;9,362857E-1;1,127182E-1;1,164678E-1;9,382372E-1;;
30/11/2021  14:47:39,198383;9,363900E-1;1,053908E-1;1,107811E-1;9,382513E-1;;
30/11/2021  14:47:39,198483;9,363394E-1;8,149734E-2;9,624818E-2;9,382654E-1;;
30/11/2021  14:47:39,198583;9,361457E-1;6,270112E-2;6,244346E-2;9,382790E-1;;
30/11/2021  14:47:39,198683;9,361695E-1;9,901924E-2;1,142563E-1;9,382915E-1;;
30/11/2021  14:47:39,198783;9,355645E-1;-1,343950E-2;-4,218193E-3;9,383026E-1;;
30/11/2021  14:47:39,198883;9,354393E-1;1,047537E-1;1,606983E-1;9,383117E-1;;
30/11/2021  14:47:39,198983;9,351085E-1;9,519628E-2;2,096678E-1;9,383184E-1;;
30/11/2021  14:47:39,199083;9,356569E-1;1,130368E-1;1,212068E-1;9,383222E-1;;
30/11/2021  14:47:39,199183;9,357612E-1;1,190898E-1;1,490088E-1;9,383227E-1;;
30/11/2021  14:47:39,199283;9,365122E-1;1,123996E-1;1,253139E-1;9,383197E-1;;
30/11/2021  14:47:39,199383;9,361039E-1;1,512664E-1;1,828136E-1;9,383131E-1;;
30/11/2021  14:47:39,199483;9,355943E-1;1,343816E-1;1,363715E-1;9,383030E-1;;
30/11/2021  14:47:39,199583;9,352903E-1;1,254614E-1;1,278414E-1;9,382891E-1;;
30/11/2021  14:47:39,199683;9,347717E-1;2,248583E-1;2,090359E-1;9,382715E-1;;
30/11/2021  14:47:39,199783;9,356420E-1;1,930003E-1;1,196272E-1;9,382499E-1;;
30/11/2021  14:47:39,199883;9,357046E-1;1,617795E-1;1,319485E-1;9,382243E-1;;
30/11/2021  14:47:39,199983;9,362857E-1;1,722926E-1;1,553275E-1;9,381947E-1;;
30/11/2021  14:47:39,200083;9,361784E-1;1,452133E-1;1,215227E-1;9,381614E-1;;
30/11/2021  14:47:39,200183;9,359460E-1;1,665582E-1;1,641736E-1;9,381245E-1;;
30/11/2021  14:47:39,200283;9,358119E-1;1,652839E-1;1,749153E-1;9,380842E-1;;
30/11/2021  14:47:39,200383;9,356956E-1;1,331073E-1;1,401627E-1;9,380407E-1;;
30/11/2021  14:47:39,200483;9,364437E-1;1,165411E-1;1,114129E-1;9,379942E-1;;
30/11/2021  14:47:39,200583;9,372513E-1;1,337445E-1;1,319485E-1;9,379450E-1;;
30/11/2021  14:47:39,200683;9,373557E-1;1,267357E-1;1,189953E-1;9,378935E-1;;
30/11/2021  14:47:39,200783;9,370189E-1;1,340630E-1;1,667010E-1;9,378401E-1;;
30/11/2021  14:47:39,200883;9,364616E-1;1,483991E-1;1,714400E-1;9,377854E-1;;
30/11/2021  14:47:39,200983;9,364735E-1;1,595494E-1;1,597505E-1;9,377295E-1;;
30/11/2021  14:47:39,201083;9,367447E-1;1,222756E-1;1,237343E-1;9,376729E-1;;
30/11/2021  14:47:39,201183;9,376835E-1;1,254614E-1;1,294210E-1;9,376157E-1;;
30/11/2021  14:47:39,201283;9,384107E-1;1,194084E-1;1,139404E-1;9,375584E-1;;
30/11/2021  14:47:39,201383;9,383958E-1;1,270543E-1;1,322644E-1;9,375015E-1;;
30/11/2021  14:47:39,201483;9,379219E-1;1,120810E-1;8,866581E-2;9,374456E-1;;
30/11/2021  14:47:39,201583;9,381127E-1;1,066652E-1;8,266311E-2;9,373910E-1;;
30/11/2021  14:47:39,201683;9,383392E-1;4,719558E-3;9,277293E-2;9,373383E-1;;
30/11/2021  14:47:39,201783;9,381186E-1;4,358632E-2;9,624818E-2;9,372878E-1;;
30/11/2021  14:47:39,201883;9,391140E-1;1,159040E-1;1,584868E-1;9,372397E-1;;
30/11/2021  14:47:39,201983;9,392392E-1;1,340630E-1;1,433221E-1;9,371946E-1;;
30/11/2021  14:47:39,202083;9,396296E-1;1,063466E-1;1,240502E-1;9,371529E-1;;
30/11/2021  14:47:39,202183;9,391826E-1;6,875414E-2;1,050943E-1;9,371149E-1;;
30/11/2021  14:47:39,202283;9,388369E-1;1,544522E-1;1,569071E-1;9,370810E-1;;
30/11/2021  14:47:39,202383;9,386312E-1;1,308772E-1;1,366875E-1;9,370514E-1;;
30/11/2021  14:47:39,202483;9,388458E-1;1,302401E-1;1,360556E-1;9,370263E-1;;
30/11/2021  14:47:39,202583;9,392780E-1;1,225942E-1;1,215227E-1;9,370057E-1;;
30/11/2021  14:47:39,202683;9,392541E-1;1,292843E-1;1,335282E-1;9,369897E-1;;
30/11/2021  14:47:39,202783;9,390723E-1;1,254614E-1;1,237343E-1;9,369784E-1;;
30/11/2021  14:47:39,202883;9,382229E-1;1,251428E-1;1,205749E-1;9,369719E-1;;
30/11/2021  14:47:39,202983;9,382468E-1;1,174969E-1;1,139404E-1;9,369699E-1;;
30/11/2021  14:47:39,203083;9,385955E-1;8,850610E-2;1,006712E-1;9,369723E-1;;
30/11/2021  14:47:39,203183;9,392183E-1;1,331073E-1;1,316326E-1;9,369789E-1;;
30/11/2021  14:47:39,203283;9,393435E-1;5,951532E-2;1,060421E-1;9,369897E-1;;
30/11/2021  14:47:39,203383;9,388249E-1;-4,975762E-2;1,852891E-2;9,370045E-1;;
30/11/2021  14:47:39,203483;9,391140E-1;1,238685E-1;1,208909E-1;9,370232E-1;;
30/11/2021  14:47:39,203583;9,384107E-1;4,709070E-2;1,101492E-1;9,370458E-1;;
30/11/2021  14:47:39,203683;9,384465E-1;1,359745E-1;1,657532E-1;9,370719E-1;;
30/11/2021  14:47:39,203783;9,385895E-1;1,382046E-1;1,382671E-1;9,371014E-1;;
30/11/2021  14:47:39,203883;9,390604E-1;1,382046E-1;1,404787E-1;9,371338E-1;;
30/11/2021  14:47:39,203983;9,389322E-1;1,448948E-1;1,458495E-1;9,371691E-1;;
30/11/2021  14:47:39,204083;9,392809E-1;1,397975E-1;1,518522E-1;9,372071E-1;;
30/11/2021  14:47:39,204183;9,392839E-1;1,366117E-1;1,253139E-1;9,372476E-1;;
30/11/2021  14:47:39,204283;9,387981E-1;1,413904E-1;1,341600E-1;9,372905E-1;;
30/11/2021  14:47:39,204383;9,384703E-1;1,203641E-1;1,189953E-1;9,373355E-1;;
30/11/2021  14:47:39,204483;9,391081E-1;1,687883E-1;1,613302E-1;9,373825E-1;;
30/11/2021  14:47:39,204583;9,402615E-1;1,203641E-1;1,259458E-1;9,374312E-1;;
30/11/2021  14:47:39,204683;9,401661E-1;8,117876E-2;9,719598E-2;9,374815E-1;;
30/11/2021  14:47:39,204783;9,404671E-1;1,171783E-1;1,028828E-1;9,375336E-1;;
30/11/2021  14:47:39,204883;9,401720E-1;1,025236E-1;9,340479E-2;9,375875E-1;;
30/11/2021  14:47:39,204983;9,405058E-1;1,586986E-2;1,852891E-2;9,376432E-1;;
30/11/2021  14:47:39,205083;9,406698E-1;1,533758E-3;3,680107E-3;9,377007E-1;;
30/11/2021  14:47:39,205183;9,415936E-1;3,763818E-3;6,523495E-3;9,377601E-1;;
30/11/2021  14:47:39,205283;9,421331E-1;4,082398E-3;6,207563E-3;9,378216E-1;;
30/11/2021  14:47:39,205383;9,426815E-1;2,808078E-3;4,943835E-3;9,378853E-1;;
30/11/2021  14:47:39,205483;9,428454E-1;9,816838E-3;1,126247E-2;9,379516E-1;;
30/11/2021  14:47:39,205583;9,428335E-1;4,400978E-3;6,839427E-3;9,380208E-1;;
30/11/2021  14:47:39,205683;9,430242E-1;2,808078E-3;4,311971E-3;9,380931E-1;;
30/11/2021  14:47:39,205783;9,433133E-1;3,445238E-3;5,259767E-3;9,381689E-1;;
30/11/2021  14:47:39,205883;9,445412E-1;1,852338E-3;4,311971E-3;9,382483E-1;;
30/11/2021  14:47:39,205983;9,442133E-1;1,215178E-3;3,364175E-3;9,383317E-1;;
30/11/2021  14:47:39,206083;9,445412E-1;1,533758E-3;3,680107E-3;9,384193E-1;;
30/11/2021  14:47:39,206183;9,444220E-1;6,312458E-3;7,787223E-3;9,385114E-1;;
30/11/2021  14:47:39,206283;9,447885E-1;1,533758E-3;3,996039E-3;9,386083E-1;;
30/11/2021  14:47:39,206383;9,444220E-1;8,965980E-4;3,680107E-3;9,387099E-1;;
30/11/2021  14:47:39,206483;9,446902E-1;9,179678E-3;1,252620E-2;9,388164E-1;;
30/11/2021  14:47:39,206583;9,452386E-1;3,763818E-3;5,575699E-3;9,389278E-1;;
30/11/2021  14:47:39,206683;9,456379E-1;6,949618E-3;8,419087E-3;9,390442E-1;;
30/11/2021  14:47:39,206783;9,457720E-1;1,852338E-3;3,996039E-3;9,391655E-1;;
30/11/2021  14:47:39,206883;9,456111E-1;1,215178E-3;3,996039E-3;9,392918E-1;;
30/11/2021  14:47:39,206983;9,452356E-1;1,533758E-3;3,680107E-3;9,394230E-1;;
30/11/2021  14:47:39,207083;9,446514E-1;8,965980E-4;3,048243E-3;9,395591E-1;;
30/11/2021  14:47:39,207183;9,457094E-1;1,215178E-3;3,680107E-3;9,396997E-1;;
30/11/2021  14:47:39,207283;9,464247E-1;1,215178E-3;3,680107E-3;9,398446E-1;;
30/11/2021  14:47:39,207383;9,457243E-1;8,965980E-4;3,996039E-3;9,399936E-1;;
30/11/2021  14:47:39,207483;9,454800E-1;1,215178E-3;3,680107E-3;9,401466E-1;;
30/11/2021  14:47:39,207583;9,444726E-1;1,533758E-3;3,364175E-3;9,403032E-1;;
30/11/2021  14:47:39,207683;9,446932E-1;1,215178E-3;3,680107E-3;9,404629E-1;;
30/11/2021  14:47:39,207783;9,443832E-1;8,965980E-4;3,364175E-3;9,406252E-1;;
30/11/2021  14:47:39,207883;9,443832E-1;1,215178E-3;3,364175E-3;9,407896E-1;;
30/11/2021  14:47:39,207983;9,442551E-1;8,965980E-4;3,364175E-3;9,409554E-1;;
30/11/2021  14:47:39,208083;9,445173E-1;1,852338E-3;5,891631E-3;9,411220E-1;;
30/11/2021  14:47:39,208183;9,435517E-1;8,965980E-4;3,048243E-3;9,412888E-1;;
30/11/2021  14:47:39,208283;9,427291E-1;5,038138E-3;9,682815E-3;9,414553E-1;;
30/11/2021  14:47:39,208383;9,424013E-1;1,852338E-3;3,048243E-3;9,416206E-1;;
30/11/2021  14:47:39,208483;9,423775E-1;1,533758E-3;3,680107E-3;9,417839E-1;;
30/11/2021  14:47:39,208583;9,428096E-1;1,204690E-2;1,378993E-2;9,419445E-1;;
30/11/2021  14:47:39,208683;9,421420E-1;1,109116E-2;1,221027E-2;9,421016E-1;;
30/11/2021  14:47:39,208783;9,418529E-1;1,204690E-2;1,600145E-2;9,422545E-1;;
30/11/2021  14:47:39,208883;9,414148E-1;1,300264E-2;1,631739E-2;9,424026E-1;;
30/11/2021  14:47:39,208983;9,399604E-1;1,395838E-2;1,631739E-2;9,425452E-1;;
30/11/2021  14:47:39,209083;9,400916E-1;1,268406E-2;1,347400E-2;9,426813E-1;;
30/11/2021  14:47:39,209183;9,398621E-1;1,555128E-2;1,979264E-2;9,428103E-1;;
30/11/2021  14:47:39,209283;9,402138E-1;1,586986E-2;2,010857E-2;9,429314E-1;;
30/11/2021  14:47:39,209383;9,402108E-1;1,778134E-2;2,705907E-2;9,430439E-1;;
30/11/2021  14:47:39,209483;9,399187E-1;4,400978E-3;1,468583E-3;9,431474E-1;;
30/11/2021  14:47:39,209583;9,390306E-1;1,714418E-2;1,789705E-2;9,432414E-1;;
30/11/2021  14:47:39,209683;9,391647E-1;2,479010E-2;2,516348E-2;9,433255E-1;;
30/11/2021  14:47:39,209783;9,390515E-1;1,873708E-2;1,916077E-2;9,433993E-1;;
30/11/2021  14:47:39,209883;9,389799E-1;1,714418E-2;1,631739E-2;9,434624E-1;;
30/11/2021  14:47:39,209983;9,393346E-1;3,848904E-2;2,927060E-2;9,435147E-1;;
30/11/2021  14:47:39,210083;9,394687E-1;6,588692E-2;7,286922E-2;9,435560E-1;;
30/11/2021  14:47:39,210183;9,391975E-1;1,222756E-1;1,246821E-1;9,435864E-1;;
30/11/2021  14:47:39,210283;9,391915E-1;1,095324E-1;1,136244E-1;9,436058E-1;;
30/11/2021  14:47:39,210383;9,381037E-1;1,232313E-1;1,180475E-1;9,436144E-1;;
30/11/2021  14:47:39,210483;9,384941E-1;1,139925E-1;1,069899E-1;9,436124E-1;;
30/11/2021  14:47:39,210583;9,386104E-1;1,213198E-1;1,208909E-1;9,435996E-1;;
30/11/2021  14:47:39,210683;9,384971E-1;1,324701E-1;1,370034E-1;9,435764E-1;;
30/11/2021  14:47:39,210783;9,381991E-1;1,225942E-1;1,013031E-1;9,435429E-1;;
30/11/2021  14:47:39,210883;9,383421E-1;1,343816E-1;1,467973E-1;9,434994E-1;;
30/11/2021  14:47:39,210983;9,372692E-1;1,238685E-1;1,347919E-1;9,434461E-1;;
30/11/2021  14:47:39,211083;9,367000E-1;1,576380E-1;2,046129E-1;9,433833E-1;;
30/11/2021  14:47:39,211183;9,369325E-1;1,225942E-1;1,262617E-1;9,433110E-1;;
30/11/2021  14:47:39,211283;9,376835E-1;1,401161E-1;1,575390E-1;9,432295E-1;;
30/11/2021  14:47:39,211383;9,372454E-1;1,146297E-1;1,303688E-1;9,431391E-1;;
30/11/2021  14:47:39,211483;9,368848E-1;1,624167E-1;1,970305E-1;9,430400E-1;;
30/11/2021  14:47:39,211583;9,365420E-1;1,187712E-1;1,218387E-1;9,429327E-1;;
30/11/2021  14:47:39,211683;9,364586E-1;1,280100E-1;1,300529E-1;9,428174E-1;;
30/11/2021  14:47:39,211783;9,361784E-1;2,140266E-1;1,657532E-1;9,426945E-1;;
30/11/2021  14:47:39,211883;9,358417E-1;1,165411E-1;1,291051E-1;9,425643E-1;;
30/11/2021  14:47:39,211983;9,367238E-1;1,101695E-1;9,056141E-2;9,424271E-1;;
30/11/2021  14:47:39,212083;9,361695E-1;1,260985E-1;1,291051E-1;9,422833E-1;;
30/11/2021  14:47:39,212183;9,364049E-1;1,187712E-1;9,909157E-2;9,421333E-1;;
30/11/2021  14:47:39,212283;9,357552E-1;1,347002E-1;1,464814E-1;9,419776E-1;;
30/11/2021  14:47:39,212383;9,355645E-1;1,025236E-1;1,031987E-1;9,418167E-1;;
30/11/2021  14:47:39,212483;9,351055E-1;1,229127E-1;1,262617E-1;9,416508E-1;;
30/11/2021  14:47:39,212583;9,358148E-1;1,009307E-1;1,006712E-1;9,414803E-1;;
30/11/2021  14:47:39,212683;9,360175E-1;1,267357E-1;1,313166E-1;9,413057E-1;;
30/11/2021  14:47:39,212783;9,351055E-1;1,241871E-1;1,401627E-1;9,411274E-1;;
30/11/2021  14:47:39,212883;9,349982E-1;1,417090E-1;1,657532E-1;9,409458E-1;;
30/11/2021  14:47:39,212983;9,343277E-1;1,343816E-1;1,313166E-1;9,407613E-1;;
30/11/2021  14:47:39,213083;9,336541E-1;1,777085E-1;1,654373E-1;9,405741E-1;;
30/11/2021  14:47:39,213183;9,339641E-1;1,219570E-1;1,272095E-1;9,403845E-1;;
30/11/2021  14:47:39,213283;9,338389E-1;1,238685E-1;1,259458E-1;9,401924E-1;;
30/11/2021  14:47:39,213383;9,341489E-1;1,057094E-1;9,150920E-2;9,399983E-1;;
30/11/2021  14:47:39,213483;9,341161E-1;1,009307E-1;1,129926E-1;9,398023E-1;;
30/11/2021  14:47:39,213583;9,331385E-1;1,085766E-1;1,079377E-1;9,396048E-1;;
30/11/2021  14:47:39,213683;9,329180E-1;7,544432E-2;7,381701E-2;9,394059E-1;;
30/11/2021  14:47:39,213783;9,322593E-1;1,111253E-1;1,050943E-1;9,392058E-1;;
30/11/2021  14:47:39,213883;9,328077E-1;1,219570E-1;1,338441E-1;9,390046E-1;;
30/11/2021  14:47:39,213983;9,331028E-1;1,407532E-1;1,354238E-1;9,388024E-1;;
30/11/2021  14:47:39,214083;9,333293E-1;1,337445E-1;1,420583E-1;9,385995E-1;;
30/11/2021  14:47:39,214183;9,331296E-1;5,155082E-2;8,613836E-2;9,383960E-1;;
30/11/2021  14:47:39,214283;9,329657E-1;1,168597E-1;1,297370E-1;9,381925E-1;;
30/11/2021  14:47:39,214383;9,328196E-1;1,448948E-1;1,480610E-1;9,379890E-1;;
30/11/2021  14:47:39,214483;9,321103E-1;1,273729E-1;1,332122E-1;9,377860E-1;;
30/11/2021  14:47:39,214583;9,325782E-1;1,159040E-1;1,205749E-1;9,375837E-1;;
30/11/2021  14:47:39,214683;9,334544E-1;1,152668E-1;1,107811E-1;9,373821E-1;;
30/11/2021  14:47:39,214783;9,334932E-1;1,143111E-1;1,142563E-1;9,371818E-1;;
30/11/2021  14:47:39,214883;9,336810E-1;1,165411E-1;1,092014E-1;9,369832E-1;;
30/11/2021  14:47:39,214983;9,335737E-1;9,742634E-2;7,223735E-2;9,367866E-1;;
30/11/2021  14:47:39,215083;9,340624E-1;8,213450E-2;7,602853E-2;9,365926E-1;;
30/11/2021  14:47:39,215183;9,340833E-1;5,027650E-2;5,802041E-2;9,364016E-1;;
30/11/2021  14:47:39,215283;9,345125E-1;1,264171E-1;1,215227E-1;9,362141E-1;;
30/11/2021  14:47:39,215383;9,354065E-1;1,088952E-1;1,262617E-1;9,360307E-1;;
30/11/2021  14:47:39,215483;9,360652E-1;6,811698E-2;6,970989E-2;9,358519E-1;;
30/11/2021  14:47:39,215583;9,358685E-1;9,201048E-2;7,413294E-2;9,356785E-1;;
30/11/2021  14:47:39,215683;9,360890E-1;2,797590E-2;4,696279E-2;9,355112E-1;;
30/11/2021  14:47:39,215783;9,364049E-1;-2,235974E-2;-3,902261E-3;9,353506E-1;;
30/11/2021  14:47:39,215883;9,374987E-1;1,187712E-1;1,205749E-1;9,351972E-1;;
30/11/2021  14:47:39,215983;9,378891E-1;1,187712E-1;1,202590E-1;9,350519E-1;;
30/11/2021  14:47:39,216083;9,378653E-1;1,155854E-1;1,098333E-1;9,349152E-1;;
30/11/2021  14:47:39,216183;9,384405E-1;1,232313E-1;1,316326E-1;9,347878E-1;;
30/11/2021  14:47:39,216283;9,387326E-1;1,136739E-1;1,076217E-1;9,346704E-1;;
30/11/2021  14:47:39,216383;9,394568E-1;1,143111E-1;1,076217E-1;9,345636E-1;;
30/11/2021  14:47:39,216483;9,397846E-1;1,238685E-1;1,354238E-1;9,344679E-1;;
30/11/2021  14:47:39,216583;9,406161E-1;9,137332E-2;6,181159E-2;9,343840E-1;;
30/11/2021  14:47:39,216683;9,411257E-1;6,493118E-2;5,454516E-2;9,343124E-1;;
30/11/2021  14:47:39,216783;9,422970E-1;-4,519262E-3;3,680107E-3;9,342537E-1;;
30/11/2021  14:47:39,216883;9,422702E-1;9,264764E-2;8,961361E-2;9,342086E-1;;
30/11/2021  14:47:39,216983;9,427172E-1;1,213198E-1;1,031987E-1;9,341776E-1;;
30/11/2021  14:47:39,217083;9,427649E-1;1,276914E-1;1,382671E-1;9,341613E-1;;
30/11/2021  14:47:39,217183;9,432239E-1;1,222756E-1;1,237343E-1;9,341600E-1;;
30/11/2021  14:47:39,217283;9,442580E-1;8,818752E-2;1,180475E-1;9,341741E-1;;
30/11/2021  14:47:39,217383;9,449495E-1;1,280100E-1;1,281573E-1;9,342038E-1;;
30/11/2021  14:47:39,217483;9,455187E-1;1,197269E-1;1,003553E-1;9,342496E-1;;
30/11/2021  14:47:39,217583;9,452475E-1;1,340630E-1;1,240502E-1;9,343117E-1;;
30/11/2021  14:47:39,217683;9,452117E-1;1,356559E-1;1,249980E-1;9,343903E-1;;
30/11/2021  14:47:39,217783;9,453756E-1;1,321516E-1;1,237343E-1;9,344854E-1;;
30/11/2021  14:47:39,217883;9,453905E-1;1,305587E-1;1,303688E-1;9,345970E-1;;
30/11/2021  14:47:39,217983;9,462280E-1;1,235499E-1;1,221546E-1;9,347247E-1;;
30/11/2021  14:47:39,218083;9,467794E-1;1,225942E-1;1,262617E-1;9,348683E-1;;
30/11/2021  14:47:39,218183;9,475423E-1;1,114439E-1;1,063580E-1;9,350277E-1;;
30/11/2021  14:47:39,218283;9,470446E-1;1,133553E-1;1,152041E-1;9,352026E-1;;
30/11/2021  14:47:39,218383;9,465588E-1;5,059508E-2;6,117973E-2;9,353926E-1;;
30/11/2021  14:47:39,218483;9,466959E-1;1,251428E-1;1,493248E-1;9,355973E-1;;
30/11/2021  14:47:39,218583;9,470446E-1;1,076209E-1;1,145722E-1;9,358161E-1;;
30/11/2021  14:47:39,218683;9,482278E-1;1,092138E-1;1,117289E-1;9,360482E-1;;
30/11/2021  14:47:39,218783;9,481503E-1;1,101695E-1;1,174156E-1;9,362932E-1;;
30/11/2021  14:47:39,218883;9,482457E-1;1,213198E-1;1,518522E-1;9,365504E-1;;
30/11/2021  14:47:39,218983;9,483232E-1;9,615202E-2;1,025668E-1;9,368192E-1;;
30/11/2021  14:47:39,219083;9,479268E-1;8,659462E-2;9,972343E-2;9,370990E-1;;
30/11/2021  14:47:39,219183;9,481086E-1;9,997498E-2;1,265777E-1;9,373890E-1;;
30/11/2021  14:47:39,219283;9,489490E-1;9,424054E-2;1,240502E-1;9,376884E-1;;
30/11/2021  14:47:39,219383;9,491129E-1;8,309024E-2;8,929768E-2;9,379964E-1;;
30/11/2021  14:47:39,219483;9,495063E-1;1,044351E-1;1,357397E-1;9,383123E-1;;
30/11/2021  14:47:39,219583;9,495272E-1;1,101695E-1;1,186794E-1;9,386355E-1;;
30/11/2021  14:47:39,219683;9,493454E-1;1,219570E-1;1,259458E-1;9,389652E-1;;
30/11/2021  14:47:39,219783;9,483589E-1;1,343816E-1;1,471132E-1;9,393006E-1;;
30/11/2021  14:47:39,219883;9,490384E-1;1,455319E-1;1,682807E-1;9,396410E-1;;
30/11/2021  14:47:39,219983;9,497984E-1;1,375674E-1;1,158360E-1;9,399853E-1;;
30/11/2021  14:47:39,220083;9,502216E-1;1,773899E-1;1,654373E-1;9,403329E-1;;
30/11/2021  14:47:39,220183;9,503766E-1;1,780271E-1;1,733356E-1;9,406829E-1;;
30/11/2021  14:47:39,220283;9,497597E-1;2,041506E-1;2,339945E-1;9,410349E-1;;
30/11/2021  14:47:39,220383;9,496017E-1;1,722926E-1;1,584868E-1;9,413880E-1;;
30/11/2021  14:47:39,220483;9,494348E-1;1,560451E-1;1,521681E-1;9,417415E-1;;
30/11/2021  14:47:39,220583;9,496375E-1;1,391603E-1;1,373193E-1;9,420947E-1;;
30/11/2021  14:47:39,220683;9,506776E-1;1,340630E-1;1,357397E-1;9,424467E-1;;
30/11/2021  14:47:39,220783;9,506329E-1;1,190898E-1;1,095173E-1;9,427968E-1;;
30/11/2021  14:47:39,220883;9,508892E-1;1,289658E-1;1,278414E-1;9,431447E-1;;
30/11/2021  14:47:39,220983;9,505942E-1;1,076209E-1;1,224705E-1;9,434897E-1;;
30/11/2021  14:47:39,221083;9,497388E-1;1,254614E-1;1,202590E-1;9,438314E-1;;
30/11/2021  14:47:39,221183;9,498163E-1;1,324701E-1;1,398468E-1;9,441690E-1;;
30/11/2021  14:47:39,221283;9,503885E-1;1,257800E-1;1,464814E-1;9,445021E-1;;
30/11/2021  14:47:39,221383;9,504153E-1;5,993878E-3;4,822652E-2;9,448300E-1;;
30/11/2021  14:47:39,221483;9,507193E-1;1,318330E-1;1,294210E-1;9,451522E-1;;
30/11/2021  14:47:39,221583;9,502306E-1;1,076209E-1;9,466852E-2;9,454682E-1;;
30/11/2021  14:47:39,221683;9,496792E-1;1,260985E-1;1,322644E-1;9,457777E-1;;
30/11/2021  14:47:39,221783;9,495332E-1;1,270543E-1;1,278414E-1;9,460801E-1;;
30/11/2021  14:47:39,221883;9,489103E-1;1,372488E-1;1,370034E-1;9,463750E-1;;
30/11/2021  14:47:39,221983;9,492202E-1;1,311958E-1;1,332122E-1;9,466616E-1;;
30/11/2021  14:47:39,222083;9,496285E-1;1,216384E-1;1,243661E-1;9,469395E-1;;
30/11/2021  14:47:39,222183;9,491278E-1;1,407532E-1;1,569071E-1;9,472082E-1;;
30/11/2021  14:47:39,222283;9,480698E-1;1,375674E-1;1,445858E-1;9,474673E-1;;
30/11/2021  14:47:39,222383;9,475334E-1;1,238685E-1;1,253139E-1;9,477163E-1;;
30/11/2021  14:47:39,222483;9,467198E-1;1,241871E-1;1,120448E-1;9,479547E-1;;
30/11/2021  14:47:39,222583;9,461297E-1;7,512574E-2;8,266311E-2;9,481817E-1;;
30/11/2021  14:47:39,222683;9,467704E-1;1,280100E-1;1,265777E-1;9,483966E-1;;
30/11/2021  14:47:39,222783;9,465052E-1;1,280100E-1;1,221546E-1;9,485989E-1;;
30/11/2021  14:47:39,222883;9,457124E-1;1,136739E-1;1,167838E-1;9,487881E-1;;
30/11/2021  14:47:39,222983;9,448601E-1;1,299215E-1;1,442698E-1;9,489637E-1;;
30/11/2021  14:47:39,223083;9,444130E-1;1,286472E-1;1,417424E-1;9,491252E-1;;
30/11/2021  14:47:39,223183;9,440077E-1;1,006121E-1;1,272095E-1;9,492720E-1;;
30/11/2021  14:47:39,223283;9,437126E-1;1,267357E-1;1,262617E-1;9,494037E-1;;
30/11/2021  14:47:39,223383;9,439123E-1;1,382046E-1;1,439539E-1;9,495197E-1;;
30/11/2021  14:47:39,223483;9,440226E-1;1,697440E-1;1,777586E-1;9,496198E-1;;
30/11/2021  14:47:39,223583;9,435487E-1;9,424054E-2;1,057261E-1;9,497037E-1;;
30/11/2021  14:47:39,223683;9,431911E-1;1,340630E-1;1,351078E-1;9,497714E-1;;
30/11/2021  14:47:39,223783;9,423953E-1;1,401161E-1;1,379512E-1;9,498228E-1;;
30/11/2021  14:47:39,223883;9,423417E-1;1,324701E-1;1,253139E-1;9,498578E-1;;
30/11/2021  14:47:39,223983;9,422583E-1;1,331073E-1;1,480610E-1;9,498764E-1;;
30/11/2021  14:47:39,224083;9,430838E-1;1,382046E-1;1,433221E-1;9,498786E-1;;
30/11/2021  14:47:39,224183;9,424162E-1;1,356559E-1;1,499566E-1;9,498647E-1;;
30/11/2021  14:47:39,224283;9,423328E-1;1,347002E-1;1,183634E-1;9,498349E-1;;
30/11/2021  14:47:39,224383;9,416890E-1;1,442576E-1;1,433221E-1;9,497897E-1;;
30/11/2021  14:47:39,224483;9,413195E-1;1,550893E-1;1,670170E-1;9,497293E-1;;
30/11/2021  14:47:39,224583;9,420198E-1;1,410718E-1;1,458495E-1;9,496541E-1;;
30/11/2021  14:47:39,224683;9,420407E-1;1,362931E-1;1,373193E-1;9,495646E-1;;
30/11/2021  14:47:39,224783;9,416056E-1;1,340630E-1;1,351078E-1;9,494612E-1;;
30/11/2021  14:47:39,224883;9,421182E-1;1,350188E-1;1,234183E-1;9,493447E-1;;
30/11/2021  14:47:39,224983;9,416056E-1;1,436204E-1;1,840773E-1;9,492157E-1;;
30/11/2021  14:47:39,225083;9,414744E-1;1,852338E-3;4,627903E-3;9,490749E-1;;
30/11/2021  14:47:39,225183;9,410781E-1;6,949618E-3;9,682815E-3;9,489229E-1;;
30/11/2021  14:47:39,225283;9,411198E-1;4,082398E-3;6,207563E-3;9,487604E-1;;
30/11/2021  14:47:39,225383;9,415251E-1;7,268198E-3;8,735019E-3;9,485881E-1;;
30/11/2021  14:47:39,225483;9,414536E-1;1,533758E-3;3,364175E-3;9,484067E-1;;
30/11/2021  14:47:39,225583;9,419096E-1;1,215178E-3;3,364175E-3;9,482169E-1;;
30/11/2021  14:47:39,225683;9,416562E-1;5,356718E-3;6,523495E-3;9,480196E-1;;
30/11/2021  14:47:39,225783;9,410810E-1;5,675298E-3;5,891631E-3;9,478157E-1;;
30/11/2021  14:47:39,225883;9,407949E-1;8,223938E-3;1,063061E-2;9,476060E-1;;
30/11/2021  14:47:39,225983;9,405625E-1;5,356718E-3;7,155359E-3;9,473910E-1;;
30/11/2021  14:47:39,226083;9,412718E-1;1,852338E-3;4,311971E-3;9,471715E-1;;
30/11/2021  14:47:39,226183;9,415221E-1;1,533758E-3;3,364175E-3;9,469481E-1;;
30/11/2021  14:47:39,226283;9,415251E-1;5,675298E-3;7,155359E-3;9,467216E-1;;
30/11/2021  14:47:39,226383;9,407234E-1;6,312458E-3;9,050951E-3;9,464929E-1;;
30/11/2021  14:47:39,226483;9,403926E-1;9,816838E-3;1,031468E-2;9,462625E-1;;
30/11/2021  14:47:39,226583;9,400528E-1;2,170918E-3;4,311971E-3;9,460310E-1;;
30/11/2021  14:47:39,226683;9,406042E-1;1,852338E-3;3,364175E-3;9,457990E-1;;
30/11/2021  14:47:39,226783;9,406787E-1;8,965980E-4;3,048243E-3;9,455669E-1;;
30/11/2021  14:47:39,226883;9,404164E-1;1,215178E-3;3,364175E-3;9,453352E-1;;
30/11/2021  14:47:39,226983;9,401929E-1;8,965980E-4;3,364175E-3;9,451046E-1;;
30/11/2021  14:47:39,227083;9,394627E-1;3,445238E-3;6,207563E-3;9,448753E-1;;
30/11/2021  14:47:39,227183;9,390306E-1;1,215178E-3;3,996039E-3;9,446477E-1;;
30/11/2021  14:47:39,227283;9,384822E-1;1,533758E-3;4,311971E-3;9,444221E-1;;
30/11/2021  14:47:39,227383;9,382617E-1;8,965980E-4;3,364175E-3;9,441985E-1;;
30/11/2021  14:47:39,227483;9,379785E-1;8,965980E-4;3,364175E-3;9,439770E-1;;
30/11/2021  14:47:39,227583;9,376298E-1;4,082398E-3;5,891631E-3;9,437576E-1;;
30/11/2021  14:47:39,227683;9,373318E-1;5,780180E-4;3,364175E-3;9,435402E-1;;
30/11/2021  14:47:39,227783;9,359579E-1;1,533758E-3;3,364175E-3;9,433248E-1;;
30/11/2021  14:47:39,227883;9,346764E-1;5,780180E-4;2,732311E-3;9,431111E-1;;
30/11/2021  14:47:39,227983;9,339402E-1;8,965980E-4;3,364175E-3;9,428986E-1;;
30/11/2021  14:47:39,228083;9,339611E-1;1,852338E-3;3,680107E-3;9,426869E-1;;
30/11/2021  14:47:39,228183;9,334544E-1;5,993878E-3;1,221027E-2;9,424753E-1;;
30/11/2021  14:47:39,228283;9,327541E-1;8,965980E-4;3,048243E-3;9,422633E-1;;
30/11/2021  14:47:39,228383;9,324143E-1;1,215178E-3;3,048243E-3;9,420504E-1;;
30/11/2021  14:47:39,228483;9,313384E-1;6,312458E-3;9,050951E-3;9,418359E-1;;
30/11/2021  14:47:39,228583;9,307990E-1;8,965980E-4;5,575699E-3;9,416195E-1;;
30/11/2021  14:47:39,228683;9,308199E-1;5,038138E-3;8,419087E-3;9,414003E-1;;
30/11/2021  14:47:39,228783;9,304145E-1;1,300264E-2;1,442179E-2;9,411779E-1;;
30/11/2021  14:47:39,228883;9,307036E-1;1,300264E-2;1,631739E-2;9,409518E-1;;
30/11/2021  14:47:39,228983;9,304473E-1;8,861098E-3;9,366883E-3;9,407218E-1;;
30/11/2021  14:47:39,229083;9,296695E-1;2,808078E-3;8,103155E-3;9,404874E-1;;
30/11/2021  14:47:39,229183;9,288797E-1;1,140974E-2;1,442179E-2;9,402486E-1;;
30/11/2021  14:47:39,229283;9,288767E-1;1,268406E-2;1,631739E-2;9,400051E-1;;
30/11/2021  14:47:39,229383;9,288558E-1;5,675298E-3;1,694925E-2;9,397565E-1;;
30/11/2021  14:47:39,229483;9,299556E-1;9,105474E-2;1,240502E-1;9,395029E-1;;
30/11/2021  14:47:39,229583;9,293595E-1;1,401161E-1;1,588027E-1;9,392443E-1;;
30/11/2021  14:47:39,229683;9,292939E-1;1,802571E-1;2,491593E-1;9,389809E-1;;
30/11/2021  14:47:39,229783;9,290943E-1;1,506292E-1;1,704922E-1;9,387129E-1;;
30/11/2021  14:47:39,229883;9,296546E-1;1,130368E-1;1,142563E-1;9,384407E-1;;
30/11/2021  14:47:39,229983;9,298244E-1;1,586986E-2;1,979264E-2;9,381646E-1;;
30/11/2021  14:47:39,230083;9,301165E-1;1,363980E-2;1,410586E-2;9,378852E-1;;
30/11/2021  14:47:39,230183;9,305785E-1;1,268406E-2;1,063061E-2;9,376030E-1;;
30/11/2021  14:47:39,230283;9,314308E-1;5,951532E-2;4,222381E-2;9,373187E-1;;
30/11/2021  14:47:39,230383;9,308556E-1;5,155082E-2;4,633093E-2;9,370332E-1;;
30/11/2021  14:47:39,230483;9,314904E-1;7,735580E-2;7,571260E-2;9,367474E-1;;
30/11/2021  14:47:39,230583;9,317974E-1;1,063466E-1;9,498445E-2;9,364620E-1;;
30/11/2021  14:47:39,230683;9,320805E-1;1,197269E-1;1,253139E-1;9,361780E-1;;
30/11/2021  14:47:39,230783;9,325484E-1;1,302401E-1;1,524841E-1;9,358962E-1;;
30/11/2021  14:47:39,230883;9,326229E-1;1,270543E-1;1,268936E-1;9,356177E-1;;
30/11/2021  14:47:39,230983;9,339134E-1;1,276914E-1;1,287892E-1;9,353435E-1;;
30/11/2021  14:47:39,231083;9,341548E-1;1,299215E-1;1,272095E-1;9,350744E-1;;
30/11/2021  14:47:39,231183;9,345333E-1;1,219570E-1;1,253139E-1;9,348117E-1;;
30/11/2021  14:47:39,231283;9,349357E-1;1,554079E-1;1,521681E-1;9,345564E-1;;
30/11/2021  14:47:39,231383;9,357493E-1;1,401161E-1;1,231024E-1;9,343095E-1;;
30/11/2021  14:47:39,231483;9,371947E-1;1,245056E-1;1,240502E-1;9,340721E-1;;
30/11/2021  14:47:39,231583;9,380501E-1;1,273729E-1;1,423743E-1;9,338454E-1;;
30/11/2021  14:47:39,231683;9,382170E-1;1,210013E-1;1,227865E-1;9,336306E-1;;
30/11/2021  14:47:39,231783;9,390276E-1;1,299215E-1;1,148882E-1;9,334289E-1;;
30/11/2021  14:47:39,231883;9,392064E-1;1,184526E-1;1,310007E-1;9,332415E-1;;
30/11/2021  14:47:39,231983;9,391587E-1;1,270543E-1;1,272095E-1;9,330694E-1;;
30/11/2021  14:47:39,232083;9,403687E-1;1,114439E-1;1,170997E-1;9,329134E-1;;
30/11/2021  14:47:39,232183;9,412688E-1;1,372488E-1;1,622780E-1;9,327746E-1;;
30/11/2021  14:47:39,232283;9,414566E-1;1,331073E-1;1,395309E-1;9,326536E-1;;
30/11/2021  14:47:39,232383;9,414744E-1;1,327887E-1;1,471132E-1;9,325513E-1;;
30/11/2021  14:47:39,232483;9,422195E-1;1,283286E-1;1,313166E-1;9,324683E-1;;
30/11/2021  14:47:39,232583;9,417546E-1;1,318330E-1;1,322644E-1;9,324051E-1;;
30/11/2021  14:47:39,232683;9,427381E-1;1,174969E-1;1,114129E-1;9,323621E-1;;
30/11/2021  14:47:39,232783;9,432954E-1;1,206827E-1;1,262617E-1;9,323395E-1;;
30/11/2021  14:47:39,232883;9,437752E-1;1,085766E-1;8,424277E-2;9,323375E-1;;
30/11/2021  14:47:39,232983;9,431494E-1;1,270543E-1;1,281573E-1;9,323564E-1;;
30/11/2021  14:47:39,233083;9,429765E-1;1,216384E-1;1,278414E-1;9,323961E-1;;
30/11/2021  14:47:39,233183;9,429318E-1;1,292843E-1;1,104651E-1;9,324563E-1;;
30/11/2021  14:47:39,233283;9,424788E-1;1,267357E-1;1,379512E-1;9,325366E-1;;
30/11/2021  14:47:39,233383;9,427560E-1;1,013542E-2;7,255328E-2;9,326365E-1;;
30/11/2021  14:47:39,233483;9,428364E-1;1,012493E-1;9,688005E-2;9,327552E-1;;
30/11/2021  14:47:39,233583;9,428603E-1;1,184526E-1;1,354238E-1;9,328920E-1;;
30/11/2021  14:47:39,233683;9,423298E-1;-2,968708E-2;1,473773E-2;9,330460E-1;;
30/11/2021  14:47:39,233783;9,420794E-1;1,200455E-1;1,186794E-1;9,332164E-1;;
30/11/2021  14:47:39,233883;9,415460E-1;1,210013E-1;1,215227E-1;9,334020E-1;;
30/11/2021  14:47:39,233983;9,412718E-1;1,200455E-1;1,237343E-1;9,336016E-1;;
30/11/2021  14:47:39,234083;9,419751E-1;1,245056E-1;1,240502E-1;9,338141E-1;;
30/11/2021  14:47:39,234183;9,422881E-1;1,123996E-1;1,129926E-1;9,340380E-1;;
30/11/2021  14:47:39,234283;9,424281E-1;1,053908E-1;1,591187E-1;9,342724E-1;;
30/11/2021  14:47:39,234383;9,425324E-1;1,952304E-1;1,764949E-1;9,345162E-1;;
30/11/2021  14:47:39,234483;9,420437E-1;1,104881E-1;1,164678E-1;9,347683E-1;;
30/11/2021  14:47:39,234583;9,415907E-1;1,009307E-1;8,961361E-2;9,350276E-1;;
30/11/2021  14:47:39,234683;9,416115E-1;9,455912E-2;1,095173E-1;9,352930E-1;;
30/11/2021  14:47:39,234783;9,422791E-1;1,260985E-1;1,161519E-1;9,355633E-1;;
30/11/2021  14:47:39,234883;9,421122E-1;9,997498E-2;6,655058E-2;9,358375E-1;;
30/11/2021  14:47:39,234983;9,423089E-1;4,294916E-2;1,221027E-2;9,361145E-1;;
30/11/2021  14:47:39,235083;9,419394E-1;1,276914E-1;1,332122E-1;9,363935E-1;;
30/11/2021  14:47:39,235183;9,419245E-1;1,168597E-1;1,186794E-1;9,366734E-1;;
30/11/2021  14:47:39,235283;9,410572E-1;1,022050E-1;1,006712E-1;9,369534E-1;;
30/11/2021  14:47:39,235383;9,417278E-1;1,190898E-1;1,193112E-1;9,372324E-1;;
30/11/2021  14:47:39,235483;9,421510E-1;1,203641E-1;1,212068E-1;9,375096E-1;;
30/11/2021  14:47:39,235583;9,422523E-1;1,044351E-1;1,028828E-1;9,377842E-1;;
30/11/2021  14:47:39,235683;9,416503E-1;1,682560E-2;3,780076E-2;9,380554E-1;;
30/11/2021  14:47:39,235783;9,419036E-1;9,774492E-2;9,814378E-2;9,383226E-1;;
30/11/2021  14:47:39,235883;9,412450E-1;1,190898E-1;1,155200E-1;9,385851E-1;;
30/11/2021  14:47:39,235983;9,416682E-1;1,009307E-1;9,940750E-2;9,388423E-1;;
30/11/2021  14:47:39,236083;9,415758E-1;1,079395E-1;1,028828E-1;9,390935E-1;;
30/11/2021  14:47:39,236183;9,422642E-1;1,248242E-1;1,085695E-1;9,393382E-1;;
30/11/2021  14:47:39,236283;9,419513E-1;1,302401E-1;1,338441E-1;9,395759E-1;;
30/11/2021  14:47:39,236383;9,423268E-1;7,671864E-2;4,791059E-2;9,398065E-1;;
30/11/2021  14:47:39,236483;9,425146E-1;1,210013E-1;1,335282E-1;9,400295E-1;;
30/11/2021  14:47:39,236583;9,414953E-1;1,471248E-1;1,916596E-1;9,402447E-1;;
30/11/2021  14:47:39,236683;9,413850E-1;1,187712E-1;1,202590E-1;9,404519E-1;;
30/11/2021  14:47:39,236783;9,417903E-1;1,238685E-1;1,215227E-1;9,406509E-1;;
30/11/2021  14:47:39,236883;9,428126E-1;4,454206E-2;5,928414E-2;9,408413E-1;;
30/11/2021  14:47:39,236983;9,426964E-1;3,179886E-2;3,306178E-2;9,410231E-1;;
30/11/2021  14:47:39,237083;9,416801E-1;1,627352E-1;1,967146E-1;9,411964E-1;;
30/11/2021  14:47:39,237183;9,414625E-1;1,165411E-1;1,193112E-1;9,413611E-1;;
30/11/2021  14:47:39,237283;9,410632E-1;1,260985E-1;1,262617E-1;9,415171E-1;;
30/11/2021  14:47:39,237383;9,411764E-1;1,238685E-1;1,218387E-1;9,416642E-1;;
30/11/2021  14:47:39,237483;9,419185E-1;1,219570E-1;1,202590E-1;9,418024E-1;;
30/11/2021  14:47:39,237583;9,422374E-1;4,422348E-2;8,645429E-2;9,419316E-1;;
30/11/2021  14:47:39,237683;9,421092E-1;1,305587E-1;1,199431E-1;9,420519E-1;;
30/11/2021  14:47:39,237783;9,417963E-1;4,071910E-2;7,508074E-2;9,421635E-1;;
30/11/2021  14:47:39,237883;9,410900E-1;1,327887E-1;1,388990E-1;9,422666E-1;;
30/11/2021  14:47:39,237983;9,405774E-1;7,289568E-2;1,341600E-1;9,423612E-1;;
30/11/2021  14:47:39,238083;9,410214E-1;1,375674E-1;1,272095E-1;9,424473E-1;;
30/11/2021  14:47:39,238183;9,417725E-1;1,159040E-1;1,155200E-1;9,425250E-1;;
30/11/2021  14:47:39,238283;9,412390E-1;1,174969E-1;1,152041E-1;9,425943E-1;;
30/11/2021  14:47:39,238383;9,410483E-1;2,160430E-2;8,013565E-2;9,426555E-1;;
30/11/2021  14:47:39,238483;9,407323E-1;1,452133E-1;1,550115E-1;9,427088E-1;;
30/11/2021  14:47:39,238583;9,403091E-1;1,241871E-1;1,268936E-1;9,427542E-1;;
30/11/2021  14:47:39,238683;9,401244E-1;1,066652E-1;1,272095E-1;9,427918E-1;;
30/11/2021  14:47:39,238783;9,403717E-1;1,028422E-1;1,161519E-1;9,428217E-1;;
30/11/2021  14:47:39,238883;9,412658E-1;1,069837E-1;1,158360E-1;9,428441E-1;;
30/11/2021  14:47:39,238983;9,405595E-1;1,114439E-1;1,221546E-1;9,428591E-1;;
30/11/2021  14:47:39,239083;9,403509E-1;1,117624E-1;1,110970E-1;9,428670E-1;;
30/11/2021  14:47:39,239183;9,399277E-1;9,392196E-2;8,929768E-2;9,428681E-1;;
30/11/2021  14:47:39,239283;9,387713E-1;1,095324E-1;1,215227E-1;9,428625E-1;;
30/11/2021  14:47:39,239383;9,392422E-1;9,870066E-2;1,107811E-1;9,428502E-1;;
30/11/2021  14:47:39,239483;9,385448E-1;9,169190E-2;9,530039E-2;9,428312E-1;;
30/11/2021  14:47:39,239583;9,391498E-1;5,356718E-3;7,381701E-2;9,428055E-1;;
30/11/2021  14:47:39,239683;9,386253E-1;5,664810E-2;7,602853E-2;9,427733E-1;;
30/11/2021  14:47:39,239783;9,380471E-1;9,870066E-2;1,183634E-1;9,427345E-1;;
30/11/2021  14:47:39,239883;9,372513E-1;1,856730E-1;2,102996E-1;9,426892E-1;;
30/11/2021  14:47:39,239983;9,371888E-1;4,326774E-2;1,101492E-1;9,426373E-1;;
30/11/2021  14:47:39,240083;9,371202E-1;1,359745E-1;1,436380E-1;9,425788E-1;;
30/11/2021  14:47:39,240183;9,374361E-1;1,248242E-1;1,325804E-1;9,425135E-1;;
30/11/2021  14:47:39,240283;9,377282E-1;1,474434E-1;1,303688E-1;9,424417E-1;;
30/11/2021  14:47:39,240383;9,370487E-1;1,847173E-1;1,739675E-1;9,423633E-1;;
30/11/2021  14:47:39,240483;9,376298E-1;1,620981E-1;1,411105E-1;9,422786E-1;;
30/11/2021  14:47:39,240583;9,370964E-1;1,706997E-1;1,496407E-1;9,421879E-1;;
30/11/2021  14:47:39,240683;9,374957E-1;1,764342E-1;1,945030E-1;9,420913E-1;;
30/11/2021  14:47:39,240783;9,377103E-1;1,331073E-1;1,193112E-1;9,419891E-1;;
30/11/2021  14:47:39,240883;9,383123E-1;1,235499E-1;1,038306E-1;9,418818E-1;;
30/11/2021  14:47:39,240983;9,383332E-1;1,327887E-1;1,316326E-1;9,417698E-1;;
30/11/2021  14:47:39,241083;9,381723E-1;5,027650E-2;7,065769E-2;9,416537E-1;;
30/11/2021  14:47:39,241183;9,384226E-1;1,746276E-2;5,549295E-2;9,415341E-1;;
30/11/2021  14:47:39,241283;9,373944E-1;1,267357E-1;1,224705E-1;9,414113E-1;;
30/11/2021  14:47:39,241383;9,380381E-1;1,276914E-1;1,322644E-1;9,412860E-1;;
30/11/2021  14:47:39,241483;9,386104E-1;1,318330E-1;1,325804E-1;9,411584E-1;;
30/11/2021  14:47:39,241583;9,392422E-1;1,407532E-1;1,449017E-1;9,410293E-1;;
30/11/2021  14:47:39,241683;9,394627E-1;1,015679E-1;1,477451E-1;9,408991E-1;;
30/11/2021  14:47:39,241783;9,387057E-1;1,585937E-1;1,619620E-1;9,407686E-1;;
30/11/2021  14:47:39,241883;9,385418E-1;1,206827E-1;1,208909E-1;9,406383E-1;;
30/11/2021  14:47:39,241983;9,388428E-1;1,241871E-1;1,189953E-1;9,405088E-1;;
30/11/2021  14:47:39,242083;9,386461E-1;8,532030E-2;1,148882E-1;9,403804E-1;;
30/11/2021  14:47:39,242183;9,390515E-1;1,334259E-1;1,278414E-1;9,402536E-1;;
30/11/2021  14:47:39,242283;9,396088E-1;1,331073E-1;1,300529E-1;9,401289E-1;;
30/11/2021  14:47:39,242383;9,395730E-1;1,276914E-1;1,196272E-1;9,400066E-1;;
30/11/2021  14:47:39,242483;9,390276E-1;1,251428E-1;1,224705E-1;9,398873E-1;;
30/11/2021  14:47:39,242583;9,390365E-1;1,213198E-1;1,243661E-1;9,397714E-1;;
30/11/2021  14:47:39,242683;9,388548E-1;9,169190E-2;9,403666E-2;9,396591E-1;;
30/11/2021  14:47:39,242783;9,395015E-1;1,302401E-1;1,316326E-1;9,395507E-1;;
30/11/2021  14:47:39,242883;9,396326E-1;-2,490838E-2;7,192142E-2;9,394464E-1;;
30/11/2021  14:47:39,242983;9,396892E-1;1,127182E-1;1,262617E-1;9,393465E-1;;
30/11/2021  14:47:39,243083;9,402585E-1;1,719741E-1;2,071403E-1;9,392513E-1;;
30/11/2021  14:47:39,243183;9,396058E-1;1,235499E-1;1,256299E-1;9,391612E-1;;
30/11/2021  14:47:39,243283;9,393137E-1;1,334259E-1;1,310007E-1;9,390763E-1;;
30/11/2021  14:47:39,243383;9,393852E-1;1,687883E-1;1,951349E-1;9,389967E-1;;
30/11/2021  14:47:39,243483;9,396475E-1;9,328480E-2;1,117289E-1;9,389225E-1;;
30/11/2021  14:47:39,243583;9,400200E-1;1,280100E-1;1,237343E-1;9,388537E-1;;
30/11/2021  14:47:39,243683;9,406817E-1;1,480806E-1;1,774427E-1;9,387905E-1;;
30/11/2021  14:47:39,243783;9,397399E-1;1,455319E-1;1,335282E-1;9,387329E-1;;
30/11/2021  14:47:39,243883;9,392362E-1;1,372488E-1;1,291051E-1;9,386811E-1;;
30/11/2021  14:47:39,243983;9,387117E-1;1,391603E-1;1,528000E-1;9,386349E-1;;
30/11/2021  14:47:39,244083;9,387504E-1;1,394789E-1;1,401627E-1;9,385941E-1;;
30/11/2021  14:47:39,244183;9,387981E-1;9,073616E-2;8,361090E-2;9,385584E-1;;
30/11/2021  14:47:39,244283;9,390723E-1;1,082581E-1;1,104651E-1;9,385276E-1;;
30/11/2021  14:47:39,244383;9,389144E-1;1,468062E-1;1,474292E-1;9,385013E-1;;
30/11/2021  14:47:39,244483;9,384852E-1;1,904517E-1;2,409450E-1;9,384793E-1;;
30/11/2021  14:47:39,244583;9,380978E-1;1,347002E-1;1,366875E-1;9,384614E-1;;
30/11/2021  14:47:39,244683;9,376030E-1;1,187712E-1;1,253139E-1;9,384470E-1;;
30/11/2021  14:47:39,244783;9,375851E-1;1,315144E-1;1,316326E-1;9,384359E-1;;
30/11/2021  14:47:39,244883;9,381752E-1;1,283286E-1;1,341600E-1;9,384274E-1;;
30/11/2021  14:47:39,244983;9,376835E-1;1,273729E-1;1,335282E-1;9,384213E-1;;
30/11/2021  14:47:39,245083;9,378265E-1;1,140974E-2;1,536959E-2;9,384171E-1;;
30/11/2021  14:47:39,245183;9,375196E-1;3,763818E-3;4,943835E-3;9,384146E-1;;
30/11/2021  14:47:39,245283;9,366434E-1;5,356718E-3;6,523495E-3;9,384133E-1;;
30/11/2021  14:47:39,245383;9,367119E-1;3,445238E-3;5,575699E-3;9,384128E-1;;
30/11/2021  14:47:39,245483;9,371262E-1;1,077258E-2;1,315807E-2;9,384126E-1;;
30/11/2021  14:47:39,245583;9,369086E-1;3,763818E-3;5,891631E-3;9,384123E-1;;
30/11/2021  14:47:39,245683;9,369921E-1;1,215178E-3;3,680107E-3;9,384117E-1;;
30/11/2021  14:47:39,245783;9,375375E-1;5,675298E-3;8,103155E-3;9,384105E-1;;
30/11/2021  14:47:39,245883;9,369354E-1;4,400978E-3;6,207563E-3;9,384084E-1;;
30/11/2021  14:47:39,245983;9,364347E-1;6,949618E-3;9,050951E-3;9,384052E-1;;
30/11/2021  14:47:39,246083;9,366046E-1;2,170918E-3;4,311971E-3;9,384008E-1;;
30/11/2021  14:47:39,246183;9,369772E-1;8,965980E-4;3,996039E-3;9,383949E-1;;
30/11/2021  14:47:39,246283;9,377133E-1;8,965980E-4;3,680107E-3;9,383873E-1;;
30/11/2021  14:47:39,246383;9,374540E-1;3,763818E-3;6,523495E-3;9,383781E-1;;
30/11/2021  14:47:39,246483;9,369295E-1;5,675298E-3;6,839427E-3;9,383673E-1;;
30/11/2021  14:47:39,246583;9,367745E-1;1,215178E-3;3,364175E-3;9,383548E-1;;
30/11/2021  14:47:39,246683;9,368550E-1;8,965980E-4;3,680107E-3;9,383407E-1;;
30/11/2021  14:47:39,246783;9,368401E-1;2,170918E-3;3,680107E-3;9,383249E-1;;
30/11/2021  14:47:39,246883;9,378176E-1;5,780180E-4;3,048243E-3;9,383074E-1;;
30/11/2021  14:47:39,246983;9,386193E-1;7,586778E-3;9,366883E-3;9,382882E-1;;
30/11/2021  14:47:39,247083;9,389203E-1;8,965980E-4;3,364175E-3;9,382678E-1;;
30/11/2021  14:47:39,247183;9,390038E-1;2,489498E-3;3,680107E-3;9,382465E-1;;
30/11/2021  14:47:39,247283;9,391766E-1;1,533758E-3;4,311971E-3;9,382247E-1;;
30/11/2021  14:47:39,247383;9,393674E-1;6,949618E-3;8,735019E-3;9,382028E-1;;
30/11/2021  14:47:39,247483;9,394925E-1;8,965980E-4;3,048243E-3;9,381813E-1;;
30/11/2021  14:47:39,247583;9,405446E-1;1,533758E-3;3,680107E-3;9,381606E-1;;
30/11/2021  14:47:39,247683;9,411526E-1;8,965980E-4;3,680107E-3;9,381412E-1;;
30/11/2021  14:47:39,247783;9,415728E-1;8,965980E-4;3,364175E-3;9,381237E-1;;
30/11/2021  14:47:39,247883;9,407979E-1;1,533758E-3;3,680107E-3;9,381087E-1;;
30/11/2021  14:47:39,247983;9,403956E-1;1,215178E-3;3,364175E-3;9,380967E-1;;
30/11/2021  14:47:39,248083;9,401065E-1;8,965980E-4;3,364175E-3;9,380881E-1;;
30/11/2021  14:47:39,248183;9,408039E-1;1,215178E-3;3,680107E-3;9,380830E-1;;
30/11/2021  14:47:39,248283;9,410304E-1;1,852338E-3;4,311971E-3;9,380817E-1;;
30/11/2021  14:47:39,248383;9,409886E-1;5,038138E-3;8,419087E-3;9,380843E-1;;
30/11/2021  14:47:39,248483;9,408367E-1;2,489498E-3;4,311971E-3;9,380910E-1;;
30/11/2021  14:47:39,248583;9,404671E-1;1,045400E-2;1,284213E-2;9,381020E-1;;
30/11/2021  14:47:39,248683;9,404373E-1;1,491412E-2;1,694925E-2;9,381173E-1;;
30/11/2021  14:47:39,248783;9,404552E-1;1,236548E-2;1,568552E-2;9,381367E-1;;
30/11/2021  14:47:39,248883;9,403717E-1;7,268198E-3;1,189434E-2;9,381603E-1;;
30/11/2021  14:47:39,248983;9,399336E-1;1,459554E-2;1,726518E-2;9,381878E-1;;
30/11/2021  14:47:39,249083;9,404939E-1;1,491412E-2;1,789705E-2;9,382190E-1;;
30/11/2021  14:47:39,249183;9,400290E-1;1,853544E-1;2,684311E-1;9,382539E-1;;
30/11/2021  14:47:39,249283;9,394359E-1;5,282514E-2;6,907803E-2;9,382920E-1;;
30/11/2021  14:47:39,249383;9,389352E-1;1,905566E-2;2,484755E-2;9,383331E-1;;
30/11/2021  14:47:39,249483;9,387713E-1;1,268406E-2;1,536959E-2;9,383768E-1;;
30/11/2021  14:47:39,249583;9,384435E-1;1,236548E-2;1,568552E-2;9,384225E-1;;
30/11/2021  14:47:39,249683;9,387534E-1;1,268406E-2;1,505366E-2;9,384697E-1;;
30/11/2021  14:47:39,249783;9,384792E-1;1,757970E-1;1,970305E-1;9,385180E-1;;
30/11/2021  14:47:39,249883;9,379607E-1;1,491412E-2;1,916077E-2;9,385668E-1;;
30/11/2021  14:47:39,249983;9,377729E-1;1,773899E-1;2,399972E-1;9,386156E-1;;
30/11/2021  14:47:39,250083;9,373557E-1;2,988738E-2;7,887192E-2;9,386640E-1;;
30/11/2021  14:47:39,250183;9,380441E-1;1,873708E-2;2,105637E-2;9,387113E-1;;
30/11/2021  14:47:39,250283;9,381842E-1;2,988738E-2;3,085026E-2;9,387572E-1;;
30/11/2021  14:47:39,250383;9,378295E-1;1,710183E-1;1,667010E-1;9,388013E-1;;
30/11/2021  14:47:39,250483;9,371023E-1;3,689614E-2;7,128955E-2;9,388433E-1;;
30/11/2021  14:47:39,250583;9,361486E-1;7,193994E-2;6,402312E-2;9,388828E-1;;
30/11/2021  14:47:39,250683;9,357135E-1;1,324701E-1;1,268936E-1;9,389192E-1;;
30/11/2021  14:47:39,250783;9,354542E-1;1,123996E-1;1,148882E-1;9,389521E-1;;
30/11/2021  14:47:39,250883;9,355645E-1;1,461691E-1;1,584868E-1;9,389807E-1;;
30/11/2021  14:47:39,250983;9,353201E-1;1,104881E-1;1,123607E-1;9,390046E-1;;
30/11/2021  14:47:39,251083;9,344648E-1;1,238685E-1;1,322644E-1;9,390234E-1;;
30/11/2021  14:47:39,251183;9,338061E-1;1,251428E-1;1,120448E-1;9,390364E-1;;
30/11/2021  14:47:39,251283;9,328643E-1;1,079395E-1;1,126766E-1;9,390432E-1;;
30/11/2021  14:47:39,251383;9,322355E-1;1,139925E-1;1,054102E-1;9,390431E-1;;
30/11/2021  14:47:39,251483;9,324829E-1;1,232313E-1;1,142563E-1;9,390354E-1;;
30/11/2021  14:47:39,251583;9,325455E-1;1,225942E-1;1,202590E-1;9,390196E-1;;
30/11/2021  14:47:39,251683;9,329418E-1;1,968233E-1;2,118793E-1;9,389952E-1;;
30/11/2021  14:47:39,251783;9,326438E-1;1,429833E-1;1,297370E-1;9,389619E-1;;
30/11/2021  14:47:39,251883;9,324203E-1;9,137332E-2;1,060421E-1;9,389196E-1;;
30/11/2021  14:47:39,251983;9,319345E-1;1,477620E-1;1,667010E-1;9,388682E-1;;
30/11/2021  14:47:39,252083;9,321759E-1;6,939130E-2;1,445858E-1;9,388075E-1;;
30/11/2021  14:47:39,252183;9,327153E-1;1,159040E-1;1,234183E-1;9,387375E-1;;
30/11/2021  14:47:39,252283;9,329865E-1;1,219570E-1;1,243661E-1;9,386585E-1;;
30/11/2021  14:47:39,252383;9,339373E-1;1,273729E-1;1,205749E-1;9,385707E-1;;
30/11/2021  14:47:39,252483;9,337167E-1;9,009900E-2;1,398468E-1;9,384745E-1;;
30/11/2021  14:47:39,252583;9,339015E-1;9,870066E-2;9,593225E-2;9,383706E-1;;
30/11/2021  14:47:39,252683;9,335975E-1;1,171783E-1;9,972343E-2;9,382595E-1;;
30/11/2021  14:47:39,252783;9,339969E-1;1,445762E-1;1,268936E-1;9,381419E-1;;
30/11/2021  14:47:39,252883;9,339551E-1;1,340630E-1;1,303688E-1;9,380185E-1;;
30/11/2021  14:47:39,252983;9,344290E-1;1,327887E-1;1,407946E-1;9,378897E-1;;
30/11/2021  14:47:39,253083;9,346883E-1;1,280100E-1;1,224705E-1;9,377564E-1;;
30/11/2021  14:47:39,253183;9,345989E-1;1,490363E-1;1,360556E-1;9,376194E-1;;
30/11/2021  14:47:39,253283;9,342860E-1;1,216384E-1;1,208909E-1;9,374793E-1;;
30/11/2021  14:47:39,253383;9,346168E-1;9,933782E-2;1,208909E-1;9,373368E-1;;
30/11/2021  14:47:39,253483;9,348641E-1;1,270543E-1;1,287892E-1;9,371926E-1;;
30/11/2021  14:47:39,253583;9,346525E-1;1,305587E-1;1,224705E-1;9,370474E-1;;
30/11/2021  14:47:39,253683;9,359847E-1;9,264764E-2;9,845971E-2;9,369018E-1;;
30/11/2021  14:47:39,253783;9,364556E-1;1,127182E-1;1,148882E-1;9,367566E-1;;
30/11/2021  14:47:39,253883;9,365957E-1;1,146297E-1;1,158360E-1;9,366127E-1;;
30/11/2021  14:47:39,253983;9,367447E-1;1,088952E-1;1,085695E-1;9,364709E-1;;
30/11/2021  14:47:39,254083;9,365897E-1;1,152668E-1;1,107811E-1;9,363321E-1;;
30/11/2021  14:47:39,254183;9,374302E-1;1,034794E-1;1,117289E-1;9,361969E-1;;
30/11/2021  14:47:39,254283;9,380620E-1;1,264171E-1;1,249980E-1;9,360663E-1;;
30/11/2021  14:47:39,254383;9,386521E-1;9,201048E-2;9,719598E-2;9,359409E-1;;
30/11/2021  14:47:39,254483;9,385597E-1;1,037979E-1;1,000394E-1;9,358216E-1;;
30/11/2021  14:47:39,254583;9,384703E-1;1,213198E-1;1,158360E-1;9,357093E-1;;
30/11/2021  14:47:39,254683;9,383898E-1;8,500172E-2;6,086380E-2;9,356045E-1;;
30/11/2021  14:47:39,254783;9,393197E-1;6,397544E-2;9,624818E-2;9,355078E-1;;
30/11/2021  14:47:39,254883;9,399068E-1;1,235499E-1;1,562753E-1;9,354198E-1;;
30/11/2021  14:47:39,254983;9,400111E-1;4,326774E-2;3,685297E-2;9,353410E-1;;
30/11/2021  14:47:39,255083;9,404850E-1;1,088952E-1;1,041465E-1;9,352720E-1;;
30/11/2021  14:47:39,255183;9,403270E-1;1,120810E-1;1,297370E-1;9,352133E-1;;
30/11/2021  14:47:39,255283;9,406936E-1;9,073616E-2;9,087734E-2;9,351653E-1;;
30/11/2021  14:47:39,255383;9,409201E-1;8,946184E-2;8,898175E-2;9,351284E-1;;
30/11/2021  14:47:39,255483;9,409290E-1;1,187712E-1;9,087734E-2;9,351028E-1;;
30/11/2021  14:47:39,255583;9,416920E-1;1,108067E-1;1,060421E-1;9,350888E-1;;
30/11/2021  14:47:39,255683;9,422344E-1;1,012493E-1;8,234717E-2;9,350866E-1;;
30/11/2021  14:47:39,255783;9,426695E-1;1,299215E-1;1,265777E-1;9,350963E-1;;
30/11/2021  14:47:39,255883;9,419304E-1;1,076209E-1;9,403666E-2;9,351182E-1;;
30/11/2021  14:47:39,255983;9,419394E-1;1,066652E-1;9,814378E-2;9,351523E-1;;
30/11/2021  14:47:39,256083;9,412956E-1;8,563888E-2;7,286922E-2;9,351985E-1;;
30/11/2021  14:47:39,256183;9,418708E-1;2,829448E-2;3,527331E-2;9,352567E-1;;
30/11/2021  14:47:39,256283;9,416473E-1;8,245308E-2;7,697633E-2;9,353263E-1;;
30/11/2021  14:47:39,256383;9,418976E-1;1,340630E-1;1,436380E-1;9,354071E-1;;
30/11/2021  14:47:39,256483;9,419096E-1;1,292843E-1;1,363715E-1;9,354987E-1;;
30/11/2021  14:47:39,256583;9,416652E-1;1,321516E-1;1,505885E-1;9,356005E-1;;
30/11/2021  14:47:39,256683;9,407979E-1;-1,917394E-2;-8,957173E-3;9,357121E-1;;
30/11/2021  14:47:39,256783;9,408188E-1;1,251428E-1;1,256299E-1;9,358327E-1;;
30/11/2021  14:47:39,256883;9,413910E-1;1,216384E-1;1,174156E-1;9,359616E-1;;
30/11/2021  14:47:39,256983;9,415102E-1;1,206827E-1;1,227865E-1;9,360982E-1;;
30/11/2021  14:47:39,257083;9,418976E-1;1,174969E-1;1,136244E-1;9,362417E-1;;
30/11/2021  14:47:39,257183;9,418112E-1;1,311958E-1;1,249980E-1;9,363915E-1;;
30/11/2021  14:47:39,257283;9,409022E-1;1,347002E-1;1,316326E-1;9,365471E-1;;
30/11/2021  14:47:39,257383;9,409022E-1;1,280100E-1;1,167838E-1;9,367077E-1;;
30/11/2021  14:47:39,257483;9,398114E-1;1,101695E-1;8,898175E-2;9,368725E-1;;
30/11/2021  14:47:39,257583;9,398532E-1;1,238685E-1;1,164678E-1;9,370407E-1;;
30/11/2021  14:47:39,257683;9,398144E-1;9,105474E-2;1,035146E-1;9,372114E-1;;
30/11/2021  14:47:39,257783;9,394329E-1;3,721472E-2;6,465498E-2;9,373835E-1;;
30/11/2021  14:47:39,257883;9,389144E-1;1,273729E-1;1,325804E-1;9,375562E-1;;
30/11/2021  14:47:39,257983;9,382557E-1;1,308772E-1;1,297370E-1;9,377284E-1;;
30/11/2021  14:47:39,258083;9,381931E-1;1,337445E-1;1,265777E-1;9,378993E-1;;
30/11/2021  14:47:39,258183;9,379964E-1;1,270543E-1;1,300529E-1;9,380678E-1;;
30/11/2021  14:47:39,258283;9,380381E-1;1,359745E-1;1,344760E-1;9,382330E-1;;
30/11/2021  14:47:39,258383;9,387773E-1;1,302401E-1;1,199431E-1;9,383940E-1;;
30/11/2021  14:47:39,258483;9,394478E-1;1,187712E-1;1,313166E-1;9,385501E-1;;
30/11/2021  14:47:39,258583;9,393763E-1;1,241871E-1;1,237343E-1;9,387010E-1;;
30/11/2021  14:47:39,258683;9,392541E-1;1,270543E-1;1,256299E-1;9,388462E-1;;
30/11/2021  14:47:39,258783;9,386074E-1;1,130368E-1;1,019350E-1;9,389856E-1;;
30/11/2021  14:47:39,258883;9,391319E-1;9,997498E-2;1,025668E-1;9,391186E-1;;
30/11/2021  14:47:39,258983;9,405237E-1;9,806350E-2;1,013031E-1;9,392452E-1;;
30/11/2021  14:47:39,259083;9,403479E-1;1,034794E-1;9,214107E-2;9,393653E-1;;
30/11/2021  14:47:39,259183;9,399187E-1;1,356559E-1;1,783905E-1;9,394790E-1;;
30/11/2021  14:47:39,259283;9,400379E-1;1,350188E-1;1,524841E-1;9,395863E-1;;
30/11/2021  14:47:39,259383;9,399396E-1;1,095324E-1;1,249980E-1;9,396874E-1;;
30/11/2021  14:47:39,259483;9,397310E-1;1,136739E-1;1,224705E-1;9,397822E-1;;
30/11/2021  14:47:39,259583;9,395462E-1;1,085766E-1;1,180475E-1;9,398709E-1;;
30/11/2021  14:47:39,259683;9,404850E-1;9,232906E-2;1,092014E-1;9,399535E-1;;
30/11/2021  14:47:39,259783;9,406161E-1;1,012493E-1;9,688005E-2;9,400301E-1;;
30/11/2021  14:47:39,259883;9,404969E-1;1,034794E-1;1,139404E-1;9,401010E-1;;
30/11/2021  14:47:39,259983;9,401333E-1;1,009307E-1;1,120448E-1;9,401664E-1;;
30/11/2021  14:47:39,260083;9,398502E-1;9,105474E-2;1,148882E-1;9,402266E-1;;
30/11/2021  14:47:39,260183;9,403151E-1;1,108067E-1;1,193112E-1;9,402816E-1;;
30/11/2021  14:47:39,260283;9,407562E-1;1,863102E-1;1,685966E-1;9,403317E-1;;
30/11/2021  14:47:39,260383;9,414566E-1;1,573194E-1;1,376353E-1;9,403771E-1;;
30/11/2021  14:47:39,260483;9,424311E-1;1,245056E-1;1,114129E-1;9,404182E-1;;
30/11/2021  14:47:39,260583;9,425980E-1;1,423461E-1;1,031987E-1;9,404557E-1;;
30/11/2021  14:47:39,260683;9,429407E-1;1,859916E-1;1,894481E-1;9,404900E-1;;
30/11/2021  14:47:39,260783;9,426904E-1;2,063807E-1;2,355742E-1;9,405219E-1;;
30/11/2021  14:47:39,260883;9,435845E-1;1,706997E-1;1,600664E-1;9,405519E-1;;
30/11/2021  14:47:39,260983;9,443594E-1;1,439390E-1;1,212068E-1;9,405807E-1;;
30/11/2021  14:47:39,261083;9,446872E-1;1,538150E-1;1,509044E-1;9,406090E-1;;
30/11/2021  14:47:39,261183;9,456051E-1;1,241871E-1;1,300529E-1;9,406375E-1;;
30/11/2021  14:47:39,261283;9,455485E-1;1,347002E-1;1,452176E-1;9,406671E-1;;
30/11/2021  14:47:39,261383;9,452862E-1;1,276914E-1;1,297370E-1;9,406986E-1;;
30/11/2021  14:47:39,261483;9,457303E-1;1,270543E-1;1,287892E-1;9,407325E-1;;
30/11/2021  14:47:39,261583;9,460105E-1;1,296029E-1;1,322644E-1;9,407695E-1;;
30/11/2021  14:47:39,261683;9,466333E-1;1,155854E-1;1,268936E-1;9,408102E-1;;
30/11/2021  14:47:39,261783;9,469880E-1;1,302401E-1;1,193112E-1;9,408551E-1;;
30/11/2021  14:47:39,261883;9,467019E-1;1,343816E-1;1,272095E-1;9,409047E-1;;
30/11/2021  14:47:39,261983;9,461565E-1;1,162226E-1;1,322644E-1;9,409595E-1;;
30/11/2021  14:47:39,262083;9,463889E-1;1,197269E-1;1,155200E-1;9,410197E-1;;
30/11/2021  14:47:39,262183;9,462489E-1;1,471248E-1;1,660692E-1;9,410856E-1;;
30/11/2021  14:47:39,262283;9,462608E-1;1,041165E-1;1,215227E-1;9,411571E-1;;
30/11/2021  14:47:39,262383;9,466184E-1;8,117876E-2;1,110970E-1;9,412343E-1;;
30/11/2021  14:47:39,262483;9,466870E-1;1,270543E-1;1,553275E-1;9,413172E-1;;
30/11/2021  14:47:39,262583;9,456588E-1;1,324701E-1;1,208909E-1;9,414057E-1;;
30/11/2021  14:47:39,262683;9,446663E-1;1,401161E-1;1,493248E-1;9,414996E-1;;
30/11/2021  14:47:39,262783;9,444607E-1;1,276914E-1;1,281573E-1;9,415984E-1;;
30/11/2021  14:47:39,262883;9,437454E-1;1,538150E-1;1,682807E-1;9,417015E-1;;
30/11/2021  14:47:39,262983;9,435487E-1;7,448858E-2;1,006712E-1;9,418082E-1;;
30/11/2021  14:47:39,263083;9,434027E-1;1,229127E-1;1,133085E-1;9,419178E-1;;
30/11/2021  14:47:39,263183;9,430749E-1;1,305587E-1;1,313166E-1;9,420295E-1;;
30/11/2021  14:47:39,263283;9,420496E-1;1,133553E-1;9,751191E-2;9,421425E-1;;
30/11/2021  14:47:39,263383;9,418082E-1;8,786894E-2;6,686651E-2;9,422559E-1;;
30/11/2021  14:47:39,263483;9,406310E-1;1,079395E-1;1,003553E-1;9,423687E-1;;
30/11/2021  14:47:39,263583;9,406131E-1;8,978042E-2;1,142563E-1;9,424799E-1;;
30/11/2021  14:47:39,263683;9,408158E-1;1,315144E-1;1,259458E-1;9,425885E-1;;
30/11/2021  14:47:39,263783;9,398949E-1;1,879031E-1;1,856569E-1;9,426936E-1;;
30/11/2021  14:47:39,263883;9,391587E-1;1,200455E-1;1,202590E-1;9,427942E-1;;
30/11/2021  14:47:39,263983;9,386014E-1;1,404346E-1;1,670170E-1;9,428894E-1;;
30/11/2021  14:47:39,264083;9,373855E-1;2,379201E-1;2,175661E-1;9,429782E-1;;
30/11/2021  14:47:39,264183;9,364377E-1;1,178155E-1;1,528000E-1;9,430595E-1;;
30/11/2021  14:47:39,264283;9,361606E-1;1,423461E-1;1,445858E-1;9,431322E-1;;
30/11/2021  14:47:39,264383;9,352247E-1;1,340630E-1;1,388990E-1;9,431951E-1;;
30/11/2021  14:47:39,264483;9,348075E-1;1,286472E-1;1,117289E-1;9,432473E-1;;
30/11/2021  14:47:39,264583;9,338419E-1;1,353374E-1;1,376353E-1;9,432877E-1;;
30/11/2021  14:47:39,264683;9,330342E-1;1,187712E-1;1,193112E-1;9,433152E-1;;
30/11/2021  14:47:39,264783;9,321670E-1;1,152668E-1;1,259458E-1;9,433290E-1;;
30/11/2021  14:47:39,264883;9,317199E-1;1,165411E-1;1,212068E-1;9,433280E-1;;
30/11/2021  14:47:39,264983;9,315202E-1;1,382046E-1;1,212068E-1;9,433114E-1;;
30/11/2021  14:47:39,265083;9,321431E-1;1,533758E-3;3,364175E-3;9,432784E-1;;
30/11/2021  14:47:39,265183;9,324501E-1;5,356718E-3;7,155359E-3;9,432285E-1;;
30/11/2021  14:47:39,265283;9,318838E-1;6,631038E-3;8,103155E-3;9,431616E-1;;
30/11/2021  14:47:39,265383;9,313444E-1;8,965980E-4;3,680107E-3;9,430775E-1;;
30/11/2021  14:47:39,265483;9,315649E-1;4,719558E-3;6,839427E-3;9,429762E-1;;
30/11/2021  14:47:39,265583;9,318302E-1;6,631038E-3;9,366883E-3;9,428579E-1;;
30/11/2021  14:47:39,265683;9,322534E-1;1,852338E-3;3,680107E-3;9,427228E-1;;
30/11/2021  14:47:39,265783;9,318153E-1;1,852338E-3;4,943835E-3;9,425713E-1;;
30/11/2021  14:47:39,265883;9,314398E-1;5,038138E-3;6,839427E-3;9,424041E-1;;
30/11/2021  14:47:39,265983;9,317199E-1;5,780180E-4;3,996039E-3;9,422217E-1;;
30/11/2021  14:47:39,266083;9,310464E-1;4,400978E-3;6,839427E-3;9,420248E-1;;
30/11/2021  14:47:39,266183;9,307036E-1;2,489498E-3;4,311971E-3;9,418140E-1;;
30/11/2021  14:47:39,266283;9,306023E-1;8,965980E-4;3,680107E-3;9,415899E-1;;
30/11/2021  14:47:39,266383;9,310195E-1;1,533758E-3;3,048243E-3;9,413533E-1;;
30/11/2021  14:47:39,266483;9,313474E-1;1,533758E-3;4,311971E-3;9,411048E-1;;
30/11/2021  14:47:39,266583;9,309570E-1;5,780180E-4;2,732311E-3;9,408455E-1;;
30/11/2021  14:47:39,266683;9,306738E-1;1,215178E-3;3,996039E-3;9,405761E-1;;
30/11/2021  14:47:39,266783;9,305159E-1;3,445238E-3;6,523495E-3;9,402976E-1;;
30/11/2021  14:47:39,266883;9,310791E-1;1,533758E-3;3,996039E-3;9,400108E-1;;
30/11/2021  14:47:39,266983;9,316096E-1;6,949618E-3;9,366883E-3;9,397166E-1;;
30/11/2021  14:47:39,267083;9,322772E-1;7,268198E-3;9,050951E-3;9,394162E-1;;
30/11/2021  14:47:39,267183;9,329538E-1;1,852338E-3;3,048243E-3;9,391108E-1;;
30/11/2021  14:47:39,267283;9,332220E-1;5,038138E-3;6,523495E-3;9,388016E-1;;
30/11/2021  14:47:39,267383;9,333710E-1;8,965980E-4;3,680107E-3;9,384900E-1;;
30/11/2021  14:47:39,267483;9,338151E-1;1,533758E-3;3,680107E-3;9,381773E-1;;
30/11/2021  14:47:39,267583;9,338777E-1;8,965980E-4;3,364175E-3;9,378649E-1;;
30/11/2021  14:47:39,267683;9,347896E-1;8,965980E-4;3,364175E-3;9,375541E-1;;
30/11/2021  14:47:39,267783;9,356509E-1;1,215178E-3;3,364175E-3;9,372463E-1;;
30/11/2021  14:47:39,267883;9,358715E-1;5,780180E-4;3,680107E-3;9,369429E-1;;
30/11/2021  14:47:39,267983;9,353767E-1;1,533758E-3;4,311971E-3;9,366452E-1;;
30/11/2021  14:47:39,268083;9,354393E-1;8,965980E-4;3,996039E-3;9,363545E-1;;
30/11/2021  14:47:39,268183;9,356658E-1;1,215178E-3;3,680107E-3;9,360719E-1;;
30/11/2021  14:47:39,268283;9,359370E-1;1,215178E-3;3,996039E-3;9,357984E-1;;
30/11/2021  14:47:39,268383;9,371500E-1;3,445238E-3;7,155359E-3;9,355349E-1;;
30/11/2021  14:47:39,268483;9,371083E-1;1,852338E-3;4,311971E-3;9,352825E-1;;
30/11/2021  14:47:39,268583;9,373586E-1;2,489498E-3;5,575699E-3;9,350420E-1;;
30/11/2021  14:47:39,268683;9,373855E-1;1,013542E-2;1,505366E-2;9,348143E-1;;
30/11/2021  14:47:39,268783;9,372007E-1;1,586986E-2;1,726518E-2;9,346002E-1;;
30/11/2021  14:47:39,268883;9,374928E-1;1,491412E-2;1,694925E-2;9,344002E-1;;
30/11/2021  14:47:39,268983;9,370129E-1;1,332122E-2;1,568552E-2;9,342148E-1;;
30/11/2021  14:47:39,269083;9,370278E-1;1,300264E-2;1,568552E-2;9,340443E-1;;
30/11/2021  14:47:39,269183;9,376835E-1;1,268406E-2;1,631739E-2;9,338890E-1;;
30/11/2021  14:47:39,269283;9,371858E-1;9,838208E-2;1,142563E-1;9,337490E-1;;
30/11/2021  14:47:39,269383;9,372752E-1;5,186940E-2;7,571260E-2;9,336244E-1;;
30/11/2021  14:47:39,269483;9,369772E-1;1,812129E-1;1,878685E-1;9,335150E-1;;
30/11/2021  14:47:39,269583;9,370725E-1;1,066652E-1;1,110970E-1;9,334208E-1;;
30/11/2021  14:47:39,269683;9,373586E-1;1,268406E-2;1,410586E-2;9,333414E-1;;
30/11/2021  14:47:39,269783;9,379160E-1;2,351578E-2;3,590517E-2;9,332767E-1;;
30/11/2021  14:47:39,269883;9,388995E-1;7,321426E-2;1,430061E-1;9,332264E-1;;
30/11/2021  14:47:39,269983;9,387475E-1;1,363980E-2;1,821298E-2;9,331903E-1;;
30/11/2021  14:47:39,270083;9,391438E-1;1,028422E-1;1,231024E-1;9,331684E-1;;
30/11/2021  14:47:39,270183;9,395641E-1;1,015679E-1;1,025668E-1;9,331604E-1;;
30/11/2021  14:47:39,270283;9,396863E-1;5,887816E-2;9,593225E-2;9,331663E-1;;
30/11/2021  14:47:39,270383;9,407979E-1;1,586986E-2;1,947671E-2;9,331859E-1;;
30/11/2021  14:47:39,270483;9,411049E-1;2,159381E-1;2,200935E-1;9,332191E-1;;
30/11/2021  14:47:39,270583;9,411079E-1;1,483991E-1;1,847091E-1;9,332657E-1;;
30/11/2021  14:47:39,270683;9,411704E-1;1,853544E-1;1,768108E-1;9,333257E-1;;
30/11/2021  14:47:39,270783;9,407860E-1;1,605052E-1;1,515363E-1;9,333989E-1;;
30/11/2021  14:47:39,270883;9,406996E-1;1,557265E-1;1,297370E-1;9,334850E-1;;
30/11/2021  14:47:39,270983;9,413165E-1;1,133553E-1;9,845971E-2;9,335835E-1;;
30/11/2021  14:47:39,271083;9,415698E-1;1,034794E-1;9,119327E-2;9,336939E-1;;
30/11/2021  14:47:39,271183;9,419960E-1;1,318330E-1;1,436380E-1;9,338159E-1;;
30/11/2021  14:47:39,271283;9,419960E-1;1,589123E-1;8,234717E-2;9,339491E-1;;
30/11/2021  14:47:39,271383;9,421867E-1;1,210013E-1;1,464814E-1;9,340930E-1;;
30/11/2021  14:47:39,271483;9,425056E-1;1,289658E-1;1,392149E-1;9,342472E-1;;
30/11/2021  14:47:39,271583;9,424669E-1;2,254955E-1;2,621125E-1;9,344112E-1;;
30/11/2021  14:47:39,271683;9,431017E-1;1,203641E-1;1,227865E-1;9,345846E-1;;
30/11/2021  14:47:39,271783;9,440256E-1;1,283286E-1;1,281573E-1;9,347669E-1;;
30/11/2021  14:47:39,271883;9,447379E-1;1,210013E-1;1,104651E-1;9,349578E-1;;
30/11/2021  14:47:39,271983;9,452594E-1;1,232313E-1;1,284732E-1;9,351571E-1;;
30/11/2021  14:47:39,272083;9,452296E-1;1,203641E-1;1,142563E-1;9,353646E-1;;
30/11/2021  14:47:39,272183;9,449912E-1;1,260985E-1;1,253139E-1;9,355801E-1;;
30/11/2021  14:47:39,272283;9,451313E-1;1,155854E-1;1,041465E-1;9,358032E-1;;
30/11/2021  14:47:39,272383;9,454978E-1;1,053908E-1;1,524841E-1;9,360338E-1;;
30/11/2021  14:47:39,272483;9,460820E-1;-2,044826E-2;2,263603E-2;9,362713E-1;;
30/11/2021  14:47:39,272583;9,456707E-1;1,108067E-1;9,940750E-2;9,365154E-1;;
30/11/2021  14:47:39,272683;9,461803E-1;6,907272E-2;5,264957E-2;9,367657E-1;;
30/11/2021  14:47:39,272783;9,458376E-1;1,197269E-1;1,142563E-1;9,370219E-1;;
30/11/2021  14:47:39,272883;9,456260E-1;1,299215E-1;1,433221E-1;9,372833E-1;;
30/11/2021  14:47:39,272983;9,458108E-1;1,289658E-1;1,363715E-1;9,375496E-1;;
30/11/2021  14:47:39,273083;9,464873E-1;1,270543E-1;1,284732E-1;9,378200E-1;;
30/11/2021  14:47:39,273183;9,463264E-1;1,152668E-1;1,180475E-1;9,380941E-1;;
30/11/2021  14:47:39,273283;9,464664E-1;1,232313E-1;1,291051E-1;9,383713E-1;;
30/11/2021  14:47:39,273383;9,465260E-1;1,238685E-1;1,351078E-1;9,386511E-1;;
30/11/2021  14:47:39,273483;9,461624E-1;1,162226E-1;1,224705E-1;9,389330E-1;;
30/11/2021  14:47:39,273583;9,458138E-1;1,200455E-1;1,215227E-1;9,392164E-1;;
30/11/2021  14:47:39,273683;9,459270E-1;1,194084E-1;1,174156E-1;9,395007E-1;;
30/11/2021  14:47:39,273783;9,463025E-1;1,190898E-1;1,161519E-1;9,397851E-1;;
30/11/2021  14:47:39,273883;9,470208E-1;1,152668E-1;1,066739E-1;9,400691E-1;;
30/11/2021  14:47:39,273983;9,473069E-1;1,025236E-1;1,066739E-1;9,403522E-1;;
30/11/2021  14:47:39,274083;9,467436E-1;5,346230E-2;7,697633E-2;9,406340E-1;;
30/11/2021  14:47:39,274183;9,474678E-1;9,838208E-2;1,395309E-1;9,409140E-1;;
30/11/2021  14:47:39,274283;9,470744E-1;1,914074E-1;2,033491E-1;9,411919E-1;;
30/11/2021  14:47:39,274383;9,474619E-1;1,283286E-1;1,420583E-1;9,414674E-1;;
30/11/2021  14:47:39,274483;9,478433E-1;4,740928E-2;6,939396E-2;9,417400E-1;;
30/11/2021  14:47:39,274583;9,476347E-1;1,187712E-1;1,167838E-1;9,420094E-1;;
30/11/2021  14:47:39,274683;9,479417E-1;9,455912E-2;1,063580E-1;9,422755E-1;;
30/11/2021  14:47:39,274783;9,476019E-1;1,216384E-1;1,224705E-1;9,425379E-1;;
30/11/2021  14:47:39,274883;9,473337E-1;1,213198E-1;1,221546E-1;9,427964E-1;;
30/11/2021  14:47:39,274983;9,463383E-1;1,442576E-1;1,486929E-1;9,430506E-1;;
30/11/2021  14:47:39,275083;9,467823E-1;1,363980E-2;2,326789E-2;9,433001E-1;;
30/11/2021  14:47:39,275183;9,461952E-1;1,123996E-1;9,782784E-2;9,435443E-1;;
30/11/2021  14:47:39,275283;9,465171E-1;1,302401E-1;1,262617E-1;9,437829E-1;;
30/11/2021  14:47:39,275383;9,456200E-1;1,095324E-1;9,624818E-2;9,440152E-1;;
30/11/2021  14:47:39,275483;9,451313E-1;5,728526E-2;5,675668E-2;9,442409E-1;;
30/11/2021  14:47:39,275583;9,448630E-1;1,555128E-2;3,274585E-2;9,444592E-1;;
30/11/2021  14:47:39,275683;9,448869E-1;1,210013E-1;1,306848E-1;9,446698E-1;;
30/11/2021  14:47:39,275783;9,452058E-1;1,009307E-1;9,466852E-2;9,448719E-1;;
30/11/2021  14:47:39,275883;9,451015E-1;-7,386482E-3;-4,534125E-3;9,450651E-1;;
30/11/2021  14:47:39,275983;9,451104E-1;9,838208E-2;8,898175E-2;9,452492E-1;;
30/11/2021  14:47:39,276083;9,444279E-1;1,327887E-1;1,528000E-1;9,454237E-1;;
30/11/2021  14:47:39,276183;9,446157E-1;1,260985E-1;1,404787E-1;9,455884E-1;;
30/11/2021  14:47:39,276283;9,441954E-1;4,390490E-2;5,644075E-2;9,457430E-1;;
30/11/2021  14:47:39,276383;9,444398E-1;1,251428E-1;1,253139E-1;9,458873E-1;;
30/11/2021  14:47:39,276483;9,451521E-1;1,149482E-1;1,155200E-1;9,460210E-1;;
30/11/2021  14:47:39,276583;9,452803E-1;1,216384E-1;1,073058E-1;9,461443E-1;;
30/11/2021  14:47:39,276683;9,451998E-1;1,076209E-1;1,196272E-1;9,462570E-1;;
30/11/2021  14:47:39,276783;9,451998E-1;1,184526E-1;9,372073E-2;9,463596E-1;;
30/11/2021  14:47:39,276883;9,450121E-1;1,139925E-1;8,424277E-2;9,464520E-1;;
30/11/2021  14:47:39,276983;9,447557E-1;9,041758E-2;8,203124E-2;9,465346E-1;;
30/11/2021  14:47:39,277083;9,448720E-1;3,466608E-2;2,863873E-2;9,466075E-1;;
30/11/2021  14:47:39,277183;9,452922E-1;1,009307E-1;1,092014E-1;9,466709E-1;;
30/11/2021  14:47:39,277283;9,454293E-1;3,763818E-3;9,050951E-3;9,467251E-1;;
30/11/2021  14:47:39,277383;9,452713E-1;1,238685E-1;1,202590E-1;9,467705E-1;;
30/11/2021  14:47:39,277483;9,451551E-1;1,232313E-1;1,174156E-1;9,468074E-1;;
30/11/2021  14:47:39,277583;9,439540E-1;7,193994E-2;1,717559E-1;9,468362E-1;;
30/11/2021  14:47:39,277683;9,436739E-1;1,343816E-1;1,335282E-1;9,468571E-1;;
30/11/2021  14:47:39,277783;9,433401E-1;1,251428E-1;1,174156E-1;9,468701E-1;;
30/11/2021  14:47:39,277883;9,434265E-1;1,280100E-1;1,208909E-1;9,468754E-1;;
30/11/2021  14:47:39,277983;9,429437E-1;1,245056E-1;1,237343E-1;9,468729E-1;;
30/11/2021  14:47:39,278083;9,428275E-1;1,190898E-1;1,212068E-1;9,468628E-1;;
30/11/2021  14:47:39,278183;9,428543E-1;1,178155E-1;1,196272E-1;9,468452E-1;;
30/11/2021  14:47:39,278283;9,416175E-1;1,127182E-1;1,174156E-1;9,468200E-1;;
30/11/2021  14:47:39,278383;9,416085E-1;1,366117E-1;1,291051E-1;9,467873E-1;;
30/11/2021  14:47:39,278483;9,415877E-1;1,254614E-1;1,259458E-1;9,467470E-1;;
30/11/2021  14:47:39,278583;9,415668E-1;1,289658E-1;1,452176E-1;9,466992E-1;;
30/11/2021  14:47:39,278683;9,409588E-1;1,213198E-1;1,246821E-1;9,466438E-1;;
30/11/2021  14:47:39,278783;9,413135E-1;1,423461E-1;1,291051E-1;9,465809E-1;;
30/11/2021  14:47:39,278883;9,408396E-1;1,206827E-1;1,177316E-1;9,465106E-1;;
30/11/2021  14:47:39,278983;9,400141E-1;1,114439E-1;1,142563E-1;9,464330E-1;;
30/11/2021  14:47:39,279083;9,405893E-1;1,152668E-1;1,205749E-1;9,463481E-1;;
30/11/2021  14:47:39,279183;9,405416E-1;1,321516E-1;1,644895E-1;9,462560E-1;;
30/11/2021  14:47:39,279283;9,402406E-1;1,181340E-1;1,167838E-1;9,461569E-1;;
30/11/2021  14:47:39,279383;9,399366E-1;8,404598E-2;1,755471E-1;9,460510E-1;;
30/11/2021  14:47:39,279483;9,400230E-1;1,066652E-1;1,123607E-1;9,459386E-1;;
30/11/2021  14:47:39,279583;9,396058E-1;1,108067E-1;1,170997E-1;9,458197E-1;;
30/11/2021  14:47:39,279683;9,387415E-1;-1,821820E-2;7,471291E-3;9,456946E-1;;
30/11/2021  14:47:39,279783;9,382736E-1;1,136739E-1;1,205749E-1;9,455634E-1;;
30/11/2021  14:47:39,279883;9,382289E-1;1,025236E-1;1,028828E-1;9,454262E-1;;
30/11/2021  14:47:39,279983;9,377491E-1;9,009900E-2;1,013031E-1;9,452830E-1;;
30/11/2021  14:47:39,280083;9,375464E-1;7,417000E-2;7,097362E-2;9,451339E-1;;
30/11/2021  14:47:39,280183;9,368967E-1;8,595746E-2;8,613836E-2;9,449789E-1;;
30/11/2021  14:47:39,280283;9,358268E-1;9,965640E-2;1,133085E-1;9,448180E-1;;
30/11/2021  14:47:39,280383;9,352575E-1;1,168597E-1;1,461654E-1;9,446511E-1;;
30/11/2021  14:47:39,280483;9,355794E-1;1,101695E-1;1,193112E-1;9,444780E-1;;
30/11/2021  14:47:39,280583;9,350877E-1;1,117624E-1;1,287892E-1;9,442987E-1;;
30/11/2021  14:47:39,280683;9,349446E-1;1,025236E-1;1,240502E-1;9,441130E-1;;
30/11/2021  14:47:39,280783;9,339939E-1;1,821686E-1;2,112474E-1;9,439209E-1;;
30/11/2021  14:47:39,280883;9,337406E-1;1,356559E-1;1,385831E-1;9,437225E-1;;
30/11/2021  14:47:39,280983;9,327898E-1;1,436204E-1;1,423743E-1;9,435175E-1;;
30/11/2021  14:47:39,281083;9,325633E-1;1,550893E-1;1,398468E-1;9,433060E-1;;
30/11/2021  14:47:39,281183;9,328971E-1;1,624167E-1;1,461654E-1;9,430876E-1;;
30/11/2021  14:47:39,281283;9,328792E-1;1,703812E-1;1,480610E-1;9,428626E-1;;
30/11/2021  14:47:39,281383;9,327213E-1;1,751599E-1;1,559593E-1;9,426308E-1;;
30/11/2021  14:47:39,281483;9,318183E-1;1,356559E-1;1,433221E-1;9,423926E-1;;
30/11/2021  14:47:39,281583;9,309391E-1;1,382046E-1;1,202590E-1;9,421480E-1;;
30/11/2021  14:47:39,281683;9,306530E-1;6,493118E-2;6,370719E-2;9,418970E-1;;
30/11/2021  14:47:39,281783;9,302417E-1;1,031608E-1;9,530039E-2;9,416398E-1;;
30/11/2021  14:47:39,281883;9,299675E-1;1,289658E-1;1,398468E-1;9,413762E-1;;
30/11/2021  14:47:39,281983;9,305218E-1;1,550893E-1;1,749153E-1;9,411064E-1;;
30/11/2021  14:47:39,282083;9,303251E-1;9,073616E-2;1,148882E-1;9,408306E-1;;
30/11/2021  14:47:39,282183;9,295860E-1;1,280100E-1;1,249980E-1;9,405489E-1;;
30/11/2021  14:47:39,282283;9,299377E-1;1,270543E-1;1,265777E-1;9,402618E-1;;
30/11/2021  14:47:39,282383;9,291628E-1;1,292843E-1;1,253139E-1;9,399694E-1;;
30/11/2021  14:47:39,282483;9,299228E-1;1,353374E-1;1,420583E-1;9,396722E-1;;
30/11/2021  14:47:39,282583;9,302655E-1;1,174969E-1;1,186794E-1;9,393705E-1;;
30/11/2021  14:47:39,282683;9,311477E-1;1,299215E-1;1,401627E-1;9,390649E-1;;
30/11/2021  14:47:39,282783;9,312311E-1;1,311958E-1;1,237343E-1;9,387561E-1;;
30/11/2021  14:47:39,282883;9,312609E-1;1,350188E-1;1,291051E-1;9,384451E-1;;
30/11/2021  14:47:39,282983;9,314815E-1;1,241871E-1;1,145722E-1;9,381326E-1;;
30/11/2021  14:47:39,283083;9,318749E-1;1,225942E-1;1,145722E-1;9,378195E-1;;
30/11/2021  14:47:39,283183;9,328405E-1;1,232313E-1;1,167838E-1;9,375069E-1;;
30/11/2021  14:47:39,283283;9,329806E-1;1,407532E-1;1,698603E-1;9,371956E-1;;
30/11/2021  14:47:39,283383;9,331266E-1;1,203641E-1;1,278414E-1;9,368868E-1;;
30/11/2021  14:47:39,283483;9,336184E-1;1,356559E-1;1,467973E-1;9,365817E-1;;
30/11/2021  14:47:39,283583;9,345721E-1;1,461691E-1;1,569071E-1;9,362811E-1;;
30/11/2021  14:47:39,283683;9,349535E-1;1,318330E-1;1,338441E-1;9,359864E-1;;
30/11/2021  14:47:39,283783;9,352367E-1;1,305587E-1;1,338441E-1;9,356986E-1;;
30/11/2021  14:47:39,283883;9,363811E-1;1,356559E-1;1,420583E-1;9,354189E-1;;
30/11/2021  14:47:39,283983;9,369414E-1;1,257800E-1;1,057261E-1;9,351485E-1;;
30/11/2021  14:47:39,284083;9,373706E-1;1,404346E-1;1,379512E-1;9,348887E-1;;
30/11/2021  14:47:39,284183;9,379487E-1;1,152668E-1;1,303688E-1;9,346405E-1;;
30/11/2021  14:47:39,284283;9,379785E-1;1,404346E-1;1,430061E-1;9,344051E-1;;
30/11/2021  14:47:39,284383;9,384554E-1;1,468062E-1;1,379512E-1;9,341836E-1;;
30/11/2021  14:47:39,284483;9,393405E-1;1,395838E-2;6,370719E-2;9,339769E-1;;
30/11/2021  14:47:39,284583;9,401244E-1;1,302401E-1;1,294210E-1;9,337859E-1;;
30/11/2021  14:47:39,284683;9,403479E-1;1,181340E-1;9,245700E-2;9,336115E-1;;
30/11/2021  14:47:39,284783;9,409916E-1;1,194084E-1;1,221546E-1;9,334545E-1;;
30/11/2021  14:47:39,284883;9,413731E-1;1,273729E-1;1,180475E-1;9,333159E-1;;
30/11/2021  14:47:39,284983;9,418649E-1;1,624167E-1;1,676488E-1;9,331961E-1;;
30/11/2021  14:47:39,285083;9,423566E-1;1,332122E-2;1,473773E-2;9,330959E-1;;
30/11/2021  14:47:39,285183;9,431672E-1;1,533758E-3;3,364175E-3;9,330158E-1;;
30/11/2021  14:47:39,285283;9,441567E-1;3,126658E-3;5,891631E-3;9,329562E-1;;
30/11/2021  14:47:39,285383;9,446276E-1;6,312458E-3;8,103155E-3;9,329177E-1;;
30/11/2021  14:47:39,285483;9,445561E-1;4,719558E-3;5,891631E-3;9,329007E-1;;
30/11/2021  14:47:39,285583;9,449435E-1;5,038138E-3;6,839427E-3;9,329055E-1;;
30/11/2021  14:47:39,285683;9,451015E-1;8,542518E-3;1,063061E-2;9,329323E-1;;
30/11/2021  14:47:39,285783;9,451879E-1;6,312458E-3;9,682815E-3;9,329810E-1;;
30/11/2021  14:47:39,285883;9,459330E-1;7,905358E-3;9,682815E-3;9,330517E-1;;
30/11/2021  14:47:39,285983;9,470178E-1;1,215178E-3;3,680107E-3;9,331441E-1;;
30/11/2021  14:47:39,286083;9,469582E-1;1,533758E-3;3,996039E-3;9,332581E-1;;
30/11/2021  14:47:39,286183;9,470357E-1;6,631038E-3;8,735019E-3;9,333934E-1;;
30/11/2021  14:47:39,286283;9,474112E-1;4,082398E-3;6,523495E-3;9,335498E-1;;
30/11/2021  14:47:39,286383;9,471370E-1;8,223938E-3;9,366883E-3;9,337267E-1;;
30/11/2021  14:47:39,286483;9,472532E-1;3,445238E-3;6,207563E-3;9,339237E-1;;
30/11/2021  14:47:39,286583;9,474380E-1;6,949618E-3;8,735019E-3;9,341400E-1;;
30/11/2021  14:47:39,286683;9,477986E-1;5,780180E-4;3,364175E-3;9,343749E-1;;
30/11/2021  14:47:39,286783;9,477599E-1;1,533758E-3;3,996039E-3;9,346274E-1;;
30/11/2021  14:47:39,286883;9,476794E-1;9,816838E-3;1,063061E-2;9,348969E-1;;
30/11/2021  14:47:39,286983;9,478195E-1;1,533758E-3;3,048243E-3;9,351822E-1;;
30/11/2021  14:47:39,287083;9,474201E-1;8,965980E-4;3,680107E-3;9,354823E-1;;
30/11/2021  14:47:39,287183;9,472234E-1;1,533758E-3;3,048243E-3;9,357961E-1;;
30/11/2021  14:47:39,287283;9,479268E-1;8,965980E-4;3,680107E-3;9,361225E-1;;
30/11/2021  14:47:39,287383;9,471638E-1;1,215178E-3;3,364175E-3;9,364602E-1;;
30/11/2021  14:47:39,287483;9,482814E-1;5,780180E-4;2,416379E-3;9,368080E-1;;
30/11/2021  14:47:39,287583;9,479447E-1;1,533758E-3;3,680107E-3;9,371647E-1;;
30/11/2021  14:47:39,287683;9,478076E-1;5,675298E-3;8,103155E-3;9,375293E-1;;
30/11/2021  14:47:39,287783;9,472026E-1;1,215178E-3;3,680107E-3;9,379004E-1;;
30/11/2021  14:47:39,287883;9,478880E-1;8,965980E-4;3,996039E-3;9,382769E-1;;
30/11/2021  14:47:39,287983;9,477957E-1;1,533758E-3;3,048243E-3;9,386576E-1;;
30/11/2021  14:47:39,288083;9,479715E-1;1,215178E-3;3,364175E-3;9,390413E-1;;
30/11/2021  14:47:39,288183;9,483440E-1;1,215178E-3;3,364175E-3;9,394270E-1;;
30/11/2021  14:47:39,288283;9,476466E-1;1,215178E-3;3,364175E-3;9,398135E-1;;
30/11/2021  14:47:39,288383;9,473397E-1;3,763818E-3;6,523495E-3;9,402000E-1;;
30/11/2021  14:47:39,288483;9,470983E-1;1,215178E-3;3,680107E-3;9,405852E-1;;
30/11/2021  14:47:39,288583;9,471638E-1;4,082398E-3;6,207563E-3;9,409681E-1;;
30/11/2021  14:47:39,288683;9,476168E-1;6,949618E-3;8,103155E-3;9,413475E-1;;
30/11/2021  14:47:39,288783;9,471757E-1;1,300264E-2;1,378993E-2;9,417226E-1;;
30/11/2021  14:47:39,288883;9,473277E-1;9,498258E-3;1,378993E-2;9,420924E-1;;
30/11/2021  14:47:39,288983;9,472026E-1;1,714418E-2;1,947671E-2;9,424561E-1;;
30/11/2021  14:47:39,289083;9,465469E-1;1,746276E-2;4,001229E-2;9,428128E-1;;
30/11/2021  14:47:39,289183;9,469314E-1;1,300264E-2;1,536959E-2;9,431616E-1;;
30/11/2021  14:47:39,289283;9,476943E-1;1,905566E-2;3,748483E-2;9,435020E-1;;
30/11/2021  14:47:39,289383;9,474619E-1;1,618844E-2;4,001229E-2;9,438331E-1;;
30/11/2021  14:47:39,289483;9,482427E-1;1,555128E-2;2,674314E-2;9,441547E-1;;
30/11/2021  14:47:39,289583;9,478374E-1;1,969282E-2;2,800687E-2;9,444663E-1;;
30/11/2021  14:47:39,289683;9,474350E-1;4,804644E-2;6,433905E-2;9,447676E-1;;
30/11/2021  14:47:39,289783;9,483381E-1;1,268406E-2;2,705907E-2;9,450583E-1;;
30/11/2021  14:47:39,289883;9,483947E-1;1,332122E-2;1,568552E-2;9,453383E-1;;
30/11/2021  14:47:39,289983;9,490563E-1;1,073023E-1;1,088855E-1;9,456075E-1;;
30/11/2021  14:47:39,290083;9,494736E-1;1,439390E-1;1,755471E-1;9,458659E-1;;
30/11/2021  14:47:39,290183;9,494408E-1;9,519628E-2;1,050943E-1;9,461136E-1;;
30/11/2021  14:47:39,290283;9,493573E-1;9,838208E-2;8,866581E-2;9,463510E-1;;
30/11/2021  14:47:39,290383;9,485169E-1;9,009900E-2;8,961361E-2;9,465781E-1;;
30/11/2021  14:47:39,290483;9,485467E-1;1,624167E-1;1,793383E-1;9,467951E-1;;
30/11/2021  14:47:39,290583;9,488894E-1;1,296029E-1;1,265777E-1;9,470020E-1;;
30/11/2021  14:47:39,290683;9,490504E-1;1,085766E-1;1,439539E-1;9,471990E-1;;
30/11/2021  14:47:39,290783;9,325961E-1;7,162136E-2;1,212068E-1;9,473856E-1;;
30/11/2021  14:47:39,290883;9,331803E-1;1,458505E-1;1,423743E-1;9,475602E-1;;
30/11/2021  14:47:39,290983;9,341608E-1;2,893164E-2;8,424277E-2;9,477200E-1;;
30/11/2021  14:47:39,291083;9,334217E-1;1,299215E-1;1,291051E-1;9,478624E-1;;
30/11/2021  14:47:39,291183;9,332607E-1;1,410718E-1;1,370034E-1;9,479849E-1;;
30/11/2021  14:47:39,291283;9,337137E-1;1,375674E-1;1,505885E-1;9,480858E-1;;
30/11/2021  14:47:39,291383;9,343664E-1;8,054160E-2;1,246821E-1;9,481634E-1;;
30/11/2021  14:47:39,291483;9,350638E-1;1,194084E-1;1,139404E-1;9,482165E-1;;
30/11/2021  14:47:39,291583;9,358804E-1;1,397975E-1;1,518522E-1;9,482447E-1;;
30/11/2021  14:47:39,291683;9,350996E-1;1,114439E-1;1,164678E-1;9,482476E-1;;
30/11/2021  14:47:39,291783;9,357195E-1;1,308772E-1;1,243661E-1;9,482251E-1;;
30/11/2021  14:47:39,291883;9,353767E-1;1,235499E-1;1,079377E-1;9,481775E-1;;
30/11/2021  14:47:39,291983;9,356181E-1;2,224146E-2;7,950379E-2;9,481051E-1;;
30/11/2021  14:47:39,292083;9,359877E-1;1,251428E-1;1,044624E-1;9,480085E-1;;
30/11/2021  14:47:39,292183;9,358953E-1;1,566822E-1;1,831295E-1;9,478884E-1;;
30/11/2021  14:47:39,292283;9,364198E-1;1,332122E-2;6,433905E-2;9,477456E-1;;
30/11/2021  14:47:39,292383;9,360026E-1;1,423461E-1;1,670170E-1;9,475812E-1;;
30/11/2021  14:47:39,292483;9,360801E-1;1,404346E-1;1,515363E-1;9,473962E-1;;
30/11/2021  14:47:39,292583;9,357046E-1;1,280100E-1;1,249980E-1;9,471918E-1;;
30/11/2021  14:47:39,292683;9,357493E-1;1,433019E-1;1,360556E-1;9,469691E-1;;
30/11/2021  14:47:39,292783;9,358297E-1;1,251428E-1;1,316326E-1;9,467293E-1;;
30/11/2021  14:47:39,292883;9,360682E-1;9,201048E-2;7,223735E-2;9,464737E-1;;
30/11/2021  14:47:39,292983;9,360622E-1;1,308772E-1;1,313166E-1;9,462034E-1;;
30/11/2021  14:47:39,293083;9,356599E-1;1,296029E-1;1,265777E-1;9,459199E-1;;
30/11/2021  14:47:39,293183;9,356897E-1;1,318330E-1;1,227865E-1;9,456245E-1;;
30/11/2021  14:47:39,293283;9,357195E-1;1,210013E-1;1,164678E-1;9,453183E-1;;
30/11/2021  14:47:39,293383;9,353797E-1;1,464877E-1;1,562753E-1;9,450026E-1;;
30/11/2021  14:47:39,293483;9,361278E-1;1,308772E-1;1,268936E-1;9,446788E-1;;
30/11/2021  14:47:39,293583;9,361546E-1;8,882468E-2;1,417424E-1;9,443479E-1;;
30/11/2021  14:47:39,293683;9,365361E-1;2,797590E-2;5,865227E-2;9,440114E-1;;
30/11/2021  14:47:39,293783;9,357344E-1;5,027650E-2;8,108345E-2;9,436706E-1;;
30/11/2021  14:47:39,293883;9,360503E-1;1,311958E-1;1,341600E-1;9,433267E-1;;
30/11/2021  14:47:39,293983;9,354900E-1;1,257800E-1;1,234183E-1;9,429809E-1;;
30/11/2021  14:47:39,294083;9,366523E-1;1,311958E-1;1,313166E-1;9,426342E-1;;
30/11/2021  14:47:39,294183;9,368967E-1;1,448948E-1;1,373193E-1;9,422878E-1;;
30/11/2021  14:47:39,294283;9,372573E-1;1,225942E-1;1,306848E-1;9,419429E-1;;
30/11/2021  14:47:39,294383;9,371023E-1;1,362931E-1;1,528000E-1;9,416006E-1;;
30/11/2021  14:47:39,294483;9,376090E-1;1,273729E-1;1,268936E-1;9,412622E-1;;
30/11/2021  14:47:39,294583;9,374987E-1;1,276914E-1;1,256299E-1;9,409287E-1;;
30/11/2021  14:47:39,294683;9,383570E-1;1,318330E-1;1,313166E-1;9,406012E-1;;
30/11/2021  14:47:39,294783;9,386312E-1;1,378860E-1;1,354238E-1;9,402808E-1;;
30/11/2021  14:47:39,294883;9,390395E-1;1,394789E-1;1,483770E-1;9,399686E-1;;
30/11/2021  14:47:39,294983;9,394210E-1;1,334259E-1;9,940750E-2;9,396655E-1;;
30/11/2021  14:47:39,295083;9,401214E-1;1,423461E-1;1,499566E-1;9,393728E-1;;
30/11/2021  14:47:39,295183;9,405148E-1;1,388417E-1;1,433221E-1;9,390912E-1;;
30/11/2021  14:47:39,295283;9,408128E-1;1,407532E-1;1,388990E-1;9,388220E-1;;
30/11/2021  14:47:39,295383;9,420318E-1;1,746276E-2;1,916077E-2;9,385660E-1;;
30/11/2021  14:47:39,295483;9,423775E-1;2,808078E-3;4,943835E-3;9,383241E-1;;
30/11/2021  14:47:39,295583;9,431315E-1;3,445238E-3;5,575699E-3;9,380975E-1;;
30/11/2021  14:47:39,295683;9,435666E-1;9,816838E-3;1,126247E-2;9,378870E-1;;
30/11/2021  14:47:39,295783;9,440494E-1;2,808078E-3;4,627903E-3;9,376936E-1;;
30/11/2021  14:47:39,295883;9,442700E-1;3,126658E-3;5,575699E-3;9,375180E-1;;
30/11/2021  14:47:39,295983;9,451432E-1;5,038138E-3;7,155359E-3;9,373610E-1;;
30/11/2021  14:47:39,296083;9,459717E-1;1,533758E-3;3,364175E-3;9,372233E-1;;
30/11/2021  14:47:39,296183;9,465380E-1;3,126658E-3;4,943835E-3;9,371055E-1;;
30/11/2021  14:47:39,296283;9,473874E-1;6,312458E-3;8,419087E-3;9,370082E-1;;
30/11/2021  14:47:39,296383;9,477778E-1;1,215178E-3;3,680107E-3;9,369322E-1;;
30/11/2021  14:47:39,296483;9,479596E-1;3,126658E-3;4,943835E-3;9,368778E-1;;
30/11/2021  14:47:39,296583;9,481354E-1;8,861098E-3;1,157841E-2;9,368455E-1;;
30/11/2021  14:47:39,296683;9,487344E-1;5,675298E-3;7,155359E-3;9,368356E-1;;
30/11/2021  14:47:39,296783;9,489699E-1;1,852338E-3;3,996039E-3;9,368481E-1;;
30/11/2021  14:47:39,296883;9,494557E-1;1,852338E-3;3,680107E-3;9,368832E-1;;
30/11/2021  14:47:39,296983;9,494438E-1;5,993878E-3;7,155359E-3;9,369407E-1;;
30/11/2021  14:47:39,297083;9,502991E-1;6,631038E-3;8,103155E-3;9,370206E-1;;
30/11/2021  14:47:39,297183;9,493812E-1;1,533758E-3;3,048243E-3;9,371225E-1;;
30/11/2021  14:47:39,297283;9,497835E-1;1,215178E-3;3,680107E-3;9,372461E-1;;
30/11/2021  14:47:39,297383;9,493752E-1;8,965980E-4;3,680107E-3;9,373908E-1;;
30/11/2021  14:47:39,297483;9,493961E-1;8,965980E-4;2,732311E-3;9,375559E-1;;
30/11/2021  14:47:39,297583;9,494497E-1;8,965980E-4;3,364175E-3;9,377406E-1;;
30/11/2021  14:47:39,297683;9,497597E-1;5,780180E-4;3,364175E-3;9,379439E-1;;
30/11/2021  14:47:39,297783;9,491964E-1;1,852338E-3;3,680107E-3;9,381648E-1;;
30/11/2021  14:47:39,297883;9,486152E-1;8,965980E-4;3,996039E-3;9,384023E-1;;
30/11/2021  14:47:39,297983;9,486599E-1;1,215178E-3;3,364175E-3;9,386551E-1;;
30/11/2021  14:47:39,298083;9,490057E-1;1,215178E-3;3,364175E-3;9,389219E-1;;
30/11/2021  14:47:39,298183;9,491368E-1;1,852338E-3;3,680107E-3;9,392015E-1;;
30/11/2021  14:47:39,298283;9,489133E-1;8,965980E-4;3,048243E-3;9,394925E-1;;
30/11/2021  14:47:39,298383;9,487881E-1;3,126658E-3;8,103155E-3;9,397937E-1;;
30/11/2021  14:47:39,298483;9,484990E-1;8,965980E-4;3,364175E-3;9,401039E-1;;
30/11/2021  14:47:39,298583;9,479029E-1;2,594380E-4;3,364175E-3;9,404217E-1;;
30/11/2021  14:47:39,298683;9,476675E-1;5,780180E-4;3,048243E-3;9,407456E-1;;
30/11/2021  14:47:39,298783;9,478821E-1;8,965980E-4;3,364175E-3;9,410742E-1;;
30/11/2021  14:47:39,298883;9,485854E-1;2,808078E-3;6,207563E-3;9,414063E-1;;
30/11/2021  14:47:39,298983;9,483261E-1;2,594380E-4;3,364175E-3;9,417404E-1;;
30/11/2021  14:47:39,299083;9,485497E-1;1,491412E-2;1,726518E-2;9,420756E-1;;
30/11/2021  14:47:39,299183;9,478076E-1;1,363980E-2;1,600145E-2;9,424106E-1;;
30/11/2021  14:47:39,299283;9,475453E-1;1,395838E-2;1,536959E-2;9,427444E-1;;
30/11/2021  14:47:39,299383;9,479983E-1;1,140974E-2;1,189434E-2;9,430759E-1;;
30/11/2021  14:47:39,299483;9,484573E-1;1,332122E-2;1,347400E-2;9,434041E-1;;
30/11/2021  14:47:39,299583;9,491368E-1;1,363980E-2;1,631739E-2;9,437280E-1;;
30/11/2021  14:47:39,299683;9,483232E-1;1,459554E-2;1,694925E-2;9,440470E-1;;
30/11/2021  14:47:39,299783;9,483440E-1;1,523270E-2;1,631739E-2;9,443604E-1;;
30/11/2021  14:47:39,299883;9,480490E-1;1,714418E-2;2,074043E-2;9,446675E-1;;
30/11/2021  14:47:39,299983;9,478970E-1;5,346230E-2;5,865227E-2;9,449676E-1;;
30/11/2021  14:47:39,300083;9,480073E-1;1,746276E-2;2,010857E-2;9,452601E-1;;
30/11/2021  14:47:39,300183;9,488686E-1;7,767438E-2;8,234717E-2;9,455443E-1;;
30/11/2021  14:47:39,300283;9,481294E-1;1,436204E-1;1,471132E-1;9,458199E-1;;
30/11/2021  14:47:39,300383;9,481384E-1;1,225942E-1;1,366875E-1;9,460864E-1;;
30/11/2021  14:47:39,300483;9,479387E-1;9,774492E-2;1,069899E-1;9,463435E-1;;
30/11/2021  14:47:39,300583;9,477986E-1;1,139925E-1;1,152041E-1;9,465908E-1;;
30/11/2021  14:47:39,300683;9,473993E-1;1,200455E-1;1,556434E-1;9,468279E-1;;
30/11/2021  14:47:39,300783;9,477569E-1;6,556834E-2;8,139938E-2;9,470545E-1;;
30/11/2021  14:47:39,300883;9,483530E-1;7,098420E-2;5,896821E-2;9,472703E-1;;
30/11/2021  14:47:39,300983;9,479298E-1;7,193994E-2;6,907803E-2;9,474753E-1;;
30/11/2021  14:47:39,301083;9,483172E-1;1,203641E-1;1,224705E-1;9,476692E-1;;
30/11/2021  14:47:39,301183;9,471132E-1;1,219570E-1;1,031987E-1;9,478522E-1;;
30/11/2021  14:47:39,301283;9,468420E-1;1,334259E-1;1,458495E-1;9,480240E-1;;
30/11/2021  14:47:39,301383;9,473933E-1;1,286472E-1;1,347919E-1;9,481846E-1;;
30/11/2021  14:47:39,301483;9,474291E-1;9,424054E-2;1,237343E-1;9,483339E-1;;
30/11/2021  14:47:39,301583;9,468926E-1;1,302401E-1;1,199431E-1;9,484719E-1;;
30/11/2021  14:47:39,301683;9,465022E-1;1,200455E-1;1,104651E-1;9,485986E-1;;
30/11/2021  14:47:39,301783;9,467138E-1;1,127182E-1;1,189953E-1;9,487140E-1;;
30/11/2021  14:47:39,301883;9,465171E-1;1,225942E-1;1,221546E-1;9,488180E-1;;
30/11/2021  14:47:39,301983;9,458197E-1;1,194084E-1;1,256299E-1;9,489108E-1;;
30/11/2021  14:47:39,302083;9,456558E-1;1,168597E-1;1,215227E-1;9,489923E-1;;
30/11/2021  14:47:39,302183;9,453786E-1;1,178155E-1;1,224705E-1;9,490625E-1;;
30/11/2021  14:47:39,302283;9,450746E-1;1,073023E-1;1,101492E-1;9,491215E-1;;
30/11/2021  14:47:39,302383;9,448303E-1;1,229127E-1;1,272095E-1;9,491692E-1;;
30/11/2021  14:47:39,302483;9,447289E-1;1,232313E-1;1,246821E-1;9,492055E-1;;
30/11/2021  14:47:39,302583;9,430272E-1;9,647060E-2;7,981972E-2;9,492306E-1;;
30/11/2021  14:47:39,302683;9,427202E-1;1,337445E-1;1,499566E-1;9,492443E-1;;
30/11/2021  14:47:39,302783;9,430093E-1;1,522221E-1;1,717559E-1;9,492465E-1;;
30/11/2021  14:47:39,302883;9,421659E-1;1,471248E-1;1,524841E-1;9,492369E-1;;
30/11/2021  14:47:39,302983;9,421927E-1;1,232313E-1;1,297370E-1;9,492155E-1;;
30/11/2021  14:47:39,303083;9,413582E-1;1,375674E-1;1,584868E-1;9,491821E-1;;
30/11/2021  14:47:39,303183;9,410751E-1;1,315144E-1;1,297370E-1;9,491368E-1;;
30/11/2021  14:47:39,303283;9,403449E-1;1,095324E-1;1,183634E-1;9,490793E-1;;
30/11/2021  14:47:39,303383;9,397488E-1;1,305587E-1;1,401627E-1;9,490097E-1;;
30/11/2021  14:47:39,303483;9,395402E-1;1,324701E-1;1,180475E-1;9,489277E-1;;
30/11/2021  14:47:39,303583;9,394299E-1;1,165411E-1;1,073058E-1;9,488333E-1;;
30/11/2021  14:47:39,303683;9,388398E-1;1,305587E-1;1,572231E-1;9,487264E-1;;
30/11/2021  14:47:39,303783;9,380680E-1;1,232313E-1;1,120448E-1;9,486071E-1;;
30/11/2021  14:47:39,303883;9,379756E-1;1,296029E-1;1,275255E-1;9,484753E-1;;
30/11/2021  14:47:39,303983;9,377908E-1;1,025236E-1;8,834988E-2;9,483310E-1;;
30/11/2021  14:47:39,304083;9,380948E-1;-2,809418E-2;3,053433E-2;9,481744E-1;;
30/11/2021  14:47:39,304183;9,378057E-1;1,095324E-1;9,435259E-2;9,480056E-1;;
30/11/2021  14:47:39,304283;9,378832E-1;1,538150E-1;1,610142E-1;9,478250E-1;;
30/11/2021  14:47:39,304383;9,382706E-1;1,286472E-1;1,398468E-1;9,476330E-1;;
30/11/2021  14:47:39,304483;9,377550E-1;1,327887E-1;1,657532E-1;9,474301E-1;;
30/11/2021  14:47:39,304583;9,372961E-1;1,337445E-1;1,411105E-1;9,472168E-1;;
30/11/2021  14:47:39,304683;9,371232E-1;1,280100E-1;1,249980E-1;9,469936E-1;;
30/11/2021  14:47:39,304783;9,367745E-1;1,101695E-1;1,186794E-1;9,467612E-1;;
30/11/2021  14:47:39,304883;9,371709E-1;1,152668E-1;1,180475E-1;9,465199E-1;;
30/11/2021  14:47:39,304983;9,374987E-1;7,034704E-2;6,560278E-2;9,462705E-1;;
30/11/2021  14:47:39,305083;9,372394E-1;1,082581E-1;1,161519E-1;9,460136E-1;;
30/11/2021  14:47:39,305183;9,376030E-1;1,136739E-1;1,158360E-1;9,457498E-1;;
30/11/2021  14:47:39,305283;9,369086E-1;1,289658E-1;1,256299E-1;9,454801E-1;;
30/11/2021  14:47:39,305383;9,370338E-1;1,079395E-1;7,887192E-2;9,452052E-1;;
30/11/2021  14:47:39,305483;9,378087E-1;7,002846E-2;5,770448E-2;9,449258E-1;;
30/11/2021  14:47:39,305583;9,370099E-1;6,811698E-2;7,508074E-2;9,446426E-1;;
30/11/2021  14:47:39,305683;9,368520E-1;4,454206E-2;3,622110E-2;9,443566E-1;;
30/11/2021  14:47:39,305783;9,372215E-1;2,861306E-2;4,190788E-2;9,440684E-1;;
30/11/2021  14:47:39,305883;9,366911E-1;7,831154E-2;7,981972E-2;9,437787E-1;;
30/11/2021  14:47:39,305983;9,363394E-1;1,022050E-1;1,025668E-1;9,434883E-1;;
30/11/2021  14:47:39,306083;9,364377E-1;1,178155E-1;1,221546E-1;9,431977E-1;;
30/11/2021  14:47:39,306183;9,364020E-1;1,181340E-1;1,142563E-1;9,429074E-1;;
30/11/2021  14:47:39,306283;9,363096E-1;1,127182E-1;1,183634E-1;9,426181E-1;;
30/11/2021  14:47:39,306383;9,357314E-1;1,213198E-1;1,237343E-1;9,423303E-1;;
30/11/2021  14:47:39,306483;9,359132E-1;1,299215E-1;1,325804E-1;9,420444E-1;;
30/11/2021  14:47:39,306583;9,352575E-1;1,171783E-1;1,148882E-1;9,417608E-1;;
30/11/2021  14:47:39,306683;9,343009E-1;1,117624E-1;1,148882E-1;9,414800E-1;;
30/11/2021  14:47:39,306783;9,347002E-1;1,311958E-1;1,231024E-1;9,412019E-1;;
30/11/2021  14:47:39,306883;9,348552E-1;1,248242E-1;1,243661E-1;9,409269E-1;;
30/11/2021  14:47:39,306983;9,350668E-1;1,031608E-1;1,205749E-1;9,406552E-1;;
30/11/2021  14:47:39,307083;9,344052E-1;9,201048E-2;1,019350E-1;9,403869E-1;;
30/11/2021  14:47:39,307183;9,338896E-1;1,296029E-1;1,483770E-1;9,401223E-1;;
30/11/2021  14:47:39,307283;9,333621E-1;1,229127E-1;1,170997E-1;9,398616E-1;;
30/11/2021  14:47:39,307383;9,331266E-1;1,302401E-1;1,278414E-1;9,396046E-1;;
30/11/2021  14:47:39,307483;9,324978E-1;1,334259E-1;1,303688E-1;9,393514E-1;;
30/11/2021  14:47:39,307583;9,327302E-1;1,636910E-1;1,600664E-1;9,391019E-1;;
30/11/2021  14:47:39,307683;9,319315E-1;1,382046E-1;1,262617E-1;9,388559E-1;;
30/11/2021  14:47:39,307783;9,320239E-1;1,200455E-1;1,278414E-1;9,386132E-1;;
30/11/2021  14:47:39,307883;9,312848E-1;7,671864E-2;7,697633E-2;9,383738E-1;;
30/11/2021  14:47:39,307983;9,310672E-1;1,123996E-1;1,183634E-1;9,381373E-1;;
30/11/2021  14:47:39,308083;9,304801E-1;1,468062E-1;1,423743E-1;9,379036E-1;;
30/11/2021  14:47:39,308183;9,302953E-1;1,190898E-1;1,366875E-1;9,376724E-1;;
30/11/2021  14:47:39,308283;9,308437E-1;9,615202E-2;1,088855E-1;9,374434E-1;;
30/11/2021  14:47:39,308383;9,301910E-1;1,225942E-1;1,262617E-1;9,372164E-1;;
30/11/2021  14:47:39,308483;9,303877E-1;4,772786E-2;4,854245E-2;9,369912E-1;;
30/11/2021  14:47:39,308583;9,302387E-1;1,012493E-1;1,069899E-1;9,367678E-1;;
30/11/2021  14:47:39,308683;9,298930E-1;1,127182E-1;1,328963E-1;9,365460E-1;;
30/11/2021  14:47:39,308783;9,300331E-1;1,025236E-1;1,136244E-1;9,363257E-1;;
30/11/2021  14:47:39,308883;9,304682E-1;9,519628E-2;1,088855E-1;9,361070E-1;;
30/11/2021  14:47:39,308983;9,306381E-1;8,627604E-2;1,041465E-1;9,358899E-1;;
30/11/2021  14:47:39,309083;9,311298E-1;9,997498E-2;1,152041E-1;9,356744E-1;;
30/11/2021  14:47:39,309183;9,310404E-1;1,496735E-1;1,938712E-1;9,354610E-1;;
30/11/2021  14:47:39,309283;9,307096E-1;1,009307E-1;1,164678E-1;9,352498E-1;;
30/11/2021  14:47:39,309383;9,305278E-1;1,210013E-1;1,306848E-1;9,350412E-1;;
30/11/2021  14:47:39,309483;9,311417E-1;1,216384E-1;1,325804E-1;9,348352E-1;;
30/11/2021  14:47:39,309583;9,319881E-1;1,283286E-1;1,379512E-1;9,346323E-1;;
30/11/2021  14:47:39,309683;9,318600E-1;1,324701E-1;1,237343E-1;9,344328E-1;;
30/11/2021  14:47:39,309783;9,316573E-1;1,496735E-1;1,417424E-1;9,342371E-1;;
30/11/2021  14:47:39,309883;9,319434E-1;1,391603E-1;1,076217E-1;9,340456E-1;;
30/11/2021  14:47:39,309983;9,323070E-1;8,309024E-2;5,644075E-2;9,338589E-1;;
30/11/2021  14:47:39,310083;9,321938E-1;1,742041E-1;1,644895E-1;9,336771E-1;;
30/11/2021  14:47:39,310183;9,326080E-1;1,773899E-1;1,720719E-1;9,335008E-1;;
30/11/2021  14:47:39,310283;9,326587E-1;1,439390E-1;1,562753E-1;9,333303E-1;;
30/11/2021  14:47:39,310383;9,336482E-1;1,748413E-1;1,632258E-1;9,331661E-1;;
30/11/2021  14:47:39,310483;9,325574E-1;1,139925E-1;9,340479E-2;9,330085E-1;;
30/11/2021  14:47:39,310583;9,331177E-1;1,426647E-1;1,553275E-1;9,328580E-1;;
30/11/2021  14:47:39,310683;9,324143E-1;2,114780E-1;1,992420E-1;9,327148E-1;;
30/11/2021  14:47:39,310783;9,323786E-1;1,302401E-1;1,430061E-1;9,325791E-1;;
30/11/2021  14:47:39,310883;9,323279E-1;1,315144E-1;1,385831E-1;9,324510E-1;;
30/11/2021  14:47:39,310983;9,326617E-1;1,245056E-1;1,215227E-1;9,323304E-1;;
30/11/2021  14:47:39,311083;9,326319E-1;1,241871E-1;1,193112E-1;9,322175E-1;;
30/11/2021  14:47:39,311183;9,322117E-1;1,238685E-1;1,170997E-1;9,321122E-1;;
30/11/2021  14:47:39,311283;9,317289E-1;-5,914200E-5;7,539667E-2;9,320145E-1;;
30/11/2021  14:47:39,311383;9,311328E-1;9,838208E-2;9,656411E-2;9,319242E-1;;
30/11/2021  14:47:39,311483;9,309093E-1;1,139925E-1;1,291051E-1;9,318408E-1;;
30/11/2021  14:47:39,311583;9,312848E-1;1,251428E-1;1,196272E-1;9,317642E-1;;
30/11/2021  14:47:39,311683;9,318063E-1;1,458505E-1;1,755471E-1;9,316938E-1;;
30/11/2021  14:47:39,311783;9,310821E-1;8,054160E-2;1,060421E-1;9,316295E-1;;
30/11/2021  14:47:39,311883;9,308646E-1;1,146297E-1;1,180475E-1;9,315708E-1;;
30/11/2021  14:47:39,311983;9,299109E-1;1,423461E-1;1,657532E-1;9,315174E-1;;
30/11/2021  14:47:39,312083;9,295622E-1;1,225942E-1;1,215227E-1;9,314689E-1;;
30/11/2021  14:47:39,312183;9,295532E-1;1,340630E-1;1,294210E-1;9,314245E-1;;
30/11/2021  14:47:39,312283;9,307096E-1;1,219570E-1;1,240502E-1;9,313838E-1;;
30/11/2021  14:47:39,312383;9,310106E-1;1,270543E-1;1,237343E-1;9,313464E-1;;
30/11/2021  14:47:39,312483;9,298900E-1;1,541336E-1;1,572231E-1;9,313118E-1;;
30/11/2021  14:47:39,312583;9,300778E-1;1,254614E-1;1,095173E-1;9,312800E-1;;
30/11/2021  14:47:39,312683;9,299377E-1;1,139925E-1;9,182514E-2;9,312504E-1;;
30/11/2021  14:47:39,312783;9,295354E-1;1,241871E-1;1,183634E-1;9,312227E-1;;
30/11/2021  14:47:39,312883;9,301463E-1;1,012493E-1;9,972343E-2;9,311967E-1;;
30/11/2021  14:47:39,312983;9,307662E-1;1,018865E-1;8,297904E-2;9,311719E-1;;
30/11/2021  14:47:39,313083;9,313533E-1;1,235499E-1;1,246821E-1;9,311483E-1;;
30/11/2021  14:47:39,313183;9,313414E-1;1,069837E-1;1,028828E-1;9,311258E-1;;
30/11/2021  14:47:39,313283;9,314040E-1;8,946184E-2;8,076751E-2;9,311045E-1;;
30/11/2021  14:47:39,313383;9,313086E-1;1,331073E-1;1,490088E-1;9,310846E-1;;
30/11/2021  14:47:39,313483;9,320150E-1;1,292843E-1;1,325804E-1;9,310660E-1;;
30/11/2021  14:47:39,313583;9,329120E-1;1,385232E-1;1,341600E-1;9,310489E-1;;
30/11/2021  14:47:39,313683;9,334544E-1;1,378860E-1;1,287892E-1;9,310336E-1;;
30/11/2021  14:47:39,313783;9,340475E-1;6,875414E-2;9,435259E-2;9,310204E-1;;
30/11/2021  14:47:39,313883;9,345721E-1;1,296029E-1;1,319485E-1;9,310099E-1;;
30/11/2021  14:47:39,313983;9,349118E-1;1,302401E-1;1,243661E-1;9,310026E-1;;
30/11/2021  14:47:39,314083;9,352486E-1;1,343816E-1;1,284732E-1;9,309990E-1;;
30/11/2021  14:47:39,314183;9,357552E-1;1,222756E-1;1,268936E-1;9,309997E-1;;
30/11/2021  14:47:39,314283;9,365927E-1;1,299215E-1;1,351078E-1;9,310052E-1;;
30/11/2021  14:47:39,314383;9,371828E-1;8,372740E-2;1,098333E-1;9,310161E-1;;
30/11/2021  14:47:39,314483;9,374779E-1;1,331073E-1;1,237343E-1;9,310330E-1;;
30/11/2021  14:47:39,314583;9,376835E-1;1,331073E-1;1,294210E-1;9,310567E-1;;
30/11/2021  14:47:39,314683;9,385210E-1;1,276914E-1;8,677022E-2;9,310875E-1;;
30/11/2021  14:47:39,314783;9,387326E-1;1,356559E-1;1,562753E-1;9,311262E-1;;
30/11/2021  14:47:39,314883;9,396177E-1;1,350188E-1;1,300529E-1;9,311732E-1;;
30/11/2021  14:47:39,314983;9,401184E-1;7,958586E-2;1,129926E-1;9,312291E-1;;
30/11/2021  14:47:39,315083;9,399157E-1;1,286472E-1;1,297370E-1;9,312945E-1;;
30/11/2021  14:47:39,315183;9,406310E-1;1,531778E-1;1,698603E-1;9,313697E-1;;
30/11/2021  14:47:39,315283;9,412360E-1;1,139925E-1;1,240502E-1;9,314551E-1;;
30/11/2021  14:47:39,315383;9,406966E-1;3,625898E-2;4,601499E-2;9,315512E-1;;
30/11/2021  14:47:39,315483;9,414864E-1;5,780180E-4;3,996039E-3;9,316580E-1;;
30/11/2021  14:47:39,315583;9,419513E-1;6,312458E-3;7,787223E-3;9,317759E-1;;
30/11/2021  14:47:39,315683;9,426010E-1;1,533758E-3;4,311971E-3;9,319050E-1;;
30/11/2021  14:47:39,315783;9,428782E-1;5,993878E-3;8,103155E-3;9,320453E-1;;
30/11/2021  14:47:39,315883;9,431553E-1;8,965980E-4;3,048243E-3;9,321971E-1;;
30/11/2021  14:47:39,315983;9,422195E-1;5,038138E-3;7,155359E-3;9,323604E-1;;
30/11/2021  14:47:39,316083;9,427500E-1;6,631038E-3;7,471291E-3;9,325350E-1;;
30/11/2021  14:47:39,316183;9,426844E-1;5,356718E-3;6,523495E-3;9,327206E-1;;
30/11/2021  14:47:39,316283;9,426010E-1;5,780180E-4;3,680107E-3;9,329170E-1;;
30/11/2021  14:47:39,316383;9,428871E-1;4,082398E-3;5,891631E-3;9,331237E-1;;
30/11/2021  14:47:39,316483;9,428811E-1;6,312458E-3;8,419087E-3;9,333402E-1;;
30/11/2021  14:47:39,316583;9,419096E-1;7,905358E-3;9,682815E-3;9,335659E-1;;
30/11/2021  14:47:39,316683;9,417039E-1;3,126658E-3;5,259767E-3;9,338002E-1;;
30/11/2021  14:47:39,316783;9,423983E-1;1,215178E-3;3,048243E-3;9,340423E-1;;
30/11/2021  14:47:39,316883;9,413969E-1;4,082398E-3;6,207563E-3;9,342913E-1;;
30/11/2021  14:47:39,316983;9,421569E-1;1,533758E-3;3,680107E-3;9,345463E-1;;
30/11/2021  14:47:39,317083;9,423566E-1;8,965980E-4;3,364175E-3;9,348066E-1;;
30/11/2021  14:47:39,317183;9,421778E-1;1,215178E-3;4,311971E-3;9,350713E-1;;
30/11/2021  14:47:39,317283;9,414148E-1;1,533758E-3;3,680107E-3;9,353395E-1;;
30/11/2021  14:47:39,317383;9,414208E-1;1,215178E-3;3,996039E-3;9,356105E-1;;
30/11/2021  14:47:39,317483;9,413910E-1;1,852338E-3;4,311971E-3;9,358833E-1;;
30/11/2021  14:47:39,317583;9,417963E-1;1,533758E-3;4,311971E-3;9,361570E-1;;
30/11/2021  14:47:39,317683;9,415936E-1;2,808078E-3;4,943835E-3;9,364307E-1;;
30/11/2021  14:47:39,317783;9,418172E-1;8,965980E-4;3,680107E-3;9,367037E-1;;
30/11/2021  14:47:39,317883;9,415191E-1;1,215178E-3;3,364175E-3;9,369753E-1;;
30/11/2021  14:47:39,317983;9,415549E-1;8,965980E-4;3,996039E-3;9,372446E-1;;
30/11/2021  14:47:39,318083;9,413910E-1;5,780180E-4;3,364175E-3;9,375110E-1;;
30/11/2021  14:47:39,318183;9,417516E-1;1,215178E-3;3,364175E-3;9,377739E-1;;
30/11/2021  14:47:39,318283;9,418827E-1;5,780180E-4;3,048243E-3;9,380326E-1;;
30/11/2021  14:47:39,318383;9,428245E-1;1,215178E-3;3,680107E-3;9,382866E-1;;
30/11/2021  14:47:39,318483;9,428841E-1;1,215178E-3;3,364175E-3;9,385356E-1;;
30/11/2021  14:47:39,318583;9,430093E-1;4,400978E-3;7,155359E-3;9,387793E-1;;
30/11/2021  14:47:39,318683;9,433967E-1;1,852338E-3;4,311971E-3;9,390176E-1;;
30/11/2021  14:47:39,318783;9,431196E-1;2,170918E-3;4,311971E-3;9,392503E-1;;
30/11/2021  14:47:39,318883;9,432775E-1;5,356718E-3;7,471291E-3;9,394773E-1;;
30/11/2021  14:47:39,318983;9,435577E-1;1,077258E-2;1,347400E-2;9,396985E-1;;
30/11/2021  14:47:39,319083;9,438736E-1;2,489498E-3;5,259767E-3;9,399139E-1;;
30/11/2021  14:47:39,319183;9,444816E-1;-3,244942E-3;-1,110770E-4;9,401234E-1;;
30/11/2021  14:47:39,319283;9,443564E-1;1,459554E-2;1,916077E-2;9,403272E-1;;
30/11/2021  14:47:39,319383;9,444369E-1;1,459554E-2;1,884484E-2;9,405254E-1;;
30/11/2021  14:47:39,319483;9,445471E-1;1,459554E-2;1,821298E-2;9,407181E-1;;
30/11/2021  14:47:39,319583;9,446425E-1;1,555128E-2;1,947671E-2;9,409054E-1;;
30/11/2021  14:47:39,319683;9,452475E-1;1,714418E-2;2,042450E-2;9,410874E-1;;
30/11/2021  14:47:39,319783;9,460641E-1;1,190898E-1;1,227865E-1;9,412645E-1;;
30/11/2021  14:47:39,319883;9,460701E-1;1,268406E-2;2,168823E-2;9,414368E-1;;
30/11/2021  14:47:39,319983;9,459181E-1;1,778134E-2;1,916077E-2;9,416048E-1;;
30/11/2021  14:47:39,320083;9,462578E-1;5,505520E-2;4,980618E-2;9,417688E-1;;
30/11/2021  14:47:39,320183;9,464068E-1;2,479010E-2;2,010857E-2;9,419290E-1;;
30/11/2021  14:47:39,320283;9,461028E-1;1,778134E-2;1,821298E-2;9,420857E-1;;
30/11/2021  14:47:39,320383;9,466810E-1;3,466608E-2;3,527331E-2;9,422392E-1;;
30/11/2021  14:47:39,320483;9,469284E-1;3,530324E-2;2,484755E-2;9,423897E-1;;
30/11/2021  14:47:39,320583;9,468092E-1;1,092138E-1;6,844617E-2;9,425375E-1;;
30/11/2021  14:47:39,320683;9,470506E-1;1,130368E-1;1,319485E-1;9,426829E-1;;
30/11/2021  14:47:39,320783;9,469284E-1;1,165411E-1;1,584868E-1;9,428260E-1;;
30/11/2021  14:47:39,320883;9,467168E-1;1,197269E-1;1,256299E-1;9,429671E-1;;
30/11/2021  14:47:39,320983;9,465350E-1;1,493549E-1;1,540637E-1;9,431062E-1;;
30/11/2021  14:47:39,321083;9,475304E-1;1,324701E-1;1,303688E-1;9,432434E-1;;
30/11/2021  14:47:39,321183;9,468271E-1;1,439390E-1;1,449017E-1;9,433788E-1;;
30/11/2021  14:47:39,321283;9,471608E-1;1,241871E-1;1,885003E-1;9,435125E-1;;
30/11/2021  14:47:39,321383;9,467794E-1;1,260985E-1;1,297370E-1;9,436446E-1;;
30/11/2021  14:47:39,321483;9,467406E-1;1,251428E-1;1,310007E-1;9,437750E-1;;
30/11/2021  14:47:39,321583;9,460343E-1;1,232313E-1;1,227865E-1;9,439036E-1;;
30/11/2021  14:47:39,321683;9,456677E-1;1,178155E-1;1,246821E-1;9,440304E-1;;
30/11/2021  14:47:39,321783;9,458167E-1;1,206827E-1;1,139404E-1;9,441550E-1;;
30/11/2021  14:47:39,321883;9,457810E-1;1,289658E-1;1,249980E-1;9,442772E-1;;
30/11/2021  14:47:39,321983;9,457690E-1;1,235499E-1;1,259458E-1;9,443967E-1;;
30/11/2021  14:47:39,322083;9,450180E-1;1,133553E-1;1,193112E-1;9,445133E-1;;
30/11/2021  14:47:39,322183;9,449316E-1;2,261327E-1;2,659037E-1;9,446266E-1;;
30/11/2021  14:47:39,322283;9,446812E-1;1,257800E-1;1,303688E-1;9,447364E-1;;
30/11/2021  14:47:39,322383;9,453041E-1;8,086018E-2;1,117289E-1;9,448422E-1;;
30/11/2021  14:47:39,322483;9,448034E-1;1,289658E-1;1,414265E-1;9,449438E-1;;
30/11/2021  14:47:39,322583;9,454740E-1;3,211744E-2;8,392683E-2;9,450410E-1;;
30/11/2021  14:47:39,322683;9,449226E-1;1,493549E-1;1,556434E-1;9,451335E-1;;
30/11/2021  14:47:39,322783;9,446902E-1;1,108067E-1;1,186794E-1;9,452214E-1;;
30/11/2021  14:47:39,322883;9,447051E-1;1,324701E-1;1,518522E-1;9,453043E-1;;
30/11/2021  14:47:39,322983;9,450806E-1;1,181340E-1;1,249980E-1;9,453822E-1;;
30/11/2021  14:47:39,323083;9,453488E-1;1,219570E-1;1,139404E-1;9,454550E-1;;
30/11/2021  14:47:39,323183;9,459717E-1;1,276914E-1;1,284732E-1;9,455227E-1;;
30/11/2021  14:47:39,323283;9,460403E-1;1,085766E-1;1,152041E-1;9,455853E-1;;
30/11/2021  14:47:39,323383;9,462131E-1;1,162226E-1;9,688005E-2;9,456433E-1;;
30/11/2021  14:47:39,323483;9,460581E-1;9,169190E-2;8,677022E-2;9,456967E-1;;
30/11/2021  14:47:39,323583;9,456975E-1;1,216384E-1;1,335282E-1;9,457458E-1;;
30/11/2021  14:47:39,323683;9,465469E-1;1,254614E-1;1,208909E-1;9,457909E-1;;
30/11/2021  14:47:39,323783;9,473754E-1;1,601866E-1;1,824976E-1;9,458322E-1;;
30/11/2021  14:47:39,323883;9,476347E-1;-5,156422E-3;5,328143E-2;9,458700E-1;;
30/11/2021  14:47:39,323983;9,475721E-1;3,126658E-3;6,307532E-2;9,459049E-1;;
30/11/2021  14:47:39,324083;9,473814E-1;1,595494E-1;1,758630E-1;9,459374E-1;;
30/11/2021  14:47:39,324183;9,465320E-1;1,066652E-1;1,354238E-1;9,459678E-1;;
30/11/2021  14:47:39,324283;9,468032E-1;1,133553E-1;1,186794E-1;9,459963E-1;;
30/11/2021  14:47:39,324383;9,470923E-1;1,216384E-1;1,199431E-1;9,460233E-1;;
30/11/2021  14:47:39,324483;9,474797E-1;1,206827E-1;1,126766E-1;9,460489E-1;;
30/11/2021  14:47:39,324583;9,478374E-1;1,248242E-1;1,461654E-1;9,460733E-1;;
30/11/2021  14:47:39,324683;9,474946E-1;1,149482E-1;1,133085E-1;9,460970E-1;;
30/11/2021  14:47:39,324783;9,471579E-1;1,181340E-1;1,136244E-1;9,461200E-1;;
30/11/2021  14:47:39,324883;9,472950E-1;1,044351E-1;1,366875E-1;9,461427E-1;;
30/11/2021  14:47:39,324983;9,475691E-1;1,229127E-1;1,227865E-1;9,461652E-1;;
30/11/2021  14:47:39,325083;9,473337E-1;6,747982E-2;5,138584E-2;9,461876E-1;;
30/11/2021  14:47:39,325183;9,480609E-1;1,203641E-1;1,272095E-1;9,462101E-1;;
30/11/2021  14:47:39,325283;9,478255E-1;9,678918E-2;1,016190E-1;9,462329E-1;;
30/11/2021  14:47:39,325383;9,473665E-1;1,028422E-1;8,803395E-2;9,462561E-1;;
30/11/2021  14:47:39,325483;9,474231E-1;3,530324E-2;8,929768E-2;9,462798E-1;;
30/11/2021  14:47:39,325583;9,471936E-1;1,203641E-1;1,256299E-1;9,463040E-1;;
30/11/2021  14:47:39,325683;9,471936E-1;1,181340E-1;1,218387E-1;9,463288E-1;;
30/11/2021  14:47:39,325783;9,475334E-1;1,063466E-1;1,016190E-1;9,463542E-1;;
30/11/2021  14:47:39,325883;9,474529E-1;1,022050E-1;1,028828E-1;9,463800E-1;;
30/11/2021  14:47:39,325983;9,474946E-1;8,309024E-2;8,582243E-2;9,464064E-1;;
30/11/2021  14:47:39,326083;9,470506E-1;1,114439E-1;1,076217E-1;9,464332E-1;;
30/11/2021  14:47:39,326183;9,458257E-1;1,152668E-1;1,088855E-1;9,464604E-1;;
30/11/2021  14:47:39,326283;9,454829E-1;1,254614E-1;1,177316E-1;9,464878E-1;;
30/11/2021  14:47:39,326383;9,459508E-1;1,289658E-1;1,224705E-1;9,465150E-1;;
30/11/2021  14:47:39,326483;9,454233E-1;1,063466E-1;1,170997E-1;9,465416E-1;;
30/11/2021  14:47:39,326583;9,450806E-1;1,012493E-1;8,834988E-2;9,465672E-1;;
30/11/2021  14:47:39,326683;9,440584E-1;1,194084E-1;1,212068E-1;9,465916E-1;;
30/11/2021  14:47:39,326783;9,432298E-1;6,238254E-2;6,023194E-2;9,466141E-1;;
30/11/2021  14:47:39,326883;9,423387E-1;1,302401E-1;1,439539E-1;9,466341E-1;;
30/11/2021  14:47:39,326983;9,418052E-1;1,232313E-1;1,243661E-1;9,466510E-1;;
30/11/2021  14:47:39,327083;9,416354E-1;4,135626E-2;3,938042E-2;9,466638E-1;;
30/11/2021  14:47:39,327183;9,410512E-1;1,302401E-1;1,265777E-1;9,466718E-1;;
30/11/2021  14:47:39,327283;9,409439E-1;1,375674E-1;1,606983E-1;9,466744E-1;;
30/11/2021  14:47:39,327383;9,394359E-1;1,267357E-1;1,246821E-1;9,466707E-1;;
30/11/2021  14:47:39,327483;9,391379E-1;1,302401E-1;1,281573E-1;9,466600E-1;;
30/11/2021  14:47:39,327583;9,384166E-1;2,051064E-1;2,418928E-1;9,466415E-1;;
30/11/2021  14:47:39,327683;9,378921E-1;1,184526E-1;1,142563E-1;9,466145E-1;;
30/11/2021  14:47:39,327783;9,374391E-1;1,088952E-1;9,751191E-2;9,465782E-1;;
30/11/2021  14:47:39,327883;9,373229E-1;1,168597E-1;1,148882E-1;9,465318E-1;;
30/11/2021  14:47:39,327983;9,371292E-1;1,350188E-1;1,133085E-1;9,464748E-1;;
30/11/2021  14:47:39,328083;9,361784E-1;1,159040E-1;1,155200E-1;9,464067E-1;;
30/11/2021  14:47:39,328183;9,355407E-1;1,006121E-1;7,444887E-2;9,463270E-1;;
30/11/2021  14:47:39,328283;9,346853E-1;1,362931E-1;1,483770E-1;9,462351E-1;;
30/11/2021  14:47:39,328383;9,351622E-1;8,659462E-2;8,329497E-2;9,461307E-1;;
30/11/2021  14:47:39,328483;9,344797E-1;1,413904E-1;1,493248E-1;9,460134E-1;;
30/11/2021  14:47:39,328583;9,349088E-1;1,382046E-1;1,521681E-1;9,458830E-1;;
30/11/2021  14:47:39,328683;9,341369E-1;1,420275E-1;1,606983E-1;9,457393E-1;;
30/11/2021  14:47:39,328783;9,334485E-1;1,101695E-1;1,145722E-1;9,455823E-1;;
30/11/2021  14:47:39,328883;9,330253E-1;1,123996E-1;1,174156E-1;9,454120E-1;;
30/11/2021  14:47:39,328983;9,325037E-1;1,088952E-1;1,177316E-1;9,452284E-1;;
30/11/2021  14:47:39,329083;9,324709E-1;1,117624E-1;1,189953E-1;9,450314E-1;;
30/11/2021  14:47:39,329183;9,323428E-1;1,034794E-1;1,079377E-1;9,448213E-1;;
30/11/2021  14:47:39,329283;9,325484E-1;9,901924E-2;1,082536E-1;9,445982E-1;;
30/11/2021  14:47:39,329383;9,322385E-1;1,009307E-1;1,133085E-1;9,443623E-1;;
30/11/2021  14:47:39,329483;9,315649E-1;1,168597E-1;1,237343E-1;9,441142E-1;;
30/11/2021  14:47:39,329583;9,311805E-1;8,946184E-2;7,981972E-2;9,438543E-1;;
30/11/2021  14:47:39,329683;9,314785E-1;9,392196E-2;1,006712E-1;9,435829E-1;;
30/11/2021  14:47:39,329783;9,316126E-1;-2,267832E-2;4,348754E-2;9,433005E-1;;
30/11/2021  14:47:39,329883;9,317527E-1;1,034794E-1;1,351078E-1;9,430078E-1;;
30/11/2021  14:47:39,329983;9,316722E-1;1,044351E-1;1,426902E-1;9,427055E-1;;
30/11/2021  14:47:39,330083;9,317348E-1;1,095324E-1;1,202590E-1;9,423943E-1;;
30/11/2021  14:47:39,330183;9,313653E-1;1,206827E-1;1,272095E-1;9,420751E-1;;
30/11/2021  14:47:39,330283;9,312609E-1;1,213198E-1;1,392149E-1;9,417486E-1;;
30/11/2021  14:47:39,330383;9,310732E-1;1,296029E-1;1,382671E-1;9,414158E-1;;
30/11/2021  14:47:39,330483;9,312401E-1;1,391603E-1;1,366875E-1;9,410773E-1;;
30/11/2021  14:47:39,330583;9,312192E-1;1,522221E-1;1,493248E-1;9,407341E-1;;
30/11/2021  14:47:39,330683;9,313116E-1;1,656025E-1;1,392149E-1;9,403870E-1;;
30/11/2021  14:47:39,330783;9,309510E-1;1,522221E-1;1,401627E-1;9,400368E-1;;
30/11/2021  14:47:39,330883;9,305010E-1;1,710183E-1;1,509044E-1;9,396844E-1;;
30/11/2021  14:47:39,330983;9,301970E-1;1,633724E-1;1,499566E-1;9,393305E-1;;
30/11/2021  14:47:39,331083;9,311060E-1;1,401161E-1;1,351078E-1;9,389758E-1;;
30/11/2021  14:47:39,331183;9,311000E-1;6,333828E-2;8,266311E-2;9,386210E-1;;
30/11/2021  14:47:39,331283;9,315798E-1;1,213198E-1;7,634447E-2;9,382671E-1;;
30/11/2021  14:47:39,331383;9,313414E-1;1,308772E-1;1,524841E-1;9,379149E-1;;
30/11/2021  14:47:39,331483;9,313235E-1;1,248242E-1;1,275255E-1;9,375651E-1;;
30/11/2021  14:47:39,331583;9,312878E-1;1,942747E-1;2,112474E-1;9,372187E-1;;
30/11/2021  14:47:39,331683;9,315828E-1;1,334259E-1;1,306848E-1;9,368764E-1;;
30/11/2021  14:47:39,331783;9,317318E-1;1,276914E-1;1,281573E-1;9,365390E-1;;
30/11/2021  14:47:39,331883;9,319643E-1;1,264171E-1;1,218387E-1;9,362072E-1;;
30/11/2021  14:47:39,331983;9,321342E-1;1,120810E-1;1,673329E-1;9,358817E-1;;
30/11/2021  14:47:39,332083;9,321163E-1;1,286472E-1;1,284732E-1;9,355632E-1;;
30/11/2021  14:47:39,332183;9,315947E-1;1,321516E-1;1,300529E-1;9,352526E-1;;
30/11/2021  14:47:39,332283;9,315739E-1;1,283286E-1;1,205749E-1;9,349502E-1;;
30/11/2021  14:47:39,332383;9,316245E-1;-9,297962E-3;1,126766E-1;9,346566E-1;;
30/11/2021  14:47:39,332483;9,315530E-1;1,397975E-1;1,404787E-1;9,343721E-1;;
30/11/2021  14:47:39,332583;9,320925E-1;2,060621E-1;1,467973E-1;9,340972E-1;;
30/11/2021  14:47:39,332683;9,321550E-1;3,753330E-2;5,264957E-2;9,338322E-1;;
30/11/2021  14:47:39,332783;9,318421E-1;1,076209E-1;1,054102E-1;9,335773E-1;;
30/11/2021  14:47:39,332883;9,316007E-1;1,260985E-1;1,670170E-1;9,333330E-1;;
30/11/2021  14:47:39,332983;9,317438E-1;1,292843E-1;1,316326E-1;9,330994E-1;;
30/11/2021  14:47:39,333083;9,319822E-1;1,732484E-1;1,638576E-1;9,328765E-1;;
30/11/2021  14:47:39,333183;9,324799E-1;1,394789E-1;1,354238E-1;9,326646E-1;;
30/11/2021  14:47:39,333283;9,326289E-1;1,238685E-1;1,284732E-1;9,324638E-1;;
30/11/2021  14:47:39,333383;9,324173E-1;1,296029E-1;1,256299E-1;9,322742E-1;;
30/11/2021  14:47:39,333483;9,326140E-1;1,254614E-1;1,253139E-1;9,320960E-1;;
30/11/2021  14:47:39,333583;9,318779E-1;1,318330E-1;1,284732E-1;9,319292E-1;;
30/11/2021  14:47:39,333683;9,324531E-1;1,289658E-1;1,278414E-1;9,317737E-1;;
30/11/2021  14:47:39,333783;9,328167E-1;1,254614E-1;1,284732E-1;9,316295E-1;;
30/11/2021  14:47:39,333883;9,328792E-1;1,286472E-1;1,098333E-1;9,314966E-1;;
30/11/2021  14:47:39,333983;9,335379E-1;1,305587E-1;1,414265E-1;9,313748E-1;;
30/11/2021  14:47:39,334083;9,335856E-1;6,747982E-2;4,727872E-2;9,312642E-1;;
30/11/2021  14:47:39,334183;9,334902E-1;1,452133E-1;1,802861E-1;9,311648E-1;;
30/11/2021  14:47:39,334283;9,337465E-1;-1,137922E-1;2,705907E-2;9,310765E-1;;
30/11/2021  14:47:39,334383;9,334068E-1;1,315144E-1;1,322644E-1;9,309993E-1;;
30/11/2021  14:47:39,334483;9,337525E-1;5,983390E-2;9,624818E-2;9,309330E-1;;
30/11/2021  14:47:39,334583;9,351890E-1;-1,970622E-3;7,160549E-2;9,308775E-1;;
30/11/2021  14:47:39,334683;9,345512E-1;1,598680E-1;1,638576E-1;9,308327E-1;;
30/11/2021  14:47:39,334783;9,351264E-1;1,439390E-1;1,613302E-1;9,307986E-1;;
30/11/2021  14:47:39,334883;9,348194E-1;1,321516E-1;1,332122E-1;9,307752E-1;;
30/11/2021  14:47:39,334983;9,350578E-1;1,503106E-1;1,588027E-1;9,307623E-1;;
30/11/2021  14:47:39,335083;9,350280E-1;8,563888E-2;1,496407E-1;9,307597E-1;;
30/11/2021  14:47:39,335183;9,356092E-1;1,286472E-1;1,199431E-1;9,307673E-1;;
30/11/2021  14:47:39,335283;9,357105E-1;1,350188E-1;1,253139E-1;9,307849E-1;;
30/11/2021  14:47:39,335383;9,358923E-1;1,407532E-1;1,152041E-1;9,308123E-1;;
30/11/2021  14:47:39,335483;9,360026E-1;6,949618E-3;9,682815E-3;9,308492E-1;;
30/11/2021  14:47:39,335583;9,360920E-1;4,400978E-3;6,523495E-3;9,308956E-1;;
30/11/2021  14:47:39,335683;9,363781E-1;8,223938E-3;9,682815E-3;9,309510E-1;;
30/11/2021  14:47:39,335783;9,369503E-1;5,780180E-4;3,680107E-3;9,310154E-1;;
30/11/2021  14:47:39,335883;9,377759E-1;3,445238E-3;4,627903E-3;9,310885E-1;;
30/11/2021  14:47:39,335983;9,382229E-1;5,780180E-4;2,100447E-3;9,311702E-1;;
30/11/2021  14:47:39,336083;9,384017E-1;8,223938E-3;1,094654E-2;9,312605E-1;;
30/11/2021  14:47:39,336183;9,385865E-1;1,140974E-2;1,378993E-2;9,313593E-1;;
30/11/2021  14:47:39,336283;9,392362E-1;8,861098E-3;1,063061E-2;9,314666E-1;;
30/11/2021  14:47:39,336383;9,389322E-1;4,082398E-3;6,839427E-3;9,315823E-1;;
30/11/2021  14:47:39,336483;9,396416E-1;1,533758E-3;3,996039E-3;9,317063E-1;;
30/11/2021  14:47:39,336583;9,396147E-1;1,215178E-3;4,311971E-3;9,318385E-1;;
30/11/2021  14:47:39,336683;9,408009E-1;1,852338E-3;3,048243E-3;9,319789E-1;;
30/11/2021  14:47:39,336783;9,415460E-1;5,780180E-4;3,364175E-3;9,321273E-1;;
30/11/2021  14:47:39,336883;9,416145E-1;1,215178E-3;3,048243E-3;9,322839E-1;;
30/11/2021  14:47:39,336983;9,416234E-1;1,533758E-3;3,996039E-3;9,324486E-1;;
30/11/2021  14:47:39,337083;9,418351E-1;3,445238E-3;5,259767E-3;9,326214E-1;;
30/11/2021  14:47:39,337183;9,427977E-1;8,965980E-4;3,364175E-3;9,328023E-1;;
30/11/2021  14:47:39,337283;9,430600E-1;1,533758E-3;3,364175E-3;9,329912E-1;;
30/11/2021  14:47:39,337383;9,430212E-1;8,965980E-4;3,048243E-3;9,331880E-1;;
30/11/2021  14:47:39,337483;9,433252E-1;2,808078E-3;5,575699E-3;9,333928E-1;;
30/11/2021  14:47:39,337583;9,438319E-1;1,533758E-3;3,680107E-3;9,336053E-1;;
30/11/2021  14:47:39,337683;9,445412E-1;1,215178E-3;3,996039E-3;9,338254E-1;;
30/11/2021  14:47:39,337783;9,444696E-1;8,965980E-4;2,732311E-3;9,340530E-1;;
30/11/2021  14:47:39,337883;9,454651E-1;1,215178E-3;3,364175E-3;9,342881E-1;;
30/11/2021  14:47:39,337983;9,457482E-1;2,170918E-3;3,048243E-3;9,345305E-1;;
30/11/2021  14:47:39,338083;9,462072E-1;8,965980E-4;3,364175E-3;9,347801E-1;;
30/11/2021  14:47:39,338183;9,464486E-1;1,215178E-3;3,680107E-3;9,350370E-1;;
30/11/2021  14:47:39,338283;9,469641E-1;5,780180E-4;3,680107E-3;9,353009E-1;;
30/11/2021  14:47:39,338383;9,473844E-1;1,533758E-3;3,048243E-3;9,355718E-1;;
30/11/2021  14:47:39,338483;9,488030E-1;1,215178E-3;3,364175E-3;9,358496E-1;;
30/11/2021  14:47:39,338583;9,491934E-1;8,965980E-4;3,680107E-3;9,361344E-1;;
30/11/2021  14:47:39,338683;9,491427E-1;1,215178E-3;3,680107E-3;9,364261E-1;;
30/11/2021  14:47:39,338783;9,499325E-1;1,533758E-3;3,048243E-3;9,367249E-1;;
30/11/2021  14:47:39,338883;9,500875E-1;1,852338E-3;3,680107E-3;9,370306E-1;;
30/11/2021  14:47:39,338983;9,501888E-1;9,816838E-3;1,284213E-2;9,373433E-1;;
30/11/2021  14:47:39,339083;9,501710E-1;7,586778E-3;9,682815E-3;9,376628E-1;;
30/11/2021  14:47:39,339183;9,512051E-1;9,816838E-3;1,536959E-2;9,379890E-1;;
30/11/2021  14:47:39,339283;9,510799E-1;6,949618E-3;2,200416E-2;9,383216E-1;;
30/11/2021  14:47:39,339383;9,515210E-1;1,300264E-2;1,631739E-2;9,386603E-1;;
30/11/2021  14:47:39,339483;9,516373E-1;1,236548E-2;1,568552E-2;9,390050E-1;;
30/11/2021  14:47:39,339583;9,508177E-1;1,363980E-2;1,600145E-2;9,393554E-1;;
30/11/2021  14:47:39,339683;9,506448E-1;1,077258E-2;1,284213E-2;9,397109E-1;;
30/11/2021  14:47:39,339783;9,511902E-1;1,363980E-2;1,663332E-2;9,400710E-1;;
30/11/2021  14:47:39,339883;9,516492E-1;8,946184E-2;1,158360E-1;9,404350E-1;;
30/11/2021  14:47:39,339983;9,509786E-1;1,570008E-1;1,907119E-1;9,408024E-1;;
30/11/2021  14:47:39,340083;9,512051E-1;8,340882E-2;8,455870E-2;9,411725E-1;;
30/11/2021  14:47:39,340183;9,505673E-1;1,697440E-1;1,616461E-1;9,415445E-1;;
30/11/2021  14:47:39,340283;9,503438E-1;3,020596E-2;6,370719E-2;9,419178E-1;;
30/11/2021  14:47:39,340383;9,502365E-1;1,618844E-2;2,642721E-2;9,422915E-1;;
30/11/2021  14:47:39,340483;9,501382E-1;1,618844E-2;1,916077E-2;9,426646E-1;;
30/11/2021  14:47:39,340583;9,500160E-1;5,250656E-2;8,866581E-2;9,430362E-1;;
30/11/2021  14:47:39,340683;9,500130E-1;1,063466E-1;1,430061E-1;9,434055E-1;;
30/11/2021  14:47:39,340783;9,496196E-1;1,366117E-1;1,685966E-1;9,437716E-1;;
30/11/2021  14:47:39,340883;9,493305E-1;1,369303E-1;1,284732E-1;9,441335E-1;;
30/11/2021  14:47:39,340983;9,489490E-1;1,044351E-1;8,455870E-2;9,444904E-1;;
30/11/2021  14:47:39,341083;9,487851E-1;4,454206E-2;3,811669E-2;9,448413E-1;;
30/11/2021  14:47:39,341183;9,486868E-1;7,863012E-2;7,318515E-2;9,451853E-1;;
30/11/2021  14:47:39,341283;9,486897E-1;8,978042E-2;8,203124E-2;9,455216E-1;;
30/11/2021  14:47:39,341383;9,485437E-1;1,232313E-1;1,183634E-1;9,458494E-1;;
30/11/2021  14:47:39,341483;9,482785E-1;1,015679E-1;1,136244E-1;9,461679E-1;;
30/11/2021  14:47:39,341583;9,478702E-1;9,455912E-2;8,361090E-2;9,464763E-1;;
30/11/2021  14:47:39,341683;9,463889E-1;1,334259E-1;1,528000E-1;9,467740E-1;;
30/11/2021  14:47:39,341783;9,466423E-1;1,257800E-1;1,445858E-1;9,470602E-1;;
30/11/2021  14:47:39,341883;9,464903E-1;9,742634E-2;1,123607E-1;9,473340E-1;;
30/11/2021  14:47:39,341983;9,456111E-1;3,307318E-2;5,043804E-2;9,475947E-1;;
30/11/2021  14:47:39,342083;9,459002E-1;1,496735E-1;1,499566E-1;9,478416E-1;;
30/11/2021  14:47:39,342183;9,452147E-1;1,257800E-1;1,297370E-1;9,480740E-1;;
30/11/2021  14:47:39,342283;9,446753E-1;1,171783E-1;1,240502E-1;9,482914E-1;;
30/11/2021  14:47:39,342383;9,439451E-1;1,292843E-1;1,363715E-1;9,484931E-1;;
30/11/2021  14:47:39,342483;9,440643E-1;1,251428E-1;1,284732E-1;9,486786E-1;;
30/11/2021  14:47:39,342583;9,440584E-1;1,139925E-1;1,196272E-1;9,488473E-1;;
30/11/2021  14:47:39,342683;9,436262E-1;1,267357E-1;1,385831E-1;9,489989E-1;;
30/11/2021  14:47:39,342783;9,439093E-1;1,273729E-1;1,294210E-1;9,491331E-1;;
30/11/2021  14:47:39,342883;9,434772E-1;1,270543E-1;1,148882E-1;9,492497E-1;;
30/11/2021  14:47:39,342983;9,427232E-1;9,901924E-2;9,435259E-2;9,493486E-1;;
30/11/2021  14:47:39,343083;9,429437E-1;1,079395E-1;1,347919E-1;9,494298E-1;;
30/11/2021  14:47:39,343183;9,435785E-1;1,197269E-1;1,152041E-1;9,494933E-1;;
30/11/2021  14:47:39,343283;9,442163E-1;1,222756E-1;1,275255E-1;9,495391E-1;;
30/11/2021  14:47:39,343383;9,440792E-1;6,652408E-2;1,445858E-1;9,495678E-1;;
30/11/2021  14:47:39,343483;9,444816E-1;1,560451E-1;1,597505E-1;9,495799E-1;;
30/11/2021  14:47:39,343583;9,443385E-1;1,267357E-1;1,265777E-1;9,495761E-1;;
30/11/2021  14:47:39,343683;9,444696E-1;1,267357E-1;1,306848E-1;9,495569E-1;;
30/11/2021  14:47:39,343783;9,451938E-1;1,139925E-1;1,189953E-1;9,495233E-1;;
30/11/2021  14:47:39,343883;9,458167E-1;1,225942E-1;1,243661E-1;9,494760E-1;;
30/11/2021  14:47:39,343983;9,462131E-1;1,190898E-1;1,076217E-1;9,494162E-1;;
30/11/2021  14:47:39,344083;9,460790E-1;-5,581064E-2;2,611128E-2;9,493448E-1;;
30/11/2021  14:47:39,344183;9,460462E-1;1,219570E-1;1,272095E-1;9,492631E-1;;
30/11/2021  14:47:39,344283;9,459866E-1;1,194084E-1;1,193112E-1;9,491720E-1;;
30/11/2021  14:47:39,344383;9,463144E-1;1,123996E-1;9,498445E-2;9,490728E-1;;
30/11/2021  14:47:39,344483;9,463413E-1;1,359745E-1;1,366875E-1;9,489662E-1;;
30/11/2021  14:47:39,344583;9,465916E-1;1,044351E-1;9,466852E-2;9,488535E-1;;
30/11/2021  14:47:39,344683;9,471817E-1;1,362931E-1;1,303688E-1;9,487355E-1;;
30/11/2021  14:47:39,344783;9,469492E-1;1,063466E-1;6,244346E-2;9,486134E-1;;
30/11/2021  14:47:39,344883;9,471191E-1;1,401161E-1;1,774427E-1;9,484881E-1;;
30/11/2021  14:47:39,344983;9,471340E-1;2,175310E-1;2,453681E-1;9,483606E-1;;
30/11/2021  14:47:39,345083;9,467347E-1;1,206827E-1;1,227865E-1;9,482318E-1;;
30/11/2021  14:47:39,345183;9,469284E-1;2,489498E-3;6,749837E-2;9,481025E-1;;
30/11/2021  14:47:39,345283;9,473099E-1;9,009900E-2;1,148882E-1;9,479734E-1;;
30/11/2021  14:47:39,345383;9,468777E-1;2,808078E-3;2,010857E-2;9,478452E-1;;
30/11/2021  14:47:39,345483;9,465678E-1;1,397975E-1;1,540637E-1;9,477185E-1;;
30/11/2021  14:47:39,345583;9,467794E-1;5,664810E-2;5,896821E-2;9,475939E-1;;
30/11/2021  14:47:39,345683;9,465618E-1;1,060280E-1;1,022509E-1;9,474719E-1;;
30/11/2021  14:47:39,345783;9,465111E-1;1,028422E-1;9,056141E-2;9,473528E-1;;
30/11/2021  14:47:39,345883;9,465231E-1;1,225942E-1;1,164678E-1;9,472369E-1;;
30/11/2021  14:47:39,345983;9,465141E-1;8,372740E-2;7,634447E-2;9,471246E-1;;
30/11/2021  14:47:39,346083;9,463234E-1;9,806350E-2;8,329497E-2;9,470161E-1;;
30/11/2021  14:47:39,346183;9,462161E-1;1,216384E-1;1,278414E-1;9,469117E-1;;
30/11/2021  14:47:39,346283;9,455098E-1;1,187712E-1;1,231024E-1;9,468113E-1;;
30/11/2021  14:47:39,346383;9,451968E-1;9,838208E-2;1,035146E-1;9,467152E-1;;
30/11/2021  14:47:39,346483;9,460879E-1;1,146297E-1;1,155200E-1;9,466231E-1;;
30/11/2021  14:47:39,346583;9,454293E-1;1,254614E-1;1,373193E-1;9,465350E-1;;
30/11/2021  14:47:39,346683;9,457631E-1;9,901924E-2;1,063580E-1;9,464510E-1;;
30/11/2021  14:47:39,346783;9,451611E-1;1,318330E-1;1,458495E-1;9,463709E-1;;
30/11/2021  14:47:39,346883;9,445471E-1;1,573194E-1;1,695444E-1;9,462947E-1;;
30/11/2021  14:47:39,346983;9,444607E-1;1,273729E-1;1,275255E-1;9,462221E-1;;
30/11/2021  14:47:39,347083;9,441180E-1;1,643281E-1;1,720719E-1;9,461528E-1;;
30/11/2021  14:47:39,347183;9,440524E-1;1,219570E-1;1,335282E-1;9,460865E-1;;
30/11/2021  14:47:39,347283;9,440375E-1;1,232313E-1;1,221546E-1;9,460229E-1;;
30/11/2021  14:47:39,347383;9,435487E-1;1,069837E-1;1,123607E-1;9,459616E-1;;
30/11/2021  14:47:39,347483;9,436620E-1;1,382046E-1;1,249980E-1;9,459024E-1;;
30/11/2021  14:47:39,347583;9,426546E-1;1,194084E-1;1,363715E-1;9,458448E-1;;
30/11/2021  14:47:39,347683;9,424907E-1;1,159040E-1;1,063580E-1;9,457885E-1;;
30/11/2021  14:47:39,347783;9,420109E-1;1,302401E-1;1,265777E-1;9,457330E-1;;
30/11/2021  14:47:39,347883;9,420794E-1;1,340630E-1;1,294210E-1;9,456777E-1;;
30/11/2021  14:47:39,347983;9,422791E-1;1,210013E-1;1,578549E-1;9,456223E-1;;
30/11/2021  14:47:39,348083;9,422016E-1;1,321516E-1;1,300529E-1;9,455663E-1;;
30/11/2021  14:47:39,348183;9,411287E-1;3,126658E-3;6,623464E-2;9,455095E-1;;
30/11/2021  14:47:39,348283;9,413135E-1;1,506292E-1;1,575390E-1;9,454514E-1;;
30/11/2021  14:47:39,348383;9,409499E-1;1,289658E-1;1,272095E-1;9,453916E-1;;
30/11/2021  14:47:39,348483;9,408516E-1;1,334259E-1;1,322644E-1;9,453298E-1;;
30/11/2021  14:47:39,348583;9,409261E-1;1,292843E-1;1,212068E-1;9,452657E-1;;
30/11/2021  14:47:39,348683;9,410274E-1;1,318330E-1;1,205749E-1;9,451989E-1;;
30/11/2021  14:47:39,348783;9,409797E-1;1,382046E-1;1,297370E-1;9,451294E-1;;
30/11/2021  14:47:39,348883;9,408068E-1;8,978042E-2;9,877564E-2;9,450569E-1;;
30/11/2021  14:47:39,348983;9,402048E-1;3,466608E-2;8,234717E-2;9,449813E-1;;
30/11/2021  14:47:39,349083;9,401661E-1;1,095324E-1;5,960007E-2;9,449026E-1;;
30/11/2021  14:47:39,349183;9,408128E-1;7,735580E-2;7,918786E-2;9,448205E-1;;
30/11/2021  14:47:39,349283;9,412181E-1;1,120810E-1;1,170997E-1;9,447352E-1;;
30/11/2021  14:47:39,349383;9,423745E-1;1,184526E-1;1,145722E-1;9,446467E-1;;
30/11/2021  14:47:39,349483;9,422612E-1;1,363980E-2;5,580889E-2;9,445555E-1;;
30/11/2021  14:47:39,349583;9,421629E-1;1,025236E-1;1,208909E-1;9,444618E-1;;
30/11/2021  14:47:39,349683;9,417635E-1;7,289568E-2;9,372073E-2;9,443663E-1;;
30/11/2021  14:47:39,349783;9,418380E-1;1,108067E-1;1,224705E-1;9,442691E-1;;
30/11/2021  14:47:39,349883;9,424937E-1;1,073023E-1;1,193112E-1;9,441708E-1;;
30/11/2021  14:47:39,349983;9,433371E-1;1,092138E-1;1,177316E-1;9,440716E-1;;
30/11/2021  14:47:39,350083;9,435517E-1;1,031608E-1;1,139404E-1;9,439722E-1;;
30/11/2021  14:47:39,350183;9,429437E-1;1,025236E-1;1,101492E-1;9,438732E-1;;
30/11/2021  14:47:39,350283;9,434623E-1;9,424054E-2;9,688005E-2;9,437750E-1;;
30/11/2021  14:47:39,350383;9,428871E-1;8,691320E-2;9,435259E-2;9,436781E-1;;
30/11/2021  14:47:39,350483;9,428484E-1;1,155854E-1;1,240502E-1;9,435831E-1;;
30/11/2021  14:47:39,350583;9,431464E-1;8,563888E-2;1,076217E-1;9,434901E-1;;
30/11/2021  14:47:39,350683;9,443385E-1;1,041165E-1;1,170997E-1;9,433996E-1;;
30/11/2021  14:47:39,350783;9,439213E-1;2,096714E-2;4,285567E-2;9,433121E-1;;
30/11/2021  14:47:39,350883;9,441597E-1;1,235499E-1;1,234183E-1;9,432278E-1;;
30/11/2021  14:47:39,350983;9,432686E-1;1,114439E-1;1,237343E-1;9,431473E-1;;
30/11/2021  14:47:39,351083;9,434563E-1;1,853544E-1;1,591187E-1;9,430709E-1;;
30/11/2021  14:47:39,351183;9,432567E-1;1,652839E-1;1,480610E-1;9,429986E-1;;
30/11/2021  14:47:39,351283;9,438974E-1;1,742041E-1;1,534319E-1;9,429307E-1;;
30/11/2021  14:47:39,351383;9,447528E-1;1,706997E-1;1,559593E-1;9,428672E-1;;
30/11/2021  14:47:39,351483;9,442402E-1;1,649653E-1;1,603824E-1;9,428085E-1;;
30/11/2021  14:47:39,351583;9,441060E-1;1,528593E-1;1,433221E-1;9,427548E-1;;
30/11/2021  14:47:39,351683;9,438229E-1;1,375674E-1;1,335282E-1;9,427061E-1;;
30/11/2021  14:47:39,351783;9,432894E-1;1,044351E-1;7,571260E-2;9,426626E-1;;
30/11/2021  14:47:39,351883;9,439242E-1;1,385232E-1;1,360556E-1;9,426242E-1;;
30/11/2021  14:47:39,351983;9,443594E-1;1,417090E-1;1,249980E-1;9,425908E-1;;
30/11/2021  14:47:39,352083;9,439213E-1;1,264171E-1;1,294210E-1;9,425625E-1;;
30/11/2021  14:47:39,352183;9,429318E-1;1,152668E-1;1,006712E-1;9,425390E-1;;
30/11/2021  14:47:39,352283;9,426815E-1;1,037979E-1;8,613836E-2;9,425203E-1;;
30/11/2021  14:47:39,352383;9,418410E-1;1,366117E-1;1,471132E-1;9,425060E-1;;
30/11/2021  14:47:39,352483;9,410155E-1;1,305587E-1;1,297370E-1;9,424957E-1;;
30/11/2021  14:47:39,352583;9,407472E-1;1,350188E-1;1,417424E-1;9,424886E-1;;
30/11/2021  14:47:39,352683;9,406012E-1;1,375674E-1;1,591187E-1;9,424841E-1;;
30/11/2021  14:47:39,352783;9,403002E-1;1,111253E-1;1,129926E-1;9,424815E-1;;
30/11/2021  14:47:39,352883;9,395015E-1;1,716555E-1;1,995579E-1;9,424801E-1;;
30/11/2021  14:47:39,352983;9,385537E-1;1,308772E-1;1,262617E-1;9,424791E-1;;
30/11/2021  14:47:39,353083;9,377967E-1;1,340630E-1;1,287892E-1;9,424778E-1;;
30/11/2021  14:47:39,353183;9,374480E-1;1,308772E-1;1,278414E-1;9,424751E-1;;
30/11/2021  14:47:39,353283;9,374361E-1;1,251428E-1;1,306848E-1;9,424702E-1;;
30/11/2021  14:47:39,353383;9,380262E-1;1,334259E-1;1,297370E-1;9,424621E-1;;
30/11/2021  14:47:39,353483;9,375613E-1;1,359745E-1;1,294210E-1;9,424503E-1;;
30/11/2021  14:47:39,353583;9,368311E-1;1,225942E-1;1,249980E-1;9,424341E-1;;
30/11/2021  14:47:39,353683;9,361695E-1;8,914326E-2;7,760819E-2;9,424129E-1;;
30/11/2021  14:47:39,353783;9,356927E-1;-3,446578E-2;8,045158E-2;9,423861E-1;;
30/11/2021  14:47:39,353883;9,347956E-1;1,267357E-1;1,272095E-1;9,423530E-1;;
30/11/2021  14:47:39,353983;9,352814E-1;1,210013E-1;1,278414E-1;9,423130E-1;;
30/11/2021  14:47:39,354083;9,347598E-1;1,254614E-1;1,193112E-1;9,422656E-1;;
30/11/2021  14:47:39,354183;9,337972E-1;6,397544E-2;1,107811E-1;9,422102E-1;;
30/11/2021  14:47:39,354283;9,329120E-1;1,286472E-1;1,193112E-1;9,421462E-1;;
30/11/2021  14:47:39,354383;9,320299E-1;1,280100E-1;1,313166E-1;9,420732E-1;;
30/11/2021  14:47:39,354483;9,313027E-1;1,327887E-1;1,461654E-1;9,419905E-1;;
30/11/2021  14:47:39,354583;9,313653E-1;1,372488E-1;1,388990E-1;9,418974E-1;;
30/11/2021  14:47:39,354683;9,307007E-1;1,347002E-1;1,388990E-1;9,417935E-1;;
30/11/2021  14:47:39,354783;9,306738E-1;1,305587E-1;1,430061E-1;9,416782E-1;;
30/11/2021  14:47:39,354883;9,301284E-1;1,280100E-1;1,322644E-1;9,415512E-1;;
30/11/2021  14:47:39,354983;9,290078E-1;1,506292E-1;1,439539E-1;9,414121E-1;;
30/11/2021  14:47:39,355083;9,287128E-1;1,197269E-1;1,344760E-1;9,412606E-1;;
30/11/2021  14:47:39,355183;9,281793E-1;1,452133E-1;1,714400E-1;9,410965E-1;;
30/11/2021  14:47:39,355283;9,284148E-1;1,260985E-1;1,117289E-1;9,409194E-1;;
30/11/2021  14:47:39,355383;9,286800E-1;1,280100E-1;1,205749E-1;9,407293E-1;;
30/11/2021  14:47:39,355483;9,283999E-1;5,038138E-3;9,366883E-3;9,405263E-1;;
30/11/2021  14:47:39,355583;9,282479E-1;6,631038E-3;9,366883E-3;9,403106E-1;;
30/11/2021  14:47:39,355683;9,277621E-1;9,179678E-3;9,998747E-3;9,400823E-1;;
30/11/2021  14:47:39,355783;9,275266E-1;6,312458E-3;9,050951E-3;9,398420E-1;;
30/11/2021  14:47:39,355883;9,275952E-1;8,861098E-3;1,063061E-2;9,395898E-1;;
30/11/2021  14:47:39,355983;9,280959E-1;5,038138E-3;6,839427E-3;9,393264E-1;;
30/11/2021  14:47:39,356083;9,279558E-1;8,965980E-4;3,364175E-3;9,390521E-1;;
30/11/2021  14:47:39,356183;9,280333E-1;1,852338E-3;3,996039E-3;9,387678E-1;;
30/11/2021  14:47:39,356283;9,276280E-1;6,312458E-3;8,419087E-3;9,384742E-1;;
30/11/2021  14:47:39,356383;9,274998E-1;4,082398E-3;5,575699E-3;9,381721E-1;;
30/11/2021  14:47:39,356483;9,270319E-1;1,852338E-3;3,680107E-3;9,378621E-1;;
30/11/2021  14:47:39,356583;9,281525E-1;6,949618E-3;8,735019E-3;9,375450E-1;;
30/11/2021  14:47:39,356683;9,284267E-1;1,852338E-3;3,680107E-3;9,372218E-1;;
30/11/2021  14:47:39,356783;9,280839E-1;1,852338E-3;3,364175E-3;9,368933E-1;;
30/11/2021  14:47:39,356883;9,280273E-1;1,215178E-3;4,311971E-3;9,365605E-1;;
30/11/2021  14:47:39,356983;9,278247E-1;1,533758E-3;3,680107E-3;9,362244E-1;;
30/11/2021  14:47:39,357083;9,271213E-1;2,489498E-3;4,311971E-3;9,358860E-1;;
30/11/2021  14:47:39,357183;9,273478E-1;1,533758E-3;4,311971E-3;9,355459E-1;;
30/11/2021  14:47:39,357283;9,277025E-1;5,780180E-4;3,680107E-3;9,352050E-1;;
30/11/2021  14:47:39,357383;9,280392E-1;5,675298E-3;6,839427E-3;9,348641E-1;;
30/11/2021  14:47:39,357483;9,282479E-1;5,993878E-3;7,787223E-3;9,345240E-1;;
30/11/2021  14:47:39,357583;9,281078E-1;4,400978E-3;6,839427E-3;9,341856E-1;;
30/11/2021  14:47:39,357683;9,280750E-1;5,780180E-4;3,048243E-3;9,338497E-1;;
30/11/2021  14:47:39,357783;9,282657E-1;1,215178E-3;3,680107E-3;9,335173E-1;;
30/11/2021  14:47:39,357883;9,285668E-1;8,965980E-4;3,048243E-3;9,331890E-1;;
30/11/2021  14:47:39,357983;9,290049E-1;8,965980E-4;3,048243E-3;9,328657E-1;;
30/11/2021  14:47:39,358083;9,288409E-1;1,533758E-3;3,680107E-3;9,325482E-1;;
30/11/2021  14:47:39,358183;9,290436E-1;5,780180E-4;3,680107E-3;9,322373E-1;;
30/11/2021  14:47:39,358283;9,288767E-1;1,533758E-3;3,680107E-3;9,319337E-1;;
30/11/2021  14:47:39,358383;9,282926E-1;5,780180E-4;3,680107E-3;9,316379E-1;;
30/11/2021  14:47:39,358483;9,279945E-1;5,675298E-3;1,031468E-2;9,313507E-1;;
30/11/2021  14:47:39,358583;9,284744E-1;8,965980E-4;3,680107E-3;9,310722E-1;;
30/11/2021  14:47:39,358683;9,287575E-1;2,489498E-3;5,891631E-3;9,308030E-1;;
30/11/2021  14:47:39,358783;9,289661E-1;3,445238E-3;6,839427E-3;9,305432E-1;;
30/11/2021  14:47:39,358883;9,286591E-1;8,965980E-4;3,996039E-3;9,302934E-1;;
30/11/2021  14:47:39,358983;9,282598E-1;1,013542E-2;1,221027E-2;9,300538E-1;;
30/11/2021  14:47:39,359083;9,277204E-1;1,300264E-2;1,442179E-2;9,298245E-1;;
30/11/2021  14:47:39,359183;9,279945E-1;1,268406E-2;1,347400E-2;9,296056E-1;;
30/11/2021  14:47:39,359283;9,279349E-1;5,038138E-3;6,207563E-3;9,293971E-1;;
30/11/2021  14:47:39,359383;9,287366E-1;1,555128E-2;1,726518E-2;9,291989E-1;;
30/11/2021  14:47:39,359483;9,286264E-1;1,523270E-2;1,726518E-2;9,290112E-1;;
30/11/2021  14:47:39,359583;9,278753E-1;1,815315E-1;1,780746E-1;9,288338E-1;;
30/11/2021  14:47:39,359683;9,278694E-1;1,363980E-2;1,789705E-2;9,286668E-1;;
30/11/2021  14:47:39,359783;9,280839E-1;1,109116E-2;1,694925E-2;9,285099E-1;;
30/11/2021  14:47:39,359883;9,281942E-1;1,332122E-2;1,694925E-2;9,283630E-1;;
30/11/2021  14:47:39,359983;9,289572E-1;1,300264E-2;1,600145E-2;9,282260E-1;;
30/11/2021  14:47:39,360083;9,292463E-1;9,169190E-2;1,843932E-1;9,280988E-1;;
30/11/2021  14:47:39,360183;9,292492E-1;6,556834E-2;5,738855E-2;9,279814E-1;;
30/11/2021  14:47:39,360283;9,290794E-1;1,236548E-2;6,497092E-2;9,278737E-1;;
30/11/2021  14:47:39,360383;9,289423E-1;1,305587E-1;1,319485E-1;9,277756E-1;;
30/11/2021  14:47:39,360483;9,294340E-1;1,391603E-1;1,998739E-1;9,276872E-1;;
30/11/2021  14:47:39,360583;9,298006E-1;6,397544E-2;8,361090E-2;9,276081E-1;;
30/11/2021  14:47:39,360683;9,303371E-1;1,754784E-1;2,005057E-1;9,275385E-1;;
30/11/2021  14:47:39,360783;9,311060E-1;1,487177E-1;1,531159E-1;9,274782E-1;;
30/11/2021  14:47:39,360883;9,312311E-1;1,649653E-1;1,780746E-1;9,274274E-1;;
30/11/2021  14:47:39,360983;9,310523E-1;1,805757E-1;1,625939E-1;9,273862E-1;;
30/11/2021  14:47:39,361083;9,316543E-1;1,439390E-1;1,316326E-1;9,273545E-1;;
30/11/2021  14:47:39,361183;9,322027E-1;9,647060E-2;9,340479E-2;9,273325E-1;;
30/11/2021  14:47:39,361283;9,329061E-1;3,243602E-2;3,369365E-2;9,273203E-1;;
30/11/2021  14:47:39,361383;9,339939E-1;1,181340E-1;1,145722E-1;9,273180E-1;;
30/11/2021  14:47:39,361483;9,346823E-1;1,576380E-1;1,392149E-1;9,273260E-1;;
30/11/2021  14:47:39,361583;9,349148E-1;-4,147454E-2;1,852891E-2;9,273444E-1;;
30/11/2021  14:47:39,361683;9,344081E-1;1,331073E-1;1,341600E-1;9,273738E-1;;
30/11/2021  14:47:39,361783;9,353052E-1;1,077258E-2;9,182514E-2;9,274142E-1;;
30/11/2021  14:47:39,361883;9,356837E-1;1,276914E-1;1,313166E-1;9,274659E-1;;
30/11/2021  14:47:39,361983;9,364705E-1;1,283286E-1;1,344760E-1;9,275290E-1;;
30/11/2021  14:47:39,362083;9,373944E-1;1,238685E-1;1,268936E-1;9,276037E-1;;
30/11/2021  14:47:39,362183;9,381961E-1;1,232313E-1;1,310007E-1;9,276903E-1;;
30/11/2021  14:47:39,362283;9,382736E-1;1,251428E-1;1,256299E-1;9,277891E-1;;
30/11/2021  14:47:39,362383;9,386193E-1;1,273729E-1;1,218387E-1;9,279002E-1;;
30/11/2021  14:47:39,362483;9,394240E-1;1,219570E-1;1,145722E-1;9,280241E-1;;
30/11/2021  14:47:39,362583;9,396416E-1;1,108067E-1;1,294210E-1;9,281607E-1;;
30/11/2021  14:47:39,362683;9,407770E-1;1,225942E-1;1,221546E-1;9,283102E-1;;
30/11/2021  14:47:39,362783;9,412569E-1;1,238685E-1;1,385831E-1;9,284729E-1;;
30/11/2021  14:47:39,362883;9,418142E-1;-1,481988E-1;-4,244597E-2;9,286489E-1;;
30/11/2021  14:47:39,362983;9,417695E-1;1,108067E-1;1,101492E-1;9,288382E-1;;
30/11/2021  14:47:39,363083;9,418291E-1;6,588692E-2;1,041465E-1;9,290411E-1;;
30/11/2021  14:47:39,363183;9,421688E-1;4,135626E-2;1,139404E-1;9,292573E-1;;
30/11/2021  14:47:39,363283;9,427023E-1;1,264171E-1;1,227865E-1;9,294867E-1;;
30/11/2021  14:47:39,363383;9,430719E-1;1,347002E-1;1,322644E-1;9,297290E-1;;
30/11/2021  14:47:39,363483;9,433967E-1;1,267357E-1;1,256299E-1;9,299842E-1;;
30/11/2021  14:47:39,363583;9,435726E-1;1,264171E-1;1,398468E-1;9,302517E-1;;
30/11/2021  14:47:39,363683;9,434385E-1;1,248242E-1;1,265777E-1;9,305314E-1;;
30/11/2021  14:47:39,363783;9,433610E-1;1,219570E-1;1,177316E-1;9,308227E-1;;
30/11/2021  14:47:39,363883;9,430361E-1;1,225942E-1;1,085695E-1;9,311252E-1;;
30/11/2021  14:47:39,363983;9,437693E-1;1,037979E-1;1,243661E-1;9,314380E-1;;
30/11/2021  14:47:39,364083;9,447736E-1;8,659462E-2;8,803395E-2;9,317605E-1;;
30/11/2021  14:47:39,364183;9,448273E-1;9,870066E-2;1,060421E-1;9,320921E-1;;
30/11/2021  14:47:39,364283;9,445322E-1;2,192288E-2;4,253974E-2;9,324323E-1;;
30/11/2021  14:47:39,364383;9,448332E-1;9,328480E-2;8,171531E-2;9,327803E-1;;
30/11/2021  14:47:39,364483;9,450061E-1;1,181340E-1;1,268936E-1;9,331356E-1;;
30/11/2021  14:47:39,364583;9,450597E-1;1,206827E-1;1,256299E-1;9,334974E-1;;
30/11/2021  14:47:39,364683;9,461416E-1;1,088952E-1;1,126766E-1;9,338650E-1;;
30/11/2021  14:47:39,364783;9,465022E-1;1,136739E-1;1,164678E-1;9,342378E-1;;
30/11/2021  14:47:39,364883;9,469940E-1;1,073023E-1;9,972343E-2;9,346153E-1;;
30/11/2021  14:47:39,364983;9,467883E-1;1,350188E-1;2,055607E-1;9,349969E-1;;
30/11/2021  14:47:39,365083;9,458793E-1;1,216384E-1;1,227865E-1;9,353821E-1;;
30/11/2021  14:47:39,365183;9,463621E-1;1,238685E-1;1,174156E-1;9,357703E-1;;
30/11/2021  14:47:39,365283;9,465111E-1;1,171783E-1;1,161519E-1;9,361607E-1;;
30/11/2021  14:47:39,365383;9,471966E-1;1,174969E-1;1,145722E-1;9,365526E-1;;
30/11/2021  14:47:39,365483;9,471519E-1;1,216384E-1;1,110970E-1;9,369454E-1;;
30/11/2021  14:47:39,365583;9,469701E-1;8,850610E-2;9,688005E-2;9,373384E-1;;
30/11/2021  14:47:39,365683;9,463204E-1;1,162226E-1;1,152041E-1;9,377310E-1;;
30/11/2021  14:47:39,365783;9,463293E-1;9,678918E-2;7,887192E-2;9,381224E-1;;
30/11/2021  14:47:39,365883;9,464337E-1;1,066652E-1;1,088855E-1;9,385120E-1;;
30/11/2021  14:47:39,365983;9,469016E-1;1,232313E-1;1,417424E-1;9,388988E-1;;
30/11/2021  14:47:39,366083;9,475751E-1;9,583344E-2;1,085695E-1;9,392823E-1;;
30/11/2021  14:47:39,366183;9,485735E-1;1,079395E-1;1,202590E-1;9,396618E-1;;
30/11/2021  14:47:39,366283;9,488954E-1;4,358632E-2;3,938042E-2;9,400371E-1;;
30/11/2021  14:47:39,366383;9,484215E-1;1,139925E-1;1,136244E-1;9,404079E-1;;
30/11/2021  14:47:39,366483;9,488686E-1;9,901924E-2;1,000394E-1;9,407739E-1;;
30/11/2021  14:47:39,366583;9,489639E-1;1,222756E-1;1,152041E-1;9,411349E-1;;
30/11/2021  14:47:39,366683;9,497060E-1;9,742634E-2;1,107811E-1;9,414906E-1;;
30/11/2021  14:47:39,366783;9,502693E-1;1,143111E-1;1,101492E-1;9,418410E-1;;
30/11/2021  14:47:39,366883;9,507193E-1;1,187712E-1;1,284732E-1;9,421859E-1;;
30/11/2021  14:47:39,366983;9,503051E-1;1,276914E-1;1,170997E-1;9,425255E-1;;
30/11/2021  14:47:39,367083;9,490712E-1;1,200455E-1;1,110970E-1;9,428596E-1;;
30/11/2021  14:47:39,367183;9,492560E-1;1,034794E-1;9,782784E-2;9,431882E-1;;
30/11/2021  14:47:39,367283;9,492918E-1;8,245308E-2;8,992954E-2;9,435108E-1;;
30/11/2021  14:47:39,367383;9,500368E-1;1,235499E-1;1,129926E-1;9,438273E-1;;
30/11/2021  14:47:39,367483;9,502335E-1;1,404346E-1;1,771268E-1;9,441373E-1;;
30/11/2021  14:47:39,367583;9,503468E-1;3,848904E-2;3,780076E-2;9,444407E-1;;
30/11/2021  14:47:39,367683;9,498848E-1;1,557265E-1;1,663851E-1;9,447375E-1;;
30/11/2021  14:47:39,367783;9,495361E-1;1,407532E-1;1,480610E-1;9,450276E-1;;
30/11/2021  14:47:39,367883;9,489043E-1;1,248242E-1;1,281573E-1;9,453106E-1;;
30/11/2021  14:47:39,367983;9,488596E-1;1,248242E-1;1,291051E-1;9,455862E-1;;
30/11/2021  14:47:39,368083;9,497001E-1;1,315144E-1;1,316326E-1;9,458543E-1;;
30/11/2021  14:47:39,368183;9,497239E-1;1,165411E-1;8,645429E-2;9,461143E-1;;
30/11/2021  14:47:39,368283;9,492322E-1;1,299215E-1;1,268936E-1;9,463663E-1;;
30/11/2021  14:47:39,368383;9,487613E-1;1,296029E-1;1,275255E-1;9,466101E-1;;
30/11/2021  14:47:39,368483;9,484722E-1;1,420275E-1;1,328963E-1;9,468453E-1;;
30/11/2021  14:47:39,368583;9,476675E-1;1,216384E-1;1,139404E-1;9,470717E-1;;
30/11/2021  14:47:39,368683;9,474678E-1;1,401161E-1;1,474292E-1;9,472890E-1;;
30/11/2021  14:47:39,368783;9,475185E-1;1,168597E-1;1,224705E-1;9,474966E-1;;
30/11/2021  14:47:39,368883;9,471251E-1;1,283286E-1;1,452176E-1;9,476943E-1;;
30/11/2021  14:47:39,368983;9,468807E-1;1,257800E-1;9,782784E-2;9,478816E-1;;
30/11/2021  14:47:39,369083;9,467108E-1;1,018865E-1;9,940750E-2;9,480582E-1;;
30/11/2021  14:47:39,369183;9,463979E-1;1,280100E-1;1,234183E-1;9,482238E-1;;
30/11/2021  14:47:39,369283;9,459121E-1;1,280100E-1;1,208909E-1;9,483780E-1;;
30/11/2021  14:47:39,369383;9,458346E-1;1,343816E-1;1,366875E-1;9,485207E-1;;
30/11/2021  14:47:39,369483;9,457661E-1;1,433019E-1;1,363715E-1;9,486514E-1;;
30/11/2021  14:47:39,369583;9,460611E-1;1,366117E-1;1,328963E-1;9,487701E-1;;
30/11/2021  14:47:39,369683;9,451909E-1;1,563636E-1;1,616461E-1;9,488765E-1;;
30/11/2021  14:47:39,369783;9,436739E-1;1,181340E-1;1,227865E-1;9,489705E-1;;
30/11/2021  14:47:39,369883;9,433312E-1;1,181340E-1;1,231024E-1;9,490519E-1;;
30/11/2021  14:47:39,369983;9,423298E-1;1,203641E-1;1,161519E-1;9,491203E-1;;
30/11/2021  14:47:39,370083;9,420109E-1;1,047537E-1;1,158360E-1;9,491753E-1;;
30/11/2021  14:47:39,370183;9,416234E-1;1,523270E-2;6,086380E-2;9,492163E-1;;
30/11/2021  14:47:39,370283;9,410423E-1;1,044351E-1;8,866581E-2;9,492431E-1;;
30/11/2021  14:47:39,370383;9,397935E-1;1,088952E-1;1,303688E-1;9,492553E-1;;
30/11/2021  14:47:39,370483;9,394896E-1;1,041165E-1;1,167838E-1;9,492523E-1;;
30/11/2021  14:47:39,370583;9,384852E-1;9,806350E-2;1,126766E-1;9,492339E-1;;
30/11/2021  14:47:39,370683;9,382259E-1;1,066652E-1;1,186794E-1;9,491996E-1;;
30/11/2021  14:47:39,370783;9,388577E-1;7,576290E-2;1,057261E-1;9,491490E-1;;
30/11/2021  14:47:39,370883;9,377967E-1;9,965640E-2;9,624818E-2;9,490819E-1;;
30/11/2021  14:47:39,370983;9,379815E-1;1,162226E-1;1,445858E-1;9,489983E-1;;
30/11/2021  14:47:39,371083;9,371619E-1;2,057435E-1;1,986102E-1;9,488981E-1;;
30/11/2021  14:47:39,371183;9,363304E-1;1,088952E-1;1,224705E-1;9,487813E-1;;
30/11/2021  14:47:39,371283;9,365420E-1;2,376015E-1;2,191457E-1;9,486480E-1;;
30/11/2021  14:47:39,371383;9,365033E-1;1,280100E-1;1,357397E-1;9,484983E-1;;
30/11/2021  14:47:39,371483;9,366195E-1;1,114439E-1;9,845971E-2;9,483324E-1;;
30/11/2021  14:47:39,371583;9,359728E-1;1,442576E-1;1,417424E-1;9,481507E-1;;
30/11/2021  14:47:39,371683;9,353529E-1;1,490363E-1;1,088855E-1;9,479535E-1;;
30/11/2021  14:47:39,371783;9,353469E-1;1,783457E-1;1,907119E-1;9,477414E-1;;
30/11/2021  14:47:39,371883;9,342472E-1;2,086108E-1;2,264122E-1;9,475147E-1;;
30/11/2021  14:47:39,371983;9,346168E-1;1,891774E-1;1,799702E-1;9,472738E-1;;
30/11/2021  14:47:39,372083;9,343962E-1;1,130368E-1;1,155200E-1;9,470192E-1;;
30/11/2021  14:47:39,372183;9,344499E-1;1,509478E-1;1,490088E-1;9,467515E-1;;
30/11/2021  14:47:39,372283;9,344528E-1;1,401161E-1;1,338441E-1;9,464712E-1;;
30/11/2021  14:47:39,372383;9,337495E-1;1,448948E-1;1,714400E-1;9,461792E-1;;
30/11/2021  14:47:39,372483;9,328316E-1;1,468062E-1;1,581709E-1;9,458760E-1;;
30/11/2021  14:47:39,372583;9,330849E-1;2,519376E-1;2,242006E-1;9,455623E-1;;
30/11/2021  14:47:39,372683;9,336392E-1;1,305587E-1;1,344760E-1;9,452388E-1;;
30/11/2021  14:47:39,372783;9,330700E-1;1,248242E-1;1,205749E-1;9,449061E-1;;
30/11/2021  14:47:39,372883;9,331415E-1;1,149482E-1;1,041465E-1;9,445651E-1;;
30/11/2021  14:47:39,372983;9,332488E-1;1,382046E-1;1,281573E-1;9,442166E-1;;
30/11/2021  14:47:39,373083;9,333203E-1;8,277166E-2;1,076217E-1;9,438614E-1;;
30/11/2021  14:47:39,373183;9,329210E-1;1,423461E-1;1,471132E-1;9,435005E-1;;
30/11/2021  14:47:39,373283;9,324829E-1;1,611423E-1;1,761790E-1;9,431348E-1;;
30/11/2021  14:47:39,373383;9,333412E-1;1,162226E-1;1,123607E-1;9,427650E-1;;
30/11/2021  14:47:39,373483;9,341101E-1;1,127182E-1;1,107811E-1;9,423921E-1;;
30/11/2021  14:47:39,373583;9,338896E-1;1,394789E-1;1,442698E-1;9,420171E-1;;
30/11/2021  14:47:39,373683;9,339581E-1;1,347002E-1;1,407946E-1;9,416411E-1;;
30/11/2021  14:47:39,373783;9,340088E-1;2,808078E-3;6,433905E-2;9,412653E-1;;
30/11/2021  14:47:39,373883;9,342204E-1;8,786894E-2;1,167838E-1;9,408906E-1;;
30/11/2021  14:47:39,373983;9,344111E-1;1,302401E-1;1,376353E-1;9,405180E-1;;
30/11/2021  14:47:39,374083;9,348313E-1;1,347002E-1;1,379512E-1;9,401486E-1;;
30/11/2021  14:47:39,374183;9,354095E-1;1,283286E-1;1,306848E-1;9,397835E-1;;
30/11/2021  14:47:39,374283;9,356897E-1;1,311958E-1;1,366875E-1;9,394236E-1;;
30/11/2021  14:47:39,374383;9,354691E-1;1,331073E-1;1,202590E-1;9,390702E-1;;
30/11/2021  14:47:39,374483;9,358685E-1;1,359745E-1;1,104651E-1;9,387241E-1;;
30/11/2021  14:47:39,374583;9,357582E-1;1,165411E-1;1,139404E-1;9,383864E-1;;
30/11/2021  14:47:39,374683;9,360354E-1;1,133553E-1;1,136244E-1;9,380579E-1;;
30/11/2021  14:47:39,374783;9,366225E-1;1,315144E-1;1,291051E-1;9,377394E-1;;
30/11/2021  14:47:39,374883;9,374779E-1;1,483991E-1;1,436380E-1;9,374319E-1;;
30/11/2021  14:47:39,374983;9,371292E-1;1,200455E-1;1,202590E-1;9,371360E-1;;
30/11/2021  14:47:39,375083;9,363781E-1;1,296029E-1;1,291051E-1;9,368526E-1;;
30/11/2021  14:47:39,375183;9,366940E-1;1,037979E-1;1,152041E-1;9,365823E-1;;
30/11/2021  14:47:39,375283;9,365271E-1;1,538150E-1;1,436380E-1;9,363256E-1;;
30/11/2021  14:47:39,375383;9,370815E-1;1,359745E-1;1,379512E-1;9,360826E-1;;
30/11/2021  14:47:39,375483;9,380620E-1;8,542518E-3;1,157841E-2;9,358539E-1;;
30/11/2021  14:47:39,375583;9,381872E-1;1,215178E-3;3,364175E-3;9,356398E-1;;
30/11/2021  14:47:39,375683;9,379994E-1;6,949618E-3;9,366883E-3;9,354407E-1;;
30/11/2021  14:47:39,375783;9,377461E-1;1,852338E-3;4,943835E-3;9,352568E-1;;
30/11/2021  14:47:39,375883;9,376567E-1;6,312458E-3;8,103155E-3;9,350883E-1;;
30/11/2021  14:47:39,375983;9,377699E-1;5,356718E-3;7,471291E-3;9,349353E-1;;
30/11/2021  14:47:39,376083;9,383839E-1;4,400978E-3;6,523495E-3;9,347977E-1;;
30/11/2021  14:47:39,376183;9,393078E-1;1,533758E-3;3,680107E-3;9,346755E-1;;
30/11/2021  14:47:39,376283;9,390157E-1;8,965980E-4;3,680107E-3;9,345686E-1;;
30/11/2021  14:47:39,376383;9,384107E-1;1,533758E-3;3,680107E-3;9,344772E-1;;
30/11/2021  14:47:39,376483;9,379577E-1;1,533758E-3;3,680107E-3;9,344010E-1;;
30/11/2021  14:47:39,376583;9,374391E-1;3,763818E-3;5,575699E-3;9,343397E-1;;
30/11/2021  14:47:39,376683;9,376328E-1;9,179678E-3;1,094654E-2;9,342927E-1;;
30/11/2021  14:47:39,376783;9,373020E-1;5,993878E-3;7,787223E-3;9,342595E-1;;
30/11/2021  14:47:39,376883;9,371947E-1;1,215178E-3;3,364175E-3;9,342394E-1;;
30/11/2021  14:47:39,376983;9,365897E-1;2,489498E-3;4,627903E-3;9,342317E-1;;
30/11/2021  14:47:39,377083;9,364795E-1;1,533758E-3;3,996039E-3;9,342357E-1;;
30/11/2021  14:47:39,377183;9,356301E-1;1,533758E-3;3,364175E-3;9,342504E-1;;
30/11/2021  14:47:39,377283;9,363096E-1;8,965980E-4;3,364175E-3;9,342749E-1;;
30/11/2021  14:47:39,377383;9,353529E-1;1,215178E-3;3,048243E-3;9,343083E-1;;
30/11/2021  14:47:39,377483;9,359162E-1;1,533758E-3;3,048243E-3;9,343496E-1;;
30/11/2021  14:47:39,377583;9,360413E-1;5,780180E-4;3,048243E-3;9,343980E-1;;
30/11/2021  14:47:39,377683;9,362440E-1;5,780180E-4;3,364175E-3;9,344526E-1;;
30/11/2021  14:47:39,377783;9,355436E-1;8,965980E-4;3,364175E-3;9,345126E-1;;
30/11/2021  14:47:39,377883;9,354185E-1;1,215178E-3;3,364175E-3;9,345772E-1;;
30/11/2021  14:47:39,377983;9,363215E-1;1,215178E-3;3,996039E-3;9,346458E-1;;
30/11/2021  14:47:39,378083;9,361159E-1;1,215178E-3;3,364175E-3;9,347176E-1;;
30/11/2021  14:47:39,378183;9,371828E-1;1,852338E-3;4,311971E-3;9,347921E-1;;
30/11/2021  14:47:39,378283;9,374480E-1;1,852338E-3;4,311971E-3;9,348688E-1;;
30/11/2021  14:47:39,378383;9,372990E-1;2,489498E-3;4,311971E-3;9,349475E-1;;
30/11/2021  14:47:39,378483;9,369325E-1;8,965980E-4;3,680107E-3;9,350279E-1;;
30/11/2021  14:47:39,378583;9,367060E-1;1,215178E-3;3,680107E-3;9,351097E-1;;
30/11/2021  14:47:39,378683;9,372543E-1;5,780180E-4;3,364175E-3;9,351926E-1;;
30/11/2021  14:47:39,378783;9,370636E-1;3,445238E-3;7,787223E-3;9,352763E-1;;
30/11/2021  14:47:39,378883;9,373437E-1;1,852338E-3;3,680107E-3;9,353604E-1;;
30/11/2021  14:47:39,378983;9,379577E-1;4,400978E-3;9,050951E-3;9,354448E-1;;
30/11/2021  14:47:39,379083;9,371441E-1;1,714418E-2;1,852891E-2;9,355293E-1;;
30/11/2021  14:47:39,379183;9,369474E-1;1,586986E-2;1,663332E-2;9,356137E-1;;
30/11/2021  14:47:39,379283;9,366642E-1;1,427696E-2;1,442179E-2;9,356977E-1;;
30/11/2021  14:47:39,379383;9,366881E-1;9,179678E-3;1,094654E-2;9,357812E-1;;
30/11/2021  14:47:39,379483;9,377967E-1;1,459554E-2;1,473773E-2;9,358637E-1;;
30/11/2021  14:47:39,379583;9,382974E-1;1,873708E-2;2,263603E-2;9,359451E-1;;
30/11/2021  14:47:39,379683;9,381067E-1;1,523270E-2;1,916077E-2;9,360254E-1;;
30/11/2021  14:47:39,379783;9,387802E-1;1,618844E-2;2,547941E-2;9,361046E-1;;
30/11/2021  14:47:39,379883;9,385716E-1;1,778134E-2;3,085026E-2;9,361829E-1;;
30/11/2021  14:47:39,379983;9,394478E-1;1,098510E-1;1,177316E-1;9,362604E-1;;
30/11/2021  14:47:39,380083;9,391200E-1;1,491412E-2;1,789705E-2;9,363372E-1;;
30/11/2021  14:47:39,380183;9,396386E-1;1,012493E-1;1,249980E-1;9,364136E-1;;
30/11/2021  14:47:39,380283;9,403807E-1;1,002936E-1;9,056141E-2;9,364897E-1;;
30/11/2021  14:47:39,380383;9,405744E-1;1,123996E-1;1,079377E-1;9,365658E-1;;
30/11/2021  14:47:39,380483;9,404015E-1;9,392196E-2;9,245700E-2;9,366424E-1;;
30/11/2021  14:47:39,380583;9,401273E-1;6,811698E-2;9,466852E-2;9,367195E-1;;
30/11/2021  14:47:39,380683;9,394419E-1;9,392196E-2;9,719598E-2;9,367975E-1;;
30/11/2021  14:47:39,380783;9,402615E-1;1,123996E-1;1,562753E-1;9,368763E-1;;
30/11/2021  14:47:39,380883;9,400499E-1;1,085766E-1;1,167838E-1;9,369561E-1;;
30/11/2021  14:47:39,380983;9,397965E-1;6,556834E-2;8,929768E-2;9,370368E-1;;
30/11/2021  14:47:39,381083;9,404313E-1;1,079395E-1;1,407946E-1;9,371184E-1;;
30/11/2021  14:47:39,381183;9,395611E-1;6,524976E-2;9,150920E-2;9,372010E-1;;
30/11/2021  14:47:39,381283;9,389620E-1;9,073616E-2;1,170997E-1;9,372843E-1;;
30/11/2021  14:47:39,381383;9,392392E-1;1,926818E-1;2,058766E-1;9,373683E-1;;
30/11/2021  14:47:39,381483;9,391647E-1;1,942747E-1;2,112474E-1;9,374525E-1;;
30/11/2021  14:47:39,381583;9,390157E-1;1,461691E-1;1,546956E-1;9,375369E-1;;
30/11/2021  14:47:39,381683;9,381305E-1;1,987348E-1;2,096678E-1;9,376210E-1;;
30/11/2021  14:47:39,381783;9,378474E-1;1,923632E-1;1,970305E-1;9,377046E-1;;
30/11/2021  14:47:39,381883;9,366732E-1;1,875845E-1;1,689125E-1;9,377871E-1;;
30/11/2021  14:47:39,381983;9,362112E-1;1,519035E-1;1,284732E-1;9,378679E-1;;
30/11/2021  14:47:39,382083;9,359639E-1;1,235499E-1;1,148882E-1;9,379464E-1;;
30/11/2021  14:47:39,382183;9,356807E-1;1,174969E-1;1,227865E-1;9,380218E-1;;
30/11/2021  14:47:39,382283;9,357314E-1;5,441804E-2;5,960007E-2;9,380934E-1;;
30/11/2021  14:47:39,382383;9,355377E-1;1,359745E-1;1,629098E-1;9,381605E-1;;
30/11/2021  14:47:39,382483;9,347092E-1;1,251428E-1;1,376353E-1;9,382227E-1;;
30/11/2021  14:47:39,382583;9,343873E-1;1,327887E-1;1,379512E-1;9,382793E-1;;
30/11/2021  14:47:39,382683;9,341012E-1;1,751599E-1;2,150386E-1;9,383297E-1;;
30/11/2021  14:47:39,382783;9,338329E-1;1,350188E-1;1,477451E-1;9,383734E-1;;
30/11/2021  14:47:39,382883;9,342710E-1;1,276914E-1;1,366875E-1;9,384097E-1;;
30/11/2021  14:47:39,382983;9,337584E-1;1,235499E-1;1,208909E-1;9,384383E-1;;
30/11/2021  14:47:39,383083;9,334276E-1;1,369303E-1;1,575390E-1;9,384588E-1;;
30/11/2021  14:47:39,383183;9,324918E-1;1,213198E-1;1,275255E-1;9,384709E-1;;
30/11/2021  14:47:39,383283;9,320805E-1;1,178155E-1;1,243661E-1;9,384742E-1;;
30/11/2021  14:47:39,383383;9,311596E-1;1,260985E-1;1,291051E-1;9,384682E-1;;
30/11/2021  14:47:39,383483;9,317646E-1;1,337445E-1;1,423743E-1;9,384526E-1;;
30/11/2021  14:47:39,383583;9,316424E-1;8,914326E-2;8,455870E-2;9,384270E-1;;
30/11/2021  14:47:39,383683;9,308348E-1;1,388417E-1;1,449017E-1;9,383911E-1;;
30/11/2021  14:47:39,383783;9,307424E-1;1,088952E-1;9,656411E-2;9,383448E-1;;
30/11/2021  14:47:39,383883;9,304592E-1;1,458505E-1;1,433221E-1;9,382879E-1;;
30/11/2021  14:47:39,383983;9,296635E-1;1,200455E-1;1,531159E-1;9,382202E-1;;
30/11/2021  14:47:39,384083;9,297172E-1;1,292843E-1;1,423743E-1;9,381415E-1;;
30/11/2021  14:47:39,384183;9,305695E-1;7,385142E-2;7,097362E-2;9,380520E-1;;
30/11/2021  14:47:39,384283;9,314517E-1;1,171783E-1;1,152041E-1;9,379516E-1;;
30/11/2021  14:47:39,384383;9,313146E-1;1,235499E-1;1,335282E-1;9,378408E-1;;
30/11/2021  14:47:39,384483;9,309808E-1;1,452133E-1;1,824976E-1;9,377200E-1;;
30/11/2021  14:47:39,384583;9,309182E-1;8,277166E-2;1,793383E-1;9,375897E-1;;
30/11/2021  14:47:39,384683;9,304890E-1;1,194084E-1;1,202590E-1;9,374506E-1;;
30/11/2021  14:47:39,384783;9,315381E-1;1,235499E-1;1,218387E-1;9,373031E-1;;
30/11/2021  14:47:39,384883;9,326706E-1;1,165411E-1;1,196272E-1;9,371478E-1;;
30/11/2021  14:47:39,384983;9,322027E-1;9,169190E-2;9,024547E-2;9,369856E-1;;
30/11/2021  14:47:39,385083;9,326229E-1;1,066652E-1;1,114129E-1;9,368174E-1;;
30/11/2021  14:47:39,385183;9,320656E-1;1,194084E-1;1,016190E-1;9,366441E-1;;
30/11/2021  14:47:39,385283;9,321223E-1;1,002936E-1;7,571260E-2;9,364666E-1;;
30/11/2021  14:47:39,385383;9,322355E-1;-1,566956E-2;2,732311E-3;9,362857E-1;;
30/11/2021  14:47:39,385483;9,324620E-1;1,057094E-1;1,000394E-1;9,361021E-1;;
30/11/2021  14:47:39,385583;9,328316E-1;6,493118E-2;5,264957E-2;9,359166E-1;;
30/11/2021  14:47:39,385683;9,333293E-1;1,280100E-1;1,297370E-1;9,357301E-1;;
30/11/2021  14:47:39,385783;9,335111E-1;1,015679E-1;9,593225E-2;9,355434E-1;;
30/11/2021  14:47:39,385883;9,335826E-1;3,912620E-2;2,863873E-2;9,353574E-1;;
30/11/2021  14:47:39,385983;9,339045E-1;9,264764E-2;9,656411E-2;9,351729E-1;;
30/11/2021  14:47:39,386083;9,339522E-1;1,127182E-1;1,129926E-1;9,349908E-1;;
30/11/2021  14:47:39,386183;9,349804E-1;1,181340E-1;1,193112E-1;9,348119E-1;;
30/11/2021  14:47:39,386283;9,358804E-1;1,248242E-1;1,202590E-1;9,346370E-1;;
30/11/2021  14:47:39,386383;9,360741E-1;1,289658E-1;1,294210E-1;9,344672E-1;;
30/11/2021  14:47:39,386483;9,364437E-1;1,232313E-1;1,101492E-1;9,343034E-1;;
30/11/2021  14:47:39,386583;9,369116E-1;1,937424E-2;3,211399E-2;9,341466E-1;;
30/11/2021  14:47:39,386683;9,375732E-1;1,149482E-1;1,038306E-1;9,339977E-1;;
30/11/2021  14:47:39,386783;9,383272E-1;1,241871E-1;1,193112E-1;9,338575E-1;;
30/11/2021  14:47:39,386883;9,389978E-1;1,267357E-1;1,240502E-1;9,337271E-1;;
30/11/2021  14:47:39,386983;9,397310E-1;9,933782E-2;1,546956E-1;9,336074E-1;;
30/11/2021  14:47:39,387083;9,397697E-1;1,646467E-1;1,477451E-1;9,334994E-1;;
30/11/2021  14:47:39,387183;9,393912E-1;9,232906E-2;9,877564E-2;9,334038E-1;;
30/11/2021  14:47:39,387283;9,404641E-1;1,321516E-1;1,505885E-1;9,333213E-1;;
30/11/2021  14:47:39,387383;9,408068E-1;7,958586E-2;7,413294E-2;9,332527E-1;;
30/11/2021  14:47:39,387483;9,403777E-1;1,302401E-1;1,300529E-1;9,331983E-1;;
30/11/2021  14:47:39,387583;9,417486E-1;1,174969E-1;1,202590E-1;9,331588E-1;;
30/11/2021  14:47:39,387683;9,421271E-1;1,241871E-1;1,202590E-1;9,331344E-1;;
30/11/2021  14:47:39,387783;9,423566E-1;1,366117E-1;1,449017E-1;9,331257E-1;;
30/11/2021  14:47:39,387883;9,419632E-1;1,254614E-1;1,249980E-1;9,331329E-1;;
30/11/2021  14:47:39,387983;9,425920E-1;1,273729E-1;1,038306E-1;9,331561E-1;;
30/11/2021  14:47:39,388083;9,422612E-1;9,678918E-2;9,561632E-2;9,331956E-1;;
30/11/2021  14:47:39,388183;9,432745E-1;1,203641E-1;1,050943E-1;9,332511E-1;;
30/11/2021  14:47:39,388283;9,427411E-1;5,314372E-2;4,253974E-2;9,333227E-1;;
30/11/2021  14:47:39,388383;9,434206E-1;1,229127E-1;1,180475E-1;9,334102E-1;;
30/11/2021  14:47:39,388483;9,428931E-1;7,831154E-2;5,486109E-2;9,335133E-1;;
30/11/2021  14:47:39,388583;9,429497E-1;3,753330E-2;7,508074E-2;9,336316E-1;;
30/11/2021  14:47:39,388683;9,427828E-1;1,260985E-1;1,344760E-1;9,337646E-1;;
30/11/2021  14:47:39,388783;9,437931E-1;1,515849E-1;1,667010E-1;9,339119E-1;;
30/11/2021  14:47:39,388883;9,443713E-1;3,594040E-2;7,697633E-2;9,340728E-1;;
30/11/2021  14:47:39,388983;9,449465E-1;1,264171E-1;1,262617E-1;9,342469E-1;;
30/11/2021  14:47:39,389083;9,452713E-1;9,073616E-2;1,069899E-1;9,344337E-1;;
30/11/2021  14:47:39,389183;9,452415E-1;1,343816E-1;1,322644E-1;9,346330E-1;;
30/11/2021  14:47:39,389283;9,452207E-1;1,264171E-1;1,237343E-1;9,348441E-1;;
30/11/2021  14:47:39,389383;9,459240E-1;1,296029E-1;1,259458E-1;9,350667E-1;;
30/11/2021  14:47:39,389483;9,461952E-1;1,308772E-1;1,227865E-1;9,353001E-1;;
30/11/2021  14:47:39,389583;9,473099E-1;1,235499E-1;1,215227E-1;9,355440E-1;;
30/11/2021  14:47:39,389683;9,466542E-1;1,073023E-1;1,155200E-1;9,357979E-1;;
30/11/2021  14:47:39,389783;9,469552E-1;1,280100E-1;1,272095E-1;9,360613E-1;;
30/11/2021  14:47:39,389883;9,470238E-1;1,267357E-1;1,129926E-1;9,363338E-1;;
30/11/2021  14:47:39,389983;9,471489E-1;1,123996E-1;9,214107E-2;9,366147E-1;;
30/11/2021  14:47:39,390083;9,467108E-1;7,480716E-2;9,719598E-2;9,369035E-1;;
30/11/2021  14:47:39,390183;9,473158E-1;7,321426E-2;8,234717E-2;9,371994E-1;;
30/11/2021  14:47:39,390283;9,470953E-1;9,296622E-2;1,695444E-1;9,375017E-1;;
30/11/2021  14:47:39,390383;9,475066E-1;1,053908E-1;1,515363E-1;9,378097E-1;;
30/11/2021  14:47:39,390483;9,478404E-1;1,041165E-1;1,423743E-1;9,381228E-1;;
30/11/2021  14:47:39,390583;9,475453E-1;1,136739E-1;1,186794E-1;9,384402E-1;;
30/11/2021  14:47:39,390683;9,474410E-1;1,143111E-1;1,227865E-1;9,387613E-1;;
30/11/2021  14:47:39,390783;9,522095E-1;1,245056E-1;1,221546E-1;9,390855E-1;;
30/11/2021  14:47:39,390883;9,525015E-1;-7,301396E-2;-7,429410E-4;9,394125E-1;;
30/11/2021  14:47:39,390983;9,524002E-1;1,547707E-1;1,417424E-1;9,397425E-1;;
30/11/2021  14:47:39,391083;9,522512E-1;9,742634E-2;9,403666E-2;9,400758E-1;;
30/11/2021  14:47:39,391183;9,515121E-1;5,091366E-2;4,411940E-2;9,404122E-1;;
30/11/2021  14:47:39,391283;9,510174E-1;1,165411E-1;1,022509E-1;9,407517E-1;;
30/11/2021  14:47:39,391383;9,501143E-1;1,350188E-1;1,471132E-1;9,410938E-1;;
30/11/2021  14:47:39,391483;9,499474E-1;1,206827E-1;1,275255E-1;9,414380E-1;;
30/11/2021  14:47:39,391583;9,503259E-1;1,506292E-1;1,189953E-1;9,417836E-1;;
30/11/2021  14:47:39,391683;9,503557E-1;1,283286E-1;1,300529E-1;9,421297E-1;;
30/11/2021  14:47:39,391783;9,501710E-1;1,159040E-1;1,240502E-1;9,424758E-1;;
30/11/2021  14:47:39,391883;9,499892E-1;1,152668E-1;1,268936E-1;9,428211E-1;;
30/11/2021  14:47:39,391983;9,495004E-1;1,206827E-1;1,246821E-1;9,431648E-1;;
30/11/2021  14:47:39,392083;9,495898E-1;2,073364E-1;1,834454E-1;9,435063E-1;;
30/11/2021  14:47:39,392183;9,487583E-1;1,286472E-1;1,316326E-1;9,438445E-1;;
30/11/2021  14:47:39,392283;9,486182E-1;1,280100E-1;1,278414E-1;9,441788E-1;;
30/11/2021  14:47:39,392383;9,489729E-1;1,283286E-1;1,117289E-1;9,445082E-1;;
30/11/2021  14:47:39,392483;9,492620E-1;1,311958E-1;1,379512E-1;9,448318E-1;;
30/11/2021  14:47:39,392583;9,486629E-1;1,098510E-1;1,338441E-1;9,451491E-1;;
30/11/2021  14:47:39,392683;9,480996E-1;1,369303E-1;1,265777E-1;9,454592E-1;;
30/11/2021  14:47:39,392783;9,474708E-1;1,812129E-1;1,689125E-1;9,457614E-1;;
30/11/2021  14:47:39,392883;9,470536E-1;1,283286E-1;1,423743E-1;9,460550E-1;;
30/11/2021  14:47:39,392983;9,476317E-1;1,047537E-1;1,306848E-1;9,463392E-1;;
30/11/2021  14:47:39,393083;9,473039E-1;1,264171E-1;1,256299E-1;9,466131E-1;;
30/11/2021  14:47:39,393183;9,467943E-1;1,251428E-1;1,196272E-1;9,468762E-1;;
30/11/2021  14:47:39,393283;9,463115E-1;1,483991E-1;1,556434E-1;9,471279E-1;;
30/11/2021  14:47:39,393383;9,453369E-1;1,726112E-1;1,433221E-1;9,473675E-1;;
30/11/2021  14:47:39,393483;9,442670E-1;1,439390E-1;1,540637E-1;9,475944E-1;;
30/11/2021  14:47:39,393583;9,448243E-1;-1,402343E-1;-1,116870E-2;9,478078E-1;;
30/11/2021  14:47:39,393683;9,440166E-1;1,082581E-1;9,719598E-2;9,480069E-1;;
30/11/2021  14:47:39,393783;9,445143E-1;1,159040E-1;1,205749E-1;9,481911E-1;;
30/11/2021  14:47:39,393883;9,439421E-1;1,216384E-1;1,101492E-1;9,483600E-1;;
30/11/2021  14:47:39,393983;9,430600E-1;-1,662530E-2;6,244346E-2;9,485132E-1;;
30/11/2021  14:47:39,394083;9,423715E-1;4,071910E-2;7,539667E-2;9,486501E-1;;
30/11/2021  14:47:39,394183;9,413850E-1;1,280100E-1;1,363715E-1;9,487704E-1;;
30/11/2021  14:47:39,394283;9,416771E-1;1,098510E-1;9,877564E-2;9,488735E-1;;
30/11/2021  14:47:39,394383;9,409082E-1;1,133553E-1;1,129926E-1;9,489591E-1;;
30/11/2021  14:47:39,394483;9,407502E-1;5,664810E-2;5,201770E-2;9,490266E-1;;
30/11/2021  14:47:39,394583;9,403509E-1;3,880762E-2;5,549295E-2;9,490760E-1;;
30/11/2021  14:47:39,394683;9,395134E-1;1,302401E-1;1,521681E-1;9,491069E-1;;
30/11/2021  14:47:39,394783;9,382557E-1;2,765732E-2;2,137230E-2;9,491192E-1;;
30/11/2021  14:47:39,394883;9,378564E-1;8,786894E-2;9,119327E-2;9,491126E-1;;
30/11/2021  14:47:39,394983;9,378414E-1;1,037979E-1;1,050943E-1;9,490868E-1;;
30/11/2021  14:47:39,395083;9,373735E-1;1,178155E-1;9,530039E-2;9,490417E-1;;
30/11/2021  14:47:39,395183;9,363185E-1;1,216384E-1;1,196272E-1;9,489772E-1;;
30/11/2021  14:47:39,395283;9,358029E-1;1,264171E-1;1,028828E-1;9,488931E-1;;
30/11/2021  14:47:39,395383;9,349237E-1;1,203641E-1;9,087734E-2;9,487895E-1;;
30/11/2021  14:47:39,395483;9,341757E-1;9,264764E-2;6,497092E-2;9,486663E-1;;
30/11/2021  14:47:39,395583;9,331296E-1;9,360338E-2;9,056141E-2;9,485234E-1;;
30/11/2021  14:47:39,395683;9,332786E-1;1,222756E-1;1,218387E-1;9,483607E-1;;
30/11/2021  14:47:39,395783;9,325425E-1;2,638300E-2;2,958653E-2;9,481782E-1;;
30/11/2021  14:47:39,395883;9,321372E-1;9,838208E-2;1,025668E-1;9,479761E-1;;
30/11/2021  14:47:39,395983;9,310762E-1;8,340882E-2;9,277293E-2;9,477544E-1;;
30/11/2021  14:47:39,396083;9,300837E-1;1,969282E-2;3,085026E-2;9,475133E-1;;
30/11/2021  14:47:39,396183;9,293923E-1;9,583344E-2;1,177316E-1;9,472529E-1;;
30/11/2021  14:47:39,396283;9,291002E-1;1,034794E-1;1,129926E-1;9,469734E-1;;
30/11/2021  14:47:39,396383;9,288886E-1;1,012493E-1;1,088855E-1;9,466748E-1;;
30/11/2021  14:47:39,396483;9,287247E-1;1,041165E-1;1,164678E-1;9,463576E-1;;
30/11/2021  14:47:39,396583;9,283373E-1;1,022050E-1;1,079377E-1;9,460222E-1;;
30/11/2021  14:47:39,396683;9,281197E-1;9,201048E-2;9,688005E-2;9,456690E-1;;
30/11/2021  14:47:39,396783;9,269544E-1;9,392196E-2;9,972343E-2;9,452987E-1;;
30/11/2021  14:47:39,396883;9,269932E-1;9,519628E-2;1,060421E-1;9,449118E-1;;
30/11/2021  14:47:39,396983;9,273001E-1;1,034794E-1;1,025668E-1;9,445090E-1;;
30/11/2021  14:47:39,397083;9,275594E-1;1,079395E-1;1,388990E-1;9,440911E-1;;
30/11/2021  14:47:39,397183;9,271630E-1;8,054160E-2;8,361090E-2;9,436590E-1;;
30/11/2021  14:47:39,397283;9,269008E-1;1,139925E-1;1,268936E-1;9,432137E-1;;
30/11/2021  14:47:39,397383;9,267130E-1;1,210013E-1;1,291051E-1;9,427563E-1;;
30/11/2021  14:47:39,397483;9,268561E-1;1,780271E-1;1,509044E-1;9,422878E-1;;
30/11/2021  14:47:39,397583;9,267637E-1;1,534964E-1;1,411105E-1;9,418094E-1;;
30/11/2021  14:47:39,397683;9,268292E-1;8,436456E-2;1,259458E-1;9,413221E-1;;
30/11/2021  14:47:39,397783;9,276876E-1;1,579565E-1;1,474292E-1;9,408274E-1;;
30/11/2021  14:47:39,397883;9,272822E-1;2,057435E-1;2,084040E-1;9,403264E-1;;
30/11/2021  14:47:39,397983;9,273299E-1;1,665582E-1;1,531159E-1;9,398205E-1;;
30/11/2021  14:47:39,398083;9,273627E-1;1,407532E-1;1,347919E-1;9,393112E-1;;
30/11/2021  14:47:39,398183;9,280214E-1;3,116170E-2;2,990246E-2;9,387997E-1;;
30/11/2021  14:47:39,398283;9,282836E-1;1,264171E-1;1,335282E-1;9,382876E-1;;
30/11/2021  14:47:39,398383;9,288707E-1;4,135626E-2;8,740209E-2;9,377761E-1;;
30/11/2021  14:47:39,398483;9,292433E-1;1,337445E-1;1,243661E-1;9,372669E-1;;
30/11/2021  14:47:39,398583;9,298960E-1;1,060280E-1;9,340479E-2;9,367615E-1;;
30/11/2021  14:47:39,398683;9,300092E-1;1,197269E-1;1,092014E-1;9,362615E-1;;
30/11/2021  14:47:39,398783;9,303967E-1;1,308772E-1;1,407946E-1;9,357683E-1;;
30/11/2021  14:47:39,398883;9,304890E-1;1,436204E-1;1,515363E-1;9,352835E-1;;
30/11/2021  14:47:39,398983;9,314576E-1;1,190898E-1;1,193112E-1;9,348085E-1;;
30/11/2021  14:47:39,399083;9,323070E-1;1,369303E-1;1,376353E-1;9,343448E-1;;
30/11/2021  14:47:39,399183;9,327094E-1;1,452133E-1;1,559593E-1;9,338938E-1;;
30/11/2021  14:47:39,399283;9,331534E-1;1,640096E-1;1,913437E-1;9,334570E-1;;
30/11/2021  14:47:39,399383;9,332726E-1;1,260985E-1;1,265777E-1;9,330357E-1;;
30/11/2021  14:47:39,399483;9,341012E-1;1,308772E-1;1,294210E-1;9,326313E-1;;
30/11/2021  14:47:39,399583;9,338538E-1;1,292843E-1;1,291051E-1;9,322449E-1;;
30/11/2021  14:47:39,399683;9,356032E-1;1,286472E-1;1,303688E-1;9,318778E-1;;
30/11/2021  14:47:39,399783;9,358625E-1;1,241871E-1;1,259458E-1;9,315308E-1;;
30/11/2021  14:47:39,399883;9,366285E-1;1,318330E-1;1,234183E-1;9,312053E-1;;
30/11/2021  14:47:39,399983;9,368013E-1;1,340630E-1;1,300529E-1;9,309021E-1;;
30/11/2021  14:47:39,400083;9,371590E-1;1,200455E-1;1,183634E-1;9,306222E-1;;
30/11/2021  14:47:39,400183;9,372513E-1;5,027650E-2;3,716890E-2;9,303664E-1;;
30/11/2021  14:47:39,400283;9,382617E-1;1,069837E-1;1,003553E-1;9,301353E-1;;
30/11/2021  14:47:39,400383;9,388279E-1;2,256004E-2;7,223735E-2;9,299295E-1;;
30/11/2021  14:47:39,400483;9,394061E-1;1,420275E-1;1,588027E-1;9,297495E-1;;
30/11/2021  14:47:39,400583;9,402585E-1;1,315144E-1;1,420583E-1;9,295957E-1;;
30/11/2021  14:47:39,400683;9,404999E-1;1,311958E-1;1,335282E-1;9,294686E-1;;
30/11/2021  14:47:39,400783;9,399604E-1;1,254614E-1;1,133085E-1;9,293684E-1;;
30/11/2021  14:47:39,400883;9,404999E-1;1,356559E-1;1,328963E-1;9,292952E-1;;
30/11/2021  14:47:39,400983;9,415847E-1;1,315144E-1;1,382671E-1;9,292490E-1;;
30/11/2021  14:47:39,401083;9,420109E-1;1,276914E-1;1,262617E-1;9,292296E-1;;
30/11/2021  14:47:39,401183;9,425533E-1;1,286472E-1;1,423743E-1;9,292370E-1;;
30/11/2021  14:47:39,401283;9,427649E-1;1,241871E-1;1,196272E-1;9,292710E-1;;
30/11/2021  14:47:39,401383;9,430123E-1;1,318330E-1;1,256299E-1;9,293312E-1;;
30/11/2021  14:47:39,401483;9,430391E-1;1,385232E-1;1,246821E-1;9,294174E-1;;
30/11/2021  14:47:39,401583;9,436530E-1;1,210013E-1;1,202590E-1;9,295290E-1;;
30/11/2021  14:47:39,401683;9,443206E-1;1,280100E-1;1,253139E-1;9,296654E-1;;
30/11/2021  14:47:39,401783;9,449822E-1;1,366117E-1;1,600664E-1;9,298260E-1;;
30/11/2021  14:47:39,401883;9,451104E-1;1,232313E-1;1,524841E-1;9,300103E-1;;
30/11/2021  14:47:39,401983;9,448481E-1;1,331073E-1;1,496407E-1;9,302176E-1;;
30/11/2021  14:47:39,402083;9,452177E-1;1,200455E-1;1,442698E-1;9,304470E-1;;
30/11/2021  14:47:39,402183;9,453488E-1;1,321516E-1;1,354238E-1;9,306978E-1;;
30/11/2021  14:47:39,402283;9,455187E-1;1,270543E-1;1,249980E-1;9,309690E-1;;
30/11/2021  14:47:39,402383;9,466214E-1;1,302401E-1;1,284732E-1;9,312595E-1;;
30/11/2021  14:47:39,402483;9,471936E-1;1,225942E-1;1,019350E-1;9,315685E-1;;
30/11/2021  14:47:39,402583;9,476854E-1;1,340630E-1;1,338441E-1;9,318950E-1;;
30/11/2021  14:47:39,402683;9,476973E-1;1,292843E-1;1,199431E-1;9,322383E-1;;
30/11/2021  14:47:39,402783;9,474380E-1;1,388417E-1;1,366875E-1;9,325973E-1;;
30/11/2021  14:47:39,402883;9,483559E-1;1,375674E-1;1,316326E-1;9,329712E-1;;
30/11/2021  14:47:39,402983;9,484990E-1;1,662396E-1;1,837613E-1;9,333589E-1;;
30/11/2021  14:47:39,403083;9,494885E-1;2,829448E-2;5,738855E-2;9,337596E-1;;
30/11/2021  14:47:39,403183;9,495004E-1;1,159040E-1;1,031987E-1;9,341722E-1;;
30/11/2021  14:47:39,403283;9,497060E-1;1,109116E-2;-2,728123E-2;9,345960E-1;;
30/11/2021  14:47:39,403383;9,494467E-1;1,375674E-1;1,287892E-1;9,350299E-1;;
30/11/2021  14:47:39,403483;9,497060E-1;1,503106E-1;1,569071E-1;9,354731E-1;;
30/11/2021  14:47:39,403583;9,500786E-1;1,464877E-1;1,455336E-1;9,359244E-1;;
30/11/2021  14:47:39,403683;9,510710E-1;1,213198E-1;1,335282E-1;9,363830E-1;;
30/11/2021  14:47:39,403783;9,512230E-1;1,340630E-1;1,335282E-1;9,368479E-1;;
30/11/2021  14:47:39,403883;9,508058E-1;1,283286E-1;1,328963E-1;9,373183E-1;;
30/11/2021  14:47:39,403983;9,506418E-1;1,519035E-1;1,445858E-1;9,377932E-1;;
30/11/2021  14:47:39,404083;9,503766E-1;1,391603E-1;1,373193E-1;9,382717E-1;;
30/11/2021  14:47:39,404183;9,496285E-1;1,347002E-1;1,313166E-1;9,387527E-1;;
30/11/2021  14:47:39,404283;9,502127E-1;1,455319E-1;1,474292E-1;9,392351E-1;;
30/11/2021  14:47:39,404383;9,507372E-1;1,215178E-3;3,364175E-3;9,397176E-1;;
30/11/2021  14:47:39,404483;9,502306E-1;1,852338E-3;4,627903E-3;9,401993E-1;;
30/11/2021  14:47:39,404583;9,499713E-1;5,780180E-4;3,680107E-3;9,406790E-1;;
30/11/2021  14:47:39,404683;9,491427E-1;4,400978E-3;5,575699E-3;9,411557E-1;;
30/11/2021  14:47:39,404783;9,498103E-1;5,675298E-3;7,155359E-3;9,416283E-1;;
30/11/2021  14:47:39,404883;9,491487E-1;8,223938E-3;9,682815E-3;9,420956E-1;;
30/11/2021  14:47:39,404983;9,496732E-1;5,675298E-3;7,787223E-3;9,425566E-1;;
30/11/2021  14:47:39,405083;9,493186E-1;7,905358E-3;9,682815E-3;9,430102E-1;;
30/11/2021  14:47:39,405183;9,495063E-1;4,400978E-3;6,207563E-3;9,434555E-1;;
30/11/2021  14:47:39,405283;9,492918E-1;3,763818E-3;5,891631E-3;9,438916E-1;;
30/11/2021  14:47:39,405383;9,489908E-1;9,498258E-3;1,094654E-2;9,443177E-1;;
30/11/2021  14:47:39,405483;9,486093E-1;8,965980E-4;3,680107E-3;9,447330E-1;;
30/11/2021  14:47:39,405583;9,482367E-1;3,445238E-3;5,259767E-3;9,451367E-1;;
30/11/2021  14:47:39,405683;9,480579E-1;6,631038E-3;7,787223E-3;9,455279E-1;;
30/11/2021  14:47:39,405783;9,488000E-1;8,965980E-4;3,048243E-3;9,459060E-1;;
30/11/2021  14:47:39,405883;9,483261E-1;1,533758E-3;3,048243E-3;9,462703E-1;;
30/11/2021  14:47:39,405983;9,479268E-1;1,215178E-3;3,680107E-3;9,466202E-1;;
30/11/2021  14:47:39,406083;9,477211E-1;1,215178E-3;3,364175E-3;9,469553E-1;;
30/11/2021  14:47:39,406183;9,471251E-1;2,489498E-3;4,627903E-3;9,472751E-1;;
30/11/2021  14:47:39,406283;9,466244E-1;5,780180E-4;3,996039E-3;9,475790E-1;;
30/11/2021  14:47:39,406383;9,466363E-1;1,215178E-3;3,364175E-3;9,478666E-1;;
30/11/2021  14:47:39,406483;9,464962E-1;5,780180E-4;3,364175E-3;9,481374E-1;;
30/11/2021  14:47:39,406583;9,465290E-1;1,533758E-3;3,364175E-3;9,483911E-1;;
30/11/2021  14:47:39,406683;9,457094E-1;1,533758E-3;3,680107E-3;9,486274E-1;;
30/11/2021  14:47:39,406783;9,445233E-1;1,215178E-3;3,680107E-3;9,488459E-1;;
30/11/2021  14:47:39,406883;9,440464E-1;1,852338E-3;4,311971E-3;9,490464E-1;;
30/11/2021  14:47:39,406983;9,435010E-1;8,965980E-4;2,416379E-3;9,492284E-1;;
30/11/2021  14:47:39,407083;9,435726E-1;8,965980E-4;3,048243E-3;9,493915E-1;;
30/11/2021  14:47:39,407183;9,433401E-1;5,780180E-4;2,416379E-3;9,495353E-1;;
30/11/2021  14:47:39,407283;9,431762E-1;5,780180E-4;3,048243E-3;9,496598E-1;;
30/11/2021  14:47:39,407383;9,423387E-1;5,780180E-4;3,364175E-3;9,497647E-1;;
30/11/2021  14:47:39,407483;9,418440E-1;8,965980E-4;3,680107E-3;9,498500E-1;;
30/11/2021  14:47:39,407583;9,409767E-1;1,215178E-3;3,680107E-3;9,499154E-1;;
30/11/2021  14:47:39,407683;9,415668E-1;1,215178E-3;4,311971E-3;9,499611E-1;;
30/11/2021  14:47:39,407783;9,409469E-1;1,215178E-3;3,364175E-3;9,499869E-1;;
30/11/2021  14:47:39,407883;9,412241E-1;4,400978E-3;7,787223E-3;9,499929E-1;;
30/11/2021  14:47:39,407983;9,404224E-1;6,631038E-3;9,050951E-3;9,499794E-1;;
30/11/2021  14:47:39,408083;9,397637E-1;1,045400E-2;1,031468E-2;9,499466E-1;;
30/11/2021  14:47:39,408183;9,392452E-1;1,268406E-2;1,568552E-2;9,498947E-1;;
30/11/2021  14:47:39,408283;9,382736E-1;1,172832E-2;1,473773E-2;9,498240E-1;;
30/11/2021  14:47:39,408383;9,387504E-1;1,268406E-2;1,442179E-2;9,497346E-1;;
30/11/2021  14:47:39,408483;9,378683E-1;1,586986E-2;1,758111E-2;9,496267E-1;;
30/11/2021  14:47:39,408583;9,378891E-1;1,618844E-2;1,852891E-2;9,495007E-1;;
30/11/2021  14:47:39,408683;9,373467E-1;1,302401E-1;1,310007E-1;9,493570E-1;;
30/11/2021  14:47:39,408783;9,369205E-1;8,404598E-2;8,834988E-2;9,491959E-1;;
30/11/2021  14:47:39,408883;9,368341E-1;6,779840E-2;6,718244E-2;9,490179E-1;;
30/11/2021  14:47:39,408983;9,357165E-1;1,841850E-2;2,042450E-2;9,488234E-1;;
30/11/2021  14:47:39,409083;9,356450E-1;1,353374E-1;1,543797E-1;9,486128E-1;;
30/11/2021  14:47:39,409183;9,352456E-1;2,956880E-2;7,508074E-2;9,483867E-1;;
30/11/2021  14:47:39,409283;9,352486E-1;9,997498E-2;9,372073E-2;9,481454E-1;;
30/11/2021  14:47:39,409383;9,348939E-1;9,870066E-2;9,940750E-2;9,478895E-1;;
30/11/2021  14:47:39,409483;9,344946E-1;4,804644E-2;7,413294E-2;9,476197E-1;;
30/11/2021  14:47:39,409583;9,335290E-1;1,292843E-1;1,556434E-1;9,473364E-1;;
30/11/2021  14:47:39,409683;9,332041E-1;1,025236E-1;1,114129E-1;9,470403E-1;;
30/11/2021  14:47:39,409783;9,335439E-1;1,563636E-1;2,080881E-1;9,467319E-1;;
30/11/2021  14:47:39,409883;9,332130E-1;1,241871E-1;1,231024E-1;9,464117E-1;;
30/11/2021  14:47:39,409983;9,331505E-1;1,225942E-1;1,300529E-1;9,460805E-1;;
30/11/2021  14:47:39,410083;9,320895E-1;1,248242E-1;1,237343E-1;9,457389E-1;;
30/11/2021  14:47:39,410183;9,316871E-1;1,229127E-1;1,265777E-1;9,453876E-1;;
30/11/2021  14:47:39,410283;9,307334E-1;1,165411E-1;7,981972E-2;9,450272E-1;;
30/11/2021  14:47:39,410383;9,313325E-1;1,276914E-1;1,259458E-1;9,446581E-1;;
30/11/2021  14:47:39,410483;9,313027E-1;1,171783E-1;1,013031E-1;9,442810E-1;;
30/11/2021  14:47:39,410583;9,316394E-1;1,041165E-1;1,060421E-1;9,438964E-1;;
30/11/2021  14:47:39,410683;9,310344E-1;9,551486E-2;7,381701E-2;9,435053E-1;;
30/11/2021  14:47:39,410783;9,312282E-1;1,203641E-1;1,095173E-1;9,431084E-1;;
30/11/2021  14:47:39,410883;9,309719E-1;1,235499E-1;1,325804E-1;9,427064E-1;;
30/11/2021  14:47:39,410983;9,305993E-1;1,299215E-1;1,546956E-1;9,423002E-1;;
30/11/2021  14:47:39,411083;9,304741E-1;1,194084E-1;1,328963E-1;9,418906E-1;;
30/11/2021  14:47:39,411183;9,307275E-1;1,076209E-1;1,234183E-1;9,414783E-1;;
30/11/2021  14:47:39,411283;9,311209E-1;9,487770E-2;1,471132E-1;9,410642E-1;;
30/11/2021  14:47:39,411383;9,307156E-1;1,888588E-1;2,077722E-1;9,406491E-1;;
30/11/2021  14:47:39,411483;9,311954E-1;1,267357E-1;1,262617E-1;9,402338E-1;;
30/11/2021  14:47:39,411583;9,303490E-1;1,251428E-1;1,278414E-1;9,398193E-1;;
30/11/2021  14:47:39,411683;9,306738E-1;1,292843E-1;1,272095E-1;9,394064E-1;;
30/11/2021  14:47:39,411783;9,311268E-1;1,264171E-1;1,272095E-1;9,389959E-1;;
30/11/2021  14:47:39,411883;9,319434E-1;1,276914E-1;1,212068E-1;9,385885E-1;;
30/11/2021  14:47:39,411983;9,314070E-1;1,359745E-1;1,310007E-1;9,381854E-1;;
30/11/2021  14:47:39,412083;9,314040E-1;1,053908E-1;1,161519E-1;9,377872E-1;;
30/11/2021  14:47:39,412183;9,307364E-1;1,168597E-1;9,972343E-2;9,373950E-1;;
30/11/2021  14:47:39,412283;9,311358E-1;2,060621E-1;1,540637E-1;9,370093E-1;;
30/11/2021  14:47:39,412383;9,312967E-1;7,894870E-2;9,372073E-2;9,366308E-1;;
30/11/2021  14:47:39,412483;9,318987E-1;7,002846E-2;1,310007E-1;9,362603E-1;;
30/11/2021  14:47:39,412583;9,320984E-1;1,404346E-1;1,812339E-1;9,358982E-1;;
30/11/2021  14:47:39,412683;9,320030E-1;1,324701E-1;1,278414E-1;9,355455E-1;;
30/11/2021  14:47:39,412783;9,315262E-1;1,101695E-1;1,183634E-1;9,352027E-1;;
30/11/2021  14:47:39,412883;9,313623E-1;1,187712E-1;1,205749E-1;9,348703E-1;;
30/11/2021  14:47:39,412983;9,318034E-1;1,203641E-1;1,344760E-1;9,345488E-1;;
30/11/2021  14:47:39,413083;9,321968E-1;1,238685E-1;1,297370E-1;9,342386E-1;;
30/11/2021  14:47:39,413183;9,324859E-1;1,178155E-1;1,107811E-1;9,339400E-1;;
30/11/2021  14:47:39,413283;9,327541E-1;1,181340E-1;1,338441E-1;9,336535E-1;;
30/11/2021  14:47:39,413383;9,333293E-1;1,222756E-1;1,123607E-1;9,333796E-1;;
30/11/2021  14:47:39,413483;9,336511E-1;1,276914E-1;1,253139E-1;9,331186E-1;;
30/11/2021  14:47:39,413583;9,332697E-1;1,057094E-1;9,940750E-2;9,328710E-1;;
30/11/2021  14:47:39,413683;9,337435E-1;1,178155E-1;1,041465E-1;9,326372E-1;;
30/11/2021  14:47:39,413783;9,343128E-1;1,194084E-1;1,076217E-1;9,324174E-1;;
30/11/2021  14:47:39,413883;9,345393E-1;1,280100E-1;1,518522E-1;9,322121E-1;;
30/11/2021  14:47:39,413983;9,354453E-1;5,951532E-2;9,593225E-2;9,320215E-1;;
30/11/2021  14:47:39,414083;9,358387E-1;1,417090E-1;1,802861E-1;9,318459E-1;;
30/11/2021  14:47:39,414183;9,357433E-1;1,280100E-1;1,354238E-1;9,316858E-1;;
30/11/2021  14:47:39,414283;9,366881E-1;1,085766E-1;1,088855E-1;9,315414E-1;;
30/11/2021  14:47:39,414383;9,372096E-1;1,018865E-1;1,085695E-1;9,314130E-1;;
30/11/2021  14:47:39,414483;9,380620E-1;1,152668E-1;1,167838E-1;9,313011E-1;;
30/11/2021  14:47:39,414583;9,385508E-1;1,088952E-1;8,771802E-2;9,312059E-1;;
30/11/2021  14:47:39,414683;9,392571E-1;1,171783E-1;1,158360E-1;9,311278E-1;;
30/11/2021  14:47:39,414783;9,395015E-1;1,149482E-1;1,129926E-1;9,310671E-1;;
30/11/2021  14:47:39,414883;9,396117E-1;1,213198E-1;1,120448E-1;9,310242E-1;;
30/11/2021  14:47:39,414983;9,400051E-1;1,108067E-1;9,277293E-2;9,309993E-1;;
30/11/2021  14:47:39,415083;9,407413E-1;3,275460E-2;4,253974E-2;9,309925E-1;;
30/11/2021  14:47:39,415183;9,414536E-1;1,088952E-1;1,028828E-1;9,310039E-1;;
30/11/2021  14:47:39,415283;9,420943E-1;1,066652E-1;1,057261E-1;9,310337E-1;;
30/11/2021  14:47:39,415383;9,422940E-1;4,995792E-2;2,389975E-2;9,310819E-1;;
30/11/2021  14:47:39,415483;9,422970E-1;8,372740E-2;7,508074E-2;9,311485E-1;;
30/11/2021  14:47:39,415583;9,430749E-1;1,130368E-1;1,152041E-1;9,312336E-1;;
30/11/2021  14:47:39,415683;9,430480E-1;1,324701E-1;1,310007E-1;9,313370E-1;;
30/11/2021  14:47:39,415783;9,440256E-1;1,318330E-1;1,268936E-1;9,314585E-1;;
30/11/2021  14:47:39,415883;9,444875E-1;1,270543E-1;1,253139E-1;9,315979E-1;;
30/11/2021  14:47:39,415983;9,449554E-1;1,159040E-1;1,164678E-1;9,317551E-1;;
30/11/2021  14:47:39,416083;9,453190E-1;1,251428E-1;1,366875E-1;9,319298E-1;;
30/11/2021  14:47:39,416183;9,459598E-1;1,159040E-1;1,215227E-1;9,321217E-1;;
30/11/2021  14:47:39,416283;9,457810E-1;1,079395E-1;1,142563E-1;9,323305E-1;;
30/11/2021  14:47:39,416383;9,458614E-1;1,079395E-1;1,117289E-1;9,325560E-1;;
30/11/2021  14:47:39,416483;9,464307E-1;1,127182E-1;1,129926E-1;9,327974E-1;;
30/11/2021  14:47:39,416583;9,472324E-1;6,078964E-2;6,844617E-2;9,330545E-1;;
30/11/2021  14:47:39,416683;9,473605E-1;1,050723E-1;1,164678E-1;9,333265E-1;;
30/11/2021  14:47:39,416783;9,476884E-1;1,037979E-1;1,310007E-1;9,336131E-1;;
30/11/2021  14:47:39,416883;9,475572E-1;9,328480E-2;1,092014E-1;9,339136E-1;;
30/11/2021  14:47:39,416983;9,474082E-1;-6,632378E-2;1,152651E-3;9,342274E-1;;
30/11/2021  14:47:39,417083;9,476943E-1;9,710776E-2;1,104651E-1;9,345537E-1;;
30/11/2021  14:47:39,417183;9,479834E-1;-6,963020E-4;1,631739E-2;9,348918E-1;;
30/11/2021  14:47:39,417283;9,484692E-1;8,914326E-2;1,000394E-1;9,352407E-1;;
30/11/2021  14:47:39,417383;9,481145E-1;5,218798E-2;1,069899E-1;9,355996E-1;;
30/11/2021  14:47:39,417483;9,476198E-1;1,037979E-1;1,152041E-1;9,359678E-1;;
30/11/2021  14:47:39,417583;9,479924E-1;1,127182E-1;1,256299E-1;9,363441E-1;;
30/11/2021  14:47:39,417683;9,474946E-1;1,353374E-1;1,704922E-1;9,367276E-1;;
30/11/2021  14:47:39,417783;9,477927E-1;6,493118E-2;9,877564E-2;9,371172E-1;;
30/11/2021  14:47:39,417883;9,479774E-1;1,238685E-1;9,972343E-2;9,375117E-1;;
30/11/2021  14:47:39,417983;9,479149E-1;1,710183E-1;1,553275E-1;9,379102E-1;;
30/11/2021  14:47:39,418083;9,474917E-1;1,675139E-1;1,328963E-1;9,383116E-1;;
30/11/2021  14:47:39,418183;9,469790E-1;1,859916E-1;1,723878E-1;9,387147E-1;;
30/11/2021  14:47:39,418283;9,464515E-1;1,480806E-1;1,600664E-1;9,391185E-1;;
30/11/2021  14:47:39,418383;9,460283E-1;1,843987E-1;1,689125E-1;9,395216E-1;;
30/11/2021  14:47:39,418483;9,462042E-1;1,006121E-1;1,038306E-1;9,399228E-1;;
30/11/2021  14:47:39,418583;9,464068E-1;1,436204E-1;1,411105E-1;9,403208E-1;;
30/11/2021  14:47:39,418683;9,457214E-1;1,174969E-1;1,177316E-1;9,407145E-1;;
30/11/2021  14:47:39,418783;9,454114E-1;-1,312092E-2;8,929768E-2;9,411028E-1;;
30/11/2021  14:47:39,418883;9,445143E-1;1,665582E-1;2,024013E-1;9,414845E-1;;
30/11/2021  14:47:39,418983;9,441716E-1;-9,754462E-2;5,207870E-4;9,418583E-1;;
30/11/2021  14:47:39,419083;9,444100E-1;1,289658E-1;1,284732E-1;9,422231E-1;;
30/11/2021  14:47:39,419183;9,443087E-1;1,305587E-1;1,335282E-1;9,425778E-1;;
30/11/2021  14:47:39,419283;9,439153E-1;1,127182E-1;1,019350E-1;9,429215E-1;;
30/11/2021  14:47:39,419383;9,435219E-1;1,321516E-1;1,303688E-1;9,432530E-1;;
30/11/2021  14:47:39,419483;9,428931E-1;7,162136E-2;4,822652E-2;9,435716E-1;;
30/11/2021  14:47:39,419583;9,428454E-1;1,204690E-2;3,558924E-2;9,438765E-1;;
30/11/2021  14:47:39,419683;9,424401E-1;1,359745E-1;1,183634E-1;9,441666E-1;;
30/11/2021  14:47:39,419783;9,427440E-1;8,213450E-2;1,035146E-1;9,444414E-1;;
30/11/2021  14:47:39,419883;9,419155E-1;9,519628E-2;1,243661E-1;9,447002E-1;;
30/11/2021  14:47:39,419983;9,416801E-1;1,401161E-1;1,486929E-1;9,449425E-1;;
30/11/2021  14:47:39,420083;9,413314E-1;1,595494E-1;1,550115E-1;9,451676E-1;;
30/11/2021  14:47:39,420183;9,411883E-1;1,468062E-1;1,619620E-1;9,453751E-1;;
30/11/2021  14:47:39,420283;9,404194E-1;7,130278E-2;1,174156E-1;9,455647E-1;;
30/11/2021  14:47:39,420383;9,407234E-1;1,302401E-1;1,344760E-1;9,457359E-1;;
30/11/2021  14:47:39,420483;9,401244E-1;1,296029E-1;1,373193E-1;9,458884E-1;;
30/11/2021  14:47:39,420583;9,398621E-1;1,292843E-1;1,284732E-1;9,460222E-1;;
30/11/2021  14:47:39,420683;9,397488E-1;1,327887E-1;1,347919E-1;9,461369E-1;;
30/11/2021  14:47:39,420783;9,389799E-1;1,334259E-1;1,262617E-1;9,462326E-1;;
30/11/2021  14:47:39,420883;9,390723E-1;1,219570E-1;1,170997E-1;9,463092E-1;;
30/11/2021  14:47:39,420983;9,381544E-1;1,289658E-1;1,183634E-1;9,463666E-1;;
30/11/2021  14:47:39,421083;9,379279E-1;1,012493E-1;1,092014E-1;9,464050E-1;;
30/11/2021  14:47:39,421183;9,381752E-1;1,276914E-1;1,205749E-1;9,464244E-1;;
30/11/2021  14:47:39,421283;9,375196E-1;1,041165E-1;1,275255E-1;9,464248E-1;;
30/11/2021  14:47:39,421383;9,375583E-1;3,785188E-2;1,038306E-1;9,464066E-1;;
30/11/2021  14:47:39,421483;9,367060E-1;1,241871E-1;1,221546E-1;9,463700E-1;;
30/11/2021  14:47:39,421583;9,363364E-1;1,044351E-1;1,234183E-1;9,463152E-1;;
30/11/2021  14:47:39,421683;9,359937E-1;1,184526E-1;1,164678E-1;9,462426E-1;;
30/11/2021  14:47:39,421783;9,354125E-1;1,324701E-1;1,272095E-1;9,461524E-1;;
30/11/2021  14:47:39,421883;9,358655E-1;1,206827E-1;1,291051E-1;9,460449E-1;;
30/11/2021  14:47:39,421983;9,360115E-1;1,305587E-1;1,275255E-1;9,459207E-1;;
30/11/2021  14:47:39,422083;9,358804E-1;1,350188E-1;1,461654E-1;9,457801E-1;;
30/11/2021  14:47:39,422183;9,352814E-1;1,273729E-1;1,196272E-1;9,456239E-1;;
30/11/2021  14:47:39,422283;9,344677E-1;1,331073E-1;1,237343E-1;9,454526E-1;;
30/11/2021  14:47:39,422383;9,342889E-1;1,305587E-1;1,136244E-1;9,452670E-1;;
30/11/2021  14:47:39,422483;9,344260E-1;1,770713E-1;1,597505E-1;9,450674E-1;;
30/11/2021  14:47:39,422583;9,345899E-1;8,786894E-2;8,929768E-2;9,448545E-1;;
30/11/2021  14:47:39,422683;9,339283E-1;1,069837E-1;1,110970E-1;9,446290E-1;;
30/11/2021  14:47:39,422783;9,332935E-1;6,684266E-2;6,813023E-2;9,443916E-1;;
30/11/2021  14:47:39,422883;9,329448E-1;1,143111E-1;9,972343E-2;9,441430E-1;;
30/11/2021  14:47:39,422983;9,323786E-1;1,334259E-1;1,449017E-1;9,438836E-1;;
30/11/2021  14:47:39,423083;9,317914E-1;1,375674E-1;1,351078E-1;9,436141E-1;;
30/11/2021  14:47:39,423183;9,322295E-1;1,347002E-1;1,256299E-1;9,433350E-1;;
30/11/2021  14:47:39,423283;9,321610E-1;1,391603E-1;1,373193E-1;9,430467E-1;;
30/11/2021  14:47:39,423383;9,319494E-1;1,229127E-1;1,158360E-1;9,427500E-1;;
30/11/2021  14:47:39,423483;9,310255E-1;1,496735E-1;1,622780E-1;9,424455E-1;;
30/11/2021  14:47:39,423583;9,303043E-1;1,375674E-1;1,347919E-1;9,421337E-1;;
30/11/2021  14:47:39,423683;9,302923E-1;1,429833E-1;1,388990E-1;9,418152E-1;;
30/11/2021  14:47:39,423783;9,300539E-1;1,382046E-1;1,366875E-1;9,414903E-1;;
30/11/2021  14:47:39,423883;9,302059E-1;1,394789E-1;1,385831E-1;9,411597E-1;;
30/11/2021  14:47:39,423983;9,296337E-1;1,429833E-1;1,347919E-1;9,408237E-1;;
30/11/2021  14:47:39,424083;9,298215E-1;1,270543E-1;1,278414E-1;9,404830E-1;;
30/11/2021  14:47:39,424183;9,288767E-1;1,321516E-1;1,338441E-1;9,401380E-1;;
30/11/2021  14:47:39,424283;9,293655E-1;1,260985E-1;1,107811E-1;9,397894E-1;;
30/11/2021  14:47:39,424383;9,290257E-1;8,965980E-4;3,680107E-3;9,394375E-1;;
30/11/2021  14:47:39,424483;9,290615E-1;7,905358E-3;1,063061E-2;9,390830E-1;;
30/11/2021  14:47:39,424583;9,292224E-1;7,586778E-3;8,735019E-3;9,387264E-1;;
30/11/2021  14:47:39,424683;9,294161E-1;8,542518E-3;1,031468E-2;9,383683E-1;;
30/11/2021  14:47:39,424783;9,302894E-1;5,993878E-3;7,155359E-3;9,380095E-1;;
30/11/2021  14:47:39,424883;9,301046E-1;6,312458E-3;8,735019E-3;9,376507E-1;;
30/11/2021  14:47:39,424983;9,300003E-1;3,445238E-3;5,575699E-3;9,372928E-1;;
30/11/2021  14:47:39,425083;9,304980E-1;2,489498E-3;4,627903E-3;9,369366E-1;;
30/11/2021  14:47:39,425183;9,313742E-1;6,312458E-3;7,787223E-3;9,365830E-1;;
30/11/2021  14:47:39,425283;9,321282E-1;1,533758E-3;4,311971E-3;9,362330E-1;;
30/11/2021  14:47:39,425383;9,322593E-1;9,179678E-3;1,094654E-2;9,358876E-1;;
30/11/2021  14:47:39,425483;9,325484E-1;5,780180E-4;3,364175E-3;9,355479E-1;;
30/11/2021  14:47:39,425583;9,325067E-1;1,215178E-3;3,680107E-3;9,352151E-1;;
30/11/2021  14:47:39,425683;9,323130E-1;8,965980E-4;3,680107E-3;9,348900E-1;;
30/11/2021  14:47:39,425783;9,331266E-1;1,852338E-3;3,996039E-3;9,345736E-1;;
30/11/2021  14:47:39,425883;9,336899E-1;1,215178E-3;3,680107E-3;9,342667E-1;;
30/11/2021  14:47:39,425983;9,342442E-1;3,126658E-3;5,259767E-3;9,339703E-1;;
30/11/2021  14:47:39,426083;9,350787E-1;6,312458E-3;7,155359E-3;9,336854E-1;;
30/11/2021  14:47:39,426183;9,355496E-1;1,215178E-3;3,680107E-3;9,334127E-1;;
30/11/2021  14:47:39,426283;9,349088E-1;1,215178E-3;3,364175E-3;9,331534E-1;;
30/11/2021  14:47:39,426383;9,355913E-1;8,965980E-4;3,048243E-3;9,329082E-1;;
30/11/2021  14:47:39,426483;9,361486E-1;5,780180E-4;3,048243E-3;9,326778E-1;;
30/11/2021  14:47:39,426583;9,370666E-1;8,965980E-4;3,680107E-3;9,324629E-1;;
30/11/2021  14:47:39,426683;9,372573E-1;8,965980E-4;3,364175E-3;9,322641E-1;;
30/11/2021  14:47:39,426783;9,374480E-1;1,215178E-3;3,048243E-3;9,320822E-1;;
30/11/2021  14:47:39,426883;9,376120E-1;8,965980E-4;3,364175E-3;9,319178E-1;;
30/11/2021  14:47:39,426983;9,381067E-1;8,965980E-4;3,364175E-3;9,317712E-1;;
30/11/2021  14:47:39,427083;9,376418E-1;1,215178E-3;3,680107E-3;9,316429E-1;;
30/11/2021  14:47:39,427183;9,387743E-1;5,780180E-4;3,680107E-3;9,315330E-1;;
30/11/2021  14:47:39,427283;9,391468E-1;8,965980E-4;3,364175E-3;9,314419E-1;;
30/11/2021  14:47:39,427383;9,400320E-1;1,215178E-3;2,416379E-3;9,313696E-1;;
30/11/2021  14:47:39,427483;9,405774E-1;1,215178E-3;3,048243E-3;9,313165E-1;;
30/11/2021  14:47:39,427583;9,406072E-1;5,780180E-4;3,364175E-3;9,312826E-1;;
30/11/2021  14:47:39,427683;9,407919E-1;2,489498E-3;4,311971E-3;9,312682E-1;;
30/11/2021  14:47:39,427783;9,409886E-1;1,215178E-3;4,311971E-3;9,312733E-1;;
30/11/2021  14:47:39,427883;9,421361E-1;5,780180E-4;3,364175E-3;9,312978E-1;;
30/11/2021  14:47:39,427983;9,430063E-1;5,675298E-3;8,419087E-3;9,313415E-1;;
30/11/2021  14:47:39,428083;9,434534E-1;7,905358E-3;1,031468E-2;9,314047E-1;;
30/11/2021  14:47:39,428183;9,432060E-1;1,586986E-2;1,694925E-2;9,314871E-1;;
30/11/2021  14:47:39,428283;9,440166E-1;1,204690E-2;1,315807E-2;9,315887E-1;;
30/11/2021  14:47:39,428383;9,437067E-1;1,268406E-2;1,284213E-2;9,317093E-1;;
30/11/2021  14:47:39,428483;9,441746E-1;1,268406E-2;1,315807E-2;9,318487E-1;;
30/11/2021  14:47:39,428583;9,446157E-1;1,809992E-2;1,916077E-2;9,320063E-1;;
30/11/2021  14:47:39,428683;9,453548E-1;1,618844E-2;1,884484E-2;9,321818E-1;;
30/11/2021  14:47:39,428783;9,457392E-1;1,073023E-1;7,918786E-2;9,323748E-1;;
30/11/2021  14:47:39,428883;9,463264E-1;1,650702E-2;1,979264E-2;9,325848E-1;;
30/11/2021  14:47:39,428983;9,457989E-1;1,586986E-2;2,168823E-2;9,328115E-1;;
30/11/2021  14:47:39,429083;9,458734E-1;9,296622E-2;8,866581E-2;9,330543E-1;;
30/11/2021  14:47:39,429183;9,468390E-1;1,873708E-2;1,947671E-2;9,333125E-1;;
30/11/2021  14:47:39,429283;9,471608E-1;4,486064E-2;5,043804E-2;9,335855E-1;;
30/11/2021  14:47:39,429383;9,485407E-1;1,082581E-1;1,129926E-1;9,338727E-1;;
30/11/2021  14:47:39,429483;9,482457E-1;8,277166E-2;8,961361E-2;9,341735E-1;;
30/11/2021  14:47:39,429583;9,479029E-1;1,082581E-1;1,088855E-1;9,344874E-1;;
30/11/2021  14:47:39,429683;9,481592E-1;1,264171E-1;1,341600E-1;9,348138E-1;;
30/11/2021  14:47:39,429783;9,477957E-1;2,296370E-1;2,061925E-1;9,351518E-1;;
30/11/2021  14:47:39,429883;9,493067E-1;1,044351E-1;1,076217E-1;9,355007E-1;;
30/11/2021  14:47:39,429983;9,492620E-1;1,044351E-1;1,069899E-1;9,358597E-1;;
30/11/2021  14:47:39,430083;9,499027E-1;1,159040E-1;1,262617E-1;9,362281E-1;;
30/11/2021  14:47:39,430183;9,500100E-1;1,171783E-1;9,530039E-2;9,366051E-1;;
30/11/2021  14:47:39,430283;9,502008E-1;1,305587E-1;1,496407E-1;9,369902E-1;;
30/11/2021  14:47:39,430383;9,500458E-1;8,882468E-2;8,866581E-2;9,373825E-1;;
30/11/2021  14:47:39,430483;9,500935E-1;1,203641E-1;1,272095E-1;9,377814E-1;;
30/11/2021  14:47:39,430583;9,501829E-1;1,114439E-1;1,066739E-1;9,381860E-1;;
30/11/2021  14:47:39,430683;9,507372E-1;1,273729E-1;1,224705E-1;9,385956E-1;;
30/11/2021  14:47:39,430783;9,513661E-1;1,496735E-1;1,347919E-1;9,390092E-1;;
30/11/2021  14:47:39,430883;9,516045E-1;1,455319E-1;1,780746E-1;9,394262E-1;;
30/11/2021  14:47:39,430983;9,513184E-1;1,391603E-1;1,411105E-1;9,398460E-1;;
30/11/2021  14:47:39,431083;9,505375E-1;1,318330E-1;1,717559E-1;9,402678E-1;;
30/11/2021  14:47:39,431183;9,505614E-1;1,235499E-1;1,265777E-1;9,406909E-1;;
30/11/2021  14:47:39,431283;9,510948E-1;1,206827E-1;1,227865E-1;9,411142E-1;;
30/11/2021  14:47:39,431383;9,507879E-1;1,104881E-1;9,845971E-2;9,415369E-1;;
30/11/2021  14:47:39,431483;9,512886E-1;1,366117E-1;1,294210E-1;9,419583E-1;;
30/11/2021  14:47:39,431583;9,511664E-1;1,066652E-1;1,249980E-1;9,423775E-1;;
30/11/2021  14:47:39,431683;9,510948E-1;1,289658E-1;1,310007E-1;9,427938E-1;;
30/11/2021  14:47:39,431783;9,501590E-1;1,633724E-1;2,188298E-1;9,432063E-1;;
30/11/2021  14:47:39,431883;9,512230E-1;1,413904E-1;1,534319E-1;9,436143E-1;;
30/11/2021  14:47:39,431983;9,509130E-1;1,799386E-1;1,619620E-1;9,440171E-1;;
30/11/2021  14:47:39,432083;9,514137E-1;1,391603E-1;1,505885E-1;9,444138E-1;;
30/11/2021  14:47:39,432183;9,509905E-1;1,123996E-1;1,370034E-1;9,448039E-1;;
30/11/2021  14:47:39,432283;9,502693E-1;1,273729E-1;1,338441E-1;9,451868E-1;;
30/11/2021  14:47:39,432383;9,496881E-1;1,095324E-1;1,123607E-1;9,455618E-1;;
30/11/2021  14:47:39,432483;9,494944E-1;1,296029E-1;1,373193E-1;9,459282E-1;;
30/11/2021  14:47:39,432583;9,495391E-1;1,280100E-1;1,249980E-1;9,462851E-1;;
30/11/2021  14:47:39,432683;9,492858E-1;1,057094E-1;1,038306E-1;9,466318E-1;;
30/11/2021  14:47:39,432783;9,491815E-1;1,155854E-1;1,208909E-1;9,469677E-1;;
30/11/2021  14:47:39,432883;9,495838E-1;1,289658E-1;1,193112E-1;9,472921E-1;;
30/11/2021  14:47:39,432983;9,491815E-1;1,162226E-1;9,435259E-2;9,476044E-1;;
30/11/2021  14:47:39,433083;9,477897E-1;9,774492E-2;9,498445E-2;9,479042E-1;;
30/11/2021  14:47:39,433183;9,473635E-1;1,053908E-1;1,079377E-1;9,481910E-1;;
30/11/2021  14:47:39,433283;9,476526E-1;1,241871E-1;1,212068E-1;9,484640E-1;;
30/11/2021  14:47:39,433383;9,481592E-1;1,270543E-1;1,524841E-1;9,487227E-1;;
30/11/2021  14:47:39,433483;9,472622E-1;4,868360E-2;8,834988E-2;9,489666E-1;;
30/11/2021  14:47:39,433583;9,474678E-1;9,041758E-2;9,277293E-2;9,491955E-1;;
30/11/2021  14:47:39,433683;9,472622E-1;-5,914200E-5;7,286922E-2;9,494091E-1;;
30/11/2021  14:47:39,433783;9,464694E-1;1,557265E-1;1,467973E-1;9,496070E-1;;
30/11/2021  14:47:39,433883;9,458942E-1;1,159040E-1;1,202590E-1;9,497890E-1;;
30/11/2021  14:47:39,433983;9,460760E-1;1,143111E-1;1,193112E-1;9,499549E-1;;
30/11/2021  14:47:39,434083;9,460492E-1;1,213198E-1;1,193112E-1;9,501044E-1;;
30/11/2021  14:47:39,434183;9,456528E-1;1,356559E-1;1,430061E-1;9,502375E-1;;
30/11/2021  14:47:39,434283;9,448064E-1;1,044351E-1;1,003553E-1;9,503540E-1;;
30/11/2021  14:47:39,434383;9,445441E-1;1,123996E-1;1,095173E-1;9,504539E-1;;
30/11/2021  14:47:39,434483;9,436232E-1;7,926728E-2;4,064415E-2;9,505370E-1;;
30/11/2021  14:47:39,434583;9,436501E-1;-5,475002E-3;1,315807E-2;9,506033E-1;;
30/11/2021  14:47:39,434683;9,434712E-1;3,084312E-2;1,947671E-2;9,506526E-1;;
30/11/2021  14:47:39,434783;9,433073E-1;3,880762E-2;5,138584E-2;9,506849E-1;;
30/11/2021  14:47:39,434883;9,429497E-1;1,714418E-2;1,631739E-2;9,507003E-1;;
30/11/2021  14:47:39,434983;9,431523E-1;9,487770E-2;7,381701E-2;9,506989E-1;;
30/11/2021  14:47:39,435083;9,412688E-1;1,270543E-1;1,300529E-1;9,506809E-1;;
30/11/2021  14:47:39,435183;9,405207E-1;1,232313E-1;1,193112E-1;9,506463E-1;;
30/11/2021  14:47:39,435283;9,406370E-1;4,740928E-2;5,328143E-2;9,505952E-1;;
30/11/2021  14:47:39,435383;9,410959E-1;1,203641E-1;1,212068E-1;9,505276E-1;;
30/11/2021  14:47:39,435483;9,405237E-1;5,664810E-2;5,865227E-2;9,504437E-1;;
30/11/2021  14:47:39,435583;9,398055E-1;1,108067E-1;1,082536E-1;9,503436E-1;;
30/11/2021  14:47:39,435683;9,392303E-1;1,210013E-1;1,202590E-1;9,502278E-1;;
30/11/2021  14:47:39,435783;9,382796E-1;1,232313E-1;1,231024E-1;9,500963E-1;;
30/11/2021  14:47:39,435883;9,381276E-1;1,222756E-1;1,234183E-1;9,499494E-1;;
30/11/2021  14:47:39,435983;9,383958E-1;1,340630E-1;1,287892E-1;9,497872E-1;;
30/11/2021  14:47:39,436083;9,380322E-1;1,069837E-1;1,092014E-1;9,496101E-1;;
30/11/2021  14:47:39,436183;9,381186E-1;1,318330E-1;1,212068E-1;9,494184E-1;;
30/11/2021  14:47:39,436283;9,375404E-1;1,311958E-1;1,237343E-1;9,492127E-1;;
30/11/2021  14:47:39,436383;9,366195E-1;1,002936E-1;6,939396E-2;9,489933E-1;;
30/11/2021  14:47:39,436483;9,361248E-1;1,292843E-1;1,449017E-1;9,487608E-1;;
30/11/2021  14:47:39,436583;9,354781E-1;1,292843E-1;1,480610E-1;9,485154E-1;;
30/11/2021  14:47:39,436683;9,351532E-1;3,562182E-2;2,295196E-2;9,482576E-1;;
30/11/2021  14:47:39,436783;9,351294E-1;1,123996E-1;1,208909E-1;9,479877E-1;;
30/11/2021  14:47:39,436883;9,347777E-1;9,806350E-2;1,322644E-1;9,477061E-1;;
30/11/2021  14:47:39,436983;9,338270E-1;1,057094E-1;1,120448E-1;9,474132E-1;;
30/11/2021  14:47:39,437083;9,336064E-1;1,063466E-1;1,174156E-1;9,471095E-1;;
30/11/2021  14:47:39,437183;9,330134E-1;1,213198E-1;1,518522E-1;9,467954E-1;;
30/11/2021  14:47:39,437283;9,326587E-1;-4,020022E-2;5,391329E-2;9,464711E-1;;
30/11/2021  14:47:39,437383;9,322862E-1;1,031608E-1;9,403666E-2;9,461372E-1;;
30/11/2021  14:47:39,437483;9,321968E-1;1,187712E-1;1,486929E-1;9,457940E-1;;
30/11/2021  14:47:39,437583;9,311954E-1;8,882468E-2;9,372073E-2;9,454419E-1;;
30/11/2021  14:47:39,437683;9,308199E-1;9,583344E-2;1,044624E-1;9,450813E-1;;
30/11/2021  14:47:39,437783;9,307036E-1;8,659462E-2;8,677022E-2;9,447127E-1;;
30/11/2021  14:47:39,437883;9,297499E-1;2,861306E-2;5,264957E-2;9,443364E-1;;
30/11/2021  14:47:39,437983;9,295324E-1;9,105474E-2;9,119327E-2;9,439527E-1;;
30/11/2021  14:47:39,438083;9,296158E-1;1,382046E-1;1,742834E-1;9,435621E-1;;
30/11/2021  14:47:39,438183;9,295890E-1;7,385142E-2;7,697633E-2;9,431649E-1;;
30/11/2021  14:47:39,438283;9,296784E-1;1,980976E-1;2,551620E-1;9,427616E-1;;
30/11/2021  14:47:39,438383;9,288022E-1;1,729298E-1;1,720719E-1;9,423529E-1;;
30/11/2021  14:47:39,438483;9,284058E-1;1,471248E-1;1,401627E-1;9,419393E-1;;
30/11/2021  14:47:39,438583;9,288976E-1;1,598680E-1;1,449017E-1;9,415213E-1;;
30/11/2021  14:47:39,438683;9,286979E-1;1,700626E-1;1,572231E-1;9,410995E-1;;
30/11/2021  14:47:39,438783;9,285906E-1;1,034794E-1;9,751191E-2;9,406745E-1;;
30/11/2021  14:47:39,438883;9,288678E-1;1,710183E-1;1,581709E-1;9,402471E-1;;
30/11/2021  14:47:39,438983;9,290943E-1;1,611423E-1;1,543797E-1;9,398179E-1;;
30/11/2021  14:47:39,439083;9,290734E-1;1,280100E-1;1,316326E-1;9,393878E-1;;
30/11/2021  14:47:39,439183;9,286234E-1;8,213450E-2;7,697633E-2;9,389575E-1;;
30/11/2021  14:47:39,439283;9,278694E-1;6,397544E-2;1,584868E-1;9,385280E-1;;
30/11/2021  14:47:39,439383;9,289304E-1;1,123996E-1;1,161519E-1;9,380998E-1;;
30/11/2021  14:47:39,439483;9,292075E-1;1,442576E-1;1,167838E-1;9,376737E-1;;
30/11/2021  14:47:39,439583;9,288976E-1;9,137332E-2;1,126766E-1;9,372506E-1;;
30/11/2021  14:47:39,439683;9,294787E-1;1,321516E-1;1,347919E-1;9,368312E-1;;
30/11/2021  14:47:39,439783;9,287545E-1;1,270543E-1;1,287892E-1;9,364165E-1;;
30/11/2021  14:47:39,439883;9,289929E-1;1,350188E-1;1,392149E-1;9,360070E-1;;
30/11/2021  14:47:39,439983;9,298662E-1;1,299215E-1;1,310007E-1;9,356037E-1;;
30/11/2021  14:47:39,440083;9,297887E-1;1,267357E-1;1,322644E-1;9,352073E-1;;
30/11/2021  14:47:39,440183;9,302685E-1;1,251428E-1;1,227865E-1;9,348186E-1;;
30/11/2021  14:47:39,440283;9,308169E-1;1,611423E-1;1,660692E-1;9,344384E-1;;
30/11/2021  14:47:39,440383;9,306589E-1;1,334259E-1;1,300529E-1;9,340675E-1;;
30/11/2021  14:47:39,440483;9,309689E-1;1,382046E-1;1,313166E-1;9,337069E-1;;
30/11/2021  14:47:39,440583;9,310255E-1;1,273729E-1;1,259458E-1;9,333572E-1;;
30/11/2021  14:47:39,440683;9,313861E-1;1,299215E-1;1,291051E-1;9,330191E-1;;
30/11/2021  14:47:39,440783;9,324739E-1;1,229127E-1;1,461654E-1;9,326935E-1;;
30/11/2021  14:47:39,440883;9,324829E-1;1,292843E-1;1,379512E-1;9,323809E-1;;
30/11/2021  14:47:39,440983;9,326110E-1;1,302401E-1;1,499566E-1;9,320821E-1;;
30/11/2021  14:47:39,441083;9,336422E-1;1,353374E-1;1,436380E-1;9,317979E-1;;
30/11/2021  14:47:39,441183;9,336154E-1;1,238685E-1;1,651214E-1;9,315288E-1;;
30/11/2021  14:47:39,441283;9,331713E-1;1,308772E-1;1,319485E-1;9,312756E-1;;
30/11/2021  14:47:39,441383;9,343396E-1;8,277166E-2;1,196272E-1;9,310386E-1;;
30/11/2021  14:47:39,441483;9,346972E-1;1,340630E-1;1,297370E-1;9,308184E-1;;
30/11/2021  14:47:39,441583;9,356658E-1;1,268406E-2;8,234717E-2;9,306155E-1;;
30/11/2021  14:47:39,441683;9,359370E-1;1,302401E-1;1,284732E-1;9,304303E-1;;
30/11/2021  14:47:39,441783;9,354393E-1;1,296029E-1;1,284732E-1;9,302633E-1;;
30/11/2021  14:47:39,441883;9,356211E-1;1,276914E-1;1,249980E-1;9,301149E-1;;
30/11/2021  14:47:39,441983;9,362351E-1;1,458505E-1;1,581709E-1;9,299853E-1;;
30/11/2021  14:47:39,442083;9,366762E-1;1,251428E-1;1,158360E-1;9,298745E-1;;
30/11/2021  14:47:39,442183;9,371530E-1;1,426647E-1;1,388990E-1;9,297827E-1;;
30/11/2021  14:47:39,442283;9,373706E-1;1,082581E-1;8,392683E-2;9,297099E-1;;
30/11/2021  14:47:39,442383;9,377550E-1;1,337445E-1;1,351078E-1;9,296563E-1;;
30/11/2021  14:47:39,442483;9,377014E-1;1,525407E-1;1,695444E-1;9,296217E-1;;
30/11/2021  14:47:39,442583;9,373467E-1;1,321516E-1;1,325804E-1;9,296061E-1;;
30/11/2021  14:47:39,442683;9,383988E-1;1,442576E-1;1,426902E-1;9,296092E-1;;
30/11/2021  14:47:39,442783;9,393823E-1;1,229127E-1;1,347919E-1;9,296307E-1;;
30/11/2021  14:47:39,442883;9,397459E-1;-1,089086E-2;5,170177E-2;9,296704E-1;;
30/11/2021  14:47:39,442983;9,403985E-1;1,706997E-1;2,197776E-1;9,297283E-1;;
30/11/2021  14:47:39,443083;9,405535E-1;1,350188E-1;1,351078E-1;9,298041E-1;;
30/11/2021  14:47:39,443183;9,407264E-1;1,382046E-1;1,360556E-1;9,298976E-1;;
30/11/2021  14:47:39,443283;9,413582E-1;1,452133E-1;1,411105E-1;9,300086E-1;;
30/11/2021  14:47:39,443383;9,419572E-1;1,413904E-1;1,407946E-1;9,301367E-1;;
30/11/2021  14:47:39,443483;9,427470E-1;3,052454E-2;6,528685E-2;9,302818E-1;;
30/11/2021  14:47:39,443583;9,434534E-1;1,245056E-1;1,328963E-1;9,304436E-1;;
30/11/2021  14:47:39,443683;9,439302E-1;1,184526E-1;8,961361E-2;9,306219E-1;;
30/11/2021  14:47:39,443783;9,437603E-1;9,551486E-2;7,571260E-2;9,308163E-1;;
30/11/2021  14:47:39,443883;9,435696E-1;1,273729E-1;1,881844E-1;9,310267E-1;;
30/11/2021  14:47:39,443983;9,442580E-1;1,382046E-1;1,385831E-1;9,312526E-1;;
30/11/2021  14:47:39,444083;9,451193E-1;1,426647E-1;1,559593E-1;9,314935E-1;;
30/11/2021  14:47:39,444183;9,460075E-1;1,646467E-1;1,673329E-1;9,317489E-1;;
30/11/2021  14:47:39,444283;9,469641E-1;1,149482E-1;1,161519E-1;9,320185E-1;;
30/11/2021  14:47:39,444383;9,458287E-1;1,013542E-2;1,442179E-2;9,323019E-1;;
30/11/2021  14:47:39,444483;9,462399E-1;9,498258E-3;1,031468E-2;9,325987E-1;;
30/11/2021  14:47:39,444583;9,457571E-1;5,675298E-3;6,523495E-3;9,329084E-1;;
30/11/2021  14:47:39,444683;9,461177E-1;1,852338E-3;4,311971E-3;9,332301E-1;;
30/11/2021  14:47:39,444783;9,474768E-1;1,533758E-3;3,680107E-3;9,335632E-1;;
30/11/2021  14:47:39,444883;9,475721E-1;6,631038E-3;9,050951E-3;9,339069E-1;;
30/11/2021  14:47:39,444983;9,473724E-1;2,489498E-3;4,943835E-3;9,342606E-1;;
30/11/2021  14:47:39,445083;9,473993E-1;1,533758E-3;4,627903E-3;9,346236E-1;;
30/11/2021  14:47:39,445183;9,466393E-1;1,533758E-3;3,680107E-3;9,349952E-1;;
30/11/2021  14:47:39,445283;9,468896E-1;5,356718E-3;6,523495E-3;9,353743E-1;;
30/11/2021  14:47:39,445383;9,469910E-1;8,965980E-4;4,311971E-3;9,357601E-1;;
30/11/2021  14:47:39,445483;9,473665E-1;6,312458E-3;8,103155E-3;9,361515E-1;;
30/11/2021  14:47:39,445583;9,475006E-1;4,400978E-3;6,523495E-3;9,365476E-1;;
30/11/2021  14:47:39,445683;9,480818E-1;2,489498E-3;4,311971E-3;9,369475E-1;;
30/11/2021  14:47:39,445783;9,473039E-1;3,126658E-3;5,259767E-3;9,373503E-1;;
30/11/2021  14:47:39,445883;9,469492E-1;3,126658E-3;4,943835E-3;9,377552E-1;;
30/11/2021  14:47:39,445983;9,466512E-1;3,126658E-3;4,627903E-3;9,381610E-1;;
30/11/2021  14:47:39,446083;9,466840E-1;5,780180E-4;3,048243E-3;9,385668E-1;;
30/11/2021  14:47:39,446183;9,465827E-1;1,533758E-3;3,996039E-3;9,389715E-1;;
30/11/2021  14:47:39,446283;9,464664E-1;2,808078E-3;4,943835E-3;9,393740E-1;;
30/11/2021  14:47:39,446383;9,465618E-1;2,170918E-3;3,680107E-3;9,397734E-1;;
30/11/2021  14:47:39,446483;9,461088E-1;5,780180E-4;3,680107E-3;9,401687E-1;;
30/11/2021  14:47:39,446583;9,451223E-1;1,215178E-3;4,311971E-3;9,405588E-1;;
30/11/2021  14:47:39,446683;9,448720E-1;5,038138E-3;7,155359E-3;9,409427E-1;;
30/11/2021  14:47:39,446783;9,450746E-1;1,533758E-3;3,680107E-3;9,413194E-1;;
30/11/2021  14:47:39,446883;9,446932E-1;1,215178E-3;3,364175E-3;9,416877E-1;;
30/11/2021  14:47:39,446983;9,448213E-1;8,965980E-4;2,732311E-3;9,420467E-1;;
30/11/2021  14:47:39,447083;9,440166E-1;1,533758E-3;3,680107E-3;9,423956E-1;;
30/11/2021  14:47:39,447183;9,429556E-1;8,965980E-4;3,364175E-3;9,427333E-1;;
30/11/2021  14:47:39,447283;9,427500E-1;1,215178E-3;3,364175E-3;9,430590E-1;;
30/11/2021  14:47:39,447383;9,424222E-1;1,215178E-3;3,680107E-3;9,433716E-1;;
30/11/2021  14:47:39,447483;9,427053E-1;1,215178E-3;3,680107E-3;9,436703E-1;;
30/11/2021  14:47:39,447583;9,422970E-1;3,126658E-3;6,839427E-3;9,439542E-1;;
30/11/2021  14:47:39,447683;9,420824E-1;9,816838E-3;1,315807E-2;9,442227E-1;;
30/11/2021  14:47:39,447783;9,414506E-1;2,170918E-3;4,943835E-3;9,444751E-1;;
30/11/2021  14:47:39,447883;9,406578E-1;1,077258E-2;1,315807E-2;9,447109E-1;;
30/11/2021  14:47:39,447983;9,406489E-1;1,013542E-2;1,378993E-2;9,449295E-1;;
30/11/2021  14:47:39,448083;9,404313E-1;1,427696E-2;1,789705E-2;9,451303E-1;;
30/11/2021  14:47:39,448183;9,401124E-1;1,013542E-2;1,600145E-2;9,453128E-1;;
30/11/2021  14:47:39,448283;9,395879E-1;1,650702E-2;1,916077E-2;9,454768E-1;;
30/11/2021  14:47:39,448383;9,398114E-1;1,586986E-2;1,821298E-2;9,456218E-1;;
30/11/2021  14:47:39,448483;9,392094E-1;9,816838E-3;8,735019E-3;9,457478E-1;;
30/11/2021  14:47:39,448583;9,381931E-1;1,395838E-2;1,789705E-2;9,458545E-1;;
30/11/2021  14:47:39,448683;9,379964E-1;7,268198E-3;9,366883E-3;9,459418E-1;;
30/11/2021  14:47:39,448783;9,380381E-1;1,523270E-2;1,694925E-2;9,460096E-1;;
30/11/2021  14:47:39,448883;9,383749E-1;2,797590E-2;2,674314E-2;9,460577E-1;;
30/11/2021  14:47:39,448983;9,387266E-1;1,809992E-2;2,042450E-2;9,460864E-1;;
30/11/2021  14:47:39,449083;9,381305E-1;4,740928E-2;5,170177E-2;9,460960E-1;;
30/11/2021  14:47:39,449183;9,375166E-1;9,615202E-2;9,530039E-2;9,460868E-1;;
30/11/2021  14:47:39,449283;9,373080E-1;6,779840E-2;5,960007E-2;9,460592E-1;;
30/11/2021  14:47:39,449383;9,365122E-1;4,772786E-2;6,370719E-2;9,460135E-1;;
30/11/2021  14:47:39,449483;9,370785E-1;1,187712E-1;1,114129E-1;9,459501E-1;;
30/11/2021  14:47:39,449583;9,370308E-1;1,668768E-1;1,866047E-1;9,458695E-1;;
30/11/2021  14:47:39,449683;9,366404E-1;1,136739E-1;9,403666E-2;9,457722E-1;;
30/11/2021  14:47:39,449783;9,364556E-1;1,238685E-1;1,158360E-1;9,456588E-1;;
30/11/2021  14:47:39,449883;9,358208E-1;6,429402E-2;5,391329E-2;9,455299E-1;;
30/11/2021  14:47:39,449983;9,351204E-1;1,375674E-1;1,670170E-1;9,453860E-1;;
30/11/2021  14:47:39,450083;9,345929E-1;1,203641E-1;1,107811E-1;9,452278E-1;;
30/11/2021  14:47:39,450183;9,348969E-1;1,538150E-1;1,603824E-1;9,450555E-1;;
30/11/2021  14:47:39,450283;9,350936E-1;1,095324E-1;1,420583E-1;9,448698E-1;;
30/11/2021  14:47:39,450383;9,346853E-1;1,283286E-1;1,546956E-1;9,446713E-1;;
30/11/2021  14:47:39,450483;9,344320E-1;1,260985E-1;1,278414E-1;9,444606E-1;;
30/11/2021  14:47:39,450583;9,331475E-1;1,267357E-1;1,322644E-1;9,442385E-1;;
30/11/2021  14:47:39,450683;9,331475E-1;1,260985E-1;1,278414E-1;9,440053E-1;;
30/11/2021  14:47:39,450783;9,335856E-1;1,267357E-1;1,268936E-1;9,437618E-1;;
30/11/2021  14:47:39,450883;9,334574E-1;1,031608E-1;1,085695E-1;9,435083E-1;;
30/11/2021  14:47:39,450983;9,333680E-1;1,257800E-1;1,297370E-1;9,432457E-1;;
30/11/2021  14:47:39,451083;9,327630E-1;1,085766E-1;1,183634E-1;9,429746E-1;;
30/11/2021  14:47:39,451183;9,321193E-1;1,229127E-1;1,167838E-1;9,426957E-1;;
30/11/2021  14:47:39,451283;9,313444E-1;1,120810E-1;9,182514E-2;9,424095E-1;;
30/11/2021  14:47:39,451383;9,313712E-1;1,073023E-1;1,016190E-1;9,421165E-1;;
30/11/2021  14:47:39,451483;9,309838E-1;1,311958E-1;1,452176E-1;9,418171E-1;;
30/11/2021  14:47:39,451583;9,318153E-1;1,302401E-1;1,357397E-1;9,415119E-1;;
30/11/2021  14:47:39,451683;9,316484E-1;1,184526E-1;1,180475E-1;9,412014E-1;;
30/11/2021  14:47:39,451783;9,306559E-1;1,216384E-1;1,243661E-1;9,408863E-1;;
30/11/2021  14:47:39,451883;9,306142E-1;1,057094E-1;1,227865E-1;9,405670E-1;;
30/11/2021  14:47:39,451983;9,298989E-1;1,260985E-1;1,310007E-1;9,402442E-1;;
30/11/2021  14:47:39,452083;9,304384E-1;1,245056E-1;1,303688E-1;9,399183E-1;;
30/11/2021  14:47:39,452183;9,306500E-1;1,210013E-1;1,227865E-1;9,395898E-1;;
30/11/2021  14:47:39,452283;9,305457E-1;1,439390E-1;1,436380E-1;9,392592E-1;;
30/11/2021  14:47:39,452383;9,304026E-1;1,945932E-1;1,843932E-1;9,389272E-1;;
30/11/2021  14:47:39,452483;9,303579E-1;1,286472E-1;1,328963E-1;9,385945E-1;;
30/11/2021  14:47:39,452583;9,302923E-1;1,095324E-1;1,082536E-1;9,382616E-1;;
30/11/2021  14:47:39,452683;9,297738E-1;1,123996E-1;1,047783E-1;9,379291E-1;;
30/11/2021  14:47:39,452783;9,302387E-1;1,203641E-1;1,180475E-1;9,375976E-1;;
30/11/2021  14:47:39,452883;9,308974E-1;1,509478E-1;1,164678E-1;9,372676E-1;;
30/11/2021  14:47:39,452983;9,315143E-1;7,703722E-2;4,949025E-2;9,369398E-1;;
30/11/2021  14:47:39,453083;9,312341E-1;1,235499E-1;1,376353E-1;9,366150E-1;;
30/11/2021  14:47:39,453183;9,314368E-1;1,270543E-1;1,354238E-1;9,362940E-1;;
30/11/2021  14:47:39,453283;9,317289E-1;1,146297E-1;1,193112E-1;9,359775E-1;;
30/11/2021  14:47:39,453383;9,316633E-1;1,174969E-1;1,212068E-1;9,356662E-1;;
30/11/2021  14:47:39,453483;9,327988E-1;1,037979E-1;1,041465E-1;9,353610E-1;;
30/11/2021  14:47:39,453583;9,336333E-1;1,382046E-1;1,360556E-1;9,350626E-1;;
30/11/2021  14:47:39,453683;9,346943E-1;1,388417E-1;1,698603E-1;9,347720E-1;;
30/11/2021  14:47:39,453783;9,344797E-1;1,210013E-1;1,202590E-1;9,344902E-1;;
30/11/2021  14:47:39,453883;9,343813E-1;1,251428E-1;1,259458E-1;9,342182E-1;;
30/11/2021  14:47:39,453983;9,343843E-1;1,283286E-1;1,177316E-1;9,339569E-1;;
30/11/2021  14:47:39,454083;9,351830E-1;1,165411E-1;1,224705E-1;9,337071E-1;;
30/11/2021  14:47:39,454183;9,359966E-1;1,203641E-1;1,328963E-1;9,334694E-1;;
30/11/2021  14:47:39,454283;9,369593E-1;1,257800E-1;1,174156E-1;9,332448E-1;;
30/11/2021  14:47:39,454383;9,367834E-1;1,682560E-2;-2,096259E-2;9,330340E-1;;
30/11/2021  14:47:39,454483;9,375106E-1;7,098420E-2;9,182514E-2;9,328379E-1;;
30/11/2021  14:47:39,454583;9,373735E-1;2,044692E-1;2,273600E-1;9,326570E-1;;
30/11/2021  14:47:39,454683;9,384226E-1;1,264171E-1;1,221546E-1;9,324922E-1;;
30/11/2021  14:47:39,454783;9,386193E-1;9,901924E-2;9,561632E-2;9,323439E-1;;
30/11/2021  14:47:39,454883;9,392780E-1;1,037979E-1;1,114129E-1;9,322127E-1;;
30/11/2021  14:47:39,454983;9,400320E-1;6,875414E-2;9,119327E-2;9,320992E-1;;
30/11/2021  14:47:39,455083;9,399932E-1;9,816838E-3;4,001229E-2;9,320037E-1;;
30/11/2021  14:47:39,455183;9,401035E-1;8,563888E-2;8,677022E-2;9,319269E-1;;
30/11/2021  14:47:39,455283;9,405684E-1;1,143111E-1;1,148882E-1;9,318688E-1;;
30/11/2021  14:47:39,455383;9,415311E-1;1,194084E-1;1,057261E-1;9,318297E-1;;
30/11/2021  14:47:39,455483;9,420526E-1;1,343816E-1;1,287892E-1;9,318099E-1;;
30/11/2021  14:47:39,455583;9,425354E-1;1,168597E-1;1,031987E-1;9,318094E-1;;
30/11/2021  14:47:39,455683;9,426576E-1;1,235499E-1;1,101492E-1;9,318285E-1;;
30/11/2021  14:47:39,455783;9,432239E-1;2,925022E-2;5,960007E-2;9,318672E-1;;
30/11/2021  14:47:39,455883;9,432239E-1;1,273729E-1;1,357397E-1;9,319255E-1;;
30/11/2021  14:47:39,455983;9,434116E-1;2,319720E-2;4,064415E-2;9,320032E-1;;
30/11/2021  14:47:39,456083;9,441090E-1;1,273729E-1;1,262617E-1;9,321002E-1;;
30/11/2021  14:47:39,456183;9,451611E-1;1,235499E-1;1,496407E-1;9,322163E-1;;
30/11/2021  14:47:39,456283;9,460611E-1;1,174969E-1;1,376353E-1;9,323511E-1;;
30/11/2021  14:47:39,456383;9,459777E-1;1,292843E-1;1,363715E-1;9,325047E-1;;
30/11/2021  14:47:39,456483;9,460164E-1;1,340630E-1;1,392149E-1;9,326767E-1;;
30/11/2021  14:47:39,456583;9,464039E-1;1,589123E-1;1,553275E-1;9,328669E-1;;
30/11/2021  14:47:39,456683;9,466780E-1;1,382046E-1;1,493248E-1;9,330748E-1;;
30/11/2021  14:47:39,456783;9,467913E-1;1,283286E-1;1,193112E-1;9,333000E-1;;
30/11/2021  14:47:39,456883;9,480609E-1;1,334259E-1;1,177316E-1;9,335419E-1;;
30/11/2021  14:47:39,456983;9,484752E-1;1,302401E-1;1,300529E-1;9,338001E-1;;
30/11/2021  14:47:39,457083;9,478463E-1;9,933782E-2;9,466852E-2;9,340740E-1;;
30/11/2021  14:47:39,457183;9,474648E-1;6,747982E-2;5,170177E-2;9,343631E-1;;
30/11/2021  14:47:39,457283;9,479685E-1;1,041165E-1;1,028828E-1;9,346666E-1;;
30/11/2021  14:47:39,457383;9,485437E-1;1,283286E-1;1,509044E-1;9,349836E-1;;
30/11/2021  14:47:39,457483;9,487285E-1;1,041165E-1;1,088855E-1;9,353133E-1;;
30/11/2021  14:47:39,457583;9,489580E-1;1,206827E-1;1,404787E-1;9,356550E-1;;
30/11/2021  14:47:39,457683;9,498670E-1;1,095324E-1;8,740209E-2;9,360077E-1;;
30/11/2021  14:47:39,457783;9,486629E-1;3,243602E-2;6,939396E-2;9,363707E-1;;
30/11/2021  14:47:39,457883;9,487851E-1;1,353374E-1;1,720719E-1;9,367432E-1;;
30/11/2021  14:47:39,457983;9,492202E-1;9,583344E-2;1,212068E-1;9,371240E-1;;
30/11/2021  14:47:39,458083;9,490444E-1;1,076209E-1;1,202590E-1;9,375123E-1;;
30/11/2021  14:47:39,458183;9,500875E-1;9,870066E-2;1,110970E-1;9,379069E-1;;
30/11/2021  14:47:39,458283;9,503706E-1;9,710776E-2;9,909157E-2;9,383071E-1;;
30/11/2021  14:47:39,458383;9,507402E-1;1,334259E-1;1,572231E-1;9,387120E-1;;
30/11/2021  14:47:39,458483;9,505643E-1;1,210013E-1;1,338441E-1;9,391209E-1;;
30/11/2021  14:47:39,458583;9,504034E-1;1,050723E-1;1,189953E-1;9,395328E-1;;
30/11/2021  14:47:39,458683;9,510412E-1;7,098420E-2;1,107811E-1;9,399472E-1;;
30/11/2021  14:47:39,458783;9,515389E-1;1,353374E-1;1,313166E-1;9,403631E-1;;
30/11/2021  14:47:39,458883;9,518489E-1;1,139925E-1;6,907803E-2;9,407799E-1;;
30/11/2021  14:47:39,458983;9,523138E-1;1,585937E-1;1,395309E-1;9,411970E-1;;
30/11/2021  14:47:39,459083;9,521171E-1;1,605052E-1;1,414265E-1;9,416139E-1;;
30/11/2021  14:47:39,459183;9,515955E-1;9,360338E-2;7,255328E-2;9,420299E-1;;
30/11/2021  14:47:39,459283;9,517952E-1;1,512664E-1;1,430061E-1;9,424444E-1;;
30/11/2021  14:47:39,459383;9,515538E-1;1,334259E-1;1,449017E-1;9,428568E-1;;
30/11/2021  14:47:39,459483;9,519234E-1;1,391603E-1;1,392149E-1;9,432663E-1;;
30/11/2021  14:47:39,459583;9,519353E-1;1,248242E-1;1,291051E-1;9,436723E-1;;
30/11/2021  14:47:39,459683;9,523436E-1;1,311958E-1;1,322644E-1;9,440741E-1;;
30/11/2021  14:47:39,459783;9,517684E-1;1,283286E-1;1,215227E-1;9,444712E-1;;
30/11/2021  14:47:39,459883;9,516760E-1;1,337445E-1;1,170997E-1;9,448630E-1;;
30/11/2021  14:47:39,459983;9,514882E-1;1,359745E-1;1,291051E-1;9,452489E-1;;
30/11/2021  14:47:39,460083;9,510382E-1;1,079395E-1;1,158360E-1;9,456281E-1;;
30/11/2021  14:47:39,460183;9,517326E-1;1,289658E-1;1,262617E-1;9,460002E-1;;
30/11/2021  14:47:39,460283;9,514376E-1;1,283286E-1;1,328963E-1;9,463643E-1;;
30/11/2021  14:47:39,460383;9,520307E-1;1,308772E-1;1,193112E-1;9,467201E-1;;
30/11/2021  14:47:39,460483;9,516760E-1;1,257800E-1;1,237343E-1;9,470671E-1;;
30/11/2021  14:47:39,460583;9,508743E-1;1,286472E-1;1,249980E-1;9,474049E-1;;
30/11/2021  14:47:39,460683;9,499832E-1;1,369303E-1;1,404787E-1;9,477330E-1;;
30/11/2021  14:47:39,460783;9,504571E-1;1,315144E-1;1,303688E-1;9,480508E-1;;
30/11/2021  14:47:39,460883;9,503110E-1;6,047106E-2;1,038306E-1;9,483577E-1;;
30/11/2021  14:47:39,460983;9,506567E-1;1,165411E-1;1,388990E-1;9,486532E-1;;
30/11/2021  14:47:39,461083;9,503110E-1;1,461691E-1;1,824976E-1;9,489370E-1;;
30/11/2021  14:47:39,461183;9,499355E-1;1,321516E-1;1,313166E-1;9,492086E-1;;
30/11/2021  14:47:39,461283;9,489520E-1;1,308772E-1;1,281573E-1;9,494678E-1;;
30/11/2021  14:47:39,461383;9,487851E-1;1,777085E-1;2,099837E-1;9,497142E-1;;
30/11/2021  14:47:39,461483;9,488090E-1;1,394789E-1;1,423743E-1;9,499472E-1;;
30/11/2021  14:47:39,461583;9,491249E-1;1,184526E-1;1,180475E-1;9,501665E-1;;
30/11/2021  14:47:39,461683;9,490802E-1;1,493549E-1;1,739675E-1;9,503718E-1;;
30/11/2021  14:47:39,461783;9,481116E-1;1,283286E-1;1,186794E-1;9,505629E-1;;
30/11/2021  14:47:39,461883;9,479894E-1;1,257800E-1;1,152041E-1;9,507397E-1;;
30/11/2021  14:47:39,461983;9,471042E-1;1,318330E-1;1,474292E-1;9,509020E-1;;
30/11/2021  14:47:39,462083;9,466482E-1;1,321516E-1;1,338441E-1;9,510494E-1;;
30/11/2021  14:47:39,462183;9,472354E-1;1,331073E-1;1,357397E-1;9,511818E-1;;
30/11/2021  14:47:39,462283;9,471251E-1;1,088952E-1;1,632258E-1;9,512989E-1;;
30/11/2021  14:47:39,462383;9,466482E-1;1,385232E-1;1,398468E-1;9,514007E-1;;
30/11/2021  14:47:39,462483;9,460909E-1;1,394789E-1;1,464814E-1;9,514873E-1;;
30/11/2021  14:47:39,462583;9,452117E-1;1,210013E-1;1,246821E-1;9,515585E-1;;
30/11/2021  14:47:39,462683;9,441090E-1;1,356559E-1;1,322644E-1;9,516143E-1;;
30/11/2021  14:47:39,462783;9,441895E-1;1,327887E-1;1,303688E-1;9,516545E-1;;
30/11/2021  14:47:39,462883;9,437186E-1;1,378860E-1;1,430061E-1;9,516789E-1;;
30/11/2021  14:47:39,462983;9,435249E-1;4,231200E-2;6,844617E-2;9,516873E-1;;
30/11/2021  14:47:39,463083;9,435845E-1;1,251428E-1;1,265777E-1;9,516799E-1;;
30/11/2021  14:47:39,463183;9,426368E-1;1,286472E-1;1,316326E-1;9,516565E-1;;
30/11/2021  14:47:39,463283;9,418798E-1;1,171783E-1;1,082536E-1;9,516172E-1;;
30/11/2021  14:47:39,463383;9,418798E-1;1,152668E-1;1,328963E-1;9,515620E-1;;
30/11/2021  14:47:39,463483;9,413463E-1;1,372488E-1;1,373193E-1;9,514909E-1;;
30/11/2021  14:47:39,463583;9,415758E-1;1,229127E-1;1,129926E-1;9,514041E-1;;
30/11/2021  14:47:39,463683;9,415132E-1;1,413904E-1;1,303688E-1;9,513017E-1;;
30/11/2021  14:47:39,463783;9,406817E-1;1,225942E-1;1,388990E-1;9,511840E-1;;
30/11/2021  14:47:39,463883;9,403598E-1;1,366117E-1;1,411105E-1;9,510513E-1;;
30/11/2021  14:47:39,463983;9,393227E-1;1,318330E-1;1,335282E-1;9,509040E-1;;
30/11/2021  14:47:39,464083;9,389144E-1;1,350188E-1;1,426902E-1;9,507421E-1;;
30/11/2021  14:47:39,464183;9,394896E-1;1,305587E-1;1,379512E-1;9,505660E-1;;
30/11/2021  14:47:39,464283;9,394270E-1;1,397975E-1;1,395309E-1;9,503760E-1;;
30/11/2021  14:47:39,464383;9,392243E-1;1,555128E-2;1,726518E-2;9,501725E-1;;
30/11/2021  14:47:39,464483;9,387504E-1;1,215178E-3;3,364175E-3;9,499561E-1;;
30/11/2021  14:47:39,464583;9,375941E-1;3,763818E-3;5,891631E-3;9,497273E-1;;
30/11/2021  14:47:39,464683;9,376209E-1;7,268198E-3;7,787223E-3;9,494866E-1;;
30/11/2021  14:47:39,464783;9,369593E-1;7,268198E-3;9,682815E-3;9,492343E-1;;
30/11/2021  14:47:39,464883;9,371947E-1;5,780180E-4;3,048243E-3;9,489709E-1;;
30/11/2021  14:47:39,464983;9,372513E-1;1,852338E-3;3,680107E-3;9,486969E-1;;
30/11/2021  14:47:39,465083;9,367656E-1;4,719558E-3;6,523495E-3;9,484128E-1;;
30/11/2021  14:47:39,465183;9,359996E-1;9,816838E-3;1,252620E-2;9,481193E-1;;
30/11/2021  14:47:39,465283;9,353261E-1;5,993878E-3;7,787223E-3;9,478167E-1;;
30/11/2021  14:47:39,465383;9,353678E-1;2,489498E-3;3,996039E-3;9,475057E-1;;
30/11/2021  14:47:39,465483;9,350668E-1;3,763818E-3;6,523495E-3;9,471866E-1;;
30/11/2021  14:47:39,465583;9,349744E-1;2,808078E-3;5,259767E-3;9,468600E-1;;
30/11/2021  14:47:39,465683;9,353291E-1;4,400978E-3;7,155359E-3;9,465263E-1;;
30/11/2021  14:47:39,465783;9,351055E-1;2,808078E-3;4,627903E-3;9,461862E-1;;
30/11/2021  14:47:39,465883;9,347509E-1;1,852338E-3;3,996039E-3;9,458404E-1;;
30/11/2021  14:47:39,465983;9,339909E-1;1,215178E-3;3,048243E-3;9,454894E-1;;
30/11/2021  14:47:39,466083;9,332071E-1;4,400978E-3;6,523495E-3;9,451339E-1;;
30/11/2021  14:47:39,466183;9,333025E-1;5,993878E-3;8,103155E-3;9,447744E-1;;
30/11/2021  14:47:39,466283;9,333829E-1;8,965980E-4;4,311971E-3;9,444112E-1;;
30/11/2021  14:47:39,466383;9,330491E-1;5,038138E-3;6,523495E-3;9,440448E-1;;
30/11/2021  14:47:39,466483;9,328703E-1;1,215178E-3;3,364175E-3;9,436758E-1;;
30/11/2021  14:47:39,466583;9,326498E-1;5,675298E-3;7,155359E-3;9,433047E-1;;
30/11/2021  14:47:39,466683;9,325842E-1;4,400978E-3;6,207563E-3;9,429320E-1;;
30/11/2021  14:47:39,466783;9,317438E-1;8,965980E-4;3,048243E-3;9,425581E-1;;
30/11/2021  14:47:39,466883;9,326825E-1;3,763818E-3;5,891631E-3;9,421836E-1;;
30/11/2021  14:47:39,466983;9,328614E-1;1,215178E-3;3,364175E-3;9,418090E-1;;
30/11/2021  14:47:39,467083;9,332577E-1;8,965980E-4;3,680107E-3;9,414349E-1;;
30/11/2021  14:47:39,467183;9,338508E-1;1,533758E-3;3,048243E-3;9,410619E-1;;
30/11/2021  14:47:39,467283;9,327034E-1;5,780180E-4;3,048243E-3;9,406910E-1;;
30/11/2021  14:47:39,467383;9,330670E-1;5,780180E-4;3,364175E-3;9,403228E-1;;
30/11/2021  14:47:39,467483;9,333650E-1;8,965980E-4;3,680107E-3;9,399581E-1;;
30/11/2021  14:47:39,467583;9,337882E-1;8,965980E-4;3,680107E-3;9,395974E-1;;
30/11/2021  14:47:39,467683;9,338568E-1;8,965980E-4;4,943835E-3;9,392416E-1;;
30/11/2021  14:47:39,467783;9,349386E-1;6,631038E-3;9,050951E-3;9,388914E-1;;
30/11/2021  14:47:39,467883;9,344886E-1;1,533758E-3;3,048243E-3;9,385477E-1;;
30/11/2021  14:47:39,467983;9,350370E-1;2,489498E-3;8,103155E-3;9,382113E-1;;
30/11/2021  14:47:39,468083;9,349595E-1;9,816838E-3;1,315807E-2;9,378830E-1;;
30/11/2021  14:47:39,468183;9,355377E-1;1,459554E-2;1,726518E-2;9,375635E-1;;
30/11/2021  14:47:39,468283;9,368550E-1;1,077258E-2;1,726518E-2;9,372537E-1;;
30/11/2021  14:47:39,468383;9,374808E-1;9,498258E-3;1,536959E-2;9,369544E-1;;
30/11/2021  14:47:39,468483;9,376447E-1;1,618844E-2;2,200416E-2;9,366666E-1;;
30/11/2021  14:47:39,468583;9,382110E-1;1,969282E-2;2,358382E-2;9,363913E-1;;
30/11/2021  14:47:39,468683;9,383123E-1;4,326774E-2;3,843263E-2;9,361292E-1;;
30/11/2021  14:47:39,468783;9,381991E-1;1,682560E-2;1,726518E-2;9,358814E-1;;
30/11/2021  14:47:39,468883;9,391826E-1;1,140974E-2;1,821298E-2;9,356484E-1;;
30/11/2021  14:47:39,468983;9,397101E-1;4,772786E-2;4,317161E-2;9,354310E-1;;
30/11/2021  14:47:39,469083;9,403509E-1;3,625898E-2;4,380347E-2;9,352297E-1;;
30/11/2021  14:47:39,469183;9,409857E-1;9,774492E-2;9,024547E-2;9,350454E-1;;
30/11/2021  14:47:39,469283;9,409588E-1;9,041758E-2;8,645429E-2;9,348786E-1;;
30/11/2021  14:47:39,469383;9,407770E-1;6,238254E-2;7,760819E-2;9,347300E-1;;
30/11/2021  14:47:39,469483;9,417903E-1;6,493118E-2;7,981972E-2;9,345998E-1;;
30/11/2021  14:47:39,469583;9,417784E-1;5,855958E-2;8,329497E-2;9,344884E-1;;
30/11/2021  14:47:39,469683;9,418798E-1;3,148028E-2;2,769094E-2;9,343961E-1;;
30/11/2021  14:47:39,469783;9,422165E-1;1,082581E-1;1,000394E-1;9,343231E-1;;
30/11/2021  14:47:39,469883;9,415162E-1;1,047537E-1;1,341600E-1;9,342693E-1;;
30/11/2021  14:47:39,469983;9,418559E-1;1,885402E-1;1,774427E-1;9,342348E-1;;
30/11/2021  14:47:39,470083;9,415847E-1;2,117966E-1;2,014535E-1;9,342191E-1;;
30/11/2021  14:47:39,470183;9,416920E-1;1,241871E-1;1,253139E-1;9,342220E-1;;
30/11/2021  14:47:39,470283;9,418201E-1;1,238685E-1;1,294210E-1;9,342430E-1;;
30/11/2021  14:47:39,470383;9,411853E-1;1,280100E-1;1,180475E-1;9,342814E-1;;
30/11/2021  14:47:39,470483;9,415370E-1;1,308772E-1;1,300529E-1;9,343368E-1;;
30/11/2021  14:47:39,470583;9,409410E-1;1,034794E-1;9,656411E-2;9,344082E-1;;
30/11/2021  14:47:39,470683;9,408516E-1;1,143111E-1;9,688005E-2;9,344948E-1;;
30/11/2021  14:47:39,470783;9,408456E-1;1,337445E-1;1,407946E-1;9,345958E-1;;
30/11/2021  14:47:39,470883;9,405952E-1;1,401161E-1;1,420583E-1;9,347102E-1;;
30/11/2021  14:47:39,470983;9,410423E-1;7,289568E-2;7,760819E-2;9,348369E-1;;
30/11/2021  14:47:39,471083;9,414536E-1;1,254614E-1;1,231024E-1;9,349750E-1;;
30/11/2021  14:47:39,471183;9,409499E-1;1,092138E-1;1,047783E-1;9,351235E-1;;
30/11/2021  14:47:39,471283;9,411913E-1;-9,945610E-2;1,347400E-2;9,352816E-1;;
30/11/2021  14:47:39,471383;9,405833E-1;1,079395E-1;1,117289E-1;9,354484E-1;;
30/11/2021  14:47:39,471483;9,400171E-1;1,222756E-1;1,284732E-1;9,356227E-1;;
30/11/2021  14:47:39,471583;9,401959E-1;1,267357E-1;1,284732E-1;9,358037E-1;;
30/11/2021  14:47:39,471683;9,398383E-1;1,206827E-1;1,287892E-1;9,359901E-1;;
30/11/2021  14:47:39,471783;9,398204E-1;1,222756E-1;1,272095E-1;9,361809E-1;;
30/11/2021  14:47:39,471883;9,388220E-1;1,353374E-1;1,322644E-1;9,363750E-1;;
30/11/2021  14:47:39,471983;9,380590E-1;1,334259E-1;1,202590E-1;9,365713E-1;;
30/11/2021  14:47:39,472083;9,380381E-1;9,424054E-2;9,845971E-2;9,367686E-1;;
30/11/2021  14:47:39,472183;9,374063E-1;1,302401E-1;1,376353E-1;9,369656E-1;;
30/11/2021  14:47:39,472283;9,368341E-1;1,241871E-1;1,240502E-1;9,371610E-1;;
30/11/2021  14:47:39,472383;9,374063E-1;1,165411E-1;1,249980E-1;9,373537E-1;;
30/11/2021  14:47:39,472483;9,369176E-1;1,085766E-1;1,009872E-1;9,375425E-1;;
30/11/2021  14:47:39,472583;9,366016E-1;1,273729E-1;1,227865E-1;9,377263E-1;;
30/11/2021  14:47:39,472683;9,357314E-1;1,241871E-1;1,256299E-1;9,379042E-1;;
30/11/2021  14:47:39,472783;9,359519E-1;9,105474E-2;8,961361E-2;9,380752E-1;;
30/11/2021  14:47:39,472883;9,357552E-1;1,184526E-1;1,240502E-1;9,382384E-1;;
30/11/2021  14:47:39,472983;9,361308E-1;7,289568E-2;1,597505E-1;9,383929E-1;;
30/11/2021  14:47:39,473083;9,362768E-1;5,601094E-2;7,666040E-2;9,385381E-1;;
30/11/2021  14:47:39,473183;9,359192E-1;1,350188E-1;1,385831E-1;9,386734E-1;;
30/11/2021  14:47:39,473283;9,366940E-1;1,108067E-1;1,139404E-1;9,387984E-1;;
30/11/2021  14:47:39,473383;9,364944E-1;1,254614E-1;1,231024E-1;9,389129E-1;;
30/11/2021  14:47:39,473483;9,370070E-1;1,531778E-1;1,240502E-1;9,390168E-1;;
30/11/2021  14:47:39,473583;9,376984E-1;1,101695E-1;1,212068E-1;9,391099E-1;;
30/11/2021  14:47:39,473683;9,380411E-1;1,216384E-1;1,161519E-1;9,391926E-1;;
30/11/2021  14:47:39,473783;9,381752E-1;8,786894E-2;1,591187E-1;9,392650E-1;;
30/11/2021  14:47:39,473883;9,383451E-1;1,152668E-1;1,000394E-1;9,393277E-1;;
30/11/2021  14:47:39,473983;9,380471E-1;1,079395E-1;8,992954E-2;9,393810E-1;;
30/11/2021  14:47:39,474083;9,384256E-1;1,235499E-1;1,347919E-1;9,394253E-1;;
30/11/2021  14:47:39,474183;9,383988E-1;1,229127E-1;1,249980E-1;9,394613E-1;;
30/11/2021  14:47:39,474283;9,385537E-1;1,210013E-1;1,196272E-1;9,394892E-1;;
30/11/2021  14:47:39,474383;9,390932E-1;9,041758E-2;1,515363E-1;9,395097E-1;;
30/11/2021  14:47:39,474483;9,389799E-1;1,101695E-1;1,006712E-1;9,395233E-1;;
30/11/2021  14:47:39,474583;9,390574E-1;1,280100E-1;1,414265E-1;9,395306E-1;;
30/11/2021  14:47:39,474683;9,388846E-1;1,174969E-1;1,158360E-1;9,395322E-1;;
30/11/2021  14:47:39,474783;9,388398E-1;1,229127E-1;1,202590E-1;9,395286E-1;;
30/11/2021  14:47:39,474883;9,395372E-1;1,280100E-1;1,133085E-1;9,395203E-1;;
30/11/2021  14:47:39,474983;9,396386E-1;8,755036E-2;8,392683E-2;9,395078E-1;;
30/11/2021  14:47:39,475083;9,402764E-1;1,101695E-1;1,193112E-1;9,394918E-1;;
30/11/2021  14:47:39,475183;9,404283E-1;1,152668E-1;1,104651E-1;9,394729E-1;;
30/11/2021  14:47:39,475283;9,398293E-1;1,181340E-1;1,234183E-1;9,394517E-1;;
30/11/2021  14:47:39,475383;9,402108E-1;7,193994E-2;5,770448E-2;9,394289E-1;;
30/11/2021  14:47:39,475483;9,398919E-1;1,283286E-1;1,420583E-1;9,394049E-1;;
30/11/2021  14:47:39,475583;9,398383E-1;1,286472E-1;1,265777E-1;9,393802E-1;;
30/11/2021  14:47:39,475683;9,397429E-1;6,397544E-2;5,644075E-2;9,393551E-1;;
30/11/2021  14:47:39,475783;9,398710E-1;1,347002E-1;1,417424E-1;9,393301E-1;;
30/11/2021  14:47:39,475883;9,394568E-1;9,498258E-3;3,179805E-2;9,393054E-1;;
30/11/2021  14:47:39,475983;9,390246E-1;1,073023E-1;1,199431E-1;9,392811E-1;;
30/11/2021  14:47:39,476083;9,383094E-1;1,292843E-1;1,310007E-1;9,392575E-1;;
30/11/2021  14:47:39,476183;9,377699E-1;1,254614E-1;1,341600E-1;9,392344E-1;;
30/11/2021  14:47:39,476283;9,377461E-1;1,219570E-1;1,224705E-1;9,392117E-1;;
30/11/2021  14:47:39,476383;9,373288E-1;1,340630E-1;1,262617E-1;9,391892E-1;;
30/11/2021  14:47:39,476483;9,368073E-1;1,382046E-1;1,357397E-1;9,391667E-1;;
30/11/2021  14:47:39,476583;9,356569E-1;1,251428E-1;1,253139E-1;9,391437E-1;;
30/11/2021  14:47:39,476683;9,353410E-1;1,292843E-1;1,227865E-1;9,391199E-1;;
30/11/2021  14:47:39,476783;9,342055E-1;7,863012E-2;7,413294E-2;9,390946E-1;;
30/11/2021  14:47:39,476883;9,346585E-1;1,280100E-1;1,445858E-1;9,390673E-1;;
30/11/2021  14:47:39,476983;9,342621E-1;1,190898E-1;1,095173E-1;9,390373E-1;;
30/11/2021  14:47:39,477083;9,340058E-1;1,210013E-1;1,395309E-1;9,390041E-1;;
30/11/2021  14:47:39,477183;9,346853E-1;7,034704E-2;8,455870E-2;9,389671E-1;;
30/11/2021  14:47:39,477283;9,336899E-1;1,213198E-1;1,392149E-1;9,389261E-1;;
30/11/2021  14:47:39,477383;9,334962E-1;1,267357E-1;1,414265E-1;9,388806E-1;;
30/11/2021  14:47:39,477483;9,334515E-1;1,111253E-1;1,205749E-1;9,388303E-1;;
30/11/2021  14:47:39,477583;9,331832E-1;9,487770E-2;1,186794E-1;9,387749E-1;;
30/11/2021  14:47:39,477683;9,335856E-1;1,015679E-1;1,069899E-1;9,387141E-1;;
30/11/2021  14:47:39,477783;9,335588E-1;9,965640E-2;1,003553E-1;9,386478E-1;;
30/11/2021  14:47:39,477883;9,336392E-1;9,997498E-2;1,092014E-1;9,385759E-1;;
30/11/2021  14:47:39,477983;9,327362E-1;9,901924E-2;1,104651E-1;9,384985E-1;;
30/11/2021  14:47:39,478083;9,324233E-1;9,137332E-2;1,088855E-1;9,384154E-1;;
30/11/2021  14:47:39,478183;9,321878E-1;7,894870E-2;7,729226E-2;9,383267E-1;;
30/11/2021  14:47:39,478283;9,324262E-1;8,500172E-2;1,079377E-1;9,382322E-1;;
30/11/2021  14:47:39,478383;9,329508E-1;9,169190E-2;8,487463E-2;9,381319E-1;;
30/11/2021  14:47:39,478483;9,328047E-1;1,194084E-1;1,297370E-1;9,380261E-1;;
30/11/2021  14:47:39,478583;9,326259E-1;1,127182E-1;8,108345E-2;9,379149E-1;;
30/11/2021  14:47:39,478683;9,320925E-1;1,576380E-1;1,970305E-1;9,377985E-1;;
30/11/2021  14:47:39,478783;9,324829E-1;1,738855E-1;1,998739E-1;9,376771E-1;;
30/11/2021  14:47:39,478883;9,329865E-1;1,534964E-1;1,401627E-1;9,375510E-1;;
30/11/2021  14:47:39,478983;9,335617E-1;2,128572E-2;7,571260E-2;9,374206E-1;;
30/11/2021  14:47:39,479083;9,337525E-1;1,190898E-1;1,796542E-1;9,372863E-1;;
30/11/2021  14:47:39,479183;9,339969E-1;1,598680E-1;1,720719E-1;9,371487E-1;;
30/11/2021  14:47:39,479283;9,335588E-1;1,853544E-1;1,979783E-1;9,370085E-1;;
30/11/2021  14:47:39,479383;9,340863E-1;1,461691E-1;1,430061E-1;9,368662E-1;;
30/11/2021  14:47:39,479483;9,342055E-1;1,433019E-1;1,376353E-1;9,367224E-1;;
30/11/2021  14:47:39,479583;9,347092E-1;1,210013E-1;1,136244E-1;9,365777E-1;;
30/11/2021  14:47:39,479683;9,353410E-1;1,321516E-1;1,287892E-1;9,364328E-1;;
30/11/2021  14:47:39,479783;9,364049E-1;1,238685E-1;1,249980E-1;9,362886E-1;;
30/11/2021  14:47:39,479883;9,362053E-1;1,229127E-1;1,126766E-1;9,361457E-1;;
30/11/2021  14:47:39,479983;9,368490E-1;1,299215E-1;1,366875E-1;9,360053E-1;;
30/11/2021  14:47:39,480083;9,368073E-1;1,538150E-1;1,625939E-1;9,358680E-1;;
30/11/2021  14:47:39,480183;9,370368E-1;1,519035E-1;1,986102E-1;9,357348E-1;;
30/11/2021  14:47:39,480283;9,374212E-1;1,273729E-1;1,297370E-1;9,356064E-1;;
30/11/2021  14:47:39,480383;9,380829E-1;9,710776E-2;1,170997E-1;9,354837E-1;;
30/11/2021  14:47:39,480483;9,381395E-1;1,238685E-1;1,464814E-1;9,353673E-1;;
30/11/2021  14:47:39,480583;9,386253E-1;1,499920E-1;1,594346E-1;9,352579E-1;;
30/11/2021  14:47:39,480683;9,384822E-1;1,464877E-1;1,543797E-1;9,351564E-1;;
30/11/2021  14:47:39,480783;9,380531E-1;1,276914E-1;1,294210E-1;9,350631E-1;;
30/11/2021  14:47:39,480883;9,381782E-1;1,509478E-1;1,619620E-1;9,349787E-1;;
30/11/2021  14:47:39,480983;9,379785E-1;1,088952E-1;1,300529E-1;9,349035E-1;;
30/11/2021  14:47:39,481083;9,383243E-1;1,108067E-1;9,782784E-2;9,348375E-1;;
30/11/2021  14:47:39,481183;9,383481E-1;1,327887E-1;1,294210E-1;9,347811E-1;;
30/11/2021  14:47:39,481283;9,386104E-1;1,283286E-1;1,050943E-1;9,347343E-1;;
30/11/2021  14:47:39,481383;9,383839E-1;6,015248E-2;4,222381E-2;9,346971E-1;;
30/11/2021  14:47:39,481483;9,385001E-1;1,267357E-1;1,145722E-1;9,346697E-1;;
30/11/2021  14:47:39,481583;9,383988E-1;1,359745E-1;1,376353E-1;9,346519E-1;;
30/11/2021  14:47:39,481683;9,389531E-1;1,095324E-1;1,041465E-1;9,346436E-1;;
30/11/2021  14:47:39,481783;9,397220E-1;9,806350E-2;1,398468E-1;9,346447E-1;;
30/11/2021  14:47:39,481883;9,399187E-1;1,155854E-1;1,208909E-1;9,346553E-1;;
30/11/2021  14:47:39,481983;9,401661E-1;1,366117E-1;1,606983E-1;9,346752E-1;;
30/11/2021  14:47:39,482083;9,395641E-1;1,452133E-1;1,613302E-1;9,347045E-1;;
30/11/2021  14:47:39,482183;9,399813E-1;1,197269E-1;1,477451E-1;9,347430E-1;;
30/11/2021  14:47:39,482283;9,399157E-1;1,334259E-1;1,325804E-1;9,347907E-1;;
30/11/2021  14:47:39,482383;9,408754E-1;1,347002E-1;1,351078E-1;9,348471E-1;;
30/11/2021  14:47:39,482483;9,412479E-1;1,337445E-1;1,199431E-1;9,349123E-1;;
30/11/2021  14:47:39,482583;9,408188E-1;1,235499E-1;1,275255E-1;9,349861E-1;;
30/11/2021  14:47:39,482683;9,412062E-1;1,292843E-1;1,237343E-1;9,350684E-1;;
30/11/2021  14:47:39,482783;9,407294E-1;1,206827E-1;1,155200E-1;9,351589E-1;;
30/11/2021  14:47:39,482883;9,410304E-1;1,649653E-1;2,001898E-1;9,352573E-1;;
30/11/2021  14:47:39,482983;9,414297E-1;1,366117E-1;1,486929E-1;9,353634E-1;;
30/11/2021  14:47:39,483083;9,421241E-1;4,772786E-2;1,139404E-1;9,354768E-1;;
30/11/2021  14:47:39,483183;9,421927E-1;1,471248E-1;1,543797E-1;9,355974E-1;;
30/11/2021  14:47:39,483283;9,426964E-1;1,356559E-1;1,474292E-1;9,357248E-1;;
30/11/2021  14:47:39,483383;9,426576E-1;1,045400E-2;3,653703E-2;9,358590E-1;;
30/11/2021  14:47:39,483483;9,429318E-1;1,047537E-1;1,205749E-1;9,359997E-1;;
30/11/2021  14:47:39,483583;9,431285E-1;1,420275E-1;1,464814E-1;9,361467E-1;;
30/11/2021  14:47:39,483683;9,444786E-1;1,404346E-1;1,420583E-1;9,362999E-1;;
30/11/2021  14:47:39,483783;9,449644E-1;1,340630E-1;1,357397E-1;9,364592E-1;;
30/11/2021  14:47:39,483883;9,464128E-1;1,442576E-1;1,414265E-1;9,366245E-1;;
30/11/2021  14:47:39,483983;9,462519E-1;1,468062E-1;1,360556E-1;9,367961E-1;;
30/11/2021  14:47:39,484083;9,465499E-1;1,143111E-1;1,088855E-1;9,369742E-1;;
30/11/2021  14:47:39,484183;9,473516E-1;1,222756E-1;1,196272E-1;9,371589E-1;;
30/11/2021  14:47:39,484283;9,475155E-1;1,238685E-1;1,291051E-1;9,373504E-1;;
30/11/2021  14:47:39,484383;9,483083E-1;1,491412E-2;1,600145E-2;9,375488E-1;;
30/11/2021  14:47:39,484483;9,489639E-1;6,631038E-3;8,419087E-3;9,377543E-1;;
30/11/2021  14:47:39,484583;9,484126E-1;3,763818E-3;5,891631E-3;9,379671E-1;;
30/11/2021  14:47:39,484683;9,482546E-1;5,675298E-3;7,787223E-3;9,381872E-1;;
30/11/2021  14:47:39,484783;9,483232E-1;2,489498E-3;4,311971E-3;9,384145E-1;;
30/11/2021  14:47:39,484883;9,480281E-1;6,631038E-3;8,103155E-3;9,386488E-1;;
30/11/2021  14:47:39,484983;9,484394E-1;4,400978E-3;6,523495E-3;9,388899E-1;;
30/11/2021  14:47:39,485083;9,484334E-1;8,223938E-3;1,094654E-2;9,391372E-1;;
30/11/2021  14:47:39,485183;9,487493E-1;2,489498E-3;4,627903E-3;9,393906E-1;;
30/11/2021  14:47:39,485283;9,488119E-1;5,038138E-3;7,471291E-3;9,396494E-1;;
30/11/2021  14:47:39,485383;9,487553E-1;5,038138E-3;7,155359E-3;9,399134E-1;;
30/11/2021  14:47:39,485483;9,481235E-1;1,215178E-3;3,680107E-3;9,401820E-1;;
30/11/2021  14:47:39,485583;9,474499E-1;2,808078E-3;4,311971E-3;9,404547E-1;;
30/11/2021  14:47:39,485683;9,473397E-1;1,852338E-3;3,680107E-3;9,407306E-1;;
30/11/2021  14:47:39,485783;9,480758E-1;1,215178E-3;3,048243E-3;9,410091E-1;;
30/11/2021  14:47:39,485883;9,478523E-1;1,533758E-3;3,996039E-3;9,412892E-1;;
30/11/2021  14:47:39,485983;9,472920E-1;5,780180E-4;3,364175E-3;9,415703E-1;;
30/11/2021  14:47:39,486083;9,472383E-1;8,965980E-4;3,364175E-3;9,418517E-1;;
30/11/2021  14:47:39,486183;9,464635E-1;3,445238E-3;5,259767E-3;9,421324E-1;;
30/11/2021  14:47:39,486283;9,466453E-1;4,082398E-3;5,891631E-3;9,424117E-1;;
30/11/2021  14:47:39,486383;9,468271E-1;5,780180E-4;3,996039E-3;9,426886E-1;;
30/11/2021  14:47:39,486483;9,475066E-1;4,719558E-3;6,839427E-3;9,429624E-1;;
30/11/2021  14:47:39,486583;9,472950E-1;2,489498E-3;4,943835E-3;9,432323E-1;;
30/11/2021  14:47:39,486683;9,466065E-1;1,533758E-3;3,364175E-3;9,434979E-1;;
30/11/2021  14:47:39,486783;9,461386E-1;1,533758E-3;3,996039E-3;9,437585E-1;;
30/11/2021  14:47:39,486883;9,456588E-1;1,215178E-3;3,364175E-3;9,440134E-1;;
30/11/2021  14:47:39,486983;9,452803E-1;1,215178E-3;3,364175E-3;9,442618E-1;;
30/11/2021  14:47:39,487083;9,452266E-1;8,965980E-4;3,680107E-3;9,445030E-1;;
30/11/2021  14:47:39,487183;9,445710E-1;1,215178E-3;3,364175E-3;9,447363E-1;;
30/11/2021  14:47:39,487283;9,441895E-1;1,215178E-3;3,364175E-3;9,449609E-1;;
30/11/2021  14:47:39,487383;9,432119E-1;8,965980E-4;3,680107E-3;9,451760E-1;;
30/11/2021  14:47:39,487483;9,420318E-1;1,215178E-3;3,364175E-3;9,453809E-1;;
30/11/2021  14:47:39,487583;9,413373E-1;1,215178E-3;3,048243E-3;9,455745E-1;;
30/11/2021  14:47:39,487683;9,414148E-1;1,215178E-3;3,680107E-3;9,457560E-1;;
30/11/2021  14:47:39,487783;9,406370E-1;1,215178E-3;3,364175E-3;9,459245E-1;;
30/11/2021  14:47:39,487883;9,404909E-1;8,861098E-3;1,410586E-2;9,460790E-1;;
30/11/2021  14:47:39,487983;9,401065E-1;6,312458E-3;1,157841E-2;9,462189E-1;;
30/11/2021  14:47:39,488083;9,390336E-1;1,204690E-2;1,568552E-2;9,463435E-1;;
30/11/2021  14:47:39,488183;9,388726E-1;1,268406E-2;1,694925E-2;9,464520E-1;;
30/11/2021  14:47:39,488283;9,383511E-1;1,045400E-2;1,600145E-2;9,465438E-1;;
30/11/2021  14:47:39,488383;9,388398E-1;1,618844E-2;1,947671E-2;9,466184E-1;;
30/11/2021  14:47:39,488483;9,388130E-1;1,682560E-2;1,979264E-2;9,466755E-1;;
30/11/2021  14:47:39,488583;9,384524E-1;1,682560E-2;2,168823E-2;9,467148E-1;;
30/11/2021  14:47:39,488683;9,383481E-1;1,267357E-1;1,167838E-1;9,467363E-1;;
30/11/2021  14:47:39,488783;9,380262E-1;1,905566E-2;1,916077E-2;9,467400E-1;;
30/11/2021  14:47:39,488883;9,377222E-1;1,395838E-2;1,347400E-2;9,467259E-1;;
30/11/2021  14:47:39,488983;9,375315E-1;1,682560E-2;1,631739E-2;9,466941E-1;;
30/11/2021  14:47:39,489083;9,375643E-1;2,001140E-2;1,694925E-2;9,466450E-1;;
30/11/2021  14:47:39,489183;9,379368E-1;2,032998E-2;2,168823E-2;9,465788E-1;;
30/11/2021  14:47:39,489283;9,376328E-1;5,038138E-3;-8,957173E-3;9,464959E-1;;
30/11/2021  14:47:39,489383;9,370397E-1;3,562182E-2;6,339125E-2;9,463969E-1;;
30/11/2021  14:47:39,489483;9,374242E-1;1,047537E-1;1,126766E-1;9,462823E-1;;
30/11/2021  14:47:39,489583;9,370517E-1;1,213198E-1;1,224705E-1;9,461526E-1;;
30/11/2021  14:47:39,489683;9,378444E-1;1,139925E-1;1,221546E-1;9,460086E-1;;
30/11/2021  14:47:39,489783;9,371053E-1;1,350188E-1;1,398468E-1;9,458509E-1;;
30/11/2021  14:47:39,489883;9,376567E-1;1,197269E-1;1,063580E-1;9,456804E-1;;
30/11/2021  14:47:39,489983;9,372513E-1;1,219570E-1;1,253139E-1;9,454979E-1;;
30/11/2021  14:47:39,490083;9,364973E-1;1,079395E-1;1,180475E-1;9,453042E-1;;
30/11/2021  14:47:39,490183;9,359311E-1;1,241871E-1;1,253139E-1;9,451002E-1;;
30/11/2021  14:47:39,490283;9,359043E-1;1,155854E-1;1,063580E-1;9,448864E-1;;
30/11/2021  14:47:39,490383;9,362559E-1;6,333828E-2;3,874856E-2;9,446635E-1;;
30/11/2021  14:47:39,490483;9,361933E-1;1,203641E-1;1,278414E-1;9,444322E-1;;
30/11/2021  14:47:39,490583;9,360413E-1;1,225942E-1;9,719598E-2;9,441933E-1;;
30/11/2021  14:47:39,490683;9,352754E-1;2,574584E-2;5,170177E-2;9,439475E-1;;
30/11/2021  14:47:39,490783;9,381305E-1;1,178155E-1;1,174156E-1;9,436956E-1;;
30/11/2021  14:47:39,490883;9,384852E-1;7,608148E-2;7,381701E-2;9,434385E-1;;
30/11/2021  14:47:39,490983;9,376000E-1;1,267357E-1;1,376353E-1;9,431775E-1;;
30/11/2021  14:47:39,491083;9,374719E-1;1,541336E-1;1,689125E-1;9,429136E-1;;
30/11/2021  14:47:39,491183;9,372364E-1;3,498466E-2;8,329497E-2;9,426479E-1;;
30/11/2021  14:47:39,491283;9,370845E-1;1,305587E-1;1,306848E-1;9,423814E-1;;
30/11/2021  14:47:39,491383;9,376120E-1;1,347002E-1;1,660692E-1;9,421148E-1;;
30/11/2021  14:47:39,491483;9,368222E-1;1,305587E-1;1,272095E-1;9,418490E-1;;
30/11/2021  14:47:39,491583;9,364109E-1;1,353374E-1;1,272095E-1;9,415848E-1;;
30/11/2021  14:47:39,491683;9,364288E-1;1,245056E-1;1,562753E-1;9,413227E-1;;
30/11/2021  14:47:39,491783;9,360562E-1;1,165411E-1;1,253139E-1;9,410633E-1;;
30/11/2021  14:47:39,491883;9,359758E-1;1,047537E-1;9,593225E-2;9,408070E-1;;
30/11/2021  14:47:39,491983;9,362738E-1;1,270543E-1;1,237343E-1;9,405543E-1;;
30/11/2021  14:47:39,492083;9,359519E-1;1,270543E-1;1,066739E-1;9,403054E-1;;
30/11/2021  14:47:39,492183;9,352486E-1;1,404346E-1;1,256299E-1;9,400609E-1;;
30/11/2021  14:47:39,492283;9,344052E-1;1,286472E-1;1,000394E-1;9,398208E-1;;
30/11/2021  14:47:39,492383;9,342770E-1;1,276914E-1;1,373193E-1;9,395853E-1;;
30/11/2021  14:47:39,492483;9,344618E-1;9,137332E-2;6,749837E-2;9,393543E-1;;
30/11/2021  14:47:39,492583;9,343634E-1;1,388417E-1;1,430061E-1;9,391279E-1;;
30/11/2021  14:47:39,492683;9,345035E-1;1,171783E-1;1,272095E-1;9,389060E-1;;
30/11/2021  14:47:39,492783;9,343962E-1;1,308772E-1;1,540637E-1;9,386888E-1;;
30/11/2021  14:47:39,492883;9,340893E-1;1,130368E-1;1,082536E-1;9,384761E-1;;
30/11/2021  14:47:39,492983;9,335826E-1;1,069837E-1;1,117289E-1;9,382681E-1;;
30/11/2021  14:47:39,493083;9,337793E-1;1,088952E-1;1,129926E-1;9,380648E-1;;
30/11/2021  14:47:39,493183;9,351800E-1;8,882468E-2;9,782784E-2;9,378660E-1;;
30/11/2021  14:47:39,493283;9,356271E-1;1,002936E-1;1,066739E-1;9,376718E-1;;
30/11/2021  14:47:39,493383;9,360920E-1;8,022302E-2;9,656411E-2;9,374827E-1;;
30/11/2021  14:47:39,493483;9,362738E-1;9,041758E-2;1,019350E-1;9,372991E-1;;
30/11/2021  14:47:39,493583;9,367060E-1;9,264764E-2;9,466852E-2;9,371212E-1;;
30/11/2021  14:47:39,493683;9,367924E-1;7,703722E-2;7,634447E-2;9,369497E-1;;
30/11/2021  14:47:39,493783;9,371560E-1;8,850610E-2;8,992954E-2;9,367849E-1;;
30/11/2021  14:47:39,493883;9,382348E-1;7,257710E-2;7,223735E-2;9,366274E-1;;
30/11/2021  14:47:39,493983;9,389531E-1;4,358632E-2;5,549295E-2;9,364777E-1;;
30/11/2021  14:47:39,494083;9,393972E-1;8,500172E-2;1,009872E-1;9,363364E-1;;
30/11/2021  14:47:39,494183;9,394717E-1;2,925022E-2;3,148212E-2;9,362043E-1;;
30/11/2021  14:47:39,494283;9,396296E-1;4,454206E-2;4,633093E-2;9,360819E-1;;
30/11/2021  14:47:39,494383;9,398472E-1;1,155854E-1;1,268936E-1;9,359699E-1;;
30/11/2021  14:47:39,494483;9,412151E-1;1,273729E-1;1,253139E-1;9,358686E-1;;
30/11/2021  14:47:39,494583;9,416920E-1;1,455319E-1;1,300529E-1;9,357787E-1;;
30/11/2021  14:47:39,494683;9,427589E-1;1,433019E-1;1,366875E-1;9,357009E-1;;
30/11/2021  14:47:39,494783;9,430570E-1;1,937424E-2;1,378993E-2;9,356357E-1;;
30/11/2021  14:47:39,494883;9,433073E-1;1,579565E-1;1,360556E-1;9,355838E-1;;
30/11/2021  14:47:39,494983;9,439689E-1;1,404346E-1;1,354238E-1;9,355459E-1;;
30/11/2021  14:47:39,495083;9,443236E-1;1,439390E-1;1,338441E-1;9,355224E-1;;
30/11/2021  14:47:39,495183;9,458138E-1;1,299215E-1;1,246821E-1;9,355138E-1;;
30/11/2021  14:47:39,495283;9,461863E-1;6,620550E-2;6,655058E-2;9,355207E-1;;
30/11/2021  14:47:39,495383;9,475751E-1;1,215178E-3;3,996039E-3;9,355436E-1;;
30/11/2021  14:47:39,495483;9,476139E-1;1,165411E-1;1,445858E-1;9,355831E-1;;
30/11/2021  14:47:39,495583;9,478702E-1;1,206827E-1;1,275255E-1;9,356398E-1;;
30/11/2021  14:47:39,495683;9,482487E-1;1,216384E-1;1,265777E-1;9,357139E-1;;
30/11/2021  14:47:39,495783;9,486093E-1;1,241871E-1;1,268936E-1;9,358059E-1;;
30/11/2021  14:47:39,495883;9,494527E-1;1,257800E-1;1,249980E-1;9,359158E-1;;
30/11/2021  14:47:39,495983;9,504481E-1;1,270543E-1;1,155200E-1;9,360438E-1;;
30/11/2021  14:47:39,496083;9,509369E-1;9,392196E-2;1,016190E-1;9,361902E-1;;
30/11/2021  14:47:39,496183;9,509220E-1;1,203641E-1;1,202590E-1;9,363549E-1;;
30/11/2021  14:47:39,496283;9,504422E-1;1,315144E-1;1,294210E-1;9,365380E-1;;
30/11/2021  14:47:39,496383;9,504064E-1;1,305587E-1;1,243661E-1;9,367393E-1;;
30/11/2021  14:47:39,496483;9,505465E-1;2,733874E-2;4,311971E-3;9,369584E-1;;
30/11/2021  14:47:39,496583;9,509697E-1;1,031608E-1;1,272095E-1;9,371947E-1;;
30/11/2021  14:47:39,496683;9,513839E-1;1,114439E-1;9,530039E-2;9,374477E-1;;
30/11/2021  14:47:39,496783;9,511872E-1;6,333828E-2;4,885838E-2;9,377167E-1;;
30/11/2021  14:47:39,496883;9,508147E-1;1,289658E-1;1,196272E-1;9,380010E-1;;
30/11/2021  14:47:39,496983;9,498103E-1;1,289658E-1;1,449017E-1;9,382997E-1;;
30/11/2021  14:47:39,497083;9,499862E-1;1,213198E-1;1,249980E-1;9,386118E-1;;
30/11/2021  14:47:39,497183;9,505793E-1;1,598680E-1;1,610142E-1;9,389361E-1;;
30/11/2021  14:47:39,497283;9,504690E-1;1,190898E-1;1,202590E-1;9,392714E-1;;
30/11/2021  14:47:39,497383;9,502872E-1;1,216384E-1;1,249980E-1;9,396165E-1;;
30/11/2021  14:47:39,497483;9,502842E-1;1,327887E-1;1,376353E-1;9,399703E-1;;
30/11/2021  14:47:39,497583;9,500488E-1;1,366117E-1;1,335282E-1;9,403317E-1;;
30/11/2021  14:47:39,497683;9,487523E-1;1,162226E-1;1,120448E-1;9,406992E-1;;
30/11/2021  14:47:39,497783;9,491517E-1;1,149482E-1;1,158360E-1;9,410716E-1;;
30/11/2021  14:47:39,497883;9,490861E-1;1,190898E-1;1,237343E-1;9,414474E-1;;
30/11/2021  14:47:39,497983;9,497776E-1;1,229127E-1;1,170997E-1;9,418253E-1;;
30/11/2021  14:47:39,498083;9,493305E-1;1,267357E-1;1,278414E-1;9,422040E-1;;
30/11/2021  14:47:39,498183;9,496077E-1;8,978042E-2;6,528685E-2;9,425823E-1;;
30/11/2021  14:47:39,498283;9,491070E-1;1,232313E-1;1,464814E-1;9,429593E-1;;
30/11/2021  14:47:39,498383;9,480371E-1;9,647060E-2;1,395309E-1;9,433336E-1;;
30/11/2021  14:47:39,498483;9,483172E-1;1,366117E-1;1,480610E-1;9,437042E-1;;
30/11/2021  14:47:39,498583;9,483798E-1;1,216384E-1;1,098333E-1;9,440699E-1;;
30/11/2021  14:47:39,498683;9,488626E-1;1,308772E-1;1,249980E-1;9,444295E-1;;
30/11/2021  14:47:39,498783;9,491308E-1;1,305587E-1;1,398468E-1;9,447821E-1;;
30/11/2021  14:47:39,498883;9,484841E-1;1,576380E-1;1,679647E-1;9,451270E-1;;
30/11/2021  14:47:39,498983;9,468867E-1;1,362931E-1;1,404787E-1;9,454633E-1;;
30/11/2021  14:47:39,499083;9,472741E-1;1,423461E-1;1,531159E-1;9,457902E-1;;
30/11/2021  14:47:39,499183;9,471489E-1;-6,345656E-2;5,928414E-2;9,461067E-1;;
30/11/2021  14:47:39,499283;9,478731E-1;1,254614E-1;1,142563E-1;9,464119E-1;;
30/11/2021  14:47:39,499383;9,473128E-1;1,292843E-1;1,360556E-1;9,467053E-1;;
30/11/2021  14:47:39,499483;9,472264E-1;1,267357E-1;1,183634E-1;9,469863E-1;;
30/11/2021  14:47:39,499583;9,469999E-1;1,378860E-1;1,417424E-1;9,472544E-1;;
30/11/2021  14:47:39,499683;9,461833E-1;-4,784614E-2;5,422923E-2;9,475090E-1;;
30/11/2021  14:47:39,499783;9,465529E-1;1,031608E-1;1,205749E-1;9,477497E-1;;
30/11/2021  14:47:39,499883;9,473307E-1;1,292843E-1;1,278414E-1;9,479762E-1;;
30/11/2021  14:47:39,499983;9,476973E-1;1,296029E-1;1,455336E-1;9,481882E-1;;
30/11/2021  14:47:39,500083;9,479983E-1;1,232313E-1;9,688005E-2;9,483856E-1;;
30/11/2021  14:47:39,500183;9,483083E-1;1,104881E-1;1,237343E-1;9,485687E-1;;
30/11/2021  14:47:39,500283;9,475542E-1;1,499920E-1;1,708081E-1;9,487377E-1;;
30/11/2021  14:47:39,500383;9,468837E-1;1,257800E-1;1,259458E-1;9,488928E-1;;
30/11/2021  14:47:39,500483;9,477033E-1;1,289658E-1;1,275255E-1;9,490342E-1;;
30/11/2021  14:47:39,500583;9,481980E-1;1,347002E-1;1,332122E-1;9,491620E-1;;
30/11/2021  14:47:39,500683;9,481175E-1;1,216384E-1;1,145722E-1;9,492766E-1;;
30/11/2021  14:47:39,500783;9,483828E-1;1,241871E-1;1,272095E-1;9,493786E-1;;
30/11/2021  14:47:39,500883;9,481861E-1;1,057094E-1;1,129926E-1;9,494683E-1;;
30/11/2021  14:47:39,500983;9,471340E-1;1,206827E-1;1,066739E-1;9,495462E-1;;
30/11/2021  14:47:39,501083;9,469045E-1;1,057094E-1;8,771802E-2;9,496128E-1;;
30/11/2021  14:47:39,501183;9,473456E-1;1,493549E-1;1,272095E-1;9,496683E-1;;
30/11/2021  14:47:39,501283;9,472085E-1;1,442576E-1;1,436380E-1;9,497131E-1;;
30/11/2021  14:47:39,501383;9,475244E-1;1,608238E-1;1,717559E-1;9,497474E-1;;
30/11/2021  14:47:39,501483;9,469731E-1;1,232313E-1;1,281573E-1;9,497718E-1;;
30/11/2021  14:47:39,501583;9,468688E-1;9,816838E-3;4,633093E-2;9,497866E-1;;
30/11/2021  14:47:39,501683;9,464128E-1;1,222756E-1;1,420583E-1;9,497921E-1;;
30/11/2021  14:47:39,501783;9,461833E-1;1,248242E-1;1,313166E-1;9,497888E-1;;
30/11/2021  14:47:39,501883;9,462906E-1;1,299215E-1;1,303688E-1;9,497768E-1;;
30/11/2021  14:47:39,501983;9,460850E-1;1,260985E-1;1,259458E-1;9,497564E-1;;
30/11/2021  14:47:39,502083;9,463472E-1;1,305587E-1;1,328963E-1;9,497280E-1;;
30/11/2021  14:47:39,502183;9,459598E-1;1,369303E-1;1,325804E-1;9,496920E-1;;
30/11/2021  14:47:39,502283;9,453786E-1;1,401161E-1;1,332122E-1;9,496485E-1;;
30/11/2021  14:47:39,502383;9,449614E-1;1,455319E-1;1,341600E-1;9,495979E-1;;
30/11/2021  14:47:39,502483;9,452535E-1;1,264171E-1;1,328963E-1;9,495403E-1;;
30/11/2021  14:47:39,502583;9,445859E-1;1,382046E-1;1,347919E-1;9,494761E-1;;
30/11/2021  14:47:39,502683;9,450836E-1;1,375674E-1;1,565912E-1;9,494053E-1;;
30/11/2021  14:47:39,502783;9,446365E-1;1,254614E-1;1,227865E-1;9,493283E-1;;
30/11/2021  14:47:39,502883;9,442253E-1;1,315144E-1;1,306848E-1;9,492451E-1;;
30/11/2021  14:47:39,502983;9,435964E-1;-3,777220E-4;4,569906E-2;9,491562E-1;;
30/11/2021  14:47:39,503083;9,424728E-1;1,337445E-1;1,629098E-1;9,490614E-1;;
30/11/2021  14:47:39,503183;9,425652E-1;1,273729E-1;1,407946E-1;9,489609E-1;;
30/11/2021  14:47:39,503283;9,427768E-1;9,678918E-2;1,603824E-1;9,488546E-1;;
30/11/2021  14:47:39,503383;9,427709E-1;1,152668E-1;1,234183E-1;9,487425E-1;;
30/11/2021  14:47:39,503483;9,422106E-1;1,401161E-1;1,711241E-1;9,486246E-1;;
30/11/2021  14:47:39,503583;9,415519E-1;1,203641E-1;1,306848E-1;9,485012E-1;;
30/11/2021  14:47:39,503683;9,410214E-1;1,152668E-1;1,253139E-1;9,483721E-1;;
30/11/2021  14:47:39,503783;9,402972E-1;1,382046E-1;1,325804E-1;9,482374E-1;;
30/11/2021  14:47:39,503883;9,401720E-1;1,363980E-2;1,726518E-2;9,480969E-1;;
30/11/2021  14:47:39,503983;9,405535E-1;1,533758E-3;3,680107E-3;9,479506E-1;;
30/11/2021  14:47:39,504083;9,399545E-1;1,533758E-3;3,996039E-3;9,477984E-1;;
30/11/2021  14:47:39,504183;9,400141E-1;8,965980E-4;3,996039E-3;9,476404E-1;;
30/11/2021  14:47:39,504283;9,393197E-1;1,852338E-3;4,311971E-3;9,474766E-1;;
30/11/2021  14:47:39,504383;9,383243E-1;5,675298E-3;7,787223E-3;9,473070E-1;;
30/11/2021  14:47:39,504483;9,383153E-1;9,179678E-3;1,126247E-2;9,471316E-1;;
30/11/2021  14:47:39,504583;9,377818E-1;1,077258E-2;1,189434E-2;9,469504E-1;;
30/11/2021  14:47:39,504683;9,382855E-1;1,204690E-2;1,284213E-2;9,467632E-1;;
30/11/2021  14:47:39,504783;9,378206E-1;1,140974E-2;1,378993E-2;9,465702E-1;;
30/11/2021  14:47:39,504883;9,376597E-1;1,363980E-2;1,568552E-2;9,463714E-1;;
30/11/2021  14:47:39,504983;9,365808E-1;1,013542E-2;1,157841E-2;9,461669E-1;;
30/11/2021  14:47:39,505083;9,362649E-1;4,400978E-3;6,207563E-3;9,459567E-1;;
30/11/2021  14:47:39,505183;9,358268E-1;1,852338E-3;3,996039E-3;9,457410E-1;;
30/11/2021  14:47:39,505283;9,362768E-1;1,533758E-3;3,364175E-3;9,455196E-1;;
30/11/2021  14:47:39,505383;9,356658E-1;1,215178E-3;3,364175E-3;9,452926E-1;;
30/11/2021  14:47:39,505483;9,355317E-1;1,215178E-3;3,680107E-3;9,450602E-1;;
30/11/2021  14:47:39,505583;9,346734E-1;1,215178E-3;3,048243E-3;9,448225E-1;;
30/11/2021  14:47:39,505683;9,340237E-1;1,215178E-3;3,048243E-3;9,445796E-1;;
30/11/2021  14:47:39,505783;9,336482E-1;1,533758E-3;2,732311E-3;9,443315E-1;;
30/11/2021  14:47:39,505883;9,337942E-1;1,533758E-3;3,680107E-3;9,440781E-1;;
30/11/2021  14:47:39,505983;9,340744E-1;3,126658E-3;4,311971E-3;9,438196E-1;;
30/11/2021  14:47:39,506083;9,340118E-1;1,215178E-3;3,048243E-3;9,435562E-1;;
30/11/2021  14:47:39,506183;9,345810E-1;1,215178E-3;3,680107E-3;9,432881E-1;;
30/11/2021  14:47:39,506283;9,336392E-1;1,215178E-3;3,364175E-3;9,430157E-1;;
30/11/2021  14:47:39,506383;9,332160E-1;1,215178E-3;3,680107E-3;9,427395E-1;;
30/11/2021  14:47:39,506483;9,333412E-1;1,215178E-3;3,680107E-3;9,424597E-1;;
30/11/2021  14:47:39,506583;9,331803E-1;1,533758E-3;3,680107E-3;9,421767E-1;;
30/11/2021  14:47:39,506683;9,336273E-1;5,780180E-4;3,048243E-3;9,418908E-1;;
30/11/2021  14:47:39,506783;9,339075E-1;1,215178E-3;3,364175E-3;9,416026E-1;;
30/11/2021  14:47:39,506883;9,334723E-1;5,780180E-4;3,048243E-3;9,413125E-1;;
30/11/2021  14:47:39,506983;9,335021E-1;8,965980E-4;3,680107E-3;9,410212E-1;;
30/11/2021  14:47:39,507083;9,332697E-1;1,533758E-3;3,996039E-3;9,407290E-1;;
30/11/2021  14:47:39,507183;9,337942E-1;8,965980E-4;3,048243E-3;9,404366E-1;;
30/11/2021  14:47:39,507283;9,340356E-1;5,780180E-4;3,996039E-3;9,401446E-1;;
30/11/2021  14:47:39,507383;9,347509E-1;1,215178E-3;3,680107E-3;9,398535E-1;;
30/11/2021  14:47:39,507483;9,349029E-1;9,816838E-3;1,694925E-2;9,395641E-1;;
30/11/2021  14:47:39,507583;9,343485E-1;1,268406E-2;1,315807E-2;9,392773E-1;;
30/11/2021  14:47:39,507683;9,346495E-1;1,586986E-2;1,884484E-2;9,389936E-1;;
30/11/2021  14:47:39,507783;9,344111E-1;1,618844E-2;1,758111E-2;9,387137E-1;;
30/11/2021  14:47:39,507883;9,350847E-1;1,427696E-2;1,758111E-2;9,384384E-1;;
30/11/2021  14:47:39,507983;9,351979E-1;1,650702E-2;1,916077E-2;9,381681E-1;;
30/11/2021  14:47:39,508083;9,359341E-1;1,714418E-2;1,694925E-2;9,379037E-1;;
30/11/2021  14:47:39,508183;9,355615E-1;9,360338E-2;1,028828E-1;9,376457E-1;;
30/11/2021  14:47:39,508283;9,357582E-1;1,650702E-2;1,821298E-2;9,373948E-1;;
30/11/2021  14:47:39,508383;9,350251E-1;8,500172E-2;9,751191E-2;9,371516E-1;;
30/11/2021  14:47:39,508483;9,350191E-1;7,958586E-2;8,487463E-2;9,369166E-1;;
30/11/2021  14:47:39,508583;9,354960E-1;1,109116E-2;1,726518E-2;9,366901E-1;;
30/11/2021  14:47:39,508683;9,362708E-1;8,277166E-2;8,834988E-2;9,364725E-1;;
30/11/2021  14:47:39,508783;9,366613E-1;1,117624E-1;9,751191E-2;9,362640E-1;;
30/11/2021  14:47:39,508883;9,373169E-1;1,146297E-1;6,433905E-2;9,360653E-1;;
30/11/2021  14:47:39,508983;9,372096E-1;1,716555E-1;2,109315E-1;9,358768E-1;;
30/11/2021  14:47:39,509083;9,370010E-1;9,870066E-2;1,458495E-1;9,356990E-1;;
30/11/2021  14:47:39,509183;9,372990E-1;1,270543E-1;1,284732E-1;9,355323E-1;;
30/11/2021  14:47:39,509283;9,376507E-1;1,579565E-1;1,859729E-1;9,353770E-1;;
30/11/2021  14:47:39,509383;9,387653E-1;1,229127E-1;1,253139E-1;9,352333E-1;;
30/11/2021  14:47:39,509483;9,385925E-1;1,382046E-1;1,363715E-1;9,351016E-1;;
30/11/2021  14:47:39,509583;9,388339E-1;1,490363E-1;1,553275E-1;9,349823E-1;;
30/11/2021  14:47:39,509683;9,382259E-1;1,232313E-1;1,227865E-1;9,348757E-1;;
30/11/2021  14:47:39,509783;9,379487E-1;1,267357E-1;1,253139E-1;9,347818E-1;;
30/11/2021  14:47:39,509883;9,379726E-1;1,241871E-1;1,234183E-1;9,347007E-1;;
30/11/2021  14:47:39,509983;9,381961E-1;1,088952E-1;1,212068E-1;9,346321E-1;;
30/11/2021  14:47:39,510083;9,387534E-1;1,079395E-1;1,025668E-1;9,345760E-1;;
30/11/2021  14:47:39,510183;9,382974E-1;1,248242E-1;1,161519E-1;9,345321E-1;;
30/11/2021  14:47:39,510283;9,389918E-1;1,362931E-1;1,404787E-1;9,345003E-1;;
30/11/2021  14:47:39,510383;9,386372E-1;1,076209E-1;1,351078E-1;9,344804E-1;;
30/11/2021  14:47:39,510483;9,381305E-1;1,283286E-1;1,986102E-1;9,344720E-1;;
30/11/2021  14:47:39,510583;9,381365E-1;1,321516E-1;1,306848E-1;9,344748E-1;;
30/11/2021  14:47:39,510683;9,388846E-1;8,404598E-2;9,087734E-2;9,344883E-1;;
30/11/2021  14:47:39,510783;9,389769E-1;1,235499E-1;1,231024E-1;9,345121E-1;;
30/11/2021  14:47:39,510883;9,386551E-1;8,723178E-2;1,177316E-1;9,345459E-1;;
30/11/2021  14:47:39,510983;9,388249E-1;1,280100E-1;1,287892E-1;9,345891E-1;;
30/11/2021  14:47:39,511083;9,376418E-1;1,286472E-1;1,300529E-1;9,346414E-1;;
30/11/2021  14:47:39,511183;9,378325E-1;1,531778E-1;1,657532E-1;9,347020E-1;;
30/11/2021  14:47:39,511283;9,379338E-1;1,146297E-1;1,417424E-1;9,347703E-1;;
30/11/2021  14:47:39,511383;9,382617E-1;1,260985E-1;1,031987E-1;9,348457E-1;;
30/11/2021  14:47:39,511483;9,385806E-1;1,337445E-1;1,325804E-1;9,349275E-1;;
30/11/2021  14:47:39,511583;9,394478E-1;1,219570E-1;1,114129E-1;9,350152E-1;;
30/11/2021  14:47:39,511683;9,385508E-1;3,498466E-2;7,855599E-2;9,351083E-1;;
30/11/2021  14:47:39,511783;9,384554E-1;9,933782E-2;8,645429E-2;9,352064E-1;;
30/11/2021  14:47:39,511883;9,385239E-1;1,410718E-1;1,436380E-1;9,353090E-1;;
30/11/2021  14:47:39,511983;9,385776E-1;9,678918E-2;9,972343E-2;9,354155E-1;;
30/11/2021  14:47:39,512083;9,396266E-1;1,331073E-1;1,306848E-1;9,355256E-1;;
30/11/2021  14:47:39,512183;9,394925E-1;1,229127E-1;1,253139E-1;9,356387E-1;;
30/11/2021  14:47:39,512283;9,387057E-1;1,222756E-1;1,540637E-1;9,357546E-1;;
30/11/2021  14:47:39,512383;9,381574E-1;1,321516E-1;1,461654E-1;9,358728E-1;;
30/11/2021  14:47:39,512483;9,379815E-1;1,735670E-1;1,771268E-1;9,359929E-1;;
30/11/2021  14:47:39,512583;9,378713E-1;1,375674E-1;1,275255E-1;9,361142E-1;;
30/11/2021  14:47:39,512683;9,382855E-1;1,311958E-1;1,256299E-1;9,362361E-1;;
30/11/2021  14:47:39,512783;9,384614E-1;1,225942E-1;1,088855E-1;9,363582E-1;;
30/11/2021  14:47:39,512883;9,383779E-1;1,283286E-1;1,199431E-1;9,364799E-1;;
30/11/2021  14:47:39,512983;9,380560E-1;9,647060E-2;9,340479E-2;9,366008E-1;;
30/11/2021  14:47:39,513083;9,379160E-1;5,282514E-2;7,318515E-2;9,367206E-1;;
30/11/2021  14:47:39,513183;9,381752E-1;6,747982E-2;5,075397E-2;9,368388E-1;;
30/11/2021  14:47:39,513283;9,381574E-1;6,684266E-2;6,023194E-2;9,369550E-1;;
30/11/2021  14:47:39,513383;9,391587E-1;5,983390E-2;1,066739E-1;9,370689E-1;;
30/11/2021  14:47:39,513483;9,395432E-1;4,071910E-2;6,876210E-2;9,371804E-1;;
30/11/2021  14:47:39,513583;9,395998E-1;9,901924E-2;1,088855E-1;9,372893E-1;;
30/11/2021  14:47:39,513683;9,388995E-1;-3,096140E-2;6,839427E-3;9,373957E-1;;
30/11/2021  14:47:39,513783;9,384047E-1;6,556834E-2;9,814378E-2;9,374995E-1;;
30/11/2021  14:47:39,513883;9,385090E-1;9,137332E-2;1,050943E-1;9,376006E-1;;
30/11/2021  14:47:39,513983;9,388518E-1;9,105474E-2;9,688005E-2;9,376988E-1;;
30/11/2021  14:47:39,514083;9,393674E-1;1,009307E-1;1,082536E-1;9,377939E-1;;
30/11/2021  14:47:39,514183;9,401422E-1;5,409946E-2;5,770448E-2;9,378860E-1;;
30/11/2021  14:47:39,514283;9,398591E-1;2,510868E-2;2,674314E-2;9,379750E-1;;
30/11/2021  14:47:39,514383;9,396088E-1;5,346230E-2;5,264957E-2;9,380612E-1;;
30/11/2021  14:47:39,514483;9,393644E-1;6,843556E-2;7,160549E-2;9,381448E-1;;
30/11/2021  14:47:39,514583;9,392243E-1;1,053908E-1;1,142563E-1;9,382256E-1;;
30/11/2021  14:47:39,514683;9,397608E-1;1,152668E-1;1,231024E-1;9,383036E-1;;
30/11/2021  14:47:39,514783;9,398323E-1;1,149482E-1;9,308886E-2;9,383791E-1;;
30/11/2021  14:47:39,514883;9,404909E-1;1,088952E-1;7,855599E-2;9,384519E-1;;
30/11/2021  14:47:39,514983;9,395730E-1;1,267357E-1;1,063580E-1;9,385224E-1;;
30/11/2021  14:47:39,515083;9,390544E-1;7,130278E-2;9,751191E-2;9,385904E-1;;
30/11/2021  14:47:39,515183;9,387534E-1;1,044351E-1;8,708615E-2;9,386562E-1;;
30/11/2021  14:47:39,515283;9,386730E-1;1,608238E-1;1,480610E-1;9,387194E-1;;
30/11/2021  14:47:39,515383;9,395164E-1;1,401161E-1;1,528000E-1;9,387799E-1;;
30/11/2021  14:47:39,515483;9,396863E-1;1,407532E-1;1,357397E-1;9,388378E-1;;
30/11/2021  14:47:39,515583;9,400081E-1;1,506292E-1;1,572231E-1;9,388931E-1;;
30/11/2021  14:47:39,515683;9,391230E-1;1,184526E-1;1,139404E-1;9,389458E-1;;
30/11/2021  14:47:39,515783;9,389054E-1;1,248242E-1;1,202590E-1;9,389960E-1;;
30/11/2021  14:47:39,515883;9,387534E-1;6,875414E-2;5,707262E-2;9,390437E-1;;
30/11/2021  14:47:39,515983;9,383541E-1;1,254614E-1;1,253139E-1;9,390888E-1;;
30/11/2021  14:47:39,516083;9,391140E-1;9,870066E-2;8,645429E-2;9,391311E-1;;
30/11/2021  14:47:39,516183;9,387981E-1;1,155854E-1;1,092014E-1;9,391706E-1;;
30/11/2021  14:47:39,516283;9,389322E-1;1,101695E-1;7,824006E-2;9,392072E-1;;
30/11/2021  14:47:39,516383;9,384763E-1;1,318330E-1;1,152041E-1;9,392410E-1;;
30/11/2021  14:47:39,516483;9,379815E-1;1,187712E-1;1,319485E-1;9,392718E-1;;
30/11/2021  14:47:39,516583;9,378176E-1;1,445762E-1;1,727037E-1;9,392996E-1;;
30/11/2021  14:47:39,516683;9,376984E-1;1,159040E-1;1,221546E-1;9,393242E-1;;
30/11/2021  14:47:39,516783;9,379368E-1;1,391603E-1;1,366875E-1;9,393455E-1;;
30/11/2021  14:47:39,516883;9,378742E-1;1,362931E-1;1,477451E-1;9,393633E-1;;
30/11/2021  14:47:39,516983;9,379636E-1;2,082922E-1;2,482115E-1;9,393776E-1;;
30/11/2021  14:47:39,517083;9,373825E-1;1,299215E-1;1,231024E-1;9,393883E-1;;
30/11/2021  14:47:39,517183;9,371470E-1;1,257800E-1;1,227865E-1;9,393953E-1;;
30/11/2021  14:47:39,517283;9,370904E-1;1,235499E-1;1,208909E-1;9,393987E-1;;
30/11/2021  14:47:39,517383;9,374123E-1;1,216384E-1;1,218387E-1;9,393981E-1;;
30/11/2021  14:47:39,517483;9,378772E-1;9,424054E-2;1,092014E-1;9,393938E-1;;
30/11/2021  14:47:39,517583;9,384703E-1;1,311958E-1;1,310007E-1;9,393856E-1;;
30/11/2021  14:47:39,517683;9,382945E-1;1,388417E-1;1,360556E-1;9,393739E-1;;
30/11/2021  14:47:39,517783;9,372305E-1;1,353374E-1;1,161519E-1;9,393588E-1;;
30/11/2021  14:47:39,517883;9,373288E-1;1,533758E-3;5,138584E-2;9,393405E-1;;
30/11/2021  14:47:39,517983;9,374898E-1;8,404598E-2;8,992954E-2;9,393191E-1;;
30/11/2021  14:47:39,518083;9,384703E-1;1,114439E-1;1,414265E-1;9,392946E-1;;
30/11/2021  14:47:39,518183;9,379070E-1;1,401161E-1;1,676488E-1;9,392674E-1;;
30/11/2021  14:47:39,518283;9,384345E-1;1,190898E-1;1,177316E-1;9,392375E-1;;
30/11/2021  14:47:39,518383;9,379964E-1;1,251428E-1;1,243661E-1;9,392054E-1;;
30/11/2021  14:47:39,518483;9,374600E-1;1,324701E-1;1,328963E-1;9,391713E-1;;
30/11/2021  14:47:39,518583;9,372692E-1;1,343816E-1;1,433221E-1;9,391353E-1;;
30/11/2021  14:47:39,518683;9,376358E-1;1,305587E-1;1,287892E-1;9,390975E-1;;
30/11/2021  14:47:39,518783;9,383958E-1;1,254614E-1;1,177316E-1;9,390580E-1;;
30/11/2021  14:47:39,518883;9,387773E-1;1,340630E-1;1,512204E-1;9,390172E-1;;
30/11/2021  14:47:39,518983;9,382766E-1;1,270543E-1;1,110970E-1;9,389753E-1;;
30/11/2021  14:47:39,519083;9,381097E-1;1,174969E-1;1,240502E-1;9,389326E-1;;
30/11/2021  14:47:39,519183;9,375404E-1;1,232313E-1;1,155200E-1;9,388893E-1;;
30/11/2021  14:47:39,519283;9,376179E-1;1,251428E-1;1,145722E-1;9,388457E-1;;
30/11/2021  14:47:39,519383;9,383541E-1;1,337445E-1;1,234183E-1;9,388017E-1;;
30/11/2021  14:47:39,519483;9,389054E-1;1,366117E-1;1,613302E-1;9,387577E-1;;
30/11/2021  14:47:39,519583;9,388607E-1;1,324701E-1;7,950379E-2;9,387138E-1;;
30/11/2021  14:47:39,519683;9,391021E-1;1,324701E-1;1,667010E-1;9,386705E-1;;
30/11/2021  14:47:39,519783;9,389322E-1;1,372488E-1;1,471132E-1;9,386279E-1;;
30/11/2021  14:47:39,519883;9,383004E-1;1,302401E-1;1,344760E-1;9,385865E-1;;
30/11/2021  14:47:39,519983;9,387236E-1;1,308772E-1;1,316326E-1;9,385463E-1;;
30/11/2021  14:47:39,520083;9,394419E-1;1,318330E-1;1,332122E-1;9,385076E-1;;
30/11/2021  14:47:39,520183;9,396266E-1;1,155854E-1;1,028828E-1;9,384707E-1;;
30/11/2021  14:47:39,520283;9,397429E-1;1,254614E-1;1,294210E-1;9,384357E-1;;
30/11/2021  14:47:39,520383;9,395015E-1;1,273729E-1;1,313166E-1;9,384031E-1;;
30/11/2021  14:47:39,520483;9,393793E-1;1,270543E-1;1,246821E-1;9,383730E-1;;
30/11/2021  14:47:39,520583;9,392243E-1;1,289658E-1;1,186794E-1;9,383456E-1;;
30/11/2021  14:47:39,520683;9,396475E-1;4,135626E-2;6,781430E-2;9,383210E-1;;
30/11/2021  14:47:39,520783;9,403151E-1;1,283286E-1;1,291051E-1;9,382994E-1;;
30/11/2021  14:47:39,520883;9,403509E-1;9,041758E-2;9,119327E-2;9,382810E-1;;
30/11/2021  14:47:39,520983;9,404194E-1;7,002846E-2;9,498445E-2;9,382660E-1;;
30/11/2021  14:47:39,521083;9,401244E-1;1,108067E-1;1,069899E-1;9,382545E-1;;
30/11/2021  14:47:39,521183;9,402227E-1;1,544522E-1;1,518522E-1;9,382467E-1;;
30/11/2021  14:47:39,521283;9,398919E-1;1,286472E-1;1,354238E-1;9,382427E-1;;
30/11/2021  14:47:39,521383;9,403270E-1;1,280100E-1;1,287892E-1;9,382425E-1;;
30/11/2021  14:47:39,521483;9,405952E-1;1,334259E-1;1,313166E-1;9,382460E-1;;
30/11/2021  14:47:39,521583;9,413463E-1;1,356559E-1;1,338441E-1;9,382535E-1;;
30/11/2021  14:47:39,521683;9,415460E-1;1,429833E-1;1,445858E-1;9,382648E-1;;
30/11/2021  14:47:39,521783;9,409350E-1;1,296029E-1;1,297370E-1;9,382804E-1;;
30/11/2021  14:47:39,521883;9,402883E-1;1,305587E-1;1,243661E-1;9,383001E-1;;
30/11/2021  14:47:39,521983;9,408843E-1;1,311958E-1;1,259458E-1;9,383239E-1;;
30/11/2021  14:47:39,522083;9,416264E-1;1,308772E-1;1,303688E-1;9,383517E-1;;
30/11/2021  14:47:39,522183;9,423834E-1;9,201048E-2;8,803395E-2;9,383836E-1;;
30/11/2021  14:47:39,522283;9,426844E-1;1,350188E-1;1,436380E-1;9,384196E-1;;
30/11/2021  14:47:39,522383;9,431076E-1;1,378860E-1;1,430061E-1;9,384600E-1;;
30/11/2021  14:47:39,522483;9,420616E-1;1,541336E-1;1,973464E-1;9,385050E-1;;
30/11/2021  14:47:39,522583;9,424490E-1;5,091366E-2;1,246821E-1;9,385545E-1;;
30/11/2021  14:47:39,522683;9,430242E-1;1,433019E-1;1,420583E-1;9,386087E-1;;
30/11/2021  14:47:39,522783;9,434742E-1;5,038138E-3;1,047783E-1;9,386675E-1;;
30/11/2021  14:47:39,522883;9,434921E-1;1,468062E-1;1,404787E-1;9,387310E-1;;
30/11/2021  14:47:39,522983;9,441776E-1;1,159040E-1;1,357397E-1;9,387994E-1;;
30/11/2021  14:47:39,523083;9,440107E-1;1,280100E-1;1,347919E-1;9,388726E-1;;
30/11/2021  14:47:39,523183;9,442729E-1;1,216384E-1;1,300529E-1;9,389509E-1;;
30/11/2021  14:47:39,523283;9,439928E-1;1,605052E-1;1,711241E-1;9,390342E-1;;
30/11/2021  14:47:39,523383;9,444786E-1;-4,147454E-2;3,432551E-2;9,391226E-1;;
30/11/2021  14:47:39,523483;9,454651E-1;1,025236E-1;9,751191E-2;9,392160E-1;;
30/11/2021  14:47:39,523583;9,453607E-1;1,187712E-1;1,306848E-1;9,393145E-1;;
30/11/2021  14:47:39,523683;9,455753E-1;1,120810E-1;1,123607E-1;9,394181E-1;;
30/11/2021  14:47:39,523783;9,449048E-1;5,314372E-2;9,466852E-2;9,395269E-1;;
30/11/2021  14:47:39,523883;9,450866E-1;1,229127E-1;1,294210E-1;9,396408E-1;;
30/11/2021  14:47:39,523983;9,448809E-1;1,215178E-3;2,416379E-3;9,397597E-1;;
30/11/2021  14:47:39,524083;9,449763E-1;1,215178E-3;3,364175E-3;9,398832E-1;;
30/11/2021  14:47:39,524183;9,452505E-1;3,126658E-3;5,259767E-3;9,400112E-1;;
30/11/2021  14:47:39,524283;9,460373E-1;2,489498E-3;3,364175E-3;9,401434E-1;;
30/11/2021  14:47:39,524383;9,457035E-1;4,082398E-3;6,839427E-3;9,402796E-1;;
30/11/2021  14:47:39,524483;9,454978E-1;8,223938E-3;1,126247E-2;9,404195E-1;;
30/11/2021  14:47:39,524583;9,448750E-1;9,498258E-3;1,126247E-2;9,405630E-1;;
30/11/2021  14:47:39,524683;9,450001E-1;6,631038E-3;8,103155E-3;9,407097E-1;;
30/11/2021  14:47:39,524783;9,456975E-1;9,498258E-3;9,998747E-3;9,408591E-1;;
30/11/2021  14:47:39,524883;9,458138E-1;8,542518E-3;9,682815E-3;9,410108E-1;;
30/11/2021  14:47:39,524983;9,462221E-1;1,045400E-2;1,221027E-2;9,411646E-1;;
30/11/2021  14:47:39,525083;9,455604E-1;1,109116E-2;1,094654E-2;9,413203E-1;;
30/11/2021  14:47:39,525183;9,454710E-1;5,356718E-3;6,207563E-3;9,414774E-1;;
30/11/2021  14:47:39,525283;9,448601E-1;6,949618E-3;6,839427E-3;9,416357E-1;;
30/11/2021  14:47:39,525383;9,446812E-1;5,993878E-3;7,471291E-3;9,417947E-1;;
30/11/2021  14:47:39,525483;9,450419E-1;8,223938E-3;9,682815E-3;9,419538E-1;;
30/11/2021  14:47:39,525583;9,455276E-1;1,533758E-3;3,048243E-3;9,421125E-1;;
30/11/2021  14:47:39,525683;9,446425E-1;8,965980E-4;3,364175E-3;9,422706E-1;;
30/11/2021  14:47:39,525783;9,445978E-1;3,763818E-3;6,207563E-3;9,424274E-1;;
30/11/2021  14:47:39,525883;9,436918E-1;1,533758E-3;3,996039E-3;9,425825E-1;;
30/11/2021  14:47:39,525983;9,429795E-1;1,215178E-3;4,311971E-3;9,427354E-1;;
30/11/2021  14:47:39,526083;9,431911E-1;8,965980E-4;3,364175E-3;9,428854E-1;;
30/11/2021  14:47:39,526183;9,434206E-1;5,780180E-4;2,732311E-3;9,430318E-1;;
30/11/2021  14:47:39,526283;9,431464E-1;8,965980E-4;3,680107E-3;9,431739E-1;;
30/11/2021  14:47:39,526383;9,431941E-1;5,780180E-4;3,680107E-3;9,433113E-1;;
30/11/2021  14:47:39,526483;9,427858E-1;8,965980E-4;3,364175E-3;9,434435E-1;;
30/11/2021  14:47:39,526583;9,423775E-1;1,215178E-3;3,048243E-3;9,435700E-1;;
30/11/2021  14:47:39,526683;9,420616E-1;1,533758E-3;4,311971E-3;9,436904E-1;;
30/11/2021  14:47:39,526783;9,418827E-1;8,965980E-4;3,048243E-3;9,438041E-1;;
30/11/2021  14:47:39,526883;9,428215E-1;8,965980E-4;4,311971E-3;9,439108E-1;;
30/11/2021  14:47:39,526983;9,425414E-1;2,808078E-3;7,155359E-3;9,440100E-1;;
30/11/2021  14:47:39,527083;9,425771E-1;5,780180E-4;3,048243E-3;9,441017E-1;;
30/11/2021  14:47:39,527183;9,415668E-1;1,215178E-3;3,680107E-3;9,441856E-1;;
30/11/2021  14:47:39,527283;9,413791E-1;1,215178E-3;3,996039E-3;9,442616E-1;;
30/11/2021  14:47:39,527383;9,409439E-1;1,215178E-3;3,048243E-3;9,443294E-1;;
30/11/2021  14:47:39,527483;9,406787E-1;5,993878E-3;9,366883E-3;9,443888E-1;;
30/11/2021  14:47:39,527583;9,412509E-1;3,445238E-3;5,575699E-3;9,444394E-1;;
30/11/2021  14:47:39,527683;9,416324E-1;1,045400E-2;1,315807E-2;9,444812E-1;;
30/11/2021  14:47:39,527783;9,414118E-1;1,555128E-2;1,631739E-2;9,445143E-1;;
30/11/2021  14:47:39,527883;9,407860E-1;1,682560E-2;1,726518E-2;9,445385E-1;;
30/11/2021  14:47:39,527983;9,400975E-1;5,993878E-3;1,789705E-2;9,445541E-1;;
30/11/2021  14:47:39,528083;9,398472E-1;1,586986E-2;1,852891E-2;9,445609E-1;;
30/11/2021  14:47:39,528183;9,406101E-1;1,491412E-2;1,663332E-2;9,445589E-1;;
30/11/2021  14:47:39,528283;9,407472E-1;5,059508E-2;5,549295E-2;9,445482E-1;;
30/11/2021  14:47:39,528383;9,404433E-1;1,146297E-1;1,025668E-1;9,445289E-1;;
30/11/2021  14:47:39,528483;9,401035E-1;1,331073E-1;1,101492E-1;9,445013E-1;;
30/11/2021  14:47:39,528583;9,395372E-1;3,785188E-2;5,612482E-2;9,444656E-1;;
30/11/2021  14:47:39,528683;9,390991E-1;3,371034E-2;4,096008E-2;9,444218E-1;;
30/11/2021  14:47:39,528783;9,391438E-1;2,224146E-2;2,453162E-2;9,443702E-1;;
30/11/2021  14:47:39,528883;9,390157E-1;1,082581E-1;1,152041E-1;9,443107E-1;;
30/11/2021  14:47:39,528983;9,391021E-1;1,130368E-1;1,063580E-1;9,442435E-1;;
30/11/2021  14:47:39,529083;9,383213E-1;1,942747E-1;2,703267E-1;9,441688E-1;;
30/11/2021  14:47:39,529183;9,378236E-1;1,213198E-1;1,183634E-1;9,440868E-1;;
30/11/2021  14:47:39,529283;9,370487E-1;1,171783E-1;1,227865E-1;9,439975E-1;;
30/11/2021  14:47:39,529383;9,370725E-1;1,276914E-1;1,319485E-1;9,439008E-1;;
30/11/2021  14:47:39,529483;9,369563E-1;1,289658E-1;1,284732E-1;9,437969E-1;;
30/11/2021  14:47:39,529583;9,368401E-1;1,283286E-1;1,297370E-1;9,436857E-1;;
30/11/2021  14:47:39,529683;9,372275E-1;1,251428E-1;1,212068E-1;9,435673E-1;;
30/11/2021  14:47:39,529783;9,358923E-1;1,276914E-1;1,262617E-1;9,434419E-1;;
30/11/2021  14:47:39,529883;9,352188E-1;1,318330E-1;1,101492E-1;9,433096E-1;;
30/11/2021  14:47:39,529983;9,349088E-1;9,965640E-2;1,133085E-1;9,431704E-1;;
30/11/2021  14:47:39,530083;9,344528E-1;1,350188E-1;1,714400E-1;9,430243E-1;;
30/11/2021  14:47:39,530183;9,346138E-1;1,404346E-1;1,739675E-1;9,428711E-1;;
30/11/2021  14:47:39,530283;9,345572E-1;1,216384E-1;1,790224E-1;9,427110E-1;;
30/11/2021  14:47:39,530383;9,341071E-1;1,366117E-1;1,543797E-1;9,425439E-1;;
30/11/2021  14:47:39,530483;9,337763E-1;1,245056E-1;1,262617E-1;9,423701E-1;;
30/11/2021  14:47:39,530583;9,330432E-1;1,334259E-1;1,303688E-1;9,421895E-1;;
30/11/2021  14:47:39,530683;9,328494E-1;1,366117E-1;1,430061E-1;9,420024E-1;;
30/11/2021  14:47:39,530783;9,320328E-1;1,305587E-1;1,445858E-1;9,418086E-1;;
30/11/2021  14:47:39,530883;9,324948E-1;1,136739E-1;1,145722E-1;9,416083E-1;;
30/11/2021  14:47:39,530983;9,321193E-1;1,375674E-1;1,480610E-1;9,414015E-1;;
30/11/2021  14:47:39,531083;9,318093E-1;1,254614E-1;1,199431E-1;9,411884E-1;;
30/11/2021  14:47:39,531183;9,317557E-1;1,238685E-1;1,218387E-1;9,409690E-1;;
30/11/2021  14:47:39,531283;9,309212E-1;1,216384E-1;1,120448E-1;9,407437E-1;;
30/11/2021  14:47:39,531383;9,306202E-1;8,659462E-2;9,119327E-2;9,405124E-1;;
30/11/2021  14:47:39,531483;9,311686E-1;1,022050E-1;1,016190E-1;9,402755E-1;;
30/11/2021  14:47:39,531583;9,309123E-1;1,601866E-1;1,916596E-1;9,400331E-1;;
30/11/2021  14:47:39,531683;9,304741E-1;1,394789E-1;1,493248E-1;9,397855E-1;;
30/11/2021  14:47:39,531783;9,308228E-1;1,375674E-1;1,483770E-1;9,395330E-1;;
30/11/2021  14:47:39,531883;9,301761E-1;1,490363E-1;1,518522E-1;9,392759E-1;;
30/11/2021  14:47:39,531983;9,292910E-1;1,337445E-1;1,325804E-1;9,390147E-1;;
30/11/2021  14:47:39,532083;9,291122E-1;1,321516E-1;1,322644E-1;9,387495E-1;;
30/11/2021  14:47:39,532183;9,298036E-1;1,232313E-1;1,259458E-1;9,384806E-1;;
30/11/2021  14:47:39,532283;9,309599E-1;8,850610E-2;6,023194E-2;9,382082E-1;;
30/11/2021  14:47:39,532383;9,307692E-1;1,264171E-1;1,237343E-1;9,379331E-1;;
30/11/2021  14:47:39,532483;9,307513E-1;9,710776E-2;1,098333E-1;9,376557E-1;;
30/11/2021  14:47:39,532583;9,309808E-1;1,216384E-1;1,174156E-1;9,373769E-1;;
30/11/2021  14:47:39,532683;9,304294E-1;1,190898E-1;1,126766E-1;9,370972E-1;;
30/11/2021  14:47:39,532783;9,305248E-1;1,557265E-1;1,490088E-1;9,368174E-1;;
30/11/2021  14:47:39,532883;9,311209E-1;1,337445E-1;1,189953E-1;9,365380E-1;;
30/11/2021  14:47:39,532983;9,312937E-1;1,213198E-1;1,351078E-1;9,362597E-1;;
30/11/2021  14:47:39,533083;9,321759E-1;3,371034E-2;6,244346E-2;9,359833E-1;;
30/11/2021  14:47:39,533183;9,324441E-1;9,392196E-2;1,591187E-1;9,357095E-1;;
30/11/2021  14:47:39,533283;9,321908E-1;1,117624E-1;1,123607E-1;9,354392E-1;;
30/11/2021  14:47:39,533383;9,323607E-1;1,057094E-1;1,095173E-1;9,351732E-1;;
30/11/2021  14:47:39,533483;9,332190E-1;1,117624E-1;1,152041E-1;9,349124E-1;;
30/11/2021  14:47:39,533583;9,339402E-1;9,742634E-2;1,041465E-1;9,346575E-1;;
30/11/2021  14:47:39,533683;9,342502E-1;9,296622E-2;1,025668E-1;9,344094E-1;;
30/11/2021  14:47:39,533783;9,348522E-1;1,015679E-1;1,145722E-1;9,341692E-1;;
30/11/2021  14:47:39,533883;9,348790E-1;4,549780E-2;4,885838E-2;9,339376E-1;;
30/11/2021  14:47:39,533983;9,344052E-1;6,429402E-2;6,970989E-2;9,337155E-1;;
30/11/2021  14:47:39,534083;9,341459E-1;5,792242E-2;6,623464E-2;9,335037E-1;;
30/11/2021  14:47:39,534183;9,345750E-1;8,213450E-2;8,487463E-2;9,333026E-1;;
30/11/2021  14:47:39,534283;9,352784E-1;5,824100E-2;6,591871E-2;9,331128E-1;;
30/11/2021  14:47:39,534383;9,356599E-1;7,703722E-2;5,264957E-2;9,329348E-1;;
30/11/2021  14:47:39,534483;9,354542E-1;7,958586E-2;9,909157E-2;9,327689E-1;;
30/11/2021  14:47:39,534583;9,349208E-1;4,231200E-2;4,727872E-2;9,326157E-1;;
30/11/2021  14:47:39,534683;9,352367E-1;2,956880E-2;3,242992E-2;9,324753E-1;;
30/11/2021  14:47:39,534783;9,348999E-1;6,333828E-2;6,876210E-2;9,323479E-1;;
30/11/2021  14:47:39,534883;9,355198E-1;7,130278E-2;8,045158E-2;9,322334E-1;;
30/11/2021  14:47:39,534983;9,355198E-1;1,327887E-1;1,294210E-1;9,321320E-1;;
30/11/2021  14:47:39,535083;9,361725E-1;1,506292E-1;1,534319E-1;9,320436E-1;;
30/11/2021  14:47:39,535183;9,359907E-1;1,920446E-1;1,524841E-1;9,319682E-1;;
30/11/2021  14:47:39,535283;9,354840E-1;1,585937E-1;1,385831E-1;9,319058E-1;;
30/11/2021  14:47:39,535383;9,351771E-1;2,395130E-1;2,125112E-1;9,318561E-1;;
30/11/2021  14:47:39,535483;9,358774E-1;1,649653E-1;1,534319E-1;9,318188E-1;;
30/11/2021  14:47:39,535583;9,368878E-1;1,143111E-1;9,340479E-2;9,317937E-1;;
30/11/2021  14:47:39,535683;9,362440E-1;1,375674E-1;1,354238E-1;9,317806E-1;;
30/11/2021  14:47:39,535783;9,367656E-1;1,264171E-1;1,009872E-1;9,317792E-1;;
30/11/2021  14:47:39,535883;9,366165E-1;4,932076E-2;4,380347E-2;9,317892E-1;;
30/11/2021  14:47:39,535983;9,366881E-1;1,079395E-1;1,088855E-1;9,318104E-1;;
30/11/2021  14:47:39,536083;9,363811E-1;1,458505E-1;1,325804E-1;9,318425E-1;;
30/11/2021  14:47:39,536183;9,371202E-1;8,245308E-2;7,887192E-2;9,318850E-1;;
30/11/2021  14:47:39,536283;9,370189E-1;1,197269E-1;1,215227E-1;9,319374E-1;;
30/11/2021  14:47:39,536383;9,380232E-1;1,273729E-1;1,388990E-1;9,319996E-1;;
30/11/2021  14:47:39,536483;9,382945E-1;1,503106E-1;1,812339E-1;9,320711E-1;;
30/11/2021  14:47:39,536583;9,371649E-1;1,174969E-1;1,670170E-1;9,321517E-1;;
30/11/2021  14:47:39,536683;9,375166E-1;1,108067E-1;1,272095E-1;9,322410E-1;;
30/11/2021  14:47:39,536783;9,374153E-1;1,203641E-1;1,234183E-1;9,323386E-1;;
30/11/2021  14:47:39,536883;9,381007E-1;1,260985E-1;1,265777E-1;9,324440E-1;;
30/11/2021  14:47:39,536983;9,388518E-1;1,088952E-1;1,022509E-1;9,325568E-1;;
30/11/2021  14:47:39,537083;9,391677E-1;1,241871E-1;1,199431E-1;9,326766E-1;;
30/11/2021  14:47:39,537183;9,396266E-1;8,213450E-2;8,992954E-2;9,328031E-1;;
30/11/2021  14:47:39,537283;9,391796E-1;6,556834E-2;8,677022E-2;9,329363E-1;;
30/11/2021  14:47:39,537383;9,392273E-1;1,171783E-1;1,556434E-1;9,330758E-1;;
30/11/2021  14:47:39,537483;9,396207E-1;1,149482E-1;1,275255E-1;9,332213E-1;;
30/11/2021  14:47:39,537583;9,405416E-1;1,448948E-1;1,606983E-1;9,333725E-1;;
30/11/2021  14:47:39,537683;9,406250E-1;1,216384E-1;1,300529E-1;9,335293E-1;;
30/11/2021  14:47:39,537783;9,406519E-1;1,133553E-1;1,180475E-1;9,336913E-1;;
30/11/2021  14:47:39,537883;9,408039E-1;1,356559E-1;1,433221E-1;9,338585E-1;;
30/11/2021  14:47:39,537983;9,409320E-1;9,360338E-2;9,498445E-2;9,340306E-1;;
30/11/2021  14:47:39,538083;9,408516E-1;1,356559E-1;1,376353E-1;9,342073E-1;;
30/11/2021  14:47:39,538183;9,413373E-1;1,302401E-1;1,300529E-1;9,343884E-1;;
30/11/2021  14:47:39,538283;9,419096E-1;1,257800E-1;1,186794E-1;9,345737E-1;;
30/11/2021  14:47:39,538383;9,421927E-1;1,104881E-1;1,281573E-1;9,347628E-1;;
30/11/2021  14:47:39,538483;9,428335E-1;1,289658E-1;1,231024E-1;9,349558E-1;;
30/11/2021  14:47:39,538583;9,429586E-1;1,245056E-1;1,066739E-1;9,351524E-1;;
30/11/2021  14:47:39,538683;9,425950E-1;1,238685E-1;1,152041E-1;9,353526E-1;;
30/11/2021  14:47:39,538783;9,430659E-1;1,181340E-1;1,152041E-1;9,355563E-1;;
30/11/2021  14:47:39,538883;9,434355E-1;1,318330E-1;1,237343E-1;9,357633E-1;;
30/11/2021  14:47:39,538983;9,439332E-1;1,254614E-1;1,461654E-1;9,359733E-1;;
30/11/2021  14:47:39,539083;9,447081E-1;1,053908E-1;1,196272E-1;9,361864E-1;;
30/11/2021  14:47:39,539183;9,439987E-1;1,053908E-1;1,063580E-1;9,364024E-1;;
30/11/2021  14:47:39,539283;9,434921E-1;4,613496E-2;9,024547E-2;9,366214E-1;;
30/11/2021  14:47:39,539383;9,434623E-1;1,519035E-1;1,461654E-1;9,368429E-1;;
30/11/2021  14:47:39,539483;9,435010E-1;1,311958E-1;1,328963E-1;9,370666E-1;;
30/11/2021  14:47:39,539583;9,437335E-1;1,337445E-1;1,366875E-1;9,372922E-1;;
30/11/2021  14:47:39,539683;9,441656E-1;1,254614E-1;1,212068E-1;9,375193E-1;;
30/11/2021  14:47:39,539783;9,435636E-1;1,369303E-1;1,490088E-1;9,377475E-1;;
30/11/2021  14:47:39,539883;9,436739E-1;1,273729E-1;1,152041E-1;9,379764E-1;;
30/11/2021  14:47:39,539983;9,439898E-1;1,101695E-1;1,177316E-1;9,382056E-1;;
30/11/2021  14:47:39,540083;9,431464E-1;1,302401E-1;1,445858E-1;9,384347E-1;;
30/11/2021  14:47:39,540183;9,433520E-1;5,282514E-2;9,372073E-2;9,386633E-1;;
30/11/2021  14:47:39,540283;9,437037E-1;1,624167E-1;1,366875E-1;9,388907E-1;;
30/11/2021  14:47:39,540383;9,440733E-1;1,047537E-1;1,110970E-1;9,391167E-1;;
30/11/2021  14:47:39,540483;9,439332E-1;1,022050E-1;7,950379E-2;9,393407E-1;;
30/11/2021  14:47:39,540583;9,431643E-1;1,197269E-1;1,063580E-1;9,395625E-1;;
30/11/2021  14:47:39,540683;9,427113E-1;1,334259E-1;1,518522E-1;9,397816E-1;;
30/11/2021  14:47:39,540783;9,427768E-1;1,302401E-1;1,332122E-1;9,399975E-1;;
30/11/2021  14:47:39,540883;9,426517E-1;1,092138E-1;9,466852E-2;9,402096E-1;;
30/11/2021  14:47:39,540983;9,427202E-1;1,350188E-1;1,284732E-1;9,404175E-1;;
30/11/2021  14:47:39,541083;9,433669E-1;1,079395E-1;1,092014E-1;9,406206E-1;;
30/11/2021  14:47:39,541183;9,432626E-1;1,270543E-1;1,275255E-1;9,408186E-1;;
30/11/2021  14:47:39,541283;9,425712E-1;1,213198E-1;1,167838E-1;9,410112E-1;;
30/11/2021  14:47:39,541383;9,419036E-1;1,276914E-1;1,278414E-1;9,411981E-1;;
30/11/2021  14:47:39,541483;9,418261E-1;1,241871E-1;1,237343E-1;9,413788E-1;;
30/11/2021  14:47:39,541583;9,419394E-1;1,190898E-1;1,278414E-1;9,415528E-1;;
30/11/2021  14:47:39,541683;9,427649E-1;1,108067E-1;1,145722E-1;9,417199E-1;;
30/11/2021  14:47:39,541783;9,423983E-1;1,292843E-1;1,196272E-1;9,418797E-1;;
30/11/2021  14:47:39,541883;9,425801E-1;1,350188E-1;1,237343E-1;9,420320E-1;;
30/11/2021  14:47:39,541983;9,425056E-1;1,101695E-1;9,119327E-2;9,421768E-1;;
30/11/2021  14:47:39,542083;9,421241E-1;1,812129E-1;1,723878E-1;9,423140E-1;;
30/11/2021  14:47:39,542183;9,424102E-1;1,483991E-1;1,670170E-1;9,424434E-1;;
30/11/2021  14:47:39,542283;9,421033E-1;1,260985E-1;1,546956E-1;9,425650E-1;;
30/11/2021  14:47:39,542383;9,422046E-1;1,296029E-1;1,297370E-1;9,426788E-1;;
30/11/2021  14:47:39,542483;9,421390E-1;1,397975E-1;1,597505E-1;9,427847E-1;;
30/11/2021  14:47:39,542583;9,419155E-1;1,417090E-1;1,398468E-1;9,428827E-1;;
30/11/2021  14:47:39,542683;9,416264E-1;1,362931E-1;1,360556E-1;9,429729E-1;;
30/11/2021  14:47:39,542783;9,412539E-1;1,474434E-1;1,632258E-1;9,430552E-1;;
30/11/2021  14:47:39,542883;9,417456E-1;-2,968708E-2;6,212753E-2;9,431296E-1;;
30/11/2021  14:47:39,542983;9,414834E-1;1,347002E-1;1,208909E-1;9,431961E-1;;
30/11/2021  14:47:39,543083;9,416473E-1;1,503106E-1;1,670170E-1;9,432548E-1;;
30/11/2021  14:47:39,543183;9,415847E-1;1,289658E-1;1,164678E-1;9,433058E-1;;
30/11/2021  14:47:39,543283;9,417516E-1;1,337445E-1;1,328963E-1;9,433492E-1;;
30/11/2021  14:47:39,543383;9,413582E-1;1,238685E-1;1,066739E-1;9,433852E-1;;
30/11/2021  14:47:39,543483;9,415221E-1;9,615202E-2;8,171531E-2;9,434140E-1;;
30/11/2021  14:47:39,543583;9,413284E-1;1,085766E-1;1,069899E-1;9,434358E-1;;
30/11/2021  14:47:39,543683;9,413701E-1;1,859916E-1;1,891322E-1;9,434508E-1;;
30/11/2021  14:47:39,543783;9,419662E-1;5,993878E-3;6,307532E-2;9,434592E-1;;
30/11/2021  14:47:39,543883;9,415430E-1;1,586986E-2;2,453162E-2;9,434612E-1;;
30/11/2021  14:47:39,543983;9,413671E-1;5,780180E-4;3,364175E-3;9,434573E-1;;
30/11/2021  14:47:39,544083;9,413135E-1;1,852338E-3;4,943835E-3;9,434476E-1;;
30/11/2021  14:47:39,544183;9,410184E-1;2,489498E-3;3,680107E-3;9,434325E-1;;
30/11/2021  14:47:39,544283;9,411526E-1;2,808078E-3;4,627903E-3;9,434122E-1;;
30/11/2021  14:47:39,544383;9,411943E-1;1,852338E-3;3,680107E-3;9,433868E-1;;
30/11/2021  14:47:39,544483;9,419572E-1;3,445238E-3;5,575699E-3;9,433567E-1;;
30/11/2021  14:47:39,544583;9,413731E-1;3,763818E-3;6,523495E-3;9,433223E-1;;
30/11/2021  14:47:39,544683;9,414059E-1;3,126658E-3;4,943835E-3;9,432838E-1;;
30/11/2021  14:47:39,544783;9,408605E-1;2,170918E-3;4,627903E-3;9,432416E-1;;
30/11/2021  14:47:39,544883;9,406727E-1;7,268198E-3;9,682815E-3;9,431960E-1;;
30/11/2021  14:47:39,544983;9,411287E-1;1,215178E-3;3,996039E-3;9,431471E-1;;
30/11/2021  14:47:39,545083;9,402495E-1;1,045400E-2;1,126247E-2;9,430952E-1;;
30/11/2021  14:47:39,545183;9,402913E-1;7,905358E-3;9,998747E-3;9,430404E-1;;
30/11/2021  14:47:39,545283;9,399604E-1;1,013542E-2;1,126247E-2;9,429828E-1;;
30/11/2021  14:47:39,545383;9,396594E-1;8,542518E-3;1,031468E-2;9,429225E-1;;
30/11/2021  14:47:39,545483;9,391617E-1;6,949618E-3;8,735019E-3;9,428595E-1;;
30/11/2021  14:47:39,545583;9,395790E-1;3,126658E-3;4,943835E-3;9,427939E-1;;
30/11/2021  14:47:39,545683;9,399098E-1;8,965980E-4;3,680107E-3;9,427256E-1;;
30/11/2021  14:47:39,545783;9,394687E-1;1,215178E-3;3,048243E-3;9,426547E-1;;
30/11/2021  14:47:39,545883;9,397131E-1;8,965980E-4;3,048243E-3;9,425814E-1;;
30/11/2021  14:47:39,545983;9,391677E-1;1,215178E-3;3,996039E-3;9,425057E-1;;
30/11/2021  14:47:39,546083;9,387355E-1;5,780180E-4;3,364175E-3;9,424279E-1;;
30/11/2021  14:47:39,546183;9,388071E-1;1,215178E-3;3,680107E-3;9,423478E-1;;
30/11/2021  14:47:39,546283;9,389978E-1;8,965980E-4;3,364175E-3;9,422656E-1;;
30/11/2021  14:47:39,546383;9,389203E-1;1,215178E-3;3,048243E-3;9,421813E-1;;
30/11/2021  14:47:39,546483;9,386968E-1;8,965980E-4;3,364175E-3;9,420950E-1;;
30/11/2021  14:47:39,546583;9,393644E-1;1,215178E-3;3,364175E-3;9,420068E-1;;
30/11/2021  14:47:39,546683;9,386402E-1;1,215178E-3;3,364175E-3;9,419170E-1;;
30/11/2021  14:47:39,546783;9,380560E-1;1,533758E-3;3,680107E-3;9,418255E-1;;
30/11/2021  14:47:39,546883;9,387981E-1;8,965980E-4;3,048243E-3;9,417326E-1;;
30/11/2021  14:47:39,546983;9,388518E-1;5,675298E-3;9,682815E-3;9,416382E-1;;
30/11/2021  14:47:39,547083;9,388667E-1;5,780180E-4;3,680107E-3;9,415427E-1;;
30/11/2021  14:47:39,547183;9,391587E-1;4,719558E-3;9,682815E-3;9,414462E-1;;
30/11/2021  14:47:39,547283;9,387683E-1;1,533758E-3;3,996039E-3;9,413489E-1;;
30/11/2021  14:47:39,547383;9,384614E-1;5,356718E-3;8,419087E-3;9,412511E-1;;
30/11/2021  14:47:39,547483;9,381246E-1;1,363980E-2;1,663332E-2;9,411530E-1;;
30/11/2021  14:47:39,547583;9,387087E-1;1,077258E-2;1,442179E-2;9,410546E-1;;
30/11/2021  14:47:39,547683;9,386402E-1;9,816838E-3;1,347400E-2;9,409561E-1;;
30/11/2021  14:47:39,547783;9,390425E-1;1,459554E-2;1,631739E-2;9,408577E-1;;
30/11/2021  14:47:39,547883;9,391260E-1;1,459554E-2;1,442179E-2;9,407596E-1;;
30/11/2021  14:47:39,547983;9,386670E-1;1,969282E-2;2,232009E-2;9,406622E-1;;
30/11/2021  14:47:39,548083;9,379636E-1;2,160430E-2;2,832280E-2;9,405655E-1;;
30/11/2021  14:47:39,548183;9,378385E-1;1,427696E-2;2,010857E-2;9,404698E-1;;
30/11/2021  14:47:39,548283;9,378444E-1;1,427696E-2;1,852891E-2;9,403749E-1;;
30/11/2021  14:47:39,548383;9,385239E-1;1,155854E-1;1,253139E-1;9,402810E-1;;
30/11/2021  14:47:39,548483;9,389203E-1;1,905566E-2;2,042450E-2;9,401881E-1;;
30/11/2021  14:47:39,548583;9,384077E-1;2,096714E-2;2,642721E-2;9,400964E-1;;
30/11/2021  14:47:39,548683;9,383421E-1;1,547707E-1;2,523186E-1;9,400061E-1;;
30/11/2021  14:47:39,548783;9,376656E-1;1,270543E-1;1,322644E-1;9,399173E-1;;
30/11/2021  14:47:39,548883;9,384017E-1;1,778134E-2;1,884484E-2;9,398301E-1;;
30/11/2021  14:47:39,548983;9,389531E-1;9,583344E-2;1,016190E-1;9,397445E-1;;
30/11/2021  14:47:39,549083;9,390991E-1;8,181592E-2;8,487463E-2;9,396606E-1;;
30/11/2021  14:47:39,549183;9,395015E-1;1,299215E-1;1,354238E-1;9,395788E-1;;
30/11/2021  14:47:39,549283;9,390932E-1;1,165411E-1;9,845971E-2;9,394994E-1;;
30/11/2021  14:47:39,549383;9,390544E-1;9,232906E-2;6,781430E-2;9,394224E-1;;
30/11/2021  14:47:39,549483;9,396237E-1;6,875414E-2;1,047783E-1;9,393483E-1;;
30/11/2021  14:47:39,549583;9,394806E-1;1,286472E-1;1,622780E-1;9,392771E-1;;
30/11/2021  14:47:39,549683;9,404582E-1;1,550893E-1;2,188298E-1;9,392091E-1;;
30/11/2021  14:47:39,549783;9,404880E-1;1,477620E-1;1,610142E-1;9,391447E-1;;
30/11/2021  14:47:39,549883;9,401691E-1;9,264764E-2;1,170997E-1;9,390841E-1;;
30/11/2021  14:47:39,549983;9,403926E-1;1,369303E-1;1,474292E-1;9,390276E-1;;
30/11/2021  14:47:39,550083;9,398889E-1;2,076550E-1;1,862888E-1;9,389755E-1;;
30/11/2021  14:47:39,550183;9,400856E-1;1,321516E-1;1,385831E-1;9,389278E-1;;
30/11/2021  14:47:39,550283;9,405923E-1;1,280100E-1;1,395309E-1;9,388847E-1;;
30/11/2021  14:47:39,550383;9,412539E-1;1,238685E-1;1,189953E-1;9,388464E-1;;
30/11/2021  14:47:39,550483;9,411824E-1;1,299215E-1;1,328963E-1;9,388129E-1;;
30/11/2021  14:47:39,550583;9,410989E-1;1,229127E-1;1,215227E-1;9,387845E-1;;
30/11/2021  14:47:39,550683;9,414357E-1;1,031608E-1;1,107811E-1;9,387614E-1;;
30/11/2021  14:47:39,550783;9,412002E-1;1,283286E-1;1,145722E-1;9,387437E-1;;
30/11/2021  14:47:39,550883;9,411943E-1;1,264171E-1;1,196272E-1;9,387314E-1;;
30/11/2021  14:47:39,550983;9,420556E-1;1,123996E-1;1,142563E-1;9,387247E-1;;
30/11/2021  14:47:39,551083;9,424371E-1;1,426647E-1;1,723878E-1;9,387236E-1;;
30/11/2021  14:47:39,551183;9,426934E-1;1,722926E-1;1,458495E-1;9,387283E-1;;
30/11/2021  14:47:39,551283;9,425801E-1;5,282514E-2;8,424277E-2;9,387388E-1;;
30/11/2021  14:47:39,551383;9,426844E-1;1,394789E-1;1,606983E-1;9,387555E-1;;
30/11/2021  14:47:39,551483;9,427351E-1;1,225942E-1;1,502726E-1;9,387782E-1;;
30/11/2021  14:47:39,551583;9,422761E-1;1,286472E-1;1,322644E-1;9,388071E-1;;
30/11/2021  14:47:39,551683;9,431374E-1;1,245056E-1;1,287892E-1;9,388421E-1;;
30/11/2021  14:47:39,551783;9,437961E-1;1,168597E-1;1,193112E-1;9,388831E-1;;
30/11/2021  14:47:39,551883;9,440673E-1;1,487177E-1;1,537478E-1;9,389302E-1;;
30/11/2021  14:47:39,551983;9,441060E-1;1,343816E-1;1,268936E-1;9,389835E-1;;
30/11/2021  14:47:39,552083;9,437186E-1;1,327887E-1;1,262617E-1;9,390430E-1;;
30/11/2021  14:47:39,552183;9,438020E-1;1,506292E-1;1,723878E-1;9,391086E-1;;
30/11/2021  14:47:39,552283;9,440554E-1;1,260985E-1;1,193112E-1;9,391804E-1;;
30/11/2021  14:47:39,552383;9,455545E-1;-6,963020E-4;2,137230E-2;9,392582E-1;;
30/11/2021  14:47:39,552483;9,452177E-1;7,321426E-2;8,329497E-2;9,393419E-1;;
30/11/2021  14:47:39,552583;9,454978E-1;1,136739E-1;1,129926E-1;9,394317E-1;;
30/11/2021  14:47:39,552683;9,454680E-1;8,723178E-2;6,970989E-2;9,395275E-1;;
30/11/2021  14:47:39,552783;9,451670E-1;1,139925E-1;1,208909E-1;9,396294E-1;;
30/11/2021  14:47:39,552883;9,454084E-1;1,210013E-1;1,212068E-1;9,397372E-1;;
30/11/2021  14:47:39,552983;9,452624E-1;1,171783E-1;1,155200E-1;9,398507E-1;;
30/11/2021  14:47:39,553083;9,452237E-1;1,372488E-1;1,316326E-1;9,399696E-1;;
30/11/2021  14:47:39,553183;9,455932E-1;8,882468E-2;8,361090E-2;9,400938E-1;;
30/11/2021  14:47:39,553283;9,451462E-1;1,184526E-1;1,114129E-1;9,402229E-1;;
30/11/2021  14:47:39,553383;9,445918E-1;1,041165E-1;1,126766E-1;9,403566E-1;;
30/11/2021  14:47:39,553483;9,439898E-1;1,127182E-1;1,158360E-1;9,404943E-1;;
30/11/2021  14:47:39,553583;9,439123E-1;1,060280E-1;1,110970E-1;9,406356E-1;;
30/11/2021  14:47:39,553683;9,441239E-1;9,774492E-2;1,022509E-1;9,407797E-1;;
30/11/2021  14:47:39,553783;9,437037E-1;8,468314E-2;8,803395E-2;9,409261E-1;;
30/11/2021  14:47:39,553883;9,431255E-1;9,901924E-2;8,803395E-2;9,410739E-1;;
30/11/2021  14:47:39,553983;9,423357E-1;7,926728E-2;8,613836E-2;9,412227E-1;;
30/11/2021  14:47:39,554083;9,424520E-1;4,645354E-2;3,811669E-2;9,413714E-1;;
30/11/2021  14:47:39,554183;9,414089E-1;7,576290E-2;8,424277E-2;9,415193E-1;;
30/11/2021  14:47:39,554283;9,410661E-1;9,264764E-2;1,183634E-1;9,416654E-1;;
30/11/2021  14:47:39,554383;9,411079E-1;4,082398E-3;2,484755E-2;9,418089E-1;;
30/11/2021  14:47:39,554483;9,412837E-1;3,371034E-2;3,780076E-2;9,419488E-1;;
30/11/2021  14:47:39,554583;9,405714E-1;6,811698E-2;8,803395E-2;9,420844E-1;;
30/11/2021  14:47:39,554683;9,402823E-1;3,211744E-2;3,400958E-2;9,422149E-1;;
30/11/2021  14:47:39,554783;9,397846E-1;3,976336E-2;4,159195E-2;9,423394E-1;;
30/11/2021  14:47:39,554883;9,392899E-1;1,257800E-1;1,388990E-1;9,424574E-1;;
30/11/2021  14:47:39,554983;9,391051E-1;4,103768E-2;4,791059E-2;9,425680E-1;;
30/11/2021  14:47:39,555083;9,399187E-1;1,047537E-1;1,016190E-1;9,426705E-1;;
30/11/2021  14:47:39,555183;9,399962E-1;1,308772E-1;1,518522E-1;9,427644E-1;;
30/11/2021  14:47:39,555283;9,390723E-1;1,378860E-1;1,158360E-1;9,428493E-1;;
30/11/2021  14:47:39,555383;9,388100E-1;1,538150E-1;1,237343E-1;9,429249E-1;;
30/11/2021  14:47:39,555483;9,379100E-1;1,321516E-1;1,009872E-1;9,429909E-1;;
30/11/2021  14:47:39,555583;9,380829E-1;1,318330E-1;1,202590E-1;9,430467E-1;;
30/11/2021  14:47:39,555683;9,385508E-1;1,496735E-1;1,186794E-1;9,430921E-1;;
30/11/2021  14:47:39,555783;9,383690E-1;1,503106E-1;1,588027E-1;9,431268E-1;;
30/11/2021  14:47:39,555883;9,383451E-1;1,385232E-1;1,461654E-1;9,431508E-1;;
30/11/2021  14:47:39,555983;9,378265E-1;1,378860E-1;1,559593E-1;9,431639E-1;;
30/11/2021  14:47:39,556083;9,375732E-1;2,797590E-2;4,285567E-2;9,431663E-1;;
30/11/2021  14:47:39,556183;9,376567E-1;1,251428E-1;1,272095E-1;9,431578E-1;;
30/11/2021  14:47:39,556283;9,371083E-1;1,165411E-1;1,177316E-1;9,431386E-1;;
30/11/2021  14:47:39,556383;9,376567E-1;1,222756E-1;1,249980E-1;9,431087E-1;;
30/11/2021  14:47:39,556483;9,379726E-1;2,797590E-2;1,410586E-2;9,430683E-1;;
30/11/2021  14:47:39,556583;9,378236E-1;1,200455E-1;1,240502E-1;9,430176E-1;;
30/11/2021  14:47:39,556683;9,372513E-1;1,254614E-1;1,262617E-1;9,429571E-1;;
30/11/2021  14:47:39,556783;9,368997E-1;1,296029E-1;1,237343E-1;9,428871E-1;;
30/11/2021  14:47:39,556883;9,367447E-1;1,245056E-1;1,101492E-1;9,428078E-1;;
30/11/2021  14:47:39,556983;9,373259E-1;4,390490E-2;7,286922E-2;9,427196E-1;;
30/11/2021  14:47:39,557083;9,377073E-1;1,031608E-1;1,044624E-1;9,426228E-1;;
30/11/2021  14:47:39,557183;9,374570E-1;9,710776E-2;9,593225E-2;9,425180E-1;;
30/11/2021  14:47:39,557283;9,373378E-1;5,346230E-2;2,895467E-2;9,424057E-1;;
30/11/2021  14:47:39,557383;9,370487E-1;1,311958E-1;1,332122E-1;9,422865E-1;;
30/11/2021  14:47:39,557483;9,369444E-1;1,356559E-1;1,322644E-1;9,421608E-1;;
30/11/2021  14:47:39,557583;9,367387E-1;1,391603E-1;1,360556E-1;9,420291E-1;;
30/11/2021  14:47:39,557683;9,369652E-1;1,238685E-1;1,237343E-1;9,418919E-1;;
30/11/2021  14:47:39,557783;9,364169E-1;1,143111E-1;1,133085E-1;9,417497E-1;;
30/11/2021  14:47:39,557883;9,369265E-1;1,216384E-1;1,284732E-1;9,416029E-1;;
30/11/2021  14:47:39,557983;9,365003E-1;1,748413E-1;1,758630E-1;9,414520E-1;;
30/11/2021  14:47:39,558083;9,361933E-1;1,315144E-1;1,294210E-1;9,412975E-1;;
30/11/2021  14:47:39,558183;9,359341E-1;1,235499E-1;1,183634E-1;9,411397E-1;;
30/11/2021  14:47:39,558283;9,358774E-1;1,257800E-1;1,202590E-1;9,409790E-1;;
30/11/2021  14:47:39,558383;9,356301E-1;1,292843E-1;1,145722E-1;9,408158E-1;;
30/11/2021  14:47:39,558483;9,358446E-1;1,796200E-1;1,780746E-1;9,406503E-1;;
30/11/2021  14:47:39,558583;9,353887E-1;7,894870E-2;7,223735E-2;9,404829E-1;;
30/11/2021  14:47:39,558683;9,349893E-1;1,327887E-1;1,464814E-1;9,403139E-1;;
30/11/2021  14:47:39,558783;9,343664E-1;1,331073E-1;1,471132E-1;9,401436E-1;;
30/11/2021  14:47:39,558883;9,343187E-1;1,662396E-1;1,363715E-1;9,399719E-1;;
30/11/2021  14:47:39,558983;9,344767E-1;1,347002E-1;1,338441E-1;9,397992E-1;;
30/11/2021  14:47:39,559083;9,346525E-1;1,327887E-1;1,335282E-1;9,396254E-1;;
30/11/2021  14:47:39,559183;9,344827E-1;1,388417E-1;1,316326E-1;9,394509E-1;;
30/11/2021  14:47:39,559283;9,335915E-1;7,257710E-2;1,265777E-1;9,392758E-1;;
30/11/2021  14:47:39,559383;9,334604E-1;1,264171E-1;1,284732E-1;9,391002E-1;;
30/11/2021  14:47:39,559483;9,325902E-1;1,264171E-1;1,275255E-1;9,389241E-1;;
30/11/2021  14:47:39,559583;9,324143E-1;1,254614E-1;1,221546E-1;9,387476E-1;;
30/11/2021  14:47:39,559683;9,326051E-1;1,340630E-1;1,373193E-1;9,385706E-1;;
30/11/2021  14:47:39,559783;9,324888E-1;1,343816E-1;1,420583E-1;9,383929E-1;;
30/11/2021  14:47:39,559883;9,330372E-1;1,296029E-1;1,218387E-1;9,382147E-1;;
30/11/2021  14:47:39,559983;9,330044E-1;6,631038E-3;3,085026E-2;9,380359E-1;;
30/11/2021  14:47:39,560083;9,325604E-1;1,343816E-1;1,616461E-1;9,378569E-1;;
30/11/2021  14:47:39,560183;9,326200E-1;1,777085E-1;2,219891E-1;9,376777E-1;;
30/11/2021  14:47:39,560283;9,321491E-1;1,270543E-1;1,189953E-1;9,374984E-1;;
30/11/2021  14:47:39,560383;9,330193E-1;1,276914E-1;1,234183E-1;9,373193E-1;;
30/11/2021  14:47:39,560483;9,332250E-1;1,114439E-1;1,268936E-1;9,371406E-1;;
30/11/2021  14:47:39,560583;9,332071E-1;9,965640E-2;1,013031E-1;9,369624E-1;;
30/11/2021  14:47:39,560683;9,330432E-1;1,633724E-1;1,834454E-1;9,367853E-1;;
30/11/2021  14:47:39,560783;9,333412E-1;1,165411E-1;1,170997E-1;9,366095E-1;;
30/11/2021  14:47:39,560883;9,338151E-1;1,684697E-1;1,591187E-1;9,364353E-1;;
30/11/2021  14:47:39,560983;9,343813E-1;1,254614E-1;1,218387E-1;9,362632E-1;;
30/11/2021  14:47:39,561083;9,344350E-1;1,267357E-1;1,291051E-1;9,360937E-1;;
30/11/2021  14:47:39,561183;9,355049E-1;8,309024E-2;9,940750E-2;9,359273E-1;;
30/11/2021  14:47:39,561283;9,360384E-1;1,388417E-1;1,275255E-1;9,357647E-1;;
30/11/2021  14:47:39,561383;9,359221E-1;1,394789E-1;1,366875E-1;9,356065E-1;;
30/11/2021  14:47:39,561483;9,365897E-1;-1,917394E-2;7,950379E-2;9,354536E-1;;
30/11/2021  14:47:39,561583;9,365748E-1;1,620981E-1;2,450522E-1;9,353065E-1;;
30/11/2021  14:47:39,561683;9,376656E-1;1,248242E-1;1,310007E-1;9,351661E-1;;
30/11/2021  14:47:39,561783;9,380948E-1;1,299215E-1;1,174156E-1;9,350329E-1;;
30/11/2021  14:47:39,561883;9,393048E-1;1,254614E-1;1,158360E-1;9,349077E-1;;
30/11/2021  14:47:39,561983;9,390336E-1;4,454206E-2;8,582243E-2;9,347915E-1;;
30/11/2021  14:47:39,562083;9,391558E-1;1,417090E-1;1,543797E-1;9,346850E-1;;
30/11/2021  14:47:39,562183;9,394121E-1;1,945932E-1;1,616461E-1;9,345888E-1;;
30/11/2021  14:47:39,562283;9,393346E-1;1,359745E-1;1,455336E-1;9,345036E-1;;
30/11/2021  14:47:39,562383;9,403926E-1;1,375674E-1;1,392149E-1;9,344297E-1;;
30/11/2021  14:47:39,562483;9,412867E-1;1,197269E-1;1,316326E-1;9,343678E-1;;
30/11/2021  14:47:39,562583;9,407800E-1;1,283286E-1;1,388990E-1;9,343183E-1;;
30/11/2021  14:47:39,562683;9,411019E-1;1,276914E-1;1,177316E-1;9,342816E-1;;
30/11/2021  14:47:39,562783;9,408903E-1;1,088952E-1;8,203124E-2;9,342582E-1;;
30/11/2021  14:47:39,562883;9,410870E-1;1,474434E-1;1,373193E-1;9,342480E-1;;
30/11/2021  14:47:39,562983;9,415311E-1;1,767528E-1;1,723878E-1;9,342514E-1;;
30/11/2021  14:47:39,563083;9,417725E-1;1,372488E-1;1,310007E-1;9,342681E-1;;
30/11/2021  14:47:39,563183;9,423119E-1;1,257800E-1;1,347919E-1;9,342984E-1;;
30/11/2021  14:47:39,563283;9,427202E-1;1,363980E-2;8,803395E-2;9,343422E-1;;
30/11/2021  14:47:39,563383;9,425771E-1;3,116170E-2;7,729226E-2;9,343994E-1;;
30/11/2021  14:47:39,563483;9,428901E-1;1,665582E-1;1,963986E-1;9,344700E-1;;
30/11/2021  14:47:39,563583;9,423536E-1;1,969282E-2;9,466852E-2;9,345538E-1;;
30/11/2021  14:47:39,563683;9,425712E-1;1,219570E-1;1,246821E-1;9,346504E-1;;
30/11/2021  14:47:39,563783;9,430749E-1;1,088952E-1;1,183634E-1;9,347596E-1;;
30/11/2021  14:47:39,563883;9,430182E-1;1,159040E-1;1,199431E-1;9,348810E-1;;
30/11/2021  14:47:39,563983;9,426487E-1;4,400978E-3;7,471291E-3;9,350140E-1;;
30/11/2021  14:47:39,564083;9,435636E-1;1,215178E-3;3,680107E-3;9,351581E-1;;
30/11/2021  14:47:39,564183;9,426278E-1;1,533758E-3;3,680107E-3;9,353130E-1;;
30/11/2021  14:47:39,564283;9,425712E-1;1,215178E-3;3,996039E-3;9,354778E-1;;
30/11/2021  14:47:39,564383;9,426159E-1;3,763818E-3;5,891631E-3;9,356520E-1;;
30/11/2021  14:47:39,564483;9,433520E-1;5,780180E-4;2,732311E-3;9,358348E-1;;
30/11/2021  14:47:39,564583;9,437246E-1;1,533758E-3;3,364175E-3;9,360256E-1;;
30/11/2021  14:47:39,564683;9,432984E-1;1,215178E-3;3,364175E-3;9,362236E-1;;
30/11/2021  14:47:39,564783;9,428752E-1;2,489498E-3;3,996039E-3;9,364284E-1;;
30/11/2021  14:47:39,564883;9,423953E-1;3,763818E-3;5,891631E-3;9,366391E-1;;
30/11/2021  14:47:39,564983;9,425146E-1;5,993878E-3;7,471291E-3;9,368549E-1;;
30/11/2021  14:47:39,565083;9,427381E-1;5,993878E-3;8,419087E-3;9,370750E-1;;
30/11/2021  14:47:39,565183;9,430898E-1;7,586778E-3;9,998747E-3;9,372986E-1;;
30/11/2021  14:47:39,565283;9,432269E-1;8,861098E-3;9,682815E-3;9,375248E-1;;
30/11/2021  14:47:39,565383;9,432626E-1;3,445238E-3;5,575699E-3;9,377532E-1;;
30/11/2021  14:47:39,565483;9,432775E-1;7,586778E-3;9,366883E-3;9,379829E-1;;
30/11/2021  14:47:39,565583;9,434861E-1;4,082398E-3;5,891631E-3;9,382135E-1;;
30/11/2021  14:47:39,565683;9,434832E-1;2,489498E-3;4,311971E-3;9,384443E-1;;
30/11/2021  14:47:39,565783;9,439868E-1;1,215178E-3;3,364175E-3;9,386748E-1;;
30/11/2021  14:47:39,565883;9,441984E-1;1,215178E-3;3,680107E-3;9,389045E-1;;
30/11/2021  14:47:39,565983;9,453250E-1;8,965980E-4;3,364175E-3;9,391332E-1;;
30/11/2021  14:47:39,566083;9,452564E-1;1,215178E-3;2,732311E-3;9,393605E-1;;
30/11/2021  14:47:39,566183;9,453101E-1;8,965980E-4;3,048243E-3;9,395863E-1;;
30/11/2021  14:47:39,566283;9,453995E-1;1,215178E-3;3,680107E-3;9,398104E-1;;
30/11/2021  14:47:39,566383;9,461416E-1;1,215178E-3;3,680107E-3;9,400328E-1;;
30/11/2021  14:47:39,566483;9,468092E-1;4,082398E-3;5,575699E-3;9,402534E-1;;
30/11/2021  14:47:39,566583;9,474291E-1;8,965980E-4;3,048243E-3;9,404721E-1;;
30/11/2021  14:47:39,566683;9,468390E-1;1,215178E-3;3,364175E-3;9,406893E-1;;
30/11/2021  14:47:39,566783;9,472652E-1;1,533758E-3;3,364175E-3;9,409049E-1;;
30/11/2021  14:47:39,566883;9,476735E-1;1,215178E-3;3,680107E-3;9,411190E-1;;
30/11/2021  14:47:39,566983;9,479357E-1;8,965980E-4;3,680107E-3;9,413317E-1;;
30/11/2021  14:47:39,567083;9,479685E-1;-5,914200E-5;2,416379E-3;9,415431E-1;;
30/11/2021  14:47:39,567183;9,480698E-1;1,215178E-3;3,680107E-3;9,417534E-1;;
30/11/2021  14:47:39,567283;9,487970E-1;1,215178E-3;4,311971E-3;9,419626E-1;;
30/11/2021  14:47:39,567383;9,491875E-1;7,586778E-3;9,366883E-3;9,421708E-1;;
30/11/2021  14:47:39,567483;9,488954E-1;1,140974E-2;1,410586E-2;9,423781E-1;;
30/11/2021  14:47:39,567583;9,486003E-1;1,013542E-2;1,378993E-2;9,425848E-1;;
30/11/2021  14:47:39,567683;9,485705E-1;1,491412E-2;1,726518E-2;9,427907E-1;;
30/11/2021  14:47:39,567783;9,492173E-1;8,223938E-3;1,126247E-2;9,429960E-1;;
30/11/2021  14:47:39,567883;9,497835E-1;8,861098E-3;1,378993E-2;9,432005E-1;;
30/11/2021  14:47:39,567983;9,497507E-1;1,236548E-2;1,505366E-2;9,434043E-1;;
30/11/2021  14:47:39,568083;9,496166E-1;2,256004E-2;3,622110E-2;9,436074E-1;;
30/11/2021  14:47:39,568183;9,492828E-1;8,149734E-2;8,740209E-2;9,438099E-1;;
30/11/2021  14:47:39,568283;9,492679E-1;5,601094E-2;6,718244E-2;9,440116E-1;;
30/11/2021  14:47:39,568383;9,492649E-1;1,332122E-2;1,694925E-2;9,442125E-1;;
30/11/2021  14:47:39,568483;9,494289E-1;4,103768E-2;5,328143E-2;9,444123E-1;;
30/11/2021  14:47:39,568583;9,492471E-1;1,448948E-1;1,976624E-1;9,446109E-1;;
30/11/2021  14:47:39,568683;9,495093E-1;1,327887E-1;1,398468E-1;9,448080E-1;;
30/11/2021  14:47:39,568783;9,487344E-1;8,978042E-2;1,003553E-1;9,450035E-1;;
30/11/2021  14:47:39,568883;9,485616E-1;1,127182E-1;9,530039E-2;9,451970E-1;;
30/11/2021  14:47:39,568983;9,481741E-1;1,570008E-1;1,537478E-1;9,453882E-1;;
30/11/2021  14:47:39,569083;9,480460E-1;3,817046E-2;5,422923E-2;9,455766E-1;;
30/11/2021  14:47:39,569183;9,483291E-1;9,105474E-2;1,186794E-1;9,457619E-1;;
30/11/2021  14:47:39,569283;9,486927E-1;1,337445E-1;1,303688E-1;9,459435E-1;;
30/11/2021  14:47:39,569383;9,481980E-1;7,193994E-2;8,203124E-2;9,461213E-1;;
30/11/2021  14:47:39,569483;9,483083E-1;1,174969E-1;1,186794E-1;9,462949E-1;;
30/11/2021  14:47:39,569583;9,480728E-1;1,210013E-1;1,218387E-1;9,464639E-1;;
30/11/2021  14:47:39,569683;9,481443E-1;1,369303E-1;1,433221E-1;9,466281E-1;;
30/11/2021  14:47:39,569783;9,484096E-1;1,401161E-1;1,338441E-1;9,467873E-1;;
30/11/2021  14:47:39,569883;9,487583E-1;1,257800E-1;1,234183E-1;9,469411E-1;;
30/11/2021  14:47:39,569983;9,479834E-1;1,213198E-1;1,357397E-1;9,470895E-1;;
30/11/2021  14:47:39,570083;9,479238E-1;1,420275E-1;1,534319E-1;9,472323E-1;;
30/11/2021  14:47:39,570183;9,477629E-1;1,260985E-1;1,310007E-1;9,473693E-1;;
30/11/2021  14:47:39,570283;9,464992E-1;1,264171E-1;1,085695E-1;9,475003E-1;;
30/11/2021  14:47:39,570383;9,461028E-1;1,232313E-1;1,325804E-1;9,476249E-1;;
30/11/2021  14:47:39,570483;9,464843E-1;1,162226E-1;1,120448E-1;9,477427E-1;;
30/11/2021  14:47:39,570583;9,469492E-1;1,229127E-1;1,240502E-1;9,478534E-1;;
30/11/2021  14:47:39,570683;9,468122E-1;9,997498E-2;7,697633E-2;9,479567E-1;;
30/11/2021  14:47:39,570783;9,467347E-1;1,200455E-1;1,379512E-1;9,480524E-1;;
30/11/2021  14:47:39,570883;9,458823E-1;1,433019E-1;1,512204E-1;9,481404E-1;;
30/11/2021  14:47:39,570983;9,453935E-1;5,441804E-2;1,227865E-1;9,482206E-1;;
30/11/2021  14:47:39,571083;9,453429E-1;1,324701E-1;1,328963E-1;9,482928E-1;;
30/11/2021  14:47:39,571183;9,460283E-1;1,334259E-1;1,335282E-1;9,483566E-1;;
30/11/2021  14:47:39,571283;9,464784E-1;1,257800E-1;1,196272E-1;9,484120E-1;;
30/11/2021  14:47:39,571383;9,464605E-1;1,401161E-1;1,625939E-1;9,484590E-1;;
30/11/2021  14:47:39,571483;9,461446E-1;1,302401E-1;1,294210E-1;9,484979E-1;;
30/11/2021  14:47:39,571583;9,461922E-1;1,165411E-1;1,237343E-1;9,485288E-1;;
30/11/2021  14:47:39,571683;9,456856E-1;1,047537E-1;8,929768E-2;9,485518E-1;;
30/11/2021  14:47:39,571783;9,459210E-1;1,620981E-1;1,622780E-1;9,485671E-1;;
30/11/2021  14:47:39,571883;9,461088E-1;1,372488E-1;1,278414E-1;9,485750E-1;;
30/11/2021  14:47:39,571983;9,469343E-1;1,085766E-1;1,291051E-1;9,485755E-1;;
30/11/2021  14:47:39,572083;9,463532E-1;9,774492E-2;8,898175E-2;9,485691E-1;;
30/11/2021  14:47:39,572183;9,463919E-1;1,843987E-1;1,360556E-1;9,485563E-1;;
30/11/2021  14:47:39,572283;9,453667E-1;1,404346E-1;1,338441E-1;9,485372E-1;;
30/11/2021  14:47:39,572383;9,452892E-1;1,241871E-1;1,256299E-1;9,485122E-1;;
30/11/2021  14:47:39,572483;9,457392E-1;1,018865E-1;1,158360E-1;9,484814E-1;;
30/11/2021  14:47:39,572583;9,460283E-1;6,588692E-2;1,164678E-1;9,484452E-1;;
30/11/2021  14:47:39,572683;9,456618E-1;1,127182E-1;1,262617E-1;9,484037E-1;;
30/11/2021  14:47:39,572783;9,453578E-1;1,276914E-1;1,430061E-1;9,483572E-1;;
30/11/2021  14:47:39,572883;9,440941E-1;1,190898E-1;1,167838E-1;9,483061E-1;;
30/11/2021  14:47:39,572983;9,436650E-1;1,280100E-1;1,199431E-1;9,482504E-1;;
30/11/2021  14:47:39,573083;9,431196E-1;1,257800E-1;1,088855E-1;9,481900E-1;;
30/11/2021  14:47:39,573183;9,426040E-1;1,254614E-1;1,193112E-1;9,481248E-1;;
30/11/2021  14:47:39,573283;9,423477E-1;4,709070E-2;4,380347E-2;9,480547E-1;;
30/11/2021  14:47:39,573383;9,418589E-1;1,267357E-1;1,158360E-1;9,479794E-1;;
30/11/2021  14:47:39,573483;9,414238E-1;1,109116E-2;6,839427E-3;9,478987E-1;;
30/11/2021  14:47:39,573583;9,405029E-1;1,305587E-1;1,581709E-1;9,478124E-1;;
30/11/2021  14:47:39,573683;9,398174E-1;1,174969E-1;1,060421E-1;9,477202E-1;;
30/11/2021  14:47:39,573783;9,388100E-1;1,002936E-1;1,073058E-1;9,476217E-1;;
30/11/2021  14:47:39,573883;9,397816E-1;2,925022E-2;4,032822E-2;9,475164E-1;;
30/11/2021  14:47:39,573983;9,396475E-1;3,052454E-2;2,547941E-2;9,474040E-1;;
30/11/2021  14:47:39,574083;9,387296E-1;1,092138E-1;1,170997E-1;9,472844E-1;;
30/11/2021  14:47:39,574183;9,382140E-1;8,468314E-2;9,024547E-2;9,471573E-1;;
30/11/2021  14:47:39,574283;9,377908E-1;7,958586E-2;9,277293E-2;9,470226E-1;;
30/11/2021  14:47:39,574383;9,376954E-1;1,050723E-1;1,189953E-1;9,468800E-1;;
30/11/2021  14:47:39,574483;9,369503E-1;7,257710E-2;8,108345E-2;9,467294E-1;;
30/11/2021  14:47:39,574583;9,372066E-1;1,586986E-2;1,821298E-2;9,465707E-1;;
30/11/2021  14:47:39,574683;9,370994E-1;8,277166E-2;9,751191E-2;9,464038E-1;;
30/11/2021  14:47:39,574783;9,362798E-1;9,519628E-2;9,688005E-2;9,462286E-1;;
30/11/2021  14:47:39,574883;9,354811E-1;1,332122E-2;2,674314E-2;9,460452E-1;;
30/11/2021  14:47:39,574983;9,351771E-1;7,831154E-2;9,182514E-2;9,458536E-1;;
30/11/2021  14:47:39,575083;9,351443E-1;1,117624E-1;1,218387E-1;9,456536E-1;;
30/11/2021  14:47:39,575183;9,349953E-1;7,289568E-2;8,361090E-2;9,454453E-1;;
30/11/2021  14:47:39,575283;9,353320E-1;1,375674E-1;1,490088E-1;9,452288E-1;;
30/11/2021  14:47:39,575383;9,354036E-1;1,458505E-1;1,328963E-1;9,450043E-1;;
30/11/2021  14:47:39,575483;9,347419E-1;4,740928E-2;5,517702E-2;9,447721E-1;;
30/11/2021  14:47:39,575583;9,341101E-1;1,754784E-1;1,698603E-1;9,445325E-1;;
30/11/2021  14:47:39,575683;9,343992E-1;1,037979E-1;7,160549E-2;9,442858E-1;;
30/11/2021  14:47:39,575783;9,338955E-1;1,557265E-1;1,423743E-1;9,440324E-1;;
30/11/2021  14:47:39,575883;9,352933E-1;1,334259E-1;1,436380E-1;9,437725E-1;;
30/11/2021  14:47:39,575983;9,353708E-1;1,216384E-1;1,107811E-1;9,435068E-1;;
30/11/2021  14:47:39,576083;9,361755E-1;1,550893E-1;1,493248E-1;9,432359E-1;;
30/11/2021  14:47:39,576183;9,365569E-1;1,254614E-1;1,133085E-1;9,429607E-1;;
30/11/2021  14:47:39,576283;9,359251E-1;1,190898E-1;9,814378E-2;9,426821E-1;;
30/11/2021  14:47:39,576383;9,362172E-1;1,181340E-1;1,003553E-1;9,424011E-1;;
30/11/2021  14:47:39,576483;9,371858E-1;1,321516E-1;1,265777E-1;9,421186E-1;;
30/11/2021  14:47:39,576583;9,382259E-1;1,085766E-1;9,403666E-2;9,418355E-1;;
30/11/2021  14:47:39,576683;9,388130E-1;9,615202E-2;7,887192E-2;9,415531E-1;;
30/11/2021  14:47:39,576783;9,396266E-1;1,159040E-1;1,126766E-1;9,412726E-1;;
30/11/2021  14:47:39,576883;9,384763E-1;2,192288E-2;5,296550E-2;9,409952E-1;;
30/11/2021  14:47:39,576983;9,385478E-1;1,130368E-1;1,114129E-1;9,407223E-1;;
30/11/2021  14:47:39,577083;9,386670E-1;1,343816E-1;1,347919E-1;9,404547E-1;;
30/11/2021  14:47:39,577183;9,390664E-1;1,251428E-1;1,281573E-1;9,401934E-1;;
30/11/2021  14:47:39,577283;9,395015E-1;1,130368E-1;1,161519E-1;9,399392E-1;;
30/11/2021  14:47:39,577383;9,394299E-1;1,251428E-1;1,189953E-1;9,396930E-1;;
30/11/2021  14:47:39,577483;9,386253E-1;1,123996E-1;1,145722E-1;9,394556E-1;;
30/11/2021  14:47:39,577583;9,382825E-1;1,210013E-1;1,189953E-1;9,392275E-1;;
30/11/2021  14:47:39,577683;9,378504E-1;1,162226E-1;1,120448E-1;9,390091E-1;;
30/11/2021  14:47:39,577783;9,373527E-1;1,353374E-1;1,496407E-1;9,388007E-1;;
30/11/2021  14:47:39,577883;9,378981E-1;1,353374E-1;1,281573E-1;9,386023E-1;;
30/11/2021  14:47:39,577983;9,372543E-1;1,203641E-1;1,215227E-1;9,384140E-1;;
30/11/2021  14:47:39,578083;9,372424E-1;1,187712E-1;1,126766E-1;9,382358E-1;;
30/11/2021  14:47:39,578183;9,370397E-1;1,190898E-1;1,164678E-1;9,380675E-1;;
30/11/2021  14:47:39,578283;9,364526E-1;1,022050E-1;1,246821E-1;9,379090E-1;;
30/11/2021  14:47:39,578383;9,364377E-1;6,365686E-2;9,972343E-2;9,377600E-1;;
30/11/2021  14:47:39,578483;9,358506E-1;1,299215E-1;1,265777E-1;9,376202E-1;;
30/11/2021  14:47:39,578583;9,364407E-1;1,302401E-1;1,322644E-1;9,374892E-1;;
30/11/2021  14:47:39,578683;9,369295E-1;1,283286E-1;1,313166E-1;9,373665E-1;;
30/11/2021  14:47:39,578783;9,364467E-1;1,168597E-1;1,231024E-1;9,372520E-1;;
30/11/2021  14:47:39,578883;9,365391E-1;1,251428E-1;1,246821E-1;9,371454E-1;;
30/11/2021  14:47:39,578983;9,359341E-1;1,241871E-1;1,183634E-1;9,370463E-1;;
30/11/2021  14:47:39,579083;9,357016E-1;1,665582E-1;1,275255E-1;9,369544E-1;;
30/11/2021  14:47:39,579183;9,356032E-1;1,299215E-1;1,392149E-1;9,368693E-1;;
30/11/2021  14:47:39,579283;9,355585E-1;1,292843E-1;1,208909E-1;9,367905E-1;;
30/11/2021  14:47:39,579383;9,348611E-1;1,550893E-1;1,701763E-1;9,367175E-1;;
30/11/2021  14:47:39,579483;9,349208E-1;1,152668E-1;1,054102E-1;9,366498E-1;;
30/11/2021  14:47:39,579583;9,334783E-1;1,213198E-1;1,057261E-1;9,365869E-1;;
30/11/2021  14:47:39,579683;9,323845E-1;1,315144E-1;1,499566E-1;9,365281E-1;;
30/11/2021  14:47:39,579783;9,320954E-1;1,280100E-1;1,300529E-1;9,364725E-1;;
30/11/2021  14:47:39,579883;9,317646E-1;1,315144E-1;1,297370E-1;9,364192E-1;;
30/11/2021  14:47:39,579983;9,318808E-1;1,515849E-1;1,812339E-1;9,363672E-1;;
30/11/2021  14:47:39,580083;9,307662E-1;1,311958E-1;1,227865E-1;9,363157E-1;;
30/11/2021  14:47:39,580183;9,306172E-1;1,573194E-1;1,885003E-1;9,362639E-1;;
30/11/2021  14:47:39,580283;9,300778E-1;1,165411E-1;1,189953E-1;9,362109E-1;;
30/11/2021  14:47:39,580383;9,299735E-1;1,260985E-1;1,259458E-1;9,361558E-1;;
30/11/2021  14:47:39,580483;9,298095E-1;1,248242E-1;1,231024E-1;9,360978E-1;;
30/11/2021  14:47:39,580583;9,302894E-1;1,289658E-1;1,319485E-1;9,360364E-1;;
30/11/2021  14:47:39,580683;9,305248E-1;1,321516E-1;1,300529E-1;9,359710E-1;;
30/11/2021  14:47:39,580783;9,304861E-1;1,296029E-1;1,287892E-1;9,359012E-1;;
30/11/2021  14:47:39,580883;9,301523E-1;1,353374E-1;1,332122E-1;9,358267E-1;;
30/11/2021  14:47:39,580983;9,296873E-1;1,130368E-1;8,866581E-2;9,357474E-1;;
30/11/2021  14:47:39,581083;9,298304E-1;1,423461E-1;1,594346E-1;9,356631E-1;;
30/11/2021  14:47:39,581183;9,300182E-1;1,276914E-1;1,237343E-1;9,355736E-1;;
30/11/2021  14:47:39,581283;9,307483E-1;9,296622E-2;9,688005E-2;9,354789E-1;;
30/11/2021  14:47:39,581383;9,303132E-1;1,554079E-1;1,689125E-1;9,353791E-1;;
30/11/2021  14:47:39,581483;9,307930E-1;8,117876E-2;1,117289E-1;9,352743E-1;;
30/11/2021  14:47:39,581583;9,304890E-1;1,340630E-1;1,363715E-1;9,351649E-1;;
30/11/2021  14:47:39,581683;9,303698E-1;1,372488E-1;1,354238E-1;9,350511E-1;;
30/11/2021  14:47:39,581783;9,302238E-1;1,015679E-1;1,215227E-1;9,349332E-1;;
30/11/2021  14:47:39,581883;9,309272E-1;1,302401E-1;1,332122E-1;9,348115E-1;;
30/11/2021  14:47:39,581983;9,315977E-1;1,324701E-1;1,313166E-1;9,346863E-1;;
30/11/2021  14:47:39,582083;9,309480E-1;1,302401E-1;1,357397E-1;9,345581E-1;;
30/11/2021  14:47:39,582183;9,314815E-1;1,305587E-1;1,237343E-1;9,344275E-1;;
30/11/2021  14:47:39,582283;9,311090E-1;1,452133E-1;1,351078E-1;9,342950E-1;;
30/11/2021  14:47:39,582383;9,313086E-1;4,263058E-2;7,034176E-2;9,341610E-1;;
30/11/2021  14:47:39,582483;9,318570E-1;1,375674E-1;1,575390E-1;9,340260E-1;;
30/11/2021  14:47:39,582583;9,321282E-1;1,194084E-1;1,076217E-1;9,338906E-1;;
30/11/2021  14:47:39,582683;9,329061E-1;9,901924E-2;1,025668E-1;9,337554E-1;;
30/11/2021  14:47:39,582783;9,320209E-1;1,805757E-1;1,818658E-1;9,336210E-1;;
30/11/2021  14:47:39,582883;9,327183E-1;1,474434E-1;1,610142E-1;9,334880E-1;;
30/11/2021  14:47:39,582983;9,322921E-1;1,592309E-1;1,701763E-1;9,333570E-1;;
30/11/2021  14:47:39,583083;9,325484E-1;1,474434E-1;1,430061E-1;9,332285E-1;;
30/11/2021  14:47:39,583183;9,326408E-1;1,557265E-1;1,483770E-1;9,331029E-1;;
30/11/2021  14:47:39,583283;9,335230E-1;1,366117E-1;1,341600E-1;9,329808E-1;;
30/11/2021  14:47:39,583383;9,335707E-1;1,194084E-1;1,231024E-1;9,328626E-1;;
30/11/2021  14:47:39,583483;9,333382E-1;1,280100E-1;1,347919E-1;9,327489E-1;;
30/11/2021  14:47:39,583583;9,335617E-1;1,225942E-1;1,253139E-1;9,326401E-1;;
30/11/2021  14:47:39,583683;9,323756E-1;1,171783E-1;1,193112E-1;9,325367E-1;;
30/11/2021  14:47:39,583783;9,329597E-1;1,085766E-1;9,340479E-2;9,324388E-1;;
30/11/2021  14:47:39,583883;9,333591E-1;7,990444E-2;9,561632E-2;9,323466E-1;;
30/11/2021  14:47:39,583983;9,334008E-1;2,489498E-3;5,575699E-3;9,322602E-1;;
30/11/2021  14:47:39,584083;9,334008E-1;8,542518E-3;1,031468E-2;9,321800E-1;;
30/11/2021  14:47:39,584183;9,333382E-1;1,215178E-3;2,732311E-3;9,321059E-1;;
30/11/2021  14:47:39,584283;9,328673E-1;4,082398E-3;6,207563E-3;9,320382E-1;;
30/11/2021  14:47:39,584383;9,320418E-1;6,949618E-3;9,366883E-3;9,319767E-1;;
30/11/2021  14:47:39,584483;9,322325E-1;6,312458E-3;8,735019E-3;9,319214E-1;;
30/11/2021  14:47:39,584583;9,326527E-1;5,038138E-3;6,839427E-3;9,318719E-1;;
30/11/2021  14:47:39,584683;9,331415E-1;5,356718E-3;7,787223E-3;9,318282E-1;;
30/11/2021  14:47:39,584783;9,328226E-1;5,675298E-3;7,471291E-3;9,317900E-1;;
30/11/2021  14:47:39,584883;9,328673E-1;7,905358E-3;1,063061E-2;9,317573E-1;;
30/11/2021  14:47:39,584983;9,325484E-1;3,763818E-3;6,523495E-3;9,317298E-1;;
30/11/2021  14:47:39,585083;9,321968E-1;5,038138E-3;7,155359E-3;9,317075E-1;;
30/11/2021  14:47:39,585183;9,324650E-1;6,949618E-3;9,050951E-3;9,316900E-1;;
30/11/2021  14:47:39,585283;9,329389E-1;9,816838E-3;1,157841E-2;9,316771E-1;;
30/11/2021  14:47:39,585383;9,336064E-1;5,993878E-3;7,471291E-3;9,316685E-1;;
30/11/2021  14:47:39,585483;9,337555E-1;3,126658E-3;4,943835E-3;9,316642E-1;;
30/11/2021  14:47:39,585583;9,336780E-1;8,223938E-3;1,031468E-2;9,316641E-1;;
30/11/2021  14:47:39,585683;9,338657E-1;1,045400E-2;1,189434E-2;9,316683E-1;;
30/11/2021  14:47:39,585783;9,338061E-1;4,400978E-3;5,575699E-3;9,316767E-1;;
30/11/2021  14:47:39,585883;9,343485E-1;2,808078E-3;4,943835E-3;9,316892E-1;;
30/11/2021  14:47:39,585983;9,346108E-1;6,312458E-3;8,419087E-3;9,317058E-1;;
30/11/2021  14:47:39,586083;9,356330E-1;5,356718E-3;7,787223E-3;9,317267E-1;;
30/11/2021  14:47:39,586183;9,354960E-1;1,215178E-3;3,364175E-3;9,317518E-1;;
30/11/2021  14:47:39,586283;9,357910E-1;1,533758E-3;3,996039E-3;9,317815E-1;;
30/11/2021  14:47:39,586383;9,356003E-1;1,533758E-3;3,364175E-3;9,318158E-1;;
30/11/2021  14:47:39,586483;9,360622E-1;1,215178E-3;3,364175E-3;9,318548E-1;;
30/11/2021  14:47:39,586583;9,362619E-1;2,170918E-3;4,943835E-3;9,318987E-1;;
30/11/2021  14:47:39,586683;9,375196E-1;8,965980E-4;3,048243E-3;9,319476E-1;;
30/11/2021  14:47:39,586783;9,379309E-1;1,215178E-3;3,364175E-3;9,320016E-1;;
30/11/2021  14:47:39,586883;9,379368E-1;1,852338E-3;3,680107E-3;9,320611E-1;;
30/11/2021  14:47:39,586983;9,383809E-1;8,965980E-4;3,364175E-3;9,321264E-1;;
30/11/2021  14:47:39,587083;9,384435E-1;5,780180E-4;3,364175E-3;9,321977E-1;;
30/11/2021  14:47:39,587183;9,391856E-1;-5,914200E-5;3,364175E-3;9,322753E-1;;
30/11/2021  14:47:39,587283;9,405029E-1;8,965980E-4;3,048243E-3;9,323593E-1;;
30/11/2021  14:47:39,587383;9,412092E-1;5,038138E-3;9,682815E-3;9,324502E-1;;
30/11/2021  14:47:39,587483;9,417605E-1;5,675298E-3;8,103155E-3;9,325485E-1;;
30/11/2021  14:47:39,587583;9,423268E-1;6,312458E-3;1,063061E-2;9,326545E-1;;
30/11/2021  14:47:39,587683;9,416175E-1;1,459554E-2;1,947671E-2;9,327689E-1;;
30/11/2021  14:47:39,587783;9,423804E-1;6,949618E-3;1,600145E-2;9,328918E-1;;
30/11/2021  14:47:39,587883;9,426874E-1;1,300264E-2;1,505366E-2;9,330236E-1;;
30/11/2021  14:47:39,587983;9,435338E-1;1,586986E-2;1,852891E-2;9,331645E-1;;
30/11/2021  14:47:39,588083;9,444309E-1;2,032998E-2;2,421569E-2;9,333147E-1;;
30/11/2021  14:47:39,588183;9,446097E-1;6,620550E-2;8,076751E-2;9,334744E-1;;
30/11/2021  14:47:39,588283;9,450270E-1;1,555128E-2;1,600145E-2;9,336440E-1;;
30/11/2021  14:47:39,588383;9,443892E-1;3,689614E-2;3,558924E-2;9,338236E-1;;
30/11/2021  14:47:39,588483;9,445680E-1;1,873708E-2;2,927060E-2;9,340133E-1;;
30/11/2021  14:47:39,588583;9,447200E-1;1,363980E-2;1,694925E-2;9,342129E-1;;
30/11/2021  14:47:39,588683;9,461475E-1;1,618844E-2;2,042450E-2;9,344223E-1;;
30/11/2021  14:47:39,588783;9,463442E-1;1,206827E-1;1,152041E-1;9,346414E-1;;
30/11/2021  14:47:39,588883;9,461863E-1;9,742634E-2;9,688005E-2;9,348700E-1;;
30/11/2021  14:47:39,588983;9,455038E-1;1,491412E-2;2,168823E-2;9,351081E-1;;
30/11/2021  14:47:39,589083;9,455306E-1;1,037979E-1;1,073058E-1;9,353552E-1;;
30/11/2021  14:47:39,589183;9,456737E-1;1,213198E-1;1,319485E-1;9,356109E-1;;
30/11/2021  14:47:39,589283;9,451581E-1;8,500172E-2;1,133085E-1;9,358747E-1;;
30/11/2021  14:47:39,589383;9,454561E-1;1,245056E-1;1,237343E-1;9,361458E-1;;
30/11/2021  14:47:39,589483;9,454829E-1;1,200455E-1;1,212068E-1;9,364236E-1;;
30/11/2021  14:47:39,589583;9,447498E-1;1,210013E-1;1,259458E-1;9,367073E-1;;
30/11/2021  14:47:39,589683;9,447140E-1;1,159040E-1;1,164678E-1;9,369962E-1;;
30/11/2021  14:47:39,589783;9,445859E-1;1,308772E-1;1,231024E-1;9,372893E-1;;
30/11/2021  14:47:39,589883;9,443743E-1;1,439390E-1;1,382671E-1;9,375857E-1;;
30/11/2021  14:47:39,589983;9,450746E-1;1,168597E-1;1,208909E-1;9,378845E-1;;
30/11/2021  14:47:39,590083;9,452296E-1;1,031608E-1;1,104651E-1;9,381848E-1;;
30/11/2021  14:47:39,590183;9,453727E-1;1,289658E-1;1,076217E-1;9,384858E-1;;
30/11/2021  14:47:39,590283;9,446306E-1;1,232313E-1;1,142563E-1;9,387869E-1;;
30/11/2021  14:47:39,590383;9,446961E-1;9,615202E-2;1,057261E-1;9,390873E-1;;
30/11/2021  14:47:39,590483;9,447617E-1;-2,745702E-2;4,854245E-2;9,393861E-1;;
30/11/2021  14:47:39,590583;9,455217E-1;1,350188E-1;1,379512E-1;9,396827E-1;;
30/11/2021  14:47:39,590683;9,457392E-1;9,647060E-2;1,379512E-1;9,399765E-1;;
30/11/2021  14:47:39,590783;9,486421E-1;1,215178E-3;3,680107E-3;9,402669E-1;;
30/11/2021  14:47:39,590883;9,480758E-1;5,780180E-4;3,048243E-3;9,405539E-1;;
30/11/2021  14:47:39,590983;9,479268E-1;5,780180E-4;3,680107E-3;9,408376E-1;;
30/11/2021  14:47:39,591083;9,484543E-1;1,533758E-3;3,996039E-3;9,411178E-1;;
30/11/2021  14:47:39,591183;9,485377E-1;1,215178E-3;3,680107E-3;9,413947E-1;;
30/11/2021  14:47:39,591283;9,484483E-1;1,852338E-3;5,259767E-3;9,416683E-1;;
30/11/2021  14:47:39,591383;9,474887E-1;1,215178E-3;3,048243E-3;9,419384E-1;;
30/11/2021  14:47:39,591483;9,475870E-1;5,780180E-4;2,732311E-3;9,422050E-1;;
30/11/2021  14:47:39,591583;9,465886E-1;1,215178E-3;3,680107E-3;9,424678E-1;;
30/11/2021  14:47:39,591683;9,470089E-1;1,215178E-3;3,364175E-3;9,427264E-1;;
30/11/2021  14:47:39,591783;9,472890E-1;2,489498E-3;4,627903E-3;9,429804E-1;;
30/11/2021  14:47:39,591883;9,469761E-1;1,140974E-2;1,252620E-2;9,432293E-1;;
30/11/2021  14:47:39,591983;9,468896E-1;1,045400E-2;1,536959E-2;9,434730E-1;;
30/11/2021  14:47:39,592083;9,465290E-1;1,459554E-2;1,600145E-2;9,437110E-1;;
30/11/2021  14:47:39,592183;9,464128E-1;1,618844E-2;1,663332E-2;9,439430E-1;;
30/11/2021  14:47:39,592283;9,456171E-1;1,491412E-2;1,600145E-2;9,441686E-1;;
30/11/2021  14:47:39,592383;9,458644E-1;1,491412E-2;1,884484E-2;9,443872E-1;;
30/11/2021  14:47:39,592483;9,464515E-1;1,098510E-1;1,186794E-1;9,445986E-1;;
30/11/2021  14:47:39,592583;9,466304E-1;6,142680E-2;6,528685E-2;9,448024E-1;;
30/11/2021  14:47:39,592683;9,457065E-1;8,786894E-2;6,623464E-2;9,449982E-1;;
30/11/2021  14:47:39,592783;9,458018E-1;7,576290E-2;8,550650E-2;9,451861E-1;;
30/11/2021  14:47:39,592883;9,453011E-1;3,976336E-2;5,928414E-2;9,453655E-1;;
30/11/2021  14:47:39,592983;9,451044E-1;1,332122E-2;1,726518E-2;9,455363E-1;;
30/11/2021  14:47:39,593083;9,458734E-1;1,395838E-2;1,663332E-2;9,456982E-1;;
30/11/2021  14:47:39,593183;9,461624E-1;8,946184E-2;9,656411E-2;9,458510E-1;;
30/11/2021  14:47:39,593283;9,463204E-1;1,130368E-1;1,407946E-1;9,459947E-1;;
30/11/2021  14:47:39,593383;9,455217E-1;1,452133E-1;2,147227E-1;9,461294E-1;;
30/11/2021  14:47:39,593483;9,454561E-1;9,392196E-2;1,054102E-1;9,462550E-1;;
30/11/2021  14:47:39,593583;9,454800E-1;1,350188E-1;1,316326E-1;9,463717E-1;;
30/11/2021  14:47:39,593683;9,450925E-1;1,522221E-1;1,802861E-1;9,464792E-1;;
30/11/2021  14:47:39,593783;9,458436E-1;1,777085E-1;1,948190E-1;9,465778E-1;;
30/11/2021  14:47:39,593883;9,457720E-1;1,531778E-1;1,546956E-1;9,466675E-1;;
30/11/2021  14:47:39,593983;9,455247E-1;1,034794E-1;1,249980E-1;9,467484E-1;;
30/11/2021  14:47:39,594083;9,455485E-1;1,821686E-1;2,131430E-1;9,468208E-1;;
30/11/2021  14:47:39,594183;9,446544E-1;2,153009E-1;2,725382E-1;9,468848E-1;;
30/11/2021  14:47:39,594283;9,441895E-1;7,905358E-3;6,970989E-2;9,469404E-1;;
30/11/2021  14:47:39,594383;9,442610E-1;1,646467E-1;1,657532E-1;9,469878E-1;;
30/11/2021  14:47:39,594483;9,450240E-1;2,022392E-1;1,692285E-1;9,470270E-1;;
30/11/2021  14:47:39,594583;9,447736E-1;1,104881E-1;1,638576E-1;9,470580E-1;;
30/11/2021  14:47:39,594683;9,443832E-1;1,630538E-1;1,275255E-1;9,470810E-1;;
30/11/2021  14:47:39,594783;9,438229E-1;1,640096E-1;1,689125E-1;9,470963E-1;;
30/11/2021  14:47:39,594883;9,434653E-1;1,869473E-1;1,866047E-1;9,471039E-1;;
30/11/2021  14:47:39,594983;9,431047E-1;1,382046E-1;1,467973E-1;9,471040E-1;;
30/11/2021  14:47:39,595083;9,431941E-1;1,385232E-1;1,458495E-1;9,470964E-1;;
30/11/2021  14:47:39,595183;9,436143E-1;1,222756E-1;1,158360E-1;9,470813E-1;;
30/11/2021  14:47:39,595283;9,434086E-1;1,283286E-1;1,335282E-1;9,470589E-1;;
30/11/2021  14:47:39,595383;9,431911E-1;1,321516E-1;1,253139E-1;9,470292E-1;;
30/11/2021  14:47:39,595483;9,423000E-1;9,009900E-2;9,561632E-2;9,469924E-1;;
30/11/2021  14:47:39,595583;9,418678E-1;1,034794E-1;1,006712E-1;9,469488E-1;;
30/11/2021  14:47:39,595683;9,420735E-1;-1,216518E-2;5,328143E-2;9,468983E-1;;
30/11/2021  14:47:39,595783;9,419751E-1;1,050723E-1;1,170997E-1;9,468409E-1;;
30/11/2021  14:47:39,595883;9,427560E-1;1,837615E-1;1,998739E-1;9,467768E-1;;
30/11/2021  14:47:39,595983;9,428513E-1;1,458505E-1;1,272095E-1;9,467062E-1;;
30/11/2021  14:47:39,596083;9,419006E-1;1,219570E-1;1,262617E-1;9,466294E-1;;
30/11/2021  14:47:39,596183;9,414744E-1;8,149734E-2;1,117289E-1;9,465468E-1;;
30/11/2021  14:47:39,596283;9,414029E-1;-7,173964E-2;5,201770E-2;9,464584E-1;;
30/11/2021  14:47:39,596383;9,412032E-1;1,264171E-1;1,262617E-1;9,463645E-1;;
30/11/2021  14:47:39,596483;9,418827E-1;1,280100E-1;1,272095E-1;9,462653E-1;;
30/11/2021  14:47:39,596583;9,413522E-1;1,197269E-1;1,177316E-1;9,461610E-1;;
30/11/2021  14:47:39,596683;9,415072E-1;8,595746E-2;1,300529E-1;9,460518E-1;;
30/11/2021  14:47:39,596783;9,410691E-1;1,280100E-1;1,186794E-1;9,459381E-1;;
30/11/2021  14:47:39,596883;9,403330E-1;1,254614E-1;1,095173E-1;9,458201E-1;;
30/11/2021  14:47:39,596983;9,402048E-1;8,340882E-2;7,476481E-2;9,456981E-1;;
30/11/2021  14:47:39,597083;9,403479E-1;1,213198E-1;1,174156E-1;9,455721E-1;;
30/11/2021  14:47:39,597183;9,405327E-1;8,468314E-2;1,057261E-1;9,454422E-1;;
30/11/2021  14:47:39,597283;9,405684E-1;1,248242E-1;1,240502E-1;9,453089E-1;;
30/11/2021  14:47:39,597383;9,402376E-1;-3,223572E-2;4,159195E-2;9,451722E-1;;
30/11/2021  14:47:39,597483;9,394985E-1;4,836502E-2;5,675668E-2;9,450325E-1;;
30/11/2021  14:47:39,597583;9,390246E-1;1,174969E-1;1,325804E-1;9,448899E-1;;
30/11/2021  14:47:39,597683;9,389531E-1;1,194084E-1;1,221546E-1;9,447445E-1;;
30/11/2021  14:47:39,597783;9,392243E-1;1,133553E-1;1,133085E-1;9,445964E-1;;
30/11/2021  14:47:39,597883;9,390425E-1;1,178155E-1;1,170997E-1;9,444457E-1;;
30/11/2021  14:47:39,597983;9,396773E-1;1,155854E-1;1,193112E-1;9,442926E-1;;
30/11/2021  14:47:39,598083;9,390783E-1;1,162226E-1;1,174156E-1;9,441373E-1;;
30/11/2021  14:47:39,598183;9,382647E-1;1,123996E-1;1,129926E-1;9,439801E-1;;
30/11/2021  14:47:39,598283;9,382706E-1;1,168597E-1;1,082536E-1;9,438210E-1;;
30/11/2021  14:47:39,598383;9,383600E-1;1,248242E-1;1,120448E-1;9,436603E-1;;
30/11/2021  14:47:39,598483;9,383302E-1;7,162136E-2;7,160549E-2;9,434981E-1;;
30/11/2021  14:47:39,598583;9,386849E-1;5,038138E-3;9,682815E-3;9,433345E-1;;
30/11/2021  14:47:39,598683;9,380769E-1;1,044351E-1;9,656411E-2;9,431697E-1;;
30/11/2021  14:47:39,598783;9,374630E-1;1,127182E-1;1,107811E-1;9,430039E-1;;
30/11/2021  14:47:39,598883;9,368550E-1;4,263058E-2;3,558924E-2;9,428373E-1;;
30/11/2021  14:47:39,598983;9,368162E-1;9,901924E-2;1,164678E-1;9,426698E-1;;
30/11/2021  14:47:39,599083;9,368520E-1;1,034794E-1;1,227865E-1;9,425015E-1;;
30/11/2021  14:47:39,599183;9,370546E-1;2,638300E-2;3,242992E-2;9,423323E-1;;
30/11/2021  14:47:39,599283;9,369086E-1;1,168597E-1;1,152041E-1;9,421623E-1;;
30/11/2021  14:47:39,599383;9,363394E-1;1,343816E-1;1,534319E-1;9,419916E-1;;
30/11/2021  14:47:39,599483;9,361159E-1;1,273729E-1;1,237343E-1;9,418204E-1;;
30/11/2021  14:47:39,599583;9,354363E-1;1,127182E-1;1,158360E-1;9,416486E-1;;
30/11/2021  14:47:39,599683;9,349804E-1;1,598680E-1;1,543797E-1;9,414761E-1;;
30/11/2021  14:47:39,599783;9,357076E-1;1,216384E-1;1,183634E-1;9,413029E-1;;
30/11/2021  14:47:39,599883;9,358685E-1;1,050723E-1;9,024547E-2;9,411289E-1;;
30/11/2021  14:47:39,599983;9,364765E-1;9,169190E-2;9,214107E-2;9,409544E-1;;
30/11/2021  14:47:39,600083;9,363990E-1;1,123996E-1;9,877564E-2;9,407794E-1;;
30/11/2021  14:47:39,600183;9,357850E-1;1,251428E-1;1,155200E-1;9,406043E-1;;
30/11/2021  14:47:39,600283;9,353231E-1;8,659462E-2;8,329497E-2;9,404293E-1;;
30/11/2021  14:47:39,600383;9,356152E-1;1,305587E-1;1,423743E-1;9,402545E-1;;
30/11/2021  14:47:39,600483;9,361844E-1;9,360338E-2;7,634447E-2;9,400802E-1;;
30/11/2021  14:47:39,600583;9,361784E-1;1,585937E-1;1,588027E-1;9,399065E-1;;
30/11/2021  14:47:39,600683;9,363215E-1;1,280100E-1;1,430061E-1;9,397338E-1;;
30/11/2021  14:47:39,600783;9,361933E-1;1,340630E-1;1,603824E-1;9,395624E-1;;
30/11/2021  14:47:39,600883;9,363304E-1;1,372488E-1;1,319485E-1;9,393926E-1;;
30/11/2021  14:47:39,600983;9,361993E-1;1,270543E-1;1,275255E-1;9,392247E-1;;
30/11/2021  14:47:39,601083;9,362947E-1;1,264171E-1;1,287892E-1;9,390591E-1;;
30/11/2021  14:47:39,601183;9,366940E-1;1,283286E-1;1,300529E-1;9,388961E-1;;
30/11/2021  14:47:39,601283;9,372573E-1;1,305587E-1;1,253139E-1;9,387359E-1;;
30/11/2021  14:47:39,601383;9,380680E-1;1,273729E-1;1,193112E-1;9,385791E-1;;
30/11/2021  14:47:39,601483;9,378236E-1;1,095324E-1;1,186794E-1;9,384261E-1;;
30/11/2021  14:47:39,601583;9,376924E-1;1,324701E-1;1,205749E-1;9,382775E-1;;
30/11/2021  14:47:39,601683;9,376418E-1;1,088952E-1;1,000394E-1;9,381337E-1;;
30/11/2021  14:47:39,601783;9,375762E-1;1,245056E-1;1,177316E-1;9,379951E-1;;
30/11/2021  14:47:39,601883;9,385806E-1;5,728526E-2;7,792413E-2;9,378620E-1;;
30/11/2021  14:47:39,601983;9,390365E-1;1,340630E-1;1,486929E-1;9,377349E-1;;
30/11/2021  14:47:39,602083;9,392631E-1;4,963934E-2;4,222381E-2;9,376141E-1;;
30/11/2021  14:47:39,602183;9,390306E-1;1,280100E-1;1,237343E-1;9,375001E-1;;
30/11/2021  14:47:39,602283;9,391319E-1;1,350188E-1;1,310007E-1;9,373934E-1;;
30/11/2021  14:47:39,602383;9,385210E-1;1,445762E-1;1,474292E-1;9,372943E-1;;
30/11/2021  14:47:39,602483;9,393495E-1;1,407532E-1;1,436380E-1;9,372029E-1;;
30/11/2021  14:47:39,602583;9,397876E-1;1,337445E-1;1,300529E-1;9,371195E-1;;
30/11/2021  14:47:39,602683;9,399992E-1;1,260985E-1;1,347919E-1;9,370442E-1;;
30/11/2021  14:47:39,602783;9,400111E-1;1,190898E-1;1,186794E-1;9,369774E-1;;
30/11/2021  14:47:39,602883;9,395164E-1;1,197269E-1;1,202590E-1;9,369191E-1;;
30/11/2021  14:47:39,602983;9,392452E-1;9,965640E-2;1,054102E-1;9,368695E-1;;
30/11/2021  14:47:39,603083;9,392303E-1;1,114439E-1;1,133085E-1;9,368285E-1;;
30/11/2021  14:47:39,603183;9,396833E-1;1,114439E-1;1,120448E-1;9,367959E-1;;
30/11/2021  14:47:39,603283;9,397518E-1;-2,172258E-2;6,591871E-2;9,367717E-1;;
30/11/2021  14:47:39,603383;9,392243E-1;4,135626E-2;2,295196E-2;9,367556E-1;;
30/11/2021  14:47:39,603483;9,391319E-1;1,171783E-1;1,363715E-1;9,367475E-1;;
30/11/2021  14:47:39,603583;9,386700E-1;1,114439E-1;1,278414E-1;9,367471E-1;;
30/11/2021  14:47:39,603683;9,389918E-1;1,012493E-1;1,110970E-1;9,367539E-1;;
30/11/2021  14:47:39,603783;9,389740E-1;9,678918E-2;1,057261E-1;9,367675E-1;;
30/11/2021  14:47:39,603883;9,390991E-1;1,047537E-1;1,193112E-1;9,367876E-1;;
30/11/2021  14:47:39,603983;9,392511E-1;9,519628E-2;9,308886E-2;9,368138E-1;;
30/11/2021  14:47:39,604083;9,389382E-1;1,104881E-1;1,256299E-1;9,368457E-1;;
30/11/2021  14:47:39,604183;9,387057E-1;1,168597E-1;1,297370E-1;9,368829E-1;;
30/11/2021  14:47:39,604283;9,384137E-1;1,359745E-1;1,411105E-1;9,369250E-1;;
30/11/2021  14:47:39,604383;9,380501E-1;1,369303E-1;1,366875E-1;9,369714E-1;;
30/11/2021  14:47:39,604483;9,384614E-1;1,423461E-1;1,572231E-1;9,370216E-1;;
30/11/2021  14:47:39,604583;9,389114E-1;1,767528E-1;1,486929E-1;9,370752E-1;;
30/11/2021  14:47:39,604683;9,390097E-1;1,691068E-1;1,351078E-1;9,371317E-1;;
30/11/2021  14:47:39,604783;9,387415E-1;1,369303E-1;6,939396E-2;9,371907E-1;;
30/11/2021  14:47:39,604883;9,385746E-1;1,875845E-1;2,118793E-1;9,372519E-1;;
30/11/2021  14:47:39,604983;9,383690E-1;2,258141E-1;2,491593E-1;9,373149E-1;;
30/11/2021  14:47:39,605083;9,384196E-1;1,458505E-1;1,467973E-1;9,373793E-1;;
30/11/2021  14:47:39,605183;9,385806E-1;1,487177E-1;1,597505E-1;9,374448E-1;;
30/11/2021  14:47:39,605283;9,386312E-1;1,245056E-1;1,240502E-1;9,375110E-1;;
30/11/2021  14:47:39,605383;9,382736E-1;1,362931E-1;1,291051E-1;9,375775E-1;;
30/11/2021  14:47:39,605483;9,380024E-1;1,519035E-1;1,606983E-1;9,376440E-1;;
30/11/2021  14:47:39,605583;9,377669E-1;1,318330E-1;1,316326E-1;9,377102E-1;;
30/11/2021  14:47:39,605683;9,374630E-1;1,292843E-1;1,300529E-1;9,377757E-1;;
30/11/2021  14:47:39,605783;9,372275E-1;1,340630E-1;1,341600E-1;9,378400E-1;;
30/11/2021  14:47:39,605883;9,375345E-1;1,362931E-1;1,291051E-1;9,379026E-1;;
30/11/2021  14:47:39,605983;9,378057E-1;1,104881E-1;1,025668E-1;9,379633E-1;;
30/11/2021  14:47:39,606083;9,379338E-1;1,308772E-1;1,208909E-1;9,380217E-1;;
30/11/2021  14:47:39,606183;9,382378E-1;1,276914E-1;1,344760E-1;9,380777E-1;;
30/11/2021  14:47:39,606283;9,379756E-1;9,424054E-2;1,246821E-1;9,381311E-1;;
30/11/2021  14:47:39,606383;9,383362E-1;1,936375E-1;2,362061E-1;9,381818E-1;;
30/11/2021  14:47:39,606483;9,387713E-1;1,117624E-1;1,714400E-1;9,382298E-1;;
30/11/2021  14:47:39,606583;9,391707E-1;3,817046E-2;1,031987E-1;9,382751E-1;;
30/11/2021  14:47:39,606683;9,396147E-1;1,347002E-1;1,338441E-1;9,383179E-1;;
30/11/2021  14:47:39,606783;9,399902E-1;1,216384E-1;1,363715E-1;9,383584E-1;;
30/11/2021  14:47:39,606883;9,395402E-1;1,471248E-1;1,565912E-1;9,383969E-1;;
30/11/2021  14:47:39,606983;9,395760E-1;1,729298E-1;1,730197E-1;9,384337E-1;;
30/11/2021  14:47:39,607083;9,391558E-1;1,477620E-1;1,616461E-1;9,384690E-1;;
30/11/2021  14:47:39,607183;9,399902E-1;1,528593E-1;1,689125E-1;9,385028E-1;;
30/11/2021  14:47:39,607283;9,399783E-1;1,359745E-1;1,183634E-1;9,385355E-1;;
30/11/2021  14:47:39,607383;9,404939E-1;1,471248E-1;1,430061E-1;9,385672E-1;;
30/11/2021  14:47:39,607483;9,399932E-1;1,267357E-1;1,133085E-1;9,385982E-1;;
30/11/2021  14:47:39,607583;9,400737E-1;-2,618270E-2;1,784515E-3;9,386287E-1;;
30/11/2021  14:47:39,607683;9,399366E-1;7,417000E-2;8,866581E-2;9,386588E-1;;
30/11/2021  14:47:39,607783;9,400350E-1;1,388417E-1;1,471132E-1;9,386888E-1;;
30/11/2021  14:47:39,607883;9,397727E-1;1,318330E-1;1,259458E-1;9,387188E-1;;
30/11/2021  14:47:39,607983;9,403062E-1;2,312299E-1;2,434725E-1;9,387487E-1;;
30/11/2021  14:47:39,608083;9,408784E-1;1,394789E-1;1,401627E-1;9,387787E-1;;
30/11/2021  14:47:39,608183;9,403509E-1;1,397975E-1;1,569071E-1;9,388090E-1;;
30/11/2021  14:47:39,608283;9,394180E-1;2,337786E-1;2,185139E-1;9,388397E-1;;
30/11/2021  14:47:39,608383;9,393763E-1;5,675298E-3;1,221027E-2;9,388708E-1;;
30/11/2021  14:47:39,608483;9,394687E-1;5,993878E-3;8,103155E-3;9,389021E-1;;
30/11/2021  14:47:39,608583;9,396773E-1;5,038138E-3;7,155359E-3;9,389335E-1;;
30/11/2021  14:47:39,608683;9,399992E-1;1,852338E-3;4,311971E-3;9,389650E-1;;
30/11/2021  14:47:39,608783;9,395551E-1;5,675298E-3;7,787223E-3;9,389965E-1;;
30/11/2021  14:47:39,608883;9,393912E-1;5,675298E-3;7,787223E-3;9,390279E-1;;
30/11/2021  14:47:39,608983;9,397548E-1;2,170918E-3;4,311971E-3;9,390592E-1;;
30/11/2021  14:47:39,609083;9,392392E-1;8,965980E-4;3,680107E-3;9,390902E-1;;
30/11/2021  14:47:39,609183;9,396863E-1;2,489498E-3;5,259767E-3;9,391208E-1;;
30/11/2021  14:47:39,609283;9,404939E-1;5,780180E-4;3,996039E-3;9,391510E-1;;
30/11/2021  14:47:39,609383;9,402376E-1;4,400978E-3;6,207563E-3;9,391808E-1;;
30/11/2021  14:47:39,609483;9,400439E-1;2,170918E-3;4,627903E-3;9,392103E-1;;
30/11/2021  14:47:39,609583;9,398561E-1;8,965980E-4;3,364175E-3;9,392395E-1;;
30/11/2021  14:47:39,609683;9,398353E-1;3,445238E-3;5,575699E-3;9,392684E-1;;
30/11/2021  14:47:39,609783;9,392780E-1;3,126658E-3;5,259767E-3;9,392970E-1;;
30/11/2021  14:47:39,609883;9,394717E-1;8,965980E-4;3,364175E-3;9,393251E-1;;
30/11/2021  14:47:39,609983;9,397161E-1;8,965980E-4;3,680107E-3;9,393527E-1;;
30/11/2021  14:47:39,610083;9,402257E-1;5,780180E-4;3,364175E-3;9,393796E-1;;
30/11/2021  14:47:39,610183;9,394985E-1;1,215178E-3;3,364175E-3;9,394059E-1;;
30/11/2021  14:47:39,610283;9,399187E-1;8,965980E-4;3,048243E-3;9,394315E-1;;
30/11/2021  14:47:39,610383;9,395849E-1;1,215178E-3;3,364175E-3;9,394565E-1;;
30/11/2021  14:47:39,610483;9,398204E-1;8,965980E-4;3,048243E-3;9,394807E-1;;
30/11/2021  14:47:39,610583;9,405744E-1;8,965980E-4;3,048243E-3;9,395042E-1;;
30/11/2021  14:47:39,610683;9,410274E-1;1,215178E-3;3,364175E-3;9,395270E-1;;
30/11/2021  14:47:39,610783;9,409410E-1;1,533758E-3;3,364175E-3;9,395494E-1;;
30/11/2021  14:47:39,610883;9,413195E-1;8,965980E-4;3,364175E-3;9,395715E-1;;
30/11/2021  14:47:39,610983;9,409618E-1;1,215178E-3;3,680107E-3;9,395936E-1;;
30/11/2021  14:47:39,611083;9,407174E-1;6,949618E-3;8,419087E-3;9,396159E-1;;
30/11/2021  14:47:39,611183;9,415340E-1;1,533758E-3;3,048243E-3;9,396385E-1;;
30/11/2021  14:47:39,611283;9,413940E-1;3,126658E-3;7,471291E-3;9,396615E-1;;
30/11/2021  14:47:39,611383;9,416413E-1;8,965980E-4;3,048243E-3;9,396851E-1;;
30/11/2021  14:47:39,611483;9,419394E-1;5,780180E-4;3,048243E-3;9,397096E-1;;
30/11/2021  14:47:39,611583;9,423179E-1;1,215178E-3;3,996039E-3;9,397351E-1;;
30/11/2021  14:47:39,611683;9,415191E-1;5,780180E-4;3,680107E-3;9,397619E-1;;
30/11/2021  14:47:39,611783;9,417576E-1;4,400978E-3;8,419087E-3;9,397900E-1;;
30/11/2021  14:47:39,611883;9,421867E-1;4,082398E-3;6,207563E-3;9,398197E-1;;
30/11/2021  14:47:39,611983;9,428364E-1;1,013542E-2;1,252620E-2;9,398510E-1;;
30/11/2021  14:47:39,612083;9,426338E-1;1,586986E-2;1,726518E-2;9,398841E-1;;
30/11/2021  14:47:39,612183;9,429616E-1;1,427696E-2;1,284213E-2;9,399192E-1;;
30/11/2021  14:47:39,612283;9,427768E-1;1,586986E-2;1,568552E-2;9,399565E-1;;
30/11/2021  14:47:39,612383;9,425920E-1;8,542518E-3;1,252620E-2;9,399962E-1;;
30/11/2021  14:47:39,612483;9,424579E-1;1,682560E-2;2,074043E-2;9,400382E-1;;
30/11/2021  14:47:39,612583;9,428454E-1;1,140974E-2;1,536959E-2;9,400826E-1;;
30/11/2021  14:47:39,612683;9,432894E-1;4,326774E-2;3,843263E-2;9,401293E-1;;
30/11/2021  14:47:39,612783;9,437991E-1;7,289568E-2;9,624818E-2;9,401786E-1;;
30/11/2021  14:47:39,612883;9,437156E-1;9,997498E-2;1,253139E-1;9,402304E-1;;
30/11/2021  14:47:39,612983;9,433163E-1;1,060280E-1;1,003553E-1;9,402850E-1;;
30/11/2021  14:47:39,613083;9,436650E-1;1,187712E-1;1,196272E-1;9,403423E-1;;
30/11/2021  14:47:39,613183;9,435010E-1;1,937424E-2;4,506720E-2;9,404023E-1;;
30/11/2021  14:47:39,613283;9,435875E-1;1,292843E-1;1,420583E-1;9,404650E-1;;
30/11/2021  14:47:39,613383;9,438557E-1;9,965640E-2;9,782784E-2;9,405304E-1;;
30/11/2021  14:47:39,613483;9,443117E-1;8,978042E-2;1,025668E-1;9,405985E-1;;
30/11/2021  14:47:39,613583;9,438885E-1;1,053908E-1;1,117289E-1;9,406691E-1;;
30/11/2021  14:47:39,613683;9,427440E-1;9,169190E-2;9,277293E-2;9,407423E-1;;
30/11/2021  14:47:39,613783;9,424728E-1;7,448858E-2;1,186794E-1;9,408178E-1;;
30/11/2021  14:47:39,613883;9,426159E-1;1,194084E-1;1,325804E-1;9,408952E-1;;
30/11/2021  14:47:39,613983;9,429527E-1;1,152668E-1;1,632258E-1;9,409742E-1;;
30/11/2021  14:47:39,614083;9,425801E-1;1,382046E-1;1,644895E-1;9,410544E-1;;
30/11/2021  14:47:39,614183;9,417963E-1;9,264764E-2;1,493248E-1;9,411354E-1;;
30/11/2021  14:47:39,614283;9,419334E-1;1,267357E-1;1,426902E-1;9,412169E-1;;
30/11/2021  14:47:39,614383;9,412807E-1;1,079395E-1;1,240502E-1;9,412982E-1;;
30/11/2021  14:47:39,614483;9,415460E-1;1,930003E-1;2,087200E-1;9,413790E-1;;
30/11/2021  14:47:39,614583;9,407294E-1;2,117966E-1;2,207254E-1;9,414587E-1;;
30/11/2021  14:47:39,614683;9,413850E-1;1,598680E-1;1,600664E-1;9,415367E-1;;
30/11/2021  14:47:39,614783;9,413314E-1;1,936375E-1;1,954508E-1;9,416126E-1;;
30/11/2021  14:47:39,614883;9,413820E-1;1,968233E-1;1,569071E-1;9,416861E-1;;
30/11/2021  14:47:39,614983;9,408605E-1;1,598680E-1;1,407946E-1;9,417568E-1;;
30/11/2021  14:47:39,615083;9,409708E-1;1,656025E-1;1,430061E-1;9,418243E-1;;
30/11/2021  14:47:39,615183;9,408277E-1;1,385232E-1;1,202590E-1;9,418883E-1;;
30/11/2021  14:47:39,615283;9,417039E-1;1,417090E-1;1,344760E-1;9,419487E-1;;
30/11/2021  14:47:39,615383;9,417605E-1;1,337445E-1;1,537478E-1;9,420051E-1;;
30/11/2021  14:47:39,615483;9,418142E-1;1,216384E-1;5,991600E-2;9,420576E-1;;
30/11/2021  14:47:39,615583;9,423596E-1;1,289658E-1;1,600664E-1;9,421063E-1;;
30/11/2021  14:47:39,615683;9,420347E-1;1,311958E-1;1,411105E-1;9,421511E-1;;
30/11/2021  14:47:39,615783;9,417218E-1;1,891774E-1;2,257803E-1;9,421922E-1;;
30/11/2021  14:47:39,615883;9,424967E-1;1,254614E-1;1,278414E-1;9,422297E-1;;
30/11/2021  14:47:39,615983;9,432298E-1;1,245056E-1;1,253139E-1;9,422638E-1;;
30/11/2021  14:47:39,616083;9,433282E-1;1,168597E-1;1,104651E-1;9,422947E-1;;
30/11/2021  14:47:39,616183;9,436292E-1;1,159040E-1;1,246821E-1;9,423228E-1;;
30/11/2021  14:47:39,616283;9,435189E-1;1,273729E-1;1,303688E-1;9,423485E-1;;
30/11/2021  14:47:39,616383;9,431792E-1;1,308772E-1;1,268936E-1;9,423722E-1;;
30/11/2021  14:47:39,616483;9,432507E-1;1,111253E-1;1,092014E-1;9,423941E-1;;
30/11/2021  14:47:39,616583;9,435130E-1;1,245056E-1;1,278414E-1;9,424145E-1;;
30/11/2021  14:47:39,616683;9,444041E-1;1,523270E-2;3,116619E-2;9,424336E-1;;
30/11/2021  14:47:39,616783;9,441269E-1;1,111253E-1;7,981972E-2;9,424520E-1;;
30/11/2021  14:47:39,616883;9,442491E-1;9,232906E-2;8,392683E-2;9,424698E-1;;
30/11/2021  14:47:39,616983;9,445978E-1;1,133553E-1;1,057261E-1;9,424874E-1;;
30/11/2021  14:47:39,617083;9,442580E-1;1,302401E-1;1,474292E-1;9,425053E-1;;
30/11/2021  14:47:39,617183;9,439034E-1;1,168597E-1;1,227865E-1;9,425235E-1;;
30/11/2021  14:47:39,617283;9,449644E-1;1,937424E-2;6,813023E-2;9,425425E-1;;
30/11/2021  14:47:39,617383;9,447319E-1;1,149482E-1;1,148882E-1;9,425623E-1;;
30/11/2021  14:47:39,617483;9,449405E-1;1,178155E-1;1,208909E-1;9,425833E-1;;
30/11/2021  14:47:39,617583;9,447975E-1;1,210013E-1;1,341600E-1;9,426057E-1;;
30/11/2021  14:47:39,617683;9,446574E-1;1,130368E-1;1,189953E-1;9,426297E-1;;
30/11/2021  14:47:39,617783;9,439302E-1;1,264171E-1;1,231024E-1;9,426553E-1;;
30/11/2021  14:47:39,617883;9,439302E-1;1,241871E-1;1,186794E-1;9,426827E-1;;
30/11/2021  14:47:39,617983;9,437484E-1;1,025236E-1;1,063580E-1;9,427116E-1;;
30/11/2021  14:47:39,618083;9,440196E-1;1,018865E-1;9,308886E-2;9,427420E-1;;
30/11/2021  14:47:39,618183;9,445412E-1;1,229127E-1;1,246821E-1;9,427738E-1;;
30/11/2021  14:47:39,618283;9,438080E-1;1,002936E-1;1,227865E-1;9,428069E-1;;
30/11/2021  14:47:39,618383;9,440554E-1;1,146297E-1;1,515363E-1;9,428411E-1;;
30/11/2021  14:47:39,618483;9,423596E-1;-3,319146E-2;9,682815E-3;9,428764E-1;;
30/11/2021  14:47:39,618583;9,429825E-1;1,178155E-1;1,180475E-1;9,429125E-1;;
30/11/2021  14:47:39,618683;9,425980E-1;3,976336E-2;4,096008E-2;9,429489E-1;;
30/11/2021  14:47:39,618783;9,423834E-1;5,250656E-2;5,391329E-2;9,429854E-1;;
30/11/2021  14:47:39,618883;9,422970E-1;9,678918E-2;9,814378E-2;9,430214E-1;;
30/11/2021  14:47:39,618983;9,412539E-1;1,289658E-1;1,253139E-1;9,430567E-1;;
30/11/2021  14:47:39,619083;9,408843E-1;8,850610E-2;9,245700E-2;9,430908E-1;;
30/11/2021  14:47:39,619183;9,403449E-1;1,318330E-1;1,439539E-1;9,431230E-1;;
30/11/2021  14:47:39,619283;9,406042E-1;1,069837E-1;1,085695E-1;9,431529E-1;;
30/11/2021  14:47:39,619383;9,404075E-1;1,146297E-1;9,498445E-2;9,431798E-1;;
30/11/2021  14:47:39,619483;9,400320E-1;1,136739E-1;1,186794E-1;9,432033E-1;;
30/11/2021  14:47:39,619583;9,396624E-1;1,203641E-1;1,076217E-1;9,432229E-1;;
30/11/2021  14:47:39,619683;9,389680E-1;1,251428E-1;1,234183E-1;9,432381E-1;;
30/11/2021  14:47:39,619783;9,383362E-1;1,123996E-1;1,120448E-1;9,432484E-1;;
30/11/2021  14:47:39,619883;9,378742E-1;1,149482E-1;1,357397E-1;9,432533E-1;;
30/11/2021  14:47:39,619983;9,384107E-1;1,123996E-1;1,076217E-1;9,432521E-1;;
30/11/2021  14:47:39,620083;9,376000E-1;8,818752E-2;8,234717E-2;9,432444E-1;;
30/11/2021  14:47:39,620183;9,381127E-1;1,203641E-1;1,126766E-1;9,432299E-1;;
30/11/2021  14:47:39,620283;9,375524E-1;4,709070E-2;6,876210E-2;9,432081E-1;;
30/11/2021  14:47:39,620383;9,367954E-1;1,407532E-1;1,657532E-1;9,431788E-1;;
30/11/2021  14:47:39,620483;9,366613E-1;-4,975762E-2;6,244346E-2;9,431418E-1;;
30/11/2021  14:47:39,620583;9,360354E-1;1,159040E-1;1,082536E-1;9,430966E-1;;
30/11/2021  14:47:39,620683;9,359966E-1;1,203641E-1;1,234183E-1;9,430431E-1;;
30/11/2021  14:47:39,620783;9,361755E-1;1,225942E-1;1,104651E-1;9,429809E-1;;
30/11/2021  14:47:39,620883;9,365659E-1;1,327887E-1;1,281573E-1;9,429101E-1;;
30/11/2021  14:47:39,620983;9,362768E-1;1,044351E-1;8,740209E-2;9,428305E-1;;
30/11/2021  14:47:39,621083;9,359907E-1;9,997498E-2;7,855599E-2;9,427423E-1;;
30/11/2021  14:47:39,621183;9,354989E-1;2,808078E-3;6,181159E-2;9,426455E-1;;
30/11/2021  14:47:39,621283;9,357374E-1;8,054160E-2;6,433905E-2;9,425404E-1;;
30/11/2021  14:47:39,621383;9,361874E-1;1,143111E-1;1,344760E-1;9,424271E-1;;
30/11/2021  14:47:39,621483;9,359639E-1;5,792242E-2;9,403666E-2;9,423058E-1;;
30/11/2021  14:47:39,621583;9,354930E-1;1,337445E-1;1,360556E-1;9,421769E-1;;
30/11/2021  14:47:39,621683;9,358417E-1;1,050723E-1;1,022509E-1;9,420408E-1;;
30/11/2021  14:47:39,621783;9,351622E-1;9,041758E-2;9,845971E-2;9,418978E-1;;
30/11/2021  14:47:39,621883;9,348045E-1;1,327887E-1;1,338441E-1;9,417482E-1;;
30/11/2021  14:47:39,621983;9,351979E-1;1,362931E-1;1,376353E-1;9,415924E-1;;
30/11/2021  14:47:39,622083;9,351532E-1;1,311958E-1;1,294210E-1;9,414307E-1;;
30/11/2021  14:47:39,622183;9,352218E-1;1,299215E-1;1,310007E-1;9,412636E-1;;
30/11/2021  14:47:39,622283;9,350072E-1;1,251428E-1;1,218387E-1;9,410915E-1;;
30/11/2021  14:47:39,622383;9,347986E-1;1,104881E-1;1,107811E-1;9,409147E-1;;
30/11/2021  14:47:39,622483;9,337465E-1;1,171783E-1;1,035146E-1;9,407338E-1;;
30/11/2021  14:47:39,622583;9,335856E-1;1,210013E-1;1,183634E-1;9,405490E-1;;
30/11/2021  14:47:39,622683;9,341965E-1;1,318330E-1;1,278414E-1;9,403607E-1;;
30/11/2021  14:47:39,622783;9,338747E-1;1,069837E-1;1,458495E-1;9,401689E-1;;
30/11/2021  14:47:39,622883;9,337406E-1;1,171783E-1;1,101492E-1;9,399742E-1;;
30/11/2021  14:47:39,622983;9,339045E-1;1,305587E-1;1,231024E-1;9,397769E-1;;
30/11/2021  14:47:39,623083;9,329240E-1;9,997498E-2;1,145722E-1;9,395773E-1;;
30/11/2021  14:47:39,623183;9,325306E-1;1,127182E-1;1,328963E-1;9,393757E-1;;
30/11/2021  14:47:39,623283;9,324859E-1;1,060280E-1;1,170997E-1;9,391722E-1;;
30/11/2021  14:47:39,623383;9,331743E-1;1,410718E-1;1,752312E-1;9,389671E-1;;
30/11/2021  14:47:39,623483;9,332816E-1;1,127182E-1;1,155200E-1;9,387606E-1;;
30/11/2021  14:47:39,623583;9,332697E-1;1,200455E-1;1,306848E-1;9,385530E-1;;
30/11/2021  14:47:39,623683;9,323458E-1;1,104881E-1;1,177316E-1;9,383448E-1;;
30/11/2021  14:47:39,623783;9,323309E-1;1,114439E-1;1,174156E-1;9,381363E-1;;
30/11/2021  14:47:39,623883;9,320716E-1;1,219570E-1;1,227865E-1;9,379277E-1;;
30/11/2021  14:47:39,623983;9,322057E-1;1,088952E-1;1,212068E-1;9,377192E-1;;
30/11/2021  14:47:39,624083;9,328733E-1;1,022050E-1;9,972343E-2;9,375110E-1;;
30/11/2021  14:47:39,624183;9,328852E-1;8,723178E-2;9,656411E-2;9,373034E-1;;
30/11/2021  14:47:39,624283;9,329478E-1;6,524976E-2;6,465498E-2;9,370969E-1;;
30/11/2021  14:47:39,624383;9,324143E-1;8,882468E-2;7,729226E-2;9,368918E-1;;
30/11/2021  14:47:39,624483;9,321491E-1;1,047537E-1;1,189953E-1;9,366885E-1;;
30/11/2021  14:47:39,624583;9,320030E-1;1,187712E-1;1,565912E-1;9,364872E-1;;
30/11/2021  14:47:39,624683;9,325157E-1;1,229127E-1;1,338441E-1;9,362882E-1;;
30/11/2021  14:47:39,624783;9,332399E-1;1,216384E-1;1,303688E-1;9,360917E-1;;
30/11/2021  14:47:39,624883;9,327213E-1;2,592650E-1;2,137749E-1;9,358981E-1;;
30/11/2021  14:47:39,624983;9,331922E-1;1,920446E-1;2,178820E-1;9,357078E-1;;
30/11/2021  14:47:39,625083;9,327392E-1;1,573194E-1;1,404787E-1;9,355211E-1;;
30/11/2021  14:47:39,625183;9,330759E-1;1,710183E-1;1,512204E-1;9,353384E-1;;
30/11/2021  14:47:39,625283;9,329418E-1;1,793014E-1;1,632258E-1;9,351599E-1;;
30/11/2021  14:47:39,625383;9,342085E-1;1,729298E-1;1,572231E-1;9,349861E-1;;
30/11/2021  14:47:39,625483;9,346495E-1;1,455319E-1;1,398468E-1;9,348172E-1;;
30/11/2021  14:47:39,625583;9,350638E-1;1,455319E-1;1,385831E-1;9,346539E-1;;
30/11/2021  14:47:39,625683;9,354274E-1;1,375674E-1;1,382671E-1;9,344968E-1;;
30/11/2021  14:47:39,625783;9,351920E-1;1,149482E-1;1,145722E-1;9,343463E-1;;
30/11/2021  14:47:39,625883;9,351800E-1;5,441804E-2;8,582243E-2;9,342030E-1;;
30/11/2021  14:47:39,625983;9,360712E-1;9,073616E-2;7,729226E-2;9,340675E-1;;
30/11/2021  14:47:39,626083;9,374212E-1;1,340630E-1;1,458495E-1;9,339401E-1;;
30/11/2021  14:47:39,626183;9,372812E-1;1,515849E-1;1,717559E-1;9,338214E-1;;
30/11/2021  14:47:39,626283;9,382974E-1;6,047106E-2;8,361090E-2;9,337122E-1;;
30/11/2021  14:47:39,626383;9,385537E-1;1,273729E-1;1,284732E-1;9,336130E-1;;
30/11/2021  14:47:39,626483;9,380769E-1;1,238685E-1;1,262617E-1;9,335245E-1;;
30/11/2021  14:47:39,626583;9,385657E-1;1,302401E-1;1,357397E-1;9,334471E-1;;
30/11/2021  14:47:39,626683;9,391558E-1;1,423461E-1;1,474292E-1;9,333814E-1;;
30/11/2021  14:47:39,626783;9,395968E-1;1,359745E-1;1,291051E-1;9,333276E-1;;
30/11/2021  14:47:39,626883;9,399426E-1;1,388417E-1;1,464814E-1;9,332862E-1;;
30/11/2021  14:47:39,626983;9,398591E-1;1,331073E-1;1,284732E-1;9,332575E-1;;
30/11/2021  14:47:39,627083;9,400171E-1;1,382046E-1;1,363715E-1;9,332417E-1;;
30/11/2021  14:47:39,627183;9,398114E-1;1,302401E-1;1,227865E-1;9,332390E-1;;
30/11/2021  14:47:39,627283;9,394240E-1;1,203641E-1;1,098333E-1;9,332495E-1;;
30/11/2021  14:47:39,627383;9,399426E-1;1,159040E-1;1,218387E-1;9,332729E-1;;
30/11/2021  14:47:39,627483;9,399783E-1;1,512664E-1;1,815498E-1;9,333091E-1;;
30/11/2021  14:47:39,627583;9,404582E-1;1,652839E-1;2,163023E-1;9,333579E-1;;
30/11/2021  14:47:39,627683;9,403240E-1;1,385232E-1;1,486929E-1;9,334190E-1;;
30/11/2021  14:47:39,627783;9,399932E-1;1,417090E-1;1,550115E-1;9,334921E-1;;
30/11/2021  14:47:39,627883;9,401929E-1;1,410718E-1;1,401627E-1;9,335769E-1;;
30/11/2021  14:47:39,627983;9,402972E-1;1,391603E-1;1,414265E-1;9,336728E-1;;
30/11/2021  14:47:39,628083;9,403211E-1;1,324701E-1;1,360556E-1;9,337794E-1;;
30/11/2021  14:47:39,628183;9,410095E-1;1,213198E-1;9,719598E-2;9,338962E-1;;
30/11/2021  14:47:39,628283;9,409350E-1;1,385232E-1;1,360556E-1;9,340227E-1;;
30/11/2021  14:47:39,628383;9,403807E-1;1,852338E-3;3,680107E-3;9,341584E-1;;
30/11/2021  14:47:39,628483;9,406966E-1;1,215178E-3;3,996039E-3;9,343027E-1;;
30/11/2021  14:47:39,628583;9,407919E-1;1,852338E-3;3,680107E-3;9,344551E-1;;
30/11/2021  14:47:39,628683;9,408754E-1;7,586778E-3;8,419087E-3;9,346150E-1;;
30/11/2021  14:47:39,628783;9,412420E-1;1,215178E-3;3,364175E-3;9,347817E-1;;
30/11/2021  14:47:39,628883;9,414715E-1;4,719558E-3;6,207563E-3;9,349548E-1;;
30/11/2021  14:47:39,628983;9,419602E-1;5,780180E-4;3,680107E-3;9,351336E-1;;
30/11/2021  14:47:39,629083;9,413850E-1;5,356718E-3;8,103155E-3;9,353177E-1;;
30/11/2021  14:47:39,629183;9,414864E-1;1,618844E-2;1,916077E-2;9,355067E-1;;
30/11/2021  14:47:39,629283;9,413820E-1;4,400978E-3;5,891631E-3;9,356999E-1;;
30/11/2021  14:47:39,629383;9,418768E-1;1,215178E-3;3,680107E-3;9,358968E-1;;
30/11/2021  14:47:39,629483;9,421718E-1;8,965980E-4;3,680107E-3;9,360968E-1;;
30/11/2021  14:47:39,629583;9,425026E-1;4,082398E-3;5,891631E-3;9,362996E-1;;
30/11/2021  14:47:39,629683;9,418738E-1;1,852338E-3;4,311971E-3;9,365047E-1;;
30/11/2021  14:47:39,629783;9,422434E-1;1,852338E-3;4,943835E-3;9,367116E-1;;
30/11/2021  14:47:39,629883;9,421420E-1;1,533758E-3;3,996039E-3;9,369199E-1;;
30/11/2021  14:47:39,629983;9,417129E-1;8,965980E-4;3,048243E-3;9,371291E-1;;
30/11/2021  14:47:39,630083;9,426964E-1;1,215178E-3;2,732311E-3;9,373387E-1;;
30/11/2021  14:47:39,630183;9,423983E-1;1,215178E-3;3,048243E-3;9,375483E-1;;
30/11/2021  14:47:39,630283;9,428126E-1;8,965980E-4;3,364175E-3;9,377574E-1;;
30/11/2021  14:47:39,630383;9,426725E-1;1,533758E-3;3,680107E-3;9,379659E-1;;
30/11/2021  14:47:39,630483;9,422583E-1;1,852338E-3;3,996039E-3;9,381732E-1;;
30/11/2021  14:47:39,630583;9,422255E-1;5,675298E-3;7,471291E-3;9,383791E-1;;
30/11/2021  14:47:39,630683;9,422076E-1;1,533758E-3;3,996039E-3;9,385831E-1;;
30/11/2021  14:47:39,630783;9,426993E-1;3,126658E-3;4,943835E-3;9,387848E-1;;
30/11/2021  14:47:39,630883;9,434295E-1;1,215178E-3;3,364175E-3;9,389839E-1;;
30/11/2021  14:47:39,630983;9,429527E-1;1,533758E-3;3,680107E-3;9,391801E-1;;
30/11/2021  14:47:39,631083;9,428007E-1;8,965980E-4;3,680107E-3;9,393733E-1;;
30/11/2021  14:47:39,631183;9,431315E-1;1,533758E-3;3,048243E-3;9,395633E-1;;
30/11/2021  14:47:39,631283;9,423834E-1;8,965980E-4;2,732311E-3;9,397498E-1;;
30/11/2021  14:47:39,631383;9,423417E-1;2,489498E-3;3,680107E-3;9,399325E-1;;
30/11/2021  14:47:39,631483;9,430629E-1;1,215178E-3;3,680107E-3;9,401113E-1;;
30/11/2021  14:47:39,631583;9,430003E-1;1,533758E-3;3,680107E-3;9,402858E-1;;
30/11/2021  14:47:39,631683;9,423119E-1;8,965980E-4;3,996039E-3;9,404558E-1;;
30/11/2021  14:47:39,631783;9,423059E-1;2,594380E-4;2,100447E-3;9,406213E-1;;
30/11/2021  14:47:39,631883;9,418738E-1;1,533758E-3;3,364175E-3;9,407819E-1;;
30/11/2021  14:47:39,631983;9,418917E-1;8,965980E-4;3,996039E-3;9,409373E-1;;
30/11/2021  14:47:39,632083;9,418887E-1;9,498258E-3;1,094654E-2;9,410872E-1;;
30/11/2021  14:47:39,632183;9,426308E-1;1,523270E-2;1,758111E-2;9,412315E-1;;
30/11/2021  14:47:39,632283;9,420854E-1;1,618844E-2;1,821298E-2;9,413698E-1;;
30/11/2021  14:47:39,632383;9,423059E-1;1,650702E-2;2,200416E-2;9,415022E-1;;
30/11/2021  14:47:39,632483;9,418082E-1;2,256004E-2;2,389975E-2;9,416286E-1;;
30/11/2021  14:47:39,632583;9,414268E-1;9,498258E-3;2,705907E-2;9,417487E-1;;
30/11/2021  14:47:39,632683;9,414744E-1;1,746276E-2;1,852891E-2;9,418625E-1;;
30/11/2021  14:47:39,632783;9,413254E-1;1,714418E-2;1,947671E-2;9,419698E-1;;
30/11/2021  14:47:39,632883;9,413344E-1;6,747982E-2;5,865227E-2;9,420704E-1;;
30/11/2021  14:47:39,632983;9,408903E-1;8,818752E-2;8,424277E-2;9,421642E-1;;
30/11/2021  14:47:39,633083;9,407234E-1;1,332122E-2;2,832280E-2;9,422511E-1;;
30/11/2021  14:47:39,633183;9,404224E-1;6,365686E-2;9,308886E-2;9,423309E-1;;
30/11/2021  14:47:39,633283;9,399336E-1;6,949618E-3;2,832280E-2;9,424035E-1;;
30/11/2021  14:47:39,633383;9,399277E-1;1,459554E-2;1,884484E-2;9,424686E-1;;
30/11/2021  14:47:39,633483;9,400051E-1;1,057094E-1;1,619620E-1;9,425262E-1;;
30/11/2021  14:47:39,633583;9,402734E-1;1,264171E-1;1,370034E-1;9,425760E-1;;
30/11/2021  14:47:39,633683;9,401095E-1;1,267357E-1;1,351078E-1;9,426181E-1;;
30/11/2021  14:47:39,633783;9,394717E-1;8,404598E-2;9,056141E-2;9,426524E-1;;
30/11/2021  14:47:39,633883;9,390574E-1;9,838208E-2;1,038306E-1;9,426790E-1;;
30/11/2021  14:47:39,633983;9,386104E-1;1,066652E-1;1,174156E-1;9,426978E-1;;
30/11/2021  14:47:39,634083;9,390276E-1;1,171783E-1;1,243661E-1;9,427087E-1;;
30/11/2021  14:47:39,634183;9,390425E-1;9,455912E-2;1,082536E-1;9,427117E-1;;
30/11/2021  14:47:39,634283;9,391975E-1;9,424054E-2;1,098333E-1;9,427068E-1;;
30/11/2021  14:47:39,634383;9,387147E-1;1,095324E-1;1,129926E-1;9,426941E-1;;
30/11/2021  14:47:39,634483;9,380203E-1;8,340882E-2;8,677022E-2;9,426737E-1;;
30/11/2021  14:47:39,634583;9,381574E-1;8,627604E-2;9,435259E-2;9,426457E-1;;
30/11/2021  14:47:39,634683;9,382170E-1;8,054160E-2;9,498445E-2;9,426103E-1;;
30/11/2021  14:47:39,634783;9,387504E-1;9,232906E-2;1,098333E-1;9,425674E-1;;
30/11/2021  14:47:39,634883;9,388041E-1;6,015248E-2;1,407946E-1;9,425173E-1;;
30/11/2021  14:47:39,634983;9,387981E-1;1,764342E-1;1,287892E-1;9,424604E-1;;
30/11/2021  14:47:39,635083;9,384703E-1;1,152668E-1;1,189953E-1;9,423970E-1;;
30/11/2021  14:47:39,635183;9,381991E-1;1,254614E-1;1,297370E-1;9,423275E-1;;
30/11/2021  14:47:39,635283;9,379338E-1;1,331073E-1;1,332122E-1;9,422521E-1;;
30/11/2021  14:47:39,635383;9,381305E-1;1,735670E-1;1,540637E-1;9,421712E-1;;
30/11/2021  14:47:39,635483;9,384345E-1;1,742041E-1;1,569071E-1;9,420850E-1;;
30/11/2021  14:47:39,635583;9,386372E-1;1,675139E-1;1,505885E-1;9,419940E-1;;
30/11/2021  14:47:39,635683;9,379964E-1;1,570008E-1;1,632258E-1;9,418984E-1;;
30/11/2021  14:47:39,635783;9,382706E-1;1,439390E-1;1,328963E-1;9,417988E-1;;
30/11/2021  14:47:39,635883;9,377133E-1;1,442576E-1;1,328963E-1;9,416954E-1;;
30/11/2021  14:47:39,635983;9,376120E-1;1,257800E-1;6,844617E-2;9,415886E-1;;
30/11/2021  14:47:39,636083;9,382229E-1;1,283286E-1;1,341600E-1;9,414787E-1;;
30/11/2021  14:47:39,636183;9,383868E-1;1,327887E-1;1,174156E-1;9,413660E-1;;
30/11/2021  14:47:39,636283;9,386491E-1;1,101695E-1;1,069899E-1;9,412510E-1;;
30/11/2021  14:47:39,636383;9,381276E-1;8,372740E-2;6,497092E-2;9,411341E-1;;
30/11/2021  14:47:39,636483;9,377491E-1;1,092138E-1;1,038306E-1;9,410158E-1;;
30/11/2021  14:47:39,636583;9,380411E-1;1,286472E-1;1,439539E-1;9,408963E-1;;
30/11/2021  14:47:39,636683;9,375136E-1;1,257800E-1;1,303688E-1;9,407760E-1;;
30/11/2021  14:47:39,636783;9,378951E-1;6,907272E-2;1,047783E-1;9,406552E-1;;
30/11/2021  14:47:39,636883;9,386402E-1;1,133553E-1;1,155200E-1;9,405341E-1;;
30/11/2021  14:47:39,636983;9,383332E-1;1,095324E-1;1,057261E-1;9,404132E-1;;
30/11/2021  14:47:39,637083;9,379577E-1;1,917260E-1;2,715904E-1;9,402927E-1;;
30/11/2021  14:47:39,637183;9,376209E-1;1,127182E-1;1,117289E-1;9,401731E-1;;
30/11/2021  14:47:39,637283;9,376954E-1;1,165411E-1;1,164678E-1;9,400545E-1;;
30/11/2021  14:47:39,637383;9,372961E-1;1,245056E-1;1,202590E-1;9,399372E-1;;
30/11/2021  14:47:39,637483;9,381901E-1;1,152668E-1;1,199431E-1;9,398213E-1;;
30/11/2021  14:47:39,637583;9,384852E-1;1,076209E-1;1,088855E-1;9,397070E-1;;
30/11/2021  14:47:39,637683;9,381395E-1;1,123996E-1;1,101492E-1;9,395946E-1;;
30/11/2021  14:47:39,637783;9,377938E-1;1,123996E-1;1,114129E-1;9,394844E-1;;
30/11/2021  14:47:39,637883;9,371709E-1;1,060280E-1;9,245700E-2;9,393766E-1;;
30/11/2021  14:47:39,637983;9,364020E-1;1,264171E-1;1,401627E-1;9,392712E-1;;
30/11/2021  14:47:39,638083;9,370696E-1;1,280100E-1;1,496407E-1;9,391681E-1;;
30/11/2021  14:47:39,638183;9,363364E-1;8,850610E-2;1,445858E-1;9,390674E-1;;
30/11/2021  14:47:39,638283;9,366314E-1;5,409946E-2;9,372073E-2;9,389688E-1;;
30/11/2021  14:47:39,638383;9,363662E-1;8,372740E-2;8,740209E-2;9,388723E-1;;
30/11/2021  14:47:39,638483;9,361963E-1;1,053908E-1;1,031987E-1;9,387777E-1;;
30/11/2021  14:47:39,638583;9,358864E-1;8,563888E-2;8,771802E-2;9,386850E-1;;
30/11/2021  14:47:39,638683;9,353916E-1;1,206827E-1;1,351078E-1;9,385940E-1;;
30/11/2021  14:47:39,638783;9,361546E-1;1,114439E-1;1,054102E-1;9,385044E-1;;
30/11/2021  14:47:39,638883;9,355198E-1;1,318330E-1;1,123607E-1;9,384162E-1;;
30/11/2021  14:47:39,638983;9,361635E-1;1,165411E-1;1,294210E-1;9,383292E-1;;
30/11/2021  14:47:39,639083;9,360801E-1;1,159040E-1;1,000394E-1;9,382433E-1;;
30/11/2021  14:47:39,639183;9,355526E-1;1,082581E-1;1,076217E-1;9,381585E-1;;
30/11/2021  14:47:39,639283;9,351502E-1;1,123996E-1;9,688005E-2;9,380748E-1;;
30/11/2021  14:47:39,639383;9,355347E-1;9,870066E-2;8,613836E-2;9,379920E-1;;
30/11/2021  14:47:39,639483;9,362917E-1;1,117624E-1;1,031987E-1;9,379100E-1;;
30/11/2021  14:47:39,639583;9,358983E-1;1,474434E-1;1,692285E-1;9,378288E-1;;
30/11/2021  14:47:39,639683;9,367268E-1;4,103768E-2;3,148212E-2;9,377486E-1;;
30/11/2021  14:47:39,639783;9,364973E-1;1,203641E-1;1,679647E-1;9,376694E-1;;
30/11/2021  14:47:39,639883;9,363006E-1;1,241871E-1;1,325804E-1;9,375915E-1;;
30/11/2021  14:47:39,639983;9,360890E-1;1,248242E-1;1,300529E-1;9,375150E-1;;
30/11/2021  14:47:39,640083;9,361665E-1;1,257800E-1;1,256299E-1;9,374400E-1;;
30/11/2021  14:47:39,640183;9,367417E-1;1,241871E-1;1,231024E-1;9,373665E-1;;
30/11/2021  14:47:39,640283;9,374421E-1;1,136739E-1;9,845971E-2;9,372948E-1;;
30/11/2021  14:47:39,640383;9,368252E-1;1,283286E-1;1,310007E-1;9,372251E-1;;
30/11/2021  14:47:39,640483;9,370994E-1;1,203641E-1;1,284732E-1;9,371576E-1;;
30/11/2021  14:47:39,640583;9,366791E-1;1,302401E-1;1,243661E-1;9,370924E-1;;
30/11/2021  14:47:39,640683;9,361099E-1;1,216384E-1;1,126766E-1;9,370299E-1;;
30/11/2021  14:47:39,640783;9,365838E-1;1,213198E-1;1,471132E-1;9,369698E-1;;
30/11/2021  14:47:39,640883;9,366016E-1;1,162226E-1;1,174156E-1;9,369124E-1;;
30/11/2021  14:47:39,640983;9,365838E-1;1,216384E-1;1,183634E-1;9,368575E-1;;
30/11/2021  14:47:39,641083;9,368460E-1;8,659462E-2;3,780076E-2;9,368053E-1;;
30/11/2021  14:47:39,641183;9,366732E-1;9,073616E-2;9,087734E-2;9,367557E-1;;
30/11/2021  14:47:39,641283;9,361397E-1;1,190898E-1;1,243661E-1;9,367089E-1;;
30/11/2021  14:47:39,641383;9,361069E-1;1,308772E-1;1,379512E-1;9,366647E-1;;
30/11/2021  14:47:39,641483;9,364944E-1;1,305587E-1;1,325804E-1;9,366231E-1;;
30/11/2021  14:47:39,641583;9,366613E-1;1,190898E-1;1,208909E-1;9,365840E-1;;
30/11/2021  14:47:39,641683;9,366434E-1;1,267357E-1;1,351078E-1;9,365473E-1;;
30/11/2021  14:47:39,641783;9,370099E-1;1,455319E-1;1,546956E-1;9,365132E-1;;
30/11/2021  14:47:39,641883;9,362947E-1;1,385232E-1;1,417424E-1;9,364815E-1;;
30/11/2021  14:47:39,641983;9,364288E-1;1,225942E-1;1,212068E-1;9,364523E-1;;
30/11/2021  14:47:39,642083;9,359698E-1;1,197269E-1;1,183634E-1;9,364255E-1;;
30/11/2021  14:47:39,642183;9,367715E-1;1,337445E-1;1,319485E-1;9,364009E-1;;
30/11/2021  14:47:39,642283;9,364586E-1;3,689614E-2;9,119327E-2;9,363785E-1;;
30/11/2021  14:47:39,642383;9,368729E-1;1,178155E-1;1,306848E-1;9,363582E-1;;
30/11/2021  14:47:39,642483;9,367715E-1;1,292843E-1;1,338441E-1;9,363400E-1;;
30/11/2021  14:47:39,642583;9,364646E-1;1,949118E-1;2,194617E-1;9,363238E-1;;
30/11/2021  14:47:39,642683;9,364407E-1;1,327887E-1;1,366875E-1;9,363097E-1;;
30/11/2021  14:47:39,642783;9,363602E-1;1,168597E-1;1,227865E-1;9,362975E-1;;
30/11/2021  14:47:39,642883;9,371351E-1;1,108067E-1;1,319485E-1;9,362871E-1;;
30/11/2021  14:47:39,642983;9,378206E-1;1,229127E-1;1,208909E-1;9,362786E-1;;
30/11/2021  14:47:39,643083;9,382378E-1;1,401161E-1;1,622780E-1;9,362719E-1;;
30/11/2021  14:47:39,643183;9,381782E-1;1,350188E-1;1,310007E-1;9,362675E-1;;
30/11/2021  14:47:39,643283;9,382378E-1;1,401161E-1;1,379512E-1;9,362653E-1;;
30/11/2021  14:47:39,643383;9,378265E-1;1,901331E-1;1,783905E-1;9,362658E-1;;
30/11/2021  14:47:39,643483;9,382468E-1;1,302401E-1;1,370034E-1;9,362689E-1;;
30/11/2021  14:47:39,643583;9,393137E-1;9,296622E-2;7,887192E-2;9,362747E-1;;
30/11/2021  14:47:39,643683;9,402167E-1;1,235499E-1;1,310007E-1;9,362836E-1;;
30/11/2021  14:47:39,643783;9,403538E-1;1,114439E-1;9,845971E-2;9,362959E-1;;
30/11/2021  14:47:39,643883;9,406787E-1;1,184526E-1;1,227865E-1;9,363119E-1;;
30/11/2021  14:47:39,643983;9,408396E-1;8,117876E-2;1,145722E-1;9,363322E-1;;
30/11/2021  14:47:39,644083;9,410453E-1;1,181340E-1;1,231024E-1;9,363570E-1;;
30/11/2021  14:47:39,644183;9,423715E-1;7,289568E-2;8,677022E-2;9,363869E-1;;
30/11/2021  14:47:39,644283;9,430600E-1;9,742634E-2;1,133085E-1;9,364221E-1;;
30/11/2021  14:47:39,644383;9,431643E-1;1,181340E-1;1,155200E-1;9,364633E-1;;
30/11/2021  14:47:39,644483;9,436024E-1;1,289658E-1;1,685966E-1;9,365111E-1;;
30/11/2021  14:47:39,644583;9,440196E-1;1,225942E-1;1,903959E-1;9,365658E-1;;
30/11/2021  14:47:39,644683;9,441507E-1;1,968233E-1;2,014535E-1;9,366279E-1;;
30/11/2021  14:47:39,644783;9,438319E-1;1,098510E-1;1,129926E-1;9,366979E-1;;
30/11/2021  14:47:39,644883;9,449793E-1;1,057094E-1;1,142563E-1;9,367760E-1;;
30/11/2021  14:47:39,644983;9,457989E-1;8,436456E-2;8,645429E-2;9,368625E-1;;
30/11/2021  14:47:39,645083;9,458227E-1;1,114439E-1;1,224705E-1;9,369578E-1;;
30/11/2021  14:47:39,645183;9,463413E-1;1,111253E-1;1,095173E-1;9,370621E-1;;
30/11/2021  14:47:39,645283;9,462250E-1;1,123996E-1;1,003553E-1;9,371758E-1;;
30/11/2021  14:47:39,645383;9,458048E-1;1,104881E-1;1,031987E-1;9,372989E-1;;
30/11/2021  14:47:39,645483;9,461028E-1;1,576380E-1;1,575390E-1;9,374316E-1;;
30/11/2021  14:47:39,645583;9,474499E-1;1,821686E-1;1,922915E-1;9,375737E-1;;
30/11/2021  14:47:39,645683;9,471400E-1;1,955490E-1;1,859729E-1;9,377253E-1;;
30/11/2021  14:47:39,645783;9,471102E-1;1,366117E-1;1,291051E-1;9,378863E-1;;
30/11/2021  14:47:39,645883;9,472830E-1;1,757970E-1;1,698603E-1;9,380565E-1;;
30/11/2021  14:47:39,645983;9,466661E-1;1,283286E-1;1,452176E-1;9,382359E-1;;
30/11/2021  14:47:39,646083;9,465797E-1;1,519035E-1;1,534319E-1;9,384239E-1;;
30/11/2021  14:47:39,646183;9,465886E-1;1,401161E-1;1,490088E-1;9,386202E-1;;
30/11/2021  14:47:39,646283;9,475215E-1;1,343816E-1;1,278414E-1;9,388242E-1;;
30/11/2021  14:47:39,646383;9,472711E-1;1,394789E-1;1,382671E-1;9,390354E-1;;
30/11/2021  14:47:39,646483;9,461565E-1;1,283286E-1;1,227865E-1;9,392534E-1;;
30/11/2021  14:47:39,646583;9,462906E-1;1,292843E-1;1,202590E-1;9,394774E-1;;
30/11/2021  14:47:39,646683;9,460373E-1;8,309024E-2;9,530039E-2;9,397068E-1;;
30/11/2021  14:47:39,646783;9,451432E-1;1,375674E-1;1,474292E-1;9,399407E-1;;
30/11/2021  14:47:39,646883;9,457184E-1;1,315144E-1;1,275255E-1;9,401782E-1;;
30/11/2021  14:47:39,646983;9,453935E-1;1,413904E-1;1,632258E-1;9,404183E-1;;
30/11/2021  14:47:39,647083;9,456707E-1;9,816838E-3;6,528685E-2;9,406603E-1;;
30/11/2021  14:47:39,647183;9,451193E-1;1,308772E-1;1,310007E-1;9,409032E-1;;
30/11/2021  14:47:39,647283;9,449167E-1;7,512574E-2;1,054102E-1;9,411462E-1;;
30/11/2021  14:47:39,647383;9,435964E-1;1,292843E-1;1,294210E-1;9,413885E-1;;
30/11/2021  14:47:39,647483;9,436471E-1;1,350188E-1;1,392149E-1;9,416289E-1;;
30/11/2021  14:47:39,647583;9,437484E-1;1,423461E-1;1,455336E-1;9,418664E-1;;
30/11/2021  14:47:39,647683;9,431732E-1;1,366117E-1;1,313166E-1;9,421002E-1;;
30/11/2021  14:47:39,647783;9,436024E-1;1,417090E-1;1,505885E-1;9,423292E-1;;
30/11/2021  14:47:39,647883;9,425444E-1;1,391603E-1;1,347919E-1;9,425525E-1;;
30/11/2021  14:47:39,647983;9,422285E-1;1,359745E-1;1,313166E-1;9,427693E-1;;
30/11/2021  14:47:39,648083;9,415668E-1;1,318330E-1;1,196272E-1;9,429788E-1;;
30/11/2021  14:47:39,648183;9,416592E-1;8,500172E-2;1,265777E-1;9,431799E-1;;
30/11/2021  14:47:39,648283;9,414804E-1;1,691068E-1;1,310007E-1;9,433720E-1;;
30/11/2021  14:47:39,648383;9,414715E-1;9,179678E-3;1,473773E-2;9,435541E-1;;
30/11/2021  14:47:39,648483;9,413224E-1;1,852338E-3;3,996039E-3;9,437257E-1;;
30/11/2021  14:47:39,648583;9,410095E-1;1,215178E-3;3,048243E-3;9,438862E-1;;
30/11/2021  14:47:39,648683;9,404134E-1;7,268198E-3;9,682815E-3;9,440352E-1;;
30/11/2021  14:47:39,648783;9,403747E-1;8,223938E-3;1,031468E-2;9,441720E-1;;
30/11/2021  14:47:39,648883;9,404343E-1;7,586778E-3;8,735019E-3;9,442963E-1;;
30/11/2021  14:47:39,648983;9,403926E-1;1,533758E-3;3,996039E-3;9,444078E-1;;
30/11/2021  14:47:39,649083;9,398323E-1;1,215178E-3;3,680107E-3;9,445062E-1;;
30/11/2021  14:47:39,649183;9,395253E-1;1,215178E-3;3,996039E-3;9,445912E-1;;
30/11/2021  14:47:39,649283;9,390246E-1;2,489498E-3;4,943835E-3;9,446628E-1;;
30/11/2021  14:47:39,649383;9,388041E-1;5,675298E-3;7,155359E-3;9,447207E-1;;
30/11/2021  14:47:39,649483;9,385329E-1;8,965980E-4;2,732311E-3;9,447648E-1;;
30/11/2021  14:47:39,649583;9,385984E-1;2,170918E-3;5,259767E-3;9,447949E-1;;
30/11/2021  14:47:39,649683;9,388309E-1;1,533758E-3;3,680107E-3;9,448111E-1;;
30/11/2021  14:47:39,649783;9,387415E-1;8,965980E-4;3,048243E-3;9,448134E-1;;
30/11/2021  14:47:39,649883;9,383630E-1;1,852338E-3;3,364175E-3;9,448021E-1;;
30/11/2021  14:47:39,649983;9,380978E-1;1,215178E-3;3,048243E-3;9,447773E-1;;
30/11/2021  14:47:39,650083;9,379905E-1;1,215178E-3;3,364175E-3;9,447394E-1;;
30/11/2021  14:47:39,650183;9,378236E-1;7,586778E-3;9,682815E-3;9,446886E-1;;
30/11/2021  14:47:39,650283;9,382557E-1;1,852338E-3;4,311971E-3;9,446253E-1;;
30/11/2021  14:47:39,650383;9,379756E-1;1,533758E-3;3,996039E-3;9,445497E-1;;
30/11/2021  14:47:39,650483;9,382021E-1;3,445238E-3;5,259767E-3;9,444625E-1;;
30/11/2021  14:47:39,650583;9,383213E-1;8,965980E-4;3,364175E-3;9,443642E-1;;
30/11/2021  14:47:39,650683;9,379934E-1;5,780180E-4;3,364175E-3;9,442553E-1;;
30/11/2021  14:47:39,650783;9,374242E-1;5,780180E-4;3,364175E-3;9,441365E-1;;
30/11/2021  14:47:39,650883;9,377878E-1;6,949618E-3;8,103155E-3;9,440083E-1;;
30/11/2021  14:47:39,650983;9,378832E-1;8,965980E-4;3,680107E-3;9,438713E-1;;
30/11/2021  14:47:39,651083;9,382021E-1;8,965980E-4;3,364175E-3;9,437261E-1;;
30/11/2021  14:47:39,651183;9,376984E-1;1,215178E-3;3,996039E-3;9,435734E-1;;
30/11/2021  14:47:39,651283;9,373825E-1;1,533758E-3;3,680107E-3;9,434139E-1;;
30/11/2021  14:47:39,651383;9,370397E-1;1,215178E-3;3,364175E-3;9,432482E-1;;
30/11/2021  14:47:39,651483;9,367983E-1;1,215178E-3;3,364175E-3;9,430768E-1;;
30/11/2021  14:47:39,651583;9,372871E-1;8,965980E-4;3,680107E-3;9,429002E-1;;
30/11/2021  14:47:39,651683;9,365689E-1;2,808078E-3;7,155359E-3;9,427190E-1;;
30/11/2021  14:47:39,651783;9,362619E-1;1,215178E-3;3,680107E-3;9,425336E-1;;
30/11/2021  14:47:39,651883;9,361755E-1;1,533758E-3;5,575699E-3;9,423445E-1;;
30/11/2021  14:47:39,651983;9,356420E-1;1,491412E-2;1,663332E-2;9,421521E-1;;
30/11/2021  14:47:39,652083;9,355287E-1;1,300264E-2;1,568552E-2;9,419567E-1;;
30/11/2021  14:47:39,652183;9,342442E-1;3,126658E-3;5,259767E-3;9,417586E-1;;
30/11/2021  14:47:39,652283;9,353499E-1;9,498258E-3;1,284213E-2;9,415580E-1;;
30/11/2021  14:47:39,652383;9,346972E-1;1,268406E-2;9,998747E-3;9,413550E-1;;
30/11/2021  14:47:39,652483;9,347390E-1;1,682560E-2;2,137230E-2;9,411501E-1;;
30/11/2021  14:47:39,652583;9,339015E-1;1,586986E-2;1,789705E-2;9,409432E-1;;
30/11/2021  14:47:39,652683;9,334574E-1;6,301970E-2;6,781430E-2;9,407347E-1;;
30/11/2021  14:47:39,652783;9,326110E-1;4,581638E-2;4,032822E-2;9,405247E-1;;
30/11/2021  14:47:39,652883;9,327481E-1;1,682560E-2;1,916077E-2;9,403130E-1;;
30/11/2021  14:47:39,652983;9,333829E-1;2,128572E-2;2,168823E-2;9,400998E-1;;
30/11/2021  14:47:39,653083;9,332399E-1;6,047106E-2;1,060421E-1;9,398850E-1;;
30/11/2021  14:47:39,653183;9,327809E-1;7,576290E-2;4,727872E-2;9,396689E-1;;
30/11/2021  14:47:39,653283;9,329120E-1;1,356559E-1;1,433221E-1;9,394517E-1;;
30/11/2021  14:47:39,653383;9,335319E-1;1,225942E-1;1,193112E-1;9,392336E-1;;
30/11/2021  14:47:39,653483;9,326498E-1;9,774492E-2;9,751191E-2;9,390148E-1;;
30/11/2021  14:47:39,653583;9,336631E-1;9,264764E-2;9,561632E-2;9,387957E-1;;
30/11/2021  14:47:39,653683;9,339522E-1;1,152668E-1;1,193112E-1;9,385766E-1;;
30/11/2021  14:47:39,653783;9,338180E-1;1,206827E-1;1,287892E-1;9,383580E-1;;
30/11/2021  14:47:39,653883;9,338598E-1;1,356559E-1;1,436380E-1;9,381403E-1;;
30/11/2021  14:47:39,653983;9,340386E-1;1,095324E-1;1,177316E-1;9,379241E-1;;
30/11/2021  14:47:39,654083;9,344171E-1;1,095324E-1;1,136244E-1;9,377098E-1;;
30/11/2021  14:47:39,654183;9,342770E-1;1,047537E-1;1,117289E-1;9,374979E-1;;
30/11/2021  14:47:39,654283;9,350787E-1;1,037979E-1;1,006712E-1;9,372891E-1;;
30/11/2021  14:47:39,654383;9,353380E-1;1,174969E-1;1,332122E-1;9,370838E-1;;
30/11/2021  14:47:39,654483;9,356688E-1;9,009900E-2;7,508074E-2;9,368827E-1;;
30/11/2021  14:47:39,654583;9,364198E-1;1,181340E-1;1,379512E-1;9,366864E-1;;
30/11/2021  14:47:39,654683;9,361993E-1;1,018865E-1;1,294210E-1;9,364957E-1;;
30/11/2021  14:47:39,654783;9,367179E-1;8,468314E-2;1,028828E-1;9,363113E-1;;
30/11/2021  14:47:39,654883;9,375792E-1;9,933782E-2;1,117289E-1;9,361337E-1;;
30/11/2021  14:47:39,654983;9,379577E-1;6,493118E-2;1,224705E-1;9,359638E-1;;
30/11/2021  14:47:39,655083;9,386789E-1;9,201048E-2;1,016190E-1;9,358022E-1;;
30/11/2021  14:47:39,655183;9,388041E-1;6,907272E-2;1,057261E-1;9,356498E-1;;
30/11/2021  14:47:39,655283;9,391558E-1;9,360338E-2;1,101492E-1;9,355073E-1;;
30/11/2021  14:47:39,655383;9,392332E-1;1,063466E-1;1,177316E-1;9,353754E-1;;
30/11/2021  14:47:39,655483;9,392631E-1;2,356901E-1;2,131430E-1;9,352546E-1;;
30/11/2021  14:47:39,655583;9,397131E-1;1,254614E-1;1,373193E-1;9,351456E-1;;
30/11/2021  14:47:39,655683;9,405744E-1;1,136739E-1;1,265777E-1;9,350486E-1;;
30/11/2021  14:47:39,655783;9,412181E-1;1,620981E-1;1,471132E-1;9,349642E-1;;
30/11/2021  14:47:39,655883;9,421748E-1;1,544522E-1;1,088855E-1;9,348930E-1;;
30/11/2021  14:47:39,655983;9,410065E-1;1,738855E-1;1,676488E-1;9,348354E-1;;
30/11/2021  14:47:39,656083;9,413731E-1;1,777085E-1;1,575390E-1;9,347917E-1;;
30/11/2021  14:47:39,656183;9,414476E-1;1,550893E-1;1,376353E-1;9,347623E-1;;
30/11/2021  14:47:39,656283;9,423864E-1;1,315144E-1;1,332122E-1;9,347471E-1;;
30/11/2021  14:47:39,656383;9,423059E-1;1,773899E-1;1,528000E-1;9,347463E-1;;
30/11/2021  14:47:39,656483;9,432388E-1;1,260985E-1;1,436380E-1;9,347600E-1;;
30/11/2021  14:47:39,656583;9,432447E-1;1,410718E-1;1,733356E-1;9,347882E-1;;
30/11/2021  14:47:39,656683;9,434593E-1;1,210013E-1;1,240502E-1;9,348310E-1;;
30/11/2021  14:47:39,656783;9,428841E-1;2,203982E-1;1,872366E-1;9,348882E-1;;
30/11/2021  14:47:39,656883;9,432835E-1;1,289658E-1;1,265777E-1;9,349597E-1;;
30/11/2021  14:47:39,656983;9,441358E-1;1,066652E-1;1,145722E-1;9,350453E-1;;
30/11/2021  14:47:39,657083;9,441358E-1;1,018865E-1;1,019350E-1;9,351446E-1;;
30/11/2021  14:47:39,657183;9,443743E-1;1,232313E-1;1,193112E-1;9,352574E-1;;
30/11/2021  14:47:39,657283;9,441895E-1;8,850610E-2;9,340479E-2;9,353834E-1;;
30/11/2021  14:47:39,657383;9,442968E-1;-3,542152E-2;5,106991E-2;9,355221E-1;;
30/11/2021  14:47:39,657483;9,446574E-1;1,073023E-1;2,387335E-1;9,356730E-1;;
30/11/2021  14:47:39,657583;9,446783E-1;1,283286E-1;1,294210E-1;9,358358E-1;;
30/11/2021  14:47:39,657683;9,446604E-1;-4,561608E-2;6,339125E-2;9,360098E-1;;
30/11/2021  14:47:39,657783;9,454770E-1;1,002936E-1;1,003553E-1;9,361945E-1;;
30/11/2021  14:47:39,657883;9,453488E-1;1,509478E-1;1,509044E-1;9,363894E-1;;
30/11/2021  14:47:39,657983;9,450270E-1;1,216384E-1;1,354238E-1;9,365938E-1;;
30/11/2021  14:47:39,658083;9,446157E-1;1,391603E-1;1,357397E-1;9,368072E-1;;
30/11/2021  14:47:39,658183;9,443236E-1;1,104881E-1;1,234183E-1;9,370289E-1;;
30/11/2021  14:47:39,658283;9,449971E-1;1,165411E-1;1,189953E-1;9,372579E-1;;
30/11/2021  14:47:39,658383;9,450180E-1;1,260985E-1;1,224705E-1;9,374935E-1;;
30/11/2021  14:47:39,658483;9,458883E-1;1,095324E-1;1,193112E-1;9,377350E-1;;
30/11/2021  14:47:39,658583;9,452505E-1;1,130368E-1;1,063580E-1;9,379816E-1;;
30/11/2021  14:47:39,658683;9,454055E-1;9,838208E-2;8,392683E-2;9,382327E-1;;
30/11/2021  14:47:39,658783;9,453935E-1;1,127182E-1;1,117289E-1;9,384877E-1;;
30/11/2021  14:47:39,658883;9,456141E-1;1,219570E-1;1,281573E-1;9,387457E-1;;
30/11/2021  14:47:39,658983;9,457333E-1;9,360338E-2;1,009872E-1;9,390062E-1;;
30/11/2021  14:47:39,659083;9,464277E-1;1,085766E-1;1,079377E-1;9,392685E-1;;
30/11/2021  14:47:39,659183;9,463740E-1;1,117624E-1;1,057261E-1;9,395321E-1;;
30/11/2021  14:47:39,659283;9,464605E-1;1,022050E-1;1,006712E-1;9,397965E-1;;
30/11/2021  14:47:39,659383;9,461714E-1;1,841850E-2;6,560278E-2;9,400612E-1;;
30/11/2021  14:47:39,659483;9,463681E-1;1,210013E-1;1,148882E-1;9,403256E-1;;
30/11/2021  14:47:39,659583;9,460283E-1;1,155854E-1;1,177316E-1;9,405893E-1;;
30/11/2021  14:47:39,659683;9,467078E-1;1,139925E-1;1,180475E-1;9,408518E-1;;
30/11/2021  14:47:39,659783;9,468032E-1;1,254614E-1;1,215227E-1;9,411126E-1;;
30/11/2021  14:47:39,659883;9,463174E-1;1,388417E-1;1,467973E-1;9,413712E-1;;
30/11/2021  14:47:39,659983;9,466155E-1;1,114439E-1;9,877564E-2;9,416272E-1;;
30/11/2021  14:47:39,660083;9,461177E-1;1,130368E-1;1,041465E-1;9,418803E-1;;
30/11/2021  14:47:39,660183;9,463562E-1;8,086018E-2;7,476481E-2;9,421299E-1;;
30/11/2021  14:47:39,660283;9,465201E-1;6,333828E-2;7,065769E-2;9,423756E-1;;
30/11/2021  14:47:39,660383;9,462489E-1;1,130368E-1;1,000394E-1;9,426170E-1;;
30/11/2021  14:47:39,660483;9,473516E-1;1,222756E-1;1,202590E-1;9,428538E-1;;
30/11/2021  14:47:39,660583;9,467049E-1;9,360338E-2;6,939396E-2;9,430857E-1;;
30/11/2021  14:47:39,660683;9,470178E-1;8,500172E-2;6,149566E-2;9,433124E-1;;
30/11/2021  14:47:39,660783;9,461982E-1;1,133553E-1;1,189953E-1;9,435338E-1;;
30/11/2021  14:47:39,660883;9,458793E-1;1,280100E-1;1,328963E-1;9,437495E-1;;
30/11/2021  14:47:39,660983;9,461714E-1;8,786894E-2;9,561632E-2;9,439593E-1;;
30/11/2021  14:47:39,661083;9,462668E-1;1,216384E-1;1,591187E-1;9,441627E-1;;
30/11/2021  14:47:39,661183;9,466035E-1;9,296622E-2;1,025668E-1;9,443596E-1;;
30/11/2021  14:47:39,661283;9,465678E-1;1,633724E-1;1,897641E-1;9,445497E-1;;
30/11/2021  14:47:39,661383;9,461714E-1;1,356559E-1;1,265777E-1;9,447329E-1;;
30/11/2021  14:47:39,661483;9,458644E-1;1,260985E-1;1,170997E-1;9,449091E-1;;
30/11/2021  14:47:39,661583;9,458495E-1;1,111253E-1;1,104651E-1;9,450780E-1;;
30/11/2021  14:47:39,661683;9,461088E-1;1,245056E-1;1,240502E-1;9,452395E-1;;
30/11/2021  14:47:39,661783;9,460313E-1;1,251428E-1;1,281573E-1;9,453935E-1;;
30/11/2021  14:47:39,661883;9,462221E-1;1,235499E-1;1,073058E-1;9,455399E-1;;
30/11/2021  14:47:39,661983;9,459806E-1;1,327887E-1;1,300529E-1;9,456786E-1;;
30/11/2021  14:47:39,662083;9,459181E-1;1,270543E-1;1,243661E-1;9,458096E-1;;
30/11/2021  14:47:39,662183;9,451521E-1;1,181340E-1;1,246821E-1;9,459329E-1;;
30/11/2021  14:47:39,662283;9,461446E-1;1,085766E-1;1,246821E-1;9,460485E-1;;
30/11/2021  14:47:39,662383;9,459657E-1;1,464877E-1;1,692285E-1;9,461563E-1;;
30/11/2021  14:47:39,662483;9,459389E-1;1,353374E-1;1,341600E-1;9,462564E-1;;
30/11/2021  14:47:39,662583;9,457243E-1;1,356559E-1;1,363715E-1;9,463489E-1;;
30/11/2021  14:47:39,662683;9,459628E-1;1,324701E-1;1,284732E-1;9,464339E-1;;
30/11/2021  14:47:39,662783;9,456916E-1;1,356559E-1;1,341600E-1;9,465116E-1;;
30/11/2021  14:47:39,662883;9,450597E-1;1,557265E-1;1,761790E-1;9,465821E-1;;
30/11/2021  14:47:39,662983;9,457005E-1;1,624167E-1;1,644895E-1;9,466454E-1;;
30/11/2021  14:47:39,663083;9,460105E-1;1,280100E-1;1,256299E-1;9,467017E-1;;
30/11/2021  14:47:39,663183;9,463472E-1;1,356559E-1;1,505885E-1;9,467511E-1;;
30/11/2021  14:47:39,663283;9,460194E-1;1,337445E-1;1,297370E-1;9,467940E-1;;
30/11/2021  14:47:39,663383;9,462995E-1;1,280100E-1;1,186794E-1;9,468307E-1;;
30/11/2021  14:47:39,663483;9,456856E-1;1,340630E-1;1,455336E-1;9,468615E-1;;
30/11/2021  14:47:39,663583;9,462727E-1;1,404346E-1;1,351078E-1;9,468866E-1;;
30/11/2021  14:47:39,663683;9,460611E-1;1,471248E-1;1,445858E-1;9,469064E-1;;
30/11/2021  14:47:39,663783;9,463025E-1;1,292843E-1;1,243661E-1;9,469212E-1;;
30/11/2021  14:47:39,663883;9,461267E-1;1,493549E-1;1,588027E-1;9,469312E-1;;
30/11/2021  14:47:39,663983;9,462787E-1;1,627352E-1;2,245166E-1;9,469368E-1;;
30/11/2021  14:47:39,664083;9,456945E-1;1,225942E-1;1,246821E-1;9,469383E-1;;
30/11/2021  14:47:39,664183;9,449137E-1;1,197269E-1;1,237343E-1;9,469359E-1;;
30/11/2021  14:47:39,664283;9,453041E-1;1,194084E-1;1,170997E-1;9,469297E-1;;
30/11/2021  14:47:39,664383;9,451253E-1;1,130368E-1;1,177316E-1;9,469198E-1;;
30/11/2021  14:47:39,664483;9,453101E-1;9,647060E-2;8,803395E-2;9,469064E-1;;
30/11/2021  14:47:39,664583;9,449286E-1;1,159040E-1;1,202590E-1;9,468895E-1;;
30/11/2021  14:47:39,664683;9,450180E-1;1,111253E-1;1,205749E-1;9,468693E-1;;
30/11/2021  14:47:39,664783;9,439540E-1;1,025236E-1;9,561632E-2;9,468458E-1;;
30/11/2021  14:47:39,664883;9,439451E-1;1,022050E-1;1,328963E-1;9,468190E-1;;
30/11/2021  14:47:39,664983;9,439511E-1;7,640006E-2;9,435259E-2;9,467889E-1;;
30/11/2021  14:47:39,665083;9,446067E-1;9,838208E-2;9,845971E-2;9,467555E-1;;
30/11/2021  14:47:39,665183;9,441180E-1;1,159040E-1;1,310007E-1;9,467188E-1;;
30/11/2021  14:47:39,665283;9,436977E-1;7,353284E-2;9,624818E-2;9,466789E-1;;
30/11/2021  14:47:39,665383;9,428543E-1;1,095324E-1;1,161519E-1;9,466357E-1;;
30/11/2021  14:47:39,665483;9,421450E-1;1,034794E-1;1,174156E-1;9,465893E-1;;
30/11/2021  14:47:39,665583;9,416503E-1;1,111253E-1;1,275255E-1;9,465393E-1;;
30/11/2021  14:47:39,665683;9,422821E-1;1,200455E-1;1,234183E-1;9,464855E-1;;
30/11/2021  14:47:39,665783;9,420079E-1;1,347002E-1;1,376353E-1;9,464278E-1;;
30/11/2021  14:47:39,665883;9,413552E-1;1,499920E-1;1,467973E-1;9,463659E-1;;
30/11/2021  14:47:39,665983;9,407115E-1;1,646467E-1;1,600664E-1;9,462997E-1;;
30/11/2021  14:47:39,666083;9,397041E-1;1,620981E-1;1,455336E-1;9,462290E-1;;
30/11/2021  14:47:39,666183;9,389233E-1;1,308772E-1;9,877564E-2;9,461534E-1;;
30/11/2021  14:47:39,666283;9,381603E-1;1,831244E-1;1,850251E-1;9,460724E-1;;
30/11/2021  14:47:39,666383;9,384166E-1;1,630538E-1;1,433221E-1;9,459856E-1;;
30/11/2021  14:47:39,666483;9,381097E-1;1,311958E-1;1,430061E-1;9,458925E-1;;
30/11/2021  14:47:39,666583;9,375017E-1;6,397544E-2;1,164678E-1;9,457926E-1;;
30/11/2021  14:47:39,666683;9,369056E-1;1,407532E-1;1,483770E-1;9,456858E-1;;
30/11/2021  14:47:39,666783;9,360831E-1;1,401161E-1;1,550115E-1;9,455715E-1;;
30/11/2021  14:47:39,666883;9,354453E-1;1,245056E-1;1,872366E-1;9,454494E-1;;
30/11/2021  14:47:39,666983;9,349774E-1;1,388417E-1;1,411105E-1;9,453190E-1;;
30/11/2021  14:47:39,667083;9,350191E-1;1,378860E-1;1,395309E-1;9,451800E-1;;
30/11/2021  14:47:39,667183;9,348999E-1;1,515849E-1;1,622780E-1;9,450320E-1;;
30/11/2021  14:47:39,667283;9,349237E-1;1,337445E-1;1,382671E-1;9,448748E-1;;
30/11/2021  14:47:39,667383;9,343247E-1;1,754784E-1;1,556434E-1;9,447083E-1;;
30/11/2021  14:47:39,667483;9,333114E-1;1,401161E-1;1,354238E-1;9,445324E-1;;
30/11/2021  14:47:39,667583;9,327541E-1;1,267357E-1;1,360556E-1;9,443470E-1;;
30/11/2021  14:47:39,667683;9,327153E-1;1,382046E-1;1,543797E-1;9,441521E-1;;
30/11/2021  14:47:39,667783;9,333710E-1;1,315144E-1;1,297370E-1;9,439474E-1;;
30/11/2021  14:47:39,667883;9,333412E-1;1,025236E-1;1,107811E-1;9,437332E-1;;
30/11/2021  14:47:39,667983;9,334872E-1;1,356559E-1;1,193112E-1;9,435097E-1;;
30/11/2021  14:47:39,668083;9,336690E-1;1,362931E-1;1,373193E-1;9,432772E-1;;
30/11/2021  14:47:39,668183;9,332220E-1;1,410718E-1;1,357397E-1;9,430362E-1;;
30/11/2021  14:47:39,668283;9,332935E-1;1,168597E-1;1,256299E-1;9,427874E-1;;
30/11/2021  14:47:39,668383;9,342532E-1;1,714418E-2;1,852891E-2;9,425311E-1;;
30/11/2021  14:47:39,668483;9,349506E-1;1,215178E-3;3,048243E-3;9,422682E-1;;
30/11/2021  14:47:39,668583;9,354632E-1;3,445238E-3;5,575699E-3;9,419996E-1;;
30/11/2021  14:47:39,668683;9,351622E-1;1,013542E-2;1,221027E-2;9,417262E-1;;
30/11/2021  14:47:39,668783;9,360294E-1;3,445238E-3;4,943835E-3;9,414492E-1;;
30/11/2021  14:47:39,668883;9,354036E-1;5,993878E-3;8,103155E-3;9,411696E-1;;
30/11/2021  14:47:39,668983;9,362023E-1;2,170918E-3;4,627903E-3;9,408886E-1;;
30/11/2021  14:47:39,669083;9,373378E-1;4,400978E-3;6,207563E-3;9,406071E-1;;
30/11/2021  14:47:39,669183;9,373408E-1;2,489498E-3;4,943835E-3;9,403264E-1;;
30/11/2021  14:47:39,669283;9,385865E-1;1,215178E-3;3,364175E-3;9,400477E-1;;
30/11/2021  14:47:39,669383;9,382766E-1;1,852338E-3;3,996039E-3;9,397724E-1;;
30/11/2021  14:47:39,669483;9,380620E-1;7,905358E-3;9,682815E-3;9,395017E-1;;
30/11/2021  14:47:39,669583;9,376597E-1;1,215178E-3;3,680107E-3;9,392368E-1;;
30/11/2021  14:47:39,669683;9,393227E-1;1,852338E-3;4,311971E-3;9,389785E-1;;
30/11/2021  14:47:39,669783;9,401333E-1;2,170918E-3;4,311971E-3;9,387280E-1;;
30/11/2021  14:47:39,669883;9,406340E-1;1,852338E-3;3,680107E-3;9,384863E-1;;
30/11/2021  14:47:39,669983;9,408247E-1;1,215178E-3;3,364175E-3;9,382546E-1;;
30/11/2021  14:47:39,670083;9,409976E-1;2,489498E-3;4,627903E-3;9,380340E-1;;
30/11/2021  14:47:39,670183;9,409588E-1;5,675298E-3;7,155359E-3;9,378255E-1;;
30/11/2021  14:47:39,670283;9,408009E-1;2,489498E-3;4,311971E-3;9,376298E-1;;
30/11/2021  14:47:39,670383;9,413880E-1;2,170918E-3;4,943835E-3;9,374476E-1;;
30/11/2021  14:47:39,670483;9,420168E-1;2,594380E-4;3,680107E-3;9,372796E-1;;
30/11/2021  14:47:39,670583;9,427858E-1;8,965980E-4;3,048243E-3;9,371263E-1;;
30/11/2021  14:47:39,670683;9,424132E-1;1,533758E-3;3,364175E-3;9,369884E-1;;
30/11/2021  14:47:39,670783;9,426606E-1;1,533758E-3;3,680107E-3;9,368663E-1;;
30/11/2021  14:47:39,670883;9,419811E-1;1,533758E-3;3,364175E-3;9,367603E-1;;
30/11/2021  14:47:39,670983;9,424162E-1;1,215178E-3;3,996039E-3;9,366707E-1;;
30/11/2021  14:47:39,671083;9,427500E-1;8,965980E-4;3,364175E-3;9,365974E-1;;
30/11/2021  14:47:39,671183;9,427291E-1;1,215178E-3;3,048243E-3;9,365405E-1;;
30/11/2021  14:47:39,671283;9,424162E-1;6,631038E-3;1,157841E-2;9,364999E-1;;
30/11/2021  14:47:39,671383;9,425056E-1;1,215178E-3;3,680107E-3;9,364752E-1;;
30/11/2021  14:47:39,671483;9,416533E-1;8,965980E-4;3,996039E-3;9,364664E-1;;
30/11/2021  14:47:39,671583;9,416473E-1;1,533758E-3;3,680107E-3;9,364727E-1;;
30/11/2021  14:47:39,671683;9,413165E-1;1,215178E-3;3,680107E-3;9,364937E-1;;
30/11/2021  14:47:39,671783;9,409171E-1;8,965980E-4;3,364175E-3;9,365285E-1;;
30/11/2021  14:47:39,671883;9,416384E-1;1,852338E-3;3,996039E-3;9,365765E-1;;
30/11/2021  14:47:39,671983;9,409857E-1;5,356718E-3;7,787223E-3;9,366367E-1;;
30/11/2021  14:47:39,672083;9,411913E-1;1,459554E-2;1,473773E-2;9,367084E-1;;
30/11/2021  14:47:39,672183;9,403926E-1;1,395838E-2;1,410586E-2;9,367907E-1;;
30/11/2021  14:47:39,672283;9,402793E-1;1,077258E-2;1,221027E-2;9,368826E-1;;
30/11/2021  14:47:39,672383;9,406996E-1;9,498258E-3;1,410586E-2;9,369833E-1;;
30/11/2021  14:47:39,672483;9,414744E-1;1,427696E-2;1,600145E-2;9,370918E-1;;
30/11/2021  14:47:39,672583;9,407890E-1;1,714418E-2;1,852891E-2;9,372072E-1;;
30/11/2021  14:47:39,672683;9,413671E-1;5,250656E-2;5,138584E-2;9,373289E-1;;
30/11/2021  14:47:39,672783;9,404313E-1;1,013542E-2;1,284213E-2;9,374560E-1;;
30/11/2021  14:47:39,672883;9,402704E-1;6,301970E-2;6,876210E-2;9,375877E-1;;
30/11/2021  14:47:39,672983;9,398233E-1;1,586986E-2;1,852891E-2;9,377233E-1;;
30/11/2021  14:47:39,673083;9,400558E-1;1,650702E-2;1,916077E-2;9,378618E-1;;
30/11/2021  14:47:39,673183;9,403062E-1;1,901331E-1;2,267281E-1;9,380024E-1;;
30/11/2021  14:47:39,673283;9,398263E-1;2,254955E-1;2,842277E-1;9,381443E-1;;
30/11/2021  14:47:39,673383;9,394270E-1;1,474434E-1;1,417424E-1;9,382867E-1;;
30/11/2021  14:47:39,673483;9,390872E-1;1,143111E-1;1,120448E-1;9,384288E-1;;
30/11/2021  14:47:39,673583;9,389710E-1;1,356559E-1;1,316326E-1;9,385699E-1;;
30/11/2021  14:47:39,673683;9,390544E-1;2,224146E-2;4,538313E-2;9,387091E-1;;
30/11/2021  14:47:39,673783;9,396833E-1;1,235499E-1;1,189953E-1;9,388458E-1;;
30/11/2021  14:47:39,673883;9,399604E-1;1,245056E-1;1,218387E-1;9,389794E-1;;
30/11/2021  14:47:39,673983;9,394866E-1;1,178155E-1;1,186794E-1;9,391093E-1;;
30/11/2021  14:47:39,674083;9,395462E-1;1,018865E-1;9,877564E-2;9,392354E-1;;
30/11/2021  14:47:39,674183;9,392005E-1;9,551486E-2;9,719598E-2;9,393571E-1;;
30/11/2021  14:47:39,674283;9,390067E-1;1,104881E-1;1,170997E-1;9,394740E-1;;
30/11/2021  14:47:39,674383;9,396982E-1;1,101695E-1;1,139404E-1;9,395859E-1;;
30/11/2021  14:47:39,674483;9,398114E-1;1,550893E-1;1,951349E-1;9,396925E-1;;
30/11/2021  14:47:39,674583;9,404492E-1;1,111253E-1;1,193112E-1;9,397936E-1;;
30/11/2021  14:47:39,674683;9,404731E-1;1,245056E-1;1,509044E-1;9,398892E-1;;
30/11/2021  14:47:39,674783;9,402674E-1;1,073023E-1;1,129926E-1;9,399794E-1;;
30/11/2021  14:47:39,674883;9,398323E-1;1,092138E-1;1,120448E-1;9,400642E-1;;
30/11/2021  14:47:39,674983;9,390157E-1;1,397975E-1;1,452176E-1;9,401436E-1;;
30/11/2021  14:47:39,675083;9,406101E-1;-4,274886E-2;3,211399E-2;9,402176E-1;;
30/11/2021  14:47:39,675183;9,409559E-1;9,870066E-2;1,013031E-1;9,402862E-1;;
30/11/2021  14:47:39,675283;9,407204E-1;1,174969E-1;1,430061E-1;9,403496E-1;;
30/11/2021  14:47:39,675383;9,404164E-1;9,392196E-2;1,019350E-1;9,404081E-1;;
30/11/2021  14:47:39,675483;9,401333E-1;9,487770E-2;9,751191E-2;9,404618E-1;;
30/11/2021  14:47:39,675583;9,394747E-1;8,914326E-2;1,249980E-1;9,405109E-1;;
30/11/2021  14:47:39,675683;9,395015E-1;1,022050E-1;1,139404E-1;9,405554E-1;;
30/11/2021  14:47:39,675783;9,397548E-1;7,385142E-2;9,719598E-2;9,405953E-1;;
30/11/2021  14:47:39,675883;9,406459E-1;6,174538E-2;1,654373E-1;9,406306E-1;;
30/11/2021  14:47:39,675983;9,400737E-1;1,213198E-1;1,742834E-1;9,406615E-1;;
30/11/2021  14:47:39,676083;9,393614E-1;1,468062E-1;1,768108E-1;9,406882E-1;;
30/11/2021  14:47:39,676183;9,385180E-1;1,229127E-1;1,300529E-1;9,407107E-1;;
30/11/2021  14:47:39,676283;9,386253E-1;1,483991E-1;1,430061E-1;9,407291E-1;;
30/11/2021  14:47:39,676383;9,389322E-1;1,681511E-1;1,528000E-1;9,407431E-1;;
30/11/2021  14:47:39,676483;9,393733E-1;1,805757E-1;1,606983E-1;9,407527E-1;;
30/11/2021  14:47:39,676583;9,388488E-1;6,110822E-2;8,045158E-2;9,407580E-1;;
30/11/2021  14:47:39,676683;9,381991E-1;1,633724E-1;1,486929E-1;9,407591E-1;;
30/11/2021  14:47:39,676783;9,379815E-1;1,417090E-1;1,354238E-1;9,407559E-1;;
30/11/2021  14:47:39,676883;9,370845E-1;1,225942E-1;1,028828E-1;9,407483E-1;;
30/11/2021  14:47:39,676983;9,370546E-1;1,245056E-1;1,480610E-1;9,407362E-1;;
30/11/2021  14:47:39,677083;9,368401E-1;1,337445E-1;1,253139E-1;9,407193E-1;;
30/11/2021  14:47:39,677183;9,372901E-1;1,079395E-1;1,022509E-1;9,406975E-1;;
30/11/2021  14:47:39,677283;9,375643E-1;1,168597E-1;1,404787E-1;9,406706E-1;;
30/11/2021  14:47:39,677383;9,366165E-1;2,128572E-2;4,633093E-2;9,406387E-1;;
30/11/2021  14:47:39,677483;9,361427E-1;1,117624E-1;1,177316E-1;9,406018E-1;;
30/11/2021  14:47:39,677583;9,359847E-1;1,143111E-1;1,148882E-1;9,405597E-1;;
30/11/2021  14:47:39,677683;9,353410E-1;1,213198E-1;1,237343E-1;9,405123E-1;;
30/11/2021  14:47:39,677783;9,352933E-1;1,168597E-1;1,212068E-1;9,404595E-1;;
30/11/2021  14:47:39,677883;9,350012E-1;1,187712E-1;1,231024E-1;9,404010E-1;;
30/11/2021  14:47:39,677983;9,351145E-1;1,181340E-1;1,265777E-1;9,403368E-1;;
30/11/2021  14:47:39,678083;9,343515E-1;1,748413E-1;1,727037E-1;9,402668E-1;;
30/11/2021  14:47:39,678183;9,335915E-1;1,318330E-1;1,253139E-1;9,401909E-1;;
30/11/2021  14:47:39,678283;9,330342E-1;8,723178E-2;7,792413E-2;9,401088E-1;;
30/11/2021  14:47:39,678383;9,326408E-1;1,165411E-1;1,328963E-1;9,400203E-1;;
30/11/2021  14:47:39,678483;9,329895E-1;1,149482E-1;1,038306E-1;9,399252E-1;;
30/11/2021  14:47:39,678583;9,333650E-1;1,171783E-1;1,117289E-1;9,398232E-1;;
30/11/2021  14:47:39,678683;9,331743E-1;1,714418E-2;7,155359E-3;9,397145E-1;;
30/11/2021  14:47:39,678783;9,325991E-1;1,028422E-1;1,237343E-1;9,395991E-1;;
30/11/2021  14:47:39,678883;9,325484E-1;1,165411E-1;1,265777E-1;9,394769E-1;;
30/11/2021  14:47:39,678983;9,324054E-1;7,671864E-2;7,760819E-2;9,393482E-1;;
30/11/2021  14:47:39,679083;9,324203E-1;1,155854E-1;1,155200E-1;9,392130E-1;;
30/11/2021  14:47:39,679183;9,334157E-1;1,037979E-1;1,047783E-1;9,390716E-1;;
30/11/2021  14:47:39,679283;9,334753E-1;1,254614E-1;1,164678E-1;9,389242E-1;;
30/11/2021  14:47:39,679383;9,333859E-1;1,251428E-1;1,129926E-1;9,387714E-1;;
30/11/2021  14:47:39,679483;9,332160E-1;1,063466E-1;1,054102E-1;9,386136E-1;;
30/11/2021  14:47:39,679583;9,323815E-1;1,213198E-1;1,177316E-1;9,384514E-1;;
30/11/2021  14:47:39,679683;9,317914E-1;1,047537E-1;8,992954E-2;9,382850E-1;;
30/11/2021  14:47:39,679783;9,321461E-1;1,034794E-1;1,085695E-1;9,381149E-1;;
30/11/2021  14:47:39,679883;9,324173E-1;1,127182E-1;1,158360E-1;9,379412E-1;;
30/11/2021  14:47:39,679983;9,328971E-1;1,308772E-1;1,490088E-1;9,377644E-1;;
30/11/2021  14:47:39,680083;9,326706E-1;1,162226E-1;8,392683E-2;9,375848E-1;;
30/11/2021  14:47:39,680183;9,324143E-1;1,101695E-1;1,407946E-1;9,374031E-1;;
30/11/2021  14:47:39,680283;9,319822E-1;1,770713E-1;2,207254E-1;9,372196E-1;;
30/11/2021  14:47:39,680383;9,322504E-1;1,280100E-1;1,262617E-1;9,370348E-1;;
30/11/2021  14:47:39,680483;9,321729E-1;1,114439E-1;1,133085E-1;9,368490E-1;;
30/11/2021  14:47:39,680583;9,324501E-1;6,939130E-2;1,117289E-1;9,366625E-1;;
30/11/2021  14:47:39,680683;9,326825E-1;1,002936E-1;1,521681E-1;9,364759E-1;;
30/11/2021  14:47:39,680783;9,326945E-1;1,573194E-1;1,676488E-1;9,362896E-1;;
30/11/2021  14:47:39,680883;9,317557E-1;1,324701E-1;1,287892E-1;9,361041E-1;;
30/11/2021  14:47:39,680983;9,317020E-1;1,143111E-1;1,117289E-1;9,359196E-1;;
30/11/2021  14:47:39,681083;9,317676E-1;1,232313E-1;1,158360E-1;9,357365E-1;;
30/11/2021  14:47:39,681183;9,325127E-1;1,280100E-1;1,253139E-1;9,355551E-1;;
30/11/2021  14:47:39,681283;9,328822E-1;1,111253E-1;1,009872E-1;9,353756E-1;;
30/11/2021  14:47:39,681383;9,328524E-1;1,184526E-1;1,066739E-1;9,351985E-1;;
30/11/2021  14:47:39,681483;9,328047E-1;-2,607782E-3;7,381701E-2;9,350244E-1;;
30/11/2021  14:47:39,681583;9,331207E-1;1,480806E-1;1,594346E-1;9,348535E-1;;
30/11/2021  14:47:39,681683;9,325246E-1;3,625898E-2;7,255328E-2;9,346863E-1;;
30/11/2021  14:47:39,681783;9,330491E-1;1,229127E-1;1,335282E-1;9,345232E-1;;
30/11/2021  14:47:39,681883;9,331296E-1;1,098510E-1;1,199431E-1;9,343644E-1;;
30/11/2021  14:47:39,681983;9,329716E-1;1,155854E-1;1,152041E-1;9,342104E-1;;
30/11/2021  14:47:39,682083;9,331028E-1;1,483991E-1;1,632258E-1;9,340613E-1;;
30/11/2021  14:47:39,682183;9,328524E-1;1,452133E-1;1,556434E-1;9,339175E-1;;
30/11/2021  14:47:39,682283;9,326438E-1;1,493549E-1;1,395309E-1;9,337792E-1;;
30/11/2021  14:47:39,682383;9,321133E-1;1,455319E-1;1,512204E-1;9,336465E-1;;
30/11/2021  14:47:39,682483;9,328852E-1;1,254614E-1;1,281573E-1;9,335194E-1;;
30/11/2021  14:47:39,682583;9,329657E-1;1,165411E-1;1,202590E-1;9,333979E-1;;
30/11/2021  14:47:39,682683;9,331177E-1;1,251428E-1;1,351078E-1;9,332822E-1;;
30/11/2021  14:47:39,682783;9,332637E-1;1,241871E-1;1,085695E-1;9,331724E-1;;
30/11/2021  14:47:39,682883;9,325604E-1;7,257710E-2;4,759465E-2;9,330685E-1;;
30/11/2021  14:47:39,682983;9,326468E-1;1,245056E-1;1,183634E-1;9,329706E-1;;
30/11/2021  14:47:39,683083;9,329478E-1;1,286472E-1;1,376353E-1;9,328786E-1;;
30/11/2021  14:47:39,683183;9,338329E-1;1,200455E-1;1,139404E-1;9,327926E-1;;
30/11/2021  14:47:39,683283;9,345780E-1;9,169190E-2;1,212068E-1;9,327125E-1;;
30/11/2021  14:47:39,683383;9,348403E-1;1,286472E-1;1,224705E-1;9,326386E-1;;
30/11/2021  14:47:39,683483;9,342204E-1;9,296622E-2;1,041465E-1;9,325711E-1;;
30/11/2021  14:47:39,683583;9,346048E-1;1,671954E-1;1,976624E-1;9,325103E-1;;
30/11/2021  14:47:39,683683;9,343754E-1;1,104881E-1;1,186794E-1;9,324563E-1;;
30/11/2021  14:47:39,683783;9,353320E-1;1,337445E-1;1,338441E-1;9,324090E-1;;
30/11/2021  14:47:39,683883;9,363900E-1;1,302401E-1;1,303688E-1;9,323688E-1;;
30/11/2021  14:47:39,683983;9,364556E-1;1,308772E-1;1,212068E-1;9,323358E-1;;
30/11/2021  14:47:39,684083;9,369086E-1;1,350188E-1;1,287892E-1;9,323104E-1;;
30/11/2021  14:47:39,684183;9,372722E-1;1,375674E-1;1,246821E-1;9,322928E-1;;
30/11/2021  14:47:39,684283;9,364944E-1;1,280100E-1;1,136244E-1;9,322834E-1;;
30/11/2021  14:47:39,684383;9,365122E-1;1,101695E-1;1,035146E-1;9,322824E-1;;
30/11/2021  14:47:39,684483;9,369176E-1;1,248242E-1;1,231024E-1;9,322897E-1;;
30/11/2021  14:47:39,684583;9,379905E-1;1,002936E-1;8,171531E-2;9,323054E-1;;
30/11/2021  14:47:39,684683;9,384554E-1;1,302401E-1;1,388990E-1;9,323296E-1;;
30/11/2021  14:47:39,684783;9,381246E-1;1,082581E-1;1,221546E-1;9,323624E-1;;
30/11/2021  14:47:39,684883;9,381872E-1;6,524976E-2;4,759465E-2;9,324040E-1;;
30/11/2021  14:47:39,684983;9,383243E-1;7,480716E-2;1,486929E-1;9,324544E-1;;
30/11/2021  14:47:39,685083;9,391230E-1;1,133553E-1;1,234183E-1;9,325135E-1;;
30/11/2021  14:47:39,685183;9,399873E-1;1,139925E-1;1,183634E-1;9,325814E-1;;
30/11/2021  14:47:39,685283;9,408426E-1;1,136739E-1;1,177316E-1;9,326581E-1;;
30/11/2021  14:47:39,685383;9,418976E-1;1,101695E-1;1,205749E-1;9,327438E-1;;
30/11/2021  14:47:39,685483;9,424520E-1;1,018865E-1;1,082536E-1;9,328389E-1;;
30/11/2021  14:47:39,685583;9,424728E-1;1,031608E-1;1,019350E-1;9,329437E-1;;
30/11/2021  14:47:39,685683;9,429974E-1;1,031608E-1;1,019350E-1;9,330586E-1;;
30/11/2021  14:47:39,685783;9,432477E-1;9,551486E-2;1,031987E-1;9,331837E-1;;
30/11/2021  14:47:39,685883;9,447170E-1;1,034794E-1;1,142563E-1;9,333192E-1;;
30/11/2021  14:47:39,685983;9,451581E-1;9,519628E-2;1,205749E-1;9,334655E-1;;
30/11/2021  14:47:39,686083;9,453607E-1;1,057094E-1;1,009872E-1;9,336229E-1;;
30/11/2021  14:47:39,686183;9,456856E-1;1,232313E-1;1,262617E-1;9,337915E-1;;
30/11/2021  14:47:39,686283;9,453488E-1;1,050723E-1;1,158360E-1;9,339716E-1;;
30/11/2021  14:47:39,686383;9,458614E-1;1,640096E-1;1,796542E-1;9,341632E-1;;
30/11/2021  14:47:39,686483;9,460939E-1;1,417090E-1;1,392149E-1;9,343662E-1;;
30/11/2021  14:47:39,686583;9,473456E-1;1,930003E-1;1,698603E-1;9,345805E-1;;
30/11/2021  14:47:39,686683;9,471489E-1;1,726112E-1;1,496407E-1;9,348061E-1;;
30/11/2021  14:47:39,686783;9,471519E-1;1,337445E-1;2,260962E-1;9,350427E-1;;
30/11/2021  14:47:39,686883;9,470923E-1;1,716555E-1;1,616461E-1;9,352903E-1;;
30/11/2021  14:47:39,686983;9,477778E-1;1,554079E-1;1,509044E-1;9,355484E-1;;
30/11/2021  14:47:39,687083;9,472920E-1;1,914074E-1;2,305193E-1;9,358168E-1;;
30/11/2021  14:47:39,687183;9,482278E-1;1,394789E-1;1,407946E-1;9,360949E-1;;
30/11/2021  14:47:39,687283;9,489401E-1;1,101695E-1;1,006712E-1;9,363824E-1;;
30/11/2021  14:47:39,687383;9,485884E-1;1,442576E-1;1,499566E-1;9,366788E-1;;
30/11/2021  14:47:39,687483;9,489311E-1;1,659210E-1;1,505885E-1;9,369838E-1;;
30/11/2021  14:47:39,687583;9,480102E-1;1,448948E-1;1,351078E-1;9,372968E-1;;
30/11/2021  14:47:39,687683;9,473814E-1;1,483991E-1;1,515363E-1;9,376172E-1;;
30/11/2021  14:47:39,687783;9,472264E-1;1,417090E-1;1,733356E-1;9,379442E-1;;
30/11/2021  14:47:39,687883;9,480043E-1;1,187712E-1;9,498445E-2;9,382767E-1;;
30/11/2021  14:47:39,687983;9,480549E-1;1,512664E-1;1,518522E-1;9,386139E-1;;
30/11/2021  14:47:39,688083;9,477569E-1;1,525407E-1;1,606983E-1;9,389550E-1;;
30/11/2021  14:47:39,688183;9,473635E-1;1,585937E-1;1,758630E-1;9,392990E-1;;
30/11/2021  14:47:39,688283;9,469105E-1;1,388417E-1;1,316326E-1;9,396451E-1;;
30/11/2021  14:47:39,688383;9,463562E-1;1,420275E-1;1,404787E-1;9,399922E-1;;
30/11/2021  14:47:39,688483;9,463174E-1;8,965980E-4;3,048243E-3;9,403392E-1;;
30/11/2021  14:47:39,688583;9,471966E-1;4,082398E-3;6,207563E-3;9,406850E-1;;
30/11/2021  14:47:39,688683;9,467645E-1;2,808078E-3;4,627903E-3;9,410286E-1;;
30/11/2021  14:47:39,688783;9,455008E-1;1,215178E-3;3,680107E-3;9,413692E-1;;
30/11/2021  14:47:39,688883;9,451104E-1;5,038138E-3;6,523495E-3;9,417057E-1;;
30/11/2021  14:47:39,688983;9,444607E-1;4,400978E-3;6,523495E-3;9,420370E-1;;
30/11/2021  14:47:39,689083;9,433937E-1;3,763818E-3;5,575699E-3;9,423618E-1;;
30/11/2021  14:47:39,689183;9,428305E-1;4,082398E-3;5,891631E-3;9,426791E-1;;
30/11/2021  14:47:39,689283;9,429527E-1;2,808078E-3;5,259767E-3;9,429874E-1;;
30/11/2021  14:47:39,689383;9,427232E-1;6,949618E-3;8,735019E-3;9,432855E-1;;
30/11/2021  14:47:39,689483;9,418947E-1;6,312458E-3;8,735019E-3;9,435725E-1;;
30/11/2021  14:47:39,689583;9,413880E-1;1,852338E-3;3,680107E-3;9,438471E-1;;
30/11/2021  14:47:39,689683;9,411526E-1;8,965980E-4;3,680107E-3;9,441083E-1;;
30/11/2021  14:47:39,689783;9,408039E-1;5,675298E-3;8,103155E-3;9,443552E-1;;
30/11/2021  14:47:39,689883;9,406280E-1;1,533758E-3;4,627903E-3;9,445869E-1;;
30/11/2021  14:47:39,689983;9,409350E-1;5,780180E-4;2,732311E-3;9,448025E-1;;
30/11/2021  14:47:39,690083;9,409857E-1;1,533758E-3;4,311971E-3;9,450015E-1;;
30/11/2021  14:47:39,690183;9,411824E-1;8,965980E-4;3,680107E-3;9,451835E-1;;
30/11/2021  14:47:39,690283;9,401959E-1;1,215178E-3;3,364175E-3;9,453480E-1;;
30/11/2021  14:47:39,690383;9,402197E-1;8,965980E-4;3,680107E-3;9,454950E-1;;
30/11/2021  14:47:39,690483;9,405863E-1;8,965980E-4;3,048243E-3;9,456242E-1;;
30/11/2021  14:47:39,690583;9,405952E-1;8,965980E-4;3,996039E-3;9,457355E-1;;
30/11/2021  14:47:39,690683;9,405327E-1;4,400978E-3;5,891631E-3;9,458290E-1;;
30/11/2021  14:47:39,690783;9,335826E-1;1,162226E-1;1,401627E-1;9,459048E-1;;
30/11/2021  14:47:39,690883;9,341608E-1;1,047537E-1;1,186794E-1;9,459622E-1;;
30/11/2021  14:47:39,690983;9,352069E-1;1,286472E-1;1,351078E-1;9,460006E-1;;
30/11/2021  14:47:39,691083;9,361516E-1;1,359745E-1;1,155200E-1;9,460191E-1;;
30/11/2021  14:47:39,691183;9,362738E-1;1,605052E-1;1,483770E-1;9,460177E-1;;
30/11/2021  14:47:39,691283;9,368192E-1;1,656025E-1;1,436380E-1;9,459963E-1;;
30/11/2021  14:47:39,691383;9,374391E-1;1,706997E-1;1,480610E-1;9,459553E-1;;
30/11/2021  14:47:39,691483;9,372812E-1;1,955490E-1;2,011376E-1;9,458952E-1;;
30/11/2021  14:47:39,691583;9,381931E-1;1,334259E-1;1,287892E-1;9,458167E-1;;
30/11/2021  14:47:39,691683;9,392839E-1;1,397975E-1;1,401627E-1;9,457208E-1;;
30/11/2021  14:47:39,691783;9,396833E-1;1,280100E-1;1,379512E-1;9,456085E-1;;
30/11/2021  14:47:39,691883;9,401393E-1;1,251428E-1;1,284732E-1;9,454812E-1;;
30/11/2021  14:47:39,691983;9,405893E-1;8,532030E-2;7,223735E-2;9,453402E-1;;
30/11/2021  14:47:39,692083;9,398800E-1;1,305587E-1;1,515363E-1;9,451871E-1;;
30/11/2021  14:47:39,692183;9,401601E-1;1,117624E-1;1,208909E-1;9,450231E-1;;
30/11/2021  14:47:39,692283;9,418410E-1;1,171783E-1;1,189953E-1;9,448498E-1;;
30/11/2021  14:47:39,692383;9,418410E-1;1,098510E-1;1,155200E-1;9,446685E-1;;
30/11/2021  14:47:39,692483;9,426666E-1;1,174969E-1;1,202590E-1;9,444808E-1;;
30/11/2021  14:47:39,692583;9,433043E-1;1,143111E-1;1,120448E-1;9,442884E-1;;
30/11/2021  14:47:39,692683;9,438676E-1;1,152668E-1;1,047783E-1;9,440928E-1;;
30/11/2021  14:47:39,692783;9,441805E-1;1,114439E-1;1,107811E-1;9,438959E-1;;
30/11/2021  14:47:39,692883;9,443415E-1;1,178155E-1;1,183634E-1;9,436992E-1;;
30/11/2021  14:47:39,692983;9,448154E-1;1,174969E-1;1,054102E-1;9,435042E-1;;
30/11/2021  14:47:39,693083;9,456767E-1;1,069837E-1;1,170997E-1;9,433124E-1;;
30/11/2021  14:47:39,693183;9,467853E-1;1,225942E-1;1,117289E-1;9,431254E-1;;
30/11/2021  14:47:39,693283;9,465439E-1;1,155854E-1;1,139404E-1;9,429446E-1;;
30/11/2021  14:47:39,693383;9,462817E-1;4,422348E-2;5,422923E-2;9,427714E-1;;
30/11/2021  14:47:39,693483;9,462399E-1;1,388417E-1;1,521681E-1;9,426071E-1;;
30/11/2021  14:47:39,693583;9,460999E-1;1,050723E-1;1,050943E-1;9,424526E-1;;
30/11/2021  14:47:39,693683;9,472085E-1;4,294916E-2;4,949025E-2;9,423089E-1;;
30/11/2021  14:47:39,693783;9,470357E-1;7,608148E-2;7,824006E-2;9,421767E-1;;
30/11/2021  14:47:39,693883;9,467347E-1;9,774492E-2;1,281573E-1;9,420567E-1;;
30/11/2021  14:47:39,693983;9,463591E-1;1,117624E-1;1,104651E-1;9,419496E-1;;
30/11/2021  14:47:39,694083;9,456767E-1;1,168597E-1;1,152041E-1;9,418555E-1;;
30/11/2021  14:47:39,694183;9,453578E-1;1,614609E-1;1,771268E-1;9,417747E-1;;
30/11/2021  14:47:39,694283;9,452266E-1;1,165411E-1;1,085695E-1;9,417070E-1;;
30/11/2021  14:47:39,694383;9,452505E-1;6,397544E-2;5,106991E-2;9,416523E-1;;
30/11/2021  14:47:39,694483;9,452624E-1;1,270543E-1;1,158360E-1;9,416102E-1;;
30/11/2021  14:47:39,694583;9,451879E-1;1,088952E-1;8,171531E-2;9,415804E-1;;
30/11/2021  14:47:39,694683;9,441180E-1;1,136739E-1;1,076217E-1;9,415625E-1;;
30/11/2021  14:47:39,694783;9,430212E-1;1,533758E-3;-1,148463E-2;9,415559E-1;;
30/11/2021  14:47:39,694883;9,436262E-1;1,254614E-1;1,382671E-1;9,415599E-1;;
30/11/2021  14:47:39,694983;9,434146E-1;5,038138E-3;5,207870E-4;9,415736E-1;;
30/11/2021  14:47:39,695083;9,431911E-1;1,471248E-1;1,534319E-1;9,415961E-1;;
30/11/2021  14:47:39,695183;9,437842E-1;1,372488E-1;1,449017E-1;9,416268E-1;;
30/11/2021  14:47:39,695283;9,431553E-1;1,490363E-1;1,701763E-1;9,416647E-1;;
30/11/2021  14:47:39,695383;9,428960E-1;1,117624E-1;1,155200E-1;9,417093E-1;;
30/11/2021  14:47:39,695483;9,417695E-1;1,206827E-1;1,231024E-1;9,417596E-1;;
30/11/2021  14:47:39,695583;9,423655E-1;1,225942E-1;1,227865E-1;9,418149E-1;;
30/11/2021  14:47:39,695683;9,418231E-1;1,225942E-1;1,256299E-1;9,418741E-1;;
30/11/2021  14:47:39,695783;9,425563E-1;1,216384E-1;1,227865E-1;9,419364E-1;;
30/11/2021  14:47:39,695883;9,430212E-1;1,359745E-1;1,284732E-1;9,420011E-1;;
30/11/2021  14:47:39,695983;9,420854E-1;1,324701E-1;1,272095E-1;9,420677E-1;;
30/11/2021  14:47:39,696083;9,418917E-1;1,197269E-1;1,114129E-1;9,421353E-1;;
30/11/2021  14:47:39,696183;9,414595E-1;1,104881E-1;9,972343E-2;9,422036E-1;;
30/11/2021  14:47:39,696283;9,412062E-1;1,245056E-1;1,148882E-1;9,422716E-1;;
30/11/2021  14:47:39,696383;9,419990E-1;1,076209E-1;8,834988E-2;9,423388E-1;;
30/11/2021  14:47:39,696483;9,420258E-1;1,197269E-1;1,502726E-1;9,424047E-1;;
30/11/2021  14:47:39,696583;9,420735E-1;1,203641E-1;1,338441E-1;9,424687E-1;;
30/11/2021  14:47:39,696683;9,425622E-1;1,324701E-1;1,344760E-1;9,425306E-1;;
30/11/2021  14:47:39,696783;9,420377E-1;1,369303E-1;1,275255E-1;9,425901E-1;;
30/11/2021  14:47:39,696883;9,418947E-1;1,216384E-1;1,237343E-1;9,426469E-1;;
30/11/2021  14:47:39,696983;9,427053E-1;1,311958E-1;1,294210E-1;9,427008E-1;;
30/11/2021  14:47:39,697083;9,435398E-1;1,385232E-1;1,294210E-1;9,427518E-1;;
30/11/2021  14:47:39,697183;9,439004E-1;1,331073E-1;1,445858E-1;9,427998E-1;;
30/11/2021  14:47:39,697283;9,437961E-1;1,362931E-1;1,366875E-1;9,428451E-1;;
30/11/2021  14:47:39,697383;9,444726E-1;1,181340E-1;1,161519E-1;9,428878E-1;;
30/11/2021  14:47:39,697483;9,443862E-1;1,248242E-1;1,155200E-1;9,429283E-1;;
30/11/2021  14:47:39,697583;9,446991E-1;1,194084E-1;1,193112E-1;9,429669E-1;;
30/11/2021  14:47:39,697683;9,453667E-1;1,343816E-1;1,325804E-1;9,430039E-1;;
30/11/2021  14:47:39,697783;9,464337E-1;1,302401E-1;1,442698E-1;9,430397E-1;;
30/11/2021  14:47:39,697883;9,463740E-1;1,852338E-3;-5,481921E-3;9,430749E-1;;
30/11/2021  14:47:39,697983;9,468807E-1;1,366117E-1;1,543797E-1;9,431099E-1;;
30/11/2021  14:47:39,698083;9,467287E-1;1,159040E-1;1,366875E-1;9,431455E-1;;
30/11/2021  14:47:39,698183;9,462519E-1;2,137080E-1;2,655877E-1;9,431820E-1;;
30/11/2021  14:47:39,698283;9,468867E-1;1,397975E-1;1,420583E-1;9,432200E-1;;
30/11/2021  14:47:39,698383;9,471668E-1;1,174969E-1;1,208909E-1;9,432598E-1;;
30/11/2021  14:47:39,698483;9,474052E-1;1,251428E-1;1,158360E-1;9,433016E-1;;
30/11/2021  14:47:39,698583;9,476496E-1;1,331073E-1;1,328963E-1;9,433460E-1;;
30/11/2021  14:47:39,698683;9,476794E-1;1,292843E-1;1,246821E-1;9,433932E-1;;
30/11/2021  14:47:39,698783;9,474917E-1;1,299215E-1;1,297370E-1;9,434436E-1;;
30/11/2021  14:47:39,698883;9,469284E-1;1,420275E-1;1,319485E-1;9,434974E-1;;
30/11/2021  14:47:39,698983;9,474350E-1;1,321516E-1;1,148882E-1;9,435546E-1;;
30/11/2021  14:47:39,699083;9,482874E-1;8,149734E-2;7,097362E-2;9,436153E-1;;
30/11/2021  14:47:39,699183;9,480073E-1;1,057094E-1;9,435259E-2;9,436797E-1;;
30/11/2021  14:47:39,699283;9,490533E-1;1,215178E-3;1,252620E-2;9,437478E-1;;
30/11/2021  14:47:39,699383;9,481771E-1;1,181340E-1;1,145722E-1;9,438199E-1;;
30/11/2021  14:47:39,699483;9,484185E-1;1,289658E-1;1,452176E-1;9,438960E-1;;
30/11/2021  14:47:39,699583;9,483768E-1;1,139925E-1;1,227865E-1;9,439762E-1;;
30/11/2021  14:47:39,699683;9,489341E-1;-6,112162E-3;7,128955E-2;9,440604E-1;;
30/11/2021  14:47:39,699783;9,500637E-1;1,168597E-1;1,259458E-1;9,441486E-1;;
30/11/2021  14:47:39,699883;9,496434E-1;9,678918E-2;1,126766E-1;9,442410E-1;;
30/11/2021  14:47:39,699983;9,498789E-1;1,066652E-1;1,246821E-1;9,443376E-1;;
30/11/2021  14:47:39,700083;9,496196E-1;1,037979E-1;1,123607E-1;9,444386E-1;;
30/11/2021  14:47:39,700183;9,494765E-1;1,044351E-1;1,107811E-1;9,445438E-1;;
30/11/2021  14:47:39,700283;9,492679E-1;9,965640E-2;1,114129E-1;9,446533E-1;;
30/11/2021  14:47:39,700383;9,496285E-1;1,009307E-1;1,139404E-1;9,447667E-1;;
30/11/2021  14:47:39,700483;9,500815E-1;9,328480E-2;9,340479E-2;9,448840E-1;;
30/11/2021  14:47:39,700583;9,495540E-1;9,296622E-2;1,057261E-1;9,450049E-1;;
30/11/2021  14:47:39,700683;9,496881E-1;9,105474E-2;7,666040E-2;9,451293E-1;;
30/11/2021  14:47:39,700783;9,489192E-1;1,533758E-3;7,787223E-3;9,452569E-1;;
30/11/2021  14:47:39,700883;9,486599E-1;5,951532E-2;1,019350E-1;9,453872E-1;;
30/11/2021  14:47:39,700983;9,485377E-1;2,356901E-1;2,102996E-1;9,455199E-1;;
30/11/2021  14:47:39,701083;9,486212E-1;1,401161E-1;1,085695E-1;9,456543E-1;;
30/11/2021  14:47:39,701183;9,488894E-1;1,544522E-1;1,398468E-1;9,457901E-1;;
30/11/2021  14:47:39,701283;9,493305E-1;1,579565E-1;1,553275E-1;9,459268E-1;;
30/11/2021  14:47:39,701383;9,482755E-1;1,949118E-1;1,862888E-1;9,460639E-1;;
30/11/2021  14:47:39,701483;9,476407E-1;1,678325E-1;1,562753E-1;9,462010E-1;;
30/11/2021  14:47:39,701583;9,476019E-1;1,726112E-1;1,727037E-1;9,463376E-1;;
30/11/2021  14:47:39,701683;9,472771E-1;1,159040E-1;1,082536E-1;9,464730E-1;;
30/11/2021  14:47:39,701783;9,470536E-1;1,302401E-1;1,183634E-1;9,466067E-1;;
30/11/2021  14:47:39,701883;9,476228E-1;1,385232E-1;1,464814E-1;9,467379E-1;;
30/11/2021  14:47:39,701983;9,469969E-1;1,426647E-1;1,237343E-1;9,468661E-1;;
30/11/2021  14:47:39,702083;9,470536E-1;1,296029E-1;1,366875E-1;9,469909E-1;;
30/11/2021  14:47:39,702183;9,465678E-1;4,422348E-2;8,803395E-2;9,471118E-1;;
30/11/2021  14:47:39,702283;9,464903E-1;1,452133E-1;1,556434E-1;9,472282E-1;;
30/11/2021  14:47:39,702383;9,464068E-1;1,273729E-1;1,278414E-1;9,473397E-1;;
30/11/2021  14:47:39,702483;9,467168E-1;8,022302E-2;1,417424E-1;9,474459E-1;;
30/11/2021  14:47:39,702583;9,465171E-1;1,362931E-1;1,278414E-1;9,475464E-1;;
30/11/2021  14:47:39,702683;9,466453E-1;1,022050E-1;1,388990E-1;9,476409E-1;;
30/11/2021  14:47:39,702783;9,461475E-1;1,706997E-1;1,948190E-1;9,477291E-1;;
30/11/2021  14:47:39,702883;9,453935E-1;-1,333462E-3;7,666040E-2;9,478109E-1;;
30/11/2021  14:47:39,702983;9,451491E-1;1,401161E-1;1,398468E-1;9,478860E-1;;
30/11/2021  14:47:39,703083;9,448064E-1;1,391603E-1;1,426902E-1;9,479539E-1;;
30/11/2021  14:47:39,703183;9,452624E-1;1,337445E-1;1,291051E-1;9,480144E-1;;
30/11/2021  14:47:39,703283;9,447021E-1;1,318330E-1;1,379512E-1;9,480671E-1;;
30/11/2021  14:47:39,703383;9,451313E-1;1,448948E-1;1,319485E-1;9,481120E-1;;
30/11/2021  14:47:39,703483;9,440703E-1;9,710776E-2;8,487463E-2;9,481488E-1;;
30/11/2021  14:47:39,703583;9,440047E-1;1,215178E-3;3,364175E-3;9,481774E-1;;
30/11/2021  14:47:39,703683;9,440971E-1;8,542518E-3;9,998747E-3;9,481976E-1;;
30/11/2021  14:47:39,703783;9,441120E-1;1,533758E-3;3,680107E-3;9,482093E-1;;
30/11/2021  14:47:39,703883;9,447200E-1;6,631038E-3;8,103155E-3;9,482125E-1;;
30/11/2021  14:47:39,703983;9,448571E-1;1,533758E-3;4,311971E-3;9,482072E-1;;
30/11/2021  14:47:39,704083;9,442551E-1;1,533758E-3;3,996039E-3;9,481937E-1;;
30/11/2021  14:47:39,704183;9,440166E-1;8,223938E-3;1,063061E-2;9,481722E-1;;
30/11/2021  14:47:39,704283;9,440405E-1;6,949618E-3;9,682815E-3;9,481429E-1;;
30/11/2021  14:47:39,704383;9,445531E-1;2,170918E-3;3,996039E-3;9,481059E-1;;
30/11/2021  14:47:39,704483;9,450270E-1;1,533758E-3;3,680107E-3;9,480616E-1;;
30/11/2021  14:47:39,704583;9,438527E-1;7,586778E-3;9,366883E-3;9,480104E-1;;
30/11/2021  14:47:39,704683;9,444011E-1;1,215178E-3;3,680107E-3;9,479525E-1;;
30/11/2021  14:47:39,704783;9,439511E-1;1,215178E-3;3,996039E-3;9,478884E-1;;
30/11/2021  14:47:39,704883;9,435368E-1;8,965980E-4;3,364175E-3;9,478183E-1;;
30/11/2021  14:47:39,704983;9,433848E-1;3,445238E-3;5,259767E-3;9,477426E-1;;
30/11/2021  14:47:39,705083;9,438497E-1;5,780180E-4;2,732311E-3;9,476614E-1;;
30/11/2021  14:47:39,705183;9,444458E-1;1,852338E-3;3,680107E-3;9,475752E-1;;
30/11/2021  14:47:39,705283;9,444577E-1;8,965980E-4;3,364175E-3;9,474842E-1;;
30/11/2021  14:47:39,705383;9,440941E-1;1,215178E-3;3,680107E-3;9,473890E-1;;
30/11/2021  14:47:39,705483;9,436232E-1;1,215178E-3;3,364175E-3;9,472901E-1;;
30/11/2021  14:47:39,705583;9,436381E-1;1,852338E-3;3,364175E-3;9,471878E-1;;
30/11/2021  14:47:39,705683;9,436501E-1;1,215178E-3;3,364175E-3;9,470824E-1;;
30/11/2021  14:47:39,705783;9,440166E-1;4,400978E-3;6,207563E-3;9,469744E-1;;
30/11/2021  14:47:39,705883;9,444816E-1;1,852338E-3;3,364175E-3;9,468640E-1;;
30/11/2021  14:47:39,705983;9,444041E-1;1,533758E-3;4,311971E-3;9,467517E-1;;
30/11/2021  14:47:39,706083;9,444547E-1;1,215178E-3;3,680107E-3;9,466381E-1;;
30/11/2021  14:47:39,706183;9,438348E-1;1,215178E-3;3,680107E-3;9,465236E-1;;
30/11/2021  14:47:39,706283;9,435398E-1;1,215178E-3;3,364175E-3;9,464085E-1;;
30/11/2021  14:47:39,706383;9,438766E-1;8,965980E-4;3,364175E-3;9,462932E-1;;
30/11/2021  14:47:39,706483;9,435994E-1;1,215178E-3;3,680107E-3;9,461779E-1;;
30/11/2021  14:47:39,706583;9,436858E-1;1,215178E-3;3,680107E-3;9,460630E-1;;
30/11/2021  14:47:39,706683;9,427262E-1;1,215178E-3;3,680107E-3;9,459485E-1;;
30/11/2021  14:47:39,706783;9,420765E-1;1,215178E-3;3,680107E-3;9,458347E-1;;
30/11/2021  14:47:39,706883;9,416503E-1;5,780180E-4;3,364175E-3;9,457214E-1;;
30/11/2021  14:47:39,706983;9,406370E-1;1,215178E-3;3,364175E-3;9,456087E-1;;
30/11/2021  14:47:39,707083;9,401601E-1;1,215178E-3;3,680107E-3;9,454960E-1;;
30/11/2021  14:47:39,707183;9,394031E-1;1,491412E-2;1,789705E-2;9,453832E-1;;
30/11/2021  14:47:39,707283;9,394389E-1;1,586986E-2;1,979264E-2;9,452698E-1;;
30/11/2021  14:47:39,707383;9,389740E-1;2,224146E-2;2,769094E-2;9,451552E-1;;
30/11/2021  14:47:39,707483;9,374331E-1;1,618844E-2;1,884484E-2;9,450391E-1;;
30/11/2021  14:47:39,707583;9,364496E-1;1,650702E-2;1,916077E-2;9,449208E-1;;
30/11/2021  14:47:39,707683;9,360652E-1;1,650702E-2;1,884484E-2;9,447997E-1;;
30/11/2021  14:47:39,707783;9,355049E-1;1,650702E-2;1,852891E-2;9,446750E-1;;
30/11/2021  14:47:39,707883;9,356152E-1;1,618844E-2;1,758111E-2;9,445459E-1;;
30/11/2021  14:47:39,707983;9,352963E-1;7,385142E-2;7,223735E-2;9,444119E-1;;
30/11/2021  14:47:39,708083;9,344230E-1;6,843556E-2;8,234717E-2;9,442724E-1;;
30/11/2021  14:47:39,708183;9,336482E-1;1,194084E-1;1,035146E-1;9,441268E-1;;
30/11/2021  14:47:39,708283;9,322117E-1;3,307318E-2;4,759465E-2;9,439745E-1;;
30/11/2021  14:47:39,708383;9,323905E-1;1,427696E-2;1,568552E-2;9,438150E-1;;
30/11/2021  14:47:39,708483;9,318659E-1;1,809992E-2;2,832280E-2;9,436475E-1;;
30/11/2021  14:47:39,708583;9,318749E-1;1,397975E-1;1,670170E-1;9,434716E-1;;
30/11/2021  14:47:39,708683;9,319643E-1;6,047106E-2;6,054787E-2;9,432868E-1;;
30/11/2021  14:47:39,708783;9,312013E-1;1,410718E-1;1,521681E-1;9,430929E-1;;
30/11/2021  14:47:39,708883;9,306351E-1;1,452133E-1;1,426902E-1;9,428896E-1;;
30/11/2021  14:47:39,708983;9,297529E-1;1,222756E-1;1,193112E-1;9,426768E-1;;
30/11/2021  14:47:39,709083;9,297827E-1;1,079395E-1;1,079377E-1;9,424542E-1;;
30/11/2021  14:47:39,709183;9,298006E-1;1,353374E-1;1,240502E-1;9,422217E-1;;
30/11/2021  14:47:39,709283;9,296575E-1;1,283286E-1;1,319485E-1;9,419793E-1;;
30/11/2021  14:47:39,709383;9,291986E-1;1,315144E-1;1,249980E-1;9,417270E-1;;
30/11/2021  14:47:39,709483;9,284386E-1;1,305587E-1;1,259458E-1;9,414649E-1;;
30/11/2021  14:47:39,709583;9,284148E-1;1,025236E-1;9,498445E-2;9,411932E-1;;
30/11/2021  14:47:39,709683;9,282568E-1;1,063466E-1;1,013031E-1;9,409120E-1;;
30/11/2021  14:47:39,709783;9,287456E-1;1,073023E-1;1,054102E-1;9,406216E-1;;
30/11/2021  14:47:39,709883;9,285906E-1;1,200455E-1;1,553275E-1;9,403224E-1;;
30/11/2021  14:47:39,709983;9,290168E-1;1,362931E-1;1,840773E-1;9,400149E-1;;
30/11/2021  14:47:39,710083;9,288171E-1;1,114439E-1;1,382671E-1;9,396997E-1;;
30/11/2021  14:47:39,710183;9,282479E-1;1,155854E-1;1,335282E-1;9,393774E-1;;
30/11/2021  14:47:39,710283;9,284177E-1;1,079395E-1;1,152041E-1;9,390488E-1;;
30/11/2021  14:47:39,710383;9,282568E-1;9,551486E-2;1,107811E-1;9,387145E-1;;
30/11/2021  14:47:39,710483;9,298811E-1;9,838208E-2;1,161519E-1;9,383752E-1;;
30/11/2021  14:47:39,710583;9,296575E-1;8,914326E-2;8,234717E-2;9,380318E-1;;
30/11/2021  14:47:39,710683;9,301106E-1;9,806350E-2;1,114129E-1;9,376854E-1;;
30/11/2021  14:47:39,710783;9,300450E-1;9,360338E-2;1,114129E-1;9,373370E-1;;
30/11/2021  14:47:39,710883;9,292999E-1;1,034794E-1;1,155200E-1;9,369877E-1;;
30/11/2021  14:47:39,710983;9,298811E-1;1,076209E-1;1,126766E-1;9,366385E-1;;
30/11/2021  14:47:39,711083;9,298185E-1;8,404598E-2;8,771802E-2;9,362902E-1;;
30/11/2021  14:47:39,711183;9,305934E-1;1,171783E-1;1,221546E-1;9,359438E-1;;
30/11/2021  14:47:39,711283;9,309301E-1;5,792242E-2;8,203124E-2;9,356003E-1;;
30/11/2021  14:47:39,711383;9,310523E-1;1,496735E-1;1,003553E-1;9,352607E-1;;
30/11/2021  14:47:39,711483;9,305457E-1;1,777085E-1;2,557938E-1;9,349261E-1;;
30/11/2021  14:47:39,711583;9,302506E-1;1,939561E-1;1,812339E-1;9,345972E-1;;
30/11/2021  14:47:39,711683;9,298662E-1;1,722926E-1;1,565912E-1;9,342748E-1;;
30/11/2021  14:47:39,711783;9,297350E-1;1,595494E-1;1,499566E-1;9,339596E-1;;
30/11/2021  14:47:39,711883;9,304563E-1;1,337445E-1;1,300529E-1;9,336521E-1;;
30/11/2021  14:47:39,711983;9,296188E-1;1,257800E-1;1,272095E-1;9,333527E-1;;
30/11/2021  14:47:39,712083;9,296099E-1;1,343816E-1;1,458495E-1;9,330618E-1;;
30/11/2021  14:47:39,712183;9,291449E-1;1,165411E-1;1,189953E-1;9,327799E-1;;
30/11/2021  14:47:39,712283;9,282419E-1;1,127182E-1;1,158360E-1;9,325071E-1;;
30/11/2021  14:47:39,712383;9,282926E-1;1,235499E-1;1,215227E-1;9,322434E-1;;
30/11/2021  14:47:39,712483;9,281734E-1;1,321516E-1;1,221546E-1;9,319888E-1;;
30/11/2021  14:47:39,712583;9,281227E-1;8,595746E-2;7,918786E-2;9,317431E-1;;
30/11/2021  14:47:39,712683;9,279200E-1;1,095324E-1;9,719598E-2;9,315064E-1;;
30/11/2021  14:47:39,712783;9,272852E-1;6,524976E-2;8,834988E-2;9,312783E-1;;
30/11/2021  14:47:39,712883;9,273240E-1;1,305587E-1;1,445858E-1;9,310588E-1;;
30/11/2021  14:47:39,712983;9,269067E-1;2,035135E-1;2,071403E-1;9,308475E-1;;
30/11/2021  14:47:39,713083;9,271153E-1;1,034794E-1;1,139404E-1;9,306442E-1;;
30/11/2021  14:47:39,713183;9,273329E-1;8,117876E-2;1,275255E-1;9,304485E-1;;
30/11/2021  14:47:39,713283;9,279021E-1;1,216384E-1;1,208909E-1;9,302603E-1;;
30/11/2021  14:47:39,713383;9,273031E-1;1,315144E-1;1,414265E-1;9,300794E-1;;
30/11/2021  14:47:39,713483;9,269842E-1;1,251428E-1;1,325804E-1;9,299056E-1;;
30/11/2021  14:47:39,713583;9,263435E-1;7,831154E-2;8,076751E-2;9,297388E-1;;
30/11/2021  14:47:39,713683;9,261378E-1;1,203641E-1;1,275255E-1;9,295785E-1;;
30/11/2021  14:47:39,713783;9,268680E-1;6,875414E-2;7,097362E-2;9,294246E-1;;
30/11/2021  14:47:39,713883;9,270885E-1;1,104881E-1;8,392683E-2;9,292766E-1;;
30/11/2021  14:47:39,713983;9,276518E-1;1,251428E-1;1,136244E-1;9,291345E-1;;
30/11/2021  14:47:39,714083;9,277591E-1;1,034794E-1;8,550650E-2;9,289981E-1;;
30/11/2021  14:47:39,714183;9,275505E-1;6,397544E-2;4,127601E-2;9,288675E-1;;
30/11/2021  14:47:39,714283;9,278723E-1;1,073023E-1;1,016190E-1;9,287426E-1;;
30/11/2021  14:47:39,714383;9,284028E-1;1,280100E-1;1,366875E-1;9,286235E-1;;
30/11/2021  14:47:39,714483;9,288648E-1;1,012493E-1;9,087734E-2;9,285102E-1;;
30/11/2021  14:47:39,714583;9,293774E-1;1,229127E-1;1,240502E-1;9,284029E-1;;
30/11/2021  14:47:39,714683;9,306351E-1;1,015679E-1;1,114129E-1;9,283019E-1;;
30/11/2021  14:47:39,714783;9,306470E-1;1,308772E-1;1,546956E-1;9,282075E-1;;
30/11/2021  14:47:39,714883;9,312431E-1;1,139925E-1;1,278414E-1;9,281202E-1;;
30/11/2021  14:47:39,714983;9,305636E-1;1,413904E-1;1,531159E-1;9,280405E-1;;
30/11/2021  14:47:39,715083;9,313593E-1;1,283286E-1;1,265777E-1;9,279687E-1;;
30/11/2021  14:47:39,715183;9,326796E-1;1,289658E-1;1,278414E-1;9,279052E-1;;
30/11/2021  14:47:39,715283;9,332160E-1;1,076209E-1;9,182514E-2;9,278503E-1;;
30/11/2021  14:47:39,715383;9,334723E-1;1,286472E-1;1,262617E-1;9,278046E-1;;
30/11/2021  14:47:39,715483;9,340505E-1;1,289658E-1;1,167838E-1;9,277688E-1;;
30/11/2021  14:47:39,715583;9,341906E-1;9,742634E-2;9,308886E-2;9,277431E-1;;
30/11/2021  14:47:39,715683;9,339194E-1;-2,204116E-2;-2,638533E-3;9,277282E-1;;
30/11/2021  14:47:39,715783;9,349386E-1;8,850610E-2;9,245700E-2;9,277244E-1;;
30/11/2021  14:47:39,715883;9,360861E-1;9,487770E-2;8,329497E-2;9,277319E-1;;
30/11/2021  14:47:39,715983;9,367894E-1;1,267357E-1;1,316326E-1;9,277511E-1;;
30/11/2021  14:47:39,716083;9,373527E-1;1,283286E-1;1,256299E-1;9,277827E-1;;
30/11/2021  14:47:39,716183;9,376895E-1;9,678918E-2;8,045158E-2;9,278270E-1;;
30/11/2021  14:47:39,716283;9,371292E-1;1,095324E-1;1,433221E-1;9,278844E-1;;
30/11/2021  14:47:39,716383;9,373288E-1;1,152668E-1;1,189953E-1;9,279552E-1;;
30/11/2021  14:47:39,716483;9,378355E-1;1,264171E-1;1,272095E-1;9,280395E-1;;
30/11/2021  14:47:39,716583;9,387892E-1;1,260985E-1;1,237343E-1;9,281373E-1;;
30/11/2021  14:47:39,716683;9,400171E-1;1,219570E-1;1,249980E-1;9,282487E-1;;
30/11/2021  14:47:39,716783;9,399962E-1;1,219570E-1;1,180475E-1;9,283738E-1;;
30/11/2021  14:47:39,716883;9,398770E-1;1,184526E-1;1,000394E-1;9,285128E-1;;
30/11/2021  14:47:39,716983;9,404283E-1;1,311958E-1;1,180475E-1;9,286658E-1;;
30/11/2021  14:47:39,717083;9,409201E-1;1,114439E-1;1,114129E-1;9,288326E-1;;
30/11/2021  14:47:39,717183;9,415728E-1;1,296029E-1;1,208909E-1;9,290131E-1;;
30/11/2021  14:47:39,717283;9,427500E-1;1,276914E-1;1,193112E-1;9,292074E-1;;
30/11/2021  14:47:39,717383;9,432894E-1;1,190898E-1;9,751191E-2;9,294153E-1;;
30/11/2021  14:47:39,717483;9,433163E-1;1,257800E-1;1,202590E-1;9,296369E-1;;
30/11/2021  14:47:39,717583;9,431106E-1;9,647060E-2;1,060421E-1;9,298721E-1;;
30/11/2021  14:47:39,717683;9,432388E-1;8,054160E-2;1,249980E-1;9,301207E-1;;
30/11/2021  14:47:39,717783;9,437812E-1;1,337445E-1;1,338441E-1;9,303823E-1;;
30/11/2021  14:47:39,717883;9,442551E-1;1,216384E-1;1,281573E-1;9,306567E-1;;
30/11/2021  14:47:39,717983;9,453458E-1;1,299215E-1;1,272095E-1;9,309433E-1;;
30/11/2021  14:47:39,718083;9,458078E-1;1,321516E-1;1,423743E-1;9,312419E-1;;
30/11/2021  14:47:39,718183;9,453071E-1;1,299215E-1;1,268936E-1;9,315523E-1;;
30/11/2021  14:47:39,718283;9,451760E-1;1,267357E-1;1,234183E-1;9,318739E-1;;
30/11/2021  14:47:39,718383;9,449048E-1;9,806350E-2;8,076751E-2;9,322063E-1;;
30/11/2021  14:47:39,718483;9,455217E-1;1,407532E-1;1,366875E-1;9,325487E-1;;
30/11/2021  14:47:39,718583;9,463115E-1;1,006121E-1;9,972343E-2;9,329005E-1;;
30/11/2021  14:47:39,718683;9,468062E-1;1,152668E-1;1,117289E-1;9,332609E-1;;
30/11/2021  14:47:39,718783;9,467764E-1;8,277166E-2;5,517702E-2;9,336295E-1;;
30/11/2021  14:47:39,718883;9,468092E-1;1,302401E-1;1,136244E-1;9,340057E-1;;
30/11/2021  14:47:39,718983;9,464039E-1;1,299215E-1;1,430061E-1;9,343887E-1;;
30/11/2021  14:47:39,719083;9,469403E-1;1,541336E-1;1,657532E-1;9,347778E-1;;
30/11/2021  14:47:39,719183;9,476317E-1;1,401161E-1;1,445858E-1;9,351722E-1;;
30/11/2021  14:47:39,719283;9,485437E-1;1,461691E-1;1,414265E-1;9,355714E-1;;
30/11/2021  14:47:39,719383;9,490504E-1;1,286472E-1;1,208909E-1;9,359747E-1;;
30/11/2021  14:47:39,719483;9,497150E-1;1,617795E-1;2,188298E-1;9,363816E-1;;
30/11/2021  14:47:39,719583;9,499772E-1;1,283286E-1;1,265777E-1;9,367919E-1;;
30/11/2021  14:47:39,719683;9,491964E-1;1,184526E-1;1,243661E-1;9,372050E-1;;
30/11/2021  14:47:39,719783;9,498550E-1;1,111253E-1;1,193112E-1;9,376206E-1;;
30/11/2021  14:47:39,719883;9,505793E-1;1,206827E-1;1,256299E-1;9,380382E-1;;
30/11/2021  14:47:39,719983;9,513750E-1;1,111253E-1;1,133085E-1;9,384573E-1;;
30/11/2021  14:47:39,720083;9,520664E-1;9,742634E-2;1,050943E-1;9,388775E-1;;
30/11/2021  14:47:39,720183;9,522452E-1;1,057094E-1;1,123607E-1;9,392987E-1;;
30/11/2021  14:47:39,720283;9,518608E-1;1,012493E-1;9,530039E-2;9,397206E-1;;
30/11/2021  14:47:39,720383;9,514912E-1;1,296029E-1;1,467973E-1;9,401430E-1;;
30/11/2021  14:47:39,720483;9,516224E-1;1,159040E-1;1,411105E-1;9,405654E-1;;
30/11/2021  14:47:39,720583;9,522899E-1;9,901924E-2;1,366875E-1;9,409872E-1;;
30/11/2021  14:47:39,720683;9,532466E-1;9,137332E-2;1,859729E-1;9,414082E-1;;
30/11/2021  14:47:39,720783;9,526595E-1;9,264764E-2;7,760819E-2;9,418278E-1;;
30/11/2021  14:47:39,720883;9,523823E-1;8,532030E-2;1,041465E-1;9,422458E-1;;
30/11/2021  14:47:39,720983;9,519532E-1;1,034794E-1;1,069899E-1;9,426617E-1;;
30/11/2021  14:47:39,721083;9,514137E-1;1,165411E-1;1,407946E-1;9,430749E-1;;
30/11/2021  14:47:39,721183;9,515300E-1;8,818752E-2;1,256299E-1;9,434847E-1;;
30/11/2021  14:47:39,721283;9,524151E-1;1,203641E-1;1,246821E-1;9,438905E-1;;
30/11/2021  14:47:39,721383;9,520485E-1;1,426647E-1;1,613302E-1;9,442917E-1;;
30/11/2021  14:47:39,721483;9,519383E-1;1,557265E-1;1,338441E-1;9,446876E-1;;
30/11/2021  14:47:39,721583;9,516849E-1;1,503106E-1;1,306848E-1;9,450777E-1;;
30/11/2021  14:47:39,721683;9,508385E-1;1,554079E-1;1,227865E-1;9,454614E-1;;
30/11/2021  14:47:39,721783;9,506836E-1;1,366117E-1;1,095173E-1;9,458381E-1;;
30/11/2021  14:47:39,721883;9,501382E-1;1,620981E-1;1,449017E-1;9,462068E-1;;
30/11/2021  14:47:39,721983;9,513243E-1;1,726112E-1;1,926074E-1;9,465670E-1;;
30/11/2021  14:47:39,722083;9,511992E-1;1,448948E-1;1,104651E-1;9,469179E-1;;
30/11/2021  14:47:39,722183;9,509727E-1;1,480806E-1;2,049288E-1;9,472591E-1;;
30/11/2021  14:47:39,722283;9,503975E-1;1,375674E-1;1,509044E-1;9,475902E-1;;
30/11/2021  14:47:39,722383;9,497567E-1;1,251428E-1;1,332122E-1;9,479105E-1;;
30/11/2021  14:47:39,722483;9,492649E-1;1,404346E-1;1,395309E-1;9,482195E-1;;
30/11/2021  14:47:39,722583;9,498342E-1;1,382046E-1;1,382671E-1;9,485167E-1;;
30/11/2021  14:47:39,722683;9,498401E-1;1,232313E-1;1,117289E-1;9,488015E-1;;
30/11/2021  14:47:39,722783;9,494587E-1;1,229127E-1;1,310007E-1;9,490736E-1;;
30/11/2021  14:47:39,722883;9,487672E-1;1,382046E-1;1,347919E-1;9,493325E-1;;
30/11/2021  14:47:39,722983;9,481056E-1;1,483991E-1;1,445858E-1;9,495778E-1;;
30/11/2021  14:47:39,723083;9,473993E-1;1,184526E-1;1,069899E-1;9,498092E-1;;
30/11/2021  14:47:39,723183;9,473605E-1;1,426647E-1;1,632258E-1;9,500261E-1;;
30/11/2021  14:47:39,723283;9,474529E-1;1,308772E-1;1,373193E-1;9,502280E-1;;
30/11/2021  14:47:39,723383;9,470118E-1;1,547707E-1;1,528000E-1;9,504146E-1;;
30/11/2021  14:47:39,723483;9,472860E-1;-4,837842E-3;5,928414E-2;9,505855E-1;;
30/11/2021  14:47:39,723583;9,462221E-1;9,498258E-3;1,378993E-2;9,507406E-1;;
30/11/2021  14:47:39,723683;9,454382E-1;2,489498E-3;3,996039E-3;9,508796E-1;;
30/11/2021  14:47:39,723783;9,451164E-1;5,675298E-3;7,471291E-3;9,510023E-1;;
30/11/2021  14:47:39,723883;9,452982E-1;5,356718E-3;8,103155E-3;9,511084E-1;;
30/11/2021  14:47:39,723983;9,458972E-1;1,215178E-3;3,680107E-3;9,511977E-1;;
30/11/2021  14:47:39,724083;9,457184E-1;7,905358E-3;9,998747E-3;9,512702E-1;;
30/11/2021  14:47:39,724183;9,460254E-1;5,038138E-3;7,471291E-3;9,513261E-1;;
30/11/2021  14:47:39,724283;9,449763E-1;5,675298E-3;7,471291E-3;9,513657E-1;;
30/11/2021  14:47:39,724383;9,439749E-1;7,905358E-3;9,998747E-3;9,513892E-1;;
30/11/2021  14:47:39,724483;9,436530E-1;6,631038E-3;9,366883E-3;9,513967E-1;;
30/11/2021  14:47:39,724583;9,436948E-1;3,763818E-3;5,891631E-3;9,513884E-1;;
30/11/2021  14:47:39,724683;9,442253E-1;6,949618E-3;7,471291E-3;9,513643E-1;;
30/11/2021  14:47:39,724783;9,436173E-1;1,215178E-3;3,364175E-3;9,513248E-1;;
30/11/2021  14:47:39,724883;9,437663E-1;4,719558E-3;6,839427E-3;9,512703E-1;;
30/11/2021  14:47:39,724983;9,423268E-1;3,763818E-3;6,523495E-3;9,512011E-1;;
30/11/2021  14:47:39,725083;9,414387E-1;8,542518E-3;1,094654E-2;9,511175E-1;;
30/11/2021  14:47:39,725183;9,414983E-1;2,808078E-3;4,943835E-3;9,510198E-1;;
30/11/2021  14:47:39,725283;9,413344E-1;4,082398E-3;5,575699E-3;9,509080E-1;;
30/11/2021  14:47:39,725383;9,418589E-1;1,215178E-3;3,048243E-3;9,507826E-1;;
30/11/2021  14:47:39,725483;9,410781E-1;3,763818E-3;6,207563E-3;9,506438E-1;;
30/11/2021  14:47:39,725583;9,400200E-1;1,215178E-3;3,364175E-3;9,504921E-1;;
30/11/2021  14:47:39,725683;9,396803E-1;1,533758E-3;3,364175E-3;9,503278E-1;;
30/11/2021  14:47:39,725783;9,384107E-1;1,852338E-3;3,364175E-3;9,501511E-1;;
30/11/2021  14:47:39,725883;9,380531E-1;2,170918E-3;3,996039E-3;9,499622E-1;;
30/11/2021  14:47:39,725983;9,389740E-1;1,215178E-3;3,364175E-3;9,497613E-1;;
30/11/2021  14:47:39,726083;9,392243E-1;8,965980E-4;3,680107E-3;9,495486E-1;;
30/11/2021  14:47:39,726183;9,381961E-1;8,965980E-4;3,996039E-3;9,493245E-1;;
30/11/2021  14:47:39,726283;9,373199E-1;5,780180E-4;3,048243E-3;9,490896E-1;;
30/11/2021  14:47:39,726383;9,365599E-1;8,965980E-4;3,048243E-3;9,488442E-1;;
30/11/2021  14:47:39,726483;9,362917E-1;1,533758E-3;3,364175E-3;9,485886E-1;;
30/11/2021  14:47:39,726583;9,361933E-1;8,965980E-4;2,732311E-3;9,483231E-1;;
30/11/2021  14:47:39,726683;9,361308E-1;1,215178E-3;3,048243E-3;9,480479E-1;;
30/11/2021  14:47:39,726783;9,354602E-1;1,215178E-3;4,311971E-3;9,477634E-1;;
30/11/2021  14:47:39,726883;9,350668E-1;5,780180E-4;3,680107E-3;9,474699E-1;;
30/11/2021  14:47:39,726983;9,345184E-1;1,852338E-3;3,996039E-3;9,471679E-1;;
30/11/2021  14:47:39,727083;9,329359E-1;8,861098E-3;1,347400E-2;9,468577E-1;;
30/11/2021  14:47:39,727183;9,324292E-1;1,533758E-3;3,680107E-3;9,465393E-1;;
30/11/2021  14:47:39,727283;9,326110E-1;6,312458E-3;9,050951E-3;9,462130E-1;;
30/11/2021  14:47:39,727383;9,325842E-1;1,300264E-2;1,378993E-2;9,458788E-1;;
30/11/2021  14:47:39,727483;9,323488E-1;1,555128E-2;1,789705E-2;9,455371E-1;;
30/11/2021  14:47:39,727583;9,319315E-1;1,618844E-2;1,852891E-2;9,451881E-1;;
30/11/2021  14:47:39,727683;9,314010E-1;1,395838E-2;1,442179E-2;9,448322E-1;;
30/11/2021  14:47:39,727783;9,301493E-1;1,427696E-2;1,505366E-2;9,444697E-1;;
30/11/2021  14:47:39,727883;9,304920E-1;7,905358E-3;1,378993E-2;9,441009E-1;;
30/11/2021  14:47:39,727983;9,306947E-1;1,204690E-2;1,252620E-2;9,437261E-1;;
30/11/2021  14:47:39,728083;9,305308E-1;2,128572E-2;3,179805E-2;9,433455E-1;;
30/11/2021  14:47:39,728183;9,306351E-1;6,110822E-2;6,307532E-2;9,429598E-1;;
30/11/2021  14:47:39,728283;9,304235E-1;1,905566E-2;3,085026E-2;9,425694E-1;;
30/11/2021  14:47:39,728383;9,299466E-1;2,439731E-1;3,543646E-1;9,421750E-1;;
30/11/2021  14:47:39,728483;9,292373E-1;8,723178E-2;1,050943E-1;9,417770E-1;;
30/11/2021  14:47:39,728583;9,300033E-1;2,064856E-2;2,958653E-2;9,413760E-1;;
30/11/2021  14:47:39,728683;9,296903E-1;1,248242E-1;1,227865E-1;9,409726E-1;;
30/11/2021  14:47:39,728783;9,302119E-1;1,483991E-1;1,575390E-1;9,405673E-1;;
30/11/2021  14:47:39,728883;9,306708E-1;1,366117E-1;1,316326E-1;9,401610E-1;;
30/11/2021  14:47:39,728983;9,301910E-1;1,280100E-1;1,196272E-1;9,397543E-1;;
30/11/2021  14:47:39,729083;9,298364E-1;1,187712E-1;1,095173E-1;9,393482E-1;;
30/11/2021  14:47:39,729183;9,298453E-1;1,047537E-1;9,751191E-2;9,389433E-1;;
30/11/2021  14:47:39,729283;9,300122E-1;1,168597E-1;1,117289E-1;9,385404E-1;;
30/11/2021  14:47:39,729383;9,307692E-1;6,078964E-2;1,322644E-1;9,381401E-1;;
30/11/2021  14:47:39,729483;9,313444E-1;1,076209E-1;9,340479E-2;9,377434E-1;;
30/11/2021  14:47:39,729583;9,313980E-1;1,238685E-1;1,212068E-1;9,373510E-1;;
30/11/2021  14:47:39,729683;9,312669E-1;8,149734E-2;1,022509E-1;9,369640E-1;;
30/11/2021  14:47:39,729783;9,306470E-1;1,149482E-1;1,189953E-1;9,365832E-1;;
30/11/2021  14:47:39,729883;9,307573E-1;1,079395E-1;1,177316E-1;9,362093E-1;;
30/11/2021  14:47:39,729983;9,316424E-1;1,133553E-1;1,202590E-1;9,358430E-1;;
30/11/2021  14:47:39,730083;9,321759E-1;1,069837E-1;1,107811E-1;9,354850E-1;;
30/11/2021  14:47:39,730183;9,327988E-1;1,123996E-1;1,275255E-1;9,351361E-1;;
30/11/2021  14:47:39,730283;9,327839E-1;1,018865E-1;1,123607E-1;9,347972E-1;;
30/11/2021  14:47:39,730383;9,326110E-1;1,095324E-1;1,158360E-1;9,344691E-1;;
30/11/2021  14:47:39,730483;9,321550E-1;1,073023E-1;9,087734E-2;9,341523E-1;;
30/11/2021  14:47:39,730583;9,322593E-1;5,314372E-2;7,602853E-2;9,338476E-1;;
30/11/2021  14:47:39,730683;9,335915E-1;8,086018E-2;9,688005E-2;9,335554E-1;;
30/11/2021  14:47:39,730783;9,341936E-1;4,836502E-2;7,571260E-2;9,332762E-1;;
30/11/2021  14:47:39,730883;9,338300E-1;7,002846E-2;7,255328E-2;9,330106E-1;;
30/11/2021  14:47:39,730983;9,338031E-1;8,978042E-2;8,708615E-2;9,327592E-1;;
30/11/2021  14:47:39,731083;9,332101E-1;9,965640E-2;1,243661E-1;9,325223E-1;;
30/11/2021  14:47:39,731183;9,328494E-1;1,031608E-1;1,177316E-1;9,323003E-1;;
30/11/2021  14:47:39,731283;9,334783E-1;7,289568E-2;1,265777E-1;9,320931E-1;;
30/11/2021  14:47:39,731383;9,346644E-1;1,257800E-1;1,332122E-1;9,319008E-1;;
30/11/2021  14:47:39,731483;9,343903E-1;1,382046E-1;1,240502E-1;9,317235E-1;;
30/11/2021  14:47:39,731583;9,342800E-1;1,729298E-1;1,556434E-1;9,315615E-1;;
30/11/2021  14:47:39,731683;9,341608E-1;1,805757E-1;1,559593E-1;9,314146E-1;;
30/11/2021  14:47:39,731783;9,337167E-1;1,789828E-1;1,584868E-1;9,312829E-1;;
30/11/2021  14:47:39,731883;9,339492E-1;1,592309E-1;1,449017E-1;9,311662E-1;;
30/11/2021  14:47:39,731983;9,343247E-1;1,480806E-1;1,376353E-1;9,310641E-1;;
30/11/2021  14:47:39,732083;9,352575E-1;1,088952E-1;1,054102E-1;9,309764E-1;;
30/11/2021  14:47:39,732183;9,352396E-1;1,213198E-1;1,167838E-1;9,309030E-1;;
30/11/2021  14:47:39,732283;9,351622E-1;1,184526E-1;1,199431E-1;9,308437E-1;;
30/11/2021  14:47:39,732383;9,350877E-1;1,015679E-1;7,097362E-2;9,307982E-1;;
30/11/2021  14:47:39,732483;9,355049E-1;1,264171E-1;1,398468E-1;9,307663E-1;;
30/11/2021  14:47:39,732583;9,349118E-1;1,436204E-1;1,679647E-1;9,307477E-1;;
30/11/2021  14:47:39,732683;9,364407E-1;4,135626E-2;9,877564E-2;9,307419E-1;;
30/11/2021  14:47:39,732783;9,369027E-1;1,174969E-1;1,170997E-1;9,307488E-1;;
30/11/2021  14:47:39,732883;9,373199E-1;9,551486E-2;1,177316E-1;9,307680E-1;;
30/11/2021  14:47:39,732983;9,367507E-1;1,159040E-1;1,177316E-1;9,307995E-1;;
30/11/2021  14:47:39,733083;9,369652E-1;1,162226E-1;1,167838E-1;9,308430E-1;;
30/11/2021  14:47:39,733183;9,367775E-1;1,219570E-1;1,303688E-1;9,308983E-1;;
30/11/2021  14:47:39,733283;9,381663E-1;7,385142E-2;1,088855E-1;9,309648E-1;;
30/11/2021  14:47:39,733383;9,385627E-1;1,229127E-1;1,107811E-1;9,310424E-1;;
30/11/2021  14:47:39,733483;9,384941E-1;1,245056E-1;1,265777E-1;9,311309E-1;;
30/11/2021  14:47:39,733583;9,391975E-1;1,060280E-1;9,561632E-2;9,312300E-1;;
30/11/2021  14:47:39,733683;9,389173E-1;1,025236E-1;1,019350E-1;9,313395E-1;;
30/11/2021  14:47:39,733783;9,385120E-1;9,073616E-2;8,108345E-2;9,314592E-1;;
30/11/2021  14:47:39,733883;9,384882E-1;1,117624E-1;1,202590E-1;9,315887E-1;;
30/11/2021  14:47:39,733983;9,392482E-1;1,047537E-1;9,150920E-2;9,317275E-1;;
30/11/2021  14:47:39,734083;9,390783E-1;8,595746E-2;1,224705E-1;9,318753E-1;;
30/11/2021  14:47:39,734183;9,396714E-1;1,066652E-1;1,272095E-1;9,320314E-1;;
30/11/2021  14:47:39,734283;9,396624E-1;1,426647E-1;1,370034E-1;9,321956E-1;;
30/11/2021  14:47:39,734383;9,390246E-1;6,970988E-2;6,402312E-2;9,323674E-1;;
30/11/2021  14:47:39,734483;9,389024E-1;9,997498E-2;1,006712E-1;9,325463E-1;;
30/11/2021  14:47:39,734583;9,383958E-1;1,181340E-1;1,234183E-1;9,327315E-1;;
30/11/2021  14:47:39,734683;9,393018E-1;1,187712E-1;1,240502E-1;9,329225E-1;;
30/11/2021  14:47:39,734783;9,396773E-1;7,512574E-2;6,433905E-2;9,331185E-1;;
30/11/2021  14:47:39,734883;9,398383E-1;1,165411E-1;1,164678E-1;9,333191E-1;;
30/11/2021  14:47:39,734983;9,394449E-1;1,289658E-1;1,240502E-1;9,335236E-1;;
30/11/2021  14:47:39,735083;9,389263E-1;1,082581E-1;1,069899E-1;9,337315E-1;;
30/11/2021  14:47:39,735183;9,384584E-1;1,123996E-1;1,044624E-1;9,339422E-1;;
30/11/2021  14:47:39,735283;9,381007E-1;1,241871E-1;1,268936E-1;9,341549E-1;;
30/11/2021  14:47:39,735383;9,385895E-1;1,216384E-1;1,092014E-1;9,343688E-1;;
30/11/2021  14:47:39,735483;9,389203E-1;1,088952E-1;1,310007E-1;9,345831E-1;;
30/11/2021  14:47:39,735583;9,391140E-1;6,939130E-2;4,569906E-2;9,347973E-1;;
30/11/2021  14:47:39,735683;9,384286E-1;2,041506E-1;2,425247E-1;9,350107E-1;;
30/11/2021  14:47:39,735783;9,380262E-1;1,289658E-1;1,275255E-1;9,352226E-1;;
30/11/2021  14:47:39,735883;9,374093E-1;1,136739E-1;1,189953E-1;9,354326E-1;;
30/11/2021  14:47:39,735983;9,372573E-1;1,280100E-1;1,268936E-1;9,356396E-1;;
30/11/2021  14:47:39,736083;9,375375E-1;1,292843E-1;1,268936E-1;9,358431E-1;;
30/11/2021  14:47:39,736183;9,382498E-1;1,206827E-1;1,152041E-1;9,360424E-1;;
30/11/2021  14:47:39,736283;9,382945E-1;1,464877E-1;1,534319E-1;9,362369E-1;;
30/11/2021  14:47:39,736383;9,378951E-1;1,289658E-1;1,268936E-1;9,364261E-1;;
30/11/2021  14:47:39,736483;9,364020E-1;1,359745E-1;1,281573E-1;9,366098E-1;;
30/11/2021  14:47:39,736583;9,371381E-1;1,203641E-1;1,202590E-1;9,367873E-1;;
30/11/2021  14:47:39,736683;9,372245E-1;1,210013E-1;1,186794E-1;9,369581E-1;;
30/11/2021  14:47:39,736783;9,376149E-1;1,283286E-1;1,347919E-1;9,371219E-1;;
30/11/2021  14:47:39,736883;9,381127E-1;1,190898E-1;9,909157E-2;9,372783E-1;;
30/11/2021  14:47:39,736983;9,378921E-1;1,270543E-1;1,392149E-1;9,374271E-1;;
30/11/2021  14:47:39,737083;9,377610E-1;1,321516E-1;1,401627E-1;9,375684E-1;;
30/11/2021  14:47:39,737183;9,374779E-1;1,353374E-1;1,357397E-1;9,377020E-1;;
30/11/2021  14:47:39,737283;9,375464E-1;1,302401E-1;1,294210E-1;9,378278E-1;;
30/11/2021  14:47:39,737383;9,378087E-1;7,990444E-2;1,205749E-1;9,379458E-1;;
30/11/2021  14:47:39,737483;9,388697E-1;1,206827E-1;1,205749E-1;9,380561E-1;;
30/11/2021  14:47:39,737583;9,390991E-1;1,726112E-1;2,286237E-1;9,381587E-1;;
30/11/2021  14:47:39,737683;9,389918E-1;1,595494E-1;1,632258E-1;9,382540E-1;;
30/11/2021  14:47:39,737783;9,384554E-1;1,267357E-1;1,316326E-1;9,383423E-1;;
30/11/2021  14:47:39,737883;9,383570E-1;1,770713E-1;1,812339E-1;9,384239E-1;;
30/11/2021  14:47:39,737983;9,385984E-1;1,382046E-1;1,388990E-1;9,384991E-1;;
30/11/2021  14:47:39,738083;9,386968E-1;8,659462E-2;4,696279E-2;9,385679E-1;;
30/11/2021  14:47:39,738183;9,396296E-1;1,385232E-1;1,310007E-1;9,386308E-1;;
30/11/2021  14:47:39,738283;9,392780E-1;1,264171E-1;9,182514E-2;9,386880E-1;;
30/11/2021  14:47:39,738383;9,396952E-1;1,331073E-1;1,458495E-1;9,387400E-1;;
30/11/2021  14:47:39,738483;9,396266E-1;1,149482E-1;1,158360E-1;9,387872E-1;;
30/11/2021  14:47:39,738583;9,392631E-1;1,423461E-1;1,373193E-1;9,388300E-1;;
30/11/2021  14:47:39,738683;9,396833E-1;5,855958E-2;8,803395E-2;9,388688E-1;;
30/11/2021  14:47:39,738783;9,399575E-1;1,165411E-1;1,297370E-1;9,389039E-1;;
30/11/2021  14:47:39,738883;9,409410E-1;1,060280E-1;1,278414E-1;9,389357E-1;;
30/11/2021  14:47:39,738983;9,408009E-1;1,560451E-1;1,872366E-1;9,389647E-1;;
30/11/2021  14:47:39,739083;9,409201E-1;2,417431E-1;2,279918E-1;9,389915E-1;;
30/11/2021  14:47:39,739183;9,404433E-1;1,388417E-1;1,600664E-1;9,390165E-1;;
30/11/2021  14:47:39,739283;9,403389E-1;1,350188E-1;1,310007E-1;9,390402E-1;;
30/11/2021  14:47:39,739383;9,409469E-1;1,391603E-1;1,411105E-1;9,390629E-1;;
30/11/2021  14:47:39,739483;9,410930E-1;1,082581E-1;9,972343E-2;9,390849E-1;;
30/11/2021  14:47:39,739583;9,411853E-1;1,187712E-1;1,193112E-1;9,391065E-1;;
30/11/2021  14:47:39,739683;9,412032E-1;9,806350E-2;1,000394E-1;9,391282E-1;;
30/11/2021  14:47:39,739783;9,404134E-1;6,238254E-2;8,740209E-2;9,391503E-1;;
30/11/2021  14:47:39,739883;9,398383E-1;5,059508E-2;4,917431E-2;9,391728E-1;;
30/11/2021  14:47:39,739983;9,396892E-1;1,165411E-1;1,268936E-1;9,391958E-1;;
30/11/2021  14:47:39,740083;9,408843E-1;7,894870E-2;9,719598E-2;9,392193E-1;;
30/11/2021  14:47:39,740183;9,406221E-1;1,315144E-1;1,423743E-1;9,392432E-1;;
30/11/2021  14:47:39,740283;9,412718E-1;9,838208E-2;1,183634E-1;9,392678E-1;;
30/11/2021  14:47:39,740383;9,407979E-1;8,149734E-2;1,142563E-1;9,392931E-1;;
30/11/2021  14:47:39,740483;9,404820E-1;6,429402E-2;8,677022E-2;9,393192E-1;;
30/11/2021  14:47:39,740583;9,402764E-1;1,009307E-1;1,170997E-1;9,393461E-1;;
30/11/2021  14:47:39,740683;9,405207E-1;1,009307E-1;1,155200E-1;9,393739E-1;;
30/11/2021  14:47:39,740783;9,410423E-1;9,870066E-2;1,073058E-1;9,394025E-1;;
30/11/2021  14:47:39,740883;9,413254E-1;1,047537E-1;1,183634E-1;9,394319E-1;;
30/11/2021  14:47:39,740983;9,414476E-1;1,053908E-1;1,098333E-1;9,394621E-1;;
30/11/2021  14:47:39,741083;9,413791E-1;8,978042E-2;9,530039E-2;9,394934E-1;;
30/11/2021  14:47:39,741183;9,413403E-1;1,069837E-1;1,101492E-1;9,395257E-1;;
30/11/2021  14:47:39,741283;9,418023E-1;9,392196E-2;1,057261E-1;9,395593E-1;;
30/11/2021  14:47:39,741383;9,416860E-1;1,375674E-1;1,319485E-1;9,395940E-1;;
30/11/2021  14:47:39,741483;9,427321E-1;1,557265E-1;1,714400E-1;9,396302E-1;;
30/11/2021  14:47:39,741583;9,429258E-1;5,091366E-2;7,002583E-2;9,396679E-1;;
30/11/2021  14:47:39,741683;9,428036E-1;1,241871E-1;1,196272E-1;9,397074E-1;;
30/11/2021  14:47:39,741783;9,424550E-1;2,028763E-1;2,068244E-1;9,397490E-1;;
30/11/2021  14:47:39,741883;9,419841E-1;1,305587E-1;1,490088E-1;9,397927E-1;;
30/11/2021  14:47:39,741983;9,425801E-1;1,538150E-1;1,540637E-1;9,398385E-1;;
30/11/2021  14:47:39,742083;9,430361E-1;1,506292E-1;1,531159E-1;9,398865E-1;;
30/11/2021  14:47:39,742183;9,434593E-1;1,353374E-1;1,354238E-1;9,399368E-1;;
30/11/2021  14:47:39,742283;9,433371E-1;1,483991E-1;1,622780E-1;9,399894E-1;;
30/11/2021  14:47:39,742383;9,435785E-1;1,401161E-1;1,347919E-1;9,400445E-1;;
30/11/2021  14:47:39,742483;9,434742E-1;1,429833E-1;1,351078E-1;9,401022E-1;;
30/11/2021  14:47:39,742583;9,434802E-1;1,127182E-1;4,285567E-2;9,401625E-1;;
30/11/2021  14:47:39,742683;9,435398E-1;1,289658E-1;1,313166E-1;9,402255E-1;;
30/11/2021  14:47:39,742783;9,439093E-1;5,855958E-2;5,896821E-2;9,402912E-1;;
30/11/2021  14:47:39,742883;9,449137E-1;6,556834E-2;9,119327E-2;9,403596E-1;;
30/11/2021  14:47:39,742983;9,445739E-1;1,053908E-1;1,316326E-1;9,404308E-1;;
30/11/2021  14:47:39,743083;9,447110E-1;1,324701E-1;1,167838E-1;9,405050E-1;;
30/11/2021  14:47:39,743183;9,443713E-1;1,426647E-1;1,572231E-1;9,405822E-1;;
30/11/2021  14:47:39,743283;9,443415E-1;1,391603E-1;1,401627E-1;9,406623E-1;;
30/11/2021  14:47:39,743383;9,449107E-1;1,109116E-2;5,233363E-2;9,407455E-1;;
30/11/2021  14:47:39,743483;9,457392E-1;1,410718E-1;1,392149E-1;9,408316E-1;;
30/11/2021  14:47:39,743583;9,460552E-1;7,586778E-3;1,221027E-2;9,409207E-1;;
30/11/2021  14:47:39,743683;9,460999E-1;8,965980E-4;3,364175E-3;9,410129E-1;;
30/11/2021  14:47:39,743783;9,462787E-1;3,763818E-3;4,943835E-3;9,411084E-1;;
30/11/2021  14:47:39,743883;9,458138E-1;8,223938E-3;1,126247E-2;9,412072E-1;;
30/11/2021  14:47:39,743983;9,463889E-1;6,949618E-3;9,366883E-3;9,413094E-1;;
30/11/2021  14:47:39,744083;9,466810E-1;3,445238E-3;5,259767E-3;9,414150E-1;;
30/11/2021  14:47:39,744183;9,473486E-1;2,489498E-3;4,627903E-3;9,415240E-1;;
30/11/2021  14:47:39,744283;9,473635E-1;8,965980E-4;3,680107E-3;9,416364E-1;;
30/11/2021  14:47:39,744383;9,474410E-1;4,082398E-3;5,575699E-3;9,417524E-1;;
30/11/2021  14:47:39,744483;9,464098E-1;1,215178E-3;3,680107E-3;9,418720E-1;;
30/11/2021  14:47:39,744583;9,470804E-1;1,533758E-3;3,680107E-3;9,419950E-1;;
30/11/2021  14:47:39,744683;9,470238E-1;8,223938E-3;1,126247E-2;9,421214E-1;;
30/11/2021  14:47:39,744783;9,471132E-1;8,223938E-3;8,735019E-3;9,422509E-1;;
30/11/2021  14:47:39,744883;9,468390E-1;1,533758E-3;3,680107E-3;9,423833E-1;;
30/11/2021  14:47:39,744983;9,471012E-1;5,993878E-3;8,735019E-3;9,425184E-1;;
30/11/2021  14:47:39,745083;9,461416E-1;3,126658E-3;5,575699E-3;9,426559E-1;;
30/11/2021  14:47:39,745183;9,457005E-1;2,170918E-3;4,943835E-3;9,427954E-1;;
30/11/2021  14:47:39,745283;9,453667E-1;2,594380E-4;3,364175E-3;9,429365E-1;;
30/11/2021  14:47:39,745383;9,455485E-1;4,082398E-3;6,523495E-3;9,430784E-1;;
30/11/2021  14:47:39,745483;9,458793E-1;1,215178E-3;3,048243E-3;9,432207E-1;;
30/11/2021  14:47:39,745583;9,457005E-1;1,533758E-3;3,680107E-3;9,433629E-1;;
30/11/2021  14:47:39,745683;9,458406E-1;8,965980E-4;3,364175E-3;9,435044E-1;;
30/11/2021  14:47:39,745783;9,458883E-1;1,533758E-3;3,048243E-3;9,436449E-1;;
30/11/2021  14:47:39,745883;9,453935E-1;1,215178E-3;3,364175E-3;9,437839E-1;;
30/11/2021  14:47:39,745983;9,446783E-1;6,631038E-3;8,103155E-3;9,439211E-1;;
30/11/2021  14:47:39,746083;9,448660E-1;8,965980E-4;3,048243E-3;9,440559E-1;;
30/11/2021  14:47:39,746183;9,448213E-1;2,808078E-3;5,575699E-3;9,441878E-1;;
30/11/2021  14:47:39,746283;9,445650E-1;8,965980E-4;3,364175E-3;9,443163E-1;;
30/11/2021  14:47:39,746383;9,454144E-1;1,215178E-3;3,364175E-3;9,444410E-1;;
30/11/2021  14:47:39,746483;9,456916E-1;1,215178E-3;3,364175E-3;9,445615E-1;;
30/11/2021  14:47:39,746583;9,448064E-1;1,533758E-3;3,364175E-3;9,446778E-1;;
30/11/2021  14:47:39,746683;9,445501E-1;8,965980E-4;3,364175E-3;9,447895E-1;;
30/11/2021  14:47:39,746783;9,453429E-1;1,533758E-3;3,680107E-3;9,448964E-1;;
30/11/2021  14:47:39,746883;9,454651E-1;2,489498E-3;6,839427E-3;9,449983E-1;;
30/11/2021  14:47:39,746983;9,453280E-1;3,126658E-3;5,259767E-3;9,450951E-1;;
30/11/2021  14:47:39,747083;9,445263E-1;1,077258E-2;1,347400E-2;9,451867E-1;;
30/11/2021  14:47:39,747183;9,449584E-1;1,523270E-2;1,631739E-2;9,452731E-1;;
30/11/2021  14:47:39,747283;9,441358E-1;1,300264E-2;1,410586E-2;9,453541E-1;;
30/11/2021  14:47:39,747383;9,445322E-1;7,905358E-3;9,998747E-3;9,454296E-1;;
30/11/2021  14:47:39,747483;9,445710E-1;1,077258E-2;1,536959E-2;9,454994E-1;;
30/11/2021  14:47:39,747583;9,446097E-1;6,949618E-3;8,103155E-3;9,455635E-1;;
30/11/2021  14:47:39,747683;9,449465E-1;1,045400E-2;1,758111E-2;9,456219E-1;;
30/11/2021  14:47:39,747783;9,452415E-1;1,650702E-2;1,916077E-2;9,456745E-1;;
30/11/2021  14:47:39,747883;9,443504E-1;6,843556E-2;1,063580E-1;9,457216E-1;;
30/11/2021  14:47:39,747983;9,443117E-1;1,714418E-2;1,979264E-2;9,457632E-1;;
30/11/2021  14:47:39,748083;9,446634E-1;1,586986E-2;1,789705E-2;9,457994E-1;;
30/11/2021  14:47:39,748183;9,445799E-1;1,273729E-1;1,287892E-1;9,458303E-1;;
30/11/2021  14:47:39,748283;9,446067E-1;3,466608E-2;4,664686E-2;9,458558E-1;;
30/11/2021  14:47:39,748383;9,447796E-1;1,429833E-1;1,297370E-1;9,458763E-1;;
30/11/2021  14:47:39,748483;9,441895E-1;1,165411E-1;1,148882E-1;9,458919E-1;;
30/11/2021  14:47:39,748583;9,434981E-1;9,583344E-2;8,961361E-2;9,459026E-1;;
30/11/2021  14:47:39,748683;9,435130E-1;1,079395E-1;1,092014E-1;9,459085E-1;;
30/11/2021  14:47:39,748783;9,430659E-1;1,350188E-1;1,363715E-1;9,459096E-1;;
30/11/2021  14:47:39,748883;9,435755E-1;8,723178E-2;1,183634E-1;9,459059E-1;;
30/11/2021  14:47:39,748983;9,431732E-1;1,257800E-1;1,275255E-1;9,458972E-1;;
30/11/2021  14:47:39,749083;9,431255E-1;1,305587E-1;1,464814E-1;9,458838E-1;;
30/11/2021  14:47:39,749183;9,424728E-1;1,458505E-1;1,796542E-1;9,458655E-1;;
30/11/2021  14:47:39,749283;9,413820E-1;6,684266E-2;9,466852E-2;9,458424E-1;;
30/11/2021  14:47:39,749383;9,413671E-1;1,327887E-1;1,335282E-1;9,458143E-1;;
30/11/2021  14:47:39,749483;9,413254E-1;1,382046E-1;1,246821E-1;9,457810E-1;;
30/11/2021  14:47:39,749583;9,413433E-1;1,308772E-1;1,205749E-1;9,457423E-1;;
30/11/2021  14:47:39,749683;9,413701E-1;1,292843E-1;1,332122E-1;9,456981E-1;;
30/11/2021  14:47:39,749783;9,407323E-1;1,980976E-1;1,847091E-1;9,456484E-1;;
30/11/2021  14:47:39,749883;9,401929E-1;1,165411E-1;1,234183E-1;9,455930E-1;;
30/11/2021  14:47:39,749983;9,393644E-1;1,461691E-1;1,629098E-1;9,455319E-1;;
30/11/2021  14:47:39,750083;9,392571E-1;1,108067E-1;1,275255E-1;9,454649E-1;;
30/11/2021  14:47:39,750183;9,395253E-1;1,095324E-1;1,129926E-1;9,453916E-1;;
30/11/2021  14:47:39,750283;9,390932E-1;1,238685E-1;1,272095E-1;9,453121E-1;;
30/11/2021  14:47:39,750383;9,393107E-1;9,009900E-2;7,918786E-2;9,452261E-1;;
30/11/2021  14:47:39,750483;9,386163E-1;1,069837E-1;1,148882E-1;9,451338E-1;;
30/11/2021  14:47:39,750583;9,377163E-1;9,232906E-2;1,174156E-1;9,450349E-1;;
30/11/2021  14:47:39,750683;9,374182E-1;1,041165E-1;1,167838E-1;9,449296E-1;;
30/11/2021  14:47:39,750783;9,370040E-1;1,082581E-1;1,237343E-1;9,448175E-1;;
30/11/2021  14:47:39,750883;9,368103E-1;8,914326E-2;1,016190E-1;9,446985E-1;;
30/11/2021  14:47:39,750983;9,370248E-1;-5,867786E-2;6,839427E-3;9,445725E-1;;
30/11/2021  14:47:39,751083;9,366553E-1;1,260985E-1;1,878685E-1;9,444395E-1;;
30/11/2021  14:47:39,751183;9,363096E-1;9,742634E-2;1,139404E-1;9,442995E-1;;
30/11/2021  14:47:39,751283;9,351681E-1;9,710776E-2;1,177316E-1;9,441524E-1;;
30/11/2021  14:47:39,751383;9,344976E-1;1,041165E-1;1,170997E-1;9,439983E-1;;
30/11/2021  14:47:39,751483;9,344588E-1;1,219570E-1;1,297370E-1;9,438369E-1;;
30/11/2021  14:47:39,751583;9,347121E-1;1,382046E-1;1,370034E-1;9,436682E-1;;
30/11/2021  14:47:39,751683;9,343098E-1;1,538150E-1;1,505885E-1;9,434921E-1;;
30/11/2021  14:47:39,751783;9,335379E-1;1,547707E-1;1,164678E-1;9,433086E-1;;
30/11/2021  14:47:39,751883;9,335290E-1;1,324701E-1;8,834988E-2;9,431179E-1;;
30/11/2021  14:47:39,751983;9,328316E-1;1,920446E-1;2,163023E-1;9,429198E-1;;
30/11/2021  14:47:39,752083;9,319643E-1;1,700626E-1;1,651214E-1;9,427145E-1;;
30/11/2021  14:47:39,752183;9,323637E-1;1,413904E-1;1,524841E-1;9,425019E-1;;
30/11/2021  14:47:39,752283;9,323100E-1;2,025577E-1;1,828136E-1;9,422820E-1;;
30/11/2021  14:47:39,752383;9,319077E-1;8,086018E-2;8,076751E-2;9,420549E-1;;
30/11/2021  14:47:39,752483;9,318898E-1;1,267357E-1;1,379512E-1;9,418210E-1;;
30/11/2021  14:47:39,752583;9,314696E-1;1,649653E-1;1,641736E-1;9,415802E-1;;
30/11/2021  14:47:39,752683;9,309093E-1;1,260985E-1;1,338441E-1;9,413330E-1;;
30/11/2021  14:47:39,752783;9,311149E-1;1,238685E-1;1,306848E-1;9,410794E-1;;
30/11/2021  14:47:39,752883;9,316573E-1;1,162226E-1;1,076217E-1;9,408199E-1;;
30/11/2021  14:47:39,752983;9,311656E-1;1,213198E-1;1,218387E-1;9,405547E-1;;
30/11/2021  14:47:39,753083;9,312311E-1;1,200455E-1;1,145722E-1;9,402844E-1;;
30/11/2021  14:47:39,753183;9,304652E-1;1,041165E-1;1,054102E-1;9,400093E-1;;
30/11/2021  14:47:39,753283;9,308079E-1;1,120810E-1;1,136244E-1;9,397300E-1;;
30/11/2021  14:47:39,753383;9,302357E-1;1,292843E-1;1,398468E-1;9,394468E-1;;
30/11/2021  14:47:39,753483;9,302387E-1;1,155854E-1;1,092014E-1;9,391603E-1;;
30/11/2021  14:47:39,753583;9,308735E-1;1,353374E-1;1,534319E-1;9,388707E-1;;
30/11/2021  14:47:39,753683;9,309123E-1;3,243602E-2;3,685297E-2;9,385788E-1;;
30/11/2021  14:47:39,753783;9,303698E-1;2,287862E-2;5,707262E-2;9,382850E-1;;
30/11/2021  14:47:39,753883;9,303847E-1;1,213198E-1;1,483770E-1;9,379899E-1;;
30/11/2021  14:47:39,753983;9,303430E-1;1,044351E-1;1,028828E-1;9,376941E-1;;
30/11/2021  14:47:39,754083;9,304741E-1;5,378088E-2;5,707262E-2;9,373981E-1;;
30/11/2021  14:47:39,754183;9,302357E-1;5,473662E-2;5,770448E-2;9,371025E-1;;
30/11/2021  14:47:39,754283;9,303132E-1;1,174969E-1;1,095173E-1;9,368079E-1;;
30/11/2021  14:47:39,754383;9,305904E-1;1,375674E-1;1,445858E-1;9,365146E-1;;
30/11/2021  14:47:39,754483;9,303162E-1;1,260985E-1;1,212068E-1;9,362234E-1;;
30/11/2021  14:47:39,754583;9,298662E-1;1,111253E-1;1,016190E-1;9,359346E-1;;
30/11/2021  14:47:39,754683;9,296695E-1;8,563888E-2;8,108345E-2;9,356489E-1;;
30/11/2021  14:47:39,754783;9,298215E-1;3,434750E-2;2,800687E-2;9,353664E-1;;
30/11/2021  14:47:39,754883;9,299347E-1;7,225852E-2;5,012211E-2;9,350877E-1;;
30/11/2021  14:47:39,754983;9,305367E-1;1,238685E-1;1,186794E-1;9,348131E-1;;
30/11/2021  14:47:39,755083;9,298572E-1;6,684266E-2;5,770448E-2;9,345431E-1;;
30/11/2021  14:47:39,755183;9,295443E-1;4,932076E-2;3,116619E-2;9,342780E-1;;
30/11/2021  14:47:39,755283;9,299824E-1;1,401161E-1;1,284732E-1;9,340181E-1;;
30/11/2021  14:47:39,755383;9,294459E-1;1,006121E-1;1,186794E-1;9,337638E-1;;
30/11/2021  14:47:39,755483;9,295205E-1;1,216384E-1;1,249980E-1;9,335153E-1;;
30/11/2021  14:47:39,755583;9,301195E-1;1,235499E-1;1,256299E-1;9,332727E-1;;
30/11/2021  14:47:39,755683;9,303192E-1;8,468314E-2;8,834988E-2;9,330365E-1;;
30/11/2021  14:47:39,755783;9,308199E-1;1,225942E-1;1,193112E-1;9,328068E-1;;
30/11/2021  14:47:39,755883;9,296665E-1;1,225942E-1;1,177316E-1;9,325840E-1;;
30/11/2021  14:47:39,755983;9,298989E-1;1,331073E-1;1,268936E-1;9,323685E-1;;
30/11/2021  14:47:39,756083;9,306649E-1;1,159040E-1;1,139404E-1;9,321603E-1;;
30/11/2021  14:47:39,756183;9,308824E-1;1,254614E-1;1,246821E-1;9,319597E-1;;
30/11/2021  14:47:39,756283;9,310762E-1;1,254614E-1;1,253139E-1;9,317669E-1;;
30/11/2021  14:47:39,756383;9,318093E-1;1,216384E-1;1,104651E-1;9,315823E-1;;
30/11/2021  14:47:39,756483;9,315381E-1;1,257800E-1;1,278414E-1;9,314062E-1;;
30/11/2021  14:47:39,756583;9,311566E-1;1,225942E-1;1,193112E-1;9,312389E-1;;
30/11/2021  14:47:39,756683;9,311924E-1;1,203641E-1;1,019350E-1;9,310807E-1;;
30/11/2021  14:47:39,756783;9,317646E-1;1,340630E-1;1,278414E-1;9,309316E-1;;
30/11/2021  14:47:39,756883;9,321550E-1;7,257710E-2;1,177316E-1;9,307918E-1;;
30/11/2021  14:47:39,756983;9,330491E-1;1,149482E-1;1,265777E-1;9,306615E-1;;
30/11/2021  14:47:39,757083;9,333859E-1;1,617795E-1;1,695444E-1;9,305411E-1;;
30/11/2021  14:47:39,757183;9,335498E-1;1,267357E-1;1,246821E-1;9,304307E-1;;
30/11/2021  14:47:39,757283;9,334336E-1;1,299215E-1;1,259458E-1;9,303308E-1;;
30/11/2021  14:47:39,757383;9,342114E-1;1,410718E-1;1,227865E-1;9,302416E-1;;
30/11/2021  14:47:39,757483;9,354900E-1;4,709070E-2;7,002583E-2;9,301633E-1;;
30/11/2021  14:47:39,757583;9,361546E-1;1,187712E-1;1,120448E-1;9,300963E-1;;
30/11/2021  14:47:39,757683;9,370487E-1;1,490363E-1;1,648054E-1;9,300411E-1;;
30/11/2021  14:47:39,757783;9,374302E-1;1,248242E-1;1,186794E-1;9,299982E-1;;
30/11/2021  14:47:39,757883;9,377461E-1;1,311958E-1;1,231024E-1;9,299682E-1;;
30/11/2021  14:47:39,757983;9,378474E-1;1,321516E-1;1,426902E-1;9,299515E-1;;
30/11/2021  14:47:39,758083;9,388548E-1;1,292843E-1;1,313166E-1;9,299485E-1;;
30/11/2021  14:47:39,758183;9,393942E-1;9,519628E-2;8,329497E-2;9,299596E-1;;
30/11/2021  14:47:39,758283;9,405714E-1;1,238685E-1;1,253139E-1;9,299852E-1;;
30/11/2021  14:47:39,758383;9,408039E-1;1,283286E-1;1,407946E-1;9,300257E-1;;
30/11/2021  14:47:39,758483;9,415072E-1;1,436204E-1;1,581709E-1;9,300816E-1;;
30/11/2021  14:47:39,758583;9,416711E-1;1,299215E-1;1,294210E-1;9,301531E-1;;
30/11/2021  14:47:39,758683;9,423238E-1;1,337445E-1;1,294210E-1;9,302406E-1;;
30/11/2021  14:47:39,758783;9,435815E-1;1,305587E-1;1,278414E-1;9,303444E-1;;
30/11/2021  14:47:39,758883;9,442014E-1;1,356559E-1;1,404787E-1;9,304646E-1;;
30/11/2021  14:47:39,758983;9,452535E-1;1,152668E-1;1,167838E-1;9,306016E-1;;
30/11/2021  14:47:39,759083;9,459359E-1;1,292843E-1;1,272095E-1;9,307557E-1;;
30/11/2021  14:47:39,759183;9,459240E-1;1,289658E-1;1,325804E-1;9,309273E-1;;
30/11/2021  14:47:39,759283;9,463830E-1;1,264171E-1;1,145722E-1;9,311163E-1;;
30/11/2021  14:47:39,759383;9,466602E-1;1,337445E-1;1,455336E-1;9,313230E-1;;
30/11/2021  14:47:39,759483;9,470208E-1;1,445762E-1;1,610142E-1;9,315473E-1;;
30/11/2021  14:47:39,759583;9,488596E-1;1,200455E-1;1,417424E-1;9,317891E-1;;
30/11/2021  14:47:39,759683;9,493871E-1;1,515849E-1;1,594346E-1;9,320483E-1;;
30/11/2021  14:47:39,759783;9,494318E-1;5,218798E-2;1,000394E-1;9,323249E-1;;
30/11/2021  14:47:39,759883;9,499772E-1;1,216384E-1;1,313166E-1;9,326188E-1;;
30/11/2021  14:47:39,759983;9,497120E-1;1,270543E-1;1,278414E-1;9,329297E-1;;
30/11/2021  14:47:39,760083;9,498133E-1;1,219570E-1;1,265777E-1;9,332575E-1;;
30/11/2021  14:47:39,760183;9,507551E-1;1,117624E-1;1,227865E-1;9,336014E-1;;
30/11/2021  14:47:39,760283;9,515926E-1;1,088952E-1;1,205749E-1;9,339611E-1;;
30/11/2021  14:47:39,760383;9,512856E-1;1,203641E-1;1,161519E-1;9,343360E-1;;
30/11/2021  14:47:39,760483;9,516313E-1;1,442576E-1;1,641736E-1;9,347256E-1;;
30/11/2021  14:47:39,760583;9,510799E-1;1,069837E-1;1,104651E-1;9,351291E-1;;
30/11/2021  14:47:39,760683;9,512200E-1;9,710776E-2;9,498445E-2;9,355458E-1;;
30/11/2021  14:47:39,760783;9,510084E-1;1,714418E-2;6,339125E-2;9,359747E-1;;
30/11/2021  14:47:39,760883;9,509846E-1;1,050723E-1;1,114129E-1;9,364148E-1;;
30/11/2021  14:47:39,760983;9,515061E-1;9,965640E-2;1,092014E-1;9,368649E-1;;
30/11/2021  14:47:39,761083;9,513184E-1;5,473662E-2;2,421569E-2;9,373239E-1;;
30/11/2021  14:47:39,761183;9,509965E-1;1,066652E-1;1,265777E-1;9,377907E-1;;
30/11/2021  14:47:39,761283;9,506627E-1;9,965640E-2;1,294210E-1;9,382641E-1;;
30/11/2021  14:47:39,761383;9,508177E-1;9,424054E-2;1,133085E-1;9,387427E-1;;
30/11/2021  14:47:39,761483;9,507491E-1;1,088952E-1;1,224705E-1;9,392253E-1;;
30/11/2021  14:47:39,761583;9,508773E-1;1,168597E-1;1,291051E-1;9,397106E-1;;
30/11/2021  14:47:39,761683;9,509876E-1;1,372488E-1;1,629098E-1;9,401973E-1;;
30/11/2021  14:47:39,761783;9,505703E-1;1,225942E-1;1,174156E-1;9,406841E-1;;
30/11/2021  14:47:39,761883;9,502127E-1;1,509478E-1;1,433221E-1;9,411699E-1;;
30/11/2021  14:47:39,761983;9,495451E-1;1,710183E-1;1,534319E-1;9,416533E-1;;
30/11/2021  14:47:39,762083;9,492471E-1;4,836502E-2;1,600664E-1;9,421330E-1;;
30/11/2021  14:47:39,762183;9,489013E-1;1,799386E-1;1,723878E-1;9,426077E-1;;
30/11/2021  14:47:39,762283;9,492411E-1;1,636910E-1;1,676488E-1;9,430760E-1;;
30/11/2021  14:47:39,762383;9,494438E-1;1,109116E-2;7,666040E-2;9,435367E-1;;
30/11/2021  14:47:39,762483;9,493275E-1;1,429833E-1;1,249980E-1;9,439886E-1;;
30/11/2021  14:47:39,762583;9,492381E-1;1,378860E-1;1,676488E-1;9,444307E-1;;
30/11/2021  14:47:39,762683;9,480967E-1;4,135626E-2;1,006712E-1;9,448620E-1;;
30/11/2021  14:47:39,762783;9,481712E-1;1,490363E-1;1,439539E-1;9,452817E-1;;
30/11/2021  14:47:39,762883;9,483351E-1;7,480716E-2;1,079377E-1;9,456886E-1;;
30/11/2021  14:47:39,762983;9,492709E-1;1,974605E-1;1,802861E-1;9,460819E-1;;
30/11/2021  14:47:39,763083;9,486987E-1;-1,248376E-2;6,907803E-2;9,464611E-1;;
30/11/2021  14:47:39,763183;9,486301E-1;1,347002E-1;1,951349E-1;9,468254E-1;;
30/11/2021  14:47:39,763283;9,480788E-1;1,292843E-1;1,284732E-1;9,471746E-1;;
30/11/2021  14:47:39,763383;9,476377E-1;1,557265E-1;1,433221E-1;9,475080E-1;;
30/11/2021  14:47:39,763483;9,472383E-1;1,366117E-1;1,357397E-1;9,478252E-1;;
30/11/2021  14:47:39,763583;9,472115E-1;1,427696E-2;1,600145E-2;9,481257E-1;;
30/11/2021  14:47:39,763683;9,471221E-1;1,533758E-3;3,996039E-3;9,484091E-1;;
30/11/2021  14:47:39,763783;9,473367E-1;8,965980E-4;3,364175E-3;9,486750E-1;;
30/11/2021  14:47:39,763883;9,465856E-1;7,586778E-3;9,682815E-3;9,489233E-1;;
30/11/2021  14:47:39,763983;9,458644E-1;9,498258E-3;1,157841E-2;9,491536E-1;;
30/11/2021  14:47:39,764083;9,458644E-1;7,586778E-3;9,366883E-3;9,493658E-1;;
30/11/2021  14:47:39,764183;9,463442E-1;5,038138E-3;6,839427E-3;9,495597E-1;;
30/11/2021  14:47:39,764283;9,466661E-1;6,949618E-3;8,419087E-3;9,497353E-1;;
30/11/2021  14:47:39,764383;9,474589E-1;2,170918E-3;3,996039E-3;9,498926E-1;;
30/11/2021  14:47:39,764483;9,467019E-1;7,905358E-3;1,063061E-2;9,500320E-1;;
30/11/2021  14:47:39,764583;9,459926E-1;5,993878E-3;8,419087E-3;9,501539E-1;;
30/11/2021  14:47:39,764683;9,453071E-1;1,533758E-3;3,048243E-3;9,502585E-1;;
30/11/2021  14:47:39,764783;9,450687E-1;3,126658E-3;4,627903E-3;9,503461E-1;;
30/11/2021  14:47:39,764883;9,449018E-1;1,852338E-3;3,680107E-3;9,504168E-1;;
30/11/2021  14:47:39,764983;9,455008E-1;8,965980E-4;3,364175E-3;9,504709E-1;;
30/11/2021  14:47:39,765083;9,452743E-1;1,215178E-3;3,364175E-3;9,505087E-1;;
30/11/2021  14:47:39,765183;9,453846E-1;1,215178E-3;3,996039E-3;9,505307E-1;;
30/11/2021  14:47:39,765283;9,453458E-1;1,215178E-3;3,680107E-3;9,505374E-1;;
30/11/2021  14:47:39,765383;9,443623E-1;5,780180E-4;3,364175E-3;9,505292E-1;;
30/11/2021  14:47:39,765483;9,437752E-1;8,861098E-3;9,682815E-3;9,505067E-1;;
30/11/2021  14:47:39,765583;9,447766E-1;1,533758E-3;3,680107E-3;9,504702E-1;;
30/11/2021  14:47:39,765683;9,449644E-1;2,489498E-3;4,943835E-3;9,504203E-1;;
30/11/2021  14:47:39,765783;9,448213E-1;5,675298E-3;6,207563E-3;9,503576E-1;;
30/11/2021  14:47:39,765883;9,445829E-1;1,215178E-3;3,996039E-3;9,502828E-1;;
30/11/2021  14:47:39,765983;9,432477E-1;8,965980E-4;3,680107E-3;9,501965E-1;;
30/11/2021  14:47:39,766083;9,433997E-1;2,489498E-3;4,943835E-3;9,500992E-1;;
30/11/2021  14:47:39,766183;9,438140E-1;1,215178E-3;3,048243E-3;9,499914E-1;;
30/11/2021  14:47:39,766283;9,440256E-1;8,965980E-4;3,364175E-3;9,498738E-1;;
30/11/2021  14:47:39,766383;9,441418E-1;1,533758E-3;3,996039E-3;9,497468E-1;;
30/11/2021  14:47:39,766483;9,443206E-1;1,852338E-3;4,627903E-3;9,496112E-1;;
30/11/2021  14:47:39,766583;9,436530E-1;1,215178E-3;3,364175E-3;9,494677E-1;;
30/11/2021  14:47:39,766683;9,436620E-1;1,533758E-3;3,364175E-3;9,493170E-1;;
30/11/2021  14:47:39,766783;9,432596E-1;5,780180E-4;3,364175E-3;9,491599E-1;;
30/11/2021  14:47:39,766883;9,434921E-1;1,215178E-3;3,364175E-3;9,489967E-1;;
30/11/2021  14:47:39,766983;9,439689E-1;1,215178E-3;3,048243E-3;9,488283E-1;;
30/11/2021  14:47:39,767083;9,439272E-1;3,126658E-3;4,627903E-3;9,486551E-1;;
30/11/2021  14:47:39,767183;9,442819E-1;1,172832E-2;1,284213E-2;9,484780E-1;;
30/11/2021  14:47:39,767283;9,440047E-1;1,077258E-2;1,315807E-2;9,482977E-1;;
30/11/2021  14:47:39,767383;9,435487E-1;1,555128E-2;1,884484E-2;9,481149E-1;;
30/11/2021  14:47:39,767483;9,436352E-1;1,618844E-2;1,789705E-2;9,479302E-1;;
30/11/2021  14:47:39,767583;9,438468E-1;1,300264E-2;1,536959E-2;9,477442E-1;;
30/11/2021  14:47:39,767683;9,440554E-1;1,332122E-2;2,074043E-2;9,475574E-1;;
30/11/2021  14:47:39,767783;9,442789E-1;1,586986E-2;1,789705E-2;9,473706E-1;;
30/11/2021  14:47:39,767883;9,444100E-1;1,241871E-1;1,256299E-1;9,471842E-1;;
30/11/2021  14:47:39,767983;9,439451E-1;8,404598E-2;7,097362E-2;9,469990E-1;;
30/11/2021  14:47:39,768083;9,439838E-1;1,111253E-1;1,123607E-1;9,468155E-1;;
30/11/2021  14:47:39,768183;9,437097E-1;1,650702E-2;1,947671E-2;9,466342E-1;;
30/11/2021  14:47:39,768283;9,442610E-1;1,241871E-1;1,357397E-1;9,464554E-1;;
30/11/2021  14:47:39,768383;9,452594E-1;1,311958E-1;1,392149E-1;9,462798E-1;;
30/11/2021  14:47:39,768483;9,450508E-1;1,321516E-1;1,287892E-1;9,461077E-1;;
30/11/2021  14:47:39,768583;9,443117E-1;1,382046E-1;1,341600E-1;9,459398E-1;;
30/11/2021  14:47:39,768683;9,443296E-1;1,114439E-1;1,095173E-1;9,457765E-1;;
30/11/2021  14:47:39,768783;9,438795E-1;1,009307E-1;9,719598E-2;9,456181E-1;;
30/11/2021  14:47:39,768883;9,440166E-1;1,417090E-1;1,458495E-1;9,454649E-1;;
30/11/2021  14:47:39,768983;9,438229E-1;1,162226E-1;1,155200E-1;9,453170E-1;;
30/11/2021  14:47:39,769083;9,440017E-1;8,595746E-2;1,524841E-1;9,451746E-1;;
30/11/2021  14:47:39,769183;9,437097E-1;1,203641E-1;1,265777E-1;9,450377E-1;;
30/11/2021  14:47:39,769283;9,434683E-1;1,194084E-1;1,227865E-1;9,449064E-1;;
30/11/2021  14:47:39,769383;9,430600E-1;1,216384E-1;1,262617E-1;9,447807E-1;;
30/11/2021  14:47:39,769483;9,419572E-1;1,914074E-1;2,096678E-1;9,446605E-1;;
30/11/2021  14:47:39,769583;9,419692E-1;1,420275E-1;1,401627E-1;9,445455E-1;;
30/11/2021  14:47:39,769683;9,424997E-1;1,391603E-1;1,287892E-1;9,444353E-1;;
30/11/2021  14:47:39,769783;9,425473E-1;1,687883E-1;1,812339E-1;9,443298E-1;;
30/11/2021  14:47:39,769883;9,415728E-1;1,337445E-1;1,101492E-1;9,442286E-1;;
30/11/2021  14:47:39,769983;9,408188E-1;1,334259E-1;1,110970E-1;9,441315E-1;;
30/11/2021  14:47:39,770083;9,401214E-1;1,452133E-1;1,632258E-1;9,440379E-1;;
30/11/2021  14:47:39,770183;9,397906E-1;1,302401E-1;1,306848E-1;9,439475E-1;;
30/11/2021  14:47:39,770283;9,395253E-1;1,270543E-1;1,322644E-1;9,438594E-1;;
30/11/2021  14:47:39,770383;9,392869E-1;8,723178E-2;1,114129E-1;9,437732E-1;;
30/11/2021  14:47:39,770483;9,387951E-1;1,362931E-1;1,531159E-1;9,436881E-1;;
30/11/2021  14:47:39,770583;9,382110E-1;1,165411E-1;1,354238E-1;9,436037E-1;;
30/11/2021  14:47:39,770683;9,375226E-1;1,076209E-1;1,126766E-1;9,435192E-1;;
30/11/2021  14:47:39,770783;9,368878E-1;1,025236E-1;1,120448E-1;9,434339E-1;;
30/11/2021  14:47:39,770883;9,368103E-1;1,034794E-1;1,063580E-1;9,433471E-1;;
30/11/2021  14:47:39,770983;9,367089E-1;1,130368E-1;1,202590E-1;9,432582E-1;;
30/11/2021  14:47:39,771083;9,371470E-1;-3,127998E-2;3,464144E-2;9,431665E-1;;
30/11/2021  14:47:39,771183;9,367417E-1;1,079395E-1;1,161519E-1;9,430716E-1;;
30/11/2021  14:47:39,771283;9,358566E-1;1,034794E-1;1,158360E-1;9,429731E-1;;
30/11/2021  14:47:39,771383;9,354632E-1;8,946184E-2;8,139938E-2;9,428705E-1;;
30/11/2021  14:47:39,771483;9,346287E-1;1,206827E-1;1,360556E-1;9,427634E-1;;
30/11/2021  14:47:39,771583;9,353231E-1;9,647060E-2;1,148882E-1;9,426514E-1;;
30/11/2021  14:47:39,771683;9,360443E-1;8,149734E-2;8,708615E-2;9,425341E-1;;
30/11/2021  14:47:39,771783;9,359907E-1;8,181592E-2;1,110970E-1;9,424114E-1;;
30/11/2021  14:47:39,771883;9,357403E-1;1,219570E-1;1,221546E-1;9,422833E-1;;
30/11/2021  14:47:39,771983;9,355019E-1;8,691320E-2;1,082536E-1;9,421498E-1;;
30/11/2021  14:47:39,772083;9,354870E-1;1,136739E-1;1,212068E-1;9,420111E-1;;
30/11/2021  14:47:39,772183;9,347777E-1;1,378860E-1;1,417424E-1;9,418672E-1;;
30/11/2021  14:47:39,772283;9,363424E-1;1,563636E-1;1,458495E-1;9,417184E-1;;
30/11/2021  14:47:39,772383;9,362053E-1;1,694254E-1;1,471132E-1;9,415648E-1;;
30/11/2021  14:47:39,772483;9,372901E-1;1,770713E-1;1,581709E-1;9,414068E-1;;
30/11/2021  14:47:39,772583;9,370129E-1;1,977790E-1;1,818658E-1;9,412452E-1;;
30/11/2021  14:47:39,772683;9,366881E-1;1,525407E-1;1,433221E-1;9,410804E-1;;
30/11/2021  14:47:39,772783;9,366881E-1;6,779840E-2;9,119327E-2;9,409131E-1;;
30/11/2021  14:47:39,772883;9,374570E-1;1,375674E-1;1,613302E-1;9,407438E-1;;
30/11/2021  14:47:39,772983;9,382825E-1;1,168597E-1;1,022509E-1;9,405732E-1;;
30/11/2021  14:47:39,773083;9,390038E-1;1,159040E-1;1,227865E-1;9,404021E-1;;
30/11/2021  14:47:39,773183;9,392601E-1;1,152668E-1;1,341600E-1;9,402313E-1;;
30/11/2021  14:47:39,773283;9,394210E-1;1,286472E-1;1,461654E-1;9,400617E-1;;
30/11/2021  14:47:39,773383;9,397310E-1;1,276914E-1;1,436380E-1;9,398944E-1;;
30/11/2021  14:47:39,773483;9,394091E-1;1,789828E-1;2,093518E-1;9,397301E-1;;
30/11/2021  14:47:39,773583;9,400737E-1;1,130368E-1;1,215227E-1;9,395697E-1;;
30/11/2021  14:47:39,773683;9,409648E-1;8,309024E-2;7,855599E-2;9,394140E-1;;
30/11/2021  14:47:39,773783;9,410483E-1;-2,841276E-2;-1,338022E-2;9,392638E-1;;
30/11/2021  14:47:39,773883;9,412330E-1;3,126658E-3;1,568552E-2;9,391199E-1;;
30/11/2021  14:47:39,773983;9,414893E-1;1,082581E-1;1,085695E-1;9,389831E-1;;
30/11/2021  14:47:39,774083;9,405982E-1;1,120810E-1;1,060421E-1;9,388541E-1;;
30/11/2021  14:47:39,774183;9,407621E-1;1,873708E-2;9,998747E-3;9,387334E-1;;
30/11/2021  14:47:39,774283;9,406489E-1;4,772786E-2;4,791059E-2;9,386214E-1;;
30/11/2021  14:47:39,774383;9,412390E-1;1,098510E-1;1,060421E-1;9,385184E-1;;
30/11/2021  14:47:39,774483;9,417605E-1;1,332122E-2;7,981972E-2;9,384246E-1;;
30/11/2021  14:47:39,774583;9,416413E-1;9,073616E-2;6,781430E-2;9,383404E-1;;
30/11/2021  14:47:39,774683;9,407890E-1;1,353374E-1;1,347919E-1;9,382660E-1;;
30/11/2021  14:47:39,774783;9,404403E-1;9,392196E-2;8,013565E-2;9,382014E-1;;
30/11/2021  14:47:39,774883;9,404433E-1;1,178155E-1;1,268936E-1;9,381466E-1;;
30/11/2021  14:47:39,774983;9,408545E-1;7,225852E-2;7,223735E-2;9,381013E-1;;
30/11/2021  14:47:39,775083;9,405476E-1;9,360338E-2;9,782784E-2;9,380654E-1;;
30/11/2021  14:47:39,775183;9,399932E-1;1,197269E-1;1,218387E-1;9,380385E-1;;
30/11/2021  14:47:39,775283;9,402436E-1;1,327887E-1;1,474292E-1;9,380204E-1;;
30/11/2021  14:47:39,775383;9,396475E-1;1,283286E-1;1,284732E-1;9,380107E-1;;
30/11/2021  14:47:39,775483;9,389054E-1;1,292843E-1;1,218387E-1;9,380087E-1;;
30/11/2021  14:47:39,775583;9,378802E-1;1,117624E-1;8,677022E-2;9,380140E-1;;
30/11/2021  14:47:39,775683;9,379040E-1;1,241871E-1;1,205749E-1;9,380257E-1;;
30/11/2021  14:47:39,775783;9,376835E-1;4,103768E-2;5,865227E-2;9,380430E-1;;
30/11/2021  14:47:39,775883;9,374004E-1;1,232313E-1;1,139404E-1;9,380650E-1;;
30/11/2021  14:47:39,775983;9,362053E-1;3,434750E-2;3,811669E-2;9,380909E-1;;
30/11/2021  14:47:39,776083;9,355138E-1;1,343816E-1;1,698603E-1;9,381197E-1;;
30/11/2021  14:47:39,776183;9,349923E-1;1,410718E-1;1,167838E-1;9,381503E-1;;
30/11/2021  14:47:39,776283;9,351443E-1;1,296029E-1;1,284732E-1;9,381816E-1;;
30/11/2021  14:47:39,776383;9,356778E-1;5,123224E-2;8,834988E-2;9,382127E-1;;
30/11/2021  14:47:39,776483;9,352605E-1;1,248242E-1;1,310007E-1;9,382427E-1;;
30/11/2021  14:47:39,776583;9,349208E-1;1,047537E-1;1,370034E-1;9,382708E-1;;
30/11/2021  14:47:39,776683;9,343158E-1;2,153009E-1;1,948190E-1;9,382963E-1;;
30/11/2021  14:47:39,776783;9,338180E-1;1,283286E-1;1,272095E-1;9,383184E-1;;
30/11/2021  14:47:39,776883;9,332220E-1;1,292843E-1;1,363715E-1;9,383364E-1;;
30/11/2021  14:47:39,776983;9,334515E-1;1,643281E-1;1,382671E-1;9,383495E-1;;
30/11/2021  14:47:39,777083;9,335588E-1;1,241871E-1;1,227865E-1;9,383571E-1;;
30/11/2021  14:47:39,777183;9,333829E-1;1,213198E-1;1,174156E-1;9,383587E-1;;
30/11/2021  14:47:39,777283;9,334962E-1;1,331073E-1;1,249980E-1;9,383537E-1;;
30/11/2021  14:47:39,777383;9,328614E-1;8,309024E-2;1,031987E-1;9,383418E-1;;
30/11/2021  14:47:39,777483;9,319226E-1;1,318330E-1;1,284732E-1;9,383228E-1;;
30/11/2021  14:47:39,777583;9,317676E-1;1,260985E-1;1,265777E-1;9,382962E-1;;
30/11/2021  14:47:39,777683;9,319107E-1;9,169190E-2;8,613836E-2;9,382616E-1;;
30/11/2021  14:47:39,777783;9,320239E-1;1,248242E-1;1,742834E-1;9,382188E-1;;
30/11/2021  14:47:39,777883;9,316186E-1;9,583344E-2;1,054102E-1;9,381675E-1;;
30/11/2021  14:47:39,777983;9,311775E-1;1,044351E-1;1,120448E-1;9,381076E-1;;
30/11/2021  14:47:39,778083;9,304384E-1;1,490363E-1;1,572231E-1;9,380391E-1;;
30/11/2021  14:47:39,778183;9,302774E-1;1,579565E-1;1,663851E-1;9,379617E-1;;
30/11/2021  14:47:39,778283;9,307960E-1;1,257800E-1;1,234183E-1;9,378753E-1;;
30/11/2021  14:47:39,778383;9,307811E-1;1,350188E-1;1,370034E-1;9,377800E-1;;
30/11/2021  14:47:39,778483;9,314547E-1;1,299215E-1;1,183634E-1;9,376758E-1;;
30/11/2021  14:47:39,778583;9,307424E-1;1,267357E-1;1,278414E-1;9,375630E-1;;
30/11/2021  14:47:39,778683;9,307990E-1;1,184526E-1;1,120448E-1;9,374419E-1;;
30/11/2021  14:47:39,778783;9,303967E-1;1,181340E-1;1,035146E-1;9,373128E-1;;
30/11/2021  14:47:39,778883;9,308974E-1;1,455319E-1;1,471132E-1;9,371761E-1;;
30/11/2021  14:47:39,778983;9,312371E-1;1,347002E-1;1,366875E-1;9,370322E-1;;
30/11/2021  14:47:39,779083;9,317438E-1;8,946184E-2;9,308886E-2;9,368816E-1;;
30/11/2021  14:47:39,779183;9,319285E-1;1,385232E-1;1,306848E-1;9,367248E-1;;
30/11/2021  14:47:39,779283;9,312818E-1;1,260985E-1;1,155200E-1;9,365627E-1;;
30/11/2021  14:47:39,779383;9,312133E-1;-8,979382E-3;5,960007E-2;9,363958E-1;;
30/11/2021  14:47:39,779483;9,304294E-1;1,022050E-1;1,148882E-1;9,362247E-1;;
30/11/2021  14:47:39,779583;9,306083E-1;1,311958E-1;1,354238E-1;9,360500E-1;;
30/11/2021  14:47:39,779683;9,308258E-1;1,251428E-1;1,316326E-1;9,358721E-1;;
30/11/2021  14:47:39,779783;9,307573E-1;1,308772E-1;1,351078E-1;9,356913E-1;;
30/11/2021  14:47:39,779883;9,316126E-1;1,544522E-1;1,799702E-1;9,355084E-1;;
30/11/2021  14:47:39,779983;9,309778E-1;1,350188E-1;1,310007E-1;9,353238E-1;;
30/11/2021  14:47:39,780083;9,305844E-1;1,302401E-1;1,224705E-1;9,351381E-1;;
30/11/2021  14:47:39,780183;9,302268E-1;1,194084E-1;1,104651E-1;9,349518E-1;;
30/11/2021  14:47:39,780283;9,311298E-1;1,391603E-1;1,458495E-1;9,347653E-1;;
30/11/2021  14:47:39,780383;9,312490E-1;1,356559E-1;1,265777E-1;9,345790E-1;;
30/11/2021  14:47:39,780483;9,314457E-1;1,283286E-1;1,287892E-1;9,343935E-1;;
30/11/2021  14:47:39,780583;9,315530E-1;4,135626E-2;7,602853E-2;9,342093E-1;;
30/11/2021  14:47:39,780683;9,309748E-1;1,200455E-1;1,212068E-1;9,340270E-1;;
30/11/2021  14:47:39,780783;9,309242E-1;1,095324E-1;1,142563E-1;9,338470E-1;;
30/11/2021  14:47:39,780883;9,310523E-1;5,505520E-2;8,866581E-2;9,336696E-1;;
30/11/2021  14:47:39,780983;9,311566E-1;1,085766E-1;1,161519E-1;9,334954E-1;;
30/11/2021  14:47:39,781083;9,316603E-1;9,137332E-2;1,708081E-1;9,333246E-1;;
30/11/2021  14:47:39,781183;9,324799E-1;1,519035E-1;1,695444E-1;9,331576E-1;;
30/11/2021  14:47:39,781283;9,318630E-1;1,331073E-1;1,556434E-1;9,329949E-1;;
30/11/2021  14:47:39,781383;9,317944E-1;1,088952E-1;1,167838E-1;9,328370E-1;;
30/11/2021  14:47:39,781483;9,314696E-1;1,133553E-1;1,186794E-1;9,326842E-1;;
30/11/2021  14:47:39,781583;9,319703E-1;1,706997E-1;1,638576E-1;9,325369E-1;;
30/11/2021  14:47:39,781683;9,322742E-1;9,901924E-2;1,152041E-1;9,323953E-1;;
30/11/2021  14:47:39,781783;9,327392E-1;1,009307E-1;1,050943E-1;9,322596E-1;;
30/11/2021  14:47:39,781883;9,324322E-1;1,101695E-1;1,180475E-1;9,321303E-1;;
30/11/2021  14:47:39,781983;9,330819E-1;1,111253E-1;1,101492E-1;9,320075E-1;;
30/11/2021  14:47:39,782083;9,325902E-1;1,101695E-1;1,076217E-1;9,318917E-1;;
30/11/2021  14:47:39,782183;9,327183E-1;1,327887E-1;1,559593E-1;9,317830E-1;;
30/11/2021  14:47:39,782283;9,328942E-1;1,423461E-1;1,423743E-1;9,316816E-1;;
30/11/2021  14:47:39,782383;9,332697E-1;1,477620E-1;1,445858E-1;9,315877E-1;;
30/11/2021  14:47:39,782483;9,339998E-1;2,006463E-1;2,153545E-1;9,315014E-1;;
30/11/2021  14:47:39,782583;9,343187E-1;1,751599E-1;1,888163E-1;9,314229E-1;;
30/11/2021  14:47:39,782683;9,339909E-1;1,914074E-1;1,954508E-1;9,313526E-1;;
30/11/2021  14:47:39,782783;9,340863E-1;1,700626E-1;1,594346E-1;9,312906E-1;;
30/11/2021  14:47:39,782883;9,346436E-1;1,643281E-1;1,562753E-1;9,312370E-1;;
30/11/2021  14:47:39,782983;9,351622E-1;1,493549E-1;1,445858E-1;9,311920E-1;;
30/11/2021  14:47:39,783083;9,362291E-1;1,359745E-1;1,401627E-1;9,311558E-1;;
30/11/2021  14:47:39,783183;9,367387E-1;1,391603E-1;1,325804E-1;9,311286E-1;;
30/11/2021  14:47:39,783283;9,370994E-1;1,397975E-1;1,341600E-1;9,311109E-1;;
30/11/2021  14:47:39,783383;9,374123E-1;1,356559E-1;1,392149E-1;9,311029E-1;;
30/11/2021  14:47:39,783483;9,373974E-1;1,184526E-1;1,025668E-1;9,311051E-1;;
30/11/2021  14:47:39,783583;9,380829E-1;1,204690E-2;1,758111E-2;9,311176E-1;;
30/11/2021  14:47:39,783683;9,383600E-1;4,719558E-3;6,207563E-3;9,311408E-1;;
30/11/2021  14:47:39,783783;9,394747E-1;1,852338E-3;4,311971E-3;9,311748E-1;;
30/11/2021  14:47:39,783883;9,401959E-1;3,445238E-3;4,943835E-3;9,312199E-1;;
30/11/2021  14:47:39,783983;9,401959E-1;6,949618E-3;8,419087E-3;9,312765E-1;;
30/11/2021  14:47:39,784083;9,403538E-1;8,861098E-3;1,189434E-2;9,313449E-1;;
30/11/2021  14:47:39,784183;9,398710E-1;8,223938E-3;9,998747E-3;9,314253E-1;;
30/11/2021  14:47:39,784283;9,404492E-1;1,533758E-3;3,680107E-3;9,315176E-1;;
30/11/2021  14:47:39,784383;9,409737E-1;2,489498E-3;4,311971E-3;9,316219E-1;;
30/11/2021  14:47:39,784483;9,421420E-1;5,356718E-3;7,471291E-3;9,317381E-1;;
30/11/2021  14:47:39,784583;9,428096E-1;5,356718E-3;6,839427E-3;9,318662E-1;;
30/11/2021  14:47:39,784683;9,424311E-1;1,533758E-3;4,311971E-3;9,320064E-1;;
30/11/2021  14:47:39,784783;9,419692E-1;1,533758E-3;3,996039E-3;9,321586E-1;;
30/11/2021  14:47:39,784883;9,420914E-1;1,852338E-3;4,627903E-3;9,323226E-1;;
30/11/2021  14:47:39,784983;9,427947E-1;7,268198E-3;9,682815E-3;9,324982E-1;;
30/11/2021  14:47:39,785083;9,434593E-1;1,852338E-3;3,996039E-3;9,326850E-1;;
30/11/2021  14:47:39,785183;9,442580E-1;1,533758E-3;3,996039E-3;9,328828E-1;;
30/11/2021  14:47:39,785283;9,443445E-1;1,215178E-3;4,311971E-3;9,330914E-1;;
30/11/2021  14:47:39,785383;9,449316E-1;1,215178E-3;3,048243E-3;9,333106E-1;;
30/11/2021  14:47:39,785483;9,446008E-1;3,126658E-3;5,259767E-3;9,335401E-1;;
30/11/2021  14:47:39,785583;9,449435E-1;7,586778E-3;9,050951E-3;9,337798E-1;;
30/11/2021  14:47:39,785683;9,459538E-1;1,533758E-3;3,048243E-3;9,340292E-1;;
30/11/2021  14:47:39,785783;9,468718E-1;8,965980E-4;3,364175E-3;9,342880E-1;;
30/11/2021  14:47:39,785883;9,473516E-1;5,780180E-4;3,996039E-3;9,345561E-1;;
30/11/2021  14:47:39,785983;9,473575E-1;5,780180E-4;3,680107E-3;9,348333E-1;;
30/11/2021  14:47:39,786083;9,465767E-1;1,215178E-3;3,364175E-3;9,351194E-1;;
30/11/2021  14:47:39,786183;9,469522E-1;1,215178E-3;3,680107E-3;9,354140E-1;;
30/11/2021  14:47:39,786283;9,468062E-1;1,215178E-3;3,680107E-3;9,357166E-1;;
30/11/2021  14:47:39,786383;9,468479E-1;1,852338E-3;3,048243E-3;9,360267E-1;;
30/11/2021  14:47:39,786483;9,476735E-1;8,965980E-4;3,048243E-3;9,363437E-1;;
30/11/2021  14:47:39,786583;9,474976E-1;5,780180E-4;3,680107E-3;9,366669E-1;;
30/11/2021  14:47:39,786683;9,474648E-1;1,852338E-3;3,996039E-3;9,369958E-1;;
30/11/2021  14:47:39,786783;9,468598E-1;2,170918E-3;7,471291E-3;9,373298E-1;;
30/11/2021  14:47:39,786883;9,466095E-1;1,215178E-3;4,627903E-3;9,376681E-1;;
30/11/2021  14:47:39,786983;9,466095E-1;5,780180E-4;3,364175E-3;9,380099E-1;;
30/11/2021  14:47:39,787083;9,469314E-1;3,763818E-3;8,735019E-3;9,383542E-1;;
30/11/2021  14:47:39,787183;9,472503E-1;1,427696E-2;1,600145E-2;9,387003E-1;;
30/11/2021  14:47:39,787283;9,469999E-1;6,312458E-3;9,998747E-3;9,390473E-1;;
30/11/2021  14:47:39,787383;9,470774E-1;1,523270E-2;2,010857E-2;9,393944E-1;;
30/11/2021  14:47:39,787483;9,466929E-1;1,618844E-2;1,821298E-2;9,397410E-1;;
30/11/2021  14:47:39,787583;9,469552E-1;1,618844E-2;1,631739E-2;9,400861E-1;;
30/11/2021  14:47:39,787683;9,468122E-1;1,586986E-2;1,758111E-2;9,404291E-1;;
30/11/2021  14:47:39,787783;9,473069E-1;1,714418E-2;1,916077E-2;9,407692E-1;;
30/11/2021  14:47:39,787883;9,481384E-1;1,045400E-2;1,126247E-2;9,411057E-1;;
30/11/2021  14:47:39,787983;9,473754E-1;1,152668E-1;1,088855E-1;9,414382E-1;;
30/11/2021  14:47:39,788083;9,474172E-1;1,077258E-2;1,442179E-2;9,417660E-1;;
30/11/2021  14:47:39,788183;9,464694E-1;1,427696E-2;1,947671E-2;9,420887E-1;;
30/11/2021  14:47:39,788283;9,461952E-1;8,595746E-2;1,916596E-1;9,424057E-1;;
30/11/2021  14:47:39,788383;9,466929E-1;1,586986E-2;2,042450E-2;9,427162E-1;;
30/11/2021  14:47:39,788483;9,465409E-1;5,409946E-2;9,214107E-2;9,430197E-1;;
30/11/2021  14:47:39,788583;9,471638E-1;1,104881E-1;1,158360E-1;9,433156E-1;;
30/11/2021  14:47:39,788683;9,466840E-1;1,608238E-1;1,742834E-1;9,436034E-1;;
30/11/2021  14:47:39,788783;9,459717E-1;6,493118E-2;8,361090E-2;9,438827E-1;;
30/11/2021  14:47:39,788883;9,456469E-1;1,350188E-1;1,351078E-1;9,441531E-1;;
30/11/2021  14:47:39,788983;9,452058E-1;1,560451E-1;1,704922E-1;9,444140E-1;;
30/11/2021  14:47:39,789083;9,461475E-1;4,294916E-2;5,865227E-2;9,446650E-1;;
30/11/2021  14:47:39,789183;9,468539E-1;1,270543E-1;1,092014E-1;9,449056E-1;;
30/11/2021  14:47:39,789283;9,466661E-1;1,264171E-1;1,303688E-1;9,451356E-1;;
30/11/2021  14:47:39,789383;9,470625E-1;1,280100E-1;1,038306E-1;9,453551E-1;;
30/11/2021  14:47:39,789483;9,464009E-1;2,606442E-2;3,179805E-2;9,455639E-1;;
30/11/2021  14:47:39,789583;9,468271E-1;1,194084E-1;1,170997E-1;9,457621E-1;;
30/11/2021  14:47:39,789683;9,465976E-1;1,423461E-1;1,483770E-1;9,459496E-1;;
30/11/2021  14:47:39,789783;9,469343E-1;1,206827E-1;1,139404E-1;9,461266E-1;;
30/11/2021  14:47:39,789883;9,480728E-1;1,570008E-1;1,651214E-1;9,462933E-1;;
30/11/2021  14:47:39,789983;9,477599E-1;1,350188E-1;1,325804E-1;9,464497E-1;;
30/11/2021  14:47:39,790083;9,467883E-1;1,413904E-1;1,606983E-1;9,465964E-1;;
30/11/2021  14:47:39,790183;9,466959E-1;2,226283E-1;2,251484E-1;9,467336E-1;;
30/11/2021  14:47:39,790283;9,464694E-1;1,710183E-1;1,606983E-1;9,468613E-1;;
30/11/2021  14:47:39,790383;9,463532E-1;1,407532E-1;1,363715E-1;9,469798E-1;;
30/11/2021  14:47:39,790483;9,468002E-1;1,305587E-1;1,284732E-1;9,470890E-1;;
30/11/2021  14:47:39,790583;9,469016E-1;1,190898E-1;1,082536E-1;9,471893E-1;;
30/11/2021  14:47:39,790683;9,467674E-1;1,225942E-1;1,227865E-1;9,472809E-1;;
30/11/2021  14:47:39,790783;9,442431E-1;1,210013E-1;1,218387E-1;9,473638E-1;;
30/11/2021  14:47:39,790883;9,443743E-1;1,315144E-1;1,287892E-1;9,474382E-1;;
30/11/2021  14:47:39,790983;9,432060E-1;1,347002E-1;1,344760E-1;9,475037E-1;;
30/11/2021  14:47:39,791083;9,428454E-1;1,181340E-1;1,164678E-1;9,475602E-1;;
30/11/2021  14:47:39,791183;9,429229E-1;1,216384E-1;1,224705E-1;9,476071E-1;;
30/11/2021  14:47:39,791283;9,425473E-1;1,203641E-1;1,076217E-1;9,476442E-1;;
30/11/2021  14:47:39,791383;9,418589E-1;1,260985E-1;1,218387E-1;9,476713E-1;;
30/11/2021  14:47:39,791483;9,409439E-1;3,880762E-2;9,366883E-3;9,476879E-1;;
30/11/2021  14:47:39,791583;9,405923E-1;1,248242E-1;1,575390E-1;9,476938E-1;;
30/11/2021  14:47:39,791683;9,397310E-1;1,232313E-1;1,129926E-1;9,476886E-1;;
30/11/2021  14:47:39,791783;9,394270E-1;1,391603E-1;1,417424E-1;9,476719E-1;;
30/11/2021  14:47:39,791883;9,396237E-1;9,201048E-2;8,392683E-2;9,476432E-1;;
30/11/2021  14:47:39,791983;9,396386E-1;1,114439E-1;1,231024E-1;9,476024E-1;;
30/11/2021  14:47:39,792083;9,388160E-1;1,085766E-1;1,240502E-1;9,475493E-1;;
30/11/2021  14:47:39,792183;9,379696E-1;1,455319E-1;1,562753E-1;9,474837E-1;;
30/11/2021  14:47:39,792283;9,375196E-1;1,257800E-1;1,243661E-1;9,474056E-1;;
30/11/2021  14:47:39,792383;9,376477E-1;1,401161E-1;1,480610E-1;9,473146E-1;;
30/11/2021  14:47:39,792483;9,378772E-1;-1,343950E-2;4,633093E-2;9,472108E-1;;
30/11/2021  14:47:39,792583;9,380262E-1;1,270543E-1;1,174156E-1;9,470943E-1;;
30/11/2021  14:47:39,792683;9,377461E-1;1,391603E-1;1,392149E-1;9,469651E-1;;
30/11/2021  14:47:39,792783;9,366881E-1;1,375674E-1;1,256299E-1;9,468237E-1;;
30/11/2021  14:47:39,792883;9,364675E-1;1,337445E-1;1,338441E-1;9,466703E-1;;
30/11/2021  14:47:39,792983;9,359460E-1;8,372740E-2;8,961361E-2;9,465050E-1;;
30/11/2021  14:47:39,793083;9,364377E-1;1,181340E-1;1,325804E-1;9,463281E-1;;
30/11/2021  14:47:39,793183;9,363006E-1;1,178155E-1;1,120448E-1;9,461399E-1;;
30/11/2021  14:47:39,793283;9,371172E-1;2,006463E-1;1,916596E-1;9,459409E-1;;
30/11/2021  14:47:39,793383;9,362291E-1;8,850610E-2;8,834988E-2;9,457315E-1;;
30/11/2021  14:47:39,793483;9,358923E-1;1,174969E-1;1,231024E-1;9,455125E-1;;
30/11/2021  14:47:39,793583;9,357523E-1;1,299215E-1;1,562753E-1;9,452843E-1;;
30/11/2021  14:47:39,793683;9,348135E-1;1,159040E-1;1,167838E-1;9,450475E-1;;
30/11/2021  14:47:39,793783;9,352277E-1;1,299215E-1;1,313166E-1;9,448025E-1;;
30/11/2021  14:47:39,793883;9,354125E-1;1,280100E-1;1,291051E-1;9,445500E-1;;
30/11/2021  14:47:39,793983;9,358446E-1;1,305587E-1;1,284732E-1;9,442904E-1;;
30/11/2021  14:47:39,794083;9,355407E-1;1,267357E-1;1,259458E-1;9,440245E-1;;
30/11/2021  14:47:39,794183;9,353887E-1;1,251428E-1;1,180475E-1;9,437529E-1;;
30/11/2021  14:47:39,794283;9,354334E-1;1,232313E-1;1,092014E-1;9,434765E-1;;
30/11/2021  14:47:39,794383;9,351622E-1;1,210013E-1;1,186794E-1;9,431959E-1;;
30/11/2021  14:47:39,794483;9,357046E-1;1,353374E-1;1,449017E-1;9,429118E-1;;
30/11/2021  14:47:39,794583;9,362291E-1;1,401161E-1;1,417424E-1;9,426251E-1;;
30/11/2021  14:47:39,794683;9,361904E-1;1,254614E-1;1,183634E-1;9,423365E-1;;
30/11/2021  14:47:39,794783;9,359996E-1;1,362931E-1;1,366875E-1;9,420469E-1;;
30/11/2021  14:47:39,794883;9,364705E-1;9,296622E-2;7,981972E-2;9,417572E-1;;
30/11/2021  14:47:39,794983;9,358238E-1;1,378860E-1;1,524841E-1;9,414682E-1;;
30/11/2021  14:47:39,795083;9,352635E-1;1,270543E-1;1,310007E-1;9,411806E-1;;
30/11/2021  14:47:39,795183;9,366821E-1;1,165411E-1;1,281573E-1;9,408953E-1;;
30/11/2021  14:47:39,795283;9,367983E-1;1,305587E-1;1,278414E-1;9,406127E-1;;
30/11/2021  14:47:39,795383;9,374957E-1;1,350188E-1;1,373193E-1;9,403338E-1;;
30/11/2021  14:47:39,795483;9,365808E-1;1,343816E-1;1,196272E-1;9,400594E-1;;
30/11/2021  14:47:39,795583;9,369503E-1;1,190898E-1;1,079377E-1;9,397902E-1;;
30/11/2021  14:47:39,795683;9,369563E-1;1,289658E-1;1,174156E-1;9,395269E-1;;
30/11/2021  14:47:39,795783;9,366821E-1;1,296029E-1;1,256299E-1;9,392701E-1;;
30/11/2021  14:47:39,795883;9,375285E-1;1,280100E-1;1,306848E-1;9,390205E-1;;
30/11/2021  14:47:39,795983;9,380381E-1;1,241871E-1;1,401627E-1;9,387784E-1;;
30/11/2021  14:47:39,796083;9,380948E-1;1,063466E-1;1,035146E-1;9,385446E-1;;
30/11/2021  14:47:39,796183;9,377193E-1;1,127182E-1;1,142563E-1;9,383196E-1;;
30/11/2021  14:47:39,796283;9,381007E-1;9,296622E-2;9,814378E-2;9,381040E-1;;
30/11/2021  14:47:39,796383;9,381723E-1;8,372740E-2;1,401627E-1;9,378982E-1;;
30/11/2021  14:47:39,796483;9,380113E-1;1,114439E-1;1,193112E-1;9,377026E-1;;
30/11/2021  14:47:39,796583;9,388726E-1;6,620550E-2;1,240502E-1;9,375175E-1;;
30/11/2021  14:47:39,796683;9,397131E-1;1,111253E-1;1,183634E-1;9,373432E-1;;
30/11/2021  14:47:39,796783;9,397369E-1;1,289658E-1;1,632258E-1;9,371803E-1;;
30/11/2021  14:47:39,796883;9,395074E-1;1,095324E-1;1,164678E-1;9,370291E-1;;
30/11/2021  14:47:39,796983;9,395432E-1;1,082581E-1;1,136244E-1;9,368899E-1;;
30/11/2021  14:47:39,797083;9,402883E-1;1,630538E-1;1,439539E-1;9,367629E-1;;
30/11/2021  14:47:39,797183;9,401631E-1;1,002936E-1;1,126766E-1;9,366485E-1;;
30/11/2021  14:47:39,797283;9,413552E-1;4,836502E-2;6,465498E-2;9,365468E-1;;
30/11/2021  14:47:39,797383;9,421748E-1;1,002936E-1;9,972343E-2;9,364580E-1;;
30/11/2021  14:47:39,797483;9,420168E-1;1,002936E-1;9,688005E-2;9,363824E-1;;
30/11/2021  14:47:39,797583;9,422076E-1;1,213198E-1;1,265777E-1;9,363204E-1;;
30/11/2021  14:47:39,797683;9,422374E-1;1,308772E-1;1,423743E-1;9,362722E-1;;
30/11/2021  14:47:39,797783;9,426517E-1;1,691068E-1;1,793383E-1;9,362379E-1;;
30/11/2021  14:47:39,797883;9,428275E-1;1,257800E-1;1,265777E-1;9,362175E-1;;
30/11/2021  14:47:39,797983;9,437305E-1;1,815315E-1;1,644895E-1;9,362112E-1;;
30/11/2021  14:47:39,798083;9,438974E-1;2,140266E-1;2,102996E-1;9,362188E-1;;
30/11/2021  14:47:39,798183;9,437037E-1;2,133895E-1;2,267281E-1;9,362405E-1;;
30/11/2021  14:47:39,798283;9,438229E-1;1,691068E-1;1,600664E-1;9,362762E-1;;
30/11/2021  14:47:39,798383;9,442133E-1;1,557265E-1;1,528000E-1;9,363257E-1;;
30/11/2021  14:47:39,798483;9,442133E-1;1,407532E-1;1,411105E-1;9,363889E-1;;
30/11/2021  14:47:39,798583;9,449077E-1;1,353374E-1;1,373193E-1;9,364655E-1;;
30/11/2021  14:47:39,798683;9,451760E-1;1,308772E-1;1,325804E-1;9,365552E-1;;
30/11/2021  14:47:39,798783;9,463055E-1;1,369303E-1;1,363715E-1;9,366579E-1;;
30/11/2021  14:47:39,798883;9,459657E-1;1,378860E-1;1,379512E-1;9,367734E-1;;
30/11/2021  14:47:39,798983;9,459628E-1;1,378860E-1;1,284732E-1;9,369014E-1;;
30/11/2021  14:47:39,799083;9,460909E-1;1,215178E-3;3,996039E-3;9,370416E-1;;
30/11/2021  14:47:39,799183;9,462340E-1;4,400978E-3;5,891631E-3;9,371938E-1;;
30/11/2021  14:47:39,799283;9,464217E-1;6,631038E-3;8,735019E-3;9,373574E-1;;
30/11/2021  14:47:39,799383;9,461654E-1;4,719558E-3;6,523495E-3;9,375320E-1;;
30/11/2021  14:47:39,799483;9,464486E-1;4,082398E-3;6,207563E-3;9,377171E-1;;
30/11/2021  14:47:39,799583;9,463651E-1;6,949618E-3;9,366883E-3;9,379121E-1;;
30/11/2021  14:47:39,799683;9,452445E-1;5,675298E-3;7,787223E-3;9,381164E-1;;
30/11/2021  14:47:39,799783;9,454949E-1;4,400978E-3;6,207563E-3;9,383290E-1;;
30/11/2021  14:47:39,799883;9,451462E-1;3,126658E-3;5,575699E-3;9,385493E-1;;
30/11/2021  14:47:39,799983;9,450717E-1;1,215178E-3;3,996039E-3;9,387762E-1;;
30/11/2021  14:47:39,800083;9,450299E-1;6,312458E-3;9,050951E-3;9,390088E-1;;
30/11/2021  14:47:39,800183;9,446693E-1;1,852338E-3;4,311971E-3;9,392461E-1;;
30/11/2021  14:47:39,800283;9,438885E-1;1,533758E-3;3,364175E-3;9,394871E-1;;
30/11/2021  14:47:39,800383;9,435368E-1;1,533758E-3;3,996039E-3;9,397307E-1;;
30/11/2021  14:47:39,800483;9,432716E-1;2,808078E-3;4,627903E-3;9,399758E-1;;
30/11/2021  14:47:39,800583;9,430242E-1;1,533758E-3;3,680107E-3;9,402212E-1;;
30/11/2021  14:47:39,800683;9,430570E-1;2,489498E-3;4,627903E-3;9,404659E-1;;
30/11/2021  14:47:39,800783;9,427202E-1;1,533758E-3;3,680107E-3;9,407086E-1;;
30/11/2021  14:47:39,800883;9,426725E-1;1,215178E-3;3,680107E-3;9,409483E-1;;
30/11/2021  14:47:39,800983;9,418052E-1;3,445238E-3;5,891631E-3;9,411841E-1;;
30/11/2021  14:47:39,801083;9,416443E-1;5,780180E-4;3,364175E-3;9,414149E-1;;
30/11/2021  14:47:39,801183;9,418887E-1;8,965980E-4;4,627903E-3;9,416397E-1;;
30/11/2021  14:47:39,801283;9,423596E-1;8,965980E-4;3,680107E-3;9,418577E-1;;
30/11/2021  14:47:39,801383;9,424579E-1;1,215178E-3;3,680107E-3;9,420681E-1;;
30/11/2021  14:47:39,801483;9,425682E-1;1,533758E-3;3,680107E-3;9,422704E-1;;
30/11/2021  14:47:39,801583;9,422910E-1;3,763818E-3;5,575699E-3;9,424640E-1;;
30/11/2021  14:47:39,801683;9,423328E-1;8,965980E-4;3,680107E-3;9,426486E-1;;
30/11/2021  14:47:39,801783;9,418529E-1;5,780180E-4;3,680107E-3;9,428238E-1;;
30/11/2021  14:47:39,801883;9,424818E-1;3,126658E-3;5,259767E-3;9,429893E-1;;
30/11/2021  14:47:39,801983;9,436053E-1;1,215178E-3;3,048243E-3;9,431449E-1;;
30/11/2021  14:47:39,802083;9,437663E-1;8,965980E-4;3,996039E-3;9,432905E-1;;
30/11/2021  14:47:39,802183;9,432894E-1;1,852338E-3;4,311971E-3;9,434264E-1;;
30/11/2021  14:47:39,802283;9,435845E-1;5,780180E-4;2,416379E-3;9,435527E-1;;
30/11/2021  14:47:39,802383;9,432596E-1;1,215178E-3;3,048243E-3;9,436696E-1;;
30/11/2021  14:47:39,802483;9,430778E-1;1,533758E-3;3,364175E-3;9,437773E-1;;
30/11/2021  14:47:39,802583;9,439660E-1;1,215178E-3;4,311971E-3;9,438760E-1;;
30/11/2021  14:47:39,802683;9,441239E-1;3,126658E-3;5,891631E-3;9,439659E-1;;
30/11/2021  14:47:39,802783;9,445859E-1;7,586778E-3;1,094654E-2;9,440474E-1;;
30/11/2021  14:47:39,802883;9,442789E-1;1,555128E-2;1,852891E-2;9,441211E-1;;
30/11/2021  14:47:39,802983;9,446306E-1;1,809992E-2;1,979264E-2;9,441873E-1;;
30/11/2021  14:47:39,803083;9,439242E-1;1,555128E-2;1,631739E-2;9,442465E-1;;
30/11/2021  14:47:39,803183;9,445054E-1;1,491412E-2;1,694925E-2;9,442991E-1;;
30/11/2021  14:47:39,803283;9,447975E-1;1,618844E-2;1,821298E-2;9,443456E-1;;
30/11/2021  14:47:39,803383;9,457273E-1;1,491412E-2;1,536959E-2;9,443863E-1;;
30/11/2021  14:47:39,803483;9,459568E-1;1,190898E-1;1,237343E-1;9,444219E-1;;
30/11/2021  14:47:39,803583;9,460969E-1;1,555128E-2;1,821298E-2;9,444530E-1;;
30/11/2021  14:47:39,803683;9,459687E-1;2,128572E-2;1,821298E-2;9,444802E-1;;
30/11/2021  14:47:39,803783;9,457631E-1;4,167484E-2;6,686651E-2;9,445043E-1;;
30/11/2021  14:47:39,803883;9,466542E-1;3,402892E-2;7,981972E-2;9,445257E-1;;
30/11/2021  14:47:39,803983;9,469999E-1;3,243602E-2;5,391329E-2;9,445450E-1;;
30/11/2021  14:47:39,804083;9,468956E-1;1,178155E-1;1,117289E-1;9,445628E-1;;
30/11/2021  14:47:39,804183;9,470148E-1;1,433019E-1;1,619620E-1;9,445797E-1;;
30/11/2021  14:47:39,804283;9,466453E-1;4,772786E-2;7,760819E-2;9,445963E-1;;
30/11/2021  14:47:39,804383;9,470863E-1;1,442576E-1;1,420583E-1;9,446129E-1;;
30/11/2021  14:47:39,804483;9,468718E-1;1,713369E-1;1,891322E-1;9,446300E-1;;
30/11/2021  14:47:39,804583;9,464188E-1;7,162136E-2;1,240502E-1;9,446480E-1;;
30/11/2021  14:47:39,804683;9,467049E-1;1,305587E-1;1,148882E-1;9,446670E-1;;
30/11/2021  14:47:39,804783;9,467138E-1;1,286472E-1;1,253139E-1;9,446873E-1;;
30/11/2021  14:47:39,804883;9,460790E-1;1,331073E-1;1,199431E-1;9,447090E-1;;
30/11/2021  14:47:39,804983;9,459926E-1;1,267357E-1;1,313166E-1;9,447322E-1;;
30/11/2021  14:47:39,805083;9,450478E-1;-7,386482E-3;6,207563E-3;9,447568E-1;;
30/11/2021  14:47:39,805183;9,444786E-1;1,340630E-1;1,376353E-1;9,447827E-1;;
30/11/2021  14:47:39,805283;9,447349E-1;1,248242E-1;1,142563E-1;9,448094E-1;;
30/11/2021  14:47:39,805383;9,450955E-1;1,006121E-1;1,158360E-1;9,448369E-1;;
30/11/2021  14:47:39,805483;9,441418E-1;1,238685E-1;1,240502E-1;9,448646E-1;;
30/11/2021  14:47:39,805583;9,435696E-1;8,627604E-2;1,073058E-1;9,448923E-1;;
30/11/2021  14:47:39,805683;9,431613E-1;1,745227E-1;1,957668E-1;9,449196E-1;;
30/11/2021  14:47:39,805783;9,417725E-1;1,028422E-1;1,142563E-1;9,449459E-1;;
30/11/2021  14:47:39,805883;9,417605E-1;1,490363E-1;1,449017E-1;9,449707E-1;;
30/11/2021  14:47:39,805983;9,418201E-1;1,417090E-1;1,363715E-1;9,449931E-1;;
30/11/2021  14:47:39,806083;9,408724E-1;1,318330E-1;1,142563E-1;9,450125E-1;;
30/11/2021  14:47:39,806183;9,405744E-1;1,283286E-1;1,268936E-1;9,450283E-1;;
30/11/2021  14:47:39,806283;9,398681E-1;1,155854E-1;1,139404E-1;9,450398E-1;;
30/11/2021  14:47:39,806383;9,392631E-1;1,009307E-1;1,016190E-1;9,450463E-1;;
30/11/2021  14:47:39,806483;9,386312E-1;1,480806E-1;9,561632E-2;9,450471E-1;;
30/11/2021  14:47:39,806583;9,385388E-1;5,038138E-3;4,633093E-2;9,450413E-1;;
30/11/2021  14:47:39,806683;9,386312E-1;1,088952E-1;1,221546E-1;9,450284E-1;;
30/11/2021  14:47:39,806783;9,384882E-1;1,464877E-1;1,287892E-1;9,450078E-1;;
30/11/2021  14:47:39,806883;9,378862E-1;9,519628E-2;1,082536E-1;9,449790E-1;;
30/11/2021  14:47:39,806983;9,373974E-1;3,976336E-2;4,475127E-2;9,449416E-1;;
30/11/2021  14:47:39,807083;9,374004E-1;1,343816E-1;1,629098E-1;9,448952E-1;;
30/11/2021  14:47:39,807183;9,373855E-1;1,073023E-1;1,224705E-1;9,448394E-1;;
30/11/2021  14:47:39,807283;9,380352E-1;1,015679E-1;1,193112E-1;9,447742E-1;;
30/11/2021  14:47:39,807383;9,381603E-1;9,519628E-2;9,972343E-2;9,446993E-1;;
30/11/2021  14:47:39,807483;9,385239E-1;9,647060E-2;1,054102E-1;9,446150E-1;;
30/11/2021  14:47:39,807583;9,387385E-1;9,201048E-2;1,009872E-1;9,445215E-1;;
30/11/2021  14:47:39,807683;9,390395E-1;7,480716E-2;7,223735E-2;9,444193E-1;;
30/11/2021  14:47:39,807783;9,383779E-1;8,468314E-2;8,771802E-2;9,443087E-1;;
30/11/2021  14:47:39,807883;9,390187E-1;8,786894E-2;9,940750E-2;9,441903E-1;;
30/11/2021  14:47:39,807983;9,397548E-1;1,018865E-1;1,139404E-1;9,440646E-1;;
30/11/2021  14:47:39,808083;9,403002E-1;1,694254E-1;1,701763E-1;9,439324E-1;;
30/11/2021  14:47:39,808183;9,404671E-1;1,563636E-1;1,281573E-1;9,437943E-1;;
30/11/2021  14:47:39,808283;9,408247E-1;1,614609E-1;1,411105E-1;9,436514E-1;;
30/11/2021  14:47:39,808383;9,399902E-1;1,455319E-1;1,278414E-1;9,435045E-1;;
30/11/2021  14:47:39,808483;9,405535E-1;1,706997E-1;1,578549E-1;9,433544E-1;;
30/11/2021  14:47:39,808583;9,413880E-1;1,458505E-1;1,442698E-1;9,432020E-1;;
30/11/2021  14:47:39,808683;9,420794E-1;1,222756E-1;1,708081E-1;9,430481E-1;;
30/11/2021  14:47:39,808783;9,419125E-1;1,308772E-1;1,249980E-1;9,428936E-1;;
30/11/2021  14:47:39,808883;9,420705E-1;1,385232E-1;1,433221E-1;9,427396E-1;;
30/11/2021  14:47:39,808983;9,422255E-1;1,235499E-1;1,205749E-1;9,425869E-1;;
30/11/2021  14:47:39,809083;9,424669E-1;9,774492E-2;9,056141E-2;9,424365E-1;;
30/11/2021  14:47:39,809183;9,428960E-1;1,388417E-1;1,291051E-1;9,422890E-1;;
30/11/2021  14:47:39,809283;9,427917E-1;1,139925E-1;1,082536E-1;9,421454E-1;;
30/11/2021  14:47:39,809383;9,438080E-1;1,002936E-1;8,139938E-2;9,420064E-1;;
30/11/2021  14:47:39,809483;9,437573E-1;1,066652E-1;9,593225E-2;9,418728E-1;;
30/11/2021  14:47:39,809583;9,440375E-1;9,201048E-2;6,117973E-2;9,417454E-1;;
30/11/2021  14:47:39,809683;9,434474E-1;1,127182E-1;1,016190E-1;9,416247E-1;;
30/11/2021  14:47:39,809783;9,430302E-1;1,092138E-1;1,085695E-1;9,415115E-1;;
30/11/2021  14:47:39,809883;9,426219E-1;8,340882E-2;1,003553E-1;9,414060E-1;;
30/11/2021  14:47:39,809983;9,434742E-1;1,082581E-1;1,145722E-1;9,413084E-1;;
30/11/2021  14:47:39,810083;9,440733E-1;1,162226E-1;1,158360E-1;9,412191E-1;;
30/11/2021  14:47:39,810183;9,436679E-1;1,203641E-1;1,347919E-1;9,411381E-1;;
30/11/2021  14:47:39,810283;9,434921E-1;1,359745E-1;1,606983E-1;9,410658E-1;;
30/11/2021  14:47:39,810383;9,429169E-1;1,280100E-1;1,237343E-1;9,410022E-1;;
30/11/2021  14:47:39,810483;9,425801E-1;1,267357E-1;1,268936E-1;9,409473E-1;;
30/11/2021  14:47:39,810583;9,423924E-1;1,222756E-1;1,249980E-1;9,409009E-1;;
30/11/2021  14:47:39,810683;9,431166E-1;1,181340E-1;1,155200E-1;9,408627E-1;;
30/11/2021  14:47:39,810783;9,430600E-1;1,219570E-1;1,174156E-1;9,408324E-1;;
30/11/2021  14:47:39,810883;9,419811E-1;1,210013E-1;1,196272E-1;9,408098E-1;;
30/11/2021  14:47:39,810983;9,418768E-1;1,203641E-1;1,218387E-1;9,407947E-1;;
30/11/2021  14:47:39,811083;9,406370E-1;1,225942E-1;1,117289E-1;9,407864E-1;;
30/11/2021  14:47:39,811183;9,404760E-1;3,211744E-2;2,516348E-2;9,407843E-1;;
30/11/2021  14:47:39,811283;9,404999E-1;9,678918E-2;8,961361E-2;9,407877E-1;;
30/11/2021  14:47:39,811383;9,402764E-1;1,082581E-1;1,328963E-1;9,407959E-1;;
30/11/2021  14:47:39,811483;9,400499E-1;1,372488E-1;1,625939E-1;9,408081E-1;;
30/11/2021  14:47:39,811583;9,396505E-1;6,970988E-2;1,035146E-1;9,408236E-1;;
30/11/2021  14:47:39,811683;9,384971E-1;1,229127E-1;1,224705E-1;9,408416E-1;;
30/11/2021  14:47:39,811783;9,382348E-1;1,235499E-1;1,275255E-1;9,408614E-1;;
30/11/2021  14:47:39,811883;9,382766E-1;1,292843E-1;1,464814E-1;9,408819E-1;;
30/11/2021  14:47:39,811983;9,382498E-1;1,350188E-1;1,398468E-1;9,409024E-1;;
30/11/2021  14:47:39,812083;9,391528E-1;1,229127E-1;1,095173E-1;9,409222E-1;;
30/11/2021  14:47:39,812183;9,387564E-1;1,260985E-1;1,373193E-1;9,409406E-1;;
30/11/2021  14:47:39,812283;9,390515E-1;1,706997E-1;1,698603E-1;9,409572E-1;;
30/11/2021  14:47:39,812383;9,379934E-1;1,260985E-1;1,272095E-1;9,409715E-1;;
30/11/2021  14:47:39,812483;9,375524E-1;1,270543E-1;1,202590E-1;9,409832E-1;;
30/11/2021  14:47:39,812583;9,380918E-1;1,181340E-1;1,054102E-1;9,409918E-1;;
30/11/2021  14:47:39,812683;9,383272E-1;1,174969E-1;1,101492E-1;9,409969E-1;;
30/11/2021  14:47:39,812783;9,384763E-1;1,334259E-1;1,512204E-1;9,409981E-1;;
30/11/2021  14:47:39,812883;9,385508E-1;3,625898E-2;5,707262E-2;9,409954E-1;;
30/11/2021  14:47:39,812983;9,386402E-1;1,429833E-1;1,774427E-1;9,409885E-1;;
30/11/2021  14:47:39,813083;9,382229E-1;1,413904E-1;1,486929E-1;9,409776E-1;;
30/11/2021  14:47:39,813183;9,380739E-1;1,337445E-1;1,287892E-1;9,409625E-1;;
30/11/2021  14:47:39,813283;9,381484E-1;1,331073E-1;1,306848E-1;9,409432E-1;;
30/11/2021  14:47:39,813383;9,388518E-1;1,334259E-1;1,341600E-1;9,409197E-1;;
30/11/2021  14:47:39,813483;9,393346E-1;1,235499E-1;1,152041E-1;9,408921E-1;;
30/11/2021  14:47:39,813583;9,392064E-1;1,245056E-1;1,249980E-1;9,408607E-1;;
30/11/2021  14:47:39,813683;9,391856E-1;1,225942E-1;1,240502E-1;9,408258E-1;;
30/11/2021  14:47:39,813783;9,393554E-1;1,302401E-1;1,259458E-1;9,407876E-1;;
30/11/2021  14:47:39,813883;9,385716E-1;1,311958E-1;1,256299E-1;9,407464E-1;;
30/11/2021  14:47:39,813983;9,390872E-1;2,192288E-2;6,655058E-2;9,407026E-1;;
30/11/2021  14:47:39,814083;9,394806E-1;1,283286E-1;1,291051E-1;9,406563E-1;;
30/11/2021  14:47:39,814183;9,394925E-1;1,114439E-1;1,145722E-1;9,406078E-1;;
30/11/2021  14:47:39,814283;9,401810E-1;1,044351E-1;8,550650E-2;9,405574E-1;;
30/11/2021  14:47:39,814383;9,393048E-1;1,053908E-1;1,088855E-1;9,405057E-1;;
30/11/2021  14:47:39,814483;9,396654E-1;1,197269E-1;1,761790E-1;9,404529E-1;;
30/11/2021  14:47:39,814583;9,396505E-1;1,260985E-1;1,316326E-1;9,403993E-1;;
30/11/2021  14:47:39,814683;9,401035E-1;1,302401E-1;1,344760E-1;9,403453E-1;;
30/11/2021  14:47:39,814783;9,407919E-1;1,311958E-1;1,291051E-1;9,402912E-1;;
30/11/2021  14:47:39,814883;9,407800E-1;1,366117E-1;1,423743E-1;9,402374E-1;;
30/11/2021  14:47:39,814983;9,409618E-1;1,429833E-1;1,423743E-1;9,401844E-1;;
30/11/2021  14:47:39,815083;9,407323E-1;1,331073E-1;1,297370E-1;9,401327E-1;;
30/11/2021  14:47:39,815183;9,405565E-1;1,260985E-1;1,234183E-1;9,400826E-1;;
30/11/2021  14:47:39,815283;9,408039E-1;1,280100E-1;1,281573E-1;9,400345E-1;;
30/11/2021  14:47:39,815383;9,408605E-1;1,254614E-1;1,287892E-1;9,399886E-1;;
30/11/2021  14:47:39,815483;9,411317E-1;1,053908E-1;9,340479E-2;9,399452E-1;;
30/11/2021  14:47:39,815583;9,407949E-1;1,235499E-1;1,272095E-1;9,399046E-1;;
30/11/2021  14:47:39,815683;9,406072E-1;1,276914E-1;1,376353E-1;9,398669E-1;;
30/11/2021  14:47:39,815783;9,402495E-1;1,289658E-1;1,316326E-1;9,398323E-1;;
30/11/2021  14:47:39,815883;9,391379E-1;2,191239E-1;2,437884E-1;9,398008E-1;;
30/11/2021  14:47:39,815983;9,397488E-1;1,362931E-1;1,300529E-1;9,397722E-1;;
30/11/2021  14:47:39,816083;9,398084E-1;1,047537E-1;1,496407E-1;9,397464E-1;;
30/11/2021  14:47:39,816183;9,395521E-1;1,353374E-1;1,278414E-1;9,397232E-1;;
30/11/2021  14:47:39,816283;9,389978E-1;1,503106E-1;1,588027E-1;9,397025E-1;;
30/11/2021  14:47:39,816383;9,385150E-1;1,662396E-1;1,689125E-1;9,396839E-1;;
30/11/2021  14:47:39,816483;9,382378E-1;1,264171E-1;1,272095E-1;9,396673E-1;;
30/11/2021  14:47:39,816583;9,375851E-1;1,442576E-1;1,537478E-1;9,396521E-1;;
30/11/2021  14:47:39,816683;9,377312E-1;-1,057228E-2;4,506720E-2;9,396379E-1;;
30/11/2021  14:47:39,816783;9,375315E-1;9,933782E-2;9,530039E-2;9,396242E-1;;
30/11/2021  14:47:39,816883;9,373497E-1;1,127182E-1;1,205749E-1;9,396107E-1;;
30/11/2021  14:47:39,816983;9,370606E-1;1,012493E-1;9,530039E-2;9,395968E-1;;
30/11/2021  14:47:39,817083;9,364944E-1;1,117624E-1;1,205749E-1;9,395822E-1;;
30/11/2021  14:47:39,817183;9,361278E-1;7,905358E-3;8,171531E-2;9,395664E-1;;
30/11/2021  14:47:39,817283;9,357642E-1;1,382046E-1;1,509044E-1;9,395488E-1;;
30/11/2021  14:47:39,817383;9,353291E-1;5,824100E-2;8,013565E-2;9,395291E-1;;
30/11/2021  14:47:39,817483;9,358178E-1;1,088952E-1;1,199431E-1;9,395067E-1;;
30/11/2021  14:47:39,817583;9,357612E-1;1,069837E-1;1,085695E-1;9,394811E-1;;
30/11/2021  14:47:39,817683;9,358268E-1;9,360338E-2;1,319485E-1;9,394520E-1;;
30/11/2021  14:47:39,817783;9,353678E-1;1,404346E-1;1,818658E-1;9,394193E-1;;
30/11/2021  14:47:39,817883;9,340893E-1;1,356559E-1;1,572231E-1;9,393826E-1;;
30/11/2021  14:47:39,817983;9,347568E-1;1,088952E-1;1,268936E-1;9,393416E-1;;
30/11/2021  14:47:39,818083;9,356271E-1;1,155854E-1;1,297370E-1;9,392961E-1;;
30/11/2021  14:47:39,818183;9,349059E-1;1,149482E-1;1,145722E-1;9,392460E-1;;
30/11/2021  14:47:39,818283;9,351264E-1;1,413904E-1;1,458495E-1;9,391911E-1;;
30/11/2021  14:47:39,818383;9,347211E-1;1,589123E-1;1,433221E-1;9,391315E-1;;
30/11/2021  14:47:39,818483;9,346525E-1;1,665582E-1;1,240502E-1;9,390672E-1;;
30/11/2021  14:47:39,818583;9,347241E-1;1,719741E-1;1,499566E-1;9,389982E-1;;
30/11/2021  14:47:39,818683;9,352873E-1;1,751599E-1;1,588027E-1;9,389245E-1;;
30/11/2021  14:47:39,818783;9,353142E-1;1,133553E-1;1,325804E-1;9,388465E-1;;
30/11/2021  14:47:39,818883;9,357999E-1;1,423461E-1;1,534319E-1;9,387642E-1;;
30/11/2021  14:47:39,818983;9,355496E-1;1,499920E-1;1,531159E-1;9,386781E-1;;
30/11/2021  14:47:39,819083;9,355019E-1;8,965980E-4;3,680107E-3;9,385885E-1;;
30/11/2021  14:47:39,819183;9,356420E-1;3,763818E-3;6,207563E-3;9,384958E-1;;
30/11/2021  14:47:39,819283;9,352128E-1;6,631038E-3;8,419087E-3;9,384003E-1;;
30/11/2021  14:47:39,819383;9,349208E-1;6,631038E-3;9,050951E-3;9,383024E-1;;
30/11/2021  14:47:39,819483;9,350906E-1;3,763818E-3;5,575699E-3;9,382023E-1;;
30/11/2021  14:47:39,819583;9,348701E-1;4,719558E-3;6,523495E-3;9,381003E-1;;
30/11/2021  14:47:39,819683;9,344588E-1;8,965980E-4;3,364175E-3;9,379966E-1;;
30/11/2021  14:47:39,819783;9,343366E-1;1,215178E-3;3,680107E-3;9,378913E-1;;
30/11/2021  14:47:39,819883;9,336839E-1;1,215178E-3;3,364175E-3;9,377847E-1;;
30/11/2021  14:47:39,819983;9,332726E-1;1,533758E-3;3,996039E-3;9,376767E-1;;
30/11/2021  14:47:39,820083;9,335647E-1;2,808078E-3;4,627903E-3;9,375673E-1;;
30/11/2021  14:47:39,820183;9,335409E-1;7,905358E-3;9,682815E-3;9,374567E-1;;
30/11/2021  14:47:39,820283;9,336035E-1;1,215178E-3;2,732311E-3;9,373447E-1;;
30/11/2021  14:47:39,820383;9,329240E-1;1,215178E-3;4,311971E-3;9,372315E-1;;
30/11/2021  14:47:39,820483;9,324590E-1;1,533758E-3;3,996039E-3;9,371171E-1;;
30/11/2021  14:47:39,820583;9,321968E-1;1,533758E-3;3,680107E-3;9,370015E-1;;
30/11/2021  14:47:39,820683;9,323726E-1;1,852338E-3;4,943835E-3;9,368846E-1;;
30/11/2021  14:47:39,820783;9,315679E-1;1,533758E-3;3,996039E-3;9,367663E-1;;
30/11/2021  14:47:39,820883;9,317855E-1;5,780180E-4;3,048243E-3;9,366465E-1;;
30/11/2021  14:47:39,820983;9,319643E-1;4,082398E-3;5,891631E-3;9,365251E-1;;
30/11/2021  14:47:39,821083;9,318242E-1;1,215178E-3;3,364175E-3;9,364022E-1;;
30/11/2021  14:47:39,821183;9,316692E-1;5,780180E-4;3,364175E-3;9,362777E-1;;
30/11/2021  14:47:39,821283;9,310076E-1;1,215178E-3;3,364175E-3;9,361516E-1;;
30/11/2021  14:47:39,821383;9,317348E-1;1,533758E-3;3,680107E-3;9,360240E-1;;
30/11/2021  14:47:39,821483;9,316096E-1;5,780180E-4;3,996039E-3;9,358949E-1;;
30/11/2021  14:47:39,821583;9,314666E-1;1,215178E-3;3,364175E-3;9,357645E-1;;
30/11/2021  14:47:39,821683;9,316961E-1;1,533758E-3;3,364175E-3;9,356328E-1;;
30/11/2021  14:47:39,821783;9,319166E-1;8,965980E-4;3,680107E-3;9,355000E-1;;
30/11/2021  14:47:39,821883;9,317020E-1;5,780180E-4;3,680107E-3;9,353664E-1;;
30/11/2021  14:47:39,821983;9,317944E-1;8,965980E-4;3,680107E-3;9,352322E-1;;
30/11/2021  14:47:39,822083;9,320954E-1;1,533758E-3;3,680107E-3;9,350976E-1;;
30/11/2021  14:47:39,822183;9,327839E-1;1,533758E-3;3,364175E-3;9,349630E-1;;
30/11/2021  14:47:39,822283;9,325216E-1;8,965980E-4;3,364175E-3;9,348287E-1;;
30/11/2021  14:47:39,822383;9,330819E-1;9,498258E-3;1,536959E-2;9,346952E-1;;
30/11/2021  14:47:39,822483;9,331236E-1;1,215178E-3;3,048243E-3;9,345630E-1;;
30/11/2021  14:47:39,822583;9,331445E-1;1,172832E-2;1,378993E-2;9,344324E-1;;
30/11/2021  14:47:39,822683;9,332220E-1;9,816838E-3;1,252620E-2;9,343039E-1;;
30/11/2021  14:47:39,822783;9,342085E-1;1,204690E-2;1,442179E-2;9,341781E-1;;
30/11/2021  14:47:39,822883;9,348790E-1;1,236548E-2;1,473773E-2;9,340553E-1;;
30/11/2021  14:47:39,822983;9,356807E-1;1,714418E-2;1,821298E-2;9,339363E-1;;
30/11/2021  14:47:39,823083;9,360235E-1;1,586986E-2;1,758111E-2;9,338218E-1;;
30/11/2021  14:47:39,823183;9,362082E-1;7,130278E-2;5,675668E-2;9,337125E-1;;
30/11/2021  14:47:39,823283;9,363602E-1;1,714418E-2;1,916077E-2;9,336093E-1;;
30/11/2021  14:47:39,823383;9,370248E-1;3,763818E-3;1,884484E-2;9,335126E-1;;
30/11/2021  14:47:39,823483;9,374004E-1;1,363980E-2;1,505366E-2;9,334233E-1;;
30/11/2021  14:47:39,823583;9,382974E-1;5,027650E-2;6,117973E-2;9,333420E-1;;
30/11/2021  14:47:39,823683;9,385359E-1;1,109116E-2;2,453162E-2;9,332694E-1;;
30/11/2021  14:47:39,823783;9,391677E-1;7,385142E-2;8,582243E-2;9,332063E-1;;
30/11/2021  14:47:39,823883;9,394598E-1;1,350188E-1;1,385831E-1;9,331531E-1;;
30/11/2021  14:47:39,823983;9,395462E-1;7,193994E-2;8,613836E-2;9,331107E-1;;
30/11/2021  14:47:39,824083;9,395670E-1;6,429402E-2;6,402312E-2;9,330795E-1;;
30/11/2021  14:47:39,824183;9,409499E-1;1,257800E-1;1,189953E-1;9,330599E-1;;
30/11/2021  14:47:39,824283;9,410810E-1;1,222756E-1;1,322644E-1;9,330525E-1;;
30/11/2021  14:47:39,824383;9,410155E-1;1,828058E-1;1,663851E-1;9,330576E-1;;
30/11/2021  14:47:39,824483;9,413761E-1;1,248242E-1;1,227865E-1;9,330756E-1;;
30/11/2021  14:47:39,824583;9,417605E-1;1,123996E-1;1,025668E-1;9,331068E-1;;
30/11/2021  14:47:39,824683;9,414595E-1;1,190898E-1;1,205749E-1;9,331512E-1;;
30/11/2021  14:47:39,824783;9,420198E-1;1,229127E-1;1,120448E-1;9,332091E-1;;
30/11/2021  14:47:39,824883;9,422016E-1;1,257800E-1;1,714400E-1;9,332804E-1;;
30/11/2021  14:47:39,824983;9,426099E-1;1,053908E-1;1,900800E-1;9,333651E-1;;
30/11/2021  14:47:39,825083;9,426397E-1;1,439390E-1;1,610142E-1;9,334630E-1;;
30/11/2021  14:47:39,825183;9,421331E-1;1,382046E-1;1,543797E-1;9,335740E-1;;
30/11/2021  14:47:39,825283;9,426785E-1;1,337445E-1;1,351078E-1;9,336978E-1;;
30/11/2021  14:47:39,825383;9,426219E-1;1,321516E-1;1,249980E-1;9,338340E-1;;
30/11/2021  14:47:39,825483;9,428245E-1;1,340630E-1;1,313166E-1;9,339823E-1;;
30/11/2021  14:47:39,825583;9,436590E-1;1,111253E-1;8,677022E-2;9,341421E-1;;
30/11/2021  14:47:39,825683;9,435726E-1;1,225942E-1;1,234183E-1;9,343131E-1;;
30/11/2021  14:47:39,825783;9,432149E-1;1,225942E-1;1,272095E-1;9,344948E-1;;
30/11/2021  14:47:39,825883;9,435815E-1;1,238685E-1;1,212068E-1;9,346867E-1;;
30/11/2021  14:47:39,825983;9,427411E-1;1,210013E-1;1,145722E-1;9,348882E-1;;
30/11/2021  14:47:39,826083;9,433610E-1;1,509478E-1;1,543797E-1;9,350987E-1;;
30/11/2021  14:47:39,826183;9,439987E-1;1,417090E-1;1,328963E-1;9,353175E-1;;
30/11/2021  14:47:39,826283;9,440256E-1;1,528593E-1;1,597505E-1;9,355439E-1;;
30/11/2021  14:47:39,826383;9,445412E-1;8,627604E-2;2,168823E-2;9,357773E-1;;
30/11/2021  14:47:39,826483;9,442998E-1;1,410718E-1;1,679647E-1;9,360172E-1;;
30/11/2021  14:47:39,826583;9,445203E-1;1,273729E-1;1,275255E-1;9,362629E-1;;
30/11/2021  14:47:39,826683;9,439570E-1;1,194084E-1;1,249980E-1;9,365140E-1;;
30/11/2021  14:47:39,826783;9,449465E-1;1,190898E-1;1,291051E-1;9,367698E-1;;
30/11/2021  14:47:39,826883;9,455843E-1;1,174969E-1;1,189953E-1;9,370296E-1;;
30/11/2021  14:47:39,826983;9,451372E-1;1,120810E-1;1,205749E-1;9,372931E-1;;
30/11/2021  14:47:39,827083;9,458555E-1;1,095324E-1;1,240502E-1;9,375596E-1;;
30/11/2021  14:47:39,827183;9,457333E-1;1,018865E-1;1,126766E-1;9,378288E-1;;
30/11/2021  14:47:39,827283;9,453905E-1;1,092138E-1;1,057261E-1;9,381002E-1;;
30/11/2021  14:47:39,827383;9,456796E-1;1,034794E-1;1,073058E-1;9,383733E-1;;
30/11/2021  14:47:39,827483;9,461595E-1;9,774492E-2;1,066739E-1;9,386476E-1;;
30/11/2021  14:47:39,827583;9,466333E-1;5,824100E-2;8,645429E-2;9,389227E-1;;
30/11/2021  14:47:39,827683;9,467585E-1;1,037979E-1;9,561632E-2;9,391982E-1;;
30/11/2021  14:47:39,827783;9,465886E-1;1,037979E-1;1,123607E-1;9,394737E-1;;
30/11/2021  14:47:39,827883;9,468300E-1;7,098420E-2;9,150920E-2;9,397490E-1;;
30/11/2021  14:47:39,827983;9,469463E-1;1,311958E-1;1,303688E-1;9,400237E-1;;
30/11/2021  14:47:39,828083;9,474380E-1;8,117876E-2;9,593225E-2;9,402974E-1;;
30/11/2021  14:47:39,828183;9,478851E-1;4,326774E-2;1,073058E-1;9,405699E-1;;
30/11/2021  14:47:39,828283;9,482725E-1;9,392196E-2;9,972343E-2;9,408410E-1;;
30/11/2021  14:47:39,828383;9,485735E-1;1,397975E-1;1,720719E-1;9,411106E-1;;
30/11/2021  14:47:39,828483;9,480609E-1;1,276914E-1;1,439539E-1;9,413785E-1;;
30/11/2021  14:47:39,828583;9,486748E-1;1,311958E-1;1,319485E-1;9,416447E-1;;
30/11/2021  14:47:39,828683;9,485318E-1;1,910889E-1;1,828136E-1;9,419089E-1;;
30/11/2021  14:47:39,828783;9,487583E-1;1,601866E-1;1,420583E-1;9,421710E-1;;
30/11/2021  14:47:39,828883;9,491159E-1;1,286472E-1;9,719598E-2;9,424309E-1;;
30/11/2021  14:47:39,828983;9,487166E-1;1,608238E-1;1,452176E-1;9,426884E-1;;
30/11/2021  14:47:39,829083;9,489341E-1;1,426647E-1;1,114129E-1;9,429434E-1;;
30/11/2021  14:47:39,829183;9,482904E-1;1,413904E-1;1,471132E-1;9,431957E-1;;
30/11/2021  14:47:39,829283;9,480162E-1;5,186940E-2;5,296550E-2;9,434450E-1;;
30/11/2021  14:47:39,829383;9,484662E-1;8,818752E-2;9,119327E-2;9,436909E-1;;
30/11/2021  14:47:39,829483;9,485020E-1;5,123224E-2;6,655058E-2;9,439332E-1;;
30/11/2021  14:47:39,829583;9,485705E-1;9,360338E-2;9,782784E-2;9,441716E-1;;
30/11/2021  14:47:39,829683;9,481652E-1;4,231200E-2;5,170177E-2;9,444057E-1;;
30/11/2021  14:47:39,829783;9,478076E-1;4,581638E-2;8,803395E-2;9,446353E-1;;
30/11/2021  14:47:39,829883;9,473009E-1;1,490363E-1;1,629098E-1;9,448600E-1;;
30/11/2021  14:47:39,829983;9,465707E-1;1,413904E-1;1,464814E-1;9,450794E-1;;
30/11/2021  14:47:39,830083;9,460343E-1;7,576290E-2;7,729226E-2;9,452929E-1;;
30/11/2021  14:47:39,830183;9,460701E-1;1,018865E-1;1,050943E-1;9,454999E-1;;
30/11/2021  14:47:39,830283;9,458495E-1;9,009900E-2;7,855599E-2;9,456999E-1;;
30/11/2021  14:47:39,830383;9,455783E-1;1,280100E-1;1,215227E-1;9,458922E-1;;
30/11/2021  14:47:39,830483;9,450657E-1;9,264764E-2;9,498445E-2;9,460763E-1;;
30/11/2021  14:47:39,830583;9,440315E-1;1,206827E-1;1,246821E-1;9,462516E-1;;
30/11/2021  14:47:39,830683;9,434832E-1;2,170918E-3;5,296550E-2;9,464174E-1;;
30/11/2021  14:47:39,830783;9,435636E-1;1,331073E-1;1,373193E-1;9,465732E-1;;
30/11/2021  14:47:39,830883;9,436739E-1;3,020596E-2;2,895467E-2;9,467182E-1;;
30/11/2021  14:47:39,830983;9,434444E-1;1,318330E-1;1,388990E-1;9,468520E-1;;
30/11/2021  14:47:39,831083;9,427798E-1;9,232906E-2;1,082536E-1;9,469740E-1;;
30/11/2021  14:47:39,831183;9,426248E-1;1,241871E-1;1,313166E-1;9,470840E-1;;
30/11/2021  14:47:39,831283;9,420616E-1;1,436204E-1;1,521681E-1;9,471814E-1;;
30/11/2021  14:47:39,831383;9,416443E-1;1,308772E-1;1,370034E-1;9,472660E-1;;
30/11/2021  14:47:39,831483;9,420288E-1;1,337445E-1;1,332122E-1;9,473373E-1;;
30/11/2021  14:47:39,831583;9,417158E-1;1,286472E-1;1,221546E-1;9,473953E-1;;
30/11/2021  14:47:39,831683;9,421957E-1;1,168597E-1;1,177316E-1;9,474396E-1;;
30/11/2021  14:47:39,831783;9,417725E-1;1,267357E-1;1,199431E-1;9,474704E-1;;
30/11/2021  14:47:39,831883;9,415787E-1;1,031608E-1;7,981972E-2;9,474877E-1;;
30/11/2021  14:47:39,831983;9,410512E-1;1,079395E-1;9,624818E-2;9,474916E-1;;
30/11/2021  14:47:39,832083;9,416324E-1;1,194084E-1;1,158360E-1;9,474822E-1;;
30/11/2021  14:47:39,832183;9,415638E-1;1,248242E-1;1,212068E-1;9,474599E-1;;
30/11/2021  14:47:39,832283;9,421957E-1;1,426647E-1;1,606983E-1;9,474248E-1;;
30/11/2021  14:47:39,832383;9,419751E-1;1,031608E-1;4,001229E-2;9,473775E-1;;
30/11/2021  14:47:39,832483;9,418529E-1;1,251428E-1;1,234183E-1;9,473185E-1;;
30/11/2021  14:47:39,832583;9,411317E-1;2,319720E-2;7,381701E-2;9,472483E-1;;
30/11/2021  14:47:39,832683;9,410155E-1;1,123996E-1;1,158360E-1;9,471675E-1;;
30/11/2021  14:47:39,832783;9,413344E-1;1,299215E-1;1,284732E-1;9,470764E-1;;
30/11/2021  14:47:39,832883;9,419006E-1;1,280100E-1;1,268936E-1;9,469756E-1;;
30/11/2021  14:47:39,832983;9,420705E-1;1,232313E-1;1,136244E-1;9,468658E-1;;
30/11/2021  14:47:39,833083;9,417903E-1;1,267357E-1;1,388990E-1;9,467476E-1;;
30/11/2021  14:47:39,833183;9,414178E-1;1,245056E-1;1,262617E-1;9,466218E-1;;
30/11/2021  14:47:39,833283;9,415698E-1;1,194084E-1;1,189953E-1;9,464889E-1;;
30/11/2021  14:47:39,833383;9,416026E-1;1,229127E-1;1,208909E-1;9,463498E-1;;
30/11/2021  14:47:39,833483;9,418947E-1;3,848904E-2;9,530039E-2;9,462049E-1;;
30/11/2021  14:47:39,833583;9,422583E-1;1,480806E-1;1,344760E-1;9,460551E-1;;
30/11/2021  14:47:39,833683;9,418976E-1;1,069837E-1;1,047783E-1;9,459010E-1;;
30/11/2021  14:47:39,833783;9,420168E-1;6,588692E-2;2,421569E-2;9,457434E-1;;
30/11/2021  14:47:39,833883;9,412867E-1;1,165411E-1;1,088855E-1;9,455830E-1;;
30/11/2021  14:47:39,833983;9,410512E-1;1,283286E-1;1,379512E-1;9,454202E-1;;
30/11/2021  14:47:39,834083;9,406876E-1;1,327887E-1;1,341600E-1;9,452557E-1;;
30/11/2021  14:47:39,834183;9,409588E-1;1,181340E-1;8,992954E-2;9,450899E-1;;
30/11/2021  14:47:39,834283;9,411257E-1;1,248242E-1;1,278414E-1;9,449230E-1;;
30/11/2021  14:47:39,834383;9,409559E-1;1,092138E-1;1,104651E-1;9,447555E-1;;
30/11/2021  14:47:39,834483;9,410512E-1;1,471248E-1;1,442698E-1;9,445879E-1;;
30/11/2021  14:47:39,834583;9,403836E-1;1,334259E-1;1,275255E-1;9,444206E-1;;
30/11/2021  14:47:39,834683;9,399992E-1;1,210013E-1;1,177316E-1;9,442538E-1;;
30/11/2021  14:47:39,834783;9,398144E-1;1,331073E-1;1,325804E-1;9,440878E-1;;
30/11/2021  14:47:39,834883;9,399098E-1;1,229127E-1;1,186794E-1;9,439227E-1;;
30/11/2021  14:47:39,834983;9,402525E-1;1,114439E-1;1,148882E-1;9,437587E-1;;
30/11/2021  14:47:39,835083;9,395879E-1;1,302401E-1;1,313166E-1;9,435960E-1;;
30/11/2021  14:47:39,835183;9,391051E-1;1,331073E-1;1,347919E-1;9,434347E-1;;
30/11/2021  14:47:39,835283;9,389620E-1;1,225942E-1;1,057261E-1;9,432750E-1;;
30/11/2021  14:47:39,835383;9,384882E-1;1,241871E-1;1,398468E-1;9,431168E-1;;
30/11/2021  14:47:39,835483;9,383153E-1;1,496735E-1;1,606983E-1;9,429600E-1;;
30/11/2021  14:47:39,835583;9,387981E-1;1,117624E-1;1,284732E-1;9,428046E-1;;
30/11/2021  14:47:39,835683;9,387653E-1;1,305587E-1;1,313166E-1;9,426507E-1;;
30/11/2021  14:47:39,835783;9,381425E-1;1,375674E-1;1,584868E-1;9,424981E-1;;
30/11/2021  14:47:39,835883;9,378862E-1;1,292843E-1;1,294210E-1;9,423469E-1;;
30/11/2021  14:47:39,835983;9,373676E-1;1,276914E-1;1,297370E-1;9,421971E-1;;
30/11/2021  14:47:39,836083;9,372096E-1;1,439390E-1;1,679647E-1;9,420485E-1;;
30/11/2021  14:47:39,836183;9,373676E-1;-2,204116E-2;5,517702E-2;9,419010E-1;;
30/11/2021  14:47:39,836283;9,378504E-1;1,270543E-1;1,170997E-1;9,417544E-1;;
30/11/2021  14:47:39,836383;9,380381E-1;1,455319E-1;1,581709E-1;9,416087E-1;;
30/11/2021  14:47:39,836483;9,376239E-1;1,633724E-1;1,806020E-1;9,414641E-1;;
30/11/2021  14:47:39,836583;9,376000E-1;1,353374E-1;1,310007E-1;9,413206E-1;;
30/11/2021  14:47:39,836683;9,369146E-1;1,238685E-1;1,095173E-1;9,411782E-1;;
30/11/2021  14:47:39,836783;9,370904E-1;7,289568E-2;7,476481E-2;9,410370E-1;;
30/11/2021  14:47:39,836883;9,373050E-1;1,130368E-1;9,972343E-2;9,408969E-1;;
30/11/2021  14:47:39,836983;9,376477E-1;1,397975E-1;1,657532E-1;9,407580E-1;;
30/11/2021  14:47:39,837083;9,375106E-1;3,763818E-3;5,549295E-2;9,406203E-1;;
30/11/2021  14:47:39,837183;9,375673E-1;1,276914E-1;1,806020E-1;9,404840E-1;;
30/11/2021  14:47:39,837283;9,374391E-1;1,334259E-1;1,442698E-1;9,403493E-1;;
30/11/2021  14:47:39,837383;9,371858E-1;1,123996E-1;1,196272E-1;9,402163E-1;;
30/11/2021  14:47:39,837483;9,374302E-1;1,187712E-1;1,272095E-1;9,400850E-1;;
30/11/2021  14:47:39,837583;9,372364E-1;1,174969E-1;1,313166E-1;9,399556E-1;;
30/11/2021  14:47:39,837683;9,377640E-1;7,958586E-2;8,613836E-2;9,398282E-1;;
30/11/2021  14:47:39,837783;9,382170E-1;-5,262484E-2;4,159195E-2;9,397030E-1;;
30/11/2021  14:47:39,837883;9,371828E-1;1,127182E-1;1,240502E-1;9,395801E-1;;
30/11/2021  14:47:39,837983;9,364288E-1;1,127182E-1;1,199431E-1;9,394598E-1;;
30/11/2021  14:47:39,838083;9,362231E-1;9,519628E-2;1,013031E-1;9,393420E-1;;
30/11/2021  14:47:39,838183;9,361814E-1;1,034794E-1;1,581709E-1;9,392266E-1;;
30/11/2021  14:47:39,838283;9,362410E-1;4,486064E-2;1,000394E-1;9,391135E-1;;
30/11/2021  14:47:39,838383;9,362679E-1;9,870066E-2;1,256299E-1;9,390025E-1;;
30/11/2021  14:47:39,838483;9,358178E-1;1,025236E-1;1,016190E-1;9,388935E-1;;
30/11/2021  14:47:39,838583;9,353678E-1;1,155854E-1;1,392149E-1;9,387865E-1;;
30/11/2021  14:47:39,838683;9,347032E-1;1,471248E-1;1,373193E-1;9,386812E-1;;
30/11/2021  14:47:39,838783;9,342293E-1;1,735670E-1;1,676488E-1;9,385773E-1;;
30/11/2021  14:47:39,838883;9,343426E-1;1,850358E-1;1,657532E-1;9,384745E-1;;
30/11/2021  14:47:39,838983;9,350400E-1;1,225942E-1;1,076217E-1;9,383725E-1;;
30/11/2021  14:47:39,839083;9,342681E-1;1,533758E-3;3,364175E-3;9,382710E-1;;
30/11/2021  14:47:39,839183;9,343396E-1;2,808078E-3;4,627903E-3;9,381699E-1;;
30/11/2021  14:47:39,839283;9,332697E-1;3,445238E-3;5,891631E-3;9,380689E-1;;
30/11/2021  14:47:39,839383;9,326915E-1;5,038138E-3;6,523495E-3;9,379678E-1;;
30/11/2021  14:47:39,839483;9,329150E-1;4,082398E-3;6,523495E-3;9,378661E-1;;
30/11/2021  14:47:39,839583;9,327153E-1;1,852338E-3;4,627903E-3;9,377636E-1;;
30/11/2021  14:47:39,839683;9,330640E-1;7,586778E-3;9,366883E-3;9,376599E-1;;
30/11/2021  14:47:39,839783;9,336243E-1;3,763818E-3;5,575699E-3;9,375548E-1;;
30/11/2021  14:47:39,839883;9,333293E-1;5,038138E-3;6,839427E-3;9,374482E-1;;
30/11/2021  14:47:39,839983;9,323815E-1;6,631038E-3;9,050951E-3;9,373402E-1;;
30/11/2021  14:47:39,840083;9,325931E-1;2,808078E-3;4,943835E-3;9,372307E-1;;
30/11/2021  14:47:39,840183;9,322832E-1;2,489498E-3;5,259767E-3;9,371195E-1;;
30/11/2021  14:47:39,840283;9,331862E-1;6,949618E-3;8,419087E-3;9,370066E-1;;
30/11/2021  14:47:39,840383;9,336094E-1;1,533758E-3;3,680107E-3;9,368921E-1;;
30/11/2021  14:47:39,840483;9,335886E-1;1,215178E-3;3,364175E-3;9,367761E-1;;
30/11/2021  14:47:39,840583;9,328077E-1;5,356718E-3;6,839427E-3;9,366588E-1;;
30/11/2021  14:47:39,840683;9,329657E-1;8,965980E-4;4,311971E-3;9,365406E-1;;
30/11/2021  14:47:39,840783;9,326587E-1;4,719558E-3;6,207563E-3;9,364215E-1;;
30/11/2021  14:47:39,840883;9,327660E-1;1,215178E-3;3,996039E-3;9,363016E-1;;
30/11/2021  14:47:39,840983;9,340147E-1;5,780180E-4;2,416379E-3;9,361811E-1;;
30/11/2021  14:47:39,841083;9,341667E-1;8,965980E-4;3,996039E-3;9,360604E-1;;
30/11/2021  14:47:39,841183;9,341101E-1;8,965980E-4;3,680107E-3;9,359398E-1;;
30/11/2021  14:47:39,841283;9,342263E-1;1,852338E-3;3,680107E-3;9,358198E-1;;
30/11/2021  14:47:39,841383;9,340565E-1;5,675298E-3;7,155359E-3;9,357008E-1;;
30/11/2021  14:47:39,841483;9,347896E-1;1,215178E-3;3,680107E-3;9,355832E-1;;
30/11/2021  14:47:39,841583;9,351920E-1;8,965980E-4;3,364175E-3;9,354675E-1;;
30/11/2021  14:47:39,841683;9,360920E-1;1,533758E-3;3,364175E-3;9,353541E-1;;
30/11/2021  14:47:39,841783;9,364526E-1;3,126658E-3;5,259767E-3;9,352437E-1;;
30/11/2021  14:47:39,841883;9,364049E-1;8,965980E-4;3,364175E-3;9,351370E-1;;
30/11/2021  14:47:39,841983;9,366434E-1;1,215178E-3;3,048243E-3;9,350345E-1;;
30/11/2021  14:47:39,842083;9,362887E-1;8,965980E-4;3,680107E-3;9,349369E-1;;
30/11/2021  14:47:39,842183;9,363513E-1;1,852338E-3;3,680107E-3;9,348447E-1;;
30/11/2021  14:47:39,842283;9,373706E-1;8,965980E-4;3,680107E-3;9,347583E-1;;
30/11/2021  14:47:39,842383;9,378832E-1;1,852338E-3;3,680107E-3;9,346781E-1;;
30/11/2021  14:47:39,842483;9,374868E-1;5,780180E-4;3,364175E-3;9,346047E-1;;
30/11/2021  14:47:39,842583;9,382170E-1;1,852338E-3;3,680107E-3;9,345384E-1;;
30/11/2021  14:47:39,842683;9,376418E-1;1,045400E-2;1,442179E-2;9,344797E-1;;
30/11/2021  14:47:39,842783;9,379249E-1;9,498258E-3;1,126247E-2;9,344290E-1;;
30/11/2021  14:47:39,842883;9,379607E-1;1,109116E-2;1,473773E-2;9,343864E-1;;
30/11/2021  14:47:39,842983;9,391170E-1;8,542518E-3;1,442179E-2;9,343522E-1;;
30/11/2021  14:47:39,843083;9,390813E-1;1,650702E-2;1,916077E-2;9,343266E-1;;
30/11/2021  14:47:39,843183;9,391945E-1;1,140974E-2;1,252620E-2;9,343098E-1;;
30/11/2021  14:47:39,843283;9,388488E-1;1,586986E-2;1,916077E-2;9,343021E-1;;
30/11/2021  14:47:39,843383;9,385210E-1;1,905566E-2;2,295196E-2;9,343034E-1;;
30/11/2021  14:47:39,843483;9,384643E-1;1,746276E-2;2,042450E-2;9,343139E-1;;
30/11/2021  14:47:39,843583;9,389918E-1;1,586986E-2;1,789705E-2;9,343333E-1;;
30/11/2021  14:47:39,843683;9,397906E-1;1,439390E-1;1,426902E-1;9,343614E-1;;
30/11/2021  14:47:39,843783;9,390515E-1;5,760384E-2;7,034176E-2;9,343982E-1;;
30/11/2021  14:47:39,843883;9,398174E-1;1,292843E-1;1,259458E-1;9,344435E-1;;
30/11/2021  14:47:39,843983;9,391409E-1;1,133553E-1;1,095173E-1;9,344973E-1;;
30/11/2021  14:47:39,844083;9,390246E-1;1,225942E-1;1,208909E-1;9,345591E-1;;
30/11/2021  14:47:39,844183;9,385835E-1;9,179678E-3;2,010857E-2;9,346287E-1;;
30/11/2021  14:47:39,844283;9,392839E-1;9,997498E-2;1,022509E-1;9,347057E-1;;
30/11/2021  14:47:39,844383;9,397369E-1;1,219570E-1;1,515363E-1;9,347895E-1;;
30/11/2021  14:47:39,844483;9,394150E-1;1,496735E-1;1,654373E-1;9,348800E-1;;
30/11/2021  14:47:39,844583;9,391498E-1;1,280100E-1;1,310007E-1;9,349767E-1;;
30/11/2021  14:47:39,844683;9,390157E-1;4,963934E-2;7,097362E-2;9,350791E-1;;
30/11/2021  14:47:39,844783;9,386163E-1;1,324701E-1;1,332122E-1;9,351868E-1;;
30/11/2021  14:47:39,844883;9,389412E-1;1,210013E-1;1,177316E-1;9,352992E-1;;
30/11/2021  14:47:39,844983;9,390783E-1;1,143111E-1;1,088855E-1;9,354159E-1;;
30/11/2021  14:47:39,845083;9,393078E-1;1,213198E-1;1,189953E-1;9,355361E-1;;
30/11/2021  14:47:39,845183;9,394001E-1;1,232313E-1;1,395309E-1;9,356596E-1;;
30/11/2021  14:47:39,845283;9,384643E-1;1,270543E-1;1,275255E-1;9,357858E-1;;
30/11/2021  14:47:39,845383;9,382468E-1;1,260985E-1;1,126766E-1;9,359143E-1;;
30/11/2021  14:47:39,845483;9,380739E-1;1,238685E-1;1,180475E-1;9,360444E-1;;
30/11/2021  14:47:39,845583;9,381574E-1;1,190898E-1;1,297370E-1;9,361754E-1;;
30/11/2021  14:47:39,845683;9,389233E-1;1,095324E-1;1,038306E-1;9,363069E-1;;
30/11/2021  14:47:39,845783;9,394031E-1;1,468062E-1;1,426902E-1;9,364382E-1;;
30/11/2021  14:47:39,845883;9,388905E-1;4,581638E-2;1,142563E-1;9,365691E-1;;
30/11/2021  14:47:39,845983;9,385686E-1;9,264764E-2;7,855599E-2;9,366993E-1;;
30/11/2021  14:47:39,846083;9,381723E-1;1,085766E-1;1,313166E-1;9,368283E-1;;
30/11/2021  14:47:39,846183;9,381186E-1;1,197269E-1;1,275255E-1;9,369557E-1;;
30/11/2021  14:47:39,846283;9,387117E-1;1,101695E-1;1,079377E-1;9,370811E-1;;
30/11/2021  14:47:39,846383;9,394538E-1;1,299215E-1;1,284732E-1;9,372042E-1;;
30/11/2021  14:47:39,846483;9,387832E-1;1,289658E-1;1,107811E-1;9,373246E-1;;
30/11/2021  14:47:39,846583;9,395849E-1;1,433019E-1;1,363715E-1;9,374423E-1;;
30/11/2021  14:47:39,846683;9,389889E-1;1,267357E-1;1,262617E-1;9,375572E-1;;
30/11/2021  14:47:39,846783;9,386610E-1;1,385232E-1;1,278414E-1;9,376690E-1;;
30/11/2021  14:47:39,846883;9,386908E-1;1,321516E-1;1,265777E-1;9,377777E-1;;
30/11/2021  14:47:39,846983;9,389144E-1;1,245056E-1;1,265777E-1;9,378830E-1;;
30/11/2021  14:47:39,847083;9,397131E-1;8,723178E-2;9,561632E-2;9,379848E-1;;
30/11/2021  14:47:39,847183;9,397578E-1;1,152668E-1;1,174156E-1;9,380831E-1;;
30/11/2021  14:47:39,847283;9,399187E-1;1,197269E-1;1,205749E-1;9,381779E-1;;
30/11/2021  14:47:39,847383;9,393823E-1;3,307318E-2;3,337771E-2;9,382694E-1;;
30/11/2021  14:47:39,847483;9,392482E-1;1,114439E-1;1,392149E-1;9,383575E-1;;
30/11/2021  14:47:39,847583;9,395045E-1;4,040052E-2;1,512204E-1;9,384423E-1;;
30/11/2021  14:47:39,847683;9,400648E-1;6,365686E-2;7,634447E-2;9,385238E-1;;
30/11/2021  14:47:39,847783;9,407860E-1;9,678918E-2;1,050943E-1;9,386020E-1;;
30/11/2021  14:47:39,847883;9,408426E-1;1,060280E-1;1,332122E-1;9,386773E-1;;
30/11/2021  14:47:39,847983;9,405207E-1;9,742634E-2;1,047783E-1;9,387498E-1;;
30/11/2021  14:47:39,848083;9,392631E-1;9,806350E-2;1,101492E-1;9,388198E-1;;
30/11/2021  14:47:39,848183;9,393972E-1;9,328480E-2;1,060421E-1;9,388873E-1;;
30/11/2021  14:47:39,848283;9,397757E-1;1,092138E-1;1,164678E-1;9,389524E-1;;
30/11/2021  14:47:39,848383;9,402823E-1;8,213450E-2;8,234717E-2;9,390148E-1;;
30/11/2021  14:47:39,848483;9,403807E-1;1,006121E-1;1,275255E-1;9,390748E-1;;
30/11/2021  14:47:39,848583;9,393703E-1;1,299215E-1;1,404787E-1;9,391325E-1;;
30/11/2021  14:47:39,848683;9,393882E-1;1,159040E-1;1,161519E-1;9,391878E-1;;
30/11/2021  14:47:39,848783;9,391289E-1;6,238254E-2;5,264957E-2;9,392407E-1;;
30/11/2021  14:47:39,848883;9,386759E-1;1,203641E-1;1,385831E-1;9,392911E-1;;
30/11/2021  14:47:39,848983;9,393852E-1;1,222756E-1;9,719598E-2;9,393388E-1;;
30/11/2021  14:47:39,849083;9,391200E-1;1,499920E-1;1,430061E-1;9,393838E-1;;
30/11/2021  14:47:39,849183;9,393227E-1;1,579565E-1;1,445858E-1;9,394261E-1;;
30/11/2021  14:47:39,849283;9,386461E-1;1,722926E-1;1,777586E-1;9,394654E-1;;
30/11/2021  14:47:39,849383;9,383988E-1;1,493549E-1;1,373193E-1;9,395019E-1;;
30/11/2021  14:47:39,849483;9,378742E-1;1,439390E-1;1,385831E-1;9,395353E-1;;
30/11/2021  14:47:39,849583;9,384345E-1;1,127182E-1;1,088855E-1;9,395655E-1;;
30/11/2021  14:47:39,849683;9,385984E-1;4,390490E-2;4,506720E-2;9,395922E-1;;
30/11/2021  14:47:39,849783;9,392929E-1;8,861098E-3;-1,053683E-2;9,396156E-1;;
30/11/2021  14:47:39,849883;9,395402E-1;1,146297E-1;1,158360E-1;9,396355E-1;;
30/11/2021  14:47:39,849983;9,395730E-1;1,171783E-1;1,227865E-1;9,396524E-1;;
30/11/2021  14:47:39,850083;9,392213E-1;1,139925E-1;9,624818E-2;9,396662E-1;;
30/11/2021  14:47:39,850183;9,390097E-1;1,031608E-1;8,487463E-2;9,396773E-1;;
30/11/2021  14:47:39,850283;9,395760E-1;3,785188E-2;3,464144E-2;9,396857E-1;;
30/11/2021  14:47:39,850383;9,411377E-1;7,225852E-2;8,550650E-2;9,396917E-1;;
30/11/2021  14:47:39,850483;9,413522E-1;2,001140E-2;1,189434E-2;9,396957E-1;;
30/11/2021  14:47:39,850583;9,414327E-1;9,615202E-2;6,086380E-2;9,396982E-1;;
30/11/2021  14:47:39,850683;9,416056E-1;1,219570E-1;1,199431E-1;9,396997E-1;;
30/11/2021  14:47:39,850783;9,415251E-1;1,318330E-1;1,300529E-1;9,397007E-1;;
30/11/2021  14:47:39,850883;9,416324E-1;1,276914E-1;1,291051E-1;9,397018E-1;;
30/11/2021  14:47:39,850983;9,420407E-1;1,267357E-1;1,243661E-1;9,397034E-1;;
30/11/2021  14:47:39,851083;9,430719E-1;1,337445E-1;1,272095E-1;9,397060E-1;;
30/11/2021  14:47:39,851183;9,433192E-1;1,155854E-1;1,275255E-1;9,397100E-1;;
30/11/2021  14:47:39,851283;9,435428E-1;1,331073E-1;1,357397E-1;9,397160E-1;;
30/11/2021  14:47:39,851383;9,437156E-1;1,264171E-1;1,275255E-1;9,397247E-1;;
30/11/2021  14:47:39,851483;9,432716E-1;1,241871E-1;1,218387E-1;9,397365E-1;;
30/11/2021  14:47:39,851583;9,434683E-1;1,219570E-1;1,155200E-1;9,397519E-1;;
30/11/2021  14:47:39,851683;9,444935E-1;1,302401E-1;1,272095E-1;9,397712E-1;;
30/11/2021  14:47:39,851783;9,443772E-1;1,340630E-1;1,401627E-1;9,397948E-1;;
30/11/2021  14:47:39,851883;9,446067E-1;1,057094E-1;7,002583E-2;9,398231E-1;;
30/11/2021  14:47:39,851983;9,447200E-1;1,028422E-1;1,136244E-1;9,398564E-1;;
30/11/2021  14:47:39,852083;9,442968E-1;1,241871E-1;1,325804E-1;9,398949E-1;;
30/11/2021  14:47:39,852183;9,443266E-1;1,216384E-1;1,366875E-1;9,399389E-1;;
30/11/2021  14:47:39,852283;9,447051E-1;1,280100E-1;1,310007E-1;9,399884E-1;;
30/11/2021  14:47:39,852383;9,451730E-1;1,041165E-1;1,679647E-1;9,400435E-1;;
30/11/2021  14:47:39,852483;9,462012E-1;1,321516E-1;1,189953E-1;9,401043E-1;;
30/11/2021  14:47:39,852583;9,460730E-1;1,289658E-1;1,464814E-1;9,401709E-1;;
30/11/2021  14:47:39,852683;9,463293E-1;1,181340E-1;1,275255E-1;9,402436E-1;;
30/11/2021  14:47:39,852783;9,452654E-1;1,296029E-1;1,322644E-1;9,403224E-1;;
30/11/2021  14:47:39,852883;9,451223E-1;1,525407E-1;1,486929E-1;9,404073E-1;;
30/11/2021  14:47:39,852983;9,459270E-1;1,401161E-1;1,363715E-1;9,404981E-1;;
30/11/2021  14:47:39,853083;9,465111E-1;1,257800E-1;1,268936E-1;9,405948E-1;;
30/11/2021  14:47:39,853183;9,470834E-1;1,353374E-1;1,310007E-1;9,406971E-1;;
30/11/2021  14:47:39,853283;9,469343E-1;1,219570E-1;9,150920E-2;9,408051E-1;;
30/11/2021  14:47:39,853383;9,463532E-1;1,296029E-1;1,480610E-1;9,409188E-1;;
30/11/2021  14:47:39,853483;9,455306E-1;1,671954E-1;2,077722E-1;9,410378E-1;;
30/11/2021  14:47:39,853583;9,460730E-1;1,165411E-1;1,268936E-1;9,411620E-1;;
30/11/2021  14:47:39,853683;9,457929E-1;1,251428E-1;1,253139E-1;9,412909E-1;;
30/11/2021  14:47:39,853783;9,463830E-1;1,299215E-1;1,325804E-1;9,414241E-1;;
30/11/2021  14:47:39,853883;9,463472E-1;1,088952E-1;1,038306E-1;9,415611E-1;;
30/11/2021  14:47:39,853983;9,457899E-1;1,722926E-1;2,099837E-1;9,417017E-1;;
30/11/2021  14:47:39,854083;9,452713E-1;1,359745E-1;1,313166E-1;9,418454E-1;;
30/11/2021  14:47:39,854183;9,446872E-1;1,238685E-1;1,303688E-1;9,419916E-1;;
30/11/2021  14:47:39,854283;9,438825E-1;1,270543E-1;1,313166E-1;9,421397E-1;;
30/11/2021  14:47:39,854383;9,447647E-1;1,264171E-1;1,303688E-1;9,422889E-1;;
30/11/2021  14:47:39,854483;9,447468E-1;1,248242E-1;1,155200E-1;9,424384E-1;;
30/11/2021  14:47:39,854583;9,440464E-1;1,305587E-1;1,249980E-1;9,425877E-1;;
30/11/2021  14:47:39,854683;9,440673E-1;1,232313E-1;1,212068E-1;9,427361E-1;;
30/11/2021  14:47:39,854783;9,431017E-1;4,040052E-2;8,487463E-2;9,428828E-1;;
30/11/2021  14:47:39,854883;9,421122E-1;1,378860E-1;1,452176E-1;9,430273E-1;;
30/11/2021  14:47:39,854983;9,421182E-1;1,576380E-1;1,752312E-1;9,431686E-1;;
30/11/2021  14:47:39,855083;9,430361E-1;1,372488E-1;1,474292E-1;9,433058E-1;;
30/11/2021  14:47:39,855183;9,430659E-1;1,445762E-1;1,641736E-1;9,434384E-1;;
30/11/2021  14:47:39,855283;9,426636E-1;1,260985E-1;1,445858E-1;9,435656E-1;;
30/11/2021  14:47:39,855383;9,421241E-1;1,270543E-1;1,351078E-1;9,436871E-1;;
30/11/2021  14:47:39,855483;9,412628E-1;1,659210E-1;1,676488E-1;9,438024E-1;;
30/11/2021  14:47:39,855583;9,414744E-1;1,455319E-1;1,483770E-1;9,439108E-1;;
30/11/2021  14:47:39,855683;9,406072E-1;1,388417E-1;1,430061E-1;9,440118E-1;;
30/11/2021  14:47:39,855783;9,416980E-1;1,238685E-1;1,073058E-1;9,441048E-1;;
30/11/2021  14:47:39,855883;9,419930E-1;1,289658E-1;1,284732E-1;9,441895E-1;;
30/11/2021  14:47:39,855983;9,415489E-1;1,321516E-1;1,205749E-1;9,442656E-1;;
30/11/2021  14:47:39,856083;9,410125E-1;1,104881E-1;8,045158E-2;9,443330E-1;;
30/11/2021  14:47:39,856183;9,404283E-1;1,155854E-1;1,031987E-1;9,443915E-1;;
30/11/2021  14:47:39,856283;9,405267E-1;2,096714E-2;8,929768E-2;9,444409E-1;;
30/11/2021  14:47:39,856383;9,415460E-1;1,232313E-1;1,193112E-1;9,444810E-1;;
30/11/2021  14:47:39,856483;9,416205E-1;1,547707E-1;1,802861E-1;9,445119E-1;;
30/11/2021  14:47:39,856583;9,411675E-1;1,225942E-1;1,398468E-1;9,445336E-1;;
30/11/2021  14:47:39,856683;9,413493E-1;1,229127E-1;1,205749E-1;9,445464E-1;;
30/11/2021  14:47:39,856783;9,404343E-1;1,439390E-1;1,638576E-1;9,445504E-1;;
30/11/2021  14:47:39,856883;9,406400E-1;1,267357E-1;1,231024E-1;9,445458E-1;;
30/11/2021  14:47:39,856983;9,402495E-1;1,385232E-1;1,341600E-1;9,445328E-1;;
30/11/2021  14:47:39,857083;9,408784E-1;1,397975E-1;1,351078E-1;9,445114E-1;;
30/11/2021  14:47:39,857183;9,407681E-1;1,203641E-1;1,177316E-1;9,444819E-1;;
30/11/2021  14:47:39,857283;9,409469E-1;1,461691E-1;1,613302E-1;9,444447E-1;;
30/11/2021  14:47:39,857383;9,403121E-1;1,210013E-1;1,227865E-1;9,444000E-1;;
30/11/2021  14:47:39,857483;9,399426E-1;1,194084E-1;1,218387E-1;9,443482E-1;;
30/11/2021  14:47:39,857583;9,390902E-1;1,181340E-1;1,442698E-1;9,442894E-1;;
30/11/2021  14:47:39,857683;9,397697E-1;1,586986E-2;6,749837E-2;9,442239E-1;;
30/11/2021  14:47:39,857783;9,403270E-1;-8,979382E-3;5,201770E-2;9,441519E-1;;
30/11/2021  14:47:39,857883;9,399396E-1;1,136739E-1;1,338441E-1;9,440736E-1;;
30/11/2021  14:47:39,857983;9,398621E-1;1,477620E-1;1,496407E-1;9,439895E-1;;
30/11/2021  14:47:39,858083;9,391111E-1;8,532030E-2;8,361090E-2;9,438998E-1;;
30/11/2021  14:47:39,858183;9,387236E-1;1,127182E-1;1,414265E-1;9,438049E-1;;
30/11/2021  14:47:39,858283;9,383183E-1;1,187712E-1;1,316326E-1;9,437050E-1;;
30/11/2021  14:47:39,858383;9,381693E-1;1,178155E-1;1,291051E-1;9,436001E-1;;
30/11/2021  14:47:39,858483;9,391498E-1;1,060280E-1;1,208909E-1;9,434903E-1;;
30/11/2021  14:47:39,858583;9,396684E-1;1,088952E-1;1,259458E-1;9,433761E-1;;
30/11/2021  14:47:39,858683;9,390872E-1;1,706997E-1;2,188298E-1;9,432577E-1;;
30/11/2021  14:47:39,858783;9,383183E-1;1,101695E-1;1,221546E-1;9,431356E-1;;
30/11/2021  14:47:39,858883;9,372961E-1;1,155854E-1;1,243661E-1;9,430100E-1;;
30/11/2021  14:47:39,858983;9,381842E-1;1,850358E-1;1,897641E-1;9,428812E-1;;
30/11/2021  14:47:39,859083;9,378742E-1;1,852338E-3;4,311971E-3;9,427492E-1;;
30/11/2021  14:47:39,859183;9,382229E-1;1,077258E-2;1,189434E-2;9,426143E-1;;
30/11/2021  14:47:39,859283;9,382050E-1;1,172832E-2;1,347400E-2;9,424768E-1;;
30/11/2021  14:47:39,859383;9,374868E-1;9,179678E-3;1,063061E-2;9,423369E-1;;
30/11/2021  14:47:39,859483;9,364705E-1;6,949618E-3;8,735019E-3;9,421949E-1;;
30/11/2021  14:47:39,859583;9,358059E-1;1,077258E-2;1,315807E-2;9,420508E-1;;
30/11/2021  14:47:39,859683;9,357314E-1;9,498258E-3;1,063061E-2;9,419046E-1;;
30/11/2021  14:47:39,859783;9,358566E-1;6,631038E-3;8,103155E-3;9,417563E-1;;
30/11/2021  14:47:39,859883;9,350847E-1;5,038138E-3;6,839427E-3;9,416056E-1;;
30/11/2021  14:47:39,859983;9,341876E-1;9,816838E-3;1,252620E-2;9,414526E-1;;
30/11/2021  14:47:39,860083;9,342770E-1;5,993878E-3;8,419087E-3;9,412971E-1;;
30/11/2021  14:47:39,860183;9,330104E-1;5,780180E-4;3,680107E-3;9,411388E-1;;
30/11/2021  14:47:39,860283;9,326557E-1;8,965980E-4;3,680107E-3;9,409775E-1;;
30/11/2021  14:47:39,860383;9,329538E-1;2,489498E-3;4,943835E-3;9,408128E-1;;
30/11/2021  14:47:39,860483;9,332577E-1;5,780180E-4;3,364175E-3;9,406445E-1;;
30/11/2021  14:47:39,860583;9,328405E-1;3,763818E-3;6,207563E-3;9,404726E-1;;
30/11/2021  14:47:39,860683;9,324233E-1;8,965980E-4;3,680107E-3;9,402968E-1;;
30/11/2021  14:47:39,860783;9,322206E-1;1,533758E-3;3,048243E-3;9,401172E-1;;
30/11/2021  14:47:39,860883;9,312520E-1;1,852338E-3;3,996039E-3;9,399337E-1;;
30/11/2021  14:47:39,860983;9,311119E-1;3,445238E-3;5,891631E-3;9,397462E-1;;
30/11/2021  14:47:39,861083;9,313921E-1;1,215178E-3;3,048243E-3;9,395545E-1;;
30/11/2021  14:47:39,861183;9,314785E-1;5,780180E-4;3,996039E-3;9,393587E-1;;
30/11/2021  14:47:39,861283;9,313831E-1;1,215178E-3;3,680107E-3;9,391588E-1;;
30/11/2021  14:47:39,861383;9,314010E-1;3,126658E-3;4,943835E-3;9,389549E-1;;
30/11/2021  14:47:39,861483;9,310941E-1;1,215178E-3;3,048243E-3;9,387473E-1;;
30/11/2021  14:47:39,861583;9,306589E-1;1,852338E-3;3,048243E-3;9,385361E-1;;
30/11/2021  14:47:39,861683;9,308497E-1;8,965980E-4;3,680107E-3;9,383215E-1;;
30/11/2021  14:47:39,861783;9,311566E-1;1,852338E-3;3,680107E-3;9,381037E-1;;
30/11/2021  14:47:39,861883;9,320597E-1;8,965980E-4;3,680107E-3;9,378831E-1;;
30/11/2021  14:47:39,861983;9,325991E-1;1,215178E-3;3,680107E-3;9,376601E-1;;
30/11/2021  14:47:39,862083;9,321640E-1;1,215178E-3;3,364175E-3;9,374355E-1;;
30/11/2021  14:47:39,862183;9,318779E-1;8,965980E-4;3,048243E-3;9,372097E-1;;
30/11/2021  14:47:39,862283;9,323845E-1;1,533758E-3;3,680107E-3;9,369835E-1;;
30/11/2021  14:47:39,862383;9,330074E-1;1,852338E-3;5,259767E-3;9,367574E-1;;
30/11/2021  14:47:39,862483;9,329478E-1;2,489498E-3;6,839427E-3;9,365321E-1;;
30/11/2021  14:47:39,862583;9,336541E-1;4,082398E-3;8,735019E-3;9,363083E-1;;
30/11/2021  14:47:39,862683;9,338478E-1;6,949618E-3;1,315807E-2;9,360868E-1;;
30/11/2021  14:47:39,862783;9,335826E-1;1,013542E-2;1,315807E-2;9,358684E-1;;
30/11/2021  14:47:39,862883;9,333412E-1;1,363980E-2;1,600145E-2;9,356537E-1;;
30/11/2021  14:47:39,862983;9,338657E-1;9,816838E-3;1,189434E-2;9,354434E-1;;
30/11/2021  14:47:39,863083;9,344469E-1;1,618844E-2;1,821298E-2;9,352382E-1;;
30/11/2021  14:47:39,863183;9,352724E-1;3,594040E-2;4,538313E-2;9,350386E-1;;
30/11/2021  14:47:39,863283;9,357493E-1;1,618844E-2;1,916077E-2;9,348455E-1;;
30/11/2021  14:47:39,863383;9,358148E-1;7,512574E-2;8,740209E-2;9,346595E-1;;
30/11/2021  14:47:39,863483;9,353052E-1;8,723178E-2;9,656411E-2;9,344815E-1;;
30/11/2021  14:47:39,863583;9,356927E-1;9,519628E-2;9,372073E-2;9,343121E-1;;
30/11/2021  14:47:39,863683;9,360354E-1;1,523270E-2;1,600145E-2;9,341518E-1;;
30/11/2021  14:47:39,863783;9,363841E-1;2,192288E-2;2,579535E-2;9,340011E-1;;
30/11/2021  14:47:39,863883;9,369205E-1;2,638300E-2;8,803395E-2;9,338604E-1;;
30/11/2021  14:47:39,863983;9,371232E-1;5,760384E-2;5,422923E-2;9,337303E-1;;
30/11/2021  14:47:39,864083;9,369950E-1;2,861306E-2;4,917431E-2;9,336113E-1;;
30/11/2021  14:47:39,864183;9,362768E-1;1,375674E-1;1,477451E-1;9,335036E-1;;
30/11/2021  14:47:39,864283;9,364854E-1;2,254955E-1;3,044474E-1;9,334074E-1;;
30/11/2021  14:47:39,864383;9,372990E-1;1,203641E-1;1,297370E-1;9,333228E-1;;
30/11/2021  14:47:39,864483;9,378504E-1;1,200455E-1;1,183634E-1;9,332500E-1;;
30/11/2021  14:47:39,864583;9,380054E-1;1,219570E-1;1,205749E-1;9,331890E-1;;
30/11/2021  14:47:39,864683;9,386581E-1;6,939130E-2;8,045158E-2;9,331400E-1;;
30/11/2021  14:47:39,864783;9,392303E-1;1,270543E-1;1,246821E-1;9,331032E-1;;
30/11/2021  14:47:39,864883;9,388995E-1;1,280100E-1;1,253139E-1;9,330787E-1;;
30/11/2021  14:47:39,864983;9,394389E-1;1,203641E-1;1,129926E-1;9,330666E-1;;
30/11/2021  14:47:39,865083;9,404134E-1;1,461691E-1;1,575390E-1;9,330671E-1;;
30/11/2021  14:47:39,865183;9,404641E-1;1,347002E-1;1,249980E-1;9,330802E-1;;
30/11/2021  14:47:39,865283;9,416920E-1;1,805757E-1;1,768108E-1;9,331061E-1;;
30/11/2021  14:47:39,865383;9,417129E-1;1,203641E-1;1,057261E-1;9,331449E-1;;
30/11/2021  14:47:39,865483;9,416860E-1;8,149734E-2;8,992954E-2;9,331968E-1;;
30/11/2021  14:47:39,865583;9,416533E-1;1,296029E-1;1,313166E-1;9,332618E-1;;
30/11/2021  14:47:39,865683;9,419215E-1;1,276914E-1;1,338441E-1;9,333398E-1;;
30/11/2021  14:47:39,865783;9,430003E-1;1,550893E-1;1,467973E-1;9,334309E-1;;
30/11/2021  14:47:39,865883;9,436053E-1;1,034794E-1;1,493248E-1;9,335348E-1;;
30/11/2021  14:47:39,865983;9,442700E-1;1,464877E-1;1,499566E-1;9,336516E-1;;
30/11/2021  14:47:39,866083;9,435785E-1;1,480806E-1;1,543797E-1;9,337813E-1;;
30/11/2021  14:47:39,866183;9,433341E-1;1,260985E-1;1,300529E-1;9,339236E-1;;
30/11/2021  14:47:39,866283;9,434176E-1;1,375674E-1;1,284732E-1;9,340784E-1;;
30/11/2021  14:47:39,866383;9,432984E-1;1,302401E-1;1,218387E-1;9,342453E-1;;
30/11/2021  14:47:39,866483;9,440524E-1;1,181340E-1;1,240502E-1;9,344236E-1;;
30/11/2021  14:47:39,866583;9,446634E-1;1,143111E-1;1,259458E-1;9,346129E-1;;
30/11/2021  14:47:39,866683;9,444726E-1;1,264171E-1;1,221546E-1;9,348129E-1;;
30/11/2021  14:47:39,866783;9,444071E-1;-3,096140E-2;1,726518E-2;9,350230E-1;;
30/11/2021  14:47:39,866883;9,446067E-1;1,624167E-1;1,998739E-1;9,352426E-1;;
30/11/2021  14:47:39,866983;9,441329E-1;1,022050E-1;1,073058E-1;9,354713E-1;;
30/11/2021  14:47:39,867083;9,441060E-1;1,429833E-1;1,404787E-1;9,357084E-1;;
30/11/2021  14:47:39,867183;9,450806E-1;1,302401E-1;1,265777E-1;9,359531E-1;;
30/11/2021  14:47:39,867283;9,453965E-1;9,838208E-2;1,183634E-1;9,362048E-1;;
30/11/2021  14:47:39,867383;9,448720E-1;1,557265E-1;1,619620E-1;9,364628E-1;;
30/11/2021  14:47:39,867483;9,453816E-1;1,299215E-1;1,338441E-1;9,367266E-1;;
30/11/2021  14:47:39,867583;9,450687E-1;1,703812E-1;1,670170E-1;9,369955E-1;;
30/11/2021  14:47:39,867683;9,450329E-1;9,455912E-2;1,095173E-1;9,372689E-1;;
30/11/2021  14:47:39,867783;9,453071E-1;1,560451E-1;1,398468E-1;9,375460E-1;;
30/11/2021  14:47:39,867883;9,457750E-1;1,022050E-1;1,054102E-1;9,378263E-1;;
30/11/2021  14:47:39,867983;9,464307E-1;1,002936E-1;1,142563E-1;9,381090E-1;;
30/11/2021  14:47:39,868083;9,463502E-1;9,583344E-2;1,019350E-1;9,383937E-1;;
30/11/2021  14:47:39,868183;9,459002E-1;-5,549206E-2;2,642721E-2;9,386799E-1;;
30/11/2021  14:47:39,868283;9,456111E-1;7,576290E-2;1,050943E-1;9,389670E-1;;
30/11/2021  14:47:39,868383;9,460373E-1;9,296622E-2;1,044624E-1;9,392545E-1;;
30/11/2021  14:47:39,868483;9,460045E-1;6,939130E-2;7,729226E-2;9,395418E-1;;
30/11/2021  14:47:39,868583;9,465529E-1;7,034704E-2;1,120448E-1;9,398282E-1;;
30/11/2021  14:47:39,868683;9,460581E-1;5,601094E-2;6,686651E-2;9,401134E-1;;
30/11/2021  14:47:39,868783;9,463144E-1;9,073616E-2;1,066739E-1;9,403967E-1;;
30/11/2021  14:47:39,868883;9,459806E-1;4,804644E-2;1,231024E-1;9,406778E-1;;
30/11/2021  14:47:39,868983;9,457929E-1;9,997498E-2;1,101492E-1;9,409560E-1;;
30/11/2021  14:47:39,869083;9,453458E-1;8,755036E-2;8,929768E-2;9,412309E-1;;
30/11/2021  14:47:39,869183;9,453727E-1;6,588692E-2;6,781430E-2;9,415018E-1;;
30/11/2021  14:47:39,869283;9,457392E-1;1,232313E-1;1,177316E-1;9,417681E-1;;
30/11/2021  14:47:39,869383;9,452445E-1;1,703812E-1;1,335282E-1;9,420294E-1;;
30/11/2021  14:47:39,869483;9,454293E-1;1,276914E-1;9,624818E-2;9,422851E-1;;
30/11/2021  14:47:39,869583;9,448034E-1;1,111253E-1;5,991600E-2;9,425346E-1;;
30/11/2021  14:47:39,869683;9,449495E-1;1,706997E-1;1,796542E-1;9,427776E-1;;
30/11/2021  14:47:39,869783;9,453160E-1;1,487177E-1;1,287892E-1;9,430135E-1;;
30/11/2021  14:47:39,869883;9,451462E-1;3,817046E-2;3,653703E-2;9,432419E-1;;
30/11/2021  14:47:39,869983;9,455038E-1;1,302401E-1;1,253139E-1;9,434626E-1;;
30/11/2021  14:47:39,870083;9,460909E-1;1,063466E-1;9,719598E-2;9,436752E-1;;
30/11/2021  14:47:39,870183;9,464813E-1;8,786894E-2;8,361090E-2;9,438796E-1;;
30/11/2021  14:47:39,870283;9,462012E-1;1,057094E-1;9,877564E-2;9,440759E-1;;
30/11/2021  14:47:39,870383;9,464247E-1;1,194084E-1;1,227865E-1;9,442642E-1;;
30/11/2021  14:47:39,870483;9,470059E-1;1,235499E-1;1,170997E-1;9,444444E-1;;
30/11/2021  14:47:39,870583;9,470327E-1;8,500172E-2;8,771802E-2;9,446168E-1;;
30/11/2021  14:47:39,870683;9,479029E-1;1,149482E-1;1,183634E-1;9,447816E-1;;
30/11/2021  14:47:39,870783;9,484305E-1;1,197269E-1;1,224705E-1;9,449391E-1;;
30/11/2021  14:47:39,870883;9,482636E-1;1,216384E-1;1,186794E-1;9,450897E-1;;
30/11/2021  14:47:39,870983;9,487642E-1;1,127182E-1;1,025668E-1;9,452340E-1;;
30/11/2021  14:47:39,871083;9,495510E-1;1,044351E-1;1,136244E-1;9,453724E-1;;
30/11/2021  14:47:39,871183;9,501322E-1;1,280100E-1;1,202590E-1;9,455055E-1;;
30/11/2021  14:47:39,871283;9,506538E-1;1,289658E-1;1,253139E-1;9,456339E-1;;
30/11/2021  14:47:39,871383;9,507640E-1;1,034794E-1;9,877564E-2;9,457583E-1;;
30/11/2021  14:47:39,871483;9,513839E-1;1,273729E-1;1,265777E-1;9,458796E-1;;
30/11/2021  14:47:39,871583;9,511813E-1;1,254614E-1;1,246821E-1;9,459983E-1;;
30/11/2021  14:47:39,871683;9,515121E-1;1,254614E-1;1,262617E-1;9,461151E-1;;
30/11/2021  14:47:39,871783;9,513333E-1;1,276914E-1;1,322644E-1;9,462306E-1;;
30/11/2021  14:47:39,871883;9,514257E-1;1,289658E-1;1,259458E-1;9,463454E-1;;
30/11/2021  14:47:39,871983;9,524151E-1;1,280100E-1;1,256299E-1;9,464598E-1;;
30/11/2021  14:47:39,872083;9,519114E-1;1,289658E-1;1,363715E-1;9,465744E-1;;
30/11/2021  14:47:39,872183;9,515836E-1;1,155854E-1;1,196272E-1;9,466895E-1;;
30/11/2021  14:47:39,872283;9,514853E-1;1,375674E-1;1,284732E-1;9,468055E-1;;
30/11/2021  14:47:39,872383;9,506001E-1;1,592309E-1;1,486929E-1;9,469224E-1;;
30/11/2021  14:47:39,872483;9,505524E-1;1,273729E-1;1,303688E-1;9,470404E-1;;
30/11/2021  14:47:39,872583;9,501620E-1;1,267357E-1;1,231024E-1;9,471591E-1;;
30/11/2021  14:47:39,872683;9,506269E-1;1,455319E-1;1,648054E-1;9,472785E-1;;
30/11/2021  14:47:39,872783;9,500279E-1;1,315144E-1;1,177316E-1;9,473983E-1;;
30/11/2021  14:47:39,872883;9,492441E-1;1,018865E-1;9,245700E-2;9,475182E-1;;
30/11/2021  14:47:39,872983;9,485228E-1;1,238685E-1;1,392149E-1;9,476378E-1;;
30/11/2021  14:47:39,873083;9,482159E-1;1,292843E-1;1,325804E-1;9,477567E-1;;
30/11/2021  14:47:39,873183;9,485199E-1;1,340630E-1;1,332122E-1;9,478741E-1;;
30/11/2021  14:47:39,873283;9,481712E-1;1,327887E-1;1,328963E-1;9,479895E-1;;
30/11/2021  14:47:39,873383;9,480192E-1;7,448858E-2;1,035146E-1;9,481024E-1;;
30/11/2021  14:47:39,873483;9,476675E-1;1,471248E-1;1,635417E-1;9,482123E-1;;
30/11/2021  14:47:39,873583;9,472741E-1;1,404346E-1;1,407946E-1;9,483186E-1;;
30/11/2021  14:47:39,873683;9,468598E-1;1,197269E-1;1,246821E-1;9,484207E-1;;
30/11/2021  14:47:39,873783;9,463830E-1;1,302401E-1;1,291051E-1;9,485181E-1;;
30/11/2021  14:47:39,873883;9,458883E-1;1,305587E-1;1,278414E-1;9,486102E-1;;
30/11/2021  14:47:39,873983;9,460611E-1;1,210013E-1;1,231024E-1;9,486964E-1;;
30/11/2021  14:47:39,874083;9,459598E-1;1,302401E-1;1,284732E-1;9,487761E-1;;
30/11/2021  14:47:39,874183;9,454561E-1;1,308772E-1;1,310007E-1;9,488488E-1;;
30/11/2021  14:47:39,874283;9,450270E-1;1,139925E-1;8,740209E-2;9,489142E-1;;
30/11/2021  14:47:39,874383;9,438646E-1;1,410718E-1;1,594346E-1;9,489717E-1;;
30/11/2021  14:47:39,874483;9,435130E-1;1,168597E-1;1,303688E-1;9,490207E-1;;
30/11/2021  14:47:39,874583;9,430689E-1;9,232906E-2;9,087734E-2;9,490607E-1;;
30/11/2021  14:47:39,874683;9,426785E-1;1,372488E-1;1,815498E-1;9,490912E-1;;
30/11/2021  14:47:39,874783;9,417248E-1;1,311958E-1;1,471132E-1;9,491115E-1;;
30/11/2021  14:47:39,874883;9,413165E-1;1,302401E-1;1,303688E-1;9,491211E-1;;
30/11/2021  14:47:39,874983;9,404254E-1;1,356559E-1;1,328963E-1;9,491194E-1;;
30/11/2021  14:47:39,875083;9,398114E-1;1,394789E-1;1,442698E-1;9,491059E-1;;
30/11/2021  14:47:39,875183;9,393733E-1;1,260985E-1;1,370034E-1;9,490799E-1;;
30/11/2021  14:47:39,875283;9,392720E-1;1,283286E-1;1,275255E-1;9,490409E-1;;
30/11/2021  14:47:39,875383;9,391796E-1;1,299215E-1;1,316326E-1;9,489885E-1;;
30/11/2021  14:47:39,875483;9,388220E-1;1,490363E-1;1,546956E-1;9,489224E-1;;
30/11/2021  14:47:39,875583;9,387624E-1;1,286472E-1;1,265777E-1;9,488423E-1;;
30/11/2021  14:47:39,875683;9,381007E-1;8,223938E-3;7,065769E-2;9,487482E-1;;
30/11/2021  14:47:39,875783;9,381931E-1;1,448948E-1;1,619620E-1;9,486399E-1;;
30/11/2021  14:47:39,875883;9,383421E-1;1,219570E-1;1,123607E-1;9,485176E-1;;
30/11/2021  14:47:39,875983;9,390783E-1;1,034794E-1;9,877564E-2;9,483814E-1;;
30/11/2021  14:47:39,876083;9,391677E-1;9,933782E-2;6,339125E-2;9,482316E-1;;
30/11/2021  14:47:39,876183;9,391409E-1;1,337445E-1;1,401627E-1;9,480689E-1;;
30/11/2021  14:47:39,876283;9,393137E-1;1,608238E-1;1,638576E-1;9,478938E-1;;
30/11/2021  14:47:39,876383;9,393763E-1;1,308772E-1;1,297370E-1;9,477072E-1;;
30/11/2021  14:47:39,876483;9,393793E-1;1,327887E-1;1,297370E-1;9,475097E-1;;
30/11/2021  14:47:39,876583;9,400171E-1;1,407532E-1;1,398468E-1;9,473022E-1;;
30/11/2021  14:47:39,876683;9,397786E-1;1,184526E-1;1,126766E-1;9,470856E-1;;
30/11/2021  14:47:39,876783;9,399306E-1;1,852338E-3;5,707262E-2;9,468609E-1;;
30/11/2021  14:47:39,876883;9,397369E-1;1,232313E-1;1,268936E-1;9,466291E-1;;
30/11/2021  14:47:39,876983;9,398174E-1;1,302401E-1;1,243661E-1;9,463911E-1;;
30/11/2021  14:47:39,877083;9,399008E-1;1,031608E-1;9,150920E-2;9,461478E-1;;
30/11/2021  14:47:39,877183;9,400946E-1;4,231200E-2;9,751191E-2;9,459002E-1;;
30/11/2021  14:47:39,877283;9,399992E-1;1,413904E-1;1,316326E-1;9,456492E-1;;
30/11/2021  14:47:39,877383;9,399932E-1;1,420275E-1;1,512204E-1;9,453957E-1;;
30/11/2021  14:47:39,877483;9,401095E-1;1,420275E-1;1,208909E-1;9,451407E-1;;
30/11/2021  14:47:39,877583;9,399992E-1;1,420275E-1;1,581709E-1;9,448850E-1;;
30/11/2021  14:47:39,877683;9,401482E-1;5,993878E-3;9,182514E-2;9,446293E-1;;
30/11/2021  14:47:39,877783;9,406221E-1;1,318330E-1;1,357397E-1;9,443746E-1;;
30/11/2021  14:47:39,877883;9,408933E-1;9,169190E-2;9,561632E-2;9,441216E-1;;
30/11/2021  14:47:39,877983;9,418917E-1;3,307318E-2;1,167838E-1;9,438713E-1;;
30/11/2021  14:47:39,878083;9,425086E-1;5,155082E-2;1,246821E-1;9,436245E-1;;
30/11/2021  14:47:39,878183;9,420258E-1;1,340630E-1;1,543797E-1;9,433822E-1;;
30/11/2021  14:47:39,878283;9,416890E-1;1,146297E-1;1,237343E-1;9,431455E-1;;
30/11/2021  14:47:39,878383;9,415162E-1;1,133553E-1;1,227865E-1;9,429151E-1;;
30/11/2021  14:47:39,878483;9,418321E-1;1,117624E-1;1,167838E-1;9,426917E-1;;
30/11/2021  14:47:39,878583;9,423775E-1;1,098510E-1;1,196272E-1;9,424758E-1;;
30/11/2021  14:47:39,878683;9,425920E-1;8,786894E-2;8,297904E-2;9,422680E-1;;
30/11/2021  14:47:39,878783;9,423894E-1;1,133553E-1;1,098333E-1;9,420690E-1;;
30/11/2021  14:47:39,878883;9,415460E-1;6,620550E-2;9,245700E-2;9,418791E-1;;
30/11/2021  14:47:39,878983;9,403151E-1;1,117624E-1;1,385831E-1;9,416988E-1;;
30/11/2021  14:47:39,879083;9,406042E-1;6,312458E-3;9,998747E-3;9,415281E-1;;
30/11/2021  14:47:39,879183;9,404224E-1;4,082398E-3;5,575699E-3;9,413668E-1;;
30/11/2021  14:47:39,879283;9,398383E-1;8,542518E-3;9,998747E-3;9,412147E-1;;
30/11/2021  14:47:39,879383;9,399902E-1;7,586778E-3;8,419087E-3;9,410718E-1;;
30/11/2021  14:47:39,879483;9,397459E-1;8,861098E-3;1,063061E-2;9,409376E-1;;
30/11/2021  14:47:39,879583;9,385150E-1;1,300264E-2;1,410586E-2;9,408118E-1;;
30/11/2021  14:47:39,879683;9,378713E-1;1,109116E-2;1,252620E-2;9,406940E-1;;
30/11/2021  14:47:39,879783;9,373110E-1;1,268406E-2;1,410586E-2;9,405835E-1;;
30/11/2021  14:47:39,879883;9,369682E-1;5,675298E-3;7,155359E-3;9,404796E-1;;
30/11/2021  14:47:39,879983;9,377073E-1;2,170918E-3;3,996039E-3;9,403815E-1;;
30/11/2021  14:47:39,880083;9,377312E-1;7,268198E-3;9,050951E-3;9,402885E-1;;
30/11/2021  14:47:39,880183;9,371560E-1;1,215178E-3;3,364175E-3;9,402000E-1;;
30/11/2021  14:47:39,880283;9,365629E-1;4,400978E-3;5,891631E-3;9,401156E-1;;
30/11/2021  14:47:39,880383;9,356956E-1;1,215178E-3;3,996039E-3;9,400346E-1;;
30/11/2021  14:47:39,880483;9,359132E-1;2,808078E-3;4,943835E-3;9,399563E-1;;
30/11/2021  14:47:39,880583;9,364318E-1;3,763818E-3;5,891631E-3;9,398800E-1;;
30/11/2021  14:47:39,880683;9,366702E-1;5,993878E-3;7,787223E-3;9,398051E-1;;
30/11/2021  14:47:39,880783;9,368043E-1;8,965980E-4;3,364175E-3;9,397314E-1;;
30/11/2021  14:47:39,880883;9,357344E-1;1,852338E-3;3,680107E-3;9,396584E-1;;
30/11/2021  14:47:39,880983;9,353738E-1;2,808078E-3;5,575699E-3;9,395858E-1;;
30/11/2021  14:47:39,881083;9,345929E-1;1,215178E-3;3,680107E-3;9,395131E-1;;
30/11/2021  14:47:39,881183;9,345750E-1;1,852338E-3;3,996039E-3;9,394399E-1;;
30/11/2021  14:47:39,881283;9,344856E-1;1,215178E-3;3,680107E-3;9,393656E-1;;
30/11/2021  14:47:39,881383;9,342412E-1;1,215178E-3;3,364175E-3;9,392898E-1;;
30/11/2021  14:47:39,881483;9,335498E-1;8,965980E-4;3,048243E-3;9,392120E-1;;
30/11/2021  14:47:39,881583;9,325067E-1;1,852338E-3;3,364175E-3;9,391317E-1;;
30/11/2021  14:47:39,881683;9,319494E-1;1,533758E-3;3,680107E-3;9,390485E-1;;
30/11/2021  14:47:39,881783;9,309659E-1;1,533758E-3;4,311971E-3;9,389617E-1;;
30/11/2021  14:47:39,881883;9,317557E-1;1,215178E-3;3,048243E-3;9,388706E-1;;
30/11/2021  14:47:39,881983;9,315918E-1;5,780180E-4;2,732311E-3;9,387747E-1;;
30/11/2021  14:47:39,882083;9,317080E-1;1,215178E-3;3,364175E-3;9,386736E-1;;
30/11/2021  14:47:39,882183;9,313802E-1;1,215178E-3;3,680107E-3;9,385669E-1;;
30/11/2021  14:47:39,882283;9,318600E-1;1,215178E-3;3,364175E-3;9,384546E-1;;
30/11/2021  14:47:39,882383;9,312669E-1;1,533758E-3;3,680107E-3;9,383364E-1;;
30/11/2021  14:47:39,882483;9,311596E-1;1,215178E-3;3,048243E-3;9,382124E-1;;
30/11/2021  14:47:39,882583;9,317259E-1;8,965980E-4;3,364175E-3;9,380825E-1;;
30/11/2021  14:47:39,882683;9,325186E-1;1,300264E-2;1,600145E-2;9,379469E-1;;
30/11/2021  14:47:39,882783;9,328554E-1;1,204690E-2;1,631739E-2;9,378059E-1;;
30/11/2021  14:47:39,882883;9,323309E-1;1,586986E-2;1,758111E-2;9,376598E-1;;
30/11/2021  14:47:39,882983;9,321431E-1;1,491412E-2;1,536959E-2;9,375092E-1;;
30/11/2021  14:47:39,883083;9,319852E-1;1,491412E-2;1,600145E-2;9,373545E-1;;
30/11/2021  14:47:39,883183;9,322117E-1;1,077258E-2;1,600145E-2;9,371961E-1;;
30/11/2021  14:47:39,883283;9,328584E-1;1,586986E-2;1,852891E-2;9,370343E-1;;
30/11/2021  14:47:39,883383;9,336392E-1;1,523270E-2;1,789705E-2;9,368698E-1;;
30/11/2021  14:47:39,883483;9,336213E-1;7,098420E-2;6,655058E-2;9,367033E-1;;
30/11/2021  14:47:39,883583;9,330700E-1;1,427696E-2;1,789705E-2;9,365353E-1;;
30/11/2021  14:47:39,883683;9,332667E-1;1,363980E-2;1,694925E-2;9,363666E-1;;
30/11/2021  14:47:39,883783;9,322534E-1;1,111253E-1;1,082536E-1;9,361977E-1;;
30/11/2021  14:47:39,883883;9,324054E-1;1,650702E-2;1,852891E-2;9,360291E-1;;
30/11/2021  14:47:39,883983;9,327630E-1;7,831154E-2;8,550650E-2;9,358612E-1;;
30/11/2021  14:47:39,884083;9,331981E-1;1,356559E-1;1,597505E-1;9,356943E-1;;
30/11/2021  14:47:39,884183;9,331326E-1;1,831244E-1;1,989261E-1;9,355289E-1;;
30/11/2021  14:47:39,884283;9,329895E-1;1,260985E-1;1,306848E-1;9,353654E-1;;
30/11/2021  14:47:39,884383;9,327422E-1;1,359745E-1;1,316326E-1;9,352044E-1;;
30/11/2021  14:47:39,884483;9,322176E-1;1,681511E-1;2,112474E-1;9,350460E-1;;
30/11/2021  14:47:39,884583;9,332488E-1;6,684266E-2;7,887192E-2;9,348907E-1;;
30/11/2021  14:47:39,884683;9,347807E-1;1,347002E-1;1,284732E-1;9,347387E-1;;
30/11/2021  14:47:39,884783;9,343426E-1;1,570008E-1;1,531159E-1;9,345905E-1;;
30/11/2021  14:47:39,884883;9,336154E-1;1,222756E-1;1,063580E-1;9,344467E-1;;
30/11/2021  14:47:39,884983;9,338270E-1;1,181340E-1;1,013031E-1;9,343078E-1;;
30/11/2021  14:47:39,885083;9,338806E-1;1,286472E-1;1,480610E-1;9,341740E-1;;
30/11/2021  14:47:39,885183;9,336660E-1;1,197269E-1;1,278414E-1;9,340456E-1;;
30/11/2021  14:47:39,885283;9,334097E-1;1,283286E-1;1,379512E-1;9,339229E-1;;
30/11/2021  14:47:39,885383;9,343277E-1;1,216384E-1;1,629098E-1;9,338061E-1;;
30/11/2021  14:47:39,885483;9,343843E-1;8,149734E-2;9,719598E-2;9,336953E-1;;
30/11/2021  14:47:39,885583;9,340416E-1;2,079736E-1;2,513708E-1;9,335907E-1;;
30/11/2021  14:47:39,885683;9,337882E-1;1,088952E-1;1,047783E-1;9,334925E-1;;
30/11/2021  14:47:39,885783;9,334962E-1;1,292843E-1;1,272095E-1;9,334008E-1;;
30/11/2021  14:47:39,885883;9,332846E-1;1,337445E-1;1,294210E-1;9,333155E-1;;
30/11/2021  14:47:39,885983;9,332697E-1;1,238685E-1;1,284732E-1;9,332365E-1;;
30/11/2021  14:47:39,886083;9,332220E-1;1,181340E-1;1,275255E-1;9,331637E-1;;
30/11/2021  14:47:39,886183;9,329091E-1;1,299215E-1;1,281573E-1;9,330969E-1;;
30/11/2021  14:47:39,886283;9,328524E-1;1,296029E-1;1,294210E-1;9,330358E-1;;
30/11/2021  14:47:39,886383;9,324739E-1;9,360338E-2;8,266311E-2;9,329802E-1;;
30/11/2021  14:47:39,886483;9,321372E-1;1,426647E-1;1,625939E-1;9,329297E-1;;
30/11/2021  14:47:39,886583;9,324382E-1;1,292843E-1;1,341600E-1;9,328840E-1;;
30/11/2021  14:47:39,886683;9,325872E-1;-4,816472E-2;3,843263E-2;9,328428E-1;;
30/11/2021  14:47:39,886783;9,330491E-1;1,257800E-1;1,183634E-1;9,328057E-1;;
30/11/2021  14:47:39,886883;9,327541E-1;1,627352E-1;1,145722E-1;9,327725E-1;;
30/11/2021  14:47:39,886983;9,324560E-1;1,353374E-1;1,347919E-1;9,327431E-1;;
30/11/2021  14:47:39,887083;9,328018E-1;1,356559E-1;1,363715E-1;9,327170E-1;;
30/11/2021  14:47:39,887183;9,327988E-1;1,108067E-1;1,325804E-1;9,326942E-1;;
30/11/2021  14:47:39,887283;9,337793E-1;1,248242E-1;1,262617E-1;9,326745E-1;;
30/11/2021  14:47:39,887383;9,338329E-1;1,206827E-1;1,234183E-1;9,326578E-1;;
30/11/2021  14:47:39,887483;9,339611E-1;1,181340E-1;1,341600E-1;9,326440E-1;;
30/11/2021  14:47:39,887583;9,336810E-1;1,254614E-1;1,234183E-1;9,326333E-1;;
30/11/2021  14:47:39,887683;9,334246E-1;1,321516E-1;1,234183E-1;9,326256E-1;;
30/11/2021  14:47:39,887783;9,331683E-1;1,136739E-1;8,139938E-2;9,326209E-1;;
30/11/2021  14:47:39,887883;9,332309E-1;1,245056E-1;1,455336E-1;9,326189E-1;;
30/11/2021  14:47:39,887983;9,335170E-1;1,276914E-1;1,142563E-1;9,326195E-1;;
30/11/2021  14:47:39,888083;9,337942E-1;1,257800E-1;1,152041E-1;9,326227E-1;;
30/11/2021  14:47:39,888183;9,338717E-1;1,213198E-1;1,047783E-1;9,326282E-1;;
30/11/2021  14:47:39,888283;9,341787E-1;1,098510E-1;1,310007E-1;9,326361E-1;;
30/11/2021  14:47:39,888383;9,339462E-1;1,617795E-1;1,505885E-1;9,326464E-1;;
30/11/2021  14:47:39,888483;9,334157E-1;1,133553E-1;1,180475E-1;9,326590E-1;;
30/11/2021  14:47:39,888583;9,342710E-1;1,108067E-1;1,136244E-1;9,326737E-1;;
30/11/2021  14:47:39,888683;9,352605E-1;9,105474E-2;1,060421E-1;9,326906E-1;;
30/11/2021  14:47:39,888783;9,356181E-1;1,002936E-1;9,561632E-2;9,327098E-1;;
30/11/2021  14:47:39,888883;9,350877E-1;3,148028E-2;5,328143E-2;9,327314E-1;;
30/11/2021  14:47:39,888983;9,357433E-1;9,870066E-2;1,088855E-1;9,327556E-1;;
30/11/2021  14:47:39,889083;9,355228E-1;4,071910E-2;4,348754E-2;9,327825E-1;;
30/11/2021  14:47:39,889183;9,353976E-1;5,409946E-2;5,580889E-2;9,328123E-1;;
30/11/2021  14:47:39,889283;9,353231E-1;3,052454E-2;1,600145E-2;9,328451E-1;;
30/11/2021  14:47:39,889383;9,358417E-1;7,608148E-2;6,023194E-2;9,328808E-1;;
30/11/2021  14:47:39,889483;9,366642E-1;1,523270E-2;1,789705E-2;9,329195E-1;;
30/11/2021  14:47:39,889583;9,362559E-1;1,746276E-2;1,852891E-2;9,329613E-1;;
30/11/2021  14:47:39,889683;9,354632E-1;1,852338E-3;6,523495E-3;9,330064E-1;;
30/11/2021  14:47:39,889783;9,354870E-1;7,193994E-2;7,318515E-2;9,330546E-1;;
30/11/2021  14:47:39,889883;9,351741E-1;1,165411E-1;1,278414E-1;9,331059E-1;;
30/11/2021  14:47:39,889983;9,355734E-1;1,273729E-1;1,268936E-1;9,331599E-1;;
30/11/2021  14:47:39,890083;9,358745E-1;1,490363E-1;1,442698E-1;9,332166E-1;;
30/11/2021  14:47:39,890183;9,356211E-1;1,331073E-1;1,319485E-1;9,332758E-1;;
30/11/2021  14:47:39,890283;9,352337E-1;1,882216E-1;1,783905E-1;9,333373E-1;;
30/11/2021  14:47:39,890383;9,347092E-1;1,601866E-1;1,430061E-1;9,334009E-1;;
30/11/2021  14:47:39,890483;9,343158E-1;1,694254E-1;1,433221E-1;9,334661E-1;;
30/11/2021  14:47:39,890583;9,342621E-1;1,560451E-1;1,388990E-1;9,335327E-1;;
30/11/2021  14:47:39,890683;9,352218E-1;1,547707E-1;1,496407E-1;9,336002E-1;;
30/11/2021  14:47:39,890783;9,426219E-1;1,057094E-1;9,782784E-2;9,336684E-1;;
30/11/2021  14:47:39,890883;9,427768E-1;1,213198E-1;1,420583E-1;9,337380E-1;;
30/11/2021  14:47:39,890983;9,425563E-1;1,280100E-1;1,401627E-1;9,338101E-1;;
30/11/2021  14:47:39,891083;9,428752E-1;1,904517E-1;1,824976E-1;9,338861E-1;;
30/11/2021  14:47:39,891183;9,430302E-1;1,608238E-1;1,531159E-1;9,339670E-1;;
30/11/2021  14:47:39,891283;9,438199E-1;1,292843E-1;1,685966E-1;9,340536E-1;;
30/11/2021  14:47:39,891383;9,436530E-1;1,652839E-1;1,351078E-1;9,341470E-1;;
30/11/2021  14:47:39,891483;9,433341E-1;1,824872E-1;2,074562E-1;9,342477E-1;;
30/11/2021  14:47:39,891583;9,435577E-1;1,652839E-1;1,534319E-1;9,343564E-1;;
30/11/2021  14:47:39,891683;9,431225E-1;1,547707E-1;1,531159E-1;9,344735E-1;;
30/11/2021  14:47:39,891783;9,426815E-1;2,481147E-1;2,030332E-1;9,345991E-1;;
30/11/2021  14:47:39,891883;9,433163E-1;1,464877E-1;1,524841E-1;9,347333E-1;;
30/11/2021  14:47:39,891983;9,441716E-1;2,733874E-2;7,002583E-2;9,348761E-1;;
30/11/2021  14:47:39,892083;9,438199E-1;1,541336E-1;1,373193E-1;9,350274E-1;;
30/11/2021  14:47:39,892183;9,435755E-1;8,309024E-2;6,433905E-2;9,351872E-1;;
30/11/2021  14:47:39,892283;9,435666E-1;1,283286E-1;1,493248E-1;9,353554E-1;;
30/11/2021  14:47:39,892383;9,433908E-1;8,563888E-2;9,056141E-2;9,355315E-1;;
30/11/2021  14:47:39,892483;9,432567E-1;1,528593E-1;1,648054E-1;9,357153E-1;;
30/11/2021  14:47:39,892583;9,433848E-1;1,280100E-1;1,240502E-1;9,359063E-1;;
30/11/2021  14:47:39,892683;9,435487E-1;1,388417E-1;1,388990E-1;9,361039E-1;;
30/11/2021  14:47:39,892783;9,435606E-1;1,190898E-1;1,723878E-1;9,363077E-1;;
30/11/2021  14:47:39,892883;9,427619E-1;1,767528E-1;2,185139E-1;9,365172E-1;;
30/11/2021  14:47:39,892983;9,421629E-1;1,426647E-1;1,436380E-1;9,367315E-1;;
30/11/2021  14:47:39,893083;9,418917E-1;1,311958E-1;1,319485E-1;9,369500E-1;;
30/11/2021  14:47:39,893183;9,413373E-1;1,302401E-1;1,316326E-1;9,371717E-1;;
30/11/2021  14:47:39,893283;9,412956E-1;1,302401E-1;1,319485E-1;9,373957E-1;;
30/11/2021  14:47:39,893383;9,415162E-1;1,299215E-1;1,227865E-1;9,376211E-1;;
30/11/2021  14:47:39,893483;9,409320E-1;1,260985E-1;1,224705E-1;9,378468E-1;;
30/11/2021  14:47:39,893583;9,403866E-1;8,181592E-2;9,972343E-2;9,380719E-1;;
30/11/2021  14:47:39,893683;9,401750E-1;7,831154E-2;1,003553E-1;9,382956E-1;;
30/11/2021  14:47:39,893783;9,401691E-1;1,433019E-1;1,859729E-1;9,385168E-1;;
30/11/2021  14:47:39,893883;9,401542E-1;8,914326E-2;9,340479E-2;9,387345E-1;;
30/11/2021  14:47:39,893983;9,402853E-1;1,359745E-1;1,411105E-1;9,389480E-1;;
30/11/2021  14:47:39,894083;9,405803E-1;1,538150E-1;1,597505E-1;9,391565E-1;;
30/11/2021  14:47:39,894183;9,403449E-1;1,028422E-1;1,382671E-1;9,393593E-1;;
30/11/2021  14:47:39,894283;9,397995E-1;1,296029E-1;1,445858E-1;9,395558E-1;;
30/11/2021  14:47:39,894383;9,391766E-1;1,614609E-1;1,632258E-1;9,397455E-1;;
30/11/2021  14:47:39,894483;9,392899E-1;1,276914E-1;1,388990E-1;9,399278E-1;;
30/11/2021  14:47:39,894583;9,397816E-1;1,292843E-1;1,370034E-1;9,401021E-1;;
30/11/2021  14:47:39,894683;9,401333E-1;1,254614E-1;1,158360E-1;9,402679E-1;;
30/11/2021  14:47:39,894783;9,405178E-1;1,401161E-1;1,420583E-1;9,404249E-1;;
30/11/2021  14:47:39,894883;9,406101E-1;1,238685E-1;1,281573E-1;9,405730E-1;;
30/11/2021  14:47:39,894983;9,400558E-1;1,219570E-1;1,038306E-1;9,407121E-1;;
30/11/2021  14:47:39,895083;9,397280E-1;1,315144E-1;1,237343E-1;9,408422E-1;;
30/11/2021  14:47:39,895183;9,402406E-1;1,305587E-1;1,246821E-1;9,409632E-1;;
30/11/2021  14:47:39,895283;9,405178E-1;1,407532E-1;1,344760E-1;9,410751E-1;;
30/11/2021  14:47:39,895383;9,411257E-1;1,706997E-1;1,926074E-1;9,411780E-1;;
30/11/2021  14:47:39,895483;9,410423E-1;1,394789E-1;1,411105E-1;9,412721E-1;;
30/11/2021  14:47:39,895583;9,410244E-1;1,063466E-1;1,170997E-1;9,413577E-1;;
30/11/2021  14:47:39,895683;9,405952E-1;1,550893E-1;1,764949E-1;9,414350E-1;;
30/11/2021  14:47:39,895783;9,400290E-1;1,311958E-1;1,493248E-1;9,415044E-1;;
30/11/2021  14:47:39,895883;9,404313E-1;1,359745E-1;1,376353E-1;9,415660E-1;;
30/11/2021  14:47:39,895983;9,401989E-1;1,394789E-1;1,455336E-1;9,416200E-1;;
30/11/2021  14:47:39,896083;9,410900E-1;1,385232E-1;1,332122E-1;9,416666E-1;;
30/11/2021  14:47:39,896183;9,412539E-1;1,573194E-1;1,641736E-1;9,417060E-1;;
30/11/2021  14:47:39,896283;9,409052E-1;1,417090E-1;1,341600E-1;9,417388E-1;;
30/11/2021  14:47:39,896383;9,413135E-1;1,509478E-1;1,430061E-1;9,417653E-1;;
30/11/2021  14:47:39,896483;9,414476E-1;1,215178E-3;2,732311E-3;9,417858E-1;;
30/11/2021  14:47:39,896583;9,416205E-1;4,400978E-3;5,259767E-3;9,418010E-1;;
30/11/2021  14:47:39,896683;9,424162E-1;5,780180E-4;3,048243E-3;9,418111E-1;;
30/11/2021  14:47:39,896783;9,430361E-1;4,082398E-3;6,207563E-3;9,418169E-1;;
30/11/2021  14:47:39,896883;9,424579E-1;5,993878E-3;7,787223E-3;9,418190E-1;;
30/11/2021  14:47:39,896983;9,424281E-1;2,170918E-3;3,996039E-3;9,418179E-1;;
30/11/2021  14:47:39,897083;9,418172E-1;9,179678E-3;1,157841E-2;9,418143E-1;;
30/11/2021  14:47:39,897183;9,416205E-1;4,719558E-3;6,523495E-3;9,418084E-1;;
30/11/2021  14:47:39,897283;9,418023E-1;2,808078E-3;4,943835E-3;9,418007E-1;;
30/11/2021  14:47:39,897383;9,423506E-1;1,215178E-3;3,048243E-3;9,417914E-1;;
30/11/2021  14:47:39,897483;9,420407E-1;1,852338E-3;4,311971E-3;9,417807E-1;;
30/11/2021  14:47:39,897583;9,411824E-1;1,533758E-3;3,680107E-3;9,417691E-1;;
30/11/2021  14:47:39,897683;9,409976E-1;1,852338E-3;3,996039E-3;9,417566E-1;;
30/11/2021  14:47:39,897783;9,407055E-1;1,533758E-3;3,364175E-3;9,417433E-1;;
30/11/2021  14:47:39,897883;9,402495E-1;2,808078E-3;4,627903E-3;9,417292E-1;;
30/11/2021  14:47:39,897983;9,401929E-1;5,780180E-4;3,996039E-3;9,417142E-1;;
30/11/2021  14:47:39,898083;9,405982E-1;3,126658E-3;5,575699E-3;9,416982E-1;;
30/11/2021  14:47:39,898183;9,401571E-1;8,965980E-4;3,048243E-3;9,416811E-1;;
30/11/2021  14:47:39,898283;9,397131E-1;1,215178E-3;3,680107E-3;9,416629E-1;;
30/11/2021  14:47:39,898383;9,397041E-1;8,965980E-4;3,996039E-3;9,416434E-1;;
30/11/2021  14:47:39,898483;9,389144E-1;8,965980E-4;3,364175E-3;9,416224E-1;;
30/11/2021  14:47:39,898583;9,386938E-1;5,038138E-3;7,471291E-3;9,415997E-1;;
30/11/2021  14:47:39,898683;9,387743E-1;5,675298E-3;8,419087E-3;9,415752E-1;;
30/11/2021  14:47:39,898783;9,392273E-1;1,533758E-3;3,364175E-3;9,415484E-1;;
30/11/2021  14:47:39,898883;9,387862E-1;1,533758E-3;3,996039E-3;9,415193E-1;;
30/11/2021  14:47:39,898983;9,383898E-1;1,533758E-3;3,364175E-3;9,414878E-1;;
30/11/2021  14:47:39,899083;9,381544E-1;1,852338E-3;3,364175E-3;9,414537E-1;;
30/11/2021  14:47:39,899183;9,374630E-1;8,965980E-4;3,680107E-3;9,414168E-1;;
30/11/2021  14:47:39,899283;9,379994E-1;1,215178E-3;3,680107E-3;9,413768E-1;;
30/11/2021  14:47:39,899383;9,384286E-1;8,965980E-4;3,364175E-3;9,413337E-1;;
30/11/2021  14:47:39,899483;9,381544E-1;5,993878E-3;1,126247E-2;9,412873E-1;;
30/11/2021  14:47:39,899583;9,380441E-1;2,808078E-3;4,311971E-3;9,412377E-1;;
30/11/2021  14:47:39,899683;9,380083E-1;5,780180E-4;2,732311E-3;9,411849E-1;;
30/11/2021  14:47:39,899783;9,367179E-1;3,126658E-3;5,259767E-3;9,411289E-1;;
30/11/2021  14:47:39,899883;9,367596E-1;1,215178E-3;3,680107E-3;9,410695E-1;;
30/11/2021  14:47:39,899983;9,370070E-1;6,312458E-3;7,787223E-3;9,410067E-1;;
30/11/2021  14:47:39,900083;9,374719E-1;1,395838E-2;1,694925E-2;9,409404E-1;;
30/11/2021  14:47:39,900183;9,372871E-1;1,459554E-2;1,789705E-2;9,408706E-1;;
30/11/2021  14:47:39,900283;9,360980E-1;1,682560E-2;2,421569E-2;9,407973E-1;;
30/11/2021  14:47:39,900383;9,359072E-1;1,555128E-2;2,263603E-2;9,407206E-1;;
30/11/2021  14:47:39,900483;9,359102E-1;1,204690E-2;1,600145E-2;9,406403E-1;;
30/11/2021  14:47:39,900583;9,354274E-1;1,300264E-2;1,663332E-2;9,405563E-1;;
30/11/2021  14:47:39,900683;9,357135E-1;1,140974E-2;1,442179E-2;9,404686E-1;;
30/11/2021  14:47:39,900783;9,363602E-1;1,300264E-2;1,600145E-2;9,403771E-1;;
30/11/2021  14:47:39,900883;9,360890E-1;1,190898E-1;1,433221E-1;9,402820E-1;;
30/11/2021  14:47:39,900983;9,361427E-1;6,779840E-2;9,593225E-2;9,401833E-1;;
30/11/2021  14:47:39,901083;9,357225E-1;1,560451E-1;1,657532E-1;9,400813E-1;;
30/11/2021  14:47:39,901183;9,352307E-1;1,015679E-1;9,972343E-2;9,399761E-1;;
30/11/2021  14:47:39,901283;9,354274E-1;1,650702E-2;1,821298E-2;9,398678E-1;;
30/11/2021  14:47:39,901383;9,360354E-1;2,287862E-2;5,201770E-2;9,397566E-1;;
30/11/2021  14:47:39,901483;9,363364E-1;2,256004E-2;3,400958E-2;9,396427E-1;;
30/11/2021  14:47:39,901583;9,362053E-1;2,032998E-2;2,042450E-2;9,395263E-1;;
30/11/2021  14:47:39,901683;9,364228E-1;3,498466E-2;2,927060E-2;9,394080E-1;;
30/11/2021  14:47:39,901783;9,355705E-1;1,283286E-1;1,177316E-1;9,392880E-1;;
30/11/2021  14:47:39,901883;9,366613E-1;5,282514E-2;5,233363E-2;9,391667E-1;;
30/11/2021  14:47:39,901983;9,368192E-1;7,353284E-2;7,476481E-2;9,390444E-1;;
30/11/2021  14:47:39,902083;9,373050E-1;1,098510E-1;1,076217E-1;9,389215E-1;;
30/11/2021  14:47:39,902183;9,383183E-1;1,165411E-1;1,284732E-1;9,387988E-1;;
30/11/2021  14:47:39,902283;9,378981E-1;1,859916E-1;1,733356E-1;9,386766E-1;;
30/11/2021  14:47:39,902383;9,386461E-1;1,168597E-1;1,284732E-1;9,385559E-1;;
30/11/2021  14:47:39,902483;9,375762E-1;1,245056E-1;1,212068E-1;9,384371E-1;;
30/11/2021  14:47:39,902583;9,384226E-1;1,251428E-1;1,215227E-1;9,383208E-1;;
30/11/2021  14:47:39,902683;9,398472E-1;1,229127E-1;1,224705E-1;9,382076E-1;;
30/11/2021  14:47:39,902783;9,402436E-1;1,362931E-1;1,417424E-1;9,380982E-1;;
30/11/2021  14:47:39,902883;9,405118E-1;1,260985E-1;1,291051E-1;9,379934E-1;;
30/11/2021  14:47:39,902983;9,404134E-1;1,241871E-1;1,512204E-1;9,378938E-1;;
30/11/2021  14:47:39,903083;9,407294E-1;1,299215E-1;1,373193E-1;9,378002E-1;;
30/11/2021  14:47:39,903183;9,404701E-1;1,378860E-1;1,932393E-1;9,377132E-1;;
30/11/2021  14:47:39,903283;9,412688E-1;1,108067E-1;1,196272E-1;9,376334E-1;;
30/11/2021  14:47:39,903383;9,417158E-1;1,232313E-1;1,246821E-1;9,375613E-1;;
30/11/2021  14:47:39,903483;9,428007E-1;1,200455E-1;1,142563E-1;9,374974E-1;;
30/11/2021  14:47:39,903583;9,435577E-1;1,337445E-1;1,458495E-1;9,374423E-1;;
30/11/2021  14:47:39,903683;9,428036E-1;1,210013E-1;1,272095E-1;9,373967E-1;;
30/11/2021  14:47:39,903783;9,430331E-1;1,280100E-1;1,278414E-1;9,373611E-1;;
30/11/2021  14:47:39,903883;9,433431E-1;1,311958E-1;1,259458E-1;9,373359E-1;;
30/11/2021  14:47:39,903983;9,438378E-1;1,251428E-1;1,496407E-1;9,373215E-1;;
30/11/2021  14:47:39,904083;9,448839E-1;1,082581E-1;1,082536E-1;9,373182E-1;;
30/11/2021  14:47:39,904183;9,453548E-1;1,127182E-1;9,972343E-2;9,373263E-1;;
30/11/2021  14:47:39,904283;9,451253E-1;1,025236E-1;7,539667E-2;9,373462E-1;;
30/11/2021  14:47:39,904383;9,454800E-1;1,468062E-1;1,445858E-1;9,373782E-1;;
30/11/2021  14:47:39,904483;9,449197E-1;1,805757E-1;1,783905E-1;9,374224E-1;;
30/11/2021  14:47:39,904583;9,454055E-1;1,315144E-1;1,360556E-1;9,374790E-1;;
30/11/2021  14:47:39,904683;9,459151E-1;1,573194E-1;1,382671E-1;9,375479E-1;;
30/11/2021  14:47:39,904783;9,462548E-1;1,022050E-1;1,104651E-1;9,376289E-1;;
30/11/2021  14:47:39,904883;9,468837E-1;1,146297E-1;1,189953E-1;9,377221E-1;;
30/11/2021  14:47:39,904983;9,461624E-1;1,343816E-1;1,351078E-1;9,378274E-1;;
30/11/2021  14:47:39,905083;9,463264E-1;1,127182E-1;1,189953E-1;9,379445E-1;;
30/11/2021  14:47:39,905183;9,458346E-1;1,133553E-1;1,167838E-1;9,380733E-1;;
30/11/2021  14:47:39,905283;9,463770E-1;1,187712E-1;1,170997E-1;9,382131E-1;;
30/11/2021  14:47:39,905383;9,462340E-1;1,225942E-1;1,183634E-1;9,383637E-1;;
30/11/2021  14:47:39,905483;9,467734E-1;1,155854E-1;1,050943E-1;9,385243E-1;;
30/11/2021  14:47:39,905583;9,466035E-1;1,101695E-1;1,215227E-1;9,386946E-1;;
30/11/2021  14:47:39,905683;9,464903E-1;7,066562E-2;2,737501E-2;9,388740E-1;;
30/11/2021  14:47:39,905783;9,459121E-1;1,213198E-1;1,445858E-1;9,390619E-1;;
30/11/2021  14:47:39,905883;9,457959E-1;1,280100E-1;1,388990E-1;9,392576E-1;;
30/11/2021  14:47:39,905983;9,460164E-1;1,260985E-1;1,395309E-1;9,394603E-1;;
30/11/2021  14:47:39,906083;9,461326E-1;-1,630672E-2;8,961361E-2;9,396691E-1;;
30/11/2021  14:47:39,906183;9,466035E-1;1,347002E-1;1,259458E-1;9,398834E-1;;
30/11/2021  14:47:39,906283;9,466095E-1;1,236548E-2;5,738855E-2;9,401025E-1;;
30/11/2021  14:47:39,906383;9,463174E-1;1,184526E-1;1,310007E-1;9,403256E-1;;
30/11/2021  14:47:39,906483;9,456737E-1;1,292843E-1;1,322644E-1;9,405521E-1;;
30/11/2021  14:47:39,906583;9,451193E-1;1,260985E-1;1,278414E-1;9,407812E-1;;
30/11/2021  14:47:39,906683;9,454055E-1;4,581638E-2;8,108345E-2;9,410120E-1;;
30/11/2021  14:47:39,906783;9,456498E-1;1,216384E-1;1,098333E-1;9,412436E-1;;
30/11/2021  14:47:39,906883;9,455336E-1;1,286472E-1;1,272095E-1;9,414753E-1;;
30/11/2021  14:47:39,906983;9,455038E-1;1,210013E-1;1,148882E-1;9,417063E-1;;
30/11/2021  14:47:39,907083;9,446961E-1;4,549780E-2;4,791059E-2;9,419358E-1;;
30/11/2021  14:47:39,907183;9,447587E-1;9,009900E-2;8,645429E-2;9,421631E-1;;
30/11/2021  14:47:39,907283;9,445352E-1;2,224146E-2;2,705907E-2;9,423874E-1;;
30/11/2021  14:47:39,907383;9,452833E-1;1,152668E-1;1,101492E-1;9,426080E-1;;
30/11/2021  14:47:39,907483;9,457482E-1;2,064856E-2;2,421569E-2;9,428242E-1;;
30/11/2021  14:47:39,907583;9,456081E-1;6,556834E-2;3,906449E-2;9,430357E-1;;
30/11/2021  14:47:39,907683;9,457422E-1;1,197269E-1;1,133085E-1;9,432419E-1;;
30/11/2021  14:47:39,907783;9,456111E-1;5,951532E-2;8,582243E-2;9,434427E-1;;
30/11/2021  14:47:39,907883;9,451998E-1;1,174969E-1;1,268936E-1;9,436376E-1;;
30/11/2021  14:47:39,907983;9,459926E-1;1,254614E-1;1,189953E-1;9,438264E-1;;
30/11/2021  14:47:39,908083;9,466721E-1;1,241871E-1;1,249980E-1;9,440089E-1;;
30/11/2021  14:47:39,908183;9,475960E-1;1,238685E-1;1,164678E-1;9,441850E-1;;
30/11/2021  14:47:39,908283;9,476884E-1;1,305587E-1;1,227865E-1;9,443549E-1;;
30/11/2021  14:47:39,908383;9,478791E-1;1,254614E-1;1,107811E-1;9,445188E-1;;
30/11/2021  14:47:39,908483;9,481414E-1;1,139925E-1;9,403666E-2;9,446770E-1;;
30/11/2021  14:47:39,908583;9,477152E-1;1,037979E-1;7,539667E-2;9,448298E-1;;
30/11/2021  14:47:39,908683;9,486093E-1;1,356559E-1;1,227865E-1;9,449774E-1;;
30/11/2021  14:47:39,908783;9,494169E-1;1,257800E-1;1,237343E-1;9,451201E-1;;
30/11/2021  14:47:39,908883;9,498312E-1;8,914326E-2;1,303688E-1;9,452584E-1;;
30/11/2021  14:47:39,908983;9,501292E-1;1,168597E-1;1,202590E-1;9,453928E-1;;
30/11/2021  14:47:39,909083;9,503378E-1;8,723178E-2;7,128955E-2;9,455238E-1;;
30/11/2021  14:47:39,909183;9,506955E-1;1,509478E-1;1,588027E-1;9,456520E-1;;
30/11/2021  14:47:39,909283;9,507789E-1;1,210013E-1;1,259458E-1;9,457779E-1;;
30/11/2021  14:47:39,909383;9,510144E-1;1,181340E-1;1,212068E-1;9,459020E-1;;
30/11/2021  14:47:39,909483;9,512558E-1;1,229127E-1;1,202590E-1;9,460247E-1;;
30/11/2021  14:47:39,909583;9,518757E-1;1,219570E-1;1,205749E-1;9,461466E-1;;
30/11/2021  14:47:39,909683;9,523674E-1;1,267357E-1;1,221546E-1;9,462682E-1;;
30/11/2021  14:47:39,909783;9,518608E-1;1,308772E-1;1,224705E-1;9,463898E-1;;
30/11/2021  14:47:39,909883;9,513988E-1;1,190898E-1;1,177316E-1;9,465120E-1;;
30/11/2021  14:47:39,909983;9,517982E-1;1,232313E-1;1,202590E-1;9,466349E-1;;
30/11/2021  14:47:39,910083;9,526684E-1;1,203641E-1;1,259458E-1;9,467589E-1;;
30/11/2021  14:47:39,910183;9,526088E-1;1,200455E-1;1,370034E-1;9,468841E-1;;
30/11/2021  14:47:39,910283;9,526208E-1;1,114439E-1;1,120448E-1;9,470107E-1;;
30/11/2021  14:47:39,910383;9,520962E-1;1,229127E-1;1,224705E-1;9,471391E-1;;
30/11/2021  14:47:39,910483;9,519293E-1;-1,248376E-2;3,780076E-2;9,472692E-1;;
30/11/2021  14:47:39,910583;9,515270E-1;9,678918E-2;1,243661E-1;9,474010E-1;;
30/11/2021  14:47:39,910683;9,517118E-1;1,292843E-1;1,303688E-1;9,475343E-1;;
30/11/2021  14:47:39,910783;9,515449E-1;3,944478E-2;1,291051E-1;9,476691E-1;;
30/11/2021  14:47:39,910883;9,519651E-1;1,076209E-1;1,117289E-1;9,478050E-1;;
30/11/2021  14:47:39,910983;9,517445E-1;1,200455E-1;1,518522E-1;9,479418E-1;;
30/11/2021  14:47:39,911083;9,512886E-1;9,232906E-2;1,031987E-1;9,480793E-1;;
30/11/2021  14:47:39,911183;9,503557E-1;9,328480E-2;1,057261E-1;9,482173E-1;;
30/11/2021  14:47:39,911283;9,499802E-1;1,369303E-1;1,471132E-1;9,483552E-1;;
30/11/2021  14:47:39,911383;9,499653E-1;1,088952E-1;1,202590E-1;9,484925E-1;;
30/11/2021  14:47:39,911483;9,498372E-1;5,601094E-2;8,013565E-2;9,486286E-1;;
30/11/2021  14:47:39,911583;9,497925E-1;1,012493E-1;1,095173E-1;9,487631E-1;;
30/11/2021  14:47:39,911683;9,493454E-1;1,111253E-1;1,076217E-1;9,488952E-1;;
30/11/2021  14:47:39,911783;9,482218E-1;1,260985E-1;1,133085E-1;9,490245E-1;;
30/11/2021  14:47:39,911883;9,477271E-1;1,359745E-1;1,411105E-1;9,491503E-1;;
30/11/2021  14:47:39,911983;9,469403E-1;1,630538E-1;1,667010E-1;9,492718E-1;;
30/11/2021  14:47:39,912083;9,463383E-1;1,168597E-1;9,150920E-2;9,493882E-1;;
30/11/2021  14:47:39,912183;9,468271E-1;1,382046E-1;1,594346E-1;9,494986E-1;;
30/11/2021  14:47:39,912283;9,461654E-1;1,726112E-1;1,809180E-1;9,496023E-1;;
30/11/2021  14:47:39,912383;9,455485E-1;1,891774E-1;2,061925E-1;9,496986E-1;;
30/11/2021  14:47:39,912483;9,450866E-1;1,554079E-1;1,493248E-1;9,497866E-1;;
30/11/2021  14:47:39,912583;9,446187E-1;1,382046E-1;1,414265E-1;9,498657E-1;;
30/11/2021  14:47:39,912683;9,443087E-1;1,340630E-1;1,370034E-1;9,499353E-1;;
30/11/2021  14:47:39,912783;9,442849E-1;1,324701E-1;1,328963E-1;9,499947E-1;;
30/11/2021  14:47:39,912883;9,444130E-1;1,318330E-1;1,325804E-1;9,500432E-1;;
30/11/2021  14:47:39,912983;9,446991E-1;1,292843E-1;1,275255E-1;9,500807E-1;;
30/11/2021  14:47:39,913083;9,436977E-1;1,165411E-1;1,249980E-1;9,501066E-1;;
30/11/2021  14:47:39,913183;9,433252E-1;1,311958E-1;1,253139E-1;9,501209E-1;;
30/11/2021  14:47:39,913283;9,426785E-1;1,082581E-1;9,087734E-2;9,501233E-1;;
30/11/2021  14:47:39,913383;9,424132E-1;1,222756E-1;1,136244E-1;9,501134E-1;;
30/11/2021  14:47:39,913483;9,425056E-1;1,592309E-1;1,458495E-1;9,500912E-1;;
30/11/2021  14:47:39,913583;9,428066E-1;1,417090E-1;1,556434E-1;9,500564E-1;;
30/11/2021  14:47:39,913683;9,421063E-1;1,331073E-1;1,278414E-1;9,500090E-1;;
30/11/2021  14:47:39,913783;9,417725E-1;1,165411E-1;1,186794E-1;9,499490E-1;;
30/11/2021  14:47:39,913883;9,405267E-1;1,283286E-1;1,306848E-1;9,498766E-1;;
30/11/2021  14:47:39,913983;9,413016E-1;1,331073E-1;1,328963E-1;9,497917E-1;;
30/11/2021  14:47:39,914083;9,409410E-1;1,337445E-1;1,385831E-1;9,496944E-1;;
30/11/2021  14:47:39,914183;9,411853E-1;1,229127E-1;1,202590E-1;9,495848E-1;;
30/11/2021  14:47:39,914283;9,406459E-1;1,299215E-1;1,360556E-1;9,494632E-1;;
30/11/2021  14:47:39,914383;9,401571E-1;2,168938E-1;1,840773E-1;9,493298E-1;;
30/11/2021  14:47:39,914483;9,406638E-1;1,254614E-1;1,243661E-1;9,491851E-1;;
30/11/2021  14:47:39,914583;9,399366E-1;1,203641E-1;1,167838E-1;9,490293E-1;;
30/11/2021  14:47:39,914683;9,400022E-1;1,245056E-1;1,196272E-1;9,488628E-1;;
30/11/2021  14:47:39,914783;9,400499E-1;1,369303E-1;1,319485E-1;9,486861E-1;;
30/11/2021  14:47:39,914883;9,402585E-1;1,337445E-1;1,572231E-1;9,484996E-1;;
30/11/2021  14:47:39,914983;9,405058E-1;8,277166E-2;7,097362E-2;9,483039E-1;;
30/11/2021  14:47:39,915083;9,403628E-1;1,461691E-1;1,613302E-1;9,480998E-1;;
30/11/2021  14:47:39,915183;9,397310E-1;1,436204E-1;1,458495E-1;9,478877E-1;;
30/11/2021  14:47:39,915283;9,394031E-1;1,458505E-1;1,379512E-1;9,476685E-1;;
30/11/2021  14:47:39,915383;9,388697E-1;1,413904E-1;1,439539E-1;9,474426E-1;;
30/11/2021  14:47:39,915483;9,397280E-1;1,267357E-1;1,347919E-1;9,472107E-1;;
30/11/2021  14:47:39,915583;9,394061E-1;1,318330E-1;1,114129E-1;9,469732E-1;;
30/11/2021  14:47:39,915683;9,391647E-1;8,372740E-2;1,085695E-1;9,467308E-1;;
30/11/2021  14:47:39,915783;9,388488E-1;1,375674E-1;1,423743E-1;9,464841E-1;;
30/11/2021  14:47:39,915883;9,376895E-1;1,394789E-1;1,411105E-1;9,462337E-1;;
30/11/2021  14:47:39,915983;9,375226E-1;1,429833E-1;1,379512E-1;9,459799E-1;;
30/11/2021  14:47:39,916083;9,376954E-1;4,836502E-2;9,561632E-2;9,457232E-1;;
30/11/2021  14:47:39,916183;9,374331E-1;1,503106E-1;1,480610E-1;9,454638E-1;;
30/11/2021  14:47:39,916283;9,369772E-1;1,273729E-1;1,123607E-1;9,452020E-1;;
30/11/2021  14:47:39,916383;9,364258E-1;1,076209E-1;5,928414E-2;9,449383E-1;;
30/11/2021  14:47:39,916483;9,359728E-1;8,965980E-4;3,364175E-3;9,446728E-1;;
30/11/2021  14:47:39,916583;9,351532E-1;1,395838E-2;1,694925E-2;9,444057E-1;;
30/11/2021  14:47:39,916683;9,345005E-1;6,949618E-3;8,735019E-3;9,441371E-1;;
30/11/2021  14:47:39,916783;9,345035E-1;5,675298E-3;7,787223E-3;9,438669E-1;;
30/11/2021  14:47:39,916883;9,343277E-1;5,675298E-3;8,419087E-3;9,435953E-1;;
30/11/2021  14:47:39,916983;9,337137E-1;6,631038E-3;8,735019E-3;9,433220E-1;;
30/11/2021  14:47:39,917083;9,330670E-1;2,489498E-3;4,627903E-3;9,430472E-1;;
30/11/2021  14:47:39,917183;9,324769E-1;5,356718E-3;6,839427E-3;9,427709E-1;;
30/11/2021  14:47:39,917283;9,317348E-1;6,312458E-3;8,103155E-3;9,424927E-1;;
30/11/2021  14:47:39,917383;9,316067E-1;5,993878E-3;8,103155E-3;9,422127E-1;;
30/11/2021  14:47:39,917483;9,317825E-1;2,489498E-3;3,680107E-3;9,419306E-1;;
30/11/2021  14:47:39,917583;9,313563E-1;1,533758E-3;3,996039E-3;9,416464E-1;;
30/11/2021  14:47:39,917683;9,309570E-1;1,215178E-3;3,680107E-3;9,413600E-1;;
30/11/2021  14:47:39,917783;9,305367E-1;2,170918E-3;4,311971E-3;9,410713E-1;;
30/11/2021  14:47:39,917883;9,299407E-1;4,082398E-3;7,155359E-3;9,407804E-1;;
30/11/2021  14:47:39,917983;9,299854E-1;6,312458E-3;9,366883E-3;9,404872E-1;;
30/11/2021  14:47:39,918083;9,297291E-1;5,675298E-3;7,155359E-3;9,401916E-1;;
30/11/2021  14:47:39,918183;9,295979E-1;3,445238E-3;4,627903E-3;9,398937E-1;;
30/11/2021  14:47:39,918283;9,294281E-1;5,780180E-4;3,364175E-3;9,395935E-1;;
30/11/2021  14:47:39,918383;9,292671E-1;1,215178E-3;3,680107E-3;9,392912E-1;;
30/11/2021  14:47:39,918483;9,289393E-1;3,445238E-3;5,891631E-3;9,389869E-1;;
30/11/2021  14:47:39,918583;9,286234E-1;8,965980E-4;3,048243E-3;9,386807E-1;;
30/11/2021  14:47:39,918683;9,286860E-1;5,780180E-4;3,680107E-3;9,383728E-1;;
30/11/2021  14:47:39,918783;9,291420E-1;4,082398E-3;4,943835E-3;9,380634E-1;;
30/11/2021  14:47:39,918883;9,294489E-1;1,215178E-3;3,680107E-3;9,377528E-1;;
30/11/2021  14:47:39,918983;9,292463E-1;5,780180E-4;3,364175E-3;9,374415E-1;;
30/11/2021  14:47:39,919083;9,295979E-1;1,215178E-3;3,048243E-3;9,371299E-1;;
30/11/2021  14:47:39,919183;9,293446E-1;1,533758E-3;3,996039E-3;9,368185E-1;;
30/11/2021  14:47:39,919283;9,289631E-1;1,215178E-3;3,048243E-3;9,365078E-1;;
30/11/2021  14:47:39,919383;9,295830E-1;1,215178E-3;3,048243E-3;9,361984E-1;;
30/11/2021  14:47:39,919483;9,298453E-1;1,215178E-3;3,680107E-3;9,358907E-1;;
30/11/2021  14:47:39,919583;9,302506E-1;1,215178E-3;4,311971E-3;9,355853E-1;;
30/11/2021  14:47:39,919683;9,303251E-1;1,533758E-3;3,680107E-3;9,352829E-1;;
30/11/2021  14:47:39,919783;9,305785E-1;8,965980E-4;3,680107E-3;9,349843E-1;;
30/11/2021  14:47:39,919883;9,303222E-1;5,675298E-3;8,735019E-3;9,346900E-1;;
30/11/2021  14:47:39,919983;9,306947E-1;6,312458E-3;1,410586E-2;9,344007E-1;;
30/11/2021  14:47:39,920083;9,310046E-1;5,038138E-3;7,471291E-3;9,341170E-1;;
30/11/2021  14:47:39,920183;9,315232E-1;1,109116E-2;1,347400E-2;9,338396E-1;;
30/11/2021  14:47:39,920283;9,315649E-1;1,332122E-2;1,442179E-2;9,335692E-1;;
30/11/2021  14:47:39,920383;9,320626E-1;1,618844E-2;1,821298E-2;9,333065E-1;;
30/11/2021  14:47:39,920483;9,321819E-1;1,332122E-2;1,473773E-2;9,330520E-1;;
30/11/2021  14:47:39,920583;9,320686E-1;4,263058E-2;7,539667E-2;9,328065E-1;;
30/11/2021  14:47:39,920683;9,325663E-1;1,204690E-2;1,694925E-2;9,325706E-1;;
30/11/2021  14:47:39,920783;9,330909E-1;1,586986E-2;2,453162E-2;9,323447E-1;;
30/11/2021  14:47:39,920883;9,339581E-1;1,427696E-2;1,694925E-2;9,321295E-1;;
30/11/2021  14:47:39,920983;9,342293E-1;5,346230E-2;1,060421E-1;9,319257E-1;;
30/11/2021  14:47:39,921083;9,347300E-1;1,459554E-2;3,464144E-2;9,317337E-1;;
30/11/2021  14:47:39,921183;9,341399E-1;7,002846E-2;4,949025E-2;9,315544E-1;;
30/11/2021  14:47:39,921283;9,346197E-1;1,461691E-1;1,837613E-1;9,313881E-1;;
30/11/2021  14:47:39,921383;9,351592E-1;1,109116E-2;2,042450E-2;9,312353E-1;;
30/11/2021  14:47:39,921483;9,354483E-1;1,236548E-2;1,536959E-2;9,310963E-1;;
30/11/2021  14:47:39,921583;9,357940E-1;1,547707E-1;1,619620E-1;9,309714E-1;;
30/11/2021  14:47:39,921683;9,366404E-1;1,382046E-1;1,742834E-1;9,308612E-1;;
30/11/2021  14:47:39,921783;9,368311E-1;1,120810E-1;1,221546E-1;9,307657E-1;;
30/11/2021  14:47:39,921883;9,359460E-1;2,258141E-1;2,248325E-1;9,306854E-1;;
30/11/2021  14:47:39,921983;9,368818E-1;2,012834E-1;1,986102E-1;9,306205E-1;;
30/11/2021  14:47:39,922083;9,361695E-1;1,624167E-1;1,667010E-1;9,305708E-1;;
30/11/2021  14:47:39,922183;9,369086E-1;1,789828E-1;1,859729E-1;9,305364E-1;;
30/11/2021  14:47:39,922283;9,373884E-1;9,551486E-2;9,877564E-2;9,305171E-1;;
30/11/2021  14:47:39,922383;9,373408E-1;1,678325E-1;1,417424E-1;9,305128E-1;;
30/11/2021  14:47:39,922483;9,377252E-1;1,331073E-1;1,158360E-1;9,305234E-1;;
30/11/2021  14:47:39,922583;9,375851E-1;1,152668E-1;1,076217E-1;9,305487E-1;;
30/11/2021  14:47:39,922683;9,373914E-1;1,331073E-1;1,303688E-1;9,305883E-1;;
30/11/2021  14:47:39,922783;9,376149E-1;1,257800E-1;1,234183E-1;9,306420E-1;;
30/11/2021  14:47:39,922883;9,383392E-1;6,312458E-3;8,329497E-2;9,307093E-1;;
30/11/2021  14:47:39,922983;9,384226E-1;1,254614E-1;1,253139E-1;9,307897E-1;;
30/11/2021  14:47:39,923083;9,383213E-1;7,894870E-2;1,935552E-1;9,308830E-1;;
30/11/2021  14:47:39,923183;9,389889E-1;1,235499E-1;1,123607E-1;9,309886E-1;;
30/11/2021  14:47:39,923283;9,384822E-1;1,200455E-1;1,249980E-1;9,311061E-1;;
30/11/2021  14:47:39,923383;9,384137E-1;1,748413E-1;1,986102E-1;9,312351E-1;;
30/11/2021  14:47:39,923483;9,392243E-1;1,337445E-1;1,341600E-1;9,313748E-1;;
30/11/2021  14:47:39,923583;9,397965E-1;1,268406E-2;4,285567E-2;9,315249E-1;;
30/11/2021  14:47:39,923683;9,401154E-1;1,178155E-1;1,136244E-1;9,316847E-1;;
30/11/2021  14:47:39,923783;9,400677E-1;1,079395E-1;8,171531E-2;9,318540E-1;;
30/11/2021  14:47:39,923883;9,399604E-1;1,178155E-1;1,142563E-1;9,320322E-1;;
30/11/2021  14:47:39,923983;9,396416E-1;1,174969E-1;1,313166E-1;9,322190E-1;;
30/11/2021  14:47:39,924083;9,403538E-1;1,417090E-1;1,673329E-1;9,324135E-1;;
30/11/2021  14:47:39,924183;9,409886E-1;1,366117E-1;1,370034E-1;9,326155E-1;;
30/11/2021  14:47:39,924283;9,418589E-1;1,347002E-1;1,445858E-1;9,328243E-1;;
30/11/2021  14:47:39,924383;9,411764E-1;1,455319E-1;1,588027E-1;9,330396E-1;;
30/11/2021  14:47:39,924483;9,420377E-1;2,277256E-1;2,750657E-1;9,332610E-1;;
30/11/2021  14:47:39,924583;9,417903E-1;1,292843E-1;1,297370E-1;9,334882E-1;;
30/11/2021  14:47:39,924683;9,416711E-1;1,283286E-1;1,278414E-1;9,337208E-1;;
30/11/2021  14:47:39,924783;9,420288E-1;1,232313E-1;1,227865E-1;9,339582E-1;;
30/11/2021  14:47:39,924883;9,425891E-1;1,025236E-1;1,180475E-1;9,342002E-1;;
30/11/2021  14:47:39,924983;9,428782E-1;1,203641E-1;1,186794E-1;9,344461E-1;;
30/11/2021  14:47:39,925083;9,428335E-1;1,060280E-1;9,782784E-2;9,346958E-1;;
30/11/2021  14:47:39,925183;9,427977E-1;1,159040E-1;1,167838E-1;9,349488E-1;;
30/11/2021  14:47:39,925283;9,428335E-1;1,203641E-1;1,073058E-1;9,352047E-1;;
30/11/2021  14:47:39,925383;9,427589E-1;1,002936E-1;7,760819E-2;9,354631E-1;;
30/11/2021  14:47:39,925483;9,430749E-1;9,201048E-2;9,751191E-2;9,357235E-1;;
30/11/2021  14:47:39,925583;9,432716E-1;1,041165E-1;1,246821E-1;9,359854E-1;;
30/11/2021  14:47:39,925683;9,435249E-1;1,413904E-1;1,584868E-1;9,362485E-1;;
30/11/2021  14:47:39,925783;9,434951E-1;1,337445E-1;1,588027E-1;9,365124E-1;;
30/11/2021  14:47:39,925883;9,438050E-1;1,181340E-1;1,205749E-1;9,367766E-1;;
30/11/2021  14:47:39,925983;9,431017E-1;1,088952E-1;1,148882E-1;9,370408E-1;;
30/11/2021  14:47:39,926083;9,434295E-1;1,190898E-1;1,259458E-1;9,373045E-1;;
30/11/2021  14:47:39,926183;9,438617E-1;1,216384E-1;1,268936E-1;9,375674E-1;;
30/11/2021  14:47:39,926283;9,438348E-1;1,168597E-1;1,092014E-1;9,378289E-1;;
30/11/2021  14:47:39,926383;9,441865E-1;1,248242E-1;1,338441E-1;9,380887E-1;;
30/11/2021  14:47:39,926483;9,440137E-1;1,123996E-1;1,158360E-1;9,383466E-1;;
30/11/2021  14:47:39,926583;9,439779E-1;9,424054E-2;9,340479E-2;9,386021E-1;;
30/11/2021  14:47:39,926683;9,436977E-1;1,165411E-1;1,054102E-1;9,388550E-1;;
30/11/2021  14:47:39,926783;9,441329E-1;1,073023E-1;9,909157E-2;9,391049E-1;;
30/11/2021  14:47:39,926883;9,442729E-1;1,073023E-1;1,069899E-1;9,393515E-1;;
30/11/2021  14:47:39,926983;9,443921E-1;1,149482E-1;1,246821E-1;9,395944E-1;;
30/11/2021  14:47:39,927083;9,442551E-1;-5,676638E-2;-3,012462E-2;9,398335E-1;;
30/11/2021  14:47:39,927183;9,439093E-1;1,235499E-1;1,423743E-1;9,400684E-1;;
30/11/2021  14:47:39,927283;9,439719E-1;7,640006E-2;8,108345E-2;9,402989E-1;;
30/11/2021  14:47:39,927383;9,432060E-1;4,167484E-2;4,854245E-2;9,405247E-1;;
30/11/2021  14:47:39,927483;9,432954E-1;1,267357E-1;1,224705E-1;9,407453E-1;;
30/11/2021  14:47:39,927583;9,435308E-1;1,101695E-1;1,114129E-1;9,409605E-1;;
30/11/2021  14:47:39,927683;9,437424E-1;1,069837E-1;9,340479E-2;9,411698E-1;;
30/11/2021  14:47:39,927783;9,434325E-1;1,168597E-1;1,205749E-1;9,413729E-1;;
30/11/2021  14:47:39,927883;9,431047E-1;1,235499E-1;1,294210E-1;9,415697E-1;;
30/11/2021  14:47:39,927983;9,426844E-1;1,260985E-1;1,249980E-1;9,417598E-1;;
30/11/2021  14:47:39,928083;9,423477E-1;9,232906E-2;8,992954E-2;9,419429E-1;;
30/11/2021  14:47:39,928183;9,424907E-1;5,473662E-2;4,980618E-2;9,421186E-1;;
30/11/2021  14:47:39,928283;9,425116E-1;9,360338E-2;9,150920E-2;9,422866E-1;;
30/11/2021  14:47:39,928383;9,427351E-1;8,850610E-2;8,203124E-2;9,424466E-1;;
30/11/2021  14:47:39,928483;9,424907E-1;9,105474E-2;7,413294E-2;9,425985E-1;;
30/11/2021  14:47:39,928583;9,416920E-1;1,372488E-1;1,148882E-1;9,427420E-1;;
30/11/2021  14:47:39,928683;9,421778E-1;1,834429E-1;1,433221E-1;9,428770E-1;;
30/11/2021  14:47:39,928783;9,415489E-1;1,136739E-1;1,240502E-1;9,430033E-1;;
30/11/2021  14:47:39,928883;9,420407E-1;1,213198E-1;1,139404E-1;9,431207E-1;;
30/11/2021  14:47:39,928983;9,422404E-1;1,264171E-1;1,259458E-1;9,432291E-1;;
30/11/2021  14:47:39,929083;9,426964E-1;1,299215E-1;1,297370E-1;9,433286E-1;;
30/11/2021  14:47:39,929183;9,419572E-1;1,241871E-1;1,303688E-1;9,434192E-1;;
30/11/2021  14:47:39,929283;9,418261E-1;1,331073E-1;1,325804E-1;9,435010E-1;;
30/11/2021  14:47:39,929383;9,415787E-1;1,410718E-1;1,319485E-1;9,435742E-1;;
30/11/2021  14:47:39,929483;9,417248E-1;1,372488E-1;1,313166E-1;9,436388E-1;;
30/11/2021  14:47:39,929583;9,423000E-1;1,143111E-1;1,167838E-1;9,436949E-1;;
30/11/2021  14:47:39,929683;9,428305E-1;1,111253E-1;1,025668E-1;9,437427E-1;;
30/11/2021  14:47:39,929783;9,423179E-1;1,229127E-1;1,287892E-1;9,437825E-1;;
30/11/2021  14:47:39,929883;9,424937E-1;1,187712E-1;1,313166E-1;9,438147E-1;;
30/11/2021  14:47:39,929983;9,423626E-1;8,978042E-2;1,392149E-1;9,438397E-1;;
30/11/2021  14:47:39,930083;9,419155E-1;1,410718E-1;1,404787E-1;9,438577E-1;;
30/11/2021  14:47:39,930183;9,425086E-1;1,337445E-1;1,303688E-1;9,438691E-1;;
30/11/2021  14:47:39,930283;9,434176E-1;1,133553E-1;1,531159E-1;9,438742E-1;;
30/11/2021  14:47:39,930383;9,435755E-1;1,270543E-1;1,237343E-1;9,438736E-1;;
30/11/2021  14:47:39,930483;9,437871E-1;1,276914E-1;1,366875E-1;9,438677E-1;;
30/11/2021  14:47:39,930583;9,434385E-1;2,462032E-1;2,147227E-1;9,438572E-1;;
30/11/2021  14:47:39,930683;9,435785E-1;1,222756E-1;1,259458E-1;9,438426E-1;;
30/11/2021  14:47:39,930783;9,430451E-1;1,203641E-1;1,291051E-1;9,438245E-1;;
30/11/2021  14:47:39,930883;9,431196E-1;1,483991E-1;1,142563E-1;9,438033E-1;;
30/11/2021  14:47:39,930983;9,433937E-1;1,063466E-1;9,751191E-2;9,437793E-1;;
30/11/2021  14:47:39,931083;9,435070E-1;1,015679E-1;1,142563E-1;9,437530E-1;;
30/11/2021  14:47:39,931183;9,432805E-1;1,123996E-1;1,073058E-1;9,437247E-1;;
30/11/2021  14:47:39,931283;9,426695E-1;9,169190E-2;9,308886E-2;9,436948E-1;;
30/11/2021  14:47:39,931383;9,417069E-1;1,073023E-1;1,208909E-1;9,436634E-1;;
30/11/2021  14:47:39,931483;9,421271E-1;1,248242E-1;1,449017E-1;9,436307E-1;;
30/11/2021  14:47:39,931583;9,416920E-1;9,583344E-2;9,972343E-2;9,435967E-1;;
30/11/2021  14:47:39,931683;9,416831E-1;1,066652E-1;1,170997E-1;9,435614E-1;;
30/11/2021  14:47:39,931783;9,413224E-1;9,583344E-2;9,688005E-2;9,435248E-1;;
30/11/2021  14:47:39,931883;9,406429E-1;5,186940E-2;9,245700E-2;9,434867E-1;;
30/11/2021  14:47:39,931983;9,403270E-1;1,267357E-1;1,708081E-1;9,434471E-1;;
30/11/2021  14:47:39,932083;9,399515E-1;5,792242E-2;9,214107E-2;9,434057E-1;;
30/11/2021  14:47:39,932183;9,397667E-1;1,088952E-1;1,186794E-1;9,433623E-1;;
30/11/2021  14:47:39,932283;9,401631E-1;1,200455E-1;1,284732E-1;9,433167E-1;;
30/11/2021  14:47:39,932383;9,401154E-1;1,053908E-1;1,148882E-1;9,432687E-1;;
30/11/2021  14:47:39,932483;9,398293E-1;1,324701E-1;1,423743E-1;9,432181E-1;;
30/11/2021  14:47:39,932583;9,397578E-1;1,264171E-1;1,133085E-1;9,431649E-1;;
30/11/2021  14:47:39,932683;9,389173E-1;1,455319E-1;1,120448E-1;9,431090E-1;;
30/11/2021  14:47:39,932783;9,390246E-1;1,477620E-1;1,370034E-1;9,430502E-1;;
30/11/2021  14:47:39,932883;9,388637E-1;1,213198E-1;1,196272E-1;9,429884E-1;;
30/11/2021  14:47:39,932983;9,388369E-1;1,554079E-1;1,588027E-1;9,429233E-1;;
30/11/2021  14:47:39,933083;9,395402E-1;1,716555E-1;1,745993E-1;9,428551E-1;;
30/11/2021  14:47:39,933183;9,392124E-1;1,499920E-1;1,496407E-1;9,427836E-1;;
30/11/2021  14:47:39,933283;9,385329E-1;8,340882E-2;8,613836E-2;9,427090E-1;;
30/11/2021  14:47:39,933383;9,377580E-1;1,318330E-1;1,287892E-1;9,426312E-1;;
30/11/2021  14:47:39,933483;9,376209E-1;1,318330E-1;1,379512E-1;9,425501E-1;;
30/11/2021  14:47:39,933583;9,378206E-1;1,299215E-1;1,395309E-1;9,424657E-1;;
30/11/2021  14:47:39,933683;9,383094E-1;1,302401E-1;1,265777E-1;9,423779E-1;;
30/11/2021  14:47:39,933783;9,376746E-1;1,302401E-1;1,300529E-1;9,422866E-1;;
30/11/2021  14:47:39,933883;9,372335E-1;1,324701E-1;1,294210E-1;9,421920E-1;;
30/11/2021  14:47:39,933983;9,372961E-1;1,171783E-1;1,246821E-1;9,420939E-1;;
30/11/2021  14:47:39,934083;9,370129E-1;1,149482E-1;1,095173E-1;9,419925E-1;;
30/11/2021  14:47:39,934183;9,370964E-1;1,184526E-1;1,155200E-1;9,418878E-1;;
30/11/2021  14:47:39,934283;9,376805E-1;1,267357E-1;1,265777E-1;9,417797E-1;;
30/11/2021  14:47:39,934383;9,378206E-1;1,305587E-1;1,385831E-1;9,416684E-1;;
30/11/2021  14:47:39,934483;9,372335E-1;1,171783E-1;1,107811E-1;9,415543E-1;;
30/11/2021  14:47:39,934583;9,378146E-1;1,318330E-1;1,272095E-1;9,414374E-1;;
30/11/2021  14:47:39,934683;9,374480E-1;1,308772E-1;1,310007E-1;9,413182E-1;;
30/11/2021  14:47:39,934783;9,372871E-1;1,219570E-1;1,155200E-1;9,411969E-1;;
30/11/2021  14:47:39,934883;9,375136E-1;1,385232E-1;1,411105E-1;9,410737E-1;;
30/11/2021  14:47:39,934983;9,376984E-1;1,213198E-1;1,793383E-1;9,409489E-1;;
30/11/2021  14:47:39,935083;9,373974E-1;1,305587E-1;1,316326E-1;9,408228E-1;;
30/11/2021  14:47:39,935183;9,381693E-1;1,404346E-1;1,490088E-1;9,406957E-1;;
30/11/2021  14:47:39,935283;9,381216E-1;1,439390E-1;1,385831E-1;9,405681E-1;;
30/11/2021  14:47:39,935383;9,377967E-1;1,442576E-1;1,426902E-1;9,404402E-1;;
30/11/2021  14:47:39,935483;9,372186E-1;2,287862E-2;8,234717E-2;9,403126E-1;;
30/11/2021  14:47:39,935583;9,376924E-1;1,401161E-1;1,464814E-1;9,401854E-1;;
30/11/2021  14:47:39,935683;9,380471E-1;1,362931E-1;1,262617E-1;9,400589E-1;;
30/11/2021  14:47:39,935783;9,383570E-1;1,315144E-1;1,278414E-1;9,399335E-1;;
30/11/2021  14:47:39,935883;9,383153E-1;9,933782E-2;8,519056E-2;9,398094E-1;;
30/11/2021  14:47:39,935983;9,378653E-1;1,270543E-1;1,129926E-1;9,396872E-1;;
30/11/2021  14:47:39,936083;9,378772E-1;1,404346E-1;1,458495E-1;9,395671E-1;;
30/11/2021  14:47:39,936183;9,372782E-1;1,627352E-1;1,793383E-1;9,394493E-1;;
30/11/2021  14:47:39,936283;9,374480E-1;1,254614E-1;1,246821E-1;9,393340E-1;;
30/11/2021  14:47:39,936383;9,375822E-1;1,378860E-1;1,395309E-1;9,392214E-1;;
30/11/2021  14:47:39,936483;9,376924E-1;1,586986E-2;1,694925E-2;9,391114E-1;;
30/11/2021  14:47:39,936583;9,366702E-1;2,489498E-3;3,680107E-3;9,390042E-1;;
30/11/2021  14:47:39,936683;9,369027E-1;6,631038E-3;8,419087E-3;9,388999E-1;;
30/11/2021  14:47:39,936783;9,364288E-1;4,400978E-3;7,155359E-3;9,387984E-1;;
30/11/2021  14:47:39,936883;9,364705E-1;2,489498E-3;4,311971E-3;9,386995E-1;;
30/11/2021  14:47:39,936983;9,371798E-1;4,082398E-3;6,839427E-3;9,386033E-1;;
30/11/2021  14:47:39,937083;9,370070E-1;2,170918E-3;5,259767E-3;9,385097E-1;;
30/11/2021  14:47:39,937183;9,368460E-1;1,215178E-3;3,364175E-3;9,384187E-1;;
30/11/2021  14:47:39,937283;9,367447E-1;4,400978E-3;6,523495E-3;9,383303E-1;;
30/11/2021  14:47:39,937383;9,366642E-1;8,965980E-4;3,680107E-3;9,382446E-1;;
30/11/2021  14:47:39,937483;9,360562E-1;2,808078E-3;5,259767E-3;9,381613E-1;;
30/11/2021  14:47:39,937583;9,359519E-1;3,763818E-3;5,259767E-3;9,380805E-1;;
30/11/2021  14:47:39,937683;9,357821E-1;3,763818E-3;5,259767E-3;9,380020E-1;;
30/11/2021  14:47:39,937783;9,363185E-1;1,533758E-3;3,680107E-3;9,379255E-1;;
30/11/2021  14:47:39,937883;9,357761E-1;6,631038E-3;7,787223E-3;9,378511E-1;;
30/11/2021  14:47:39,937983;9,354751E-1;2,489498E-3;4,311971E-3;9,377784E-1;;
30/11/2021  14:47:39,938083;9,350280E-1;8,965980E-4;3,048243E-3;9,377074E-1;;
30/11/2021  14:47:39,938183;9,345333E-1;1,215178E-3;3,048243E-3;9,376377E-1;;
30/11/2021  14:47:39,938283;9,355824E-1;2,170918E-3;3,996039E-3;9,375692E-1;;
30/11/2021  14:47:39,938383;9,354840E-1;8,965980E-4;3,680107E-3;9,375016E-1;;
30/11/2021  14:47:39,938483;9,353857E-1;1,852338E-3;3,680107E-3;9,374347E-1;;
30/11/2021  14:47:39,938583;9,351502E-1;1,215178E-3;3,680107E-3;9,373686E-1;;
30/11/2021  14:47:39,938683;9,347181E-1;8,965980E-4;3,364175E-3;9,373031E-1;;
30/11/2021  14:47:39,938783;9,348313E-1;1,215178E-3;3,048243E-3;9,372381E-1;;
30/11/2021  14:47:39,938883;9,343247E-1;5,780180E-4;3,680107E-3;9,371735E-1;;
30/11/2021  14:47:39,938983;9,346257E-1;1,215178E-3;3,048243E-3;9,371089E-1;;
30/11/2021  14:47:39,939083;9,352039E-1;8,965980E-4;3,364175E-3;9,370444E-1;;
30/11/2021  14:47:39,939183;9,349029E-1;1,852338E-3;3,048243E-3;9,369799E-1;;
30/11/2021  14:47:39,939283;9,348820E-1;5,780180E-4;3,048243E-3;9,369154E-1;;
30/11/2021  14:47:39,939383;9,349088E-1;8,965980E-4;3,364175E-3;9,368509E-1;;
30/11/2021  14:47:39,939483;9,342472E-1;1,533758E-3;3,680107E-3;9,367863E-1;;
30/11/2021  14:47:39,939583;9,351920E-1;1,215178E-3;3,680107E-3;9,367218E-1;;
30/11/2021  14:47:39,939683;9,348999E-1;5,780180E-4;3,364175E-3;9,366572E-1;;
30/11/2021  14:47:39,939783;9,352695E-1;8,965980E-4;3,680107E-3;9,365928E-1;;
30/11/2021  14:47:39,939883;9,350608E-1;3,126658E-3;8,735019E-3;9,365285E-1;;
30/11/2021  14:47:39,939983;9,354363E-1;6,631038E-3;9,366883E-3;9,364645E-1;;
30/11/2021  14:47:39,940083;9,347688E-1;1,523270E-2;1,726518E-2;9,364010E-1;;
30/11/2021  14:47:39,940183;9,357403E-1;1,586986E-2;1,726518E-2;9,363380E-1;;
30/11/2021  14:47:39,940283;9,353738E-1;1,236548E-2;1,505366E-2;9,362758E-1;;
30/11/2021  14:47:39,940383;9,361516E-1;1,523270E-2;1,600145E-2;9,362145E-1;;
30/11/2021  14:47:39,940483;9,361695E-1;1,618844E-2;1,979264E-2;9,361544E-1;;
30/11/2021  14:47:39,940583;9,360712E-1;1,873708E-2;2,769094E-2;9,360957E-1;;
30/11/2021  14:47:39,940683;9,363781E-1;1,586986E-2;2,674314E-2;9,360387E-1;;
30/11/2021  14:47:39,940783;9,361755E-1;7,257710E-2;7,571260E-2;9,359837E-1;;
30/11/2021  14:47:39,940883;9,360682E-1;1,586986E-2;1,789705E-2;9,359309E-1;;
30/11/2021  14:47:39,940983;9,369056E-1;1,618844E-2;1,821298E-2;9,358805E-1;;
30/11/2021  14:47:39,941083;9,367566E-1;1,082581E-1;1,101492E-1;9,358327E-1;;
30/11/2021  14:47:39,941183;9,367507E-1;1,028422E-1;1,234183E-1;9,357878E-1;;
30/11/2021  14:47:39,941283;9,370308E-1;1,159040E-1;1,259458E-1;9,357459E-1;;
30/11/2021  14:47:39,941383;9,370278E-1;1,108067E-1;1,133085E-1;9,357074E-1;;
30/11/2021  14:47:39,941483;9,368073E-1;1,050723E-1;1,183634E-1;9,356724E-1;;
30/11/2021  14:47:39,941583;9,364705E-1;1,684697E-1;1,894481E-1;9,356409E-1;;
30/11/2021  14:47:39,941683;9,374779E-1;1,098510E-1;1,114129E-1;9,356132E-1;;
30/11/2021  14:47:39,941783;9,370040E-1;2,423802E-1;3,344609E-1;9,355892E-1;;
30/11/2021  14:47:39,941883;9,375047E-1;1,037979E-1;9,814378E-2;9,355691E-1;;
30/11/2021  14:47:39,941983;9,378713E-1;1,605052E-1;1,986102E-1;9,355529E-1;;
30/11/2021  14:47:39,942083;9,379368E-1;1,283286E-1;1,455336E-1;9,355409E-1;;
30/11/2021  14:47:39,942183;9,374540E-1;1,315144E-1;1,414265E-1;9,355331E-1;;
30/11/2021  14:47:39,942283;9,377044E-1;1,047537E-1;1,145722E-1;9,355296E-1;;
30/11/2021  14:47:39,942383;9,380531E-1;1,305587E-1;2,106156E-1;9,355304E-1;;
30/11/2021  14:47:39,942483;9,389650E-1;8,691320E-2;9,877564E-2;9,355356E-1;;
30/11/2021  14:47:39,942583;9,389650E-1;2,254955E-1;2,557938E-1;9,355453E-1;;
30/11/2021  14:47:39,942683;9,389740E-1;2,411059E-1;2,630603E-1;9,355597E-1;;
30/11/2021  14:47:39,942783;9,383988E-1;1,340630E-1;1,445858E-1;9,355788E-1;;
30/11/2021  14:47:39,942883;9,380292E-1;2,210354E-1;2,305193E-1;9,356028E-1;;
30/11/2021  14:47:39,942983;9,389769E-1;1,936375E-1;1,878685E-1;9,356315E-1;;
30/11/2021  14:47:39,943083;9,396237E-1;1,506292E-1;1,246821E-1;9,356648E-1;;
30/11/2021  14:47:39,943183;9,394657E-1;1,742041E-1;1,556434E-1;9,357027E-1;;
30/11/2021  14:47:39,943283;9,398233E-1;1,745227E-1;1,363715E-1;9,357455E-1;;
30/11/2021  14:47:39,943383;9,403687E-1;1,378860E-1;9,782784E-2;9,357929E-1;;
30/11/2021  14:47:39,943483;9,394538E-1;1,359745E-1;1,328963E-1;9,358453E-1;;
30/11/2021  14:47:39,943583;9,398114E-1;1,493549E-1;1,486929E-1;9,359024E-1;;
30/11/2021  14:47:39,943683;9,403747E-1;1,108067E-1;1,050943E-1;9,359644E-1;;
30/11/2021  14:47:39,943783;9,411019E-1;1,143111E-1;1,199431E-1;9,360310E-1;;
30/11/2021  14:47:39,943883;9,412539E-1;9,424054E-2;1,133085E-1;9,361024E-1;;
30/11/2021  14:47:39,943983;9,408754E-1;1,410718E-1;1,704922E-1;9,361786E-1;;
30/11/2021  14:47:39,944083;9,405356E-1;1,958676E-1;2,112474E-1;9,362596E-1;;
30/11/2021  14:47:39,944183;9,410721E-1;1,493549E-1;1,433221E-1;9,363454E-1;;
30/11/2021  14:47:39,944283;9,412897E-1;1,245056E-1;1,272095E-1;9,364357E-1;;
30/11/2021  14:47:39,944383;9,411347E-1;1,238685E-1;1,272095E-1;9,365306E-1;;
30/11/2021  14:47:39,944483;9,421331E-1;1,098510E-1;1,054102E-1;9,366298E-1;;
30/11/2021  14:47:39,944583;9,417605E-1;1,127182E-1;1,164678E-1;9,367333E-1;;
30/11/2021  14:47:39,944683;9,420228E-1;1,095324E-1;1,101492E-1;9,368410E-1;;
30/11/2021  14:47:39,944783;9,416413E-1;9,232906E-2;9,498445E-2;9,369528E-1;;
30/11/2021  14:47:39,944883;9,412658E-1;1,331073E-1;2,074562E-1;9,370686E-1;;
30/11/2021  14:47:39,944983;9,415787E-1;1,241871E-1;1,395309E-1;9,371880E-1;;
30/11/2021  14:47:39,945083;9,425444E-1;1,069837E-1;1,221546E-1;9,373109E-1;;
30/11/2021  14:47:39,945183;9,424132E-1;1,343816E-1;1,354238E-1;9,374369E-1;;
30/11/2021  14:47:39,945283;9,417903E-1;4,231200E-2;9,277293E-2;9,375659E-1;;
30/11/2021  14:47:39,945383;9,422940E-1;5,919674E-2;7,760819E-2;9,376977E-1;;
30/11/2021  14:47:39,945483;9,408307E-1;1,073023E-1;1,006712E-1;9,378320E-1;;
30/11/2021  14:47:39,945583;9,404194E-1;1,152668E-1;1,180475E-1;9,379684E-1;;
30/11/2021  14:47:39,945683;9,410572E-1;1,136739E-1;1,142563E-1;9,381062E-1;;
30/11/2021  14:47:39,945783;9,412450E-1;1,028422E-1;1,126766E-1;9,382451E-1;;
30/11/2021  14:47:39,945883;9,410274E-1;1,213198E-1;1,240502E-1;9,383843E-1;;
30/11/2021  14:47:39,945983;9,407472E-1;1,210013E-1;1,155200E-1;9,385237E-1;;
30/11/2021  14:47:39,946083;9,404015E-1;9,838208E-2;9,214107E-2;9,386625E-1;;
30/11/2021  14:47:39,946183;9,398323E-1;1,159040E-1;1,076217E-1;9,388004E-1;;
30/11/2021  14:47:39,946283;9,399515E-1;1,088952E-1;1,063580E-1;9,389368E-1;;
30/11/2021  14:47:39,946383;9,400648E-1;1,155854E-1;1,196272E-1;9,390710E-1;;
30/11/2021  14:47:39,946483;9,400111E-1;1,714418E-2;2,326789E-2;9,392027E-1;;
30/11/2021  14:47:39,946583;9,401154E-1;7,767438E-2;7,223735E-2;9,393312E-1;;
30/11/2021  14:47:39,946683;9,400230E-1;1,229127E-1;1,133085E-1;9,394562E-1;;
30/11/2021  14:47:39,946783;9,397250E-1;9,137332E-2;9,056141E-2;9,395774E-1;;
30/11/2021  14:47:39,946883;9,390187E-1;7,512574E-2;9,751191E-2;9,396944E-1;;
30/11/2021  14:47:39,946983;9,386551E-1;4,486064E-2;4,727872E-2;9,398066E-1;;
30/11/2021  14:47:39,947083;9,395432E-1;6,238254E-2;6,465498E-2;9,399138E-1;;
30/11/2021  14:47:39,947183;9,394478E-1;1,178155E-1;1,145722E-1;9,400155E-1;;
30/11/2021  14:47:39,947283;9,394538E-1;1,280100E-1;1,363715E-1;9,401114E-1;;
30/11/2021  14:47:39,947383;9,392780E-1;1,101695E-1;1,114129E-1;9,402015E-1;;
30/11/2021  14:47:39,947483;9,387296E-1;1,216384E-1;1,189953E-1;9,402855E-1;;
30/11/2021  14:47:39,947583;9,391945E-1;8,086018E-2;2,042450E-2;9,403632E-1;;
30/11/2021  14:47:39,947683;9,391826E-1;7,926728E-2;9,277293E-2;9,404346E-1;;
30/11/2021  14:47:39,947783;9,392958E-1;9,487770E-2;8,898175E-2;9,404995E-1;;
30/11/2021  14:47:39,947883;9,402436E-1;9,774492E-2;8,803395E-2;9,405579E-1;;
30/11/2021  14:47:39,947983;9,400618E-1;2,447152E-2;1,252620E-2;9,406101E-1;;
30/11/2021  14:47:39,948083;9,397608E-1;1,280100E-1;1,107811E-1;9,406562E-1;;
30/11/2021  14:47:39,948183;9,394776E-1;1,283286E-1;1,366875E-1;9,406964E-1;;
30/11/2021  14:47:39,948283;9,403002E-1;1,254614E-1;1,275255E-1;9,407309E-1;;
30/11/2021  14:47:39,948383;9,400767E-1;1,178155E-1;1,379512E-1;9,407600E-1;;
30/11/2021  14:47:39,948483;9,409827E-1;1,225942E-1;1,231024E-1;9,407839E-1;;
30/11/2021  14:47:39,948583;9,410542E-1;9,806350E-2;9,498445E-2;9,408030E-1;;
30/11/2021  14:47:39,948683;9,419245E-1;1,006121E-1;1,019350E-1;9,408178E-1;;
30/11/2021  14:47:39,948783;9,417903E-1;1,264171E-1;1,243661E-1;9,408289E-1;;
30/11/2021  14:47:39,948883;9,419662E-1;1,362931E-1;1,300529E-1;9,408368E-1;;
30/11/2021  14:47:39,948983;9,420228E-1;1,241871E-1;1,291051E-1;9,408421E-1;;
30/11/2021  14:47:39,949083;9,428662E-1;1,146297E-1;1,193112E-1;9,408453E-1;;
30/11/2021  14:47:39,949183;9,432865E-1;1,187712E-1;1,158360E-1;9,408471E-1;;
30/11/2021  14:47:39,949283;9,438468E-1;1,273729E-1;1,208909E-1;9,408482E-1;;
30/11/2021  14:47:39,949383;9,443147E-1;1,264171E-1;1,240502E-1;9,408491E-1;;
30/11/2021  14:47:39,949483;9,440166E-1;1,190898E-1;1,073058E-1;9,408508E-1;;
30/11/2021  14:47:39,949583;9,441805E-1;8,181592E-2;1,145722E-1;9,408537E-1;;
30/11/2021  14:47:39,949683;9,446306E-1;1,426647E-1;1,597505E-1;9,408586E-1;;
30/11/2021  14:47:39,949783;9,448660E-1;3,944478E-2;3,843263E-2;9,408661E-1;;
30/11/2021  14:47:39,949883;9,453846E-1;1,092138E-1;1,831295E-1;9,408766E-1;;
30/11/2021  14:47:39,949983;9,455843E-1;1,292843E-1;9,624818E-2;9,408907E-1;;
30/11/2021  14:47:39,950083;9,455008E-1;1,340630E-1;1,357397E-1;9,409089E-1;;
30/11/2021  14:47:39,950183;9,454412E-1;1,397975E-1;1,401627E-1;9,409317E-1;;
30/11/2021  14:47:39,950283;9,455068E-1;1,391603E-1;1,480610E-1;9,409595E-1;;
30/11/2021  14:47:39,950383;9,452713E-1;7,193994E-2;1,098333E-1;9,409925E-1;;
30/11/2021  14:47:39,950483;9,455515E-1;1,280100E-1;1,218387E-1;9,410308E-1;;
30/11/2021  14:47:39,950583;9,459002E-1;1,101695E-1;1,417424E-1;9,410747E-1;;
30/11/2021  14:47:39,950683;9,462161E-1;1,245056E-1;1,177316E-1;9,411241E-1;;
30/11/2021  14:47:39,950783;9,456975E-1;1,286472E-1;1,256299E-1;9,411793E-1;;
30/11/2021  14:47:39,950883;9,455008E-1;1,216384E-1;1,035146E-1;9,412403E-1;;
30/11/2021  14:47:39,950983;9,452982E-1;1,130368E-1;9,940750E-2;9,413068E-1;;
30/11/2021  14:47:39,951083;9,450687E-1;1,378860E-1;1,208909E-1;9,413788E-1;;
30/11/2021  14:47:39,951183;9,455127E-1;1,684697E-1;1,790224E-1;9,414560E-1;;
30/11/2021  14:47:39,951283;9,457899E-1;2,925022E-2;8,582243E-2;9,415381E-1;;
30/11/2021  14:47:39,951383;9,456349E-1;1,343816E-1;1,685966E-1;9,416249E-1;;
30/11/2021  14:47:39,951483;9,451789E-1;1,337445E-1;1,464814E-1;9,417161E-1;;
30/11/2021  14:47:39,951583;9,445531E-1;1,168597E-1;1,253139E-1;9,418114E-1;;
30/11/2021  14:47:39,951683;9,447289E-1;1,146297E-1;1,193112E-1;9,419103E-1;;
30/11/2021  14:47:39,951783;9,446037E-1;1,123996E-1;1,174156E-1;9,420124E-1;;
30/11/2021  14:47:39,951883;9,452356E-1;1,006121E-1;9,056141E-2;9,421171E-1;;
30/11/2021  14:47:39,951983;9,446157E-1;1,114439E-1;1,205749E-1;9,422240E-1;;
30/11/2021  14:47:39,952083;9,445501E-1;1,041165E-1;1,155200E-1;9,423327E-1;;
30/11/2021  14:47:39,952183;9,441388E-1;1,092138E-1;1,120448E-1;9,424427E-1;;
30/11/2021  14:47:39,952283;9,440584E-1;7,703722E-2;7,192142E-2;9,425534E-1;;
30/11/2021  14:47:39,952383;9,437871E-1;1,047537E-1;1,357397E-1;9,426645E-1;;
30/11/2021  14:47:39,952483;9,436888E-1;9,519628E-2;1,133085E-1;9,427752E-1;;
30/11/2021  14:47:39,952583;9,438199E-1;1,073023E-1;1,249980E-1;9,428851E-1;;
30/11/2021  14:47:39,952683;9,433759E-1;8,468314E-2;9,182514E-2;9,429937E-1;;
30/11/2021  14:47:39,952783;9,436918E-1;9,519628E-2;1,098333E-1;9,431004E-1;;
30/11/2021  14:47:39,952883;9,427232E-1;1,117624E-1;1,240502E-1;9,432048E-1;;
30/11/2021  14:47:39,952983;9,428990E-1;1,149482E-1;1,325804E-1;9,433065E-1;;
30/11/2021  14:47:39,953083;9,431732E-1;1,194084E-1;1,256299E-1;9,434048E-1;;
30/11/2021  14:47:39,953183;9,430570E-1;1,353374E-1;1,344760E-1;9,434994E-1;;
30/11/2021  14:47:39,953283;9,432745E-1;1,296029E-1;1,379512E-1;9,435900E-1;;
30/11/2021  14:47:39,953383;9,433818E-1;1,627352E-1;1,591187E-1;9,436762E-1;;
30/11/2021  14:47:39,953483;9,427560E-1;1,687883E-1;1,531159E-1;9,437578E-1;;
30/11/2021  14:47:39,953583;9,430719E-1;1,598680E-1;1,392149E-1;9,438347E-1;;
30/11/2021  14:47:39,953683;9,419632E-1;1,726112E-1;1,512204E-1;9,439066E-1;;
30/11/2021  14:47:39,953783;9,425414E-1;1,617795E-1;1,521681E-1;9,439732E-1;;
30/11/2021  14:47:39,953883;9,428156E-1;1,362931E-1;1,524841E-1;9,440344E-1;;
30/11/2021  14:47:39,953983;9,429497E-1;1,347002E-1;1,388990E-1;9,440900E-1;;
30/11/2021  14:47:39,954083;9,430749E-1;1,359745E-1;1,464814E-1;9,441399E-1;;
30/11/2021  14:47:39,954183;9,424669E-1;1,770713E-1;2,150386E-1;9,441842E-1;;
30/11/2021  14:47:39,954283;9,418887E-1;1,388417E-1;2,011376E-1;9,442229E-1;;
30/11/2021  14:47:39,954383;9,415579E-1;1,289658E-1;1,332122E-1;9,442558E-1;;
30/11/2021  14:47:39,954483;9,419006E-1;1,503106E-1;1,531159E-1;9,442830E-1;;
30/11/2021  14:47:39,954583;9,415787E-1;1,267357E-1;1,227865E-1;9,443041E-1;;
30/11/2021  14:47:39,954683;9,419096E-1;2,070179E-1;1,648054E-1;9,443193E-1;;
30/11/2021  14:47:39,954783;9,413165E-1;1,318330E-1;1,338441E-1;9,443285E-1;;
30/11/2021  14:47:39,954883;9,409559E-1;1,139925E-1;1,303688E-1;9,443316E-1;;
30/11/2021  14:47:39,954983;9,400439E-1;1,671954E-1;1,692285E-1;9,443287E-1;;
30/11/2021  14:47:39,955083;9,398859E-1;1,286472E-1;1,395309E-1;9,443195E-1;;
30/11/2021  14:47:39,955183;9,400588E-1;1,047537E-1;8,992954E-2;9,443039E-1;;
30/11/2021  14:47:39,955283;9,400409E-1;1,410718E-1;1,414265E-1;9,442818E-1;;
30/11/2021  14:47:39,955383;9,392362E-1;1,302401E-1;1,120448E-1;9,442530E-1;;
30/11/2021  14:47:39,955483;9,390604E-1;1,378860E-1;1,392149E-1;9,442176E-1;;
30/11/2021  14:47:39,955583;9,383898E-1;1,264171E-1;1,398468E-1;9,441752E-1;;
30/11/2021  14:47:39,955683;9,376746E-1;1,366117E-1;1,366875E-1;9,441259E-1;;
30/11/2021  14:47:39,955783;9,375851E-1;8,861098E-3;6,370719E-2;9,440694E-1;;
30/11/2021  14:47:39,955883;9,373795E-1;1,410718E-1;1,430061E-1;9,440054E-1;;
30/11/2021  14:47:39,955983;9,369950E-1;7,894870E-2;1,016190E-1;9,439337E-1;;
30/11/2021  14:47:39,956083;9,366911E-1;1,509478E-1;1,862888E-1;9,438543E-1;;
30/11/2021  14:47:39,956183;9,358745E-1;1,442576E-1;1,745993E-1;9,437670E-1;;
30/11/2021  14:47:39,956283;9,351085E-1;1,423461E-1;1,483770E-1;9,436715E-1;;
30/11/2021  14:47:39,956383;9,349476E-1;1,458505E-1;1,445858E-1;9,435677E-1;;
30/11/2021  14:47:39,956483;9,347062E-1;8,542518E-3;1,157841E-2;9,434553E-1;;
30/11/2021  14:47:39,956583;9,349476E-1;1,852338E-3;3,364175E-3;9,433342E-1;;
30/11/2021  14:47:39,956683;9,345184E-1;3,126658E-3;5,259767E-3;9,432043E-1;;
30/11/2021  14:47:39,956783;9,338836E-1;4,082398E-3;6,523495E-3;9,430655E-1;;
30/11/2021  14:47:39,956883;9,339313E-1;8,965980E-4;3,680107E-3;9,429179E-1;;
30/11/2021  14:47:39,956983;9,336810E-1;1,215178E-3;3,364175E-3;9,427615E-1;;
30/11/2021  14:47:39,957083;9,332309E-1;6,631038E-3;1,031468E-2;9,425964E-1;;
30/11/2021  14:47:39,957183;9,332726E-1;7,905358E-3;9,050951E-3;9,424227E-1;;
30/11/2021  14:47:39,957283;9,333829E-1;5,675298E-3;8,735019E-3;9,422406E-1;;
30/11/2021  14:47:39,957383;9,338627E-1;6,949618E-3;9,050951E-3;9,420502E-1;;
30/11/2021  14:47:39,957483;9,332548E-1;7,268198E-3;8,735019E-3;9,418521E-1;;
30/11/2021  14:47:39,957583;9,327928E-1;6,631038E-3;8,419087E-3;9,416466E-1;;
30/11/2021  14:47:39,957683;9,328465E-1;4,400978E-3;6,207563E-3;9,414340E-1;;
30/11/2021  14:47:39,957783;9,332428E-1;8,965980E-4;3,048243E-3;9,412148E-1;;
30/11/2021  14:47:39,957883;9,332726E-1;1,215178E-3;2,100447E-3;9,409895E-1;;
30/11/2021  14:47:39,957983;9,335200E-1;2,489498E-3;3,996039E-3;9,407586E-1;;
30/11/2021  14:47:39,958083;9,333501E-1;1,215178E-3;3,680107E-3;9,405228E-1;;
30/11/2021  14:47:39,958183;9,340267E-1;8,965980E-4;3,680107E-3;9,402826E-1;;
30/11/2021  14:47:39,958283;9,331564E-1;1,533758E-3;3,048243E-3;9,400389E-1;;
30/11/2021  14:47:39,958383;9,335349E-1;5,780180E-4;3,364175E-3;9,397923E-1;;
30/11/2021  14:47:39,958483;9,338777E-1;5,780180E-4;2,732311E-3;9,395434E-1;;
30/11/2021  14:47:39,958583;9,345899E-1;1,533758E-3;3,996039E-3;9,392931E-1;;
30/11/2021  14:47:39,958683;9,350638E-1;2,170918E-3;3,680107E-3;9,390421E-1;;
30/11/2021  14:47:39,958783;9,346943E-1;1,215178E-3;3,680107E-3;9,387913E-1;;
30/11/2021  14:47:39,958883;9,351085E-1;1,852338E-3;4,627903E-3;9,385417E-1;;
30/11/2021  14:47:39,958983;9,349684E-1;1,215178E-3;3,680107E-3;9,382940E-1;;
30/11/2021  14:47:39,959083;9,352069E-1;1,215178E-3;3,364175E-3;9,380491E-1;;
30/11/2021  14:47:39,959183;9,358297E-1;5,780180E-4;3,364175E-3;9,378078E-1;;
30/11/2021  14:47:39,959283;9,364347E-1;8,965980E-4;3,364175E-3;9,375709E-1;;
30/11/2021  14:47:39,959383;9,374331E-1;5,780180E-4;3,680107E-3;9,373393E-1;;
30/11/2021  14:47:39,959483;9,373974E-1;1,215178E-3;3,996039E-3;9,371139E-1;;
30/11/2021  14:47:39,959583;9,372692E-1;8,965980E-4;3,680107E-3;9,368956E-1;;
30/11/2021  14:47:39,959683;9,367775E-1;8,965980E-4;3,680107E-3;9,366854E-1;;
30/11/2021  14:47:39,959783;9,370964E-1;5,038138E-3;9,682815E-3;9,364839E-1;;
30/11/2021  14:47:39,959883;9,376567E-1;5,038138E-3;7,787223E-3;9,362917E-1;;
30/11/2021  14:47:39,959983;9,380531E-1;1,013542E-2;1,347400E-2;9,361093E-1;;
30/11/2021  14:47:39,960083;9,382229E-1;5,675298E-3;7,155359E-3;9,359373E-1;;
30/11/2021  14:47:39,960183;9,379219E-1;1,332122E-2;1,284213E-2;9,357762E-1;;
30/11/2021  14:47:39,960283;9,375613E-1;1,555128E-2;1,821298E-2;9,356265E-1;;
30/11/2021  14:47:39,960383;9,374153E-1;1,300264E-2;1,505366E-2;9,354884E-1;;
30/11/2021  14:47:39,960483;9,380352E-1;6,949618E-3;7,471291E-3;9,353619E-1;;
30/11/2021  14:47:39,960583;9,377908E-1;1,618844E-2;1,852891E-2;9,352473E-1;;
30/11/2021  14:47:39,960683;9,378295E-1;2,670158E-2;2,737501E-2;9,351445E-1;;
30/11/2021  14:47:39,960783;9,376537E-1;1,133553E-1;1,208909E-1;9,350536E-1;;
30/11/2021  14:47:39,960883;9,376477E-1;1,002936E-1;1,073058E-1;9,349744E-1;;
30/11/2021  14:47:39,960983;9,368222E-1;1,200455E-1;1,231024E-1;9,349067E-1;;
30/11/2021  14:47:39,961083;9,369056E-1;1,459554E-2;1,631739E-2;9,348502E-1;;
30/11/2021  14:47:39,961183;9,366821E-1;3,530324E-2;4,096008E-2;9,348045E-1;;
30/11/2021  14:47:39,961283;9,372037E-1;5,282514E-2;5,644075E-2;9,347691E-1;;
30/11/2021  14:47:39,961383;9,366344E-1;1,206827E-1;1,158360E-1;9,347435E-1;;
30/11/2021  14:47:39,961483;9,365599E-1;9,965640E-2;1,035146E-1;9,347273E-1;;
30/11/2021  14:47:39,961583;9,366732E-1;1,152668E-1;9,656411E-2;9,347200E-1;;
30/11/2021  14:47:39,961683;9,356241E-1;8,595746E-2;8,961361E-2;9,347209E-1;;
30/11/2021  14:47:39,961783;9,359549E-1;7,640006E-2;1,057261E-1;9,347294E-1;;
30/11/2021  14:47:39,961883;9,359639E-1;4,963934E-2;9,308886E-2;9,347448E-1;;
30/11/2021  14:47:39,961983;9,367209E-1;1,108067E-1;1,174156E-1;9,347666E-1;;
30/11/2021  14:47:39,962083;9,369891E-1;1,363980E-2;6,623464E-2;9,347941E-1;;
30/11/2021  14:47:39,962183;9,369146E-1;1,117624E-1;1,170997E-1;9,348269E-1;;
30/11/2021  14:47:39,962283;9,359609E-1;1,082581E-1;1,148882E-1;9,348647E-1;;
30/11/2021  14:47:39,962383;9,359966E-1;1,018865E-1;1,180475E-1;9,349069E-1;;
30/11/2021  14:47:39,962483;9,363871E-1;8,659462E-2;1,259458E-1;9,349530E-1;;
30/11/2021  14:47:39,962583;9,368580E-1;7,831154E-2;7,666040E-2;9,350026E-1;;
30/11/2021  14:47:39,962683;9,371083E-1;1,098510E-1;1,313166E-1;9,350551E-1;;
30/11/2021  14:47:39,962783;9,369772E-1;9,838208E-2;9,877564E-2;9,351103E-1;;
30/11/2021  14:47:39,962883;9,371858E-1;1,053908E-1;1,098333E-1;9,351680E-1;;
30/11/2021  14:47:39,962983;9,365689E-1;8,054160E-2;8,992954E-2;9,352278E-1;;
30/11/2021  14:47:39,963083;9,362053E-1;4,804644E-2;9,119327E-2;9,352895E-1;;
30/11/2021  14:47:39,963183;9,369772E-1;9,487770E-2;9,498445E-2;9,353526E-1;;
30/11/2021  14:47:39,963283;9,373735E-1;-1,662530E-2;1,404787E-1;9,354169E-1;;
30/11/2021  14:47:39,963383;9,380113E-1;9,360338E-2;1,215227E-1;9,354821E-1;;
30/11/2021  14:47:39,963483;9,376865E-1;1,143111E-1;1,575390E-1;9,355482E-1;;
30/11/2021  14:47:39,963583;9,379219E-1;1,490363E-1;1,597505E-1;9,356150E-1;;
30/11/2021  14:47:39,963683;9,374719E-1;1,222756E-1;1,303688E-1;9,356826E-1;;
30/11/2021  14:47:39,963783;9,376656E-1;1,433019E-1;1,411105E-1;9,357507E-1;;
30/11/2021  14:47:39,963883;9,383332E-1;1,757970E-1;1,610142E-1;9,358194E-1;;
30/11/2021  14:47:39,963983;9,386193E-1;1,260985E-1;1,041465E-1;9,358885E-1;;
30/11/2021  14:47:39,964083;9,390664E-1;1,659210E-1;1,512204E-1;9,359581E-1;;
30/11/2021  14:47:39,964183;9,395402E-1;1,675139E-1;1,550115E-1;9,360283E-1;;
30/11/2021  14:47:39,964283;9,393763E-1;1,554079E-1;1,414265E-1;9,360992E-1;;
30/11/2021  14:47:39,964383;9,393256E-1;1,315144E-1;1,145722E-1;9,361711E-1;;
30/11/2021  14:47:39,964483;9,395939E-1;2,861306E-2;9,814378E-2;9,362440E-1;;
30/11/2021  14:47:39,964583;9,398740E-1;1,311958E-1;1,227865E-1;9,363180E-1;;
30/11/2021  14:47:39,964683;9,407651E-1;9,455912E-2;1,518522E-1;9,363934E-1;;
30/11/2021  14:47:39,964783;9,408784E-1;7,130278E-2;4,380347E-2;9,364702E-1;;
30/11/2021  14:47:39,964883;9,409171E-1;1,509478E-1;2,030332E-1;9,365488E-1;;
30/11/2021  14:47:39,964983;9,407472E-1;1,181340E-1;1,164678E-1;9,366293E-1;;
30/11/2021  14:47:39,965083;9,409439E-1;1,178155E-1;1,208909E-1;9,367120E-1;;
30/11/2021  14:47:39,965183;9,404939E-1;1,117624E-1;1,174156E-1;9,367969E-1;;
30/11/2021  14:47:39,965283;9,411496E-1;1,152668E-1;1,174156E-1;9,368841E-1;;
30/11/2021  14:47:39,965383;9,415430E-1;1,181340E-1;1,256299E-1;9,369736E-1;;
30/11/2021  14:47:39,965483;9,413850E-1;1,761156E-1;1,657532E-1;9,370655E-1;;
30/11/2021  14:47:39,965583;9,412628E-1;9,901924E-2;1,088855E-1;9,371598E-1;;
30/11/2021  14:47:39,965683;9,402853E-1;1,149482E-1;1,129926E-1;9,372565E-1;;
30/11/2021  14:47:39,965783;9,403717E-1;1,127182E-1;1,104651E-1;9,373555E-1;;
30/11/2021  14:47:39,965883;9,403747E-1;1,194084E-1;1,205749E-1;9,374565E-1;;
30/11/2021  14:47:39,965983;9,401750E-1;7,098420E-2;1,136244E-1;9,375591E-1;;
30/11/2021  14:47:39,966083;9,406221E-1;1,073023E-1;7,918786E-2;9,376632E-1;;
30/11/2021  14:47:39,966183;9,411049E-1;1,203641E-1;1,297370E-1;9,377683E-1;;
30/11/2021  14:47:39,966283;9,403330E-1;1,356559E-1;1,717559E-1;9,378743E-1;;
30/11/2021  14:47:39,966383;9,404045E-1;3,211744E-2;2,074043E-2;9,379810E-1;;
30/11/2021  14:47:39,966483;9,408575E-1;9,392196E-2;9,435259E-2;9,380882E-1;;
30/11/2021  14:47:39,966583;9,413701E-1;3,466608E-2;2,832280E-2;9,381955E-1;;
30/11/2021  14:47:39,966683;9,415400E-1;1,162226E-1;1,148882E-1;9,383028E-1;;
30/11/2021  14:47:39,966783;9,417576E-1;9,870066E-2;1,136244E-1;9,384101E-1;;
30/11/2021  14:47:39,966883;9,417039E-1;6,970988E-2;5,865227E-2;9,385174E-1;;
30/11/2021  14:47:39,966983;9,413791E-1;8,149734E-2;7,950379E-2;9,386246E-1;;
30/11/2021  14:47:39,967083;9,415966E-1;1,764342E-1;1,872366E-1;9,387316E-1;;
30/11/2021  14:47:39,967183;9,422642E-1;1,095324E-1;1,082536E-1;9,388384E-1;;
30/11/2021  14:47:39,967283;9,421122E-1;1,037979E-1;1,079377E-1;9,389448E-1;;
30/11/2021  14:47:39,967383;9,426427E-1;1,190898E-1;1,110970E-1;9,390510E-1;;
30/11/2021  14:47:39,967483;9,427500E-1;8,723178E-2;4,949025E-2;9,391568E-1;;
30/11/2021  14:47:39,967583;9,425235E-1;1,127182E-1;1,240502E-1;9,392626E-1;;
30/11/2021  14:47:39,967683;9,423775E-1;1,178155E-1;1,069899E-1;9,393681E-1;;
30/11/2021  14:47:39,967783;9,430421E-1;1,178155E-1;1,240502E-1;9,394735E-1;;
30/11/2021  14:47:39,967883;9,430719E-1;1,222756E-1;1,183634E-1;9,395787E-1;;
30/11/2021  14:47:39,967983;9,430659E-1;1,427696E-2;9,682815E-3;9,396838E-1;;
30/11/2021  14:47:39,968083;9,434236E-1;1,060280E-1;1,205749E-1;9,397888E-1;;
30/11/2021  14:47:39,968183;9,433043E-1;1,455319E-1;1,758630E-1;9,398938E-1;;
30/11/2021  14:47:39,968283;9,432119E-1;1,133553E-1;1,082536E-1;9,399989E-1;;
30/11/2021  14:47:39,968383;9,428692E-1;8,818752E-2;1,259458E-1;9,401039E-1;;
30/11/2021  14:47:39,968483;9,428275E-1;1,340630E-1;1,319485E-1;9,402088E-1;;
30/11/2021  14:47:39,968583;9,437931E-1;1,187712E-1;1,259458E-1;9,403135E-1;;
30/11/2021  14:47:39,968683;9,435100E-1;9,009900E-2;8,677022E-2;9,404180E-1;;
30/11/2021  14:47:39,968783;9,431732E-1;1,248242E-1;1,167838E-1;9,405222E-1;;
30/11/2021  14:47:39,968883;9,432298E-1;9,647060E-2;1,006712E-1;9,406261E-1;;
30/11/2021  14:47:39,968983;9,431345E-1;-5,899644E-2;-2,791309E-2;9,407296E-1;;
30/11/2021  14:47:39,969083;9,425950E-1;1,104881E-1;6,718244E-2;9,408324E-1;;
30/11/2021  14:47:39,969183;9,432894E-1;1,315144E-1;1,332122E-1;9,409345E-1;;
30/11/2021  14:47:39,969283;9,436113E-1;1,002936E-1;1,534319E-1;9,410357E-1;;
30/11/2021  14:47:39,969383;9,435249E-1;1,363980E-2;6,749837E-2;9,411359E-1;;
30/11/2021  14:47:39,969483;9,433729E-1;3,371034E-2;9,498445E-2;9,412349E-1;;
30/11/2021  14:47:39,969583;9,435696E-1;1,248242E-1;1,398468E-1;9,413329E-1;;
30/11/2021  14:47:39,969683;9,430302E-1;-3,244942E-3;7,855599E-2;9,414295E-1;;
30/11/2021  14:47:39,969783;9,430212E-1;1,315144E-1;1,313166E-1;9,415249E-1;;
30/11/2021  14:47:39,969883;9,428901E-1;1,232313E-1;1,328963E-1;9,416186E-1;;
30/11/2021  14:47:39,969983;9,433461E-1;1,347002E-1;1,259458E-1;9,417107E-1;;
30/11/2021  14:47:39,970083;9,436679E-1;1,082581E-1;1,183634E-1;9,418009E-1;;
30/11/2021  14:47:39,970183;9,434444E-1;1,241871E-1;1,101492E-1;9,418892E-1;;
30/11/2021  14:47:39,970283;9,430093E-1;1,190898E-1;9,751191E-2;9,419755E-1;;
30/11/2021  14:47:39,970383;9,425265E-1;1,362931E-1;1,351078E-1;9,420597E-1;;
30/11/2021  14:47:39,970483;9,426785E-1;1,519035E-1;1,644895E-1;9,421417E-1;;
30/11/2021  14:47:39,970583;9,429199E-1;1,283286E-1;1,265777E-1;9,422212E-1;;
30/11/2021  14:47:39,970683;9,431881E-1;1,401161E-1;1,471132E-1;9,422981E-1;;
30/11/2021  14:47:39,970783;9,435964E-1;5,409946E-2;1,357397E-1;9,423723E-1;;
30/11/2021  14:47:39,970883;9,430838E-1;1,034794E-1;1,013031E-1;9,424438E-1;;
30/11/2021  14:47:39,970983;9,422046E-1;8,861098E-3;1,041465E-1;9,425126E-1;;
30/11/2021  14:47:39,971083;9,421182E-1;6,174538E-2;7,981972E-2;9,425785E-1;;
30/11/2021  14:47:39,971183;9,415072E-1;1,299215E-1;1,275255E-1;9,426413E-1;;
30/11/2021  14:47:39,971283;9,416324E-1;1,267357E-1;1,278414E-1;9,427007E-1;;
30/11/2021  14:47:39,971383;9,417278E-1;1,308772E-1;1,196272E-1;9,427565E-1;;
30/11/2021  14:47:39,971483;9,418470E-1;1,458505E-1;1,644895E-1;9,428084E-1;;
30/11/2021  14:47:39,971583;9,415042E-1;1,210013E-1;1,300529E-1;9,428562E-1;;
30/11/2021  14:47:39,971683;9,411526E-1;1,267357E-1;1,202590E-1;9,428999E-1;;
30/11/2021  14:47:39,971783;9,407592E-1;1,053908E-1;6,465498E-2;9,429391E-1;;
30/11/2021  14:47:39,971883;9,409588E-1;1,203641E-1;1,025668E-1;9,429737E-1;;
30/11/2021  14:47:39,971983;9,410900E-1;1,159040E-1;8,582243E-2;9,430035E-1;;
30/11/2021  14:47:39,972083;9,418976E-1;1,382046E-1;1,231024E-1;9,430284E-1;;
30/11/2021  14:47:39,972183;9,411675E-1;9,137332E-2;6,086380E-2;9,430484E-1;;
30/11/2021  14:47:39,972283;9,414118E-1;7,066562E-2;5,675668E-2;9,430636E-1;;
30/11/2021  14:47:39,972383;9,414327E-1;1,353374E-1;1,363715E-1;9,430740E-1;;
30/11/2021  14:47:39,972483;9,412539E-1;1,248242E-1;1,316326E-1;9,430798E-1;;
30/11/2021  14:47:39,972583;9,421003E-1;1,155854E-1;1,215227E-1;9,430810E-1;;
30/11/2021  14:47:39,972683;9,423238E-1;1,133553E-1;1,196272E-1;9,430779E-1;;
30/11/2021  14:47:39,972783;9,421629E-1;1,140974E-2;6,939396E-2;9,430708E-1;;
30/11/2021  14:47:39,972883;9,423745E-1;1,130368E-1;1,174156E-1;9,430600E-1;;
30/11/2021  14:47:39,972983;9,420079E-1;1,213198E-1;1,234183E-1;9,430459E-1;;
30/11/2021  14:47:39,973083;9,422702E-1;9,583344E-2;1,092014E-1;9,430286E-1;;
30/11/2021  14:47:39,973183;9,413731E-1;1,025236E-1;1,066739E-1;9,430086E-1;;
30/11/2021  14:47:39,973283;9,422642E-1;1,034794E-1;1,155200E-1;9,429860E-1;;
30/11/2021  14:47:39,973383;9,425026E-1;1,063466E-1;1,208909E-1;9,429610E-1;;
30/11/2021  14:47:39,973483;9,425593E-1;1,060280E-1;1,079377E-1;9,429340E-1;;
30/11/2021  14:47:39,973583;9,425235E-1;1,053908E-1;1,126766E-1;9,429053E-1;;
30/11/2021  14:47:39,973683;9,420884E-1;1,076209E-1;1,186794E-1;9,428752E-1;;
30/11/2021  14:47:39,973783;9,421510E-1;1,213198E-1;1,243661E-1;9,428439E-1;;
30/11/2021  14:47:39,973883;9,426397E-1;1,088952E-1;1,253139E-1;9,428117E-1;;
30/11/2021  14:47:39,973983;9,428692E-1;1,009307E-1;1,493248E-1;9,427788E-1;;
30/11/2021  14:47:39,974083;9,423715E-1;1,296029E-1;1,335282E-1;9,427456E-1;;
30/11/2021  14:47:39,974183;9,431285E-1;1,490363E-1;1,929234E-1;9,427122E-1;;
30/11/2021  14:47:39,974283;9,429586E-1;1,423461E-1;1,354238E-1;9,426791E-1;;
30/11/2021  14:47:39,974383;9,425473E-1;1,605052E-1;1,449017E-1;9,426463E-1;;
30/11/2021  14:47:39,974483;9,425682E-1;1,799386E-1;1,657532E-1;9,426142E-1;;
30/11/2021  14:47:39,974583;9,439391E-1;1,519035E-1;1,221546E-1;9,425830E-1;;
30/11/2021  14:47:39,974683;9,433192E-1;1,742041E-1;1,534319E-1;9,425528E-1;;
30/11/2021  14:47:39,974783;9,437275E-1;1,675139E-1;1,881844E-1;9,425241E-1;;
30/11/2021  14:47:39,974883;9,434146E-1;1,627352E-1;1,663851E-1;9,424972E-1;;
30/11/2021  14:47:39,974983;9,435577E-1;1,397975E-1;1,325804E-1;9,424721E-1;;
30/11/2021  14:47:39,975083;9,433699E-1;1,401161E-1;1,480610E-1;9,424492E-1;;
30/11/2021  14:47:39,975183;9,430838E-1;1,630538E-1;1,856569E-1;9,424286E-1;;
30/11/2021  14:47:39,975283;9,441150E-1;1,238685E-1;1,069899E-1;9,424104E-1;;
30/11/2021  14:47:39,975383;9,440673E-1;1,442576E-1;1,518522E-1;9,423946E-1;;
30/11/2021  14:47:39,975483;9,435994E-1;1,509478E-1;1,641736E-1;9,423816E-1;;
30/11/2021  14:47:39,975583;9,431702E-1;1,652839E-1;2,207254E-1;9,423714E-1;;
30/11/2021  14:47:39,975683;9,433490E-1;1,334259E-1;1,335282E-1;9,423639E-1;;
30/11/2021  14:47:39,975783;9,424371E-1;1,168597E-1;1,332122E-1;9,423592E-1;;
30/11/2021  14:47:39,975883;9,422642E-1;1,385232E-1;1,300529E-1;9,423570E-1;;
30/11/2021  14:47:39,975983;9,422225E-1;1,410718E-1;1,407946E-1;9,423571E-1;;
30/11/2021  14:47:39,976083;9,419125E-1;1,650702E-2;5,486109E-2;9,423592E-1;;
30/11/2021  14:47:39,976183;9,413344E-1;1,308772E-1;1,291051E-1;9,423629E-1;;
30/11/2021  14:47:39,976283;9,409618E-1;1,302401E-1;1,363715E-1;9,423679E-1;;
30/11/2021  14:47:39,976383;9,401869E-1;1,337445E-1;1,259458E-1;9,423736E-1;;
30/11/2021  14:47:39,976483;9,395551E-1;1,650702E-2;1,821298E-2;9,423796E-1;;
30/11/2021  14:47:39,976583;9,398204E-1;5,780180E-4;3,048243E-3;9,423851E-1;;
30/11/2021  14:47:39,976683;9,396505E-1;2,489498E-3;4,627903E-3;9,423897E-1;;
30/11/2021  14:47:39,976783;9,398502E-1;1,852338E-3;4,311971E-3;9,423927E-1;;
30/11/2021  14:47:39,976883;9,399753E-1;5,993878E-3;7,471291E-3;9,423936E-1;;
30/11/2021  14:47:39,976983;9,398740E-1;5,675298E-3;8,103155E-3;9,423923E-1;;
30/11/2021  14:47:39,977083;9,398144E-1;5,038138E-3;7,155359E-3;9,423883E-1;;
30/11/2021  14:47:39,977183;9,402048E-1;3,445238E-3;5,575699E-3;9,423814E-1;;
30/11/2021  14:47:39,977283;9,405893E-1;1,852338E-3;3,680107E-3;9,423715E-1;;
30/11/2021  14:47:39,977383;9,413850E-1;2,170918E-3;4,311971E-3;9,423585E-1;;
30/11/2021  14:47:39,977483;9,409320E-1;9,498258E-3;1,094654E-2;9,423426E-1;;
30/11/2021  14:47:39,977583;9,409469E-1;3,126658E-3;5,259767E-3;9,423239E-1;;
30/11/2021  14:47:39,977683;9,410542E-1;3,445238E-3;5,259767E-3;9,423026E-1;;
30/11/2021  14:47:39,977783;9,405565E-1;1,852338E-3;3,996039E-3;9,422788E-1;;
30/11/2021  14:47:39,977883;9,410512E-1;2,489498E-3;4,627903E-3;9,422527E-1;;
30/11/2021  14:47:39,977983;9,416026E-1;1,533758E-3;3,680107E-3;9,422244E-1;;
30/11/2021  14:47:39,978083;9,420586E-1;5,356718E-3;7,471291E-3;9,421942E-1;;
30/11/2021  14:47:39,978183;9,424579E-1;3,126658E-3;5,891631E-3;9,421624E-1;;
30/11/2021  14:47:39,978283;9,422881E-1;2,170918E-3;3,364175E-3;9,421294E-1;;
30/11/2021  14:47:39,978383;9,422702E-1;2,489498E-3;3,680107E-3;9,420958E-1;;
30/11/2021  14:47:39,978483;9,422106E-1;4,400978E-3;7,155359E-3;9,420618E-1;;
30/11/2021  14:47:39,978583;9,427351E-1;1,533758E-3;3,680107E-3;9,420278E-1;;
30/11/2021  14:47:39,978683;9,432775E-1;8,965980E-4;3,364175E-3;9,419941E-1;;
30/11/2021  14:47:39,978783;9,437424E-1;2,808078E-3;4,943835E-3;9,419613E-1;;
30/11/2021  14:47:39,978883;9,440137E-1;8,965980E-4;3,364175E-3;9,419298E-1;;
30/11/2021  14:47:39,978983;9,433878E-1;1,533758E-3;3,364175E-3;9,419000E-1;;
30/11/2021  14:47:39,979083;9,427440E-1;5,780180E-4;3,680107E-3;9,418725E-1;;
30/11/2021  14:47:39,979183;9,428096E-1;1,533758E-3;4,311971E-3;9,418474E-1;;
30/11/2021  14:47:39,979283;9,432328E-1;1,533758E-3;3,996039E-3;9,418249E-1;;
30/11/2021  14:47:39,979383;9,431762E-1;8,965980E-4;3,364175E-3;9,418051E-1;;
30/11/2021  14:47:39,979483;9,437722E-1;8,965980E-4;3,364175E-3;9,417882E-1;;
30/11/2021  14:47:39,979583;9,440852E-1;1,852338E-3;3,048243E-3;9,417744E-1;;
30/11/2021  14:47:39,979683;9,432775E-1;8,965980E-4;3,364175E-3;9,417638E-1;;
30/11/2021  14:47:39,979783;9,431762E-1;1,533758E-3;5,575699E-3;9,417566E-1;;
30/11/2021  14:47:39,979883;9,431583E-1;1,215178E-3;3,680107E-3;9,417528E-1;;
30/11/2021  14:47:39,979983;9,444458E-1;3,126658E-3;5,891631E-3;9,417524E-1;;
30/11/2021  14:47:39,980083;9,447259E-1;8,861098E-3;1,536959E-2;9,417555E-1;;
30/11/2021  14:47:39,980183;9,456081E-1;4,400978E-3;9,366883E-3;9,417623E-1;;
30/11/2021  14:47:39,980283;9,447915E-1;9,179678E-3;1,536959E-2;9,417731E-1;;
30/11/2021  14:47:39,980383;9,449137E-1;1,682560E-2;1,821298E-2;9,417880E-1;;
30/11/2021  14:47:39,980483;9,449465E-1;1,140974E-2;1,694925E-2;9,418074E-1;;
30/11/2021  14:47:39,980583;9,447826E-1;1,427696E-2;1,663332E-2;9,418311E-1;;
30/11/2021  14:47:39,980683;9,446067E-1;1,618844E-2;1,852891E-2;9,418592E-1;;
30/11/2021  14:47:39,980783;9,447200E-1;8,542518E-3;1,663332E-2;9,418917E-1;;
30/11/2021  14:47:39,980883;9,450061E-1;5,027650E-2;5,707262E-2;9,419285E-1;;
30/11/2021  14:47:39,980983;9,443474E-1;1,013542E-2;9,366883E-3;9,419694E-1;;
30/11/2021  14:47:39,981083;9,441031E-1;3,126658E-3;1,094654E-2;9,420143E-1;;
30/11/2021  14:47:39,981183;9,433550E-1;1,236548E-2;1,947671E-2;9,420629E-1;;
30/11/2021  14:47:39,981283;9,437216E-1;2,192288E-2;2,832280E-2;9,421148E-1;;
30/11/2021  14:47:39,981383;9,435904E-1;5,569236E-2;7,034176E-2;9,421696E-1;;
30/11/2021  14:47:39,981483;9,436262E-1;9,647060E-2;9,845971E-2;9,422269E-1;;
30/11/2021  14:47:39,981583;9,430570E-1;1,273729E-1;1,306848E-1;9,422862E-1;;
30/11/2021  14:47:39,981683;9,427262E-1;5,601094E-2;7,634447E-2;9,423472E-1;;
30/11/2021  14:47:39,981783;9,422016E-1;8,309024E-2;1,050943E-1;9,424093E-1;;
30/11/2021  14:47:39,981883;9,412122E-1;1,302401E-1;1,351078E-1;9,424720E-1;;
30/11/2021  14:47:39,981983;9,415936E-1;1,047537E-1;1,212068E-1;9,425345E-1;;
30/11/2021  14:47:39,982083;9,417784E-1;1,108067E-1;1,174156E-1;9,425962E-1;;
30/11/2021  14:47:39,982183;9,409499E-1;1,436204E-1;1,407946E-1;9,426565E-1;;
30/11/2021  14:47:39,982283;9,406519E-1;1,260985E-1;1,082536E-1;9,427148E-1;;
30/11/2021  14:47:39,982383;9,402615E-1;1,225942E-1;1,145722E-1;9,427705E-1;;
30/11/2021  14:47:39,982483;9,398889E-1;1,260985E-1;1,316326E-1;9,428229E-1;;
30/11/2021  14:47:39,982583;9,399396E-1;1,248242E-1;1,212068E-1;9,428715E-1;;
30/11/2021  14:47:39,982683;9,400350E-1;1,104881E-1;1,016190E-1;9,429155E-1;;
30/11/2021  14:47:39,982783;9,405595E-1;6,652408E-2;9,277293E-2;9,429547E-1;;
30/11/2021  14:47:39,982883;9,407264E-1;1,474434E-1;1,411105E-1;9,429886E-1;;
30/11/2021  14:47:39,982983;9,407294E-1;1,018865E-1;1,050943E-1;9,430171E-1;;
30/11/2021  14:47:39,983083;9,403240E-1;5,473662E-2;1,183634E-1;9,430400E-1;;
30/11/2021  14:47:39,983183;9,402257E-1;1,200455E-1;1,221546E-1;9,430573E-1;;
30/11/2021  14:47:39,983283;9,408605E-1;8,595746E-2;1,098333E-1;9,430688E-1;;
30/11/2021  14:47:39,983383;9,410184E-1;1,073023E-1;1,202590E-1;9,430746E-1;;
30/11/2021  14:47:39,983483;9,413969E-1;1,162226E-1;1,120448E-1;9,430748E-1;;
30/11/2021  14:47:39,983583;9,416294E-1;1,130368E-1;1,316326E-1;9,430697E-1;;
30/11/2021  14:47:39,983683;9,415340E-1;1,015679E-1;1,044624E-1;9,430595E-1;;
30/11/2021  14:47:39,983783;9,414655E-1;1,009307E-1;9,940750E-2;9,430445E-1;;
30/11/2021  14:47:39,983883;9,408516E-1;7,480716E-2;1,467973E-1;9,430251E-1;;
30/11/2021  14:47:39,983983;9,416205E-1;9,774492E-2;1,123607E-1;9,430015E-1;;
30/11/2021  14:47:39,984083;9,419572E-1;8,245308E-2;8,139938E-2;9,429740E-1;;
30/11/2021  14:47:39,984183;9,421748E-1;9,774492E-2;1,104651E-1;9,429429E-1;;
30/11/2021  14:47:39,984283;9,421092E-1;8,117876E-2;9,308886E-2;9,429087E-1;;
30/11/2021  14:47:39,984383;9,414357E-1;8,723178E-2;9,814378E-2;9,428719E-1;;
30/11/2021  14:47:39,984483;9,413940E-1;1,018865E-1;1,139404E-1;9,428326E-1;;
30/11/2021  14:47:39,984583;9,414297E-1;1,190898E-1;1,297370E-1;9,427912E-1;;
30/11/2021  14:47:39,984683;9,417754E-1;1,353374E-1;1,398468E-1;9,427480E-1;;
30/11/2021  14:47:39,984783;9,423715E-1;2,401502E-1;2,080881E-1;9,427032E-1;;
30/11/2021  14:47:39,984883;9,417665E-1;1,522221E-1;1,392149E-1;9,426571E-1;;
30/11/2021  14:47:39,984983;9,422493E-1;1,799386E-1;1,499566E-1;9,426101E-1;;
30/11/2021  14:47:39,985083;9,422851E-1;1,509478E-1;1,373193E-1;9,425626E-1;;
30/11/2021  14:47:39,985183;9,424192E-1;1,531778E-1;1,363715E-1;9,425148E-1;;
30/11/2021  14:47:39,985283;9,418589E-1;7,512574E-2;9,056141E-2;9,424671E-1;;
30/11/2021  14:47:39,985383;9,424490E-1;1,210013E-1;1,129926E-1;9,424198E-1;;
30/11/2021  14:47:39,985483;9,430242E-1;1,114439E-1;1,148882E-1;9,423731E-1;;
30/11/2021  14:47:39,985583;9,425503E-1;1,041165E-1;9,624818E-2;9,423273E-1;;
30/11/2021  14:47:39,985683;9,422434E-1;1,206827E-1;1,193112E-1;9,422828E-1;;
30/11/2021  14:47:39,985783;9,409648E-1;1,139925E-1;1,202590E-1;9,422398E-1;;
30/11/2021  14:47:39,985883;9,412926E-1;1,015679E-1;9,498445E-2;9,421982E-1;;
30/11/2021  14:47:39,985983;9,405356E-1;1,181340E-1;1,189953E-1;9,421579E-1;;
30/11/2021  14:47:39,986083;9,403211E-1;1,311958E-1;1,660692E-1;9,421188E-1;;
30/11/2021  14:47:39,986183;9,404045E-1;1,123996E-1;1,057261E-1;9,420807E-1;;
30/11/2021  14:47:39,986283;9,397012E-1;1,232313E-1;1,407946E-1;9,420433E-1;;
30/11/2021  14:47:39,986383;9,388846E-1;1,190898E-1;1,148882E-1;9,420063E-1;;
30/11/2021  14:47:39,986483;9,383123E-1;1,069837E-1;1,057261E-1;9,419693E-1;;
30/11/2021  14:47:39,986583;9,375583E-1;1,159040E-1;1,050943E-1;9,419317E-1;;
30/11/2021  14:47:39,986683;9,380173E-1;3,912620E-2;4,253974E-2;9,418931E-1;;
30/11/2021  14:47:39,986783;9,377789E-1;9,041758E-2;8,613836E-2;9,418529E-1;;
30/11/2021  14:47:39,986883;9,371023E-1;1,190898E-1;1,328963E-1;9,418106E-1;;
30/11/2021  14:47:39,986983;9,363245E-1;1,117624E-1;9,877564E-2;9,417657E-1;;
30/11/2021  14:47:39,987083;9,362649E-1;1,111253E-1;9,308886E-2;9,417177E-1;;
30/11/2021  14:47:39,987183;9,354006E-1;1,254614E-1;1,335282E-1;9,416661E-1;;
30/11/2021  14:47:39,987283;9,352158E-1;1,095324E-1;1,076217E-1;9,416103E-1;;
30/11/2021  14:47:39,987383;9,351264E-1;1,101695E-1;1,057261E-1;9,415497E-1;;
30/11/2021  14:47:39,987483;9,350787E-1;1,178155E-1;1,313166E-1;9,414840E-1;;
30/11/2021  14:47:39,987583;9,344081E-1;1,353374E-1;1,610142E-1;9,414125E-1;;
30/11/2021  14:47:39,987683;9,336005E-1;1,675139E-1;1,790224E-1;9,413351E-1;;
30/11/2021  14:47:39,987783;9,336333E-1;1,034794E-1;1,044624E-1;9,412512E-1;;
30/11/2021  14:47:39,987883;9,327302E-1;1,251428E-1;1,221546E-1;9,411605E-1;;
30/11/2021  14:47:39,987983;9,328226E-1;1,264171E-1;1,180475E-1;9,410625E-1;;
30/11/2021  14:47:39,988083;9,333144E-1;1,063466E-1;1,189953E-1;9,409570E-1;;
30/11/2021  14:47:39,988183;9,333084E-1;1,200455E-1;1,256299E-1;9,408438E-1;;
30/11/2021  14:47:39,988283;9,331028E-1;1,197269E-1;1,177316E-1;9,407228E-1;;
30/11/2021  14:47:39,988383;9,328882E-1;1,216384E-1;1,218387E-1;9,405940E-1;;
30/11/2021  14:47:39,988483;9,319166E-1;1,066652E-1;8,803395E-2;9,404576E-1;;
30/11/2021  14:47:39,988583;9,325365E-1;1,327887E-1;1,442698E-1;9,403136E-1;;
30/11/2021  14:47:39,988683;9,320954E-1;1,382046E-1;1,493248E-1;9,401620E-1;;
30/11/2021  14:47:39,988783;9,333054E-1;4,082398E-3;8,103155E-3;9,400031E-1;;
30/11/2021  14:47:39,988883;9,335945E-1;1,159040E-1;1,082536E-1;9,398372E-1;;
30/11/2021  14:47:39,988983;9,334932E-1;1,146297E-1;1,379512E-1;9,396647E-1;;
30/11/2021  14:47:39,989083;9,337346E-1;1,251428E-1;1,284732E-1;9,394864E-1;;
30/11/2021  14:47:39,989183;9,329627E-1;1,181340E-1;1,231024E-1;9,393028E-1;;
30/11/2021  14:47:39,989283;9,336541E-1;1,200455E-1;1,278414E-1;9,391145E-1;;
30/11/2021  14:47:39,989383;9,341846E-1;1,248242E-1;1,284732E-1;9,389221E-1;;
30/11/2021  14:47:39,989483;9,346972E-1;1,292843E-1;1,278414E-1;9,387264E-1;;
30/11/2021  14:47:39,989583;9,351085E-1;1,273729E-1;1,370034E-1;9,385281E-1;;
30/11/2021  14:47:39,989683;9,353440E-1;1,585937E-1;1,291051E-1;9,383281E-1;;
30/11/2021  14:47:39,989783;9,355287E-1;1,296029E-1;1,256299E-1;9,381274E-1;;
30/11/2021  14:47:39,989883;9,353887E-1;1,104881E-1;1,003553E-1;9,379270E-1;;
30/11/2021  14:47:39,989983;9,360473E-1;1,257800E-1;1,426902E-1;9,377276E-1;;
30/11/2021  14:47:39,990083;9,364616E-1;1,353374E-1;1,272095E-1;9,375301E-1;;
30/11/2021  14:47:39,990183;9,370040E-1;1,267357E-1;1,218387E-1;9,373355E-1;;
30/11/2021  14:47:39,990283;9,371143E-1;6,429402E-2;4,285567E-2;9,371447E-1;;
30/11/2021  14:47:39,990383;9,376507E-1;1,159040E-1;1,300529E-1;9,369586E-1;;
30/11/2021  14:47:39,990483;9,372812E-1;1,499920E-1;1,603824E-1;9,367781E-1;;
30/11/2021  14:47:39,990583;9,368699E-1;1,910889E-1;1,701763E-1;9,366040E-1;;
30/11/2021  14:47:39,990683;9,373318E-1;1,394789E-1;1,370034E-1;9,364370E-1;;
30/11/2021  14:47:39,990783;9,464933E-1;1,300264E-2;1,473773E-2;9,362778E-1;;
30/11/2021  14:47:39,990883;9,463830E-1;1,236548E-2;1,347400E-2;9,361280E-1;;
30/11/2021  14:47:39,990983;9,456469E-1;1,236548E-2;1,789705E-2;9,359897E-1;;
30/11/2021  14:47:39,991083;9,450329E-1;1,778134E-2;2,263603E-2;9,358649E-1;;
30/11/2021  14:47:39,991183;9,453429E-1;2,256004E-2;2,484755E-2;9,357551E-1;;
30/11/2021  14:47:39,991283;9,449971E-1;1,523270E-2;1,631739E-2;9,356616E-1;;
30/11/2021  14:47:39,991383;9,451819E-1;1,714418E-2;1,884484E-2;9,355853E-1;;
30/11/2021  14:47:39,991483;9,448660E-1;5,282514E-2;5,486109E-2;9,355270E-1;;
30/11/2021  14:47:39,991583;9,448958E-1;1,162226E-1;1,212068E-1;9,354872E-1;;
30/11/2021  14:47:39,991683;9,449107E-1;6,493118E-2;5,075397E-2;9,354662E-1;;
30/11/2021  14:47:39,991783;9,437454E-1;1,018865E-1;7,981972E-2;9,354640E-1;;
30/11/2021  14:47:39,991883;9,430570E-1;1,044351E-1;1,136244E-1;9,354806E-1;;
30/11/2021  14:47:39,991983;9,435100E-1;1,555128E-2;1,758111E-2;9,355155E-1;;
30/11/2021  14:47:39,992083;9,431643E-1;6,779840E-2;1,199431E-1;9,355681E-1;;
30/11/2021  14:47:39,992183;9,428335E-1;1,206827E-1;1,366875E-1;9,356377E-1;;
30/11/2021  14:47:39,992283;9,421331E-1;1,245056E-1;1,319485E-1;9,357235E-1;;
30/11/2021  14:47:39,992383;9,409171E-1;8,372740E-2;7,002583E-2;9,358245E-1;;
30/11/2021  14:47:39,992483;9,397131E-1;1,426647E-1;1,802861E-1;9,359395E-1;;
30/11/2021  14:47:39,992583;9,393703E-1;1,264171E-1;1,278414E-1;9,360671E-1;;
30/11/2021  14:47:39,992683;9,389978E-1;1,181340E-1;1,278414E-1;9,362056E-1;;
30/11/2021  14:47:39,992783;9,386759E-1;1,245056E-1;1,240502E-1;9,363534E-1;;
30/11/2021  14:47:39,992883;9,382915E-1;1,245056E-1;1,249980E-1;9,365090E-1;;
30/11/2021  14:47:39,992983;9,377580E-1;1,302401E-1;1,256299E-1;9,366708E-1;;
30/11/2021  14:47:39,993083;9,369891E-1;1,225942E-1;1,161519E-1;9,368371E-1;;
30/11/2021  14:47:39,993183;9,364437E-1;1,085766E-1;1,101492E-1;9,370063E-1;;
30/11/2021  14:47:39,993283;9,364854E-1;1,216384E-1;1,234183E-1;9,371768E-1;;
30/11/2021  14:47:39,993383;9,366106E-1;1,219570E-1;1,227865E-1;9,373471E-1;;
30/11/2021  14:47:39,993483;9,362440E-1;1,359745E-1;1,515363E-1;9,375157E-1;;
30/11/2021  14:47:39,993583;9,357523E-1;1,184526E-1;1,038306E-1;9,376813E-1;;
30/11/2021  14:47:39,993683;9,351771E-1;1,085766E-1;1,256299E-1;9,378428E-1;;
30/11/2021  14:47:39,993783;9,353022E-1;1,197269E-1;1,237343E-1;9,379987E-1;;
30/11/2021  14:47:39,993883;9,342651E-1;1,241871E-1;1,234183E-1;9,381481E-1;;
30/11/2021  14:47:39,993983;9,336333E-1;1,289658E-1;1,306848E-1;9,382898E-1;;
30/11/2021  14:47:39,994083;9,345244E-1;1,210013E-1;1,240502E-1;9,384226E-1;;
30/11/2021  14:47:39,994183;9,341667E-1;1,286472E-1;1,284732E-1;9,385458E-1;;
30/11/2021  14:47:39,994283;9,338747E-1;1,512664E-1;1,540637E-1;9,386584E-1;;
30/11/2021  14:47:39,994383;9,336541E-1;1,289658E-1;1,231024E-1;9,387599E-1;;
30/11/2021  14:47:39,994483;9,335021E-1;1,292843E-1;1,212068E-1;9,388496E-1;;
30/11/2021  14:47:39,994583;9,328047E-1;1,248242E-1;1,098333E-1;9,389271E-1;;
30/11/2021  14:47:39,994683;9,329329E-1;1,764342E-1;1,581709E-1;9,389919E-1;;
30/11/2021  14:47:39,994783;9,331624E-1;1,324701E-1;1,092014E-1;9,390436E-1;;
30/11/2021  14:47:39,994883;9,326647E-1;1,143111E-1;1,107811E-1;9,390820E-1;;
30/11/2021  14:47:39,994983;9,323905E-1;6,811698E-2;6,117973E-2;9,391069E-1;;
30/11/2021  14:47:39,995083;9,321252E-1;1,184526E-1;1,101492E-1;9,391182E-1;;
30/11/2021  14:47:39,995183;9,318034E-1;1,267357E-1;1,360556E-1;9,391158E-1;;
30/11/2021  14:47:39,995283;9,316543E-1;1,331073E-1;1,613302E-1;9,390997E-1;;
30/11/2021  14:47:39,995383;9,315649E-1;1,340630E-1;1,243661E-1;9,390699E-1;;
30/11/2021  14:47:39,995483;9,319554E-1;1,225942E-1;1,231024E-1;9,390265E-1;;
30/11/2021  14:47:39,995583;9,320120E-1;1,114439E-1;1,038306E-1;9,389698E-1;;
30/11/2021  14:47:39,995683;9,318361E-1;1,260985E-1;1,227865E-1;9,389001E-1;;
30/11/2021  14:47:39,995783;9,313384E-1;1,254614E-1;1,177316E-1;9,388178E-1;;
30/11/2021  14:47:39,995883;9,317646E-1;1,229127E-1;1,193112E-1;9,387233E-1;;
30/11/2021  14:47:39,995983;9,321223E-1;1,187712E-1;1,183634E-1;9,386171E-1;;
30/11/2021  14:47:39,996083;9,329836E-1;1,200455E-1;1,205749E-1;9,384998E-1;;
30/11/2021  14:47:39,996183;9,329240E-1;9,296622E-2;9,245700E-2;9,383722E-1;;
30/11/2021  14:47:39,996283;9,329478E-1;1,111253E-1;1,095173E-1;9,382351E-1;;
30/11/2021  14:47:39,996383;9,335617E-1;1,104881E-1;1,158360E-1;9,380895E-1;;
30/11/2021  14:47:39,996483;9,328196E-1;1,178155E-1;1,019350E-1;9,379363E-1;;
30/11/2021  14:47:39,996583;9,324382E-1;1,229127E-1;1,354238E-1;9,377763E-1;;
30/11/2021  14:47:39,996683;9,325127E-1;1,095324E-1;8,203124E-2;9,376104E-1;;
30/11/2021  14:47:39,996783;9,326408E-1;5,537378E-2;7,666040E-2;9,374392E-1;;
30/11/2021  14:47:39,996883;9,330610E-1;1,512664E-1;1,679647E-1;9,372636E-1;;
30/11/2021  14:47:39,996983;9,332905E-1;-2,777560E-2;2,421569E-2;9,370843E-1;;
30/11/2021  14:47:39,997083;9,332697E-1;1,127182E-1;1,158360E-1;9,369021E-1;;
30/11/2021  14:47:39,997183;9,327094E-1;9,328480E-2;9,498445E-2;9,367178E-1;;
30/11/2021  14:47:39,997283;9,321968E-1;1,225942E-1;1,272095E-1;9,365321E-1;;
30/11/2021  14:47:39,997383;9,329299E-1;7,193994E-2;6,623464E-2;9,363457E-1;;
30/11/2021  14:47:39,997483;9,328524E-1;1,095324E-1;9,845971E-2;9,361592E-1;;
30/11/2021  14:47:39,997583;9,332935E-1;1,276914E-1;1,382671E-1;9,359730E-1;;
30/11/2021  14:47:39,997683;9,332607E-1;1,098510E-1;1,013031E-1;9,357880E-1;;
30/11/2021  14:47:39,997783;9,328345E-1;1,165411E-1;1,079377E-1;9,356046E-1;;
30/11/2021  14:47:39,997883;9,325663E-1;1,159040E-1;9,593225E-2;9,354234E-1;;
30/11/2021  14:47:39,997983;9,322892E-1;8,372740E-2;8,045158E-2;9,352449E-1;;
30/11/2021  14:47:39,998083;9,332071E-1;1,108067E-1;9,340479E-2;9,350694E-1;;
30/11/2021  14:47:39,998183;9,330610E-1;1,433019E-1;1,796542E-1;9,348973E-1;;
30/11/2021  14:47:39,998283;9,332428E-1;1,969282E-2;4,096008E-2;9,347290E-1;;
30/11/2021  14:47:39,998383;9,333978E-1;1,190898E-1;1,398468E-1;9,345650E-1;;
30/11/2021  14:47:39,998483;9,331266E-1;1,117624E-1;1,322644E-1;9,344056E-1;;
30/11/2021  14:47:39,998583;9,330521E-1;1,041165E-1;1,101492E-1;9,342512E-1;;
30/11/2021  14:47:39,998683;9,337048E-1;1,063466E-1;1,120448E-1;9,341021E-1;;
30/11/2021  14:47:39,998783;9,340982E-1;1,079395E-1;1,177316E-1;9,339586E-1;;
30/11/2021  14:47:39,998883;9,337465E-1;5,855958E-2;5,675668E-2;9,338210E-1;;
30/11/2021  14:47:39,998983;9,341638E-1;1,069837E-1;1,133085E-1;9,336896E-1;;
30/11/2021  14:47:39,999083;9,341638E-1;1,152668E-1;1,202590E-1;9,335648E-1;;
30/11/2021  14:47:39,999183;9,334962E-1;8,595746E-2;9,782784E-2;9,334468E-1;;
30/11/2021  14:47:39,999283;9,330044E-1;9,169190E-2;9,182514E-2;9,333358E-1;;
30/11/2021  14:47:39,999383;9,335558E-1;1,117624E-1;1,430061E-1;9,332317E-1;;
30/11/2021  14:47:39,999483;9,341220E-1;8,086018E-2;8,771802E-2;9,331345E-1;;
30/11/2021  14:47:39,999583;9,340714E-1;7,671864E-2;1,170997E-1;9,330443E-1;;
30/11/2021  14:47:39,999683;9,339730E-1;1,754784E-1;1,325804E-1;9,329611E-1;;
30/11/2021  14:47:39,999783;9,342442E-1;1,123996E-1;1,594346E-1;9,328849E-1;;
30/11/2021  14:47:39,999883;9,340565E-1;1,149482E-1;1,275255E-1;9,328158E-1;;
30/11/2021  14:47:39,999983;9,341161E-1;1,315144E-1;1,275255E-1;9,327538E-1;;
30/11/2021  14:47:40,000083;9,349088E-1;1,464877E-1;1,366875E-1;9,326988E-1;;
30/11/2021  14:47:40,000183;9,356420E-1;1,506292E-1;1,341600E-1;9,326507E-1;;
30/11/2021  14:47:40,000283;9,365927E-1;1,614609E-1;1,499566E-1;9,326099E-1;;
30/11/2021  14:47:40,000383;9,365659E-1;1,675139E-1;1,546956E-1;9,325764E-1;;
30/11/2021  14:47:40,000483;9,372543E-1;1,630538E-1;1,445858E-1;9,325507E-1;;
30/11/2021  14:47:40,000583;9,372841E-1;1,624167E-1;1,499566E-1;9,325329E-1;;
30/11/2021  14:47:40,000683;9,381246E-1;1,229127E-1;1,256299E-1;9,325234E-1;;
30/11/2021  14:47:40,000783;9,387743E-1;1,257800E-1;1,243661E-1;9,325226E-1;;
30/11/2021  14:47:40,000883;9,399515E-1;1,146297E-1;1,221546E-1;9,325307E-1;;
30/11/2021  14:47:40,000983;9,408605E-1;1,114439E-1;9,150920E-2;9,325483E-1;;
30/11/2021  14:47:40,001083;9,412658E-1;1,229127E-1;1,325804E-1;9,325759E-1;;
30/11/2021  14:47:40,001183;9,421003E-1;1,133553E-1;1,319485E-1;9,326142E-1;;
30/11/2021  14:47:40,001283;9,428424E-1;1,401161E-1;1,404787E-1;9,326636E-1;;
30/11/2021  14:47:40,001383;9,430003E-1;1,292843E-1;1,306848E-1;9,327249E-1;;
30/11/2021  14:47:40,001483;9,442580E-1;1,101695E-1;1,461654E-1;9,327985E-1;;
30/11/2021  14:47:40,001583;9,457214E-1;1,302401E-1;1,227865E-1;9,328850E-1;;
30/11/2021  14:47:40,001683;9,465260E-1;1,662396E-1;1,824976E-1;9,329851E-1;;
30/11/2021  14:47:40,001783;9,476258E-1;1,773899E-1;1,831295E-1;9,330995E-1;;
30/11/2021  14:47:40,001883;9,479596E-1;1,267357E-1;1,227865E-1;9,332289E-1;;
30/11/2021  14:47:40,001983;9,484036E-1;1,793014E-1;1,764949E-1;9,333739E-1;;
30/11/2021  14:47:40,002083;9,491189E-1;1,417090E-1;1,385831E-1;9,335352E-1;;
30/11/2021  14:47:40,002183;9,501978E-1;9,774492E-2;8,108345E-2;9,337131E-1;;
30/11/2021  14:47:40,002283;9,510561E-1;1,359745E-1;1,392149E-1;9,339082E-1;;
30/11/2021  14:47:40,002383;9,518906E-1;1,251428E-1;1,050943E-1;9,341209E-1;;
30/11/2021  14:47:40,002483;9,529009E-1;1,254614E-1;1,360556E-1;9,343517E-1;;
30/11/2021  14:47:40,002583;9,536192E-1;1,009307E-1;1,047783E-1;9,346008E-1;;
30/11/2021  14:47:40,002683;9,539410E-1;1,531778E-1;1,606983E-1;9,348686E-1;;
30/11/2021  14:47:40,002783;9,548202E-1;8,542518E-3;8,329497E-2;9,351554E-1;;
30/11/2021  14:47:40,002883;9,553149E-1;1,267357E-1;1,268936E-1;9,354614E-1;;
30/11/2021  14:47:40,002983;9,555295E-1;1,111253E-1;1,202590E-1;9,357866E-1;;
30/11/2021  14:47:40,003083;9,562090E-1;1,573194E-1;1,824976E-1;9,361309E-1;;
30/11/2021  14:47:40,003183;9,560898E-1;2,513005E-1;2,516867E-1;9,364941E-1;;
30/11/2021  14:47:40,003283;9,560839E-1;3,052454E-2;1,076217E-1;9,368760E-1;;
30/11/2021  14:47:40,003383;9,564713E-1;1,235499E-1;1,253139E-1;9,372760E-1;;
30/11/2021  14:47:40,003483;9,561465E-1;1,296029E-1;1,294210E-1;9,376935E-1;;
30/11/2021  14:47:40,003583;9,563938E-1;1,098510E-1;9,214107E-2;9,381277E-1;;
30/11/2021  14:47:40,003683;9,564683E-1;1,181340E-1;1,281573E-1;9,385777E-1;;
30/11/2021  14:47:40,003783;9,560064E-1;1,018865E-1;1,019350E-1;9,390425E-1;;
30/11/2021  14:47:40,003883;9,553239E-1;1,308772E-1;1,341600E-1;9,395210E-1;;
30/11/2021  14:47:40,003983;9,554520E-1;1,579565E-1;2,125112E-1;9,400117E-1;;
30/11/2021  14:47:40,004083;9,551630E-1;8,340882E-2;8,929768E-2;9,405134E-1;;
30/11/2021  14:47:40,004183;9,548649E-1;1,267357E-1;1,139404E-1;9,410244E-1;;
30/11/2021  14:47:40,004283;9,552971E-1;1,458505E-1;1,499566E-1;9,415432E-1;;
30/11/2021  14:47:40,004383;9,544715E-1;1,222756E-1;1,376353E-1;9,420683E-1;;
30/11/2021  14:47:40,004483;9,546027E-1;1,229127E-1;1,338441E-1;9,425980E-1;;
30/11/2021  14:47:40,004583;9,537384E-1;1,385232E-1;1,518522E-1;9,431307E-1;;
30/11/2021  14:47:40,004683;9,532109E-1;1,260985E-1;1,366875E-1;9,436648E-1;;
30/11/2021  14:47:40,004783;9,531572E-1;1,257800E-1;1,284732E-1;9,441984E-1;;
30/11/2021  14:47:40,004883;9,531334E-1;1,238685E-1;1,174156E-1;9,447299E-1;;
30/11/2021  14:47:40,004983;9,531662E-1;1,321516E-1;1,297370E-1;9,452575E-1;;
30/11/2021  14:47:40,005083;9,526744E-1;1,347002E-1;1,272095E-1;9,457797E-1;;
30/11/2021  14:47:40,005183;9,521052E-1;1,165411E-1;1,158360E-1;9,462950E-1;;
30/11/2021  14:47:40,005283;9,509250E-1;1,267357E-1;1,158360E-1;9,468019E-1;;
30/11/2021  14:47:40,005383;9,507700E-1;1,238685E-1;1,196272E-1;9,472987E-1;;
30/11/2021  14:47:40,005483;9,504660E-1;1,267357E-1;1,300529E-1;9,477838E-1;;
30/11/2021  14:47:40,005583;9,509041E-1;1,455319E-1;1,745993E-1;9,482558E-1;;
30/11/2021  14:47:40,005683;9,501590E-1;6,939130E-2;9,024547E-2;9,487133E-1;;
30/11/2021  14:47:40,005783;9,495689E-1;1,404346E-1;1,385831E-1;9,491551E-1;;
30/11/2021  14:47:40,005883;9,489639E-1;1,057094E-1;1,139404E-1;9,495800E-1;;
30/11/2021  14:47:40,005983;9,482785E-1;1,359745E-1;1,351078E-1;9,499868E-1;;
30/11/2021  14:47:40,006083;9,475602E-1;1,458505E-1;1,471132E-1;9,503744E-1;;
30/11/2021  14:47:40,006183;9,473963E-1;1,372488E-1;1,379512E-1;9,507415E-1;;
30/11/2021  14:47:40,006283;9,471459E-1;1,305587E-1;1,284732E-1;9,510873E-1;;
30/11/2021  14:47:40,006383;9,463889E-1;1,420275E-1;1,546956E-1;9,514108E-1;;
30/11/2021  14:47:40,006483;9,465797E-1;1,366117E-1;1,335282E-1;9,517112E-1;;
30/11/2021  14:47:40,006583;9,457720E-1;1,382046E-1;1,354238E-1;9,519878E-1;;
30/11/2021  14:47:40,006683;9,451432E-1;9,710776E-2;9,340479E-2;9,522400E-1;;
30/11/2021  14:47:40,006783;9,450657E-1;1,560451E-1;1,417424E-1;9,524674E-1;;
30/11/2021  14:47:40,006883;9,452266E-1;7,703722E-2;5,928414E-2;9,526694E-1;;
30/11/2021  14:47:40,006983;9,449048E-1;1,315144E-1;1,256299E-1;9,528459E-1;;
30/11/2021  14:47:40,007083;9,448154E-1;-5,475002E-3;4,411940E-2;9,529967E-1;;
30/11/2021  14:47:40,007183;9,448899E-1;8,965980E-4;3,364175E-3;9,531219E-1;;
30/11/2021  14:47:40,007283;9,440017E-1;8,542518E-3;1,157841E-2;9,532217E-1;;
30/11/2021  14:47:40,007383;9,441805E-1;4,719558E-3;6,523495E-3;9,532963E-1;;
30/11/2021  14:47:40,007483;9,440137E-1;3,126658E-3;4,943835E-3;9,533459E-1;;
30/11/2021  14:47:40,007583;9,440613E-1;1,852338E-3;3,680107E-3;9,533711E-1;;
30/11/2021  14:47:40,007683;9,437961E-1;5,675298E-3;7,471291E-3;9,533723E-1;;
30/11/2021  14:47:40,007783;9,433848E-1;3,126658E-3;4,943835E-3;9,533501E-1;;
30/11/2021  14:47:40,007883;9,436173E-1;4,082398E-3;6,839427E-3;9,533053E-1;;
30/11/2021  14:47:40,007983;9,428186E-1;2,489498E-3;4,311971E-3;9,532385E-1;;
30/11/2021  14:47:40,008083;9,424192E-1;4,719558E-3;6,523495E-3;9,531504E-1;;
30/11/2021  14:47:40,008183;9,423298E-1;2,170918E-3;3,680107E-3;9,530418E-1;;
30/11/2021  14:47:40,008283;9,428454E-1;5,780180E-4;3,364175E-3;9,529134E-1;;
30/11/2021  14:47:40,008383;9,425444E-1;1,215178E-3;3,364175E-3;9,527661E-1;;
30/11/2021  14:47:40,008483;9,417397E-1;1,533758E-3;3,680107E-3;9,526008E-1;;
30/11/2021  14:47:40,008583;9,407502E-1;1,533758E-3;3,364175E-3;9,524183E-1;;
30/11/2021  14:47:40,008683;9,411168E-1;1,533758E-3;4,311971E-3;9,522196E-1;;
30/11/2021  14:47:40,008783;9,408337E-1;3,126658E-3;5,891631E-3;9,520052E-1;;
30/11/2021  14:47:40,008883;9,410721E-1;5,356718E-3;7,155359E-3;9,517762E-1;;
30/11/2021  14:47:40,008983;9,403062E-1;1,215178E-3;3,680107E-3;9,515332E-1;;
30/11/2021  14:47:40,009083;9,404343E-1;1,215178E-3;3,680107E-3;9,512773E-1;;
30/11/2021  14:47:40,009183;9,401333E-1;8,965980E-4;3,364175E-3;9,510093E-1;;
30/11/2021  14:47:40,009283;9,399247E-1;8,965980E-4;3,364175E-3;9,507300E-1;;
30/11/2021  14:47:40,009383;9,392601E-1;8,965980E-4;3,680107E-3;9,504404E-1;;
30/11/2021  14:47:40,009483;9,397220E-1;1,852338E-3;3,996039E-3;9,501412E-1;;
30/11/2021  14:47:40,009583;9,404015E-1;5,780180E-4;3,048243E-3;9,498334E-1;;
30/11/2021  14:47:40,009683;9,398859E-1;5,780180E-4;2,732311E-3;9,495178E-1;;
30/11/2021  14:47:40,009783;9,391826E-1;5,780180E-4;2,732311E-3;9,491955E-1;;
30/11/2021  14:47:40,009883;9,388697E-1;5,780180E-4;3,680107E-3;9,488674E-1;;
30/11/2021  14:47:40,009983;9,389144E-1;5,780180E-4;3,680107E-3;9,485343E-1;;
30/11/2021  14:47:40,010083;9,385627E-1;8,965980E-4;3,680107E-3;9,481970E-1;;
30/11/2021  14:47:40,010183;9,383362E-1;1,215178E-3;3,996039E-3;9,478561E-1;;
30/11/2021  14:47:40,010283;9,382021E-1;3,445238E-3;5,891631E-3;9,475125E-1;;
30/11/2021  14:47:40,010383;9,381961E-1;2,594380E-4;3,048243E-3;9,471668E-1;;
30/11/2021  14:47:40,010483;9,376805E-1;1,533758E-3;3,364175E-3;9,468198E-1;;
30/11/2021  14:47:40,010583;9,370427E-1;5,780180E-4;2,732311E-3;9,464719E-1;;
30/11/2021  14:47:40,010683;9,369176E-1;6,312458E-3;8,735019E-3;9,461237E-1;;
30/11/2021  14:47:40,010783;9,365599E-1;8,542518E-3;1,094654E-2;9,457757E-1;;
30/11/2021  14:47:40,010883;9,372186E-1;1,523270E-2;1,758111E-2;9,454283E-1;;
30/11/2021  14:47:40,010983;9,369861E-1;7,905358E-3;1,094654E-2;9,450820E-1;;
30/11/2021  14:47:40,011083;9,363900E-1;1,555128E-2;1,663332E-2;9,447373E-1;;
30/11/2021  14:47:40,011183;9,367477E-1;1,523270E-2;1,821298E-2;9,443946E-1;;
30/11/2021  14:47:40,011283;9,359579E-1;1,778134E-2;1,947671E-2;9,440544E-1;;
30/11/2021  14:47:40,011383;9,354334E-1;1,523270E-2;1,442179E-2;9,437171E-1;;
30/11/2021  14:47:40,011483;9,353142E-1;1,045400E-2;1,252620E-2;9,433830E-1;;
30/11/2021  14:47:40,011583;9,361129E-1;1,586986E-2;2,579535E-2;9,430521E-1;;
30/11/2021  14:47:40,011683;9,359877E-1;4,040052E-2;4,317161E-2;9,427250E-1;;
30/11/2021  14:47:40,011783;9,358357E-1;1,809992E-2;2,168823E-2;9,424020E-1;;
30/11/2021  14:47:40,011883;9,356062E-1;6,238254E-2;7,666040E-2;9,420833E-1;;
30/11/2021  14:47:40,011983;9,358715E-1;1,280100E-1;1,297370E-1;9,417694E-1;;
30/11/2021  14:47:40,012083;9,354185E-1;3,402892E-2;4,759465E-2;9,414606E-1;;
30/11/2021  14:47:40,012183;9,361248E-1;1,586986E-2;1,916077E-2;9,411571E-1;;
30/11/2021  14:47:40,012283;9,372603E-1;1,289658E-1;1,316326E-1;9,408594E-1;;
30/11/2021  14:47:40,012383;9,367060E-1;1,378860E-1;1,449017E-1;9,405679E-1;;
30/11/2021  14:47:40,012483;9,364169E-1;1,238685E-1;1,306848E-1;9,402832E-1;;
30/11/2021  14:47:40,012583;9,365540E-1;1,130368E-1;1,129926E-1;9,400057E-1;;
30/11/2021  14:47:40,012683;9,365450E-1;1,101695E-1;1,152041E-1;9,397358E-1;;
30/11/2021  14:47:40,012783;9,367030E-1;1,299215E-1;1,303688E-1;9,394737E-1;;
30/11/2021  14:47:40,012883;9,370070E-1;1,251428E-1;1,231024E-1;9,392198E-1;;
30/11/2021  14:47:40,012983;9,372007E-1;1,219570E-1;1,373193E-1;9,389745E-1;;
30/11/2021  14:47:40,013083;9,373020E-1;1,273729E-1;1,284732E-1;9,387381E-1;;
30/11/2021  14:47:40,013183;9,375583E-1;1,248242E-1;1,455336E-1;9,385109E-1;;
30/11/2021  14:47:40,013283;9,376269E-1;1,283286E-1;1,246821E-1;9,382932E-1;;
30/11/2021  14:47:40,013383;9,381693E-1;1,315144E-1;1,297370E-1;9,380854E-1;;
30/11/2021  14:47:40,013483;9,383690E-1;1,292843E-1;1,303688E-1;9,378878E-1;;
30/11/2021  14:47:40,013583;9,391766E-1;1,700626E-1;1,603824E-1;9,377006E-1;;
30/11/2021  14:47:40,013683;9,397310E-1;1,213198E-1;1,212068E-1;9,375243E-1;;
30/11/2021  14:47:40,013783;9,393614E-1;1,385232E-1;1,445858E-1;9,373594E-1;;
30/11/2021  14:47:40,013883;9,399366E-1;1,933189E-1;1,872366E-1;9,372061E-1;;
30/11/2021  14:47:40,013983;9,401929E-1;1,331073E-1;1,316326E-1;9,370648E-1;;
30/11/2021  14:47:40,014083;9,398949E-1;1,643281E-1;1,752312E-1;9,369359E-1;;
30/11/2021  14:47:40,014183;9,408575E-1;1,152668E-1;1,395309E-1;9,368195E-1;;
30/11/2021  14:47:40,014283;9,411764E-1;1,108067E-1;1,133085E-1;9,367158E-1;;
30/11/2021  14:47:40,014383;9,413761E-1;1,343816E-1;1,354238E-1;9,366251E-1;;
30/11/2021  14:47:40,014483;9,409886E-1;1,165411E-1;9,024547E-2;9,365476E-1;;
30/11/2021  14:47:40,014583;9,410870E-1;1,254614E-1;1,379512E-1;9,364833E-1;;
30/11/2021  14:47:40,014683;9,405029E-1;1,812129E-1;1,862888E-1;9,364323E-1;;
30/11/2021  14:47:40,014783;9,407264E-1;1,372488E-1;1,357397E-1;9,363943E-1;;
30/11/2021  14:47:40,014883;9,413999E-1;1,318330E-1;1,313166E-1;9,363691E-1;;
30/11/2021  14:47:40,014983;9,415042E-1;1,286472E-1;1,275255E-1;9,363565E-1;;
30/11/2021  14:47:40,015083;9,417129E-1;1,544522E-1;1,682807E-1;9,363563E-1;;
30/11/2021  14:47:40,015183;9,417605E-1;1,751599E-1;2,030332E-1;9,363682E-1;;
30/11/2021  14:47:40,015283;9,420556E-1;1,362931E-1;1,360556E-1;9,363919E-1;;
30/11/2021  14:47:40,015383;9,419453E-1;1,257800E-1;1,629098E-1;9,364272E-1;;
30/11/2021  14:47:40,015483;9,418708E-1;1,254614E-1;1,262617E-1;9,364737E-1;;
30/11/2021  14:47:40,015583;9,425920E-1;1,343816E-1;1,287892E-1;9,365311E-1;;
30/11/2021  14:47:40,015683;9,430302E-1;1,088952E-1;1,060421E-1;9,365990E-1;;
30/11/2021  14:47:40,015783;9,426844E-1;1,139925E-1;1,183634E-1;9,366771E-1;;
30/11/2021  14:47:40,015883;9,430182E-1;8,054160E-2;5,201770E-2;9,367650E-1;;
30/11/2021  14:47:40,015983;9,432686E-1;7,448858E-2;1,079377E-1;9,368623E-1;;
30/11/2021  14:47:40,016083;9,430898E-1;1,286472E-1;1,335282E-1;9,369688E-1;;
30/11/2021  14:47:40,016183;9,432805E-1;7,512574E-2;1,076217E-1;9,370840E-1;;
30/11/2021  14:47:40,016283;9,435040E-1;1,448948E-1;1,430061E-1;9,372074E-1;;
30/11/2021  14:47:40,016383;9,433014E-1;1,448948E-1;1,483770E-1;9,373387E-1;;
30/11/2021  14:47:40,016483;9,433163E-1;1,037979E-1;1,161519E-1;9,374772E-1;;
30/11/2021  14:47:40,016583;9,431136E-1;1,321516E-1;1,445858E-1;9,376226E-1;;
30/11/2021  14:47:40,016683;9,426695E-1;1,640096E-1;1,606983E-1;9,377743E-1;;
30/11/2021  14:47:40,016783;9,421033E-1;1,149482E-1;1,237343E-1;9,379315E-1;;
30/11/2021  14:47:40,016883;9,424788E-1;1,178155E-1;1,335282E-1;9,380935E-1;;
30/11/2021  14:47:40,016983;9,426189E-1;1,206827E-1;1,142563E-1;9,382597E-1;;
30/11/2021  14:47:40,017083;9,423328E-1;1,203641E-1;1,009872E-1;9,384292E-1;;
30/11/2021  14:47:40,017183;9,421420E-1;8,723178E-2;8,108345E-2;9,386013E-1;;
30/11/2021  14:47:40,017283;9,422135E-1;9,965640E-2;8,803395E-2;9,387754E-1;;
30/11/2021  14:47:40,017383;9,411973E-1;1,031608E-1;8,740209E-2;9,389508E-1;;
30/11/2021  14:47:40,017483;9,408843E-1;5,664810E-2;5,644075E-2;9,391265E-1;;
30/11/2021  14:47:40,017583;9,419096E-1;7,257710E-2;6,876210E-2;9,393019E-1;;
30/11/2021  14:47:40,017683;9,415877E-1;1,213198E-1;1,490088E-1;9,394761E-1;;
30/11/2021  14:47:40,017783;9,412360E-1;-4,625324E-2;-2,538564E-2;9,396485E-1;;
30/11/2021  14:47:40,017883;9,409737E-1;7,448858E-2;8,708615E-2;9,398185E-1;;
30/11/2021  14:47:40,017983;9,408217E-1;1,203641E-1;1,379512E-1;9,399854E-1;;
30/11/2021  14:47:40,018083;9,402734E-1;1,523270E-2;1,315807E-2;9,401486E-1;;
30/11/2021  14:47:40,018183;9,396505E-1;1,264171E-1;1,196272E-1;9,403073E-1;;
30/11/2021  14:47:40,018283;9,399396E-1;1,318330E-1;1,253139E-1;9,404610E-1;;
30/11/2021  14:47:40,018383;9,404015E-1;1,267357E-1;1,202590E-1;9,406090E-1;;
30/11/2021  14:47:40,018483;9,405118E-1;1,452133E-1;1,445858E-1;9,407507E-1;;
30/11/2021  14:47:40,018583;9,399306E-1;1,229127E-1;1,041465E-1;9,408857E-1;;
30/11/2021  14:47:40,018683;9,395968E-1;1,028422E-1;9,214107E-2;9,410137E-1;;
30/11/2021  14:47:40,018783;9,396296E-1;1,018865E-1;7,855599E-2;9,411344E-1;;
30/11/2021  14:47:40,018883;9,389769E-1;1,363980E-2;9,682815E-3;9,412472E-1;;
30/11/2021  14:47:40,018983;9,395521E-1;5,951532E-2;4,348754E-2;9,413520E-1;;
30/11/2021  14:47:40,019083;9,391170E-1;9,997498E-2;1,057261E-1;9,414483E-1;;
30/11/2021  14:47:40,019183;9,385031E-1;7,586778E-3;2,232009E-2;9,415361E-1;;
30/11/2021  14:47:40,019283;9,379189E-1;3,275460E-2;5,138584E-2;9,416149E-1;;
30/11/2021  14:47:40,019383;9,369354E-1;9,201048E-2;1,170997E-1;9,416845E-1;;
30/11/2021  14:47:40,019483;9,367775E-1;9,615202E-2;1,066739E-1;9,417444E-1;;
30/11/2021  14:47:40,019583;9,366463E-1;9,742634E-2;1,060421E-1;9,417944E-1;;
30/11/2021  14:47:40,019683;9,369414E-1;1,009307E-1;1,088855E-1;9,418339E-1;;
30/11/2021  14:47:40,019783;9,367507E-1;9,774492E-2;1,114129E-1;9,418628E-1;;
30/11/2021  14:47:40,019883;9,363066E-1;9,647060E-2;1,098333E-1;9,418809E-1;;
30/11/2021  14:47:40,019983;9,361129E-1;1,012493E-1;1,066739E-1;9,418882E-1;;
30/11/2021  14:47:40,020083;9,355228E-1;1,069837E-1;1,126766E-1;9,418844E-1;;
30/11/2021  14:47:40,020183;9,354930E-1;9,487770E-2;1,085695E-1;9,418696E-1;;
30/11/2021  14:47:40,020283;9,355019E-1;1,136739E-1;1,265777E-1;9,418437E-1;;
30/11/2021  14:47:40,020383;9,354632E-1;8,309024E-2;1,177316E-1;9,418067E-1;;
30/11/2021  14:47:40,020483;9,358387E-1;1,324701E-1;1,240502E-1;9,417587E-1;;
30/11/2021  14:47:40,020583;9,350906E-1;1,448948E-1;1,341600E-1;9,416999E-1;;
30/11/2021  14:47:40,020683;9,351473E-1;1,343816E-1;9,593225E-2;9,416306E-1;;
30/11/2021  14:47:40,020783;9,342293E-1;1,894960E-1;1,907119E-1;9,415510E-1;;
30/11/2021  14:47:40,020883;9,345154E-1;1,598680E-1;1,780746E-1;9,414612E-1;;
30/11/2021  14:47:40,020983;9,341995E-1;1,057094E-1;1,404787E-1;9,413616E-1;;
30/11/2021  14:47:40,021083;9,336750E-1;1,464877E-1;1,382671E-1;9,412523E-1;;
30/11/2021  14:47:40,021183;9,334246E-1;1,382046E-1;1,559593E-1;9,411337E-1;;
30/11/2021  14:47:40,021283;9,330253E-1;1,229127E-1;1,287892E-1;9,410058E-1;;
30/11/2021  14:47:40,021383;9,323607E-1;1,260985E-1;1,278414E-1;9,408689E-1;;
30/11/2021  14:47:40,021483;9,321938E-1;1,436204E-1;1,439539E-1;9,407231E-1;;
30/11/2021  14:47:40,021583;9,322444E-1;4,677212E-2;7,981972E-2;9,405687E-1;;
30/11/2021  14:47:40,021683;9,319226E-1;1,050723E-1;9,877564E-2;9,404058E-1;;
30/11/2021  14:47:40,021783;9,324084E-1;1,468062E-1;1,540637E-1;9,402347E-1;;
30/11/2021  14:47:40,021883;9,321014E-1;1,241871E-1;1,082536E-1;9,400557E-1;;
30/11/2021  14:47:40,021983;9,316484E-1;1,241871E-1;1,161519E-1;9,398692E-1;;
30/11/2021  14:47:40,022083;9,306977E-1;9,009900E-2;9,403666E-2;9,396756E-1;;
30/11/2021  14:47:40,022183;9,308974E-1;1,324701E-1;1,486929E-1;9,394751E-1;;
30/11/2021  14:47:40,022283;9,308109E-1;1,267357E-1;1,136244E-1;9,392681E-1;;
30/11/2021  14:47:40,022383;9,312967E-1;1,420275E-1;1,480610E-1;9,390549E-1;;
30/11/2021  14:47:40,022483;9,307513E-1;1,254614E-1;1,417424E-1;9,388358E-1;;
30/11/2021  14:47:40,022583;9,306440E-1;1,633724E-1;1,878685E-1;9,386114E-1;;
30/11/2021  14:47:40,022683;9,305576E-1;1,069837E-1;1,727037E-1;9,383821E-1;;
30/11/2021  14:47:40,022783;9,312192E-1;1,245056E-1;1,174156E-1;9,381483E-1;;
30/11/2021  14:47:40,022883;9,303073E-1;1,251428E-1;1,306848E-1;9,379105E-1;;
30/11/2021  14:47:40,022983;9,308288E-1;1,331073E-1;1,328963E-1;9,376694E-1;;
30/11/2021  14:47:40,023083;9,311447E-1;1,372488E-1;1,316326E-1;9,374254E-1;;
30/11/2021  14:47:40,023183;9,309093E-1;1,168597E-1;1,240502E-1;9,371791E-1;;
30/11/2021  14:47:40,023283;9,313057E-1;1,260985E-1;1,275255E-1;9,369312E-1;;
30/11/2021  14:47:40,023383;9,307692E-1;1,286472E-1;1,234183E-1;9,366822E-1;;
30/11/2021  14:47:40,023483;9,304265E-1;1,203641E-1;1,063580E-1;9,364329E-1;;
30/11/2021  14:47:40,023583;9,311835E-1;1,257800E-1;1,180475E-1;9,361837E-1;;
30/11/2021  14:47:40,023683;9,311268E-1;7,162136E-2;1,031987E-1;9,359353E-1;;
30/11/2021  14:47:40,023783;9,313891E-1;4,677212E-2;9,530039E-2;9,356881E-1;;
30/11/2021  14:47:40,023883;9,310791E-1;1,057094E-1;7,508074E-2;9,354428E-1;;
30/11/2021  14:47:40,023983;9,317169E-1;1,159040E-1;1,189953E-1;9,352001E-1;;
30/11/2021  14:47:40,024083;9,319583E-1;1,305587E-1;1,306848E-1;9,349604E-1;;
30/11/2021  14:47:40,024183;9,318987E-1;1,366117E-1;1,373193E-1;9,347246E-1;;
30/11/2021  14:47:40,024283;9,319345E-1;1,219570E-1;1,294210E-1;9,344930E-1;;
30/11/2021  14:47:40,024383;9,325782E-1;1,235499E-1;1,231024E-1;9,342665E-1;;
30/11/2021  14:47:40,024483;9,331892E-1;1,359745E-1;1,404787E-1;9,340455E-1;;
30/11/2021  14:47:40,024583;9,334932E-1;1,503106E-1;1,556434E-1;9,338308E-1;;
30/11/2021  14:47:40,024683;9,333084E-1;1,159040E-1;1,054102E-1;9,336231E-1;;
30/11/2021  14:47:40,024783;9,332876E-1;1,273729E-1;1,234183E-1;9,334229E-1;;
30/11/2021  14:47:40,024883;9,339104E-1;1,267357E-1;1,224705E-1;9,332308E-1;;
30/11/2021  14:47:40,024983;9,339522E-1;1,254614E-1;1,240502E-1;9,330475E-1;;
30/11/2021  14:47:40,025083;9,347419E-1;1,528593E-1;1,423743E-1;9,328733E-1;;
30/11/2021  14:47:40,025183;9,353052E-1;1,187712E-1;8,645429E-2;9,327089E-1;;
30/11/2021  14:47:40,025283;9,352367E-1;1,235499E-1;1,417424E-1;9,325548E-1;;
30/11/2021  14:47:40,025383;9,351741E-1;1,248242E-1;1,303688E-1;9,324115E-1;;
30/11/2021  14:47:40,025483;9,351264E-1;1,812129E-1;1,679647E-1;9,322794E-1;;
30/11/2021  14:47:40,025583;9,357016E-1;1,302401E-1;1,341600E-1;9,321590E-1;;
30/11/2021  14:47:40,025683;9,365331E-1;1,442576E-1;1,449017E-1;9,320504E-1;;
30/11/2021  14:47:40,025783;9,371411E-1;1,362931E-1;1,249980E-1;9,319540E-1;;
30/11/2021  14:47:40,025883;9,378444E-1;1,171783E-1;1,455336E-1;9,318702E-1;;
30/11/2021  14:47:40,025983;9,379070E-1;1,347002E-1;1,404787E-1;9,317995E-1;;
30/11/2021  14:47:40,026083;9,378862E-1;1,429833E-1;1,426902E-1;9,317421E-1;;
30/11/2021  14:47:40,026183;9,379964E-1;2,117966E-1;1,881844E-1;9,316984E-1;;
30/11/2021  14:47:40,026283;9,392183E-1;1,194084E-1;1,417424E-1;9,316686E-1;;
30/11/2021  14:47:40,026383;9,396982E-1;1,490363E-1;1,480610E-1;9,316529E-1;;
30/11/2021  14:47:40,026483;9,403777E-1;1,468062E-1;1,458495E-1;9,316515E-1;;
30/11/2021  14:47:40,026583;9,413135E-1;1,289658E-1;7,981972E-2;9,316647E-1;;
30/11/2021  14:47:40,026683;9,411794E-1;1,576380E-1;1,799702E-1;9,316929E-1;;
30/11/2021  14:47:40,026783;9,423000E-1;1,691068E-1;2,229369E-1;9,317362E-1;;
30/11/2021  14:47:40,026883;9,424102E-1;1,273729E-1;1,325804E-1;9,317949E-1;;
30/11/2021  14:47:40,026983;9,433550E-1;8,372740E-2;1,136244E-1;9,318692E-1;;
30/11/2021  14:47:40,027083;9,445173E-1;1,331073E-1;1,338441E-1;9,319594E-1;;
30/11/2021  14:47:40,027183;9,448273E-1;1,215178E-3;3,364175E-3;9,320656E-1;;
30/11/2021  14:47:40,027283;9,454859E-1;8,861098E-3;9,998747E-3;9,321882E-1;;
30/11/2021  14:47:40,027383;9,457094E-1;7,905358E-3;9,998747E-3;9,323273E-1;;
30/11/2021  14:47:40,027483;9,456588E-1;1,077258E-2;1,094654E-2;9,324830E-1;;
30/11/2021  14:47:40,027583;9,468271E-1;5,993878E-3;8,103155E-3;9,326554E-1;;
30/11/2021  14:47:40,027683;9,473188E-1;2,489498E-3;3,996039E-3;9,328443E-1;;
30/11/2021  14:47:40,027783;9,477182E-1;2,489498E-3;4,627903E-3;9,330498E-1;;
30/11/2021  14:47:40,027883;9,482218E-1;5,356718E-3;7,471291E-3;9,332718E-1;;
30/11/2021  14:47:40,027983;9,487464E-1;5,038138E-3;7,155359E-3;9,335101E-1;;
30/11/2021  14:47:40,028083;9,485020E-1;2,170918E-3;3,996039E-3;9,337646E-1;;
30/11/2021  14:47:40,028183;9,486808E-1;8,861098E-3;1,157841E-2;9,340348E-1;;
30/11/2021  14:47:40,028283;9,494885E-1;1,140974E-2;1,315807E-2;9,343205E-1;;
30/11/2021  14:47:40,028383;9,503557E-1;6,312458E-3;8,419087E-3;9,346211E-1;;
30/11/2021  14:47:40,028483;9,506716E-1;5,675298E-3;7,787223E-3;9,349363E-1;;
30/11/2021  14:47:40,028583;9,513690E-1;7,586778E-3;9,050951E-3;9,352657E-1;;
30/11/2021  14:47:40,028683;9,512290E-1;3,126658E-3;5,575699E-3;9,356088E-1;;
30/11/2021  14:47:40,028783;9,510889E-1;2,489498E-3;5,575699E-3;9,359651E-1;;
30/11/2021  14:47:40,028883;9,515926E-1;8,965980E-4;3,048243E-3;9,363341E-1;;
30/11/2021  14:47:40,028983;9,529307E-1;1,533758E-3;4,311971E-3;9,367151E-1;;
30/11/2021  14:47:40,029083;9,537145E-1;1,215178E-3;3,364175E-3;9,371075E-1;;
30/11/2021  14:47:40,029183;9,541169E-1;1,533758E-3;3,364175E-3;9,375109E-1;;
30/11/2021  14:47:40,029283;9,545699E-1;8,965980E-4;3,364175E-3;9,379248E-1;;
30/11/2021  14:47:40,029383;9,542152E-1;8,965980E-4;3,364175E-3;9,383488E-1;;
30/11/2021  14:47:40,029483;9,542927E-1;1,215178E-3;3,364175E-3;9,387823E-1;;
30/11/2021  14:47:40,029583;9,545699E-1;5,780180E-4;3,680107E-3;9,392247E-1;;
30/11/2021  14:47:40,029683;9,554222E-1;1,533758E-3;3,048243E-3;9,396753E-1;;
30/11/2021  14:47:40,029783;9,563670E-1;5,780180E-4;3,048243E-3;9,401333E-1;;
30/11/2021  14:47:40,029883;9,565995E-1;1,215178E-3;3,680107E-3;9,405982E-1;;
30/11/2021  14:47:40,029983;9,559915E-1;1,215178E-3;3,048243E-3;9,410695E-1;;
30/11/2021  14:47:40,030083;9,560570E-1;5,780180E-4;3,680107E-3;9,415466E-1;;
30/11/2021  14:47:40,030183;9,554610E-1;1,852338E-3;6,839427E-3;9,420285E-1;;
30/11/2021  14:47:40,030283;9,560183E-1;5,780180E-4;3,364175E-3;9,425145E-1;;
30/11/2021  14:47:40,030383;9,566531E-1;8,965980E-4;3,048243E-3;9,430037E-1;;
30/11/2021  14:47:40,030483;9,565637E-1;1,215178E-3;3,364175E-3;9,434951E-1;;
30/11/2021  14:47:40,030583;9,567097E-1;5,993878E-3;9,998747E-3;9,439880E-1;;
30/11/2021  14:47:40,030683;9,562239E-1;1,852338E-3;4,943835E-3;9,444815E-1;;
30/11/2021  14:47:40,030783;9,561077E-1;5,038138E-3;7,787223E-3;9,449748E-1;;
30/11/2021  14:47:40,030883;9,565399E-1;3,763818E-3;8,103155E-3;9,454669E-1;;
30/11/2021  14:47:40,030983;9,566948E-1;2,808078E-3;4,943835E-3;9,459568E-1;;
30/11/2021  14:47:40,031083;9,566024E-1;6,631038E-3;8,419087E-3;9,464438E-1;;
30/11/2021  14:47:40,031183;9,569452E-1;1,459554E-2;1,694925E-2;9,469270E-1;;
30/11/2021  14:47:40,031283;9,564445E-1;1,459554E-2;1,726518E-2;9,474057E-1;;
30/11/2021  14:47:40,031383;9,558097E-1;1,140974E-2;1,315807E-2;9,478789E-1;;
30/11/2021  14:47:40,031483;9,550020E-1;1,682560E-2;2,105637E-2;9,483458E-1;;
30/11/2021  14:47:40,031583;9,546950E-1;1,586986E-2;1,789705E-2;9,488054E-1;;
30/11/2021  14:47:40,031683;9,553179E-1;1,618844E-2;1,916077E-2;9,492567E-1;;
30/11/2021  14:47:40,031783;9,548023E-1;1,130368E-1;1,212068E-1;9,496986E-1;;
30/11/2021  14:47:40,031883;9,545132E-1;1,586986E-2;2,042450E-2;9,501303E-1;;
30/11/2021  14:47:40,031983;9,545192E-1;1,245056E-1;1,246821E-1;9,505509E-1;;
30/11/2021  14:47:40,032083;9,534761E-1;1,037979E-1;9,782784E-2;9,509595E-1;;
30/11/2021  14:47:40,032183;9,526178E-1;9,965640E-2;1,009872E-1;9,513553E-1;;
30/11/2021  14:47:40,032283;9,522363E-1;1,133553E-1;1,170997E-1;9,517373E-1;;
30/11/2021  14:47:40,032383;9,517595E-1;1,238685E-1;1,284732E-1;9,521044E-1;;
30/11/2021  14:47:40,032483;9,516462E-1;1,235499E-1;1,351078E-1;9,524558E-1;;
30/11/2021  14:47:40,032583;9,509846E-1;1,321516E-1;1,259458E-1;9,527906E-1;;
30/11/2021  14:47:40,032683;9,497835E-1;1,232313E-1;1,240502E-1;9,531079E-1;;
30/11/2021  14:47:40,032783;9,491517E-1;1,098510E-1;1,186794E-1;9,534068E-1;;
30/11/2021  14:47:40,032883;9,477509E-1;1,337445E-1;1,357397E-1;9,536864E-1;;
30/11/2021  14:47:40,032983;9,480818E-1;1,216384E-1;1,246821E-1;9,539458E-1;;
30/11/2021  14:47:40,033083;9,474350E-1;9,678918E-2;1,347919E-1;9,541840E-1;;
30/11/2021  14:47:40,033183;9,469641E-1;1,254614E-1;1,265777E-1;9,544002E-1;;
30/11/2021  14:47:40,033283;9,461893E-1;1,397975E-1;1,689125E-1;9,545939E-1;;
30/11/2021  14:47:40,033383;9,455217E-1;1,197269E-1;1,240502E-1;9,547644E-1;;
30/11/2021  14:47:40,033483;9,444160E-1;1,311958E-1;1,325804E-1;9,549111E-1;;
30/11/2021  14:47:40,033583;9,436471E-1;1,589123E-1;1,799702E-1;9,550333E-1;;
30/11/2021  14:47:40,033683;9,430391E-1;1,210013E-1;1,240502E-1;9,551307E-1;;
30/11/2021  14:47:40,033783;9,431196E-1;1,037979E-1;8,898175E-2;9,552026E-1;;
30/11/2021  14:47:40,033883;9,423238E-1;1,194084E-1;1,170997E-1;9,552487E-1;;
30/11/2021  14:47:40,033983;9,415519E-1;1,178155E-1;9,940750E-2;9,552688E-1;;
30/11/2021  14:47:40,034083;9,406340E-1;1,308772E-1;1,265777E-1;9,552627E-1;;
30/11/2021  14:47:40,034183;9,395581E-1;1,174969E-1;7,508074E-2;9,552302E-1;;
30/11/2021  14:47:40,034283;9,388726E-1;1,302401E-1;1,486929E-1;9,551712E-1;;
30/11/2021  14:47:40,034383;9,384345E-1;9,041758E-2;8,297904E-2;9,550854E-1;;
30/11/2021  14:47:40,034483;9,379368E-1;1,633724E-1;1,603824E-1;9,549730E-1;;
30/11/2021  14:47:40,034583;9,377282E-1;1,327887E-1;1,502726E-1;9,548338E-1;;
30/11/2021  14:47:40,034683;9,370159E-1;1,452133E-1;1,673329E-1;9,546682E-1;;
30/11/2021  14:47:40,034783;9,357284E-1;1,315144E-1;1,294210E-1;9,544764E-1;;
30/11/2021  14:47:40,034883;9,348522E-1;1,289658E-1;1,300529E-1;9,542587E-1;;
30/11/2021  14:47:40,034983;9,346555E-1;1,308772E-1;1,338441E-1;9,540153E-1;;
30/11/2021  14:47:40,035083;9,343962E-1;1,388417E-1;1,370034E-1;9,537466E-1;;
30/11/2021  14:47:40,035183;9,334246E-1;1,136739E-1;1,152041E-1;9,534530E-1;;
30/11/2021  14:47:40,035283;9,329061E-1;1,260985E-1;1,262617E-1;9,531350E-1;;
30/11/2021  14:47:40,035383;9,322862E-1;1,213198E-1;1,227865E-1;9,527933E-1;;
30/11/2021  14:47:40,035483;9,315828E-1;1,133553E-1;1,088855E-1;9,524283E-1;;
30/11/2021  14:47:40,035583;9,307007E-1;1,022050E-1;8,866581E-2;9,520407E-1;;
30/11/2021  14:47:40,035683;9,301135E-1;1,171783E-1;1,104651E-1;9,516311E-1;;
30/11/2021  14:47:40,035783;9,302357E-1;7,703722E-2;1,069899E-1;9,512003E-1;;
30/11/2021  14:47:40,035883;9,295801E-1;1,321516E-1;1,426902E-1;9,507489E-1;;
30/11/2021  14:47:40,035983;9,292373E-1;1,165411E-1;1,338441E-1;9,502778E-1;;
30/11/2021  14:47:40,036083;9,278843E-1;1,133553E-1;1,098333E-1;9,497879E-1;;
30/11/2021  14:47:40,036183;9,271720E-1;1,190898E-1;1,170997E-1;9,492800E-1;;
30/11/2021  14:47:40,036283;9,264805E-1;1,165411E-1;1,218387E-1;9,487549E-1;;
30/11/2021  14:47:40,036383;9,260275E-1;1,095324E-1;1,170997E-1;9,482134E-1;;
30/11/2021  14:47:40,036483;9,266415E-1;1,178155E-1;1,174156E-1;9,476563E-1;;
30/11/2021  14:47:40,036583;9,258994E-1;1,273729E-1;1,341600E-1;9,470845E-1;;
30/11/2021  14:47:40,036683;9,248533E-1;1,324701E-1;1,395309E-1;9,464990E-1;;
30/11/2021  14:47:40,036783;9,247073E-1;1,203641E-1;1,196272E-1;9,459008E-1;;
30/11/2021  14:47:40,036883;9,239741E-1;1,143111E-1;1,079377E-1;9,452909E-1;;
30/11/2021  14:47:40,036983;9,237387E-1;1,219570E-1;1,155200E-1;9,446702E-1;;
30/11/2021  14:47:40,037083;9,237059E-1;1,181340E-1;1,129926E-1;9,440397E-1;;
30/11/2021  14:47:40,037183;9,234764E-1;1,172832E-2;4,943835E-3;9,434003E-1;;
30/11/2021  14:47:40,037283;9,234347E-1;5,824100E-2;7,539667E-2;9,427533E-1;;
30/11/2021  14:47:40,037383;9,234794E-1;1,184526E-1;1,363715E-1;9,420997E-1;;
30/11/2021  14:47:40,037483;9,229429E-1;1,085766E-1;1,098333E-1;9,414408E-1;;
30/11/2021  14:47:40,037583;9,227164E-1;1,013542E-2;1,726518E-2;9,407777E-1;;
30/11/2021  14:47:40,037683;9,224512E-1;1,018865E-1;9,814378E-2;9,401115E-1;;
30/11/2021  14:47:40,037783;9,225942E-1;1,018865E-1;9,972343E-2;9,394435E-1;;
30/11/2021  14:47:40,037883;9,232857E-1;1,044351E-1;9,403666E-2;9,387748E-1;;
30/11/2021  14:47:40,037983;9,229489E-1;-2,554554E-2;-2,096259E-2;9,381066E-1;;
30/11/2021  14:47:40,038083;9,226896E-1;1,149482E-1;1,082536E-1;9,374403E-1;;
30/11/2021  14:47:40,038183;9,218521E-1;8,340882E-2;8,455870E-2;9,367771E-1;;
30/11/2021  14:47:40,038283;9,217538E-1;1,187712E-1;1,177316E-1;9,361180E-1;;
30/11/2021  14:47:40,038383;9,216405E-1;-9,616542E-3;8,419087E-3;9,354642E-1;;
30/11/2021  14:47:40,038483;9,222783E-1;4,135626E-2;4,253974E-2;9,348165E-1;;
30/11/2021  14:47:40,038583;9,226956E-1;1,012493E-1;7,855599E-2;9,341760E-1;;
30/11/2021  14:47:40,038683;9,227403E-1;5,601094E-2;3,527331E-2;9,335437E-1;;
30/11/2021  14:47:40,038783;9,225376E-1;1,834429E-1;1,641736E-1;9,329208E-1;;
30/11/2021  14:47:40,038883;9,221979E-1;1,420275E-1;1,483770E-1;9,323083E-1;;
30/11/2021  14:47:40,038983;9,225197E-1;1,206827E-1;1,177316E-1;9,317071E-1;;
30/11/2021  14:47:40,039083;9,227671E-1;4,549780E-2;4,159195E-2;9,311182E-1;;
30/11/2021  14:47:40,039183;9,235360E-1;1,267357E-1;1,256299E-1;9,305424E-1;;
30/11/2021  14:47:40,039283;9,243198E-1;1,149482E-1;1,202590E-1;9,299807E-1;;
30/11/2021  14:47:40,039383;9,248235E-1;1,127182E-1;1,202590E-1;9,294340E-1;;
30/11/2021  14:47:40,039483;9,250828E-1;1,108067E-1;1,177316E-1;9,289035E-1;;
30/11/2021  14:47:40,039583;9,246715E-1;1,232313E-1;1,218387E-1;9,283902E-1;;
30/11/2021  14:47:40,039683;9,254732E-1;9,901924E-2;1,054102E-1;9,278950E-1;;
30/11/2021  14:47:40,039783;9,265491E-1;1,050723E-1;1,164678E-1;9,274187E-1;;
30/11/2021  14:47:40,039883;9,270408E-1;9,838208E-2;9,150920E-2;9,269623E-1;;
30/11/2021  14:47:40,039983;9,284654E-1;1,101695E-1;1,186794E-1;9,265267E-1;;
30/11/2021  14:47:40,040083;9,286889E-1;9,296622E-2;7,950379E-2;9,261129E-1;;
30/11/2021  14:47:40,040183;9,293178E-1;1,523270E-2;8,103155E-3;9,257219E-1;;
30/11/2021  14:47:40,040283;9,291449E-1;9,647060E-2;1,221546E-1;9,253547E-1;;
30/11/2021  14:47:40,040383;9,304265E-1;1,063466E-1;1,275255E-1;9,250120E-1;;
30/11/2021  14:47:40,040483;9,315560E-1;8,468314E-2;8,045158E-2;9,246945E-1;;
30/11/2021  14:47:40,040583;9,322266E-1;9,870066E-2;1,085695E-1;9,244032E-1;;
30/11/2021  14:47:40,040683;9,333263E-1;1,123996E-1;1,338441E-1;9,241387E-1;;
30/11/2021  14:47:40,040783;9,332816E-1;1,114439E-1;1,338441E-1;9,239018E-1;;
30/11/2021  14:47:40,040883;9,341816E-1;1,471248E-1;1,638576E-1;9,236932E-1;;
30/11/2021  14:47:40,040983;9,344439E-1;1,372488E-1;1,490088E-1;9,235134E-1;;
30/11/2021  14:47:40,041083;9,349714E-1;-6,887242E-2;4,601499E-2;9,233628E-1;;
30/11/2021  14:47:40,041183;9,360771E-1;1,499920E-1;1,231024E-1;9,232418E-1;;
30/11/2021  14:47:40,041283;9,367030E-1;1,726112E-1;1,480610E-1;9,231505E-1;;
30/11/2021  14:47:40,041383;9,369444E-1;1,687883E-1;1,401627E-1;9,230893E-1;;
30/11/2021  14:47:40,041483;9,366821E-1;1,726112E-1;1,641736E-1;9,230581E-1;;
30/11/2021  14:47:40,041583;9,372454E-1;2,861306E-2;8,487463E-2;9,230570E-1;;
30/11/2021  14:47:40,041683;9,377133E-1;1,439390E-1;1,572231E-1;9,230855E-1;;
30/11/2021  14:47:40,041783;9,385269E-1;1,296029E-1;1,196272E-1;9,231435E-1;;
30/11/2021  14:47:40,041883;9,386819E-1;2,175310E-1;1,907119E-1;9,232303E-1;;
30/11/2021  14:47:40,041983;9,399515E-1;1,477620E-1;1,284732E-1;9,233457E-1;;
30/11/2021  14:47:40,042083;9,400767E-1;1,136739E-1;1,249980E-1;9,234890E-1;;
30/11/2021  14:47:40,042183;9,399545E-1;9,392196E-2;1,354238E-1;9,236599E-1;;
30/11/2021  14:47:40,042283;9,400737E-1;1,640096E-1;1,723878E-1;9,238575E-1;;
30/11/2021  14:47:40,042383;9,398710E-1;1,276914E-1;1,300529E-1;9,240811E-1;;
30/11/2021  14:47:40,042483;9,406698E-1;1,311958E-1;1,341600E-1;9,243296E-1;;
30/11/2021  14:47:40,042583;9,411049E-1;1,299215E-1;1,215227E-1;9,246021E-1;;
30/11/2021  14:47:40,042683;9,416682E-1;1,149482E-1;1,234183E-1;9,248975E-1;;
30/11/2021  14:47:40,042783;9,417874E-1;1,283286E-1;1,249980E-1;9,252148E-1;;
30/11/2021  14:47:40,042883;9,414148E-1;1,318330E-1;1,193112E-1;9,255529E-1;;
30/11/2021  14:47:40,042983;9,412479E-1;1,101695E-1;1,013031E-1;9,259107E-1;;
30/11/2021  14:47:40,043083;9,421867E-1;1,362931E-1;1,148882E-1;9,262867E-1;;
30/11/2021  14:47:40,043183;9,421837E-1;1,353374E-1;1,382671E-1;9,266798E-1;;
30/11/2021  14:47:40,043283;9,424430E-1;1,751599E-1;1,717559E-1;9,270886E-1;;
30/11/2021  14:47:40,043383;9,424997E-1;1,337445E-1;1,366875E-1;9,275118E-1;;
30/11/2021  14:47:40,043483;9,421361E-1;7,289568E-2;6,591871E-2;9,279481E-1;;
30/11/2021  14:47:40,043583;9,421271E-1;1,487177E-1;1,749153E-1;9,283962E-1;;
30/11/2021  14:47:40,043683;9,419811E-1;1,270543E-1;1,297370E-1;9,288545E-1;;
30/11/2021  14:47:40,043783;9,422702E-1;1,219570E-1;1,275255E-1;9,293217E-1;;
30/11/2021  14:47:40,043883;9,424818E-1;1,238685E-1;1,253139E-1;9,297962E-1;;
30/11/2021  14:47:40,043983;9,426546E-1;1,334259E-1;1,332122E-1;9,302766E-1;;
30/11/2021  14:47:40,044083;9,427113E-1;1,369303E-1;1,338441E-1;9,307616E-1;;
30/11/2021  14:47:40,044183;9,426189E-1;1,159040E-1;1,139404E-1;9,312499E-1;;
30/11/2021  14:47:40,044283;9,420258E-1;1,254614E-1;1,202590E-1;9,317402E-1;;
30/11/2021  14:47:40,044383;9,420467E-1;1,276914E-1;1,240502E-1;9,322311E-1;;
30/11/2021  14:47:40,044483;9,419572E-1;1,292843E-1;1,300529E-1;9,327213E-1;;
30/11/2021  14:47:40,044583;9,423953E-1;1,238685E-1;1,442698E-1;9,332095E-1;;
30/11/2021  14:47:40,044683;9,427262E-1;1,190898E-1;1,110970E-1;9,336943E-1;;
30/11/2021  14:47:40,044783;9,424073E-1;1,340630E-1;1,322644E-1;9,341748E-1;;
30/11/2021  14:47:40,044883;9,423030E-1;1,308772E-1;1,328963E-1;9,346499E-1;;
30/11/2021  14:47:40,044983;9,419483E-1;1,369303E-1;1,704922E-1;9,351185E-1;;
30/11/2021  14:47:40,045083;9,419006E-1;1,334259E-1;1,278414E-1;9,355796E-1;;
30/11/2021  14:47:40,045183;9,424430E-1;1,108067E-1;1,670170E-1;9,360323E-1;;
30/11/2021  14:47:40,045283;9,426427E-1;1,251428E-1;1,259458E-1;9,364756E-1;;
30/11/2021  14:47:40,045383;9,419751E-1;1,519035E-1;1,793383E-1;9,369089E-1;;
30/11/2021  14:47:40,045483;9,423030E-1;1,347002E-1;1,363715E-1;9,373313E-1;;
30/11/2021  14:47:40,045583;9,424043E-1;1,423461E-1;1,363715E-1;9,377423E-1;;
30/11/2021  14:47:40,045683;9,420168E-1;1,534964E-1;1,578549E-1;9,381412E-1;;
30/11/2021  14:47:40,045783;9,422791E-1;1,413904E-1;1,445858E-1;9,385276E-1;;
30/11/2021  14:47:40,045883;9,424669E-1;5,409946E-2;8,045158E-2;9,389009E-1;;
30/11/2021  14:47:40,045983;9,423864E-1;1,334259E-1;1,306848E-1;9,392607E-1;;
30/11/2021  14:47:40,046083;9,429318E-1;1,283286E-1;1,085695E-1;9,396068E-1;;
30/11/2021  14:47:40,046183;9,421867E-1;1,225942E-1;1,249980E-1;9,399389E-1;;
30/11/2021  14:47:40,046283;9,421539E-1;1,420275E-1;1,509044E-1;9,402570E-1;;
30/11/2021  14:47:40,046383;9,418440E-1;1,512664E-1;1,733356E-1;9,405606E-1;;
30/11/2021  14:47:40,046483;9,423149E-1;1,018865E-1;1,155200E-1;9,408498E-1;;
30/11/2021  14:47:40,046583;9,422553E-1;1,926818E-1;1,824976E-1;9,411244E-1;;
30/11/2021  14:47:40,046683;9,422344E-1;1,541336E-1;1,815498E-1;9,413843E-1;;
30/11/2021  14:47:40,046783;9,422463E-1;1,732484E-1;2,024013E-1;9,416296E-1;;
30/11/2021  14:47:40,046883;9,415668E-1;1,372488E-1;1,395309E-1;9,418604E-1;;
30/11/2021  14:47:40,046983;9,413850E-1;1,442576E-1;1,373193E-1;9,420767E-1;;
30/11/2021  14:47:40,047083;9,413165E-1;1,506292E-1;1,461654E-1;9,422785E-1;;
30/11/2021  14:47:40,047183;9,412807E-1;1,523270E-2;1,789705E-2;9,424658E-1;;
30/11/2021  14:47:40,047283;9,416473E-1;1,215178E-3;3,364175E-3;9,426387E-1;;
30/11/2021  14:47:40,047383;9,414625E-1;4,082398E-3;6,839427E-3;9,427974E-1;;
30/11/2021  14:47:40,047483;9,415072E-1;6,949618E-3;9,366883E-3;9,429421E-1;;
30/11/2021  14:47:40,047583;9,405714E-1;6,949618E-3;9,050951E-3;9,430730E-1;;
30/11/2021  14:47:40,047683;9,404641E-1;3,445238E-3;4,311971E-3;9,431904E-1;;
30/11/2021  14:47:40,047783;9,408277E-1;3,445238E-3;5,575699E-3;9,432943E-1;;
30/11/2021  14:47:40,047883;9,405088E-1;5,356718E-3;6,523495E-3;9,433850E-1;;
30/11/2021  14:47:40,047983;9,404552E-1;5,356718E-3;7,471291E-3;9,434627E-1;;
30/11/2021  14:47:40,048083;9,409886E-1;2,808078E-3;5,259767E-3;9,435278E-1;;
30/11/2021  14:47:40,048183;9,407711E-1;2,170918E-3;4,311971E-3;9,435806E-1;;
30/11/2021  14:47:40,048283;9,401571E-1;1,852338E-3;4,627903E-3;9,436215E-1;;
30/11/2021  14:47:40,048383;9,403747E-1;2,808078E-3;5,575699E-3;9,436508E-1;;
30/11/2021  14:47:40,048483;9,403300E-1;3,445238E-3;4,627903E-3;9,436690E-1;;
30/11/2021  14:47:40,048583;9,409737E-1;1,215178E-3;3,996039E-3;9,436765E-1;;
30/11/2021  14:47:40,048683;9,413195E-1;1,852338E-3;3,680107E-3;9,436738E-1;;
30/11/2021  14:47:40,048783;9,408933E-1;7,586778E-3;8,735019E-3;9,436614E-1;;
30/11/2021  14:47:40,048883;9,409886E-1;1,533758E-3;3,364175E-3;9,436401E-1;;
30/11/2021  14:47:40,048983;9,411228E-1;8,965980E-4;3,680107E-3;9,436104E-1;;
30/11/2021  14:47:40,049083;9,399038E-1;8,965980E-4;3,364175E-3;9,435729E-1;;
30/11/2021  14:47:40,049183;9,414357E-1;5,780180E-4;3,996039E-3;9,435282E-1;;
30/11/2021  14:47:40,049283;9,409976E-1;8,965980E-4;3,680107E-3;9,434767E-1;;
30/11/2021  14:47:40,049383;9,406459E-1;4,719558E-3;5,575699E-3;9,434190E-1;;
30/11/2021  14:47:40,049483;9,416115E-1;8,965980E-4;3,680107E-3;9,433558E-1;;
30/11/2021  14:47:40,049583;9,409052E-1;8,965980E-4;3,996039E-3;9,432876E-1;;
30/11/2021  14:47:40,049683;9,400528E-1;1,215178E-3;3,364175E-3;9,432150E-1;;
30/11/2021  14:47:40,049783;9,403568E-1;1,215178E-3;3,680107E-3;9,431384E-1;;
30/11/2021  14:47:40,049883;9,402495E-1;8,965980E-4;3,680107E-3;9,430582E-1;;
30/11/2021  14:47:40,049983;9,405625E-1;8,965980E-4;3,996039E-3;9,429748E-1;;
30/11/2021  14:47:40,050083;9,407264E-1;1,852338E-3;4,311971E-3;9,428885E-1;;
30/11/2021  14:47:40,050183;9,402257E-1;5,780180E-4;3,048243E-3;9,427998E-1;;
30/11/2021  14:47:40,050283;9,398561E-1;8,965980E-4;3,680107E-3;9,427091E-1;;
30/11/2021  14:47:40,050383;9,393346E-1;8,965980E-4;3,680107E-3;9,426166E-1;;
30/11/2021  14:47:40,050483;9,396445E-1;2,170918E-3;5,259767E-3;9,425225E-1;;
30/11/2021  14:47:40,050583;9,398144E-1;3,763818E-3;8,103155E-3;9,424271E-1;;
30/11/2021  14:47:40,050683;9,401124E-1;5,038138E-3;8,103155E-3;9,423305E-1;;
30/11/2021  14:47:40,050783;9,398323E-1;9,816838E-3;1,157841E-2;9,422331E-1;;
30/11/2021  14:47:40,050883;9,399873E-1;8,223938E-3;1,347400E-2;9,421350E-1;;
30/11/2021  14:47:40,050983;9,389769E-1;5,993878E-3;1,221027E-2;9,420367E-1;;
30/11/2021  14:47:40,051083;9,392541E-1;5,675298E-3;8,103155E-3;9,419381E-1;;
30/11/2021  14:47:40,051183;9,392750E-1;5,993878E-3;8,419087E-3;9,418395E-1;;
30/11/2021  14:47:40,051283;9,406250E-1;2,160430E-2;2,074043E-2;9,417409E-1;;
30/11/2021  14:47:40,051383;9,408516E-1;1,682560E-2;1,758111E-2;9,416428E-1;;
30/11/2021  14:47:40,051483;9,409022E-1;2,797590E-2;3,116619E-2;9,415455E-1;;
30/11/2021  14:47:40,051583;9,403747E-1;3,625898E-2;3,653703E-2;9,414494E-1;;
30/11/2021  14:47:40,051683;9,396386E-1;1,060280E-1;1,152041E-1;9,413549E-1;;
30/11/2021  14:47:40,051783;9,396088E-1;1,650702E-2;1,758111E-2;9,412622E-1;;
30/11/2021  14:47:40,051883;9,397429E-1;4,103768E-2;5,043804E-2;9,411715E-1;;
30/11/2021  14:47:40,051983;9,403956E-1;2,670158E-2;2,769094E-2;9,410827E-1;;
30/11/2021  14:47:40,052083;9,408277E-1;1,178155E-1;1,110970E-1;9,409961E-1;;
30/11/2021  14:47:40,052183;9,410423E-1;1,682560E-2;1,979264E-2;9,409120E-1;;
30/11/2021  14:47:40,052283;9,405237E-1;3,434750E-2;4,285567E-2;9,408306E-1;;
30/11/2021  14:47:40,052383;9,400737E-1;1,178155E-1;2,033491E-1;9,407523E-1;;
30/11/2021  14:47:40,052483;9,407741E-1;1,299215E-1;1,439539E-1;9,406771E-1;;
30/11/2021  14:47:40,052583;9,411615E-1;6,174538E-2;7,792413E-2;9,406052E-1;;
30/11/2021  14:47:40,052683;9,418440E-1;1,200455E-1;1,152041E-1;9,405368E-1;;
30/11/2021  14:47:40,052783;9,420824E-1;1,382046E-1;1,502726E-1;9,404723E-1;;
30/11/2021  14:47:40,052883;9,415758E-1;1,617795E-1;1,730197E-1;9,404118E-1;;
30/11/2021  14:47:40,052983;9,418261E-1;2,159381E-1;2,437884E-1;9,403559E-1;;
30/11/2021  14:47:40,053083;9,417337E-1;1,585937E-1;1,714400E-1;9,403045E-1;;
30/11/2021  14:47:40,053183;9,419543E-1;1,190898E-1;1,420583E-1;9,402580E-1;;
30/11/2021  14:47:40,053283;9,424848E-1;1,206827E-1;1,066739E-1;9,402164E-1;;
30/11/2021  14:47:40,053383;9,430480E-1;1,270543E-1;1,287892E-1;9,401801E-1;;
30/11/2021  14:47:40,053483;9,431613E-1;1,219570E-1;1,082536E-1;9,401491E-1;;
30/11/2021  14:47:40,053583;9,431166E-1;8,659462E-2;6,655058E-2;9,401238E-1;;
30/11/2021  14:47:40,053683;9,432239E-1;1,114439E-1;1,196272E-1;9,401044E-1;;
30/11/2021  14:47:40,053783;9,426666E-1;1,452133E-1;1,635417E-1;9,400910E-1;;
30/11/2021  14:47:40,053883;9,436888E-1;1,232313E-1;1,152041E-1;9,400837E-1;;
30/11/2021  14:47:40,053983;9,444130E-1;1,366117E-1;1,673329E-1;9,400827E-1;;
30/11/2021  14:47:40,054083;9,452415E-1;1,308772E-1;1,338441E-1;9,400880E-1;;
30/11/2021  14:47:40,054183;9,447259E-1;3,371034E-2;8,677022E-2;9,401000E-1;;
30/11/2021  14:47:40,054283;9,452952E-1;1,627352E-1;1,885003E-1;9,401189E-1;;
30/11/2021  14:47:40,054383;9,443772E-1;1,407532E-1;1,493248E-1;9,401450E-1;;
30/11/2021  14:47:40,054483;9,446663E-1;1,276914E-1;1,316326E-1;9,401782E-1;;
30/11/2021  14:47:40,054583;9,452982E-1;1,311958E-1;1,240502E-1;9,402185E-1;;
30/11/2021  14:47:40,054683;9,454472E-1;1,159040E-1;1,044624E-1;9,402659E-1;;
30/11/2021  14:47:40,054783;9,459449E-1;1,260985E-1;1,262617E-1;9,403204E-1;;
30/11/2021  14:47:40,054883;9,457333E-1;1,235499E-1;1,227865E-1;9,403820E-1;;
30/11/2021  14:47:40,054983;9,456498E-1;1,197269E-1;1,158360E-1;9,404507E-1;;
30/11/2021  14:47:40,055083;9,456409E-1;1,407532E-1;1,679647E-1;9,405264E-1;;
30/11/2021  14:47:40,055183;9,457690E-1;7,544432E-2;1,035146E-1;9,406088E-1;;
30/11/2021  14:47:40,055283;9,464635E-1;8,627604E-2;1,231024E-1;9,406979E-1;;
30/11/2021  14:47:40,055383;9,467347E-1;1,359745E-1;1,452176E-1;9,407933E-1;;
30/11/2021  14:47:40,055483;9,475870E-1;9,806350E-2;1,227865E-1;9,408951E-1;;
30/11/2021  14:47:40,055583;9,470029E-1;1,165411E-1;7,950379E-2;9,410032E-1;;
30/11/2021  14:47:40,055683;9,469194E-1;1,047537E-1;1,047783E-1;9,411175E-1;;
30/11/2021  14:47:40,055783;9,467019E-1;1,248242E-1;1,243661E-1;9,412377E-1;;
30/11/2021  14:47:40,055883;9,468539E-1;1,165411E-1;1,196272E-1;9,413637E-1;;
30/11/2021  14:47:40,055983;9,476437E-1;1,162226E-1;1,152041E-1;9,414951E-1;;
30/11/2021  14:47:40,056083;9,479685E-1;1,235499E-1;1,193112E-1;9,416316E-1;;
30/11/2021  14:47:40,056183;9,482576E-1;1,149482E-1;1,076217E-1;9,417732E-1;;
30/11/2021  14:47:40,056283;9,477927E-1;1,197269E-1;1,110970E-1;9,419195E-1;;
30/11/2021  14:47:40,056383;9,474887E-1;1,117624E-1;1,092014E-1;9,420704E-1;;
30/11/2021  14:47:40,056483;9,478076E-1;1,037979E-1;9,498445E-2;9,422256E-1;;
30/11/2021  14:47:40,056583;9,479745E-1;1,159040E-1;1,180475E-1;9,423847E-1;;
30/11/2021  14:47:40,056683;9,483559E-1;1,181340E-1;1,398468E-1;9,425473E-1;;
30/11/2021  14:47:40,056783;9,490802E-1;1,286472E-1;1,155200E-1;9,427133E-1;;
30/11/2021  14:47:40,056883;9,483142E-1;1,165411E-1;1,205749E-1;9,428822E-1;;
30/11/2021  14:47:40,056983;9,482665E-1;9,551486E-2;1,016190E-1;9,430540E-1;;
30/11/2021  14:47:40,057083;9,481861E-1;1,332122E-2;4,064415E-2;9,432282E-1;;
30/11/2021  14:47:40,057183;9,480430E-1;8,468314E-2;8,487463E-2;9,434045E-1;;
30/11/2021  14:47:40,057283;9,483202E-1;6,556834E-2;7,034176E-2;9,435823E-1;;
30/11/2021  14:47:40,057383;9,482576E-1;7,448858E-2;7,476481E-2;9,437614E-1;;
30/11/2021  14:47:40,057483;9,485467E-1;1,178155E-1;1,265777E-1;9,439413E-1;;
30/11/2021  14:47:40,057583;9,484215E-1;1,184526E-1;1,177316E-1;9,441217E-1;;
30/11/2021  14:47:40,057683;9,478582E-1;8,468314E-2;8,329497E-2;9,443021E-1;;
30/11/2021  14:47:40,057783;9,474380E-1;1,687883E-1;1,982942E-1;9,444822E-1;;
30/11/2021  14:47:40,057883;9,478523E-1;1,139925E-1;9,877564E-2;9,446613E-1;;
30/11/2021  14:47:40,057983;9,482546E-1;1,136739E-1;9,119327E-2;9,448391E-1;;
30/11/2021  14:47:40,058083;9,485795E-1;1,130368E-1;9,814378E-2;9,450152E-1;;
30/11/2021  14:47:40,058183;9,481294E-1;7,958586E-2;4,664686E-2;9,451892E-1;;
30/11/2021  14:47:40,058283;9,483202E-1;1,152668E-1;9,972343E-2;9,453608E-1;;
30/11/2021  14:47:40,058383;9,474023E-1;1,280100E-1;1,161519E-1;9,455298E-1;;
30/11/2021  14:47:40,058483;9,467466E-1;1,041165E-1;1,474292E-1;9,456957E-1;;
30/11/2021  14:47:40,058583;9,472801E-1;1,088952E-1;1,155200E-1;9,458580E-1;;
30/11/2021  14:47:40,058683;9,476258E-1;1,362931E-1;1,338441E-1;9,460163E-1;;
30/11/2021  14:47:40,058783;9,478970E-1;1,092138E-1;1,224705E-1;9,461702E-1;;
30/11/2021  14:47:40,058883;9,478761E-1;2,095665E-1;2,365220E-1;9,463195E-1;;
30/11/2021  14:47:40,058983;9,468420E-1;1,385232E-1;1,297370E-1;9,464639E-1;;
30/11/2021  14:47:40,059083;9,461267E-1;1,324701E-1;1,253139E-1;9,466033E-1;;
30/11/2021  14:47:40,059183;9,460909E-1;1,219570E-1;1,199431E-1;9,467370E-1;;
30/11/2021  14:47:40,059283;9,460969E-1;1,206827E-1;1,243661E-1;9,468648E-1;;
30/11/2021  14:47:40,059383;9,458018E-1;1,184526E-1;1,133085E-1;9,469861E-1;;
30/11/2021  14:47:40,059483;9,453667E-1;1,165411E-1;1,133085E-1;9,471007E-1;;
30/11/2021  14:47:40,059583;9,446574E-1;1,069837E-1;1,142563E-1;9,472081E-1;;
30/11/2021  14:47:40,059683;9,439540E-1;1,028422E-1;1,031987E-1;9,473078E-1;;
30/11/2021  14:47:40,059783;9,430629E-1;1,045400E-2;5,359736E-2;9,473994E-1;;
30/11/2021  14:47:40,059883;9,422225E-1;9,838208E-2;9,624818E-2;9,474822E-1;;
30/11/2021  14:47:40,059983;9,419602E-1;9,169190E-2;1,253139E-1;9,475555E-1;;
30/11/2021  14:47:40,060083;9,408992E-1;1,095324E-1;1,455336E-1;9,476186E-1;;
30/11/2021  14:47:40,060183;9,414297E-1;6,174538E-2;7,981972E-2;9,476709E-1;;
30/11/2021  14:47:40,060283;9,400975E-1;1,015679E-1;1,050943E-1;9,477117E-1;;
30/11/2021  14:47:40,060383;9,386342E-1;1,031608E-1;1,120448E-1;9,477404E-1;;
30/11/2021  14:47:40,060483;9,372871E-1;1,057094E-1;1,249980E-1;9,477563E-1;;
30/11/2021  14:47:40,060583;9,372812E-1;1,095324E-1;1,193112E-1;9,477586E-1;;
30/11/2021  14:47:40,060683;9,373586E-1;9,678918E-2;1,016190E-1;9,477463E-1;;
30/11/2021  14:47:40,060783;9,365182E-1;1,015679E-1;1,249980E-1;9,477190E-1;;
30/11/2021  14:47:40,060883;9,355675E-1;1,216384E-1;1,177316E-1;9,476759E-1;;
30/11/2021  14:47:40,060983;9,346615E-1;1,098510E-1;1,177316E-1;9,476166E-1;;
30/11/2021  14:47:40,061083;9,335230E-1;1,143111E-1;1,145722E-1;9,475405E-1;;
30/11/2021  14:47:40,061183;9,324203E-1;1,114439E-1;1,161519E-1;9,474470E-1;;
30/11/2021  14:47:40,061283;9,318868E-1;1,499920E-1;1,363715E-1;9,473355E-1;;
30/11/2021  14:47:40,061383;9,315649E-1;1,633724E-1;1,629098E-1;9,472054E-1;;
30/11/2021  14:47:40,061483;9,314457E-1;7,066562E-2;3,400958E-2;9,470562E-1;;
30/11/2021  14:47:40,061583;9,305010E-1;1,805757E-1;1,897641E-1;9,468877E-1;;
30/11/2021  14:47:40,061683;9,300837E-1;1,764342E-1;1,736515E-1;9,466996E-1;;
30/11/2021  14:47:40,061783;9,291122E-1;2,334600E-1;2,681152E-1;9,464918E-1;;
30/11/2021  14:47:40,061883;9,288409E-1;1,404346E-1;1,404787E-1;9,462642E-1;;
30/11/2021  14:47:40,061983;9,285101E-1;1,404346E-1;1,407946E-1;9,460169E-1;;
30/11/2021  14:47:40,062083;9,287128E-1;1,264171E-1;1,114129E-1;9,457498E-1;;
30/11/2021  14:47:40,062183;9,279469E-1;1,254614E-1;1,139404E-1;9,454633E-1;;
30/11/2021  14:47:40,062283;9,278396E-1;1,260985E-1;1,259458E-1;9,451578E-1;;
30/11/2021  14:47:40,062383;9,273448E-1;1,299215E-1;1,275255E-1;9,448337E-1;;
30/11/2021  14:47:40,062483;9,270379E-1;1,280100E-1;1,253139E-1;9,444915E-1;;
30/11/2021  14:47:40,062583;9,269693E-1;2,287862E-2;7,855599E-2;9,441320E-1;;
30/11/2021  14:47:40,062683;9,270498E-1;1,241871E-1;1,259458E-1;9,437557E-1;;
30/11/2021  14:47:40,062783;9,271303E-1;6,875414E-2;8,108345E-2;9,433634E-1;;
30/11/2021  14:47:40,062883;9,266772E-1;6,588692E-2;6,054787E-2;9,429563E-1;;
30/11/2021  14:47:40,062983;9,265968E-1;1,286472E-1;1,319485E-1;9,425351E-1;;
30/11/2021  14:47:40,063083;9,259352E-1;1,853544E-1;1,866047E-1;9,421010E-1;;
30/11/2021  14:47:40,063183;9,258845E-1;1,299215E-1;1,325804E-1;9,416549E-1;;
30/11/2021  14:47:40,063283;9,259948E-1;1,283286E-1;1,278414E-1;9,411978E-1;;
30/11/2021  14:47:40,063383;9,269067E-1;1,254614E-1;1,243661E-1;9,407310E-1;;
30/11/2021  14:47:40,063483;9,262630E-1;1,311958E-1;1,385831E-1;9,402555E-1;;
30/11/2021  14:47:40,063583;9,269097E-1;1,372488E-1;1,496407E-1;9,397727E-1;;
30/11/2021  14:47:40,063683;9,262838E-1;1,254614E-1;1,246821E-1;9,392839E-1;;
30/11/2021  14:47:40,063783;9,258130E-1;1,267357E-1;1,237343E-1;9,387904E-1;;
30/11/2021  14:47:40,063883;9,261199E-1;1,286472E-1;1,272095E-1;9,382934E-1;;
30/11/2021  14:47:40,063983;9,266027E-1;1,245056E-1;1,287892E-1;9,377941E-1;;
30/11/2021  14:47:40,064083;9,271809E-1;1,088952E-1;9,056141E-2;9,372937E-1;;
30/11/2021  14:47:40,064183;9,271779E-1;1,286472E-1;1,322644E-1;9,367936E-1;;
30/11/2021  14:47:40,064283;9,270647E-1;1,060280E-1;7,286922E-2;9,362952E-1;;
30/11/2021  14:47:40,064383;9,268292E-1;-1,439524E-2;1,600145E-2;9,357998E-1;;
30/11/2021  14:47:40,064483;9,265998E-1;1,254614E-1;1,240502E-1;9,353084E-1;;
30/11/2021  14:47:40,064583;9,265968E-1;1,276914E-1;1,360556E-1;9,348224E-1;;
30/11/2021  14:47:40,064683;9,273329E-1;1,206827E-1;1,496407E-1;9,343426E-1;;
30/11/2021  14:47:40,064783;9,278902E-1;1,235499E-1;1,215227E-1;9,338702E-1;;
30/11/2021  14:47:40,064883;9,276280E-1;1,353374E-1;1,471132E-1;9,334062E-1;;
30/11/2021  14:47:40,064983;9,273270E-1;1,563636E-1;1,711241E-1;9,329517E-1;;
30/11/2021  14:47:40,065083;9,273836E-1;2,551234E-1;2,178820E-1;9,325077E-1;;
30/11/2021  14:47:40,065183;9,267190E-1;1,362931E-1;1,445858E-1;9,320748E-1;;
30/11/2021  14:47:40,065283;9,267905E-1;2,479010E-2;5,454516E-2;9,316539E-1;;
30/11/2021  14:47:40,065383;9,278038E-1;1,197269E-1;1,038306E-1;9,312454E-1;;
30/11/2021  14:47:40,065483;9,277800E-1;1,366117E-1;1,423743E-1;9,308500E-1;;
30/11/2021  14:47:40,065583;9,279886E-1;1,318330E-1;1,218387E-1;9,304682E-1;;
30/11/2021  14:47:40,065683;9,278634E-1;8,181592E-2;1,016190E-1;9,301007E-1;;
30/11/2021  14:47:40,065783;9,275296E-1;1,391603E-1;1,480610E-1;9,297479E-1;;
30/11/2021  14:47:40,065883;9,276399E-1;1,633724E-1;1,708081E-1;9,294101E-1;;
30/11/2021  14:47:40,065983;9,288082E-1;8,818752E-2;9,024547E-2;9,290877E-1;;
30/11/2021  14:47:40,066083;9,289929E-1;1,397975E-1;1,404787E-1;9,287811E-1;;
30/11/2021  14:47:40,066183;9,292761E-1;1,369303E-1;1,281573E-1;9,284906E-1;;
30/11/2021  14:47:40,066283;9,292105E-1;8,309024E-2;1,246821E-1;9,282165E-1;;
30/11/2021  14:47:40,066383;9,292075E-1;1,630538E-1;1,986102E-1;9,279592E-1;;
30/11/2021  14:47:40,066483;9,287545E-1;-7,683692E-2;8,613836E-2;9,277188E-1;;
30/11/2021  14:47:40,066583;9,290615E-1;1,331073E-1;1,363715E-1;9,274954E-1;;
30/11/2021  14:47:40,066683;9,302983E-1;1,292843E-1;1,338441E-1;9,272890E-1;;
30/11/2021  14:47:40,066783;9,311000E-1;1,283286E-1;1,224705E-1;9,270997E-1;;
30/11/2021  14:47:40,066883;9,314666E-1;1,378860E-1;1,414265E-1;9,269277E-1;;
30/11/2021  14:47:40,066983;9,323279E-1;1,372488E-1;1,202590E-1;9,267731E-1;;
30/11/2021  14:47:40,067083;9,320895E-1;1,283286E-1;1,107811E-1;9,266362E-1;;
30/11/2021  14:47:40,067183;9,326587E-1;1,363980E-2;1,536959E-2;9,265173E-1;;
30/11/2021  14:47:40,067283;9,335111E-1;5,038138E-3;6,839427E-3;9,264164E-1;;
30/11/2021  14:47:40,067383;9,345244E-1;4,082398E-3;5,259767E-3;9,263338E-1;;
30/11/2021  14:47:40,067483;9,352754E-1;3,445238E-3;5,259767E-3;9,262697E-1;;
30/11/2021  14:47:40,067583;9,362053E-1;5,356718E-3;7,787223E-3;9,262243E-1;;
30/11/2021  14:47:40,067683;9,361159E-1;2,489498E-3;4,627903E-3;9,261981E-1;;
30/11/2021  14:47:40,067783;9,362261E-1;1,852338E-3;4,311971E-3;9,261911E-1;;
30/11/2021  14:47:40,067883;9,371888E-1;5,993878E-3;8,735019E-3;9,262036E-1;;
30/11/2021  14:47:40,067983;9,383332E-1;3,445238E-3;5,575699E-3;9,262356E-1;;
30/11/2021  14:47:40,068083;9,390634E-1;1,852338E-3;4,311971E-3;9,262874E-1;;
30/11/2021  14:47:40,068183;9,399187E-1;4,719558E-3;5,891631E-3;9,263589E-1;;
30/11/2021  14:47:40,068283;9,404164E-1;1,215178E-3;3,048243E-3;9,264506E-1;;
30/11/2021  14:47:40,068383;9,406876E-1;1,215178E-3;3,364175E-3;9,265624E-1;;
30/11/2021  14:47:40,068483;9,409976E-1;1,215178E-3;3,048243E-3;9,266944E-1;;
30/11/2021  14:47:40,068583;9,416145E-1;4,400978E-3;5,891631E-3;9,268467E-1;;
30/11/2021  14:47:40,068683;9,431404E-1;8,965980E-4;3,364175E-3;9,270191E-1;;
30/11/2021  14:47:40,068783;9,440077E-1;3,763818E-3;6,839427E-3;9,272115E-1;;
30/11/2021  14:47:40,068883;9,447468E-1;8,965980E-4;3,364175E-3;9,274240E-1;;
30/11/2021  14:47:40,068983;9,453131E-1;8,965980E-4;3,364175E-3;9,276566E-1;;
30/11/2021  14:47:40,069083;9,449286E-1;1,533758E-3;3,680107E-3;9,279093E-1;;
30/11/2021  14:47:40,069183;9,454770E-1;1,533758E-3;3,996039E-3;9,281818E-1;;
30/11/2021  14:47:40,069283;9,469969E-1;1,852338E-3;3,680107E-3;9,284739E-1;;
30/11/2021  14:47:40,069383;9,477360E-1;1,533758E-3;3,996039E-3;9,287852E-1;;
30/11/2021  14:47:40,069483;9,484364E-1;8,965980E-4;3,048243E-3;9,291155E-1;;
30/11/2021  14:47:40,069583;9,489311E-1;1,215178E-3;3,364175E-3;9,294645E-1;;
30/11/2021  14:47:40,069683;9,491547E-1;8,965980E-4;3,364175E-3;9,298321E-1;;
30/11/2021  14:47:40,069783;9,491070E-1;8,965980E-4;3,680107E-3;9,302177E-1;;
30/11/2021  14:47:40,069883;9,494557E-1;1,852338E-3;3,996039E-3;9,306208E-1;;
30/11/2021  14:47:40,069983;9,497299E-1;5,780180E-4;3,364175E-3;9,310408E-1;;
30/11/2021  14:47:40,070083;9,507968E-1;8,965980E-4;3,680107E-3;9,314770E-1;;
30/11/2021  14:47:40,070183;9,508356E-1;8,965980E-4;3,996039E-3;9,319286E-1;;
30/11/2021  14:47:40,070283;9,516522E-1;1,533758E-3;3,996039E-3;9,323949E-1;;
30/11/2021  14:47:40,070383;9,512915E-1;1,852338E-3;4,311971E-3;9,328752E-1;;
30/11/2021  14:47:40,070483;9,498074E-1;1,215178E-3;4,311971E-3;9,333686E-1;;
30/11/2021  14:47:40,070583;9,509876E-1;1,215178E-3;3,680107E-3;9,338739E-1;;
30/11/2021  14:47:40,070683;9,515896E-1;3,763818E-3;6,839427E-3;9,343900E-1;;
30/11/2021  14:47:40,070783;9,525582E-1;1,459554E-2;2,074043E-2;9,349158E-1;;
30/11/2021  14:47:40,070883;9,520009E-1;1,045400E-2;1,378993E-2;9,354502E-1;;
30/11/2021  14:47:40,070983;9,522840E-1;1,905566E-2;4,380347E-2;9,359923E-1;;
30/11/2021  14:47:40,071083;9,523346E-1;1,714418E-2;2,074043E-2;9,365410E-1;;
30/11/2021  14:47:40,071183;9,518578E-1;1,618844E-2;1,789705E-2;9,370950E-1;;
30/11/2021  14:47:40,071283;9,519025E-1;1,204690E-2;1,442179E-2;9,376533E-1;;
30/11/2021  14:47:40,071383;9,529546E-1;1,618844E-2;1,758111E-2;9,382147E-1;;
30/11/2021  14:47:40,071483;9,530887E-1;1,650702E-2;1,758111E-2;9,387779E-1;;
30/11/2021  14:47:40,071583;9,535208E-1;2,128572E-2;1,947671E-2;9,393420E-1;;
30/11/2021  14:47:40,071683;9,534165E-1;1,809992E-2;1,758111E-2;9,399059E-1;;
30/11/2021  14:47:40,071783;9,525313E-1;1,714418E-2;3,369365E-2;9,404688E-1;;
30/11/2021  14:47:40,071883;9,529516E-1;1,841850E-2;1,631739E-2;9,410295E-1;;
30/11/2021  14:47:40,071983;9,530946E-1;1,809992E-2;2,137230E-2;9,415870E-1;;
30/11/2021  14:47:40,072083;9,536221E-1;4,645354E-2;1,196272E-1;9,421402E-1;;
30/11/2021  14:47:40,072183;9,536221E-1;1,159040E-1;1,092014E-1;9,426883E-1;;
30/11/2021  14:47:40,072283;9,536400E-1;1,101695E-1;1,704922E-1;9,432303E-1;;
30/11/2021  14:47:40,072383;9,531811E-1;1,213198E-1;1,205749E-1;9,437655E-1;;
30/11/2021  14:47:40,072483;9,529784E-1;1,203641E-1;1,227865E-1;9,442929E-1;;
30/11/2021  14:47:40,072583;9,525492E-1;1,394789E-1;1,398468E-1;9,448118E-1;;
30/11/2021  14:47:40,072683;9,529188E-1;1,573194E-1;1,556434E-1;9,453211E-1;;
30/11/2021  14:47:40,072783;9,532049E-1;1,190898E-1;1,193112E-1;9,458200E-1;;
30/11/2021  14:47:40,072883;9,530857E-1;1,302401E-1;1,423743E-1;9,463079E-1;;
30/11/2021  14:47:40,072983;9,534195E-1;1,225942E-1;1,221546E-1;9,467840E-1;;
30/11/2021  14:47:40,073083;9,523525E-1;1,216384E-1;1,170997E-1;9,472477E-1;;
30/11/2021  14:47:40,073183;9,517535E-1;1,203641E-1;1,306848E-1;9,476984E-1;;
30/11/2021  14:47:40,073283;9,519889E-1;1,420275E-1;1,445858E-1;9,481354E-1;;
30/11/2021  14:47:40,073383;9,515836E-1;1,302401E-1;1,107811E-1;9,485580E-1;;
30/11/2021  14:47:40,073483;9,516402E-1;-4,657182E-2;7,508074E-2;9,489655E-1;;
30/11/2021  14:47:40,073583;9,513899E-1;1,570008E-1;2,084040E-1;9,493575E-1;;
30/11/2021  14:47:40,073683;9,508773E-1;1,321516E-1;1,531159E-1;9,497333E-1;;
30/11/2021  14:47:40,073783;9,503021E-1;1,283286E-1;1,294210E-1;9,500924E-1;;
30/11/2021  14:47:40,073883;9,503229E-1;1,292843E-1;1,316326E-1;9,504343E-1;;
30/11/2021  14:47:40,073983;9,498580E-1;1,292843E-1;1,313166E-1;9,507585E-1;;
30/11/2021  14:47:40,074083;9,497776E-1;1,232313E-1;1,262617E-1;9,510647E-1;;
30/11/2021  14:47:40,074183;9,501948E-1;1,159040E-1;9,877564E-2;9,513523E-1;;
30/11/2021  14:47:40,074283;9,496405E-1;6,875414E-2;8,013565E-2;9,516212E-1;;
30/11/2021  14:47:40,074383;9,491100E-1;1,260985E-1;1,281573E-1;9,518712E-1;;
30/11/2021  14:47:40,074483;9,479447E-1;1,299215E-1;1,208909E-1;9,521021E-1;;
30/11/2021  14:47:40,074583;9,475990E-1;1,276914E-1;1,376353E-1;9,523136E-1;;
30/11/2021  14:47:40,074683;9,474321E-1;1,318330E-1;1,445858E-1;9,525055E-1;;
30/11/2021  14:47:40,074783;9,477807E-1;1,254614E-1;1,196272E-1;9,526775E-1;;
30/11/2021  14:47:40,074883;9,472234E-1;1,576380E-1;1,300529E-1;9,528295E-1;;
30/11/2021  14:47:40,074983;9,466691E-1;4,932076E-2;2,168823E-2;9,529616E-1;;
30/11/2021  14:47:40,075083;9,465976E-1;1,162226E-1;1,249980E-1;9,530736E-1;;
30/11/2021  14:47:40,075183;9,456677E-1;1,235499E-1;1,278414E-1;9,531657E-1;;
30/11/2021  14:47:40,075283;9,447468E-1;1,280100E-1;1,291051E-1;9,532379E-1;;
30/11/2021  14:47:40,075383;9,446037E-1;1,260985E-1;1,313166E-1;9,532901E-1;;
30/11/2021  14:47:40,075483;9,442431E-1;1,245056E-1;1,189953E-1;9,533223E-1;;
30/11/2021  14:47:40,075583;9,439451E-1;1,471248E-1;1,524841E-1;9,533346E-1;;
30/11/2021  14:47:40,075683;9,435517E-1;1,280100E-1;1,379512E-1;9,533271E-1;;
30/11/2021  14:47:40,075783;9,424371E-1;1,073023E-1;1,107811E-1;9,532999E-1;;
30/11/2021  14:47:40,075883;9,413671E-1;1,114439E-1;1,082536E-1;9,532531E-1;;
30/11/2021  14:47:40,075983;9,411615E-1;1,095324E-1;8,961361E-2;9,531867E-1;;
30/11/2021  14:47:40,076083;9,415519E-1;1,187712E-1;1,136244E-1;9,531009E-1;;
30/11/2021  14:47:40,076183;9,409350E-1;1,423461E-1;1,306848E-1;9,529958E-1;;
30/11/2021  14:47:40,076283;9,409827E-1;7,990444E-2;7,602853E-2;9,528716E-1;;
30/11/2021  14:47:40,076383;9,399396E-1;1,273729E-1;1,294210E-1;9,527288E-1;;
30/11/2021  14:47:40,076483;9,392809E-1;1,353374E-1;1,458495E-1;9,525677E-1;;
30/11/2021  14:47:40,076583;9,391796E-1;7,608148E-2;8,740209E-2;9,523887E-1;;
30/11/2021  14:47:40,076683;9,394091E-1;1,095324E-1;1,139404E-1;9,521921E-1;;
30/11/2021  14:47:40,076783;9,397101E-1;1,210013E-1;1,243661E-1;9,519784E-1;;
30/11/2021  14:47:40,076883;9,396147E-1;1,334259E-1;1,363715E-1;9,517484E-1;;
30/11/2021  14:47:40,076983;9,400499E-1;1,200455E-1;1,310007E-1;9,515028E-1;;
30/11/2021  14:47:40,077083;9,397161E-1;1,490363E-1;1,502726E-1;9,512425E-1;;
30/11/2021  14:47:40,077183;9,389799E-1;7,544432E-2;7,318515E-2;9,509685E-1;;
30/11/2021  14:47:40,077283;9,391915E-1;1,245056E-1;1,272095E-1;9,506817E-1;;
30/11/2021  14:47:40,077383;9,390127E-1;1,136739E-1;1,006712E-1;9,503830E-1;;
30/11/2021  14:47:40,077483;9,395521E-1;8,882468E-2;8,677022E-2;9,500734E-1;;
30/11/2021  14:47:40,077583;9,390664E-1;1,120810E-1;9,909157E-2;9,497540E-1;;
30/11/2021  14:47:40,077683;9,389769E-1;1,155854E-1;1,009872E-1;9,494256E-1;;
30/11/2021  14:47:40,077783;9,388100E-1;9,742634E-2;1,050943E-1;9,490895E-1;;
30/11/2021  14:47:40,077883;9,388518E-1;1,133553E-1;1,003553E-1;9,487466E-1;;
30/11/2021  14:47:40,077983;9,374957E-1;1,085766E-1;1,133085E-1;9,483978E-1;;
30/11/2021  14:47:40,078083;9,386819E-1;1,149482E-1;1,133085E-1;9,480440E-1;;
30/11/2021  14:47:40,078183;9,386610E-1;8,595746E-2;9,182514E-2;9,476862E-1;;
30/11/2021  14:47:40,078283;9,383481E-1;7,958586E-2;7,286922E-2;9,473253E-1;;
30/11/2021  14:47:40,078383;9,390127E-1;1,343816E-1;1,559593E-1;9,469622E-1;;
30/11/2021  14:47:40,078483;9,381425E-1;1,200455E-1;1,170997E-1;9,465979E-1;;
30/11/2021  14:47:40,078583;9,378981E-1;7,268198E-3;6,023194E-2;9,462333E-1;;
30/11/2021  14:47:40,078683;9,373676E-1;1,366117E-1;1,335282E-1;9,458692E-1;;
30/11/2021  14:47:40,078783;9,376120E-1;1,200455E-1;1,158360E-1;9,455062E-1;;
30/11/2021  14:47:40,078883;9,381454E-1;1,139925E-1;9,087734E-2;9,451452E-1;;
30/11/2021  14:47:40,078983;9,379189E-1;1,251428E-1;1,183634E-1;9,447867E-1;;
30/11/2021  14:47:40,079083;9,378951E-1;1,254614E-1;1,189953E-1;9,444316E-1;;
30/11/2021  14:47:40,079183;9,378623E-1;8,086018E-2;8,013565E-2;9,440804E-1;;
30/11/2021  14:47:40,079283;9,376149E-1;1,605052E-1;1,777586E-1;9,437338E-1;;
30/11/2021  14:47:40,079383;9,375971E-1;1,178155E-1;1,218387E-1;9,433925E-1;;
30/11/2021  14:47:40,079483;9,374928E-1;1,219570E-1;1,180475E-1;9,430569E-1;;
30/11/2021  14:47:40,079583;9,384912E-1;1,203641E-1;1,114129E-1;9,427275E-1;;
30/11/2021  14:47:40,079683;9,379398E-1;8,818752E-2;8,898175E-2;9,424050E-1;;
30/11/2021  14:47:40,079783;9,374004E-1;9,455912E-2;9,466852E-2;9,420898E-1;;
30/11/2021  14:47:40,079883;9,375732E-1;1,190898E-1;1,145722E-1;9,417824E-1;;
30/11/2021  14:47:40,079983;9,371888E-1;1,130368E-1;1,189953E-1;9,414831E-1;;
30/11/2021  14:47:40,080083;9,370099E-1;1,127182E-1;1,202590E-1;9,411921E-1;;
30/11/2021  14:47:40,080183;9,375673E-1;1,063466E-1;1,161519E-1;9,409097E-1;;
30/11/2021  14:47:40,080283;9,383809E-1;9,519628E-2;1,050943E-1;9,406361E-1;;
30/11/2021  14:47:40,080383;9,382199E-1;1,098510E-1;1,101492E-1;9,403716E-1;;
30/11/2021  14:47:40,080483;9,378593E-1;1,034794E-1;9,277293E-2;9,401166E-1;;
30/11/2021  14:47:40,080583;9,374659E-1;1,025236E-1;1,174156E-1;9,398713E-1;;
30/11/2021  14:47:40,080683;9,372812E-1;1,232313E-1;1,445858E-1;9,396358E-1;;
30/11/2021  14:47:40,080783;9,376179E-1;1,031608E-1;1,044624E-1;9,394103E-1;;
30/11/2021  14:47:40,080883;9,376149E-1;8,500172E-2;9,372073E-2;9,391947E-1;;
30/11/2021  14:47:40,080983;9,376000E-1;3,530324E-2;6,307532E-2;9,389890E-1;;
30/11/2021  14:47:40,081083;9,375524E-1;1,018865E-1;1,114129E-1;9,387932E-1;;
30/11/2021  14:47:40,081183;9,378206E-1;9,774492E-2;1,107811E-1;9,386074E-1;;
30/11/2021  14:47:40,081283;9,371292E-1;9,009900E-2;1,095173E-1;9,384315E-1;;
30/11/2021  14:47:40,081383;9,377878E-1;1,117624E-1;1,202590E-1;9,382654E-1;;
30/11/2021  14:47:40,081483;9,381574E-1;1,251428E-1;1,303688E-1;9,381089E-1;;
30/11/2021  14:47:40,081583;9,385090E-1;1,347002E-1;1,376353E-1;9,379621E-1;;
30/11/2021  14:47:40,081683;9,389561E-1;1,509478E-1;1,553275E-1;9,378250E-1;;
30/11/2021  14:47:40,081783;9,395194E-1;1,391603E-1;1,272095E-1;9,376976E-1;;
30/11/2021  14:47:40,081883;9,397190E-1;1,605052E-1;1,360556E-1;9,375801E-1;;
30/11/2021  14:47:40,081983;9,393882E-1;1,523270E-2;6,844617E-2;9,374726E-1;;
30/11/2021  14:47:40,082083;9,401095E-1;2,606442E-2;9,245700E-2;9,373752E-1;;
30/11/2021  14:47:40,082183;9,402466E-1;1,499920E-1;1,313166E-1;9,372880E-1;;
30/11/2021  14:47:40,082283;9,413791E-1;1,506292E-1;1,455336E-1;9,372112E-1;;
30/11/2021  14:47:40,082383;9,412211E-1;1,159040E-1;8,361090E-2;9,371448E-1;;
30/11/2021  14:47:40,082483;9,417635E-1;1,060280E-1;8,677022E-2;9,370891E-1;;
30/11/2021  14:47:40,082583;9,416890E-1;1,257800E-1;1,600664E-1;9,370443E-1;;
30/11/2021  14:47:40,082683;9,427023E-1;1,315144E-1;1,335282E-1;9,370105E-1;;
30/11/2021  14:47:40,082783;9,430719E-1;1,082581E-1;8,740209E-2;9,369879E-1;;
30/11/2021  14:47:40,082883;9,438706E-1;1,200455E-1;1,471132E-1;9,369767E-1;;
30/11/2021  14:47:40,082983;9,441329E-1;1,098510E-1;1,101492E-1;9,369771E-1;;
30/11/2021  14:47:40,083083;9,446842E-1;1,366117E-1;1,284732E-1;9,369895E-1;;
30/11/2021  14:47:40,083183;9,450836E-1;1,318330E-1;1,316326E-1;9,370139E-1;;
30/11/2021  14:47:40,083283;9,454680E-1;1,095324E-1;1,120448E-1;9,370507E-1;;
30/11/2021  14:47:40,083383;9,462548E-1;1,165411E-1;1,155200E-1;9,371001E-1;;
30/11/2021  14:47:40,083483;9,470685E-1;1,280100E-1;1,303688E-1;9,371622E-1;;
30/11/2021  14:47:40,083583;9,477748E-1;1,280100E-1;1,278414E-1;9,372373E-1;;
30/11/2021  14:47:40,083683;9,480192E-1;1,245056E-1;1,237343E-1;9,373258E-1;;
30/11/2021  14:47:40,083783;9,487225E-1;1,331073E-1;1,332122E-1;9,374277E-1;;
30/11/2021  14:47:40,083883;9,487464E-1;1,331073E-1;1,370034E-1;9,375435E-1;;
30/11/2021  14:47:40,083983;9,490980E-1;1,174969E-1;1,221546E-1;9,376730E-1;;
30/11/2021  14:47:40,084083;9,494259E-1;1,299215E-1;1,281573E-1;9,378165E-1;;
30/11/2021  14:47:40,084183;9,504541E-1;1,006121E-1;1,054102E-1;9,379740E-1;;
30/11/2021  14:47:40,084283;9,507402E-1;1,280100E-1;1,284732E-1;9,381453E-1;;
30/11/2021  14:47:40,084383;9,505643E-1;1,436204E-1;1,764949E-1;9,383305E-1;;
30/11/2021  14:47:40,084483;9,502663E-1;1,241871E-1;1,215227E-1;9,385295E-1;;
30/11/2021  14:47:40,084583;9,499683E-1;1,369303E-1;1,316326E-1;9,387419E-1;;
30/11/2021  14:47:40,084683;9,502425E-1;1,429833E-1;1,512204E-1;9,389672E-1;;
30/11/2021  14:47:40,084783;9,506210E-1;7,353284E-2;1,031987E-1;9,392050E-1;;
30/11/2021  14:47:40,084883;9,505524E-1;1,283286E-1;1,284732E-1;9,394546E-1;;
30/11/2021  14:47:40,084983;9,504451E-1;1,340630E-1;1,512204E-1;9,397154E-1;;
30/11/2021  14:47:40,085083;9,496643E-1;1,251428E-1;1,205749E-1;9,399866E-1;;
30/11/2021  14:47:40,085183;9,494855E-1;1,283286E-1;1,224705E-1;9,402674E-1;;
30/11/2021  14:47:40,085283;9,489252E-1;1,334259E-1;1,455336E-1;9,405568E-1;;
30/11/2021  14:47:40,085383;9,482904E-1;1,474434E-1;1,493248E-1;9,408536E-1;;
30/11/2021  14:47:40,085483;9,479566E-1;9,360338E-2;7,887192E-2;9,411566E-1;;
30/11/2021  14:47:40,085583;9,482487E-1;1,385232E-1;1,610142E-1;9,414646E-1;;
30/11/2021  14:47:40,085683;9,474470E-1;1,464877E-1;1,208909E-1;9,417762E-1;;
30/11/2021  14:47:40,085783;9,463383E-1;1,483991E-1;1,935552E-1;9,420901E-1;;
30/11/2021  14:47:40,085883;9,460879E-1;1,315144E-1;1,363715E-1;9,424048E-1;;
30/11/2021  14:47:40,085983;9,452117E-1;1,404346E-1;1,420583E-1;9,427189E-1;;
30/11/2021  14:47:40,086083;9,452445E-1;1,375674E-1;1,395309E-1;9,430309E-1;;
30/11/2021  14:47:40,086183;9,451015E-1;1,356559E-1;1,388990E-1;9,433392E-1;;
30/11/2021  14:47:40,086283;9,450329E-1;1,152668E-1;1,076217E-1;9,436424E-1;;
30/11/2021  14:47:40,086383;9,446574E-1;1,340630E-1;1,332122E-1;9,439393E-1;;
30/11/2021  14:47:40,086483;9,436232E-1;1,378860E-1;1,404787E-1;9,442287E-1;;
30/11/2021  14:47:40,086583;9,431583E-1;1,388417E-1;1,291051E-1;9,445092E-1;;
30/11/2021  14:47:40,086683;9,424401E-1;1,308772E-1;1,341600E-1;9,447796E-1;;
30/11/2021  14:47:40,086783;9,421212E-1;9,806350E-2;1,685966E-1;9,450387E-1;;
30/11/2021  14:47:40,086883;9,414834E-1;1,251428E-1;1,227865E-1;9,452853E-1;;
30/11/2021  14:47:40,086983;9,409439E-1;1,372488E-1;1,588027E-1;9,455182E-1;;
30/11/2021  14:47:40,087083;9,403360E-1;3,243602E-2;9,466852E-2;9,457364E-1;;
30/11/2021  14:47:40,087183;9,389829E-1;1,809992E-2;2,010857E-2;9,459388E-1;;
30/11/2021  14:47:40,087283;9,381901E-1;1,215178E-3;3,680107E-3;9,461243E-1;;
30/11/2021  14:47:40,087383;9,374242E-1;7,905358E-3;9,682815E-3;9,462918E-1;;
30/11/2021  14:47:40,087483;9,369116E-1;5,993878E-3;9,050951E-3;9,464402E-1;;
30/11/2021  14:47:40,087583;9,375047E-1;7,905358E-3;9,998747E-3;9,465686E-1;;
30/11/2021  14:47:40,087683;9,367477E-1;1,013542E-2;1,157841E-2;9,466763E-1;;
30/11/2021  14:47:40,087783;9,359013E-1;7,905358E-3;1,031468E-2;9,467625E-1;;
30/11/2021  14:47:40,087883;9,350310E-1;4,400978E-3;7,155359E-3;9,468269E-1;;
30/11/2021  14:47:40,087983;9,341816E-1;1,852338E-3;3,680107E-3;9,468687E-1;;
30/11/2021  14:47:40,088083;9,344558E-1;6,631038E-3;8,735019E-3;9,468877E-1;;
30/11/2021  14:47:40,088183;9,346466E-1;2,808078E-3;5,891631E-3;9,468834E-1;;
30/11/2021  14:47:40,088283;9,340326E-1;7,586778E-3;7,471291E-3;9,468557E-1;;
30/11/2021  14:47:40,088383;9,342204E-1;3,763818E-3;5,575699E-3;9,468047E-1;;
30/11/2021  14:47:40,088483;9,335379E-1;2,170918E-3;4,943835E-3;9,467305E-1;;
30/11/2021  14:47:40,088583;9,328942E-1;9,816838E-3;1,284213E-2;9,466333E-1;;
30/11/2021  14:47:40,088683;9,328673E-1;9,179678E-3;9,998747E-3;9,465136E-1;;
30/11/2021  14:47:40,088783;9,330044E-1;1,533758E-3;3,364175E-3;9,463717E-1;;
30/11/2021  14:47:40,088883;9,331892E-1;1,533758E-3;3,364175E-3;9,462081E-1;;
30/11/2021  14:47:40,088983;9,331117E-1;5,993878E-3;7,471291E-3;9,460235E-1;;
30/11/2021  14:47:40,089083;9,330610E-1;1,215178E-3;3,364175E-3;9,458187E-1;;
30/11/2021  14:47:40,089183;9,321401E-1;1,215178E-3;3,680107E-3;9,455946E-1;;
30/11/2021  14:47:40,089283;9,315828E-1;1,533758E-3;3,680107E-3;9,453521E-1;;
30/11/2021  14:47:40,089383;9,313116E-1;5,780180E-4;3,048243E-3;9,450921E-1;;
30/11/2021  14:47:40,089483;9,309421E-1;1,533758E-3;3,680107E-3;9,448152E-1;;
30/11/2021  14:47:40,089583;9,313265E-1;1,215178E-3;3,364175E-3;9,445223E-1;;
30/11/2021  14:47:40,089683;9,310702E-1;1,215178E-3;3,680107E-3;9,442144E-1;;
30/11/2021  14:47:40,089783;9,303132E-1;5,780180E-4;3,048243E-3;9,438924E-1;;
30/11/2021  14:47:40,089883;9,296963E-1;8,965980E-4;3,364175E-3;9,435573E-1;;
30/11/2021  14:47:40,089983;9,288439E-1;1,215178E-3;3,048243E-3;9,432098E-1;;
30/11/2021  14:47:40,090083;9,292403E-1;1,215178E-3;3,364175E-3;9,428507E-1;;
30/11/2021  14:47:40,090183;9,296128E-1;1,215178E-3;3,364175E-3;9,424809E-1;;
30/11/2021  14:47:40,090283;9,297321E-1;5,780180E-4;3,048243E-3;9,421013E-1;;
30/11/2021  14:47:40,090383;9,293327E-1;2,594380E-4;2,732311E-3;9,417128E-1;;
30/11/2021  14:47:40,090483;9,288469E-1;5,780180E-4;3,680107E-3;9,413165E-1;;
30/11/2021  14:47:40,090583;9,282270E-1;1,215178E-3;3,680107E-3;9,409134E-1;;
30/11/2021  14:47:40,090683;9,277412E-1;2,170918E-3;5,259767E-3;9,405043E-1;;
30/11/2021  14:47:40,090783;9,562180E-1;1,531778E-1;1,929234E-1;9,400909E-1;;
30/11/2021  14:47:40,090883;9,563938E-1;1,487177E-1;1,736515E-1;9,396771E-1;;
30/11/2021  14:47:40,090983;9,558395E-1;1,388417E-1;1,597505E-1;9,392690E-1;;
30/11/2021  14:47:40,091083;9,556428E-1;1,302401E-1;1,404787E-1;9,388729E-1;;
30/11/2021  14:47:40,091183;9,548351E-1;1,308772E-1;1,316326E-1;9,384942E-1;;
30/11/2021  14:47:40,091283;9,549663E-1;1,139925E-1;1,316326E-1;9,381374E-1;;
30/11/2021  14:47:40,091383;9,548411E-1;1,276914E-1;1,278414E-1;9,378066E-1;;
30/11/2021  14:47:40,091483;9,550318E-1;1,069837E-1;8,834988E-2;9,375050E-1;;
30/11/2021  14:47:40,091583;9,548083E-1;1,321516E-1;1,322644E-1;9,372355E-1;;
30/11/2021  14:47:40,091683;9,545013E-1;1,353374E-1;1,344760E-1;9,370004E-1;;
30/11/2021  14:47:40,091783;9,542540E-1;1,264171E-1;1,221546E-1;9,368014E-1;;
30/11/2021  14:47:40,091883;9,536728E-1;1,260985E-1;1,180475E-1;9,366399E-1;;
30/11/2021  14:47:40,091983;9,536996E-1;1,496735E-1;1,565912E-1;9,365166E-1;;
30/11/2021  14:47:40,092083;9,537652E-1;1,267357E-1;1,231024E-1;9,364318E-1;;
30/11/2021  14:47:40,092183;9,533778E-1;1,324701E-1;1,471132E-1;9,363858E-1;;
30/11/2021  14:47:40,092283;9,531393E-1;5,409946E-2;2,137230E-2;9,363783E-1;;
30/11/2021  14:47:40,092383;9,528622E-1;1,754784E-1;2,200935E-1;9,364087E-1;;
30/11/2021  14:47:40,092483;9,521022E-1;1,570008E-1;1,945030E-1;9,364762E-1;;
30/11/2021  14:47:40,092583;9,520158E-1;1,222756E-1;1,256299E-1;9,365796E-1;;
30/11/2021  14:47:40,092683;9,520754E-1;1,283286E-1;1,354238E-1;9,367176E-1;;
30/11/2021  14:47:40,092783;9,517475E-1;1,289658E-1;1,265777E-1;9,368886E-1;;
30/11/2021  14:47:40,092883;9,518369E-1;1,190898E-1;1,335282E-1;9,370911E-1;;
30/11/2021  14:47:40,092983;9,508534E-1;1,401161E-1;1,524841E-1;9,373231E-1;;
30/11/2021  14:47:40,093083;9,499921E-1;1,302401E-1;1,303688E-1;9,375829E-1;;
30/11/2021  14:47:40,093183;9,494497E-1;1,378860E-1;1,306848E-1;9,378681E-1;;
30/11/2021  14:47:40,093283;9,490712E-1;1,235499E-1;1,205749E-1;9,381766E-1;;
30/11/2021  14:47:40,093383;9,488596E-1;1,305587E-1;1,281573E-1;9,385058E-1;;
30/11/2021  14:47:40,093483;9,484752E-1;1,809992E-2;7,413294E-2;9,388534E-1;;
30/11/2021  14:47:40,093583;9,482606E-1;1,254614E-1;1,170997E-1;9,392170E-1;;
30/11/2021  14:47:40,093683;9,472801E-1;1,318330E-1;1,417424E-1;9,395941E-1;;
30/11/2021  14:47:40,093783;9,466214E-1;2,060621E-1;1,806020E-1;9,399823E-1;;
30/11/2021  14:47:40,093883;9,462548E-1;1,104881E-1;6,844617E-2;9,403790E-1;;
30/11/2021  14:47:40,093983;9,457899E-1;1,324701E-1;1,310007E-1;9,407818E-1;;
30/11/2021  14:47:40,094083;9,461177E-1;1,356559E-1;1,550115E-1;9,411883E-1;;
30/11/2021  14:47:40,094183;9,461565E-1;1,273729E-1;1,101492E-1;9,415962E-1;;
30/11/2021  14:47:40,094283;9,457929E-1;1,350188E-1;1,543797E-1;9,420033E-1;;
30/11/2021  14:47:40,094383;9,448571E-1;1,289658E-1;1,291051E-1;9,424078E-1;;
30/11/2021  14:47:40,094483;9,438050E-1;1,165411E-1;1,278414E-1;9,428076E-1;;
30/11/2021  14:47:40,094583;9,431941E-1;1,506292E-1;1,657532E-1;9,432007E-1;;
30/11/2021  14:47:40,094683;9,423566E-1;1,388417E-1;1,398468E-1;9,435850E-1;;
30/11/2021  14:47:40,094783;9,429437E-1;9,201048E-2;8,013565E-2;9,439588E-1;;
30/11/2021  14:47:40,094883;9,422255E-1;1,506292E-1;1,486929E-1;9,443202E-1;;
30/11/2021  14:47:40,094983;9,414387E-1;1,464877E-1;1,224705E-1;9,446676E-1;;
30/11/2021  14:47:40,095083;9,404850E-1;1,002936E-1;7,602853E-2;9,449993E-1;;
30/11/2021  14:47:40,095183;9,390485E-1;1,448948E-1;1,360556E-1;9,453140E-1;;
30/11/2021  14:47:40,095283;9,385865E-1;1,570008E-1;1,651214E-1;9,456100E-1;;
30/11/2021  14:47:40,095383;9,383511E-1;8,054160E-2;9,688005E-2;9,458858E-1;;
30/11/2021  14:47:40,095483;9,381544E-1;1,362931E-1;1,407946E-1;9,461401E-1;;
30/11/2021  14:47:40,095583;9,378742E-1;1,267357E-1;1,262617E-1;9,463718E-1;;
30/11/2021  14:47:40,095683;9,370934E-1;1,407532E-1;1,749153E-1;9,465797E-1;;
30/11/2021  14:47:40,095783;9,358446E-1;2,433360E-1;2,131430E-1;9,467631E-1;;
30/11/2021  14:47:40,095883;9,352814E-1;2,925022E-2;1,079377E-1;9,469212E-1;;
30/11/2021  14:47:40,095983;9,348671E-1;1,174969E-1;1,303688E-1;9,470531E-1;;
30/11/2021  14:47:40,096083;9,341518E-1;1,095324E-1;1,129926E-1;9,471582E-1;;
30/11/2021  14:47:40,096183;9,338926E-1;9,997498E-2;9,466852E-2;9,472359E-1;;
30/11/2021  14:47:40,096283;9,333025E-1;1,025236E-1;1,145722E-1;9,472858E-1;;
30/11/2021  14:47:40,096383;9,319375E-1;1,140974E-2;1,505366E-2;9,473076E-1;;
30/11/2021  14:47:40,096483;9,310344E-1;5,780180E-4;3,680107E-3;9,473011E-1;;
30/11/2021  14:47:40,096583;9,302268E-1;2,489498E-3;5,259767E-3;9,472659E-1;;
30/11/2021  14:47:40,096683;9,302953E-1;5,993878E-3;8,419087E-3;9,472019E-1;;
30/11/2021  14:47:40,096783;9,302000E-1;5,993878E-3;7,787223E-3;9,471090E-1;;
30/11/2021  14:47:40,096883;9,295950E-1;5,675298E-3;7,155359E-3;9,469873E-1;;
30/11/2021  14:47:40,096983;9,290883E-1;4,719558E-3;6,839427E-3;9,468372E-1;;
30/11/2021  14:47:40,097083;9,279260E-1;7,586778E-3;9,366883E-3;9,466589E-1;;
30/11/2021  14:47:40,097183;9,271750E-1;7,586778E-3;1,031468E-2;9,464529E-1;;
30/11/2021  14:47:40,097283;9,264031E-1;1,077258E-2;1,252620E-2;9,462196E-1;;
30/11/2021  14:47:40,097383;9,269455E-1;1,077258E-2;1,221027E-2;9,459593E-1;;
30/11/2021  14:47:40,097483;9,265938E-1;5,038138E-3;6,523495E-3;9,456728E-1;;
30/11/2021  14:47:40,097583;9,267726E-1;1,140974E-2;1,252620E-2;9,453607E-1;;
30/11/2021  14:47:40,097683;9,261646E-1;4,400978E-3;5,891631E-3;9,450240E-1;;
30/11/2021  14:47:40,097783;9,256192E-1;1,852338E-3;3,680107E-3;9,446638E-1;;
30/11/2021  14:47:40,097883;9,254523E-1;1,533758E-3;4,311971E-3;9,442810E-1;;
30/11/2021  14:47:40,097983;9,257534E-1;8,965980E-4;3,680107E-3;9,438768E-1;;
30/11/2021  14:47:40,098083;9,256520E-1;1,215178E-3;3,680107E-3;9,434524E-1;;
30/11/2021  14:47:40,098183;9,268382E-1;8,965980E-4;3,364175E-3;9,430091E-1;;
30/11/2021  14:47:40,098283;9,267816E-1;5,780180E-4;3,680107E-3;9,425486E-1;;
30/11/2021  14:47:40,098383;9,261229E-1;8,965980E-4;3,048243E-3;9,420725E-1;;
30/11/2021  14:47:40,098483;9,264776E-1;8,965980E-4;3,364175E-3;9,415825E-1;;
30/11/2021  14:47:40,098583;9,263196E-1;1,215178E-3;3,364175E-3;9,410803E-1;;
30/11/2021  14:47:40,098683;9,264239E-1;8,965980E-4;3,048243E-3;9,405675E-1;;
30/11/2021  14:47:40,098783;9,272733E-1;1,215178E-3;3,680107E-3;9,400459E-1;;
30/11/2021  14:47:40,098883;9,277114E-1;8,965980E-4;3,364175E-3;9,395172E-1;;
30/11/2021  14:47:40,098983;9,282032E-1;8,965980E-4;3,048243E-3;9,389834E-1;;
30/11/2021  14:47:40,099083;9,282270E-1;1,215178E-3;3,996039E-3;9,384463E-1;;
30/11/2021  14:47:40,099183;9,281018E-1;1,533758E-3;3,048243E-3;9,379079E-1;;
30/11/2021  14:47:40,099283;9,288201E-1;5,780180E-4;3,364175E-3;9,373699E-1;;
30/11/2021  14:47:40,099383;9,288797E-1;2,170918E-3;4,311971E-3;9,368343E-1;;
30/11/2021  14:47:40,099483;9,305576E-1;2,808078E-3;6,207563E-3;9,363027E-1;;
30/11/2021  14:47:40,099583;9,308854E-1;1,215178E-3;3,364175E-3;9,357771E-1;;
30/11/2021  14:47:40,099683;9,314785E-1;1,852338E-3;8,103155E-3;9,352594E-1;;
30/11/2021  14:47:40,099783;9,315053E-1;8,965980E-4;3,048243E-3;9,347515E-1;;
30/11/2021  14:47:40,099883;9,320954E-1;8,965980E-4;3,680107E-3;9,342552E-1;;
30/11/2021  14:47:40,099983;9,324233E-1;4,400978E-3;6,839427E-3;9,337721E-1;;
30/11/2021  14:47:40,100083;9,332637E-1;3,763818E-3;5,891631E-3;9,333040E-1;;
30/11/2021  14:47:40,100183;9,347658E-1;1,555128E-2;1,758111E-2;9,328523E-1;;
30/11/2021  14:47:40,100283;9,354125E-1;1,268406E-2;1,505366E-2;9,324187E-1;;
30/11/2021  14:47:40,100383;9,359609E-1;1,268406E-2;2,958653E-2;9,320048E-1;;
30/11/2021  14:47:40,100483;9,362470E-1;1,555128E-2;1,789705E-2;9,316121E-1;;
30/11/2021  14:47:40,100583;9,362917E-1;1,682560E-2;1,852891E-2;9,312421E-1;;
30/11/2021  14:47:40,100683;9,375077E-1;1,650702E-2;1,758111E-2;9,308960E-1;;
30/11/2021  14:47:40,100783;9,389382E-1;2,001140E-2;5,359736E-2;9,305749E-1;;
30/11/2021  14:47:40,100883;9,397190E-1;1,459554E-2;1,821298E-2;9,302800E-1;;
30/11/2021  14:47:40,100983;9,402942E-1;1,280100E-1;1,256299E-1;9,300124E-1;;
30/11/2021  14:47:40,101083;9,405505E-1;6,843556E-2;7,981972E-2;9,297732E-1;;
30/11/2021  14:47:40,101183;9,405058E-1;1,085766E-1;9,498445E-2;9,295632E-1;;
30/11/2021  14:47:40,101283;9,410870E-1;5,059508E-2;6,149566E-2;9,293831E-1;;
30/11/2021  14:47:40,101383;9,415758E-1;1,905566E-2;2,389975E-2;9,292334E-1;;
30/11/2021  14:47:40,101483;9,420258E-1;6,970988E-2;1,433221E-1;9,291143E-1;;
30/11/2021  14:47:40,101583;9,427798E-1;1,257800E-1;1,294210E-1;9,290261E-1;;
30/11/2021  14:47:40,101683;9,432447E-1;7,671864E-2;1,098333E-1;9,289689E-1;;
30/11/2021  14:47:40,101783;9,433133E-1;1,299215E-1;1,256299E-1;9,289427E-1;;
30/11/2021  14:47:40,101883;9,431970E-1;1,225942E-1;1,243661E-1;9,289474E-1;;
30/11/2021  14:47:40,101983;9,431345E-1;1,276914E-1;1,581709E-1;9,289826E-1;;
30/11/2021  14:47:40,102083;9,441001E-1;1,598680E-1;1,723878E-1;9,290477E-1;;
30/11/2021  14:47:40,102183;9,450657E-1;1,404346E-1;1,278414E-1;9,291423E-1;;
30/11/2021  14:47:40,102283;9,452207E-1;1,165411E-1;1,426902E-1;9,292657E-1;;
30/11/2021  14:47:40,102383;9,456349E-1;1,273729E-1;1,136244E-1;9,294173E-1;;
30/11/2021  14:47:40,102483;9,452892E-1;1,334259E-1;1,278414E-1;9,295964E-1;;
30/11/2021  14:47:40,102583;9,448541E-1;1,168597E-1;1,057261E-1;9,298021E-1;;
30/11/2021  14:47:40,102683;9,448541E-1;9,901924E-2;9,466852E-2;9,300333E-1;;
30/11/2021  14:47:40,102783;9,455098E-1;1,210013E-1;1,057261E-1;9,302888E-1;;
30/11/2021  14:47:40,102883;9,459538E-1;1,977790E-1;2,046129E-1;9,305674E-1;;
30/11/2021  14:47:40,102983;9,467525E-1;1,448948E-1;7,318515E-2;9,308678E-1;;
30/11/2021  14:47:40,103083;9,470655E-1;1,509478E-1;2,042969E-1;9,311889E-1;;
30/11/2021  14:47:40,103183;9,465707E-1;1,471248E-1;1,512204E-1;9,315295E-1;;
30/11/2021  14:47:40,103283;9,461922E-1;1,299215E-1;1,297370E-1;9,318884E-1;;
30/11/2021  14:47:40,103383;9,465439E-1;1,299215E-1;1,297370E-1;9,322642E-1;;
30/11/2021  14:47:40,103483;9,472175E-1;1,257800E-1;1,262617E-1;9,326554E-1;;
30/11/2021  14:47:40,103583;9,478195E-1;8,723178E-2;8,139938E-2;9,330608E-1;;
30/11/2021  14:47:40,103683;9,482069E-1;1,324701E-1;1,234183E-1;9,334790E-1;;
30/11/2021  14:47:40,103783;9,472979E-1;1,082581E-1;1,145722E-1;9,339088E-1;;
30/11/2021  14:47:40,103883;9,474112E-1;1,241871E-1;1,212068E-1;9,343490E-1;;
30/11/2021  14:47:40,103983;9,472562E-1;1,254614E-1;1,164678E-1;9,347981E-1;;
30/11/2021  14:47:40,104083;9,473009E-1;6,333828E-2;1,528000E-1;9,352547E-1;;
30/11/2021  14:47:40,104183;9,483858E-1;1,206827E-1;1,212068E-1;9,357175E-1;;
30/11/2021  14:47:40,104283;9,486301E-1;1,464877E-1;1,417424E-1;9,361852E-1;;
30/11/2021  14:47:40,104383;9,486957E-1;5,409946E-2;8,582243E-2;9,366566E-1;;
30/11/2021  14:47:40,104483;9,484036E-1;-5,793582E-3;5,454516E-2;9,371306E-1;;
30/11/2021  14:47:40,104583;9,478046E-1;1,283286E-1;1,291051E-1;9,376061E-1;;
30/11/2021  14:47:40,104683;9,479625E-1;1,187712E-1;1,208909E-1;9,380820E-1;;
30/11/2021  14:47:40,104783;9,493543E-1;1,111253E-1;1,142563E-1;9,385569E-1;;
30/11/2021  14:47:40,104883;9,489848E-1;1,082581E-1;1,117289E-1;9,390300E-1;;
30/11/2021  14:47:40,104983;9,496256E-1;1,181340E-1;1,278414E-1;9,395004E-1;;
30/11/2021  14:47:40,105083;9,497060E-1;1,311958E-1;1,303688E-1;9,399671E-1;;
30/11/2021  14:47:40,105183;9,491129E-1;1,257800E-1;1,215227E-1;9,404295E-1;;
30/11/2021  14:47:40,105283;9,492202E-1;1,152668E-1;1,114129E-1;9,408868E-1;;
30/11/2021  14:47:40,105383;9,484454E-1;1,299215E-1;1,202590E-1;9,413381E-1;;
30/11/2021  14:47:40,105483;9,492649E-1;1,216384E-1;1,186794E-1;9,417827E-1;;
30/11/2021  14:47:40,105583;9,496464E-1;1,200455E-1;1,287892E-1;9,422198E-1;;
30/11/2021  14:47:40,105683;9,502246E-1;1,197269E-1;1,152041E-1;9,426488E-1;;
30/11/2021  14:47:40,105783;9,497328E-1;1,123996E-1;1,281573E-1;9,430691E-1;;
30/11/2021  14:47:40,105883;9,493067E-1;1,053908E-1;1,152041E-1;9,434803E-1;;
30/11/2021  14:47:40,105983;9,491636E-1;-1,025370E-2;8,929768E-2;9,438819E-1;;
30/11/2021  14:47:40,106083;9,487941E-1;9,169190E-2;9,845971E-2;9,442733E-1;;
30/11/2021  14:47:40,106183;9,499295E-1;9,816838E-3;8,519056E-2;9,446541E-1;;
30/11/2021  14:47:40,106283;9,501531E-1;8,563888E-2;9,435259E-2;9,450237E-1;;
30/11/2021  14:47:40,106383;9,499176E-1;3,307318E-2;3,558924E-2;9,453820E-1;;
30/11/2021  14:47:40,106483;9,493096E-1;5,186940E-2;6,149566E-2;9,457288E-1;;
30/11/2021  14:47:40,106583;9,486987E-1;6,620550E-2;7,128955E-2;9,460636E-1;;
30/11/2021  14:47:40,106683;9,478612E-1;1,184526E-1;1,310007E-1;9,463863E-1;;
30/11/2021  14:47:40,106783;9,484334E-1;7,703722E-2;9,435259E-2;9,466964E-1;;
30/11/2021  14:47:40,106883;9,488209E-1;-5,475002E-3;-4,534125E-3;9,469934E-1;;
30/11/2021  14:47:40,106983;9,492292E-1;9,424054E-2;9,340479E-2;9,472771E-1;;
30/11/2021  14:47:40,107083;9,492471E-1;7,321426E-2;6,149566E-2;9,475474E-1;;
30/11/2021  14:47:40,107183;9,481205E-1;3,721472E-2;4,096008E-2;9,478043E-1;;
30/11/2021  14:47:40,107283;9,481175E-1;8,978042E-2;1,050943E-1;9,480476E-1;;
30/11/2021  14:47:40,107383;9,475662E-1;1,210013E-1;1,518522E-1;9,482773E-1;;
30/11/2021  14:47:40,107483;9,475185E-1;1,146297E-1;1,205749E-1;9,484931E-1;;
30/11/2021  14:47:40,107583;9,481175E-1;1,190898E-1;1,155200E-1;9,486950E-1;;
30/11/2021  14:47:40,107683;9,483142E-1;1,452133E-1;1,357397E-1;9,488829E-1;;
30/11/2021  14:47:40,107783;9,471012E-1;1,828058E-1;2,011376E-1;9,490569E-1;;
30/11/2021  14:47:40,107883;9,459956E-1;1,942747E-1;2,074562E-1;9,492169E-1;;
30/11/2021  14:47:40,107983;9,452088E-1;-6,963020E-4;3,400958E-2;9,493630E-1;;
30/11/2021  14:47:40,108083;9,442908E-1;1,636910E-1;1,543797E-1;9,494947E-1;;
30/11/2021  14:47:40,108183;9,448273E-1;1,509478E-1;1,430061E-1;9,496117E-1;;
30/11/2021  14:47:40,108283;9,445590E-1;1,459554E-2;1,789705E-2;9,497139E-1;;
30/11/2021  14:47:40,108383;9,439630E-1;1,299215E-1;1,316326E-1;9,498009E-1;;
30/11/2021  14:47:40,108483;9,438020E-1;1,155854E-1;9,719598E-2;9,498726E-1;;
30/11/2021  14:47:40,108583;9,422135E-1;1,018865E-1;7,476481E-2;9,499290E-1;;
30/11/2021  14:47:40,108683;9,411943E-1;6,949618E-3;3,590517E-2;9,499697E-1;;
30/11/2021  14:47:40,108783;9,409499E-1;7,321426E-2;9,719598E-2;9,499944E-1;;
30/11/2021  14:47:40,108883;9,409648E-1;8,627604E-2;8,550650E-2;9,500028E-1;;
30/11/2021  14:47:40,108983;9,407949E-1;1,439390E-1;1,531159E-1;9,499946E-1;;
30/11/2021  14:47:40,109083;9,402972E-1;7,162136E-2;7,760819E-2;9,499698E-1;;
30/11/2021  14:47:40,109183;9,400350E-1;1,235499E-1;1,360556E-1;9,499282E-1;;
30/11/2021  14:47:40,109283;9,389978E-1;4,231200E-2;7,539667E-2;9,498699E-1;;
30/11/2021  14:47:40,109383;9,384584E-1;1,232313E-1;1,240502E-1;9,497948E-1;;
30/11/2021  14:47:40,109483;9,380769E-1;1,098510E-1;1,341600E-1;9,497029E-1;;
30/11/2021  14:47:40,109583;9,388160E-1;1,308772E-1;1,240502E-1;9,495942E-1;;
30/11/2021  14:47:40,109683;9,386074E-1;1,270543E-1;1,272095E-1;9,494690E-1;;
30/11/2021  14:47:40,109783;9,379160E-1;1,171783E-1;1,193112E-1;9,493275E-1;;
30/11/2021  14:47:40,109883;9,377491E-1;1,168597E-1;1,120448E-1;9,491701E-1;;
30/11/2021  14:47:40,109983;9,369056E-1;1,162226E-1;1,076217E-1;9,489971E-1;;
30/11/2021  14:47:40,110083;9,368311E-1;9,742634E-2;1,038306E-1;9,488091E-1;;
30/11/2021  14:47:40,110183;9,373944E-1;1,136739E-1;1,170997E-1;9,486063E-1;;
30/11/2021  14:47:40,110283;9,366702E-1;1,503106E-1;1,824976E-1;9,483893E-1;;
30/11/2021  14:47:40,110383;9,367358E-1;6,939130E-2;9,087734E-2;9,481588E-1;;
30/11/2021  14:47:40,110483;9,366225E-1;1,225942E-1;1,158360E-1;9,479152E-1;;
30/11/2021  14:47:40,110583;9,359549E-1;9,105474E-2;1,069899E-1;9,476594E-1;;
30/11/2021  14:47:40,110683;9,352307E-1;8,723178E-2;1,202590E-1;9,473919E-1;;
30/11/2021  14:47:40,110783;9,352486E-1;1,273729E-1;1,259458E-1;9,471134E-1;;
30/11/2021  14:47:40,110883;9,361963E-1;1,280100E-1;1,284732E-1;9,468245E-1;;
30/11/2021  14:47:40,110983;9,361278E-1;1,264171E-1;1,240502E-1;9,465258E-1;;
30/11/2021  14:47:40,111083;9,362768E-1;1,343816E-1;1,509044E-1;9,462184E-1;;
30/11/2021  14:47:40,111183;9,358268E-1;1,292843E-1;1,253139E-1;9,459031E-1;;
30/11/2021  14:47:40,111283;9,349953E-1;1,139925E-1;1,107811E-1;9,455809E-1;;
30/11/2021  14:47:40,111383;9,353410E-1;1,215178E-3;6,149566E-2;9,452526E-1;;
30/11/2021  14:47:40,111483;9,358595E-1;1,289658E-1;1,057261E-1;9,449189E-1;;
30/11/2021  14:47:40,111583;9,358655E-1;9,806350E-2;8,961361E-2;9,445808E-1;;
30/11/2021  14:47:40,111683;9,365718E-1;7,512574E-2;1,031987E-1;9,442393E-1;;
30/11/2021  14:47:40,111783;9,364735E-1;1,165411E-1;1,069899E-1;9,438953E-1;;
30/11/2021  14:47:40,111883;9,362679E-1;1,270543E-1;1,095173E-1;9,435499E-1;;
30/11/2021  14:47:40,111983;9,352039E-1;1,315144E-1;1,420583E-1;9,432041E-1;;
30/11/2021  14:47:40,112083;9,348164E-1;1,248242E-1;1,265777E-1;9,428587E-1;;
30/11/2021  14:47:40,112183;9,357433E-1;1,299215E-1;1,360556E-1;9,425145E-1;;
30/11/2021  14:47:40,112283;9,358774E-1;1,286472E-1;1,291051E-1;9,421721E-1;;
30/11/2021  14:47:40,112383;9,363036E-1;9,455912E-2;1,050943E-1;9,418323E-1;;
30/11/2021  14:47:40,112483;9,363811E-1;1,305587E-1;1,325804E-1;9,414960E-1;;
30/11/2021  14:47:40,112583;9,357463E-1;1,369303E-1;1,344760E-1;9,411639E-1;;
30/11/2021  14:47:40,112683;9,354512E-1;1,302401E-1;1,259458E-1;9,408369E-1;;
30/11/2021  14:47:40,112783;9,348611E-1;1,178155E-1;1,177316E-1;9,405154E-1;;
30/11/2021  14:47:40,112883;9,361308E-1;1,292843E-1;1,291051E-1;9,401999E-1;;
30/11/2021  14:47:40,112983;9,366642E-1;1,123996E-1;1,193112E-1;9,398911E-1;;
30/11/2021  14:47:40,113083;9,365838E-1;1,286472E-1;1,281573E-1;9,395894E-1;;
30/11/2021  14:47:40,113183;9,363900E-1;1,299215E-1;1,287892E-1;9,392956E-1;;
30/11/2021  14:47:40,113283;9,360473E-1;1,203641E-1;1,006712E-1;9,390102E-1;;
30/11/2021  14:47:40,113383;9,352605E-1;1,369303E-1;1,505885E-1;9,387336E-1;;
30/11/2021  14:47:40,113483;9,356778E-1;1,509478E-1;1,701763E-1;9,384661E-1;;
30/11/2021  14:47:40,113583;9,361308E-1;9,264764E-2;9,277293E-2;9,382079E-1;;
30/11/2021  14:47:40,113683;9,361486E-1;1,305587E-1;1,272095E-1;9,379593E-1;;
30/11/2021  14:47:40,113783;9,367119E-1;1,324701E-1;1,486929E-1;9,377205E-1;;
30/11/2021  14:47:40,113883;9,359460E-1;1,270543E-1;1,284732E-1;9,374918E-1;;
30/11/2021  14:47:40,113983;9,360384E-1;1,238685E-1;1,297370E-1;9,372734E-1;;
30/11/2021  14:47:40,114083;9,358655E-1;1,324701E-1;1,430061E-1;9,370654E-1;;
30/11/2021  14:47:40,114183;9,364228E-1;1,544522E-1;1,262617E-1;9,368677E-1;;
30/11/2021  14:47:40,114283;9,367685E-1;1,053908E-1;1,016190E-1;9,366806E-1;;
30/11/2021  14:47:40,114383;9,367924E-1;1,429833E-1;1,537478E-1;9,365040E-1;;
30/11/2021  14:47:40,114483;9,367328E-1;1,337445E-1;1,328963E-1;9,363381E-1;;
30/11/2021  14:47:40,114583;9,367119E-1;1,353374E-1;1,205749E-1;9,361830E-1;;
30/11/2021  14:47:40,114683;9,367298E-1;1,149482E-1;9,814378E-2;9,360385E-1;;
30/11/2021  14:47:40,114783;9,362023E-1;1,509478E-1;1,575390E-1;9,359047E-1;;
30/11/2021  14:47:40,114883;9,370666E-1;1,270543E-1;1,152041E-1;9,357814E-1;;
30/11/2021  14:47:40,114983;9,373378E-1;1,455319E-1;1,562753E-1;9,356685E-1;;
30/11/2021  14:47:40,115083;9,376090E-1;1,251428E-1;1,430061E-1;9,355660E-1;;
30/11/2021  14:47:40,115183;9,381246E-1;1,576380E-1;1,869207E-1;9,354737E-1;;
30/11/2021  14:47:40,115283;9,378116E-1;1,926818E-1;1,768108E-1;9,353918E-1;;
30/11/2021  14:47:40,115383;9,371858E-1;1,324701E-1;1,401627E-1;9,353202E-1;;
30/11/2021  14:47:40,115483;9,377729E-1;1,407532E-1;1,455336E-1;9,352586E-1;;
30/11/2021  14:47:40,115583;9,382408E-1;1,461691E-1;1,436380E-1;9,352070E-1;;
30/11/2021  14:47:40,115683;9,388398E-1;1,627352E-1;1,499566E-1;9,351651E-1;;
30/11/2021  14:47:40,115783;9,393942E-1;1,347002E-1;1,313166E-1;9,351330E-1;;
30/11/2021  14:47:40,115883;9,391677E-1;1,362931E-1;1,395309E-1;9,351105E-1;;
30/11/2021  14:47:40,115983;9,390664E-1;1,353374E-1;1,347919E-1;9,350978E-1;;
30/11/2021  14:47:40,116083;9,394031E-1;1,273729E-1;1,117289E-1;9,350946E-1;;
30/11/2021  14:47:40,116183;9,393078E-1;1,149482E-1;1,161519E-1;9,351009E-1;;
30/11/2021  14:47:40,116283;9,403360E-1;1,174969E-1;1,123607E-1;9,351164E-1;;
30/11/2021  14:47:40,116383;9,410095E-1;3,763818E-3;8,419087E-3;9,351411E-1;;
30/11/2021  14:47:40,116483;9,407949E-1;1,533758E-3;3,680107E-3;9,351751E-1;;
30/11/2021  14:47:40,116583;9,404731E-1;2,808078E-3;4,627903E-3;9,352182E-1;;
30/11/2021  14:47:40,116683;9,403866E-1;1,852338E-3;4,627903E-3;9,352703E-1;;
30/11/2021  14:47:40,116783;9,408337E-1;1,852338E-3;4,311971E-3;9,353312E-1;;
30/11/2021  14:47:40,116883;9,405684E-1;3,126658E-3;4,943835E-3;9,354007E-1;;
30/11/2021  14:47:40,116983;9,415549E-1;1,533758E-3;3,680107E-3;9,354784E-1;;
30/11/2021  14:47:40,117083;9,422344E-1;2,489498E-3;4,627903E-3;9,355642E-1;;
30/11/2021  14:47:40,117183;9,416056E-1;1,533758E-3;3,996039E-3;9,356580E-1;;
30/11/2021  14:47:40,117283;9,411228E-1;1,215178E-3;3,048243E-3;9,357594E-1;;
30/11/2021  14:47:40,117383;9,411675E-1;2,808078E-3;4,627903E-3;9,358683E-1;;
30/11/2021  14:47:40,117483;9,413016E-1;3,126658E-3;4,943835E-3;9,359841E-1;;
30/11/2021  14:47:40,117583;9,412420E-1;4,400978E-3;6,207563E-3;9,361065E-1;;
30/11/2021  14:47:40,117683;9,421778E-1;5,675298E-3;8,419087E-3;9,362349E-1;;
30/11/2021  14:47:40,117783;9,421301E-1;6,312458E-3;7,787223E-3;9,363691E-1;;
30/11/2021  14:47:40,117883;9,427083E-1;1,109116E-2;1,221027E-2;9,365086E-1;;
30/11/2021  14:47:40,117983;9,419423E-1;1,109116E-2;1,252620E-2;9,366533E-1;;
30/11/2021  14:47:40,118083;9,417486E-1;8,223938E-3;1,063061E-2;9,368027E-1;;
30/11/2021  14:47:40,118183;9,423000E-1;8,861098E-3;1,063061E-2;9,369563E-1;;
30/11/2021  14:47:40,118283;9,425563E-1;1,013542E-2;1,126247E-2;9,371139E-1;;
30/11/2021  14:47:40,118383;9,428573E-1;8,965980E-4;3,364175E-3;9,372749E-1;;
30/11/2021  14:47:40,118483;9,433103E-1;2,489498E-3;4,311971E-3;9,374391E-1;;
30/11/2021  14:47:40,118583;9,431047E-1;8,223938E-3;9,682815E-3;9,376063E-1;;
30/11/2021  14:47:40,118683;9,424699E-1;8,965980E-4;3,364175E-3;9,377760E-1;;
30/11/2021  14:47:40,118783;9,421331E-1;1,215178E-3;2,416379E-3;9,379480E-1;;
30/11/2021  14:47:40,118883;9,424401E-1;1,215178E-3;3,680107E-3;9,381217E-1;;
30/11/2021  14:47:40,118983;9,431017E-1;8,965980E-4;3,048243E-3;9,382967E-1;;
30/11/2021  14:47:40,119083;9,429646E-1;1,215178E-3;3,364175E-3;9,384725E-1;;
30/11/2021  14:47:40,119183;9,430421E-1;1,533758E-3;3,364175E-3;9,386489E-1;;
30/11/2021  14:47:40,119283;9,426725E-1;5,780180E-4;3,364175E-3;9,388255E-1;;
30/11/2021  14:47:40,119383;9,419185E-1;1,215178E-3;3,680107E-3;9,390019E-1;;
30/11/2021  14:47:40,119483;9,421003E-1;8,965980E-4;3,680107E-3;9,391776E-1;;
30/11/2021  14:47:40,119583;9,418231E-1;1,215178E-3;3,680107E-3;9,393521E-1;;
30/11/2021  14:47:40,119683;9,424371E-1;1,215178E-3;3,680107E-3;9,395249E-1;;
30/11/2021  14:47:40,119783;9,423447E-1;1,533758E-3;3,364175E-3;9,396955E-1;;
30/11/2021  14:47:40,119883;9,413105E-1;8,223938E-3;1,315807E-2;9,398636E-1;;
30/11/2021  14:47:40,119983;9,411406E-1;1,459554E-2;1,758111E-2;9,400285E-1;;
30/11/2021  14:47:40,120083;9,402913E-1;1,650702E-2;1,694925E-2;9,401899E-1;;
30/11/2021  14:47:40,120183;9,403121E-1;1,204690E-2;1,442179E-2;9,403471E-1;;
30/11/2021  14:47:40,120283;9,407413E-1;1,395838E-2;1,663332E-2;9,404994E-1;;
30/11/2021  14:47:40,120383;9,402615E-1;1,586986E-2;1,726518E-2;9,406463E-1;;
30/11/2021  14:47:40,120483;9,400826E-1;1,650702E-2;1,789705E-2;9,407873E-1;;
30/11/2021  14:47:40,120583;9,399664E-1;1,586986E-2;1,758111E-2;9,409220E-1;;
30/11/2021  14:47:40,120683;9,393137E-1;1,268406E-2;1,442179E-2;9,410498E-1;;
30/11/2021  14:47:40,120783;9,394091E-1;7,586778E-3;1,758111E-2;9,411704E-1;;
30/11/2021  14:47:40,120883;9,393525E-1;1,937424E-2;2,200416E-2;9,412833E-1;;
30/11/2021  14:47:40,120983;9,388697E-1;1,809992E-2;1,916077E-2;9,413882E-1;;
30/11/2021  14:47:40,121083;9,399932E-1;1,079395E-1;1,104651E-1;9,414847E-1;;
30/11/2021  14:47:40,121183;9,395223E-1;9,774492E-2;1,452176E-1;9,415726E-1;;
30/11/2021  14:47:40,121283;9,392899E-1;1,618844E-2;1,884484E-2;9,416518E-1;;
30/11/2021  14:47:40,121383;9,381782E-1;2,108408E-1;2,605328E-1;9,417223E-1;;
30/11/2021  14:47:40,121483;9,378683E-1;7,321426E-2;9,498445E-2;9,417838E-1;;
30/11/2021  14:47:40,121583;9,379458E-1;2,733874E-2;3,400958E-2;9,418362E-1;;
30/11/2021  14:47:40,121683;9,386282E-1;1,251428E-1;1,158360E-1;9,418792E-1;;
30/11/2021  14:47:40,121783;9,384047E-1;9,647060E-2;1,028828E-1;9,419128E-1;;
30/11/2021  14:47:40,121883;9,382110E-1;1,254614E-1;1,202590E-1;9,419370E-1;;
30/11/2021  14:47:40,121983;9,379487E-1;1,085766E-1;8,866581E-2;9,419519E-1;;
30/11/2021  14:47:40,122083;9,376805E-1;1,088952E-1;1,038306E-1;9,419576E-1;;
30/11/2021  14:47:40,122183;9,376805E-1;1,691068E-1;2,178820E-1;9,419543E-1;;
30/11/2021  14:47:40,122283;9,382289E-1;1,155854E-1;1,120448E-1;9,419419E-1;;
30/11/2021  14:47:40,122383;9,388220E-1;1,687883E-1;1,929234E-1;9,419208E-1;;
30/11/2021  14:47:40,122483;9,381454E-1;3,211744E-2;7,760819E-2;9,418913E-1;;
30/11/2021  14:47:40,122583;9,381365E-1;8,149734E-2;9,940750E-2;9,418538E-1;;
30/11/2021  14:47:40,122683;9,380531E-1;1,528593E-1;1,742834E-1;9,418087E-1;;
30/11/2021  14:47:40,122783;9,374480E-1;5,993878E-3;8,203124E-2;9,417563E-1;;
30/11/2021  14:47:40,122883;9,372961E-1;1,210013E-1;1,249980E-1;9,416969E-1;;
30/11/2021  14:47:40,122983;9,385001E-1;1,248242E-1;1,306848E-1;9,416309E-1;;
30/11/2021  14:47:40,123083;9,384345E-1;1,305587E-1;1,249980E-1;9,415585E-1;;
30/11/2021  14:47:40,123183;9,384226E-1;1,971419E-1;1,790224E-1;9,414805E-1;;
30/11/2021  14:47:40,123283;9,380024E-1;1,095324E-1;1,123607E-1;9,413972E-1;;
30/11/2021  14:47:40,123383;9,377699E-1;1,238685E-1;1,227865E-1;9,413092E-1;;
30/11/2021  14:47:40,123483;9,376358E-1;1,280100E-1;5,201770E-2;9,412168E-1;;
30/11/2021  14:47:40,123583;9,375881E-1;7,130278E-2;9,845971E-2;9,411204E-1;;
30/11/2021  14:47:40,123683;9,383868E-1;1,292843E-1;1,306848E-1;9,410205E-1;;
30/11/2021  14:47:40,123783;9,386730E-1;1,391603E-1;1,404787E-1;9,409175E-1;;
30/11/2021  14:47:40,123883;9,389650E-1;1,557265E-1;1,259458E-1;9,408118E-1;;
30/11/2021  14:47:40,123983;9,389024E-1;1,101695E-1;9,308886E-2;9,407042E-1;;
30/11/2021  14:47:40,124083;9,383719E-1;1,254614E-1;1,373193E-1;9,405952E-1;;
30/11/2021  14:47:40,124183;9,381007E-1;1,276914E-1;1,281573E-1;9,404853E-1;;
30/11/2021  14:47:40,124283;9,384822E-1;1,232313E-1;1,253139E-1;9,403749E-1;;
30/11/2021  14:47:40,124383;9,394031E-1;1,238685E-1;1,262617E-1;9,402645E-1;;
30/11/2021  14:47:40,124483;9,396386E-1;1,034794E-1;1,224705E-1;9,401545E-1;;
30/11/2021  14:47:40,124583;9,394627E-1;1,267357E-1;1,253139E-1;9,400454E-1;;
30/11/2021  14:47:40,124683;9,399187E-1;1,353374E-1;1,284732E-1;9,399380E-1;;
30/11/2021  14:47:40,124783;9,390157E-1;1,200455E-1;1,177316E-1;9,398326E-1;;
30/11/2021  14:47:40,124883;9,391915E-1;1,286472E-1;1,205749E-1;9,397298E-1;;
30/11/2021  14:47:40,124983;9,401005E-1;1,311958E-1;1,272095E-1;9,396299E-1;;
30/11/2021  14:47:40,125083;9,402018E-1;-1,970622E-3;6,117973E-2;9,395332E-1;;
30/11/2021  14:47:40,125183;9,404403E-1;1,136739E-1;1,076217E-1;9,394402E-1;;
30/11/2021  14:47:40,125283;9,401482E-1;1,200455E-1;1,180475E-1;9,393514E-1;;
30/11/2021  14:47:40,125383;9,399515E-1;5,027650E-2;5,106991E-2;9,392671E-1;;
30/11/2021  14:47:40,125483;9,395253E-1;1,114439E-1;1,262617E-1;9,391876E-1;;
30/11/2021  14:47:40,125583;9,405148E-1;1,181340E-1;1,177316E-1;9,391130E-1;;
30/11/2021  14:47:40,125683;9,407741E-1;2,096714E-2;9,972343E-2;9,390436E-1;;
30/11/2021  14:47:40,125783;9,403211E-1;1,257800E-1;1,196272E-1;9,389795E-1;;
30/11/2021  14:47:40,125883;9,404880E-1;1,407532E-1;1,654373E-1;9,389211E-1;;
30/11/2021  14:47:40,125983;9,411943E-1;1,216384E-1;1,088855E-1;9,388683E-1;;
30/11/2021  14:47:40,126083;9,406698E-1;1,127182E-1;1,177316E-1;9,388215E-1;;
30/11/2021  14:47:40,126183;9,398651E-1;1,299215E-1;1,379512E-1;9,387805E-1;;
30/11/2021  14:47:40,126283;9,404164E-1;4,167484E-2;5,422923E-2;9,387456E-1;;
30/11/2021  14:47:40,126383;9,410453E-1;8,532030E-2;7,350108E-2;9,387165E-1;;
30/11/2021  14:47:40,126483;9,412301E-1;5,091366E-2;5,043804E-2;9,386932E-1;;
30/11/2021  14:47:40,126583;9,415191E-1;9,328480E-2;7,666040E-2;9,386758E-1;;
30/11/2021  14:47:40,126683;9,414506E-1;2,829448E-2;3,116619E-2;9,386644E-1;;
30/11/2021  14:47:40,126783;9,413135E-1;2,032998E-2;9,682815E-3;9,386589E-1;;
30/11/2021  14:47:40,126883;9,415907E-1;9,965640E-2;1,253139E-1;9,386593E-1;;
30/11/2021  14:47:40,126983;9,420675E-1;7,162136E-2;6,149566E-2;9,386657E-1;;
30/11/2021  14:47:40,127083;9,421748E-1;8,086018E-2;9,024547E-2;9,386779E-1;;
30/11/2021  14:47:40,127183;9,427232E-1;9,296622E-2;1,063580E-1;9,386961E-1;;
30/11/2021  14:47:40,127283;9,429199E-1;1,117624E-1;1,777586E-1;9,387202E-1;;
30/11/2021  14:47:40,127383;9,428036E-1;3,817046E-2;4,317161E-2;9,387504E-1;;
30/11/2021  14:47:40,127483;9,426189E-1;5,760384E-2;6,149566E-2;9,387866E-1;;
30/11/2021  14:47:40,127583;9,432149E-1;9,424054E-2;1,025668E-1;9,388288E-1;;
30/11/2021  14:47:40,127683;9,439838E-1;8,309024E-2;1,038306E-1;9,388769E-1;;
30/11/2021  14:47:40,127783;9,441925E-1;9,201048E-2;1,041465E-1;9,389310E-1;;
30/11/2021  14:47:40,127883;9,443415E-1;1,085766E-1;1,092014E-1;9,389912E-1;;
30/11/2021  14:47:40,127983;9,446395E-1;1,190898E-1;1,294210E-1;9,390576E-1;;
30/11/2021  14:47:40,128083;9,447796E-1;1,280100E-1;1,196272E-1;9,391301E-1;;
30/11/2021  14:47:40,128183;9,445084E-1;1,280100E-1;9,403666E-2;9,392089E-1;;
30/11/2021  14:47:40,128283;9,452028E-1;1,359745E-1;1,186794E-1;9,392939E-1;;
30/11/2021  14:47:40,128383;9,453220E-1;-4,848330E-2;3,053433E-2;9,393851E-1;;
30/11/2021  14:47:40,128483;9,455247E-1;1,796200E-1;1,742834E-1;9,394823E-1;;
30/11/2021  14:47:40,128583;9,460939E-1;1,550893E-1;1,613302E-1;9,395857E-1;;
30/11/2021  14:47:40,128683;9,451491E-1;1,573194E-1;1,505885E-1;9,396950E-1;;
30/11/2021  14:47:40,128783;9,459389E-1;1,423461E-1;1,420583E-1;9,398103E-1;;
30/11/2021  14:47:40,128883;9,457333E-1;1,257800E-1;1,300529E-1;9,399313E-1;;
30/11/2021  14:47:40,128983;9,458823E-1;1,238685E-1;1,243661E-1;9,400579E-1;;
30/11/2021  14:47:40,129083;9,463502E-1;1,296029E-1;1,265777E-1;9,401897E-1;;
30/11/2021  14:47:40,129183;9,463800E-1;1,334259E-1;1,401627E-1;9,403266E-1;;
30/11/2021  14:47:40,129283;9,466453E-1;1,585937E-1;1,632258E-1;9,404685E-1;;
30/11/2021  14:47:40,129383;9,463323E-1;1,283286E-1;1,253139E-1;9,406150E-1;;
30/11/2021  14:47:40,129483;9,460105E-1;1,241871E-1;1,174156E-1;9,407659E-1;;
30/11/2021  14:47:40,129583;9,462548E-1;1,216384E-1;1,155200E-1;9,409209E-1;;
30/11/2021  14:47:40,129683;9,466006E-1;1,321516E-1;1,272095E-1;9,410795E-1;;
30/11/2021  14:47:40,129783;9,471221E-1;1,044351E-1;8,045158E-2;9,412416E-1;;
30/11/2021  14:47:40,129883;9,472979E-1;1,088952E-1;1,035146E-1;9,414067E-1;;
30/11/2021  14:47:40,129983;9,470148E-1;1,353374E-1;1,531159E-1;9,415746E-1;;
30/11/2021  14:47:40,130083;9,463800E-1;1,178155E-1;1,275255E-1;9,417451E-1;;
30/11/2021  14:47:40,130183;9,462727E-1;-3,882102E-3;6,212753E-2;9,419177E-1;;
30/11/2021  14:47:40,130283;9,466870E-1;1,181340E-1;1,180475E-1;9,420921E-1;;
30/11/2021  14:47:40,130383;9,463919E-1;1,139925E-1;1,202590E-1;9,422677E-1;;
30/11/2021  14:47:40,130483;9,466155E-1;1,315144E-1;1,284732E-1;9,424441E-1;;
30/11/2021  14:47:40,130583;9,462578E-1;6,047106E-2;1,028828E-1;9,426209E-1;;
30/11/2021  14:47:40,130683;9,458048E-1;1,311958E-1;1,351078E-1;9,427976E-1;;
30/11/2021  14:47:40,130783;9,452505E-1;1,264171E-1;1,253139E-1;9,429737E-1;;
30/11/2021  14:47:40,130883;9,440911E-1;1,977790E-1;1,679647E-1;9,431485E-1;;
30/11/2021  14:47:40,130983;9,447379E-1;1,254614E-1;1,420583E-1;9,433213E-1;;
30/11/2021  14:47:40,131083;9,444577E-1;1,123996E-1;1,294210E-1;9,434913E-1;;
30/11/2021  14:47:40,131183;9,444369E-1;1,238685E-1;1,316326E-1;9,436580E-1;;
30/11/2021  14:47:40,131283;9,442700E-1;8,850610E-2;5,391329E-2;9,438206E-1;;
30/11/2021  14:47:40,131383;9,433669E-1;1,611423E-1;1,467973E-1;9,439785E-1;;
30/11/2021  14:47:40,131483;9,433848E-1;2,223097E-1;2,210413E-1;9,441311E-1;;
30/11/2021  14:47:40,131583;9,428066E-1;1,203641E-1;1,310007E-1;9,442778E-1;;
30/11/2021  14:47:40,131683;9,427321E-1;1,187712E-1;1,054102E-1;9,444179E-1;;
30/11/2021  14:47:40,131783;9,425295E-1;1,296029E-1;1,306848E-1;9,445508E-1;;
30/11/2021  14:47:40,131883;9,420347E-1;1,299215E-1;1,300529E-1;9,446759E-1;;
30/11/2021  14:47:40,131983;9,418857E-1;1,327887E-1;1,313166E-1;9,447926E-1;;
30/11/2021  14:47:40,132083;9,414923E-1;1,302401E-1;1,332122E-1;9,449005E-1;;
30/11/2021  14:47:40,132183;9,408784E-1;1,605052E-1;1,603824E-1;9,449990E-1;;
30/11/2021  14:47:40,132283;9,407472E-1;1,283286E-1;1,253139E-1;9,450876E-1;;
30/11/2021  14:47:40,132383;9,405476E-1;1,327887E-1;1,338441E-1;9,451659E-1;;
30/11/2021  14:47:40,132483;9,407651E-1;1,216384E-1;1,139404E-1;9,452335E-1;;
30/11/2021  14:47:40,132583;9,403360E-1;1,276914E-1;1,338441E-1;9,452900E-1;;
30/11/2021  14:47:40,132683;9,396296E-1;1,073023E-1;7,729226E-2;9,453353E-1;;
30/11/2021  14:47:40,132783;9,393405E-1;-3,191714E-2;3,680107E-3;9,453691E-1;;
30/11/2021  14:47:40,132883;9,387534E-1;2,170918E-3;8,677022E-2;9,453911E-1;;
30/11/2021  14:47:40,132983;9,385269E-1;1,353374E-1;1,382671E-1;9,454011E-1;;
30/11/2021  14:47:40,133083;9,382199E-1;-8,320852E-2;4,917431E-2;9,453988E-1;;
30/11/2021  14:47:40,133183;9,383332E-1;1,273729E-1;1,256299E-1;9,453841E-1;;
30/11/2021  14:47:40,133283;9,377401E-1;1,311958E-1;1,388990E-1;9,453570E-1;;
30/11/2021  14:47:40,133383;9,372156E-1;1,407532E-1;1,556434E-1;9,453173E-1;;
30/11/2021  14:47:40,133483;9,362559E-1;2,009648E-1;1,780746E-1;9,452649E-1;;
30/11/2021  14:47:40,133583;9,352098E-1;1,136739E-1;1,262617E-1;9,451999E-1;;
30/11/2021  14:47:40,133683;9,352039E-1;1,401161E-1;1,351078E-1;9,451218E-1;;
30/11/2021  14:47:40,133783;9,355317E-1;1,197269E-1;1,110970E-1;9,450307E-1;;
30/11/2021  14:47:40,133883;9,348790E-1;1,305587E-1;1,338441E-1;9,449264E-1;;
30/11/2021  14:47:40,133983;9,339492E-1;1,292843E-1;1,193112E-1;9,448089E-1;;
30/11/2021  14:47:40,134083;9,332428E-1;3,912620E-2;8,834988E-2;9,446783E-1;;
30/11/2021  14:47:40,134183;9,329120E-1;1,267357E-1;1,303688E-1;9,445344E-1;;
30/11/2021  14:47:40,134283;9,318123E-1;1,385232E-1;1,509044E-1;9,443772E-1;;
30/11/2021  14:47:40,134383;9,313295E-1;1,257800E-1;1,205749E-1;9,442066E-1;;
30/11/2021  14:47:40,134483;9,312401E-1;1,573194E-1;2,099837E-1;9,440226E-1;;
30/11/2021  14:47:40,134583;9,305427E-1;1,254614E-1;1,193112E-1;9,438250E-1;;
30/11/2021  14:47:40,134683;9,301880E-1;1,015679E-1;1,145722E-1;9,436139E-1;;
30/11/2021  14:47:40,134783;9,292612E-1;1,477620E-1;1,806020E-1;9,433894E-1;;
30/11/2021  14:47:40,134883;9,285578E-1;1,300264E-2;1,328963E-1;9,431514E-1;;
30/11/2021  14:47:40,134983;9,277859E-1;1,426647E-1;1,442698E-1;9,429001E-1;;
30/11/2021  14:47:40,135083;9,272912E-1;1,477620E-1;1,433221E-1;9,426353E-1;;
30/11/2021  14:47:40,135183;9,269425E-1;1,382046E-1;1,360556E-1;9,423570E-1;;
30/11/2021  14:47:40,135283;9,270438E-1;1,547707E-1;1,486929E-1;9,420655E-1;;
30/11/2021  14:47:40,135383;9,263762E-1;1,362931E-1;1,373193E-1;9,417608E-1;;
30/11/2021  14:47:40,135483;9,256014E-1;1,302401E-1;1,161519E-1;9,414431E-1;;
30/11/2021  14:47:40,135583;9,241470E-1;1,197269E-1;1,092014E-1;9,411128E-1;;
30/11/2021  14:47:40,135683;9,242930E-1;1,391603E-1;1,319485E-1;9,407699E-1;;
30/11/2021  14:47:40,135783;9,240307E-1;5,664810E-2;9,403666E-2;9,404147E-1;;
30/11/2021  14:47:40,135883;9,242930E-1;1,308772E-1;1,430061E-1;9,400474E-1;;
30/11/2021  14:47:40,135983;9,241529E-1;1,506292E-1;1,496407E-1;9,396683E-1;;
30/11/2021  14:47:40,136083;9,234466E-1;9,455912E-2;7,824006E-2;9,392781E-1;;
30/11/2021  14:47:40,136183;9,222575E-1;1,433019E-1;1,717559E-1;9,388772E-1;;
30/11/2021  14:47:40,136283;9,213932E-1;1,423461E-1;1,414265E-1;9,384661E-1;;
30/11/2021  14:47:40,136383;9,221740E-1;1,778134E-2;2,137230E-2;9,380452E-1;;
30/11/2021  14:47:40,136483;9,220399E-1;8,965980E-4;3,364175E-3;9,376150E-1;;
30/11/2021  14:47:40,136583;9,217061E-1;2,808078E-3;5,575699E-3;9,371760E-1;;
30/11/2021  14:47:40,136683;9,220041E-1;1,852338E-3;3,996039E-3;9,367289E-1;;
30/11/2021  14:47:40,136783;9,216763E-1;5,780180E-4;3,048243E-3;9,362745E-1;;
30/11/2021  14:47:40,136883;9,210981E-1;1,215178E-3;3,680107E-3;9,358136E-1;;
30/11/2021  14:47:40,136983;9,206660E-1;1,215178E-3;3,364175E-3;9,353469E-1;;
30/11/2021  14:47:40,137083;9,210236E-1;2,489498E-3;4,627903E-3;9,348752E-1;;
30/11/2021  14:47:40,137183;9,220518E-1;2,808078E-3;5,575699E-3;9,343992E-1;;
30/11/2021  14:47:40,137283;9,219475E-1;2,594380E-4;3,680107E-3;9,339201E-1;;
30/11/2021  14:47:40,137383;9,222902E-1;3,445238E-3;4,627903E-3;9,334388E-1;;
30/11/2021  14:47:40,137483;9,222038E-1;2,808078E-3;4,943835E-3;9,329564E-1;;
30/11/2021  14:47:40,137583;9,224363E-1;7,268198E-3;9,682815E-3;9,324742E-1;;
30/11/2021  14:47:40,137683;9,228237E-1;1,215178E-3;3,680107E-3;9,319932E-1;;
30/11/2021  14:47:40,137783;9,233840E-1;5,038138E-3;7,155359E-3;9,315146E-1;;
30/11/2021  14:47:40,137883;9,237416E-1;1,215178E-3;3,680107E-3;9,310398E-1;;
30/11/2021  14:47:40,137983;9,245493E-1;4,400978E-3;5,891631E-3;9,305700E-1;;
30/11/2021  14:47:40,138083;9,248801E-1;3,763818E-3;5,891631E-3;9,301065E-1;;
30/11/2021  14:47:40,138183;9,253182E-1;6,949618E-3;8,735019E-3;9,296507E-1;;
30/11/2021  14:47:40,138283;9,260871E-1;3,763818E-3;5,891631E-3;9,292040E-1;;
30/11/2021  14:47:40,138383;9,265044E-1;6,631038E-3;9,050951E-3;9,287677E-1;;
30/11/2021  14:47:40,138483;9,276727E-1;6,312458E-3;7,155359E-3;9,283433E-1;;
30/11/2021  14:47:40,138583;9,288588E-1;5,038138E-3;6,207563E-3;9,279321E-1;;
30/11/2021  14:47:40,138683;9,291151E-1;1,533758E-3;3,364175E-3;9,275357E-1;;
30/11/2021  14:47:40,138783;9,291569E-1;8,965980E-4;3,680107E-3;9,271555E-1;;
30/11/2021  14:47:40,138883;9,298751E-1;2,489498E-3;4,311971E-3;9,267929E-1;;
30/11/2021  14:47:40,138983;9,299913E-1;1,533758E-3;3,996039E-3;9,264490E-1;;
30/11/2021  14:47:40,139083;9,309957E-1;1,215178E-3;3,680107E-3;9,261250E-1;;
30/11/2021  14:47:40,139183;9,318034E-1;1,215178E-3;3,680107E-3;9,258219E-1;;
30/11/2021  14:47:40,139283;9,319703E-1;1,215178E-3;3,048243E-3;9,255408E-1;;
30/11/2021  14:47:40,139383;9,323041E-1;5,780180E-4;3,680107E-3;9,252825E-1;;
30/11/2021  14:47:40,139483;9,329150E-1;8,965980E-4;3,364175E-3;9,250479E-1;;
30/11/2021  14:47:40,139583;9,328703E-1;1,215178E-3;3,364175E-3;9,248377E-1;;
30/11/2021  14:47:40,139683;9,334992E-1;8,965980E-4;2,732311E-3;9,246524E-1;;
30/11/2021  14:47:40,139783;9,346704E-1;2,594380E-4;3,048243E-3;9,244923E-1;;
30/11/2021  14:47:40,139883;9,347837E-1;1,215178E-3;3,996039E-3;9,243580E-1;;
30/11/2021  14:47:40,139983;9,352426E-1;7,905358E-3;9,998747E-3;9,242498E-1;;
30/11/2021  14:47:40,140083;9,355138E-1;9,816838E-3;1,284213E-2;9,241679E-1;;
30/11/2021  14:47:40,140183;9,354185E-1;1,618844E-2;1,758111E-2;9,241123E-1;;
30/11/2021  14:47:40,140283;9,358774E-1;1,204690E-2;1,536959E-2;9,240830E-1;;
30/11/2021  14:47:40,140383;9,367089E-1;6,631038E-3;8,103155E-3;9,240799E-1;;
30/11/2021  14:47:40,140483;9,376597E-1;5,038138E-3;9,050951E-3;9,241028E-1;;
30/11/2021  14:47:40,140583;9,381931E-1;1,586986E-2;2,105637E-2;9,241514E-1;;
30/11/2021  14:47:40,140683;9,384614E-1;1,268406E-2;1,126247E-2;9,242255E-1;;
30/11/2021  14:47:40,140783;9,388786E-1;4,995792E-2;7,760819E-2;9,243250E-1;;
30/11/2021  14:47:40,140883;9,396982E-1;7,640006E-2;9,024547E-2;9,244493E-1;;
30/11/2021  14:47:40,140983;9,395700E-1;1,650702E-2;1,947671E-2;9,245982E-1;;
30/11/2021  14:47:40,141083;9,407204E-1;1,523270E-2;1,852891E-2;9,247711E-1;;
30/11/2021  14:47:40,141183;9,410125E-1;1,047537E-1;9,119327E-2;9,249676E-1;;
30/11/2021  14:47:40,141283;9,418887E-1;1,378860E-1;1,499566E-1;9,251871E-1;;
30/11/2021  14:47:40,141383;9,421420E-1;2,044692E-1;1,979783E-1;9,254291E-1;;
30/11/2021  14:47:40,141483;9,429735E-1;1,257800E-1;1,249980E-1;9,256931E-1;;
30/11/2021  14:47:40,141583;9,426308E-1;1,225942E-1;1,177316E-1;9,259783E-1;;
30/11/2021  14:47:40,141683;9,434861E-1;7,703722E-2;7,981972E-2;9,262843E-1;;
30/11/2021  14:47:40,141783;9,444279E-1;1,238685E-1;1,193112E-1;9,266101E-1;;
30/11/2021  14:47:40,141883;9,448988E-1;7,417000E-2;1,082536E-1;9,269552E-1;;
30/11/2021  14:47:40,141983;9,451909E-1;1,143111E-1;1,117289E-1;9,273189E-1;;
30/11/2021  14:47:40,142083;9,454114E-1;1,474434E-1;1,695444E-1;9,277003E-1;;
30/11/2021  14:47:40,142183;9,464456E-1;1,353374E-1;1,480610E-1;9,280988E-1;;
30/11/2021  14:47:40,142283;9,460492E-1;1,308772E-1;1,319485E-1;9,285137E-1;;
30/11/2021  14:47:40,142383;9,469999E-1;1,194084E-1;1,202590E-1;9,289439E-1;;
30/11/2021  14:47:40,142483;9,474023E-1;1,171783E-1;1,221546E-1;9,293888E-1;;
30/11/2021  14:47:40,142583;9,482814E-1;1,292843E-1;1,155200E-1;9,298474E-1;;
30/11/2021  14:47:40,142683;9,487672E-1;1,025236E-1;1,019350E-1;9,303191E-1;;
30/11/2021  14:47:40,142783;9,491129E-1;1,464877E-1;1,594346E-1;9,308030E-1;;
30/11/2021  14:47:40,142883;9,495391E-1;1,203641E-1;1,218387E-1;9,312985E-1;;
30/11/2021  14:47:40,142983;9,491725E-1;1,694254E-1;1,654373E-1;9,318046E-1;;
30/11/2021  14:47:40,143083;9,501590E-1;8,946184E-2;1,123607E-1;9,323206E-1;;
30/11/2021  14:47:40,143183;9,507760E-1;1,359745E-1;1,025668E-1;9,328456E-1;;
30/11/2021  14:47:40,143283;9,515478E-1;7,926728E-2;7,413294E-2;9,333788E-1;;
30/11/2021  14:47:40,143383;9,513154E-1;5,409946E-2;6,528685E-2;9,339194E-1;;
30/11/2021  14:47:40,143483;9,516998E-1;1,235499E-1;1,461654E-1;9,344668E-1;;
30/11/2021  14:47:40,143583;9,510978E-1;-7,386482E-3;4,633093E-2;9,350200E-1;;
30/11/2021  14:47:40,143683;9,521379E-1;1,296029E-1;1,291051E-1;9,355783E-1;;
30/11/2021  14:47:40,143783;9,529039E-1;6,142680E-2;7,634447E-2;9,361406E-1;;
30/11/2021  14:47:40,143883;9,533867E-1;1,219570E-1;1,259458E-1;9,367062E-1;;
30/11/2021  14:47:40,143983;9,540364E-1;1,190898E-1;1,294210E-1;9,372744E-1;;
30/11/2021  14:47:40,144083;9,534165E-1;1,359745E-1;1,423743E-1;9,378446E-1;;
30/11/2021  14:47:40,144183;9,539321E-1;1,375674E-1;1,319485E-1;9,384161E-1;;
30/11/2021  14:47:40,144283;9,537533E-1;1,111253E-1;1,199431E-1;9,389881E-1;;
30/11/2021  14:47:40,144383;9,538159E-1;1,292843E-1;1,284732E-1;9,395598E-1;;
30/11/2021  14:47:40,144483;9,541914E-1;1,302401E-1;1,297370E-1;9,401304E-1;;
30/11/2021  14:47:40,144583;9,544447E-1;1,111253E-1;1,013031E-1;9,406991E-1;;
30/11/2021  14:47:40,144683;9,548292E-1;1,194084E-1;1,136244E-1;9,412652E-1;;
30/11/2021  14:47:40,144783;9,543404E-1;1,178155E-1;1,231024E-1;9,418279E-1;;
30/11/2021  14:47:40,144883;9,541139E-1;6,078964E-2;1,054102E-1;9,423865E-1;;
30/11/2021  14:47:40,144983;9,542957E-1;1,652839E-1;1,414265E-1;9,429402E-1;;
30/11/2021  14:47:40,145083;9,542867E-1;1,057094E-1;1,088855E-1;9,434881E-1;;
30/11/2021  14:47:40,145183;9,538755E-1;8,117876E-2;1,313166E-1;9,440294E-1;;
30/11/2021  14:47:40,145283;9,548232E-1;1,260985E-1;1,183634E-1;9,445633E-1;;
30/11/2021  14:47:40,145383;9,548411E-1;1,327887E-1;1,486929E-1;9,450892E-1;;
30/11/2021  14:47:40,145483;9,540275E-1;1,213198E-1;1,243661E-1;9,456062E-1;;
30/11/2021  14:47:40,145583;9,540662E-1;8,022302E-2;9,150920E-2;9,461138E-1;;
30/11/2021  14:47:40,145683;9,533748E-1;1,219570E-1;1,300529E-1;9,466112E-1;;
30/11/2021  14:47:40,145783;9,533301E-1;5,632952E-2;9,466852E-2;9,470976E-1;;
30/11/2021  14:47:40,145883;9,536162E-1;1,082581E-1;1,041465E-1;9,475723E-1;;
30/11/2021  14:47:40,145983;9,539172E-1;1,181340E-1;1,196272E-1;9,480345E-1;;
30/11/2021  14:47:40,146083;9,534910E-1;1,139925E-1;1,035146E-1;9,484837E-1;;
30/11/2021  14:47:40,146183;9,530142E-1;1,098510E-1;8,297904E-2;9,489194E-1;;
30/11/2021  14:47:40,146283;9,529277E-1;4,040052E-2;6,781430E-2;9,493409E-1;;
30/11/2021  14:47:40,146383;9,530082E-1;1,404346E-1;1,373193E-1;9,497478E-1;;
30/11/2021  14:47:40,146483;9,527906E-1;1,241871E-1;1,117289E-1;9,501394E-1;;
30/11/2021  14:47:40,146583;9,530916E-1;-8,342222E-3;-1,369615E-2;9,505155E-1;;
30/11/2021  14:47:40,146683;9,528860E-1;1,031608E-1;1,120448E-1;9,508757E-1;;
30/11/2021  14:47:40,146783;9,527280E-1;2,988738E-2;6,023194E-2;9,512197E-1;;
30/11/2021  14:47:40,146883;9,520962E-1;1,101695E-1;1,256299E-1;9,515472E-1;;
30/11/2021  14:47:40,146983;9,515180E-1;9,105474E-2;1,047783E-1;9,518580E-1;;
30/11/2021  14:47:40,147083;9,510382E-1;7,512574E-2;8,045158E-2;9,521519E-1;;
30/11/2021  14:47:40,147183;9,510561E-1;8,340882E-2;9,087734E-2;9,524284E-1;;
30/11/2021  14:47:40,147283;9,508207E-1;7,608148E-2;7,602853E-2;9,526872E-1;;
30/11/2021  14:47:40,147383;9,503587E-1;9,774492E-2;1,035146E-1;9,529283E-1;;
30/11/2021  14:47:40,147483;9,500696E-1;9,360338E-2;1,006712E-1;9,531513E-1;;
30/11/2021  14:47:40,147583;9,491636E-1;9,201048E-2;8,992954E-2;9,533560E-1;;
30/11/2021  14:47:40,147683;9,489252E-1;7,640006E-2;1,041465E-1;9,535423E-1;;
30/11/2021  14:47:40,147783;9,491875E-1;4,231200E-2;3,874856E-2;9,537099E-1;;
30/11/2021  14:47:40,147883;9,486272E-1;9,806350E-2;1,028828E-1;9,538588E-1;;
30/11/2021  14:47:40,147983;9,483172E-1;2,224146E-2;2,705907E-2;9,539889E-1;;
30/11/2021  14:47:40,148083;9,476228E-1;8,595746E-2;1,028828E-1;9,541001E-1;;
30/11/2021  14:47:40,148183;9,470327E-1;5,664810E-2;5,675668E-2;9,541925E-1;;
30/11/2021  14:47:40,148283;9,456528E-1;1,136739E-1;1,221546E-1;9,542660E-1;;
30/11/2021  14:47:40,148383;9,451938E-1;1,292843E-1;1,316326E-1;9,543204E-1;;
30/11/2021  14:47:40,148483;9,449018E-1;1,366117E-1;1,347919E-1;9,543555E-1;;
30/11/2021  14:47:40,148583;9,443206E-1;1,382046E-1;1,294210E-1;9,543713E-1;;
30/11/2021  14:47:40,148683;9,436560E-1;1,592309E-1;1,436380E-1;9,543675E-1;;
30/11/2021  14:47:40,148783;9,429258E-1;1,659210E-1;1,366875E-1;9,543441E-1;;
30/11/2021  14:47:40,148883;9,421480E-1;1,681511E-1;1,477451E-1;9,543010E-1;;
30/11/2021  14:47:40,148983;9,409439E-1;1,630538E-1;1,455336E-1;9,542381E-1;;
30/11/2021  14:47:40,149083;9,410572E-1;1,458505E-1;1,398468E-1;9,541552E-1;;
30/11/2021  14:47:40,149183;9,400588E-1;1,334259E-1;1,370034E-1;9,540523E-1;;
30/11/2021  14:47:40,149283;9,400320E-1;1,073023E-1;1,202590E-1;9,539293E-1;;
30/11/2021  14:47:40,149383;9,399634E-1;1,197269E-1;1,088855E-1;9,537863E-1;;
30/11/2021  14:47:40,149483;9,393584E-1;1,273729E-1;1,218387E-1;9,536234E-1;;
30/11/2021  14:47:40,149583;9,386670E-1;8,340882E-2;9,814378E-2;9,534409E-1;;
30/11/2021  14:47:40,149683;9,378116E-1;4,772786E-2;8,139938E-2;9,532391E-1;;
30/11/2021  14:47:40,149783;9,374987E-1;1,225942E-1;1,265777E-1;9,530183E-1;;
30/11/2021  14:47:40,149883;9,379785E-1;6,238254E-2;1,234183E-1;9,527788E-1;;
30/11/2021  14:47:40,149983;9,376030E-1;1,267357E-1;1,294210E-1;9,525210E-1;;
30/11/2021  14:47:40,150083;9,367507E-1;1,554079E-1;1,641736E-1;9,522454E-1;;
30/11/2021  14:47:40,150183;9,366613E-1;1,264171E-1;1,360556E-1;9,519528E-1;;
30/11/2021  14:47:40,150283;9,358953E-1;1,331073E-1;1,300529E-1;9,516437E-1;;
30/11/2021  14:47:40,150383;9,353142E-1;1,474434E-1;1,616461E-1;9,513186E-1;;
30/11/2021  14:47:40,150483;9,347866E-1;1,187712E-1;1,227865E-1;9,509783E-1;;
30/11/2021  14:47:40,150583;9,352069E-1;7,162136E-2;7,981972E-2;9,506233E-1;;
30/11/2021  14:47:40,150683;9,339849E-1;1,222756E-1;1,063580E-1;9,502543E-1;;
30/11/2021  14:47:40,150783;9,338061E-1;1,044351E-1;8,329497E-2;9,498719E-1;;
30/11/2021  14:47:40,150883;9,333114E-1;1,270543E-1;1,158360E-1;9,494768E-1;;
30/11/2021  14:47:40,150983;9,323756E-1;1,382046E-1;1,502726E-1;9,490697E-1;;
30/11/2021  14:47:40,151083;9,328733E-1;1,385232E-1;1,625939E-1;9,486512E-1;;
30/11/2021  14:47:40,151183;9,322415E-1;1,260985E-1;1,341600E-1;9,482220E-1;;
30/11/2021  14:47:40,151283;9,325157E-1;1,120810E-1;1,512204E-1;9,477828E-1;;
30/11/2021  14:47:40,151383;9,319971E-1;1,534964E-1;1,594346E-1;9,473345E-1;;
30/11/2021  14:47:40,151483;9,320239E-1;3,526089E-1;3,606833E-1;9,468778E-1;;
30/11/2021  14:47:40,151583;9,316633E-1;1,321516E-1;1,351078E-1;9,464136E-1;;
30/11/2021  14:47:40,151683;9,312609E-1;1,331073E-1;1,306848E-1;9,459427E-1;;
30/11/2021  14:47:40,151783;9,311775E-1;1,108067E-1;1,221546E-1;9,454662E-1;;
30/11/2021  14:47:40,151883;9,313712E-1;1,321516E-1;1,360556E-1;9,449847E-1;;
30/11/2021  14:47:40,151983;9,316335E-1;1,245056E-1;1,249980E-1;9,444992E-1;;
30/11/2021  14:47:40,152083;9,318093E-1;1,289658E-1;1,281573E-1;9,440107E-1;;
30/11/2021  14:47:40,152183;9,315292E-1;1,311958E-1;1,303688E-1;9,435202E-1;;
30/11/2021  14:47:40,152283;9,310166E-1;1,302401E-1;1,186794E-1;9,430288E-1;;
30/11/2021  14:47:40,152383;9,307603E-1;1,327887E-1;1,373193E-1;9,425374E-1;;
30/11/2021  14:47:40,152483;9,306649E-1;7,831154E-2;1,170997E-1;9,420469E-1;;
30/11/2021  14:47:40,152583;9,316424E-1;1,047537E-1;1,303688E-1;9,415581E-1;;
30/11/2021  14:47:40,152683;9,312162E-1;1,503106E-1;1,787064E-1;9,410721E-1;;
30/11/2021  14:47:40,152783;9,306261E-1;1,225942E-1;1,224705E-1;9,405897E-1;;
30/11/2021  14:47:40,152883;9,308467E-1;1,245056E-1;1,297370E-1;9,401118E-1;;
30/11/2021  14:47:40,152983;9,303281E-1;1,257800E-1;1,325804E-1;9,396391E-1;;
30/11/2021  14:47:40,153083;9,303728E-1;1,292843E-1;1,363715E-1;9,391724E-1;;
30/11/2021  14:47:40,153183;9,307573E-1;1,385232E-1;1,388990E-1;9,387124E-1;;
30/11/2021  14:47:40,153283;9,310672E-1;1,321516E-1;1,218387E-1;9,382597E-1;;
30/11/2021  14:47:40,153383;9,312013E-1;1,248242E-1;1,430061E-1;9,378151E-1;;
30/11/2021  14:47:40,153483;9,307811E-1;1,859916E-1;1,708081E-1;9,373793E-1;;
30/11/2021  14:47:40,153583;9,303192E-1;1,308772E-1;1,284732E-1;9,369528E-1;;
30/11/2021  14:47:40,153683;9,301880E-1;1,286472E-1;1,155200E-1;9,365363E-1;;
30/11/2021  14:47:40,153783;9,304265E-1;1,149482E-1;1,047783E-1;9,361301E-1;;
30/11/2021  14:47:40,153883;9,299407E-1;1,302401E-1;1,208909E-1;9,357347E-1;;
30/11/2021  14:47:40,153983;9,305695E-1;1,496735E-1;1,670170E-1;9,353503E-1;;
30/11/2021  14:47:40,154083;9,308914E-1;6,461260E-2;1,193112E-1;9,349773E-1;;
30/11/2021  14:47:40,154183;9,307662E-1;1,305587E-1;1,518522E-1;9,346161E-1;;
30/11/2021  14:47:40,154283;9,303609E-1;1,340630E-1;1,420583E-1;9,342670E-1;;
30/11/2021  14:47:40,154383;9,304026E-1;1,385232E-1;1,720719E-1;9,339303E-1;;
30/11/2021  14:47:40,154483;9,307066E-1;1,280100E-1;1,215227E-1;9,336061E-1;;
30/11/2021  14:47:40,154583;9,312878E-1;1,308772E-1;1,306848E-1;9,332947E-1;;
30/11/2021  14:47:40,154683;9,314547E-1;1,305587E-1;1,155200E-1;9,329963E-1;;
30/11/2021  14:47:40,154783;9,319166E-1;9,424054E-2;1,088855E-1;9,327111E-1;;
30/11/2021  14:47:40,154883;9,319345E-1;1,324701E-1;1,385831E-1;9,324395E-1;;
30/11/2021  14:47:40,154983;9,316067E-1;1,302401E-1;1,338441E-1;9,321815E-1;;
30/11/2021  14:47:40,155083;9,316961E-1;1,356559E-1;1,294210E-1;9,319376E-1;;
30/11/2021  14:47:40,155183;9,321163E-1;1,786642E-1;1,351078E-1;9,317076E-1;;
30/11/2021  14:47:40,155283;9,320001E-1;1,385232E-1;1,401627E-1;9,314917E-1;;
30/11/2021  14:47:40,155383;9,323786E-1;3,562182E-2;7,760819E-2;9,312900E-1;;
30/11/2021  14:47:40,155483;9,323994E-1;1,069837E-1;1,054102E-1;9,311024E-1;;
30/11/2021  14:47:40,155583;9,330193E-1;1,296029E-1;1,338441E-1;9,309289E-1;;
30/11/2021  14:47:40,155683;9,323786E-1;1,745227E-1;1,856569E-1;9,307696E-1;;
30/11/2021  14:47:40,155783;9,323219E-1;1,308772E-1;1,388990E-1;9,306244E-1;;
30/11/2021  14:47:40,155883;9,337465E-1;1,334259E-1;1,338441E-1;9,304931E-1;;
30/11/2021  14:47:40,155983;9,341578E-1;1,318330E-1;1,322644E-1;9,303756E-1;;
30/11/2021  14:47:40,156083;9,345810E-1;1,327887E-1;1,382671E-1;9,302720E-1;;
30/11/2021  14:47:40,156183;9,349863E-1;1,506292E-1;1,546956E-1;9,301824E-1;;
30/11/2021  14:47:40,156283;9,354930E-1;1,503106E-1;1,477451E-1;9,301068E-1;;
30/11/2021  14:47:40,156383;9,354572E-1;1,873708E-2;2,137230E-2;9,300453E-1;;
30/11/2021  14:47:40,156483;9,364139E-1;8,965980E-4;3,680107E-3;9,299979E-1;;
30/11/2021  14:47:40,156583;9,374004E-1;1,533758E-3;4,627903E-3;9,299649E-1;;
30/11/2021  14:47:40,156683;9,378236E-1;1,533758E-3;3,996039E-3;9,299462E-1;;
30/11/2021  14:47:40,156783;9,385269E-1;1,852338E-3;3,680107E-3;9,299422E-1;;
30/11/2021  14:47:40,156883;9,390872E-1;1,215178E-3;3,680107E-3;9,299530E-1;;
30/11/2021  14:47:40,156983;9,388548E-1;3,763818E-3;4,943835E-3;9,299789E-1;;
30/11/2021  14:47:40,157083;9,393554E-1;6,631038E-3;8,735019E-3;9,300200E-1;;
30/11/2021  14:47:40,157183;9,398114E-1;2,808078E-3;4,627903E-3;9,300763E-1;;
30/11/2021  14:47:40,157283;9,402406E-1;5,038138E-3;7,471291E-3;9,301479E-1;;
30/11/2021  14:47:40,157383;9,411883E-1;1,215178E-3;3,680107E-3;9,302347E-1;;
30/11/2021  14:47:40,157483;9,412748E-1;2,170918E-3;4,311971E-3;9,303367E-1;;
30/11/2021  14:47:40,157583;9,414208E-1;5,038138E-3;6,839427E-3;9,304539E-1;;
30/11/2021  14:47:40,157683;9,411526E-1;3,763818E-3;5,575699E-3;9,305862E-1;;
30/11/2021  14:47:40,157783;9,412330E-1;8,965980E-4;3,364175E-3;9,307333E-1;;
30/11/2021  14:47:40,157883;9,412539E-1;5,993878E-3;7,471291E-3;9,308949E-1;;
30/11/2021  14:47:40,157983;9,418201E-1;5,780180E-4;3,364175E-3;9,310705E-1;;
30/11/2021  14:47:40,158083;9,416026E-1;8,965980E-4;3,048243E-3;9,312596E-1;;
30/11/2021  14:47:40,158183;9,416562E-1;5,780180E-4;3,048243E-3;9,314616E-1;;
30/11/2021  14:47:40,158283;9,414387E-1;1,852338E-3;4,311971E-3;9,316759E-1;;
30/11/2021  14:47:40,158383;9,410155E-1;3,763818E-3;5,891631E-3;9,319017E-1;;
30/11/2021  14:47:40,158483;9,418321E-1;6,949618E-3;7,787223E-3;9,321384E-1;;
30/11/2021  14:47:40,158583;9,417993E-1;2,489498E-3;5,259767E-3;9,323850E-1;;
30/11/2021  14:47:40,158683;9,413969E-1;1,852338E-3;3,996039E-3;9,326407E-1;;
30/11/2021  14:47:40,158783;9,414685E-1;5,038138E-3;6,839427E-3;9,329047E-1;;
30/11/2021  14:47:40,158883;9,407621E-1;4,082398E-3;6,523495E-3;9,331760E-1;;
30/11/2021  14:47:40,158983;9,404790E-1;7,268198E-3;9,366883E-3;9,334537E-1;;
30/11/2021  14:47:40,159083;9,402316E-1;1,533758E-3;3,048243E-3;9,337366E-1;;
30/11/2021  14:47:40,159183;9,404641E-1;1,852338E-3;4,311971E-3;9,340236E-1;;
30/11/2021  14:47:40,159283;9,403360E-1;8,965980E-4;3,048243E-3;9,343137E-1;;
30/11/2021  14:47:40,159383;9,399634E-1;1,215178E-3;3,048243E-3;9,346057E-1;;
30/11/2021  14:47:40,159483;9,396207E-1;5,780180E-4;3,364175E-3;9,348986E-1;;
30/11/2021  14:47:40,159583;9,396088E-1;1,533758E-3;3,364175E-3;9,351912E-1;;
30/11/2021  14:47:40,159683;9,388100E-1;8,965980E-4;3,364175E-3;9,354826E-1;;
30/11/2021  14:47:40,159783;9,384703E-1;1,533758E-3;3,680107E-3;9,357715E-1;;
30/11/2021  14:47:40,159883;9,387981E-1;4,400978E-3;9,050951E-3;9,360568E-1;;
30/11/2021  14:47:40,159983;9,389680E-1;8,223938E-3;1,315807E-2;9,363376E-1;;
30/11/2021  14:47:40,160083;9,387236E-1;5,993878E-3;1,031468E-2;9,366128E-1;;
30/11/2021  14:47:40,160183;9,385031E-1;9,816838E-3;1,189434E-2;9,368816E-1;;
30/11/2021  14:47:40,160283;9,383809E-1;6,949618E-3;1,094654E-2;9,371433E-1;;
30/11/2021  14:47:40,160383;9,380918E-1;1,459554E-2;1,631739E-2;9,373970E-1;;
30/11/2021  14:47:40,160483;9,378027E-1;1,459554E-2;1,821298E-2;9,376421E-1;;
30/11/2021  14:47:40,160583;9,384763E-1;1,523270E-2;1,821298E-2;9,378778E-1;;
30/11/2021  14:47:40,160683;9,390693E-1;6,652408E-2;6,623464E-2;9,381037E-1;;
30/11/2021  14:47:40,160783;9,386044E-1;1,586986E-2;1,916077E-2;9,383193E-1;;
30/11/2021  14:47:40,160883;9,385210E-1;1,101695E-1;1,164678E-1;9,385245E-1;;
30/11/2021  14:47:40,160983;9,386908E-1;1,203641E-1;1,231024E-1;9,387189E-1;;
30/11/2021  14:47:40,161083;9,385716E-1;1,063466E-1;1,129926E-1;9,389024E-1;;
30/11/2021  14:47:40,161183;9,394061E-1;8,861098E-3;1,063061E-2;9,390749E-1;;
30/11/2021  14:47:40,161283;9,399962E-1;3,657756E-2;4,411940E-2;9,392365E-1;;
30/11/2021  14:47:40,161383;9,400975E-1;1,841850E-2;2,326789E-2;9,393873E-1;;
30/11/2021  14:47:40,161483;9,409231E-1;9,965640E-2;1,050943E-1;9,395276E-1;;
30/11/2021  14:47:40,161583;9,402942E-1;1,503106E-1;1,559593E-1;9,396580E-1;;
30/11/2021  14:47:40,161683;9,402793E-1;1,155854E-1;1,189953E-1;9,397787E-1;;
30/11/2021  14:47:40,161783;9,407383E-1;1,082581E-1;1,016190E-1;9,398903E-1;;
30/11/2021  14:47:40,161883;9,408992E-1;1,254614E-1;1,237343E-1;9,399931E-1;;
30/11/2021  14:47:40,161983;9,414208E-1;1,120810E-1;1,189953E-1;9,400876E-1;;
30/11/2021  14:47:40,162083;9,415817E-1;1,280100E-1;1,240502E-1;9,401744E-1;;
30/11/2021  14:47:40,162183;9,415340E-1;1,534964E-1;1,616461E-1;9,402540E-1;;
30/11/2021  14:47:40,162283;9,415549E-1;1,178155E-1;1,215227E-1;9,403270E-1;;
30/11/2021  14:47:40,162383;9,413463E-1;1,241871E-1;1,227865E-1;9,403939E-1;;
30/11/2021  14:47:40,162483;9,414536E-1;1,665582E-1;1,625939E-1;9,404552E-1;;
30/11/2021  14:47:40,162583;9,414685E-1;1,362931E-1;1,332122E-1;9,405114E-1;;
30/11/2021  14:47:40,162683;9,415907E-1;1,174969E-1;1,057261E-1;9,405628E-1;;
30/11/2021  14:47:40,162783;9,413850E-1;1,315144E-1;1,319485E-1;9,406098E-1;;
30/11/2021  14:47:40,162883;9,417456E-1;1,283286E-1;1,101492E-1;9,406529E-1;;
30/11/2021  14:47:40,162983;9,411734E-1;1,232313E-1;1,038306E-1;9,406924E-1;;
30/11/2021  14:47:40,163083;9,409797E-1;1,152668E-1;1,401627E-1;9,407286E-1;;
30/11/2021  14:47:40,163183;9,407025E-1;1,260985E-1;1,291051E-1;9,407617E-1;;
30/11/2021  14:47:40,163283;9,411913E-1;1,372488E-1;1,281573E-1;9,407919E-1;;
30/11/2021  14:47:40,163383;9,412867E-1;1,159040E-1;1,234183E-1;9,408194E-1;;
30/11/2021  14:47:40,163483;9,412748E-1;6,078964E-2;3,085026E-2;9,408442E-1;;
30/11/2021  14:47:40,163583;9,411943E-1;1,926818E-1;2,267281E-1;9,408668E-1;;
30/11/2021  14:47:40,163683;9,408575E-1;1,327887E-1;1,303688E-1;9,408872E-1;;
30/11/2021  14:47:40,163783;9,410125E-1;1,241871E-1;1,227865E-1;9,409056E-1;;
30/11/2021  14:47:40,163883;9,408933E-1;1,251428E-1;1,249980E-1;9,409221E-1;;
30/11/2021  14:47:40,163983;9,411824E-1;1,315144E-1;1,281573E-1;9,409369E-1;;
30/11/2021  14:47:40,164083;9,411019E-1;1,216384E-1;1,278414E-1;9,409500E-1;;
30/11/2021  14:47:40,164183;9,411198E-1;1,219570E-1;1,212068E-1;9,409616E-1;;
30/11/2021  14:47:40,164283;9,404105E-1;1,248242E-1;1,265777E-1;9,409718E-1;;
30/11/2021  14:47:40,164383;9,404552E-1;8,627604E-2;7,855599E-2;9,409807E-1;;
30/11/2021  14:47:40,164483;9,399038E-1;1,433019E-1;1,603824E-1;9,409881E-1;;
30/11/2021  14:47:40,164583;9,402644E-1;1,168597E-1;1,227865E-1;9,409941E-1;;
30/11/2021  14:47:40,164683;9,402466E-1;9,392196E-2;1,234183E-1;9,409986E-1;;
30/11/2021  14:47:40,164783;9,403062E-1;1,181340E-1;1,186794E-1;9,410015E-1;;
30/11/2021  14:47:40,164883;9,401929E-1;1,267357E-1;1,477451E-1;9,410029E-1;;
30/11/2021  14:47:40,164983;9,400797E-1;1,181340E-1;1,158360E-1;9,410026E-1;;
30/11/2021  14:47:40,165083;9,404880E-1;1,206827E-1;1,183634E-1;9,410009E-1;;
30/11/2021  14:47:40,165183;9,401601E-1;1,073023E-1;1,161519E-1;9,409975E-1;;
30/11/2021  14:47:40,165283;9,407294E-1;1,276914E-1;1,319485E-1;9,409927E-1;;
30/11/2021  14:47:40,165383;9,416145E-1;1,162226E-1;1,114129E-1;9,409865E-1;;
30/11/2021  14:47:40,165483;9,408426E-1;1,302401E-1;1,398468E-1;9,409791E-1;;
30/11/2021  14:47:40,165583;9,413016E-1;2,133895E-1;1,812339E-1;9,409708E-1;;
30/11/2021  14:47:40,165683;9,413463E-1;1,257800E-1;1,202590E-1;9,409618E-1;;
30/11/2021  14:47:40,165783;9,410870E-1;1,200455E-1;1,265777E-1;9,409523E-1;;
30/11/2021  14:47:40,165883;9,408873E-1;1,401161E-1;1,477451E-1;9,409425E-1;;
30/11/2021  14:47:40,165983;9,417903E-1;1,276914E-1;1,095173E-1;9,409326E-1;;
30/11/2021  14:47:40,166083;9,424788E-1;1,037979E-1;1,092014E-1;9,409227E-1;;
30/11/2021  14:47:40,166183;9,427142E-1;-7,078390E-2;2,137230E-2;9,409131E-1;;
30/11/2021  14:47:40,166283;9,423834E-1;1,410718E-1;1,306848E-1;9,409044E-1;;
30/11/2021  14:47:40,166383;9,428662E-1;7,576290E-2;7,729226E-2;9,408967E-1;;
30/11/2021  14:47:40,166483;9,426725E-1;9,169190E-2;9,087734E-2;9,408906E-1;;
30/11/2021  14:47:40,166583;9,431404E-1;1,111253E-1;1,066739E-1;9,408862E-1;;
30/11/2021  14:47:40,166683;9,435904E-1;1,213198E-1;1,186794E-1;9,408839E-1;;
30/11/2021  14:47:40,166783;9,438855E-1;7,321426E-2;6,528685E-2;9,408840E-1;;
30/11/2021  14:47:40,166883;9,443474E-1;1,219570E-1;1,158360E-1;9,408869E-1;;
30/11/2021  14:47:40,166983;9,450180E-1;1,002936E-1;1,006712E-1;9,408931E-1;;
30/11/2021  14:47:40,167083;9,446455E-1;1,015679E-1;9,909157E-2;9,409029E-1;;
30/11/2021  14:47:40,167183;9,451372E-1;9,519628E-2;8,266311E-2;9,409167E-1;;
30/11/2021  14:47:40,167283;9,454859E-1;8,978042E-2;8,487463E-2;9,409350E-1;;
30/11/2021  14:47:40,167383;9,465380E-1;9,328480E-2;8,424277E-2;9,409581E-1;;
30/11/2021  14:47:40,167483;9,470714E-1;5,218798E-2;8,076751E-2;9,409864E-1;;
30/11/2021  14:47:40,167583;9,475930E-1;7,703722E-2;6,465498E-2;9,410206E-1;;
30/11/2021  14:47:40,167683;9,479119E-1;1,130368E-1;1,515363E-1;9,410610E-1;;
30/11/2021  14:47:40,167783;9,481831E-1;1,248242E-1;1,673329E-1;9,411082E-1;;
30/11/2021  14:47:40,167883;9,487136E-1;9,519628E-2;1,054102E-1;9,411627E-1;;
30/11/2021  14:47:40,167983;9,492888E-1;9,647060E-2;1,073058E-1;9,412250E-1;;
30/11/2021  14:47:40,168083;9,497239E-1;1,006121E-1;1,117289E-1;9,412955E-1;;
30/11/2021  14:47:40,168183;9,501739E-1;7,002846E-2;8,297904E-2;9,413745E-1;;
30/11/2021  14:47:40,168283;9,501054E-1;4,454206E-2;6,560278E-2;9,414626E-1;;
30/11/2021  14:47:40,168383;9,504809E-1;8,181592E-2;1,038306E-1;9,415599E-1;;
30/11/2021  14:47:40,168483;9,502633E-1;9,774492E-2;1,031987E-1;9,416669E-1;;
30/11/2021  14:47:40,168583;9,500786E-1;1,002936E-1;1,066739E-1;9,417834E-1;;
30/11/2021  14:47:40,168683;9,501322E-1;1,165411E-1;1,275255E-1;9,419096E-1;;
30/11/2021  14:47:40,168783;9,507521E-1;1,184526E-1;1,253139E-1;9,420453E-1;;
30/11/2021  14:47:40,168883;9,507372E-1;1,311958E-1;1,057261E-1;9,421903E-1;;
30/11/2021  14:47:40,168983;9,500786E-1;4,932076E-2;1,044624E-1;9,423444E-1;;
30/11/2021  14:47:40,169083;9,504064E-1;1,687883E-1;1,698603E-1;9,425073E-1;;
30/11/2021  14:47:40,169183;9,497150E-1;5,664810E-2;1,600664E-1;9,426787E-1;;
30/11/2021  14:47:40,169283;9,497179E-1;1,636910E-1;1,477451E-1;9,428579E-1;;
30/11/2021  14:47:40,169383;9,501799E-1;8,659462E-2;1,480610E-1;9,430444E-1;;
30/11/2021  14:47:40,169483;9,496792E-1;6,333828E-2;7,697633E-2;9,432375E-1;;
30/11/2021  14:47:40,169583;9,497686E-1;1,464877E-1;1,483770E-1;9,434365E-1;;
30/11/2021  14:47:40,169683;9,503498E-1;1,429833E-1;1,521681E-1;9,436409E-1;;
30/11/2021  14:47:40,169783;9,491308E-1;1,617795E-1;1,458495E-1;9,438500E-1;;
30/11/2021  14:47:40,169883;9,490772E-1;1,397975E-1;1,442698E-1;9,440630E-1;;
30/11/2021  14:47:40,169983;9,492888E-1;8,659462E-2;9,940750E-2;9,442792E-1;;
30/11/2021  14:47:40,170083;9,495242E-1;8,022302E-2;7,381701E-2;9,444976E-1;;
30/11/2021  14:47:40,170183;9,496703E-1;1,213198E-1;1,202590E-1;9,447177E-1;;
30/11/2021  14:47:40,170283;9,500190E-1;1,171783E-1;9,214107E-2;9,449388E-1;;
30/11/2021  14:47:40,170383;9,496822E-1;-3,924448E-2;1,031468E-2;9,451602E-1;;
30/11/2021  14:47:40,170483;9,492649E-1;1,445762E-1;1,411105E-1;9,453813E-1;;
30/11/2021  14:47:40,170583;9,491934E-1;1,248242E-1;1,322644E-1;9,456016E-1;;
30/11/2021  14:47:40,170683;9,497865E-1;1,229127E-1;1,253139E-1;9,458205E-1;;
30/11/2021  14:47:40,170783;9,505405E-1;1,324701E-1;1,379512E-1;9,460372E-1;;
30/11/2021  14:47:40,170883;9,503498E-1;1,018865E-1;9,814378E-2;9,462516E-1;;
30/11/2021  14:47:40,170983;9,507044E-1;-5,294342E-2;6,781430E-2;9,464632E-1;;
30/11/2021  14:47:40,171083;9,499117E-1;1,550893E-1;1,591187E-1;9,466718E-1;;
30/11/2021  14:47:40,171183;9,498640E-1;8,340882E-2;1,205749E-1;9,468770E-1;;
30/11/2021  14:47:40,171283;9,497805E-1;1,280100E-1;1,234183E-1;9,470784E-1;;
30/11/2021  14:47:40,171383;9,500279E-1;1,267357E-1;1,313166E-1;9,472757E-1;;
30/11/2021  14:47:40,171483;9,497865E-1;1,194084E-1;1,152041E-1;9,474686E-1;;
30/11/2021  14:47:40,171583;9,496554E-1;1,232313E-1;1,256299E-1;9,476567E-1;;
30/11/2021  14:47:40,171683;9,497776E-1;1,168597E-1;1,139404E-1;9,478396E-1;;
30/11/2021  14:47:40,171783;9,489133E-1;9,615202E-2;9,719598E-2;9,480171E-1;;
30/11/2021  14:47:40,171883;9,479208E-1;1,627352E-1;2,131430E-1;9,481889E-1;;
30/11/2021  14:47:40,171983;9,480371E-1;1,585937E-1;1,546956E-1;9,483543E-1;;
30/11/2021  14:47:40,172083;9,483768E-1;1,143111E-1;1,370034E-1;9,485129E-1;;
30/11/2021  14:47:40,172183;9,485556E-1;1,235499E-1;1,218387E-1;9,486643E-1;;
30/11/2021  14:47:40,172283;9,475125E-1;7,767438E-2;1,063580E-1;9,488082E-1;;
30/11/2021  14:47:40,172383;9,471877E-1;1,200455E-1;1,164678E-1;9,489441E-1;;
30/11/2021  14:47:40,172483;9,466184E-1;1,321516E-1;1,322644E-1;9,490716E-1;;
30/11/2021  14:47:40,172583;9,454233E-1;1,337445E-1;1,354238E-1;9,491904E-1;;
30/11/2021  14:47:40,172683;9,454293E-1;1,308772E-1;1,354238E-1;9,492998E-1;;
30/11/2021  14:47:40,172783;9,450568E-1;1,296029E-1;1,306848E-1;9,493993E-1;;
30/11/2021  14:47:40,172883;9,449971E-1;1,289658E-1;1,325804E-1;9,494883E-1;;
30/11/2021  14:47:40,172983;9,445590E-1;1,260985E-1;1,152041E-1;9,495664E-1;;
30/11/2021  14:47:40,173083;9,433490E-1;1,270543E-1;1,145722E-1;9,496331E-1;;
30/11/2021  14:47:40,173183;9,428841E-1;8,468314E-2;9,751191E-2;9,496881E-1;;
30/11/2021  14:47:40,173283;9,427768E-1;1,324701E-1;1,471132E-1;9,497307E-1;;
30/11/2021  14:47:40,173383;9,423149E-1;1,264171E-1;1,265777E-1;9,497605E-1;;
30/11/2021  14:47:40,173483;9,424579E-1;1,296029E-1;1,272095E-1;9,497771E-1;;
30/11/2021  14:47:40,173583;9,426517E-1;1,232313E-1;1,458495E-1;9,497803E-1;;
30/11/2021  14:47:40,173683;9,421539E-1;1,264171E-1;1,249980E-1;9,497700E-1;;
30/11/2021  14:47:40,173783;9,407770E-1;1,238685E-1;1,341600E-1;9,497459E-1;;
30/11/2021  14:47:40,173883;9,398353E-1;1,302401E-1;1,411105E-1;9,497081E-1;;
30/11/2021  14:47:40,173983;9,404433E-1;1,264171E-1;1,281573E-1;9,496562E-1;;
30/11/2021  14:47:40,174083;9,397459E-1;1,324701E-1;1,322644E-1;9,495901E-1;;
30/11/2021  14:47:40,174183;9,403658E-1;1,359745E-1;1,319485E-1;9,495097E-1;;
30/11/2021  14:47:40,174283;9,386193E-1;1,225942E-1;1,433221E-1;9,494150E-1;;
30/11/2021  14:47:40,174383;9,383660E-1;1,302401E-1;1,322644E-1;9,493062E-1;;
30/11/2021  14:47:40,174483;9,378295E-1;1,283286E-1;1,259458E-1;9,491832E-1;;
30/11/2021  14:47:40,174583;9,372156E-1;7,193994E-2;1,354238E-1;9,490459E-1;;
30/11/2021  14:47:40,174683;9,370904E-1;1,362931E-1;1,316326E-1;9,488944E-1;;
30/11/2021  14:47:40,174783;9,369533E-1;1,417090E-1;1,300529E-1;9,487288E-1;;
30/11/2021  14:47:40,174883;9,371083E-1;1,362931E-1;1,275255E-1;9,485491E-1;;
30/11/2021  14:47:40,174983;9,361993E-1;1,413904E-1;1,117289E-1;9,483557E-1;;
30/11/2021  14:47:40,175083;9,356271E-1;1,251428E-1;1,063580E-1;9,481488E-1;;
30/11/2021  14:47:40,175183;9,355645E-1;1,315144E-1;1,764949E-1;9,479288E-1;;
30/11/2021  14:47:40,175283;9,350996E-1;1,311958E-1;1,385831E-1;9,476959E-1;;
30/11/2021  14:47:40,175383;9,351711E-1;1,130368E-1;1,388990E-1;9,474504E-1;;
30/11/2021  14:47:40,175483;9,350221E-1;1,882216E-1;1,859729E-1;9,471928E-1;;
30/11/2021  14:47:40,175583;9,346555E-1;1,305587E-1;1,249980E-1;9,469235E-1;;
30/11/2021  14:47:40,175683;9,345572E-1;1,665582E-1;1,768108E-1;9,466431E-1;;
30/11/2021  14:47:40,175783;9,342830E-1;1,442576E-1;1,426902E-1;9,463521E-1;;
30/11/2021  14:47:40,175883;9,333352E-1;1,276914E-1;1,344760E-1;9,460511E-1;;
30/11/2021  14:47:40,175983;9,338657E-1;1,347002E-1;1,284732E-1;9,457407E-1;;
30/11/2021  14:47:40,176083;9,340654E-1;1,334259E-1;1,300529E-1;9,454214E-1;;
30/11/2021  14:47:40,176183;9,341131E-1;1,283286E-1;1,316326E-1;9,450939E-1;;
30/11/2021  14:47:40,176283;9,341489E-1;1,299215E-1;1,291051E-1;9,447591E-1;;
30/11/2021  14:47:40,176383;9,341042E-1;1,359745E-1;1,313166E-1;9,444177E-1;;
30/11/2021  14:47:40,176483;9,336094E-1;5,780180E-4;3,680107E-3;9,440705E-1;;
30/11/2021  14:47:40,176583;9,338508E-1;4,400978E-3;7,471291E-3;9,437186E-1;;
30/11/2021  14:47:40,176683;9,336720E-1;5,993878E-3;8,735019E-3;9,433626E-1;;
30/11/2021  14:47:40,176783;9,341787E-1;7,586778E-3;8,735019E-3;9,430033E-1;;
30/11/2021  14:47:40,176883;9,343098E-1;6,949618E-3;7,787223E-3;9,426418E-1;;
30/11/2021  14:47:40,176983;9,337257E-1;7,586778E-3;9,682815E-3;9,422790E-1;;
30/11/2021  14:47:40,177083;9,329985E-1;4,400978E-3;6,207563E-3;9,419155E-1;;
30/11/2021  14:47:40,177183;9,323637E-1;1,852338E-3;4,311971E-3;9,415523E-1;;
30/11/2021  14:47:40,177283;9,321342E-1;8,965980E-4;3,048243E-3;9,411899E-1;;
30/11/2021  14:47:40,177383;9,319226E-1;2,170918E-3;3,996039E-3;9,408288E-1;;
30/11/2021  14:47:40,177483;9,325484E-1;8,965980E-4;3,364175E-3;9,404693E-1;;
30/11/2021  14:47:40,177583;9,315053E-1;1,215178E-3;3,364175E-3;9,401121E-1;;
30/11/2021  14:47:40,177683;9,307781E-1;3,445238E-3;5,575699E-3;9,397575E-1;;
30/11/2021  14:47:40,177783;9,296039E-1;5,780180E-4;3,364175E-3;9,394057E-1;;
30/11/2021  14:47:40,177883;9,291151E-1;1,852338E-3;3,680107E-3;9,390570E-1;;
30/11/2021  14:47:40,177983;9,282032E-1;1,852338E-3;3,680107E-3;9,387111E-1;;
30/11/2021  14:47:40,178083;9,287337E-1;2,808078E-3;5,259767E-3;9,383681E-1;;
30/11/2021  14:47:40,178183;9,286174E-1;8,965980E-4;2,732311E-3;9,380277E-1;;
30/11/2021  14:47:40,178283;9,281108E-1;8,965980E-4;4,311971E-3;9,376900E-1;;
30/11/2021  14:47:40,178383;9,272733E-1;1,215178E-3;3,048243E-3;9,373548E-1;;
30/11/2021  14:47:40,178483;9,268859E-1;5,780180E-4;2,732311E-3;9,370222E-1;;
30/11/2021  14:47:40,178583;9,268710E-1;1,533758E-3;3,048243E-3;9,366918E-1;;
30/11/2021  14:47:40,178683;9,265759E-1;8,965980E-4;3,680107E-3;9,363637E-1;;
30/11/2021  14:47:40,178783;9,264418E-1;5,780180E-4;2,732311E-3;9,360376E-1;;
30/11/2021  14:47:40,178883;9,274700E-1;1,533758E-3;4,311971E-3;9,357136E-1;;
30/11/2021  14:47:40,178983;9,268501E-1;5,780180E-4;4,311971E-3;9,353916E-1;;
30/11/2021  14:47:40,179083;9,264776E-1;1,533758E-3;3,996039E-3;9,350719E-1;;
30/11/2021  14:47:40,179183;9,261378E-1;2,170918E-3;3,996039E-3;9,347545E-1;;
30/11/2021  14:47:40,179283;9,259381E-1;1,533758E-3;3,680107E-3;9,344395E-1;;
30/11/2021  14:47:40,179383;9,261974E-1;1,852338E-3;3,996039E-3;9,341271E-1;;
30/11/2021  14:47:40,179483;9,266296E-1;1,215178E-3;3,364175E-3;9,338173E-1;;
30/11/2021  14:47:40,179583;9,265789E-1;1,215178E-3;3,680107E-3;9,335103E-1;;
30/11/2021  14:47:40,179683;9,271928E-1;1,852338E-3;3,996039E-3;9,332065E-1;;
30/11/2021  14:47:40,179783;9,269157E-1;5,993878E-3;9,366883E-3;9,329062E-1;;
30/11/2021  14:47:40,179883;9,268054E-1;2,808078E-3;5,575699E-3;9,326098E-1;;
30/11/2021  14:47:40,179983;9,271958E-1;3,445238E-3;6,839427E-3;9,323176E-1;;
30/11/2021  14:47:40,180083;9,277174E-1;1,045400E-2;1,252620E-2;9,320302E-1;;
30/11/2021  14:47:40,180183;9,288558E-1;1,459554E-2;1,631739E-2;9,317480E-1;;
30/11/2021  14:47:40,180283;9,292790E-1;1,268406E-2;1,600145E-2;9,314716E-1;;
30/11/2021  14:47:40,180383;9,289482E-1;1,586986E-2;1,852891E-2;9,312017E-1;;
30/11/2021  14:47:40,180483;9,289333E-1;1,650702E-2;1,884484E-2;9,309391E-1;;
30/11/2021  14:47:40,180583;9,290645E-1;1,746276E-2;1,505366E-2;9,306844E-1;;
30/11/2021  14:47:40,180683;9,297112E-1;1,523270E-2;1,947671E-2;9,304381E-1;;
30/11/2021  14:47:40,180783;9,306351E-1;1,586986E-2;1,631739E-2;9,302008E-1;;
30/11/2021  14:47:40,180883;9,317348E-1;1,746276E-2;1,916077E-2;9,299732E-1;;
30/11/2021  14:47:40,180983;9,321729E-1;9,933782E-2;1,000394E-1;9,297560E-1;;
30/11/2021  14:47:40,181083;9,325455E-1;1,491412E-2;1,789705E-2;9,295502E-1;;
30/11/2021  14:47:40,181183;9,334962E-1;2,224146E-2;3,337771E-2;9,293565E-1;;
30/11/2021  14:47:40,181283;9,335796E-1;8,595746E-2;1,240502E-1;9,291757E-1;;
30/11/2021  14:47:40,181383;9,344379E-1;6,779840E-2;7,918786E-2;9,290088E-1;;
30/11/2021  14:47:40,181483;9,360771E-1;1,267357E-1;1,322644E-1;9,288564E-1;;
30/11/2021  14:47:40,181583;9,369086E-1;3,084312E-2;4,032822E-2;9,287195E-1;;
30/11/2021  14:47:40,181683;9,379905E-1;1,350188E-1;1,351078E-1;9,285990E-1;;
30/11/2021  14:47:40,181783;9,384047E-1;1,369303E-1;1,164678E-1;9,284959E-1;;
30/11/2021  14:47:40,181883;9,386491E-1;1,225942E-1;1,272095E-1;9,284112E-1;;
30/11/2021  14:47:40,181983;9,395521E-1;1,356559E-1;1,392149E-1;9,283457E-1;;
30/11/2021  14:47:40,182083;9,402316E-1;1,286472E-1;1,401627E-1;9,283000E-1;;
30/11/2021  14:47:40,182183;9,412509E-1;1,219570E-1;1,205749E-1;9,282750E-1;;
30/11/2021  14:47:40,182283;9,419155E-1;1,264171E-1;1,227865E-1;9,282713E-1;;
30/11/2021  14:47:40,182383;9,420198E-1;1,273729E-1;1,161519E-1;9,282893E-1;;
30/11/2021  14:47:40,182483;9,429586E-1;1,155854E-1;1,047783E-1;9,283298E-1;;
30/11/2021  14:47:40,182583;9,421390E-1;1,458505E-1;1,433221E-1;9,283929E-1;;
30/11/2021  14:47:40,182683;9,424639E-1;1,238685E-1;1,275255E-1;9,284788E-1;;
30/11/2021  14:47:40,182783;9,429825E-1;1,280100E-1;1,300529E-1;9,285874E-1;;
30/11/2021  14:47:40,182883;9,441001E-1;1,152668E-1;1,234183E-1;9,287187E-1;;
30/11/2021  14:47:40,182983;9,439809E-1;1,949118E-1;1,512204E-1;9,288724E-1;;
30/11/2021  14:47:40,183083;9,442878E-1;1,448948E-1;1,764949E-1;9,290482E-1;;
30/11/2021  14:47:40,183183;9,442342E-1;1,356559E-1;1,338441E-1;9,292458E-1;;
30/11/2021  14:47:40,183283;9,441478E-1;5,601094E-2;9,751191E-2;9,294647E-1;;
30/11/2021  14:47:40,183383;9,437067E-1;1,079395E-1;1,164678E-1;9,297041E-1;;
30/11/2021  14:47:40,183483;9,438110E-1;1,315144E-1;1,281573E-1;9,299632E-1;;
30/11/2021  14:47:40,183583;9,440584E-1;1,025236E-1;8,487463E-2;9,302411E-1;;
30/11/2021  14:47:40,183683;9,439451E-1;1,206827E-1;1,196272E-1;9,305366E-1;;
30/11/2021  14:47:40,183783;9,447498E-1;1,206827E-1;1,050943E-1;9,308487E-1;;
30/11/2021  14:47:40,183883;9,439302E-1;1,174969E-1;1,041465E-1;9,311762E-1;;
30/11/2021  14:47:40,183983;9,440405E-1;1,522221E-1;1,338441E-1;9,315181E-1;;
30/11/2021  14:47:40,184083;9,438825E-1;1,092138E-1;1,193112E-1;9,318730E-1;;
30/11/2021  14:47:40,184183;9,438676E-1;1,229127E-1;1,246821E-1;9,322396E-1;;
30/11/2021  14:47:40,184283;9,443802E-1;1,299215E-1;1,376353E-1;9,326166E-1;;
30/11/2021  14:47:40,184383;9,444607E-1;1,117624E-1;1,110970E-1;9,330027E-1;;
30/11/2021  14:47:40,184483;9,438646E-1;1,289658E-1;1,417424E-1;9,333967E-1;;
30/11/2021  14:47:40,184583;9,436501E-1;3,530324E-2;8,519056E-2;9,337972E-1;;
30/11/2021  14:47:40,184683;9,434623E-1;1,302401E-1;1,335282E-1;9,342028E-1;;
30/11/2021  14:47:40,184783;9,441686E-1;1,181340E-1;1,284732E-1;9,346123E-1;;
30/11/2021  14:47:40,184883;9,444100E-1;1,190898E-1;1,158360E-1;9,350243E-1;;
30/11/2021  14:47:40,184983;9,445471E-1;1,041165E-1;1,218387E-1;9,354376E-1;;
30/11/2021  14:47:40,185083;9,437514E-1;1,194084E-1;1,177316E-1;9,358512E-1;;
30/11/2021  14:47:40,185183;9,433043E-1;1,168597E-1;1,092014E-1;9,362640E-1;;
30/11/2021  14:47:40,185283;9,431374E-1;1,162226E-1;1,240502E-1;9,366746E-1;;
30/11/2021  14:47:40,185383;9,435487E-1;1,656025E-1;1,562753E-1;9,370820E-1;;
30/11/2021  14:47:40,185483;9,435636E-1;1,260985E-1;1,123607E-1;9,374850E-1;;
30/11/2021  14:47:40,185583;9,440882E-1;1,650702E-2;7,508074E-2;9,378826E-1;;
30/11/2021  14:47:40,185683;9,443117E-1;1,139925E-1;1,006712E-1;9,382739E-1;;
30/11/2021  14:47:40,185783;9,438378E-1;1,136739E-1;1,174156E-1;9,386582E-1;;
30/11/2021  14:47:40,185883;9,443385E-1;1,130368E-1;1,284732E-1;9,390347E-1;;
30/11/2021  14:47:40,185983;9,438140E-1;1,168597E-1;1,152041E-1;9,394028E-1;;
30/11/2021  14:47:40,186083;9,447587E-1;1,203641E-1;1,174156E-1;9,397619E-1;;
30/11/2021  14:47:40,186183;9,454323E-1;1,181340E-1;1,193112E-1;9,401116E-1;;
30/11/2021  14:47:40,186283;9,461922E-1;1,104881E-1;9,624818E-2;9,404515E-1;;
30/11/2021  14:47:40,186383;9,466780E-1;1,260985E-1;1,259458E-1;9,407816E-1;;
30/11/2021  14:47:40,186483;9,464068E-1;1,245056E-1;1,174156E-1;9,411019E-1;;
30/11/2021  14:47:40,186583;9,466184E-1;1,082581E-1;1,047783E-1;9,414125E-1;;
30/11/2021  14:47:40,186683;9,463323E-1;1,120810E-1;1,142563E-1;9,417134E-1;;
30/11/2021  14:47:40,186783;9,471817E-1;2,224146E-2;2,137230E-2;9,420047E-1;;
30/11/2021  14:47:40,186883;9,475125E-1;1,015679E-1;8,519056E-2;9,422866E-1;;
30/11/2021  14:47:40,186983;9,478165E-1;1,197269E-1;1,123607E-1;9,425593E-1;;
30/11/2021  14:47:40,187083;9,474350E-1;5,314372E-2;3,906449E-2;9,428230E-1;;
30/11/2021  14:47:40,187183;9,473426E-1;4,135626E-2;2,010857E-2;9,430780E-1;;
30/11/2021  14:47:40,187283;9,467227E-1;1,299215E-1;1,202590E-1;9,433245E-1;;
30/11/2021  14:47:40,187383;9,464933E-1;1,289658E-1;1,215227E-1;9,435624E-1;;
30/11/2021  14:47:40,187483;9,465588E-1;4,326774E-2;2,232009E-2;9,437919E-1;;
30/11/2021  14:47:40,187583;9,469075E-1;5,027650E-2;5,580889E-2;9,440129E-1;;
30/11/2021  14:47:40,187683;9,468539E-1;9,296622E-2;9,688005E-2;9,442254E-1;;
30/11/2021  14:47:40,187783;9,462966E-1;1,047537E-1;1,414265E-1;9,444294E-1;;
30/11/2021  14:47:40,187883;9,459181E-1;8,723178E-2;8,898175E-2;9,446250E-1;;
30/11/2021  14:47:40,187983;9,450419E-1;1,063466E-1;1,066739E-1;9,448121E-1;;
30/11/2021  14:47:40,188083;9,451998E-1;9,583344E-2;9,940750E-2;9,449905E-1;;
30/11/2021  14:47:40,188183;9,450329E-1;9,742634E-2;9,782784E-2;9,451598E-1;;
30/11/2021  14:47:40,188283;9,449107E-1;1,031608E-1;1,117289E-1;9,453201E-1;;
30/11/2021  14:47:40,188383;9,451164E-1;1,009307E-1;9,877564E-2;9,454710E-1;;
30/11/2021  14:47:40,188483;9,445441E-1;1,047537E-1;1,110970E-1;9,456126E-1;;
30/11/2021  14:47:40,188583;9,437842E-1;9,551486E-2;1,101492E-1;9,457445E-1;;
30/11/2021  14:47:40,188683;9,435159E-1;9,710776E-2;9,182514E-2;9,458667E-1;;
30/11/2021  14:47:40,188783;9,440941E-1;9,360338E-2;1,063580E-1;9,459789E-1;;
30/11/2021  14:47:40,188883;9,433222E-1;4,263058E-2;6,781430E-2;9,460810E-1;;
30/11/2021  14:47:40,188983;9,432060E-1;4,390490E-2;5,106991E-2;9,461729E-1;;
30/11/2021  14:47:40,189083;9,433610E-1;1,168597E-1;1,512204E-1;9,462543E-1;;
30/11/2021  14:47:40,189183;9,425771E-1;1,034794E-1;1,139404E-1;9,463254E-1;;
30/11/2021  14:47:40,189283;9,426040E-1;1,044351E-1;1,136244E-1;9,463859E-1;;
30/11/2021  14:47:40,189383;9,416354E-1;1,194084E-1;1,313166E-1;9,464358E-1;;
30/11/2021  14:47:40,189483;9,415907E-1;1,439390E-1;1,477451E-1;9,464749E-1;;
30/11/2021  14:47:40,189583;9,415162E-1;1,394789E-1;1,357397E-1;9,465032E-1;;
30/11/2021  14:47:40,189683;9,408754E-1;1,538150E-1;1,556434E-1;9,465206E-1;;
30/11/2021  14:47:40,189783;9,402764E-1;1,573194E-1;1,392149E-1;9,465269E-1;;
30/11/2021  14:47:40,189883;9,398681E-1;1,754784E-1;1,458495E-1;9,465220E-1;;
30/11/2021  14:47:40,189983;9,386104E-1;1,770713E-1;1,670170E-1;9,465058E-1;;
30/11/2021  14:47:40,190083;9,387206E-1;1,522221E-1;1,376353E-1;9,464781E-1;;
30/11/2021  14:47:40,190183;9,390455E-1;1,022050E-1;9,498445E-2;9,464386E-1;;
30/11/2021  14:47:40,190283;9,389680E-1;9,742634E-2;1,013031E-1;9,463872E-1;;
30/11/2021  14:47:40,190383;9,391289E-1;1,480806E-1;2,166183E-1;9,463240E-1;;
30/11/2021  14:47:40,190483;9,387385E-1;1,458505E-1;1,663851E-1;9,462492E-1;;
30/11/2021  14:47:40,190583;9,385329E-1;1,289658E-1;1,294210E-1;9,461629E-1;;
30/11/2021  14:47:40,190683;9,388875E-1;1,315144E-1;1,310007E-1;9,460654E-1;;
30/11/2021  14:47:40,190783;9,381991E-1;-4,593466E-2;2,516348E-2;9,459571E-1;;
30/11/2021  14:47:40,190883;9,382259E-1;1,343816E-1;1,341600E-1;9,458382E-1;;
30/11/2021  14:47:40,190983;9,392064E-1;1,366117E-1;1,379512E-1;9,457091E-1;;
30/11/2021  14:47:40,191083;9,387892E-1;1,296029E-1;1,234183E-1;9,455703E-1;;
30/11/2021  14:47:40,191183;9,385090E-1;1,353374E-1;1,373193E-1;9,454225E-1;;
30/11/2021  14:47:40,191283;9,386014E-1;1,136739E-1;1,212068E-1;9,452661E-1;;
30/11/2021  14:47:40,191383;9,384465E-1;1,292843E-1;1,246821E-1;9,451019E-1;;
30/11/2021  14:47:40,191483;9,384345E-1;1,299215E-1;1,152041E-1;9,449303E-1;;
30/11/2021  14:47:40,191583;9,388518E-1;4,326774E-2;6,370719E-2;9,447521E-1;;
30/11/2021  14:47:40,191683;9,397339E-1;1,257800E-1;1,382671E-1;9,445678E-1;;
30/11/2021  14:47:40,191783;9,404224E-1;1,260985E-1;1,385831E-1;9,443784E-1;;
30/11/2021  14:47:40,191883;9,398681E-1;1,222756E-1;1,259458E-1;9,441848E-1;;
30/11/2021  14:47:40,191983;9,401542E-1;5,780180E-4;5,891631E-3;9,439879E-1;;
30/11/2021  14:47:40,192083;9,402227E-1;5,993878E-3;7,471291E-3;9,437886E-1;;
30/11/2021  14:47:40,192183;9,404403E-1;5,675298E-3;7,787223E-3;9,435879E-1;;
30/11/2021  14:47:40,192283;9,407264E-1;5,675298E-3;7,155359E-3;9,433867E-1;;
30/11/2021  14:47:40,192383;9,413046E-1;2,808078E-3;4,311971E-3;9,431857E-1;;
30/11/2021  14:47:40,192483;9,415638E-1;5,675298E-3;7,787223E-3;9,429860E-1;;
30/11/2021  14:47:40,192583;9,411734E-1;1,215178E-3;3,680107E-3;9,427885E-1;;
30/11/2021  14:47:40,192683;9,411317E-1;1,215178E-3;3,364175E-3;9,425940E-1;;
30/11/2021  14:47:40,192783;9,411824E-1;1,215178E-3;3,680107E-3;9,424032E-1;;
30/11/2021  14:47:40,192883;9,410781E-1;1,533758E-3;3,996039E-3;9,422169E-1;;
30/11/2021  14:47:40,192983;9,410691E-1;1,852338E-3;4,311971E-3;9,420355E-1;;
30/11/2021  14:47:40,193083;9,415907E-1;5,356718E-3;7,471291E-3;9,418597E-1;;
30/11/2021  14:47:40,193183;9,411198E-1;1,533758E-3;3,680107E-3;9,416899E-1;;
30/11/2021  14:47:40,193283;9,413075E-1;1,215178E-3;3,996039E-3;9,415265E-1;;
30/11/2021  14:47:40,193383;9,415668E-1;1,215178E-3;3,680107E-3;9,413700E-1;;
30/11/2021  14:47:40,193483;9,406101E-1;4,082398E-3;6,839427E-3;9,412207E-1;;
30/11/2021  14:47:40,193583;9,411466E-1;5,038138E-3;6,523495E-3;9,410787E-1;;
30/11/2021  14:47:40,193683;9,417784E-1;5,038138E-3;6,839427E-3;9,409443E-1;;
30/11/2021  14:47:40,193783;9,426069E-1;8,965980E-4;3,680107E-3;9,408176E-1;;
30/11/2021  14:47:40,193883;9,432298E-1;5,038138E-3;6,839427E-3;9,406991E-1;;
30/11/2021  14:47:40,193983;9,429169E-1;1,533758E-3;3,996039E-3;9,405890E-1;;
30/11/2021  14:47:40,194083;9,437722E-1;8,965980E-4;3,048243E-3;9,404878E-1;;
30/11/2021  14:47:40,194183;9,432418E-1;1,215178E-3;3,680107E-3;9,403958E-1;;
30/11/2021  14:47:40,194283;9,442789E-1;1,215178E-3;3,680107E-3;9,403133E-1;;
30/11/2021  14:47:40,194383;9,442521E-1;5,780180E-4;3,680107E-3;9,402407E-1;;
30/11/2021  14:47:40,194483;9,446455E-1;1,533758E-3;3,364175E-3;9,401782E-1;;
30/11/2021  14:47:40,194583;9,449465E-1;1,533758E-3;3,996039E-3;9,401261E-1;;
30/11/2021  14:47:40,194683;9,443743E-1;1,215178E-3;3,048243E-3;9,400846E-1;;
30/11/2021  14:47:40,194783;9,439093E-1;8,965980E-4;3,680107E-3;9,400538E-1;;
30/11/2021  14:47:40,194883;9,440584E-1;8,965980E-4;3,048243E-3;9,400337E-1;;
30/11/2021  14:47:40,194983;9,443296E-1;1,215178E-3;3,048243E-3;9,400240E-1;;
30/11/2021  14:47:40,195083;9,448511E-1;1,533758E-3;3,680107E-3;9,400246E-1;;
30/11/2021  14:47:40,195183;9,449346E-1;8,965980E-4;4,311971E-3;9,400353E-1;;
30/11/2021  14:47:40,195283;9,449673E-1;2,170918E-3;5,891631E-3;9,400559E-1;;
30/11/2021  14:47:40,195383;9,444041E-1;5,675298E-3;8,103155E-3;9,400864E-1;;
30/11/2021  14:47:40,195483;9,445799E-1;1,395838E-2;1,536959E-2;9,401263E-1;;
30/11/2021  14:47:40,195583;9,450866E-1;1,236548E-2;1,410586E-2;9,401753E-1;;
30/11/2021  14:47:40,195683;9,451760E-1;1,268406E-2;1,505366E-2;9,402331E-1;;
30/11/2021  14:47:40,195783;9,458525E-1;1,363980E-2;1,536959E-2;9,402993E-1;;
30/11/2021  14:47:40,195883;9,465707E-1;1,555128E-2;1,852891E-2;9,403737E-1;;
30/11/2021  14:47:40,195983;9,462608E-1;1,650702E-2;1,694925E-2;9,404561E-1;;
30/11/2021  14:47:40,196083;9,462489E-1;6,524976E-2;5,549295E-2;9,405464E-1;;
30/11/2021  14:47:40,196183;9,459657E-1;2,128572E-2;2,326789E-2;9,406442E-1;;
30/11/2021  14:47:40,196283;9,466393E-1;1,586986E-2;1,726518E-2;9,407493E-1;;
30/11/2021  14:47:40,196383;9,471221E-1;1,618844E-2;1,947671E-2;9,408614E-1;;
30/11/2021  14:47:40,196483;9,479924E-1;5,760384E-2;7,918786E-2;9,409802E-1;;
30/11/2021  14:47:40,196583;9,484424E-1;1,714418E-2;1,852891E-2;9,411057E-1;;
30/11/2021  14:47:40,196683;9,481950E-1;6,429402E-2;6,876210E-2;9,412376E-1;;
30/11/2021  14:47:40,196783;9,485795E-1;1,245056E-1;1,208909E-1;9,413760E-1;;
30/11/2021  14:47:40,196883;9,484215E-1;1,022050E-1;1,063580E-1;9,415207E-1;;
30/11/2021  14:47:40,196983;9,493305E-1;8,595746E-2;9,024547E-2;9,416715E-1;;
30/11/2021  14:47:40,197083;9,494974E-1;1,190898E-1;1,104651E-1;9,418284E-1;;
30/11/2021  14:47:40,197183;9,499534E-1;1,079395E-1;1,193112E-1;9,419911E-1;;
30/11/2021  14:47:40,197283;9,501084E-1;2,312299E-1;2,001898E-1;9,421597E-1;;
30/11/2021  14:47:40,197383;9,490742E-1;1,082581E-1;1,167838E-1;9,423340E-1;;
30/11/2021  14:47:40,197483;9,487941E-1;1,143111E-1;1,110970E-1;9,425138E-1;;
30/11/2021  14:47:40,197583;9,487315E-1;1,254614E-1;1,183634E-1;9,426985E-1;;
30/11/2021  14:47:40,197683;9,486123E-1;9,073616E-2;9,845971E-2;9,428877E-1;;
30/11/2021  14:47:40,197783;9,486838E-1;1,098510E-1;1,512204E-1;9,430809E-1;;
30/11/2021  14:47:40,197883;9,485944E-1;6,843556E-2;4,380347E-2;9,432773E-1;;
30/11/2021  14:47:40,197983;9,483112E-1;1,127182E-1;1,404787E-1;9,434766E-1;;
30/11/2021  14:47:40,198083;9,479625E-1;1,082581E-1;1,275255E-1;9,436780E-1;;
30/11/2021  14:47:40,198183;9,479089E-1;1,060280E-1;1,183634E-1;9,438808E-1;;
30/11/2021  14:47:40,198283;9,480043E-1;1,009307E-1;1,180475E-1;9,440844E-1;;
30/11/2021  14:47:40,198383;9,483858E-1;9,455912E-2;1,098333E-1;9,442881E-1;;
30/11/2021  14:47:40,198483;9,487821E-1;7,671864E-2;7,602853E-2;9,444913E-1;;
30/11/2021  14:47:40,198583;9,481801E-1;9,296622E-2;1,079377E-1;9,446935E-1;;
30/11/2021  14:47:40,198683;9,481563E-1;8,882468E-2;1,069899E-1;9,448943E-1;;
30/11/2021  14:47:40,198783;9,479268E-1;8,563888E-2;1,101492E-1;9,450931E-1;;
30/11/2021  14:47:40,198883;9,477539E-1;9,742634E-2;1,101492E-1;9,452893E-1;;
30/11/2021  14:47:40,198983;9,477360E-1;9,551486E-2;9,056141E-2;9,454825E-1;;
30/11/2021  14:47:40,199083;9,478553E-1;1,659210E-1;1,584868E-1;9,456721E-1;;
30/11/2021  14:47:40,199183;9,474321E-1;1,671954E-1;1,237343E-1;9,458577E-1;;
30/11/2021  14:47:40,199283;9,473605E-1;1,069837E-1;9,845971E-2;9,460387E-1;;
30/11/2021  14:47:40,199383;9,472711E-1;1,687883E-1;1,689125E-1;9,462148E-1;;
30/11/2021  14:47:40,199483;9,461028E-1;8,914326E-2;1,543797E-1;9,463854E-1;;
30/11/2021  14:47:40,199583;9,459836E-1;1,499920E-1;1,458495E-1;9,465500E-1;;
30/11/2021  14:47:40,199683;9,457661E-1;1,436204E-1;1,420583E-1;9,467081E-1;;
30/11/2021  14:47:40,199783;9,458018E-1;1,321516E-1;1,215227E-1;9,468590E-1;;
30/11/2021  14:47:40,199883;9,453131E-1;1,276914E-1;1,328963E-1;9,470023E-1;;
30/11/2021  14:47:40,199983;9,446991E-1;1,155854E-1;1,325804E-1;9,471374E-1;;
30/11/2021  14:47:40,200083;9,438825E-1;1,251428E-1;1,287892E-1;9,472638E-1;;
30/11/2021  14:47:40,200183;9,427262E-1;1,260985E-1;1,303688E-1;9,473809E-1;;
30/11/2021  14:47:40,200283;9,421420E-1;1,257800E-1;1,234183E-1;9,474881E-1;;
30/11/2021  14:47:40,200383;9,423804E-1;9,901924E-2;1,133085E-1;9,475845E-1;;
30/11/2021  14:47:40,200483;9,419453E-1;9,360338E-2;8,424277E-2;9,476695E-1;;
30/11/2021  14:47:40,200583;9,417427E-1;1,273729E-1;1,180475E-1;9,477425E-1;;
30/11/2021  14:47:40,200683;9,410423E-1;1,139925E-1;1,262617E-1;9,478031E-1;;
30/11/2021  14:47:40,200783;9,402048E-1;1,490363E-1;1,486929E-1;9,478506E-1;;
30/11/2021  14:47:40,200883;9,390932E-1;1,031608E-1;1,395309E-1;9,478848E-1;;
30/11/2021  14:47:40,200983;9,392541E-1;1,104881E-1;1,158360E-1;9,479048E-1;;
30/11/2021  14:47:40,201083;9,390246E-1;6,684266E-2;1,095173E-1;9,479104E-1;;
30/11/2021  14:47:40,201183;9,383451E-1;1,178155E-1;1,174156E-1;9,479011E-1;;
30/11/2021  14:47:40,201283;9,376954E-1;1,334259E-1;1,486929E-1;9,478765E-1;;
30/11/2021  14:47:40,201383;9,372722E-1;1,283286E-1;1,385831E-1;9,478363E-1;;
30/11/2021  14:47:40,201483;9,363781E-1;1,503106E-1;1,613302E-1;9,477803E-1;;
30/11/2021  14:47:40,201583;9,352396E-1;1,257800E-1;1,407946E-1;9,477081E-1;;
30/11/2021  14:47:40,201683;9,342472E-1;4,454206E-2;4,569906E-2;9,476195E-1;;
30/11/2021  14:47:40,201783;9,339820E-1;1,006121E-1;8,740209E-2;9,475140E-1;;
30/11/2021  14:47:40,201883;9,337376E-1;1,187712E-1;1,193112E-1;9,473912E-1;;
30/11/2021  14:47:40,201983;9,334068E-1;1,063466E-1;1,003553E-1;9,472511E-1;;
30/11/2021  14:47:40,202083;9,326170E-1;8,468314E-2;5,580889E-2;9,470934E-1;;
30/11/2021  14:47:40,202183;9,314785E-1;9,424054E-2;8,992954E-2;9,469180E-1;;
30/11/2021  14:47:40,202283;9,314040E-1;1,216384E-1;1,310007E-1;9,467249E-1;;
30/11/2021  14:47:40,202383;9,316752E-1;9,424054E-2;8,297904E-2;9,465141E-1;;
30/11/2021  14:47:40,202483;9,314308E-1;1,120810E-1;1,158360E-1;9,462857E-1;;
30/11/2021  14:47:40,202583;9,322415E-1;1,101695E-1;1,063580E-1;9,460399E-1;;
30/11/2021  14:47:40,202683;9,312580E-1;8,723178E-2;1,006712E-1;9,457775E-1;;
30/11/2021  14:47:40,202783;9,306559E-1;1,331073E-1;1,509044E-1;9,454988E-1;;
30/11/2021  14:47:40,202883;9,303907E-1;8,054160E-2;5,517702E-2;9,452045E-1;;
30/11/2021  14:47:40,202983;9,302417E-1;6,939130E-2;7,034176E-2;9,448952E-1;;
30/11/2021  14:47:40,203083;9,304890E-1;1,194084E-1;1,234183E-1;9,445715E-1;;
30/11/2021  14:47:40,203183;9,309242E-1;1,031608E-1;9,087734E-2;9,442342E-1;;
30/11/2021  14:47:40,203283;9,302208E-1;1,155854E-1;1,155200E-1;9,438842E-1;;
30/11/2021  14:47:40,203383;9,304563E-1;9,647060E-2;9,688005E-2;9,435224E-1;;
30/11/2021  14:47:40,203483;9,305010E-1;7,926728E-2;9,624818E-2;9,431498E-1;;
30/11/2021  14:47:40,203583;9,298989E-1;-2,044826E-2;-2,601750E-2;9,427674E-1;;
30/11/2021  14:47:40,203683;9,304324E-1;9,360338E-2;9,845971E-2;9,423763E-1;;
30/11/2021  14:47:40,203783;9,312907E-1;7,225852E-2;3,716890E-2;9,419775E-1;;
30/11/2021  14:47:40,203883;9,316782E-1;1,251428E-1;1,322644E-1;9,415723E-1;;
30/11/2021  14:47:40,203983;9,311984E-1;1,225942E-1;1,253139E-1;9,411620E-1;;
30/11/2021  14:47:40,204083;9,311239E-1;2,256004E-2;1,947671E-2;9,407479E-1;;
30/11/2021  14:47:40,204183;9,313027E-1;1,155854E-1;1,073058E-1;9,403312E-1;;
30/11/2021  14:47:40,204283;9,308646E-1;1,276914E-1;1,303688E-1;9,399132E-1;;
30/11/2021  14:47:40,204383;9,315679E-1;1,324701E-1;1,360556E-1;9,394951E-1;;
30/11/2021  14:47:40,204483;9,319017E-1;1,181340E-1;1,278414E-1;9,390779E-1;;
30/11/2021  14:47:40,204583;9,318987E-1;1,321516E-1;1,316326E-1;9,386630E-1;;
30/11/2021  14:47:40,204683;9,319554E-1;1,210013E-1;1,215227E-1;9,382514E-1;;
30/11/2021  14:47:40,204783;9,322623E-1;1,210013E-1;1,186794E-1;9,378444E-1;;
30/11/2021  14:47:40,204883;9,321848E-1;1,251428E-1;1,208909E-1;9,374429E-1;;
30/11/2021  14:47:40,204983;9,317110E-1;1,327887E-1;1,306848E-1;9,370482E-1;;
30/11/2021  14:47:40,205083;9,331087E-1;1,369303E-1;1,328963E-1;9,366610E-1;;
30/11/2021  14:47:40,205183;9,335409E-1;4,900218E-2;1,218387E-1;9,362824E-1;;
30/11/2021  14:47:40,205283;9,340773E-1;1,200455E-1;1,069899E-1;9,359134E-1;;
30/11/2021  14:47:40,205383;9,345631E-1;1,276914E-1;1,287892E-1;9,355550E-1;;
30/11/2021  14:47:40,205483;9,342025E-1;1,136739E-1;1,066739E-1;9,352084E-1;;
30/11/2021  14:47:40,205583;9,339879E-1;2,733874E-2;5,833634E-2;9,348745E-1;;
30/11/2021  14:47:40,205683;9,338449E-1;1,216384E-1;1,205749E-1;9,345539E-1;;
30/11/2021  14:47:40,205783;9,350429E-1;1,426647E-1;1,398468E-1;9,342475E-1;;
30/11/2021  14:47:40,205883;9,356956E-1;1,340630E-1;1,338441E-1;9,339557E-1;;
30/11/2021  14:47:40,205983;9,354930E-1;1,251428E-1;1,401627E-1;9,336793E-1;;
30/11/2021  14:47:40,206083;9,357552E-1;1,455319E-1;1,407946E-1;9,334190E-1;;
30/11/2021  14:47:40,206183;9,354363E-1;1,257800E-1;1,208909E-1;9,331752E-1;;
30/11/2021  14:47:40,206283;9,345989E-1;8,213450E-2;1,455336E-1;9,329484E-1;;
30/11/2021  14:47:40,206383;9,350668E-1;8,181592E-2;1,196272E-1;9,327386E-1;;
30/11/2021  14:47:40,206483;9,357105E-1;1,197269E-1;1,035146E-1;9,325459E-1;;
30/11/2021  14:47:40,206583;9,360443E-1;1,241871E-1;1,202590E-1;9,323704E-1;;
30/11/2021  14:47:40,206683;9,356003E-1;9,169190E-2;6,370719E-2;9,322121E-1;;
30/11/2021  14:47:40,206783;9,352367E-1;1,308772E-1;1,183634E-1;9,320709E-1;;
30/11/2021  14:47:40,206883;9,351145E-1;1,318330E-1;1,404787E-1;9,319467E-1;;
30/11/2021  14:47:40,206983;9,347747E-1;1,585937E-1;1,777586E-1;9,318391E-1;;
30/11/2021  14:47:40,207083;9,353350E-1;1,015679E-1;1,310007E-1;9,317477E-1;;
30/11/2021  14:47:40,207183;9,363334E-1;1,359745E-1;1,294210E-1;9,316720E-1;;
30/11/2021  14:47:40,207283;9,360712E-1;1,203641E-1;1,423743E-1;9,316117E-1;;
30/11/2021  14:47:40,207383;9,369921E-1;2,659552E-1;2,984447E-1;9,315664E-1;;
30/11/2021  14:47:40,207483;9,368550E-1;1,168597E-1;1,237343E-1;9,315360E-1;;
30/11/2021  14:47:40,207583;9,359221E-1;1,184526E-1;1,208909E-1;9,315200E-1;;
30/11/2021  14:47:40,207683;9,366165E-1;1,092138E-1;1,158360E-1;9,315181E-1;;
30/11/2021  14:47:40,207783;9,375077E-1;1,117624E-1;1,186794E-1;9,315297E-1;;
30/11/2021  14:47:40,207883;9,377044E-1;9,169190E-2;1,054102E-1;9,315544E-1;;
30/11/2021  14:47:40,207983;9,381752E-1;1,155854E-1;1,196272E-1;9,315919E-1;;
30/11/2021  14:47:40,208083;9,386789E-1;1,162226E-1;1,218387E-1;9,316420E-1;;
30/11/2021  14:47:40,208183;9,381693E-1;1,088952E-1;1,050943E-1;9,317042E-1;;
30/11/2021  14:47:40,208283;9,386908E-1;1,095324E-1;1,243661E-1;9,317784E-1;;
30/11/2021  14:47:40,208383;9,392958E-1;8,691320E-2;8,329497E-2;9,318641E-1;;
30/11/2021  14:47:40,208483;9,397399E-1;1,069837E-1;1,562753E-1;9,319610E-1;;
30/11/2021  14:47:40,208583;9,406698E-1;1,238685E-1;1,575390E-1;9,320688E-1;;
30/11/2021  14:47:40,208683;9,407055E-1;7,703722E-2;1,057261E-1;9,321874E-1;;
30/11/2021  14:47:40,208783;9,413910E-1;1,044351E-1;1,142563E-1;9,323165E-1;;
30/11/2021  14:47:40,208883;9,413582E-1;1,222756E-1;1,284732E-1;9,324561E-1;;
30/11/2021  14:47:40,208983;9,418798E-1;1,111253E-1;1,303688E-1;9,326059E-1;;
30/11/2021  14:47:40,209083;9,430600E-1;1,152668E-1;1,319485E-1;9,327659E-1;;
30/11/2021  14:47:40,209183;9,436888E-1;1,302401E-1;1,281573E-1;9,329358E-1;;
30/11/2021  14:47:40,209283;9,447796E-1;1,429833E-1;1,461654E-1;9,331157E-1;;
30/11/2021  14:47:40,209383;9,449077E-1;1,697440E-1;1,553275E-1;9,333057E-1;;
30/11/2021  14:47:40,209483;9,452535E-1;1,474434E-1;1,404787E-1;9,335058E-1;;
30/11/2021  14:47:40,209583;9,453488E-1;1,729298E-1;1,417424E-1;9,337162E-1;;
30/11/2021  14:47:40,209683;9,460432E-1;1,557265E-1;1,354238E-1;9,339367E-1;;
30/11/2021  14:47:40,209783;9,471638E-1;1,589123E-1;1,382671E-1;9,341674E-1;;
30/11/2021  14:47:40,209883;9,475602E-1;1,662396E-1;1,815498E-1;9,344082E-1;;
30/11/2021  14:47:40,209983;9,485199E-1;-7,874840E-2;3,148212E-2;9,346593E-1;;
30/11/2021  14:47:40,210083;9,486987E-1;1,362931E-1;1,638576E-1;9,349206E-1;;
30/11/2021  14:47:40,210183;9,487374E-1;1,350188E-1;1,490088E-1;9,351922E-1;;
30/11/2021  14:47:40,210283;9,494855E-1;2,337786E-1;2,516867E-1;9,354742E-1;;
30/11/2021  14:47:40,210383;9,502306E-1;1,452133E-1;1,436380E-1;9,357663E-1;;
30/11/2021  14:47:40,210483;9,505196E-1;1,225942E-1;1,278414E-1;9,360686E-1;;
30/11/2021  14:47:40,210583;9,509428E-1;1,181340E-1;1,076217E-1;9,363810E-1;;
30/11/2021  14:47:40,210683;9,514644E-1;1,331073E-1;1,376353E-1;9,367033E-1;;
30/11/2021  14:47:40,210783;9,516790E-1;1,350188E-1;1,357397E-1;9,370354E-1;;
30/11/2021  14:47:40,210883;9,512200E-1;1,337445E-1;1,313166E-1;9,373771E-1;;
30/11/2021  14:47:40,210983;9,509667E-1;1,327887E-1;1,177316E-1;9,377280E-1;;
30/11/2021  14:47:40,211083;9,519412E-1;1,439390E-1;1,682807E-1;9,380876E-1;;
30/11/2021  14:47:40,211183;9,520426E-1;1,308772E-1;1,215227E-1;9,384554E-1;;
30/11/2021  14:47:40,211283;9,519055E-1;1,362931E-1;1,366875E-1;9,388309E-1;;
30/11/2021  14:47:40,211383;9,522303E-1;5,983390E-2;5,328143E-2;9,392134E-1;;
30/11/2021  14:47:40,211483;9,522154E-1;9,774492E-2;1,009872E-1;9,396025E-1;;
30/11/2021  14:47:40,211583;9,521111E-1;1,439390E-1;1,455336E-1;9,399973E-1;;
30/11/2021  14:47:40,211683;9,519055E-1;1,324701E-1;1,335282E-1;9,403971E-1;;
30/11/2021  14:47:40,211783;9,523108E-1;1,334259E-1;1,313166E-1;9,408013E-1;;
30/11/2021  14:47:40,211883;9,531036E-1;8,691320E-2;9,182514E-2;9,412088E-1;;
30/11/2021  14:47:40,211983;9,532883E-1;8,965980E-4;3,680107E-3;9,416192E-1;;
30/11/2021  14:47:40,212083;9,529665E-1;3,126658E-3;5,259767E-3;9,420316E-1;;
30/11/2021  14:47:40,212183;9,525343E-1;2,170918E-3;4,311971E-3;9,424454E-1;;
30/11/2021  14:47:40,212283;9,520813E-1;9,498258E-3;1,094654E-2;9,428599E-1;;
30/11/2021  14:47:40,212383;9,519502E-1;3,445238E-3;5,575699E-3;9,432741E-1;;
30/11/2021  14:47:40,212483;9,512766E-1;4,400978E-3;6,523495E-3;9,436871E-1;;
30/11/2021  14:47:40,212583;9,517386E-1;5,675298E-3;6,839427E-3;9,440978E-1;;
30/11/2021  14:47:40,212683;9,514406E-1;8,965980E-4;3,048243E-3;9,445053E-1;;
30/11/2021  14:47:40,212783;9,510323E-1;5,780180E-4;3,364175E-3;9,449086E-1;;
30/11/2021  14:47:40,212883;9,508981E-1;4,400978E-3;6,207563E-3;9,453067E-1;;
30/11/2021  14:47:40,212983;9,497686E-1;2,170918E-3;4,627903E-3;9,456987E-1;;
30/11/2021  14:47:40,213083;9,494259E-1;2,489498E-3;4,627903E-3;9,460834E-1;;
30/11/2021  14:47:40,213183;9,491338E-1;6,949618E-3;9,050951E-3;9,464598E-1;;
30/11/2021  14:47:40,213283;9,488894E-1;1,533758E-3;3,048243E-3;9,468268E-1;;
30/11/2021  14:47:40,213383;9,483470E-1;3,126658E-3;4,943835E-3;9,471832E-1;;
30/11/2021  14:47:40,213483;9,474976E-1;8,223938E-3;9,050951E-3;9,475281E-1;;
30/11/2021  14:47:40,213583;9,474142E-1;1,215178E-3;3,680107E-3;9,478604E-1;;
30/11/2021  14:47:40,213683;9,461505E-1;5,780180E-4;3,364175E-3;9,481790E-1;;
30/11/2021  14:47:40,213783;9,460313E-1;1,215178E-3;3,364175E-3;9,484830E-1;;
30/11/2021  14:47:40,213883;9,464664E-1;5,780180E-4;3,996039E-3;9,487713E-1;;
30/11/2021  14:47:40,213983;9,465588E-1;1,533758E-3;3,996039E-3;9,490430E-1;;
30/11/2021  14:47:40,214083;9,458853E-1;1,533758E-3;3,364175E-3;9,492976E-1;;
30/11/2021  14:47:40,214183;9,455723E-1;8,965980E-4;3,364175E-3;9,495345E-1;;
30/11/2021  14:47:40,214283;9,451432E-1;1,533758E-3;3,680107E-3;9,497531E-1;;
30/11/2021  14:47:40,214383;9,448392E-1;1,215178E-3;3,048243E-3;9,499530E-1;;
30/11/2021  14:47:40,214483;9,445710E-1;8,965980E-4;3,680107E-3;9,501338E-1;;
30/11/2021  14:47:40,214583;9,446127E-1;1,215178E-3;3,680107E-3;9,502951E-1;;
30/11/2021  14:47:40,214683;9,444905E-1;1,533758E-3;3,364175E-3;9,504368E-1;;
30/11/2021  14:47:40,214783;9,438587E-1;-3,777220E-4;2,732311E-3;9,505588E-1;;
30/11/2021  14:47:40,214883;9,428662E-1;5,780180E-4;3,364175E-3;9,506609E-1;;
30/11/2021  14:47:40,214983;9,425593E-1;2,170918E-3;3,996039E-3;9,507431E-1;;
30/11/2021  14:47:40,215083;9,417367E-1;8,965980E-4;3,680107E-3;9,508053E-1;;
30/11/2021  14:47:40,215183;9,417307E-1;5,780180E-4;3,680107E-3;9,508474E-1;;
30/11/2021  14:47:40,215283;9,417576E-1;1,533758E-3;3,996039E-3;9,508693E-1;;
30/11/2021  14:47:40,215383;9,415638E-1;4,400978E-3;7,471291E-3;9,508711E-1;;
30/11/2021  14:47:40,215483;9,408635E-1;2,489498E-3;4,627903E-3;9,508530E-1;;
30/11/2021  14:47:40,215583;9,401840E-1;1,714418E-2;1,631739E-2;9,508153E-1;;
30/11/2021  14:47:40,215683;9,400618E-1;5,993878E-3;9,998747E-3;9,507581E-1;;
30/11/2021  14:47:40,215783;9,390902E-1;1,172832E-2;1,473773E-2;9,506817E-1;;
30/11/2021  14:47:40,215883;9,393137E-1;1,045400E-2;1,663332E-2;9,505863E-1;;
30/11/2021  14:47:40,215983;9,391200E-1;1,714418E-2;1,979264E-2;9,504722E-1;;
30/11/2021  14:47:40,216083;9,389889E-1;1,204690E-2;1,284213E-2;9,503399E-1;;
30/11/2021  14:47:40,216183;9,387236E-1;3,763818E-3;1,600145E-2;9,501898E-1;;
30/11/2021  14:47:40,216283;9,380441E-1;6,811698E-2;7,223735E-2;9,500225E-1;;
30/11/2021  14:47:40,216383;9,384077E-1;2,319720E-2;3,179805E-2;9,498384E-1;;
30/11/2021  14:47:40,216483;9,380650E-1;1,555128E-2;1,852891E-2;9,496384E-1;;
30/11/2021  14:47:40,216583;9,378772E-1;1,315144E-1;1,275255E-1;9,494229E-1;;
30/11/2021  14:47:40,216683;9,376358E-1;1,022050E-1;1,183634E-1;9,491928E-1;;
30/11/2021  14:47:40,216783;9,376626E-1;1,283286E-1;1,287892E-1;9,489488E-1;;
30/11/2021  14:47:40,216883;9,377908E-1;1,296029E-1;1,164678E-1;9,486917E-1;;
30/11/2021  14:47:40,216983;9,374093E-1;1,267357E-1;1,332122E-1;9,484223E-1;;
30/11/2021  14:47:40,217083;9,373884E-1;5,792242E-2;5,391329E-2;9,481416E-1;;
30/11/2021  14:47:40,217183;9,374719E-1;9,519628E-2;9,340479E-2;9,478504E-1;;
30/11/2021  14:47:40,217283;9,374838E-1;2,124337E-1;2,873870E-1;9,475497E-1;;
30/11/2021  14:47:40,217383;9,380054E-1;1,111253E-1;9,972343E-2;9,472405E-1;;
30/11/2021  14:47:40,217483;9,377461E-1;1,104881E-1;1,069899E-1;9,469237E-1;;
30/11/2021  14:47:40,217583;9,371768E-1;1,028422E-1;1,092014E-1;9,466005E-1;;
30/11/2021  14:47:40,217683;9,359072E-1;-5,453632E-2;2,800687E-2;9,462719E-1;;
30/11/2021  14:47:40,217783;9,364675E-1;1,139925E-1;1,202590E-1;9,459385E-1;;
30/11/2021  14:47:40,217883;9,363692E-1;1,060280E-1;1,104651E-1;9,456013E-1;;
30/11/2021  14:47:40,217983;9,358446E-1;9,073616E-2;1,022509E-1;9,452608E-1;;
30/11/2021  14:47:40,218083;9,357999E-1;1,136739E-1;1,325804E-1;9,449180E-1;;
30/11/2021  14:47:40,218183;9,361874E-1;1,050723E-1;1,170997E-1;9,445734E-1;;
30/11/2021  14:47:40,218283;9,359788E-1;1,025236E-1;1,117289E-1;9,442277E-1;;
30/11/2021  14:47:40,218383;9,354065E-1;1,369303E-1;1,474292E-1;9,438818E-1;;
30/11/2021  14:47:40,218483;9,354304E-1;-5,166910E-2;5,422923E-2;9,435362E-1;;
30/11/2021  14:47:40,218583;9,359281E-1;4,454206E-2;8,992954E-2;9,431916E-1;;
30/11/2021  14:47:40,218683;9,360652E-1;7,098420E-2;8,708615E-2;9,428486E-1;;
30/11/2021  14:47:40,218783;9,358894E-1;-7,651834E-2;-1,338022E-2;9,425079E-1;;
30/11/2021  14:47:40,218883;9,357254E-1;8,436456E-2;8,392683E-2;9,421703E-1;;
30/11/2021  14:47:40,218983;9,349714E-1;9,551486E-2;1,215227E-1;9,418362E-1;;
30/11/2021  14:47:40,219083;9,348164E-1;9,201048E-2;1,120448E-1;9,415063E-1;;
30/11/2021  14:47:40,219183;9,350877E-1;2,503447E-1;2,071403E-1;9,411809E-1;;
30/11/2021  14:47:40,219283;9,352754E-1;1,127182E-1;1,234183E-1;9,408604E-1;;
30/11/2021  14:47:40,219383;9,356003E-1;1,238685E-1;1,161519E-1;9,405453E-1;;
30/11/2021  14:47:40,219483;9,345959E-1;1,273729E-1;1,313166E-1;9,402360E-1;;
30/11/2021  14:47:40,219583;9,343068E-1;1,611423E-1;1,486929E-1;9,399328E-1;;
30/11/2021  14:47:40,219683;9,339522E-1;1,703812E-1;1,569071E-1;9,396361E-1;;
30/11/2021  14:47:40,219783;9,339194E-1;1,726112E-1;1,543797E-1;9,393458E-1;;
30/11/2021  14:47:40,219883;9,342561E-1;1,652839E-1;1,537478E-1;9,390622E-1;;
30/11/2021  14:47:40,219983;9,346525E-1;1,442576E-1;1,351078E-1;9,387854E-1;;
30/11/2021  14:47:40,220083;9,344052E-1;1,445762E-1;1,376353E-1;9,385156E-1;;
30/11/2021  14:47:40,220183;9,342889E-1;1,200455E-1;1,253139E-1;9,382529E-1;;
30/11/2021  14:47:40,220283;9,343277E-1;1,104881E-1;9,277293E-2;9,379975E-1;;
30/11/2021  14:47:40,220383;9,342234E-1;1,232313E-1;1,291051E-1;9,377496E-1;;
30/11/2021  14:47:40,220483;9,341161E-1;1,292843E-1;1,509044E-1;9,375094E-1;;
30/11/2021  14:47:40,220583;9,346794E-1;1,264171E-1;1,411105E-1;9,372768E-1;;
30/11/2021  14:47:40,220683;9,358566E-1;1,324701E-1;1,205749E-1;9,370520E-1;;
30/11/2021  14:47:40,220783;9,359847E-1;2,542726E-2;5,707262E-2;9,368354E-1;;
30/11/2021  14:47:40,220883;9,362231E-1;1,289658E-1;1,253139E-1;9,366273E-1;;
30/11/2021  14:47:40,220983;9,356807E-1;1,015679E-1;1,117289E-1;9,364281E-1;;
30/11/2021  14:47:40,221083;9,355675E-1;1,229127E-1;1,325804E-1;9,362381E-1;;
30/11/2021  14:47:40,221183;9,366374E-1;-7,428828E-2;4,854245E-2;9,360574E-1;;
30/11/2021  14:47:40,221283;9,374451E-1;1,146297E-1;1,082536E-1;9,358863E-1;;
30/11/2021  14:47:40,221383;9,381961E-1;1,254614E-1;1,392149E-1;9,357253E-1;;
30/11/2021  14:47:40,221483;9,374451E-1;1,210013E-1;1,120448E-1;9,355747E-1;;
30/11/2021  14:47:40,221583;9,379279E-1;1,283286E-1;1,262617E-1;9,354349E-1;;
30/11/2021  14:47:40,221683;9,379011E-1;1,101695E-1;9,435259E-2;9,353063E-1;;
30/11/2021  14:47:40,221783;9,378683E-1;5,993878E-3;6,497092E-2;9,351889E-1;;
30/11/2021  14:47:40,221883;9,377967E-1;1,085766E-1;9,624818E-2;9,350831E-1;;
30/11/2021  14:47:40,221983;9,389233E-1;1,544522E-1;2,030332E-1;9,349888E-1;;
30/11/2021  14:47:40,222083;9,394896E-1;3,275460E-2;4,475127E-2;9,349062E-1;;
30/11/2021  14:47:40,222183;9,393763E-1;1,362931E-1;1,493248E-1;9,348355E-1;;
30/11/2021  14:47:40,222283;9,393256E-1;9,551486E-2;9,940750E-2;9,347768E-1;;
30/11/2021  14:47:40,222383;9,393465E-1;9,838208E-2;9,719598E-2;9,347303E-1;;
30/11/2021  14:47:40,222483;9,396714E-1;6,238254E-2;6,402312E-2;9,346959E-1;;
30/11/2021  14:47:40,222583;9,401691E-1;1,047537E-1;1,013031E-1;9,346735E-1;;
30/11/2021  14:47:40,222683;9,405625E-1;4,008194E-2;3,242992E-2;9,346632E-1;;
30/11/2021  14:47:40,222783;9,412807E-1;1,165411E-1;1,167838E-1;9,346649E-1;;
30/11/2021  14:47:40,222883;9,409857E-1;1,171783E-1;1,221546E-1;9,346787E-1;;
30/11/2021  14:47:40,222983;9,406400E-1;1,257800E-1;1,265777E-1;9,347044E-1;;
30/11/2021  14:47:40,223083;9,405595E-1;1,165411E-1;1,035146E-1;9,347420E-1;;
30/11/2021  14:47:40,223183;9,409559E-1;1,181340E-1;1,310007E-1;9,347911E-1;;
30/11/2021  14:47:40,223283;9,412926E-1;1,146297E-1;1,009872E-1;9,348514E-1;;
30/11/2021  14:47:40,223383;9,412330E-1;9,328480E-2;1,215227E-1;9,349226E-1;;
30/11/2021  14:47:40,223483;9,409857E-1;1,077258E-2;5,259767E-3;9,350043E-1;;
30/11/2021  14:47:40,223583;9,415966E-1;4,103768E-2;5,802041E-2;9,350962E-1;;
30/11/2021  14:47:40,223683;9,407860E-1;1,305587E-1;1,287892E-1;9,351978E-1;;
30/11/2021  14:47:40,223783;9,406340E-1;1,273729E-1;1,278414E-1;9,353086E-1;;
30/11/2021  14:47:40,223883;9,407949E-1;1,359745E-1;1,313166E-1;9,354280E-1;;
30/11/2021  14:47:40,223983;9,410840E-1;1,152668E-1;1,221546E-1;9,355554E-1;;
30/11/2021  14:47:40,224083;9,406549E-1;1,251428E-1;1,328963E-1;9,356900E-1;;
30/11/2021  14:47:40,224183;9,404075E-1;1,331073E-1;1,433221E-1;9,358314E-1;;
30/11/2021  14:47:40,224283;9,401214E-1;1,273729E-1;1,287892E-1;9,359786E-1;;
30/11/2021  14:47:40,224383;9,391379E-1;1,296029E-1;1,275255E-1;9,361311E-1;;
30/11/2021  14:47:40,224483;9,386282E-1;1,194084E-1;1,161519E-1;9,362877E-1;;
30/11/2021  14:47:40,224583;9,383660E-1;1,273729E-1;1,256299E-1;9,364475E-1;;
30/11/2021  14:47:40,224683;9,385210E-1;1,235499E-1;1,281573E-1;9,366096E-1;;
30/11/2021  14:47:40,224783;9,378087E-1;1,216384E-1;1,050943E-1;9,367727E-1;;
30/11/2021  14:47:40,224883;9,375553E-1;1,264171E-1;1,379512E-1;9,369360E-1;;
30/11/2021  14:47:40,224983;9,372782E-1;1,636910E-1;1,843932E-1;9,370984E-1;;
30/11/2021  14:47:40,225083;9,365480E-1;1,573194E-1;2,144068E-1;9,372589E-1;;
30/11/2021  14:47:40,225183;9,363364E-1;1,318330E-1;1,354238E-1;9,374164E-1;;
30/11/2021  14:47:40,225283;9,368699E-1;5,951532E-2;1,256299E-1;9,375700E-1;;
30/11/2021  14:47:40,225383;9,369354E-1;1,334259E-1;1,240502E-1;9,377188E-1;;
30/11/2021  14:47:40,225483;9,370397E-1;1,732484E-1;1,894481E-1;9,378621E-1;;
30/11/2021  14:47:40,225583;9,364467E-1;1,579565E-1;1,632258E-1;9,379992E-1;;
30/11/2021  14:47:40,225683;9,356032E-1;1,337445E-1;1,351078E-1;9,381296E-1;;
30/11/2021  14:47:40,225783;9,353827E-1;1,598680E-1;1,714400E-1;9,382526E-1;;
30/11/2021  14:47:40,225883;9,352873E-1;1,327887E-1;1,319485E-1;9,383676E-1;;
30/11/2021  14:47:40,225983;9,358745E-1;9,838208E-2;7,034176E-2;9,384740E-1;;
30/11/2021  14:47:40,226083;9,359609E-1;1,101695E-1;1,237343E-1;9,385713E-1;;
30/11/2021  14:47:40,226183;9,357821E-1;1,203641E-1;9,909157E-2;9,386594E-1;;
30/11/2021  14:47:40,226283;9,357463E-1;1,108067E-1;8,171531E-2;9,387379E-1;;
30/11/2021  14:47:40,226383;9,354930E-1;1,267357E-1;1,177316E-1;9,388068E-1;;
30/11/2021  14:47:40,226483;9,353857E-1;1,302401E-1;1,606983E-1;9,388658E-1;;
30/11/2021  14:47:40,226583;9,359937E-1;1,076209E-1;1,069899E-1;9,389151E-1;;
30/11/2021  14:47:40,226683;9,365987E-1;1,260985E-1;1,287892E-1;9,389546E-1;;
30/11/2021  14:47:40,226783;9,368937E-1;1,413904E-1;1,496407E-1;9,389847E-1;;
30/11/2021  14:47:40,226883;9,365778E-1;1,694254E-1;1,935552E-1;9,390055E-1;;
30/11/2021  14:47:40,226983;9,368758E-1;1,197269E-1;1,243661E-1;9,390176E-1;;
30/11/2021  14:47:40,227083;9,362768E-1;1,630538E-1;1,745993E-1;9,390213E-1;;
30/11/2021  14:47:40,227183;9,364288E-1;1,280100E-1;1,300529E-1;9,390171E-1;;
30/11/2021  14:47:40,227283;9,368818E-1;1,340630E-1;1,341600E-1;9,390053E-1;;
30/11/2021  14:47:40,227383;9,374659E-1;9,901924E-2;8,487463E-2;9,389863E-1;;
30/11/2021  14:47:40,227483;9,368222E-1;1,455319E-1;1,360556E-1;9,389607E-1;;
30/11/2021  14:47:40,227583;9,372871E-1;1,366117E-1;1,259458E-1;9,389291E-1;;
30/11/2021  14:47:40,227683;9,371649E-1;9,710776E-2;1,003553E-1;9,388919E-1;;
30/11/2021  14:47:40,227783;9,370904E-1;-1,652042E-3;5,896821E-2;9,388497E-1;;
30/11/2021  14:47:40,227883;9,374570E-1;1,315144E-1;1,436380E-1;9,388029E-1;;
30/11/2021  14:47:40,227983;9,375941E-1;2,594380E-4;7,950379E-2;9,387522E-1;;
30/11/2021  14:47:40,228083;9,376507E-1;1,302401E-1;1,407946E-1;9,386980E-1;;
30/11/2021  14:47:40,228183;9,379815E-1;4,040052E-2;1,092014E-1;9,386410E-1;;
30/11/2021  14:47:40,228283;9,379279E-1;1,139925E-1;1,215227E-1;9,385816E-1;;
30/11/2021  14:47:40,228383;9,367149E-1;8,086018E-2;1,057261E-1;9,385205E-1;;
30/11/2021  14:47:40,228483;9,365838E-1;1,028422E-1;1,155200E-1;9,384579E-1;;
30/11/2021  14:47:40,228583;9,373318E-1;1,149482E-1;1,249980E-1;9,383941E-1;;
30/11/2021  14:47:40,228683;9,374868E-1;1,057094E-1;1,098333E-1;9,383295E-1;;
30/11/2021  14:47:40,228783;9,373169E-1;1,057094E-1;1,148882E-1;9,382643E-1;;
30/11/2021  14:47:40,228883;9,373288E-1;1,047537E-1;1,057261E-1;9,381988E-1;;
30/11/2021  14:47:40,228983;9,375017E-1;9,774492E-2;8,866581E-2;9,381335E-1;;
30/11/2021  14:47:40,229083;9,371470E-1;1,012493E-1;1,031987E-1;9,380686E-1;;
30/11/2021  14:47:40,229183;9,362053E-1;9,041758E-2;9,972343E-2;9,380042E-1;;
30/11/2021  14:47:40,229283;9,368132E-1;8,914326E-2;1,028828E-1;9,379406E-1;;
30/11/2021  14:47:40,229383;9,374004E-1;1,292843E-1;1,613302E-1;9,378778E-1;;
30/11/2021  14:47:40,229483;9,368013E-1;1,210013E-1;1,262617E-1;9,378159E-1;;
30/11/2021  14:47:40,229583;9,364258E-1;1,315144E-1;1,338441E-1;9,377552E-1;;
30/11/2021  14:47:40,229683;9,361844E-1;1,152668E-1;1,186794E-1;9,376956E-1;;
30/11/2021  14:47:40,229783;9,360831E-1;1,955490E-1;1,480610E-1;9,376371E-1;;
30/11/2021  14:47:40,229883;9,356658E-1;1,719741E-1;1,483770E-1;9,375798E-1;;
30/11/2021  14:47:40,229983;9,364258E-1;1,646467E-1;1,493248E-1;9,375234E-1;;
30/11/2021  14:47:40,230083;9,359728E-1;1,681511E-1;1,531159E-1;9,374680E-1;;
30/11/2021  14:47:40,230183;9,360950E-1;1,684697E-1;1,692285E-1;9,374135E-1;;
30/11/2021  14:47:40,230283;9,358297E-1;1,477620E-1;1,392149E-1;9,373599E-1;;
30/11/2021  14:47:40,230383;9,362053E-1;1,404346E-1;1,366875E-1;9,373071E-1;;
30/11/2021  14:47:40,230483;9,354185E-1;8,850610E-2;5,170177E-2;9,372552E-1;;
30/11/2021  14:47:40,230583;9,355854E-1;1,579565E-1;1,534319E-1;9,372041E-1;;
30/11/2021  14:47:40,230683;9,358715E-1;5,356718E-3;3,843263E-2;9,371536E-1;;
30/11/2021  14:47:40,230783;9,360980E-1;7,586778E-3;7,381701E-2;9,371038E-1;;
30/11/2021  14:47:40,230883;9,364765E-1;1,165411E-1;1,376353E-1;9,370547E-1;;
30/11/2021  14:47:40,230983;9,360712E-1;1,292843E-1;1,142563E-1;9,370063E-1;;
30/11/2021  14:47:40,231083;9,355407E-1;1,369303E-1;1,584868E-1;9,369587E-1;;
30/11/2021  14:47:40,231183;9,355943E-1;1,356559E-1;1,388990E-1;9,369120E-1;;
30/11/2021  14:47:40,231283;9,365093E-1;1,187712E-1;1,253139E-1;9,368660E-1;;
30/11/2021  14:47:40,231383;9,367447E-1;1,464877E-1;1,395309E-1;9,368209E-1;;
30/11/2021  14:47:40,231483;9,375643E-1;-1,662530E-2;5,359736E-2;9,367768E-1;;
30/11/2021  14:47:40,231583;9,376835E-1;1,585937E-1;1,540637E-1;9,367341E-1;;
30/11/2021  14:47:40,231683;9,375077E-1;1,308772E-1;1,306848E-1;9,366930E-1;;
30/11/2021  14:47:40,231783;9,373199E-1;1,394789E-1;1,338441E-1;9,366538E-1;;
30/11/2021  14:47:40,231883;9,380799E-1;1,276914E-1;1,224705E-1;9,366169E-1;;
30/11/2021  14:47:40,231983;9,388995E-1;1,215178E-3;3,364175E-3;9,365824E-1;;
30/11/2021  14:47:40,232083;9,397637E-1;1,852338E-3;4,627903E-3;9,365509E-1;;
30/11/2021  14:47:40,232183;9,400707E-1;3,126658E-3;5,575699E-3;9,365228E-1;;
30/11/2021  14:47:40,232283;9,398979E-1;4,082398E-3;6,207563E-3;9,364987E-1;;
30/11/2021  14:47:40,232383;9,403807E-1;2,489498E-3;4,311971E-3;9,364791E-1;;
30/11/2021  14:47:40,232483;9,405297E-1;6,631038E-3;9,050951E-3;9,364645E-1;;
30/11/2021  14:47:40,232583;9,400230E-1;9,179678E-3;1,094654E-2;9,364553E-1;;
30/11/2021  14:47:40,232683;9,414536E-1;6,631038E-3;7,471291E-3;9,364519E-1;;
30/11/2021  14:47:40,232783;9,419423E-1;3,763818E-3;6,207563E-3;9,364546E-1;;
30/11/2021  14:47:40,232883;9,398800E-1;8,861098E-3;1,157841E-2;9,364638E-1;;
30/11/2021  14:47:40,232983;9,413820E-1;3,126658E-3;5,575699E-3;9,364797E-1;;
30/11/2021  14:47:40,233083;9,407204E-1;8,965980E-4;3,680107E-3;9,365025E-1;;
30/11/2021  14:47:40,233183;9,411257E-1;1,852338E-3;3,680107E-3;9,365322E-1;;
30/11/2021  14:47:40,233283;9,415996E-1;5,356718E-3;6,839427E-3;9,365688E-1;;
30/11/2021  14:47:40,233383;9,419930E-1;8,965980E-4;3,680107E-3;9,366124E-1;;
30/11/2021  14:47:40,233483;9,417516E-1;3,445238E-3;5,891631E-3;9,366629E-1;;
30/11/2021  14:47:40,233583;9,418976E-1;1,215178E-3;3,680107E-3;9,367205E-1;;
30/11/2021  14:47:40,233683;9,419841E-1;8,965980E-4;3,364175E-3;9,367850E-1;;
30/11/2021  14:47:40,233783;9,419006E-1;1,533758E-3;3,364175E-3;9,368564E-1;;
30/11/2021  14:47:40,233883;9,414536E-1;3,126658E-3;4,311971E-3;9,369345E-1;;
30/11/2021  14:47:40,233983;9,422493E-1;8,965980E-4;3,048243E-3;9,370191E-1;;
30/11/2021  14:47:40,234083;9,427411E-1;2,489498E-3;4,627903E-3;9,371099E-1;;
30/11/2021  14:47:40,234183;9,427411E-1;3,763818E-3;4,943835E-3;9,372068E-1;;
30/11/2021  14:47:40,234283;9,429884E-1;2,808078E-3;5,259767E-3;9,373096E-1;;
30/11/2021  14:47:40,234383;9,430391E-1;2,489498E-3;4,943835E-3;9,374182E-1;;
30/11/2021  14:47:40,234483;9,431404E-1;1,215178E-3;3,680107E-3;9,375324E-1;;
30/11/2021  14:47:40,234583;9,429437E-1;1,215178E-3;3,680107E-3;9,376520E-1;;
30/11/2021  14:47:40,234683;9,436828E-1;1,215178E-3;3,364175E-3;9,377768E-1;;
30/11/2021  14:47:40,234783;9,442461E-1;1,533758E-3;3,364175E-3;9,379065E-1;;
30/11/2021  14:47:40,234883;9,446872E-1;1,215178E-3;3,680107E-3;9,380411E-1;;
30/11/2021  14:47:40,234983;9,443653E-1;8,965980E-4;3,364175E-3;9,381804E-1;;
30/11/2021  14:47:40,235083;9,445054E-1;1,215178E-3;3,364175E-3;9,383243E-1;;
30/11/2021  14:47:40,235183;9,443743E-1;1,533758E-3;3,364175E-3;9,384727E-1;;
30/11/2021  14:47:40,235283;9,452833E-1;2,808078E-3;5,891631E-3;9,386254E-1;;
30/11/2021  14:47:40,235383;9,457512E-1;4,082398E-3;7,155359E-3;9,387822E-1;;
30/11/2021  14:47:40,235483;9,461326E-1;8,223938E-3;1,221027E-2;9,389430E-1;;
30/11/2021  14:47:40,235583;9,461922E-1;3,445238E-3;7,787223E-3;9,391078E-1;;
30/11/2021  14:47:40,235683;9,467317E-1;1,491412E-2;1,726518E-2;9,392766E-1;;
30/11/2021  14:47:40,235783;9,473039E-1;1,523270E-2;1,758111E-2;9,394494E-1;;
30/11/2021  14:47:40,235883;9,470029E-1;1,555128E-2;1,694925E-2;9,396262E-1;;
30/11/2021  14:47:40,235983;9,476973E-1;1,491412E-2;1,852891E-2;9,398069E-1;;
30/11/2021  14:47:40,236083;9,481741E-1;1,459554E-2;1,600145E-2;9,399916E-1;;
30/11/2021  14:47:40,236183;9,487821E-1;1,746276E-2;1,947671E-2;9,401803E-1;;
30/11/2021  14:47:40,236283;9,489818E-1;9,838208E-2;1,183634E-1;9,403731E-1;;
30/11/2021  14:47:40,236383;9,491785E-1;1,076209E-1;1,133085E-1;9,405701E-1;;
30/11/2021  14:47:40,236483;9,489788E-1;8,117876E-2;8,045158E-2;9,407712E-1;;
30/11/2021  14:47:40,236583;9,491994E-1;1,778134E-2;1,916077E-2;9,409765E-1;;
30/11/2021  14:47:40,236683;9,492411E-1;8,850610E-2;8,740209E-2;9,411859E-1;;
30/11/2021  14:47:40,236783;9,503468E-1;1,491412E-2;3,179805E-2;9,413993E-1;;
30/11/2021  14:47:40,236883;9,503289E-1;1,098510E-1;1,063580E-1;9,416166E-1;;
30/11/2021  14:47:40,236983;9,506746E-1;4,740928E-2;6,718244E-2;9,418377E-1;;
30/11/2021  14:47:40,237083;9,504481E-1;8,117876E-2;1,025668E-1;9,420626E-1;;
30/11/2021  14:47:40,237183;9,500666E-1;-2,554554E-2;4,317161E-2;9,422912E-1;;
30/11/2021  14:47:40,237283;9,501590E-1;1,397975E-1;1,344760E-1;9,425233E-1;;
30/11/2021  14:47:40,237383;9,505614E-1;1,458505E-1;1,632258E-1;9,427584E-1;;
30/11/2021  14:47:40,237483;9,506657E-1;1,241871E-1;1,180475E-1;9,429964E-1;;
30/11/2021  14:47:40,237583;9,505375E-1;1,439390E-1;1,499566E-1;9,432369E-1;;
30/11/2021  14:47:40,237683;9,501560E-1;1,149482E-1;1,120448E-1;9,434796E-1;;
30/11/2021  14:47:40,237783;9,492292E-1;1,385232E-1;1,322644E-1;9,437239E-1;;
30/11/2021  14:47:40,237883;9,493722E-1;1,595494E-1;1,629098E-1;9,439694E-1;;
30/11/2021  14:47:40,237983;9,496494E-1;1,076209E-1;1,253139E-1;9,442153E-1;;
30/11/2021  14:47:40,238083;9,490176E-1;1,194084E-1;1,193112E-1;9,444611E-1;;
30/11/2021  14:47:40,238183;9,485646E-1;1,190898E-1;1,237343E-1;9,447061E-1;;
30/11/2021  14:47:40,238283;9,480222E-1;7,894870E-2;6,212753E-2;9,449495E-1;;
30/11/2021  14:47:40,238383;9,478046E-1;1,152668E-1;1,291051E-1;9,451906E-1;;
30/11/2021  14:47:40,238483;9,479268E-1;1,483991E-1;1,644895E-1;9,454285E-1;;
30/11/2021  14:47:40,238583;9,470923E-1;1,022050E-1;1,183634E-1;9,456623E-1;;
30/11/2021  14:47:40,238683;9,469820E-1;9,678918E-2;1,142563E-1;9,458914E-1;;
30/11/2021  14:47:40,238783;9,468628E-1;1,095324E-1;1,180475E-1;9,461148E-1;;
30/11/2021  14:47:40,238883;9,471102E-1;1,289658E-1;1,281573E-1;9,463318E-1;;
30/11/2021  14:47:40,238983;9,461177E-1;1,315144E-1;1,768108E-1;9,465417E-1;;
30/11/2021  14:47:40,239083;9,455098E-1;9,678918E-2;1,133085E-1;9,467438E-1;;
30/11/2021  14:47:40,239183;9,451909E-1;9,169190E-2;1,133085E-1;9,469374E-1;;
30/11/2021  14:47:40,239283;9,447766E-1;8,659462E-2;1,038306E-1;9,471216E-1;;
30/11/2021  14:47:40,239383;9,445799E-1;9,328480E-2;1,085695E-1;9,472958E-1;;
30/11/2021  14:47:40,239483;9,444875E-1;9,137332E-2;9,972343E-2;9,474592E-1;;
30/11/2021  14:47:40,239583;9,443713E-1;1,002936E-1;1,196272E-1;9,476113E-1;;
30/11/2021  14:47:40,239683;9,436232E-1;1,028422E-1;1,073058E-1;9,477515E-1;;
30/11/2021  14:47:40,239783;9,429139E-1;9,742634E-2;8,550650E-2;9,478793E-1;;
30/11/2021  14:47:40,239883;9,426129E-1;1,433019E-1;1,221546E-1;9,479942E-1;;
30/11/2021  14:47:40,239983;9,427887E-1;1,757970E-1;1,761790E-1;9,480957E-1;;
30/11/2021  14:47:40,240083;9,424252E-1;1,843987E-1;1,818658E-1;9,481833E-1;;
30/11/2021  14:47:40,240183;9,421063E-1;1,474434E-1;1,682807E-1;9,482567E-1;;
30/11/2021  14:47:40,240283;9,422106E-1;1,426647E-1;1,284732E-1;9,483157E-1;;
30/11/2021  14:47:40,240383;9,412450E-1;1,662396E-1;1,638576E-1;9,483601E-1;;
30/11/2021  14:47:40,240483;9,409976E-1;1,273729E-1;1,436380E-1;9,483898E-1;;
30/11/2021  14:47:40,240583;9,406668E-1;1,248242E-1;1,303688E-1;9,484046E-1;;
30/11/2021  14:47:40,240683;9,403866E-1;1,184526E-1;1,303688E-1;9,484043E-1;;
30/11/2021  14:47:40,240783;9,404492E-1;1,130368E-1;1,069899E-1;9,483890E-1;;
30/11/2021  14:47:40,240883;9,405774E-1;1,241871E-1;1,249980E-1;9,483587E-1;;
30/11/2021  14:47:40,240983;9,407085E-1;1,251428E-1;1,170997E-1;9,483135E-1;;
30/11/2021  14:47:40,241083;9,396714E-1;9,551486E-2;8,929768E-2;9,482537E-1;;
30/11/2021  14:47:40,241183;9,394955E-1;7,958586E-2;8,139938E-2;9,481796E-1;;
30/11/2021  14:47:40,241283;9,396684E-1;1,120810E-1;1,262617E-1;9,480914E-1;;
30/11/2021  14:47:40,241383;9,396505E-1;1,181340E-1;1,177316E-1;9,479895E-1;;
30/11/2021  14:47:40,241483;9,399336E-1;1,410718E-1;1,758630E-1;9,478743E-1;;
30/11/2021  14:47:40,241583;9,397101E-1;7,894870E-2;1,054102E-1;9,477463E-1;;
30/11/2021  14:47:40,241683;9,392899E-1;1,149482E-1;1,205749E-1;9,476061E-1;;
30/11/2021  14:47:40,241783;9,385835E-1;1,053908E-1;1,227865E-1;9,474543E-1;;
30/11/2021  14:47:40,241883;9,382199E-1;1,203641E-1;1,183634E-1;9,472913E-1;;
30/11/2021  14:47:40,241983;9,379666E-1;6,939130E-2;7,286922E-2;9,471176E-1;;
30/11/2021  14:47:40,242083;9,381127E-1;1,133553E-1;1,117289E-1;9,469337E-1;;
30/11/2021  14:47:40,242183;9,377729E-1;1,165411E-1;1,092014E-1;9,467400E-1;;
30/11/2021  14:47:40,242283;9,376388E-1;1,302401E-1;1,458495E-1;9,465370E-1;;
30/11/2021  14:47:40,242383;9,375315E-1;1,114439E-1;1,161519E-1;9,463252E-1;;
30/11/2021  14:47:40,242483;9,366791E-1;1,123996E-1;1,092014E-1;9,461053E-1;;
30/11/2021  14:47:40,242583;9,364496E-1;1,136739E-1;1,019350E-1;9,458776E-1;;
30/11/2021  14:47:40,242683;9,362977E-1;-2,926362E-3;-3,586329E-3;9,456426E-1;;
30/11/2021  14:47:40,242783;9,364496E-1;7,608148E-2;6,844617E-2;9,454006E-1;;
30/11/2021  14:47:40,242883;9,365093E-1;9,360338E-2;9,466852E-2;9,451523E-1;;
30/11/2021  14:47:40,242983;9,356986E-1;4,040052E-2;4,569906E-2;9,448981E-1;;
30/11/2021  14:47:40,243083;9,350966E-1;1,073023E-1;8,677022E-2;9,446385E-1;;
30/11/2021  14:47:40,243183;9,344052E-1;1,340630E-1;1,430061E-1;9,443739E-1;;
30/11/2021  14:47:40,243283;9,339939E-1;1,241871E-1;1,284732E-1;9,441045E-1;;
30/11/2021  14:47:40,243383;9,339581E-1;1,238685E-1;1,294210E-1;9,438306E-1;;
30/11/2021  14:47:40,243483;9,341518E-1;1,229127E-1;1,218387E-1;9,435525E-1;;
30/11/2021  14:47:40,243583;9,340028E-1;1,178155E-1;1,196272E-1;9,432704E-1;;
30/11/2021  14:47:40,243683;9,332965E-1;1,248242E-1;1,240502E-1;9,429848E-1;;
30/11/2021  14:47:40,243783;9,324978E-1;1,280100E-1;1,246821E-1;9,426959E-1;;
30/11/2021  14:47:40,243883;9,325037E-1;1,267357E-1;1,262617E-1;9,424040E-1;;
30/11/2021  14:47:40,243983;9,316603E-1;1,280100E-1;1,240502E-1;9,421092E-1;;
30/11/2021  14:47:40,244083;9,318391E-1;1,260985E-1;1,237343E-1;9,418117E-1;;
30/11/2021  14:47:40,244183;9,317467E-1;8,946184E-2;1,047783E-1;9,415117E-1;;
30/11/2021  14:47:40,244283;9,313295E-1;1,028422E-1;1,183634E-1;9,412094E-1;;
30/11/2021  14:47:40,244383;9,309719E-1;1,267357E-1;1,325804E-1;9,409049E-1;;
30/11/2021  14:47:40,244483;9,303102E-1;7,586778E-3;1,221027E-2;9,405986E-1;;
30/11/2021  14:47:40,244583;9,298751E-1;1,334259E-1;1,467973E-1;9,402904E-1;;
30/11/2021  14:47:40,244683;9,298989E-1;1,270543E-1;1,275255E-1;9,399806E-1;;
30/11/2021  14:47:40,244783;9,302685E-1;6,907272E-2;1,388990E-1;9,396693E-1;;
30/11/2021  14:47:40,244883;9,304205E-1;1,267357E-1;1,174156E-1;9,393566E-1;;
30/11/2021  14:47:40,244983;9,306053E-1;1,356559E-1;1,565912E-1;9,390430E-1;;
30/11/2021  14:47:40,245083;9,293267E-1;1,264171E-1;1,284732E-1;9,387287E-1;;
30/11/2021  14:47:40,245183;9,283373E-1;1,270543E-1;1,291051E-1;9,384141E-1;;
30/11/2021  14:47:40,245283;9,287843E-1;1,359745E-1;1,452176E-1;9,380994E-1;;
30/11/2021  14:47:40,245383;9,292016E-1;1,555128E-2;6,686651E-2;9,377846E-1;;
30/11/2021  14:47:40,245483;9,290883E-1;1,060280E-1;9,751191E-2;9,374700E-1;;
30/11/2021  14:47:40,245583;9,295562E-1;1,534964E-1;1,673329E-1;9,371560E-1;;
30/11/2021  14:47:40,245683;9,291926E-1;1,302401E-1;1,145722E-1;9,368429E-1;;
30/11/2021  14:47:40,245783;9,288737E-1;1,222756E-1;1,249980E-1;9,365311E-1;;
30/11/2021  14:47:40,245883;9,290972E-1;2,765732E-2;8,297904E-2;9,362211E-1;;
30/11/2021  14:47:40,245983;9,279737E-1;1,436204E-1;1,606983E-1;9,359132E-1;;
30/11/2021  14:47:40,246083;9,284922E-1;1,229127E-1;1,066739E-1;9,356076E-1;;
30/11/2021  14:47:40,246183;9,293506E-1;1,429833E-1;1,559593E-1;9,353047E-1;;
30/11/2021  14:47:40,246283;9,293446E-1;1,404346E-1;1,600664E-1;9,350048E-1;;
30/11/2021  14:47:40,246383;9,286115E-1;1,678325E-1;1,948190E-1;9,347085E-1;;
30/11/2021  14:47:40,246483;9,285548E-1;1,292843E-1;1,287892E-1;9,344161E-1;;
30/11/2021  14:47:40,246583;9,285548E-1;1,308772E-1;1,297370E-1;9,341279E-1;;
30/11/2021  14:47:40,246683;9,285280E-1;1,327887E-1;1,322644E-1;9,338443E-1;;
30/11/2021  14:47:40,246783;9,292194E-1;1,318330E-1;1,177316E-1;9,335656E-1;;
30/11/2021  14:47:40,246883;9,295115E-1;1,324701E-1;1,259458E-1;9,332922E-1;;
30/11/2021  14:47:40,246983;9,296099E-1;1,289658E-1;1,259458E-1;9,330244E-1;;
30/11/2021  14:47:40,247083;9,292522E-1;1,299215E-1;1,297370E-1;9,327629E-1;;
30/11/2021  14:47:40,247183;9,294281E-1;1,353374E-1;1,268936E-1;9,325078E-1;;
30/11/2021  14:47:40,247283;9,290078E-1;1,079395E-1;9,940750E-2;9,322597E-1;;
30/11/2021  14:47:40,247383;9,292701E-1;1,276914E-1;1,180475E-1;9,320188E-1;;
30/11/2021  14:47:40,247483;9,298840E-1;8,691320E-2;8,929768E-2;9,317853E-1;;
30/11/2021  14:47:40,247583;9,301851E-1;1,382046E-1;1,480610E-1;9,315597E-1;;
30/11/2021  14:47:40,247683;9,305785E-1;2,594380E-4;1,663332E-2;9,313421E-1;;
30/11/2021  14:47:40,247783;9,300837E-1;1,426647E-1;1,366875E-1;9,311331E-1;;
30/11/2021  14:47:40,247883;9,299168E-1;1,401161E-1;1,335282E-1;9,309330E-1;;
30/11/2021  14:47:40,247983;9,294012E-1;1,321516E-1;1,256299E-1;9,307418E-1;;
30/11/2021  14:47:40,248083;9,297172E-1;1,302401E-1;1,316326E-1;9,305598E-1;;
30/11/2021  14:47:40,248183;9,307126E-1;1,251428E-1;1,262617E-1;9,303870E-1;;
30/11/2021  14:47:40,248283;9,309212E-1;1,216384E-1;1,278414E-1;9,302235E-1;;
30/11/2021  14:47:40,248383;9,310821E-1;1,264171E-1;1,376353E-1;9,300696E-1;;
30/11/2021  14:47:40,248483;9,305636E-1;1,104881E-1;1,155200E-1;9,299253E-1;;
30/11/2021  14:47:40,248583;9,307901E-1;1,095324E-1;1,114129E-1;9,297910E-1;;
30/11/2021  14:47:40,248683;9,311358E-1;1,165411E-1;1,006712E-1;9,296665E-1;;
30/11/2021  14:47:40,248783;9,320090E-1;1,047537E-1;1,136244E-1;9,295519E-1;;
30/11/2021  14:47:40,248883;9,325395E-1;1,085766E-1;9,056141E-2;9,294475E-1;;
30/11/2021  14:47:40,248983;9,326229E-1;9,009900E-2;7,255328E-2;9,293533E-1;;
30/11/2021  14:47:40,249083;9,332786E-1;1,085766E-1;1,347919E-1;9,292697E-1;;
30/11/2021  14:47:40,249183;9,338210E-1;1,063466E-1;1,231024E-1;9,291969E-1;;
30/11/2021  14:47:40,249283;9,338180E-1;1,178155E-1;1,231024E-1;9,291350E-1;;
30/11/2021  14:47:40,249383;9,341429E-1;1,041165E-1;1,161519E-1;9,290844E-1;;
30/11/2021  14:47:40,249483;9,354393E-1;1,012493E-1;1,107811E-1;9,290453E-1;;
30/11/2021  14:47:40,249583;9,368043E-1;1,057094E-1;1,095173E-1;9,290180E-1;;
30/11/2021  14:47:40,249683;9,368460E-1;1,155854E-1;1,521681E-1;9,290029E-1;;
30/11/2021  14:47:40,249783;9,382050E-1;1,560451E-1;1,629098E-1;9,290005E-1;;
30/11/2021  14:47:40,249883;9,378683E-1;1,347002E-1;1,363715E-1;9,290112E-1;;
30/11/2021  14:47:40,249983;9,384405E-1;2,426988E-1;2,229369E-1;9,290357E-1;;
30/11/2021  14:47:40,250083;9,390306E-1;1,872659E-1;1,644895E-1;9,290741E-1;;
30/11/2021  14:47:40,250183;9,405416E-1;1,570008E-1;1,531159E-1;9,291268E-1;;
30/11/2021  14:47:40,250283;9,417039E-1;1,926818E-1;1,663851E-1;9,291944E-1;;
30/11/2021  14:47:40,250383;9,421152E-1;1,308772E-1;1,016190E-1;9,292772E-1;;
30/11/2021  14:47:40,250483;9,427083E-1;-5,995218E-2;1,315807E-2;9,293758E-1;;
30/11/2021  14:47:40,250583;9,431047E-1;1,315144E-1;1,164678E-1;9,294906E-1;;
30/11/2021  14:47:40,250683;9,437424E-1;1,382046E-1;1,351078E-1;9,296221E-1;;
30/11/2021  14:47:40,250783;9,448630E-1;1,018865E-1;1,227865E-1;9,297706E-1;;
30/11/2021  14:47:40,250883;9,455425E-1;1,413904E-1;1,411105E-1;9,299362E-1;;
30/11/2021  14:47:40,250983;9,459538E-1;1,356559E-1;1,366875E-1;9,301195E-1;;
30/11/2021  14:47:40,251083;9,464873E-1;5,824100E-2;1,461654E-1;9,303204E-1;;
30/11/2021  14:47:40,251183;9,465052E-1;1,385232E-1;1,351078E-1;9,305393E-1;;
30/11/2021  14:47:40,251283;9,467436E-1;1,573194E-1;1,723878E-1;9,307761E-1;;
30/11/2021  14:47:40,251383;9,471340E-1;1,353374E-1;1,373193E-1;9,310306E-1;;
30/11/2021  14:47:40,251483;9,477539E-1;1,267357E-1;1,344760E-1;9,313027E-1;;
30/11/2021  14:47:40,251583;9,479864E-1;1,318330E-1;1,180475E-1;9,315920E-1;;
30/11/2021  14:47:40,251683;9,486063E-1;1,442576E-1;1,306848E-1;9,318981E-1;;
30/11/2021  14:47:40,251783;9,481771E-1;8,818752E-2;1,038306E-1;9,322208E-1;;
30/11/2021  14:47:40,251883;9,479715E-1;-1,014882E-3;5,928414E-2;9,325593E-1;;
30/11/2021  14:47:40,251983;9,475930E-1;1,109116E-2;1,758111E-2;9,329130E-1;;
30/11/2021  14:47:40,252083;9,481026E-1;4,400978E-3;6,207563E-3;9,332809E-1;;
30/11/2021  14:47:40,252183;9,482874E-1;6,949618E-3;8,419087E-3;9,336622E-1;;
30/11/2021  14:47:40,252283;9,485228E-1;2,808078E-3;5,575699E-3;9,340558E-1;;
30/11/2021  14:47:40,252383;9,482010E-1;6,312458E-3;9,050951E-3;9,344608E-1;;
30/11/2021  14:47:40,252483;9,479089E-1;3,445238E-3;5,891631E-3;9,348760E-1;;
30/11/2021  14:47:40,252583;9,467943E-1;8,223938E-3;1,063061E-2;9,353003E-1;;
30/11/2021  14:47:40,252683;9,466333E-1;4,400978E-3;6,207563E-3;9,357324E-1;;
30/11/2021  14:47:40,252783;9,472979E-1;1,852338E-3;3,996039E-3;9,361707E-1;;
30/11/2021  14:47:40,252883;9,470863E-1;1,215178E-3;3,680107E-3;9,366138E-1;;
30/11/2021  14:47:40,252983;9,469612E-1;3,763818E-3;5,575699E-3;9,370604E-1;;
30/11/2021  14:47:40,253083;9,468092E-1;1,852338E-3;3,680107E-3;9,375091E-1;;
30/11/2021  14:47:40,253183;9,465201E-1;1,533758E-3;3,364175E-3;9,379587E-1;;
30/11/2021  14:47:40,253283;9,457035E-1;5,038138E-3;7,155359E-3;9,384076E-1;;
30/11/2021  14:47:40,253383;9,457929E-1;4,719558E-3;7,155359E-3;9,388545E-1;;
30/11/2021  14:47:40,253483;9,457303E-1;1,533758E-3;3,048243E-3;9,392981E-1;;
30/11/2021  14:47:40,253583;9,457750E-1;5,356718E-3;8,103155E-3;9,397369E-1;;
30/11/2021  14:47:40,253683;9,463204E-1;2,489498E-3;4,943835E-3;9,401698E-1;;
30/11/2021  14:47:40,253783;9,450448E-1;1,215178E-3;3,680107E-3;9,405956E-1;;
30/11/2021  14:47:40,253883;9,447140E-1;4,400978E-3;7,471291E-3;9,410133E-1;;
30/11/2021  14:47:40,253983;9,447915E-1;7,268198E-3;8,419087E-3;9,414216E-1;;
30/11/2021  14:47:40,254083;9,443236E-1;5,780180E-4;3,680107E-3;9,418194E-1;;
30/11/2021  14:47:40,254183;9,452296E-1;8,965980E-4;3,364175E-3;9,422059E-1;;
30/11/2021  14:47:40,254283;9,449226E-1;1,215178E-3;3,680107E-3;9,425800E-1;;
30/11/2021  14:47:40,254383;9,449793E-1;5,675298E-3;7,787223E-3;9,429410E-1;;
30/11/2021  14:47:40,254483;9,447528E-1;8,965980E-4;3,996039E-3;9,432884E-1;;
30/11/2021  14:47:40,254583;9,440137E-1;1,215178E-3;3,364175E-3;9,436216E-1;;
30/11/2021  14:47:40,254683;9,439421E-1;1,215178E-3;3,364175E-3;9,439400E-1;;
30/11/2021  14:47:40,254783;9,439660E-1;1,215178E-3;3,680107E-3;9,442430E-1;;
30/11/2021  14:47:40,254883;9,442789E-1;1,215178E-3;3,048243E-3;9,445302E-1;;
30/11/2021  14:47:40,254983;9,439272E-1;5,780180E-4;3,364175E-3;9,448012E-1;;
30/11/2021  14:47:40,255083;9,442253E-1;8,965980E-4;3,048243E-3;9,450559E-1;;
30/11/2021  14:47:40,255183;9,438527E-1;1,215178E-3;3,680107E-3;9,452941E-1;;
30/11/2021  14:47:40,255283;9,430540E-1;1,215178E-3;3,048243E-3;9,455155E-1;;
30/11/2021  14:47:40,255383;9,428245E-1;1,215178E-3;3,680107E-3;9,457203E-1;;
30/11/2021  14:47:40,255483;9,433043E-1;3,763818E-3;6,523495E-3;9,459081E-1;;
30/11/2021  14:47:40,255583;9,432596E-1;1,395838E-2;1,568552E-2;9,460790E-1;;
30/11/2021  14:47:40,255683;9,435219E-1;1,491412E-2;1,600145E-2;9,462330E-1;;
30/11/2021  14:47:40,255783;9,433550E-1;1,586986E-2;1,758111E-2;9,463704E-1;;
30/11/2021  14:47:40,255883;9,433163E-1;1,523270E-2;1,694925E-2;9,464914E-1;;
30/11/2021  14:47:40,255983;9,426040E-1;1,586986E-2;1,789705E-2;9,465964E-1;;
30/11/2021  14:47:40,256083;9,425682E-1;1,714418E-2;1,852891E-2;9,466856E-1;;
30/11/2021  14:47:40,256183;9,423447E-1;1,809992E-2;2,263603E-2;9,467592E-1;;
30/11/2021  14:47:40,256283;9,434742E-1;1,586986E-2;1,947671E-2;9,468177E-1;;
30/11/2021  14:47:40,256383;9,431076E-1;1,334259E-1;1,310007E-1;9,468614E-1;;
30/11/2021  14:47:40,256483;9,430987E-1;4,549780E-2;5,201770E-2;9,468909E-1;;
30/11/2021  14:47:40,256583;9,422165E-1;3,020596E-2;4,127601E-2;9,469068E-1;;
30/11/2021  14:47:40,256683;9,415758E-1;5,059508E-2;5,580889E-2;9,469096E-1;;
30/11/2021  14:47:40,256783;9,413761E-1;2,160430E-2;2,453162E-2;9,468996E-1;;
30/11/2021  14:47:40,256883;9,417963E-1;4,135626E-2;5,802041E-2;9,468772E-1;;
30/11/2021  14:47:40,256983;9,419245E-1;1,152668E-1;1,098333E-1;9,468428E-1;;
30/11/2021  14:47:40,257083;9,412599E-1;8,181592E-2;1,183634E-1;9,467969E-1;;
30/11/2021  14:47:40,257183;9,411585E-1;1,276914E-1;1,303688E-1;9,467399E-1;;
30/11/2021  14:47:40,257283;9,408307E-1;1,210013E-1;1,208909E-1;9,466723E-1;;
30/11/2021  14:47:40,257383;9,397727E-1;1,522221E-1;1,907119E-1;9,465944E-1;;
30/11/2021  14:47:40,257483;9,401512E-1;9,424054E-2;9,972343E-2;9,465067E-1;;
30/11/2021  14:47:40,257583;9,402942E-1;1,276914E-1;1,082536E-1;9,464095E-1;;
30/11/2021  14:47:40,257683;9,401542E-1;1,206827E-1;1,123607E-1;9,463030E-1;;
30/11/2021  14:47:40,257783;9,403211E-1;1,095324E-1;9,593225E-2;9,461878E-1;;
30/11/2021  14:47:40,257883;9,392183E-1;1,394789E-1;1,281573E-1;9,460643E-1;;
30/11/2021  14:47:40,257983;9,389114E-1;1,264171E-1;1,360556E-1;9,459329E-1;;
30/11/2021  14:47:40,258083;9,387355E-1;1,222756E-1;1,493248E-1;9,457940E-1;;
30/11/2021  14:47:40,258183;9,384763E-1;1,127182E-1;7,255328E-2;9,456478E-1;;
30/11/2021  14:47:40,258283;9,391498E-1;1,318330E-1;1,430061E-1;9,454946E-1;;
30/11/2021  14:47:40,258383;9,388667E-1;1,267357E-1;1,433221E-1;9,453348E-1;;
30/11/2021  14:47:40,258483;9,389680E-1;1,509478E-1;2,128271E-1;9,451689E-1;;
30/11/2021  14:47:40,258583;9,387653E-1;1,022050E-1;1,142563E-1;9,449973E-1;;
30/11/2021  14:47:40,258683;9,378981E-1;1,057094E-1;1,120448E-1;9,448205E-1;;
30/11/2021  14:47:40,258783;9,382140E-1;1,044351E-1;1,133085E-1;9,446390E-1;;
30/11/2021  14:47:40,258883;9,385418E-1;9,615202E-2;1,120448E-1;9,444530E-1;;
30/11/2021  14:47:40,258983;9,388071E-1;9,232906E-2;1,076217E-1;9,442632E-1;;
30/11/2021  14:47:40,259083;9,386342E-1;1,088952E-1;1,215227E-1;9,440699E-1;;
30/11/2021  14:47:40,259183;9,387475E-1;1,104881E-1;1,164678E-1;9,438737E-1;;
30/11/2021  14:47:40,259283;9,390604E-1;6,747982E-2;9,087734E-2;9,436754E-1;;
30/11/2021  14:47:40,259383;9,382915E-1;6,238254E-2;7,318515E-2;9,434753E-1;;
30/11/2021  14:47:40,259483;9,382915E-1;7,767438E-2;9,340479E-2;9,432740E-1;;
30/11/2021  14:47:40,259583;9,386998E-1;7,448858E-2;1,073058E-1;9,430721E-1;;
30/11/2021  14:47:40,259683;9,392034E-1;1,022050E-1;1,366875E-1;9,428700E-1;;
30/11/2021  14:47:40,259783;9,398561E-1;5,983390E-2;1,076217E-1;9,426684E-1;;
30/11/2021  14:47:40,259883;9,394896E-1;1,063466E-1;1,234183E-1;9,424678E-1;;
30/11/2021  14:47:40,259983;9,396416E-1;1,251428E-1;1,354238E-1;9,422689E-1;;
30/11/2021  14:47:40,260083;9,395670E-1;1,375674E-1;1,328963E-1;9,420725E-1;;
30/11/2021  14:47:40,260183;9,398502E-1;1,659210E-1;1,553275E-1;9,418790E-1;;
30/11/2021  14:47:40,260283;9,409082E-1;1,751599E-1;1,509044E-1;9,416890E-1;;
30/11/2021  14:47:40,260383;9,409648E-1;1,735670E-1;1,670170E-1;9,415033E-1;;
30/11/2021  14:47:40,260483;9,415579E-1;1,818500E-1;1,790224E-1;9,413224E-1;;
30/11/2021  14:47:40,260583;9,413403E-1;1,570008E-1;1,449017E-1;9,411472E-1;;
30/11/2021  14:47:40,260683;9,412032E-1;1,468062E-1;1,291051E-1;9,409783E-1;;
30/11/2021  14:47:40,260783;9,410035E-1;1,088952E-1;1,060421E-1;9,408163E-1;;
30/11/2021  14:47:40,260883;9,417754E-1;1,022050E-1;1,142563E-1;9,406616E-1;;
30/11/2021  14:47:40,260983;9,425801E-1;2,861306E-2;8,519056E-2;9,405147E-1;;
30/11/2021  14:47:40,261083;9,421957E-1;1,146297E-1;1,145722E-1;9,403760E-1;;
30/11/2021  14:47:40,261183;9,418201E-1;1,162226E-1;1,272095E-1;9,402462E-1;;
30/11/2021  14:47:40,261283;9,422821E-1;1,477620E-1;2,115634E-1;9,401254E-1;;
30/11/2021  14:47:40,261383;9,416741E-1;2,001140E-2;8,045158E-2;9,400140E-1;;
30/11/2021  14:47:40,261483;9,418261E-1;1,203641E-1;1,189953E-1;9,399121E-1;;
30/11/2021  14:47:40,261583;9,420109E-1;1,114439E-1;1,123607E-1;9,398198E-1;;
30/11/2021  14:47:40,261683;9,423953E-1;1,152668E-1;1,057261E-1;9,397372E-1;;
30/11/2021  14:47:40,261783;9,429258E-1;1,120810E-1;1,028828E-1;9,396642E-1;;
30/11/2021  14:47:40,261883;9,426189E-1;1,334259E-1;1,341600E-1;9,396010E-1;;
30/11/2021  14:47:40,261983;9,422970E-1;5,951532E-2;5,865227E-2;9,395475E-1;;
30/11/2021  14:47:40,262083;9,416205E-1;1,841850E-2;1,884484E-2;9,395037E-1;;
30/11/2021  14:47:40,262183;9,411883E-1;-1,917394E-2;1,784515E-3;9,394693E-1;;
30/11/2021  14:47:40,262283;9,422612E-1;-1,970622E-3;1,315807E-2;9,394440E-1;;
30/11/2021  14:47:40,262383;9,415311E-1;8,372740E-2;6,781430E-2;9,394274E-1;;
30/11/2021  14:47:40,262483;9,413165E-1;4,868360E-2;2,674314E-2;9,394192E-1;;
30/11/2021  14:47:40,262583;9,411615E-1;1,076209E-1;1,063580E-1;9,394188E-1;;
30/11/2021  14:47:40,262683;9,406578E-1;1,350188E-1;1,436380E-1;9,394258E-1;;
30/11/2021  14:47:40,262783;9,403270E-1;1,245056E-1;1,272095E-1;9,394396E-1;;
30/11/2021  14:47:40,262883;9,401780E-1;3,753330E-2;3,495737E-2;9,394595E-1;;
30/11/2021  14:47:40,262983;9,408635E-1;1,200455E-1;1,164678E-1;9,394850E-1;;
30/11/2021  14:47:40,263083;9,410035E-1;1,146297E-1;1,189953E-1;9,395153E-1;;
30/11/2021  14:47:40,263183;9,405714E-1;1,222756E-1;1,237343E-1;9,395501E-1;;
30/11/2021  14:47:40,263283;9,401154E-1;1,340630E-1;1,347919E-1;9,395887E-1;;
30/11/2021  14:47:40,263383;9,393852E-1;9,498258E-3;8,419087E-3;9,396307E-1;;
30/11/2021  14:47:40,263483;9,396058E-1;1,267357E-1;1,262617E-1;9,396753E-1;;
30/11/2021  14:47:40,263583;9,399306E-1;1,280100E-1;1,300529E-1;9,397220E-1;;
30/11/2021  14:47:40,263683;9,398859E-1;1,184526E-1;1,041465E-1;9,397701E-1;;
30/11/2021  14:47:40,263783;9,401333E-1;1,127182E-1;1,174156E-1;9,398192E-1;;
30/11/2021  14:47:40,263883;9,402823E-1;9,678918E-2;6,086380E-2;9,398688E-1;;
30/11/2021  14:47:40,263983;9,395611E-1;9,455912E-2;1,170997E-1;9,399186E-1;;
30/11/2021  14:47:40,264083;9,389620E-1;1,114439E-1;1,227865E-1;9,399681E-1;;
30/11/2021  14:47:40,264183;9,394449E-1;9,360338E-2;1,430061E-1;9,400169E-1;;
30/11/2021  14:47:40,264283;9,396326E-1;9,105474E-2;7,887192E-2;9,400645E-1;;
30/11/2021  14:47:40,264383;9,399098E-1;1,321516E-1;1,313166E-1;9,401107E-1;;
30/11/2021  14:47:40,264483;9,398233E-1;1,401161E-1;1,521681E-1;9,401551E-1;;
30/11/2021  14:47:40,264583;9,395313E-1;1,216384E-1;1,338441E-1;9,401976E-1;;
30/11/2021  14:47:40,264683;9,390962E-1;1,566822E-1;1,673329E-1;9,402380E-1;;
30/11/2021  14:47:40,264783;9,395164E-1;1,280100E-1;1,401627E-1;9,402759E-1;;
30/11/2021  14:47:40,264883;9,400409E-1;7,905358E-3;2,927060E-2;9,403113E-1;;
30/11/2021  14:47:40,264983;9,400141E-1;1,254614E-1;1,142563E-1;9,403440E-1;;
30/11/2021  14:47:40,265083;9,400737E-1;1,340630E-1;1,360556E-1;9,403740E-1;;
30/11/2021  14:47:40,265183;9,406370E-1;1,366117E-1;1,272095E-1;9,404014E-1;;
30/11/2021  14:47:40,265283;9,405178E-1;1,066652E-1;1,013031E-1;9,404262E-1;;
30/11/2021  14:47:40,265383;9,397041E-1;1,302401E-1;1,354238E-1;9,404486E-1;;
30/11/2021  14:47:40,265483;9,400469E-1;1,433019E-1;1,559593E-1;9,404686E-1;;
30/11/2021  14:47:40,265583;9,404403E-1;1,260985E-1;1,215227E-1;9,404863E-1;;
30/11/2021  14:47:40,265683;9,404731E-1;1,796200E-1;1,821817E-1;9,405017E-1;;
30/11/2021  14:47:40,265783;9,408963E-1;1,678325E-1;1,515363E-1;9,405150E-1;;
30/11/2021  14:47:40,265883;9,407174E-1;1,123996E-1;1,212068E-1;9,405263E-1;;
30/11/2021  14:47:40,265983;9,404582E-1;1,420275E-1;1,745993E-1;9,405360E-1;;
30/11/2021  14:47:40,266083;9,400022E-1;1,190898E-1;1,202590E-1;9,405440E-1;;
30/11/2021  14:47:40,266183;9,399008E-1;1,311958E-1;1,338441E-1;9,405505E-1;;
30/11/2021  14:47:40,266283;9,403002E-1;1,251428E-1;1,249980E-1;9,405554E-1;;
30/11/2021  14:47:40,266383;9,400797E-1;1,248242E-1;1,180475E-1;9,405589E-1;;
30/11/2021  14:47:40,266483;9,400141E-1;1,305587E-1;1,363715E-1;9,405610E-1;;
30/11/2021  14:47:40,266583;9,400648E-1;1,324701E-1;1,319485E-1;9,405616E-1;;
30/11/2021  14:47:40,266683;9,394359E-1;1,318330E-1;1,208909E-1;9,405609E-1;;
30/11/2021  14:47:40,266783;9,384822E-1;1,013542E-2;6,623464E-2;9,405588E-1;;
30/11/2021  14:47:40,266883;9,392332E-1;1,136739E-1;1,009872E-1;9,405550E-1;;
30/11/2021  14:47:40,266983;9,391200E-1;7,703722E-2;7,160549E-2;9,405496E-1;;
30/11/2021  14:47:40,267083;9,390127E-1;8,340882E-2;1,079377E-1;9,405423E-1;;
30/11/2021  14:47:40,267183;9,389412E-1;1,385232E-1;1,347919E-1;9,405332E-1;;
30/11/2021  14:47:40,267283;9,382289E-1;7,066562E-2;4,980618E-2;9,405220E-1;;
30/11/2021  14:47:40,267383;9,382348E-1;1,267357E-1;1,237343E-1;9,405087E-1;;
30/11/2021  14:47:40,267483;9,374123E-1;1,407532E-1;1,445858E-1;9,404931E-1;;
30/11/2021  14:47:40,267583;9,372990E-1;1,178155E-1;1,284732E-1;9,404749E-1;;
30/11/2021  14:47:40,267683;9,375792E-1;1,280100E-1;1,196272E-1;9,404540E-1;;
30/11/2021  14:47:40,267783;9,372245E-1;1,305587E-1;1,268936E-1;9,404299E-1;;
30/11/2021  14:47:40,267883;9,371649E-1;1,334259E-1;1,281573E-1;9,404027E-1;;
30/11/2021  14:47:40,267983;9,367030E-1;1,343816E-1;1,278414E-1;9,403721E-1;;
30/11/2021  14:47:40,268083;9,366016E-1;1,391603E-1;1,300529E-1;9,403379E-1;;
30/11/2021  14:47:40,268183;9,360890E-1;1,267357E-1;1,161519E-1;9,403000E-1;;
30/11/2021  14:47:40,268283;9,362768E-1;1,280100E-1;1,221546E-1;9,402581E-1;;
30/11/2021  14:47:40,268383;9,364526E-1;8,786894E-2;9,751191E-2;9,402121E-1;;
30/11/2021  14:47:40,268483;9,360026E-1;6,970988E-2;8,076751E-2;9,401619E-1;;
30/11/2021  14:47:40,268583;9,355079E-1;1,162226E-1;1,237343E-1;9,401074E-1;;
30/11/2021  14:47:40,268683;9,353201E-1;1,130368E-1;1,183634E-1;9,400485E-1;;
30/11/2021  14:47:40,268783;9,350251E-1;1,123996E-1;1,152041E-1;9,399851E-1;;
30/11/2021  14:47:40,268883;9,348462E-1;1,200455E-1;1,218387E-1;9,399171E-1;;
30/11/2021  14:47:40,268983;9,349923E-1;4,868360E-2;9,972343E-2;9,398444E-1;;
30/11/2021  14:47:40,269083;9,354214E-1;9,583344E-2;1,038306E-1;9,397668E-1;;
30/11/2021  14:47:40,269183;9,350906E-1;1,060280E-1;1,199431E-1;9,396846E-1;;
30/11/2021  14:47:40,269283;9,355943E-1;1,050723E-1;1,117289E-1;9,395977E-1;;
30/11/2021  14:47:40,269383;9,354602E-1;1,073023E-1;1,110970E-1;9,395065E-1;;
30/11/2021  14:47:40,269483;9,355258E-1;1,168597E-1;1,310007E-1;9,394111E-1;;
30/11/2021  14:47:40,269583;9,353499E-1;1,082581E-1;1,180475E-1;9,393117E-1;;
30/11/2021  14:47:40,269683;9,356390E-1;1,060280E-1;1,028828E-1;9,392088E-1;;
30/11/2021  14:47:40,269783;9,364795E-1;1,092138E-1;1,196272E-1;9,391027E-1;;
30/11/2021  14:47:40,269883;9,365718E-1;1,095324E-1;1,095173E-1;9,389937E-1;;
30/11/2021  14:47:40,269983;9,363751E-1;9,997498E-2;1,117289E-1;9,388824E-1;;
30/11/2021  14:47:40,270083;9,361516E-1;1,356559E-1;1,512204E-1;9,387694E-1;;
30/11/2021  14:47:40,270183;9,357880E-1;1,375674E-1;1,354238E-1;9,386550E-1;;
30/11/2021  14:47:40,270283;9,361665E-1;1,515849E-1;1,366875E-1;9,385396E-1;;
30/11/2021  14:47:40,270383;9,365420E-1;2,019206E-1;2,090359E-1;9,384237E-1;;
30/11/2021  14:47:40,270483;9,367954E-1;5,993878E-3;7,539667E-2;9,383077E-1;;
30/11/2021  14:47:40,270583;9,364496E-1;1,914074E-1;2,137749E-1;9,381920E-1;;
30/11/2021  14:47:40,270683;9,361844E-1;1,585937E-1;1,493248E-1;9,380770E-1;;
30/11/2021  14:47:40,270783;9,358059E-1;1,468062E-1;1,417424E-1;9,379631E-1;;
30/11/2021  14:47:40,270883;9,359519E-1;1,420275E-1;1,392149E-1;9,378505E-1;;
30/11/2021  14:47:40,270983;9,362917E-1;1,391603E-1;1,347919E-1;9,377396E-1;;
30/11/2021  14:47:40,271083;9,363066E-1;1,353374E-1;1,360556E-1;9,376304E-1;;
30/11/2021  14:47:40,271183;9,363841E-1;1,407532E-1;1,335282E-1;9,375233E-1;;
30/11/2021  14:47:40,271283;9,364347E-1;1,305587E-1;1,338441E-1;9,374185E-1;;
30/11/2021  14:47:40,271383;9,359072E-1;1,210013E-1;1,054102E-1;9,373163E-1;;
30/11/2021  14:47:40,271483;9,358566E-1;1,496735E-1;1,651214E-1;9,372169E-1;;
30/11/2021  14:47:40,271583;9,355973E-1;1,394789E-1;1,546956E-1;9,371203E-1;;
30/11/2021  14:47:40,271683;9,355556E-1;1,034794E-1;1,129926E-1;9,370266E-1;;
30/11/2021  14:47:40,271783;9,356420E-1;1,439390E-1;1,426902E-1;9,369358E-1;;
30/11/2021  14:47:40,271883;9,354870E-1;1,397975E-1;1,268936E-1;9,368479E-1;;
30/11/2021  14:47:40,271983;9,351681E-1;2,287862E-2;2,832280E-2;9,367629E-1;;
30/11/2021  14:47:40,272083;9,355198E-1;8,965980E-4;3,680107E-3;9,366808E-1;;
30/11/2021  14:47:40,272183;9,350996E-1;3,445238E-3;5,891631E-3;9,366015E-1;;
30/11/2021  14:47:40,272283;9,351532E-1;8,965980E-4;3,680107E-3;9,365249E-1;;
30/11/2021  14:47:40,272383;9,351920E-1;2,808078E-3;4,943835E-3;9,364510E-1;;
30/11/2021  14:47:40,272483;9,357105E-1;2,808078E-3;5,259767E-3;9,363797E-1;;
30/11/2021  14:47:40,272583;9,351771E-1;5,038138E-3;6,839427E-3;9,363109E-1;;
30/11/2021  14:47:40,272683;9,350698E-1;6,312458E-3;8,419087E-3;9,362448E-1;;
30/11/2021  14:47:40,272783;9,350280E-1;2,489498E-3;4,311971E-3;9,361811E-1;;
30/11/2021  14:47:40,272883;9,350191E-1;8,223938E-3;9,998747E-3;9,361198E-1;;
30/11/2021  14:47:40,272983;9,349774E-1;1,215178E-3;3,680107E-3;9,360609E-1;;
30/11/2021  14:47:40,273083;9,352993E-1;1,215178E-3;3,680107E-3;9,360041E-1;;
30/11/2021  14:47:40,273183;9,346704E-1;1,533758E-3;3,996039E-3;9,359496E-1;;
30/11/2021  14:47:40,273283;9,345452E-1;5,038138E-3;7,155359E-3;9,358971E-1;;
30/11/2021  14:47:40,273383;9,347926E-1;5,675298E-3;6,839427E-3;9,358465E-1;;
30/11/2021  14:47:40,273483;9,346913E-1;1,533758E-3;3,680107E-3;9,357978E-1;;
30/11/2021  14:47:40,273583;9,349625E-1;5,780180E-4;3,996039E-3;9,357507E-1;;
30/11/2021  14:47:40,273683;9,347777E-1;8,965980E-4;3,364175E-3;9,357052E-1;;
30/11/2021  14:47:40,273783;9,348880E-1;1,533758E-3;3,048243E-3;9,356614E-1;;
30/11/2021  14:47:40,273883;9,351920E-1;8,965980E-4;3,048243E-3;9,356190E-1;;
30/11/2021  14:47:40,273983;9,354363E-1;6,949618E-3;8,103155E-3;9,355782E-1;;
30/11/2021  14:47:40,274083;9,356927E-1;5,780180E-4;3,680107E-3;9,355389E-1;;
30/11/2021  14:47:40,274183;9,358685E-1;1,533758E-3;3,996039E-3;9,355013E-1;;
30/11/2021  14:47:40,274283;9,361397E-1;2,808078E-3;5,259767E-3;9,354656E-1;;
30/11/2021  14:47:40,274383;9,375702E-1;8,965980E-4;3,680107E-3;9,354318E-1;;
30/11/2021  14:47:40,274483;9,377014E-1;8,965980E-4;3,048243E-3;9,354005E-1;;
30/11/2021  14:47:40,274583;9,379249E-1;8,965980E-4;3,364175E-3;9,353719E-1;;
30/11/2021  14:47:40,274683;9,385388E-1;1,533758E-3;3,996039E-3;9,353466E-1;;
30/11/2021  14:47:40,274783;9,391677E-1;1,215178E-3;3,364175E-3;9,353250E-1;;
30/11/2021  14:47:40,274883;9,402674E-1;8,965980E-4;2,732311E-3;9,353078E-1;;
30/11/2021  14:47:40,274983;9,405535E-1;1,215178E-3;3,680107E-3;9,352954E-1;;
30/11/2021  14:47:40,275083;9,418291E-1;1,215178E-3;3,680107E-3;9,352887E-1;;
30/11/2021  14:47:40,275183;9,425473E-1;7,905358E-3;1,473773E-2;9,352884E-1;;
30/11/2021  14:47:40,275283;9,427768E-1;1,215178E-3;3,364175E-3;9,352954E-1;;
30/11/2021  14:47:40,275383;9,429378E-1;1,852338E-3;4,943835E-3;9,353104E-1;;
30/11/2021  14:47:40,275483;9,429914E-1;1,618844E-2;1,916077E-2;9,353341E-1;;
30/11/2021  14:47:40,275583;9,434861E-1;4,082398E-3;6,207563E-3;9,353671E-1;;
30/11/2021  14:47:40,275683;9,445531E-1;7,586778E-3;1,031468E-2;9,354100E-1;;
30/11/2021  14:47:40,275783;9,447468E-1;1,459554E-2;1,631739E-2;9,354632E-1;;
30/11/2021  14:47:40,275883;9,451015E-1;1,491412E-2;1,600145E-2;9,355273E-1;;
30/11/2021  14:47:40,275983;9,453607E-1;6,312458E-3;1,252620E-2;9,356027E-1;;
30/11/2021  14:47:40,276083;9,458823E-1;1,809992E-2;2,074043E-2;9,356898E-1;;
30/11/2021  14:47:40,276183;9,457869E-1;3,126658E-3;1,947671E-2;9,357888E-1;;
30/11/2021  14:47:40,276283;9,467257E-1;1,618844E-2;1,789705E-2;9,359000E-1;;
30/11/2021  14:47:40,276383;9,477897E-1;2,001140E-2;2,326789E-2;9,360236E-1;;
30/11/2021  14:47:40,276483;9,473724E-1;4,772786E-2;5,738855E-2;9,361598E-1;;
30/11/2021  14:47:40,276583;9,470416E-1;9,838208E-2;1,411105E-1;9,363087E-1;;
30/11/2021  14:47:40,276683;9,467823E-1;1,682560E-2;1,947671E-2;9,364704E-1;;
30/11/2021  14:47:40,276783;9,468718E-1;7,576290E-2;9,277293E-2;9,366444E-1;;
30/11/2021  14:47:40,276883;9,466721E-1;2,765732E-2;3,716890E-2;9,368306E-1;;
30/11/2021  14:47:40,276983;9,468807E-1;2,032998E-2;5,960007E-2;9,370284E-1;;
30/11/2021  14:47:40,277083;9,474023E-1;1,353374E-1;1,332122E-1;9,372373E-1;;
30/11/2021  14:47:40,277183;9,474857E-1;9,933782E-2;1,028828E-1;9,374568E-1;;
30/11/2021  14:47:40,277283;9,469463E-1;1,270543E-1;1,164678E-1;9,376863E-1;;
30/11/2021  14:47:40,277383;9,461803E-1;1,117624E-1;1,142563E-1;9,379251E-1;;
30/11/2021  14:47:40,277483;9,460343E-1;9,073616E-2;1,019350E-1;9,381725E-1;;
30/11/2021  14:47:40,277583;9,455962E-1;1,264171E-1;1,328963E-1;9,384274E-1;;
30/11/2021  14:47:40,277683;9,462966E-1;1,327887E-1;1,420583E-1;9,386889E-1;;
30/11/2021  14:47:40,277783;9,471132E-1;1,624167E-1;1,796542E-1;9,389561E-1;;
30/11/2021  14:47:40,277883;9,468688E-1;1,308772E-1;1,303688E-1;9,392280E-1;;
30/11/2021  14:47:40,277983;9,466870E-1;1,350188E-1;1,370034E-1;9,395039E-1;;
30/11/2021  14:47:40,278083;9,466900E-1;-5,931502E-2;3,085026E-2;9,397830E-1;;
30/11/2021  14:47:40,278183;9,466721E-1;1,299215E-1;1,237343E-1;9,400646E-1;;
30/11/2021  14:47:40,278283;9,467347E-1;1,318330E-1;1,297370E-1;9,403477E-1;;
30/11/2021  14:47:40,278383;9,475095E-1;1,264171E-1;1,287892E-1;9,406318E-1;;
30/11/2021  14:47:40,278483;9,483470E-1;1,190898E-1;1,069899E-1;9,409160E-1;;
30/11/2021  14:47:40,278583;9,492143E-1;1,283286E-1;1,221546E-1;9,412001E-1;;
30/11/2021  14:47:40,278683;9,492113E-1;1,171783E-1;1,177316E-1;9,414835E-1;;
30/11/2021  14:47:40,278783;9,491070E-1;9,041758E-2;8,929768E-2;9,417663E-1;;
30/11/2021  14:47:40,278883;9,488924E-1;1,136739E-1;1,322644E-1;9,420479E-1;;
30/11/2021  14:47:40,278983;9,499027E-1;2,733874E-2;7,381701E-2;9,423283E-1;;
30/11/2021  14:47:40,279083;9,503706E-1;8,468314E-2;1,044624E-1;9,426071E-1;;
30/11/2021  14:47:40,279183;9,506716E-1;1,002936E-1;1,085695E-1;9,428843E-1;;
30/11/2021  14:47:40,279283;9,515687E-1;9,455912E-2;9,972343E-2;9,431598E-1;;
30/11/2021  14:47:40,279383;9,519174E-1;9,870066E-2;1,025668E-1;9,434336E-1;;
30/11/2021  14:47:40,279483;9,520634E-1;1,085766E-1;1,155200E-1;9,437059E-1;;
30/11/2021  14:47:40,279583;9,520783E-1;8,818752E-2;1,057261E-1;9,439768E-1;;
30/11/2021  14:47:40,279683;9,527638E-1;1,002936E-1;1,152041E-1;9,442464E-1;;
30/11/2021  14:47:40,279783;9,526029E-1;9,455912E-2;1,101492E-1;9,445147E-1;;
30/11/2021  14:47:40,279883;9,535119E-1;8,914326E-2;1,082536E-1;9,447819E-1;;
30/11/2021  14:47:40,279983;9,536847E-1;9,296622E-2;1,079377E-1;9,450480E-1;;
30/11/2021  14:47:40,280083;9,531632E-1;9,519628E-2;9,688005E-2;9,453133E-1;;
30/11/2021  14:47:40,280183;9,534225E-1;-3,255430E-2;3,021839E-2;9,455777E-1;;
30/11/2021  14:47:40,280283;9,541258E-1;1,117624E-1;1,338441E-1;9,458413E-1;;
30/11/2021  14:47:40,280383;9,543016E-1;1,213198E-1;1,253139E-1;9,461041E-1;;
30/11/2021  14:47:40,280483;9,547398E-1;1,273729E-1;1,202590E-1;9,463662E-1;;
30/11/2021  14:47:40,280583;9,548321E-1;1,130368E-1;1,215227E-1;9,466276E-1;;
30/11/2021  14:47:40,280683;9,547874E-1;1,630538E-1;1,499566E-1;9,468883E-1;;
30/11/2021  14:47:40,280783;9,550795E-1;1,656025E-1;1,518522E-1;9,471485E-1;;
30/11/2021  14:47:40,280883;9,538218E-1;1,640096E-1;1,505885E-1;9,474080E-1;;
30/11/2021  14:47:40,280983;9,544209E-1;1,515849E-1;1,398468E-1;9,476667E-1;;
30/11/2021  14:47:40,281083;9,545669E-1;1,174969E-1;1,218387E-1;9,479244E-1;;
30/11/2021  14:47:40,281183;9,549275E-1;7,576290E-2;1,780746E-1;9,481808E-1;;
30/11/2021  14:47:40,281283;9,543464E-1;1,165411E-1;1,303688E-1;9,484356E-1;;
30/11/2021  14:47:40,281383;9,540960E-1;1,111253E-1;1,193112E-1;9,486887E-1;;
30/11/2021  14:47:40,281483;9,535923E-1;1,203641E-1;1,183634E-1;9,489397E-1;;
30/11/2021  14:47:40,281583;9,520992E-1;1,213198E-1;1,373193E-1;9,491881E-1;;
30/11/2021  14:47:40,281683;9,521409E-1;1,331073E-1;1,360556E-1;9,494333E-1;;
30/11/2021  14:47:40,281783;9,520009E-1;1,127182E-1;1,063580E-1;9,496746E-1;;
30/11/2021  14:47:40,281883;9,518161E-1;1,076209E-1;1,073058E-1;9,499111E-1;;
30/11/2021  14:47:40,281983;9,504034E-1;1,114439E-1;8,866581E-2;9,501421E-1;;
30/11/2021  14:47:40,282083;9,491785E-1;9,328480E-2;7,160549E-2;9,503669E-1;;
30/11/2021  14:47:40,282183;9,476437E-1;1,165411E-1;1,401627E-1;9,505843E-1;;
30/11/2021  14:47:40,282283;9,472920E-1;1,187712E-1;1,291051E-1;9,507932E-1;;
30/11/2021  14:47:40,282383;9,461505E-1;1,130368E-1;1,155200E-1;9,509923E-1;;
30/11/2021  14:47:40,282483;9,454293E-1;6,333828E-2;6,149566E-2;9,511803E-1;;
30/11/2021  14:47:40,282583;9,452535E-1;7,034704E-2;6,402312E-2;9,513558E-1;;
30/11/2021  14:47:40,282683;9,442282E-1;1,318330E-1;2,017695E-1;9,515177E-1;;
30/11/2021  14:47:40,282783;9,425920E-1;8,022302E-2;8,424277E-2;9,516648E-1;;
30/11/2021  14:47:40,282883;9,417218E-1;1,108067E-1;1,082536E-1;9,517958E-1;;
30/11/2021  14:47:40,282983;9,410304E-1;1,079395E-1;1,025668E-1;9,519095E-1;;
30/11/2021  14:47:40,283083;9,408307E-1;1,178155E-1;1,202590E-1;9,520046E-1;;
30/11/2021  14:47:40,283183;9,405148E-1;1,267357E-1;1,316326E-1;9,520800E-1;;
30/11/2021  14:47:40,283283;9,392988E-1;1,241871E-1;1,196272E-1;9,521349E-1;;
30/11/2021  14:47:40,283383;9,391170E-1;1,152668E-1;1,186794E-1;9,521684E-1;;
30/11/2021  14:47:40,283483;9,382080E-1;1,235499E-1;1,253139E-1;9,521798E-1;;
30/11/2021  14:47:40,283583;9,373110E-1;1,267357E-1;1,291051E-1;9,521684E-1;;
30/11/2021  14:47:40,283683;9,366702E-1;1,264171E-1;1,291051E-1;9,521337E-1;;
30/11/2021  14:47:40,283783;9,369950E-1;3,976336E-2;3,938042E-2;9,520752E-1;;
30/11/2021  14:47:40,283883;9,364973E-1;9,105474E-2;6,970989E-2;9,519925E-1;;
30/11/2021  14:47:40,283983;9,356420E-1;1,273729E-1;1,411105E-1;9,518856E-1;;
30/11/2021  14:47:40,284083;9,353112E-1;1,174969E-1;1,243661E-1;9,517544E-1;;
30/11/2021  14:47:40,284183;9,341220E-1;1,257800E-1;1,313166E-1;9,515988E-1;;
30/11/2021  14:47:40,284283;9,343098E-1;1,219570E-1;1,215227E-1;9,514191E-1;;
30/11/2021  14:47:40,284383;9,341369E-1;1,334259E-1;1,319485E-1;9,512154E-1;;
30/11/2021  14:47:40,284483;9,344976E-1;1,254614E-1;1,243661E-1;9,509880E-1;;
30/11/2021  14:47:40,284583;9,342532E-1;1,302401E-1;1,411105E-1;9,507376E-1;;
30/11/2021  14:47:40,284683;9,339462E-1;1,429833E-1;1,521681E-1;9,504648E-1;;
30/11/2021  14:47:40,284783;9,332905E-1;1,241871E-1;1,183634E-1;9,501704E-1;;
30/11/2021  14:47:40,284883;9,328465E-1;1,213198E-1;1,291051E-1;9,498553E-1;;
30/11/2021  14:47:40,284983;9,332309E-1;1,069837E-1;1,215227E-1;9,495204E-1;;
30/11/2021  14:47:40,285083;9,337376E-1;1,120810E-1;9,688005E-2;9,491666E-1;;
30/11/2021  14:47:40,285183;9,337644E-1;1,162226E-1;1,158360E-1;9,487950E-1;;
30/11/2021  14:47:40,285283;9,343307E-1;1,331073E-1;1,834454E-1;9,484070E-1;;
30/11/2021  14:47:40,285383;9,336839E-1;1,372488E-1;1,606983E-1;9,480040E-1;;
30/11/2021  14:47:40,285483;9,333650E-1;1,308772E-1;1,708081E-1;9,475874E-1;;
30/11/2021  14:47:40,285583;9,330193E-1;1,184526E-1;1,259458E-1;9,471585E-1;;
30/11/2021  14:47:40,285683;9,334813E-1;1,222756E-1;1,281573E-1;9,467188E-1;;
30/11/2021  14:47:40,285783;9,346794E-1;1,280100E-1;1,335282E-1;9,462696E-1;;
30/11/2021  14:47:40,285883;9,350757E-1;1,366117E-1;1,265777E-1;9,458125E-1;;
30/11/2021  14:47:40,285983;9,346346E-1;1,006121E-1;9,340479E-2;9,453492E-1;;
30/11/2021  14:47:40,286083;9,340118E-1;1,280100E-1;1,313166E-1;9,448812E-1;;
30/11/2021  14:47:40,286183;9,343098E-1;1,283286E-1;1,142563E-1;9,444102E-1;;
30/11/2021  14:47:40,286283;9,331564E-1;1,280100E-1;1,344760E-1;9,439375E-1;;
30/11/2021  14:47:40,286383;9,335230E-1;2,829448E-2;8,645429E-2;9,434643E-1;;
30/11/2021  14:47:40,286483;9,343307E-1;1,273729E-1;1,193112E-1;9,429920E-1;;
30/11/2021  14:47:40,286583;9,343992E-1;1,044351E-1;1,297370E-1;9,425217E-1;;
30/11/2021  14:47:40,286683;9,340237E-1;1,123996E-1;8,834988E-2;9,420547E-1;;
30/11/2021  14:47:40,286783;9,334634E-1;1,477620E-1;1,565912E-1;9,415921E-1;;
30/11/2021  14:47:40,286883;9,331654E-1;1,401161E-1;1,407946E-1;9,411350E-1;;
30/11/2021  14:47:40,286983;9,326706E-1;1,350188E-1;1,300529E-1;9,406843E-1;;
30/11/2021  14:47:40,287083;9,335021E-1;1,216384E-1;1,291051E-1;9,402407E-1;;
30/11/2021  14:47:40,287183;9,338240E-1;1,280100E-1;1,300529E-1;9,398049E-1;;
30/11/2021  14:47:40,287283;9,336362E-1;1,296029E-1;1,313166E-1;9,393779E-1;;
30/11/2021  14:47:40,287383;9,327928E-1;1,280100E-1;1,679647E-1;9,389602E-1;;
30/11/2021  14:47:40,287483;9,323696E-1;1,308772E-1;1,300529E-1;9,385525E-1;;
30/11/2021  14:47:40,287583;9,314040E-1;1,353374E-1;1,199431E-1;9,381552E-1;;
30/11/2021  14:47:40,287683;9,313533E-1;5,887816E-2;9,056141E-2;9,377686E-1;;
30/11/2021  14:47:40,287783;9,318004E-1;1,283286E-1;1,212068E-1;9,373927E-1;;
30/11/2021  14:47:40,287883;9,319256E-1;1,152668E-1;1,246821E-1;9,370276E-1;;
30/11/2021  14:47:40,287983;9,315530E-1;1,047537E-1;1,022509E-1;9,366736E-1;;
30/11/2021  14:47:40,288083;9,318928E-1;1,050723E-1;6,718244E-2;9,363308E-1;;
30/11/2021  14:47:40,288183;9,310344E-1;3,848904E-2;5,580889E-2;9,359992E-1;;
30/11/2021  14:47:40,288283;9,307036E-1;-2,044826E-2;5,043804E-2;9,356788E-1;;
30/11/2021  14:47:40,288383;9,308675E-1;1,410718E-1;1,347919E-1;9,353697E-1;;
30/11/2021  14:47:40,288483;9,315024E-1;1,506292E-1;1,417424E-1;9,350716E-1;;
30/11/2021  14:47:40,288583;9,321759E-1;4,709070E-2;1,436380E-1;9,347847E-1;;
30/11/2021  14:47:40,288683;9,315083E-1;9,806350E-2;1,515363E-1;9,345088E-1;;
30/11/2021  14:47:40,288783;9,313831E-1;1,668768E-1;1,720719E-1;9,342441E-1;;
30/11/2021  14:47:40,288883;9,315143E-1;1,245056E-1;1,253139E-1;9,339906E-1;;
30/11/2021  14:47:40,288983;9,305189E-1;1,245056E-1;1,294210E-1;9,337482E-1;;
30/11/2021  14:47:40,289083;9,314010E-1;9,179678E-3;6,497092E-2;9,335166E-1;;
30/11/2021  14:47:40,289183;9,317616E-1;1,216384E-1;1,215227E-1;9,332959E-1;;
30/11/2021  14:47:40,289283;9,323428E-1;1,098510E-1;1,104651E-1;9,330859E-1;;
30/11/2021  14:47:40,289383;9,320328E-1;1,050723E-1;1,054102E-1;9,328865E-1;;
30/11/2021  14:47:40,289483;9,318242E-1;5,155082E-2;7,413294E-2;9,326979E-1;;
30/11/2021  14:47:40,289583;9,311715E-1;1,171783E-1;1,366875E-1;9,325199E-1;;
30/11/2021  14:47:40,289683;9,317795E-1;1,069837E-1;1,145722E-1;9,323524E-1;;
30/11/2021  14:47:40,289783;9,330938E-1;9,583344E-2;1,145722E-1;9,321952E-1;;
30/11/2021  14:47:40,289883;9,332846E-1;1,044351E-1;1,606983E-1;9,320483E-1;;
30/11/2021  14:47:40,289983;9,339760E-1;7,576290E-2;7,444887E-2;9,319118E-1;;
30/11/2021  14:47:40,290083;9,338598E-1;8,309024E-2;1,129926E-1;9,317858E-1;;
30/11/2021  14:47:40,290183;9,337257E-1;1,155854E-1;1,366875E-1;9,316705E-1;;
30/11/2021  14:47:40,290283;9,338657E-1;1,022050E-1;1,136244E-1;9,315660E-1;;
30/11/2021  14:47:40,290383;9,346585E-1;1,111253E-1;1,208909E-1;9,314723E-1;;
30/11/2021  14:47:40,290483;9,350489E-1;1,127182E-1;1,234183E-1;9,313895E-1;;
30/11/2021  14:47:40,290583;9,358834E-1;1,251428E-1;1,155200E-1;9,313177E-1;;
30/11/2021  14:47:40,290683;9,361308E-1;1,477620E-1;1,426902E-1;9,312571E-1;;
30/11/2021  14:47:40,290783;9,455247E-1;1,350188E-1;1,537478E-1;9,312082E-1;;
30/11/2021  14:47:40,290883;9,457243E-1;1,238685E-1;1,502726E-1;9,311721E-1;;
30/11/2021  14:47:40,290983;9,457869E-1;-4,402318E-2;8,898175E-2;9,311508E-1;;
30/11/2021  14:47:40,291083;9,463174E-1;1,108067E-1;1,170997E-1;9,311461E-1;;
30/11/2021  14:47:40,291183;9,468122E-1;1,037979E-1;1,183634E-1;9,311595E-1;;
30/11/2021  14:47:40,291283;9,463264E-1;1,073023E-1;1,164678E-1;9,311923E-1;;
30/11/2021  14:47:40,291383;9,462519E-1;9,774492E-2;1,013031E-1;9,312456E-1;;
30/11/2021  14:47:40,291483;9,464933E-1;1,073023E-1;1,284732E-1;9,313201E-1;;
30/11/2021  14:47:40,291583;9,471132E-1;1,139925E-1;1,221546E-1;9,314164E-1;;
30/11/2021  14:47:40,291683;9,478076E-1;8,213450E-2;7,981972E-2;9,315346E-1;;
30/11/2021  14:47:40,291783;9,472026E-1;1,031608E-1;1,145722E-1;9,316751E-1;;
30/11/2021  14:47:40,291883;9,476198E-1;4,963934E-2;8,455870E-2;9,318378E-1;;
30/11/2021  14:47:40,291983;9,463711E-1;9,742634E-2;1,076217E-1;9,320226E-1;;
30/11/2021  14:47:40,292083;9,458614E-1;8,468314E-2;8,266311E-2;9,322290E-1;;
30/11/2021  14:47:40,292183;9,458436E-1;7,193994E-2;8,171531E-2;9,324561E-1;;
30/11/2021  14:47:40,292283;9,465767E-1;6,939130E-2;7,508074E-2;9,327031E-1;;
30/11/2021  14:47:40,292383;9,469016E-1;1,206827E-1;1,407946E-1;9,329690E-1;;
30/11/2021  14:47:40,292483;9,461893E-1;8,659462E-2;1,120448E-1;9,332527E-1;;
30/11/2021  14:47:40,292583;9,463740E-1;1,499920E-1;1,957668E-1;9,335531E-1;;
30/11/2021  14:47:40,292683;9,462340E-1;1,656025E-1;1,818658E-1;9,338691E-1;;
30/11/2021  14:47:40,292783;9,461624E-1;1,652839E-1;1,531159E-1;9,341995E-1;;
30/11/2021  14:47:40,292883;9,464307E-1;1,735670E-1;1,509044E-1;9,345429E-1;;
30/11/2021  14:47:40,292983;9,469045E-1;1,777085E-1;1,575390E-1;9,348980E-1;;
30/11/2021  14:47:40,293083;9,479178E-1;1,687883E-1;1,471132E-1;9,352636E-1;;
30/11/2021  14:47:40,293183;9,475662E-1;1,334259E-1;1,303688E-1;9,356387E-1;;
30/11/2021  14:47:40,293283;9,471668E-1;1,264171E-1;1,148882E-1;9,360221E-1;;
30/11/2021  14:47:40,293383;9,466274E-1;1,257800E-1;1,199431E-1;9,364127E-1;;
30/11/2021  14:47:40,293483;9,460820E-1;8,149734E-2;7,792413E-2;9,368092E-1;;
30/11/2021  14:47:40,293583;9,468956E-1;1,187712E-1;1,148882E-1;9,372104E-1;;
30/11/2021  14:47:40,293683;9,467734E-1;1,073023E-1;1,158360E-1;9,376148E-1;;
30/11/2021  14:47:40,293783;9,464515E-1;6,270112E-2;9,751191E-2;9,380214E-1;;
30/11/2021  14:47:40,293883;9,463681E-1;5,569236E-2;8,740209E-2;9,384288E-1;;
30/11/2021  14:47:40,293983;9,456230E-1;1,174969E-1;1,199431E-1;9,388358E-1;;
30/11/2021  14:47:40,294083;9,454472E-1;1,184526E-1;1,205749E-1;9,392412E-1;;
30/11/2021  14:47:40,294183;9,449137E-1;1,187712E-1;1,272095E-1;9,396437E-1;;
30/11/2021  14:47:40,294283;9,453607E-1;1,206827E-1;1,243661E-1;9,400420E-1;;
30/11/2021  14:47:40,294383;9,456707E-1;1,203641E-1;1,158360E-1;9,404349E-1;;
30/11/2021  14:47:40,294483;9,461207E-1;1,235499E-1;1,272095E-1;9,408214E-1;;
30/11/2021  14:47:40,294583;9,454353E-1;1,286472E-1;1,363715E-1;9,412005E-1;;
30/11/2021  14:47:40,294683;9,451998E-1;5,728526E-2;6,023194E-2;9,415714E-1;;
30/11/2021  14:47:40,294783;9,441835E-1;1,190898E-1;1,114129E-1;9,419332E-1;;
30/11/2021  14:47:40,294883;9,445233E-1;1,162226E-1;1,117289E-1;9,422850E-1;;
30/11/2021  14:47:40,294983;9,451074E-1;1,130368E-1;1,092014E-1;9,426259E-1;;
30/11/2021  14:47:40,295083;9,452743E-1;2,829448E-2;3,527331E-2;9,429553E-1;;
30/11/2021  14:47:40,295183;9,449673E-1;1,114439E-1;9,530039E-2;9,432726E-1;;
30/11/2021  14:47:40,295283;9,436650E-1;1,162226E-1;1,268936E-1;9,435773E-1;;
30/11/2021  14:47:40,295383;9,434861E-1;1,315144E-1;1,667010E-1;9,438688E-1;;
30/11/2021  14:47:40,295483;9,429318E-1;6,631038E-3;1,726518E-2;9,441466E-1;;
30/11/2021  14:47:40,295583;9,425891E-1;1,232313E-1;1,253139E-1;9,444099E-1;;
30/11/2021  14:47:40,295683;9,428722E-1;1,174969E-1;1,196272E-1;9,446583E-1;;
30/11/2021  14:47:40,295783;9,427113E-1;1,184526E-1;1,063580E-1;9,448912E-1;;
30/11/2021  14:47:40,295883;9,413910E-1;8,861098E-3;2,611128E-2;9,451082E-1;;
30/11/2021  14:47:40,295983;9,403896E-1;1,216384E-1;1,275255E-1;9,453088E-1;;
30/11/2021  14:47:40,296083;9,399396E-1;1,292843E-1;1,294210E-1;9,454926E-1;;
30/11/2021  14:47:40,296183;9,389352E-1;1,483991E-1;1,622780E-1;9,456589E-1;;
30/11/2021  14:47:40,296283;9,387862E-1;3,753330E-2;2,168823E-2;9,458072E-1;;
30/11/2021  14:47:40,296383;9,384286E-1;1,139925E-1;9,277293E-2;9,459368E-1;;
30/11/2021  14:47:40,296483;9,383094E-1;1,165411E-1;1,016190E-1;9,460474E-1;;
30/11/2021  14:47:40,296583;9,377044E-1;1,073023E-1;7,350108E-2;9,461386E-1;;
30/11/2021  14:47:40,296683;9,371262E-1;1,331073E-1;1,294210E-1;9,462101E-1;;
30/11/2021  14:47:40,296783;9,365480E-1;7,640006E-2;1,114129E-1;9,462616E-1;;
30/11/2021  14:47:40,296883;9,367566E-1;1,366117E-1;1,382671E-1;9,462930E-1;;
30/11/2021  14:47:40,296983;9,369503E-1;1,092138E-1;1,170997E-1;9,463041E-1;;
30/11/2021  14:47:40,297083;9,370248E-1;1,213198E-1;1,129926E-1;9,462952E-1;;
30/11/2021  14:47:40,297183;9,371143E-1;1,248242E-1;1,272095E-1;9,462663E-1;;
30/11/2021  14:47:40,297283;9,361695E-1;1,232313E-1;1,265777E-1;9,462181E-1;;
30/11/2021  14:47:40,297383;9,363155E-1;1,738855E-1;1,752312E-1;9,461507E-1;;
30/11/2021  14:47:40,297483;9,359728E-1;2,128572E-2;4,854245E-2;9,460648E-1;;
30/11/2021  14:47:40,297583;9,362470E-1;1,331073E-1;1,275255E-1;9,459608E-1;;
30/11/2021  14:47:40,297683;9,369176E-1;1,280100E-1;1,227865E-1;9,458393E-1;;
30/11/2021  14:47:40,297783;9,367209E-1;1,060280E-1;1,057261E-1;9,457012E-1;;
30/11/2021  14:47:40,297883;9,368758E-1;1,276914E-1;1,294210E-1;9,455472E-1;;
30/11/2021  14:47:40,297983;9,373646E-1;1,117624E-1;8,677022E-2;9,453785E-1;;
30/11/2021  14:47:40,298083;9,364795E-1;8,755036E-2;6,623464E-2;9,451959E-1;;
30/11/2021  14:47:40,298183;9,359013E-1;-1,120944E-2;8,234717E-2;9,450006E-1;;
30/11/2021  14:47:40,298283;9,366255E-1;1,429833E-1;1,483770E-1;9,447934E-1;;
30/11/2021  14:47:40,298383;9,371292E-1;1,009307E-1;1,139404E-1;9,445753E-1;;
30/11/2021  14:47:40,298483;9,370397E-1;1,248242E-1;1,316326E-1;9,443474E-1;;
30/11/2021  14:47:40,298583;9,368609E-1;7,193994E-2;1,063580E-1;9,441107E-1;;
30/11/2021  14:47:40,298683;9,366940E-1;1,471248E-1;1,524841E-1;9,438664E-1;;
30/11/2021  14:47:40,298783;9,356688E-1;1,665582E-1;1,654373E-1;9,436154E-1;;
30/11/2021  14:47:40,298883;9,357970E-1;1,302401E-1;1,376353E-1;9,433587E-1;;
30/11/2021  14:47:40,298983;9,364556E-1;1,491412E-2;1,038306E-1;9,430971E-1;;
30/11/2021  14:47:40,299083;9,364675E-1;1,283286E-1;1,158360E-1;9,428315E-1;;
30/11/2021  14:47:40,299183;9,365927E-1;1,347002E-1;1,363715E-1;9,425627E-1;;
30/11/2021  14:47:40,299283;9,366732E-1;1,292843E-1;1,205749E-1;9,422917E-1;;
30/11/2021  14:47:40,299383;9,366285E-1;1,098510E-1;1,170997E-1;9,420194E-1;;
30/11/2021  14:47:40,299483;9,362798E-1;9,870066E-2;9,403666E-2;9,417467E-1;;
30/11/2021  14:47:40,299583;9,371411E-1;1,006121E-1;1,152041E-1;9,414744E-1;;
30/11/2021  14:47:40,299683;9,384137E-1;1,260985E-1;1,186794E-1;9,412034E-1;;
30/11/2021  14:47:40,299783;9,382974E-1;1,767528E-1;1,764949E-1;9,409347E-1;;
30/11/2021  14:47:40,299883;9,384077E-1;-3,542152E-2;2,074043E-2;9,406693E-1;;
30/11/2021  14:47:40,299983;9,387266E-1;1,082581E-1;1,249980E-1;9,404083E-1;;
30/11/2021  14:47:40,300083;9,378862E-1;1,375674E-1;1,641736E-1;9,401527E-1;;
30/11/2021  14:47:40,300183;9,377669E-1;1,296029E-1;1,685966E-1;9,399031E-1;;
30/11/2021  14:47:40,300283;9,381395E-1;1,324701E-1;1,328963E-1;9,396602E-1;;
30/11/2021  14:47:40,300383;9,391230E-1;1,366117E-1;1,363715E-1;9,394247E-1;;
30/11/2021  14:47:40,300483;9,387266E-1;1,299215E-1;1,196272E-1;9,391972E-1;;
30/11/2021  14:47:40,300583;9,384107E-1;1,442576E-1;1,373193E-1;9,389784E-1;;
30/11/2021  14:47:40,300683;9,382110E-1;1,359745E-1;1,278414E-1;9,387686E-1;;
30/11/2021  14:47:40,300783;9,380024E-1;1,308772E-1;1,259458E-1;9,385683E-1;;
30/11/2021  14:47:40,300883;9,378564E-1;1,165411E-1;9,530039E-2;9,383777E-1;;
30/11/2021  14:47:40,300983;9,379338E-1;1,426647E-1;1,278414E-1;9,381970E-1;;
30/11/2021  14:47:40,301083;9,391170E-1;1,248242E-1;1,360556E-1;9,380262E-1;;
30/11/2021  14:47:40,301183;9,394538E-1;1,002936E-1;1,009872E-1;9,378656E-1;;
30/11/2021  14:47:40,301283;9,391528E-1;1,152668E-1;1,234183E-1;9,377154E-1;;
30/11/2021  14:47:40,301383;9,394121E-1;8,404598E-2;7,160549E-2;9,375759E-1;;
30/11/2021  14:47:40,301483;9,390365E-1;1,111253E-1;1,395309E-1;9,374472E-1;;
30/11/2021  14:47:40,301583;9,391200E-1;1,088952E-1;1,183634E-1;9,373294E-1;;
30/11/2021  14:47:40,301683;9,395939E-1;1,063466E-1;1,221546E-1;9,372225E-1;;
30/11/2021  14:47:40,301783;9,399664E-1;1,063466E-1;1,161519E-1;9,371265E-1;;
30/11/2021  14:47:40,301883;9,405535E-1;1,028422E-1;1,142563E-1;9,370414E-1;;
30/11/2021  14:47:40,301983;9,407085E-1;1,053908E-1;1,114129E-1;9,369673E-1;;
30/11/2021  14:47:40,302083;9,406370E-1;1,012493E-1;1,095173E-1;9,369043E-1;;
30/11/2021  14:47:40,302183;9,400111E-1;1,009307E-1;1,098333E-1;9,368524E-1;;
30/11/2021  14:47:40,302283;9,405684E-1;9,901924E-2;1,079377E-1;9,368115E-1;;
30/11/2021  14:47:40,302383;9,410453E-1;9,997498E-2;1,107811E-1;9,367814E-1;;
30/11/2021  14:47:40,302483;9,417814E-1;1,155854E-1;1,395309E-1;9,367620E-1;;
30/11/2021  14:47:40,302583;9,419870E-1;1,108067E-1;1,158360E-1;9,367533E-1;;
30/11/2021  14:47:40,302683;9,418589E-1;1,241871E-1;1,351078E-1;9,367552E-1;;
30/11/2021  14:47:40,302783;9,416950E-1;4,645354E-2;4,633093E-2;9,367677E-1;;
30/11/2021  14:47:40,302883;9,412479E-1;1,824872E-1;1,862888E-1;9,367906E-1;;
30/11/2021  14:47:40,302983;9,421092E-1;1,961861E-1;2,039810E-1;9,368236E-1;;
30/11/2021  14:47:40,303083;9,426517E-1;1,397975E-1;1,897641E-1;9,368665E-1;;
30/11/2021  14:47:40,303183;9,429229E-1;1,764342E-1;1,622780E-1;9,369189E-1;;
30/11/2021  14:47:40,303283;9,433788E-1;1,770713E-1;1,941871E-1;9,369809E-1;;
30/11/2021  14:47:40,303383;9,436858E-1;1,455319E-1;1,458495E-1;9,370522E-1;;
30/11/2021  14:47:40,303483;9,434385E-1;1,433019E-1;1,417424E-1;9,371327E-1;;
30/11/2021  14:47:40,303583;9,432000E-1;1,522221E-1;1,417424E-1;9,372222E-1;;
30/11/2021  14:47:40,303683;9,441418E-1;1,324701E-1;1,436380E-1;9,373205E-1;;
30/11/2021  14:47:40,303783;9,449971E-1;1,114439E-1;9,909157E-2;9,374273E-1;;
30/11/2021  14:47:40,303883;9,444816E-1;1,340630E-1;1,303688E-1;9,375424E-1;;
30/11/2021  14:47:40,303983;9,448422E-1;1,280100E-1;1,095173E-1;9,376658E-1;;
30/11/2021  14:47:40,304083;9,447349E-1;1,321516E-1;1,294210E-1;9,377971E-1;;
30/11/2021  14:47:40,304183;9,441209E-1;6,461260E-2;1,003553E-1;9,379360E-1;;
30/11/2021  14:47:40,304283;9,446932E-1;1,461691E-1;1,600664E-1;9,380823E-1;;
30/11/2021  14:47:40,304383;9,454531E-1;7,799296E-2;1,013031E-1;9,382354E-1;;
30/11/2021  14:47:40,304483;9,456737E-1;1,805757E-1;1,704922E-1;9,383951E-1;;
30/11/2021  14:47:40,304583;9,461297E-1;7,586778E-3;1,126247E-2;9,385609E-1;;
30/11/2021  14:47:40,304683;9,459270E-1;6,631038E-3;8,735019E-3;9,387328E-1;;
30/11/2021  14:47:40,304783;9,460492E-1;6,631038E-3;8,735019E-3;9,389104E-1;;
30/11/2021  14:47:40,304883;9,458674E-1;3,445238E-3;5,259767E-3;9,390935E-1;;
30/11/2021  14:47:40,304983;9,463740E-1;6,949618E-3;9,366883E-3;9,392815E-1;;
30/11/2021  14:47:40,305083;9,469820E-1;8,861098E-3;1,094654E-2;9,394743E-1;;
30/11/2021  14:47:40,305183;9,475036E-1;2,170918E-3;4,311971E-3;9,396714E-1;;
30/11/2021  14:47:40,305283;9,479208E-1;1,215178E-3;3,680107E-3;9,398728E-1;;
30/11/2021  14:47:40,305383;9,483053E-1;4,082398E-3;5,891631E-3;9,400782E-1;;
30/11/2021  14:47:40,305483;9,472890E-1;1,533758E-3;3,680107E-3;9,402876E-1;;
30/11/2021  14:47:40,305583;9,474887E-1;8,965980E-4;3,996039E-3;9,405006E-1;;
30/11/2021  14:47:40,305683;9,477837E-1;2,808078E-3;5,259767E-3;9,407169E-1;;
30/11/2021  14:47:40,305783;9,486242E-1;6,631038E-3;7,471291E-3;9,409362E-1;;
30/11/2021  14:47:40,305883;9,488417E-1;3,126658E-3;4,943835E-3;9,411583E-1;;
30/11/2021  14:47:40,305983;9,486868E-1;2,808078E-3;3,996039E-3;9,413828E-1;;
30/11/2021  14:47:40,306083;9,483708E-1;1,852338E-3;4,943835E-3;9,416097E-1;;
30/11/2021  14:47:40,306183;9,480251E-1;1,215178E-3;3,680107E-3;9,418385E-1;;
30/11/2021  14:47:40,306283;9,483500E-1;5,780180E-4;3,680107E-3;9,420689E-1;;
30/11/2021  14:47:40,306383;9,482606E-1;8,965980E-4;3,048243E-3;9,423004E-1;;
30/11/2021  14:47:40,306483;9,488686E-1;1,215178E-3;3,680107E-3;9,425326E-1;;
30/11/2021  14:47:40,306583;9,489043E-1;1,215178E-3;3,680107E-3;9,427652E-1;;
30/11/2021  14:47:40,306683;9,497001E-1;1,533758E-3;3,364175E-3;9,429978E-1;;
30/11/2021  14:47:40,306783;9,490593E-1;1,215178E-3;3,048243E-3;9,432302E-1;;
30/11/2021  14:47:40,306883;9,484573E-1;8,965980E-4;3,680107E-3;9,434621E-1;;
30/11/2021  14:47:40,306983;9,481801E-1;1,215178E-3;3,680107E-3;9,436931E-1;;
30/11/2021  14:47:40,307083;9,488835E-1;5,780180E-4;3,048243E-3;9,439228E-1;;
30/11/2021  14:47:40,307183;9,486599E-1;8,965980E-4;3,364175E-3;9,441506E-1;;
30/11/2021  14:47:40,307283;9,487017E-1;1,215178E-3;3,048243E-3;9,443763E-1;;
30/11/2021  14:47:40,307383;9,486808E-1;1,215178E-3;3,364175E-3;9,445995E-1;;
30/11/2021  14:47:40,307483;9,482457E-1;1,533758E-3;3,680107E-3;9,448196E-1;;
30/11/2021  14:47:40,307583;9,478255E-1;1,215178E-3;5,575699E-3;9,450364E-1;;
30/11/2021  14:47:40,307683;9,472562E-1;1,533758E-3;3,364175E-3;9,452494E-1;;
30/11/2021  14:47:40,307783;9,476913E-1;1,533758E-3;3,048243E-3;9,454579E-1;;
30/11/2021  14:47:40,307883;9,479953E-1;8,965980E-4;3,048243E-3;9,456615E-1;;
30/11/2021  14:47:40,307983;9,476973E-1;9,179678E-3;1,126247E-2;9,458598E-1;;
30/11/2021  14:47:40,308083;9,473248E-1;6,631038E-3;9,366883E-3;9,460524E-1;;
30/11/2021  14:47:40,308183;9,465976E-1;1,268406E-2;1,536959E-2;9,462389E-1;;
30/11/2021  14:47:40,308283;9,467257E-1;1,332122E-2;1,378993E-2;9,464188E-1;;
30/11/2021  14:47:40,308383;9,462429E-1;8,223938E-3;1,442179E-2;9,465917E-1;;
30/11/2021  14:47:40,308483;9,463770E-1;5,675298E-3;8,735019E-3;9,467571E-1;;
30/11/2021  14:47:40,308583;9,460909E-1;1,363980E-2;1,410586E-2;9,469145E-1;;
30/11/2021  14:47:40,308683;9,447736E-1;1,459554E-2;6,207563E-3;9,470636E-1;;
30/11/2021  14:47:40,308783;9,448750E-1;1,905566E-2;2,453162E-2;9,472040E-1;;
30/11/2021  14:47:40,308883;9,436679E-1;2,319720E-2;3,116619E-2;9,473349E-1;;
30/11/2021  14:47:40,308983;9,434504E-1;1,459554E-2;1,694925E-2;9,474560E-1;;
30/11/2021  14:47:40,309083;9,435279E-1;7,268198E-3;2,168823E-2;9,475665E-1;;
30/11/2021  14:47:40,309183;9,438468E-1;1,289658E-1;1,313166E-1;9,476661E-1;;
30/11/2021  14:47:40,309283;9,430927E-1;7,831154E-2;9,498445E-2;9,477542E-1;;
30/11/2021  14:47:40,309383;9,427321E-1;1,410718E-1;1,505885E-1;9,478307E-1;;
30/11/2021  14:47:40,309483;9,419632E-1;1,566822E-1;1,546956E-1;9,478951E-1;;
30/11/2021  14:47:40,309583;9,409708E-1;1,311958E-1;1,196272E-1;9,479471E-1;;
30/11/2021  14:47:40,309683;9,407294E-1;1,028422E-1;9,814378E-2;9,479864E-1;;
30/11/2021  14:47:40,309783;9,408724E-1;1,155854E-1;1,126766E-1;9,480124E-1;;
30/11/2021  14:47:40,309883;9,405833E-1;1,025236E-1;8,929768E-2;9,480249E-1;;
30/11/2021  14:47:40,309983;9,409231E-1;1,280100E-1;1,148882E-1;9,480237E-1;;
30/11/2021  14:47:40,310083;9,400350E-1;8,914326E-2;9,624818E-2;9,480087E-1;;
30/11/2021  14:47:40,310183;9,392243E-1;1,910889E-1;2,317830E-1;9,479799E-1;;
30/11/2021  14:47:40,310283;9,387415E-1;1,732484E-1;2,355742E-1;9,479371E-1;;
30/11/2021  14:47:40,310383;9,388279E-1;1,289658E-1;1,240502E-1;9,478803E-1;;
30/11/2021  14:47:40,310483;9,387445E-1;1,057094E-1;9,340479E-2;9,478094E-1;;
30/11/2021  14:47:40,310583;9,387266E-1;1,292843E-1;1,253139E-1;9,477245E-1;;
30/11/2021  14:47:40,310683;9,379756E-1;1,417090E-1;1,588027E-1;9,476258E-1;;
30/11/2021  14:47:40,310783;9,377431E-1;1,318330E-1;1,417424E-1;9,475134E-1;;
30/11/2021  14:47:40,310883;9,369354E-1;1,082581E-1;1,310007E-1;9,473875E-1;;
30/11/2021  14:47:40,310983;9,368401E-1;1,468062E-1;1,480610E-1;9,472484E-1;;
30/11/2021  14:47:40,311083;9,369265E-1;9,742634E-2;1,129926E-1;9,470961E-1;;
30/11/2021  14:47:40,311183;9,370934E-1;1,101695E-1;1,019350E-1;9,469310E-1;;
30/11/2021  14:47:40,311283;9,372692E-1;1,254614E-1;1,341600E-1;9,467535E-1;;
30/11/2021  14:47:40,311383;9,370934E-1;1,181340E-1;1,079377E-1;9,465641E-1;;
30/11/2021  14:47:40,311483;9,370070E-1;7,448858E-2;5,833634E-2;9,463634E-1;;
30/11/2021  14:47:40,311583;9,366374E-1;9,169190E-2;8,297904E-2;9,461521E-1;;
30/11/2021  14:47:40,311683;9,366434E-1;1,092138E-1;1,316326E-1;9,459306E-1;;
30/11/2021  14:47:40,311783;9,374451E-1;1,018865E-1;9,972343E-2;9,456999E-1;;
30/11/2021  14:47:40,311883;9,377163E-1;1,216384E-1;1,319485E-1;9,454605E-1;;
30/11/2021  14:47:40,311983;9,381276E-1;8,946184E-2;1,095173E-1;9,452134E-1;;
30/11/2021  14:47:40,312083;9,375226E-1;8,595746E-2;1,069899E-1;9,449597E-1;;
30/11/2021  14:47:40,312183;9,376209E-1;-8,416426E-2;4,822652E-2;9,447002E-1;;
30/11/2021  14:47:40,312283;9,368371E-1;-1,280234E-2;5,960007E-2;9,444360E-1;;
30/11/2021  14:47:40,312383;9,370725E-1;9,678918E-2;1,120448E-1;9,441677E-1;;
30/11/2021  14:47:40,312483;9,380918E-1;9,615202E-2;1,123607E-1;9,438962E-1;;
30/11/2021  14:47:40,312583;9,383004E-1;9,551486E-2;9,940750E-2;9,436224E-1;;
30/11/2021  14:47:40,312683;9,382319E-1;9,169190E-2;1,107811E-1;9,433473E-1;;
30/11/2021  14:47:40,312783;9,383123E-1;9,041758E-2;1,038306E-1;9,430719E-1;;
30/11/2021  14:47:40,312883;9,385090E-1;9,838208E-2;1,031987E-1;9,427970E-1;;
30/11/2021  14:47:40,312983;9,381544E-1;1,047537E-1;1,423743E-1;9,425236E-1;;
30/11/2021  14:47:40,313083;9,388965E-1;1,098510E-1;9,435259E-2;9,422526E-1;;
30/11/2021  14:47:40,313183;9,397876E-1;1,834429E-1;1,660692E-1;9,419848E-1;;
30/11/2021  14:47:40,313283;9,408814E-1;2,197611E-1;1,641736E-1;9,417212E-1;;
30/11/2021  14:47:40,313383;9,407800E-1;1,770713E-1;1,584868E-1;9,414628E-1;;
30/11/2021  14:47:40,313483;9,408128E-1;1,286472E-1;8,866581E-2;9,412108E-1;;
30/11/2021  14:47:40,313583;9,404820E-1;2,066993E-1;1,986102E-1;9,409661E-1;;
30/11/2021  14:47:40,313683;9,403509E-1;1,375674E-1;1,313166E-1;9,407296E-1;;
30/11/2021  14:47:40,313783;9,413791E-1;1,225942E-1;1,205749E-1;9,405021E-1;;
30/11/2021  14:47:40,313883;9,417814E-1;1,181340E-1;1,189953E-1;9,402841E-1;;
30/11/2021  14:47:40,313983;9,422821E-1;1,213198E-1;1,253139E-1;9,400765E-1;;
30/11/2021  14:47:40,314083;9,423298E-1;1,216384E-1;1,202590E-1;9,398800E-1;;
30/11/2021  14:47:40,314183;9,418887E-1;1,139925E-1;1,092014E-1;9,396953E-1;;
30/11/2021  14:47:40,314283;9,420586E-1;1,181340E-1;1,120448E-1;9,395228E-1;;
30/11/2021  14:47:40,314383;9,421152E-1;9,997498E-2;1,092014E-1;9,393631E-1;;
30/11/2021  14:47:40,314483;9,423387E-1;1,171783E-1;1,186794E-1;9,392163E-1;;
30/11/2021  14:47:40,314583;9,431702E-1;7,417000E-2;1,019350E-1;9,390827E-1;;
30/11/2021  14:47:40,314683;9,427291E-1;1,041165E-1;8,961361E-2;9,389627E-1;;
30/11/2021  14:47:40,314783;9,423268E-1;1,203641E-1;1,129926E-1;9,388564E-1;;
30/11/2021  14:47:40,314883;9,419960E-1;1,178155E-1;1,104651E-1;9,387637E-1;;
30/11/2021  14:47:40,314983;9,420645E-1;2,256004E-2;3,874856E-2;9,386846E-1;;
30/11/2021  14:47:40,315083;9,417218E-1;4,549780E-2;4,759465E-2;9,386188E-1;;
30/11/2021  14:47:40,315183;9,419841E-1;9,328480E-2;1,038306E-1;9,385660E-1;;
30/11/2021  14:47:40,315283;9,420645E-1;1,174969E-1;1,123607E-1;9,385258E-1;;
30/11/2021  14:47:40,315383;9,420407E-1;2,256004E-2;2,705907E-2;9,384979E-1;;
30/11/2021  14:47:40,315483;9,417039E-1;1,168597E-1;1,170997E-1;9,384818E-1;;
30/11/2021  14:47:40,315583;9,409141E-1;1,079395E-1;1,054102E-1;9,384769E-1;;
30/11/2021  14:47:40,315683;9,405297E-1;1,299215E-1;1,379512E-1;9,384827E-1;;
30/11/2021  14:47:40,315783;9,407979E-1;1,159040E-1;1,085695E-1;9,384985E-1;;
30/11/2021  14:47:40,315883;9,412479E-1;7,225852E-2;5,833634E-2;9,385234E-1;;
30/11/2021  14:47:40,315983;9,415698E-1;9,870066E-2;1,063580E-1;9,385567E-1;;
30/11/2021  14:47:40,316083;9,412569E-1;9,806350E-2;6,591871E-2;9,385980E-1;;
30/11/2021  14:47:40,316183;9,407264E-1;1,229127E-1;1,110970E-1;9,386465E-1;;
30/11/2021  14:47:40,316283;9,396773E-1;1,257800E-1;1,287892E-1;9,387016E-1;;
30/11/2021  14:47:40,316383;9,397667E-1;1,334259E-1;1,682807E-1;9,387625E-1;;
30/11/2021  14:47:40,316483;9,397190E-1;1,146297E-1;1,240502E-1;9,388283E-1;;
30/11/2021  14:47:40,316583;9,407741E-1;1,327887E-1;1,291051E-1;9,388981E-1;;
30/11/2021  14:47:40,316683;9,406847E-1;1,257800E-1;1,436380E-1;9,389714E-1;;
30/11/2021  14:47:40,316783;9,410572E-1;1,796200E-1;2,463159E-1;9,390475E-1;;
30/11/2021  14:47:40,316883;9,405327E-1;1,238685E-1;1,253139E-1;9,391260E-1;;
30/11/2021  14:47:40,316983;9,402078E-1;1,324701E-1;1,354238E-1;9,392064E-1;;
30/11/2021  14:47:40,317083;9,400439E-1;1,308772E-1;1,272095E-1;9,392881E-1;;
30/11/2021  14:47:40,317183;9,407919E-1;1,286472E-1;1,272095E-1;9,393707E-1;;
30/11/2021  14:47:40,317283;9,411168E-1;1,241871E-1;1,205749E-1;9,394537E-1;;
30/11/2021  14:47:40,317383;9,414476E-1;1,257800E-1;1,284732E-1;9,395367E-1;;
30/11/2021  14:47:40,317483;9,417427E-1;1,267357E-1;1,218387E-1;9,396196E-1;;
30/11/2021  14:47:40,317583;9,407860E-1;1,155854E-1;1,139404E-1;9,397022E-1;;
30/11/2021  14:47:40,317683;9,406101E-1;3,148028E-2;7,855599E-2;9,397843E-1;;
30/11/2021  14:47:40,317783;9,413433E-1;8,340882E-2;9,656411E-2;9,398656E-1;;
30/11/2021  14:47:40,317883;9,414059E-1;1,385232E-1;1,644895E-1;9,399459E-1;;
30/11/2021  14:47:40,317983;9,420168E-1;1,391603E-1;1,679647E-1;9,400250E-1;;
30/11/2021  14:47:40,318083;9,422910E-1;9,519628E-2;1,227865E-1;9,401029E-1;;
30/11/2021  14:47:40,318183;9,422165E-1;1,254614E-1;1,262617E-1;9,401796E-1;;
30/11/2021  14:47:40,318283;9,423775E-1;1,340630E-1;1,319485E-1;9,402552E-1;;
30/11/2021  14:47:40,318383;9,422374E-1;1,308772E-1;1,347919E-1;9,403298E-1;;
30/11/2021  14:47:40,318483;9,424848E-1;1,219570E-1;1,218387E-1;9,404033E-1;;
30/11/2021  14:47:40,318583;9,438110E-1;1,280100E-1;1,202590E-1;9,404759E-1;;
30/11/2021  14:47:40,318683;9,446663E-1;1,324701E-1;1,509044E-1;9,405478E-1;;
30/11/2021  14:47:40,318783;9,444249E-1;1,595494E-1;1,578549E-1;9,406193E-1;;
30/11/2021  14:47:40,318883;9,441358E-1;1,280100E-1;1,310007E-1;9,406909E-1;;
30/11/2021  14:47:40,318983;9,439809E-1;1,245056E-1;1,133085E-1;9,407629E-1;;
30/11/2021  14:47:40,319083;9,440256E-1;1,283286E-1;1,133085E-1;9,408355E-1;;
30/11/2021  14:47:40,319183;9,457720E-1;1,174969E-1;1,145722E-1;9,409088E-1;;
30/11/2021  14:47:40,319283;9,462638E-1;1,452133E-1;1,648054E-1;9,409832E-1;;
30/11/2021  14:47:40,319383;9,461684E-1;1,088952E-1;1,316326E-1;9,410592E-1;;
30/11/2021  14:47:40,319483;9,464456E-1;1,245056E-1;1,471132E-1;9,411371E-1;;
30/11/2021  14:47:40,319583;9,454353E-1;1,926818E-1;2,219891E-1;9,412175E-1;;
30/11/2021  14:47:40,319683;9,451342E-1;1,659210E-1;1,449017E-1;9,413004E-1;;
30/11/2021  14:47:40,319783;9,446723E-1;1,315144E-1;1,341600E-1;9,413859E-1;;
30/11/2021  14:47:40,319883;9,462370E-1;1,254614E-1;1,278414E-1;9,414740E-1;;
30/11/2021  14:47:40,319983;9,459330E-1;1,273729E-1;1,129926E-1;9,415647E-1;;
30/11/2021  14:47:40,320083;9,460134E-1;1,366117E-1;1,319485E-1;9,416580E-1;;
30/11/2021  14:47:40,320183;9,456349E-1;1,362931E-1;1,319485E-1;9,417538E-1;;
30/11/2021  14:47:40,320283;9,448154E-1;1,318330E-1;1,325804E-1;9,418522E-1;;
30/11/2021  14:47:40,320383;9,441031E-1;1,251428E-1;1,136244E-1;9,419529E-1;;
30/11/2021  14:47:40,320483;9,438468E-1;3,116170E-2;7,634447E-2;9,420555E-1;;
30/11/2021  14:47:40,320583;9,438795E-1;1,251428E-1;1,256299E-1;9,421594E-1;;
30/11/2021  14:47:40,320683;9,442521E-1;1,235499E-1;1,291051E-1;9,422642E-1;;
30/11/2021  14:47:40,320783;9,441984E-1;1,006121E-1;8,139938E-2;9,423695E-1;;
30/11/2021  14:47:40,320883;9,436977E-1;1,397975E-1;1,357397E-1;9,424747E-1;;
30/11/2021  14:47:40,320983;9,425235E-1;2,216725E-1;2,147227E-1;9,425795E-1;;
30/11/2021  14:47:40,321083;9,425086E-1;1,366117E-1;1,328963E-1;9,426833E-1;;
30/11/2021  14:47:40,321183;9,424907E-1;1,347002E-1;1,310007E-1;9,427854E-1;;
30/11/2021  14:47:40,321283;9,428245E-1;1,375674E-1;1,249980E-1;9,428853E-1;;
30/11/2021  14:47:40,321383;9,428186E-1;1,302401E-1;1,316326E-1;9,429824E-1;;
30/11/2021  14:47:40,321483;9,423983E-1;1,292843E-1;1,335282E-1;9,430762E-1;;
30/11/2021  14:47:40,321583;9,417278E-1;1,235499E-1;1,268936E-1;9,431664E-1;;
30/11/2021  14:47:40,321683;9,408635E-1;1,114439E-1;1,189953E-1;9,432524E-1;;
30/11/2021  14:47:40,321783;9,405893E-1;1,162226E-1;1,183634E-1;9,433337E-1;;
30/11/2021  14:47:40,321883;9,407115E-1;1,012493E-1;1,114129E-1;9,434097E-1;;
30/11/2021  14:47:40,321983;9,410423E-1;8,691320E-2;8,329497E-2;9,434797E-1;;
30/11/2021  14:47:40,322083;9,408694E-1;1,098510E-1;1,167838E-1;9,435434E-1;;
30/11/2021  14:47:40,322183;9,400051E-1;7,417000E-2;5,738855E-2;9,436004E-1;;
30/11/2021  14:47:40,322283;9,396147E-1;-1,016862E-1;-1,148463E-2;9,436504E-1;;
30/11/2021  14:47:40,322383;9,387028E-1;4,167484E-2;8,866581E-2;9,436929E-1;;
30/11/2021  14:47:40,322483;9,391945E-1;9,296622E-2;1,114129E-1;9,437275E-1;;
30/11/2021  14:47:40,322583;9,390872E-1;1,082581E-1;1,430061E-1;9,437537E-1;;
30/11/2021  14:47:40,322683;9,392213E-1;9,551486E-2;1,057261E-1;9,437712E-1;;
30/11/2021  14:47:40,322783;9,392541E-1;1,022050E-1;1,218387E-1;9,437800E-1;;
30/11/2021  14:47:40,322883;9,386282E-1;1,643281E-1;1,572231E-1;9,437798E-1;;
30/11/2021  14:47:40,322983;9,376746E-1;1,037979E-1;1,189953E-1;9,437706E-1;;
30/11/2021  14:47:40,323083;9,365361E-1;1,238685E-1;1,467973E-1;9,437522E-1;;
30/11/2021  14:47:40,323183;9,372066E-1;5,824100E-2;5,675668E-2;9,437243E-1;;
30/11/2021  14:47:40,323283;9,376388E-1;1,296029E-1;1,170997E-1;9,436866E-1;;
30/11/2021  14:47:40,323383;9,375077E-1;1,611423E-1;1,588027E-1;9,436392E-1;;
30/11/2021  14:47:40,323483;9,367983E-1;1,554079E-1;1,401627E-1;9,435821E-1;;
30/11/2021  14:47:40,323583;9,367805E-1;1,863102E-1;1,733356E-1;9,435153E-1;;
30/11/2021  14:47:40,323683;9,360533E-1;1,738855E-1;1,622780E-1;9,434389E-1;;
30/11/2021  14:47:40,323783;9,360503E-1;1,885402E-1;1,840773E-1;9,433529E-1;;
30/11/2021  14:47:40,323883;9,361486E-1;1,305587E-1;1,234183E-1;9,432575E-1;;
30/11/2021  14:47:40,323983;9,371590E-1;1,210013E-1;1,313166E-1;9,431528E-1;;
30/11/2021  14:47:40,324083;9,366195E-1;1,984162E-1;1,720719E-1;9,430391E-1;;
30/11/2021  14:47:40,324183;9,364944E-1;1,238685E-1;1,398468E-1;9,429169E-1;;
30/11/2021  14:47:40,324283;9,358595E-1;1,496735E-1;1,824976E-1;9,427865E-1;;
30/11/2021  14:47:40,324383;9,352456E-1;1,888588E-1;1,866047E-1;9,426484E-1;;
30/11/2021  14:47:40,324483;9,349297E-1;9,742634E-2;1,095173E-1;9,425028E-1;;
30/11/2021  14:47:40,324583;9,351562E-1;8,965980E-4;3,364175E-3;9,423500E-1;;
30/11/2021  14:47:40,324683;9,353857E-1;1,533758E-3;3,680107E-3;9,421902E-1;;
30/11/2021  14:47:40,324783;9,354989E-1;3,126658E-3;5,891631E-3;9,420238E-1;;
30/11/2021  14:47:40,324883;9,348254E-1;7,905358E-3;9,366883E-3;9,418512E-1;;
30/11/2021  14:47:40,324983;9,339760E-1;1,215178E-3;3,680107E-3;9,416729E-1;;
30/11/2021  14:47:40,325083;9,333025E-1;1,533758E-3;3,996039E-3;9,414891E-1;;
30/11/2021  14:47:40,325183;9,331832E-1;2,489498E-3;5,259767E-3;9,413000E-1;;
30/11/2021  14:47:40,325283;9,337406E-1;6,312458E-3;7,787223E-3;9,411058E-1;;
30/11/2021  14:47:40,325383;9,335439E-1;5,675298E-3;8,103155E-3;9,409068E-1;;
30/11/2021  14:47:40,325483;9,332697E-1;4,082398E-3;5,259767E-3;9,407031E-1;;
30/11/2021  14:47:40,325583;9,324769E-1;3,763818E-3;5,259767E-3;9,404952E-1;;
30/11/2021  14:47:40,325683;9,314994E-1;2,489498E-3;4,311971E-3;9,402832E-1;;
30/11/2021  14:47:40,325783;9,310732E-1;2,808078E-3;4,943835E-3;9,400673E-1;;
30/11/2021  14:47:40,325883;9,309212E-1;1,215178E-3;3,680107E-3;9,398474E-1;;
30/11/2021  14:47:40,325983;9,316633E-1;8,965980E-4;3,364175E-3;9,396237E-1;;
30/11/2021  14:47:40,326083;9,311298E-1;3,126658E-3;5,575699E-3;9,393962E-1;;
30/11/2021  14:47:40,326183;9,310315E-1;1,533758E-3;3,680107E-3;9,391653E-1;;
30/11/2021  14:47:40,326283;9,305963E-1;1,215178E-3;3,048243E-3;9,389310E-1;;
30/11/2021  14:47:40,326383;9,298513E-1;1,215178E-3;3,996039E-3;9,386935E-1;;
30/11/2021  14:47:40,326483;9,296009E-1;1,852338E-3;3,364175E-3;9,384531E-1;;
30/11/2021  14:47:40,326583;9,301135E-1;1,215178E-3;3,048243E-3;9,382099E-1;;
30/11/2021  14:47:40,326683;9,311388E-1;6,949618E-3;9,682815E-3;9,379639E-1;;
30/11/2021  14:47:40,326783;9,310255E-1;8,965980E-4;3,048243E-3;9,377157E-1;;
30/11/2021  14:47:40,326883;9,307334E-1;1,215178E-3;3,364175E-3;9,374656E-1;;
30/11/2021  14:47:40,326983;9,303996E-1;1,215178E-3;3,996039E-3;9,372143E-1;;
30/11/2021  14:47:40,327083;9,300897E-1;8,965980E-4;3,048243E-3;9,369622E-1;;
30/11/2021  14:47:40,327183;9,302715E-1;8,965980E-4;3,680107E-3;9,367095E-1;;
30/11/2021  14:47:40,327283;9,311507E-1;1,215178E-3;3,680107E-3;9,364568E-1;;
30/11/2021  14:47:40,327383;9,324888E-1;1,215178E-3;3,048243E-3;9,362046E-1;;
30/11/2021  14:47:40,327483;9,325782E-1;1,215178E-3;3,996039E-3;9,359536E-1;;
30/11/2021  14:47:40,327583;9,323458E-1;1,215178E-3;3,996039E-3;9,357048E-1;;
30/11/2021  14:47:40,327683;9,323577E-1;1,215178E-3;3,364175E-3;9,354587E-1;;
30/11/2021  14:47:40,327783;9,326051E-1;1,215178E-3;3,048243E-3;9,352164E-1;;
30/11/2021  14:47:40,327883;9,330700E-1;8,965980E-4;3,364175E-3;9,349784E-1;;
30/11/2021  14:47:40,327983;9,338091E-1;2,489498E-3;4,627903E-3;9,347454E-1;;
30/11/2021  14:47:40,328083;9,348254E-1;7,905358E-3;9,998747E-3;9,345184E-1;;
30/11/2021  14:47:40,328183;9,354870E-1;7,586778E-3;8,103155E-3;9,342982E-1;;
30/11/2021  14:47:40,328283;9,357016E-1;1,268406E-2;1,410586E-2;9,340858E-1;;
30/11/2021  14:47:40,328383;9,358387E-1;1,363980E-2;1,663332E-2;9,338821E-1;;
30/11/2021  14:47:40,328483;9,353827E-1;1,586986E-2;1,821298E-2;9,336881E-1;;
30/11/2021  14:47:40,328583;9,354065E-1;1,268406E-2;1,442179E-2;9,335044E-1;;
30/11/2021  14:47:40,328683;9,367745E-1;1,555128E-2;1,852891E-2;9,333317E-1;;
30/11/2021  14:47:40,328783;9,372901E-1;1,523270E-2;1,852891E-2;9,331706E-1;;
30/11/2021  14:47:40,328883;9,371828E-1;2,321857E-1;2,905464E-1;9,330218E-1;;
30/11/2021  14:47:40,328983;9,373080E-1;5,983390E-2;6,844617E-2;9,328858E-1;;
30/11/2021  14:47:40,329083;9,367328E-1;5,537378E-2;5,991600E-2;9,327632E-1;;
30/11/2021  14:47:40,329183;9,369354E-1;1,555128E-2;1,852891E-2;9,326542E-1;;
30/11/2021  14:47:40,329283;9,378295E-1;2,797590E-2;3,748483E-2;9,325591E-1;;
30/11/2021  14:47:40,329383;9,378355E-1;3,753330E-2;4,348754E-2;9,324780E-1;;
30/11/2021  14:47:40,329483;9,385061E-1;1,143111E-1;1,142563E-1;9,324111E-1;;
30/11/2021  14:47:40,329583;9,387564E-1;9,838208E-2;1,076217E-1;9,323586E-1;;
30/11/2021  14:47:40,329683;9,380501E-1;1,222756E-1;1,066739E-1;9,323206E-1;;
30/11/2021  14:47:40,329783;9,376597E-1;9,678918E-2;1,117289E-1;9,322971E-1;;
30/11/2021  14:47:40,329883;9,378772E-1;2,096714E-2;4,664686E-2;9,322877E-1;;
30/11/2021  14:47:40,329983;9,387981E-1;1,324701E-1;1,528000E-1;9,322923E-1;;
30/11/2021  14:47:40,330083;9,392720E-1;1,439390E-1;1,565912E-1;9,323106E-1;;
30/11/2021  14:47:40,330183;9,392482E-1;1,292843E-1;1,967146E-1;9,323424E-1;;
30/11/2021  14:47:40,330283;9,389024E-1;1,347002E-1;1,363715E-1;9,323874E-1;;
30/11/2021  14:47:40,330383;9,383213E-1;1,305587E-1;1,268936E-1;9,324452E-1;;
30/11/2021  14:47:40,330483;9,386789E-1;1,378860E-1;1,370034E-1;9,325155E-1;;
30/11/2021  14:47:40,330583;9,389859E-1;1,496735E-1;1,632258E-1;9,325976E-1;;
30/11/2021  14:47:40,330683;9,395134E-1;1,229127E-1;1,161519E-1;9,326911E-1;;
30/11/2021  14:47:40,330783;9,404790E-1;1,311958E-1;1,363715E-1;9,327953E-1;;
30/11/2021  14:47:40,330883;9,396833E-1;2,156195E-1;1,806020E-1;9,329100E-1;;
30/11/2021  14:47:40,330983;9,395790E-1;1,095324E-1;1,212068E-1;9,330347E-1;;
30/11/2021  14:47:40,331083;9,388756E-1;1,152668E-1;1,079377E-1;9,331688E-1;;
30/11/2021  14:47:40,331183;9,386998E-1;1,203641E-1;1,126766E-1;9,333118E-1;;
30/11/2021  14:47:40,331283;9,390693E-1;1,302401E-1;1,155200E-1;9,334627E-1;;
30/11/2021  14:47:40,331383;9,402257E-1;1,789828E-1;2,008217E-1;9,336208E-1;;
30/11/2021  14:47:40,331483;9,400051E-1;9,615202E-2;4,253974E-2;9,337856E-1;;
30/11/2021  14:47:40,331583;9,401273E-1;1,522221E-1;1,704922E-1;9,339565E-1;;
30/11/2021  14:47:40,331683;9,399634E-1;1,490363E-1;1,584868E-1;9,341330E-1;;
30/11/2021  14:47:40,331783;9,392064E-1;1,260985E-1;1,265777E-1;9,343143E-1;;
30/11/2021  14:47:40,331883;9,393793E-1;1,203641E-1;1,221546E-1;9,345000E-1;;
30/11/2021  14:47:40,331983;9,400558E-1;1,254614E-1;1,268936E-1;9,346893E-1;;
30/11/2021  14:47:40,332083;9,407443E-1;1,120810E-1;9,024547E-2;9,348815E-1;;
30/11/2021  14:47:40,332183;9,411108E-1;1,095324E-1;1,193112E-1;9,350762E-1;;
30/11/2021  14:47:40,332283;9,412539E-1;1,127182E-1;1,199431E-1;9,352731E-1;;
30/11/2021  14:47:40,332383;9,408068E-1;1,117624E-1;1,158360E-1;9,354717E-1;;
30/11/2021  14:47:40,332483;9,406549E-1;1,060280E-1;1,047783E-1;9,356717E-1;;
30/11/2021  14:47:40,332583;9,413373E-1;1,041165E-1;1,341600E-1;9,358727E-1;;
30/11/2021  14:47:40,332683;9,420079E-1;9,710776E-2;9,751191E-2;9,360744E-1;;
30/11/2021  14:47:40,332783;9,423417E-1;1,216384E-1;1,395309E-1;9,362764E-1;;
30/11/2021  14:47:40,332883;9,428901E-1;-2,926362E-3;3,364175E-3;9,364787E-1;;
30/11/2021  14:47:40,332983;9,430152E-1;5,569236E-2;1,082536E-1;9,366811E-1;;
30/11/2021  14:47:40,333083;9,424997E-1;1,194084E-1;1,625939E-1;9,368837E-1;;
30/11/2021  14:47:40,333183;9,429407E-1;9,105474E-2;1,057261E-1;9,370861E-1;;
30/11/2021  14:47:40,333283;9,434623E-1;8,691320E-2;1,044624E-1;9,372885E-1;;
30/11/2021  14:47:40,333383;9,446514E-1;8,627604E-2;1,000394E-1;9,374906E-1;;
30/11/2021  14:47:40,333483;9,450508E-1;9,009900E-2;1,095173E-1;9,376926E-1;;
30/11/2021  14:47:40,333583;9,451313E-1;1,079395E-1;1,310007E-1;9,378946E-1;;
30/11/2021  14:47:40,333683;9,448958E-1;1,168597E-1;1,224705E-1;9,380968E-1;;
30/11/2021  14:47:40,333783;9,443772E-1;1,394789E-1;1,325804E-1;9,382994E-1;;
30/11/2021  14:47:40,333883;9,442074E-1;1,528593E-1;1,357397E-1;9,385022E-1;;
30/11/2021  14:47:40,333983;9,447498E-1;1,579565E-1;1,423743E-1;9,387051E-1;;
30/11/2021  14:47:40,334083;9,455217E-1;9,678918E-2;1,110970E-1;9,389081E-1;;
30/11/2021  14:47:40,334183;9,454531E-1;1,474434E-1;1,287892E-1;9,391111E-1;;
30/11/2021  14:47:40,334283;9,447468E-1;1,509478E-1;1,477451E-1;9,393140E-1;;
30/11/2021  14:47:40,334383;9,445412E-1;1,675139E-1;1,704922E-1;9,395166E-1;;
30/11/2021  14:47:40,334483;9,440315E-1;6,652408E-2;5,296550E-2;9,397189E-1;;
30/11/2021  14:47:40,334583;9,437693E-1;8,532030E-2;8,139938E-2;9,399203E-1;;
30/11/2021  14:47:40,334683;9,441329E-1;7,831154E-2;9,940750E-2;9,401205E-1;;
30/11/2021  14:47:40,334783;9,443594E-1;1,130368E-1;1,088855E-1;9,403190E-1;;
30/11/2021  14:47:40,334883;9,440286E-1;1,490363E-1;1,622780E-1;9,405156E-1;;
30/11/2021  14:47:40,334983;9,434891E-1;1,229127E-1;1,256299E-1;9,407098E-1;;
30/11/2021  14:47:40,335083;9,427887E-1;9,455912E-2;9,245700E-2;9,409011E-1;;
30/11/2021  14:47:40,335183;9,417576E-1;1,238685E-1;1,297370E-1;9,410891E-1;;
30/11/2021  14:47:40,335283;9,419543E-1;1,108067E-1;1,060421E-1;9,412731E-1;;
30/11/2021  14:47:40,335383;9,416205E-1;8,595746E-2;6,939396E-2;9,414523E-1;;
30/11/2021  14:47:40,335483;9,422553E-1;1,222756E-1;1,202590E-1;9,416261E-1;;
30/11/2021  14:47:40,335583;9,413642E-1;1,098510E-1;8,519056E-2;9,417940E-1;;
30/11/2021  14:47:40,335683;9,413642E-1;6,301970E-2;4,064415E-2;9,419553E-1;;
30/11/2021  14:47:40,335783;9,407592E-1;1,130368E-1;1,095173E-1;9,421096E-1;;
30/11/2021  14:47:40,335883;9,398233E-1;1,560451E-1;1,540637E-1;9,422562E-1;;
30/11/2021  14:47:40,335983;9,399753E-1;7,098420E-2;8,677022E-2;9,423947E-1;;
30/11/2021  14:47:40,336083;9,402227E-1;1,267357E-1;1,259458E-1;9,425243E-1;;
30/11/2021  14:47:40,336183;9,403866E-1;9,615202E-2;1,016190E-1;9,426446E-1;;
30/11/2021  14:47:40,336283;9,397190E-1;3,817046E-2;1,054102E-1;9,427553E-1;;
30/11/2021  14:47:40,336383;9,393078E-1;1,582751E-1;1,606983E-1;9,428561E-1;;
30/11/2021  14:47:40,336483;9,391468E-1;7,098420E-2;5,612482E-2;9,429465E-1;;
30/11/2021  14:47:40,336583;9,383660E-1;1,232313E-1;1,237343E-1;9,430264E-1;;
30/11/2021  14:47:40,336683;9,385269E-1;1,260985E-1;1,224705E-1;9,430953E-1;;
30/11/2021  14:47:40,336783;9,386849E-1;1,022050E-1;8,771802E-2;9,431531E-1;;
30/11/2021  14:47:40,336883;9,383749E-1;1,235499E-1;1,249980E-1;9,431994E-1;;
30/11/2021  14:47:40,336983;9,376537E-1;1,194084E-1;1,161519E-1;9,432343E-1;;
30/11/2021  14:47:40,337083;9,375345E-1;1,159040E-1;1,038306E-1;9,432577E-1;;
30/11/2021  14:47:40,337183;9,370576E-1;1,334259E-1;1,610142E-1;9,432693E-1;;
30/11/2021  14:47:40,337283;9,370517E-1;1,366117E-1;1,455336E-1;9,432691E-1;;
30/11/2021  14:47:40,337383;9,374749E-1;1,748413E-1;1,477451E-1;9,432571E-1;;
30/11/2021  14:47:40,337483;9,371560E-1;1,315144E-1;1,426902E-1;9,432334E-1;;
30/11/2021  14:47:40,337583;9,373437E-1;1,133553E-1;1,208909E-1;9,431980E-1;;
30/11/2021  14:47:40,337683;9,370785E-1;1,117624E-1;1,069899E-1;9,431514E-1;;
30/11/2021  14:47:40,337783;9,365718E-1;1,235499E-1;1,196272E-1;9,430937E-1;;
30/11/2021  14:47:40,337883;9,361784E-1;1,311958E-1;1,303688E-1;9,430252E-1;;
30/11/2021  14:47:40,337983;9,356539E-1;1,311958E-1;1,316326E-1;9,429461E-1;;
30/11/2021  14:47:40,338083;9,366344E-1;1,305587E-1;1,249980E-1;9,428567E-1;;
30/11/2021  14:47:40,338183;9,367030E-1;1,197269E-1;1,196272E-1;9,427572E-1;;
30/11/2021  14:47:40,338283;9,369176E-1;1,155854E-1;1,167838E-1;9,426482E-1;;
30/11/2021  14:47:40,338383;9,369235E-1;1,229127E-1;1,013031E-1;9,425302E-1;;
30/11/2021  14:47:40,338483;9,364258E-1;1,206827E-1;1,152041E-1;9,424039E-1;;
30/11/2021  14:47:40,338583;9,365391E-1;1,190898E-1;1,196272E-1;9,422697E-1;;
30/11/2021  14:47:40,338683;9,365331E-1;1,296029E-1;1,272095E-1;9,421282E-1;;
30/11/2021  14:47:40,338783;9,368699E-1;1,404346E-1;1,581709E-1;9,419801E-1;;
30/11/2021  14:47:40,338883;9,367149E-1;8,914326E-2;9,593225E-2;9,418260E-1;;
30/11/2021  14:47:40,338983;9,368758E-1;1,200455E-1;1,186794E-1;9,416665E-1;;
30/11/2021  14:47:40,339083;9,359579E-1;9,997498E-2;1,120448E-1;9,415023E-1;;
30/11/2021  14:47:40,339183;9,350459E-1;1,178155E-1;1,164678E-1;9,413340E-1;;
30/11/2021  14:47:40,339283;9,351115E-1;1,254614E-1;1,294210E-1;9,411618E-1;;
30/11/2021  14:47:40,339383;9,354185E-1;1,280100E-1;1,287892E-1;9,409861E-1;;
30/11/2021  14:47:40,339483;9,346823E-1;1,289658E-1;1,215227E-1;9,408074E-1;;
30/11/2021  14:47:40,339583;9,354691E-1;1,401161E-1;1,499566E-1;9,406258E-1;;
30/11/2021  14:47:40,339683;9,351920E-1;1,229127E-1;1,202590E-1;9,404418E-1;;
30/11/2021  14:47:40,339783;9,341429E-1;1,327887E-1;1,265777E-1;9,402558E-1;;
30/11/2021  14:47:40,339883;9,338389E-1;1,512664E-1;1,578549E-1;9,400681E-1;;
30/11/2021  14:47:40,339983;9,344350E-1;-2,522696E-2;6,054787E-2;9,398788E-1;;
30/11/2021  14:47:40,340083;9,347449E-1;1,321516E-1;8,550650E-2;9,396882E-1;;
30/11/2021  14:47:40,340183;9,350102E-1;7,289568E-2;9,340479E-2;9,394967E-1;;
30/11/2021  14:47:40,340283;9,345363E-1;1,050723E-1;7,097362E-2;9,393047E-1;;
30/11/2021  14:47:40,340383;9,345870E-1;1,292843E-1;1,054102E-1;9,391125E-1;;
30/11/2021  14:47:40,340483;9,340326E-1;1,334259E-1;1,528000E-1;9,389206E-1;;
30/11/2021  14:47:40,340583;9,341191E-1;1,321516E-1;1,319485E-1;9,387292E-1;;
30/11/2021  14:47:40,340683;9,349178E-1;1,283286E-1;9,751191E-2;9,385386E-1;;
30/11/2021  14:47:40,340783;9,349595E-1;1,270543E-1;1,237343E-1;9,383492E-1;;
30/11/2021  14:47:40,340883;9,352784E-1;1,082581E-1;1,041465E-1;9,381614E-1;;
30/11/2021  14:47:40,340983;9,362142E-1;1,611423E-1;1,945030E-1;9,379757E-1;;
30/11/2021  14:47:40,341083;9,354453E-1;1,388417E-1;1,373193E-1;9,377927E-1;;
30/11/2021  14:47:40,341183;9,357999E-1;1,292843E-1;1,281573E-1;9,376129E-1;;
30/11/2021  14:47:40,341283;9,357910E-1;1,241871E-1;1,240502E-1;9,374367E-1;;
30/11/2021  14:47:40,341383;9,369027E-1;1,251428E-1;1,249980E-1;9,372648E-1;;
30/11/2021  14:47:40,341483;9,372692E-1;1,187712E-1;1,148882E-1;9,370976E-1;;
30/11/2021  14:47:40,341583;9,371739E-1;1,369303E-1;1,287892E-1;9,369358E-1;;
30/11/2021  14:47:40,341683;9,382199E-1;1,143111E-1;1,249980E-1;9,367800E-1;;
30/11/2021  14:47:40,341783;9,382319E-1;1,222756E-1;9,909157E-2;9,366308E-1;;
30/11/2021  14:47:40,341883;9,382348E-1;1,452133E-1;1,433221E-1;9,364890E-1;;
30/11/2021  14:47:40,341983;9,385865E-1;1,130368E-1;1,603824E-1;9,363550E-1;;
30/11/2021  14:47:40,342083;9,393674E-1;1,194084E-1;1,347919E-1;9,362295E-1;;
30/11/2021  14:47:40,342183;9,401691E-1;1,270543E-1;1,152041E-1;9,361129E-1;;
30/11/2021  14:47:40,342283;9,405505E-1;1,327887E-1;1,540637E-1;9,360061E-1;;
30/11/2021  14:47:40,342383;9,414297E-1;1,200455E-1;1,234183E-1;9,359095E-1;;
30/11/2021  14:47:40,342483;9,407502E-1;1,184526E-1;1,246821E-1;9,358238E-1;;
30/11/2021  14:47:40,342583;9,409380E-1;1,206827E-1;1,313166E-1;9,357496E-1;;
30/11/2021  14:47:40,342683;9,423000E-1;-6,749322E-3;5,328143E-2;9,356874E-1;;
30/11/2021  14:47:40,342783;9,431076E-1;1,031608E-1;9,688005E-2;9,356375E-1;;
30/11/2021  14:47:40,342883;9,436441E-1;1,213198E-1;1,502726E-1;9,356005E-1;;
30/11/2021  14:47:40,342983;9,441567E-1;1,372488E-1;1,417424E-1;9,355769E-1;;
30/11/2021  14:47:40,343083;9,444756E-1;1,073023E-1;1,205749E-1;9,355673E-1;;
30/11/2021  14:47:40,343183;9,447706E-1;9,838208E-2;9,593225E-2;9,355721E-1;;
30/11/2021  14:47:40,343283;9,450836E-1;7,799296E-2;6,686651E-2;9,355917E-1;;
30/11/2021  14:47:40,343383;9,459657E-1;1,114439E-1;1,069899E-1;9,356264E-1;;
30/11/2021  14:47:40,343483;9,468926E-1;9,105474E-2;1,528000E-1;9,356765E-1;;
30/11/2021  14:47:40,343583;9,474589E-1;-3,797016E-2;9,998747E-3;9,357423E-1;;
30/11/2021  14:47:40,343683;9,476615E-1;1,082581E-1;1,442698E-1;9,358241E-1;;
30/11/2021  14:47:40,343783;9,475095E-1;8,946184E-2;1,291051E-1;9,359221E-1;;
30/11/2021  14:47:40,343883;9,477688E-1;1,213198E-1;1,373193E-1;9,360365E-1;;
30/11/2021  14:47:40,343983;9,481920E-1;1,283286E-1;1,433221E-1;9,361671E-1;;
30/11/2021  14:47:40,344083;9,486003E-1;1,468062E-1;1,385831E-1;9,363139E-1;;
30/11/2021  14:47:40,344183;9,489937E-1;1,496735E-1;1,174156E-1;9,364767E-1;;
30/11/2021  14:47:40,344283;9,494348E-1;8,691320E-2;1,133085E-1;9,366553E-1;;
30/11/2021  14:47:40,344383;9,493186E-1;1,840801E-1;1,676488E-1;9,368494E-1;;
30/11/2021  14:47:40,344483;9,487553E-1;1,178155E-1;1,092014E-1;9,370587E-1;;
30/11/2021  14:47:40,344583;9,489520E-1;8,965980E-4;3,048243E-3;9,372827E-1;;
30/11/2021  14:47:40,344683;9,494169E-1;7,905358E-3;9,366883E-3;9,375207E-1;;
30/11/2021  14:47:40,344783;9,491517E-1;5,780180E-4;3,680107E-3;9,377720E-1;;
30/11/2021  14:47:40,344883;9,487613E-1;8,223938E-3;9,366883E-3;9,380359E-1;;
30/11/2021  14:47:40,344983;9,493633E-1;5,356718E-3;6,839427E-3;9,383115E-1;;
30/11/2021  14:47:40,345083;9,487166E-1;7,268198E-3;9,050951E-3;9,385980E-1;;
30/11/2021  14:47:40,345183;9,480818E-1;5,993878E-3;7,787223E-3;9,388944E-1;;
30/11/2021  14:47:40,345283;9,475602E-1;3,445238E-3;5,575699E-3;9,391995E-1;;
30/11/2021  14:47:40,345383;9,476407E-1;2,489498E-3;4,311971E-3;9,395121E-1;;
30/11/2021  14:47:40,345483;9,473337E-1;2,170918E-3;4,627903E-3;9,398310E-1;;
30/11/2021  14:47:40,345583;9,481652E-1;4,400978E-3;6,839427E-3;9,401548E-1;;
30/11/2021  14:47:40,345683;9,476317E-1;1,533758E-3;3,996039E-3;9,404825E-1;;
30/11/2021  14:47:40,345783;9,466095E-1;3,763818E-3;6,207563E-3;9,408128E-1;;
30/11/2021  14:47:40,345883;9,465022E-1;3,126658E-3;5,259767E-3;9,411444E-1;;
30/11/2021  14:47:40,345983;9,459687E-1;1,852338E-3;3,996039E-3;9,414762E-1;;
30/11/2021  14:47:40,346083;9,459061E-1;1,215178E-3;3,048243E-3;9,418067E-1;;
30/11/2021  14:47:40,346183;9,456677E-1;3,126658E-3;5,259767E-3;9,421347E-1;;
30/11/2021  14:47:40,346283;9,455008E-1;1,215178E-3;3,048243E-3;9,424589E-1;;
30/11/2021  14:47:40,346383;9,455723E-1;1,215178E-3;3,364175E-3;9,427781E-1;;
30/11/2021  14:47:40,346483;9,450746E-1;2,808078E-3;4,943835E-3;9,430913E-1;;
30/11/2021  14:47:40,346583;9,448004E-1;8,965980E-4;3,048243E-3;9,433973E-1;;
30/11/2021  14:47:40,346683;9,445441E-1;1,852338E-3;4,311971E-3;9,436951E-1;;
30/11/2021  14:47:40,346783;9,447706E-1;4,082398E-3;5,259767E-3;9,439838E-1;;
30/11/2021  14:47:40,346883;9,446306E-1;1,215178E-3;3,364175E-3;9,442626E-1;;
30/11/2021  14:47:40,346983;9,445114E-1;5,780180E-4;3,680107E-3;9,445305E-1;;
30/11/2021  14:47:40,347083;9,439213E-1;1,852338E-3;3,680107E-3;9,447870E-1;;
30/11/2021  14:47:40,347183;9,433818E-1;1,215178E-3;3,364175E-3;9,450314E-1;;
30/11/2021  14:47:40,347283;9,428484E-1;1,215178E-3;3,680107E-3;9,452630E-1;;
30/11/2021  14:47:40,347383;9,431672E-1;8,965980E-4;3,364175E-3;9,454812E-1;;
30/11/2021  14:47:40,347483;9,428007E-1;5,780180E-4;3,364175E-3;9,456853E-1;;
30/11/2021  14:47:40,347583;9,427291E-1;8,965980E-4;3,680107E-3;9,458749E-1;;
30/11/2021  14:47:40,347683;9,426278E-1;8,965980E-4;3,996039E-3;9,460496E-1;;
30/11/2021  14:47:40,347783;9,427470E-1;8,965980E-4;3,048243E-3;9,462092E-1;;
30/11/2021  14:47:40,347883;9,412777E-1;1,215178E-3;3,048243E-3;9,463533E-1;;
30/11/2021  14:47:40,347983;9,410840E-1;1,533758E-3;3,996039E-3;9,464817E-1;;
30/11/2021  14:47:40,348083;9,410453E-1;1,852338E-3;3,680107E-3;9,465942E-1;;
30/11/2021  14:47:40,348183;9,411526E-1;1,491412E-2;1,663332E-2;9,466906E-1;;
30/11/2021  14:47:40,348283;9,411853E-1;1,204690E-2;1,252620E-2;9,467706E-1;;
30/11/2021  14:47:40,348383;9,401780E-1;1,077258E-2;1,663332E-2;9,468344E-1;;
30/11/2021  14:47:40,348483;9,398859E-1;1,427696E-2;2,137230E-2;9,468819E-1;;
30/11/2021  14:47:40,348583;9,392631E-1;1,650702E-2;1,884484E-2;9,469132E-1;;
30/11/2021  14:47:40,348683;9,387206E-1;1,459554E-2;1,663332E-2;9,469281E-1;;
30/11/2021  14:47:40,348783;9,383779E-1;1,650702E-2;1,884484E-2;9,469268E-1;;
30/11/2021  14:47:40,348883;9,381961E-1;1,140974E-2;1,347400E-2;9,469091E-1;;
30/11/2021  14:47:40,348983;9,383541E-1;8,659462E-2;9,340479E-2;9,468751E-1;;
30/11/2021  14:47:40,349083;9,378534E-1;1,809992E-2;1,694925E-2;9,468251E-1;;
30/11/2021  14:47:40,349183;9,375702E-1;7,958586E-2;7,950379E-2;9,467591E-1;;
30/11/2021  14:47:40,349283;9,364467E-1;1,523270E-2;1,600145E-2;9,466775E-1;;
30/11/2021  14:47:40,349383;9,358715E-1;1,873708E-2;2,200416E-2;9,465804E-1;;
30/11/2021  14:47:40,349483;9,359341E-1;9,870066E-2;1,452176E-1;9,464680E-1;;
30/11/2021  14:47:40,349583;9,355943E-1;1,646467E-1;1,742834E-1;9,463404E-1;;
30/11/2021  14:47:40,349683;9,354602E-1;1,270543E-1;1,717559E-1;9,461979E-1;;
30/11/2021  14:47:40,349783;9,345423E-1;8,181592E-2;1,000394E-1;9,460408E-1;;
30/11/2021  14:47:40,349883;9,343575E-1;9,647060E-2;1,101492E-1;9,458694E-1;;
30/11/2021  14:47:40,349983;9,338717E-1;1,324701E-1;1,322644E-1;9,456839E-1;;
30/11/2021  14:47:40,350083;9,331326E-1;8,563888E-2;9,561632E-2;9,454848E-1;;
30/11/2021  14:47:40,350183;9,335260E-1;1,276914E-1;1,212068E-1;9,452722E-1;;
30/11/2021  14:47:40,350283;9,336333E-1;1,238685E-1;1,253139E-1;9,450465E-1;;
30/11/2021  14:47:40,350383;9,334693E-1;1,315144E-1;1,221546E-1;9,448084E-1;;
30/11/2021  14:47:40,350483;9,330283E-1;1,104881E-1;1,101492E-1;9,445582E-1;;
30/11/2021  14:47:40,350583;9,327064E-1;9,742634E-2;1,031987E-1;9,442967E-1;;
30/11/2021  14:47:40,350683;9,326527E-1;1,560451E-1;1,701763E-1;9,440245E-1;;
30/11/2021  14:47:40,350783;9,331385E-1;1,136739E-1;1,193112E-1;9,437421E-1;;
30/11/2021  14:47:40,350883;9,336094E-1;1,423461E-1;1,679647E-1;9,434503E-1;;
30/11/2021  14:47:40,350983;9,340326E-1;1,066652E-1;1,152041E-1;9,431500E-1;;
30/11/2021  14:47:40,351083;9,334306E-1;1,350188E-1;1,388990E-1;9,428422E-1;;
30/11/2021  14:47:40,351183;9,332876E-1;1,359745E-1;1,382671E-1;9,425279E-1;;
30/11/2021  14:47:40,351283;9,328435E-1;1,222756E-1;1,107811E-1;9,422081E-1;;
30/11/2021  14:47:40,351383;9,327660E-1;1,276914E-1;1,287892E-1;9,418835E-1;;
30/11/2021  14:47:40,351483;9,334634E-1;1,289658E-1;1,319485E-1;9,415550E-1;;
30/11/2021  14:47:40,351583;9,335319E-1;1,308772E-1;1,313166E-1;9,412236E-1;;
30/11/2021  14:47:40,351683;9,339343E-1;1,362931E-1;1,382671E-1;9,408901E-1;;
30/11/2021  14:47:40,351783;9,335111E-1;1,260985E-1;1,221546E-1;9,405556E-1;;
30/11/2021  14:47:40,351883;9,335647E-1;1,283286E-1;1,243661E-1;9,402211E-1;;
30/11/2021  14:47:40,351983;9,333621E-1;1,321516E-1;9,245700E-2;9,398873E-1;;
30/11/2021  14:47:40,352083;9,339790E-1;1,018865E-1;1,344760E-1;9,395553E-1;;
30/11/2021  14:47:40,352183;9,342830E-1;1,296029E-1;1,120448E-1;9,392258E-1;;
30/11/2021  14:47:40,352283;9,345423E-1;1,423461E-1;1,363715E-1;9,388998E-1;;
30/11/2021  14:47:40,352383;9,346317E-1;1,308772E-1;1,158360E-1;9,385782E-1;;
30/11/2021  14:47:40,352483;9,342651E-1;1,009307E-1;9,308886E-2;9,382618E-1;;
30/11/2021  14:47:40,352583;9,339671E-1;1,251428E-1;1,430061E-1;9,379515E-1;;
30/11/2021  14:47:40,352683;9,337108E-1;1,146297E-1;1,193112E-1;9,376479E-1;;
30/11/2021  14:47:40,352783;9,335647E-1;9,169190E-2;1,038306E-1;9,373516E-1;;
30/11/2021  14:47:40,352883;9,344797E-1;1,050723E-1;1,110970E-1;9,370630E-1;;
30/11/2021  14:47:40,352983;9,339849E-1;-3,287288E-2;3,432551E-2;9,367826E-1;;
30/11/2021  14:47:40,353083;9,338538E-1;1,022050E-1;1,028828E-1;9,365108E-1;;
30/11/2021  14:47:40,353183;9,336213E-1;9,009900E-2;9,909157E-2;9,362481E-1;;
30/11/2021  14:47:40,353283;9,335558E-1;9,965640E-2;1,047783E-1;9,359947E-1;;
30/11/2021  14:47:40,353383;9,331236E-1;9,678918E-2;1,000394E-1;9,357507E-1;;
30/11/2021  14:47:40,353483;9,333054E-1;8,786894E-2;1,022509E-1;9,355164E-1;;
30/11/2021  14:47:40,353583;9,339671E-1;5,728526E-2;7,444887E-2;9,352917E-1;;
30/11/2021  14:47:40,353683;9,337286E-1;8,595746E-2;9,308886E-2;9,350767E-1;;
30/11/2021  14:47:40,353783;9,333680E-1;9,806350E-2;1,073058E-1;9,348717E-1;;
30/11/2021  14:47:40,353883;9,331326E-1;5,696668E-2;5,106991E-2;9,346765E-1;;
30/11/2021  14:47:40,353983;9,327839E-1;7,512574E-2;1,275255E-1;9,344911E-1;;
30/11/2021  14:47:40,354083;9,325335E-1;9,360338E-2;1,183634E-1;9,343154E-1;;
30/11/2021  14:47:40,354183;9,327600E-1;6,397544E-2;7,286922E-2;9,341491E-1;;
30/11/2021  14:47:40,354283;9,330968E-1;1,149482E-1;1,224705E-1;9,339920E-1;;
30/11/2021  14:47:40,354383;9,329418E-1;1,321516E-1;1,493248E-1;9,338438E-1;;
30/11/2021  14:47:40,354483;9,329478E-1;1,391603E-1;1,284732E-1;9,337045E-1;;
30/11/2021  14:47:40,354583;9,321103E-1;1,407532E-1;1,231024E-1;9,335738E-1;;
30/11/2021  14:47:40,354683;9,320597E-1;1,560451E-1;1,385831E-1;9,334514E-1;;
30/11/2021  14:47:40,354783;9,331266E-1;2,128572E-2;1,663332E-2;9,333369E-1;;
30/11/2021  14:47:40,354883;9,330193E-1;1,350188E-1;1,161519E-1;9,332301E-1;;
30/11/2021  14:47:40,354983;9,335945E-1;1,340630E-1;1,398468E-1;9,331308E-1;;
30/11/2021  14:47:40,355083;9,335349E-1;1,171783E-1;1,016190E-1;9,330388E-1;;
30/11/2021  14:47:40,355183;9,334336E-1;1,159040E-1;1,088855E-1;9,329541E-1;;
30/11/2021  14:47:40,355283;9,331505E-1;8,723178E-2;7,350108E-2;9,328766E-1;;
30/11/2021  14:47:40,355383;9,330879E-1;1,292843E-1;1,395309E-1;9,328060E-1;;
30/11/2021  14:47:40,355483;9,334544E-1;9,933782E-2;8,424277E-2;9,327422E-1;;
30/11/2021  14:47:40,355583;9,340147E-1;1,289658E-1;1,332122E-1;9,326849E-1;;
30/11/2021  14:47:40,355683;9,341131E-1;1,547707E-1;2,106156E-1;9,326341E-1;;
30/11/2021  14:47:40,355783;9,343068E-1;1,394789E-1;1,638576E-1;9,325897E-1;;
30/11/2021  14:47:40,355883;9,343396E-1;3,371034E-2;3,116619E-2;9,325516E-1;;
30/11/2021  14:47:40,355983;9,347241E-1;1,267357E-1;1,268936E-1;9,325198E-1;;
30/11/2021  14:47:40,356083;9,350280E-1;1,254614E-1;1,224705E-1;9,324942E-1;;
30/11/2021  14:47:40,356183;9,355854E-1;1,184526E-1;1,208909E-1;9,324748E-1;;
30/11/2021  14:47:40,356283;9,365540E-1;7,544432E-2;8,013565E-2;9,324618E-1;;
30/11/2021  14:47:40,356383;9,368788E-1;1,267357E-1;1,278414E-1;9,324553E-1;;
30/11/2021  14:47:40,356483;9,372126E-1;1,241871E-1;1,221546E-1;9,324556E-1;;
30/11/2021  14:47:40,356583;9,370040E-1;1,280100E-1;1,199431E-1;9,324629E-1;;
30/11/2021  14:47:40,356683;9,366076E-1;1,031608E-1;9,814378E-2;9,324774E-1;;
30/11/2021  14:47:40,356783;9,379845E-1;7,576290E-2;9,940750E-2;9,324992E-1;;
30/11/2021  14:47:40,356883;9,378087E-1;1,273729E-1;1,212068E-1;9,325284E-1;;
30/11/2021  14:47:40,356983;9,386938E-1;8,850610E-2;1,025668E-1;9,325652E-1;;
30/11/2021  14:47:40,357083;9,392780E-1;1,152668E-1;8,740209E-2;9,326097E-1;;
30/11/2021  14:47:40,357183;9,403002E-1;1,665582E-1;2,046129E-1;9,326622E-1;;
30/11/2021  14:47:40,357283;9,398889E-1;1,257800E-1;1,284732E-1;9,327230E-1;;
30/11/2021  14:47:40,357383;9,398055E-1;1,235499E-1;1,246821E-1;9,327924E-1;;
30/11/2021  14:47:40,357483;9,405148E-1;1,292843E-1;1,300529E-1;9,328704E-1;;
30/11/2021  14:47:40,357583;9,411049E-1;1,337445E-1;1,316326E-1;9,329573E-1;;
30/11/2021  14:47:40,357683;9,414327E-1;1,311958E-1;1,294210E-1;9,330532E-1;;
30/11/2021  14:47:40,357783;9,413731E-1;1,257800E-1;1,344760E-1;9,331583E-1;;
30/11/2021  14:47:40,357883;9,418321E-1;1,203641E-1;1,199431E-1;9,332725E-1;;
30/11/2021  14:47:40,357983;9,411079E-1;1,241871E-1;1,183634E-1;9,333959E-1;;
30/11/2021  14:47:40,358083;9,417337E-1;1,264171E-1;1,208909E-1;9,335284E-1;;
30/11/2021  14:47:40,358183;9,415102E-1;1,315144E-1;1,278414E-1;9,336698E-1;;
30/11/2021  14:47:40,358283;9,422493E-1;1,069837E-1;1,104651E-1;9,338199E-1;;
30/11/2021  14:47:40,358383;9,424043E-1;1,085766E-1;8,329497E-2;9,339785E-1;;
30/11/2021  14:47:40,358483;9,423566E-1;1,155854E-1;1,310007E-1;9,341453E-1;;
30/11/2021  14:47:40,358583;9,422642E-1;1,260985E-1;1,370034E-1;9,343200E-1;;
30/11/2021  14:47:40,358683;9,421390E-1;1,420275E-1;1,445858E-1;9,345023E-1;;
30/11/2021  14:47:40,358783;9,421420E-1;1,292843E-1;1,246821E-1;9,346918E-1;;
30/11/2021  14:47:40,358883;9,427619E-1;1,082581E-1;1,641736E-1;9,348880E-1;;
30/11/2021  14:47:40,358983;9,427619E-1;1,331073E-1;1,249980E-1;9,350904E-1;;
30/11/2021  14:47:40,359083;9,435964E-1;1,464877E-1;1,644895E-1;9,352986E-1;;
30/11/2021  14:47:40,359183;9,435517E-1;1,640096E-1;1,657532E-1;9,355123E-1;;
30/11/2021  14:47:40,359283;9,428841E-1;1,318330E-1;1,253139E-1;9,357310E-1;;
30/11/2021  14:47:40,359383;9,425861E-1;1,665582E-1;1,720719E-1;9,359543E-1;;
30/11/2021  14:47:40,359483;9,429258E-1;1,327887E-1;1,341600E-1;9,361817E-1;;
30/11/2021  14:47:40,359583;9,436799E-1;1,353374E-1;1,417424E-1;9,364126E-1;;
30/11/2021  14:47:40,359683;9,442670E-1;1,382046E-1;1,319485E-1;9,366465E-1;;
30/11/2021  14:47:40,359783;9,437305E-1;1,155854E-1;8,013565E-2;9,368829E-1;;
30/11/2021  14:47:40,359883;9,438676E-1;1,225942E-1;1,401627E-1;9,371216E-1;;
30/11/2021  14:47:40,359983;9,437722E-1;1,523270E-2;7,666040E-2;9,373621E-1;;
30/11/2021  14:47:40,360083;9,439153E-1;1,241871E-1;1,291051E-1;9,376039E-1;;
30/11/2021  14:47:40,360183;9,442342E-1;1,340630E-1;1,363715E-1;9,378465E-1;;
30/11/2021  14:47:40,360283;9,449316E-1;1,296029E-1;1,265777E-1;9,380896E-1;;
30/11/2021  14:47:40,360383;9,451044E-1;9,933782E-2;1,047783E-1;9,383328E-1;;
30/11/2021  14:47:40,360483;9,449495E-1;1,496735E-1;2,046129E-1;9,385759E-1;;
30/11/2021  14:47:40,360583;9,446485E-1;2,414245E-1;2,204095E-1;9,388187E-1;;
30/11/2021  14:47:40,360683;9,445382E-1;3,912620E-2;1,183634E-1;9,390607E-1;;
30/11/2021  14:47:40,360783;9,442968E-1;1,299215E-1;1,281573E-1;9,393016E-1;;
30/11/2021  14:47:40,360883;9,450270E-1;1,292843E-1;1,272095E-1;9,395409E-1;;
30/11/2021  14:47:40,360983;9,458465E-1;1,095324E-1;1,057261E-1;9,397784E-1;;
30/11/2021  14:47:40,361083;9,447796E-1;1,280100E-1;1,272095E-1;9,400138E-1;;
30/11/2021  14:47:40,361183;9,454919E-1;1,245056E-1;1,193112E-1;9,402469E-1;;
30/11/2021  14:47:40,361283;9,447677E-1;7,162136E-2;6,718244E-2;9,404773E-1;;
30/11/2021  14:47:40,361383;9,448571E-1;1,968233E-1;2,273600E-1;9,407048E-1;;
30/11/2021  14:47:40,361483;9,448928E-1;1,273729E-1;1,354238E-1;9,409290E-1;;
30/11/2021  14:47:40,361583;9,451134E-1;1,130368E-1;1,376353E-1;9,411496E-1;;
30/11/2021  14:47:40,361683;9,462310E-1;8,723178E-2;1,505885E-1;9,413664E-1;;
30/11/2021  14:47:40,361783;9,457363E-1;3,116170E-2;8,392683E-2;9,415792E-1;;
30/11/2021  14:47:40,361883;9,453011E-1;1,347002E-1;1,439539E-1;9,417879E-1;;
30/11/2021  14:47:40,361983;9,453458E-1;1,595494E-1;1,660692E-1;9,419923E-1;;
30/11/2021  14:47:40,362083;9,452445E-1;1,331073E-1;1,398468E-1;9,421923E-1;;
30/11/2021  14:47:40,362183;9,456141E-1;1,353374E-1;1,344760E-1;9,423876E-1;;
30/11/2021  14:47:40,362283;9,463264E-1;1,289658E-1;1,158360E-1;9,425781E-1;;
30/11/2021  14:47:40,362383;9,461922E-1;1,362931E-1;1,325804E-1;9,427638E-1;;
30/11/2021  14:47:40,362483;9,459568E-1;1,375674E-1;1,253139E-1;9,429446E-1;;
30/11/2021  14:47:40,362583;9,456022E-1;1,375674E-1;1,180475E-1;9,431206E-1;;
30/11/2021  14:47:40,362683;9,451462E-1;1,006121E-1;9,845971E-2;9,432916E-1;;
30/11/2021  14:47:40,362783;9,449018E-1;1,331073E-1;1,398468E-1;9,434574E-1;;
30/11/2021  14:47:40,362883;9,447557E-1;1,276914E-1;1,231024E-1;9,436179E-1;;
30/11/2021  14:47:40,362983;9,452386E-1;1,442576E-1;1,796542E-1;9,437728E-1;;
30/11/2021  14:47:40,363083;9,448064E-1;5,792242E-2;7,666040E-2;9,439219E-1;;
30/11/2021  14:47:40,363183;9,443236E-1;1,127182E-1;1,218387E-1;9,440650E-1;;
30/11/2021  14:47:40,363283;9,433341E-1;9,009900E-2;1,139404E-1;9,442019E-1;;
30/11/2021  14:47:40,363383;9,431643E-1;1,155854E-1;1,249980E-1;9,443322E-1;;
30/11/2021  14:47:40,363483;9,423298E-1;1,174969E-1;1,297370E-1;9,444556E-1;;
30/11/2021  14:47:40,363583;9,427440E-1;1,136739E-1;1,199431E-1;9,445715E-1;;
30/11/2021  14:47:40,363683;9,421152E-1;1,127182E-1;1,152041E-1;9,446796E-1;;
30/11/2021  14:47:40,363783;9,413493E-1;1,299215E-1;1,493248E-1;9,447794E-1;;
30/11/2021  14:47:40,363883;9,410930E-1;1,031608E-1;1,177316E-1;9,448704E-1;;
30/11/2021  14:47:40,363983;9,401869E-1;1,060280E-1;1,142563E-1;9,449522E-1;;
30/11/2021  14:47:40,364083;9,393256E-1;8,723178E-2;8,898175E-2;9,450242E-1;;
30/11/2021  14:47:40,364183;9,389054E-1;-9,616542E-3;5,233363E-2;9,450859E-1;;
30/11/2021  14:47:40,364283;9,395998E-1;-1,821820E-2;3,432551E-2;9,451367E-1;;
30/11/2021  14:47:40,364383;9,392243E-1;1,015679E-1;1,284732E-1;9,451760E-1;;
30/11/2021  14:47:40,364483;9,383719E-1;2,096714E-2;6,086380E-2;9,452037E-1;;
30/11/2021  14:47:40,364583;9,385746E-1;1,714418E-2;1,600145E-2;9,452194E-1;;
30/11/2021  14:47:40,364683;9,378891E-1;6,631038E-3;8,419087E-3;9,452228E-1;;
30/11/2021  14:47:40,364783;9,369652E-1;1,077258E-2;1,252620E-2;9,452137E-1;;
30/11/2021  14:47:40,364883;9,376924E-1;9,816838E-3;1,094654E-2;9,451919E-1;;
30/11/2021  14:47:40,364983;9,380173E-1;1,013542E-2;1,094654E-2;9,451572E-1;;
30/11/2021  14:47:40,365083;9,382110E-1;1,172832E-2;1,221027E-2;9,451096E-1;;
30/11/2021  14:47:40,365183;9,380590E-1;4,400978E-3;6,839427E-3;9,450495E-1;;
30/11/2021  14:47:40,365283;9,378593E-1;8,223938E-3;9,998747E-3;9,449771E-1;;
30/11/2021  14:47:40,365383;9,373557E-1;1,852338E-3;4,627903E-3;9,448927E-1;;
30/11/2021  14:47:40,365483;9,372901E-1;2,489498E-3;4,311971E-3;9,447967E-1;;
30/11/2021  14:47:40,365583;9,381872E-1;3,763818E-3;5,575699E-3;9,446894E-1;;
30/11/2021  14:47:40,365683;9,382587E-1;3,126658E-3;4,627903E-3;9,445714E-1;;
30/11/2021  14:47:40,365783;9,384107E-1;1,215178E-3;3,048243E-3;9,444433E-1;;
30/11/2021  14:47:40,365883;9,381156E-1;1,852338E-3;4,311971E-3;9,443057E-1;;
30/11/2021  14:47:40,365983;9,377371E-1;5,038138E-3;6,839427E-3;9,441594E-1;;
30/11/2021  14:47:40,366083;9,375702E-1;1,533758E-3;3,048243E-3;9,440049E-1;;
30/11/2021  14:47:40,366183;9,379249E-1;2,489498E-3;3,680107E-3;9,438431E-1;;
30/11/2021  14:47:40,366283;9,382259E-1;5,675298E-3;7,471291E-3;9,436744E-1;;
30/11/2021  14:47:40,366383;9,377938E-1;8,965980E-4;2,416379E-3;9,434996E-1;;
30/11/2021  14:47:40,366483;9,381454E-1;6,949618E-3;9,050951E-3;9,433195E-1;;
30/11/2021  14:47:40,366583;9,379875E-1;1,215178E-3;3,680107E-3;9,431346E-1;;
30/11/2021  14:47:40,366683;9,372812E-1;1,215178E-3;3,364175E-3;9,429458E-1;;
30/11/2021  14:47:40,366783;9,366940E-1;8,965980E-4;3,680107E-3;9,427536E-1;;
30/11/2021  14:47:40,366883;9,367983E-1;8,965980E-4;3,680107E-3;9,425585E-1;;
30/11/2021  14:47:40,366983;9,373735E-1;1,215178E-3;3,048243E-3;9,423610E-1;;
30/11/2021  14:47:40,367083;9,374510E-1;8,965980E-4;3,364175E-3;9,421615E-1;;
30/11/2021  14:47:40,367183;9,371709E-1;8,965980E-4;3,996039E-3;9,419606E-1;;
30/11/2021  14:47:40,367283;9,366583E-1;8,965980E-4;3,364175E-3;9,417588E-1;;
30/11/2021  14:47:40,367383;9,368371E-1;1,533758E-3;3,680107E-3;9,415567E-1;;
30/11/2021  14:47:40,367483;9,365808E-1;1,215178E-3;3,048243E-3;9,413545E-1;;
30/11/2021  14:47:40,367583;9,364944E-1;1,215178E-3;3,680107E-3;9,411527E-1;;
30/11/2021  14:47:40,367683;9,376954E-1;1,215178E-3;3,364175E-3;9,409517E-1;;
30/11/2021  14:47:40,367783;9,379696E-1;2,170918E-3;4,943835E-3;9,407520E-1;;
30/11/2021  14:47:40,367883;9,372484E-1;2,594380E-4;3,364175E-3;9,405541E-1;;
30/11/2021  14:47:40,367983;9,369354E-1;1,533758E-3;3,996039E-3;9,403586E-1;;
30/11/2021  14:47:40,368083;9,363304E-1;2,489498E-3;5,259767E-3;9,401658E-1;;
30/11/2021  14:47:40,368183;9,366851E-1;5,675298E-3;8,419087E-3;9,399761E-1;;
30/11/2021  14:47:40,368283;9,378206E-1;1,586986E-2;1,726518E-2;9,397897E-1;;
30/11/2021  14:47:40,368383;9,377550E-1;1,523270E-2;1,726518E-2;9,396069E-1;;
30/11/2021  14:47:40,368483;9,379666E-1;1,523270E-2;1,789705E-2;9,394283E-1;;
30/11/2021  14:47:40,368583;9,376686E-1;1,427696E-2;1,663332E-2;9,392542E-1;;
30/11/2021  14:47:40,368683;9,371739E-1;1,586986E-2;1,758111E-2;9,390851E-1;;
30/11/2021  14:47:40,368783;9,369474E-1;1,650702E-2;1,852891E-2;9,389211E-1;;
30/11/2021  14:47:40,368883;9,373884E-1;1,746276E-2;2,010857E-2;9,387626E-1;;
30/11/2021  14:47:40,368983;9,386819E-1;-1,014882E-3;6,275939E-2;9,386096E-1;;
30/11/2021  14:47:40,369083;9,394538E-1;2,925022E-2;5,928414E-2;9,384626E-1;;
30/11/2021  14:47:40,369183;9,388577E-1;5,038138E-3;1,031987E-1;9,383219E-1;;
30/11/2021  14:47:40,369283;9,390962E-1;4,294916E-2;5,359736E-2;9,381881E-1;;
30/11/2021  14:47:40,369383;9,387773E-1;1,305587E-1;1,325804E-1;9,380614E-1;;
30/11/2021  14:47:40,369483;9,387445E-1;2,064856E-2;2,642721E-2;9,379422E-1;;
30/11/2021  14:47:40,369583;9,392482E-1;1,746276E-2;1,947671E-2;9,378307E-1;;
30/11/2021  14:47:40,369683;9,400886E-1;1,248242E-1;1,240502E-1;9,377271E-1;;
30/11/2021  14:47:40,369783;9,405356E-1;1,187712E-1;1,237343E-1;9,376316E-1;;
30/11/2021  14:47:40,369883;9,403747E-1;1,225942E-1;1,256299E-1;9,375445E-1;;
30/11/2021  14:47:40,369983;9,398383E-1;1,254614E-1;1,243661E-1;9,374663E-1;;
30/11/2021  14:47:40,370083;9,394836E-1;1,168597E-1;1,139404E-1;9,373969E-1;;
30/11/2021  14:47:40,370183;9,398830E-1;1,267357E-1;1,063580E-1;9,373365E-1;;
30/11/2021  14:47:40,370283;9,401929E-1;1,213198E-1;1,161519E-1;9,372850E-1;;
30/11/2021  14:47:40,370383;9,409052E-1;1,181340E-1;1,562753E-1;9,372423E-1;;
30/11/2021  14:47:40,370483;9,414685E-1;1,238685E-1;1,057261E-1;9,372085E-1;;
30/11/2021  14:47:40,370583;9,417725E-1;1,327887E-1;1,531159E-1;9,371837E-1;;
30/11/2021  14:47:40,370683;9,412181E-1;1,904517E-1;2,406291E-1;9,371680E-1;;
30/11/2021  14:47:40,370783;9,422910E-1;3,445238E-3;4,222381E-2;9,371616E-1;;
30/11/2021  14:47:40,370883;9,426397E-1;1,308772E-1;1,313166E-1;9,371643E-1;;
30/11/2021  14:47:40,370983;9,434444E-1;1,273729E-1;1,291051E-1;9,371765E-1;;
30/11/2021  14:47:40,371083;9,439362E-1;1,646467E-1;1,973464E-1;9,371982E-1;;
30/11/2021  14:47:40,371183;9,445978E-1;1,111253E-1;1,050943E-1;9,372297E-1;;
30/11/2021  14:47:40,371283;9,446604E-1;1,582751E-1;1,654373E-1;9,372712E-1;;
30/11/2021  14:47:40,371383;9,450568E-1;1,245056E-1;1,249980E-1;9,373229E-1;;
30/11/2021  14:47:40,371483;9,448899E-1;1,407532E-1;1,496407E-1;9,373851E-1;;
30/11/2021  14:47:40,371583;9,453250E-1;1,582751E-1;1,771268E-1;9,374577E-1;;
30/11/2021  14:47:40,371683;9,465082E-1;1,206827E-1;1,237343E-1;9,375408E-1;;
30/11/2021  14:47:40,371783;9,466661E-1;1,563636E-1;1,363715E-1;9,376346E-1;;
30/11/2021  14:47:40,371883;9,465529E-1;1,311958E-1;1,088855E-1;9,377392E-1;;
30/11/2021  14:47:40,371983;9,467347E-1;1,241871E-1;1,287892E-1;9,378545E-1;;
30/11/2021  14:47:40,372083;9,463204E-1;2,716896E-1;2,197776E-1;9,379805E-1;;
30/11/2021  14:47:40,372183;9,466542E-1;1,283286E-1;1,300529E-1;9,381171E-1;;
30/11/2021  14:47:40,372283;9,472801E-1;1,031608E-1;1,218387E-1;9,382639E-1;;
30/11/2021  14:47:40,372383;9,474023E-1;1,420275E-1;1,521681E-1;9,384207E-1;;
30/11/2021  14:47:40,372483;9,474797E-1;1,238685E-1;1,455336E-1;9,385872E-1;;
30/11/2021  14:47:40,372583;9,473635E-1;1,496735E-1;1,559593E-1;9,387632E-1;;
30/11/2021  14:47:40,372683;9,471191E-1;1,448948E-1;1,376353E-1;9,389482E-1;;
30/11/2021  14:47:40,372783;9,468747E-1;1,490363E-1;1,648054E-1;9,391417E-1;;
30/11/2021  14:47:40,372883;9,470118E-1;1,385232E-1;1,284732E-1;9,393433E-1;;
30/11/2021  14:47:40,372983;9,472175E-1;1,321516E-1;1,316326E-1;9,395521E-1;;
30/11/2021  14:47:40,373083;9,475006E-1;1,123996E-1;9,498445E-2;9,397677E-1;;
30/11/2021  14:47:40,373183;9,474082E-1;1,260985E-1;1,164678E-1;9,399894E-1;;
30/11/2021  14:47:40,373283;9,473933E-1;1,053908E-1;9,972343E-2;9,402166E-1;;
30/11/2021  14:47:40,373383;9,464664E-1;1,047537E-1;9,372073E-2;9,404487E-1;;
30/11/2021  14:47:40,373483;9,468449E-1;3,721472E-2;4,759465E-2;9,406848E-1;;
30/11/2021  14:47:40,373583;9,466959E-1;9,997498E-2;1,031987E-1;9,409243E-1;;
30/11/2021  14:47:40,373683;9,476526E-1;1,401161E-1;1,461654E-1;9,411663E-1;;
30/11/2021  14:47:40,373783;9,469820E-1;9,041758E-2;9,435259E-2;9,414101E-1;;
30/11/2021  14:47:40,373883;9,471132E-1;1,057094E-1;1,291051E-1;9,416552E-1;;
30/11/2021  14:47:40,373983;9,465558E-1;1,006121E-1;1,110970E-1;9,419008E-1;;
30/11/2021  14:47:40,374083;9,458167E-1;9,073616E-2;1,120448E-1;9,421463E-1;;
30/11/2021  14:47:40,374183;9,454353E-1;9,519628E-2;1,063580E-1;9,423907E-1;;
30/11/2021  14:47:40,374283;9,452475E-1;9,901924E-2;1,177316E-1;9,426332E-1;;
30/11/2021  14:47:40,374383;9,460194E-1;9,615202E-2;1,082536E-1;9,428729E-1;;
30/11/2021  14:47:40,374483;9,453131E-1;8,691320E-2;1,000394E-1;9,431091E-1;;
30/11/2021  14:47:40,374583;9,453280E-1;7,990444E-2;7,950379E-2;9,433409E-1;;
30/11/2021  14:47:40,374683;9,450746E-1;5,696668E-2;5,675668E-2;9,435677E-1;;
30/11/2021  14:47:40,374783;9,442789E-1;1,057094E-1;1,126766E-1;9,437888E-1;;
30/11/2021  14:47:40,374883;9,441895E-1;-6,112162E-3;4,943835E-3;9,440035E-1;;
30/11/2021  14:47:40,374983;9,441239E-1;6,142680E-2;6,718244E-2;9,442109E-1;;
30/11/2021  14:47:40,375083;9,445918E-1;1,088952E-1;1,240502E-1;9,444105E-1;;
30/11/2021  14:47:40,375183;9,446306E-1;8,914326E-2;5,486109E-2;9,446018E-1;;
30/11/2021  14:47:40,375283;9,443236E-1;1,499920E-1;1,354238E-1;9,447842E-1;;
30/11/2021  14:47:40,375383;9,432775E-1;1,034794E-1;1,325804E-1;9,449574E-1;;
30/11/2021  14:47:40,375483;9,430123E-1;1,662396E-1;1,420583E-1;9,451210E-1;;
30/11/2021  14:47:40,375583;9,430182E-1;1,620981E-1;1,499566E-1;9,452744E-1;;
30/11/2021  14:47:40,375683;9,437514E-1;1,165411E-1;1,114129E-1;9,454173E-1;;
30/11/2021  14:47:40,375783;9,434623E-1;1,401161E-1;1,262617E-1;9,455493E-1;;
30/11/2021  14:47:40,375883;9,438050E-1;1,633724E-1;1,486929E-1;9,456703E-1;;
30/11/2021  14:47:40,375983;9,433729E-1;1,232313E-1;1,139404E-1;9,457803E-1;;
30/11/2021  14:47:40,376083;9,431166E-1;1,216384E-1;1,013031E-1;9,458792E-1;;
30/11/2021  14:47:40,376183;9,429556E-1;1,092138E-1;9,530039E-2;9,459670E-1;;
30/11/2021  14:47:40,376283;9,428692E-1;1,245056E-1;1,202590E-1;9,460437E-1;;
30/11/2021  14:47:40,376383;9,433520E-1;4,836502E-2;7,602853E-2;9,461094E-1;;
30/11/2021  14:47:40,376483;9,436977E-1;1,069837E-1;1,212068E-1;9,461641E-1;;
30/11/2021  14:47:40,376583;9,431166E-1;1,155854E-1;1,088855E-1;9,462081E-1;;
30/11/2021  14:47:40,376683;9,426397E-1;1,165411E-1;1,126766E-1;9,462417E-1;;
30/11/2021  14:47:40,376783;9,421092E-1;1,238685E-1;1,224705E-1;9,462651E-1;;
30/11/2021  14:47:40,376883;9,415758E-1;1,257800E-1;1,249980E-1;9,462784E-1;;
30/11/2021  14:47:40,376983;9,420109E-1;1,362931E-1;1,351078E-1;9,462818E-1;;
30/11/2021  14:47:40,377083;9,421837E-1;1,245056E-1;1,234183E-1;9,462752E-1;;
30/11/2021  14:47:40,377183;9,414953E-1;1,168597E-1;1,218387E-1;9,462590E-1;;
30/11/2021  14:47:40,377283;9,411049E-1;1,372488E-1;1,821817E-1;9,462333E-1;;
30/11/2021  14:47:40,377383;9,404641E-1;1,292843E-1;1,231024E-1;9,461983E-1;;
30/11/2021  14:47:40,377483;9,396296E-1;1,114439E-1;1,009872E-1;9,461541E-1;;
30/11/2021  14:47:40,377583;9,392303E-1;1,241871E-1;1,351078E-1;9,461007E-1;;
30/11/2021  14:47:40,377683;9,392750E-1;1,229127E-1;1,262617E-1;9,460380E-1;;
30/11/2021  14:47:40,377783;9,394776E-1;1,260985E-1;1,183634E-1;9,459661E-1;;
30/11/2021  14:47:40,377883;9,390693E-1;1,222756E-1;1,117289E-1;9,458849E-1;;
30/11/2021  14:47:40,377983;9,385657E-1;1,257800E-1;1,300529E-1;9,457946E-1;;
30/11/2021  14:47:40,378083;9,372364E-1;1,187712E-1;1,319485E-1;9,456953E-1;;
30/11/2021  14:47:40,378183;9,367358E-1;1,350188E-1;1,376353E-1;9,455870E-1;;
30/11/2021  14:47:40,378283;9,361844E-1;1,391603E-1;1,357397E-1;9,454695E-1;;
30/11/2021  14:47:40,378383;9,363781E-1;1,251428E-1;1,676488E-1;9,453427E-1;;
30/11/2021  14:47:40,378483;9,363424E-1;1,311958E-1;1,388990E-1;9,452065E-1;;
30/11/2021  14:47:40,378583;9,353946E-1;1,442576E-1;1,654373E-1;9,450609E-1;;
30/11/2021  14:47:40,378683;9,351532E-1;1,143111E-1;1,170997E-1;9,449060E-1;;
30/11/2021  14:47:40,378783;9,346704E-1;1,260985E-1;1,243661E-1;9,447418E-1;;
30/11/2021  14:47:40,378883;9,341936E-1;1,311958E-1;1,319485E-1;9,445682E-1;;
30/11/2021  14:47:40,378983;9,339373E-1;1,311958E-1;1,354238E-1;9,443852E-1;;
30/11/2021  14:47:40,379083;9,347241E-1;1,292843E-1;1,256299E-1;9,441930E-1;;
30/11/2021  14:47:40,379183;9,350400E-1;1,550893E-1;1,625939E-1;9,439918E-1;;
30/11/2021  14:47:40,379283;9,347807E-1;1,276914E-1;1,186794E-1;9,437819E-1;;
30/11/2021  14:47:40,379383;9,339730E-1;1,296029E-1;1,152041E-1;9,435638E-1;;
30/11/2021  14:47:40,379483;9,342949E-1;1,315144E-1;1,515363E-1;9,433379E-1;;
30/11/2021  14:47:40,379583;9,340714E-1;1,331073E-1;1,363715E-1;9,431047E-1;;
30/11/2021  14:47:40,379683;9,349833E-1;1,197269E-1;1,161519E-1;9,428647E-1;;
30/11/2021  14:47:40,379783;9,351383E-1;1,197269E-1;1,774427E-1;9,426185E-1;;
30/11/2021  14:47:40,379883;9,360682E-1;1,315144E-1;1,606983E-1;9,423668E-1;;
30/11/2021  14:47:40,379983;9,357910E-1;1,783457E-1;1,960827E-1;9,421106E-1;;
30/11/2021  14:47:40,380083;9,359400E-1;1,327887E-1;1,351078E-1;9,418508E-1;;
30/11/2021  14:47:40,380183;9,365391E-1;1,334259E-1;1,253139E-1;9,415883E-1;;
30/11/2021  14:47:40,380283;9,369116E-1;1,267357E-1;1,221546E-1;9,413242E-1;;
30/11/2021  14:47:40,380383;9,373557E-1;1,311958E-1;1,328963E-1;9,410595E-1;;
30/11/2021  14:47:40,380483;9,383481E-1;1,276914E-1;1,316326E-1;9,407953E-1;;
30/11/2021  14:47:40,380583;9,391915E-1;1,331073E-1;1,338441E-1;9,405327E-1;;
30/11/2021  14:47:40,380683;9,389561E-1;1,289658E-1;1,313166E-1;9,402732E-1;;
30/11/2021  14:47:40,380783;9,389859E-1;1,190898E-1;1,019350E-1;9,400178E-1;;
30/11/2021  14:47:40,380883;9,396714E-1;1,448948E-1;1,625939E-1;9,397678E-1;;
30/11/2021  14:47:40,380983;9,396207E-1;1,241871E-1;1,319485E-1;9,395243E-1;;
30/11/2021  14:47:40,381083;9,405923E-1;9,933782E-2;1,009872E-1;9,392882E-1;;
30/11/2021  14:47:40,381183;9,416562E-1;1,503106E-1;1,654373E-1;9,390607E-1;;
30/11/2021  14:47:40,381283;9,424788E-1;1,162226E-1;8,013565E-2;9,388429E-1;;
30/11/2021  14:47:40,381383;9,425652E-1;1,487177E-1;1,831295E-1;9,386360E-1;;
30/11/2021  14:47:40,381483;9,431643E-1;1,343816E-1;1,373193E-1;9,384410E-1;;
30/11/2021  14:47:40,381583;9,427321E-1;1,311958E-1;1,224705E-1;9,382591E-1;;
30/11/2021  14:47:40,381683;9,437573E-1;1,280100E-1;1,272095E-1;9,380910E-1;;
30/11/2021  14:47:40,381783;9,447975E-1;1,289658E-1;1,287892E-1;9,379377E-1;;
30/11/2021  14:47:40,381883;9,458167E-1;1,267357E-1;1,332122E-1;9,378000E-1;;
30/11/2021  14:47:40,381983;9,457243E-1;1,382046E-1;1,505885E-1;9,376788E-1;;
30/11/2021  14:47:40,382083;9,455068E-1;1,321516E-1;1,265777E-1;9,375748E-1;;
30/11/2021  14:47:40,382183;9,460820E-1;9,201048E-2;1,019350E-1;9,374888E-1;;
30/11/2021  14:47:40,382283;9,453697E-1;1,471248E-1;1,559593E-1;9,374210E-1;;
30/11/2021  14:47:40,382383;9,461744E-1;1,178155E-1;1,104651E-1;9,373718E-1;;
30/11/2021  14:47:40,382483;9,467168E-1;1,232313E-1;1,310007E-1;9,373414E-1;;
30/11/2021  14:47:40,382583;9,469373E-1;1,225942E-1;1,123607E-1;9,373299E-1;;
30/11/2021  14:47:40,382683;9,465558E-1;1,276914E-1;1,392149E-1;9,373372E-1;;
30/11/2021  14:47:40,382783;9,466572E-1;1,503106E-1;1,679647E-1;9,373634E-1;;
30/11/2021  14:47:40,382883;9,458257E-1;1,872659E-1;1,714400E-1;9,374081E-1;;
30/11/2021  14:47:40,382983;9,459091E-1;1,350188E-1;1,411105E-1;9,374709E-1;;
30/11/2021  14:47:40,383083;9,460730E-1;1,378860E-1;1,385831E-1;9,375512E-1;;
30/11/2021  14:47:40,383183;9,461565E-1;8,850610E-2;1,199431E-1;9,376482E-1;;
30/11/2021  14:47:40,383283;9,460522E-1;1,356559E-1;1,256299E-1;9,377614E-1;;
30/11/2021  14:47:40,383383;9,455068E-1;1,455319E-1;1,430061E-1;9,378898E-1;;
30/11/2021  14:47:40,383483;9,455187E-1;1,413904E-1;1,221546E-1;9,380326E-1;;
30/11/2021  14:47:40,383583;9,442610E-1;1,894960E-1;1,866047E-1;9,381887E-1;;
30/11/2021  14:47:40,383683;9,444100E-1;5,675298E-3;6,781430E-2;9,383570E-1;;
30/11/2021  14:47:40,383783;9,444905E-1;1,251428E-1;1,278414E-1;9,385364E-1;;
30/11/2021  14:47:40,383883;9,436113E-1;8,627604E-2;1,243661E-1;9,387254E-1;;
30/11/2021  14:47:40,383983;9,435606E-1;8,946184E-2;8,866581E-2;9,389228E-1;;
30/11/2021  14:47:40,384083;9,433580E-1;1,200455E-1;1,509044E-1;9,391273E-1;;
30/11/2021  14:47:40,384183;9,425831E-1;7,576290E-2;8,234717E-2;9,393376E-1;;
30/11/2021  14:47:40,384283;9,423417E-1;1,213198E-1;1,316326E-1;9,395523E-1;;
30/11/2021  14:47:40,384383;9,419394E-1;9,710776E-2;9,845971E-2;9,397699E-1;;
30/11/2021  14:47:40,384483;9,421957E-1;1,576380E-1;1,584868E-1;9,399892E-1;;
30/11/2021  14:47:40,384583;9,419930E-1;1,300264E-2;1,600145E-2;9,402088E-1;;
30/11/2021  14:47:40,384683;9,416175E-1;1,533758E-3;3,048243E-3;9,404274E-1;;
30/11/2021  14:47:40,384783;9,408635E-1;8,542518E-3;9,998747E-3;9,406440E-1;;
30/11/2021  14:47:40,384883;9,403538E-1;6,631038E-3;8,735019E-3;9,408573E-1;;
30/11/2021  14:47:40,384983;9,392511E-1;1,215178E-3;3,048243E-3;9,410660E-1;;
30/11/2021  14:47:40,385083;9,403300E-1;2,489498E-3;4,943835E-3;9,412690E-1;;
30/11/2021  14:47:40,385183;9,401869E-1;6,949618E-3;9,050951E-3;9,414651E-1;;
30/11/2021  14:47:40,385283;9,399038E-1;5,038138E-3;6,839427E-3;9,416534E-1;;
30/11/2021  14:47:40,385383;9,393078E-1;6,312458E-3;7,471291E-3;9,418330E-1;;
30/11/2021  14:47:40,385483;9,391856E-1;9,179678E-3;1,063061E-2;9,420031E-1;;
30/11/2021  14:47:40,385583;9,386074E-1;1,204690E-2;1,473773E-2;9,421630E-1;;
30/11/2021  14:47:40,385683;9,390574E-1;1,109116E-2;1,284213E-2;9,423120E-1;;
30/11/2021  14:47:40,385783;9,397637E-1;1,236548E-2;1,410586E-2;9,424494E-1;;
30/11/2021  14:47:40,385883;9,400022E-1;5,675298E-3;7,155359E-3;9,425750E-1;;
30/11/2021  14:47:40,385983;9,403211E-1;1,045400E-2;1,252620E-2;9,426886E-1;;
30/11/2021  14:47:40,386083;9,400230E-1;8,542518E-3;1,094654E-2;9,427901E-1;;
30/11/2021  14:47:40,386183;9,402466E-1;3,126658E-3;4,627903E-3;9,428797E-1;;
30/11/2021  14:47:40,386283;9,394270E-1;8,965980E-4;3,680107E-3;9,429574E-1;;
30/11/2021  14:47:40,386383;9,412986E-1;1,852338E-3;4,627903E-3;9,430233E-1;;
30/11/2021  14:47:40,386483;9,415221E-1;1,533758E-3;3,364175E-3;9,430779E-1;;
30/11/2021  14:47:40,386583;9,416682E-1;1,215178E-3;3,364175E-3;9,431216E-1;;
30/11/2021  14:47:40,386683;9,418827E-1;5,780180E-4;3,048243E-3;9,431550E-1;;
30/11/2021  14:47:40,386783;9,420943E-1;1,852338E-3;3,680107E-3;9,431788E-1;;
30/11/2021  14:47:40,386883;9,412748E-1;1,533758E-3;3,680107E-3;9,431936E-1;;
30/11/2021  14:47:40,386983;9,411108E-1;8,965980E-4;3,680107E-3;9,432001E-1;;
30/11/2021  14:47:40,387083;9,416234E-1;8,965980E-4;3,680107E-3;9,431986E-1;;
30/11/2021  14:47:40,387183;9,422672E-1;1,215178E-3;3,680107E-3;9,431898E-1;;
30/11/2021  14:47:40,387283;9,419274E-1;1,215178E-3;3,048243E-3;9,431743E-1;;
30/11/2021  14:47:40,387383;9,414268E-1;5,780180E-4;3,364175E-3;9,431528E-1;;
30/11/2021  14:47:40,387483;9,408814E-1;5,780180E-4;3,048243E-3;9,431256E-1;;
30/11/2021  14:47:40,387583;9,404641E-1;8,965980E-4;3,048243E-3;9,430933E-1;;
30/11/2021  14:47:40,387683;9,406817E-1;1,215178E-3;3,048243E-3;9,430561E-1;;
30/11/2021  14:47:40,387783;9,408843E-1;2,594380E-4;3,364175E-3;9,430143E-1;;
30/11/2021  14:47:40,387883;9,421629E-1;1,215178E-3;3,364175E-3;9,429683E-1;;
30/11/2021  14:47:40,387983;9,413642E-1;8,965980E-4;3,364175E-3;9,429185E-1;;
30/11/2021  14:47:40,388083;9,404671E-1;1,533758E-3;3,680107E-3;9,428655E-1;;
30/11/2021  14:47:40,388183;9,402555E-1;1,533758E-3;3,996039E-3;9,428095E-1;;
30/11/2021  14:47:40,388283;9,397310E-1;8,965980E-4;3,364175E-3;9,427508E-1;;
30/11/2021  14:47:40,388383;9,397667E-1;9,816838E-3;1,252620E-2;9,426894E-1;;
30/11/2021  14:47:40,388483;9,400677E-1;8,861098E-3;1,315807E-2;9,426255E-1;;
30/11/2021  14:47:40,388583;9,399992E-1;1,586986E-2;1,726518E-2;9,425593E-1;;
30/11/2021  14:47:40,388683;9,388548E-1;1,204690E-2;1,505366E-2;9,424907E-1;;
30/11/2021  14:47:40,388783;9,384375E-1;7,905358E-3;1,221027E-2;9,424199E-1;;
30/11/2021  14:47:40,388883;9,378862E-1;1,523270E-2;1,758111E-2;9,423469E-1;;
30/11/2021  14:47:40,388983;9,372543E-1;1,682560E-2;1,916077E-2;9,422713E-1;;
30/11/2021  14:47:40,389083;9,370248E-1;1,714418E-2;1,947671E-2;9,421930E-1;;
30/11/2021  14:47:40,389183;9,367864E-1;1,171783E-1;1,019350E-1;9,421117E-1;;
30/11/2021  14:47:40,389283;9,366404E-1;2,383436E-2;3,685297E-2;9,420272E-1;;
30/11/2021  14:47:40,389383;9,362321E-1;1,248242E-1;1,231024E-1;9,419392E-1;;
30/11/2021  14:47:40,389483;9,353499E-1;1,222756E-1;1,221546E-1;9,418474E-1;;
30/11/2021  14:47:40,389583;9,345035E-1;1,053908E-1;1,073058E-1;9,417515E-1;;
30/11/2021  14:47:40,389683;9,344320E-1;1,650702E-2;1,947671E-2;9,416512E-1;;
30/11/2021  14:47:40,389783;9,347241E-1;1,229127E-1;1,167838E-1;9,415461E-1;;
30/11/2021  14:47:40,389883;9,346615E-1;9,551486E-2;9,814378E-2;9,414358E-1;;
30/11/2021  14:47:40,389983;9,346823E-1;7,385142E-2;8,866581E-2;9,413203E-1;;
30/11/2021  14:47:40,390083;9,337674E-1;1,200455E-1;1,218387E-1;9,411993E-1;;
30/11/2021  14:47:40,390183;9,329031E-1;1,238685E-1;1,294210E-1;9,410729E-1;;
30/11/2021  14:47:40,390283;9,321252E-1;9,965640E-2;9,751191E-2;9,409406E-1;;
30/11/2021  14:47:40,390383;9,321133E-1;1,270543E-1;1,278414E-1;9,408024E-1;;
30/11/2021  14:47:40,390483;9,326676E-1;1,283286E-1;1,322644E-1;9,406578E-1;;
30/11/2021  14:47:40,390583;9,324352E-1;1,324701E-1;1,297370E-1;9,405068E-1;;
30/11/2021  14:47:40,390683;9,317914E-1;1,305587E-1;1,351078E-1;9,403493E-1;;
30/11/2021  14:47:40,390783;9,314487E-1;1,092138E-1;1,240502E-1;9,401854E-1;;
30/11/2021  14:47:40,390883;9,318212E-1;1,063466E-1;1,104651E-1;9,400149E-1;;
30/11/2021  14:47:40,390983;9,320358E-1;1,012493E-1;1,338441E-1;9,398381E-1;;
30/11/2021  14:47:40,391083;9,316543E-1;-2,936850E-2;2,421569E-2;9,396550E-1;;
30/11/2021  14:47:40,391183;9,313355E-1;1,225942E-1;1,783905E-1;9,394659E-1;;
30/11/2021  14:47:40,391283;9,316752E-1;1,519035E-1;1,878685E-1;9,392711E-1;;
30/11/2021  14:47:40,391383;9,312520E-1;1,159040E-1;1,278414E-1;9,390708E-1;;
30/11/2021  14:47:40,391483;9,308318E-1;1,238685E-1;1,360556E-1;9,388654E-1;;
30/11/2021  14:47:40,391583;9,319345E-1;1,420275E-1;1,420583E-1;9,386552E-1;;
30/11/2021  14:47:40,391683;9,317825E-1;1,576380E-1;1,524841E-1;9,384406E-1;;
30/11/2021  14:47:40,391783;9,313623E-1;1,477620E-1;1,436380E-1;9,382221E-1;;
30/11/2021  14:47:40,391883;9,312967E-1;1,780271E-1;1,575390E-1;9,380002E-1;;
30/11/2021  14:47:40,391983;9,309868E-1;1,859916E-1;1,648054E-1;9,377753E-1;;
30/11/2021  14:47:40,392083;9,312043E-1;1,722926E-1;1,588027E-1;9,375481E-1;;
30/11/2021  14:47:40,392183;9,311715E-1;1,547707E-1;1,455336E-1;9,373188E-1;;
30/11/2021  14:47:40,392283;9,308497E-1;2,510868E-2;7,508074E-2;9,370879E-1;;
30/11/2021  14:47:40,392383;9,314398E-1;1,423461E-1;1,275255E-1;9,368560E-1;;
30/11/2021  14:47:40,392483;9,310941E-1;1,429833E-1;1,505885E-1;9,366235E-1;;
30/11/2021  14:47:40,392583;9,312341E-1;1,595494E-1;1,714400E-1;9,363909E-1;;
30/11/2021  14:47:40,392683;9,315709E-1;1,732484E-1;1,796542E-1;9,361587E-1;;
30/11/2021  14:47:40,392783;9,317408E-1;1,426647E-1;1,388990E-1;9,359275E-1;;
30/11/2021  14:47:40,392883;9,330968E-1;1,088952E-1;1,370034E-1;9,356979E-1;;
30/11/2021  14:47:40,392983;9,335617E-1;1,292843E-1;1,253139E-1;9,354706E-1;;
30/11/2021  14:47:40,393083;9,333799E-1;1,633724E-1;1,866047E-1;9,352464E-1;;
30/11/2021  14:47:40,393183;9,339283E-1;8,965980E-4;3,680107E-3;9,350263E-1;;
30/11/2021  14:47:40,393283;9,336929E-1;8,542518E-3;8,735019E-3;9,348109E-1;;
30/11/2021  14:47:40,393383;9,343575E-1;5,038138E-3;6,839427E-3;9,346012E-1;;
30/11/2021  14:47:40,393483;9,347986E-1;1,852338E-3;3,048243E-3;9,343978E-1;;
30/11/2021  14:47:40,393583;9,349535E-1;1,215178E-3;3,680107E-3;9,342015E-1;;
30/11/2021  14:47:40,393683;9,348939E-1;4,082398E-3;6,207563E-3;9,340130E-1;;
30/11/2021  14:47:40,393783;9,345870E-1;3,763818E-3;6,207563E-3;9,338331E-1;;
30/11/2021  14:47:40,393883;9,349446E-1;8,542518E-3;1,031468E-2;9,336621E-1;;
30/11/2021  14:47:40,393983;9,342561E-1;5,993878E-3;8,103155E-3;9,335007E-1;;
30/11/2021  14:47:40,394083;9,343992E-1;7,268198E-3;9,366883E-3;9,333490E-1;;
30/11/2021  14:47:40,394183;9,350370E-1;4,082398E-3;5,575699E-3;9,332073E-1;;
30/11/2021  14:47:40,394283;9,352098E-1;1,215178E-3;3,364175E-3;9,330758E-1;;
30/11/2021  14:47:40,394383;9,352933E-1;2,808078E-3;4,943835E-3;9,329547E-1;;
30/11/2021  14:47:40,394483;9,354423E-1;3,126658E-3;4,627903E-3;9,328442E-1;;
30/11/2021  14:47:40,394583;9,353708E-1;8,542518E-3;1,126247E-2;9,327445E-1;;
30/11/2021  14:47:40,394683;9,345482E-1;1,533758E-3;3,680107E-3;9,326555E-1;;
30/11/2021  14:47:40,394783;9,349684E-1;1,215178E-3;3,364175E-3;9,325773E-1;;
30/11/2021  14:47:40,394883;9,358745E-1;1,215178E-3;3,048243E-3;9,325097E-1;;
30/11/2021  14:47:40,394983;9,361099E-1;1,215178E-3;3,364175E-3;9,324525E-1;;
30/11/2021  14:47:40,395083;9,365152E-1;8,965980E-4;3,364175E-3;9,324059E-1;;
30/11/2021  14:47:40,395183;9,362589E-1;1,215178E-3;3,048243E-3;9,323697E-1;;
30/11/2021  14:47:40,395283;9,356420E-1;1,533758E-3;4,311971E-3;9,323440E-1;;
30/11/2021  14:47:40,395383;9,365122E-1;4,082398E-3;4,943835E-3;9,323285E-1;;
30/11/2021  14:47:40,395483;9,367000E-1;1,215178E-3;2,732311E-3;9,323231E-1;;
30/11/2021  14:47:40,395583;9,372305E-1;5,675298E-3;8,419087E-3;9,323276E-1;;
30/11/2021  14:47:40,395683;9,370755E-1;1,215178E-3;3,680107E-3;9,323418E-1;;
30/11/2021  14:47:40,395783;9,371292E-1;1,215178E-3;3,048243E-3;9,323656E-1;;
30/11/2021  14:47:40,395883;9,361188E-1;1,533758E-3;3,364175E-3;9,323989E-1;;
30/11/2021  14:47:40,395983;9,359370E-1;8,965980E-4;3,680107E-3;9,324411E-1;;
30/11/2021  14:47:40,396083;9,355734E-1;8,965980E-4;3,680107E-3;9,324918E-1;;
30/11/2021  14:47:40,396183;9,357344E-1;8,965980E-4;3,364175E-3;9,325504E-1;;
30/11/2021  14:47:40,396283;9,365242E-1;8,965980E-4;3,364175E-3;9,326163E-1;;
30/11/2021  14:47:40,396383;9,368669E-1;1,215178E-3;3,364175E-3;9,326890E-1;;
30/11/2021  14:47:40,396483;9,368460E-1;1,533758E-3;3,364175E-3;9,327681E-1;;
30/11/2021  14:47:40,396583;9,361784E-1;4,082398E-3;5,891631E-3;9,328530E-1;;
30/11/2021  14:47:40,396683;9,358178E-1;1,852338E-3;4,311971E-3;9,329435E-1;;
30/11/2021  14:47:40,396783;9,366732E-1;4,400978E-3;6,207563E-3;9,330388E-1;;
30/11/2021  14:47:40,396883;9,368997E-1;1,586986E-2;1,758111E-2;9,331386E-1;;
30/11/2021  14:47:40,396983;9,373735E-1;8,223938E-3;1,315807E-2;9,332424E-1;;
30/11/2021  14:47:40,397083;9,382557E-1;1,650702E-2;1,758111E-2;9,333498E-1;;
30/11/2021  14:47:40,397183;9,375673E-1;1,491412E-2;1,852891E-2;9,334608E-1;;
30/11/2021  14:47:40,397283;9,380411E-1;1,459554E-2;1,789705E-2;9,335750E-1;;
30/11/2021  14:47:40,397383;9,382796E-1;1,523270E-2;1,758111E-2;9,336923E-1;;
30/11/2021  14:47:40,397483;9,389591E-1;1,618844E-2;1,884484E-2;9,338125E-1;;
30/11/2021  14:47:40,397583;9,391558E-1;1,650702E-2;1,852891E-2;9,339355E-1;;
30/11/2021  14:47:40,397683;9,394776E-1;6,747982E-2;6,560278E-2;9,340612E-1;;
30/11/2021  14:47:40,397783;9,394866E-1;5,855958E-2;7,887192E-2;9,341897E-1;;
30/11/2021  14:47:40,397883;9,390425E-1;1,650702E-2;1,884484E-2;9,343209E-1;;
30/11/2021  14:47:40,397983;9,389203E-1;1,286472E-1;1,281573E-1;9,344546E-1;;
30/11/2021  14:47:40,398083;9,389203E-1;1,499920E-1;1,938712E-1;9,345907E-1;;
30/11/2021  14:47:40,398183;9,393703E-1;2,319720E-2;3,780076E-2;9,347289E-1;;
30/11/2021  14:47:40,398283;9,399157E-1;5,951532E-2;5,865227E-2;9,348690E-1;;
30/11/2021  14:47:40,398383;9,400350E-1;1,267357E-1;1,212068E-1;9,350108E-1;;
30/11/2021  14:47:40,398483;9,396535E-1;1,439390E-1;1,205749E-1;9,351543E-1;;
30/11/2021  14:47:40,398583;9,396386E-1;1,241871E-1;1,101492E-1;9,352992E-1;;
30/11/2021  14:47:40,398683;9,391140E-1;1,257800E-1;1,325804E-1;9,354454E-1;;
30/11/2021  14:47:40,398783;9,390574E-1;3,912620E-2;6,813023E-2;9,355926E-1;;
30/11/2021  14:47:40,398883;9,397071E-1;8,500172E-2;9,909157E-2;9,357403E-1;;
30/11/2021  14:47:40,398983;9,400767E-1;1,216384E-1;1,227865E-1;9,358885E-1;;
30/11/2021  14:47:40,399083;9,399724E-1;1,324701E-1;1,423743E-1;9,360367E-1;;
30/11/2021  14:47:40,399183;9,400707E-1;1,289658E-1;1,284732E-1;9,361849E-1;;
30/11/2021  14:47:40,399283;9,401035E-1;1,104881E-1;1,189953E-1;9,363328E-1;;
30/11/2021  14:47:40,399383;9,400707E-1;1,210013E-1;1,218387E-1;9,364803E-1;;
30/11/2021  14:47:40,399483;9,406608E-1;1,248242E-1;1,259458E-1;9,366273E-1;;
30/11/2021  14:47:40,399583;9,411347E-1;1,315144E-1;1,310007E-1;9,367735E-1;;
30/11/2021  14:47:40,399683;9,413314E-1;1,327887E-1;1,284732E-1;9,369190E-1;;
30/11/2021  14:47:40,399783;9,413344E-1;1,296029E-1;1,161519E-1;9,370638E-1;;
30/11/2021  14:47:40,399883;9,411794E-1;1,407532E-1;1,357397E-1;9,372079E-1;;
30/11/2021  14:47:40,399983;9,407711E-1;1,308772E-1;1,161519E-1;9,373512E-1;;
30/11/2021  14:47:40,400083;9,403717E-1;8,213450E-2;8,108345E-2;9,374937E-1;;
30/11/2021  14:47:40,400183;9,405327E-1;1,092138E-1;1,117289E-1;9,376351E-1;;
30/11/2021  14:47:40,400283;9,405088E-1;1,241871E-1;1,256299E-1;9,377752E-1;;
30/11/2021  14:47:40,400383;9,403300E-1;1,691068E-1;1,821817E-1;9,379137E-1;;
30/11/2021  14:47:40,400483;9,403181E-1;1,037979E-1;1,186794E-1;9,380505E-1;;
30/11/2021  14:47:40,400583;9,396982E-1;1,079395E-1;1,196272E-1;9,381852E-1;;
30/11/2021  14:47:40,400683;9,391945E-1;1,101695E-1;1,224705E-1;9,383175E-1;;
30/11/2021  14:47:40,400783;9,397578E-1;1,079395E-1;1,297370E-1;9,384470E-1;;
30/11/2021  14:47:40,400883;9,396803E-1;9,296622E-2;1,076217E-1;9,385734E-1;;
30/11/2021  14:47:40,400983;9,397637E-1;9,615202E-2;9,814378E-2;9,386964E-1;;
30/11/2021  14:47:40,401083;9,395432E-1;1,108067E-1;1,490088E-1;9,388156E-1;;
30/11/2021  14:47:40,401183;9,390842E-1;1,238685E-1;1,246821E-1;9,389309E-1;;
30/11/2021  14:47:40,401283;9,383302E-1;9,710776E-2;1,057261E-1;9,390419E-1;;
30/11/2021  14:47:40,401383;9,379756E-1;9,551486E-2;9,656411E-2;9,391483E-1;;
30/11/2021  14:47:40,401483;9,374808E-1;8,627604E-2;9,214107E-2;9,392497E-1;;
30/11/2021  14:47:40,401583;9,376328E-1;6,939130E-2;8,076751E-2;9,393454E-1;;
30/11/2021  14:47:40,401683;9,370696E-1;1,127182E-1;1,537478E-1;9,394351E-1;;
30/11/2021  14:47:40,401783;9,358208E-1;1,076209E-1;1,057261E-1;9,395183E-1;;
30/11/2021  14:47:40,401883;9,354811E-1;1,219570E-1;1,682807E-1;9,395945E-1;;
30/11/2021  14:47:40,401983;9,342860E-1;1,356559E-1;1,483770E-1;9,396630E-1;;
30/11/2021  14:47:40,402083;9,337584E-1;1,487177E-1;1,442698E-1;9,397230E-1;;
30/11/2021  14:47:40,402183;9,326975E-1;1,675139E-1;1,474292E-1;9,397739E-1;;
30/11/2021  14:47:40,402283;9,328196E-1;1,716555E-1;1,505885E-1;9,398148E-1;;
30/11/2021  14:47:40,402383;9,320090E-1;5,951532E-2;8,361090E-2;9,398450E-1;;
30/11/2021  14:47:40,402483;9,310791E-1;1,168597E-1;1,231024E-1;9,398638E-1;;
30/11/2021  14:47:40,402583;9,297678E-1;1,417090E-1;1,398468E-1;9,398704E-1;;
30/11/2021  14:47:40,402683;9,289065E-1;1,315144E-1;1,287892E-1;9,398639E-1;;
30/11/2021  14:47:40,402783;9,284356E-1;1,260985E-1;1,224705E-1;9,398436E-1;;
30/11/2021  14:47:40,402883;9,280392E-1;1,493549E-1;1,619620E-1;9,398087E-1;;
30/11/2021  14:47:40,402983;9,280869E-1;1,219570E-1;1,259458E-1;9,397584E-1;;
30/11/2021  14:47:40,403083;9,278366E-1;7,066562E-2;7,887192E-2;9,396923E-1;;
30/11/2021  14:47:40,403183;9,264209E-1;1,077258E-2;1,726518E-2;9,396098E-1;;
30/11/2021  14:47:40,403283;9,260156E-1;2,032998E-2;1,189434E-2;9,395106E-1;;
30/11/2021  14:47:40,403383;9,248712E-1;1,152668E-1;1,104651E-1;9,393944E-1;;
30/11/2021  14:47:40,403483;9,247967E-1;1,225942E-1;1,272095E-1;9,392606E-1;;
30/11/2021  14:47:40,403583;9,248473E-1;1,187712E-1;1,155200E-1;9,391091E-1;;
30/11/2021  14:47:40,403683;9,256908E-1;1,248242E-1;1,227865E-1;9,389398E-1;;
30/11/2021  14:47:40,403783;9,251692E-1;1,104881E-1;1,148882E-1;9,387527E-1;;
30/11/2021  14:47:40,403883;9,250977E-1;1,162226E-1;1,212068E-1;9,385483E-1;;
30/11/2021  14:47:40,403983;9,247490E-1;1,146297E-1;1,158360E-1;9,383269E-1;;
30/11/2021  14:47:40,404083;9,246566E-1;1,098510E-1;1,155200E-1;9,380890E-1;;
30/11/2021  14:47:40,404183;9,253808E-1;1,225942E-1;1,224705E-1;9,378352E-1;;
30/11/2021  14:47:40,404283;9,253451E-1;1,194084E-1;1,180475E-1;9,375663E-1;;
30/11/2021  14:47:40,404383;9,254374E-1;9,519628E-2;8,076751E-2;9,372831E-1;;
30/11/2021  14:47:40,404483;9,259232E-1;1,245056E-1;1,414265E-1;9,369867E-1;;
30/11/2021  14:47:40,404583;9,257742E-1;3,753330E-2;4,917431E-2;9,366781E-1;;
30/11/2021  14:47:40,404683;9,257891E-1;1,458505E-1;1,881844E-1;9,363585E-1;;
30/11/2021  14:47:40,404783;9,257116E-1;2,032998E-2;3,527331E-2;9,360291E-1;;
30/11/2021  14:47:40,404883;9,263673E-1;1,382046E-1;1,392149E-1;9,356910E-1;;
30/11/2021  14:47:40,404983;9,266385E-1;-1,216518E-2;1,126247E-2;9,353455E-1;;
30/11/2021  14:47:40,405083;9,276637E-1;1,296029E-1;1,215227E-1;9,349939E-1;;
30/11/2021  14:47:40,405183;9,279528E-1;1,203641E-1;1,237343E-1;9,346378E-1;;
30/11/2021  14:47:40,405283;9,284475E-1;1,210013E-1;1,253139E-1;9,342786E-1;;
30/11/2021  14:47:40,405383;9,289095E-1;1,213198E-1;1,268936E-1;9,339178E-1;;
30/11/2021  14:47:40,405483;9,296188E-1;1,426647E-1;1,512204E-1;9,335572E-1;;
30/11/2021  14:47:40,405583;9,304950E-1;1,280100E-1;1,370034E-1;9,331983E-1;;
30/11/2021  14:47:40,405683;9,319494E-1;9,105474E-2;7,855599E-2;9,328429E-1;;
30/11/2021  14:47:40,405783;9,327809E-1;1,480806E-1;1,509044E-1;9,324927E-1;;
30/11/2021  14:47:40,405883;9,340803E-1;8,755036E-2;7,792413E-2;9,321497E-1;;
30/11/2021  14:47:40,405983;9,350400E-1;1,455319E-1;1,436380E-1;9,318157E-1;;
30/11/2021  14:47:40,406083;9,353946E-1;8,818752E-2;1,158360E-1;9,314929E-1;;
30/11/2021  14:47:40,406183;9,370338E-1;1,391603E-1;1,496407E-1;9,311831E-1;;
30/11/2021  14:47:40,406283;9,381842E-1;7,417000E-2;9,214107E-2;9,308882E-1;;
30/11/2021  14:47:40,406383;9,393644E-1;1,248242E-1;1,319485E-1;9,306103E-1;;
30/11/2021  14:47:40,406483;9,401899E-1;1,324701E-1;1,452176E-1;9,303511E-1;;
30/11/2021  14:47:40,406583;9,407830E-1;1,563636E-1;1,951349E-1;9,301126E-1;;
30/11/2021  14:47:40,406683;9,409231E-1;1,863102E-1;1,929234E-1;9,298965E-1;;
30/11/2021  14:47:40,406783;9,412122E-1;1,477620E-1;1,584868E-1;9,297043E-1;;
30/11/2021  14:47:40,406883;9,419453E-1;1,318330E-1;1,376353E-1;9,295371E-1;;
30/11/2021  14:47:40,406983;9,430778E-1;1,321516E-1;1,319485E-1;9,293961E-1;;
30/11/2021  14:47:40,407083;9,439213E-1;7,863012E-2;9,182514E-2;9,292824E-1;;
30/11/2021  14:47:40,407183;9,440613E-1;1,267357E-1;1,180475E-1;9,291967E-1;;
30/11/2021  14:47:40,407283;9,443385E-1;1,155854E-1;1,000394E-1;9,291398E-1;;
30/11/2021  14:47:40,407383;9,443355E-1;9,264764E-2;6,370719E-2;9,291124E-1;;
30/11/2021  14:47:40,407483;9,445143E-1;9,105474E-2;1,028828E-1;9,291145E-1;;
30/11/2021  14:47:40,407583;9,454651E-1;1,133553E-1;1,205749E-1;9,291464E-1;;
30/11/2021  14:47:40,407683;9,459270E-1;4,454206E-2;9,909157E-2;9,292079E-1;;
30/11/2021  14:47:40,407783;9,466155E-1;1,391603E-1;1,493248E-1;9,292990E-1;;
30/11/2021  14:47:40,407883;9,467525E-1;1,515849E-1;1,616461E-1;9,294195E-1;;
30/11/2021  14:47:40,407983;9,466810E-1;1,280100E-1;1,363715E-1;9,295689E-1;;
30/11/2021  14:47:40,408083;9,467883E-1;-3,637726E-2;6,212753E-2;9,297468E-1;;
30/11/2021  14:47:40,408183;9,469880E-1;1,356559E-1;1,392149E-1;9,299526E-1;;
30/11/2021  14:47:40,408283;9,477450E-1;1,324701E-1;1,430061E-1;9,301853E-1;;
30/11/2021  14:47:40,408383;9,486480E-1;1,152668E-1;1,189953E-1;9,304441E-1;;
30/11/2021  14:47:40,408483;9,488775E-1;1,296029E-1;1,332122E-1;9,307282E-1;;
30/11/2021  14:47:40,408583;9,484752E-1;1,273729E-1;1,139404E-1;9,310367E-1;;
30/11/2021  14:47:40,408683;9,491010E-1;1,232313E-1;1,189953E-1;9,313685E-1;;
30/11/2021  14:47:40,408783;9,488894E-1;1,245056E-1;1,183634E-1;9,317226E-1;;
30/11/2021  14:47:40,408883;9,498997E-1;1,382046E-1;1,268936E-1;9,320978E-1;;
30/11/2021  14:47:40,408983;9,494080E-1;1,394789E-1;1,265777E-1;9,324928E-1;;
30/11/2021  14:47:40,409083;9,501888E-1;1,311958E-1;1,676488E-1;9,329065E-1;;
30/11/2021  14:47:40,409183;9,500398E-1;1,292843E-1;1,212068E-1;9,333375E-1;;
30/11/2021  14:47:40,409283;9,497954E-1;1,343816E-1;1,284732E-1;9,337846E-1;;
30/11/2021  14:47:40,409383;9,492560E-1;1,057094E-1;1,114129E-1;9,342463E-1;;
30/11/2021  14:47:40,409483;9,489967E-1;1,280100E-1;1,262617E-1;9,347211E-1;;
30/11/2021  14:47:40,409583;9,498044E-1;1,337445E-1;1,357397E-1;9,352074E-1;;
30/11/2021  14:47:40,409683;9,504064E-1;1,372488E-1;1,382671E-1;9,357036E-1;;
30/11/2021  14:47:40,409783;9,506776E-1;1,350188E-1;1,253139E-1;9,362082E-1;;
30/11/2021  14:47:40,409883;9,502484E-1;1,576380E-1;1,569071E-1;9,367200E-1;;
30/11/2021  14:47:40,409983;9,507879E-1;1,213198E-1;1,240502E-1;9,372375E-1;;
30/11/2021  14:47:40,410083;9,507581E-1;1,417090E-1;1,294210E-1;9,377593E-1;;
30/11/2021  14:47:40,410183;9,506597E-1;1,350188E-1;1,221546E-1;9,382842E-1;;
30/11/2021  14:47:40,410283;9,520515E-1;1,210013E-1;9,056141E-2;9,388109E-1;;
30/11/2021  14:47:40,410383;9,523972E-1;4,963934E-2;7,918786E-2;9,393383E-1;;
30/11/2021  14:47:40,410483;9,530499E-1;1,200455E-1;1,133085E-1;9,398654E-1;;
30/11/2021  14:47:40,410583;9,532049E-1;3,763818E-3;3,021839E-2;9,403915E-1;;
30/11/2021  14:47:40,410683;9,531036E-1;1,085766E-1;9,719598E-2;9,409157E-1;;
30/11/2021  14:47:40,410783;9,531393E-1;1,155854E-1;1,262617E-1;9,414372E-1;;
30/11/2021  14:47:40,410883;9,530380E-1;9,073616E-2;1,588027E-1;9,419554E-1;;
30/11/2021  14:47:40,410983;9,538725E-1;1,127182E-1;1,205749E-1;9,424694E-1;;
30/11/2021  14:47:40,411083;9,536817E-1;1,130368E-1;1,215227E-1;9,429786E-1;;
30/11/2021  14:47:40,411183;9,538218E-1;-3,244942E-3;6,117973E-2;9,434823E-1;;
30/11/2021  14:47:40,411283;9,541705E-1;1,216384E-1;1,221546E-1;9,439798E-1;;
30/11/2021  14:47:40,411383;9,533658E-1;1,034794E-1;1,104651E-1;9,444706E-1;;
30/11/2021  14:47:40,411483;9,532615E-1;1,117624E-1;1,152041E-1;9,449541E-1;;
30/11/2021  14:47:40,411583;9,529426E-1;9,296622E-2;1,152041E-1;9,454295E-1;;
30/11/2021  14:47:40,411683;9,536132E-1;1,015679E-1;1,142563E-1;9,458961E-1;;
30/11/2021  14:47:40,411783;9,538606E-1;8,914326E-2;1,028828E-1;9,463533E-1;;
30/11/2021  14:47:40,411883;9,540304E-1;1,095324E-1;1,167838E-1;9,468006E-1;;
30/11/2021  14:47:40,411983;9,530082E-1;1,181340E-1;1,300529E-1;9,472375E-1;;
30/11/2021  14:47:40,412083;9,530171E-1;9,487770E-2;9,719598E-2;9,476635E-1;;
30/11/2021  14:47:40,412183;9,526237E-1;1,347002E-1;1,518522E-1;9,480781E-1;;
30/11/2021  14:47:40,412283;9,530767E-1;7,385142E-2;8,803395E-2;9,484807E-1;;
30/11/2021  14:47:40,412383;9,532556E-1;1,563636E-1;1,262617E-1;9,488707E-1;;
30/11/2021  14:47:40,412483;9,535536E-1;1,853544E-1;1,667010E-1;9,492479E-1;;
30/11/2021  14:47:40,412583;9,538427E-1;1,649653E-1;1,398468E-1;9,496120E-1;;
30/11/2021  14:47:40,412683;9,532615E-1;1,729298E-1;1,546956E-1;9,499627E-1;;
30/11/2021  14:47:40,412783;9,534552E-1;1,420275E-1;1,373193E-1;9,503000E-1;;
30/11/2021  14:47:40,412883;9,524062E-1;1,474434E-1;1,496407E-1;9,506236E-1;;
30/11/2021  14:47:40,412983;9,526357E-1;1,503106E-1;1,249980E-1;9,509334E-1;;
30/11/2021  14:47:40,413083;9,526655E-1;1,283286E-1;1,107811E-1;9,512291E-1;;
30/11/2021  14:47:40,413183;9,525880E-1;5,993878E-3;9,682815E-3;9,515106E-1;;
30/11/2021  14:47:40,413283;9,518131E-1;8,223938E-3;9,050951E-3;9,517776E-1;;
30/11/2021  14:47:40,413383;9,506985E-1;7,268198E-3;9,682815E-3;9,520301E-1;;
30/11/2021  14:47:40,413483;9,498372E-1;1,533758E-3;3,680107E-3;9,522677E-1;;
30/11/2021  14:47:40,413583;9,492202E-1;3,763818E-3;5,891631E-3;9,524900E-1;;
30/11/2021  14:47:40,413683;9,487493E-1;2,489498E-3;4,311971E-3;9,526965E-1;;
30/11/2021  14:47:40,413783;9,486212E-1;6,312458E-3;8,419087E-3;9,528868E-1;;
30/11/2021  14:47:40,413883;9,477569E-1;5,993878E-3;8,735019E-3;9,530602E-1;;
30/11/2021  14:47:40,413983;9,466214E-1;7,905358E-3;9,682815E-3;9,532165E-1;;
30/11/2021  14:47:40,414083;9,462399E-1;9,498258E-3;1,126247E-2;9,533550E-1;;
30/11/2021  14:47:40,414183;9,451551E-1;5,038138E-3;7,155359E-3;9,534753E-1;;
30/11/2021  14:47:40,414283;9,450627E-1;2,489498E-3;3,996039E-3;9,535769E-1;;
30/11/2021  14:47:40,414383;9,452952E-1;1,852338E-3;4,311971E-3;9,536592E-1;;
30/11/2021  14:47:40,414483;9,448452E-1;1,852338E-3;3,996039E-3;9,537219E-1;;
30/11/2021  14:47:40,414583;9,440196E-1;1,852338E-3;3,364175E-3;9,537650E-1;;
30/11/2021  14:47:40,414683;9,431166E-1;2,489498E-3;4,943835E-3;9,537881E-1;;
30/11/2021  14:47:40,414783;9,427232E-1;5,780180E-4;3,364175E-3;9,537911E-1;;
30/11/2021  14:47:40,414883;9,421837E-1;8,965980E-4;3,048243E-3;9,537738E-1;;
30/11/2021  14:47:40,414983;9,416056E-1;8,965980E-4;3,048243E-3;9,537361E-1;;
30/11/2021  14:47:40,415083;9,413969E-1;2,808078E-3;4,627903E-3;9,536780E-1;;
30/11/2021  14:47:40,415183;9,413671E-1;5,675298E-3;6,207563E-3;9,535994E-1;;
30/11/2021  14:47:40,415283;9,411824E-1;1,533758E-3;3,680107E-3;9,535005E-1;;
30/11/2021  14:47:40,415383;9,402644E-1;1,215178E-3;3,680107E-3;9,533816E-1;;
30/11/2021  14:47:40,415483;9,393435E-1;8,965980E-4;3,680107E-3;9,532428E-1;;
30/11/2021  14:47:40,415583;9,387951E-1;1,215178E-3;2,732311E-3;9,530845E-1;;
30/11/2021  14:47:40,415683;9,383958E-1;1,215178E-3;4,311971E-3;9,529068E-1;;
30/11/2021  14:47:40,415783;9,384017E-1;8,965980E-4;3,364175E-3;9,527100E-1;;
30/11/2021  14:47:40,415883;9,380054E-1;8,965980E-4;3,364175E-3;9,524945E-1;;
30/11/2021  14:47:40,415983;9,365927E-1;1,533758E-3;3,680107E-3;9,522607E-1;;
30/11/2021  14:47:40,416083;9,358536E-1;1,215178E-3;3,048243E-3;9,520089E-1;;
30/11/2021  14:47:40,416183;9,347896E-1;1,215178E-3;3,364175E-3;9,517395E-1;;
30/11/2021  14:47:40,416283;9,346436E-1;1,533758E-3;3,680107E-3;9,514526E-1;;
30/11/2021  14:47:40,416383;9,345125E-1;1,215178E-3;3,680107E-3;9,511486E-1;;
30/11/2021  14:47:40,416483;9,339522E-1;5,780180E-4;3,364175E-3;9,508278E-1;;
30/11/2021  14:47:40,416583;9,335796E-1;1,045400E-2;1,063061E-2;9,504907E-1;;
30/11/2021  14:47:40,416683;9,324769E-1;8,965980E-4;3,680107E-3;9,501378E-1;;
30/11/2021  14:47:40,416783;9,325365E-1;1,140974E-2;1,505366E-2;9,497694E-1;;
30/11/2021  14:47:40,416883;9,317259E-1;1,300264E-2;1,473773E-2;9,493862E-1;;
30/11/2021  14:47:40,416983;9,320477E-1;1,363980E-2;1,600145E-2;9,489887E-1;;
30/11/2021  14:47:40,417083;9,319762E-1;1,332122E-2;1,442179E-2;9,485774E-1;;
30/11/2021  14:47:40,417183;9,321997E-1;1,746276E-2;1,726518E-2;9,481531E-1;;
30/11/2021  14:47:40,417283;9,313682E-1;9,201048E-2;1,531159E-1;9,477168E-1;;
30/11/2021  14:47:40,417383;9,307483E-1;2,224146E-2;2,326789E-2;9,472692E-1;;
30/11/2021  14:47:40,417483;9,300360E-1;4,486064E-2;5,833634E-2;9,468113E-1;;
30/11/2021  14:47:40,417583;9,294519E-1;2,192288E-2;2,421569E-2;9,463436E-1;;
30/11/2021  14:47:40,417683;9,297201E-1;1,778134E-2;2,042450E-2;9,458671E-1;;
30/11/2021  14:47:40,417783;9,289393E-1;1,714418E-2;1,916077E-2;9,453823E-1;;
30/11/2021  14:47:40,417883;9,289184E-1;1,053908E-1;1,095173E-1;9,448901E-1;;
30/11/2021  14:47:40,417983;9,287575E-1;1,069837E-1;8,234717E-2;9,443912E-1;;
30/11/2021  14:47:40,418083;9,277174E-1;9,901924E-2;6,970989E-2;9,438863E-1;;
30/11/2021  14:47:40,418183;9,271541E-1;8,755036E-2;9,530039E-2;9,433764E-1;;
30/11/2021  14:47:40,418283;9,268054E-1;9,583344E-2;1,047783E-1;9,428618E-1;;
30/11/2021  14:47:40,418383;9,265491E-1;7,576290E-2;7,634447E-2;9,423434E-1;;
30/11/2021  14:47:40,418483;9,264925E-1;1,241871E-1;1,215227E-1;9,418215E-1;;
30/11/2021  14:47:40,418583;9,270557E-1;1,047537E-1;1,066739E-1;9,412971E-1;;
30/11/2021  14:47:40,418683;9,264597E-1;2,105222E-1;2,551620E-1;9,407707E-1;;
30/11/2021  14:47:40,418783;9,264925E-1;1,280100E-1;1,202590E-1;9,402431E-1;;
30/11/2021  14:47:40,418883;9,261319E-1;6,811698E-2;1,291051E-1;9,397152E-1;;
30/11/2021  14:47:40,418983;9,262362E-1;1,359745E-1;1,357397E-1;9,391877E-1;;
30/11/2021  14:47:40,419083;9,263256E-1;1,076209E-1;1,249980E-1;9,386614E-1;;
30/11/2021  14:47:40,419183;9,269783E-1;1,229127E-1;1,205749E-1;9,381372E-1;;
30/11/2021  14:47:40,419283;9,265610E-1;1,283286E-1;1,262617E-1;9,376159E-1;;
30/11/2021  14:47:40,419383;9,264537E-1;1,203641E-1;1,161519E-1;9,370984E-1;;
30/11/2021  14:47:40,419483;9,263464E-1;3,307318E-2;6,149566E-2;9,365856E-1;;
30/11/2021  14:47:40,419583;9,262600E-1;1,512664E-1;1,259458E-1;9,360784E-1;;
30/11/2021  14:47:40,419683;9,263822E-1;7,671864E-2;1,152041E-1;9,355774E-1;;
30/11/2021  14:47:40,419783;9,268263E-1;1,171783E-1;1,297370E-1;9,350835E-1;;
30/11/2021  14:47:40,419883;9,271601E-1;1,404346E-1;1,480610E-1;9,345975E-1;;
30/11/2021  14:47:40,419983;9,271839E-1;8,468314E-2;1,193112E-1;9,341202E-1;;
30/11/2021  14:47:40,420083;9,266743E-1;1,238685E-1;1,354238E-1;9,336524E-1;;
30/11/2021  14:47:40,420183;9,263107E-1;-2,204116E-2;5,738855E-2;9,331948E-1;;
30/11/2021  14:47:40,420283;9,261527E-1;1,331073E-1;1,341600E-1;9,327481E-1;;
30/11/2021  14:47:40,420383;9,269455E-1;1,538150E-1;1,474292E-1;9,323126E-1;;
30/11/2021  14:47:40,420483;9,268114E-1;1,276914E-1;1,183634E-1;9,318890E-1;;
30/11/2021  14:47:40,420583;9,271392E-1;1,334259E-1;1,357397E-1;9,314777E-1;;
30/11/2021  14:47:40,420683;9,274283E-1;1,187712E-1;1,114129E-1;9,310793E-1;;
30/11/2021  14:47:40,420783;9,273329E-1;1,238685E-1;1,110970E-1;9,306942E-1;;
30/11/2021  14:47:40,420883;9,274402E-1;1,184526E-1;1,110970E-1;9,303228E-1;;
30/11/2021  14:47:40,420983;9,274015E-1;1,037979E-1;1,076217E-1;9,299657E-1;;
30/11/2021  14:47:40,421083;9,284326E-1;9,455912E-2;1,047783E-1;9,296232E-1;;
30/11/2021  14:47:40,421183;9,288588E-1;1,417090E-1;1,727037E-1;9,292955E-1;;
30/11/2021  14:47:40,421283;9,296665E-1;1,200455E-1;1,272095E-1;9,289834E-1;;
30/11/2021  14:47:40,421383;9,295979E-1;1,088952E-1;1,215227E-1;9,286871E-1;;
30/11/2021  14:47:40,421483;9,301672E-1;8,436456E-2;1,013031E-1;9,284073E-1;;
30/11/2021  14:47:40,421583;9,305367E-1;1,037979E-1;1,158360E-1;9,281444E-1;;
30/11/2021  14:47:40,421683;9,311149E-1;1,066652E-1;1,120448E-1;9,278988E-1;;
30/11/2021  14:47:40,421783;9,320209E-1;9,901924E-2;1,066739E-1;9,276709E-1;;
30/11/2021  14:47:40,421883;9,323964E-1;9,424054E-2;9,909157E-2;9,274614E-1;;
30/11/2021  14:47:40,421983;9,337584E-1;5,409946E-2;1,189953E-1;9,272705E-1;;
30/11/2021  14:47:40,422083;9,340207E-1;8,978042E-2;1,016190E-1;9,270989E-1;;
30/11/2021  14:47:40,422183;9,342740E-1;8,850610E-2;9,624818E-2;9,269472E-1;;
30/11/2021  14:47:40,422283;9,347896E-1;8,627604E-2;1,275255E-1;9,268156E-1;;
30/11/2021  14:47:40,422383;9,360056E-1;8,914326E-2;1,044624E-1;9,267048E-1;;
30/11/2021  14:47:40,422483;9,371619E-1;1,079395E-1;1,237343E-1;9,266150E-1;;
30/11/2021  14:47:40,422583;9,379279E-1;1,034794E-1;1,126766E-1;9,265467E-1;;
30/11/2021  14:47:40,422683;9,385627E-1;2,076550E-1;1,676488E-1;9,265005E-1;;
30/11/2021  14:47:40,422783;9,392392E-1;1,213198E-1;9,245700E-2;9,264768E-1;;
30/11/2021  14:47:40,422883;9,401452E-1;1,560451E-1;1,581709E-1;9,264760E-1;;
30/11/2021  14:47:40,422983;9,405923E-1;1,630538E-1;1,486929E-1;9,264986E-1;;
30/11/2021  14:47:40,423083;9,411704E-1;1,636910E-1;1,483770E-1;9,265448E-1;;
30/11/2021  14:47:40,423183;9,424430E-1;1,608238E-1;1,445858E-1;9,266148E-1;;
30/11/2021  14:47:40,423283;9,433401E-1;1,391603E-1;1,316326E-1;9,267089E-1;;
30/11/2021  14:47:40,423383;9,442044E-1;1,041165E-1;1,047783E-1;9,268273E-1;;
30/11/2021  14:47:40,423483;9,446902E-1;9,455912E-2;9,751191E-2;9,269702E-1;;
30/11/2021  14:47:40,423583;9,448720E-1;1,047537E-1;1,025668E-1;9,271377E-1;;
30/11/2021  14:47:40,423683;9,458525E-1;1,101695E-1;1,095173E-1;9,273299E-1;;
30/11/2021  14:47:40,423783;9,471430E-1;1,184526E-1;1,196272E-1;9,275466E-1;;
30/11/2021  14:47:40,423883;9,480460E-1;6,620550E-2;7,286922E-2;9,277879E-1;;
30/11/2021  14:47:40,423983;9,485497E-1;1,210013E-1;1,088855E-1;9,280535E-1;;
30/11/2021  14:47:40,424083;9,491368E-1;1,047537E-1;1,063580E-1;9,283434E-1;;
30/11/2021  14:47:40,424183;9,495510E-1;4,454206E-2;4,096008E-2;9,286575E-1;;
30/11/2021  14:47:40,424283;9,494289E-1;1,289658E-1;1,445858E-1;9,289953E-1;;
30/11/2021  14:47:40,424383;9,497597E-1;1,037979E-1;1,133085E-1;9,293564E-1;;
30/11/2021  14:47:40,424483;9,504362E-1;1,969282E-2;1,378993E-2;9,297401E-1;;
30/11/2021  14:47:40,424583;9,506657E-1;1,200455E-1;1,202590E-1;9,301457E-1;;
30/11/2021  14:47:40,424683;9,508564E-1;1,401161E-1;1,682807E-1;9,305723E-1;;
30/11/2021  14:47:40,424783;9,511366E-1;1,241871E-1;1,249980E-1;9,310192E-1;;
30/11/2021  14:47:40,424883;9,508356E-1;1,152668E-1;1,170997E-1;9,314853E-1;;
30/11/2021  14:47:40,424983;9,512021E-1;1,206827E-1;1,467973E-1;9,319694E-1;;
30/11/2021  14:47:40,425083;9,513005E-1;1,248242E-1;1,243661E-1;9,324704E-1;;
30/11/2021  14:47:40,425183;9,518846E-1;1,006121E-1;9,056141E-2;9,329870E-1;;
30/11/2021  14:47:40,425283;9,516224E-1;1,340630E-1;1,303688E-1;9,335178E-1;;
30/11/2021  14:47:40,425383;9,518816E-1;1,311958E-1;1,076217E-1;9,340617E-1;;
30/11/2021  14:47:40,425483;9,512409E-1;1,318330E-1;1,208909E-1;9,346171E-1;;
30/11/2021  14:47:40,425583;9,511694E-1;6,429402E-2;5,770448E-2;9,351826E-1;;
30/11/2021  14:47:40,425683;9,512170E-1;1,286472E-1;1,486929E-1;9,357567E-1;;
30/11/2021  14:47:40,425783;9,515240E-1;9,073616E-2;8,455870E-2;9,363377E-1;;
30/11/2021  14:47:40,425883;9,513839E-1;1,439390E-1;1,518522E-1;9,369241E-1;;
30/11/2021  14:47:40,425983;9,511097E-1;6,684266E-2;9,340479E-2;9,375144E-1;;
30/11/2021  14:47:40,426083;9,509458E-1;1,856730E-1;2,456840E-1;9,381069E-1;;
30/11/2021  14:47:40,426183;9,508981E-1;1,276914E-1;1,297370E-1;9,387001E-1;;
30/11/2021  14:47:40,426283;9,501024E-1;1,251428E-1;1,287892E-1;9,392924E-1;;
30/11/2021  14:47:40,426383;9,501710E-1;1,174969E-1;1,098333E-1;9,398822E-1;;
30/11/2021  14:47:40,426483;9,498431E-1;1,270543E-1;1,287892E-1;9,404680E-1;;
30/11/2021  14:47:40,426583;9,501739E-1;1,098510E-1;1,221546E-1;9,410480E-1;;
30/11/2021  14:47:40,426683;9,500070E-1;1,270543E-1;1,310007E-1;9,416210E-1;;
30/11/2021  14:47:40,426783;9,494140E-1;1,232313E-1;1,303688E-1;9,421854E-1;;
30/11/2021  14:47:40,426883;9,494259E-1;1,286472E-1;1,212068E-1;9,427399E-1;;
30/11/2021  14:47:40,426983;9,485854E-1;1,136739E-1;9,909157E-2;9,432832E-1;;
30/11/2021  14:47:40,427083;9,480430E-1;1,028422E-1;1,022509E-1;9,438140E-1;;
30/11/2021  14:47:40,427183;9,484454E-1;-2,607782E-3;5,865227E-2;9,443309E-1;;
30/11/2021  14:47:40,427283;9,479924E-1;1,417090E-1;1,663851E-1;9,448327E-1;;
30/11/2021  14:47:40,427383;9,479745E-1;9,328480E-2;1,133085E-1;9,453184E-1;;
30/11/2021  14:47:40,427483;9,480758E-1;1,225942E-1;1,231024E-1;9,457869E-1;;
30/11/2021  14:47:40,427583;9,473963E-1;1,296029E-1;1,291051E-1;9,462373E-1;;
30/11/2021  14:47:40,427683;9,471638E-1;1,350188E-1;1,433221E-1;9,466688E-1;;
30/11/2021  14:47:40,427783;9,470178E-1;1,340630E-1;1,325804E-1;9,470807E-1;;
30/11/2021  14:47:40,427883;9,476079E-1;1,213198E-1;1,164678E-1;9,474723E-1;;
30/11/2021  14:47:40,427983;9,478433E-1;1,343816E-1;1,417424E-1;9,478431E-1;;
30/11/2021  14:47:40,428083;9,476139E-1;1,337445E-1;1,316326E-1;9,481927E-1;;
30/11/2021  14:47:40,428183;9,467168E-1;1,171783E-1;1,313166E-1;9,485211E-1;;
30/11/2021  14:47:40,428283;9,463830E-1;1,206827E-1;1,107811E-1;9,488280E-1;;
30/11/2021  14:47:40,428383;9,473218E-1;1,305587E-1;1,221546E-1;9,491132E-1;;
30/11/2021  14:47:40,428483;9,469910E-1;1,302401E-1;1,202590E-1;9,493766E-1;;
30/11/2021  14:47:40,428583;9,473456E-1;9,551486E-2;9,972343E-2;9,496185E-1;;
30/11/2021  14:47:40,428683;9,478493E-1;1,238685E-1;1,208909E-1;9,498389E-1;;
30/11/2021  14:47:40,428783;9,474231E-1;1,369303E-1;1,565912E-1;9,500383E-1;;
30/11/2021  14:47:40,428883;9,475185E-1;1,318330E-1;1,347919E-1;9,502172E-1;;
30/11/2021  14:47:40,428983;9,470923E-1;1,299215E-1;1,303688E-1;9,503760E-1;;
30/11/2021  14:47:40,429083;9,465618E-1;1,369303E-1;1,347919E-1;9,505152E-1;;
30/11/2021  14:47:40,429183;9,470267E-1;1,375674E-1;1,373193E-1;9,506353E-1;;
30/11/2021  14:47:40,429283;9,468896E-1;1,235499E-1;1,139404E-1;9,507367E-1;;
30/11/2021  14:47:40,429383;9,470118E-1;1,095324E-1;9,972343E-2;9,508201E-1;;
30/11/2021  14:47:40,429483;9,470387E-1;2,528934E-1;2,260962E-1;9,508860E-1;;
30/11/2021  14:47:40,429583;9,466751E-1;1,350188E-1;1,328963E-1;9,509351E-1;;
30/11/2021  14:47:40,429683;9,465678E-1;1,767528E-1;1,723878E-1;9,509682E-1;;
30/11/2021  14:47:40,429783;9,461833E-1;5,409946E-2;1,461654E-1;9,509857E-1;;
30/11/2021  14:47:40,429883;9,466244E-1;1,331073E-1;1,110970E-1;9,509885E-1;;
30/11/2021  14:47:40,429983;9,469940E-1;1,219570E-1;1,028828E-1;9,509771E-1;;
30/11/2021  14:47:40,430083;9,466244E-1;9,424054E-2;7,160549E-2;9,509523E-1;;
30/11/2021  14:47:40,430183;9,463979E-1;1,318330E-1;1,231024E-1;9,509150E-1;;
30/11/2021  14:47:40,430283;9,463323E-1;1,620981E-1;1,824976E-1;9,508657E-1;;
30/11/2021  14:47:40,430383;9,460879E-1;1,327887E-1;1,344760E-1;9,508054E-1;;
30/11/2021  14:47:40,430483;9,460850E-1;1,522221E-1;1,534319E-1;9,507345E-1;;
30/11/2021  14:47:40,430583;9,461326E-1;1,359745E-1;1,354238E-1;9,506539E-1;;
30/11/2021  14:47:40,430683;9,458853E-1;1,401161E-1;1,357397E-1;9,505641E-1;;
30/11/2021  14:47:40,430783;9,460999E-1;7,703722E-2;8,992954E-2;9,504660E-1;;
30/11/2021  14:47:40,430883;9,454651E-1;1,757970E-1;1,594346E-1;9,503600E-1;;
30/11/2021  14:47:40,430983;9,447677E-1;-2,299690E-2;7,097362E-2;9,502469E-1;;
30/11/2021  14:47:40,431083;9,441805E-1;1,353374E-1;1,332122E-1;9,501271E-1;;
30/11/2021  14:47:40,431183;9,444100E-1;1,270543E-1;1,275255E-1;9,500010E-1;;
30/11/2021  14:47:40,431283;9,439123E-1;1,178155E-1;1,088855E-1;9,498688E-1;;
30/11/2021  14:47:40,431383;9,438915E-1;1,200455E-1;1,237343E-1;9,497311E-1;;
30/11/2021  14:47:40,431483;9,431315E-1;1,015679E-1;7,634447E-2;9,495880E-1;;
30/11/2021  14:47:40,431583;9,429914E-1;-4,880188E-2;3,432551E-2;9,494398E-1;;
30/11/2021  14:47:40,431683;9,431136E-1;1,213198E-1;1,291051E-1;9,492867E-1;;
30/11/2021  14:47:40,431783;9,424311E-1;1,410718E-1;1,512204E-1;9,491290E-1;;
30/11/2021  14:47:40,431883;9,427709E-1;9,424054E-2;1,170997E-1;9,489669E-1;;
30/11/2021  14:47:40,431983;9,423804E-1;1,104881E-1;1,215227E-1;9,488006E-1;;
30/11/2021  14:47:40,432083;9,420556E-1;1,187712E-1;1,297370E-1;9,486303E-1;;
30/11/2021  14:47:40,432183;9,416711E-1;1,200455E-1;1,388990E-1;9,484563E-1;;
30/11/2021  14:47:40,432283;9,409410E-1;1,464877E-1;1,575390E-1;9,482787E-1;;
30/11/2021  14:47:40,432383;9,409261E-1;1,050723E-1;1,205749E-1;9,480977E-1;;
30/11/2021  14:47:40,432483;9,407919E-1;7,799296E-2;1,215227E-1;9,479133E-1;;
30/11/2021  14:47:40,432583;9,408217E-1;1,034794E-1;1,066739E-1;9,477256E-1;;
30/11/2021  14:47:40,432683;9,403389E-1;1,057094E-1;1,221546E-1;9,475347E-1;;
30/11/2021  14:47:40,432783;9,402167E-1;1,034794E-1;1,110970E-1;9,473408E-1;;
30/11/2021  14:47:40,432883;9,407979E-1;9,360338E-2;1,035146E-1;9,471441E-1;;
30/11/2021  14:47:40,432983;9,403896E-1;1,063466E-1;1,066739E-1;9,469447E-1;;
30/11/2021  14:47:40,433083;9,404850E-1;1,746276E-2;1,947671E-2;9,467430E-1;;
30/11/2021  14:47:40,433183;9,407562E-1;1,533758E-3;3,996039E-3;9,465392E-1;;
30/11/2021  14:47:40,433283;9,415072E-1;1,332122E-2;1,442179E-2;9,463337E-1;;
30/11/2021  14:47:40,433383;9,414446E-1;2,808078E-3;4,943835E-3;9,461270E-1;;
30/11/2021  14:47:40,433483;9,415966E-1;6,949618E-3;8,735019E-3;9,459196E-1;;
30/11/2021  14:47:40,433583;9,418231E-1;5,356718E-3;8,103155E-3;9,457122E-1;;
30/11/2021  14:47:40,433683;9,416533E-1;1,852338E-3;4,311971E-3;9,455052E-1;;
30/11/2021  14:47:40,433783;9,413910E-1;5,993878E-3;7,471291E-3;9,452993E-1;;
30/11/2021  14:47:40,433883;9,425533E-1;4,400978E-3;6,207563E-3;9,450950E-1;;
30/11/2021  14:47:40,433983;9,430182E-1;8,965980E-4;3,996039E-3;9,448929E-1;;
30/11/2021  14:47:40,434083;9,430391E-1;1,533758E-3;3,996039E-3;9,446937E-1;;
30/11/2021  14:47:40,434183;9,430927E-1;3,126658E-3;5,575699E-3;9,444981E-1;;
30/11/2021  14:47:40,434283;9,435189E-1;1,852338E-3;5,575699E-3;9,443067E-1;;
30/11/2021  14:47:40,434383;9,431881E-1;1,533758E-3;3,364175E-3;9,441203E-1;;
30/11/2021  14:47:40,434483;9,436620E-1;4,400978E-3;6,207563E-3;9,439394E-1;;
30/11/2021  14:47:40,434583;9,439809E-1;8,965980E-4;3,364175E-3;9,437646E-1;;
30/11/2021  14:47:40,434683;9,441031E-1;5,038138E-3;6,839427E-3;9,435964E-1;;
30/11/2021  14:47:40,434783;9,443564E-1;5,780180E-4;3,364175E-3;9,434355E-1;;
30/11/2021  14:47:40,434883;9,443534E-1;8,965980E-4;3,680107E-3;9,432822E-1;;
30/11/2021  14:47:40,434983;9,451640E-1;1,852338E-3;3,680107E-3;9,431371E-1;;
30/11/2021  14:47:40,435083;9,449673E-1;2,489498E-3;5,259767E-3;9,430007E-1;;
30/11/2021  14:47:40,435183;9,449942E-1;1,215178E-3;3,364175E-3;9,428734E-1;;
30/11/2021  14:47:40,435283;9,458972E-1;8,965980E-4;3,680107E-3;9,427555E-1;;
30/11/2021  14:47:40,435383;9,457333E-1;8,965980E-4;3,048243E-3;9,426475E-1;;
30/11/2021  14:47:40,435483;9,456618E-1;1,215178E-3;3,364175E-3;9,425496E-1;;
30/11/2021  14:47:40,435583;9,455992E-1;1,215178E-3;3,364175E-3;9,424621E-1;;
30/11/2021  14:47:40,435683;9,459657E-1;8,965980E-4;3,680107E-3;9,423852E-1;;
30/11/2021  14:47:40,435783;9,458257E-1;1,533758E-3;3,680107E-3;9,423190E-1;;
30/11/2021  14:47:40,435883;9,464694E-1;1,215178E-3;3,680107E-3;9,422635E-1;;
30/11/2021  14:47:40,435983;9,472264E-1;1,215178E-3;3,364175E-3;9,422189E-1;;
30/11/2021  14:47:40,436083;9,464962E-1;5,780180E-4;2,732311E-3;9,421851E-1;;
30/11/2021  14:47:40,436183;9,461118E-1;8,965980E-4;3,048243E-3;9,421623E-1;;
30/11/2021  14:47:40,436283;9,460730E-1;3,126658E-3;7,471291E-3;9,421502E-1;;
30/11/2021  14:47:40,436383;9,459926E-1;1,215178E-3;3,364175E-3;9,421487E-1;;
30/11/2021  14:47:40,436483;9,462310E-1;5,780180E-4;2,416379E-3;9,421574E-1;;
30/11/2021  14:47:40,436583;9,463591E-1;5,675298E-3;1,126247E-2;9,421759E-1;;
30/11/2021  14:47:40,436683;9,470387E-1;5,675298E-3;7,471291E-3;9,422039E-1;;
30/11/2021  14:47:40,436783;9,466810E-1;8,542518E-3;1,315807E-2;9,422413E-1;;
30/11/2021  14:47:40,436883;9,466840E-1;1,459554E-2;1,631739E-2;9,422875E-1;;
30/11/2021  14:47:40,436983;9,456945E-1;1,555128E-2;1,758111E-2;9,423423E-1;;
30/11/2021  14:47:40,437083;9,455157E-1;1,523270E-2;1,852891E-2;9,424051E-1;;
30/11/2021  14:47:40,437183;9,456886E-1;1,332122E-2;1,631739E-2;9,424753E-1;;
30/11/2021  14:47:40,437283;9,453607E-1;7,586778E-3;1,063061E-2;9,425523E-1;;
30/11/2021  14:47:40,437383;9,450031E-1;1,650702E-2;1,789705E-2;9,426353E-1;;
30/11/2021  14:47:40,437483;9,448839E-1;9,678918E-2;7,981972E-2;9,427237E-1;;
30/11/2021  14:47:40,437583;9,444428E-1;1,534964E-1;1,616461E-1;9,428166E-1;;
30/11/2021  14:47:40,437683;9,440703E-1;1,682560E-2;1,916077E-2;9,429133E-1;;
30/11/2021  14:47:40,437783;9,438944E-1;1,809992E-2;2,137230E-2;9,430130E-1;;
30/11/2021  14:47:40,437883;9,440286E-1;1,140974E-2;2,137230E-2;9,431147E-1;;
30/11/2021  14:47:40,437983;9,441209E-1;9,328480E-2;9,877564E-2;9,432178E-1;;
30/11/2021  14:47:40,438083;9,430749E-1;8,404598E-2;1,129926E-1;9,433215E-1;;
30/11/2021  14:47:40,438183;9,429169E-1;6,015248E-2;9,403666E-2;9,434250E-1;;
30/11/2021  14:47:40,438283;9,424699E-1;1,362931E-1;1,313166E-1;9,435275E-1;;
30/11/2021  14:47:40,438383;9,417546E-1;1,343816E-1;1,328963E-1;9,436282E-1;;
30/11/2021  14:47:40,438483;9,419453E-1;9,169190E-2;1,019350E-1;9,437261E-1;;
30/11/2021  14:47:40,438583;9,424222E-1;1,219570E-1;1,303688E-1;9,438206E-1;;
30/11/2021  14:47:40,438683;9,423745E-1;1,318330E-1;1,354238E-1;9,439109E-1;;
30/11/2021  14:47:40,438783;9,422493E-1;1,213198E-1;1,221546E-1;9,439965E-1;;
30/11/2021  14:47:40,438883;9,415668E-1;1,324701E-1;1,426902E-1;9,440769E-1;;
30/11/2021  14:47:40,438983;9,413314E-1;1,490363E-1;1,360556E-1;9,441516E-1;;
30/11/2021  14:47:40,439083;9,415758E-1;7,926728E-2;7,760819E-2;9,442202E-1;;
30/11/2021  14:47:40,439183;9,415847E-1;1,120810E-1;9,877564E-2;9,442823E-1;;
30/11/2021  14:47:40,439283;9,412777E-1;3,402892E-2;5,043804E-2;9,443374E-1;;
30/11/2021  14:47:40,439383;9,416175E-1;1,385232E-1;1,521681E-1;9,443855E-1;;
30/11/2021  14:47:40,439483;9,415549E-1;7,735580E-2;6,275939E-2;9,444262E-1;;
30/11/2021  14:47:40,439583;9,415132E-1;1,216384E-1;1,272095E-1;9,444594E-1;;
30/11/2021  14:47:40,439683;9,413046E-1;1,190898E-1;1,199431E-1;9,444852E-1;;
30/11/2021  14:47:40,439783;9,407621E-1;1,225942E-1;1,240502E-1;9,445035E-1;;
30/11/2021  14:47:40,439883;9,408217E-1;1,190898E-1;1,262617E-1;9,445142E-1;;
30/11/2021  14:47:40,439983;9,407651E-1;1,210013E-1;1,205749E-1;9,445172E-1;;
30/11/2021  14:47:40,440083;9,409320E-1;1,238685E-1;1,392149E-1;9,445127E-1;;
30/11/2021  14:47:40,440183;9,403598E-1;1,643281E-1;1,663851E-1;9,445007E-1;;
30/11/2021  14:47:40,440283;9,396833E-1;1,210013E-1;1,218387E-1;9,444812E-1;;
30/11/2021  14:47:40,440383;9,384017E-1;1,299215E-1;1,202590E-1;9,444542E-1;;
30/11/2021  14:47:40,440483;9,387534E-1;1,216384E-1;1,152041E-1;9,444195E-1;;
30/11/2021  14:47:40,440583;9,383302E-1;1,159040E-1;1,167838E-1;9,443769E-1;;
30/11/2021  14:47:40,440683;9,384405E-1;1,251428E-1;1,515363E-1;9,443264E-1;;
30/11/2021  14:47:40,440783;9,381067E-1;6,811698E-2;5,075397E-2;9,442679E-1;;
30/11/2021  14:47:40,440883;9,373914E-1;1,245056E-1;1,398468E-1;9,442013E-1;;
30/11/2021  14:47:40,440983;9,368937E-1;1,353374E-1;1,449017E-1;9,441265E-1;;
30/11/2021  14:47:40,441083;9,364079E-1;1,805757E-1;1,569071E-1;9,440434E-1;;
30/11/2021  14:47:40,441183;9,361039E-1;1,308772E-1;1,319485E-1;9,439520E-1;;
30/11/2021  14:47:40,441283;9,365957E-1;1,337445E-1;1,300529E-1;9,438520E-1;;
30/11/2021  14:47:40,441383;9,355407E-1;1,245056E-1;1,076217E-1;9,437435E-1;;
30/11/2021  14:47:40,441483;9,359132E-1;1,073023E-1;1,000394E-1;9,436264E-1;;
30/11/2021  14:47:40,441583;9,350757E-1;1,222756E-1;1,234183E-1;9,435009E-1;;
30/11/2021  14:47:40,441683;9,343992E-1;1,194084E-1;1,183634E-1;9,433669E-1;;
30/11/2021  14:47:40,441783;9,341399E-1;2,216725E-1;2,017695E-1;9,432243E-1;;
30/11/2021  14:47:40,441883;9,341876E-1;1,248242E-1;1,379512E-1;9,430733E-1;;
30/11/2021  14:47:40,441983;9,336601E-1;1,123996E-1;8,076751E-2;9,429137E-1;;
30/11/2021  14:47:40,442083;9,338598E-1;7,448858E-2;6,718244E-2;9,427457E-1;;
30/11/2021  14:47:40,442183;9,335230E-1;8,149734E-2;5,106991E-2;9,425695E-1;;
30/11/2021  14:47:40,442283;9,319554E-1;9,551486E-2;1,148882E-1;9,423851E-1;;
30/11/2021  14:47:40,442383;9,317706E-1;7,257710E-2;8,550650E-2;9,421926E-1;;
30/11/2021  14:47:40,442483;9,309480E-1;9,774492E-2;1,104651E-1;9,419920E-1;;
30/11/2021  14:47:40,442583;9,305010E-1;3,763818E-3;5,802041E-2;9,417832E-1;;
30/11/2021  14:47:40,442683;9,301940E-1;9,870066E-2;1,092014E-1;9,415662E-1;;
30/11/2021  14:47:40,442783;9,298155E-1;9,838208E-2;1,133085E-1;9,413409E-1;;
30/11/2021  14:47:40,442883;9,293655E-1;7,448858E-2;9,940750E-2;9,411073E-1;;
30/11/2021  14:47:40,442983;9,286085E-1;8,786894E-2;9,593225E-2;9,408653E-1;;
30/11/2021  14:47:40,443083;9,273985E-1;9,615202E-2;1,054102E-1;9,406150E-1;;
30/11/2021  14:47:40,443183;9,266147E-1;6,142680E-2;7,444887E-2;9,403561E-1;;
30/11/2021  14:47:40,443283;9,273657E-1;7,894870E-2;8,898175E-2;9,400887E-1;;
30/11/2021  14:47:40,443383;9,263077E-1;8,563888E-2;8,961361E-2;9,398124E-1;;
30/11/2021  14:47:40,443483;9,260961E-1;1,210013E-1;1,158360E-1;9,395275E-1;;
30/11/2021  14:47:40,443583;9,258457E-1;7,894870E-2;7,413294E-2;9,392338E-1;;
30/11/2021  14:47:40,443683;9,257534E-1;1,045400E-2;1,468583E-3;9,389315E-1;;
30/11/2021  14:47:40,443783;9,246179E-1;1,789828E-1;1,913437E-1;9,386206E-1;;
30/11/2021  14:47:40,443883;9,244986E-1;1,534964E-1;1,363715E-1;9,383015E-1;;
30/11/2021  14:47:40,443983;9,244718E-1;4,390490E-2;7,887192E-2;9,379741E-1;;
30/11/2021  14:47:40,444083;9,251156E-1;1,627352E-1;1,449017E-1;9,376388E-1;;
30/11/2021  14:47:40,444183;9,240397E-1;1,550893E-1;1,606983E-1;9,372958E-1;;
30/11/2021  14:47:40,444283;9,239205E-1;1,372488E-1;1,518522E-1;9,369457E-1;;
30/11/2021  14:47:40,444383;9,239503E-1;5,537378E-2;5,075397E-2;9,365888E-1;;
30/11/2021  14:47:40,444483;9,239652E-1;1,264171E-1;1,347919E-1;9,362255E-1;;
30/11/2021  14:47:40,444583;9,239682E-1;1,194084E-1;1,455336E-1;9,358565E-1;;
30/11/2021  14:47:40,444683;9,235569E-1;1,206827E-1;1,013031E-1;9,354824E-1;;
30/11/2021  14:47:40,444783;9,237774E-1;1,104881E-1;1,291051E-1;9,351036E-1;;
30/11/2021  14:47:40,444883;9,238042E-1;1,257800E-1;1,126766E-1;9,347209E-1;;
30/11/2021  14:47:40,444983;9,238489E-1;1,257800E-1;9,814378E-2;9,343350E-1;;
30/11/2021  14:47:40,445083;9,236135E-1;7,289568E-2;8,076751E-2;9,339467E-1;;
30/11/2021  14:47:40,445183;9,237059E-1;1,305587E-1;1,423743E-1;9,335566E-1;;
30/11/2021  14:47:40,445283;9,243616E-1;1,146297E-1;1,082536E-1;9,331656E-1;;
30/11/2021  14:47:40,445383;9,243824E-1;8,436456E-2;1,164678E-1;9,327744E-1;;
30/11/2021  14:47:40,445483;9,250411E-1;1,200455E-1;1,240502E-1;9,323841E-1;;
30/11/2021  14:47:40,445583;9,253689E-1;9,838208E-2;1,110970E-1;9,319955E-1;;
30/11/2021  14:47:40,445683;9,251305E-1;1,576380E-1;1,828136E-1;9,316097E-1;;
30/11/2021  14:47:40,445783;9,253957E-1;1,296029E-1;1,291051E-1;9,312277E-1;;
30/11/2021  14:47:40,445883;9,257116E-1;1,117624E-1;1,218387E-1;9,308505E-1;;
30/11/2021  14:47:40,445983;9,258040E-1;1,229127E-1;1,265777E-1;9,304789E-1;;
30/11/2021  14:47:40,446083;9,263286E-1;1,286472E-1;1,212068E-1;9,301141E-1;;
30/11/2021  14:47:40,446183;9,268620E-1;1,308772E-1;1,335282E-1;9,297568E-1;;
30/11/2021  14:47:40,446283;9,263435E-1;1,276914E-1;1,291051E-1;9,294081E-1;;
30/11/2021  14:47:40,446383;9,266683E-1;1,162226E-1;1,177316E-1;9,290688E-1;;
30/11/2021  14:47:40,446483;9,268024E-1;1,111253E-1;1,256299E-1;9,287397E-1;;
30/11/2021  14:47:40,446583;9,270498E-1;9,870066E-2;9,087734E-2;9,284216E-1;;
30/11/2021  14:47:40,446683;9,276220E-1;1,248242E-1;1,370034E-1;9,281151E-1;;
30/11/2021  14:47:40,446783;9,287098E-1;1,028422E-1;9,214107E-2;9,278209E-1;;
30/11/2021  14:47:40,446883;9,287217E-1;1,401161E-1;1,445858E-1;9,275398E-1;;
30/11/2021  14:47:40,446983;9,290347E-1;1,057094E-1;7,981972E-2;9,272726E-1;;
30/11/2021  14:47:40,447083;9,290883E-1;1,347002E-1;1,505885E-1;9,270199E-1;;
30/11/2021  14:47:40,447183;9,291986E-1;1,216384E-1;1,262617E-1;9,267824E-1;;
30/11/2021  14:47:40,447283;9,295622E-1;1,305587E-1;1,338441E-1;9,265605E-1;;
30/11/2021  14:47:40,447383;9,306857E-1;1,108067E-1;1,164678E-1;9,263548E-1;;
30/11/2021  14:47:40,447483;9,312162E-1;1,238685E-1;1,278414E-1;9,261656E-1;;
30/11/2021  14:47:40,447583;9,311656E-1;1,267357E-1;1,246821E-1;9,259935E-1;;
30/11/2021  14:47:40,447683;9,319703E-1;1,264171E-1;1,284732E-1;9,258390E-1;;
30/11/2021  14:47:40,447783;9,324233E-1;1,257800E-1;1,224705E-1;9,257024E-1;;
30/11/2021  14:47:40,447883;9,324709E-1;1,331073E-1;1,287892E-1;9,255841E-1;;
30/11/2021  14:47:40,447983;9,335468E-1;1,286472E-1;1,310007E-1;9,254845E-1;;
30/11/2021  14:47:40,448083;9,343813E-1;1,181340E-1;1,407946E-1;9,254039E-1;;
30/11/2021  14:47:40,448183;9,345095E-1;1,184526E-1;1,167838E-1;9,253425E-1;;
30/11/2021  14:47:40,448283;9,350668E-1;1,273729E-1;1,272095E-1;9,253006E-1;;
30/11/2021  14:47:40,448383;9,355645E-1;1,283286E-1;1,262617E-1;9,252786E-1;;
30/11/2021  14:47:40,448483;9,359877E-1;1,168597E-1;1,095173E-1;9,252765E-1;;
30/11/2021  14:47:40,448583;9,364198E-1;1,267357E-1;1,294210E-1;9,252944E-1;;
30/11/2021  14:47:40,448683;9,368967E-1;1,633724E-1;1,597505E-1;9,253324E-1;;
30/11/2021  14:47:40,448783;9,373199E-1;1,429833E-1;1,379512E-1;9,253905E-1;;
30/11/2021  14:47:40,448883;9,372364E-1;1,493549E-1;1,648054E-1;9,254686E-1;;
30/11/2021  14:47:40,448983;9,379160E-1;1,292843E-1;1,262617E-1;9,255665E-1;;
30/11/2021  14:47:40,449083;9,380650E-1;1,286472E-1;1,300529E-1;9,256840E-1;;
30/11/2021  14:47:40,449183;9,383988E-1;1,350188E-1;1,490088E-1;9,258207E-1;;
30/11/2021  14:47:40,449283;9,389382E-1;1,356559E-1;1,401627E-1;9,259764E-1;;
30/11/2021  14:47:40,449383;9,398830E-1;1,022050E-1;9,150920E-2;9,261506E-1;;
30/11/2021  14:47:40,449483;9,404015E-1;1,362931E-1;1,259458E-1;9,263429E-1;;
30/11/2021  14:47:40,449583;9,404701E-1;1,034794E-1;8,677022E-2;9,265530E-1;;
30/11/2021  14:47:40,449683;9,410274E-1;1,292843E-1;1,177316E-1;9,267805E-1;;
30/11/2021  14:47:40,449783;9,418410E-1;1,353374E-1;1,366875E-1;9,270249E-1;;
30/11/2021  14:47:40,449883;9,422374E-1;1,448948E-1;1,648054E-1;9,272859E-1;;
30/11/2021  14:47:40,449983;9,424907E-1;1,331073E-1;1,420583E-1;9,275629E-1;;
30/11/2021  14:47:40,450083;9,439183E-1;1,461691E-1;1,401627E-1;9,278556E-1;;
30/11/2021  14:47:40,450183;9,446336E-1;1,557265E-1;1,556434E-1;9,281635E-1;;
30/11/2021  14:47:40,450283;9,450210E-1;1,691068E-1;2,399972E-1;9,284864E-1;;
30/11/2021  14:47:40,450383;9,446485E-1;1,197269E-1;1,256299E-1;9,288239E-1;;
30/11/2021  14:47:40,450483;9,452296E-1;1,385232E-1;1,357397E-1;9,291755E-1;;
30/11/2021  14:47:40,450583;9,459121E-1;1,353374E-1;1,256299E-1;9,295407E-1;;
30/11/2021  14:47:40,450683;9,472562E-1;1,238685E-1;1,249980E-1;9,299190E-1;;
30/11/2021  14:47:40,450783;9,476317E-1;1,273729E-1;1,227865E-1;9,303099E-1;;
30/11/2021  14:47:40,450883;9,481235E-1;1,356559E-1;1,322644E-1;9,307132E-1;;
30/11/2021  14:47:40,450983;9,481771E-1;1,401161E-1;1,398468E-1;9,311283E-1;;
30/11/2021  14:47:40,451083;9,482248E-1;1,229127E-1;1,110970E-1;9,315548E-1;;
30/11/2021  14:47:40,451183;9,490235E-1;1,315144E-1;1,366875E-1;9,319921E-1;;
30/11/2021  14:47:40,451283;9,497299E-1;5,186940E-2;9,656411E-2;9,324398E-1;;
30/11/2021  14:47:40,451383;9,502753E-1;1,219570E-1;1,430061E-1;9,328971E-1;;
30/11/2021  14:47:40,451483;9,503349E-1;1,471248E-1;1,698603E-1;9,333637E-1;;
30/11/2021  14:47:40,451583;9,507610E-1;8,914326E-2;1,069899E-1;9,338389E-1;;
30/11/2021  14:47:40,451683;9,505733E-1;1,452133E-1;1,344760E-1;9,343221E-1;;
30/11/2021  14:47:40,451783;9,502067E-1;1,493549E-1;1,449017E-1;9,348127E-1;;
30/11/2021  14:47:40,451883;9,508922E-1;1,299215E-1;1,370034E-1;9,353099E-1;;
30/11/2021  14:47:40,451983;9,510978E-1;1,442576E-1;1,439539E-1;9,358129E-1;;
30/11/2021  14:47:40,452083;9,516730E-1;1,353374E-1;1,278414E-1;9,363207E-1;;
30/11/2021  14:47:40,452183;9,525224E-1;1,289658E-1;1,445858E-1;9,368327E-1;;
30/11/2021  14:47:40,452283;9,520009E-1;1,413904E-1;1,546956E-1;9,373481E-1;;
30/11/2021  14:47:40,452383;9,522840E-1;1,254614E-1;1,291051E-1;9,378663E-1;;
30/11/2021  14:47:40,452483;9,514674E-1;1,219570E-1;1,079377E-1;9,383865E-1;;
30/11/2021  14:47:40,452583;9,514614E-1;9,838208E-2;9,466852E-2;9,389077E-1;;
30/11/2021  14:47:40,452683;9,519323E-1;1,213198E-1;1,180475E-1;9,394290E-1;;
30/11/2021  14:47:40,452783;9,525761E-1;1,280100E-1;1,546956E-1;9,399495E-1;;
30/11/2021  14:47:40,452883;9,530052E-1;4,390490E-2;9,119327E-2;9,404683E-1;;
30/11/2021  14:47:40,452983;9,527847E-1;1,143111E-1;1,442698E-1;9,409847E-1;;
30/11/2021  14:47:40,453083;9,529993E-1;1,194084E-1;1,335282E-1;9,414979E-1;;
30/11/2021  14:47:40,453183;9,521320E-1;1,300264E-2;2,074043E-2;9,420073E-1;;
30/11/2021  14:47:40,453283;9,536579E-1;5,780180E-4;3,048243E-3;9,425120E-1;;
30/11/2021  14:47:40,453383;9,538188E-1;1,533758E-3;3,680107E-3;9,430114E-1;;
30/11/2021  14:47:40,453483;9,536639E-1;1,852338E-3;4,627903E-3;9,435049E-1;;
30/11/2021  14:47:40,453583;9,543970E-1;1,852338E-3;3,996039E-3;9,439921E-1;;
30/11/2021  14:47:40,453683;9,536847E-1;4,400978E-3;6,207563E-3;9,444723E-1;;
30/11/2021  14:47:40,453783;9,535536E-1;5,356718E-3;7,155359E-3;9,449452E-1;;
30/11/2021  14:47:40,453883;9,537950E-1;6,949618E-3;9,682815E-3;9,454102E-1;;
30/11/2021  14:47:40,453983;9,537712E-1;7,268198E-3;7,787223E-3;9,458668E-1;;
30/11/2021  14:47:40,454083;9,544209E-1;4,400978E-3;7,155359E-3;9,463144E-1;;
30/11/2021  14:47:40,454183;9,538337E-1;8,861098E-3;1,063061E-2;9,467527E-1;;
30/11/2021  14:47:40,454283;9,541139E-1;3,445238E-3;5,891631E-3;9,471814E-1;;
30/11/2021  14:47:40,454383;9,533927E-1;6,631038E-3;7,471291E-3;9,475998E-1;;
30/11/2021  14:47:40,454483;9,529814E-1;1,172832E-2;1,284213E-2;9,480078E-1;;
30/11/2021  14:47:40,454583;9,530767E-1;4,082398E-3;6,207563E-3;9,484046E-1;;
30/11/2021  14:47:40,454683;9,531513E-1;2,489498E-3;4,311971E-3;9,487899E-1;;
30/11/2021  14:47:40,454783;9,536162E-1;1,215178E-3;3,364175E-3;9,491632E-1;;
30/11/2021  14:47:40,454883;9,536668E-1;8,965980E-4;3,364175E-3;9,495241E-1;;
30/11/2021  14:47:40,454983;9,526625E-1;1,533758E-3;3,364175E-3;9,498725E-1;;
30/11/2021  14:47:40,455083;9,518042E-1;5,780180E-4;3,680107E-3;9,502080E-1;;
30/11/2021  14:47:40,455183;9,511187E-1;4,400978E-3;5,891631E-3;9,505301E-1;;
30/11/2021  14:47:40,455283;9,509488E-1;1,852338E-3;3,680107E-3;9,508384E-1;;
30/11/2021  14:47:40,455383;9,510859E-1;8,965980E-4;3,048243E-3;9,511322E-1;;
30/11/2021  14:47:40,455483;9,505554E-1;1,215178E-3;3,680107E-3;9,514111E-1;;
30/11/2021  14:47:40,455583;9,509816E-1;1,533758E-3;2,732311E-3;9,516747E-1;;
30/11/2021  14:47:40,455683;9,498640E-1;8,965980E-4;3,364175E-3;9,519227E-1;;
30/11/2021  14:47:40,455783;9,491040E-1;1,215178E-3;3,680107E-3;9,521546E-1;;
30/11/2021  14:47:40,455883;9,485884E-1;2,808078E-3;4,627903E-3;9,523702E-1;;
30/11/2021  14:47:40,455983;9,477658E-1;8,965980E-4;3,680107E-3;9,525688E-1;;
30/11/2021  14:47:40,456083;9,478314E-1;8,965980E-4;3,364175E-3;9,527501E-1;;
30/11/2021  14:47:40,456183;9,475036E-1;5,780180E-4;3,048243E-3;9,529137E-1;;
30/11/2021  14:47:40,456283;9,470029E-1;8,965980E-4;3,364175E-3;9,530592E-1;;
30/11/2021  14:47:40,456383;9,457065E-1;1,533758E-3;3,996039E-3;9,531863E-1;;
30/11/2021  14:47:40,456483;9,452415E-1;9,498258E-3;1,189434E-2;9,532946E-1;;
30/11/2021  14:47:40,456583;9,443236E-1;1,533758E-3;3,680107E-3;9,533838E-1;;
30/11/2021  14:47:40,456683;9,443325E-1;5,356718E-3;7,471291E-3;9,534535E-1;;
30/11/2021  14:47:40,456783;9,437722E-1;1,204690E-2;1,315807E-2;9,535033E-1;;
30/11/2021  14:47:40,456883;9,430659E-1;1,077258E-2;1,252620E-2;9,535331E-1;;
30/11/2021  14:47:40,456983;9,425682E-1;1,586986E-2;1,442179E-2;9,535426E-1;;
30/11/2021  14:47:40,457083;9,414268E-1;1,459554E-2;1,758111E-2;9,535316E-1;;
30/11/2021  14:47:40,457183;9,406101E-1;1,459554E-2;1,758111E-2;9,534999E-1;;
30/11/2021  14:47:40,457283;9,402287E-1;1,618844E-2;1,947671E-2;9,534473E-1;;
30/11/2021  14:47:40,457383;9,399455E-1;1,332122E-2;1,505366E-2;9,533737E-1;;
30/11/2021  14:47:40,457483;9,395253E-1;1,047537E-1;1,133085E-1;9,532790E-1;;
30/11/2021  14:47:40,457583;9,392958E-1;3,052454E-2;2,105637E-2;9,531631E-1;;
30/11/2021  14:47:40,457683;9,378116E-1;1,363980E-2;2,168823E-2;9,530262E-1;;
30/11/2021  14:47:40,457783;9,373467E-1;1,937424E-2;2,579535E-2;9,528685E-1;;
30/11/2021  14:47:40,457883;9,364318E-1;5,983390E-2;6,686651E-2;9,526899E-1;;
30/11/2021  14:47:40,457983;9,363453E-1;1,618844E-2;1,884484E-2;9,524905E-1;;
30/11/2021  14:47:40,458083;9,365927E-1;9,041758E-2;1,016190E-1;9,522707E-1;;
30/11/2021  14:47:40,458183;9,361367E-1;1,031608E-1;8,898175E-2;9,520305E-1;;
30/11/2021  14:47:40,458283;9,355198E-1;1,178155E-1;1,183634E-1;9,517707E-1;;
30/11/2021  14:47:40,458383;9,349774E-1;1,378860E-1;1,366875E-1;9,514916E-1;;
30/11/2021  14:47:40,458483;9,347837E-1;1,429833E-1;1,303688E-1;9,511938E-1;;
30/11/2021  14:47:40,458583;9,341340E-1;9,551486E-2;8,677022E-2;9,508778E-1;;
30/11/2021  14:47:40,458683;9,345184E-1;1,034794E-1;1,082536E-1;9,505444E-1;;
30/11/2021  14:47:40,458783;9,347390E-1;9,264764E-2;1,354238E-1;9,501942E-1;;
30/11/2021  14:47:40,458883;9,347211E-1;1,366117E-1;1,461654E-1;9,498282E-1;;
30/11/2021  14:47:40,458983;9,351890E-1;1,509478E-1;1,534319E-1;9,494473E-1;;
30/11/2021  14:47:40,459083;9,343187E-1;7,926728E-2;9,403666E-2;9,490528E-1;;
30/11/2021  14:47:40,459183;9,336959E-1;1,219570E-1;1,183634E-1;9,486457E-1;;
30/11/2021  14:47:40,459283;9,339343E-1;1,219570E-1;1,237343E-1;9,482271E-1;;
30/11/2021  14:47:40,459383;9,341787E-1;1,079395E-1;1,218387E-1;9,477981E-1;;
30/11/2021  14:47:40,459483;9,341608E-1;1,152668E-1;1,199431E-1;9,473599E-1;;
30/11/2021  14:47:40,459583;9,343307E-1;1,219570E-1;1,300529E-1;9,469136E-1;;
30/11/2021  14:47:40,459683;9,339283E-1;1,232313E-1;1,224705E-1;9,464605E-1;;
30/11/2021  14:47:40,459783;9,338896E-1;1,111253E-1;1,158360E-1;9,460018E-1;;
30/11/2021  14:47:40,459883;9,333442E-1;1,229127E-1;1,196272E-1;9,455388E-1;;
30/11/2021  14:47:40,459983;9,341638E-1;1,232313E-1;1,221546E-1;9,450725E-1;;
30/11/2021  14:47:40,460083;9,338359E-1;1,216384E-1;1,126766E-1;9,446041E-1;;
30/11/2021  14:47:40,460183;9,353291E-1;1,471248E-1;1,692285E-1;9,441349E-1;;
30/11/2021  14:47:40,460283;9,349476E-1;1,130368E-1;1,025668E-1;9,436661E-1;;
30/11/2021  14:47:40,460383;9,342114E-1;1,200455E-1;1,253139E-1;9,431991E-1;;
30/11/2021  14:47:40,460483;9,343068E-1;1,203641E-1;1,294210E-1;9,427350E-1;;
30/11/2021  14:47:40,460583;9,338568E-1;1,225942E-1;1,265777E-1;9,422749E-1;;
30/11/2021  14:47:40,460683;9,342293E-1;1,264171E-1;1,294210E-1;9,418199E-1;;
30/11/2021  14:47:40,460783;9,349148E-1;1,324701E-1;1,310007E-1;9,413708E-1;;
30/11/2021  14:47:40,460883;9,348254E-1;1,130368E-1;1,208909E-1;9,409286E-1;;
30/11/2021  14:47:40,460983;9,346644E-1;1,299215E-1;1,442698E-1;9,404944E-1;;
30/11/2021  14:47:40,461083;9,352724E-1;1,289658E-1;1,275255E-1;9,400690E-1;;
30/11/2021  14:47:40,461183;9,337942E-1;1,318330E-1;1,275255E-1;9,396532E-1;;
30/11/2021  14:47:40,461283;9,339194E-1;1,566822E-1;1,543797E-1;9,392479E-1;;
30/11/2021  14:47:40,461383;9,342412E-1;1,041165E-1;1,281573E-1;9,388533E-1;;
30/11/2021  14:47:40,461483;9,345393E-1;7,703722E-2;9,056141E-2;9,384702E-1;;
30/11/2021  14:47:40,461583;9,349714E-1;9,392196E-2;9,340479E-2;9,380990E-1;;
30/11/2021  14:47:40,461683;9,349178E-1;7,321426E-2;5,960007E-2;9,377401E-1;;
30/11/2021  14:47:40,461783;9,342234E-1;1,184526E-1;1,088855E-1;9,373941E-1;;
30/11/2021  14:47:40,461883;9,343068E-1;1,311958E-1;1,417424E-1;9,370614E-1;;
30/11/2021  14:47:40,461983;9,340624E-1;1,178155E-1;1,085695E-1;9,367420E-1;;
30/11/2021  14:47:40,462083;9,346406E-1;9,424054E-2;1,031987E-1;9,364363E-1;;
30/11/2021  14:47:40,462183;9,353827E-1;1,308772E-1;1,253139E-1;9,361444E-1;;
30/11/2021  14:47:40,462283;9,356062E-1;1,245056E-1;1,120448E-1;9,358665E-1;;
30/11/2021  14:47:40,462383;9,355645E-1;7,289568E-2;1,761790E-1;9,356029E-1;;
30/11/2021  14:47:40,462483;9,358327E-1;1,194084E-1;1,167838E-1;9,353537E-1;;
30/11/2021  14:47:40,462583;9,353201E-1;1,162226E-1;1,170997E-1;9,351193E-1;;
30/11/2021  14:47:40,462683;9,361874E-1;1,095324E-1;1,126766E-1;9,348997E-1;;
30/11/2021  14:47:40,462783;9,366434E-1;1,066652E-1;1,148882E-1;9,346949E-1;;
30/11/2021  14:47:40,462883;9,376179E-1;9,742634E-2;1,019350E-1;9,345051E-1;;
30/11/2021  14:47:40,462983;9,380918E-1;8,914326E-2;1,031987E-1;9,343306E-1;;
30/11/2021  14:47:40,463083;9,375077E-1;9,678918E-2;1,054102E-1;9,341715E-1;;
30/11/2021  14:47:40,463183;9,370487E-1;7,735580E-2;6,781430E-2;9,340282E-1;;
30/11/2021  14:47:40,463283;9,369950E-1;1,009307E-1;1,212068E-1;9,339004E-1;;
30/11/2021  14:47:40,463383;9,376775E-1;9,901924E-2;1,275255E-1;9,337881E-1;;
30/11/2021  14:47:40,463483;9,388667E-1;7,034704E-2;7,413294E-2;9,336911E-1;;
30/11/2021  14:47:40,463583;9,388697E-1;1,063466E-1;1,256299E-1;9,336093E-1;;
30/11/2021  14:47:40,463683;9,389024E-1;1,523270E-2;2,895467E-2;9,335429E-1;;
30/11/2021  14:47:40,463783;9,388697E-1;5,569236E-2;5,991600E-2;9,334916E-1;;
30/11/2021  14:47:40,463883;9,382498E-1;2,032998E-2;2,074043E-2;9,334553E-1;;
30/11/2021  14:47:40,463983;9,388875E-1;9,296622E-2;1,060421E-1;9,334337E-1;;
30/11/2021  14:47:40,464083;9,390246E-1;7,608148E-2;9,056141E-2;9,334265E-1;;
30/11/2021  14:47:40,464183;9,401571E-1;1,085766E-1;1,142563E-1;9,334333E-1;;
30/11/2021  14:47:40,464283;9,406072E-1;1,165411E-1;1,379512E-1;9,334538E-1;;
30/11/2021  14:47:40,464383;9,400141E-1;1,057094E-1;9,530039E-2;9,334879E-1;;
30/11/2021  14:47:40,464483;9,403389E-1;1,439390E-1;1,300529E-1;9,335352E-1;;
30/11/2021  14:47:40,464583;9,395581E-1;1,260985E-1;1,063580E-1;9,335955E-1;;
30/11/2021  14:47:40,464683;9,395551E-1;1,413904E-1;1,291051E-1;9,336682E-1;;
30/11/2021  14:47:40,464783;9,398532E-1;1,633724E-1;1,407946E-1;9,337527E-1;;
30/11/2021  14:47:40,464883;9,407443E-1;1,614609E-1;1,948190E-1;9,338484E-1;;
30/11/2021  14:47:40,464983;9,408396E-1;7,640006E-2;4,949025E-2;9,339548E-1;;
30/11/2021  14:47:40,465083;9,401571E-1;1,382046E-1;1,546956E-1;9,340714E-1;;
30/11/2021  14:47:40,465183;9,393852E-1;1,433019E-1;1,486929E-1;9,341977E-1;;
30/11/2021  14:47:40,465283;9,392929E-1;2,086108E-1;2,106156E-1;9,343328E-1;;
30/11/2021  14:47:40,465383;9,391111E-1;1,181340E-1;1,265777E-1;9,344760E-1;;
30/11/2021  14:47:40,465483;9,400260E-1;1,238685E-1;1,253139E-1;9,346263E-1;;
30/11/2021  14:47:40,465583;9,399873E-1;1,104881E-1;8,582243E-2;9,347830E-1;;
30/11/2021  14:47:40,465683;9,398949E-1;1,002936E-1;9,877564E-2;9,349453E-1;;
30/11/2021  14:47:40,465783;9,397965E-1;1,216384E-1;1,167838E-1;9,351127E-1;;
30/11/2021  14:47:40,465883;9,386372E-1;1,267357E-1;1,262617E-1;9,352843E-1;;
30/11/2021  14:47:40,465983;9,382199E-1;-7,386482E-3;1,221027E-2;9,354592E-1;;
30/11/2021  14:47:40,466083;9,385299E-1;1,372488E-1;1,493248E-1;9,356367E-1;;
30/11/2021  14:47:40,466183;9,388428E-1;1,213198E-1;1,275255E-1;9,358156E-1;;
30/11/2021  14:47:40,466283;9,386908E-1;1,292843E-1;1,430061E-1;9,359953E-1;;
30/11/2021  14:47:40,466383;9,380918E-1;4,645354E-2;2,074043E-2;9,361748E-1;;
30/11/2021  14:47:40,466483;9,381007E-1;1,041165E-1;1,565912E-1;9,363535E-1;;
30/11/2021  14:47:40,466583;9,373557E-1;1,706997E-1;2,071403E-1;9,365306E-1;;
30/11/2021  14:47:40,466683;9,368967E-1;1,340630E-1;1,344760E-1;9,367051E-1;;
30/11/2021  14:47:40,466783;9,365242E-1;1,299215E-1;1,284732E-1;9,368763E-1;;
30/11/2021  14:47:40,466883;9,374689E-1;1,044351E-1;1,174156E-1;9,370433E-1;;
30/11/2021  14:47:40,466983;9,370666E-1;1,197269E-1;1,303688E-1;9,372053E-1;;
30/11/2021  14:47:40,467083;9,365778E-1;1,423461E-1;1,543797E-1;9,373618E-1;;
30/11/2021  14:47:40,467183;9,360205E-1;1,410718E-1;1,407946E-1;9,375120E-1;;
30/11/2021  14:47:40,467283;9,360145E-1;1,286472E-1;1,240502E-1;9,376554E-1;;
30/11/2021  14:47:40,467383;9,352575E-1;1,331073E-1;1,278414E-1;9,377914E-1;;
30/11/2021  14:47:40,467483;9,363424E-1;1,327887E-1;1,300529E-1;9,379194E-1;;
30/11/2021  14:47:40,467583;9,363930E-1;1,267357E-1;1,351078E-1;9,380388E-1;;
30/11/2021  14:47:40,467683;9,360622E-1;1,174969E-1;9,403666E-2;9,381495E-1;;
30/11/2021  14:47:40,467783;9,358894E-1;1,238685E-1;1,332122E-1;9,382511E-1;;
30/11/2021  14:47:40,467883;9,353827E-1;1,815315E-1;1,638576E-1;9,383435E-1;;
30/11/2021  14:47:40,467983;9,349774E-1;6,174538E-2;2,579535E-2;9,384265E-1;;
30/11/2021  14:47:40,468083;9,356509E-1;1,229127E-1;1,281573E-1;9,384998E-1;;
30/11/2021  14:47:40,468183;9,361308E-1;1,257800E-1;1,455336E-1;9,385633E-1;;
30/11/2021  14:47:40,468283;9,368639E-1;1,413904E-1;1,310007E-1;9,386171E-1;;
30/11/2021  14:47:40,468383;9,369265E-1;1,496735E-1;1,733356E-1;9,386615E-1;;
30/11/2021  14:47:40,468483;9,371053E-1;1,305587E-1;1,414265E-1;9,386967E-1;;
30/11/2021  14:47:40,468583;9,367656E-1;2,861306E-2;9,024547E-2;9,387233E-1;;
30/11/2021  14:47:40,468683;9,363990E-1;1,347002E-1;1,433221E-1;9,387416E-1;;
30/11/2021  14:47:40,468783;9,372663E-1;1,280100E-1;1,300529E-1;9,387520E-1;;
30/11/2021  14:47:40,468883;9,375673E-1;1,022050E-1;8,992954E-2;9,387549E-1;;
30/11/2021  14:47:40,468983;9,376954E-1;1,423461E-1;1,420583E-1;9,387508E-1;;
30/11/2021  14:47:40,469083;9,383839E-1;1,241871E-1;1,076217E-1;9,387405E-1;;
30/11/2021  14:47:40,469183;9,382617E-1;1,127182E-1;8,487463E-2;9,387244E-1;;
30/11/2021  14:47:40,469283;9,375971E-1;1,375674E-1;1,325804E-1;9,387033E-1;;
30/11/2021  14:47:40,469383;9,372037E-1;1,120810E-1;1,641736E-1;9,386777E-1;;
30/11/2021  14:47:40,469483;9,382796E-1;1,002936E-1;9,593225E-2;9,386481E-1;;
30/11/2021  14:47:40,469583;9,385776E-1;1,251428E-1;1,152041E-1;9,386150E-1;;
30/11/2021  14:47:40,469683;9,389263E-1;1,534964E-1;1,430061E-1;9,385789E-1;;
30/11/2021  14:47:40,469783;9,385329E-1;5,983390E-2;1,215227E-1;9,385406E-1;;
30/11/2021  14:47:40,469883;9,375673E-1;1,620981E-1;1,752312E-1;9,385006E-1;;
30/11/2021  14:47:40,469983;9,376835E-1;1,143111E-1;1,474292E-1;9,384592E-1;;
30/11/2021  14:47:40,470083;9,366881E-1;1,318330E-1;1,319485E-1;9,384168E-1;;
30/11/2021  14:47:40,470183;9,369593E-1;1,315144E-1;1,313166E-1;9,383734E-1;;
30/11/2021  14:47:40,470283;9,370308E-1;1,085766E-1;9,751191E-2;9,383293E-1;;
30/11/2021  14:47:40,470383;9,363990E-1;1,401161E-1;1,325804E-1;9,382844E-1;;
30/11/2021  14:47:40,470483;9,366225E-1;1,178155E-1;1,262617E-1;9,382388E-1;;
30/11/2021  14:47:40,470583;9,355705E-1;1,162226E-1;1,038306E-1;9,381925E-1;;
30/11/2021  14:47:40,470683;9,349595E-1;1,404346E-1;1,654373E-1;9,381455E-1;;
30/11/2021  14:47:40,470783;9,346644E-1;1,490363E-1;1,562753E-1;9,380974E-1;;
30/11/2021  14:47:40,470883;9,341936E-1;1,375674E-1;1,518522E-1;9,380481E-1;;
30/11/2021  14:47:40,470983;9,343605E-1;1,468062E-1;1,534319E-1;9,379972E-1;;
30/11/2021  14:47:40,471083;9,335766E-1;6,333828E-2;1,215227E-1;9,379444E-1;;
30/11/2021  14:47:40,471183;9,335677E-1;1,235499E-1;1,120448E-1;9,378893E-1;;
30/11/2021  14:47:40,471283;9,321789E-1;1,410718E-1;1,319485E-1;9,378316E-1;;
30/11/2021  14:47:40,471383;9,316424E-1;1,315144E-1;1,376353E-1;9,377709E-1;;
30/11/2021  14:47:40,471483;9,325961E-1;1,391603E-1;1,268936E-1;9,377066E-1;;
30/11/2021  14:47:40,471583;9,321878E-1;1,340630E-1;1,249980E-1;9,376384E-1;;
30/11/2021  14:47:40,471683;9,323249E-1;1,308772E-1;1,306848E-1;9,375660E-1;;
30/11/2021  14:47:40,471783;9,321014E-1;1,305587E-1;1,275255E-1;9,374891E-1;;
30/11/2021  14:47:40,471883;9,315173E-1;1,327887E-1;1,306848E-1;9,374076E-1;;
30/11/2021  14:47:40,471983;9,310374E-1;1,331073E-1;1,224705E-1;9,373214E-1;;
30/11/2021  14:47:40,472083;9,309897E-1;9,201048E-2;1,022509E-1;9,372302E-1;;
30/11/2021  14:47:40,472183;9,311715E-1;1,286472E-1;1,256299E-1;9,371338E-1;;
30/11/2021  14:47:40,472283;9,316812E-1;1,531778E-1;1,704922E-1;9,370322E-1;;
30/11/2021  14:47:40,472383;9,320626E-1;1,570008E-1;1,471132E-1;9,369254E-1;;
30/11/2021  14:47:40,472483;9,318987E-1;1,372488E-1;1,291051E-1;9,368136E-1;;
30/11/2021  14:47:40,472583;9,314696E-1;1,190898E-1;1,221546E-1;9,366972E-1;;
30/11/2021  14:47:40,472683;9,317080E-1;-1,598814E-2;7,444887E-2;9,365762E-1;;
30/11/2021  14:47:40,472783;9,325216E-1;1,442576E-1;1,445858E-1;9,364510E-1;;
30/11/2021  14:47:40,472883;9,333621E-1;1,190898E-1;1,227865E-1;9,363221E-1;;
30/11/2021  14:47:40,472983;9,333591E-1;1,267357E-1;1,234183E-1;9,361900E-1;;
30/11/2021  14:47:40,473083;9,338955E-1;1,289658E-1;1,407946E-1;9,360553E-1;;
30/11/2021  14:47:40,473183;9,341638E-1;1,363980E-2;1,600145E-2;9,359188E-1;;
30/11/2021  14:47:40,473283;9,341846E-1;5,780180E-4;3,680107E-3;9,357813E-1;;
30/11/2021  14:47:40,473383;9,342651E-1;1,215178E-3;3,048243E-3;9,356435E-1;;
30/11/2021  14:47:40,473483;9,350429E-1;5,038138E-3;5,891631E-3;9,355061E-1;;
30/11/2021  14:47:40,473583;9,354691E-1;2,170918E-3;4,311971E-3;9,353699E-1;;
30/11/2021  14:47:40,473683;9,362768E-1;1,852338E-3;3,996039E-3;9,352358E-1;;
30/11/2021  14:47:40,473783;9,363543E-1;8,965980E-4;3,364175E-3;9,351045E-1;;
30/11/2021  14:47:40,473883;9,363930E-1;5,780180E-4;3,680107E-3;9,349771E-1;;
30/11/2021  14:47:40,473983;9,368997E-1;2,808078E-3;4,311971E-3;9,348542E-1;;
30/11/2021  14:47:40,474083;9,367954E-1;2,489498E-3;4,311971E-3;9,347367E-1;;
30/11/2021  14:47:40,474183;9,373080E-1;6,949618E-3;8,419087E-3;9,346253E-1;;
30/11/2021  14:47:40,474283;9,375792E-1;5,780180E-4;3,364175E-3;9,345206E-1;;
30/11/2021  14:47:40,474383;9,383451E-1;1,533758E-3;4,311971E-3;9,344233E-1;;
30/11/2021  14:47:40,474483;9,385806E-1;3,445238E-3;5,259767E-3;9,343342E-1;;
30/11/2021  14:47:40,474583;9,388458E-1;5,675298E-3;8,103155E-3;9,342537E-1;;
30/11/2021  14:47:40,474683;9,383541E-1;7,905358E-3;9,682815E-3;9,341825E-1;;
30/11/2021  14:47:40,474783;9,386193E-1;8,223938E-3;9,682815E-3;9,341211E-1;;
30/11/2021  14:47:40,474883;9,395402E-1;7,905358E-3;9,050951E-3;9,340698E-1;;
30/11/2021  14:47:40,474983;9,402495E-1;4,082398E-3;6,839427E-3;9,340289E-1;;
30/11/2021  14:47:40,475083;9,400439E-1;1,533758E-3;3,680107E-3;9,339990E-1;;
30/11/2021  14:47:40,475183;9,395283E-1;3,763818E-3;5,259767E-3;9,339802E-1;;
30/11/2021  14:47:40,475283;9,396624E-1;1,852338E-3;3,996039E-3;9,339727E-1;;
30/11/2021  14:47:40,475383;9,393078E-1;1,215178E-3;3,364175E-3;9,339767E-1;;
30/11/2021  14:47:40,475483;9,395253E-1;3,445238E-3;6,207563E-3;9,339920E-1;;
30/11/2021  14:47:40,475583;9,402495E-1;2,489498E-3;4,311971E-3;9,340185E-1;;
30/11/2021  14:47:40,475683;9,401124E-1;5,780180E-4;3,680107E-3;9,340559E-1;;
30/11/2021  14:47:40,475783;9,400767E-1;5,780180E-4;3,364175E-3;9,341042E-1;;
30/11/2021  14:47:40,475883;9,400290E-1;8,965980E-4;3,048243E-3;9,341632E-1;;
30/11/2021  14:47:40,475983;9,393316E-1;8,965980E-4;3,996039E-3;9,342323E-1;;
30/11/2021  14:47:40,476083;9,395372E-1;5,780180E-4;3,996039E-3;9,343114E-1;;
30/11/2021  14:47:40,476183;9,395015E-1;6,312458E-3;8,735019E-3;9,343997E-1;;
30/11/2021  14:47:40,476283;9,406727E-1;5,780180E-4;3,680107E-3;9,344968E-1;;
30/11/2021  14:47:40,476383;9,409827E-1;8,965980E-4;3,680107E-3;9,346023E-1;;
30/11/2021  14:47:40,476483;9,407353E-1;2,808078E-3;4,627903E-3;9,347158E-1;;
30/11/2021  14:47:40,476583;9,408247E-1;1,533758E-3;5,259767E-3;9,348369E-1;;
30/11/2021  14:47:40,476683;9,413642E-1;3,126658E-3;4,627903E-3;9,349654E-1;;
30/11/2021  14:47:40,476783;9,417069E-1;7,586778E-3;9,050951E-3;9,351007E-1;;
30/11/2021  14:47:40,476883;9,421629E-1;1,268406E-2;1,347400E-2;9,352427E-1;;
30/11/2021  14:47:40,476983;9,426219E-1;1,045400E-2;1,473773E-2;9,353910E-1;;
30/11/2021  14:47:40,477083;9,432000E-1;2,808078E-3;5,891631E-3;9,355454E-1;;
30/11/2021  14:47:40,477183;9,438110E-1;1,586986E-2;1,947671E-2;9,357059E-1;;
30/11/2021  14:47:40,477283;9,451342E-1;1,905566E-2;2,137230E-2;9,358724E-1;;
30/11/2021  14:47:40,477383;9,445799E-1;2,160430E-2;2,927060E-2;9,360449E-1;;
30/11/2021  14:47:40,477483;9,455515E-1;1,682560E-2;1,884484E-2;9,362235E-1;;
30/11/2021  14:47:40,477583;9,461028E-1;1,523270E-2;2,042450E-2;9,364083E-1;;
30/11/2021  14:47:40,477683;9,479208E-1;9,774492E-2;8,929768E-2;9,365994E-1;;
30/11/2021  14:47:40,477783;9,480907E-1;1,216384E-1;1,193112E-1;9,367971E-1;;
30/11/2021  14:47:40,477883;9,481443E-1;6,588692E-2;7,286922E-2;9,370017E-1;;
30/11/2021  14:47:40,477983;9,489013E-1;1,296029E-1;1,328963E-1;9,372135E-1;;
30/11/2021  14:47:40,478083;9,489699E-1;1,053908E-1;9,751191E-2;9,374328E-1;;
30/11/2021  14:47:40,478183;9,497567E-1;4,804644E-2;7,381701E-2;9,376598E-1;;
30/11/2021  14:47:40,478283;9,502991E-1;1,232313E-1;1,303688E-1;9,378946E-1;;
30/11/2021  14:47:40,478383;9,509727E-1;1,002936E-1;1,139404E-1;9,381374E-1;;
30/11/2021  14:47:40,478483;9,510531E-1;8,723178E-2;8,297904E-2;9,383885E-1;;
30/11/2021  14:47:40,478583;9,517595E-1;1,493549E-1;1,679647E-1;9,386479E-1;;
30/11/2021  14:47:40,478683;9,509518E-1;1,254614E-1;1,013031E-1;9,389157E-1;;
30/11/2021  14:47:40,478783;9,519025E-1;1,015679E-1;1,003553E-1;9,391919E-1;;
30/11/2021  14:47:40,478883;9,517684E-1;1,429833E-1;1,521681E-1;9,394763E-1;;
30/11/2021  14:47:40,478983;9,530231E-1;1,286472E-1;1,281573E-1;9,397688E-1;;
30/11/2021  14:47:40,479083;9,531900E-1;1,206827E-1;1,240502E-1;9,400693E-1;;
30/11/2021  14:47:40,479183;9,527638E-1;1,276914E-1;1,398468E-1;9,403775E-1;;
30/11/2021  14:47:40,479283;9,533807E-1;1,241871E-1;1,275255E-1;9,406934E-1;;
30/11/2021  14:47:40,479383;9,531244E-1;1,203641E-1;1,227865E-1;9,410165E-1;;
30/11/2021  14:47:40,479483;9,529605E-1;1,219570E-1;1,237343E-1;9,413465E-1;;
30/11/2021  14:47:40,479583;9,532883E-1;1,031608E-1;1,170997E-1;9,416829E-1;;
30/11/2021  14:47:40,479683;9,538099E-1;1,260985E-1;1,436380E-1;9,420251E-1;;
30/11/2021  14:47:40,479783;9,540602E-1;1,216384E-1;1,208909E-1;9,423728E-1;;
30/11/2021  14:47:40,479883;9,538367E-1;9,615202E-2;7,192142E-2;9,427253E-1;;
30/11/2021  14:47:40,479983;9,534374E-1;6,429402E-2;7,444887E-2;9,430821E-1;;
30/11/2021  14:47:40,480083;9,530380E-1;1,117624E-1;9,751191E-2;9,434426E-1;;
30/11/2021  14:47:40,480183;9,533897E-1;1,257800E-1;1,284732E-1;9,438060E-1;;
30/11/2021  14:47:40,480283;9,536162E-1;7,831154E-2;1,291051E-1;9,441715E-1;;
30/11/2021  14:47:40,480383;9,535923E-1;1,053908E-1;1,126766E-1;9,445384E-1;;
30/11/2021  14:47:40,480483;9,531662E-1;1,232313E-1;1,670170E-1;9,449059E-1;;
30/11/2021  14:47:40,480583;9,526297E-1;1,547707E-1;1,635417E-1;9,452732E-1;;
30/11/2021  14:47:40,480683;9,518608E-1;1,219570E-1;1,262617E-1;9,456394E-1;;
30/11/2021  14:47:40,480783;9,514495E-1;1,359745E-1;1,486929E-1;9,460035E-1;;
30/11/2021  14:47:40,480883;9,511813E-1;1,340630E-1;1,483770E-1;9,463645E-1;;
30/11/2021  14:47:40,480983;9,511246E-1;9,901924E-2;7,476481E-2;9,467213E-1;;
30/11/2021  14:47:40,481083;9,504332E-1;1,461691E-1;1,407946E-1;9,470727E-1;;
30/11/2021  14:47:40,481183;9,503378E-1;1,060280E-1;9,814378E-2;9,474176E-1;;
30/11/2021  14:47:40,481283;9,495600E-1;4,231200E-2;8,139938E-2;9,477552E-1;;
30/11/2021  14:47:40,481383;9,489431E-1;1,165411E-1;1,328963E-1;9,480841E-1;;
30/11/2021  14:47:40,481483;9,479089E-1;1,366117E-1;1,382671E-1;9,484033E-1;;
30/11/2021  14:47:40,481583;9,476109E-1;1,025236E-1;1,114129E-1;9,487117E-1;;
30/11/2021  14:47:40,481683;9,477241E-1;1,248242E-1;1,249980E-1;9,490080E-1;;
30/11/2021  14:47:40,481783;9,474708E-1;1,337445E-1;1,050943E-1;9,492913E-1;;
30/11/2021  14:47:40,481883;9,464277E-1;9,201048E-2;1,379512E-1;9,495606E-1;;
30/11/2021  14:47:40,481983;9,461088E-1;1,458505E-1;2,042969E-1;9,498148E-1;;
30/11/2021  14:47:40,482083;9,452833E-1;-7,046532E-2;5,891631E-3;9,500533E-1;;
30/11/2021  14:47:40,482183;9,448362E-1;1,280100E-1;1,240502E-1;9,502750E-1;;
30/11/2021  14:47:40,482283;9,451581E-1;1,222756E-1;1,253139E-1;9,504791E-1;;
30/11/2021  14:47:40,482383;9,451879E-1;9,201048E-2;8,329497E-2;9,506649E-1;;
30/11/2021  14:47:40,482483;9,451491E-1;1,206827E-1;1,212068E-1;9,508320E-1;;
30/11/2021  14:47:40,482583;9,447498E-1;1,149482E-1;1,022509E-1;9,509800E-1;;
30/11/2021  14:47:40,482683;9,439481E-1;1,085766E-1;9,087734E-2;9,511087E-1;;
30/11/2021  14:47:40,482783;9,433729E-1;1,044351E-1;1,082536E-1;9,512178E-1;;
30/11/2021  14:47:40,482883;9,428096E-1;2,128572E-2;7,918786E-2;9,513071E-1;;
30/11/2021  14:47:40,482983;9,434623E-1;3,530324E-2;9,340479E-2;9,513764E-1;;
30/11/2021  14:47:40,483083;9,432328E-1;1,394789E-1;1,439539E-1;9,514256E-1;;
30/11/2021  14:47:40,483183;9,428573E-1;8,542518E-3;4,311971E-3;9,514548E-1;;
30/11/2021  14:47:40,483283;9,423268E-1;1,077258E-2;1,726518E-2;9,514643E-1;;
30/11/2021  14:47:40,483383;9,416205E-1;7,257710E-2;6,718244E-2;9,514541E-1;;
30/11/2021  14:47:40,483483;9,410870E-1;9,551486E-2;1,006712E-1;9,514246E-1;;
30/11/2021  14:47:40,483583;9,408963E-1;9,870066E-2;1,085695E-1;9,513757E-1;;
30/11/2021  14:47:40,483683;9,406072E-1;9,742634E-2;9,688005E-2;9,513079E-1;;
30/11/2021  14:47:40,483783;9,406787E-1;1,034794E-1;1,114129E-1;9,512213E-1;;
30/11/2021  14:47:40,483883;9,402108E-1;1,053908E-1;1,073058E-1;9,511163E-1;;
30/11/2021  14:47:40,483983;9,398859E-1;7,576290E-2;7,571260E-2;9,509935E-1;;
30/11/2021  14:47:40,484083;9,389740E-1;7,257710E-2;6,907803E-2;9,508531E-1;;
30/11/2021  14:47:40,484183;9,379547E-1;7,321426E-2;8,045158E-2;9,506956E-1;;
30/11/2021  14:47:40,484283;9,387832E-1;1,018865E-1;9,845971E-2;9,505215E-1;;
30/11/2021  14:47:40,484383;9,382229E-1;9,997498E-2;1,360556E-1;9,503311E-1;;
30/11/2021  14:47:40,484483;9,376179E-1;2,064856E-2;3,653703E-2;9,501249E-1;;
30/11/2021  14:47:40,484583;9,373020E-1;8,563888E-2;9,814378E-2;9,499034E-1;;
30/11/2021  14:47:40,484683;9,360473E-1;6,939130E-2;8,550650E-2;9,496672E-1;;
30/11/2021  14:47:40,484783;9,356956E-1;-1,407666E-2;2,863873E-2;9,494167E-1;;
30/11/2021  14:47:40,484883;9,349237E-1;8,691320E-2;1,031987E-1;9,491523E-1;;
30/11/2021  14:47:40,484983;9,347390E-1;1,098510E-1;1,256299E-1;9,488743E-1;;
30/11/2021  14:47:40,485083;9,346019E-1;1,171783E-1;1,243661E-1;9,485831E-1;;
30/11/2021  14:47:40,485183;9,338747E-1;1,347002E-1;1,524841E-1;9,482791E-1;;
30/11/2021  14:47:40,485283;9,331683E-1;1,267357E-1;1,262617E-1;9,479627E-1;;
30/11/2021  14:47:40,485383;9,327451E-1;1,477620E-1;1,325804E-1;9,476345E-1;;
30/11/2021  14:47:40,485483;9,317825E-1;2,041506E-1;2,055607E-1;9,472947E-1;;
30/11/2021  14:47:40,485583;9,315381E-1;6,238254E-2;6,086380E-2;9,469437E-1;;
30/11/2021  14:47:40,485683;9,316245E-1;6,206396E-2;8,392683E-2;9,465818E-1;;
30/11/2021  14:47:40,485783;9,313682E-1;1,841850E-2;4,380347E-2;9,462095E-1;;
30/11/2021  14:47:40,485883;9,306798E-1;1,299215E-1;1,092014E-1;9,458273E-1;;
30/11/2021  14:47:40,485983;9,300748E-1;1,362931E-1;1,221546E-1;9,454357E-1;;
30/11/2021  14:47:40,486083;9,300033E-1;1,366117E-1;1,556434E-1;9,450351E-1;;
30/11/2021  14:47:40,486183;9,294310E-1;1,315144E-1;1,306848E-1;9,446261E-1;;
30/11/2021  14:47:40,486283;9,296426E-1;9,806350E-2;9,972343E-2;9,442091E-1;;
30/11/2021  14:47:40,486383;9,297797E-1;1,194084E-1;1,240502E-1;9,437847E-1;;
30/11/2021  14:47:40,486483;9,293387E-1;9,264764E-2;8,961361E-2;9,433537E-1;;
30/11/2021  14:47:40,486583;9,288529E-1;1,254614E-1;1,287892E-1;9,429167E-1;;
30/11/2021  14:47:40,486683;9,291598E-1;1,238685E-1;1,256299E-1;9,424743E-1;;
30/11/2021  14:47:40,486783;9,293059E-1;1,292843E-1;1,272095E-1;9,420275E-1;;
30/11/2021  14:47:40,486883;9,291986E-1;1,315144E-1;1,256299E-1;9,415769E-1;;
30/11/2021  14:47:40,486983;9,297112E-1;1,296029E-1;1,284732E-1;9,411234E-1;;
30/11/2021  14:47:40,487083;9,300033E-1;8,563888E-2;1,009872E-1;9,406679E-1;;
30/11/2021  14:47:40,487183;9,294936E-1;1,127182E-1;1,117289E-1;9,402115E-1;;
30/11/2021  14:47:40,487283;9,296784E-1;1,311958E-1;1,357397E-1;9,397552E-1;;
30/11/2021  14:47:40,487383;9,295652E-1;1,018865E-1;8,392683E-2;9,393000E-1;;
30/11/2021  14:47:40,487483;9,297380E-1;1,404346E-1;1,600664E-1;9,388467E-1;;
30/11/2021  14:47:40,487583;9,301284E-1;1,732484E-1;2,102996E-1;9,383963E-1;;
30/11/2021  14:47:40,487683;9,304861E-1;9,041758E-2;8,487463E-2;9,379499E-1;;
30/11/2021  14:47:40,487783;9,309272E-1;1,334259E-1;1,281573E-1;9,375083E-1;;
30/11/2021  14:47:40,487883;9,307841E-1;1,296029E-1;1,531159E-1;9,370727E-1;;
30/11/2021  14:47:40,487983;9,317676E-1;1,292843E-1;1,306848E-1;9,366442E-1;;
30/11/2021  14:47:40,488083;9,313682E-1;1,404346E-1;1,335282E-1;9,362236E-1;;
30/11/2021  14:47:40,488183;9,315709E-1;1,334259E-1;1,297370E-1;9,358122E-1;;
30/11/2021  14:47:40,488283;9,317706E-1;1,410718E-1;1,550115E-1;9,354107E-1;;
30/11/2021  14:47:40,488383;9,322772E-1;1,308772E-1;1,253139E-1;9,350201E-1;;
30/11/2021  14:47:40,488483;9,326915E-1;1,464877E-1;1,619620E-1;9,346413E-1;;
30/11/2021  14:47:40,488583;9,324948E-1;1,302401E-1;1,202590E-1;9,342751E-1;;
30/11/2021  14:47:40,488683;9,325008E-1;9,933782E-2;1,060421E-1;9,339224E-1;;
30/11/2021  14:47:40,488783;9,325276E-1;1,308772E-1;1,382671E-1;9,335836E-1;;
30/11/2021  14:47:40,488883;9,330789E-1;1,468062E-1;1,635417E-1;9,332595E-1;;
30/11/2021  14:47:40,488983;9,337286E-1;1,146297E-1;1,044624E-1;9,329506E-1;;
30/11/2021  14:47:40,489083;9,338896E-1;1,315144E-1;1,417424E-1;9,326575E-1;;
30/11/2021  14:47:40,489183;9,344797E-1;1,716555E-1;2,210413E-1;9,323806E-1;;
30/11/2021  14:47:40,489283;9,342442E-1;1,598680E-1;1,796542E-1;9,321206E-1;;
30/11/2021  14:47:40,489383;9,351443E-1;1,203641E-1;1,227865E-1;9,318778E-1;;
30/11/2021  14:47:40,489483;9,348731E-1;1,302401E-1;1,300529E-1;9,316527E-1;;
30/11/2021  14:47:40,489583;9,355436E-1;1,331073E-1;1,300529E-1;9,314455E-1;;
30/11/2021  14:47:40,489683;9,365033E-1;1,273729E-1;1,275255E-1;9,312566E-1;;
30/11/2021  14:47:40,489783;9,366791E-1;1,047537E-1;7,350108E-2;9,310863E-1;;
30/11/2021  14:47:40,489883;9,378027E-1;1,315144E-1;1,303688E-1;9,309349E-1;;
30/11/2021  14:47:40,489983;9,373080E-1;1,311958E-1;1,287892E-1;9,308028E-1;;
30/11/2021  14:47:40,490083;9,372245E-1;1,225942E-1;1,107811E-1;9,306902E-1;;
30/11/2021  14:47:40,490183;9,383392E-1;1,235499E-1;1,306848E-1;9,305971E-1;;
30/11/2021  14:47:40,490283;9,386372E-1;5,123224E-2;1,114129E-1;9,305237E-1;;
30/11/2021  14:47:40,490383;9,392273E-1;3,594040E-2;1,095173E-1;9,304700E-1;;
30/11/2021  14:47:40,490483;9,391707E-1;1,401161E-1;1,512204E-1;9,304360E-1;;
30/11/2021  14:47:40,490583;9,393674E-1;-4,434176E-2;-2,638533E-3;9,304217E-1;;
30/11/2021  14:47:40,490683;9,394449E-1;1,522221E-1;1,483770E-1;9,304269E-1;;
30/11/2021  14:47:40,490783;9,367507E-1;4,199342E-2;2,958653E-2;9,304513E-1;;
30/11/2021  14:47:40,490883;9,374570E-1;6,142680E-2;8,771802E-2;9,304943E-1;;
30/11/2021  14:47:40,490983;9,378921E-1;1,076209E-1;1,148882E-1;9,305549E-1;;
30/11/2021  14:47:40,491083;9,375196E-1;1,210013E-1;1,208909E-1;9,306323E-1;;
30/11/2021  14:47:40,491183;9,381842E-1;1,372488E-1;1,401627E-1;9,307256E-1;;
30/11/2021  14:47:40,491283;9,387177E-1;1,289658E-1;1,221546E-1;9,308339E-1;;
30/11/2021  14:47:40,491383;9,403717E-1;1,292843E-1;1,291051E-1;9,309564E-1;;
30/11/2021  14:47:40,491483;9,410155E-1;1,343816E-1;1,398468E-1;9,310926E-1;;
30/11/2021  14:47:40,491583;9,417218E-1;1,738855E-1;1,733356E-1;9,312422E-1;;
30/11/2021  14:47:40,491683;9,424281E-1;1,404346E-1;1,316326E-1;9,314046E-1;;
30/11/2021  14:47:40,491783;9,422910E-1;1,487177E-1;1,502726E-1;9,315799E-1;;
30/11/2021  14:47:40,491883;9,428692E-1;1,222756E-1;1,281573E-1;9,317675E-1;;
30/11/2021  14:47:40,491983;9,440107E-1;6,907272E-2;6,907803E-2;9,319674E-1;;
30/11/2021  14:47:40,492083;9,442342E-1;1,213198E-1;1,268936E-1;9,321792E-1;;
30/11/2021  14:47:40,492183;9,450478E-1;9,838208E-2;9,245700E-2;9,324027E-1;;
30/11/2021  14:47:40,492283;9,451193E-1;1,098510E-1;1,363715E-1;9,326378E-1;;
30/11/2021  14:47:40,492383;9,449167E-1;1,050723E-1;1,170997E-1;9,328843E-1;;
30/11/2021  14:47:40,492483;9,449286E-1;1,426647E-1;1,313166E-1;9,331419E-1;;
30/11/2021  14:47:40,492583;9,452862E-1;9,392196E-2;1,104651E-1;9,334101E-1;;
30/11/2021  14:47:40,492683;9,452415E-1;8,850610E-2;1,079377E-1;9,336884E-1;;
30/11/2021  14:47:40,492783;9,457571E-1;9,169190E-2;8,866581E-2;9,339764E-1;;
30/11/2021  14:47:40,492883;9,452505E-1;1,018865E-1;1,079377E-1;9,342734E-1;;
30/11/2021  14:47:40,492983;9,443653E-1;1,037979E-1;1,139404E-1;9,345788E-1;;
30/11/2021  14:47:40,493083;9,446187E-1;9,360338E-2;9,688005E-2;9,348917E-1;;
30/11/2021  14:47:40,493183;9,442372E-1;9,997498E-2;1,278414E-1;9,352114E-1;;
30/11/2021  14:47:40,493283;9,437693E-1;1,117624E-1;1,357397E-1;9,355366E-1;;
30/11/2021  14:47:40,493383;9,437335E-1;8,277166E-2;9,372073E-2;9,358665E-1;;
30/11/2021  14:47:40,493483;9,437454E-1;9,774492E-2;1,281573E-1;9,361999E-1;;
30/11/2021  14:47:40,493583;9,435547E-1;4,400978E-3;3,716890E-2;9,365357E-1;;
30/11/2021  14:47:40,493683;9,426397E-1;1,139925E-1;1,648054E-1;9,368728E-1;;
30/11/2021  14:47:40,493783;9,416175E-1;1,582751E-1;2,093518E-1;9,372100E-1;;
30/11/2021  14:47:40,493883;9,416056E-1;1,299215E-1;1,341600E-1;9,375460E-1;;
30/11/2021  14:47:40,493983;9,419692E-1;1,534964E-1;1,480610E-1;9,378795E-1;;
30/11/2021  14:47:40,494083;9,425146E-1;1,764342E-1;1,569071E-1;9,382092E-1;;
30/11/2021  14:47:40,494183;9,420854E-1;1,585937E-1;1,531159E-1;9,385342E-1;;
30/11/2021  14:47:40,494283;9,408694E-1;1,773899E-1;1,723878E-1;9,388534E-1;;
30/11/2021  14:47:40,494383;9,401810E-1;1,601866E-1;1,452176E-1;9,391659E-1;;
30/11/2021  14:47:40,494483;9,398442E-1;1,315144E-1;1,177316E-1;9,394703E-1;;
30/11/2021  14:47:40,494583;9,391677E-1;1,245056E-1;1,366875E-1;9,397657E-1;;
30/11/2021  14:47:40,494683;9,394091E-1;1,248242E-1;1,202590E-1;9,400509E-1;;
30/11/2021  14:47:40,494783;9,393525E-1;1,302401E-1;1,139404E-1;9,403247E-1;;
30/11/2021  14:47:40,494883;9,385359E-1;9,201048E-2;7,729226E-2;9,405865E-1;;
30/11/2021  14:47:40,494983;9,376120E-1;5,824100E-2;8,076751E-2;9,408351E-1;;
30/11/2021  14:47:40,495083;9,369921E-1;1,343816E-1;1,524841E-1;9,410698E-1;;
30/11/2021  14:47:40,495183;9,366136E-1;1,483991E-1;1,866047E-1;9,412895E-1;;
30/11/2021  14:47:40,495283;9,359132E-1;1,222756E-1;1,231024E-1;9,414935E-1;;
30/11/2021  14:47:40,495383;9,360324E-1;1,155854E-1;1,174156E-1;9,416809E-1;;
30/11/2021  14:47:40,495483;9,363900E-1;1,264171E-1;1,461654E-1;9,418509E-1;;
30/11/2021  14:47:40,495583;9,353887E-1;1,480806E-1;1,376353E-1;9,420031E-1;;
30/11/2021  14:47:40,495683;9,355794E-1;1,101695E-1;1,202590E-1;9,421369E-1;;
30/11/2021  14:47:40,495783;9,346615E-1;1,114439E-1;1,205749E-1;9,422521E-1;;
30/11/2021  14:47:40,495883;9,339760E-1;1,165411E-1;1,088855E-1;9,423483E-1;;
30/11/2021  14:47:40,495983;9,340714E-1;1,050723E-1;1,050943E-1;9,424252E-1;;
30/11/2021  14:47:40,496083;9,340356E-1;7,990444E-2;8,266311E-2;9,424826E-1;;
30/11/2021  14:47:40,496183;9,343783E-1;1,050723E-1;9,182514E-2;9,425204E-1;;
30/11/2021  14:47:40,496283;9,338777E-1;1,178155E-1;1,101492E-1;9,425387E-1;;
30/11/2021  14:47:40,496383;9,336780E-1;4,549780E-2;1,852891E-2;9,425376E-1;;
30/11/2021  14:47:40,496483;9,331356E-1;1,245056E-1;1,193112E-1;9,425176E-1;;
30/11/2021  14:47:40,496583;9,330640E-1;1,254614E-1;1,265777E-1;9,424787E-1;;
30/11/2021  14:47:40,496683;9,323041E-1;1,168597E-1;1,069899E-1;9,424213E-1;;
30/11/2021  14:47:40,496783;9,331981E-1;2,319720E-2;1,568552E-2;9,423459E-1;;
30/11/2021  14:47:40,496883;9,323577E-1;7,162136E-2;5,865227E-2;9,422527E-1;;
30/11/2021  14:47:40,496983;9,321044E-1;1,439390E-1;1,679647E-1;9,421424E-1;;
30/11/2021  14:47:40,497083;9,310911E-1;1,385232E-1;1,474292E-1;9,420155E-1;;
30/11/2021  14:47:40,497183;9,308705E-1;3,625898E-2;5,454516E-2;9,418724E-1;;
30/11/2021  14:47:40,497283;9,306351E-1;1,267357E-1;1,193112E-1;9,417136E-1;;
30/11/2021  14:47:40,497383;9,305725E-1;1,270543E-1;1,272095E-1;9,415396E-1;;
30/11/2021  14:47:40,497483;9,303728E-1;1,037979E-1;8,803395E-2;9,413507E-1;;
30/11/2021  14:47:40,497583;9,294281E-1;1,168597E-1;1,177316E-1;9,411478E-1;;
30/11/2021  14:47:40,497683;9,288111E-1;1,273729E-1;1,246821E-1;9,409311E-1;;
30/11/2021  14:47:40,497783;9,281138E-1;9,137332E-2;9,308886E-2;9,407012E-1;;
30/11/2021  14:47:40,497883;9,283969E-1;1,461691E-1;1,685966E-1;9,404586E-1;;
30/11/2021  14:47:40,497983;9,281585E-1;1,238685E-1;1,278414E-1;9,402036E-1;;
30/11/2021  14:47:40,498083;9,284058E-1;1,197269E-1;1,227865E-1;9,399368E-1;;
30/11/2021  14:47:40,498183;9,280810E-1;1,222756E-1;1,177316E-1;9,396588E-1;;
30/11/2021  14:47:40,498283;9,276548E-1;9,774492E-2;9,624818E-2;9,393703E-1;;
30/11/2021  14:47:40,498383;9,273001E-1;1,363980E-2;7,634447E-2;9,390719E-1;;
30/11/2021  14:47:40,498483;9,272435E-1;9,901924E-2;1,174156E-1;9,387643E-1;;
30/11/2021  14:47:40,498583;9,266802E-1;1,369303E-1;1,351078E-1;9,384482E-1;;
30/11/2021  14:47:40,498683;9,271809E-1;1,114439E-1;1,170997E-1;9,381242E-1;;
30/11/2021  14:47:40,498783;9,272912E-1;1,270543E-1;1,278414E-1;9,377930E-1;;
30/11/2021  14:47:40,498883;9,274998E-1;1,276914E-1;1,272095E-1;9,374554E-1;;
30/11/2021  14:47:40,498983;9,265640E-1;1,302401E-1;1,306848E-1;9,371123E-1;;
30/11/2021  14:47:40,499083;9,257981E-1;1,353374E-1;1,306848E-1;9,367644E-1;;
30/11/2021  14:47:40,499183;9,254434E-1;1,334259E-1;1,370034E-1;9,364124E-1;;
30/11/2021  14:47:40,499283;9,253778E-1;1,579565E-1;1,591187E-1;9,360568E-1;;
30/11/2021  14:47:40,499383;9,257623E-1;1,174969E-1;1,167838E-1;9,356983E-1;;
30/11/2021  14:47:40,499483;9,262183E-1;1,034794E-1;1,155200E-1;9,353374E-1;;
30/11/2021  14:47:40,499583;9,257057E-1;1,006121E-1;1,066739E-1;9,349748E-1;;
30/11/2021  14:47:40,499683;9,247162E-1;1,155854E-1;1,142563E-1;9,346112E-1;;
30/11/2021  14:47:40,499783;9,242394E-1;1,149482E-1;1,328963E-1;9,342473E-1;;
30/11/2021  14:47:40,499883;9,235002E-1;9,232906E-2;1,268936E-1;9,338834E-1;;
30/11/2021  14:47:40,499983;9,239264E-1;1,417090E-1;1,392149E-1;9,335199E-1;;
30/11/2021  14:47:40,500083;9,249755E-1;1,200455E-1;1,303688E-1;9,331572E-1;;
30/11/2021  14:47:40,500183;9,253570E-1;1,159040E-1;1,161519E-1;9,327958E-1;;
30/11/2021  14:47:40,500283;9,257683E-1;1,369303E-1;1,471132E-1;9,324364E-1;;
30/11/2021  14:47:40,500383;9,259053E-1;1,273729E-1;1,310007E-1;9,320797E-1;;
30/11/2021  14:47:40,500483;9,261080E-1;1,264171E-1;1,158360E-1;9,317266E-1;;
30/11/2021  14:47:40,500583;9,266713E-1;1,280100E-1;1,600664E-1;9,313779E-1;;
30/11/2021  14:47:40,500683;9,272793E-1;1,555128E-2;7,666040E-2;9,310345E-1;;
30/11/2021  14:47:40,500783;9,284386E-1;1,331073E-1;1,133085E-1;9,306974E-1;;
30/11/2021  14:47:40,500883;9,296248E-1;1,267357E-1;1,268936E-1;9,303676E-1;;
30/11/2021  14:47:40,500983;9,300152E-1;1,069837E-1;7,666040E-2;9,300463E-1;;
30/11/2021  14:47:40,501083;9,298811E-1;1,241871E-1;9,530039E-2;9,297347E-1;;
30/11/2021  14:47:40,501183;9,306798E-1;1,264171E-1;1,382671E-1;9,294342E-1;;
30/11/2021  14:47:40,501283;9,317229E-1;1,292843E-1;1,319485E-1;9,291457E-1;;
30/11/2021  14:47:40,501383;9,321580E-1;1,022050E-1;8,740209E-2;9,288705E-1;;
30/11/2021  14:47:40,501483;9,337286E-1;1,324701E-1;1,316326E-1;9,286097E-1;;
30/11/2021  14:47:40,501583;9,337614E-1;8,786894E-2;1,085695E-1;9,283645E-1;;
30/11/2021  14:47:40,501683;9,341995E-1;1,407532E-1;1,828136E-1;9,281361E-1;;
30/11/2021  14:47:40,501783;9,341071E-1;1,366117E-1;1,338441E-1;9,279256E-1;;
30/11/2021  14:47:40,501883;9,343128E-1;1,331073E-1;1,268936E-1;9,277337E-1;;
30/11/2021  14:47:40,501983;9,354363E-1;1,289658E-1;1,199431E-1;9,275613E-1;;
30/11/2021  14:47:40,502083;9,363364E-1;1,394789E-1;1,328963E-1;9,274090E-1;;
30/11/2021  14:47:40,502183;9,369533E-1;1,410718E-1;1,351078E-1;9,272776E-1;;
30/11/2021  14:47:40,502283;9,370368E-1;1,372488E-1;1,319485E-1;9,271676E-1;;
30/11/2021  14:47:40,502383;9,367030E-1;1,159040E-1;1,101492E-1;9,270797E-1;;
30/11/2021  14:47:40,502483;9,369444E-1;1,203641E-1;1,253139E-1;9,270141E-1;;
30/11/2021  14:47:40,502583;9,377312E-1;1,159040E-1;1,158360E-1;9,269710E-1;;
30/11/2021  14:47:40,502683;9,384673E-1;1,174969E-1;1,215227E-1;9,269505E-1;;
30/11/2021  14:47:40,502783;9,396743E-1;-2,458980E-2;1,133085E-1;9,269527E-1;;
30/11/2021  14:47:40,502883;9,400826E-1;6,047106E-2;7,539667E-2;9,269777E-1;;
30/11/2021  14:47:40,502983;9,406340E-1;1,296029E-1;1,575390E-1;9,270256E-1;;
30/11/2021  14:47:40,503083;9,410095E-1;1,171783E-1;1,253139E-1;9,270965E-1;;
30/11/2021  14:47:40,503183;9,418052E-1;9,838208E-2;1,101492E-1;9,271904E-1;;
30/11/2021  14:47:40,503283;9,417754E-1;1,047537E-1;1,227865E-1;9,273071E-1;;
30/11/2021  14:47:40,503383;9,426934E-1;-5,804070E-2;3,306178E-2;9,274464E-1;;
30/11/2021  14:47:40,503483;9,437603E-1;1,015679E-1;1,095173E-1;9,276083E-1;;
30/11/2021  14:47:40,503583;9,440822E-1;1,082581E-1;1,382671E-1;9,277924E-1;;
30/11/2021  14:47:40,503683;9,442849E-1;1,471248E-1;1,534319E-1;9,279985E-1;;
30/11/2021  14:47:40,503783;9,437395E-1;1,114439E-1;1,158360E-1;9,282263E-1;;
30/11/2021  14:47:40,503883;9,441984E-1;9,870066E-2;1,208909E-1;9,284752E-1;;
30/11/2021  14:47:40,503983;9,440375E-1;1,286472E-1;1,657532E-1;9,287446E-1;;
30/11/2021  14:47:40,504083;9,446216E-1;1,190898E-1;1,123607E-1;9,290336E-1;;
30/11/2021  14:47:40,504183;9,448124E-1;1,382046E-1;1,493248E-1;9,293414E-1;;
30/11/2021  14:47:40,504283;9,452177E-1;8,054160E-2;7,760819E-2;9,296671E-1;;
30/11/2021  14:47:40,504383;9,446425E-1;1,780271E-1;1,872366E-1;9,300097E-1;;
30/11/2021  14:47:40,504483;9,447110E-1;1,863102E-1;1,663851E-1;9,303683E-1;;
30/11/2021  14:47:40,504583;9,437961E-1;1,793014E-1;1,916596E-1;9,307417E-1;;
30/11/2021  14:47:40,504683;9,456230E-1;1,671954E-1;1,581709E-1;9,311285E-1;;
30/11/2021  14:47:40,504783;9,461803E-1;1,576380E-1;1,477451E-1;9,315277E-1;;
30/11/2021  14:47:40,504883;9,471400E-1;1,069837E-1;9,751191E-2;9,319380E-1;;
30/11/2021  14:47:40,504983;9,470357E-1;1,334259E-1;1,328963E-1;9,323587E-1;;
30/11/2021  14:47:40,505083;9,467615E-1;1,315144E-1;1,338441E-1;9,327888E-1;;
30/11/2021  14:47:40,505183;9,469850E-1;1,410718E-1;1,379512E-1;9,332275E-1;;
30/11/2021  14:47:40,505283;9,474827E-1;1,471248E-1;1,404787E-1;9,336735E-1;;
30/11/2021  14:47:40,505383;9,479715E-1;1,219570E-1;1,518522E-1;9,341261E-1;;
30/11/2021  14:47:40,505483;9,486242E-1;6,811698E-2;1,120448E-1;9,345843E-1;;
30/11/2021  14:47:40,505583;9,496107E-1;1,321516E-1;1,534319E-1;9,350474E-1;;
30/11/2021  14:47:40,505683;9,498610E-1;6,949618E-3;1,347400E-2;9,355145E-1;;
30/11/2021  14:47:40,505783;9,495689E-1;8,965980E-4;3,680107E-3;9,359852E-1;;
30/11/2021  14:47:40,505883;9,498103E-1;8,223938E-3;9,682815E-3;9,364587E-1;;
30/11/2021  14:47:40,505983;9,503349E-1;3,126658E-3;5,259767E-3;9,369344E-1;;
30/11/2021  14:47:40,506083;9,508147E-1;3,126658E-3;5,575699E-3;9,374116E-1;;
30/11/2021  14:47:40,506183;9,507312E-1;1,533758E-3;3,680107E-3;9,378897E-1;;
30/11/2021  14:47:40,506283;9,518429E-1;8,223938E-3;9,998747E-3;9,383682E-1;;
30/11/2021  14:47:40,506383;9,514853E-1;5,675298E-3;7,155359E-3;9,388464E-1;;
30/11/2021  14:47:40,506483;9,510591E-1;5,675298E-3;8,103155E-3;9,393239E-1;;
30/11/2021  14:47:40,506583;9,516373E-1;2,808078E-3;5,575699E-3;9,398001E-1;;
30/11/2021  14:47:40,506683;9,519830E-1;1,852338E-3;4,627903E-3;9,402744E-1;;
30/11/2021  14:47:40,506783;9,532228E-1;1,852338E-3;3,364175E-3;9,407462E-1;;
30/11/2021  14:47:40,506883;9,539857E-1;3,126658E-3;4,627903E-3;9,412152E-1;;
30/11/2021  14:47:40,506983;9,541258E-1;1,215178E-3;3,680107E-3;9,416811E-1;;
30/11/2021  14:47:40,507083;9,545431E-1;2,808078E-3;4,311971E-3;9,421438E-1;;
30/11/2021  14:47:40,507183;9,555534E-1;5,993878E-3;7,787223E-3;9,426031E-1;;
30/11/2021  14:47:40,507283;9,554193E-1;1,533758E-3;3,680107E-3;9,430590E-1;;
30/11/2021  14:47:40,507383;9,561673E-1;1,852338E-3;3,996039E-3;9,435115E-1;;
30/11/2021  14:47:40,507483;9,571925E-1;3,763818E-3;5,575699E-3;9,439604E-1;;
30/11/2021  14:47:40,507583;9,570048E-1;3,445238E-3;5,259767E-3;9,444060E-1;;
30/11/2021  14:47:40,507683;9,575234E-1;1,215178E-3;3,364175E-3;9,448483E-1;;
30/11/2021  14:47:40,507783;9,566352E-1;3,763818E-3;5,575699E-3;9,452873E-1;;
30/11/2021  14:47:40,507883;9,568081E-1;8,965980E-4;3,364175E-3;9,457230E-1;;
30/11/2021  14:47:40,507983;9,562716E-1;1,533758E-3;2,732311E-3;9,461551E-1;;
30/11/2021  14:47:40,508083;9,566531E-1;8,965980E-4;3,364175E-3;9,465833E-1;;
30/11/2021  14:47:40,508183;9,566173E-1;8,965980E-4;3,048243E-3;9,470073E-1;;
30/11/2021  14:47:40,508283;9,566233E-1;1,215178E-3;3,680107E-3;9,474267E-1;;
30/11/2021  14:47:40,508383;9,557829E-1;8,965980E-4;3,048243E-3;9,478412E-1;;
30/11/2021  14:47:40,508483;9,549454E-1;8,965980E-4;3,680107E-3;9,482501E-1;;
30/11/2021  14:47:40,508583;9,547517E-1;1,533758E-3;3,048243E-3;9,486529E-1;;
30/11/2021  14:47:40,508683;9,540006E-1;1,215178E-3;3,364175E-3;9,490488E-1;;
30/11/2021  14:47:40,508783;9,541824E-1;1,215178E-3;3,364175E-3;9,494369E-1;;
30/11/2021  14:47:40,508883;9,533807E-1;1,215178E-3;3,048243E-3;9,498165E-1;;
30/11/2021  14:47:40,508983;9,525910E-1;4,082398E-3;7,787223E-3;9,501865E-1;;
30/11/2021  14:47:40,509083;9,513661E-1;1,215178E-3;3,364175E-3;9,505462E-1;;
30/11/2021  14:47:40,509183;9,500309E-1;1,533758E-3;3,680107E-3;9,508945E-1;;
30/11/2021  14:47:40,509283;9,494736E-1;9,498258E-3;1,126247E-2;9,512300E-1;;
30/11/2021  14:47:40,509383;9,493812E-1;5,993878E-3;8,419087E-3;9,515516E-1;;
30/11/2021  14:47:40,509483;9,491189E-1;1,395838E-2;1,663332E-2;9,518581E-1;;
30/11/2021  14:47:40,509583;9,483977E-1;8,223938E-3;1,126247E-2;9,521483E-1;;
30/11/2021  14:47:40,509683;9,476109E-1;1,650702E-2;1,852891E-2;9,524214E-1;;
30/11/2021  14:47:40,509783;9,466184E-1;1,523270E-2;1,284213E-2;9,526762E-1;;
30/11/2021  14:47:40,509883;9,453607E-1;1,077258E-2;1,126247E-2;9,529117E-1;;
30/11/2021  14:47:40,509983;9,444845E-1;1,363980E-2;1,947671E-2;9,531270E-1;;
30/11/2021  14:47:40,510083;9,439451E-1;1,778134E-2;2,010857E-2;9,533209E-1;;
30/11/2021  14:47:40,510183;9,430361E-1;1,778134E-2;1,979264E-2;9,534924E-1;;
30/11/2021  14:47:40,510283;9,426368E-1;4,836502E-2;5,865227E-2;9,536406E-1;;
30/11/2021  14:47:40,510383;9,407204E-1;8,149734E-2;1,237343E-1;9,537647E-1;;
30/11/2021  14:47:40,510483;9,393674E-1;1,746276E-2;2,105637E-2;9,538636E-1;;
30/11/2021  14:47:40,510583;9,378444E-1;9,487770E-2;1,047783E-1;9,539364E-1;;
30/11/2021  14:47:40,510683;9,367179E-1;1,143111E-1;1,351078E-1;9,539822E-1;;
30/11/2021  14:47:40,510783;9,352486E-1;1,746276E-2;2,863873E-2;9,539999E-1;;
30/11/2021  14:47:40,510883;9,344976E-1;1,292843E-1;1,303688E-1;9,539884E-1;;
30/11/2021  14:47:40,510983;9,335230E-1;1,356559E-1;1,404787E-1;9,539469E-1;;
30/11/2021  14:47:40,511083;9,324620E-1;1,248242E-1;1,231024E-1;9,538746E-1;;
30/11/2021  14:47:40,511183;9,315024E-1;1,426647E-1;1,366875E-1;9,537708E-1;;
30/11/2021  14:47:40,511283;9,305725E-1;1,461691E-1;1,347919E-1;9,536348E-1;;
30/11/2021  14:47:40,511383;9,301135E-1;8,372740E-2;8,834988E-2;9,534662E-1;;
30/11/2021  14:47:40,511483;9,301135E-1;1,111253E-1;1,066739E-1;9,532647E-1;;
30/11/2021  14:47:40,511583;9,300420E-1;1,378860E-1;1,667010E-1;9,530304E-1;;
30/11/2021  14:47:40,511683;9,293595E-1;3,148028E-2;6,970989E-2;9,527633E-1;;
30/11/2021  14:47:40,511783;9,285668E-1;1,241871E-1;1,351078E-1;9,524640E-1;;
30/11/2021  14:47:40,511883;9,280601E-1;1,139925E-1;1,133085E-1;9,521329E-1;;
30/11/2021  14:47:40,511983;9,270766E-1;9,774492E-2;9,845971E-2;9,517707E-1;;
30/11/2021  14:47:40,512083;9,275505E-1;1,382046E-1;1,376353E-1;9,513780E-1;;
30/11/2021  14:47:40,512183;9,272912E-1;1,229127E-1;1,259458E-1;9,509558E-1;;
30/11/2021  14:47:40,512283;9,266236E-1;1,334259E-1;1,284732E-1;9,505051E-1;;
30/11/2021  14:47:40,512383;9,264180E-1;1,534964E-1;1,562753E-1;9,500270E-1;;
30/11/2021  14:47:40,512483;9,258487E-1;1,315144E-1;1,253139E-1;9,495228E-1;;
30/11/2021  14:47:40,512583;9,255477E-1;1,203641E-1;1,186794E-1;9,489939E-1;;
30/11/2021  14:47:40,512683;9,254941E-1;1,652839E-1;1,704922E-1;9,484415E-1;;
30/11/2021  14:47:40,512783;9,253242E-1;1,636910E-1;1,477451E-1;9,478672E-1;;
30/11/2021  14:47:40,512883;9,261289E-1;2,287862E-2;4,601499E-2;9,472725E-1;;
30/11/2021  14:47:40,512983;9,262242E-1;2,287862E-2;6,149566E-2;9,466592E-1;;
30/11/2021  14:47:40,513083;9,260573E-1;1,002936E-1;1,095173E-1;9,460290E-1;;
30/11/2021  14:47:40,513183;9,259471E-1;1,002936E-1;9,530039E-2;9,453841E-1;;
30/11/2021  14:47:40,513283;9,256639E-1;1,114439E-1;1,310007E-1;9,447263E-1;;
30/11/2021  14:47:40,513383;9,252705E-1;1,053908E-1;1,158360E-1;9,440574E-1;;
30/11/2021  14:47:40,513483;9,255686E-1;1,101695E-1;1,202590E-1;9,433795E-1;;
30/11/2021  14:47:40,513583;9,260156E-1;1,101695E-1;1,177316E-1;9,426943E-1;;
30/11/2021  14:47:40,513683;9,262302E-1;-9,297962E-3;5,833634E-2;9,420038E-1;;
30/11/2021  14:47:40,513783;9,261766E-1;9,360338E-2;9,719598E-2;9,413099E-1;;
30/11/2021  14:47:40,513883;9,259858E-1;9,774492E-2;1,088855E-1;9,406145E-1;;
30/11/2021  14:47:40,513983;9,259292E-1;9,424054E-2;1,088855E-1;9,399195E-1;;
30/11/2021  14:47:40,514083;9,259381E-1;8,659462E-2;1,060421E-1;9,392268E-1;;
30/11/2021  14:47:40,514183;9,266504E-1;8,404598E-2;1,050943E-1;9,385379E-1;;
30/11/2021  14:47:40,514283;9,275117E-1;7,926728E-2;9,782784E-2;9,378547E-1;;
30/11/2021  14:47:40,514383;9,272465E-1;1,015679E-1;1,117289E-1;9,371789E-1;;
30/11/2021  14:47:40,514483;9,279558E-1;1,139925E-1;1,227865E-1;9,365124E-1;;
30/11/2021  14:47:40,514583;9,273359E-1;1,232313E-1;1,038306E-1;9,358567E-1;;
30/11/2021  14:47:40,514683;9,276756E-1;1,538150E-1;1,641736E-1;9,352135E-1;;
30/11/2021  14:47:40,514783;9,279975E-1;1,713369E-1;1,758630E-1;9,345842E-1;;
30/11/2021  14:47:40,514883;9,288469E-1;1,433019E-1;1,215227E-1;9,339702E-1;;
30/11/2021  14:47:40,514983;9,282300E-1;1,726112E-1;1,480610E-1;9,333730E-1;;
30/11/2021  14:47:40,515083;9,278872E-1;-1,970622E-3;5,991600E-2;9,327936E-1;;
30/11/2021  14:47:40,515183;9,276607E-1;1,133553E-1;1,221546E-1;9,322331E-1;;
30/11/2021  14:47:40,515283;9,278098E-1;1,289658E-1;1,284732E-1;9,316924E-1;;
30/11/2021  14:47:40,515383;9,281704E-1;1,232313E-1;1,278414E-1;9,311722E-1;;
30/11/2021  14:47:40,515483;9,286740E-1;1,276914E-1;1,123607E-1;9,306730E-1;;
30/11/2021  14:47:40,515583;9,294549E-1;1,159040E-1;1,069899E-1;9,301957E-1;;
30/11/2021  14:47:40,515683;9,294340E-1;1,331073E-1;1,341600E-1;9,297407E-1;;
30/11/2021  14:47:40,515783;9,290794E-1;1,531778E-1;1,411105E-1;9,293087E-1;;
30/11/2021  14:47:40,515883;9,292939E-1;7,703722E-2;7,476481E-2;9,289001E-1;;
30/11/2021  14:47:40,515983;9,296158E-1;9,455912E-2;8,203124E-2;9,285152E-1;;
30/11/2021  14:47:40,516083;9,295562E-1;1,050723E-1;9,782784E-2;9,281543E-1;;
30/11/2021  14:47:40,516183;9,305725E-1;1,149482E-1;9,466852E-2;9,278174E-1;;
30/11/2021  14:47:40,516283;9,305755E-1;9,551486E-2;9,972343E-2;9,275048E-1;;
30/11/2021  14:47:40,516383;9,310642E-1;-8,660802E-3;-1,085277E-2;9,272166E-1;;
30/11/2021  14:47:40,516483;9,313593E-1;1,534964E-1;1,594346E-1;9,269528E-1;;
30/11/2021  14:47:40,516583;9,310881E-1;1,315144E-1;1,445858E-1;9,267134E-1;;
30/11/2021  14:47:40,516683;9,310911E-1;6,047106E-2;6,686651E-2;9,264984E-1;;
30/11/2021  14:47:40,516783;9,319822E-1;1,178155E-1;1,199431E-1;9,263075E-1;;
30/11/2021  14:47:40,516883;9,325842E-1;1,210013E-1;1,259458E-1;9,261406E-1;;
30/11/2021  14:47:40,516983;9,331356E-1;1,190898E-1;1,218387E-1;9,259974E-1;;
30/11/2021  14:47:40,517083;9,323368E-1;1,241871E-1;1,249980E-1;9,258777E-1;;
30/11/2021  14:47:40,517183;9,320686E-1;1,311958E-1;1,294210E-1;9,257813E-1;;
30/11/2021  14:47:40,517283;9,314904E-1;1,289658E-1;1,240502E-1;9,257075E-1;;
30/11/2021  14:47:40,517383;9,322146E-1;1,178155E-1;1,092014E-1;9,256557E-1;;
30/11/2021  14:47:40,517483;9,316692E-1;8,404598E-2;9,308886E-2;9,256251E-1;;
30/11/2021  14:47:40,517583;9,325008E-1;5,569236E-2;5,865227E-2;9,256150E-1;;
30/11/2021  14:47:40,517683;9,327511E-1;7,193994E-2;1,142563E-1;9,256244E-1;;
30/11/2021  14:47:40,517783;9,323666E-1;9,360338E-2;9,593225E-2;9,256527E-1;;
30/11/2021  14:47:40,517883;9,328465E-1;1,362931E-1;1,708081E-1;9,256989E-1;;
30/11/2021  14:47:40,517983;9,329001E-1;1,646467E-1;2,112474E-1;9,257623E-1;;
30/11/2021  14:47:40,518083;9,330730E-1;1,280100E-1;1,275255E-1;9,258421E-1;;
30/11/2021  14:47:40,518183;9,337495E-1;1,162226E-1;1,224705E-1;9,259373E-1;;
30/11/2021  14:47:40,518283;9,357135E-1;1,130368E-1;1,234183E-1;9,260473E-1;;
30/11/2021  14:47:40,518383;9,361039E-1;1,245056E-1;1,354238E-1;9,261716E-1;;
30/11/2021  14:47:40,518483;9,360652E-1;1,299215E-1;1,407946E-1;9,263096E-1;;
30/11/2021  14:47:40,518583;9,358536E-1;1,139925E-1;1,152041E-1;9,264612E-1;;
30/11/2021  14:47:40,518683;9,363722E-1;1,292843E-1;1,275255E-1;9,266258E-1;;
30/11/2021  14:47:40,518783;9,371113E-1;1,362931E-1;1,332122E-1;9,268029E-1;;
30/11/2021  14:47:40,518883;9,381305E-1;1,213198E-1;1,224705E-1;9,269920E-1;;
30/11/2021  14:47:40,518983;9,385388E-1;1,200455E-1;1,246821E-1;9,271929E-1;;
30/11/2021  14:47:40,519083;9,388637E-1;1,248242E-1;1,120448E-1;9,274052E-1;;
30/11/2021  14:47:40,519183;9,387117E-1;1,270543E-1;1,360556E-1;9,276288E-1;;
30/11/2021  14:47:40,519283;9,386849E-1;1,407532E-1;1,436380E-1;9,278631E-1;;
30/11/2021  14:47:40,519383;9,387475E-1;1,388417E-1;2,273600E-1;9,281078E-1;;
30/11/2021  14:47:40,519483;9,396266E-1;1,305587E-1;1,234183E-1;9,283623E-1;;
30/11/2021  14:47:40,519583;9,402585E-1;1,866287E-1;2,118793E-1;9,286262E-1;;
30/11/2021  14:47:40,519683;9,406340E-1;1,283286E-1;1,189953E-1;9,288990E-1;;
30/11/2021  14:47:40,519783;9,407711E-1;9,901924E-2;2,033491E-1;9,291804E-1;;
30/11/2021  14:47:40,519883;9,407949E-1;1,442576E-1;1,641736E-1;9,294701E-1;;
30/11/2021  14:47:40,519983;9,406489E-1;1,273729E-1;1,278414E-1;9,297674E-1;;
30/11/2021  14:47:40,520083;9,417456E-1;1,554079E-1;1,667010E-1;9,300720E-1;;
30/11/2021  14:47:40,520183;9,419751E-1;1,426647E-1;1,505885E-1;9,303834E-1;;
30/11/2021  14:47:40,520283;9,431613E-1;5,378088E-2;6,718244E-2;9,307011E-1;;
30/11/2021  14:47:40,520383;9,440286E-1;1,496735E-1;1,328963E-1;9,310249E-1;;
30/11/2021  14:47:40,520483;9,440137E-1;2,893164E-2;6,591871E-2;9,313546E-1;;
30/11/2021  14:47:40,520583;9,442491E-1;8,818752E-2;5,233363E-2;9,316900E-1;;
30/11/2021  14:47:40,520683;9,450836E-1;1,241871E-1;1,196272E-1;9,320310E-1;;
30/11/2021  14:47:40,520783;9,456111E-1;1,490363E-1;1,606983E-1;9,323773E-1;;
30/11/2021  14:47:40,520883;9,462161E-1;1,264171E-1;1,224705E-1;9,327288E-1;;
30/11/2021  14:47:40,520983;9,475483E-1;1,362931E-1;1,344760E-1;9,330854E-1;;
30/11/2021  14:47:40,521083;9,476288E-1;1,506292E-1;1,597505E-1;9,334471E-1;;
30/11/2021  14:47:40,521183;9,476943E-1;5,038138E-3;1,303688E-1;9,338139E-1;;
30/11/2021  14:47:40,521283;9,476168E-1;1,630538E-1;1,695444E-1;9,341858E-1;;
30/11/2021  14:47:40,521383;9,484364E-1;5,505520E-2;8,203124E-2;9,345626E-1;;
30/11/2021  14:47:40,521483;9,486957E-1;1,241871E-1;1,262617E-1;9,349441E-1;;
30/11/2021  14:47:40,521583;9,490146E-1;1,343816E-1;1,284732E-1;9,353302E-1;;
30/11/2021  14:47:40,521683;9,496107E-1;1,347002E-1;1,234183E-1;9,357207E-1;;
30/11/2021  14:47:40,521783;9,494467E-1;1,359745E-1;1,243661E-1;9,361152E-1;;
30/11/2021  14:47:40,521883;9,485735E-1;1,203641E-1;1,158360E-1;9,365137E-1;;
30/11/2021  14:47:40,521983;9,488447E-1;6,556834E-2;8,677022E-2;9,369155E-1;;
30/11/2021  14:47:40,522083;9,485377E-1;1,885402E-1;1,249980E-1;9,373202E-1;;
30/11/2021  14:47:40,522183;9,489133E-1;9,901924E-2;1,145722E-1;9,377271E-1;;
30/11/2021  14:47:40,522283;9,489788E-1;1,283286E-1;1,420583E-1;9,381356E-1;;
30/11/2021  14:47:40,522383;9,491904E-1;1,487177E-1;1,505885E-1;9,385449E-1;;
30/11/2021  14:47:40,522483;9,486123E-1;1,362931E-1;1,764949E-1;9,389545E-1;;
30/11/2021  14:47:40,522583;9,480698E-1;9,806350E-2;1,019350E-1;9,393636E-1;;
30/11/2021  14:47:40,522683;9,476496E-1;1,133553E-1;1,114129E-1;9,397715E-1;;
30/11/2021  14:47:40,522783;9,471012E-1;1,426647E-1;1,363715E-1;9,401770E-1;;
30/11/2021  14:47:40,522883;9,471608E-1;1,413904E-1;1,411105E-1;9,405793E-1;;
30/11/2021  14:47:40,522983;9,466274E-1;1,216384E-1;1,158360E-1;9,409774E-1;;
30/11/2021  14:47:40,523083;9,467585E-1;1,213198E-1;1,284732E-1;9,413701E-1;;
30/11/2021  14:47:40,523183;9,462787E-1;1,206827E-1;1,095173E-1;9,417565E-1;;
30/11/2021  14:47:40,523283;9,453697E-1;1,194084E-1;1,088855E-1;9,421356E-1;;
30/11/2021  14:47:40,523383;9,439332E-1;1,095324E-1;1,085695E-1;9,425064E-1;;
30/11/2021  14:47:40,523483;9,437782E-1;1,037979E-1;1,063580E-1;9,428676E-1;;
30/11/2021  14:47:40,523583;9,439868E-1;1,101695E-1;1,098333E-1;9,432180E-1;;
30/11/2021  14:47:40,523683;9,425801E-1;1,410718E-1;1,866047E-1;9,435564E-1;;
30/11/2021  14:47:40,523783;9,412777E-1;1,178155E-1;1,243661E-1;9,438817E-1;;
30/11/2021  14:47:40,523883;9,399932E-1;9,838208E-2;1,076217E-1;9,441926E-1;;
30/11/2021  14:47:40,523983;9,393078E-1;6,652408E-2;8,992954E-2;9,444877E-1;;
30/11/2021  14:47:40,524083;9,381663E-1;8,914326E-2;1,063580E-1;9,447657E-1;;
30/11/2021  14:47:40,524183;9,373914E-1;8,245308E-2;1,066739E-1;9,450250E-1;;
30/11/2021  14:47:40,524283;9,364616E-1;9,870066E-2;1,117289E-1;9,452643E-1;;
30/11/2021  14:47:40,524383;9,363394E-1;1,009307E-1;1,092014E-1;9,454823E-1;;
30/11/2021  14:47:40,524483;9,355734E-1;1,589123E-1;1,610142E-1;9,456778E-1;;
30/11/2021  14:47:40,524583;9,340565E-1;1,232313E-1;1,319485E-1;9,458498E-1;;
30/11/2021  14:47:40,524683;9,333650E-1;1,382046E-1;1,351078E-1;9,459971E-1;;
30/11/2021  14:47:40,524783;9,328077E-1;1,847173E-1;1,129926E-1;9,461189E-1;;
30/11/2021  14:47:40,524883;9,329478E-1;1,477620E-1;1,471132E-1;9,462141E-1;;
30/11/2021  14:47:40,524983;9,333025E-1;1,898145E-1;1,730197E-1;9,462822E-1;;
30/11/2021  14:47:40,525083;9,327094E-1;1,719741E-1;1,493248E-1;9,463228E-1;;
30/11/2021  14:47:40,525183;9,319494E-1;1,751599E-1;1,584868E-1;9,463356E-1;;
30/11/2021  14:47:40,525283;9,312639E-1;1,480806E-1;1,186794E-1;9,463207E-1;;
30/11/2021  14:47:40,525383;9,305040E-1;1,477620E-1;1,597505E-1;9,462779E-1;;
30/11/2021  14:47:40,525483;9,309570E-1;1,611423E-1;1,764949E-1;9,462073E-1;;
30/11/2021  14:47:40,525583;9,309480E-1;1,423461E-1;1,420583E-1;9,461092E-1;;
30/11/2021  14:47:40,525683;9,307811E-1;1,229127E-1;1,227865E-1;9,459839E-1;;
30/11/2021  14:47:40,525783;9,305904E-1;8,965980E-4;3,996039E-3;9,458320E-1;;
30/11/2021  14:47:40,525883;9,300301E-1;2,489498E-3;4,627903E-3;9,456542E-1;;
30/11/2021  14:47:40,525983;9,293238E-1;4,719558E-3;7,155359E-3;9,454514E-1;;
30/11/2021  14:47:40,526083;9,294757E-1;7,268198E-3;9,366883E-3;9,452242E-1;;
30/11/2021  14:47:40,526183;9,293327E-1;9,498258E-3;1,094654E-2;9,449736E-1;;
30/11/2021  14:47:40,526283;9,298662E-1;4,400978E-3;5,891631E-3;9,447005E-1;;
30/11/2021  14:47:40,526383;9,300390E-1;1,852338E-3;3,680107E-3;9,444061E-1;;
30/11/2021  14:47:40,526483;9,295741E-1;1,533758E-3;3,680107E-3;9,440916E-1;;
30/11/2021  14:47:40,526583;9,297142E-1;5,038138E-3;6,207563E-3;9,437584E-1;;
30/11/2021  14:47:40,526683;9,304861E-1;1,215178E-3;3,680107E-3;9,434078E-1;;
30/11/2021  14:47:40,526783;9,304950E-1;5,780180E-4;3,680107E-3;9,430414E-1;;
30/11/2021  14:47:40,526883;9,313682E-1;6,631038E-3;8,419087E-3;9,426607E-1;;
30/11/2021  14:47:40,526983;9,321103E-1;6,949618E-3;9,366883E-3;9,422676E-1;;
30/11/2021  14:47:40,527083;9,329359E-1;1,852338E-3;3,680107E-3;9,418640E-1;;
30/11/2021  14:47:40,527183;9,340744E-1;5,780180E-4;3,364175E-3;9,414517E-1;;
30/11/2021  14:47:40,527283;9,338419E-1;1,215178E-3;3,364175E-3;9,410331E-1;;
30/11/2021  14:47:40,527383;9,348582E-1;1,533758E-3;3,364175E-3;9,406102E-1;;
30/11/2021  14:47:40,527483;9,356986E-1;8,965980E-4;3,364175E-3;9,401852E-1;;
30/11/2021  14:47:40,527583;9,362857E-1;1,533758E-3;3,048243E-3;9,397603E-1;;
30/11/2021  14:47:40,527683;9,378355E-1;1,215178E-3;3,680107E-3;9,393377E-1;;
30/11/2021  14:47:40,527783;9,383481E-1;3,445238E-3;5,259767E-3;9,389198E-1;;
30/11/2021  14:47:40,527883;9,385090E-1;1,215178E-3;3,048243E-3;9,385087E-1;;
30/11/2021  14:47:40,527983;9,387385E-1;8,965980E-4;3,996039E-3;9,381067E-1;;
30/11/2021  14:47:40,528083;9,392750E-1;1,852338E-3;3,048243E-3;9,377157E-1;;
30/11/2021  14:47:40,528183;9,397637E-1;1,215178E-3;3,364175E-3;9,373377E-1;;
30/11/2021  14:47:40,528283;9,401571E-1;8,965980E-4;3,364175E-3;9,369743E-1;;
30/11/2021  14:47:40,528383;9,408039E-1;8,965980E-4;3,680107E-3;9,366271E-1;;
30/11/2021  14:47:40,528483;9,409767E-1;2,594380E-4;2,732311E-3;9,362978E-1;;
30/11/2021  14:47:40,528583;9,412509E-1;1,215178E-3;3,048243E-3;9,359876E-1;;
30/11/2021  14:47:40,528683;9,405982E-1;1,215178E-3;4,311971E-3;9,356977E-1;;
30/11/2021  14:47:40,528783;9,410065E-1;5,780180E-4;3,048243E-3;9,354290E-1;;
30/11/2021  14:47:40,528883;9,412122E-1;1,215178E-3;3,364175E-3;9,351824E-1;;
30/11/2021  14:47:40,528983;9,422910E-1;1,215178E-3;3,048243E-3;9,349583E-1;;
30/11/2021  14:47:40,529083;9,429616E-1;1,215178E-3;3,048243E-3;9,347574E-1;;
30/11/2021  14:47:40,529183;9,431732E-1;5,356718E-3;8,103155E-3;9,345802E-1;;
30/11/2021  14:47:40,529283;9,430570E-1;7,586778E-3;9,998747E-3;9,344272E-1;;
30/11/2021  14:47:40,529383;9,428454E-1;1,395838E-2;1,600145E-2;9,342986E-1;;
30/11/2021  14:47:40,529483;9,430540E-1;1,332122E-2;1,442179E-2;9,341945E-1;;
30/11/2021  14:47:40,529583;9,439391E-1;1,013542E-2;1,157841E-2;9,341148E-1;;
30/11/2021  14:47:40,529683;9,448720E-1;8,542518E-3;1,694925E-2;9,340595E-1;;
30/11/2021  14:47:40,529783;9,450687E-1;7,586778E-3;1,094654E-2;9,340285E-1;;
30/11/2021  14:47:40,529883;9,450091E-1;1,172832E-2;1,789705E-2;9,340216E-1;;
30/11/2021  14:47:40,529983;9,449524E-1;1,618844E-2;1,821298E-2;9,340387E-1;;
30/11/2021  14:47:40,530083;9,449316E-1;4,358632E-2;4,569906E-2;9,340792E-1;;
30/11/2021  14:47:40,530183;9,453905E-1;1,618844E-2;1,916077E-2;9,341428E-1;;
30/11/2021  14:47:40,530283;9,458376E-1;1,618844E-2;1,852891E-2;9,342287E-1;;
30/11/2021  14:47:40,530383;9,466572E-1;1,302401E-1;1,265777E-1;9,343365E-1;;
30/11/2021  14:47:40,530483;9,468241E-1;5,824100E-2;7,255328E-2;9,344654E-1;;
30/11/2021  14:47:40,530583;9,463711E-1;1,280100E-1;1,420583E-1;9,346149E-1;;
30/11/2021  14:47:40,530683;9,458555E-1;1,181340E-1;1,193112E-1;9,347842E-1;;
30/11/2021  14:47:40,530783;9,458138E-1;1,267357E-1;1,224705E-1;9,349725E-1;;
30/11/2021  14:47:40,530883;9,460552E-1;1,025236E-1;9,751191E-2;9,351786E-1;;
30/11/2021  14:47:40,530983;9,471221E-1;1,347002E-1;1,338441E-1;9,354014E-1;;
30/11/2021  14:47:40,531083;9,469045E-1;8,086018E-2;1,044624E-1;9,356401E-1;;
30/11/2021  14:47:40,531183;9,477748E-1;1,146297E-1;1,158360E-1;9,358935E-1;;
30/11/2021  14:47:40,531283;9,474768E-1;1,085766E-1;9,214107E-2;9,361608E-1;;
30/11/2021  14:47:40,531383;9,475751E-1;1,216384E-1;1,752312E-1;9,364411E-1;;
30/11/2021  14:47:40,531483;9,481145E-1;1,391603E-1;1,347919E-1;9,367333E-1;;
30/11/2021  14:47:40,531583;9,491070E-1;1,308772E-1;1,275255E-1;9,370365E-1;;
30/11/2021  14:47:40,531683;9,501024E-1;1,171783E-1;1,278414E-1;9,373500E-1;;
30/11/2021  14:47:40,531783;9,511425E-1;1,254614E-1;1,221546E-1;9,376731E-1;;
30/11/2021  14:47:40,531883;9,511813E-1;8,436456E-2;1,338441E-1;9,380052E-1;;
30/11/2021  14:47:40,531983;9,515061E-1;1,308772E-1;1,316326E-1;9,383460E-1;;
30/11/2021  14:47:40,532083;9,514555E-1;1,251428E-1;1,262617E-1;9,386950E-1;;
30/11/2021  14:47:40,532183;9,514525E-1;1,534964E-1;1,660692E-1;9,390516E-1;;
30/11/2021  14:47:40,532283;9,526476E-1;1,547707E-1;1,505885E-1;9,394152E-1;;
30/11/2021  14:47:40,532383;9,531513E-1;7,926728E-2;9,751191E-2;9,397853E-1;;
30/11/2021  14:47:40,532483;9,534165E-1;1,238685E-1;1,126766E-1;9,401615E-1;;
30/11/2021  14:47:40,532583;9,528741E-1;1,254614E-1;1,221546E-1;9,405434E-1;;
30/11/2021  14:47:40,532683;9,526327E-1;1,331073E-1;1,344760E-1;9,409303E-1;;
30/11/2021  14:47:40,532783;9,525910E-1;1,178155E-1;1,306848E-1;9,413217E-1;;
30/11/2021  14:47:40,532883;9,527340E-1;9,774492E-2;1,499566E-1;9,417168E-1;;
30/11/2021  14:47:40,532983;9,533211E-1;1,331073E-1;1,278414E-1;9,421149E-1;;
30/11/2021  14:47:40,533083;9,536847E-1;1,407532E-1;1,373193E-1;9,425152E-1;;
30/11/2021  14:47:40,533183;9,538039E-1;1,378860E-1;1,379512E-1;9,429171E-1;;
30/11/2021  14:47:40,533283;9,530678E-1;1,165411E-1;1,281573E-1;9,433201E-1;;
30/11/2021  14:47:40,533383;9,533480E-1;1,149482E-1;1,202590E-1;9,437232E-1;;
30/11/2021  14:47:40,533483;9,527340E-1;1,410718E-1;1,376353E-1;9,441259E-1;;
30/11/2021  14:47:40,533583;9,533152E-1;1,066652E-1;1,152041E-1;9,445274E-1;;
30/11/2021  14:47:40,533683;9,539738E-1;1,085766E-1;1,196272E-1;9,449268E-1;;
30/11/2021  14:47:40,533783;9,543255E-1;1,108067E-1;1,057261E-1;9,453235E-1;;
30/11/2021  14:47:40,533883;9,543136E-1;1,085766E-1;1,155200E-1;9,457169E-1;;
30/11/2021  14:47:40,533983;9,540692E-1;8,659462E-2;8,139938E-2;9,461067E-1;;
30/11/2021  14:47:40,534083;9,537026E-1;6,078964E-2;4,791059E-2;9,464922E-1;;
30/11/2021  14:47:40,534183;9,537980E-1;1,044351E-1;1,553275E-1;9,468728E-1;;
30/11/2021  14:47:40,534283;9,529993E-1;9,997498E-2;1,180475E-1;9,472480E-1;;
30/11/2021  14:47:40,534383;9,533748E-1;-8,352710E-2;5,612482E-2;9,476170E-1;;
30/11/2021  14:47:40,534483;9,527996E-1;5,951532E-2;1,297370E-1;9,479793E-1;;
30/11/2021  14:47:40,534583;9,529784E-1;8,595746E-2;1,114129E-1;9,483341E-1;;
30/11/2021  14:47:40,534683;9,519323E-1;7,703722E-2;1,031987E-1;9,486809E-1;;
30/11/2021  14:47:40,534783;9,510591E-1;1,114439E-1;1,347919E-1;9,490188E-1;;
30/11/2021  14:47:40,534883;9,498699E-1;7,671864E-2;1,098333E-1;9,493470E-1;;
30/11/2021  14:47:40,534983;9,499474E-1;1,461691E-1;1,521681E-1;9,496646E-1;;
30/11/2021  14:47:40,535083;9,501322E-1;1,251428E-1;1,224705E-1;9,499706E-1;;
30/11/2021  14:47:40,535183;9,494855E-1;1,362931E-1;1,335282E-1;9,502641E-1;;
30/11/2021  14:47:40,535283;9,484334E-1;1,550893E-1;1,322644E-1;9,505443E-1;;
30/11/2021  14:47:40,535383;9,481891E-1;1,633724E-1;1,376353E-1;9,508103E-1;;
30/11/2021  14:47:40,535483;9,473605E-1;1,420275E-1;1,221546E-1;9,510614E-1;;
30/11/2021  14:47:40,535583;9,476288E-1;1,012493E-1;1,123607E-1;9,512967E-1;;
30/11/2021  14:47:40,535683;9,473963E-1;1,366117E-1;1,240502E-1;9,515155E-1;;
30/11/2021  14:47:40,535783;9,474738E-1;1,332122E-2;1,189434E-2;9,517172E-1;;
30/11/2021  14:47:40,535883;9,475423E-1;6,631038E-3;2,705907E-2;9,519013E-1;;
30/11/2021  14:47:40,535983;9,466900E-1;1,187712E-1;1,275255E-1;9,520676E-1;;
30/11/2021  14:47:40,536083;9,459181E-1;6,907272E-2;8,171531E-2;9,522157E-1;;
30/11/2021  14:47:40,536183;9,453131E-1;1,092138E-1;1,088855E-1;9,523454E-1;;
30/11/2021  14:47:40,536283;9,452445E-1;1,197269E-1;1,196272E-1;9,524563E-1;;
30/11/2021  14:47:40,536383;9,457005E-1;8,755036E-2;8,898175E-2;9,525482E-1;;
30/11/2021  14:47:40,536483;9,452743E-1;1,037979E-1;1,073058E-1;9,526209E-1;;
30/11/2021  14:47:40,536583;9,449644E-1;1,133553E-1;1,145722E-1;9,526747E-1;;
30/11/2021  14:47:40,536683;9,441835E-1;1,197269E-1;1,180475E-1;9,527094E-1;;
30/11/2021  14:47:40,536783;9,437454E-1;1,260985E-1;1,152041E-1;9,527253E-1;;
30/11/2021  14:47:40,536883;9,431285E-1;1,273729E-1;1,142563E-1;9,527223E-1;;
30/11/2021  14:47:40,536983;9,426725E-1;9,806350E-2;9,782784E-2;9,527006E-1;;
30/11/2021  14:47:40,537083;9,431821E-1;1,222756E-1;1,234183E-1;9,526603E-1;;
30/11/2021  14:47:40,537183;9,424430E-1;9,742634E-2;1,063580E-1;9,526017E-1;;
30/11/2021  14:47:40,537283;9,418917E-1;-4,200682E-3;2,416379E-3;9,525249E-1;;
30/11/2021  14:47:40,537383;9,411913E-1;1,047537E-1;8,771802E-2;9,524302E-1;;
30/11/2021  14:47:40,537483;9,402436E-1;1,359745E-1;1,471132E-1;9,523180E-1;;
30/11/2021  14:47:40,537583;9,394568E-1;1,296029E-1;1,313166E-1;9,521884E-1;;
30/11/2021  14:47:40,537683;9,398710E-1;1,203641E-1;1,240502E-1;9,520416E-1;;
30/11/2021  14:47:40,537783;9,396237E-1;1,222756E-1;1,240502E-1;9,518778E-1;;
30/11/2021  14:47:40,537883;9,392213E-1;1,232313E-1;1,291051E-1;9,516974E-1;;
30/11/2021  14:47:40,537983;9,383988E-1;1,267357E-1;1,202590E-1;9,515007E-1;;
30/11/2021  14:47:40,538083;9,384286E-1;1,171783E-1;1,231024E-1;9,512881E-1;;
30/11/2021  14:47:40,538183;9,372812E-1;1,229127E-1;1,218387E-1;9,510602E-1;;
30/11/2021  14:47:40,538283;9,375077E-1;1,251428E-1;1,265777E-1;9,508173E-1;;
30/11/2021  14:47:40,538383;9,375941E-1;1,369303E-1;1,439539E-1;9,505598E-1;;
30/11/2021  14:47:40,538483;9,376179E-1;8,245308E-2;1,076217E-1;9,502883E-1;;
30/11/2021  14:47:40,538583;9,368013E-1;1,280100E-1;1,202590E-1;9,500035E-1;;
30/11/2021  14:47:40,538683;9,363424E-1;1,289658E-1;1,325804E-1;9,497060E-1;;
30/11/2021  14:47:40,538783;9,350906E-1;8,054160E-2;5,580889E-2;9,493964E-1;;
30/11/2021  14:47:40,538883;9,343187E-1;1,407532E-1;1,689125E-1;9,490752E-1;;
30/11/2021  14:47:40,538983;9,337942E-1;1,159040E-1;1,885003E-1;9,487427E-1;;
30/11/2021  14:47:40,539083;9,337108E-1;1,397975E-1;1,458495E-1;9,483995E-1;;
30/11/2021  14:47:40,539183;9,329001E-1;1,190898E-1;1,243661E-1;9,480457E-1;;
30/11/2021  14:47:40,539283;9,322921E-1;1,439390E-1;1,676488E-1;9,476818E-1;;
30/11/2021  14:47:40,539383;9,315530E-1;1,235499E-1;1,272095E-1;9,473081E-1;;
30/11/2021  14:47:40,539483;9,302655E-1;1,130368E-1;1,167838E-1;9,469249E-1;;
30/11/2021  14:47:40,539583;9,297529E-1;1,222756E-1;1,316326E-1;9,465324E-1;;
30/11/2021  14:47:40,539683;9,292433E-1;1,267357E-1;1,363715E-1;9,461307E-1;;
30/11/2021  14:47:40,539783;9,291360E-1;9,997498E-2;1,044624E-1;9,457200E-1;;
30/11/2021  14:47:40,539883;9,289274E-1;1,464877E-1;1,332122E-1;9,453005E-1;;
30/11/2021  14:47:40,539983;9,278992E-1;1,082581E-1;9,277293E-2;9,448724E-1;;
30/11/2021  14:47:40,540083;9,275058E-1;1,305587E-1;1,234183E-1;9,444361E-1;;
30/11/2021  14:47:40,540183;9,268382E-1;4,517922E-2;8,708615E-2;9,439919E-1;;
30/11/2021  14:47:40,540283;9,257474E-1;1,362931E-1;1,559593E-1;9,435399E-1;;
30/11/2021  14:47:40,540383;9,257534E-1;7,958586E-2;7,760819E-2;9,430804E-1;;
30/11/2021  14:47:40,540483;9,260067E-1;1,503106E-1;1,572231E-1;9,426136E-1;;
30/11/2021  14:47:40,540583;9,256103E-1;1,503106E-1;1,768108E-1;9,421400E-1;;
30/11/2021  14:47:40,540683;9,247669E-1;1,777085E-1;2,099837E-1;9,416598E-1;;
30/11/2021  14:47:40,540783;9,243705E-1;1,267357E-1;1,328963E-1;9,411736E-1;;
30/11/2021  14:47:40,540883;9,242036E-1;1,289658E-1;1,287892E-1;9,406817E-1;;
30/11/2021  14:47:40,540983;9,240039E-1;1,286472E-1;1,268936E-1;9,401847E-1;;
30/11/2021  14:47:40,541083;9,240009E-1;1,315144E-1;1,328963E-1;9,396830E-1;;
30/11/2021  14:47:40,541183;9,247013E-1;1,308772E-1;1,253139E-1;9,391771E-1;;
30/11/2021  14:47:40,541283;9,243467E-1;1,378860E-1;1,360556E-1;9,386679E-1;;
30/11/2021  14:47:40,541383;9,241172E-1;1,397975E-1;1,388990E-1;9,381560E-1;;
30/11/2021  14:47:40,541483;9,230532E-1;1,190898E-1;1,189953E-1;9,376423E-1;;
30/11/2021  14:47:40,541583;9,231039E-1;1,149482E-1;9,972343E-2;9,371275E-1;;
30/11/2021  14:47:40,541683;9,229578E-1;1,174969E-1;1,120448E-1;9,366123E-1;;
30/11/2021  14:47:40,541783;9,233125E-1;1,576380E-1;1,401627E-1;9,360972E-1;;
30/11/2021  14:47:40,541883;9,235509E-1;1,369303E-1;1,524841E-1;9,355830E-1;;
30/11/2021  14:47:40,541983;9,234913E-1;1,273729E-1;9,940750E-2;9,350705E-1;;
30/11/2021  14:47:40,542083;9,229847E-1;1,691068E-1;2,248325E-1;9,345606E-1;;
30/11/2021  14:47:40,542183;9,233900E-1;1,315144E-1;1,319485E-1;9,340540E-1;;
30/11/2021  14:47:40,542283;9,229578E-1;1,388417E-1;1,322644E-1;9,335515E-1;;
30/11/2021  14:47:40,542383;9,236284E-1;1,206827E-1;1,322644E-1;9,330539E-1;;
30/11/2021  14:47:40,542483;9,246119E-1;1,264171E-1;1,224705E-1;9,325620E-1;;
30/11/2021  14:47:40,542583;9,253957E-1;1,315144E-1;1,388990E-1;9,320767E-1;;
30/11/2021  14:47:40,542683;9,257534E-1;1,321516E-1;1,379512E-1;9,315992E-1;;
30/11/2021  14:47:40,542783;9,257653E-1;1,388417E-1;1,328963E-1;9,311306E-1;;
30/11/2021  14:47:40,542883;9,257057E-1;1,522221E-1;1,360556E-1;9,306720E-1;;
30/11/2021  14:47:40,542983;9,261438E-1;1,292843E-1;1,234183E-1;9,302244E-1;;
30/11/2021  14:47:40,543083;9,271630E-1;1,359745E-1;1,268936E-1;9,297888E-1;;
30/11/2021  14:47:40,543183;9,277531E-1;1,401161E-1;1,584868E-1;9,293664E-1;;
30/11/2021  14:47:40,543283;9,287962E-1;9,774492E-2;7,476481E-2;9,289580E-1;;
30/11/2021  14:47:40,543383;9,290257E-1;1,397975E-1;1,509044E-1;9,285650E-1;;
30/11/2021  14:47:40,543483;9,296009E-1;1,315144E-1;1,414265E-1;9,281884E-1;;
30/11/2021  14:47:40,543583;9,294310E-1;1,248242E-1;1,310007E-1;9,278292E-1;;
30/11/2021  14:47:40,543683;9,304354E-1;1,174969E-1;1,161519E-1;9,274886E-1;;
30/11/2021  14:47:40,543783;9,317438E-1;1,152668E-1;1,189953E-1;9,271673E-1;;
30/11/2021  14:47:40,543883;9,325008E-1;1,079395E-1;9,719598E-2;9,268663E-1;;
30/11/2021  14:47:40,543983;9,338180E-1;7,799296E-2;8,929768E-2;9,265867E-1;;
30/11/2021  14:47:40,544083;9,344558E-1;1,133553E-1;1,246821E-1;9,263295E-1;;
30/11/2021  14:47:40,544183;9,343873E-1;1,117624E-1;1,196272E-1;9,260958E-1;;
30/11/2021  14:47:40,544283;9,353499E-1;1,850358E-1;1,815498E-1;9,258863E-1;;
30/11/2021  14:47:40,544383;9,368729E-1;6,620550E-2;1,101492E-1;9,257020E-1;;
30/11/2021  14:47:40,544483;9,378414E-1;1,079395E-1;8,708615E-2;9,255436E-1;;
30/11/2021  14:47:40,544583;9,390753E-1;9,105474E-2;9,277293E-2;9,254119E-1;;
30/11/2021  14:47:40,544683;9,398621E-1;-1,280234E-2;2,100447E-3;9,253078E-1;;
30/11/2021  14:47:40,544783;9,402823E-1;1,009307E-1;1,224705E-1;9,252322E-1;;
30/11/2021  14:47:40,544883;9,409737E-1;1,045400E-2;6,149566E-2;9,251855E-1;;
30/11/2021  14:47:40,544983;9,420556E-1;1,085766E-1;1,249980E-1;9,251684E-1;;
30/11/2021  14:47:40,545083;9,429914E-1;8,914326E-2;9,909157E-2;9,251814E-1;;
30/11/2021  14:47:40,545183;9,445233E-1;1,241871E-1;1,310007E-1;9,252247E-1;;
30/11/2021  14:47:40,545283;9,449912E-1;1,455319E-1;1,486929E-1;9,252989E-1;;
30/11/2021  14:47:40,545383;9,460134E-1;1,675139E-1;1,569071E-1;9,254043E-1;;
30/11/2021  14:47:40,545483;9,466542E-1;1,923632E-1;1,695444E-1;9,255411E-1;;
30/11/2021  14:47:40,545583;9,468688E-1;1,729298E-1;1,730197E-1;9,257094E-1;;
30/11/2021  14:47:40,545683;9,477897E-1;3,562182E-2;3,748483E-2;9,259092E-1;;
30/11/2021  14:47:40,545783;9,490027E-1;1,533758E-3;2,416379E-3;9,261404E-1;;
30/11/2021  14:47:40,545883;9,496494E-1;3,763818E-3;5,575699E-3;9,264026E-1;;
30/11/2021  14:47:40,545983;9,507610E-1;1,533758E-3;3,680107E-3;9,266958E-1;;
30/11/2021  14:47:40,546083;9,505435E-1;1,533758E-3;3,996039E-3;9,270195E-1;;
30/11/2021  14:47:40,546183;9,510174E-1;4,082398E-3;5,891631E-3;9,273732E-1;;
30/11/2021  14:47:40,546283;9,513154E-1;8,542518E-3;1,031468E-2;9,277564E-1;;
30/11/2021  14:47:40,546383;9,522840E-1;8,542518E-3;1,031468E-2;9,281682E-1;;
30/11/2021  14:47:40,546483;9,531423E-1;7,586778E-3;9,050951E-3;9,286077E-1;;
30/11/2021  14:47:40,546583;9,539798E-1;1,852338E-3;3,996039E-3;9,290741E-1;;
30/11/2021  14:47:40,546683;9,537592E-1;4,400978E-3;6,207563E-3;9,295665E-1;;
30/11/2021  14:47:40,546783;9,541675E-1;5,356718E-3;7,787223E-3;9,300838E-1;;
30/11/2021  14:47:40,546883;9,544119E-1;3,445238E-3;5,891631E-3;9,306250E-1;;
30/11/2021  14:47:40,546983;9,540275E-1;3,445238E-3;5,575699E-3;9,311887E-1;;
30/11/2021  14:47:40,547083;9,545609E-1;4,082398E-3;4,943835E-3;9,317736E-1;;
30/11/2021  14:47:40,547183;9,554669E-1;5,780180E-4;3,364175E-3;9,323781E-1;;
30/11/2021  14:47:40,547283;9,563670E-1;1,215178E-3;3,996039E-3;9,330009E-1;;
30/11/2021  14:47:40,547383;9,559736E-1;8,965980E-4;3,364175E-3;9,336404E-1;;
30/11/2021  14:47:40,547483;9,564057E-1;8,965980E-4;3,680107E-3;9,342954E-1;;
30/11/2021  14:47:40,547583;9,556100E-1;1,533758E-3;3,364175E-3;9,349643E-1;;
30/11/2021  14:47:40,547683;9,554938E-1;3,126658E-3;5,259767E-3;9,356454E-1;;
30/11/2021  14:47:40,547783;9,563461E-1;1,215178E-3;2,732311E-3;9,363371E-1;;
30/11/2021  14:47:40,547883;9,566263E-1;1,852338E-3;4,311971E-3;9,370376E-1;;
30/11/2021  14:47:40,547983;9,566173E-1;5,038138E-3;6,207563E-3;9,377452E-1;;
30/11/2021  14:47:40,548083;9,562597E-1;8,965980E-4;3,996039E-3;9,384584E-1;;
30/11/2021  14:47:40,548183;9,550348E-1;8,965980E-4;3,048243E-3;9,391754E-1;;
30/11/2021  14:47:40,548283;9,549812E-1;1,215178E-3;3,364175E-3;9,398944E-1;;
30/11/2021  14:47:40,548383;9,546384E-1;1,215178E-3;3,996039E-3;9,406135E-1;;
30/11/2021  14:47:40,548483;9,550169E-1;1,215178E-3;3,048243E-3;9,413306E-1;;
30/11/2021  14:47:40,548583;9,547099E-1;8,965980E-4;3,680107E-3;9,420440E-1;;
30/11/2021  14:47:40,548683;9,545043E-1;1,533758E-3;3,364175E-3;9,427519E-1;;
30/11/2021  14:47:40,548783;9,544417E-1;5,780180E-4;3,364175E-3;9,434525E-1;;
30/11/2021  14:47:40,548883;9,534314E-1;8,965980E-4;3,680107E-3;9,441441E-1;;
30/11/2021  14:47:40,548983;9,531840E-1;1,215178E-3;4,627903E-3;9,448250E-1;;
30/11/2021  14:47:40,549083;9,539380E-1;4,400978E-3;7,155359E-3;9,454935E-1;;
30/11/2021  14:47:40,549183;9,538665E-1;1,852338E-3;3,680107E-3;9,461481E-1;;
30/11/2021  14:47:40,549283;9,542093E-1;9,816838E-3;1,536959E-2;9,467874E-1;;
30/11/2021  14:47:40,549383;9,544387E-1;1,491412E-2;1,663332E-2;9,474103E-1;;
30/11/2021  14:47:40,549483;9,538099E-1;1,491412E-2;1,347400E-2;9,480157E-1;;
30/11/2021  14:47:40,549583;9,537205E-1;1,746276E-2;2,137230E-2;9,486028E-1;;
30/11/2021  14:47:40,549683;9,533897E-1;1,395838E-2;1,600145E-2;9,491705E-1;;
30/11/2021  14:47:40,549783;9,533927E-1;1,459554E-2;1,726518E-2;9,497181E-1;;
30/11/2021  14:47:40,549883;9,536341E-1;1,586986E-2;1,852891E-2;9,502449E-1;;
30/11/2021  14:47:40,549983;9,538546E-1;1,523270E-2;1,852891E-2;9,507501E-1;;
30/11/2021  14:47:40,550083;9,538218E-1;1,200455E-1;1,189953E-1;9,512333E-1;;
30/11/2021  14:47:40,550183;9,530916E-1;6,684266E-2;7,192142E-2;9,516943E-1;;
30/11/2021  14:47:40,550283;9,525105E-1;6,461260E-2;6,781430E-2;9,521326E-1;;
30/11/2021  14:47:40,550383;9,522363E-1;1,841850E-2;1,947671E-2;9,525479E-1;;
30/11/2021  14:47:40,550483;9,520098E-1;1,184526E-1;1,347919E-1;9,529398E-1;;
30/11/2021  14:47:40,550583;9,518012E-1;1,778134E-2;2,579535E-2;9,533081E-1;;
30/11/2021  14:47:40,550683;9,522303E-1;1,245056E-1;1,218387E-1;9,536525E-1;;
30/11/2021  14:47:40,550783;9,514644E-1;1,337445E-1;1,366875E-1;9,539730E-1;;
30/11/2021  14:47:40,550883;9,510412E-1;1,397975E-1;1,360556E-1;9,542695E-1;;
30/11/2021  14:47:40,550983;9,500964E-1;8,914326E-2;8,803395E-2;9,545420E-1;;
30/11/2021  14:47:40,551083;9,497984E-1;1,082581E-1;1,120448E-1;9,547904E-1;;
30/11/2021  14:47:40,551183;9,502604E-1;1,433019E-1;1,960827E-1;9,550146E-1;;
30/11/2021  14:47:40,551283;9,500666E-1;1,292843E-1;1,205749E-1;9,552147E-1;;
30/11/2021  14:47:40,551383;9,494825E-1;1,592309E-1;2,137749E-1;9,553910E-1;;
30/11/2021  14:47:40,551483;9,490742E-1;1,009307E-1;1,145722E-1;9,555435E-1;;
30/11/2021  14:47:40,551583;9,484305E-1;1,213198E-1;1,278414E-1;9,556725E-1;;
30/11/2021  14:47:40,551683;9,474172E-1;1,423461E-1;1,711241E-1;9,557783E-1;;
30/11/2021  14:47:40,551783;9,476735E-1;1,334259E-1;1,341600E-1;9,558609E-1;;
30/11/2021  14:47:40,551883;9,473695E-1;2,606442E-2;4,664686E-2;9,559207E-1;;
30/11/2021  14:47:40,551983;9,464843E-1;1,044351E-1;1,076217E-1;9,559578E-1;;
30/11/2021  14:47:40,552083;9,464188E-1;1,324701E-1;9,530039E-2;9,559726E-1;;
30/11/2021  14:47:40,552183;9,454144E-1;1,260985E-1;1,234183E-1;9,559654E-1;;
30/11/2021  14:47:40,552283;9,445620E-1;1,296029E-1;1,363715E-1;9,559365E-1;;
30/11/2021  14:47:40,552383;9,439362E-1;1,241871E-1;1,467973E-1;9,558861E-1;;
30/11/2021  14:47:40,552483;9,432447E-1;1,260985E-1;1,328963E-1;9,558144E-1;;
30/11/2021  14:47:40,552583;9,432626E-1;1,162226E-1;1,679647E-1;9,557215E-1;;
30/11/2021  14:47:40,552683;9,426040E-1;9,901924E-2;1,388990E-1;9,556079E-1;;
30/11/2021  14:47:40,552783;9,421688E-1;1,646467E-1;2,245166E-1;9,554738E-1;;
30/11/2021  14:47:40,552883;9,410691E-1;1,267357E-1;1,272095E-1;9,553195E-1;;
30/11/2021  14:47:40,552983;9,398323E-1;1,334259E-1;1,316326E-1;9,551453E-1;;
30/11/2021  14:47:40,553083;9,389531E-1;1,165411E-1;1,313166E-1;9,549514E-1;;
30/11/2021  14:47:40,553183;9,389769E-1;1,260985E-1;1,189953E-1;9,547380E-1;;
30/11/2021  14:47:40,553283;9,385955E-1;1,407532E-1;1,306848E-1;9,545053E-1;;
30/11/2021  14:47:40,553383;9,380322E-1;1,420275E-1;1,351078E-1;9,542536E-1;;
30/11/2021  14:47:40,553483;9,376060E-1;1,063466E-1;1,177316E-1;9,539832E-1;;
30/11/2021  14:47:40,553583;9,364049E-1;1,197269E-1;1,139404E-1;9,536945E-1;;
30/11/2021  14:47:40,553683;9,359162E-1;1,210013E-1;1,338441E-1;9,533879E-1;;
30/11/2021  14:47:40,553783;9,356122E-1;5,027650E-2;7,192142E-2;9,530638E-1;;
30/11/2021  14:47:40,553883;9,356778E-1;9,424054E-2;1,287892E-1;9,527226E-1;;
30/11/2021  14:47:40,553983;9,356330E-1;1,257800E-1;1,613302E-1;9,523648E-1;;
30/11/2021  14:47:40,554083;9,349655E-1;5,282514E-2;8,045158E-2;9,519911E-1;;
30/11/2021  14:47:40,554183;9,349327E-1;1,034794E-1;1,129926E-1;9,516022E-1;;
30/11/2021  14:47:40,554283;9,338568E-1;1,037979E-1;1,123607E-1;9,511988E-1;;
30/11/2021  14:47:40,554383;9,335319E-1;1,034794E-1;1,183634E-1;9,507817E-1;;
30/11/2021  14:47:40,554483;9,344111E-1;9,997498E-2;1,152041E-1;9,503516E-1;;
30/11/2021  14:47:40,554583;9,338926E-1;1,018865E-1;1,063580E-1;9,499093E-1;;
30/11/2021  14:47:40,554683;9,344320E-1;8,786894E-2;1,212068E-1;9,494559E-1;;
30/11/2021  14:47:40,554783;9,335528E-1;1,073023E-1;1,199431E-1;9,489924E-1;;
30/11/2021  14:47:40,554883;9,333948E-1;9,583344E-2;1,060421E-1;9,485198E-1;;
30/11/2021  14:47:40,554983;9,329031E-1;7,417000E-2;9,024547E-2;9,480392E-1;;
30/11/2021  14:47:40,555083;9,331296E-1;8,372740E-2;7,950379E-2;9,475516E-1;;
30/11/2021  14:47:40,555183;9,335230E-1;1,037979E-1;1,063580E-1;9,470580E-1;;
30/11/2021  14:47:40,555283;9,327749E-1;1,165411E-1;1,464814E-1;9,465594E-1;;
30/11/2021  14:47:40,555383;9,330968E-1;7,831154E-2;9,245700E-2;9,460570E-1;;
30/11/2021  14:47:40,555483;9,339283E-1;1,455319E-1;1,648054E-1;9,455519E-1;;
30/11/2021  14:47:40,555583;9,332816E-1;1,557265E-1;1,439539E-1;9,450453E-1;;
30/11/2021  14:47:40,555683;9,331773E-1;1,573194E-1;1,341600E-1;9,445383E-1;;
30/11/2021  14:47:40,555783;9,338627E-1;1,461691E-1;1,310007E-1;9,440321E-1;;
30/11/2021  14:47:40,555883;9,336392E-1;1,445762E-1;1,338441E-1;9,435278E-1;;
30/11/2021  14:47:40,555983;9,345184E-1;1,302401E-1;1,136244E-1;9,430267E-1;;
30/11/2021  14:47:40,556083;9,343724E-1;7,799296E-2;6,876210E-2;9,425299E-1;;
30/11/2021  14:47:40,556183;9,346764E-1;7,066562E-2;5,928414E-2;9,420386E-1;;
30/11/2021  14:47:40,556283;9,345750E-1;1,031608E-1;1,044624E-1;9,415541E-1;;
30/11/2021  14:47:40,556383;9,353797E-1;1,586986E-2;1,789705E-2;9,410774E-1;;
30/11/2021  14:47:40,556483;9,348135E-1;3,243602E-2;2,800687E-2;9,406097E-1;;
30/11/2021  14:47:40,556583;9,353410E-1;1,034794E-1;9,593225E-2;9,401520E-1;;
30/11/2021  14:47:40,556683;9,355734E-1;5,919674E-2;5,043804E-2;9,397054E-1;;
30/11/2021  14:47:40,556783;9,354244E-1;9,933782E-2;7,792413E-2;9,392708E-1;;
30/11/2021  14:47:40,556883;9,352307E-1;1,225942E-1;1,205749E-1;9,388490E-1;;
30/11/2021  14:47:40,556983;9,352158E-1;1,334259E-1;1,347919E-1;9,384408E-1;;
30/11/2021  14:47:40,557083;9,352128E-1;1,302401E-1;1,294210E-1;9,380469E-1;;
30/11/2021  14:47:40,557183;9,352963E-1;1,225942E-1;1,215227E-1;9,376677E-1;;
30/11/2021  14:47:40,557283;9,358148E-1;1,260985E-1;1,231024E-1;9,373038E-1;;
30/11/2021  14:47:40,557383;9,358595E-1;1,225942E-1;1,281573E-1;9,369556E-1;;
30/11/2021  14:47:40,557483;9,360413E-1;1,232313E-1;1,303688E-1;9,366234E-1;;
30/11/2021  14:47:40,557583;9,357493E-1;1,194084E-1;1,231024E-1;9,363078E-1;;
30/11/2021  14:47:40,557683;9,358506E-1;4,900218E-2;5,296550E-2;9,360089E-1;;
30/11/2021  14:47:40,557783;9,356628E-1;1,270543E-1;1,231024E-1;9,357268E-1;;
30/11/2021  14:47:40,557883;9,366970E-1;1,280100E-1;1,328963E-1;9,354618E-1;;
30/11/2021  14:47:40,557983;9,372186E-1;9,965640E-2;9,245700E-2;9,352139E-1;;
30/11/2021  14:47:40,558083;9,367328E-1;1,257800E-1;1,249980E-1;9,349832E-1;;
30/11/2021  14:47:40,558183;9,372901E-1;1,251428E-1;1,161519E-1;9,347699E-1;;
30/11/2021  14:47:40,558283;9,369801E-1;1,268406E-2;2,263603E-2;9,345740E-1;;
30/11/2021  14:47:40,558383;9,366165E-1;1,493549E-1;1,515363E-1;9,343955E-1;;
30/11/2021  14:47:40,558483;9,380650E-1;1,311958E-1;1,328963E-1;9,342341E-1;;
30/11/2021  14:47:40,558583;9,384196E-1;1,025236E-1;9,688005E-2;9,340899E-1;;
30/11/2021  14:47:40,558683;9,389412E-1;1,264171E-1;1,284732E-1;9,339628E-1;;
30/11/2021  14:47:40,558783;9,388518E-1;1,458505E-1;1,625939E-1;9,338527E-1;;
30/11/2021  14:47:40,558883;9,390395E-1;1,413904E-1;1,449017E-1;9,337597E-1;;
30/11/2021  14:47:40,558983;9,394121E-1;1,620981E-1;1,878685E-1;9,336836E-1;;
30/11/2021  14:47:40,559083;9,392094E-1;1,324701E-1;1,417424E-1;9,336242E-1;;
30/11/2021  14:47:40,559183;9,401691E-1;1,375674E-1;8,898175E-2;9,335815E-1;;
30/11/2021  14:47:40,559283;9,401929E-1;1,254614E-1;1,133085E-1;9,335550E-1;;
30/11/2021  14:47:40,559383;9,410453E-1;1,522221E-1;1,467973E-1;9,335447E-1;;
30/11/2021  14:47:40,559483;9,408456E-1;1,388417E-1;1,294210E-1;9,335504E-1;;
30/11/2021  14:47:40,559583;9,405952E-1;1,168597E-1;1,117289E-1;9,335718E-1;;
30/11/2021  14:47:40,559683;9,410602E-1;1,229127E-1;1,306848E-1;9,336086E-1;;
30/11/2021  14:47:40,559783;9,413373E-1;1,366117E-1;1,565912E-1;9,336604E-1;;
30/11/2021  14:47:40,559883;9,420914E-1;1,114439E-1;1,117289E-1;9,337268E-1;;
30/11/2021  14:47:40,559983;9,430927E-1;1,318330E-1;1,316326E-1;9,338075E-1;;
30/11/2021  14:47:40,560083;9,436650E-1;1,563636E-1;1,411105E-1;9,339023E-1;;
30/11/2021  14:47:40,560183;9,431345E-1;6,588692E-2;1,145722E-1;9,340110E-1;;
30/11/2021  14:47:40,560283;9,438825E-1;1,538150E-1;1,840773E-1;9,341333E-1;;
30/11/2021  14:47:40,560383;9,447855E-1;-7,269538E-2;1,631739E-2;9,342689E-1;;
30/11/2021  14:47:40,560483;9,447408E-1;1,324701E-1;1,316326E-1;9,344177E-1;;
30/11/2021  14:47:40,560583;9,460134E-1;1,108067E-1;1,268936E-1;9,345794E-1;;
30/11/2021  14:47:40,560683;9,465082E-1;1,219570E-1;1,152041E-1;9,347538E-1;;
30/11/2021  14:47:40,560783;9,468032E-1;1,283286E-1;1,177316E-1;9,349408E-1;;
30/11/2021  14:47:40,560883;9,469373E-1;1,343816E-1;1,259458E-1;9,351403E-1;;
30/11/2021  14:47:40,560983;9,474857E-1;1,216384E-1;1,145722E-1;9,353521E-1;;
30/11/2021  14:47:40,561083;9,477062E-1;5,250656E-2;7,729226E-2;9,355759E-1;;
30/11/2021  14:47:40,561183;9,474023E-1;9,105474E-2;1,016190E-1;9,358115E-1;;
30/11/2021  14:47:40,561283;9,477807E-1;1,079395E-1;1,474292E-1;9,360585E-1;;
30/11/2021  14:47:40,561383;9,476794E-1;1,350188E-1;1,417424E-1;9,363165E-1;;
30/11/2021  14:47:40,561483;9,476407E-1;1,337445E-1;1,379512E-1;9,365849E-1;;
30/11/2021  14:47:40,561583;9,478493E-1;6,333828E-2;8,771802E-2;9,368631E-1;;
30/11/2021  14:47:40,561683;9,474350E-1;1,155854E-1;1,152041E-1;9,371505E-1;;
30/11/2021  14:47:40,561783;9,470208E-1;1,292843E-1;1,287892E-1;9,374462E-1;;
30/11/2021  14:47:40,561883;9,472056E-1;1,315144E-1;1,373193E-1;9,377496E-1;;
30/11/2021  14:47:40,561983;9,472860E-1;1,315144E-1;1,262617E-1;9,380595E-1;;
30/11/2021  14:47:40,562083;9,472115E-1;1,359745E-1;1,373193E-1;9,383752E-1;;
30/11/2021  14:47:40,562183;9,466989E-1;1,200455E-1;1,275255E-1;9,386957E-1;;
30/11/2021  14:47:40,562283;9,462221E-1;1,378860E-1;1,268936E-1;9,390200E-1;;
30/11/2021  14:47:40,562383;9,461118E-1;1,410718E-1;1,246821E-1;9,393471E-1;;
30/11/2021  14:47:40,562483;9,454144E-1;1,213198E-1;1,189953E-1;9,396757E-1;;
30/11/2021  14:47:40,562583;9,456498E-1;1,369303E-1;1,319485E-1;9,400048E-1;;
30/11/2021  14:47:40,562683;9,455902E-1;1,445762E-1;1,572231E-1;9,403332E-1;;
30/11/2021  14:47:40,562783;9,453965E-1;1,069837E-1;9,593225E-2;9,406598E-1;;
30/11/2021  14:47:40,562883;9,443474E-1;1,283286E-1;1,294210E-1;9,409835E-1;;
30/11/2021  14:47:40,562983;9,433222E-1;1,311958E-1;1,303688E-1;9,413032E-1;;
30/11/2021  14:47:40,563083;9,431523E-1;1,394789E-1;1,363715E-1;9,416176E-1;;
30/11/2021  14:47:40,563183;9,426695E-1;1,385232E-1;1,284732E-1;9,419255E-1;;
30/11/2021  14:47:40,563283;9,425056E-1;1,509478E-1;1,449017E-1;9,422256E-1;;
30/11/2021  14:47:40,563383;9,422374E-1;1,388417E-1;1,294210E-1;9,425168E-1;;
30/11/2021  14:47:40,563483;9,411764E-1;1,391603E-1;1,433221E-1;9,427978E-1;;
30/11/2021  14:47:40,563583;9,405178E-1;1,334259E-1;1,332122E-1;9,430676E-1;;
30/11/2021  14:47:40,563683;9,398770E-1;1,324701E-1;1,265777E-1;9,433251E-1;;
30/11/2021  14:47:40,563783;9,391528E-1;1,372488E-1;1,461654E-1;9,435690E-1;;
30/11/2021  14:47:40,563883;9,386610E-1;1,257800E-1;1,376353E-1;9,437983E-1;;
30/11/2021  14:47:40,563983;9,382438E-1;1,009307E-1;1,041465E-1;9,440119E-1;;
30/11/2021  14:47:40,564083;9,379279E-1;1,057094E-1;1,085695E-1;9,442087E-1;;
30/11/2021  14:47:40,564183;9,370666E-1;7,703722E-2;6,623464E-2;9,443879E-1;;
30/11/2021  14:47:40,564283;9,364139E-1;1,194084E-1;1,114129E-1;9,445487E-1;;
30/11/2021  14:47:40,564383;9,358387E-1;1,184526E-1;1,354238E-1;9,446902E-1;;
30/11/2021  14:47:40,564483;9,347390E-1;1,095324E-1;1,231024E-1;9,448116E-1;;
30/11/2021  14:47:40,564583;9,345989E-1;1,318330E-1;1,139404E-1;9,449123E-1;;
30/11/2021  14:47:40,564683;9,346227E-1;1,127182E-1;1,177316E-1;9,449916E-1;;
30/11/2021  14:47:40,564783;9,340773E-1;1,012493E-1;1,028828E-1;9,450490E-1;;
30/11/2021  14:47:40,564883;9,332786E-1;2,063807E-1;2,384176E-1;9,450841E-1;;
30/11/2021  14:47:40,564983;9,331683E-1;1,060280E-1;1,224705E-1;9,450967E-1;;
30/11/2021  14:47:40,565083;9,319166E-1;1,073023E-1;1,189953E-1;9,450866E-1;;
30/11/2021  14:47:40,565183;9,326498E-1;1,069837E-1;1,208909E-1;9,450537E-1;;
30/11/2021  14:47:40,565283;9,324650E-1;1,111253E-1;1,231024E-1;9,449978E-1;;
30/11/2021  14:47:40,565383;9,324322E-1;1,047537E-1;1,161519E-1;9,449193E-1;;
30/11/2021  14:47:40,565483;9,324292E-1;1,120810E-1;1,281573E-1;9,448184E-1;;
30/11/2021  14:47:40,565583;9,313712E-1;1,388417E-1;1,411105E-1;9,446956E-1;;
30/11/2021  14:47:40,565683;9,305934E-1;3,530324E-2;2,137230E-2;9,445514E-1;;
30/11/2021  14:47:40,565783;9,304473E-1;1,533758E-3;4,311971E-3;9,443863E-1;;
30/11/2021  14:47:40,565883;9,311507E-1;8,542518E-3;8,419087E-3;9,442007E-1;;
30/11/2021  14:47:40,565983;9,306679E-1;1,013542E-2;1,157841E-2;9,439952E-1;;
30/11/2021  14:47:40,566083;9,311596E-1;1,077258E-2;1,252620E-2;9,437707E-1;;
30/11/2021  14:47:40,566183;9,304086E-1;5,038138E-3;6,839427E-3;9,435281E-1;;
30/11/2021  14:47:40,566283;9,301255E-1;8,861098E-3;1,094654E-2;9,432682E-1;;
30/11/2021  14:47:40,566383;9,299645E-1;3,763818E-3;6,207563E-3;9,429920E-1;;
30/11/2021  14:47:40,566483;9,295443E-1;6,312458E-3;8,103155E-3;9,427004E-1;;
30/11/2021  14:47:40,566583;9,297648E-1;2,808078E-3;4,943835E-3;9,423943E-1;;
30/11/2021  14:47:40,566683;9,303996E-1;1,215178E-3;3,364175E-3;9,420747E-1;;
30/11/2021  14:47:40,566783;9,304682E-1;7,905358E-3;9,366883E-3;9,417429E-1;;
30/11/2021  14:47:40,566883;9,297022E-1;2,808078E-3;4,943835E-3;9,413999E-1;;
30/11/2021  14:47:40,566983;9,297350E-1;1,215178E-3;3,680107E-3;9,410469E-1;;
30/11/2021  14:47:40,567083;9,290376E-1;8,965980E-4;3,048243E-3;9,406852E-1;;
30/11/2021  14:47:40,567183;9,291956E-1;8,965980E-4;3,680107E-3;9,403156E-1;;
30/11/2021  14:47:40,567283;9,295711E-1;5,780180E-4;3,364175E-3;9,399393E-1;;
30/11/2021  14:47:40,567383;9,299884E-1;1,852338E-3;4,311971E-3;9,395573E-1;;
30/11/2021  14:47:40,567483;9,294638E-1;3,763818E-3;5,891631E-3;9,391709E-1;;
30/11/2021  14:47:40,567583;9,293029E-1;3,763818E-3;5,575699E-3;9,387810E-1;;
30/11/2021  14:47:40,567683;9,286502E-1;1,852338E-3;3,996039E-3;9,383889E-1;;
30/11/2021  14:47:40,567783;9,283939E-1;1,852338E-3;3,996039E-3;9,379954E-1;;
30/11/2021  14:47:40,567883;9,280303E-1;8,965980E-4;3,680107E-3;9,376013E-1;;
30/11/2021  14:47:40,567983;9,284595E-1;5,780180E-4;3,364175E-3;9,372075E-1;;
30/11/2021  14:47:40,568083;9,286204E-1;8,965980E-4;3,364175E-3;9,368146E-1;;
30/11/2021  14:47:40,568183;9,286293E-1;8,965980E-4;3,680107E-3;9,364236E-1;;
30/11/2021  14:47:40,568283;9,283850E-1;1,533758E-3;3,048243E-3;9,360352E-1;;
30/11/2021  14:47:40,568383;9,275505E-1;1,533758E-3;3,680107E-3;9,356502E-1;;
30/11/2021  14:47:40,568483;9,272644E-1;1,215178E-3;3,364175E-3;9,352692E-1;;
30/11/2021  14:47:40,568583;9,273120E-1;1,215178E-3;3,364175E-3;9,348926E-1;;
30/11/2021  14:47:40,568683;9,279856E-1;1,215178E-3;3,680107E-3;9,345211E-1;;
30/11/2021  14:47:40,568783;9,274879E-1;1,533758E-3;3,680107E-3;9,341550E-1;;
30/11/2021  14:47:40,568883;9,276786E-1;1,215178E-3;3,048243E-3;9,337949E-1;;
30/11/2021  14:47:40,568983;9,274909E-1;1,852338E-3;3,364175E-3;9,334413E-1;;
30/11/2021  14:47:40,569083;9,273925E-1;1,395838E-2;2,010857E-2;9,330946E-1;;
30/11/2021  14:47:40,569183;9,273895E-1;4,082398E-3;6,207563E-3;9,327552E-1;;
30/11/2021  14:47:40,569283;9,274909E-1;8,965980E-4;3,680107E-3;9,324236E-1;;
30/11/2021  14:47:40,569383;9,280422E-1;5,993878E-3;8,735019E-3;9,320999E-1;;
30/11/2021  14:47:40,569483;9,282091E-1;1,427696E-2;1,631739E-2;9,317848E-1;;
30/11/2021  14:47:40,569583;9,284028E-1;1,586986E-2;1,758111E-2;9,314785E-1;;
30/11/2021  14:47:40,569683;9,284386E-1;1,300264E-2;1,631739E-2;9,311816E-1;;
30/11/2021  14:47:40,569783;9,285489E-1;1,555128E-2;1,631739E-2;9,308945E-1;;
30/11/2021  14:47:40,569883;9,288350E-1;1,586986E-2;1,694925E-2;9,306175E-1;;
30/11/2021  14:47:40,569983;9,296993E-1;1,523270E-2;1,789705E-2;9,303510E-1;;
30/11/2021  14:47:40,570083;9,293387E-1;8,542518E-3;1,536959E-2;9,300955E-1;;
30/11/2021  14:47:40,570183;9,299884E-1;1,225942E-1;1,221546E-1;9,298515E-1;;
30/11/2021  14:47:40,570283;9,299705E-1;4,719558E-3;1,094654E-2;9,296192E-1;;
30/11/2021  14:47:40,570383;9,305636E-1;1,714418E-2;2,042450E-2;9,293991E-1;;
30/11/2021  14:47:40,570483;9,304443E-1;6,811698E-2;9,435259E-2;9,291916E-1;;
30/11/2021  14:47:40,570583;9,314755E-1;1,650702E-2;1,852891E-2;9,289970E-1;;
30/11/2021  14:47:40,570683;9,331266E-1;7,990444E-2;1,802861E-1;9,288158E-1;;
30/11/2021  14:47:40,570783;9,334634E-1;1,181340E-1;1,139404E-1;9,286483E-1;;
30/11/2021  14:47:40,570883;9,338180E-1;1,515849E-1;1,761790E-1;9,284954E-1;;
30/11/2021  14:47:40,570983;9,339969E-1;7,767438E-2;9,972343E-2;9,283575E-1;;
30/11/2021  14:47:40,571083;9,347449E-1;1,544522E-1;1,398468E-1;9,282353E-1;;
30/11/2021  14:47:40,571183;9,347598E-1;1,620981E-1;1,812339E-1;9,281292E-1;;
30/11/2021  14:47:40,571283;9,360533E-1;1,123996E-1;1,313166E-1;9,280396E-1;;
30/11/2021  14:47:40,571383;9,367894E-1;1,162226E-1;9,561632E-2;9,279670E-1;;
30/11/2021  14:47:40,571483;9,375971E-1;1,155854E-1;1,224705E-1;9,279118E-1;;
30/11/2021  14:47:40,571583;9,385567E-1;1,245056E-1;1,098333E-1;9,278746E-1;;
30/11/2021  14:47:40,571683;9,392482E-1;9,137332E-2;6,244346E-2;9,278559E-1;;
30/11/2021  14:47:40,571783;9,398710E-1;1,216384E-1;1,155200E-1;9,278562E-1;;
30/11/2021  14:47:40,571883;9,401750E-1;1,200455E-1;1,395309E-1;9,278759E-1;;
30/11/2021  14:47:40,571983;9,417099E-1;9,392196E-2;9,814378E-2;9,279156E-1;;
30/11/2021  14:47:40,572083;9,428305E-1;1,229127E-1;1,291051E-1;9,279756E-1;;
30/11/2021  14:47:40,572183;9,434891E-1;1,321516E-1;1,310007E-1;9,280563E-1;;
30/11/2021  14:47:40,572283;9,434563E-1;1,123996E-1;1,294210E-1;9,281583E-1;;
30/11/2021  14:47:40,572383;9,444965E-1;1,980976E-1;2,071403E-1;9,282819E-1;;
30/11/2021  14:47:40,572483;9,453965E-1;1,190898E-1;1,227865E-1;9,284272E-1;;
30/11/2021  14:47:40,572583;9,460045E-1;1,296029E-1;1,354238E-1;9,285946E-1;;
30/11/2021  14:47:40,572683;9,469582E-1;1,267357E-1;1,268936E-1;9,287841E-1;;
30/11/2021  14:47:40,572783;9,475155E-1;1,216384E-1;1,050943E-1;9,289959E-1;;
30/11/2021  14:47:40,572883;9,482099E-1;1,311958E-1;1,294210E-1;9,292301E-1;;
30/11/2021  14:47:40,572983;9,481771E-1;1,060280E-1;1,158360E-1;9,294866E-1;;
30/11/2021  14:47:40,573083;9,486510E-1;1,079395E-1;1,057261E-1;9,297653E-1;;
30/11/2021  14:47:40,573183;9,490831E-1;1,079395E-1;1,073058E-1;9,300659E-1;;
30/11/2021  14:47:40,573283;9,500249E-1;1,324701E-1;1,445858E-1;9,303879E-1;;
30/11/2021  14:47:40,573383;9,508624E-1;1,254614E-1;1,373193E-1;9,307311E-1;;
30/11/2021  14:47:40,573483;9,508236E-1;1,382046E-1;1,467973E-1;9,310949E-1;;
30/11/2021  14:47:40,573583;9,513959E-1;1,359745E-1;1,385831E-1;9,314789E-1;;
30/11/2021  14:47:40,573683;9,516164E-1;1,031608E-1;9,972343E-2;9,318825E-1;;
30/11/2021  14:47:40,573783;9,514227E-1;1,197269E-1;1,155200E-1;9,323049E-1;;
30/11/2021  14:47:40,573883;9,517058E-1;1,343816E-1;1,319485E-1;9,327454E-1;;
30/11/2021  14:47:40,573983;9,520396E-1;1,299215E-1;1,325804E-1;9,332029E-1;;
30/11/2021  14:47:40,574083;9,526774E-1;1,155854E-1;1,095173E-1;9,336765E-1;;
30/11/2021  14:47:40,574183;9,530708E-1;1,095324E-1;1,161519E-1;9,341652E-1;;
30/11/2021  14:47:40,574283;9,534016E-1;1,143111E-1;1,117289E-1;9,346680E-1;;
30/11/2021  14:47:40,574383;9,539500E-1;1,117624E-1;1,013031E-1;9,351839E-1;;
30/11/2021  14:47:40,574483;9,532496E-1;7,193994E-2;8,487463E-2;9,357118E-1;;
30/11/2021  14:47:40,574583;9,539470E-1;8,277166E-2;9,214107E-2;9,362507E-1;;
30/11/2021  14:47:40,574683;9,539589E-1;1,022050E-1;1,082536E-1;9,367994E-1;;
30/11/2021  14:47:40,574783;9,549215E-1;1,044351E-1;1,322644E-1;9,373567E-1;;
30/11/2021  14:47:40,574883;9,547874E-1;1,077258E-2;5,264957E-2;9,379216E-1;;
30/11/2021  14:47:40,574983;9,551302E-1;1,002936E-1;1,145722E-1;9,384929E-1;;
30/11/2021  14:47:40,575083;9,543374E-1;9,774492E-2;1,079377E-1;9,390695E-1;;
30/11/2021  14:47:40,575183;9,544775E-1;9,678918E-2;1,038306E-1;9,396502E-1;;
30/11/2021  14:47:40,575283;9,542033E-1;8,532030E-2;9,972343E-2;9,402338E-1;;
30/11/2021  14:47:40,575383;9,549752E-1;8,659462E-2;1,019350E-1;9,408190E-1;;
30/11/2021  14:47:40,575483;9,548381E-1;9,933782E-2;1,038306E-1;9,414045E-1;;
30/11/2021  14:47:40,575583;9,552673E-1;9,997498E-2;1,243661E-1;9,419891E-1;;
30/11/2021  14:47:40,575683;9,546474E-1;1,044351E-1;1,183634E-1;9,425718E-1;;
30/11/2021  14:47:40,575783;9,547904E-1;1,152668E-1;1,183634E-1;9,431513E-1;;
30/11/2021  14:47:40,575883;9,542540E-1;1,547707E-1;1,821817E-1;9,437265E-1;;
30/11/2021  14:47:40,575983;9,546444E-1;1,149482E-1;1,183634E-1;9,442963E-1;;
30/11/2021  14:47:40,576083;9,546027E-1;1,359745E-1;8,108345E-2;9,448594E-1;;
30/11/2021  14:47:40,576183;9,545252E-1;1,139925E-1;8,708615E-2;9,454150E-1;;
30/11/2021  14:47:40,576283;9,544447E-1;9,041758E-2;4,664686E-2;9,459618E-1;;
30/11/2021  14:47:40,576383;9,536162E-1;1,595494E-1;1,354238E-1;9,464989E-1;;
30/11/2021  14:47:40,576483;9,531095E-1;1,566822E-1;1,559593E-1;9,470253E-1;;
30/11/2021  14:47:40,576583;9,525701E-1;1,401161E-1;1,407946E-1;9,475399E-1;;
30/11/2021  14:47:40,576683;9,531334E-1;1,197269E-1;1,490088E-1;9,480416E-1;;
30/11/2021  14:47:40,576783;9,529814E-1;1,130368E-1;1,158360E-1;9,485293E-1;;
30/11/2021  14:47:40,576883;9,525135E-1;1,044351E-1;1,041465E-1;9,490023E-1;;
30/11/2021  14:47:40,576983;9,517565E-1;1,347002E-1;1,281573E-1;9,494596E-1;;
30/11/2021  14:47:40,577083;9,514197E-1;1,159040E-1;1,142563E-1;9,499004E-1;;
30/11/2021  14:47:40,577183;9,501710E-1;1,095324E-1;1,227865E-1;9,503237E-1;;
30/11/2021  14:47:40,577283;9,497537E-1;1,280100E-1;1,303688E-1;9,507288E-1;;
30/11/2021  14:47:40,577383;9,495749E-1;1,276914E-1;1,246821E-1;9,511145E-1;;
30/11/2021  14:47:40,577483;9,493454E-1;1,002936E-1;1,003553E-1;9,514801E-1;;
30/11/2021  14:47:40,577583;9,486272E-1;1,267357E-1;1,234183E-1;9,518248E-1;;
30/11/2021  14:47:40,577683;9,478046E-1;1,340630E-1;1,335282E-1;9,521478E-1;;
30/11/2021  14:47:40,577783;9,471430E-1;1,152668E-1;1,050943E-1;9,524485E-1;;
30/11/2021  14:47:40,577883;9,460373E-1;1,273729E-1;1,379512E-1;9,527260E-1;;
30/11/2021  14:47:40,577983;9,459538E-1;1,404346E-1;1,559593E-1;9,529798E-1;;
30/11/2021  14:47:40,578083;9,447647E-1;-6,632378E-2;5,580889E-2;9,532091E-1;;
30/11/2021  14:47:40,578183;9,447587E-1;1,461691E-1;1,398468E-1;9,534133E-1;;
30/11/2021  14:47:40,578283;9,440733E-1;4,932076E-2;6,844617E-2;9,535918E-1;;
30/11/2021  14:47:40,578383;9,425384E-1;1,254614E-1;1,262617E-1;9,537443E-1;;
30/11/2021  14:47:40,578483;9,421837E-1;1,232313E-1;1,268936E-1;9,538703E-1;;
30/11/2021  14:47:40,578583;9,410065E-1;1,289658E-1;1,328963E-1;9,539692E-1;;
30/11/2021  14:47:40,578683;9,407830E-1;1,076209E-1;1,253139E-1;9,540408E-1;;
30/11/2021  14:47:40,578783;9,404313E-1;1,088952E-1;1,158360E-1;9,540846E-1;;
30/11/2021  14:47:40,578883;9,403926E-1;1,362931E-1;1,502726E-1;9,541004E-1;;
30/11/2021  14:47:40,578983;9,393763E-1;1,260985E-1;1,294210E-1;9,540884E-1;;
30/11/2021  14:47:40,579083;9,382706E-1;1,321516E-1;1,303688E-1;9,540484E-1;;
30/11/2021  14:47:40,579183;9,374808E-1;1,146297E-1;9,909157E-2;9,539806E-1;;
30/11/2021  14:47:40,579283;9,369176E-1;2,574584E-2;5,422923E-2;9,538849E-1;;
30/11/2021  14:47:40,579383;9,364109E-1;1,152668E-1;1,054102E-1;9,537615E-1;;
30/11/2021  14:47:40,579483;9,354036E-1;1,433019E-1;1,730197E-1;9,536106E-1;;
30/11/2021  14:47:40,579583;9,353529E-1;1,006121E-1;1,129926E-1;9,534325E-1;;
30/11/2021  14:47:40,579683;9,349595E-1;1,407532E-1;1,610142E-1;9,532273E-1;;
30/11/2021  14:47:40,579783;9,336810E-1;2,121151E-1;2,349423E-1;9,529956E-1;;
30/11/2021  14:47:40,579883;9,335230E-1;6,365686E-2;8,740209E-2;9,527379E-1;;
30/11/2021  14:47:40,579983;9,332846E-1;1,289658E-1;1,278414E-1;9,524546E-1;;
30/11/2021  14:47:40,580083;9,332667E-1;1,270543E-1;1,322644E-1;9,521464E-1;;
30/11/2021  14:47:40,580183;9,326796E-1;1,092138E-1;9,909157E-2;9,518142E-1;;
30/11/2021  14:47:40,580283;9,321938E-1;3,148028E-2;5,359736E-2;9,514587E-1;;
30/11/2021  14:47:40,580383;9,317676E-1;1,241871E-1;1,310007E-1;9,510809E-1;;
30/11/2021  14:47:40,580483;9,312222E-1;1,210013E-1;1,221546E-1;9,506817E-1;;
30/11/2021  14:47:40,580583;9,308765E-1;1,232313E-1;1,170997E-1;9,502621E-1;;
30/11/2021  14:47:40,580683;9,309957E-1;1,264171E-1;1,698603E-1;9,498231E-1;;
30/11/2021  14:47:40,580783;9,307632E-1;1,203641E-1;1,237343E-1;9,493658E-1;;
30/11/2021  14:47:40,580883;9,308526E-1;1,321516E-1;1,212068E-1;9,488913E-1;;
30/11/2021  14:47:40,580983;9,306470E-1;9,615202E-2;9,403666E-2;9,484011E-1;;
30/11/2021  14:47:40,581083;9,300062E-1;2,025577E-1;1,881844E-1;9,478963E-1;;
30/11/2021  14:47:40,581183;9,302059E-1;1,356559E-1;1,319485E-1;9,473783E-1;;
30/11/2021  14:47:40,581283;9,297380E-1;1,206827E-1;1,221546E-1;9,468484E-1;;
30/11/2021  14:47:40,581383;9,294787E-1;1,324701E-1;1,310007E-1;9,463079E-1;;
30/11/2021  14:47:40,581483;9,301225E-1;1,232313E-1;1,243661E-1;9,457582E-1;;
30/11/2021  14:47:40,581583;9,298900E-1;1,280100E-1;1,385831E-1;9,452007E-1;;
30/11/2021  14:47:40,581683;9,298691E-1;1,289658E-1;1,297370E-1;9,446367E-1;;
30/11/2021  14:47:40,581783;9,293506E-1;1,337445E-1;1,328963E-1;9,440678E-1;;
30/11/2021  14:47:40,581883;9,292075E-1;1,407532E-1;1,300529E-1;9,434952E-1;;
30/11/2021  14:47:40,581983;9,295264E-1;1,200455E-1;1,208909E-1;9,429204E-1;;
30/11/2021  14:47:40,582083;9,298542E-1;1,331073E-1;1,303688E-1;9,423446E-1;;
30/11/2021  14:47:40,582183;9,301523E-1;1,343816E-1;1,464814E-1;9,417691E-1;;
30/11/2021  14:47:40,582283;9,304920E-1;1,311958E-1;1,237343E-1;9,411955E-1;;
30/11/2021  14:47:40,582383;9,302357E-1;1,283286E-1;1,079377E-1;9,406251E-1;;
30/11/2021  14:47:40,582483;9,305636E-1;7,894870E-2;7,002583E-2;9,400594E-1;;
30/11/2021  14:47:40,582583;9,299079E-1;1,359745E-1;1,335282E-1;9,394995E-1;;
30/11/2021  14:47:40,582683;9,301135E-1;1,362931E-1;1,376353E-1;9,389469E-1;;
30/11/2021  14:47:40,582783;9,304294E-1;1,139925E-1;1,357397E-1;9,384025E-1;;
30/11/2021  14:47:40,582883;9,303609E-1;1,356559E-1;1,253139E-1;9,378676E-1;;
30/11/2021  14:47:40,582983;9,310046E-1;1,480806E-1;1,521681E-1;9,373431E-1;;
30/11/2021  14:47:40,583083;9,300867E-1;1,324701E-1;1,360556E-1;9,368301E-1;;
30/11/2021  14:47:40,583183;9,302536E-1;1,684697E-1;1,695444E-1;9,363294E-1;;
30/11/2021  14:47:40,583283;9,300927E-1;1,353374E-1;1,395309E-1;9,358419E-1;;
30/11/2021  14:47:40,583383;9,301195E-1;1,385232E-1;1,458495E-1;9,353683E-1;;
30/11/2021  14:47:40,583483;9,304533E-1;4,517922E-2;6,497092E-2;9,349091E-1;;
30/11/2021  14:47:40,583583;9,308318E-1;1,350188E-1;1,347919E-1;9,344650E-1;;
30/11/2021  14:47:40,583683;9,313653E-1;1,171783E-1;9,624818E-2;9,340365E-1;;
30/11/2021  14:47:40,583783;9,307454E-1;1,343816E-1;1,300529E-1;9,336242E-1;;
30/11/2021  14:47:40,583883;9,306798E-1;9,965640E-2;1,202590E-1;9,332285E-1;;
30/11/2021  14:47:40,583983;9,310553E-1;1,410718E-1;1,354238E-1;9,328499E-1;;
30/11/2021  14:47:40,584083;9,311656E-1;5,664810E-2;8,139938E-2;9,324886E-1;;
30/11/2021  14:47:40,584183;9,317736E-1;1,442576E-1;1,398468E-1;9,321449E-1;;
30/11/2021  14:47:40,584283;9,322742E-1;1,337445E-1;1,161519E-1;9,318191E-1;;
30/11/2021  14:47:40,584383;9,327243E-1;1,404346E-1;1,606983E-1;9,315115E-1;;
30/11/2021  14:47:40,584483;9,332846E-1;1,512664E-1;1,903959E-1;9,312224E-1;;
30/11/2021  14:47:40,584583;9,326945E-1;1,159040E-1;1,183634E-1;9,309522E-1;;
30/11/2021  14:47:40,584683;9,331922E-1;1,123996E-1;1,224705E-1;9,307010E-1;;
30/11/2021  14:47:40,584783;9,340952E-1;1,235499E-1;1,291051E-1;9,304691E-1;;
30/11/2021  14:47:40,584883;9,345512E-1;9,710776E-2;9,751191E-2;9,302565E-1;;
30/11/2021  14:47:40,584983;9,349714E-1;1,006121E-1;1,069899E-1;9,300634E-1;;
30/11/2021  14:47:40,585083;9,355645E-1;1,136739E-1;1,170997E-1;9,298902E-1;;
30/11/2021  14:47:40,585183;9,357731E-1;1,098510E-1;1,028828E-1;9,297369E-1;;
30/11/2021  14:47:40,585283;9,362500E-1;1,155854E-1;1,322644E-1;9,296037E-1;;
30/11/2021  14:47:40,585383;9,368281E-1;1,190898E-1;1,366875E-1;9,294907E-1;;
30/11/2021  14:47:40,585483;9,374361E-1;-5,793582E-3;3,242992E-2;9,293980E-1;;
30/11/2021  14:47:40,585583;9,381037E-1;1,222756E-1;1,417424E-1;9,293256E-1;;
30/11/2021  14:47:40,585683;9,385090E-1;6,206396E-2;9,751191E-2;9,292737E-1;;
30/11/2021  14:47:40,585783;9,392720E-1;3,126658E-3;7,155359E-3;9,292423E-1;;
30/11/2021  14:47:40,585883;9,387445E-1;4,082398E-3;5,891631E-3;9,292315E-1;;
30/11/2021  14:47:40,585983;9,387028E-1;8,542518E-3;9,682815E-3;9,292411E-1;;
30/11/2021  14:47:40,586083;9,397667E-1;7,268198E-3;1,031468E-2;9,292710E-1;;
30/11/2021  14:47:40,586183;9,400558E-1;5,356718E-3;7,155359E-3;9,293209E-1;;
30/11/2021  14:47:40,586283;9,407174E-1;1,077258E-2;1,252620E-2;9,293904E-1;;
30/11/2021  14:47:40,586383;9,409201E-1;1,204690E-2;1,284213E-2;9,294793E-1;;
30/11/2021  14:47:40,586483;9,404343E-1;6,631038E-3;8,419087E-3;9,295874E-1;;
30/11/2021  14:47:40,586583;9,407502E-1;2,808078E-3;5,575699E-3;9,297141E-1;;
30/11/2021  14:47:40,586683;9,408367E-1;3,445238E-3;5,575699E-3;9,298588E-1;;
30/11/2021  14:47:40,586783;9,418172E-1;2,170918E-3;3,996039E-3;9,300210E-1;;
30/11/2021  14:47:40,586883;9,419930E-1;8,542518E-3;9,998747E-3;9,302000E-1;;
30/11/2021  14:47:40,586983;9,421241E-1;5,356718E-3;7,155359E-3;9,303953E-1;;
30/11/2021  14:47:40,587083;9,418976E-1;2,170918E-3;4,943835E-3;9,306061E-1;;
30/11/2021  14:47:40,587183;9,421450E-1;1,852338E-3;3,996039E-3;9,308319E-1;;
30/11/2021  14:47:40,587283;9,420407E-1;1,215178E-3;4,311971E-3;9,310717E-1;;
30/11/2021  14:47:40,587383;9,424192E-1;2,489498E-3;4,311971E-3;9,313248E-1;;
30/11/2021  14:47:40,587483;9,428931E-1;1,215178E-3;3,680107E-3;9,315903E-1;;
30/11/2021  14:47:40,587583;9,429735E-1;8,965980E-4;3,680107E-3;9,318674E-1;;
30/11/2021  14:47:40,587683;9,438348E-1;1,533758E-3;3,996039E-3;9,321552E-1;;
30/11/2021  14:47:40,587783;9,441329E-1;1,215178E-3;3,364175E-3;9,324530E-1;;
30/11/2021  14:47:40,587883;9,437663E-1;5,780180E-4;4,311971E-3;9,327602E-1;;
30/11/2021  14:47:40,587983;9,434623E-1;8,965980E-4;3,996039E-3;9,330759E-1;;
30/11/2021  14:47:40,588083;9,439034E-1;3,126658E-3;5,891631E-3;9,333994E-1;;
30/11/2021  14:47:40,588183;9,442819E-1;1,852338E-3;3,996039E-3;9,337297E-1;;
30/11/2021  14:47:40,588283;9,447617E-1;5,780180E-4;3,364175E-3;9,340661E-1;;
30/11/2021  14:47:40,588383;9,448213E-1;1,533758E-3;3,680107E-3;9,344078E-1;;
30/11/2021  14:47:40,588483;9,447945E-1;1,215178E-3;3,048243E-3;9,347541E-1;;
30/11/2021  14:47:40,588583;9,442729E-1;1,215178E-3;3,364175E-3;9,351043E-1;;
30/11/2021  14:47:40,588683;9,446693E-1;8,965980E-4;3,680107E-3;9,354575E-1;;
30/11/2021  14:47:40,588783;9,443355E-1;2,594380E-4;2,416379E-3;9,358130E-1;;
30/11/2021  14:47:40,588883;9,453816E-1;1,533758E-3;3,680107E-3;9,361698E-1;;
30/11/2021  14:47:40,588983;9,457363E-1;1,533758E-3;3,680107E-3;9,365274E-1;;
30/11/2021  14:47:40,589083;9,455753E-1;2,489498E-3;4,627903E-3;9,368850E-1;;
30/11/2021  14:47:40,589183;9,456677E-1;1,215178E-3;4,627903E-3;9,372421E-1;;
30/11/2021  14:47:40,589283;9,455634E-1;8,542518E-3;1,094654E-2;9,375980E-1;;
30/11/2021  14:47:40,589383;9,457869E-1;2,489498E-3;4,311971E-3;9,379523E-1;;
30/11/2021  14:47:40,589483;9,463085E-1;1,013542E-2;1,315807E-2;9,383043E-1;;
30/11/2021  14:47:40,589583;9,468002E-1;1,077258E-2;1,347400E-2;9,386535E-1;;
30/11/2021  14:47:40,589683;9,472532E-1;1,523270E-2;1,726518E-2;9,389996E-1;;
30/11/2021  14:47:40,589783;9,472979E-1;1,618844E-2;1,789705E-2;9,393422E-1;;
30/11/2021  14:47:40,589883;9,469254E-1;1,459554E-2;1,378993E-2;9,396812E-1;;
30/11/2021  14:47:40,589983;9,465439E-1;1,650702E-2;2,010857E-2;9,400161E-1;;
30/11/2021  14:47:40,590083;9,475095E-1;1,714418E-2;2,200416E-2;9,403466E-1;;
30/11/2021  14:47:40,590183;9,474738E-1;1,586986E-2;3,179805E-2;9,406724E-1;;
30/11/2021  14:47:40,590283;9,477152E-1;1,327887E-1;1,474292E-1;9,409932E-1;;
30/11/2021  14:47:40,590383;9,477807E-1;1,077258E-2;1,094654E-2;9,413088E-1;;
30/11/2021  14:47:40,590483;9,479715E-1;7,162136E-2;7,918786E-2;9,416190E-1;;
30/11/2021  14:47:40,590583;9,481682E-1;1,324701E-1;1,370034E-1;9,419237E-1;;
30/11/2021  14:47:40,590683;9,475662E-1;5,951532E-2;7,160549E-2;9,422227E-1;;
30/11/2021  14:47:40,590783;9,423745E-1;1,143111E-1;9,656411E-2;9,425157E-1;;
30/11/2021  14:47:40,590883;9,425742E-1;1,429833E-1;1,528000E-1;9,428017E-1;;
30/11/2021  14:47:40,590983;9,429705E-1;1,286472E-1;1,205749E-1;9,430797E-1;;
30/11/2021  14:47:40,591083;9,439660E-1;1,229127E-1;1,183634E-1;9,433485E-1;;
30/11/2021  14:47:40,591183;9,434772E-1;1,254614E-1;1,104651E-1;9,436072E-1;;
30/11/2021  14:47:40,591283;9,439034E-1;1,117624E-1;1,313166E-1;9,438551E-1;;
30/11/2021  14:47:40,591383;9,435964E-1;1,283286E-1;1,442698E-1;9,440917E-1;;
30/11/2021  14:47:40,591483;9,434712E-1;1,350188E-1;1,360556E-1;9,443165E-1;;
30/11/2021  14:47:40,591583;9,441984E-1;9,487770E-2;1,088855E-1;9,445290E-1;;
30/11/2021  14:47:40,591683;9,449375E-1;1,069837E-1;1,139404E-1;9,447291E-1;;
30/11/2021  14:47:40,591783;9,457929E-1;9,264764E-2;9,940750E-2;9,449167E-1;;
30/11/2021  14:47:40,591883;9,459896E-1;9,806350E-2;1,025668E-1;9,450921E-1;;
30/11/2021  14:47:40,591983;9,461148E-1;1,356559E-1;1,505885E-1;9,452554E-1;;
30/11/2021  14:47:40,592083;9,459836E-1;1,050723E-1;1,101492E-1;9,454072E-1;;
30/11/2021  14:47:40,592183;9,461595E-1;1,260985E-1;1,259458E-1;9,455479E-1;;
30/11/2021  14:47:40,592283;9,472473E-1;2,829448E-2;1,117289E-1;9,456778E-1;;
30/11/2021  14:47:40,592383;9,477450E-1;7,193994E-2;6,813023E-2;9,457976E-1;;
30/11/2021  14:47:40,592483;9,485318E-1;7,162136E-2;1,155200E-1;9,459079E-1;;
30/11/2021  14:47:40,592583;9,486927E-1;8,054160E-2;6,560278E-2;9,460097E-1;;
30/11/2021  14:47:40,592683;9,479804E-1;9,647060E-2;1,392149E-1;9,461037E-1;;
30/11/2021  14:47:40,592783;9,480013E-1;1,229127E-1;1,752312E-1;9,461906E-1;;
30/11/2021  14:47:40,592883;9,480311E-1;1,108067E-1;1,218387E-1;9,462712E-1;;
30/11/2021  14:47:40,592983;9,491398E-1;1,350188E-1;1,316326E-1;9,463459E-1;;
30/11/2021  14:47:40,593083;9,497090E-1;1,382046E-1;1,493248E-1;9,464156E-1;;
30/11/2021  14:47:40,593183;9,489460E-1;2,006463E-1;1,708081E-1;9,464809E-1;;
30/11/2021  14:47:40,593283;9,487404E-1;1,961861E-1;1,670170E-1;9,465425E-1;;
30/11/2021  14:47:40,593383;9,481563E-1;1,729298E-1;1,436380E-1;9,466009E-1;;
30/11/2021  14:47:40,593483;9,472175E-1;9,328480E-2;1,300529E-1;9,466566E-1;;
30/11/2021  14:47:40,593583;9,475304E-1;1,063466E-1;1,031987E-1;9,467096E-1;;
30/11/2021  14:47:40,593683;9,480639E-1;1,311958E-1;1,287892E-1;9,467601E-1;;
30/11/2021  14:47:40,593783;9,476854E-1;1,225942E-1;1,167838E-1;9,468083E-1;;
30/11/2021  14:47:40,593883;9,470446E-1;1,108067E-1;9,435259E-2;9,468543E-1;;
30/11/2021  14:47:40,593983;9,458436E-1;7,640006E-2;8,076751E-2;9,468981E-1;;
30/11/2021  14:47:40,594083;9,455604E-1;2,670158E-2;3,748483E-2;9,469395E-1;;
30/11/2021  14:47:40,594183;9,444309E-1;6,907272E-2;9,245700E-2;9,469783E-1;;
30/11/2021  14:47:40,594283;9,441358E-1;1,041165E-1;1,092014E-1;9,470140E-1;;
30/11/2021  14:47:40,594383;9,440196E-1;1,283286E-1;1,325804E-1;9,470461E-1;;
30/11/2021  14:47:40,594483;9,432119E-1;1,022050E-1;1,013031E-1;9,470741E-1;;
30/11/2021  14:47:40,594583;9,426010E-1;1,057094E-1;1,338441E-1;9,470974E-1;;
30/11/2021  14:47:40,594683;9,408694E-1;1,152668E-1;1,246821E-1;9,471155E-1;;
30/11/2021  14:47:40,594783;9,399902E-1;3,625898E-2;4,380347E-2;9,471275E-1;;
30/11/2021  14:47:40,594883;9,391826E-1;1,174969E-1;1,088855E-1;9,471326E-1;;
30/11/2021  14:47:40,594983;9,385686E-1;1,427696E-2;2,168823E-2;9,471298E-1;;
30/11/2021  14:47:40,595083;9,378921E-1;1,181340E-1;1,202590E-1;9,471180E-1;;
30/11/2021  14:47:40,595183;9,372513E-1;1,235499E-1;1,202590E-1;9,470965E-1;;
30/11/2021  14:47:40,595283;9,363513E-1;1,181340E-1;1,016190E-1;9,470642E-1;;
30/11/2021  14:47:40,595383;9,354065E-1;9,774492E-2;7,444887E-2;9,470202E-1;;
30/11/2021  14:47:40,595483;9,345721E-1;1,257800E-1;1,284732E-1;9,469638E-1;;
30/11/2021  14:47:40,595583;9,334425E-1;1,235499E-1;1,249980E-1;9,468939E-1;;
30/11/2021  14:47:40,595683;9,335021E-1;1,203641E-1;1,231024E-1;9,468097E-1;;
30/11/2021  14:47:40,595783;9,330789E-1;1,283286E-1;1,423743E-1;9,467103E-1;;
30/11/2021  14:47:40,595883;9,326110E-1;1,143111E-1;9,403666E-2;9,465953E-1;;
30/11/2021  14:47:40,595983;9,313951E-1;1,308772E-1;1,287892E-1;9,464640E-1;;
30/11/2021  14:47:40,596083;9,302178E-1;8,086018E-2;8,866581E-2;9,463158E-1;;
30/11/2021  14:47:40,596183;9,291151E-1;-3,064282E-2;2,326789E-2;9,461504E-1;;
30/11/2021  14:47:40,596283;9,285280E-1;1,235499E-1;1,193112E-1;9,459671E-1;;
30/11/2021  14:47:40,596383;9,289959E-1;1,245056E-1;1,256299E-1;9,457653E-1;;
30/11/2021  14:47:40,596483;9,283462E-1;1,229127E-1;1,158360E-1;9,455449E-1;;
30/11/2021  14:47:40,596583;9,282598E-1;1,305587E-1;1,278414E-1;9,453056E-1;;
30/11/2021  14:47:40,596683;9,269485E-1;1,289658E-1;1,300529E-1;9,450474E-1;;
30/11/2021  14:47:40,596783;9,263017E-1;1,060280E-1;9,877564E-2;9,447704E-1;;
30/11/2021  14:47:40,596883;9,260395E-1;1,254614E-1;1,139404E-1;9,444746E-1;;
30/11/2021  14:47:40,596983;9,263882E-1;8,117876E-2;1,082536E-1;9,441602E-1;;
30/11/2021  14:47:40,597083;9,270885E-1;9,965640E-2;1,031987E-1;9,438275E-1;;
30/11/2021  14:47:40,597183;9,269365E-1;1,203641E-1;1,148882E-1;9,434770E-1;;
30/11/2021  14:47:40,597283;9,266951E-1;1,523270E-2;8,677022E-2;9,431097E-1;;
30/11/2021  14:47:40,597383;9,257563E-1;1,225942E-1;1,177316E-1;9,427262E-1;;
30/11/2021  14:47:40,597483;9,256937E-1;1,251428E-1;1,202590E-1;9,423276E-1;;
30/11/2021  14:47:40,597583;9,250083E-1;1,181340E-1;1,227865E-1;9,419146E-1;;
30/11/2021  14:47:40,597683;9,255745E-1;1,009307E-1;1,177316E-1;9,414881E-1;;
30/11/2021  14:47:40,597783;9,260812E-1;1,123996E-1;1,161519E-1;9,410490E-1;;
30/11/2021  14:47:40,597883;9,255388E-1;1,210013E-1;1,205749E-1;9,405986E-1;;
30/11/2021  14:47:40,597983;9,254643E-1;1,216384E-1;1,224705E-1;9,401379E-1;;
30/11/2021  14:47:40,598083;9,246834E-1;1,391603E-1;1,351078E-1;9,396681E-1;;
30/11/2021  14:47:40,598183;9,246804E-1;1,388417E-1;1,357397E-1;9,391903E-1;;
30/11/2021  14:47:40,598283;9,238638E-1;1,624167E-1;1,660692E-1;9,387055E-1;;
30/11/2021  14:47:40,598383;9,243556E-1;1,165411E-1;1,148882E-1;9,382149E-1;;
30/11/2021  14:47:40,598483;9,257235E-1;1,299215E-1;1,392149E-1;9,377193E-1;;
30/11/2021  14:47:40,598583;9,255477E-1;9,997498E-2;1,050943E-1;9,372201E-1;;
30/11/2021  14:47:40,598683;9,258964E-1;1,302401E-1;1,294210E-1;9,367186E-1;;
30/11/2021  14:47:40,598783;9,255835E-1;1,286472E-1;1,395309E-1;9,362161E-1;;
30/11/2021  14:47:40,598883;9,252795E-1;1,337445E-1;1,322644E-1;9,357140E-1;;
30/11/2021  14:47:40,598983;9,264686E-1;1,334259E-1;1,287892E-1;9,352136E-1;;
30/11/2021  14:47:40,599083;9,264567E-1;1,222756E-1;1,145722E-1;9,347161E-1;;
30/11/2021  14:47:40,599183;9,274223E-1;-1,471382E-2;1,148882E-1;9,342229E-1;;
30/11/2021  14:47:40,599283;9,277621E-1;1,206827E-1;1,341600E-1;9,337354E-1;;
30/11/2021  14:47:40,599383;9,275386E-1;1,283286E-1;1,297370E-1;9,332550E-1;;
30/11/2021  14:47:40,599483;9,276518E-1;1,238685E-1;1,253139E-1;9,327831E-1;;
30/11/2021  14:47:40,599583;9,275594E-1;9,710776E-2;1,240502E-1;9,323209E-1;;
30/11/2021  14:47:40,599683;9,275624E-1;1,429833E-1;1,430061E-1;9,318695E-1;;
30/11/2021  14:47:40,599783;9,277442E-1;1,270543E-1;1,164678E-1;9,314300E-1;;
30/11/2021  14:47:40,599883;9,282449E-1;1,139925E-1;1,114129E-1;9,310033E-1;;
30/11/2021  14:47:40,599983;9,276518E-1;1,270543E-1;1,088855E-1;9,305903E-1;;
30/11/2021  14:47:40,600083;9,281644E-1;1,286472E-1;1,009872E-1;9,301918E-1;;
30/11/2021  14:47:40,600183;9,274849E-1;1,509478E-1;1,733356E-1;9,298083E-1;;
30/11/2021  14:47:40,600283;9,273210E-1;1,311958E-1;1,341600E-1;9,294406E-1;;
30/11/2021  14:47:40,600383;9,272167E-1;1,324701E-1;1,411105E-1;9,290889E-1;;
30/11/2021  14:47:40,600483;9,276458E-1;1,671954E-1;1,809180E-1;9,287535E-1;;
30/11/2021  14:47:40,600583;9,279290E-1;1,076209E-1;1,057261E-1;9,284346E-1;;
30/11/2021  14:47:40,600683;9,281585E-1;1,802571E-1;2,248325E-1;9,281325E-1;;
30/11/2021  14:47:40,600783;9,282508E-1;1,353374E-1;1,310007E-1;9,278473E-1;;
30/11/2021  14:47:40,600883;9,274313E-1;1,273729E-1;1,300529E-1;9,275792E-1;;
30/11/2021  14:47:40,600983;9,283879E-1;1,222756E-1;1,076217E-1;9,273283E-1;;
30/11/2021  14:47:40,601083;9,292910E-1;1,372488E-1;1,322644E-1;9,270944E-1;;
30/11/2021  14:47:40,601183;9,303132E-1;1,448948E-1;1,385831E-1;9,268778E-1;;
30/11/2021  14:47:40,601283;9,307394E-1;1,324701E-1;1,281573E-1;9,266785E-1;;
30/11/2021  14:47:40,601383;9,307632E-1;1,200455E-1;1,227865E-1;9,264970E-1;;
30/11/2021  14:47:40,601483;9,311417E-1;5,356718E-3;5,486109E-2;9,263334E-1;;
30/11/2021  14:47:40,601583;9,314159E-1;1,296029E-1;1,366875E-1;9,261879E-1;;
30/11/2021  14:47:40,601683;9,319732E-1;1,127182E-1;1,221546E-1;9,260605E-1;;
30/11/2021  14:47:40,601783;9,329865E-1;1,037979E-1;1,114129E-1;9,259515E-1;;
30/11/2021  14:47:40,601883;9,333829E-1;1,235499E-1;1,303688E-1;9,258609E-1;;
30/11/2021  14:47:40,601983;9,334455E-1;1,229127E-1;1,496407E-1;9,257890E-1;;
30/11/2021  14:47:40,602083;9,340952E-1;9,838208E-2;1,107811E-1;9,257358E-1;;
30/11/2021  14:47:40,602183;9,334604E-1;1,101695E-1;1,193112E-1;9,257014E-1;;
30/11/2021  14:47:40,602283;9,333591E-1;1,114439E-1;1,231024E-1;9,256856E-1;;
30/11/2021  14:47:40,602383;9,338389E-1;1,194084E-1;1,360556E-1;9,256883E-1;;
30/11/2021  14:47:40,602483;9,351234E-1;1,085766E-1;1,199431E-1;9,257090E-1;;
30/11/2021  14:47:40,602583;9,351651E-1;1,162226E-1;1,411105E-1;9,257476E-1;;
30/11/2021  14:47:40,602683;9,358148E-1;1,168597E-1;1,347919E-1;9,258038E-1;;
30/11/2021  14:47:40,602783;9,360950E-1;1,076209E-1;1,202590E-1;9,258774E-1;;
30/11/2021  14:47:40,602883;9,357999E-1;9,264764E-2;1,063580E-1;9,259682E-1;;
30/11/2021  14:47:40,602983;9,366195E-1;1,257800E-1;1,619620E-1;9,260757E-1;;
30/11/2021  14:47:40,603083;9,375255E-1;1,143111E-1;1,129926E-1;9,261996E-1;;
30/11/2021  14:47:40,603183;9,385210E-1;1,178155E-1;1,268936E-1;9,263397E-1;;
30/11/2021  14:47:40,603283;9,399098E-1;1,531778E-1;1,888163E-1;9,264957E-1;;
30/11/2021  14:47:40,603383;9,395849E-1;1,710183E-1;1,745993E-1;9,266675E-1;;
30/11/2021  14:47:40,603483;9,404641E-1;2,688224E-1;2,858074E-1;9,268550E-1;;
30/11/2021  14:47:40,603583;9,404254E-1;2,665923E-1;2,096678E-1;9,270582E-1;;
30/11/2021  14:47:40,603683;9,413165E-1;1,872659E-1;1,667010E-1;9,272767E-1;;
30/11/2021  14:47:40,603783;9,425473E-1;1,745227E-1;1,625939E-1;9,275104E-1;;
30/11/2021  14:47:40,603883;9,435577E-1;1,531778E-1;1,351078E-1;9,277592E-1;;
30/11/2021  14:47:40,603983;9,434742E-1;-5,914200E-5;1,315807E-2;9,280229E-1;;
30/11/2021  14:47:40,604083;9,440166E-1;5,780180E-4;3,680107E-3;9,283015E-1;;
30/11/2021  14:47:40,604183;9,435547E-1;7,586778E-3;9,998747E-3;9,285949E-1;;
30/11/2021  14:47:40,604283;9,443087E-1;6,949618E-3;9,050951E-3;9,289025E-1;;
30/11/2021  14:47:40,604383;9,449197E-1;5,675298E-3;7,155359E-3;9,292241E-1;;
30/11/2021  14:47:40,604483;9,462221E-1;1,215178E-3;3,680107E-3;9,295593E-1;;
30/11/2021  14:47:40,604583;9,461744E-1;3,445238E-3;5,575699E-3;9,299077E-1;;
30/11/2021  14:47:40,604683;9,461624E-1;1,215178E-3;3,680107E-3;9,302690E-1;;
30/11/2021  14:47:40,604783;9,471638E-1;5,356718E-3;7,471291E-3;9,306427E-1;;
30/11/2021  14:47:40,604883;9,474827E-1;8,542518E-3;9,998747E-3;9,310284E-1;;
30/11/2021  14:47:40,604983;9,477807E-1;2,808078E-3;5,259767E-3;9,314257E-1;;
30/11/2021  14:47:40,605083;9,490772E-1;1,215178E-3;3,364175E-3;9,318340E-1;;
30/11/2021  14:47:40,605183;9,499564E-1;8,223938E-3;1,063061E-2;9,322531E-1;;
30/11/2021  14:47:40,605283;9,500041E-1;5,993878E-3;8,103155E-3;9,326825E-1;;
30/11/2021  14:47:40,605383;9,510591E-1;1,215178E-3;3,680107E-3;9,331219E-1;;
30/11/2021  14:47:40,605483;9,512528E-1;1,852338E-3;3,996039E-3;9,335710E-1;;
30/11/2021  14:47:40,605583;9,516462E-1;2,808078E-3;4,627903E-3;9,340295E-1;;
30/11/2021  14:47:40,605683;9,522840E-1;1,215178E-3;3,364175E-3;9,344969E-1;;
30/11/2021  14:47:40,605783;9,528234E-1;1,533758E-3;3,364175E-3;9,349729E-1;;
30/11/2021  14:47:40,605883;9,541854E-1;1,215178E-3;3,680107E-3;9,354572E-1;;
30/11/2021  14:47:40,605983;9,542331E-1;8,965980E-4;2,732311E-3;9,359493E-1;;
30/11/2021  14:47:40,606083;9,538904E-1;1,215178E-3;3,680107E-3;9,364490E-1;;
30/11/2021  14:47:40,606183;9,533450E-1;1,215178E-3;3,680107E-3;9,369559E-1;;
30/11/2021  14:47:40,606283;9,539112E-1;1,215178E-3;3,680107E-3;9,374692E-1;;
30/11/2021  14:47:40,606383;9,544894E-1;8,965980E-4;3,364175E-3;9,379883E-1;;
30/11/2021  14:47:40,606483;9,554252E-1;3,126658E-3;5,575699E-3;9,385125E-1;;
30/11/2021  14:47:40,606583;9,550110E-1;5,780180E-4;2,732311E-3;9,390412E-1;;
30/11/2021  14:47:40,606683;9,552851E-1;5,780180E-4;3,048243E-3;9,395737E-1;;
30/11/2021  14:47:40,606783;9,547547E-1;8,965980E-4;3,680107E-3;9,401093E-1;;
30/11/2021  14:47:40,606883;9,546176E-1;2,170918E-3;4,627903E-3;9,406473E-1;;
30/11/2021  14:47:40,606983;9,542540E-1;1,215178E-3;3,364175E-3;9,411866E-1;;
30/11/2021  14:47:40,607083;9,554014E-1;8,965980E-4;3,048243E-3;9,417263E-1;;
30/11/2021  14:47:40,607183;9,561733E-1;8,965980E-4;3,364175E-3;9,422655E-1;;
30/11/2021  14:47:40,607283;9,564922E-1;1,215178E-3;3,364175E-3;9,428035E-1;;
30/11/2021  14:47:40,607383;9,566501E-1;2,489498E-3;5,575699E-3;9,433396E-1;;
30/11/2021  14:47:40,607483;9,557352E-1;7,905358E-3;9,366883E-3;9,438732E-1;;
30/11/2021  14:47:40,607583;9,559170E-1;1,077258E-2;1,473773E-2;9,444035E-1;;
30/11/2021  14:47:40,607683;9,565458E-1;1,363980E-2;1,663332E-2;9,449297E-1;;
30/11/2021  14:47:40,607783;9,570346E-1;1,363980E-2;1,600145E-2;9,454513E-1;;
30/11/2021  14:47:40,607883;9,569303E-1;1,332122E-2;2,769094E-2;9,459674E-1;;
30/11/2021  14:47:40,607983;9,576157E-1;1,013542E-2;1,189434E-2;9,464776E-1;;
30/11/2021  14:47:40,608083;9,573267E-1;1,586986E-2;1,979264E-2;9,469813E-1;;
30/11/2021  14:47:40,608183;9,568319E-1;1,172832E-2;1,473773E-2;9,474781E-1;;
30/11/2021  14:47:40,608283;9,562150E-1;1,533758E-3;1,126247E-2;9,479673E-1;;
30/11/2021  14:47:40,608383;9,561316E-1;1,427696E-2;1,726518E-2;9,484483E-1;;
30/11/2021  14:47:40,608483;9,566024E-1;1,650702E-2;1,947671E-2;9,489204E-1;;
30/11/2021  14:47:40,608583;9,566740E-1;9,201048E-2;8,297904E-2;9,493829E-1;;
30/11/2021  14:47:40,608683;9,566591E-1;1,356559E-1;1,398468E-1;9,498353E-1;;
30/11/2021  14:47:40,608783;9,559796E-1;1,168597E-1;1,202590E-1;9,502770E-1;;
30/11/2021  14:47:40,608883;9,548619E-1;1,464877E-1;1,370034E-1;9,507074E-1;;
30/11/2021  14:47:40,608983;9,547487E-1;8,149734E-2;9,845971E-2;9,511259E-1;;
30/11/2021  14:47:40,609083;9,545162E-1;8,022302E-2;1,092014E-1;9,515316E-1;;
30/11/2021  14:47:40,609183;9,547368E-1;8,149734E-2;9,498445E-2;9,519239E-1;;
30/11/2021  14:47:40,609283;9,549186E-1;1,283286E-1;1,246821E-1;9,523021E-1;;
30/11/2021  14:47:40,609383;9,542867E-1;1,187712E-1;1,455336E-1;9,526657E-1;;
30/11/2021  14:47:40,609483;9,535446E-1;1,063466E-1;1,000394E-1;9,530142E-1;;
30/11/2021  14:47:40,609583;9,531036E-1;1,203641E-1;1,152041E-1;9,533470E-1;;
30/11/2021  14:47:40,609683;9,522542E-1;1,216384E-1;1,237343E-1;9,536635E-1;;
30/11/2021  14:47:40,609783;9,523972E-1;1,210013E-1;1,287892E-1;9,539632E-1;;
30/11/2021  14:47:40,609883;9,526982E-1;1,219570E-1;1,240502E-1;9,542455E-1;;
30/11/2021  14:47:40,609983;9,520426E-1;1,219570E-1;1,316326E-1;9,545099E-1;;
30/11/2021  14:47:40,610083;9,514435E-1;1,216384E-1;1,202590E-1;9,547562E-1;;
30/11/2021  14:47:40,610183;9,508981E-1;1,257800E-1;1,218387E-1;9,549839E-1;;
30/11/2021  14:47:40,610283;9,502037E-1;1,149482E-1;1,095173E-1;9,551928E-1;;
30/11/2021  14:47:40,610383;9,499385E-1;1,283286E-1;1,395309E-1;9,553823E-1;;
30/11/2021  14:47:40,610483;9,498968E-1;1,305587E-1;1,142563E-1;9,555523E-1;;
30/11/2021  14:47:40,610583;9,494229E-1;1,286472E-1;1,354238E-1;9,557025E-1;;
30/11/2021  14:47:40,610683;9,485556E-1;5,728526E-2;8,234717E-2;9,558326E-1;;
30/11/2021  14:47:40,610783;9,468896E-1;1,178155E-1;1,253139E-1;9,559424E-1;;
30/11/2021  14:47:40,610883;9,463025E-1;1,235499E-1;1,370034E-1;9,560317E-1;;
30/11/2021  14:47:40,610983;9,452177E-1;1,289658E-1;1,268936E-1;9,561001E-1;;
30/11/2021  14:47:40,611083;9,443772E-1;1,082581E-1;1,167838E-1;9,561470E-1;;
30/11/2021  14:47:40,611183;9,442133E-1;1,190898E-1;1,240502E-1;9,561721E-1;;
30/11/2021  14:47:40,611283;9,432805E-1;1,318330E-1;1,284732E-1;9,561750E-1;;
30/11/2021  14:47:40,611383;9,420496E-1;1,429833E-1;1,480610E-1;9,561553E-1;;
30/11/2021  14:47:40,611483;9,409350E-1;1,401161E-1;1,328963E-1;9,561127E-1;;
30/11/2021  14:47:40,611583;9,394210E-1;1,404346E-1;1,335282E-1;9,560468E-1;;
30/11/2021  14:47:40,611683;9,387504E-1;1,471248E-1;1,467973E-1;9,559572E-1;;
30/11/2021  14:47:40,611783;9,382736E-1;1,082581E-1;1,284732E-1;9,558434E-1;;
30/11/2021  14:47:40,611883;9,368788E-1;9,806350E-2;1,000394E-1;9,557051E-1;;
30/11/2021  14:47:40,611983;9,363900E-1;1,204690E-2;5,580889E-2;9,555418E-1;;
30/11/2021  14:47:40,612083;9,351264E-1;8,213450E-2;7,476481E-2;9,553534E-1;;
30/11/2021  14:47:40,612183;9,337614E-1;1,015679E-1;9,877564E-2;9,551396E-1;;
30/11/2021  14:47:40,612283;9,330044E-1;1,041165E-1;1,291051E-1;9,549002E-1;;
30/11/2021  14:47:40,612383;9,322832E-1;9,615202E-2;9,466852E-2;9,546348E-1;;
30/11/2021  14:47:40,612483;9,318659E-1;1,092138E-1;1,088855E-1;9,543435E-1;;
30/11/2021  14:47:40,612583;9,313861E-1;9,710776E-2;1,050943E-1;9,540262E-1;;
30/11/2021  14:47:40,612683;9,309272E-1;6,939130E-2;8,582243E-2;9,536830E-1;;
30/11/2021  14:47:40,612783;9,299466E-1;1,417090E-1;1,872366E-1;9,533144E-1;;
30/11/2021  14:47:40,612883;9,290287E-1;8,818752E-2;9,845971E-2;9,529205E-1;;
30/11/2021  14:47:40,612983;9,287456E-1;9,201048E-2;1,000394E-1;9,525019E-1;;
30/11/2021  14:47:40,613083;9,282717E-1;9,264764E-2;1,013031E-1;9,520590E-1;;
30/11/2021  14:47:40,613183;9,284028E-1;9,201048E-2;1,038306E-1;9,515925E-1;;
30/11/2021  14:47:40,613283;9,290347E-1;7,385142E-2;8,898175E-2;9,511031E-1;;
30/11/2021  14:47:40,613383;9,280720E-1;7,512574E-2;9,056141E-2;9,505919E-1;;
30/11/2021  14:47:40,613483;9,275535E-1;9,870066E-2;1,126766E-1;9,500600E-1;;
30/11/2021  14:47:40,613583;9,274998E-1;1,069837E-1;9,593225E-2;9,495086E-1;;
30/11/2021  14:47:40,613683;9,272733E-1;1,286472E-1;1,458495E-1;9,489389E-1;;
30/11/2021  14:47:40,613783;9,277800E-1;1,477620E-1;1,692285E-1;9,483522E-1;;
30/11/2021  14:47:40,613883;9,282240E-1;1,490363E-1;1,546956E-1;9,477499E-1;;
30/11/2021  14:47:40,613983;9,287664E-1;6,047106E-2;6,244346E-2;9,471338E-1;;
30/11/2021  14:47:40,614083;9,291479E-1;1,130368E-1;1,092014E-1;9,465055E-1;;
30/11/2021  14:47:40,614183;9,288290E-1;1,270543E-1;1,174156E-1;9,458670E-1;;
30/11/2021  14:47:40,614283;9,293476E-1;1,165411E-1;1,129926E-1;9,452203E-1;;
30/11/2021  14:47:40,614383;9,296307E-1;1,391603E-1;1,344760E-1;9,445672E-1;;
30/11/2021  14:47:40,614483;9,301851E-1;7,799296E-2;8,961361E-2;9,439099E-1;;
30/11/2021  14:47:40,614583;9,309123E-1;1,104881E-1;9,972343E-2;9,432502E-1;;
30/11/2021  14:47:40,614683;9,307036E-1;1,286472E-1;1,379512E-1;9,425904E-1;;
30/11/2021  14:47:40,614783;9,311060E-1;1,633724E-1;1,512204E-1;9,419326E-1;;
30/11/2021  14:47:40,614883;9,300003E-1;7,448858E-2;7,508074E-2;9,412786E-1;;
30/11/2021  14:47:40,614983;9,300241E-1;9,678918E-2;8,740209E-2;9,406303E-1;;
30/11/2021  14:47:40,615083;9,306619E-1;4,517922E-2;4,664686E-2;9,399894E-1;;
30/11/2021  14:47:40,615183;9,309987E-1;1,206827E-1;1,139404E-1;9,393574E-1;;
30/11/2021  14:47:40,615283;9,307007E-1;1,385232E-1;1,708081E-1;9,387359E-1;;
30/11/2021  14:47:40,615383;9,308109E-1;9,041758E-2;3,906449E-2;9,381263E-1;;
30/11/2021  14:47:40,615483;9,302059E-1;1,254614E-1;1,392149E-1;9,375299E-1;;
30/11/2021  14:47:40,615583;9,299288E-1;1,181340E-1;1,287892E-1;9,369479E-1;;
30/11/2021  14:47:40,615683;9,300062E-1;1,095324E-1;1,126766E-1;9,363812E-1;;
30/11/2021  14:47:40,615783;9,298095E-1;1,257800E-1;1,234183E-1;9,358308E-1;;
30/11/2021  14:47:40,615883;9,305427E-1;1,133553E-1;1,215227E-1;9,352972E-1;;
30/11/2021  14:47:40,615983;9,308526E-1;1,006121E-1;7,981972E-2;9,347813E-1;;
30/11/2021  14:47:40,616083;9,306738E-1;1,095324E-1;1,016190E-1;9,342838E-1;;
30/11/2021  14:47:40,616183;9,300658E-1;1,155854E-1;1,069899E-1;9,338052E-1;;
30/11/2021  14:47:40,616283;9,303996E-1;1,388417E-1;1,347919E-1;9,333460E-1;;
30/11/2021  14:47:40,616383;9,300956E-1;7,289568E-2;5,612482E-2;9,329067E-1;;
30/11/2021  14:47:40,616483;9,301702E-1;1,280100E-1;1,354238E-1;9,324873E-1;;
30/11/2021  14:47:40,616583;9,299496E-1;1,222756E-1;1,193112E-1;9,320882E-1;;
30/11/2021  14:47:40,616683;9,304890E-1;1,225942E-1;1,373193E-1;9,317092E-1;;
30/11/2021  14:47:40,616783;9,300956E-1;1,555128E-2;1,631739E-2;9,313506E-1;;
30/11/2021  14:47:40,616883;9,295681E-1;1,018865E-1;1,752312E-1;9,310122E-1;;
30/11/2021  14:47:40,616983;9,295801E-1;1,751599E-1;1,641736E-1;9,306938E-1;;
30/11/2021  14:47:40,617083;9,294310E-1;1,210013E-1;1,272095E-1;9,303951E-1;;
30/11/2021  14:47:40,617183;9,296993E-1;1,216384E-1;1,246821E-1;9,301159E-1;;
30/11/2021  14:47:40,617283;9,300241E-1;1,264171E-1;1,281573E-1;9,298556E-1;;
30/11/2021  14:47:40,617383;9,301314E-1;1,286472E-1;1,303688E-1;9,296141E-1;;
30/11/2021  14:47:40,617483;9,291479E-1;1,216384E-1;1,363715E-1;9,293909E-1;;
30/11/2021  14:47:40,617583;9,287456E-1;1,168597E-1;1,167838E-1;9,291854E-1;;
30/11/2021  14:47:40,617683;9,283492E-1;2,710524E-1;2,267281E-1;9,289972E-1;;
30/11/2021  14:47:40,617783;9,276220E-1;1,461691E-1;1,398468E-1;9,288254E-1;;
30/11/2021  14:47:40,617883;9,287366E-1;1,267357E-1;1,291051E-1;9,286691E-1;;
30/11/2021  14:47:40,617983;9,287992E-1;4,071910E-2;7,824006E-2;9,285276E-1;;
30/11/2021  14:47:40,618083;9,280929E-1;1,120810E-1;9,845971E-2;9,284002E-1;;
30/11/2021  14:47:40,618183;9,280452E-1;1,012493E-1;1,085695E-1;9,282862E-1;;
30/11/2021  14:47:40,618283;9,282210E-1;5,824100E-2;9,498445E-2;9,281847E-1;;
30/11/2021  14:47:40,618383;9,275892E-1;2,258141E-1;1,625939E-1;9,280950E-1;;
30/11/2021  14:47:40,618483;9,276816E-1;1,296029E-1;1,313166E-1;9,280164E-1;;
30/11/2021  14:47:40,618583;9,285459E-1;1,162226E-1;1,474292E-1;9,279480E-1;;
30/11/2021  14:47:40,618683;9,294012E-1;1,232313E-1;1,202590E-1;9,278892E-1;;
30/11/2021  14:47:40,618783;9,297052E-1;1,538150E-1;1,720719E-1;9,278395E-1;;
30/11/2021  14:47:40,618883;9,297678E-1;1,455319E-1;1,569071E-1;9,277986E-1;;
30/11/2021  14:47:40,618983;9,295860E-1;1,793014E-1;1,638576E-1;9,277663E-1;;
30/11/2021  14:47:40,619083;9,304801E-1;1,347002E-1;1,436380E-1;9,277421E-1;;
30/11/2021  14:47:40,619183;9,317616E-1;1,337445E-1;1,363715E-1;9,277258E-1;;
30/11/2021  14:47:40,619283;9,325961E-1;1,213198E-1;1,022509E-1;9,277176E-1;;
30/11/2021  14:47:40,619383;9,331356E-1;1,241871E-1;1,360556E-1;9,277174E-1;;
30/11/2021  14:47:40,619483;9,332816E-1;1,248242E-1;1,063580E-1;9,277255E-1;;
30/11/2021  14:47:40,619583;9,335588E-1;1,073023E-1;7,729226E-2;9,277422E-1;;
30/11/2021  14:47:40,619683;9,337733E-1;1,264171E-1;1,240502E-1;9,277676E-1;;
30/11/2021  14:47:40,619783;9,347211E-1;1,426647E-1;1,528000E-1;9,278019E-1;;
30/11/2021  14:47:40,619883;9,354721E-1;8,627604E-2;9,782784E-2;9,278453E-1;;
30/11/2021  14:47:40,619983;9,361606E-1;1,410718E-1;1,294210E-1;9,278982E-1;;
30/11/2021  14:47:40,620083;9,366672E-1;7,417000E-2;1,054102E-1;9,279608E-1;;
30/11/2021  14:47:40,620183;9,367775E-1;1,002936E-1;1,335282E-1;9,280336E-1;;
30/11/2021  14:47:40,620283;9,369027E-1;1,566822E-1;1,840773E-1;9,281167E-1;;
30/11/2021  14:47:40,620383;9,369354E-1;1,085766E-1;1,471132E-1;9,282104E-1;;
30/11/2021  14:47:40,620483;9,377967E-1;1,289658E-1;1,325804E-1;9,283148E-1;;
30/11/2021  14:47:40,620583;9,383332E-1;1,257800E-1;1,249980E-1;9,284300E-1;;
30/11/2021  14:47:40,620683;9,394061E-1;1,082581E-1;9,719598E-2;9,285562E-1;;
30/11/2021  14:47:40,620783;9,395551E-1;1,401161E-1;1,366875E-1;9,286935E-1;;
30/11/2021  14:47:40,620883;9,393018E-1;1,194084E-1;1,218387E-1;9,288421E-1;;
30/11/2021  14:47:40,620983;9,396207E-1;1,238685E-1;1,104651E-1;9,290020E-1;;
30/11/2021  14:47:40,621083;9,398532E-1;1,018865E-1;1,379512E-1;9,291731E-1;;
30/11/2021  14:47:40,621183;9,410930E-1;1,155854E-1;1,152041E-1;9,293555E-1;;
30/11/2021  14:47:40,621283;9,417725E-1;1,401161E-1;1,540637E-1;9,295490E-1;;
30/11/2021  14:47:40,621383;9,427113E-1;1,391603E-1;1,436380E-1;9,297537E-1;;
30/11/2021  14:47:40,621483;9,422255E-1;1,420275E-1;1,467973E-1;9,299697E-1;;
30/11/2021  14:47:40,621583;9,421182E-1;4,677212E-2;6,275939E-2;9,301968E-1;;
30/11/2021  14:47:40,621683;9,417188E-1;1,311958E-1;1,253139E-1;9,304350E-1;;
30/11/2021  14:47:40,621783;9,416026E-1;1,155854E-1;1,316326E-1;9,306838E-1;;
30/11/2021  14:47:40,621883;9,429288E-1;1,343816E-1;1,278414E-1;9,309429E-1;;
30/11/2021  14:47:40,621983;9,428126E-1;1,359745E-1;1,272095E-1;9,312116E-1;;
30/11/2021  14:47:40,622083;9,427709E-1;1,318330E-1;1,297370E-1;9,314897E-1;;
30/11/2021  14:47:40,622183;9,424997E-1;1,362931E-1;1,218387E-1;9,317766E-1;;
30/11/2021  14:47:40,622283;9,424639E-1;1,385232E-1;1,363715E-1;9,320717E-1;;
30/11/2021  14:47:40,622383;9,422910E-1;1,130368E-1;1,161519E-1;9,323743E-1;;
30/11/2021  14:47:40,622483;9,419900E-1;1,194084E-1;1,193112E-1;9,326837E-1;;
30/11/2021  14:47:40,622583;9,427053E-1;1,206827E-1;1,249980E-1;9,329989E-1;;
30/11/2021  14:47:40,622683;9,427500E-1;1,171783E-1;1,341600E-1;9,333193E-1;;
30/11/2021  14:47:40,622783;9,429765E-1;1,171783E-1;1,189953E-1;9,336440E-1;;
30/11/2021  14:47:40,622883;9,424430E-1;1,181340E-1;1,300529E-1;9,339723E-1;;
30/11/2021  14:47:40,622983;9,416413E-1;1,248242E-1;1,313166E-1;9,343034E-1;;
30/11/2021  14:47:40,623083;9,415430E-1;1,082581E-1;1,104651E-1;9,346363E-1;;
30/11/2021  14:47:40,623183;9,412181E-1;1,197269E-1;1,303688E-1;9,349700E-1;;
30/11/2021  14:47:40,623283;9,413165E-1;1,213198E-1;1,268936E-1;9,353036E-1;;
30/11/2021  14:47:40,623383;9,410244E-1;1,031608E-1;1,183634E-1;9,356359E-1;;
30/11/2021  14:47:40,623483;9,406966E-1;1,197269E-1;1,404787E-1;9,359660E-1;;
30/11/2021  14:47:40,623583;9,404313E-1;1,127182E-1;1,240502E-1;9,362929E-1;;
30/11/2021  14:47:40,623683;9,398651E-1;1,130368E-1;1,249980E-1;9,366155E-1;;
30/11/2021  14:47:40,623783;9,399694E-1;1,162226E-1;1,332122E-1;9,369328E-1;;
30/11/2021  14:47:40,623883;9,397399E-1;-4,529750E-2;4,285567E-2;9,372439E-1;;
30/11/2021  14:47:40,623983;9,405416E-1;1,248242E-1;1,057261E-1;9,375478E-1;;
30/11/2021  14:47:40,624083;9,401303E-1;1,215178E-3;3,680107E-3;9,378438E-1;;
30/11/2021  14:47:40,624183;9,391826E-1;6,949618E-3;8,419087E-3;9,381312E-1;;
30/11/2021  14:47:40,624283;9,382557E-1;8,542518E-3;1,031468E-2;9,384091E-1;;
30/11/2021  14:47:40,624383;9,375673E-1;1,236548E-2;1,410586E-2;9,386769E-1;;
30/11/2021  14:47:40,624483;9,371172E-1;1,395838E-2;1,568552E-2;9,389336E-1;;
30/11/2021  14:47:40,624583;9,369652E-1;6,631038E-3;7,471291E-3;9,391782E-1;;
30/11/2021  14:47:40,624683;9,363751E-1;8,223938E-3;9,998747E-3;9,394099E-1;;
30/11/2021  14:47:40,624783;9,359817E-1;8,861098E-3;1,094654E-2;9,396278E-1;;
30/11/2021  14:47:40,624883;9,350638E-1;6,949618E-3;9,050951E-3;9,398313E-1;;
30/11/2021  14:47:40,624983;9,347300E-1;5,675298E-3;6,523495E-3;9,400195E-1;;
30/11/2021  14:47:40,625083;9,340207E-1;4,400978E-3;6,207563E-3;9,401916E-1;;
30/11/2021  14:47:40,625183;9,340952E-1;7,586778E-3;9,050951E-3;9,403470E-1;;
30/11/2021  14:47:40,625283;9,339998E-1;1,852338E-3;3,996039E-3;9,404851E-1;;
30/11/2021  14:47:40,625383;9,340803E-1;1,215178E-3;3,680107E-3;9,406053E-1;;
30/11/2021  14:47:40,625483;9,342800E-1;1,215178E-3;3,364175E-3;9,407074E-1;;
30/11/2021  14:47:40,625583;9,342412E-1;1,852338E-3;3,996039E-3;9,407913E-1;;
30/11/2021  14:47:40,625683;9,339194E-1;8,965980E-4;3,364175E-3;9,408569E-1;;
30/11/2021  14:47:40,625783;9,334515E-1;5,038138E-3;6,839427E-3;9,409044E-1;;
30/11/2021  14:47:40,625883;9,340445E-1;1,215178E-3;3,680107E-3;9,409339E-1;;
30/11/2021  14:47:40,625983;9,340416E-1;2,808078E-3;4,627903E-3;9,409456E-1;;
30/11/2021  14:47:40,626083;9,343158E-1;1,215178E-3;3,680107E-3;9,409400E-1;;
30/11/2021  14:47:40,626183;9,343634E-1;5,780180E-4;3,364175E-3;9,409174E-1;;
30/11/2021  14:47:40,626283;9,335915E-1;1,533758E-3;3,364175E-3;9,408787E-1;;
30/11/2021  14:47:40,626383;9,333412E-1;8,965980E-4;3,680107E-3;9,408242E-1;;
30/11/2021  14:47:40,626483;9,335886E-1;1,215178E-3;3,364175E-3;9,407546E-1;;
30/11/2021  14:47:40,626583;9,331803E-1;3,763818E-3;5,259767E-3;9,406706E-1;;
30/11/2021  14:47:40,626683;9,338449E-1;8,965980E-4;3,364175E-3;9,405726E-1;;
30/11/2021  14:47:40,626783;9,337227E-1;1,215178E-3;3,364175E-3;9,404615E-1;;
30/11/2021  14:47:40,626883;9,337733E-1;1,215178E-3;3,680107E-3;9,403379E-1;;
30/11/2021  14:47:40,626983;9,330312E-1;8,965980E-4;3,048243E-3;9,402029E-1;;
30/11/2021  14:47:40,627083;9,332726E-1;8,965980E-4;3,364175E-3;9,400570E-1;;
30/11/2021  14:47:40,627183;9,337495E-1;8,965980E-4;3,364175E-3;9,399011E-1;;
30/11/2021  14:47:40,627283;9,350310E-1;1,215178E-3;3,680107E-3;9,397361E-1;;
30/11/2021  14:47:40,627383;9,348105E-1;5,780180E-4;3,364175E-3;9,395629E-1;;
30/11/2021  14:47:40,627483;9,357880E-1;3,763818E-3;9,998747E-3;9,393827E-1;;
30/11/2021  14:47:40,627583;9,361933E-1;9,179678E-3;1,347400E-2;9,391967E-1;;
30/11/2021  14:47:40,627683;9,367149E-1;8,542518E-3;1,347400E-2;9,390061E-1;;
30/11/2021  14:47:40,627783;9,374004E-1;1,077258E-2;1,789705E-2;9,388124E-1;;
30/11/2021  14:47:40,627883;9,377699E-1;1,491412E-2;1,726518E-2;9,386169E-1;;
30/11/2021  14:47:40,627983;9,394240E-1;1,523270E-2;1,758111E-2;9,384211E-1;;
30/11/2021  14:47:40,628083;9,401661E-1;8,542518E-3;9,366883E-3;9,382264E-1;;
30/11/2021  14:47:40,628183;9,411675E-1;1,746276E-2;1,916077E-2;9,380344E-1;;
30/11/2021  14:47:40,628283;9,412211E-1;1,555128E-2;1,789705E-2;9,378469E-1;;
30/11/2021  14:47:40,628383;9,415132E-1;1,031608E-1;1,145722E-1;9,376655E-1;;
30/11/2021  14:47:40,628483;9,416443E-1;8,181592E-2;8,708615E-2;9,374916E-1;;
30/11/2021  14:47:40,628583;9,427470E-1;1,841850E-2;2,737501E-2;9,373266E-1;;
30/11/2021  14:47:40,628683;9,434295E-1;1,809992E-2;3,716890E-2;9,371718E-1;;
30/11/2021  14:47:40,628783;9,437812E-1;1,120810E-1;1,316326E-1;9,370285E-1;;
30/11/2021  14:47:40,628883;9,438199E-1;8,946184E-2;1,461654E-1;9,368978E-1;;
30/11/2021  14:47:40,628983;9,437246E-1;7,162136E-2;6,749837E-2;9,367809E-1;;
30/11/2021  14:47:40,629083;9,438289E-1;1,318330E-1;1,651214E-1;9,366786E-1;;
30/11/2021  14:47:40,629183;9,444935E-1;8,404598E-2;9,245700E-2;9,365916E-1;;
30/11/2021  14:47:40,629283;9,448839E-1;2,861306E-2;4,917431E-2;9,365205E-1;;
30/11/2021  14:47:40,629383;9,448809E-1;1,213198E-1;1,246821E-1;9,364658E-1;;
30/11/2021  14:47:40,629483;9,452475E-1;1,152668E-1;1,189953E-1;9,364280E-1;;
30/11/2021  14:47:40,629583;9,443355E-1;1,235499E-1;1,278414E-1;9,364073E-1;;
30/11/2021  14:47:40,629683;9,442819E-1;1,184526E-1;1,208909E-1;9,364038E-1;;
30/11/2021  14:47:40,629783;9,444905E-1;1,232313E-1;1,249980E-1;9,364173E-1;;
30/11/2021  14:47:40,629883;9,441299E-1;1,264171E-1;1,306848E-1;9,364477E-1;;
30/11/2021  14:47:40,629983;9,446842E-1;1,216384E-1;1,218387E-1;9,364944E-1;;
30/11/2021  14:47:40,630083;9,446514E-1;1,165411E-1;8,866581E-2;9,365572E-1;;
30/11/2021  14:47:40,630183;9,442014E-1;1,229127E-1;1,572231E-1;9,366356E-1;;
30/11/2021  14:47:40,630283;9,440524E-1;1,022050E-1;7,413294E-2;9,367288E-1;;
30/11/2021  14:47:40,630383;9,436053E-1;6,365686E-2;4,949025E-2;9,368363E-1;;
30/11/2021  14:47:40,630483;9,431583E-1;5,282514E-2;9,182514E-2;9,369571E-1;;
30/11/2021  14:47:40,630583;9,434623E-1;1,187712E-1;1,212068E-1;9,370904E-1;;
30/11/2021  14:47:40,630683;9,436948E-1;5,792242E-2;1,262617E-1;9,372351E-1;;
30/11/2021  14:47:40,630783;9,434057E-1;1,206827E-1;1,199431E-1;9,373903E-1;;
30/11/2021  14:47:40,630883;9,431792E-1;1,238685E-1;1,461654E-1;9,375551E-1;;
30/11/2021  14:47:40,630983;9,427560E-1;1,531778E-1;1,613302E-1;9,377284E-1;;
30/11/2021  14:47:40,631083;9,414923E-1;2,267698E-1;1,869207E-1;9,379092E-1;;
30/11/2021  14:47:40,631183;9,410810E-1;1,397975E-1;1,458495E-1;9,380963E-1;;
30/11/2021  14:47:40,631283;9,412181E-1;1,394789E-1;1,483770E-1;9,382883E-1;;
30/11/2021  14:47:40,631383;9,417844E-1;1,031608E-1;7,729226E-2;9,384839E-1;;
30/11/2021  14:47:40,631483;9,412569E-1;1,464877E-1;1,464814E-1;9,386820E-1;;
30/11/2021  14:47:40,631583;9,407085E-1;1,315144E-1;1,085695E-1;9,388815E-1;;
30/11/2021  14:47:40,631683;9,401601E-1;2,988738E-2;7,697633E-2;9,390812E-1;;
30/11/2021  14:47:40,631783;9,400022E-1;1,092138E-1;1,249980E-1;9,392800E-1;;
30/11/2021  14:47:40,631883;9,401512E-1;1,397975E-1;1,490088E-1;9,394767E-1;;
30/11/2021  14:47:40,631983;9,411108E-1;9,264764E-2;1,060421E-1;9,396703E-1;;
30/11/2021  14:47:40,632083;9,409380E-1;1,245056E-1;1,234183E-1;9,398600E-1;;
30/11/2021  14:47:40,632183;9,419990E-1;8,309024E-2;1,123607E-1;9,400452E-1;;
30/11/2021  14:47:40,632283;9,415400E-1;1,722926E-1;1,995579E-1;9,402253E-1;;
30/11/2021  14:47:40,632383;9,412867E-1;9,710776E-2;1,976624E-1;9,403999E-1;;
30/11/2021  14:47:40,632483;9,414744E-1;-6,536804E-2;5,259767E-3;9,405687E-1;;
30/11/2021  14:47:40,632583;9,418440E-1;1,216384E-1;1,193112E-1;9,407314E-1;;
30/11/2021  14:47:40,632683;9,428811E-1;1,120810E-1;1,183634E-1;9,408876E-1;;
30/11/2021  14:47:40,632783;9,429080E-1;-1,503240E-2;3,843263E-2;9,410374E-1;;
30/11/2021  14:47:40,632883;9,430063E-1;8,978042E-2;8,929768E-2;9,411809E-1;;
30/11/2021  14:47:40,632983;9,434444E-1;1,034794E-1;1,031987E-1;9,413181E-1;;
30/11/2021  14:47:40,633083;9,431613E-1;9,424054E-2;9,150920E-2;9,414493E-1;;
30/11/2021  14:47:40,633183;9,431434E-1;5,218798E-2;6,749837E-2;9,415746E-1;;
30/11/2021  14:47:40,633283;9,432686E-1;8,850610E-2;9,372073E-2;9,416941E-1;;
30/11/2021  14:47:40,633383;9,439511E-1;-2,586412E-2;4,727872E-2;9,418081E-1;;
30/11/2021  14:47:40,633483;9,438825E-1;1,101695E-1;1,234183E-1;9,419168E-1;;
30/11/2021  14:47:40,633583;9,441656E-1;9,455912E-2;1,133085E-1;9,420204E-1;;
30/11/2021  14:47:40,633683;9,439332E-1;9,551486E-2;1,215227E-1;9,421193E-1;;
30/11/2021  14:47:40,633783;9,436024E-1;1,746276E-2;6,497092E-2;9,422138E-1;;
30/11/2021  14:47:40,633883;9,441388E-1;8,277166E-2;9,561632E-2;9,423040E-1;;
30/11/2021  14:47:40,633983;9,453548E-1;8,595746E-2;9,656411E-2;9,423902E-1;;
30/11/2021  14:47:40,634083;9,460015E-1;9,009900E-2;1,006712E-1;9,424729E-1;;
30/11/2021  14:47:40,634183;9,467317E-1;1,018865E-1;1,170997E-1;9,425525E-1;;
30/11/2021  14:47:40,634283;9,464873E-1;1,130368E-1;1,101492E-1;9,426297E-1;;
30/11/2021  14:47:40,634383;9,465886E-1;9,009900E-2;8,866581E-2;9,427051E-1;;
30/11/2021  14:47:40,634483;9,472592E-1;1,302401E-1;1,186794E-1;9,427794E-1;;
30/11/2021  14:47:40,634583;9,476258E-1;1,356559E-1;1,199431E-1;9,428530E-1;;
30/11/2021  14:47:40,634683;9,481145E-1;1,385232E-1;1,107811E-1;9,429266E-1;;
30/11/2021  14:47:40,634783;9,490146E-1;1,605052E-1;1,717559E-1;9,430009E-1;;
30/11/2021  14:47:40,634883;9,489222E-1;1,538150E-1;1,268936E-1;9,430764E-1;;
30/11/2021  14:47:40,634983;9,481592E-1;1,611423E-1;1,502726E-1;9,431538E-1;;
30/11/2021  14:47:40,635083;9,477718E-1;1,203641E-1;1,212068E-1;9,432336E-1;;
30/11/2021  14:47:40,635183;9,480430E-1;6,110822E-2;6,054787E-2;9,433160E-1;;
30/11/2021  14:47:40,635283;9,477122E-1;1,181340E-1;1,208909E-1;9,434012E-1;;
30/11/2021  14:47:40,635383;9,480073E-1;1,210013E-1;1,205749E-1;9,434893E-1;;
30/11/2021  14:47:40,635483;9,479059E-1;1,238685E-1;1,196272E-1;9,435803E-1;;
30/11/2021  14:47:40,635583;9,479119E-1;1,324701E-1;1,373193E-1;9,436742E-1;;
30/11/2021  14:47:40,635683;9,475036E-1;1,305587E-1;1,294210E-1;9,437711E-1;;
30/11/2021  14:47:40,635783;9,471161E-1;1,362931E-1;1,344760E-1;9,438706E-1;;
30/11/2021  14:47:40,635883;9,468360E-1;1,595494E-1;1,546956E-1;9,439726E-1;;
30/11/2021  14:47:40,635983;9,469343E-1;4,082398E-3;4,311971E-3;9,440768E-1;;
30/11/2021  14:47:40,636083;9,468539E-1;-4,689040E-2;-1,180056E-2;9,441829E-1;;
30/11/2021  14:47:40,636183;9,471936E-1;1,123996E-1;1,041465E-1;9,442903E-1;;
30/11/2021  14:47:40,636283;9,458436E-1;4,836502E-2;4,222381E-2;9,443989E-1;;
30/11/2021  14:47:40,636383;9,457214E-1;1,181340E-1;1,022509E-1;9,445082E-1;;
30/11/2021  14:47:40,636483;9,455932E-1;1,327887E-1;1,420583E-1;9,446175E-1;;
30/11/2021  14:47:40,636583;9,452624E-1;1,136739E-1;1,300529E-1;9,447264E-1;;
30/11/2021  14:47:40,636683;9,455038E-1;1,241871E-1;1,218387E-1;9,448343E-1;;
30/11/2021  14:47:40,636783;9,456707E-1;1,092138E-1;1,193112E-1;9,449406E-1;;
30/11/2021  14:47:40,636883;9,458644E-1;1,682560E-2;4,411940E-2;9,450449E-1;;
30/11/2021  14:47:40,636983;9,451730E-1;1,216384E-1;1,227865E-1;9,451469E-1;;
30/11/2021  14:47:40,637083;9,450031E-1;1,245056E-1;1,212068E-1;9,452461E-1;;
30/11/2021  14:47:40,637183;9,446395E-1;1,273729E-1;1,249980E-1;9,453421E-1;;
30/11/2021  14:47:40,637283;9,446216E-1;1,334259E-1;1,335282E-1;9,454345E-1;;
30/11/2021  14:47:40,637383;9,447706E-1;1,066652E-1;1,158360E-1;9,455228E-1;;
30/11/2021  14:47:40,637483;9,448064E-1;1,130368E-1;1,221546E-1;9,456067E-1;;
30/11/2021  14:47:40,637583;9,441239E-1;6,652408E-2;8,803395E-2;9,456859E-1;;
30/11/2021  14:47:40,637683;9,433431E-1;1,200455E-1;1,212068E-1;9,457601E-1;;
30/11/2021  14:47:40,637783;9,423328E-1;1,098510E-1;9,845971E-2;9,458287E-1;;
30/11/2021  14:47:40,637883;9,414029E-1;1,296029E-1;1,449017E-1;9,458914E-1;;
30/11/2021  14:47:40,637983;9,418827E-1;1,216384E-1;1,104651E-1;9,459474E-1;;
30/11/2021  14:47:40,638083;9,413135E-1;2,829448E-2;8,266311E-2;9,459961E-1;;
30/11/2021  14:47:40,638183;9,411794E-1;1,276914E-1;1,249980E-1;9,460370E-1;;
30/11/2021  14:47:40,638283;9,405088E-1;4,422348E-2;1,063061E-2;9,460695E-1;;
30/11/2021  14:47:40,638383;9,399545E-1;1,114439E-1;1,249980E-1;9,460933E-1;;
30/11/2021  14:47:40,638483;9,393346E-1;1,280100E-1;1,240502E-1;9,461077E-1;;
30/11/2021  14:47:40,638583;9,392303E-1;1,241871E-1;1,275255E-1;9,461124E-1;;
30/11/2021  14:47:40,638683;9,391528E-1;1,780271E-1;1,651214E-1;9,461068E-1;;
30/11/2021  14:47:40,638783;9,391051E-1;1,296029E-1;1,183634E-1;9,460905E-1;;
30/11/2021  14:47:40,638883;9,391021E-1;1,340630E-1;1,588027E-1;9,460635E-1;;
30/11/2021  14:47:40,638983;9,382080E-1;1,222756E-1;1,145722E-1;9,460253E-1;;
30/11/2021  14:47:40,639083;9,383332E-1;1,270543E-1;1,253139E-1;9,459761E-1;;
30/11/2021  14:47:40,639183;9,374987E-1;1,181340E-1;1,104651E-1;9,459155E-1;;
30/11/2021  14:47:40,639283;9,373616E-1;1,206827E-1;1,152041E-1;9,458436E-1;;
30/11/2021  14:47:40,639383;9,372245E-1;1,257800E-1;1,101492E-1;9,457602E-1;;
30/11/2021  14:47:40,639483;9,369861E-1;1,241871E-1;2,200935E-1;9,456653E-1;;
30/11/2021  14:47:40,639583;9,371053E-1;-1,439524E-2;-1,748734E-2;9,455591E-1;;
30/11/2021  14:47:40,639683;9,362470E-1;1,423461E-1;1,708081E-1;9,454415E-1;;
30/11/2021  14:47:40,639783;9,350638E-1;1,433019E-1;1,600664E-1;9,453128E-1;;
30/11/2021  14:47:40,639883;9,351949E-1;1,433019E-1;1,452176E-1;9,451729E-1;;
30/11/2021  14:47:40,639983;9,342085E-1;1,200455E-1;1,287892E-1;9,450219E-1;;
30/11/2021  14:47:40,640083;9,347419E-1;1,257800E-1;1,287892E-1;9,448598E-1;;
30/11/2021  14:47:40,640183;9,344260E-1;1,114439E-1;1,117289E-1;9,446866E-1;;
30/11/2021  14:47:40,640283;9,338598E-1;1,461691E-1;1,461654E-1;9,445027E-1;;
30/11/2021  14:47:40,640383;9,337346E-1;1,155854E-1;1,126766E-1;9,443080E-1;;
30/11/2021  14:47:40,640483;9,331862E-1;1,324701E-1;1,243661E-1;9,441030E-1;;
30/11/2021  14:47:40,640583;9,326796E-1;1,299215E-1;1,193112E-1;9,438878E-1;;
30/11/2021  14:47:40,640683;9,328792E-1;1,012493E-1;1,038306E-1;9,436627E-1;;
30/11/2021  14:47:40,640783;9,332667E-1;3,339176E-2;9,719598E-2;9,434280E-1;;
30/11/2021  14:47:40,640883;9,336690E-1;1,264171E-1;1,319485E-1;9,431841E-1;;
30/11/2021  14:47:40,640983;9,334276E-1;1,159040E-1;7,128955E-2;9,429315E-1;;
30/11/2021  14:47:40,641083;9,332220E-1;1,442576E-1;1,799702E-1;9,426711E-1;;
30/11/2021  14:47:40,641183;9,327213E-1;1,678325E-1;2,074562E-1;9,424033E-1;;
30/11/2021  14:47:40,641283;9,326378E-1;1,315144E-1;1,322644E-1;9,421289E-1;;
30/11/2021  14:47:40,641383;9,331534E-1;1,359745E-1;1,341600E-1;9,418484E-1;;
30/11/2021  14:47:40,641483;9,335170E-1;1,292843E-1;1,240502E-1;9,415626E-1;;
30/11/2021  14:47:40,641583;9,333203E-1;1,260985E-1;1,347919E-1;9,412721E-1;;
30/11/2021  14:47:40,641683;9,333323E-1;1,413904E-1;1,496407E-1;9,409779E-1;;
30/11/2021  14:47:40,641783;9,329508E-1;1,397975E-1;1,417424E-1;9,406808E-1;;
30/11/2021  14:47:40,641883;9,327988E-1;1,184526E-1;1,243661E-1;9,403814E-1;;
30/11/2021  14:47:40,641983;9,326498E-1;1,324701E-1;1,275255E-1;9,400806E-1;;
30/11/2021  14:47:40,642083;9,330819E-1;1,308772E-1;1,243661E-1;9,397789E-1;;
30/11/2021  14:47:40,642183;9,336184E-1;1,076209E-1;1,357397E-1;9,394772E-1;;
30/11/2021  14:47:40,642283;9,340296E-1;1,257800E-1;9,909157E-2;9,391760E-1;;
30/11/2021  14:47:40,642383;9,332816E-1;9,105474E-2;1,174156E-1;9,388764E-1;;
30/11/2021  14:47:40,642483;9,332667E-1;1,576380E-1;1,632258E-1;9,385791E-1;;
30/11/2021  14:47:40,642583;9,337525E-1;1,525407E-1;1,932393E-1;9,382848E-1;;
30/11/2021  14:47:40,642683;9,340296E-1;1,331073E-1;1,392149E-1;9,379942E-1;;
30/11/2021  14:47:40,642783;9,343426E-1;1,318330E-1;1,493248E-1;9,377079E-1;;
30/11/2021  14:47:40,642883;9,350280E-1;1,302401E-1;1,231024E-1;9,374269E-1;;
30/11/2021  14:47:40,642983;9,351651E-1;1,605052E-1;1,695444E-1;9,371517E-1;;
30/11/2021  14:47:40,643083;9,349923E-1;1,474434E-1;1,610142E-1;9,368834E-1;;
30/11/2021  14:47:40,643183;9,354393E-1;1,210013E-1;1,316326E-1;9,366226E-1;;
30/11/2021  14:47:40,643283;9,354960E-1;1,382046E-1;1,578549E-1;9,363700E-1;;
30/11/2021  14:47:40,643383;9,368907E-1;1,031608E-1;1,243661E-1;9,361262E-1;;
30/11/2021  14:47:40,643483;9,373169E-1;1,197269E-1;1,360556E-1;9,358922E-1;;
30/11/2021  14:47:40,643583;9,383988E-1;1,302401E-1;1,411105E-1;9,356686E-1;;
30/11/2021  14:47:40,643683;9,384166E-1;1,098510E-1;9,403666E-2;9,354565E-1;;
30/11/2021  14:47:40,643783;9,386581E-1;1,969282E-2;2,105637E-2;9,352565E-1;;
30/11/2021  14:47:40,643883;9,388369E-1;1,082581E-1;1,177316E-1;9,350697E-1;;
30/11/2021  14:47:40,643983;9,396326E-1;1,229127E-1;1,591187E-1;9,348965E-1;;
30/11/2021  14:47:40,644083;9,401631E-1;8,965980E-4;3,048243E-3;9,347378E-1;;
30/11/2021  14:47:40,644183;9,406429E-1;2,489498E-3;5,259767E-3;9,345941E-1;;
30/11/2021  14:47:40,644283;9,402615E-1;5,675298E-3;7,471291E-3;9,344661E-1;;
30/11/2021  14:47:40,644383;9,408635E-1;1,077258E-2;1,315807E-2;9,343542E-1;;
30/11/2021  14:47:40,644483;9,404880E-1;1,204690E-2;1,315807E-2;9,342589E-1;;
30/11/2021  14:47:40,644583;9,403747E-1;9,498258E-3;9,998747E-3;9,341802E-1;;
30/11/2021  14:47:40,644683;9,403658E-1;1,268406E-2;1,347400E-2;9,341183E-1;;
30/11/2021  14:47:40,644783;9,409201E-1;1,172832E-2;1,315807E-2;9,340732E-1;;
30/11/2021  14:47:40,644883;9,412420E-1;5,993878E-3;8,419087E-3;9,340447E-1;;
30/11/2021  14:47:40,644983;9,411585E-1;6,631038E-3;9,366883E-3;9,340327E-1;;
30/11/2021  14:47:40,645083;9,413880E-1;6,631038E-3;8,735019E-3;9,340370E-1;;
30/11/2021  14:47:40,645183;9,414476E-1;1,533758E-3;3,048243E-3;9,340573E-1;;
30/11/2021  14:47:40,645283;9,426546E-1;5,038138E-3;8,103155E-3;9,340934E-1;;
30/11/2021  14:47:40,645383;9,430063E-1;9,498258E-3;1,157841E-2;9,341449E-1;;
30/11/2021  14:47:40,645483;9,438408E-1;5,038138E-3;7,155359E-3;9,342118E-1;;
30/11/2021  14:47:40,645583;9,451968E-1;2,808078E-3;4,943835E-3;9,342938E-1;;
30/11/2021  14:47:40,645683;9,450270E-1;5,675298E-3;7,787223E-3;9,343909E-1;;
30/11/2021  14:47:40,645783;9,451611E-1;1,852338E-3;3,996039E-3;9,345032E-1;;
30/11/2021  14:47:40,645883;9,449644E-1;1,215178E-3;3,048243E-3;9,346304E-1;;
30/11/2021  14:47:40,645983;9,455425E-1;8,965980E-4;3,680107E-3;9,347724E-1;;
30/11/2021  14:47:40,646083;9,459270E-1;1,215178E-3;3,996039E-3;9,349287E-1;;
30/11/2021  14:47:40,646183;9,467704E-1;8,965980E-4;3,048243E-3;9,350992E-1;;
30/11/2021  14:47:40,646283;9,464813E-1;1,215178E-3;3,364175E-3;9,352834E-1;;
30/11/2021  14:47:40,646383;9,472622E-1;1,533758E-3;3,680107E-3;9,354811E-1;;
30/11/2021  14:47:40,646483;9,466363E-1;1,215178E-3;3,680107E-3;9,356918E-1;;
30/11/2021  14:47:40,646583;9,467853E-1;1,215178E-3;3,364175E-3;9,359151E-1;;
30/11/2021  14:47:40,646683;9,467108E-1;8,965980E-4;3,048243E-3;9,361505E-1;;
30/11/2021  14:47:40,646783;9,475036E-1;1,215178E-3;3,364175E-3;9,363972E-1;;
30/11/2021  14:47:40,646883;9,475095E-1;5,780180E-4;3,048243E-3;9,366546E-1;;
30/11/2021  14:47:40,646983;9,477003E-1;1,533758E-3;3,680107E-3;9,369221E-1;;
30/11/2021  14:47:40,647083;9,476615E-1;8,965980E-4;3,364175E-3;9,371990E-1;;
30/11/2021  14:47:40,647183;9,467883E-1;2,594380E-4;3,364175E-3;9,374847E-1;;
30/11/2021  14:47:40,647283;9,470685E-1;2,808078E-3;5,891631E-3;9,377782E-1;;
30/11/2021  14:47:40,647383;9,468747E-1;5,780180E-4;3,048243E-3;9,380786E-1;;
30/11/2021  14:47:40,647483;9,473963E-1;1,852338E-3;4,311971E-3;9,383851E-1;;
30/11/2021  14:47:40,647583;9,476347E-1;1,268406E-2;1,315807E-2;9,386967E-1;;
30/11/2021  14:47:40,647683;9,473337E-1;1,268406E-2;1,442179E-2;9,390125E-1;;
30/11/2021  14:47:40,647783;9,469165E-1;1,204690E-2;1,473773E-2;9,393318E-1;;
30/11/2021  14:47:40,647883;9,460105E-1;1,555128E-2;1,758111E-2;9,396536E-1;;
30/11/2021  14:47:40,647983;9,457571E-1;1,841850E-2;2,168823E-2;9,399768E-1;;
30/11/2021  14:47:40,648083;9,459956E-1;1,140974E-2;1,568552E-2;9,403003E-1;;
30/11/2021  14:47:40,648183;9,462727E-1;1,682560E-2;1,884484E-2;9,406230E-1;;
30/11/2021  14:47:40,648283;9,460552E-1;1,586986E-2;1,979264E-2;9,409440E-1;;
30/11/2021  14:47:40,648383;9,457690E-1;1,268406E-2;1,378993E-2;9,412623E-1;;
30/11/2021  14:47:40,648483;9,448213E-1;7,958586E-2;6,433905E-2;9,415769E-1;;
30/11/2021  14:47:40,648583;9,444190E-1;1,714418E-2;3,590517E-2;9,418869E-1;;
30/11/2021  14:47:40,648683;9,437454E-1;1,618844E-2;1,821298E-2;9,421912E-1;;
30/11/2021  14:47:40,648783;9,432328E-1;1,586986E-2;1,884484E-2;9,424886E-1;;
30/11/2021  14:47:40,648883;9,437901E-1;1,225942E-1;1,272095E-1;9,427781E-1;;
30/11/2021  14:47:40,648983;9,437246E-1;8,755036E-2;9,466852E-2;9,430587E-1;;
30/11/2021  14:47:40,649083;9,431225E-1;1,165411E-1;1,202590E-1;9,433295E-1;;
30/11/2021  14:47:40,649183;9,426219E-1;1,229127E-1;1,202590E-1;9,435898E-1;;
30/11/2021  14:47:40,649283;9,420318E-1;1,296029E-1;1,322644E-1;9,438386E-1;;
30/11/2021  14:47:40,649383;9,420526E-1;1,595494E-1;1,657532E-1;9,440752E-1;;
30/11/2021  14:47:40,649483;9,419096E-1;1,337445E-1;1,332122E-1;9,442988E-1;;
30/11/2021  14:47:40,649583;9,421718E-1;7,034704E-2;7,034176E-2;9,445088E-1;;
30/11/2021  14:47:40,649683;9,425503E-1;1,257800E-1;1,243661E-1;9,447047E-1;;
30/11/2021  14:47:40,649783;9,419245E-1;1,267357E-1;1,313166E-1;9,448862E-1;;
30/11/2021  14:47:40,649883;9,419841E-1;1,076209E-1;8,771802E-2;9,450531E-1;;
30/11/2021  14:47:40,649983;9,413999E-1;7,162136E-2;1,013031E-1;9,452050E-1;;
30/11/2021  14:47:40,650083;9,411287E-1;1,423461E-1;1,727037E-1;9,453419E-1;;
30/11/2021  14:47:40,650183;9,420288E-1;-1,917394E-2;9,656411E-2;9,454636E-1;;
30/11/2021  14:47:40,650283;9,420437E-1;1,213198E-1;1,256299E-1;9,455701E-1;;
30/11/2021  14:47:40,650383;9,419185E-1;1,334259E-1;1,638576E-1;9,456616E-1;;
30/11/2021  14:47:40,650483;9,414238E-1;1,251428E-1;1,259458E-1;9,457383E-1;;
30/11/2021  14:47:40,650583;9,412867E-1;1,340630E-1;1,316326E-1;9,458005E-1;;
30/11/2021  14:47:40,650683;9,411466E-1;1,331073E-1;1,423743E-1;9,458483E-1;;
30/11/2021  14:47:40,650783;9,416920E-1;1,079395E-1;1,189953E-1;9,458821E-1;;
30/11/2021  14:47:40,650883;9,416890E-1;1,012493E-1;9,214107E-2;9,459023E-1;;
30/11/2021  14:47:40,650983;9,420139E-1;1,206827E-1;1,588027E-1;9,459092E-1;;
30/11/2021  14:47:40,651083;9,418798E-1;1,544522E-1;1,284732E-1;9,459036E-1;;
30/11/2021  14:47:40,651183;9,416354E-1;1,273729E-1;1,253139E-1;9,458859E-1;;
30/11/2021  14:47:40,651283;9,415638E-1;4,326774E-2;5,675668E-2;9,458568E-1;;
30/11/2021  14:47:40,651383;9,414268E-1;1,270543E-1;1,461654E-1;9,458168E-1;;
30/11/2021  14:47:40,651483;9,417516E-1;1,047537E-1;9,056141E-2;9,457665E-1;;
30/11/2021  14:47:40,651583;9,423059E-1;1,378860E-1;1,458495E-1;9,457065E-1;;
30/11/2021  14:47:40,651683;9,424967E-1;1,455319E-1;1,177316E-1;9,456376E-1;;
30/11/2021  14:47:40,651783;9,419841E-1;1,681511E-1;2,159864E-1;9,455606E-1;;
30/11/2021  14:47:40,651883;9,420824E-1;1,547707E-1;1,436380E-1;9,454761E-1;;
30/11/2021  14:47:40,651983;9,418678E-1;1,359745E-1;1,338441E-1;9,453849E-1;;
30/11/2021  14:47:40,652083;9,417307E-1;1,280100E-1;1,303688E-1;9,452877E-1;;
30/11/2021  14:47:40,652183;9,424281E-1;1,286472E-1;1,303688E-1;9,451850E-1;;
30/11/2021  14:47:40,652283;9,430093E-1;1,327887E-1;1,287892E-1;9,450776E-1;;
30/11/2021  14:47:40,652383;9,425891E-1;1,031608E-1;1,098333E-1;9,449662E-1;;
30/11/2021  14:47:40,652483;9,429020E-1;1,168597E-1;1,189953E-1;9,448516E-1;;
30/11/2021  14:47:40,652583;9,422314E-1;1,235499E-1;1,155200E-1;9,447345E-1;;
30/11/2021  14:47:40,652683;9,415728E-1;1,162226E-1;9,624818E-2;9,446156E-1;;
30/11/2021  14:47:40,652783;9,418201E-1;1,235499E-1;1,123607E-1;9,444952E-1;;
30/11/2021  14:47:40,652883;9,418887E-1;6,620550E-2;7,508074E-2;9,443739E-1;;
30/11/2021  14:47:40,652983;9,412241E-1;1,318330E-1;1,423743E-1;9,442520E-1;;
30/11/2021  14:47:40,653083;9,412330E-1;1,120810E-1;1,196272E-1;9,441298E-1;;
30/11/2021  14:47:40,653183;9,400677E-1;1,506292E-1;1,572231E-1;9,440077E-1;;
30/11/2021  14:47:40,653283;9,400439E-1;1,133553E-1;1,114129E-1;9,438855E-1;;
30/11/2021  14:47:40,653383;9,388041E-1;8,946184E-2;1,076217E-1;9,437635E-1;;
30/11/2021  14:47:40,653483;9,394359E-1;1,060280E-1;1,158360E-1;9,436414E-1;;
30/11/2021  14:47:40,653583;9,397161E-1;9,901924E-2;1,050943E-1;9,435192E-1;;
30/11/2021  14:47:40,653683;9,394180E-1;1,006121E-1;1,054102E-1;9,433968E-1;;
30/11/2021  14:47:40,653783;9,394478E-1;1,149482E-1;1,234183E-1;9,432742E-1;;
30/11/2021  14:47:40,653883;9,386610E-1;9,232906E-2;1,038306E-1;9,431514E-1;;
30/11/2021  14:47:40,653983;9,382706E-1;7,799296E-2;8,297904E-2;9,430284E-1;;
30/11/2021  14:47:40,654083;9,379219E-1;8,882468E-2;9,782784E-2;9,429051E-1;;
30/11/2021  14:47:40,654183;9,382289E-1;9,296622E-2;9,498445E-2;9,427813E-1;;
30/11/2021  14:47:40,654283;9,377431E-1;1,714418E-2;2,263603E-2;9,426568E-1;;
30/11/2021  14:47:40,654383;9,373169E-1;7,034704E-2;7,034176E-2;9,425316E-1;;
30/11/2021  14:47:40,654483;9,374063E-1;8,627604E-2;1,123607E-1;9,424054E-1;;
30/11/2021  14:47:40,654583;9,373408E-1;1,098510E-1;1,360556E-1;9,422782E-1;;
30/11/2021  14:47:40,654683;9,365271E-1;7,034704E-2;6,813023E-2;9,421499E-1;;
30/11/2021  14:47:40,654783;9,361129E-1;6,078964E-2;6,497092E-2;9,420202E-1;;
30/11/2021  14:47:40,654883;9,365957E-1;6,556834E-2;6,970989E-2;9,418890E-1;;
30/11/2021  14:47:40,654983;9,366076E-1;1,002936E-1;1,148882E-1;9,417561E-1;;
30/11/2021  14:47:40,655083;9,361486E-1;1,114439E-1;9,087734E-2;9,416216E-1;;
30/11/2021  14:47:40,655183;9,361635E-1;1,802571E-1;1,679647E-1;9,414853E-1;;
30/11/2021  14:47:40,655283;9,355764E-1;1,493549E-1;1,322644E-1;9,413472E-1;;
30/11/2021  14:47:40,655383;9,356569E-1;1,659210E-1;1,616461E-1;9,412073E-1;;
30/11/2021  14:47:40,655483;9,355794E-1;9,742634E-2;1,351078E-1;9,410654E-1;;
30/11/2021  14:47:40,655583;9,357642E-1;8,786894E-2;1,054102E-1;9,409217E-1;;
30/11/2021  14:47:40,655683;9,360324E-1;1,519035E-1;1,275255E-1;9,407761E-1;;
30/11/2021  14:47:40,655783;9,361725E-1;1,104881E-1;8,297904E-2;9,406288E-1;;
30/11/2021  14:47:40,655883;9,357105E-1;1,347002E-1;1,341600E-1;9,404800E-1;;
30/11/2021  14:47:40,655983;9,355138E-1;1,232313E-1;1,332122E-1;9,403299E-1;;
30/11/2021  14:47:40,656083;9,354393E-1;1,206827E-1;1,208909E-1;9,401787E-1;;
30/11/2021  14:47:40,656183;9,362410E-1;1,101695E-1;9,940750E-2;9,400264E-1;;
30/11/2021  14:47:40,656283;9,366732E-1;1,238685E-1;1,240502E-1;9,398735E-1;;
30/11/2021  14:47:40,656383;9,370517E-1;1,238685E-1;1,278414E-1;9,397203E-1;;
30/11/2021  14:47:40,656483;9,368609E-1;1,114439E-1;9,498445E-2;9,395672E-1;;
30/11/2021  14:47:40,656583;9,377371E-1;5,409946E-2;7,792413E-2;9,394148E-1;;
30/11/2021  14:47:40,656683;9,376447E-1;1,525407E-1;1,398468E-1;9,392636E-1;;
30/11/2021  14:47:40,656783;9,382080E-1;1,362931E-1;1,316326E-1;9,391142E-1;;
30/11/2021  14:47:40,656883;9,388011E-1;1,168597E-1;1,294210E-1;9,389672E-1;;
30/11/2021  14:47:40,656983;9,389561E-1;1,184526E-1;1,101492E-1;9,388232E-1;;
30/11/2021  14:47:40,657083;9,395879E-1;1,257800E-1;1,243661E-1;9,386831E-1;;
30/11/2021  14:47:40,657183;9,398204E-1;1,190898E-1;9,245700E-2;9,385475E-1;;
30/11/2021  14:47:40,657283;9,410363E-1;9,710776E-2;7,792413E-2;9,384171E-1;;
30/11/2021  14:47:40,657383;9,407502E-1;1,547707E-1;1,328963E-1;9,382927E-1;;
30/11/2021  14:47:40,657483;9,418470E-1;1,391603E-1;1,373193E-1;9,381752E-1;;
30/11/2021  14:47:40,657583;9,418291E-1;-4,720898E-2;1,852891E-2;9,380653E-1;;
30/11/2021  14:47:40,657683;9,428036E-1;1,347002E-1;1,291051E-1;9,379638E-1;;
30/11/2021  14:47:40,657783;9,428245E-1;2,064856E-2;8,487463E-2;9,378714E-1;;
30/11/2021  14:47:40,657883;9,427798E-1;4,932076E-2;6,939396E-2;9,377890E-1;;
30/11/2021  14:47:40,657983;9,438259E-1;1,057094E-1;1,073058E-1;9,377170E-1;;
30/11/2021  14:47:40,658083;9,432209E-1;1,260985E-1;1,313166E-1;9,376561E-1;;
30/11/2021  14:47:40,658183;9,442044E-1;1,468062E-1;1,455336E-1;9,376068E-1;;
30/11/2021  14:47:40,658283;9,447766E-1;1,321516E-1;1,196272E-1;9,375696E-1;;
30/11/2021  14:47:40,658383;9,455187E-1;1,206827E-1;1,332122E-1;9,375448E-1;;
30/11/2021  14:47:40,658483;9,457124E-1;1,238685E-1;1,183634E-1;9,375330E-1;;
30/11/2021  14:47:40,658583;9,459479E-1;1,273729E-1;1,193112E-1;9,375346E-1;;
30/11/2021  14:47:40,658683;9,459419E-1;9,933782E-2;9,656411E-2;9,375499E-1;;
30/11/2021  14:47:40,658783;9,461654E-1;1,283286E-1;1,426902E-1;9,375791E-1;;
30/11/2021  14:47:40,658883;9,467973E-1;1,280100E-1;1,218387E-1;9,376225E-1;;
30/11/2021  14:47:40,658983;9,479298E-1;1,936375E-1;2,153545E-1;9,376800E-1;;
30/11/2021  14:47:40,659083;9,480520E-1;3,052454E-2;2,611128E-2;9,377519E-1;;
30/11/2021  14:47:40,659183;9,477331E-1;1,267357E-1;1,328963E-1;9,378382E-1;;
30/11/2021  14:47:40,659283;9,473099E-1;1,203641E-1;1,332122E-1;9,379390E-1;;
30/11/2021  14:47:40,659383;9,474172E-1;5,027650E-2;7,729226E-2;9,380540E-1;;
30/11/2021  14:47:40,659483;9,482487E-1;1,350188E-1;1,351078E-1;9,381830E-1;;
30/11/2021  14:47:40,659583;9,486808E-1;1,238685E-1;1,259458E-1;9,383256E-1;;
30/11/2021  14:47:40,659683;9,482576E-1;1,315144E-1;1,218387E-1;9,384815E-1;;
30/11/2021  14:47:40,659783;9,485675E-1;1,442576E-1;1,461654E-1;9,386502E-1;;
30/11/2021  14:47:40,659883;9,480639E-1;1,222756E-1;1,265777E-1;9,388315E-1;;
30/11/2021  14:47:40,659983;9,475364E-1;1,260985E-1;1,202590E-1;9,390245E-1;;
30/11/2021  14:47:40,660083;9,481443E-1;1,235499E-1;1,133085E-1;9,392286E-1;;
30/11/2021  14:47:40,660183;9,488090E-1;1,410718E-1;1,341600E-1;9,394431E-1;;
30/11/2021  14:47:40,660283;9,480520E-1;1,343816E-1;1,411105E-1;9,396672E-1;;
30/11/2021  14:47:40,660383;9,484215E-1;1,219570E-1;1,347919E-1;9,399002E-1;;
30/11/2021  14:47:40,660483;9,484573E-1;1,372488E-1;1,407946E-1;9,401412E-1;;
30/11/2021  14:47:40,660583;9,484841E-1;1,139925E-1;9,530039E-2;9,403896E-1;;
30/11/2021  14:47:40,660683;9,486659E-1;1,420275E-1;1,625939E-1;9,406444E-1;;
30/11/2021  14:47:40,660783;9,482427E-1;1,315144E-1;1,300529E-1;9,409050E-1;;
30/11/2021  14:47:40,660883;9,485348E-1;1,184526E-1;1,300529E-1;9,411705E-1;;
30/11/2021  14:47:40,660983;9,489133E-1;1,238685E-1;1,253139E-1;9,414401E-1;;
30/11/2021  14:47:40,661083;9,492173E-1;1,276914E-1;1,325804E-1;9,417131E-1;;
30/11/2021  14:47:40,661183;9,494557E-1;1,362931E-1;1,341600E-1;9,419887E-1;;
30/11/2021  14:47:40,661283;9,494408E-1;1,401161E-1;1,237343E-1;9,422663E-1;;
30/11/2021  14:47:40,661383;9,493603E-1;1,270543E-1;1,262617E-1;9,425454E-1;;
30/11/2021  14:47:40,661483;9,493067E-1;1,273729E-1;1,253139E-1;9,428253E-1;;
30/11/2021  14:47:40,661583;9,492947E-1;1,260985E-1;1,278414E-1;9,431054E-1;;
30/11/2021  14:47:40,661683;9,497656E-1;1,296029E-1;1,505885E-1;9,433851E-1;;
30/11/2021  14:47:40,661783;9,496315E-1;1,206827E-1;1,126766E-1;9,436638E-1;;
30/11/2021  14:47:40,661883;9,488775E-1;1,331073E-1;1,328963E-1;9,439410E-1;;
30/11/2021  14:47:40,661983;9,483738E-1;2,319720E-2;6,339125E-2;9,442161E-1;;
30/11/2021  14:47:40,662083;9,486272E-1;1,388417E-1;1,575390E-1;9,444883E-1;;
30/11/2021  14:47:40,662183;9,480967E-1;1,429833E-1;1,430061E-1;9,447570E-1;;
30/11/2021  14:47:40,662283;9,485407E-1;1,487177E-1;1,600664E-1;9,450214E-1;;
30/11/2021  14:47:40,662383;9,489311E-1;1,436204E-1;1,388990E-1;9,452809E-1;;
30/11/2021  14:47:40,662483;9,484990E-1;1,464877E-1;1,843932E-1;9,455351E-1;;
30/11/2021  14:47:40,662583;9,479506E-1;1,366117E-1;1,404787E-1;9,457833E-1;;
30/11/2021  14:47:40,662683;9,475721E-1;1,420275E-1;1,392149E-1;9,460250E-1;;
30/11/2021  14:47:40,662783;9,475244E-1;1,455319E-1;1,407946E-1;9,462597E-1;;
30/11/2021  14:47:40,662883;9,472085E-1;1,302401E-1;1,395309E-1;9,464867E-1;;
30/11/2021  14:47:40,662983;9,478314E-1;1,225942E-1;1,069899E-1;9,467056E-1;;
30/11/2021  14:47:40,663083;9,475930E-1;1,391603E-1;1,363715E-1;9,469159E-1;;
30/11/2021  14:47:40,663183;9,466959E-1;1,302401E-1;1,038306E-1;9,471172E-1;;
30/11/2021  14:47:40,663283;9,469552E-1;1,487177E-1;1,395309E-1;9,473091E-1;;
30/11/2021  14:47:40,663383;9,461237E-1;7,958586E-2;1,066739E-1;9,474913E-1;;
30/11/2021  14:47:40,663483;9,458555E-1;1,547707E-1;1,638576E-1;9,476633E-1;;
30/11/2021  14:47:40,663583;9,457482E-1;8,595746E-2;8,266311E-2;9,478246E-1;;
30/11/2021  14:47:40,663683;9,459419E-1;1,474434E-1;1,588027E-1;9,479750E-1;;
30/11/2021  14:47:40,663783;9,452207E-1;1,710183E-1;2,374698E-1;9,481141E-1;;
30/11/2021  14:47:40,663883;9,449644E-1;1,748413E-1;2,039810E-1;9,482415E-1;;
30/11/2021  14:47:40,663983;9,437991E-1;1,136739E-1;1,246821E-1;9,483571E-1;;
30/11/2021  14:47:40,664083;9,428811E-1;3,445238E-3;6,839427E-3;9,484604E-1;;
30/11/2021  14:47:40,664183;9,429020E-1;5,038138E-3;7,471291E-3;9,485509E-1;;
30/11/2021  14:47:40,664283;9,424222E-1;2,170918E-3;3,680107E-3;9,486282E-1;;
30/11/2021  14:47:40,664383;9,423298E-1;8,965980E-4;3,680107E-3;9,486920E-1;;
30/11/2021  14:47:40,664483;9,417814E-1;1,215178E-3;3,680107E-3;9,487417E-1;;
30/11/2021  14:47:40,664583;9,418172E-1;3,126658E-3;5,259767E-3;9,487773E-1;;
30/11/2021  14:47:40,664683;9,400826E-1;1,215178E-3;3,680107E-3;9,487984E-1;;
30/11/2021  14:47:40,664783;9,389829E-1;1,852338E-3;3,048243E-3;9,488047E-1;;
30/11/2021  14:47:40,664883;9,388667E-1;1,852338E-3;3,680107E-3;9,487959E-1;;
30/11/2021  14:47:40,664983;9,388577E-1;5,675298E-3;6,839427E-3;9,487714E-1;;
30/11/2021  14:47:40,665083;9,381216E-1;2,808078E-3;5,259767E-3;9,487311E-1;;
30/11/2021  14:47:40,665183;9,370278E-1;3,126658E-3;5,259767E-3;9,486746E-1;;
30/11/2021  14:47:40,665283;9,370666E-1;1,077258E-2;1,252620E-2;9,486017E-1;;
30/11/2021  14:47:40,665383;9,358953E-1;6,631038E-3;8,735019E-3;9,485122E-1;;
30/11/2021  14:47:40,665483;9,351175E-1;8,223938E-3;1,031468E-2;9,484058E-1;;
30/11/2021  14:47:40,665583;9,349863E-1;7,586778E-3;9,366883E-3;9,482824E-1;;
30/11/2021  14:47:40,665683;9,346823E-1;2,489498E-3;4,627903E-3;9,481418E-1;;
30/11/2021  14:47:40,665783;9,344499E-1;8,542518E-3;1,031468E-2;9,479840E-1;;
30/11/2021  14:47:40,665883;9,333740E-1;2,170918E-3;3,996039E-3;9,478089E-1;;
30/11/2021  14:47:40,665983;9,324084E-1;2,170918E-3;3,996039E-3;9,476167E-1;;
30/11/2021  14:47:40,666083;9,315798E-1;2,170918E-3;4,311971E-3;9,474073E-1;;
30/11/2021  14:47:40,666183;9,312818E-1;8,965980E-4;3,364175E-3;9,471807E-1;;
30/11/2021  14:47:40,666283;9,311715E-1;1,215178E-3;3,364175E-3;9,469370E-1;;
30/11/2021  14:47:40,666383;9,310553E-1;5,780180E-4;3,680107E-3;9,466763E-1;;
30/11/2021  14:47:40,666483;9,301702E-1;1,215178E-3;3,048243E-3;9,463988E-1;;
30/11/2021  14:47:40,666583;9,294251E-1;8,965980E-4;3,996039E-3;9,461050E-1;;
30/11/2021  14:47:40,666683;9,291122E-1;5,780180E-4;3,364175E-3;9,457949E-1;;
30/11/2021  14:47:40,666783;9,287188E-1;8,542518E-3;1,126247E-2;9,454691E-1;;
30/11/2021  14:47:40,666883;9,289631E-1;1,215178E-3;3,364175E-3;9,451279E-1;;
30/11/2021  14:47:40,666983;9,289333E-1;8,965980E-4;3,048243E-3;9,447718E-1;;
30/11/2021  14:47:40,667083;9,292045E-1;1,533758E-3;3,364175E-3;9,444015E-1;;
30/11/2021  14:47:40,667183;9,284773E-1;5,780180E-4;3,364175E-3;9,440177E-1;;
30/11/2021  14:47:40,667283;9,282419E-1;8,965980E-4;3,680107E-3;9,436214E-1;;
30/11/2021  14:47:40,667383;9,279439E-1;1,215178E-3;4,627903E-3;9,432133E-1;;
30/11/2021  14:47:40,667483;9,274283E-1;1,215178E-3;3,048243E-3;9,427943E-1;;
30/11/2021  14:47:40,667583;9,279588E-1;2,808078E-3;7,155359E-3;9,423653E-1;;
30/11/2021  14:47:40,667683;9,281614E-1;8,861098E-3;1,568552E-2;9,419271E-1;;
30/11/2021  14:47:40,667783;9,280631E-1;1,555128E-2;1,536959E-2;9,414807E-1;;
30/11/2021  14:47:40,667883;9,278247E-1;1,332122E-2;1,157841E-2;9,410274E-1;;
30/11/2021  14:47:40,667983;9,278545E-1;1,523270E-2;1,947671E-2;9,405681E-1;;
30/11/2021  14:47:40,668083;9,271124E-1;1,332122E-2;1,600145E-2;9,401039E-1;;
30/11/2021  14:47:40,668183;9,272614E-1;1,523270E-2;1,789705E-2;9,396359E-1;;
30/11/2021  14:47:40,668283;9,275594E-1;7,268198E-3;1,094654E-2;9,391651E-1;;
30/11/2021  14:47:40,668383;9,281018E-1;8,372740E-2;9,182514E-2;9,386925E-1;;
30/11/2021  14:47:40,668483;9,281883E-1;1,586986E-2;1,758111E-2;9,382192E-1;;
30/11/2021  14:47:40,668583;9,278604E-1;1,171783E-1;1,338441E-1;9,377464E-1;;
30/11/2021  14:47:40,668683;9,266862E-1;1,066652E-1;1,104651E-1;9,372752E-1;;
30/11/2021  14:47:40,668783;9,262302E-1;1,420275E-1;1,926074E-1;9,368064E-1;;
30/11/2021  14:47:40,668883;9,262451E-1;7,608148E-2;9,435259E-2;9,363410E-1;;
30/11/2021  14:47:40,668983;9,267398E-1;1,018865E-1;1,133085E-1;9,358794E-1;;
30/11/2021  14:47:40,669083;9,265431E-1;1,194084E-1;1,142563E-1;9,354226E-1;;
30/11/2021  14:47:40,669183;9,273329E-1;1,238685E-1;1,224705E-1;9,349711E-1;;
30/11/2021  14:47:40,669283;9,269306E-1;1,216384E-1;1,193112E-1;9,345258E-1;;
30/11/2021  14:47:40,669383;9,267070E-1;9,710776E-2;9,877564E-2;9,340874E-1;;
30/11/2021  14:47:40,669483;9,260871E-1;4,772786E-2;8,045158E-2;9,336567E-1;;
30/11/2021  14:47:40,669583;9,265193E-1;7,576290E-2;9,403666E-2;9,332341E-1;;
30/11/2021  14:47:40,669683;9,271899E-1;1,213198E-1;1,948190E-1;9,328203E-1;;
30/11/2021  14:47:40,669783;9,273508E-1;1,267357E-1;1,275255E-1;9,324159E-1;;
30/11/2021  14:47:40,669883;9,273597E-1;1,276914E-1;1,423743E-1;9,320214E-1;;
30/11/2021  14:47:40,669983;9,273120E-1;1,127182E-1;1,319485E-1;9,316374E-1;;
30/11/2021  14:47:40,670083;9,272375E-1;1,041165E-1;1,117289E-1;9,312646E-1;;
30/11/2021  14:47:40,670183;9,268590E-1;1,302401E-1;1,366875E-1;9,309034E-1;;
30/11/2021  14:47:40,670283;9,276578E-1;1,146297E-1;1,351078E-1;9,305541E-1;;
30/11/2021  14:47:40,670383;9,284565E-1;1,085766E-1;1,009872E-1;9,302173E-1;;
30/11/2021  14:47:40,670483;9,282598E-1;1,302401E-1;1,300529E-1;9,298933E-1;;
30/11/2021  14:47:40,670583;9,281704E-1;1,213198E-1;1,139404E-1;9,295826E-1;;
30/11/2021  14:47:40,670683;9,282508E-1;1,190898E-1;1,050943E-1;9,292856E-1;;
30/11/2021  14:47:40,670783;9,281048E-1;8,978042E-2;9,277293E-2;9,290026E-1;;
30/11/2021  14:47:40,670883;9,282806E-1;1,299215E-1;1,385831E-1;9,287339E-1;;
30/11/2021  14:47:40,670983;9,288558E-1;1,165411E-1;1,110970E-1;9,284795E-1;;
30/11/2021  14:47:40,671083;9,298066E-1;2,194425E-1;2,137749E-1;9,282398E-1;;
30/11/2021  14:47:40,671183;9,302059E-1;1,531778E-1;1,281573E-1;9,280149E-1;;
30/11/2021  14:47:40,671283;9,308377E-1;1,018865E-1;1,136244E-1;9,278052E-1;;
30/11/2021  14:47:40,671383;9,304414E-1;3,084312E-2;8,677022E-2;9,276111E-1;;
30/11/2021  14:47:40,671483;9,304622E-1;1,767528E-1;1,534319E-1;9,274328E-1;;
30/11/2021  14:47:40,671583;9,315888E-1;1,127182E-1;1,265777E-1;9,272706E-1;;
30/11/2021  14:47:40,671683;9,320358E-1;1,375674E-1;1,370034E-1;9,271245E-1;;
30/11/2021  14:47:40,671783;9,328524E-1;1,324701E-1;1,152041E-1;9,269949E-1;;
30/11/2021  14:47:40,671883;9,333829E-1;1,101695E-1;1,170997E-1;9,268819E-1;;
30/11/2021  14:47:40,671983;9,341220E-1;1,225942E-1;1,240502E-1;9,267860E-1;;
30/11/2021  14:47:40,672083;9,335796E-1;1,216384E-1;1,212068E-1;9,267074E-1;;
30/11/2021  14:47:40,672183;9,341995E-1;3,562182E-2;4,253974E-2;9,266463E-1;;
30/11/2021  14:47:40,672283;9,356956E-1;7,799296E-2;1,063580E-1;9,266028E-1;;
30/11/2021  14:47:40,672383;9,363513E-1;1,273729E-1;1,294210E-1;9,265771E-1;;
30/11/2021  14:47:40,672483;9,373795E-1;1,643281E-1;1,521681E-1;9,265694E-1;;
30/11/2021  14:47:40,672583;9,378742E-1;1,327887E-1;1,303688E-1;9,265802E-1;;
30/11/2021  14:47:40,672683;9,384614E-1;1,136739E-1;7,729226E-2;9,266097E-1;;
30/11/2021  14:47:40,672783;9,384047E-1;1,659210E-1;1,698603E-1;9,266581E-1;;
30/11/2021  14:47:40,672883;9,391170E-1;1,168597E-1;1,167838E-1;9,267256E-1;;
30/11/2021  14:47:40,672983;9,402883E-1;1,127182E-1;1,155200E-1;9,268124E-1;;
30/11/2021  14:47:40,673083;9,404433E-1;1,117624E-1;1,158360E-1;9,269184E-1;;
30/11/2021  14:47:40,673183;9,412837E-1;1,047537E-1;1,136244E-1;9,270439E-1;;
30/11/2021  14:47:40,673283;9,419543E-1;1,187712E-1;1,110970E-1;9,271887E-1;;
30/11/2021  14:47:40,673383;9,423030E-1;1,114439E-1;1,148882E-1;9,273529E-1;;
30/11/2021  14:47:40,673483;9,425444E-1;1,225942E-1;1,158360E-1;9,275365E-1;;
30/11/2021  14:47:40,673583;9,429080E-1;1,213198E-1;1,152041E-1;9,277392E-1;;
30/11/2021  14:47:40,673683;9,441329E-1;1,296029E-1;1,215227E-1;9,279609E-1;;
30/11/2021  14:47:40,673783;9,447915E-1;8,627604E-2;1,110970E-1;9,282014E-1;;
30/11/2021  14:47:40,673883;9,453905E-1;1,187712E-1;1,107811E-1;9,284604E-1;;
30/11/2021  14:47:40,673983;9,460105E-1;1,152668E-1;1,167838E-1;9,287378E-1;;
30/11/2021  14:47:40,674083;9,457631E-1;9,742634E-2;8,961361E-2;9,290332E-1;;
30/11/2021  14:47:40,674183;9,467496E-1;4,454206E-2;5,264957E-2;9,293464E-1;;
30/11/2021  14:47:40,674283;9,469343E-1;4,613496E-2;5,075397E-2;9,296768E-1;;
30/11/2021  14:47:40,674383;9,474976E-1;1,586986E-2;2,358382E-2;9,300241E-1;;
30/11/2021  14:47:40,674483;9,481443E-1;2,829448E-2;3,242992E-2;9,303878E-1;;
30/11/2021  14:47:40,674583;9,480162E-1;-5,475002E-3;2,732311E-3;9,307672E-1;;
30/11/2021  14:47:40,674683;9,486510E-1;4,740928E-2;5,296550E-2;9,311618E-1;;
30/11/2021  14:47:40,674783;9,490057E-1;7,512574E-2;8,139938E-2;9,315710E-1;;
30/11/2021  14:47:40,674883;9,486003E-1;9,041758E-2;1,177316E-1;9,319940E-1;;
30/11/2021  14:47:40,674983;9,495093E-1;8,818752E-2;9,688005E-2;9,324300E-1;;
30/11/2021  14:47:40,675083;9,498908E-1;-1,312092E-2;-2,954465E-3;9,328782E-1;;
30/11/2021  14:47:40,675183;9,500994E-1;8,786894E-2;8,613836E-2;9,333379E-1;;
30/11/2021  14:47:40,675283;9,500756E-1;6,556834E-2;4,601499E-2;9,338081E-1;;
30/11/2021  14:47:40,675383;9,505733E-1;9,487770E-2;9,972343E-2;9,342880E-1;;
30/11/2021  14:47:40,675483;9,504273E-1;1,060280E-1;1,265777E-1;9,347766E-1;;
30/11/2021  14:47:40,675583;9,505405E-1;1,194084E-1;1,518522E-1;9,352731E-1;;
30/11/2021  14:47:40,675683;9,511515E-1;1,057094E-1;1,208909E-1;9,357765E-1;;
30/11/2021  14:47:40,675783;9,521350E-1;1,296029E-1;1,322644E-1;9,362857E-1;;
30/11/2021  14:47:40,675883;9,530350E-1;1,547707E-1;1,347919E-1;9,368000E-1;;
30/11/2021  14:47:40,675983;9,526744E-1;1,961861E-1;2,223051E-1;9,373187E-1;;
30/11/2021  14:47:40,676083;9,522303E-1;1,515849E-1;1,344760E-1;9,378410E-1;;
30/11/2021  14:47:40,676183;9,525969E-1;1,700626E-1;1,499566E-1;9,383661E-1;;
30/11/2021  14:47:40,676283;9,526625E-1;1,687883E-1;1,486929E-1;9,388932E-1;;
30/11/2021  14:47:40,676383;9,535268E-1;1,452133E-1;1,452176E-1;9,394214E-1;;
30/11/2021  14:47:40,676483;9,539798E-1;1,340630E-1;1,294210E-1;9,399498E-1;;
30/11/2021  14:47:40,676583;9,538725E-1;1,324701E-1;1,281573E-1;9,404779E-1;;
30/11/2021  14:47:40,676683;9,542927E-1;1,238685E-1;1,234183E-1;9,410049E-1;;
30/11/2021  14:47:40,676783;9,536788E-1;1,229127E-1;1,148882E-1;9,415301E-1;;
30/11/2021  14:47:40,676883;9,534791E-1;9,615202E-2;8,613836E-2;9,420528E-1;;
30/11/2021  14:47:40,676983;9,535029E-1;1,076209E-1;1,035146E-1;9,425722E-1;;
30/11/2021  14:47:40,677083;9,535536E-1;1,076209E-1;1,215227E-1;9,430874E-1;;
30/11/2021  14:47:40,677183;9,536877E-1;1,305587E-1;1,606983E-1;9,435976E-1;;
30/11/2021  14:47:40,677283;9,530529E-1;-2,076684E-2;1,221027E-2;9,441020E-1;;
30/11/2021  14:47:40,677383;9,530022E-1;1,311958E-1;1,319485E-1;9,445997E-1;;
30/11/2021  14:47:40,677483;9,520962E-1;1,139925E-1;1,231024E-1;9,450899E-1;;
30/11/2021  14:47:40,677583;9,515598E-1;1,197269E-1;1,281573E-1;9,455716E-1;;
30/11/2021  14:47:40,677683;9,514555E-1;1,350188E-1;1,404787E-1;9,460437E-1;;
30/11/2021  14:47:40,677783;9,516224E-1;1,455319E-1;1,363715E-1;9,465052E-1;;
30/11/2021  14:47:40,677883;9,522393E-1;1,267357E-1;1,347919E-1;9,469553E-1;;
30/11/2021  14:47:40,677983;9,513035E-1;1,483991E-1;1,480610E-1;9,473930E-1;;
30/11/2021  14:47:40,678083;9,508117E-1;1,232313E-1;1,237343E-1;9,478177E-1;;
30/11/2021  14:47:40,678183;9,502544E-1;1,171783E-1;1,095173E-1;9,482286E-1;;
30/11/2021  14:47:40,678283;9,501084E-1;1,229127E-1;1,145722E-1;9,486248E-1;;
30/11/2021  14:47:40,678383;9,501978E-1;1,270543E-1;1,189953E-1;9,490055E-1;;
30/11/2021  14:47:40,678483;9,504749E-1;1,436204E-1;1,594346E-1;9,493701E-1;;
30/11/2021  14:47:40,678583;9,500607E-1;1,098510E-1;1,019350E-1;9,497181E-1;;
30/11/2021  14:47:40,678683;9,494557E-1;1,200455E-1;1,442698E-1;9,500489E-1;;
30/11/2021  14:47:40,678783;9,493067E-1;2,289999E-1;2,807525E-1;9,503621E-1;;
30/11/2021  14:47:40,678883;9,486719E-1;-3,478436E-2;1,663332E-2;9,506573E-1;;
30/11/2021  14:47:40,678983;9,485705E-1;1,273729E-1;1,268936E-1;9,509340E-1;;
30/11/2021  14:47:40,679083;9,482665E-1;1,095324E-1;1,287892E-1;9,511920E-1;;
30/11/2021  14:47:40,679183;9,477390E-1;1,302401E-1;1,164678E-1;9,514308E-1;;
30/11/2021  14:47:40,679283;9,476764E-1;6,684266E-2;8,866581E-2;9,516501E-1;;
30/11/2021  14:47:40,679383;9,470923E-1;1,187712E-1;1,234183E-1;9,518499E-1;;
30/11/2021  14:47:40,679483;9,461565E-1;1,318330E-1;1,310007E-1;9,520298E-1;;
30/11/2021  14:47:40,679583;9,460462E-1;1,818500E-1;1,736515E-1;9,521896E-1;;
30/11/2021  14:47:40,679683;9,454502E-1;1,448948E-1;1,136244E-1;9,523291E-1;;
30/11/2021  14:47:40,679783;9,455902E-1;1,104881E-1;1,060421E-1;9,524483E-1;;
30/11/2021  14:47:40,679883;9,455694E-1;8,978042E-2;8,455870E-2;9,525469E-1;;
30/11/2021  14:47:40,679983;9,451640E-1;1,315144E-1;1,164678E-1;9,526251E-1;;
30/11/2021  14:47:40,680083;9,444190E-1;1,254614E-1;1,243661E-1;9,526830E-1;;
30/11/2021  14:47:40,680183;9,442819E-1;1,194084E-1;1,493248E-1;9,527208E-1;;
30/11/2021  14:47:40,680283;9,438468E-1;1,292843E-1;1,316326E-1;9,527386E-1;;
30/11/2021  14:47:40,680383;9,442759E-1;1,267357E-1;1,284732E-1;9,527366E-1;;
30/11/2021  14:47:40,680483;9,444011E-1;1,289658E-1;1,297370E-1;9,527152E-1;;
30/11/2021  14:47:40,680583;9,440345E-1;1,283286E-1;1,341600E-1;9,526749E-1;;
30/11/2021  14:47:40,680683;9,436232E-1;1,216384E-1;1,363715E-1;9,526161E-1;;
30/11/2021  14:47:40,680783;9,433997E-1;1,751599E-1;1,430061E-1;9,525395E-1;;
30/11/2021  14:47:40,680883;9,430838E-1;1,140974E-2;7,571260E-2;9,524456E-1;;
30/11/2021  14:47:40,680983;9,430003E-1;1,311958E-1;1,284732E-1;9,523350E-1;;
30/11/2021  14:47:40,681083;9,433133E-1;1,283286E-1;1,278414E-1;9,522084E-1;;
30/11/2021  14:47:40,681183;9,432030E-1;1,190898E-1;1,041465E-1;9,520663E-1;;
30/11/2021  14:47:40,681283;9,431047E-1;1,248242E-1;1,212068E-1;9,519098E-1;;
30/11/2021  14:47:40,681383;9,433550E-1;1,133553E-1;8,929768E-2;9,517395E-1;;
30/11/2021  14:47:40,681483;9,428335E-1;1,197269E-1;1,041465E-1;9,515563E-1;;
30/11/2021  14:47:40,681583;9,417397E-1;1,528593E-1;1,572231E-1;9,513611E-1;;
30/11/2021  14:47:40,681683;9,420347E-1;1,197269E-1;1,136244E-1;9,511546E-1;;
30/11/2021  14:47:40,681783;9,417844E-1;1,617795E-1;1,670170E-1;9,509376E-1;;
30/11/2021  14:47:40,681883;9,423387E-1;1,337445E-1;1,275255E-1;9,507107E-1;;
30/11/2021  14:47:40,681983;9,420496E-1;1,474434E-1;1,597505E-1;9,504748E-1;;
30/11/2021  14:47:40,682083;9,412092E-1;1,375674E-1;1,528000E-1;9,502307E-1;;
30/11/2021  14:47:40,682183;9,410274E-1;1,236548E-2;9,372073E-2;9,499791E-1;;
30/11/2021  14:47:40,682283;9,398323E-1;1,302401E-1;1,347919E-1;9,497207E-1;;
30/11/2021  14:47:40,682383;9,402197E-1;1,073023E-1;8,455870E-2;9,494560E-1;;
30/11/2021  14:47:40,682483;9,397697E-1;1,216384E-1;1,117289E-1;9,491856E-1;;
30/11/2021  14:47:40,682583;9,398293E-1;1,372488E-1;1,467973E-1;9,489099E-1;;
30/11/2021  14:47:40,682683;9,400648E-1;1,397975E-1;1,265777E-1;9,486294E-1;;
30/11/2021  14:47:40,682783;9,389650E-1;1,296029E-1;1,183634E-1;9,483447E-1;;
30/11/2021  14:47:40,682883;9,385508E-1;1,471248E-1;1,528000E-1;9,480564E-1;;
30/11/2021  14:47:40,682983;9,380232E-1;1,617795E-1;1,736515E-1;9,477647E-1;;
30/11/2021  14:47:40,683083;9,377818E-1;1,350188E-1;1,275255E-1;9,474701E-1;;
30/11/2021  14:47:40,683183;9,381842E-1;1,378860E-1;1,373193E-1;9,471727E-1;;
30/11/2021  14:47:40,683283;9,374510E-1;1,073023E-1;8,519056E-2;9,468730E-1;;
30/11/2021  14:47:40,683383;9,375583E-1;1,289658E-1;1,398468E-1;9,465713E-1;;
30/11/2021  14:47:40,683483;9,369295E-1;9,360338E-2;1,107811E-1;9,462679E-1;;
30/11/2021  14:47:40,683583;9,363573E-1;9,615202E-2;1,155200E-1;9,459631E-1;;
30/11/2021  14:47:40,683683;9,356628E-1;1,442576E-1;1,430061E-1;9,456572E-1;;
30/11/2021  14:47:40,683783;9,360562E-1;1,515849E-1;1,417424E-1;9,453502E-1;;
30/11/2021  14:47:40,683883;9,359192E-1;1,276914E-1;1,218387E-1;9,450424E-1;;
30/11/2021  14:47:40,683983;9,357701E-1;1,490363E-1;1,464814E-1;9,447339E-1;;
30/11/2021  14:47:40,684083;9,359996E-1;4,400978E-3;6,207563E-3;9,444251E-1;;
30/11/2021  14:47:40,684183;9,355287E-1;1,533758E-3;3,680107E-3;9,441162E-1;;
30/11/2021  14:47:40,684283;9,353529E-1;2,489498E-3;4,627903E-3;9,438075E-1;;
30/11/2021  14:47:40,684383;9,350370E-1;2,808078E-3;5,259767E-3;9,434993E-1;;
30/11/2021  14:47:40,684483;9,358864E-1;4,082398E-3;5,259767E-3;9,431920E-1;;
30/11/2021  14:47:40,684583;9,362559E-1;2,808078E-3;4,943835E-3;9,428858E-1;;
30/11/2021  14:47:40,684683;9,358745E-1;2,170918E-3;3,996039E-3;9,425812E-1;;
30/11/2021  14:47:40,684783;9,357165E-1;2,489498E-3;4,311971E-3;9,422788E-1;;
30/11/2021  14:47:40,684883;9,354006E-1;1,852338E-3;4,311971E-3;9,419790E-1;;
30/11/2021  14:47:40,684983;9,345721E-1;2,808078E-3;4,627903E-3;9,416821E-1;;
30/11/2021  14:47:40,685083;9,351502E-1;1,852338E-3;3,996039E-3;9,413884E-1;;
30/11/2021  14:47:40,685183;9,350936E-1;8,965980E-4;3,680107E-3;9,410983E-1;;
30/11/2021  14:47:40,685283;9,353678E-1;3,763818E-3;5,891631E-3;9,408119E-1;;
30/11/2021  14:47:40,685383;9,353767E-1;2,594380E-4;3,680107E-3;9,405297E-1;;
30/11/2021  14:47:40,685483;9,359877E-1;8,965980E-4;3,364175E-3;9,402520E-1;;
30/11/2021  14:47:40,685583;9,351502E-1;8,965980E-4;3,364175E-3;9,399793E-1;;
30/11/2021  14:47:40,685683;9,346168E-1;8,965980E-4;3,680107E-3;9,397118E-1;;
30/11/2021  14:47:40,685783;9,351234E-1;1,215178E-3;3,680107E-3;9,394498E-1;;
30/11/2021  14:47:40,685883;9,359013E-1;4,082398E-3;5,575699E-3;9,391936E-1;;
30/11/2021  14:47:40,685983;9,357225E-1;3,126658E-3;5,575699E-3;9,389434E-1;;
30/11/2021  14:47:40,686083;9,355347E-1;4,400978E-3;6,839427E-3;9,386997E-1;;
30/11/2021  14:47:40,686183;9,352426E-1;8,542518E-3;1,126247E-2;9,384627E-1;;
30/11/2021  14:47:40,686283;9,347032E-1;1,215178E-3;3,996039E-3;9,382326E-1;;
30/11/2021  14:47:40,686383;9,347717E-1;7,905358E-3;9,366883E-3;9,380095E-1;;
30/11/2021  14:47:40,686483;9,352218E-1;7,586778E-3;9,682815E-3;9,377936E-1;;
30/11/2021  14:47:40,686583;9,353887E-1;8,965980E-4;3,048243E-3;9,375848E-1;;
30/11/2021  14:47:40,686683;9,356539E-1;8,965980E-4;3,680107E-3;9,373834E-1;;
30/11/2021  14:47:40,686783;9,356897E-1;1,215178E-3;3,048243E-3;9,371895E-1;;
30/11/2021  14:47:40,686883;9,354453E-1;5,780180E-4;3,364175E-3;9,370033E-1;;
30/11/2021  14:47:40,686983;9,347270E-1;5,780180E-4;3,680107E-3;9,368248E-1;;
30/11/2021  14:47:40,687083;9,357374E-1;8,965980E-4;3,680107E-3;9,366540E-1;;
30/11/2021  14:47:40,687183;9,355824E-1;5,780180E-4;3,364175E-3;9,364911E-1;;
30/11/2021  14:47:40,687283;9,357225E-1;1,533758E-3;3,048243E-3;9,363360E-1;;
30/11/2021  14:47:40,687383;9,357821E-1;2,808078E-3;4,627903E-3;9,361888E-1;;
30/11/2021  14:47:40,687483;9,355705E-1;3,126658E-3;5,891631E-3;9,360496E-1;;
30/11/2021  14:47:40,687583;9,350370E-1;7,586778E-3;1,031468E-2;9,359182E-1;;
30/11/2021  14:47:40,687683;9,351800E-1;5,038138E-3;8,103155E-3;9,357946E-1;;
30/11/2021  14:47:40,687783;9,350012E-1;3,763818E-3;6,207563E-3;9,356787E-1;;
30/11/2021  14:47:40,687883;9,353529E-1;1,586986E-2;1,821298E-2;9,355702E-1;;
30/11/2021  14:47:40,687983;9,356241E-1;1,459554E-2;1,631739E-2;9,354689E-1;;
30/11/2021  14:47:40,688083;9,352844E-1;6,461260E-2;1,158360E-1;9,353749E-1;;
30/11/2021  14:47:40,688183;9,347121E-1;1,395838E-2;1,726518E-2;9,352878E-1;;
30/11/2021  14:47:40,688283;9,345721E-1;2,064856E-2;2,232009E-2;9,352074E-1;;
30/11/2021  14:47:40,688383;9,342830E-1;1,586986E-2;1,884484E-2;9,351334E-1;;
30/11/2021  14:47:40,688483;9,345810E-1;1,618844E-2;1,852891E-2;9,350655E-1;;
30/11/2021  14:47:40,688583;9,352009E-1;1,555128E-2;1,694925E-2;9,350032E-1;;
30/11/2021  14:47:40,688683;9,346346E-1;1,238685E-1;1,234183E-1;9,349464E-1;;
30/11/2021  14:47:40,688783;9,349893E-1;5,346230E-2;6,623464E-2;9,348947E-1;;
30/11/2021  14:47:40,688883;9,347121E-1;1,203641E-1;1,038306E-1;9,348480E-1;;
30/11/2021  14:47:40,688983;9,346317E-1;4,549780E-2;6,781430E-2;9,348060E-1;;
30/11/2021  14:47:40,689083;9,345482E-1;1,618844E-2;2,168823E-2;9,347684E-1;;
30/11/2021  14:47:40,689183;9,348701E-1;8,054160E-2;9,308886E-2;9,347349E-1;;
30/11/2021  14:47:40,689283;9,348671E-1;1,605052E-1;1,714400E-1;9,347053E-1;;
30/11/2021  14:47:40,689383;9,356420E-1;7,321426E-2;6,117973E-2;9,346794E-1;;
30/11/2021  14:47:40,689483;9,354602E-1;1,028422E-1;1,041465E-1;9,346571E-1;;
30/11/2021  14:47:40,689583;9,354691E-1;1,232313E-1;1,284732E-1;9,346383E-1;;
30/11/2021  14:47:40,689683;9,353440E-1;1,394789E-1;1,452176E-1;9,346229E-1;;
30/11/2021  14:47:40,689783;9,360294E-1;1,139925E-1;1,234183E-1;9,346108E-1;;
30/11/2021  14:47:40,689883;9,366285E-1;1,104881E-1;1,085695E-1;9,346021E-1;;
30/11/2021  14:47:40,689983;9,366881E-1;1,337445E-1;1,452176E-1;9,345967E-1;;
30/11/2021  14:47:40,690083;9,367805E-1;1,337445E-1;1,423743E-1;9,345948E-1;;
30/11/2021  14:47:40,690183;9,365867E-1;1,276914E-1;1,287892E-1;9,345964E-1;;
30/11/2021  14:47:40,690283;9,362053E-1;1,248242E-1;1,117289E-1;9,346016E-1;;
30/11/2021  14:47:40,690383;9,361367E-1;1,108067E-1;1,041465E-1;9,346104E-1;;
30/11/2021  14:47:40,690483;9,362380E-1;1,235499E-1;1,155200E-1;9,346227E-1;;
30/11/2021  14:47:40,690583;9,363304E-1;1,417090E-1;1,733356E-1;9,346382E-1;;
30/11/2021  14:47:40,690683;9,368013E-1;1,159040E-1;1,107811E-1;9,346570E-1;;
30/11/2021  14:47:40,690783;9,444220E-1;8,532030E-2;1,047783E-1;9,346792E-1;;
30/11/2021  14:47:40,690883;9,450299E-1;9,041758E-2;9,466852E-2;9,347055E-1;;
30/11/2021  14:47:40,690983;9,450121E-1;1,190898E-1;1,534319E-1;9,347375E-1;;
30/11/2021  14:47:40,691083;9,443474E-1;2,319720E-2;3,148212E-2;9,347765E-1;;
30/11/2021  14:47:40,691183;9,442700E-1;8,532030E-2;9,466852E-2;9,348238E-1;;
30/11/2021  14:47:40,691283;9,445233E-1;8,372740E-2;8,424277E-2;9,348803E-1;;
30/11/2021  14:47:40,691383;9,447528E-1;1,340630E-1;1,332122E-1;9,349467E-1;;
30/11/2021  14:47:40,691483;9,456826E-1;1,490363E-1;1,253139E-1;9,350237E-1;;
30/11/2021  14:47:40,691583;9,464337E-1;1,426647E-1;1,278414E-1;9,351117E-1;;
30/11/2021  14:47:40,691683;9,461058E-1;8,022302E-2;8,550650E-2;9,352115E-1;;
30/11/2021  14:47:40,691783;9,459270E-1;1,640096E-1;1,543797E-1;9,353234E-1;;
30/11/2021  14:47:40,691883;9,457422E-1;1,589123E-1;1,505885E-1;9,354476E-1;;
30/11/2021  14:47:40,691983;9,456081E-1;1,362931E-1;1,133085E-1;9,355843E-1;;
30/11/2021  14:47:40,692083;9,456558E-1;6,970988E-2;8,108345E-2;9,357333E-1;;
30/11/2021  14:47:40,692183;9,459479E-1;1,245056E-1;1,164678E-1;9,358944E-1;;
30/11/2021  14:47:40,692283;9,465529E-1;1,283286E-1;1,426902E-1;9,360673E-1;;
30/11/2021  14:47:40,692383;9,461475E-1;1,127182E-1;1,287892E-1;9,362517E-1;;
30/11/2021  14:47:40,692483;9,460760E-1;2,797590E-2;3,400958E-2;9,364473E-1;;
30/11/2021  14:47:40,692583;9,458167E-1;1,506292E-1;1,932393E-1;9,366535E-1;;
30/11/2021  14:47:40,692683;9,453429E-1;-1,471382E-2;8,103155E-3;9,368698E-1;;
30/11/2021  14:47:40,692783;9,452386E-1;1,216384E-1;1,265777E-1;9,370954E-1;;
30/11/2021  14:47:40,692883;9,456916E-1;1,283286E-1;1,297370E-1;9,373295E-1;;
30/11/2021  14:47:40,692983;9,455634E-1;1,439390E-1;1,313166E-1;9,375713E-1;;
30/11/2021  14:47:40,693083;9,451998E-1;1,066652E-1;1,009872E-1;9,378200E-1;;
30/11/2021  14:47:40,693183;9,449703E-1;1,601866E-1;1,641736E-1;9,380746E-1;;
30/11/2021  14:47:40,693283;9,444428E-1;1,260985E-1;1,265777E-1;9,383343E-1;;
30/11/2021  14:47:40,693383;9,436828E-1;1,337445E-1;1,370034E-1;9,385981E-1;;
30/11/2021  14:47:40,693483;9,439272E-1;1,022050E-1;1,322644E-1;9,388648E-1;;
30/11/2021  14:47:40,693583;9,443832E-1;1,337445E-1;1,227865E-1;9,391333E-1;;
30/11/2021  14:47:40,693683;9,441239E-1;1,353374E-1;1,436380E-1;9,394026E-1;;
30/11/2021  14:47:40,693783;9,440017E-1;9,774492E-2;1,044624E-1;9,396718E-1;;
30/11/2021  14:47:40,693883;9,435398E-1;8,595746E-2;9,814378E-2;9,399399E-1;;
30/11/2021  14:47:40,693983;9,435010E-1;3,944478E-2;1,054102E-1;9,402060E-1;;
30/11/2021  14:47:40,694083;9,426934E-1;1,235499E-1;1,186794E-1;9,404692E-1;;
30/11/2021  14:47:40,694183;9,428215E-1;1,347002E-1;1,449017E-1;9,407284E-1;;
30/11/2021  14:47:40,694283;9,440226E-1;1,184526E-1;1,455336E-1;9,409829E-1;;
30/11/2021  14:47:40,694383;9,433818E-1;1,433019E-1;1,575390E-1;9,412317E-1;;
30/11/2021  14:47:40,694483;9,433490E-1;1,260985E-1;1,237343E-1;9,414744E-1;;
30/11/2021  14:47:40,694583;9,432388E-1;1,276914E-1;1,366875E-1;9,417104E-1;;
30/11/2021  14:47:40,694683;9,425473E-1;1,206827E-1;1,139404E-1;9,419390E-1;;
30/11/2021  14:47:40,694783;9,420645E-1;1,248242E-1;1,215227E-1;9,421597E-1;;
30/11/2021  14:47:40,694883;9,425205E-1;1,251428E-1;1,278414E-1;9,423718E-1;;
30/11/2021  14:47:40,694983;9,420109E-1;1,267357E-1;1,322644E-1;9,425749E-1;;
30/11/2021  14:47:40,695083;9,421867E-1;1,267357E-1;1,227865E-1;9,427684E-1;;
30/11/2021  14:47:40,695183;9,419096E-1;1,305587E-1;1,155200E-1;9,429518E-1;;
30/11/2021  14:47:40,695283;9,413224E-1;1,117624E-1;1,076217E-1;9,431249E-1;;
30/11/2021  14:47:40,695383;9,411466E-1;9,105474E-2;7,981972E-2;9,432871E-1;;
30/11/2021  14:47:40,695483;9,411645E-1;1,225942E-1;1,287892E-1;9,434382E-1;;
30/11/2021  14:47:40,695583;9,412032E-1;1,066652E-1;1,152041E-1;9,435778E-1;;
30/11/2021  14:47:40,695683;9,411079E-1;1,391603E-1;1,467973E-1;9,437058E-1;;
30/11/2021  14:47:40,695783;9,415162E-1;1,541336E-1;1,670170E-1;9,438219E-1;;
30/11/2021  14:47:40,695883;9,403479E-1;1,318330E-1;1,467973E-1;9,439261E-1;;
30/11/2021  14:47:40,695983;9,402197E-1;9,583344E-2;9,530039E-2;9,440183E-1;;
30/11/2021  14:47:40,696083;9,398174E-1;1,219570E-1;1,253139E-1;9,440985E-1;;
30/11/2021  14:47:40,696183;9,405625E-1;1,241871E-1;1,546956E-1;9,441664E-1;;
30/11/2021  14:47:40,696283;9,410006E-1;1,359745E-1;1,310007E-1;9,442223E-1;;
30/11/2021  14:47:40,696383;9,413999E-1;1,305587E-1;1,363715E-1;9,442662E-1;;
30/11/2021  14:47:40,696483;9,411943E-1;1,302401E-1;1,243661E-1;9,442986E-1;;
30/11/2021  14:47:40,696583;9,410870E-1;1,235499E-1;1,107811E-1;9,443199E-1;;
30/11/2021  14:47:40,696683;9,411704E-1;1,410718E-1;1,455336E-1;9,443304E-1;;
30/11/2021  14:47:40,696783;9,418291E-1;1,334259E-1;1,328963E-1;9,443306E-1;;
30/11/2021  14:47:40,696883;9,423477E-1;8,595746E-2;9,656411E-2;9,443212E-1;;
30/11/2021  14:47:40,696983;9,436799E-1;1,496735E-1;1,837613E-1;9,443028E-1;;
30/11/2021  14:47:40,697083;9,442044E-1;1,181340E-1;1,123607E-1;9,442763E-1;;
30/11/2021  14:47:40,697183;9,439898E-1;1,327887E-1;1,385831E-1;9,442428E-1;;
30/11/2021  14:47:40,697283;9,439749E-1;1,254614E-1;1,850251E-1;9,442032E-1;;
30/11/2021  14:47:40,697383;9,445710E-1;6,429402E-2;6,339125E-2;9,441585E-1;;
30/11/2021  14:47:40,697483;9,453935E-1;1,420275E-1;1,313166E-1;9,441098E-1;;
30/11/2021  14:47:40,697583;9,451253E-1;1,289658E-1;1,256299E-1;9,440580E-1;;
30/11/2021  14:47:40,697683;9,463323E-1;1,289658E-1;1,234183E-1;9,440042E-1;;
30/11/2021  14:47:40,697783;9,465529E-1;1,260985E-1;1,287892E-1;9,439494E-1;;
30/11/2021  14:47:40,697883;9,467317E-1;1,280100E-1;1,155200E-1;9,438947E-1;;
30/11/2021  14:47:40,697983;9,463234E-1;1,238685E-1;1,142563E-1;9,438411E-1;;
30/11/2021  14:47:40,698083;9,463115E-1;1,308772E-1;1,341600E-1;9,437894E-1;;
30/11/2021  14:47:40,698183;9,470267E-1;1,401161E-1;1,420583E-1;9,437405E-1;;
30/11/2021  14:47:40,698283;9,472920E-1;9,933782E-2;8,487463E-2;9,436951E-1;;
30/11/2021  14:47:40,698383;9,479059E-1;1,289658E-1;1,221546E-1;9,436538E-1;;
30/11/2021  14:47:40,698483;9,477092E-1;1,066652E-1;1,047783E-1;9,436175E-1;;
30/11/2021  14:47:40,698583;9,479924E-1;1,324701E-1;1,193112E-1;9,435867E-1;;
30/11/2021  14:47:40,698683;9,473188E-1;1,327887E-1;1,291051E-1;9,435620E-1;;
30/11/2021  14:47:40,698783;9,469880E-1;1,308772E-1;1,366875E-1;9,435439E-1;;
30/11/2021  14:47:40,698883;9,477420E-1;1,388417E-1;1,404787E-1;9,435325E-1;;
30/11/2021  14:47:40,698983;9,481473E-1;1,401161E-1;1,316326E-1;9,435280E-1;;
30/11/2021  14:47:40,699083;9,481086E-1;1,203641E-1;1,240502E-1;9,435307E-1;;
30/11/2021  14:47:40,699183;9,483381E-1;1,343816E-1;1,322644E-1;9,435408E-1;;
30/11/2021  14:47:40,699283;9,478284E-1;1,490363E-1;1,423743E-1;9,435584E-1;;
30/11/2021  14:47:40,699383;9,473128E-1;1,356559E-1;1,224705E-1;9,435835E-1;;
30/11/2021  14:47:40,699483;9,474470E-1;1,531778E-1;1,543797E-1;9,436160E-1;;
30/11/2021  14:47:40,699583;9,476764E-1;1,350188E-1;1,351078E-1;9,436557E-1;;
30/11/2021  14:47:40,699683;9,483142E-1;1,311958E-1;1,344760E-1;9,437024E-1;;
30/11/2021  14:47:40,699783;9,473456E-1;1,219570E-1;1,038306E-1;9,437558E-1;;
30/11/2021  14:47:40,699883;9,476019E-1;1,245056E-1;1,262617E-1;9,438158E-1;;
30/11/2021  14:47:40,699983;9,472026E-1;1,184526E-1;1,278414E-1;9,438820E-1;;
30/11/2021  14:47:40,700083;9,464098E-1;1,206827E-1;1,196272E-1;9,439539E-1;;
30/11/2021  14:47:40,700183;9,466572E-1;1,152668E-1;1,234183E-1;9,440311E-1;;
30/11/2021  14:47:40,700283;9,469820E-1;1,076209E-1;1,167838E-1;9,441129E-1;;
30/11/2021  14:47:40,700383;9,469463E-1;1,117624E-1;1,205749E-1;9,441989E-1;;
30/11/2021  14:47:40,700483;9,468211E-1;1,215178E-3;4,311971E-3;9,442885E-1;;
30/11/2021  14:47:40,700583;9,462697E-1;8,965980E-4;3,048243E-3;9,443813E-1;;
30/11/2021  14:47:40,700683;9,454442E-1;8,965980E-4;3,680107E-3;9,444767E-1;;
30/11/2021  14:47:40,700783;9,449495E-1;5,780180E-4;3,680107E-3;9,445741E-1;;
30/11/2021  14:47:40,700883;9,449912E-1;1,533758E-3;3,680107E-3;9,446725E-1;;
30/11/2021  14:47:40,700983;9,446127E-1;3,126658E-3;4,943835E-3;9,447714E-1;;
30/11/2021  14:47:40,701083;9,451819E-1;5,993878E-3;8,103155E-3;9,448698E-1;;
30/11/2021  14:47:40,701183;9,444994E-1;4,400978E-3;5,575699E-3;9,449672E-1;;
30/11/2021  14:47:40,701283;9,435964E-1;2,808078E-3;4,311971E-3;9,450629E-1;;
30/11/2021  14:47:40,701383;9,432567E-1;5,993878E-3;7,787223E-3;9,451562E-1;;
30/11/2021  14:47:40,701483;9,427351E-1;8,223938E-3;9,366883E-3;9,452462E-1;;
30/11/2021  14:47:40,701583;9,428036E-1;6,949618E-3;9,050951E-3;9,453323E-1;;
30/11/2021  14:47:40,701683;9,431345E-1;1,013542E-2;1,252620E-2;9,454136E-1;;
30/11/2021  14:47:40,701783;9,430152E-1;1,077258E-2;1,378993E-2;9,454895E-1;;
30/11/2021  14:47:40,701883;9,430182E-1;1,204690E-2;1,252620E-2;9,455596E-1;;
30/11/2021  14:47:40,701983;9,428633E-1;9,816838E-3;1,189434E-2;9,456235E-1;;
30/11/2021  14:47:40,702083;9,426576E-1;2,808078E-3;4,943835E-3;9,456807E-1;;
30/11/2021  14:47:40,702183;9,424043E-1;2,489498E-3;4,311971E-3;9,457310E-1;;
30/11/2021  14:47:40,702283;9,427440E-1;1,215178E-3;3,680107E-3;9,457740E-1;;
30/11/2021  14:47:40,702383;9,435845E-1;1,215178E-3;3,048243E-3;9,458097E-1;;
30/11/2021  14:47:40,702483;9,434116E-1;5,780180E-4;3,048243E-3;9,458380E-1;;
30/11/2021  14:47:40,702583;9,431851E-1;1,852338E-3;4,311971E-3;9,458589E-1;;
30/11/2021  14:47:40,702683;9,433431E-1;8,965980E-4;3,996039E-3;9,458727E-1;;
30/11/2021  14:47:40,702783;9,426517E-1;1,533758E-3;3,680107E-3;9,458794E-1;;
30/11/2021  14:47:40,702883;9,428841E-1;8,965980E-4;3,680107E-3;9,458791E-1;;
30/11/2021  14:47:40,702983;9,434355E-1;1,215178E-3;2,732311E-3;9,458720E-1;;
30/11/2021  14:47:40,703083;9,435130E-1;1,215178E-3;3,680107E-3;9,458583E-1;;
30/11/2021  14:47:40,703183;9,438557E-1;1,533758E-3;3,996039E-3;9,458384E-1;;
30/11/2021  14:47:40,703283;9,430898E-1;5,780180E-4;3,048243E-3;9,458125E-1;;
30/11/2021  14:47:40,703383;9,429556E-1;2,808078E-3;6,523495E-3;9,457810E-1;;
30/11/2021  14:47:40,703483;9,424699E-1;8,965980E-4;3,680107E-3;9,457442E-1;;
30/11/2021  14:47:40,703583;9,429050E-1;5,780180E-4;3,680107E-3;9,457023E-1;;
30/11/2021  14:47:40,703683;9,431404E-1;8,965980E-4;3,048243E-3;9,456554E-1;;
30/11/2021  14:47:40,703783;9,434146E-1;1,533758E-3;3,364175E-3;9,456040E-1;;
30/11/2021  14:47:40,703883;9,436113E-1;1,533758E-3;3,364175E-3;9,455484E-1;;
30/11/2021  14:47:40,703983;9,431285E-1;9,498258E-3;1,157841E-2;9,454889E-1;;
30/11/2021  14:47:40,704083;9,427023E-1;9,816838E-3;1,126247E-2;9,454260E-1;;
30/11/2021  14:47:40,704183;9,426397E-1;5,675298E-3;9,050951E-3;9,453599E-1;;
30/11/2021  14:47:40,704283;9,431017E-1;1,236548E-2;1,347400E-2;9,452910E-1;;
30/11/2021  14:47:40,704383;9,423715E-1;1,300264E-2;1,600145E-2;9,452194E-1;;
30/11/2021  14:47:40,704483;9,427202E-1;1,682560E-2;1,726518E-2;9,451455E-1;;
30/11/2021  14:47:40,704583;9,423685E-1;1,618844E-2;1,916077E-2;9,450693E-1;;
30/11/2021  14:47:40,704683;9,421867E-1;2,510868E-2;3,274585E-2;9,449913E-1;;
30/11/2021  14:47:40,704783;9,419423E-1;1,873708E-2;4,380347E-2;9,449114E-1;;
30/11/2021  14:47:40,704883;9,412032E-1;1,618844E-2;1,884484E-2;9,448299E-1;;
30/11/2021  14:47:40,704983;9,418529E-1;1,969282E-2;2,326789E-2;9,447468E-1;;
30/11/2021  14:47:40,705083;9,412777E-1;1,216384E-1;1,129926E-1;9,446621E-1;;
30/11/2021  14:47:40,705183;9,402793E-1;8,818752E-2;8,613836E-2;9,445759E-1;;
30/11/2021  14:47:40,705283;9,393823E-1;6,556834E-2;7,697633E-2;9,444881E-1;;
30/11/2021  14:47:40,705383;9,385537E-1;1,315144E-1;1,287892E-1;9,443985E-1;;
30/11/2021  14:47:40,705483;9,379756E-1;9,678918E-2;8,424277E-2;9,443066E-1;;
30/11/2021  14:47:40,705583;9,375375E-1;2,319720E-2;3,179805E-2;9,442120E-1;;
30/11/2021  14:47:40,705683;9,372752E-1;1,286472E-1;1,145722E-1;9,441142E-1;;
30/11/2021  14:47:40,705783;9,366016E-1;1,407532E-1;1,449017E-1;9,440127E-1;;
30/11/2021  14:47:40,705883;9,358685E-1;9,105474E-2;5,738855E-2;9,439071E-1;;
30/11/2021  14:47:40,705983;9,353678E-1;1,611423E-1;1,916596E-1;9,437968E-1;;
30/11/2021  14:47:40,706083;9,341429E-1;1,088952E-1;1,006712E-1;9,436812E-1;;
30/11/2021  14:47:40,706183;9,336392E-1;1,245056E-1;1,310007E-1;9,435598E-1;;
30/11/2021  14:47:40,706283;9,342681E-1;2,510868E-2;6,465498E-2;9,434319E-1;;
30/11/2021  14:47:40,706383;9,338508E-1;1,598680E-1;1,840773E-1;9,432971E-1;;
30/11/2021  14:47:40,706483;9,336601E-1;1,601866E-1;1,565912E-1;9,431548E-1;;
30/11/2021  14:47:40,706583;9,332816E-1;1,311958E-1;1,512204E-1;9,430050E-1;;
30/11/2021  14:47:40,706683;9,330193E-1;1,264171E-1;1,284732E-1;9,428472E-1;;
30/11/2021  14:47:40,706783;9,315113E-1;1,057094E-1;1,297370E-1;9,426814E-1;;
30/11/2021  14:47:40,706883;9,317914E-1;1,270543E-1;1,215227E-1;9,425072E-1;;
30/11/2021  14:47:40,706983;9,317438E-1;1,245056E-1;1,227865E-1;9,423245E-1;;
30/11/2021  14:47:40,707083;9,315113E-1;1,251428E-1;1,278414E-1;9,421331E-1;;
30/11/2021  14:47:40,707183;9,307692E-1;1,235499E-1;1,202590E-1;9,419330E-1;;
30/11/2021  14:47:40,707283;9,303460E-1;1,123996E-1;1,145722E-1;9,417240E-1;;
30/11/2021  14:47:40,707383;9,290287E-1;9,774492E-2;1,009872E-1;9,415063E-1;;
30/11/2021  14:47:40,707483;9,283432E-1;1,627352E-1;1,926074E-1;9,412796E-1;;
30/11/2021  14:47:40,707583;9,286800E-1;1,289658E-1;1,325804E-1;9,410438E-1;;
30/11/2021  14:47:40,707683;9,288707E-1;1,172832E-2;8,329497E-2;9,407987E-1;;
30/11/2021  14:47:40,707783;9,287158E-1;1,423461E-1;1,471132E-1;9,405445E-1;;
30/11/2021  14:47:40,707883;9,276935E-1;1,506292E-1;1,490088E-1;9,402813E-1;;
30/11/2021  14:47:40,707983;9,272763E-1;1,318330E-1;1,354238E-1;9,400092E-1;;
30/11/2021  14:47:40,708083;9,263852E-1;6,365686E-2;8,487463E-2;9,397284E-1;;
30/11/2021  14:47:40,708183;9,263733E-1;1,171783E-1;1,243661E-1;9,394390E-1;;
30/11/2021  14:47:40,708283;9,267100E-1;1,136739E-1;1,325804E-1;9,391411E-1;;
30/11/2021  14:47:40,708383;9,266296E-1;1,206827E-1;1,215227E-1;9,388348E-1;;
30/11/2021  14:47:40,708483;9,271303E-1;1,276914E-1;1,328963E-1;9,385207E-1;;
30/11/2021  14:47:40,708583;9,269246E-1;1,292843E-1;1,120448E-1;9,381992E-1;;
30/11/2021  14:47:40,708683;9,270557E-1;1,101695E-1;1,019350E-1;9,378710E-1;;
30/11/2021  14:47:40,708783;9,268799E-1;1,350188E-1;1,388990E-1;9,375366E-1;;
30/11/2021  14:47:40,708883;9,272495E-1;1,251428E-1;1,221546E-1;9,371968E-1;;
30/11/2021  14:47:40,708983;9,280005E-1;-8,979382E-3;5,391329E-2;9,368524E-1;;
30/11/2021  14:47:40,709083;9,282210E-1;-1,312092E-2;8,613836E-2;9,365042E-1;;
30/11/2021  14:47:40,709183;9,286234E-1;1,401161E-1;1,212068E-1;9,361534E-1;;
30/11/2021  14:47:40,709283;9,280720E-1;9,742634E-2;9,656411E-2;9,358009E-1;;
30/11/2021  14:47:40,709383;9,279618E-1;-9,297962E-3;5,138584E-2;9,354477E-1;;
30/11/2021  14:47:40,709483;9,282479E-1;-6,823526E-2;1,789705E-2;9,350949E-1;;
30/11/2021  14:47:40,709583;9,281793E-1;1,152668E-1;1,142563E-1;9,347433E-1;;
30/11/2021  14:47:40,709683;9,293476E-1;1,315144E-1;1,294210E-1;9,343939E-1;;
30/11/2021  14:47:40,709783;9,294251E-1;1,248242E-1;1,161519E-1;9,340476E-1;;
30/11/2021  14:47:40,709883;9,291956E-1;1,273729E-1;1,234183E-1;9,337054E-1;;
30/11/2021  14:47:40,709983;9,289780E-1;1,245056E-1;1,199431E-1;9,333684E-1;;
30/11/2021  14:47:40,710083;9,289184E-1;1,146297E-1;1,054102E-1;9,330375E-1;;
30/11/2021  14:47:40,710183;9,290406E-1;8,213450E-2;7,381701E-2;9,327132E-1;;
30/11/2021  14:47:40,710283;9,295562E-1;7,098420E-2;1,031987E-1;9,323965E-1;;
30/11/2021  14:47:40,710383;9,301910E-1;3,020596E-2;3,558924E-2;9,320880E-1;;
30/11/2021  14:47:40,710483;9,301702E-1;8,404598E-2;8,361090E-2;9,317884E-1;;
30/11/2021  14:47:40,710583;9,302357E-1;4,103768E-2;5,106991E-2;9,314985E-1;;
30/11/2021  14:47:40,710683;9,302208E-1;6,429402E-2;6,497092E-2;9,312190E-1;;
30/11/2021  14:47:40,710783;9,305636E-1;4,199342E-2;4,317161E-2;9,309504E-1;;
30/11/2021  14:47:40,710883;9,306142E-1;5,632952E-2;6,086380E-2;9,306934E-1;;
30/11/2021  14:47:40,710983;9,310851E-1;9,392196E-2;1,003553E-1;9,304483E-1;;
30/11/2021  14:47:40,711083;9,321699E-1;6,015248E-2;7,097362E-2;9,302158E-1;;
30/11/2021  14:47:40,711183;9,325842E-1;9,838208E-2;1,167838E-1;9,299962E-1;;
30/11/2021  14:47:40,711283;9,323547E-1;1,120810E-1;1,512204E-1;9,297903E-1;;
30/11/2021  14:47:40,711383;9,321550E-1;4,963934E-2;5,580889E-2;9,295986E-1;;
30/11/2021  14:47:40,711483;9,316394E-1;7,162136E-2;7,729226E-2;9,294213E-1;;
30/11/2021  14:47:40,711583;9,324143E-1;1,031608E-1;1,227865E-1;9,292586E-1;;
30/11/2021  14:47:40,711683;9,334425E-1;1,031608E-1;1,133085E-1;9,291108E-1;;
30/11/2021  14:47:40,711783;9,335707E-1;1,060280E-1;1,107811E-1;9,289779E-1;;
30/11/2021  14:47:40,711883;9,334843E-1;6,684266E-2;7,824006E-2;9,288603E-1;;
30/11/2021  14:47:40,711983;9,337465E-1;1,232313E-1;1,259458E-1;9,287581E-1;;
30/11/2021  14:47:40,712083;9,336362E-1;1,280100E-1;1,281573E-1;9,286713E-1;;
30/11/2021  14:47:40,712183;9,334902E-1;1,452133E-1;1,306848E-1;9,286000E-1;;
30/11/2021  14:47:40,712283;9,342114E-1;1,598680E-1;1,407946E-1;9,285439E-1;;
30/11/2021  14:47:40,712383;9,352158E-1;1,745227E-1;1,569071E-1;9,285030E-1;;
30/11/2021  14:47:40,712483;9,362082E-1;1,700626E-1;1,992420E-1;9,284772E-1;;
30/11/2021  14:47:40,712583;9,360354E-1;1,468062E-1;1,502726E-1;9,284667E-1;;
30/11/2021  14:47:40,712683;9,364139E-1;1,359745E-1;1,388990E-1;9,284713E-1;;
30/11/2021  14:47:40,712783;9,363811E-1;1,327887E-1;1,310007E-1;9,284912E-1;;
30/11/2021  14:47:40,712883;9,371500E-1;1,257800E-1;1,335282E-1;9,285262E-1;;
30/11/2021  14:47:40,712983;9,377193E-1;1,267357E-1;1,328963E-1;9,285762E-1;;
30/11/2021  14:47:40,713083;9,385269E-1;1,245056E-1;1,101492E-1;9,286412E-1;;
30/11/2021  14:47:40,713183;9,391438E-1;1,283286E-1;1,275255E-1;9,287211E-1;;
30/11/2021  14:47:40,713283;9,389769E-1;1,311958E-1;1,104651E-1;9,288159E-1;;
30/11/2021  14:47:40,713383;9,397876E-1;1,216384E-1;1,110970E-1;9,289255E-1;;
30/11/2021  14:47:40,713483;9,399426E-1;1,286472E-1;1,565912E-1;9,290499E-1;;
30/11/2021  14:47:40,713583;9,402287E-1;1,251428E-1;1,287892E-1;9,291889E-1;;
30/11/2021  14:47:40,713683;9,410423E-1;1,254614E-1;1,335282E-1;9,293423E-1;;
30/11/2021  14:47:40,713783;9,414476E-1;1,369303E-1;1,960827E-1;9,295099E-1;;
30/11/2021  14:47:40,713883;9,425861E-1;1,159040E-1;1,455336E-1;9,296917E-1;;
30/11/2021  14:47:40,713983;9,427768E-1;1,560451E-1;2,125112E-1;9,298873E-1;;
30/11/2021  14:47:40,714083;9,427738E-1;1,168597E-1;1,196272E-1;9,300968E-1;;
30/11/2021  14:47:40,714183;9,428126E-1;1,245056E-1;1,215227E-1;9,303199E-1;;
30/11/2021  14:47:40,714283;9,435100E-1;1,162226E-1;1,142563E-1;9,305563E-1;;
30/11/2021  14:47:40,714383;9,441120E-1;1,174969E-1;1,246821E-1;9,308057E-1;;
30/11/2021  14:47:40,714483;9,444816E-1;1,299215E-1;1,303688E-1;9,310677E-1;;
30/11/2021  14:47:40,714583;9,451283E-1;1,334259E-1;1,316326E-1;9,313420E-1;;
30/11/2021  14:47:40,714683;9,453280E-1;1,343816E-1;1,385831E-1;9,316283E-1;;
30/11/2021  14:47:40,714783;9,450657E-1;1,108067E-1;1,031987E-1;9,319263E-1;;
30/11/2021  14:47:40,714883;9,453280E-1;1,273729E-1;1,442698E-1;9,322354E-1;;
30/11/2021  14:47:40,714983;9,462995E-1;1,448948E-1;1,351078E-1;9,325552E-1;;
30/11/2021  14:47:40,715083;9,470476E-1;7,767438E-2;1,401627E-1;9,328851E-1;;
30/11/2021  14:47:40,715183;9,477748E-1;1,452133E-1;1,442698E-1;9,332248E-1;;
30/11/2021  14:47:40,715283;9,480788E-1;1,337445E-1;1,565912E-1;9,335739E-1;;
30/11/2021  14:47:40,715383;9,480967E-1;1,366117E-1;1,411105E-1;9,339322E-1;;
30/11/2021  14:47:40,715483;9,484066E-1;1,350188E-1;1,310007E-1;9,342991E-1;;
30/11/2021  14:47:40,715583;9,486152E-1;1,229127E-1;1,246821E-1;9,346742E-1;;
30/11/2021  14:47:40,715683;9,490265E-1;1,238685E-1;1,287892E-1;9,350572E-1;;
30/11/2021  14:47:40,715783;9,499444E-1;1,251428E-1;1,205749E-1;9,354474E-1;;
30/11/2021  14:47:40,715883;9,493722E-1;1,292843E-1;1,417424E-1;9,358444E-1;;
30/11/2021  14:47:40,715983;9,500994E-1;1,334259E-1;1,303688E-1;9,362478E-1;;
30/11/2021  14:47:40,716083;9,495332E-1;1,308772E-1;1,253139E-1;9,366570E-1;;
30/11/2021  14:47:40,716183;9,492143E-1;1,232313E-1;1,126766E-1;9,370712E-1;;
30/11/2021  14:47:40,716283;9,489759E-1;8,117876E-2;7,824006E-2;9,374899E-1;;
30/11/2021  14:47:40,716383;9,489013E-1;1,190898E-1;1,095173E-1;9,379121E-1;;
30/11/2021  14:47:40,716483;9,494259E-1;1,410718E-1;1,619620E-1;9,383370E-1;;
30/11/2021  14:47:40,716583;9,485139E-1;9,201048E-2;1,540637E-1;9,387635E-1;;
30/11/2021  14:47:40,716683;9,479387E-1;1,053908E-1;1,237343E-1;9,391908E-1;;
30/11/2021  14:47:40,716783;9,480192E-1;1,620981E-1;2,112474E-1;9,396178E-1;;
30/11/2021  14:47:40,716883;9,466900E-1;6,110822E-2;1,000394E-1;9,400432E-1;;
30/11/2021  14:47:40,716983;9,476228E-1;1,391603E-1;1,325804E-1;9,404660E-1;;
30/11/2021  14:47:40,717083;9,477360E-1;1,260985E-1;1,262617E-1;9,408849E-1;;
30/11/2021  14:47:40,717183;9,477688E-1;1,305587E-1;1,136244E-1;9,412990E-1;;
30/11/2021  14:47:40,717283;9,472890E-1;6,429402E-2;8,045158E-2;9,417072E-1;;
30/11/2021  14:47:40,717383;9,471847E-1;1,289658E-1;1,281573E-1;9,421085E-1;;
30/11/2021  14:47:40,717483;9,470387E-1;1,340630E-1;1,313166E-1;9,425022E-1;;
30/11/2021  14:47:40,717583;9,466304E-1;1,764342E-1;1,711241E-1;9,428872E-1;;
30/11/2021  14:47:40,717683;9,470685E-1;1,745227E-1;1,414265E-1;9,432628E-1;;
30/11/2021  14:47:40,717783;9,472741E-1;1,168597E-1;1,322644E-1;9,436282E-1;;
30/11/2021  14:47:40,717883;9,477122E-1;1,248242E-1;1,272095E-1;9,439826E-1;;
30/11/2021  14:47:40,717983;9,473993E-1;1,436204E-1;1,281573E-1;9,443257E-1;;
30/11/2021  14:47:40,718083;9,467496E-1;1,002936E-1;1,069899E-1;9,446570E-1;;
30/11/2021  14:47:40,718183;9,462787E-1;8,404598E-2;1,066739E-1;9,449760E-1;;
30/11/2021  14:47:40,718283;9,461535E-1;1,359745E-1;1,319485E-1;9,452822E-1;;
30/11/2021  14:47:40,718383;9,465082E-1;1,296029E-1;1,297370E-1;9,455751E-1;;
30/11/2021  14:47:40,718483;9,468271E-1;1,378860E-1;1,338441E-1;9,458544E-1;;
30/11/2021  14:47:40,718583;9,464247E-1;1,216384E-1;1,291051E-1;9,461198E-1;;
30/11/2021  14:47:40,718683;9,463413E-1;1,302401E-1;1,373193E-1;9,463710E-1;;
30/11/2021  14:47:40,718783;9,460254E-1;1,276914E-1;1,243661E-1;9,466080E-1;;
30/11/2021  14:47:40,718883;9,459777E-1;1,949118E-1;1,736515E-1;9,468306E-1;;
30/11/2021  14:47:40,718983;9,461654E-1;1,378860E-1;1,325804E-1;9,470387E-1;;
30/11/2021  14:47:40,719083;9,463174E-1;1,388417E-1;1,357397E-1;9,472323E-1;;
30/11/2021  14:47:40,719183;9,472026E-1;1,168597E-1;1,041465E-1;9,474114E-1;;
30/11/2021  14:47:40,719283;9,466989E-1;1,407532E-1;1,322644E-1;9,475762E-1;;
30/11/2021  14:47:40,719383;9,467883E-1;9,742634E-2;8,424277E-2;9,477272E-1;;
30/11/2021  14:47:40,719483;9,467913E-1;1,143111E-1;1,019350E-1;9,478646E-1;;
30/11/2021  14:47:40,719583;9,464337E-1;2,224146E-2;7,350108E-2;9,479887E-1;;
30/11/2021  14:47:40,719683;9,472264E-1;1,292843E-1;1,351078E-1;9,481000E-1;;
30/11/2021  14:47:40,719783;9,476913E-1;1,789828E-1;1,708081E-1;9,481988E-1;;
30/11/2021  14:47:40,719883;9,477003E-1;1,461691E-1;1,385831E-1;9,482857E-1;;
30/11/2021  14:47:40,719983;9,473277E-1;1,818500E-1;1,818658E-1;9,483613E-1;;
30/11/2021  14:47:40,720083;9,469403E-1;1,445762E-1;1,562753E-1;9,484262E-1;;
30/11/2021  14:47:40,720183;9,462727E-1;5,123224E-2;1,073058E-1;9,484809E-1;;
30/11/2021  14:47:40,720283;9,459032E-1;1,413904E-1;1,404787E-1;9,485257E-1;;
30/11/2021  14:47:40,720383;9,466512E-1;1,665582E-1;1,316326E-1;9,485609E-1;;
30/11/2021  14:47:40,720483;9,462459E-1;1,523270E-2;1,758111E-2;9,485870E-1;;
30/11/2021  14:47:40,720583;9,460641E-1;8,965980E-4;3,364175E-3;9,486042E-1;;
30/11/2021  14:47:40,720683;9,456826E-1;8,965980E-4;3,680107E-3;9,486129E-1;;
30/11/2021  14:47:40,720783;9,450746E-1;1,215178E-3;3,680107E-3;9,486134E-1;;
30/11/2021  14:47:40,720883;9,447468E-1;1,533758E-3;3,680107E-3;9,486059E-1;;
30/11/2021  14:47:40,720983;9,437424E-1;3,445238E-3;5,259767E-3;9,485905E-1;;
30/11/2021  14:47:40,721083;9,443683E-1;8,965980E-4;3,364175E-3;9,485674E-1;;
30/11/2021  14:47:40,721183;9,447945E-1;1,533758E-3;3,996039E-3;9,485364E-1;;
30/11/2021  14:47:40,721283;9,439451E-1;2,489498E-3;4,311971E-3;9,484980E-1;;
30/11/2021  14:47:40,721383;9,432418E-1;2,489498E-3;4,627903E-3;9,484522E-1;;
30/11/2021  14:47:40,721483;9,425831E-1;2,489498E-3;4,943835E-3;9,483990E-1;;
30/11/2021  14:47:40,721583;9,424102E-1;1,215178E-3;3,364175E-3;9,483386E-1;;
30/11/2021  14:47:40,721683;9,422493E-1;1,533758E-3;3,364175E-3;9,482708E-1;;
30/11/2021  14:47:40,721783;9,417576E-1;1,852338E-3;4,627903E-3;9,481956E-1;;
30/11/2021  14:47:40,721883;9,419692E-1;1,852338E-3;4,627903E-3;9,481130E-1;;
30/11/2021  14:47:40,721983;9,412718E-1;4,400978E-3;6,207563E-3;9,480230E-1;;
30/11/2021  14:47:40,722083;9,409410E-1;4,719558E-3;6,523495E-3;9,479257E-1;;
30/11/2021  14:47:40,722183;9,403985E-1;3,445238E-3;5,575699E-3;9,478210E-1;;
30/11/2021  14:47:40,722283;9,399455E-1;2,489498E-3;4,311971E-3;9,477089E-1;;
30/11/2021  14:47:40,722383;9,398084E-1;6,949618E-3;8,419087E-3;9,475893E-1;;
30/11/2021  14:47:40,722483;9,395998E-1;3,763818E-3;5,575699E-3;9,474622E-1;;
30/11/2021  14:47:40,722583;9,399217E-1;5,038138E-3;6,839427E-3;9,473277E-1;;
30/11/2021  14:47:40,722683;9,387385E-1;3,445238E-3;4,943835E-3;9,471857E-1;;
30/11/2021  14:47:40,722783;9,377610E-1;1,533758E-3;3,996039E-3;9,470364E-1;;
30/11/2021  14:47:40,722883;9,374451E-1;1,215178E-3;3,680107E-3;9,468797E-1;;
30/11/2021  14:47:40,722983;9,370904E-1;8,965980E-4;3,364175E-3;9,467154E-1;;
30/11/2021  14:47:40,723083;9,367268E-1;1,215178E-3;3,048243E-3;9,465435E-1;;
30/11/2021  14:47:40,723183;9,364198E-1;1,215178E-3;3,680107E-3;9,463638E-1;;
30/11/2021  14:47:40,723283;9,357850E-1;8,965980E-4;3,364175E-3;9,461763E-1;;
30/11/2021  14:47:40,723383;9,352873E-1;8,965980E-4;3,048243E-3;9,459809E-1;;
30/11/2021  14:47:40,723483;9,342621E-1;8,965980E-4;3,364175E-3;9,457776E-1;;
30/11/2021  14:47:40,723583;9,330014E-1;1,215178E-3;3,364175E-3;9,455661E-1;;
30/11/2021  14:47:40,723683;9,329359E-1;5,780180E-4;3,048243E-3;9,453463E-1;;
30/11/2021  14:47:40,723783;9,325335E-1;8,965980E-4;3,680107E-3;9,451178E-1;;
30/11/2021  14:47:40,723883;9,328852E-1;2,170918E-3;4,627903E-3;9,448805E-1;;
30/11/2021  14:47:40,723983;9,326051E-1;6,631038E-3;8,103155E-3;9,446343E-1;;
30/11/2021  14:47:40,724083;9,322117E-1;8,542518E-3;1,063061E-2;9,443793E-1;;
30/11/2021  14:47:40,724183;9,314666E-1;1,332122E-2;1,600145E-2;9,441155E-1;;
30/11/2021  14:47:40,724283;9,315262E-1;1,236548E-2;1,947671E-2;9,438431E-1;;
30/11/2021  14:47:40,724383;9,311179E-1;1,459554E-2;1,694925E-2;9,435623E-1;;
30/11/2021  14:47:40,724483;9,317140E-1;1,109116E-2;1,663332E-2;9,432731E-1;;
30/11/2021  14:47:40,724583;9,317259E-1;1,555128E-2;1,726518E-2;9,429760E-1;;
30/11/2021  14:47:40,724683;9,312341E-1;1,586986E-2;2,421569E-2;9,426715E-1;;
30/11/2021  14:47:40,724783;9,310702E-1;1,618844E-2;1,884484E-2;9,423599E-1;;
30/11/2021  14:47:40,724883;9,308020E-1;5,250656E-2;6,781430E-2;9,420419E-1;;
30/11/2021  14:47:40,724983;9,304205E-1;1,682560E-2;1,947671E-2;9,417178E-1;;
30/11/2021  14:47:40,725083;9,306440E-1;1,682560E-2;1,884484E-2;9,413883E-1;;
30/11/2021  14:47:40,725183;9,306142E-1;3,912620E-2;3,179805E-2;9,410538E-1;;
30/11/2021  14:47:40,725283;9,307007E-1;1,076209E-1;1,167838E-1;9,407149E-1;;
30/11/2021  14:47:40,725383;9,304086E-1;8,946184E-2;7,887192E-2;9,403722E-1;;
30/11/2021  14:47:40,725483;9,300748E-1;1,280100E-1;1,180475E-1;9,400265E-1;;
30/11/2021  14:47:40,725583;9,297529E-1;1,302401E-1;1,423743E-1;9,396783E-1;;
30/11/2021  14:47:40,725683;9,301106E-1;4,486064E-2;6,718244E-2;9,393282E-1;;
30/11/2021  14:47:40,725783;9,303877E-1;8,468314E-2;9,024547E-2;9,389768E-1;;
30/11/2021  14:47:40,725883;9,308526E-1;1,429833E-1;1,398468E-1;9,386248E-1;;
30/11/2021  14:47:40,725983;9,309123E-1;1,353374E-1;2,020854E-1;9,382730E-1;;
30/11/2021  14:47:40,726083;9,304473E-1;1,515849E-1;1,771268E-1;9,379221E-1;;
30/11/2021  14:47:40,726183;9,306947E-1;1,273729E-1;1,281573E-1;9,375729E-1;;
30/11/2021  14:47:40,726283;9,306708E-1;1,299215E-1;1,322644E-1;9,372262E-1;;
30/11/2021  14:47:40,726383;9,305844E-1;1,203641E-1;1,215227E-1;9,368827E-1;;
30/11/2021  14:47:40,726483;9,315441E-1;1,241871E-1;1,278414E-1;9,365430E-1;;
30/11/2021  14:47:40,726583;9,317646E-1;1,178155E-1;1,177316E-1;9,362079E-1;;
30/11/2021  14:47:40,726683;9,323219E-1;1,260985E-1;1,281573E-1;9,358783E-1;;
30/11/2021  14:47:40,726783;9,323994E-1;1,251428E-1;1,316326E-1;9,355550E-1;;
30/11/2021  14:47:40,726883;9,322474E-1;9,137332E-2;1,003553E-1;9,352389E-1;;
30/11/2021  14:47:40,726983;9,319136E-1;1,216384E-1;9,814378E-2;9,349307E-1;;
30/11/2021  14:47:40,727083;9,328167E-1;1,162226E-1;1,114129E-1;9,346311E-1;;
30/11/2021  14:47:40,727183;9,332250E-1;1,394789E-1;1,594346E-1;9,343408E-1;;
30/11/2021  14:47:40,727283;9,340177E-1;1,372488E-1;1,578549E-1;9,340605E-1;;
30/11/2021  14:47:40,727383;9,344290E-1;1,362931E-1;1,114129E-1;9,337909E-1;;
30/11/2021  14:47:40,727483;9,341757E-1;1,732484E-1;2,532664E-1;9,335329E-1;;
30/11/2021  14:47:40,727583;9,344081E-1;1,111253E-1;1,199431E-1;9,332871E-1;;
30/11/2021  14:47:40,727683;9,345154E-1;1,174969E-1;1,272095E-1;9,330541E-1;;
30/11/2021  14:47:40,727783;9,351085E-1;1,321516E-1;1,322644E-1;9,328345E-1;;
30/11/2021  14:47:40,727883;9,357165E-1;1,194084E-1;1,136244E-1;9,326287E-1;;
30/11/2021  14:47:40,727983;9,359490E-1;1,257800E-1;1,426902E-1;9,324372E-1;;
30/11/2021  14:47:40,728083;9,358148E-1;1,321516E-1;1,385831E-1;9,322606E-1;;
30/11/2021  14:47:40,728183;9,360562E-1;1,350188E-1;1,341600E-1;9,320992E-1;;
30/11/2021  14:47:40,728283;9,349476E-1;1,273729E-1;1,215227E-1;9,319533E-1;;
30/11/2021  14:47:40,728383;9,355317E-1;1,165411E-1;1,129926E-1;9,318228E-1;;
30/11/2021  14:47:40,728483;9,354930E-1;1,120810E-1;1,129926E-1;9,317079E-1;;
30/11/2021  14:47:40,728583;9,353022E-1;1,340630E-1;1,685966E-1;9,316084E-1;;
30/11/2021  14:47:40,728683;9,355585E-1;1,079395E-1;7,444887E-2;9,315239E-1;;
30/11/2021  14:47:40,728783;9,354930E-1;1,260985E-1;1,509044E-1;9,314544E-1;;
30/11/2021  14:47:40,728883;9,361188E-1;1,264171E-1;1,366875E-1;9,313996E-1;;
30/11/2021  14:47:40,728983;9,352158E-1;1,308772E-1;1,313166E-1;9,313589E-1;;
30/11/2021  14:47:40,729083;9,358625E-1;1,149482E-1;1,199431E-1;9,313322E-1;;
30/11/2021  14:47:40,729183;9,363662E-1;1,190898E-1;1,215227E-1;9,313190E-1;;
30/11/2021  14:47:40,729283;9,364318E-1;1,088952E-1;8,487463E-2;9,313189E-1;;
30/11/2021  14:47:40,729383;9,358834E-1;1,146297E-1;1,013031E-1;9,313314E-1;;
30/11/2021  14:47:40,729483;9,347837E-1;1,627352E-1;1,480610E-1;9,313562E-1;;
30/11/2021  14:47:40,729583;9,345661E-1;1,216384E-1;1,205749E-1;9,313924E-1;;
30/11/2021  14:47:40,729683;9,340386E-1;2,012834E-1;1,569071E-1;9,314394E-1;;
30/11/2021  14:47:40,729783;9,336273E-1;8,946184E-2;1,145722E-1;9,314960E-1;;
30/11/2021  14:47:40,729883;9,340058E-1;1,057094E-1;1,073058E-1;9,315614E-1;;
30/11/2021  14:47:40,729983;9,334336E-1;1,092138E-1;9,403666E-2;9,316345E-1;;
30/11/2021  14:47:40,730083;9,327541E-1;1,165411E-1;1,110970E-1;9,317144E-1;;
30/11/2021  14:47:40,730183;9,326080E-1;1,085766E-1;1,202590E-1;9,318000E-1;;
30/11/2021  14:47:40,730283;9,318958E-1;1,037979E-1;9,719598E-2;9,318902E-1;;
30/11/2021  14:47:40,730383;9,322415E-1;1,375674E-1;1,322644E-1;9,319840E-1;;
30/11/2021  14:47:40,730483;9,321878E-1;1,321516E-1;1,246821E-1;9,320801E-1;;
30/11/2021  14:47:40,730583;9,329418E-1;1,098510E-1;1,095173E-1;9,321778E-1;;
30/11/2021  14:47:40,730683;9,327928E-1;1,159040E-1;1,183634E-1;9,322761E-1;;
30/11/2021  14:47:40,730783;9,324918E-1;1,073023E-1;1,095173E-1;9,323745E-1;;
30/11/2021  14:47:40,730883;9,323041E-1;4,358632E-2;4,696279E-2;9,324722E-1;;
30/11/2021  14:47:40,730983;9,325544E-1;1,852338E-3;8,419087E-3;9,325686E-1;;
30/11/2021  14:47:40,731083;9,323488E-1;7,863012E-2;8,424277E-2;9,326632E-1;;
30/11/2021  14:47:40,731183;9,330134E-1;9,965640E-2;1,057261E-1;9,327553E-1;;
30/11/2021  14:47:40,731283;9,329001E-1;8,755036E-2;8,613836E-2;9,328447E-1;;
30/11/2021  14:47:40,731383;9,323815E-1;6,620550E-2;6,781430E-2;9,329309E-1;;
30/11/2021  14:47:40,731483;9,327243E-1;1,809992E-2;4,285567E-2;9,330138E-1;;
30/11/2021  14:47:40,731583;9,321491E-1;3,944478E-2;4,854245E-2;9,330928E-1;;
30/11/2021  14:47:40,731683;9,318063E-1;1,098510E-1;1,862888E-1;9,331678E-1;;
30/11/2021  14:47:40,731783;9,319583E-1;7,448858E-2;8,424277E-2;9,332385E-1;;
30/11/2021  14:47:40,731883;9,325693E-1;5,855958E-2;6,117973E-2;9,333044E-1;;
30/11/2021  14:47:40,731983;9,323964E-1;9,901924E-2;1,088855E-1;9,333656E-1;;
30/11/2021  14:47:40,732083;9,323488E-1;1,012493E-1;1,265777E-1;9,334218E-1;;
30/11/2021  14:47:40,732183;9,320179E-1;1,069837E-1;1,275255E-1;9,334729E-1;;
30/11/2021  14:47:40,732283;9,320984E-1;1,308772E-1;1,518522E-1;9,335190E-1;;
30/11/2021  14:47:40,732383;9,320984E-1;1,235499E-1;1,439539E-1;9,335599E-1;;
30/11/2021  14:47:40,732483;9,329329E-1;7,002846E-2;8,297904E-2;9,335956E-1;;
30/11/2021  14:47:40,732583;9,333114E-1;1,302401E-1;1,047783E-1;9,336262E-1;;
30/11/2021  14:47:40,732683;9,338121E-1;1,547707E-1;1,404787E-1;9,336521E-1;;
30/11/2021  14:47:40,732783;9,340207E-1;6,047106E-2;4,601499E-2;9,336734E-1;;
30/11/2021  14:47:40,732883;9,344171E-1;1,563636E-1;1,281573E-1;9,336908E-1;;
30/11/2021  14:47:40,732983;9,343664E-1;1,687883E-1;1,581709E-1;9,337046E-1;;
30/11/2021  14:47:40,733083;9,350340E-1;1,598680E-1;1,625939E-1;9,337152E-1;;
30/11/2021  14:47:40,733183;9,359907E-1;1,143111E-1;1,088855E-1;9,337234E-1;;
30/11/2021  14:47:40,733283;9,359966E-1;1,350188E-1;1,385831E-1;9,337296E-1;;
30/11/2021  14:47:40,733383;9,371262E-1;1,305587E-1;1,376353E-1;9,337347E-1;;
30/11/2021  14:47:40,733483;9,368401E-1;1,321516E-1;1,354238E-1;9,337393E-1;;
30/11/2021  14:47:40,733583;9,367387E-1;3,594040E-2;9,782784E-2;9,337443E-1;;
30/11/2021  14:47:40,733683;9,367983E-1;4,082398E-3;5,960007E-2;9,337502E-1;;
30/11/2021  14:47:40,733783;9,373884E-1;1,296029E-1;1,316326E-1;9,337576E-1;;
30/11/2021  14:47:40,733883;9,376507E-1;1,283286E-1;1,316326E-1;9,337670E-1;;
30/11/2021  14:47:40,733983;9,379070E-1;1,127182E-1;1,057261E-1;9,337791E-1;;
30/11/2021  14:47:40,734083;9,381365E-1;1,232313E-1;1,268936E-1;9,337944E-1;;
30/11/2021  14:47:40,734183;9,379905E-1;1,378860E-1;1,306848E-1;9,338133E-1;;
30/11/2021  14:47:40,734283;9,375255E-1;1,503106E-1;1,379512E-1;9,338363E-1;;
30/11/2021  14:47:40,734383;9,371619E-1;1,098510E-1;1,445858E-1;9,338635E-1;;
30/11/2021  14:47:40,734483;9,372633E-1;1,181340E-1;1,158360E-1;9,338952E-1;;
30/11/2021  14:47:40,734583;9,379100E-1;-9,754462E-2;3,400958E-2;9,339314E-1;;
30/11/2021  14:47:40,734683;9,376895E-1;5,919674E-2;1,000394E-1;9,339721E-1;;
30/11/2021  14:47:40,734783;9,367179E-1;1,299215E-1;1,398468E-1;9,340173E-1;;
30/11/2021  14:47:40,734883;9,360294E-1;1,009307E-1;6,054787E-2;9,340669E-1;;
30/11/2021  14:47:40,734983;9,352963E-1;1,283286E-1;1,262617E-1;9,341207E-1;;
30/11/2021  14:47:40,735083;9,351592E-1;1,248242E-1;1,306848E-1;9,341779E-1;;
30/11/2021  14:47:40,735183;9,349506E-1;1,232313E-1;1,272095E-1;9,342382E-1;;
30/11/2021  14:47:40,735283;9,351026E-1;1,267357E-1;1,281573E-1;9,343009E-1;;
30/11/2021  14:47:40,735383;9,348164E-1;1,273729E-1;1,221546E-1;9,343653E-1;;
30/11/2021  14:47:40,735483;9,349178E-1;1,273729E-1;1,205749E-1;9,344311E-1;;
30/11/2021  14:47:40,735583;9,344767E-1;1,260985E-1;1,243661E-1;9,344976E-1;;
30/11/2021  14:47:40,735683;9,336601E-1;1,347002E-1;1,300529E-1;9,345643E-1;;
30/11/2021  14:47:40,735783;9,341995E-1;1,413904E-1;1,401627E-1;9,346306E-1;;
30/11/2021  14:47:40,735883;9,340833E-1;1,194084E-1;1,215227E-1;9,346958E-1;;
30/11/2021  14:47:40,735983;9,344350E-1;1,108067E-1;1,486929E-1;9,347596E-1;;
30/11/2021  14:47:40,736083;9,338926E-1;1,213198E-1;1,152041E-1;9,348215E-1;;
30/11/2021  14:47:40,736183;9,340714E-1;1,248242E-1;1,272095E-1;9,348811E-1;;
30/11/2021  14:47:40,736283;9,339045E-1;1,213198E-1;1,240502E-1;9,349381E-1;;
30/11/2021  14:47:40,736383;9,330551E-1;1,299215E-1;1,152041E-1;9,349921E-1;;
30/11/2021  14:47:40,736483;9,335528E-1;1,404346E-1;1,354238E-1;9,350426E-1;;
30/11/2021  14:47:40,736583;9,334097E-1;1,270543E-1;1,272095E-1;9,350895E-1;;
30/11/2021  14:47:40,736683;9,336601E-1;1,302401E-1;1,281573E-1;9,351323E-1;;
30/11/2021  14:47:40,736783;9,335021E-1;1,570008E-1;2,058766E-1;9,351709E-1;;
30/11/2021  14:47:40,736883;9,334634E-1;1,321516E-1;1,294210E-1;9,352051E-1;;
30/11/2021  14:47:40,736983;9,330938E-1;1,334259E-1;1,278414E-1;9,352347E-1;;
30/11/2021  14:47:40,737083;9,332041E-1;1,343816E-1;1,480610E-1;9,352598E-1;;
30/11/2021  14:47:40,737183;9,341101E-1;1,006121E-1;1,243661E-1;9,352800E-1;;
30/11/2021  14:47:40,737283;9,345512E-1;1,136739E-1;9,372073E-2;9,352956E-1;;
30/11/2021  14:47:40,737383;9,352903E-1;1,213198E-1;1,193112E-1;9,353066E-1;;
30/11/2021  14:47:40,737483;9,359251E-1;1,238685E-1;1,019350E-1;9,353136E-1;;
30/11/2021  14:47:40,737583;9,358804E-1;1,187712E-1;1,142563E-1;9,353169E-1;;
30/11/2021  14:47:40,737683;9,360831E-1;1,340630E-1;1,439539E-1;9,353170E-1;;
30/11/2021  14:47:40,737783;9,365778E-1;1,372488E-1;1,597505E-1;9,353146E-1;;
30/11/2021  14:47:40,737883;9,369980E-1;1,184526E-1;1,215227E-1;9,353102E-1;;
30/11/2021  14:47:40,737983;9,380650E-1;1,391603E-1;1,370034E-1;9,353044E-1;;
30/11/2021  14:47:40,738083;9,383660E-1;1,410718E-1;1,509044E-1;9,352980E-1;;
30/11/2021  14:47:40,738183;9,385537E-1;1,458505E-1;1,667010E-1;9,352916E-1;;
30/11/2021  14:47:40,738283;9,390216E-1;1,260985E-1;1,268936E-1;9,352862E-1;;
30/11/2021  14:47:40,738383;9,397399E-1;1,311958E-1;1,287892E-1;9,352824E-1;;
30/11/2021  14:47:40,738483;9,399247E-1;1,372488E-1;1,319485E-1;9,352811E-1;;
30/11/2021  14:47:40,738583;9,406400E-1;1,321516E-1;1,303688E-1;9,352830E-1;;
30/11/2021  14:47:40,738683;9,408784E-1;1,308772E-1;1,262617E-1;9,352888E-1;;
30/11/2021  14:47:40,738783;9,409290E-1;1,350188E-1;1,240502E-1;9,352995E-1;;
30/11/2021  14:47:40,738883;9,412897E-1;1,213198E-1;1,284732E-1;9,353155E-1;;
30/11/2021  14:47:40,738983;9,416562E-1;1,296029E-1;1,215227E-1;9,353375E-1;;
30/11/2021  14:47:40,739083;9,423506E-1;9,169190E-2;9,435259E-2;9,353662E-1;;
30/11/2021  14:47:40,739183;9,433520E-1;1,174969E-1;1,101492E-1;9,354020E-1;;
30/11/2021  14:47:40,739283;9,441150E-1;1,238685E-1;1,704922E-1;9,354455E-1;;
30/11/2021  14:47:40,739383;9,450597E-1;1,646467E-1;1,847091E-1;9,354976E-1;;
30/11/2021  14:47:40,739483;9,454561E-1;1,595494E-1;1,546956E-1;9,355589E-1;;
30/11/2021  14:47:40,739583;9,457065E-1;1,442576E-1;1,436380E-1;9,356301E-1;;
30/11/2021  14:47:40,739683;9,460671E-1;1,461691E-1;1,398468E-1;9,357118E-1;;
30/11/2021  14:47:40,739783;9,463830E-1;1,394789E-1;1,401627E-1;9,358047E-1;;
30/11/2021  14:47:40,739883;9,480698E-1;1,006121E-1;1,243661E-1;9,359091E-1;;
30/11/2021  14:47:40,739983;9,485944E-1;1,343816E-1;1,287892E-1;9,360255E-1;;
30/11/2021  14:47:40,740083;9,492500E-1;1,378860E-1;1,616461E-1;9,361546E-1;;
30/11/2021  14:47:40,740183;9,494050E-1;1,509478E-1;1,420583E-1;9,362969E-1;;
30/11/2021  14:47:40,740283;9,494169E-1;1,426647E-1;1,376353E-1;9,364528E-1;;
30/11/2021  14:47:40,740383;9,495630E-1;1,257800E-1;1,189953E-1;9,366225E-1;;
30/11/2021  14:47:40,740483;9,498014E-1;1,461691E-1;1,332122E-1;9,368063E-1;;
30/11/2021  14:47:40,740583;9,500607E-1;1,852338E-3;4,627903E-3;9,370040E-1;;
30/11/2021  14:47:40,740683;9,505435E-1;5,038138E-3;6,839427E-3;9,372157E-1;;
30/11/2021  14:47:40,740783;9,514674E-1;4,719558E-3;6,523495E-3;9,374412E-1;;
30/11/2021  14:47:40,740883;9,509816E-1;5,675298E-3;7,471291E-3;9,376804E-1;;
30/11/2021  14:47:40,740983;9,505107E-1;4,400978E-3;6,839427E-3;9,379330E-1;;
30/11/2021  14:47:40,741083;9,502037E-1;6,631038E-3;8,735019E-3;9,381986E-1;;
30/11/2021  14:47:40,741183;9,508236E-1;1,215178E-3;3,996039E-3;9,384765E-1;;
30/11/2021  14:47:40,741283;9,510412E-1;2,489498E-3;4,311971E-3;9,387662E-1;;
30/11/2021  14:47:40,741383;9,515478E-1;8,965980E-4;3,364175E-3;9,390669E-1;;
30/11/2021  14:47:40,741483;9,518787E-1;1,533758E-3;3,996039E-3;9,393781E-1;;
30/11/2021  14:47:40,741583;9,507253E-1;2,170918E-3;4,627903E-3;9,396989E-1;;
30/11/2021  14:47:40,741683;9,505345E-1;1,215178E-3;3,680107E-3;9,400287E-1;;
30/11/2021  14:47:40,741783;9,506269E-1;1,215178E-3;3,364175E-3;9,403664E-1;;
30/11/2021  14:47:40,741883;9,509697E-1;2,170918E-3;4,311971E-3;9,407111E-1;;
30/11/2021  14:47:40,741983;9,513750E-1;1,215178E-3;3,048243E-3;9,410618E-1;;
30/11/2021  14:47:40,742083;9,513035E-1;2,489498E-3;4,311971E-3;9,414176E-1;;
30/11/2021  14:47:40,742183;9,512170E-1;2,170918E-3;3,996039E-3;9,417775E-1;;
30/11/2021  14:47:40,742283;9,515747E-1;2,170918E-3;4,627903E-3;9,421407E-1;;
30/11/2021  14:47:40,742383;9,514435E-1;5,356718E-3;6,839427E-3;9,425062E-1;;
30/11/2021  14:47:40,742483;9,518101E-1;2,489498E-3;4,627903E-3;9,428733E-1;;
30/11/2021  14:47:40,742583;9,520009E-1;2,170918E-3;3,996039E-3;9,432411E-1;;
30/11/2021  14:47:40,742683;9,518906E-1;1,533758E-3;3,996039E-3;9,436089E-1;;
30/11/2021  14:47:40,742783;9,522810E-1;8,223938E-3;9,998747E-3;9,439759E-1;;
30/11/2021  14:47:40,742883;9,521320E-1;3,445238E-3;4,943835E-3;9,443414E-1;;
30/11/2021  14:47:40,742983;9,516373E-1;3,445238E-3;5,259767E-3;9,447048E-1;;
30/11/2021  14:47:40,743083;9,512558E-1;1,533758E-3;3,364175E-3;9,450653E-1;;
30/11/2021  14:47:40,743183;9,508356E-1;1,533758E-3;3,364175E-3;9,454221E-1;;
30/11/2021  14:47:40,743283;9,510054E-1;1,533758E-3;3,364175E-3;9,457743E-1;;
30/11/2021  14:47:40,743383;9,512290E-1;1,533758E-3;3,364175E-3;9,461212E-1;;
30/11/2021  14:47:40,743483;9,512260E-1;1,533758E-3;3,680107E-3;9,464620E-1;;
30/11/2021  14:47:40,743583;9,510412E-1;5,780180E-4;3,364175E-3;9,467960E-1;;
30/11/2021  14:47:40,743683;9,510114E-1;5,780180E-4;3,048243E-3;9,471227E-1;;
30/11/2021  14:47:40,743783;9,505882E-1;1,852338E-3;6,207563E-3;9,474413E-1;;
30/11/2021  14:47:40,743883;9,506597E-1;5,780180E-4;3,364175E-3;9,477514E-1;;
30/11/2021  14:47:40,743983;9,508832E-1;8,965980E-4;3,680107E-3;9,480522E-1;;
30/11/2021  14:47:40,744083;9,509339E-1;1,109116E-2;1,252620E-2;9,483435E-1;;
30/11/2021  14:47:40,744183;9,509101E-1;7,586778E-3;1,063061E-2;9,486247E-1;;
30/11/2021  14:47:40,744283;9,505018E-1;1,109116E-2;1,473773E-2;9,488955E-1;;
30/11/2021  14:47:40,744383;9,500696E-1;1,618844E-2;1,789705E-2;9,491556E-1;;
30/11/2021  14:47:40,744483;9,498580E-1;1,586986E-2;1,821298E-2;9,494046E-1;;
30/11/2021  14:47:40,744583;9,499653E-1;1,523270E-2;1,789705E-2;9,496422E-1;;
30/11/2021  14:47:40,744683;9,505345E-1;1,555128E-2;1,536959E-2;9,498680E-1;;
30/11/2021  14:47:40,744783;9,502186E-1;1,841850E-2;2,074043E-2;9,500818E-1;;
30/11/2021  14:47:40,744883;9,499564E-1;1,442576E-1;1,243661E-1;9,502837E-1;;
30/11/2021  14:47:40,744983;9,490831E-1;6,142680E-2;6,970989E-2;9,504733E-1;;
30/11/2021  14:47:40,745083;9,484364E-1;1,363980E-2;1,821298E-2;9,506507E-1;;
30/11/2021  14:47:40,745183;9,485377E-1;1,746276E-2;2,074043E-2;9,508154E-1;;
30/11/2021  14:47:40,745283;9,481533E-1;8,542518E-3;1,726518E-2;9,509673E-1;;
30/11/2021  14:47:40,745383;9,483023E-1;1,327887E-1;1,332122E-1;9,511062E-1;;
30/11/2021  14:47:40,745483;9,488179E-1;1,178155E-1;1,016190E-1;9,512319E-1;;
30/11/2021  14:47:40,745583;9,479655E-1;8,946184E-2;1,316326E-1;9,513444E-1;;
30/11/2021  14:47:40,745683;9,475274E-1;6,907272E-2;1,085695E-1;9,514438E-1;;
30/11/2021  14:47:40,745783;9,473128E-1;1,659210E-1;1,704922E-1;9,515300E-1;;
30/11/2021  14:47:40,745883;9,465767E-1;1,203641E-1;1,272095E-1;9,516030E-1;;
30/11/2021  14:47:40,745983;9,466065E-1;1,276914E-1;1,325804E-1;9,516627E-1;;
30/11/2021  14:47:40,746083;9,473367E-1;9,519628E-2;8,771802E-2;9,517091E-1;;
30/11/2021  14:47:40,746183;9,472830E-1;1,292843E-1;1,332122E-1;9,517424E-1;;
30/11/2021  14:47:40,746283;9,463264E-1;1,152668E-1;1,139404E-1;9,517628E-1;;
30/11/2021  14:47:40,746383;9,467674E-1;1,069837E-1;1,025668E-1;9,517704E-1;;
30/11/2021  14:47:40,746483;9,461505E-1;7,863012E-2;7,539667E-2;9,517656E-1;;
30/11/2021  14:47:40,746583;9,457810E-1;1,152668E-1;1,193112E-1;9,517486E-1;;
30/11/2021  14:47:40,746683;9,455932E-1;1,037979E-1;9,308886E-2;9,517197E-1;;
30/11/2021  14:47:40,746783;9,457124E-1;1,296029E-1;1,322644E-1;9,516790E-1;;
30/11/2021  14:47:40,746883;9,452207E-1;1,168597E-1;1,379512E-1;9,516268E-1;;
30/11/2021  14:47:40,746983;9,441358E-1;4,581638E-2;6,907803E-2;9,515634E-1;;
30/11/2021  14:47:40,747083;9,430689E-1;9,838208E-2;1,063580E-1;9,514889E-1;;
30/11/2021  14:47:40,747183;9,429437E-1;1,267357E-1;1,338441E-1;9,514034E-1;;
30/11/2021  14:47:40,747283;9,425265E-1;1,270543E-1;1,366875E-1;9,513070E-1;;
30/11/2021  14:47:40,747383;9,421629E-1;1,210013E-1;1,196272E-1;9,511995E-1;;
30/11/2021  14:47:40,747483;9,417009E-1;1,229127E-1;1,294210E-1;9,510810E-1;;
30/11/2021  14:47:40,747583;9,409022E-1;1,267357E-1;1,259458E-1;9,509515E-1;;
30/11/2021  14:47:40,747683;9,406012E-1;1,302401E-1;1,275255E-1;9,508110E-1;;
30/11/2021  14:47:40,747783;9,401095E-1;1,238685E-1;1,193112E-1;9,506595E-1;;
30/11/2021  14:47:40,747883;9,395790E-1;1,022050E-1;1,069899E-1;9,504971E-1;;
30/11/2021  14:47:40,747983;9,396296E-1;1,248242E-1;1,237343E-1;9,503236E-1;;
30/11/2021  14:47:40,748083;9,391975E-1;1,200455E-1;1,559593E-1;9,501392E-1;;
30/11/2021  14:47:40,748183;9,390276E-1;1,006121E-1;9,845971E-2;9,499441E-1;;
30/11/2021  14:47:40,748283;9,383958E-1;1,139925E-1;1,237343E-1;9,497383E-1;;
30/11/2021  14:47:40,748383;9,380113E-1;1,238685E-1;1,268936E-1;9,495221E-1;;
30/11/2021  14:47:40,748483;9,375285E-1;1,315144E-1;1,322644E-1;9,492956E-1;;
30/11/2021  14:47:40,748583;9,379458E-1;1,225942E-1;1,291051E-1;9,490591E-1;;
30/11/2021  14:47:40,748683;9,377967E-1;1,235499E-1;1,136244E-1;9,488127E-1;;
30/11/2021  14:47:40,748783;9,379875E-1;1,302401E-1;1,234183E-1;9,485570E-1;;
30/11/2021  14:47:40,748883;9,373676E-1;1,302401E-1;1,392149E-1;9,482924E-1;;
30/11/2021  14:47:40,748983;9,375673E-1;1,257800E-1;1,253139E-1;9,480194E-1;;
30/11/2021  14:47:40,749083;9,378772E-1;1,280100E-1;1,281573E-1;9,477386E-1;;
30/11/2021  14:47:40,749183;9,368848E-1;1,433019E-1;1,212068E-1;9,474505E-1;;
30/11/2021  14:47:40,749283;9,371381E-1;5,537378E-2;8,487463E-2;9,471558E-1;;
30/11/2021  14:47:40,749383;9,373288E-1;4,135626E-2;4,285567E-2;9,468550E-1;;
30/11/2021  14:47:40,749483;9,369384E-1;8,277166E-2;8,961361E-2;9,465489E-1;;
30/11/2021  14:47:40,749583;9,368222E-1;-1,885536E-2;3,780076E-2;9,462381E-1;;
30/11/2021  14:47:40,749683;9,353201E-1;1,114439E-1;9,909157E-2;9,459232E-1;;
30/11/2021  14:47:40,749783;9,351264E-1;1,210013E-1;1,303688E-1;9,456046E-1;;
30/11/2021  14:47:40,749883;9,351681E-1;1,305587E-1;1,294210E-1;9,452829E-1;;
30/11/2021  14:47:40,749983;9,354155E-1;7,767438E-2;6,244346E-2;9,449582E-1;;
30/11/2021  14:47:40,750083;9,349774E-1;1,225942E-1;1,231024E-1;9,446312E-1;;
30/11/2021  14:47:40,750183;9,348015E-1;6,779840E-2;7,034176E-2;9,443022E-1;;
30/11/2021  14:47:40,750283;9,341191E-1;1,136739E-1;1,142563E-1;9,439717E-1;;
30/11/2021  14:47:40,750383;9,340624E-1;1,187712E-1;1,215227E-1;9,436400E-1;;
30/11/2021  14:47:40,750483;9,336452E-1;1,085766E-1;1,123607E-1;9,433075E-1;;
30/11/2021  14:47:40,750583;9,336541E-1;1,066652E-1;9,688005E-2;9,429746E-1;;
30/11/2021  14:47:40,750683;9,338538E-1;1,168597E-1;1,164678E-1;9,426415E-1;;
30/11/2021  14:47:40,750783;9,345631E-1;1,225942E-1;1,133085E-1;9,423086E-1;;
30/11/2021  14:47:40,750883;9,347002E-1;1,219570E-1;1,161519E-1;9,419765E-1;;
30/11/2021  14:47:40,750983;9,345572E-1;1,088952E-1;1,202590E-1;9,416458E-1;;
30/11/2021  14:47:40,751083;9,335975E-1;1,012493E-1;7,950379E-2;9,413170E-1;;
30/11/2021  14:47:40,751183;9,338389E-1;1,184526E-1;1,262617E-1;9,409906E-1;;
30/11/2021  14:47:40,751283;9,340386E-1;1,002936E-1;1,167838E-1;9,406671E-1;;
30/11/2021  14:47:40,751383;9,338777E-1;6,461260E-2;5,296550E-2;9,403469E-1;;
30/11/2021  14:47:40,751483;9,342234E-1;9,201048E-2;9,624818E-2;9,400305E-1;;
30/11/2021  14:47:40,751583;9,338538E-1;1,204690E-2;5,259767E-3;9,397184E-1;;
30/11/2021  14:47:40,751683;9,333650E-1;9,678918E-2;1,038306E-1;9,394109E-1;;
30/11/2021  14:47:40,751783;9,338240E-1;8,149734E-2;8,834988E-2;9,391084E-1;;
30/11/2021  14:47:40,751883;9,331266E-1;1,085766E-1;1,218387E-1;9,388113E-1;;
30/11/2021  14:47:40,751983;9,329746E-1;7,448858E-2;6,149566E-2;9,385199E-1;;
30/11/2021  14:47:40,752083;9,336243E-1;9,201048E-2;9,024547E-2;9,382343E-1;;
30/11/2021  14:47:40,752183;9,341965E-1;1,120810E-1;1,319485E-1;9,379548E-1;;
30/11/2021  14:47:40,752283;9,334992E-1;1,808943E-1;1,676488E-1;9,376818E-1;;
30/11/2021  14:47:40,752383;9,325157E-1;9,169190E-2;1,082536E-1;9,374155E-1;;
30/11/2021  14:47:40,752483;9,326349E-1;8,372740E-2;7,508074E-2;9,371561E-1;;
30/11/2021  14:47:40,752583;9,327273E-1;5,346230E-2;7,350108E-2;9,369037E-1;;
30/11/2021  14:47:40,752683;9,332726E-1;8,882468E-2;8,771802E-2;9,366583E-1;;
30/11/2021  14:47:40,752783;9,329061E-1;1,945932E-1;2,535823E-1;9,364199E-1;;
30/11/2021  14:47:40,752883;9,335528E-1;5,632952E-2;5,707262E-2;9,361888E-1;;
30/11/2021  14:47:40,752983;9,328316E-1;1,461691E-1;1,780746E-1;9,359650E-1;;
30/11/2021  14:47:40,753083;9,324650E-1;1,560451E-1;1,610142E-1;9,357487E-1;;
30/11/2021  14:47:40,753183;9,330342E-1;1,423461E-1;1,370034E-1;9,355398E-1;;
30/11/2021  14:47:40,753283;9,320567E-1;1,550893E-1;1,445858E-1;9,353383E-1;;
30/11/2021  14:47:40,753383;9,331922E-1;1,624167E-1;1,483770E-1;9,351443E-1;;
30/11/2021  14:47:40,753483;9,333054E-1;1,522221E-1;1,079377E-1;9,349576E-1;;
30/11/2021  14:47:40,753583;9,331862E-1;3,307318E-2;8,361090E-2;9,347784E-1;;
30/11/2021  14:47:40,753683;9,333680E-1;1,570008E-1;1,512204E-1;9,346067E-1;;
30/11/2021  14:47:40,753783;9,320626E-1;1,547707E-1;1,518522E-1;9,344425E-1;;
30/11/2021  14:47:40,753883;9,322266E-1;1,280100E-1;1,275255E-1;9,342858E-1;;
30/11/2021  14:47:40,753983;9,321640E-1;1,955490E-1;1,888163E-1;9,341363E-1;;
30/11/2021  14:47:40,754083;9,331981E-1;1,162226E-1;1,114129E-1;9,339939E-1;;
30/11/2021  14:47:40,754183;9,333382E-1;1,034794E-1;1,294210E-1;9,338584E-1;;
30/11/2021  14:47:40,754283;9,336333E-1;1,140974E-2;2,832280E-2;9,337299E-1;;
30/11/2021  14:47:40,754383;9,332220E-1;9,901924E-2;1,407946E-1;9,336084E-1;;
30/11/2021  14:47:40,754483;9,329031E-1;1,917260E-1;2,118793E-1;9,334939E-1;;
30/11/2021  14:47:40,754583;9,335230E-1;1,350188E-1;1,338441E-1;9,333863E-1;;
30/11/2021  14:47:40,754683;9,338598E-1;1,299215E-1;1,297370E-1;9,332857E-1;;
30/11/2021  14:47:40,754783;9,347181E-1;1,245056E-1;1,287892E-1;9,331919E-1;;
30/11/2021  14:47:40,754883;9,356360E-1;1,308772E-1;1,366875E-1;9,331053E-1;;
30/11/2021  14:47:40,754983;9,357374E-1;1,318330E-1;1,366875E-1;9,330259E-1;;
30/11/2021  14:47:40,755083;9,351353E-1;1,273729E-1;1,278414E-1;9,329541E-1;;
30/11/2021  14:47:40,755183;9,360533E-1;1,327887E-1;1,278414E-1;9,328902E-1;;
30/11/2021  14:47:40,755283;9,364109E-1;1,413904E-1;1,401627E-1;9,328343E-1;;
30/11/2021  14:47:40,755383;9,369235E-1;1,181340E-1;1,221546E-1;9,327867E-1;;
30/11/2021  14:47:40,755483;9,375911E-1;1,232313E-1;1,265777E-1;9,327477E-1;;
30/11/2021  14:47:40,755583;9,374302E-1;1,225942E-1;1,104651E-1;9,327175E-1;;
30/11/2021  14:47:40,755683;9,379964E-1;1,296029E-1;1,404787E-1;9,326964E-1;;
30/11/2021  14:47:40,755783;9,374212E-1;1,254614E-1;1,388990E-1;9,326848E-1;;
30/11/2021  14:47:40,755883;9,374600E-1;1,162226E-1;1,189953E-1;9,326826E-1;;
30/11/2021  14:47:40,755983;9,385686E-1;1,378860E-1;1,373193E-1;9,326901E-1;;
30/11/2021  14:47:40,756083;9,396386E-1;4,772786E-2;1,114129E-1;9,327072E-1;;
30/11/2021  14:47:40,756183;9,402167E-1;1,292843E-1;1,237343E-1;9,327341E-1;;
30/11/2021  14:47:40,756283;9,411526E-1;1,939561E-1;2,020854E-1;9,327712E-1;;
30/11/2021  14:47:40,756383;9,407830E-1;1,452133E-1;1,559593E-1;9,328189E-1;;
30/11/2021  14:47:40,756483;9,406072E-1;1,327887E-1;1,328963E-1;9,328773E-1;;
30/11/2021  14:47:40,756583;9,414297E-1;1,433019E-1;1,528000E-1;9,329467E-1;;
30/11/2021  14:47:40,756683;9,420437E-1;1,417090E-1;1,461654E-1;9,330272E-1;;
30/11/2021  14:47:40,756783;9,428543E-1;7,066562E-2;6,655058E-2;9,331188E-1;;
30/11/2021  14:47:40,756883;9,434504E-1;1,321516E-1;1,310007E-1;9,332219E-1;;
30/11/2021  14:47:40,756983;9,436709E-1;1,257800E-1;1,038306E-1;9,333365E-1;;
30/11/2021  14:47:40,757083;9,434534E-1;1,082581E-1;8,045158E-2;9,334628E-1;;
30/11/2021  14:47:40,757183;9,437007E-1;1,289658E-1;1,294210E-1;9,336010E-1;;
30/11/2021  14:47:40,757283;9,441060E-1;1,168597E-1;1,685966E-1;9,337508E-1;;
30/11/2021  14:47:40,757383;9,444786E-1;1,296029E-1;1,278414E-1;9,339123E-1;;
30/11/2021  14:47:40,757483;9,451998E-1;1,382046E-1;1,341600E-1;9,340853E-1;;
30/11/2021  14:47:40,757583;9,457124E-1;3,466608E-2;1,316326E-1;9,342696E-1;;
30/11/2021  14:47:40,757683;9,459687E-1;6,970988E-2;1,164678E-1;9,344653E-1;;
30/11/2021  14:47:40,757783;9,457899E-1;1,636910E-1;1,708081E-1;9,346721E-1;;
30/11/2021  14:47:40,757883;9,456349E-1;1,362931E-1;1,145722E-1;9,348898E-1;;
30/11/2021  14:47:40,757983;9,460969E-1;1,286472E-1;1,297370E-1;9,351182E-1;;
30/11/2021  14:47:40,758083;9,467883E-1;1,273729E-1;1,297370E-1;9,353567E-1;;
30/11/2021  14:47:40,758183;9,470744E-1;9,901924E-2;8,866581E-2;9,356051E-1;;
30/11/2021  14:47:40,758283;9,476526E-1;1,471248E-1;1,385831E-1;9,358630E-1;;
30/11/2021  14:47:40,758383;9,468777E-1;1,155854E-1;1,126766E-1;9,361300E-1;;
30/11/2021  14:47:40,758483;9,462548E-1;9,360338E-2;9,719598E-2;9,364057E-1;;
30/11/2021  14:47:40,758583;9,459002E-1;4,932076E-2;9,814378E-2;9,366894E-1;;
30/11/2021  14:47:40,758683;9,470774E-1;1,127182E-1;1,253139E-1;9,369804E-1;;
30/11/2021  14:47:40,758783;9,469403E-1;8,723178E-2;1,069899E-1;9,372778E-1;;
30/11/2021  14:47:40,758883;9,472890E-1;1,550893E-1;1,575390E-1;9,375811E-1;;
30/11/2021  14:47:40,758983;9,473069E-1;4,071910E-2;1,174156E-1;9,378894E-1;;
30/11/2021  14:47:40,759083;9,466065E-1;-1,652042E-3;6,907803E-2;9,382022E-1;;
30/11/2021  14:47:40,759183;9,457422E-1;1,222756E-1;1,218387E-1;9,385186E-1;;
30/11/2021  14:47:40,759283;9,460373E-1;1,388417E-1;1,395309E-1;9,388378E-1;;
30/11/2021  14:47:40,759383;9,458614E-1;1,391603E-1;1,401627E-1;9,391586E-1;;
30/11/2021  14:47:40,759483;9,464754E-1;1,378860E-1;1,316326E-1;9,394803E-1;;
30/11/2021  14:47:40,759583;9,468002E-1;1,353374E-1;1,382671E-1;9,398018E-1;;
30/11/2021  14:47:40,759683;9,463919E-1;1,308772E-1;1,268936E-1;9,401225E-1;;
30/11/2021  14:47:40,759783;9,457214E-1;1,362931E-1;1,303688E-1;9,404415E-1;;
30/11/2021  14:47:40,759883;9,453190E-1;1,200455E-1;1,183634E-1;9,407581E-1;;
30/11/2021  14:47:40,759983;9,452207E-1;1,311958E-1;1,291051E-1;9,410713E-1;;
30/11/2021  14:47:40,760083;9,451372E-1;1,229127E-1;1,227865E-1;9,413803E-1;;
30/11/2021  14:47:40,760183;9,454591E-1;1,560451E-1;1,761790E-1;9,416841E-1;;
30/11/2021  14:47:40,760283;9,454889E-1;2,594380E-4;5,991600E-2;9,419821E-1;;
30/11/2021  14:47:40,760383;9,451164E-1;1,394789E-1;1,423743E-1;9,422735E-1;;
30/11/2021  14:47:40,760483;9,437573E-1;1,235499E-1;1,218387E-1;9,425577E-1;;
30/11/2021  14:47:40,760583;9,436441E-1;8,965980E-4;3,996039E-3;9,428338E-1;;
30/11/2021  14:47:40,760683;9,437156E-1;2,808078E-3;4,943835E-3;9,431011E-1;;
30/11/2021  14:47:40,760783;9,439153E-1;4,400978E-3;6,523495E-3;9,433587E-1;;
30/11/2021  14:47:40,760883;9,438080E-1;4,400978E-3;6,523495E-3;9,436062E-1;;
30/11/2021  14:47:40,760983;9,439540E-1;9,816838E-3;1,126247E-2;9,438428E-1;;
30/11/2021  14:47:40,761083;9,436858E-1;7,268198E-3;9,050951E-3;9,440681E-1;;
30/11/2021  14:47:40,761183;9,429825E-1;1,852338E-3;4,311971E-3;9,442819E-1;;
30/11/2021  14:47:40,761283;9,430302E-1;1,533758E-3;3,680107E-3;9,444835E-1;;
30/11/2021  14:47:40,761383;9,432805E-1;6,949618E-3;9,050951E-3;9,446728E-1;;
30/11/2021  14:47:40,761483;9,437931E-1;1,215178E-3;3,996039E-3;9,448494E-1;;
30/11/2021  14:47:40,761583;9,438885E-1;1,852338E-3;3,680107E-3;9,450132E-1;;
30/11/2021  14:47:40,761683;9,438795E-1;1,533758E-3;3,996039E-3;9,451643E-1;;
30/11/2021  14:47:40,761783;9,429497E-1;1,533758E-3;3,680107E-3;9,453027E-1;;
30/11/2021  14:47:40,761883;9,427500E-1;1,852338E-3;4,627903E-3;9,454285E-1;;
30/11/2021  14:47:40,761983;9,431732E-1;1,852338E-3;3,680107E-3;9,455416E-1;;
30/11/2021  14:47:40,762083;9,433103E-1;5,780180E-4;2,732311E-3;9,456423E-1;;
30/11/2021  14:47:40,762183;9,432924E-1;1,215178E-3;3,048243E-3;9,457305E-1;;
30/11/2021  14:47:40,762283;9,438706E-1;1,215178E-3;3,364175E-3;9,458066E-1;;
30/11/2021  14:47:40,762383;9,438587E-1;5,780180E-4;3,364175E-3;9,458710E-1;;
30/11/2021  14:47:40,762483;9,431374E-1;8,965980E-4;3,680107E-3;9,459240E-1;;
30/11/2021  14:47:40,762583;9,430182E-1;8,965980E-4;3,364175E-3;9,459661E-1;;
30/11/2021  14:47:40,762683;9,430451E-1;8,965980E-4;3,680107E-3;9,459975E-1;;
30/11/2021  14:47:40,762783;9,438020E-1;8,965980E-4;3,680107E-3;9,460187E-1;;
30/11/2021  14:47:40,762883;9,445143E-1;8,965980E-4;4,311971E-3;9,460301E-1;;
30/11/2021  14:47:40,762983;9,443385E-1;5,780180E-4;3,048243E-3;9,460323E-1;;
30/11/2021  14:47:40,763083;9,449316E-1;8,965980E-4;3,680107E-3;9,460260E-1;;
30/11/2021  14:47:40,763183;9,436322E-1;5,780180E-4;3,364175E-3;9,460119E-1;;
30/11/2021  14:47:40,763283;9,437782E-1;8,965980E-4;3,048243E-3;9,459906E-1;;
30/11/2021  14:47:40,763383;9,437067E-1;3,763818E-3;6,839427E-3;9,459626E-1;;
30/11/2021  14:47:40,763483;9,446037E-1;5,038138E-3;6,523495E-3;9,459285E-1;;
30/11/2021  14:47:40,763583;9,448601E-1;1,533758E-3;3,680107E-3;9,458887E-1;;
30/11/2021  14:47:40,763683;9,445441E-1;1,533758E-3;3,048243E-3;9,458440E-1;;
30/11/2021  14:47:40,763783;9,444130E-1;5,780180E-4;2,732311E-3;9,457949E-1;;
30/11/2021  14:47:40,763883;9,433669E-1;1,533758E-3;2,416379E-3;9,457421E-1;;
30/11/2021  14:47:40,763983;9,440345E-1;5,780180E-4;3,048243E-3;9,456859E-1;;
30/11/2021  14:47:40,764083;9,438825E-1;6,949618E-3;1,063061E-2;9,456267E-1;;
30/11/2021  14:47:40,764183;9,448541E-1;1,395838E-2;1,442179E-2;9,455649E-1;;
30/11/2021  14:47:40,764283;9,446574E-1;1,013542E-2;1,473773E-2;9,455010E-1;;
30/11/2021  14:47:40,764383;9,445620E-1;1,618844E-2;1,568552E-2;9,454356E-1;;
30/11/2021  14:47:40,764483;9,443534E-1;1,586986E-2;1,758111E-2;9,453689E-1;;
30/11/2021  14:47:40,764583;9,430600E-1;1,491412E-2;1,505366E-2;9,453016E-1;;
30/11/2021  14:47:40,764683;9,428633E-1;7,905358E-3;9,998747E-3;9,452337E-1;;
30/11/2021  14:47:40,764783;9,427619E-1;1,523270E-2;1,600145E-2;9,451653E-1;;
30/11/2021  14:47:40,764883;9,434683E-1;1,778134E-2;2,010857E-2;9,450965E-1;;
30/11/2021  14:47:40,764983;9,433401E-1;5,569236E-2;5,233363E-2;9,450273E-1;;
30/11/2021  14:47:40,765083;9,429437E-1;1,650702E-2;2,168823E-2;9,449579E-1;;
30/11/2021  14:47:40,765183;9,420198E-1;7,576290E-2;8,771802E-2;9,448884E-1;;
30/11/2021  14:47:40,765283;9,413612E-1;1,738855E-1;2,570576E-1;9,448187E-1;;
30/11/2021  14:47:40,765383;9,409708E-1;3,084312E-2;3,811669E-2;9,447486E-1;;
30/11/2021  14:47:40,765483;9,416473E-1;1,139925E-1;1,202590E-1;9,446779E-1;;
30/11/2021  14:47:40,765583;9,416354E-1;1,152668E-1;1,183634E-1;9,446065E-1;;
30/11/2021  14:47:40,765683;9,412748E-1;1,286472E-1;1,303688E-1;9,445341E-1;;
30/11/2021  14:47:40,765783;9,410423E-1;1,337445E-1;1,325804E-1;9,444608E-1;;
30/11/2021  14:47:40,765883;9,406310E-1;1,194084E-1;1,186794E-1;9,443864E-1;;
30/11/2021  14:47:40,765983;9,404999E-1;1,149482E-1;1,107811E-1;9,443107E-1;;
30/11/2021  14:47:40,766083;9,405982E-1;1,238685E-1;1,249980E-1;9,442335E-1;;
30/11/2021  14:47:40,766183;9,409320E-1;7,799296E-2;1,022509E-1;9,441549E-1;;
30/11/2021  14:47:40,766283;9,416085E-1;5,155082E-2;9,814378E-2;9,440747E-1;;
30/11/2021  14:47:40,766383;9,414238E-1;9,201048E-2;1,117289E-1;9,439931E-1;;
30/11/2021  14:47:40,766483;9,411943E-1;1,506292E-1;1,496407E-1;9,439102E-1;;
30/11/2021  14:47:40,766583;9,404164E-1;1,168597E-1;1,246821E-1;9,438261E-1;;
30/11/2021  14:47:40,766683;9,411794E-1;1,251428E-1;1,332122E-1;9,437409E-1;;
30/11/2021  14:47:40,766783;9,407174E-1;1,235499E-1;1,249980E-1;9,436548E-1;;
30/11/2021  14:47:40,766883;9,415936E-1;1,187712E-1;1,208909E-1;9,435677E-1;;
30/11/2021  14:47:40,766983;9,418976E-1;1,235499E-1;1,322644E-1;9,434800E-1;;
30/11/2021  14:47:40,767083;9,417993E-1;1,273729E-1;1,392149E-1;9,433919E-1;;
30/11/2021  14:47:40,767183;9,412450E-1;1,235499E-1;1,224705E-1;9,433037E-1;;
30/11/2021  14:47:40,767283;9,405893E-1;1,216384E-1;1,202590E-1;9,432156E-1;;
30/11/2021  14:47:40,767383;9,406459E-1;1,171783E-1;1,177316E-1;9,431278E-1;;
30/11/2021  14:47:40,767483;9,416175E-1;1,299215E-1;1,272095E-1;9,430403E-1;;
30/11/2021  14:47:40,767583;9,420884E-1;1,101695E-1;1,591187E-1;9,429532E-1;;
30/11/2021  14:47:40,767683;9,419602E-1;1,146297E-1;1,133085E-1;9,428670E-1;;
30/11/2021  14:47:40,767783;9,419751E-1;7,608148E-2;5,486109E-2;9,427818E-1;;
30/11/2021  14:47:40,767883;9,421599E-1;1,372488E-1;1,749153E-1;9,426981E-1;;
30/11/2021  14:47:40,767983;9,418052E-1;1,611423E-1;1,474292E-1;9,426160E-1;;
30/11/2021  14:47:40,768083;9,420258E-1;1,136739E-1;1,224705E-1;9,425360E-1;;
30/11/2021  14:47:40,768183;9,427232E-1;1,251428E-1;1,401627E-1;9,424581E-1;;
30/11/2021  14:47:40,768283;9,426904E-1;1,200455E-1;1,161519E-1;9,423827E-1;;
30/11/2021  14:47:40,768383;9,430838E-1;1,337445E-1;1,449017E-1;9,423100E-1;;
30/11/2021  14:47:40,768483;9,427113E-1;1,598680E-1;1,673329E-1;9,422406E-1;;
30/11/2021  14:47:40,768583;9,425175E-1;1,334259E-1;1,335282E-1;9,421745E-1;;
30/11/2021  14:47:40,768683;9,427947E-1;1,487177E-1;1,553275E-1;9,421120E-1;;
30/11/2021  14:47:40,768783;9,426487E-1;1,181340E-1;1,436380E-1;9,420533E-1;;
30/11/2021  14:47:40,768883;9,430868E-1;1,127182E-1;1,114129E-1;9,419984E-1;;
30/11/2021  14:47:40,768983;9,433461E-1;1,738855E-1;1,543797E-1;9,419477E-1;;
30/11/2021  14:47:40,769083;9,436709E-1;1,095324E-1;7,981972E-2;9,419012E-1;;
30/11/2021  14:47:40,769183;9,434593E-1;1,060280E-1;1,253139E-1;9,418591E-1;;
30/11/2021  14:47:40,769283;9,422046E-1;8,563888E-2;1,133085E-1;9,418216E-1;;
30/11/2021  14:47:40,769383;9,426606E-1;1,264171E-1;1,265777E-1;9,417887E-1;;
30/11/2021  14:47:40,769483;9,427887E-1;1,388417E-1;1,354238E-1;9,417602E-1;;
30/11/2021  14:47:40,769583;9,429765E-1;1,152668E-1;1,136244E-1;9,417361E-1;;
30/11/2021  14:47:40,769683;9,430182E-1;1,340630E-1;1,294210E-1;9,417163E-1;;
30/11/2021  14:47:40,769783;9,429139E-1;1,487177E-1;1,739675E-1;9,417006E-1;;
30/11/2021  14:47:40,769883;9,422642E-1;1,299215E-1;1,458495E-1;9,416891E-1;;
30/11/2021  14:47:40,769983;9,417605E-1;3,307318E-2;7,729226E-2;9,416815E-1;;
30/11/2021  14:47:40,770083;9,413493E-1;1,235499E-1;1,224705E-1;9,416775E-1;;
30/11/2021  14:47:40,770183;9,419900E-1;1,254614E-1;1,221546E-1;9,416766E-1;;
30/11/2021  14:47:40,770283;9,420586E-1;1,203641E-1;1,148882E-1;9,416786E-1;;
30/11/2021  14:47:40,770383;9,421510E-1;1,066652E-1;1,148882E-1;9,416831E-1;;
30/11/2021  14:47:40,770483;9,417814E-1;1,254614E-1;1,152041E-1;9,416900E-1;;
30/11/2021  14:47:40,770583;9,412450E-1;1,031608E-1;7,792413E-2;9,416988E-1;;
30/11/2021  14:47:40,770683;9,409350E-1;1,095324E-1;9,087734E-2;9,417094E-1;;
30/11/2021  14:47:40,770783;9,410900E-1;1,022050E-1;1,133085E-1;9,417212E-1;;
30/11/2021  14:47:40,770883;9,408903E-1;7,990444E-2;9,498445E-2;9,417339E-1;;
30/11/2021  14:47:40,770983;9,413850E-1;1,028422E-1;1,041465E-1;9,417471E-1;;
30/11/2021  14:47:40,771083;9,407562E-1;2,479010E-2;3,085026E-2;9,417606E-1;;
30/11/2021  14:47:40,771183;9,404909E-1;1,213198E-1;1,262617E-1;9,417739E-1;;
30/11/2021  14:47:40,771283;9,400111E-1;4,549780E-2;6,339125E-2;9,417868E-1;;
30/11/2021  14:47:40,771383;9,391945E-1;1,229127E-1;1,284732E-1;9,417988E-1;;
30/11/2021  14:47:40,771483;9,392332E-1;1,111253E-1;1,085695E-1;9,418094E-1;;
30/11/2021  14:47:40,771583;9,395462E-1;1,245056E-1;1,073058E-1;9,418183E-1;;
30/11/2021  14:47:40,771683;9,393912E-1;1,267357E-1;1,224705E-1;9,418249E-1;;
30/11/2021  14:47:40,771783;9,393078E-1;1,442576E-1;1,328963E-1;9,418288E-1;;
30/11/2021  14:47:40,771883;9,385001E-1;1,123996E-1;1,098333E-1;9,418299E-1;;
30/11/2021  14:47:40,771983;9,378802E-1;1,063466E-1;9,624818E-2;9,418277E-1;;
30/11/2021  14:47:40,772083;9,381574E-1;6,047106E-2;8,234717E-2;9,418218E-1;;
30/11/2021  14:47:40,772183;9,380769E-1;1,057094E-1;1,054102E-1;9,418118E-1;;
30/11/2021  14:47:40,772283;9,394180E-1;1,136739E-1;1,717559E-1;9,417974E-1;;
30/11/2021  14:47:40,772383;9,393882E-1;8,914326E-2;9,877564E-2;9,417786E-1;;
30/11/2021  14:47:40,772483;9,386610E-1;1,066652E-1;1,167838E-1;9,417554E-1;;
30/11/2021  14:47:40,772583;9,383600E-1;8,436456E-2;1,000394E-1;9,417278E-1;;
30/11/2021  14:47:40,772683;9,382170E-1;6,652408E-2;7,729226E-2;9,416959E-1;;
30/11/2021  14:47:40,772783;9,383868E-1;1,063466E-1;1,202590E-1;9,416596E-1;;
30/11/2021  14:47:40,772883;9,384345E-1;1,018865E-1;1,041465E-1;9,416188E-1;;
30/11/2021  14:47:40,772983;9,390365E-1;9,965640E-2;1,050943E-1;9,415738E-1;;
30/11/2021  14:47:40,773083;9,389203E-1;1,133553E-1;1,145722E-1;9,415246E-1;;
30/11/2021  14:47:40,773183;9,391945E-1;1,028422E-1;1,107811E-1;9,414715E-1;;
30/11/2021  14:47:40,773283;9,387713E-1;1,060280E-1;1,152041E-1;9,414148E-1;;
30/11/2021  14:47:40,773383;9,383541E-1;1,257800E-1;1,038306E-1;9,413547E-1;;
30/11/2021  14:47:40,773483;9,384733E-1;6,142680E-2;8,582243E-2;9,412915E-1;;
30/11/2021  14:47:40,773583;9,389591E-1;6,747982E-2;9,719598E-2;9,412253E-1;;
30/11/2021  14:47:40,773683;9,388100E-1;1,210013E-1;1,344760E-1;9,411563E-1;;
30/11/2021  14:47:40,773783;9,396147E-1;1,675139E-1;1,268936E-1;9,410849E-1;;
30/11/2021  14:47:40,773883;9,393018E-1;1,235499E-1;1,057261E-1;9,410115E-1;;
30/11/2021  14:47:40,773983;9,387028E-1;1,538150E-1;1,569071E-1;9,409364E-1;;
30/11/2021  14:47:40,774083;9,382796E-1;1,652839E-1;1,480610E-1;9,408599E-1;;
30/11/2021  14:47:40,774183;9,380352E-1;1,729298E-1;1,565912E-1;9,407821E-1;;
30/11/2021  14:47:40,774283;9,381067E-1;1,722926E-1;1,553275E-1;9,407033E-1;;
30/11/2021  14:47:40,774383;9,377401E-1;1,605052E-1;1,486929E-1;9,406235E-1;;
30/11/2021  14:47:40,774483;9,381007E-1;1,490363E-1;1,423743E-1;9,405427E-1;;
30/11/2021  14:47:40,774583;9,376418E-1;1,347002E-1;1,357397E-1;9,404611E-1;;
30/11/2021  14:47:40,774683;9,368430E-1;1,452133E-1;1,445858E-1;9,403788E-1;;
30/11/2021  14:47:40,774783;9,372752E-1;1,362931E-1;1,303688E-1;9,402956E-1;;
30/11/2021  14:47:40,774883;9,372961E-1;1,174969E-1;1,221546E-1;9,402116E-1;;
30/11/2021  14:47:40,774983;9,374719E-1;1,031608E-1;1,085695E-1;9,401268E-1;;
30/11/2021  14:47:40,775083;9,371113E-1;1,117624E-1;1,167838E-1;9,400412E-1;;
30/11/2021  14:47:40,775183;9,365301E-1;1,283286E-1;1,328963E-1;9,399550E-1;;
30/11/2021  14:47:40,775283;9,362738E-1;7,002846E-2;7,855599E-2;9,398680E-1;;
30/11/2021  14:47:40,775383;9,357374E-1;1,426647E-1;1,657532E-1;9,397803E-1;;
30/11/2021  14:47:40,775483;9,358774E-1;1,200455E-1;1,796542E-1;9,396916E-1;;
30/11/2021  14:47:40,775583;9,356301E-1;4,008194E-2;1,382671E-1;9,396019E-1;;
30/11/2021  14:47:40,775683;9,357850E-1;1,308772E-1;1,347919E-1;9,395110E-1;;
30/11/2021  14:47:40,775783;9,359698E-1;1,420275E-1;1,625939E-1;9,394188E-1;;
30/11/2021  14:47:40,775883;9,353559E-1;1,280100E-1;1,281573E-1;9,393253E-1;;
30/11/2021  14:47:40,775983;9,350221E-1;1,331073E-1;1,316326E-1;9,392305E-1;;
30/11/2021  14:47:40,776083;9,348761E-1;1,334259E-1;1,360556E-1;9,391344E-1;;
30/11/2021  14:47:40,776183;9,345452E-1;9,424054E-2;1,057261E-1;9,390367E-1;;
30/11/2021  14:47:40,776283;9,349446E-1;1,104881E-1;1,085695E-1;9,389374E-1;;
30/11/2021  14:47:40,776383;9,352635E-1;1,149482E-1;1,569071E-1;9,388364E-1;;
30/11/2021  14:47:40,776483;9,346495E-1;1,213198E-1;1,095173E-1;9,387339E-1;;
30/11/2021  14:47:40,776583;9,339462E-1;1,308772E-1;1,259458E-1;9,386297E-1;;
30/11/2021  14:47:40,776683;9,335588E-1;9,137332E-2;1,066739E-1;9,385239E-1;;
30/11/2021  14:47:40,776783;9,333531E-1;1,385232E-1;1,543797E-1;9,384164E-1;;
30/11/2021  14:47:40,776883;9,334604E-1;1,031608E-1;9,056141E-2;9,383069E-1;;
30/11/2021  14:47:40,776983;9,336094E-1;1,452133E-1;1,663851E-1;9,381953E-1;;
30/11/2021  14:47:40,777083;9,335111E-1;1,713369E-1;2,289396E-1;9,380818E-1;;
30/11/2021  14:47:40,777183;9,337197E-1;1,544522E-1;1,821817E-1;9,379661E-1;;
30/11/2021  14:47:40,777283;9,332965E-1;1,292843E-1;1,272095E-1;9,378485E-1;;
30/11/2021  14:47:40,777383;9,328256E-1;1,308772E-1;1,303688E-1;9,377290E-1;;
30/11/2021  14:47:40,777483;9,333531E-1;1,308772E-1;1,310007E-1;9,376075E-1;;
30/11/2021  14:47:40,777583;9,333591E-1;1,289658E-1;1,325804E-1;9,374843E-1;;
30/11/2021  14:47:40,777683;9,335647E-1;1,315144E-1;1,259458E-1;9,373594E-1;;
30/11/2021  14:47:40,777783;9,338777E-1;1,401161E-1;1,366875E-1;9,372330E-1;;
30/11/2021  14:47:40,777883;9,342591E-1;1,257800E-1;1,303688E-1;9,371055E-1;;
30/11/2021  14:47:40,777983;9,331862E-1;1,299215E-1;1,237343E-1;9,369771E-1;;
30/11/2021  14:47:40,778083;9,337167E-1;1,178155E-1;1,035146E-1;9,368481E-1;;
30/11/2021  14:47:40,778183;9,337704E-1;1,251428E-1;1,126766E-1;9,367188E-1;;
30/11/2021  14:47:40,778283;9,341340E-1;6,493118E-2;9,940750E-2;9,365894E-1;;
30/11/2021  14:47:40,778383;9,349625E-1;1,356559E-1;1,502726E-1;9,364604E-1;;
30/11/2021  14:47:40,778483;9,348105E-1;1,331073E-1;1,123607E-1;9,363322E-1;;
30/11/2021  14:47:40,778583;9,351115E-1;1,745227E-1;2,020854E-1;9,362052E-1;;
30/11/2021  14:47:40,778683;9,345065E-1;1,302401E-1;1,303688E-1;9,360799E-1;;
30/11/2021  14:47:40,778783;9,347062E-1;1,337445E-1;1,325804E-1;9,359568E-1;;
30/11/2021  14:47:40,778883;9,351771E-1;1,324701E-1;1,347919E-1;9,358361E-1;;
30/11/2021  14:47:40,778983;9,360026E-1;1,327887E-1;1,328963E-1;9,357184E-1;;
30/11/2021  14:47:40,779083;9,366314E-1;1,305587E-1;1,366875E-1;9,356041E-1;;
30/11/2021  14:47:40,779183;9,364347E-1;1,433019E-1;1,483770E-1;9,354937E-1;;
30/11/2021  14:47:40,779283;9,368460E-1;1,483991E-1;1,414265E-1;9,353879E-1;;
30/11/2021  14:47:40,779383;9,369414E-1;1,222756E-1;1,227865E-1;9,352871E-1;;
30/11/2021  14:47:40,779483;9,365152E-1;1,232313E-1;1,227865E-1;9,351919E-1;;
30/11/2021  14:47:40,779583;9,374123E-1;1,292843E-1;1,249980E-1;9,351027E-1;;
30/11/2021  14:47:40,779683;9,375315E-1;-1,333462E-3;5,802041E-2;9,350199E-1;;
30/11/2021  14:47:40,779783;9,381276E-1;1,178155E-1;9,688005E-2;9,349438E-1;;
30/11/2021  14:47:40,779883;9,378414E-1;1,286472E-1;1,471132E-1;9,348750E-1;;
30/11/2021  14:47:40,779983;9,385210E-1;1,630538E-1;1,853410E-1;9,348137E-1;;
30/11/2021  14:47:40,780083;9,373676E-1;2,044692E-1;2,608488E-1;9,347604E-1;;
30/11/2021  14:47:40,780183;9,379905E-1;1,331073E-1;1,319485E-1;9,347151E-1;;
30/11/2021  14:47:40,780283;9,387147E-1;1,311958E-1;1,297370E-1;9,346781E-1;;
30/11/2021  14:47:40,780383;9,393435E-1;1,366117E-1;1,249980E-1;9,346494E-1;;
30/11/2021  14:47:40,780483;9,391438E-1;1,270543E-1;1,120448E-1;9,346293E-1;;
30/11/2021  14:47:40,780583;9,390872E-1;1,533758E-3;3,048243E-3;9,346180E-1;;
30/11/2021  14:47:40,780683;9,389769E-1;3,126658E-3;5,575699E-3;9,346155E-1;;
30/11/2021  14:47:40,780783;9,389114E-1;4,400978E-3;6,207563E-3;9,346219E-1;;
30/11/2021  14:47:40,780883;9,394001E-1;3,126658E-3;5,575699E-3;9,346372E-1;;
30/11/2021  14:47:40,780983;9,400618E-1;1,852338E-3;3,680107E-3;9,346611E-1;;
30/11/2021  14:47:40,781083;9,398263E-1;1,533758E-3;3,680107E-3;9,346938E-1;;
30/11/2021  14:47:40,781183;9,396803E-1;1,215178E-3;3,996039E-3;9,347350E-1;;
30/11/2021  14:47:40,781283;9,402167E-1;1,533758E-3;3,364175E-3;9,347848E-1;;
30/11/2021  14:47:40,781383;9,401393E-1;6,631038E-3;8,419087E-3;9,348429E-1;;
30/11/2021  14:47:40,781483;9,399336E-1;5,675298E-3;8,103155E-3;9,349091E-1;;
30/11/2021  14:47:40,781583;9,402436E-1;3,126658E-3;5,575699E-3;9,349832E-1;;
30/11/2021  14:47:40,781683;9,408486E-1;1,215178E-3;3,680107E-3;9,350650E-1;;
30/11/2021  14:47:40,781783;9,406698E-1;2,808078E-3;4,943835E-3;9,351542E-1;;
30/11/2021  14:47:40,781883;9,412330E-1;5,038138E-3;6,207563E-3;9,352506E-1;;
30/11/2021  14:47:40,781983;9,408277E-1;9,498258E-3;1,126247E-2;9,353539E-1;;
30/11/2021  14:47:40,782083;9,405476E-1;5,993878E-3;7,787223E-3;9,354639E-1;;
30/11/2021  14:47:40,782183;9,404403E-1;1,852338E-3;4,311971E-3;9,355803E-1;;
30/11/2021  14:47:40,782283;9,404552E-1;5,780180E-4;3,996039E-3;9,357025E-1;;
30/11/2021  14:47:40,782383;9,407383E-1;1,215178E-3;2,732311E-3;9,358301E-1;;
30/11/2021  14:47:40,782483;9,408486E-1;1,533758E-3;3,996039E-3;9,359626E-1;;
30/11/2021  14:47:40,782583;9,408337E-1;1,215178E-3;3,680107E-3;9,360997E-1;;
30/11/2021  14:47:40,782683;9,405535E-1;8,965980E-4;3,680107E-3;9,362409E-1;;
30/11/2021  14:47:40,782783;9,404224E-1;1,852338E-3;3,364175E-3;9,363856E-1;;
30/11/2021  14:47:40,782883;9,404641E-1;1,852338E-3;4,311971E-3;9,365335E-1;;
30/11/2021  14:47:40,782983;9,409857E-1;7,268198E-3;9,366883E-3;9,366839E-1;;
30/11/2021  14:47:40,783083;9,410423E-1;1,215178E-3;3,996039E-3;9,368364E-1;;
30/11/2021  14:47:40,783183;9,412688E-1;1,215178E-3;3,364175E-3;9,369906E-1;;
30/11/2021  14:47:40,783283;9,411049E-1;8,965980E-4;3,364175E-3;9,371462E-1;;
30/11/2021  14:47:40,783383;9,411347E-1;5,780180E-4;3,364175E-3;9,373027E-1;;
30/11/2021  14:47:40,783483;9,410661E-1;8,965980E-4;3,048243E-3;9,374599E-1;;
30/11/2021  14:47:40,783583;9,410810E-1;1,215178E-3;3,048243E-3;9,376173E-1;;
30/11/2021  14:47:40,783683;9,419364E-1;5,780180E-4;3,680107E-3;9,377746E-1;;
30/11/2021  14:47:40,783783;9,420973E-1;5,780180E-4;3,364175E-3;9,379316E-1;;
30/11/2021  14:47:40,783883;9,426815E-1;4,400978E-3;7,471291E-3;9,380881E-1;;
30/11/2021  14:47:40,783983;9,426219E-1;3,763818E-3;5,891631E-3;9,382439E-1;;
30/11/2021  14:47:40,784083;9,427440E-1;4,082398E-3;6,523495E-3;9,383991E-1;;
30/11/2021  14:47:40,784183;9,426010E-1;2,489498E-3;7,155359E-3;9,385536E-1;;
30/11/2021  14:47:40,784283;9,432477E-1;1,300264E-2;1,315807E-2;9,387073E-1;;
30/11/2021  14:47:40,784383;9,442044E-1;8,861098E-3;1,157841E-2;9,388602E-1;;
30/11/2021  14:47:40,784483;9,440882E-1;1,459554E-2;1,442179E-2;9,390124E-1;;
30/11/2021  14:47:40,784583;9,441209E-1;1,077258E-2;1,189434E-2;9,391640E-1;;
30/11/2021  14:47:40,784683;9,442223E-1;7,905358E-3;1,347400E-2;9,393151E-1;;
30/11/2021  14:47:40,784783;9,445412E-1;2,733874E-2;4,917431E-2;9,394660E-1;;
30/11/2021  14:47:40,784883;9,440554E-1;1,714418E-2;1,789705E-2;9,396165E-1;;
30/11/2021  14:47:40,784983;9,442431E-1;1,778134E-2;2,232009E-2;9,397667E-1;;
30/11/2021  14:47:40,785083;9,449971E-1;1,194084E-1;1,145722E-1;9,399167E-1;;
30/11/2021  14:47:40,785183;9,445352E-1;9,328480E-2;9,214107E-2;9,400665E-1;;
30/11/2021  14:47:40,785283;9,447587E-1;5,218798E-2;5,707262E-2;9,402159E-1;;
30/11/2021  14:47:40,785383;9,446663E-1;1,382046E-1;1,404787E-1;9,403652E-1;;
30/11/2021  14:47:40,785483;9,443355E-1;3,084312E-2;1,221027E-2;9,405141E-1;;
30/11/2021  14:47:40,785583;9,444637E-1;1,841850E-2;2,042450E-2;9,406625E-1;;
30/11/2021  14:47:40,785683;9,441597E-1;1,714418E-2;2,137230E-2;9,408104E-1;;
30/11/2021  14:47:40,785783;9,445054E-1;1,076209E-1;1,278414E-1;9,409575E-1;;
30/11/2021  14:47:40,785883;9,443385E-1;1,369303E-1;1,420583E-1;9,411036E-1;;
30/11/2021  14:47:40,785983;9,438468E-1;1,130368E-1;7,824006E-2;9,412485E-1;;
30/11/2021  14:47:40,786083;9,438825E-1;8,563888E-2;1,692285E-1;9,413921E-1;;
30/11/2021  14:47:40,786183;9,433461E-1;1,225942E-1;1,148882E-1;9,415338E-1;;
30/11/2021  14:47:40,786283;9,432686E-1;1,254614E-1;1,259458E-1;9,416735E-1;;
30/11/2021  14:47:40,786383;9,429854E-1;1,264171E-1;1,265777E-1;9,418108E-1;;
30/11/2021  14:47:40,786483;9,433669E-1;1,222756E-1;1,275255E-1;9,419451E-1;;
30/11/2021  14:47:40,786583;9,432567E-1;1,222756E-1;1,278414E-1;9,420763E-1;;
30/11/2021  14:47:40,786683;9,431464E-1;1,331073E-1;1,287892E-1;9,422040E-1;;
30/11/2021  14:47:40,786783;9,431464E-1;1,324701E-1;1,256299E-1;9,423278E-1;;
30/11/2021  14:47:40,786883;9,425056E-1;9,965640E-2;1,092014E-1;9,424476E-1;;
30/11/2021  14:47:40,786983;9,435070E-1;1,216384E-1;1,272095E-1;9,425630E-1;;
30/11/2021  14:47:40,787083;9,430749E-1;1,203641E-1;1,357397E-1;9,426739E-1;;
30/11/2021  14:47:40,787183;9,431404E-1;1,174969E-1;1,142563E-1;9,427800E-1;;
30/11/2021  14:47:40,787283;9,426695E-1;1,238685E-1;1,265777E-1;9,428813E-1;;
30/11/2021  14:47:40,787383;9,424132E-1;1,155854E-1;1,278414E-1;9,429775E-1;;
30/11/2021  14:47:40,787483;9,426815E-1;8,946184E-2;1,518522E-1;9,430685E-1;;
30/11/2021  14:47:40,787583;9,418887E-1;1,257800E-1;1,303688E-1;9,431541E-1;;
30/11/2021  14:47:40,787683;9,425384E-1;1,796200E-1;1,654373E-1;9,432341E-1;;
30/11/2021  14:47:40,787783;9,428156E-1;1,232313E-1;1,237343E-1;9,433084E-1;;
30/11/2021  14:47:40,787883;9,421867E-1;1,681511E-1;1,941871E-1;9,433770E-1;;
30/11/2021  14:47:40,787983;9,419841E-1;1,181340E-1;1,262617E-1;9,434397E-1;;
30/11/2021  14:47:40,788083;9,421688E-1;1,187712E-1;1,136244E-1;9,434965E-1;;
30/11/2021  14:47:40,788183;9,423685E-1;1,305587E-1;1,423743E-1;9,435475E-1;;
30/11/2021  14:47:40,788283;9,425622E-1;1,350188E-1;1,322644E-1;9,435925E-1;;
30/11/2021  14:47:40,788383;9,425384E-1;5,824100E-2;6,623464E-2;9,436318E-1;;
30/11/2021  14:47:40,788483;9,424430E-1;1,213198E-1;1,212068E-1;9,436654E-1;;
30/11/2021  14:47:40,788583;9,424132E-1;1,391603E-1;1,265777E-1;9,436935E-1;;
30/11/2021  14:47:40,788683;9,427500E-1;1,197269E-1;1,183634E-1;9,437163E-1;;
30/11/2021  14:47:40,788783;9,418619E-1;1,190898E-1;1,300529E-1;9,437339E-1;;
30/11/2021  14:47:40,788883;9,416592E-1;1,302401E-1;1,531159E-1;9,437464E-1;;
30/11/2021  14:47:40,788983;9,424430E-1;3,179886E-2;4,885838E-2;9,437541E-1;;
30/11/2021  14:47:40,789083;9,426219E-1;1,385232E-1;1,433221E-1;9,437569E-1;;
30/11/2021  14:47:40,789183;9,427262E-1;6,397544E-2;5,960007E-2;9,437551E-1;;
30/11/2021  14:47:40,789283;9,425354E-1;1,649653E-1;2,163023E-1;9,437491E-1;;
30/11/2021  14:47:40,789383;9,423596E-1;1,289658E-1;1,278414E-1;9,437391E-1;;
30/11/2021  14:47:40,789483;9,419125E-1;1,238685E-1;1,253139E-1;9,437254E-1;;
30/11/2021  14:47:40,789583;9,421480E-1;1,229127E-1;1,231024E-1;9,437080E-1;;
30/11/2021  14:47:40,789683;9,418798E-1;1,257800E-1;1,256299E-1;9,436873E-1;;
30/11/2021  14:47:40,789783;9,426576E-1;1,248242E-1;1,196272E-1;9,436633E-1;;
30/11/2021  14:47:40,789883;9,424401E-1;1,047537E-1;1,139404E-1;9,436364E-1;;
30/11/2021  14:47:40,789983;9,421659E-1;1,136739E-1;1,038306E-1;9,436067E-1;;
30/11/2021  14:47:40,790083;9,420705E-1;1,127182E-1;1,092014E-1;9,435745E-1;;
30/11/2021  14:47:40,790183;9,412420E-1;8,659462E-2;7,950379E-2;9,435400E-1;;
30/11/2021  14:47:40,790283;9,407949E-1;1,037979E-1;9,498445E-2;9,435032E-1;;
30/11/2021  14:47:40,790383;9,413016E-1;8,468314E-2;6,307532E-2;9,434642E-1;;
30/11/2021  14:47:40,790483;9,413403E-1;1,257800E-1;1,395309E-1;9,434230E-1;;
30/11/2021  14:47:40,790583;9,408486E-1;9,360338E-2;1,212068E-1;9,433795E-1;;
30/11/2021  14:47:40,790683;9,405595E-1;7,576290E-2;7,666040E-2;9,433339E-1;;
30/11/2021  14:47:40,790783;9,386163E-1;3,689614E-2;1,531159E-1;9,432861E-1;;
30/11/2021  14:47:40,790883;9,389442E-1;1,366117E-1;1,663851E-1;9,432358E-1;;
30/11/2021  14:47:40,790983;9,395641E-1;1,464877E-1;1,755471E-1;9,431827E-1;;
30/11/2021  14:47:40,791083;9,394449E-1;1,321516E-1;1,370034E-1;9,431267E-1;;
30/11/2021  14:47:40,791183;9,397280E-1;1,391603E-1;1,404787E-1;9,430675E-1;;
30/11/2021  14:47:40,791283;9,393316E-1;1,417090E-1;1,471132E-1;9,430053E-1;;
30/11/2021  14:47:40,791383;9,406042E-1;1,614609E-1;1,449017E-1;9,429400E-1;;
30/11/2021  14:47:40,791483;9,413195E-1;1,321516E-1;1,246821E-1;9,428718E-1;;
30/11/2021  14:47:40,791583;9,409380E-1;1,509478E-1;1,780746E-1;9,428011E-1;;
30/11/2021  14:47:40,791683;9,422493E-1;2,032998E-2;2,168823E-2;9,427283E-1;;
30/11/2021  14:47:40,791783;9,418201E-1;1,215178E-3;3,680107E-3;9,426539E-1;;
30/11/2021  14:47:40,791883;9,418827E-1;4,400978E-3;6,839427E-3;9,425785E-1;;
30/11/2021  14:47:40,791983;9,423477E-1;8,861098E-3;1,063061E-2;9,425025E-1;;
30/11/2021  14:47:40,792083;9,430123E-1;2,808078E-3;4,943835E-3;9,424266E-1;;
30/11/2021  14:47:40,792183;9,432298E-1;7,268198E-3;9,682815E-3;9,423514E-1;;
30/11/2021  14:47:40,792283;9,436888E-1;6,312458E-3;6,839427E-3;9,422774E-1;;
30/11/2021  14:47:40,792383;9,436381E-1;1,013542E-2;1,410586E-2;9,422054E-1;;
30/11/2021  14:47:40,792483;9,437663E-1;3,763818E-3;6,523495E-3;9,421359E-1;;
30/11/2021  14:47:40,792583;9,438974E-1;6,312458E-3;8,103155E-3;9,420696E-1;;
30/11/2021  14:47:40,792683;9,437991E-1;3,126658E-3;4,943835E-3;9,420070E-1;;
30/11/2021  14:47:40,792783;9,437722E-1;3,445238E-3;5,259767E-3;9,419485E-1;;
30/11/2021  14:47:40,792883;9,442998E-1;6,949618E-3;7,471291E-3;9,418944E-1;;
30/11/2021  14:47:40,792983;9,442104E-1;1,852338E-3;3,364175E-3;9,418452E-1;;
30/11/2021  14:47:40,793083;9,438706E-1;4,082398E-3;5,891631E-3;9,418012E-1;;
30/11/2021  14:47:40,793183;9,435577E-1;1,215178E-3;3,680107E-3;9,417627E-1;;
30/11/2021  14:47:40,793283;9,435249E-1;1,215178E-3;3,680107E-3;9,417296E-1;;
30/11/2021  14:47:40,793383;9,432894E-1;5,356718E-3;7,155359E-3;9,417020E-1;;
30/11/2021  14:47:40,793483;9,436113E-1;1,852338E-3;3,680107E-3;9,416800E-1;;
30/11/2021  14:47:40,793583;9,435755E-1;8,965980E-4;3,048243E-3;9,416633E-1;;
30/11/2021  14:47:40,793683;9,434981E-1;1,215178E-3;3,364175E-3;9,416520E-1;;
30/11/2021  14:47:40,793783;9,438020E-1;2,808078E-3;3,996039E-3;9,416460E-1;;
30/11/2021  14:47:40,793883;9,429229E-1;3,445238E-3;4,943835E-3;9,416450E-1;;
30/11/2021  14:47:40,793983;9,430033E-1;1,215178E-3;3,364175E-3;9,416490E-1;;
30/11/2021  14:47:40,794083;9,433133E-1;8,965980E-4;3,680107E-3;9,416575E-1;;
30/11/2021  14:47:40,794183;9,437633E-1;1,215178E-3;3,048243E-3;9,416705E-1;;
30/11/2021  14:47:40,794283;9,436977E-1;1,215178E-3;3,996039E-3;9,416877E-1;;
30/11/2021  14:47:40,794383;9,434325E-1;1,215178E-3;3,680107E-3;9,417089E-1;;
30/11/2021  14:47:40,794483;9,429616E-1;8,965980E-4;3,048243E-3;9,417339E-1;;
30/11/2021  14:47:40,794583;9,423030E-1;5,780180E-4;3,048243E-3;9,417625E-1;;
30/11/2021  14:47:40,794683;9,421539E-1;1,533758E-3;3,680107E-3;9,417942E-1;;
30/11/2021  14:47:40,794783;9,419006E-1;8,965980E-4;3,680107E-3;9,418284E-1;;
30/11/2021  14:47:40,794883;9,417695E-1;1,215178E-3;2,732311E-3;9,418648E-1;;
30/11/2021  14:47:40,794983;9,419185E-1;1,215178E-3;3,680107E-3;9,419028E-1;;
30/11/2021  14:47:40,795083;9,415102E-1;1,533758E-3;3,364175E-3;9,419419E-1;;
30/11/2021  14:47:40,795183;9,410214E-1;1,215178E-3;4,627903E-3;9,419816E-1;;
30/11/2021  14:47:40,795283;9,406012E-1;5,038138E-3;2,326789E-2;9,420215E-1;;
30/11/2021  14:47:40,795383;9,400946E-1;1,459554E-2;1,726518E-2;9,420608E-1;;
30/11/2021  14:47:40,795483;9,400260E-1;1,523270E-2;1,726518E-2;9,420990E-1;;
30/11/2021  14:47:40,795583;9,398055E-1;1,555128E-2;1,821298E-2;9,421355E-1;;
30/11/2021  14:47:40,795683;9,397220E-1;1,555128E-2;2,105637E-2;9,421697E-1;;
30/11/2021  14:47:40,795783;9,393167E-1;2,064856E-2;2,358382E-2;9,422010E-1;;
30/11/2021  14:47:40,795883;9,385567E-1;1,714418E-2;1,979264E-2;9,422289E-1;;
30/11/2021  14:47:40,795983;9,385120E-1;1,714418E-2;1,884484E-2;9,422529E-1;;
30/11/2021  14:47:40,796083;9,383392E-1;1,714418E-2;1,979264E-2;9,422724E-1;;
30/11/2021  14:47:40,796183;9,375702E-1;1,184526E-1;1,082536E-1;9,422869E-1;;
30/11/2021  14:47:40,796283;9,381127E-1;4,613496E-2;5,612482E-2;9,422958E-1;;
30/11/2021  14:47:40,796383;9,378802E-1;1,270543E-1;1,155200E-1;9,422987E-1;;
30/11/2021  14:47:40,796483;9,377461E-1;9,551486E-2;9,435259E-2;9,422954E-1;;
30/11/2021  14:47:40,796583;9,372335E-1;8,149734E-2;9,087734E-2;9,422854E-1;;
30/11/2021  14:47:40,796683;9,367864E-1;7,926728E-2;8,361090E-2;9,422686E-1;;
30/11/2021  14:47:40,796783;9,369712E-1;5,951532E-2;7,476481E-2;9,422446E-1;;
30/11/2021  14:47:40,796883;9,370815E-1;1,815315E-1;1,900800E-1;9,422133E-1;;
30/11/2021  14:47:40,796983;9,374480E-1;3,084312E-2;2,263603E-2;9,421745E-1;;
30/11/2021  14:47:40,797083;9,369384E-1;9,009900E-2;1,202590E-1;9,421283E-1;;
30/11/2021  14:47:40,797183;9,370040E-1;1,088952E-1;1,114129E-1;9,420746E-1;;
30/11/2021  14:47:40,797283;9,363751E-1;-3,733300E-2;3,938042E-2;9,420136E-1;;
30/11/2021  14:47:40,797383;9,368848E-1;1,420275E-1;1,322644E-1;9,419454E-1;;
30/11/2021  14:47:40,797483;9,368341E-1;1,235499E-1;1,183634E-1;9,418701E-1;;
30/11/2021  14:47:40,797583;9,372633E-1;1,076209E-1;1,092014E-1;9,417878E-1;;
30/11/2021  14:47:40,797683;9,371172E-1;1,257800E-1;1,189953E-1;9,416990E-1;;
30/11/2021  14:47:40,797783;9,377550E-1;1,213198E-1;1,041465E-1;9,416040E-1;;
30/11/2021  14:47:40,797883;9,370666E-1;1,127182E-1;1,073058E-1;9,415032E-1;;
30/11/2021  14:47:40,797983;9,367268E-1;1,104881E-1;1,167838E-1;9,413970E-1;;
30/11/2021  14:47:40,798083;9,368699E-1;1,130368E-1;1,145722E-1;9,412860E-1;;
30/11/2021  14:47:40,798183;9,373050E-1;1,034794E-1;1,085695E-1;9,411703E-1;;
30/11/2021  14:47:40,798283;9,378981E-1;8,340882E-2;9,435259E-2;9,410505E-1;;
30/11/2021  14:47:40,798383;9,376209E-1;1,098510E-1;1,332122E-1;9,409271E-1;;
30/11/2021  14:47:40,798483;9,375851E-1;6,078964E-2;8,045158E-2;9,408007E-1;;
30/11/2021  14:47:40,798583;9,374808E-1;9,647060E-2;1,044624E-1;9,406718E-1;;
30/11/2021  14:47:40,798683;9,374391E-1;9,933782E-2;1,114129E-1;9,405409E-1;;
30/11/2021  14:47:40,798783;9,377193E-1;1,085766E-1;1,284732E-1;9,404085E-1;;
30/11/2021  14:47:40,798883;9,385508E-1;9,519628E-2;1,152041E-1;9,402751E-1;;
30/11/2021  14:47:40,798983;9,385418E-1;1,022050E-1;1,148882E-1;9,401413E-1;;
30/11/2021  14:47:40,799083;9,378921E-1;9,710776E-2;1,082536E-1;9,400077E-1;;
30/11/2021  14:47:40,799183;9,384494E-1;9,487770E-2;1,009872E-1;9,398749E-1;;
30/11/2021  14:47:40,799283;9,381007E-1;1,022050E-1;1,202590E-1;9,397433E-1;;
30/11/2021  14:47:40,799383;9,384345E-1;1,165411E-1;1,300529E-1;9,396134E-1;;
30/11/2021  14:47:40,799483;9,391975E-1;1,018865E-1;1,114129E-1;9,394857E-1;;
30/11/2021  14:47:40,799583;9,394896E-1;1,627352E-1;1,739675E-1;9,393607E-1;;
30/11/2021  14:47:40,799683;9,398859E-1;1,149482E-1;1,152041E-1;9,392390E-1;;
30/11/2021  14:47:40,799783;9,398502E-1;1,678325E-1;1,597505E-1;9,391212E-1;;
30/11/2021  14:47:40,799883;9,397816E-1;1,617795E-1;1,837613E-1;9,390077E-1;;
30/11/2021  14:47:40,799983;9,397399E-1;1,557265E-1;1,287892E-1;9,388992E-1;;
30/11/2021  14:47:40,800083;9,401840E-1;1,541336E-1;1,426902E-1;9,387961E-1;;
30/11/2021  14:47:40,800183;9,406578E-1;1,311958E-1;1,281573E-1;9,386987E-1;;
30/11/2021  14:47:40,800283;9,415013E-1;1,225942E-1;1,186794E-1;9,386075E-1;;
30/11/2021  14:47:40,800383;9,413075E-1;1,423461E-1;1,499566E-1;9,385231E-1;;
30/11/2021  14:47:40,800483;9,414387E-1;1,197269E-1;1,164678E-1;9,384458E-1;;
30/11/2021  14:47:40,800583;9,411526E-1;1,200455E-1;1,101492E-1;9,383760E-1;;
30/11/2021  14:47:40,800683;9,411049E-1;1,509478E-1;1,221546E-1;9,383142E-1;;
30/11/2021  14:47:40,800783;9,414715E-1;8,277166E-2;1,000394E-1;9,382604E-1;;
30/11/2021  14:47:40,800883;9,424132E-1;1,108067E-1;9,814378E-2;9,382148E-1;;
30/11/2021  14:47:40,800983;9,420347E-1;1,139925E-1;1,120448E-1;9,381776E-1;;
30/11/2021  14:47:40,801083;9,417516E-1;1,012493E-1;9,624818E-2;9,381491E-1;;
30/11/2021  14:47:40,801183;9,418738E-1;1,213198E-1;1,117289E-1;9,381293E-1;;
30/11/2021  14:47:40,801283;9,411615E-1;1,060280E-1;1,136244E-1;9,381182E-1;;
30/11/2021  14:47:40,801383;9,412569E-1;1,152668E-1;1,202590E-1;9,381156E-1;;
30/11/2021  14:47:40,801483;9,415162E-1;1,159040E-1;1,152041E-1;9,381212E-1;;
30/11/2021  14:47:40,801583;9,421271E-1;5,983390E-2;6,339125E-2;9,381349E-1;;
30/11/2021  14:47:40,801683;9,430302E-1;6,875414E-2;7,413294E-2;9,381565E-1;;
30/11/2021  14:47:40,801783;9,428335E-1;1,190898E-1;1,189953E-1;9,381858E-1;;
30/11/2021  14:47:40,801883;9,422672E-1;9,933782E-2;9,561632E-2;9,382229E-1;;
30/11/2021  14:47:40,801983;9,431136E-1;8,818752E-2;7,697633E-2;9,382675E-1;;
30/11/2021  14:47:40,802083;9,435398E-1;8,723178E-2;9,372073E-2;9,383195E-1;;
30/11/2021  14:47:40,802183;9,445322E-1;1,114439E-1;1,088855E-1;9,383789E-1;;
30/11/2021  14:47:40,802283;9,449077E-1;1,123996E-1;1,114129E-1;9,384456E-1;;
30/11/2021  14:47:40,802383;9,452773E-1;1,034794E-1;9,024547E-2;9,385198E-1;;
30/11/2021  14:47:40,802483;9,451700E-1;1,190898E-1;1,205749E-1;9,386015E-1;;
30/11/2021  14:47:40,802583;9,454621E-1;1,254614E-1;1,249980E-1;9,386908E-1;;
30/11/2021  14:47:40,802683;9,462131E-1;1,254614E-1;1,139404E-1;9,387877E-1;;
30/11/2021  14:47:40,802783;9,470357E-1;7,894870E-2;8,108345E-2;9,388922E-1;;
30/11/2021  14:47:40,802883;9,470655E-1;-5,793582E-3;1,784515E-3;9,390046E-1;;
30/11/2021  14:47:40,802983;9,481652E-1;1,235499E-1;1,231024E-1;9,391248E-1;;
30/11/2021  14:47:40,803083;9,484662E-1;1,232313E-1;1,246821E-1;9,392532E-1;;
30/11/2021  14:47:40,803183;9,489162E-1;1,041165E-1;1,174156E-1;9,393898E-1;;
30/11/2021  14:47:40,803283;9,491666E-1;1,254614E-1;1,259458E-1;9,395350E-1;;
30/11/2021  14:47:40,803383;9,494438E-1;1,299215E-1;1,262617E-1;9,396888E-1;;
30/11/2021  14:47:40,803483;9,501173E-1;9,137332E-2;8,613836E-2;9,398513E-1;;
30/11/2021  14:47:40,803583;9,508475E-1;1,200455E-1;1,155200E-1;9,400227E-1;;
30/11/2021  14:47:40,803683;9,516700E-1;1,394789E-1;1,528000E-1;9,402031E-1;;
30/11/2021  14:47:40,803783;9,513959E-1;1,213198E-1;1,044624E-1;9,403926E-1;;
30/11/2021  14:47:40,803883;9,517982E-1;1,222756E-1;1,148882E-1;9,405915E-1;;
30/11/2021  14:47:40,803983;9,515836E-1;1,254614E-1;1,392149E-1;9,407996E-1;;
30/11/2021  14:47:40,804083;9,514644E-1;1,350188E-1;1,335282E-1;9,410170E-1;;
30/11/2021  14:47:40,804183;9,520724E-1;1,257800E-1;1,208909E-1;9,412434E-1;;
30/11/2021  14:47:40,804283;9,530261E-1;1,079395E-1;1,272095E-1;9,414785E-1;;
30/11/2021  14:47:40,804383;9,534701E-1;1,554079E-1;1,862888E-1;9,417222E-1;;
30/11/2021  14:47:40,804483;9,531393E-1;1,433019E-1;1,689125E-1;9,419745E-1;;
30/11/2021  14:47:40,804583;9,532615E-1;1,283286E-1;1,284732E-1;9,422349E-1;;
30/11/2021  14:47:40,804683;9,534701E-1;1,283286E-1;1,272095E-1;9,425033E-1;;
30/11/2021  14:47:40,804783;9,536668E-1;1,114439E-1;1,193112E-1;9,427793E-1;;
30/11/2021  14:47:40,804883;9,540453E-1;1,283286E-1;1,278414E-1;9,430624E-1;;
30/11/2021  14:47:40,804983;9,545281E-1;1,222756E-1;1,243661E-1;9,433524E-1;;
30/11/2021  14:47:40,805083;9,546086E-1;1,146297E-1;1,180475E-1;9,436488E-1;;
30/11/2021  14:47:40,805183;9,548232E-1;1,254614E-1;1,284732E-1;9,439512E-1;;
30/11/2021  14:47:40,805283;9,532019E-1;1,321516E-1;1,120448E-1;9,442592E-1;;
30/11/2021  14:47:40,805383;9,528502E-1;1,401161E-1;1,540637E-1;9,445721E-1;;
30/11/2021  14:47:40,805483;9,527161E-1;1,318330E-1;1,379512E-1;9,448891E-1;;
30/11/2021  14:47:40,805583;9,524956E-1;1,216384E-1;1,107811E-1;9,452092E-1;;
30/11/2021  14:47:40,805683;9,525135E-1;1,260985E-1;1,278414E-1;9,455314E-1;;
30/11/2021  14:47:40,805783;9,515866E-1;5,537378E-2;5,770448E-2;9,458548E-1;;
30/11/2021  14:47:40,805883;9,506985E-1;1,560451E-1;1,913437E-1;9,461783E-1;;
30/11/2021  14:47:40,805983;9,496077E-1;1,340630E-1;1,363715E-1;9,465006E-1;;
30/11/2021  14:47:40,806083;9,489550E-1;1,232313E-1;1,262617E-1;9,468204E-1;;
30/11/2021  14:47:40,806183;9,487017E-1;1,260985E-1;1,291051E-1;9,471362E-1;;
30/11/2021  14:47:40,806283;9,485526E-1;1,289658E-1;1,231024E-1;9,474466E-1;;
30/11/2021  14:47:40,806383;9,480222E-1;1,254614E-1;1,401627E-1;9,477503E-1;;
30/11/2021  14:47:40,806483;9,476526E-1;1,480806E-1;1,572231E-1;9,480460E-1;;
30/11/2021  14:47:40,806583;9,463591E-1;1,222756E-1;1,240502E-1;9,483323E-1;;
30/11/2021  14:47:40,806683;9,455336E-1;1,136739E-1;9,782784E-2;9,486080E-1;;
30/11/2021  14:47:40,806783;9,446991E-1;1,369303E-1;1,464814E-1;9,488717E-1;;
30/11/2021  14:47:40,806883;9,448809E-1;1,289658E-1;1,224705E-1;9,491220E-1;;
30/11/2021  14:47:40,806983;9,444488E-1;1,238685E-1;1,294210E-1;9,493577E-1;;
30/11/2021  14:47:40,807083;9,441329E-1;1,194084E-1;1,129926E-1;9,495777E-1;;
30/11/2021  14:47:40,807183;9,430123E-1;1,366117E-1;1,411105E-1;9,497810E-1;;
30/11/2021  14:47:40,807283;9,423059E-1;1,557265E-1;1,660692E-1;9,499666E-1;;
30/11/2021  14:47:40,807383;9,414387E-1;9,328480E-2;1,041465E-1;9,501335E-1;;
30/11/2021  14:47:40,807483;9,412002E-1;1,413904E-1;1,401627E-1;9,502809E-1;;
30/11/2021  14:47:40,807583;9,412390E-1;1,308772E-1;1,202590E-1;9,504079E-1;;
30/11/2021  14:47:40,807683;9,411824E-1;1,292843E-1;1,161519E-1;9,505138E-1;;
30/11/2021  14:47:40,807783;9,398084E-1;9,264764E-2;1,449017E-1;9,505981E-1;;
30/11/2021  14:47:40,807883;9,392601E-1;1,499920E-1;1,843932E-1;9,506605E-1;;
30/11/2021  14:47:40,807983;9,384703E-1;1,174969E-1;1,265777E-1;9,507004E-1;;
30/11/2021  14:47:40,808083;9,379964E-1;1,340630E-1;1,319485E-1;9,507175E-1;;
30/11/2021  14:47:40,808183;9,379428E-1;1,254614E-1;1,243661E-1;9,507114E-1;;
30/11/2021  14:47:40,808283;9,375434E-1;1,034794E-1;9,719598E-2;9,506820E-1;;
30/11/2021  14:47:40,808383;9,371858E-1;1,356559E-1;1,524841E-1;9,506293E-1;;
30/11/2021  14:47:40,808483;9,365093E-1;1,076209E-1;1,006712E-1;9,505531E-1;;
30/11/2021  14:47:40,808583;9,360264E-1;-2,968708E-2;3,685297E-2;9,504537E-1;;
30/11/2021  14:47:40,808683;9,356152E-1;1,028422E-1;9,814378E-2;9,503313E-1;;
30/11/2021  14:47:40,808783;9,352039E-1;9,105474E-2;1,063580E-1;9,501861E-1;;
30/11/2021  14:47:40,808883;9,351920E-1;8,213450E-2;8,866581E-2;9,500183E-1;;
30/11/2021  14:47:40,808983;9,355287E-1;1,053908E-1;1,300529E-1;9,498285E-1;;
30/11/2021  14:47:40,809083;9,350608E-1;1,044351E-1;1,278414E-1;9,496172E-1;;
30/11/2021  14:47:40,809183;9,344618E-1;1,101695E-1;1,341600E-1;9,493852E-1;;
30/11/2021  14:47:40,809283;9,342651E-1;2,210354E-1;2,061925E-1;9,491332E-1;;
30/11/2021  14:47:40,809383;9,339164E-1;4,071910E-2;1,297370E-1;9,488620E-1;;
30/11/2021  14:47:40,809483;9,338389E-1;1,037979E-1;1,006712E-1;9,485723E-1;;
30/11/2021  14:47:40,809583;9,338210E-1;1,104881E-1;1,208909E-1;9,482651E-1;;
30/11/2021  14:47:40,809683;9,341638E-1;1,139925E-1;1,076217E-1;9,479413E-1;;
30/11/2021  14:47:40,809783;9,329389E-1;1,347002E-1;1,287892E-1;9,476020E-1;;
30/11/2021  14:47:40,809883;9,327183E-1;1,407532E-1;1,306848E-1;9,472481E-1;;
30/11/2021  14:47:40,809983;9,325306E-1;1,579565E-1;1,461654E-1;9,468807E-1;;
30/11/2021  14:47:40,810083;9,317855E-1;2,270884E-1;2,270440E-1;9,465006E-1;;
30/11/2021  14:47:40,810183;9,318749E-1;1,843987E-1;1,670170E-1;9,461089E-1;;
30/11/2021  14:47:40,810283;9,321342E-1;6,238254E-2;1,063580E-1;9,457065E-1;;
30/11/2021  14:47:40,810383;9,315143E-1;8,181592E-2;1,098333E-1;9,452942E-1;;
30/11/2021  14:47:40,810483;9,313176E-1;1,522221E-1;1,676488E-1;9,448733E-1;;
30/11/2021  14:47:40,810583;9,305397E-1;1,426647E-1;1,499566E-1;9,444445E-1;;
30/11/2021  14:47:40,810683;9,303162E-1;-1,471382E-2;6,528685E-2;9,440089E-1;;
30/11/2021  14:47:40,810783;9,301851E-1;1,382046E-1;1,417424E-1;9,435673E-1;;
30/11/2021  14:47:40,810883;9,302417E-1;1,375674E-1;1,423743E-1;9,431204E-1;;
30/11/2021  14:47:40,810983;9,310762E-1;1,375674E-1;1,354238E-1;9,426693E-1;;
30/11/2021  14:47:40,811083;9,298602E-1;1,302401E-1;1,376353E-1;9,422148E-1;;
30/11/2021  14:47:40,811183;9,295056E-1;1,353374E-1;1,357397E-1;9,417579E-1;;
30/11/2021  14:47:40,811283;9,289363E-1;1,302401E-1;1,234183E-1;9,412995E-1;;
30/11/2021  14:47:40,811383;9,280780E-1;1,324701E-1;1,325804E-1;9,408401E-1;;
30/11/2021  14:47:40,811483;9,279916E-1;1,296029E-1;1,338441E-1;9,403806E-1;;
30/11/2021  14:47:40,811583;9,277800E-1;1,127182E-1;1,155200E-1;9,399212E-1;;
30/11/2021  14:47:40,811683;9,278157E-1;2,808078E-3;6,523495E-3;9,394627E-1;;
30/11/2021  14:47:40,811783;9,269991E-1;1,215178E-3;3,680107E-3;9,390054E-1;;
30/11/2021  14:47:40,811883;9,258040E-1;4,719558E-3;6,839427E-3;9,385499E-1;;
30/11/2021  14:47:40,811983;9,253868E-1;4,400978E-3;6,839427E-3;9,380964E-1;;
30/11/2021  14:47:40,812083;9,250738E-1;8,223938E-3;8,735019E-3;9,376452E-1;;
30/11/2021  14:47:40,812183;9,247162E-1;7,268198E-3;8,735019E-3;9,371963E-1;;
30/11/2021  14:47:40,812283;9,254583E-1;5,993878E-3;7,471291E-3;9,367499E-1;;
30/11/2021  14:47:40,812383;9,254613E-1;3,445238E-3;5,575699E-3;9,363063E-1;;
30/11/2021  14:47:40,812483;9,247550E-1;7,586778E-3;9,366883E-3;9,358658E-1;;
30/11/2021  14:47:40,812583;9,245076E-1;7,905358E-3;9,998747E-3;9,354288E-1;;
30/11/2021  14:47:40,812683;9,245076E-1;4,082398E-3;5,575699E-3;9,349955E-1;;
30/11/2021  14:47:40,812783;9,246059E-1;5,993878E-3;8,103155E-3;9,345663E-1;;
30/11/2021  14:47:40,812883;9,249308E-1;5,038138E-3;6,839427E-3;9,341414E-1;;
30/11/2021  14:47:40,812983;9,252676E-1;1,533758E-3;3,364175E-3;9,337213E-1;;
30/11/2021  14:47:40,813083;9,257414E-1;1,852338E-3;3,996039E-3;9,333064E-1;;
30/11/2021  14:47:40,813183;9,254732E-1;1,215178E-3;3,364175E-3;9,328974E-1;;
30/11/2021  14:47:40,813283;9,248444E-1;8,965980E-4;2,732311E-3;9,324948E-1;;
30/11/2021  14:47:40,813383;9,242781E-1;8,965980E-4;3,680107E-3;9,320990E-1;;
30/11/2021  14:47:40,813483;9,247401E-1;1,215178E-3;3,996039E-3;9,317105E-1;;
30/11/2021  14:47:40,813583;9,247371E-1;1,533758E-3;3,364175E-3;9,313295E-1;;
30/11/2021  14:47:40,813683;9,258845E-1;8,965980E-4;3,364175E-3;9,309565E-1;;
30/11/2021  14:47:40,813783;9,257086E-1;6,631038E-3;8,419087E-3;9,305918E-1;;
30/11/2021  14:47:40,813883;9,259471E-1;1,215178E-3;3,680107E-3;9,302361E-1;;
30/11/2021  14:47:40,813983;9,255894E-1;1,215178E-3;3,680107E-3;9,298897E-1;;
30/11/2021  14:47:40,814083;9,259590E-1;8,965980E-4;3,364175E-3;9,295533E-1;;
30/11/2021  14:47:40,814183;9,262391E-1;5,780180E-4;2,732311E-3;9,292271E-1;;
30/11/2021  14:47:40,814283;9,268173E-1;5,780180E-4;3,048243E-3;9,289118E-1;;
30/11/2021  14:47:40,814383;9,275594E-1;8,965980E-4;3,680107E-3;9,286076E-1;;
30/11/2021  14:47:40,814483;9,276756E-1;8,965980E-4;3,680107E-3;9,283153E-1;;
30/11/2021  14:47:40,814583;9,270438E-1;8,965980E-4;3,364175E-3;9,280353E-1;;
30/11/2021  14:47:40,814683;9,275594E-1;1,852338E-3;3,680107E-3;9,277680E-1;;
30/11/2021  14:47:40,814783;9,277531E-1;1,215178E-3;3,364175E-3;9,275139E-1;;
30/11/2021  14:47:40,814883;9,280422E-1;5,780180E-4;3,364175E-3;9,272733E-1;;
30/11/2021  14:47:40,814983;9,284356E-1;1,215178E-3;3,364175E-3;9,270464E-1;;
30/11/2021  14:47:40,815083;9,297142E-1;5,356718E-3;8,419087E-3;9,268337E-1;;
30/11/2021  14:47:40,815183;9,295354E-1;1,215178E-3;4,311971E-3;9,266354E-1;;
30/11/2021  14:47:40,815283;9,299139E-1;1,533758E-3;4,627903E-3;9,264521E-1;;
30/11/2021  14:47:40,815383;9,302894E-1;1,586986E-2;1,821298E-2;9,262841E-1;;
30/11/2021  14:47:40,815483;9,303222E-1;1,140974E-2;1,568552E-2;9,261316E-1;;
30/11/2021  14:47:40,815583;9,311149E-1;1,395838E-2;1,694925E-2;9,259950E-1;;
30/11/2021  14:47:40,815683;9,322385E-1;1,523270E-2;1,505366E-2;9,258744E-1;;
30/11/2021  14:47:40,815783;9,325872E-1;1,650702E-2;1,821298E-2;9,257703E-1;;
30/11/2021  14:47:40,815883;9,330640E-1;1,111253E-1;1,016190E-1;9,256830E-1;;
30/11/2021  14:47:40,815983;9,328316E-1;4,486064E-2;4,285567E-2;9,256127E-1;;
30/11/2021  14:47:40,816083;9,335975E-1;1,746276E-2;2,074043E-2;9,255597E-1;;
30/11/2021  14:47:40,816183;9,340833E-1;1,586986E-2;1,821298E-2;9,255241E-1;;
30/11/2021  14:47:40,816283;9,346764E-1;7,905358E-3;1,600145E-2;9,255061E-1;;
30/11/2021  14:47:40,816383;9,353052E-1;6,970988E-2;7,950379E-2;9,255059E-1;;
30/11/2021  14:47:40,816483;9,359609E-1;1,197269E-1;8,361090E-2;9,255234E-1;;
30/11/2021  14:47:40,816583;9,364347E-1;2,829448E-2;7,350108E-2;9,255589E-1;;
30/11/2021  14:47:40,816683;9,357731E-1;1,232313E-1;1,218387E-1;9,256124E-1;;
30/11/2021  14:47:40,816783;9,370129E-1;1,095324E-1;1,063580E-1;9,256839E-1;;
30/11/2021  14:47:40,816883;9,378295E-1;1,213198E-1;1,275255E-1;9,257732E-1;;
30/11/2021  14:47:40,816983;9,388607E-1;1,232313E-1;1,224705E-1;9,258803E-1;;
30/11/2021  14:47:40,817083;9,394240E-1;1,139925E-1;1,060421E-1;9,260053E-1;;
30/11/2021  14:47:40,817183;9,397310E-1;1,229127E-1;1,208909E-1;9,261481E-1;;
30/11/2021  14:47:40,817283;9,407681E-1;1,216384E-1;1,237343E-1;9,263087E-1;;
30/11/2021  14:47:40,817383;9,409886E-1;1,159040E-1;1,088855E-1;9,264871E-1;;
30/11/2021  14:47:40,817483;9,416294E-1;1,369303E-1;1,505885E-1;9,266833E-1;;
30/11/2021  14:47:40,817583;9,423447E-1;1,538150E-1;1,654373E-1;9,268971E-1;;
30/11/2021  14:47:40,817683;9,431941E-1;7,353284E-2;5,896821E-2;9,271285E-1;;
30/11/2021  14:47:40,817783;9,439034E-1;1,413904E-1;1,638576E-1;9,273772E-1;;
30/11/2021  14:47:40,817883;9,442968E-1;1,012493E-1;1,303688E-1;9,276433E-1;;
30/11/2021  14:47:40,817983;9,445710E-1;1,353374E-1;1,347919E-1;9,279265E-1;;
30/11/2021  14:47:40,818083;9,455127E-1;1,350188E-1;1,313166E-1;9,282266E-1;;
30/11/2021  14:47:40,818183;9,451402E-1;1,245056E-1;1,291051E-1;9,285433E-1;;
30/11/2021  14:47:40,818283;9,460015E-1;1,225942E-1;1,278414E-1;9,288762E-1;;
30/11/2021  14:47:40,818383;9,467973E-1;1,210013E-1;1,208909E-1;9,292250E-1;;
30/11/2021  14:47:40,818483;9,469790E-1;1,159040E-1;1,284732E-1;9,295892E-1;;
30/11/2021  14:47:40,818583;9,468449E-1;1,085766E-1;1,215227E-1;9,299683E-1;;
30/11/2021  14:47:40,818683;9,471757E-1;1,104881E-1;1,164678E-1;9,303618E-1;;
30/11/2021  14:47:40,818783;9,473039E-1;1,057094E-1;1,031987E-1;9,307689E-1;;
30/11/2021  14:47:40,818883;9,474261E-1;9,519628E-2;9,561632E-2;9,311890E-1;;
30/11/2021  14:47:40,818983;9,484275E-1;9,870066E-2;9,814378E-2;9,316212E-1;;
30/11/2021  14:47:40,819083;9,493007E-1;1,101695E-1;1,366875E-1;9,320647E-1;;
30/11/2021  14:47:40,819183;9,491755E-1;5,441804E-2;6,718244E-2;9,325189E-1;;
30/11/2021  14:47:40,819283;9,500964E-1;9,583344E-2;1,259458E-1;9,329831E-1;;
30/11/2021  14:47:40,819383;9,500994E-1;1,420275E-1;2,039810E-1;9,334566E-1;;
30/11/2021  14:47:40,819483;9,506150E-1;8,340882E-2;1,654373E-1;9,339387E-1;;
30/11/2021  14:47:40,819583;9,505047E-1;9,997498E-2;1,142563E-1;9,344287E-1;;
30/11/2021  14:47:40,819683;9,512081E-1;9,774492E-2;1,114129E-1;9,349258E-1;;
30/11/2021  14:47:40,819783;9,513154E-1;8,436456E-2;1,016190E-1;9,354294E-1;;
30/11/2021  14:47:40,819883;9,517475E-1;3,466608E-2;6,844617E-2;9,359386E-1;;
30/11/2021  14:47:40,819983;9,514763E-1;1,168597E-1;1,218387E-1;9,364527E-1;;
30/11/2021  14:47:40,820083;9,507104E-1;1,337445E-1;1,284732E-1;9,369708E-1;;
30/11/2021  14:47:40,820183;9,504153E-1;1,968233E-1;1,812339E-1;9,374921E-1;;
30/11/2021  14:47:40,820283;9,506687E-1;9,360338E-2;1,101492E-1;9,380153E-1;;
30/11/2021  14:47:40,820383;9,515508E-1;1,783457E-1;1,028828E-1;9,385394E-1;;
30/11/2021  14:47:40,820483;9,510710E-1;1,305587E-1;1,044624E-1;9,390634E-1;;
30/11/2021  14:47:40,820583;9,511843E-1;1,429833E-1;1,199431E-1;9,395863E-1;;
30/11/2021  14:47:40,820683;9,498729E-1;1,321516E-1;1,218387E-1;9,401071E-1;;
30/11/2021  14:47:40,820783;9,494318E-1;1,534964E-1;1,515363E-1;9,406246E-1;;
30/11/2021  14:47:40,820883;9,500428E-1;1,133553E-1;1,088855E-1;9,411375E-1;;
30/11/2021  14:47:40,820983;9,496345E-1;5,473662E-2;7,286922E-2;9,416448E-1;;
30/11/2021  14:47:40,821083;9,498372E-1;1,178155E-1;1,167838E-1;9,421453E-1;;
30/11/2021  14:47:40,821183;9,496226E-1;1,123996E-1;1,177316E-1;9,426378E-1;;
30/11/2021  14:47:40,821283;9,491457E-1;8,532030E-2;8,455870E-2;9,431214E-1;;
30/11/2021  14:47:40,821383;9,485079E-1;1,213198E-1;1,442698E-1;9,435950E-1;;
30/11/2021  14:47:40,821483;9,482725E-1;7,703722E-2;1,401627E-1;9,440576E-1;;
30/11/2021  14:47:40,821583;9,484543E-1;1,041165E-1;1,035146E-1;9,445081E-1;;
30/11/2021  14:47:40,821683;9,483381E-1;1,066652E-1;1,079377E-1;9,449456E-1;;
30/11/2021  14:47:40,821783;9,485974E-1;9,806350E-2;7,824006E-2;9,453692E-1;;
30/11/2021  14:47:40,821883;9,484781E-1;1,206827E-1;1,133085E-1;9,457782E-1;;
30/11/2021  14:47:40,821983;9,482725E-1;7,608148E-2;4,854245E-2;9,461720E-1;;
30/11/2021  14:47:40,822083;9,477509E-1;2,702016E-2;1,789705E-2;9,465500E-1;;
30/11/2021  14:47:40,822183;9,472175E-1;1,576380E-1;1,625939E-1;9,469116E-1;;
30/11/2021  14:47:40,822283;9,474797E-1;4,613496E-2;4,854245E-2;9,472562E-1;;
30/11/2021  14:47:40,822383;9,477480E-1;1,555128E-2;1,221027E-2;9,475835E-1;;
30/11/2021  14:47:40,822483;9,477360E-1;9,806350E-2;9,656411E-2;9,478930E-1;;
30/11/2021  14:47:40,822583;9,471072E-1;1,241871E-1;1,360556E-1;9,481845E-1;;
30/11/2021  14:47:40,822683;9,460313E-1;1,159040E-1;1,303688E-1;9,484579E-1;;
30/11/2021  14:47:40,822783;9,449971E-1;7,385142E-2;7,381701E-2;9,487128E-1;;
30/11/2021  14:47:40,822883;9,446187E-1;1,286472E-1;1,259458E-1;9,489488E-1;;
30/11/2021  14:47:40,822983;9,443117E-1;3,817046E-2;4,601499E-2;9,491655E-1;;
30/11/2021  14:47:40,823083;9,443385E-1;1,047537E-1;9,688005E-2;9,493625E-1;;
30/11/2021  14:47:40,823183;9,432805E-1;1,235499E-1;1,284732E-1;9,495395E-1;;
30/11/2021  14:47:40,823283;9,430212E-1;1,241871E-1;1,126766E-1;9,496961E-1;;
30/11/2021  14:47:40,823383;9,415042E-1;1,165411E-1;1,079377E-1;9,498322E-1;;
30/11/2021  14:47:40,823483;9,417158E-1;1,229127E-1;1,278414E-1;9,499475E-1;;
30/11/2021  14:47:40,823583;9,413493E-1;1,375674E-1;1,493248E-1;9,500415E-1;;
30/11/2021  14:47:40,823683;9,414208E-1;1,203641E-1;1,126766E-1;9,501142E-1;;
30/11/2021  14:47:40,823783;9,417218E-1;5,792242E-2;6,212753E-2;9,501655E-1;;
30/11/2021  14:47:40,823883;9,417486E-1;1,060280E-1;1,170997E-1;9,501956E-1;;
30/11/2021  14:47:40,823983;9,413224E-1;1,286472E-1;1,341600E-1;9,502047E-1;;
30/11/2021  14:47:40,824083;9,394449E-1;1,018865E-1;1,237343E-1;9,501933E-1;;
30/11/2021  14:47:40,824183;9,404164E-1;1,573194E-1;1,562753E-1;9,501615E-1;;
30/11/2021  14:47:40,824283;9,390485E-1;1,219570E-1;1,202590E-1;9,501096E-1;;
30/11/2021  14:47:40,824383;9,396714E-1;1,292843E-1;1,278414E-1;9,500380E-1;;
30/11/2021  14:47:40,824483;9,402138E-1;1,318330E-1;1,215227E-1;9,499471E-1;;
30/11/2021  14:47:40,824583;9,397727E-1;1,143111E-1;1,294210E-1;9,498374E-1;;
30/11/2021  14:47:40,824683;9,394508E-1;1,178155E-1;1,088855E-1;9,497096E-1;;
30/11/2021  14:47:40,824783;9,391915E-1;1,257800E-1;1,164678E-1;9,495645E-1;;
30/11/2021  14:47:40,824883;9,387594E-1;1,111253E-1;9,498445E-2;9,494028E-1;;
30/11/2021  14:47:40,824983;9,386640E-1;9,997498E-2;1,237343E-1;9,492252E-1;;
30/11/2021  14:47:40,825083;9,388488E-1;1,366117E-1;1,433221E-1;9,490324E-1;;
30/11/2021  14:47:40,825183;9,385984E-1;1,136739E-1;9,214107E-2;9,488253E-1;;
30/11/2021  14:47:40,825283;9,382736E-1;1,229127E-1;1,297370E-1;9,486046E-1;;
30/11/2021  14:47:40,825383;9,372424E-1;1,022050E-1;8,329497E-2;9,483712E-1;;
30/11/2021  14:47:40,825483;9,370368E-1;1,413904E-1;1,550115E-1;9,481259E-1;;
30/11/2021  14:47:40,825583;9,365003E-1;1,289658E-1;1,328963E-1;9,478692E-1;;
30/11/2021  14:47:40,825683;9,367864E-1;1,254614E-1;1,332122E-1;9,476019E-1;;
30/11/2021  14:47:40,825783;9,362082E-1;1,331073E-1;1,265777E-1;9,473245E-1;;
30/11/2021  14:47:40,825883;9,366046E-1;1,340630E-1;1,278414E-1;9,470378E-1;;
30/11/2021  14:47:40,825983;9,360145E-1;1,401161E-1;1,373193E-1;9,467425E-1;;
30/11/2021  14:47:40,826083;9,360235E-1;1,245056E-1;1,199431E-1;9,464393E-1;;
30/11/2021  14:47:40,826183;9,361546E-1;1,305587E-1;1,237343E-1;9,461289E-1;;
30/11/2021  14:47:40,826283;9,360115E-1;1,296029E-1;1,265777E-1;9,458122E-1;;
30/11/2021  14:47:40,826383;9,365420E-1;1,229127E-1;1,256299E-1;9,454899E-1;;
30/11/2021  14:47:40,826483;9,367834E-1;1,308772E-1;1,496407E-1;9,451628E-1;;
30/11/2021  14:47:40,826583;9,370546E-1;1,251428E-1;1,117289E-1;9,448321E-1;;
30/11/2021  14:47:40,826683;9,367417E-1;1,347002E-1;1,328963E-1;9,444986E-1;;
30/11/2021  14:47:40,826783;9,366255E-1;1,283286E-1;1,278414E-1;9,441633E-1;;
30/11/2021  14:47:40,826883;9,361665E-1;1,417090E-1;1,606983E-1;9,438272E-1;;
30/11/2021  14:47:40,826983;9,371888E-1;1,375674E-1;1,392149E-1;9,434910E-1;;
30/11/2021  14:47:40,827083;9,371172E-1;8,532030E-2;1,407946E-1;9,431557E-1;;
30/11/2021  14:47:40,827183;9,376447E-1;1,327887E-1;1,291051E-1;9,428223E-1;;
30/11/2021  14:47:40,827283;9,369921E-1;1,350188E-1;1,698603E-1;9,424915E-1;;
30/11/2021  14:47:40,827383;9,367387E-1;1,318330E-1;1,332122E-1;9,421644E-1;;
30/11/2021  14:47:40,827483;9,364109E-1;1,417090E-1;1,452176E-1;9,418416E-1;;
30/11/2021  14:47:40,827583;9,364079E-1;1,283286E-1;1,404787E-1;9,415238E-1;;
30/11/2021  14:47:40,827683;9,366016E-1;1,423461E-1;1,445858E-1;9,412115E-1;;
30/11/2021  14:47:40,827783;9,373795E-1;5,792242E-2;7,160549E-2;9,409053E-1;;
30/11/2021  14:47:40,827883;9,374033E-1;1,289658E-1;1,240502E-1;9,406058E-1;;
30/11/2021  14:47:40,827983;9,368818E-1;1,283286E-1;1,016190E-1;9,403135E-1;;
30/11/2021  14:47:40,828083;9,368580E-1;1,382046E-1;1,278414E-1;9,400291E-1;;
30/11/2021  14:47:40,828183;9,370129E-1;9,647060E-2;1,073058E-1;9,397529E-1;;
30/11/2021  14:47:40,828283;9,369265E-1;1,302401E-1;1,458495E-1;9,394853E-1;;
30/11/2021  14:47:40,828383;9,377789E-1;1,254614E-1;1,278414E-1;9,392268E-1;;
30/11/2021  14:47:40,828483;9,377282E-1;1,190898E-1;1,221546E-1;9,389777E-1;;
30/11/2021  14:47:40,828583;9,371888E-1;1,178155E-1;1,632258E-1;9,387383E-1;;
30/11/2021  14:47:40,828683;9,371590E-1;1,464877E-1;1,859729E-1;9,385091E-1;;
30/11/2021  14:47:40,828783;9,366583E-1;1,114439E-1;1,180475E-1;9,382900E-1;;
30/11/2021  14:47:40,828883;9,369414E-1;9,455912E-2;1,158360E-1;9,380813E-1;;
30/11/2021  14:47:40,828983;9,367775E-1;1,152668E-1;1,231024E-1;9,378830E-1;;
30/11/2021  14:47:40,829083;9,365093E-1;9,774492E-2;1,158360E-1;9,376949E-1;;
30/11/2021  14:47:40,829183;9,372305E-1;1,034794E-1;1,133085E-1;9,375171E-1;;
30/11/2021  14:47:40,829283;9,368848E-1;1,015679E-1;1,136244E-1;9,373495E-1;;
30/11/2021  14:47:40,829383;9,362202E-1;9,933782E-2;1,145722E-1;9,371920E-1;;
30/11/2021  14:47:40,829483;9,353618E-1;9,742634E-2;1,016190E-1;9,370444E-1;;
30/11/2021  14:47:40,829583;9,355556E-1;9,137332E-2;8,961361E-2;9,369063E-1;;
30/11/2021  14:47:40,829683;9,354334E-1;1,025236E-1;1,079377E-1;9,367773E-1;;
30/11/2021  14:47:40,829783;9,355377E-1;1,905566E-2;8,329497E-2;9,366569E-1;;
30/11/2021  14:47:40,829883;9,354870E-1;1,299215E-1;1,474292E-1;9,365449E-1;;
30/11/2021  14:47:40,829983;9,352754E-1;1,308772E-1;1,373193E-1;9,364406E-1;;
30/11/2021  14:47:40,830083;9,354751E-1;1,863102E-1;2,235688E-1;9,363438E-1;;
30/11/2021  14:47:40,830183;9,352575E-1;1,557265E-1;1,486929E-1;9,362541E-1;;
30/11/2021  14:47:40,830283;9,352516E-1;1,716555E-1;1,588027E-1;9,361710E-1;;
30/11/2021  14:47:40,830383;9,353082E-1;1,869473E-1;1,679647E-1;9,360941E-1;;
30/11/2021  14:47:40,830483;9,358804E-1;1,589123E-1;1,521681E-1;9,360232E-1;;
30/11/2021  14:47:40,830583;9,356867E-1;1,461691E-1;1,603824E-1;9,359579E-1;;
30/11/2021  14:47:40,830683;9,360205E-1;1,605052E-1;1,663851E-1;9,358980E-1;;
30/11/2021  14:47:40,830783;9,358476E-1;1,382046E-1;1,417424E-1;9,358433E-1;;
30/11/2021  14:47:40,830883;9,360413E-1;1,343816E-1;1,306848E-1;9,357936E-1;;
30/11/2021  14:47:40,830983;9,361695E-1;1,378860E-1;1,332122E-1;9,357487E-1;;
30/11/2021  14:47:40,831083;9,364795E-1;1,401161E-1;1,379512E-1;9,357084E-1;;
30/11/2021  14:47:40,831183;9,374212E-1;1,442576E-1;1,704922E-1;9,356727E-1;;
30/11/2021  14:47:40,831283;9,374510E-1;1,232313E-1;1,009872E-1;9,356416E-1;;
30/11/2021  14:47:40,831383;9,365569E-1;1,334259E-1;1,496407E-1;9,356151E-1;;
30/11/2021  14:47:40,831483;9,370755E-1;1,362931E-1;1,452176E-1;9,355932E-1;;
30/11/2021  14:47:40,831583;9,372424E-1;9,296622E-2;1,654373E-1;9,355758E-1;;
30/11/2021  14:47:40,831683;9,372573E-1;1,586986E-2;1,852891E-2;9,355630E-1;;
30/11/2021  14:47:40,831783;9,383153E-1;1,533758E-3;3,680107E-3;9,355546E-1;;
30/11/2021  14:47:40,831883;9,387713E-1;5,993878E-3;7,155359E-3;9,355507E-1;;
30/11/2021  14:47:40,831983;9,377282E-1;2,489498E-3;3,996039E-3;9,355515E-1;;
30/11/2021  14:47:40,832083;9,378355E-1;4,719558E-3;6,839427E-3;9,355571E-1;;
30/11/2021  14:47:40,832183;9,378295E-1;7,586778E-3;9,366883E-3;9,355673E-1;;
30/11/2021  14:47:40,832283;9,381216E-1;9,498258E-3;1,157841E-2;9,355821E-1;;
30/11/2021  14:47:40,832383;9,385537E-1;6,949618E-3;8,419087E-3;9,356015E-1;;
30/11/2021  14:47:40,832483;9,398859E-1;1,533758E-3;3,680107E-3;9,356253E-1;;
30/11/2021  14:47:40,832583;9,398949E-1;1,215178E-3;3,996039E-3;9,356537E-1;;
30/11/2021  14:47:40,832683;9,411198E-1;1,215178E-3;3,996039E-3;9,356870E-1;;
30/11/2021  14:47:40,832783;9,413314E-1;2,808078E-3;4,311971E-3;9,357255E-1;;
30/11/2021  14:47:40,832883;9,417367E-1;3,445238E-3;5,891631E-3;9,357695E-1;;
30/11/2021  14:47:40,832983;9,417546E-1;1,852338E-3;4,311971E-3;9,358193E-1;;
30/11/2021  14:47:40,833083;9,426904E-1;1,852338E-3;4,627903E-3;9,358755E-1;;
30/11/2021  14:47:40,833183;9,433908E-1;1,533758E-3;3,364175E-3;9,359382E-1;;
30/11/2021  14:47:40,833283;9,431553E-1;3,763818E-3;4,943835E-3;9,360079E-1;;
30/11/2021  14:47:40,833383;9,427530E-1;8,965980E-4;3,680107E-3;9,360848E-1;;
30/11/2021  14:47:40,833483;9,424073E-1;1,852338E-3;4,311971E-3;9,361693E-1;;
30/11/2021  14:47:40,833583;9,423596E-1;3,763818E-3;5,891631E-3;9,362613E-1;;
30/11/2021  14:47:40,833683;9,419483E-1;5,780180E-4;3,680107E-3;9,363606E-1;;
30/11/2021  14:47:40,833783;9,415519E-1;8,965980E-4;3,680107E-3;9,364669E-1;;
30/11/2021  14:47:40,833883;9,418947E-1;1,533758E-3;3,680107E-3;9,365801E-1;;
30/11/2021  14:47:40,833983;9,417546E-1;1,215178E-3;3,364175E-3;9,366995E-1;;
30/11/2021  14:47:40,834083;9,409082E-1;2,808078E-3;5,891631E-3;9,368249E-1;;
30/11/2021  14:47:40,834183;9,406101E-1;8,965980E-4;3,048243E-3;9,369555E-1;;
30/11/2021  14:47:40,834283;9,401393E-1;8,965980E-4;3,048243E-3;9,370907E-1;;
30/11/2021  14:47:40,834383;9,404850E-1;8,965980E-4;3,680107E-3;9,372298E-1;;
30/11/2021  14:47:40,834483;9,405386E-1;1,852338E-3;4,311971E-3;9,373721E-1;;
30/11/2021  14:47:40,834583;9,402615E-1;1,215178E-3;3,048243E-3;9,375168E-1;;
30/11/2021  14:47:40,834683;9,399157E-1;3,126658E-3;7,155359E-3;9,376632E-1;;
30/11/2021  14:47:40,834783;9,389531E-1;1,533758E-3;3,364175E-3;9,378107E-1;;
30/11/2021  14:47:40,834883;9,388965E-1;8,965980E-4;2,732311E-3;9,379583E-1;;
30/11/2021  14:47:40,834983;9,382706E-1;8,965980E-4;3,364175E-3;9,381054E-1;;
30/11/2021  14:47:40,835083;9,378265E-1;1,533758E-3;5,259767E-3;9,382508E-1;;
30/11/2021  14:47:40,835183;9,375583E-1;1,109116E-2;1,221027E-2;9,383938E-1;;
30/11/2021  14:47:40,835283;9,369652E-1;1,332122E-2;1,568552E-2;9,385334E-1;;
30/11/2021  14:47:40,835383;9,362082E-1;9,498258E-3;9,682815E-3;9,386687E-1;;
30/11/2021  14:47:40,835483;9,349178E-1;1,523270E-2;1,631739E-2;9,387987E-1;;
30/11/2021  14:47:40,835583;9,342919E-1;1,300264E-2;1,568552E-2;9,389223E-1;;
30/11/2021  14:47:40,835683;9,331981E-1;1,013542E-2;1,473773E-2;9,390384E-1;;
30/11/2021  14:47:40,835783;9,332846E-1;1,523270E-2;1,663332E-2;9,391457E-1;;
30/11/2021  14:47:40,835883;9,329418E-1;7,767438E-2;1,079377E-1;9,392433E-1;;
30/11/2021  14:47:40,835983;9,323845E-1;-2,458980E-2;1,916077E-2;9,393301E-1;;
30/11/2021  14:47:40,836083;9,314636E-1;1,586986E-2;2,453162E-2;9,394051E-1;;
30/11/2021  14:47:40,836183;9,311954E-1;9,816838E-3;1,821298E-2;9,394675E-1;;
30/11/2021  14:47:40,836283;9,304533E-1;3,084312E-2;4,569906E-2;9,395164E-1;;
30/11/2021  14:47:40,836383;9,305487E-1;1,586986E-2;2,010857E-2;9,395510E-1;;
30/11/2021  14:47:40,836483;9,300152E-1;7,385142E-2;7,855599E-2;9,395706E-1;;
30/11/2021  14:47:40,836583;9,301582E-1;9,615202E-2;9,308886E-2;9,395748E-1;;
30/11/2021  14:47:40,836683;9,294877E-1;1,350188E-1;1,332122E-1;9,395631E-1;;
30/11/2021  14:47:40,836783;9,290555E-1;1,283286E-1;1,275255E-1;9,395352E-1;;
30/11/2021  14:47:40,836883;9,282628E-1;1,350188E-1;1,275255E-1;9,394907E-1;;
30/11/2021  14:47:40,836983;9,286621E-1;2,066993E-1;2,557938E-1;9,394295E-1;;
30/11/2021  14:47:40,837083;9,282955E-1;8,946184E-2;9,403666E-2;9,393515E-1;;
30/11/2021  14:47:40,837183;9,286264E-1;7,799296E-2;8,519056E-2;9,392566E-1;;
30/11/2021  14:47:40,837283;9,292969E-1;1,452133E-1;1,360556E-1;9,391451E-1;;
30/11/2021  14:47:40,837383;9,289453E-1;1,171783E-1;1,291051E-1;9,390173E-1;;
30/11/2021  14:47:40,837483;9,288797E-1;1,022050E-1;5,896821E-2;9,388738E-1;;
30/11/2021  14:47:40,837583;9,285161E-1;1,254614E-1;2,194617E-1;9,387152E-1;;
30/11/2021  14:47:40,837683;9,286979E-1;1,350188E-1;1,385831E-1;9,385420E-1;;
30/11/2021  14:47:40,837783;9,292910E-1;1,534964E-1;1,597505E-1;9,383550E-1;;
30/11/2021  14:47:40,837883;9,296993E-1;1,378860E-1;1,328963E-1;9,381550E-1;;
30/11/2021  14:47:40,837983;9,298989E-1;1,308772E-1;1,344760E-1;9,379430E-1;;
30/11/2021  14:47:40,838083;9,294310E-1;1,210013E-1;1,177316E-1;9,377199E-1;;
30/11/2021  14:47:40,838183;9,294906E-1;1,382046E-1;1,322644E-1;9,374869E-1;;
30/11/2021  14:47:40,838283;9,293923E-1;1,331073E-1;1,272095E-1;9,372450E-1;;
30/11/2021  14:47:40,838383;9,297499E-1;1,308772E-1;1,291051E-1;9,369951E-1;;
30/11/2021  14:47:40,838483;9,301612E-1;1,353374E-1;1,291051E-1;9,367384E-1;;
30/11/2021  14:47:40,838583;9,307930E-1;1,305587E-1;1,414265E-1;9,364759E-1;;
30/11/2021  14:47:40,838683;9,309123E-1;-3,382862E-2;3,685297E-2;9,362088E-1;;
30/11/2021  14:47:40,838783;9,306589E-1;1,114439E-1;1,158360E-1;9,359383E-1;;
30/11/2021  14:47:40,838883;9,312431E-1;1,050723E-1;1,117289E-1;9,356657E-1;;
30/11/2021  14:47:40,838983;9,315858E-1;1,378860E-1;1,629098E-1;9,353921E-1;;
30/11/2021  14:47:40,839083;9,320448E-1;1,531778E-1;1,654373E-1;9,351186E-1;;
30/11/2021  14:47:40,839183;9,332488E-1;8,595746E-2;1,430061E-1;9,348466E-1;;
30/11/2021  14:47:40,839283;9,340952E-1;9,806350E-2;1,110970E-1;9,345773E-1;;
30/11/2021  14:47:40,839383;9,345721E-1;1,159040E-1;1,224705E-1;9,343121E-1;;
30/11/2021  14:47:40,839483;9,351026E-1;1,165411E-1;1,167838E-1;9,340525E-1;;
30/11/2021  14:47:40,839583;9,353618E-1;7,926728E-2;1,016190E-1;9,337999E-1;;
30/11/2021  14:47:40,839683;9,360294E-1;1,018865E-1;1,306848E-1;9,335556E-1;;
30/11/2021  14:47:40,839783;9,366613E-1;1,053908E-1;1,202590E-1;9,333211E-1;;
30/11/2021  14:47:40,839883;9,374570E-1;-1,789962E-2;2,074043E-2;9,330974E-1;;
30/11/2021  14:47:40,839983;9,375911E-1;8,723178E-2;9,688005E-2;9,328860E-1;;
30/11/2021  14:47:40,840083;9,376567E-1;8,818752E-2;8,803395E-2;9,326879E-1;;
30/11/2021  14:47:40,840183;9,374957E-1;1,034794E-1;1,098333E-1;9,325041E-1;;
30/11/2021  14:47:40,840283;9,380620E-1;1,165411E-1;1,338441E-1;9,323356E-1;;
30/11/2021  14:47:40,840383;9,382587E-1;1,280100E-1;1,467973E-1;9,321830E-1;;
30/11/2021  14:47:40,840483;9,385120E-1;1,471248E-1;1,426902E-1;9,320470E-1;;
30/11/2021  14:47:40,840583;9,388041E-1;1,668768E-1;1,471132E-1;9,319280E-1;;
30/11/2021  14:47:40,840683;9,394776E-1;1,777085E-1;1,692285E-1;9,318265E-1;;
30/11/2021  14:47:40,840783;9,398710E-1;2,219911E-1;2,595850E-1;9,317428E-1;;
30/11/2021  14:47:40,840883;9,389412E-1;1,547707E-1;1,411105E-1;9,316774E-1;;
30/11/2021  14:47:40,840983;9,394657E-1;1,480806E-1;1,373193E-1;9,316303E-1;;
30/11/2021  14:47:40,841083;9,398114E-1;1,276914E-1;1,275255E-1;9,316015E-1;;
30/11/2021  14:47:40,841183;9,405237E-1;1,165411E-1;1,237343E-1;9,315909E-1;;
30/11/2021  14:47:40,841283;9,404731E-1;1,127182E-1;1,035146E-1;9,315985E-1;;
30/11/2021  14:47:40,841383;9,403866E-1;1,085766E-1;1,019350E-1;9,316240E-1;;
30/11/2021  14:47:40,841483;9,402466E-1;1,108067E-1;1,120448E-1;9,316673E-1;;
30/11/2021  14:47:40,841583;9,400350E-1;1,213198E-1;1,092014E-1;9,317280E-1;;
30/11/2021  14:47:40,841683;9,403240E-1;1,034794E-1;8,834988E-2;9,318054E-1;;
30/11/2021  14:47:40,841783;9,413761E-1;6,907272E-2;6,275939E-2;9,318991E-1;;
30/11/2021  14:47:40,841883;9,416056E-1;8,786894E-2;1,041465E-1;9,320086E-1;;
30/11/2021  14:47:40,841983;9,415966E-1;1,197269E-1;1,373193E-1;9,321333E-1;;
30/11/2021  14:47:40,842083;9,419155E-1;1,002936E-1;1,268936E-1;9,322728E-1;;
30/11/2021  14:47:40,842183;9,419513E-1;3,753330E-2;4,096008E-2;9,324264E-1;;
30/11/2021  14:47:40,842283;9,421510E-1;5,537378E-2;5,991600E-2;9,325937E-1;;
30/11/2021  14:47:40,842383;9,428752E-1;1,273729E-1;1,259458E-1;9,327741E-1;;
30/11/2021  14:47:40,842483;9,433580E-1;1,092138E-1;1,079377E-1;9,329668E-1;;
30/11/2021  14:47:40,842583;9,434951E-1;1,069837E-1;1,013031E-1;9,331715E-1;;
30/11/2021  14:47:40,842683;9,444249E-1;1,187712E-1;1,341600E-1;9,333876E-1;;
30/11/2021  14:47:40,842783;9,438110E-1;1,353374E-1;1,360556E-1;9,336146E-1;;
30/11/2021  14:47:40,842883;9,440196E-1;1,155854E-1;1,148882E-1;9,338520E-1;;
30/11/2021  14:47:40,842983;9,438974E-1;1,136739E-1;1,031987E-1;9,340993E-1;;
30/11/2021  14:47:40,843083;9,443057E-1;1,203641E-1;1,155200E-1;9,343557E-1;;
30/11/2021  14:47:40,843183;9,448362E-1;1,216384E-1;1,016190E-1;9,346205E-1;;
30/11/2021  14:47:40,843283;9,449584E-1;1,347002E-1;1,512204E-1;9,348933E-1;;
30/11/2021  14:47:40,843383;9,455276E-1;1,047537E-1;1,208909E-1;9,351733E-1;;
30/11/2021  14:47:40,843483;9,449137E-1;3,020596E-2;2,200416E-2;9,354600E-1;;
30/11/2021  14:47:40,843583;9,453697E-1;1,515849E-1;1,976624E-1;9,357528E-1;;
30/11/2021  14:47:40,843683;9,454382E-1;1,098510E-1;1,483770E-1;9,360511E-1;;
30/11/2021  14:47:40,843783;9,454412E-1;1,286472E-1;1,300529E-1;9,363541E-1;;
30/11/2021  14:47:40,843883;9,469940E-1;1,063466E-1;1,167838E-1;9,366613E-1;;
30/11/2021  14:47:40,843983;9,469433E-1;1,136739E-1;9,751191E-2;9,369721E-1;;
30/11/2021  14:47:40,844083;9,470506E-1;2,542726E-2;4,317161E-2;9,372862E-1;;
30/11/2021  14:47:40,844183;9,468062E-1;1,280100E-1;1,249980E-1;9,376032E-1;;
30/11/2021  14:47:40,844283;9,478046E-1;1,296029E-1;1,240502E-1;9,379225E-1;;
30/11/2021  14:47:40,844383;9,475274E-1;1,512664E-1;1,663851E-1;9,382437E-1;;
30/11/2021  14:47:40,844483;9,483798E-1;1,369303E-1;1,581709E-1;9,385666E-1;;
30/11/2021  14:47:40,844583;9,485288E-1;1,264171E-1;1,237343E-1;9,388906E-1;;
30/11/2021  14:47:40,844683;9,494140E-1;9,360338E-2;9,024547E-2;9,392156E-1;;
30/11/2021  14:47:40,844783;9,490980E-1;3,763818E-3;2,453162E-2;9,395413E-1;;
30/11/2021  14:47:40,844883;9,490682E-1;1,203641E-1;1,196272E-1;9,398676E-1;;
30/11/2021  14:47:40,844983;9,492232E-1;5,346230E-2;1,114129E-1;9,401940E-1;;
30/11/2021  14:47:40,845083;9,490414E-1;1,194084E-1;1,164678E-1;9,405203E-1;;
30/11/2021  14:47:40,845183;9,495063E-1;1,197269E-1;1,215227E-1;9,408462E-1;;
30/11/2021  14:47:40,845283;9,499623E-1;1,280100E-1;1,268936E-1;9,411713E-1;;
30/11/2021  14:47:40,845383;9,500428E-1;1,343816E-1;1,344760E-1;9,414952E-1;;
30/11/2021  14:47:40,845483;9,498401E-1;1,127182E-1;1,246821E-1;9,418178E-1;;
30/11/2021  14:47:40,845583;9,501441E-1;1,104881E-1;1,126766E-1;9,421388E-1;;
30/11/2021  14:47:40,845683;9,495004E-1;1,200455E-1;1,199431E-1;9,424577E-1;;
30/11/2021  14:47:40,845783;9,504511E-1;1,353374E-1;1,363715E-1;9,427743E-1;;
30/11/2021  14:47:40,845883;9,507223E-1;1,235499E-1;1,259458E-1;9,430882E-1;;
30/11/2021  14:47:40,845983;9,508832E-1;1,044351E-1;9,593225E-2;9,433992E-1;;
30/11/2021  14:47:40,846083;9,514227E-1;1,315144E-1;1,300529E-1;9,437071E-1;;
30/11/2021  14:47:40,846183;9,511217E-1;1,241871E-1;1,044624E-1;9,440117E-1;;
30/11/2021  14:47:40,846283;9,513392E-1;1,031608E-1;8,519056E-2;9,443129E-1;;
30/11/2021  14:47:40,846383;9,513005E-1;1,646467E-1;1,979783E-1;9,446104E-1;;
30/11/2021  14:47:40,846483;9,516611E-1;1,366117E-1;1,344760E-1;9,449042E-1;;
30/11/2021  14:47:40,846583;9,522452E-1;9,169190E-2;1,357397E-1;9,451940E-1;;
30/11/2021  14:47:40,846683;9,518250E-1;1,292843E-1;1,262617E-1;9,454798E-1;;
30/11/2021  14:47:40,846783;9,510114E-1;1,464877E-1;1,651214E-1;9,457615E-1;;
30/11/2021  14:47:40,846883;9,511932E-1;1,407532E-1;1,565912E-1;9,460388E-1;;
30/11/2021  14:47:40,846983;9,502008E-1;2,079736E-1;1,638576E-1;9,463113E-1;;
30/11/2021  14:47:40,847083;9,499504E-1;1,139925E-1;1,306848E-1;9,465787E-1;;
30/11/2021  14:47:40,847183;9,495868E-1;1,308772E-1;1,392149E-1;9,468405E-1;;
30/11/2021  14:47:40,847283;9,502961E-1;1,190898E-1;1,016190E-1;9,470961E-1;;
30/11/2021  14:47:40,847383;9,495749E-1;1,369303E-1;1,417424E-1;9,473450E-1;;
30/11/2021  14:47:40,847483;9,495749E-1;1,308772E-1;1,142563E-1;9,475868E-1;;
30/11/2021  14:47:40,847583;9,486927E-1;1,187712E-1;1,095173E-1;9,478210E-1;;
30/11/2021  14:47:40,847683;9,479387E-1;1,296029E-1;1,370034E-1;9,480472E-1;;
30/11/2021  14:47:40,847783;9,482338E-1;1,359745E-1;1,490088E-1;9,482646E-1;;
30/11/2021  14:47:40,847883;9,475602E-1;8,659462E-2;9,340479E-2;9,484726E-1;;
30/11/2021  14:47:40,847983;9,481473E-1;1,324701E-1;1,322644E-1;9,486709E-1;;
30/11/2021  14:47:40,848083;9,484573E-1;1,582751E-1;1,363715E-1;9,488588E-1;;
30/11/2021  14:47:40,848183;9,480251E-1;1,436204E-1;1,603824E-1;9,490362E-1;;
30/11/2021  14:47:40,848283;9,473933E-1;2,192288E-2;1,180475E-1;9,492026E-1;;
30/11/2021  14:47:40,848383;9,466155E-1;1,362931E-1;1,310007E-1;9,493579E-1;;
30/11/2021  14:47:40,848483;9,467078E-1;1,391603E-1;1,310007E-1;9,495017E-1;;
30/11/2021  14:47:40,848583;9,464128E-1;1,216384E-1;1,237343E-1;9,496337E-1;;
30/11/2021  14:47:40,848683;9,468151E-1;1,012493E-1;1,009872E-1;9,497535E-1;;
30/11/2021  14:47:40,848783;9,460373E-1;1,136739E-1;1,249980E-1;9,498610E-1;;
30/11/2021  14:47:40,848883;9,458436E-1;1,114439E-1;1,044624E-1;9,499561E-1;;
30/11/2021  14:47:40,848983;9,458942E-1;1,101695E-1;1,016190E-1;9,500386E-1;;
30/11/2021  14:47:40,849083;9,450419E-1;7,385142E-2;7,034176E-2;9,501084E-1;;
30/11/2021  14:47:40,849183;9,448303E-1;1,085766E-1;1,155200E-1;9,501654E-1;;
30/11/2021  14:47:40,849283;9,447498E-1;1,009307E-1;9,845971E-2;9,502095E-1;;
30/11/2021  14:47:40,849383;9,448899E-1;1,123996E-1;1,287892E-1;9,502406E-1;;
30/11/2021  14:47:40,849483;9,441805E-1;1,092138E-1;1,262617E-1;9,502588E-1;;
30/11/2021  14:47:40,849583;9,439242E-1;4,804644E-2;4,538313E-2;9,502641E-1;;
30/11/2021  14:47:40,849683;9,423477E-1;9,583344E-2;1,054102E-1;9,502566E-1;;
30/11/2021  14:47:40,849783;9,427083E-1;9,710776E-2;1,167838E-1;9,502361E-1;;
30/11/2021  14:47:40,849883;9,418023E-1;1,015679E-1;1,180475E-1;9,502026E-1;;
30/11/2021  14:47:40,849983;9,418052E-1;1,041165E-1;1,110970E-1;9,501559E-1;;
30/11/2021  14:47:40,850083;9,415042E-1;9,583344E-2;1,180475E-1;9,500961E-1;;
30/11/2021  14:47:40,850183;9,407502E-1;1,136739E-1;1,253139E-1;9,500231E-1;;
30/11/2021  14:47:40,850283;9,407234E-1;1,225942E-1;1,360556E-1;9,499370E-1;;
30/11/2021  14:47:40,850383;9,405237E-1;1,276914E-1;1,341600E-1;9,498378E-1;;
30/11/2021  14:47:40,850483;9,400290E-1;1,423461E-1;1,401627E-1;9,497257E-1;;
30/11/2021  14:47:40,850583;9,401959E-1;1,662396E-1;1,575390E-1;9,496007E-1;;
30/11/2021  14:47:40,850683;9,403747E-1;2,213540E-1;1,976624E-1;9,494631E-1;;
30/11/2021  14:47:40,850783;9,400141E-1;1,691068E-1;1,291051E-1;9,493133E-1;;
30/11/2021  14:47:40,850883;9,395462E-1;1,837615E-1;1,679647E-1;9,491516E-1;;
30/11/2021  14:47:40,850983;9,396147E-1;1,649653E-1;1,569071E-1;9,489785E-1;;
30/11/2021  14:47:40,851083;9,390723E-1;1,362931E-1;1,291051E-1;9,487944E-1;;
30/11/2021  14:47:40,851183;9,385329E-1;1,477620E-1;1,493248E-1;9,485996E-1;;
30/11/2021  14:47:40,851283;9,390395E-1;1,372488E-1;1,401627E-1;9,483947E-1;;
30/11/2021  14:47:40,851383;9,386074E-1;1,267357E-1;1,351078E-1;9,481801E-1;;
30/11/2021  14:47:40,851483;9,381395E-1;1,538150E-1;1,588027E-1;9,479562E-1;;
30/11/2021  14:47:40,851583;9,377282E-1;1,289658E-1;1,354238E-1;9,477236E-1;;
30/11/2021  14:47:40,851683;9,366762E-1;1,427696E-2;1,663332E-2;9,474828E-1;;
30/11/2021  14:47:40,851783;9,361099E-1;1,215178E-3;4,627903E-3;9,472340E-1;;
30/11/2021  14:47:40,851883;9,359043E-1;7,905358E-3;9,366883E-3;9,469774E-1;;
30/11/2021  14:47:40,851983;9,359311E-1;3,126658E-3;5,259767E-3;9,467135E-1;;
30/11/2021  14:47:40,852083;9,356986E-1;1,852338E-3;4,943835E-3;9,464423E-1;;
30/11/2021  14:47:40,852183;9,355168E-1;1,533758E-3;3,680107E-3;9,461643E-1;;
30/11/2021  14:47:40,852283;9,343307E-1;2,489498E-3;4,627903E-3;9,458799E-1;;
30/11/2021  14:47:40,852383;9,335170E-1;9,498258E-3;1,126247E-2;9,455892E-1;;
30/11/2021  14:47:40,852483;9,337942E-1;1,077258E-2;1,347400E-2;9,452925E-1;;
30/11/2021  14:47:40,852583;9,334515E-1;5,675298E-3;7,471291E-3;9,449900E-1;;
30/11/2021  14:47:40,852683;9,331475E-1;8,965980E-4;3,048243E-3;9,446818E-1;;
30/11/2021  14:47:40,852783;9,334664E-1;2,808078E-3;4,943835E-3;9,443683E-1;;
30/11/2021  14:47:40,852883;9,329120E-1;1,852338E-3;3,680107E-3;9,440498E-1;;
30/11/2021  14:47:40,852983;9,323815E-1;1,852338E-3;3,996039E-3;9,437266E-1;;
30/11/2021  14:47:40,853083;9,322087E-1;5,780180E-4;3,048243E-3;9,433991E-1;;
30/11/2021  14:47:40,853183;9,317706E-1;1,215178E-3;3,680107E-3;9,430677E-1;;
30/11/2021  14:47:40,853283;9,320686E-1;5,780180E-4;3,048243E-3;9,427326E-1;;
30/11/2021  14:47:40,853383;9,324560E-1;5,780180E-4;3,048243E-3;9,423941E-1;;
30/11/2021  14:47:40,853483;9,320805E-1;1,215178E-3;3,680107E-3;9,420529E-1;;
30/11/2021  14:47:40,853583;9,314398E-1;3,763818E-3;5,575699E-3;9,417094E-1;;
30/11/2021  14:47:40,853683;9,308407E-1;1,215178E-3;3,680107E-3;9,413640E-1;;
30/11/2021  14:47:40,853783;9,306261E-1;1,852338E-3;4,627903E-3;9,410171E-1;;
30/11/2021  14:47:40,853883;9,309093E-1;1,533758E-3;3,364175E-3;9,406692E-1;;
30/11/2021  14:47:40,853983;9,312580E-1;4,400978E-3;5,575699E-3;9,403204E-1;;
30/11/2021  14:47:40,854083;9,309957E-1;1,852338E-3;3,680107E-3;9,399714E-1;;
30/11/2021  14:47:40,854183;9,314487E-1;1,215178E-3;3,364175E-3;9,396226E-1;;
30/11/2021  14:47:40,854283;9,312818E-1;1,215178E-3;3,996039E-3;9,392746E-1;;
30/11/2021  14:47:40,854383;9,309123E-1;8,965980E-4;3,364175E-3;9,389279E-1;;
30/11/2021  14:47:40,854483;9,316245E-1;8,965980E-4;2,732311E-3;9,385833E-1;;
30/11/2021  14:47:40,854583;9,308974E-1;2,170918E-3;4,311971E-3;9,382411E-1;;
30/11/2021  14:47:40,854683;9,320060E-1;5,780180E-4;3,996039E-3;9,379020E-1;;
30/11/2021  14:47:40,854783;9,319017E-1;1,533758E-3;2,732311E-3;9,375667E-1;;
30/11/2021  14:47:40,854883;9,327451E-1;8,965980E-4;3,364175E-3;9,372358E-1;;
30/11/2021  14:47:40,854983;9,329001E-1;8,965980E-4;3,364175E-3;9,369100E-1;;
30/11/2021  14:47:40,855083;9,326408E-1;1,215178E-3;3,680107E-3;9,365903E-1;;
30/11/2021  14:47:40,855183;9,328882E-1;2,489498E-3;4,943835E-3;9,362772E-1;;
30/11/2021  14:47:40,855283;9,334068E-1;8,861098E-3;9,998747E-3;9,359715E-1;;
30/11/2021  14:47:40,855383;9,344797E-1;1,013542E-2;1,600145E-2;9,356739E-1;;
30/11/2021  14:47:40,855483;9,344528E-1;1,332122E-2;1,505366E-2;9,353853E-1;;
30/11/2021  14:47:40,855583;9,348343E-1;1,714418E-2;2,168823E-2;9,351064E-1;;
30/11/2021  14:47:40,855683;9,349982E-1;1,618844E-2;2,010857E-2;9,348380E-1;;
30/11/2021  14:47:40,855783;9,351026E-1;1,586986E-2;1,916077E-2;9,345809E-1;;
30/11/2021  14:47:40,855883;9,351800E-1;1,586986E-2;1,789705E-2;9,343357E-1;;
30/11/2021  14:47:40,855983;9,364795E-1;1,841850E-2;2,137230E-2;9,341030E-1;;
30/11/2021  14:47:40,856083;9,373825E-1;1,413904E-1;1,158360E-1;9,338834E-1;;
30/11/2021  14:47:40,856183;9,383362E-1;1,241871E-1;1,325804E-1;9,336778E-1;;
30/11/2021  14:47:40,856283;9,381365E-1;3,211744E-2;4,411940E-2;9,334869E-1;;
30/11/2021  14:47:40,856383;9,383779E-1;1,241871E-1;1,234183E-1;9,333114E-1;;
30/11/2021  14:47:40,856483;9,382766E-1;1,136739E-1;9,624818E-2;9,331520E-1;;
30/11/2021  14:47:40,856583;9,390336E-1;2,160430E-2;3,053433E-2;9,330092E-1;;
30/11/2021  14:47:40,856683;9,396863E-1;1,057094E-1;1,063580E-1;9,328833E-1;;
30/11/2021  14:47:40,856783;9,403985E-1;1,092138E-1;1,215227E-1;9,327749E-1;;
30/11/2021  14:47:40,856883;9,410602E-1;3,763818E-3;4,980618E-2;9,326842E-1;;
30/11/2021  14:47:40,856983;9,410363E-1;1,219570E-1;1,502726E-1;9,326119E-1;;
30/11/2021  14:47:40,857083;9,418857E-1;1,652839E-1;2,245166E-1;9,325581E-1;;
30/11/2021  14:47:40,857183;9,414953E-1;1,483991E-1;1,512204E-1;9,325232E-1;;
30/11/2021  14:47:40,857283;9,424579E-1;1,477620E-1;1,575390E-1;9,325073E-1;;
30/11/2021  14:47:40,857383;9,431523E-1;1,311958E-1;1,322644E-1;9,325105E-1;;
30/11/2021  14:47:40,857483;9,441060E-1;1,366117E-1;1,319485E-1;9,325330E-1;;
30/11/2021  14:47:40,857583;9,438915E-1;1,200455E-1;1,249980E-1;9,325748E-1;;
30/11/2021  14:47:40,857683;9,439421E-1;1,331073E-1;1,300529E-1;9,326361E-1;;
30/11/2021  14:47:40,857783;9,445471E-1;1,302401E-1;1,294210E-1;9,327167E-1;;
30/11/2021  14:47:40,857883;9,442163E-1;1,321516E-1;1,284732E-1;9,328164E-1;;
30/11/2021  14:47:40,857983;9,452713E-1;1,216384E-1;1,215227E-1;9,329350E-1;;
30/11/2021  14:47:40,858083;9,460045E-1;1,229127E-1;1,319485E-1;9,330721E-1;;
30/11/2021  14:47:40,858183;9,464575E-1;1,254614E-1;1,133085E-1;9,332275E-1;;
30/11/2021  14:47:40,858283;9,462310E-1;1,292843E-1;1,335282E-1;9,334009E-1;;
30/11/2021  14:47:40,858383;9,455634E-1;1,448948E-1;1,445858E-1;9,335919E-1;;
30/11/2021  14:47:40,858483;9,461833E-1;1,942747E-1;1,426902E-1;9,337998E-1;;
30/11/2021  14:47:40,858583;9,457571E-1;1,410718E-1;1,344760E-1;9,340241E-1;;
30/11/2021  14:47:40,858683;9,464873E-1;1,232313E-1;1,483770E-1;9,342639E-1;;
30/11/2021  14:47:40,858783;9,473486E-1;1,276914E-1;1,221546E-1;9,345184E-1;;
30/11/2021  14:47:40,858883;9,473874E-1;1,767528E-1;1,963986E-1;9,347869E-1;;
30/11/2021  14:47:40,858983;9,468449E-1;1,499920E-1;1,534319E-1;9,350687E-1;;
30/11/2021  14:47:40,859083;9,466333E-1;1,232313E-1;1,246821E-1;9,353630E-1;;
30/11/2021  14:47:40,859183;9,470327E-1;1,194084E-1;1,347919E-1;9,356688E-1;;
30/11/2021  14:47:40,859283;9,465529E-1;1,152668E-1;1,268936E-1;9,359851E-1;;
30/11/2021  14:47:40,859383;9,471638E-1;7,257710E-2;6,528685E-2;9,363109E-1;;
30/11/2021  14:47:40,859483;9,474499E-1;1,181340E-1;1,246821E-1;9,366452E-1;;
30/11/2021  14:47:40,859583;9,476079E-1;1,050723E-1;9,751191E-2;9,369870E-1;;
30/11/2021  14:47:40,859683;9,471102E-1;1,009307E-1;8,929768E-2;9,373354E-1;;
30/11/2021  14:47:40,859783;9,468092E-1;1,108067E-1;1,183634E-1;9,376893E-1;;
30/11/2021  14:47:40,859883;9,468807E-1;1,308772E-1;1,426902E-1;9,380477E-1;;
30/11/2021  14:47:40,859983;9,465737E-1;-2,936850E-2;3,969635E-2;9,384095E-1;;
30/11/2021  14:47:40,860083;9,469075E-1;9,328480E-2;1,035146E-1;9,387737E-1;;
30/11/2021  14:47:40,860183;9,477629E-1;7,799296E-2;1,044624E-1;9,391391E-1;;
30/11/2021  14:47:40,860283;9,470685E-1;9,551486E-2;1,167838E-1;9,395048E-1;;
30/11/2021  14:47:40,860383;9,468449E-1;1,366117E-1;1,632258E-1;9,398699E-1;;
30/11/2021  14:47:40,860483;9,464277E-1;7,544432E-2;9,498445E-2;9,402336E-1;;
30/11/2021  14:47:40,860583;9,469492E-1;7,193994E-2;9,561632E-2;9,405948E-1;;
30/11/2021  14:47:40,860683;9,468956E-1;9,073616E-2;1,098333E-1;9,409526E-1;;
30/11/2021  14:47:40,860783;9,471102E-1;5,728526E-2;6,844617E-2;9,413061E-1;;
30/11/2021  14:47:40,860883;9,473933E-1;1,260985E-1;1,246821E-1;9,416548E-1;;
30/11/2021  14:47:40,860983;9,470178E-1;1,378860E-1;1,227865E-1;9,419977E-1;;
30/11/2021  14:47:40,861083;9,469314E-1;1,474434E-1;1,268936E-1;9,423345E-1;;
30/11/2021  14:47:40,861183;9,472562E-1;1,926818E-1;2,197776E-1;9,426643E-1;;
30/11/2021  14:47:40,861283;9,474052E-1;9,041758E-2;1,054102E-1;9,429867E-1;;
30/11/2021  14:47:40,861383;9,473158E-1;1,149482E-1;1,009872E-1;9,433012E-1;;
30/11/2021  14:47:40,861483;9,468867E-1;1,560451E-1;1,540637E-1;9,436073E-1;;
30/11/2021  14:47:40,861583;9,470208E-1;1,222756E-1;1,452176E-1;9,439046E-1;;
30/11/2021  14:47:40,861683;9,467019E-1;1,050723E-1;9,530039E-2;9,441928E-1;;
30/11/2021  14:47:40,861783;9,466542E-1;8,850610E-2;8,329497E-2;9,444713E-1;;
30/11/2021  14:47:40,861883;9,459806E-1;1,213198E-1;1,180475E-1;9,447399E-1;;
30/11/2021  14:47:40,861983;9,466155E-1;1,264171E-1;1,180475E-1;9,449981E-1;;
30/11/2021  14:47:40,862083;9,461565E-1;1,025236E-1;1,101492E-1;9,452455E-1;;
30/11/2021  14:47:40,862183;9,468509E-1;1,076209E-1;9,972343E-2;9,454819E-1;;
30/11/2021  14:47:40,862283;9,468151E-1;1,037979E-1;1,025668E-1;9,457072E-1;;
30/11/2021  14:47:40,862383;9,464217E-1;1,117624E-1;1,092014E-1;9,459211E-1;;
30/11/2021  14:47:40,862483;9,464635E-1;1,133553E-1;1,060421E-1;9,461237E-1;;
30/11/2021  14:47:40,862583;9,462161E-1;1,194084E-1;1,164678E-1;9,463149E-1;;
30/11/2021  14:47:40,862683;9,465231E-1;1,216384E-1;1,170997E-1;9,464947E-1;;
30/11/2021  14:47:40,862783;9,468449E-1;1,213198E-1;1,423743E-1;9,466631E-1;;
30/11/2021  14:47:40,862883;9,467973E-1;7,098420E-2;7,413294E-2;9,468201E-1;;
30/11/2021  14:47:40,862983;9,466304E-1;1,283286E-1;1,275255E-1;9,469661E-1;;
30/11/2021  14:47:40,863083;9,460790E-1;1,251428E-1;1,199431E-1;9,471010E-1;;
30/11/2021  14:47:40,863183;9,455932E-1;9,455912E-2;8,645429E-2;9,472252E-1;;
30/11/2021  14:47:40,863283;9,451432E-1;1,222756E-1;1,249980E-1;9,473386E-1;;
30/11/2021  14:47:40,863383;9,454800E-1;1,331073E-1;1,347919E-1;9,474412E-1;;
30/11/2021  14:47:40,863483;9,455157E-1;1,280100E-1;1,196272E-1;9,475330E-1;;
30/11/2021  14:47:40,863583;9,450389E-1;1,210013E-1;1,322644E-1;9,476143E-1;;
30/11/2021  14:47:40,863683;9,449018E-1;1,165411E-1;1,227865E-1;9,476850E-1;;
30/11/2021  14:47:40,863783;9,447945E-1;1,238685E-1;1,202590E-1;9,477453E-1;;
30/11/2021  14:47:40,863883;9,444190E-1;1,560451E-1;1,812339E-1;9,477953E-1;;
30/11/2021  14:47:40,863983;9,444935E-1;7,289568E-2;7,065769E-2;9,478351E-1;;
30/11/2021  14:47:40,864083;9,444667E-1;-7,705062E-3;-8,009377E-3;9,478649E-1;;
30/11/2021  14:47:40,864183;9,447230E-1;1,085766E-1;1,022509E-1;9,478848E-1;;
30/11/2021  14:47:40,864283;9,439064E-1;4,008194E-2;1,884484E-2;9,478950E-1;;
30/11/2021  14:47:40,864383;9,435010E-1;1,123996E-1;1,016190E-1;9,478958E-1;;
30/11/2021  14:47:40,864483;9,428722E-1;1,267357E-1;1,420583E-1;9,478874E-1;;
30/11/2021  14:47:40,864583;9,424877E-1;1,311958E-1;1,287892E-1;9,478696E-1;;
30/11/2021  14:47:40,864683;9,427053E-1;2,925022E-2;5,928414E-2;9,478427E-1;;
30/11/2021  14:47:40,864783;9,423983E-1;1,200455E-1;1,196272E-1;9,478067E-1;;
30/11/2021  14:47:40,864883;9,421212E-1;8,755036E-2;8,613836E-2;9,477616E-1;;
30/11/2021  14:47:40,864983;9,414983E-1;1,640096E-1;1,976624E-1;9,477076E-1;;
30/11/2021  14:47:40,865083;9,409767E-1;1,181340E-1;1,193112E-1;9,476447E-1;;
30/11/2021  14:47:40,865183;9,405595E-1;1,311958E-1;1,262617E-1;9,475730E-1;;
30/11/2021  14:47:40,865283;9,402495E-1;1,197269E-1;1,253139E-1;9,474925E-1;;
30/11/2021  14:47:40,865383;9,396207E-1;1,206827E-1;1,297370E-1;9,474030E-1;;
30/11/2021  14:47:40,865483;9,402316E-1;1,232313E-1;1,227865E-1;9,473047E-1;;
30/11/2021  14:47:40,865583;9,392780E-1;1,327887E-1;1,275255E-1;9,471975E-1;;
30/11/2021  14:47:40,865683;9,391558E-1;1,334259E-1;1,319485E-1;9,470815E-1;;
30/11/2021  14:47:40,865783;9,386461E-1;1,104881E-1;9,245700E-2;9,469568E-1;;
30/11/2021  14:47:40,865883;9,379160E-1;1,210013E-1;1,360556E-1;9,468234E-1;;
30/11/2021  14:47:40,865983;9,376209E-1;1,311958E-1;1,392149E-1;9,466814E-1;;
30/11/2021  14:47:40,866083;9,376179E-1;1,433019E-1;1,499566E-1;9,465307E-1;;
30/11/2021  14:47:40,866183;9,373825E-1;1,254614E-1;1,240502E-1;9,463714E-1;;
30/11/2021  14:47:40,866283;9,372305E-1;1,276914E-1;1,509044E-1;9,462036E-1;;
30/11/2021  14:47:40,866383;9,370576E-1;1,213198E-1;1,316326E-1;9,460274E-1;;
30/11/2021  14:47:40,866483;9,364795E-1;1,276914E-1;1,243661E-1;9,458431E-1;;
30/11/2021  14:47:40,866583;9,364586E-1;1,162226E-1;1,287892E-1;9,456508E-1;;
30/11/2021  14:47:40,866683;9,356658E-1;1,133553E-1;1,013031E-1;9,454508E-1;;
30/11/2021  14:47:40,866783;9,359609E-1;1,251428E-1;1,123607E-1;9,452432E-1;;
30/11/2021  14:47:40,866883;9,360741E-1;1,426647E-1;1,670170E-1;9,450282E-1;;
30/11/2021  14:47:40,866983;9,355913E-1;1,452133E-1;1,404787E-1;9,448063E-1;;
30/11/2021  14:47:40,867083;9,353678E-1;1,366117E-1;1,316326E-1;9,445777E-1;;
30/11/2021  14:47:40,867183;9,351294E-1;1,286472E-1;1,158360E-1;9,443427E-1;;
30/11/2021  14:47:40,867283;9,352814E-1;8,309024E-2;8,424277E-2;9,441018E-1;;
30/11/2021  14:47:40,867383;9,349714E-1;1,171783E-1;9,688005E-2;9,438553E-1;;
30/11/2021  14:47:40,867483;9,352069E-1;1,127182E-1;1,995579E-1;9,436037E-1;;
30/11/2021  14:47:40,867583;9,353499E-1;5,675298E-3;8,487463E-2;9,433473E-1;;
30/11/2021  14:47:40,867683;9,361099E-1;1,394789E-1;1,768108E-1;9,430869E-1;;
30/11/2021  14:47:40,867783;9,355407E-1;1,512664E-1;1,606983E-1;9,428229E-1;;
30/11/2021  14:47:40,867883;9,352039E-1;1,356559E-1;1,287892E-1;9,425562E-1;;
30/11/2021  14:47:40,867983;9,354006E-1;1,200455E-1;1,262617E-1;9,422873E-1;;
30/11/2021  14:47:40,868083;9,360205E-1;1,194084E-1;1,212068E-1;9,420168E-1;;
30/11/2021  14:47:40,868183;9,366404E-1;9,997498E-2;8,929768E-2;9,417455E-1;;
30/11/2021  14:47:40,868283;9,365242E-1;9,169190E-2;9,245700E-2;9,414742E-1;;
30/11/2021  14:47:40,868383;9,364944E-1;1,251428E-1;1,284732E-1;9,412036E-1;;
30/11/2021  14:47:40,868483;9,363751E-1;1,283286E-1;1,249980E-1;9,409346E-1;;
30/11/2021  14:47:40,868583;9,366463E-1;1,503106E-1;1,268936E-1;9,406679E-1;;
30/11/2021  14:47:40,868683;9,363930E-1;1,066652E-1;1,088855E-1;9,404041E-1;;
30/11/2021  14:47:40,868783;9,373378E-1;1,315144E-1;1,395309E-1;9,401441E-1;;
30/11/2021  14:47:40,868883;9,377818E-1;1,531778E-1;1,199431E-1;9,398885E-1;;
30/11/2021  14:47:40,868983;9,384703E-1;6,939130E-2;8,361090E-2;9,396381E-1;;
30/11/2021  14:47:40,869083;9,380322E-1;1,977790E-1;1,986102E-1;9,393937E-1;;
30/11/2021  14:47:40,869183;9,376954E-1;1,302401E-1;1,319485E-1;9,391562E-1;;
30/11/2021  14:47:40,869283;9,380143E-1;1,270543E-1;1,278414E-1;9,389261E-1;;
30/11/2021  14:47:40,869383;9,388220E-1;1,251428E-1;1,287892E-1;9,387041E-1;;
30/11/2021  14:47:40,869483;9,392809E-1;1,213198E-1;1,199431E-1;9,384907E-1;;
30/11/2021  14:47:40,869583;9,395790E-1;8,723178E-2;1,129926E-1;9,382867E-1;;
30/11/2021  14:47:40,869683;9,394806E-1;1,133553E-1;1,253139E-1;9,380925E-1;;
30/11/2021  14:47:40,869783;9,392690E-1;1,063466E-1;1,136244E-1;9,379089E-1;;
30/11/2021  14:47:40,869883;9,390336E-1;1,082581E-1;1,120448E-1;9,377363E-1;;
30/11/2021  14:47:40,869983;9,392243E-1;1,108067E-1;1,133085E-1;9,375749E-1;;
30/11/2021  14:47:40,870083;9,399962E-1;1,194084E-1;1,256299E-1;9,374250E-1;;
30/11/2021  14:47:40,870183;9,396237E-1;9,838208E-2;1,392149E-1;9,372868E-1;;
30/11/2021  14:47:40,870283;9,399813E-1;1,060280E-1;1,120448E-1;9,371606E-1;;
30/11/2021  14:47:40,870383;9,397935E-1;1,025236E-1;1,234183E-1;9,370464E-1;;
30/11/2021  14:47:40,870483;9,397578E-1;1,397975E-1;1,963986E-1;9,369444E-1;;
30/11/2021  14:47:40,870583;9,396117E-1;-4,147454E-2;3,242992E-2;9,368544E-1;;
30/11/2021  14:47:40,870683;9,400618E-1;1,015679E-1;1,227865E-1;9,367765E-1;;
30/11/2021  14:47:40,870783;9,403300E-1;1,050723E-1;1,373193E-1;9,367104E-1;;
30/11/2021  14:47:40,870883;9,409618E-1;1,203641E-1;1,291051E-1;9,366561E-1;;
30/11/2021  14:47:40,870983;9,409767E-1;1,477620E-1;1,597505E-1;9,366135E-1;;
30/11/2021  14:47:40,871083;9,409767E-1;1,824872E-1;1,907119E-1;9,365825E-1;;
30/11/2021  14:47:40,871183;9,403807E-1;1,684697E-1;1,613302E-1;9,365631E-1;;
30/11/2021  14:47:40,871283;9,398532E-1;1,939561E-1;1,843932E-1;9,365548E-1;;
30/11/2021  14:47:40,871383;9,402883E-1;1,901331E-1;1,824976E-1;9,365574E-1;;
30/11/2021  14:47:40,871483;9,407115E-1;1,136739E-1;1,145722E-1;9,365703E-1;;
30/11/2021  14:47:40,871583;9,409499E-1;1,748413E-1;1,720719E-1;9,365932E-1;;
30/11/2021  14:47:40,871683;9,406101E-1;2,128572E-2;1,979264E-2;9,366257E-1;;
30/11/2021  14:47:40,871783;9,406221E-1;1,852338E-3;3,364175E-3;9,366673E-1;;
30/11/2021  14:47:40,871883;9,406221E-1;5,675298E-3;7,471291E-3;9,367177E-1;;
30/11/2021  14:47:40,871983;9,407979E-1;8,861098E-3;1,063061E-2;9,367762E-1;;
30/11/2021  14:47:40,872083;9,413850E-1;7,905358E-3;8,735019E-3;9,368426E-1;;
30/11/2021  14:47:40,872183;9,415549E-1;4,400978E-3;6,839427E-3;9,369163E-1;;
30/11/2021  14:47:40,872283;9,417039E-1;8,861098E-3;1,094654E-2;9,369970E-1;;
30/11/2021  14:47:40,872383;9,412062E-1;1,077258E-2;1,473773E-2;9,370844E-1;;
30/11/2021  14:47:40,872483;9,415847E-1;9,816838E-3;1,094654E-2;9,371780E-1;;
30/11/2021  14:47:40,872583;9,415847E-1;4,400978E-3;6,523495E-3;9,372774E-1;;
30/11/2021  14:47:40,872683;9,411675E-1;4,400978E-3;6,207563E-3;9,373822E-1;;
30/11/2021  14:47:40,872783;9,419721E-1;2,808078E-3;4,943835E-3;9,374920E-1;;
30/11/2021  14:47:40,872883;9,423983E-1;3,126658E-3;5,259767E-3;9,376063E-1;;
30/11/2021  14:47:40,872983;9,428841E-1;1,852338E-3;3,996039E-3;9,377248E-1;;
30/11/2021  14:47:40,873083;9,423238E-1;1,533758E-3;4,627903E-3;9,378473E-1;;
30/11/2021  14:47:40,873183;9,426040E-1;1,533758E-3;3,996039E-3;9,379735E-1;;
30/11/2021  14:47:40,873283;9,428424E-1;1,533758E-3;3,364175E-3;9,381031E-1;;
30/11/2021  14:47:40,873383;9,426189E-1;5,675298E-3;7,471291E-3;9,382359E-1;;
30/11/2021  14:47:40,873483;9,439928E-1;1,852338E-3;3,996039E-3;9,383715E-1;;
30/11/2021  14:47:40,873583;9,438229E-1;1,215178E-3;3,680107E-3;9,385099E-1;;
30/11/2021  14:47:40,873683;9,434742E-1;3,126658E-3;5,575699E-3;9,386508E-1;;
30/11/2021  14:47:40,873783;9,436799E-1;2,808078E-3;5,575699E-3;9,387941E-1;;
30/11/2021  14:47:40,873883;9,433550E-1;1,533758E-3;3,680107E-3;9,389397E-1;;
30/11/2021  14:47:40,873983;9,426010E-1;1,533758E-3;3,680107E-3;9,390871E-1;;
30/11/2021  14:47:40,874083;9,430093E-1;8,965980E-4;3,048243E-3;9,392362E-1;;
30/11/2021  14:47:40,874183;9,431523E-1;1,215178E-3;3,048243E-3;9,393863E-1;;
30/11/2021  14:47:40,874283;9,437216E-1;1,533758E-3;3,364175E-3;9,395372E-1;;
30/11/2021  14:47:40,874383;9,431672E-1;5,780180E-4;3,364175E-3;9,396886E-1;;
30/11/2021  14:47:40,874483;9,433371E-1;1,533758E-3;3,048243E-3;9,398401E-1;;
30/11/2021  14:47:40,874583;9,430451E-1;1,215178E-3;3,680107E-3;9,399915E-1;;
30/11/2021  14:47:40,874683;9,426338E-1;1,215178E-3;3,364175E-3;9,401424E-1;;
30/11/2021  14:47:40,874783;9,429765E-1;1,215178E-3;3,364175E-3;9,402923E-1;;
30/11/2021  14:47:40,874883;9,435875E-1;5,780180E-4;3,996039E-3;9,404410E-1;;
30/11/2021  14:47:40,874983;9,432209E-1;5,780180E-4;2,732311E-3;9,405881E-1;;
30/11/2021  14:47:40,875083;9,428275E-1;1,215178E-3;3,364175E-3;9,407334E-1;;
30/11/2021  14:47:40,875183;9,427768E-1;1,215178E-3;3,048243E-3;9,408766E-1;;
30/11/2021  14:47:40,875283;9,422374E-1;4,082398E-3;9,998747E-3;9,410172E-1;;
30/11/2021  14:47:40,875383;9,423238E-1;1,215178E-3;4,311971E-3;9,411550E-1;;
30/11/2021  14:47:40,875483;9,425771E-1;4,400978E-3;7,471291E-3;9,412896E-1;;
30/11/2021  14:47:40,875583;9,425265E-1;1,491412E-2;1,821298E-2;9,414205E-1;;
30/11/2021  14:47:40,875683;9,421569E-1;1,969282E-2;2,263603E-2;9,415476E-1;;
30/11/2021  14:47:40,875783;9,418619E-1;1,555128E-2;1,694925E-2;9,416706E-1;;
30/11/2021  14:47:40,875883;9,415281E-1;1,650702E-2;1,726518E-2;9,417890E-1;;
30/11/2021  14:47:40,875983;9,413165E-1;2,415294E-2;2,421569E-2;9,419026E-1;;
30/11/2021  14:47:40,876083;9,402942E-1;9,498258E-3;1,347400E-2;9,420110E-1;;
30/11/2021  14:47:40,876183;9,407443E-1;1,204690E-2;1,252620E-2;9,421137E-1;;
30/11/2021  14:47:40,876283;9,407353E-1;6,843556E-2;8,013565E-2;9,422103E-1;;
30/11/2021  14:47:40,876383;9,402674E-1;1,041165E-1;1,382671E-1;9,423005E-1;;
30/11/2021  14:47:40,876483;9,396296E-1;1,155854E-1;9,624818E-2;9,423839E-1;;
30/11/2021  14:47:40,876583;9,387326E-1;1,006121E-1;1,246821E-1;9,424601E-1;;
30/11/2021  14:47:40,876683;9,386938E-1;8,086018E-2;9,435259E-2;9,425287E-1;;
30/11/2021  14:47:40,876783;9,386461E-1;1,523270E-2;1,758111E-2;9,425892E-1;;
30/11/2021  14:47:40,876883;9,383868E-1;1,375674E-1;1,310007E-1;9,426412E-1;;
30/11/2021  14:47:40,876983;9,381395E-1;1,251428E-1;1,246821E-1;9,426844E-1;;
30/11/2021  14:47:40,877083;9,373914E-1;1,015679E-1;1,174156E-1;9,427184E-1;;
30/11/2021  14:47:40,877183;9,373408E-1;1,270543E-1;1,272095E-1;9,427429E-1;;
30/11/2021  14:47:40,877283;9,366165E-1;1,264171E-1;1,275255E-1;9,427576E-1;;
30/11/2021  14:47:40,877383;9,361457E-1;1,213198E-1;1,180475E-1;9,427623E-1;;
30/11/2021  14:47:40,877483;9,365420E-1;1,130368E-1;1,120448E-1;9,427565E-1;;
30/11/2021  14:47:40,877583;9,365867E-1;1,037979E-1;1,107811E-1;9,427402E-1;;
30/11/2021  14:47:40,877683;9,362380E-1;1,225942E-1;1,189953E-1;9,427131E-1;;
30/11/2021  14:47:40,877783;9,361963E-1;1,299215E-1;1,316326E-1;9,426754E-1;;
30/11/2021  14:47:40,877883;9,356420E-1;1,420275E-1;9,150920E-2;9,426269E-1;;
30/11/2021  14:47:40,877983;9,355764E-1;1,576380E-1;1,755471E-1;9,425679E-1;;
30/11/2021  14:47:40,878083;9,351234E-1;1,681511E-1;2,144068E-1;9,424982E-1;;
30/11/2021  14:47:40,878183;9,359579E-1;5,441804E-2;6,813023E-2;9,424182E-1;;
30/11/2021  14:47:40,878283;9,356450E-1;1,311958E-1;1,341600E-1;9,423279E-1;;
30/11/2021  14:47:40,878383;9,359400E-1;1,210013E-1;1,028828E-1;9,422277E-1;;
30/11/2021  14:47:40,878483;9,353767E-1;1,391603E-1;1,310007E-1;9,421180E-1;;
30/11/2021  14:47:40,878583;9,360861E-1;1,111253E-1;1,199431E-1;9,419992E-1;;
30/11/2021  14:47:40,878683;9,356867E-1;1,171783E-1;1,328963E-1;9,418718E-1;;
30/11/2021  14:47:40,878783;9,352903E-1;1,127182E-1;9,119327E-2;9,417364E-1;;
30/11/2021  14:47:40,878883;9,361129E-1;1,136739E-1;1,041465E-1;9,415934E-1;;
30/11/2021  14:47:40,878983;9,359817E-1;1,579565E-1;1,648054E-1;9,414434E-1;;
30/11/2021  14:47:40,879083;9,359609E-1;1,340630E-1;1,158360E-1;9,412871E-1;;
30/11/2021  14:47:40,879183;9,356211E-1;1,410718E-1;1,313166E-1;9,411251E-1;;
30/11/2021  14:47:40,879283;9,354572E-1;1,461691E-1;1,069899E-1;9,409580E-1;;
30/11/2021  14:47:40,879383;9,354036E-1;1,388417E-1;1,480610E-1;9,407863E-1;;
30/11/2021  14:47:40,879483;9,358089E-1;1,117624E-1;9,845971E-2;9,406107E-1;;
30/11/2021  14:47:40,879583;9,355258E-1;1,315144E-1;1,455336E-1;9,404317E-1;;
30/11/2021  14:47:40,879683;9,361099E-1;-4,912046E-2;1,726518E-2;9,402499E-1;;
30/11/2021  14:47:40,879783;9,355436E-1;1,254614E-1;1,616461E-1;9,400660E-1;;
30/11/2021  14:47:40,879883;9,348284E-1;5,919674E-2;1,278414E-1;9,398804E-1;;
30/11/2021  14:47:40,879983;9,347270E-1;1,178155E-1;1,202590E-1;9,396937E-1;;
30/11/2021  14:47:40,880083;9,346794E-1;8,532030E-2;1,000394E-1;9,395062E-1;;
30/11/2021  14:47:40,880183;9,356271E-1;9,551486E-2;1,066739E-1;9,393184E-1;;
30/11/2021  14:47:40,880283;9,354453E-1;8,914326E-2;1,009872E-1;9,391306E-1;;
30/11/2021  14:47:40,880383;9,354453E-1;9,965640E-2;1,057261E-1;9,389433E-1;;
30/11/2021  14:47:40,880483;9,352963E-1;9,073616E-2;1,013031E-1;9,387571E-1;;
30/11/2021  14:47:40,880583;9,347807E-1;9,360338E-2;1,028828E-1;9,385723E-1;;
30/11/2021  14:47:40,880683;9,348284E-1;8,532030E-2;7,318515E-2;9,383894E-1;;
30/11/2021  14:47:40,880783;9,353201E-1;8,755036E-2;8,582243E-2;9,382086E-1;;
30/11/2021  14:47:40,880883;9,350549E-1;9,615202E-2;1,009872E-1;9,380302E-1;;
30/11/2021  14:47:40,880983;9,353767E-1;-2,809418E-2;4,253974E-2;9,378547E-1;;
30/11/2021  14:47:40,881083;9,352188E-1;8,691320E-2;8,487463E-2;9,376824E-1;;
30/11/2021  14:47:40,881183;9,353946E-1;1,178155E-1;1,610142E-1;9,375135E-1;;
30/11/2021  14:47:40,881283;9,346883E-1;1,528593E-1;1,982942E-1;9,373483E-1;;
30/11/2021  14:47:40,881383;9,347181E-1;1,245056E-1;1,240502E-1;9,371872E-1;;
30/11/2021  14:47:40,881483;9,349714E-1;1,388417E-1;1,262617E-1;9,370302E-1;;
30/11/2021  14:47:40,881583;9,346972E-1;1,369303E-1;1,265777E-1;9,368775E-1;;
30/11/2021  14:47:40,881683;9,355675E-1;1,550893E-1;1,388990E-1;9,367292E-1;;
30/11/2021  14:47:40,881783;9,352218E-1;1,643281E-1;1,490088E-1;9,365855E-1;;
30/11/2021  14:47:40,881883;9,345780E-1;1,098510E-1;1,022509E-1;9,364467E-1;;
30/11/2021  14:47:40,881983;9,340952E-1;1,302401E-1;1,265777E-1;9,363127E-1;;
30/11/2021  14:47:40,882083;9,342144E-1;1,273729E-1;1,240502E-1;9,361835E-1;;
30/11/2021  14:47:40,882183;9,353350E-1;1,241871E-1;1,180475E-1;9,360592E-1;;
30/11/2021  14:47:40,882283;9,349863E-1;2,606442E-2;2,232009E-2;9,359397E-1;;
30/11/2021  14:47:40,882383;9,349386E-1;1,015679E-1;7,666040E-2;9,358250E-1;;
30/11/2021  14:47:40,882483;9,353022E-1;1,155854E-1;1,259458E-1;9,357154E-1;;
30/11/2021  14:47:40,882583;9,352158E-1;5,123224E-2;4,380347E-2;9,356108E-1;;
30/11/2021  14:47:40,882683;9,352933E-1;-2,681986E-2;-4,118224E-2;9,355114E-1;;
30/11/2021  14:47:40,882783;9,353052E-1;1,025236E-1;1,047783E-1;9,354171E-1;;
30/11/2021  14:47:40,882883;9,359519E-1;1,155854E-1;1,019350E-1;9,353281E-1;;
30/11/2021  14:47:40,882983;9,365480E-1;1,066652E-1;1,044624E-1;9,352445E-1;;
30/11/2021  14:47:40,883083;9,367328E-1;-1,333462E-3;1,221027E-2;9,351664E-1;;
30/11/2021  14:47:40,883183;9,359668E-1;1,296029E-1;1,385831E-1;9,350942E-1;;
30/11/2021  14:47:40,883283;9,369861E-1;1,210013E-1;1,202590E-1;9,350279E-1;;
30/11/2021  14:47:40,883383;9,370010E-1;1,353374E-1;1,442698E-1;9,349676E-1;;
30/11/2021  14:47:40,883483;9,370666E-1;1,305587E-1;1,287892E-1;9,349137E-1;;
30/11/2021  14:47:40,883583;9,382766E-1;1,232313E-1;1,265777E-1;9,348661E-1;;
30/11/2021  14:47:40,883683;9,387206E-1;1,085766E-1;1,092014E-1;9,348253E-1;;
30/11/2021  14:47:40,883783;9,391677E-1;1,111253E-1;8,455870E-2;9,347915E-1;;
30/11/2021  14:47:40,883883;9,388667E-1;9,774492E-2;6,718244E-2;9,347651E-1;;
30/11/2021  14:47:40,883983;9,383839E-1;1,296029E-1;1,259458E-1;9,347464E-1;;
30/11/2021  14:47:40,884083;9,394747E-1;1,257800E-1;1,262617E-1;9,347355E-1;;
30/11/2021  14:47:40,884183;9,395283E-1;1,232313E-1;1,199431E-1;9,347327E-1;;
30/11/2021  14:47:40,884283;9,406012E-1;1,245056E-1;1,265777E-1;9,347380E-1;;
30/11/2021  14:47:40,884383;9,406101E-1;1,356559E-1;1,366875E-1;9,347517E-1;;
30/11/2021  14:47:40,884483;9,404403E-1;1,987348E-1;2,292556E-1;9,347741E-1;;
30/11/2021  14:47:40,884583;9,413165E-1;1,366117E-1;1,531159E-1;9,348054E-1;;
30/11/2021  14:47:40,884683;9,403181E-1;5,346230E-2;1,066739E-1;9,348456E-1;;
30/11/2021  14:47:40,884783;9,404939E-1;1,296029E-1;1,325804E-1;9,348947E-1;;
30/11/2021  14:47:40,884883;9,412628E-1;1,203641E-1;1,253139E-1;9,349528E-1;;
30/11/2021  14:47:40,884983;9,423626E-1;1,187712E-1;1,098333E-1;9,350197E-1;;
30/11/2021  14:47:40,885083;9,418112E-1;1,280100E-1;1,208909E-1;9,350954E-1;;
30/11/2021  14:47:40,885183;9,421331E-1;1,245056E-1;1,202590E-1;9,351800E-1;;
30/11/2021  14:47:40,885283;9,425146E-1;1,018865E-1;9,466852E-2;9,352734E-1;;
30/11/2021  14:47:40,885383;9,418559E-1;1,353374E-1;1,742834E-1;9,353755E-1;;
30/11/2021  14:47:40,885483;9,425444E-1;1,375674E-1;1,464814E-1;9,354861E-1;;
30/11/2021  14:47:40,885583;9,433729E-1;9,838208E-2;1,212068E-1;9,356050E-1;;
30/11/2021  14:47:40,885683;9,438229E-1;1,585937E-1;1,537478E-1;9,357321E-1;;
30/11/2021  14:47:40,885783;9,434385E-1;1,805757E-1;1,679647E-1;9,358673E-1;;
30/11/2021  14:47:40,885883;9,434325E-1;1,366117E-1;1,442698E-1;9,360104E-1;;
30/11/2021  14:47:40,885983;9,430361E-1;1,018865E-1;1,101492E-1;9,361612E-1;;
30/11/2021  14:47:40,886083;9,425146E-1;1,197269E-1;1,234183E-1;9,363192E-1;;
30/11/2021  14:47:40,886183;9,433759E-1;1,222756E-1;1,332122E-1;9,364842E-1;;
30/11/2021  14:47:40,886283;9,436948E-1;1,257800E-1;1,189953E-1;9,366554E-1;;
30/11/2021  14:47:40,886383;9,439540E-1;1,280100E-1;1,221546E-1;9,368326E-1;;
30/11/2021  14:47:40,886483;9,441060E-1;1,343816E-1;1,240502E-1;9,370154E-1;;
30/11/2021  14:47:40,886583;9,436113E-1;1,302401E-1;1,174156E-1;9,372034E-1;;
30/11/2021  14:47:40,886683;9,436113E-1;1,178155E-1;1,117289E-1;9,373961E-1;;
30/11/2021  14:47:40,886783;9,433133E-1;5,218798E-2;1,013031E-1;9,375930E-1;;
30/11/2021  14:47:40,886883;9,441418E-1;1,133553E-1;1,114129E-1;9,377937E-1;;
30/11/2021  14:47:40,886983;9,449584E-1;1,576380E-1;1,853410E-1;9,379975E-1;;
30/11/2021  14:47:40,887083;9,452177E-1;1,397975E-1;8,929768E-2;9,382042E-1;;
30/11/2021  14:47:40,887183;9,441388E-1;1,257800E-1;1,291051E-1;9,384135E-1;;
30/11/2021  14:47:40,887283;9,443087E-1;1,162226E-1;1,316326E-1;9,386249E-1;;
30/11/2021  14:47:40,887383;9,443474E-1;1,321516E-1;1,439539E-1;9,388381E-1;;
30/11/2021  14:47:40,887483;9,438885E-1;1,366117E-1;1,322644E-1;9,390524E-1;;
30/11/2021  14:47:40,887583;9,447855E-1;1,194084E-1;1,243661E-1;9,392675E-1;;
30/11/2021  14:47:40,887683;9,448154E-1;1,283286E-1;1,234183E-1;9,394829E-1;;
30/11/2021  14:47:40,887783;9,448243E-1;1,595494E-1;1,644895E-1;9,396981E-1;;
30/11/2021  14:47:40,887883;9,448601E-1;1,245056E-1;1,249980E-1;9,399128E-1;;
30/11/2021  14:47:40,887983;9,448213E-1;1,251428E-1;1,208909E-1;9,401267E-1;;
30/11/2021  14:47:40,888083;9,439630E-1;1,566822E-1;2,017695E-1;9,403393E-1;;
30/11/2021  14:47:40,888183;9,444488E-1;1,477620E-1;1,430061E-1;9,405502E-1;;
30/11/2021  14:47:40,888283;9,444220E-1;8,086018E-2;8,361090E-2;9,407590E-1;;
30/11/2021  14:47:40,888383;9,446783E-1;1,350188E-1;1,316326E-1;9,409652E-1;;
30/11/2021  14:47:40,888483;9,442759E-1;6,811698E-2;9,972343E-2;9,411685E-1;;
30/11/2021  14:47:40,888583;9,439868E-1;1,194084E-1;1,006712E-1;9,413684E-1;;
30/11/2021  14:47:40,888683;9,439540E-1;1,433019E-1;1,727037E-1;9,415646E-1;;
30/11/2021  14:47:40,888783;9,427947E-1;1,321516E-1;1,325804E-1;9,417566E-1;;
30/11/2021  14:47:40,888883;9,431494E-1;1,283286E-1;1,303688E-1;9,419438E-1;;
30/11/2021  14:47:40,888983;9,436024E-1;1,292843E-1;1,262617E-1;9,421259E-1;;
30/11/2021  14:47:40,889083;9,431821E-1;1,149482E-1;1,202590E-1;9,423022E-1;;
30/11/2021  14:47:40,889183;9,428960E-1;1,280100E-1;1,291051E-1;9,424725E-1;;
30/11/2021  14:47:40,889283;9,428573E-1;1,331073E-1;1,246821E-1;9,426364E-1;;
30/11/2021  14:47:40,889383;9,417754E-1;1,302401E-1;1,246821E-1;9,427933E-1;;
30/11/2021  14:47:40,889483;9,418857E-1;1,305587E-1;1,246821E-1;9,429430E-1;;
30/11/2021  14:47:40,889583;9,421361E-1;1,340630E-1;1,325804E-1;9,430850E-1;;
30/11/2021  14:47:40,889683;9,428007E-1;1,299215E-1;1,388990E-1;9,432188E-1;;
30/11/2021  14:47:40,889783;9,420228E-1;1,123996E-1;1,076217E-1;9,433443E-1;;
30/11/2021  14:47:40,889883;9,414655E-1;1,187712E-1;1,180475E-1;9,434613E-1;;
30/11/2021  14:47:40,889983;9,407770E-1;1,101695E-1;1,183634E-1;9,435696E-1;;
30/11/2021  14:47:40,890083;9,403658E-1;1,394789E-1;1,679647E-1;9,436687E-1;;
30/11/2021  14:47:40,890183;9,405625E-1;1,123996E-1;1,120448E-1;9,437584E-1;;
30/11/2021  14:47:40,890283;9,404224E-1;8,882468E-2;1,240502E-1;9,438384E-1;;
30/11/2021  14:47:40,890383;9,406250E-1;1,194084E-1;1,240502E-1;9,439085E-1;;
30/11/2021  14:47:40,890483;9,399724E-1;1,264171E-1;1,764949E-1;9,439684E-1;;
30/11/2021  14:47:40,890583;9,391409E-1;1,022050E-1;1,199431E-1;9,440181E-1;;
30/11/2021  14:47:40,890683;9,383213E-1;1,098510E-1;1,215227E-1;9,440575E-1;;
30/11/2021  14:47:40,890783;9,407711E-1;1,289658E-1;1,294210E-1;9,440861E-1;;
30/11/2021  14:47:40,890883;9,413969E-1;1,197269E-1;1,107811E-1;9,441042E-1;;
30/11/2021  14:47:40,890983;9,415728E-1;1,337445E-1;1,272095E-1;9,441121E-1;;
30/11/2021  14:47:40,891083;9,421152E-1;1,257800E-1;1,050943E-1;9,441102E-1;;
30/11/2021  14:47:40,891183;9,419304E-1;1,002936E-1;9,751191E-2;9,440993E-1;;
30/11/2021  14:47:40,891283;9,418887E-1;1,417090E-1;1,341600E-1;9,440799E-1;;
30/11/2021  14:47:40,891383;9,428960E-1;1,069837E-1;1,240502E-1;9,440527E-1;;
30/11/2021  14:47:40,891483;9,432507E-1;5,887816E-2;9,308886E-2;9,440185E-1;;
30/11/2021  14:47:40,891583;9,433252E-1;1,104881E-1;1,101492E-1;9,439781E-1;;
30/11/2021  14:47:40,891683;9,437573E-1;1,366117E-1;1,493248E-1;9,439324E-1;;
30/11/2021  14:47:40,891783;9,440196E-1;1,372488E-1;1,486929E-1;9,438823E-1;;
30/11/2021  14:47:40,891883;9,441656E-1;9,965640E-2;1,013031E-1;9,438285E-1;;
30/11/2021  14:47:40,891983;9,442044E-1;1,318330E-1;1,325804E-1;9,437721E-1;;
30/11/2021  14:47:40,892083;9,444458E-1;1,321516E-1;1,581709E-1;9,437138E-1;;
30/11/2021  14:47:40,892183;9,445292E-1;1,245056E-1;1,253139E-1;9,436545E-1;;
30/11/2021  14:47:40,892283;9,447021E-1;1,216384E-1;1,341600E-1;9,435948E-1;;
30/11/2021  14:47:40,892383;9,452624E-1;1,280100E-1;1,167838E-1;9,435355E-1;;
30/11/2021  14:47:40,892483;9,446812E-1;1,260985E-1;1,183634E-1;9,434773E-1;;
30/11/2021  14:47:40,892583;9,448899E-1;1,267357E-1;1,332122E-1;9,434208E-1;;
30/11/2021  14:47:40,892683;9,443117E-1;1,069837E-1;1,136244E-1;9,433666E-1;;
30/11/2021  14:47:40,892783;9,446604E-1;1,088952E-1;1,044624E-1;9,433151E-1;;
30/11/2021  14:47:40,892883;9,452237E-1;1,289658E-1;1,502726E-1;9,432667E-1;;
30/11/2021  14:47:40,892983;9,452117E-1;1,139925E-1;1,092014E-1;9,432216E-1;;
30/11/2021  14:47:40,893083;9,452535E-1;1,267357E-1;1,300529E-1;9,431804E-1;;
30/11/2021  14:47:40,893183;9,448034E-1;1,299215E-1;1,790224E-1;9,431433E-1;;
30/11/2021  14:47:40,893283;9,442104E-1;1,241871E-1;1,256299E-1;9,431105E-1;;
30/11/2021  14:47:40,893383;9,445471E-1;1,178155E-1;1,164678E-1;9,430821E-1;;
30/11/2021  14:47:40,893483;9,447289E-1;1,168597E-1;1,155200E-1;9,430581E-1;;
30/11/2021  14:47:40,893583;9,450717E-1;1,130368E-1;1,104651E-1;9,430385E-1;;
30/11/2021  14:47:40,893683;9,452952E-1;1,254614E-1;1,221546E-1;9,430234E-1;;
30/11/2021  14:47:40,893783;9,450657E-1;1,200455E-1;1,082536E-1;9,430129E-1;;
30/11/2021  14:47:40,893883;9,448422E-1;1,257800E-1;1,079377E-1;9,430070E-1;;
30/11/2021  14:47:40,893983;9,443325E-1;1,331073E-1;1,231024E-1;9,430056E-1;;
30/11/2021  14:47:40,894083;9,446753E-1;1,057094E-1;1,297370E-1;9,430086E-1;;
30/11/2021  14:47:40,894183;9,455157E-1;3,562182E-2;2,769094E-2;9,430158E-1;;
30/11/2021  14:47:40,894283;9,457005E-1;1,232313E-1;1,170997E-1;9,430272E-1;;
30/11/2021  14:47:40,894383;9,454233E-1;1,009307E-1;9,087734E-2;9,430428E-1;;
30/11/2021  14:47:40,894483;9,456051E-1;6,843556E-2;6,433905E-2;9,430625E-1;;
30/11/2021  14:47:40,894583;9,457512E-1;8,340882E-2;9,056141E-2;9,430863E-1;;
30/11/2021  14:47:40,894683;9,459330E-1;1,047537E-1;1,145722E-1;9,431142E-1;;
30/11/2021  14:47:40,894783;9,464217E-1;1,053908E-1;1,101492E-1;9,431460E-1;;
30/11/2021  14:47:40,894883;9,469343E-1;7,767438E-2;8,171531E-2;9,431819E-1;;
30/11/2021  14:47:40,894983;9,476049E-1;1,044351E-1;1,297370E-1;9,432219E-1;;
30/11/2021  14:47:40,895083;9,476675E-1;7,417000E-2;7,981972E-2;9,432661E-1;;
30/11/2021  14:47:40,895183;9,474201E-1;3,530324E-2;3,969635E-2;9,433148E-1;;
30/11/2021  14:47:40,895283;9,470625E-1;6,047106E-2;6,023194E-2;9,433679E-1;;
30/11/2021  14:47:40,895383;9,476794E-1;8,946184E-2;1,076217E-1;9,434256E-1;;
30/11/2021  14:47:40,895483;9,479804E-1;8,850610E-2;9,245700E-2;9,434878E-1;;
30/11/2021  14:47:40,895583;9,484364E-1;1,018865E-1;1,076217E-1;9,435546E-1;;
30/11/2021  14:47:40,895683;9,489431E-1;6,365686E-2;6,181159E-2;9,436259E-1;;
30/11/2021  14:47:40,895783;9,484871E-1;9,232906E-2;1,082536E-1;9,437019E-1;;
30/11/2021  14:47:40,895883;9,482665E-1;9,965640E-2;1,193112E-1;9,437827E-1;;
30/11/2021  14:47:40,895983;9,483440E-1;1,127182E-1;1,199431E-1;9,438681E-1;;
30/11/2021  14:47:40,896083;9,487792E-1;1,292843E-1;1,392149E-1;9,439580E-1;;
30/11/2021  14:47:40,896183;9,496136E-1;1,283286E-1;1,360556E-1;9,440524E-1;;
30/11/2021  14:47:40,896283;9,490951E-1;1,429833E-1;1,351078E-1;9,441513E-1;;
30/11/2021  14:47:40,896383;9,493037E-1;1,538150E-1;1,417424E-1;9,442544E-1;;
30/11/2021  14:47:40,896483;9,487136E-1;1,652839E-1;1,477451E-1;9,443618E-1;;
30/11/2021  14:47:40,896583;9,484275E-1;1,706997E-1;1,518522E-1;9,444732E-1;;
30/11/2021  14:47:40,896683;9,480490E-1;1,633724E-1;1,477451E-1;9,445884E-1;;
30/11/2021  14:47:40,896783;9,486748E-1;1,557265E-1;1,521681E-1;9,447068E-1;;
30/11/2021  14:47:40,896883;9,488209E-1;1,382046E-1;1,338441E-1;9,448281E-1;;
30/11/2021  14:47:40,896983;9,486480E-1;1,620981E-1;1,667010E-1;9,449520E-1;;
30/11/2021  14:47:40,897083;9,483708E-1;1,372488E-1;1,218387E-1;9,450782E-1;;
30/11/2021  14:47:40,897183;9,481801E-1;1,213198E-1;1,148882E-1;9,452061E-1;;
30/11/2021  14:47:40,897283;9,474350E-1;1,203641E-1;1,404787E-1;9,453355E-1;;
30/11/2021  14:47:40,897383;9,469790E-1;1,260985E-1;1,281573E-1;9,454657E-1;;
30/11/2021  14:47:40,897483;9,476794E-1;1,267357E-1;1,278414E-1;9,455962E-1;;
30/11/2021  14:47:40,897583;9,466959E-1;8,595746E-2;1,161519E-1;9,457264E-1;;
30/11/2021  14:47:40,897683;9,469582E-1;1,643281E-1;1,995579E-1;9,458556E-1;;
30/11/2021  14:47:40,897783;9,468151E-1;1,866287E-1;2,074562E-1;9,459833E-1;;
30/11/2021  14:47:40,897883;9,460581E-1;1,219570E-1;1,196272E-1;9,461089E-1;;
30/11/2021  14:47:40,897983;9,451879E-1;1,139925E-1;1,167838E-1;9,462318E-1;;
30/11/2021  14:47:40,898083;9,452147E-1;1,130368E-1;1,114129E-1;9,463514E-1;;
30/11/2021  14:47:40,898183;9,456290E-1;1,225942E-1;1,231024E-1;9,464668E-1;;
30/11/2021  14:47:40,898283;9,453488E-1;1,353374E-1;1,354238E-1;9,465775E-1;;
30/11/2021  14:47:40,898383;9,452207E-1;-1,726246E-2;4,822652E-2;9,466830E-1;;
30/11/2021  14:47:40,898483;9,450568E-1;1,238685E-1;1,281573E-1;9,467828E-1;;
30/11/2021  14:47:40,898583;9,443325E-1;1,171783E-1;9,214107E-2;9,468764E-1;;
30/11/2021  14:47:40,898683;9,438527E-1;1,299215E-1;1,591187E-1;9,469634E-1;;
30/11/2021  14:47:40,898783;9,437991E-1;1,270543E-1;1,275255E-1;9,470432E-1;;
30/11/2021  14:47:40,898883;9,440166E-1;6,939130E-2;8,866581E-2;9,471155E-1;;
30/11/2021  14:47:40,898983;9,433788E-1;1,534964E-1;1,758630E-1;9,471797E-1;;
30/11/2021  14:47:40,899083;9,436262E-1;1,057094E-1;9,909157E-2;9,472356E-1;;
30/11/2021  14:47:40,899183;9,427947E-1;1,506292E-1;1,850251E-1;9,472829E-1;;
30/11/2021  14:47:40,899283;9,421033E-1;1,882216E-1;2,102996E-1;9,473212E-1;;
30/11/2021  14:47:40,899383;9,417665E-1;1,331073E-1;1,310007E-1;9,473502E-1;;
30/11/2021  14:47:40,899483;9,417665E-1;1,264171E-1;1,199431E-1;9,473696E-1;;
30/11/2021  14:47:40,899583;9,418321E-1;1,302401E-1;1,303688E-1;9,473791E-1;;
30/11/2021  14:47:40,899683;9,417695E-1;1,260985E-1;1,344760E-1;9,473784E-1;;
30/11/2021  14:47:40,899783;9,416771E-1;1,337445E-1;1,442698E-1;9,473675E-1;;
30/11/2021  14:47:40,899883;9,405863E-1;1,283286E-1;1,300529E-1;9,473463E-1;;
30/11/2021  14:47:40,899983;9,405148E-1;1,236548E-2;6,275939E-2;9,473147E-1;;
30/11/2021  14:47:40,900083;9,401035E-1;1,519035E-1;1,629098E-1;9,472726E-1;;
30/11/2021  14:47:40,900183;9,402764E-1;1,143111E-1;1,107811E-1;9,472200E-1;;
30/11/2021  14:47:40,900283;9,408068E-1;8,086018E-2;9,119327E-2;9,471568E-1;;
30/11/2021  14:47:40,900383;9,408396E-1;1,560451E-1;1,430061E-1;9,470833E-1;;
30/11/2021  14:47:40,900483;9,403121E-1;1,174969E-1;1,376353E-1;9,469997E-1;;
30/11/2021  14:47:40,900583;9,395700E-1;1,394789E-1;1,537478E-1;9,469063E-1;;
30/11/2021  14:47:40,900683;9,394598E-1;9,997498E-2;1,246821E-1;9,468032E-1;;
30/11/2021  14:47:40,900783;9,393137E-1;1,321516E-1;1,322644E-1;9,466908E-1;;
30/11/2021  14:47:40,900883;9,399396E-1;1,324701E-1;1,322644E-1;9,465693E-1;;
30/11/2021  14:47:40,900983;9,399217E-1;1,229127E-1;1,101492E-1;9,464389E-1;;
30/11/2021  14:47:40,901083;9,398651E-1;1,088952E-1;1,013031E-1;9,463003E-1;;
30/11/2021  14:47:40,901183;9,390365E-1;1,675139E-1;1,616461E-1;9,461538E-1;;
30/11/2021  14:47:40,901283;9,384166E-1;1,318330E-1;1,287892E-1;9,459998E-1;;
30/11/2021  14:47:40,901383;9,376984E-1;1,082581E-1;1,028828E-1;9,458387E-1;;
30/11/2021  14:47:40,901483;9,379756E-1;1,139925E-1;1,284732E-1;9,456708E-1;;
30/11/2021  14:47:40,901583;9,376805E-1;1,350188E-1;1,253139E-1;9,454961E-1;;
30/11/2021  14:47:40,901683;9,372126E-1;7,289568E-2;1,278414E-1;9,453150E-1;;
30/11/2021  14:47:40,901783;9,373795E-1;1,222756E-1;1,155200E-1;9,451278E-1;;
30/11/2021  14:47:40,901883;9,367358E-1;6,429402E-2;1,057261E-1;9,449347E-1;;
30/11/2021  14:47:40,901983;9,358715E-1;1,162226E-1;1,057261E-1;9,447360E-1;;
30/11/2021  14:47:40,902083;9,350102E-1;1,200455E-1;1,278414E-1;9,445317E-1;;
30/11/2021  14:47:40,902183;9,350936E-1;3,657756E-2;8,645429E-2;9,443220E-1;;
30/11/2021  14:47:40,902283;9,351473E-1;1,547707E-1;1,606983E-1;9,441068E-1;;
30/11/2021  14:47:40,902383;9,353618E-1;1,299215E-1;1,272095E-1;9,438864E-1;;
30/11/2021  14:47:40,902483;9,353440E-1;5,356718E-3;7,539667E-2;9,436608E-1;;
30/11/2021  14:47:40,902583;9,344886E-1;1,630538E-1;1,682807E-1;9,434305E-1;;
30/11/2021  14:47:40,902683;9,337733E-1;2,022392E-1;1,806020E-1;9,431957E-1;;
30/11/2021  14:47:40,902783;9,335409E-1;1,123996E-1;1,145722E-1;9,429564E-1;;
30/11/2021  14:47:40,902883;9,337286E-1;1,267357E-1;1,313166E-1;9,427129E-1;;
30/11/2021  14:47:40,902983;9,338985E-1;1,506292E-1;1,490088E-1;9,424652E-1;;
30/11/2021  14:47:40,903083;9,338180E-1;1,519035E-1;1,357397E-1;9,422138E-1;;
30/11/2021  14:47:40,903183;9,339730E-1;9,009900E-2;1,088855E-1;9,419588E-1;;
30/11/2021  14:47:40,903283;9,334008E-1;6,493118E-2;1,044624E-1;9,417008E-1;;
30/11/2021  14:47:40,903383;9,331296E-1;1,302401E-1;7,508074E-2;9,414400E-1;;
30/11/2021  14:47:40,903483;9,336899E-1;1,433019E-1;1,423743E-1;9,411768E-1;;
30/11/2021  14:47:40,903583;9,336243E-1;1,531778E-1;1,597505E-1;9,409116E-1;;
30/11/2021  14:47:40,903683;9,340505E-1;8,468314E-2;1,253139E-1;9,406450E-1;;
30/11/2021  14:47:40,903783;9,342055E-1;1,436204E-1;1,708081E-1;9,403773E-1;;
30/11/2021  14:47:40,903883;9,344320E-1;1,420275E-1;1,474292E-1;9,401093E-1;;
30/11/2021  14:47:40,903983;9,344081E-1;1,187712E-1;1,208909E-1;9,398416E-1;;
30/11/2021  14:47:40,904083;9,346138E-1;1,461691E-1;1,388990E-1;9,395749E-1;;
30/11/2021  14:47:40,904183;9,349416E-1;4,263058E-2;4,127601E-2;9,393097E-1;;
30/11/2021  14:47:40,904283;9,358894E-1;1,215178E-3;4,311971E-3;9,390469E-1;;
30/11/2021  14:47:40,904383;9,359907E-1;1,533758E-3;3,996039E-3;9,387871E-1;;
30/11/2021  14:47:40,904483;9,367387E-1;1,852338E-3;3,364175E-3;9,385314E-1;;
30/11/2021  14:47:40,904583;9,363722E-1;8,965980E-4;3,364175E-3;9,382805E-1;;
30/11/2021  14:47:40,904683;9,367060E-1;1,533758E-3;4,311971E-3;9,380353E-1;;
30/11/2021  14:47:40,904783;9,370606E-1;1,852338E-3;4,311971E-3;9,377966E-1;;
30/11/2021  14:47:40,904883;9,383332E-1;1,852338E-3;3,996039E-3;9,375651E-1;;
30/11/2021  14:47:40,904983;9,397280E-1;2,808078E-3;4,943835E-3;9,373419E-1;;
30/11/2021  14:47:40,905083;9,404671E-1;2,489498E-3;3,996039E-3;9,371278E-1;;
30/11/2021  14:47:40,905183;9,404790E-1;8,965980E-4;3,680107E-3;9,369241E-1;;
30/11/2021  14:47:40,905283;9,406012E-1;1,533758E-3;3,364175E-3;9,367318E-1;;
30/11/2021  14:47:40,905383;9,409827E-1;1,852338E-3;3,680107E-3;9,365519E-1;;
30/11/2021  14:47:40,905483;9,412360E-1;8,965980E-4;3,680107E-3;9,363851E-1;;
30/11/2021  14:47:40,905583;9,420586E-1;8,965980E-4;3,364175E-3;9,362324E-1;;
30/11/2021  14:47:40,905683;9,430331E-1;1,533758E-3;3,364175E-3;9,360944E-1;;
30/11/2021  14:47:40,905783;9,434414E-1;2,594380E-4;2,732311E-3;9,359719E-1;;
30/11/2021  14:47:40,905883;9,432447E-1;1,533758E-3;3,680107E-3;9,358657E-1;;
30/11/2021  14:47:40,905983;9,437365E-1;5,780180E-4;3,364175E-3;9,357762E-1;;
30/11/2021  14:47:40,906083;9,431404E-1;1,533758E-3;3,364175E-3;9,357041E-1;;
30/11/2021  14:47:40,906183;9,432835E-1;6,312458E-3;8,103155E-3;9,356494E-1;;
30/11/2021  14:47:40,906283;9,437573E-1;4,400978E-3;6,207563E-3;9,356125E-1;;
30/11/2021  14:47:40,906383;9,442819E-1;3,445238E-3;5,575699E-3;9,355933E-1;;
30/11/2021  14:47:40,906483;9,439838E-1;2,808078E-3;4,943835E-3;9,355918E-1;;
30/11/2021  14:47:40,906583;9,434385E-1;5,993878E-3;7,471291E-3;9,356078E-1;;
30/11/2021  14:47:40,906683;9,435487E-1;3,445238E-3;5,259767E-3;9,356412E-1;;
30/11/2021  14:47:40,906783;9,423179E-1;5,038138E-3;6,207563E-3;9,356914E-1;;
30/11/2021  14:47:40,906883;9,430451E-1;1,533758E-3;3,364175E-3;9,357577E-1;;
30/11/2021  14:47:40,906983;9,429348E-1;8,965980E-4;3,048243E-3;9,358395E-1;;
30/11/2021  14:47:40,907083;9,437335E-1;1,533758E-3;3,680107E-3;9,359360E-1;;
30/11/2021  14:47:40,907183;9,433520E-1;1,215178E-3;3,364175E-3;9,360464E-1;;
30/11/2021  14:47:40,907283;9,427470E-1;1,215178E-3;3,680107E-3;9,361700E-1;;
30/11/2021  14:47:40,907383;9,434444E-1;1,533758E-3;3,364175E-3;9,363060E-1;;
30/11/2021  14:47:40,907483;9,432358E-1;1,215178E-3;3,364175E-3;9,364535E-1;;
30/11/2021  14:47:40,907583;9,441597E-1;1,215178E-3;3,680107E-3;9,366117E-1;;
30/11/2021  14:47:40,907683;9,446097E-1;1,533758E-3;4,311971E-3;9,367798E-1;;
30/11/2021  14:47:40,907783;9,442878E-1;6,312458E-3;9,682815E-3;9,369573E-1;;
30/11/2021  14:47:40,907883;9,439332E-1;1,523270E-2;1,726518E-2;9,371433E-1;;
30/11/2021  14:47:40,907983;9,431076E-1;1,236548E-2;1,694925E-2;9,373372E-1;;
30/11/2021  14:47:40,908083;9,429318E-1;1,363980E-2;1,568552E-2;9,375381E-1;;
30/11/2021  14:47:40,908183;9,423536E-1;1,523270E-2;1,758111E-2;9,377448E-1;;
30/11/2021  14:47:40,908283;9,421957E-1;1,618844E-2;1,852891E-2;9,379565E-1;;
30/11/2021  14:47:40,908383;9,421122E-1;1,586986E-2;1,726518E-2;9,381720E-1;;
30/11/2021  14:47:40,908483;9,417635E-1;1,586986E-2;1,852891E-2;9,383901E-1;;
30/11/2021  14:47:40,908583;9,403330E-1;1,523270E-2;1,758111E-2;9,386098E-1;;
30/11/2021  14:47:40,908683;9,399068E-1;8,436456E-2;9,182514E-2;9,388298E-1;;
30/11/2021  14:47:40,908783;9,387653E-1;1,523270E-2;1,852891E-2;9,390488E-1;;
30/11/2021  14:47:40,908883;9,394061E-1;1,650702E-2;1,947671E-2;9,392654E-1;;
30/11/2021  14:47:40,908983;9,394836E-1;1,257800E-1;1,142563E-1;9,394784E-1;;
30/11/2021  14:47:40,909083;9,392332E-1;1,127182E-1;1,107811E-1;9,396865E-1;;
30/11/2021  14:47:40,909183;9,388697E-1;1,060280E-1;9,656411E-2;9,398887E-1;;
30/11/2021  14:47:40,909283;9,386402E-1;1,315144E-1;1,167838E-1;9,400841E-1;;
30/11/2021  14:47:40,909383;9,383272E-1;1,139925E-1;1,486929E-1;9,402717E-1;;
30/11/2021  14:47:40,909483;9,387773E-1;9,455912E-2;1,038306E-1;9,404506E-1;;
30/11/2021  14:47:40,909583;9,390187E-1;2,606442E-2;5,106991E-2;9,406202E-1;;
30/11/2021  14:47:40,909683;9,395939E-1;1,264171E-1;1,591187E-1;9,407800E-1;;
30/11/2021  14:47:40,909783;9,402585E-1;2,925022E-2;7,539667E-2;9,409295E-1;;
30/11/2021  14:47:40,909883;9,400975E-1;1,448948E-1;1,910278E-1;9,410686E-1;;
30/11/2021  14:47:40,909983;9,397161E-1;1,232313E-1;1,202590E-1;9,411974E-1;;
30/11/2021  14:47:40,910083;9,401780E-1;1,254614E-1;1,221546E-1;9,413158E-1;;
30/11/2021  14:47:40,910183;9,409916E-1;1,194084E-1;1,170997E-1;9,414239E-1;;
30/11/2021  14:47:40,910283;9,415072E-1;1,229127E-1;1,287892E-1;9,415220E-1;;
30/11/2021  14:47:40,910383;9,415549E-1;1,248242E-1;1,246821E-1;9,416103E-1;;
30/11/2021  14:47:40,910483;9,423894E-1;1,356559E-1;1,303688E-1;9,416895E-1;;
30/11/2021  14:47:40,910583;9,412122E-1;1,436204E-1;1,360556E-1;9,417600E-1;;
30/11/2021  14:47:40,910683;9,409350E-1;1,028422E-1;8,803395E-2;9,418223E-1;;
30/11/2021  14:47:40,910783;9,402525E-1;1,468062E-1;1,644895E-1;9,418768E-1;;
30/11/2021  14:47:40,910883;9,406012E-1;1,251428E-1;1,275255E-1;9,419238E-1;;
30/11/2021  14:47:40,910983;9,405088E-1;1,200455E-1;1,189953E-1;9,419634E-1;;
30/11/2021  14:47:40,911083;9,405386E-1;1,448948E-1;1,395309E-1;9,419958E-1;;
30/11/2021  14:47:40,911183;9,400230E-1;7,894870E-2;1,186794E-1;9,420214E-1;;
30/11/2021  14:47:40,911283;9,395432E-1;1,235499E-1;1,310007E-1;9,420404E-1;;
30/11/2021  14:47:40,911383;9,390783E-1;1,229127E-1;1,240502E-1;9,420528E-1;;
30/11/2021  14:47:40,911483;9,392452E-1;1,238685E-1;1,253139E-1;9,420587E-1;;
30/11/2021  14:47:40,911583;9,392154E-1;1,372488E-1;1,357397E-1;9,420582E-1;;
30/11/2021  14:47:40,911683;9,395015E-1;1,296029E-1;1,294210E-1;9,420514E-1;;
30/11/2021  14:47:40,911783;9,396147E-1;1,260985E-1;1,420583E-1;9,420384E-1;;
30/11/2021  14:47:40,911883;9,392720E-1;1,267357E-1;1,347919E-1;9,420195E-1;;
30/11/2021  14:47:40,911983;9,383928E-1;1,251428E-1;1,240502E-1;9,419950E-1;;
30/11/2021  14:47:40,912083;9,382855E-1;1,280100E-1;1,322644E-1;9,419648E-1;;
30/11/2021  14:47:40,912183;9,386044E-1;1,245056E-1;1,543797E-1;9,419291E-1;;
30/11/2021  14:47:40,912283;9,379189E-1;1,159040E-1;1,013031E-1;9,418880E-1;;
30/11/2021  14:47:40,912383;9,377997E-1;1,254614E-1;1,347919E-1;9,418415E-1;;
30/11/2021  14:47:40,912483;9,381782E-1;1,082581E-1;1,379512E-1;9,417897E-1;;
30/11/2021  14:47:40,912583;9,364616E-1;9,328480E-2;6,813023E-2;9,417328E-1;;
30/11/2021  14:47:40,912683;9,361904E-1;8,723178E-2;1,745993E-1;9,416706E-1;;
30/11/2021  14:47:40,912783;9,351711E-1;1,041165E-1;1,044624E-1;9,416030E-1;;
30/11/2021  14:47:40,912883;9,343664E-1;1,213198E-1;1,199431E-1;9,415298E-1;;
30/11/2021  14:47:40,912983;9,346734E-1;1,149482E-1;1,177316E-1;9,414506E-1;;
30/11/2021  14:47:40,913083;9,339998E-1;1,165411E-1;1,085695E-1;9,413651E-1;;
30/11/2021  14:47:40,913183;9,330849E-1;-9,308450E-2;-7,429410E-4;9,412730E-1;;
30/11/2021  14:47:40,913283;9,310821E-1;1,152668E-1;1,133085E-1;9,411739E-1;;
30/11/2021  14:47:40,913383;9,310762E-1;1,162226E-1;1,101492E-1;9,410672E-1;;
30/11/2021  14:47:40,913483;9,307990E-1;1,808943E-1;1,853410E-1;9,409524E-1;;
30/11/2021  14:47:40,913583;9,307930E-1;1,375674E-1;1,000394E-1;9,408289E-1;;
30/11/2021  14:47:40,913683;9,306828E-1;1,069837E-1;1,006712E-1;9,406963E-1;;
30/11/2021  14:47:40,913783;9,306708E-1;1,251428E-1;1,170997E-1;9,405543E-1;;
30/11/2021  14:47:40,913883;9,305934E-1;1,034794E-1;8,139938E-2;9,404028E-1;;
30/11/2021  14:47:40,913983;9,297172E-1;1,245056E-1;1,357397E-1;9,402417E-1;;
30/11/2021  14:47:40,914083;9,296665E-1;8,086018E-2;1,031987E-1;9,400709E-1;;
30/11/2021  14:47:40,914183;9,293029E-1;1,187712E-1;1,145722E-1;9,398905E-1;;
30/11/2021  14:47:40,914283;9,294668E-1;1,260985E-1;1,234183E-1;9,397004E-1;;
30/11/2021  14:47:40,914383;9,298632E-1;3,594040E-2;3,085026E-2;9,395009E-1;;
30/11/2021  14:47:40,914483;9,297678E-1;2,256004E-2;2,137230E-2;9,392922E-1;;
30/11/2021  14:47:40,914583;9,284356E-1;9,041758E-2;8,234717E-2;9,390746E-1;;
30/11/2021  14:47:40,914683;9,283879E-1;9,455912E-2;9,277293E-2;9,388485E-1;;
30/11/2021  14:47:40,914783;9,278694E-1;1,076209E-1;9,245700E-2;9,386141E-1;;
30/11/2021  14:47:40,914883;9,281614E-1;6,493118E-2;5,454516E-2;9,383716E-1;;
30/11/2021  14:47:40,914983;9,281734E-1;1,133553E-1;1,155200E-1;9,381214E-1;;
30/11/2021  14:47:40,915083;9,286234E-1;1,073023E-1;1,193112E-1;9,378640E-1;;
30/11/2021  14:47:40,915183;9,282657E-1;9,137332E-2;8,329497E-2;9,375997E-1;;
30/11/2021  14:47:40,915283;9,282598E-1;1,028422E-1;9,308886E-2;9,373293E-1;;
30/11/2021  14:47:40,915383;9,277025E-1;9,041758E-2;7,950379E-2;9,370533E-1;;
30/11/2021  14:47:40,915483;9,276905E-1;1,204690E-2;1,726518E-2;9,367722E-1;;
30/11/2021  14:47:40,915583;9,282926E-1;1,108067E-1;1,202590E-1;9,364867E-1;;
30/11/2021  14:47:40,915683;9,287635E-1;1,321516E-1;1,439539E-1;9,361973E-1;;
30/11/2021  14:47:40,915783;9,288052E-1;2,224146E-2;2,105637E-2;9,359048E-1;;
30/11/2021  14:47:40,915883;9,289929E-1;1,194084E-1;1,414265E-1;9,356102E-1;;
30/11/2021  14:47:40,915983;9,288678E-1;8,978042E-2;1,126766E-1;9,353141E-1;;
30/11/2021  14:47:40,916083;9,282389E-1;7,130278E-2;8,992954E-2;9,350174E-1;;
30/11/2021  14:47:40,916183;9,287962E-1;8,978042E-2;9,972343E-2;9,347210E-1;;
30/11/2021  14:47:40,916283;9,295890E-1;3,721472E-2;3,179805E-2;9,344254E-1;;
30/11/2021  14:47:40,916383;9,297470E-1;9,742634E-2;1,114129E-1;9,341316E-1;;
30/11/2021  14:47:40,916483;9,300122E-1;1,136739E-1;1,246821E-1;9,338403E-1;;
30/11/2021  14:47:40,916583;9,300331E-1;1,155854E-1;1,022509E-1;9,335526E-1;;
30/11/2021  14:47:40,916683;9,303669E-1;1,031608E-1;9,972343E-2;9,332693E-1;;
30/11/2021  14:47:40,916783;9,305814E-1;1,382046E-1;1,449017E-1;9,329912E-1;;
30/11/2021  14:47:40,916883;9,303132E-1;1,468062E-1;1,385831E-1;9,327190E-1;;
30/11/2021  14:47:40,916983;9,301940E-1;1,611423E-1;1,467973E-1;9,324537E-1;;
30/11/2021  14:47:40,917083;9,314636E-1;1,452133E-1;1,907119E-1;9,321958E-1;;
30/11/2021  14:47:40,917183;9,306381E-1;1,025236E-1;6,275939E-2;9,319460E-1;;
30/11/2021  14:47:40,917283;9,299198E-1;1,675139E-1;1,673329E-1;9,317049E-1;;
30/11/2021  14:47:40,917383;9,294132E-1;6,684266E-2;1,069899E-1;9,314729E-1;;
30/11/2021  14:47:40,917483;9,291211E-1;1,289658E-1;1,275255E-1;9,312502E-1;;
30/11/2021  14:47:40,917583;9,285101E-1;1,318330E-1;1,265777E-1;9,310369E-1;;
30/11/2021  14:47:40,917683;9,290347E-1;1,222756E-1;1,237343E-1;9,308329E-1;;
30/11/2021  14:47:40,917783;9,285370E-1;1,101695E-1;9,909157E-2;9,306382E-1;;
30/11/2021  14:47:40,917883;9,281227E-1;1,308772E-1;1,328963E-1;9,304526E-1;;
30/11/2021  14:47:40,917983;9,282300E-1;1,359745E-1;1,237343E-1;9,302759E-1;;
30/11/2021  14:47:40,918083;9,277949E-1;1,267357E-1;1,101492E-1;9,301079E-1;;
30/11/2021  14:47:40,918183;9,278604E-1;1,292843E-1;1,306848E-1;9,299482E-1;;
30/11/2021  14:47:40,918283;9,285906E-1;1,503106E-1;1,531159E-1;9,297967E-1;;
30/11/2021  14:47:40,918383;9,292701E-1;5,378088E-2;8,866581E-2;9,296530E-1;;
30/11/2021  14:47:40,918483;9,295115E-1;1,117624E-1;1,107811E-1;9,295172E-1;;
30/11/2021  14:47:40,918583;9,292314E-1;1,229127E-1;1,158360E-1;9,293892E-1;;
30/11/2021  14:47:40,918683;9,288082E-1;9,296622E-2;9,561632E-2;9,292691E-1;;
30/11/2021  14:47:40,918783;9,293595E-1;1,308772E-1;1,284732E-1;9,291567E-1;;
30/11/2021  14:47:40,918883;9,295830E-1;1,382046E-1;1,436380E-1;9,290519E-1;;
30/11/2021  14:47:40,918983;9,301851E-1;1,127182E-1;1,202590E-1;9,289548E-1;;
30/11/2021  14:47:40,919083;9,306768E-1;1,270543E-1;1,240502E-1;9,288653E-1;;
30/11/2021  14:47:40,919183;9,310911E-1;1,264171E-1;1,262617E-1;9,287835E-1;;
30/11/2021  14:47:40,919283;9,312639E-1;1,267357E-1;1,265777E-1;9,287097E-1;;
30/11/2021  14:47:40,919383;9,313831E-1;1,241871E-1;1,259458E-1;9,286440E-1;;
30/11/2021  14:47:40,919483;9,320418E-1;1,133553E-1;1,107811E-1;9,285865E-1;;
30/11/2021  14:47:40,919583;9,319881E-1;1,044351E-1;1,167838E-1;9,285374E-1;;
30/11/2021  14:47:40,919683;9,330521E-1;1,245056E-1;1,240502E-1;9,284970E-1;;
30/11/2021  14:47:40,919783;9,339343E-1;1,350188E-1;1,559593E-1;9,284654E-1;;
30/11/2021  14:47:40,919883;9,350459E-1;1,356559E-1;1,313166E-1;9,284430E-1;;
30/11/2021  14:47:40,919983;9,348731E-1;1,340630E-1;1,363715E-1;9,284303E-1;;
30/11/2021  14:47:40,920083;9,351383E-1;1,289658E-1;1,344760E-1;9,284277E-1;;
30/11/2021  14:47:40,920183;9,356152E-1;1,302401E-1;1,303688E-1;9,284356E-1;;
30/11/2021  14:47:40,920283;9,370845E-1;1,292843E-1;1,363715E-1;9,284543E-1;;
30/11/2021  14:47:40,920383;9,384584E-1;1,257800E-1;1,338441E-1;9,284844E-1;;
30/11/2021  14:47:40,920483;9,397876E-1;1,130368E-1;1,167838E-1;9,285263E-1;;
30/11/2021  14:47:40,920583;9,403777E-1;1,292843E-1;1,373193E-1;9,285809E-1;;
30/11/2021  14:47:40,920683;9,410661E-1;1,232313E-1;1,240502E-1;9,286489E-1;;
30/11/2021  14:47:40,920783;9,419215E-1;1,315144E-1;1,313166E-1;9,287310E-1;;
30/11/2021  14:47:40,920883;9,427768E-1;1,362931E-1;1,398468E-1;9,288281E-1;;
30/11/2021  14:47:40,920983;9,432060E-1;1,385232E-1;1,379512E-1;9,289406E-1;;
30/11/2021  14:47:40,921083;9,448034E-1;1,149482E-1;1,085695E-1;9,290693E-1;;
30/11/2021  14:47:40,921183;9,455276E-1;9,169190E-2;9,972343E-2;9,292149E-1;;
30/11/2021  14:47:40,921283;9,454919E-1;-4,519262E-3;4,127601E-2;9,293779E-1;;
30/11/2021  14:47:40,921383;9,454144E-1;1,213198E-1;1,126766E-1;9,295588E-1;;
30/11/2021  14:47:40,921483;9,456379E-1;1,311958E-1;1,423743E-1;9,297580E-1;;
30/11/2021  14:47:40,921583;9,460909E-1;1,299215E-1;1,310007E-1;9,299754E-1;;
30/11/2021  14:47:40,921683;9,470625E-1;1,257800E-1;1,221546E-1;9,302111E-1;;
30/11/2021  14:47:40,921783;9,467287E-1;1,334259E-1;1,202590E-1;9,304650E-1;;
30/11/2021  14:47:40,921883;9,473903E-1;1,270543E-1;1,183634E-1;9,307369E-1;;
30/11/2021  14:47:40,921983;9,476824E-1;2,557606E-1;2,425247E-1;9,310265E-1;;
30/11/2021  14:47:40,922083;9,477122E-1;1,267357E-1;1,306848E-1;9,313334E-1;;
30/11/2021  14:47:40,922183;9,476675E-1;1,311958E-1;1,328963E-1;9,316572E-1;;
30/11/2021  14:47:40,922283;9,482218E-1;1,321516E-1;1,287892E-1;9,319973E-1;;
30/11/2021  14:47:40,922383;9,485199E-1;1,210013E-1;1,231024E-1;9,323529E-1;;
30/11/2021  14:47:40,922483;9,489401E-1;1,216384E-1;1,208909E-1;9,327234E-1;;
30/11/2021  14:47:40,922583;9,490831E-1;1,375674E-1;1,328963E-1;9,331081E-1;;
30/11/2021  14:47:40,922683;9,487970E-1;1,283286E-1;1,376353E-1;9,335061E-1;;
30/11/2021  14:47:40,922783;9,478582E-1;1,264171E-1;1,120448E-1;9,339165E-1;;
30/11/2021  14:47:40,922883;9,478672E-1;1,378860E-1;1,464814E-1;9,343383E-1;;
30/11/2021  14:47:40,922983;9,482963E-1;1,311958E-1;1,606983E-1;9,347701E-1;;
30/11/2021  14:47:40,923083;9,487762E-1;1,397975E-1;1,572231E-1;9,352109E-1;;
30/11/2021  14:47:40,923183;9,492739E-1;1,863102E-1;1,903959E-1;9,356594E-1;;
30/11/2021  14:47:40,923283;9,489073E-1;-1,471382E-2;5,138584E-2;9,361145E-1;;
30/11/2021  14:47:40,923383;9,489729E-1;1,385232E-1;1,395309E-1;9,365751E-1;;
30/11/2021  14:47:40,923483;9,493394E-1;1,296029E-1;1,344760E-1;9,370401E-1;;
30/11/2021  14:47:40,923583;9,488686E-1;1,410718E-1;1,436380E-1;9,375085E-1;;
30/11/2021  14:47:40,923683;9,487046E-1;1,496735E-1;1,398468E-1;9,379790E-1;;
30/11/2021  14:47:40,923783;9,497299E-1;1,369303E-1;1,316326E-1;9,384506E-1;;
30/11/2021  14:47:40,923883;9,499444E-1;1,401161E-1;1,521681E-1;9,389223E-1;;
30/11/2021  14:47:40,923983;9,483500E-1;1,710183E-1;1,695444E-1;9,393929E-1;;
30/11/2021  14:47:40,924083;9,480400E-1;1,442576E-1;1,442698E-1;9,398615E-1;;
30/11/2021  14:47:40,924183;9,475513E-1;1,194084E-1;1,117289E-1;9,403269E-1;;
30/11/2021  14:47:40,924283;9,470744E-1;1,140974E-2;1,378993E-2;9,407878E-1;;
30/11/2021  14:47:40,924383;9,469522E-1;8,965980E-4;3,680107E-3;9,412428E-1;;
30/11/2021  14:47:40,924483;9,473903E-1;9,816838E-3;1,284213E-2;9,416908E-1;;
30/11/2021  14:47:40,924583;9,474082E-1;5,675298E-3;7,155359E-3;9,421305E-1;;
30/11/2021  14:47:40,924683;9,468658E-1;9,498258E-3;1,315807E-2;9,425609E-1;;
30/11/2021  14:47:40,924783;9,466214E-1;9,816838E-3;1,284213E-2;9,429811E-1;;
30/11/2021  14:47:40,924883;9,460522E-1;3,126658E-3;4,943835E-3;9,433901E-1;;
30/11/2021  14:47:40,924983;9,465588E-1;3,763818E-3;6,207563E-3;9,437868E-1;;
30/11/2021  14:47:40,925083;9,475006E-1;6,312458E-3;8,103155E-3;9,441706E-1;;
30/11/2021  14:47:40,925183;9,472681E-1;1,215178E-3;3,996039E-3;9,445407E-1;;
30/11/2021  14:47:40,925283;9,476913E-1;1,215178E-3;3,048243E-3;9,448967E-1;;
30/11/2021  14:47:40,925383;9,476586E-1;1,215178E-3;3,680107E-3;9,452383E-1;;
30/11/2021  14:47:40,925483;9,474827E-1;1,215178E-3;3,364175E-3;9,455652E-1;;
30/11/2021  14:47:40,925583;9,469969E-1;9,498258E-3;1,094654E-2;9,458773E-1;;
30/11/2021  14:47:40,925683;9,472681E-1;8,965980E-4;3,364175E-3;9,461744E-1;;
30/11/2021  14:47:40,925783;9,477599E-1;1,215178E-3;3,364175E-3;9,464562E-1;;
30/11/2021  14:47:40,925883;9,476139E-1;8,965980E-4;3,680107E-3;9,467228E-1;;
30/11/2021  14:47:40,925983;9,473635E-1;1,852338E-3;3,680107E-3;9,469743E-1;;
30/11/2021  14:47:40,926083;9,475990E-1;2,489498E-3;3,364175E-3;9,472107E-1;;
30/11/2021  14:47:40,926183;9,466900E-1;1,852338E-3;3,996039E-3;9,474321E-1;;
30/11/2021  14:47:40,926283;9,472026E-1;1,533758E-3;3,048243E-3;9,476386E-1;;
30/11/2021  14:47:40,926383;9,475781E-1;1,215178E-3;3,048243E-3;9,478304E-1;;
30/11/2021  14:47:40,926483;9,476645E-1;8,965980E-4;3,364175E-3;9,480076E-1;;
30/11/2021  14:47:40,926583;9,477927E-1;8,965980E-4;3,364175E-3;9,481706E-1;;
30/11/2021  14:47:40,926683;9,475304E-1;8,965980E-4;3,364175E-3;9,483198E-1;;
30/11/2021  14:47:40,926783;9,468420E-1;1,533758E-3;4,311971E-3;9,484555E-1;;
30/11/2021  14:47:40,926883;9,464486E-1;9,498258E-3;1,031468E-2;9,485781E-1;;
30/11/2021  14:47:40,926983;9,470804E-1;6,312458E-3;8,735019E-3;9,486877E-1;;
30/11/2021  14:47:40,927083;9,465797E-1;1,852338E-3;4,627903E-3;9,487847E-1;;
30/11/2021  14:47:40,927183;9,470893E-1;1,215178E-3;3,680107E-3;9,488693E-1;;
30/11/2021  14:47:40,927283;9,466214E-1;8,965980E-4;3,364175E-3;9,489420E-1;;
30/11/2021  14:47:40,927383;9,459896E-1;8,965980E-4;2,732311E-3;9,490031E-1;;
30/11/2021  14:47:40,927483;9,454502E-1;5,780180E-4;3,680107E-3;9,490529E-1;;
30/11/2021  14:47:40,927583;9,455604E-1;4,400978E-3;8,103155E-3;9,490916E-1;;
30/11/2021  14:47:40,927683;9,450508E-1;1,215178E-3;3,364175E-3;9,491195E-1;;
30/11/2021  14:47:40,927783;9,459419E-1;5,038138E-3;1,157841E-2;9,491366E-1;;
30/11/2021  14:47:40,927883;9,458167E-1;5,675298E-3;8,735019E-3;9,491434E-1;;
30/11/2021  14:47:40,927983;9,458167E-1;1,236548E-2;1,789705E-2;9,491401E-1;;
30/11/2021  14:47:40,928083;9,445739E-1;1,045400E-2;1,378993E-2;9,491273E-1;;
30/11/2021  14:47:40,928183;9,439600E-1;1,077258E-2;1,568552E-2;9,491052E-1;;
30/11/2021  14:47:40,928283;9,435636E-1;1,523270E-2;1,821298E-2;9,490739E-1;;
30/11/2021  14:47:40,928383;9,440882E-1;1,523270E-2;1,821298E-2;9,490336E-1;;
30/11/2021  14:47:40,928483;9,441180E-1;1,523270E-2;1,600145E-2;9,489844E-1;;
30/11/2021  14:47:40,928583;9,435308E-1;1,714418E-2;1,916077E-2;9,489266E-1;;
30/11/2021  14:47:40,928683;9,431017E-1;1,063466E-1;9,909157E-2;9,488603E-1;;
30/11/2021  14:47:40,928783;9,427589E-1;1,117624E-1;1,006712E-1;9,487859E-1;;
30/11/2021  14:47:40,928883;9,418291E-1;1,618844E-2;1,821298E-2;9,487033E-1;;
30/11/2021  14:47:40,928983;9,416860E-1;1,746276E-2;2,074043E-2;9,486128E-1;;
30/11/2021  14:47:40,929083;9,416294E-1;2,542726E-2;3,938042E-2;9,485142E-1;;
30/11/2021  14:47:40,929183;9,417456E-1;1,315144E-1;1,338441E-1;9,484078E-1;;
30/11/2021  14:47:40,929283;9,415281E-1;8,946184E-2;9,972343E-2;9,482936E-1;;
30/11/2021  14:47:40,929383;9,400558E-1;1,229127E-1;1,351078E-1;9,481718E-1;;
30/11/2021  14:47:40,929483;9,395223E-1;1,210013E-1;1,569071E-1;9,480424E-1;;
30/11/2021  14:47:40,929583;9,389799E-1;1,311958E-1;1,310007E-1;9,479054E-1;;
30/11/2021  14:47:40,929683;9,388756E-1;1,260985E-1;1,300529E-1;9,477607E-1;;
30/11/2021  14:47:40,929783;9,387475E-1;1,213198E-1;1,284732E-1;9,476082E-1;;
30/11/2021  14:47:40,929883;9,382498E-1;9,965640E-2;9,119327E-2;9,474479E-1;;
30/11/2021  14:47:40,929983;9,381514E-1;1,289658E-1;1,275255E-1;9,472798E-1;;
30/11/2021  14:47:40,930083;9,369265E-1;1,388417E-1;1,341600E-1;9,471038E-1;;
30/11/2021  14:47:40,930183;9,366493E-1;1,117624E-1;1,092014E-1;9,469200E-1;;
30/11/2021  14:47:40,930283;9,360950E-1;1,366117E-1;1,654373E-1;9,467283E-1;;
30/11/2021  14:47:40,930383;9,360354E-1;1,168597E-1;1,158360E-1;9,465286E-1;;
30/11/2021  14:47:40,930483;9,364795E-1;1,296029E-1;1,629098E-1;9,463210E-1;;
30/11/2021  14:47:40,930583;9,358625E-1;1,041165E-1;1,218387E-1;9,461054E-1;;
30/11/2021  14:47:40,930683;9,349416E-1;1,283286E-1;1,411105E-1;9,458821E-1;;
30/11/2021  14:47:40,930783;9,342502E-1;-1,981110E-2;2,358382E-2;9,456511E-1;;
30/11/2021  14:47:40,930883;9,335200E-1;1,331073E-1;1,281573E-1;9,454126E-1;;
30/11/2021  14:47:40,930983;9,325663E-1;1,162226E-1;1,246821E-1;9,451663E-1;;
30/11/2021  14:47:40,931083;9,324084E-1;1,280100E-1;1,328963E-1;9,449122E-1;;
30/11/2021  14:47:40,931183;9,325604E-1;1,264171E-1;1,278414E-1;9,446503E-1;;
30/11/2021  14:47:40,931283;9,317676E-1;1,206827E-1;1,161519E-1;9,443805E-1;;
30/11/2021  14:47:40,931383;9,309093E-1;1,229127E-1;1,152041E-1;9,441028E-1;;
30/11/2021  14:47:40,931483;9,303937E-1;1,292843E-1;1,243661E-1;9,438173E-1;;
30/11/2021  14:47:40,931583;9,295294E-1;1,251428E-1;1,240502E-1;9,435238E-1;;
30/11/2021  14:47:40,931683;9,302238E-1;1,190898E-1;1,234183E-1;9,432224E-1;;
30/11/2021  14:47:40,931783;9,302178E-1;1,235499E-1;1,237343E-1;9,429130E-1;;
30/11/2021  14:47:40,931883;9,305248E-1;1,684697E-1;1,758630E-1;9,425959E-1;;
30/11/2021  14:47:40,931983;9,301940E-1;1,241871E-1;1,152041E-1;9,422715E-1;;
30/11/2021  14:47:40,932083;9,294310E-1;1,085766E-1;1,268936E-1;9,419402E-1;;
30/11/2021  14:47:40,932183;9,292552E-1;1,283286E-1;1,338441E-1;9,416024E-1;;
30/11/2021  14:47:40,932283;9,293744E-1;1,232313E-1;1,126766E-1;9,412585E-1;;
30/11/2021  14:47:40,932383;9,293327E-1;1,334259E-1;1,319485E-1;9,409090E-1;;
30/11/2021  14:47:40,932483;9,299437E-1;1,111253E-1;1,202590E-1;9,405544E-1;;
30/11/2021  14:47:40,932583;9,298244E-1;1,254614E-1;1,227865E-1;9,401953E-1;;
30/11/2021  14:47:40,932683;9,295413E-1;1,251428E-1;1,379512E-1;9,398324E-1;;
30/11/2021  14:47:40,932783;9,298215E-1;1,171783E-1;1,167838E-1;9,394666E-1;;
30/11/2021  14:47:40,932883;9,293744E-1;1,197269E-1;1,167838E-1;9,390985E-1;;
30/11/2021  14:47:40,932983;9,293863E-1;1,413904E-1;1,673329E-1;9,387289E-1;;
30/11/2021  14:47:40,933083;9,297172E-1;1,534964E-1;1,461654E-1;9,383584E-1;;
30/11/2021  14:47:40,933183;9,300360E-1;1,136739E-1;8,361090E-2;9,379879E-1;;
30/11/2021  14:47:40,933283;9,304443E-1;1,098510E-1;1,006712E-1;9,376182E-1;;
30/11/2021  14:47:40,933383;9,305963E-1;9,137332E-2;6,655058E-2;9,372502E-1;;
30/11/2021  14:47:40,933483;9,307990E-1;1,165411E-1;1,095173E-1;9,368847E-1;;
30/11/2021  14:47:40,933583;9,311984E-1;1,206827E-1;1,322644E-1;9,365227E-1;;
30/11/2021  14:47:40,933683;9,312252E-1;1,187712E-1;1,559593E-1;9,361651E-1;;
30/11/2021  14:47:40,933783;9,315560E-1;1,111253E-1;1,341600E-1;9,358130E-1;;
30/11/2021  14:47:40,933883;9,321074E-1;1,286472E-1;1,240502E-1;9,354671E-1;;
30/11/2021  14:47:40,933983;9,329508E-1;1,248242E-1;1,521681E-1;9,351284E-1;;
30/11/2021  14:47:40,934083;9,331743E-1;1,914074E-1;2,504230E-1;9,347980E-1;;
30/11/2021  14:47:40,934183;9,339134E-1;1,219570E-1;1,145722E-1;9,344769E-1;;
30/11/2021  14:47:40,934283;9,343783E-1;1,187712E-1;1,152041E-1;9,341661E-1;;
30/11/2021  14:47:40,934383;9,350608E-1;1,120810E-1;1,101492E-1;9,338666E-1;;
30/11/2021  14:47:40,934483;9,359221E-1;1,168597E-1;1,183634E-1;9,335796E-1;;
30/11/2021  14:47:40,934583;9,365867E-1;1,200455E-1;1,117289E-1;9,333060E-1;;
30/11/2021  14:47:40,934683;9,371262E-1;1,171783E-1;1,120448E-1;9,330471E-1;;
30/11/2021  14:47:40,934783;9,375077E-1;1,190898E-1;1,202590E-1;9,328037E-1;;
30/11/2021  14:47:40,934883;9,372961E-1;1,101695E-1;9,845971E-2;9,325769E-1;;
30/11/2021  14:47:40,934983;9,367983E-1;1,873708E-2;1,315807E-2;9,323676E-1;;
30/11/2021  14:47:40,935083;9,383988E-1;8,627604E-2;6,907803E-2;9,321762E-1;;
30/11/2021  14:47:40,935183;9,392839E-1;-4,943904E-2;-8,325309E-3;9,320034E-1;;
30/11/2021  14:47:40,935283;9,390365E-1;1,296029E-1;1,559593E-1;9,318498E-1;;
30/11/2021  14:47:40,935383;9,391945E-1;4,868360E-2;8,329497E-2;9,317159E-1;;
30/11/2021  14:47:40,935483;9,394329E-1;9,615202E-2;1,003553E-1;9,316021E-1;;
30/11/2021  14:47:40,935583;9,383541E-1;1,152668E-1;1,202590E-1;9,315087E-1;;
30/11/2021  14:47:40,935683;9,389561E-1;1,120810E-1;1,193112E-1;9,314356E-1;;
30/11/2021  14:47:40,935783;9,393405E-1;7,894870E-2;7,160549E-2;9,313827E-1;;
30/11/2021  14:47:40,935883;9,399932E-1;1,009307E-1;9,751191E-2;9,313498E-1;;
30/11/2021  14:47:40,935983;9,397667E-1;1,123996E-1;1,401627E-1;9,313367E-1;;
30/11/2021  14:47:40,936083;9,394717E-1;1,155854E-1;1,243661E-1;9,313432E-1;;
30/11/2021  14:47:40,936183;9,385925E-1;1,085766E-1;1,104651E-1;9,313687E-1;;
30/11/2021  14:47:40,936283;9,380799E-1;9,997498E-2;9,150920E-2;9,314127E-1;;
30/11/2021  14:47:40,936383;9,383332E-1;9,519628E-2;9,466852E-2;9,314742E-1;;
30/11/2021  14:47:40,936483;9,385418E-1;9,424054E-2;8,898175E-2;9,315524E-1;;
30/11/2021  14:47:40,936583;9,383928E-1;1,190898E-1;1,505885E-1;9,316463E-1;;
30/11/2021  14:47:40,936683;9,380799E-1;-8,979382E-3;9,050951E-3;9,317550E-1;;
30/11/2021  14:47:40,936783;9,376000E-1;9,965640E-2;1,262617E-1;9,318773E-1;;
30/11/2021  14:47:40,936883;9,366702E-1;1,773899E-1;2,390494E-1;9,320122E-1;;
30/11/2021  14:47:40,936983;9,367030E-1;2,032998E-2;4,759465E-2;9,321584E-1;;
30/11/2021  14:47:40,937083;9,357314E-1;1,095324E-1;1,215227E-1;9,323146E-1;;
30/11/2021  14:47:40,937183;9,361278E-1;1,152668E-1;1,259458E-1;9,324793E-1;;
30/11/2021  14:47:40,937283;9,362410E-1;8,818752E-2;9,214107E-2;9,326512E-1;;
30/11/2021  14:47:40,937383;9,354065E-1;7,926728E-2;8,677022E-2;9,328290E-1;;
30/11/2021  14:47:40,937483;9,349625E-1;1,442576E-1;1,347919E-1;9,330113E-1;;
30/11/2021  14:47:40,937583;9,351324E-1;1,617795E-1;1,401627E-1;9,331969E-1;;
30/11/2021  14:47:40,937683;9,340505E-1;1,614609E-1;1,341600E-1;9,333843E-1;;
30/11/2021  14:47:40,937783;9,339641E-1;1,872659E-1;1,967146E-1;9,335723E-1;;
30/11/2021  14:47:40,937883;9,339104E-1;1,522221E-1;1,442698E-1;9,337596E-1;;
30/11/2021  14:47:40,937983;9,336780E-1;5,441804E-2;8,455870E-2;9,339450E-1;;
30/11/2021  14:47:40,938083;9,330640E-1;2,542726E-2;7,792413E-2;9,341272E-1;;
30/11/2021  14:47:40,938183;9,326676E-1;1,190898E-1;1,243661E-1;9,343051E-1;;
30/11/2021  14:47:40,938283;9,319911E-1;2,239026E-1;1,629098E-1;9,344775E-1;;
30/11/2021  14:47:40,938383;9,318093E-1;1,340630E-1;1,208909E-1;9,346435E-1;;
30/11/2021  14:47:40,938483;9,323994E-1;1,229127E-1;1,240502E-1;9,348019E-1;;
30/11/2021  14:47:40,938583;9,323726E-1;1,283286E-1;1,259458E-1;9,349518E-1;;
30/11/2021  14:47:40,938683;9,328226E-1;1,260985E-1;1,347919E-1;9,350925E-1;;
30/11/2021  14:47:40,938783;9,320626E-1;1,283286E-1;1,325804E-1;9,352236E-1;;
30/11/2021  14:47:40,938883;9,320835E-1;1,289658E-1;1,265777E-1;9,353445E-1;;
30/11/2021  14:47:40,938983;9,319047E-1;1,315144E-1;1,284732E-1;9,354547E-1;;
30/11/2021  14:47:40,939083;9,323339E-1;1,299215E-1;1,284732E-1;9,355540E-1;;
30/11/2021  14:47:40,939183;9,329389E-1;1,229127E-1;1,208909E-1;9,356422E-1;;
30/11/2021  14:47:40,939283;9,333561E-1;1,006121E-1;9,719598E-2;9,357191E-1;;
30/11/2021  14:47:40,939383;9,334902E-1;1,235499E-1;1,341600E-1;9,357851E-1;;
30/11/2021  14:47:40,939483;9,331445E-1;1,292843E-1;1,170997E-1;9,358402E-1;;
30/11/2021  14:47:40,939583;9,331534E-1;1,022050E-1;9,814378E-2;9,358848E-1;;
30/11/2021  14:47:40,939683;9,334992E-1;1,455319E-1;1,509044E-1;9,359192E-1;;
30/11/2021  14:47:40,939783;9,338985E-1;1,582751E-1;1,496407E-1;9,359437E-1;;
30/11/2021  14:47:40,939883;9,340952E-1;1,429833E-1;1,486929E-1;9,359589E-1;;
30/11/2021  14:47:40,939983;9,347628E-1;1,213198E-1;1,215227E-1;9,359652E-1;;
30/11/2021  14:47:40,940083;9,346346E-1;1,458505E-1;1,569071E-1;9,359632E-1;;
30/11/2021  14:47:40,940183;9,354483E-1;1,417090E-1;1,575390E-1;9,359538E-1;;
30/11/2021  14:47:40,940283;9,353827E-1;1,260985E-1;1,243661E-1;9,359376E-1;;
30/11/2021  14:47:40,940383;9,355466E-1;1,280100E-1;1,344760E-1;9,359154E-1;;
30/11/2021  14:47:40,940483;9,369176E-1;1,311958E-1;1,436380E-1;9,358880E-1;;
30/11/2021  14:47:40,940583;9,375077E-1;1,149482E-1;9,403666E-2;9,358563E-1;;
30/11/2021  14:47:40,940683;9,385180E-1;1,391603E-1;1,442698E-1;9,358214E-1;;
30/11/2021  14:47:40,940783;9,389352E-1;1,181340E-1;1,063580E-1;9,357843E-1;;
30/11/2021  14:47:40,940883;9,390485E-1;8,149734E-2;9,751191E-2;9,357464E-1;;
30/11/2021  14:47:40,940983;9,398710E-1;1,159040E-1;1,218387E-1;9,357087E-1;;
30/11/2021  14:47:40,941083;9,406727E-1;1,375674E-1;1,483770E-1;9,356723E-1;;
30/11/2021  14:47:40,941183;9,412509E-1;7,193994E-2;8,645429E-2;9,356386E-1;;
30/11/2021  14:47:40,941283;9,418976E-1;1,280100E-1;1,294210E-1;9,356085E-1;;
30/11/2021  14:47:40,941383;9,424579E-1;1,751599E-1;1,610142E-1;9,355833E-1;;
30/11/2021  14:47:40,941483;9,423894E-1;1,092138E-1;1,420583E-1;9,355642E-1;;
30/11/2021  14:47:40,941583;9,425712E-1;1,525407E-1;1,992420E-1;9,355521E-1;;
30/11/2021  14:47:40,941683;9,415489E-1;1,143111E-1;1,196272E-1;9,355479E-1;;
30/11/2021  14:47:40,941783;9,421957E-1;1,280100E-1;1,278414E-1;9,355522E-1;;
30/11/2021  14:47:40,941883;9,425086E-1;1,248242E-1;1,284732E-1;9,355654E-1;;
30/11/2021  14:47:40,941983;9,431136E-1;8,595746E-2;9,877564E-2;9,355881E-1;;
30/11/2021  14:47:40,942083;9,432328E-1;1,311958E-1;1,268936E-1;9,356206E-1;;
30/11/2021  14:47:40,942183;9,433282E-1;1,254614E-1;1,066739E-1;9,356633E-1;;
30/11/2021  14:47:40,942283;9,427262E-1;1,123996E-1;9,087734E-2;9,357164E-1;;
30/11/2021  14:47:40,942383;9,421927E-1;5,792242E-2;4,285567E-2;9,357799E-1;;
30/11/2021  14:47:40,942483;9,429199E-1;1,289658E-1;1,237343E-1;9,358539E-1;;
30/11/2021  14:47:40,942583;9,424490E-1;1,318330E-1;1,145722E-1;9,359380E-1;;
30/11/2021  14:47:40,942683;9,430302E-1;1,378860E-1;1,467973E-1;9,360320E-1;;
30/11/2021  14:47:40,942783;9,431970E-1;1,519035E-1;1,695444E-1;9,361356E-1;;
30/11/2021  14:47:40,942883;9,421688E-1;9,455912E-2;9,435259E-2;9,362486E-1;;
30/11/2021  14:47:40,942983;9,426308E-1;1,012493E-1;1,098333E-1;9,363706E-1;;
30/11/2021  14:47:40,943083;9,418947E-1;1,308772E-1;1,382671E-1;9,365009E-1;;
30/11/2021  14:47:40,943183;9,424937E-1;1,334259E-1;1,407946E-1;9,366389E-1;;
30/11/2021  14:47:40,943283;9,427798E-1;1,362931E-1;1,306848E-1;9,367842E-1;;
30/11/2021  14:47:40,943383;9,428394E-1;1,331073E-1;1,385831E-1;9,369361E-1;;
30/11/2021  14:47:40,943483;9,427828E-1;1,318330E-1;1,249980E-1;9,370941E-1;;
30/11/2021  14:47:40,943583;9,423089E-1;1,378860E-1;1,341600E-1;9,372576E-1;;
30/11/2021  14:47:40,943683;9,419870E-1;1,353374E-1;1,275255E-1;9,374261E-1;;
30/11/2021  14:47:40,943783;9,419096E-1;1,241871E-1;1,234183E-1;9,375987E-1;;
30/11/2021  14:47:40,943883;9,428692E-1;1,267357E-1;1,275255E-1;9,377749E-1;;
30/11/2021  14:47:40,943983;9,428335E-1;1,082581E-1;1,452176E-1;9,379540E-1;;
30/11/2021  14:47:40,944083;9,427709E-1;1,327887E-1;1,272095E-1;9,381354E-1;;
30/11/2021  14:47:40,944183;9,421420E-1;1,289658E-1;1,354238E-1;9,383186E-1;;
30/11/2021  14:47:40,944283;9,412688E-1;1,650702E-2;1,789705E-2;9,385030E-1;;
30/11/2021  14:47:40,944383;9,415936E-1;1,215178E-3;3,680107E-3;9,386879E-1;;
30/11/2021  14:47:40,944483;9,415430E-1;5,675298E-3;7,471291E-3;9,388726E-1;;
30/11/2021  14:47:40,944583;9,419006E-1;5,356718E-3;7,787223E-3;9,390563E-1;;
30/11/2021  14:47:40,944683;9,420884E-1;4,400978E-3;5,891631E-3;9,392385E-1;;
30/11/2021  14:47:40,944783;9,421420E-1;8,223938E-3;1,031468E-2;9,394186E-1;;
30/11/2021  14:47:40,944883;9,423924E-1;6,949618E-3;9,366883E-3;9,395962E-1;;
30/11/2021  14:47:40,944983;9,428841E-1;5,993878E-3;8,103155E-3;9,397710E-1;;
30/11/2021  14:47:40,945083;9,426219E-1;5,038138E-3;7,471291E-3;9,399426E-1;;
30/11/2021  14:47:40,945183;9,433431E-1;4,400978E-3;5,891631E-3;9,401108E-1;;
30/11/2021  14:47:40,945283;9,442402E-1;2,808078E-3;4,943835E-3;9,402756E-1;;
30/11/2021  14:47:40,945383;9,451909E-1;1,852338E-3;3,364175E-3;9,404368E-1;;
30/11/2021  14:47:40,945483;9,447349E-1;1,533758E-3;3,996039E-3;9,405948E-1;;
30/11/2021  14:47:40,945583;9,444786E-1;1,215178E-3;3,680107E-3;9,407498E-1;;
30/11/2021  14:47:40,945683;9,451879E-1;1,533758E-3;3,680107E-3;9,409018E-1;;
30/11/2021  14:47:40,945783;9,449852E-1;6,949618E-3;9,050951E-3;9,410511E-1;;
30/11/2021  14:47:40,945883;9,457780E-1;1,852338E-3;3,364175E-3;9,411979E-1;;
30/11/2021  14:47:40,945983;9,462250E-1;1,533758E-3;3,048243E-3;9,413423E-1;;
30/11/2021  14:47:40,946083;9,468122E-1;1,533758E-3;3,364175E-3;9,414846E-1;;
30/11/2021  14:47:40,946183;9,463025E-1;5,780180E-4;3,364175E-3;9,416253E-1;;
30/11/2021  14:47:40,946283;9,461952E-1;1,215178E-3;3,680107E-3;9,417646E-1;;
30/11/2021  14:47:40,946383;9,461505E-1;1,215178E-3;3,364175E-3;9,419027E-1;;
30/11/2021  14:47:40,946483;9,466125E-1;8,965980E-4;3,048243E-3;9,420398E-1;;
30/11/2021  14:47:40,946583;9,464635E-1;8,965980E-4;3,048243E-3;9,421759E-1;;
30/11/2021  14:47:40,946683;9,469761E-1;1,215178E-3;3,364175E-3;9,423113E-1;;
30/11/2021  14:47:40,946783;9,470744E-1;5,780180E-4;3,364175E-3;9,424460E-1;;
30/11/2021  14:47:40,946883;9,472652E-1;8,965980E-4;3,048243E-3;9,425803E-1;;
30/11/2021  14:47:40,946983;9,468360E-1;8,965980E-4;3,048243E-3;9,427142E-1;;
30/11/2021  14:47:40,947083;9,461833E-1;5,780180E-4;3,680107E-3;9,428477E-1;;
30/11/2021  14:47:40,947183;9,462340E-1;3,126658E-3;4,627903E-3;9,429810E-1;;
30/11/2021  14:47:40,947283;9,467347E-1;2,808078E-3;4,311971E-3;9,431136E-1;;
30/11/2021  14:47:40,947383;9,472085E-1;5,780180E-4;3,680107E-3;9,432457E-1;;
30/11/2021  14:47:40,947483;9,468181E-1;-5,914200E-5;8,419087E-3;9,433771E-1;;
30/11/2021  14:47:40,947583;9,471757E-1;1,215178E-3;3,680107E-3;9,435078E-1;;
30/11/2021  14:47:40,947683;9,463562E-1;1,533758E-3;4,311971E-3;9,436376E-1;;
30/11/2021  14:47:40,947783;9,464664E-1;1,533758E-3;4,311971E-3;9,437666E-1;;
30/11/2021  14:47:40,947883;9,466423E-1;2,594380E-4;2,416379E-3;9,438945E-1;;
30/11/2021  14:47:40,947983;9,470267E-1;6,631038E-3;8,103155E-3;9,440211E-1;;
30/11/2021  14:47:40,948083;9,467883E-1;1,109116E-2;1,315807E-2;9,441463E-1;;
30/11/2021  14:47:40,948183;9,464605E-1;1,459554E-2;1,663332E-2;9,442699E-1;;
30/11/2021  14:47:40,948283;9,454174E-1;1,650702E-2;1,884484E-2;9,443918E-1;;
30/11/2021  14:47:40,948383;9,451551E-1;1,586986E-2;1,663332E-2;9,445117E-1;;
30/11/2021  14:47:40,948483;9,451432E-1;1,332122E-2;1,442179E-2;9,446291E-1;;
30/11/2021  14:47:40,948583;9,458287E-1;1,555128E-2;1,600145E-2;9,447436E-1;;
30/11/2021  14:47:40,948683;9,455455E-1;2,415294E-2;5,264957E-2;9,448549E-1;;
30/11/2021  14:47:40,948783;9,459151E-1;5,855958E-2;5,802041E-2;9,449627E-1;;
30/11/2021  14:47:40,948883;9,455187E-1;1,682560E-2;2,137230E-2;9,450669E-1;;
30/11/2021  14:47:40,948983;9,450806E-1;8,659462E-2;1,069899E-1;9,451671E-1;;
30/11/2021  14:47:40,949083;9,455664E-1;1,340630E-1;1,354238E-1;9,452633E-1;;
30/11/2021  14:47:40,949183;9,448273E-1;1,746276E-2;1,916077E-2;9,453552E-1;;
30/11/2021  14:47:40,949283;9,455574E-1;7,767438E-2;9,277293E-2;9,454426E-1;;
30/11/2021  14:47:40,949383;9,463174E-1;2,927159E-1;3,344609E-1;9,455254E-1;;
30/11/2021  14:47:40,949483;9,459657E-1;1,152668E-1;1,050943E-1;9,456035E-1;;
30/11/2021  14:47:40,949583;9,455306E-1;1,235499E-1;1,259458E-1;9,456771E-1;;
30/11/2021  14:47:40,949683;9,453607E-1;1,337445E-1;1,316326E-1;9,457462E-1;;
30/11/2021  14:47:40,949783;9,455634E-1;1,225942E-1;1,088855E-1;9,458108E-1;;
30/11/2021  14:47:40,949883;9,452445E-1;8,022302E-2;8,771802E-2;9,458707E-1;;
30/11/2021  14:47:40,949983;9,460641E-1;1,050723E-1;1,133085E-1;9,459262E-1;;
30/11/2021  14:47:40,950083;9,456826E-1;9,009900E-2;1,133085E-1;9,459771E-1;;
30/11/2021  14:47:40,950183;9,455723E-1;5,409946E-2;6,244346E-2;9,460236E-1;;
30/11/2021  14:47:40,950283;9,450001E-1;5,855958E-2;1,335282E-1;9,460659E-1;;
30/11/2021  14:47:40,950383;9,442402E-1;1,366117E-1;1,376353E-1;9,461038E-1;;
30/11/2021  14:47:40,950483;9,436948E-1;1,194084E-1;1,246821E-1;9,461373E-1;;
30/11/2021  14:47:40,950583;9,442878E-1;1,283286E-1;1,316326E-1;9,461663E-1;;
30/11/2021  14:47:40,950683;9,442998E-1;1,283286E-1;1,306848E-1;9,461904E-1;;
30/11/2021  14:47:40,950783;9,440137E-1;1,264171E-1;1,300529E-1;9,462097E-1;;
30/11/2021  14:47:40,950883;9,436709E-1;1,251428E-1;1,291051E-1;9,462241E-1;;
30/11/2021  14:47:40,950983;9,426219E-1;1,260985E-1;1,281573E-1;9,462335E-1;;
30/11/2021  14:47:40,951083;9,419304E-1;1,254614E-1;1,259458E-1;9,462377E-1;;
30/11/2021  14:47:40,951183;9,417963E-1;1,267357E-1;1,262617E-1;9,462363E-1;;
30/11/2021  14:47:40,951283;9,418529E-1;1,127182E-1;1,167838E-1;9,462291E-1;;
30/11/2021  14:47:40,951383;9,413671E-1;1,203641E-1;1,287892E-1;9,462158E-1;;
30/11/2021  14:47:40,951483;9,417903E-1;1,184526E-1;1,079377E-1;9,461960E-1;;
30/11/2021  14:47:40,951583;9,400618E-1;5,059508E-2;9,277293E-2;9,461697E-1;;
30/11/2021  14:47:40,951683;9,406012E-1;1,391603E-1;1,449017E-1;9,461364E-1;;
30/11/2021  14:47:40,951783;9,400499E-1;1,353374E-1;1,278414E-1;9,460961E-1;;
30/11/2021  14:47:40,951883;9,399753E-1;1,264171E-1;1,328963E-1;9,460484E-1;;
30/11/2021  14:47:40,951983;9,405774E-1;1,630538E-1;1,638576E-1;9,459932E-1;;
30/11/2021  14:47:40,952083;9,404671E-1;1,232313E-1;1,199431E-1;9,459305E-1;;
30/11/2021  14:47:40,952183;9,403062E-1;1,538150E-1;1,774427E-1;9,458603E-1;;
30/11/2021  14:47:40,952283;9,400499E-1;1,280100E-1;1,426902E-1;9,457827E-1;;
30/11/2021  14:47:40,952383;9,393674E-1;1,308772E-1;1,300529E-1;9,456978E-1;;
30/11/2021  14:47:40,952483;9,385001E-1;1,401161E-1;1,515363E-1;9,456058E-1;;
30/11/2021  14:47:40,952583;9,384971E-1;1,378860E-1;1,461654E-1;9,455066E-1;;
30/11/2021  14:47:40,952683;9,389829E-1;1,109116E-2;5,644075E-2;9,454001E-1;;
30/11/2021  14:47:40,952783;9,389680E-1;1,353374E-1;1,297370E-1;9,452865E-1;;
30/11/2021  14:47:40,952883;9,379100E-1;1,219570E-1;9,877564E-2;9,451659E-1;;
30/11/2021  14:47:40,952983;9,366553E-1;3,243602E-2;1,789705E-2;9,450384E-1;;
30/11/2021  14:47:40,953083;9,365569E-1;1,076209E-1;1,044624E-1;9,449040E-1;;
30/11/2021  14:47:40,953183;9,363811E-1;1,108067E-1;1,347919E-1;9,447626E-1;;
30/11/2021  14:47:40,953283;9,362351E-1;1,210013E-1;1,215227E-1;9,446140E-1;;
30/11/2021  14:47:40,953383;9,364079E-1;1,232313E-1;1,199431E-1;9,444584E-1;;
30/11/2021  14:47:40,953483;9,361755E-1;1,299215E-1;1,461654E-1;9,442957E-1;;
30/11/2021  14:47:40,953583;9,356807E-1;1,028422E-1;1,325804E-1;9,441261E-1;;
30/11/2021  14:47:40,953683;9,349893E-1;1,420275E-1;1,486929E-1;9,439498E-1;;
30/11/2021  14:47:40,953783;9,340982E-1;1,012493E-1;1,016190E-1;9,437668E-1;;
30/11/2021  14:47:40,953883;9,346823E-1;1,238685E-1;1,215227E-1;9,435771E-1;;
30/11/2021  14:47:40,953983;9,348194E-1;1,181340E-1;1,170997E-1;9,433807E-1;;
30/11/2021  14:47:40,954083;9,351383E-1;1,235499E-1;1,126766E-1;9,431779E-1;;
30/11/2021  14:47:40,954183;9,347896E-1;1,254614E-1;1,212068E-1;9,429691E-1;;
30/11/2021  14:47:40,954283;9,343247E-1;8,723178E-2;8,866581E-2;9,427544E-1;;
30/11/2021  14:47:40,954383;9,340088E-1;8,086018E-2;7,381701E-2;9,425344E-1;;
30/11/2021  14:47:40,954483;9,346317E-1;4,772786E-2;7,002583E-2;9,423092E-1;;
30/11/2021  14:47:40,954583;9,339373E-1;1,098510E-1;1,174156E-1;9,420794E-1;;
30/11/2021  14:47:40,954683;9,347807E-1;8,818752E-2;8,613836E-2;9,418452E-1;;
30/11/2021  14:47:40,954783;9,350429E-1;1,171783E-1;1,221546E-1;9,416072E-1;;
30/11/2021  14:47:40,954883;9,348433E-1;6,333828E-2;6,086380E-2;9,413661E-1;;
30/11/2021  14:47:40,954983;9,341280E-1;7,863012E-2;7,034176E-2;9,411224E-1;;
30/11/2021  14:47:40,955083;9,336213E-1;1,028422E-1;9,119327E-2;9,408766E-1;;
30/11/2021  14:47:40,955183;9,335319E-1;1,168597E-1;1,202590E-1;9,406291E-1;;
30/11/2021  14:47:40,955283;9,334425E-1;1,146297E-1;1,120448E-1;9,403804E-1;;
30/11/2021  14:47:40,955383;9,344856E-1;1,241871E-1;1,170997E-1;9,401309E-1;;
30/11/2021  14:47:40,955483;9,336154E-1;1,165411E-1;1,101492E-1;9,398809E-1;;
30/11/2021  14:47:40,955583;9,336929E-1;1,264171E-1;1,139404E-1;9,396310E-1;;
30/11/2021  14:47:40,955683;9,333859E-1;1,289658E-1;1,038306E-1;9,393816E-1;;
30/11/2021  14:47:40,955783;9,327869E-1;1,127182E-1;1,013031E-1;9,391331E-1;;
30/11/2021  14:47:40,955883;9,329389E-1;1,120810E-1;1,082536E-1;9,388858E-1;;
30/11/2021  14:47:40,955983;9,337108E-1;1,283286E-1;1,177316E-1;9,386400E-1;;
30/11/2021  14:47:40,956083;9,338627E-1;1,480806E-1;1,670170E-1;9,383961E-1;;
30/11/2021  14:47:40,956183;9,342234E-1;5,824100E-2;8,613836E-2;9,381546E-1;;
30/11/2021  14:47:40,956283;9,337525E-1;1,181340E-1;1,303688E-1;9,379159E-1;;
30/11/2021  14:47:40,956383;9,336839E-1;1,168597E-1;1,265777E-1;9,376805E-1;;
30/11/2021  14:47:40,956483;9,333025E-1;1,098510E-1;1,129926E-1;9,374489E-1;;
30/11/2021  14:47:40,956583;9,337823E-1;1,079395E-1;1,142563E-1;9,372214E-1;;
30/11/2021  14:47:40,956683;9,342919E-1;1,085766E-1;1,145722E-1;9,369984E-1;;
30/11/2021  14:47:40,956783;9,345542E-1;1,082581E-1;1,101492E-1;9,367801E-1;;
30/11/2021  14:47:40,956883;9,345184E-1;1,254614E-1;1,439539E-1;9,365672E-1;;
30/11/2021  14:47:40,956983;9,345125E-1;1,022050E-1;1,082536E-1;9,363600E-1;;
30/11/2021  14:47:40,957083;9,341518E-1;1,069837E-1;1,088855E-1;9,361590E-1;;
30/11/2021  14:47:40,957183;9,339015E-1;1,614609E-1;1,866047E-1;9,359644E-1;;
30/11/2021  14:47:40,957283;9,342681E-1;4,390490E-2;6,749837E-2;9,357764E-1;;
30/11/2021  14:47:40,957383;9,346674E-1;2,032998E-2;4,222381E-2;9,355954E-1;;
30/11/2021  14:47:40,957483;9,354065E-1;8,532030E-2;1,009872E-1;9,354215E-1;;
30/11/2021  14:47:40,957583;9,350429E-1;8,595746E-2;1,148882E-1;9,352551E-1;;
30/11/2021  14:47:40,957683;9,355764E-1;1,031608E-1;9,656411E-2;9,350965E-1;;
30/11/2021  14:47:40,957783;9,351979E-1;1,034794E-1;1,455336E-1;9,349459E-1;;
30/11/2021  14:47:40,957883;9,352098E-1;1,264171E-1;1,370034E-1;9,348036E-1;;
30/11/2021  14:47:40,957983;9,359847E-1;1,359745E-1;1,366875E-1;9,346698E-1;;
30/11/2021  14:47:40,958083;9,368162E-1;1,353374E-1;1,272095E-1;9,345447E-1;;
30/11/2021  14:47:40,958183;9,376239E-1;1,394789E-1;1,272095E-1;9,344287E-1;;
30/11/2021  14:47:40,958283;9,381276E-1;1,573194E-1;1,411105E-1;9,343221E-1;;
30/11/2021  14:47:40,958383;9,377610E-1;1,719741E-1;1,524841E-1;9,342254E-1;;
30/11/2021  14:47:40,958483;9,380590E-1;1,761156E-1;1,594346E-1;9,341389E-1;;
30/11/2021  14:47:40,958583;9,386223E-1;1,636910E-1;1,512204E-1;9,340632E-1;;
30/11/2021  14:47:40,958683;9,392720E-1;1,582751E-1;1,518522E-1;9,339983E-1;;
30/11/2021  14:47:40,958783;9,401005E-1;7,576290E-2;9,909157E-2;9,339447E-1;;
30/11/2021  14:47:40,958883;9,407472E-1;1,238685E-1;1,208909E-1;9,339028E-1;;
30/11/2021  14:47:40,958983;9,404641E-1;1,308772E-1;1,319485E-1;9,338730E-1;;
30/11/2021  14:47:40,959083;9,406042E-1;1,155854E-1;1,016190E-1;9,338556E-1;;
30/11/2021  14:47:40,959183;9,404254E-1;1,375674E-1;1,565912E-1;9,338508E-1;;
30/11/2021  14:47:40,959283;9,410840E-1;1,563636E-1;1,701763E-1;9,338588E-1;;
30/11/2021  14:47:40,959383;9,418172E-1;1,455319E-1;1,663851E-1;9,338797E-1;;
30/11/2021  14:47:40,959483;9,424937E-1;1,280100E-1;1,243661E-1;9,339135E-1;;
30/11/2021  14:47:40,959583;9,423566E-1;1,397975E-1;1,692285E-1;9,339603E-1;;
30/11/2021  14:47:40,959683;9,422255E-1;1,289658E-1;1,310007E-1;9,340202E-1;;
30/11/2021  14:47:40,959783;9,420198E-1;1,324701E-1;1,297370E-1;9,340932E-1;;
30/11/2021  14:47:40,959883;9,421301E-1;1,350188E-1;1,417424E-1;9,341791E-1;;
30/11/2021  14:47:40,959983;9,424579E-1;2,542726E-2;6,907803E-2;9,342775E-1;;
30/11/2021  14:47:40,960083;9,438974E-1;1,171783E-1;1,035146E-1;9,343883E-1;;
30/11/2021  14:47:40,960183;9,443236E-1;1,525407E-1;1,894481E-1;9,345110E-1;;
30/11/2021  14:47:40,960283;9,442968E-1;1,245056E-1;1,256299E-1;9,346458E-1;;
30/11/2021  14:47:40,960383;9,439391E-1;1,286472E-1;1,265777E-1;9,347923E-1;;
30/11/2021  14:47:40,960483;9,435159E-1;1,031608E-1;8,866581E-2;9,349502E-1;;
30/11/2021  14:47:40,960583;9,435994E-1;1,229127E-1;1,417424E-1;9,351193E-1;;
30/11/2021  14:47:40,960683;9,445620E-1;1,088952E-1;9,561632E-2;9,352988E-1;;
30/11/2021  14:47:40,960783;9,444130E-1;1,391603E-1;1,458495E-1;9,354883E-1;;
30/11/2021  14:47:40,960883;9,447438E-1;3,371034E-2;5,233363E-2;9,356873E-1;;
30/11/2021  14:47:40,960983;9,452207E-1;1,347002E-1;1,824976E-1;9,358953E-1;;
30/11/2021  14:47:40,961083;9,441239E-1;1,630538E-1;1,565912E-1;9,361119E-1;;
30/11/2021  14:47:40,961183;9,441031E-1;1,241871E-1;1,142563E-1;9,363364E-1;;
30/11/2021  14:47:40,961283;9,444398E-1;1,264171E-1;1,262617E-1;9,365680E-1;;
30/11/2021  14:47:40,961383;9,445024E-1;1,260985E-1;1,287892E-1;9,368061E-1;;
30/11/2021  14:47:40,961483;9,447796E-1;1,235499E-1;1,246821E-1;9,370499E-1;;
30/11/2021  14:47:40,961583;9,449048E-1;1,114439E-1;1,006712E-1;9,372988E-1;;
30/11/2021  14:47:40,961683;9,444726E-1;1,369303E-1;1,322644E-1;9,375521E-1;;
30/11/2021  14:47:40,961783;9,445024E-1;1,190898E-1;1,199431E-1;9,378090E-1;;
30/11/2021  14:47:40,961883;9,437693E-1;1,168597E-1;1,092014E-1;9,380688E-1;;
30/11/2021  14:47:40,961983;9,441865E-1;1,308772E-1;1,221546E-1;9,383308E-1;;
30/11/2021  14:47:40,962083;9,449316E-1;7,703722E-2;9,087734E-2;9,385940E-1;;
30/11/2021  14:47:40,962183;9,450299E-1;1,276914E-1;1,442698E-1;9,388578E-1;;
30/11/2021  14:47:40,962283;9,450210E-1;1,213198E-1;1,243661E-1;9,391216E-1;;
30/11/2021  14:47:40,962383;9,453250E-1;1,433019E-1;1,401627E-1;9,393849E-1;;
30/11/2021  14:47:40,962483;9,449405E-1;1,245056E-1;1,259458E-1;9,396471E-1;;
30/11/2021  14:47:40,962583;9,452356E-1;1,267357E-1;1,357397E-1;9,399077E-1;;
30/11/2021  14:47:40,962683;9,458555E-1;1,337445E-1;1,363715E-1;9,401663E-1;;
30/11/2021  14:47:40,962783;9,471370E-1;1,283286E-1;1,272095E-1;9,404225E-1;;
30/11/2021  14:47:40,962883;9,474291E-1;1,324701E-1;1,436380E-1;9,406761E-1;;
30/11/2021  14:47:40,962983;9,479924E-1;1,372488E-1;1,398468E-1;9,409271E-1;;
30/11/2021  14:47:40,963083;9,479447E-1;1,401161E-1;1,256299E-1;9,411755E-1;;
30/11/2021  14:47:40,963183;9,481354E-1;1,461691E-1;1,357397E-1;9,414214E-1;;
30/11/2021  14:47:40,963283;9,490116E-1;1,257800E-1;1,268936E-1;9,416648E-1;;
30/11/2021  14:47:40,963383;9,494974E-1;1,334259E-1;1,303688E-1;9,419060E-1;;
30/11/2021  14:47:40,963483;9,505345E-1;1,302401E-1;1,654373E-1;9,421450E-1;;
30/11/2021  14:47:40,963583;9,515091E-1;1,235499E-1;1,186794E-1;9,423824E-1;;
30/11/2021  14:47:40,963683;9,515359E-1;1,139925E-1;1,366875E-1;9,426185E-1;;
30/11/2021  14:47:40,963783;9,517714E-1;1,340630E-1;1,436380E-1;9,428537E-1;;
30/11/2021  14:47:40,963883;9,519234E-1;6,907272E-2;1,000394E-1;9,430886E-1;;
30/11/2021  14:47:40,963983;9,523495E-1;1,401161E-1;1,433221E-1;9,433236E-1;;
30/11/2021  14:47:40,964083;9,534433E-1;1,404346E-1;1,379512E-1;9,435589E-1;;
30/11/2021  14:47:40,964183;9,546980E-1;1,458505E-1;1,344760E-1;9,437950E-1;;
30/11/2021  14:47:40,964283;9,550467E-1;1,491412E-2;1,884484E-2;9,440325E-1;;
30/11/2021  14:47:40,964383;9,551540E-1;3,763818E-3;6,523495E-3;9,442719E-1;;
30/11/2021  14:47:40,964483;9,549543E-1;5,993878E-3;8,103155E-3;9,445139E-1;;
30/11/2021  14:47:40,964583;9,551242E-1;6,949618E-3;9,366883E-3;9,447587E-1;;
30/11/2021  14:47:40,964683;9,556130E-1;2,489498E-3;3,996039E-3;9,450068E-1;;
30/11/2021  14:47:40,964783;9,564415E-1;1,215178E-3;3,364175E-3;9,452582E-1;;
30/11/2021  14:47:40,964883;9,562567E-1;6,949618E-3;7,471291E-3;9,455134E-1;;
30/11/2021  14:47:40,964983;9,560958E-1;5,780180E-4;3,364175E-3;9,457724E-1;;
30/11/2021  14:47:40,965083;9,562031E-1;5,675298E-3;7,471291E-3;9,460354E-1;;
30/11/2021  14:47:40,965183;9,555206E-1;5,038138E-3;7,787223E-3;9,463023E-1;;
30/11/2021  14:47:40,965283;9,556547E-1;4,400978E-3;6,523495E-3;9,465729E-1;;
30/11/2021  14:47:40,965383;9,555891E-1;7,268198E-3;8,735019E-3;9,468470E-1;;
30/11/2021  14:47:40,965483;9,557769E-1;5,780180E-4;3,048243E-3;9,471241E-1;;
30/11/2021  14:47:40,965583;9,555534E-1;3,445238E-3;5,259767E-3;9,474039E-1;;
30/11/2021  14:47:40,965683;9,545371E-1;8,542518E-3;9,998747E-3;9,476860E-1;;
30/11/2021  14:47:40,965783;9,541556E-1;3,126658E-3;4,943835E-3;9,479696E-1;;
30/11/2021  14:47:40,965883;9,540871E-1;1,852338E-3;3,680107E-3;9,482541E-1;;
30/11/2021  14:47:40,965983;9,531751E-1;1,852338E-3;4,311971E-3;9,485387E-1;;
30/11/2021  14:47:40,966083;9,538069E-1;1,533758E-3;3,680107E-3;9,488224E-1;;
30/11/2021  14:47:40,966183;9,531036E-1;1,215178E-3;3,364175E-3;9,491043E-1;;
30/11/2021  14:47:40,966283;9,529903E-1;8,965980E-4;3,680107E-3;9,493837E-1;;
30/11/2021  14:47:40,966383;9,525045E-1;8,965980E-4;3,680107E-3;9,496596E-1;;
30/11/2021  14:47:40,966483;9,517147E-1;1,215178E-3;3,996039E-3;9,499312E-1;;
30/11/2021  14:47:40,966583;9,505137E-1;5,780180E-4;3,364175E-3;9,501974E-1;;
30/11/2021  14:47:40,966683;9,505196E-1;5,780180E-4;3,364175E-3;9,504572E-1;;
30/11/2021  14:47:40,966783;9,499295E-1;1,852338E-3;4,627903E-3;9,507095E-1;;
30/11/2021  14:47:40,966883;9,499027E-1;1,852338E-3;4,311971E-3;9,509532E-1;;
30/11/2021  14:47:40,966983;9,495093E-1;2,594380E-4;3,680107E-3;9,511872E-1;;
30/11/2021  14:47:40,967083;9,481354E-1;-5,914200E-5;2,416379E-3;9,514107E-1;;
30/11/2021  14:47:40,967183;9,473426E-1;1,215178E-3;3,996039E-3;9,516227E-1;;
30/11/2021  14:47:40,967283;9,461684E-1;8,965980E-4;3,364175E-3;9,518220E-1;;
30/11/2021  14:47:40,967383;9,459896E-1;8,965980E-4;3,364175E-3;9,520076E-1;;
30/11/2021  14:47:40,967483;9,456945E-1;1,215178E-3;2,416379E-3;9,521783E-1;;
30/11/2021  14:47:40,967583;9,456320E-1;8,965980E-4;3,364175E-3;9,523331E-1;;
30/11/2021  14:47:40,967683;9,444309E-1;7,586778E-3;1,094654E-2;9,524714E-1;;
30/11/2021  14:47:40,967783;9,433550E-1;1,109116E-2;1,536959E-2;9,525921E-1;;
30/11/2021  14:47:40,967883;9,424520E-1;1,013542E-2;1,315807E-2;9,526946E-1;;
30/11/2021  14:47:40,967983;9,414178E-1;1,852338E-3;7,787223E-3;9,527778E-1;;
30/11/2021  14:47:40,968083;9,418082E-1;1,555128E-2;1,852891E-2;9,528411E-1;;
30/11/2021  14:47:40,968183;9,418500E-1;1,841850E-2;2,453162E-2;9,528836E-1;;
30/11/2021  14:47:40,968283;9,414864E-1;6,949618E-3;1,789705E-2;9,529050E-1;;
30/11/2021  14:47:40,968383;9,412748E-1;1,555128E-2;1,852891E-2;9,529050E-1;;
30/11/2021  14:47:40,968483;9,397935E-1;1,268406E-2;1,600145E-2;9,528833E-1;;
30/11/2021  14:47:40,968583;9,393435E-1;1,873708E-2;1,947671E-2;9,528398E-1;;
30/11/2021  14:47:40,968683;9,385895E-1;1,459554E-2;1,505366E-2;9,527744E-1;;
30/11/2021  14:47:40,968783;9,391617E-1;1,714418E-2;1,726518E-2;9,526868E-1;;
30/11/2021  14:47:40,968883;9,390365E-1;5,027650E-2;4,759465E-2;9,525772E-1;;
30/11/2021  14:47:40,968983;9,392422E-1;5,887816E-2;6,149566E-2;9,524458E-1;;
30/11/2021  14:47:40,969083;9,384166E-1;3,466608E-2;3,938042E-2;9,522929E-1;;
30/11/2021  14:47:40,969183;9,379309E-1;9,009900E-2;8,929768E-2;9,521192E-1;;
30/11/2021  14:47:40,969283;9,373914E-1;2,917601E-1;2,956013E-1;9,519251E-1;;
30/11/2021  14:47:40,969383;9,378176E-1;3,721472E-2;3,432551E-2;9,517111E-1;;
30/11/2021  14:47:40,969483;9,380501E-1;9,519628E-2;1,189953E-1;9,514778E-1;;
30/11/2021  14:47:40,969583;9,378623E-1;1,337445E-1;1,439539E-1;9,512261E-1;;
30/11/2021  14:47:40,969683;9,374749E-1;1,171783E-1;1,256299E-1;9,509569E-1;;
30/11/2021  14:47:40,969783;9,369384E-1;1,101695E-1;9,435259E-2;9,506711E-1;;
30/11/2021  14:47:40,969883;9,361457E-1;1,840801E-1;1,979783E-1;9,503695E-1;;
30/11/2021  14:47:40,969983;9,356450E-1;1,187712E-1;1,193112E-1;9,500531E-1;;
30/11/2021  14:47:40,970083;9,355407E-1;1,174969E-1;1,275255E-1;9,497226E-1;;
30/11/2021  14:47:40,970183;9,362112E-1;1,260985E-1;1,268936E-1;9,493788E-1;;
30/11/2021  14:47:40,970283;9,363841E-1;1,229127E-1;1,259458E-1;9,490227E-1;;
30/11/2021  14:47:40,970383;9,358894E-1;1,260985E-1;1,259458E-1;9,486553E-1;;
30/11/2021  14:47:40,970483;9,346346E-1;1,308772E-1;1,281573E-1;9,482777E-1;;
30/11/2021  14:47:40,970583;9,341697E-1;1,343816E-1;1,303688E-1;9,478908E-1;;
30/11/2021  14:47:40,970683;9,337882E-1;1,305587E-1;1,152041E-1;9,474954E-1;;
30/11/2021  14:47:40,970783;9,343664E-1;1,162226E-1;1,212068E-1;9,470923E-1;;
30/11/2021  14:47:40,970883;9,347002E-1;-1,280234E-2;6,149566E-2;9,466823E-1;;
30/11/2021  14:47:40,970983;9,344201E-1;1,178155E-1;1,174156E-1;9,462664E-1;;
30/11/2021  14:47:40,971083;9,341548E-1;1,267357E-1;1,325804E-1;9,458456E-1;;
30/11/2021  14:47:40,971183;9,332250E-1;1,053908E-1;7,729226E-2;9,454207E-1;;
30/11/2021  14:47:40,971283;9,325037E-1;1,366117E-1;1,632258E-1;9,449927E-1;;
30/11/2021  14:47:40,971383;9,326289E-1;1,429833E-1;1,619620E-1;9,445622E-1;;
30/11/2021  14:47:40,971483;9,327392E-1;1,276914E-1;1,528000E-1;9,441299E-1;;
30/11/2021  14:47:40,971583;9,327690E-1;1,289658E-1;1,303688E-1;9,436965E-1;;
30/11/2021  14:47:40,971683;9,327422E-1;1,433019E-1;1,663851E-1;9,432628E-1;;
30/11/2021  14:47:40,971783;9,323190E-1;1,289658E-1;1,291051E-1;9,428294E-1;;
30/11/2021  14:47:40,971883;9,311805E-1;1,251428E-1;1,262617E-1;9,423971E-1;;
30/11/2021  14:47:40,971983;9,309361E-1;1,229127E-1;1,335282E-1;9,419664E-1;;
30/11/2021  14:47:40,972083;9,306351E-1;1,331073E-1;1,347919E-1;9,415377E-1;;
30/11/2021  14:47:40,972183;9,314368E-1;6,110822E-2;6,970989E-2;9,411116E-1;;
30/11/2021  14:47:40,972283;9,308675E-1;1,130368E-1;1,221546E-1;9,406883E-1;;
30/11/2021  14:47:40,972383;9,303162E-1;2,063807E-1;1,556434E-1;9,402685E-1;;
30/11/2021  14:47:40,972483;9,299377E-1;1,270543E-1;1,265777E-1;9,398525E-1;;
30/11/2021  14:47:40,972583;9,289751E-1;1,225942E-1;1,218387E-1;9,394407E-1;;
30/11/2021  14:47:40,972683;9,283820E-1;1,308772E-1;1,430061E-1;9,390331E-1;;
30/11/2021  14:47:40,972783;9,283104E-1;7,671864E-2;7,255328E-2;9,386300E-1;;
30/11/2021  14:47:40,972883;9,285608E-1;1,359745E-1;1,490088E-1;9,382312E-1;;
30/11/2021  14:47:40,972983;9,288290E-1;1,550893E-1;2,128271E-1;9,378371E-1;;
30/11/2021  14:47:40,973083;9,286711E-1;1,356559E-1;1,689125E-1;9,374477E-1;;
30/11/2021  14:47:40,973183;9,283194E-1;1,143111E-1;1,145722E-1;9,370633E-1;;
30/11/2021  14:47:40,973283;9,279677E-1;1,206827E-1;1,212068E-1;9,366841E-1;;
30/11/2021  14:47:40,973383;9,283343E-1;1,229127E-1;1,227865E-1;9,363103E-1;;
30/11/2021  14:47:40,973483;9,282628E-1;1,146297E-1;1,199431E-1;9,359421E-1;;
30/11/2021  14:47:40,973583;9,293625E-1;1,184526E-1;1,164678E-1;9,355797E-1;;
30/11/2021  14:47:40,973683;9,292731E-1;1,273729E-1;1,186794E-1;9,352236E-1;;
30/11/2021  14:47:40,973783;9,297112E-1;1,143111E-1;1,155200E-1;9,348742E-1;;
30/11/2021  14:47:40,973883;9,292939E-1;1,206827E-1;1,180475E-1;9,345320E-1;;
30/11/2021  14:47:40,973983;9,295711E-1;1,041165E-1;8,929768E-2;9,341974E-1;;
30/11/2021  14:47:40,974083;9,298960E-1;1,146297E-1;1,041465E-1;9,338710E-1;;
30/11/2021  14:47:40,974183;9,308854E-1;4,868360E-2;1,142563E-1;9,335531E-1;;
30/11/2021  14:47:40,974283;9,315441E-1;1,190898E-1;1,262617E-1;9,332445E-1;;
30/11/2021  14:47:40,974383;9,314636E-1;6,461260E-2;4,633093E-2;9,329456E-1;;
30/11/2021  14:47:40,974483;9,315053E-1;7,926728E-2;8,613836E-2;9,326573E-1;;
30/11/2021  14:47:40,974583;9,316156E-1;8,723178E-2;8,550650E-2;9,323801E-1;;
30/11/2021  14:47:40,974683;9,323607E-1;1,260985E-1;1,240502E-1;9,321146E-1;;
30/11/2021  14:47:40,974783;9,324680E-1;1,200455E-1;1,117289E-1;9,318612E-1;;
30/11/2021  14:47:40,974883;9,327332E-1;1,235499E-1;1,177316E-1;9,316205E-1;;
30/11/2021  14:47:40,974983;9,337465E-1;1,133553E-1;1,218387E-1;9,313931E-1;;
30/11/2021  14:47:40,975083;9,336601E-1;1,219570E-1;1,287892E-1;9,311793E-1;;
30/11/2021  14:47:40,975183;9,334097E-1;1,213198E-1;1,183634E-1;9,309799E-1;;
30/11/2021  14:47:40,975283;9,333442E-1;1,009307E-1;9,498445E-2;9,307950E-1;;
30/11/2021  14:47:40,975383;9,337793E-1;1,092138E-1;1,006712E-1;9,306250E-1;;
30/11/2021  14:47:40,975483;9,349535E-1;1,229127E-1;1,158360E-1;9,304700E-1;;
30/11/2021  14:47:40,975583;9,351949E-1;9,455912E-2;1,076217E-1;9,303303E-1;;
30/11/2021  14:47:40,975683;9,354363E-1;8,946184E-2;6,275939E-2;9,302063E-1;;
30/11/2021  14:47:40,975783;9,358089E-1;1,280100E-1;1,366875E-1;9,300981E-1;;
30/11/2021  14:47:40,975883;9,351026E-1;1,251428E-1;1,069899E-1;9,300059E-1;;
30/11/2021  14:47:40,975983;9,351562E-1;7,608148E-2;8,013565E-2;9,299299E-1;;
30/11/2021  14:47:40,976083;9,355734E-1;1,130368E-1;1,180475E-1;9,298698E-1;;
30/11/2021  14:47:40,976183;9,363483E-1;1,190898E-1;1,218387E-1;9,298255E-1;;
30/11/2021  14:47:40,976283;9,370904E-1;1,232313E-1;1,101492E-1;9,297970E-1;;
30/11/2021  14:47:40,976383;9,374451E-1;1,273729E-1;1,110970E-1;9,297841E-1;;
30/11/2021  14:47:40,976483;9,371441E-1;1,359745E-1;1,433221E-1;9,297869E-1;;
30/11/2021  14:47:40,976583;9,372096E-1;1,372488E-1;1,291051E-1;9,298052E-1;;
30/11/2021  14:47:40,976683;9,369623E-1;1,589123E-1;1,572231E-1;9,298388E-1;;
30/11/2021  14:47:40,976783;9,370070E-1;6,301970E-2;4,380347E-2;9,298873E-1;;
30/11/2021  14:47:40,976883;9,378146E-1;5,601094E-2;7,666040E-2;9,299503E-1;;
30/11/2021  14:47:40,976983;9,382527E-1;1,095324E-1;8,866581E-2;9,300273E-1;;
30/11/2021  14:47:40,977083;9,384673E-1;7,417000E-2;4,285567E-2;9,301180E-1;;
30/11/2021  14:47:40,977183;9,387504E-1;1,092138E-1;1,310007E-1;9,302220E-1;;
30/11/2021  14:47:40,977283;9,384524E-1;1,114439E-1;1,635417E-1;9,303390E-1;;
30/11/2021  14:47:40,977383;9,383004E-1;1,133553E-1;1,189953E-1;9,304684E-1;;
30/11/2021  14:47:40,977483;9,387385E-1;9,838208E-2;1,000394E-1;9,306097E-1;;
30/11/2021  14:47:40,977583;9,388011E-1;8,691320E-2;1,041465E-1;9,307624E-1;;
30/11/2021  14:47:40,977683;9,391558E-1;1,044351E-1;1,167838E-1;9,309258E-1;;
30/11/2021  14:47:40,977783;9,390932E-1;9,232906E-2;1,028828E-1;9,310993E-1;;
30/11/2021  14:47:40,977883;9,394896E-1;1,257800E-1;1,474292E-1;9,312824E-1;;
30/11/2021  14:47:40,977983;9,384673E-1;2,956880E-2;6,212753E-2;9,314745E-1;;
30/11/2021  14:47:40,978083;9,386104E-1;1,104881E-1;1,196272E-1;9,316747E-1;;
30/11/2021  14:47:40,978183;9,391945E-1;1,168597E-1;1,278414E-1;9,318824E-1;;
30/11/2021  14:47:40,978283;9,393048E-1;8,691320E-2;8,045158E-2;9,320967E-1;;
30/11/2021  14:47:40,978383;9,394717E-1;9,041758E-2;9,530039E-2;9,323170E-1;;
30/11/2021  14:47:40,978483;9,395581E-1;9,296622E-2;1,009872E-1;9,325427E-1;;
30/11/2021  14:47:40,978583;9,395879E-1;3,116170E-2;5,675668E-2;9,327729E-1;;
30/11/2021  14:47:40,978683;9,398084E-1;1,362931E-1;1,578549E-1;9,330072E-1;;
30/11/2021  14:47:40,978783;9,397101E-1;1,254614E-1;1,316326E-1;9,332449E-1;;
30/11/2021  14:47:40,978883;9,399455E-1;1,576380E-1;1,366875E-1;9,334854E-1;;
30/11/2021  14:47:40,978983;9,410244E-1;1,611423E-1;1,464814E-1;9,337280E-1;;
30/11/2021  14:47:40,979083;9,404760E-1;1,576380E-1;1,635417E-1;9,339724E-1;;
30/11/2021  14:47:40,979183;9,409410E-1;3,179886E-2;8,139938E-2;9,342180E-1;;
30/11/2021  14:47:40,979283;9,404492E-1;3,148028E-2;9,466852E-2;9,344645E-1;;
30/11/2021  14:47:40,979383;9,405148E-1;1,662396E-1;1,613302E-1;9,347114E-1;;
30/11/2021  14:47:40,979483;9,407145E-1;1,334259E-1;1,578549E-1;9,349583E-1;;
30/11/2021  14:47:40,979583;9,413969E-1;1,426647E-1;1,300529E-1;9,352046E-1;;
30/11/2021  14:47:40,979683;9,419960E-1;1,429833E-1;1,370034E-1;9,354500E-1;;
30/11/2021  14:47:40,979783;9,420407E-1;1,216384E-1;1,180475E-1;9,356942E-1;;
30/11/2021  14:47:40,979883;9,420496E-1;1,219570E-1;1,114129E-1;9,359371E-1;;
30/11/2021  14:47:40,979983;9,413135E-1;8,946184E-2;8,392683E-2;9,361785E-1;;
30/11/2021  14:47:40,980083;9,415072E-1;1,388417E-1;1,505885E-1;9,364180E-1;;
30/11/2021  14:47:40,980183;9,419483E-1;1,225942E-1;1,155200E-1;9,366553E-1;;
30/11/2021  14:47:40,980283;9,421659E-1;1,719741E-1;2,159864E-1;9,368902E-1;;
30/11/2021  14:47:40,980383;9,424639E-1;1,496735E-1;1,442698E-1;9,371224E-1;;
30/11/2021  14:47:40,980483;9,428245E-1;1,350188E-1;1,471132E-1;9,373517E-1;;
30/11/2021  14:47:40,980583;9,421927E-1;2,988738E-2;1,063580E-1;9,375781E-1;;
30/11/2021  14:47:40,980683;9,419930E-1;1,238685E-1;1,224705E-1;9,378012E-1;;
30/11/2021  14:47:40,980783;9,420467E-1;1,324701E-1;1,322644E-1;9,380210E-1;;
30/11/2021  14:47:40,980883;9,423775E-1;1,210013E-1;1,259458E-1;9,382372E-1;;
30/11/2021  14:47:40,980983;9,421748E-1;1,174969E-1;1,142563E-1;9,384495E-1;;
30/11/2021  14:47:40,981083;9,417337E-1;1,292843E-1;1,316326E-1;9,386576E-1;;
30/11/2021  14:47:40,981183;9,414476E-1;1,385232E-1;1,335282E-1;9,388615E-1;;
30/11/2021  14:47:40,981283;9,417367E-1;1,235499E-1;1,155200E-1;9,390606E-1;;
30/11/2021  14:47:40,981383;9,407890E-1;9,392196E-2;8,866581E-2;9,392547E-1;;
30/11/2021  14:47:40,981483;9,403836E-1;1,238685E-1;1,196272E-1;9,394434E-1;;
30/11/2021  14:47:40,981583;9,411883E-1;1,343816E-1;1,385831E-1;9,396263E-1;;
30/11/2021  14:47:40,981683;9,406668E-1;1,343816E-1;1,483770E-1;9,398030E-1;;
30/11/2021  14:47:40,981783;9,408635E-1;1,292843E-1;1,325804E-1;9,399732E-1;;
30/11/2021  14:47:40,981883;9,408486E-1;1,088952E-1;9,024547E-2;9,401367E-1;;
30/11/2021  14:47:40,981983;9,400171E-1;1,506292E-1;1,742834E-1;9,402930E-1;;
30/11/2021  14:47:40,982083;9,399783E-1;1,136739E-1;1,180475E-1;9,404421E-1;;
30/11/2021  14:47:40,982183;9,396237E-1;1,331073E-1;1,335282E-1;9,405835E-1;;
30/11/2021  14:47:40,982283;9,395074E-1;1,305587E-1;1,262617E-1;9,407170E-1;;
30/11/2021  14:47:40,982383;9,394598E-1;1,299215E-1;1,316326E-1;9,408422E-1;;
30/11/2021  14:47:40,982483;9,396922E-1;1,257800E-1;1,284732E-1;9,409590E-1;;
30/11/2021  14:47:40,982583;9,395253E-1;1,327887E-1;1,265777E-1;9,410670E-1;;
30/11/2021  14:47:40,982683;9,391736E-1;1,359745E-1;1,313166E-1;9,411663E-1;;
30/11/2021  14:47:40,982783;9,391021E-1;1,216384E-1;1,215227E-1;9,412567E-1;;
30/11/2021  14:47:40,982883;9,387624E-1;1,327887E-1;1,347919E-1;9,413381E-1;;
30/11/2021  14:47:40,982983;9,394866E-1;1,362931E-1;1,483770E-1;9,414104E-1;;
30/11/2021  14:47:40,983083;9,390664E-1;1,292843E-1;1,240502E-1;9,414737E-1;;
30/11/2021  14:47:40,983183;9,388875E-1;1,267357E-1;1,322644E-1;9,415279E-1;;
30/11/2021  14:47:40,983283;9,383094E-1;1,331073E-1;1,370034E-1;9,415733E-1;;
30/11/2021  14:47:40,983383;9,378862E-1;1,512664E-1;1,505885E-1;9,416097E-1;;
30/11/2021  14:47:40,983483;9,386163E-1;1,187712E-1;1,313166E-1;9,416372E-1;;
30/11/2021  14:47:40,983583;9,386342E-1;-8,342222E-3;1,430061E-1;9,416559E-1;;
30/11/2021  14:47:40,983683;9,385359E-1;1,353374E-1;1,344760E-1;9,416660E-1;;
30/11/2021  14:47:40,983783;9,388846E-1;7,448858E-2;1,948190E-1;9,416676E-1;;
30/11/2021  14:47:40,983883;9,382647E-1;1,353374E-1;1,385831E-1;9,416612E-1;;
30/11/2021  14:47:40,983983;9,385388E-1;1,375674E-1;1,338441E-1;9,416468E-1;;
30/11/2021  14:47:40,984083;9,381961E-1;1,433019E-1;1,499566E-1;9,416249E-1;;
30/11/2021  14:47:40,984183;9,388339E-1;1,407532E-1;1,373193E-1;9,415958E-1;;
30/11/2021  14:47:40,984283;9,389084E-1;9,455912E-2;1,066739E-1;9,415597E-1;;
30/11/2021  14:47:40,984383;9,392392E-1;8,965980E-4;3,048243E-3;9,415172E-1;;
30/11/2021  14:47:40,984483;9,397220E-1;1,215178E-3;3,680107E-3;9,414687E-1;;
30/11/2021  14:47:40,984583;9,395134E-1;5,993878E-3;8,419087E-3;9,414149E-1;;
30/11/2021  14:47:40,984683;9,393376E-1;9,179678E-3;1,126247E-2;9,413563E-1;;
30/11/2021  14:47:40,984783;9,392660E-1;1,045400E-2;1,252620E-2;9,412935E-1;;
30/11/2021  14:47:40,984883;9,393703E-1;5,675298E-3;9,050951E-3;9,412270E-1;;
30/11/2021  14:47:40,984983;9,396207E-1;8,542518E-3;1,063061E-2;9,411572E-1;;
30/11/2021  14:47:40,985083;9,395343E-1;4,400978E-3;5,575699E-3;9,410847E-1;;
30/11/2021  14:47:40,985183;9,403449E-1;1,077258E-2;1,315807E-2;9,410099E-1;;
30/11/2021  14:47:40,985283;9,397190E-1;3,126658E-3;5,575699E-3;9,409335E-1;;
30/11/2021  14:47:40,985383;9,393256E-1;3,126658E-3;5,575699E-3;9,408559E-1;;
30/11/2021  14:47:40,985483;9,389263E-1;4,400978E-3;7,155359E-3;9,407775E-1;;
30/11/2021  14:47:40,985583;9,398889E-1;5,993878E-3;8,103155E-3;9,406987E-1;;
30/11/2021  14:47:40,985683;9,402585E-1;1,852338E-3;4,311971E-3;9,406198E-1;;
30/11/2021  14:47:40,985783;9,399694E-1;1,215178E-3;3,364175E-3;9,405413E-1;;
30/11/2021  14:47:40,985883;9,397995E-1;3,763818E-3;5,575699E-3;9,404634E-1;;
30/11/2021  14:47:40,985983;9,397041E-1;1,533758E-3;3,680107E-3;9,403867E-1;;
30/11/2021  14:47:40,986083;9,397637E-1;1,533758E-3;3,048243E-3;9,403113E-1;;
30/11/2021  14:47:40,986183;9,396684E-1;5,356718E-3;6,839427E-3;9,402376E-1;;
30/11/2021  14:47:40,986283;9,393137E-1;4,400978E-3;5,891631E-3;9,401658E-1;;
30/11/2021  14:47:40,986383;9,394717E-1;1,852338E-3;3,680107E-3;9,400959E-1;;
30/11/2021  14:47:40,986483;9,395372E-1;4,082398E-3;5,891631E-3;9,400282E-1;;
30/11/2021  14:47:40,986583;9,393018E-1;1,533758E-3;3,680107E-3;9,399627E-1;;
30/11/2021  14:47:40,986683;9,393167E-1;8,965980E-4;3,680107E-3;9,398995E-1;;
30/11/2021  14:47:40,986783;9,385955E-1;1,533758E-3;3,996039E-3;9,398387E-1;;
30/11/2021  14:47:40,986883;9,386908E-1;1,215178E-3;3,364175E-3;9,397802E-1;;
30/11/2021  14:47:40,986983;9,394866E-1;8,965980E-4;3,048243E-3;9,397240E-1;;
30/11/2021  14:47:40,987083;9,388041E-1;1,215178E-3;3,364175E-3;9,396700E-1;;
30/11/2021  14:47:40,987183;9,392422E-1;1,215178E-3;3,680107E-3;9,396182E-1;;
30/11/2021  14:47:40,987283;9,389293E-1;5,780180E-4;3,680107E-3;9,395686E-1;;
30/11/2021  14:47:40,987383;9,387236E-1;8,965980E-4;3,048243E-3;9,395212E-1;;
30/11/2021  14:47:40,987483;9,392005E-1;8,965980E-4;3,364175E-3;9,394759E-1;;
30/11/2021  14:47:40,987583;9,392243E-1;1,533758E-3;3,364175E-3;9,394328E-1;;
30/11/2021  14:47:40,987683;9,394210E-1;8,965980E-4;3,364175E-3;9,393917E-1;;
30/11/2021  14:47:40,987783;9,396952E-1;2,808078E-3;6,207563E-3;9,393528E-1;;
30/11/2021  14:47:40,987883;9,398412E-1;2,170918E-3;7,155359E-3;9,393161E-1;;
30/11/2021  14:47:40,987983;9,401393E-1;6,949618E-3;1,221027E-2;9,392817E-1;;
30/11/2021  14:47:40,988083;9,399843E-1;9,498258E-3;1,789705E-2;9,392499E-1;;
30/11/2021  14:47:40,988183;9,401661E-1;1,204690E-2;1,505366E-2;9,392206E-1;;
30/11/2021  14:47:40,988283;9,408247E-1;1,332122E-2;1,663332E-2;9,391940E-1;;
30/11/2021  14:47:40,988383;9,410661E-1;1,077258E-2;1,347400E-2;9,391703E-1;;
30/11/2021  14:47:40,988483;9,419274E-1;1,181340E-1;1,259458E-1;9,391498E-1;;
30/11/2021  14:47:40,988583;9,418559E-1;2,001140E-2;2,326789E-2;9,391328E-1;;
30/11/2021  14:47:40,988683;9,419990E-1;1,491412E-2;2,105637E-2;9,391195E-1;;
30/11/2021  14:47:40,988783;9,420198E-1;1,778134E-2;2,074043E-2;9,391104E-1;;
30/11/2021  14:47:40,988883;9,420794E-1;1,491412E-2;1,789705E-2;9,391056E-1;;
30/11/2021  14:47:40,988983;9,431106E-1;1,332122E-2;2,200416E-2;9,391055E-1;;
30/11/2021  14:47:40,989083;9,429825E-1;2,670158E-2;2,358382E-2;9,391102E-1;;
30/11/2021  14:47:40,989183;9,433252E-1;9,232906E-2;7,002583E-2;9,391200E-1;;
30/11/2021  14:47:40,989283;9,434355E-1;1,682560E-2;1,600145E-2;9,391353E-1;;
30/11/2021  14:47:40,989383;9,436381E-1;2,319720E-2;2,611128E-2;9,391563E-1;;
30/11/2021  14:47:40,989483;9,438140E-1;2,096714E-2;1,789705E-2;9,391830E-1;;
30/11/2021  14:47:40,989583;9,438706E-1;2,001140E-2;4,980618E-2;9,392159E-1;;
30/11/2021  14:47:40,989683;9,446127E-1;8,914326E-2;8,266311E-2;9,392548E-1;;
30/11/2021  14:47:40,989783;9,447766E-1;9,169190E-2;9,372073E-2;9,393002E-1;;
30/11/2021  14:47:40,989883;9,445710E-1;1,069837E-1;9,814378E-2;9,393519E-1;;
30/11/2021  14:47:40,989983;9,446932E-1;1,397975E-1;1,540637E-1;9,394103E-1;;
30/11/2021  14:47:40,990083;9,444994E-1;1,168597E-1;1,284732E-1;9,394752E-1;;
30/11/2021  14:47:40,990183;9,442938E-1;1,267357E-1;1,240502E-1;9,395467E-1;;
30/11/2021  14:47:40,990283;9,439123E-1;1,225942E-1;1,202590E-1;9,396245E-1;;
30/11/2021  14:47:40,990383;9,444577E-1;1,178155E-1;1,047783E-1;9,397084E-1;;
30/11/2021  14:47:40,990483;9,449107E-1;1,225942E-1;1,265777E-1;9,397982E-1;;
30/11/2021  14:47:40,990583;9,443206E-1;1,219570E-1;1,152041E-1;9,398935E-1;;
30/11/2021  14:47:40,990683;9,439242E-1;-2,299690E-2;1,347400E-2;9,399942E-1;;
30/11/2021  14:47:40,990783;9,473933E-1;1,308772E-1;1,303688E-1;9,400999E-1;;
30/11/2021  14:47:40,990883;9,478344E-1;1,114439E-1;1,148882E-1;9,402105E-1;;
30/11/2021  14:47:40,990983;9,484990E-1;9,870066E-2;1,145722E-1;9,403265E-1;;
30/11/2021  14:47:40,991083;9,479804E-1;1,251428E-1;1,426902E-1;9,404480E-1;;
30/11/2021  14:47:40,991183;9,483768E-1;1,687883E-1;1,783905E-1;9,405753E-1;;
30/11/2021  14:47:40,991283;9,480818E-1;8,404598E-2;8,076751E-2;9,407086E-1;;
30/11/2021  14:47:40,991383;9,478135E-1;1,130368E-1;1,092014E-1;9,408480E-1;;
30/11/2021  14:47:40,991483;9,482397E-1;1,088952E-1;1,139404E-1;9,409933E-1;;
30/11/2021  14:47:40,991583;9,485616E-1;2,096714E-2;6,591871E-2;9,411445E-1;;
30/11/2021  14:47:40,991683;9,478374E-1;9,870066E-2;9,308886E-2;9,413015E-1;;
30/11/2021  14:47:40,991783;9,486182E-1;3,880762E-2;8,392683E-2;9,414640E-1;;
30/11/2021  14:47:40,991883;9,479625E-1;3,148028E-2;9,150920E-2;9,416318E-1;;
30/11/2021  14:47:40,991983;9,487702E-1;1,650702E-2;2,990246E-2;9,418046E-1;;
30/11/2021  14:47:40,992083;9,483887E-1;9,933782E-2;1,120448E-1;9,419820E-1;;
30/11/2021  14:47:40,992183;9,488000E-1;5,038138E-3;8,550650E-2;9,421638E-1;;
30/11/2021  14:47:40,992283;9,496554E-1;9,264764E-2;1,227865E-1;9,423496E-1;;
30/11/2021  14:47:40,992383;9,485050E-1;1,296029E-1;1,559593E-1;9,425392E-1;;
30/11/2021  14:47:40,992483;9,488984E-1;1,117624E-1;1,316326E-1;9,427323E-1;;
30/11/2021  14:47:40,992583;9,490086E-1;1,047537E-1;1,237343E-1;9,429284E-1;;
30/11/2021  14:47:40,992683;9,490057E-1;1,241871E-1;1,373193E-1;9,431271E-1;;
30/11/2021  14:47:40,992783;9,491636E-1;1,458505E-1;1,657532E-1;9,433281E-1;;
30/11/2021  14:47:40,992883;9,493245E-1;1,407532E-1;1,129926E-1;9,435310E-1;;
30/11/2021  14:47:40,992983;9,489997E-1;1,614609E-1;1,445858E-1;9,437354E-1;;
30/11/2021  14:47:40,993083;9,493603E-1;1,585937E-1;1,237343E-1;9,439409E-1;;
30/11/2021  14:47:40,993183;9,488924E-1;1,694254E-1;1,411105E-1;9,441471E-1;;
30/11/2021  14:47:40,993283;9,486272E-1;1,652839E-1;1,622780E-1;9,443535E-1;;
30/11/2021  14:47:40,993383;9,483321E-1;1,506292E-1;1,483770E-1;9,445597E-1;;
30/11/2021  14:47:40,993483;9,484781E-1;9,424054E-2;9,624818E-2;9,447650E-1;;
30/11/2021  14:47:40,993583;9,479000E-1;1,461691E-1;1,354238E-1;9,449689E-1;;
30/11/2021  14:47:40,993683;9,477480E-1;1,417090E-1;1,240502E-1;9,451709E-1;;
30/11/2021  14:47:40,993783;9,474052E-1;1,331073E-1;1,401627E-1;9,453704E-1;;
30/11/2021  14:47:40,993883;9,471638E-1;8,404598E-2;9,624818E-2;9,455666E-1;;
30/11/2021  14:47:40,993983;9,462638E-1;1,139925E-1;1,294210E-1;9,457589E-1;;
30/11/2021  14:47:40,994083;9,458883E-1;1,245056E-1;1,227865E-1;9,459466E-1;;
30/11/2021  14:47:40,994183;9,455813E-1;1,267357E-1;1,272095E-1;9,461289E-1;;
30/11/2021  14:47:40,994283;9,454233E-1;1,092138E-1;1,129926E-1;9,463050E-1;;
30/11/2021  14:47:40,994383;9,446037E-1;1,289658E-1;1,297370E-1;9,464742E-1;;
30/11/2021  14:47:40,994483;9,438497E-1;1,302401E-1;1,303688E-1;9,466357E-1;;
30/11/2021  14:47:40,994583;9,437782E-1;1,015679E-1;9,340479E-2;9,467887E-1;;
30/11/2021  14:47:40,994683;9,422583E-1;1,445762E-1;1,120448E-1;9,469323E-1;;
30/11/2021  14:47:40,994783;9,427738E-1;8,022302E-2;1,038306E-1;9,470658E-1;;
30/11/2021  14:47:40,994883;9,428245E-1;1,251428E-1;1,272095E-1;9,471882E-1;;
30/11/2021  14:47:40,994983;9,423596E-1;1,114439E-1;1,095173E-1;9,472991E-1;;
30/11/2021  14:47:40,995083;9,418231E-1;1,327887E-1;1,253139E-1;9,473978E-1;;
30/11/2021  14:47:40,995183;9,413105E-1;1,276914E-1;1,199431E-1;9,474838E-1;;
30/11/2021  14:47:40,995283;9,405863E-1;1,391603E-1;1,363715E-1;9,475566E-1;;
30/11/2021  14:47:40,995383;9,405088E-1;1,194084E-1;1,278414E-1;9,476156E-1;;
30/11/2021  14:47:40,995483;9,411079E-1;1,264171E-1;1,199431E-1;9,476606E-1;;
30/11/2021  14:47:40,995583;9,405833E-1;1,264171E-1;1,272095E-1;9,476911E-1;;
30/11/2021  14:47:40,995683;9,412956E-1;1,471248E-1;1,667010E-1;9,477071E-1;;
30/11/2021  14:47:40,995783;9,397876E-1;1,273729E-1;1,237343E-1;9,477086E-1;;
30/11/2021  14:47:40,995883;9,394747E-1;1,136739E-1;1,275255E-1;9,476956E-1;;
30/11/2021  14:47:40,995983;9,387355E-1;1,210013E-1;1,152041E-1;9,476680E-1;;
30/11/2021  14:47:40,996083;9,385299E-1;1,289658E-1;1,407946E-1;9,476258E-1;;
30/11/2021  14:47:40,996183;9,388041E-1;1,302401E-1;1,300529E-1;9,475689E-1;;
30/11/2021  14:47:40,996283;9,391081E-1;1,311958E-1;1,366875E-1;9,474974E-1;;
30/11/2021  14:47:40,996383;9,389978E-1;1,254614E-1;1,196272E-1;9,474116E-1;;
30/11/2021  14:47:40,996483;9,381842E-1;1,347002E-1;1,376353E-1;9,473118E-1;;
30/11/2021  14:47:40,996583;9,375702E-1;1,385232E-1;1,461654E-1;9,471983E-1;;
30/11/2021  14:47:40,996683;9,368162E-1;1,417090E-1;1,363715E-1;9,470714E-1;;
30/11/2021  14:47:40,996783;9,370994E-1;1,404346E-1;1,433221E-1;9,469313E-1;;
30/11/2021  14:47:40,996883;9,367209E-1;1,343816E-1;1,398468E-1;9,467784E-1;;
30/11/2021  14:47:40,996983;9,365033E-1;6,015248E-2;1,739675E-1;9,466128E-1;;
30/11/2021  14:47:40,997083;9,362887E-1;1,267357E-1;1,401627E-1;9,464351E-1;;
30/11/2021  14:47:40,997183;9,354095E-1;1,331073E-1;1,385831E-1;9,462455E-1;;
30/11/2021  14:47:40,997283;9,356867E-1;1,362931E-1;1,382671E-1;9,460445E-1;;
30/11/2021  14:47:40,997383;9,346138E-1;1,321516E-1;1,262617E-1;9,458324E-1;;
30/11/2021  14:47:40,997483;9,348820E-1;1,458505E-1;1,546956E-1;9,456095E-1;;
30/11/2021  14:47:40,997583;9,348075E-1;1,077258E-2;1,189434E-2;9,453764E-1;;
30/11/2021  14:47:40,997683;9,354572E-1;3,126658E-3;5,575699E-3;9,451333E-1;;
30/11/2021  14:47:40,997783;9,345333E-1;2,170918E-3;3,996039E-3;9,448810E-1;;
30/11/2021  14:47:40,997883;9,342860E-1;1,215178E-3;3,364175E-3;9,446201E-1;;
30/11/2021  14:47:40,997983;9,338508E-1;1,013542E-2;1,221027E-2;9,443510E-1;;
30/11/2021  14:47:40,998083;9,332846E-1;8,223938E-3;9,998747E-3;9,440744E-1;;
30/11/2021  14:47:40,998183;9,333263E-1;7,905358E-3;9,682815E-3;9,437906E-1;;
30/11/2021  14:47:40,998283;9,333323E-1;1,109116E-2;1,378993E-2;9,435002E-1;;
30/11/2021  14:47:40,998383;9,332428E-1;6,312458E-3;6,523495E-3;9,432038E-1;;
30/11/2021  14:47:40,998483;9,332220E-1;1,140974E-2;1,442179E-2;9,429018E-1;;
30/11/2021  14:47:40,998583;9,323696E-1;3,445238E-3;4,943835E-3;9,425948E-1;;
30/11/2021  14:47:40,998683;9,320418E-1;2,170918E-3;3,996039E-3;9,422835E-1;;
30/11/2021  14:47:40,998783;9,316931E-1;1,215178E-3;4,311971E-3;9,419682E-1;;
30/11/2021  14:47:40,998883;9,317438E-1;1,533758E-3;3,364175E-3;9,416494E-1;;
30/11/2021  14:47:40,998983;9,328614E-1;1,533758E-3;3,996039E-3;9,413275E-1;;
30/11/2021  14:47:40,999083;9,322415E-1;5,780180E-4;3,048243E-3;9,410031E-1;;
30/11/2021  14:47:40,999183;9,324322E-1;1,852338E-3;4,311971E-3;9,406770E-1;;
30/11/2021  14:47:40,999283;9,321997E-1;6,312458E-3;7,471291E-3;9,403497E-1;;
30/11/2021  14:47:40,999383;9,314606E-1;1,533758E-3;3,996039E-3;9,400219E-1;;
30/11/2021  14:47:40,999483;9,318153E-1;1,852338E-3;4,311971E-3;9,396941E-1;;
30/11/2021  14:47:40,999583;9,323339E-1;8,965980E-4;3,048243E-3;9,393669E-1;;
30/11/2021  14:47:40,999683;9,330283E-1;2,489498E-3;4,943835E-3;9,390409E-1;;
30/11/2021  14:47:40,999783;9,334246E-1;3,763818E-3;5,891631E-3;9,387170E-1;;
30/11/2021  14:47:40,999883;9,331445E-1;1,215178E-3;3,048243E-3;9,383958E-1;;
30/11/2021  14:47:40,999983;9,331713E-1;1,215178E-3;3,680107E-3;9,380782E-1;;
30/11/2021  14:47:41,000083;9,335081E-1;8,965980E-4;3,364175E-3;9,377650E-1;;
30/11/2021  14:47:41,000183;9,338419E-1;1,215178E-3;3,364175E-3;9,374569E-1;;
30/11/2021  14:47:41,000283;9,350012E-1;1,533758E-3;3,680107E-3;9,371547E-1;;
30/11/2021  14:47:41,000383;9,353291E-1;8,965980E-4;3,680107E-3;9,368593E-1;;
30/11/2021  14:47:41,000483;9,357552E-1;1,533758E-3;3,996039E-3;9,365716E-1;;
30/11/2021  14:47:41,000583;9,363722E-1;1,533758E-3;3,680107E-3;9,362926E-1;;
30/11/2021  14:47:41,000683;9,356181E-1;1,215178E-3;3,996039E-3;9,360232E-1;;
30/11/2021  14:47:41,000783;9,361427E-1;8,965980E-4;2,732311E-3;9,357642E-1;;
30/11/2021  14:47:41,000883;9,368490E-1;1,533758E-3;3,364175E-3;9,355164E-1;;
30/11/2021  14:47:41,000983;9,379785E-1;1,533758E-3;3,996039E-3;9,352804E-1;;
30/11/2021  14:47:41,001083;9,386491E-1;2,489498E-3;6,523495E-3;9,350572E-1;;
30/11/2021  14:47:41,001183;9,392005E-1;5,356718E-3;9,998747E-3;9,348476E-1;;
30/11/2021  14:47:41,001283;9,396475E-1;1,618844E-2;2,232009E-2;9,346524E-1;;
30/11/2021  14:47:41,001383;9,400677E-1;1,533758E-3;3,211399E-2;9,344725E-1;;
30/11/2021  14:47:41,001483;9,404820E-1;1,268406E-2;1,631739E-2;9,343086E-1;;
30/11/2021  14:47:41,001583;9,406280E-1;1,268406E-2;1,663332E-2;9,341615E-1;;
30/11/2021  14:47:41,001683;9,420347E-1;1,300264E-2;1,442179E-2;9,340317E-1;;
30/11/2021  14:47:41,001783;9,428960E-1;8,786894E-2;9,688005E-2;9,339199E-1;;
30/11/2021  14:47:41,001883;9,433520E-1;2,319720E-2;2,863873E-2;9,338267E-1;;
30/11/2021  14:47:41,001983;9,435219E-1;9,073616E-2;1,028828E-1;9,337527E-1;;
30/11/2021  14:47:41,002083;9,435696E-1;1,714418E-2;2,263603E-2;9,336986E-1;;
30/11/2021  14:47:41,002183;9,445352E-1;4,719558E-3;2,326789E-2;9,336645E-1;;
30/11/2021  14:47:41,002283;9,457303E-1;1,614609E-1;1,679647E-1;9,336510E-1;;
30/11/2021  14:47:41,002383;9,459479E-1;1,847173E-1;2,087200E-1;9,336582E-1;;
30/11/2021  14:47:41,002483;9,465052E-1;1,334259E-1;1,177316E-1;9,336866E-1;;
30/11/2021  14:47:41,002583;9,469820E-1;1,809992E-2;2,200416E-2;9,337364E-1;;
30/11/2021  14:47:41,002683;9,467138E-1;7,417000E-2;1,050943E-1;9,338076E-1;;
30/11/2021  14:47:41,002783;9,471668E-1;1,650702E-2;1,536959E-2;9,339002E-1;;
30/11/2021  14:47:41,002883;9,471817E-1;1,523270E-2;1,726518E-2;9,340142E-1;;
30/11/2021  14:47:41,002983;9,478135E-1;1,299215E-1;1,240502E-1;9,341492E-1;;
30/11/2021  14:47:41,003083;9,485854E-1;3,689614E-2;3,622110E-2;9,343048E-1;;
30/11/2021  14:47:41,003183;9,482636E-1;8,542518E-3;2,516348E-2;9,344808E-1;;
30/11/2021  14:47:41,003283;9,473963E-1;9,041758E-2;8,866581E-2;9,346766E-1;;
30/11/2021  14:47:41,003383;9,472145E-1;-6,982816E-2;6,370719E-2;9,348916E-1;;
30/11/2021  14:47:41,003483;9,470029E-1;1,483991E-1;1,363715E-1;9,351248E-1;;
30/11/2021  14:47:41,003583;9,473397E-1;1,162226E-1;1,148882E-1;9,353751E-1;;
30/11/2021  14:47:41,003683;9,474708E-1;8,404598E-2;1,104651E-1;9,356416E-1;;
30/11/2021  14:47:41,003783;9,473426E-1;7,417000E-2;7,666040E-2;9,359230E-1;;
30/11/2021  14:47:41,003883;9,470118E-1;1,171783E-1;9,498445E-2;9,362182E-1;;
30/11/2021  14:47:41,003983;9,465678E-1;1,063466E-1;1,022509E-1;9,365259E-1;;
30/11/2021  14:47:41,004083;9,460462E-1;9,296622E-2;1,025668E-1;9,368449E-1;;
30/11/2021  14:47:41,004183;9,458763E-1;1,296029E-1;1,291051E-1;9,371737E-1;;
30/11/2021  14:47:41,004283;9,459985E-1;1,318330E-1;1,338441E-1;9,375107E-1;;
30/11/2021  14:47:41,004383;9,462012E-1;1,076209E-1;1,401627E-1;9,378546E-1;;
30/11/2021  14:47:41,004483;9,462429E-1;1,429833E-1;1,467973E-1;9,382039E-1;;
30/11/2021  14:47:41,004583;9,458048E-1;7,193994E-2;8,455870E-2;9,385573E-1;;
30/11/2021  14:47:41,004683;9,455664E-1;1,168597E-1;1,158360E-1;9,389135E-1;;
30/11/2021  14:47:41,004783;9,446812E-1;1,210013E-1;1,212068E-1;9,392711E-1;;
30/11/2021  14:47:41,004883;9,452624E-1;1,300264E-2;4,253974E-2;9,396286E-1;;
30/11/2021  14:47:41,004983;9,452624E-1;1,159040E-1;1,158360E-1;9,399848E-1;;
30/11/2021  14:47:41,005083;9,455098E-1;1,254614E-1;1,237343E-1;9,403385E-1;;
30/11/2021  14:47:41,005183;9,459121E-1;1,241871E-1;1,205749E-1;9,406886E-1;;
30/11/2021  14:47:41,005283;9,456290E-1;1,168597E-1;1,069899E-1;9,410340E-1;;
30/11/2021  14:47:41,005383;9,449256E-1;1,448948E-1;1,562753E-1;9,413738E-1;;
30/11/2021  14:47:41,005483;9,453488E-1;1,280100E-1;1,294210E-1;9,417073E-1;;
30/11/2021  14:47:41,005583;9,457124E-1;1,197269E-1;1,249980E-1;9,420335E-1;;
30/11/2021  14:47:41,005683;9,461028E-1;9,710776E-2;1,676488E-1;9,423517E-1;;
30/11/2021  14:47:41,005783;9,463144E-1;1,442576E-1;1,322644E-1;9,426614E-1;;
30/11/2021  14:47:41,005883;9,463115E-1;1,092138E-1;1,360556E-1;9,429621E-1;;
30/11/2021  14:47:41,005983;9,464754E-1;1,101695E-1;1,041465E-1;9,432535E-1;;
30/11/2021  14:47:41,006083;9,460283E-1;5,728526E-2;6,970989E-2;9,435353E-1;;
30/11/2021  14:47:41,006183;9,460611E-1;1,152668E-1;1,104651E-1;9,438071E-1;;
30/11/2021  14:47:41,006283;9,458555E-1;1,159040E-1;1,215227E-1;9,440687E-1;;
30/11/2021  14:47:41,006383;9,463442E-1;1,139925E-1;9,877564E-2;9,443199E-1;;
30/11/2021  14:47:41,006483;9,463293E-1;1,280100E-1;1,196272E-1;9,445604E-1;;
30/11/2021  14:47:41,006583;9,463502E-1;1,136739E-1;1,183634E-1;9,447902E-1;;
30/11/2021  14:47:41,006683;9,462101E-1;7,958586E-2;8,013565E-2;9,450091E-1;;
30/11/2021  14:47:41,006783;9,458972E-1;1,439390E-1;1,477451E-1;9,452173E-1;;
30/11/2021  14:47:41,006883;9,461863E-1;1,219570E-1;1,101492E-1;9,454146E-1;;
30/11/2021  14:47:41,006983;9,475751E-1;1,101695E-1;1,092014E-1;9,456011E-1;;
30/11/2021  14:47:41,007083;9,477301E-1;1,241871E-1;1,268936E-1;9,457769E-1;;
30/11/2021  14:47:41,007183;9,471161E-1;7,894870E-2;1,088855E-1;9,459425E-1;;
30/11/2021  14:47:41,007283;9,471638E-1;1,216384E-1;1,129926E-1;9,460982E-1;;
30/11/2021  14:47:41,007383;9,477599E-1;1,082581E-1;1,107811E-1;9,462442E-1;;
30/11/2021  14:47:41,007483;9,476735E-1;1,174969E-1;1,158360E-1;9,463811E-1;;
30/11/2021  14:47:41,007583;9,474380E-1;1,178155E-1;1,167838E-1;9,465090E-1;;
30/11/2021  14:47:41,007683;9,479268E-1;1,063466E-1;1,063580E-1;9,466284E-1;;
30/11/2021  14:47:41,007783;9,482487E-1;1,197269E-1;1,231024E-1;9,467397E-1;;
30/11/2021  14:47:41,007883;9,475662E-1;1,136739E-1;1,095173E-1;9,468434E-1;;
30/11/2021  14:47:41,007983;9,467555E-1;1,174969E-1;1,095173E-1;9,469397E-1;;
30/11/2021  14:47:41,008083;9,466482E-1;9,870066E-2;9,593225E-2;9,470289E-1;;
30/11/2021  14:47:41,008183;9,464605E-1;1,241871E-1;1,430061E-1;9,471112E-1;;
30/11/2021  14:47:41,008283;9,459121E-1;1,114439E-1;1,035146E-1;9,471866E-1;;
30/11/2021  14:47:41,008383;9,459747E-1;1,206827E-1;1,253139E-1;9,472551E-1;;
30/11/2021  14:47:41,008483;9,448094E-1;7,034704E-2;7,887192E-2;9,473168E-1;;
30/11/2021  14:47:41,008583;9,438944E-1;1,238685E-1;1,234183E-1;9,473715E-1;;
30/11/2021  14:47:41,008683;9,429169E-1;1,311958E-1;1,335282E-1;9,474189E-1;;
30/11/2021  14:47:41,008783;9,420973E-1;1,079395E-1;7,981972E-2;9,474587E-1;;
30/11/2021  14:47:41,008883;9,406936E-1;1,168597E-1;1,205749E-1;9,474902E-1;;
30/11/2021  14:47:41,008983;9,404254E-1;1,273729E-1;1,262617E-1;9,475129E-1;;
30/11/2021  14:47:41,009083;9,393465E-1;1,286472E-1;1,243661E-1;9,475259E-1;;
30/11/2021  14:47:41,009183;9,385478E-1;1,299215E-1;1,379512E-1;9,475286E-1;;
30/11/2021  14:47:41,009283;9,377401E-1;1,181340E-1;1,208909E-1;9,475201E-1;;
30/11/2021  14:47:41,009383;9,370517E-1;1,276914E-1;1,227865E-1;9,474996E-1;;
30/11/2021  14:47:41,009483;9,356062E-1;4,836502E-2;9,372073E-2;9,474664E-1;;
30/11/2021  14:47:41,009583;9,358089E-1;1,190898E-1;1,180475E-1;9,474195E-1;;
30/11/2021  14:47:41,009683;9,353082E-1;1,213198E-1;1,145722E-1;9,473583E-1;;
30/11/2021  14:47:41,009783;9,351383E-1;1,286472E-1;1,237343E-1;9,472822E-1;;
30/11/2021  14:47:41,009883;9,342383E-1;1,101695E-1;8,740209E-2;9,471906E-1;;
30/11/2021  14:47:41,009983;9,335081E-1;1,139925E-1;9,277293E-2;9,470830E-1;;
30/11/2021  14:47:41,010083;9,326110E-1;1,433019E-1;1,569071E-1;9,469592E-1;;
30/11/2021  14:47:41,010183;9,322027E-1;1,362931E-1;1,341600E-1;9,468186E-1;;
30/11/2021  14:47:41,010283;9,319524E-1;1,260985E-1;1,041465E-1;9,466609E-1;;
30/11/2021  14:47:41,010383;9,309897E-1;9,169190E-2;1,129926E-1;9,464860E-1;;
30/11/2021  14:47:41,010483;9,306530E-1;1,114439E-1;1,038306E-1;9,462936E-1;;
30/11/2021  14:47:41,010583;9,296903E-1;1,321516E-1;1,531159E-1;9,460835E-1;;
30/11/2021  14:47:41,010683;9,290853E-1;1,200455E-1;1,114129E-1;9,458557E-1;;
30/11/2021  14:47:41,010783;9,282330E-1;1,308772E-1;1,215227E-1;9,456101E-1;;
30/11/2021  14:47:41,010883;9,273329E-1;1,044351E-1;1,082536E-1;9,453466E-1;;
30/11/2021  14:47:41,010983;9,277949E-1;1,311958E-1;1,278414E-1;9,450652E-1;;
30/11/2021  14:47:41,011083;9,269008E-1;1,276914E-1;1,294210E-1;9,447660E-1;;
30/11/2021  14:47:41,011183;9,266355E-1;1,245056E-1;1,164678E-1;9,444492E-1;;
30/11/2021  14:47:41,011283;9,262511E-1;1,267357E-1;1,275255E-1;9,441151E-1;;
30/11/2021  14:47:41,011383;9,263941E-1;1,283286E-1;1,328963E-1;9,437641E-1;;
30/11/2021  14:47:41,011483;9,252407E-1;1,155854E-1;1,240502E-1;9,433966E-1;;
30/11/2021  14:47:41,011583;9,258308E-1;1,225942E-1;1,281573E-1;9,430131E-1;;
30/11/2021  14:47:41,011683;9,260126E-1;9,774492E-2;9,466852E-2;9,426144E-1;;
30/11/2021  14:47:41,011783;9,259620E-1;1,165411E-1;1,164678E-1;9,422012E-1;;
30/11/2021  14:47:41,011883;9,264358E-1;8,818752E-2;7,602853E-2;9,417745E-1;;
30/11/2021  14:47:41,011983;9,262213E-1;1,069837E-1;1,164678E-1;9,413354E-1;;
30/11/2021  14:47:41,012083;9,252735E-1;1,095324E-1;1,193112E-1;9,408849E-1;;
30/11/2021  14:47:41,012183;9,255090E-1;1,041165E-1;1,110970E-1;9,404243E-1;;
30/11/2021  14:47:41,012283;9,264150E-1;1,066652E-1;1,057261E-1;9,399545E-1;;
30/11/2021  14:47:41,012383;9,272673E-1;1,012493E-1;1,079377E-1;9,394770E-1;;
30/11/2021  14:47:41,012483;9,276131E-1;9,328480E-2;1,306848E-1;9,389931E-1;;
30/11/2021  14:47:41,012583;9,270289E-1;1,251428E-1;1,275255E-1;9,385043E-1;;
30/11/2021  14:47:41,012683;9,272197E-1;9,264764E-2;9,972343E-2;9,380123E-1;;
30/11/2021  14:47:41,012783;9,266981E-1;1,018865E-1;1,212068E-1;9,375184E-1;;
30/11/2021  14:47:41,012883;9,273150E-1;1,149482E-1;1,265777E-1;9,370240E-1;;
30/11/2021  14:47:41,012983;9,274581E-1;9,137332E-2;9,593225E-2;9,365305E-1;;
30/11/2021  14:47:41,013083;9,282568E-1;1,053908E-1;1,313166E-1;9,360393E-1;;
30/11/2021  14:47:41,013183;9,279171E-1;1,490363E-1;1,606983E-1;9,355517E-1;;
30/11/2021  14:47:41,013283;9,284207E-1;1,592309E-1;1,644895E-1;9,350691E-1;;
30/11/2021  14:47:41,013383;9,285578E-1;1,483991E-1;1,392149E-1;9,345929E-1;;
30/11/2021  14:47:41,013483;9,275237E-1;1,996905E-1;1,885003E-1;9,341244E-1;;
30/11/2021  14:47:41,013583;9,285668E-1;1,675139E-1;1,509044E-1;9,336645E-1;;
30/11/2021  14:47:41,013683;9,293595E-1;1,589123E-1;1,505885E-1;9,332145E-1;;
30/11/2021  14:47:41,013783;9,297052E-1;1,452133E-1;1,196272E-1;9,327755E-1;;
30/11/2021  14:47:41,013883;9,302566E-1;1,216384E-1;1,145722E-1;9,323485E-1;;
30/11/2021  14:47:41,013983;9,298155E-1;1,362931E-1;1,347919E-1;9,319347E-1;;
30/11/2021  14:47:41,014083;9,299913E-1;1,168597E-1;1,155200E-1;9,315352E-1;;
30/11/2021  14:47:41,014183;9,302447E-1;2,060621E-1;1,973464E-1;9,311507E-1;;
30/11/2021  14:47:41,014283;9,312371E-1;1,270543E-1;1,335282E-1;9,307821E-1;;
30/11/2021  14:47:41,014383;9,322832E-1;1,225942E-1;1,193112E-1;9,304303E-1;;
30/11/2021  14:47:41,014483;9,322117E-1;3,689614E-2;6,086380E-2;9,300960E-1;;
30/11/2021  14:47:41,014583;9,327034E-1;1,213198E-1;1,123607E-1;9,297802E-1;;
30/11/2021  14:47:41,014683;9,322742E-1;3,179886E-2;3,780076E-2;9,294836E-1;;
30/11/2021  14:47:41,014783;9,321521E-1;1,280100E-1;1,145722E-1;9,292068E-1;;
30/11/2021  14:47:41,014883;9,334843E-1;1,165411E-1;1,227865E-1;9,289502E-1;;
30/11/2021  14:47:41,014983;9,334843E-1;1,286472E-1;1,303688E-1;9,287141E-1;;
30/11/2021  14:47:41,015083;9,348552E-1;1,292843E-1;1,275255E-1;9,284991E-1;;
30/11/2021  14:47:41,015183;9,346078E-1;1,503106E-1;1,610142E-1;9,283055E-1;;
30/11/2021  14:47:41,015283;9,345214E-1;1,337445E-1;1,420583E-1;9,281336E-1;;
30/11/2021  14:47:41,015383;9,346644E-1;1,292843E-1;1,310007E-1;9,279837E-1;;
30/11/2021  14:47:41,015483;9,347270E-1;1,942747E-1;1,496407E-1;9,278558E-1;;
30/11/2021  14:47:41,015583;9,348313E-1;8,372740E-2;8,708615E-2;9,277498E-1;;
30/11/2021  14:47:41,015683;9,355764E-1;1,123996E-1;1,152041E-1;9,276656E-1;;
30/11/2021  14:47:41,015783;9,370725E-1;1,232313E-1;1,126766E-1;9,276030E-1;;
30/11/2021  14:47:41,015883;9,367954E-1;1,028422E-1;9,372073E-2;9,275620E-1;;
30/11/2021  14:47:41,015983;9,369027E-1;1,159040E-1;1,161519E-1;9,275423E-1;;
30/11/2021  14:47:41,016083;9,375762E-1;1,104881E-1;1,316326E-1;9,275439E-1;;
30/11/2021  14:47:41,016183;9,377193E-1;1,152668E-1;1,256299E-1;9,275664E-1;;
30/11/2021  14:47:41,016283;9,384733E-1;1,420275E-1;1,452176E-1;9,276097E-1;;
30/11/2021  14:47:41,016383;9,395313E-1;1,267357E-1;1,234183E-1;9,276733E-1;;
30/11/2021  14:47:41,016483;9,403330E-1;8,691320E-2;1,205749E-1;9,277571E-1;;
30/11/2021  14:47:41,016583;9,405982E-1;1,458505E-1;1,689125E-1;9,278609E-1;;
30/11/2021  14:47:41,016683;9,411794E-1;1,343816E-1;1,439539E-1;9,279845E-1;;
30/11/2021  14:47:41,016783;9,409261E-1;6,907272E-2;1,104651E-1;9,281277E-1;;
30/11/2021  14:47:41,016883;9,415191E-1;1,337445E-1;1,344760E-1;9,282901E-1;;
30/11/2021  14:47:41,016983;9,419960E-1;1,410718E-1;1,445858E-1;9,284713E-1;;
30/11/2021  14:47:41,017083;9,429974E-1;1,426647E-1;1,347919E-1;9,286708E-1;;
30/11/2021  14:47:41,017183;9,436352E-1;1,324701E-1;1,461654E-1;9,288883E-1;;
30/11/2021  14:47:41,017283;9,438587E-1;1,321516E-1;1,142563E-1;9,291234E-1;;
30/11/2021  14:47:41,017383;9,438229E-1;1,315144E-1;1,126766E-1;9,293757E-1;;
30/11/2021  14:47:41,017483;9,432030E-1;1,417090E-1;1,474292E-1;9,296447E-1;;
30/11/2021  14:47:41,017583;9,445620E-1;8,965980E-4;3,680107E-3;9,299296E-1;;
30/11/2021  14:47:41,017683;9,445590E-1;7,586778E-3;9,366883E-3;9,302299E-1;;
30/11/2021  14:47:41,017783;9,457363E-1;8,223938E-3;9,682815E-3;9,305448E-1;;
30/11/2021  14:47:41,017883;9,451789E-1;2,489498E-3;4,627903E-3;9,308738E-1;;
30/11/2021  14:47:41,017983;9,450836E-1;5,993878E-3;8,735019E-3;9,312160E-1;;
30/11/2021  14:47:41,018083;9,450299E-1;5,038138E-3;7,787223E-3;9,315707E-1;;
30/11/2021  14:47:41,018183;9,448511E-1;6,631038E-3;7,787223E-3;9,319370E-1;;
30/11/2021  14:47:41,018283;9,453786E-1;6,631038E-3;8,735019E-3;9,323139E-1;;
30/11/2021  14:47:41,018383;9,455276E-1;5,993878E-3;8,103155E-3;9,327004E-1;;
30/11/2021  14:47:41,018483;9,462072E-1;2,170918E-3;4,627903E-3;9,330954E-1;;
30/11/2021  14:47:41,018583;9,460403E-1;1,215178E-3;3,364175E-3;9,334982E-1;;
30/11/2021  14:47:41,018683;9,452862E-1;4,082398E-3;6,207563E-3;9,339076E-1;;
30/11/2021  14:47:41,018783;9,448303E-1;8,965980E-4;3,364175E-3;9,343227E-1;;
30/11/2021  14:47:41,018883;9,449614E-1;7,905358E-3;8,735019E-3;9,347423E-1;;
30/11/2021  14:47:41,018983;9,448094E-1;5,993878E-3;7,471291E-3;9,351652E-1;;
30/11/2021  14:47:41,019083;9,452237E-1;2,489498E-3;4,943835E-3;9,355902E-1;;
30/11/2021  14:47:41,019183;9,449554E-1;8,965980E-4;3,364175E-3;9,360161E-1;;
30/11/2021  14:47:41,019283;9,444130E-1;1,215178E-3;3,680107E-3;9,364418E-1;;
30/11/2021  14:47:41,019383;9,436739E-1;1,215178E-3;3,048243E-3;9,368661E-1;;
30/11/2021  14:47:41,019483;9,430778E-1;1,215178E-3;3,048243E-3;9,372877E-1;;
30/11/2021  14:47:41,019583;9,426189E-1;1,533758E-3;3,048243E-3;9,377054E-1;;
30/11/2021  14:47:41,019683;9,422612E-1;5,780180E-4;3,364175E-3;9,381177E-1;;
30/11/2021  14:47:41,019783;9,424520E-1;1,215178E-3;3,364175E-3;9,385233E-1;;
30/11/2021  14:47:41,019883;9,418589E-1;1,852338E-3;3,680107E-3;9,389209E-1;;
30/11/2021  14:47:41,019983;9,412301E-1;8,965980E-4;3,364175E-3;9,393093E-1;;
30/11/2021  14:47:41,020083;9,408188E-1;1,215178E-3;2,732311E-3;9,396872E-1;;
30/11/2021  14:47:41,020183;9,405774E-1;1,533758E-3;3,680107E-3;9,400535E-1;;
30/11/2021  14:47:41,020283;9,403151E-1;1,215178E-3;3,996039E-3;9,404070E-1;;
30/11/2021  14:47:41,020383;9,403360E-1;8,965980E-4;3,048243E-3;9,407467E-1;;
30/11/2021  14:47:41,020483;9,404492E-1;8,965980E-4;3,364175E-3;9,410715E-1;;
30/11/2021  14:47:41,020583;9,402585E-1;8,965980E-4;3,048243E-3;9,413808E-1;;
30/11/2021  14:47:41,020683;9,394449E-1;8,965980E-4;3,364175E-3;9,416739E-1;;
30/11/2021  14:47:41,020783;9,388667E-1;1,533758E-3;3,680107E-3;9,419500E-1;;
30/11/2021  14:47:41,020883;9,380083E-1;1,533758E-3;3,364175E-3;9,422086E-1;;
30/11/2021  14:47:41,020983;9,389352E-1;1,533758E-3;3,364175E-3;9,424489E-1;;
30/11/2021  14:47:41,021083;9,390664E-1;1,045400E-2;1,221027E-2;9,426705E-1;;
30/11/2021  14:47:41,021183;9,393197E-1;1,300264E-2;1,473773E-2;9,428731E-1;;
30/11/2021  14:47:41,021283;9,388279E-1;1,140974E-2;1,442179E-2;9,430565E-1;;
30/11/2021  14:47:41,021383;9,383898E-1;1,172832E-2;1,442179E-2;9,432208E-1;;
30/11/2021  14:47:41,021483;9,377908E-1;1,650702E-2;1,694925E-2;9,433659E-1;;
30/11/2021  14:47:41,021583;9,378921E-1;1,555128E-2;1,979264E-2;9,434919E-1;;
30/11/2021  14:47:41,021683;9,374361E-1;3,976336E-2;7,223735E-2;9,435987E-1;;
30/11/2021  14:47:41,021783;9,384077E-1;1,077258E-2;1,821298E-2;9,436865E-1;;
30/11/2021  14:47:41,021883;9,386312E-1;2,797590E-2;5,644075E-2;9,437555E-1;;
30/11/2021  14:47:41,021983;9,383690E-1;7,576290E-2;1,411105E-1;9,438062E-1;;
30/11/2021  14:47:41,022083;9,380858E-1;1,229127E-1;1,120448E-1;9,438392E-1;;
30/11/2021  14:47:41,022183;9,375971E-1;1,363980E-2;4,759465E-2;9,438550E-1;;
30/11/2021  14:47:41,022283;9,377014E-1;1,555128E-2;2,863873E-2;9,438541E-1;;
30/11/2021  14:47:41,022383;9,385776E-1;3,625898E-2;4,949025E-2;9,438371E-1;;
30/11/2021  14:47:41,022483;9,386461E-1;9,264764E-2;1,035146E-1;9,438046E-1;;
30/11/2021  14:47:41,022583;9,392541E-1;7,576290E-2;7,950379E-2;9,437576E-1;;
30/11/2021  14:47:41,022683;9,394210E-1;1,289658E-1;1,676488E-1;9,436970E-1;;
30/11/2021  14:47:41,022783;9,393137E-1;9,009900E-2;1,022509E-1;9,436237E-1;;
30/11/2021  14:47:41,022883;9,395939E-1;9,519628E-2;1,038306E-1;9,435389E-1;;
30/11/2021  14:47:41,022983;9,394478E-1;1,468062E-1;1,581709E-1;9,434435E-1;;
30/11/2021  14:47:41,023083;9,402793E-1;9,073616E-2;1,009872E-1;9,433386E-1;;
30/11/2021  14:47:41,023183;9,410423E-1;6,716124E-2;9,403666E-2;9,432253E-1;;
30/11/2021  14:47:41,023283;9,402883E-1;9,073616E-2;1,041465E-1;9,431048E-1;;
30/11/2021  14:47:41,023383;9,396207E-1;1,248242E-1;1,414265E-1;9,429782E-1;;
30/11/2021  14:47:41,023483;9,394925E-1;1,136739E-1;1,073058E-1;9,428464E-1;;
30/11/2021  14:47:41,023583;9,395551E-1;1,579565E-1;1,667010E-1;9,427104E-1;;
30/11/2021  14:47:41,023683;9,396684E-1;2,044692E-1;2,001898E-1;9,425707E-1;;
30/11/2021  14:47:41,023783;9,403479E-1;1,773899E-1;2,286237E-1;9,424283E-1;;
30/11/2021  14:47:41,023883;9,401959E-1;1,805757E-1;1,644895E-1;9,422839E-1;;
30/11/2021  14:47:41,023983;9,395074E-1;1,582751E-1;1,619620E-1;9,421383E-1;;
30/11/2021  14:47:41,024083;9,393554E-1;1,614609E-1;1,496407E-1;9,419922E-1;;
30/11/2021  14:47:41,024183;9,389859E-1;1,544522E-1;1,455336E-1;9,418461E-1;;
30/11/2021  14:47:41,024283;9,382140E-1;1,308772E-1;1,354238E-1;9,417004E-1;;
30/11/2021  14:47:41,024383;9,391826E-1;-4,211170E-2;3,306178E-2;9,415555E-1;;
30/11/2021  14:47:41,024483;9,395968E-1;1,238685E-1;1,129926E-1;9,414116E-1;;
30/11/2021  14:47:41,024583;9,390813E-1;1,426647E-1;1,588027E-1;9,412693E-1;;
30/11/2021  14:47:41,024683;9,382050E-1;1,130368E-1;1,158360E-1;9,411289E-1;;
30/11/2021  14:47:41,024783;9,376000E-1;1,302401E-1;1,325804E-1;9,409905E-1;;
30/11/2021  14:47:41,024883;9,367745E-1;1,139925E-1;1,022509E-1;9,408543E-1;;
30/11/2021  14:47:41,024983;9,368550E-1;-2,873134E-2;3,685297E-2;9,407202E-1;;
30/11/2021  14:47:41,025083;9,367715E-1;1,104881E-1;1,025668E-1;9,405879E-1;;
30/11/2021  14:47:41,025183;9,371053E-1;1,213198E-1;1,821817E-1;9,404574E-1;;
30/11/2021  14:47:41,025283;9,366285E-1;1,359745E-1;1,597505E-1;9,403286E-1;;
30/11/2021  14:47:41,025383;9,361963E-1;1,273729E-1;1,654373E-1;9,402014E-1;;
30/11/2021  14:47:41,025483;9,363722E-1;1,885402E-1;1,727037E-1;9,400756E-1;;
30/11/2021  14:47:41,025583;9,355675E-1;2,066993E-1;2,396813E-1;9,399512E-1;;
30/11/2021  14:47:41,025683;9,351145E-1;1,270543E-1;1,300529E-1;9,398279E-1;;
30/11/2021  14:47:41,025783;9,353827E-1;1,264171E-1;1,303688E-1;9,397055E-1;;
30/11/2021  14:47:41,025883;9,353380E-1;7,767438E-2;7,128955E-2;9,395837E-1;;
30/11/2021  14:47:41,025983;9,355258E-1;-1,141108E-1;-3,586329E-3;9,394624E-1;;
30/11/2021  14:47:41,026083;9,349208E-1;1,235499E-1;1,234183E-1;9,393414E-1;;
30/11/2021  14:47:41,026183;9,335647E-1;1,047537E-1;1,104651E-1;9,392206E-1;;
30/11/2021  14:47:41,026283;9,339015E-1;1,566822E-1;1,303688E-1;9,390998E-1;;
30/11/2021  14:47:41,026383;9,332846E-1;1,321516E-1;1,559593E-1;9,389784E-1;;
30/11/2021  14:47:41,026483;9,338687E-1;1,092138E-1;1,193112E-1;9,388564E-1;;
30/11/2021  14:47:41,026583;9,328643E-1;1,375674E-1;1,338441E-1;9,387333E-1;;
30/11/2021  14:47:41,026683;9,326825E-1;-3,777220E-4;5,770448E-2;9,386090E-1;;
30/11/2021  14:47:41,026783;9,330342E-1;1,012493E-1;1,196272E-1;9,384832E-1;;
30/11/2021  14:47:41,026883;9,323547E-1;6,939130E-2;1,000394E-1;9,383556E-1;;
30/11/2021  14:47:41,026983;9,328345E-1;1,159040E-1;1,193112E-1;9,382260E-1;;
30/11/2021  14:47:41,027083;9,334127E-1;1,171783E-1;1,196272E-1;9,380945E-1;;
30/11/2021  14:47:41,027183;9,342979E-1;1,187712E-1;1,224705E-1;9,379610E-1;;
30/11/2021  14:47:41,027283;9,343158E-1;1,165411E-1;1,202590E-1;9,378257E-1;;
30/11/2021  14:47:41,027383;9,344230E-1;1,152668E-1;1,148882E-1;9,376890E-1;;
30/11/2021  14:47:41,027483;9,342353E-1;2,861306E-2;2,611128E-2;9,375513E-1;;
30/11/2021  14:47:41,027583;9,344141E-1;7,799296E-2;1,054102E-1;9,374130E-1;;
30/11/2021  14:47:41,027683;9,350847E-1;9,424054E-2;9,530039E-2;9,372745E-1;;
30/11/2021  14:47:41,027783;9,362559E-1;1,194084E-1;1,136244E-1;9,371361E-1;;
30/11/2021  14:47:41,027883;9,364973E-1;1,022050E-1;1,123607E-1;9,369987E-1;;
30/11/2021  14:47:41,027983;9,373080E-1;1,041165E-1;9,150920E-2;9,368628E-1;;
30/11/2021  14:47:41,028083;9,375464E-1;6,684266E-2;4,443533E-2;9,367294E-1;;
30/11/2021  14:47:41,028183;9,380143E-1;-2,363406E-2;-2,412191E-2;9,365992E-1;;
30/11/2021  14:47:41,028283;9,378832E-1;2,001140E-2;2,927060E-2;9,364732E-1;;
30/11/2021  14:47:41,028383;9,391319E-1;8,277166E-2;8,234717E-2;9,363520E-1;;
30/11/2021  14:47:41,028483;9,399157E-1;-4,243028E-2;-2,886089E-2;9,362366E-1;;
30/11/2021  14:47:41,028583;9,410334E-1;1,187712E-1;1,110970E-1;9,361278E-1;;
30/11/2021  14:47:41,028683;9,408635E-1;3,466608E-2;3,116619E-2;9,360267E-1;;
30/11/2021  14:47:41,028783;9,408873E-1;1,296029E-1;1,388990E-1;9,359341E-1;;
30/11/2021  14:47:41,028883;9,414059E-1;1,426647E-1;1,436380E-1;9,358510E-1;;
30/11/2021  14:47:41,028983;9,424371E-1;1,251428E-1;1,268936E-1;9,357782E-1;;
30/11/2021  14:47:41,029083;9,429646E-1;1,092138E-1;1,237343E-1;9,357162E-1;;
30/11/2021  14:47:41,029183;9,441001E-1;3,721472E-2;3,874856E-2;9,356660E-1;;
30/11/2021  14:47:41,029283;9,447647E-1;1,347002E-1;1,357397E-1;9,356284E-1;;
30/11/2021  14:47:41,029383;9,447796E-1;1,174969E-1;9,656411E-2;9,356041E-1;;
30/11/2021  14:47:41,029483;9,454800E-1;5,123224E-2;6,876210E-2;9,355940E-1;;
30/11/2021  14:47:41,029583;9,455455E-1;1,245056E-1;1,249980E-1;9,355986E-1;;
30/11/2021  14:47:41,029683;9,459240E-1;1,595494E-1;1,723878E-1;9,356185E-1;;
30/11/2021  14:47:41,029783;9,469999E-1;1,095324E-1;1,095173E-1;9,356540E-1;;
30/11/2021  14:47:41,029883;9,485377E-1;1,229127E-1;1,218387E-1;9,357058E-1;;
30/11/2021  14:47:41,029983;9,484752E-1;1,866287E-1;1,869207E-1;9,357741E-1;;
30/11/2021  14:47:41,030083;9,487166E-1;1,410718E-1;1,663851E-1;9,358596E-1;;
30/11/2021  14:47:41,030183;9,484841E-1;1,088952E-1;1,894481E-1;9,359625E-1;;
30/11/2021  14:47:41,030283;9,486421E-1;7,894870E-2;9,277293E-2;9,360830E-1;;
30/11/2021  14:47:41,030383;9,493603E-1;1,254614E-1;1,246821E-1;9,362210E-1;;
30/11/2021  14:47:41,030483;9,497477E-1;1,362931E-1;1,322644E-1;9,363765E-1;;
30/11/2021  14:47:41,030583;9,499087E-1;6,301970E-2;9,656411E-2;9,365492E-1;;
30/11/2021  14:47:41,030683;9,496971E-1;1,184526E-1;1,227865E-1;9,367391E-1;;
30/11/2021  14:47:41,030783;9,496285E-1;1,302401E-1;1,189953E-1;9,369457E-1;;
30/11/2021  14:47:41,030883;9,493186E-1;1,245056E-1;1,092014E-1;9,371685E-1;;
30/11/2021  14:47:41,030983;9,488686E-1;1,225942E-1;1,180475E-1;9,374068E-1;;
30/11/2021  14:47:41,031083;9,488239E-1;8,850610E-2;9,024547E-2;9,376597E-1;;
30/11/2021  14:47:41,031183;9,491070E-1;1,841850E-2;8,297904E-2;9,379265E-1;;
30/11/2021  14:47:41,031283;9,494855E-1;1,404346E-1;1,464814E-1;9,382059E-1;;
30/11/2021  14:47:41,031383;9,488596E-1;1,305587E-1;1,338441E-1;9,384971E-1;;
30/11/2021  14:47:41,031483;9,481116E-1;1,245056E-1;1,155200E-1;9,387990E-1;;
30/11/2021  14:47:41,031583;9,478642E-1;1,356559E-1;1,275255E-1;9,391104E-1;;
30/11/2021  14:47:41,031683;9,476705E-1;1,490363E-1;1,426902E-1;9,394300E-1;;
30/11/2021  14:47:41,031783;9,482129E-1;1,324701E-1;1,360556E-1;9,397564E-1;;
30/11/2021  14:47:41,031883;9,483142E-1;1,311958E-1;1,262617E-1;9,400885E-1;;
30/11/2021  14:47:41,031983;9,478314E-1;1,257800E-1;1,303688E-1;9,404249E-1;;
30/11/2021  14:47:41,032083;9,478582E-1;1,238685E-1;1,117289E-1;9,407644E-1;;
30/11/2021  14:47:41,032183;9,468986E-1;1,123996E-1;1,139404E-1;9,411060E-1;;
30/11/2021  14:47:41,032283;9,470387E-1;1,095324E-1;1,101492E-1;9,414482E-1;;
30/11/2021  14:47:41,032383;9,469522E-1;1,073023E-1;1,139404E-1;9,417899E-1;;
30/11/2021  14:47:41,032483;9,471459E-1;1,076209E-1;1,117289E-1;9,421297E-1;;
30/11/2021  14:47:41,032583;9,470476E-1;1,296029E-1;1,651214E-1;9,424667E-1;;
30/11/2021  14:47:41,032683;9,464039E-1;9,041758E-2;8,645429E-2;9,427997E-1;;
30/11/2021  14:47:41,032783;9,452654E-1;1,149482E-1;1,272095E-1;9,431277E-1;;
30/11/2021  14:47:41,032883;9,446037E-1;9,806350E-2;1,148882E-1;9,434495E-1;;
30/11/2021  14:47:41,032983;9,438766E-1;9,806350E-2;9,561632E-2;9,437637E-1;;
30/11/2021  14:47:41,033083;9,435368E-1;1,025236E-1;1,136244E-1;9,440692E-1;;
30/11/2021  14:47:41,033183;9,434086E-1;9,965640E-2;1,107811E-1;9,443647E-1;;
30/11/2021  14:47:41,033283;9,427083E-1;1,002936E-1;1,092014E-1;9,446490E-1;;
30/11/2021  14:47:41,033383;9,427142E-1;1,069837E-1;1,401627E-1;9,449209E-1;;
30/11/2021  14:47:41,033483;9,414208E-1;1,101695E-1;1,196272E-1;9,451794E-1;;
30/11/2021  14:47:41,033583;9,409112E-1;1,229127E-1;1,297370E-1;9,454235E-1;;
30/11/2021  14:47:41,033683;9,404492E-1;1,331073E-1;1,524841E-1;9,456521E-1;;
30/11/2021  14:47:41,033783;9,400439E-1;1,732484E-1;1,682807E-1;9,458642E-1;;
30/11/2021  14:47:41,033883;9,406072E-1;1,582751E-1;8,929768E-2;9,460589E-1;;
30/11/2021  14:47:41,033983;9,406101E-1;1,378860E-1;1,174156E-1;9,462356E-1;;
30/11/2021  14:47:41,034083;9,399396E-1;1,248242E-1;8,076751E-2;9,463937E-1;;
30/11/2021  14:47:41,034183;9,397518E-1;1,691068E-1;1,401627E-1;9,465329E-1;;
30/11/2021  14:47:41,034283;9,390038E-1;1,719741E-1;1,730197E-1;9,466527E-1;;
30/11/2021  14:47:41,034383;9,386670E-1;1,149482E-1;1,837613E-1;9,467529E-1;;
30/11/2021  14:47:41,034483;9,388100E-1;1,401161E-1;1,404787E-1;9,468333E-1;;
30/11/2021  14:47:41,034583;9,387981E-1;1,286472E-1;1,281573E-1;9,468938E-1;;
30/11/2021  14:47:41,034683;9,392303E-1;9,169190E-2;9,056141E-2;9,469343E-1;;
30/11/2021  14:47:41,034783;9,381961E-1;1,327887E-1;1,328963E-1;9,469551E-1;;
30/11/2021  14:47:41,034883;9,372812E-1;1,315144E-1;1,234183E-1;9,469564E-1;;
30/11/2021  14:47:41,034983;9,363453E-1;1,117624E-1;1,231024E-1;9,469383E-1;;
30/11/2021  14:47:41,035083;9,360354E-1;1,302401E-1;1,253139E-1;9,469009E-1;;
30/11/2021  14:47:41,035183;9,362887E-1;1,190898E-1;1,275255E-1;9,468443E-1;;
30/11/2021  14:47:41,035283;9,366911E-1;1,171783E-1;1,215227E-1;9,467687E-1;;
30/11/2021  14:47:41,035383;9,358119E-1;1,241871E-1;1,202590E-1;9,466745E-1;;
30/11/2021  14:47:41,035483;9,351711E-1;1,260985E-1;1,268936E-1;9,465621E-1;;
30/11/2021  14:47:41,035583;9,346019E-1;1,171783E-1;9,688005E-2;9,464318E-1;;
30/11/2021  14:47:41,035683;9,341816E-1;1,337445E-1;1,474292E-1;9,462842E-1;;
30/11/2021  14:47:41,035783;9,341816E-1;9,647060E-2;8,361090E-2;9,461195E-1;;
30/11/2021  14:47:41,035883;9,344320E-1;7,130278E-2;9,024547E-2;9,459381E-1;;
30/11/2021  14:47:41,035983;9,343813E-1;1,433019E-1;1,392149E-1;9,457408E-1;;
30/11/2021  14:47:41,036083;9,340147E-1;5,664810E-2;2,484755E-2;9,455281E-1;;
30/11/2021  14:47:41,036183;9,338180E-1;1,324701E-1;1,376353E-1;9,453008E-1;;
30/11/2021  14:47:41,036283;9,339373E-1;1,318330E-1;1,379512E-1;9,450596E-1;;
30/11/2021  14:47:41,036383;9,337167E-1;1,308772E-1;1,376353E-1;9,448052E-1;;
30/11/2021  14:47:41,036483;9,342681E-1;1,397975E-1;1,322644E-1;9,445387E-1;;
30/11/2021  14:47:41,036583;9,347688E-1;1,299215E-1;1,265777E-1;9,442609E-1;;
30/11/2021  14:47:41,036683;9,345989E-1;1,382046E-1;1,644895E-1;9,439728E-1;;
30/11/2021  14:47:41,036783;9,341816E-1;1,917260E-1;1,698603E-1;9,436757E-1;;
30/11/2021  14:47:41,036883;9,337435E-1;1,299215E-1;1,319485E-1;9,433705E-1;;
30/11/2021  14:47:41,036983;9,342293E-1;1,318330E-1;1,231024E-1;9,430583E-1;;
30/11/2021  14:47:41,037083;9,336601E-1;1,296029E-1;1,237343E-1;9,427401E-1;;
30/11/2021  14:47:41,037183;9,340475E-1;1,241871E-1;1,158360E-1;9,424169E-1;;
30/11/2021  14:47:41,037283;9,344171E-1;1,605052E-1;2,393654E-1;9,420896E-1;;
30/11/2021  14:47:41,037383;9,339611E-1;1,296029E-1;7,855599E-2;9,417592E-1;;
30/11/2021  14:47:41,037483;9,337048E-1;1,506292E-1;1,809180E-1;9,414268E-1;;
30/11/2021  14:47:41,037583;9,328137E-1;1,077258E-2;1,410586E-2;9,410932E-1;;
30/11/2021  14:47:41,037683;9,327481E-1;4,400978E-3;6,207563E-3;9,407592E-1;;
30/11/2021  14:47:41,037783;9,325335E-1;6,949618E-3;8,419087E-3;9,404255E-1;;
30/11/2021  14:47:41,037883;9,334515E-1;4,400978E-3;7,155359E-3;9,400926E-1;;
30/11/2021  14:47:41,037983;9,332786E-1;3,445238E-3;5,891631E-3;9,397612E-1;;
30/11/2021  14:47:41,038083;9,324918E-1;1,215178E-3;3,048243E-3;9,394321E-1;;
30/11/2021  14:47:41,038183;9,323368E-1;5,993878E-3;7,155359E-3;9,391058E-1;;
30/11/2021  14:47:41,038283;9,316752E-1;4,082398E-3;7,155359E-3;9,387828E-1;;
30/11/2021  14:47:41,038383;9,307364E-1;1,533758E-3;3,996039E-3;9,384635E-1;;
30/11/2021  14:47:41,038483;9,313504E-1;1,852338E-3;4,311971E-3;9,381482E-1;;
30/11/2021  14:47:41,038583;9,313772E-1;5,780180E-4;3,048243E-3;9,378370E-1;;
30/11/2021  14:47:41,038683;9,315381E-1;7,586778E-3;8,735019E-3;9,375302E-1;;
30/11/2021  14:47:41,038783;9,310523E-1;5,356718E-3;7,471291E-3;9,372281E-1;;
30/11/2021  14:47:41,038883;9,305069E-1;3,126658E-3;5,575699E-3;9,369310E-1;;
30/11/2021  14:47:41,038983;9,296248E-1;4,400978E-3;6,523495E-3;9,366389E-1;;
30/11/2021  14:47:41,039083;9,293714E-1;1,215178E-3;3,364175E-3;9,363520E-1;;
30/11/2021  14:47:41,039183;9,299794E-1;5,780180E-4;3,680107E-3;9,360700E-1;;
30/11/2021  14:47:41,039283;9,306410E-1;1,215178E-3;3,680107E-3;9,357931E-1;;
30/11/2021  14:47:41,039383;9,294996E-1;1,852338E-3;3,680107E-3;9,355213E-1;;
30/11/2021  14:47:41,039483;9,289631E-1;8,965980E-4;3,680107E-3;9,352548E-1;;
30/11/2021  14:47:41,039583;9,283671E-1;8,965980E-4;3,680107E-3;9,349933E-1;;
30/11/2021  14:47:41,039683;9,279051E-1;8,223938E-3;9,050951E-3;9,347369E-1;;
30/11/2021  14:47:41,039783;9,278545E-1;8,965980E-4;3,048243E-3;9,344852E-1;;
30/11/2021  14:47:41,039883;9,275773E-1;1,533758E-3;3,364175E-3;9,342379E-1;;
30/11/2021  14:47:41,039983;9,281018E-1;5,780180E-4;3,680107E-3;9,339950E-1;;
30/11/2021  14:47:41,040083;9,273299E-1;1,852338E-3;4,627903E-3;9,337561E-1;;
30/11/2021  14:47:41,040183;9,266921E-1;5,780180E-4;3,680107E-3;9,335211E-1;;
30/11/2021  14:47:41,040283;9,266385E-1;1,215178E-3;3,996039E-3;9,332897E-1;;
30/11/2021  14:47:41,040383;9,265431E-1;1,852338E-3;4,311971E-3;9,330617E-1;;
30/11/2021  14:47:41,040483;9,261736E-1;1,215178E-3;3,364175E-3;9,328369E-1;;
30/11/2021  14:47:41,040583;9,275058E-1;1,533758E-3;3,680107E-3;9,326150E-1;;
30/11/2021  14:47:41,040683;9,279051E-1;1,215178E-3;3,364175E-3;9,323960E-1;;
30/11/2021  14:47:41,040783;9,281078E-1;1,533758E-3;3,996039E-3;9,321800E-1;;
30/11/2021  14:47:41,040883;9,278306E-1;8,965980E-4;3,048243E-3;9,319672E-1;;
30/11/2021  14:47:41,040983;9,277949E-1;8,965980E-4;3,048243E-3;9,317580E-1;;
30/11/2021  14:47:41,041083;9,277084E-1;5,675298E-3;8,419087E-3;9,315524E-1;;
30/11/2021  14:47:41,041183;9,282181E-1;1,140974E-2;1,442179E-2;9,313507E-1;;
30/11/2021  14:47:41,041283;9,290525E-1;8,223938E-3;8,735019E-3;9,311531E-1;;
30/11/2021  14:47:41,041383;9,297350E-1;1,778134E-2;1,884484E-2;9,309600E-1;;
30/11/2021  14:47:41,041483;9,299317E-1;1,746276E-2;3,969635E-2;9,307719E-1;;
30/11/2021  14:47:41,041583;9,300688E-1;1,427696E-2;1,473773E-2;9,305893E-1;;
30/11/2021  14:47:41,041683;9,295264E-1;1,714418E-2;1,852891E-2;9,304128E-1;;
30/11/2021  14:47:41,041783;9,301374E-1;1,778134E-2;1,916077E-2;9,302429E-1;;
30/11/2021  14:47:41,041883;9,311358E-1;1,523270E-2;1,694925E-2;9,300798E-1;;
30/11/2021  14:47:41,041983;9,315500E-1;8,595746E-2;8,898175E-2;9,299242E-1;;
30/11/2021  14:47:41,042083;9,326885E-1;1,682560E-2;2,232009E-2;9,297766E-1;;
30/11/2021  14:47:41,042183;9,325812E-1;6,779840E-2;8,582243E-2;9,296377E-1;;
30/11/2021  14:47:41,042283;9,328435E-1;1,649653E-1;1,698603E-1;9,295081E-1;;
30/11/2021  14:47:41,042383;9,334127E-1;5,250656E-2;1,123607E-1;9,293885E-1;;
30/11/2021  14:47:41,042483;9,346257E-1;4,581638E-2;6,497092E-2;9,292794E-1;;
30/11/2021  14:47:41,042583;9,355138E-1;9,519628E-2;9,656411E-2;9,291816E-1;;
30/11/2021  14:47:41,042683;9,366434E-1;1,174969E-1;1,183634E-1;9,290957E-1;;
30/11/2021  14:47:41,042783;9,377818E-1;1,037979E-1;1,041465E-1;9,290227E-1;;
30/11/2021  14:47:41,042883;9,378862E-1;1,174969E-1;1,205749E-1;9,289633E-1;;
30/11/2021  14:47:41,042983;9,386938E-1;9,487770E-2;9,466852E-2;9,289186E-1;;
30/11/2021  14:47:41,043083;9,399128E-1;7,417000E-2;1,502726E-1;9,288893E-1;;
30/11/2021  14:47:41,043183;9,413224E-1;1,566822E-1;1,758630E-1;9,288762E-1;;
30/11/2021  14:47:41,043283;9,424311E-1;1,439390E-1;1,717559E-1;9,288803E-1;;
30/11/2021  14:47:41,043383;9,433282E-1;9,169190E-2;1,095173E-1;9,289026E-1;;
30/11/2021  14:47:41,043483;9,438050E-1;1,573194E-1;1,796542E-1;9,289438E-1;;
30/11/2021  14:47:41,043583;9,437216E-1;1,053908E-1;1,152041E-1;9,290050E-1;;
30/11/2021  14:47:41,043683;9,441716E-1;9,965640E-2;1,129926E-1;9,290867E-1;;
30/11/2021  14:47:41,043783;9,451044E-1;1,710183E-1;1,888163E-1;9,291894E-1;;
30/11/2021  14:47:41,043883;9,458287E-1;2,369644E-1;2,444203E-1;9,293135E-1;;
30/11/2021  14:47:41,043983;9,465618E-1;1,566822E-1;1,518522E-1;9,294594E-1;;
30/11/2021  14:47:41,044083;9,469761E-1;1,614609E-1;1,629098E-1;9,296271E-1;;
30/11/2021  14:47:41,044183;9,476317E-1;1,452133E-1;1,278414E-1;9,298171E-1;;
30/11/2021  14:47:41,044283;9,472383E-1;1,738855E-1;1,550115E-1;9,300292E-1;;
30/11/2021  14:47:41,044383;9,467287E-1;1,751599E-1;1,430061E-1;9,302634E-1;;
30/11/2021  14:47:41,044483;9,468718E-1;1,433019E-1;1,272095E-1;9,305193E-1;;
30/11/2021  14:47:41,044583;9,473188E-1;1,404346E-1;1,291051E-1;9,307962E-1;;
30/11/2021  14:47:41,044683;9,483440E-1;1,662396E-1;1,916596E-1;9,310935E-1;;
30/11/2021  14:47:41,044783;9,481831E-1;9,424054E-2;9,561632E-2;9,314104E-1;;
30/11/2021  14:47:41,044883;9,478284E-1;1,251428E-1;1,275255E-1;9,317463E-1;;
30/11/2021  14:47:41,044983;9,473277E-1;1,114439E-1;1,170997E-1;9,321002E-1;;
30/11/2021  14:47:41,045083;9,478880E-1;4,294916E-2;6,433905E-2;9,324711E-1;;
30/11/2021  14:47:41,045183;9,480192E-1;1,254614E-1;1,287892E-1;9,328577E-1;;
30/11/2021  14:47:41,045283;9,482487E-1;1,210013E-1;1,306848E-1;9,332589E-1;;
30/11/2021  14:47:41,045383;9,491696E-1;1,210013E-1;1,183634E-1;9,336736E-1;;
30/11/2021  14:47:41,045483;9,491040E-1;1,496735E-1;1,562753E-1;9,341006E-1;;
30/11/2021  14:47:41,045583;9,487046E-1;1,337445E-1;1,306848E-1;9,345388E-1;;
30/11/2021  14:47:41,045683;9,480222E-1;1,022050E-1;1,164678E-1;9,349871E-1;;
30/11/2021  14:47:41,045783;9,485586E-1;1,347002E-1;1,606983E-1;9,354440E-1;;
30/11/2021  14:47:41,045883;9,487017E-1;1,181340E-1;1,199431E-1;9,359083E-1;;
30/11/2021  14:47:41,045983;9,491368E-1;1,222756E-1;1,278414E-1;9,363787E-1;;
30/11/2021  14:47:41,046083;9,490980E-1;8,149734E-2;9,087734E-2;9,368539E-1;;
30/11/2021  14:47:41,046183;9,488090E-1;6,843556E-2;9,814378E-2;9,373328E-1;;
30/11/2021  14:47:41,046283;9,480192E-1;1,181340E-1;8,834988E-2;9,378140E-1;;
30/11/2021  14:47:41,046383;9,476556E-1;1,229127E-1;1,357397E-1;9,382963E-1;;
30/11/2021  14:47:41,046483;9,470863E-1;1,197269E-1;1,186794E-1;9,387783E-1;;
30/11/2021  14:47:41,046583;9,470476E-1;1,219570E-1;1,240502E-1;9,392584E-1;;
30/11/2021  14:47:41,046683;9,473874E-1;1,219570E-1;1,224705E-1;9,397353E-1;;
30/11/2021  14:47:41,046783;9,468271E-1;1,149482E-1;1,180475E-1;9,402076E-1;;
30/11/2021  14:47:41,046883;9,465320E-1;1,245056E-1;1,537478E-1;9,406739E-1;;
30/11/2021  14:47:41,046983;9,459836E-1;1,270543E-1;1,272095E-1;9,411329E-1;;
30/11/2021  14:47:41,047083;9,455753E-1;1,289658E-1;1,240502E-1;9,415835E-1;;
30/11/2021  14:47:41,047183;9,461803E-1;1,149482E-1;1,193112E-1;9,420242E-1;;
30/11/2021  14:47:41,047283;9,464992E-1;1,130368E-1;1,139404E-1;9,424539E-1;;
30/11/2021  14:47:41,047383;9,467138E-1;9,264764E-2;1,000394E-1;9,428717E-1;;
30/11/2021  14:47:41,047483;9,470565E-1;1,181340E-1;1,129926E-1;9,432769E-1;;
30/11/2021  14:47:41,047583;9,463770E-1;1,174969E-1;1,193112E-1;9,436687E-1;;
30/11/2021  14:47:41,047683;9,465409E-1;7,926728E-2;6,718244E-2;9,440466E-1;;
30/11/2021  14:47:41,047783;9,456111E-1;1,315144E-1;1,313166E-1;9,444101E-1;;
30/11/2021  14:47:41,047883;9,461893E-1;1,200455E-1;1,281573E-1;9,447585E-1;;
30/11/2021  14:47:41,047983;9,470893E-1;4,400978E-3;4,032822E-2;9,450915E-1;;
30/11/2021  14:47:41,048083;9,464635E-1;7,321426E-2;7,444887E-2;9,454087E-1;;
30/11/2021  14:47:41,048183;9,455872E-1;1,178155E-1;1,278414E-1;9,457100E-1;;
30/11/2021  14:47:41,048283;9,451998E-1;1,047537E-1;1,041465E-1;9,459951E-1;;
30/11/2021  14:47:41,048383;9,442491E-1;1,057094E-1;1,092014E-1;9,462637E-1;;
30/11/2021  14:47:41,048483;9,440882E-1;1,280100E-1;1,310007E-1;9,465155E-1;;
30/11/2021  14:47:41,048583;9,444726E-1;9,073616E-2;8,645429E-2;9,467500E-1;;
30/11/2021  14:47:41,048683;9,447826E-1;9,870066E-2;8,392683E-2;9,469671E-1;;
30/11/2021  14:47:41,048783;9,447587E-1;1,343816E-1;1,240502E-1;9,471667E-1;;
30/11/2021  14:47:41,048883;9,444667E-1;1,404346E-1;1,167838E-1;9,473488E-1;;
30/11/2021  14:47:41,048983;9,433133E-1;1,225942E-1;1,196272E-1;9,475134E-1;;
30/11/2021  14:47:41,049083;9,429020E-1;9,742634E-2;8,108345E-2;9,476606E-1;;
30/11/2021  14:47:41,049183;9,427411E-1;8,086018E-2;8,203124E-2;9,477904E-1;;
30/11/2021  14:47:41,049283;9,436173E-1;1,041165E-1;8,329497E-2;9,479026E-1;;
30/11/2021  14:47:41,049383;9,441329E-1;1,324701E-1;1,351078E-1;9,479976E-1;;
30/11/2021  14:47:41,049483;9,436650E-1;4,390490E-2;5,675668E-2;9,480756E-1;;
30/11/2021  14:47:41,049583;9,430540E-1;1,369303E-1;1,673329E-1;9,481370E-1;;
30/11/2021  14:47:41,049683;9,428573E-1;1,222756E-1;1,152041E-1;9,481823E-1;;
30/11/2021  14:47:41,049783;9,418172E-1;9,232906E-2;1,180475E-1;9,482118E-1;;
30/11/2021  14:47:41,049883;9,422106E-1;1,254614E-1;1,249980E-1;9,482259E-1;;
30/11/2021  14:47:41,049983;9,425503E-1;1,117624E-1;1,275255E-1;9,482247E-1;;
30/11/2021  14:47:41,050083;9,420973E-1;1,235499E-1;1,060421E-1;9,482088E-1;;
30/11/2021  14:47:41,050183;9,417844E-1;1,229127E-1;1,221546E-1;9,481785E-1;;
30/11/2021  14:47:41,050283;9,416503E-1;1,257800E-1;1,259458E-1;9,481345E-1;;
30/11/2021  14:47:41,050383;9,402197E-1;1,324701E-1;1,313166E-1;9,480770E-1;;
30/11/2021  14:47:41,050483;9,395104E-1;1,286472E-1;1,202590E-1;9,480065E-1;;
30/11/2021  14:47:41,050583;9,397637E-1;1,334259E-1;1,278414E-1;9,479231E-1;;
30/11/2021  14:47:41,050683;9,394955E-1;-5,358058E-2;5,138584E-2;9,478270E-1;;
30/11/2021  14:47:41,050783;9,402048E-1;6,174538E-2;8,045158E-2;9,477186E-1;;
30/11/2021  14:47:41,050883;9,386491E-1;1,143111E-1;1,152041E-1;9,475981E-1;;
30/11/2021  14:47:41,050983;9,385806E-1;1,697440E-1;1,600664E-1;9,474661E-1;;
30/11/2021  14:47:41,051083;9,373080E-1;1,464877E-1;1,401627E-1;9,473227E-1;;
30/11/2021  14:47:41,051183;9,370934E-1;1,254614E-1;1,237343E-1;9,471682E-1;;
30/11/2021  14:47:41,051283;9,371947E-1;1,334259E-1;1,360556E-1;9,470027E-1;;
30/11/2021  14:47:41,051383;9,374838E-1;1,423461E-1;1,404787E-1;9,468265E-1;;
30/11/2021  14:47:41,051483;9,370278E-1;1,413904E-1;1,458495E-1;9,466398E-1;;
30/11/2021  14:47:41,051583;9,367626E-1;1,139925E-1;1,237343E-1;9,464430E-1;;
30/11/2021  14:47:41,051683;9,353440E-1;1,095324E-1;1,133085E-1;9,462366E-1;;
30/11/2021  14:47:41,051783;9,346644E-1;1,273729E-1;1,240502E-1;9,460208E-1;;
30/11/2021  14:47:41,051883;9,354751E-1;1,331073E-1;1,268936E-1;9,457958E-1;;
30/11/2021  14:47:41,051983;9,358595E-1;1,264171E-1;1,082536E-1;9,455618E-1;;
30/11/2021  14:47:41,052083;9,360652E-1;1,413904E-1;1,588027E-1;9,453193E-1;;
30/11/2021  14:47:41,052183;9,361308E-1;1,331073E-1;1,205749E-1;9,450689E-1;;
30/11/2021  14:47:41,052283;9,358417E-1;5,473662E-2;3,085026E-2;9,448111E-1;;
30/11/2021  14:47:41,052383;9,353678E-1;1,388417E-1;1,787064E-1;9,445468E-1;;
30/11/2021  14:47:41,052483;9,354542E-1;1,388417E-1;1,249980E-1;9,442765E-1;;
30/11/2021  14:47:41,052583;9,348522E-1;1,219570E-1;1,259458E-1;9,440009E-1;;
30/11/2021  14:47:41,052683;9,358566E-1;1,165411E-1;1,234183E-1;9,437205E-1;;
30/11/2021  14:47:41,052783;9,358029E-1;1,069837E-1;1,038306E-1;9,434360E-1;;
30/11/2021  14:47:41,052883;9,357552E-1;1,136739E-1;1,117289E-1;9,431482E-1;;
30/11/2021  14:47:41,052983;9,357612E-1;1,461691E-1;1,572231E-1;9,428579E-1;;
30/11/2021  14:47:41,053083;9,352158E-1;1,178155E-1;1,199431E-1;9,425657E-1;;
30/11/2021  14:47:41,053183;9,343307E-1;1,022050E-1;1,294210E-1;9,422725E-1;;
30/11/2021  14:47:41,053283;9,350489E-1;1,200455E-1;1,328963E-1;9,419786E-1;;
30/11/2021  14:47:41,053383;9,357910E-1;9,169190E-2;1,035146E-1;9,416848E-1;;
30/11/2021  14:47:41,053483;9,357165E-1;9,583344E-2;9,593225E-2;9,413916E-1;;
30/11/2021  14:47:41,053583;9,355943E-1;9,137332E-2;7,634447E-2;9,410999E-1;;
30/11/2021  14:47:41,053683;9,356211E-1;8,181592E-2;8,803395E-2;9,408102E-1;;
30/11/2021  14:47:41,053783;9,358476E-1;1,041165E-1;1,265777E-1;9,405232E-1;;
30/11/2021  14:47:41,053883;9,363364E-1;1,174969E-1;1,101492E-1;9,402397E-1;;
30/11/2021  14:47:41,053983;9,368550E-1;8,054160E-2;1,066739E-1;9,399603E-1;;
30/11/2021  14:47:41,054083;9,377520E-1;1,152668E-1;1,272095E-1;9,396858E-1;;
30/11/2021  14:47:41,054183;9,383272E-1;1,238685E-1;1,328963E-1;9,394171E-1;;
30/11/2021  14:47:41,054283;9,381872E-1;1,378860E-1;1,385831E-1;9,391551E-1;;
30/11/2021  14:47:41,054383;9,382736E-1;1,687883E-1;1,667010E-1;9,389007E-1;;
30/11/2021  14:47:41,054483;9,378265E-1;2,764683E-1;2,330467E-1;9,386547E-1;;
30/11/2021  14:47:41,054583;9,379726E-1;1,735670E-1;1,474292E-1;9,384177E-1;;
30/11/2021  14:47:41,054683;9,388816E-1;1,620981E-1;1,449017E-1;9,381904E-1;;
30/11/2021  14:47:41,054783;9,387892E-1;1,617795E-1;1,461654E-1;9,379733E-1;;
30/11/2021  14:47:41,054883;9,390038E-1;1,550893E-1;1,496407E-1;9,377670E-1;;
30/11/2021  14:47:41,054983;9,388726E-1;1,452133E-1;1,322644E-1;9,375720E-1;;
30/11/2021  14:47:41,055083;9,389710E-1;1,270543E-1;1,063580E-1;9,373886E-1;;
30/11/2021  14:47:41,055183;9,382140E-1;1,232313E-1;1,177316E-1;9,372172E-1;;
30/11/2021  14:47:41,055283;9,387475E-1;1,468062E-1;1,543797E-1;9,370580E-1;;
30/11/2021  14:47:41,055383;9,396505E-1;-2,140400E-2;8,550650E-2;9,369110E-1;;
30/11/2021  14:47:41,055483;9,396177E-1;1,410718E-1;1,262617E-1;9,367764E-1;;
30/11/2021  14:47:41,055583;9,397548E-1;1,586986E-2;8,771802E-2;9,366544E-1;;
30/11/2021  14:47:41,055683;9,390753E-1;1,292843E-1;1,395309E-1;9,365450E-1;;
30/11/2021  14:47:41,055783;9,390067E-1;9,264764E-2;9,624818E-2;9,364483E-1;;
30/11/2021  14:47:41,055883;9,391260E-1;1,229127E-1;1,310007E-1;9,363640E-1;;
30/11/2021  14:47:41,055983;9,392690E-1;1,477620E-1;1,486929E-1;9,362920E-1;;
30/11/2021  14:47:41,056083;9,409320E-1;1,296029E-1;1,212068E-1;9,362320E-1;;
30/11/2021  14:47:41,056183;9,410214E-1;1,254614E-1;1,360556E-1;9,361840E-1;;
30/11/2021  14:47:41,056283;9,406578E-1;1,391603E-1;1,316326E-1;9,361479E-1;;
30/11/2021  14:47:41,056383;9,402436E-1;1,337445E-1;1,278414E-1;9,361238E-1;;
30/11/2021  14:47:41,056483;9,405505E-1;1,139925E-1;1,114129E-1;9,361113E-1;;
30/11/2021  14:47:41,056583;9,403658E-1;8,086018E-2;1,170997E-1;9,361102E-1;;
30/11/2021  14:47:41,056683;9,413075E-1;1,318330E-1;1,325804E-1;9,361203E-1;;
30/11/2021  14:47:41,056783;9,415042E-1;1,165411E-1;2,065085E-1;9,361411E-1;;
30/11/2021  14:47:41,056883;9,419334E-1;1,452133E-1;1,164678E-1;9,361726E-1;;
30/11/2021  14:47:41,056983;9,418380E-1;1,267357E-1;1,401627E-1;9,362145E-1;;
30/11/2021  14:47:41,057083;9,415132E-1;1,280100E-1;1,445858E-1;9,362665E-1;;
30/11/2021  14:47:41,057183;9,409708E-1;8,786894E-2;1,000394E-1;9,363284E-1;;
30/11/2021  14:47:41,057283;9,410959E-1;1,347002E-1;1,347919E-1;9,363997E-1;;
30/11/2021  14:47:41,057383;9,415191E-1;1,353374E-1;1,398468E-1;9,364798E-1;;
30/11/2021  14:47:41,057483;9,414059E-1;1,229127E-1;1,278414E-1;9,365683E-1;;
30/11/2021  14:47:41,057583;9,416831E-1;1,363980E-2;1,536959E-2;9,366647E-1;;
30/11/2021  14:47:41,057683;9,416234E-1;8,965980E-4;2,416379E-3;9,367684E-1;;
30/11/2021  14:47:41,057783;9,410632E-1;4,400978E-3;5,891631E-3;9,368790E-1;;
30/11/2021  14:47:41,057883;9,412986E-1;3,763818E-3;5,891631E-3;9,369958E-1;;
30/11/2021  14:47:41,057983;9,417158E-1;7,586778E-3;9,682815E-3;9,371184E-1;;
30/11/2021  14:47:41,058083;9,420854E-1;8,965980E-4;3,364175E-3;9,372461E-1;;
30/11/2021  14:47:41,058183;9,422165E-1;7,586778E-3;9,682815E-3;9,373785E-1;;
30/11/2021  14:47:41,058283;9,424609E-1;5,356718E-3;6,523495E-3;9,375151E-1;;
30/11/2021  14:47:41,058383;9,424371E-1;1,533758E-3;4,311971E-3;9,376557E-1;;
30/11/2021  14:47:41,058483;9,420467E-1;9,179678E-3;1,126247E-2;9,377997E-1;;
30/11/2021  14:47:41,058583;9,430212E-1;5,356718E-3;7,155359E-3;9,379469E-1;;
30/11/2021  14:47:41,058683;9,431166E-1;2,170918E-3;4,943835E-3;9,380968E-1;;
30/11/2021  14:47:41,058783;9,432090E-1;1,215178E-3;3,680107E-3;9,382492E-1;;
30/11/2021  14:47:41,058883;9,433312E-1;4,082398E-3;6,523495E-3;9,384038E-1;;
30/11/2021  14:47:41,058983;9,437484E-1;1,215178E-3;2,416379E-3;9,385603E-1;;
30/11/2021  14:47:41,059083;9,437931E-1;8,965980E-4;4,311971E-3;9,387186E-1;;
30/11/2021  14:47:41,059183;9,432119E-1;1,533758E-3;3,364175E-3;9,388785E-1;;
30/11/2021  14:47:41,059283;9,440107E-1;1,215178E-3;3,048243E-3;9,390396E-1;;
30/11/2021  14:47:41,059383;9,447587E-1;1,215178E-3;3,048243E-3;9,392017E-1;;
30/11/2021  14:47:41,059483;9,449107E-1;1,215178E-3;3,680107E-3;9,393648E-1;;
30/11/2021  14:47:41,059583;9,450985E-1;1,215178E-3;3,680107E-3;9,395288E-1;;
30/11/2021  14:47:41,059683;9,450001E-1;2,489498E-3;4,311971E-3;9,396937E-1;;
30/11/2021  14:47:41,059783;9,452266E-1;1,533758E-3;3,996039E-3;9,398594E-1;;
30/11/2021  14:47:41,059883;9,447110E-1;1,852338E-3;4,627903E-3;9,400257E-1;;
30/11/2021  14:47:41,059983;9,447319E-1;1,533758E-3;3,680107E-3;9,401927E-1;;
30/11/2021  14:47:41,060083;9,455694E-1;2,170918E-3;4,311971E-3;9,403600E-1;;
30/11/2021  14:47:41,060183;9,459538E-1;1,215178E-3;3,048243E-3;9,405275E-1;;
30/11/2021  14:47:41,060283;9,453250E-1;5,780180E-4;3,680107E-3;9,406953E-1;;
30/11/2021  14:47:41,060383;9,454680E-1;1,215178E-3;3,680107E-3;9,408630E-1;;
30/11/2021  14:47:41,060483;9,455515E-1;8,965980E-4;3,680107E-3;9,410307E-1;;
30/11/2021  14:47:41,060583;9,455425E-1;8,965980E-4;3,048243E-3;9,411981E-1;;
30/11/2021  14:47:41,060683;9,454084E-1;8,965980E-4;3,680107E-3;9,413651E-1;;
30/11/2021  14:47:41,060783;9,464813E-1;2,489498E-3;4,311971E-3;9,415314E-1;;
30/11/2021  14:47:41,060883;9,463204E-1;1,215178E-3;3,680107E-3;9,416970E-1;;
30/11/2021  14:47:41,060983;9,461356E-1;1,172832E-2;1,094654E-2;9,418618E-1;;
30/11/2021  14:47:41,061083;9,458316E-1;1,236548E-2;1,473773E-2;9,420257E-1;;
30/11/2021  14:47:41,061183;9,455902E-1;5,675298E-3;9,366883E-3;9,421885E-1;;
30/11/2021  14:47:41,061283;9,456081E-1;2,808078E-3;5,259767E-3;9,423501E-1;;
30/11/2021  14:47:41,061383;9,454651E-1;7,268198E-3;1,031468E-2;9,425100E-1;;
30/11/2021  14:47:41,061483;9,454442E-1;1,937424E-2;2,105637E-2;9,426682E-1;;
30/11/2021  14:47:41,061583;9,454949E-1;1,300264E-2;4,759465E-2;9,428242E-1;;
30/11/2021  14:47:41,061683;9,455127E-1;2,064856E-2;2,674314E-2;9,429778E-1;;
30/11/2021  14:47:41,061783;9,447140E-1;7,512574E-2;8,898175E-2;9,431287E-1;;
30/11/2021  14:47:41,061883;9,443385E-1;5,155082E-2;7,255328E-2;9,432767E-1;;
30/11/2021  14:47:41,061983;9,437752E-1;1,650702E-2;1,916077E-2;9,434212E-1;;
30/11/2021  14:47:41,062083;9,445203E-1;2,064856E-2;2,042450E-2;9,435618E-1;;
30/11/2021  14:47:41,062183;9,441269E-1;8,786894E-2;9,688005E-2;9,436980E-1;;
30/11/2021  14:47:41,062283;9,440166E-1;1,168597E-1;1,212068E-1;9,438296E-1;;
30/11/2021  14:47:41,062383;9,433818E-1;7,671864E-2;8,203124E-2;9,439562E-1;;
30/11/2021  14:47:41,062483;9,432984E-1;1,136739E-1;1,050943E-1;9,440773E-1;;
30/11/2021  14:47:41,062583;9,425384E-1;8,309024E-2;7,034176E-2;9,441925E-1;;
30/11/2021  14:47:41,062683;9,419066E-1;9,806350E-2;9,719598E-2;9,443014E-1;;
30/11/2021  14:47:41,062783;9,422612E-1;1,012493E-1;1,366875E-1;9,444036E-1;;
30/11/2021  14:47:41,062883;9,419900E-1;1,267357E-1;1,436380E-1;9,444984E-1;;
30/11/2021  14:47:41,062983;9,414744E-1;9,615202E-2;7,286922E-2;9,445855E-1;;
30/11/2021  14:47:41,063083;9,409976E-1;1,627352E-1;2,365220E-1;9,446645E-1;;
30/11/2021  14:47:41,063183;9,399396E-1;1,101695E-1;1,186794E-1;9,447350E-1;;
30/11/2021  14:47:41,063283;9,401989E-1;1,047537E-1;1,158360E-1;9,447965E-1;;
30/11/2021  14:47:41,063383;9,398770E-1;9,678918E-2;1,066739E-1;9,448485E-1;;
30/11/2021  14:47:41,063483;9,399724E-1;1,044351E-1;1,076217E-1;9,448907E-1;;
30/11/2021  14:47:41,063583;9,399753E-1;1,190898E-1;1,335282E-1;9,449227E-1;;
30/11/2021  14:47:41,063683;9,396058E-1;9,615202E-2;1,145722E-1;9,449443E-1;;
30/11/2021  14:47:41,063783;9,389531E-1;1,022050E-1;1,164678E-1;9,449554E-1;;
30/11/2021  14:47:41,063883;9,385239E-1;1,022050E-1;1,098333E-1;9,449558E-1;;
30/11/2021  14:47:41,063983;9,380978E-1;9,392196E-2;1,022509E-1;9,449454E-1;;
30/11/2021  14:47:41,064083;9,381603E-1;1,002936E-1;1,066739E-1;9,449239E-1;;
30/11/2021  14:47:41,064183;9,382766E-1;9,806350E-2;1,354238E-1;9,448913E-1;;
30/11/2021  14:47:41,064283;9,374480E-1;7,544432E-2;7,981972E-2;9,448475E-1;;
30/11/2021  14:47:41,064383;9,373139E-1;1,034794E-1;1,240502E-1;9,447926E-1;;
30/11/2021  14:47:41,064483;9,368550E-1;1,627352E-1;1,730197E-1;9,447264E-1;;
30/11/2021  14:47:41,064583;9,365093E-1;1,894960E-1;1,600664E-1;9,446492E-1;;
30/11/2021  14:47:41,064683;9,364735E-1;1,496735E-1;1,480610E-1;9,445608E-1;;
30/11/2021  14:47:41,064783;9,370576E-1;1,640096E-1;1,502726E-1;9,444614E-1;;
30/11/2021  14:47:41,064883;9,367775E-1;1,684697E-1;1,357397E-1;9,443512E-1;;
30/11/2021  14:47:41,064983;9,370576E-1;1,620981E-1;1,480610E-1;9,442306E-1;;
30/11/2021  14:47:41,065083;9,366702E-1;1,891774E-1;1,806020E-1;9,440999E-1;;
30/11/2021  14:47:41,065183;9,365480E-1;1,515849E-1;1,578549E-1;9,439596E-1;;
30/11/2021  14:47:41,065283;9,364795E-1;1,534964E-1;1,550115E-1;9,438102E-1;;
30/11/2021  14:47:41,065383;9,371321E-1;5,824100E-2;1,009872E-1;9,436521E-1;;
30/11/2021  14:47:41,065483;9,379964E-1;1,461691E-1;1,341600E-1;9,434859E-1;;
30/11/2021  14:47:41,065583;9,381484E-1;1,162226E-1;1,054102E-1;9,433125E-1;;
30/11/2021  14:47:41,065683;9,384882E-1;1,066652E-1;7,666040E-2;9,431327E-1;;
30/11/2021  14:47:41,065783;9,382199E-1;1,305587E-1;1,420583E-1;9,429474E-1;;
30/11/2021  14:47:41,065883;9,379428E-1;1,225942E-1;1,177316E-1;9,427576E-1;;
30/11/2021  14:47:41,065983;9,379905E-1;1,155854E-1;1,161519E-1;9,425641E-1;;
30/11/2021  14:47:41,066083;9,387087E-1;2,479010E-2;5,454516E-2;9,423677E-1;;
30/11/2021  14:47:41,066183;9,388905E-1;1,197269E-1;1,234183E-1;9,421692E-1;;
30/11/2021  14:47:41,066283;9,389918E-1;1,117624E-1;1,180475E-1;9,419696E-1;;
30/11/2021  14:47:41,066383;9,393525E-1;-5,358058E-2;2,832280E-2;9,417697E-1;;
30/11/2021  14:47:41,066483;9,397488E-1;1,490363E-1;1,569071E-1;9,415704E-1;;
30/11/2021  14:47:41,066583;9,395551E-1;1,407532E-1;1,382671E-1;9,413726E-1;;
30/11/2021  14:47:41,066683;9,394031E-1;1,101695E-1;1,123607E-1;9,411772E-1;;
30/11/2021  14:47:41,066783;9,402466E-1;1,257800E-1;1,243661E-1;9,409850E-1;;
30/11/2021  14:47:41,066883;9,406429E-1;1,060280E-1;9,372073E-2;9,407967E-1;;
30/11/2021  14:47:41,066983;9,413254E-1;1,149482E-1;1,117289E-1;9,406131E-1;;
30/11/2021  14:47:41,067083;9,414774E-1;1,149482E-1;1,123607E-1;9,404351E-1;;
30/11/2021  14:47:41,067183;9,416175E-1;6,747982E-2;7,034176E-2;9,402636E-1;;
30/11/2021  14:47:41,067283;9,421092E-1;1,522221E-1;1,812339E-1;9,400994E-1;;
30/11/2021  14:47:41,067383;9,432239E-1;1,340630E-1;1,531159E-1;9,399431E-1;;
30/11/2021  14:47:41,067483;9,439540E-1;3,625898E-2;1,221027E-2;9,397958E-1;;
30/11/2021  14:47:41,067583;9,445590E-1;1,159040E-1;1,120448E-1;9,396582E-1;;
30/11/2021  14:47:41,067683;9,447945E-1;1,254614E-1;1,363715E-1;9,395313E-1;;
30/11/2021  14:47:41,067783;9,447945E-1;7,385142E-2;7,508074E-2;9,394159E-1;;
30/11/2021  14:47:41,067883;9,451104E-1;1,088952E-1;1,041465E-1;9,393128E-1;;
30/11/2021  14:47:41,067983;9,444965E-1;1,264171E-1;1,303688E-1;9,392226E-1;;
30/11/2021  14:47:41,068083;9,459330E-1;6,206396E-2;8,234717E-2;9,391457E-1;;
30/11/2021  14:47:41,068183;9,464694E-1;9,041758E-2;8,424277E-2;9,390826E-1;;
30/11/2021  14:47:41,068283;9,464277E-1;1,117624E-1;1,092014E-1;9,390337E-1;;
30/11/2021  14:47:41,068383;9,461982E-1;1,174969E-1;1,076217E-1;9,389994E-1;;
30/11/2021  14:47:41,068483;9,464664E-1;1,143111E-1;9,972343E-2;9,389799E-1;;
30/11/2021  14:47:41,068583;9,458108E-1;4,486064E-2;4,190788E-2;9,389754E-1;;
30/11/2021  14:47:41,068683;9,456945E-1;1,248242E-1;1,287892E-1;9,389857E-1;;
30/11/2021  14:47:41,068783;9,464903E-1;1,174969E-1;1,085695E-1;9,390108E-1;;
30/11/2021  14:47:41,068883;9,471310E-1;3,498466E-2;4,569906E-2;9,390502E-1;;
30/11/2021  14:47:41,068983;9,467525E-1;1,025236E-1;9,751191E-2;9,391038E-1;;
30/11/2021  14:47:41,069083;9,464247E-1;1,174969E-1;1,212068E-1;9,391714E-1;;
30/11/2021  14:47:41,069183;9,466363E-1;1,069837E-1;1,218387E-1;9,392524E-1;;
30/11/2021  14:47:41,069283;9,459270E-1;2,606442E-2;5,075397E-2;9,393466E-1;;
30/11/2021  14:47:41,069383;9,463711E-1;1,232313E-1;1,265777E-1;9,394531E-1;;
30/11/2021  14:47:41,069483;9,465469E-1;1,311958E-1;1,322644E-1;9,395714E-1;;
30/11/2021  14:47:41,069583;9,467496E-1;1,165411E-1;9,972343E-2;9,397009E-1;;
30/11/2021  14:47:41,069683;9,468509E-1;1,174969E-1;1,170997E-1;9,398408E-1;;
30/11/2021  14:47:41,069783;9,464545E-1;1,216384E-1;1,240502E-1;9,399905E-1;;
30/11/2021  14:47:41,069883;9,458078E-1;1,229127E-1;1,199431E-1;9,401494E-1;;
30/11/2021  14:47:41,069983;9,461744E-1;-5,804070E-2;4,311971E-3;9,403165E-1;;
30/11/2021  14:47:41,070083;9,466631E-1;9,296622E-2;8,329497E-2;9,404911E-1;;
30/11/2021  14:47:41,070183;9,469135E-1;1,245056E-1;1,278414E-1;9,406723E-1;;
30/11/2021  14:47:41,070283;9,475066E-1;1,123996E-1;1,013031E-1;9,408595E-1;;
30/11/2021  14:47:41,070383;9,476139E-1;1,260985E-1;1,291051E-1;9,410521E-1;;
30/11/2021  14:47:41,070483;9,468539E-1;1,034794E-1;7,381701E-2;9,412495E-1;;
30/11/2021  14:47:41,070583;9,465946E-1;1,413904E-1;1,790224E-1;9,414511E-1;;
30/11/2021  14:47:41,070683;9,465141E-1;1,280100E-1;1,272095E-1;9,416562E-1;;
30/11/2021  14:47:41,070783;9,467585E-1;1,296029E-1;1,278414E-1;9,418640E-1;;
30/11/2021  14:47:41,070883;9,468509E-1;1,254614E-1;1,294210E-1;9,420738E-1;;
30/11/2021  14:47:41,070983;9,475513E-1;1,311958E-1;1,325804E-1;9,422850E-1;;
30/11/2021  14:47:41,071083;9,469254E-1;1,308772E-1;1,278414E-1;9,424969E-1;;
30/11/2021  14:47:41,071183;9,467496E-1;1,219570E-1;1,218387E-1;9,427091E-1;;
30/11/2021  14:47:41,071283;9,464605E-1;1,241871E-1;1,189953E-1;9,429208E-1;;
30/11/2021  14:47:41,071383;9,468479E-1;1,159040E-1;1,202590E-1;9,431316E-1;;
30/11/2021  14:47:41,071483;9,467585E-1;1,216384E-1;1,227865E-1;9,433408E-1;;
30/11/2021  14:47:41,071583;9,470148E-1;1,356559E-1;1,379512E-1;9,435478E-1;;
30/11/2021  14:47:41,071683;9,471012E-1;1,382046E-1;1,237343E-1;9,437522E-1;;
30/11/2021  14:47:41,071783;9,468330E-1;1,413904E-1;1,411105E-1;9,439535E-1;;
30/11/2021  14:47:41,071883;9,469314E-1;1,359745E-1;1,338441E-1;9,441514E-1;;
30/11/2021  14:47:41,071983;9,468539E-1;6,206396E-2;1,016190E-1;9,443455E-1;;
30/11/2021  14:47:41,072083;9,473188E-1;1,267357E-1;1,287892E-1;9,445353E-1;;
30/11/2021  14:47:41,072183;9,474261E-1;7,958586E-2;1,262617E-1;9,447207E-1;;
30/11/2021  14:47:41,072283;9,479447E-1;1,302401E-1;1,291051E-1;9,449013E-1;;
30/11/2021  14:47:41,072383;9,474619E-1;1,248242E-1;2,049288E-1;9,450772E-1;;
30/11/2021  14:47:41,072483;9,472532E-1;1,210013E-1;1,294210E-1;9,452480E-1;;
30/11/2021  14:47:41,072583;9,473397E-1;1,347002E-1;1,272095E-1;9,454138E-1;;
30/11/2021  14:47:41,072683;9,470416E-1;1,235499E-1;1,275255E-1;9,455743E-1;;
30/11/2021  14:47:41,072783;9,469701E-1;1,410718E-1;1,430061E-1;9,457293E-1;;
30/11/2021  14:47:41,072883;9,470983E-1;1,873708E-2;4,759465E-2;9,458787E-1;;
30/11/2021  14:47:41,072983;9,472443E-1;1,283286E-1;1,224705E-1;9,460224E-1;;
30/11/2021  14:47:41,073083;9,468449E-1;1,015679E-1;7,887192E-2;9,461601E-1;;
30/11/2021  14:47:41,073183;9,463144E-1;1,168597E-1;1,189953E-1;9,462918E-1;;
30/11/2021  14:47:41,073283;9,460671E-1;1,181340E-1;1,341600E-1;9,464173E-1;;
30/11/2021  14:47:41,073383;9,464605E-1;1,257800E-1;1,515363E-1;9,465364E-1;;
30/11/2021  14:47:41,073483;9,457243E-1;1,047537E-1;1,180475E-1;9,466489E-1;;
30/11/2021  14:47:41,073583;9,456796E-1;8,277166E-2;1,388990E-1;9,467546E-1;;
30/11/2021  14:47:41,073683;9,453578E-1;1,302401E-1;1,101492E-1;9,468533E-1;;
30/11/2021  14:47:41,073783;9,453429E-1;1,417090E-1;1,960827E-1;9,469449E-1;;
30/11/2021  14:47:41,073883;9,450955E-1;1,060280E-1;1,170997E-1;9,470290E-1;;
30/11/2021  14:47:41,073983;9,447051E-1;2,047878E-1;2,437884E-1;9,471056E-1;;
30/11/2021  14:47:41,074083;9,445382E-1;8,627604E-2;1,069899E-1;9,471745E-1;;
30/11/2021  14:47:41,074183;9,444994E-1;9,137332E-2;1,082536E-1;9,472354E-1;;
30/11/2021  14:47:41,074283;9,448004E-1;9,742634E-2;1,009872E-1;9,472883E-1;;
30/11/2021  14:47:41,074383;9,443176E-1;1,015679E-1;1,120448E-1;9,473331E-1;;
30/11/2021  14:47:41,074483;9,433997E-1;1,082581E-1;1,202590E-1;9,473698E-1;;
30/11/2021  14:47:41,074583;9,434921E-1;1,210013E-1;1,227865E-1;9,473981E-1;;
30/11/2021  14:47:41,074683;9,432447E-1;8,882468E-2;8,519056E-2;9,474181E-1;;
30/11/2021  14:47:41,074783;9,425831E-1;1,232313E-1;1,193112E-1;9,474296E-1;;
30/11/2021  14:47:41,074883;9,427560E-1;1,503106E-1;1,685966E-1;9,474324E-1;;
30/11/2021  14:47:41,074983;9,423059E-1;1,687883E-1;1,727037E-1;9,474265E-1;;
30/11/2021  14:47:41,075083;9,417546E-1;8,595746E-2;1,600664E-1;9,474117E-1;;
30/11/2021  14:47:41,075183;9,414208E-1;1,885402E-1;1,720719E-1;9,473880E-1;;
30/11/2021  14:47:41,075283;9,404790E-1;1,649653E-1;1,546956E-1;9,473553E-1;;
30/11/2021  14:47:41,075383;9,404075E-1;1,519035E-1;1,490088E-1;9,473133E-1;;
30/11/2021  14:47:41,075483;9,402704E-1;1,461691E-1;1,480610E-1;9,472619E-1;;
30/11/2021  14:47:41,075583;9,398323E-1;1,388417E-1;1,278414E-1;9,472010E-1;;
30/11/2021  14:47:41,075683;9,401124E-1;1,130368E-1;1,379512E-1;9,471304E-1;;
30/11/2021  14:47:41,075783;9,396505E-1;1,343816E-1;1,376353E-1;9,470501E-1;;
30/11/2021  14:47:41,075883;9,392929E-1;1,321516E-1;1,328963E-1;9,469602E-1;;
30/11/2021  14:47:41,075983;9,387147E-1;1,372488E-1;1,300529E-1;9,468608E-1;;
30/11/2021  14:47:41,076083;9,382825E-1;1,292843E-1;1,221546E-1;9,467518E-1;;
30/11/2021  14:47:41,076183;9,381812E-1;1,324701E-1;1,199431E-1;9,466332E-1;;
30/11/2021  14:47:41,076283;9,383034E-1;1,452133E-1;1,657532E-1;9,465052E-1;;
30/11/2021  14:47:41,076383;9,386521E-1;1,235499E-1;1,133085E-1;9,463678E-1;;
30/11/2021  14:47:41,076483;9,379636E-1;1,283286E-1;1,467973E-1;9,462213E-1;;
30/11/2021  14:47:41,076583;9,373855E-1;1,757970E-1;2,229369E-1;9,460660E-1;;
30/11/2021  14:47:41,076683;9,367209E-1;1,522221E-1;2,030332E-1;9,459021E-1;;
30/11/2021  14:47:41,076783;9,369384E-1;1,375674E-1;1,401627E-1;9,457297E-1;;
30/11/2021  14:47:41,076883;9,368609E-1;1,305587E-1;1,344760E-1;9,455491E-1;;
30/11/2021  14:47:41,076983;9,368729E-1;1,327887E-1;1,212068E-1;9,453606E-1;;
30/11/2021  14:47:41,077083;9,360652E-1;1,420275E-1;1,411105E-1;9,451643E-1;;
30/11/2021  14:47:41,077183;9,353767E-1;1,264171E-1;1,316326E-1;9,449608E-1;;
30/11/2021  14:47:41,077283;9,350072E-1;1,292843E-1;1,338441E-1;9,447500E-1;;
30/11/2021  14:47:41,077383;9,338389E-1;1,490363E-1;1,550115E-1;9,445323E-1;;
30/11/2021  14:47:41,077483;9,337465E-1;1,716555E-1;1,303688E-1;9,443076E-1;;
30/11/2021  14:47:41,077583;9,338031E-1;2,670158E-2;3,495737E-2;9,440760E-1;;
30/11/2021  14:47:41,077683;9,334634E-1;-5,914200E-5;2,100447E-3;9,438376E-1;;
30/11/2021  14:47:41,077783;9,331058E-1;1,852338E-3;3,996039E-3;9,435926E-1;;
30/11/2021  14:47:41,077883;9,320209E-1;2,489498E-3;4,943835E-3;9,433411E-1;;
30/11/2021  14:47:41,077983;9,318570E-1;9,498258E-3;1,157841E-2;9,430832E-1;;
30/11/2021  14:47:41,078083;9,316633E-1;7,905358E-3;9,682815E-3;9,428189E-1;;
30/11/2021  14:47:41,078183;9,313623E-1;4,719558E-3;6,523495E-3;9,425484E-1;;
30/11/2021  14:47:41,078283;9,316067E-1;1,852338E-3;4,627903E-3;9,422719E-1;;
30/11/2021  14:47:41,078383;9,310315E-1;5,993878E-3;8,103155E-3;9,419894E-1;;
30/11/2021  14:47:41,078483;9,308824E-1;3,126658E-3;5,575699E-3;9,417014E-1;;
30/11/2021  14:47:41,078583;9,305308E-1;9,498258E-3;1,094654E-2;9,414079E-1;;
30/11/2021  14:47:41,078683;9,294102E-1;5,675298E-3;8,103155E-3;9,411094E-1;;
30/11/2021  14:47:41,078783;9,295354E-1;3,126658E-3;4,943835E-3;9,408060E-1;;
30/11/2021  14:47:41,078883;9,294251E-1;2,170918E-3;4,311971E-3;9,404979E-1;;
30/11/2021  14:47:41,078983;9,291598E-1;8,965980E-4;3,364175E-3;9,401853E-1;;
30/11/2021  14:47:41,079083;9,282300E-1;8,965980E-4;3,364175E-3;9,398685E-1;;
30/11/2021  14:47:41,079183;9,279618E-1;8,965980E-4;3,364175E-3;9,395476E-1;;
30/11/2021  14:47:41,079283;9,277263E-1;8,965980E-4;3,680107E-3;9,392229E-1;;
30/11/2021  14:47:41,079383;9,269425E-1;2,489498E-3;4,943835E-3;9,388944E-1;;
30/11/2021  14:47:41,079483;9,276190E-1;1,533758E-3;3,364175E-3;9,385624E-1;;
30/11/2021  14:47:41,079583;9,273120E-1;4,082398E-3;5,891631E-3;9,382272E-1;;
30/11/2021  14:47:41,079683;9,271452E-1;1,215178E-3;4,311971E-3;9,378889E-1;;
30/11/2021  14:47:41,079783;9,267160E-1;8,965980E-4;3,048243E-3;9,375479E-1;;
30/11/2021  14:47:41,079883;9,261527E-1;1,852338E-3;4,311971E-3;9,372046E-1;;
30/11/2021  14:47:41,079983;9,255507E-1;2,489498E-3;4,627903E-3;9,368592E-1;;
30/11/2021  14:47:41,080083;9,251335E-1;8,965980E-4;3,048243E-3;9,365119E-1;;
30/11/2021  14:47:41,080183;9,263166E-1;3,445238E-3;5,575699E-3;9,361630E-1;;
30/11/2021  14:47:41,080283;9,263941E-1;8,965980E-4;3,364175E-3;9,358127E-1;;
30/11/2021  14:47:41,080383;9,258606E-1;1,533758E-3;3,364175E-3;9,354616E-1;;
30/11/2021  14:47:41,080483;9,257802E-1;1,852338E-3;3,364175E-3;9,351100E-1;;
30/11/2021  14:47:41,080583;9,255626E-1;8,965980E-4;3,996039E-3;9,347585E-1;;
30/11/2021  14:47:41,080683;9,260097E-1;1,215178E-3;3,680107E-3;9,344075E-1;;
30/11/2021  14:47:41,080783;9,259471E-1;8,965980E-4;3,680107E-3;9,340576E-1;;
30/11/2021  14:47:41,080883;9,267339E-1;1,215178E-3;3,680107E-3;9,337092E-1;;
30/11/2021  14:47:41,080983;9,271809E-1;1,533758E-3;3,996039E-3;9,333630E-1;;
30/11/2021  14:47:41,081083;9,273746E-1;6,312458E-3;9,050951E-3;9,330199E-1;;
30/11/2021  14:47:41,081183;9,281108E-1;1,459554E-2;1,884484E-2;9,326805E-1;;
30/11/2021  14:47:41,081283;9,276786E-1;1,395838E-2;1,884484E-2;9,323458E-1;;
30/11/2021  14:47:41,081383;9,280303E-1;1,491412E-2;1,789705E-2;9,320166E-1;;
30/11/2021  14:47:41,081483;9,287962E-1;9,816838E-3;1,252620E-2;9,316938E-1;;
30/11/2021  14:47:41,081583;9,292701E-1;1,395838E-2;1,694925E-2;9,313781E-1;;
30/11/2021  14:47:41,081683;9,295771E-1;1,491412E-2;1,726518E-2;9,310705E-1;;
30/11/2021  14:47:41,081783;9,302506E-1;1,714418E-2;2,074043E-2;9,307719E-1;;
30/11/2021  14:47:41,081883;9,309719E-1;1,714418E-2;1,726518E-2;9,304832E-1;;
30/11/2021  14:47:41,081983;9,314278E-1;8,468314E-2;8,329497E-2;9,302054E-1;;
30/11/2021  14:47:41,082083;9,314070E-1;1,650702E-2;2,137230E-2;9,299394E-1;;
30/11/2021  14:47:41,082183;9,320537E-1;1,459554E-2;1,789705E-2;9,296862E-1;;
30/11/2021  14:47:41,082283;9,330640E-1;4,263058E-2;6,970989E-2;9,294465E-1;;
30/11/2021  14:47:41,082383;9,335051E-1;1,305587E-1;1,420583E-1;9,292213E-1;;
30/11/2021  14:47:41,082483;9,340267E-1;1,474434E-1;1,505885E-1;9,290114E-1;;
30/11/2021  14:47:41,082583;9,345154E-1;1,190898E-1;1,259458E-1;9,288177E-1;;
30/11/2021  14:47:41,082683;9,351860E-1;1,356559E-1;1,338441E-1;9,286408E-1;;
30/11/2021  14:47:41,082783;9,359400E-1;1,174969E-1;1,234183E-1;9,284817E-1;;
30/11/2021  14:47:41,082883;9,362768E-1;7,225852E-2;8,297904E-2;9,283410E-1;;
30/11/2021  14:47:41,082983;9,375434E-1;1,477620E-1;1,373193E-1;9,282194E-1;;
30/11/2021  14:47:41,083083;9,375196E-1;1,165411E-1;1,110970E-1;9,281174E-1;;
30/11/2021  14:47:41,083183;9,373229E-1;1,018865E-1;1,139404E-1;9,280358E-1;;
30/11/2021  14:47:41,083283;9,380799E-1;1,245056E-1;1,256299E-1;9,279749E-1;;
30/11/2021  14:47:41,083383;9,374779E-1;1,159040E-1;1,110970E-1;9,279350E-1;;
30/11/2021  14:47:41,083483;9,379011E-1;1,076209E-1;1,069899E-1;9,279161E-1;;
30/11/2021  14:47:41,083583;9,391677E-1;1,073023E-1;1,139404E-1;9,279182E-1;;
30/11/2021  14:47:41,083683;9,394955E-1;1,241871E-1;1,900800E-1;9,279414E-1;;
30/11/2021  14:47:41,083783;9,396684E-1;9,615202E-2;8,961361E-2;9,279856E-1;;
30/11/2021  14:47:41,083883;9,391647E-1;1,057094E-1;1,174156E-1;9,280506E-1;;
30/11/2021  14:47:41,083983;9,391975E-1;9,901924E-2;1,126766E-1;9,281362E-1;;
30/11/2021  14:47:41,084083;9,396207E-1;1,050723E-1;1,066739E-1;9,282420E-1;;
30/11/2021  14:47:41,084183;9,396952E-1;1,057094E-1;1,180475E-1;9,283673E-1;;
30/11/2021  14:47:41,084283;9,406459E-1;1,088952E-1;1,227865E-1;9,285116E-1;;
30/11/2021  14:47:41,084383;9,412688E-1;9,360338E-2;1,060421E-1;9,286743E-1;;
30/11/2021  14:47:41,084483;9,410363E-1;1,060280E-1;1,253139E-1;9,288550E-1;;
30/11/2021  14:47:41,084583;9,406936E-1;1,053908E-1;1,155200E-1;9,290529E-1;;
30/11/2021  14:47:41,084683;9,412390E-1;8,723178E-2;1,073058E-1;9,292675E-1;;
30/11/2021  14:47:41,084783;9,414536E-1;8,946184E-2;1,073058E-1;9,294978E-1;;
30/11/2021  14:47:41,084883;9,417069E-1;5,282514E-2;9,845971E-2;9,297432E-1;;
30/11/2021  14:47:41,084983;9,426636E-1;1,143111E-1;1,120448E-1;9,300028E-1;;
30/11/2021  14:47:41,085083;9,426069E-1;1,044351E-1;1,139404E-1;9,302759E-1;;
30/11/2021  14:47:41,085183;9,422165E-1;1,385232E-1;1,123607E-1;9,305617E-1;;
30/11/2021  14:47:41,085283;9,428394E-1;1,560451E-1;1,366875E-1;9,308595E-1;;
30/11/2021  14:47:41,085383;9,426219E-1;1,754784E-1;1,682807E-1;9,311683E-1;;
30/11/2021  14:47:41,085483;9,426636E-1;2,143452E-1;1,837613E-1;9,314873E-1;;
30/11/2021  14:47:41,085583;9,428066E-1;1,879031E-1;1,622780E-1;9,318156E-1;;
30/11/2021  14:47:41,085683;9,440673E-1;1,582751E-1;1,401627E-1;9,321523E-1;;
30/11/2021  14:47:41,085783;9,440077E-1;1,305587E-1;1,954508E-1;9,324964E-1;;
30/11/2021  14:47:41,085883;9,439302E-1;2,130709E-1;2,504230E-1;9,328474E-1;;
30/11/2021  14:47:41,085983;9,437633E-1;1,270543E-1;1,253139E-1;9,332044E-1;;
30/11/2021  14:47:41,086083;9,431315E-1;1,347002E-1;1,316326E-1;9,335665E-1;;
30/11/2021  14:47:41,086183;9,437842E-1;1,092138E-1;1,110970E-1;9,339329E-1;;
30/11/2021  14:47:41,086283;9,445412E-1;1,235499E-1;1,202590E-1;9,343026E-1;;
30/11/2021  14:47:41,086383;9,448511E-1;1,120810E-1;1,123607E-1;9,346748E-1;;
30/11/2021  14:47:41,086483;9,450568E-1;1,149482E-1;1,152041E-1;9,350489E-1;;
30/11/2021  14:47:41,086583;9,450001E-1;1,149482E-1;1,212068E-1;9,354241E-1;;
30/11/2021  14:47:41,086683;9,449077E-1;1,174969E-1;1,038306E-1;9,357998E-1;;
30/11/2021  14:47:41,086783;9,454084E-1;1,273729E-1;1,366875E-1;9,361754E-1;;
30/11/2021  14:47:41,086883;9,455008E-1;4,167484E-2;8,708615E-2;9,365502E-1;;
30/11/2021  14:47:41,086983;9,460760E-1;1,203641E-1;1,249980E-1;9,369238E-1;;
30/11/2021  14:47:41,087083;9,459628E-1;1,512664E-1;1,663851E-1;9,372954E-1;;
30/11/2021  14:47:41,087183;9,465529E-1;5,356718E-3;4,001229E-2;9,376648E-1;;
30/11/2021  14:47:41,087283;9,469492E-1;1,353374E-1;1,354238E-1;9,380315E-1;;
30/11/2021  14:47:41,087383;9,462161E-1;1,178155E-1;1,186794E-1;9,383951E-1;;
30/11/2021  14:47:41,087483;9,468241E-1;1,178155E-1;1,227865E-1;9,387552E-1;;
30/11/2021  14:47:41,087583;9,473874E-1;1,047537E-1;1,003553E-1;9,391116E-1;;
30/11/2021  14:47:41,087683;9,482993E-1;1,079395E-1;1,003553E-1;9,394638E-1;;
30/11/2021  14:47:41,087783;9,484841E-1;1,245056E-1;1,278414E-1;9,398118E-1;;
30/11/2021  14:47:41,087883;9,486331E-1;1,248242E-1;1,243661E-1;9,401555E-1;;
30/11/2021  14:47:41,087983;9,487523E-1;1,098510E-1;1,107811E-1;9,404948E-1;;
30/11/2021  14:47:41,088083;9,481205E-1;1,006121E-1;8,708615E-2;9,408297E-1;;
30/11/2021  14:47:41,088183;9,482129E-1;6,556834E-2;6,275939E-2;9,411600E-1;;
30/11/2021  14:47:41,088283;9,484811E-1;1,283286E-1;1,117289E-1;9,414855E-1;;
30/11/2021  14:47:41,088383;9,491070E-1;1,378860E-1;1,657532E-1;9,418061E-1;;
30/11/2021  14:47:41,088483;9,489729E-1;5,855958E-2;4,253974E-2;9,421215E-1;;
30/11/2021  14:47:41,088583;9,485854E-1;1,210013E-1;1,310007E-1;9,424317E-1;;
30/11/2021  14:47:41,088683;9,487970E-1;1,684697E-1;1,720719E-1;9,427365E-1;;
30/11/2021  14:47:41,088783;9,483798E-1;-2,968708E-2;2,295196E-2;9,430357E-1;;
30/11/2021  14:47:41,088883;9,480728E-1;1,210013E-1;1,240502E-1;9,433291E-1;;
30/11/2021  14:47:41,088983;9,487970E-1;1,296029E-1;1,287892E-1;9,436163E-1;;
30/11/2021  14:47:41,089083;9,482844E-1;9,360338E-2;8,266311E-2;9,438972E-1;;
30/11/2021  14:47:41,089183;9,486361E-1;4,581638E-2;6,844617E-2;9,441715E-1;;
30/11/2021  14:47:41,089283;9,480877E-1;1,229127E-1;1,246821E-1;9,444389E-1;;
30/11/2021  14:47:41,089383;9,479536E-1;1,235499E-1;1,253139E-1;9,446993E-1;;
30/11/2021  14:47:41,089483;9,474738E-1;1,722926E-1;1,559593E-1;9,449523E-1;;
30/11/2021  14:47:41,089583;9,470655E-1;1,280100E-1;1,268936E-1;9,451977E-1;;
30/11/2021  14:47:41,089683;9,482367E-1;1,190898E-1;1,152041E-1;9,454349E-1;;
30/11/2021  14:47:41,089783;9,479953E-1;1,127182E-1;1,398468E-1;9,456639E-1;;
30/11/2021  14:47:41,089883;9,475811E-1;7,257710E-2;5,612482E-2;9,458843E-1;;
30/11/2021  14:47:41,089983;9,467943E-1;8,532030E-2;1,126766E-1;9,460961E-1;;
30/11/2021  14:47:41,090083;9,463562E-1;1,076209E-1;9,466852E-2;9,462990E-1;;
30/11/2021  14:47:41,090183;9,462757E-1;1,260985E-1;1,278414E-1;9,464926E-1;;
30/11/2021  14:47:41,090283;9,465648E-1;1,292843E-1;1,310007E-1;9,466766E-1;;
30/11/2021  14:47:41,090383;9,468300E-1;1,254614E-1;1,281573E-1;9,468508E-1;;
30/11/2021  14:47:41,090483;9,465141E-1;1,280100E-1;1,284732E-1;9,470149E-1;;
30/11/2021  14:47:41,090583;9,460462E-1;1,299215E-1;1,284732E-1;9,471688E-1;;
30/11/2021  14:47:41,090683;9,454353E-1;1,082581E-1;1,237343E-1;9,473125E-1;;
30/11/2021  14:47:41,090783;9,422404E-1;1,136739E-1;1,546956E-1;9,474456E-1;;
30/11/2021  14:47:41,090883;9,431821E-1;1,254614E-1;1,256299E-1;9,475676E-1;;
30/11/2021  14:47:41,090983;9,431374E-1;8,086018E-2;1,325804E-1;9,476779E-1;;
30/11/2021  14:47:41,091083;9,428573E-1;1,267357E-1;1,231024E-1;9,477760E-1;;
30/11/2021  14:47:41,091183;9,429348E-1;1,276914E-1;1,234183E-1;9,478615E-1;;
30/11/2021  14:47:41,091283;9,431315E-1;1,210013E-1;1,237343E-1;9,479341E-1;;
30/11/2021  14:47:41,091383;9,435189E-1;7,576290E-2;8,645429E-2;9,479937E-1;;
30/11/2021  14:47:41,091483;9,442551E-1;1,136739E-1;9,656411E-2;9,480402E-1;;
30/11/2021  14:47:41,091583;9,450270E-1;1,359745E-1;1,543797E-1;9,480741E-1;;
30/11/2021  14:47:41,091683;9,452207E-1;1,455319E-1;1,313166E-1;9,480956E-1;;
30/11/2021  14:47:41,091783;9,440256E-1;1,369303E-1;1,303688E-1;9,481053E-1;;
30/11/2021  14:47:41,091883;9,438050E-1;9,997498E-2;9,277293E-2;9,481038E-1;;
30/11/2021  14:47:41,091983;9,437812E-1;5,346230E-2;8,708615E-2;9,480914E-1;;
30/11/2021  14:47:41,092083;9,448004E-1;1,034794E-1;8,234717E-2;9,480685E-1;;
30/11/2021  14:47:41,092183;9,449316E-1;1,388417E-1;1,455336E-1;9,480357E-1;;
30/11/2021  14:47:41,092283;9,446216E-1;1,378860E-1;1,562753E-1;9,479936E-1;;
30/11/2021  14:47:41,092383;9,449137E-1;1,359745E-1;1,632258E-1;9,479428E-1;;
30/11/2021  14:47:41,092483;9,441001E-1;2,302742E-1;2,681152E-1;9,478841E-1;;
30/11/2021  14:47:41,092583;9,439540E-1;7,958586E-2;7,950379E-2;9,478179E-1;;
30/11/2021  14:47:41,092683;9,433252E-1;1,248242E-1;1,212068E-1;9,477448E-1;;
30/11/2021  14:47:41,092783;9,439719E-1;1,085766E-1;1,152041E-1;9,476651E-1;;
30/11/2021  14:47:41,092883;9,441805E-1;1,391603E-1;1,388990E-1;9,475793E-1;;
30/11/2021  14:47:41,092983;9,446067E-1;1,184526E-1;1,057261E-1;9,474880E-1;;
30/11/2021  14:47:41,093083;9,436769E-1;1,248242E-1;1,284732E-1;9,473917E-1;;
30/11/2021  14:47:41,093183;9,429229E-1;1,251428E-1;1,221546E-1;9,472909E-1;;
30/11/2021  14:47:41,093283;9,411526E-1;1,238685E-1;1,167838E-1;9,471859E-1;;
30/11/2021  14:47:41,093383;9,406221E-1;1,340630E-1;1,227865E-1;9,470768E-1;;
30/11/2021  14:47:41,093483;9,416562E-1;5,123224E-2;1,136244E-1;9,469635E-1;;
30/11/2021  14:47:41,093583;9,418082E-1;7,193994E-2;1,050943E-1;9,468460E-1;;
30/11/2021  14:47:41,093683;9,413582E-1;1,353374E-1;1,354238E-1;9,467244E-1;;
30/11/2021  14:47:41,093783;9,398681E-1;1,372488E-1;1,471132E-1;9,465989E-1;;
30/11/2021  14:47:41,093883;9,391111E-1;1,636910E-1;1,537478E-1;9,464693E-1;;
30/11/2021  14:47:41,093983;9,382825E-1;1,356559E-1;1,354238E-1;9,463356E-1;;
30/11/2021  14:47:41,094083;9,380799E-1;1,327887E-1;1,354238E-1;9,461974E-1;;
30/11/2021  14:47:41,094183;9,379577E-1;1,296029E-1;1,256299E-1;9,460544E-1;;
30/11/2021  14:47:41,094283;9,380888E-1;1,184526E-1;1,335282E-1;9,459064E-1;;
30/11/2021  14:47:41,094383;9,372603E-1;1,331073E-1;1,322644E-1;9,457532E-1;;
30/11/2021  14:47:41,094483;9,366195E-1;1,340630E-1;1,325804E-1;9,455945E-1;;
30/11/2021  14:47:41,094583;9,352844E-1;1,276914E-1;1,231024E-1;9,454303E-1;;
30/11/2021  14:47:41,094683;9,353261E-1;1,324701E-1;1,246821E-1;9,452601E-1;;
30/11/2021  14:47:41,094783;9,351175E-1;1,366117E-1;1,303688E-1;9,450836E-1;;
30/11/2021  14:47:41,094883;9,351860E-1;1,133553E-1;1,496407E-1;9,449005E-1;;
30/11/2021  14:47:41,094983;9,349357E-1;1,232313E-1;1,107811E-1;9,447107E-1;;
30/11/2021  14:47:41,095083;9,341667E-1;5,378088E-2;4,190788E-2;9,445141E-1;;
30/11/2021  14:47:41,095183;9,340893E-1;1,452133E-1;1,872366E-1;9,443106E-1;;
30/11/2021  14:47:41,095283;9,328792E-1;1,605052E-1;1,553275E-1;9,441001E-1;;
30/11/2021  14:47:41,095383;9,328882E-1;1,296029E-1;1,294210E-1;9,438825E-1;;
30/11/2021  14:47:41,095483;9,332011E-1;1,350188E-1;1,332122E-1;9,436577E-1;;
30/11/2021  14:47:41,095583;9,332905E-1;1,394789E-1;1,265777E-1;9,434258E-1;;
30/11/2021  14:47:41,095683;9,327302E-1;1,726112E-1;1,774427E-1;9,431868E-1;;
30/11/2021  14:47:41,095783;9,331534E-1;1,318330E-1;1,398468E-1;9,429410E-1;;
30/11/2021  14:47:41,095883;9,320686E-1;2,143452E-1;1,790224E-1;9,426887E-1;;
30/11/2021  14:47:41,095983;9,315590E-1;1,359745E-1;1,433221E-1;9,424300E-1;;
30/11/2021  14:47:41,096083;9,318958E-1;1,276914E-1;1,490088E-1;9,421653E-1;;
30/11/2021  14:47:41,096183;9,325246E-1;1,181340E-1;1,145722E-1;9,418946E-1;;
30/11/2021  14:47:41,096283;9,332846E-1;1,245056E-1;1,360556E-1;9,416185E-1;;
30/11/2021  14:47:41,096383;9,328316E-1;8,309024E-2;6,655058E-2;9,413376E-1;;
30/11/2021  14:47:41,096483;9,327720E-1;7,576290E-2;7,887192E-2;9,410525E-1;;
30/11/2021  14:47:41,096583;9,321372E-1;1,248242E-1;1,363715E-1;9,407638E-1;;
30/11/2021  14:47:41,096683;9,320537E-1;1,082581E-1;1,227865E-1;9,404723E-1;;
30/11/2021  14:47:41,096783;9,323160E-1;9,806350E-2;1,107811E-1;9,401783E-1;;
30/11/2021  14:47:41,096883;9,334068E-1;1,066652E-1;1,170997E-1;9,398825E-1;;
30/11/2021  14:47:41,096983;9,338329E-1;1,483991E-1;1,565912E-1;9,395857E-1;;
30/11/2021  14:47:41,097083;9,335677E-1;5,760384E-2;1,461654E-1;9,392887E-1;;
30/11/2021  14:47:41,097183;9,320746E-1;1,257800E-1;1,395309E-1;9,389923E-1;;
30/11/2021  14:47:41,097283;9,326647E-1;9,360338E-2;1,069899E-1;9,386973E-1;;
30/11/2021  14:47:41,097383;9,320925E-1;1,127182E-1;1,224705E-1;9,384041E-1;;
30/11/2021  14:47:41,097483;9,324739E-1;1,044351E-1;1,193112E-1;9,381133E-1;;
30/11/2021  14:47:41,097583;9,335677E-1;1,063466E-1;1,107811E-1;9,378253E-1;;
30/11/2021  14:47:41,097683;9,332607E-1;1,187712E-1;1,243661E-1;9,375410E-1;;
30/11/2021  14:47:41,097783;9,330432E-1;1,114439E-1;1,275255E-1;9,372608E-1;;
30/11/2021  14:47:41,097883;9,325633E-1;1,375674E-1;1,436380E-1;9,369854E-1;;
30/11/2021  14:47:41,097983;9,321908E-1;2,385573E-1;1,989261E-1;9,367152E-1;;
30/11/2021  14:47:41,098083;9,319852E-1;1,659210E-1;1,588027E-1;9,364506E-1;;
30/11/2021  14:47:41,098183;9,329538E-1;1,633724E-1;1,670170E-1;9,361919E-1;;
30/11/2021  14:47:41,098283;9,336690E-1;1,783457E-1;1,543797E-1;9,359395E-1;;
30/11/2021  14:47:41,098383;9,333054E-1;5,993878E-3;7,255328E-2;9,356937E-1;;
30/11/2021  14:47:41,098483;9,330253E-1;1,286472E-1;1,205749E-1;9,354551E-1;;
30/11/2021  14:47:41,098583;9,326885E-1;1,337445E-1;1,328963E-1;9,352240E-1;;
30/11/2021  14:47:41,098683;9,320060E-1;1,541336E-1;1,464814E-1;9,350007E-1;;
30/11/2021  14:47:41,098783;9,324173E-1;4,645354E-2;6,275939E-2;9,347853E-1;;
30/11/2021  14:47:41,098883;9,329746E-1;8,965980E-4;3,680107E-3;9,345778E-1;;
30/11/2021  14:47:41,098983;9,332250E-1;4,082398E-3;6,207563E-3;9,343783E-1;;
30/11/2021  14:47:41,099083;9,334217E-1;1,852338E-3;3,996039E-3;9,341872E-1;;
30/11/2021  14:47:41,099183;9,334783E-1;2,489498E-3;3,680107E-3;9,340046E-1;;
30/11/2021  14:47:41,099283;9,328077E-1;5,675298E-3;7,787223E-3;9,338306E-1;;
30/11/2021  14:47:41,099383;9,331713E-1;8,223938E-3;9,682815E-3;9,336654E-1;;
30/11/2021  14:47:41,099483;9,331117E-1;1,852338E-3;4,943835E-3;9,335089E-1;;
30/11/2021  14:47:41,099583;9,339849E-1;5,993878E-3;8,103155E-3;9,333613E-1;;
30/11/2021  14:47:41,099683;9,339194E-1;1,215178E-3;3,048243E-3;9,332226E-1;;
30/11/2021  14:47:41,099783;9,341369E-1;5,675298E-3;7,787223E-3;9,330930E-1;;
30/11/2021  14:47:41,099883;9,342412E-1;5,675298E-3;7,787223E-3;9,329724E-1;;
30/11/2021  14:47:41,099983;9,333352E-1;3,763818E-3;5,891631E-3;9,328610E-1;;
30/11/2021  14:47:41,100083;9,336452E-1;5,038138E-3;6,523495E-3;9,327588E-1;;
30/11/2021  14:47:41,100183;9,338836E-1;2,170918E-3;4,627903E-3;9,326656E-1;;
30/11/2021  14:47:41,100283;9,353112E-1;8,965980E-4;2,416379E-3;9,325812E-1;;
30/11/2021  14:47:41,100383;9,351473E-1;2,808078E-3;4,311971E-3;9,325058E-1;;
30/11/2021  14:47:41,100483;9,352605E-1;1,215178E-3;3,364175E-3;9,324394E-1;;
30/11/2021  14:47:41,100583;9,352903E-1;1,215178E-3;3,364175E-3;9,323821E-1;;
30/11/2021  14:47:41,100683;9,347121E-1;8,965980E-4;3,364175E-3;9,323339E-1;;
30/11/2021  14:47:41,100783;9,354065E-1;2,489498E-3;3,996039E-3;9,322947E-1;;
30/11/2021  14:47:41,100883;9,364407E-1;1,533758E-3;3,364175E-3;9,322645E-1;;
30/11/2021  14:47:41,100983;9,368222E-1;1,215178E-3;3,680107E-3;9,322431E-1;;
30/11/2021  14:47:41,101083;9,373259E-1;8,965980E-4;3,364175E-3;9,322308E-1;;
30/11/2021  14:47:41,101183;9,378623E-1;1,215178E-3;4,311971E-3;9,322278E-1;;
30/11/2021  14:47:41,101283;9,375077E-1;8,965980E-4;3,680107E-3;9,322340E-1;;
30/11/2021  14:47:41,101383;9,374570E-1;8,965980E-4;3,364175E-3;9,322498E-1;;
30/11/2021  14:47:41,101483;9,383302E-1;8,965980E-4;3,680107E-3;9,322750E-1;;
30/11/2021  14:47:41,101583;9,392094E-1;8,965980E-4;3,364175E-3;9,323097E-1;;
30/11/2021  14:47:41,101683;9,402883E-1;4,719558E-3;7,471291E-3;9,323541E-1;;
30/11/2021  14:47:41,101783;9,410512E-1;6,949618E-3;1,347400E-2;9,324084E-1;;
30/11/2021  14:47:41,101883;9,409737E-1;8,965980E-4;3,364175E-3;9,324730E-1;;
30/11/2021  14:47:41,101983;9,406012E-1;1,215178E-3;3,680107E-3;9,325480E-1;;
30/11/2021  14:47:41,102083;9,409648E-1;1,852338E-3;3,996039E-3;9,326337E-1;;
30/11/2021  14:47:41,102183;9,412479E-1;1,215178E-3;2,732311E-3;9,327301E-1;;
30/11/2021  14:47:41,102283;9,424371E-1;1,533758E-3;3,680107E-3;9,328373E-1;;
30/11/2021  14:47:41,102383;9,420407E-1;1,045400E-2;1,315807E-2;9,329551E-1;;
30/11/2021  14:47:41,102483;9,425742E-1;1,427696E-2;1,631739E-2;9,330837E-1;;
30/11/2021  14:47:41,102583;9,425712E-1;1,300264E-2;1,694925E-2;9,332230E-1;;
30/11/2021  14:47:41,102683;9,428603E-1;1,586986E-2;1,758111E-2;9,333729E-1;;
30/11/2021  14:47:41,102783;9,430957E-1;1,427696E-2;1,631739E-2;9,335332E-1;;
30/11/2021  14:47:41,102883;9,438557E-1;1,395838E-2;1,821298E-2;9,337038E-1;;
30/11/2021  14:47:41,102983;9,449971E-1;1,077258E-2;1,347400E-2;9,338845E-1;;
30/11/2021  14:47:41,103083;9,455962E-1;1,618844E-2;1,568552E-2;9,340752E-1;;
30/11/2021  14:47:41,103183;9,451193E-1;1,778134E-2;2,042450E-2;9,342760E-1;;
30/11/2021  14:47:41,103283;9,452326E-1;1,267357E-1;1,436380E-1;9,344867E-1;;
30/11/2021  14:47:41,103383;9,453518E-1;1,586986E-2;1,821298E-2;9,347071E-1;;
30/11/2021  14:47:41,103483;9,453339E-1;1,618844E-2;1,852891E-2;9,349370E-1;;
30/11/2021  14:47:41,103583;9,464813E-1;1,356559E-1;1,310007E-1;9,351760E-1;;
30/11/2021  14:47:41,103683;9,462697E-1;6,970988E-2;7,192142E-2;9,354238E-1;;
30/11/2021  14:47:41,103783;9,467317E-1;1,315144E-1;1,388990E-1;9,356801E-1;;
30/11/2021  14:47:41,103883;9,472354E-1;1,273729E-1;1,158360E-1;9,359445E-1;;
30/11/2021  14:47:41,103983;9,468181E-1;1,178155E-1;1,246821E-1;9,362167E-1;;
30/11/2021  14:47:41,104083;9,464635E-1;1,397975E-1;1,388990E-1;9,364963E-1;;
30/11/2021  14:47:41,104183;9,473009E-1;8,149734E-2;9,372073E-2;9,367827E-1;;
30/11/2021  14:47:41,104283;9,479000E-1;1,155854E-1;1,310007E-1;9,370756E-1;;
30/11/2021  14:47:41,104383;9,485735E-1;1,353374E-1;8,645429E-2;9,373743E-1;;
30/11/2021  14:47:41,104483;9,487613E-1;1,818500E-1;2,181979E-1;9,376786E-1;;
30/11/2021  14:47:41,104583;9,489490E-1;1,378860E-1;1,382671E-1;9,379881E-1;;
30/11/2021  14:47:41,104683;9,489401E-1;1,582751E-1;1,534319E-1;9,383025E-1;;
30/11/2021  14:47:41,104783;9,490772E-1;1,149482E-1;1,114129E-1;9,386213E-1;;
30/11/2021  14:47:41,104883;9,500279E-1;1,267357E-1;1,253139E-1;9,389443E-1;;
30/11/2021  14:47:41,104983;9,499295E-1;1,334259E-1;1,319485E-1;9,392709E-1;;
30/11/2021  14:47:41,105083;9,510561E-1;1,267357E-1;1,126766E-1;9,396009E-1;;
30/11/2021  14:47:41,105183;9,511485E-1;1,343816E-1;1,354238E-1;9,399340E-1;;
30/11/2021  14:47:41,105283;9,512915E-1;1,241871E-1;1,092014E-1;9,402701E-1;;
30/11/2021  14:47:41,105383;9,514614E-1;1,324701E-1;1,471132E-1;9,406088E-1;;
30/11/2021  14:47:41,105483;9,511962E-1;1,343816E-1;1,625939E-1;9,409498E-1;;
30/11/2021  14:47:41,105583;9,523943E-1;6,811698E-2;5,675668E-2;9,412929E-1;;
30/11/2021  14:47:41,105683;9,531334E-1;1,136739E-1;1,041465E-1;9,416377E-1;;
30/11/2021  14:47:41,105783;9,531095E-1;6,716124E-2;7,381701E-2;9,419842E-1;;
30/11/2021  14:47:41,105883;9,532377E-1;1,802571E-1;2,115634E-1;9,423321E-1;;
30/11/2021  14:47:41,105983;9,533211E-1;1,260985E-1;1,262617E-1;9,426814E-1;;
30/11/2021  14:47:41,106083;9,529814E-1;1,410718E-1;1,370034E-1;9,430316E-1;;
30/11/2021  14:47:41,106183;9,530976E-1;1,509478E-1;1,455336E-1;9,433826E-1;;
30/11/2021  14:47:41,106283;9,532287E-1;1,270543E-1;1,234183E-1;9,437339E-1;;
30/11/2021  14:47:41,106383;9,532705E-1;1,251428E-1;1,310007E-1;9,440851E-1;;
30/11/2021  14:47:41,106483;9,533390E-1;1,162226E-1;1,227865E-1;9,444358E-1;;
30/11/2021  14:47:41,106583;9,528681E-1;1,149482E-1;1,205749E-1;9,447856E-1;;
30/11/2021  14:47:41,106683;9,522125E-1;9,870066E-2;8,613836E-2;9,451339E-1;;
30/11/2021  14:47:41,106783;9,522184E-1;1,143111E-1;1,281573E-1;9,454802E-1;;
30/11/2021  14:47:41,106883;9,518161E-1;9,551486E-2;1,050943E-1;9,458236E-1;;
30/11/2021  14:47:41,106983;9,517744E-1;1,069837E-1;1,161519E-1;9,461635E-1;;
30/11/2021  14:47:41,107083;9,518131E-1;9,774492E-2;1,038306E-1;9,464991E-1;;
30/11/2021  14:47:41,107183;9,514674E-1;9,232906E-2;1,082536E-1;9,468297E-1;;
30/11/2021  14:47:41,107283;9,508505E-1;1,474434E-1;1,632258E-1;9,471546E-1;;
30/11/2021  14:47:41,107383;9,503915E-1;9,838208E-2;1,903959E-1;9,474730E-1;;
30/11/2021  14:47:41,107483;9,497895E-1;8,691320E-2;1,031987E-1;9,477841E-1;;
30/11/2021  14:47:41,107583;9,501084E-1;9,169190E-2;1,066739E-1;9,480871E-1;;
30/11/2021  14:47:41,107683;9,497746E-1;9,455912E-2;9,245700E-2;9,483811E-1;;
30/11/2021  14:47:41,107783;9,491278E-1;8,340882E-2;9,466852E-2;9,486653E-1;;
30/11/2021  14:47:41,107883;9,484454E-1;9,073616E-2;1,126766E-1;9,489391E-1;;
30/11/2021  14:47:41,107983;9,474917E-1;1,178155E-1;1,379512E-1;9,492016E-1;;
30/11/2021  14:47:41,108083;9,465618E-1;1,041165E-1;1,142563E-1;9,494520E-1;;
30/11/2021  14:47:41,108183;9,461505E-1;1,197269E-1;1,145722E-1;9,496892E-1;;
30/11/2021  14:47:41,108283;9,455098E-1;1,305587E-1;1,120448E-1;9,499124E-1;;
30/11/2021  14:47:41,108383;9,452177E-1;1,375674E-1;1,505885E-1;9,501207E-1;;
30/11/2021  14:47:41,108483;9,449465E-1;1,493549E-1;1,265777E-1;9,503131E-1;;
30/11/2021  14:47:41,108583;9,443474E-1;1,181340E-1;1,142563E-1;9,504889E-1;;
30/11/2021  14:47:41,108683;9,439958E-1;9,105474E-2;1,035146E-1;9,506474E-1;;
30/11/2021  14:47:41,108783;9,433580E-1;1,404346E-1;1,347919E-1;9,507880E-1;;
30/11/2021  14:47:41,108883;9,429914E-1;2,925022E-2;2,642721E-2;9,509102E-1;;
30/11/2021  14:47:41,108983;9,432835E-1;-8,979382E-3;-4,850057E-3;9,510134E-1;;
30/11/2021  14:47:41,109083;9,428036E-1;8,861098E-3;1,947671E-2;9,510972E-1;;
30/11/2021  14:47:41,109183;9,422791E-1;1,200455E-1;1,114129E-1;9,511616E-1;;
30/11/2021  14:47:41,109283;9,417427E-1;1,108067E-1;1,145722E-1;9,512062E-1;;
30/11/2021  14:47:41,109383;9,416413E-1;1,006121E-1;8,645429E-2;9,512309E-1;;
30/11/2021  14:47:41,109483;9,413135E-1;1,123996E-1;1,057261E-1;9,512357E-1;;
30/11/2021  14:47:41,109583;9,406459E-1;1,184526E-1;1,189953E-1;9,512207E-1;;
30/11/2021  14:47:41,109683;9,409380E-1;1,187712E-1;1,221546E-1;9,511859E-1;;
30/11/2021  14:47:41,109783;9,408337E-1;1,194084E-1;1,129926E-1;9,511314E-1;;
30/11/2021  14:47:41,109883;9,403628E-1;1,235499E-1;1,158360E-1;9,510577E-1;;
30/11/2021  14:47:41,109983;9,404969E-1;1,143111E-1;1,158360E-1;9,509650E-1;;
30/11/2021  14:47:41,110083;9,403240E-1;9,424054E-2;1,019350E-1;9,508539E-1;;
30/11/2021  14:47:41,110183;9,407741E-1;1,187712E-1;1,170997E-1;9,507249E-1;;
30/11/2021  14:47:41,110283;9,411764E-1;8,468314E-2;9,340479E-2;9,505787E-1;;
30/11/2021  14:47:41,110383;9,412837E-1;1,050723E-1;1,148882E-1;9,504161E-1;;
30/11/2021  14:47:41,110483;9,414625E-1;1,493549E-1;1,565912E-1;9,502382E-1;;
30/11/2021  14:47:41,110583;9,410542E-1;1,159040E-1;1,047783E-1;9,500460E-1;;
30/11/2021  14:47:41,110683;9,418321E-1;1,187712E-1;1,120448E-1;9,498404E-1;;
30/11/2021  14:47:41,110783;9,420973E-1;1,200455E-1;1,227865E-1;9,496228E-1;;
30/11/2021  14:47:41,110883;9,429288E-1;6,301970E-2;3,590517E-2;9,493942E-1;;
30/11/2021  14:47:41,110983;9,427828E-1;1,270543E-1;1,193112E-1;9,491560E-1;;
30/11/2021  14:47:41,111083;9,435755E-1;1,245056E-1;1,265777E-1;9,489097E-1;;
30/11/2021  14:47:41,111183;9,437782E-1;1,210013E-1;1,177316E-1;9,486567E-1;;
30/11/2021  14:47:41,111283;9,439511E-1;1,197269E-1;1,006712E-1;9,483984E-1;;
30/11/2021  14:47:41,111383;9,443057E-1;1,273729E-1;1,306848E-1;9,481363E-1;;
30/11/2021  14:47:41,111483;9,440137E-1;1,356559E-1;1,363715E-1;9,478718E-1;;
30/11/2021  14:47:41,111583;9,457303E-1;8,372740E-2;8,740209E-2;9,476063E-1;;
30/11/2021  14:47:41,111683;9,458763E-1;2,861306E-2;8,171531E-2;9,473412E-1;;
30/11/2021  14:47:41,111783;9,452803E-1;1,315144E-1;1,268936E-1;9,470780E-1;;
30/11/2021  14:47:41,111883;9,458436E-1;1,270543E-1;1,360556E-1;9,468181E-1;;
30/11/2021  14:47:41,111983;9,453786E-1;1,187712E-1;1,117289E-1;9,465626E-1;;
30/11/2021  14:47:41,112083;9,449077E-1;1,305587E-1;1,287892E-1;9,463127E-1;;
30/11/2021  14:47:41,112183;9,447051E-1;1,318330E-1;1,294210E-1;9,460692E-1;;
30/11/2021  14:47:41,112283;9,453786E-1;1,267357E-1;1,294210E-1;9,458330E-1;;
30/11/2021  14:47:41,112383;9,450061E-1;1,283286E-1;1,136244E-1;9,456047E-1;;
30/11/2021  14:47:41,112483;9,447945E-1;1,436204E-1;1,417424E-1;9,453849E-1;;
30/11/2021  14:47:41,112583;9,444160E-1;1,350188E-1;1,360556E-1;9,451740E-1;;
30/11/2021  14:47:41,112683;9,438497E-1;1,311958E-1;1,202590E-1;9,449726E-1;;
30/11/2021  14:47:41,112783;9,432119E-1;1,987348E-1;2,365220E-1;9,447806E-1;;
30/11/2021  14:47:41,112883;9,434772E-1;1,337445E-1;1,265777E-1;9,445981E-1;;
30/11/2021  14:47:41,112983;9,436411E-1;5,569236E-2;6,623464E-2;9,444251E-1;;
30/11/2021  14:47:41,113083;9,432269E-1;2,733874E-2;7,571260E-2;9,442615E-1;;
30/11/2021  14:47:41,113183;9,421480E-1;1,174969E-1;1,174156E-1;9,441070E-1;;
30/11/2021  14:47:41,113283;9,415579E-1;1,254614E-1;1,278414E-1;9,439616E-1;;
30/11/2021  14:47:41,113383;9,410691E-1;1,238685E-1;1,234183E-1;9,438246E-1;;
30/11/2021  14:47:41,113483;9,404283E-1;1,229127E-1;1,243661E-1;9,436955E-1;;
30/11/2021  14:47:41,113583;9,406280E-1;1,289658E-1;1,313166E-1;9,435736E-1;;
30/11/2021  14:47:41,113683;9,405416E-1;1,337445E-1;1,363715E-1;9,434583E-1;;
30/11/2021  14:47:41,113783;9,404403E-1;1,264171E-1;1,284732E-1;9,433489E-1;;
30/11/2021  14:47:41,113883;9,400379E-1;1,289658E-1;1,278414E-1;9,432449E-1;;
30/11/2021  14:47:41,113983;9,393256E-1;1,280100E-1;1,246821E-1;9,431457E-1;;
30/11/2021  14:47:41,114083;9,384554E-1;1,168597E-1;1,126766E-1;9,430506E-1;;
30/11/2021  14:47:41,114183;9,384733E-1;1,385232E-1;1,471132E-1;9,429589E-1;;
30/11/2021  14:47:41,114283;9,383004E-1;1,302401E-1;1,139404E-1;9,428698E-1;;
30/11/2021  14:47:41,114383;9,381305E-1;1,235499E-1;1,300529E-1;9,427827E-1;;
30/11/2021  14:47:41,114483;9,383988E-1;1,136739E-1;1,126766E-1;9,426968E-1;;
30/11/2021  14:47:41,114583;9,375047E-1;1,222756E-1;1,316326E-1;9,426116E-1;;
30/11/2021  14:47:41,114683;9,368371E-1;1,324701E-1;1,464814E-1;9,425265E-1;;
30/11/2021  14:47:41,114783;9,362291E-1;1,286472E-1;1,310007E-1;9,424409E-1;;
30/11/2021  14:47:41,114883;9,363334E-1;1,327887E-1;1,335282E-1;9,423541E-1;;
30/11/2021  14:47:41,114983;9,364228E-1;1,299215E-1;1,322644E-1;9,422655E-1;;
30/11/2021  14:47:41,115083;9,368162E-1;1,675139E-1;1,600664E-1;9,421747E-1;;
30/11/2021  14:47:41,115183;9,362559E-1;1,391603E-1;1,455336E-1;9,420811E-1;;
30/11/2021  14:47:41,115283;9,362887E-1;1,334259E-1;1,303688E-1;9,419845E-1;;
30/11/2021  14:47:41,115383;9,358327E-1;1,382046E-1;1,294210E-1;9,418847E-1;;
30/11/2021  14:47:41,115483;9,362231E-1;1,018865E-1;1,193112E-1;9,417814E-1;;
30/11/2021  14:47:41,115583;9,369414E-1;1,260985E-1;1,325804E-1;9,416744E-1;;
30/11/2021  14:47:41,115683;9,370397E-1;1,311958E-1;1,278414E-1;9,415638E-1;;
30/11/2021  14:47:41,115783;9,371411E-1;1,264171E-1;1,701763E-1;9,414498E-1;;
30/11/2021  14:47:41,115883;9,377818E-1;1,388417E-1;1,294210E-1;9,413325E-1;;
30/11/2021  14:47:41,115983;9,374093E-1;1,171783E-1;1,120448E-1;9,412124E-1;;
30/11/2021  14:47:41,116083;9,376567E-1;1,311958E-1;1,594346E-1;9,410896E-1;;
30/11/2021  14:47:41,116183;9,376358E-1;1,302401E-1;1,167838E-1;9,409648E-1;;
30/11/2021  14:47:41,116283;9,381812E-1;1,334259E-1;1,354238E-1;9,408381E-1;;
30/11/2021  14:47:41,116383;9,384792E-1;1,391603E-1;1,335282E-1;9,407102E-1;;
30/11/2021  14:47:41,116483;9,385627E-1;3,466608E-2;4,001229E-2;9,405815E-1;;
30/11/2021  14:47:41,116583;9,388071E-1;1,563636E-1;1,951349E-1;9,404525E-1;;
30/11/2021  14:47:41,116683;9,387624E-1;1,337445E-1;1,325804E-1;9,403239E-1;;
30/11/2021  14:47:41,116783;9,385865E-1;1,174969E-1;1,183634E-1;9,401961E-1;;
30/11/2021  14:47:41,116883;9,382587E-1;1,044351E-1;1,050943E-1;9,400697E-1;;
30/11/2021  14:47:41,116983;9,396147E-1;1,101695E-1;1,161519E-1;9,399450E-1;;
30/11/2021  14:47:41,117083;9,399813E-1;1,120810E-1;1,237343E-1;9,398225E-1;;
30/11/2021  14:47:41,117183;9,396445E-1;4,709070E-2;6,844617E-2;9,397028E-1;;
30/11/2021  14:47:41,117283;9,399247E-1;1,111253E-1;1,224705E-1;9,395866E-1;;
30/11/2021  14:47:41,117383;9,399366E-1;7,958586E-2;7,602853E-2;9,394742E-1;;
30/11/2021  14:47:41,117483;9,393316E-1;1,675139E-1;1,802861E-1;9,393661E-1;;
30/11/2021  14:47:41,117583;9,394687E-1;9,105474E-2;1,218387E-1;9,392627E-1;;
30/11/2021  14:47:41,117683;9,397250E-1;8,691320E-2;8,740209E-2;9,391643E-1;;
30/11/2021  14:47:41,117783;9,400856E-1;1,442576E-1;1,638576E-1;9,390710E-1;;
30/11/2021  14:47:41,117883;9,400707E-1;5,632952E-2;7,065769E-2;9,389831E-1;;
30/11/2021  14:47:41,117983;9,397876E-1;1,327887E-1;1,496407E-1;9,389009E-1;;
30/11/2021  14:47:41,118083;9,392660E-1;1,066652E-1;1,110970E-1;9,388246E-1;;
30/11/2021  14:47:41,118183;9,387445E-1;1,101695E-1;1,240502E-1;9,387541E-1;;
30/11/2021  14:47:41,118283;9,388846E-1;1,139925E-1;1,313166E-1;9,386893E-1;;
30/11/2021  14:47:41,118383;9,390991E-1;1,347002E-1;1,442698E-1;9,386302E-1;;
30/11/2021  14:47:41,118483;9,393107E-1;1,525407E-1;1,606983E-1;9,385765E-1;;
30/11/2021  14:47:41,118583;9,381186E-1;1,697440E-1;1,613302E-1;9,385281E-1;;
30/11/2021  14:47:41,118683;9,376954E-1;1,808943E-1;1,610142E-1;9,384847E-1;;
30/11/2021  14:47:41,118783;9,366046E-1;1,459554E-2;1,663332E-2;9,384461E-1;;
30/11/2021  14:47:41,118883;9,363513E-1;2,808078E-3;5,575699E-3;9,384115E-1;;
30/11/2021  14:47:41,118983;9,360831E-1;3,445238E-3;4,943835E-3;9,383803E-1;;
30/11/2021  14:47:41,119083;9,359162E-1;5,675298E-3;8,419087E-3;9,383518E-1;;
30/11/2021  14:47:41,119183;9,357731E-1;7,905358E-3;1,063061E-2;9,383255E-1;;
30/11/2021  14:47:41,119283;9,349059E-1;9,179678E-3;1,126247E-2;9,383006E-1;;
30/11/2021  14:47:41,119383;9,344379E-1;1,363980E-2;1,631739E-2;9,382764E-1;;
30/11/2021  14:47:41,119483;9,341638E-1;7,586778E-3;9,366883E-3;9,382523E-1;;
30/11/2021  14:47:41,119583;9,337197E-1;7,586778E-3;9,682815E-3;9,382274E-1;;
30/11/2021  14:47:41,119683;9,343515E-1;8,223938E-3;9,998747E-3;9,382011E-1;;
30/11/2021  14:47:41,119783;9,345989E-1;8,542518E-3;9,998747E-3;9,381727E-1;;
30/11/2021  14:47:41,119883;9,347270E-1;1,215178E-3;3,364175E-3;9,381419E-1;;
30/11/2021  14:47:41,119983;9,341578E-1;6,949618E-3;8,735019E-3;9,381083E-1;;
30/11/2021  14:47:41,120083;9,339641E-1;2,808078E-3;4,943835E-3;9,380716E-1;;
30/11/2021  14:47:41,120183;9,338151E-1;6,949618E-3;9,050951E-3;9,380316E-1;;
30/11/2021  14:47:41,120283;9,335290E-1;6,949618E-3;9,050951E-3;9,379880E-1;;
30/11/2021  14:47:41,120383;9,338687E-1;8,965980E-4;3,364175E-3;9,379404E-1;;
30/11/2021  14:47:41,120483;9,339581E-1;6,631038E-3;7,471291E-3;9,378888E-1;;
30/11/2021  14:47:41,120583;9,339313E-1;1,533758E-3;3,364175E-3;9,378331E-1;;
30/11/2021  14:47:41,120683;9,335766E-1;1,533758E-3;3,680107E-3;9,377732E-1;;
30/11/2021  14:47:41,120783;9,327004E-1;1,215178E-3;3,996039E-3;9,377091E-1;;
30/11/2021  14:47:41,120883;9,322683E-1;1,533758E-3;3,680107E-3;9,376407E-1;;
30/11/2021  14:47:41,120983;9,324352E-1;5,780180E-4;3,364175E-3;9,375678E-1;;
30/11/2021  14:47:41,121083;9,329955E-1;2,170918E-3;4,943835E-3;9,374904E-1;;
30/11/2021  14:47:41,121183;9,322683E-1;6,949618E-3;8,103155E-3;9,374083E-1;;
30/11/2021  14:47:41,121283;9,321163E-1;1,533758E-3;3,048243E-3;9,373216E-1;;
30/11/2021  14:47:41,121383;9,319583E-1;1,215178E-3;2,732311E-3;9,372303E-1;;
30/11/2021  14:47:41,121483;9,319941E-1;1,215178E-3;3,364175E-3;9,371344E-1;;
30/11/2021  14:47:41,121583;9,320686E-1;8,965980E-4;3,680107E-3;9,370340E-1;;
30/11/2021  14:47:41,121683;9,325246E-1;8,965980E-4;3,364175E-3;9,369291E-1;;
30/11/2021  14:47:41,121783;9,328614E-1;5,780180E-4;3,996039E-3;9,368199E-1;;
30/11/2021  14:47:41,121883;9,329091E-1;8,965980E-4;3,364175E-3;9,367069E-1;;
30/11/2021  14:47:41,121983;9,326378E-1;5,780180E-4;3,048243E-3;9,365903E-1;;
30/11/2021  14:47:41,122083;9,322266E-1;1,215178E-3;3,680107E-3;9,364706E-1;;
30/11/2021  14:47:41,122183;9,321044E-1;1,533758E-3;3,996039E-3;9,363481E-1;;
30/11/2021  14:47:41,122283;9,323160E-1;1,215178E-3;3,048243E-3;9,362229E-1;;
30/11/2021  14:47:41,122383;9,333412E-1;1,215178E-3;3,364175E-3;9,360955E-1;;
30/11/2021  14:47:41,122483;9,330461E-1;8,223938E-3;1,126247E-2;9,359663E-1;;
30/11/2021  14:47:41,122583;9,334336E-1;8,542518E-3;1,221027E-2;9,358357E-1;;
30/11/2021  14:47:41,122683;9,325216E-1;5,038138E-3;1,221027E-2;9,357043E-1;;
30/11/2021  14:47:41,122783;9,318153E-1;8,861098E-3;1,378993E-2;9,355724E-1;;
30/11/2021  14:47:41,122883;9,316782E-1;1,586986E-2;1,726518E-2;9,354403E-1;;
30/11/2021  14:47:41,122983;9,313921E-1;1,077258E-2;1,284213E-2;9,353081E-1;;
30/11/2021  14:47:41,123083;9,321670E-1;7,863012E-2;8,866581E-2;9,351760E-1;;
30/11/2021  14:47:41,123183;9,319792E-1;1,650702E-2;1,852891E-2;9,350440E-1;;
30/11/2021  14:47:41,123283;9,316365E-1;1,366117E-1;1,338441E-1;9,349126E-1;;
30/11/2021  14:47:41,123383;9,314725E-1;8,086018E-2;7,128955E-2;9,347817E-1;;
30/11/2021  14:47:41,123483;9,305785E-1;2,096714E-2;3,590517E-2;9,346515E-1;;
30/11/2021  14:47:41,123583;9,307305E-1;1,363980E-2;1,631739E-2;9,345222E-1;;
30/11/2021  14:47:41,123683;9,313712E-1;9,816838E-3;2,105637E-2;9,343935E-1;;
30/11/2021  14:47:41,123783;9,314874E-1;4,358632E-2;7,666040E-2;9,342657E-1;;
30/11/2021  14:47:41,123883;9,315202E-1;1,015679E-1;8,771802E-2;9,341389E-1;;
30/11/2021  14:47:41,123983;9,318540E-1;1,308772E-1;1,543797E-1;9,340133E-1;;
30/11/2021  14:47:41,124083;9,315679E-1;1,174969E-1;1,224705E-1;9,338891E-1;;
30/11/2021  14:47:41,124183;9,309152E-1;1,541336E-1;1,531159E-1;9,337665E-1;;
30/11/2021  14:47:41,124283;9,314904E-1;1,041165E-1;1,013031E-1;9,336456E-1;;
30/11/2021  14:47:41,124383;9,317974E-1;1,203641E-1;1,202590E-1;9,335267E-1;;
30/11/2021  14:47:41,124483;9,326706E-1;1,302401E-1;1,212068E-1;9,334098E-1;;
30/11/2021  14:47:41,124583;9,323756E-1;1,331073E-1;1,328963E-1;9,332954E-1;;
30/11/2021  14:47:41,124683;9,326289E-1;1,305587E-1;1,335282E-1;9,331837E-1;;
30/11/2021  14:47:41,124783;9,319852E-1;1,225942E-1;1,129926E-1;9,330751E-1;;
30/11/2021  14:47:41,124883;9,321193E-1;1,012493E-1;1,009872E-1;9,329699E-1;;
30/11/2021  14:47:41,124983;9,330670E-1;1,044351E-1;1,035146E-1;9,328682E-1;;
30/11/2021  14:47:41,125083;9,326915E-1;8,723178E-2;1,104651E-1;9,327703E-1;;
30/11/2021  14:47:41,125183;9,332786E-1;1,190898E-1;1,218387E-1;9,326764E-1;;
30/11/2021  14:47:41,125283;9,328763E-1;1,047537E-1;1,063580E-1;9,325869E-1;;
30/11/2021  14:47:41,125383;9,327451E-1;1,245056E-1;1,148882E-1;9,325020E-1;;
30/11/2021  14:47:41,125483;9,329210E-1;1,283286E-1;1,224705E-1;9,324219E-1;;
30/11/2021  14:47:41,125583;9,328673E-1;1,388417E-1;1,357397E-1;9,323466E-1;;
30/11/2021  14:47:41,125683;9,336333E-1;1,372488E-1;1,265777E-1;9,322762E-1;;
30/11/2021  14:47:41,125783;9,347449E-1;1,283286E-1;1,265777E-1;9,322111E-1;;
30/11/2021  14:47:41,125883;9,351085E-1;1,675139E-1;1,875525E-1;9,321515E-1;;
30/11/2021  14:47:41,125983;9,352218E-1;1,531778E-1;1,531159E-1;9,320977E-1;;
30/11/2021  14:47:41,126083;9,353112E-1;1,219570E-1;1,240502E-1;9,320503E-1;;
30/11/2021  14:47:41,126183;9,358297E-1;9,933782E-2;9,972343E-2;9,320095E-1;;
30/11/2021  14:47:41,126283;9,367745E-1;1,334259E-1;1,423743E-1;9,319757E-1;;
30/11/2021  14:47:41,126383;9,379219E-1;1,429833E-1;1,325804E-1;9,319494E-1;;
30/11/2021  14:47:41,126483;9,384763E-1;1,423461E-1;1,461654E-1;9,319312E-1;;
30/11/2021  14:47:41,126583;9,388935E-1;8,022302E-2;8,992954E-2;9,319215E-1;;
30/11/2021  14:47:41,126683;9,391766E-1;1,267357E-1;1,319485E-1;9,319212E-1;;
30/11/2021  14:47:41,126783;9,393674E-1;1,356559E-1;1,385831E-1;9,319307E-1;;
30/11/2021  14:47:41,126883;9,400558E-1;1,245056E-1;1,253139E-1;9,319505E-1;;
30/11/2021  14:47:41,126983;9,406072E-1;1,127182E-1;1,196272E-1;9,319811E-1;;
30/11/2021  14:47:41,127083;9,416324E-1;1,210013E-1;1,240502E-1;9,320230E-1;;
30/11/2021  14:47:41,127183;9,432060E-1;7,162136E-2;7,476481E-2;9,320766E-1;;
30/11/2021  14:47:41,127283;9,426695E-1;2,956880E-2;1,221027E-2;9,321425E-1;;
30/11/2021  14:47:41,127383;9,432716E-1;9,583344E-2;1,050943E-1;9,322214E-1;;
30/11/2021  14:47:41,127483;9,428573E-1;1,018865E-1;1,104651E-1;9,323135E-1;;
30/11/2021  14:47:41,127583;9,435159E-1;9,551486E-2;9,751191E-2;9,324192E-1;;
30/11/2021  14:47:41,127683;9,445382E-1;1,079395E-1;1,167838E-1;9,325387E-1;;
30/11/2021  14:47:41,127783;9,453131E-1;8,882468E-2;8,203124E-2;9,326721E-1;;
30/11/2021  14:47:41,127883;9,456856E-1;9,901924E-2;1,066739E-1;9,328196E-1;;
30/11/2021  14:47:41,127983;9,461088E-1;1,079395E-1;1,167838E-1;9,329815E-1;;
30/11/2021  14:47:41,128083;9,453488E-1;7,002846E-2;7,981972E-2;9,331578E-1;;
30/11/2021  14:47:41,128183;9,453905E-1;9,296622E-2;1,158360E-1;9,333486E-1;;
30/11/2021  14:47:41,128283;9,464098E-1;8,372740E-2;1,003553E-1;9,335534E-1;;
30/11/2021  14:47:41,128383;9,468181E-1;8,627604E-2;9,972343E-2;9,337721E-1;;
30/11/2021  14:47:41,128483;9,482129E-1;1,570008E-1;1,796542E-1;9,340045E-1;;
30/11/2021  14:47:41,128583;9,483410E-1;1,130368E-1;1,764949E-1;9,342503E-1;;
30/11/2021  14:47:41,128683;9,482606E-1;1,706997E-1;2,121952E-1;9,345095E-1;;
30/11/2021  14:47:41,128783;9,482010E-1;1,076209E-1;1,066739E-1;9,347817E-1;;
30/11/2021  14:47:41,128883;9,486599E-1;1,331073E-1;1,218387E-1;9,350665E-1;;
30/11/2021  14:47:41,128983;9,486897E-1;1,448948E-1;1,215227E-1;9,353636E-1;;
30/11/2021  14:47:41,129083;9,494289E-1;1,487177E-1;1,310007E-1;9,356724E-1;;
30/11/2021  14:47:41,129183;9,504958E-1;1,550893E-1;1,423743E-1;9,359925E-1;;
30/11/2021  14:47:41,129283;9,502395E-1;8,755036E-2;7,887192E-2;9,363233E-1;;
30/11/2021  14:47:41,129383;9,496941E-1;1,410718E-1;1,335282E-1;9,366645E-1;;
30/11/2021  14:47:41,129483;9,490533E-1;8,850610E-2;6,686651E-2;9,370153E-1;;
30/11/2021  14:47:41,129583;9,493633E-1;8,404598E-2;9,435259E-2;9,373751E-1;;
30/11/2021  14:47:41,129683;9,490921E-1;7,257710E-2;8,677022E-2;9,377429E-1;;
30/11/2021  14:47:41,129783;9,495749E-1;1,181340E-1;1,167838E-1;9,381178E-1;;
30/11/2021  14:47:41,129883;9,493216E-1;9,933782E-2;1,152041E-1;9,384987E-1;;
30/11/2021  14:47:41,129983;9,489043E-1;1,905566E-2;1,442179E-2;9,388847E-1;;
30/11/2021  14:47:41,130083;9,482785E-1;1,448948E-1;1,837613E-1;9,392749E-1;;
30/11/2021  14:47:41,130183;9,477957E-1;1,194084E-1;1,205749E-1;9,396679E-1;;
30/11/2021  14:47:41,130283;9,474470E-1;1,213198E-1;1,215227E-1;9,400626E-1;;
30/11/2021  14:47:41,130383;9,478791E-1;1,184526E-1;1,164678E-1;9,404576E-1;;
30/11/2021  14:47:41,130483;9,483530E-1;1,194084E-1;1,123607E-1;9,408518E-1;;
30/11/2021  14:47:41,130583;9,477897E-1;1,232313E-1;1,303688E-1;9,412441E-1;;
30/11/2021  14:47:41,130683;9,470416E-1;1,219570E-1;1,212068E-1;9,416333E-1;;
30/11/2021  14:47:41,130783;9,464933E-1;1,222756E-1;1,224705E-1;9,420183E-1;;
30/11/2021  14:47:41,130883;9,463025E-1;1,136739E-1;9,498445E-2;9,423979E-1;;
30/11/2021  14:47:41,130983;9,466006E-1;9,360338E-2;1,044624E-1;9,427710E-1;;
30/11/2021  14:47:41,131083;9,467347E-1;1,139925E-1;1,110970E-1;9,431364E-1;;
30/11/2021  14:47:41,131183;9,472860E-1;1,388417E-1;1,689125E-1;9,434933E-1;;
30/11/2021  14:47:41,131283;9,467704E-1;3,084312E-2;4,664686E-2;9,438408E-1;;
30/11/2021  14:47:41,131383;9,460999E-1;7,640006E-2;9,530039E-2;9,441782E-1;;
30/11/2021  14:47:41,131483;9,456528E-1;1,611423E-1;1,682807E-1;9,445048E-1;;
30/11/2021  14:47:41,131583;9,452952E-1;1,095324E-1;1,129926E-1;9,448198E-1;;
30/11/2021  14:47:41,131683;9,457303E-1;1,238685E-1;1,240502E-1;9,451224E-1;;
30/11/2021  14:47:41,131783;9,456260E-1;1,184526E-1;1,215227E-1;9,454120E-1;;
30/11/2021  14:47:41,131883;9,455247E-1;1,213198E-1;1,000394E-1;9,456880E-1;;
30/11/2021  14:47:41,131983;9,452266E-1;1,315144E-1;1,212068E-1;9,459501E-1;;
30/11/2021  14:47:41,132083;9,453399E-1;1,280100E-1;1,398468E-1;9,461978E-1;;
30/11/2021  14:47:41,132183;9,439928E-1;1,152668E-1;1,170997E-1;9,464307E-1;;
30/11/2021  14:47:41,132283;9,439242E-1;1,483991E-1;1,531159E-1;9,466485E-1;;
30/11/2021  14:47:41,132383;9,446097E-1;7,703722E-2;7,602853E-2;9,468509E-1;;
30/11/2021  14:47:41,132483;9,442133E-1;1,235499E-1;1,167838E-1;9,470375E-1;;
30/11/2021  14:47:41,132583;9,442253E-1;8,404598E-2;1,152041E-1;9,472082E-1;;
30/11/2021  14:47:41,132683;9,439719E-1;1,069837E-1;1,278414E-1;9,473629E-1;;
30/11/2021  14:47:41,132783;9,439302E-1;1,037979E-1;1,164678E-1;9,475017E-1;;
30/11/2021  14:47:41,132883;9,431374E-1;1,203641E-1;1,060421E-1;9,476246E-1;;
30/11/2021  14:47:41,132983;9,433937E-1;1,331073E-1;1,291051E-1;9,477316E-1;;
30/11/2021  14:47:41,133083;9,440554E-1;1,350188E-1;1,341600E-1;9,478228E-1;;
30/11/2021  14:47:41,133183;9,442759E-1;1,280100E-1;1,325804E-1;9,478985E-1;;
30/11/2021  14:47:41,133283;9,435159E-1;1,225942E-1;1,202590E-1;9,479589E-1;;
30/11/2021  14:47:41,133383;9,431792E-1;8,850610E-2;8,424277E-2;9,480046E-1;;
30/11/2021  14:47:41,133483;9,423596E-1;1,573194E-1;1,660692E-1;9,480358E-1;;
30/11/2021  14:47:41,133583;9,422881E-1;5,537378E-2;9,909157E-2;9,480528E-1;;
30/11/2021  14:47:41,133683;9,414297E-1;1,267357E-1;1,278414E-1;9,480558E-1;;
30/11/2021  14:47:41,133783;9,420407E-1;1,276914E-1;1,275255E-1;9,480451E-1;;
30/11/2021  14:47:41,133883;9,426606E-1;8,309024E-2;7,539667E-2;9,480208E-1;;
30/11/2021  14:47:41,133983;9,416652E-1;1,347002E-1;1,212068E-1;9,479834E-1;;
30/11/2021  14:47:41,134083;9,406250E-1;1,088952E-1;1,098333E-1;9,479334E-1;;
30/11/2021  14:47:41,134183;9,398263E-1;5,601094E-2;1,019350E-1;9,478709E-1;;
30/11/2021  14:47:41,134283;9,396684E-1;-5,517348E-2;5,043804E-2;9,477962E-1;;
30/11/2021  14:47:41,134383;9,393525E-1;1,276914E-1;1,341600E-1;9,477094E-1;;
30/11/2021  14:47:41,134483;9,392899E-1;1,219570E-1;1,278414E-1;9,476107E-1;;
30/11/2021  14:47:41,134583;9,394329E-1;1,359745E-1;1,338441E-1;9,475002E-1;;
30/11/2021  14:47:41,134683;9,386700E-1;1,614609E-1;1,752312E-1;9,473782E-1;;
30/11/2021  14:47:41,134783;9,378564E-1;9,710776E-2;9,530039E-2;9,472451E-1;;
30/11/2021  14:47:41,134883;9,365897E-1;1,098510E-1;1,082536E-1;9,471009E-1;;
30/11/2021  14:47:41,134983;9,361576E-1;1,324701E-1;1,347919E-1;9,469458E-1;;
30/11/2021  14:47:41,135083;9,362559E-1;7,353284E-2;7,918786E-2;9,467798E-1;;
30/11/2021  14:47:41,135183;9,358148E-1;1,178155E-1;9,530039E-2;9,466028E-1;;
30/11/2021  14:47:41,135283;9,356718E-1;1,311958E-1;1,341600E-1;9,464151E-1;;
30/11/2021  14:47:41,135383;9,354930E-1;1,273729E-1;1,145722E-1;9,462167E-1;;
30/11/2021  14:47:41,135483;9,345512E-1;1,053908E-1;7,508074E-2;9,460079E-1;;
30/11/2021  14:47:41,135583;9,335647E-1;1,171783E-1;1,180475E-1;9,457888E-1;;
30/11/2021  14:47:41,135683;9,334276E-1;1,458505E-1;1,512204E-1;9,455596E-1;;
30/11/2021  14:47:41,135783;9,335141E-1;1,053908E-1;1,066739E-1;9,453203E-1;;
30/11/2021  14:47:41,135883;9,334723E-1;1,362931E-1;1,328963E-1;9,450712E-1;;
30/11/2021  14:47:41,135983;9,325931E-1;1,245056E-1;1,268936E-1;9,448124E-1;;
30/11/2021  14:47:41,136083;9,319047E-1;1,433019E-1;1,578549E-1;9,445442E-1;;
30/11/2021  14:47:41,136183;9,306768E-1;1,162226E-1;1,300529E-1;9,442669E-1;;
30/11/2021  14:47:41,136283;9,303281E-1;1,289658E-1;1,227865E-1;9,439804E-1;;
30/11/2021  14:47:41,136383;9,299824E-1;1,270543E-1;1,287892E-1;9,436849E-1;;
30/11/2021  14:47:41,136483;9,288290E-1;1,264171E-1;1,306848E-1;9,433805E-1;;
30/11/2021  14:47:41,136583;9,286919E-1;1,174969E-1;1,044624E-1;9,430671E-1;;
30/11/2021  14:47:41,136683;9,278634E-1;1,331073E-1;1,294210E-1;9,427447E-1;;
30/11/2021  14:47:41,136783;9,270319E-1;1,350188E-1;1,287892E-1;9,424134E-1;;
30/11/2021  14:47:41,136883;9,261855E-1;1,350188E-1;1,227865E-1;9,420732E-1;;
30/11/2021  14:47:41,136983;9,256192E-1;1,079395E-1;9,656411E-2;9,417240E-1;;
30/11/2021  14:47:41,137083;9,257116E-1;1,022050E-1;1,126766E-1;9,413657E-1;;
30/11/2021  14:47:41,137183;9,253361E-1;7,799296E-2;1,278414E-1;9,409984E-1;;
30/11/2021  14:47:41,137283;9,252705E-1;1,353374E-1;1,430061E-1;9,406223E-1;;
30/11/2021  14:47:41,137383;9,253212E-1;1,238685E-1;1,388990E-1;9,402375E-1;;
30/11/2021  14:47:41,137483;9,245672E-1;9,838208E-2;8,203124E-2;9,398444E-1;;
30/11/2021  14:47:41,137583;9,251811E-1;1,178155E-1;1,790224E-1;9,394433E-1;;
30/11/2021  14:47:41,137683;9,250172E-1;1,190898E-1;1,265777E-1;9,390348E-1;;
30/11/2021  14:47:41,137783;9,255239E-1;1,225942E-1;1,294210E-1;9,386195E-1;;
30/11/2021  14:47:41,137883;9,261199E-1;1,123996E-1;1,180475E-1;9,381981E-1;;
30/11/2021  14:47:41,137983;9,265610E-1;1,114439E-1;1,284732E-1;9,377716E-1;;
30/11/2021  14:47:41,138083;9,259709E-1;1,362931E-1;1,430061E-1;9,373409E-1;;
30/11/2021  14:47:41,138183;9,259143E-1;1,152668E-1;1,221546E-1;9,369071E-1;;
30/11/2021  14:47:41,138283;9,258189E-1;1,101695E-1;1,170997E-1;9,364711E-1;;
30/11/2021  14:47:41,138383;9,261110E-1;1,130368E-1;1,205749E-1;9,360341E-1;;
30/11/2021  14:47:41,138483;9,266713E-1;1,165411E-1;1,183634E-1;9,355969E-1;;
30/11/2021  14:47:41,138583;9,267994E-1;9,806350E-2;1,243661E-1;9,351605E-1;;
30/11/2021  14:47:41,138683;9,266504E-1;8,691320E-2;9,624818E-2;9,347263E-1;;
30/11/2021  14:47:41,138783;9,264150E-1;2,086108E-1;2,368379E-1;9,342950E-1;;
30/11/2021  14:47:41,138883;9,265253E-1;8,965980E-4;2,732311E-3;9,338678E-1;;
30/11/2021  14:47:41,138983;9,266385E-1;9,498258E-3;1,063061E-2;9,334456E-1;;
30/11/2021  14:47:41,139083;9,275982E-1;7,905358E-3;9,682815E-3;9,330293E-1;;
30/11/2021  14:47:41,139183;9,277680E-1;1,140974E-2;1,315807E-2;9,326199E-1;;
30/11/2021  14:47:41,139283;9,278157E-1;1,204690E-2;1,252620E-2;9,322183E-1;;
30/11/2021  14:47:41,139383;9,284505E-1;1,268406E-2;1,442179E-2;9,318256E-1;;
30/11/2021  14:47:41,139483;9,288827E-1;1,109116E-2;1,315807E-2;9,314427E-1;;
30/11/2021  14:47:41,139583;9,288022E-1;9,498258E-3;1,063061E-2;9,310706E-1;;
30/11/2021  14:47:41,139683;9,294996E-1;3,126658E-3;5,259767E-3;9,307102E-1;;
30/11/2021  14:47:41,139783;9,305218E-1;4,082398E-3;6,207563E-3;9,303624E-1;;
30/11/2021  14:47:41,139883;9,316305E-1;1,215178E-3;3,680107E-3;9,300283E-1;;
30/11/2021  14:47:41,139983;9,320865E-1;8,965980E-4;3,364175E-3;9,297088E-1;;
30/11/2021  14:47:41,140083;9,323130E-1;1,215178E-3;3,680107E-3;9,294051E-1;;
30/11/2021  14:47:41,140183;9,317944E-1;1,852338E-3;3,364175E-3;9,291182E-1;;
30/11/2021  14:47:41,140283;9,320150E-1;6,312458E-3;7,787223E-3;9,288487E-1;;
30/11/2021  14:47:41,140383;9,330938E-1;6,949618E-3;9,366883E-3;9,285975E-1;;
30/11/2021  14:47:41,140483;9,342830E-1;1,852338E-3;3,996039E-3;9,283650E-1;;
30/11/2021  14:47:41,140583;9,346436E-1;1,533758E-3;3,680107E-3;9,281521E-1;;
30/11/2021  14:47:41,140683;9,348880E-1;2,808078E-3;4,943835E-3;9,279595E-1;;
30/11/2021  14:47:41,140783;9,352188E-1;6,949618E-3;9,366883E-3;9,277876E-1;;
30/11/2021  14:47:41,140883;9,355436E-1;1,533758E-3;4,311971E-3;9,276371E-1;;
30/11/2021  14:47:41,140983;9,358715E-1;1,852338E-3;3,680107E-3;9,275082E-1;;
30/11/2021  14:47:41,141083;9,361039E-1;1,533758E-3;3,364175E-3;9,274014E-1;;
30/11/2021  14:47:41,141183;9,375702E-1;8,965980E-4;3,680107E-3;9,273167E-1;;
30/11/2021  14:47:41,141283;9,377669E-1;8,965980E-4;3,364175E-3;9,272545E-1;;
30/11/2021  14:47:41,141383;9,380322E-1;5,780180E-4;3,680107E-3;9,272149E-1;;
30/11/2021  14:47:41,141483;9,379279E-1;1,533758E-3;3,048243E-3;9,271980E-1;;
30/11/2021  14:47:41,141583;9,374361E-1;8,965980E-4;3,364175E-3;9,272038E-1;;
30/11/2021  14:47:41,141683;9,379160E-1;1,533758E-3;3,048243E-3;9,272319E-1;;
30/11/2021  14:47:41,141783;9,380829E-1;5,780180E-4;3,680107E-3;9,272821E-1;;
30/11/2021  14:47:41,141883;9,386163E-1;1,215178E-3;3,048243E-3;9,273538E-1;;
30/11/2021  14:47:41,141983;9,393614E-1;1,215178E-3;3,048243E-3;9,274466E-1;;
30/11/2021  14:47:41,142083;9,397399E-1;1,215178E-3;3,364175E-3;9,275599E-1;;
30/11/2021  14:47:41,142183;9,392929E-1;1,215178E-3;3,680107E-3;9,276933E-1;;
30/11/2021  14:47:41,142283;9,398561E-1;2,489498E-3;4,627903E-3;9,278462E-1;;
30/11/2021  14:47:41,142383;9,395253E-1;1,215178E-3;3,996039E-3;9,280179E-1;;
30/11/2021  14:47:41,142483;9,404880E-1;1,077258E-2;1,315807E-2;9,282076E-1;;
30/11/2021  14:47:41,142583;9,411943E-1;1,618844E-2;1,726518E-2;9,284147E-1;;
30/11/2021  14:47:41,142683;9,412986E-1;1,491412E-2;2,010857E-2;9,286385E-1;;
30/11/2021  14:47:41,142783;9,405565E-1;1,491412E-2;1,568552E-2;9,288782E-1;;
30/11/2021  14:47:41,142883;9,399694E-1;1,618844E-2;1,789705E-2;9,291330E-1;;
30/11/2021  14:47:41,142983;9,393793E-1;1,714418E-2;1,789705E-2;9,294018E-1;;
30/11/2021  14:47:41,143083;9,397667E-1;1,618844E-2;1,758111E-2;9,296835E-1;;
30/11/2021  14:47:41,143183;9,397488E-1;1,523270E-2;1,726518E-2;9,299768E-1;;
30/11/2021  14:47:41,143283;9,401363E-1;1,586986E-2;2,200416E-2;9,302805E-1;;
30/11/2021  14:47:41,143383;9,399068E-1;2,606442E-2;3,906449E-2;9,305933E-1;;
30/11/2021  14:47:41,143483;9,388905E-1;1,586986E-2;2,010857E-2;9,309141E-1;;
30/11/2021  14:47:41,143583;9,393882E-1;3,243602E-2;5,486109E-2;9,312416E-1;;
30/11/2021  14:47:41,143683;9,383541E-1;1,276914E-1;1,297370E-1;9,315744E-1;;
30/11/2021  14:47:41,143783;9,392213E-1;8,213450E-2;8,866581E-2;9,319112E-1;;
30/11/2021  14:47:41,143883;9,398025E-1;1,257800E-1;1,297370E-1;9,322508E-1;;
30/11/2021  14:47:41,143983;9,406727E-1;1,111253E-1;9,814378E-2;9,325919E-1;;
30/11/2021  14:47:41,144083;9,403419E-1;1,276914E-1;1,196272E-1;9,329337E-1;;
30/11/2021  14:47:41,144183;9,406966E-1;8,149734E-2;9,688005E-2;9,332754E-1;;
30/11/2021  14:47:41,144283;9,408098E-1;1,359745E-1;1,322644E-1;9,336161E-1;;
30/11/2021  14:47:41,144383;9,410632E-1;1,423461E-1;1,537478E-1;9,339552E-1;;
30/11/2021  14:47:41,144483;9,413999E-1;1,095324E-1;1,265777E-1;9,342920E-1;;
30/11/2021  14:47:41,144583;9,421510E-1;8,946184E-2;1,047783E-1;9,346260E-1;;
30/11/2021  14:47:41,144683;9,420407E-1;8,978042E-2;8,297904E-2;9,349567E-1;;
30/11/2021  14:47:41,144783;9,420139E-1;-2,490838E-2;5,928414E-2;9,352837E-1;;
30/11/2021  14:47:41,144883;9,421092E-1;1,057094E-1;1,161519E-1;9,356066E-1;;
30/11/2021  14:47:41,144983;9,415638E-1;1,636910E-1;1,749153E-1;9,359251E-1;;
30/11/2021  14:47:41,145083;9,413671E-1;1,315144E-1;1,354238E-1;9,362387E-1;;
30/11/2021  14:47:41,145183;9,417516E-1;1,410718E-1;1,363715E-1;9,365470E-1;;
30/11/2021  14:47:41,145283;9,424013E-1;1,308772E-1;1,246821E-1;9,368495E-1;;
30/11/2021  14:47:41,145383;9,422702E-1;1,327887E-1;1,335282E-1;9,371459E-1;;
30/11/2021  14:47:41,145483;9,416234E-1;1,264171E-1;1,272095E-1;9,374360E-1;;
30/11/2021  14:47:41,145583;9,417099E-1;2,025577E-1;1,828136E-1;9,377193E-1;;
30/11/2021  14:47:41,145683;9,424639E-1;9,838208E-2;1,259458E-1;9,379957E-1;;
30/11/2021  14:47:41,145783;9,425354E-1;1,187712E-1;1,246821E-1;9,382648E-1;;
30/11/2021  14:47:41,145883;9,436203E-1;1,315144E-1;1,275255E-1;9,385266E-1;;
30/11/2021  14:47:41,145983;9,437097E-1;1,245056E-1;1,129926E-1;9,387811E-1;;
30/11/2021  14:47:41,146083;9,444488E-1;7,417000E-2;5,928414E-2;9,390284E-1;;
30/11/2021  14:47:41,146183;9,441269E-1;1,194084E-1;9,561632E-2;9,392687E-1;;
30/11/2021  14:47:41,146283;9,447498E-1;-4,880188E-2;-1,906700E-2;9,395022E-1;;
30/11/2021  14:47:41,146383;9,448362E-1;1,433019E-1;1,430061E-1;9,397292E-1;;
30/11/2021  14:47:41,146483;9,454025E-1;1,483991E-1;1,588027E-1;9,399501E-1;;
30/11/2021  14:47:41,146583;9,463085E-1;4,963934E-2;1,155200E-1;9,401651E-1;;
30/11/2021  14:47:41,146683;9,468151E-1;1,251428E-1;1,218387E-1;9,403746E-1;;
30/11/2021  14:47:41,146783;9,466810E-1;1,289658E-1;1,417424E-1;9,405793E-1;;
30/11/2021  14:47:41,146883;9,467555E-1;4,231200E-2;7,255328E-2;9,407796E-1;;
30/11/2021  14:47:41,146983;9,461773E-1;7,958586E-2;9,940750E-2;9,409760E-1;;
30/11/2021  14:47:41,147083;9,466184E-1;1,257800E-1;1,297370E-1;9,411687E-1;;
30/11/2021  14:47:41,147183;9,473069E-1;1,267357E-1;1,325804E-1;9,413581E-1;;
30/11/2021  14:47:41,147283;9,478404E-1;1,248242E-1;1,028828E-1;9,415444E-1;;
30/11/2021  14:47:41,147383;9,477360E-1;1,503106E-1;1,455336E-1;9,417281E-1;;
30/11/2021  14:47:41,147483;9,473426E-1;1,493549E-1;1,259458E-1;9,419095E-1;;
30/11/2021  14:47:41,147583;9,469850E-1;8,404598E-2;8,866581E-2;9,420889E-1;;
30/11/2021  14:47:41,147683;9,473754E-1;-4,200682E-3;5,201770E-2;9,422663E-1;;
30/11/2021  14:47:41,147783;9,471489E-1;1,117624E-1;1,262617E-1;9,424419E-1;;
30/11/2021  14:47:41,147883;9,471430E-1;7,130278E-2;7,981972E-2;9,426158E-1;;
30/11/2021  14:47:41,147983;9,476496E-1;9,487770E-2;9,561632E-2;9,427879E-1;;
30/11/2021  14:47:41,148083;9,470625E-1;9,519628E-2;8,929768E-2;9,429582E-1;;
30/11/2021  14:47:41,148183;9,461863E-1;1,178155E-1;1,480610E-1;9,431267E-1;;
30/11/2021  14:47:41,148283;9,455187E-1;9,742634E-2;1,278414E-1;9,432932E-1;;
30/11/2021  14:47:41,148383;9,450121E-1;9,424054E-2;1,050943E-1;9,434574E-1;;
30/11/2021  14:47:41,148483;9,448601E-1;9,901924E-2;1,057261E-1;9,436187E-1;;
30/11/2021  14:47:41,148583;9,444875E-1;9,519628E-2;1,028828E-1;9,437765E-1;;
30/11/2021  14:47:41,148683;9,446723E-1;5,664810E-2;6,497092E-2;9,439305E-1;;
30/11/2021  14:47:41,148783;9,437931E-1;8,404598E-2;9,182514E-2;9,440800E-1;;
30/11/2021  14:47:41,148883;9,435159E-1;9,009900E-2;9,498445E-2;9,442245E-1;;
30/11/2021  14:47:41,148983;9,427709E-1;6,620550E-2;5,833634E-2;9,443635E-1;;
30/11/2021  14:47:41,149083;9,417665E-1;4,868360E-2;5,012211E-2;9,444962E-1;;
30/11/2021  14:47:41,149183;9,420288E-1;2,670158E-2;3,116619E-2;9,446219E-1;;
30/11/2021  14:47:41,149283;9,412271E-1;1,031608E-1;1,136244E-1;9,447399E-1;;
30/11/2021  14:47:41,149383;9,412450E-1;1,085766E-1;1,227865E-1;9,448495E-1;;
30/11/2021  14:47:41,149483;9,402883E-1;1,302401E-1;1,398468E-1;9,449502E-1;;
30/11/2021  14:47:41,149583;9,391558E-1;1,069837E-1;7,729226E-2;9,450410E-1;;
30/11/2021  14:47:41,149683;9,377222E-1;1,751599E-1;1,452176E-1;9,451215E-1;;
30/11/2021  14:47:41,149783;9,376865E-1;1,471248E-1;1,278414E-1;9,451905E-1;;
30/11/2021  14:47:41,149883;9,368132E-1;1,627352E-1;1,373193E-1;9,452473E-1;;
30/11/2021  14:47:41,149983;9,368103E-1;1,547707E-1;1,388990E-1;9,452910E-1;;
30/11/2021  14:47:41,150083;9,364288E-1;1,404346E-1;1,398468E-1;9,453209E-1;;
30/11/2021  14:47:41,150183;9,351353E-1;1,299215E-1;1,161519E-1;9,453363E-1;;
30/11/2021  14:47:41,150283;9,340863E-1;1,245056E-1;1,246821E-1;9,453366E-1;;
30/11/2021  14:47:41,150383;9,338598E-1;1,210013E-1;1,107811E-1;9,453211E-1;;
30/11/2021  14:47:41,150483;9,339790E-1;1,248242E-1;1,158360E-1;9,452892E-1;;
30/11/2021  14:47:41,150583;9,339700E-1;1,162226E-1;1,180475E-1;9,452403E-1;;
30/11/2021  14:47:41,150683;9,339015E-1;6,524976E-2;8,203124E-2;9,451743E-1;;
30/11/2021  14:47:41,150783;9,340684E-1;1,117624E-1;1,155200E-1;9,450909E-1;;
30/11/2021  14:47:41,150883;9,336988E-1;1,174969E-1;1,208909E-1;9,449903E-1;;
30/11/2021  14:47:41,150983;9,329359E-1;1,162226E-1;1,186794E-1;9,448727E-1;;
30/11/2021  14:47:41,151083;9,333263E-1;5,409946E-2;6,181159E-2;9,447381E-1;;
30/11/2021  14:47:41,151183;9,332101E-1;1,273729E-1;1,265777E-1;9,445870E-1;;
30/11/2021  14:47:41,151283;9,341548E-1;1,222756E-1;1,234183E-1;9,444197E-1;;
30/11/2021  14:47:41,151383;9,337614E-1;1,222756E-1;1,167838E-1;9,442369E-1;;
30/11/2021  14:47:41,151483;9,336750E-1;1,292843E-1;1,357397E-1;9,440393E-1;;
30/11/2021  14:47:41,151583;9,333859E-1;1,238685E-1;1,249980E-1;9,438277E-1;;
30/11/2021  14:47:41,151683;9,328673E-1;1,254614E-1;1,278414E-1;9,436028E-1;;
30/11/2021  14:47:41,151783;9,329120E-1;1,273729E-1;1,256299E-1;9,433655E-1;;
30/11/2021  14:47:41,151883;9,328971E-1;2,542726E-2;3,242992E-2;9,431166E-1;;
30/11/2021  14:47:41,151983;9,343575E-1;1,012493E-1;7,950379E-2;9,428568E-1;;
30/11/2021  14:47:41,152083;9,343754E-1;1,098510E-1;1,066739E-1;9,425872E-1;;
30/11/2021  14:47:41,152183;9,340416E-1;1,165411E-1;1,076217E-1;9,423090E-1;;
30/11/2021  14:47:41,152283;9,338985E-1;1,229127E-1;1,107811E-1;9,420234E-1;;
30/11/2021  14:47:41,152383;9,334366E-1;1,200455E-1;1,319485E-1;9,417313E-1;;
30/11/2021  14:47:41,152483;9,344886E-1;1,455319E-1;1,584868E-1;9,414339E-1;;
30/11/2021  14:47:41,152583;9,351473E-1;1,742041E-1;1,594346E-1;9,411322E-1;;
30/11/2021  14:47:41,152683;9,363155E-1;1,232313E-1;1,243661E-1;9,408275E-1;;
30/11/2021  14:47:41,152783;9,370964E-1;1,136739E-1;1,644895E-1;9,405212E-1;;
30/11/2021  14:47:41,152883;9,368460E-1;1,248242E-1;1,294210E-1;9,402148E-1;;
30/11/2021  14:47:41,152983;9,367268E-1;1,254614E-1;1,287892E-1;9,399097E-1;;
30/11/2021  14:47:41,153083;9,373914E-1;1,260985E-1;1,287892E-1;9,396073E-1;;
30/11/2021  14:47:41,153183;9,379249E-1;1,264171E-1;1,300529E-1;9,393090E-1;;
30/11/2021  14:47:41,153283;9,392392E-1;1,267357E-1;1,268936E-1;9,390160E-1;;
30/11/2021  14:47:41,153383;9,395819E-1;1,321516E-1;1,281573E-1;9,387298E-1;;
30/11/2021  14:47:41,153483;9,402376E-1;1,181340E-1;1,060421E-1;9,384517E-1;;
30/11/2021  14:47:41,153583;9,395998E-1;1,165411E-1;1,262617E-1;9,381833E-1;;
30/11/2021  14:47:41,153683;9,391915E-1;1,276914E-1;1,050943E-1;9,379256E-1;;
30/11/2021  14:47:41,153783;9,392809E-1;8,086018E-2;7,444887E-2;9,376797E-1;;
30/11/2021  14:47:41,153883;9,396505E-1;1,210013E-1;1,114129E-1;9,374463E-1;;
30/11/2021  14:47:41,153983;9,401393E-1;2,808078E-3;5,865227E-2;9,372261E-1;;
30/11/2021  14:47:41,154083;9,399306E-1;1,528593E-1;1,730197E-1;9,370199E-1;;
30/11/2021  14:47:41,154183;9,398859E-1;1,369303E-1;1,047783E-1;9,368281E-1;;
30/11/2021  14:47:41,154283;9,396416E-1;1,311958E-1;1,275255E-1;9,366511E-1;;
30/11/2021  14:47:41,154383;9,387236E-1;1,302401E-1;1,297370E-1;9,364893E-1;;
30/11/2021  14:47:41,154483;9,393405E-1;1,340630E-1;1,366875E-1;9,363426E-1;;
30/11/2021  14:47:41,154583;9,389531E-1;-1,981110E-2;9,024547E-2;9,362109E-1;;
30/11/2021  14:47:41,154683;9,391349E-1;1,286472E-1;1,205749E-1;9,360942E-1;;
30/11/2021  14:47:41,154783;9,388249E-1;1,401161E-1;1,543797E-1;9,359923E-1;;
30/11/2021  14:47:41,154883;9,386431E-1;1,324701E-1;1,328963E-1;9,359047E-1;;
30/11/2021  14:47:41,154983;9,382498E-1;1,337445E-1;1,294210E-1;9,358311E-1;;
30/11/2021  14:47:41,155083;9,381633E-1;1,133553E-1;1,152041E-1;9,357710E-1;;
30/11/2021  14:47:41,155183;9,379666E-1;1,267357E-1;1,199431E-1;9,357238E-1;;
30/11/2021  14:47:41,155283;9,381067E-1;1,203641E-1;1,120448E-1;9,356889E-1;;
30/11/2021  14:47:41,155383;9,387057E-1;1,541336E-1;1,840773E-1;9,356656E-1;;
30/11/2021  14:47:41,155483;9,388458E-1;1,248242E-1;1,076217E-1;9,356534E-1;;
30/11/2021  14:47:41,155583;9,383809E-1;1,417090E-1;1,512204E-1;9,356519E-1;;
30/11/2021  14:47:41,155683;9,386879E-1;1,413904E-1;1,512204E-1;9,356603E-1;;
30/11/2021  14:47:41,155783;9,389352E-1;1,206827E-1;1,205749E-1;9,356782E-1;;
30/11/2021  14:47:41,155883;9,394568E-1;1,235499E-1;1,275255E-1;9,357051E-1;;
30/11/2021  14:47:41,155983;9,401750E-1;1,296029E-1;1,366875E-1;9,357405E-1;;
30/11/2021  14:47:41,156083;9,400707E-1;8,213450E-2;6,844617E-2;9,357841E-1;;
30/11/2021  14:47:41,156183;9,406847E-1;1,165411E-1;1,076217E-1;9,358356E-1;;
30/11/2021  14:47:41,156283;9,399575E-1;1,292843E-1;1,306848E-1;9,358947E-1;;
30/11/2021  14:47:41,156383;9,397906E-1;1,375674E-1;1,325804E-1;9,359612E-1;;
30/11/2021  14:47:41,156483;9,397310E-1;2,328228E-1;2,185139E-1;9,360346E-1;;
30/11/2021  14:47:41,156583;9,402972E-1;1,206827E-1;1,319485E-1;9,361144E-1;;
30/11/2021  14:47:41,156683;9,408843E-1;1,012493E-1;1,092014E-1;9,362003E-1;;
30/11/2021  14:47:41,156783;9,405178E-1;-6,112162E-3;6,528685E-2;9,362918E-1;;
30/11/2021  14:47:41,156883;9,417546E-1;7,417000E-2;1,013031E-1;9,363888E-1;;
30/11/2021  14:47:41,156983;9,411526E-1;1,063466E-1;1,366875E-1;9,364909E-1;;
30/11/2021  14:47:41,157083;9,410781E-1;1,910889E-1;2,482115E-1;9,365979E-1;;
30/11/2021  14:47:41,157183;9,420377E-1;1,375674E-1;1,385831E-1;9,367095E-1;;
30/11/2021  14:47:41,157283;9,429348E-1;1,362931E-1;1,366875E-1;9,368256E-1;;
30/11/2021  14:47:41,157383;9,434325E-1;1,391603E-1;1,373193E-1;9,369461E-1;;
30/11/2021  14:47:41,157483;9,443683E-1;1,448948E-1;1,382671E-1;9,370710E-1;;
30/11/2021  14:47:41,157583;9,444994E-1;1,448948E-1;1,442698E-1;9,372005E-1;;
30/11/2021  14:47:41,157683;9,442104E-1;1,490363E-1;1,430061E-1;9,373347E-1;;
30/11/2021  14:47:41,157783;9,443087E-1;1,461691E-1;1,445858E-1;9,374738E-1;;
30/11/2021  14:47:41,157883;9,449852E-1;1,391603E-1;1,404787E-1;9,376177E-1;;
30/11/2021  14:47:41,157983;9,451372E-1;1,362931E-1;1,300529E-1;9,377665E-1;;
30/11/2021  14:47:41,158083;9,459181E-1;-3,924448E-2;3,780076E-2;9,379203E-1;;
30/11/2021  14:47:41,158183;9,466572E-1;1,178155E-1;1,180475E-1;9,380790E-1;;
30/11/2021  14:47:41,158283;9,460730E-1;9,838208E-2;1,177316E-1;9,382429E-1;;
30/11/2021  14:47:41,158383;9,463442E-1;8,277166E-2;1,129926E-1;9,384120E-1;;
30/11/2021  14:47:41,158483;9,454949E-1;1,719741E-1;1,679647E-1;9,385862E-1;;
30/11/2021  14:47:41,158583;9,460879E-1;1,210013E-1;1,300529E-1;9,387655E-1;;
30/11/2021  14:47:41,158683;9,471102E-1;1,496735E-1;1,654373E-1;9,389496E-1;;
30/11/2021  14:47:41,158783;9,477778E-1;1,222756E-1;1,221546E-1;9,391383E-1;;
30/11/2021  14:47:41,158883;9,475632E-1;1,077258E-2;1,600145E-2;9,393317E-1;;
30/11/2021  14:47:41,158983;9,472860E-1;3,763818E-3;5,259767E-3;9,395296E-1;;
30/11/2021  14:47:41,159083;9,473456E-1;6,312458E-3;7,787223E-3;9,397321E-1;;
30/11/2021  14:47:41,159183;9,472383E-1;1,533758E-3;4,627903E-3;9,399387E-1;;
30/11/2021  14:47:41,159283;9,473814E-1;1,852338E-3;3,364175E-3;9,401493E-1;;
30/11/2021  14:47:41,159383;9,479447E-1;2,489498E-3;4,311971E-3;9,403635E-1;;
30/11/2021  14:47:41,159483;9,483619E-1;7,586778E-3;8,735019E-3;9,405811E-1;;
30/11/2021  14:47:41,159583;9,480490E-1;7,268198E-3;9,050951E-3;9,408017E-1;;
30/11/2021  14:47:41,159683;9,478046E-1;7,905358E-3;8,735019E-3;9,410252E-1;;
30/11/2021  14:47:41,159783;9,472830E-1;1,077258E-2;1,189434E-2;9,412511E-1;;
30/11/2021  14:47:41,159883;9,472145E-1;1,332122E-2;1,410586E-2;9,414791E-1;;
30/11/2021  14:47:41,159983;9,474708E-1;7,268198E-3;8,735019E-3;9,417085E-1;;
30/11/2021  14:47:41,160083;9,477092E-1;6,631038E-3;8,103155E-3;9,419388E-1;;
30/11/2021  14:47:41,160183;9,469254E-1;5,356718E-3;6,523495E-3;9,421696E-1;;
30/11/2021  14:47:41,160283;9,458912E-1;5,356718E-3;7,155359E-3;9,424002E-1;;
30/11/2021  14:47:41,160383;9,455515E-1;8,542518E-3;1,063061E-2;9,426300E-1;;
30/11/2021  14:47:41,160483;9,445799E-1;1,215178E-3;3,680107E-3;9,428580E-1;;
30/11/2021  14:47:41,160583;9,450240E-1;1,852338E-3;3,680107E-3;9,430834E-1;;
30/11/2021  14:47:41,160683;9,444160E-1;5,780180E-4;3,048243E-3;9,433053E-1;;
30/11/2021  14:47:41,160783;9,445382E-1;4,719558E-3;5,891631E-3;9,435227E-1;;
30/11/2021  14:47:41,160883;9,441776E-1;1,215178E-3;3,680107E-3;9,437348E-1;;
30/11/2021  14:47:41,160983;9,429199E-1;1,215178E-3;2,732311E-3;9,439409E-1;;
30/11/2021  14:47:41,161083;9,425533E-1;8,965980E-4;3,048243E-3;9,441399E-1;;
30/11/2021  14:47:41,161183;9,420079E-1;3,445238E-3;4,943835E-3;9,443311E-1;;
30/11/2021  14:47:41,161283;9,421003E-1;1,533758E-3;3,680107E-3;9,445134E-1;;
30/11/2021  14:47:41,161383;9,421510E-1;2,170918E-3;3,364175E-3;9,446860E-1;;
30/11/2021  14:47:41,161483;9,425563E-1;1,215178E-3;3,048243E-3;9,448483E-1;;
30/11/2021  14:47:41,161583;9,421986E-1;1,215178E-3;3,680107E-3;9,449996E-1;;
30/11/2021  14:47:41,161683;9,418559E-1;1,533758E-3;3,364175E-3;9,451395E-1;;
30/11/2021  14:47:41,161783;9,413314E-1;1,215178E-3;3,364175E-3;9,452677E-1;;
30/11/2021  14:47:41,161883;9,412122E-1;8,965980E-4;3,364175E-3;9,453836E-1;;
30/11/2021  14:47:41,161983;9,410602E-1;8,965980E-4;3,364175E-3;9,454870E-1;;
30/11/2021  14:47:41,162083;9,417397E-1;8,965980E-4;3,364175E-3;9,455776E-1;;
30/11/2021  14:47:41,162183;9,415817E-1;8,965980E-4;3,364175E-3;9,456553E-1;;
30/11/2021  14:47:41,162283;9,421301E-1;2,170918E-3;4,311971E-3;9,457201E-1;;
30/11/2021  14:47:41,162383;9,418738E-1;2,808078E-3;3,996039E-3;9,457721E-1;;
30/11/2021  14:47:41,162483;9,420854E-1;4,082398E-3;5,575699E-3;9,458116E-1;;
30/11/2021  14:47:41,162583;9,418500E-1;1,363980E-2;1,600145E-2;9,458389E-1;;
30/11/2021  14:47:41,162683;9,424818E-1;1,555128E-2;1,663332E-2;9,458543E-1;;
30/11/2021  14:47:41,162783;9,427858E-1;1,618844E-2;2,042450E-2;9,458582E-1;;
30/11/2021  14:47:41,162883;9,430093E-1;7,586778E-3;9,998747E-3;9,458514E-1;;
30/11/2021  14:47:41,162983;9,429556E-1;1,555128E-2;1,789705E-2;9,458342E-1;;
30/11/2021  14:47:41,163083;9,427381E-1;1,523270E-2;1,916077E-2;9,458075E-1;;
30/11/2021  14:47:41,163183;9,420109E-1;2,128572E-2;2,042450E-2;9,457719E-1;;
30/11/2021  14:47:41,163283;9,415996E-1;1,491412E-2;1,726518E-2;9,457278E-1;;
30/11/2021  14:47:41,163383;9,424013E-1;1,491412E-2;1,758111E-2;9,456757E-1;;
30/11/2021  14:47:41,163483;9,422344E-1;1,203641E-1;1,148882E-1;9,456161E-1;;
30/11/2021  14:47:41,163583;9,420765E-1;6,174538E-2;7,792413E-2;9,455495E-1;;
30/11/2021  14:47:41,163683;9,413999E-1;3,721472E-2;4,917431E-2;9,454764E-1;;
30/11/2021  14:47:41,163783;9,415251E-1;1,340630E-1;1,341600E-1;9,453973E-1;;
30/11/2021  14:47:41,163883;9,416056E-1;2,988738E-2;4,759465E-2;9,453125E-1;;
30/11/2021  14:47:41,163983;9,416354E-1;3,817046E-2;3,780076E-2;9,452225E-1;;
30/11/2021  14:47:41,164083;9,423804E-1;5,919674E-2;4,159195E-2;9,451277E-1;;
30/11/2021  14:47:41,164183;9,427887E-1;8,086018E-2;9,561632E-2;9,450286E-1;;
30/11/2021  14:47:41,164283;9,430152E-1;5,091366E-2;8,108345E-2;9,449260E-1;;
30/11/2021  14:47:41,164383;9,425295E-1;1,222756E-1;1,107811E-1;9,448204E-1;;
30/11/2021  14:47:41,164483;9,421837E-1;1,203641E-1;1,363715E-1;9,447125E-1;;
30/11/2021  14:47:41,164583;9,417516E-1;1,327887E-1;1,322644E-1;9,446028E-1;;
30/11/2021  14:47:41,164683;9,422046E-1;1,589123E-1;1,610142E-1;9,444918E-1;;
30/11/2021  14:47:41,164783;9,421659E-1;1,334259E-1;1,294210E-1;9,443797E-1;;
30/11/2021  14:47:41,164883;9,419781E-1;2,594380E-4;5,012211E-2;9,442672E-1;;
30/11/2021  14:47:41,164983;9,418857E-1;1,267357E-1;1,512204E-1;9,441544E-1;;
30/11/2021  14:47:41,165083;9,410900E-1;1,238685E-1;1,145722E-1;9,440417E-1;;
30/11/2021  14:47:41,165183;9,406280E-1;1,238685E-1;1,231024E-1;9,439293E-1;;
30/11/2021  14:47:41,165283;9,403538E-1;1,149482E-1;1,193112E-1;9,438174E-1;;
30/11/2021  14:47:41,165383;9,400558E-1;1,289658E-1;1,303688E-1;9,437058E-1;;
30/11/2021  14:47:41,165483;9,405029E-1;1,299215E-1;1,265777E-1;9,435947E-1;;
30/11/2021  14:47:41,165583;9,399396E-1;1,149482E-1;1,158360E-1;9,434838E-1;;
30/11/2021  14:47:41,165683;9,397280E-1;1,334259E-1;1,300529E-1;9,433734E-1;;
30/11/2021  14:47:41,165783;9,387922E-1;9,933782E-2;9,719598E-2;9,432632E-1;;
30/11/2021  14:47:41,165883;9,379815E-1;1,305587E-1;1,420583E-1;9,431531E-1;;
30/11/2021  14:47:41,165983;9,381216E-1;1,397975E-1;1,594346E-1;9,430428E-1;;
30/11/2021  14:47:41,166083;9,377044E-1;6,811698E-2;6,307532E-2;9,429320E-1;;
30/11/2021  14:47:41,166183;9,375643E-1;1,260985E-1;1,246821E-1;9,428204E-1;;
30/11/2021  14:47:41,166283;9,370666E-1;1,343816E-1;1,546956E-1;9,427076E-1;;
30/11/2021  14:47:41,166383;9,367149E-1;1,235499E-1;1,284732E-1;9,425935E-1;;
30/11/2021  14:47:41,166483;9,361337E-1;1,324701E-1;1,328963E-1;9,424775E-1;;
30/11/2021  14:47:41,166583;9,350340E-1;1,334259E-1;1,322644E-1;9,423595E-1;;
30/11/2021  14:47:41,166683;9,355496E-1;1,331073E-1;1,360556E-1;9,422388E-1;;
30/11/2021  14:47:41,166783;9,362529E-1;1,210013E-1;1,098333E-1;9,421152E-1;;
30/11/2021  14:47:41,166883;9,358148E-1;1,659210E-1;1,806020E-1;9,419885E-1;;
30/11/2021  14:47:41,166983;9,355168E-1;1,493549E-1;1,297370E-1;9,418584E-1;;
30/11/2021  14:47:41,167083;9,353678E-1;1,066652E-1;1,126766E-1;9,417249E-1;;
30/11/2021  14:47:41,167183;9,342055E-1;9,901924E-2;8,297904E-2;9,415880E-1;;
30/11/2021  14:47:41,167283;9,345572E-1;8,882468E-2;7,602853E-2;9,414473E-1;;
30/11/2021  14:47:41,167383;9,349059E-1;9,774492E-2;9,372073E-2;9,413029E-1;;
30/11/2021  14:47:41,167483;9,351264E-1;1,468062E-1;1,502726E-1;9,411546E-1;;
30/11/2021  14:47:41,167583;9,354870E-1;1,283286E-1;1,461654E-1;9,410026E-1;;
30/11/2021  14:47:41,167683;9,348373E-1;1,356559E-1;1,556434E-1;9,408471E-1;;
30/11/2021  14:47:41,167783;9,346466E-1;1,353374E-1;1,407946E-1;9,406882E-1;;
30/11/2021  14:47:41,167883;9,343515E-1;1,104881E-1;1,613302E-1;9,405262E-1;;
30/11/2021  14:47:41,167983;9,352545E-1;1,283286E-1;1,212068E-1;9,403612E-1;;
30/11/2021  14:47:41,168083;9,353350E-1;1,152668E-1;1,170997E-1;9,401935E-1;;
30/11/2021  14:47:41,168183;9,363364E-1;1,459554E-2;5,486109E-2;9,400235E-1;;
30/11/2021  14:47:41,168283;9,360592E-1;7,480716E-2;7,350108E-2;9,398518E-1;;
30/11/2021  14:47:41,168383;9,366881E-1;1,127182E-1;1,142563E-1;9,396789E-1;;
30/11/2021  14:47:41,168483;9,364884E-1;1,031608E-1;1,009872E-1;9,395054E-1;;
30/11/2021  14:47:41,168583;9,365778E-1;8,978042E-2;8,424277E-2;9,393321E-1;;
30/11/2021  14:47:41,168683;9,374302E-1;3,944478E-2;8,045158E-2;9,391595E-1;;
30/11/2021  14:47:41,168783;9,383958E-1;3,657756E-2;7,192142E-2;9,389883E-1;;
30/11/2021  14:47:41,168883;9,387504E-1;1,045400E-2;1,694925E-2;9,388194E-1;;
30/11/2021  14:47:41,168983;9,391289E-1;2,574584E-2;5,422923E-2;9,386536E-1;;
30/11/2021  14:47:41,169083;9,392720E-1;6,652408E-2;7,128955E-2;9,384918E-1;;
30/11/2021  14:47:41,169183;9,392362E-1;5,441804E-2;5,896821E-2;9,383350E-1;;
30/11/2021  14:47:41,169283;9,397131E-1;8,117876E-2;9,182514E-2;9,381838E-1;;
30/11/2021  14:47:41,169383;9,408933E-1;8,181592E-2;8,834988E-2;9,380391E-1;;
30/11/2021  14:47:41,169483;9,422732E-1;8,850610E-2;9,340479E-2;9,379017E-1;;
30/11/2021  14:47:41,169583;9,424222E-1;9,455912E-2;1,145722E-1;9,377725E-1;;
30/11/2021  14:47:41,169683;9,428603E-1;1,022050E-1;1,177316E-1;9,376527E-1;;
30/11/2021  14:47:41,169783;9,427768E-1;1,018865E-1;1,088855E-1;9,375430E-1;;
30/11/2021  14:47:41,169883;9,437365E-1;1,821686E-1;1,281573E-1;9,374444E-1;;
30/11/2021  14:47:41,169983;9,434146E-1;1,483991E-1;1,237343E-1;9,373577E-1;;
30/11/2021  14:47:41,170083;9,449197E-1;1,401161E-1;1,234183E-1;9,372834E-1;;
30/11/2021  14:47:41,170183;9,452773E-1;7,640006E-2;1,262617E-1;9,372224E-1;;
30/11/2021  14:47:41,170283;9,463442E-1;1,633724E-1;1,344760E-1;9,371753E-1;;
30/11/2021  14:47:41,170383;9,465022E-1;1,515849E-1;1,161519E-1;9,371428E-1;;
30/11/2021  14:47:41,170483;9,463442E-1;9,647060E-2;7,887192E-2;9,371255E-1;;
30/11/2021  14:47:41,170583;9,464337E-1;1,770713E-1;1,992420E-1;9,371241E-1;;
30/11/2021  14:47:41,170683;9,472562E-1;1,283286E-1;1,344760E-1;9,371387E-1;;
30/11/2021  14:47:41,170783;9,478404E-1;9,328480E-2;8,677022E-2;9,371697E-1;;
30/11/2021  14:47:41,170883;9,483381E-1;1,219570E-1;1,139404E-1;9,372172E-1;;
30/11/2021  14:47:41,170983;9,485854E-1;1,388417E-1;1,572231E-1;9,372817E-1;;
30/11/2021  14:47:41,171083;9,485854E-1;1,324701E-1;1,433221E-1;9,373631E-1;;
30/11/2021  14:47:41,171183;9,482844E-1;1,780271E-1;1,632258E-1;9,374614E-1;;
30/11/2021  14:47:41,171283;9,472562E-1;1,267357E-1;1,319485E-1;9,375766E-1;;
30/11/2021  14:47:41,171383;9,479774E-1;1,219570E-1;1,291051E-1;9,377080E-1;;
30/11/2021  14:47:41,171483;9,480013E-1;1,267357E-1;1,155200E-1;9,378553E-1;;
30/11/2021  14:47:41,171583;9,488924E-1;1,162226E-1;1,246821E-1;9,380179E-1;;
30/11/2021  14:47:41,171683;9,477837E-1;1,120810E-1;9,751191E-2;9,381950E-1;;
30/11/2021  14:47:41,171783;9,473158E-1;5,378088E-2;8,329497E-2;9,383862E-1;;
30/11/2021  14:47:41,171883;9,468658E-1;1,146297E-1;1,249980E-1;9,385903E-1;;
30/11/2021  14:47:41,171983;9,463413E-1;1,184526E-1;1,193112E-1;9,388065E-1;;
30/11/2021  14:47:41,172083;9,465082E-1;1,305587E-1;1,322644E-1;9,390336E-1;;
30/11/2021  14:47:41,172183;9,464217E-1;1,311958E-1;1,287892E-1;9,392702E-1;;
30/11/2021  14:47:41,172283;9,463562E-1;1,624167E-1;1,907119E-1;9,395154E-1;;
30/11/2021  14:47:41,172383;9,460611E-1;1,525407E-1;1,682807E-1;9,397677E-1;;
30/11/2021  14:47:41,172483;9,454770E-1;1,410718E-1;1,562753E-1;9,400261E-1;;
30/11/2021  14:47:41,172583;9,450895E-1;1,257800E-1;1,300529E-1;9,402893E-1;;
30/11/2021  14:47:41,172683;9,450597E-1;1,340630E-1;1,259458E-1;9,405560E-1;;
30/11/2021  14:47:41,172783;9,449465E-1;1,267357E-1;1,275255E-1;9,408249E-1;;
30/11/2021  14:47:41,172883;9,453339E-1;1,318330E-1;1,212068E-1;9,410946E-1;;
30/11/2021  14:47:41,172983;9,448332E-1;1,190898E-1;1,139404E-1;9,413642E-1;;
30/11/2021  14:47:41,173083;9,446514E-1;1,098510E-1;1,104651E-1;9,416325E-1;;
30/11/2021  14:47:41,173183;9,447557E-1;1,229127E-1;1,076217E-1;9,418984E-1;;
30/11/2021  14:47:41,173283;9,440524E-1;1,053908E-1;1,161519E-1;9,421609E-1;;
30/11/2021  14:47:41,173383;9,438885E-1;1,318330E-1;1,436380E-1;9,424191E-1;;
30/11/2021  14:47:41,173483;9,445382E-1;1,359745E-1;1,467973E-1;9,426719E-1;;
30/11/2021  14:47:41,173583;9,445084E-1;1,506292E-1;1,673329E-1;9,429184E-1;;
30/11/2021  14:47:41,173683;9,443147E-1;1,216384E-1;1,136244E-1;9,431581E-1;;
30/11/2021  14:47:41,173783;9,444816E-1;1,047537E-1;9,751191E-2;9,433902E-1;;
30/11/2021  14:47:41,173883;9,436352E-1;1,187712E-1;1,152041E-1;9,436141E-1;;
30/11/2021  14:47:41,173983;9,435159E-1;1,327887E-1;1,351078E-1;9,438294E-1;;
30/11/2021  14:47:41,174083;9,440733E-1;1,331073E-1;1,414265E-1;9,440353E-1;;
30/11/2021  14:47:41,174183;9,439630E-1;1,260985E-1;1,196272E-1;9,442315E-1;;
30/11/2021  14:47:41,174283;9,446306E-1;1,292843E-1;1,338441E-1;9,444176E-1;;
30/11/2021  14:47:41,174383;9,439838E-1;1,321516E-1;1,275255E-1;9,445935E-1;;
30/11/2021  14:47:41,174483;9,440077E-1;1,257800E-1;1,208909E-1;9,447588E-1;;
30/11/2021  14:47:41,174583;9,438378E-1;1,069837E-1;9,656411E-2;9,449137E-1;;
30/11/2021  14:47:41,174683;9,439719E-1;1,155854E-1;1,133085E-1;9,450578E-1;;
30/11/2021  14:47:41,174783;9,441448E-1;1,296029E-1;1,256299E-1;9,451912E-1;;
30/11/2021  14:47:41,174883;9,450508E-1;1,436204E-1;1,903959E-1;9,453139E-1;;
30/11/2021  14:47:41,174983;9,447110E-1;1,327887E-1;1,268936E-1;9,454261E-1;;
30/11/2021  14:47:41,175083;9,447587E-1;1,331073E-1;1,392149E-1;9,455280E-1;;
30/11/2021  14:47:41,175183;9,448839E-1;1,321516E-1;1,382671E-1;9,456200E-1;;
30/11/2021  14:47:41,175283;9,447110E-1;1,229127E-1;1,129926E-1;9,457024E-1;;
30/11/2021  14:47:41,175383;9,446872E-1;1,260985E-1;1,253139E-1;9,457755E-1;;
30/11/2021  14:47:41,175483;9,455068E-1;1,254614E-1;1,294210E-1;9,458396E-1;;
30/11/2021  14:47:41,175583;9,455098E-1;1,229127E-1;1,212068E-1;9,458952E-1;;
30/11/2021  14:47:41,175683;9,455247E-1;1,544522E-1;1,654373E-1;9,459427E-1;;
30/11/2021  14:47:41,175783;9,453727E-1;1,324701E-1;1,313166E-1;9,459826E-1;;
30/11/2021  14:47:41,175883;9,454323E-1;1,337445E-1;1,294210E-1;9,460155E-1;;
30/11/2021  14:47:41,175983;9,446604E-1;1,541336E-1;1,477451E-1;9,460417E-1;;
30/11/2021  14:47:41,176083;9,452594E-1;2,489498E-3;6,117973E-2;9,460617E-1;;
30/11/2021  14:47:41,176183;9,453965E-1;2,670158E-2;7,002583E-2;9,460757E-1;;
30/11/2021  14:47:41,176283;9,453041E-1;1,280100E-1;1,322644E-1;9,460843E-1;;
30/11/2021  14:47:41,176383;9,449495E-1;1,493549E-1;1,562753E-1;9,460878E-1;;
30/11/2021  14:47:41,176483;9,445233E-1;1,149482E-1;1,044624E-1;9,460864E-1;;
30/11/2021  14:47:41,176583;9,444279E-1;1,337445E-1;1,493248E-1;9,460806E-1;;
30/11/2021  14:47:41,176683;9,438706E-1;1,331073E-1;1,351078E-1;9,460705E-1;;
30/11/2021  14:47:41,176783;9,437633E-1;1,378860E-1;1,388990E-1;9,460563E-1;;
30/11/2021  14:47:41,176883;9,436113E-1;1,245056E-1;1,253139E-1;9,460379E-1;;
30/11/2021  14:47:41,176983;9,437663E-1;1,308772E-1;1,275255E-1;9,460156E-1;;
30/11/2021  14:47:41,177083;9,429795E-1;1,292843E-1;1,243661E-1;9,459893E-1;;
30/11/2021  14:47:41,177183;9,419066E-1;1,350188E-1;1,328963E-1;9,459591E-1;;
30/11/2021  14:47:41,177283;9,416592E-1;1,369303E-1;1,411105E-1;9,459249E-1;;
30/11/2021  14:47:41,177383;9,416085E-1;1,382046E-1;1,376353E-1;9,458864E-1;;
30/11/2021  14:47:41,177483;9,409261E-1;1,413904E-1;1,385831E-1;9,458434E-1;;
30/11/2021  14:47:41,177583;9,413820E-1;7,512574E-2;9,877564E-2;9,457958E-1;;
30/11/2021  14:47:41,177683;9,403419E-1;1,299215E-1;1,281573E-1;9,457433E-1;;
30/11/2021  14:47:41,177783;9,399962E-1;1,448948E-1;1,477451E-1;9,456857E-1;;
30/11/2021  14:47:41,177883;9,392690E-1;1,369303E-1;1,082536E-1;9,456228E-1;;
30/11/2021  14:47:41,177983;9,386879E-1;1,627352E-1;1,745993E-1;9,455542E-1;;
30/11/2021  14:47:41,178083;9,384584E-1;1,512664E-1;1,796542E-1;9,454796E-1;;
30/11/2021  14:47:41,178183;9,386610E-1;9,424054E-2;1,426902E-1;9,453988E-1;;
30/11/2021  14:47:41,178283;9,383511E-1;1,439390E-1;1,455336E-1;9,453113E-1;;
30/11/2021  14:47:41,178383;9,382438E-1;1,308772E-1;1,196272E-1;9,452170E-1;;
30/11/2021  14:47:41,178483;9,376805E-1;1,697440E-1;2,074562E-1;9,451159E-1;;
30/11/2021  14:47:41,178583;9,369444E-1;1,219570E-1;1,287892E-1;9,450077E-1;;
30/11/2021  14:47:41,178683;9,366583E-1;1,206827E-1;1,310007E-1;9,448923E-1;;
30/11/2021  14:47:41,178783;9,366106E-1;-2,490838E-2;4,664686E-2;9,447695E-1;;
30/11/2021  14:47:41,178883;9,372454E-1;6,949618E-3;8,735019E-3;9,446393E-1;;
30/11/2021  14:47:41,178983;9,366523E-1;4,719558E-3;7,155359E-3;9,445016E-1;;
30/11/2021  14:47:41,179083;9,370517E-1;5,675298E-3;7,471291E-3;9,443565E-1;;
30/11/2021  14:47:41,179183;9,365420E-1;2,808078E-3;3,680107E-3;9,442043E-1;;
30/11/2021  14:47:41,179283;9,364109E-1;8,965980E-4;3,680107E-3;9,440452E-1;;
30/11/2021  14:47:41,179383;9,360622E-1;4,400978E-3;6,839427E-3;9,438793E-1;;
30/11/2021  14:47:41,179483;9,368967E-1;1,533758E-3;3,048243E-3;9,437070E-1;;
30/11/2021  14:47:41,179583;9,369176E-1;6,312458E-3;7,787223E-3;9,435286E-1;;
30/11/2021  14:47:41,179683;9,366613E-1;3,763818E-3;4,943835E-3;9,433444E-1;;
30/11/2021  14:47:41,179783;9,372543E-1;4,719558E-3;7,155359E-3;9,431551E-1;;
30/11/2021  14:47:41,179883;9,369116E-1;2,808078E-3;5,575699E-3;9,429612E-1;;
30/11/2021  14:47:41,179983;9,367060E-1;4,719558E-3;6,207563E-3;9,427632E-1;;
30/11/2021  14:47:41,180083;9,371143E-1;6,631038E-3;7,787223E-3;9,425618E-1;;
30/11/2021  14:47:41,180183;9,380978E-1;7,586778E-3;9,366883E-3;9,423574E-1;;
30/11/2021  14:47:41,180283;9,385478E-1;7,905358E-3;9,998747E-3;9,421509E-1;;
30/11/2021  14:47:41,180383;9,388339E-1;1,013542E-2;1,126247E-2;9,419430E-1;;
30/11/2021  14:47:41,180483;9,389293E-1;1,236548E-2;1,284213E-2;9,417347E-1;;
30/11/2021  14:47:41,180583;9,389501E-1;2,808078E-3;5,259767E-3;9,415270E-1;;
30/11/2021  14:47:41,180683;9,385835E-1;2,170918E-3;3,680107E-3;9,413205E-1;;
30/11/2021  14:47:41,180783;9,395045E-1;2,489498E-3;4,627903E-3;9,411162E-1;;
30/11/2021  14:47:41,180883;9,397488E-1;6,631038E-3;7,787223E-3;9,409147E-1;;
30/11/2021  14:47:41,180983;9,403032E-1;1,215178E-3;3,048243E-3;9,407170E-1;;
30/11/2021  14:47:41,181083;9,399485E-1;5,780180E-4;3,048243E-3;9,405237E-1;;
30/11/2021  14:47:41,181183;9,404820E-1;2,489498E-3;3,996039E-3;9,403358E-1;;
30/11/2021  14:47:41,181283;9,401780E-1;1,852338E-3;4,311971E-3;9,401540E-1;;
30/11/2021  14:47:41,181383;9,405416E-1;8,965980E-4;3,364175E-3;9,399788E-1;;
30/11/2021  14:47:41,181483;9,405863E-1;1,215178E-3;3,364175E-3;9,398109E-1;;
30/11/2021  14:47:41,181583;9,410155E-1;8,965980E-4;3,364175E-3;9,396508E-1;;
30/11/2021  14:47:41,181683;9,410304E-1;1,215178E-3;3,680107E-3;9,394991E-1;;
30/11/2021  14:47:41,181783;9,412897E-1;8,965980E-4;3,048243E-3;9,393561E-1;;
30/11/2021  14:47:41,181883;9,415400E-1;1,215178E-3;3,364175E-3;9,392224E-1;;
30/11/2021  14:47:41,181983;9,411287E-1;2,808078E-3;4,627903E-3;9,390983E-1;;
30/11/2021  14:47:41,182083;9,416652E-1;1,215178E-3;3,680107E-3;9,389842E-1;;
30/11/2021  14:47:41,182183;9,414536E-1;1,215178E-3;3,364175E-3;9,388801E-1;;
30/11/2021  14:47:41,182283;9,422374E-1;5,038138E-3;9,050951E-3;9,387864E-1;;
30/11/2021  14:47:41,182383;9,418172E-1;8,542518E-3;1,031468E-2;9,387033E-1;;
30/11/2021  14:47:41,182483;9,415132E-1;1,533758E-3;3,048243E-3;9,386307E-1;;
30/11/2021  14:47:41,182583;9,409976E-1;4,400978E-3;8,419087E-3;9,385687E-1;;
30/11/2021  14:47:41,182683;9,407949E-1;9,179678E-3;1,252620E-2;9,385172E-1;;
30/11/2021  14:47:41,182783;9,407919E-1;1,363980E-2;1,568552E-2;9,384758E-1;;
30/11/2021  14:47:41,182883;9,416384E-1;1,650702E-2;1,821298E-2;9,384443E-1;;
30/11/2021  14:47:41,182983;9,414566E-1;1,427696E-2;1,536959E-2;9,384222E-1;;
30/11/2021  14:47:41,183083;9,411168E-1;1,254614E-1;1,231024E-1;9,384094E-1;;
30/11/2021  14:47:41,183183;9,411436E-1;1,650702E-2;1,947671E-2;9,384056E-1;;
30/11/2021  14:47:41,183283;9,406608E-1;1,905566E-2;2,200416E-2;9,384103E-1;;
30/11/2021  14:47:41,183383;9,403270E-1;1,778134E-2;2,010857E-2;9,384231E-1;;
30/11/2021  14:47:41,183483;9,405803E-1;1,841850E-2;2,137230E-2;9,384434E-1;;
30/11/2021  14:47:41,183583;9,409857E-1;6,110822E-2;7,413294E-2;9,384706E-1;;
30/11/2021  14:47:41,183683;9,415847E-1;9,774492E-2;8,834988E-2;9,385044E-1;;
30/11/2021  14:47:41,183783;9,408933E-1;1,050723E-1;8,519056E-2;9,385443E-1;;
30/11/2021  14:47:41,183883;9,412450E-1;1,187712E-1;9,719598E-2;9,385899E-1;;
30/11/2021  14:47:41,183983;9,404790E-1;9,009900E-2;1,155200E-1;9,386408E-1;;
30/11/2021  14:47:41,184083;9,409767E-1;1,002936E-1;1,126766E-1;9,386965E-1;;
30/11/2021  14:47:41,184183;9,416950E-1;8,277166E-2;8,297904E-2;9,387565E-1;;
30/11/2021  14:47:41,184283;9,420377E-1;1,350188E-1;1,341600E-1;9,388206E-1;;
30/11/2021  14:47:41,184383;9,418410E-1;1,222756E-1;1,388990E-1;9,388884E-1;;
30/11/2021  14:47:41,184483;9,425265E-1;7,894870E-2;1,088855E-1;9,389597E-1;;
30/11/2021  14:47:41,184583;9,417427E-1;1,582751E-1;1,654373E-1;9,390343E-1;;
30/11/2021  14:47:41,184683;9,417844E-1;1,452133E-1;1,562753E-1;9,391120E-1;;
30/11/2021  14:47:41,184783;9,421241E-1;1,168597E-1;1,221546E-1;9,391926E-1;;
30/11/2021  14:47:41,184883;9,423119E-1;1,286472E-1;1,287892E-1;9,392756E-1;;
30/11/2021  14:47:41,184983;9,427053E-1;1,340630E-1;1,237343E-1;9,393610E-1;;
30/11/2021  14:47:41,185083;9,426129E-1;1,117624E-1;1,145722E-1;9,394485E-1;;
30/11/2021  14:47:41,185183;9,423715E-1;1,197269E-1;1,193112E-1;9,395380E-1;;
30/11/2021  14:47:41,185283;9,419960E-1;1,139925E-1;1,054102E-1;9,396293E-1;;
30/11/2021  14:47:41,185383;9,421688E-1;1,452133E-1;1,777586E-1;9,397221E-1;;
30/11/2021  14:47:41,185483;9,423417E-1;1,506292E-1;1,537478E-1;9,398161E-1;;
30/11/2021  14:47:41,185583;9,427709E-1;1,401161E-1;1,486929E-1;9,399111E-1;;
30/11/2021  14:47:41,185683;9,431434E-1;1,452133E-1;1,575390E-1;9,400068E-1;;
30/11/2021  14:47:41,185783;9,427142E-1;1,687883E-1;1,704922E-1;9,401033E-1;;
30/11/2021  14:47:41,185883;9,425235E-1;1,108067E-1;1,278414E-1;9,402002E-1;;
30/11/2021  14:47:41,185983;9,424162E-1;1,066652E-1;1,107811E-1;9,402974E-1;;
30/11/2021  14:47:41,186083;9,421539E-1;1,302401E-1;1,319485E-1;9,403947E-1;;
30/11/2021  14:47:41,186183;9,418500E-1;1,276914E-1;1,328963E-1;9,404918E-1;;
30/11/2021  14:47:41,186283;9,423924E-1;1,225942E-1;1,170997E-1;9,405884E-1;;
30/11/2021  14:47:41,186383;9,428394E-1;1,347002E-1;1,382671E-1;9,406842E-1;;
30/11/2021  14:47:41,186483;9,427053E-1;1,410718E-1;1,281573E-1;9,407790E-1;;
30/11/2021  14:47:41,186583;9,421271E-1;1,251428E-1;1,158360E-1;9,408728E-1;;
30/11/2021  14:47:41,186683;9,417039E-1;1,123996E-1;1,082536E-1;9,409652E-1;;
30/11/2021  14:47:41,186783;9,412390E-1;-2,936850E-2;5,106991E-2;9,410560E-1;;
30/11/2021  14:47:41,186883;9,423804E-1;1,200455E-1;1,196272E-1;9,411449E-1;;
30/11/2021  14:47:41,186983;9,422702E-1;1,866287E-1;2,011376E-1;9,412316E-1;;
30/11/2021  14:47:41,187083;9,414715E-1;1,640096E-1;1,215227E-1;9,413159E-1;;
30/11/2021  14:47:41,187183;9,407502E-1;1,197269E-1;1,243661E-1;9,413977E-1;;
30/11/2021  14:47:41,187283;9,408217E-1;1,146297E-1;1,249980E-1;9,414765E-1;;
30/11/2021  14:47:41,187383;9,396982E-1;1,101695E-1;1,316326E-1;9,415520E-1;;
30/11/2021  14:47:41,187483;9,398174E-1;1,273729E-1;1,234183E-1;9,416237E-1;;
30/11/2021  14:47:41,187583;9,395551E-1;1,276914E-1;1,215227E-1;9,416911E-1;;
30/11/2021  14:47:41,187683;9,397757E-1;1,133553E-1;1,038306E-1;9,417538E-1;;
30/11/2021  14:47:41,187783;9,394299E-1;1,219570E-1;1,240502E-1;9,418114E-1;;
30/11/2021  14:47:41,187883;9,383392E-1;1,225942E-1;1,193112E-1;9,418635E-1;;
30/11/2021  14:47:41,187983;9,380709E-1;1,178155E-1;1,133085E-1;9,419097E-1;;
30/11/2021  14:47:41,188083;9,377789E-1;1,155854E-1;1,306848E-1;9,419496E-1;;
30/11/2021  14:47:41,188183;9,377848E-1;1,283286E-1;1,189953E-1;9,419825E-1;;
30/11/2021  14:47:41,188283;9,375822E-1;1,187712E-1;1,300529E-1;9,420082E-1;;
30/11/2021  14:47:41,188383;9,372424E-1;1,267357E-1;1,240502E-1;9,420263E-1;;
30/11/2021  14:47:41,188483;9,369146E-1;2,032998E-2;6,718244E-2;9,420365E-1;;
30/11/2021  14:47:41,188583;9,368371E-1;1,149482E-1;8,929768E-2;9,420384E-1;;
30/11/2021  14:47:41,188683;9,365540E-1;1,423461E-1;1,572231E-1;9,420319E-1;;
30/11/2021  14:47:41,188783;9,359758E-1;1,394789E-1;1,376353E-1;9,420168E-1;;
30/11/2021  14:47:41,188883;9,360562E-1;1,098510E-1;1,145722E-1;9,419927E-1;;
30/11/2021  14:47:41,188983;9,360682E-1;9,455912E-2;9,403666E-2;9,419597E-1;;
30/11/2021  14:47:41,189083;9,356062E-1;1,009307E-1;1,088855E-1;9,419175E-1;;
30/11/2021  14:47:41,189183;9,358834E-1;1,248242E-1;1,632258E-1;9,418662E-1;;
30/11/2021  14:47:41,189283;9,357433E-1;3,562182E-2;3,716890E-2;9,418058E-1;;
30/11/2021  14:47:41,189383;9,351264E-1;6,365686E-2;6,623464E-2;9,417364E-1;;
30/11/2021  14:47:41,189483;9,353827E-1;1,002936E-1;1,019350E-1;9,416581E-1;;
30/11/2021  14:47:41,189583;9,354751E-1;8,149734E-2;9,024547E-2;9,415711E-1;;
30/11/2021  14:47:41,189683;9,354662E-1;8,181592E-2;9,340479E-2;9,414755E-1;;
30/11/2021  14:47:41,189783;9,355883E-1;9,264764E-2;8,929768E-2;9,413718E-1;;
30/11/2021  14:47:41,189883;9,348761E-1;7,162136E-2;9,530039E-2;9,412602E-1;;
30/11/2021  14:47:41,189983;9,347330E-1;8,691320E-2;9,719598E-2;9,411410E-1;;
30/11/2021  14:47:41,190083;9,340356E-1;1,098510E-1;1,328963E-1;9,410146E-1;;
30/11/2021  14:47:41,190183;9,336690E-1;8,340882E-2;9,277293E-2;9,408812E-1;;
30/11/2021  14:47:41,190283;9,338985E-1;3,402892E-2;6,718244E-2;9,407409E-1;;
30/11/2021  14:47:41,190383;9,340147E-1;9,997498E-2;1,079377E-1;9,405941E-1;;
30/11/2021  14:47:41,190483;9,334574E-1;1,232313E-1;1,733356E-1;9,404409E-1;;
30/11/2021  14:47:41,190583;9,333770E-1;1,187712E-1;1,316326E-1;9,402816E-1;;
30/11/2021  14:47:41,190683;9,327720E-1;1,280100E-1;1,310007E-1;9,401166E-1;;
