219.48-25-11-09-52-12.csv
219.48-25-11-09-53-12.csv
219.48-25-11-09-53-21.csv
219.48-25-11-09-53-30.csv
219.48-25-11-09-53-40.csv
219.48-25-11-09-53-45.csv
219.48-25-11-09-53-54.csv
219.48-25-11-09-54-03.csv
219.48-25-11-09-54-08.csv
219.48-25-11-09-54-17.csv
219.48-25-11-09-54-27.csv
219.48-25-11-09-54-36.csv
219.48-25-11-09-54-41.csv
219.48-25-11-09-54-50.csv
219.48-25-11-09-54-59.csv
219.48-25-11-09-55-08.csv
219.48-25-11-09-55-18.csv
219.48-25-11-09-55-28.csv
219.48-25-11-09-55-37.csv
219.48-25-11-09-55-43.csv
219.48-25-11-09-55-52.csv
219.48-25-11-09-56-00.csv
219.48-25-11-09-56-10.csv
219.48-25-11-09-56-19.csv
219.48-25-11-09-56-27.csv
219.48-25-11-09-56-33.csv
219.48-25-11-09-56-42.csv
219.48-25-11-09-56-47.csv
219.48-25-11-09-56-52.csv
219.48-25-11-09-56-57.csv
219.48-25-11-09-57-02.csv
219.48-25-11-09-57-09.csv
219.48-25-11-09-57-13.csv
219.48-25-11-09-57-18.csv
219.48-25-11-09-57-23.csv
219.48-25-11-09-57-32.csv
219.48-25-11-09-57-38.csv
219.48-25-11-09-58-26.csv
