;0;1;2;3;4;5;6;7;8;9;10;11;12;13;14;15;16;17;18;19;20;21;22;23
0;0;0.940721614597785;80;0.9339997894736842;0.9462814675675676;0.9397066378378378;0.9331163162162163;0.9436932108108108;0.9372685243243243;0.9412148189189189;0.944106;0.9358755405405406;0.9405602567567568;0.9381808243243244;0.942944927027027;0.9437400405405405;0.9306198864864865;0.9448498513513514;0.9421773756756757;0.9366198189189189;0.943877072972973;0.9365838621621622;0.9413824432432433;42.444821731748725
1;0;0.940723572948062;80;0.9371012694444445;0.94538432;0.9364782257142857;0.9406789142857143;0.9380061657142857;0.9456651;0.9424452685714285;0.9365626428571429;0.9451870342857143;0.93506066;0.9375783514285714;0.94052528;0.9428116428571428;0.9439881428571428;0.9350633914285714;0.9449788228571429;0.9394702542857143;0.9427469857142857;0.94455816;0.9419299914285715;44.80286738351255
2;0;0.9407255312983389;80;0.9466519054054054;0.942619625;0.929622425;0.9447295611111111;0.9376258027777777;0.9389742138888889;0.9457571416666667;0.9369692972222222;0.9397132305555556;0.9355529583333333;0.9455278638888889;0.9457261;0.9354731333333334;0.9443158472222222;0.9389130972222223;0.9405353277777778;0.9448491027777778;0.9400021277777778;0.9407433583333333;0.9325747638888889;43.59197907585005
3;0;0.9407274896486156;80;0.9377666628571428;0.9451028794117647;0.937434294117647;0.9455446058823529;0.9351488;0.9430341382352941;0.94298715;0.9354768294117647;0.944086305882353;0.9355358794117647;0.9398217058823529;0.9366292764705882;0.9448768;0.9393114470588235;0.9405055235294117;0.944452044117647;0.937610944117647;0.9434376382352941;0.929080094117647;0.9444726323529412;46.08294930875576
4;0;0.9407294479988926;80;0.9433278432432433;0.9386400888888888;0.9378453555555556;0.9419809416666667;0.9403673777777778;0.9390796472222223;0.9332072611111111;0.9454303166666667;0.9431529583333333;0.9347473694444445;0.9438671861111111;0.9382846694444444;0.9395408444444444;0.9427176333333334;0.9416256694444445;0.9414513166666667;0.9299574;0.94582015;0.9440955472222222;0.9376252388888889;43.59197907585005
5;0;0.9407314063491695;80;0.9442507027777778;0.93636864;0.9396719971428571;0.9361962485714286;0.9441809142857143;0.9429974857142858;0.9354251228571429;0.94545922;0.9375156942857142;0.9393846085714286;0.93872154;0.9420397828571428;0.9437256142857143;0.9344246657142857;0.9431517371428572;0.93924736;0.9423775485714285;0.94378334;0.94353058;0.9438448142857143;44.80286738351255
6;0;0.9407333646994462;80;0.9452819555555555;0.9401164971428572;0.93943908;0.94198952;0.9437214771428571;0.9429280571428571;0.9324803171428572;0.9452872;0.9367921114285714;0.9397780828571428;0.9437095942857143;0.9403631114285714;0.9412146028571429;0.9302064828571428;0.9422298571428571;0.9420519771428572;0.9392016114285714;0.9431883485714285;0.94003322;0.9413066257142857;44.80286738351255
7;0;0.9407353230497232;80;0.9367175657142858;0.9419424852941176;0.9334444970588235;0.9436127205882353;0.943583355882353;0.9383040911764706;0.9426231794117647;0.9386408647058824;0.9408893323529411;0.9330628;0.9454400529411765;0.9404868117647059;0.9397436176470588;0.9467795676470588;0.9382707470588235;0.941754305882353;0.9317297970588235;0.9441918235294118;0.9386986970588235;0.9417643176470588;46.08294930875576
8;0;0.9407372813999999;80;0.9387881028571429;0.9448031264705883;0.9417642176470589;0.9433328970588235;0.929656994117647;0.9446966470588235;0.9379407941176471;0.9406172529411765;0.943555794117647;0.942773944117647;0.9453930147058823;0.9342908705882353;0.9428642852941177;0.9374555176470588;0.9380880235294118;0.9375104941176471;0.9428570147058823;0.9440992911764706;0.9380860882352942;0.945888194117647;46.08294930875576
9;0;0.940739239750277;80;0.9375809027027027;0.939547375;0.9332796222222223;0.9447228888888889;0.9426598833333333;0.93845395;0.9447818166666667;0.9359306916666666;0.9404564805555555;0.9443558833333333;0.9428811555555555;0.9415437694444444;0.93168195;0.945956475;0.9406354555555556;0.9385566694444445;0.9445150472222222;0.9344668138888889;0.9384591972222223;0.9404174138888889;43.59197907585005
10;0;0.9407411981005537;80;0.9413435486486487;0.9393189833333333;0.9431894888888889;0.9330217583333333;0.9425552833333334;0.9428773722222222;0.9398202555555556;0.9418429111111111;0.93547465;0.9397764333333334;0.9402839277777778;0.9421691638888889;0.9440163083333333;0.9291210138888889;0.9445330527777778;0.9421934972222222;0.9420714888888889;0.9448989944444445;0.9361671583333333;0.9393101305555556;43.59197907585005
11;0;0.9407431564508305;80;0.9401882487179487;0.9385185078947368;0.9366506710526316;0.9436944921052631;0.9422829684210526;0.9310342236842105;0.945265202631579;0.9436777157894737;0.9350341026315789;0.941796502631579;0.9405784736842105;0.940889602631579;0.9429096789473684;0.9359001868421053;0.9412357263157894;0.9435032263157894;0.9382159368421052;0.9382961;0.940551002631579;0.9430850342105264;41.35649296939619
12;0;0.9407451148011076;80;0.9421511378378379;0.9429285833333333;0.9326824277777778;0.9439078944444445;0.9401196388888889;0.9412224527777778;0.9447243111111111;0.9350232361111112;0.9398840638888889;0.9385240833333334;0.9454498166666666;0.9420618027777777;0.9330788444444444;0.9441003722222222;0.9392807972222222;0.9411037972222223;0.9455114055555556;0.9364764055555556;0.9398044194444445;0.9374473388888889;43.59197907585005
13;0;0.9407470731513844;80;0.9392428305555556;0.9406830085714286;0.9441473371428571;0.9437834542857143;0.9308047028571429;0.9429563742857143;0.9380744142857143;0.9386459285714286;0.9419903914285714;0.9401503857142857;0.9415698971428571;0.9310732142857143;0.9458715228571428;0.9414991685714286;0.9398820685714285;0.9472528314285714;0.9399680771428571;0.9416698742857142;0.93120706;0.9445053714285714;44.80286738351255
14;0;0.9407490315016611;80;0.936599775;0.9365703028571428;0.93365582;0.9431527885714286;0.9401673657142857;0.9383771714285715;0.9442503257142857;0.9358758428571429;0.9398813028571429;0.9407817142857143;0.9449328514285714;0.9463528542857143;0.9359481685714286;0.9435324714285714;0.9385258971428572;0.9386968771428571;0.9428914285714286;0.9420807685714285;0.9406963771428571;0.9314095885714285;44.80286738351255
15;0;0.9407509898519382;80;0.9445027628571429;0.9414276911764706;0.9422301176470589;0.9477175705882352;0.93924725;0.9406535529411765;0.9312793647058824;0.9422224205882352;0.9380149911764706;0.9388596617647059;0.9429661588235294;0.9441253852941176;0.9430422147058823;0.9300212205882353;0.9478485705882352;0.9406804647058824;0.9381526411764706;0.9414177823529412;0.9418350470588235;0.9418688882352941;46.08294930875576
16;0;0.9407529482022149;80;0.9445720694444445;0.93652486;0.9415238057142857;0.9385944914285714;0.9436120485714286;0.9431866114285714;0.9378332742857143;0.9425797885714285;0.9362551942857142;0.9391108914285714;0.9382556685714286;0.9456703371428571;0.9440148914285714;0.9344983885714285;0.94633474;0.93921572;0.94062918;0.9447153257142857;0.9405094657142857;0.9412748628571429;44.80286738351255
17;0;0.9407549065524917;80;0.9391749324324324;0.9399740055555555;0.9423227638888889;0.9438150972222222;0.9288244444444445;0.9437642444444445;0.941718275;0.9383066777777778;0.9435490027777778;0.9379802166666666;0.938966975;0.9369200305555555;0.9449282361111111;0.9428672638888889;0.9334730083333334;0.9435849277777778;0.9369892222222223;0.9419810083333333;0.9478491111111111;0.9367496888888889;43.59197907585005
18;0;0.9407568649027686;80;0.9425288621621621;0.9304750611111111;0.9442343416666666;0.9407324444444445;0.9379995805555555;0.9437893194444444;0.9351688555555555;0.9382710055555555;0.94176815;0.9419893777777778;0.9418016416666667;0.9328031194444445;0.9442352388888889;0.9403153833333333;0.9414750055555555;0.9466429277777778;0.9350133027777778;0.9388575416666667;0.9379131694444445;0.9428418611111111;43.59197907585005
19;0;0.9407588232530455;80;0.9432132594594594;0.9428069638888888;0.9332604888888889;0.9427135222222223;0.9394594916666666;0.94077405;0.9453463416666666;0.9377351166666666;0.9390684194444444;0.9363506472222222;0.9462765194444445;0.9429701833333333;0.9348209888888889;0.9449657055555556;0.9365504333333333;0.9401637111111111;0.9450599;0.9371097555555555;0.9406983027777778;0.9332566416666667;43.59197907585005
20;0;0.9407607816033223;80;0.9426985105263158;0.9389742837837838;0.9399852027027027;0.9439978216216216;0.9341027756756757;0.9390611621621622;0.9423683243243243;0.9404434702702703;0.942583172972973;0.9316812513513514;0.9451471189189189;0.9440915972972973;0.9363601972972972;0.9426206837837838;0.9389474783783783;0.9413707027027027;0.9459151135135135;0.9370883702702703;0.9394554297297297;0.9387022810810811;42.444821731748725
21;0;0.9407627399535992;80;0.940058618918919;0.9440409222222222;0.9401805305555556;0.9436578472222222;0.9324158194444444;0.9432588361111112;0.9415940083333333;0.9382390444444444;0.9437873;0.9355529111111112;0.9387334416666666;0.9396803333333333;0.9440278916666667;0.9436107055555556;0.9324625805555555;0.9450643777777777;0.9397584833333333;0.9403730777777778;0.9462856416666666;0.9354865138888889;43.59197907585005
22;0;0.9407646983038761;80;0.94437382;0.9405088235294118;0.9437823617647059;0.9400257617647059;0.9414019794117647;0.9451253941176471;0.9328823823529412;0.9428036970588235;0.93803965;0.9380481617647058;0.9416532441176471;0.9424238970588236;0.9385656117647059;0.9410446352941176;0.945793805882353;0.9344381882352941;0.9413553029411764;0.9352744735294117;0.9416850529411764;0.9412575852941176;46.08294930875576
23;0;0.9407666566541528;80;0.946189955;0.9358270384615385;0.9421741461538462;0.9380449282051282;0.9393508641025641;0.944439;0.9394507153846153;0.9445799256410257;0.9424550948717949;0.9346770615384615;0.939144541025641;0.945092923076923;0.9380491692307692;0.9375653538461538;0.9408379333333333;0.9421552153846154;0.9390033512820513;0.9380491025641026;0.9452494358974359;0.9414305666666667;40.32258064516129
24;0;0.9407686150044297;80;0.9398781628571429;0.9443606617647059;0.9383519705882353;0.9411497470588235;0.93294605;0.9447401647058823;0.9386521147058824;0.939492855882353;0.9422707823529411;0.9438776411764705;0.9441477382352941;0.9331883470588235;0.9456043205882353;0.9372317441176471;0.9400249882352941;0.9401112411764706;0.9410153176470588;0.9415651235294118;0.9346281235294117;0.9433105117647058;46.08294930875576
25;0;0.9407705733547066;80;0.9416096486486486;0.9394180472222222;0.9423283;0.9362006027777777;0.9401515638888889;0.9423318611111111;0.9403671694444444;0.9416850916666667;0.9311965638888889;0.9433552277777778;0.9440345194444444;0.9407481611111111;0.944064475;0.9368231805555556;0.9398955777777778;0.9402611944444444;0.9423469277777777;0.9418107277777777;0.9315607527777778;0.9408329861111111;43.59197907585005
26;0;0.9407725317049834;80;0.9446388742857142;0.9364254764705883;0.9455846029411765;0.9326865617647059;0.9432649852941176;0.9402865882352941;0.9406419764705882;0.9418747058823529;0.93843905;0.9434912411764705;0.930988444117647;0.9447646117647059;0.9376355264705882;0.9399741294117647;0.9449409823529412;0.9425007058823529;0.9437386117647059;0.9318084147058824;0.942982655882353;0.9350605705882353;46.08294930875576
27;0;0.9407744900552604;80;0.9439840138888889;0.9420642742857143;0.9399150657142857;0.9433411114285715;0.9379474457142857;0.9414678142857142;0.9340842914285714;0.9451562828571428;0.9416571514285714;0.9362924828571428;0.9445596514285715;0.9342339485714286;0.9398015657142857;0.9391276314285715;0.9433378371428571;0.9444062057142857;0.9330454171428572;0.9454151028571428;0.938883;0.9392806142857143;44.80286738351255
28;0;0.9407764484055371;80;0.9422579162162162;0.9380500916666666;0.9416031111111111;0.9429131111111111;0.9387600916666666;0.9428843388888889;0.9339945277777778;0.94462165;0.9428888361111111;0.93492965;0.9458697694444445;0.9382627388888889;0.9391525444444444;0.9424742611111111;0.9403397777777778;0.94074925;0.9316127138888889;0.9442077444444444;0.9424363833333333;0.9384115166666667;43.59197907585005
29;0;0.940778406755814;80;0.93743088;0.9435583676470588;0.9393777147058824;0.9402976588235294;0.9459864352941176;0.9347464529411765;0.9458456470588236;0.9379553794117648;0.9406966999999999;0.9350540764705882;0.9437544382352941;0.9407197794117647;0.934787844117647;0.946888944117647;0.9359721147058824;0.94085045;0.9337537823529412;0.9465087705882352;0.9404935088235294;0.9407410735294117;46.08294930875576
30;1;0.9485676150729699;80;0.9387292739726028;0.9493375648275862;0.96208532;0.9412162717241379;0.9523918524137931;0.9446300241379311;0.9522044820689655;0.9436705303448276;0.9479632448275862;0.9470463075862069;0.9413383565517242;0.9562895365517241;0.95692734;0.9364293165517241;0.9556283779310345;0.9481466875862069;0.9485378296551724;0.9520541448275862;0.941954211724138;0.9589005613793103;68.4931506849315
31;1;0.9485682133120689;80;0.9680375672;0.9391614282258065;0.9421899403225806;0.9644727016129032;0.9443797854838709;0.9402848911290322;0.9697848274193548;0.9286771032258064;0.9488863879032259;0.9665187637096774;0.9363889911290323;0.9541113806451613;0.953710114516129;0.9397097177419355;0.9447008862903227;0.9667588846774194;0.9292104645161291;0.9666465887096775;0.9410451927419355;0.9509766588709677;80.0
32;1;0.948568811551168;80;0.9453616589928058;0.9423915753623189;0.9554780166666667;0.9490243789855073;0.9491204746376811;0.9489265659420291;0.9542487710144928;0.9479230007246378;0.9347401057971014;0.9663207427536231;0.9469507492753624;0.9467689833333334;0.9413425326086956;0.9728143601449276;0.9339189630434782;0.9494158710144928;0.9566522057971015;0.9422575355072463;0.9552230463768117;0.9378320789855072;71.94244604316546
33;1;0.948569409790267;80;0.9454815927536232;0.9504729401459854;0.9591857664233577;0.9324759781021899;0.9660858080291971;0.9447965569343065;0.9473057635036497;0.9399372167883212;0.9645009153284672;0.9474836240875912;0.9362253153284672;0.9643793562043796;0.9394547547445254;0.9429087175182481;0.955516794890511;0.9382346635036496;0.9545975226277372;0.9408002963503649;0.961714408029197;0.9407579437956204;72.46376811594202
34;1;0.948570008029366;80;0.9377641846153846;0.9681650035211268;0.9444140887323943;0.9438458394366197;0.9563563661971831;0.9377485133802818;0.9665921281690141;0.9360613985915492;0.9499988007042254;0.9609708056338029;0.9359572774647887;0.9508895640845071;0.9517202809859155;0.9521624007042253;0.9376841478873239;0.9465829338028169;0.9613725922535211;0.9466497408450705;0.9467708422535211;0.9469145359154929;69.93006993006993
35;1;0.948570606268465;80;0.9577954933333334;0.9558753029850746;0.9320650291044776;0.9512126970149254;0.958715076119403;0.9471384074626865;0.9436089186567164;0.9642273432835822;0.9514925485074627;0.9483477865671641;0.9558315104477612;0.9472980276119403;0.9387398022388059;0.9534021291044776;0.9637440097014925;0.9271839462686566;0.9685235753731344;0.9446314858208955;0.9461475641791045;0.938280397761194;74.07407407407408
36;1;0.9485712045075639;80;0.9283344925925926;0.972553823880597;0.9485436373134328;0.9313420641791045;0.9722280723880597;0.9289788873134328;0.9588649783582089;0.9463794417910447;0.9542869843283582;0.9496878701492537;0.9670374291044777;0.9441921828358208;0.960709297761194;0.9458639402985075;0.9395449559701492;0.9502385902985075;0.9645060917910447;0.935224180597015;0.9534366208955224;0.9566629425373134;74.07407407407408
37;1;0.948571802746663;80;0.957887153030303;0.9314708267175572;0.9526777511450382;0.9594389984732824;0.9388376007633588;0.9563248236641222;0.9503551282442748;0.9471412816793893;0.9335573603053435;0.9751181938931298;0.9335263061068703;0.9493751251908397;0.960385358778626;0.9361225160305343;0.938776141221374;0.9487530442748092;0.9605279641221374;0.9360050702290077;0.9414728114503816;0.9738884152671756;75.75757575757576
38;1;0.9485724009857618;80;0.9641273459854014;0.9355422161764705;0.9565384691176471;0.9505202051470588;0.9436757507352941;0.94647495;0.9529070676470589;0.9566433492647058;0.9394320198529411;0.9509935933823529;0.9460615904411765;0.9581756602941177;0.9585270338235294;0.9439344235294117;0.9413266095588235;0.9517579044117647;0.9566376801470587;0.9452547117647059;0.9445676448529412;0.9592738845588235;72.99270072992701
39;1;0.948572999224861;80;0.9468809417910448;0.9339969887218045;0.9701445729323308;0.930062597744361;0.9629000548872181;0.9362919578947368;0.9598499887218046;0.9420834022556391;0.9384613187969926;0.9718917390977444;0.9385359240601503;0.9404673120300753;0.9676734781954887;0.9330047706766917;0.946914290225564;0.962506560150376;0.9457164330827067;0.9459760894736842;0.9511504593984963;0.9477776872180451;74.6268656716418
40;1;0.94857359746396;80;0.9435831632352941;0.9448551148148149;0.9463476896296296;0.9652203940740741;0.936567102962963;0.9511436325925926;0.9562891311111111;0.9422485051851851;0.9463234296296296;0.9563903903703703;0.9502377325925926;0.9422913140740741;0.9558808096296296;0.9476927318518519;0.9451546444444444;0.9521282874074074;0.9375569503703703;0.9478032474074074;0.9528972562962963;0.9543693755555556;73.52941176470588
41;1;0.9485741957030589;80;0.9347637554744526;0.9458918183823529;0.966830830882353;0.9402776169117647;0.9457668764705883;0.9548172147058823;0.9446296139705882;0.949106038235294;0.949241030882353;0.9568028705882353;0.9423053397058824;0.9487708595588236;0.9626457654411765;0.9410739250000001;0.958467318382353;0.951766894117647;0.9417019044117647;0.9446495345588235;0.9632799000000001;0.9422657647058823;72.99270072992701
42;1;0.948574793942158;80;0.9442465443609022;0.9560775568181817;0.948616296969697;0.9428753015151515;0.9429587098484848;0.968117678030303;0.9308600431818181;0.9585397704545454;0.9534528037878789;0.9413452431818182;0.941367725;0.9666652674242424;0.9428409310606061;0.9407448833333333;0.9686149015151515;0.9570049613636364;0.9401536151515151;0.9611301712121212;0.9419550810606061;0.9504184121212121;75.18796992481202
43;1;0.948575392181257;80;0.9326206920289856;0.9620333744525548;0.9519189218978102;0.9405325547445256;0.9448671211678832;0.9573770795620439;0.9548657751824817;0.9345313145985401;0.9582456043795621;0.9458817182481752;0.9486705313868614;0.9516042839416058;0.9560452072992701;0.9450414846715328;0.944108009489051;0.9634044262773723;0.9432460737226277;0.9418602321167884;0.9650541569343066;0.9349946262773723;72.46376811594202
44;1;0.948575990420356;80;0.9504848037593985;0.953117587878788;0.9547000303030303;0.9353713628787879;0.9635156371212121;0.9408348848484849;0.9476566810606061;0.9529341681818182;0.9513637242424243;0.9382261636363636;0.9446902242424242;0.9662531424242424;0.9426853030303031;0.9432142696969696;0.9642711106060606;0.9373398704545455;0.9420622522727272;0.9634323795454546;0.9464620333333333;0.9433590106060605;75.18796992481202
45;1;0.948576588659455;80;0.9471160712121212;0.9579417328244275;0.9445872;0.950205013740458;0.9553527709923665;0.9359431503816794;0.9546736541984733;0.9525907099236641;0.9382722977099236;0.949926603816794;0.9546545366412214;0.9442102740458015;0.9482315717557253;0.9588327274809161;0.9403247351145039;0.9496286290076337;0.9432900503816793;0.9592634404580153;0.9407638503816794;0.9573479572519084;75.75757575757576
46;1;0.9485771868985539;80;0.9418678965277778;0.9705879153846154;0.9394403041958043;0.9432901496503496;0.9577212153846153;0.9444696839160839;0.9552688258741259;0.9385556993006993;0.9557359097902098;0.9590571069930071;0.9497314496503496;0.9642924118881119;0.9364967314685314;0.9487430034965035;0.9544734811188811;0.9443736370629371;0.9540809167832168;0.9410655783216784;0.9574956391608392;0.955152686013986;69.44444444444444
47;1;0.948577785137653;80;0.9596271760416667;0.9348459452631579;0.9780933757894738;0.9436236336842105;0.9464218431578948;0.9445187326315789;0.9632411399999999;0.9366802726315789;0.9439834884210526;0.9480800536842106;0.9447703347368421;0.9654068347368421;0.9300959136842105;0.9565068326315789;0.9297866463157894;0.9859810463157894;0.9231013484210526;0.9648257494736842;0.9392657431578947;0.9624514000000001;104.16666666666666
48;1;0.948578383376752;80;0.9536297097826086;0.9545001967032967;0.9454527758241758;0.9326564230769231;0.9891902703296703;0.9091649802197802;0.9828639208791209;0.9303854747252748;0.948858134065934;0.9670185824175824;0.9270856274725275;0.9555473945054945;0.9674022604395605;0.9255165274725276;0.9726499582417582;0.9266636626373627;0.9716563615384615;0.927813221978022;0.9603979153846154;0.9347243417582418;108.69565217391305
49;1;0.9485789816158511;80;0.9475804877192983;0.9331165089285713;0.9465454607142858;0.9353913285714286;0.9435175196428571;0.9827703571428572;0.9628166035714285;0.9159890107142856;0.9551918089285715;0.9676225178571428;0.9305428589285714;0.9353929000000001;0.9838920089285715;0.9665426607142857;0.9078464660714285;0.9415393589285714;0.961026125;0.9316353625;0.9371885571428572;0.9314933035714286;175.43859649122805
50;1;0.94857957985495;80;0.9634831070588236;0.9269425738095238;0.9600100214285714;0.9360009904761906;0.96579785;0.9499140583333333;0.9316618035714286;0.9480966678571429;0.9516514857142857;0.9687676773809524;0.9298339833333333;0.9580604630952381;0.9481917738095238;0.9306259535714285;0.9462456809523809;0.9606230916666666;0.9542045345238095;0.9385968297619048;0.9617048583333333;0.9284335154761905;117.6470588235294
51;1;0.9485801780940489;80;0.967201096875;0.9469855642105263;0.9508551663157895;0.9402774221052632;0.9672909294736842;0.93961238;0.9604059810526316;0.9266953736842105;0.9735846168421053;0.9343190421052632;0.9757999515789473;0.9335319568421052;0.9554703631578948;0.9480151663157894;0.9531225115789473;0.9413545463157895;0.9494032042105264;0.9421544010526316;0.9656176810526316;0.9387037421052631;104.16666666666666
52;1;0.948580776333148;80;0.9612077716666667;0.9647279983050847;0.9963237389830509;0.9282148813559321;0.9157687474576272;0.9790731084745763;0.9614042322033898;0.9115307779661017;0.9491728084745763;0.9936647254237289;0.9306675898305085;0.9257250033898304;0.9480657661016949;0.9516342610169491;0.9697133711864407;0.9601952050847458;0.934335420338983;0.9684769694915254;0.9488060016949152;0.931299172881356;166.66666666666666
53;1;0.9485813745722468;80;0.9368433039215686;0.951334994;0.9242000699999999;0.94646969;0.9619524740000001;0.948063934;0.937362618;0.9639977160000001;0.9599319359999999;0.928649172;0.94469811;0.95960695;0.937493696;0.928148314;0.959854;0.993847066;0.9509267600000001;0.911996064;0.945086088;0.966231172;196.078431372549
54;1;0.948581972811346;80;0.9495215322580645;0.9736726590163934;0.9557744081967213;0.9257933475409835;0.9436471934426229;0.9456853360655737;0.9654744344262295;0.928760724590164;0.9518177590163934;0.947507431147541;0.9303667770491802;0.972668149180328;0.9765232049180328;0.9231794786885246;0.939811581967213;0.9738776983606557;0.9326175885245901;0.9367303;0.9782995786885246;0.945760962295082;161.29032258064515
55;1;0.948582571050445;80;0.9424103707865169;0.9451544988636364;0.9889224636363636;0.9207836965909091;0.9539532920454545;0.9504380875;0.9553351522727273;0.945583915909091;0.9371611181818182;0.9317563125;0.9533224659090909;0.9510525965909091;0.9418605534090909;0.9616885602272727;0.932776421590909;0.9557543329545455;0.9391592818181818;0.9786786806818182;0.9193438238636363;0.9656256852272728;112.35955056179776
56;1;0.9485831692895439;80;0.9636800556701031;0.9290233947916666;0.95373261875;0.9463267020833334;0.9691755760416667;0.9203851604166666;0.9787473260416666;0.9289918510416667;0.9622771;0.9353883489583333;0.9654598697916666;0.9592328750000001;0.9354980770833333;0.9539981697916667;0.9515137437500001;0.9524887041666666;0.933612996875;0.9604672489583334;0.94011268125;0.96673634375;103.09278350515464
57;1;0.948583767528643;80;0.9551800166666666;0.95838414;0.9356388452631579;0.96627678;0.915334872631579;0.9909250673684211;0.9232889747368421;0.9626133263157894;0.9397653589473685;0.9560671968421053;0.9537614336842105;0.9668128031578948;0.9433187757894737;0.9497940905263158;0.94980838;0.9454411968421053;0.9605532547368422;0.9356496884210527;0.9397563084210526;0.9669760031578948;104.16666666666666
58;1;0.948584365767742;80;0.960183333898305;0.9737985310344828;0.9418843672413793;0.9259362534482759;0.9595757327586206;0.9443492672413794;0.9315161948275862;0.9793466068965517;0.9710994086206897;0.9209636431034484;0.9385695103448276;0.9640160396551725;0.9494021844827586;0.9432608379310344;0.9650408275862069;0.942487248275862;0.9316613310344828;0.9591347155172414;0.9589991172413793;0.9588256965517241;169.49152542372883
59;2;0.9595777235329936;80;0.95276355;0.95760844;0.9627322685714286;0.9593541828571429;0.9616186342857143;0.9502448314285714;0.96364176;0.96499274;0.9600460828571429;0.9626685485714286;0.9590039714285714;0.9611378514285714;0.9495882857142858;0.96349962;0.9615103685714286;0.9579783114285715;0.9635894057142858;0.9535792228571428;0.9555694514285714;0.9520382542857143;44.80286738351255
60;2;0.9595712113683125;80;0.9578928351351351;0.9564661888888889;0.9568515805555555;0.9587337388888889;0.9583831194444444;0.9623442944444445;0.9546190111111111;0.9572591916666666;0.9518561305555555;0.9627940527777777;0.9646033166666667;0.9533986361111111;0.9627989583333333;0.957595025;0.9587014194444444;0.9629268583333334;0.9572113111111111;0.9587637416666667;0.9525394972222222;0.9620931444444445;43.59197907585005
61;2;0.9595646992036317;80;0.9534536583333333;0.9635209228571429;0.9514578285714286;0.9628953028571429;0.9587618285714286;0.9618326742857143;0.9629120285714285;0.9536071742857143;0.9596714085714285;0.9490455342857143;0.9623510085714285;0.9619014771428571;0.9560929457142857;0.9668809914285714;0.9572431742857143;0.9548742685714285;0.9501453714285715;0.9636310371428571;0.9636194571428571;0.9556427485714286;44.80286738351255
62;2;0.9595581870389507;80;0.9444746861111111;0.9673080285714286;0.9605692971428571;0.9550130114285714;0.9646768085714286;0.9543285028571429;0.9559557028571428;0.9554260857142857;0.9628496342857142;0.9627871285714286;0.9568734028571428;0.9628652857142858;0.95443678;0.9544804657142857;0.9568649857142857;0.9631944657142857;0.9660391028571429;0.9565126857142857;0.9647989428571428;0.9578579228571429;44.80286738351255
63;2;0.9595516748742697;80;0.9470071;0.9598398828571428;0.9518842114285714;0.9606742314285714;0.9623913914285714;0.9603630942857143;0.9629659685714286;0.9533819828571428;0.9559974285714286;0.9539851285714286;0.9622609828571429;0.9640692028571428;0.9552448628571428;0.9647858057142857;0.9536161457142858;0.9557074771428571;0.9598577228571429;0.9627966942857142;0.9631107457142857;0.9496767885714286;44.80286738351255
64;2;0.9595451627095888;80;0.9585388444444445;0.9524610428571428;0.9628976771428571;0.95790788;0.9585029028571429;0.9650558971428571;0.9515920085714286;0.9570253542857143;0.9511566971428571;0.9631060171428572;0.9644003142857143;0.9567311485714286;0.9622957285714285;0.9563332571428571;0.9540720485714286;0.9522277828571428;0.9629826457142857;0.9636165257142857;0.9554568971428571;0.9642032457142857;44.80286738351255
65;2;0.9595386505449078;80;0.9602144833333334;0.9538013571428572;0.9605252714285715;0.9488056914285714;0.9652570828571428;0.9620681685714286;0.9574519885714285;0.9672207885714286;0.9549604685714286;0.9548505914285714;0.9483563885714286;0.9639945342857142;0.9600984771428571;0.9597502457142857;0.96657078;0.9539121114285715;0.9574543542857142;0.95466394;0.9656854571428571;0.9630936571428571;44.80286738351255
66;2;0.9595321383802268;80;0.9605643028571429;0.9647351176470588;0.9577184705882353;0.9606768205882353;0.9523278735294117;0.9677168147058823;0.9482655470588235;0.9643418029411764;0.9608037558823529;0.9551517647058824;0.9575642147058824;0.9634022264705883;0.9619769323529411;0.9536741882352942;0.9644785294117647;0.9533227735294117;0.9541864441176471;0.9584026323529412;0.9648734088235295;0.9635137970588236;46.08294930875576
67;2;0.959525626215546;80;0.9669766184210526;0.9625504648648648;0.949380581081081;0.9611786351351351;0.9607680405405405;0.9589451702702703;0.9652327432432433;0.9539904081081081;0.9550033405405406;0.9567749783783783;0.9617239837837838;0.9616464567567568;0.9489105621621622;0.9623698675675676;0.9641626216216216;0.957102781081081;0.9623913621621621;0.9551025621621622;0.9592511594594595;0.9660200837837838;42.444821731748725
68;2;0.959519114050865;80;0.9598516972222222;0.9664271257142857;0.9490210971428571;0.9662628742857143;0.95529902;0.9543396285714285;0.9616805628571429;0.95812056;0.9601079114285714;0.9569463828571428;0.9642840485714286;0.9579631085714285;0.9605995057142858;0.9623183;0.9578972628571428;0.9640823857142857;0.9533249742857143;0.9590913828571429;0.9601959428571428;0.9582557657142857;44.80286738351255
69;2;0.959512601886184;80;0.9554565918918919;0.9499603611111112;0.9629730527777778;0.9617908333333334;0.9573049;0.9651720138888888;0.9543608277777778;0.9544762638888888;0.9597942305555556;0.9616609055555556;0.9598732;0.9511217694444445;0.96381555;0.9591949944444444;0.9609051277777778;0.9668990944444444;0.9543061527777777;0.9577474166666666;0.95248295;0.9631064472222223;43.59197907585005
70;2;0.9595060897215031;80;0.9474747305555555;0.9625449114285715;0.9570432571428571;0.9618262142857142;0.9643525257142858;0.9542745657142857;0.9651079914285714;0.9584228285714286;0.9586477228571428;0.9612606285714286;0.9577930085714286;0.9606489371428572;0.9491976971428572;0.9624213914285714;0.9613320857142857;0.9566091142857143;0.9667348285714286;0.95506912;0.9578284857142857;0.9537408542857143;44.80286738351255
71;2;0.9594995775568221;80;0.9558158;0.9626969485714286;0.9524564742857143;0.9629752771428571;0.9563573942857143;0.9592540028571429;0.9522125228571429;0.96553272;0.9633933942857142;0.9600061114285714;0.96661436;0.9549606771428572;0.9561176142857143;0.9523932171428572;0.96287406;0.9628213257142857;0.9574108742857143;0.9642224885714286;0.9541544314285715;0.9545469171428571;44.80286738351255
72;2;0.9594930653921411;80;0.945360425;0.9644250228571428;0.960126;0.95773288;0.9625316;0.9572525628571429;0.9588293771428571;0.9482349228571428;0.9653675571428572;0.9588302457142857;0.95965956;0.9668737714285714;0.9541206171428571;0.95704474;0.9499291571428572;0.9638010371428571;0.9629214771428571;0.9576982914285714;0.9665174771428572;0.9536860628571429;44.80286738351255
73;2;0.9594865532274603;80;0.9499048428571428;0.9646762323529412;0.9548778411764706;0.9574772382352941;0.9519452411764706;0.9640723176470588;0.9644399323529412;0.9581520323529412;0.9640508058823529;0.9564171411764706;0.9566566617647059;0.9523629647058823;0.9649954970588235;0.9590021411764705;0.9593351058823529;0.9620766882352941;0.9555401;0.9613272529411765;0.9547137205882353;0.9637458705882354;46.08294930875576
74;2;0.9594800410627792;80;0.9592041638888888;0.9531054485714285;0.9613210657142857;0.9544052285714286;0.9626212171428572;0.9618986628571429;0.95906624;0.96547764;0.95365954;0.9576357428571428;0.9514316171428572;0.9613739742857143;0.9626703457142857;0.9585759971428571;0.9643190142857143;0.9544120285714286;0.9568370028571429;0.9523232085714286;0.9630607828571428;0.9649956171428571;44.80286738351255
75;2;0.9594735288980984;80;0.9564339833333333;0.9621092885714285;0.9635224628571428;0.9538026371428572;0.9637562685714286;0.9563473114285714;0.9553203828571428;0.9597217257142857;0.9617797771428571;0.9594410657142857;0.94983734;0.96249516;0.9581412857142857;0.9572112114285715;0.9648734571428571;0.9565869371428571;0.95926908;0.9508814457142857;0.96330194;0.9606449628571428;44.80286738351255
76;2;0.9594670167334175;80;0.9479325527777778;0.9631328542857143;0.9559653;0.9589791514285715;0.9632561457142857;0.9589887457142857;0.9589175914285715;0.94695754;0.9647795257142857;0.9602114971428571;0.9575088514285715;0.96641478;0.9554375371428572;0.9580335628571428;0.9487791857142858;0.9661039828571428;0.9631315142857143;0.9588049685714286;0.96726992;0.9538868342857143;44.80286738351255
77;2;0.9594605045687364;80;0.9594279666666666;0.9530161542857143;0.9627032085714285;0.9603774457142857;0.95892346;0.96208686;0.9580658485714285;0.9548944942857143;0.9482895485714286;0.9640838628571429;0.9615610942857142;0.9571502457142858;0.9663206171428571;0.9568505542857143;0.9541995628571428;0.9572549485714286;0.9633577742857142;0.9623640028571429;0.9564251828571428;0.9633126971428572;44.80286738351255
78;2;0.9594539924040556;80;0.9588717888888889;0.9633624771428572;0.9533412257142857;0.9620035085714286;0.9527202057142857;0.9616045342857142;0.9642494114285715;0.9553015771428571;0.9641980971428572;0.9554914371428571;0.9558207228571428;0.9558774914285715;0.96165904;0.9663906571428571;0.9535646228571428;0.9634674028571428;0.9569016828571428;0.9569203000000001;0.95760676;0.9613291485714286;44.80286738351255
79;2;0.9594474802393745;80;0.9461160333333334;0.9647340828571429;0.9610841228571428;0.9597382171428571;0.9654264114285714;0.95580306;0.9576926;0.9586070657142857;0.9621359314285715;0.9663269428571428;0.9525260285714285;0.9620774057142857;0.9569204457142857;0.9551118228571428;0.9596337514285714;0.9611292857142857;0.9642203057142857;0.9534080685714286;0.9636081457142857;0.9576194571428571;44.80286738351255
80;2;0.9594409680746936;80;0.955132672972973;0.9630044361111111;0.9637454277777778;0.9529427500000001;0.9588861194444445;0.9556729166666666;0.9607183611111111;0.9669891138888889;0.9520246333333333;0.9623535638888889;0.9575177305555556;0.9571988194444444;0.9650138416666667;0.9565887666666667;0.9583361583333333;0.9517196361111111;0.9652356055555555;0.9635056138888889;0.9580095277777778;0.9649883166666666;43.59197907585005
81;2;0.9594344559100125;80;0.9649996685714286;0.9497529617647059;0.9629054441176471;0.959788905882353;0.9548134264705882;0.9619865088235294;0.9594096117647058;0.9584335735294117;0.9538597235294117;0.96057295;0.9533738588235294;0.9551561588235294;0.9591414470588235;0.9623412529411765;0.9665758058823529;0.9592079029411764;0.9658278411764706;0.9564295205882353;0.9558264294117647;0.952987555882353;46.08294930875576
82;2;0.9594279437453318;80;0.9604193324324324;0.9536667222222223;0.9614631916666667;0.9641764611111111;0.9555069;0.9643581694444444;0.95778405;0.9567681555555556;0.9601446305555555;0.9592857777777778;0.9586677805555556;0.9495207361111111;0.9617081611111111;0.9608451416666667;0.9578544388888889;0.9639887138888888;0.9527373583333333;0.9551316305555556;0.9608044583333333;0.9615771;43.59197907585005
83;2;0.9594214315806506;80;0.9588752567567568;0.9618267111111111;0.9550918694444445;0.9645767138888889;0.9555297944444444;0.9570489333333333;0.9564144611111112;0.9634104305555555;0.9641485722222222;0.9538726666666667;0.9635184833333333;0.9573051638888889;0.9573792388888889;0.9634888;0.9560271972222222;0.9579420472222222;0.9507725361111111;0.9623936722222223;0.9642101166666667;0.9575653694444445;43.59197907585005
84;2;0.9594149194159699;80;0.9515964648648648;0.9634394361111112;0.9577396888888888;0.9564265944444444;0.962809025;0.9544108944444445;0.9583024472222222;0.9514500472222223;0.9631161638888889;0.9633508083333333;0.9549232416666666;0.9652370833333334;0.9562792583333334;0.9563670055555555;0.9643423527777778;0.9590455666666666;0.9595534694444444;0.9501298027777778;0.9641069722222222;0.9614281527777778;43.59197907585005
85;2;0.9594084072512888;80;0.9618270216216216;0.9602316111111111;0.9585843472222222;0.962612225;0.9544646166666667;0.9567667611111111;0.9550527055555555;0.9623862944444445;0.963817475;0.95189365;0.9626311666666667;0.9582734083333333;0.9595694305555555;0.9634821333333333;0.9554447694444445;0.9586648083333333;0.9549146166666667;0.9616901083333333;0.9646350388888889;0.9539225138888889;43.59197907585005
86;2;0.9594018950866079;80;0.9542446777777778;0.9633956942857143;0.9607416885714286;0.9551153457142857;0.9631170714285714;0.9537709771428572;0.9577721914285714;0.9585078914285714;0.9573912571428571;0.9623314485714286;0.9513269685714285;0.9629124571428571;0.9575366257142857;0.9591900257142857;0.9647891914285714;0.9595638;0.96495296;0.9483399542857143;0.96456842;0.9600917857142857;44.80286738351255
87;2;0.9593953829219269;80;0.9545483638888889;0.9629478771428571;0.9549915285714285;0.9567315828571429;0.9520058171428571;0.96171186;0.9617262485714285;0.9595131314285714;0.9661233371428571;0.9552452228571429;0.9567908371428572;0.9537991971428571;0.9635039257142857;0.96286352;0.9559110685714286;0.9618492714285715;0.9549206371428571;0.9545365485714286;0.9582125371428571;0.96270928;44.80286738351255
88;3;0.9691125300427142;80;0.9637945051282051;0.9750750441558442;0.9400267311688312;1.0013194194805195;0.9786682402597403;0.9474602792207792;0.9797604415584416;0.9608277441558442;0.9826114428571429;0.9746693324675325;0.9497280038961039;0.9732932792207792;0.9636892142857143;0.9695682428571429;0.9827489246753247;0.9599688636363637;0.9569407636363636;0.9841339389610391;0.9425541662337662;1.0077549844155844;128.2051282051282
89;3;0.9691139607805895;80;0.9447068196721312;0.96112062;0.9603544716666667;0.9990065983333334;0.9888711649999998;0.941437285;0.9625469116666666;0.9939829033333333;0.9533277466666666;0.9594267866666667;1.01425591;0.958918655;0.9297155566666666;0.9790172066666666;0.9768148;0.9598548166666667;0.9840775466666667;0.9659779116666667;0.97555988;0.9609998566666667;163.93442622950818
90;3;0.969115391518465;80;0.9479846025974026;0.9455811671052632;1.0070539013157895;0.9564879986842105;0.9528222763157894;0.9699891302631579;0.9755009710526316;0.997167697368421;0.9511979657894737;0.9687106342105264;0.9695557421052632;0.9656196723684211;0.9949628947368422;0.9750375684210526;0.9413484342105263;0.9791442052631579;0.9737885197368421;0.9604209592105264;0.9843745131578947;0.9566616460526316;129.87012987012986
91;3;0.9691168222563404;80;0.9864101499999999;0.9771028183673468;0.9710497387755102;0.9563126714285715;0.9719538857142856;0.9920162367346937;0.9807786387755102;0.9428295877551021;0.9621112306122449;0.999496881632653;0.9739779489795919;0.9373779183673469;0.9654246632653062;1.0079375061224491;0.9793220877551021;0.9392529897959184;0.9591541673469387;0.9714321489795918;0.9665635142857143;0.9736009;200.0
92;3;0.9691182529942158;80;0.9155457317647058;1.0060712142857142;0.9817374583333334;0.9475481214285714;0.9791238428571429;0.9645757238095238;0.9933433095238097;0.9375088773809523;0.9761733595238095;0.9885878785714285;0.9390198178571428;1.0010792916666666;0.9477846642857143;0.9814759809523811;0.9754133952380952;0.9488218428571429;0.9606855857142858;0.9982813666666666;0.9700508916666667;0.9463080452380953;117.6470588235294
93;3;0.9691196837320912;80;0.9166256588235294;0.9149592440000001;0.9946596079999999;1.019052798;0.950313276;0.942580556;0.978927632;0.956775942;0.942396644;1.0073207180000001;1.0281818440000001;0.948805612;0.9171190180000001;0.97331732;1.0104042880000002;0.965137856;0.9336061600000001;0.9837739120000001;1.015377238;0.9484364959999999;196.078431372549
94;3;0.9691211144699667;80;0.957368412;0.983847857142857;0.9660753346938776;0.957723993877551;0.9901643918367347;0.9833245836734694;0.9502485102040816;0.956215193877551;0.9615526897959183;0.9582307326530611;0.9765922918367348;0.9983223489795918;0.9964351163265306;0.9518260367346939;0.9370620897959183;0.9764699612244897;0.9892605938775509;0.9731069795918368;0.9566802306122449;0.971269463265306;200.0
95;3;0.9691225452078421;80;1.0027040822222222;0.9502966404494382;0.978640579775281;0.9688320651685393;0.9661937337078651;0.9720573078651685;0.9685768764044944;0.9671333988764045;0.965457384269663;0.9629156876404494;0.985739115730337;0.9698046730337079;0.9505396449438203;0.9831722786516853;0.9655632348314607;0.9818174112359551;0.9604671471910112;0.9748366146067415;0.9658665853932584;0.9833282033707864;111.1111111111111
96;3;0.9691239759457176;80;0.9521602699999999;0.9857427544303796;0.978156806329114;0.9388743721518987;0.9889788075949366;0.9746079810126582;0.9260699797468355;1.0236694594936708;0.960762453164557;0.9418664329113924;1.0080872772151899;0.9464572367088608;0.9668076126582278;0.9719294835443039;0.9803928544303798;0.9704758810126582;0.9585160810126583;0.9795738544303798;0.9741910670886076;0.9664655367088607;125.0
